"[ 41  68  60  70  60  72  71  57  65  63  63  68  75  80  82  81  73  83
  96 107 112 116 118 120 124 117 110 110 109 101  85  70  67  63  60  63
  69  71  65  59  41  40  22  16  27  21  13  25  55  49  44  43  46  44
  36  28  32  47  49  48  36  39  63  57]","[ 70 104 100 110 101 118 125 121 122 121 122 125 129 133 135 135 137 145
 159 173 189 205 220 227 239 243 249 249 249 241 227 217 199 183 159 139
 128 123 120 119  97  92  77  59  38  19  26  53  85  79  72  68  66  64
  61  58  51  56  51  58  62  77 100  89]","[ 49  93  91  96  83  93  96  95  95  97 101 104 107 112 116 120 115 116
 118 120 123 128 135 140 162 173 191 208 223 238 250 253 246 246 244 234
 211 178 147 127 119  97  87  86  78  72  80  88  73  69  61  55  52  52
  54  56  61  61  56  73  91 110 124 102]","[ 62 115 113 114 100 101  91  87  88  91  94  95  94  95  99 103 105 107
 110 112 113 113 113 113 108 113 121 129 140 156 174 187 218 228 241 250
 253 251 249 248 218 178 142 112  85  88  97  87  65  60  54  51  53  57
  61  62  60  68  74  97 111 120 122  92]","[ 62 119 113 114 110 114 101  98  97  98  97  92  86  82  82  84  82  83
  87  92  97 100 102 103 104 104 106 108 109 107 105 102 119 126 137 150
 168 190 214 230 237 253 253 223 145 101  78  49  68  63  60  62  69  75
  76  74  73  90 102 120 121 119 119  91]","[ 66 127 115 112 113 122 112 115 113 112 110 107 102 100  99  99  88  83
  76  72  71  72  73  74  81  79  79  86  97 105 108 107  94 100 107 111
 112 112 113 115 140 173 186 141  79  57  63  63  60  59  60  64  70  74
  76  76  95 110 117 126 120 116 122 101]","[ 68 139 131 123 122 124 111 117 110 108 105 104 103 103 102 100 103  98
  92  89  90  91  91  91  71  65  59  60  68  78  84  86  97  94  90  86
  83  85  89  92  73  91  95  85  74  63  56  60  60  66  73  76  77  81
  90  98 116 122 119 124 120 119 125 102]","[ 93 177 178 173 168 163 144 150 132 127 120 116 113 110 104 100 102 100
  99 100 100  97  91  85  85  84  83  81  77  70  62  57  57  58  60  64
  68  71  73  75  73  68  54  56  67  51  38  53  57  70  82  84  81  87
 104 120 130 130 121 127 128 128 127  97]","[ 78 169 160 160 163 168 169 174 170 169 165 160 153 145 138 134 117 113
 108 104 102  99  97  94  91  89  86  84  84  84  82  80  72  69  62  53
  46  42  42  43  40  38  39  43  45  48  56  66  74  73  73  79  96 115
 123 122 128 134 127 129 125 128 132 103]","[ 88 180 171 168 165 163 158 158 154 156 161 165 169 171 172 172 166 164
 160 155 148 139 129 122 109 105  99  94  89  85  80  77  83  80  73  66
  59  55  54  54  41  33  29  33  40  48  57  66  74  81  91 104 121 135
 138 134 131 137 130 131 128 130 134 105]","[ 91 188 184 183 181 179 171 169 166 166 165 163 160 156 153 150 158 158
 160 164 167 168 166 164 163 156 144 131 117 104  92  85  92  88  80  72
  64  57  53  51  43  33  27  32  43  54  64  71  78  94 114 130 142 148
 144 137 136 141 133 134 132 134 137 107]","[ 93 194 194 195 195 196 191 188 182 181 180 178 174 171 168 166 166 161
 155 151 152 154 156 157 162 159 154 150 145 140 134 130 108 103  94  84
  74  64  56  50  43  36  31  36  45  56  69  80 101 119 139 151 155 153
 145 137 140 144 135 136 134 137 138 107]","[ 98 199 199 195 194 196 192 188 192 192 192 192 191 190 189 188 192 185
 176 169 165 163 162 161 151 149 148 146 146 143 139 136 131 126 118 109
 100  90  79  72  55  48  40  37  40  54  78 100 136 150 163 167 165 161
 155 149 144 146 137 138 137 139 140 107]","[ 97 200 201 196 194 199 197 194 200 199 197 194 191 189 187 186 190 190
 190 191 191 189 185 182 177 174 168 162 155 146 138 132 141 137 132 128
 123 114 103  95  88  77  63  52  51  68 101 130 157 166 173 173 170 168
 165 161 148 150 139 140 139 142 141 108]","[ 93 201 204 201 200 208 207 203 198 199 199 201 203 205 206 207 199 198
 198 197 195 190 183 178 185 184 183 182 180 177 172 168 152 149 146 145
 143 136 125 116 119 108  94  85  85  99 125 148 163 169 174 173 172 171
 168 163 153 154 142 143 143 145 144 110]","[ 94 204 208 204 202 207 203 198 205 204 202 200 199 198 197 197 201 198
 195 195 195 196 196 195 192 191 189 187 185 181 175 171 173 170 168 167
 165 158 146 136 128 120 113 112 114 121 134 146 166 172 177 177 176 175
 169 162 156 156 145 146 146 148 146 112]","[ 97 206 205 201 205 205 200 207 204 200 201 207 206 201 200 206 201 198
 199 201 200 195 196 201 195 195 193 192 190 188 187 186 178 176 174 172
 169 165 158 154 148 136 125 123 126 131 138 146 165 169 174 176 176 173
 172 171 165 161 154 154 144 147 151 113]","[ 97 205 205 201 205 205 200 206 202 206 202 180 153 146 168 194 201 201
 200 200 200 200 198 197 196 195 194 193 191 189 188 187 184 182 179 177
 174 170 165 161 150 137 124 122 127 136 149 160 165 169 174 177 176 174
 172 172 169 165 158 158 148 150 153 115]","[ 97 205 205 201 204 205 200 206 202 209 196 154 110 103 133 166 194 201
 204 200 199 203 201 194 197 197 196 194 192 191 190 189 189 186 182 180
 178 175 172 169 160 148 136 133 135 142 152 162 167 170 175 177 176 174
 173 173 174 170 163 164 153 154 156 117]","[ 96 205 204 201 204 204 199 206 203 205 188 146 108  98 114 131 177 196
 207 201 197 202 202 195 198 198 197 195 194 193 192 191 189 186 182 179
 178 176 174 172 160 152 144 142 143 145 151 159 168 172 176 178 177 175
 175 175 177 174 168 169 157 157 158 119]","[ 96 204 204 200 204 204 199 205 201 202 189 155 119 101 103 110 152 182
 205 202 195 198 201 199 198 198 197 196 195 194 193 193 191 187 183 181
 179 177 175 173 160 152 145 142 143 146 155 165 170 173 177 178 177 176
 176 177 178 176 171 173 161 160 160 120]","[ 96 204 204 200 203 204 199 205 197 202 197 169 125  93  91 104 127 160
 192 201 196 196 199 201 198 198 197 196 195 194 194 193 193 190 187 184
 183 180 176 173 178 167 154 146 143 147 159 171 172 175 178 179 178 177
 178 178 178 177 173 176 165 163 163 122]","[ 95 204 203 199 203 203 198 205 198 200 202 186 143  98  87  98 109 137
 174 196 201 198 198 200 197 197 196 196 195 194 194 193 194 192 189 187
 185 181 175 172 173 165 157 151 147 149 158 169 173 176 178 179 178 178
 179 180 179 178 175 179 168 167 166 125]","[ 95 203 203 199 203 203 198 205 203 197 199 198 166 116  89  90 100 122
 160 192 205 201 197 198 197 196 196 195 195 194 194 193 192 191 189 187
 184 179 173 168 135 136 141 148 151 152 158 166 174 176 179 179 179 178
 179 181 179 179 177 181 171 170 169 127]","[ 97 200 201 200 198 201 199 198 199 196 199 199 176 136 105  95  98 105
 144 185 196 200 201 193 194 189 198 203 195 191 193 190 204 192 187 191
 187 199 129  94  73  74  84 117 149 155 157 172 172 178 180 179 178 181
 183 181 180 180 178 184 177 177 175 132]","[ 97 200 201 200 198 201 199 198 200 197 198 200 186 154 117  93  91 102
 119 157 196 200 191 197 196 198 202 194 182 189 202 201 140 126 129 155
 172 184 112  71  74  79  83  98 125 146 158 169 172 178 180 178 178 181
 182 181 179 179 178 185 178 179 177 134]","[ 97 200 201 200 198 201 199 198 200 198 197 199 198 177 135  98  90 100
  95 123 183 199 187 198 191 192 193 190 195 205 185 143  95  76  74  98
 119 133  96  79  77  84  82  79  98 133 159 166 172 177 180 178 178 181
 182 181 179 179 179 186 180 180 178 135]","[ 97 200 201 200 198 201 199 198 198 199 198 197 202 193 155 114  96  97
  88 101 149 190 197 194 201 201 197 190 196 200 157  89  85  72  68  74
  73  76  81 100  83  86  84  78  88 124 157 165 172 177 180 178 177 180
 182 180 180 180 179 186 179 179 176 133]","[ 97 200 201 200 198 201 199 198 195 200 198 194 198 197 172 139 102  88
  90  90 104 169 212 190 200 193 172 138 120 127 113  75  78  80  86  86
  72  53  72  96  90  84  88  91  94 122 155 164 171 177 179 177 177 180
 181 180 182 181 179 184 176 175 173 130]","[ 97 200 201 200 198 201 199 198 194 200 198 193 195 197 184 164 109  81
  87  82  72 139 206 193 193 160 118  80  66  78  82  64  80  83  85  84
  79  55  78  91  92  83  92  99  98 125 158 160 171 176 179 177 177 180
 181 179 182 179 175 179 171 171 171 129]","[ 97 201 201 200 198 201 199 198 197 198 196 194 197 199 192 181 126  90
  81  77  65 107 174 199 192 142  99  84  86  93  89  73  81  86  82  75
  76  54  87  93  88  84  95  94  92 131 165 153 171 176 179 177 176 179
 181 179 178 175 169 173 166 169 171 131]","[ 97 200 201 200 198 201 199 198 199 196 194 196 200 201 195 188 144 104
  77  75  72  87 144 204 171 128 101  97  91  85  88  90  70  88  94  83
  79  49  85  88  83  86  95  84  82 134 171 146 170 176 178 176 176 179
 181 179 174 171 165 169 163 168 173 134]","[ 94 203 206 199 194 200 200 197 196 196 196 196 195 193 192 191 175 133
  94  87  82  74 109 173 185 119 117 109  86  97  98  95  68  77  91  87
  66  61  75  83  84  79  91  71  91 155 163 152 162 171 178 178 177 177
 177 174 168 167 164 171 166 170 172 133]","[ 91 199 202 195 191 197 196 194 195 195 195 195 194 193 192 191 184 150
 111  95  86  73  87 124 143 127 136 118  95  95  84  84  67  68  76  72
  54  52  64  69  75  72  82  74  90 151 177 162 163 174 181 178 172 169
 168 166 167 166 163 170 165 169 171 131]","[ 95 201 203 197 194 199 198 196 195 195 195 195 194 193 192 191 193 171
 130  98  86  75  72  81  87 117 145 124 100  96  87  91  78  74  75  70
  55  56  65  66  71  72  75  76  79 128 177 159 167 177 184 179 171 167
 166 165 167 166 163 169 164 168 170 130]","[ 96 199 199 195 192 196 195 194 193 193 193 193 192 191 190 189 192 183
 143  98  83  84  79  75  65  96 138 133 100  94 103 103  92  87  89  83
  68  67  75  75  70  77  76  83  72 109 178 168 168 174 176 171 167 168
 167 165 167 166 163 169 164 168 170 129]","[ 87 187 185 182 181 183 182 182 186 186 186 186 185 184 183 182 179 186
 156 109  92  95  92  86  80  80 124 147 108  94 114 103  93  92  97  92
  74  72  80  81  70  83  85  92  80 107 179 187 169 168 165 161 162 166
 165 161 168 167 163 170 164 168 169 129]","[ 83 180 176 176 175 176 174 176 178 178 179 178 177 176 175 174 168 183
 168 130 110 103  95  90  83  67  97 144 127 107 120 105  92  91  97  93
  77  76  84  86  79  92  95  95  87 101 147 169 168 169 166 162 164 167
 166 161 167 166 162 168 163 166 167 127]","[ 87 182 177 178 177 178 176 178 176 177 177 176 175 174 173 172 169 182
 171 144 123 105  91  88  73  68  63 110 137 115 110 109  93  88  90  88
  79  82  90  89  91  97 100  91  96  99 101 130 153 162 169 168 165 165
 165 163 165 163 160 166 160 163 164 124]","[ 89 183 178 179 179 179 176 179 179 179 179 179 178 177 176 175 177 181
 168 145 126 103  88  90  72  84  43  72 133 109  88 104  94  82  79  79
  76  84  92  88  93  95 100  90 109 109  82 113 128 147 164 165 160 157
 160 162 163 161 158 163 157 160 162 121]","[ 85 181 177 176 175 176 175 177 178 178 178 178 178 178 178 179 171 177
 171 150 130 116  99  82  78  63  61  38  95 119  97  82  82  84  86  86
  85  83  82  82  89  88  88  90  93  97 101 104  96 109 124 148 170 168
 158 160 156 161 154 157 155 155 154 120]","[ 85 181 177 176 175 176 175 177 177 177 177 177 178 178 178 178 174 179
 172 148 124 106  89  74  71  63  57  49  80 121  98  83  77  70  63  63
  69  77  80  81  83  84  86  90  93  97 100 102  99 103 104 118 145 158
 157 159 155 160 153 155 153 154 152 119]","[ 85 181 177 176 175 176 175 177 177 177 177 177 176 176 176 176 175 181
 174 149 121 101  85  73  71  70  60  61  63 116 100  83  76  62  47  43
  49  56  56  53  73  76  82  89  94  97  98  98  99  99  90  94 126 152
 156 155 152 157 150 152 150 150 149 116]","[ 85 181 177 176 175 176 175 177 177 176 176 176 176 175 175 175 173 180
 176 154 126 105  91  84  81  78  72  64  55  98 105  84  78  66  52  44
  44  43  39  33  62  68  77  87  93  96  97  96  94 100  92  93 123 151
 154 148 149 153 145 148 146 147 146 113]","[ 85 181 177 176 175 176 175 177 177 177 177 176 176 175 175 175 171 178
 177 159 133 111  98  92  85  79  79  57  57  76 108  89  86  79  67  55
  47  44  45  47  59  65  75  85  92  95  95  94  89  99  95  95 121 146
 149 145 146 150 142 145 144 146 146 114]","[ 85 181 177 176 175 176 175 177 178 178 178 177 176 175 175 175 172 177
 176 163 139 115  99  92  79  77  75  54  63  64 104  97 101  94  79  59
  43  40  50  60  67  71  79  86  91  93  92  91  87  94  90  94 119 140
 144 146 146 150 142 145 145 149 150 119]","[ 85 181 177 176 175 176 175 177 180 179 179 178 177 176 176 175 173 175
 176 166 146 122 103  94  76  86  69  67  71  65  93 104 108 102  87  67
  51  47  57  68  83  84  87  90  91  90  89  88  87  88  86 101 132 147
 146 147 148 152 145 149 150 154 157 126]","[ 85 181 177 176 175 176 175 177 181 180 180 179 178 177 176 176 172 174
 175 170 153 129 109  99  79  99  67  84  77  72  82 107 100  98  92  81
  71  70  77  84  96  95  94  93  91  89  87  86  87  85  88 114 151 161
 150 146 150 155 148 152 154 159 162 132]","[ 81 180 176 174 175 179 177 175 178 178 178 178 178 177 177 177 179 181
 181 174 156 132 112 101  93  83  76  76  79  82  85  89  93  89  89  93
  99 102 103 103 100 100  91  87  94  91  83  85  90  81 108 145 149 147
 150 145 146 147 147 154 148 155 164 129]","[ 91 191 187 185 186 190 188 186 192 191 191 191 191 190 190 190 194 194
 194 188 168 138 116 108  95  85  78  78  80  81  83  86  70  79  95 111
 119 118 111 107  96  98  88  83  91  92  85  85  88  96 125 152 154 148
 149 151 147 148 148 154 149 155 164 129]","[100 201 198 196 196 200 198 197 198 198 197 197 196 196 196 195 199 195
 197 196 175 140 117 112  97  88  81  81  82  81  81  83  67  85 109 125
 128 119 107  99  93  98  89  81  91  95  88  85  87 117 144 156 156 148
 145 154 149 150 149 155 149 155 163 129]","[101 203 202 200 199 203 201 201 198 198 198 197 196 195 195 195 195 190
 193 198 180 145 120 116  98  90  83  83  84  82  81  82  80  98 116 123
 118 110 102  96  94 101  93  85  92  95  88  85  97 136 154 152 155 149
 143 154 150 151 150 156 150 156 164 129]","[ 99 202 203 201 199 202 201 201 201 200 200 199 198 197 196 196 197 191
 195 201 188 157 131 122 101  92  86  86  87  85  83  85  82 100 115 116
 112 109 106 103  93  99  93  87  91  89  84  88 120 150 156 149 155 153
 147 154 150 151 150 157 151 157 165 130]","[ 98 202 204 203 200 203 202 202 200 200 199 198 197 196 195 194 199 195
 195 199 192 169 141 124 108  98  90  88  88  86  85  86  83 102 116 116
 112 109 104  98  90  91  86  85  87  81  85 104 145 158 157 151 155 157
 154 153 149 151 150 157 152 159 167 133]","[ 97 203 206 204 201 203 202 204 199 199 198 196 195 194 193 192 195 193
 192 192 194 183 154 127 117 106  95  91  89  85  84  85  86 103 115 112
 107 104  97  87  89  84  79  83  84  78  97 135 160 156 157 157 152 155
 157 150 148 150 150 157 153 160 169 135]","[ 96 202 206 204 201 203 202 204 202 202 201 200 198 197 196 195 192 193
 191 191 199 197 169 136 124 111  99  92  88  84  82  83  82  96 105 101
  99 101  98  89  90  80  75  83  85  80 109 161 164 150 156 161 149 150
 156 146 148 149 149 157 153 161 170 136]","[ 94 212 204 208 212 204 204 202 202 202 202 202 201 199 198 197 194 193
 189 187 191 193 182 167 131 132 107  84  88  86  78  86  83  89  97 101
 100  94  88  84  73  86  68  82  67  93 144 164 161 159 156 155 155 153
 151 149 146 147 146 155 152 160 168 132]","[ 94 212 204 207 210 204 208 209 204 204 204 203 202 200 198 197 196 196
 194 192 195 198 190 180 133 127 109  94  90  86  85  92  82  86  91  92
  90  87  84  83  73  86  71  87  82 117 159 168 163 161 158 157 156 155
 152 150 151 151 151 160 157 165 172 136]","[ 97 214 205 206 207 201 209 213 206 206 205 204 202 200 198 196 192 193
 192 190 192 194 192 187 153 132 117 107  91  83  86  89  87  88  89  88
  86  85  85  86  74  86  73  87  90 135 163 158 161 159 156 155 154 153
 150 148 146 147 146 155 152 160 167 130]","[103 220 213 212 212 205 211 216 212 212 211 209 207 204 202 201 194 196
 196 194 193 193 194 195 172 133 116 110  89  82  89  87  90  91  91  89
  87  86  87  89  88  99  90  96 100 152 169 157 166 163 161 160 159 158
 155 153 149 150 149 158 154 162 169 133]","[ 94 211 206 208 209 202 206 208 206 206 205 203 201 198 196 195 193 193
 192 191 188 186 188 191 184 138 112 106  91  89  96  91  90  92  93  92
  89  87  87  88  84  95  92  93  97 155 169 160 159 157 154 153 153 151
 149 146 146 147 146 154 150 158 164 128]","[101 216 210 215 220 215 218 218 214 214 213 212 210 207 205 204 201 199
 198 198 196 192 192 196 201 161 125 108  97  93  93  89  93  95  97  96
  94  91  90  90  80  88  92  94 100 162 172 171 162 160 158 156 156 154
 152 150 148 148 147 155 151 158 165 129]","[109 218 208 211 218 215 217 214 212 212 212 211 210 208 206 205 200 195
 194 197 196 191 190 193 189 168 130 100  91  84  78  80  91  92  93  91
  88  86  86  87  91  90  97 101 108 167 168 169 165 163 161 159 159 157
 155 153 148 148 147 155 151 158 165 128]","[ 71 179 159 159 165 162 162 158 162 162 162 161 160 159 158 157 153 147
 146 152 153 148 146 148 147 145 112  80  77  72  66  75  82  81  80  77
  74  73  75  77  78  68  74  77  84 136 128 127 129 127 125 123 123 121
 119 117 115 115 114 122 118 125 131  95]"
