"[ 31  80  65  69  72  75  62  68  67  67  67  70  73  78  83  86  74  79
  87  97 106 114 119 121 118 114 111 112 112 104  87  74  65  65  67  72
  77  75  67  59  48  37  20  18  29  28  22  26  50  49  49  46  42  37
  34  32  28  40  39  39  29  34  57  49]","[ 65 119 107 109 112 119 116 129 126 125 125 126 128 131 134 136 139 140
 145 155 171 190 207 218 236 241 248 249 249 244 233 225 213 194 165 140
 126 122 123 125 101  92  81  62  31  12  25  49  73  68  61  55  52  50
  49  48  47  49  42  49  55  71  93  80]","[ 52 111 102 100  96  99  95 108 109 109 110 112 115 119 122 124 122 123
 124 126 127 128 129 130 134 148 168 188 207 228 249 253 244 246 247 240
 218 187 155 135 121  88  78  82  72  72  82  81  73  65  54  48  47  50
  52  52  56  54  47  64  82 101 115  92]","[ 66 128 121 119 112 111  98 104  91  90  90  90  92  93  95  96 108 111
 115 118 117 114 110 107 117 121 124 124 126 136 151 163 197 211 231 248
 254 254 250 245 229 179 142 108  72  74  85  68  56  50  43  41  45  50
  52  51  54  61  65  87 101 109 111  81]","[ 64 126 118 119 118 122 109 111 114 112 109 106 102 100  98  97  91  89
  88  88  92  98 105 109  94  98 104 109 111 112 111 110 113 115 119 129
 147 172 197 213 216 238 253 213 121  79  71  46  51  50  50  54  59  62
  62  60  64  80  92 109 109 106 107  81]","[ 76 136 125 122 123 132 122 124 114 114 112 110 108 106 104 103  97  95
  92  88  84  81  78  77  87  86  86  89  93  95  93  90  96  97  98 100
  99  97  93  91 111 132 145 110  59  53  64  55  50  53  58  63  67  69
  69  70  83  99 107 114 106 103 111  92]","[ 79 147 142 137 132 136 124 125 118 118 117 117 115 114 112 111  98 101
 105 106 103  95  86  81  72  68  64  65  72  81  89  92  93  91  88  87
  87  83  77  72  78  72  64  58  57  54  41  26  50  55  60  64  66  71
  79  86 100 109 107 112 106 105 114  94]","[ 93 173 181 182 174 171 155 153 140 138 134 129 123 117 112 109 111 109
 105 101  98  96  96  96  90  90  87  83  77  71  65  63  62  57  52  53
  59  63  63  61  58  57  53  51  45  29  33  57  56  61  66  68  71  81
  97 110 113 115 108 114 113 114 117  89]","[ 81 172 163 162 162 165 167 172 179 176 172 166 159 152 146 143 127 122
 118 116 115 111 102  95  94  90  84  81  81  84  86  87  77  73  65  55
  46  40  38  37  28  29  30  30  32  38  46  52  65  66  66  71  84 102
 112 114 115 118 111 117 116 115 118  91]","[ 91 185 179 177 175 174 171 173 158 159 161 164 166 168 169 170 165 161
 157 156 156 153 145 139 112 106  98  92  88  85  83  82  81  78  71  63
  54  47  43  41  30  26  21  21  28  38  48  54  59  68  79  90 103 117
 122 120 120 122 115 120 118 117 119  91]","[ 99 197 195 194 190 188 182 180 184 183 180 177 173 168 165 163 161 161
 162 168 174 177 176 174 165 157 144 130 116 103  92  86  89  86  80  71
  61  51  42  38  34  27  21  22  33  46  56  60  65  81 101 116 127 132
 130 125 125 127 120 124 120 119 120  93]","[ 98 200 201 201 200 200 195 194 194 193 192 190 188 185 183 181 177 174
 170 168 166 163 157 153 165 161 156 151 146 140 133 128 107 104  97  88
  75  61  48  40  36  31  26  27  36  49  62  70  87 105 125 136 140 139
 132 125 127 130 122 126 123 121 123  95]","[ 97 200 203 201 200 204 203 202 198 199 199 200 200 200 199 199 197 194
 190 185 181 176 171 167 158 157 155 153 151 147 141 137 131 127 122 114
 103  88  72  61  48  43  35  28  30  46  70  88 114 127 140 144 143 140
 135 129 127 130 123 128 125 124 127  99]","[ 99 204 207 202 199 205 205 204 211 210 209 206 203 199 196 194 194 194
 195 196 198 199 200 200 189 185 180 173 165 155 145 139 147 144 140 136
 129 117 102  91  80  72  57  42  40  58  91 116 130 138 144 144 144 144
 141 137 129 132 125 130 128 127 129 102]","[100 208 212 206 203 208 207 205 201 202 204 206 207 208 208 209 206 205
 203 200 196 194 193 193 196 194 193 191 189 185 180 176 162 160 157 154
 150 140 126 116 109 100  86  73  71  86 112 132 136 141 144 145 147 150
 146 140 135 137 130 134 131 129 131 103]","[ 98 209 216 211 208 214 212 208 207 207 208 208 208 208 207 206 203 203
 204 203 202 202 204 205 199 197 194 192 189 185 179 176 180 176 173 171
 167 157 143 132 116 111 103  98  99 107 119 127 139 142 145 147 151 153
 147 138 140 142 134 137 133 130 131 103]","[ 96 214 206 207 211 209 213 210 209 209 209 209 209 209 209 209 209 208
 207 207 206 205 204 204 204 201 198 196 195 193 190 188 180 177 174 174
 174 169 159 151 135 122 110 106 109 115 124 132 141 143 146 149 150 150
 148 148 141 142 134 139 137 136 135 106]","[ 96 213 206 207 211 209 212 210 209 209 209 209 209 209 209 209 208 208
 207 206 205 205 204 204 205 203 200 198 197 196 193 190 184 180 177 176
 175 171 162 155 140 127 114 111 113 118 127 136 143 145 148 150 152 151
 150 150 144 145 137 142 139 137 137 107]","[ 96 213 206 207 211 208 212 209 209 209 209 209 209 209 209 209 207 207
 207 206 205 205 204 204 207 205 202 201 200 198 195 193 189 185 180 178
 176 173 167 161 146 134 121 117 117 122 131 140 146 147 150 152 153 153
 153 152 148 149 141 145 142 139 138 108]","[ 96 213 206 206 210 208 211 208 209 209 209 209 209 209 209 209 207 206
 206 205 205 204 204 204 207 205 202 201 200 199 196 194 192 188 183 179
 177 174 169 166 152 141 128 122 121 125 134 143 148 149 151 152 154 154
 154 154 152 152 143 147 143 140 138 108]","[ 96 213 206 206 210 207 210 207 208 208 208 208 208 208 208 208 206 205
 205 205 205 204 204 204 206 204 201 200 199 198 196 194 193 190 185 180
 177 174 171 169 157 146 134 127 124 126 135 146 149 149 151 152 153 154
 155 155 153 154 145 148 144 141 139 109]","[ 96 213 206 206 209 206 209 206 206 206 206 206 206 206 206 206 205 205
 205 204 204 204 204 204 204 202 200 199 199 198 195 193 193 191 187 182
 178 174 171 170 162 152 140 131 126 127 137 148 150 151 151 152 154 155
 156 156 155 155 146 150 146 143 141 111]","[ 96 213 206 206 209 206 209 205 204 204 204 204 204 204 204 204 204 204
 204 204 204 204 204 204 204 202 200 199 199 198 196 194 193 192 190 185
 180 175 173 172 167 157 145 135 129 129 139 150 153 153 153 154 155 157
 158 159 156 157 148 152 149 146 145 115]","[ 97 213 206 205 209 205 208 205 203 203 203 203 203 203 203 203 204 204
 204 204 204 204 204 204 205 203 201 200 200 199 197 195 194 194 192 188
 182 177 174 173 170 160 148 138 131 131 141 152 155 155 155 156 157 159
 160 161 158 159 150 154 151 149 148 118]","[ 96 210 202 205 208 202 205 205 203 202 206 204 197 203 207 200 203 203
 207 204 198 205 208 196 195 209 176 136 192 197 191 198 195 194 193 191
 189 183 177 172 170 163 153 144 134 129 136 146 152 154 156 156 156 156
 158 160 159 158 155 159 150 153 155 117]","[ 96 210 202 205 208 202 205 205 201 202 203 204 205 206 204 201 198 188
 197 211 204 198 205 213 210 190 118  93 150 202 201 204 196 195 194 193
 191 186 180 175 171 166 157 148 136 130 136 146 152 154 156 156 156 156
 158 160 162 160 156 159 151 153 156 118]","[ 96 210 202 205 208 202 205 205 201 204 201 203 210 205 198 201 215 203
 202 203 199 201 202 192 197 169 101  99 139 207 202 193 197 196 195 194
 193 190 184 180 174 170 163 154 140 131 135 144 152 154 156 157 156 157
 159 161 164 162 157 160 152 155 159 122]","[ 96 210 202 205 208 202 205 205 202 207 201 199 205 199 194 204 194 212
 213 191 191 212 182 115  91  85  74  94 124 181 201 200 197 196 195 195
 194 192 188 184 176 173 168 159 145 134 134 141 152 154 156 157 157 158
 160 162 163 162 158 162 155 160 165 128]","[ 96 210 202 205 208 202 205 205 203 207 203 197 198 198 200 205 194 206
 176 111  89 118 103  41  46  39  59  68  93 127 185 208 197 196 195 195
 195 193 190 187 178 175 171 164 151 138 134 137 152 154 156 157 157 158
 161 163 161 161 158 165 159 165 171 135]","[ 96 210 202 205 208 202 205 205 202 201 206 201 195 205 206 187 188 176
 139  77  40  55  77  72  73  48  59  60  85  96 157 193 199 197 196 195
 195 194 191 189 182 177 173 169 159 146 137 134 151 154 156 157 158 159
 162 164 161 161 161 168 164 170 175 137]","[ 96 210 202 205 208 202 205 205 204 194 207 206 193 209 199 141  67  63
  71  73  57  49  61  71  62  32  31  58  82  92 137 191 203 201 198 198
 197 196 194 191 188 180 174 173 168 155 141 133 151 154 156 158 158 160
 162 164 163 164 165 173 167 171 174 136]","[ 96 210 202 205 208 202 205 205 206 190 206 208 190 207 184  97  75  59
  63  77  72  64  65  66  74  45  25  66  75  90 122 195 205 203 201 199
 199 198 195 193 191 182 176 177 174 161 145 134 151 154 156 158 158 160
 162 165 165 167 168 176 169 172 173 133]","[100 204 208 206 202 204 204 206 204 196 193 209 189 145 121  93  86  62
  68  80  64  54  62  63  76  34  26  49  78  92 122 191 202 202 201 201
 199 198 196 195 190 187 183 182 178 169 155 144 147 153 159 161 159 158
 160 163 171 173 171 175 169 175 176 133]","[ 97 201 204 202 198 200 200 202 205 204 202 198 147  88  79  76  81  62
  70  80  62  48  56  62  71  35  31  51  76  87 117 186 200 200 200 199
 198 196 194 194 192 189 186 184 181 174 162 153 146 152 158 161 160 160
 163 167 170 172 170 174 168 175 176 132]","[100 204 205 203 200 202 202 203 202 204 205 198 134  67  66  77  78  63
  68  74  58  46  58  72  64  37  40  59  77  85 112 180 202 202 201 201
 200 198 197 196 194 191 188 186 185 180 172 166 147 153 159 162 163 164
 168 171 168 171 169 173 168 175 176 133]","[100 202 202 199 197 200 199 200 200 194 196 203 155  90  77  77  79  64
  61  67  59  51  62  80  60  44  54  69  80  82 106 168 203 203 203 202
 201 200 199 198 193 191 188 186 185 183 178 175 154 158 162 165 166 168
 170 173 168 171 169 173 168 175 177 134]","[ 89 190 188 186 184 188 187 186 197 187 184 194 154  93  73  62  76  63
  57  66  69  57  56  70  63  55  69  78  80  78  95 153 195 195 196 195
 195 194 192 192 189 187 184 182 181 181 179 178 163 165 167 168 169 169
 171 172 169 172 170 174 169 176 177 133]","[ 84 184 180 178 177 181 180 179 184 183 181 180 134  79  69  63  70  63
  59  71  79  61  47  57  72  67  79  81  80  78  95 149 183 184 184 184
 183 182 181 181 183 182 180 178 176 175 175 175 169 169 169 169 169 169
 169 169 170 172 170 173 168 174 175 131]","[ 87 186 182 179 179 183 181 180 175 183 184 175 127  80  77  70  71  68
  60  69  79  62  52  70  78  74  83  82  83  90 114 170 179 179 180 180
 180 179 178 177 178 178 177 175 172 170 170 170 169 168 167 167 167 168
 168 167 169 171 168 171 165 170 171 127]","[ 89 187 182 179 180 184 182 181 177 189 189 178 132  89  80  63  78  74
  60  62  73  63  65  97  81  75  83  82  89 106 137 197 182 183 183 183
 183 182 182 181 176 176 175 173 170 167 166 167 167 166 165 165 166 167
 166 166 168 170 166 169 162 167 168 123]","[ 87 184 180 180 180 181 179 181 177 190 174 184 127  91  85  80  90  79
  62  54  64  81  88  84  68  90  85  83  98 132 177 184 181 181 181 181
 179 177 174 173 174 173 172 170 169 167 166 165 167 166 166 165 164 163
 163 162 162 162 160 165 157 160 162 124]","[ 87 184 180 181 180 181 179 181 179 186 178 183 136  91  85  82  73  74
  72  74  82  89  85  75  73  85  82  97 123 153 185 183 179 179 179 178
 177 174 172 170 171 171 170 168 166 165 163 163 164 163 163 162 161 161
 160 160 162 161 159 164 156 158 161 122]","[ 87 184 181 181 180 181 180 182 182 181 182 180 150  92  85  86  72  80
  89  94  96  93  82  71  76  81  83 118 155 174 189 180 178 178 177 176
 175 173 171 170 170 169 168 167 165 164 163 162 162 162 161 160 159 159
 158 158 160 159 156 160 152 155 158 119]","[ 87 184 181 181 181 182 180 182 185 178 186 179 166 102  87  89  87  93
  98  97  91  83  75  70  76  82  95 143 177 180 185 177 178 177 176 175
 173 171 170 169 169 168 167 166 165 164 163 162 161 161 160 160 159 158
 157 157 157 156 152 156 148 151 155 116]","[ 88 185 182 182 181 182 180 182 186 178 188 179 178 120  91  92  94  96
  97  92  82  72  68  69  79  93 115 164 186 175 178 177 175 174 172 171
 169 168 167 166 165 165 164 163 162 161 160 160 159 158 158 157 156 155
 155 154 154 152 148 153 145 149 153 115]","[ 88 185 182 182 181 182 181 183 185 181 186 180 186 145  96  93  95  97
  99  97  87  76  73  75  86 105 129 174 187 172 176 178 171 170 168 166
 165 164 163 163 161 161 160 159 158 158 157 157 156 156 155 154 154 153
 152 152 153 151 147 152 145 150 155 118]","[ 89 186 182 182 182 183 181 183 184 186 183 181 189 169 100  94  98  97
  98  98  91  81  78  82  93 108 127 167 184 174 179 176 172 171 168 166
 165 164 164 164 162 161 161 160 159 159 158 158 158 158 157 156 156 155
 154 154 154 153 149 154 148 154 160 124]","[ 89 186 182 182 182 183 181 183 183 190 181 183 190 184 104  94  99  93
  90  89  82  74  75  82  96 105 117 156 180 178 180 171 176 174 172 169
 168 167 167 168 165 165 164 163 163 162 162 161 162 162 161 161 160 159
 159 158 156 154 151 156 151 158 164 128]","[ 89 186 185 186 183 183 182 188 183 191 187 181 192 195 152  94  81 103
  83 100  76  70  76  71  90 108 114 143 190 194 180 194 183 182 180 178
 176 174 172 171 168 167 166 165 164 163 163 162 163 162 162 161 161 160
 160 159 156 154 150 155 150 159 167 132]","[ 95 195 195 197 196 195 195 200 198 205 203 197 205 210 185 149  95  81
  89  86  78  70  73  76  87 109 117 134 174 195 192 191 185 184 182 180
 177 175 173 172 169 169 168 167 166 165 164 163 163 162 162 161 160 160
 159 159 157 155 151 156 151 159 167 132]","[101 204 207 209 207 208 207 211 209 212 211 206 207 212 207 198 129  74
  95  77  80  72  70  78  82 106 118 123 149 187 200 190 189 187 185 182
 179 176 174 173 171 171 170 168 167 166 165 164 163 163 162 161 160 159
 159 158 159 157 153 158 152 160 167 132]","[101 208 213 214 211 212 210 212 213 211 209 208 205 203 207 212 175 103
  92  83  82  75  75  75  78  97 115 118 129 166 195 195 191 190 187 184
 180 177 175 173 172 172 171 169 168 166 165 165 164 164 163 162 161 160
 159 158 160 158 155 160 154 161 168 132]","[101 209 216 214 210 211 209 210 215 210 209 212 210 203 204 209 205 148
  86  95  82  80  83  73  79  90 112 123 123 143 179 202 193 191 189 185
 182 179 176 175 174 173 172 170 168 167 165 165 166 165 164 163 162 161
 160 159 160 159 156 162 157 164 170 134]","[101 212 219 215 209 212 211 211 213 207 208 214 215 208 204 206 212 185
 100  99  85  87  88  76  81  90 108 125 127 130 160 200 194 193 191 188
 185 182 180 179 176 175 174 172 170 168 167 166 168 168 167 165 163 162
 161 160 160 159 157 164 159 166 173 136]","[100 212 220 214 209 213 215 215 211 209 210 213 213 210 207 206 209 204
 143  98  93  93  83  83  79  92 102 118 132 128 143 184 197 196 194 192
 189 187 185 184 180 179 178 176 174 172 170 169 170 170 169 167 165 164
 162 162 159 159 158 165 161 168 175 139]","[ 97 212 218 213 208 214 217 218 216 217 216 214 212 211 211 211 207 211
 184  95 101  97  75  88  75  93  95 107 132 129 131 166 199 198 197 195
 192 190 189 188 183 182 181 178 176 174 173 172 172 171 170 168 166 165
 163 163 158 158 158 166 162 170 177 140]","[ 99 220 215 216 219 213 215 211 216 216 216 216 215 214 212 212 211 207
 207 128 102  92  87  92  83  83  89 104 123 136 139 138 191 205 199 192
 199 191 180 187 182 180 178 177 176 175 173 171 172 170 167 166 166 164
 162 159 158 158 157 166 162 170 176 140]","[ 99 220 216 216 218 214 219 218 216 216 216 216 215 214 213 212 209 205
 210 173 109  95  92  87  81  80  84  97 115 130 136 137 172 198 207 197
 195 196 193 192 186 184 181 180 179 178 175 173 173 171 168 167 166 165
 162 160 158 159 158 166 163 170 177 141]","[101 223 218 217 217 213 220 221 216 216 216 216 215 214 213 212 204 200
 204 208 119  94  96  86  88  85  85  96 113 130 141 145 149 181 208 201
 186 193 199 188 186 183 180 178 177 175 172 170 171 169 166 165 164 163
 160 158 156 157 156 164 161 168 175 139]","[106 228 226 225 223 218 223 224 222 222 222 222 221 220 219 218 210 210
 202 217 154 103 104  99  92  87  84  91 106 125 139 147 147 168 203 211
 193 195 202 190 192 189 186 184 182 180 177 174 176 174 172 170 170 168
 166 164 162 162 162 170 166 174 181 144]","[ 96 220 218 220 220 214 218 217 217 217 217 217 216 215 214 213 208 215
 199 200 190 113  95  93  90  84  79  82  95 114 130 139 145 146 177 204
 196 189 193 189 189 186 183 180 179 176 173 170 171 169 166 165 164 163
 160 158 156 157 156 164 161 168 175 139]","[102 222 221 225 229 226 230 227 225 225 225 225 224 223 222 221 211 222
 210 199 221 147 101  91  98  92  86  86  96 112 127 137 150 141 160 195
 205 197 195 199 193 191 188 186 184 183 179 177 173 171 169 167 167 166
 163 161 159 159 159 167 163 171 178 141]","[110 224 217 218 225 225 228 224 223 223 223 223 222 221 219 219 210 211
 208 201 213 180 120 100  97  91  85  84  91 104 117 126 149 145 151 176
 199 198 192 199 191 189 186 185 184 183 180 178 174 172 169 168 168 166
 164 162 160 160 159 168 164 172 178 142]","[ 72 185 167 164 171 171 173 169 171 171 171 171 170 169 168 167 169 157
 160 162 150 161 102  76  80  75  69  67  72  83  95 103 107 114 110 121
 150 155 146 152 148 146 144 143 142 141 139 137 136 134 131 130 130 128
 126 123 122 122 121 130 126 134 140 104]"
