"[ 30  75  66  71  67  71  64  66  62  63  65  70  76  79  79  79  79  79
  87 101 109 112 116 122 117 112 109 111 112 104  87  72  65  62  63  70
  78  77  67  57  34  39  23  13  28  30  19  23  49  46  42  40  39  37
  33  29  34  39  32  34  32  41  62  50]","[ 67 116 109 114 109 118 120 129 131 129 128 130 134 137 138 139 137 137
 145 161 177 190 205 217 238 243 250 249 249 247 234 224 213 192 161 137
 126 123 123 123 102  99  80  52  25  10  26  59  78  71  62  56  55  55
  54  52  50  52  44  51  56  71  93  79]","[ 55 110 106 106  95  99 100 109 108 105 104 105 109 115 118 120 126 122
 120 123 125 127 132 138 138 150 169 189 209 230 249 253 242 243 243 237
 218 188 155 133 119  91  78  82  77  70  76  84  71  61  48  43  44  48
  49  49  52  56  55  70  83  98 113  93]","[ 69 127 125 125 111 111 104 105  97  95  93  93  96  98 100 100 110 110
 113 115 115 114 112 112 117 119 121 122 126 136 151 162 195 209 229 247
 254 254 250 245 223 176 139 113  81  70  73  64  59  52  45  43  48  54
  56  55  48  61  70  91 101 107 112  86]","[ 65 123 121 122 114 120 112 110 105 103 100  98  96  93  89  86  84  87
  91  95  98 101 101 100  91  95 100 107 112 113 112 111 110 113 118 129
 146 171 197 214 222 239 250 207 121  72  62  52  52  52  53  57  62  65
  65  64  64  81  92 109 109 107 111  85]","[ 75 132 126 125 118 128 124 122 119 118 116 116 115 112 108 105 100  99
  92  83  78  79  79  77  86  84  84  89  96  99  96  93  92  95  98  99
  97  95  93  92 112 134 142 109  65  53  59  56  44  49  56  61  63  65
  66  67  90 102 105 112 106 104 112  91]","[ 78 142 142 140 127 133 126 122 116 114 111 111 111 110 109 107 107 107
 101  92  88  91  92  89  75  69  64  66  74  84  90  92  90  89  89  87
  85  81  76  73  67  72  66  61  68  62  37  17  49  57  66  70  70  74
  83  91 105 111 107 112 107 107 114  92]","[ 93 168 182 184 169 168 157 151 143 137 130 123 118 115 112 110 102 106
 107 101  99 100  97  90  94  91  87  82  76  69  62  57  58  55  53  53
  56  60  62  63  53  60  50  40  43  34  33  54  48  57  65  68  69  77
  94 108 109 113 109 117 117 117 118  90]","[ 80 172 164 163 163 165 166 171 176 174 170 164 157 150 145 141 129 124
 119 117 116 111 103  95 100  95  88  84  83  85  86  86  78  74  66  55
  44  36  32  30  25  28  31  32  34  38  45  50  66  62  62  73  91 108
 117 119 119 121 115 120 117 116 119  91]","[ 90 185 179 178 175 174 170 172 157 158 160 162 164 166 166 167 167 163
 158 157 156 153 145 138 107 102  94  88  84  82  80  79  76  73  68  61
  53  48  45  44  31  26  21  21  27  38  48  54  62  66  75  91 107 118
 121 120 121 124 117 122 120 119 121  94]","[ 98 197 195 194 191 188 181 180 184 182 180 176 171 166 162 159 162 161
 162 167 173 176 175 172 168 160 147 134 120 108  97  91  90  86  79  69
  59  50  42  39  36  28  19  19  30  45  56  62  65  78  97 115 127 130
 127 123 125 127 120 125 122 121 124  96]","[ 97 200 202 202 200 200 195 193 192 192 191 189 187 184 182 180 177 174
 170 167 165 161 155 151 164 160 155 149 143 136 128 123 112 107  97  86
  73  59  47  40  36  31  25  25  33  48  62  70  85  99 119 135 140 137
 132 128 127 130 123 127 125 123 125  98]","[ 96 200 203 202 201 205 203 202 194 195 197 199 200 200 201 201 197 194
 189 184 179 174 169 165 157 155 153 151 148 143 137 133 128 124 118 110
 101  90  78  69  45  41  34  28  30  45  68  85 113 123 136 143 143 139
 136 135 129 132 125 129 126 125 126  99]","[ 98 203 207 203 200 205 204 203 208 207 207 205 203 200 198 197 195 195
 195 196 197 198 198 199 190 187 182 176 169 160 151 145 147 143 138 134
 127 116 103  94  76  69  56  43  40  58  88 112 134 139 144 146 143 140
 140 140 132 134 127 131 128 126 128 100]","[ 99 207 212 207 204 209 207 204 201 202 204 205 207 208 208 208 207 206
 204 201 197 194 192 192 189 188 187 187 186 183 179 175 166 162 158 154
 148 136 121 109 106  98  84  71  70  85 110 129 141 143 146 147 146 145
 144 144 135 138 130 134 131 129 131 103]","[ 97 209 216 212 209 214 211 207 211 210 210 209 208 206 204 203 205 205
 205 204 203 203 204 206 202 200 197 195 192 187 182 178 176 173 171 169
 166 156 141 130 116 110 100  93  95 104 118 127 139 141 144 148 149 149
 147 146 138 140 133 137 133 131 133 105]","[ 95 213 206 206 211 208 212 209 210 210 210 209 209 209 208 208 209 208
 207 207 206 205 204 204 203 202 201 199 196 193 191 189 180 176 179 173
 162 163 158 145 138 125 107  85 104 132 124 125 143 145 148 151 153 152
 150 149 142 142 134 138 136 135 135 106]","[ 94 212 205 205 210 207 211 208 210 210 209 209 209 208 208 208 208 208
 207 206 205 205 204 204 203 202 201 200 197 195 192 191 179 184 168 176
 176 170 174 136 100  94  87  76 103 137 133 135 143 145 149 152 153 152
 151 149 145 145 137 141 138 137 137 108]","[ 94 211 204 205 209 206 210 207 209 209 209 208 208 208 207 207 207 207
 207 206 205 205 204 204 203 202 202 201 199 197 195 194 188 196 164 183
 189 168 152  75  58  59  61  58  91 129 131 138 145 147 149 152 153 153
 152 151 149 149 140 144 141 139 138 109]","[ 94 211 204 204 208 205 209 206 208 208 208 208 207 207 207 206 207 206
 206 205 205 204 204 204 203 203 202 201 200 198 197 196 185 195 179 170
 152 135 120  68  49  53  55  47  75 114 124 138 146 148 150 153 154 154
 153 153 152 152 142 146 142 140 139 110]","[ 94 211 204 204 208 205 208 205 208 207 207 207 206 206 206 206 206 205
 205 205 205 204 204 204 203 203 203 202 200 199 197 196 192 190 188 120
  57  51  51  64  65  69  67  48  64 101 120 144 148 149 151 153 155 155
 155 154 153 153 143 147 144 141 141 111]","[ 96 212 205 205 208 205 208 205 207 207 206 206 206 205 205 205 205 205
 205 204 204 204 204 204 204 204 203 202 200 198 196 195 209 176 173 104
  56  61  42  58  68  76  75  47  51  85 112 146 150 151 152 154 155 156
 156 156 154 154 145 148 146 143 143 114]","[ 97 214 206 206 209 206 209 206 206 206 206 205 205 205 204 204 204 204
 204 204 204 204 204 204 204 204 203 201 199 196 194 193 122  80  75  64
  69  82  52  36  52  69  75  45  41  71 101 142 151 152 153 154 156 157
 157 157 155 156 147 151 149 147 147 118]","[ 98 214 207 207 210 207 209 206 206 206 205 205 205 204 204 204 204 204
 204 204 204 204 204 204 205 204 203 201 198 195 193 191  92  65  53  68
  78  77  65  44  41  65  78  49  41  66  97 139 152 152 153 155 156 157
 158 158 156 157 148 153 151 150 150 121]","[ 97 207 207 204 208 208 203 209 205 205 205 204 204 203 203 203 200 201
 203 204 204 203 201 200 201 212 195 198 207 190 161 125  81  80  67  57
  71  87  70  37  35  60  78  55  47  67  94 137 147 155 159 157 155 157
 159 159 159 158 155 159 150 153 155 117]","[ 97 207 207 204 208 208 203 209 205 205 204 204 204 203 203 203 201 202
 203 204 204 203 202 201 196 202 195 206 194 139  93  60  79  78  69  62
  69  80  72  54  32  62  80  52  43  67  93 131 146 153 158 156 155 157
 160 159 162 160 156 159 151 153 156 118]","[ 97 206 207 204 207 207 202 208 205 204 204 204 203 203 203 203 202 202
 203 204 204 203 202 202 207 200 195 212 182 109  71  59  76  77  71  62
  61  68  71  68  31  60  78  51  44  68  89 121 143 151 156 155 155 158
 160 160 164 162 157 160 152 155 159 122]","[ 97 206 207 203 207 207 201 207 204 204 204 203 203 203 202 202 202 202
 203 203 203 203 202 202 210 201 201 214 173 106  89  90  71  80  74  55
  50  64  72  69  34  50  66  55  57  72  83 114 142 150 155 155 155 158
 161 161 163 162 158 162 155 160 165 128]","[ 98 206 206 203 206 206 200 206 204 204 203 203 203 202 202 202 202 202
 202 201 201 202 202 202 199 199 205 208 155  95  86  81  63  80  74  48
  45  69  79  67  42  39  53  63  76  80  81 111 141 150 155 155 155 159
 162 162 161 161 158 165 159 165 171 135]","[ 98 206 206 203 206 205 200 205 203 203 203 203 202 202 202 201 201 201
 200 199 199 200 201 201 204 202 203 193 131  81  85  77  56  74  72  49
  48  70  80  69  51  43  55  69  87  91  87 115 143 151 157 156 156 160
 163 163 161 161 161 168 164 170 175 137]","[ 98 207 206 203 205 205 199 205 203 203 203 202 202 202 201 201 200 199
 198 197 197 198 199 200 211 200 200 193 129  80  89  83  56  65  67  58
  51  55  63  67  58  61  71  70  86 102 101 121 145 153 158 158 157 161
 163 163 163 164 165 173 167 171 174 136]","[ 98 207 206 202 205 205 199 204 203 203 203 202 202 201 201 201 199 198
 197 196 196 197 198 199 199 189 202 211 146  82  77  64  58  58  63  66
  52  35  42  61  61  78  87  69  80 108 113 125 147 154 160 159 158 161
 164 164 165 167 168 176 169 172 173 133]","[ 97 206 210 204 200 206 206 203 203 202 202 201 200 199 198 198 197 197
 197 197 197 197 197 197 199 187 201 201 149  97  79  74  69  70  80  84
  63  39  49  79  77  68  68  83  96 106 124 143 143 150 158 161 160 160
 162 166 171 171 169 176 171 175 176 136]","[ 94 203 206 201 197 202 202 199 202 202 201 200 199 198 198 197 197 197
 197 197 197 197 197 197 199 190 199 201 160 105  77  72  71  65  66  68
  60  52  65  87  78  76  74  80 101 128 145 149 143 149 157 161 161 161
 164 167 171 170 168 175 170 174 175 135]","[ 98 204 207 202 199 204 203 201 201 201 200 200 199 198 198 197 197 197
 197 197 197 197 197 197 199 195 196 202 179 121  79  75  73  65  60  63
  68  72  79  85  71  75  73  78 113 158 172 160 145 151 158 162 163 163
 166 169 170 170 167 175 169 173 174 134]","[ 98 202 203 200 198 201 199 199 198 198 198 197 197 196 196 196 196 196
 196 196 196 196 196 196 196 197 193 201 196 143  90  82  74  73  71  75
  83  88  81  71  61  63  67  87 133 178 188 173 153 157 162 165 165 166
 168 169 171 170 168 175 170 173 174 133]","[ 89 190 188 187 186 188 186 186 190 190 190 190 189 189 189 189 189 189
 189 189 189 189 189 189 188 192 187 194 200 161 107  88  75  79  81  83
  88  90  79  64  63  57  69 110 157 184 186 179 163 165 168 169 168 168
 168 168 173 171 169 176 170 173 174 133]","[ 84 182 180 180 179 180 178 179 182 182 182 181 181 181 181 181 182 182
 182 182 182 182 182 182 180 184 181 184 192 173 126  90  78  79  79  80
  83  84  78  71  75  66  86 137 175 179 174 177 170 170 170 170 170 169
 168 167 172 171 168 175 169 172 173 132]","[ 88 184 180 181 182 182 179 181 179 179 179 179 179 179 179 179 180 180
 180 180 180 180 180 180 180 182 182 179 182 183 146  92  81  77  76  80
  83  82  78  76  82  80 106 153 178 172 166 172 170 170 169 169 169 169
 168 167 170 169 166 172 166 169 170 129]","[ 90 185 180 182 183 183 180 182 181 181 181 182 182 182 182 182 183 183
 183 183 183 183 183 183 183 184 187 179 177 189 160  95  84  77  77  86
  91  85  76  73  80  88 117 156 174 168 164 169 169 168 167 167 169 169
 168 167 168 167 164 170 164 167 167 127]","[ 88 185 181 181 181 182 180 182 180 180 180 180 180 180 180 180 179 179
 180 181 181 182 183 183 182 187 183 177 186 193 168 130  78  74  94  90
  77  78  70  71  81  94 122 153 168 169 167 169 167 166 166 166 165 165
 165 164 164 162 157 164 159 162 163 122]","[ 87 184 181 181 180 181 180 182 181 181 181 181 181 181 181 181 182 182
 182 182 183 183 183 183 182 186 184 178 183 187 173 150  87  77  91  87
  75  75  66  65  78  93 121 150 165 166 164 165 164 164 163 163 163 162
 162 162 164 161 157 162 157 160 161 120]","[ 87 184 180 180 180 181 179 181 183 183 183 183 183 183 183 183 184 184
 184 184 183 183 183 183 182 184 184 180 179 180 178 173 106  85  90  85
  75  74  63  63  78  94 121 149 163 165 162 162 162 162 161 161 161 160
 160 160 161 159 155 160 153 156 158 118]","[ 86 183 180 180 180 181 179 181 183 183 183 183 183 183 183 183 186 185
 185 184 183 182 181 181 184 182 181 181 180 177 178 183 125  93  90  86
  79  78  66  66  80  97 123 148 161 164 162 160 161 161 161 160 160 160
 159 159 157 156 152 156 148 152 155 116]","[ 87 184 180 180 180 181 179 181 183 183 183 183 183 183 183 183 185 185
 184 183 182 181 180 180 186 179 177 181 182 177 176 179 137  96  88  86
  82  80  69  72  82  98 123 144 156 161 159 157 159 158 158 158 157 157
 157 156 153 152 149 153 145 149 153 116]","[ 88 185 181 182 181 182 180 182 183 183 183 183 183 183 183 183 185 185
 184 183 182 181 180 180 185 180 178 180 181 179 175 173 143  97  85  85
  83  79  69  76  84 100 122 139 151 158 158 155 156 156 156 155 155 154
 154 154 152 152 149 153 145 149 155 120]","[ 89 186 183 183 182 183 181 183 185 185 185 185 185 185 185 185 185 185
 185 184 183 183 182 182 182 183 182 179 178 179 177 174 149 100  87  88
  84  79  69  79  90 106 125 138 149 159 161 158 158 158 158 157 157 156
 156 156 152 153 151 155 147 152 160 126]","[ 90 187 184 184 183 184 182 184 186 186 186 186 186 186 186 186 186 186
 186 185 185 185 184 184 179 185 186 178 175 178 181 178 155 104  91  92
  88  80  71  82  97 113 130 141 152 163 166 163 162 162 162 162 161 161
 160 160 154 155 153 158 150 155 164 130]","[ 80 191 189 184 186 186 183 191 185 185 185 186 187 188 188 189 191 191
 191 191 191 191 191 191 193 193 192 191 190 189 188 188 165 101  96  89
  91  75  75  74  96 121 132 136 152 165 164 162 162 162 161 161 161 161
 160 160 157 155 151 155 150 158 166 131]","[ 90 202 200 195 197 197 194 202 201 201 202 202 202 203 203 203 204 204
 204 204 204 204 204 204 200 199 198 197 196 194 193 193 167 103  98  91
  92  77  77  76  94 121 135 138 152 164 164 163 162 162 161 161 161 160
 160 160 158 156 151 156 151 159 167 131]","[100 211 211 206 208 208 204 212 210 209 209 209 208 208 208 208 207 207
 207 207 207 207 207 207 202 201 200 198 196 194 193 192 170 105 100  92
  93  78  79  78  91 121 138 141 153 163 164 164 162 162 161 161 160 160
 160 159 158 156 152 158 153 160 168 133]","[102 214 214 210 212 212 208 216 209 209 208 207 207 206 205 205 204 204
 204 203 203 203 203 202 202 201 200 198 196 194 193 192 171 106 100  92
  93  79  80  79  89 121 140 144 154 163 164 166 163 163 162 162 161 160
 160 159 158 157 154 160 155 162 170 134]","[101 213 214 211 213 213 208 216 213 212 211 210 209 208 207 207 207 206
 206 205 205 204 204 204 205 205 204 202 200 199 197 197 171 106 100  92
  93  78  80  80  89 122 141 144 155 164 165 168 165 164 164 163 162 161
 160 160 159 158 155 162 157 164 172 136]","[101 213 215 212 215 214 210 217 214 214 213 212 211 210 209 209 208 208
 207 207 206 205 205 205 203 203 202 201 199 198 198 197 173 107 100  92
  93  79  81  81  92 122 139 143 156 166 167 168 167 167 166 165 164 163
 162 161 159 159 157 164 159 167 173 137]","[102 214 216 214 216 216 211 218 212 212 212 211 210 210 209 209 206 206
 205 204 203 203 202 202 200 200 199 199 198 198 198 197 175 109 102  93
  94  80  83  83  95 122 137 141 156 169 169 169 169 169 168 167 165 164
 163 163 160 159 158 165 161 168 175 138]","[101 213 216 214 217 216 211 218 213 213 212 212 212 211 211 211 206 206
 205 204 203 202 202 201 203 203 203 203 203 203 203 203 177 111 103  95
  96  82  85  85  98 123 135 139 156 170 171 169 171 170 169 168 167 165
 164 164 160 160 159 166 162 169 175 139]","[100 219 212 215 220 217 217 211 218 218 218 217 216 214 213 212 206 204
 202 202 203 204 204 203 204 204 204 204 204 204 204 204 175 112  97  99
  87  82  78  86  96 118 137 144 152 164 170 168 172 170 168 167 167 166
 164 162 159 158 156 165 163 171 177 139]","[100 220 213 215 219 217 221 218 213 213 213 213 211 210 208 207 207 205
 203 203 204 205 204 203 204 204 204 204 204 204 204 204 184 119 102 102
  92  87  82  88  98 120 140 148 156 169 176 175 172 170 168 167 167 166
 164 162 160 159 157 166 164 172 177 140]","[101 222 216 216 218 215 221 221 222 222 222 222 220 219 217 216 207 205
 203 203 204 205 204 203 203 203 203 203 203 203 203 203 179 113  93  93
  85  84  78  81  94 115 135 144 151 162 170 171 169 167 165 164 164 163
 161 159 157 156 154 163 161 170 175 137]","[106 228 226 225 224 218 224 224 217 217 217 216 215 213 212 211 212 210
 208 207 208 209 208 207 207 207 207 207 207 207 207 207 183 117  96  95
  90  92  86  87 101 121 140 149 154 162 171 174 174 172 170 169 169 168
 166 164 163 162 160 169 167 175 181 143]","[ 96 220 219 220 220 214 218 217 224 224 224 224 222 221 219 218 206 204
 201 201 201 202 200 199 199 199 199 199 199 199 199 199 181 117  97  94
  88  91  84  82  98 116 136 147 151 159 169 176 169 166 164 163 163 162
 160 158 157 156 154 163 161 170 175 137]","[102 223 223 226 228 225 229 227 221 221 221 220 219 217 216 215 215 212
 210 209 209 209 208 206 207 207 207 207 207 207 207 207 178 118  99  93
  84  86  78  75  96 114 135 148 153 160 172 182 172 170 168 167 167 166
 163 161 160 159 157 166 164 172 178 140]","[109 225 220 220 224 222 226 224 227 227 227 226 225 224 222 221 214 212
 209 208 208 208 207 205 205 205 205 205 205 205 205 205 173 118 103  98
  88  90  83  80  98 114 135 147 150 154 166 178 174 172 169 168 168 167
 165 163 161 160 158 167 165 173 179 141]","[ 71 186 170 166 169 167 172 169 171 171 171 170 169 167 166 165 164 162
 159 158 158 158 157 155 155 155 155 155 155 155 155 155 142  91  80  77
  68  72  68  66  70  85 104 114 113 114 125 137 136 134 132 131 131 130
 128 126 123 122 120 129 127 135 141 103]"
