"[31 35 34 44 38 35 51 42 50 49 46 42 39 35 32 31 30 30 30 31 36 43 50 54
 55 56 59 62 63 63 62 62 63 63 63 62 62 62 61 61 59 60 61 62 65 69 76 80
 78 80 84 90 93 93 90 87 88 91 84 88 89 93 94 61]","[ 39  47  46  53  48  44  58  50  60  60  62  64  66  68  69  70  57  55
  51  47  45  44  45  46  69  72  78  86  95 104 110 114 104 106 109 112
 116 120 123 125 122 124 125 124 123 122 124 126 150 153 159 165 170 175
 179 181 186 189 180 183 184 189 192 161]","[ 45  60  59  62  57  53  63  56  54  54  55  56  58  59  60  60  72  71
  69  67  65  64  64  64  49  49  49  51  54  59  63  66  99 100 101 103
 105 107 108 109 109 112 115 117 117 116 117 118 115 119 124 128 132 139
 148 155 163 172 172 180 180 179 174 138]","[ 45  71  70  68  66  60  67  61  62  62  60  58  55  53  51  51  55  57
  59  61  63  65  66  66  78  76  73  68  65  62  61  61  39  43  49  57
  66  75  81  84 104 107 111 114 115 117 120 122 127 129 129 124 118 115
 119 124 122 135 139 153 159 164 165 133]","[ 50  88  87  81  81  76  79  74  74  73  72  70  69  67  66  65  63  63
  63  63  63  61  60  59  63  64  66  68  69  69  68  68  78  76  72  67
  62  57  53  51  45  50  58  68  79  91 103 111 105 111 118 120 120 122
 128 134 127 131 123 123 122 128 134 107]","[ 60 109 109 100 104  99  99  96  89  88  86  84  82  80  78  78  81  81
  79  77  74  70  67  66  62  63  66  68  69  68  67  66  65  66  68  71
  74  77  80  81  84  81  76  69  62  59  59  60  67  74  85  93  99 105
 111 116 124 133 130 133 129 127 127  95]","[ 66 123 124 113 120 116 115 113 116 115 113 110 107 104 102 101  92  91
  89  87  84  82  81  80  85  84  81  78  75  71  68  66  73  72  72  70
  69  68  68  67  68  71  74  77  80  84  89  93  74  74  74  73  70  67
  63  61  71  88  96 111 116 121 125  96]","[ 65 127 129 117 126 122 120 119 120 120 120 120 120 120 120 120 124 122
 119 116 112 110 108 108  99  97  94  92  90  90  91  91  85  85  84  83
  82  81  80  80  76  78  80  80  77  76  75  76  82  82  83  86  90  93
  93  92  79  82  69  65  61  69  82  60]","[ 67 135 132 129 126 133 127 133 126 126 125 125 124 124 123 123 123 123
 123 123 123 123 123 123 138 125 115 116 118 115 109 106 102 100  99  99
  93  87  89  96  93  82  94  87  87  74  88  86  84  84  84  84  83  83
  83  83  90  91  88  96  91  82  84  62]","[ 67 136 133 130 127 134 128 133 129 129 128 128 127 127 127 127 127 127
 127 127 127 127 127 127 122 128 134 135 130 126 128 132 129 125 122 122
 123 117 105  93 113  73  66  75 104  99 100  88  96  95  94  93  92  91
  90  89  88  89  83  91  86  80  84  63]","[ 68 137 134 132 129 136 129 135 133 133 132 132 132 132 131 131 131 131
 131 131 131 131 131 131 122 130 135 134 131 132 136 140 133 137 137 133
 136 146 148 143  97  44  34  68 126 126 126 119 117 116 114 112 110 108
 106 106 100 100  92  96  91  86  90  67]","[ 69 138 136 135 132 139 131 137 135 135 135 135 135 135 135 135 135 135
 135 135 135 135 135 135 142 138 133 133 139 142 135 126 133 147 141 109
  85  93 117 133  57  18  26  76 141 136 140 150 137 136 135 133 131 130
 129 128 126 126 117 119 112 106 106  79]","[ 69 139 138 137 135 141 134 139 137 137 137 137 137 137 137 137 137 137
 137 137 137 137 137 137 141 136 135 140 139 122  93  71  86 104 100  62
  28  28  51  69  36  17  36  87 151 138 136 151 147 147 147 147 146 146
 146 146 146 149 142 145 139 134 130  98]","[ 70 140 140 140 137 144 136 141 138 138 139 139 139 139 140 140 140 140
 140 140 140 140 140 140 139 137 143 150 131  85  39  17  22  39  48  39
  27  25  28  29  28  19  34  78 154 151 141 145 149 149 150 151 152 152
 153 153 151 157 153 158 156 154 151 116]","[ 71 141 141 141 139 146 137 142 140 140 141 141 142 142 142 143 142 142
 142 142 142 142 142 142 140 117 108 117 104  62  28  18  20  28  37  43
  40  30  17   8  19  18  23  53 138 156 152 150 150 150 151 152 153 154
 155 155 152 158 153 158 158 161 159 124]","[ 71 142 142 142 140 147 138 143 142 142 142 143 144 144 144 145 144 144
 144 144 144 144 144 144 103  50  16  31  47  35  25  31  22  24  31  37
  34  24  18  18  14  22  22  34 116 145 151 153 153 153 153 154 155 155
 156 156 154 159 152 154 155 159 159 124]","[ 69 147 139 145 141 142 144 144 145 145 145 146 146 146 147 147 148 138
 142 138 161 142 144 148  40  30  20  17  23  29  31  29  22  26  29  29
  25  20  15  13  12  17  23  28  59 155 161 149 154 154 155 155 156 157
 157 158 160 159 157 165 160 163 165 125]","[ 69 147 139 145 142 142 144 145 145 145 146 146 146 147 147 147 145 145
 154 146 127  88  69  59  34  25  16  14  19  24  25  23  19  21  24  24
  21  17  14  12  14  18  22  22  67 149 157 151 156 156 157 158 159 159
 160 160 162 161 160 167 162 166 168 127]","[ 70 148 140 146 142 143 145 145 146 146 146 147 147 147 148 148 146 148
 151 131  66  33  21  15  28  21  15  14  18  22  21  19  14  16  18  18
  16  13  12  13  18  21  22  21  89 147 156 156 159 159 160 160 161 162
 163 163 165 164 162 170 165 170 171 131]","[ 71 148 141 146 143 144 146 146 147 147 147 147 148 148 148 149 146 150
 147 120  29  14  19  23  25  21  17  17  20  22  20  18  11  13  14  14
  13  12  13  15  22  23  23  34 122 154 159 159 160 160 161 162 163 163
 164 164 166 165 164 172 167 171 173 133]","[ 72 149 142 147 144 144 146 147 147 148 148 148 149 149 149 149 142 155
 156 123  31  17  20  16  23  20  18  19  21  22  19  17  11  12  14  14
  13  14  16  18  22  21  25  60 151 162 160 157 160 160 161 162 162 163
 164 164 166 165 164 172 168 172 174 134]","[ 72 150 142 148 145 145 147 148 148 148 149 149 149 150 150 150 147 156
 146  99  29  19  22  14  19  18  16  17  18  18  17  15  12  14  16  16
  16  17  19  20  19  21  33  95 165 163 158 156 160 160 161 162 162 163
 164 164 166 165 164 172 168 173 175 135]","[ 73 151 143 149 145 146 148 148 149 149 149 150 150 150 151 151 154 152
 122  54  19  16  27  19  18  17  16  15  16  16  16  15  13  15  18  19
  19  19  20  21  20  27  48 132 168 157 156 161 161 161 162 163 163 164
 165 165 166 166 165 173 169 174 176 136]","[ 73 151 143 149 146 146 148 148 149 149 150 150 150 151 151 151 153 147
 110  34  21  15  23  10  19  18  17  16  16  16  17  17  13  16  19  20
  20  19  20  21  23  35  63 157 167 152 156 168 162 162 163 164 164 165
 166 166 167 167 166 174 171 176 178 138]","[ 74 152 145 151 147 147 148 148 148 149 150 151 151 151 151 150 155 152
 119  16  29  14  19  12  19  18  17  18  20  20  18  16  12  12  16  19
  18  15  19  26  25  20 109 157 158 169 154 162 161 161 162 162 163 164
 165 165 166 170 170 174 168 175 178 136]","[ 74 152 145 151 147 147 148 148 148 149 150 150 151 151 151 150 154 149
 104  18  25  16  15  14  17  16  16  17  19  20  18  17  13  13  16  18
  16  12  15  22  33  38 124 161 157 167 155 163 161 162 162 163 164 165
 165 166 166 170 170 174 168 175 178 136]","[ 74 152 145 151 147 147 148 148 148 149 149 149 150 150 150 151 154 147
  85  23  21  20  13  19  16  15  14  15  17  18  18  16  13  13  16  19
  17  14  18  25  41  63 143 166 155 164 158 165 162 163 163 164 165 166
 166 167 166 170 170 174 168 175 178 136]","[ 74 152 145 151 147 147 148 148 149 149 148 149 149 150 150 151 155 147
  68  28  20  24  13  24  17  15  14  14  15  16  15  14  13  14  17  21
  21  21  28  36  46  85 157 169 155 163 161 165 163 163 164 165 166 166
 167 167 166 170 170 174 168 175 178 136]","[ 74 152 145 151 147 147 148 148 149 148 148 147 148 149 150 151 153 147
  57  29  18  23  13  23  20  17  14  13  14  14  13  12  16  15  18  22
  24  27  37  47  58 104 162 168 157 163 163 164 163 163 164 165 166 166
 167 167 166 170 170 174 168 175 178 136]","[ 74 152 145 151 147 147 148 148 149 148 147 146 147 148 150 151 149 147
  54  25  17  19  15  17  21  18  14  13  13  14  14  13  19  17  18  23
  27  34  48  61  85 127 162 165 159 162 164 162 162 163 163 164 165 166
 166 167 166 170 170 174 168 175 178 136]","[ 74 152 145 151 147 147 148 148 149 148 147 146 146 148 150 151 149 153
  62  25  22  17  22  14  19  16  13  13  14  16  17  17  19  18  19  26
  35  48  68  85 124 152 162 160 161 161 163 161 161 162 162 163 164 165
 165 166 166 170 170 174 168 175 178 136]","[ 74 152 145 151 147 147 148 148 149 148 146 145 146 148 150 151 151 159
  71  27  28  19  29  15  16  14  12  12  15  18  20  21  17  16  20  30
  44  63  88 108 153 169 162 158 162 160 162 160 161 161 162 162 163 164
 165 165 166 170 170 174 168 175 178 136]","[ 74 153 144 148 146 149 147 141 148 148 149 149 150 151 152 152 148 164
 100  29  18  20  21  18  17  17  17  17  17  17  17  16  20  12  24  38
  54  79 118 165 161 161 160 160 160 159 159 159 163 163 163 163 163 163
 163 163 166 165 164 172 168 173 175 135]","[ 73 153 144 148 147 149 148 142 148 149 149 150 151 152 152 152 155 161
 118  41  26  22  19  21  19  18  18  17  17  16  16  16  20  22  34  48
  76 114 145 167 161 161 161 161 160 160 159 159 165 165 165 165 165 165
 165 165 167 166 165 173 169 173 175 135]","[ 71 151 144 148 146 149 148 143 146 146 147 148 149 149 150 150 153 150
 138  47  25  20  15  21  20  20  19  18  17  16  15  15  15  28  41  60
  99 143 163 158 159 159 159 158 158 158 157 157 164 164 164 164 164 164
 164 164 166 166 164 172 167 171 173 133]","[ 71 152 145 149 147 150 150 146 146 146 147 147 148 149 150 150 151 147
 157  52  15  19  18  22  21  21  20  19  17  16  15  14  16  34  49  84
 126 157 167 151 159 159 158 158 158 157 157 157 162 162 162 162 162 162
 162 162 166 165 163 171 166 170 171 131]","[ 75 157 152 156 152 155 157 154 155 155 156 156 157 158 159 159 160 160
 176  70   9  21  25  22  22  21  20  19  17  16  15  15  26  42  63 121
 161 167 176 165 168 168 167 167 167 166 166 166 169 169 169 169 169 169
 169 169 171 170 167 174 169 172 174 133]","[ 80 163 159 163 159 162 165 163 167 168 168 169 170 171 171 172 171 171
 181 104  14  18  22  17  21  21  20  19  18  17  16  16  28  45  70 147
 186 173 185 182 181 180 180 180 179 179 179 178 179 179 179 179 179 179
 179 179 178 177 174 181 175 178 179 138]","[ 80 164 161 165 160 163 166 166 171 171 172 173 173 174 175 175 175 171
 175 150  36  17  19  20  20  20  20  19  19  18  18  17  22  44  68 152
 191 174 188 181 184 184 184 183 183 182 182 182 182 182 182 182 182 182
 182 182 181 180 177 183 177 180 180 140]","[ 76 161 158 162 157 160 164 163 166 167 167 168 169 170 170 171 179 170
 171 189  64  24  23  33  20  19  19  19  19  19  19  19  20  46  68 149
 190 175 189 174 180 179 179 179 178 178 178 178 177 177 177 177 177 177
 177 177 180 179 176 182 176 178 179 138]","[ 80 161 156 160 159 164 166 164 166 167 167 168 169 169 170 170 175 172
 167 182 134  17  23  14  20  19  18  17  18  19  21  22  27  37  67 157
 176 181 178 181 179 179 179 178 178 178 177 177 176 176 176 175 175 175
 174 174 174 174 172 179 174 177 177 136]","[ 79 161 155 160 158 163 165 163 164 164 165 166 166 167 168 168 169 172
 165 178 144  33  23  18  20  19  18  17  18  19  21  22  25  35  64 151
 175 178 175 178 177 177 177 176 176 175 175 175 174 174 174 173 173 172
 172 172 172 171 169 177 171 174 175 134]","[ 78 160 154 158 157 161 163 161 161 162 162 163 164 164 165 165 162 173
 162 174 159  58  22  22  20  19  18  18  18  19  21  22  23  33  59 140
 174 175 172 174 174 174 174 174 173 173 172 172 171 171 171 171 170 170
 169 169 170 168 166 173 167 170 171 130]","[ 76 158 152 157 155 159 161 159 159 160 160 161 162 163 163 164 158 174
 161 169 171  85  20  24  20  20  19  18  18  20  21  22  23  33  54 126
 172 172 171 171 173 172 172 172 171 171 171 171 170 169 169 169 168 168
 168 168 168 167 164 170 164 167 168 128]","[ 75 157 150 155 152 156 158 156 158 159 159 160 161 162 162 163 158 173
 161 164 175 108  18  23  21  20  19  18  19  20  22  23  25  33  49 112
 171 170 170 171 171 171 171 171 170 170 170 169 168 168 168 168 167 167
 167 166 167 165 162 167 161 165 166 126]","[ 74 155 149 153 150 154 156 153 157 157 158 158 159 160 160 161 159 167
 161 161 171 125  20  23  21  20  19  19  19  21  22  23  27  33  44  96
 168 166 169 171 170 170 169 169 168 168 168 168 167 167 166 166 165 165
 165 165 166 164 159 164 158 162 164 124]","[ 73 154 148 151 149 152 154 152 154 154 155 156 156 157 158 158 159 159
 160 159 164 136  25  24  21  21  20  19  19  21  22  24  28  33  38  83
 164 162 167 170 167 167 167 166 166 165 165 165 164 164 164 163 163 162
 162 162 163 161 156 161 154 158 160 120]","[ 72 153 147 151 148 152 153 151 152 152 153 153 154 155 155 156 158 152
 159 158 159 142  30  26  22  21  20  19  20  21  23  24  28  31  34  74
 160 159 165 169 165 165 164 164 164 163 163 163 162 162 161 161 161 160
 160 160 161 159 153 158 151 155 157 118]","[ 75 151 142 148 146 147 149 148 151 151 152 152 153 153 153 153 157 160
 156 154 159 140  40  20  21  22  22  21  20  21  24  26  28  23  44  61
 151 157 169 162 162 161 161 161 160 160 160 160 157 156 155 154 153 151
 150 150 145 151 144 145 141 142 142 111]","[ 74 150 141 146 145 146 148 147 150 150 150 151 151 152 152 152 155 157
 154 153 158 139  39  21  21  22  22  21  20  21  23  26  29  25  43  59
 145 152 163 156 156 156 156 155 155 155 154 154 152 152 151 150 148 147
 146 146 145 150 143 144 141 141 142 110]","[ 72 148 139 145 143 144 146 145 148 148 148 149 149 149 150 150 151 153
 150 151 155 136  38  22  22  22  22  21  20  20  23  26  29  28  41  55
 135 148 156 150 152 152 152 151 151 150 150 150 149 149 148 147 146 145
 144 143 144 149 142 143 140 140 141 109]","[ 71 146 137 143 141 143 144 143 146 146 146 146 147 147 148 148 148 149
 147 148 153 132  36  23  22  23  23  21  20  20  23  25  28  31  39  52
 125 146 154 148 152 152 152 151 151 150 150 150 150 150 149 148 147 146
 146 145 143 148 142 143 139 139 140 109]","[ 69 145 136 142 140 141 143 142 144 144 144 145 145 146 146 146 146 146
 144 147 151 128  33  24  23  23  23  21  20  20  22  25  25  34  37  50
 117 148 154 150 152 152 151 151 150 150 150 150 150 150 149 149 148 147
 147 146 143 148 142 143 139 139 140 109]","[ 69 145 135 141 139 141 142 142 143 143 144 144 144 145 145 145 146 145
 143 147 149 125  31  24  23  24  23  21  19  19  22  24  24  37  35  48
 109 149 154 151 150 150 149 149 149 148 148 148 148 148 147 147 146 146
 145 145 144 149 142 143 140 140 141 109]","[ 69 145 135 141 139 141 142 142 143 143 143 144 144 145 145 145 146 145
 143 147 148 122  29  24  24  24  23  21  19  19  21  24  23  40  34  45
 101 147 152 149 150 149 149 149 148 148 148 147 147 147 146 146 146 145
 145 145 145 150 143 144 141 141 142 110]","[ 69 145 136 141 140 141 143 142 143 143 143 144 144 145 145 145 147 145
 143 147 148 121  28  24  24  24  24  21  19  19  21  23  23  41  33  44
  97 145 149 146 151 151 151 150 150 150 149 149 148 148 148 147 147 147
 147 147 145 151 144 145 141 142 142 111]","[ 70 140 140 140 137 144 136 141 141 141 141 141 142 142 143 143 144 145
 146 148 146 119  26  22  24  23  23  22  22  23  23  24  23  34  34  49
  89 154 149 149 146 147 148 148 149 148 148 148 146 146 147 148 148 147
 146 146 139 146 142 146 143 143 142 110]","[ 72 142 141 141 139 146 139 144 146 146 146 146 147 147 148 148 145 146
 145 148 148 123  33  31  23  23  22  22  22  22  23  23  26  34  33  46
  80 145 141 142 152 152 153 153 153 153 152 151 151 151 152 152 152 152
 151 151 145 152 147 150 147 147 146 114]","[ 66 136 135 135 134 142 135 140 142 142 142 142 143 143 143 144 146 146
 143 143 141 115  24  22  22  22  21  21  21  21  22  22  25  31  33  45
  75 143 147 149 149 149 149 149 148 147 146 145 146 146 147 148 148 147
 146 146 142 148 143 145 142 141 140 108]","[ 72 142 140 140 139 147 141 146 145 145 146 146 147 147 147 147 150 150
 149 150 147 120  28  24  22  21  21  20  20  21  21  22  26  29  33  45
  68 139 151 154 153 153 153 152 151 150 148 147 149 149 150 151 151 150
 149 149 146 152 146 148 144 144 143 111]","[ 71 140 138 137 135 144 138 144 143 143 143 144 144 144 145 145 138 141
 143 147 147 120  28  24  22  21  21  20  20  21  21  22  30  30  36  44
  58 129 147 149 149 149 149 149 148 146 145 144 145 146 147 147 147 147
 146 145 143 149 142 144 140 140 140 108]","[ 73 142 139 137 135 143 137 144 145 145 145 146 146 147 147 147 145 146
 146 149 146 119  26  21  22  22  21  21  21  21  22  22  28  26  37  46
  53 127 152 155 150 150 150 150 149 148 147 146 147 147 148 149 149 148
 147 147 145 150 143 144 141 142 142 111]","[ 77 145 142 139 136 144 138 144 146 146 146 147 147 147 148 148 153 152
 149 149 147 121  31  29  23  23  22  22  22  22  23  23  26  23  36  44
  44 116 145 146 149 149 150 150 150 149 148 148 147 148 148 149 149 148
 148 147 144 149 143 144 141 142 144 113]","[ 49 117 113 109 106 113 107 114 113 113 114 114 114 115 115 115 114 113
 111 114 118 101  18  21  24  23  23  22  22  23  23  24  33  25  36  37
  26  92 117 114 115 115 116 117 117 117 116 116 114 115 115 116 116 115
 115 114 110 116 109 111 108 110 112  81]"
