"[ 40  56  45  48  57  55  59  53  51  53  57  61  65  68  70  70  67  79
  97 112 119 120 118 116 121 116 110 105  98  87  75  66  63  59  58  62
  68  65  54  43  30  27  23  21  25  30  25  16  53  51  48  47  48  46
  42  39  47  46  40  48  44  45  63  55]","[ 55  82  82  89  98  96 102  99 104 104 104 106 108 112 114 116 121 126
 137 152 173 198 221 233 236 243 249 249 249 240 223 211 183 165 141 122
 114 111 108 106  90  81  67  45  20   9  25  49  92  86  78  74  74  74
  73  70  57  78  77  72  74 102 134 118]","[ 38  66  63  62  63  62  76  78  78  78  78  80  84  90  95  99 100 102
 104 108 113 121 131 137 156 168 187 208 226 241 251 254 253 250 237 216
 188 157 129 111 109  93  86  91  88  76  79  93  85  77  67  63  66  70
  71  71  70  77  69  78 103 138 153 117]","[ 55  85  81  75  72  67  77  75  69  69  69  70  73  77  81  84  87  91
  97 100  98  94  90  88  97 102 108 118 131 150 171 185 207 223 245 255
 255 255 242 231 187 159 130 116 107  96  87  85  72  66  61  62  68  74
  76  75  82  78  79 114 140 148 144 110]","[ 46  81  85  86  86  79  78  66  67  67  67  66  64  63  61  60  68  69
  71  73  76  81  87  92  93  96  98  97  94  93  94  97 113 120 133 149
 169 192 213 227 239 245 230 183 129  95  82  78  75  74  75  78  82  84
  83  82  76  98 123 151 151 142 146 128]","[ 56  90  88  82  81  78  81  72  78  79  80  80  80  79  77  76  73  72
  69  65  61  61  64  66  73  77  83  88  90  92  93  94 106 103  98  94
  94 100 109 116 125 162 179 148 101  74  65  60  74  77  80  81  80  80
  80  81  95 129 144 147 141 147 150 116]","[ 69 107 106  95  87  82  88  81  79  79  79  79  79  79  80  80  73  75
  78  77  74  70  67  66  64  62  60  61  65  69  73  75  73  78  86  93
  97  96  91  87  85  93  92  76  64  65  71  74  77  82  86  86  84  89
 100 110 143 156 150 147 150 160 156 111]","[ 86 143 165 165 154 136 129 113 104 100  94  88  83  80  79  79  79  79
  78  77  75  77  80  83  78  74  71  69  68  64  58  53  64  61  60  62
  68  74  77  79  78  74  73  73  69  62  60  63  72  78  83  83  86  99
 122 140 150 151 147 157 152 144 147 127]","[ 68 151 139 144 153 157 156 160 161 160 157 150 138 124 110 102  96  93
  88  83  79  76  75  75  77  75  75  77  81  82  79  76  65  60  54  50
  49  48  47  46  50  46  48  57  65  70  74  78  85  80  79  90 111 131
 145 150 152 156 148 152 153 155 154 120]","[ 80 164 151 151 152 150 145 147 136 140 146 152 158 162 164 165 161 155
 146 135 124 115 109 106  89  83  76  70  70  72  75  77  69  68  68  68
  67  64  58  54  48  39  37  46  60  69  76  80  80  84  94 110 130 145
 153 155 154 158 150 154 155 157 156 122]","[ 86 176 168 167 165 162 158 161 151 150 148 146 145 145 145 146 157 156
 156 157 159 162 165 167 161 152 136 117  99  87  82  81  72  71  69  68
  65  60  53  49  50  40  36  47  63  74  81  85  88 100 119 139 153 159
 159 157 157 160 152 156 157 159 158 124]","[ 87 184 181 181 179 178 176 180 174 171 167 162 158 156 154 154 143 143
 142 143 144 145 147 148 154 154 151 142 129 117 110 107 102  96  87  78
  72  67  63  60  53  46  44  52  64  74  84  92 113 127 147 162 167 164
 159 156 158 162 154 157 158 160 158 124]","[ 91 190 188 186 181 179 176 178 183 183 183 182 182 182 181 181 172 169
 165 159 153 148 144 142 132 137 143 143 138 132 128 127 124 117 107  97
  89  83  78  74  61  55  50  51  56  70  92 111 141 152 165 171 170 165
 160 159 159 162 154 158 158 160 158 124]","[ 91 191 190 187 184 186 183 182 188 188 188 186 183 179 176 174 182 182
 182 182 182 182 181 181 168 167 164 159 152 146 143 142 133 131 127 123
 118 110 101  95  89  81  71  64  66  83 115 143 158 164 171 174 172 168
 166 166 161 164 156 159 159 161 159 124]","[ 90 192 190 189 191 197 195 193 187 188 189 190 191 191 191 191 181 181
 181 180 179 178 177 177 178 174 170 167 166 167 167 166 162 160 158 156
 153 148 140 135 127 118 109 103 103 115 140 162 164 168 173 176 176 173
 171 169 163 166 158 161 161 162 160 126]","[ 95 194 191 189 191 197 194 190 191 191 190 189 189 190 191 192 189 189
 189 189 188 187 186 185 187 183 179 178 179 178 174 170 175 170 164 159
 156 155 154 152 149 144 139 137 136 139 148 159 166 170 175 179 180 177
 172 168 165 168 160 163 163 164 162 128]","[ 92 194 193 191 190 194 193 193 192 192 192 192 192 192 192 192 189 188
 186 186 187 188 186 185 186 186 185 184 182 181 180 179 174 173 171 169
 166 162 159 158 155 148 140 140 146 153 157 157 169 172 176 179 180 179
 176 174 172 169 165 169 161 163 163 123]","[ 92 193 193 191 190 193 193 193 192 192 192 192 192 192 192 192 190 188
 187 187 188 188 187 185 187 186 185 184 183 182 181 180 177 176 174 172
 169 166 163 161 157 150 143 142 148 155 159 159 169 172 176 180 181 180
 178 176 173 171 166 171 163 165 165 124]","[ 92 193 193 191 189 193 192 193 192 192 192 192 192 192 192 192 190 189
 187 187 189 189 187 186 187 187 186 185 183 182 182 181 180 179 178 176
 173 170 168 166 160 154 147 146 151 157 161 163 170 173 177 181 183 182
 181 180 175 173 169 173 165 167 167 126]","[ 91 193 193 190 189 193 192 192 192 192 192 192 192 192 192 192 191 189
 188 188 189 189 188 186 187 186 186 185 184 183 182 182 181 181 180 178
 176 173 171 170 163 158 152 150 154 160 164 167 171 174 178 181 184 184
 183 183 178 176 171 176 168 170 170 129]","[ 91 193 192 190 189 192 192 192 191 191 191 191 191 191 191 191 190 189
 187 187 189 189 187 186 186 185 185 184 184 183 182 182 180 180 179 178
 176 174 172 171 166 162 157 154 156 162 167 170 173 175 178 182 184 185
 185 184 180 178 173 178 170 172 172 131]","[ 90 193 192 189 188 192 191 191 189 189 189 189 189 189 189 189 189 187
 186 186 187 188 186 185 184 184 184 183 183 182 182 182 179 179 178 178
 176 174 173 172 168 165 160 157 158 163 169 173 174 176 179 181 183 184
 184 184 181 179 174 179 171 173 173 132]","[ 90 192 192 189 188 192 191 191 187 187 187 187 187 187 187 187 188 186
 185 185 186 186 185 183 183 182 182 182 181 181 181 181 178 178 178 178
 177 175 174 173 170 167 162 159 159 163 170 175 176 177 179 181 182 183
 183 183 182 180 175 179 172 174 174 133]","[ 90 192 191 189 188 191 191 191 186 186 186 186 186 186 186 186 187 185
 184 184 185 186 184 183 181 181 181 181 181 180 180 180 178 179 179 178
 177 176 175 174 170 168 164 160 159 163 170 175 177 177 179 180 181 182
 182 182 182 180 175 180 172 174 174 133]","[ 93 190 188 188 188 188 186 187 189 189 188 188 187 186 185 185 184 184
 184 183 183 183 182 182 181 181 181 180 180 179 179 179 179 179 178 178
 177 176 175 175 172 167 163 162 161 163 170 179 178 178 179 180 180 181
 182 182 178 182 184 188 175 173 175 137]","[ 93 190 188 188 188 188 186 187 189 188 188 187 186 185 185 185 184 184
 183 183 183 182 182 182 181 181 181 180 180 180 179 179 179 179 178 177
 176 176 175 175 173 167 163 162 161 162 169 177 178 178 179 180 181 181
 182 182 179 177 172 177 171 176 179 141]","[ 92 190 187 188 187 188 185 187 188 188 187 186 185 185 184 184 183 183
 183 182 182 182 181 181 182 182 181 181 180 180 180 180 178 178 177 177
 176 175 174 174 173 168 164 163 161 160 166 174 178 178 179 180 181 181
 182 182 187 182 175 180 174 176 174 130]","[ 92 190 187 187 187 187 185 187 187 186 186 185 184 183 183 183 182 182
 182 182 181 181 181 180 182 181 181 181 180 180 180 180 177 177 177 176
 175 174 174 173 174 169 165 164 161 159 163 170 178 178 179 179 180 181
 182 182 183 183 181 187 177 171 163 115]","[ 92 189 186 187 186 187 185 186 185 185 185 184 183 182 182 181 182 181
 181 181 180 180 180 180 181 181 180 180 180 179 179 179 177 176 176 175
 174 173 173 173 173 168 165 164 161 158 161 166 176 177 177 178 179 180
 180 181 175 178 178 181 166 159 155 113]","[ 91 189 186 187 186 187 184 186 184 184 183 183 182 181 180 180 181 181
 180 180 180 179 179 179 179 179 179 178 178 178 177 177 176 176 175 174
 173 173 172 172 171 167 165 165 161 157 159 164 175 175 176 176 177 178
 178 179 184 182 175 169 150 146 149 113]","[ 91 188 186 186 186 186 184 185 183 183 183 182 181 180 180 179 180 180
 180 179 179 179 178 178 178 178 177 177 177 176 176 176 175 175 174 174
 173 172 171 171 169 166 165 165 162 158 159 163 173 173 174 174 175 176
 177 177 175 169 158 154 141 143 148 112]","[ 91 188 186 186 186 186 184 185 183 183 182 181 180 180 179 179 180 180
 179 179 179 178 178 178 177 177 176 176 176 175 175 175 175 175 174 173
 172 172 171 171 168 165 164 165 162 158 159 163 172 172 173 173 174 175
 176 176 139 135 130 138 137 147 152 113]","[ 90 188 185 185 183 183 182 185 183 183 182 181 180 179 178 178 177 177
 176 176 176 176 177 177 174 174 173 172 172 173 174 174 175 175 175 174
 174 172 171 170 170 168 166 163 160 158 157 156 171 172 171 169 174 178
 170 157 110 105 112 139 143 143 145 113]","[ 86 184 180 180 178 179 177 180 181 181 180 180 179 178 177 177 176 176
 175 175 175 175 176 176 174 174 173 172 172 173 174 174 173 173 173 173
 172 171 170 169 168 166 164 161 159 157 156 156 165 171 174 173 172 170
 160 149 110  98  98 126 137 142 145 111]","[ 89 185 181 180 179 180 179 181 180 179 179 178 177 177 176 176 176 176
 175 174 174 175 176 176 175 174 174 173 173 174 174 175 173 173 173 173
 172 171 169 169 166 165 163 161 159 158 157 157 160 169 175 170 159 148
 139 132 114  95  89 116 132 142 144 108]","[ 89 184 178 177 177 179 177 178 176 176 176 175 175 174 174 173 174 173
 173 172 172 173 173 174 174 173 173 172 172 173 173 174 172 172 172 172
 171 170 168 167 164 163 161 159 158 157 157 157 157 165 167 155 136 120
 115 116 117  99  93 119 133 141 143 106]","[ 80 174 167 166 166 168 166 167 168 168 168 168 167 167 167 167 166 166
 165 165 165 165 166 166 167 166 166 165 165 166 166 167 166 166 166 166
 165 164 162 162 158 157 155 153 152 151 151 151 153 155 150 135 114 101
 104 113 108  98  99 126 135 139 142 109]","[ 76 168 160 158 160 162 160 160 160 160 160 160 160 160 160 160 158 158
 157 157 157 157 158 158 158 158 157 157 157 157 158 158 157 158 158 157
 157 155 154 153 150 149 147 145 143 142 142 141 145 140 132 118 103  95
 102 114  91  88  98 128 135 137 142 111]","[ 79 170 160 159 161 164 161 161 159 159 159 159 159 159 159 159 156 156
 155 154 154 155 156 156 155 155 154 154 154 154 155 155 153 153 154 153
 152 151 150 149 148 146 144 141 139 137 136 136 136 128 118 110 100  92
  96 104  83  82  94 126 134 136 140 109]","[ 79 170 160 158 161 164 161 160 161 161 162 162 162 162 162 162 158 158
 157 157 157 157 158 158 157 157 156 156 156 156 157 157 154 154 154 154
 153 152 150 150 149 148 145 142 139 137 136 135 131 121 111 106  98  88
  85  89  86  82  93 124 133 135 137 104]","[ 85 167 162 164 159 160 161 159 161 161 161 160 160 160 159 159 156 157
 157 157 157 156 155 154 154 154 153 153 153 153 153 152 153 153 154 154
 153 152 151 150 147 147 144 139 137 138 135 129 123 110 104 108 108 104
 109 120 123 112  98 114 127 133 134 103]","[ 83 166 161 163 158 159 161 158 160 160 160 159 159 159 158 158 156 156
 157 157 156 156 155 154 154 153 153 153 153 152 152 152 151 151 151 150
 149 148 146 146 142 143 141 136 135 135 131 125 119 121 117 106  98  98
 103 108 119 121 114 122 126 129 131 101]","[ 81 164 159 162 156 158 159 157 159 159 158 158 158 157 157 157 156 156
 157 157 156 155 154 154 153 153 153 152 152 151 151 151 150 150 149 148
 147 145 143 142 138 140 139 135 134 134 129 122 112 126 125 104  88  91
  99 100 109 124 125 127 121 124 129  99]","[ 79 163 157 160 155 157 158 156 157 157 157 156 156 156 155 155 155 156
 156 156 156 155 154 153 153 153 152 152 151 150 150 150 151 150 150 149
 147 144 142 141 137 139 139 136 135 134 129 121 108 117 117 102  89  90
  97 101 100 121 124 121 114 122 129  98]","[ 78 161 156 159 154 156 158 156 156 156 156 156 155 155 155 154 155 155
 156 156 155 155 154 153 153 153 152 151 150 149 149 148 149 149 148 147
 145 143 141 140 134 137 137 134 134 133 128 120 113 107 104 102  97  91
  96 106 106 121 117 114 112 123 130  97]","[ 77 161 156 159 154 157 159 157 156 156 156 156 155 155 154 154 155 155
 155 155 155 154 153 153 153 152 151 150 149 148 147 147 145 145 145 144
 142 140 138 137 132 134 133 130 130 130 125 119 122 107 100 104 103  97
 100 111 122 126 115 115 117 126 130  97]","[ 77 161 156 159 155 157 159 157 157 157 156 156 156 155 155 155 154 155
 155 155 155 154 153 152 153 152 151 150 149 147 146 146 143 144 144 143
 142 141 139 139 133 134 132 128 128 129 126 120 123 115 107 104 105 108
 114 119 128 125 113 120 124 129 132 102]","[ 78 161 156 160 155 158 160 158 157 157 157 156 156 155 155 155 154 155
 155 155 155 154 153 152 152 152 151 150 148 147 146 145 145 145 145 145
 145 144 142 142 136 136 134 130 129 131 129 124 118 121 115 103 104 118
 128 127 124 119 111 123 128 130 134 109]","[ 72 162 154 155 156 155 155 160 158 158 158 158 158 159 159 159 159 158
 158 158 157 157 157 157 158 158 158 157 156 154 153 152 152 151 150 148
 145 142 140 138 137 136 134 133 132 131 127 125 117 115 117 123 126 124
 122 123 108 116 116 127 129 131 136 111]","[ 79 170 162 163 164 163 162 167 165 165 165 165 166 166 166 166 163 163
 163 162 162 162 161 161 159 159 159 158 157 155 154 153 152 151 150 148
 146 143 141 139 139 138 135 134 134 132 129 127 119 115 114 120 124 121
 117 116 111 118 117 128 130 132 137 111]","[ 85 176 169 170 170 170 168 173 171 171 171 171 171 171 171 171 166 166
 166 165 165 164 164 164 161 161 160 160 158 157 155 154 152 152 151 149
 147 144 142 140 142 140 137 136 135 134 131 129 127 119 117 124 131 129
 124 121 115 121 118 129 131 133 137 111]","[ 85 176 169 171 171 170 169 173 172 172 171 171 171 171 170 170 165 165
 165 164 164 164 163 163 162 162 162 161 160 158 157 156 153 153 152 150
 148 146 143 142 143 140 137 136 135 134 132 130 130 121 118 127 137 139
 134 130 119 123 120 129 132 134 138 110]","[ 84 175 169 171 171 170 168 172 171 171 170 170 169 169 168 168 165 165
 165 164 164 163 163 163 163 163 163 162 161 159 158 157 154 153 153 151
 149 147 145 144 143 141 137 135 135 134 132 131 128 119 116 124 134 135
 131 127 122 125 120 129 132 136 138 110]","[ 84 176 170 173 173 171 169 172 172 171 171 170 170 169 168 168 167 167
 167 166 166 166 165 165 163 163 163 162 161 159 158 157 154 154 154 152
 151 149 147 146 145 141 137 135 135 134 133 132 133 124 120 125 131 130
 126 124 123 125 118 128 133 137 139 111]","[ 84 176 171 174 174 172 169 172 172 172 171 170 169 169 168 168 168 168
 168 167 167 166 166 166 163 163 162 162 160 159 157 156 155 155 154 153
 152 150 148 147 147 143 139 136 136 136 135 134 137 130 127 130 133 131
 129 128 123 123 117 127 132 137 140 111]","[ 83 175 170 173 173 171 168 171 171 171 170 169 168 167 167 166 167 167
 166 166 166 165 165 165 162 162 162 161 160 159 157 156 155 155 155 154
 152 150 149 148 149 145 141 138 137 138 137 136 134 129 127 131 133 131
 131 133 123 123 115 126 132 137 140 111]","[ 85 177 170 173 173 172 170 173 170 170 170 170 170 169 169 169 165 165
 164 164 164 163 163 163 165 165 164 163 162 161 161 160 158 157 155 155
 154 153 150 148 143 143 142 141 139 138 137 136 133 131 129 131 135 136
 135 132 128 125 115 124 131 137 140 110]","[ 88 180 173 173 172 171 170 176 172 172 172 172 171 171 171 171 168 168
 167 167 167 166 166 166 166 166 165 164 163 162 162 161 163 162 160 160
 159 158 155 153 149 148 147 145 143 142 140 140 138 135 133 135 139 141
 140 137 130 127 116 125 132 138 141 111]","[ 86 179 173 172 169 167 168 176 170 170 169 169 168 168 168 167 166 165
 165 165 164 164 164 163 163 163 162 162 161 160 160 160 159 157 156 155
 155 154 151 148 145 144 142 140 138 136 134 133 133 130 128 130 134 136
 135 133 124 122 111 119 124 130 133 105]","[ 88 183 180 181 177 175 175 182 175 175 174 173 173 172 171 171 169 169
 168 168 168 167 167 167 168 168 168 167 167 166 166 166 163 161 160 159
 159 158 155 152 149 148 146 144 141 138 136 135 137 134 131 133 137 140
 140 138 130 128 117 124 127 132 136 109]","[ 79 175 174 177 176 173 171 176 172 171 171 170 169 168 167 167 163 163
 163 162 162 162 161 161 162 162 162 162 161 161 161 161 160 159 157 157
 156 155 152 150 146 145 143 141 138 136 134 133 135 131 128 130 134 138
 138 137 129 127 116 121 123 127 132 106]","[ 84 178 175 180 181 179 175 178 178 177 177 176 174 173 173 172 168 168
 168 167 167 167 166 166 164 164 164 164 164 164 164 164 162 161 159 159
 159 157 154 152 148 147 146 144 141 139 138 137 138 134 131 132 137 141
 142 141 131 130 118 122 122 126 132 106]","[ 95 183 173 177 180 181 176 177 178 178 177 176 175 173 172 172 169 169
 169 168 168 167 167 167 165 165 165 165 165 165 165 165 163 162 160 160
 160 158 155 153 149 148 147 145 143 142 140 140 140 136 133 134 139 143
 145 144 135 133 122 125 123 127 133 108]","[ 65 149 134 135 139 141 137 138 137 137 136 134 133 132 131 130 129 129
 128 128 127 127 127 127 126 126 127 127 127 127 127 127 131 129 128 127
 127 126 123 120 116 115 114 113 112 110 109 109 108 104 101 102 107 111
 113 113 106 105  93  95  94  97 103  79]"
