"[38 66 52 48 41 59 50 44 44 35 43 36 33 37 28 38 36 31 25 31 37 29 28 43
 25 27 29 31 31 30 29 28 28 27 27 27 28 29 32 33 37 38 41 45 49 53 56 58
 58 59 60 62 63 64 64 64 56 48 49 54 60 75 82 72]","[ 60 107 108 109  93  95  85  84  82  78  77  69  67  68  62  61  52  53
  53  53  48  39  31  28  44  43  41  38  35  32  29  28  30  29  28  27
  26  27  28  29  38  40  44  50  56  62  66  68  84  87  92  98 105 112
 117 120 121 115 116 118 116 121 118 103]","[ 52 108 110 121 115 118 116 120 117 116 103 101  98  92  91  80  80  77
  77  72  65  69  70  58  55  54  53  51  49  49  48  48  42  41  39  38
  37  37  37  37  28  28  30  32  34  36  37  38  50  52  57  65  73  82
  90  94 101  99 108 115 116 119 115  98]","[ 43  94  74  84  89  97  99 101 110 110 100 114 117 109 118 115 118 105
 101  98  89  91  92  78  73  72  70  68  65  61  59  57  56  55  54  52
  51  49  48  48  42  41  39  37  35  33  32  31  29  29  30  32  35  40
  45  48  68  69  83  95 101 111 113 100]","[ 74 143 114 111 104  97  92  87  84  81  81  92  91  83  96 112 112 105
 108 118 120 119 114 108 112 112 109 105  99  91  84  80  78  76  74  71
  67  64  61  60  61  60  59  57  55  54  53  52  51  49  46  44  43  44
  45  46  40  38  46  52  54  64  69  60]","[106 217 213 209 192 173 169 162 140 132 129  88  49  37  36  60  79  93
  93  91 100 102 102 112 108 110 112 114 115 115 114 113 108 107 105 101
  97  93  89  87  80  79  76  73  69  66  63  62  62  61  59  56  55  54
  55  55  58  53  55  53  49  56  61  52]","[113 249 252 253 253 245 248 240 235 232 223 111  31  30  14  37  80 136
 138 106 105 100  87  97  94  94  95  97 100 103 106 108 114 114 115 115
 114 112 110 109 111 109 106 102  97  93  90  88  82  82  80  79  77  75
  74  74  71  68  71  70  64  68  70  59]","[114 249 247 244 248 253 253 246 250 254 254 103  10  34  17  41  92 202
 236 205 207 198 166 163 146 139 127 115 105  99  96  95  90  92  96 101
 105 107 109 109 117 117 117 117 116 116 115 115 109 108 106 103 100  96
  93  91  87  86  92  93  85  86  84  71]","[119 247 253 251 247 248 254 248 254 252 248 113  27  28  29  41  65 219
 254 255 251 255 249 251 242 239 232 221 206 190 176 168 147 138 125 116
 111 107 101  96  99  98  97  98 102 107 113 117 121 122 124 125 125 124
 123 122 114 114 112 117 106 105 108  73]","[101 248 253 251 246 251 254 247 254 253 247 106  22  22  26  40  59 197
 254 253 251 254 250 253 254 254 254 254 253 249 245 242 243 234 222 210
 200 189 177 168 153 148 138 128 118 110 105 103 101 103 106 111 116 121
 126 128 140 139 136 141 134 139 146 111]","[122 250 251 243 245 252 254 248 254 254 249 100  24  22  26  40  52 166
 253 249 251 253 251 253 249 250 252 252 253 253 253 254 254 254 254 254
 254 254 252 247 236 231 222 210 199 189 181 177 155 149 140 129 119 111
 106 104 110 110 108 116 115 127 139 105]","[115 243 250 252 252 247 242 244 249 251 240  84  24  25  30  40  51 148
 254 248 252 253 250 253 252 251 250 249 249 248 248 248 248 248 249 253
 254 254 252 248 254 254 255 255 253 251 249 247 246 241 233 222 212 203
 197 194 166 161 150 146 133 134 133  90]","[109 250 253 249 250 244 254 254 252 254 236  66  19  21  30  39  55 151
 254 250 253 254 250 254 254 254 254 254 253 254 254 254 254 253 252 252
 252 251 251 249 248 249 251 252 253 253 253 252 251 251 251 252 251 251
 250 249 247 244 232 226 212 210 200 149]","[118 250 249 236 251 253 246 238 249 254 246  66  25  20  27  36  59 172
 255 252 253 255 249 253 252 251 251 250 250 251 251 252 251 251 251 251
 252 253 253 253 252 253 253 253 253 252 251 250 254 254 255 255 254 254
 253 251 251 253 250 254 252 254 249 197]","[106 248 252 253 253 201 129 100 151 194 219  58  31  21  27  35  60 198
 254 253 251 254 250 253 254 254 254 253 253 253 252 251 254 253 252 250
 247 246 246 246 252 251 251 251 251 251 252 252 247 247 249 250 250 251
 251 251 254 254 251 253 250 255 246 188]","[121 248 251 253 201  70   3  26   7  86 158  31  26  20  27  36  59 214
 252 254 249 254 250 253 248 249 250 252 253 254 254 254 250 252 254 253
 254 253 254 254 253 253 252 251 251 252 253 253 254 254 253 251 250 251
 252 253 253 254 249 252 252 255 251 194]","[ 73  97 108 122  83  21  17  21  24  24  26  27  24  22  29  39  72 213
 252 255 243 254 255 248 252 252 252 252 252 252 252 252 252 252 252 252
 252 252 252 252 252 252 252 252 252 252 252 252 252 252 252 252 252 252
 252 252 254 248 255 252 253 251 254 191]","[ 24  25  15  32  30  12  26  30  25  25  27  27  24  22  29  39  82 227
 254 254 248 254 254 249 252 252 252 252 252 252 252 252 252 252 252 252
 252 252 252 252 252 252 252 252 252 252 252 252 252 252 252 252 252 252
 252 252 254 248 255 252 253 251 254 191]","[ 32  26   9  18  24  20  24  16  25  26  28  28  25  23  29  38  87 238
 254 252 252 254 247 253 252 252 252 252 252 252 252 252 252 252 252 252
 252 252 252 252 252 252 252 252 252 252 252 252 252 252 252 252 252 252
 252 252 254 248 255 252 253 251 254 191]","[ 20  27  27  27  27  24  22  15  22  24  29  31  28  24  28  35  83 238
 254 247 254 253 243 255 252 252 252 252 252 252 252 252 252 252 252 252
 252 252 252 252 252 252 252 252 252 252 252 252 252 252 252 252 252 252
 252 252 254 248 255 252 253 251 254 191]","[ 19  22  23  13  10  17  18  19  17  21  28  33  30  25  27  33  79 233
 252 247 254 253 243 255 252 252 252 252 252 252 252 252 252 252 252 252
 252 252 252 252 252 252 252 252 252 252 252 252 252 252 252 252 252 252
 252 252 254 248 255 252 253 251 254 191]","[ 37  26  25  15  17  25  14  12  15  18  25  30  28  24  27  34  76 225
 251 253 254 253 245 255 252 252 252 252 252 252 252 252 252 252 252 252
 252 252 252 252 252 252 252 252 252 252 252 252 252 252 252 252 252 252
 252 252 254 248 255 252 253 251 254 191]","[ 19   8  18  18  24  32  15  19  16  17  21  23  22  22  30  40  65 207
 246 254 254 253 251 252 252 252 252 252 252 252 252 252 252 252 252 252
 252 252 252 252 252 252 252 252 252 252 252 252 252 252 252 252 252 252
 252 252 254 248 255 252 253 251 254 191]","[ 32  19  31  21  14  17   8  28  18  17  17  18  17  20  32  45  52 190
 238 254 250 253 255 251 252 252 252 252 252 252 252 252 252 252 252 252
 252 252 252 252 252 252 252 252 252 252 252 252 252 252 252 252 252 252
 252 252 254 248 255 252 253 251 254 191]","[ 24  19  16  18  20  18  18  21  18  19  21  21  22  24  28  32  63 165
 253 252 254 254 240 255 252 252 252 252 252 252 252 252 252 252 252 252
 252 252 252 252 252 252 252 252 252 252 252 252 252 252 252 252 252 252
 252 252 254 248 255 252 253 251 254 191]","[ 23  18  15  18  19  17  17  19  18  19  20  21  21  24  27  31  48 143
 254 254 235 254 255 238 252 252 252 252 252 252 252 252 252 252 252 252
 252 252 252 252 252 252 252 252 252 252 252 252 252 252 252 252 252 252
 252 252 254 248 255 252 253 251 254 191]","[ 22  17  14  16  17  15  15  17  17  18  19  20  20  22  26  29  28  85
 205 254 253 246 250 254 252 252 252 252 252 252 252 252 252 252 252 252
 252 252 252 252 252 252 252 252 252 252 252 252 252 252 252 252 252 252
 252 252 254 248 255 252 253 251 254 191]","[ 21  16  13  15  16  13  13  15  16  17  18  18  18  20  24  27  22  40
  98 196 254 254 235 255 252 252 252 252 252 252 252 252 252 252 252 252
 252 252 252 252 252 252 252 252 252 252 252 252 252 252 252 252 252 252
 252 252 254 248 255 252 253 251 254 191]","[ 21  15  12  14  15  12  12  14  15  16  17  17  17  18  22  25  26  35
  31  86 196 254 255 247 252 252 252 252 252 252 252 252 252 252 252 252
 252 252 252 252 252 252 252 252 252 252 252 252 252 252 252 252 252 252
 252 252 254 248 255 252 253 251 254 191]","[ 22  16  12  14  14  12  11  13  14  15  15  15  15  16  20  23  24  27
  27  37  71 164 250 248 252 252 252 252 252 252 252 252 252 252 252 252
 252 252 252 252 252 252 252 252 252 252 252 252 252 252 252 252 252 252
 252 252 254 248 255 252 253 251 254 191]","[ 22  16  13  14  15  12  11  13  13  14  15  14  14  15  18  21  19  21
  28  35  18  64 193 255 252 252 252 252 252 252 252 252 252 252 252 252
 252 252 252 252 252 252 252 252 252 252 252 252 252 252 252 252 252 252
 252 252 254 248 255 252 253 251 254 191]","[ 23  17  13  15  15  12  12  14  13  13  14  13  13  14  18  20  19  36
  13  23  39  56 154 255 252 252 252 252 252 252 252 252 252 252 252 252
 252 252 252 252 252 252 252 252 252 252 252 252 252 252 252 252 252 252
 252 252 254 248 254 252 253 251 254 191]","[ 26  14  13  16  10  11  16  14  11  12  13  14  15  15  15  15  18  12
  27  26  31  51 168 247 251 251 251 251 252 252 252 252 252 253 253 253
 251 250 251 252 254 253 253 252 252 252 252 253 252 252 252 253 253 254
 253 253 252 253 248 250 249 254 248 191]","[ 25  13  13  17  11  11  15  12  11  12  13  14  15  16  16  16  20  23
  22  18  31  54 205 255 255 255 255 255 255 255 254 254 250 252 253 252
 251 250 252 253 250 250 249 249 249 249 250 251 251 251 251 252 252 252
 253 253 252 253 250 253 251 254 246 189]","[ 23  12  13  18  12  11  14  10  10  11  13  15  16  17  17  17  14  28
  16  18  33  71 231 255 251 251 251 251 251 251 251 251 251 253 253 253
 253 254 254 254 254 255 255 255 255 255 255 255 254 254 254 255 254 255
 255 254 253 254 253 254 254 254 247 192]","[ 21  11  13  18  12  11  13   9  10  11  13  15  16  17  18  18   9  25
  15  25  26  89 192 192 198 198 200 202 204 206 207 208 211 213 215 215
 215 216 218 220 224 224 224 225 227 228 230 231 236 236 236 237 237 238
 238 238 239 241 238 243 238 242 237 187]","[ 20  10  12  17  11  10  12   8  11  12  14  15  17  17  18  18  14  21
  15  29  17 103 123 118 113 114 116 118 120 122 124 125 125 127 129 130
 130 131 133 135 137 137 137 138 140 142 143 144 151 151 152 152 152 153
 153 153 159 160 156 161 156 162 163 121]","[ 21  10  11  15  10   9  12   8  13  14  15  16  17  17  17  17  18  17
  14  31  36 123 103 107 122 123 123 124 124 125 125 126 127 129 131 132
 132 132 134 136 137 137 138 138 140 142 143 144 140 141 141 141 142 142
 142 142 145 144 141 146 140 146 152 115]","[ 21  10  10  13   8   8  12   9  15  15  16  17  17  16  16  15  14  20
  14  33  75 127 120 126 123 123 124 124 124 124 125 125 129 131 133 133
 132 133 135 137 140 140 140 140 142 143 144 145 147 147 148 148 148 149
 149 149 147 146 144 150 143 147 154 119]","[ 22  10   9  12   6   7  12   9  16  17  17  17  17  16  15  14  13  27
  17  32 101 108 123 121 124 124 125 127 128 130 131 131 133 135 137 137
 136 136 138 140 142 142 142 142 143 144 145 146 144 144 145 145 145 146
 146 146 146 147 147 154 145 147 152 117]","[ 20  14  10  12  12  11  11  14  15  15  15  15  15  15  15  15  22  14
  22  65 113 123 118 125 123 123 124 126 128 129 130 131 135 135 136 137
 138 140 140 141 142 142 143 143 144 145 146 146 146 146 147 147 148 149
 149 150 151 151 150 156 149 152 156 117]","[ 20  14  10  12  12  11  11  14  15  15  15  15  15  15  15  15  19  17
  34  78 118 123 117 123 124 124 125 127 129 130 131 132 136 136 137 138
 139 140 141 142 143 143 144 144 145 146 146 147 148 148 149 150 150 151
 152 152 152 152 151 157 150 153 157 118]","[ 20  14  10  12  12  11  11  14  14  14  14  15  15  15  15  15  15  21
  51  97 124 122 118 124 125 126 127 129 130 132 133 134 137 138 139 140
 141 142 143 144 144 145 145 146 147 148 148 149 151 151 152 152 153 154
 154 155 154 154 152 158 152 155 158 120]","[ 20  14  10  12  12  11  11  14  13  14  14  14  14  15  15  15  15  26
  67 113 127 121 121 127 128 128 129 131 133 134 135 136 140 140 141 142
 143 145 145 146 147 147 148 148 149 150 151 151 152 153 153 154 155 156
 156 157 156 156 155 161 154 157 161 122]","[ 20  14  10  12  12  11  11  14  12  13  13  14  14  15  15  15  17  28
  75 122 127 120 126 132 130 131 132 133 135 137 138 138 142 143 143 145
 146 147 148 148 149 149 150 151 152 152 153 153 153 154 154 155 156 157
 157 158 159 159 157 163 156 160 163 125]","[ 20  14  10  12  12  11  11  14  12  12  12  13  14  14  15  15  19  26
  77 125 126 121 131 133 132 133 134 136 137 139 140 141 144 145 146 147
 148 149 150 151 151 152 152 153 154 155 155 156 155 156 156 157 158 158
 159 159 161 161 159 166 159 162 165 127]","[ 20  14  10  12  12  11  11  14  11  11  12  13  14  14  15  15  17  21
  75 126 127 124 135 131 134 135 136 137 139 141 142 142 146 147 148 149
 150 151 152 152 153 154 154 155 156 156 157 157 158 158 159 160 160 161
 162 162 163 163 161 167 160 164 167 129]","[ 20  14  10  12  12  11  11  14  10  11  12  12  13  14  15  15  15  17
  72 127 128 127 136 129 135 136 137 138 140 142 143 143 147 148 148 150
 151 152 153 153 154 154 155 156 157 157 158 158 160 161 161 162 163 163
 164 164 164 164 162 168 161 165 168 130]","[ 26   7   8  14   7  11  18   7  14  13  13  13  13  14  15  16  22  14
  46 110 143 131 126 142 140 140 141 141 142 143 143 144 149 149 150 150
 150 151 151 151 148 148 148 147 147 146 146 145 142 142 142 141 140 139
 139 138 133 136 130 135 132 130 131 103]","[ 22   6  10  18   9   9  16  10  14  13  13  13  13  14  15  16  20  13
  37  88 123 124 120 127 126 126 127 127 128 129 130 130 126 126 127 127
 127 128 128 128 126 126 126 125 125 124 124 124 126 125 125 125 125 124
 124 124 126 129 123 129 126 125 127  99]","[ 21   7  10  19  13   7  12  14  13  13  13  13  13  14  15  15  18  14
  24  56  94 114 115 109 112 112 113 113 114 115 116 116 114 114 114 115
 115 115 116 116 115 115 115 115 114 114 114 114 117 117 118 118 118 119
 119 119 121 124 119 125 123 122 124  97]","[ 26  11   7  14  13   8   9  14  13  13  12  12  13  13  14  15  18  17
  16  30  67 104 112 101 107 107 108 108 109 110 111 111 115 115 116 116
 116 117 117 117 118 118 118 118 118 118 117 117 118 118 119 120 121 122
 122 123 120 124 118 125 124 124 126  99]","[ 37  23   7   6  11  10   8  13  13  12  12  12  12  13  14  15  20  20
  14  17  48  91 109 102 107 108 108 109 110 111 111 111 114 114 114 114
 115 115 115 116 117 117 117 117 117 117 118 118 116 116 117 118 119 120
 121 122 121 125 120 126 125 125 128 101]","[ 46  41  19   4   9  12   8  11  12  12  11  11  12  13  14  14  21  22
  16  15  35  71  98 107 107 108 108 109 110 111 111 111 111 111 111 112
 112 112 113 113 114 114 115 115 115 116 116 116 116 117 117 118 119 120
 121 121 122 125 120 127 126 126 128 101]","[ 49  60  38   9   9  12   8  10  12  12  11  11  12  12  13  14  21  21
  19  18  24  47  81 108 106 107 107 108 109 110 110 111 112 112 112 112
 113 113 114 114 115 115 115 116 116 117 117 117 120 120 121 121 122 122
 123 123 124 128 122 129 127 127 129 102]","[ 48  72  54  16   9  12   8  11  12  11  11  11  11  12  13  14  19  19
  20  20  18  29  68 107 106 107 107 108 109 110 110 111 112 112 112 112
 113 113 113 114 114 114 115 115 116 116 117 117 121 121 121 121 122 122
 122 122 128 131 126 132 130 129 131 104]","[ 51  78  73  42   8   7  24   7  11  11  12  12  12  13  13  13  16  17
  21  23  17  21  49  82 110  95 105 118 109 109 117 112 110 111 111 112
 113 114 114 114 116 117 117 118 119 120 120 120 121 122 124 125 126 126
 126 126 128 130 124 132 133 133 135 107]","[ 43  74  75  61  30   6  10   6  10  10  11  11  11  11  12  12  16  16
  21  23  16  14  33  56 112 110 113 113 108 111 115 110 118 118 119 119
 120 121 122 122 124 124 125 125 126 127 128 128 129 130 131 132 133 133
 133 133 133 135 129 137 138 139 140 112]","[ 45  78  81  80  59  14   3  13  10  10  11  11  11  12  12  12  13  14
  19  24  19  13  19  32  92 115 120 110 111 120 121 120 117 117 118 119
 119 120 121 121 123 123 124 125 125 126 127 127 128 129 130 131 132 133
 132 132 130 132 126 134 134 135 136 108]","[ 50  86  82  81  74  30   9  16  11  12  12  12  13  13  13  14  12  12
  17  23  23  18  18  22  58 107 124 110 114 121 119 122 123 124 124 125
 126 127 127 127 129 130 130 131 132 133 133 133 135 135 137 138 139 139
 139 139 136 138 132 139 140 140 141 113]","[ 46  88  81  76  82  53  23   7  10  11  11  11  12  12  12  13  14  12
  14  19  22  20  18  18  31  91 123 118 119 119 114 119 123 123 124 124
 125 126 126 127 129 129 130 130 131 132 132 133 134 135 136 137 138 138
 138 138 137 139 132 139 139 140 141 112]","[ 44  87  86  82  91  77  45   6   9   9   9  10  10  10  11  11  18  15
  13  14  17  18  16  14  15  64 107 125 130 128 127 133 127 128 128 129
 130 131 131 132 133 134 134 135 136 137 137 138 139 139 141 142 143 143
 143 143 142 144 138 145 145 145 146 117]","[ 47  79  83  84  87  81  61  17  11  11  11  12  12  13  13  13  18  16
  14  13  16  19  18  15  14  32  75 114 124 123 128 131 132 132 132 133
 134 135 135 136 138 138 138 139 140 141 141 142 143 144 145 146 147 147
 147 147 146 148 142 148 148 148 149 120]","[ 49  66  70  73  69  68  64  27  15  15  16  16  17  17  17  17  16  16
  15  15  19  23  23  21  22  12  46  93 102  98 102 100 101 102 102 103
 104 105 105 106 107 108 108 109 110 111 111 112 113 113 115 116 117 117
 117 117 116 117 111 117 117 117 118  89]"
