"[30 28 30 29 30 31 28 29 30 29 29 29 30 29 29 29 28 29 29 28 28 29 29 29
 30 28 29 30 29 29 29 28 29 29 28 28 29 30 30 28 28 30 30 28 28 29 30 29
 27 28 29 29 28 28 29 30 30 30 30 29 28 29 29 30 30 29 30 30 28 28 29 29
 30 27 30 31 29 30 29 29 29 29 29 29 27 29 32 28 29 31 28 30 27 28 29 30
 29 28 28 29 29 29 29 30 29 29 30 29 29 29 29 29 28 31 29 27 29 30 29 31
 29 29 28 29 30 29 29 28 30 30 28 30 29 27 30 30 30 29 28 29 30 29 28 28
 29 28 30 29 29 29 28 29 29 29 29 29 29 30 30 28 29 29 29 29 29 29 29 29
 28 28 29 29 28 29 30 28 30 29 28 28 29 29 29 29 29 28 28 30 30 29 28 28
 29 29 28 30 29 30 29 32]"
"[29 27 32 28 28 29 30 33 29 28 28 28 28 29 30 31 29 30 30 30 29 29 29 29
 28 29 29 29 29 30 29 29 30 30 29 29 29 30 29 27 31 28 28 29 30 29 27 26
 32 30 29 29 31 31 29 26 29 28 28 29 30 29 28 28 29 28 27 28 30 30 30 30
 29 30 29 29 28 27 28 29 31 29 29 29 29 29 29 29 26 30 26 31 31 29 28 29
 30 30 30 30 29 28 27 28 28 29 28 28 29 29 28 27 30 27 28 31 30 28 27 26
 28 30 30 30 28 27 30 31 29 30 31 32 30 28 30 28 28 29 29 28 28 29 30 30
 30 29 31 29 28 29 28 30 27 29 30 29 27 27 28 29 30 30 30 30 30 29 29 28
 30 29 29 29 29 30 30 28 28 29 30 30 29 28 28 28 28 30 30 29 27 28 29 29
 30 30 30 28 32 26 31 27]"
"[ 29  32  52  55  55  54  54  53  52  53  54  56  59  63  68  71  78  79
  80  81  81  81  81  81  90  96  98  96  96  93  87  83  77  73  66  59
  55  54  53  53  46  40  37  40  41  40  41  44  38  39  40  41  42  40
  37  34  32  29  27  30  37  47  60  71  78  94 104 103 100  97  94  94
 101 102 104 111  93  51  28  25  22  21  23  22  24  29  36  52  93 113
 114 116 114 115 116 113 114 114 114 113 113 114 116 117 117 117 117 118
 119 120 119 117 119 117 120 122 119 117 119 119 117 116 116 115 113 109
 106 104 111 113 114 116 120 124 130 131 130 136 139 140 141 144 146 145
 145 147 152 153 154 156 157 160 168 170 173 175 177 180 183 185 192 194
 198 200 200 198 194 192 181 177 175 174 174 177 178 177 174 178 181 183
 182 181 181 181 181 186 193 200 206 207 202 194 187 179 185 189 188 197
 183  29]"
"[ 28  29  54  57  55  55  57  55  55  55  54  52  52  53  55  56  55  58
  61  65  68  71  73  74  74  81  81  82  88  90  90  92  93  91  88  84
  80  77  72  69  58  49  43  44  43  40  36  36  41  42  44  45  45  45
  43  40  39  39  40  40  38  34  35  39  37  40  39  44  61  72  74  76
  82  87  89  90  66  33  24  21  21  21  26  24  23  22  27  51  87 114
 115 114 114 117 121 119 118 117 115 111 109 109 111 113 114 115 116 117
 119 120 119 118 119 119 121 121 121 121 121 121 118 115 116 120 126 128
 126 125 119 118 112 109 109 108 111 112 115 119 124 127 130 134 136 137
 137 140 147 149 151 153 154 157 161 160 160 163 167 169 169 169 167 168
 171 175 180 185 189 192 198 193 188 184 181 181 180 177 174 178 182 183
 183 182 181 181 179 180 179 175 173 177 186 193 202 205 196 190 184 179
 189  29]"
"[ 31  29  54  54  52  52  55  53  54  54  53  53  54  55  56  55  52  53
  55  55  55  55  55  54  56  60  61  64  72  75  77  83  80  82  84  87
  90  91  90  88  94  90  88  90  91  86  77  69  57  52  44  39  41  45
  46  45  47  44  42  43  42  40  41  45  37  39  39  40  40  33  31  40
  45  55  67  70  46  23  25  21  19  18  21  21  25  24  28  52  97 112
 108 112 114 115 116 118 122 122 120 116 114 114 115 115 114 116 117 118
 119 119 119 118 119 119 118 120 126 124 120 121 118 108 103 100 104 112
 118 127 127 128 122 122 123 120 120 121 118 116 115 115 115 114 114 116
 124 127 133 136 139 142 144 148 151 151 154 160 166 171 174 176 174 173
 172 171 171 171 172 173 173 172 175 178 181 185 186 183 180 183 184 183
 182 181 179 176 181 181 180 176 169 162 163 167 176 179 189 188 185 184
 181  28]"
"[ 30  27  56  57  58  56  56  53  54  54  54  53  54  54  53  50  50  52
  54  55  55  56  57  57  51  53  53  56  60  57  55  57  60  61  61  63
  67  72  74  75  77  83  90  94  95  95  92  88  91  91  89  85  80  73
  63  55  55  49  44  45  48  50  50  50  45  47  45  43  45  43  41  42
  39  47  58  58  34  16  20  19  21  21  21  20  22  22  29  53  92 104
 104 106 108 111 108 107 109 112 114 114 115 117 118 117 114 115 116 116
 115 115 115 115 114 113 112 116 120 118 118 123 104  82  65  57  61  74
  88 107 122 126 123 123 126 124 125 128 128 124 123 124 122 116 112 112
 114 114 118 120 123 128 131 136 134 136 140 143 146 148 152 156 167 169
 174 178 180 180 178 177 179 177 176 176 177 179 179 177 181 183 183 181
 182 183 183 180 181 177 178 184 188 187 186 187 180 173 166 165 170 177
 177  32]"
"[ 30  29  58  56  58  55  55  54  55  56  57  57  57  58  57  55  55  56
  57  57  57  57  57  57  56  55  53  53  56  58  60  60  57  57  57  58
  58  58  56  54  60  66  72  73  72  74  78  81  86  90  92  91  91  93
  94  93  89  83  75  70  66  62  58  56  47  47  45  45  48  50  48  43
  47  61  61  42  24  23  25  19  14  19  22  24  25  23  32  50  73  86
  92  91  94 108 107 106 103 106 109 110 112 114 114 113 114 114 114 114
 114 115 116 116 115 113 115 117 115 119 122 118  90  63  46  38  41  51
  63  83 111 122 122 120 122 123 125 127 122 122 125 128 129 127 123 122
 118 116 117 116 118 121 122 125 128 129 132 134 134 134 138 142 142 144
 147 152 158 163 167 170 182 180 178 176 174 175 176 174 179 180 180 179
 180 184 185 184 184 182 181 181 180 181 186 192 194 202 198 193 186 185
 184  26]"
"[ 28  29  60  58  61  58  56  57  57  59  61  59  59  60  60  58  56  57
  58  57  56  56  56  56  56  56  56  55  56  59  60  56  61  59  57  55
  55  56  56  56  58  57  55  54  55  57  59  59  64  69  73  76  81  87
  89  87  90  93  97  96  91  85  81  79  68  60  60  64  57  47  47  53
  57  66  59  36  24  21  16  18  20  22  19  20  23  24  34  47  40  42
  47  50  61  84  88  92 100 102 104 104 106 109 109 108 106 106 105 106
 108 111 112 112 116 112 116 116 114 125 121  94  65  46  39  37  37  41
  49  69 102 120 125 122 122 123 124 123 125 125 124 124 124 124 124 123
 123 121 122 122 124 127 126 127 124 124 125 128 129 129 131 134 138 138
 138 137 138 139 140 141 141 145 153 161 168 175 180 181 179 180 178 175
 175 178 179 178 179 179 179 179 178 177 178 178 180 180 190 192 193 196
 184  31]"
"[ 28  28  65  64  65  64  64  62  64  65  65  63  62  65  65  61  57  58
  59  59  59  58  59  59  57  57  58  58  58  58  58  59  57  56  57  58
  57  54  53  54  57  56  58  59  57  58  59  59  59  58  59  59  59  59
  64  69  73  75  81  80  84  82  86  87  89  93  93  87  83  81  79  79
  74  61  43  27  21  19  16  20  18  20  18  20  22  28  42  52  47  45
  41  36  37  39  37  32  33  37  48  62  75  86  96 104 104 105 106 104
 107 107 108 104 108 108 109 117 119 121  97  67  45  34  29  27  32  38
  43  52  84 109 112 117 119 120 121 123 122 124 123 122 122 121 122 124
 125 125 124 125 126 127 128 129 129 129 129 130 131 131 128 125 122 121
 122 123 121 123 130 140 143 141 140 141 142 145 151 157 163 171 177 177
 177 178 178 174 178 178 177 177 179 184 190 194 189 178 171 173 174 175
 181  28]"
"[ 30  29  75  73  73  73  68  67  68  69  69  67  65  66  65  60  58  60
  62  63  64  63  62  61  60  61  63  63  61  60  60  61  61  59  56  56
  56  57  58  59  58  57  58  59  57  58  59  59  59  58  58  57  56  55
  57  60  60  61  65  63  66  64  66  66  65  72  80  83  84  84  82  79
  70  51  31  20  19  20  16  18  18  19  20  23  24  34  50  56  51  49
  47  47  49  49  47  45  43  43  44  45  43  40  40  42  48  54  69  83
  96  99 104 107 106 108 110 113 124 107  73  44  28  24  25  25  28  33
  39  51  85 114 118 118 118 118 117 115 119 122 122 121 121 121 121 123
 123 123 124 125 127 128 129 129 129 130 131 131 132 132 132 131 128 126
 124 124 123 121 122 125 134 135 137 138 138 139 142 147 149 148 147 149
 155 163 169 172 180 181 182 180 179 179 178 178 186 186 190 193 190 186
 185  28]"
"[ 30  28  81  78  79  81  75  77  74  75  76  75  73  74  72  68  68  69
  70  71  70  69  67  65  65  66  67  65  61  59  59  60  66  64  61  60
  60  60  59  57  60  59  59  60  58  59  61  61  61  61  61  60  60  60
  59  59  63  63  64  63  65  63  63  62  57  59  63  64  65  70  74  72
  53  38  28  23  20  18  16  18  19  17  20  25  30  49  73  78  69  63
  57  55  53  49  48  50  52  51  50  50  47  43  42  44  46  41  38  34
  39  43  51  54  74  90 110 116 107  69  37  24  25  25  25  25  27  31
  39  55  86 115 120 118 118 120 120 117 116 119 119 118 118 118 119 121
 124 124 124 124 125 126 128 129 128 130 132 132 131 131 131 132 131 130
 128 127 126 124 123 122 121 125 129 130 128 127 129 131 139 137 138 141
 143 144 147 150 153 157 162 167 170 172 172 172 170 171 172 176 182 187
 184  29]"
"[ 29  27  83  81  83  85  80  81  80  80  82  81  80  80  80  78  80  79
  78  77  77  76  74  73  72  72  71  68  65  63  64  65  64  65  64  63
  63  64  63  60  62  61  62  62  62  63  64  64  61  61  61  62  63  64
  63  61  62  62  62  62  63  62  62  61  62  60  62  62  59  62  62  55
  37  30  29  26  19  17  17  19  19  19  20  26  40  63  86  91  98  96
  96  95  91  84  80  81  74  70  66  62  58  53  50  50  53  51  51  48
  49  48  50  50  61  81 100  96  58  32  22  24  26  24  22  23  26  27
  37  55  83 104 111 111 113 114 116 116 116 118 118 116 116 116 117 119
 120 121 122 122 122 123 124 125 125 128 130 130 129 129 129 128 129 130
 130 127 126 127 129 129 127 131 134 133 131 130 131 132 128 128 130 132
 132 133 137 143 145 147 150 152 154 155 155 154 158 160 160 157 159 167
 170  32]"
"[ 30  29  85  86  87  85  84  79  84  83  84  83  81  80  81  80  83  82
  81  81  82  82  81  80  78  77  76  75  74  74  74  75  69  70  69  66
  66  67  67  66  64  63  64  65  64  65  66  65  63  63  63  63  64  65
  64  62  65  65  65  66  65  65  64  64  62  61  65  66  63  63  58  47
  34  27  25  20  16  19  20  19  18  23  21  29  47  64  75  78  82  86
  91  94  93  93  94  96  98  94  90  88  85  80  77  76  67  58  56  55
  52  46  57  72  81  88  83  60  29  25  25  22  21  19  19  24  25  25
  37  56  74  86  96 104 110 108 109 113 114 118 118 117 117 116 115 116
 121 122 123 123 122 120 120 120 122 123 125 126 126 127 127 127 126 127
 127 125 125 127 130 130 129 131 133 133 132 132 132 132 134 133 130 128
 127 128 130 131 135 136 137 138 141 144 146 146 147 151 153 151 150 152
 153  27]"
"[ 29  29  86  85  87  85  88  84  85  84  85  85  83  82  83  84  83  83
  83  83  85  85  84  82  82  82  81  81  80  80  78  77  78  78  78  75
  73  72  71  70  69  67  68  68  67  67  67  65  65  65  65  65  66  66
  66  66  67  68  67  68  64  65  63  64  63  62  64  65  63  62  55  44
  31  26  23  17  16  20  19  18  18  24  22  31  51  61  64  67  63  67
  69  69  70  74  80  83  91  90  91  95  96  95  94  94  92  86  83  80
  78  72  79  87  84  76  58  36  31  24  21  20  20  19  20  25  23  25
  44  63  66  62  59  61  71  77  89 103 112 116 118 119 119 117 115 116
 120 121 121 120 119 119 122 124 121 122 122 121 122 123 124 124 124 124
 124 124 125 128 128 126 128 129 131 133 134 134 133 133 131 135 137 135
 133 134 134 133 132 131 131 131 132 134 134 133 139 139 141 143 146 147
 146  30]"
"[ 29  28  92  89  90  89  90  90  86  86  88  90  88  86  87  88  86  85
  85  85  86  86  86  85  86  86  85  83  82  81  80  80  81  81  81  82
  82  81  80  80  77  75  75  75  73  73  73  71  68  67  68  68  67  66
  68  70  70  71  69  70  66  67  65  66  65  67  68  68  67  61  48  36
  25  25  24  20  18  18  16  19  20  23  25  39  57  64  66  68  62  64
  65  64  63  63  64  64  63  65  70  76  79  80  82  85  89  91  93  91
  94  90  84  74  65  51  35  24  26  17  18  24  20  20  21  23  22  32
  56  69  64  55  47  40  43  38  37  40  47  55  66  77  91 103 112 119
 119 121 122 121 119 118 118 119 120 121 121 120 119 119 120 120 120 121
 122 123 124 126 125 125 125 124 126 128 130 130 130 132 133 136 137 134
 131 132 134 135 133 133 132 132 133 133 131 129 128 130 132 131 129 129
 132  30]"
"[ 30  29 104 100  98  95  89  88  88  88  91  94  91  87  87  87  89  88
  86  86  87  88  90  91  89  88  87  85  83  84  86  88  88  84  81  81
  82  82  84  85  86  84  83  82  81  81  81  80  75  74  74  74  71  69
  70  74  73  74  71  73  70  71  68  69  67  69  68  66  66  59  45  34
  24  23  22  18  18  16  14  20  23  24  32  51  64  67  68  66  71  68
  66  64  64  65  66  67  65  66  68  70  69  67  68  72  76  78  82  81
  83  76  66  55  46  36  27  25  17  20  20  17  19  20  22  27  29  45
  69  74  66  59  54  47  52  50  47  43  44  46  46  44  46  49  52  56
  60  71  88 102 111 116 118 118 116 118 121 121 120 120 119 119 116 119
 121 122 120 119 121 124 125 123 123 125 126 126 129 132 131 131 130 131
 133 134 133 132 132 132 133 134 137 137 135 133 131 130 130 130 131 132
 130  27]"
"[ 29  29 116 118 118 121 120 121 112 109 106 103 102 100  96  92  88  88
  87  88  90  91  93  95  92  90  88  87  86  85  87  90  89  87  85  85
  87  89  88  87  85  88  87  84  86  88  87  85  83  81  80  81  81  78
  78  79  76  77  75  74  73  73  72  70  67  71  67  67  70  58  38  32
  24  22  21  19  18  17  18  20  26  24  39  65  67  72  73  70  72  71
  68  66  65  66  67  67  67  70  69  66  68  68  67  68  74  76  76  75
  69  56  45  40  31  27  24  21  17  19  21  18  16  23  25  25  36  59
  79  87  86  78  71  69  65  59  55  55  56  53  57  55  46  45  51  51
  49  43  44  52  59  67  74  79  84  93 111 123 124 122 124 127 125 124
 123 121 117 115 113 110 109 115 117 123 124 126 125 129 130 129 130 130
 130 129 129 129 131 129 131 132 132 134 136 133 131 133 135 134 133 130
 132  29]"
"[ 29  30 118 120 119 122 121 122 122 122 121 119 117 116 115 114 111 110
 109 108 105 101  99  97  88  88  88  88  87  85  84  85  88  89  91  91
  90  89  90  90  89  91  90  88  89  89  89  88  87  86  86  87  87  85
  84  84  85  85  84  81  80  80  79  78  74  75  71  72  70  52  31  23
  22  21  20  20  19  18  19  21  23  30  54  74  73  73  73  73  74  73
  71  69  67  68  68  68  70  71  69  68  69  70  71  74  74  79  77  66
  53  42  35  32  27  23  22  21  18  19  21  19  20  23  26  33  50  73
  90  97 102  99  97  95  95  94  93  92  80  75  73  68  58  58  62  58
  51  48  47  47  46  47  51  53  47  50  58  67  72  81  94 104 113 116
 122 125 123 122 122 121 115 116 110 111 113 119 123 131 129 130 131 131
 128 125 126 129 127 128 131 132 131 131 130 129 133 134 136 134 132 130
 131  28]"
"[ 30  30 120 121 121 123 123 122 124 126 126 124 122 122 123 124 122 122
 122 121 119 116 113 112 104 105 106 105 104 102 100  99  93  94  93  91
  88  87  90  92  92  94  93  92  92  92  93  95  94  93  92  93  93  90
  88  88  87  88  88  87  86  87  87  86  84  80  78  78  70  49  30  24
  20  19  19  19  18  18  19  22  21  36  67  78  76  74  74  75  75  75
  74  73  73  73  73  73  70  69  71  72  71  72  76  79  82  77  67  53
  42  34  28  24  24  21  21  20  18  18  20  19  25  27  33  45  60  72
  79  80  81  85  88  90  93  99 102 102 104 101 100  95  88  88  86  76
  73  70  67  62  58  59  61  61  54  53  54  55  51  50  52  53  60  65
  75  83  89  99 111 120 122 123 115 110 109 110 111 120 125 127 129 130
 130 129 126 122 124 126 127 128 131 132 132 134 130 130 132 132 130 130
 131  28]"
"[ 29  28 122 122 122 124 123 122 122 124 125 123 122 122 124 126 125 124
 124 125 125 124 124 125 124 125 124 122 120 120 119 117 119 116 112 107
 104 102 101 100  94  94  93  92  91  89  90  94  93  92  93  95  96  95
  94  94  91  93  93  91  90  90  89  88  90  86  83  76  59  39  28  25
  20  19  18  18  17  17  20  23  25  45  74  76  76  76  76  77  76  76
  77  77  77  78  78  77  74  74  77  77  75  80  86  88  83  67  50  42
  36  30  25  23  24  21  19  19  20  20  22  23  26  34  47  59  67  71
  71  69  67  72  75  75  76  81  83  83  91  91  97 102 105 110 109 101
 100  98  93  87  82  81  78  71  63  62  62  61  58  56  55  54  58  55
  51  47  43  47  56  63  74  88  97 104 108 102  96  99 100 117 132 135
 132 131 128 123 121 122 121 123 130 131 129 130 129 128 130 130 129 131
 130  28]"
"[ 29  27 126 125 124 124 123 121 121 121 122 122 123 125 126 126 126 125
 124 125 126 127 128 130 129 129 128 125 125 126 126 125 123 122 123 124
 125 125 123 121 117 115 111 107 103  98  95  98 102  98  94  91  91  93
  96  97  95  96  95  93  92  92  93  93  94  93  90  74  49  30  24  23
  19  19  18  18  17  17  20  23  28  56  82  80  81  81  80  81  79  80
  80  79  79  79  78  77  78  77  78  78  80  89  93  87  68  52  40  34
  28  24  23  23  21  19  18  20  23  23  24  27  31  46  62  70  72  73
  74  74  73  74  76  75  73  73  74  75  72  70  74  80  85  90  92  90
  91  95 100 103 106 111 110 104  98  94  89  84  78  74  71  67  71  70
  70  69  63  58  54  51  50  53  51  48  51  49  51  57  59  73  92 109
 123 134 136 134 129 128 124 121 121 118 114 115 116 119 124 130 131 133
 128  30]"
"[ 30  28 131 130 128 127 126 123 123 122 122 122 123 124 124 123 123 123
 123 124 124 125 125 126 126 126 126 125 126 127 126 126 124 125 126 125
 124 122 122 123 125 125 124 124 125 124 124 126 117 117 117 116 114 110
 104  99 101 100  97  93  91  93  94  95  94  95  90  70  45  29  24  23
  19  19  20  21  19  18  19  22  28  67  91  89  89  89  89  90  87  87
  87  85  83  82  80  79  79  81  81  82  88  92  84  69  51  41  34  28
  22  21  22  20  19  18  18  21  24  23  25  31  43  60  75  78  74  74
  74  73  75  74  75  76  76  74  75  77  80  77  75  76  75  76  76  76
  78  81  87  92  94  98 102 102  98 100 104 106 106 106 104  99  92  88
  85  81  75  71  66  60  64  62  62  61  64  60  57  55  56  55  55  57
  59  66  80  94 104 112 120 127 127 124 121 123 119 118 114 112 112 115
 114  29]"
"[ 30  29 136 135 133 132 131 129 129 130 129 128 127 126 126 125 127 126
 125 125 124 123 122 122 125 124 123 124 125 124 124 124 125 125 125 123
 121 122 125 128 128 128 126 127 129 129 127 127 129 126 122 120 119 120
 120 119 116 114 110 104 101 101 100  99  98  95  82  60  40  28  24  23
  20  20  21  21  20  19  20  23  36  80  96  95  96  96  96  97  95  95
  94  92  91  90  89  88  87  91  90  88  88  82  66  50  41  31  27  26
  22  21  21  18  18  19  19  22  25  26  33  45  61  72  81  82  81  81
  80  77  80  79  79  80  80  79  78  78  77  77  77  77  78  79  79  78
  79  77  78  78  77  77  81  83  84  87  92  95  98 103 106 103 106 109
 112 114 113 111 105  97  96  83  74  63  59  55  56  53  59  54  52  54
  56  54  52  52  54  57  65  73  80  88 100 109 117 122 121 121 118 114
 107  28]"
"[ 30  29 139 138 136 135 135 133 133 135 136 134 132 130 131 132 131 130
 130 130 129 129 128 129 126 124 123 124 124 123 123 124 124 123 123 122
 122 122 124 125 127 127 126 127 130 131 128 127 130 130 130 130 131 131
 128 126 126 126 124 122 120 120 119 117 114 102  80  55  37  27  23  23
  22  21  21  20  19  19  22  26  50  93  99  98  98  99  99  97  98  99
  98  97  97  98  98  97  95  98  93  83  74  62  47  38  34  23  22  27
  22  18  19  20  18  20  20  23  27  32  45  63  81  82  82  80  82  85
  85  81  82  81  81  81  82  82  80  79  81  82  82  79  79  82  83  81
  80  76  77  81  82  81  82  82  82  83  84  82  82  86  90  89  94  96
  99 100 104 114 119 118 120 116 122 120 115 106 103  94  90  85  74  64
  61  62  61  57  53  50  53  57  54  53  54  53  59  70  74  81  87  93
  96  30]"
"[ 30  29 139 138 136 137 136 136 137 137 137 137 135 132 131 132 133 133
 132 132 132 132 132 131 129 130 131 131 129 127 126 125 125 124 123 123
 123 124 123 123 124 125 125 125 126 126 126 128 129 128 130 133 133 131
 129 130 132 129 128 131 128 131 125 123 122 103  62  43  32  26  23  24
  23  17  21  20  20  22  21  24  64  96 101 102  99 100 104  99 102 100
  99 102 102 101 102  99  98  96  89  76  57  41  32  29  27  26  24  21
  21  21  20  18  20  24  19  31  31  40  66  80  83  83  83  85  87  88
  87  86  85  86  87  88  86  83  81  82  82  81  81  81  83  85  84  82
  82  80  81  84  83  82  84  85  84  84  83  83  83  83  83  83  83  84
  84  83  83  87  91  93  97  98 105 113 115 117 121 121 116 115 110 104
 100  97  87  77  73  69  64  63  62  58  55  56  53  50  46  52  48  53
  55  29]"
"[ 30  29 139 138 137 138 138 137 138 138 138 138 137 135 134 135 136 135
 135 135 135 136 135 135 133 134 135 135 134 133 133 133 132 130 129 129
 129 129 128 127 125 125 122 121 125 128 127 126 125 123 123 126 129 128
 127 126 127 130 130 131 128 131 130 131 129  99  50  36  27  24  23  21
  20  18  21  18  19  24  25  27  82 110 111 110 108 108 109 104 102 104
 104 105 102 101 104 103 102  88  68  51  38  30  27  27  25  23  20  19
  19  20  21  22  21  25  34  35  41  67  86  94  87  87  86  86  86  87
  88  88  89  88  88  88  87  87  86  86  84  84  84  85  87  88  87  85
  83  82  83  86  85  84  86  88  86  86  85  84  84  84  84  84  83  83
  81  79  80  82  82  80  79  79  85  91  94  98 104 105 107 111 114 115
 115 115 118 121 114 109 100  93  87  77  70  69  69  58  50  49  52  55
  50  31]"
"[ 30  28 138 137 136 138 138 137 138 137 137 137 137 136 136 137 137 137
 137 137 137 138 138 138 136 137 138 137 136 136 136 137 136 135 133 133
 134 134 132 131 129 132 131 129 129 129 130 131 130 128 125 124 122 122
 122 123 121 127 127 126 125 128 128 130 126  83  38  30  23  23  25  21
  19  20  20  20  21  24  28  33  98 125 126 124 124 123 122 121 116 116
 113 112 109 106 105  99  79  64  47  37  33  29  26  24  24  21  19  19
  19  20  21  23  26  25  33  39  67  98 102  98  97  96  95  94  93  93
  94  95  93  92  90  88  88  90  90  88  87  88  88  88  89  90  89  88
  88  87  88  90  88  87  88  89  89  89  88  87  86  86  85  85  86  86
  85  84  83  83  82  79  87  86  86  85  82  82  83  82  78  79  84  91
  94  96 102 108 110 112 114 118 121 118 115 115 105  96  87  77  72  65
  60  27]"
"[ 29  28 137 138 137 139 138 138 137 137 136 136 136 137 137 138 138 138
 137 137 138 138 138 138 138 138 138 137 136 135 136 137 135 135 135 135
 136 136 135 134 138 137 135 136 137 133 130 132 129 130 131 132 131 130
 128 128 123 127 124 124 124 124 123 122 112  63  34  28  23  23  24  21
  20  21  20  23  24  23  27  38 110 138 140 139 136 132 131 133 133 129
 122 118 113 104  93  77  58  46  35  30  27  25  24  25  23  20  20  21
  21  21  22  25  29  31  36  55  91 103 103 103 103 103 103 102 101 100
 100 101 100 100  98  94  94  95  95  92  93  93  92  91  91  92  92  92
  94  94  95  96  93  92  93  93  92  92  92  91  90  89  89  89  87  90
  91  90  87  86  86  86  83  85  87  87  88  90  90  87  89  86  86  88
  89  86  83  83  82  84  87  93 100 105 108 113 113 111 109 112 112 105
 100  28]"
"[ 30  29 139 139 138 139 139 138 138 138 137 137 137 138 138 138 138 138
 138 138 138 138 138 138 139 139 139 137 136 136 137 138 135 136 137 138
 137 137 137 137 136 138 138 137 136 132 131 134 132 130 130 131 132 132
 131 130 130 131 128 128 129 126 126 124 101  49  36  25  24  21  19  19
  19  23  21  24  24  24  25  42 115 137 140 140 138 137 136 139 145 143
 136 126 111  92  73  54  40  34  28  26  24  22  23  25  22  19  19  21
  22  23  26  30  32  34  51  79 105 104 103 107 106 107 107 106 106 105
 105 106 106 108 107 104 102 103 103 100 100 100 100  99  98  97  97  97
  96  95  97  98  96  95  96  96  95  95  94  94  94  94  93  93  92  94
  95  93  91  90  91  91  89  91  92  91  92  92  90  88  86  87  89  90
  89  87  86  86  85  84  81  80  81  81  81  84  88  91  93  98 104 106
 107  30]"
"[ 30  30 140 140 139 140 139 138 138 139 139 138 137 138 138 138 138 138
 138 138 138 138 138 138 139 139 138 137 136 136 138 139 137 138 139 139
 138 137 138 138 134 139 140 138 137 135 131 129 132 132 134 136 137 135
 135 137 136 136 134 134 133 130 134 128  89  43  36  23  24  23  19  20
  18  24  24  23  22  26  28  53 118 130 130 132 134 136 136 138 137 139
 132 115  87  61  45  32  27  25  24  25  26  26  24  24  23  21  19  20
  22  25  29  33  27  39  79 105 113 113 109 109 111 109 108 107 107 108
 108 108 108 110 110 109 109 109 108 107 106 107 108 108 107 106 105 103
 101 101 102 102 100  99  99  98  98  98  97  97  98  98  97  97  98  97
  96  95  96  97  97  95  95  96  94  93  95  95  93  93  92  95  97  95
  92  92  92  91  89  89  87  86  86  83  80  80  77  79  79  71  76  79
  80  29]"
"[ 29  30 141 141 139 140 139 139 138 139 139 138 137 138 138 138 138 138
 138 138 138 138 138 139 138 138 138 138 137 137 138 139 138 138 138 138
 138 138 138 137 140 138 136 139 140 127 105  91  86  89 102 121 135 138
 137 136 137 138 137 136 135 133 136 120  66  38  30  24  24  24  20  22
  19  21  24  24  22  27  32  72 129 133 130 132 131 134 132 131 133 127
 111  89  61  39  31  26  27  25  23  21  22  23  23  22  23  22  21  21
  23  27  31  33  35  78 121 132 123 123 122 122 119 116 114 113 113 113
 113 111 112 112 112 112 113 113 112 111 110 111 111 112 112 112 111 110
 112 111 112 112 110 110 109 107 106 105 104 104 104 104 103 101 100  99
  98  97  99 101 100  97  98  97  94  93  97  97  95  97  96  97  97  96
  96  96  96  95  95  93  88  85  86  87  88  89  83  82  81  77  82  84
  77  29]"
"[ 29  30 142 143 140 141 140 140 138 140 140 139 138 139 139 139 138 139
 139 139 139 139 139 140 139 140 140 139 138 138 138 139 139 138 137 137
 138 138 138 137 135 135 141 146 130  93  62  51  44  40  51  84 119 137
 139 136 139 138 138 137 137 136 134 106  45  33  26  26  22  21  18  21
  21  16  20  26  23  24  32  89 135 137 136 138 134 136 135 134 132 115
  88  63  41  29  27  26  22  23  23  20  19  20  20  20  20  21  21  23
  27  31  34  34  71 130 148 145 141 138 136 135 132 130 128 128 128 127
 123 120 120 117 116 117 118 118 116 115 111 111 111 111 112 113 114 114
 114 113 114 115 115 116 116 114 115 113 111 111 111 111 109 107 105 106
 106 104 103 103 102 101 103 101  97  97 100  99  97 100 100 100 101 100
  98  96  96  96  97  96  92  90  91  91  90  91  89  88  85  85  80  79
  82  28]"
"[ 29  29 141 140 141 140 140 140 140 139 139 139 140 140 140 140 138 139
 140 139 139 141 142 142 143 142 140 138 138 138 138 138 139 140 140 139
 139 141 140 138 137 140 137 145  98  54  50  37  39  37  40  50  74 123
 142 136 138 137 140 137 135 138 131  83  40  34  27  24  22  20  19  18
  20  23  23  22  25  25  36 106 141 139 138 142 139 138 140 139 137  96
  67  38  29  25  24  25  23  22  21  20  20  20  19  19  19  22  23  26
  34  29  37  74 124 141 149 146 144 147 149 151 148 148 147 145 143 135
 137 135 135 133 131 126 131 125 123 123 122 122 120 118 117 118 117 116
 114 115 115 115 120 118 118 120 116 117 116 115 117 119 119 117 115 115
 116 116 114 111 109 107 109 106 104 104 104 104 102 102 102 102 102 101
 101 101 101 101 101 100  99  98  97  96  96  96  94  94  91  89  86  88
  83  28]"
"[ 29  29 142 141 141 139 140 140 141 141 141 141 142 142 142 142 140 141
 141 141 141 142 143 143 143 142 140 139 138 138 138 138 140 142 142 141
 142 143 142 140 140 139 138 142  92  44  38  32  33  31  30  31  43  83
 131 140 138 139 139 138 136 142 117  66  35  30  26  23  21  19  19  20
  23  24  24  24  24  24  50 117 145 140 139 141 140 139 141 142 139  76
  46  28  24  24  24  21  19  19  19  19  20  21  21  21  22  25  25  27
  28  33  68 113 141 141 139 139 141 142 142 143 145 144 146 150 154 150
 151 149 145 144 142 136 133 128 129 131 128 132 134 135 137 133 123 117
 117 119 120 121 121 123 120 117 118 119 118 118 120 123 122 120 117 119
 120 121 121 121 120 119 116 116 116 116 115 113 111 111 110 108 106 105
 104 104 104 105 104 104 103 101 100 100  99  98  98  97  95  94  91  90
  86  30]"
"[ 28  30 144 143 142 140 141 141 142 142 143 143 143 143 143 143 142 143
 143 142 143 144 144 144 143 142 141 140 139 139 139 140 142 143 143 143
 143 144 143 141 141 141 143 142  89  37  29  25  23  26  30  30  32  52
 117 139 141 144 140 140 138 143  94  44  30  27  25  23  21  20  20  22
  25  23  24  24  23  24  71 132 147 142 141 141 142 142 142 144 130  56
  35  30  24  21  22  18  19  19  18  19  20  20  21  21  22  23  24  27
  30  61 115 141 145 140 138 139 140 140 140 140 139 138 136 135 138 137
 143 144 146 139 131 127 123 123 121 120 111 128 139 141 138 125 107  98
  98 105 112 124 125 127 124 123 121 121 122 124 124 121 121 123 119 122
 123 122 122 123 123 120 120 121 122 123 123 121 121 121 118 118 117 115
 114 112 110 109 106 107 106 104 104 104 103 101 101  99  97  98  95  93
  89  31]"
"[ 29  30 144 144 143 141 142 142 142 143 144 144 144 143 143 143 143 143
 143 143 143 144 144 143 141 141 141 140 140 140 141 141 142 143 144 144
 144 143 142 140 140 142 145 143  87  33  28  23  23  23  26  28  30  36
 100 140 145 145 142 143 142 138  72  33  28  26  24  23  22  20  20  21
  23  22  24  23  21  26  91 141 146 142 144 142 145 144 143 144 114  47
  36  33  25  19  19  18  20  19  18  18  18  19  19  19  21  23  21  28
  59 109 144 146 144 143 144 144 139 138 139 138 139 140 140 137 137 132
 131 123 108  97  86  88  89  97  95  91  93 112 119 107  91  71  56  55
  52  63  85 118 144 147 141 142 141 137 136 138 135 128 126 128 125 127
 127 124 124 126 126 124 124 123 122 123 124 124 124 124 122 122 123 124
 125 124 123 122 123 123 121 118 116 115 113 110 107 104 103 102 100  98
  94  28]"
"[ 29  29 143 143 144 142 143 142 142 143 144 144 144 143 143 143 143 143
 143 142 143 144 143 142 139 140 140 139 139 140 141 142 142 143 144 144
 144 144 143 142 142 141 141 142  83  27  27  25  25  22  21  25  28  27
  77 137 148 144 143 144 146 128  57  33  28  26  23  22  21  19  18  18
  20  21  24  22  22  30 107 147 143 141 145 142 146 145 145 142  99  45
  34  27  23  19  17  17  18  18  17  17  18  19  20  20  22  22  24  52
 107 144 146 147 146 143 145 145 142 142 142 139 139 140 137 132 132 122
 107  88  76  69  63  69  71  81  84  84  76  86  79  59  44  34  31  38
  43  46  57  88 141 153 152 155 155 152 149 149 150 148 145 142 141 142
 140 135 133 133 133 130 130 127 125 126 130 132 132 131 131 130 128 127
 128 129 130 131 129 129 127 124 123 123 121 119 117 115 114 111 108 108
 104  27]"
"[ 29  29 143 143 145 144 144 143 143 143 144 145 145 144 144 144 143 144
 143 143 143 143 143 142 140 140 140 140 140 141 142 142 141 142 143 144
 144 143 143 143 143 139 141 143  76  24  25  24  24  23  23  26  28  24
  61 132 150 143 144 144 146 118  44  32  30  26  23  22  21  19  18  17
  18  22  24  23  24  35 114 149 142 142 144 142 145 144 148 138  80  44
  33  24  23  19  19  18  19  18  17  16  17  18  19  19  20  17  50 103
 143 152 144 147 145 143 144 146 144 139 136 134 132 129 122 113 108  96
  83  65  58  55  52  54  55  60  63  64  62  63  52  39  34  32  30  32
  26  31  40  64 122 141 142 139 149 156 160 158 157 161 162 159 154 154
 152 148 146 147 146 145 144 141 139 140 141 141 140 138 138 136 134 133
 133 133 133 132 133 132 130 129 129 129 127 126 124 122 123 119 117 117
 113  29]"
"[ 29  30 144 144 145 144 146 145 144 144 145 145 145 145 145 144 144 145
 145 144 144 144 144 144 142 142 142 142 142 143 143 143 142 142 143 144
 144 143 143 143 142 139 145 134  58  25  23  21  23  23  23  22  23  23
  63 135 148 144 144 144 145 116  41  30  30  26  23  22  21  19  18  18
  18  23  23  24  25  34 112 147 143 143 144 143 145 143 149 127  61  39
  32  26  25  18  22  21  20  18  17  16  16  17  18  18  20  43  97 143
 151 147 147 145 147 148 145 138 130 120 113 110 103 101  97  91  83  67
  59  50  44  42  39  37  39  36  34  33  24  25  24  23  26  27  23  20
  25  27  31  41  81  99 104 101 110 123 138 146 148 149 150 151 153 154
 155 156 157 159 160 160 159 158 156 154 152 149 148 147 145 144 144 144
 145 145 144 143 142 138 135 135 133 129 126 126 129 127 128 125 122 119
 117  30]"
"[ 28  29 144 144 144 143 146 146 145 145 145 145 145 145 145 144 145 146
 147 146 145 145 145 145 144 143 143 143 143 143 143 143 145 145 145 146
 145 143 143 144 141 139 146 117  35  25  24  20  19  22  24  24  26  28
  72 138 145 144 142 145 147 121  45  33  28  25  22  21  20  18  18  19
  19  24  22  25  25  31 107 144 143 143 143 144 145 141 146 116  54  33
  26  24  24  17  24  23  18  17  16  15  16  17  19  19  26  90 138 151
 148 145 148 145 145 147 137 119 109 104  95  88  88  82  77  72  64  46
  40  36  33  34  34  30  32  25  23  23  23  25  25  24  23  22  22  22
  24  20  22  32  56  70  75  69  73  81 105 134 149 148 147 150 151 151
 152 153 154 154 154 154 156 158 160 160 159 159 163 167 163 160 157 155
 154 154 153 153 151 147 145 147 146 142 139 139 136 132 134 130 124 118
 115  28]"
"[ 30  29 144 142 144 145 145 147 145 146 146 146 146 146 146 147 147 147
 147 147 146 146 146 147 147 146 145 144 144 145 146 146 146 145 146 147
 147 145 144 143 139 142 141  81  32  23  22  20  20  21  21  26  27  30
 102 145 145 140 144 147 145 133  54  25  27  25  22  19  17  18  19  17
  19  22  25  24  27  31  79 140 147 143 144 145 142 144 148 106  50  38
  26  22  24  25  24  22  21  17  17  15  16  19  20  18  53 128 149 147
 145 146 147 146 148 143 116 103  80  74  72  69  65  57  49  45  40  32
  29  30  28  27  26  25  24  25  24  20  25  21  25  20  21  20  21  20
  19  20  23  31  42  53  58  58  61  68  75 113 152 153 150 151 152 153
 153 153 153 153 154 154 154 153 153 153 154 154 154 155 153 155 159 161
 161 160 161 163 163 163 160 156 154 153 150 147 144 143 145 139 137 132
 132  29]"
"[ 29  29 144 143 145 146 146 147 147 146 146 146 147 147 147 147 146 147
 148 148 147 147 147 147 146 146 145 146 146 146 146 146 148 147 146 147
 147 146 144 144 143 147 130  59  21  20  22  19  18  21  22  26  30  41
 115 148 141 143 147 144 143 141  76  32  26  23  21  21  20  20  21  20
  20  25  23  23  29  27  48 117 148 146 145 145 144 145 137  85  37  33
  28  24  23  23  23  22  20  18  18  17  17  19  21  19  75 144 151 145
 145 146 146 146 150 122  93  75  56  53  46  42  37  34  32  34  33  29
  28  29  25  24  23  23  21  21  21  20  22  22  25  22  24  19  18  18
  15  16  19  25  32  38  40  40  45  50  55  90 147 155 152 152 153 154
 155 155 155 155 155 155 156 156 156 155 155 155 155 155 153 154 156 157
 158 158 158 159 161 163 163 163 165 168 169 167 162 161 162 157 157 156
 152  28]"
"[ 29  29 144 144 146 147 147 148 148 147 146 146 146 147 147 146 146 147
 148 149 148 147 147 146 145 146 146 146 146 147 147 147 150 148 147 147
 147 146 145 144 140 147 110  43  23  23  22  18  19  22  24  25  31  50
 127 146 142 145 148 143 142 146 100  39  31  26  23  22  20  19  19  18
  21  24  22  24  28  29  28  88 147 150 143 143 145 148 125  65  28  29
  28  25  22  22  21  20  17  16  15  17  17  20  24  23  86 148 147 144
 148 146 146 147 130  87  66  52  41  42  32  27  30  29  29  30  29  26
  25  25  25  23  22  23  24  24  23  22  18  20  20  20  25  19  16  15
  16  18  22  27  31  33  33  32  39  43  44  71 145 158 154 154 154 155
 156 156 157 156 156 157 159 158 158 157 157 157 157 157 155 154 155 156
 157 157 156 156 157 157 157 157 157 159 159 158 162 162 164 165 166 170
 167  30]"
"[ 29  29 145 145 146 147 147 147 148 147 147 147 146 146 146 146 147 148
 149 149 148 148 147 147 147 147 147 146 146 147 149 150 150 149 147 147
 148 147 145 145 148 144  81  31  24  21  20  19  20  22  24  25  31  56
 133 146 145 145 146 145 144 146 118  48  31  27  24  21  19  20  22  21
  22  21  24  25  22  33  30  62 139 155 145 145 147 152 114  55  32  29
  26  24  23  22  20  18  19  19  16  17  17  22  23  23  94 147 144 145
 147 146 147 141 111  68  51  37  32  32  29  30  28  28  27  26  25  24
  24  23  23  24  23  23  24  25  26  26  24  26  24  24  24  19  18  15
  17  20  24  28  31  31  31  30  34  41  41  61 144 156 151 154 155 156
 157 158 159 158 158 158 159 159 159 159 159 160 160 160 159 158 158 159
 160 159 159 159 160 160 160 158 157 158 157 156 157 158 157 161 162 160
 161  27]"
"[ 29  29 146 145 146 147 146 147 147 148 149 148 147 146 146 147 147 147
 148 148 148 148 148 149 148 148 148 148 148 148 149 150 150 148 148 148
 148 147 146 145 151 131  54  26  25  21  20  20  20  19  24  28  32  64
 139 151 147 144 145 147 147 147 132  64  31  28  26  22  20  22  24  22
  24  21  24  25  20  30  32  39 121 154 146 148 147 147  96  47  37  30
  25  24  24  21  18  17  18  20  17  17  20  25  22  27 112 153 148 145
 144 150 146 121  86  58  42  30  29  24  25  27  25  24  23  23  23  24
  24  24  24  30  32  30  30  31  33  35  29  29  27  25  21  18  18  17
  18  20  22  25  26  26  26  26  29  38  40  64 148 157 153 156 156 157
 159 160 160 160 160 160 160 160 160 161 162 162 163 164 162 162 162 162
 162 161 162 163 160 160 160 159 159 159 159 159 159 162 157 160 161 156
 158  30]"
"[ 29  30 147 146 146 146 147 148 147 148 149 148 147 146 146 146 146 146
 147 147 148 149 150 151 148 149 150 151 150 150 149 148 149 148 148 148
 148 147 147 146 152 110  39  26  25  24  23  19  20  19  25  30  34  76
 142 152 146 147 148 147 148 149 140  84  33  30  27  23  21  23  23  20
  24  24  23  24  25  25  27  27  98 150 149 148 147 136  82  49  37  30
  26  25  23  18  16  18  16  18  17  18  21  25  18  37 126 156 150 147
 147 154 136  91  59  44  33  28  31  24  24  23  26  25  25  24  24  24
  24  23  27  35  40  43  49  50  47  47  47  42  36  35  37  33  19  19
  21  21  22  24  25  24  24  25  30  39  42  78 155 160 156 155 157 158
 159 160 160 160 160 160 160 160 160 161 161 162 163 163 162 162 163 163
 162 161 162 164 163 163 163 162 161 161 161 161 160 164 159 158 162 161
 162  31]"
"[ 29  30 147 147 147 147 148 150 148 148 148 148 147 147 146 146 146 146
 147 147 148 149 150 151 149 150 151 152 151 150 148 147 148 148 148 148
 148 147 148 149 155  84  32  24  20  21  21  19  21  22  28  31  36  91
 146 150 146 148 150 147 147 148 143 107  40  31  25  24  24  24  25  24
  23  25  23  25  26  25  24  24  72 140 154 149 152 124  71  51  34  29
  26  24  21  17  16  18  19  19  19  18  20  21  15  55 137 154 148 150
 150 146 111  68  51  35  26  24  24  22  25  24  23  23  23  24  23  23
  25  27  30  36  42  50  60  65  68  75  60  71  84 102 114  85  29  20
  21  20  20  22  23  23  23  24  30  38  44  93 155 157 156 152 158 159
 160 160 160 160 160 160 161 161 161 161 161 161 162 162 162 162 163 163
 162 162 162 164 163 163 163 163 162 162 163 164 163 163 161 160 161 163
 162  27]"
"[ 28  30 148 147 147 147 149 152 151 150 148 148 149 149 148 147 146 147
 147 147 148 148 149 150 151 151 151 151 151 150 148 147 148 147 148 148
 147 147 149 150 139  52  25  27  24  23  19  19  19  24  30  31  39 104
 151 149 146 147 150 147 148 147 145 126  55  39  27  25  25  23  23  24
  22  22  24  24  19  24  24  20  45 125 154 147 154 109  52  37  33  29
  25  22  19  18  17  17  19  16  19  19  22  24  23  82 152 156 147 152
 150 130  88  57  42  24  23  26  21  22  24  21  24  24  25  25  23  23
  27  31  36  42  46  52  60  69  88 113 129 142 148 153 154 101  24  21
  23  21  21  23  24  22  21  22  25  36  45 104 155 156 158 157 160 161
 161 162 162 161 161 162 163 162 162 162 162 162 162 162 163 163 163 163
 163 163 163 163 165 164 164 164 163 162 163 164 167 160 163 165 162 165
 166  30]"
"[ 29  28 149 148 147 149 149 151 152 150 149 149 150 151 150 148 147 147
 148 149 151 151 150 149 151 151 151 151 151 150 148 147 148 148 148 149
 147 146 148 152 135  41  30  24  20  19  19  20  21  25  25  29  44 117
 152 150 146 149 150 147 146 147 145 141  71  32  29  29  25  23  25  23
  20  20  21  24  24  23  23  24  29 104 155 155 150  94  42  33  30  27
  24  21  20  19  17  17  19  18  18  18  25  20  24 103 155 153 149 160
 140  95  69  43  27  26  24  23  21  21  22  25  23  24  25  31  28  29
  37  31  46  54  65  75  83  99 128 153 154 156 153 153 151  76  16  25
  21  20  20  22  22  20  21  24  24  32  55 132 159 156 157 158 159 159
 159 159 159 159 160 161 160 161 162 163 163 163 163 163 162 162 163 162
 162 162 162 163 164 165 164 163 162 162 163 165 165 163 162 164 164 165
 165  28]"
"[ 29  29 150 149 149 150 150 152 152 152 151 152 153 152 151 149 149 149
 149 150 151 152 151 151 151 151 151 151 151 150 149 148 149 148 148 149
 148 147 149 152 132  38  29  24  22  20  19  18  20  23  25  28  43 123
 155 147 147 149 150 150 149 148 149 148 100  35  30  31  24  23  23  22
  21  21  22  24  24  23  24  25  28  75 143 156 141  84  44  34  33  29
  25  22  19  18  17  17  17  19  20  23  26  17  40 124 157 152 154 156
 124  79  51  33  25  25  24  22  20  20  22  25  30  34  35  38  39  43
  45  48  64  76  85  93 115 145 160 157 155 153 153 159 136  50  17  25
  23  21  20  21  20  19  20  23  24  31  59 145 162 156 157 160 160 160
 160 160 160 161 162 162 163 163 162 162 162 162 162 162 161 162 162 162
 163 164 166 166 166 166 166 165 164 164 165 166 166 165 163 165 165 166
 166  29]"
"[ 29  29 150 150 150 151 150 151 151 152 152 153 152 151 151 150 151 151
 150 151 152 153 153 153 151 151 150 150 151 151 151 151 151 150 149 149
 149 148 150 153 136  40  28  24  23  20  19  18  19  21  24  25  42 122
 158 148 148 149 150 151 150 149 151 154 129  47  33  33  24  25  26  24
  22  22  23  24  24  23  25  27  25  49 121 147 124  71  39  33  32  28
  24  21  19  18  17  17  16  19  18  22  22  15  67 146 156 155 160 138
  91  54  32  24  24  24  23  22  20  19  22  26  33  40  47  54  64  70
  70  79  83  91 114 142 156 155 154 158 154 154 155 161 111  27  24  22
  23  21  20  20  19  18  20  23  24  32  66 159 160 157 159 161 160 160
 159 160 160 161 162 162 164 164 163 163 163 164 165 165 164 163 163 163
 164 165 165 166 166 166 166 165 165 165 166 167 166 165 164 165 166 166
 166  29]"
"[ 29  29 150 150 150 151 149 150 151 152 152 151 150 149 150 151 153 152
 151 151 152 153 153 153 153 152 151 151 151 152 153 153 152 151 151 151
 151 150 151 153 145  50  26  24  24  20  20  20  22  22  24  24  39 104
 153 153 150 150 151 151 150 150 151 153 142  72  33  30  25  25  25  23
  23  23  23  24  24  23  26  29  27  39  81 112  98  68  38  35  29  24
  20  18  18  18  17  17  20  20  20  23  21  24  99 157 154 159 152 105
  58  38  28  27  26  25  23  21  20  20  23  26  30  37  48  60  72  78
  90 101 111 134 156 160 156 154 154 155 156 156 155 161  90  19  28  21
  22  20  19  18  18  18  20  23  24  34  71 164 155 158 161 160 159 159
 159 159 160 161 162 162 162 162 162 162 162 163 164 165 165 165 164 164
 164 165 165 164 166 166 166 166 165 165 166 167 166 165 164 165 166 167
 166  28]"
"[ 30  29 150 149 149 151 150 151 152 153 153 152 151 150 151 152 153 152
 152 152 152 152 152 152 154 153 152 152 152 153 154 154 153 153 153 153
 153 152 152 153 152  64  24  23  25  19  19  22  24  24  25  26  37  73
 135 155 151 152 151 150 150 151 150 150 152 107  37  29  31  26  24  23
  24  23  24  24  23  23  26  29  28  31  40  63  68  66  51  40  32  26
  19  17  18  19  18  17  19  19  21  23  19  35 124 159 158 154 123  74
  46  40  35  34  28  25  22  20  20  22  24  26  32  36  47  60  70  79
 117 131 153 159 163 161 156 155 158 161 160 155 155 158  73  18  24  24
  20  19  18  18  18  18  20  23  27  34  70 163 156 158 161 161 160 160
 161 161 162 162 163 163 165 165 164 164 164 164 164 164 164 164 164 165
 166 166 166 166 166 166 166 166 166 166 167 167 166 166 165 166 167 168
 167  29]"
"[ 29  28 148 148 149 151 150 151 152 153 154 154 153 152 151 151 152 152
 152 152 153 152 152 152 155 154 153 153 153 154 154 154 153 154 154 154
 154 154 153 152 152  83  25  23  25  20  19  23  23  24  25  28  33  44
 107 151 153 153 151 150 151 152 151 149 157 134  51  30  35  27  23  26
  24  23  24  24  24  23  25  28  33  33  37  47  59  66  69  50  40  31
  22  18  18  20  19  19  17  16  19  18  15  37 132 162 162 138  91  57
  50  47  38  33  26  23  21  20  22  23  25  27  34  39  51  66  73  92
 145 157 161 161 161 160 161 162 161 157 159 158 160 148  52  22  21  23
  19  19  19  18  17  18  20  22  30  32  64 159 163 159 160 163 161 162
 162 163 163 163 164 165 166 167 167 167 167 167 167 167 165 165 165 166
 167 167 168 168 167 167 167 167 167 167 167 168 167 167 166 167 167 169
 168  29]"
"[ 29  28 148 148 148 151 150 151 152 152 153 154 153 152 151 150 150 151
 152 152 153 153 153 153 154 154 154 154 154 154 154 154 154 154 154 154
 155 154 153 152 153 106  32  24  25  22  19  22  23  23  23  27  29  31
  83 147 155 153 151 152 153 153 152 151 152 146  78  33  30  27  22  24
  24  23  24  24  24  23  24  26  28  31  40  43  51  53  56  45  41  34
  26  22  21  22  22  21  21  18  18  20  18  31 117 154 148 109  69  52
  49  42  31  26  23  21  20  22  24  26  28  29  35  41  50  66  76 109
 153 157 160 160 161 162 162 160 160 161 159 161 166 134  34  24  24  20
  19  19  19  18  17  17  19  22  31  30  56 147 167 160 159 163 162 163
 164 163 163 163 164 165 164 165 165 166 166 167 167 167 167 167 167 166
 166 167 168 168 169 169 169 169 169 169 169 169 168 169 168 169 169 170
 169  29]"
"[ 29  28 148 149 149 152 151 152 153 152 152 152 152 152 151 151 150 150
 151 152 153 154 154 155 154 153 153 154 155 155 154 154 154 154 154 154
 154 154 153 152 156 124  40  25  23  23  20  22  24  23  23  26  27  31
  71 148 156 152 151 153 154 152 152 154 151 155 109  41  27  30  26  24
  24  23  24  25  24  23  24  25  30  34  37  40  46  46  38  40  37  33
  28  25  25  24  24  23  23  18  18  23  22  20  87 129 122  83  58  48
  39  31  23  23  20  20  21  24  26  28  30  32  38  43  47  66  83 132
 163 160 161 163 162 160 159 161 162 161 164 159 165 129  28  23  25  20
  19  19  19  18  17  17  20  22  29  30  51 135 167 162 160 162 162 163
 165 164 163 163 164 165 168 168 168 168 168 168 168 168 167 167 166 166
 166 167 169 170 171 171 171 171 171 171 171 171 171 172 171 171 170 172
 170  30]"
"[ 30  29 148 148 149 150 152 153 153 153 153 152 152 152 152 152 150 151
 152 152 152 153 153 154 152 154 154 154 154 155 155 154 154 153 153 154
 155 154 154 154 156 139  45  25  23  23  20  21  23  23  22  25  24  24
  58 136 159 155 153 153 148 155 156 149 152 159 140  67  31  32  28  26
  24  24  24  25  26  25  25  29  30  31  32  36  40  42  41  38  35  33
  29  25  22  22  23  25  24  25  25  25  23  18  34  65  70  56  39  28
  24  22  20  18  19  21  22  21  24  30  33  39  46  56  71  82 111 160
 166 160 162 162 162 162 161 161 161 161 160 158 166 125  31  25  25  23
  19  19  18  18  17  18  20  22  24  34  50 112 158 166 162 163 165 166
 166 166 166 167 168 168 167 166 167 168 169 169 169 168 168 168 168 167
 168 170 171 171 171 171 173 173 173 173 173 173 173 173 173 173 174 171
 172  28]"
"[ 30  29 149 150 150 151 152 152 153 153 152 152 152 152 152 153 153 153
 152 152 151 151 151 152 153 154 154 154 154 155 155 154 155 154 154 154
 155 154 154 154 155 144  56  26  24  24  21  23  22  23  22  25  27  27
  49 106 156 158 152 154 153 152 153 158 153 155 147  82  32  34  33  29
  25  25  25  26  27  26  26  29  31  30  30  32  35  38  39  38  38  36
  32  28  26  25  25  26  27  29  28  27  28  24  22  28  33  28  23  20
  18  17  18  19  19  20  22  23  28  34  37  43  50  64  78 100 145 164
 163 161 161 161 162 162 162 162 162 162 163 159 168 116  26  23  26  23
  20  20  19  19  18  19  21  23  30  36  43  88 135 168 167 162 165 166
 166 166 166 167 167 167 166 166 167 168 170 170 170 170 168 168 168 167
 168 169 171 171 171 172 173 173 173 173 174 174 173 173 173 173 174 172
 173  28]"
"[ 30  30 150 151 152 152 153 152 152 152 151 151 151 152 152 153 153 152
 151 151 151 152 152 153 154 154 154 154 154 154 154 154 155 154 154 154
 154 154 154 154 154 151  75  26  23  24  22  23  20  21  20  24  28  29
  34  63 131 157 153 151 156 155 152 154 153 153 156 109  36  29  31  29
  28  28  27  28  29  28  27  29  31  30  30  30  32  35  37  37  39  37
  34  31  29  27  25  25  26  29  30  30  32  33  28  22  22  22  22  20
  17  15  15  17  20  19  22  25  31  37  42  50  62  73  84 120 162 161
 160 163 161 161 161 162 162 162 162 162 162 162 166  97  25  24  24  24
  21  20  20  20  19  19  21  23  28  37  42  64  98 156 170 165 166 167
 167 167 167 167 168 168 166 167 168 169 170 171 171 172 170 170 169 168
 169 170 172 172 172 172 173 173 173 174 175 176 175 175 174 174 176 174
 174  29]"
"[ 29  30 150 152 152 153 153 153 152 152 151 152 152 152 153 153 152 152
 151 152 153 153 154 154 154 154 154 154 154 154 154 154 154 154 154 155
 155 154 154 154 153 157  96  30  21  25  23  22  18  18  18  22  25  26
  22  32  96 146 157 156 156 154 153 152 153 152 158 135  53  29  33  32
  33  32  30  29  30  29  28  29  30  30  31  31  32  34  35  36  38  36
  35  33  31  28  26  24  26  25  27  28  27  29  30  28  26  24  22  19
  17  16  16  17  20  20  24  28  34  40  47  60  75  86 107 151 165 161
 160 160 161 161 161 162 163 163 162 162 160 165 160  75  23  24  20  23
  20  19  19  19  19  19  21  23  23  35  42  54  67 133 172 165 165 167
 167 167 167 168 168 168 167 168 170 170 170 170 170 171 171 171 170 169
 170 171 173 173 172 173 173 174 174 174 175 176 177 176 175 175 177 176
 175  29]"
"[ 29  30 150 151 152 153 154 154 151 151 152 152 153 153 153 153 154 154
 154 154 154 154 153 153 154 154 154 154 154 154 155 155 154 154 155 156
 156 155 154 154 154 160 116  37  21  25  22  21  18  18  17  21  22  23
  19  24  38  89 121 148 158 156 156 155 153 152 152 146  72  33  36  37
  40  38  34  32  32  30  28  29  29  30  30  29  29  31  33  34  37  36
  36  35  34  32  29  27  27  23  24  25  23  24  26  24  28  26  22  18
  17  16  17  17  20  21  27  32  38  45  57  73  86 104 137 165 162 160
 161 159 162 162 162 163 163 163 162 162 162 166 159  67  19  21  20  21
  19  18  18  18  18  18  20  22  24  31  38  52  53 110 172 163 164 165
 166 167 167 168 168 168 168 169 170 170 169 169 169 170 170 171 170 170
 170 171 172 172 172 173 174 174 174 174 175 175 176 176 175 175 177 177
 176  29]"
"[ 29  30 149 151 151 152 154 154 151 151 151 152 152 153 153 154 154 155
 156 155 155 154 154 154 154 154 154 154 155 154 155 155 155 156 157 158
 157 155 154 154 154 157 133  49  20  24  21  20  18  18  16  19  20  22
  22  27  40  51  59  91 123 146 158 158 157 160 156 152  90  43  48  49
  49  47  42  38  36  34  31  30  30  30  29  27  26  28  31  34  34  35
  36  36  35  34  32  30  26  24  24  22  20  23  26  24  27  28  27  24
  20  18  17  17  20  23  30  37  46  56  70  87  96 123 156 160 162 160
 161 163 163 163 163 164 164 163 162 162 163 166 162  76  20  22  23  17
  18  18  18  19  18  19  20  22  25  29  36  51  50  86 166 164 164 165
 167 167 167 168 168 168 168 169 170 170 169 169 170 170 171 171 171 171
 171 172 173 173 173 173 174 175 175 174 175 175 175 176 176 176 179 178
 176  30]"
"[ 29  30 149 150 151 151 152 152 151 151 151 151 151 152 153 154 153 155
 156 156 155 155 156 157 155 154 154 155 155 154 154 155 155 156 157 158
 157 155 154 154 152 154 146  63  21  24  22  21  18  19  15  18  19  21
  23  29  38  49  52  59  65  82 104 118 132 137 141 136  95  63  67  62
  56  54  49  44  42  39  35  34  32  32  29  25  24  26  30  32  31  32
  34  35  34  33  32  31  28  27  26  21  16  17  21  22  22  25  26  25
  24  23  22  20  21  23  32  42  56  70  82  97 116 144 165 161 168 166
 162 163 163 163 164 164 164 163 162 162 162 167 152  72  22  24  21  17
  18  18  18  19  19  19  21  23  24  28  37  47  52  69 156 168 165 167
 168 168 168 169 169 168 168 169 170 170 170 170 170 171 171 172 172 172
 173 174 174 173 173 174 174 175 175 175 175 176 175 177 178 178 180 179
 177  30]"
"[ 29  30 149 150 150 151 151 151 151 151 150 149 150 151 153 154 154 156
 156 156 154 154 156 157 156 155 155 155 155 154 154 155 154 155 156 157
 156 155 154 155 153 152 155  74  24  26  23  24  19  21  16  19  20  23
  24  29  38  43  42  47  52  58  60  65  75  78  92  92  79  69  72  57
  57  57  52  48  45  42  38  36  32  32  29  25  23  25  28  30  29  30
  32  33  33  32  32  32  31  28  25  23  20  17  18  21  23  23  24  24
  26  27  26  23  22  24  33  45  62  78  89 100 146 163 163 160 160 166
 162 163 162 163 164 164 164 163 162 162 162 168 134  53  18  23  15  21
  18  18  18  19  19  19  21  23  24  29  37  43  57  65 149 170 165 167
 168 168 168 168 168 168 169 170 171 171 170 170 171 171 170 171 172 173
 173 174 173 173 173 174 174 174 174 175 176 177 176 178 179 178 180 179
 176  28]"
"[ 29  29 150 151 151 153 151 152 152 150 148 147 148 150 152 153 153 155
 155 155 154 154 156 158 157 155 154 155 155 155 154 154 155 155 155 155
 155 155 154 153 156 152 160  97  22  25  24  23  23  23  20  20  23  22
  22  28  32  33  36  39  41  44  49  54  63  67  72  74  73  69  63  59
  54  54  53  51  47  44  41  39  38  35  31  29  26  25  27  30  28  30
  32  33  33  32  32  32  32  32  30  27  22  20  18  17  20  19  20  24
  27  29  29  30  30  32  32  42  62  80  99 135 162 162 163 164 165 165
 164 164 162 162 163 163 164 163 163 162 162 169  95  32  18  20  17  18
  17  17  18  18  18  18  21  24  24  33  37  48  57  64 151 170 167 168
 168 168 168 168 168 168 170 171 171 172 172 172 172 171 171 171 171 171
 171 173 173 173 173 173 173 174 175 176 176 176 176 177 179 180 179 179
 178  29]"
"[ 29  29 150 151 151 153 151 152 152 152 150 150 150 151 153 154 154 155
 155 155 154 155 156 158 157 155 154 154 155 155 154 155 155 155 156 156
 157 157 156 155 151 154 158 126  27  25  23  23  21  22  21  20  24  26
  26  27  29  30  32  34  34  36  41  46  49  54  60  64  64  62  58  55
  55  54  51  48  47  46  44  42  39  37  35  33  29  26  25  26  24  26
  29  31  32  32  32  32  31  32  31  28  25  22  20  19  16  16  19  22
  25  28  31  34  33  40  42  48  54  76 124 163 163 163 163 164 164 164
 164 164 162 162 162 162 163 163 162 162 164 163  68  27  23  14  18  15
  15  15  16  17  17  18  21  23  24  34  41  50  59  75 158 172 168 169
 169 169 168 168 169 169 171 171 171 172 172 172 172 172 171 172 172 171
 172 173 174 174 174 174 174 175 176 177 177 176 177 177 180 180 179 179
 179  29]"
"[ 29  29 151 152 153 154 152 153 152 153 153 152 151 151 153 154 154 154
 155 155 155 155 157 158 157 156 154 154 155 155 155 155 154 154 155 156
 158 159 158 156 156 154 163 137  50  25  24  26  25  26  24  22  23  24
  25  29  28  29  30  30  30  31  35  40  44  49  56  59  60  59  57  55
  55  52  49  47  47  47  45  43  40  38  36  35  31  26  24  23  23  24
  26  28  31  32  33  33  31  32  32  30  27  25  23  22  18  19  21  23
  24  25  29  33  34  38  43  56  62  89 146 164 162 163 164 164 164 164
 164 164 163 163 162 162 162 162 162 162 164 164  57  24  25  15  20  14
  16  15  16  16  17  18  21  23  24  33  43  53  63  96 168 172 168 168
 168 168 168 169 169 170 171 171 171 172 172 172 172 172 171 171 171 171
 171 173 173 173 174 174 174 175 176 177 177 176 177 177 179 180 179 180
 179  29]"
"[ 29  30 152 152 152 154 152 153 152 153 153 153 152 152 153 154 154 154
 154 154 155 155 156 157 157 156 155 155 155 155 155 155 153 154 154 155
 157 158 158 156 154 156 160 152  72  22  24  26  23  22  23  25  26  23
  22  25  27  28  28  28  28  30  34  37  43  47  53  56  56  55  53  52
  53  51  49  48  47  46  44  41  40  38  35  33  30  26  24  24  25  24
  23  25  28  31  33  34  31  33  33  31  29  27  25  24  23  23  24  25
  24  23  26  30  34  38  46  58  63  97 155 162 163 163 164 165 165 165
 165 166 165 164 164 163 162 161 162 162 163 163  62  24  25  23  18  17
  18  17  16  16  17  18  20  22  25  33  42  56  67 121 174 169 168 168
 168 169 169 169 170 171 171 171 171 171 171 172 172 172 171 171 171 171
 171 173 173 173 174 174 174 175 176 177 177 177 178 178 180 180 180 180
 179  30]"
"[ 30  29 151 151 151 153 152 154 153 153 152 152 153 154 154 154 154 154
 154 154 155 155 156 156 155 155 155 155 155 156 155 155 154 154 154 154
 156 158 158 157 155 156 149 159 102  31  32  26  27  24  23  24  25  24
  24  23  25  25  26  26  26  29  32  34  39  43  47  50  50  50  50  50
  50  50  49  47  46  45  42  40  39  37  34  32  29  27  25  24  25  23
  22  23  26  29  32  33  32  33  33  32  30  28  26  24  23  23  23  24
  24  23  25  28  33  39  50  58  66 108 158 163 164 165 165 165 165 165
 165 165 165 165 164 163 162 162 162 162 163 159  63  25  26  25  16  20
  18  17  16  16  17  18  20  21  27  37  46  60  71 140 174 166 168 169
 169 170 170 171 171 172 171 171 171 171 171 171 172 172 172 172 172 172
 172 173 174 174 174 175 175 176 177 178 179 179 179 178 180 180 180 180
 179  30]"
"[ 30  29 151 151 151 153 152 154 154 153 152 153 154 154 154 154 154 154
 154 154 154 155 155 155 154 155 156 156 157 157 157 156 155 155 154 153
 154 156 157 157 152 156 156 158 135  60  23  23  24  26  27  23  20  23
  26  24  24  25  25  25  26  29  31  32  38  41  43  45  45  46  47  47
  46  46  46  44  42  42  42  42  38  36  34  32  31  28  26  23  23  23
  22  24  26  29  30  31  31  32  33  32  30  28  26  24  23  22  23  24
  24  24  26  28  32  38  48  60  76 127 163 160 165 165 166 166 165 165
 165 165 164 163 162 162 163 163 163 163 163 164  68  25  23  21  21  20
  18  17  16  17  18  19  21  23  29  42  54  63  79 150 170 166 167 168
 169 170 171 171 171 172 171 171 171 171 172 172 172 172 172 172 172 171
 172 173 174 173 174 175 175 176 177 178 179 179 178 178 179 179 179 180
 179  29]"
"[ 30  30 152 153 152 154 153 155 154 154 154 153 153 153 153 153 154 154
 154 154 154 154 154 155 155 157 157 157 157 158 157 157 154 155 154 154
 154 155 157 157 158 155 149 156 158 129  53  30  23  22  25  26  24  24
  24  22  25  25  24  25  27  30  31  31  35  37  37  37  37  38  39  39
  40  41  40  39  39  39  40  40  38  36  34  32  30  29  26  23  23  23
  23  24  26  28  29  29  31  32  32  31  30  28  26  24  24  24  24  25
  25  25  28  31  34  39  45  59  73 132 169 165 165 165 165 165 165 165
 165 165 163 162 162 162 163 164 163 163 165 164  68  23  21  20  23  18
  18  17  17  17  19  20  23  25  30  42  59  62  90 159 170 168 166 168
 169 171 171 171 171 171 171 172 172 172 173 173 172 172 171 172 171 171
 171 172 173 172 174 175 175 176 177 178 178 179 179 178 179 179 179 180
 178  28]"
"[ 29  29 152 153 153 154 153 155 154 154 154 154 153 152 152 152 154 154
 155 155 154 154 154 154 156 157 157 155 155 156 156 155 155 156 156 155
 155 156 157 158 156 155 158 155 159 160 144  97  55  34  22  25  27  25
  24  25  24  24  23  24  27  30  31  29  33  33  33  32  32  33  35  35
  35  36  36  36  36  37  38  37  38  36  33  30  29  29  27  25  24  23
  22  22  23  25  27  28  31  32  32  31  30  29  26  25  24  23  24  25
  25  26  30  34  38  39  39  57  72 135 172 160 164 164 164 165 166 166
 166 166 164 163 162 162 164 165 164 162 168 149  57  19  25  21  19  18
  17  16  16  17  18  20  23  25  31  39  58  58 100 166 172 169 167 168
 170 172 172 172 171 171 172 172 173 173 173 173 173 173 172 172 172 171
 171 172 173 172 176 176 177 177 177 178 179 179 181 180 181 181 181 181
 180  30]"
"[ 29  29 154 154 154 152 153 153 153 153 153 152 152 152 153 153 153 154
 154 154 154 154 154 154 155 155 156 156 156 156 155 155 155 155 155 154
 155 157 158 158 157 156 155 155 157 159 157 154 133 103  60  33  26  22
  24  27  25  25  24  24  24  24  26  30  30  31  31  29  27  27  30  33
  32  32  33  34  34  32  32  32  33  32  31  30  30  30  29  26  24  24
  24  23  24  25  25  24  27  31  33  31  30  29  27  24  26  25  25  25
  25  27  31  34  39  41  48  63  73 137 172 160 162 165 167 166 166 167
 166 164 164 163 165 166 166 166 165 162 170 135  42  22  18  19  20  16
  17  18  17  16  19  20  23  26  30  41  56  60 112 170 170 167 168 169
 170 171 172 172 172 172 172 172 172 172 172 172 172 172 171 171 171 171
 172 173 173 174 174 176 178 179 179 179 179 179 179 180 180 180 181 180
 180  27]"
"[ 28  28 154 153 153 152 153 152 153 153 153 153 153 153 153 153 153 154
 154 154 154 153 154 154 155 155 156 157 158 158 157 156 156 156 156 155
 156 157 158 158 157 157 157 156 157 157 156 154 161 158 135  98  61  34
  25  22  22  21  24  26  23  24  27  26  28  28  28  27  26  26  28  29
  32  31  30  29  28  28  29  30  31  31  31  31  32  32  32  31  27  26
  25  24  23  23  23  22  26  30  32  32  31  30  28  24  23  23  24  26
  27  29  31  33  40  41  49  61  75 142 173 163 164 166 166 165 165 166
 166 166 165 165 166 166 164 163 164 166 166 113  31  24  20  20  16  17
  18  18  17  17  20  21  23  26  32  42  58  64 122 170 170 169 168 169
 170 171 172 172 172 172 172 171 171 171 171 171 171 171 171 171 172 172
 173 173 174 174 176 177 177 178 179 179 179 179 181 182 181 182 182 182
 182  29]"
"[ 29  28 154 153 153 152 153 152 153 153 153 153 153 153 153 153 154 154
 154 154 154 153 154 154 155 155 155 157 159 159 158 156 157 157 156 156
 156 158 158 157 158 157 157 157 157 155 155 155 157 159 160 156 135  98
  60  32  31  33  28  22  25  26  23  23  26  26  26  25  24  25  25  26
  29  28  26  25  24  24  26  28  30  31  32  32  33  33  34  34  34  32
  29  28  26  25  24  24  24  28  31  32  31  30  27  24  23  23  24  26
  28  30  32  34  34  41  52  57  71 138 167 162 167 167 166 165 165 165
 165 166 167 166 164 165 167 164 162 164 170 113  28  26  23  22  16  19
  18  18  17  18  21  22  23  26  30  41  60  74 143 173 170 169 169 169
 169 170 172 172 172 171 171 171 171 171 171 171 171 172 173 173 173 174
 174 175 175 175 177 177 176 177 178 179 179 179 181 182 182 182 182 182
 182  29]"
"[ 29  29 155 154 154 153 153 153 153 153 153 154 154 154 154 154 154 154
 154 154 154 154 154 154 154 155 156 157 158 158 157 156 158 157 157 156
 157 158 158 157 158 157 157 158 157 156 156 157 156 160 160 159 158 150
 123  86  52  31  22  25  25  25  27  26  25  25  25  25  24  24  24  25
  25  25  25  24  24  24  25  26  30  31  33  33  33  32  33  35  37  34
  31  29  27  25  24  24  24  27  30  32  32  31  27  23  24  23  22  24
  26  28  30  31  34  40  50  46  66 137 164 164 164 163 163 164 165 165
 166 168 165 166 165 166 168 165 162 164 168 122  25  17  20  19  18  18
  18  19  18  19  22  23  24  27  34  44  58  75 149 169 169 170 169 169
 168 169 171 172 172 171 169 169 170 170 171 171 172 172 173 173 174 174
 175 175 176 176 176 175 175 176 177 179 180 180 180 181 181 181 182 182
 181  29]"
"[ 29  29 155 154 154 153 154 153 153 153 154 154 154 154 154 154 154 155
 155 154 154 154 154 155 154 156 157 158 157 157 157 157 158 158 157 157
 157 157 157 157 159 157 157 158 159 157 157 158 156 160 159 155 155 161
 162 150 124  97  55  30  27  25  22  26  25  26  26  26  24  23  24  25
  24  24  24  24  24  24  24  25  29  31  33  34  33  33  34  36  39  36
  33  31  29  27  25  25  24  27  29  31  32  32  29  25  25  23  22  22
  24  25  26  26  32  35  41  42  77 148 165 160 164 162 162 162 162 162
 163 166 166 168 168 165 162 161 163 167 165 116  27  16  19  19  18  18
  18  18  18  20  23  23  24  28  41  52  63  87 159 167 169 169 169 168
 168 169 170 171 172 171 169 169 169 170 171 171 172 172 172 172 173 173
 174 174 174 175 174 174 175 176 177 178 179 180 180 181 180 181 182 182
 181  29]"
"[ 29  29 154 154 154 152 153 153 153 154 154 154 154 154 154 154 155 155
 155 154 154 154 154 155 155 156 158 158 157 157 158 159 158 157 157 158
 157 157 157 158 159 158 157 158 159 158 158 158 160 158 158 164 162 155
 156 157 162 154 135  99  57  35  30  26  25  26  27  26  24  23  23  24
  25  24  22  22  22  23  24  25  26  27  30  32  33  33  34  37  40  39
  36  33  31  29  27  25  23  25  26  29  31  31  28  26  24  24  23  24
  25  24  23  23  27  28  33  39  81 146 164 169 165 164 163 162 162 162
 164 165 167 166 166 164 164 170 170 164 135  77  25  21  20  21  17  19
  18  18  18  21  23  23  25  29  41  54  68 107 170 170 170 167 169 168
 168 168 169 171 171 171 171 171 171 172 172 172 172 172 172 172 173 173
 173 174 174 174 173 174 176 177 177 177 178 179 179 180 180 181 181 182
 181  29]"
"[ 30  28 154 154 154 153 154 153 154 154 154 154 154 154 154 154 155 155
 155 154 153 153 154 154 155 156 157 157 157 157 158 159 157 157 158 158
 158 156 157 158 158 158 158 157 157 158 158 158 158 162 160 158 158 157
 159 159 160 161 161 158 138  95  49  25  27  27  27  26  24  24  23  24
  25  23  21  21  22  23  23  24  24  24  27  30  32  32  33  36  37  38
  37  33  31  30  27  23  23  23  24  25  27  28  26  24  24  23  24  25
  25  24  23  23  28  29  30  31  57 100 122 145 163 165 167 167 167 167
 167 166 167 164 165 166 168 168 150 121  68  30  17  17  16  18  16  19
  18  19  19  21  23  23  26  31  41  52  65 116 169 166 169 170 169 168
 168 168 169 170 171 172 172 173 173 173 173 173 173 173 172 173 173 174
 174 174 174 174 174 175 176 177 177 178 179 179 178 179 179 180 181 181
 181  29]"
"[ 30  29 155 154 154 153 154 154 155 154 154 154 154 154 154 154 154 154
 154 154 153 153 154 154 155 155 155 155 156 157 158 158 157 157 158 159
 158 156 157 159 157 158 158 157 156 158 159 158 158 162 159 159 161 159
 158 158 159 160 159 160 165 156 115  70  28  27  26  26  25  25  24  23
  23  22  21  22  23  24  24  24  25  24  26  29  31  31  32  34  37  40
  39  35  33  33  30  25  25  24  23  24  25  26  24  23  23  22  22  22
  23  23  24  25  28  33  35  29  29  34  39  63  95 106 121 137 152 165
 172 173 172 169 169 165 154 137  95  44  25  20  23  20  19  17  19  18
  18  19  19  21  23  23  26  32  43  54  68 130 175 166 167 168 169 168
 168 168 169 170 171 172 171 172 172 172 173 173 173 173 172 172 173 173
 174 174 174 174 174 174 175 176 178 180 180 180 178 180 179 181 181 182
 182  29]"
"[ 30  29 155 154 155 154 154 153 154 154 154 154 155 155 155 155 156 157
 156 155 154 154 154 153 154 155 156 157 156 156 157 159 159 158 157 158
 158 158 157 156 158 158 158 157 158 158 159 159 160 159 159 160 161 161
 160 160 160 158 161 160 158 165 162 143  83  33  23  30  29  21  27  22
  23  22  22  23  23  22  22  24  25  23  23  26  30  33  35  36  39  40
  40  38  35  32  30  28  25  25  24  23  23  24  24  22  21  20  20  20
  21  23  24  23  28  28  31  34  36  37  37  34  34  34  38  47  56  77
 114 148 153 146 125  94  62  41  30  26  25  24  22  20  19  19  19  18
  20  18  18  21  23  25  29  33  46  55  73 146 171 167 168 166 170 169
 169 169 170 171 172 172 173 173 173 173 174 174 173 172 173 173 174 175
 175 175 174 174 174 174 175 177 178 179 180 180 179 181 180 180 182 183
 182  30]"
"[ 29  29 154 154 154 154 155 154 154 154 155 155 155 156 156 156 158 158
 157 156 155 155 155 154 154 155 156 157 157 157 157 158 158 158 158 158
 158 158 158 157 159 158 158 158 157 157 158 158 160 159 159 160 160 160
 160 159 159 157 161 162 156 158 164 163 150  91  33  23  20  25  25  22
  24  22  22  22  22  22  22  23  24  24  24  27  30  32  35  37  38  40
  41  40  37  34  32  30  25  25  24  23  24  25  24  21  20  20  19  19
  20  22  23  23  25  24  25  26  28  30  32  31  35  31  29  32  34  40
  54  69  82  75  61  47  37  31  27  23  22  21  19  19  19  19  19  19
  20  18  19  21  23  24  28  33  47  57  76 152 172 167 168 168 172 171
 171 171 171 171 172 172 172 172 173 173 173 174 174 173 175 175 175 175
 175 175 175 174 176 176 177 178 179 179 179 179 179 180 180 180 181 183
 182  29]"
"[ 30  29 154 153 154 153 155 154 155 155 156 156 155 155 156 157 158 158
 157 156 155 155 154 154 154 154 156 158 159 158 157 157 158 158 158 158
 158 157 157 157 159 158 158 158 157 157 157 157 160 160 160 160 160 160
 160 159 160 157 160 163 160 157 161 165 170 146  88  36  24  28  25  24
  23  21  20  21  22  22  23  23  24  24  25  26  28  30  33  36  37  40
  41  41  39  36  33  31  28  27  24  23  24  24  23  20  20  20  20  19
  20  21  22  22  21  19  20  20  20  23  26  26  27  24  23  27  32  35
  39  44  57  57  57  53  47  40  30  23  21  18  17  19  20  19  19  22
  20  19  19  22  22  23  28  33  46  58  78 158 172 168 168 170 173 172
 171 171 172 172 172 171 171 172 172 173 174 174 174 174 175 175 174 175
 175 175 175 175 176 177 177 178 179 180 179 179 179 180 179 180 181 182
 181  29]"
"[ 29  29 154 154 154 154 155 154 155 156 156 156 155 154 155 155 156 156
 156 154 154 154 154 153 153 154 155 158 159 158 157 156 157 158 158 158
 157 156 156 156 158 158 158 158 158 158 157 157 159 159 159 160 160 160
 160 160 161 161 160 161 162 161 158 156 158 167 149  79  30  20  22  25
  21  20  19  20  22  23  23  23  23  24  25  25  26  27  30  33  36  39
  41  42  40  38  35  32  33  30  26  24  23  23  22  20  20  20  20  20
  20  21  22  22  19  18  20  20  20  21  23  23  25  24  24  24  25  27
  29  31  30  35  40  41  37  32  28  25  22  19  18  19  19  19  20  22
  20  19  20  22  23  24  29  35  44  58  80 162 169 168 168 170 171 170
 170 171 171 172 172 172 172 173 173 173 174 175 175 175 174 174 174 175
 176 176 176 175 175 176 177 178 180 180 180 179 179 180 179 180 181 181
 180  28]"
"[ 29  29 155 154 155 154 155 154 154 155 155 155 154 153 154 154 156 156
 155 154 154 154 155 154 154 154 154 156 157 157 156 155 156 157 158 158
 156 155 156 156 158 158 158 158 158 158 158 158 158 159 159 160 160 160
 160 160 161 163 161 159 161 162 160 159 160 163 167 139  63  24  23  25
  22  21  20  21  22  23  23  22  22  23  24  24  24  25  28  31  34  37
  41  42  42  40  37  34  33  32  29  27  24  23  22  21  20  20  20  20
  20  22  23  23  19  19  21  22  21  21  23  22  21  24  26  25  25  27
  29  30  30  31  31  31  30  29  27  25  23  22  20  18  18  19  20  19
  19  19  21  23  24  25  31  37  43  58  81 163 166 167 168 168 170 169
 170 170 171 172 172 172 172 173 173 173 173 174 174 174 174 174 175 176
 177 177 176 176 174 175 176 178 179 180 180 179 179 180 179 180 181 181
 180  29]"
"[ 29  29 155 155 155 154 155 154 153 154 154 154 154 153 154 154 155 156
 155 155 154 155 155 155 154 154 154 156 157 156 155 155 155 157 158 158
 157 157 157 158 158 158 158 158 157 158 158 158 158 159 159 160 160 160
 161 161 161 162 161 161 162 161 160 162 160 161 161 164 115  38  23  26
  24  24  23  22  22  23  22  21  20  21  23  24  24  25  27  30  31  34
  38  41  42  41  39  36  32  31  31  30  27  24  22  22  20  21  20  20
  21  22  23  23  21  21  22  22  21  22  23  23  23  25  24  23  24  27
  29  28  29  29  29  30  30  29  25  23  24  24  22  19  19  20  20  18
  18  18  19  22  23  25  31  37  46  58  82 165 167 167 169 167 170 170
 171 171 171 172 171 171 171 172 172 172 172 173 174 174 174 175 175 176
 177 176 175 174 175 175 176 177 178 179 179 178 179 180 179 181 181 180
 180  29]"
"[ 29  29 154 154 155 154 155 154 154 154 154 154 154 154 155 155 156 156
 156 155 155 155 155 155 155 155 156 157 157 156 155 155 155 156 157 158
 158 158 158 159 158 158 157 157 157 157 158 159 158 159 160 160 160 160
 160 161 162 160 160 162 162 161 159 159 160 163 159 156 144  60  26  26
  25  25  24  22  21  21  21  19  19  20  21  23  25  25  26  28  28  31
  36  39  41  41  39  37  33  32  31  31  29  26  24  23  22  22  22  21
  22  23  23  22  23  22  22  22  21  22  24  24  25  25  23  23  26  30
  32  31  31  30  28  27  26  24  24  24  24  24  23  22  22  21  20  19
  19  18  19  22  23  25  31  38  49  55  81 167 170 167 170 169 170 171
 172 172 171 171 171 172 171 172 172 172 172 173 174 174 174 174 175 176
 176 176 175 174 176 175 176 177 178 178 178 178 179 180 179 181 181 180
 180  29]"
"[ 29  29 154 154 154 154 155 155 155 155 155 155 155 155 155 155 157 157
 156 155 155 155 155 155 156 156 157 158 158 156 155 155 154 155 157 157
 157 157 157 158 157 157 156 156 157 158 159 160 159 160 160 160 160 160
 160 160 161 161 162 160 158 160 162 161 162 158 161 161 156  95  39  26
  24  24  23  20  19  20  20  19  19  19  21  23  24  25  25  26  28  31
  35  39  41  41  40  38  36  33  30  29  28  26  24  24  25  24  23  23
  23  24  24  23  23  22  23  24  23  23  25  24  22  24  25  27  29  31
  31  30  29  28  27  27  27  26  25  25  23  21  22  24  24  21  19  20
  21  21  21  24  26  28  33  40  50  52  79 169 174 167 171 170 169 170
 172 172 171 171 171 172 171 172 173 172 172 174 175 175 174 174 175 175
 176 176 176 175 176 176 176 176 178 178 179 179 179 179 179 181 180 180
 180  29]"
"[ 29  29 154 154 154 154 155 154 154 155 158 159 156 156 158 157 157 157
 156 155 155 154 154 154 155 155 156 158 158 157 156 155 154 154 154 155
 156 157 157 157 154 155 156 156 157 157 158 158 159 159 160 161 161 161
 161 161 160 161 162 162 161 160 160 161 162 161 159 162 161 125  49  20
  25  22  23  19  17  19  19  21  21  19  19  22  24  24  24  25  26  30
  35  38  40  40  39  38  37  34  31  30  30  29  27  25  24  24  24  24
  24  24  24  25  25  23  22  24  25  25  25  26  26  28  28  29  30  31
  29  27  25  24  24  25  25  24  23  24  24  23  23  24  23  23  23  24
  23  23  23  24  24  27  34  40  50  49  87 166 170 166 173 170 171 172
 172 172 171 170 171 171 171 172 173 173 173 174 174 174 174 175 176 176
 176 176 176 176 176 176 176 175 176 178 179 179 179 179 178 180 181 181
 181  28]"
"[ 30  29 154 154 155 154 155 154 155 155 158 158 156 157 158 157 157 156
 156 155 155 155 155 155 154 154 155 156 156 155 155 155 154 154 154 154
 155 156 156 156 155 155 156 156 157 158 158 158 159 160 161 161 161 161
 161 161 161 161 162 161 161 160 161 161 162 161 159 162 162 135  69  21
  25  23  22  20  19  19  18  19  20  18  19  21  23  23  23  24  23  27
  31  35  37  38  38  37  36  34  31  30  31  31  30  28  27  25  24  24
  24  24  24  24  25  23  24  26  27  28  28  28  28  29  30  30  31  30
  27  24  25  24  23  24  24  23  23  24  24  23  23  23  23  23  24  24
  25  24  24  24  25  28  34  40  52  50  94 166 167 167 168 172 169 170
 171 171 171 172 172 172 172 173 174 174 174 174 174 175 173 174 175 175
 175 175 176 176 176 176 176 175 177 178 179 179 179 180 179 180 180 181
 181  29]"
"[ 30  29 155 155 155 154 155 154 154 154 156 157 155 156 158 156 156 156
 156 156 155 155 155 155 154 154 155 155 155 154 154 155 154 154 153 153
 154 154 154 154 155 156 156 157 158 158 159 159 159 160 161 161 161 161
 161 161 161 161 161 161 161 161 161 162 162 162 160 162 162 147  98  24
  25  25  21  20  20  18  18  18  19  18  19  21  21  21  21  22  22  25
  28  31  34  37  38  38  37  34  31  31  32  33  32  30  29  27  24  24
  24  24  24  24  26  25  26  28  30  30  30  30  31  30  31  32  32  29
  26  24  25  24  23  23  23  22  23  24  24  24  24  23  23  24  24  24
  24  23  24  25  28  32  38  44  53  52 102 169 169 169 167 171 168 169
 170 171 171 172 172 172 172 173 173 174 174 174 174 174 174 174 175 175
 175 175 176 177 176 176 176 176 177 179 180 180 180 180 179 180 180 180
 181  29]"
"[ 30  29 155 155 155 154 155 153 154 154 155 155 154 156 157 156 155 155
 155 155 155 155 155 154 155 155 156 156 156 154 154 155 154 154 153 153
 153 154 154 154 155 155 156 156 157 158 158 158 157 158 160 160 160 160
 161 161 162 161 161 161 161 162 162 162 162 162 160 161 161 155 124  32
  22  26  22  20  19  17  18  18  19  19  20  21  20  20  20  21  24  24
  25  27  31  36  39  40  39  36  33  32  32  33  32  30  30  28  26  26
  26  26  26  26  28  28  28  29  31  31  31  31  31  30  31  33  32  29
  26  25  25  25  24  23  23  23  23  23  25  25  24  24  24  24  24  23
  26  26  27  29  31  35  41  47  57  58 113 170 170 168 171 167 169 170
 171 171 171 171 171 171 172 172 173 173 173 173 174 174 175 175 175 176
 175 176 176 177 176 176 176 177 178 179 180 180 179 180 179 180 180 180
 180  29]"
"[ 29  28 154 154 155 154 154 153 155 154 155 155 155 156 157 156 155 155
 155 155 155 154 154 154 155 155 157 158 157 155 154 154 154 153 153 153
 153 154 154 154 155 154 155 155 157 157 158 157 156 158 159 160 160 161
 161 162 162 161 160 160 161 162 162 162 162 162 161 160 159 160 143  52
  20  24  23  20  18  17  18  18  18  19  19  20  19  18  19  20  23  23
  24  25  29  33  36  37  39  37  35  33  33  32  31  30  30  30  30  30
  29  29  29  31  31  31  30  30  31  32  32  32  31  30  30  32  31  29
  27  27  25  25  24  24  23  23  23  23  23  24  24  24  25  25  24  23
  24  26  29  32  34  38  46  53  59  66 133 170 167 167 172 168 170 170
 171 171 171 171 171 170 172 172 173 173 173 173 174 175 174 175 176 176
 175 175 175 175 176 177 177 178 179 180 180 179 179 180 180 181 181 180
 180  29]"
"[ 29  29 155 154 155 154 155 154 154 154 155 155 154 156 156 155 155 155
 155 154 154 154 155 155 155 155 156 157 157 155 154 153 154 153 153 153
 154 155 155 155 156 155 155 156 157 158 158 158 157 158 159 160 161 162
 162 162 161 161 160 161 161 162 162 162 162 162 161 160 159 162 156  86
  25  21  24  23  19  19  18  18  18  18  18  18  17  18  18  19  21  22
  24  26  29  31  33  33  37  36  35  34  33  32  31  30  29  30  31  32
  31  30  31  33  33  32  32  31  32  33  33  32  31  30  30  30  29  28
  27  27  24  24  24  23  23  23  23  22  22  23  24  24  25  27  27  25
  23  26  30  34  36  41  49  56  58  80 153 170 167 170 169 169 169 169
 170 171 172 172 172 172 171 172 172 172 172 172 173 174 174 175 176 176
 175 175 175 175 176 177 177 177 179 180 180 179 179 180 180 181 181 181
 180  28]"
"[ 30  29 155 154 155 155 156 155 154 153 155 155 154 155 156 154 154 154
 154 154 154 155 156 156 156 155 155 155 156 155 154 154 154 154 153 153
 154 155 155 155 156 156 155 156 157 158 158 158 158 158 158 160 161 162
 161 161 161 161 161 161 162 162 162 162 162 162 162 161 160 162 162 121
  40  22  24  23  19  20  16  18  17  17  17  16  16  18  19  19  21  22
  24  26  28  30  31  32  34  35  36  36  34  32  31  31  30  31  32  32
  32  31  31  32  33  33  32  32  32  33  33  31  30  30  30  28  27  27
  26  25  23  24  23  22  22  23  23  22  23  24  24  24  26  29  30  28
  30  31  33  36  39  44  51  58  71 115 166 170 169 171 168 169 169 169
 169 170 171 172 172 172 171 171 171 171 171 171 172 173 174 175 175 175
 175 175 175 175 176 177 176 176 177 179 179 179 179 180 179 181 181 181
 181  29]"
"[ 29  28 153 153 154 153 155 154 154 154 156 156 155 155 156 154 154 154
 154 154 154 156 157 157 158 156 154 154 155 155 155 155 155 154 153 153
 154 155 155 155 156 155 154 155 156 157 157 157 158 158 158 159 160 161
 160 159 160 161 161 161 162 162 162 162 162 162 162 161 161 161 164 143
  56  25  23  22  18  19  14  19  17  18  17  16  16  18  19  20  21  22
  23  24  25  28  30  32  33  35  37  37  34  32  31  31  32  32  32  32
  32  32  31  31  33  33  32  32  32  33  32  29  29  30  30  27  26  26
  25  24  24  24  24  22  22  23  24  23  24  25  24  24  26  30  31  30
  30  31  33  39  46  53  62  69  98 156 169 167 168 168 172 170 171 170
 170 170 171 171 171 171 172 172 172 172 171 171 172 173 173 173 174 174
 174 174 175 176 177 177 176 175 176 178 179 179 180 180 179 180 181 181
 181  29]"
"[ 29  29 153 155 153 154 155 156 155 156 156 155 155 155 156 158 156 154
 153 153 154 155 157 158 157 156 155 154 154 155 157 158 155 154 153 153
 154 155 155 154 154 154 155 156 156 157 158 158 158 159 160 160 161 161
 160 160 160 160 161 161 162 162 162 162 162 162 163 162 161 161 160 159
  89  24  24  22  19  17  22  16  19  17  16  15  16  18  19  20  22  22
  22  23  24  25  28  30  32  34  36  36  35  33  31  31  31  31  31  32
  32  31  32  32  33  32  32  31  32  31  29  27  28  27  26  25  24  24
  24  24  25  24  23  22  22  23  23  24  24  23  24  27  29  30  30  32
  36  34  39  45  52  62  65  90 142 170 171 164 169 169 167 170 168 168
 169 170 171 171 171 171 172 171 171 171 171 171 172 173 173 173 173 173
 172 173 174 175 175 175 176 177 178 179 179 180 179 180 179 180 181 181
 181  29]"
"[ 29  29 153 155 153 154 155 156 156 157 157 157 156 155 156 157 155 154
 153 153 154 154 156 157 155 154 154 153 154 155 156 157 155 154 153 152
 153 154 154 153 154 155 156 157 157 158 159 160 159 159 160 161 161 162
 161 161 161 161 161 161 162 162 162 162 162 162 162 161 161 161 161 160
 115  35  21  25  21  17  19  19  19  18  17  17  17  18  18  19  21  21
  22  23  24  25  26  29  31  32  34  34  33  31  30  30  31  31  31  32
  31  31  31  32  32  32  32  31  31  30  28  26  25  25  25  24  23  23
  23  24  23  23  23  23  23  23  23  24  25  24  26  29  30  30  30  32
  35  39  40  47  53  64  88 128 166 170 164 164 169 169 169 169 168 169
 169 170 171 171 172 172 172 171 171 171 171 171 171 172 172 173 172 172
 172 173 174 175 175 175 175 176 177 177 178 178 179 180 179 180 180 180
 180  28]"
"[ 29  29 153 155 153 155 155 155 156 157 157 157 156 155 155 155 155 154
 153 153 153 153 155 156 154 154 154 154 155 156 156 157 155 154 154 154
 154 154 154 154 155 156 157 158 158 159 160 161 160 160 160 161 161 161
 161 162 161 161 161 161 161 161 161 162 162 162 162 161 161 162 161 161
 140  57  18  26  23  19  18  20  18  18  17  17  18  18  18  18  19  20
  22  23  24  24  25  26  28  30  31  31  31  30  30  30  31  31  31  32
  31  30  31  32  32  32  32  31  31  29  27  25  23  23  24  24  23  23
  23  23  22  22  23  23  23  23  23  23  23  24  27  29  30  29  30  32
  39  43  43  51  59  84 126 161 172 167 164 168 168 168 171 170 169 169
 169 169 170 171 172 172 171 170 170 170 170 169 170 170 172 172 172 172
 172 173 174 175 175 175 175 176 176 176 177 177 179 180 179 180 180 180
 180  29]"
"[ 29  29 153 155 153 155 155 155 154 155 156 156 156 155 154 154 154 154
 153 153 153 153 154 155 155 155 155 156 156 156 157 157 154 155 155 155
 155 155 155 156 157 158 158 159 159 159 159 160 160 160 160 160 160 160
 160 161 161 160 160 159 159 160 160 161 161 161 161 161 161 161 161 160
 153  88  24  23  24  23  19  18  17  17  17  17  18  18  18  17  17  19
  21  23  23  23  23  24  26  28  30  31  31  31  31  31  31  31  31  31
  30  30  30  31  31  31  31  30  30  29  27  25  24  24  24  24  24  24
  24  23  22  22  23  23  23  24  23  23  22  24  27  30  31  31  32  35
  41  45  49  55  72 116 157 167 166 165 168 169 167 169 173 171 170 170
 169 169 169 170 171 172 169 168 168 168 168 168 168 169 171 172 172 172
 172 172 173 174 175 175 175 175 175 176 176 177 178 179 179 180 179 179
 180  29]"
"[ 29  29 153 154 153 155 154 155 153 154 155 155 155 155 154 154 154 154
 154 154 153 153 153 154 154 155 155 156 156 156 155 155 154 154 155 154
 154 154 154 155 158 158 159 159 159 159 159 159 160 160 160 160 159 159
 159 160 161 160 159 158 158 159 160 161 161 161 161 161 161 161 160 159
 159 122  38  20  25  22  19  16  17  17  16  16  17  17  17  16  17  18
  20  22  22  22  22  23  25  27  29  32  32  32  31  31  31  31  31  31
  30  29  30  31  31  31  30  29  29  29  28  27  26  25  24  24  24  25
  24  23  23  23  23  23  23  23  23  24  23  25  29  31  32  33  36  38
  43  51  57  63  98 149 172 168 167 168 168 166 168 172 172 171 171 171
 169 168 168 169 169 170 169 169 169 169 169 169 169 169 171 171 171 171
 171 172 173 173 174 174 175 175 175 176 177 177 178 179 179 179 179 178
 179  28]"
"[ 30  29 153 154 153 155 154 154 154 154 155 155 155 155 155 155 154 154
 154 154 154 153 153 154 154 154 155 155 155 155 154 154 154 154 155 155
 154 154 154 154 157 158 159 159 159 159 159 159 161 161 161 160 159 159
 159 160 161 160 159 159 159 159 160 161 161 161 161 161 161 161 160 158
 160 141  54  20  25  21  18  20  18  18  17  16  16  16  16  15  17  18
  20  21  21  21  22  23  23  25  28  30  32  32  31  30  31  30  29  30
  30  29  30  30  31  31  30  29  28  29  28  28  28  26  24  23  24  24
  24  23  24  24  23  23  23  23  24  24  24  26  30  31  32  34  38  41
  46  54  59  78 132 168 170 168 167 167 167 166 170 171 168 173 172 171
 170 169 169 168 169 169 170 170 170 171 171 171 171 171 171 172 172 172
 172 173 173 174 175 175 175 176 177 178 179 179 179 180 179 180 180 179
 180  29]"
"[ 30  29 152 154 153 155 154 154 155 155 155 155 155 155 155 156 154 154
 154 154 154 154 153 153 154 154 155 155 155 155 155 154 154 155 155 155
 156 156 156 156 156 157 158 159 159 159 159 160 160 161 162 161 160 160
 160 161 160 160 159 159 159 159 160 161 162 161 161 161 161 162 160 159
 160 149  74  22  25  22  19  21  19  19  18  17  17  16  16  15  18  18
  19  20  20  20  22  24  23  24  26  28  30  30  31  31  30  29  28  28
  29  29  29  29  30  30  30  29  28  28  28  27  28  27  26  24  23  23
  24  24  24  24  23  23  23  23  24  24  24  26  29  31  32  35  40  43
  48  53  67 106 157 168 165 166 165 165 168 169 170 169 167 172 171 171
 171 170 170 169 169 169 170 170 170 171 172 171 172 172 172 172 173 173
 173 173 174 174 175 175 175 176 177 178 179 180 180 180 179 180 180 180
 180  29]"
"[ 29  29 152 154 153 155 154 153 156 155 154 154 154 155 155 156 154 154
 154 154 155 154 153 152 153 153 154 154 155 155 155 154 153 154 155 156
 157 157 158 158 156 157 159 159 160 159 159 160 159 160 161 161 160 160
 160 161 159 159 158 158 158 159 160 161 162 162 161 161 161 162 161 160
 162 153  91  26  24  26  19  17  19  19  18  18  18  17  16  15  18  18
  18  19  19  20  22  25  24  25  25  26  28  30  31  31  29  28  27  28
  29  29  29  29  30  30  30  29  28  28  27  26  28  28  27  26  24  23
  24  26  23  23  23  23  23  23  24  24  24  26  29  30  33  37  43  46
  53  57  87 140 172 164 169 169 170 166 169 167 166 170 170 169 171 171
 171 171 171 170 170 169 169 169 169 170 171 171 171 171 171 171 172 172
 172 172 172 173 174 174 174 175 176 177 178 179 179 179 178 179 179 179
 179  27]"
"[ 28  30 153 153 153 154 153 154 156 156 155 154 154 154 154 154 154 155
 156 156 155 154 152 151 151 152 153 155 156 157 156 155 154 153 153 154
 156 158 158 158 157 157 157 158 159 159 159 159 158 159 160 161 162 162
 161 161 161 160 158 157 157 158 159 160 162 161 160 160 161 161 161 161
 160 158 129  45  20  28  21  20  19  19  19  18  17  16  16  17  19  18
  17  18  19  21  23  24  24  24  24  24  25  27  29  31  31  27  25  26
  26  25  25  26  28  29  29  29  26  25  24  24  26  26  26  25  24  24
  24  24  21  23  24  24  23  23  23  24  24  28  30  31  37  41  44  55
  55  63 120 163 167 168 167 169 168 168 168 168 168 169 170 171 172 172
 172 172 172 171 170 169 170 169 169 171 172 171 172 174 171 172 172 172
 172 172 173 173 174 174 175 176 177 176 177 177 179 180 179 178 179 180
 178  29]"
"[ 29  30 153 154 153 154 153 155 155 155 154 154 154 154 154 154 154 155
 155 154 154 154 153 152 151 152 152 153 155 156 155 154 154 154 154 154
 156 158 159 158 158 157 157 157 158 158 159 159 159 159 160 160 161 161
 161 160 160 160 159 158 158 159 159 160 161 161 160 161 161 161 161 161
 158 162 142  65  20  25  21  22  18  18  18  17  17  16  16  17  18  17
  17  18  19  21  22  24  23  24  25  25  25  26  29  31  29  27  25  25
  25  24  23  24  25  26  27  27  25  24  24  24  25  25  25  24  24  24
  24  24  22  23  24  23  23  23  23  24  23  25  30  33  38  45  50  57
  63  99 151 171 168 168 168 170 167 167 168 168 169 169 170 170 171 172
 172 171 171 170 170 170 169 168 169 170 171 171 171 173 171 171 171 171
 171 171 171 171 174 174 175 176 176 176 176 177 178 179 179 178 179 180
 178  29]"
"[ 29  30 153 153 153 154 153 155 155 155 154 154 154 155 155 155 155 155
 155 154 153 154 153 153 153 153 153 153 155 156 155 154 154 154 154 154
 155 157 158 159 158 158 157 157 157 157 158 158 159 159 159 159 160 160
 160 160 160 160 159 159 159 160 160 160 160 160 161 161 162 161 161 160
 157 164 155  90  23  25  23  23  19  18  18  17  17  16  16  17  17  16
  16  17  19  20  21  22  21  23  25  25  24  25  27  29  27  25  24  25
  25  24  23  23  23  24  25  25  24  24  24  24  24  24  24  23  24  24
  24  24  23  23  23  23  23  23  23  24  27  26  33  37  40  49  57  64
  80 134 169 169 168 169 166 168 167 168 169 170 170 170 170 170 170 171
 171 171 170 170 170 171 169 169 170 171 172 171 172 172 171 171 171 171
 172 171 171 171 173 173 174 175 175 175 175 176 177 178 179 179 179 180
 178  29]"
"[ 28  29 152 152 152 154 153 154 154 154 154 155 155 155 156 156 157 157
 156 155 154 154 154 154 154 154 154 154 156 156 155 154 153 154 155 154
 155 156 158 158 158 158 157 157 157 157 157 157 158 158 158 159 159 159
 160 160 160 160 160 161 161 161 161 161 160 160 161 161 161 161 161 161
 159 163 158 110  31  26  25  23  21  19  18  17  16  16  16  17  17  16
  16  17  18  18  18  19  20  21  23  24  24  24  26  27  25  24  24  25
  25  24  24  24  23  24  25  24  24  24  24  24  24  23  22  22  23  23
  23  23  24  23  23  23  23  24  24  23  23  25  33  39  46  53  64  79
 113 156 170 165 170 170 168 170 167 168 169 170 170 170 170 169 169 170
 171 170 169 169 169 170 169 169 170 171 172 172 172 172 172 172 172 173
 173 173 173 172 173 173 174 175 175 174 175 176 176 178 179 179 179 180
 178  30]"
"[ 28  29 151 152 152 154 153 154 153 153 154 154 155 155 155 156 158 158
 157 156 155 154 154 153 153 154 154 155 155 156 154 152 152 154 155 155
 155 156 156 156 158 158 158 158 158 158 157 157 157 157 158 158 158 159
 160 161 160 161 161 162 162 162 161 161 161 161 161 161 161 161 161 161
 161 161 157 125  47  25  25  23  20  19  17  17  16  15  15  16  17  16
  16  17  18  17  17  18  20  20  21  22  23  24  25  25  24  23  23  24
  24  24  24  23  23  24  24  24  23  23  23  24  23  21  20  21  22  22
  23  23  23  23  22  23  24  25  24  24  25  32  38  45  55  60  72  99
 145 167 168 165 167 165 167 169 167 167 168 168 169 169 169 169 168 169
 170 170 169 168 168 168 168 169 170 171 171 171 171 171 172 172 172 173
 173 174 174 173 174 174 175 175 175 175 175 176 175 177 179 178 179 180
 178  30]"
"[ 29  29 151 152 152 154 152 154 151 152 152 153 154 154 154 154 157 157
 156 155 154 153 152 151 152 153 154 155 155 155 154 152 152 154 155 155
 155 155 155 155 156 157 157 158 159 158 158 157 156 157 158 158 158 159
 160 161 161 161 161 162 162 162 161 161 161 161 161 161 161 161 161 161
 161 161 157 139  72  23  24  24  20  19  18  17  17  17  17  17  17  16
  16  17  18  18  18  18  20  19  19  21  22  24  24  24  23  23  23  23
  23  23  23  22  22  22  22  22  22  23  23  23  22  20  19  19  20  21
  22  24  23  23  22  23  24  25  26  26  32  38  40  45  60  70  90 126
 163 169 166 164 165 165 167 164 167 167 167 168 168 169 169 169 168 169
 170 170 169 168 167 167 168 170 171 171 171 171 172 171 172 172 172 172
 173 174 174 174 174 174 174 175 176 176 175 176 175 177 178 178 179 179
 178  29]"
"[ 29  29 151 151 152 153 152 153 151 151 152 153 154 154 154 154 156 156
 155 154 153 153 152 151 152 154 155 155 155 155 154 153 153 154 155 154
 154 154 154 154 155 155 156 157 158 158 158 157 156 157 158 158 158 158
 159 161 161 161 161 161 161 161 161 160 161 161 162 162 161 161 161 161
 161 161 157 150 102  26  24  24  21  19  19  19  19  18  18  18  17  16
  16  17  17  17  18  18  18  18  18  19  20  22  23  24  23  23  24  23
  23  23  23  23  21  20  20  21  21  22  22  23  22  20  18  18  18  18
  21  24  23  23  22  22  24  26  28  29  31  36  40  48  69  90 117 153
 168 168 166 166 167 169 169 165 167 167 168 168 169 169 169 169 168 168
 169 169 169 168 168 167 169 171 172 171 171 172 172 172 172 172 172 172
 172 173 174 175 175 174 174 175 176 176 175 175 176 177 177 177 178 179
 178  29]"
"[ 30  29 150 150 151 152 151 152 151 152 153 154 154 154 154 154 155 155
 154 153 152 152 152 151 152 154 155 154 154 154 154 154 154 155 154 154
 154 154 154 154 153 154 154 155 157 157 158 157 157 158 158 158 158 158
 159 160 161 161 161 161 161 160 160 160 161 162 162 162 162 161 161 160
 161 161 156 158 124  31  25  23  21  20  19  19  19  18  17  17  17  16
  15  16  16  16  16  17  17  17  17  17  18  20  22  24  23  24  24  23
  23  24  25  24  21  20  20  20  21  21  22  22  23  21  18  18  17  16
  19  22  24  23  22  22  23  26  29  32  37  43  52  65  86 110 137 164
 164 164 166 166 166 165 166 166 166 166 167 168 169 169 169 169 168 168
 168 169 169 169 169 168 169 171 172 171 170 171 172 172 172 172 172 171
 171 172 173 175 175 174 173 175 176 176 175 175 177 177 177 177 178 179
 178  29]"
"[ 32  26 149 147 150 152 151 151 151 152 153 154 154 154 154 154 154 153
 152 151 152 153 153 154 154 156 155 151 150 153 155 154 155 155 155 154
 154 153 154 154 153 153 155 156 157 157 156 154 157 156 157 159 159 158
 158 160 160 161 161 161 160 159 159 159 160 161 162 162 162 161 161 160
 161 161 158 156 137  42  20  26  24  19  20  21  17  17  18  15  16  16
  16  16  16  16  17  17  18  15  15  17  19  19  21  23  23  23  22  23
  23  24  24  24  25  23  20  19  20  21  22  22  23  22  20  18  17  19
  20  19  23  21  23  22  26  30  29  35  45  58  72  86 106 134 163 165
 165 166 165 165 166 166 165 167 166 167 168 168 168 168 168 168 168 168
 169 170 170 169 169 169 173 172 172 172 172 172 171 171 173 173 173 172
 172 172 172 172 172 172 173 174 175 175 176 176 176 177 179 178 177 177
 178  29]"
"[ 30  28 154 153 154 155 154 154 155 155 156 157 158 158 158 158 158 156
 155 154 156 157 158 157 156 157 156 153 152 154 154 153 153 155 157 157
 156 155 155 155 157 157 157 157 156 154 152 151 155 155 157 158 159 158
 158 158 161 162 162 160 156 154 156 158 162 164 166 166 164 163 162 161
 156 158 161 162 155  81  27  22  23  21  21  21  16  13  15  15  16  16
  16  16  16  16  16  16  17  16  15  17  19  19  20  22  23  22  22  22
  23  24  24  23  24  22  20  19  20  21  21  22  22  22  20  19  19  20
  20  20  22  22  26  27  29  31  34  44  59  70  88 102 129 156 161 162
 165 165 164 164 165 163 162 163 166 166 166 166 166 167 168 168 168 167
 168 168 169 168 168 168 172 170 169 168 169 169 170 171 172 173 173 173
 172 172 173 174 173 173 173 174 175 175 175 176 176 177 179 178 177 177
 177  28]"
"[ 29  30 160 160 160 159 158 158 158 159 159 160 160 161 162 162 163 161
 159 159 161 162 163 162 163 163 163 162 162 162 162 162 163 165 167 168
 166 165 165 165 166 166 167 167 168 168 168 169 169 171 172 173 173 174
 173 172 172 172 171 170 170 170 170 169 173 175 177 176 174 173 173 173
 173 171 172 171 171 124  43  24  24  23  21  19  17  16  17  18  16  16
  16  16  16  16  16  16  16  16  16  18  19  19  20  22  23  22  22  22
  23  24  24  23  23  22  21  20  19  20  21  21  22  22  21  21  21  22
  22  21  22  22  26  29  31  34  43  59  75  91  98 124 162 173 171 175
 172 172 171 172 174 173 172 173 174 173 172 171 171 171 171 172 174 173
 173 173 174 173 173 173 175 173 172 172 172 173 174 175 175 175 175 174
 172 171 172 174 173 173 173 173 173 174 174 175 177 178 179 178 177 177
 178  27]"
"[ 29  30 162 162 162 162 160 161 161 161 161 161 161 162 163 163 165 164
 163 163 164 165 166 165 166 166 166 167 168 168 168 169 171 172 172 172
 171 170 171 172 171 172 172 172 172 172 173 174 173 175 175 175 175 177
 177 175 178 177 177 179 182 183 181 178 179 180 180 179 178 179 179 180
 180 179 179 181 184 155  67  25  24  23  19  15  17  19  18  18  17  16
  16  16  16  16  16  16  16  16  16  17  17  18  20  22  23  23  23  23
  24  24  24  24  24  23  21  20  19  19  20  20  22  22  22  23  24  24
  23  22  23  23  25  29  35  45  61  79  88 109 125 164 188 183 181 183
 181 181 180 181 184 185 184 185 184 183 181 180 180 180 180 180 183 182
 181 181 182 181 180 180 181 179 179 179 180 180 180 179 179 179 179 177
 176 175 176 177 179 178 178 177 177 178 178 179 178 178 180 179 178 179
 179  28]"
"[ 28  30 161 162 163 163 162 162 163 162 162 162 162 163 163 164 165 165
 166 166 166 167 167 168 168 167 168 169 170 170 170 171 172 172 171 170
 171 171 172 172 173 173 172 172 171 171 172 172 175 176 176 175 175 178
 179 178 177 178 179 180 180 180 179 179 179 179 178 178 178 179 178 176
 175 179 177 181 186 173 107  36  23  26  23  18  19  21  19  17  17  17
  17  16  16  16  16  16  16  16  16  16  16  17  19  21  22  23  24  24
  23  23  24  25  25  24  22  20  19  19  19  19  21  22  23  24  24  24
  24  24  22  25  28  36  48  62  80  93 109 132 167 191 186 187 186 184
 185 184 182 183 185 185 184 186 187 186 185 185 186 186 186 186 186 185
 184 185 186 185 184 183 183 182 181 181 182 182 181 181 182 181 181 181
 182 183 183 183 182 182 181 180 180 180 181 181 180 180 181 181 180 181
 180  29]"
"[ 29  30 160 161 163 163 162 163 164 164 163 163 163 164 165 165 165 166
 168 168 168 168 168 169 171 171 171 172 172 171 172 173 173 172 172 173
 174 174 174 173 174 174 174 174 175 175 176 176 176 176 175 175 176 177
 179 179 180 179 179 179 179 179 179 179 180 180 180 180 180 179 176 173
 176 182 178 178 182 181 142  56  21  24  25  23  20  20  20  18  17  17
  17  16  16  16  16  16  16  16  16  16  15  16  19  21  20  21  23  23
  22  22  23  24  25  24  23  21  20  20  19  19  20  21  23  24  24  23
  24  25  25  31  36  47  62  75  88  96 121 168 187 188 180 185 188 185
 185 185 183 182 184 184 184 186 186 186 186 186 186 186 186 186 185 185
 185 186 187 186 186 185 186 183 181 181 182 183 183 183 183 182 182 182
 184 184 184 184 182 181 181 180 180 180 180 181 181 181 182 182 182 183
 182  30]"
"[ 29  30 160 161 163 163 162 162 164 163 163 164 164 165 165 166 166 166
 167 168 168 169 169 169 170 170 171 171 170 171 171 172 172 173 173 174
 174 174 174 174 174 174 174 174 174 174 173 173 175 175 176 177 178 178
 179 180 180 179 177 178 180 181 181 180 180 180 180 180 181 179 176 173
 176 180 181 181 180 181 161  89  26  21  21  23  19  17  17  17  17  17
  17  16  16  16  16  16  16  16  16  16  15  17  18  19  19  19  20  21
  22  22  23  23  25  24  23  23  23  22  21  20  20  21  23  24  24  23
  25  28  32  37  43  57  72  82  94 102 136 188 185 185 186 186 186 184
 186 186 185 185 187 187 187 189 187 187 187 186 186 185 185 185 186 186
 186 187 187 186 186 186 187 184 182 182 184 185 186 186 183 183 183 183
 183 183 182 181 183 183 183 182 182 182 183 183 183 182 183 183 183 183
 182  30]"
"[ 28  30 161 161 163 162 161 162 162 162 163 163 164 164 165 165 166 166
 166 167 168 169 169 169 168 170 171 171 171 172 173 173 174 174 174 174
 173 174 174 175 175 175 175 176 177 177 176 175 175 174 176 179 179 178
 178 179 178 179 181 181 180 179 180 181 181 181 181 181 181 181 180 179
 182 177 180 182 178 184 180 136  42  27  22  26  23  19  19  18  17  16
  16  16  16  16  16  16  16  17  17  16  16  17  18  18  19  19  19  20
  22  23  23  23  24  24  24  24  25  24  22  20  19  21  23  25  24  24
  27  31  38  42  46  63  78  88 103 114 170 187 184 187 184 187 186 188
 187 187 186 185 186 186 185 187 186 187 187 187 187 187 187 188 187 187
 186 186 186 185 185 186 185 183 182 184 185 186 186 185 184 184 185 185
 185 184 184 184 182 182 182 182 182 182 182 182 184 183 183 183 183 183
 181  29]"
"[ 29  29 162 163 162 162 162 162 160 162 164 165 166 165 165 165 166 166
 167 167 168 169 170 170 168 169 170 171 171 172 172 173 173 173 173 173
 174 174 175 175 175 175 176 177 178 178 177 177 176 176 176 178 179 179
 179 179 179 179 179 180 181 181 180 179 180 181 182 182 182 181 181 180
 180 180 182 180 178 182 180 168  85  21  21  26  20  21  23  16  17  16
  16  16  16  16  16  16  16  16  16  15  15  16  17  18  19  19  20  21
  22  23  24  24  25  23  24  25  25  23  23  24  23  23  23  24  24  26
  29  31  37  48  50  58  81  91  98 130 183 183 183 185 185 185 186 188
 187 186 185 186 186 186 186 187 186 186 187 187 187 186 186 185 186 187
 187 186 185 185 185 185 185 183 182 183 184 185 185 185 183 184 184 184
 184 183 183 183 183 182 181 182 182 182 182 182 182 182 182 181 181 182
 181  28]"
"[ 29  29 161 162 161 161 161 161 163 163 164 164 164 164 164 165 166 167
 167 168 169 170 170 170 168 169 171 171 172 172 172 173 173 173 173 173
 174 174 175 175 175 175 176 177 178 177 177 177 176 176 176 177 179 179
 179 179 179 179 179 180 180 180 180 179 180 180 181 181 181 181 180 180
 180 178 181 181 178 181 182 177 129  41  24  24  25  22  19  21  17  17
  17  16  16  16  16  17  16  16  16  16  16  16  17  18  18  19  20  21
  21  22  23  24  24  24  24  25  26  25  24  24  25  24  24  25  26  27
  30  33  41  46  56  63  77  92  94 149 187 185 184 185 185 185 185 186
 186 185 185 186 186 186 186 187 185 186 186 186 186 185 185 185 184 185
 185 186 185 185 185 186 185 184 182 182 183 184 184 183 182 183 183 183
 183 183 183 183 184 183 182 182 183 183 182 182 182 182 183 181 181 183
 181  29]"
"[ 29  29 161 161 160 161 161 161 163 164 164 164 163 163 163 164 166 167
 167 168 169 169 169 169 168 169 170 172 172 172 172 172 173 173 173 173
 174 174 175 175 175 175 176 177 177 177 177 177 176 176 176 177 178 178
 178 179 179 179 179 179 180 180 179 179 179 180 180 180 180 180 180 180
 180 177 179 181 177 178 183 184 166  80  28  22  25  24  18  20  18  18
  17  16  16  16  16  16  16  16  16  16  16  16  17  17  17  18  19  20
  21  22  23  24  23  24  24  25  26  26  25  24  24  23  24  26  28  30
  34  37  44  48  63  68  76  85  97 170 186 184 182 183 185 186 186 186
 185 184 184 185 185 185 185 185 185 185 185 185 185 184 184 184 183 183
 184 185 185 185 185 185 185 184 182 182 182 183 182 182 182 182 182 182
 183 183 183 183 184 183 182 182 182 182 181 181 182 181 182 181 181 182
 181  29]"
"[ 29  29 161 162 161 161 161 161 161 163 165 165 164 164 164 164 166 167
 167 168 169 169 168 168 168 169 170 171 172 172 172 172 173 173 173 173
 173 174 175 175 174 175 175 176 176 175 176 177 177 176 176 177 178 177
 178 178 179 179 179 179 179 179 179 179 179 179 180 179 179 179 179 180
 180 177 178 180 177 177 180 181 178 123  36  25  24  23  19  18  21  20
  18  17  16  16  16  16  15  16  16  16  16  16  16  16  17  18  19  20
  20  21  23  24  22  24  25  25  26  28  28  26  24  23  24  27  29  31
  35  38  47  55  67  71  80  74 111 181 184 182 181 182 184 186 186 186
 185 184 183 183 184 183 183 183 183 183 183 183 183 183 183 183 183 183
 183 184 185 185 183 182 184 183 182 182 182 182 182 181 182 181 181 181
 182 183 183 183 183 182 181 181 181 180 180 180 181 180 181 180 180 181
 180  29]"
"[ 29  29 161 162 161 161 161 161 161 163 164 165 164 164 165 165 167 168
 168 169 169 169 169 169 169 169 170 171 171 172 171 171 172 172 172 173
 173 174 174 175 174 174 174 175 175 174 175 176 177 177 177 177 177 176
 177 177 179 179 178 178 179 179 179 179 179 179 179 179 178 178 179 179
 178 177 178 179 179 178 177 175 180 153  58  26  27  20  19  20  21  20
  19  18  17  16  16  16  15  16  16  16  16  16  16  16  17  18  18  19
  20  21  23  24  22  24  24  25  26  29  30  30  26  25  25  28  30  31
  34  37  49  61  67  74  79  71 126 184 183 182 182 182 183 184 184 184
 185 183 182 182 182 182 183 183 182 182 182 182 182 182 181 181 183 183
 182 183 184 184 182 181 182 182 181 181 181 181 181 181 181 181 180 180
 181 182 183 183 182 181 180 180 180 180 179 179 180 179 180 180 179 180
 180  29]"
"[ 29  29 161 162 161 162 162 162 163 163 163 163 163 164 165 166 167 167
 168 168 169 169 169 169 170 170 170 170 171 171 171 171 172 172 172 172
 172 173 174 174 173 173 173 174 174 174 174 175 177 176 176 176 176 175
 176 177 178 178 178 178 178 179 179 179 178 179 179 178 178 177 178 178
 176 177 177 178 180 180 177 173 180 170 100  23  25  23  20  20  19  19
  18  17  17  16  16  16  16  16  17  17  16  16  17  17  17  17  18  19
  20  22  23  23  21  22  23  23  25  28  29  30  27  25  26  29  30  32
  36  42  50  61  64  72  71  77 138 184 180 182 183 183 183 184 185 185
 184 182 181 181 182 182 183 184 182 182 182 182 182 182 182 182 182 181
 181 181 182 182 181 180 180 180 180 180 180 181 181 181 180 179 179 179
 180 180 181 181 181 181 180 180 180 179 179 180 180 179 180 180 179 179
 180  29]"
"[ 29  29 160 161 160 161 163 163 163 162 162 162 162 163 164 165 167 167
 167 167 167 168 169 169 171 170 170 170 171 171 171 171 171 171 171 171
 172 172 173 173 173 172 172 173 173 174 174 175 175 175 175 175 175 174
 175 176 177 177 176 177 177 178 178 178 178 178 178 178 177 177 176 177
 177 178 177 177 179 179 176 175 177 179 142  32  23  27  23  20  18  18
  18  18  17  17  16  16  16  16  16  16  16  16  17  18  18  17  17  18
  20  22  23  23  20  21  22  23  24  25  27  29  28  26  26  28  30  33
  39  47  51  58  60  67  65  80 153 185 179 181 182 182 183 184 184 184
 182 181 180 180 181 182 183 183 182 182 182 182 182 182 182 182 181 180
 179 180 180 181 180 180 179 179 179 179 179 179 179 180 179 179 179 179
 179 179 179 179 180 179 179 179 179 179 179 180 180 179 180 180 179 179
 179  29]"
"[ 29  29 160 160 159 161 163 164 161 161 161 162 163 164 164 163 167 167
 167 167 167 168 169 170 172 171 170 170 171 171 171 171 171 171 171 171
 171 172 172 173 173 172 172 172 173 174 174 175 174 174 174 174 174 174
 175 177 176 176 176 176 176 177 177 177 177 178 178 178 177 176 176 176
 179 179 177 177 177 175 175 177 175 182 164  52  27  26  24  24  20  20
  20  19  19  18  17  17  16  16  16  16  15  16  17  18  18  17  17  18
  20  22  22  22  21  21  23  25  25  24  26  29  31  28  27  28  29  31
  39  47  52  57  59  64  65  77 168 187 180 181 182 182 182 182 182 180
 181 180 179 179 180 180 181 181 181 181 181 181 181 180 180 180 180 179
 179 179 179 179 179 179 179 179 179 179 179 179 179 179 179 179 180 179
 179 178 178 179 179 178 178 179 179 178 179 180 180 179 180 180 179 178
 179  29]"
"[ 29  30 160 160 161 161 161 163 162 161 161 161 162 163 165 166 165 165
 166 166 167 168 168 168 169 169 169 169 169 170 171 172 171 171 171 171
 171 171 171 171 172 172 172 172 172 172 173 174 173 174 174 173 173 173
 174 174 175 175 175 176 176 176 176 176 178 178 177 176 176 176 176 177
 178 178 177 177 176 175 176 176 174 180 180  94  30  25  26  21  23  21
  20  19  18  18  18  18  17  17  16  16  16  16  16  17  19  18  18  18
  19  20  21  21  24  24  23  24  24  26  28  29  30  29  29  30  31  32
  37  43  47  54  58  64  65  80 167 186 179 180 181 181 181 181 181 181
 182 181 180 180 181 180 180 179 180 180 180 181 181 181 180 180 179 179
 179 179 179 179 179 179 178 178 179 179 179 179 179 179 179 179 179 179
 178 178 178 178 177 178 178 179 179 179 179 179 179 179 179 178 179 180
 179  29]"
"[ 29  30 160 160 161 161 161 162 162 162 161 161 161 163 164 165 165 165
 166 166 167 167 168 168 168 168 168 168 168 169 170 171 171 171 171 171
 171 171 172 172 172 172 172 172 171 172 172 173 173 173 173 173 172 173
 173 174 174 174 174 174 175 175 175 175 176 175 175 174 174 175 175 175
 176 176 176 176 175 175 175 175 175 178 182 125  38  26  22  25  22  21
  20  19  18  18  18  18  17  16  16  16  16  16  16  17  17  17  18  19
  20  21  22  22  24  24  24  24  26  27  29  30  31  31  31  31  31  32
  36  41  47  51  54  59  63  78 164 184 179 179 180 180 180 180 180 180
 180 180 179 179 179 179 179 179 179 178 179 179 179 179 179 178 179 179
 179 179 179 179 179 179 179 179 179 178 178 178 179 179 179 179 179 179
 178 178 177 177 176 177 177 177 177 178 178 179 178 178 178 178 178 178
 178  29]"
"[ 29  29 159 160 161 161 161 162 162 162 162 161 161 162 163 164 166 166
 166 166 167 167 168 168 167 168 168 167 167 167 168 169 169 170 170 170
 170 171 171 172 171 172 172 171 171 171 171 172 172 172 172 172 172 172
 173 173 172 173 173 173 174 174 174 174 174 174 174 174 174 174 175 175
 175 176 176 176 175 175 175 175 175 175 180 158  52  27  22  27  23  22
  20  19  18  18  18  18  17  17  16  16  16  16  16  16  16  17  18  20
  21  22  24  24  24  24  24  25  26  28  29  30  30  30  31  32  32  33
  37  41  47  50  52  55  63  78 161 183 179 179 179 179 180 180 179 179
 179 179 179 179 179 179 179 179 179 179 178 178 178 178 178 178 179 179
 179 178 178 179 179 178 178 177 176 175 175 175 176 177 178 178 178 178
 177 177 176 175 176 176 176 175 175 176 178 179 177 177 177 177 176 176
 176  28]"
"[ 29  29 159 159 160 161 160 161 161 162 162 162 161 161 162 163 166 166
 165 165 166 166 167 167 167 167 167 167 167 167 167 167 167 168 169 169
 168 169 170 171 171 171 171 171 170 170 171 171 171 171 172 171 171 171
 172 173 172 172 173 173 174 174 174 174 174 174 174 174 174 175 175 175
 174 175 175 176 176 175 175 175 174 174 175 173  76  28  24  25  23  22
  20  19  18  18  17  17  17  17  16  16  16  16  16  16  16  17  18  19
  20  22  24  25  24  24  24  25  25  26  27  27  28  29  31  32  33  34
  37  40  45  48  53  54  65  75 154 182 179 179 179 179 180 180 179 179
 179 179 180 179 179 178 179 179 180 179 178 178 178 178 178 178 178 178
 178 178 178 178 178 177 178 178 177 176 175 176 177 178 176 176 176 176
 176 175 175 175 175 175 175 174 174 175 176 177 176 176 177 176 175 174
 175  29]"
"[ 29  30 159 159 160 161 160 161 159 161 162 162 161 161 162 163 164 164
 164 164 164 165 165 166 167 167 167 167 166 166 166 167 167 167 168 168
 167 167 168 169 170 170 170 170 170 170 171 171 171 171 171 171 171 171
 172 172 172 172 173 173 174 174 174 174 174 174 174 174 174 174 174 174
 173 174 174 175 175 175 175 174 175 175 173 177 108  30  25  23  23  21
  19  18  18  18  18  17  18  17  17  16  16  16  16  17  16  16  17  17
  18  20  23  24  24  24  24  24  24  24  25  25  28  29  31  32  32  33
  35  37  41  46  53  53  61  69 144 181 179 179 178 179 179 179 179 178
 177 178 178 178 178 178 179 179 179 178 177 177 177 177 178 178 177 177
 177 177 176 177 177 176 176 176 176 176 175 176 176 177 175 175 174 174
 174 174 175 175 175 175 175 175 174 174 174 174 175 175 176 175 174 172
 174  29]"
"[ 29  29 159 159 160 160 159 160 159 160 161 161 161 161 162 162 164 163
 163 164 164 165 165 166 166 166 167 166 166 166 166 166 166 167 167 167
 167 167 167 168 169 169 170 170 170 170 170 171 170 171 171 171 171 171
 171 172 172 172 172 173 173 173 173 173 173 173 173 173 173 174 174 174
 174 174 174 175 175 175 175 174 175 176 175 180 141  43  23  24  22  21
  19  18  19  19  19  18  18  18  17  17  16  16  16  17  17  17  17  17
  18  20  22  24  24  24  24  24  24  24  24  25  25  28  30  32  32  32
  34  36  40  45  50  51  57  63 134 181 177 177 177 177 177 177 177 177
 176 176 177 177 178 179 179 180 177 177 176 176 176 177 177 177 176 176
 176 175 175 176 175 175 173 173 174 174 173 174 174 175 174 174 173 173
 173 173 174 174 174 175 175 175 174 173 173 172 174 174 174 174 173 171
 174  29]"
"[ 29  29 158 158 160 160 159 159 159 159 160 160 160 161 162 162 162 162
 163 163 164 164 165 165 165 166 166 166 165 165 165 165 166 166 166 166
 166 167 167 167 168 169 169 169 169 169 169 170 170 171 171 171 171 171
 171 171 171 172 172 172 172 172 171 171 172 173 173 173 174 174 174 174
 175 174 174 174 175 175 175 174 174 175 175 181 163  72  25  25  23  21
  20  19  20  20  19  18  18  18  17  17  16  16  16  16  18  17  17  17
  18  20  22  23  24  23  23  23  23  24  24  25  23  26  29  31  31  33
  35  37  40  45  47  52  56  61 126 179 176 176 176 176 176 176 176 176
 176 176 176 177 177 178 178 178 176 175 175 175 175 176 176 176 175 176
 175 175 174 175 175 174 174 174 175 174 174 174 175 175 174 174 173 173
 173 173 173 173 174 174 175 175 174 173 172 172 173 172 173 172 172 170
 173  29]"
"[ 29  29 158 158 159 159 158 158 160 159 159 159 160 161 162 162 160 160
 161 162 163 163 163 163 164 165 165 165 165 165 165 165 165 165 165 165
 166 166 167 167 168 168 169 168 168 168 168 168 170 171 171 171 171 170
 171 171 172 172 172 172 172 171 171 171 171 172 172 173 174 174 174 174
 174 174 173 173 174 174 174 173 171 173 172 178 170  97  29  25  25  23
  21  20  20  20  18  17  18  18  17  16  16  16  16  16  16  16  15  16
  18  19  21  21  24  23  23  22  22  23  24  24  24  27  30  31  31  32
  34  35  40  44  46  54  57  62 121 176 175 175 176 175 175 175 175 176
 175 175 175 175 176 176 176 175 174 174 174 174 174 175 175 175 175 175
 175 174 174 174 174 174 173 173 173 173 173 173 173 174 175 174 174 173
 173 172 172 172 173 174 174 174 173 173 172 172 172 171 171 172 171 170
 172  28]"
"[ 29  30 157 158 158 158 159 159 160 160 160 160 159 159 160 161 161 162
 162 162 162 162 162 163 163 163 163 164 165 166 165 164 166 165 165 165
 165 165 166 167 166 167 167 167 167 167 168 168 169 169 171 172 170 169
 170 172 171 171 171 171 171 171 172 172 172 172 172 173 173 173 173 173
 172 173 173 173 174 174 174 174 175 171 175 172 175 140  41  24  24  23
  22  21  20  15  20  18  19  18  17  16  15  16  16  16  16  16  17  18
  17  17  19  20  22  22  23  23  23  23  24  24  25  26  29  31  31  31
  32  33  40  44  47  56  56  57 111 175 176 174 174 175 174 175 175 175
 175 175 174 175 175 175 174 174 174 174 174 174 174 174 174 174 174 174
 174 173 173 172 172 173 172 172 172 172 172 172 173 173 173 173 172 172
 172 172 172 172 171 172 173 173 173 172 172 172 170 171 171 172 171 171
 169  30]"
"[ 29  30 156 156 157 157 159 159 160 160 159 159 159 159 160 160 161 161
 161 161 161 162 162 163 163 163 163 163 164 164 163 163 164 164 164 164
 165 165 166 167 166 166 167 167 166 166 167 167 168 169 170 171 170 169
 169 171 171 171 171 171 171 171 172 172 171 171 171 172 173 173 173 173
 172 172 172 173 173 173 174 174 173 173 174 172 177 161  81  27  21  24
  23  23  22  17  19  18  18  17  17  16  16  16  16  17  17  17  17  18
  17  17  18  19  21  22  23  23  23  23  23  23  24  25  28  30  31  30
  31  33  37  42  45  54  59  62 106 170 178 175 174 174 173 174 175 174
 175 175 175 175 175 175 175 174 174 173 173 173 173 173 173 173 173 173
 173 172 172 172 172 172 172 172 172 172 173 173 173 173 172 172 172 172
 172 172 172 172 172 172 173 173 173 172 172 171 169 170 170 171 170 169
 168  29]"
"[ 29  29 155 155 156 155 157 158 159 159 159 158 158 158 159 159 160 160
 160 160 161 161 162 163 162 162 162 162 162 161 162 162 162 162 163 164
 164 164 165 166 165 166 166 166 166 166 166 166 168 168 169 169 169 169
 169 170 171 170 170 169 169 170 170 171 171 171 171 171 172 173 172 172
 172 172 172 172 173 173 173 173 170 173 169 169 172 173 125  39  19  25
  22  22  21  18  19  19  17  17  17  16  16  16  16  16  16  16  16  17
  16  16  17  19  21  22  23  24  24  23  23  23  24  24  27  31  31  30
  31  33  35  43  48  52  58  60  96 168 177 174 173 173 173 173 174 173
 174 174 175 174 174 174 174 174 173 173 173 173 173 172 172 171 172 172
 172 171 171 171 171 171 171 171 171 172 172 172 172 172 171 171 171 171
 171 171 171 171 170 170 170 170 170 170 169 169 167 168 168 169 168 167
 166  28]"
"[ 29  29 155 155 155 155 156 156 158 158 158 158 158 158 158 158 160 160
 160 160 160 160 161 161 161 162 162 161 160 160 161 162 162 162 163 163
 163 163 164 166 165 165 166 165 165 165 166 166 168 167 168 168 168 169
 169 169 169 169 169 169 169 169 169 170 171 171 171 171 172 172 171 171
 171 172 172 172 172 172 172 172 173 173 170 172 170 175 157  76  24  27
  23  21  18  18  19  20  18  17  17  17  16  16  16  16  15  15  15  16
  16  17  18  20  22  23  23  24  24  24  23  23  25  24  26  30  31  30
  31  34  34  44  51  53  59  58  84 162 174 171 172 173 173 174 174 172
 173 174 174 174 173 173 173 173 173 173 173 173 173 172 171 171 172 172
 171 171 171 171 171 171 170 170 171 171 172 172 171 171 170 171 171 171
 171 170 169 169 168 168 168 168 168 168 167 167 167 167 166 167 165 165
 165  29]"
"[ 29  29 155 155 155 155 156 155 157 157 157 157 158 158 158 158 159 160
 160 160 160 160 159 160 161 161 162 161 160 160 161 162 162 162 163 163
 162 162 163 165 165 165 166 165 165 165 166 166 167 167 167 167 168 168
 169 169 169 169 169 169 169 169 169 169 171 171 171 171 171 171 171 171
 171 172 172 172 172 172 172 171 172 170 171 172 169 174 173 120  37  27
  25  23  19  19  19  19  17  17  17  17  17  16  16  16  15  15  16  17
  18  18  20  22  24  24  23  24  24  24  24  24  24  23  24  27  29  29
  31  34  33  41  49  55  63  60  75 150 174 171 172 173 173 173 174 172
 173 173 174 173 173 173 173 173 173 173 173 173 172 172 171 170 172 172
 171 171 171 171 171 171 171 171 171 172 173 172 172 171 171 171 172 172
 171 170 169 168 168 168 167 167 167 168 167 167 167 167 165 166 164 164
 165  30]"
"[ 29  29 155 155 155 155 155 155 156 156 156 157 157 157 157 156 158 159
 160 160 160 159 159 158 160 161 161 161 160 160 161 162 162 162 162 163
 162 162 162 164 165 165 165 165 165 165 166 166 167 167 167 166 167 168
 168 168 168 168 168 169 169 169 169 168 169 169 169 170 171 171 171 171
 171 171 172 172 172 172 171 171 168 168 170 168 168 172 173 146  60  22
  23  23  21  21  19  17  17  17  17  17  17  17  18  18  18  17  17  18
  19  20  22  23  25  24  24  23  24  24  24  24  24  24  24  26  27  29
  32  34  34  39  47  54  61  61  72 142 175 173 172 172 171 171 173 172
 172 172 172 172 172 172 172 172 172 172 172 172 171 171 170 170 172 171
 171 170 171 171 171 171 171 171 171 171 172 172 171 170 171 171 171 171
 170 169 168 167 168 168 167 167 167 167 167 167 166 165 164 164 162 161
 163  29]"
"[ 29  29 154 154 155 154 155 154 155 155 155 156 156 156 156 155 157 158
 159 159 159 158 158 159 160 160 161 160 160 160 160 161 162 161 162 162
 162 162 162 163 164 164 164 164 164 164 165 166 166 167 166 165 165 167
 168 167 167 167 167 167 168 168 168 168 168 168 168 169 170 170 170 170
 170 170 171 171 171 171 170 170 170 169 170 168 169 170 170 161 102  27
  22  23  22  21  19  18  17  17  17  17  17  18  19  19  20  19  18  19
  20  21  22  24  25  24  24  24  24  24  24  24  23  24  25  25  27  30
  33  33  34  39  45  52  58  62  69 125 172 170 171 172 171 171 172 172
 170 170 171 171 171 172 171 171 172 172 171 171 171 171 170 170 171 171
 170 170 169 170 170 170 171 170 169 170 170 170 170 169 169 169 169 169
 168 168 167 167 167 167 166 166 165 165 166 166 165 164 163 164 162 160
 162  29]"
"[ 29  29 153 153 154 154 155 155 154 154 154 155 156 156 155 154 157 157
 158 158 158 158 159 159 159 160 160 160 159 159 159 159 161 161 161 162
 162 162 162 163 163 163 163 163 163 164 165 165 165 166 166 165 165 166
 167 167 167 167 167 167 167 168 168 169 168 167 167 168 169 169 169 169
 169 169 170 171 171 170 169 169 170 167 168 169 169 167 167 170 144  41
  26  24  23  20  19  19  18  18  17  17  17  18  19  20  20  19  18  19
  20  21  23  24  24  24  24  24  25  25  24  23  22  24  25  24  26  31
  33  32  34  37  42  52  60  66  63 101 165 166 170 172 171 171 171 170
 171 170 170 171 172 172 172 171 172 172 171 171 171 171 171 171 170 170
 170 169 169 168 169 170 171 170 169 169 170 170 170 169 168 168 168 168
 168 168 168 167 167 167 166 165 164 164 165 166 165 164 164 166 163 161
 163  29]"
"[ 28  29 152 153 153 154 153 154 154 154 154 155 155 154 154 154 154 155
 157 159 159 159 158 158 158 158 159 158 157 157 158 160 160 160 160 160
 161 162 162 162 161 162 162 162 162 163 163 164 165 165 165 164 164 164
 165 166 166 167 168 167 166 166 167 168 167 167 167 167 167 167 168 168
 169 168 168 169 169 170 169 168 168 168 169 170 169 168 167 167 156  66
  25  23  22  22  18  17  19  19  18  17  17  17  18  19  19  18  18  20
  21  22  23  24  24  24  24  24  24  24  24  24  23  23  23  26  30  31
  31  33  35  36  40  47  63  64  63  87 156 166 169 168 170 170 172 170
 171 171 171 171 171 171 171 171 171 170 169 170 171 172 171 169 169 169
 169 168 168 168 169 169 168 168 167 167 168 168 168 167 167 166 165 165
 166 166 165 164 165 165 165 164 164 164 164 164 164 161 162 162 160 161
 161  28]"
"[ 28  29 152 153 152 153 152 154 154 154 154 155 155 154 154 155 154 156
 158 158 157 157 157 157 157 157 158 158 158 158 159 160 159 160 160 160
 160 161 162 162 163 163 162 162 161 162 162 163 164 164 164 164 164 164
 164 165 165 166 166 166 165 165 165 165 165 165 165 165 166 167 167 168
 167 167 167 168 169 169 168 167 168 168 169 169 169 168 166 166 162  91
  27  27  23  19  22  18  19  19  19  18  18  18  19  19  20  19  19  21
  22  23  24  25  24  24  24  24  24  24  24  24  24  24  24  26  29  30
  30  32  33  35  39  44  59  65  63  77 138 163 164 165 169 169 171 171
 170 169 169 169 171 172 171 171 169 169 169 169 170 170 170 169 168 168
 168 168 167 167 167 167 167 166 166 166 166 167 166 166 166 166 165 165
 165 165 165 164 164 165 164 163 162 162 162 163 163 161 162 162 160 160
 160  29]"
"[ 29  29 152 152 152 153 152 153 153 153 153 154 154 154 154 154 154 155
 157 156 154 154 154 156 154 155 155 156 157 157 158 158 159 159 160 160
 160 160 161 161 162 162 162 161 161 160 161 161 162 163 163 163 163 163
 163 164 165 165 165 165 165 165 164 163 164 164 164 165 166 166 167 168
 167 166 167 168 169 169 168 167 167 167 168 168 168 167 166 165 162 114
  29  25  21  17  19  17  19  19  19  19  18  18  18  19  20  19  20  20
  21  21  22  24  24  24  24  24  24  24  24  24  24  24  24  25  29  30
  30  32  33  35  39  41  54  67  65  68 119 166 165 165 169 168 169 171
 169 168 167 168 170 171 171 170 168 168 169 169 168 168 169 169 168 168
 168 168 168 167 167 166 167 167 166 166 166 166 166 166 165 165 165 165
 164 164 165 165 165 165 164 163 162 162 163 163 162 161 161 161 160 159
 160  30]"
"[ 28  29 152 153 152 153 152 152 152 152 152 153 152 152 152 153 154 154
 155 155 154 153 153 154 153 153 153 154 155 156 156 157 158 159 160 159
 159 159 160 161 160 160 161 161 160 160 160 160 161 162 162 162 162 162
 162 163 164 164 165 165 164 164 163 162 164 164 165 165 166 166 166 167
 166 167 167 168 168 168 167 166 165 166 166 167 167 166 165 164 165 133
  38  25  23  24  17  21  18  19  19  18  18  17  18  18  19  19  19  19
  19  19  21  22  23  24  24  24  24  24  24  25  23  24  24  26  29  30
  31  33  34  35  38  39  50  66  68  64  99 166 167 166 168 167 168 169
 169 168 167 168 169 169 169 168 168 168 168 168 167 167 168 168 168 168
 168 168 168 167 167 166 167 167 166 166 165 165 165 165 164 164 164 164
 164 164 164 164 163 163 162 161 160 161 161 161 162 161 161 160 160 159
 159  30]"
"[ 29  29 151 152 152 153 151 152 152 152 152 152 152 151 151 152 154 154
 154 155 155 155 154 154 154 154 154 154 154 156 157 157 157 158 159 159
 158 158 159 160 158 159 160 161 161 160 160 160 161 161 161 161 161 161
 162 162 162 163 164 164 163 162 162 162 162 163 164 165 165 165 165 165
 166 166 167 167 167 166 165 165 164 165 166 166 167 167 166 164 164 145
  45  21  23  24  16  19  18  19  19  18  18  18  18  19  20  20  20  20
  19  19  20  22  23  23  24  24  24  24  25  25  25  27  26  26  29  30
  31  32  34  34  37  38  46  61  69  67  82 154 166 166 166 167 168 167
 168 168 168 167 167 166 166 166 168 167 167 166 167 167 167 167 167 167
 166 166 166 166 166 166 166 166 166 165 164 164 164 165 165 164 163 163
 164 164 163 162 162 162 162 161 161 162 162 161 162 161 158 158 159 157
 157  30]"
"[ 29  29 150 151 151 152 150 151 152 152 152 152 151 151 151 152 153 153
 153 154 155 155 154 153 155 155 154 154 154 155 156 157 157 157 158 158
 157 157 158 159 158 159 160 161 161 160 160 159 160 161 161 161 161 161
 162 162 161 163 164 164 162 161 162 162 162 162 163 164 165 165 165 165
 166 166 166 166 166 166 165 164 165 166 166 166 167 168 166 164 166 160
  64  24  25  23  23  20  19  19  19  19  19  19  20  21  21  20  20  20
  19  19  20  21  22  23  24  24  24  24  25  26  29  30  28  27  29  30
  30  30  33  33  35  38  42  55  68  71  74 135 162 169 166 167 169 167
 167 168 168 167 166 166 166 167 167 167 166 166 166 167 168 168 167 166
 166 165 165 165 165 166 167 166 165 165 165 164 164 164 165 164 163 163
 163 162 161 159 160 160 160 159 160 160 160 159 159 158 155 154 155 154
 154  29]"
"[ 29  28 149 148 148 150 150 151 151 151 152 152 151 151 151 153 152 152
 152 152 153 153 153 153 154 154 154 154 154 154 156 157 157 157 157 157
 157 157 157 158 158 158 159 159 159 159 159 159 159 160 161 161 161 161
 161 161 162 162 163 163 162 162 162 163 162 162 163 163 163 164 165 165
 165 165 165 165 165 165 165 165 165 166 166 166 166 167 165 162 160 163
  88  26  23  21  23  19  20  20  20  19  19  20  21  23  21  20  19  19
  19  19  19  20  22  23  24  24  24  24  25  26  29  31  29  28  29  30
  30  31  32  33  36  38  40  50  66  73  74 113 155 171 166 167 169 166
 167 167 167 167 166 166 166 167 167 166 165 165 164 164 165 166 165 165
 165 164 164 163 163 163 164 163 162 162 162 162 162 162 161 160 160 159
 159 158 157 156 153 153 152 151 151 152 152 151 154 154 151 149 150 149
 150  28]"
"[ 30  28 148 146 146 149 149 151 150 150 151 151 151 150 151 153 152 152
 152 152 151 152 153 154 153 154 155 154 154 154 155 156 156 156 156 156
 157 157 157 157 157 157 157 157 157 158 158 159 159 160 161 161 161 161
 161 161 162 161 161 161 162 162 162 162 163 162 162 161 161 162 163 164
 164 164 164 164 164 164 164 165 165 166 166 165 165 166 164 161 157 163
 112  31  24  26  24  22  20  20  19  19  19  20  22  23  22  20  19  19
  19  19  20  20  23  24  25  24  24  23  24  25  28  30  29  28  29  31
  31  32  31  33  36  38  39  47  63  72  71  94 146 170 165 166 168 166
 166 165 165 165 165 165 164 164 165 165 164 163 161 160 161 162 162 162
 162 161 161 160 159 158 160 158 157 157 157 157 157 156 154 155 155 155
 154 153 152 152 150 150 148 147 147 148 148 148 149 151 148 146 146 145
 148  27]"
"[ 29  30 146 146 147 148 148 150 150 151 151 151 151 150 150 150 150 151
 152 152 152 153 154 154 154 154 154 154 154 154 156 156 155 155 155 156
 157 158 157 157 156 158 157 155 156 158 159 158 160 160 161 161 161 161
 160 160 160 161 162 162 163 162 162 162 162 162 162 162 162 162 163 163
 164 164 163 163 163 164 165 166 165 165 165 165 165 165 164 163 163 159
 142  56  21  25  25  21  23  20  20  21  20  20  21  21  19  19  20  20
  20  20  21  21  23  23  23  23  24  25  25  25  27  28  29  30  30  30
  31  32  32  33  36  36  40  49  60  73  73  77 131 161 161 160 161 164
 162 161 161 161 162 162 161 161 161 161 160 159 159 160 159 159 159 159
 159 159 158 156 155 154 153 154 154 154 154 154 153 153 153 153 152 152
 151 151 149 148 147 147 147 146 146 146 146 146 147 146 146 146 145 146
 144  29]"
"[ 29  29 146 146 147 148 147 148 148 149 151 151 151 150 149 148 149 151
 152 152 152 153 153 153 153 153 153 153 153 154 155 155 155 155 155 155
 156 157 157 157 157 158 157 155 155 157 158 158 159 159 160 160 160 160
 160 160 160 160 161 161 162 162 162 161 161 161 161 162 162 162 162 162
 162 162 162 162 162 162 163 163 164 163 163 163 164 164 163 162 160 167
 154  77  25  29  24  26  23  20  20  21  20  20  21  20  19  19  19  19
  20  21  22  22  24  24  24  24  24  23  23  23  26  27  28  29  29  29
  30  31  32  34  37  37  41  48  57  69  74  73 114 152 158 160 159 157
 159 159 158 158 158 158 158 158 158 158 157 156 155 156 155 154 157 157
 157 156 155 154 153 152 152 152 152 152 152 152 152 152 151 150 150 150
 150 149 148 147 146 146 146 146 146 146 146 146 146 145 145 145 144 145
 143  29]"
"[ 28  29 146 146 148 148 147 147 147 148 150 152 151 150 148 147 148 149
 151 151 151 152 153 153 152 153 153 153 153 153 154 154 154 154 154 155
 155 156 157 157 157 158 157 155 155 156 158 158 158 159 159 158 158 158
 159 160 160 160 160 160 161 162 161 160 160 160 161 162 162 162 162 162
 162 162 162 162 162 162 162 162 162 162 162 162 162 162 162 162 159 164
 161 109  33  23  20  25  23  21  21  21  20  19  20  20  20  19  19  19
  20  22  23  23  22  22  23  23  23  24  24  24  25  26  26  27  27  28
  30  31  32  33  36  37  40  45  52  61  75  74  97 139 155 159 157 155
 157 156 156 156 156 156 156 155 156 156 155 154 154 154 154 153 155 155
 155 155 154 153 152 152 152 151 150 150 150 151 151 150 149 149 150 150
 149 148 147 147 147 146 146 146 146 146 146 146 146 144 144 144 142 143
 143  28]"
"[ 29  29 146 146 148 148 146 146 146 148 149 150 150 149 148 147 146 148
 148 149 150 151 152 153 153 153 153 153 152 152 153 154 154 154 155 155
 154 155 155 156 156 158 158 156 156 156 158 158 159 159 159 158 157 157
 159 160 160 159 159 160 161 161 161 160 160 160 161 162 162 162 162 162
 162 162 162 163 163 163 162 162 162 162 162 162 162 162 161 161 163 159
 165 141  58  24  24  25  23  22  23  22  20  19  21  21  20  19  18  19
  21  22  22  22  21  21  22  23  24  24  24  25  24  25  25  26  27  28
  30  32  32  32  35  36  39  43  46  54  70  77  85 121 150 155 155 156
 156 155 155 155 155 155 155 155 155 155 155 154 154 155 155 154 154 154
 154 154 154 153 153 152 153 152 151 151 151 152 151 151 150 150 151 151
 150 149 148 147 147 147 146 146 146 146 146 146 146 144 144 144 142 143
 143  29]"
"[ 29  29 145 145 147 147 146 146 146 147 147 148 147 147 147 147 147 148
 148 147 148 150 152 153 153 153 153 152 152 153 154 154 154 154 155 155
 154 154 154 155 155 157 158 157 157 157 158 158 158 159 159 159 158 158
 158 159 160 159 159 159 160 161 160 160 159 159 160 160 160 161 161 161
 161 161 161 161 162 162 161 160 160 161 162 162 162 161 159 159 156 154
 161 153  90  28  23  22  23  23  23  22  19  19  20  20  20  19  19  19
  20  21  21  21  22  23  24  24  23  23  23  23  24  24  25  25  26  28
  31  32  33  33  36  37  40  42  44  50  58  75  78 102 143 153 153 154
 154 154 153 154 154 155 154 154 153 154 154 153 153 154 154 153 153 153
 153 153 153 153 152 152 153 152 151 152 152 152 151 151 151 151 152 152
 150 149 148 148 147 147 146 146 145 145 145 145 146 145 144 144 142 143
 143  29]"
"[ 29  29 145 145 146 146 146 147 147 147 147 147 146 146 147 147 149 149
 148 147 147 149 152 153 153 153 153 153 153 153 154 155 154 154 155 155
 154 154 154 154 155 156 157 157 157 157 157 157 156 157 158 158 158 158
 158 159 159 158 158 158 158 159 159 159 159 159 158 159 159 159 159 160
 159 159 159 159 160 160 159 158 157 158 160 160 160 158 157 156 157 156
 157 159 128  48  19  26  24  24  24  22  19  18  19  18  20  20  19  19
  20  20  20  19  22  23  24  24  24  23  24  24  24  24  24  25  27  29
  31  32  33  33  36  36  39  42  43  48  52  71  76  88 133 154 155 153
 154 153 153 153 154 154 154 154 154 155 155 154 153 153 153 153 153 153
 153 153 153 153 153 153 152 152 151 151 152 151 151 150 151 151 151 151
 150 149 148 147 148 148 147 146 145 145 145 145 146 145 144 144 142 142
 142  28]"
"[ 29  29 145 144 145 146 146 147 148 148 148 148 147 147 147 148 149 149
 148 147 147 149 151 152 152 152 153 153 153 153 154 154 154 154 154 154
 154 154 154 154 154 155 155 156 156 155 155 155 154 155 156 156 156 156
 157 157 157 156 156 155 156 156 156 157 157 157 157 157 157 157 157 157
 157 156 156 157 158 158 157 156 155 156 157 158 157 156 155 155 156 154
 151 156 149  84  28  22  24  24  24  22  20  20  21  19  20  20  19  19
  19  19  19  19  20  22  23  24  24  24  24  25  24  24  24  25  27  29
  30  31  32  32  34  35  38  41  42  48  52  65  75  80 113 149 156 154
 154 154 154 154 154 154 154 153 154 155 156 155 154 154 154 153 154 154
 154 154 154 154 154 154 153 152 152 151 151 151 151 151 151 150 150 150
 150 149 149 148 148 148 147 147 146 146 146 146 146 145 145 144 142 142
 142  28]"
"[ 28  29 145 144 145 145 145 146 147 147 148 148 147 147 147 147 148 148
 147 146 147 148 150 151 150 151 153 154 154 153 153 153 154 153 153 153
 154 154 154 154 154 154 154 154 154 153 153 153 154 154 154 154 154 155
 155 155 155 155 154 154 154 154 155 155 155 155 155 156 155 155 154 154
 155 154 154 155 156 156 155 154 153 154 156 156 156 155 155 155 155 156
 155 154 156 127  54  20  24  24  24  23  21  22  23  21  20  20  19  19
  18  19  20  20  22  23  24  24  23  23  23  23  24  24  24  25  27  28
  30  31  32  31  33  34  37  40  42  48  51  58  72  74  93 139 152 154
 155 154 154 154 154 153 153 152 152 154 154 154 153 153 153 153 154 154
 154 154 154 154 154 154 154 153 152 152 151 151 152 152 151 151 150 150
 150 151 150 150 148 147 147 146 146 146 146 146 146 146 146 145 143 143
 142  28]"
"[ 29  30 144 144 145 144 146 146 147 147 147 148 148 147 146 146 147 146
 146 146 147 148 149 149 150 151 151 152 152 152 152 152 151 151 152 152
 152 152 152 153 153 153 153 153 153 153 153 153 153 153 153 153 154 155
 155 155 154 154 154 154 154 154 154 154 155 154 154 154 154 154 154 154
 154 154 155 156 156 155 154 154 155 154 153 154 154 155 155 155 156 154
 152 155 154 148  93  24  24  24  26  20  25  24  22  22  21  20  19  19
  19  18  20  22  22  23  24  24  24  23  23  24  24  24  24  24  24  25
  28  31  30  30  31  34  38  40  42  46  50  56  63  73  85 117 156 154
 153 155 154 155 154 150 153 156 153 153 153 153 154 154 154 154 153 153
 153 153 153 153 153 153 153 153 153 152 151 152 152 151 151 150 150 150
 150 150 150 149 148 147 146 146 146 146 146 146 146 146 145 146 144 143
 144  28]"
"[ 28  29 143 144 145 145 147 147 146 146 146 146 146 146 146 146 146 146
 146 146 147 147 147 148 148 148 148 148 149 149 149 148 148 149 150 151
 151 150 150 152 153 152 152 152 153 153 153 152 153 152 152 152 152 153
 153 153 153 153 153 154 154 154 154 154 154 154 153 153 153 153 154 154
 153 154 154 154 154 154 154 154 154 154 154 154 155 155 155 155 151 157
 155 152 151 158 126  55  24  23  23  21  22  22  23  25  22  20  20  20
  19  18  20  22  22  21  21  23  23  23  23  23  23  23  23  23  23  24
  27  30  30  30  30  33  37  38  40  45  45  52  61  73  83  98 139 150
 151 152 152 155 156 154 155 153 154 154 154 154 154 154 154 154 154 154
 153 153 153 153 153 152 153 153 153 152 152 152 152 151 151 151 151 150
 149 148 148 148 149 148 147 146 146 146 145 145 145 145 144 146 144 143
 144  28]"
"[ 28  29 143 143 145 144 146 146 145 145 145 145 145 145 145 146 146 146
 146 146 146 146 146 146 147 146 146 146 148 148 147 146 145 147 150 151
 150 148 149 150 152 152 151 152 152 152 152 152 154 153 153 152 153 153
 153 153 153 153 153 154 154 154 154 154 153 153 153 153 153 153 153 153
 154 154 154 154 154 154 154 154 154 154 155 155 155 155 155 155 153 157
 153 154 152 156 150  94  31  24  26  26  23  24  22  22  22  21  20  20
  19  18  19  21  21  20  19  21  23  23  23  23  23  23  23  24  23  24
  26  29  30  31  31  33  36  38  40  43  42  46  54  67  77  80 121 152
 152 153 152 153 153 154 156 153 154 154 154 154 154 154 153 153 154 154
 153 153 153 152 152 151 152 152 152 151 151 151 151 150 150 151 151 150
 148 147 147 148 150 149 147 147 146 146 145 145 145 145 144 146 144 143
 144  28]"
"[ 29  29 143 142 144 143 145 145 146 145 145 145 145 145 145 145 145 145
 146 146 146 146 145 145 147 147 146 147 148 148 147 146 146 148 150 151
 149 148 148 149 152 151 151 151 152 152 152 152 153 153 154 154 154 154
 154 154 154 154 154 154 154 154 154 154 153 153 153 153 153 153 153 154
 154 154 154 154 154 154 154 154 153 154 155 155 155 154 154 155 155 155
 152 156 154 150 154 123  49  21  25  26  22  26  24  20  22  21  20  19
  19  18  19  20  21  19  18  20  21  22  23  23  23  23  24  24  24  24
  25  27  29  31  31  32  36  38  40  42  43  43  49  60  73  76 106 146
 151 152 153 155 152 153 156 154 154 154 154 154 154 154 154 154 153 153
 153 153 153 152 152 152 152 152 152 151 151 151 151 150 149 151 152 151
 149 148 149 150 149 148 147 147 147 147 147 146 145 145 144 146 145 144
 145  29]"
"[ 29  29 142 141 143 143 145 145 146 145 146 146 146 145 144 144 144 145
 146 146 146 146 146 145 146 146 146 147 147 147 147 148 148 148 150 150
 149 148 149 150 151 151 151 151 151 152 152 152 152 152 153 154 154 154
 153 153 153 154 154 154 154 154 154 154 153 154 154 154 154 153 154 154
 154 154 154 154 154 154 154 153 152 153 154 155 154 154 154 154 152 156
 155 153 154 152 154 142  87  28  23  25  23  24  24  23  22  20  19  19
  19  18  18  19  20  20  19  20  20  21  22  23  23  23  23  24  23  23
  24  25  28  30  31  31  34  38  39  40  43  43  50  58  67  77  90 130
 148 151 153 156 155 153 155 154 154 154 154 154 154 154 154 154 154 154
 154 154 154 154 153 153 153 153 153 153 152 152 151 150 149 150 151 151
 150 150 150 150 148 147 147 147 147 147 147 147 145 145 143 145 144 144
 145  29]"
"[ 29  29 141 141 143 143 145 145 145 145 145 146 146 144 143 143 144 145
 145 146 146 146 146 146 145 146 146 147 147 147 148 148 148 148 148 149
 149 149 150 151 152 151 151 151 151 152 152 152 151 151 153 153 153 153
 153 152 152 153 153 153 154 154 154 154 153 154 155 154 154 153 154 154
 153 153 154 154 154 153 153 153 152 153 153 154 154 154 154 154 153 155
 156 152 154 154 153 153 121  46  22  27  26  22  22  24  22  20  19  19
  19  18  18  19  20  20  20  20  20  19  21  22  24  23  24  24  24  23
  24  25  28  31  31  31  34  38  39  39  40  43  50  53  58  74  79 113
 148 153 152 153 155 153 154 153 154 154 154 154 153 153 153 152 153 153
 154 154 154 154 154 154 153 154 154 153 152 152 151 150 149 149 149 149
 149 149 149 148 148 147 147 147 147 147 147 147 144 144 143 145 144 144
 145  29]"
"[ 29  29 142 142 144 144 146 145 145 144 145 145 145 144 143 144 145 145
 146 146 146 146 146 146 146 146 146 147 148 148 148 148 149 148 147 148
 150 150 150 151 151 151 151 151 151 152 152 152 151 152 152 152 152 152
 152 153 152 152 152 153 153 154 154 154 153 154 154 154 153 153 153 154
 154 153 153 153 153 153 153 153 152 152 153 153 154 154 154 154 156 153
 153 154 153 153 151 154 134  74  23  25  25  23  22  23  22  20  18  19
  19  18  18  19  19  19  20  20  20  19  20  21  24  23  24  24  24  24
  25  26  28  32  32  31  34  37  38  38  39  42  45  49  54  67  75  97
 136 152 154 151 153 153 153 154 153 154 154 154 153 153 152 152 153 153
 154 154 154 154 153 153 152 153 153 152 151 151 150 148 148 149 149 149
 149 149 148 148 147 147 146 146 147 147 146 146 145 145 143 145 145 145
 145  29]"
"[ 29  29 143 143 145 144 145 144 145 144 144 145 145 144 144 145 145 145
 146 146 146 146 146 145 148 147 146 147 148 149 148 148 151 149 147 148
 150 151 150 150 151 151 150 151 151 152 152 152 152 152 152 151 151 151
 152 152 152 152 152 153 153 153 153 153 152 153 154 154 153 152 152 153
 154 154 153 153 153 153 153 154 153 152 152 153 154 154 154 154 155 153
 152 156 151 154 153 151 152 111  35  25  22  25  25  21  22  20  18  19
  19  18  18  19  19  18  19  20  20  19  20  21  23  22  22  23  24  24
  25  26  28  32  32  30  33  36  37  36  38  40  42  49  57  63  72  82
 115 144 155 153 155 154 153 154 154 154 155 155 155 155 154 154 154 154
 154 154 154 154 153 153 153 153 153 152 152 151 149 148 149 150 151 151
 150 150 150 150 147 146 146 146 147 147 147 146 146 146 144 146 146 146
 146  30]"
"[ 29  28 144 144 145 146 144 144 143 144 145 144 143 144 145 145 145 145
 146 146 147 146 146 146 147 147 147 147 147 147 148 148 150 149 149 149
 149 149 150 151 151 151 150 150 151 152 152 152 152 152 152 151 151 151
 152 153 151 152 152 152 152 152 152 153 152 152 153 153 153 152 152 153
 154 154 154 153 153 154 154 154 153 153 152 152 152 153 153 154 153 153
 152 151 152 153 153 152 156 134  66  24  26  24  21  23  22  23  22  20
  19  19  19  18  19  19  19  19  19  20  20  20  22  23  23  23  23  24
  25  25  27  29  29  29  31  32  34  37  38  40  42  48  54  60  69  80
  96 129 153 153 151 154 155 153 153 154 155 155 154 153 153 153 153 153
 153 153 153 152 153 153 153 152 152 152 151 150 149 148 150 150 150 150
 149 149 150 151 147 147 146 146 146 147 146 146 147 146 146 146 146 147
 145  29]"
"[ 29  28 144 143 144 144 143 143 143 144 145 144 144 144 145 145 145 145
 146 146 146 146 146 146 146 147 147 147 147 147 147 147 148 148 147 147
 148 149 151 151 152 151 150 150 151 151 152 152 152 152 151 151 151 151
 151 151 151 151 152 152 152 152 152 152 152 152 153 153 153 152 153 154
 154 154 154 153 153 153 153 153 153 153 152 152 152 152 153 154 154 154
 153 152 152 152 152 151 155 149  95  31  21  25  25  23  23  24  23  22
  21  20  19  18  19  19  19  19  20  20  20  20  22  23  23  23  23  24
  24  24  27  29  30  31  31  32  33  36  37  38  41  45  51  56  65  74
  83 114 149 151 151 153 155 154 153 154 154 154 154 154 154 154 154 154
 154 154 153 153 153 153 153 153 152 152 152 152 151 150 152 152 151 150
 149 149 150 151 148 147 147 147 147 147 147 146 146 146 146 147 146 147
 145  29]"
"[ 30  29 144 143 143 143 143 143 143 145 146 145 145 145 146 146 145 145
 145 146 146 146 147 147 146 146 147 147 146 146 146 147 147 148 147 146
 146 149 151 151 151 150 150 150 150 151 151 151 151 151 151 151 151 151
 151 151 151 151 151 151 151 151 152 152 152 152 152 153 153 153 153 154
 154 154 154 153 152 152 152 152 152 152 153 152 152 152 152 153 154 154
 154 152 152 152 152 152 153 155 124  51  23  24  24  21  21  22  23  23
  22  22  21  20  18  18  18  19  19  19  19  20  22  23  23  23  23  24
  24  24  25  29  31  31  32  31  32  35  36  37  39  42  48  52  60  69
  74  96 142 152 154 153 154 154 153 154 154 154 154 154 154 155 154 154
 154 154 153 152 152 152 154 153 153 153 153 152 152 151 152 152 151 150
 150 149 150 150 148 148 147 147 147 147 146 146 146 146 146 146 146 147
 145  29]"
"[ 30  29 145 143 143 143 143 144 143 145 145 145 145 145 145 145 145 145
 145 146 146 146 146 146 146 147 147 147 147 146 146 147 147 148 147 145
 146 149 151 150 150 150 150 150 150 150 150 150 150 150 150 150 151 152
 152 152 151 151 151 151 151 151 151 152 152 152 152 153 153 153 153 153
 153 153 153 152 152 152 152 151 152 152 153 152 150 150 150 151 152 153
 153 152 152 152 153 153 150 152 139  76  25  25  22  19  20  21  22  22
  23  23  21  19  17  18  18  19  19  20  20  20  23  23  22  22  23  24
  24  23  24  27  28  29  31  32  32  35  35  37  38  41  46  50  57  65
  69  82 123 150 156 153 154 154 154 154 154 154 154 153 154 154 154 154
 154 154 153 152 153 153 154 154 153 153 153 152 151 150 151 151 151 150
 150 149 149 149 148 148 148 147 147 146 146 145 146 145 146 146 145 147
 145  29]"
"[ 29  29 145 144 144 144 144 144 143 144 145 145 144 144 144 144 144 145
 145 146 146 146 146 146 146 147 147 147 147 147 147 147 146 148 148 146
 147 150 151 150 149 150 150 150 150 150 150 150 150 150 150 150 151 151
 152 152 151 151 151 151 151 151 151 152 153 152 152 153 153 152 152 152
 152 152 152 151 151 152 152 152 152 152 152 150 149 148 148 149 150 151
 152 152 152 152 153 153 150 150 146 100  31  26  24  21  22  23  23  23
  23  22  20  18  18  18  19  20  21  21  22  22  23  23  22  22  22  24
  24  24  23  25  25  27  30  32  32  34  36  37  39  41  45  49  54  61
  66  71  96 140 153 152 153 154 153 154 154 154 154 153 153 153 154 154
 154 154 154 154 154 154 154 154 153 153 153 152 152 151 151 151 151 151
 151 150 149 148 148 148 148 148 148 147 146 146 146 145 146 146 145 147
 145  29]"
"[ 29  29 145 144 145 145 144 144 144 145 145 145 144 145 145 144 144 145
 145 146 146 146 145 145 146 147 147 147 147 147 147 147 146 147 147 147
 148 150 151 151 150 150 151 151 151 150 150 150 151 151 151 150 150 150
 151 152 151 151 151 151 151 151 151 152 153 152 152 152 152 152 151 151
 151 151 151 151 151 152 152 152 152 152 151 149 147 146 147 148 150 151
 151 151 151 152 152 152 151 148 150 128  57  23  23  24  23  24  24  24
  24  23  22  20  18  18  19  20  21  21  22  22  23  23  22  21  22  23
  24  24  24  24  24  25  29  31  32  33  35  37  39  41  44  47  51  56
  65  68  78 122 145 152 153 152 152 153 154 154 154 154 153 153 153 154
 154 154 154 154 154 155 154 153 153 153 153 153 153 153 152 152 152 152
 151 150 148 147 148 149 149 149 149 148 147 147 146 145 146 146 146 147
 145  29]"
"[ 29  28 144 143 144 144 143 144 144 145 145 144 144 145 146 145 144 145
 145 145 145 145 145 145 146 146 147 147 147 147 147 147 147 147 146 147
 147 149 150 151 150 150 150 150 149 149 150 151 151 151 151 150 148 148
 150 152 151 151 151 151 150 150 151 152 151 151 150 151 152 151 151 151
 150 151 151 151 151 152 152 152 152 151 149 147 146 146 147 148 150 151
 151 151 151 152 151 150 151 147 151 145  93  22  23  24  22  23  24  23
  23  23  22  22  18  18  19  19  20  20  21  21  23  23  23  22  21  23
  24  24  24  25  24  25  29  31  31  33  33  36  38  40  43  46  49  53
  63  69  72 101 133 152 153 152 153 153 154 154 154 154 154 154 153 154
 154 154 153 153 153 154 154 153 153 153 153 154 153 153 153 152 151 151
 151 150 149 148 148 149 150 150 149 148 148 147 147 146 147 147 146 147
 146  30]"
"[ 30  28 143 141 143 143 143 143 143 143 143 142 143 144 145 145 145 145
 145 145 145 145 145 145 145 146 147 147 147 146 146 147 148 147 146 146
 147 147 148 150 150 150 149 148 148 148 149 151 150 150 150 149 147 148
 150 152 151 151 151 151 150 150 151 151 150 150 149 150 151 151 150 150
 151 151 151 151 151 152 152 151 152 150 148 146 146 146 147 148 150 150
 150 151 151 152 151 150 150 151 151 144 112  25  28  22  24  25  24  23
  21  20  19  18  19  19  19  20  20  20  20  20  22  23  23  22  22  22
  23  24  23  25  25  26  29  30  31  33  31  35  37  39  43  46  48  52
  56  68  70  84 123 153 154 152 154 154 154 154 153 153 153 153 154 154
 154 154 153 153 153 153 154 153 153 153 153 153 152 152 152 151 150 150
 150 150 149 149 147 148 150 150 149 148 148 147 147 146 147 147 147 148
 146  30]"
"[ 29  29 141 141 143 142 143 143 143 143 143 143 144 144 144 145 145 145
 145 145 146 146 146 146 146 146 146 146 146 146 147 147 147 147 146 146
 147 147 148 148 149 148 148 148 148 148 148 149 150 150 150 150 149 149
 150 151 152 151 151 151 151 150 150 151 150 150 150 151 151 151 151 151
 151 151 151 151 152 152 152 152 152 151 150 148 147 147 148 149 150 151
 152 152 152 152 153 154 152 151 147 147 133  54  22  25  24  24  25  24
  20  18  19  19  20  19  19  20  20  20  20  19  23  22  21  22  22  22
  23  25  24  24  24  26  28  30  31  31  32  33  36  39  42  46  48  50
  53  55  67  75 101 143 159 153 153 153 153 155 155 154 154 154 154 154
 154 154 154 154 154 154 153 153 154 153 154 154 154 154 153 153 152 152
 152 152 151 151 152 151 150 150 150 149 148 146 147 147 146 148 147 147
 146  29]"
"[ 29  29 141 141 143 142 143 143 142 142 142 142 143 144 145 145 146 146
 145 145 145 146 146 146 146 146 146 146 146 146 146 147 147 147 146 147
 147 147 148 148 148 148 148 149 148 148 148 149 150 150 149 149 150 150
 151 152 151 150 150 151 151 151 151 152 151 151 151 151 151 151 151 151
 151 151 151 151 152 152 152 152 152 152 151 149 148 148 149 150 150 152
 153 153 152 152 153 153 152 150 148 146 143  80  25  24  24  23  24  23
  19  19  20  19  18  18  19  19  18  18  19  19  21  21  22  23  24  23
  23  24  23  23  23  24  26  29  31  32  33  34  35  38  42  45  48  49
  50  55  60  73  85 127 156 154 154 154 154 153 153 154 154 154 154 154
 153 153 153 153 154 154 153 154 154 154 154 154 154 154 153 152 152 152
 152 151 151 151 151 150 150 150 150 149 147 146 146 147 145 147 146 146
 145  28]"
"[ 29  29 142 142 143 143 144 143 141 141 141 141 142 144 145 146 146 146
 146 145 145 145 145 146 146 146 146 146 146 146 146 146 146 146 147 147
 147 147 148 148 147 147 148 149 149 148 149 149 150 149 148 148 150 151
 151 151 151 150 151 151 152 151 152 152 152 152 152 152 151 151 151 151
 151 151 151 151 151 151 152 152 152 152 151 151 150 150 151 151 151 152
 153 154 153 153 153 153 153 151 151 146 153 114  35  25  25  24  23  22
  19  19  20  20  18  19  19  19  18  19  20  22  20  20  21  22  23  23
  23  23  24  24  23  24  25  28  31  33  34  34  35  37  40  43  45  46
  49  55  57  69  74 105 148 157 154 155 155 153 153 154 154 154 153 153
 153 153 153 153 153 153 154 154 154 154 154 154 154 153 153 153 153 152
 152 151 151 151 151 150 150 150 150 150 148 147 147 147 146 147 146 146
 146  29]"
"[ 30  29 142 142 144 143 144 144 142 142 141 141 142 143 145 145 146 146
 146 145 145 145 146 146 146 146 146 147 147 146 146 146 146 146 147 147
 147 147 147 147 146 147 148 149 149 148 149 150 150 149 148 148 149 149
 150 150 151 151 151 152 152 151 151 152 153 153 153 152 151 151 151 151
 150 151 152 152 151 151 152 152 151 151 151 151 151 151 152 152 152 152
 153 154 153 153 153 154 152 152 153 147 155 136  51  26  27  25  23  22
  20  20  21  21  19  20  20  19  19  20  21  23  21  20  20  20  21  22
  23  24  25  25  24  24  24  26  29  32  33  33  34  36  37  40  43  44
  49  51  58  64  73  84 133 158 154 153 154 154 154 154 154 153 154 154
 154 153 153 154 154 154 154 154 154 153 153 154 153 152 154 154 154 153
 153 152 151 151 151 151 151 151 151 151 149 148 148 148 147 148 147 147
 146  29]"
"[ 29  29 142 142 143 143 144 143 142 142 141 141 142 143 144 145 146 146
 146 145 145 145 146 147 146 146 146 147 147 147 146 146 146 147 147 147
 147 147 147 147 146 147 148 148 148 148 149 151 151 150 150 149 148 148
 149 150 151 151 151 152 152 152 151 152 153 153 153 152 152 151 151 151
 151 151 152 152 152 151 152 152 151 151 151 151 152 152 152 152 152 152
 153 153 153 153 154 154 153 152 152 149 151 145  71  23  28  25  24  23
  22  22  23  22  21  20  19  19  19  19  20  21  23  22  21  20  20  21
  23  23  23  24  24  24  23  25  27  30  32  33  35  35  35  37  41  43
  48  48  56  61  71  72 109 151 155 152 152 154 155 153 153 153 154 154
 154 154 154 154 154 154 154 154 153 153 153 153 153 152 153 153 153 154
 153 152 151 150 150 150 151 151 151 150 149 148 148 148 146 147 146 146
 146  29]"
"[ 29  28 141 140 141 141 143 142 142 141 141 141 142 143 144 145 145 145
 146 145 145 145 146 147 146 146 146 147 147 147 147 147 147 147 147 147
 147 147 147 148 148 147 148 148 148 148 150 151 151 152 151 150 149 149
 149 150 150 150 151 152 152 152 152 152 153 153 152 152 152 152 152 152
 151 152 152 152 152 152 152 152 151 151 151 151 152 152 153 152 153 152
 152 152 153 153 154 154 155 153 151 152 151 150  95  27  26  24  23  23
  23  24  24  23  23  21  20  19  19  19  19  19  21  22  22  21  20  21
  21  21  22  23  24  24  24  25  27  29  31  32  34  35  35  37  40  43
  47  48  51  59  66  69  86 132 155 154 153 154 154 153 153 155 154 154
 154 154 154 154 154 154 154 154 153 152 153 153 153 151 151 151 152 152
 152 152 151 151 150 151 151 152 151 151 149 149 147 147 146 147 145 145
 145  28]"
"[ 29  28 140 139 140 140 142 142 142 142 142 142 143 144 145 145 144 145
 146 146 145 145 145 146 146 146 146 146 146 147 147 147 147 147 147 146
 146 147 148 148 149 148 148 148 148 149 150 151 151 151 151 151 151 150
 150 150 150 150 151 152 152 152 152 152 153 152 152 152 152 152 153 153
 152 152 152 153 153 153 152 152 152 152 151 152 152 153 153 153 153 153
 153 153 153 153 153 153 155 154 153 153 151 153 118  45  25  24  24  24
  23  23  23  21  22  22  21  20  20  19  20  20  20  22  22  20  19  19
  20  20  22  23  24  24  24  25  26  27  29  31  32  33  35  37  39  41
  45  49  51  57  62  69  74 105 150 153 155 154 153 154 155 154 154 154
 154 154 154 154 154 154 154 154 153 153 153 154 153 152 151 152 152 152
 151 151 151 151 151 151 152 152 152 151 149 149 148 148 146 147 146 146
 146  29]"
"[ 30  29 140 139 140 140 142 142 143 143 143 144 144 145 145 146 144 145
 146 146 145 145 145 145 146 146 145 146 146 146 147 147 148 147 146 146
 146 147 148 148 150 149 148 148 149 149 150 151 150 150 150 151 151 152
 151 150 151 151 151 152 152 151 151 151 152 152 152 152 152 153 153 154
 152 152 152 153 153 153 153 152 153 153 152 152 153 154 154 154 153 153
 153 153 153 153 152 152 154 154 155 152 150 153 131  63  25  24  24  24
  22  22  21  19  20  21  21  21  20  20  21  22  22  23  22  19  17  18
  20  22  22  23  23  24  24  24  25  25  28  29  30  32  34  37  38  39
  43  49  53  54  62  68  70  82 141 151 156 154 152 154 155 152 153 154
 154 154 154 154 154 153 154 154 153 153 154 154 154 152 154 153 152 151
 151 151 151 151 150 151 151 151 151 150 149 148 147 147 146 146 145 145
 146  29]"
"[ 29  29 141 140 140 140 142 142 144 144 144 145 145 145 144 144 144 145
 145 144 144 144 145 145 144 145 146 146 146 147 147 146 145 145 145 146
 146 147 148 148 150 150 150 150 149 149 149 150 150 151 151 151 151 151
 152 152 153 152 151 152 152 153 153 154 152 152 152 152 152 152 152 151
 152 152 152 152 152 153 153 153 153 153 153 153 154 154 154 155 152 153
 154 154 153 152 152 152 153 153 153 152 153 151 140  76  29  30  26  24
  23  22  20  19  19  20  20  21  21  21  22  23  21  21  20  20  19  20
  21  22  20  22  24  24  24  23  24  25  26  29  32  32  33  35  37  38
  41  46  51  54  59  65  71  73 121 147 154 154 153 155 153 155 152 152
 153 153 153 152 153 153 153 153 153 153 154 154 154 153 154 154 154 154
 153 152 151 151 150 150 150 151 150 148 146 147 147 147 146 147 146 146
 146  29]"
"[ 29  28 140 139 140 139 142 142 143 144 144 144 145 145 144 144 143 144
 144 144 143 144 145 145 144 146 146 146 146 147 147 147 146 146 146 146
 147 147 148 148 148 149 150 150 150 150 150 150 151 151 150 150 150 151
 152 152 153 152 152 152 152 153 153 153 153 153 153 153 152 152 152 152
 152 152 152 152 153 153 153 153 152 152 153 154 154 154 154 154 153 153
 154 154 153 153 152 152 153 153 152 152 153 151 146  98  35  27  25  23
  22  21  20  20  19  19  20  20  20  20  21  21  20  20  20  20  19  19
  20  20  21  22  24  24  24  24  24  25  25  28  31  31  32  33  35  35
  39  43  48  50  53  57  62  65  89 133 156 154 153 154 155 150 153 153
 154 154 154 153 154 154 155 155 154 154 154 155 154 154 154 154 154 154
 153 152 152 152 153 151 150 150 149 148 148 149 148 148 146 147 146 146
 146  29]"
"[ 29  28 140 138 139 140 143 143 143 143 143 143 144 145 144 144 144 144
 144 144 144 144 145 145 145 146 146 147 147 148 148 147 147 147 147 147
 147 148 148 148 147 148 150 151 151 151 151 151 151 151 150 149 150 151
 151 152 153 152 152 152 152 153 153 153 154 153 153 153 153 152 152 152
 152 152 152 152 153 153 153 152 151 152 153 154 155 154 153 153 153 153
 154 154 154 153 153 153 153 152 152 153 153 149 151 123  48  26  27  23
  22  21  21  22  20  20  19  19  19  20  20  20  19  19  20  20  20  20
  20  20  22  23  23  24  24  24  24  24  25  28  31  32  32  33  33  34
  39  42  47  50  52  55  61  66  72 113 151 154 155 154 156 157 153 154
 154 154 154 154 154 154 156 155 154 153 154 154 154 154 153 154 154 153
 152 152 152 153 153 151 150 149 148 148 148 149 148 148 146 146 145 145
 145  29]"
"[ 29  28 140 139 140 141 143 143 143 143 143 143 145 145 145 144 145 145
 145 144 144 145 146 146 146 146 147 148 149 149 148 147 147 147 147 147
 147 148 148 148 147 149 150 150 150 150 150 151 152 151 150 149 150 151
 151 151 152 152 151 152 152 153 153 153 154 154 153 153 153 153 153 153
 153 152 152 153 154 154 153 152 151 152 153 154 155 154 153 153 153 154
 154 154 154 154 154 154 153 153 153 153 153 148 151 137  62  25  28  25
  22  20  21  22  21  20  19  19  20  20  20  20  19  20  20  21  21  22
  22  22  23  23  23  23  24  24  24  24  24  27  30  32  32  32  33  33
  36  39  44  49  52  54  59  66  67  87 135 152 153 154 150 154 153 154
 154 154 154 154 154 154 154 154 153 153 153 153 153 153 153 153 154 153
 152 152 152 153 150 150 150 150 149 148 147 147 148 148 146 146 144 144
 145  29]"
"[ 29  29 141 141 142 142 144 143 143 143 143 144 145 146 146 145 145 145
 145 144 144 146 146 146 146 146 148 149 150 150 149 148 148 148 148 147
 147 147 148 148 149 150 150 150 149 149 149 150 151 151 150 150 151 151
 152 151 152 151 151 152 153 153 154 153 154 154 153 153 152 152 153 153
 153 152 152 153 154 154 153 152 152 153 153 154 154 154 153 153 153 154
 154 154 154 154 154 154 153 154 153 153 153 150 151 144  75  25  25  25
  22  20  21  22  20  19  19  19  19  20  20  20  21  21  20  20  21  22
  23  24  23  22  22  23  24  24  24  24  24  26  29  31  32  31  32  32
  36  38  43  48  51  52  57  63  72  78 114 148 152 155 155 154 153 154
 154 154 154 154 154 154 154 154 153 154 154 154 153 153 153 153 154 154
 153 153 153 153 150 150 150 150 150 149 148 147 148 148 146 146 144 144
 145  29]"
"[ 29  29 142 142 144 143 144 143 142 143 143 144 144 144 145 145 145 145
 144 143 144 145 146 146 147 147 148 149 150 149 148 148 148 148 148 147
 147 147 147 147 150 150 150 149 148 148 149 150 151 151 151 151 151 152
 152 152 152 152 152 152 153 154 153 153 153 153 153 152 152 152 153 153
 153 152 152 152 153 153 153 153 153 153 153 153 153 153 153 153 153 153
 154 154 153 153 153 154 154 153 153 152 152 152 152 149  93  32  22  24
  22  22  23  22  19  19  18  18  19  19  20  20  22  21  20  19  19  20
  21  22  22  21  22  22  23  24  24  24  25  27  29  31  31  30  31  32
  37  38  42  47  51  53  57  61  66  70  87 139 153 149 156 152 153 153
 154 154 153 153 153 154 153 153 153 154 154 154 153 153 152 152 152 152
 152 152 151 150 150 150 150 148 148 148 148 147 147 147 146 146 144 144
 145  29]"
"[ 29  29 142 142 144 143 143 142 142 143 144 144 143 143 144 145 146 145
 144 143 144 145 146 146 148 147 147 148 148 147 148 149 148 148 148 147
 147 147 147 147 149 150 150 149 147 148 149 151 151 151 151 151 151 151
 152 153 153 152 152 153 153 153 153 152 152 152 152 152 152 153 153 153
 153 152 152 152 152 153 153 153 153 153 153 153 153 153 153 153 153 153
 153 153 153 153 153 153 155 152 153 153 151 153 153 153 116  46  22  25
  23  25  24  22  20  20  19  19  18  19  19  20  22  21  19  19  19  19
  20  20  20  20  21  22  23  24  24  24  26  27  29  30  30  29  30  33
  35  36  38  42  47  50  54  58  58  64  74 125 159 154 154 152 152 153
 153 153 153 153 153 153 153 153 153 153 153 153 152 152 152 151 150 150
 151 151 150 149 150 150 149 147 147 147 148 147 146 147 146 146 144 144
 145  29]"
"[ 30  29 142 142 144 143 143 141 143 144 145 145 144 144 145 146 146 146
 145 144 144 146 146 146 148 147 146 147 146 146 148 150 148 148 148 148
 147 147 147 147 148 149 149 149 148 148 150 152 151 151 151 150 150 151
 152 154 153 153 153 153 153 153 152 152 151 151 152 152 153 153 153 153
 152 152 152 151 152 152 153 153 153 153 153 153 153 153 153 153 153 153
 153 153 152 152 153 153 155 151 154 155 151 152 152 155 134  58  23  25
  23  25  23  20  21  21  20  19  19  19  20  20  20  19  19  19  19  19
  19  18  19  20  21  22  23  24  24  24  25  25  27  28  28  28  30  33
  37  36  37  40  44  48  51  54  58  63  65  91 143 157 152 154 153 154
 154 154 154 154 154 154 154 154 153 153 153 152 152 152 153 152 150 150
 151 151 150 150 150 150 150 148 148 148 148 147 146 147 146 146 145 144
 145  29]"
"[ 29  29 140 142 142 143 143 143 144 145 145 145 144 144 145 146 145 145
 145 146 146 146 146 146 146 147 147 147 146 146 147 148 147 147 148 148
 148 147 147 147 147 148 149 150 150 150 150 150 151 151 151 151 150 151
 153 154 153 153 152 152 152 153 152 152 151 152 152 153 153 153 152 152
 153 152 151 151 151 151 152 154 153 153 153 153 153 153 153 153 154 153
 152 152 152 153 153 153 154 153 153 153 153 152 152 153 139  81  22  23
  24  25  23  23  20  20  19  19  19  19  18  17  18  19  20  20  20  20
  20  20  19  20  22  22  22  22  23  24  24  24  25  26  27  28  31  32
  35  35  37  40  43  46  50  52  56  62  68  73 123 154 155 153 152 153
 153 154 154 154 154 153 154 154 153 153 153 153 154 154 153 153 152 151
 150 149 148 148 149 149 149 148 147 147 146 147 146 146 144 148 144 141
 144  29]"
"[ 28  30 141 143 142 144 141 144 143 144 145 144 144 144 145 145 145 145
 145 145 145 145 146 146 147 147 147 147 147 147 148 148 148 148 148 148
 148 148 148 148 147 147 148 149 149 149 149 149 150 150 151 150 150 151
 151 152 152 152 151 151 151 151 151 150 151 151 152 152 152 152 152 152
 152 151 151 151 150 150 150 151 152 152 152 152 152 152 153 153 153 152
 151 150 150 151 151 152 153 152 152 152 152 151 151 152 148  97  28  27
  24  25  26  21  20  19  19  19  19  18  18  17  19  19  19  19  19  20
  20  21  20  21  22  22  22  22  22  22  24  24  25  26  27  28  30  33
  33  34  37  40  42  45  48  51  56  58  67  73  99 148 154 150 152 152
 153 153 153 153 153 153 153 152 152 152 152 152 152 152 151 151 151 151
 150 149 149 148 151 151 151 150 149 148 148 148 145 146 148 141 145 145
 145  28]"
"[ 29  30 140 144 145 139 149 141 144 145 146 146 145 146 146 146 144 144
 144 144 144 145 146 146 147 147 147 147 148 148 148 148 149 149 149 148
 148 148 148 148 147 148 148 149 149 149 149 149 149 150 151 151 151 151
 152 152 152 151 151 151 151 151 151 151 151 152 153 152 151 151 152 153
 152 152 152 152 152 151 150 151 151 151 151 152 152 153 153 154 154 153
 151 151 151 151 152 152 153 152 152 153 153 152 152 153 155 112  34  28
  22  19  25  25  21  20  20  20  20  19  19  18  19  18  18  18  19  19
  20  21  20  20  21  22  24  24  24  23  24  24  24  24  24  25  28  31
  31  33  36  39  42  44  47  49  55  58  62  69  80 127 149 153 152 153
 153 153 154 153 153 153 153 153 153 153 153 153 152 152 151 151 151 151
 151 150 150 150 150 150 149 148 147 146 146 146 145 145 147 148 146 139
 145  27]"
"[ 30  28 147 143 143 142 144 145 141 143 144 144 143 144 144 144 143 143
 144 144 144 145 145 146 146 146 147 147 146 146 147 148 148 148 147 147
 147 148 148 149 148 147 147 148 148 148 147 147 147 148 149 151 151 151
 150 150 150 150 150 150 150 150 151 151 151 152 152 151 151 150 151 151
 150 150 151 152 152 151 150 150 150 150 151 151 151 152 152 153 152 151
 151 150 151 151 152 152 151 151 151 152 152 152 152 151 156 135  58  29
  26  25  23  17  20  19  19  19  19  19  18  18  18  17  17  16  17  18
  19  19  18  19  20  22  23  23  23  22  24  24  24  24  23  24  26  29
  33  35  38  41  42  44  46  49  53  57  59  68  76 103 149 154 152 152
 152 152 152 152 152 152 152 153 153 153 153 152 151 150 151 151 151 151
 151 151 151 151 151 151 150 149 148 147 147 146 147 148 144 142 140 144
 145  30]"
"[ 28  31 139 144 145 147 139 140 142 144 144 144 144 145 145 144 144 144
 145 146 146 146 146 146 146 147 148 147 146 146 147 149 149 148 148 148
 149 149 150 151 150 149 149 149 149 148 148 147 148 148 150 151 151 150
 149 148 149 149 149 149 150 150 151 151 153 152 152 152 152 152 151 150
 148 149 150 152 152 151 151 151 151 151 151 151 152 152 152 152 151 150
 150 151 152 152 152 152 151 151 152 153 153 153 151 150 152 140  72  21
  25  26  22  23  20  20  19  19  19  20  19  19  20  20  19  19  19  20
  19  19  20  21  23  23  23  23  23  23  24  24  25  24  24  24  27  29
  32  33  36  38  40  41  44  47  51  54  58  63  68  81 131 147 152 152
 152 152 152 152 152 152 152 152 153 153 152 151 150 150 149 149 148 148
 148 148 148 148 149 148 147 147 146 145 145 144 144 147 150 142 146 145
 136  30]"
"[ 31  27 141 143 142 144 147 144 142 143 144 144 144 144 144 144 143 143
 144 145 145 145 145 144 144 146 147 146 145 144 146 147 147 147 147 147
 148 149 149 150 149 149 149 148 148 148 147 147 149 150 150 151 150 150
 148 147 148 148 148 149 149 150 150 151 152 151 150 151 151 151 149 148
 147 147 149 151 151 150 150 151 152 152 151 151 151 151 151 151 150 150
 151 151 152 152 152 151 151 152 152 152 152 152 150 148 150 148  97  31
  25  24  20  24  20  20  19  19  19  19  20  19  19  19  19  19  19  18
  18  17  17  19  21  22  22  22  23  24  23  23  23  24  24  24  26  28
  29  31  33  37  39  42  46  49  48  55  57  57  64  68  97 154 151 151
 151 151 151 151 151 151 151 152 152 152 152 151 151 150 150 150 150 150
 150 149 149 149 149 148 147 147 147 146 146 145 146 143 143 140 147 142
 146  28]"
"[ 30  28 142 143 140 146 140 144 143 144 144 143 144 144 144 144 145 145
 146 146 147 147 146 146 146 147 147 147 147 146 147 147 148 148 148 148
 148 149 149 149 149 149 149 149 149 149 149 149 151 151 150 151 151 150
 149 148 149 149 149 150 149 150 150 151 151 150 150 150 150 150 149 149
 148 149 150 151 151 150 150 151 152 152 151 151 151 151 151 151 151 151
 151 152 152 152 152 152 151 152 151 151 152 152 151 149 150 152 112  43
  22  24  24  20  21  21  20  20  20  21  21  21  19  19  20  19  19  19
  19  19  17  18  20  21  21  22  23  24  24  24  24  25  25  25  26  28
  31  31  33  36  38  41  43  46  49  53  55  56  65  65  74 129 151 151
 151 151 151 151 151 151 152 152 152 152 152 151 151 151 147 147 147 146
 146 146 147 147 147 147 146 146 146 146 146 145 144 147 143 143 145 141
 138  31]"
"[29 31 28 31 29 29 29 29 29 29 29 28 29 29 30 29 28 28 29 29 29 29 29 29
 29 29 28 28 29 29 29 28 29 29 29 29 29 29 29 29 28 29 29 29 28 29 29 30
 29 29 28 29 29 29 29 28 28 29 29 29 28 28 29 29 29 29 29 29 28 29 29 30
 29 29 29 30 29 28 29 29 29 29 29 29 29 29 29 29 29 29 28 29 29 29 29 29
 29 29 28 28 29 30 30 28 29 29 30 27 29 29 29 30 29 29 28 28 28 29 29 29
 29 30 30 29 29 29 29 30 29 29 28 29 29 29 29 29 29 29 29 29 29 28 29 29
 29 29 29 29 29 28 29 30 31 24 31 30 28 31 29 28 29 29 29 29 29 29 29 29
 29 29 29 29 29 29 29 29 29 29 29 29 29 29 29 30 30 29 29 29 29 29 29 28
 29 28 28 29 27 29 30 28]"
