"[31 31 29 30 29 30 29 29 31 31 29 29 30 30 29 29 29 29 29 30 29 28 29 30
 29 29 29 29 29 29 30 30 29 30 29 29 29 29 29 28 29 29 29 29 29 29 30 30
 28 29 30 29 29 29 29 29 29 30 29 29 29 29 29 29 29 29 29 29 29 28 29 29
 28 29 29 29 29 29 29 29 30 30 30 30 29 29 29 29 28 28 29 29 30 30 29 29
 29 29 29 29 29 29 29 29 29 29 29 29 29 29 29 29 29 30 29 29 29 29 29 29
 28 29 29 29 29 29 29 29 29 29 29 29 28 29 29 28 29 30 30 29 29 30 30 29
 28 29 30 29 29 30 29 29 29 29 30 30 29 28 28 29 29 29 30 29 28 28 29 30
 30 29 29 29 29 29 29 29 28 29 29 29 29 30 30 29 29 30 30 28 28 28 30 29
 29 28 30 27 32 29 28 31]"
"[29 32 27 29 29 29 29 30 29 29 29 29 29 29 30 31 30 29 28 29 29 29 29 29
 29 29 29 29 29 29 28 28 30 29 29 29 29 30 29 29 30 30 30 30 29 29 29 29
 29 30 30 29 29 29 29 29 29 29 29 29 29 29 29 30 29 29 29 29 29 29 29 29
 29 29 29 29 29 30 30 29 30 30 29 29 29 29 30 30 29 29 29 29 29 29 29 29
 29 29 29 29 29 29 29 29 29 29 29 29 29 29 29 29 29 30 30 30 30 29 29 29
 29 29 29 29 29 29 29 29 29 29 29 28 29 31 31 30 27 28 28 28 29 30 29 28
 29 30 29 29 29 29 29 29 29 28 28 28 29 29 29 30 29 29 29 29 30 30 30 29
 30 29 29 29 29 29 29 30 29 29 29 29 28 28 29 30 29 28 29 31 32 31 29 29
 30 28 31 27 27 30 33 27]"
"[30 27 14 12 13 12 11  9  8  9  9  9  9  9  8  9  9  8  7  7  8  8  8  8
 10 10 10 10 10  9  9  9  9  9  9  9  9  9  9  8  8  8  8  8  7  7  7  7
  7  7  7  7  7  7  7  7  7  7  7  7  7  7  7  7  7  7  7  7  7  7  7  8
  7  7  7  7  7  7  7  7  7  7  7  7  7  7  7  7  7  7  7  7  7  7  7  7
  7  7  7  7  7  7  7  7  7  7  7  7  7  7  7  7  7  7  7  7  7  7  7  7
  7  7  7  7  7  7  7  7  7  7  7  7  7  8  8  8  9 10 10 11 12 14 13 11
 13 12 12 11 11 11 11 11 11  9  9  9 11 13 13 13 16 16 16 18 19 20 18 17
 16 16 16 16 16 15 16 17 19 19 19 19 18 17 18 21 17 22 22 21 23 22 22 25
 30 44 67 78 76 72 63 29]"
"[31 30 10  9 15 13 11  7 10 11 11 11 10  9 10 11 11  8  7  7  8  9  8  8
  8  8  8  8  8  8  8  8  8  7  7  8  8  9  8  8  9  9  8  8  7  7  7  6
  5  5  4  3  3  4  4  3  4  3  3  3  3  3  3  3  4  4  4  4  4  4  4  4
  4  3  3  2  3  5  5  4  3  3  3  3  2  2  3  3  3  3  3  2  3  3  4  4
  3  3  3  3  3  3  3  3  3  3  3  3  3  4  5  5  3  4  4  4  4  3  2  2
  3  4  4  5  5  5  5  5  4  5  6  6  8 10 10 10 10 10 10 11 13 15 14 12
 12 11 10 10 10 10 10 10  9  8  7  8 11 14 15 15 16 16 16 18 20 20 19 17
 16 16 17 17 16 16 16 18 20 18 19 20 20 19 20 23 24 24 20 21 26 25 26 33
 53 62 70 72 67 67 64 28]"
"[27 30 12 14 18 15 14 12 10 10 11 12 13 14 13 13 10  9  7  7  7  7  7  8
  8  8  8  9 10 10  9  8  7  7  7  7  8  8  8  7  8  8  8  8  8  8  8  8
  7  7  6  5  5  5  5  4  4  4  3  3  3  4  3  3  4  4  4  5  4  4  3  3
  4  4  3  2  3  4  5  4  3  3  3  3  3  3  2  2  3  2  2  1  2  2  3  4
  3  3  3  3  3  3  3  4  2  3  3  3  3  4  4  5  4  4  4  4  4  3  2  1
  2  2  3  3  4  4  4  4  3  5  8  8  8  9 10 11 12 12 12 12 14 16 16 14
 11 10 10 11 11 10 10 10 10 11 11 12 14 16 17 17 15 15 16 17 18 18 17 17
 17 17 18 18 17 16 17 18 19 17 18 21 23 22 23 24 26 24 21 23 25 23 33 53
 76 79 70 63 58 58 59 28]"
"[30 30 14 14 16 15 16 14 15 15 15 15 16 16 14 13 13 11 11 11 11 10 10 11
 10  9  9  9 10  9  8  7  9  9  9  9 10 10  9  9  8  8  8  8  8  8  8  8
  9  9  8  7  7  8  7  6  5  5  5  5  5  5  4  4  4  4  4  4  4  4  3  2
  3  4  4  3  3  4  4  4  4  4  4  4  4  4  3  3  4  4  3  3  3  3  3  4
  3  3  3  3  3  3  4  4  3  3  3  4  4  4  4  4  4  4  4  4  4  3  3  2
  3  3  3  4  4  4  4  4  4  7 10 10  9  9 10 11 11 12 11 11 12 13 14 12
 10  8  8  9 10  9  9  9 10 12 13 14 15 16 17 16 16 16 16 16 16 17 17 17
 17 17 17 18 17 16 16 17 18 16 17 20 23 23 23 24 22 26 24 20 24 36 55 72
 72 73 64 59 60 59 57 30]"
"[31 27 15 15 16 19 18 18 17 16 15 15 15 14 13 11 13 12 11 11 12 12 12 11
 13 13 12 12 12 12 10  9  9  8  9  9 10 10  9  8  8  8  8  8  8  8  8  8
  9  9  8  8  8  9  7  6  6  6  7  7  6  6  5  5  6  5  4  4  4  4  3  3
  3  4  4  3  2  3  3  3  4  4  4  4  4  4  4  3  4  4  3  3  3  3  4  4
  4  4  3  3  3  4  4  4  2  3  4  4  4  4  3  3  3  3  3  3  3  2  2  2
  3  4  4  5  5  5  5  4  6  9 11 11 10  9 10 10 11 13 13 12 12 12 12 12
 11  9  8 10 11 11 11 12 11 13 15 16 17 18 18 16 16 16 16 17 17 17 17 18
 16 16 16 17 16 16 16 16 16 15 15 16 18 20 21 21 24 27 25 27 43 64 71 67
 66 65 62 61 62 62 57 29]"
"[29 28 24 24 21 22 19 19 16 16 16 16 16 16 16 15 15 12 11 13 15 16 14 13
 15 14 13 13 14 13 11 10 10 12 12 12 12 12 11 10 10  9  9  9  8  8  7  7
  8  8  8  8  8  8  7  5  7  8  8  8  8  7  7  7  8  7  5  4  4  4  4  4
  2  4  5  4  2  2  3  3  4  3  3  3  3  3  4  4  2  2  2  3  3  3  3  4
  5  4  4  4  4  4  4  4  3  3  4  5  4  4  3  2  2  2  2  2  2  2  2  2
  3  3  4  5  5  6  5  5  7  9 10 10  9  9  9  9 10 13 14 12 11 10 10 10
 11  8  7  9 11 10 11 12 10 13 14 15 17 19 19 16 16 15 15 16 17 18 18 17
 16 16 16 17 18 18 18 18 20 20 18 17 18 21 23 24 27 32 44 60 71 76 72 65
 68 62 61 60 58 61 59 30]"
"[28 31 47 46 49 45 35 36 30 27 26 23 16 13 17 19 15 15 14 13 14 16 16 14
 13 15 15 13 13 15 15 13 12 13 12 13 14 11 11 11  9 11  7  8  9  8 10  7
  8  8  9 10  8  6  6  8  7  7  7  7  9  9  8  8  7  8  7  4  4  6  8  7
  5  6  5  4  3  2  3  3  3  4  4  4  4  3  3  3  3  3  3  3  4  4  5  5
  4  4  3  3  4  4  5  5  3  3  3  3  4  3  4  3  3  3  3  3  3  3  2  1
  2  3  4  4  5  6  8  9  8  9 10  9  8  8 11 13 13 13 13 12 12 11 10  9
 10  8  8  9 10 10 12 15 14 13 13 15 16 17 16 16 16 15 15 16 17 16 16 16
 16 16 18 22 23 20 19 19 18 18 20 20 19 22 25 25 30 42 55 67 69 70 64 62
 65 65 63 59 57 61 61 29]"
"[29 29 36 37 44 46 40 41 41 38 36 33 30 29 26 22 22 16 13 15 16 14 14 17
 16 16 15 13 12 13 13 13 12 12  9 10 13 13 12 12  8  9  5  7  8  8 11  9
  8  9 10 10  8  8  8  8  7  6  6  7  8  9  8  7  6  7  7  5  4  6  6  5
  5  6  6  5  4  4  4  4  3  3  4  4  4  4  4  4  2  3  4  4  5  5  4  4
  4  3  3  3  4  4  4  3  2  2  2  3  4  4  4  4  4  4  4  4  4  4  3  2
  3  4  4  5  6  6  7  7  9  9  9  8  8  8 10 12 13 13 12 11 10  9  9  8
  9  8  8  9 10 10 12 15 14 13 13 14 15 16 15 15 14 13 14 16 16 16 15 16
 18 19 19 18 19 20 20 19 16 16 21 23 22 23 31 37 46 57 67 71 65 63 61 62
 62 64 64 63 62 63 61 29]"
"[29 29 27 29 33 37 35 35 38 38 38 36 39 46 48 43 45 43 35 24 17 17 16 13
 17 16 15 15 15 15 16 17 12 12 11 12 15 14 12 12 12 12 10 10 11 11 12 10
 13 14 14 12 10  9  8  7  8  8  8  9 10  9  8  7  6  8  8  7  6  7  7  6
  6  7  7  7  6  6  6  5  4  4  4  5  6  6  6  6  4  4  4  4  4  4  4  4
  3  3  4  4  5  5  4  4  3  3  3  4  4  4  4  3  5  5  4  5  5  4  4  3
  4  4  5  6  7  7  7  7  9  9  8  8  8  9 10 11 13 12 11 10  9  8  8  8
  9  8  8 10 10 11 13 15 16 16 15 15 16 15 15 15 14 13 14 15 16 16 15 15
 15 20 21 19 19 21 20 16 16 17 21 21 20 26 39 48 66 69 68 68 63 63 60 59
 61 63 64 66 65 65 62 30]"
"[29 31 23 24 23 25 24 24 30 32 33 30 28 34 38 37 43 50 45 30 25 35 40 37
 30 28 24 21 19 16 16 17 19 18 17 15 15 15 11 12  8  9 10 12 13 14 14 13
 12 13 13 11 10 10 10  9 11 11 10 10 11 10  9  8  7  8  9  8  8  8  8  8
  7  8  8  8  7  7  7  6  5  5  5  6  7  8  8  8  9  7  6  4  3  4  5  5
  4  4  4  5  5  6  5  4  4  4  4  4  4  4  3  3  4  4  4  4  4  4  4  3
  4  5  5  7  8  9  8  8  9 10  9  9  9  9 10 11 12 11 11 10  9  9 10 10
  9  9 10 11 12 13 14 15 17 18 18 18 16 15 16 16 16 15 15 16 16 16 15 15
 14 20 24 22 22 23 21 17 18 21 22 21 26 42 58 63 71 67 60 60 61 66 62 59
 60 63 63 63 63 65 63 30]"
"[28 30 19 20 19 20 20 18 14 17 22 23 21 22 27 30 28 30 30 29 32 40 48 53
 48 44 40 36 34 32 33 35 34 28 24 20 19 18 13 13 13 14 15 13 13 13 12 12
 14 14 14 12 11 11 11 10 13 12 11 10 11 11 10  9  8  9  9  9  8  9  9 10
  9  9  9  8  8  8  8  7  5  5  5  6  7  8  8  8 10  9  7  6  5  5  6  6
  5  5  5  5  5  5  4  4  4  4  4  4  3  3  3  3  3  3  3  4  4  5  5  4
  5  5  5  6  7  8  8  8  9 10 11 11 10 10 10 11 11 11 11 10 10  9 10 10
  9 10 12 14 14 15 15 16 16 18 19 18 15 15 16 18 19 19 18 17 16 16 16 16
 18 21 23 23 22 23 23 22 22 23 25 29 40 57 66 65 64 62 56 57 57 63 63 63
 61 64 64 61 61 66 64 29]"
"[29 28 17 16 18 20 19 15 16 15 18 20 19 18 22 24 25 21 20 23 27 27 28 30
 38 36 34 34 38 44 49 52 53 45 41 36 36 34 21 18 20 18 19 16 15 16 15 16
 15 14 13 12 12 11 11 11 14 13 11 11 12 12 12 11 11 11 10 10 10 10 11 11
 10 10  9  8  8  8  8  7  7  7  7  7  7  8  8  8  7  8  8  8  8  8  7  7
  8  7  7  6  6  5  5  4  3  3  3  3  3  3  3  3  4  4  3  4  5  5  5  5
  6  5  5  5  5  6  6  7  9 10 12 12 11 10 10 10 10 10 10 10  9  9  9 10
 10 11 13 15 16 16 16 16 15 16 17 17 16 16 18 20 21 22 22 20 18 18 18 18
 19 21 23 24 23 21 21 22 24 24 32 45 57 63 64 61 62 62 58 58 57 63 64 65
 64 66 66 65 66 69 65 29]"
"[30 28 20 15 18 19 19 15 17 14 15 16 17 18 21 23 20 17 15 17 19 20 18 15
 17 17 16 17 22 29 33 33 34 32 37 40 48 51 44 44 37 32 30 23 20 19 12 11
 15 14 12 14 14 12 13 15 16 15 14 14 14 14 14 13 13 12 11 11 12 12 12 12
 10 10 10  9  9  9  9  7  8  8  8  8  7  7  7  8  5  6  8  9  9  8  7  7
  9  8  8  8  8  7  6  5  4  4  5  4  4  4  4  4  5  4  4  4  5  5  5  5
  5  5  5  4  4  5  6  7  8  9 10 11 10  9  9  9  9  9  9  9  8  8  9 10
 10 12 13 14 15 16 16 16 16 15 15 16 18 19 20 20 20 22 24 22 20 19 19 19
 19 21 24 24 22 22 23 24 28 35 50 64 69 68 67 66 63 62 59 60 60 65 64 64
 66 65 66 69 70 70 64 29]"
"[29 28 25 17 19 18 19 18 16 15 17 19 17 17 19 18 18 16 15 16 16 16 15 16
 16 16 15 14 17 20 19 15 16 18 24 25 29 34 32 39 38 34 35 33 35 36 29 27
 31 26 24 24 21 17 16 18 18 17 16 16 16 15 14 12 12 11 10 11 13 13 13 12
  9 10 10 10 10 10  9  8  8  8  8  7  6  6  6  6  6  6  7  8  8  8  7  7
  7  7  8  9  9  8  7  5  6  7  7  6  5  5  5  5  5  5  4  4  4  5  5  4
  5  5  5  5  5  5  6  7  9  8  9  9  9  9  8  7  8  9  9  8  7  8 10 12
 11 12 13 13 14 15 16 16 17 15 14 15 18 20 20 19 16 20 23 22 19 19 19 19
 24 25 24 21 20 23 28 31 41 53 69 74 69 65 64 64 60 61 59 60 59 64 64 64
 66 62 63 69 71 68 61 28]"
"[29 29 22 21 20 22 16 17 15 17 18 17 18 19 18 17 15 16 16 15 14 14 16 16
 16 16 16 16 16 16 16 16 17 16 16 15 15 17 19 21 25 28 31 34 37 37 38 41
 42 47 48 45 42 38 32 26 24 19 17 17 19 18 16 15 16 13 13 14 14 13 12 11
 10 11 10  9 10 11 11  9  8  9  8  7  7  8  7  7  7  7  6  7  7  7  8  8
  7  7  5  5  6  6  6  6  6  7  6  5  5  6  7  6  6  6  6  5  5  5  4  4
  7  6  6  5  6  7  8  9  9  8  8  9  8  7  7  7  7  8 10 10  9  9 11 14
 15 13 12 13 16 16 16 16 16 16 16 17 20 21 19 17 16 17 17 17 18 19 19 19
 24 25 23 23 25 24 30 43 58 68 69 65 62 65 67 61 59 59 60 60 62 63 62 61
 61 60 62 63 66 65 65 30]"
"[29 29 21 19 18 19 16 17 18 18 18 18 19 21 20 18 18 17 16 15 15 16 16 16
 17 16 16 16 15 15 15 14 16 15 14 13 15 16 18 19 15 16 16 17 20 22 26 31
 38 39 40 42 48 50 43 34 27 28 31 32 29 25 24 25 21 17 15 15 13 11 11 10
 11 12 11 11 11 12 12 11 11 11 10 10 10 10  9  7  7  8  9  9  8  8  8  9
  9  8  7  6  7  5  5  5  5  6  7  7  6  6  6  5  5  6  6  6  6  6  5  5
  6  6  6  5  6  6  7  8  8  7  8  8  8  8  8  8  9  9  9  9 10 11 13 15
 15 14 13 14 16 16 16 16 16 17 17 17 19 19 17 16 16 17 17 16 16 18 19 20
 20 20 18 19 24 30 42 57 65 66 63 63 64 62 62 59 58 58 58 60 63 66 65 64
 61 62 64 65 64 62 63 28]"
"[28 30 23 23 22 20 19 17 19 18 17 17 16 18 17 16 18 16 15 15 17 18 17 16
 17 16 16 16 15 15 14 15 16 15 14 13 14 15 17 17 18 18 16 15 15 14 13 16
 21 22 22 23 27 32 32 29 27 29 33 37 38 35 33 32 28 26 26 27 24 21 19 17
 18 16 14 12 11 10 11 13 10  9  8 10 11 10  9  8  8  9 10 10  8  7  8  9
 10 10  9  8  7  5  5  5  5  6  7  7  7  6  6  6  5  6  7  7  7  6  6  6
  5  6  6  6  6  6  7  8  8  7  8  8  8  8  8  8 10  9  9 10 12 13 14 15
 15 14 13 14 15 16 16 16 15 17 17 16 17 17 15 16 18 17 16 15 15 17 19 21
 19 19 19 24 34 47 60 69 63 59 57 63 63 56 56 59 58 57 57 59 62 65 64 62
 61 64 67 67 65 61 63 29]"
"[30 30 21 21 21 21 24 22 21 23 22 20 17 17 18 19 19 17 17 18 19 18 17 15
 16 16 15 15 15 15 16 16 17 16 15 15 15 16 16 16 16 17 17 17 17 13 10 12
 15 18 18 16 14 17 20 23 23 21 22 27 33 34 31 28 34 34 38 41 39 36 34 32
 26 24 23 22 20 16 15 17 13 11 11 12 11 10  8  9 10 10 10  9  9  8  9 10
 11 12 12 11  9  8  7  7  7  7  7  7  7  7  7  8  7  8  8  8  6  5  5  5
  5  6  7  7  6  6  7  8  8  8  8  8  8  8  8  8 10 10 11 14 15 15 15 14
 15 13 13 13 14 15 15 15 15 17 16 15 16 16 16 17 21 19 17 16 16 17 19 21
 19 20 27 37 48 59 65 64 54 52 53 62 62 54 54 57 59 58 57 58 61 63 61 59
 61 64 67 68 67 64 65 30]"
"[29 29 25 26 27 26 28 23 24 25 24 22 20 21 22 22 22 21 21 22 21 19 16 15
 17 16 15 14 15 16 17 17 16 16 16 16 17 17 16 16 15 15 14 14 14 12 11 13
 11 14 15 14 14 15 15 15 17 17 17 19 20 21 20 20 25 25 27 30 30 30 31 31
 24 26 29 32 30 26 23 22 17 17 17 17 15 14 13 14 13 12 11 10 10 11 11 11
 10 12 13 12 11  9  9 10  8  8  8  9  9  8  8 10  8  8  8  7  6  5  5  5
  6  7  8  8  7  7  7  8  8  8  8  8  9  8  8  9 10 12 14 16 17 16 15 16
 16 14 14 14 14 14 14 15 17 17 15 15 17 19 19 19 23 20 18 17 18 19 20 22
 24 32 45 55 60 63 61 55 52 51 50 58 62 59 56 53 58 58 59 60 62 64 63 61
 59 61 63 64 67 66 66 29]"
"[29 27 31 30 31 30 29 25 26 25 23 22 23 26 27 26 23 23 24 25 24 21 20 20
 19 18 16 15 17 18 18 17 14 15 15 16 16 16 16 15 18 18 16 15 15 13 12 13
 14 15 15 14 15 16 16 16 14 16 17 17 15 15 15 15 17 16 19 23 23 23 24 23
 23 25 28 31 33 33 33 33 37 37 34 29 24 20 16 14 16 14 12 11 12 12 12 11
 10 10 11 11 10  9  9 10  9  8  9 11 12 10  9  9  8  8  7  7  7  7  7  7
  8  8  9  8  8  7  8  8  8  7  8  9  9  9 10 11 12 13 15 16 15 15 16 17
 17 16 15 15 14 14 14 15 18 18 16 16 19 21 20 21 22 20 19 20 21 22 25 28
 37 50 63 67 66 61 57 54 53 55 55 57 59 59 58 54 59 61 62 63 64 64 63 61
 60 60 61 62 65 66 66 27]"
"[31 27 36 31 31 32 32 32 32 31 28 25 25 28 32 33 26 24 23 24 24 23 23 25
 23 21 19 19 20 21 20 18 16 16 16 16 16 16 16 16 14 15 15 16 17 15 13 15
 15 15 14 12 11 13 15 16 14 15 16 16 16 16 15 14 12 12 14 17 17 18 16 15
 15 16 16 16 18 21 24 25 31 33 34 32 32 33 31 28 19 18 18 18 17 16 14 13
 11 11 11 10  9 10 11 12 10  9  9 12 13 11  9  9  8  8  8  8  9 10 10  9
  9  9  9  9  8  8  8  8  8  7  8  9 10 10 11 12 13 13 14 15 15 14 15 16
 15 15 15 15 15 14 16 17 17 17 16 16 19 21 19 19 19 19 21 23 24 26 32 38
 49 59 65 64 61 56 53 55 54 57 57 59 58 56 58 58 61 62 64 65 65 64 62 60
 63 63 63 63 65 66 66 28]"
"[30 30 49 48 47 43 36 34 33 34 32 25 21 23 30 36 30 26 23 23 23 22 23 25
 25 23 21 22 24 24 22 20 19 19 18 17 16 16 16 16 16 16 15 16 17 16 15 17
 17 16 16 15 16 16 15 14 14 15 16 15 15 15 15 14 14 11 12 13 13 15 15 15
 16 17 16 15 16 17 17 15 17 20 22 22 25 29 27 22 24 25 26 26 24 21 19 17
 16 15 14 12 12 12 14 15 12  9  9 11 12 12 10 10  9  8  8 10 11 12 11 10
 10 10  9  9  8  8  8  8  8  8  8  9 10 10 11 12 12 13 14 15 15 14 13 13
 13 13 13 14 15 15 17 19 15 17 16 17 19 19 17 17 17 19 23 25 27 30 39 47
 57 63 61 58 58 55 53 56 54 54 53 59 61 58 58 58 61 62 64 66 67 66 64 61
 64 66 66 64 65 66 67 30]"
"[31 27 81 72 70 70 67 69 59 54 53 51 46 44 46 45 41 26 28 27 22 22 27 24
 21 25 24 23 23 24 24 20 21 23 23 25 22 16 17 17 18 15 16 15 15 16 15 16
 17 15 15 17 18 17 16 15 16 15 16 17 14 14 15 16 14 14 15 16 15 15 15 15
 17 17 15 12 13 16 15 11 13 14 16 16 16 16 17 18 18 21 24 27 26 24 24 24
 20 20 20 18 18 19 19 18 16 14 12 12 13 13 12 12 12 10 10 10 11 11 10  9
 11 10  9  9  9  9  8  7  8 10 11 12 11 10 10 12 11 13 15 16 16 14 14 14
 14 15 16 16 17 17 18 18 18 16 15 18 21 20 18 16 16 22 26 26 32 42 53 61
 61 58 56 56 57 58 56 55 54 52 54 57 59 59 61 64 64 64 65 65 65 64 64 65
 65 68 70 71 68 65 67 29]"
"[29 28 88 85 86 88 85 86 82 80 83 84 80 73 68 65 60 46 46 44 38 34 32 25
 28 32 34 33 27 22 25 27 25 26 23 23 23 21 22 19 18 20 19 18 16 17 18 18
 19 17 16 16 17 16 15 15 16 15 15 15 16 16 17 17 16 16 16 17 17 16 16 15
 15 15 14 12 13 15 14 12 13 13 14 13 13 13 14 15 11 12 14 15 15 15 16 18
 22 22 22 21 21 22 22 21 20 20 19 17 17 18 18 17 16 14 11 11 12 13 12 11
 11 10 10 10 10 10  9  9  8  9 11 12 12 11 12 13 12 14 16 17 17 16 15 15
 15 16 16 17 17 17 18 18 18 17 18 20 23 23 19 14 19 26 30 34 43 53 58 59
 57 56 55 55 57 58 58 57 57 55 55 58 61 61 63 66 63 64 65 65 65 64 65 65
 66 70 73 71 63 56 62 30]"
"[29 30 92 93 96 99 96 96 95 91 84 81 81 80 83 88 87 82 87 82 71 64 65 65
 55 55 52 47 34 21 21 24 28 31 29 28 28 27 25 17 17 24 25 25 24 22 24 20
 22 21 20 20 20 19 18 17 16 17 16 14 15 14 14 15 16 15 15 17 17 16 15 14
 14 14 13 13 13 14 14 14 13 12 12 11 11 11 12 12 11 11 11 11 12 12 14 16
 15 16 16 16 16 17 18 17 19 21 22 20 21 24 26 26 23 20 16 14 15 15 14 13
 13 12 10 10 11 10 10  9  7  8 10 12 12 11 12 14 12 13 14 15 16 16 16 15
 16 16 16 16 16 16 16 16 17 18 18 18 22 25 23 19 23 32 38 43 52 60 60 57
 53 53 54 56 58 60 62 62 60 58 57 59 62 63 64 66 61 63 65 66 66 65 65 65
 68 68 70 73 67 58 62 29]"
"[30 30 89 89 94 97 95 93 92 93 90 89 92 93 94 97 92 89 95 92 89 84 83 82
 77 74 69 69 63 54 55 58 56 47 33 27 30 32 28 17 20 27 25 28 26 22 24 19
 21 21 21 21 22 21 20 17 15 16 14 14 17 17 16 16 15 14 15 15 15 14 13 13
 16 14 13 14 14 14 13 14 13 12 11 11 11 11 11 11 11 11 11 11 12 11 12 13
 11 11 12 13 13 14 14 14 12 16 17 16 18 23 26 26 23 21 19 17 16 16 16 15
 16 15 13 13 13 12 10  9  8  8  9 11 11 10 11 12 11 12 12 13 15 15 15 15
 16 16 15 15 15 16 16 16 15 16 18 18 20 22 24 24 27 40 50 53 56 58 56 53
 51 52 55 57 59 61 63 64 62 60 59 61 63 63 63 64 61 63 67 68 68 67 66 66
 69 66 66 71 71 65 66 28]"
"[30 28 83 83 89 92 91 88 88 90 85 80 84 89 92 94 90 90 97 95 96 92 89 87
 86 82 78 81 82 79 78 77 73 78 78 76 66 52 43 36 41 39 26 24 22 19 25 23
 18 19 20 20 23 26 26 24 18 17 15 15 20 22 19 16 16 16 17 17 16 15 14 14
 18 15 13 14 15 14 13 14 13 13 12 11 12 12 11 10 11 10 10 10 11 11 11 11
 11 11 12 12 13 13 13 13 11 12 12 11 13 17 19 18 15 16 16 16 16 16 17 17
 18 17 16 17 17 16 14 12 10 10 11 11 11 11 11 11 12 12 12 13 15 16 16 16
 17 16 15 15 15 16 17 18 15 16 19 21 21 21 24 30 37 51 60 60 57 55 51 48
 52 53 55 56 57 58 59 60 64 63 63 64 65 64 63 62 63 65 66 67 67 67 68 69
 68 69 68 68 66 64 67 29]"
"[30 28 81 82 86 88 87 83 79 83 81 77 78 82 83 82 84 87 92 88 90 89 90 94
 98 97 94 95 94 90 87 83 84 83 83 88 89 83 78 73 77 74 66 64 58 46 41 35
 31 31 28 25 25 26 23 19 22 22 23 22 20 22 24 22 19 20 20 21 20 18 18 18
 17 15 14 15 16 15 14 15 14 14 13 12 12 11 10 10 12 11 11 11 12 12 13 14
 11 10 10 10 10 10 10 10 12 13 12 10 12 15 15 13 12 13 14 15 15 15 15 16
 16 15 16 17 19 19 17 15 13 13 12 13 13 12 12 12 13 13 13 14 15 16 16 16
 17 17 16 16 16 16 18 19 17 16 17 21 24 27 35 44 56 61 61 57 55 54 53 52
 55 56 56 57 57 56 56 56 63 64 65 66 66 64 63 62 65 65 64 63 63 65 68 70
 66 69 70 69 66 66 68 28]"
"[29 30 82 81 84 83 83 79 80 80 80 78 76 78 81 81 81 80 79 75 84 87 86 88
 89 90 90 94 96 94 95 95 93 91 87 87 86 82 83 83 85 84 80 77 75 75 77 77
 71 70 65 58 55 51 43 35 29 26 28 24 18 19 25 23 22 22 22 24 24 23 20 18
 16 17 17 18 17 16 16 16 16 15 14 14 13 13 12 12 14 13 12 12 12 11 12 13
 12 10 10 11 11 10 11 12 12 12 12 13 14 14 13 12 13 13 13 13 14 13 12 12
 12 12 13 15 17 18 16 14 14 13 12 13 13 13 12 12 13 13 14 14 15 16 16 16
 16 17 18 17 16 17 18 20 18 16 17 24 32 41 51 58 62 61 57 52 53 54 55 55
 58 58 58 58 59 58 57 56 61 63 65 66 65 64 64 65 66 64 62 62 62 65 67 69
 65 69 70 72 73 73 72 27]"
"[28 29 81 80 81 80 81 79 80 77 79 81 76 75 77 79 76 81 84 78 83 82 79 82
 82 80 78 82 83 80 83 85 82 83 83 86 87 85 86 86 86 88 90 84 80 82 82 83
 83 85 85 84 85 85 77 67 66 54 48 42 32 34 35 26 22 21 22 24 26 24 20 17
 16 19 21 20 18 17 17 17 18 17 16 15 15 15 16 16 16 16 15 15 13 11 10 11
 11  9  9 10 11 11 12 14 10 11 12 14 14 12 11 10 13 12 10 11 12 12 11 10
 11 11 12 13 15 16 14 12 12 11 10 11 12 12 12 12 14 14 14 15 16 16 16 16
 17 18 20 19 18 18 19 20 17 17 21 31 44 54 59 60 52 54 53 54 56 55 53 53
 58 58 58 59 60 60 59 58 59 62 65 65 64 64 66 68 66 65 64 64 65 67 68 68
 68 71 71 73 75 74 74 30]"
"[28 31 78 76 79 80 76 77 78 76 76 78 77 75 74 75 78 75 78 81 80 81 82 78
 77 75 68 69 76 78 77 80 77 77 80 83 83 83 84 82 82 88 88 86 82 84 90 88
 86 89 87 83 82 81 82 87 90 80 74 74 73 77 79 66 65 58 44 34 32 31 28 20
 19 15 26 25 24 20 18 20 20 20 21 18 18 18 15 17 18 19 17 15 16 14 13 13
 12 13 12 11 13 12 13 16 14 15 13 13 15 15 12 11 11 11 11 12 12 11 11 12
 12 12 12 10 11 14 13 11 10 11 11 10 10  9 10 11 12 13 15 15 15 15 15 17
 17 17 19 19 15 16 21 22 24 22 27 41 53 58 57 57 51 50 52 56 56 53 51 52
 55 60 62 62 62 63 62 59 60 61 63 65 65 64 65 67 65 67 67 65 65 67 70 72
 73 73 72 72 73 75 75 29]"
"[27 29 76 74 78 80 76 77 75 73 73 75 76 76 76 76 80 76 77 79 79 81 81 76
 67 70 71 71 75 76 74 74 73 72 75 79 81 82 82 79 76 80 81 79 77 79 83 80
 79 83 86 87 86 83 84 87 95 92 88 86 81 81 83 77 80 80 75 70 66 65 66 62
 57 46 46 35 29 23 19 18 21 21 20 18 20 20 16 18 20 21 20 17 15 16 16 15
 14 15 15 14 14 13 12 14 14 15 13 12 13 13 12 12 11 11 11 12 11 11 10 11
 14 14 13 11 12 13 11  9  9  9  9  9  9 10 10 10 12 12 14 15 15 15 15 16
 16 16 16 16 15 18 24 27 29 33 42 52 58 58 55 53 51 50 51 53 53 51 51 53
 59 59 60 63 66 67 65 62 63 64 65 66 65 65 65 66 64 65 65 66 68 71 72 73
 74 72 70 70 71 72 73 28]"
"[30 29 75 74 76 77 73 73 74 73 72 73 76 78 78 76 80 79 77 77 79 81 81 78
 70 73 74 73 73 75 76 76 73 71 72 76 78 79 77 72 71 74 75 75 74 77 80 76
 74 77 84 88 86 84 85 86 85 86 85 86 85 83 85 84 84 86 84 84 83 81 81 79
 82 76 76 65 57 51 47 46 41 39 32 24 25 22 15 17 20 19 20 19 15 15 17 15
 16 17 17 16 16 15 16 17 16 16 15 14 13 12 13 13 12 11 12 13 13 13 13 13
 13 12 11 11 12 12 10  9 10  9  8  9 10 12 12 12 12 13 14 15 16 15 15 16
 16 17 17 16 17 21 28 35 40 46 54 59 59 56 53 51 50 50 51 53 53 51 52 53
 59 59 60 65 67 67 65 65 63 63 64 65 66 66 66 66 68 66 66 69 72 73 73 73
 74 71 69 69 70 70 71 28]"
"[31 29 76 75 76 75 72 72 76 75 74 73 76 80 80 77 79 80 78 76 79 82 81 80
 75 73 72 71 69 70 73 74 74 71 72 74 75 76 73 69 66 69 70 71 72 74 76 72
 73 72 79 84 82 80 82 82 80 82 80 81 83 80 80 81 82 82 80 83 84 82 82 80
 82 84 89 84 79 75 70 69 67 68 63 56 57 54 48 52 42 33 30 27 18 15 16 16
 15 15 16 17 17 17 17 16 16 15 15 15 14 13 13 12 12 11 12 13 13 13 12 12
 12 11 11 12 13 12 10 10 11 10 10 10 11 13 13 13 13 14 15 16 16 14 14 15
 15 19 19 18 21 25 34 44 53 54 56 57 55 53 52 53 51 51 53 56 57 55 54 55
 57 60 65 67 65 63 63 65 62 61 62 64 65 66 66 66 68 66 67 71 72 71 70 71
 74 71 70 72 72 71 72 29]"
"[29 28 79 79 78 78 76 77 75 76 76 74 76 80 81 79 78 80 78 76 78 79 79 79
 74 71 72 74 70 67 69 73 74 71 71 72 72 74 74 72 67 70 71 72 72 73 75 70
 71 68 72 77 76 74 75 75 77 81 78 78 79 75 75 79 75 76 76 80 82 80 81 81
 85 87 88 87 87 89 84 81 76 80 82 78 77 74 69 73 67 62 61 58 48 42 37 30
 25 24 24 25 23 22 21 16 19 15 15 16 15 15 15 13 14 15 14 15 16 14 13 12
 15 14 13 14 14 12 11 10 11 12 11 11 11 11 12 13 12 14 16 16 15 13 14 16
 15 18 19 21 28 36 45 54 61 55 52 53 54 52 53 55 54 53 54 57 59 58 57 56
 55 61 65 63 61 61 63 64 64 63 63 65 66 66 66 66 64 63 65 69 69 67 67 71
 75 73 73 76 76 74 73 29]"
"[29 29 82 82 79 81 80 79 73 75 75 74 76 79 81 81 80 79 77 77 77 77 77 76
 74 73 75 78 74 68 71 80 75 73 73 72 71 72 74 74 71 73 74 75 74 74 74 69
 67 66 68 72 71 70 70 70 73 76 72 72 75 74 74 75 71 70 68 73 76 75 72 67
 76 79 77 78 80 82 79 79 82 84 86 82 77 75 74 78 76 80 83 81 77 76 69 57
 46 41 38 34 29 29 29 24 23 16 15 17 16 16 17 15 14 15 14 16 16 16 14 14
 15 15 15 15 15 14 13 13 13 13 13 12 11 11 12 13 10 12 14 15 14 13 14 16
 17 18 20 27 39 50 57 61 60 52 49 52 55 54 51 52 56 55 55 56 58 58 57 57
 56 58 59 57 58 62 65 64 65 64 64 65 66 67 67 67 65 65 67 70 69 66 67 71
 75 75 76 78 79 76 74 29]"
"[30 31 83 82 79 81 80 76 74 75 75 75 77 79 81 81 81 75 74 76 75 76 77 75
 73 73 73 76 77 74 75 83 78 76 76 74 71 70 72 72 72 72 71 73 73 72 72 65
 66 68 68 69 70 68 68 70 74 75 71 72 75 74 73 70 73 70 66 69 74 73 68 60
 69 73 71 73 73 73 70 71 74 73 77 76 73 76 80 83 80 81 79 76 75 77 76 73
 69 66 64 61 54 54 54 49 36 28 27 29 26 25 24 19 17 16 16 16 17 16 15 14
 15 17 18 16 15 16 16 15 15 15 14 13 12 12 13 13 11 12 13 14 14 14 15 16
 19 22 30 40 48 55 59 58 55 50 49 53 56 54 51 49 54 54 55 55 56 56 57 57
 58 57 56 57 60 64 66 65 65 64 64 65 66 67 67 68 68 68 70 72 73 71 71 72
 75 75 76 77 77 76 75 29]"
"[29 30 82 80 78 81 80 75 77 77 76 77 78 80 81 81 79 70 70 74 74 75 77 75
 73 74 72 76 84 82 78 80 78 77 77 75 72 71 72 72 74 73 71 73 75 74 73 66
 67 71 70 68 69 68 69 72 67 72 73 73 72 72 74 72 68 68 66 68 71 71 70 65
 66 68 62 67 71 73 68 68 67 65 72 74 70 73 75 74 76 74 73 75 76 72 71 75
 69 71 79 81 75 72 68 59 57 51 51 53 48 44 40 33 31 29 26 25 23 21 19 18
 19 21 21 18 16 16 16 15 17 15 13 12 13 13 13 13 14 13 13 14 15 15 15 16
 18 26 41 51 52 52 52 50 52 51 51 53 54 55 53 51 49 52 55 56 56 56 56 57
 60 59 59 62 64 65 66 67 68 67 66 67 66 66 66 66 68 67 69 72 76 76 75 75
 74 75 74 74 75 76 76 30]"
"[29 27 78 75 78 80 81 79 76 79 81 81 79 78 80 82 79 67 71 80 77 75 78 76
 75 73 73 78 81 79 77 77 75 75 77 81 79 74 72 73 73 74 70 73 76 74 72 68
 70 73 74 71 70 72 72 70 68 71 73 73 71 73 74 71 69 66 67 72 74 70 68 69
 70 66 64 67 67 65 65 67 64 66 66 68 69 66 64 68 72 68 67 72 73 68 65 65
 64 69 71 74 78 79 73 67 74 78 80 73 64 63 63 57 47 50 49 51 47 39 37 35
 33 29 27 26 22 19 19 18 19 17 16 16 16 17 17 14 12 15 16 14 16 17 16 20
 25 42 53 56 53 49 50 50 52 49 49 50 52 56 56 52 50 52 54 57 57 56 56 56
 60 61 61 61 62 64 65 65 68 68 67 67 69 67 65 66 67 68 69 70 73 75 75 73
 75 75 74 74 73 74 77 28]"
"[30 27 78 78 79 77 77 77 79 78 78 78 78 78 79 80 78 72 75 81 77 76 78 76
 74 72 73 77 80 79 77 76 79 75 74 76 77 76 74 73 74 76 73 75 77 75 74 73
 71 73 75 74 72 71 71 71 69 69 72 73 70 68 68 68 67 68 70 72 71 68 67 67
 66 66 66 65 65 66 65 63 63 65 66 66 65 64 64 66 68 64 64 67 68 66 64 64
 60 59 59 61 64 66 66 65 67 71 72 67 62 64 68 67 65 74 74 70 64 59 57 51
 51 45 42 39 35 31 29 27 27 24 22 21 16 13 16 19 17 15 15 14 16 19 23 32
 45 53 55 52 49 47 51 53 53 51 51 53 54 56 58 56 55 54 56 60 60 56 55 57
 60 61 61 61 61 63 65 66 65 67 68 69 70 68 66 65 69 71 73 73 73 73 74 73
 74 75 73 73 72 74 77 29]"
"[30 27 80 81 80 74 73 74 78 75 74 75 77 76 75 75 76 76 79 79 76 76 76 74
 73 72 72 75 78 79 78 76 82 79 76 75 74 74 73 72 73 76 74 75 75 73 73 73
 72 74 75 75 73 71 71 73 72 70 73 76 72 67 67 68 67 69 72 72 71 71 69 68
 68 68 66 63 64 66 64 60 58 63 68 67 63 63 65 65 62 61 61 64 66 65 64 63
 63 59 61 63 62 61 62 61 54 60 64 63 63 64 65 67 67 70 70 70 67 63 62 61
 59 60 63 62 53 45 42 40 38 36 35 33 29 26 25 23 20 13 15 19 21 25 32 42
 54 57 53 50 47 46 51 54 52 51 52 55 54 55 57 58 57 55 57 61 60 56 54 56
 60 62 64 64 64 65 64 64 64 67 69 69 70 69 66 65 67 70 73 73 72 73 75 76
 72 74 74 75 73 74 77 29]"
"[29 29 83 82 80 75 74 74 78 77 76 77 79 79 76 73 74 78 80 77 75 75 75 75
 74 73 73 74 76 78 78 77 78 81 81 78 74 73 73 73 72 75 73 74 75 72 71 70
 74 74 74 73 72 71 73 75 75 72 74 77 75 72 71 72 69 68 68 69 70 71 69 66
 71 68 65 63 64 65 65 65 58 61 67 68 65 64 63 59 58 60 61 63 64 65 63 60
 62 60 65 67 62 60 59 54 47 54 58 60 61 59 57 59 63 58 55 59 63 62 63 65
 61 65 72 73 66 59 56 54 55 54 50 42 38 41 42 38 32 24 26 30 32 37 42 48
 49 51 48 46 45 43 48 51 50 49 52 56 55 54 55 56 55 54 56 59 60 57 55 57
 63 65 66 66 66 66 65 62 66 69 70 69 70 70 68 67 66 68 70 71 72 74 76 78
 74 76 76 78 76 76 78 28]"
"[28 30 85 83 81 78 78 77 77 79 79 78 80 82 79 74 78 81 81 79 77 75 76 79
 77 76 75 74 74 75 76 76 74 79 82 79 75 74 75 76 74 74 70 71 74 74 73 71
 73 75 75 73 73 75 75 73 74 72 72 74 74 75 75 73 70 66 64 65 66 65 64 63
 68 66 63 63 65 66 68 68 65 61 63 67 67 65 61 53 59 61 62 61 61 62 60 56
 57 57 62 63 59 60 60 54 49 53 53 54 57 56 55 57 55 52 50 48 52 58 59 58
 58 56 56 58 58 58 57 55 59 61 60 52 45 46 48 47 47 38 37 38 39 44 46 46
 46 49 45 42 39 38 44 49 50 49 53 58 59 57 57 56 55 56 57 58 59 60 59 59
 66 66 66 65 67 69 68 65 66 69 69 69 71 71 70 71 71 70 69 70 72 74 75 75
 78 79 78 79 77 77 78 29]"
"[29 31 85 83 82 80 81 80 79 81 81 80 80 83 82 79 83 85 84 82 80 77 78 82
 81 80 79 78 76 74 74 74 76 79 80 78 77 77 77 76 76 74 68 69 74 75 75 74
 72 75 77 75 75 77 75 71 73 72 72 72 73 76 76 72 67 65 64 65 65 63 64 66
 63 65 65 64 65 67 66 63 65 64 65 66 65 64 63 61 63 64 63 59 58 59 58 56
 55 57 61 62 60 62 60 54 50 51 51 52 55 57 56 56 54 52 54 54 53 54 53 56
 58 54 51 52 53 56 58 57 52 50 53 55 51 45 44 46 49 44 44 43 46 50 46 42
 44 48 46 44 41 40 44 47 49 48 53 59 62 61 60 57 55 57 59 59 60 62 62 60
 62 65 67 68 71 74 71 66 66 67 67 69 72 73 72 73 73 70 68 70 73 74 75 74
 80 79 76 75 74 75 78 29]"
"[29 29 84 83 83 81 82 83 84 84 84 85 86 86 86 87 87 87 86 83 80 79 79 79
 83 83 85 85 81 76 75 76 81 81 80 80 80 79 78 76 78 78 73 73 76 75 76 75
 73 75 77 76 76 76 74 72 73 73 73 73 73 75 76 72 67 67 67 67 67 67 67 66
 61 63 65 65 65 64 62 59 63 65 65 62 62 63 65 68 66 66 63 60 58 58 59 58
 54 56 59 60 60 59 55 51 49 51 53 55 57 58 58 54 52 49 55 58 56 51 48 53
 51 50 51 51 50 52 55 54 53 44 42 46 45 41 43 48 47 46 48 49 54 55 48 44
 42 48 48 47 47 46 48 47 48 49 54 60 62 63 61 57 56 57 59 61 63 63 62 61
 59 63 67 69 71 73 71 66 69 67 65 68 71 71 71 74 72 71 70 72 74 74 75 76
 79 78 74 74 74 76 78 29]"
"[30 28 82 83 83 80 81 83 83 81 83 87 88 85 85 87 89 89 88 84 80 80 79 76
 84 85 89 91 87 80 77 78 80 81 82 83 83 81 80 79 81 83 81 81 81 77 76 75
 75 75 76 76 75 73 73 74 72 72 73 73 72 73 74 71 70 70 69 68 69 69 65 59
 60 59 62 67 67 62 60 61 65 66 61 57 62 66 64 62 65 64 63 60 59 59 60 59
 57 56 55 56 58 56 53 53 53 54 57 57 56 58 59 54 51 52 58 58 57 56 50 49
 51 48 48 49 50 54 55 53 51 45 45 46 42 37 40 45 48 47 47 47 52 53 47 47
 44 49 48 47 49 50 51 48 48 50 55 60 62 63 61 56 57 57 60 64 66 64 62 62
 61 64 65 63 64 68 69 68 74 69 64 66 68 68 69 73 74 74 74 75 75 74 75 77
 79 78 74 76 76 78 80 30]"
"[30 28 81 82 82 79 80 80 83 80 80 87 86 85 91 87 88 88 85 82 82 82 82 85
 89 89 89 90 90 85 81 81 82 83 85 86 83 81 81 83 82 80 81 82 83 77 77 78
 78 78 77 75 74 75 75 75 75 73 73 74 74 71 69 69 70 69 68 70 70 67 64 62
 61 65 67 68 69 63 60 63 64 64 65 64 63 65 65 60 65 65 66 65 63 62 62 59
 58 54 57 60 59 59 58 53 56 55 56 56 55 56 55 52 49 52 55 56 57 56 54 52
 53 47 47 51 54 53 53 52 51 46 47 46 40 40 44 43 42 42 45 50 52 50 47 46
 41 43 46 47 48 50 51 50 53 53 56 59 59 58 60 62 60 62 64 64 61 60 61 64
 62 64 64 64 66 69 70 68 66 71 73 70 68 70 73 73 74 72 74 76 76 76 77 77
 80 78 77 79 80 83 81 30]"
"[30 28 82 82 81 78 79 81 82 80 81 87 86 86 91 89 87 86 84 83 84 83 84 86
 88 89 88 88 90 89 86 84 84 85 85 86 84 83 84 86 86 82 81 80 82 78 79 79
 79 80 82 81 79 78 78 79 77 76 76 77 77 73 69 68 73 70 68 67 67 65 64 64
 62 67 69 70 71 68 64 66 67 67 66 63 60 61 63 61 64 65 66 66 65 65 64 60
 58 57 60 63 62 61 61 58 56 55 56 56 56 57 57 55 52 53 54 55 55 56 55 54
 51 50 52 52 51 52 54 52 52 48 49 48 43 42 45 42 41 43 46 50 53 52 49 46
 41 42 43 44 48 52 53 52 55 54 55 57 59 60 60 60 63 64 65 65 64 63 64 65
 64 66 67 68 69 72 72 70 65 70 73 73 72 72 74 74 75 73 75 77 76 77 79 80
 78 79 79 78 78 81 79 28]"
"[29 29 83 82 81 78 80 82 82 81 83 86 83 83 87 86 87 86 85 86 87 85 84 87
 89 90 87 85 88 89 86 84 84 83 84 85 85 86 87 88 86 83 83 80 81 79 81 81
 81 82 85 87 85 81 81 83 82 80 79 80 80 77 73 71 72 71 70 70 70 68 66 65
 67 71 72 72 72 71 69 70 68 69 69 64 58 59 62 62 64 65 67 67 66 66 64 60
 57 58 62 64 62 62 62 60 57 55 56 58 58 58 58 57 55 54 54 54 55 55 55 55
 52 54 55 53 51 54 56 52 50 47 48 48 44 44 44 40 38 43 47 49 52 54 51 47
 45 45 44 44 47 50 53 54 55 55 56 58 59 60 61 61 63 63 63 64 64 63 63 64
 65 67 69 70 70 72 70 67 64 68 71 73 73 73 74 76 77 74 75 76 75 77 79 80
 77 79 80 78 77 80 79 28]"
"[29 29 83 82 82 80 82 83 82 82 85 87 83 82 85 85 89 88 87 88 87 84 84 88
 91 91 87 84 86 86 84 82 82 81 82 83 86 87 87 87 82 82 85 81 82 80 83 84
 82 81 83 87 86 82 81 83 87 84 82 81 81 80 79 78 73 72 73 74 73 71 69 69
 72 75 76 73 71 71 72 73 68 70 71 67 61 60 62 62 65 65 66 67 66 66 64 60
 58 59 61 62 63 62 61 59 57 56 57 60 60 58 57 55 55 56 56 56 55 54 54 54
 55 55 54 51 51 55 55 50 48 45 46 46 44 44 43 39 40 46 50 50 51 55 53 49
 49 49 49 47 46 48 52 56 56 54 54 59 62 61 60 60 64 64 64 65 65 65 65 65
 69 71 73 73 73 72 70 68 66 67 69 72 73 73 75 78 78 75 74 74 73 75 77 77
 76 79 80 78 77 82 81 29]"
"[29 29 83 82 83 81 83 83 80 83 87 89 86 86 87 88 89 89 88 88 87 83 83 88
 92 91 87 86 85 83 82 84 84 83 82 83 84 86 86 85 80 80 83 81 83 83 86 86
 84 80 80 83 85 84 82 83 88 85 83 81 81 81 81 81 77 76 75 75 74 73 73 74
 76 78 79 76 71 70 72 73 70 71 73 70 66 64 64 63 66 66 66 66 64 65 64 61
 61 61 61 63 65 65 62 58 57 55 56 58 57 56 55 53 56 57 57 57 55 54 54 56
 56 53 51 50 49 51 51 49 48 46 46 45 44 45 44 41 47 52 54 52 52 55 55 51
 50 49 48 47 47 50 54 57 58 52 53 60 65 62 58 58 62 63 64 65 65 64 64 65
 68 70 72 72 72 72 70 69 70 70 72 74 74 74 76 79 78 75 74 74 73 75 77 76
 77 79 79 77 78 83 82 29]"
"[29 29 82 82 83 82 83 82 80 83 89 89 87 87 85 87 89 90 89 89 87 84 85 90
 93 92 89 87 85 81 80 84 90 88 85 83 84 86 86 86 84 80 80 80 86 87 89 88
 88 84 82 84 87 87 87 87 87 85 84 83 82 82 80 79 79 79 80 81 79 76 75 75
 76 79 81 79 73 71 73 73 76 75 74 72 68 68 68 67 68 68 69 67 65 65 66 64
 64 65 64 64 68 68 64 60 57 55 56 56 55 56 56 54 59 58 57 57 55 54 57 61
 56 54 53 52 48 47 49 49 49 49 47 45 45 45 44 43 47 50 51 50 52 55 55 54
 52 49 46 47 50 53 54 55 57 56 59 64 64 59 58 61 60 61 63 64 64 63 63 64
 64 66 68 69 70 71 71 70 73 74 76 78 78 76 75 76 78 76 75 75 75 77 79 78
 79 79 78 77 79 83 82 28]"
"[29 29 84 83 83 81 82 81 81 84 88 87 86 86 82 85 88 89 89 88 88 87 88 91
 92 92 91 88 87 84 82 84 90 89 87 85 85 87 88 87 88 83 83 84 90 89 90 89
 90 88 87 87 89 91 92 92 87 87 86 85 84 83 81 80 78 81 84 86 85 80 76 75
 76 76 79 80 75 74 76 77 80 77 75 73 71 71 72 71 71 73 74 72 68 67 68 67
 65 69 68 67 69 68 64 62 59 59 60 59 58 60 60 56 63 61 58 57 56 56 58 62
 58 56 55 54 52 51 52 51 49 51 50 46 46 46 46 45 46 47 47 49 51 53 54 55
 54 51 49 50 52 54 55 57 58 60 63 64 61 58 59 63 62 63 65 67 67 66 66 66
 66 67 69 71 72 73 74 75 75 76 78 80 79 78 76 75 77 75 75 75 75 79 81 80
 79 79 79 80 81 84 81 29]"
"[29 31 86 84 83 81 81 81 81 84 88 87 87 88 84 86 86 88 87 86 87 87 87 89
 89 92 91 89 89 89 88 88 86 87 87 87 87 89 89 88 88 86 89 90 92 88 89 91
 89 90 89 89 89 90 93 95 89 89 89 87 86 85 84 83 80 81 84 86 84 80 78 78
 76 73 76 78 75 75 80 81 81 78 76 75 73 73 74 73 74 76 79 77 71 69 69 68
 66 72 72 69 69 67 64 64 62 64 66 65 64 66 64 58 66 62 59 59 58 57 59 61
 60 57 55 55 56 57 56 52 49 52 51 48 47 48 48 48 51 49 49 51 52 51 52 53
 53 53 53 54 54 55 59 63 61 60 58 58 60 63 62 59 61 62 65 67 68 67 66 65
 67 68 70 72 72 73 74 74 75 77 79 80 80 79 78 77 77 75 74 74 75 79 82 80
 79 79 80 82 83 84 81 30]"
"[29 28 85 83 82 83 84 85 87 87 86 86 88 89 88 85 86 87 87 87 87 88 89 89
 87 90 92 93 93 93 91 89 88 88 87 88 88 88 88 88 89 88 88 89 91 92 90 87
 89 89 88 87 88 90 89 88 90 86 86 88 87 88 89 86 81 79 81 84 84 79 78 81
 76 74 75 78 80 80 80 78 79 78 76 78 80 77 75 76 77 80 79 75 71 71 71 70
 68 71 70 73 71 65 67 67 65 65 65 67 68 66 61 57 62 65 63 56 54 57 60 63
 61 59 57 57 56 56 55 55 51 52 52 50 49 47 47 48 48 47 49 52 50 47 50 55
 57 58 58 57 56 58 61 65 60 61 59 57 59 63 64 62 61 61 63 67 69 68 66 64
 69 71 70 68 68 72 75 75 75 77 77 76 77 80 81 79 76 75 76 78 78 78 80 83
 83 80 80 81 84 83 84 29]"
"[29 28 86 84 83 83 84 85 84 85 84 85 87 90 90 89 88 88 88 87 86 87 89 90
 92 93 94 95 94 92 89 87 86 87 87 88 88 88 88 88 88 89 91 91 92 91 89 88
 87 88 88 89 90 90 88 84 86 84 86 87 87 88 88 85 82 82 85 87 86 83 82 83
 82 78 77 79 80 79 78 76 78 78 79 80 81 76 73 75 76 79 79 77 75 75 74 71
 66 70 71 74 72 67 69 70 65 65 66 67 68 66 63 60 63 65 64 60 59 59 60 61
 62 61 61 59 56 54 54 55 55 54 52 50 48 47 47 47 48 49 50 49 49 51 55 58
 63 62 60 57 55 56 59 61 58 59 60 59 60 63 65 65 65 65 64 65 66 67 67 68
 66 69 70 70 70 72 74 75 76 76 77 76 76 78 79 80 78 76 76 78 79 79 80 82
 84 82 82 81 83 82 83 28]"
"[28 28 87 85 83 82 83 83 85 85 85 85 87 89 90 90 91 91 89 87 87 89 90 91
 95 93 92 93 94 93 91 90 86 87 88 89 88 88 88 88 89 90 92 93 94 93 91 89
 88 88 88 89 91 92 88 84 85 85 87 89 88 89 89 86 84 86 88 90 90 88 86 86
 86 80 79 81 81 79 78 77 78 80 81 81 80 75 72 75 80 81 81 79 79 78 74 70
 68 72 73 75 71 66 67 69 66 67 68 69 68 65 63 62 63 65 64 64 64 63 60 60
 62 64 65 64 61 57 58 59 58 57 54 52 51 50 49 48 48 51 51 49 51 55 58 58
 64 63 63 61 58 57 58 59 58 60 63 63 63 64 65 67 68 67 66 65 65 67 70 73
 67 70 73 74 73 72 72 73 76 76 77 78 78 77 78 80 77 75 76 79 81 82 82 82
 84 82 82 83 84 83 83 28]"
"[28 29 88 86 84 83 83 83 87 87 87 88 88 90 91 91 95 93 90 88 89 91 92 93
 95 92 89 88 90 93 94 94 87 88 89 90 90 90 89 89 92 91 91 92 95 96 94 90
 90 89 88 88 91 92 90 87 86 87 88 89 88 89 88 86 85 86 87 88 89 90 88 86
 84 81 81 83 82 80 80 80 80 82 82 81 79 75 74 76 79 79 78 77 77 76 72 67
 73 75 76 75 71 67 67 68 66 68 70 70 68 66 64 64 62 63 64 66 67 64 62 63
 62 64 66 66 64 61 61 61 58 57 56 56 56 55 53 50 49 52 54 53 55 58 58 55
 60 61 62 62 60 60 60 61 61 63 66 68 66 64 65 67 67 66 66 65 67 69 72 74
 71 72 75 76 75 73 73 74 75 76 77 79 79 78 79 79 77 76 78 81 83 83 82 81
 81 80 82 84 87 86 85 28]"
"[29 29 88 88 86 86 86 86 87 87 88 89 90 91 92 93 97 94 90 88 89 92 93 93
 94 92 89 86 88 93 94 92 89 88 88 90 92 93 92 90 93 92 91 91 93 94 93 91
 91 90 88 87 90 92 91 89 88 89 89 86 86 86 85 84 85 84 84 84 87 89 88 85
 84 83 85 86 83 81 81 81 80 81 81 81 80 77 76 79 77 77 78 78 79 78 74 71
 73 74 76 77 76 74 71 71 68 70 73 72 70 67 67 67 64 64 64 66 66 63 62 65
 69 67 66 66 66 65 63 63 57 56 55 57 59 59 56 53 51 53 55 57 59 59 57 55
 58 60 61 61 59 58 60 62 63 64 68 70 68 65 65 68 66 65 65 65 67 71 72 72
 73 73 74 75 76 75 74 75 75 76 76 76 77 80 81 79 80 80 81 81 81 81 81 81
 83 80 81 84 89 88 87 29]"
"[28 28 87 87 87 88 88 89 88 88 89 90 91 90 90 90 96 94 90 88 89 91 92 93
 91 91 89 88 90 93 93 90 89 88 88 90 93 95 94 92 91 93 93 91 89 89 91 92
 92 92 91 90 91 93 92 89 90 92 90 86 86 86 84 84 88 86 84 84 87 90 89 86
 88 89 90 88 84 82 82 81 78 79 80 80 81 80 78 80 77 78 80 81 81 79 76 73
 72 72 76 78 80 80 75 73 74 76 77 75 71 68 67 67 67 68 67 67 66 64 63 66
 71 68 64 64 65 66 66 66 58 56 54 55 58 59 57 56 54 54 55 59 60 60 59 59
 57 60 63 63 61 58 57 57 62 63 66 68 68 67 68 70 69 68 66 66 68 72 73 73
 74 74 74 74 74 74 74 73 76 76 75 73 76 81 83 81 80 81 81 80 80 81 83 84
 86 82 82 83 87 87 87 29]"
"[29 27 86 86 87 88 89 90 90 90 90 91 91 89 88 88 92 92 91 89 88 90 93 95
 90 88 88 91 93 92 91 91 90 89 89 91 94 95 94 93 90 93 95 93 89 89 91 94
 93 94 94 93 93 94 93 91 91 95 93 89 90 90 87 87 93 90 87 87 89 90 90 88
 90 91 91 87 83 84 84 81 79 81 82 82 82 81 81 83 79 80 80 80 79 78 75 73
 76 75 78 78 80 81 76 74 77 78 78 75 71 68 68 69 71 72 71 69 68 66 65 66
 65 63 61 61 63 65 65 65 62 59 56 56 58 59 59 57 55 55 56 59 60 61 61 63
 59 62 65 66 65 62 60 58 62 63 64 66 68 69 70 71 71 71 69 68 69 72 74 74
 72 74 75 75 75 75 74 73 76 76 76 76 78 81 83 83 78 80 80 80 81 82 84 86
 86 83 83 84 87 86 86 29]"
"[30 28 86 86 87 89 90 90 90 89 89 91 91 90 89 89 88 91 92 90 88 89 94 98
 93 88 88 92 93 89 88 90 92 91 91 92 94 95 94 93 91 94 96 95 93 93 94 95
 93 94 94 93 93 93 93 93 92 97 95 92 95 94 91 90 95 92 90 90 90 90 89 89
 90 91 90 85 83 86 87 83 84 86 85 83 83 83 84 87 85 84 82 81 81 81 80 80
 80 78 79 77 78 81 77 78 75 76 75 74 71 71 72 73 73 75 74 72 71 69 66 66
 63 64 65 66 67 66 65 65 64 61 58 58 60 61 60 59 55 56 58 59 61 62 63 64
 66 65 64 64 65 66 67 68 64 64 64 65 68 70 71 71 70 71 71 69 70 72 74 73
 66 71 75 76 77 79 78 76 76 76 78 81 82 82 82 83 78 80 82 82 82 83 82 81
 83 82 84 86 88 86 85 29]"
"[29 29 92 92 89 90 90 90 91 87 88 88 87 86 87 93 90 90 88 88 88 90 93 96
 91 87 89 89 88 88 87 89 93 96 95 96 97 94 91 94 93 96 96 93 91 93 94 92
 93 93 91 89 92 96 96 92 94 94 94 93 93 94 91 89 95 93 91 89 88 89 90 90
 93 93 91 89 89 90 88 86 88 88 86 84 84 85 85 84 80 82 84 83 83 82 81 80
 81 81 78 75 77 78 78 79 77 75 74 73 74 74 74 74 75 75 74 73 70 66 65 65
 65 64 65 67 68 66 65 66 66 64 62 62 61 61 61 62 59 58 60 63 64 62 62 64
 65 65 63 61 62 65 66 65 66 65 65 65 65 66 69 72 68 70 70 69 70 73 74 71
 69 71 75 79 78 76 77 80 79 80 81 79 76 78 81 81 82 82 83 83 83 83 82 80
 83 85 87 88 87 84 86 28]"
"[29 30 95 95 92 92 91 92 93 88 88 88 89 89 87 90 90 90 89 88 89 91 94 96
 92 90 91 88 86 90 91 91 94 95 95 95 96 94 92 91 94 94 94 92 92 92 93 93
 93 93 92 91 92 95 95 92 92 94 96 95 94 93 91 90 92 91 90 90 89 88 88 90
 92 92 92 91 90 89 87 85 89 88 87 86 85 83 83 82 83 83 83 83 82 81 79 77
 79 80 79 78 79 79 77 77 76 75 74 73 73 74 74 74 74 74 74 73 70 66 65 66
 65 64 64 65 65 64 65 67 66 65 65 66 66 64 63 64 65 62 60 58 57 57 58 60
 62 60 59 58 58 60 62 63 67 66 65 66 66 67 68 70 71 72 73 73 73 74 73 72
 73 75 77 78 76 75 77 80 80 81 83 80 77 78 80 80 82 83 83 83 83 84 83 82
 82 86 87 86 85 83 87 29]"
"[29 30 95 94 91 90 90 90 93 89 89 90 93 94 90 89 89 91 90 88 89 92 95 95
 93 93 93 86 85 92 93 91 94 94 96 95 94 94 93 90 95 93 91 91 91 91 91 92
 97 97 96 95 94 95 94 92 91 94 96 96 94 92 92 91 90 90 91 92 91 87 87 89
 91 91 91 91 89 87 86 86 90 89 89 88 86 83 81 81 82 81 81 83 84 82 80 79
 79 80 79 77 76 76 76 78 76 76 75 74 73 73 74 74 74 74 74 73 70 67 66 66
 64 64 65 66 66 66 69 72 66 65 66 68 67 64 63 65 67 64 59 55 55 58 61 62
 65 63 62 62 61 61 64 68 69 67 65 66 68 69 70 70 72 72 74 76 76 74 73 73
 76 78 79 77 76 75 76 77 77 78 81 80 78 79 81 80 82 83 84 84 86 86 86 85
 83 87 86 85 88 87 88 29]"
"[28 29 92 91 87 88 87 87 93 92 94 93 94 95 90 88 89 91 90 88 89 93 95 94
 94 94 94 89 89 95 94 90 92 94 97 96 92 93 95 91 95 94 92 91 90 90 90 91
 97 98 98 96 94 94 94 93 93 95 95 95 93 92 93 94 92 91 93 95 93 89 88 90
 92 90 89 90 90 89 88 89 90 92 93 91 88 86 83 81 81 80 82 86 86 84 82 82
 81 82 80 77 76 74 75 78 79 79 77 76 74 74 74 76 75 75 74 72 69 67 67 67
 65 66 68 69 69 70 71 72 67 66 66 68 66 63 63 66 66 62 58 56 58 63 65 65
 66 65 64 64 64 64 67 70 69 67 65 66 69 71 72 72 71 71 73 74 75 74 75 76
 76 78 78 77 77 78 77 74 75 77 80 81 79 80 82 81 81 82 84 85 87 88 88 87
 86 87 84 86 92 91 89 28]"
"[29 28 90 88 87 90 90 89 94 95 97 93 90 90 88 89 89 91 91 88 89 93 95 93
 94 92 94 94 95 98 94 89 90 93 97 96 91 92 94 91 93 95 94 91 89 91 92 92
 96 97 98 97 96 96 97 97 97 96 95 93 93 93 95 96 95 93 94 95 95 93 92 93
 94 91 90 92 93 92 91 90 90 95 97 94 90 89 86 82 85 84 85 87 86 84 83 84
 83 84 84 83 81 77 76 78 81 80 79 76 75 75 76 78 76 75 74 71 70 69 69 69
 70 70 71 71 70 70 68 68 67 66 67 68 66 63 64 67 66 62 57 56 60 65 65 63
 65 66 66 65 65 67 68 69 68 67 67 68 71 73 72 71 71 72 73 72 73 76 78 79
 75 76 76 75 77 80 79 75 78 79 82 83 81 81 82 82 82 83 83 83 84 87 88 88
 88 87 84 87 92 89 88 29]"
"[ 29  28  89  88  88  94  95  94  92  93  95  90  87  89  90  94  91  92
  92  90  91  94  95  94  91  89  93  95  96  97  92  87  89  93  97  96
  92  91  92  91  89  94  95  90  88  90  93  93  94  96  98  96  94  94
  96  97 100  97  95  94  94  94  96  98  95  94  94  95  95  95  95  95
  94  92  92  94  96  95  91  88  92  97  99  95  91  91  89  86  89  87
  87  87  86  85  86  88  87  87  85  84  82  80  79  81  82  80  78  77
  77  78  79  79  77  76  74  72  72  73  73  72  73  72  71  70  70  70
  69  68  66  66  68  68  67  64  64  66  67  63  59  59  62  65  66  64
  66  68  68  66  66  69  70  69  68  70  72  73  74  74  73  71  74  75
  75  74  74  77  80  80  76  76  74  74  78  82  81  78  78  79  81  83
  82  83  84  84  86  85  84  82  84  86  88  89  88  87  87  89  87  84
  88  30]"
"[29 28 90 89 89 95 96 95 90 89 90 89 89 92 93 96 93 93 94 94 95 96 96 95
 91 90 94 94 94 94 91 88 89 93 96 96 95 92 90 92 91 94 95 91 88 89 91 92
 91 93 94 94 92 91 92 93 98 97 96 95 95 94 95 96 93 95 95 95 95 96 96 95
 96 95 94 95 97 97 93 89 94 97 98 96 92 89 89 91 90 89 89 89 90 90 90 89
 90 88 84 82 82 80 81 84 83 81 79 78 79 80 80 80 80 78 76 74 75 77 76 74
 71 72 72 70 70 71 71 71 67 68 69 67 65 65 65 65 66 63 62 63 65 66 67 68
 64 66 68 67 66 66 68 69 71 74 76 75 75 75 75 74 77 76 76 77 78 78 79 80
 77 76 76 76 79 82 82 80 77 77 79 82 81 83 85 85 87 87 86 86 87 88 89 89
 86 87 90 90 86 86 92 29]"
"[29 30 92 90 89 93 94 92 90 87 89 91 94 95 92 93 94 95 96 97 98 98 96 96
 95 95 98 95 93 95 93 91 89 93 95 96 98 94 91 93 96 97 96 94 91 88 89 91
 90 93 96 97 95 95 97 98 96 95 96 97 95 93 93 94 92 95 97 95 95 96 96 95
 98 98 97 96 97 98 97 94 97 96 96 96 91 87 89 93 92 91 91 92 94 94 91 87
 88 86 83 83 84 82 81 83 84 82 80 80 81 82 81 79 82 80 78 77 78 79 77 73
 70 72 73 71 70 70 70 70 71 72 70 66 64 64 65 65 63 62 63 66 66 65 65 68
 66 67 69 70 68 66 68 72 73 76 76 74 72 73 75 77 77 75 76 80 81 78 77 78
 76 77 79 80 82 82 82 81 78 77 79 81 80 81 83 84 84 85 88 90 91 91 89 87
 85 86 91 92 88 93 97 26]"
"[29 29 93 93 92 94 93 92 89 89 91 94 96 96 94 92 94 95 96 97 97 97 97 97
 97 97 97 97 96 95 95 95 91 93 95 97 95 94 93 95 97 97 97 97 95 93 93 93
 94 95 96 97 96 94 95 98 96 97 97 96 96 93 91 94 94 97 99 96 94 95 96 96
 96 95 94 96 98 97 95 96 95 95 96 96 95 93 92 93 93 91 90 91 93 93 91 89
 88 85 83 83 85 85 85 86 85 82 82 83 81 79 80 84 86 81 77 77 79 79 77 74
 72 72 73 75 72 68 67 69 74 72 69 66 65 65 66 66 65 63 65 65 65 65 63 65
 64 66 69 71 71 72 73 74 73 73 73 72 72 72 75 78 78 76 76 79 80 77 76 76
 76 76 80 83 82 82 83 82 78 78 79 81 84 85 83 82 84 85 85 86 89 89 87 86
 87 90 92 92 91 91 93 30]"
"[29 30 94 94 92 93 94 95 92 91 92 95 97 97 95 93 93 95 97 97 97 97 97 97
 95 96 97 98 98 97 96 96 91 93 95 98 98 98 97 97 97 96 95 94 93 94 97 99
 94 95 97 99 98 96 96 97 97 98 97 96 96 93 92 95 97 98 96 93 93 95 97 97
 95 96 96 97 98 94 90 90 94 95 96 97 96 95 95 96 94 93 92 93 94 93 90 88
 88 87 85 84 84 86 88 88 86 83 82 82 81 79 80 84 85 82 79 79 80 80 78 76
 77 74 72 73 73 72 70 69 74 74 73 72 70 69 67 66 64 64 67 65 64 63 61 62
 64 66 68 70 72 72 71 72 70 71 73 74 74 75 77 80 78 77 77 78 79 79 78 77
 79 78 80 81 80 81 82 82 82 81 80 81 83 85 86 87 87 87 86 87 90 90 88 89
 89 90 93 94 93 91 92 29]"
"[ 28  30  95  94  90  91  92  95  96  93  92  95  99  98  96  95  92  94
  96  97  97  96  95  95  91  93  96  98  99  97  96  95  93  93  95  98
 100 101  99  97 101  97  91  87  85  88  93  99  96  96  97  99  99  97
  96  96  97  97  96  95  95  94  94  96  97  97  96  95  96  98  98  97
  95  97  98  98  97  94  92  92  94  95  97  98  97  96  96  97  96  95
  93  93  93  90  86  84  85  88  89  88  88  90  89  87  90  87  86  86
  84  82  82  83  83  81  80  80  80  79  78  78  80  78  75  74  74  74
  73  71  75  76  76  75  74  71  68  66  63  66  69  66  64  65  63  63
  65  65  67  71  72  71  70  71  71  72  74  75  75  75  76  77  79  80
  79  77  78  81  81  80  80  79  80  81  80  80  81  81  81  82  83  85
  86  86  87  87  90  89  88  89  92  91  90  91  92  92  94  96  95  92
  92  29]"
"[ 28  30  95  95  91  90  91  94  96  91  89  93  98  98  96  96  94  95
  97  97  97  96  95  94  90  94  98 100  99  97  95  94  95  95  95  96
  98  99  97  95  96  96  96  95  94  94  94  96  97  96  96  97  98  98
  98  97  97  97  95  93  94  94  95  98 100  99  98  97  98  98  97  94
  98  99  98  96  96  96  97 100  98  97  98  98  98  97  96  95  98  96
  95  94  93  91  89  88  86  89  92  92  91  90  89  88  88  87  87  87
  85  82  80  79  81  80  79  80  80  79  78  77  79  81  80  76  73  74
  74  74  75  76  76  74  72  70  68  67  65  68  71  67  64  66  65  65
  65  64  67  71  73  71  70  72  75  74  73  74  74  74  74  74  82  83
  80  76  76  82  84  82  79  79  81  83  82  81  81  80  80  81  83  86
  86  85  85  85  90  90  89  92  94  92  90  92  93  93  94  95  94  92
  93  30]"
"[ 30  30  95  96  94  93  93  95  94  90  88  92  96  97  96  96  98  97
  97  98  98  98  97  95  93  97 101 102 101  98  96  95  96  96  95  94
  95  96  95  94  95  97 100 102 102  99  97  96  96  96  96  97  99 101
 100  99  99  99  97  94  95  96  98 101 104 102  99  97  95  95  95  95
 100 100  98  95  95  96  98 102 100  99  98  99 100 100  98  96  98  96
  95  95  96  96  96  96  94  93  92  92  90  87  89  92  88  88  88  88
  86  84  82  81  82  80  79  80  81  80  78  77  75  80  82  78  75  75
  75  75  73  74  74  73  72  71  70  68  69  72  73  67  64  66  66  65
  65  65  68  72  72  70  70  74  74  72  72  74  76  77  75  74  82  83
  81  76  77  82  84  82  79  79  81  84  83  82  82  81  82  82  83  84
  84  84  85  87  88  89  89  92  95  93  91  92  92  94  94  91  89  91
  93  29]"
"[ 30  29  94  97  95  95  94  95  93  92  91  94  96  98  98  97  99  97
  96  97  98  99  98  97  96  99 102 103 101  99  97  97  96  96  95  94
  95  97  97  96  98  97  97  98  98  98  97  97  95  96  98 100 103 104
 102  99 101 103 101  98  98  98 100 103 101 100  99  99  99  98  98  98
  99 100  98  97  98 100 100 101 102 100  99 100 102 103 102 100  99  98
  96  96  97  97  97  98  98  95  94  95  92  88  89  93  92  92  90  88
  87  87  88  87  85  82  80  81  82  82  80  79  76  79  81  80  79  79
  78  75  72  73  73  73  74  73  72  70  71  72  73  67  66  69  68  68
  65  66  69  72  71  69  71  74  73  72  74  77  80  80  78  75  79  80
  80  79  79  81  81  80  81  80  81  83  82  82  83  83  83  82  83  86
  87  85  85  86  86  88  89  90  93  94  92  93  94  96  96  92  90  93
  95  29]"
"[ 29  28  92  95  94  94  93  94  94  95  96  96  97  98  98  97  97  97
  96  96  97  97  97  97  97  98  99 100 100 100  99  98  96  96  95  94
  96  99  99  98  96  96  98 101 103 102 100  98  98  99 101 103 104 104
 101  97 100 103 103 100 100 101 102 105  97  97  98 101 103 103 102 101
  99 101 100 101 104 105 103 102 102 102 101 100 102 105 105 103 102 100
  98  98  98  98  96  96  98  97  97  98  96  93  92  93  93  93  91  87
  86  87  88  88  87  84  82  82  82  82  81  81  79  81  82  82  82  81
  78  76  75  74  74  74  74  75  74  72  70  71  72  69  68  71  69  69
  66  68  71  73  72  72  72  74  74  75  77  81  82  81  79  77  78  78
  79  81  81  81  80  80  83  81  82  83  81  82  84  84  83  82  83  87
  89  87  86  86  87  89  88  87  90  93  94  95  96  98  98  96  96  97
  96  29]"
"[ 30  28  92  95  93  93  92  93  94  97  99  97  96  97  97  96  97  97
  97  97  96  96  97  97  97  96  96  97 100 101 100  99  97  97  95  95
  97 101 100  97 102 101 100 101 102 101  98  96 102 103 103 102 103 102
  99  96  97 101 103 101 101 101 103 105 100  98  97  99 102 103 102 102
 102 103 103 104 107 108 104 101 102 103 102 101 102 104 105 104 102 101
 101 102 102 101  99  97  99  98  97  96  96  96  97  97  95  96  95  90
  87  88  88  87  87  85  82  81  81  81  81  82  80  82  83  83  80  78
  76  75  78  76  74  72  73  74  73  72  70  70  71  69  69  71  67  65
  66  69  72  74  75  75  75  75  75  76  79  81  81  81  80  81  79  77
  78  81  82  80  81  83  84  82  83  84  82  82  83  83  85  82  81  84
  86  87  88  89  89  90  87  84  87  92  96  97  97  96  98 100 101 100
  97  30]"
"[ 30  28  94  95  96  95  95  95  96  97  97  96  96  97  97  96  95  95
  95  95  95  97  97  97  96  97  98 100 102 101  99  99  98  97  97  99
 101 102 101 101  99  96  97 101 103  99  95  94  98 100 102 103 101  98
  96  95  98  97  98 100 101 102 103 103 103 103 101 102 103 103 102 103
 104 105 105 105 105 105 105 104 104 105 105 104 104 105 105 104 101 101
 103 106 105 100  99 100  99  98  97  97  97  98 100 102  98  98  96  94
  92  90  89  88  89  88  87  86  85  83  83  83  83  81  80  81  81  81
  78  76  77  75  72  73  74  74  73  72  74  73  72  71  70  69  67  66
  69  70  72  75  76  77  78  79  77  78  80  81  81  81  81  80  78  81
  81  80  82  83  83  84  84  85  86  87  87  87  84  81  83  87  89  87
  87  88  88  86  86  92  86  84  89  91  96  98  95 100  99  98  98 102
  97  28]"
"[ 30  29  95  95  95  93  95  96  98  97  97  97  97  95  95  96  93  93
  93  94  95  95  96  98  96  96  98 100 101 101  99  98  98  97  96  98
 100 101 101 100 100  96  96  99 100  98  96  97  96  97  99 100 100  99
  97  97  96  95  95  98 101 102 102 102  97  98  99 101 102 102 101 101
 103 104 105 105 106 106 105 104 106 105 103 101 101 103 104 104 101 102
 104 105 104 100  99 101 101  99  98  97  97  97  99 100  97  97  96  95
  94  94  93  93  89  88  89  89  89  88  87  86  83  82  81  81  81  80
  79  78  76  74  71  69  69  70  73  75  75  75  73  70  70  70  71  70
  72  72  73  75  77  77  78  79  78  79  79  79  79  79  77  76  79  80
  80  81  84  84  83  84  87  86  86  86  88  87  85  83  85  87  89  89
  89  89  89  88  82  92  91  89  90  92  95  94  98 100  99  95 100 102
 107  31]"
"[ 29  29  97  96  94  92  94  96  98  96  96  97  96  93  93  96  95  94
  95  97  97  96  96  98  96  97  99 101 102 101  99  98  99  99  98  99
 100 101 101 102 101  98  97 100 101 100  98  99  96  97  99 101 102 102
 101 100 100  97  96  99 102 101 100 100  98  97 101 103 100 101 102 100
 103 104 105 106 107 107 106 105 106 105 102 100 100 102 103 103 102 104
 105 105 103 101 101 101 102 102 102 101 101 100 100  99  97  97  97  96
  96  96  96  95  92  92  91  91  90  89  87  87  87  85  84  82  82  82
  82  82  79  77  75  72  69  70  74  78  79  79  76  71  70  73  75  76
  75  75  75  76  77  78  78  78  79  78  77  78  79  79  78  76  80  80
  80  82  85  84  83  85  87  85  83  85  88  89  88  87  87  88  89  90
  90  90  90  91  89  93  92  91  92  95  99  97  93  99  99  94  93 113
 154  30]"
"[ 29  30  97  97  95  92  94  96  98  96  96  96  95  94  96  99  99 100
 101 102 101  98  97  96  96  98 101 103 102 100  99  99 101 102 101  99
  98  99 101 103 103 101 101 103 103 101  99  98 100 101 102 104 106 105
 103 101 103  99  99 102 104 102 100 101 100  99 102 103  99 101 104 102
 103 103 104 105 107 108 108 107 105 105 104 102 102 103 103 103 105 106
 106 105 104 104 103 102 102 103 104 105 105 104 102  99  97  97  97  96
  96  97  97  96  96  95  93  92  90  88  88  89  92  90  87  84  84  84
  84  84  82  81  80  78  76  75  77  79  82  82  78  73  72  75  78  79
  75  76  76  76  76  77  78  78  79  78  78  78  79  80  80  80  81  81
  80  82  84  82  82  85  87  84  83  86  89  90  91  91  89  88  88  88
  88  89  91  94  94  92  93  95  95  94  96  95 102  96  97 103 139 179
 187  29]"
"[ 29  29  97  97  97  94  94  95  97  97  96  95  95  97 100 102 101 104
 104 102 100 100  98  96  97 100 103 104 101  97  97  98 101 102 102  98
  96  97 101 104 103 102 102 102 102 101  99  97 101 102 103 105 106 105
 102  99  98  97  98 101 103 102 101 102  97  96 101 103  99 102 107 105
 102 102 103 104 106 108 108 107 104 106 106 104 103 104 104 104 107 108
 107 105 104 105 104 102 102 103 105 105 105 104 102 100  98  98  97  96
  97  98  97  96  96  96  95  94  92  91  92  94  96  92  88  85  84  84
  84  83  82  80  79  80  80  81  81  81  81  81  78  74  72  75  78  78
  72  74  75  75  75  77  79  80  81  81  80  79  78  79  80  81  81  81
  80  81  82  80  81  86  88  87  86  87  88  89  90  91  88  87  87  87
  88  89  91  94  95  93  95  95  95  96  99 101  90 101 116 153 181 187
 186  27]"
"[ 29  29  96  97  98  95  95  95  96  97  97  95  95  98 100 101 101 104
 103  98  97  99 100  98 100 102 105 105 101  97  96  98 100 102 101  98
  96  98 102 105 103 103 101  99 100 101 100  99 100 100 101 104 105 104
 100  97  96  96  97  98 100 100 100 100  97  98 103 104 103 105 106 104
 101 102 103 104 105 107 107 106 104 105 106 104 104 105 107 107 109 108
 107 105 105 105 104 102 104 106 106 104 103 104 103 102 102 102 100  99
  98  98  97  96  95  96  97  97  95  94  94  95  97  94  89  86  84  84
  83  83  85  81  79  79  81  82  81  80  79  78  75  73  73  75  76  77
  73  74  75  75  76  79  81  81  79  80  81  80  78  78  80  81  81  81
  80  80  81  80  82  87  85  86  87  87  87  88  89  90  87  87  87  88
  89  90  92  93  96  95  96  95  98 102 100 100 108 129 166 188 186 185
 178  29]"
"[ 30  28  95  96  97  96  96  96  97  97  97  97  97  97  97  98 100 102
 101  97  96  97  99  98 102 103 105 105 102  99  98  99 101 102 101  99
  98 101 103 104 103 102 100  97  98 100 101 100 100 100 101 103 104 103
  99  96  99  98  97  97  98 100 100  98 102 104 105 105 105 106 105 102
 103 104 105 106 107 107 106 105 103 104 105 104 105 108 109 109 110 109
 108 107 106 105 104 103 106 108 108 105 104 104 105 104 106 105 103 102
 101 100  99  97  97  97  98  98  97  95  95  95  96  95  91  88  85  84
  85  86  87  84  81  81  81  81  80  80  79  76  73  74  76  77  78  79
  77  77  75  75  77  80  81  79  76  79  81  82  81  80  81  82  81  82
  80  79  81  82  83  85  83  86  88  86  86  89  91  91  88  89  89  88
  89  92  94  94  95  95  98  99 102 101  98 105 141 179 187 185 182 177
 179  31]"
"[ 29  28  94  95  96  95  97  97 100  99  99 102 101  97  95  96  99 100
 100  98  97  95  95  96 101 101 102 103 103 101 100 100 103 103 101  99
 100 103 103 102 102 102  99  97  97 100 101  99 101 101 101 103 104 102
  99  97 101 100  98  96  98 101 101  99 104 106 105 103 104 105 103 102
 104 106 108 108 108 108 106 105 103 104 104 106 108 111 111 109 111 111
 110 109 107 105 104 105 104 108 109 107 106 106 106 105 105 104 103 102
 103 104 103 102  98  97  96  97  98  98  97  97  94  94  92  89  85  84
  85  87  85  84  83  83  82  81  81  82  80  76  73  75  79  80  81  83
  81  79  75  74  76  80  78  74  77  79  83  84  83  82  82  82  83  83
  80  79  81  83  83  83  86  90  91  88  87  90  92  91  91  91  90  87
  89  93  96  97  97  94  97  99  99  99 115 148 178 186 183 184 183 180
 184  27]"
"[ 30  29  96  94  92  92  98 101  97  99 102 103  99  96  97 100 100  99
  98  97  97  97  97  97  97 100 102 101 100 101 102 103 102 102 103 103
 102 101 102 104 100  97  96  99 101 100 100 101 101 105 102  99 104 105
 102 101 102 102 101 100 102 104 104 102 104 104 105 104 104 104 102 100
 102 103 103 104 106 108 109 109 105 104 103 104 104 105 108 111 109 111
 111 110 110 107 105 105 106 105 108 109 107 108 109 106 105 105 106 108
 107 105 104 105 100  98  98  99 100 100  97  95  97  95  93  89  84  85
  88  89  86  83  82  85  85  82  81  82  78  77  76  76  79  82  82  81
  82  77  77  75  77  81  75  74  75  79  82  83  84  86  86  83  83  82
  83  84  83  81  83  87  88  89  90  90  90  92  92  91  88  90  88  90
  92  95 101  96  96  98  96  96 100 131 165 185 187 190 188 185 185 184
 182  29]"
"[ 29  28  96  96  95  94  97  97  98  98  99  99  98  97  97  99 100  99
  98  97  97  97  98  99  99 101 103 102 102 103 103 103 102 103 103 102
 102 102 103 103 103 102 100 101 103 104 103 102 101 105 101  97 101 102
 101 103 103 103 104 104 105 105 104 102 104 105 104 104 104 104 103 102
 104 104 104 104 105 107 108 109 104 102 102 104 106 106 106 106 109 110
 109 108 109 107 105 105 104 105 109 111 110 111 111 106 106 107 109 111
 110 106 105 105 105 104 104 105 105 103 101 100 100  98  96  93  89  89
  89  88  88  84  84  86  86  83  80  81  78  79  79  78  78  79  80  80
  81  78  77  76  78  80  78  77  77  80  81  82  85  88  88  86  83  84
  87  89  88  86  86  88  89  90  90  90  89  89  89  90  90  95  90  87
  92  98 100  98  99  97  99 120 150 180 187 184 179 183 183 183 184 185
 184  30]"
"[ 30  28  97  98  99  98  99  97  99  97  95  96  97  97  97  97  97  97
  96  95  96  96  97  98  96  98 100 102 102 103 103 103 100 102 102 102
 102 102 102 102 103 103 102 101 102 105 104 102 104 107 103  98  99 100
 101 105 105 104 104 106 106 106 104 104 107 107 107 105 104 105 106 106
 106 106 105 104 104 105 108 109 108 104 102 104 107 108 106 105 110 110
 108 108 109 109 108 108 103 106 110 113 113 113 112 108 108 109 111 112
 111 108 106 107 108 107 107 106 105 104 103 103 105 101  98  96  93  92
  92  89  89  86  86  87  87  84  81  81  81  82  82  80  76  75  75  76
  75  76  76  80  82  82  83  81  79  80  80  81  83  86  86  84  84  86
  89  90  90  89  89  89  90  89  90  91  91  89  90  93  93  90  94  93
  89  93  97  96  94  94 124 167 181 184 184 181 180 183 183 183 184 185
 185  30]"
"[ 30  28  97  99 100 100 102 100 100  97  95  95  97  98  98  97  96  95
  96  96  98  98  98  97  95  97  99 101 101 101 100 100 100 100 101 103
 102 101 101 103 101 103 103 101 101 103 105 104 107 109 106 101 101 102
 103 106 107 104 103 104 104 104 104 106 109 110 109 106 105 105 106 106
 108 108 107 105 104 106 109 111 113 108 104 105 107 108 107 107 110 110
 108 109 112 113 112 112 107 110 114 116 116 116 114 111 109 110 111 112
 111 110 110 112 110 110 109 107 105 104 106 108 110 103  98  96  95  96
  96  93  90  88  86  87  87  85  83  82  83  84  83  81  78  76  75  75
  75  77  74  77  78  79  83  81  82  82  82  82  83  85  83  81  86  88
  89  89  89  90  91  92  92  89  90  93  93  92  93  97 101  95  96  92
  91  99  97  92 100 129 170 190 177 177 183 181 185 187 186 185 183 185
 185  30]"
"[ 29  28  98  99  99  99 101 101  99  97  96  97 100 101 101 100  99  98
  99 101 104 104 101  98  98  99 101 101 100  98  97  98 101 100 102 105
 103  99  99 103 104 104 105 104 102 102 104 106 106 107 106 104 103 104
 104 104 107 104 103 103 103 103 104 106 108 109 108 105 103 103 104 104
 110 110 109 106 105 106 109 111 111 108 105 105 106 106 107 108 110 110
 109 110 113 114 113 113 112 115 116 116 117 117 115 113 111 112 113 113
 113 113 114 115 113 114 113 112 109 108 110 112 111 104  99  98  98  99
  99  97  91  89  87  86  86  85  84  83  81  81  81  80  81  81  80  78
  74  73  65  62  64  71  82  85  83  85  86  86  86  86  85  83  87  87
  87  87  88  91  93  94  93  90  90  94  95  93  94  97  95  97  96  95
  99  93  93 118 146 179 191 183 178 185 183 184 184 185 186 186 184 185
 185  29]"
"[ 29  30 100 101  99  96  98  98  96  96  97  98 100 103 103 102 100 100
 101 104 107 106 102  99  99  99 100 101 100  99  99 100 102 101 102 104
 102  98  98 102 105 106 106 105 102 101 102 104 104 105 106 106 105 105
 105 104 105 104 104 104 104 104 104 105 105 106 106 105 103 103 103 103
 109 109 108 106 104 104 106 107 106 106 107 108 107 105 106 107 111 112
 111 112 114 114 112 112 114 117 115 113 114 114 113 113 111 112 114 115
 115 115 115 114 114 115 116 116 113 110 110 110 110 104 102 102 102 102
 101  98  94  93  90  87  86  86  85  83  81  79  78  79  81  82  80  77
  70  65  57  53  54  61  75  83  84  84  85  86  88  88  87  86  85  85
  85  87  89  91  93  93  92  89  89  94  96  96  96  98  97  98  98  98
  97  98 127 173 186 190 184 184 185 183 178 185 181 183 186 188 186 187
 187  29]"
"[ 29  30 101 101  98  95  96  96  96  97  98  98 100 102 101 100  98  99
 101 103 105 105 103 101 100  99  99 100 102 102 102 102 102 103 103 103
 102 100 100 101 104 106 105 103 101 102 102 102 103 104 105 106 104 104
 105 104 104 105 105 105 105 106 105 105 105 106 106 105 104 104 104 104
 108 108 108 106 104 104 104 105 105 107 111 111 108 105 105 108 111 113
 113 113 114 113 111 112 113 115 112 110 111 111 110 111 112 113 114 115
 116 117 116 115 114 115 116 116 114 111 110 110 109 105 104 106 105 102
 101  99  98  97  95  92  90  90  87  84  81  80  79  78  79  78  76  74
  71  62  57  54  52  54  65  80  89  86  84  85  87  89  89  87  85  84
  85  87  90  90  91  93  90  89  90  94  97  97  98 100 100  95  91  94
 106 138 175 188 185 182 183 187 182 183 184 185 183 184 187 189 186 187
 187  29]"
"[ 28  29  98  98  96  93  96  96 100 100 100  99 100 101 100  98  96  98
 100 103 105 105 105 105 104 101  99 101 103 103 103 102 103 105 105 102
 103 105 104 102 103 106 105 102 103 106 106 102 103 103 105 104 102 102
 104 104 104 105 105 104 104 106 106 105 105 106 106 105 105 105 105 105
 108 109 109 108 106 105 105 105 106 109 113 112 108 104 105 108 110 113
 113 113 114 112 111 112 112 114 111 108 110 111 109 111 115 115 114 115
 116 118 118 117 118 117 117 117 116 114 114 114 111 108 107 108 106 103
 102 101 101 101  99  96  95  94  90  86  81  81  81  79  78  77  76  75
  69  56  55  55  53  54  67  91  97  91  86  84  87  90  90  88  88  86
  86  88  90  90  91  93  90  90  92  95  96  96  96  98  98  93 101 132
 162 182 190 181 181 183 181 184 183 185 182 181 183 183 185 186 183 186
 187  30]"
"[ 30  28  96  95  96  97  97  98 102 103 102  99  98  97  96  96  98  98
 101 102 102 104 106 104 104 101  99 100 101 103 103 104 103 104 100  98
 102 105 104 105 101 103 103 104 107 110 108 104 104 105 105 105 104 104
 103 103 101 105 108 108 108 109 109 107 109 107 105 106 107 107 106 104
 109 109 109 108 106 105 106 107 106 110 111 110 109 107 106 107 110 109
 109 111 113 114 112 110 112 113 114 115 114 110 109 111 114 114 114 115
 117 119 119 118 118 117 117 118 119 117 117 117 115 111 109 110 109 105
 104 106 103 102 101  98  93  95  89  87  80  75  68  63  64  72  78  77
  67  54  54  54  54  58  69  91  99  94  87  86  88  88  88  87  84  85
  86  87  89  91  93  92  92  92  94  95  87  95  97  89  92 103 137 171
 179 179 182 182 183 183 183 182 183 184 184 183 185 185 186 190 187 188
 189  27]"
"[ 29  28  97  95  96  97  98 101 103 104 103  99  97  96  96  97  99  99
 100 101 100 101 104 104 101 100  99 101 103 103 104 104 100 101 100  99
 102 104 103 101 100 102 104 105 107 109 108 105 105 105 105 105 105 104
 104 104 103 104 105 107 110 112 110 106 104 105 106 106 105 105 105 106
 107 109 110 108 105 104 105 105 106 110 111 110 109 108 107 109 109 108
 108 109 111 112 111 111 114 116 115 113 112 111 111 113 116 117 116 115
 118 121 121 119 118 118 118 119 120 118 117 116 115 113 112 113 112 109
 108 109 106 104 102 101  96  95  87  82  73  63  55  49  48  57  71  77
  66  55  56  55  52  53  61  81  93  93  88  87  87  86  89  84  85  86
  87  89  90  92  93  94  94  95  97  97  91  93  91  91 117 144 172 181
 179 180 182 182 184 185 185 185 185 186 185 184 186 187 187 190 189 191
 191  30]"
"[ 29  29  98  97  96  98 100 103 103 106 105 102  99  97  96  98  96  98
  99  99  98  98 100 102  98  98 100 102 103 102 102 102 101 100 100 100
 101 102 101  98  98 100 103 104 105 106 106 104 104 105 106 105 104 104
 105 106 105 103 102 105 111 114 111 105 102 105 107 106 105 105 107 107
 107 110 111 108 105 104 104 105 108 111 111 110 110 109 109 111 108 109
 109 109 109 110 111 112 113 116 115 111 111 113 115 116 116 118 118 117
 119 123 122 119 118 119 119 119 119 118 116 115 116 116 116 116 115 113
 112 111 110 109 105 107 101  96  87  78  70  58  52  48  42  48  64  76
  65  56  56  55  51  50  54  68  84  88  82  80  79  79  86  82  86  87
  88  90  92  93  94  95  93  99  97  97  99  93  97 133 170 182 182 177
 179 180 179 182 182 184 185 186 187 187 188 187 190 191 189 190 191 192
 190  30]"
"[ 29  29  99  97  96  97  99 102 102 105 106 104 102  99  97  97  96  98
 100 100 100  99  99 100  99 100 101 104 103 101 101 102 103 101 101 101
  99 101 101  96  96 100 103 104 104 104 103 103 103 104 106 105 104 104
 105 107 105 102 100 103 109 113 110 106 103 105 107 106 107 108 108 107
 108 110 110 107 105 105 106 107 109 111 110 108 109 109 110 111 110 110
 111 110 109 110 112 114 111 114 114 113 113 114 115 117 115 118 120 120
 120 121 120 118 118 120 120 119 119 119 117 115 118 119 120 119 117 116
 115 114 113 112 107 110 105  98  88  76  67  57  54  50  41  43  59  71
  67  58  56  55  53  52  52  60  66  69  60  60  62  66  81  84  90  89
  89  91  92  94  95  96  99  96 103 102  92 110 144 179 183 185 181 179
 182 180 178 185 184 186 187 187 187 187 187 187 192 194 190 190 192 192
 188  28]"
"[ 29  28  98  96  96  96  96  98 102 103 102 101 102 100  97  96 101 103
 103 103 104 101  99 100 101 100 102 104 104 102 102 105 103 101 102 103
 101 101 100  96  97 101 104 105 104 103 102 102 103 105 106 106 104 104
 104 105 105 103 102 103 106 108 108 107 104 106 107 107 108 109 109 108
 109 110 109 106 105 107 109 109 109 109 108 108 111 111 110 109 110 111
 111 111 110 111 114 117 114 115 115 115 115 113 113 116 119 120 122 123
 121 119 118 119 121 122 122 121 120 121 120 118 120 122 123 122 120 120
 119 117 115 114 110 112 107 101  88  76  66  58  54  49  39  42  58  70
  70  64  60  58  56  54  55  60  61  56  45  47  50  56  73  82  94  94
  93  92  93  95  96  96  96  95  98  97 110 160 184 175 177 181 183 182
 182 182 181 180 182 184 186 187 188 190 192 193 192 195 191 190 193 194
 190  29]"
"[ 30  29  98  97  97  97  96  96 102 102  99  98 100 100  98  97 104 105
 102 102 103 100  97  99  99  97  97 100 101 101 102 105 101 100 102 104
 104 103 101  98  99 102 105 105 104 102 101 102 105 105 105 105 104 104
 104 104 106 105 105 104 104 105 107 109 106 107 108 109 109 109 110 111
 110 109 108 107 107 108 109 110 109 110 110 112 116 115 112 109 109 110
 110 110 111 113 115 118 117 117 117 118 117 115 115 119 124 123 123 123
 121 118 118 121 123 123 123 122 121 122 122 122 121 122 123 122 122 122
 122 121 118 116 115 115 110 107  88  73  67  63  57  51  43  45  58  72
  72  69  64  60  56  54  57  61  59  49  41  45  49  54  67  80  95  97
  97  94  93  95  96  95  97  92 101 141 177 187 180 181 183 180 181 181
 179 181 181 175 181 183 185 186 188 191 194 196 194 196 193 192 193 195
 191  29]"
"[ 30  29  98  97  97  97  97  98 101 101  98  98 100 100  98  97 101 103
 101 100 102  98  95 100  99  96  94  97  99  98 100 102 100 102 103 105
 107 106 102 102 102 103 104 105 104 103 102 103 104 103 102 102 102 103
 103 104 105 105 106 105 104 105 107 110 108 106 106 109 110 110 110 112
 111 110 110 111 110 108 109 111 110 112 112 112 115 114 111 109 109 109
 109 110 112 113 115 116 117 118 119 118 118 117 117 120 122 121 120 121
 121 120 120 121 122 122 122 122 121 121 122 123 123 122 122 122 123 123
 123 123 121 119 122 119 115 113  85  66  63  62  57  52  47  46  57  73
  74  71  65  60  57  56  58  59  48  37  37  43  50  55  63  77  88  96
 100  96  93  95  96  95  93 115 148 182 185 180 181 179 178 178 183 186
 183 180 182 182 187 188 188 187 186 187 188 189 194 195 193 193 192 194
 192  28]"
"[ 28  28  98  96  96  97  97  99  99  99  98  98 100  99  96  94  97 101
 101 102 105 100  97 102 103  98  96  98 100  99  99 101 103 105 104 105
 108 107 104 105 105 105 105 105 105 104 104 105 102 100  99  99 101 103
 104 104 103 104 105 105 105 106 108 111 110 104 101 106 111 112 110 109
 112 111 113 115 113 108 108 110 110 111 109 108 109 108 107 107 110 109
 109 110 112 114 114 114 115 119 120 118 117 117 115 115 117 117 118 119
 121 123 121 118 122 121 121 122 121 121 122 124 125 124 123 123 124 123
 124 124 124 120 126 121 118 116  82  59  60  59  54  49  48  47  60  81
  78  73  64  60  60  60  59  56  47  37  40  45  51  56  59  72  81  93
 101  97  92  94  96  95 123 160 180 189 181 178 184 180 182 184 184 184
 185 186 185 186 187 188 188 187 187 188 189 190 190 190 191 193 191 195
 194  29]"
"[ 30  28  98 100 101  98  97 101 100 100 103 104 100  96  95  95  97 100
 102 104 105 102 100 101 103 102 100 102 104 102 100 102 102 104 105 105
 108 108 106 105 105 104 106 104 105 106 105 105  99 100 100  99 101 104
 105 104 103 104 105 106 108 107 106 109 108 104 103 104 104 104 106 107
 111 113 114 115 114 112 111 110 109 110 110 111 110 109 110 111 113 115
 117 116 113 112 113 115 114 116 117 118 117 117 117 117 117 117 119 121
 123 122 121 121 123 122 121 121 120 119 120 122 124 124 123 123 125 124
 125 128 127 123 127 124 121 123  94  71  61  59  53  49  52  44  58  83
  79  71  63  60  59  57  54  49  43  41  42  47  51  55  61  68  75  90
 102  98  92  90 115 142 178 182 181 181 180 180 182 179 180 182 185 186
 187 186 186 187 188 188 188 189 189 190 193 196 193 195 195 193 196 198
 195  29]"
"[ 29  29 100 101 102  99  98 100  98  97 100 101  98  97  99 100 101 102
 103 105 105 101  98  99 100 101 102 104 104 100  98  99 101 102 103 104
 106 107 106 107 109 107 107 103 102 105 104 104 102 101 101 102 105 107
 105 102 104 104 104 106 108 107 106 108 106 103 103 105 103 103 106 107
 110 112 113 112 111 112 111 108 110 110 109 110 110 111 112 114 114 115
 116 115 114 114 114 114 112 113 115 116 116 117 117 118 119 118 118 120
 122 123 122 122 121 121 122 122 121 119 120 122 118 122 125 125 124 124
 125 127 128 125 132 130 130 124  99  74  62  59  53  48  47  44  62  86
  79  71  64  62  60  57  50  42  40  40  42  48  51  54  60  66  67  85
  96  90  95 117 148 172 177 180 179 181 182 182 184 181 183 184 186 187
 187 187 187 187 189 190 192 193 193 192 192 193 193 195 196 194 196 195
 193  28]"
"[ 28  29 101 102 103 101  99 100  98  96  96  98  99 101 103 103 102 103
 103 103 104 100  97  96  96  99 101 103 103 100  98 100 104 104 103 104
 106 105 105 107 108 108 109 104 103 105 102 100 104 104 105 106 108 109
 106 103 104 105 104 105 107 106 105 106 108 106 108 108 106 105 108 110
 110 113 113 111 111 114 113 110 112 110 110 110 112 113 115 116 115 116
 115 114 115 116 116 113 113 113 114 115 116 117 119 120 120 118 116 118
 121 123 123 122 121 123 124 124 122 120 121 123 123 126 127 126 124 124
 125 126 127 125 130 128 127 115  98  76  66  59  55  49  46  47  67  89
  83  75  67  60  55  52  48  43  40  41  46  52  56  58  62  65  66  79
  88 102 131 163 176 179 176 178 177 180 183 183 185 184 185 185 186 187
 187 187 186 186 187 190 193 194 194 194 194 192 194 195 196 195 196 194
 192  28]"
"[ 28  30 101 102 104 104 101 100  98  97  98 100 100 102 104 104  99 102
 102 100 101 100  97  95  96  99 100 101 102 100 100 103 104 103 103 105
 107 105 104 106 107 108 109 106 106 109 104 100 104 106 109 109 108 107
 106 106 105 106 106 106 106 105 105 107 111 109 109 110 107 106 109 112
 111 113 113 111 112 115 115 113 113 112 111 113 115 116 117 118 116 117
 116 115 116 119 118 114 115 115 115 116 117 118 119 119 119 117 116 118
 121 123 123 123 122 123 125 125 123 122 123 124 125 125 125 125 125 126
 127 126 126 125 127 131 129 114  97  74  72  61  57  54  47  47  65  86
  84  80  73  62  51  47  48  47  42  41  45  54  61  63  63  64  64  78
  95 135 168 183 182 177 178 178 176 180 183 183 186 185 185 185 186 186
 186 187 187 187 188 191 193 192 192 194 195 194 194 195 196 197 198 195
 193  29]"
"[ 29  30 101 101 104 105 102 100  97  99 103 104 101 101 103 103  96 101
 101  98  99 102  99  96 100 101 101 101 102 101 101 103 100 100 102 105
 107 105 103 105 106 105 106 103 106 111 108 105 104 105 107 107 105 104
 105 106 107 109 110 108 108 107 108 110 110 107 106 107 106 106 109 111
 113 112 111 112 114 114 115 116 114 112 111 113 115 117 118 118 116 118
 118 117 118 120 119 116 115 116 116 117 117 117 117 117 119 119 120 121
 123 123 123 124 121 122 122 122 122 123 124 124 125 122 124 126 125 125
 125 123 129 129 126 132 126 114  96  74  74  63  61  57  46  42  57  85
  83  81  77  68  56  51  50  49  46  42  44  54  65  67  64  62  63  76
  92 148 180 179 181 180 180 179 177 180 182 183 186 187 186 186 186 186
 187 187 188 188 192 194 194 192 192 194 195 194 195 195 196 197 199 197
 194  30]"
"[ 29  30 101 101 103 104 102 101  99  99 101 102 102 103 102  98  96 101
 101  98 100 102 101  99 101 103 102 103 104 104 102 103 100 102 104 107
 108 105 102 103 100  99 102 103 106 109 106 105 106 104 102 103 105 105
 105 104 108 112 112 110 110 109 110 113 111 107 107 108 108 109 112 114
 114 112 112 113 114 113 114 117 114 111 109 110 113 116 117 118 116 117
 118 119 119 119 118 117 116 116 117 117 117 117 118 118 120 121 122 123
 123 122 122 122 121 121 121 121 122 124 125 125 127 124 125 126 124 125
 128 126 129 134 133 137 126 113  95  74  70  65  63  59  46  40  55  94
  87  81  75  69  62  57  54  50  47  39  40  52  64  65  60  58  60  67
  80 139 179 178 181 178 180 180 177 179 180 182 186 186 187 187 187 187
 187 187 188 188 192 193 194 193 193 194 195 195 196 196 196 195 198 197
 194  29]"
"[ 29  30 102 102 102 101  99 101 102  99  98  99 101 103 102  98  98  99
  99 100 102 101 101 103 101 103 103 103 105 105 104 104 104 107 108 109
 109 106 103 102  97  98 104 107 108 108 105 106 109 106 103 105 107 107
 106 105 110 113 113 111 112 112 113 115 113 110 110 111 111 112 115 117
 116 115 114 114 114 113 114 116 114 112 111 112 115 117 117 117 118 118
 120 121 121 119 117 117 118 118 118 117 117 118 120 122 122 122 123 124
 123 121 121 122 123 124 124 122 123 125 126 126 126 124 125 124 124 129
 128 119 105 110 115 123 123 117  94  67  65  66  62  57  49  44  55  97
  94  82  71  67  64  60  56  52  45  36  36  50  61  59  54  53  52  57
  76 129 172 177 179 179 179 181 180 179 179 181 185 185 186 187 187 188
 187 188 189 190 190 191 193 193 194 194 195 196 195 197 196 195 196 196
 194  28]"
"[ 28  30 103 103 101  98  98 100 100 101 102 100  96  98 102 103  99  97
  98 102 104 100 101 106 104 106 105 103 103 103 103 104 105 108 110 109
 110 108 105 104 103 104 109 111 110 109 109 114 111 109 108 109 110 109
 109 109 112 114 113 112 114 115 115 116 113 110 111 112 111 111 113 115
 116 116 116 113 112 113 114 114 116 115 116 118 120 120 118 117 122 121
 122 125 125 121 119 119 119 119 118 117 117 118 122 125 124 124 124 124
 123 122 122 123 125 127 126 124 123 124 125 125 128 126 126 125 124 127
 115  93  72  61  60  71  97 109  91  57  64  66  60  53  50  46  50  90
  97  83  71  67  64  59  55  51  49  40  41  55  64  60  55  56  54  50
  70 117 167 179 180 182 180 184 183 182 181 182 186 185 186 187 188 189
 189 190 191 193 192 192 193 193 193 192 193 195 194 197 197 194 195 196
 194  29]"
"[ 29  27 104 103 101  97 108 105 108 112 111 108 106 108 113 113 105 103
 106 110 113 107 107 107 111 105 106 107 105 110 113 107 109 109 108 109
 111 112 111 112 108 110 107 109 118 120 115 114 110 109 110 113 114 112
 111 111 112 114 112 111 115 121 119 113 114 112 117 120 122 112 111 113
 117 120 117 117 118 118 120 116 116 120 120 123 131 127 117 113 119 119
 121 124 127 127 125 122 120 118 122 120 120 123 122 126 126 126 128 128
 124 123 123 123 130 127 129 123 121 126 125 130 129 125 128 126 125 120
 106  83  66  57  47  49  68  87  81  61  65  67  61  55  50  49  51  90
 101  82  69  69  67  65  64  56  55  49  43  49  58  61  60  54  51  46
  64  96 154 178 180 180 182 185 185 186 186 185 187 186 188 188 189 189
 189 189 191 192 192 192 193 194 194 194 194 195 195 195 196 195 195 196
 194  29]"
"[ 29  30 115 118 119 115 120 116 113 118 119 119 118 118 120 118 118 118
 122 123 126 123 124 124 124 120 121 123 122 124 125 119 120 122 122 124
 126 124 120 119 129 133 132 130 132 129 122 117 118 122 123 121 124 131
 133 131 128 130 130 130 130 130 129 127 130 126 129 135 142 137 136 136
 135 136 132 133 136 137 138 132 131 136 136 137 140 137 130 131 135 138
 141 142 141 139 138 137 132 131 134 132 130 131 128 130 126 128 129 128
 127 127 130 134 136 133 135 129 126 130 127 130 134 128 129 127 125 120
  99  77  61  57  51  48  53  63  66  60  64  65  65  57  52  51  55  85
  93  82  74  74  70  66  63  54  48  45  44  52  60  60  58  54  57  55
  66  93 154 179 178 179 183 185 185 186 186 184 187 187 188 189 190 190
 189 189 190 190 189 190 192 194 195 195 196 196 195 195 195 194 195 196
 194  28]"
"[ 29  29 119 121 122 121 123 121 120 122 121 122 123 122 124 122 122 124
 127 126 128 127 130 130 127 125 125 128 130 130 129 128 123 127 130 134
 138 137 134 133 137 139 139 135 133 134 134 133 128 133 133 129 131 137
 140 137 138 138 140 143 142 139 137 138 139 135 137 139 144 142 140 138
 145 145 142 143 146 148 148 143 141 145 145 144 147 146 145 147 142 146
 150 151 149 147 146 147 144 144 147 146 146 146 144 144 146 148 148 149
 153 152 150 151 148 147 151 148 149 152 150 152 155 151 156 157 151 131
  93  62  55  51  48  46  46  51  59  63  66  66  67  57  54  54  62  88
  97  88  79  76  71  66  63  55  48  46  46  56  64  64  62  59  58  59
  61  82 144 177 176 178 182 185 185 186 185 184 187 188 189 190 191 191
 190 189 190 190 189 191 193 195 196 195 195 195 197 196 196 195 198 199
 195  29]"
"[ 30  29 122 121 120 121 122 124 126 126 123 124 126 126 127 125 123 124
 127 125 125 124 127 129 127 127 125 127 132 131 130 132 130 132 133 136
 139 139 137 137 136 137 139 138 136 136 137 135 131 132 134 136 137 137
 138 138 140 138 139 143 145 142 139 139 138 140 142 142 141 139 140 141
 142 145 145 145 145 146 147 145 147 148 146 145 149 151 151 152 148 149
 150 152 153 153 151 150 145 146 149 149 150 151 151 152 152 154 153 155
 162 161 153 152 153 154 158 156 155 156 155 156 159 157 162 166 165 136
  98  66  57  51  48  47  45  46  52  56  63  66  65  56  56  57  64  92
 103  91  79  75  71  66  63  56  51  47  44  52  63  67  66  60  56  59
  57  71 130 178 184 183 182 185 186 187 187 185 188 189 190 191 191 191
 191 191 191 191 192 193 195 196 196 196 196 196 199 197 197 197 200 201
 197  30]"
"[ 29  29 125 124 123 123 123 126 126 125 123 126 129 129 129 126 126 126
 128 126 126 122 126 130 131 131 129 130 133 132 130 134 134 135 134 134
 136 137 137 138 141 138 139 141 139 137 136 135 136 135 138 143 144 142
 141 142 142 142 142 144 145 143 141 139 142 147 150 149 144 144 145 148
 143 144 147 146 146 148 147 147 152 152 150 148 149 151 152 152 155 153
 153 153 155 155 153 151 152 153 152 153 153 153 155 156 154 157 155 154
 159 159 157 159 159 161 163 160 157 157 157 158 161 161 160 162 163 124
  93  60  59  54  51  48  43  41  46  51  53  62  57  55  54  53  53  82
  93  85  76  75  72  65  61  58  55  52  47  52  61  68  68  61  51  54
  54  63 109 170 187 180 183 186 187 190 189 188 189 189 190 190 190 190
 192 193 193 193 194 195 196 196 196 197 199 200 198 196 196 197 200 202
 197  30]"
"[ 28  29 124 124 122 121 122 125 126 125 121 123 127 129 130 128 126 125
 127 126 126 123 127 130 130 133 132 132 134 132 131 134 131 132 132 133
 136 137 138 140 142 139 137 138 140 140 140 140 141 141 142 144 145 144
 142 141 142 144 146 146 144 143 143 144 146 150 150 149 145 145 144 145
 147 145 147 147 149 151 149 149 152 154 153 150 148 149 152 153 154 154
 154 153 152 152 152 153 155 155 152 152 152 152 155 154 158 159 155 153
 158 160 159 160 158 161 162 160 158 159 160 161 158 162 162 164 165 123
  89  59  60  54  51  49  43  41  46  52  60  67  59  59  57  54  50  75
  80  79  75  74  68  60  59  60  58  57  53  57  63  67  69  64  57  59
  61  66  98 163 188 181 183 186 187 189 189 188 189 188 188 189 189 191
 192 193 194 194 195 196 196 195 195 196 198 199 198 196 197 197 200 202
 197  29]"
"[ 30  31 122 123 122 121 123 124 129 128 122 121 124 129 132 130 127 127
 130 127 129 128 131 132 132 135 135 133 133 133 134 137 134 135 134 133
 135 136 136 138 138 141 140 139 142 143 140 139 139 140 141 141 143 145
 143 141 142 144 145 146 145 144 145 146 145 146 145 147 145 147 146 146
 148 145 147 146 148 151 150 151 151 152 152 149 147 150 154 153 153 154
 154 154 153 153 154 156 158 158 155 155 155 155 158 157 158 158 156 156
 160 163 162 159 160 162 162 160 159 159 161 161 162 163 162 159 155 123
  82  61  65  57  52  51  45  40  44  51  63  64  60  59  55  52  49  60
  73  78  76  71  66  60  61  61  55  53  50  57  63  65  66  63  61  63
  63  67  88 151 181 182 184 186 185 187 188 188 190 188 187 189 192 193
 192 192 193 194 195 196 197 196 195 195 196 198 198 198 199 199 201 201
 197  29]"
"[ 28  29 120 123 124 122 123 121 125 126 122 121 124 127 129 125 128 130
 132 128 131 131 134 133 135 137 136 132 129 131 134 136 138 138 136 135
 136 136 137 139 137 142 137 130 134 139 140 143 142 141 141 144 145 144
 142 140 146 144 144 146 147 146 145 145 146 147 145 148 145 147 145 147
 148 147 149 147 146 149 150 155 154 153 150 148 149 153 155 152 154 154
 153 153 154 154 154 153 155 156 153 154 154 152 156 154 153 155 157 157
 156 160 163 163 161 163 161 161 161 162 164 163 162 162 162 160 153 130
  81  67  62  55  53  53  45  37  43  53  66  63  65  64  59  55  53  51
  67  76  75  71  68  65  63  58  55  48  45  55  65  66  66  64  65  66
  65  67  84 145 178 189 186 187 185 187 188 188 191 190 186 191 195 195
 193 191 193 195 194 196 198 198 198 198 199 200 199 199 200 199 201 200
 196  29]"
"[ 29  29 123 123 125 126 122 120 125 126 127 127 126 124 126 128 129 133
 134 131 130 131 133 133 132 137 137 137 135 134 136 133 136 138 138 137
 136 138 138 137 137 137 137 137 137 138 140 141 145 144 143 145 145 145
 145 146 145 144 144 144 145 146 146 146 147 146 145 147 147 146 146 147
 148 147 149 150 148 148 150 152 151 151 151 150 152 154 154 154 155 153
 152 153 154 154 154 154 159 157 155 154 155 156 157 158 156 157 158 159
 159 160 161 161 162 162 163 162 161 164 166 164 161 162 162 158 155 118
  78  72  64  54  52  52  46  40  43  55  64  66  64  62  60  57  54  48
  55  66  72  69  68  61  60  55  51  43  39  50  66  68  64  65  65  62
  67  66  78 133 170 188 186 187 188 188 188 188 188 188 190 190 192 193
 193 193 192 193 195 195 196 196 197 199 201 203 199 200 200 201 201 201
 199  28]"
"[ 29  29 125 125 126 127 125 125 129 128 126 124 123 124 127 129 128 131
 132 130 129 131 133 132 132 136 137 138 138 136 137 136 135 137 139 138
 138 139 139 138 138 139 140 140 139 139 140 140 143 143 144 144 144 143
 143 144 145 144 144 144 145 146 146 146 147 146 147 148 148 147 147 148
 146 146 148 150 150 151 152 151 151 151 151 151 153 154 155 154 154 153
 152 153 154 154 154 154 157 156 156 155 156 157 157 157 157 159 160 160
 159 159 161 162 162 162 162 161 161 164 167 165 166 163 162 167 154 104
  77  75  74  62  55  51  46  43  47  60  65  66  65  65  62  56  53  48
  49  61  67  65  63  58  57  53  53  45  40  48  64  67  63  61  63  61
  64  64  72 123 170 193 186 187 187 188 189 190 190 189 189 190 192 194
 194 194 194 194 195 195 196 197 198 199 201 202 200 201 201 201 201 201
 199  28]"
"[ 30  30 126 126 126 127 127 129 130 130 127 123 122 125 129 130 130 132
 132 130 130 131 132 131 131 133 133 136 137 136 137 135 133 137 140 139
 138 138 138 138 137 138 140 140 140 139 139 138 142 144 146 146 144 142
 143 144 144 145 145 145 145 145 145 146 146 146 147 148 148 147 148 149
 147 146 148 150 151 153 154 151 151 152 152 152 153 154 154 154 154 153
 153 154 154 154 154 154 155 156 157 156 157 158 158 157 159 160 161 161
 160 160 161 163 162 161 162 162 162 165 167 166 166 165 161 172 155 106
  88  80  77  66  59  53  48  45  47  56  65  66  65  66  62  54  51  47
  48  61  63  63  59  58  57  55  53  45  41  44  61  66  67  63  63  61
  62  63  66 107 164 189 188 188 188 188 189 190 190 189 190 191 193 194
 195 195 195 195 194 195 195 197 198 199 200 200 201 201 200 200 200 200
 199  29]"
"[ 30  30 126 126 126 126 127 129 128 129 128 126 126 129 130 129 131 133
 134 132 131 131 131 130 131 132 130 132 135 135 135 131 133 136 140 139
 137 136 137 137 136 137 138 140 140 140 139 139 143 145 146 146 145 144
 144 145 145 146 146 146 146 145 145 146 145 146 147 147 147 147 148 149
 151 150 150 150 151 154 155 152 151 152 152 153 153 154 154 153 154 154
 154 154 153 152 152 153 154 156 158 157 158 160 159 157 160 160 161 162
 161 161 162 163 161 161 162 163 162 165 167 166 165 165 160 168 152 103
  84  74  73  65  60  53  47  44  45  51  63  66  64  64  60  53  49  43
  49  60  60  61  56  58  56  54  50  45  46  50  65  68  69  66  62  62
  62  69  68 102 163 190 188 188 188 188 188 189 189 188 192 193 194 194
 194 194 195 195 195 195 196 197 199 200 200 199 200 201 200 200 200 200
 199  29]"
"[ 29  29 125 125 125 125 124 127 126 129 129 128 129 131 131 129 130 133
 135 134 132 131 131 131 132 134 131 131 135 137 136 130 133 136 139 139
 137 136 137 138 137 137 139 140 141 142 142 142 143 143 144 143 143 144
 144 144 144 146 147 148 147 146 146 146 145 146 146 146 146 147 149 150
 151 151 151 151 151 153 154 152 151 152 153 153 154 154 154 153 153 153
 154 154 153 152 152 153 155 157 158 158 159 160 160 159 161 161 161 162
 162 162 162 162 160 160 161 163 162 164 165 164 167 167 165 169 154 103
  77  76  71  65  59  50  43  42  45  53  63  67  64  62  59  55  49  40
  50  62  63  65  61  61  57  53  49  48  55  62  70  69  68  64  64  64
  63  71  68  97 154 182 184 186 188 188 187 188 188 189 194 194 194 193
 193 194 195 195 197 197 196 198 200 201 201 200 199 200 200 200 200 201
 199  30]"
"[ 29  28 124 124 124 123 123 125 128 130 130 129 130 131 131 130 128 131
 134 133 132 131 132 133 133 135 133 134 136 138 138 132 135 137 138 138
 137 137 139 141 138 138 138 139 140 141 141 142 142 142 141 141 142 143
 144 144 142 144 146 147 147 146 146 147 147 147 147 145 146 148 150 151
 149 149 151 152 151 152 153 151 151 153 154 154 154 154 154 153 151 152
 153 153 153 153 153 154 155 156 157 158 158 159 159 160 162 162 162 162
 162 162 162 162 161 160 161 162 161 162 163 162 160 161 161 160 148 106
  77  73  69  64  60  52  44  42  47  56  65  69  65  62  59  57  51  40
  51  65  70  72  70  66  61  55  52  54  61  68  68  67  68  68  68  68
  65  69  63  93 141 172 183 185 188 188 188 189 191 193 193 194 194 193
 193 194 196 196 197 196 196 197 198 200 200 200 199 200 200 201 201 201
 199  29]"
"[ 29  28 124 124 123 123 123 127 130 130 130 129 129 129 130 131 129 131
 133 133 132 131 132 133 132 134 133 137 137 135 136 135 137 138 138 138
 138 138 140 141 140 139 138 138 139 139 140 140 143 143 142 141 141 143
 144 144 143 144 145 146 146 146 146 146 147 148 147 146 146 149 151 151
 149 147 149 152 152 152 153 151 151 153 154 154 153 154 153 153 151 151
 152 153 154 154 154 155 155 155 156 158 158 157 158 160 161 161 162 161
 161 162 163 165 163 161 161 162 160 161 162 161 162 164 164 160 146 111
  86  74  67  64  63  57  49  45  48  57  68  70  67  64  61  57  52  44
  47  62  72  73  72  66  63  57  57  62  66  71  64  69  71  73  69  71
  70  72  64 100 140 178 184 186 187 188 188 191 193 194 192 194 194 193
 193 195 196 195 196 196 195 196 198 199 199 199 198 200 201 202 202 202
 199  29]"
"[ 29  28 124 124 123 123 125 130 131 130 129 130 129 129 130 131 132 133
 133 132 132 131 131 132 131 132 133 139 137 131 133 135 139 138 138 138
 138 138 139 140 142 141 140 139 140 140 141 141 143 143 143 141 142 143
 144 144 146 146 147 146 146 146 146 147 147 148 147 146 147 149 150 150
 150 147 148 151 152 152 153 153 150 152 153 153 152 152 153 152 151 151
 152 153 154 154 154 155 155 153 155 158 158 156 157 160 159 160 161 161
 160 161 165 168 165 163 162 162 160 161 162 162 162 160 164 165 144 106
  90  82  70  67  65  59  51  47  51  60  69  71  68  65  62  57  53  47
  45  61  73  72  71  65  65  61  61  69  73  77  66  72  72  72  70  74
  75  74  65 105 138 181 187 187 187 186 187 189 192 193 191 194 195 193
 194 195 196 194 196 196 196 197 199 200 200 200 199 200 202 203 203 203
 199  28]"
"[ 29  29 125 124 123 127 130 132 130 131 131 129 126 124 126 129 129 130
 132 134 132 129 130 134 136 134 133 135 136 133 131 131 136 137 138 138
 138 139 141 143 141 137 138 133 143 141 144 141 139 143 144 143 142 144
 145 144 147 147 147 146 146 146 146 146 144 146 148 147 147 148 149 150
 151 150 149 150 150 150 151 151 150 151 152 151 151 152 153 153 152 152
 152 153 153 153 155 157 153 154 156 158 158 157 157 159 160 161 162 162
 162 163 165 166 162 161 161 162 162 161 161 162 164 162 163 166 140  90
  84  77  74  70  64  56  51  48  53  68  73  77  68  64  62  58  56  46
  45  54  78  73  72  66  63  63  60  70  82  79  72  74  74  72  73  73
  71  71  64 102 147 182 191 189 186 186 186 187 191 194 189 192 195 195
 195 195 196 196 195 198 199 198 199 200 201 200 199 200 201 203 203 203
 199  30]"
"[ 28  31 130 130 126 127 129 131 130 130 130 129 126 126 128 130 130 131
 131 132 131 133 135 138 135 133 133 134 134 133 132 133 137 138 138 138
 137 138 140 142 140 137 137 135 142 140 140 138 142 145 148 147 144 143
 144 146 146 147 147 146 145 145 146 146 145 147 149 150 150 151 151 151
 150 151 151 150 148 148 150 154 151 152 153 153 153 153 153 152 154 153
 153 154 153 153 155 157 157 157 157 158 158 158 159 160 159 160 161 160
 160 162 164 165 162 161 161 163 164 163 163 163 165 164 163 164 138  88
  83  79  74  71  66  58  52  50  57  73  80  82  69  63  60  56  54  46
  43  53  75  72  73  68  63  57  57  73  98  89  72  74  78  76  72  71
  71  72  64  92 139 172 189 187 185 186 188 188 189 191 192 193 195 195
 195 195 195 194 197 199 199 199 200 202 201 200 198 199 200 202 203 202
 199  28]"
"[ 29  30 130 131 128 127 128 130 130 130 129 129 128 128 129 131 132 134
 133 130 131 135 137 137 135 135 134 133 133 134 135 137 136 137 138 137
 137 138 140 142 141 139 138 140 143 141 137 137 142 141 142 144 145 144
 144 145 145 146 147 146 145 145 146 146 146 148 151 152 153 153 152 151
 149 150 151 150 148 148 151 154 154 153 152 150 150 152 154 154 155 154
 154 154 154 153 154 156 158 157 157 157 158 159 160 160 160 161 161 160
 160 161 162 163 162 161 161 163 165 165 165 164 165 166 164 165 140  88
  78  73  73  70  66  57  50  49  56  72  79  78  67  60  58  55  55  49
  40  51  72  70  72  69  63  56  52  73 114 106  84  80  82  77  73  69
  67  67  60  83 138 174 189 187 186 188 190 191 190 190 193 194 195 195
 195 195 194 193 197 198 199 199 201 202 202 200 198 199 200 202 202 202
 198  28]"
"[ 30  28 124 127 128 129 129 130 131 130 130 131 131 130 130 130 132 135
 134 131 131 136 137 134 136 137 137 135 134 135 138 140 137 137 137 137
 137 138 139 140 140 140 139 144 144 143 138 139 141 140 140 141 143 146
 146 146 145 146 147 146 146 146 146 146 147 148 150 151 152 153 152 150
 148 147 148 149 149 150 150 151 154 152 149 147 148 151 154 155 154 154
 155 155 154 154 154 155 154 156 158 159 160 160 160 159 161 161 161 161
 160 161 162 162 163 162 161 163 165 165 164 162 164 164 162 164 146  97
  83  76  74  69  65  57  50  49  55  69  76  75  66  61  59  55  53  49
  43  52  69  69  69  66  63  60  51  73 121 116  97  87  81  76  74  69
  66  64  61  81 143 180 192 189 187 189 191 192 193 194 193 194 195 195
 195 195 194 194 196 197 198 199 200 201 201 200 199 200 200 202 203 202
 199  28]"
"[ 31  27 122 124 126 128 129 130 130 130 131 132 132 131 129 129 130 133
 134 130 131 136 138 136 135 137 137 136 135 136 138 139 140 138 137 136
 137 138 137 136 136 139 138 143 142 143 139 141 139 143 143 140 138 142
 145 146 145 146 146 145 145 146 146 146 147 147 147 148 149 151 151 150
 148 147 147 148 148 149 150 151 150 149 149 149 151 153 154 153 152 153
 154 154 154 154 154 154 155 158 161 162 161 161 160 160 160 161 161 161
 161 161 162 162 163 162 161 162 164 164 163 160 164 163 160 159 142  96
  82  74  71  65  61  54  48  49  55  64  71  71  66  63  62  58  57  57
  54  56  66  69  68  63  62  61  52  80 126 117  99  86  78  76  73  69
  68  66  65  80 139 177 191 189 188 189 190 191 193 195 192 194 196 195
 194 194 195 195 195 197 198 198 198 199 199 200 201 200 200 201 203 202
 199  29]"
"[ 30  28 124 123 123 126 127 127 128 129 131 133 133 132 131 130 132 133
 133 130 132 136 138 137 135 136 137 137 136 136 137 138 139 138 137 137
 139 140 139 137 134 138 138 142 141 143 141 144 142 145 145 140 139 144
 147 145 145 145 145 144 145 146 146 145 145 145 145 145 147 150 151 151
 152 151 151 149 147 147 151 154 151 151 150 151 153 155 155 154 151 153
 154 154 154 155 154 154 157 160 162 160 158 158 159 160 160 161 161 161
 162 163 163 163 162 162 162 163 165 166 164 162 164 165 166 159 136  90
  76  67  66  60  58  53  48  49  56  64  67  67  64  62  61  60  64  70
  67  62  64  68  68  63  59  56  50  87 132 122  99  85  76  76  70  67
  66  65  64  75 129 174 187 186 187 188 189 188 190 192 193 195 196 195
 194 193 195 196 196 197 199 198 197 197 199 200 201 201 200 202 203 203
 199  29]"
"[ 28  28 124 123 123 127 128 126 129 129 131 132 132 131 132 133 135 133
 132 132 134 135 135 135 136 136 137 139 139 137 137 138 137 137 137 138
 140 140 139 139 135 141 142 142 141 143 143 146 146 147 146 144 146 151
 151 147 146 146 145 144 144 145 146 146 145 146 146 146 148 151 152 152
 154 153 152 150 148 148 151 154 154 153 152 151 153 154 155 155 152 153
 154 153 154 155 155 155 156 159 160 158 157 158 160 160 161 162 162 162
 163 164 164 164 162 162 163 164 167 168 167 165 162 166 170 163 136  93
  79  67  64  60  62  57  49  49  57  65  68  67  64  60  57  56  62  73
  74  67  63  67  66  63  58  54  48  81 124 125 101  85  77  75  71  66
  65  64  63  71 121 178 186 186 186 188 188 188 189 191 194 195 196 195
 194 194 195 196 196 196 197 197 197 197 199 201 201 201 202 204 205 205
 200  29]"
"[ 30  29 123 121 125 132 131 127 130 130 131 131 131 131 133 135 134 131
 130 134 136 136 134 134 136 135 136 139 140 138 137 139 137 137 138 138
 138 137 136 135 137 144 146 143 142 144 145 146 144 145 146 145 146 147
 146 144 146 147 147 145 144 145 147 148 146 147 148 148 150 152 153 153
 153 151 149 149 150 150 150 149 152 153 154 154 154 154 153 151 154 154
 154 153 154 156 156 156 155 158 160 159 159 161 162 162 162 162 162 162
 162 163 163 162 161 162 163 164 167 169 168 166 165 165 167 158 131  92
  78  63  61  60  63  57  45  44  52  61  65  64  62  58  54  54  62  76
  75  69  64  65  63  61  59  56  50  67 106 121 100  84  78  75  73  68
  68  70  68  72 117 182 189 187 187 188 189 189 191 193 194 195 195 195
 195 196 196 196 195 195 195 196 197 198 200 202 202 202 203 205 207 206
 201  30]"
"[ 30  29 130 131 134 132 131 129 131 132 131 130 130 130 129 131 132 131
 130 134 138 134 131 133 133 133 131 137 135 136 137 136 138 139 139 138
 138 138 137 136 137 142 146 147 145 143 144 146 146 146 147 146 146 146
 147 148 148 146 145 146 146 145 147 150 147 146 150 151 150 152 154 151
 151 151 150 151 153 152 148 145 153 154 155 154 154 153 151 147 150 153
 154 154 154 157 159 158 154 155 158 161 162 161 161 163 162 161 162 164
 162 159 160 163 164 164 164 164 167 169 169 166 163 167 160 165 138  98
  84  69  65  60  59  54  49  42  51  63  65  66  57  55  54  50  50  67
  74  69  64  62  63  60  58  60  56  62  95 112  94  80  76  73  71  67
  70  72  74  77 122 177 189 188 186 187 190 190 191 194 192 194 194 194
 195 196 196 194 196 194 195 196 196 199 201 200 201 202 202 206 206 205
 202  29]"
"[ 29  30 129 127 129 129 129 126 125 127 128 127 128 127 128 130 132 132
 131 132 134 134 135 138 136 136 134 138 135 136 139 139 138 138 138 139
 140 140 140 138 140 141 142 142 141 141 143 146 145 145 146 146 146 146
 147 148 149 147 146 146 145 145 146 148 148 148 150 151 149 151 153 151
 149 148 149 152 154 153 151 149 153 154 154 153 154 154 152 151 154 156
 156 154 155 158 159 159 156 156 157 159 160 159 160 161 161 159 158 160
 160 159 160 162 164 164 164 165 167 170 170 169 166 165 163 162 135  96
  78  72  68  63  61  54  49  43  49  56  62  60  52  53  53  49  44  52
  57  57  58  61  64  61  59  60  57  49  57  68  73  76  73  71  70  65
  69  71  69  68 117 172 184 187 187 187 189 191 192 193 194 193 193 195
 197 196 195 195 195 194 195 197 197 199 201 200 202 203 203 206 206 205
 202  28]"
"[ 29  30 129 124 125 126 128 126 123 127 129 128 128 127 128 131 130 131
 133 134 134 137 139 139 137 136 132 135 133 135 138 137 137 138 138 139
 141 142 142 140 142 141 140 140 140 142 144 146 146 147 148 147 147 146
 146 147 147 147 147 146 146 148 148 148 150 149 151 152 150 150 151 150
 147 146 148 152 155 154 152 153 154 152 151 152 153 154 154 154 158 158
 157 155 156 158 159 159 159 158 157 158 159 158 159 160 160 156 154 155
 158 159 160 162 165 165 164 164 166 167 167 166 168 164 166 158 133  99
  78  76  73  69  65  55  50  46  50  52  54  52  46  49  50  50  45  46
  48  50  54  60  64  61  58  59  56  57  60  64  71  72  67  67  65  62
  69  72  71  73 125 172 180 186 188 188 190 193 193 193 194 191 191 195
 197 195 194 194 194 194 196 197 196 198 200 200 201 202 201 204 205 205
 203  29]"
"[ 29  29 128 125 126 127 129 128 126 130 131 130 129 129 129 131 128 130
 134 134 134 138 141 137 140 138 133 137 137 140 140 137 137 138 140 141
 142 142 141 139 140 140 141 142 143 143 144 145 147 148 150 149 148 146
 144 144 144 146 147 146 148 151 151 150 150 150 152 152 151 150 150 150
 148 146 148 152 154 153 152 154 154 151 149 150 152 153 154 156 159 158
 157 156 156 158 158 157 160 158 157 158 159 159 159 159 161 157 154 156
 159 161 162 163 165 165 165 165 165 165 165 165 167 165 167 154 132 102
  82  79  76  73  67  54  49  47  52  53  50  48  46  48  47  51  52  52
  51  51  52  57  61  59  57  58  58  63  64  64  70  71  66  64  64  64
  71  70  68  72 122 157 181 187 190 190 192 193 193 194 194 192 192 195
 196 195 194 194 194 195 197 198 196 197 200 201 201 202 201 203 204 205
 203  30]"
"[ 30  27 127 128 131 129 131 131 129 132 132 130 130 130 130 132 133 133
 134 132 131 136 139 135 139 138 133 136 134 137 138 136 138 140 143 144
 143 141 140 138 137 139 142 144 144 144 144 144 146 148 149 150 148 145
 144 143 144 146 148 147 148 152 152 151 149 151 152 153 152 151 150 151
 150 148 149 153 154 152 153 155 153 151 149 151 152 153 154 156 158 158
 158 158 158 159 158 157 158 157 157 159 161 160 159 159 161 159 158 160
 161 162 163 164 163 164 165 166 166 166 166 167 165 167 166 155 129  94
  83  79  74  73  66  51  45  46  53  55  53  51  48  49  47  54  56  56
  52  50  48  52  58  58  56  58  62  63  62  62  66  71  70  64  59  61
  67  66  66  70 117 156 186 188 190 192 194 193 192 194 195 196 196 195
 195 196 196 196 197 197 199 199 197 198 201 201 204 204 202 203 204 205
 203  28]"
"[ 31  27 127 130 133 130 131 131 130 133 133 131 132 133 134 135 135 135
 136 135 135 136 136 133 140 142 139 139 132 134 139 141 140 143 144 144
 143 142 140 138 138 140 143 144 145 145 145 145 144 146 148 150 149 147
 146 145 148 150 151 150 150 152 152 151 149 151 151 152 154 152 150 153
 152 151 151 153 154 153 154 155 153 152 152 152 153 154 155 157 157 158
 159 159 159 159 159 159 157 156 157 159 161 160 159 159 160 160 160 161
 162 162 162 162 162 163 165 166 165 164 164 165 167 168 167 157 124  81
  79  76  72  70  63  51  47  48  55  58  55  52  47  49  50  56  57  55
  52  48  46  50  57  57  56  57  61  64  67  71  71  74  73  63  66  66
  69  69  65  64 104 160 188 189 190 192 194 193 192 195 195 197 197 195
 194 196 197 197 198 198 200 201 199 199 201 201 203 204 202 204 205 206
 204  29]"
"[ 30  28 128 129 132 130 130 130 130 135 136 133 133 135 136 137 135 136
 137 139 139 135 133 134 137 140 138 137 130 132 138 140 143 143 143 143
 143 143 142 140 141 142 144 145 146 146 146 146 144 146 148 149 149 148
 148 148 151 153 153 152 151 151 152 152 151 151 150 151 154 153 151 154
 153 152 153 154 155 154 154 154 153 154 154 153 154 155 156 157 156 157
 158 158 157 157 158 159 159 158 157 159 160 160 160 161 161 161 161 161
 161 161 161 161 162 163 165 166 165 163 164 165 169 168 167 151 117  78
  78  70  68  64  60  53  53  53  57  58  54  52  47  50  51  56  54  53
  50  48  47  52  58  57  55  55  58  60  60  66  72  73  71  61  61  63
  65  67  64  62  94 162 187 190 191 192 194 194 195 197 196 196 196 196
 196 196 197 198 199 199 201 203 202 202 203 201 202 205 205 207 208 209
 206  29]"
"[ 29  29 129 128 130 129 131 130 129 135 137 134 132 133 134 135 136 136
 135 136 137 133 132 138 138 140 137 139 135 137 140 140 145 143 141 140
 142 143 143 142 142 143 144 145 147 147 146 145 146 147 148 148 148 147
 147 148 150 152 153 152 150 150 151 152 152 152 149 151 154 153 152 155
 153 153 153 154 154 154 153 151 152 154 155 153 154 156 157 157 155 156
 157 156 155 154 156 159 161 160 158 159 160 160 161 162 163 162 162 162
 162 162 162 162 163 164 166 168 167 166 168 170 169 166 165 142 110  83
  81  64  63  58  55  53  57  56  57  55  54  54  50  51  51  53  51  52
  48  47  47  52  58  58  56  57  57  65  65  67  69  64  64  63  63  67
  65  64  62  60  82 151 185 191 193 192 193 196 198 200 199 197 197 200
 201 199 200 201 201 201 204 206 206 206 205 203 206 209 209 212 212 211
 205  28]"
"[ 30  26 130 131 130 128 129 131 130 130 132 134 135 134 135 136 137 138
 136 138 134 130 135 136 135 138 139 139 140 142 142 140 141 142 140 138
 138 141 144 144 143 144 144 145 145 145 145 145 146 148 147 145 146 146
 147 149 151 153 154 152 150 150 152 153 150 149 149 151 153 154 153 153
 151 150 151 153 155 154 151 149 149 153 155 153 154 157 158 157 158 158
 159 158 156 154 158 162 160 160 159 158 158 159 161 162 162 162 163 163
 163 162 162 162 162 164 165 166 167 169 169 169 170 166 164 144 112  80
  73  66  63  57  53  54  56  59  58  54  52  51  52  54  54  52  50  50
  48  45  47  54  56  54  53  54  60  66  66  67  68  64  63  64  66  66
  68  63  59  55  80 146 188 194 196 193 194 198 200 199 199 200 201 203
 202 200 200 202 206 206 207 207 207 205 205 205 206 209 210 212 210 211
 207  31]"
"[ 30  27 131 132 130 128 128 130 130 130 131 132 134 135 135 136 136 137
 136 137 135 134 139 137 135 138 140 140 142 145 145 144 141 142 141 139
 139 141 143 144 146 145 144 144 144 144 146 147 145 147 147 146 147 146
 145 146 151 153 154 153 152 152 153 153 148 149 150 151 152 151 152 152
 153 152 152 152 152 152 153 154 153 154 154 155 155 156 157 157 158 158
 159 159 158 157 158 161 160 161 161 160 158 158 160 162 162 162 162 163
 164 165 166 166 166 166 165 165 167 169 169 168 166 170 158 138  96  77
  68  64  64  60  58  59  59  58  55  49  47  49  52  54  53  52  52  52
  45  43  45  51  53  51  50  52  58  65  66  67  68  64  64  66  63  64
  68  64  60  55  82 149 186 197 196 195 196 199 200 200 199 200 202 204
 203 202 201 203 207 206 206 206 206 205 204 205 204 206 207 210 210 211
 207  29]"
"[ 30  28 132 132 130 128 128 129 130 131 130 131 133 136 136 136 135 136
 135 135 136 139 142 138 137 139 141 141 143 145 146 144 141 142 142 142
 142 143 144 144 146 145 144 143 143 144 146 147 146 145 145 146 148 146
 144 146 150 151 152 152 152 153 153 153 149 151 153 154 153 151 152 154
 154 154 153 151 149 149 153 157 157 154 154 157 158 157 158 160 160 159
 159 160 161 160 159 160 160 161 162 161 159 159 161 164 165 163 163 163
 165 165 166 166 168 167 165 165 167 169 169 168 168 173 160 130  92  75
  73  71  67  64  64  63  61  57  51  45  43  48  52  53  51  49  49  49
  45  44  46  51  53  51  51  53  57  64  65  67  68  65  65  66  61  59
  61  61  60  56  79 138 179 197 192 195 197 199 200 200 198 199 201 203
 203 202 202 203 206 205 204 204 205 205 205 205 205 205 206 208 209 211
 207  29]"
"[ 29  28 132 131 130 129 130 131 131 133 133 132 133 136 137 136 134 134
 134 135 137 140 142 139 140 141 141 142 144 145 143 140 142 143 143 143
 143 144 144 145 145 144 144 145 146 147 146 145 147 145 144 146 148 148
 147 149 149 150 151 151 152 153 152 151 148 150 152 152 150 149 150 152
 155 155 154 152 149 149 153 158 156 154 155 158 159 158 159 162 163 160
 159 160 160 160 159 160 160 161 162 161 161 162 164 167 168 166 165 165
 166 166 166 166 169 169 167 166 168 171 172 170 170 174 157 123  88  73
  74  76  69  66  64  64  61  58  53  48  44  49  53  53  50  47  46  44
  44  43  45  49  50  49  50  53  56  61  62  65  65  63  64  64  63  60
  62  61  62  60  78 123 172 195 189 194 195 197 198 198 198 199 201 202
 203 202 202 202 204 203 202 204 206 206 207 207 208 208 206 208 208 210
 207  29]"
"[ 29  28 132 130 129 130 133 133 132 135 136 134 133 135 136 136 132 131
 134 137 137 139 140 141 142 142 141 142 144 144 141 137 143 143 143 144
 144 144 145 145 145 143 143 145 148 149 147 144 147 146 145 147 150 150
 149 150 150 150 151 151 153 154 153 151 148 149 150 151 150 150 152 153
 155 156 156 155 154 153 156 158 154 155 158 159 159 159 160 162 165 162
 160 159 159 159 160 162 164 164 163 163 164 166 168 169 169 167 167 169
 171 170 170 171 171 171 171 170 171 173 174 174 173 179 148 115  78  76
  71  74  70  66  63  63  61  60  57  52  45  49  52  52  50  49  46  44
  44  43  44  47  47  47  49  52  53  55  56  60  60  60  62  60  59  62
  65  63  63  63  79 112 168 194 191 195 194 196 197 197 200 201 202 202
 202 203 203 203 203 202 202 204 207 208 208 208 208 209 208 209 208 209
 206  29]"
"[ 29  29 132 129 129 132 135 134 133 136 137 135 134 134 135 135 131 129
 134 137 137 139 140 143 142 141 140 141 144 144 142 138 142 142 143 144
 144 144 144 146 145 143 142 144 147 149 148 146 146 147 148 149 151 150
 148 148 150 151 151 152 153 154 154 152 151 151 152 153 153 154 156 158
 156 156 158 159 159 158 158 159 156 160 162 162 161 162 163 164 167 164
 163 162 161 162 164 167 170 169 168 167 169 170 171 171 170 169 170 172
 174 173 172 173 172 173 173 172 172 174 174 174 174 177 141 102  77  79
  77  73  73  68  64  61  59  57  54  50  47  49  50  50  49  48  45  43
  45  44  44  46  46  45  45  48  48  49  50  53  54  55  59  57  54  57
  61  61  64  69  82 103 160 188 193 196 194 196 199 199 201 201 202 201
 202 203 203 203 203 202 203 205 208 208 207 207 208 209 210 212 211 211
 207  28]"
"[ 30  29 132 129 130 134 136 135 135 135 136 136 134 134 134 135 133 131
 136 137 137 140 141 144 142 141 141 142 143 144 143 142 143 143 144 145
 145 145 145 146 145 145 145 146 148 149 148 148 146 150 151 150 151 151
 149 149 151 152 152 153 154 156 155 154 152 153 154 155 155 155 157 159
 158 159 160 161 162 161 160 160 162 164 166 165 164 165 166 167 168 167
 166 167 166 166 167 169 172 171 170 171 172 173 173 172 172 170 171 174
 174 172 171 172 173 173 172 171 172 174 174 172 171 163 129  91  84  79
  78  73  72  66  60  55  51  50  49  47  47  47  47  48  47  45  43  42
  44  43  43  44  43  40  39  40  43  43  43  46  45  47  54  53  53  53
  54  57  65  74  85  99 153 182 196 197 195 197 201 202 200 201 202 201
 202 203 204 203 204 204 204 206 208 208 207 207 209 210 210 212 212 212
 208  28]"
"[ 29  29 132 129 131 135 137 135 136 135 135 136 135 134 134 135 135 134
 138 136 136 141 142 143 144 144 143 143 143 144 145 146 144 144 145 147
 147 146 146 148 146 147 149 150 150 150 150 150 150 154 155 152 152 153
 153 152 153 153 154 154 156 158 158 157 156 157 159 159 158 157 159 161
 162 162 163 164 164 163 162 162 164 165 165 166 165 166 167 168 169 168
 168 169 169 168 167 168 170 169 170 171 172 172 172 172 172 170 171 174
 174 172 172 174 174 173 171 171 172 174 174 172 170 156 118  94  88  83
  74  74  67  61  54  48  44  44  47  48  46  45  45  46  46  45  44  45
  47  46  46  46  44  41  38  38  38  38  39  41  38  40  48  48  48  48
  50  54  60  68  81  96 153 180 200 199 196 197 201 202 200 202 202 202
 203 205 205 204 207 206 206 208 210 210 209 209 211 210 208 209 210 211
 207  28]"
"[ 30  28 130 131 133 135 138 137 138 138 137 136 135 136 137 138 141 143
 139 138 139 140 144 145 147 146 145 144 145 146 147 147 146 146 146 147
 149 151 150 150 152 151 152 152 151 150 150 152 150 153 155 156 156 156
 155 153 156 155 154 156 159 161 161 159 159 159 162 165 165 163 162 162
 162 164 166 166 166 166 166 167 167 167 167 169 169 168 167 167 166 167
 169 170 172 173 172 170 171 172 171 171 172 173 173 172 173 173 174 173
 173 174 173 172 173 172 171 171 173 173 172 175 172 150 103  93  82  81
  72  70  66  61  57  47  45  48  47  48  46  45  43  45  48  49  50  54
  52  52  53  56  54  43  34  33  32  32  34  35  35  38  40  39  38  45
  48  47  60  64  68  98 154 185 199 196 198 201 201 204 204 201 203 203
 200 204 208 205 206 206 206 206 209 210 210 212 212 210 208 209 208 210
 208  30]"
"[ 29  28 133 134 136 136 138 137 141 140 140 139 138 139 140 140 140 143
 139 139 143 146 148 147 145 148 150 149 149 152 153 152 149 148 147 148
 150 152 152 152 153 152 153 154 153 151 151 153 152 155 157 156 156 156
 157 157 158 157 157 158 160 161 160 159 160 160 162 163 164 163 162 162
 164 164 165 165 165 165 166 166 167 166 166 168 169 169 169 168 168 168
 169 170 172 173 172 170 170 170 171 171 171 172 172 171 173 174 174 174
 174 174 174 173 172 172 172 173 175 175 174 176 163 145  91  82  81  76
  71  69  67  64  60  54  51  53  52  53  46  45  44  48  55  56  55  56
  62  61  62  64  63  55  44  37  33  29  29  31  34  37  38  37  39  43
  46  46  52  59  70  95 151 186 200 196 199 201 203 203 202 201 204 204
 200 204 209 208 206 206 205 205 209 210 209 210 211 210 209 211 210 212
 209  30]"
"[ 29  30 138 140 140 139 138 137 144 144 144 143 143 143 143 144 141 146
 144 143 145 147 148 145 145 150 152 150 149 153 155 154 150 149 149 150
 151 153 153 152 153 152 153 155 154 153 152 153 153 156 159 158 156 156
 158 159 160 159 159 159 159 159 159 159 161 161 162 162 163 164 165 164
 167 166 165 164 165 166 166 166 168 166 165 167 169 170 170 171 170 170
 170 171 171 172 171 169 170 171 172 172 172 172 172 172 173 174 175 174
 173 173 173 173 173 174 175 176 176 176 176 176 165 137  90  77  77  73
  73  75  72  69  64  61  58  55  55  54  50  50  51  57  64  65  63  63
  64  64  66  65  63  64  62  57  45  39  36  34  33  33  37  40  41  42
  48  55  60  69  82  93 146 183 202 196 201 201 205 201 201 202 206 205
 201 204 210 210 207 207 205 205 208 209 208 208 210 210 210 213 212 214
 209  29]"
"[ 29  31 142 143 142 140 137 137 142 143 144 143 142 142 143 144 145 151
 151 149 147 144 146 146 148 151 152 148 146 149 151 151 150 151 153 153
 153 153 152 151 153 153 153 155 155 154 154 155 154 157 160 160 158 157
 157 158 160 160 160 159 158 158 158 159 159 161 161 161 163 166 167 167
 167 166 166 165 166 167 167 168 167 166 166 167 168 169 171 172 172 172
 171 171 171 171 170 169 171 173 173 173 172 173 174 175 175 175 175 175
 173 172 172 173 175 176 176 176 175 175 176 174 147 109  91  84  78  76
  73  74  73  71  64  64  62  56  58  57  56  59  62  67  71  71  70  71
  71  67  66  62  58  62  68  65  59  50  41  36  35  39  42  42  45  48
  55  65  70  75  84  86 141 177 203 196 203 202 204 203 202 204 207 205
 201 203 208 209 208 208 207 207 210 210 209 210 211 211 212 214 213 215
 209  29]"
"[ 28  31 143 144 142 141 138 139 142 144 146 145 143 143 145 147 148 152
 152 152 150 145 147 150 151 151 151 150 149 148 149 150 152 154 156 156
 154 153 152 152 154 153 154 156 156 155 156 157 157 158 160 160 159 158
 157 157 159 160 160 159 158 157 158 160 158 160 161 161 162 165 166 166
 166 166 166 166 166 167 168 169 167 167 167 168 168 169 171 173 172 172
 171 171 171 171 171 170 172 173 173 172 172 173 175 176 176 176 176 176
 175 173 173 175 175 176 175 175 174 174 177 171 151 104  86  80  72  67
  66  70  75  73  66  66  63  57  59  58  63  66  69  72  74  75  74  76
  75  68  65  64  61  63  65  61  65  65  61  51  43  44  47  47  48  56
  61  67  71  74  81  88 138 171 204 197 203 204 201 206 202 204 205 203
 202 203 206 207 208 210 209 209 211 211 211 212 213 214 215 216 215 216
 210  29]"
"[ 29  30 143 143 143 144 140 143 145 147 148 148 146 146 148 150 151 150
 147 150 151 146 147 150 151 150 152 154 154 152 151 152 152 153 154 154
 153 152 153 154 153 153 155 156 156 155 156 158 161 160 159 159 159 159
 159 159 160 161 161 160 159 159 160 162 160 161 162 162 163 164 164 163
 164 164 165 166 166 167 168 169 168 168 168 169 169 169 171 173 170 171
 171 171 171 172 172 172 172 173 174 173 172 173 175 176 175 175 175 176
 175 174 174 176 176 177 174 176 175 176 179 171 142 105  78  81  82  69
  65  65  73  70  66  66  65  61  61  62  66  68  69  71  75  77  76  77
  74  68  67  67  65  64  66  65  68  75  77  67  55  53  54  52  52  58
  61  64  71  74  78  88 137 171 202 197 202 203 200 206 202 204 204 203
 204 206 208 209 207 209 209 209 210 210 210 212 215 216 216 217 215 217
 211  29]"
"[ 29  29 142 142 142 145 142 145 144 145 145 145 144 145 145 146 149 148
 145 147 148 145 146 148 149 150 152 154 154 153 153 152 150 150 151 152
 153 154 154 154 152 153 155 157 156 154 155 157 161 160 159 160 160 159
 160 161 161 162 162 161 161 161 162 163 162 162 163 164 164 163 163 163
 164 164 164 165 167 168 169 169 169 168 167 168 169 170 171 172 170 171
 172 172 172 173 173 173 172 173 174 173 173 174 175 176 175 174 174 175
 175 174 174 176 177 177 174 177 177 178 182 170 144 110  77  79  79  68
  64  60  59  58  60  62  64  66  66  68  62  65  67  69  73  74  75  76
  75  73  72  70  67  65  67  70  70  68  66  64  67  71  68  59  59  57
  58  59  66  71  72  80 140 177 198 197 200 202 203 204 203 205 205 204
 207 209 210 211 208 209 209 209 210 210 210 211 215 216 216 216 215 217
 211  29]"
"[ 29  28 140 140 141 144 141 144 146 145 144 144 145 146 145 145 144 147
 145 146 146 144 147 149 149 152 153 152 151 152 152 151 148 148 149 152
 155 157 156 154 153 154 157 158 156 154 155 157 159 159 160 161 161 160
 160 161 162 162 162 161 162 162 163 164 162 161 162 164 164 163 163 164
 165 164 164 165 167 169 169 169 170 167 165 166 169 170 171 171 171 172
 172 172 172 173 173 173 171 173 174 174 174 174 175 175 176 174 174 176
 176 174 174 176 177 177 173 177 177 179 182 168 136 101  84  87  80  77
  68  60  54  53  58  59  62  65  61  63  55  62  66  67  68  69  71  75
  73  73  72  72  74  73  71  71  70  68  66  65  67  74  77  74  62  55
  59  59  61  70  75  87 144 185 196 198 201 203 207 202 203 206 205 205
 207 209 210 211 211 211 210 210 212 212 211 212 215 216 217 217 215 217
 212  29]"
"[ 29  30 139 139 140 145 146 148 147 145 144 145 147 146 146 146 145 145
 144 144 144 146 148 150 151 152 153 152 151 150 151 153 149 149 149 151
 154 156 156 156 158 158 158 159 159 158 158 159 160 160 159 158 157 158
 160 161 161 162 163 162 161 161 162 164 164 163 165 163 168 164 162 161
 166 165 166 166 166 165 165 167 169 169 168 166 167 170 173 174 170 172
 174 174 174 174 173 171 172 172 173 174 175 175 175 175 175 176 177 177
 176 176 175 176 179 178 171 179 177 178 180 171 138  99  88  83  78  75
  67  58  52  48  47  53  58  58  56  55  55  58  61  64  67  68  69  73
  74  75  79  82  81  76  73  74  72  67  66  65  64  70  79  82  75  66
  63  58  65  64  73  90 154 193 201 200 199 200 203 205 205 206 206 206
 207 209 210 209 213 212 212 213 214 214 214 215 218 221 217 214 214 220
 215  29]"
"[ 29  29 138 139 140 142 142 145 146 145 144 144 146 146 146 146 146 146
 145 145 145 146 147 148 152 151 151 152 153 153 152 151 152 152 152 153
 154 155 155 154 156 157 158 158 158 157 158 159 160 159 159 158 158 158
 159 160 163 163 163 162 162 162 163 164 165 163 165 163 167 164 163 162
 165 165 166 167 167 166 166 168 168 169 169 167 166 168 171 173 171 172
 173 174 174 174 174 172 173 173 174 175 176 175 175 176 176 177 178 178
 176 175 175 176 179 179 174 179 178 180 180 174 138  97  84  79  75  74
  68  61  50  45  43  45  47  47  48  50  52  53  54  56  58  60  64  71
  75  77  80  83  85  84  82  80  75  70  69  67  64  65  70  71  78  75
  75  73  73  68  71  90 164 196 199 201 204 204 204 203 204 205 206 206
 207 208 208 207 213 213 214 214 214 214 215 215 219 222 220 218 217 222
 217  28]"
"[ 30  29 138 142 143 143 142 144 145 145 145 144 145 147 147 145 146 146
 147 146 146 146 146 147 150 149 150 151 153 154 154 153 154 153 153 153
 154 154 153 153 154 157 159 158 156 156 158 159 159 160 160 160 160 160
 160 161 162 161 161 162 162 162 162 164 165 165 164 163 167 165 164 163
 165 165 166 166 166 165 166 166 168 169 170 169 168 168 170 174 172 172
 172 173 174 175 175 174 173 173 174 175 176 176 176 176 176 177 178 176
 175 174 174 175 178 179 177 179 179 182 179 176 135  94  83  80  78  77
  71  63  51  46  41  39  37  37  39  42  47  47  47  48  50  51  56  65
  78  79  80  82  85  87  85  81  81  77  74  72  67  65  66  65  69  72
  77  83  84  80  77  96 165 194 198 202 206 206 207 209 207 207 207 207
 208 209 210 209 214 215 217 217 216 216 217 218 217 218 219 220 219 225
 221  31]"
"[ 30  29 139 143 146 147 145 145 145 146 146 144 145 147 148 146 146 147
 147 147 147 147 148 148 151 153 154 153 151 152 156 159 153 153 153 153
 154 154 153 153 154 157 159 156 154 156 158 158 160 161 162 162 162 162
 162 162 161 159 159 161 162 162 163 164 164 166 164 164 166 165 165 164
 166 166 167 167 166 165 165 165 170 170 170 171 171 170 172 175 173 172
 171 171 173 175 175 174 174 173 174 175 176 176 176 177 177 176 175 174
 173 173 174 175 177 178 179 178 180 183 177 172 131  91  82  81  79  76
  69  61  55  49  42  39  37  35  36  37  40  41  42  45  46  44  48  57
  78  77  78  81  85  87  84  81  81  78  75  72  68  65  64  63  63  65
  69  81  90  97  93 112 174 203 205 207 208 207 208 209 211 210 209 209
 210 211 213 214 215 217 219 218 217 217 219 220 222 220 220 223 220 226
 221  29]"
"[ 28  29 139 141 144 147 145 144 145 146 146 144 145 147 148 146 146 147
 147 147 147 147 148 149 148 151 152 149 145 145 149 152 153 153 154 154
 154 154 155 155 155 157 158 155 155 157 159 159 161 162 162 162 162 163
 163 164 162 160 160 161 163 163 164 165 162 166 162 165 167 167 168 166
 167 167 167 167 167 168 167 167 173 171 170 172 173 172 172 173 173 172
 171 171 172 174 175 175 175 174 174 175 176 176 177 178 179 177 175 174
 174 176 177 177 177 177 179 178 181 183 175 166 132  92  83  82  79  75
  69  64  56  48  41  40  41  40  39  38  37  39  41  45  44  41  44  52
  71  71  75  82  88  88  85  84  80  79  76  74  71  67  63  61  60  60
  59  69  82  99  98 122 171 200 201 202 207 209 209 208 210 210 210 210
 211 212 214 215 216 218 219 217 216 217 220 222 226 223 223 226 224 230
 222  28]"
"[ 28  30 139 139 141 145 143 142 145 146 146 144 145 146 147 146 147 147
 147 146 146 146 147 148 150 152 153 152 151 151 152 152 152 153 154 154
 154 154 154 155 155 157 157 156 156 158 160 160 161 161 162 162 162 162
 163 164 164 163 162 162 163 164 165 165 161 166 162 165 167 168 170 168
 166 167 167 167 168 170 170 170 173 171 170 171 172 172 172 171 173 172
 171 171 172 173 174 174 176 175 175 176 177 177 178 179 180 178 176 175
 176 178 179 179 180 178 180 179 182 183 178 162 126  87  81  83  81  76
  69  65  53  45  38  38  42  44  44  42  41  43  45  46  45  43  48  57
  65  65  70  79  85  85  84  84  83  82  79  77  75  69  62  60  61  62
  64  73  84  98 102 134 182 211 210 207 207 207 207 206 208 208 210 212
 213 213 213 214 216 218 219 218 218 220 222 223 224 223 223 228 228 232
 222  29]"
"[ 29  30 140 140 141 143 142 143 146 146 145 145 145 146 146 147 147 148
 147 147 146 146 147 147 149 151 151 151 152 154 154 152 152 153 154 154
 153 153 153 154 156 157 158 158 158 158 159 160 160 161 161 161 162 162
 163 164 164 165 164 163 163 165 165 164 163 169 162 166 166 168 170 168
 166 167 167 166 168 170 171 170 169 171 172 171 171 171 171 171 172 172
 172 171 172 173 174 174 176 176 176 177 178 178 179 180 179 178 177 177
 178 179 180 181 182 179 180 181 182 182 182 161 119  80  76  81  79  73
  65  59  51  45  39  39  43  47  47  46  47  49  49  47  46  47  54  64
  65  63  64  69  75  80  82  83  82  81  76  73  72  66  59  58  58  59
  66  75  83  93 102 147 185 212 210 208 208 207 208 210 208 209 211 213
 214 213 214 215 216 218 219 219 220 222 223 223 227 227 225 228 227 229
 217  27]"
"[ 29  29 139 141 142 142 142 145 147 146 146 146 146 146 146 148 148 148
 148 148 147 147 147 148 152 153 153 151 151 153 154 153 153 154 155 155
 154 153 154 155 157 158 159 160 158 157 157 159 160 160 161 162 162 163
 163 164 164 166 165 163 163 166 166 164 166 172 163 167 165 167 169 168
 169 169 168 167 168 170 171 170 164 169 173 172 170 171 172 173 172 172
 172 172 172 173 173 173 175 175 176 178 179 178 178 179 178 179 180 179
 179 179 180 182 184 180 180 181 181 181 185 162 127  86  78  80  78  72
  64  58  52  47  43  42  45  48  48  47  48  50  49  47  45  48  56  67
  68  64  60  60  67  76  84  86  82  80  73  69  69  64  59  60  61  58
  64  72  81  89 106 162 195 215 208 208 211 210 208 209 210 210 210 212
 212 212 214 216 215 217 218 219 220 223 223 222 226 227 224 225 225 227
 218  31]"
"[ 28  29 141 138 142 142 142 147 148 148 147 144 141 142 145 148 147 146
 146 147 150 152 150 148 151 151 152 152 153 153 153 152 152 154 156 156
 154 153 153 154 158 159 159 159 157 155 156 159 159 159 160 161 161 161
 163 166 165 166 165 164 165 166 165 166 168 169 167 165 166 166 166 168
 169 169 168 168 168 169 170 170 168 170 172 173 172 171 172 173 174 173
 173 172 171 170 172 174 175 177 177 178 178 179 180 180 179 180 180 180
 180 179 179 181 180 182 182 178 181 180 189 174 135  86  76  79  79  76
  68  57  54  48  49  49  47  49  48  46  47  54  51  46  41  43  59  75
  73  68  66  70  74  79  81  79  80  77  72  69  68  68  67  66  62  58
  60  73  82  88 111 173 201 207 210 211 214 213 211 212 214 212 212 213
 214 213 215 218 218 217 219 222 224 222 220 221 226 226 226 228 228 227
 220  29]"
"[ 29  29 142 140 143 143 142 146 146 146 145 143 142 142 144 145 147 147
 147 148 150 151 150 149 152 152 152 153 153 154 153 153 153 154 155 155
 155 154 155 156 158 159 160 161 159 156 155 156 158 158 159 160 161 161
 162 163 164 165 165 165 166 167 166 166 168 169 169 168 168 167 166 168
 169 169 169 169 170 171 172 172 170 172 173 174 173 172 172 173 172 172
 173 173 173 174 173 173 175 177 178 179 179 180 180 180 180 181 181 181
 181 179 179 181 181 182 183 180 183 182 188 172 140  89  78  82  81  76
  66  57  54  48  49  49  47  48  48  48  52  56  52  49  49  53  66  79
  77  75  74  75  76  78  82  82  77  75  74  74  71  67  65  64  60  57
  59  73  81  94 122 176 203 206 208 209 211 212 212 213 215 215 214 213
 213 213 217 220 219 219 220 223 224 223 223 225 225 226 226 229 229 228
 221  29]"
"[ 29  29 143 141 143 143 143 146 147 147 147 146 146 147 147 146 144 145
 147 148 149 150 150 151 152 152 153 153 154 154 153 153 153 154 155 154
 154 154 156 158 158 159 160 161 160 157 156 155 158 158 159 161 162 162
 162 162 164 164 165 166 167 167 167 166 166 168 169 168 168 167 165 167
 168 169 170 170 170 170 171 172 171 172 173 174 173 172 171 171 170 172
 173 173 175 176 175 173 175 178 180 180 180 180 180 180 180 181 182 182
 182 180 180 181 183 184 184 183 186 184 187 172 139  87  78  82  80  75
  69  66  56  47  47  47  45  45  47  50  58  60  53  51  56  62  71  79
  80  79  80  79  75  75  79  82  77  73  72  73  71  66  63  63  62  61
  64  79  84 107 144 187 211 210 211 211 210 211 211 209 213 214 213 211
 211 213 216 218 219 219 220 222 223 223 224 227 224 226 227 230 230 229
 222  29]"
"[ 29  28 143 141 142 143 144 146 147 147 147 147 147 147 147 145 146 147
 148 149 149 150 150 151 153 153 153 154 154 153 153 152 153 154 154 153
 153 153 155 156 159 158 158 158 158 158 158 158 160 160 160 162 162 162
 162 163 165 164 164 166 166 167 167 166 165 167 167 168 169 167 165 165
 167 169 170 170 170 170 171 172 171 172 173 173 173 173 172 171 172 174
 174 174 175 178 177 175 178 180 181 180 179 179 179 179 179 180 181 182
 183 182 181 183 185 185 186 185 188 186 187 176 144  91  81  81  76  73
  66  63  54  43  42  45  44  46  49  54  61  60  51  51  60  67  73  76
  77  78  79  77  74  75  79  81  81  74  68  65  65  63  62  61  58  57
  58  76  81 116 160 187 210 207 209 211 210 211 212 207 209 211 212 211
 211 214 216 216 219 220 220 221 221 222 225 227 225 227 228 230 230 230
 222  28]"
"[ 29  28 143 141 142 144 146 147 147 148 148 148 147 147 147 146 152 152
 152 152 151 151 150 150 153 153 154 154 154 153 152 151 153 153 153 153
 152 153 154 155 158 157 156 157 158 159 160 160 161 161 162 162 161 161
 163 165 167 163 163 165 164 166 167 167 166 167 166 168 170 169 166 166
 166 168 170 171 171 171 173 175 172 172 173 174 174 174 173 173 175 177
 177 174 174 177 179 178 179 180 181 180 179 178 179 179 179 181 181 182
 184 183 183 185 186 187 187 186 187 186 187 182 143  91  82  80  77  77
  69  64  52  41  42  47  48  50  53  57  59  57  50  52  63  71  75  77
  75  75  77  77  76  79  82  82  79  75  68  61  59  60  60  60  61  61
  60  80  90 138 180 193 211 209 210 212 211 213 213 209 209 210 211 210
 212 216 217 217 220 220 221 222 222 224 226 229 227 228 228 229 230 230
 222  29]"
"[ 29  28 143 141 141 144 147 147 148 149 149 148 147 147 148 148 152 151
 151 152 152 153 152 151 153 153 154 154 153 152 152 152 153 153 154 154
 153 154 154 155 157 157 157 157 159 160 160 159 162 162 162 162 161 161
 163 165 167 162 162 165 164 166 168 167 166 166 166 167 170 170 168 167
 168 169 171 171 170 170 172 173 172 172 172 173 174 174 174 174 177 177
 177 174 174 176 179 180 180 180 180 179 179 180 181 182 184 184 184 184
 186 185 185 187 187 187 188 187 187 186 187 187 148 100  95  89  79  74
  65  62  55  45  47  52  53  54  54  57  59  57  52  56  68  73  77  78
  81  79  79  78  78  80  80  77  67  70  68  62  57  57  59  60  57  64
  69  89 101 155 194 202 215 213 212 212 212 213 213 211 209 209 209 209
 211 215 218 219 220 220 220 221 223 225 228 229 228 229 228 229 230 231
 223  30]"
"[ 29  28 144 142 141 144 147 146 145 146 146 145 145 146 146 146 148 148
 149 150 152 153 153 153 154 154 153 153 152 153 154 155 155 155 155 154
 154 154 155 155 156 157 157 157 159 161 161 160 162 162 162 163 163 162
 163 165 166 161 163 166 165 166 167 165 164 166 166 167 170 170 168 169
 170 171 171 171 170 170 171 172 172 172 172 173 173 174 175 176 176 176
 176 176 176 177 178 179 180 180 180 180 181 183 184 185 187 186 185 184
 186 186 186 188 187 187 187 187 187 186 185 188 146  98  96  90  79  75
  66  68  60  51  51  54  53  54  55  58  59  57  53  60  72  75  78  80
  85  83  82  80  79  80  78  72  61  64  65  62  57  56  57  58  51  66
  77  98 114 171 204 209 208 210 210 210 212 213 212 212 209 209 209 210
 211 213 217 220 220 219 218 219 222 226 228 229 229 231 229 230 230 231
 224  29]"
"[ 30  29 145 143 142 145 148 145 146 146 146 146 147 148 148 147 148 149
 150 150 151 151 152 152 155 154 153 152 152 153 155 157 157 156 156 155
 154 154 154 155 157 157 157 157 158 161 162 161 162 162 163 164 165 164
 164 164 166 161 164 168 166 166 166 163 162 165 167 168 170 169 169 170
 169 170 171 171 171 172 173 175 173 173 173 173 174 175 176 177 177 176
 176 178 180 180 180 180 181 180 180 180 182 185 186 186 186 185 183 182
 184 184 185 188 187 187 187 187 187 187 184 188 151  94  86  83  78  76
  64  64  60  51  51  51  50  53  57  63  56  54  51  61  74  77  79  83
  84  83  82  81  80  80  78  73  67  66  63  61  58  55  53  53  48  64
  74  99 123 184 208 206 209 213 213 213 216 214 211 212 209 210 212 214
 214 214 217 221 221 220 218 218 222 226 228 228 231 232 231 230 231 231
 223  28]"
"[ 29  28 145 145 146 147 147 146 144 149 150 145 146 150 149 148 147 148
 149 150 150 151 152 153 154 156 157 156 154 154 155 156 158 158 157 157
 159 156 154 158 159 161 162 162 161 162 163 162 161 162 164 165 164 164
 165 164 162 164 166 167 167 166 166 167 167 167 167 169 169 169 170 171
 171 169 169 171 172 172 173 174 173 174 175 175 175 175 176 178 179 178
 177 178 178 179 180 181 181 181 181 182 182 182 183 184 186 185 185 185
 185 184 185 187 187 188 188 187 187 188 187 186 154 100  89  87  81  73
  68  65  58  54  53  56  52  56  66  61  57  52  51  65  78  78  79  82
  83  82  78  81  81  75  76  78  71  65  60  57  55  53  53  55  52  66
  91 109 160 196 207 208 209 211 213 212 212 212 213 213 210 211 215 219
 218 216 217 221 222 221 222 225 221 221 228 224 229 230 228 230 230 232
 226  28]"
"[ 29  28 145 145 145 146 147 146 147 148 150 149 151 152 147 146 148 148
 148 149 150 151 152 152 156 156 156 154 153 153 154 155 156 157 156 157
 159 157 155 157 160 161 162 161 161 162 162 160 161 162 163 164 163 164
 164 163 164 164 166 166 167 167 167 167 169 167 166 167 168 170 171 172
 173 170 169 170 170 170 171 174 174 174 174 175 176 177 178 179 179 178
 178 178 178 179 180 181 182 182 182 182 181 181 183 185 186 185 184 184
 184 183 184 186 188 187 187 188 188 188 189 190 163 107  90  88  84  76
  70  66  60  57  56  57  54  59  67  62  53  51  56  69  79  81  79  79
  81  82  79  80  79  74  75  75  68  64  59  56  55  55  56  58  70  77
  96 127 173 199 212 213 211 212 213 212 211 212 213 213 211 211 214 216
 217 217 218 221 222 222 223 227 223 223 228 224 226 229 228 230 231 232
 227  29]"
"[ 30  29 146 145 145 146 146 146 148 146 148 149 151 151 148 151 151 150
 150 150 152 152 152 152 154 154 154 153 154 156 157 157 154 155 156 158
 160 158 156 158 158 159 159 160 161 163 163 161 163 162 162 163 163 164
 165 164 165 165 165 165 167 167 168 168 171 169 168 168 170 171 172 173
 173 172 170 170 170 170 171 173 174 173 173 174 175 177 179 180 180 180
 180 179 179 179 181 182 182 182 182 182 181 181 183 186 186 185 185 184
 184 183 184 186 189 187 186 188 188 187 189 193 168 111  84  84  83  75
  68  65  64  61  59  59  56  60  66  60  52  53  67  76  79  83  81  82
  81  82  80  80  79  76  76  73  65  62  57  55  55  57  60  62  69  73
  97 148 189 201 209 208 214 214 213 212 211 212 213 213 214 214 214 215
 217 219 220 221 221 222 224 227 225 225 228 225 227 229 227 229 229 231
 226  29]"
"[ 29  28 146 146 145 145 147 148 146 145 146 147 148 148 148 154 153 154
 154 154 154 153 152 151 150 152 154 155 156 157 158 158 154 154 155 157
 158 158 159 160 159 158 158 158 161 165 165 163 165 162 162 163 163 165
 166 165 166 165 164 164 166 168 169 169 172 171 171 172 173 173 172 172
 172 171 171 172 172 172 173 175 175 175 174 173 174 176 178 179 181 181
 181 180 179 179 180 181 181 181 182 182 181 181 184 187 185 186 186 186
 186 185 186 186 188 187 187 188 187 185 188 191 177 123  85  86  86  80
  75  74  69  64  61  60  59  62  64  57  53  57  78  83  80  83  84  89
  87  84  81  81  80  77  73  69  65  62  57  55  56  60  64  66  71  78
 109 169 201 208 213 216 214 214 214 213 213 213 213 213 216 217 217 217
 218 220 221 221 220 220 223 226 226 227 229 227 230 231 228 229 230 231
 226  29]"
"[ 28  28 146 147 146 146 148 150 147 147 148 147 149 149 146 149 151 153
 155 156 154 152 151 151 151 153 155 155 154 154 155 156 155 154 154 155
 156 158 160 161 161 160 159 158 161 164 164 162 168 163 162 163 164 165
 167 166 166 165 164 165 167 169 170 170 171 171 172 172 172 171 171 172
 171 171 171 171 172 174 176 178 177 177 176 175 174 174 176 178 180 181
 181 179 178 179 180 180 181 182 183 183 182 181 183 185 184 185 186 187
 187 187 187 187 186 188 188 187 185 185 186 187 178 130  82  82  81  77
  75  75  71  64  61  60  63  66  63  56  54  58  79  85  82  85  87  93
  94  84  80  80  78  74  68  64  64  61  57  55  56  60  65  68  68  88
 131 184 205 210 208 214 214 215 215 215 215 215 214 213 215 218 219 219
 219 221 221 221 220 220 223 225 226 228 229 229 231 232 230 232 233 235
 227  29]"
"[ 29  29 148 149 147 147 150 153 152 149 147 145 150 154 150 149 148 151
 154 155 154 152 152 152 153 155 155 154 153 154 156 158 157 155 156 156
 156 159 162 163 162 161 159 159 161 164 165 164 168 163 162 164 164 165
 166 165 165 165 164 165 167 169 170 170 170 171 171 171 170 170 172 174
 172 172 171 170 171 174 177 180 179 179 179 177 175 175 176 178 180 181
 181 179 179 181 182 182 183 184 185 185 183 182 183 184 183 185 187 187
 187 188 188 188 185 187 188 186 185 186 187 187 182 142  87  83  80  78
  76  75  68  60  58  61  65  68  63  58  56  59  75  83  85  88  87  89
  90  78  75  76  73  70  65  62  61  57  54  53  55  58  63  68  68 109
 159 199 212 213 208 212 214 215 216 216 216 215 214 213 213 217 219 220
 220 221 221 221 222 222 224 225 227 229 228 229 228 230 230 234 236 235
 227  28]"
"[ 30  30 149 149 147 146 148 152 152 148 146 146 151 155 153 154 150 152
 154 154 154 153 153 154 154 155 155 154 154 156 158 160 158 156 157 157
 156 159 163 162 161 161 160 160 162 165 165 165 164 161 161 164 164 164
 164 163 163 163 164 165 167 169 170 170 171 171 171 172 171 172 173 175
 174 174 173 172 171 173 176 177 178 179 179 178 177 177 178 178 179 181
 181 179 179 181 182 182 182 183 184 185 184 183 184 185 184 186 187 187
 187 188 189 188 187 186 186 186 187 188 189 190 186 154  92  85  81  79
  76  73  66  58  58  62  67  68  61  59  61  67  75  81  85  89  88  87
  82  73  74  73  68  67  64  63  57  52  50  52  54  56  62  69  73 132
 176 200 209 210 211 215 215 216 217 216 215 215 214 214 213 216 218 219
 220 220 221 222 223 223 225 225 228 229 225 226 226 229 229 232 233 234
 226  28]"
"[ 28  28 147 148 145 142 144 148 147 147 149 151 153 154 151 155 155 155
 154 154 153 153 154 154 154 155 155 155 155 157 157 158 157 155 156 157
 155 158 161 159 162 163 162 162 162 164 164 163 160 157 159 163 164 164
 164 163 161 162 163 165 167 168 169 169 171 171 171 173 173 173 172 172
 175 176 176 175 173 173 173 173 177 177 177 178 179 179 179 179 178 180
 179 178 178 180 181 180 179 180 182 184 184 185 186 188 186 187 188 187
 187 189 189 189 190 186 185 187 188 188 190 193 189 161  97  88  82  80
  77  71  67  59  60  64  68  67  60  60  65  76  80  82  84  87  90  88
  79  74  77  73  64  63  62  61  56  50  48  52  55  57  64  72  75 147
 187 204 212 209 212 211 216 217 217 216 214 214 214 214 216 216 218 219
 220 220 221 222 223 223 226 226 229 230 223 224 228 230 229 230 229 230
 225  29]"
"[ 28  28 146 144 145 147 148 147 150 151 150 152 154 152 152 153 153 154
 154 153 153 154 154 155 153 152 153 155 157 157 157 156 157 158 159 158
 156 158 160 160 162 162 161 162 163 163 162 161 159 160 160 161 163 166
 165 162 163 162 163 166 168 169 170 170 171 172 171 170 171 173 173 172
 171 176 179 176 174 174 175 175 174 174 175 177 179 179 179 178 178 179
 180 181 181 180 179 180 179 182 183 182 183 186 187 186 187 187 187 187
 187 189 190 190 191 189 188 188 189 188 190 192 195 162 100  93  85  80
  79  73  65  58  62  67  67  65  61  58  65  81  82  81  85  87  88  89
  82  80  76  70  63  58  57  57  56  48  52  55  54  60  60  72  83 153
 198 208 209 211 209 216 217 219 218 214 212 213 214 214 216 219 220 220
 221 222 222 223 225 226 228 229 229 229 229 230 230 235 234 232 236 235
 229  29]"
"[ 29  29 147 146 146 147 149 149 152 153 151 152 153 152 151 152 153 153
 153 153 153 154 155 154 154 153 154 156 158 158 156 155 154 155 159 160
 159 161 163 161 162 162 161 161 162 163 163 161 162 162 160 160 162 164
 162 158 159 160 163 166 169 170 170 170 171 172 171 170 171 172 173 173
 171 174 176 177 177 176 177 178 173 174 176 178 179 179 179 180 177 179
 181 181 179 177 178 180 186 187 185 184 184 186 186 185 185 185 185 185
 186 188 190 191 190 189 189 189 189 188 189 190 194 173 117  97  85  81
  79  75  75  66  66  68  66  65  62  60  67  80  81  80  86  86  86  87
  82  79  74  68  61  55  52  52  52  52  48  52  60  61  58  78 108 174
 209 209 207 213 212 216 218 218 217 215 213 213 213 214 211 216 219 221
 224 224 223 223 223 224 226 229 229 228 228 229 230 232 231 230 234 234
 227  28]"
"[ 30  29 147 148 147 148 150 151 152 152 152 152 153 153 152 151 152 153
 153 153 154 155 155 154 154 153 153 156 159 159 156 154 156 158 161 161
 160 161 162 160 161 162 162 161 162 162 162 161 162 161 159 159 162 163
 161 157 158 160 163 165 167 168 168 168 172 172 172 171 171 172 174 174
 174 174 175 177 177 174 173 175 176 177 179 180 179 178 178 179 179 178
 179 181 182 183 182 182 185 185 184 184 186 187 187 184 186 187 187 186
 186 187 188 188 189 191 191 190 189 188 188 188 193 186 139 101  83  82
  79  76  72  66  67  68  68  67  65  65  73  82  81  82  87  86  84  84
  81  76  71  65  60  54  50  48  49  53  47  49  60  63  60  82 116 180
 213 213 210 215 214 216 218 217 217 217 216 214 213 215 214 217 219 220
 223 224 224 225 223 223 226 228 229 227 227 229 231 231 229 230 234 233
 227  29]"
"[ 30  28 147 149 149 148 149 150 149 148 151 152 153 155 153 151 152 153
 154 154 154 155 155 155 154 153 154 157 160 160 158 157 161 161 162 161
 158 159 161 159 162 163 163 163 162 162 162 162 163 162 162 161 162 163
 162 160 160 162 164 164 165 167 168 168 172 173 173 172 171 172 173 174
 175 175 177 179 179 177 177 178 179 179 180 180 180 178 178 179 178 177
 177 180 183 183 182 180 179 180 183 185 187 189 187 185 186 187 188 187
 186 186 186 186 189 192 193 191 189 189 189 188 191 192 153 102  79  81
  77  75  71  67  68  68  68  67  65  66  73  80  81  84  88  87  86  85
  78  72  66  62  58  53  49  48  49  50  51  50  58  69  69  89 144 191
 210 211 211 214 215 219 215 216 217 217 217 216 215 216 217 219 219 220
 223 224 225 227 226 227 227 228 227 228 230 231 233 231 230 232 234 232
 227  30]"
"[ 30  28 147 150 151 150 149 149 148 146 152 153 153 155 153 152 152 154
 155 155 154 154 156 157 156 156 157 159 161 161 161 161 161 161 162 160
 158 160 162 161 162 163 164 164 164 164 164 164 165 166 166 165 163 162
 162 162 163 164 166 166 167 168 170 170 172 173 173 172 171 170 171 172
 173 175 177 177 177 177 177 178 178 177 177 179 180 180 180 180 178 180
 183 183 182 179 179 181 180 182 185 187 188 188 187 185 183 185 186 186
 186 186 187 187 189 192 193 192 190 191 191 190 189 192 159 104  76  79
  76  75  75  70  69  67  67  68  67  71  76  82  83  85  86  82  80  79
  76  69  61  58  55  51  49  48  50  46  53  55  64  76  77 109 175 205
 210 209 212 215 216 215 214 216 218 217 217 218 218 216 216 218 220 222
 224 225 225 226 227 229 230 228 228 231 233 232 234 232 233 235 234 231
 228  30]"
"[ 30  29 148 150 152 152 151 149 151 147 154 155 153 154 152 152 154 156
 156 155 154 155 156 158 157 158 159 160 160 160 161 162 160 160 162 161
 159 160 162 160 160 162 163 163 163 164 164 164 164 165 165 164 162 161
 162 162 161 164 166 167 168 171 172 171 171 172 172 172 171 169 169 170
 172 173 174 174 173 173 174 175 178 177 177 178 179 179 179 179 180 180
 182 183 182 181 181 182 186 186 187 187 187 186 187 187 183 185 186 187
 187 187 188 187 189 191 192 192 192 192 191 191 190 192 166 114  76  80
  79  78  74  72  70  68  69  69  67  70  77  83  83  82  80  75  74  72
  74  67  59  55  53  50  48  49  50  48  53  58  71  76  80 134 181 211
 214 214 215 217 216 212 216 219 220 218 218 220 220 218 218 219 220 220
 222 221 222 225 225 228 230 229 230 232 233 233 235 233 235 237 235 232
 229  30]"
"[ 29  30 149 149 150 152 153 153 154 147 154 156 152 153 151 153 157 157
 156 155 155 156 157 158 158 158 158 159 158 158 159 160 161 161 163 162
 159 160 160 159 161 162 162 161 162 163 164 164 164 163 162 163 163 164
 163 163 162 164 165 165 167 171 172 171 171 171 171 172 171 169 169 171
 172 171 172 174 176 176 178 180 178 178 178 179 179 178 178 178 179 177
 176 178 181 182 182 181 188 187 186 186 186 187 187 188 185 187 187 187
 187 188 188 187 189 189 190 192 192 192 191 190 190 196 176 128  78  81
  82  78  74  74  73  71  71  69  63  65  72  78  79  78  76  74  75  74
  72  64  57  54  51  48  49  51  52  52  52  59  68  71  95 158 195 219
 216 216 214 214 217 216 219 220 220 219 219 220 219 218 218 220 219 219
 220 219 221 225 224 225 228 230 231 231 232 234 236 233 234 236 236 234
 230  29]"
"[ 29  30 149 148 148 151 155 156 154 146 153 155 151 152 151 155 159 158
 156 155 155 157 157 157 158 157 158 158 158 158 158 159 162 162 163 161
 159 160 161 159 164 163 162 161 161 163 164 164 167 164 161 163 166 167
 165 163 165 166 165 164 166 169 171 171 172 171 171 172 171 170 170 172
 176 172 171 174 176 174 175 178 176 177 179 181 180 179 179 180 182 180
 180 180 181 182 184 185 189 187 186 186 187 187 186 186 186 186 186 186
 187 188 188 188 188 187 188 191 193 191 190 189 190 198 183 138  78  79
  82  76  74  73  72  70  72  72  68  72  74  79  79  76  74  73  75  72
  68  61  54  52  50  48  49  52  54  54  52  61  61  71 118 177 206 218
 209 214 217 214 215 214 218 217 217 217 217 217 217 218 212 216 219 221
 223 221 222 225 226 224 226 230 231 229 231 235 235 231 232 234 234 234
 230  27]"
"[ 29  27 145 147 149 149 151 152 151 151 153 155 153 151 153 157 158 158
 156 153 153 155 157 157 155 155 161 160 158 159 156 160 160 160 160 160
 158 157 158 161 163 163 162 161 162 162 162 165 166 165 164 164 166 168
 167 165 165 166 166 166 167 169 172 174 172 172 172 173 172 171 173 174
 174 175 176 175 175 176 176 176 175 176 178 179 180 180 180 179 180 180
 181 180 181 182 183 183 186 186 186 187 187 187 187 186 185 186 187 188
 188 188 188 189 188 188 189 190 191 192 191 189 192 195 187 152  88  78
  81  72  73  70  68  71  75  74  72  73  77  81  81  77  75  77  75  71
  69  64  57  53  51  51  53  54  54  53  56  56  60  74 131 187 204 215
 217 214 215 214 214 217 217 217 217 216 215 216 216 217 217 221 219 222
 225 225 222 229 228 229 230 229 228 230 232 233 233 232 234 234 231 233
 227  29]"
"[ 29  29 147 149 150 151 150 154 152 153 154 155 156 157 159 160 158 157
 156 155 155 156 158 160 156 155 160 159 158 159 157 160 161 161 161 160
 158 157 159 161 160 161 162 165 168 166 164 165 165 164 163 163 164 164
 163 163 164 164 165 167 168 168 169 170 171 172 173 174 173 172 172 173
 174 176 177 177 178 178 178 178 177 178 180 180 181 181 181 181 181 182
 183 183 183 184 184 183 184 185 186 187 186 186 186 186 185 186 187 188
 188 187 187 188 187 188 189 191 192 192 192 191 190 197 194 163 102  77
  78  72  70  69  67  69  73  74  74  76  79  81  81  79  77  75  74  72
  71  67  59  55  56  59  59  56  52  54  58  57  57  90 148 200 205 214
 216 212 214 214 215 218 217 218 217 216 216 216 217 217 216 220 218 221
 223 223 220 226 226 228 229 229 230 232 234 235 234 234 231 237 235 231
 224  29]"
"[ 31  31 149 153 156 148 156 146 151 153 153 151 150 152 153 152 157 156
 156 156 155 154 157 160 158 157 159 159 159 159 158 160 162 163 162 160
 158 159 162 164 164 163 163 165 168 167 166 169 167 165 165 166 165 163
 163 164 167 165 164 167 168 166 166 167 171 172 173 174 174 172 172 173
 174 175 177 179 179 179 179 178 177 178 180 180 180 180 180 180 180 181
 182 182 182 182 182 180 181 184 186 187 188 188 188 189 187 187 188 188
 188 188 188 188 186 187 188 189 191 191 191 191 190 189 189 170 122  76
  73  73  71  71  68  68  72  75  76  77  79  78  79  80  78  74  72  74
  70  67  60  55  55  58  57  53  51  52  56  59  62 113 161 201 207 214
 214 211 213 214 215 219 219 219 217 216 216 217 218 218 217 221 220 223
 224 225 223 228 227 229 231 231 232 234 235 235 232 231 240 233 235 239
 232  28]"
"[ 27  26 155 151 152 150 152 153 152 154 155 154 152 152 154 156 157 155
 154 155 155 154 155 158 160 158 158 158 158 159 158 159 160 161 161 159
 159 162 165 165 165 165 163 160 162 164 165 167 166 164 165 167 166 163
 163 166 164 160 159 162 165 165 166 169 171 171 172 172 172 172 172 173
 172 174 176 178 178 178 177 177 177 179 181 181 180 181 181 181 182 182
 182 182 181 181 181 180 179 181 183 185 185 186 187 188 188 189 189 188
 188 188 189 190 190 190 190 191 192 193 193 192 195 192 190 177 142  82
  74  72  68  68  66  66  72  78  79  79  79  79  79  79  76  69  66  67
  68  67  62  57  55  56  56  55  56  52  49  49  66 130 173 209 210 214
 215 213 214 216 217 219 220 220 219 218 218 219 219 218 218 221 220 224
 225 226 224 228 229 231 232 232 233 233 234 234 236 237 234 235 239 233
 234  29]"
"[ 29  33 149 151 154 156 151 154 151 151 152 154 155 153 154 155 155 153
 152 154 156 155 156 158 159 157 155 156 157 157 159 159 159 159 159 158
 160 163 163 162 163 167 167 162 162 164 164 163 162 161 163 166 165 162
 163 165 169 164 162 164 167 167 168 171 169 170 171 173 173 173 173 173
 172 173 176 178 179 178 177 178 177 179 180 180 180 180 181 181 183 183
 182 181 181 182 183 183 187 186 186 187 188 188 188 188 188 188 187 187
 187 188 189 190 192 190 188 189 192 193 193 192 191 194 197 186 157  94
  77  69  69  69  67  67  74  80  80  78  78  79  80  79  75  70  67  65
  64  60  58  57  56  56  57  59  52  55  55  51  83 149 183 213 209 212
 214 213 214 216 216 217 218 218 218 218 219 219 219 217 221 223 222 225
 225 226 225 227 228 230 230 231 231 233 233 233 235 236 233 239 235 240
 232  28]"
"[ 31  28 150 150 150 152 157 153 154 150 149 154 158 157 154 154 153 152
 152 154 157 158 159 159 158 158 155 157 157 157 160 160 162 162 161 161
 162 163 162 161 158 164 165 160 160 162 162 161 164 164 166 169 169 167
 167 169 170 167 166 167 168 167 167 168 166 167 170 173 174 173 172 172
 172 173 175 178 178 177 177 178 176 177 178 178 178 179 179 179 183 183
 182 181 181 183 185 185 187 186 185 185 186 187 186 186 189 188 188 187
 187 188 190 191 192 190 189 190 192 194 194 193 196 194 195 192 170 108
  79  69  72  72  70  71  77  82  81  79  77  79  80  78  75  73  69  65
  61  56  52  54  57  56  56  57  54  59  56  49  90 156 187 209 209 212
 214 215 215 217 217 216 217 218 219 219 220 221 220 219 221 222 222 225
 224 227 226 228 228 229 230 230 232 234 235 236 234 235 238 237 239 238
 231  30]"
"[ 29  28 150 151 152 158 152 154 149 147 147 151 155 156 155 154 154 154
 154 156 157 159 159 159 158 159 157 159 159 157 161 160 163 162 161 162
 162 161 160 160 163 166 165 162 163 164 164 166 165 165 165 167 167 166
 166 166 166 166 166 168 169 170 171 172 170 171 172 174 175 174 174 174
 174 174 175 177 178 177 177 179 179 179 180 179 179 180 179 180 182 182
 181 181 181 182 183 184 185 185 185 185 186 186 186 186 186 186 186 185
 185 185 187 188 189 188 188 189 190 190 190 190 191 190 193 199 183 128
  86  69  71  72  72  74  79  83  83  83  80  81  80  78  75  73  70  66
  61  57  54  56  58  58  57  56  59  58  57  58 100 161 192 212 206 207
 209 209 209 209 211 209 209 211 211 211 212 213 213 212 216 217 216 218
 218 222 222 221 223 223 224 224 225 227 227 227 229 229 228 229 226 230
 226  26]"
"[29 29 28 28 28 30 29 27 28 29 30 29 29 30 29 28 28 29 29 29 29 29 29 29
 28 31 28 31 30 27 30 29 30 29 29 30 29 28 28 30 29 29 28 29 30 28 27 30
 30 29 29 29 29 29 29 28 29 29 29 28 28 28 29 30 30 29 28 29 29 29 29 30
 29 28 29 30 30 28 28 30 29 29 29 28 28 29 29 28 29 29 29 28 28 29 29 29
 29 29 29 29 29 29 29 29 29 29 29 29 29 29 29 30 28 28 29 29 29 29 29 29
 29 31 27 27 30 29 28 30 30 30 28 28 29 29 28 28 29 29 29 29 30 30 29 28
 28 29 29 28 28 28 29 28 29 28 31 29 28 33 26 28 29 28 29 29 28 29 30 29
 29 30 30 29 29 29 29 29 30 29 28 29 26 30 30 29 29 29 29 28 29 29 29 28
 26 33 27 28 31 30 27 31]"
