"[ 25  63  60  55  59  49  51  54  53  54  56  60  65  70  75  77  70  76
  90 107 114 114 117 125 119 116 113 109 102  90  75  64  63  62  59  61
  67  68  57  44  27  27  26  25  27  30  24  16  50  51  52  51  48  44
  39  37  40  40  33  41  38  42  62  55]","[ 56  94  90  88  98  97 106 111 109 108 108 109 111 114 116 118 123 128
 144 166 185 201 218 231 238 242 250 249 249 238 221 209 182 167 142 121
 113 114 112 108 100  87  67  42  17  10  30  57  85  81  75  70  67  65
  63  61  56  74  71  62  63  90 121 105]","[ 38  74  69  66  75  73  76  77  83  83  84  86  89  93  97  99  97  97
  99 105 109 113 120 128 158 169 186 205 223 238 249 253 253 250 237 214
 187 161 133 113 104  91  90 100  96  79  73  79  86  79  70  65  65  68
  69  70  64  69  59  66  90 126 141 106]","[ 50  90  86  80  85  76  71  64  71  71  72  75  78  82  86  88  92  93
  95  97  98  96  96  96  99 103 108 117 130 151 174 189 203 222 244 254
 254 254 247 235 204 170 132 108  94  86  85  91  66  60  55  55  61  67
  69  70  76  70  70 103 129 138 135 102]","[ 48  91  88  82  88  84  82  75  71  70  68  66  64  64  65  65  68  71
  76  82  89  95  98  99  89  93  97  98  96  96  99 102 109 119 131 145
 167 195 218 230 239 253 253 206 141  94  74  68  66  65  65  69  75  79
  79  78  76  96 117 142 139 128 131 113]","[ 54  98  95  84  89  89  94  91  87  85  82  80  78  77  77  77  73  71
  65  59  59  63  65  63  67  72  80  86  91  94  96  97 102 102  97  90
  92 102 112 117 142 179 191 148  91  63  64  69  71  73  76  79  81  82
  82  83  88 120 133 134 127 133 137 104]","[ 62 113 114 101 100  94  96  91  87  86  83  81  80  79  79  80  85  84
  77  70  69  74  73  69  63  60  57  58  62  69  74  77  70  78  85  90
  94  97  93  87  79  92  95  81  66  62  63  62  68  72  76  77  79  84
  92  99 126 138 132 131 136 149 148 105]","[ 92 151 162 153 149 137 131 121 107 104  99  93  88  84  82  81  76  80
  80  79  81  85  80  71  85  78  70  66  64  63  60  57  61  62  60  59
  64  74  79  78  79  70  64  65  66  63  60  59  71  76  80  83  87  99
 117 131 138 137 133 142 138 131 135 116]","[ 69 155 145 147 150 150 151 159 160 157 152 146 137 125 113 104  94  93
  91  90  88  84  80  76  81  79  77  79  79  76  73  72  71  65  57  52
  51  49  47  44  46  50  45  44  57  61  59  62  82  79  76  82 102 126
 140 143 142 146 139 141 140 142 142 110]","[ 76 163 152 151 150 147 144 149 140 140 143 149 155 159 160 159 158 153
 145 137 129 120 111 105  99  92  84  80  79  78  77  77  71  69  65  62
  60  57  54  51  44  44  35  36  54  66  71  80  80  86  94 107 125 144
 151 150 144 148 141 144 142 144 144 112]","[ 89 179 169 167 163 159 154 156 155 151 146 142 141 140 138 137 147 146
 146 149 153 157 158 158 145 137 125 113 104  97  92  88  86  86  84  79
  70  62  55  52  43  43  36  38  56  68  76  89  84  99 118 135 148 156
 155 149 147 151 144 146 145 147 147 114]","[ 93 188 183 182 179 177 173 174 173 169 163 158 156 154 152 150 145 143
 142 142 145 148 149 149 154 156 154 144 132 125 120 116 116 115 109  96
  80  65  57  54  55  62  61  61  68  69  74  90 107 125 145 157 161 160
 153 146 149 154 146 148 147 148 148 116]","[ 88 186 186 186 185 186 183 184 180 179 179 180 182 183 182 180 175 170
 163 157 152 148 144 142 135 144 148 142 136 139 146 149 141 137 128 112
  96  84  79  78  91 101 102  96  89  80  86 107 139 153 167 171 169 165
 158 152 151 155 147 149 148 149 149 116]","[ 89 190 190 188 187 189 187 187 189 188 186 186 184 180 174 170 181 178
 176 176 176 177 175 174 165 166 156 140 134 144 156 160 151 146 137 127
 118 115 116 118 132 140 136 125 112  99 109 136 156 165 172 171 168 167
 163 159 153 157 149 151 149 150 150 117]","[ 92 195 195 191 188 192 191 190 188 187 188 189 190 190 187 184 188 187
 185 184 184 182 179 177 185 174 153 134 136 151 159 156 153 148 141 136
 137 140 143 146 153 157 151 142 131 116 120 144 161 168 171 170 169 169
 167 162 157 161 152 154 152 153 152 120]","[ 90 193 194 189 186 191 191 190 189 187 186 187 188 188 187 185 187 186
 185 185 185 182 179 175 144 132 115 110 130 158 165 156 155 149 143 141
 145 149 152 152 154 156 152 150 142 122 116 132 168 173 176 176 176 176
 171 165 159 163 155 156 154 155 154 122]","[ 89 191 192 191 190 195 195 196 190 190 189 189 189 188 188 188 184 193
 192 185 187 188 171 146 138 133 130 136 147 155 156 154 158 148 138 137
 146 156 159 157 159 155 151 148 141 131 120 114 159 181 175 175 177 169
 172 167 167 163 157 161 153 155 157 117]","[ 90 192 192 191 190 194 194 195 190 190 190 190 189 189 189 188 188 187
 186 188 189 181 164 148 145 138 133 137 148 156 156 153 148 145 138 137
 148 163 167 163 159 154 150 148 144 134 120 111 157 181 176 177 178 170
 172 166 169 166 160 163 156 158 160 119]","[ 91 193 193 191 189 193 193 193 191 191 191 190 190 189 189 189 188 186
 188 189 178 160 152 155 151 142 135 140 152 159 157 151 142 144 140 136
 147 167 174 169 160 155 150 149 148 139 122 107 151 178 177 178 181 174
 176 169 171 169 163 167 160 162 163 123]","[ 93 194 193 191 189 192 191 191 191 191 191 191 190 190 189 189 187 190
 190 176 154 141 146 159 150 142 136 143 156 162 157 149 143 148 142 132
 142 165 176 172 163 158 152 151 153 146 126 106 144 175 177 179 183 178
 181 173 172 170 165 170 162 165 165 125]","[ 93 194 193 190 188 191 190 190 191 191 191 190 190 189 189 189 189 188
 172 149 140 148 155 152 142 137 135 143 156 162 157 149 145 147 139 128
 135 158 174 176 166 162 155 154 157 152 130 107 143 178 181 181 182 178
 181 172 172 170 166 171 164 166 166 125]","[ 92 193 193 190 188 191 190 190 190 190 189 189 189 188 188 188 191 175
 147 129 144 169 165 142 135 131 131 139 150 156 155 151 144 142 134 127
 132 149 167 177 167 164 158 155 157 154 133 109 148 184 186 181 180 176
 178 168 171 170 167 172 165 167 167 126]","[ 91 192 192 189 188 191 190 191 189 189 188 188 187 187 187 187 183 165
 143 139 155 169 161 142 133 129 127 130 138 146 152 154 145 138 132 130
 131 138 153 169 165 165 160 153 154 152 133 110 147 185 186 181 179 177
 181 171 172 171 168 174 167 169 169 127]","[ 90 191 191 189 188 192 191 191 188 188 187 187 187 186 186 186 172 163
 157 160 160 154 148 148 134 129 124 123 128 138 149 156 149 139 134 135
 132 129 140 158 163 165 160 152 151 150 132 111 142 181 184 179 179 180
 187 177 173 172 169 176 169 171 170 129]","[ 92 192 191 189 188 192 190 189 189 189 188 188 187 186 185 185 172 162
 155 157 158 152 146 146 136 133 129 132 117 126 162 160 155 143 145 135
 134 103 128 144 159 167 161 145 143 149 135 110 129 176 187 184 181 177
 182 174 173 173 172 175 166 168 173 136]","[ 91 191 189 187 187 191 189 188 189 189 188 187 186 186 185 185 174 164
 157 157 156 149 143 142 138 133 128 128 111 118 154 153 152 143 147 139
 137 104 117 131 154 158 151 139 142 150 135 109 133 177 186 183 180 177
 183 175 177 175 171 177 172 175 175 133]","[ 90 190 188 186 186 190 188 186 188 188 187 187 186 185 184 184 174 166
 159 158 156 150 145 143 140 135 129 128 107 111 148 150 148 143 149 144
 142 107 102 115 151 153 146 136 142 152 138 114 139 179 184 181 179 176
 183 177 179 175 170 177 174 177 172 126]","[ 90 190 188 186 186 190 188 186 187 187 187 186 185 184 184 183 174 169
 163 160 157 153 149 146 140 134 129 129 106 108 147 152 144 141 146 143
 142 111  86 103 151 155 151 141 143 150 141 124 147 181 182 179 179 176
 183 178 177 174 170 176 169 169 164 119]","[ 91 191 189 187 187 191 189 187 187 186 186 185 184 183 183 183 176 173
 167 161 155 151 146 143 132 127 125 127 103 103 143 152 139 136 138 136
 137 112  71  94 149 158 158 145 138 141 138 130 153 183 180 178 179 176
 183 178 176 176 173 175 162 159 157 116]","[ 91 192 189 187 187 191 189 187 186 186 185 184 183 183 182 182 179 178
 171 161 152 148 142 137 129 125 125 128 101  97 137 148 137 134 133 132
 134 116  60  88 144 155 156 142 130 128 130 128 159 184 179 178 181 176
 182 178 176 176 171 170 155 153 155 117]","[ 90 190 188 186 186 190 188 186 185 185 184 184 183 182 181 181 179 180
 174 163 155 152 148 142 141 137 138 140 109 100 137 149 144 142 138 138
 141 126  57  88 141 149 148 135 123 121 123 122 162 185 178 179 183 177
 181 176 175 170 161 160 150 152 156 118]","[ 88 189 187 184 184 188 186 185 185 185 184 183 182 182 181 181 176 180
 176 166 160 161 159 154 158 154 154 155 121 107 142 154 153 152 148 148
 150 136  59  91 140 144 141 130 121 121 120 118 164 185 178 180 184 178
 181 175 173 162 149 150 145 152 156 116]","[ 89 193 191 187 185 189 187 184 183 182 182 182 181 181 181 180 176 180
 180 169 158 155 162 168 160 162 155 166 148 129 154 155 157 158 158 156
 153 137  67  83 143 146 146 142 139 135 127 117 166 175 177 172 173 179
 175 165 150 155 149 152 150 152 151 118]","[ 87 188 185 181 180 184 182 180 179 178 178 178 177 177 177 176 176 180
 179 172 163 162 168 174 171 173 166 175 159 140 162 168 168 168 164 161
 158 142  76  95 154 156 154 149 144 139 130 121 158 175 185 180 173 169
 162 152 149 154 147 150 149 150 150 117]","[ 91 189 184 181 180 184 183 183 181 181 180 180 179 179 179 179 178 179
 179 176 173 173 178 183 183 183 177 184 170 152 168 181 183 179 173 169
 165 150  87 110 167 168 164 157 150 144 134 124 156 175 187 178 163 154
 149 145 148 152 146 149 147 149 148 115]","[ 93 187 180 178 177 181 180 182 180 180 179 179 178 178 178 178 178 176
 176 178 179 180 186 193 189 188 184 187 177 158 166 188 191 186 181 178
 173 155  93 118 175 176 172 163 156 149 138 128 161 171 174 162 148 143
 146 148 147 152 145 148 147 148 147 115]","[ 84 176 167 166 167 169 168 171 169 169 168 168 168 167 167 167 172 168
 168 173 175 178 186 195 193 191 189 188 182 162 159 190 191 188 185 185
 178 157  92 119 180 182 179 171 164 156 144 133 159 160 157 148 142 143
 147 150 146 151 144 147 146 147 147 114]","[ 79 169 160 160 162 162 160 163 162 162 162 161 161 160 160 160 163 159
 159 164 166 168 180 194 195 193 194 189 187 165 151 190 190 187 187 189
 181 156  91 119 185 187 186 180 172 163 149 137 149 148 146 146 147 147
 146 145 144 149 142 145 144 145 145 112]","[ 81 169 160 163 165 163 160 163 162 162 162 162 161 161 160 160 160 155
 156 160 159 161 176 196 196 194 197 190 190 165 143 186 192 188 188 191
 182 155  91 121 186 190 190 184 176 165 149 135 144 143 144 146 147 146
 144 142 141 146 139 142 140 142 141 108]","[ 81 168 159 163 166 163 159 162 161 161 161 161 160 160 160 159 161 157
 157 161 158 159 177 200 194 192 197 189 190 163 136 183 195 190 189 191
 182 155  92 125 185 189 190 185 175 162 144 129 147 145 144 144 142 141
 142 145 138 143 136 139 138 139 138 106]","[ 83 167 162 166 161 162 163 161 160 160 160 159 159 158 158 158 160 156
 157 160 156 155 172 195 198 190 199 182 189 175 135 178 190 190 200 195
 177 151  89 132 190 193 189 184 179 158 138 137 144 143 143 142 141 140
 140 139 136 139 133 138 136 134 136 108]","[ 82 166 161 165 160 161 162 160 160 160 159 159 159 158 158 158 158 157
 158 159 159 163 179 195 204 194 200 183 189 174 134 168 194 193 199 195
 179 154  95 137 184 188 185 182 178 157 138 136 141 140 140 139 138 137
 137 137 135 138 132 137 134 133 134 106]","[ 81 165 160 164 159 160 161 159 160 159 159 159 158 158 158 158 157 160
 159 156 159 170 181 185 203 192 195 182 187 174 135 157 193 193 192 190
 177 155 103 142 176 180 177 175 172 153 136 136 139 138 138 137 136 135
 135 134 133 136 129 134 131 129 131 103]","[ 80 164 159 163 158 159 160 158 159 159 159 158 158 158 157 157 157 162
 159 152 158 173 179 173 194 183 184 176 182 173 139 145 182 186 178 179
 170 152 110 147 169 171 165 161 160 145 132 135 137 137 137 136 135 134
 134 133 130 133 126 131 128 126 127 100]","[ 80 163 159 162 157 159 160 157 159 159 158 158 158 157 157 157 156 162
 158 151 160 179 183 173 185 177 176 173 177 170 142 134 167 176 164 168
 162 147 116 151 165 164 155 149 148 137 129 136 134 134 133 133 132 131
 131 130 127 130 124 129 127 126 127  99]","[ 80 164 159 163 158 159 160 158 158 158 158 158 157 157 157 156 154 158
 157 154 166 186 193 186 183 179 177 177 177 169 148 128 157 174 159 165
 159 144 124 158 166 164 152 145 144 134 128 136 131 131 131 130 129 128
 128 127 127 131 125 131 130 129 131 104]","[ 81 164 160 163 158 160 161 158 158 158 158 157 157 157 156 156 154 155
 154 157 170 187 196 196 183 183 183 186 183 177 162 135 158 182 165 171
 163 146 133 168 170 168 158 150 149 138 130 137 133 133 132 131 131 130
 129 129 130 134 129 136 135 135 137 110]","[ 81 165 160 164 159 160 161 159 158 158 158 157 157 156 156 156 155 154
 153 157 169 183 193 197 181 185 187 193 190 186 177 146 163 191 173 179
 168 150 141 175 173 173 164 158 156 143 132 137 137 137 136 136 135 134
 134 133 133 136 132 139 139 140 143 116]","[ 77 168 159 158 160 163 159 158 160 160 160 159 159 159 158 158 163 154
 152 163 180 190 196 199 198 186 182 184 186 188 176 152 165 174 173 178
 173 170 139 164 158 158 158 157 153 147 140 136 138 137 135 134 133 132
 132 132 131 136 130 134 136 141 143 113]","[ 82 174 165 164 166 168 165 164 168 168 167 167 167 166 166 166 168 159
 156 167 184 193 196 197 193 183 181 183 182 184 172 150 153 169 173 178
 167 162 136 167 186 181 170 158 146 139 137 136 138 137 135 134 132 132
 132 132 131 136 130 135 136 141 144 113]","[ 87 180 172 171 173 175 172 171 174 174 174 173 173 172 172 172 172 163
 161 173 190 198 197 196 193 187 189 191 187 187 177 157 151 173 183 185
 167 159 137 173 205 197 182 163 146 136 135 137 138 137 135 134 132 132
 131 131 131 136 130 135 136 141 144 114]","[ 89 183 177 176 177 178 175 176 175 175 174 174 173 173 173 173 171 164
 164 179 195 201 199 196 193 190 196 199 194 193 185 168 156 180 190 191
 172 162 140 177 204 199 187 169 152 141 138 139 138 137 136 134 133 132
 132 132 131 136 130 135 137 142 145 114]","[ 87 183 178 177 177 178 175 177 174 174 174 173 173 172 172 172 166 162
 168 184 199 203 200 197 190 189 197 200 195 195 189 173 157 178 186 189
 174 167 144 178 207 200 187 169 153 143 141 142 139 138 137 135 134 133
 133 133 131 136 130 135 137 143 146 116]","[ 85 182 178 178 177 177 175 177 175 175 175 174 174 173 173 173 161 163
 173 189 201 202 199 198 194 192 198 201 197 197 192 175 159 177 183 188
 177 173 150 183 213 200 180 161 148 142 142 144 141 140 139 137 136 135
 135 135 130 136 130 136 138 144 147 116]","[ 85 183 180 180 178 178 176 179 176 176 175 175 174 174 174 174 159 166
 180 196 202 200 198 199 200 195 198 199 195 195 188 170 163 180 185 187
 173 169 148 183 195 182 165 152 146 145 144 143 143 142 141 139 138 137
 137 137 130 136 130 136 138 144 147 117]","[ 86 184 182 182 180 180 178 180 175 175 174 174 174 173 173 173 160 170
 186 200 203 198 196 199 199 191 191 191 187 187 179 159 162 180 184 182
 162 155 135 172 166 158 149 147 150 150 146 141 144 143 142 140 139 138
 138 138 130 136 130 136 138 144 148 117]","[ 86 183 180 181 180 181 178 180 177 181 180 175 174 176 171 164 159 176
 192 198 197 196 196 194 197 193 187 183 181 180 178 177 172 166 162 149
 131 134 149 153 150 150 149 148 147 145 143 142 143 143 143 143 143 141
 137 134 130 136 131 136 136 141 145 116]","[ 90 188 185 185 183 182 179 180 180 182 181 178 178 178 172 163 167 182
 197 202 201 200 199 197 197 194 190 187 186 185 183 181 171 164 159 145
 129 135 152 157 155 155 154 153 152 150 148 147 146 146 145 145 145 143
 138 135 131 138 133 138 138 143 147 118]","[ 90 187 185 185 182 181 176 175 180 179 177 176 177 176 167 157 170 184
 196 199 197 196 195 192 192 190 188 187 187 185 182 179 167 158 150 135
 122 133 153 157 151 151 150 149 148 146 144 143 143 142 140 140 139 136
 132 129 126 132 128 132 132 137 141 112]","[ 94 192 190 191 189 187 182 182 186 183 181 181 183 180 170 160 179 190
 199 200 198 197 196 193 194 193 192 192 191 188 184 180 173 163 151 134
 124 140 160 163 155 155 154 153 151 149 148 146 149 148 146 144 143 141
 137 133 130 137 132 137 137 142 146 117]","[ 89 187 185 186 186 185 181 182 183 179 177 178 179 174 165 159 181 189
 195 195 192 192 190 187 190 189 188 187 185 181 175 170 168 158 144 126
 117 136 156 155 152 152 151 150 149 147 145 144 147 145 142 141 139 137
 134 131 127 133 129 133 134 138 143 113]","[ 96 193 190 191 190 191 189 190 188 184 183 184 183 176 171 170 192 199
 202 200 198 199 197 194 195 193 191 190 188 184 178 173 170 160 147 129
 123 143 161 156 154 154 154 153 151 149 147 146 147 145 142 140 139 138
 135 133 127 133 129 133 134 138 142 113]","[ 99 194 190 189 188 189 188 190 187 184 184 185 180 173 172 177 194 199
 200 198 196 198 196 193 193 191 189 188 187 183 179 175 167 159 148 131
 128 151 166 157 155 155 155 153 152 150 148 147 148 145 142 141 141 140
 138 136 128 135 130 134 135 140 144 115]","[ 61 156 149 146 144 145 144 147 144 142 143 143 137 129 131 139 151 155
 156 152 151 153 152 149 150 149 146 145 145 143 140 137 126 119 109  95
  94 117 131 121 123 122 122 121 119 117 115 114 117 115 112 111 111 110
 109 107  98 105 100 104 105 110 114  85]"
