"[25 24 23 22 21 21 21 22 20 20 19 19 19 20 21 21 19 19 19 19 20 20 21 21
 18 19 19 19 19 20 20 20 18 18 18 19 19 20 20 21 19 19 20 21 21 22 22 22
 24 23 23 24 25 25 24 22 20 26 29 25 25 32 42 47]","[21 20 17 15 13 11 10 10 10 10 10 11 11 11 12 12  8  8  7  7  6  6  6  6
  6  6  6  6  6  6  6  7  7  7  7  7  7  7  7  7  6  7  9 11 12 11 10  8
 11 11 12 14 16 17 17 16 24 19 16 22 39 56 58 52]","[30 28 25 22 19 16 15 14  6  7  7  7  7  5  3  2  8  7  7  5  4  3  2  2
  2  3  3  2  2  2  2  2  3  4  4  3  4  4  4  3  2  4  8 11 12 10  8  5
  9 11 13 15 17 18 18 18 19 20 24 37 57 70 67 56]","[38 37 34 32 30 28 27 27 20 21 21 21 18 15 12 10 14 12 12 11 10  9  9  8
  9  9  9  8  7  7  6  6  6  6  6  6  6  6  7  7  7  9 12 15 16 15 14 13
 17 18 20 20 20 21 22 23 15 33 53 63 66 65 61 57]","[28 27 26 26 25 25 25 25 31 32 33 34 32 30 27 25 18 17 16 15 13 11 10  9
 11 11 10  9  8  7  6  6  6  5  6  6  6  6  6  6 10 10 10 10 11 13 15 16
 19 21 20 18 17 17 20 23 31 51 69 72 65 59 57 57]","[20 19 18 18 18 18 17 18 22 23 25 27 28 28 27 26 30 29 27 24 21 18 16 15
 13 12 11 10  8  7  6  5  6  6  6  6  5  5  6  5  9  9  8  8  9 11 15 17
 19 20 20 17 16 19 26 32 57 60 60 59 61 65 63 57]","[31 30 28 25 22 21 19 19 14 15 16 16 17 18 18 18 30 30 29 28 26 25 24 24
 21 20 19 17 15 14 12 12 11 10 10 10  9  9  8  8  9  9  9 10 12 14 16 18
 20 21 22 21 23 30 43 53 65 60 54 53 61 68 65 56]","[47 45 41 36 31 27 25 23 22 21 20 18 17 16 16 16 12 13 14 16 18 20 21 22
 28 27 26 24 22 20 19 18 12 12 11 11 10 10  9  9  6  8 10 13 15 15 16 15
 18 20 22 23 27 39 55 68 56 59 60 60 63 66 61 54]","[ 53  94 100  92  82  70  69  58  49  37  29  30  30  24  20  21  23  17
  15  17  16  13  16  23  12  14  16  16  15  15  17  18  15  17  20  22
  21  18  13  10  13  13  12  12  13  15  17  19  19  17  20  33  51  62
  62  58  62  59  64  65  61  66  68  58]","[ 53  93  98  95  95  94 100  93  94  77  56  44  44  46  47  46  33  29
  29  31  27  18  13  13  14  14  15  16  16  17  17  17  13  13  14  14
  13  13  11  10  11  10  11  14  18  20  20  18  15  22  35  49  59  62
  60  57  62  60  64  65  62  67  69  58]","[44 79 79 76 81 83 91 83 88 75 51 31 31 43 47 41 37 41 50 61 63 56 46 42
 31 26 20 17 15 11  7  3 16 16 15 15 16 18 21 23 16 14 14 16 20 21 18 15
 24 36 52 60 60 58 58 60 63 60 65 66 62 68 70 59]","[49 81 79 75 79 77 78 65 60 63 51 31 30 46 51 44 35 44 61 79 89 89 83 79
 76 69 60 54 51 45 36 29 19 17 14 12 11 11 11 12 13 13 11 12 12 16 22 26
 46 53 58 57 53 52 58 65 64 62 66 67 64 69 71 60]","[45 80 81 80 84 78 72 54 44 60 59 38 29 43 53 49 35 45 59 70 77 80 80 78
 87 82 77 77 80 80 75 70 53 50 45 38 30 22 16 13 11 12 10  7  7 17 34 47
 57 57 56 54 52 55 61 67 66 63 68 69 65 70 72 61]","[43 79 81 79 79 69 59 39 40 57 57 33 16 24 37 42 38 47 55 57 57 62 69 73
 69 66 65 68 72 74 73 71 77 77 75 71 65 59 52 49 39 37 32 24 21 28 43 56
 50 52 55 57 60 62 63 64 67 64 69 70 66 71 73 63]","[57 91 90 83 79 68 61 43 43 57 58 38 20 22 34 42 35 45 50 44 39 47 61 71
 71 70 70 69 69 69 68 68 62 63 65 65 65 64 62 61 64 59 51 45 43 44 47 49
 48 52 58 61 62 62 62 63 68 65 70 71 67 72 74 63]","[49 82 80 71 68 61 61 49 31 43 49 38 26 24 30 35 28 39 41 29 20 27 44 56
 68 69 70 69 67 66 66 68 61 60 60 60 59 58 57 56 58 52 47 49 55 56 51 44
 54 59 62 61 57 56 59 64 68 65 70 71 67 73 75 64]","[50 93 86 71 72 65 59 45 30 35 53 30 18 28 21 33 29 38 52 34 23 34 37 50
 72 74 75 74 70 66 63 62 64 62 60 59 60 59 57 55 51 48 46 47 50 52 52 50
 59 59 60 62 64 65 66 67 71 67 72 74 72 77 77 65]","[47 93 89 75 74 64 56 43 30 35 54 40 27 29 22 37 30 34 47 35 27 35 34 46
 74 76 78 77 74 71 69 68 68 66 64 63 63 62 60 57 54 51 49 50 53 55 54 53
 59 60 61 63 65 66 68 69 73 69 74 76 74 79 79 67]","[44 93 92 80 76 64 56 46 34 36 57 56 42 30 24 42 36 32 44 39 34 36 32 46
 78 80 82 82 79 77 76 76 73 71 68 67 67 66 64 62 58 56 54 54 56 57 58 58
 60 61 63 65 67 69 71 72 76 72 76 78 76 81 82 69]","[45 93 94 84 80 67 63 57 44 42 58 70 57 33 26 43 41 35 47 44 36 35 35 57
 84 86 87 86 83 81 80 80 77 75 73 71 71 70 67 65 62 60 58 57 58 59 61 62
 63 63 65 67 70 72 74 75 77 73 77 80 77 83 83 70]","[49 94 95 86 85 74 74 73 58 50 55 75 67 36 28 37 40 37 52 45 33 33 42 72
 91 92 92 89 86 83 82 82 81 79 77 75 74 73 70 68 65 64 62 60 59 61 63 65
 66 67 68 70 73 75 76 77 78 74 78 80 78 84 84 71]","[53 95 95 90 92 82 83 83 70 55 45 69 70 39 30 28 33 36 53 43 33 41 56 87
 96 96 95 92 88 85 85 85 86 84 81 79 78 77 74 72 69 68 66 63 61 62 66 69
 70 71 72 73 75 76 78 78 79 75 80 82 80 85 85 72]","[ 56  96  96  94  99  88  86  83  75  54  31  56  66  42  33  19  25  34
  54  45  42  60  76 102  98  98  98  95  92  90  90  91  91  89  86  84
  83  81  78  76  73  73  71  67  64  65  70  74  74  74  75  76  77  77
  78  78  81  78  82  84  82  87  88  75]","[ 57  96  97  98 104  91  85  80  75  52  20  46  63  44  35  13  22  34
  55  49  53  79  93 111  98  99  99  97  94  93  94  96  94  92  89  87
  86  84  81  79  76  76  74  70  67  68  72  77  76  76  77  77  78  78
  78  78  84  80  84  86  84  89  90  77]","[ 51  97 100  96 103  99  99  96  78  50  28  33  45  43  31  22  23  36
  56  53  69 101 102 102 104 104 103 103 102 101 101 101  99  95  90  86
  85  84  83  82  77  74  72  71  72  73  72  70  79  80  81  81  79  78
  79  81  73  91  93  90  82  88  98  73]","[ 52  98 101  97 104 100 100  97  79  61  36  25  36  49  41  23  27  39
  58  54  70 102 105 105 107 107 107 107 106 105 105 104 103 100  95  92
  91  89  87  85  81  78  76  75  76  76  75  74  79  80  82  81  80  80
  81  83  86  81  77  95  97  90  93  76]","[ 54 100 102  98 105 101 102  99  80  73  45  20  29  55  51  25  32  43
  61  56  71 104 108 108 110 110 112 112 112 111 109 108 108 106 103 101
  99  96  92  89  85  83  80  79  79  80  79  79  78  80  82  83  82  83
  85  87  87  88  86  96  91  91 115 114]","[ 56 102 103  99 106 102 104 101  86  79  54  30  36  59  55  32  37  47
  64  58  72 105 109 111 111 112 114 116 116 115 113 112 113 111 110 109
 107 103  98  94  90  87  83  81  81  81  81  80  78  81  83  85  85  86
  89  91  88 102  95  89  94 128 164 151]","[ 58 103 104  99 106 103 105 103  98  84  65  55  59  64  57  44  39  49
  66  59  74 106 110 111 112 113 115 116 117 116 116 115 116 115 115 114
 113 109 104 100  95  91  86  82  82  82  81  81  80  82  85  87  88  89
  92  95  93  96  87 103 140 183 195 152]","[ 59 103 104  99 106 103 105 103 107  90  78  80  82  72  60  55  41  52
  69  63  77 108 111 111 113 113 114 115 116 117 118 118 120 119 118 118
 118 115 111 107 102  97  91  86  84  84  83  82  82  84  87  89  90  92
  95  97  88  96 111 155 187 196 189 151]","[ 59 103 103  98 105 102 105 103 108  95  87  91  91  78  63  56  44  55
  73  67  81 111 113 112 115 114 113 113 115 117 120 122 123 122 121 122
 122 121 117 115 111 106  98  92  89  88  87  86  84  87  89  91  92  93
  96  98 106 135 164 194 196 188 185 158]","[ 59 103 103  97 104 102 105 103 103  96  91  90  89  80  64  51  46  57
  76  71  84 114 114 113 116 115 113 113 114 118 122 124 126 124 123 124
 125 124 122 120 118 113 104  98  94  92  90  89  86  88  91  92  93  94
  97  99 148 182 194 193 188 198 197 155]","[ 58 109 101 101  97 107 103 103 110  93  91  95  86  74  66  56  47  54
  73  71  86 114 116 118 113 113 113 114 115 118 121 122 124 124 125 125
 126 126 127 127 127 123 118 110 103  96  92  89  85  90  99 101  91  92
 125 164 187 189 188 196 193 201 201 155]","[ 58 110 103 104  99 109 105 106 106  90  90  96  87  75  65  55  50  57
  74  71  85 112 113 114 118 118 118 119 121 123 125 127 124 124 125 127
 128 129 130 131 135 134 130 124 116 106  98  93  96  98  92  88 108 146
 174 183 188 190 189 196 194 201 201 156]","[ 52 106 100 102  96 106 102 103 104  90  91  98  89  76  66  55  54  60
  75  72  86 114 113 114 116 116 117 118 119 121 123 124 122 123 125 127
 129 131 132 133 136 137 137 134 128 118 109 103  88  94 101 118 153 187
 195 185 190 192 191 197 195 202 202 157]","[ 53 108 104 107 101 110 107 108 111  95  93  98  88  75  66  57  54  59
  74  73  90 121 123 124 120 120 121 122 124 125 126 127 127 127 129 130
 132 134 135 135 133 135 138 139 137 132 127 123  98 106 134 170 188 186
 184 189 192 194 192 199 196 204 203 158]","[ 65 122 120 124 118 127 124 125 123 103  97  98  86  74  68  60  52  56
  71  72  95 131 137 140 139 139 140 142 143 143 144 144 143 144 144 145
 146 146 147 147 146 147 149 151 152 152 152 151 145 151 170 188 189 182
 188 203 194 196 194 201 198 205 204 159]","[ 72 131 132 136 130 138 135 137 129 108 100  98  85  74  68  61  52  54
  68  71  97 139 149 154 154 155 156 158 158 159 159 159 162 162 163 163
 163 164 164 164 170 170 169 170 171 173 174 175 173 185 189 184 186 196
 199 192 196 198 196 202 199 206 205 160]","[ 70 130 133 138 131 139 136 139 128 108 100  99  87  75  69  61  55  55
  67  68  96 140 153 160 156 157 159 160 161 161 160 160 168 169 170 170
 172 173 173 174 179 178 178 178 179 180 182 183 178 187 190 187 192 202
 197 184 198 199 198 204 200 207 206 160]","[ 69 130 133 138 132 139 136 139 124 105  99 100  89  76  68  60  59  58
  67  66  94 139 152 160 155 156 158 159 160 160 159 158 164 165 166 168
 170 172 173 174 172 173 174 176 177 178 179 179 191 183 183 193 195 190
 193 204 198 200 198 204 201 208 207 161]","[ 69 132 132 132 138 132 146 136 109 108 103  95  88  81  70  58  58  62
  65  66  85 131 161 156 158 158 159 160 162 163 164 164 165 166 167 168
 170 172 173 173 174 176 178 179 179 180 182 184 185 186 187 189 191 193
 194 195 197 198 204 197 205 204 211 158]","[ 69 132 132 132 138 133 145 134 107 107 102  94  88  81  70  59  56  60
  65  66  84 129 158 154 158 158 159 160 161 162 163 164 164 164 165 167
 169 170 171 172 174 176 178 179 179 180 182 184 186 187 188 190 192 194
 195 196 199 199 205 198 206 206 212 160]","[ 70 134 134 133 139 134 144 130 104 105 101  94  87  80  70  60  54  58
  64  66  83 125 155 154 157 158 159 160 161 162 163 163 164 165 166 168
 169 171 172 173 175 177 180 181 181 182 184 186 187 188 189 191 193 195
 196 197 200 200 206 200 207 207 214 161]","[ 70 135 136 134 140 135 142 124 102 104 101  93  86  79  70  61  54  58
  65  68  82 122 154 155 157 158 159 160 161 162 163 164 166 167 168 169
 171 173 174 174 177 179 181 182 182 183 185 187 187 188 189 191 193 195
 196 197 200 201 207 200 208 207 214 161]","[ 70 137 138 135 141 136 141 119 101 104 102  94  85  78  69  61  56  59
  66  69  81 119 153 159 158 159 160 161 162 163 164 164 166 166 167 169
 171 172 173 174 175 177 179 180 180 181 183 185 187 187 189 191 193 195
 196 197 200 201 207 200 208 208 214 161]","[ 71 139 140 135 142 137 139 113 102 106 104  95  85  77  69  62  57  60
  66  69  78 115 152 163 160 160 161 162 163 164 165 166 164 165 166 168
 169 171 172 173 173 175 177 178 178 179 181 183 188 189 190 192 194 196
 198 198 202 203 209 202 209 209 216 163]","[ 71 140 141 136 143 138 138 109 104 108 106  97  85  77  69  62  58  59
  65  66  74 110 150 165 161 162 162 164 165 166 167 167 167 167 169 170
 172 173 174 175 176 178 181 182 182 183 185 187 191 191 193 195 197 199
 200 201 205 206 212 205 213 212 219 166]","[ 71 141 142 136 143 139 137 107 105 109 108  98  86  77  69  62  58  58
  63  64  71 107 148 166 162 163 163 165 166 167 168 168 171 172 173 175
 176 178 179 180 182 184 186 187 187 188 191 193 193 194 195 197 199 201
 203 203 208 208 214 208 215 215 222 169]","[ 71 145 138 141 138 145 133 102 104 107 105  97  88  79  68  58  61  55
  57  60  65  96 143 171 169 169 170 172 174 175 176 177 176 177 178 177
 176 177 179 181 186 186 188 189 191 192 193 194 196 197 199 199 200 202
 206 209 210 209 214 208 217 216 221 166]","[ 75 150 143 147 144 150 136 105 105 107 104  95  86  77  67  58  59  54
  56  57  61  90 137 169 170 171 172 174 175 177 178 179 178 179 180 180
 179 179 182 184 186 187 188 189 191 193 194 194 196 198 199 200 200 202
 206 209 211 211 216 210 219 218 222 167]","[ 75 151 146 152 149 153 138 105 106 107 103  92  82  75  66  58  56  55
  55  54  57  82 128 166 172 173 174 176 177 179 180 181 180 181 182 182
 182 182 185 187 187 187 189 190 192 193 195 195 197 199 200 201 202 204
 207 210 213 213 219 214 222 221 226 170]","[ 72 150 146 153 149 152 135 101 108 108 101  90  80  73  65  57  55  58
  55  51  55  74 117 162 173 174 175 176 178 179 181 181 181 183 184 184
 183 184 187 189 188 189 190 192 193 195 196 197 198 200 203 204 204 206
 209 211 215 216 222 217 226 225 229 174]","[ 71 149 147 154 150 152 133  98 109 109 101  89  78  71  63  56  55  60
  54  49  56  69 106 156 173 173 175 176 178 179 180 181 182 183 185 185
 185 186 189 191 191 192 193 194 196 197 199 199 201 203 206 207 208 209
 211 213 217 218 225 221 230 229 232 176]","[ 73 151 149 156 152 153 135  99 110 110 102  90  79  71  63  55  54  61
  51  47  58  65  95 147 173 174 175 177 178 180 181 182 183 185 186 186
 186 188 191 193 194 195 196 197 199 200 202 202 203 206 209 211 212 213
 214 216 218 219 227 223 233 231 233 178]","[ 75 152 149 156 152 154 135 100 111 110 104  92  80  72  62  54  53  60
  46  43  59  63  86 138 175 176 177 179 180 182 183 184 185 187 189 189
 189 191 194 196 197 197 198 200 202 203 204 205 206 209 213 215 215 216
 217 219 218 220 228 225 234 233 235 179]","[ 74 151 148 154 150 152 134  99 111 111 105  93  81  72  62  53  51  58
  43  41  60  61  80 131 177 178 179 180 182 184 185 185 187 189 191 191
 192 193 196 199 198 199 200 202 203 205 206 207 207 211 215 217 217 218
 219 220 218 220 229 225 235 234 236 180]","[ 73 150 147 153 149 151 132  97 110 112 109  97  84  74  63  55  50  47
  49  54  57  65  88 112 172 187 176 180 187 182 188 188 189 190 191 192
 193 194 195 196 197 198 199 201 203 205 207 208 210 212 214 216 218 220
 221 221 217 221 229 225 239 242 239 172]","[ 80 156 152 157 153 156 139 105 109 111 107  94  80  69  58  50  50  47
  48  53  56  63  86 109 172 189 180 183 190 184 191 190 190 191 192 193
 194 195 196 196 199 199 201 203 205 207 208 209 211 212 214 216 218 220
 221 221 226 228 231 221 231 236 242 183]","[ 77 153 148 153 149 153 137 104 108 110 106  93  79  68  58  50  49  45
  46  51  53  59  79 101 165 185 179 181 187 182 189 188 190 191 192 193
 194 195 196 197 199 200 202 204 206 208 209 210 210 212 214 216 218 220
 221 221 221 226 236 229 237 236 238 179]","[ 80 157 153 160 156 159 143 109 105 107 102  90  78  69  60  53  48  44
  44  48  50  55  72  91 163 188 185 187 191 187 194 192 195 196 197 198
 199 200 201 202 205 205 207 209 211 213 214 215 216 217 219 222 224 225
 226 226 222 226 236 233 242 241 241 183]","[ 75 154 153 161 158 160 142 106 106 107 102  90  78  69  60  53  51  46
  45  49  50  53  67  84 152 182 182 184 186 182 190 187 189 189 190 191
 193 194 195 195 198 199 200 202 204 206 207 208 211 212 214 216 219 220
 221 221 224 220 225 222 236 238 243 190]","[ 79 157 155 164 161 164 147 112 112 113 108  95  82  73  65  58  53  47
  46  49  50  51  63  78 150 185 189 189 190 187 195 192 197 198 199 200
 201 202 203 203 205 206 207 209 211 213 215 215 218 220 222 224 226 228
 228 229 231 232 242 243 250 243 240 184]","[ 84 160 155 162 159 165 151 118 102 104 100  89  78  72  66  60  50  44
  41  45  45  45  55  68 144 183 189 189 189 186 194 191 197 197 198 199
 200 202 202 203 203 204 205 207 209 211 213 214 216 217 219 221 224 225
 226 226 225 227 235 225 215 193 188 134]","[ 55 129 122 126 124 132 121  91  79  82  80  72  65  62  59  55  45  38
  35  39  39  38  46  59  99 140 147 147 146 144 152 148 147 147 148 149
 151 152 153 153 153 153 155 157 159 161 162 163 164 165 167 170 172 173
 174 174 180 170 156 119  91  70  81  44]"
