"[29 33 29 31 29 30 29 31 29 31 30 28 28 28 28 29 29 29 29 29 29 29 29 30
 29 28 28 28 29 29 29 29 28 29 31 29 29 29 27 30 28 29 30 29 29 29 29 29
 30 30 29 28 28 29 30 30 30 28 29 30 29 29 29 30 29 31 29 31 28 29 29 31
 29 28 28 30 30 28 28 29 29 28 30 31 28 28 30 29 29 31 28 28 31 30 28 30
 29 29 28 28 30 30 28 29 29 30 29 32 28 28 29 28 29 31 30 29 31 31 28 30
 29 29 30 29 29 29 28 31 29 30 32 30 30 28 30 29 29 30 28 30 30 29 31 30
 30 30 31 29 27 30 30 29 29 28 29 30 30 28 28 30 29 30 29 29 28 28 29 30
 29 29 29 29 28 29 30 30 29 28 28 29 29 28 28 30 29 28 30 30 28 30 31 28
 30 31 31 29 29 32 28 31]","[31 26 32 29 28 31 30 29 28 28 28 29 31 30 30 31 30 30 30 29 29 29 28 28
 30 29 29 30 31 30 29 29 31 29 29 28 30 31 27 29 30 29 28 29 30 29 29 30
 29 29 29 31 32 28 26 30 30 29 29 29 27 28 30 30 28 27 28 28 31 30 29 26
 29 30 30 28 27 28 29 29 31 29 29 29 29 31 31 25 28 28 30 31 30 29 30 28
 27 29 32 30 25 27 31 29 30 28 26 29 27 30 30 31 28 27 29 28 29 29 27 29
 28 29 31 29 30 31 28 29 29 29 29 26 28 28 30 29 28 29 28 29 28 28 29 27
 30 28 29 29 29 30 29 27 28 29 30 29 28 28 29 30 28 29 29 30 30 30 28 27
 29 29 29 29 29 29 28 28 29 29 29 29 29 30 29 28 31 28 29 30 28 28 30 27
 27 31 27 28 30 28 32 26]","[ 29  33  99 105 104 104 103 103 106 102  97  97  99  99  99 102 103 102
 100 100 102 103 105 105 106 106 107 109 109 107 105 104 105 104 108 118
 131 137 135 136 133 135 138 141 139 133 131 133 136 134 130 128 130 142
 166 189 212 221 235 244 245 245 245 244 247 247 248 243 245 243 247 247
 245 245 245 245 246 247 247 246 247 247 247 247 246 246 241 231 212 194
 173 159 143 140 144 135 138 131 119 114 118 117 117 123 119 117 116 118
 114 115 115 117 120 113 113 114 115 112 103  96 100  86  67  48  40  36
  27  24  32  24  21  21  26  22  19  16  18  15  16  15  18  21  20  16
  15  18  14  16  20  15  27  57  90  93  95  91  87  83  79  75  75  74
  74  75  75  72  67  62  54  53  54  56  60  63  64  64  55  58  59  60
  64  69  69  66  66  66  70  73  72  71  73  74  77  74  69  87 102 125
 141  31]","[ 30  28  98  97  97  99 103 105 105 103  98  95  98 100 103 105 102 102
 101 101 100 100 100 100 103 105 107 108 107 105 104 104 108 102 101 107
 117 120 116 117 117 125 135 139 135 131 133 138 143 143 138 131 129 131
 135 140 141 146 158 170 182 201 227 245 244 248 253 253 253 251 252 252
 253 253 253 253 253 251 250 251 250 251 253 252 253 254 253 250 253 249
 244 238 214 191 181 162 156 146 145 145 136 127 122 115 114 111 111 114
 112 116 116 118 119 117 118 116 114 114 115 122 121 117 115 114 112  99
  75  60  52  35  25  23  26  20  21  24  18  16  22  18  15  16  16  18
  20  17  19  18  11  28  68  95  93  92  88  81  77  76  76  76  78  77
  76  75  74  71  64  59  57  55  53  54  57  61  64  65  62  62  62  63
  67  71  72  70  67  69  73  73  71  71  74  76  73  76  86 103 134 149
 146  29]","[ 28  30  91  92  92  92  95  99  95  99  98  93  94  97  97  97  96  99
 101 102 101  98  96  95  98 101 104 105 103 101 102 103 102  98  99 103
 108 106  98  97 104 112 119 119 117 119 126 133 141 146 146 139 131 128
 130 136 135 131 132 133 131 133 146 159 179 190 205 223 236 248 251 251
 254 252 250 249 250 252 253 253 252 252 252 252 253 253 253 254 255 255
 249 255 254 252 252 243 231 223 197 170 160 152 141 134 144 138 131 122
 112 112 110 114 113 114 115 117 121 117 111 116 117 111 109 111 116 115
 110 111 104  96  86  67  46  26  23  28  21  15  24  24  25  23  21  18
  17  17  14  14  27  63  92  90  90  87  84  82  80  77  75  75  77  77
  75  73  72  70  66  62  62  60  59  58  58  60  63  65  67  65  63  64
  67  69  70  70  72  74  74  72  72  74  77  79  83  82 106 138 152 143
 146  27]","[ 30  29  71  79  88  92  91  89  90  97  95  88  86  90  91  90  94  96
  98  98  97  96  98  99  92  94  97  98  97  96  97 100  99  98 101 104
 105 101  93  93 101 104 105 102 101 104 109 111 111 107 104 107 112 114
 119 125 131 128 132 139 139 135 135 138 136 138 136 138 143 161 176 188
 212 231 248 253 251 253 254 253 252 253 251 251 253 251 250 252 247 254
 253 254 253 251 253 254 254 252 253 253 251 245 226 203 178 162 146 134
 130 135 126 122 114 115 116 113 110 103 101 112 117 113 113 115 117 114
 108 108 107 105 103  98 100  96  89  79  62  43  35  24  23  23  28  24
  23  25  19  45  89 105 100  95  90  82  74  70  69  69  72  75  77  76
  73  70  69  70  69  66  65  66  66  65  65  65  67  69  67  65  64  67
  70  72  73  74  73  74  73  72  75  76  77  79  93 105 142 144 144 144
 138  29]","[ 27  29  68  71  72  74  78  82  80  85  83  77  76  82  87  90  91  90
  89  87  86  88  91  93  92  93  95  97  98  98  99 100 101 100 100  97
  97  98  97 102 101 103 104 103 103 105 106 105 104 104 102 102 101  99
 104 113 123 122 127 134 136 136 137 138 140 146 146 140 131 128 129 131
 138 145 157 177 201 222 233 236 243 250 252 252 254 253 252 253 254 253
 250 250 251 252 251 251 252 254 252 252 255 254 252 254 248 241 231 208
 184 172 155 148 128 117 115 116 114 111 107 107 107 106 107 107 111 112
 105 104  97 102 105  98  98  98 101  99  95  87  83  70  59  47  45  31
  24  21  36  79 103  97  91  84  79  76  73  72  72  72  72  72  73  72
  69  65  66  70  70  69  71  71  70  68  66  65  66  66  69  69  69  70
  71  72  72  72  73  74  72  72  73  75  84  98 129 141 144 139 138 138
 140  30]","[ 30  29  68  70  68  69  71  71  66  70  69  65  64  68  73  77  82  82
  83  84  85  87  89  91  91  91  92  94  97  97  97  97  97  99 102  99
  97  96  94  97  98 100 102 104 103 102 102 104  99 102 103 101 101 102
 102 104 107 109 114 116 118 123 132 136 139 145 152 147 145 139 137 134
 133 129 129 132 131 131 140 151 165 191 219 237 249 252 252 253 254 252
 254 254 252 253 253 252 251 252 252 251 251 253 253 250 253 251 254 253
 252 252 229 212 191 165 153 144 128 123 122 116 118 117 112 100  96  97
  95  96 100  99  98  94  95  94  98  99  94  89  91  90  94  88  81  53
  39  60  82 102 102  93  91  84  76  76  74  71  71  73  74  73  71  70
  67  65  68  74  76  75  74  73  71  69  67  66  67  67  69  72  74  74
  74  75  74  72  73  73  72  72  74  82 109 141 151 149 142 142 137 138
 141  28]","[ 30  28  77  75  75  78  72  71  67  66  71  67  63  62  64  56  52  66
  74  77  84  84  82  86  91  92  91  91  92  91  89  90  95  96 100 100
  97  96  96  96  95  99  99  96  95  96  97  97  98  98 100 102 100  97
  98 102 102 104 104 105 108 109 111 115 114 111 113 122 129 131 133 136
 134 127 133 144 142 137 138 139 132 133 137 144 152 166 190 211 229 240
 250 252 251 251 252 252 253 250 253 253 252 253 252 253 253 251 254 253
 251 254 254 254 253 254 246 218 189 171 155 138 131 128 121 107  99 106
 107  96  93 100  95  92  91  92  97  95  90  90  83  82  87  88  87  85
  95 102 104  98  95  94  87  77  73  72  73  74  75  74  69  61  60  62
  64  65  68  74  77  77  70  68  68  69  70  69  69  70  74  78  75  71
  75  71  76  74  75  71  75  76 105 130 146 145 141 139 138 139 140 140
 139  29]","[ 30  30  83  82  80  84  84  88  84  76  73  67  62  60  66  65  68  74
  72  69  70  69  68  70  71  75  81  84  83  81  81  82  91  88  88  89
  89  92  97  98  98  97 100 102  99  96  94  92  89  92  97 100  99  95
  95  97 102 100  98  99 103 103 102 102 106 104 104 105 104 100 100 103
 104 106 118 129 129 130 136 138 137 137 136 134 131 130 132 135 153 158
 173 197 220 235 244 249 252 250 253 252 251 253 253 253 254 250 252 252
 252 253 252 254 254 251 252 255 254 246 235 226 209 178 152 138 126 118
 115 112 107 105 100  91  89  90  89  84  85  84  83  85  86  86  90  91
  96  99  99  93  89  86  79  72  69  71  72  73  73  69  61  53  51  56
  62  65  67  68  68  66  63  64  67  70  71  72  74  77  77  75  74  74
  75  73  76  75  76  70  80  94 125 140 144 138 138 136 136 138 138 139
 140  30]","[ 29  32  89  90  90  95  98 105  97  88  85  79  76  73  76  74  73  76
  77  75  72  69  64  61  67  63  63  62  60  65  76  83  82  81  82  81
  78  79  88  96  99  93  93  98  97  96  97  98  90  90  90  88  87  89
  95 100  97  96  95  95  97  97  97  99 100 101 101 102 101 101 103 105
 102  94 100 112 110 104 112 124 132 132 136 139 139 137 137 138 135 134
 131 129 135 150 168 181 193 206 232 249 253 251 250 253 253 253 255 251
 251 252 250 253 252 254 255 253 252 254 255 253 254 251 244 231 214 194
 165 137 124 115 117 108 106  99  84  70  70  76  80  83  82  87  98 100
  97  96  93  88  83  78  73  69  68  71  72  72  72  64  53  46  48  54
  59  61  62  64  65  65  64  65  69  73  77  79  80  82  78  75  76  76
  71  73  76  80  90  93 111 125 142 142 139 135 138 137 137 137 137 137
 139  30]","[ 30  28  87  91  93  95  96  99  95  93  95  92  93  91  89  81  79  78
  78  77  73  73  73  71  71  64  66  69  66  66  67  65  61  60  63  64
  61  60  66  72  79  81  85  93  99  93  87  88  88  90  91  90  88  89
  90  92  95  95  94  93  92  91  92  97  98  97  96  95  97  99 100 100
 100  98 100 104 102 100 102 103 110 108 114 121 118 114 119 127 130 132
 133 132 130 129 129 129 136 129 138 155 170 183 198 214 228 240 251 251
 252 254 251 252 253 252 252 253 254 252 251 254 250 254 254 253 251 253
 250 241 211 189 174 149 135 122 120 114 110 100  84  82  92  98 100  96
  94  91  86  81  77  75  72  70  67  70  67  65  65  58  47  44  51  55
  59  61  63  66  69  70  71  70  72  77  81  83  81  79  78  78  79  78
  74  77  75  85 102 117 137 139 140 137 138 140 140 139 138 137 137 138
 139  28]","[ 30  28  89  93  93  90  88  87  91  93  96  93  92  90  92  89  87  84
  83  81  76  77  82  81  78  70  71  74  73  72  71  66  63  64  67  66
  56  50  52  57  62  70  69  73  84  82  76  82  87  89  90  89  89  90
  90  89  92  91  90  91  92  91  91  94  97  96  94  91  93  96  98  96
  96  97  99  99  99 100 100  97  98  97 106 112 105  99 106 113 114 112
 118 131 136 132 133 140 140 129 125 125 124 125 127 132 145 163 185 202
 219 232 237 243 247 251 251 251 252 254 253 254 254 252 252 254 254 254
 252 252 254 250 249 235 210 175 165 154 149 136 111 104 108  98  89  91
  86  84  79  74  72  73  73  72  72  73  69  65  66  62  56  57  57  61
  65  67  69  71  72  70  74  75  76  79  81  81  78  76  80  81  80  82
  83  81  77  96 121 131 142 137 135 137 140 142 140 140 138 138 139 142
 142  29]","[ 30  30  95  97  96  91  91  89  94  94  96  91  86  78  82  89  87  87
  90  90  86  85  86  85  78  76  78  82  82  81  80  75  75  74  74  71
  60  51  48  48  52  61  57  56  67  64  57  64  73  78  85  90  92  92
  89  86  88  89  91  93  93  89  88  92  90  91  90  88  89  93  96  96
  95  95  95  94  91  89  91  95  95  95 102 103  97  97 102 102 100 101
 105 109 108 106 113 124 123 128 134 130 125 126 125 124 128 123 122 123
 130 140 150 162 192 218 238 244 250 255 254 252 253 255 254 251 251 253
 253 252 248 248 253 253 253 239 244 242 231 199 145 113 106  96  87  86
  80  79  75  73  73  74  74  73  70  70  66  64  66  65  65  68  68  70
  72  72  74  75  74  72  74  78  82  83  81  79  78  78  82  82  80  83
  86  84  92 119 140 138 140 137 137 139 140 142 143 143 142 141 142 145
 144  29]","[ 29  28  94  95  95  92  95  94  98  96  95  90  87  78  81  86  87  86
  88  89  87  86  88  88  91  89  86  84  84  86  85  82  82  77  75  78
  80  77  67  57  70  68  58  52  55  53  51  56  60  61  62  63  65  68
  72  76  84  86  87  88  86  82  82  87  92  92  90  87  88  89  89  87
  86  95  97  89  86  88  89  88  89  87  92  93  89  95 102 101  98 100
 100  97  98 103 105 104  93  95 100 100 107 122 128 127 128 126 129 128
 124 122 120 119 117 119 121 132 151 168 188 209 231 237 246 253 255 252
 250 252 254 253 251 251 252 250 252 251 241 200 145 111  97  88  85  83
  77  74  73  75  75  74  72  71  68  68  68  70  72  72  74  76  77  78
  78  76  77  79  80  78  78  82  86  86  84  82  81  80  80  81  83  86
  94 103 123 138 139 135 136 137 138 140 139 141 143 145 144 143 144 146
 145  29]","[ 30  28  92  93  94  93  98  95  96  94  91  87  90  89  89  88  89  89
  90  91  90  88  87  87  90  88  82  79  83  87  85  83  81  86  94 100
  98  94  88  82  82  78  75  75  74  71  67  64  61  60  60  59  57  57
  61  65  73  70  70  74  79  80  81  86  89  86  82  83  87  89  87  82
  90  90  87  83  81  80  84  90  88  84  88  91  86  89  96  97  96  97
  95  92  93  96  96  93  96  95  99  98  99 105 107 108 103 111 122 119
 116 123 126 123 118 118 114 115 120 119 120 128 135 147 160 175 195 215
 229 237 244 248 253 252 252 253 246 245 204 145  99  95  94  85  82  80
  74  71  71  75  76  70  67  67  64  64  69  74  75  75  76  77  78  80
  80  80  81  83  83  82  82  84  85  86  86  85  82  78  77  80  85  92
 109 131 151 141 137 136 137 139 140 142 138 136 139 142 143 142 143 146
 145  30]","[ 30  26  93  93  92  94 101  94  98  95  90  89  91  91  90  91  92  91
  88  92  88  89  87  90  88  83  80  79  77  81  85  83  81  79  83  92
  93  90  90  91  89  94  94  90  85  83  79  74  72  72  66  58  57  60
  63  67  69  59  54  57  61  60  63  69  67  70  74  79  84  87  85  83
  89  87  84  82  79  78  80  83  85  83  87  85  88  90  95  90  90  93
  90  87  91  94  93  93  95  96  95  96  98  96  94  97 102 103 105 105
 101  96 101 112 112 117 122 122 121 119 116 114 113 114 117 113 115 128
 145 166 180 196 215 245 252 250 245 198 144 105  95  90  89  83  76  76
  72  72  74  75  72  67  64  64  64  68  73  76  77  76  76  77  81  81
  81  81  83  84  84  83  88  84  85  86  86  86  83  85  88  85  97 123
 139 139 137 141 137 136 138 142 143 143 141 138 139 142 142 143 143 144
 144  30]","[ 30  29  94  95  96  94  98  98  94  98  99  97  96  94  93  94  96  95
  90  91  88  90  88  88  90  87  86  86  87  89  89  86  82  79  80  83
  84  85  86  87  85  87  88  86  86  88  88  86  86  83  79  77  77  74
  72  74  73  70  64  59  59  61  61  60  58  58  59  62  63  64  65  66
  76  79  83  86  85  82  80  80  77  76  81  81  84  86  92  90  86  89
  88  86  90  91  90  90  94  94  93  93  95  93  91  94  97  97  96  96
  96  94  95  99  96  93  95 103 111 114 115 117 123 116 109 110 112 108
 106 107 116 135 155 176 190 194 173 127 102  91  90  82  77  77  75  75
  75  73  71  68  63  59  60  63  70  72  75  78  77  77  78  79  82  84
  86  85  83  84  88  91  89  87  89  87  84  85  88  95 102 117 135 145
 146 142 140 138 139 138 140 142 143 143 142 139 139 143 143 144 144 144
 145  29]","[ 29  30  95  99 102  97  98 103 101 103 102  98  95  97  98  98  96  95
  91  90  90  94  92  89  91  91  90  88  88  89  90  90  85  83  81  80
  80  84  87  86  82  85  86  83  81  83  87  90  91  87  83  83  85  83
  80  81  82  83  80  73  71  74  72  66  62  58  53  53  54  53  50  49
  63  66  71  75  75  72  70  70  72  70  73  72  73  77  86  90  86  88
  87  87  88  87  86  88  87  89  90  92  93  92  90  91  87  91  92  91
  94  96  94  93  91  86  85  90  95  96  98 102 100 107 104 107 110 111
 116 114 114 119 124 126 129 128 113 100  95  89  83  81  75  72  71  73
  71  69  65  62  59  60  66  73  73  75  76  77  77  77  79  81  85  86
  86  85  86  88  92  95  96  89  88  87  85  85  90 100 113 131 145 145
 142 143 142 139 140 139 140 142 142 142 143 141 142 145 144 145 146 146
 145  29]","[ 29  29 102 102  98  92  93 100 105 102 100 100 102 102 100  95  93  92
  89  89  93  99  96  90  90  92  92  89  87  87  87  89  88  86  85  84
  85  88  90  87  85  86  85  82  78  77  79  82  84  85  83  82  86  89
  88  87  86  85  83  82  82  82  80  77  75  72  66  60  56  52  45  39
  54  54  54  56  55  55  55  57  61  59  59  57  56  60  69  77  82  84
  87  90  90  85  84  85  83  85  86  87  88  88  87  87  82  90  94  93
  91  89  88  88  91  90  89  90  90  90  89  89  88  90  83  80  86  99
 113 119 117 113 117 119 119 110  97  98  95  86  71  78  79  74  70  73
  70  67  63  61  60  62  69  76  74  74  75  75  75  76  79  83  84  84
  84  85  87  90  93  95  94  88  89  90  89  89  98 112 131 137 141 140
 138 139 140 139 140 139 141 143 143 143 145 144 144 147 145 146 147 146
 145  28]","[ 31  32 125 122 109 106 111 113 113 104 100 103 106 107 104  99  94  92
  90  89  93  97  96  90  93  94  95  95  93  91  88  85  88  85  86  88
  89  89  89  87  89  85  81  80  81  81  78  75  77  82  84  84  87  89
  89  88  88  84  80  79  80  80  80  80  79  84  87  82  77  75  74  71
  64  62  62  62  62  60  59  59  56  56  54  51  47  49  54  61  70  74
  84  94  94  87  83  82  82  82  83  81  80  81  84  84  82  89  94  92
  88  84  85  88  86  86  87  89  91  90  86  82  87  82  81  82  84  84
  83  90  93 103 112 107  92  82  80  79  79  81  71  76  77  75  72  71
  67  63  60  59  59  62  67  73  73  73  74  74  75  76  80  84  82  84
  86  86  86  88  90  92  93  92  93  90  93 106 125 142 141 141 143 143
 142 139 139 140 142 141 144 146 145 145 146 146 145 147 145 146 147 146
 145  28]","[ 28  28 145 148 139 138 137 129 127 115 109 110 109 109 109 107 106 107
 107 100  97  94  96  98 101  96  97  98  96  96  93  85  88  85  86  90
  90  89  88  88  88  85  82  81  84  85  82  78  79  81  83  84  83  81
  82  87  90  87  81  76  76  80  83  82  85  90  92  88  84  83  82  80
  82  78  74  72  68  63  58  55  60  59  51  46  41  41  43  49  53  50
  51  56  59  63  72  79  80  82  84  82  77  78  79  77  75  78  78  79
  79  78  79  82  82  83  88  91  89  83  80  80  83  80  83  79  78  80
  79  88  86  87  84  79  71  72  78  71  71  78  74  73  72  69  69  69
  64  60  57  57  59  62  68  73  73  73  74  74  74  76  80  84  85  87
  88  88  88  88  88  87  84  88  94  98 114 135 141 140 138 139 141 142
 143 143 143 143 144 143 145 147 146 145 146 145 144 146 144 145 146 146
 145  29]","[ 32  30 164 166 164 163 156 148 151 144 143 144 140 137 135 130 122 118
 117 111 108  99  99 100 103  97  99 100  95  97  98  90  90  88  90  94
  94  92  92  92  88  88  86  82  83  86  86  84  83  84  84  83  82  79
  80  86  86  85  80  75  74  79  83  83  84  84  85  85  86  86  84  82
  87  84  82  84  87  87  87  86  74  75  66  61  58  60  58  61  63  57
  54  52  46  41  42  42  41  47  56  60  60  67  72  72  72  72  70  71
  76  77  74  73  75  81  89  91  86  81  80  83  80  82  80  76  79  84
  83  82  79  79  79  77  70  67  71  70  68  67  66  67  67  61  63  67
  66  62  58  58  60  63  68  72  74  74  75  75  75  78  82  86  90  90
  90  91  91  90  88  85  90  90  95 105 123 141 142 137 141 141 141 141
 143 145 145 145 145 143 145 146 146 145 146 145 146 148 145 145 146 146
 145  29]","[ 29  27 168 163 162 163 164 168 165 158 157 157 153 154 154 149 153 138
 131 132 139 131 121 112  99  97 105 107  96  96 100  94  90  90  93  97
  97  96  96  94  92  90  86  81  83  88  89  86  79  84  86  83  83  82
  81  80  83  82  81  78  77  77  80  83  85  83  84  87  87  84  82  83
  84  80  78  80  83  83  81  80  79  84  81  83  83  85  79  78  75  67
  63  59  50  44  42  40  40  44  48  47  44  50  58  58  55  56  56  60
  67  71  67  62  65  75  82  82  80  81  79  75  78  81  75  74  75  74
  78  78  74  71  68  64  63  64  63  66  65  63  66  64  65  58  60  62
  64  61  59  60  62  65  69  74  76  76  76  77  78  80  85  90  90  93
  96  94  91  89  88  89  87  98 120 138 144 141 137 141 140 142 144 144
 143 142 144 147 145 144 145 146 146 146 147 146 149 150 147 147 146 146
 145  30]","[ 30  30 174 175 173 173 163 166 166 167 166 163 162 162 161 163 164 164
 155 149 149 150 151 151 146 137 131 121 110 110 112 112  98  98 103  99
  97 100  96  99  94  90  85  83  85  91  95  88  82  86  88  88  86  83
  82  85  82  80  79  80  80  80  80  81  81  80  83  86  83  79  80  82
  82  81  76  76  80  79  76  79  80  82  80  83  82  82  81  80  80  76
  73  70  66  59  54  52  58  57  54  49  47  49  49  44  43  47  49  48
  48  49  46  41  40  45  58  59  68  73  71  73  72  73  69  69  67  66
  72  73  66  62  62  65  64  62  64  65  60  61  60  58  58  59  61  62
  59  59  61  63  66  71  76  79  79  75  74  78  80  81  84  88  92  96
  98  92  90  94  94  94  95 126 145 145 142 140 139 141 145 144 143 142
 142 143 145 147 147 146 145 144 144 146 147 147 152 149 148 146 147 146
 148  28]","[ 29  26 146 144 144 150 155 169 173 171 172 172 167 162 167 176 172 171
 168 163 156 156 161 160 165 160 159 154 147 145 139 134 130 127 124 118
 113 116 104 102 104  98  91  88  91  94  99  93  82  89  93  87  90  88
  86  80  82  83  82  79  78  80  82  84  80  80  82  82  80  80  82  83
  83  81  75  72  75  76  76  77  78  81  79  82  79  79  78  76  76  78
  78  77  79  82  81  77  72  69  68  67  65  63  60  55  48  51  50  46
  43  42  40  38  38  34  40  40  48  52  49  53  65  74  74  69  63  60
  64  62  55  56  61  64  63  62  60  58  54  56  57  56  56  58  61  63
  61  61  62  63  66  70  75  78  74  73  74  79  82  83  86  89  92  86
  89  98  97  90  93 105 129 144 148 141 138 139 141 145 144 143 142 143
 144 145 145 146 147 147 147 147 146 146 146 146 149 148 148 147 148 147
 149  29]","[ 33  27 127 124 122 121 124 135 144 144 150 158 162 164 163 158 165 164
 168 169 162 166 178 178 176 170 166 162 162 163 158 154 161 157 154 153
 145 147 136 137 136 130 119 104 101 103 111 107  93  94  95  87  91  88
  95  98  89  89  87  85  86  88  84  79  77  77  79  80  79  80  82  83
  83  84  81  80  82  80  76  74  77  81  78  80  76  76  76  76  72  75
  75  73  75  80  78  73  83  78  78  82  81  78  74  71  64  62  58  56
  54  51  48  45  41  33  35  35  41  41  39  45  40  44  43  43  45  48
  52  49  45  46  50  51  51  52  53  51  48  51  54  55  55  58  62  65
  65  65  66  66  67  69  73  75  75  76  78  81  84  85  85  85  84  86
  92  94  88  90 114 142 143 147 143 138 140 143 145 149 145 143 142 144
 147 147 147 145 147 148 148 147 147 146 147 147 146 146 147 146 147 146
 148  28]","[ 27  31 147 144 133 122 124 130 135 136 139 137 132 137 143 141 149 150
 154 159 159 163 174 174 176 174 173 171 171 167 162 163 168 163 164 168
 165 163 158 163 154 154 150 142 147 148 145 128 125 120 117 113 111 102
 101 103 111 105  96  91  93  96  94  89  81  79  82  86  85  82  83  84
  85  83  81  81  82  81  80  80  80  83  79  79  74  75  77  78  80  79
  78  78  79  79  77  76  79  75  74  77  77  76  75  76  83  78  75  73
  71  65  58  54  54  49  50  47  47  40  36  40  46  38  32  33  38  40
  40  38  41  39  38  38  38  41  45  46  43  48  54  56  57  58  62  65
  68  70  72  72  70  70  73  75  79  81  82  83  85  85  85  84  79  85
  88  91  99 115 135 146 143 142 140 140 144 143 143 145 147 145 145 147
 149 150 148 147 148 148 148 147 146 146 148 151 148 148 148 146 146 146
 148  28]","[ 30  28 161 161 161 158 159 153 143 142 148 147 134 126 125 125 128 132
 131 133 134 135 139 141 139 143 154 161 162 160 163 175 180 172 169 165
 167 166 169 173 167 167 159 151 155 158 161 154 154 146 134 132 131 130
 122 120 119 113 105  99  96  95  94  95  95  94  96  97  94  91  89  86
  91  87  85  86  85  83  81  82  84  84  80  81  76  74  75  77  81  81
  80  80  79  78  78  78  77  74  72  71  68  69  72  73  72  72  75  78
  76  71  70  71  64  63  64  60  60  51  46  46  44  38  35  34  37  38
  39  41  37  32  30  31  31  32  36  39  40  47  55  58  58  59  62  65
  69  73  75  74  72  71  75  80  80  82  83  83  84  87  88  88  93  92
  94 113 132 140 143 140 145 144 144 146 146 144 144 147 148 148 148 149
 150 150 149 148 149 149 148 147 146 145 147 150 152 151 151 148 147 147
 149  29]","[ 30  26 169 165 165 166 171 167 167 161 157 155 153 155 154 150 146 148
 140 133 130 130 133 136 128 126 132 136 136 134 138 149 156 160 168 165
 172 173 179 176 180 179 171 169 167 166 168 171 168 163 156 165 165 164
 154 155 147 143 138 134 129 123 118 117 116 116 115 109 105 104 102  95
  92  87  87  90  91  89  85  81  85  84  80  84  80  76  76  78  81  83
  83  79  76  77  77  75  76  76  75  71  68  70  73  73  71  70  71  72
  70  65  65  67  66  66  67  66  70  67  64  62  57  54  50  43  41  44
  44  45  37  32  29  29  27  26  32  37  42  49  56  60  61  62  65  67
  69  72  74  73  72  73  79  84  82  83  83  83  85  88  92  94  94 100
 113 135 144 139 142 145 147 147 150 152 150 146 147 149 148 147 148 149
 149 148 147 147 148 147 147 147 145 143 144 147 152 151 151 148 147 148
 150  29]","[ 31  27 164 164 167 167 165 161 166 166 162 156 158 166 170 169 171 170
 161 153 149 151 155 152 139 133 135 137 132 127 123 122 122 128 134 131
 137 143 156 160 167 165 156 163 170 177 177 179 183 179 173 176 171 166
 165 174 167 163 158 153 149 147 146 145 140 138 136 133 129 127 125 122
 106  98  93  94  98 103 101  94  94  90  84  90  85  79  78  81  80  81
  80  77  75  75  76  75  74  74  75  73  70  71  74  74  73  69  68  68
  67  64  63  63  66  66  65  63  67  64  64  63  63  59  56  50  50  54
  50  49  44  40  37  34  28  29  36  42  47  52  57  60  61  64  67  70
  69  72  75  76  76  79  83  87  87  86  85  86  88  92  97 100 100 117
 133 150 153 147 149 148 151 152 155 155 152 148 146 145 147 147 147 149
 149 147 146 145 145 145 145 146 145 143 145 148 150 150 151 149 149 149
 150  28]","[ 28  32 167 169 167 160 157 160 162 162 161 161 162 163 164 167 166 164
 164 166 168 175 178 166 161 158 164 162 152 146 142 138 137 137 137 137
 133 126 125 126 130 141 136 140 141 156 163 171 176 181 182 178 175 173
 171 172 169 174 176 172 168 168 170 171 162 154 154 159 157 151 149 152
 140 132 124 121 123 127 120 104 108 100  90  94  88  80  78  81  85  80
  79  80  79  74  73  77  77  76  76  76  74  75  76  76  77  75  73  71
  65  60  59  60  64  64  63  60  60  55  58  61  60  55  57  58  58  55
  47  46  43  44  44  38  31  31  38  42  51  54  57  58  60  63  68  71
  71  74  79  82  84  85  87  89  89  88  88  90  92  96 102 106 116 133
 142 151 151 149 154 150 152 152 154 154 152 151 150 147 148 148 148 150
 151 149 147 146 145 143 143 144 145 145 149 153 151 152 153 152 152 152
 152  29]","[ 30  27 176 171 165 171 166 162 162 165 165 162 161 164 163 160 159 162
 166 166 166 165 165 165 161 164 166 165 166 170 168 161 160 161 161 157
 149 141 138 140 138 129 124 120 119 128 135 131 129 131 140 146 156 167
 170 169 168 172 175 176 176 176 174 170 167 175 174 167 163 169 171 162
 161 157 161 157 154 154 143 130 127 124 119 116 109  99  95  94  92  89
  87  85  81  82  83  80  81  81  77  75  79  80  77  77  79  78  73  73
  67  59  61  63  64  64  63  62  57  54  53  45  49  49  47  49  47  43
  44  44  45  45  47  47  42  37  39  45  50  53  55  54  55  59  66  72
  78  82  86  87  88  89  90  91  90  90  90  91  97  94 107 130 138 142
 147 150 153 155 154 152 152 153 156 157 155 153 153 152 149 150 150 151
 151 151 151 150 146 147 147 147 148 150 153 154 153 152 153 152 153 152
 151  29]","[ 30  31 188 189 184 186 177 171 172 173 171 168 165 165 162 159 157 161
 165 166 164 162 161 161 161 161 164 166 168 168 164 157 157 163 169 170
 165 161 161 165 163 157 154 149 145 146 146 139 132 134 138 131 121 119
 124 130 133 136 140 146 156 165 168 168 170 172 174 176 173 174 181 184
 177 171 171 171 173 170 162 161 160 157 149 144 135 123 118 118 112 106
 103 102  98  94  88  81  79  81  79  79  84  84  79  76  76  77  78  80
  77  70  67  66  65  66  64  63  60  55  54  49  48  49  47  46  44  42
  43  40  42  43  44  45  42  40  41  43  47  52  55  54  52  57  67  75
  81  83  84  83  84  88  91  92  93  92  94  97 100 109 135 144 146 147
 148 149 151 155 158 158 155 154 156 157 155 153 153 151 151 151 152 152
 152 152 151 150 150 150 149 148 147 149 150 151 153 153 153 152 152 151
 151  29]","[ 28  30 190 192 187 189 182 178 179 179 180 180 180 180 179 178 170 173
 175 173 169 164 160 158 156 155 158 164 168 168 164 158 155 161 167 167
 163 161 161 162 159 158 162 163 161 161 159 152 153 144 142 141 140 136
 127 122 129 130 127 121 118 121 128 134 135 134 142 160 170 172 175 176
 183 184 181 177 181 180 173 174 170 169 162 159 154 142 135 135 128 121
 116 114 109 104 100  95  91  93  91  86  83  80  79  81  73  74  79  81
  79  75  67  64  64  66  64  64  63  57  55  53  52  54  50  47  46  46
  46  40  38  40  40  40  40  40  40  39  40  47  55  57  57  60  68  75
  81  84  84  82  82  86  89  90  94 100 102 111 124 131 149 151 154 155
 155 154 154 156 158 159 157 156 157 158 156 155 155 153 152 153 153 154
 153 153 152 151 152 151 150 148 148 149 151 153 154 153 153 152 152 151
 151  28]","[ 29  29 188 189 184 187 185 185 185 185 185 186 187 187 187 186 183 185
 187 187 185 181 177 173 164 162 163 166 167 166 163 157 163 164 163 162
 162 163 162 159 160 159 160 161 161 166 170 170 163 158 160 166 169 166
 154 144 144 141 137 133 130 129 126 124 122 124 125 127 124 122 125 126
 140 151 159 163 173 182 182 181 181 180 170 166 164 155 151 151 157 154
 148 139 130 124 122 121 120 118 112 103  95  91  91  94  91  89  91  85
  81  77  68  65  66  69  66  67  66  59  56  57  54  55  51  50  50  49
  48  43  39  40  39  39  38  38  38  38  40  46  55  61  65  69  73  76
  77  81  83  80  80  84  90  94  95  99 106 122 140 144 154 157 158 160
 161 159 157 157 157 157 159 157 158 158 156 155 154 153 151 152 154 154
 154 154 153 152 153 151 149 148 150 151 153 154 154 153 154 152 153 151
 151  29]","[ 30  30 191 192 188 188 188 188 190 188 187 187 187 185 184 185 186 186
 186 187 188 188 184 180 184 184 184 182 181 181 178 173 171 170 166 165
 166 168 166 163 161 162 162 162 162 164 166 165 160 160 166 166 164 163
 159 156 161 159 157 158 160 160 157 154 154 151 143 134 128 128 130 125
 123 123 125 125 125 131 138 138 146 156 161 165 161 153 151 154 147 151
 151 145 139 135 134 134 135 131 126 122 117 113 108 104 110 106 105  95
  89  87  81  80  75  77  74  73  70  62  58  58  57  54  51  53  53  50
  48  47  43  43  44  44  41  38  38  40  45  51  57  63  67  72  76  78
  80  82  82  83  86  92 100 104 106 103 126 144 151 153 157 156 160 161
 160 157 155 156 158 160 161 159 159 159 155 153 152 150 151 152 153 154
 154 154 153 153 153 150 147 148 151 152 153 153 154 153 154 153 154 152
 152  29]","[ 29  29 192 193 190 188 188 188 190 189 188 189 188 188 188 189 194 192
 189 189 191 191 188 184 184 186 188 187 186 188 188 185 185 184 182 179
 177 176 174 173 167 168 170 170 169 166 164 162 168 165 165 163 162 164
 163 162 162 160 157 154 153 154 156 158 154 160 161 155 143 138 145 147
 150 148 142 134 124 126 132 127 122 119 117 123 131 135 138 136 142 145
 144 141 140 138 136 136 132 129 129 130 126 123 119 115 119 117 113 106
 101  99  96  97  87  89  85  82  76  67  64  62  61  55  51  56  56  49
  48  49  48  48  48  48  44  40  39  41  45  52  60  65  67  69  73  75
  80  81  83  89  96 101 106 109 120 126 151 159 161 160 156 159 162 163
 162 158 156 156 158 159 160 159 159 159 157 155 155 153 153 153 153 154
 154 154 153 152 151 147 146 148 152 153 153 153 154 153 155 154 155 153
 152  29]","[ 30  29 192 193 192 189 189 190 190 190 190 189 188 188 189 189 192 190
 188 187 189 191 189 187 186 186 188 189 187 188 189 188 187 187 187 186
 184 182 181 182 189 188 184 181 180 180 180 181 171 168 169 167 161 159
 158 160 160 158 156 157 158 159 158 156 156 156 154 156 154 153 159 159
 155 162 162 159 154 152 151 143 131 129 129 128 121 119 126 126 128 127
 125 126 129 128 129 133 130 129 130 130 124 122 125 125 127 125 119 115
 110 105 104 102  98  99  96  91  84  78  78  75  71  64  58  62  61  53
  52  53  57  55  52  48  46  44  43  43  42  49  58  64  67  69  70  71
  75  77  85  94 101 106 113 121 136 146 157 156 163 161 158 166 164 166
 167 165 162 160 159 158 159 158 159 159 157 157 158 158 156 155 154 154
 154 154 153 152 149 147 147 150 153 154 154 154 155 154 155 154 154 153
 152  29]","[ 30  28 192 194 193 188 188 188 189 191 192 191 190 190 191 191 192 190
 188 187 188 190 190 189 189 186 186 188 187 187 189 190 188 186 186 187
 187 186 186 187 185 187 186 187 189 188 186 186 184 180 182 182 176 170
 167 170 170 171 170 165 158 154 156 160 159 156 153 155 157 157 160 157
 157 160 155 158 160 154 156 161 159 148 142 142 138 138 139 130 129 127
 123 124 124 117 117 125 130 126 126 125 121 122 126 126 121 121 115 115
 112 107 108 105 104 104 102  99  92  90  93  89  88  81  73  75  73  65
  64  65  68  64  56  49  47  50  49  46  45  48  53  59  66  71  73  73
  76  81  90 100 105 113 130 147 154 155 160 164 167 162 161 160 165 168
 168 167 165 164 163 161 159 158 158 158 155 155 156 157 157 155 154 154
 155 155 154 152 152 150 150 153 154 152 152 153 156 155 155 154 154 153
 152  29]","[ 29  29 191 191 192 189 186 185 189 194 195 193 191 192 192 189 190 189
 188 189 190 190 189 189 188 188 186 184 185 187 189 189 188 188 188 187
 188 190 188 185 187 187 188 187 187 187 187 186 188 186 185 185 186 186
 184 183 180 182 183 182 180 177 175 173 172 164 156 153 157 161 160 157
 160 156 153 153 153 153 154 155 155 152 149 147 147 148 152 157 158 156
 147 140 139 134 130 130 127 129 121 119 117 116 123 121 116 110 106 106
 106 108 109 107 109 107 107 109  91  92  95  98 100  89  84  86  85  80
  77  76  73  68  63  60  59  56  49  48  47  47  53  60  67  70  71  78
  81  89 100 104 114 131 144 153 154 158 160 162 164 164 163 164 165 167
 168 167 167 166 164 161 160 159 159 159 156 154 155 158 158 157 155 154
 154 155 154 152 154 153 153 153 152 152 153 154 155 154 154 154 153 151
 153  30]","[ 28  30 193 194 194 192 189 188 189 192 194 193 192 193 192 189 190 190
 189 188 190 192 192 189 189 188 187 186 187 189 189 187 188 189 189 190
 191 191 190 187 187 188 187 187 187 188 188 188 187 186 185 186 187 187
 185 184 183 184 186 187 187 186 183 181 179 181 182 179 175 171 169 168
 165 160 156 154 154 155 155 155 154 155 155 153 150 146 146 147 153 149
 144 146 149 149 148 149 154 156 146 139 131 125 125 118 108 108 105 107
 111 110 105 104 103 104 107 110  95  99 103 105 101  95  94  97  95  88
  83  80  77  76  75  71  67  63  55  55  50  51  56  59  61  64  69  80
  93  98 109 119 131 143 149 153 158 161 163 164 166 166 166 167 167 169
 170 169 167 165 164 163 164 161 159 159 159 158 157 158 161 160 158 155
 155 156 155 154 153 153 154 154 154 153 153 154 153 153 155 157 157 154
 155  29]","[ 29  31 193 194 194 194 192 190 191 192 194 194 194 193 191 189 189 190
 189 188 190 194 193 190 190 189 188 189 190 190 189 186 188 188 189 191
 193 192 190 188 190 190 189 188 188 190 191 192 188 187 187 188 190 189
 188 188 188 187 187 188 189 188 186 184 183 186 189 188 185 181 178 177
 179 176 172 169 167 165 161 157 162 162 159 153 149 149 152 154 152 147
 146 149 148 145 145 145 148 152 146 141 138 138 146 145 135 135 138 135
 121 114 115 114 113 111 109 111 102 107 108 106 106 100  98  99  97  93
  89  87  82  81  83  79  74  68  61  59  59  56  56  57  60  67  78  95
 103 112 128 139 145 150 153 158 162 164 165 166 168 169 168 169 167 168
 168 167 165 164 165 167 168 165 162 160 160 161 160 159 160 159 157 155
 153 153 153 152 153 153 154 155 156 154 153 153 152 152 155 158 158 155
 155  28]","[ 30  31 191 189 191 194 195 193 193 193 193 194 194 191 189 188 187 189
 190 191 192 194 194 193 192 190 189 190 191 192 190 188 189 188 189 192
 193 191 190 189 192 192 191 190 190 192 193 194 190 189 189 191 192 191
 190 190 191 189 186 186 186 186 185 184 186 186 185 186 187 188 186 184
 182 183 184 184 186 188 185 181 170 171 170 165 162 161 160 159 151 149
 151 153 148 145 145 145 144 149 149 147 143 141 146 149 151 152 146 144
 148 144 139 141 142 136 129 128 118 119 117 114 115 108 103 102 101 100
  98  95  90  85  84  82  76  70  65  66  62  56  57  63  72  78  85  96
 111 124 143 150 150 152 155 162 163 166 167 167 169 170 169 168 167 166
 165 165 163 162 165 169 168 168 166 163 160 161 161 161 159 159 158 157
 155 154 153 153 153 152 153 155 156 155 153 152 154 154 155 157 156 154
 155  28]","[ 29  28 187 185 190 195 197 196 195 193 193 193 193 190 188 188 189 190
 193 195 194 192 193 195 194 192 190 191 193 193 193 192 193 191 191 193
 193 192 191 192 192 192 191 190 190 191 192 192 190 190 190 191 192 191
 190 189 189 188 187 187 187 186 187 188 185 187 188 187 186 185 186 186
 186 186 185 182 181 181 180 178 180 182 184 184 184 183 180 176 175 172
 170 166 159 156 154 150 149 149 148 150 147 143 145 148 150 143 142 142
 138 140 143 140 138 140 145 150 144 140 138 139 134 131 128 126 121 116
 111 107 102  92  91  88  81  75  74  79  77  66  60  64  77  89  99 112
 123 134 146 149 150 156 159 163 163 166 168 168 170 170 168 167 169 167
 166 166 165 164 165 167 167 167 165 162 161 161 162 162 158 158 158 157
 155 154 155 156 154 153 154 155 156 156 154 153 156 156 157 156 155 153
 155  29]","[ 29  28 187 186 190 194 195 193 193 192 192 192 192 191 189 189 190 192
 195 197 194 190 191 195 196 194 192 193 194 194 195 196 195 194 192 193
 193 193 193 194 193 193 192 191 191 191 191 191 191 191 191 192 192 191
 189 188 187 188 189 190 189 187 187 188 186 187 187 185 183 182 184 186
 185 186 185 184 183 182 182 180 180 180 180 181 184 186 187 186 185 181
 176 173 173 176 174 168 166 160 154 153 153 149 147 147 154 149 138 133
 137 138 136 139 141 139 139 140 137 135 137 140 137 139 143 143 136 130
 127 127 120 111 111 109  99  93  97 105  92  85  81  83  92 102 110 121
 133 139 146 146 149 157 161 163 164 168 169 168 169 170 168 167 167 166
 167 169 169 168 167 166 167 163 160 160 162 163 162 160 158 158 157 157
 155 155 157 159 157 156 155 156 157 157 156 155 155 157 158 157 156 154
 155  29]","[ 30  29 189 189 191 191 191 190 192 193 193 193 193 193 192 191 191 193
 195 196 192 189 190 193 196 195 194 195 195 194 195 197 195 195 193 192
 192 193 194 195 195 194 193 192 192 192 193 192 192 192 193 194 194 192
 191 190 190 190 191 192 190 187 186 188 189 188 186 184 184 185 186 187
 184 184 185 186 186 184 182 180 182 182 182 183 183 183 182 181 183 180
 176 175 180 182 179 175 173 171 170 169 168 165 159 156 160 157 154 148
 138 135 139 141 136 136 137 137 138 137 133 127 129 130 134 137 135 133
 136 140 134 127 130 130 123 121 123 126 118 112 105 101 104 112 119 129
 137 141 146 146 148 155 159 163 165 169 169 167 168 169 169 169 167 168
 169 170 170 170 169 167 167 162 160 161 164 164 162 161 161 161 161 161
 160 159 160 162 158 157 157 158 158 158 157 157 157 157 157 157 157 156
 156  28]","[ 29  28 188 189 190 190 190 191 193 194 195 195 195 195 194 193 191 194
 196 194 192 191 192 193 195 195 195 196 195 193 194 196 195 195 194 191
 192 194 196 195 195 195 194 193 192 193 194 194 193 193 194 195 195 193
 191 191 193 191 191 192 190 188 188 190 186 187 188 187 185 185 185 184
 187 184 183 185 186 185 184 184 185 183 182 182 182 180 181 182 180 181
 179 180 183 180 175 176 175 177 178 174 172 173 172 171 170 170 169 171
 172 169 162 158 155 154 148 138 138 143 144 141 140 136 135 137 135 133
 134 136 132 126 131 133 132 134 132 128 126 124 123 122 126 131 133 138
 141 141 145 147 150 155 158 162 166 170 169 166 167 169 169 170 172 173
 172 170 169 169 169 167 167 164 163 164 164 163 162 163 160 160 162 163
 162 159 159 160 159 158 157 158 158 158 158 158 160 159 158 158 158 158
 158  29]","[ 28  29 191 193 194 193 192 193 193 194 195 195 194 195 194 192 192 193
 194 194 193 192 192 193 195 193 191 190 190 191 193 194 194 195 195 194
 193 195 195 195 195 195 193 191 190 192 195 196 192 192 193 193 192 192
 192 193 193 193 194 194 191 187 186 188 189 187 186 186 186 184 185 186
 187 186 186 186 187 187 185 183 184 183 183 184 184 181 180 180 178 180
 180 181 182 184 180 175 178 180 179 176 174 173 172 171 172 173 174 174
 173 172 169 167 168 168 165 163 162 162 159 155 145 144 141 140 141 136
 132 134 128 128 128 130 130 129 128 128 129 125 122 124 129 135 140 143
 143 142 142 147 152 156 160 164 165 169 169 165 163 167 171 173 172 170
 170 171 171 170 168 167 166 163 163 165 167 165 162 160 161 162 163 163
 162 161 161 161 158 158 158 158 158 159 159 158 158 159 159 156 155 157
 159  28]","[ 30  30 190 190 190 190 190 191 192 194 195 195 195 195 194 193 190 191
 191 191 192 192 194 195 196 194 191 191 192 192 191 189 195 196 196 194
 193 194 194 194 195 194 191 190 191 193 195 195 196 193 192 192 193 193
 192 190 193 194 195 194 193 190 190 191 189 187 186 185 185 186 186 188
 188 188 187 188 189 189 188 186 186 185 185 186 185 183 181 181 180 181
 180 180 181 184 182 178 179 179 178 176 174 174 173 173 174 175 175 173
 171 171 170 168 167 169 169 167 167 167 166 163 169 168 161 153 148 145
 144 144 139 137 134 132 130 128 126 125 128 130 130 129 133 141 145 144
 146 145 145 147 151 156 160 163 165 167 168 167 167 169 172 172 169 169
 169 170 170 169 167 167 167 165 166 168 168 166 163 163 162 161 161 161
 161 160 159 159 158 157 157 158 160 160 159 158 158 159 159 157 156 158
 160  29]","[ 29  29 188 189 189 189 190 191 192 193 194 195 195 195 194 193 191 191
 191 192 193 194 196 197 196 195 194 194 194 193 191 189 195 196 195 194
 193 193 193 193 192 193 194 192 190 190 193 196 197 194 193 193 193 192
 190 188 191 193 194 194 193 193 193 193 191 189 187 186 186 188 189 189
 187 188 188 189 190 190 189 188 187 186 186 187 186 184 182 181 181 181
 180 179 181 183 182 179 178 177 176 176 175 174 173 173 174 175 175 173
 171 171 170 170 167 169 170 169 168 168 166 165 165 166 165 162 161 161
 154 145 146 142 138 136 134 132 129 127 129 135 137 135 137 144 148 146
 148 148 148 148 151 156 161 163 165 166 168 169 171 172 172 172 172 171
 171 172 172 171 170 170 168 168 169 170 170 167 165 166 163 162 160 161
 162 162 161 160 159 157 157 160 161 160 159 158 158 158 159 157 156 158
 160  29]","[ 28  28 189 190 191 190 189 190 192 193 193 193 193 193 192 192 194 194
 194 195 195 195 195 195 194 195 196 196 194 193 192 193 195 195 195 195
 194 194 194 193 191 194 196 194 191 189 192 195 195 195 195 194 192 189
 188 188 188 191 193 192 190 191 192 192 192 191 189 186 187 189 189 188
 187 187 188 189 189 189 188 187 187 187 187 187 186 184 183 181 182 183
 182 181 182 183 181 179 177 175 175 177 177 175 173 172 173 174 175 175
 173 172 171 171 171 172 172 171 169 168 167 166 164 163 162 161 161 164
 160 150 148 145 141 139 139 137 134 131 132 135 138 138 140 144 146 146
 148 150 150 150 152 157 161 163 166 167 169 171 172 172 172 171 173 172
 171 171 170 169 168 169 169 169 169 170 169 167 166 166 165 162 161 162
 165 166 165 163 161 159 159 161 162 159 158 158 158 157 156 155 155 157
 159  29]","[ 29  30 191 192 192 191 190 190 192 192 192 192 192 192 192 192 195 195
 195 195 195 195 194 194 194 194 194 194 195 195 195 195 195 195 195 195
 194 194 193 193 195 194 194 195 194 193 192 192 194 194 195 195 193 190
 189 189 189 193 194 191 188 188 189 190 191 190 189 187 187 188 188 186
 186 187 188 189 189 188 188 187 186 186 186 185 185 184 182 181 183 184
 184 183 183 183 183 181 180 178 176 178 179 177 175 174 173 174 175 175
 174 173 172 172 172 171 170 169 168 168 168 167 168 165 165 162 158 160
 161 159 153 148 143 141 140 138 136 134 136 138 139 139 141 145 147 146
 147 150 152 152 154 158 161 162 166 168 170 172 173 172 172 173 174 172
 171 170 169 168 168 169 169 168 167 167 167 167 166 165 165 163 161 163
 167 169 167 165 164 163 162 162 161 158 158 159 159 157 155 154 154 157
 159  30]","[ 31  29 190 191 193 193 194 194 193 192 192 192 193 192 193 194 194 194
 194 194 194 195 195 196 196 193 191 192 195 197 195 193 194 193 193 193
 193 192 191 191 194 194 194 195 194 191 190 191 195 194 193 194 195 194
 191 190 192 194 195 191 187 186 188 189 190 190 189 188 188 188 187 186
 185 186 187 188 188 188 188 188 184 184 183 182 182 182 181 179 182 183
 183 182 182 182 183 184 184 181 179 179 179 179 178 177 175 175 175 176
 175 173 173 173 173 171 169 169 168 168 167 166 163 162 163 163 161 160
 160 158 156 151 145 141 139 138 137 137 139 141 140 138 141 150 152 148
 149 151 153 154 155 158 161 162 168 170 173 173 173 174 175 175 175 174
 173 172 172 171 171 172 170 169 168 168 168 168 167 165 166 164 163 164
 167 169 167 165 165 165 165 163 160 158 159 160 161 158 156 155 155 158
 160  30]","[ 31  29 189 190 193 194 195 196 193 192 193 194 194 193 194 195 192 193
 194 194 194 195 196 197 196 193 192 192 194 196 195 193 193 192 192 194
 194 193 192 192 193 194 196 195 192 188 189 193 195 193 191 192 193 193
 192 191 193 193 192 190 188 187 188 191 192 191 190 190 189 187 186 186
 185 186 186 186 186 187 187 187 183 183 182 180 180 181 181 180 180 181
 182 182 181 181 182 183 184 183 181 179 180 180 179 177 175 175 176 178
 177 175 173 173 176 175 174 174 173 171 169 168 170 168 164 161 161 161
 159 158 156 152 147 143 140 139 138 139 139 140 139 138 143 151 154 152
 153 153 153 155 156 158 162 164 169 172 173 172 172 174 175 174 172 171
 171 172 173 172 171 171 171 170 170 170 170 170 169 167 166 165 164 165
 167 168 166 164 165 166 165 162 160 161 161 161 162 159 157 157 158 159
 159  29]","[ 31  29 190 191 193 193 193 193 194 193 193 195 195 194 193 194 189 191
 194 195 195 194 194 194 193 194 195 195 194 194 195 196 194 193 194 196
 196 195 195 195 196 195 194 195 193 191 191 194 193 193 192 191 190 190
 192 194 192 190 189 189 188 188 190 193 193 191 190 190 189 186 185 185
 187 186 186 186 186 186 186 186 184 184 182 181 181 182 183 182 178 181
 183 184 183 181 181 181 181 181 181 180 180 181 178 174 173 174 177 180
 180 177 174 173 173 173 174 175 174 172 170 169 169 172 169 164 162 160
 158 159 155 152 149 146 143 140 138 138 139 136 136 139 145 149 153 155
 155 154 153 155 157 159 163 167 168 171 171 170 170 172 172 170 171 171
 172 173 174 173 171 170 170 171 171 171 171 171 169 167 165 164 163 164
 166 166 165 163 164 166 165 162 161 163 163 162 161 159 159 160 160 160
 159  28]","[ 30  29 191 194 193 192 190 189 195 194 193 194 195 195 195 194 194 194
 195 196 195 194 193 194 193 193 194 193 192 193 194 192 192 194 195 195
 196 196 195 192 193 194 194 194 193 192 193 193 193 194 193 190 188 190
 194 195 193 190 188 190 190 188 188 191 188 187 188 189 188 187 186 185
 186 186 187 188 187 185 185 187 187 186 183 181 181 183 182 180 176 180
 183 182 181 182 182 181 179 180 179 178 180 181 178 174 172 173 176 178
 178 175 174 174 171 174 175 174 173 173 172 171 171 172 173 167 161 160
 160 154 151 153 151 148 147 145 143 142 138 140 138 141 143 144 152 157
 156 157 159 160 161 162 164 166 169 170 171 171 169 169 171 172 172 171
 171 174 174 172 170 171 170 172 172 170 169 170 170 169 167 165 164 167
 168 168 166 165 163 162 162 162 162 162 163 163 162 158 162 161 160 162
 159  28]","[ 28  28 192 192 190 189 191 193 196 194 193 193 194 194 191 189 192 192
 193 195 195 194 194 195 195 194 194 194 193 194 194 191 192 194 195 195
 196 196 195 193 193 194 194 195 194 193 191 190 192 193 191 189 188 191
 193 194 191 189 188 189 190 189 189 190 186 187 187 188 188 187 187 187
 187 187 187 188 187 186 186 187 187 186 185 182 181 182 181 180 176 180
 182 182 181 181 180 179 178 179 180 180 181 181 179 176 174 175 177 179
 178 176 173 173 174 175 175 175 175 175 173 171 170 172 172 169 164 162
 158 153 157 157 153 148 148 147 142 138 138 141 141 143 141 141 150 155
 156 158 159 159 161 163 165 168 170 170 171 171 171 171 172 173 174 173
 173 175 174 172 171 171 171 172 171 170 169 170 169 168 167 165 163 164
 165 165 164 165 163 163 162 163 162 161 161 162 162 158 162 161 160 162
 160  29]","[ 29  29 192 192 190 189 192 194 193 192 191 193 195 194 191 188 189 189
 190 193 195 194 194 194 195 194 194 194 193 194 193 189 192 194 195 195
 195 196 195 194 193 194 195 196 195 193 191 189 194 193 191 189 191 193
 194 192 188 187 187 187 188 188 188 188 187 186 187 186 185 184 184 185
 187 187 187 187 186 185 186 187 187 187 186 183 181 181 181 180 177 180
 182 182 181 181 180 178 178 179 181 182 182 181 179 179 176 176 177 178
 178 176 174 173 174 173 173 174 176 176 173 169 171 171 169 167 165 163
 160 160 158 159 155 149 147 146 143 140 141 142 143 145 143 144 152 155
 157 160 160 161 164 165 165 170 171 171 171 171 172 172 173 173 174 173
 173 174 174 172 171 171 172 172 171 170 169 170 169 168 168 167 166 165
 165 165 166 166 163 164 164 164 163 162 162 163 163 160 162 162 160 162
 161  29]","[ 30  29 191 194 193 192 191 189 189 190 192 194 195 193 191 190 187 186
 188 191 193 193 192 192 193 193 194 194 193 194 193 189 190 192 193 193
 192 193 194 193 193 194 195 196 195 194 192 191 192 191 189 188 189 191
 190 187 188 187 187 187 187 188 189 188 187 186 186 185 185 183 182 182
 186 187 187 186 184 183 185 187 186 187 186 183 181 181 181 180 178 180
 182 182 182 182 181 179 178 179 181 182 180 178 178 179 178 177 177 177
 176 176 175 174 172 171 170 172 174 175 172 170 171 171 167 165 165 163
 161 165 162 161 153 145 142 144 144 144 144 141 141 145 147 150 156 157
 159 162 161 163 167 166 165 168 172 172 172 172 173 173 173 173 174 173
 173 174 174 173 172 172 173 172 172 170 169 169 169 169 167 166 165 165
 165 165 164 164 163 164 165 166 165 164 164 165 165 162 163 162 160 161
 161  29]","[ 30  29 191 194 194 191 189 187 188 190 194 195 193 189 188 190 189 188
 188 191 193 193 191 190 191 193 196 196 194 194 193 190 189 191 192 191
 190 191 193 193 193 193 194 194 193 192 193 194 192 192 191 189 190 191
 190 188 189 188 188 188 189 190 191 191 187 185 185 186 187 186 185 184
 186 187 188 186 184 183 186 188 186 186 185 183 182 183 182 181 178 179
 181 182 183 183 182 181 179 179 179 179 177 176 177 179 180 179 177 176
 176 176 176 175 171 171 171 172 173 173 172 171 170 171 168 167 167 163
 159 161 156 156 150 145 146 149 150 151 145 145 147 147 146 148 153 158
 159 160 160 163 168 168 169 173 173 174 174 174 174 173 174 175 175 174
 174 174 175 174 173 173 173 173 172 170 168 168 169 171 168 166 165 164
 166 167 166 164 163 164 164 165 166 165 165 166 165 163 163 163 161 161
 161  28]","[ 29  29 193 195 192 190 190 191 188 191 195 196 192 188 188 192 193 191
 192 194 196 195 194 193 191 193 196 196 193 192 192 190 191 192 193 191
 191 192 194 194 193 193 192 190 189 190 191 193 192 193 193 191 192 193
 193 191 187 186 186 187 188 189 191 192 188 187 186 187 188 187 185 184
 184 186 187 185 184 184 186 187 185 185 184 182 182 183 183 182 179 179
 180 181 182 182 182 181 179 178 177 177 176 177 179 180 180 180 178 176
 175 176 176 175 172 172 172 172 172 171 171 172 171 171 169 167 168 166
 162 159 158 155 146 136 129 128 133 140 141 147 152 148 143 141 146 159
 159 159 161 164 165 165 167 170 175 176 176 176 175 175 175 176 175 175
 174 174 174 173 173 172 172 172 172 170 168 168 170 172 171 169 165 164
 166 169 169 168 165 165 164 165 165 165 166 167 166 164 163 164 163 162
 163  29]","[ 29  30 194 195 193 191 192 192 189 190 193 194 192 189 191 194 194 193
 193 195 197 196 195 195 192 193 195 194 191 192 192 190 193 194 193 192
 191 193 194 195 193 192 189 188 188 189 190 191 190 191 191 190 190 191
 191 189 186 184 184 186 187 187 188 190 188 188 188 188 187 186 185 185
 185 186 186 185 185 186 185 184 184 184 184 182 181 182 183 183 181 180
 179 180 181 181 180 180 179 178 176 175 176 179 180 180 178 178 178 176
 175 176 176 175 173 172 173 173 172 170 170 172 172 171 169 166 166 168
 163 153 148 136 117 100  89  85  89  98  95 104 113 116 123 128 134 149
 156 158 167 173 169 167 171 172 176 176 176 176 176 176 176 176 175 175
 174 173 173 173 172 171 172 171 170 170 169 169 170 171 169 167 164 163
 164 167 169 168 167 165 164 164 165 165 166 167 167 166 163 166 165 164
 165  29]","[ 29  29 192 195 195 193 191 189 192 190 191 193 192 190 190 193 192 191
 191 193 195 194 194 194 194 194 194 193 191 192 193 191 192 193 192 190
 190 192 193 194 193 191 188 187 189 190 190 189 192 193 192 191 191 193
 192 190 188 185 185 188 189 187 187 189 186 187 188 187 186 185 186 188
 187 187 187 187 187 188 185 181 183 184 184 181 180 181 182 183 183 181
 180 180 181 180 179 179 178 177 175 173 175 179 180 178 174 176 176 175
 175 175 175 174 173 173 173 174 173 171 171 172 171 170 170 167 166 167
 157 140 120 108  97  96 100  97  91  89  95  97  96  96 106 107 101 109
 120 127 147 161 160 162 170 172 175 175 174 175 176 176 176 175 175 175
 175 174 174 174 174 173 171 169 169 170 171 170 170 170 168 168 167 166
 166 169 170 170 167 164 162 162 163 164 165 166 169 167 164 167 166 164
 165  29]","[ 29  29 193 195 194 193 194 191 192 193 193 191 188 187 189 192 191 192
 192 192 193 196 196 194 194 194 194 192 191 190 192 193 192 190 189 190
 190 189 191 195 196 196 194 192 190 189 190 191 191 193 193 191 189 190
 190 189 188 187 187 188 187 187 187 187 186 187 187 187 187 188 189 189
 188 185 185 188 189 185 182 182 182 183 182 180 180 181 182 181 182 181
 181 181 180 178 177 177 180 180 178 174 174 176 178 179 177 178 178 177
 176 174 173 173 172 173 174 173 172 172 172 171 172 173 170 171 167 166
 138 119 110 109 110 114 116 110 106 112 111 105 104 109 110 107 104 101
  87  81  96 115 126 145 174 177 171 175 174 175 177 176 177 177 176 175
 174 174 175 175 174 173 172 170 169 168 169 170 170 171 168 170 171 169
 168 170 170 168 166 167 167 166 166 167 166 166 167 165 164 166 166 165
 166  31]","[ 30  29 194 195 192 191 193 193 193 192 191 189 188 188 190 192 194 194
 192 191 192 194 194 192 193 192 191 188 187 187 190 192 191 189 189 190
 190 189 191 193 195 195 193 191 189 189 190 191 190 191 191 190 188 189
 189 189 188 187 187 188 187 186 186 187 188 187 187 187 187 188 189 189
 187 184 183 185 186 184 181 179 181 183 184 182 182 182 181 179 181 181
 180 180 180 179 178 178 179 180 179 178 177 178 179 179 179 179 178 178
 177 176 176 175 173 174 175 174 172 171 170 170 170 171 170 171 169 149
 119 113 118 125 129 129 128 125 125 129 124 119 116 115 112 109 107 105
 101  89  80  85  95 103 136 169 179 175 172 178 177 177 179 179 176 175
 174 175 176 175 174 172 172 172 170 167 167 170 172 172 170 172 171 170
 169 170 169 166 165 166 167 167 166 167 167 167 169 167 164 166 166 166
 166  30]","[ 29  30 194 195 190 189 193 194 195 193 191 190 190 190 191 191 194 193
 192 190 191 193 194 194 194 192 190 188 187 187 189 191 190 189 189 190
 191 193 194 195 195 194 194 192 191 191 192 193 192 192 191 189 187 187
 188 188 187 187 188 188 187 186 186 186 188 188 187 186 186 187 188 189
 189 186 184 185 188 188 186 184 181 182 183 183 183 183 182 180 181 180
 179 179 180 180 179 180 180 180 178 177 177 179 181 181 178 177 175 175
 176 176 175 174 174 174 174 175 173 171 170 171 173 171 172 168 157 131
 113 116 120 126 129 129 130 130 130 132 129 125 122 119 115 113 113 112
 112 106  92  86  92  88 103 126 166 178 172 173 177 180 176 179 175 175
 174 175 176 175 173 171 172 173 170 166 166 170 172 172 171 172 171 169
 170 170 168 164 164 166 167 167 167 167 168 169 169 167 164 166 167 167
 166  28]","[ 28  29 194 195 190 189 193 195 195 195 194 193 192 192 191 190 193 192
 191 190 191 193 194 195 193 192 190 189 189 188 188 190 191 191 190 189
 190 193 193 192 192 192 192 192 192 192 194 195 194 194 192 190 187 186
 186 187 187 187 188 188 187 185 185 186 188 187 187 186 187 187 187 187
 187 187 185 185 186 188 187 184 181 181 181 180 180 182 183 182 181 179
 178 179 180 180 180 180 180 179 177 176 177 179 180 180 176 175 173 173
 174 175 174 174 174 172 172 174 174 171 171 172 171 168 169 157 134 122
 121 121 126 125 125 127 130 131 131 133 137 130 126 126 123 121 121 120
 122 117 106  94  91  90  96  95 114 160 179 178 173 178 176 176 175 174
 174 174 175 175 173 172 173 173 171 168 167 169 172 172 172 171 169 168
 169 170 168 165 165 167 167 167 167 168 169 169 167 166 165 168 168 169
 167  29]","[ 28  29 194 195 191 191 194 195 194 194 194 192 191 191 190 189 190 190
 190 190 190 192 193 193 192 190 188 188 188 188 188 189 193 193 190 187
 187 188 188 186 188 188 188 188 189 189 191 192 193 192 191 189 187 186
 186 187 188 187 187 188 187 186 185 186 187 187 188 188 188 187 186 186
 188 188 186 184 183 184 183 181 181 180 179 178 179 180 181 181 180 179
 178 179 180 180 180 179 177 177 178 180 180 178 176 174 176 176 175 174
 174 174 175 175 174 171 170 172 173 171 170 171 172 172 163 150 130 133
 134 128 129 125 123 125 128 131 135 137 134 122 116 120 123 123 123 123
 121 119 122 120 112 104 107 100  92 112 146 173 171 173 179 177 175 174
 173 173 174 175 175 175 175 173 172 172 171 170 171 174 172 171 169 169
 170 171 170 168 168 168 167 167 168 169 169 168 166 167 166 168 167 167
 167  30]","[ 29  29 194 196 193 193 196 195 194 194 193 190 188 190 192 192 189 189
 190 191 193 194 195 195 194 190 187 188 189 190 190 192 193 192 190 187
 187 188 188 186 187 187 187 187 187 188 188 189 189 189 189 188 187 186
 187 189 188 187 187 187 187 186 186 186 187 188 189 189 188 187 187 186
 186 187 186 183 182 182 182 182 181 181 180 180 180 179 179 178 178 178
 179 180 181 180 179 178 179 179 179 180 179 177 174 173 176 176 176 176
 174 174 174 175 174 172 170 171 171 170 169 169 170 168 146 137 133 138
 131 129 125 120 115 114 121 132 137 134 121 109 102 107 114 120 123 124
 122 122 122 120 118 113 118 119 106  96 112 150 172 178 182 176 175 175
 174 174 174 176 177 178 176 173 172 174 173 171 171 174 172 171 169 169
 170 172 171 170 170 169 168 168 169 170 170 168 168 168 167 166 163 164
 166  30]","[ 29  29 194 195 193 193 195 195 195 195 192 189 188 190 193 193 190 191
 192 194 195 196 196 197 196 191 189 191 193 192 193 194 193 192 190 189
 189 190 190 190 188 188 188 188 188 188 188 188 187 187 187 187 187 186
 187 189 189 187 186 186 187 187 187 187 186 187 188 187 186 185 186 187
 184 183 181 180 179 181 182 182 183 182 181 181 181 180 178 177 176 177
 179 181 181 180 178 178 180 179 179 179 178 176 175 176 175 176 177 176
 175 173 173 173 173 174 174 173 171 169 169 168 167 160 137 134 138 137
 131 132 126 116 107 105 111 122 127 123 113 106 101 103 109 118 124 125
 124 125 124 121 124 122 125 122 113 111 106 104 126 148 172 178 174 174
 175 175 175 176 178 179 176 174 172 172 172 171 172 173 172 172 171 170
 171 171 171 171 171 171 170 170 170 171 171 170 170 171 169 167 164 164
 165  29]","[ 29  29 194 195 192 192 194 194 195 195 192 189 189 191 192 191 195 195
 195 196 195 194 193 194 196 192 190 193 195 193 191 191 193 192 190 190
 190 189 189 189 188 188 188 188 188 188 188 188 187 187 187 188 187 185
 185 187 190 188 186 186 187 187 187 188 186 186 186 185 183 183 185 187
 187 184 181 180 180 182 183 184 185 183 182 182 182 181 179 178 175 176
 179 181 182 180 178 177 177 177 179 180 180 177 176 176 177 177 178 178
 176 175 174 173 172 175 177 175 172 170 169 169 156 146 134 136 138 131
 130 128 124 110 100  97  94  96 102 104  95  94  94  95 101 113 122 123
 126 121 125 130 128 123 125 119 110 108 113 110 115 119 150 169 172 174
 175 176 175 176 177 178 177 175 173 171 171 172 173 173 174 174 173 173
 172 172 172 172 171 171 171 171 171 171 172 171 172 173 172 171 168 168
 167  30]","[ 29  29 193 195 195 194 194 194 192 194 194 193 192 194 194 193 192 192
 194 195 196 196 195 193 194 194 195 195 193 191 190 191 191 193 194 193
 191 190 190 189 189 187 187 188 189 189 188 188 188 188 187 187 187 188
 187 186 188 186 186 188 188 186 186 188 186 187 186 183 181 182 185 187
 187 186 185 183 181 181 183 184 185 185 184 183 182 181 178 176 178 178
 179 181 183 182 178 175 176 177 179 179 179 180 179 177 178 179 179 177
 174 173 174 174 174 177 179 171 173 173 174 167 154 140 133 136 137 134
 130 125 122 114 104  94  96  95  88  92  88  87  91  94  96 107 118 118
 123 130 127 122 122 119 116 112 106 109 113 114 120 124 131 153 169 174
 177 176 179 176 173 174 174 174 174 173 172 172 172 172 173 173 172 171
 172 173 171 167 166 167 169 172 173 172 171 170 171 171 171 172 172 169
 170  28]","[ 29  29 193 196 196 195 196 196 193 194 195 193 193 195 196 196 193 193
 194 195 196 195 195 194 194 193 193 193 191 190 190 191 193 194 196 195
 193 192 192 192 190 189 188 189 190 189 189 189 187 188 187 187 187 188
 188 187 188 187 187 188 188 186 186 186 185 187 186 183 181 183 186 188
 188 188 187 185 183 182 182 183 185 185 184 184 182 180 178 176 178 179
 180 181 182 181 178 176 176 177 178 178 178 179 179 178 179 179 179 176
 175 174 174 175 175 172 176 173 173 172 170 157 135 130 131 137 138 133
 126 122 121 116 106  96  96  94  89  91  96  95  99 100  99 107 115 115
 117 124 123 121 119 113 109 105 108 111 114 117 124 127 129 136 149 163
 163 160 173 178 173 177 175 176 176 174 172 171 171 171 173 174 173 172
 173 174 171 168 168 168 170 172 172 172 171 170 171 171 171 172 172 169
 171  29]","[ 29  29 194 196 195 194 195 195 193 194 194 192 193 195 196 197 194 194
 194 194 195 195 194 194 192 192 191 191 190 189 189 190 190 192 193 194
 193 192 192 192 188 187 187 188 189 188 188 188 187 187 187 186 186 187
 188 188 188 188 188 188 187 186 185 185 186 187 187 185 182 182 184 186
 186 186 185 184 182 180 180 181 181 182 182 182 180 178 176 174 178 179
 179 180 180 179 178 176 176 177 178 178 178 178 178 178 179 178 178 176
 175 174 174 175 174 170 174 173 171 172 164 141 131 129 130 135 139 133
 125 121 120 117 105  97  96  92  92  95 101 101 105 105 103 107 112 111
 110 116 116 115 112 108 108 109 111 114 115 118 123 126 127 125 106 105
  97 102 128 149 160 176 176 177 178 176 174 172 172 173 173 174 174 174
 175 175 172 168 170 170 170 171 171 170 170 170 171 171 171 171 171 169
 171  29]","[ 30  30 194 196 195 194 195 195 194 194 193 192 192 194 195 196 194 194
 194 194 195 195 194 193 191 191 191 191 191 190 189 189 187 188 189 191
 192 191 190 190 188 188 189 190 190 190 189 188 187 187 187 186 185 186
 187 188 186 187 188 187 187 186 185 184 185 187 187 186 184 183 184 185
 182 182 182 181 180 179 179 179 181 182 184 184 182 180 179 178 179 179
 179 179 178 178 178 178 176 178 179 179 179 178 178 179 178 178 179 178
 176 174 174 174 174 173 174 171 171 171 155 128 132 132 130 132 135 130
 122 120 122 116 102  98  97  94  99 104 102 101 103 103 102 104 106 105
 105 109 110 110 108 106 111 115 113 116 115 117 117 118 123 117 108 102
 102 105 111 127 146 168 176 176 177 176 175 175 175 175 174 174 174 174
 175 175 172 169 171 171 171 171 170 169 169 170 171 171 172 171 172 169
 171  29]","[ 29  29 193 195 194 193 195 195 195 195 194 193 193 194 195 195 194 194
 195 195 195 195 194 194 192 192 191 191 190 190 189 188 189 188 188 190
 192 192 190 189 188 188 187 187 187 188 188 187 187 187 187 185 185 185
 186 186 185 186 187 186 186 186 185 184 183 184 186 186 185 185 185 186
 181 181 182 181 181 180 180 179 181 183 184 184 182 180 180 180 181 181
 180 178 177 177 178 180 177 178 180 181 180 179 179 179 176 178 180 180
 178 175 173 174 175 176 172 172 173 164 141 122 124 129 130 129 127 121
 115 115 113 103  90  93  95  93 101 107 106 102  97  95  95  98 100  99
 101 105 107 109 105 103 110 114 114 115 114 117 114 113 117 112 108 113
 120 120 114 124 135 157 173 173 173 174 175 176 175 174 174 173 173 173
 174 174 172 171 172 171 171 171 170 169 169 169 171 172 173 173 174 172
 173  29]","[ 29  29 193 194 192 190 191 192 194 194 193 193 194 195 195 196 195 195
 195 195 195 195 194 193 193 192 190 188 187 188 189 189 194 191 191 192
 194 192 190 189 189 188 186 184 184 186 187 188 186 187 186 185 185 185
 186 186 185 185 186 186 186 186 185 185 183 183 183 184 184 183 182 182
 182 182 182 182 182 181 180 180 180 182 183 183 180 178 178 179 181 180
 179 177 176 176 177 179 178 179 180 182 181 180 179 179 175 176 179 180
 177 174 173 174 176 175 171 175 170 149 126 122 124 126 126 124 122 117
 110 105  96  85  79  87  94  97 103 110 114 106  96  90  90  93  96  97
  98 101 102 103  99  99 108 112 115 111 110 114 114 116 119 116 123 127
 124 121 121 123 125 161 171 170 171 172 174 175 173 172 173 172 171 172
 173 173 172 172 173 172 172 172 171 170 170 170 172 173 174 174 176 174
 175  30]","[ 30  30 192 193 190 188 189 189 193 192 191 192 193 194 195 195 196 195
 194 194 194 193 192 192 193 192 190 187 187 189 191 192 194 192 192 193
 192 190 189 190 191 191 190 188 187 188 190 189 186 187 187 186 186 187
 187 186 186 185 185 187 187 185 185 186 184 182 181 182 183 181 181 180
 183 183 183 182 182 181 181 180 181 183 185 184 182 180 179 179 180 180
 179 178 176 176 177 178 179 179 180 181 181 179 179 179 176 175 176 177
 177 175 174 175 176 174 171 172 156 133 120 126 131 128 125 123 123 121
 112 101  90  79  79  87  96 103 108 113 115 107  95  89  90  92  95  97
  97  99 100  99  95  96 106 109 111 108 111 113 116 121 123 124 122 126
 124 124 120 115 120 173 171 170 171 172 174 174 172 171 172 171 170 171
 172 172 172 172 173 172 172 172 172 171 171 171 172 173 173 174 176 176
 176  30]","[ 29  29 193 194 192 190 192 193 193 191 191 191 192 193 194 195 195 194
 193 192 191 191 190 190 192 193 192 190 190 192 195 196 192 191 191 192
 190 188 188 191 188 190 190 189 188 188 187 186 186 187 187 187 188 189
 188 187 187 185 185 187 187 185 185 187 183 181 180 181 183 183 183 184
 183 183 183 182 182 182 181 181 179 181 183 183 181 179 178 178 180 181
 180 179 178 177 177 178 179 178 179 180 180 179 178 179 178 176 175 176
 178 177 176 177 175 174 173 167 141 124 121 129 130 128 129 129 128 126
 116 102  90  80  81  85  93 103 105 109 108 102  93  88  90  93  95  97
  97 100 103 103  97  96 102 102 104 107 116 117 119 123 121 122 119 119
 119 120 116 119 129 176 171 172 173 174 175 174 173 172 171 170 170 171
 172 172 172 172 173 172 171 171 172 172 171 172 171 172 172 172 175 175
 175  29]","[ 30  29 192 193 193 193 193 192 193 193 194 196 195 193 193 195 194 193
 193 193 193 192 189 186 189 190 190 190 191 192 193 196 195 192 190 189
 189 189 188 187 188 188 189 189 188 187 188 188 187 189 187 184 186 188
 188 187 186 185 185 186 186 184 183 184 183 181 181 183 184 184 184 183
 183 182 181 181 182 183 182 181 180 182 183 182 181 180 179 179 181 180
 180 180 179 178 177 175 178 179 179 180 179 179 178 178 177 179 179 176
 174 176 175 175 172 173 164 145 128 123 124 125 126 127 128 129 130 132
 128 121 103  94  80  84  95 101 106 105 104 100  96  95 100 105 107 107
 108 103 103 101 101 103 100 101  99 101 109 111 116 119 116 116 112 111
 115 117 118 118 127 176 173 172 172 173 175 175 174 174 172 172 172 171
 171 172 173 173 175 176 175 172 170 172 174 173 174 172 168 169 175 176
 176  28]","[ 28  28 191 192 192 192 193 192 193 193 193 193 193 191 191 192 193 193
 192 192 192 191 189 187 187 189 189 190 192 192 192 194 193 192 190 190
 190 189 188 188 186 187 189 190 189 188 186 185 187 187 185 183 185 187
 187 187 184 183 183 184 186 186 186 186 184 183 184 186 186 185 184 183
 185 184 183 183 183 183 182 181 181 182 182 180 179 179 180 181 179 179
 179 179 179 180 179 179 179 179 179 179 177 176 176 176 180 179 179 175
 173 174 173 172 172 168 153 134 123 124 126 125 126 127 129 130 131 133
 132 126 116 102  83  81  90  99 107 107 102  99  99 104 108 110 109 108
 106 102 103 102 100 102 104 110 112 128 140 131 121 123 108 107 108 109
 113 121 123 121 130 171 172 172 172 173 174 175 175 174 174 174 174 173
 172 173 173 173 174 174 174 172 173 174 175 174 173 173 172 172 175 173
 174  28]","[ 29  28 191 192 192 192 192 191 193 192 192 191 191 190 191 192 191 191
 191 190 189 189 188 188 189 191 191 192 194 193 192 192 192 191 191 191
 191 189 188 188 188 188 187 187 187 187 187 187 187 186 183 182 185 185
 184 185 183 183 183 183 185 187 188 187 183 184 185 187 186 184 183 182
 186 185 185 184 183 183 182 182 182 182 182 180 179 179 180 181 181 180
 179 179 179 180 180 180 179 179 179 178 176 175 175 176 180 178 177 175
 173 173 174 173 170 150 130 123 125 127 126 125 126 128 132 133 133 135
 133 128 116 103  87  82  85  93 101 102 102 100 102 109 112 111 108 107
 106 102 105 103  96  98 112 126 141 156 172 174 160 143 105 102 108 115
 116 119 124 129 142 167 171 173 174 173 173 175 175 174 175 175 175 174
 173 173 173 172 172 172 172 173 175 175 175 174 175 175 172 171 171 169
 171  30]","[ 30  28 191 192 192 191 191 189 191 190 190 190 190 191 191 192 190 190
 190 189 188 188 188 189 190 191 191 192 194 193 191 191 190 190 191 192
 191 189 188 188 189 188 187 185 185 186 187 188 188 187 185 184 185 183
 181 182 183 183 183 182 184 186 186 184 182 183 185 186 185 183 182 182
 185 185 185 184 183 182 182 182 181 182 182 181 180 180 180 180 183 182
 180 180 179 179 179 179 178 179 179 178 176 176 177 178 178 176 175 175
 172 172 174 172 152 131 116 120 128 128 125 125 126 129 132 134 134 134
 131 124 110 102  95  92  88  89  96  99  98 101 108 115 117 112 106 103
 108 106 116 121 122 127 146 160 164 175 180 181 171 149 111 102 112 121
 119 122 129 138 156 168 173 176 177 174 173 175 176 174 174 174 174 173
 173 173 172 171 171 170 172 174 175 174 174 174 177 175 170 170 170 169
 168  29]","[ 29  27 190 190 191 190 189 187 189 188 188 189 190 191 191 191 192 192
 191 189 188 188 188 189 188 189 188 189 191 192 190 190 188 189 190 191
 190 188 187 187 187 187 188 187 185 184 184 184 187 188 187 187 186 183
 180 180 182 183 184 183 184 185 184 181 182 183 184 185 184 183 183 184
 185 185 186 184 182 181 181 181 181 181 181 180 180 181 181 180 181 180
 180 180 180 180 180 179 178 179 179 178 176 176 177 178 176 175 173 174
 171 171 172 163 124 122 120 120 123 126 125 123 125 127 131 134 134 134
 128 119 109 103 102 101  96  92  92  97 100 106 113 116 117 116 113 110
 112 117 136 153 165 167 176 180 179 184 182 182 166 134 116 115 116 119
 118 130 138 143 164 173 175 178 179 175 174 175 175 173 173 174 174 173
 173 173 172 172 171 172 174 175 174 172 172 174 174 174 171 173 172 169
 163  27]","[ 29  28 190 191 192 192 191 188 190 190 189 190 191 192 191 190 192 192
 191 189 188 187 188 188 190 190 188 188 190 190 188 189 189 189 190 190
 190 188 187 188 189 189 188 186 184 183 183 184 185 187 187 187 187 184
 180 180 183 184 186 187 187 187 186 184 182 183 184 184 183 182 183 185
 185 186 186 185 182 180 180 180 181 180 179 179 179 181 182 182 180 180
 180 180 180 180 179 178 178 178 179 178 176 175 175 176 173 174 172 173
 172 173 169 150 114 118 122 123 122 122 123 123 125 127 131 134 134 133
 126 117 108 105 105 107 108 101  93  95 103 110 116 118 120 123 123 121
 117 132 154 169 181 175 178 176 177 178 178 183 156 114 113 120 119 120
 120 129 136 144 169 174 176 178 179 176 175 174 174 173 173 174 174 173
 173 173 173 173 173 175 177 176 174 173 173 173 172 172 169 169 165 163
 158  29]","[ 29  30 193 194 192 191 191 191 193 193 192 191 192 193 191 189 190 190
 189 189 188 188 188 188 192 192 190 188 189 189 188 189 190 190 190 190
 189 188 188 188 191 189 186 184 184 185 186 186 185 187 186 185 186 185
 182 180 182 183 186 188 188 187 186 186 183 183 184 185 183 182 182 183
 184 185 185 184 182 180 179 180 181 180 179 178 180 181 181 181 182 182
 181 180 180 178 177 176 176 177 178 178 177 176 175 174 172 174 171 173
 174 176 166 135 116 116 120 124 124 121 122 124 127 129 132 132 131 129
 123 115 109 109 110 111 117 114 104 106 103 110 118 124 128 128 126 122
 128 145 161 166 177 172 178 178 175 180 181 175 139 115 121 121 122 123
 123 126 132 146 174 175 175 177 178 177 176 175 174 173 174 174 174 173
 173 174 174 174 175 177 178 177 175 175 174 173 173 169 161 159 156 157
 155  31]","[ 28  29 193 193 190 188 189 190 194 194 192 191 192 193 191 188 188 188
 188 189 189 189 190 190 189 189 187 187 188 189 188 190 190 189 188 188
 188 187 187 187 187 186 184 185 187 187 186 185 186 187 184 182 185 186
 183 180 180 181 183 186 185 183 182 183 183 184 186 186 184 182 180 181
 183 184 184 183 181 179 179 179 181 180 180 180 181 181 179 177 182 181
 181 180 179 178 177 176 174 175 177 178 178 177 176 175 174 176 172 173
 175 176 160 121 114 119 123 123 122 123 125 125 128 130 131 129 126 124
 119 111 108 112 110 106 115 120 115 121 115 115 116 119 123 126 128 129
 144 156 160 159 174 174 180 178 179 179 181 177 134 116 120 121 121 119
 124 131 136 148 176 180 174 175 177 178 178 176 175 175 175 175 174 173
 173 174 174 174 175 177 178 177 176 176 175 172 172 165 155 155 155 157
 153  29]","[ 29  30 193 193 189 188 190 191 192 190 190 192 193 193 193 194 190 190
 191 191 190 190 189 189 188 188 188 189 189 188 187 186 187 188 188 189
 188 188 188 188 188 187 186 186 187 188 187 186 186 188 187 183 180 180
 180 179 180 179 180 184 184 182 181 183 183 185 187 187 185 182 181 181
 180 181 181 181 181 181 180 180 181 180 179 179 180 181 180 178 180 181
 181 180 181 181 180 178 176 176 177 177 177 177 176 174 175 178 176 172
 172 179 157 117 115 121 126 125 124 125 127 128 130 130 130 127 127 114
 109 106 107 109 111 110 109 111 117 122 122 116 113 119 124 126 133 139
 154 157 159 161 176 179 179 177 175 178 178 154 119 115 116 121 124 121
 122 129 130 148 174 175 173 173 175 177 179 180 179 178 178 176 174 172
 172 173 174 175 175 175 175 173 173 176 175 170 159 155 154 153 152 151
 152  29]","[ 29  30 193 193 190 188 189 190 190 190 190 192 191 190 190 191 188 189
 189 190 190 189 190 190 189 189 190 191 190 188 186 186 187 187 187 187
 187 187 187 187 187 186 185 186 186 187 187 187 186 187 186 183 181 181
 181 179 181 179 179 182 182 180 180 182 182 185 188 189 186 183 181 180
 180 180 180 181 181 181 181 181 180 180 180 179 179 179 179 179 182 182
 180 179 179 179 177 175 173 173 173 174 175 176 177 176 176 175 173 173
 173 178 151 118 122 126 130 129 127 128 130 130 129 132 135 134 132 114
 103  99 107 110 110 107 106 111 118 122 120 115 111 119 127 129 139 149
 158 159 160 162 175 177 178 178 181 175 172 130 105 111 116 118 120 122
 126 131 134 155 182 173 173 174 175 177 179 179 179 178 179 177 174 172
 171 172 173 174 177 175 174 174 171 167 161 154 157 154 154 153 152 153
 153  30]","[ 29  29 193 193 191 190 190 189 190 191 192 192 190 188 188 190 188 189
 189 190 189 190 191 191 189 190 191 192 191 189 187 186 188 188 187 187
 187 187 187 187 187 186 186 185 186 186 187 187 187 188 187 185 183 183
 182 180 182 180 180 182 183 181 180 181 180 183 186 186 184 181 180 179
 179 179 180 180 181 181 182 182 180 180 181 181 180 180 180 182 182 181
 180 179 180 180 178 176 176 175 174 173 173 175 177 177 175 174 173 177
 176 178 143 122 125 128 130 129 128 128 129 130 130 134 135 134 132 114
 102 103 107 110 110 106 106 113 121 125 126 121 110 112 125 135 147 158
 162 162 161 163 173 175 177 179 178 175 178 122 108 116 119 117 121 123
 128 129 130 148 181 171 174 176 177 178 179 179 179 179 178 177 176 174
 173 172 173 173 175 174 175 175 170 162 157 154 156 154 155 153 153 154
 154  29]","[ 29  29 192 193 192 192 192 192 191 191 192 192 191 188 188 189 191 191
 190 189 189 189 190 191 189 190 191 191 190 189 188 188 189 188 188 187
 187 187 186 186 186 186 186 185 184 185 185 186 186 187 187 186 184 184
 183 183 181 180 181 184 185 183 180 180 180 182 183 182 180 178 179 180
 178 179 179 179 180 180 181 181 180 180 181 181 180 180 181 182 182 181
 180 180 180 180 179 178 178 177 176 174 174 175 176 176 175 175 175 177
 174 174 138 130 128 129 130 130 128 128 129 130 132 135 133 130 130 116
 105 111 111 112 111 110 110 115 122 126 130 129 115 112 130 146 155 159
 163 163 161 162 169 173 176 179 180 181 169 109 107 115 118 117 120 119
 125 129 129 139 177 178 175 177 179 179 179 179 179 179 177 177 177 176
 175 173 173 172 174 174 175 170 160 154 152 153 155 154 156 154 154 155
 155  29]","[ 29  28 191 192 192 193 195 195 192 191 190 191 190 188 188 189 191 190
 189 187 186 187 188 189 190 190 189 189 188 187 188 189 188 188 188 188
 188 187 186 185 186 186 185 184 184 184 185 186 183 185 186 185 184 183
 183 184 180 179 180 182 183 182 180 179 181 181 181 180 178 178 179 180
 179 179 179 179 179 180 180 180 179 179 179 179 180 180 181 181 182 182
 181 179 178 177 176 176 176 176 175 174 174 175 175 175 176 175 174 174
 171 170 134 133 129 128 128 127 126 125 125 126 131 134 133 132 131 119
 103 108 115 113 113 114 115 115 117 121 124 131 126 129 146 157 159 159
 160 162 161 159 163 172 177 179 184 182 146  99 110 119 121 123 125 123
 127 131 131 130 162 170 175 177 178 179 178 177 177 177 177 177 177 176
 174 173 173 173 174 174 172 164 156 154 155 155 154 153 155 154 154 156
 155  29]","[ 30  28 191 190 191 193 195 196 193 191 189 189 190 189 189 189 190 189
 187 186 186 186 187 188 192 191 189 188 188 187 188 189 189 189 189 189
 188 187 186 185 186 186 186 186 185 186 187 188 185 186 187 187 185 183
 182 182 181 180 179 179 180 181 181 181 180 180 180 180 180 179 179 179
 179 180 180 180 180 180 180 179 180 179 179 179 180 181 181 181 181 181
 180 178 177 176 176 176 176 177 177 176 176 176 175 175 176 176 176 177
 175 168 131 128 132 128 125 125 124 121 121 122 129 132 133 132 130 120
 102 104 113 111 112 117 118 115 115 119 121 129 134 146 158 158 157 160
 158 162 161 160 161 173 178 179 178 173 122  96 110 116 118 123 122 122
 122 127 136 138 161 178 176 177 179 179 178 177 177 177 179 178 177 175
 174 173 173 173 163 161 158 154 152 155 156 152 152 151 153 153 154 155
 155  29]","[ 30  28 190 189 189 191 193 194 195 192 189 189 189 189 190 191 189 188
 187 187 187 188 188 188 192 191 189 189 189 189 189 190 189 190 190 189
 188 187 187 186 187 187 187 187 187 187 188 188 187 186 187 187 186 184
 182 181 182 181 179 178 179 180 181 182 179 179 179 180 180 180 179 179
 179 180 180 181 181 180 180 179 180 179 179 179 180 181 181 181 180 180
 178 177 178 179 179 178 177 178 178 177 176 176 175 175 176 175 178 180
 176 161 129 129 137 132 127 127 126 124 125 127 132 133 135 133 128 123
 106 106 112 110 113 119 121 119 118 119 122 126 133 150 159 156 156 160
 158 162 162 163 162 172 178 180 185 166 110  95 105 110 115 122 127 129
 125 127 140 142 154 181 178 179 179 179 178 177 177 178 179 178 177 176
 174 172 169 168 163 159 156 154 153 155 155 151 152 150 153 153 154 154
 154  29]","[ 30  28 190 188 188 189 191 192 195 192 189 188 188 188 190 192 188 187
 187 187 189 189 188 187 190 189 188 189 189 189 189 189 189 189 189 189
 187 186 186 186 187 187 187 187 187 187 187 187 182 181 181 184 185 185
 183 181 181 181 180 179 179 179 180 181 180 180 179 179 180 181 180 180
 178 179 180 181 181 180 179 179 179 179 179 179 179 180 181 181 181 179
 177 177 179 180 179 177 174 175 176 175 175 175 175 175 177 175 176 174
 167 149 128 136 138 131 127 127 127 126 128 131 136 138 140 138 130 127
 110 109 114 115 117 121 123 122 119 118 120 122 130 149 160 158 158 157
 158 161 161 164 161 170 175 179 179 147  93  89 100 109 113 115 120 125
 123 127 140 136 140 175 179 179 178 177 177 177 177 178 176 176 177 176
 174 169 164 161 160 156 155 154 152 151 152 152 154 151 153 154 155 154
 153  30]","[ 30  28 188 185 187 188 189 188 188 190 189 188 189 191 192 190 188 185
 184 188 193 191 188 188 189 188 188 189 190 191 190 189 189 188 187 188
 188 185 185 189 189 188 186 185 185 185 186 187 182 180 180 182 182 182
 182 183 183 184 182 179 179 180 181 180 179 178 178 179 180 178 178 179
 176 177 178 180 181 180 180 179 178 180 180 179 179 179 179 178 176 178
 180 180 180 179 178 176 175 174 174 175 177 179 177 175 176 173 176 174
 169 140 131 131 130 129 129 130 131 130 130 129 136 143 139 137 135 131
 117 113 119 116 117 117 122 121 123 123 121 122 146 152 161 160 160 159
 160 162 164 164 162 168 177 175 166 115  88  88  98 107 106 116 118 123
 123 130 136 136 136 174 180 178 178 180 179 177 175 176 175 175 174 175
 164 158 155 161 158 155 152 151 151 151 152 153 152 151 153 152 152 152
 153  29]","[ 29  29 188 187 188 188 188 188 189 190 190 189 189 191 191 190 188 186
 186 189 192 189 186 187 188 187 186 187 188 189 189 189 189 188 186 186
 187 185 184 187 188 187 186 185 186 187 187 187 184 183 182 182 182 182
 181 182 182 183 183 181 182 183 182 180 179 179 178 179 180 179 179 179
 178 177 177 178 180 180 180 179 179 180 179 178 177 177 177 176 175 176
 177 179 179 178 177 175 174 175 175 176 177 178 178 177 175 176 176 177
 166 136 132 132 131 130 130 130 130 130 129 130 135 141 137 135 129 124
 117 119 117 112 115 118 123 119 119 120 123 126 155 161 160 161 167 164
 164 165 161 162 164 168 176 180 150 105  94  96  96  99 104 113 114 123
 124 127 132 136 142 173 178 178 180 181 179 177 176 177 176 176 170 165
 156 155 153 155 155 153 151 152 152 151 151 152 154 152 154 153 152 152
 153  29]","[ 29  30 191 190 190 190 189 189 189 190 189 188 189 190 190 188 186 187
 188 190 191 188 185 187 187 186 186 186 186 187 188 189 190 188 186 186
 187 184 182 183 187 186 185 185 187 187 186 186 185 185 184 183 181 181
 181 180 182 182 181 181 182 184 183 180 179 179 179 178 179 180 180 179
 180 178 176 177 179 180 180 180 178 178 176 174 173 173 173 173 174 174
 175 178 179 178 176 175 173 174 175 175 176 177 178 178 172 175 172 174
 157 132 134 134 133 132 132 131 130 129 129 130 137 140 137 137 133 125
 115 115 113 107 110 115 119 113 114 116 115 129 159 161 158 159 164 162
 162 165 160 161 164 165 173 182 144 104 104 108 105 104 112 116 116 125
 128 131 134 139 153 176 175 178 179 178 175 173 173 173 175 171 163 157
 151 151 151 151 151 151 151 152 152 150 150 150 153 153 155 154 152 152
 153  29]","[ 29  30 192 192 192 192 191 191 190 190 189 188 188 189 189 188 186 187
 188 190 191 188 186 188 187 187 187 187 187 187 188 189 187 188 188 188
 188 185 182 182 187 185 185 185 185 184 184 184 185 186 185 183 181 181
 181 180 182 182 180 179 180 181 181 181 179 179 179 178 178 180 180 178
 180 178 177 178 179 180 180 180 177 176 174 173 172 172 173 173 175 173
 175 178 180 177 175 175 172 174 175 175 175 176 177 177 173 174 169 165
 145 131 136 138 135 134 133 132 131 130 129 130 136 138 138 138 135 126
 113 108 107 103 104 106 108 102 102 105 111 138 162 159 162 162 160 161
 161 160 157 160 165 167 170 170 131 103 111 116 117 115 120 119 119 123
 129 134 135 139 159 176 177 179 180 178 176 176 175 173 169 162 156 155
 153 150 149 151 149 151 152 153 152 151 149 148 151 151 154 154 153 153
 153  29]","[ 28  29 191 190 191 191 190 190 190 189 188 187 188 189 189 189 187 188
 188 189 190 189 187 189 187 188 189 189 189 188 187 187 184 187 188 187
 187 186 185 186 187 186 186 186 184 182 182 183 184 185 184 181 180 181
 181 180 182 182 181 179 178 178 179 180 180 180 180 178 179 180 180 178
 179 179 179 179 179 178 178 178 177 176 175 174 174 174 175 176 176 174
 175 178 179 177 175 175 174 175 175 175 176 176 175 174 175 174 170 156
 139 136 137 138 137 136 134 134 134 133 132 132 133 136 137 133 129 121
 112 106 107 106 109 108 107 101  99  99 114 144 163 158 159 159 159 162
 158 159 162 165 162 165 167 157 111 101 111 114 121 118 119 117 120 124
 130 135 137 146 166 175 176 178 179 178 178 177 173 168 160 156 154 153
 153 150 149 150 149 151 154 155 154 153 151 150 150 150 154 154 154 154
 154  29]","[ 29  29 190 189 190 190 189 188 188 187 186 186 187 188 189 189 190 190
 188 188 189 188 187 188 186 188 189 190 189 188 187 186 187 190 189 186
 185 185 186 188 187 186 186 187 184 181 181 183 181 181 180 179 178 179
 179 179 179 180 180 179 177 176 177 178 181 181 181 180 179 180 180 180
 179 179 180 179 177 176 175 175 176 175 174 174 174 173 174 175 176 175
 175 177 178 176 174 174 176 176 176 176 176 176 175 172 173 170 168 150
 140 141 139 139 137 136 136 136 136 135 135 135 136 137 137 131 128 121
 113 103  96  98 102 100 101  97  94  90  91 120 155 169 166 162 161 157
 158 156 160 163 160 164 159 135 111 108 110 109 120 121 119 118 123 128
 135 136 140 160 175 175 175 176 176 174 172 168 161 154 151 151 152 148
 149 149 149 147 148 151 153 154 154 154 153 152 152 151 155 155 155 154
 154  29]","[ 30  30 191 189 190 189 189 190 189 188 187 187 188 187 187 187 191 191
 189 188 188 187 187 188 186 187 188 189 188 187 187 186 188 191 190 186
 185 185 185 185 186 185 185 187 185 182 181 183 181 180 179 178 178 178
 178 178 179 178 177 177 176 175 176 178 181 181 181 180 179 178 179 180
 180 180 179 178 177 175 174 174 174 173 173 173 173 173 173 174 175 176
 176 176 176 176 175 174 176 176 176 175 175 175 174 172 170 168 163 146
 142 140 140 138 136 137 137 137 135 133 134 135 140 137 137 134 134 125
 117 105  91  90  90  88  91  90  89  85  80  90 113 133 135 136 146 153
 159 157 158 164 166 166 151 119 116 114 111 110 119 125 125 126 127 130
 135 136 141 170 178 174 176 176 174 169 163 157 151 146 146 148 150 146
 148 148 149 146 148 150 151 151 152 153 154 153 154 152 154 153 154 154
 154  29]","[ 29  30 191 190 190 189 190 191 192 191 190 190 189 188 186 186 190 191
 190 188 188 187 186 188 187 187 187 187 187 187 187 187 185 189 189 187
 187 187 185 183 184 182 183 186 186 183 181 182 184 182 180 181 181 179
 179 180 180 178 176 175 175 176 178 181 180 180 180 180 178 176 177 179
 181 180 178 178 177 176 175 175 174 173 174 175 175 174 174 175 175 176
 176 176 175 176 176 175 176 176 175 174 174 174 173 172 173 170 160 144
 144 136 139 136 135 137 138 137 133 130 131 133 137 135 138 135 133 125
 121 116  94  86  79  73  78  79  81  78  73  68  68  82  88  84  89 106
 127 145 159 158 146 135 125 110 105 109 112 115 117 123 127 131 133 132
 135 139 145 175 178 176 172 172 169 162 154 148 146 146 146 145 149 150
 153 149 150 150 149 150 151 150 151 153 154 153 154 152 153 152 152 153
 154  29]","[ 30  30 189 190 190 188 192 193 191 190 189 189 188 186 186 187 187 187
 188 189 189 187 188 191 188 186 184 183 183 184 186 187 186 186 188 188
 186 183 182 184 182 184 185 185 185 185 182 179 180 181 181 181 180 180
 179 178 180 179 178 177 175 174 178 182 179 179 180 180 180 179 178 178
 178 180 181 179 177 176 175 175 175 175 175 176 178 179 178 175 175 175
 175 176 175 175 174 174 173 176 178 176 173 172 171 170 169 176 162 137
 139 138 137 138 139 141 141 137 134 132 131 131 137 139 136 136 131 123
 122 119  98  77  72  72  74  74  66  66  67  70  77  81  83  75  64  68
  81  84  89  91  88  85  87  91  94 102 109 115 118 125 133 131 131 131
 136 142 156 170 174 174 175 165 159 155 152 149 145 147 147 146 147 149
 151 150 149 149 149 149 148 147 149 153 154 153 154 153 154 152 153 154
 154  30]","[ 29  29 188 188 190 189 192 192 190 189 188 188 188 187 187 187 187 186
 186 189 189 188 188 189 185 184 184 184 184 183 184 185 186 185 185 186
 185 183 183 184 186 186 185 184 184 184 182 180 178 179 180 180 180 179
 179 180 178 178 178 178 176 175 177 179 181 180 179 179 179 179 179 180
 179 179 178 178 178 177 176 176 175 174 173 174 176 178 178 177 175 174
 174 173 173 173 173 174 173 175 176 175 173 172 172 172 171 170 154 135
 138 138 139 140 142 142 141 138 133 131 131 131 135 139 138 136 129 122
 123 124 114  82  68  69  75  75  68  69  71  75  80  82  83  79  75  83
  95  95  96  95  94  93  96  99 101 105 109 116 124 132 138 134 134 130
 130 145 162 172 178 174 162 156 155 154 152 149 145 146 146 146 147 149
 150 148 147 147 147 147 147 147 149 151 152 153 153 152 151 149 149 149
 150  28]","[ 29  28 186 187 189 189 191 190 189 188 187 187 188 187 187 187 186 184
 184 187 189 189 188 187 185 186 186 186 185 184 184 185 187 186 185 185
 185 185 185 186 188 187 184 182 182 183 182 179 176 177 178 179 179 179
 180 180 179 179 180 180 179 178 178 180 180 179 179 179 180 180 179 179
 180 177 176 178 179 178 177 176 174 174 175 176 177 177 175 174 175 174
 174 174 173 172 173 174 174 174 174 174 174 172 172 173 175 162 144 133
 138 139 142 143 143 143 141 138 135 134 134 135 135 138 137 134 128 125
 129 131 120  88  70  71  80  86  81  82  85  90  97 101 105 103  98 101
 102 106 110 109 107 106 105 104 106 112 118 123 125 130 137 136 135 131
 132 156 169 168 170 163 152 149 151 152 151 149 145 147 146 146 148 149
 149 147 146 146 147 146 146 148 149 151 152 153 155 152 150 148 149 148
 149  29]","[ 30  28 187 187 189 187 188 187 187 186 186 186 187 187 187 187 185 183
 183 186 189 189 188 188 188 187 185 184 184 186 186 186 186 186 186 186
 187 187 187 187 187 186 183 180 180 181 181 179 177 177 178 179 180 180
 180 180 179 179 179 179 178 177 178 179 179 179 178 178 179 179 180 179
 179 176 175 178 179 178 176 176 174 173 174 176 177 176 173 171 174 175
 176 177 177 175 174 174 175 173 173 174 174 173 172 173 178 156 139 137
 140 142 145 147 146 144 141 139 137 137 138 139 140 138 133 130 130 131
 132 130 118  99  85  80  88  98  96  93  99 102 106 108 112 114 112 114
 106 115 123 123 121 118 114 111 110 114 118 126 132 137 140 137 135 135
 142 162 165 157 156 151 149 147 149 148 148 147 146 148 146 146 147 149
 148 147 147 148 149 148 148 150 151 151 153 155 153 149 148 148 148 147
 148  28]","[ 30  29 188 188 188 186 187 186 186 186 187 187 186 186 186 187 186 185
 185 187 188 189 189 189 187 184 181 180 183 187 187 185 181 183 186 187
 188 188 187 187 185 186 185 182 181 181 181 180 180 179 178 179 181 181
 180 178 178 180 182 181 179 179 179 180 181 180 177 176 176 177 179 180
 177 175 175 178 178 176 175 175 175 173 171 173 175 176 176 175 174 175
 177 178 178 176 175 175 175 173 173 175 175 174 173 174 177 153 139 142
 143 144 147 149 150 146 141 139 137 137 137 138 141 136 131 129 131 132
 128 124 117 108  96  90  97 108 107 103 105 111 114 114 114 114 118 123
 119 125 129 129 128 129 126 122 116 118 121 129 134 138 142 139 138 140
 150 157 155 152 150 150 149 146 146 144 145 147 145 147 145 145 146 147
 146 146 147 150 151 149 149 151 152 152 152 154 150 148 149 150 151 148
 149  28]","[ 29  29 189 189 188 185 187 186 186 186 186 187 186 186 186 187 187 186
 186 186 186 187 187 187 185 183 180 181 185 188 187 184 179 182 185 187
 188 188 188 187 185 186 185 183 182 182 181 180 182 180 179 180 181 181
 179 177 178 180 183 183 181 180 179 179 179 179 178 178 177 176 176 176
 174 174 175 176 176 175 175 176 176 174 174 175 176 176 175 176 176 175
 175 176 176 175 175 175 174 173 173 174 175 175 174 174 173 152 141 146
 145 146 148 150 150 145 139 137 136 136 136 136 136 132 132 133 134 133
 127 125 125 115 102  99 107 114 114 114 115 120 122 124 122 122 127 129
 131 132 132 132 135 138 135 129 123 123 125 129 130 131 137 138 138 144
 152 152 151 152 149 150 147 145 145 143 144 147 146 147 146 146 146 146
 146 146 148 150 150 149 148 149 151 151 151 151 148 147 150 150 151 149
 149  29]","[ 29  29 189 189 189 186 187 186 185 184 183 185 186 186 186 186 185 184
 183 183 184 185 185 184 183 184 184 183 185 187 186 184 183 184 185 185
 186 187 187 186 185 185 183 182 182 183 182 180 181 181 180 180 181 180
 179 178 176 177 178 178 178 178 177 175 175 176 177 177 176 174 173 173
 173 174 175 175 174 174 175 176 176 177 179 180 178 175 173 175 178 176
 174 174 175 175 175 175 173 173 172 172 173 174 174 174 167 151 142 147
 145 148 149 151 150 144 138 136 137 137 137 137 134 130 134 136 137 136
 131 131 135 124 111 110 116 117 116 119 125 123 120 122 123 125 132 133
 133 134 135 138 141 142 138 132 130 123 119 126 133 136 136 131 131 146
 151 149 150 150 148 146 147 145 145 142 143 148 147 148 147 146 146 147
 147 147 148 151 149 148 147 148 150 151 150 148 146 146 148 147 146 146
 148  27]","[ 29  29 189 189 189 187 187 186 182 180 179 182 186 187 187 186 183 182
 182 182 184 185 184 182 182 185 185 183 182 182 183 182 187 186 184 183
 184 186 186 184 185 184 182 181 183 185 184 182 180 180 181 180 180 179
 179 179 180 179 177 176 177 179 179 177 175 174 173 171 170 171 173 175
 174 176 175 174 173 174 175 176 175 176 178 179 175 172 174 178 179 177
 175 175 176 175 175 174 174 174 172 171 171 173 174 173 164 151 142 147
 145 150 151 152 152 145 139 137 138 138 137 138 138 132 134 136 138 137
 132 135 132 126 117 117 123 122 122 124 124 125 126 131 130 128 133 132
 131 134 139 142 143 142 139 136 135 129 126 131 135 134 133 128 123 146
 147 146 148 145 148 146 147 146 145 141 141 146 147 148 146 146 146 147
 147 147 148 151 148 148 147 147 150 152 151 148 150 150 151 148 147 147
 150  30]","[ 29  30 188 190 188 184 184 189 181 181 180 180 182 184 183 182 183 183
 182 180 181 184 184 181 182 183 183 182 182 183 182 181 187 184 180 179
 180 182 183 183 183 182 181 182 182 182 182 183 181 179 179 180 180 179
 180 179 179 176 175 174 174 176 179 178 175 175 174 172 172 173 174 174
 174 175 175 174 174 174 174 173 173 176 178 174 172 174 175 177 177 176
 175 174 174 175 175 173 175 174 172 170 171 173 172 171 165 148 145 147
 147 151 154 154 150 145 140 138 138 138 138 138 136 132 134 138 136 136
 137 135 133 125 122 127 131 131 128 125 126 130 132 130 128 131 135 137
 137 135 138 144 146 142 138 137 135 133 136 137 133 131 129 125 125 148
 149 145 148 146 147 146 146 145 144 143 144 145 147 148 146 147 146 146
 146 147 147 146 147 148 148 149 149 150 150 150 148 149 152 154 148 149
 151  29]","[ 29  29 186 193 188 180 178 185 183 180 177 177 181 184 184 182 181 181
 181 180 180 181 181 179 182 181 181 182 183 183 181 179 181 179 178 180
 183 183 181 177 185 182 179 178 179 180 180 181 179 179 179 180 183 182
 179 176 178 175 174 174 174 176 178 177 173 175 176 174 172 171 172 173
 175 174 175 177 176 173 171 171 172 175 178 175 173 174 173 174 176 174
 172 170 170 171 172 173 171 173 173 173 172 172 171 170 165 148 145 147
 147 152 155 154 147 142 138 137 138 137 135 134 131 130 134 139 138 137
 136 133 138 132 129 133 136 138 136 131 129 131 131 131 133 136 137 136
 136 136 139 143 143 139 136 136 137 137 138 137 134 131 128 123 127 145
 145 144 147 146 148 145 146 146 146 146 146 146 146 146 146 147 147 146
 145 145 146 146 147 147 148 148 148 149 150 151 149 149 151 152 148 149
 150  28]","[ 28  28 174 174 170 172 167 166 167 169 171 171 172 173 173 174 175 175
 175 175 176 177 178 178 179 177 177 180 183 183 181 180 180 180 178 176
 174 174 176 177 176 176 176 175 173 174 177 180 179 178 174 173 178 180
 177 176 173 170 170 171 171 173 174 172 169 171 172 172 171 170 169 169
 168 167 170 174 174 170 167 167 166 168 172 172 174 177 174 172 173 173
 170 167 168 168 169 172 172 172 170 169 169 170 170 169 168 152 148 148
 148 151 151 148 144 141 138 137 137 134 131 130 131 130 133 136 137 137
 138 136 137 132 130 131 135 139 137 131 133 135 137 136 136 137 138 138
 137 139 141 142 141 139 138 139 138 138 136 133 132 131 130 131 133 143
 143 144 147 147 150 146 144 145 146 146 146 146 146 146 146 147 148 146
 145 144 145 146 147 147 148 148 147 147 149 150 150 148 149 150 148 151
 151  29]","[ 30  30 166 162 159 167 163 159 158 163 168 168 166 166 167 169 169 169
 168 169 170 171 173 176 172 169 168 170 170 167 166 166 169 171 172 170
 166 163 163 164 165 169 172 172 171 171 172 174 169 170 164 160 165 169
 168 170 166 164 163 164 165 166 167 165 164 164 163 165 167 168 166 162
 158 158 161 165 166 164 161 161 161 164 168 166 165 165 162 161 162 166
 163 161 163 160 159 164 170 167 163 162 164 165 164 162 160 148 146 148
 150 153 152 149 145 142 140 138 136 132 130 129 130 131 133 135 135 136
 139 140 137 132 130 131 135 139 139 134 135 138 141 140 138 138 140 141
 140 142 143 142 140 139 139 138 134 135 133 130 131 129 131 137 140 143
 143 146 147 148 150 147 145 145 145 145 145 145 146 146 146 148 148 147
 146 146 147 147 148 149 149 148 146 145 146 148 148 147 147 148 147 150
 151  30]","[ 29  30 167 167 163 164 162 165 163 165 166 166 166 167 168 169 167 167
 168 168 167 167 168 171 172 170 170 170 167 163 164 167 171 166 161 158
 159 161 164 165 165 165 166 168 171 171 167 162 159 165 163 159 162 162
 159 162 161 159 159 160 160 161 161 160 161 159 159 161 164 165 163 160
 155 157 158 158 159 159 157 154 152 157 162 156 150 149 148 150 156 160
 159 157 158 154 152 156 161 159 158 159 161 160 156 153 151 144 144 148
 151 155 153 150 146 144 142 139 134 130 128 129 127 131 134 136 137 137
 137 139 138 133 131 133 135 138 139 138 136 138 140 141 142 142 142 141
 141 142 141 139 137 136 135 133 131 131 130 130 129 125 127 137 145 144
 145 147 146 146 149 146 147 147 147 147 146 145 145 145 146 147 148 148
 148 148 148 147 148 149 150 149 147 145 145 146 146 147 147 147 146 148
 148  29]","[ 28  29 166 165 164 163 162 162 164 167 169 169 167 167 167 167 165 167
 170 170 169 167 167 168 167 168 169 168 165 164 167 171 168 167 167 167
 168 168 165 163 165 164 164 166 169 170 166 162 161 166 167 164 163 161
 159 161 159 158 160 160 158 158 159 159 159 160 161 161 162 162 162 162
 157 159 159 157 158 160 159 155 157 159 161 158 156 158 157 158 158 160
 159 158 158 154 153 156 156 156 157 157 156 154 153 154 149 145 147 148
 150 152 149 147 146 144 141 137 132 127 126 126 127 130 132 133 136 137
 137 139 138 133 131 132 132 134 137 137 136 139 142 144 143 142 141 140
 139 139 138 138 137 136 133 131 130 128 125 124 123 121 129 141 146 144
 145 145 144 145 145 144 143 145 147 148 147 146 145 145 146 146 147 147
 148 148 148 147 147 148 149 149 148 147 146 146 147 149 148 147 146 147
 147  29]","[ 30  31 166 162 166 166 166 163 165 169 173 173 170 167 166 166 164 168
 171 170 169 168 169 169 170 170 169 167 166 166 167 168 170 169 168 167
 166 165 165 165 163 165 166 165 166 167 168 167 163 164 164 162 160 158
 158 159 159 160 162 162 159 158 159 159 160 161 162 161 161 161 162 162
 160 161 160 159 160 162 161 159 161 160 160 156 157 159 157 156 156 157
 159 159 158 155 155 157 158 156 155 155 155 154 154 155 147 145 147 147
 149 152 150 149 145 143 140 137 133 128 125 124 128 130 129 130 136 139
 138 139 139 137 135 133 132 134 137 136 136 138 140 141 139 138 138 140
 137 137 137 138 138 136 133 130 128 124 121 120 119 125 137 146 146 144
 144 144 145 145 144 144 142 144 146 147 147 146 146 146 145 146 146 146
 146 147 147 147 146 146 146 147 148 148 147 146 147 149 147 145 145 146
 146  29]","[ 29  28 167 169 174 166 168 172 171 170 169 169 169 168 166 164 166 170
 172 169 166 166 168 168 169 169 168 167 168 169 170 169 168 167 166 167
 169 168 165 162 165 166 166 165 166 168 169 167 164 161 161 162 160 159
 159 158 158 160 164 164 160 158 159 159 160 160 159 159 161 162 161 159
 163 161 161 161 161 161 159 159 159 161 164 159 154 155 155 158 155 155
 159 162 161 158 158 159 160 155 153 156 158 157 154 150 147 146 148 147
 148 151 150 151 147 144 141 139 136 132 127 125 126 128 129 132 140 142
 138 136 139 139 139 134 132 135 137 135 136 132 130 131 135 138 138 138
 137 136 136 137 137 133 129 126 124 122 123 122 122 131 141 144 146 145
 144 144 146 147 144 144 146 147 148 147 146 145 145 146 145 146 146 145
 145 145 147 148 146 145 145 146 147 148 147 146 145 147 144 142 143 145
 146  29]","[ 30  29 168 172 171 173 170 171 170 171 172 170 168 166 165 165 165 167
 169 169 168 168 168 168 173 172 169 167 168 171 172 171 169 168 168 169
 172 173 172 170 165 166 166 166 166 167 167 167 165 164 163 161 160 161
 160 160 159 161 163 163 162 161 161 161 161 160 160 161 160 159 159 159
 161 162 162 159 158 159 160 159 158 159 160 158 155 154 155 158 158 159
 160 161 160 159 159 159 159 155 155 156 156 155 152 148 146 143 144 148
 148 148 151 154 151 147 143 139 136 133 129 127 126 125 126 131 137 140
 140 138 141 142 142 138 135 134 136 137 136 129 127 131 133 135 135 135
 138 132 132 131 130 129 126 126 121 123 125 127 132 139 144 146 147 147
 146 147 147 147 146 145 147 147 146 147 148 148 147 146 145 145 146 147
 147 146 146 147 147 145 143 144 145 147 148 149 147 146 145 143 143 144
 143  29]","[ 29  29 170 173 170 170 165 167 170 170 169 169 168 167 166 166 166 167
 167 166 165 166 167 168 171 170 169 168 168 170 171 171 170 169 168 169
 170 171 171 170 166 166 167 166 166 166 166 166 165 165 164 163 162 162
 161 161 161 162 163 163 162 161 161 160 159 159 159 160 160 158 158 158
 161 162 162 162 161 161 159 158 159 159 160 158 155 154 155 158 157 158
 158 159 160 160 158 157 158 154 154 157 156 153 149 145 144 144 146 150
 151 152 153 151 151 151 148 143 137 133 129 125 124 123 125 130 136 140
 142 143 145 145 145 142 137 133 132 132 133 126 125 128 130 130 131 131
 130 126 126 124 122 123 121 120 120 127 135 137 138 141 144 146 147 148
 149 149 148 147 146 146 147 146 146 146 147 147 147 146 147 147 147 146
 145 145 147 148 147 145 143 143 144 145 146 147 146 147 146 144 142 142
 142  30]","[ 28  29 171 172 168 167 164 166 169 167 166 166 167 168 167 167 169 168
 166 164 164 165 167 168 169 170 170 169 170 171 171 170 171 170 170 170
 170 170 169 168 166 167 167 166 165 165 165 165 165 165 165 163 162 162
 162 161 161 162 162 161 161 160 160 159 158 159 160 160 160 159 158 159
 162 161 162 162 162 161 159 159 159 159 159 158 156 155 155 156 157 157
 157 159 160 160 159 157 157 154 154 157 156 153 149 144 145 146 150 152
 154 156 156 153 152 153 150 144 141 138 133 127 123 124 127 132 137 141
 143 145 146 146 146 145 140 135 130 129 128 122 120 123 125 125 127 128
 124 122 121 117 117 123 124 124 128 135 141 141 140 142 145 147 146 148
 150 149 148 146 145 145 147 147 146 146 146 146 147 147 147 147 147 146
 145 144 145 146 147 145 144 144 145 145 146 146 146 147 147 145 141 139
 140  31]","[ 28  29 170 172 168 169 167 171 169 166 165 166 168 170 170 169 170 170
 168 165 164 166 167 168 168 169 170 170 171 170 170 169 169 170 172 172
 171 170 168 167 166 167 167 167 166 165 165 166 165 166 165 164 163 162
 162 161 162 162 161 160 160 160 160 159 158 159 160 160 160 159 160 160
 162 161 160 161 160 159 159 161 160 161 160 158 157 156 156 156 157 157
 157 159 160 160 159 158 158 155 154 154 154 154 152 147 147 148 152 154
 154 157 159 158 157 154 149 145 144 142 137 131 126 127 130 135 139 141
 142 143 143 143 144 145 143 138 133 131 127 120 117 119 120 121 123 125
 123 120 120 118 120 129 133 134 138 140 141 141 141 144 146 146 145 146
 148 148 146 145 144 144 146 146 146 146 146 146 146 146 144 146 148 148
 147 145 144 143 146 145 145 146 146 146 146 147 147 147 147 146 142 139
 139  29]","[ 30  29 169 171 169 170 168 171 169 167 165 166 169 171 171 170 169 170
 170 168 166 166 167 167 167 168 169 170 170 169 167 167 167 169 171 171
 170 168 167 166 168 168 167 167 166 166 166 166 166 166 166 165 163 163
 162 162 162 162 161 161 161 162 161 160 159 159 159 159 158 159 159 159
 161 160 160 160 158 157 159 162 161 162 161 159 158 158 158 157 158 158
 158 159 159 159 159 158 156 156 155 152 152 155 153 147 146 148 152 155
 154 155 159 161 159 154 150 147 144 139 133 131 130 130 133 137 141 142
 142 142 141 141 142 144 143 140 135 132 129 122 119 119 118 116 116 116
 118 117 122 125 129 136 139 140 141 142 143 143 145 147 146 143 144 144
 144 144 145 145 145 144 143 144 145 145 144 144 144 144 143 146 148 149
 148 147 144 142 143 143 144 145 146 146 146 147 146 145 144 145 144 142
 140  29]","[ 29  28 168 170 168 168 163 164 167 166 166 167 169 170 170 169 168 170
 171 171 169 168 167 167 167 167 169 170 170 168 167 166 167 168 168 168
 167 166 166 167 168 167 166 165 164 164 165 165 165 166 166 164 162 162
 162 162 162 162 161 161 161 162 162 161 160 160 159 158 157 158 158 157
 159 160 161 161 159 157 158 159 160 161 160 158 158 158 158 157 157 158
 158 158 157 157 157 158 154 155 155 152 151 153 151 143 144 146 152 156
 154 154 156 158 155 154 152 151 144 135 130 131 132 132 134 139 143 144
 145 145 142 142 142 141 141 139 135 132 131 126 123 122 117 112 109 109
 112 115 126 134 139 143 142 142 139 141 143 143 144 146 145 143 141 140
 139 140 143 145 145 144 141 143 144 144 143 143 143 143 144 145 146 145
 145 146 144 142 140 140 141 142 143 143 144 145 144 143 142 144 145 144
 142  29]","[ 29  27 166 168 166 166 161 161 165 166 167 167 167 167 167 167 168 169
 170 170 170 170 169 168 168 167 168 170 171 169 167 166 167 167 167 166
 165 165 167 168 168 166 164 163 163 164 165 165 164 165 165 163 161 161
 161 161 162 162 162 161 161 161 161 160 161 161 160 159 159 160 160 158
 157 158 160 160 159 159 159 158 158 159 159 157 157 158 158 157 156 157
 158 157 157 156 157 158 154 153 154 153 152 151 148 143 144 148 154 157
 156 156 156 154 155 154 154 152 146 138 132 131 131 133 137 143 146 147
 147 147 143 144 142 139 138 138 135 130 130 126 125 123 116 111 111 113
 115 122 135 140 141 145 145 144 140 141 141 140 142 145 145 144 139 138
 137 138 141 143 143 143 141 143 144 144 143 142 143 144 145 145 143 141
 142 144 143 141 139 139 140 140 140 140 142 144 143 143 143 143 143 143
 142  29]","[ 30  28 166 168 166 167 164 165 165 167 169 169 168 167 167 167 168 167
 167 167 169 170 170 168 167 166 167 169 170 169 167 166 166 167 167 167
 166 166 167 167 168 166 163 162 164 165 167 167 165 165 165 162 161 160
 161 161 162 163 163 162 162 162 161 160 162 162 161 161 162 164 163 161
 155 157 157 157 159 161 160 158 157 159 159 158 158 159 159 157 155 156
 157 157 157 157 157 157 156 153 153 154 153 150 148 145 147 152 157 158
 157 159 158 153 160 158 156 152 148 142 135 129 128 132 140 146 148 147
 146 145 143 144 142 137 136 138 135 131 127 124 124 122 116 112 117 123
 128 135 144 141 138 142 145 145 142 142 140 141 144 147 145 141 140 139
 138 139 141 142 142 142 140 142 143 143 142 141 142 144 146 145 142 140
 141 143 143 140 141 140 140 139 138 139 141 144 143 145 144 142 140 141
 141  29]","[ 30  29 167 168 169 168 167 165 167 164 164 167 167 164 163 164 166 162
 161 165 168 167 164 162 165 166 168 169 168 167 167 168 166 166 166 166
 168 169 167 164 167 167 165 162 162 164 164 162 166 165 164 163 162 160
 160 159 159 162 164 165 164 163 161 159 161 161 161 160 160 162 161 160
 158 157 156 155 156 158 158 158 159 158 157 157 157 156 156 157 154 155
 157 157 157 156 155 154 156 155 154 153 153 152 149 145 145 151 153 155
 160 160 158 160 159 159 158 154 150 144 136 130 129 131 137 145 148 147
 145 145 145 141 139 138 136 133 130 130 126 125 123 114 108 119 131 131
 135 139 143 143 141 141 143 145 146 142 139 140 144 146 145 143 142 138
 138 142 143 142 141 139 138 139 142 143 141 142 143 142 142 144 142 139
 141 143 143 143 140 140 139 139 138 138 140 142 144 144 144 141 140 140
 138  29]","[ 29  29 168 168 169 168 168 166 166 164 165 167 166 164 163 165 167 163
 163 166 169 168 166 166 168 167 167 167 166 166 167 169 168 168 168 167
 168 170 169 167 166 166 164 162 163 165 165 162 162 162 162 162 162 161
 160 160 159 161 163 163 162 161 160 159 162 161 160 159 159 160 159 157
 157 157 157 157 157 158 158 159 159 157 155 154 154 154 153 153 153 154
 155 156 155 154 154 154 154 154 153 153 153 153 150 146 148 152 154 156
 160 160 156 156 155 155 155 154 150 143 135 129 129 129 133 141 146 146
 144 144 142 139 138 139 138 133 128 126 125 120 117 117 120 132 140 139
 139 139 140 141 143 145 145 143 143 140 138 138 141 143 143 142 139 137
 139 143 144 143 142 140 141 139 139 139 140 141 143 142 140 141 139 138
 140 141 140 141 140 139 139 139 139 138 139 140 141 139 140 140 141 140
 137  30]","[ 28  29 168 168 168 167 167 167 167 166 166 168 167 165 166 169 168 166
 165 167 168 167 166 167 166 166 165 165 166 166 168 170 168 168 167 166
 166 167 167 166 165 164 163 162 164 166 165 162 162 162 162 162 162 160
 159 159 160 162 163 162 161 161 161 161 160 160 159 157 157 158 157 155
 157 158 158 158 157 156 157 157 158 156 154 153 153 152 151 151 153 154
 155 155 153 153 154 155 154 153 153 153 154 154 151 148 151 153 154 156
 159 158 154 152 153 153 154 156 153 145 136 131 133 130 132 138 144 144
 142 140 139 136 135 137 137 132 126 122 123 118 121 129 137 143 145 141
 142 140 139 140 143 145 144 141 141 139 138 138 139 140 141 141 139 137
 139 143 142 142 142 142 143 139 137 138 139 141 141 139 140 139 137 138
 140 140 139 140 138 138 137 138 138 137 137 137 134 132 135 138 140 138
 135  28]","[ 29  29 169 169 168 166 167 167 167 167 168 169 168 167 169 172 170 167
 166 167 167 166 166 167 164 165 165 166 166 165 166 167 166 166 165 165
 164 163 163 162 163 162 161 161 163 164 164 163 163 162 161 161 160 159
 159 159 161 163 163 162 161 161 161 161 159 160 159 157 157 158 158 157
 158 158 159 158 157 156 156 156 157 156 155 154 153 152 152 152 154 154
 154 154 153 153 154 155 154 154 153 153 154 154 152 150 152 154 156 157
 157 156 153 152 155 154 155 157 155 147 139 136 137 135 134 137 139 138
 136 135 136 133 131 132 131 127 123 121 121 123 131 140 144 145 145 142
 142 142 141 140 140 141 141 140 139 139 138 138 138 139 140 141 140 139
 139 140 138 139 141 142 142 140 139 139 139 139 139 137 140 138 135 136
 139 138 137 139 137 136 136 137 137 137 136 135 132 133 137 139 140 139
 137  29]","[ 29  30 170 169 167 165 166 166 166 166 167 168 167 166 168 171 168 166
 165 167 168 168 168 167 166 167 168 167 165 162 162 163 164 165 165 166
 165 163 162 162 162 162 162 161 161 162 163 164 162 160 159 159 159 159
 160 162 161 162 162 161 160 160 160 160 159 160 160 158 157 158 160 161
 159 159 158 158 158 158 157 156 156 156 157 156 155 153 153 154 154 154
 153 153 153 153 154 155 154 153 153 153 153 152 151 151 152 155 159 158
 155 153 154 154 155 153 154 155 153 147 142 140 138 137 137 137 135 133
 132 132 132 131 130 129 127 123 121 122 122 128 135 140 142 143 145 146
 143 143 143 141 141 140 140 139 137 138 139 139 138 138 139 140 141 139
 139 139 136 137 139 140 139 139 140 140 137 137 137 136 137 135 133 133
 136 135 134 135 138 137 136 136 137 136 135 134 132 135 138 135 134 136
 136  29]","[ 29  30 170 168 166 164 165 165 165 166 167 167 167 166 167 168 168 166
 165 166 167 168 167 166 168 167 167 166 164 162 163 165 165 165 165 166
 166 165 164 164 163 163 163 162 161 161 163 165 162 159 158 159 159 159
 160 163 160 161 161 160 159 159 159 159 158 159 159 157 157 158 160 161
 158 157 157 158 158 158 157 156 155 156 157 157 155 153 153 155 155 154
 154 153 153 153 153 154 153 153 152 152 151 150 150 151 152 155 159 158
 153 152 154 155 154 153 153 153 150 146 142 141 138 139 139 138 135 132
 131 131 129 129 130 130 126 122 121 123 126 132 138 140 142 144 145 144
 143 142 141 141 142 143 141 139 138 139 140 140 139 139 139 140 139 138
 139 139 137 138 139 138 136 136 138 139 136 136 138 138 136 135 133 133
 135 134 133 134 137 136 135 135 136 134 133 132 133 136 136 130 128 132
 134  28]","[ 29  30 169 168 166 164 165 166 165 165 166 167 168 168 167 167 167 166
 166 166 166 165 165 165 167 166 165 165 166 166 167 168 166 164 164 164
 164 163 163 164 163 163 163 163 162 161 162 163 162 160 159 161 161 160
 161 163 161 161 160 159 159 159 159 158 157 157 157 156 157 159 160 159
 156 156 157 158 158 157 156 155 154 154 154 155 155 154 155 156 154 155
 155 154 152 151 151 152 152 152 152 152 150 149 150 152 153 154 157 158
 154 155 157 155 154 154 154 152 148 144 142 140 138 139 139 139 136 134
 131 130 128 129 130 130 126 122 122 124 131 136 140 141 143 144 142 141
 141 140 140 140 142 142 141 139 140 140 140 140 139 139 140 141 138 137
 137 137 137 138 139 138 134 134 137 139 139 139 138 136 136 137 136 135
 137 137 135 135 133 132 133 134 134 133 131 130 136 137 138 134 133 136
 137  30]","[ 29  29 168 167 166 164 166 166 163 164 165 167 169 169 168 167 166 166
 166 166 166 166 167 168 167 166 165 166 168 168 168 168 167 165 163 162
 162 161 162 163 164 163 162 163 162 161 161 161 160 158 159 163 164 163
 164 166 162 161 160 158 158 159 159 158 157 156 156 156 159 162 161 158
 156 157 159 159 158 156 155 154 153 152 152 153 154 156 157 157 152 155
 156 154 150 148 148 150 151 152 152 153 151 149 150 153 154 153 157 159
 157 159 160 157 154 156 155 152 147 143 140 138 139 138 138 138 137 135
 130 127 128 129 129 129 126 123 123 126 135 137 138 139 140 140 140 142
 137 138 139 139 138 139 139 139 141 140 139 138 138 138 139 140 139 136
 135 135 135 138 140 138 133 133 137 141 142 142 138 133 134 137 137 136
 138 138 137 136 130 130 132 134 134 133 131 131 134 135 137 137 137 137
 136  28]","[ 29  30 171 172 170 167 167 167 166 164 164 166 166 165 164 166 166 167
 166 164 163 164 165 165 163 165 167 168 167 165 166 168 167 165 164 164
 163 162 161 162 163 162 161 162 163 162 162 162 161 161 162 163 164 164
 164 163 162 160 155 151 153 159 162 161 159 157 156 157 159 159 156 155
 157 158 158 158 157 156 155 155 154 154 153 153 154 154 155 157 156 154
 152 152 151 149 150 154 152 151 151 151 151 151 153 156 155 155 158 162
 162 161 160 160 157 156 153 149 146 143 140 138 139 139 139 138 137 135
 132 130 129 127 128 130 127 122 123 128 138 139 139 139 138 138 138 139
 138 138 140 143 143 140 139 140 138 137 137 138 139 138 138 138 141 137
 136 138 137 134 134 138 136 137 137 137 138 139 137 134 133 134 137 137
 136 136 135 132 130 131 131 130 131 132 132 131 133 136 137 137 137 136
 138  30]","[ 29  30 170 171 170 167 166 165 168 167 166 167 166 163 162 163 166 166
 166 164 163 163 163 163 164 164 165 165 164 165 168 170 168 165 163 162
 162 161 162 163 162 161 162 162 162 162 161 162 161 161 161 162 163 163
 163 162 162 161 157 154 155 158 159 157 156 156 156 158 160 160 158 157
 155 155 155 155 155 155 155 154 154 154 153 153 155 155 155 157 155 154
 153 153 151 149 150 151 153 152 152 152 152 152 152 153 153 155 157 160
 160 159 158 158 156 155 152 149 146 144 141 139 140 137 134 132 131 131
 131 130 129 126 125 125 123 120 124 131 137 137 137 138 138 138 137 138
 137 137 139 141 141 139 137 137 136 136 136 137 138 137 136 136 138 138
 138 137 134 131 132 134 138 138 138 137 138 138 136 133 132 135 136 134
 132 132 132 132 130 131 131 130 131 133 133 133 136 137 136 135 134 134
 135  28]","[ 30  29 169 169 169 167 166 164 164 164 166 168 167 165 165 166 165 166
 166 165 163 163 162 162 163 162 162 162 162 164 167 168 166 164 162 161
 161 161 162 163 161 161 161 161 161 160 160 161 161 161 162 162 163 163
 163 162 159 158 156 156 156 156 155 153 157 157 158 160 160 160 158 156
 156 154 153 154 155 156 155 155 154 154 153 153 155 155 154 155 155 155
 154 152 151 150 151 152 151 149 149 149 150 151 152 153 152 155 157 158
 159 158 157 156 156 156 154 150 147 144 142 140 138 136 133 132 132 131
 131 130 130 128 124 121 117 119 126 133 136 135 136 137 138 136 136 136
 136 137 138 139 139 139 138 136 135 135 136 138 138 136 135 135 135 137
 138 136 134 135 134 132 136 137 136 136 135 135 133 132 133 137 136 131
 130 129 129 131 130 131 131 130 130 131 132 132 134 134 134 134 134 133
 134  28]","[ 29  28 167 168 168 166 166 165 166 167 169 170 167 164 162 162 165 166
 166 166 166 165 163 163 162 162 162 162 163 164 164 163 162 162 162 162
 163 162 162 161 161 161 161 161 160 159 160 161 162 162 162 163 163 163
 163 163 154 153 154 155 156 155 155 155 158 159 159 159 159 159 157 156
 155 154 153 154 155 156 157 157 155 155 153 154 155 154 152 153 153 154
 152 149 148 149 151 152 150 148 145 145 146 148 151 153 153 156 159 159
 159 159 158 156 157 157 155 151 146 143 140 139 135 135 134 135 135 134
 132 130 132 130 126 119 115 119 127 133 135 135 136 138 137 135 134 136
 137 138 139 137 138 139 138 136 132 133 135 137 137 136 135 135 133 134
 133 134 137 140 137 133 133 133 134 133 133 133 132 132 134 137 134 130
 130 127 126 130 133 134 134 133 131 131 131 132 131 131 132 135 134 132
 134  29]","[ 29  28 167 168 167 166 166 165 168 169 171 171 168 163 160 159 165 165
 166 167 167 166 165 164 164 164 164 164 165 164 162 160 161 161 162 163
 164 164 162 161 162 161 161 160 160 159 160 162 164 163 163 162 162 162
 163 163 156 154 154 157 158 157 158 160 157 158 158 157 157 158 158 158
 152 153 154 154 154 155 156 157 155 155 153 153 154 152 150 150 151 152
 150 147 146 147 149 150 151 149 146 145 145 146 149 151 154 157 159 160
 160 160 159 157 157 157 155 150 145 141 139 137 137 135 133 132 132 133
 132 131 131 131 127 120 117 121 129 134 134 135 137 138 137 135 135 137
 138 139 138 135 135 137 137 134 129 130 132 134 135 135 135 135 135 133
 132 134 137 137 134 131 131 131 131 132 132 132 132 132 133 134 131 130
 131 125 122 128 132 134 135 134 130 128 128 130 131 132 132 134 133 130
 132  28]","[ 29  29 167 167 167 165 166 165 164 166 168 169 169 167 164 163 164 164
 165 166 166 165 164 164 165 166 165 164 163 163 162 160 161 161 161 161
 162 163 163 162 162 161 160 160 160 160 160 162 163 163 162 162 161 161
 161 162 160 158 157 158 159 159 160 161 158 159 158 157 156 157 158 158
 156 157 158 157 154 153 154 155 154 154 152 152 153 150 148 148 152 152
 152 150 148 147 147 148 148 147 147 146 145 146 149 152 154 156 159 160
 160 159 158 156 156 156 154 150 145 142 140 138 138 136 134 133 133 133
 131 129 128 128 126 121 120 125 131 135 133 135 137 137 136 136 136 137
 137 137 135 133 132 134 133 131 129 130 133 135 136 136 136 136 137 136
 136 137 135 131 129 130 131 130 130 130 130 130 130 131 132 132 130 131
 132 126 123 127 129 131 132 132 129 126 127 129 132 132 131 132 131 131
 134  29]","[ 30  28 166 166 167 166 166 165 166 166 166 167 168 168 166 165 165 164
 164 165 165 163 162 162 163 165 165 163 162 163 163 162 162 163 162 161
 161 162 162 161 162 161 161 161 161 161 161 161 162 162 162 162 161 160
 160 160 161 160 159 159 160 159 158 158 159 159 158 156 155 157 158 157
 159 160 160 158 155 152 152 153 154 154 153 152 153 150 148 149 153 153
 152 151 149 147 146 148 144 145 146 145 145 146 150 154 154 155 157 159
 159 157 155 155 155 155 153 150 146 144 142 141 139 138 138 138 138 135
 131 127 127 126 123 120 120 125 131 135 135 137 137 136 136 137 137 135
 135 134 133 132 132 133 132 131 131 132 134 137 138 137 135 134 134 135
 136 137 134 130 129 131 131 130 129 130 130 129 129 131 132 133 133 133
 132 129 129 130 130 131 132 133 132 130 131 132 132 132 131 132 134 136
 137  30]","[ 29  27 164 165 167 167 167 166 166 165 165 165 168 170 169 167 167 165
 164 164 164 162 161 161 161 164 165 163 163 164 164 163 164 165 164 163
 163 164 163 161 163 162 162 163 164 163 163 162 161 162 162 162 161 160
 159 159 160 160 160 160 160 159 157 155 155 156 156 154 154 157 158 158
 156 157 157 156 153 152 153 154 155 155 154 153 153 151 150 151 152 150
 149 148 146 144 144 147 145 146 146 145 143 144 150 156 154 155 157 159
 158 155 153 154 154 154 152 149 146 144 142 141 140 139 138 138 138 136
 132 128 128 125 121 118 119 124 130 133 137 138 137 135 135 137 136 133
 132 132 131 132 133 134 134 133 131 131 133 136 136 135 132 131 127 128
 131 133 133 132 131 131 133 131 130 130 131 130 130 131 132 134 136 134
 131 131 133 131 129 128 129 130 131 131 131 132 133 134 133 135 138 140
 138  27]","[ 28  28 167 167 167 166 167 167 166 166 165 166 166 166 165 165 166 166
 165 165 165 162 160 161 162 163 162 161 161 162 163 164 163 165 165 164
 163 164 163 161 162 162 162 162 162 162 161 159 162 163 163 160 161 160
 156 159 160 160 160 159 158 157 155 155 154 155 155 155 155 156 155 154
 155 155 154 154 153 153 154 155 153 153 153 152 149 147 146 145 148 149
 149 149 147 145 144 144 145 145 146 146 145 146 149 153 154 153 155 158
 157 153 151 152 152 152 152 150 147 144 143 143 138 137 137 138 139 137
 132 127 126 127 119 114 123 131 131 132 135 137 137 135 135 136 135 132
 133 131 131 132 133 133 133 133 132 131 132 134 135 132 131 130 126 127
 130 132 131 132 133 133 131 132 132 129 129 131 132 130 131 132 133 131
 130 133 134 132 129 130 131 132 132 133 136 140 140 137 137 135 136 139
 145  28]","[ 30  29 167 167 167 166 167 165 168 167 166 165 166 166 166 166 166 167
 167 167 166 162 159 159 162 163 163 163 163 163 163 162 162 162 162 161
 161 162 161 160 158 160 161 162 162 161 159 156 159 161 163 161 161 159
 154 157 160 159 158 157 157 156 154 153 154 155 155 155 155 155 155 154
 155 154 154 155 155 154 152 150 153 153 153 152 151 150 149 149 148 148
 149 149 147 145 144 145 146 146 146 146 146 147 150 153 155 154 156 158
 157 153 150 150 150 151 152 150 147 143 142 142 139 137 135 136 137 135
 130 125 125 124 117 114 124 131 132 134 133 135 136 135 135 135 134 132
 133 132 133 133 133 132 131 131 132 132 132 131 131 132 131 130 130 129
 131 131 130 131 133 133 131 134 137 135 132 131 130 130 131 132 134 133
 133 136 139 137 137 136 137 138 139 138 139 140 140 139 139 139 140 142
 147  29]","[ 30  29 167 167 168 168 168 167 169 168 167 167 166 165 163 162 170 170
 167 166 165 164 163 166 164 164 164 164 164 164 163 162 162 160 159 160
 160 160 161 161 159 160 161 162 162 162 160 158 160 162 163 159 157 156
 155 159 162 160 158 158 159 159 157 155 155 155 155 154 154 154 154 154
 154 153 153 154 155 154 150 147 151 152 152 152 152 152 152 152 150 150
 150 149 147 144 143 143 146 145 146 146 146 146 148 151 156 156 157 158
 158 156 155 154 150 151 152 150 146 143 141 141 139 138 136 134 131 129
 129 129 126 123 116 116 125 130 131 133 131 134 136 137 137 137 136 134
 132 132 132 131 130 130 131 133 132 133 133 131 133 137 138 136 131 131
 132 133 133 134 135 134 131 132 135 138 140 140 138 136 135 136 139 138
 137 139 140 137 138 139 140 141 140 139 138 138 144 143 145 145 147 148
 151  31]","[ 29  28 166 166 167 167 168 167 165 166 167 168 167 165 162 160 163 166
 168 169 169 167 165 165 166 166 165 164 165 165 164 163 162 160 159 160
 162 161 161 162 162 161 159 158 159 161 162 161 162 162 163 160 158 158
 157 160 158 157 157 157 158 158 157 156 157 156 154 153 153 154 154 154
 153 153 152 153 154 154 152 150 151 152 152 152 152 152 152 153 152 150
 149 149 147 145 143 142 145 145 145 146 145 144 147 150 154 153 153 153
 154 155 157 157 154 154 152 150 146 143 141 140 138 138 137 134 131 129
 129 130 127 122 117 120 128 131 131 133 133 135 138 139 139 139 139 138
 136 138 139 139 137 136 136 138 135 136 136 135 137 140 143 142 138 136
 136 136 136 137 139 138 139 136 136 139 143 142 139 138 137 138 141 141
 139 138 138 135 137 140 142 142 141 139 140 142 144 143 145 145 147 147
 149  28]","[ 30  29 167 165 164 163 165 166 162 164 166 168 168 166 164 163 160 163
 165 165 166 165 163 163 165 165 164 164 165 166 164 162 161 159 159 161
 163 162 162 162 162 160 158 157 159 161 161 160 159 159 163 163 162 162
 158 157 157 157 158 158 158 157 158 158 158 156 154 152 153 154 154 153
 152 152 153 153 154 154 154 153 153 153 153 153 152 152 152 152 150 148
 147 147 148 147 145 144 144 145 146 146 144 144 147 151 156 156 155 155
 157 159 161 162 158 155 151 148 146 144 142 140 138 136 134 135 136 134
 128 123 126 121 119 125 133 136 136 137 136 138 139 140 140 140 140 139
 138 141 145 146 144 140 138 137 139 138 138 138 139 139 140 141 146 142
 139 137 136 139 141 141 140 138 138 140 139 137 136 138 135 136 139 138
 136 136 136 134 136 138 139 140 140 141 142 143 144 143 144 144 145 146
 148  28]","[ 29  29 167 165 164 164 167 168 164 165 166 167 167 166 165 165 166 166
 163 160 161 162 162 163 162 163 164 165 166 165 163 160 160 159 159 161
 162 162 162 161 161 161 161 162 163 162 160 157 156 154 159 160 160 161
 159 156 157 160 161 160 158 157 158 160 159 157 154 153 153 154 154 153
 151 152 154 154 154 153 153 152 153 154 154 154 153 152 152 152 150 148
 147 147 148 147 146 144 144 145 146 146 144 144 147 152 152 153 154 155
 155 155 156 157 158 154 148 146 145 144 142 140 139 137 135 134 134 132
 128 125 125 121 122 129 136 139 139 139 139 139 139 140 140 139 139 138
 136 137 138 140 139 137 136 136 138 137 137 138 138 137 138 140 138 137
 137 138 137 138 139 138 135 134 135 138 139 138 137 138 136 136 137 136
 133 133 135 135 136 135 135 135 138 141 142 141 145 144 145 144 146 147
 150  31]","[ 28  28 167 166 165 165 168 169 167 167 168 167 166 166 165 165 165 167
 165 164 165 164 161 160 162 163 164 164 165 164 163 160 159 160 161 161
 162 163 162 161 162 164 165 165 164 162 160 159 158 154 157 158 157 160
 159 157 156 158 159 157 153 152 155 158 159 158 156 154 153 154 154 153
 153 154 155 156 155 154 153 152 153 154 155 155 155 154 153 153 153 152
 151 150 150 148 147 147 148 148 147 147 146 145 148 151 153 153 155 157
 156 154 154 156 157 153 148 145 145 144 141 139 139 139 138 135 131 129
 129 130 125 122 123 130 135 138 138 138 138 138 137 138 139 139 138 137
 137 135 134 135 137 137 136 136 136 137 136 136 136 138 140 141 131 132
 135 138 138 138 137 135 136 134 134 137 139 139 137 135 136 135 136 135
 132 132 133 132 136 137 137 137 139 142 143 142 142 142 143 143 144 145
 149  29]","[ 30  29 167 166 165 164 165 165 164 165 167 168 168 167 166 166 165 165
 163 161 163 164 162 162 165 165 164 163 163 164 163 162 160 162 163 162
 162 164 164 163 163 165 165 163 160 159 160 161 159 156 160 161 159 161
 159 157 156 158 158 155 151 151 154 158 159 159 158 155 153 153 154 155
 158 158 158 157 157 156 156 155 153 154 156 157 157 156 156 156 155 155
 155 155 153 152 153 154 154 152 150 149 147 147 148 150 152 152 154 156
 155 152 153 157 157 154 149 147 145 143 140 138 136 137 139 138 136 132
 130 128 123 120 122 128 133 136 138 137 136 135 136 138 139 139 138 138
 137 136 136 138 140 137 133 130 138 139 138 135 134 138 140 140 137 136
 136 137 136 137 139 138 133 134 136 137 137 136 137 138 131 132 135 136
 133 131 131 130 133 137 141 140 138 138 141 144 143 143 145 144 145 146
 148  29]","[ 28  30 165 164 166 166 167 166 166 167 169 169 166 165 165 163 164 163
 161 159 159 159 161 164 165 166 165 163 164 167 166 162 159 162 165 166
 166 165 165 166 165 165 165 163 159 158 160 163 158 157 158 161 163 163
 162 161 161 165 164 162 162 160 158 161 159 159 160 160 160 158 157 157
 160 162 162 161 161 163 163 162 165 163 161 161 160 158 158 160 161 160
 159 160 159 156 154 154 155 154 153 150 147 145 148 152 154 154 154 156
 156 155 153 152 154 150 147 145 142 142 143 143 139 135 136 139 138 133
 128 123 128 127 125 135 138 138 137 138 137 135 135 138 140 139 138 139
 138 137 137 137 137 136 137 137 136 138 138 138 138 138 139 138 136 136
 138 138 137 137 139 137 138 138 138 136 136 137 138 137 135 132 132 133
 133 132 132 133 133 137 140 139 138 141 143 143 142 144 146 145 145 145
 148  28]","[ 30  31 165 164 166 168 170 169 167 168 168 166 163 164 166 165 165 163
 160 158 161 165 167 166 167 167 166 165 166 169 168 165 166 167 169 169
 168 166 165 166 165 166 166 165 162 162 164 167 164 165 166 168 168 166
 164 163 170 171 168 168 171 169 165 165 167 167 167 165 165 167 168 168
 165 167 167 166 165 166 166 166 166 165 164 163 161 160 159 159 161 159
 158 158 158 157 157 158 155 155 153 149 146 147 150 152 153 152 152 154
 156 156 154 153 151 149 147 144 141 143 143 140 136 133 133 137 137 134
 129 124 123 123 124 135 138 139 138 139 134 135 136 137 139 140 139 138
 138 138 138 139 140 139 138 138 138 138 138 138 138 139 139 138 138 138
 138 138 137 138 139 138 137 137 136 135 136 137 137 136 137 134 133 134
 134 133 133 133 130 133 136 138 140 143 144 144 141 140 143 144 146 145
 147  29]","[ 30  29 167 165 168 170 172 170 170 170 170 167 164 167 170 169 173 169
 162 157 159 167 172 172 172 172 171 171 172 173 173 173 173 172 172 173
 173 171 170 170 169 169 169 169 168 168 170 172 169 170 173 174 173 170
 168 167 172 172 170 171 174 173 169 167 169 171 169 167 167 171 173 171
 167 168 168 166 165 165 166 167 166 167 166 164 162 160 159 158 160 158
 158 158 158 157 158 160 155 155 153 147 145 147 150 151 153 152 152 154
 156 157 154 152 151 150 147 144 142 144 142 137 135 132 132 135 135 133
 128 124 120 121 123 136 138 140 140 139 136 138 138 138 140 142 141 139
 138 137 138 139 140 139 139 138 137 137 137 137 138 139 139 138 137 137
 138 139 138 139 139 138 137 137 136 136 137 139 139 137 138 136 134 134
 136 136 135 135 135 134 135 137 138 139 139 139 142 139 141 144 146 145
 147  29]","[ 29  28 171 170 172 173 175 173 175 175 174 172 171 175 177 175 174 178
 182 183 182 180 176 173 177 176 176 177 178 178 179 180 178 175 174 175
 176 175 174 174 173 173 173 173 173 173 174 175 173 174 176 177 176 173
 170 168 167 169 170 170 170 169 167 167 167 168 168 167 167 168 168 167
 168 168 168 168 167 166 166 167 165 166 166 164 162 161 160 158 159 158
 159 159 158 156 156 158 155 154 152 148 146 146 148 149 153 153 154 155
 157 158 156 154 153 150 147 145 143 143 141 136 134 131 132 134 133 132
 129 126 123 122 124 136 138 140 141 139 137 138 138 138 139 140 139 137
 138 138 137 137 137 137 137 138 136 136 136 137 138 139 139 138 133 133
 136 139 139 140 139 136 136 136 136 137 138 139 139 139 137 135 134 134
 137 139 138 137 136 134 134 136 138 138 139 140 144 141 142 144 147 147
 149  29]","[ 29  29 178 175 177 177 180 178 181 180 179 178 178 182 183 180 180 179
 179 180 179 178 179 181 178 178 179 180 180 180 180 181 180 177 174 175
 176 176 175 175 175 173 173 173 174 174 174 174 175 175 175 177 176 173
 169 167 166 168 170 171 170 169 169 169 167 166 167 169 169 168 166 166
 167 166 166 167 167 166 165 165 163 164 165 163 161 162 161 159 160 159
 160 160 158 156 156 158 157 154 151 150 148 146 146 149 151 153 155 156
 157 158 158 156 153 147 145 145 143 141 139 136 132 130 131 132 131 131
 132 130 128 123 123 136 138 140 141 139 139 139 140 142 143 140 138 137
 138 139 139 139 137 135 135 136 136 136 137 138 139 139 138 138 131 131
 134 137 137 138 138 135 135 136 137 138 138 137 137 138 136 135 133 134
 136 139 139 136 136 135 135 138 139 137 138 141 144 143 145 145 148 151
 152  29]","[ 29  29 181 178 178 179 183 182 185 182 181 180 180 181 182 180 182 178
 177 180 182 180 179 180 179 179 179 180 180 180 179 180 179 176 174 176
 177 177 177 178 174 173 173 173 174 174 173 173 172 171 171 173 174 173
 171 169 170 169 170 171 171 172 172 170 169 166 166 169 170 168 167 168
 165 164 164 165 166 166 164 163 163 163 163 162 162 162 162 161 162 161
 161 161 159 157 158 161 157 153 150 150 148 145 146 150 153 155 157 156
 156 157 156 154 152 145 143 145 144 141 139 138 133 132 132 132 130 130
 131 130 129 121 121 136 137 139 141 138 139 139 141 145 145 142 139 138
 137 139 141 141 139 136 134 134 137 137 138 138 137 136 136 136 133 132
 133 133 133 135 137 135 135 136 138 139 137 135 135 136 136 136 134 133
 135 138 137 133 134 134 137 140 140 138 137 139 142 144 146 145 148 152
 153  29]","[ 29  28 183 180 181 181 185 184 183 181 182 182 180 179 179 178 181 179
 179 180 181 180 179 178 180 180 180 180 180 180 179 179 178 175 175 177
 179 178 178 180 175 174 174 175 175 175 174 173 170 169 169 171 172 173
 173 173 173 170 170 171 171 172 173 170 170 167 167 168 168 167 167 167
 166 165 165 167 167 166 165 165 164 163 162 162 162 162 162 163 161 162
 163 163 161 159 160 163 157 153 150 148 146 145 148 152 155 157 158 157
 156 156 154 152 151 146 144 145 144 143 141 139 136 134 133 132 129 129
 128 125 124 115 118 137 139 139 141 140 138 138 138 139 140 140 139 138
 138 139 140 141 140 138 136 135 137 137 138 138 135 133 134 136 135 134
 134 133 132 134 136 136 135 136 137 138 137 135 134 134 136 137 135 134
 136 138 137 132 130 132 136 140 141 141 141 142 142 143 146 146 149 150
 151  29]","[ 30  29 187 184 187 186 188 185 181 181 184 187 183 179 178 178 179 180
 180 179 178 179 181 182 181 182 181 180 179 180 179 178 178 176 176 178
 179 177 176 177 177 175 175 175 176 175 173 173 172 171 171 171 171 172
 173 174 174 171 172 172 169 170 173 171 171 171 169 169 168 168 166 165
 165 164 164 165 164 163 163 164 166 163 161 161 162 162 162 163 160 161
 164 165 163 160 160 162 158 155 151 146 144 146 151 155 155 156 157 156
 157 158 156 153 150 147 146 145 144 144 142 138 137 134 132 131 130 130
 128 124 118 111 117 138 141 140 142 142 142 142 139 136 137 141 143 142
 141 139 139 139 140 140 139 138 138 138 139 138 134 132 134 138 135 135
 135 134 132 134 136 136 134 133 135 137 137 134 133 132 135 137 136 135
 137 140 138 134 136 137 138 140 141 141 141 141 143 143 146 148 149 148
 149  28]","[ 28  29 186 187 185 185 183 181 181 182 184 184 181 177 175 175 180 178
 177 179 180 179 179 180 182 181 180 179 180 180 179 179 175 176 178 178
 178 178 178 178 177 177 177 176 175 173 173 173 173 172 171 172 172 170
 172 176 174 171 169 170 171 170 170 172 170 171 172 170 166 165 165 167
 167 167 166 163 162 162 162 162 167 165 162 161 161 163 164 165 162 162
 162 164 163 161 160 159 156 153 150 144 146 150 149 155 155 155 157 158
 158 158 158 158 151 146 143 145 145 144 142 138 137 136 134 133 132 130
 126 124 118 112 119 139 142 143 139 143 142 141 138 137 139 141 142 143
 142 144 143 139 138 138 139 137 138 135 137 139 138 135 136 137 137 136
 136 135 136 136 135 134 131 132 135 136 136 136 135 135 135 136 132 130
 135 138 138 139 137 138 139 139 139 138 138 137 135 135 143 148 149 146
 148  28]","[ 29  29 186 186 185 185 183 181 182 182 182 182 181 180 180 181 181 178
 176 177 178 179 180 182 183 181 180 179 179 179 179 178 178 178 179 179
 179 179 179 180 176 176 177 177 175 174 173 173 172 172 172 172 171 170
 171 173 171 169 167 169 170 171 170 170 172 170 168 166 165 166 166 166
 168 167 165 162 161 162 164 165 166 164 162 161 161 162 163 163 161 161
 163 164 164 162 159 157 156 153 148 142 146 150 149 153 158 158 158 158
 158 158 157 156 150 146 144 144 142 140 139 137 137 137 136 133 129 126
 124 124 121 116 122 136 140 142 141 142 139 139 139 138 139 140 140 140
 142 142 142 140 139 139 139 138 135 133 135 138 138 136 137 137 138 137
 136 136 136 137 136 135 135 135 136 136 136 136 135 135 133 133 130 130
 134 136 136 136 137 138 138 138 139 138 138 138 140 139 144 147 147 147
 149  29]","[ 29  29 185 185 184 185 184 182 182 181 180 180 181 182 183 183 181 179
 177 178 178 179 181 183 183 181 180 179 179 179 179 178 178 178 178 178
 178 179 180 179 175 175 176 176 175 173 172 171 171 172 173 172 172 171
 171 171 170 168 167 168 170 171 170 168 171 169 167 166 166 166 167 167
 167 166 165 163 162 163 165 166 166 164 163 162 162 163 162 162 161 162
 162 162 162 161 158 154 153 149 144 141 146 153 153 155 159 160 159 157
 157 157 156 153 150 147 145 144 140 138 138 137 138 137 136 132 128 124
 123 123 119 116 122 133 139 140 141 138 139 139 137 135 135 137 139 140
 140 140 139 139 139 139 139 138 133 132 134 135 135 136 137 136 138 138
 137 137 137 137 137 136 137 136 136 136 135 135 135 135 134 131 130 132
 133 134 136 137 137 137 138 138 138 139 139 140 143 142 145 145 147 149
 151  29]","[ 30  29 184 185 184 186 185 183 182 180 180 182 184 184 182 181 180 179
 180 181 180 180 181 182 182 181 180 180 180 180 179 178 175 176 176 175
 177 178 178 176 175 175 175 174 173 171 170 169 171 173 174 172 171 173
 173 172 172 171 170 169 170 171 170 168 168 170 172 171 169 167 167 168
 166 167 166 165 165 166 166 166 166 165 164 163 163 163 162 161 162 163
 162 160 160 161 158 153 151 145 140 140 147 155 156 157 159 160 159 157
 155 156 155 153 151 148 146 145 140 138 137 137 138 135 132 130 130 128
 124 121 119 117 122 138 143 145 142 138 140 140 139 137 135 137 138 140
 139 138 138 139 138 138 138 139 136 135 135 134 133 134 137 137 139 138
 138 137 137 137 137 136 135 135 136 136 136 136 136 137 137 132 132 134
 132 132 137 139 137 138 138 138 139 140 141 142 143 143 146 146 149 153
 154  28]","[ 29  28 184 185 185 186 185 184 183 181 182 184 186 186 183 181 180 181
 181 182 181 180 180 181 180 180 180 181 181 181 179 178 175 175 175 175
 176 177 176 173 175 175 174 173 172 172 171 172 172 174 173 171 170 173
 173 172 173 173 172 171 171 171 171 170 168 170 173 173 170 167 166 167
 167 167 167 167 167 167 167 166 166 165 164 163 162 162 162 162 162 163
 162 161 161 162 159 154 152 145 138 140 147 153 156 155 159 161 160 158
 156 155 155 154 152 148 146 145 142 139 138 136 137 134 130 130 131 129
 124 119 118 116 116 140 142 146 143 142 139 141 143 143 142 140 139 137
 139 139 138 138 137 136 136 138 138 137 138 137 135 136 138 138 138 138
 137 137 137 137 137 137 134 136 137 138 136 136 136 137 137 134 135 137
 132 130 134 137 138 138 139 139 140 141 143 145 144 145 147 147 150 155
 156  29]","[ 29  29 185 186 185 187 185 183 183 182 182 184 186 186 184 182 181 181
 181 181 180 179 180 180 179 179 180 181 182 181 179 177 176 176 176 175
 175 176 174 171 173 173 173 173 173 173 174 174 173 174 173 170 170 172
 173 172 173 173 172 172 171 171 172 172 171 170 170 169 168 167 166 165
 166 166 166 166 166 167 167 166 166 165 165 163 162 162 163 163 160 162
 163 163 164 163 160 156 153 143 137 142 147 151 156 156 160 160 160 159
 156 154 154 154 153 148 146 146 144 141 139 137 136 134 133 132 131 127
 123 119 117 113 109 136 136 142 141 144 142 142 143 143 143 142 140 138
 140 140 139 138 137 136 137 138 137 136 138 139 138 138 138 137 138 138
 137 136 136 137 137 137 135 137 138 138 136 135 135 136 136 136 138 140
 135 131 132 135 139 140 140 140 140 141 143 145 144 145 147 145 148 153
 155  29]","[ 29  29 186 187 186 186 184 182 183 182 182 184 185 185 184 182 182 182
 181 180 179 179 180 180 179 180 180 181 182 180 178 176 176 178 177 175
 175 176 175 172 172 173 174 174 174 174 174 174 173 174 173 172 172 172
 172 171 173 171 171 172 173 172 172 173 173 171 169 167 166 166 166 166
 167 167 167 167 168 168 167 165 165 165 165 164 162 162 163 164 162 162
 163 164 164 162 160 158 153 142 137 145 149 150 158 160 161 159 159 159
 158 155 153 154 153 148 146 146 144 142 140 138 135 135 134 132 130 126
 121 117 117 115 113 140 139 142 142 145 145 144 142 141 141 142 141 139
 140 140 140 138 139 141 141 139 137 133 134 137 138 138 138 137 138 138
 137 136 136 137 138 138 138 138 138 137 136 135 135 135 135 137 138 139
 138 135 134 137 139 141 142 141 139 139 141 143 144 144 146 145 146 151
 154  29]","[ 29  30 187 188 186 185 183 181 181 181 182 185 186 185 183 182 181 182
 182 181 181 180 180 179 180 180 180 181 181 180 178 176 177 178 178 176
 176 178 177 175 173 175 176 177 177 175 173 172 172 173 173 173 174 174
 173 172 173 171 171 173 174 172 171 172 172 172 171 168 165 165 166 169
 168 170 171 172 172 170 167 165 162 164 164 163 162 161 162 164 164 162
 161 161 161 160 159 160 155 144 138 147 150 150 158 162 162 159 158 160
 160 157 154 154 153 148 145 144 142 141 139 137 137 135 133 132 130 126
 120 116 115 116 120 144 145 142 142 142 146 144 143 142 144 144 141 139
 139 139 139 139 142 145 145 142 139 132 130 135 137 138 138 138 138 138
 138 137 137 138 138 138 140 139 137 136 137 137 137 137 134 136 136 136
 139 138 137 140 140 142 143 141 138 137 139 142 144 145 147 147 148 152
 154  29]","[ 29  29 186 187 184 184 184 184 183 184 186 186 184 182 182 183 182 181
 181 182 182 181 180 181 183 182 181 181 181 180 179 178 179 180 179 178
 177 177 177 176 175 175 174 173 174 174 174 173 174 173 172 172 173 173
 172 171 172 172 171 171 172 172 171 171 172 172 172 171 168 166 166 168
 171 170 168 169 170 170 168 166 164 164 165 164 160 159 162 164 162 161
 160 163 162 160 161 157 153 142 140 150 156 157 157 159 163 160 158 160
 160 157 154 154 152 145 144 142 141 140 139 140 139 135 131 128 125 122
 122 123 116 109 122 143 142 142 143 145 146 145 144 143 143 143 141 139
 139 140 140 140 142 145 146 145 140 137 135 137 139 139 138 137 138 138
 139 140 138 138 139 139 142 143 143 140 138 139 139 137 135 138 137 137
 137 138 138 140 138 139 141 141 141 140 139 139 142 145 146 146 149 152
 154  29]","[ 29  29 186 187 185 186 186 186 185 186 187 186 185 184 184 185 183 182
 181 182 181 180 181 182 182 181 180 181 181 181 180 180 179 179 179 178
 178 178 178 178 175 174 173 173 173 174 174 174 172 172 173 174 174 173
 171 170 170 171 171 172 172 172 171 170 172 172 172 171 169 167 168 170
 170 169 167 167 168 168 167 166 166 165 165 164 159 158 161 163 164 162
 159 160 159 157 158 155 150 143 143 152 158 160 159 158 162 161 160 159
 159 157 155 154 149 144 145 144 143 143 140 139 137 133 129 128 128 125
 123 122 116 108 120 142 143 144 145 146 146 145 144 143 144 145 144 142
 144 145 145 144 144 145 145 143 141 139 137 140 142 142 140 139 139 138
 140 141 140 138 138 137 141 144 144 142 139 139 138 137 137 139 138 137
 138 137 137 139 139 140 142 143 142 141 140 140 141 144 145 146 150 151
 153  28]","[ 30  29 186 187 186 187 188 188 186 187 187 186 185 186 186 185 184 182
 181 181 181 180 181 182 182 180 180 181 181 181 180 180 178 178 179 179
 179 179 179 179 175 175 173 172 172 173 174 173 173 173 173 174 174 174
 172 170 171 171 172 172 172 171 171 171 172 172 172 171 171 170 171 172
 171 169 167 166 166 167 167 166 168 168 169 168 163 161 162 164 164 163
 161 161 159 157 158 154 146 143 145 152 158 162 162 160 162 162 161 158
 157 156 155 153 149 145 146 144 143 144 140 138 135 132 129 129 130 128
 123 119 110 103 113 137 142 145 146 148 146 145 144 144 145 146 146 144
 144 146 147 146 146 146 145 144 140 138 138 141 144 144 141 139 138 137
 140 142 141 140 138 136 138 141 143 141 138 137 136 136 136 138 137 136
 136 135 135 137 137 139 142 143 142 141 140 140 141 144 146 148 152 152
 154  29]","[ 29  28 185 187 187 188 188 187 187 188 187 185 185 187 186 183 183 181
 181 182 181 180 181 182 183 181 180 180 181 180 179 178 179 179 179 180
 180 179 179 178 177 176 174 172 172 172 173 172 175 174 173 173 173 174
 173 173 174 172 170 170 170 169 170 172 172 172 172 173 173 172 172 173
 172 170 168 167 167 167 167 167 166 167 169 168 163 161 161 162 163 165
 165 165 163 161 161 155 147 145 147 153 157 160 162 161 162 162 161 159
 157 156 154 152 151 147 146 143 141 142 140 137 136 133 130 130 131 128
 121 115 106 101 110 135 142 144 146 147 147 146 146 145 145 146 146 146
 143 145 145 145 144 145 145 144 139 137 137 140 143 143 141 140 138 137
 139 142 142 142 141 139 136 138 140 139 137 136 136 135 135 137 136 136
 136 135 135 137 136 139 142 143 142 140 140 140 143 144 146 150 153 152
 153  30]","[ 29  29 187 189 188 189 188 187 187 188 188 186 186 187 185 182 181 181
 182 184 183 181 181 181 183 182 180 180 181 180 179 179 180 179 179 180
 179 177 176 176 178 177 175 173 172 173 173 172 176 174 173 172 172 173
 173 172 174 171 168 168 169 169 170 171 172 172 172 173 173 172 172 172
 172 171 170 169 169 169 169 170 168 167 168 167 162 160 162 163 164 167
 168 168 165 163 162 155 150 148 151 157 158 158 159 160 163 160 159 160
 160 157 154 153 151 147 146 142 140 142 139 137 137 135 132 131 130 126
 119 113 109 105 113 138 144 144 145 146 147 147 146 145 145 146 146 146
 146 146 145 143 142 143 144 143 140 139 138 140 142 142 141 141 141 139
 139 140 141 142 143 142 139 139 138 138 137 137 137 136 135 136 136 136
 137 136 136 138 137 139 142 143 142 141 142 142 144 145 147 149 152 151
 153  30]","[ 29  29 187 189 188 188 186 185 186 187 188 187 186 185 183 181 181 182
 184 186 185 183 181 181 183 182 181 181 181 181 180 181 181 180 179 180
 178 176 175 175 177 176 175 174 174 174 174 173 174 173 173 172 172 172
 171 169 172 169 168 170 172 172 170 170 171 171 171 171 171 170 170 170
 170 170 170 170 170 171 171 172 172 169 168 166 162 161 164 165 166 169
 168 167 164 162 159 150 146 146 153 160 160 158 159 160 161 157 157 159
 160 157 154 154 149 146 146 144 143 143 140 139 137 136 134 131 128 124
 118 113 109 107 114 140 147 145 146 145 146 146 146 146 145 146 147 147
 147 147 144 142 142 143 144 143 143 142 142 143 143 142 142 142 143 140
 138 138 138 139 141 140 143 140 138 138 138 138 136 135 133 134 134 134
 134 133 133 136 138 139 141 142 141 141 142 143 144 146 147 149 151 150
 153  29]","[ 29  29 187 188 187 187 186 185 185 186 188 188 186 184 183 183 181 183
 185 187 186 182 181 181 182 182 181 181 181 180 181 182 181 180 179 179
 178 175 174 175 175 175 175 175 176 176 175 174 173 172 172 172 173 172
 170 169 169 167 168 172 174 172 170 170 172 170 169 169 168 168 169 170
 170 170 170 170 169 170 171 172 170 167 166 164 161 161 163 163 167 168
 166 165 163 161 155 143 140 144 153 160 161 160 161 161 158 157 156 157
 157 155 153 153 149 145 147 146 144 143 140 139 138 137 135 131 128 124
 118 113 108 107 112 139 149 147 147 146 145 146 146 146 145 146 147 147
 146 145 144 142 143 145 145 143 143 143 144 145 144 142 141 142 142 138
 138 138 137 138 139 139 142 139 137 137 137 136 134 132 131 131 131 131
 132 130 130 133 138 138 139 139 139 140 142 143 143 147 148 148 150 151
 154  29]","[ 29  30 188 189 187 187 186 186 185 186 188 189 187 185 184 185 182 183
 185 186 184 181 180 180 182 181 181 181 180 179 180 182 181 179 179 179
 178 175 174 176 174 175 176 176 177 177 175 174 173 172 172 172 173 173
 172 171 167 166 167 171 172 170 168 169 172 171 169 168 167 167 169 171
 170 170 170 169 168 168 169 170 169 167 167 167 165 165 165 164 165 166
 164 164 165 163 154 138 140 147 156 160 160 161 163 161 158 159 158 156
 155 155 154 152 151 146 147 146 143 141 138 139 139 138 135 132 128 124
 118 112 111 109 112 140 151 148 148 146 145 146 147 146 145 146 146 146
 146 145 143 142 143 144 142 140 139 140 143 145 144 141 140 141 140 138
 138 139 138 139 140 140 139 137 136 137 137 135 132 130 131 131 131 132
 132 130 130 134 138 137 137 137 138 139 141 143 141 146 147 147 149 151
 153  28]","[ 30  28 189 189 190 187 187 188 187 187 187 187 187 186 185 185 185 186
 185 182 181 182 182 181 182 180 179 178 179 179 180 182 180 180 179 179
 180 179 177 174 177 176 175 176 177 177 175 173 174 172 171 172 172 171
 171 172 166 167 167 166 166 168 169 168 169 169 169 168 166 166 168 170
 171 171 172 169 166 168 170 168 169 167 167 167 166 165 165 165 164 166
 167 168 164 161 154 133 137 149 157 161 162 163 166 166 161 160 158 156
 155 154 153 152 149 147 145 142 138 137 139 140 137 136 134 130 124 121
 119 115 111 106 119 146 147 150 148 146 147 145 146 147 146 147 147 145
 145 143 142 143 145 145 142 139 142 142 142 142 142 142 140 139 142 143
 141 137 136 138 138 137 138 137 135 134 135 137 136 133 130 130 130 130
 131 132 135 138 136 138 139 138 138 140 141 142 144 142 146 148 149 150
 153  29]","[ 29  28 189 189 189 187 187 189 188 188 187 187 188 188 188 188 187 187
 186 183 181 183 184 183 184 183 182 181 180 179 180 181 180 179 179 179
 179 180 178 176 178 178 176 175 176 178 176 174 169 169 169 171 172 172
 172 173 169 170 170 169 167 168 168 168 169 169 169 168 168 168 169 169
 171 171 171 171 171 173 173 169 168 166 166 166 167 166 166 166 164 165
 164 165 163 160 152 133 141 151 158 162 163 163 166 164 160 159 158 156
 155 154 153 152 149 147 146 144 140 138 138 138 136 136 135 131 125 121
 117 113 110 104 115 148 150 148 148 148 147 145 146 147 146 147 148 146
 144 143 142 143 144 144 143 142 142 143 143 143 142 142 141 140 139 138
 138 137 137 138 138 138 138 138 137 136 137 137 136 135 130 130 132 133
 134 134 134 135 137 139 140 139 139 141 142 143 143 142 145 146 146 148
 151  29]","[ 29  29 192 191 190 188 189 192 189 189 188 188 188 189 190 191 189 188
 187 184 184 185 185 184 184 184 184 183 181 179 180 181 180 180 179 178
 179 180 179 177 177 178 177 175 176 178 177 174 168 168 169 171 172 172
 172 172 172 173 173 171 170 170 170 170 171 171 170 170 170 170 169 169
 171 170 171 171 171 172 172 168 168 166 165 166 167 167 166 166 166 166
 164 164 164 162 153 138 145 153 158 163 164 164 165 162 160 160 159 157
 156 155 153 152 148 146 146 145 142 140 138 136 133 133 134 132 127 122
 117 111 109 100 108 148 152 147 149 149 146 145 145 146 146 147 148 147
 145 145 145 144 143 141 140 141 142 142 143 143 143 143 143 143 139 137
 137 139 139 137 136 137 136 137 138 138 137 137 136 135 132 132 133 135
 137 136 135 135 135 137 138 138 137 138 140 141 142 143 144 143 145 146
 148  29]","[ 30  30 193 192 192 190 190 192 190 189 189 188 188 188 189 190 187 188
 188 187 187 187 186 184 182 182 182 182 181 180 179 180 181 180 179 179
 179 180 179 178 176 178 179 178 177 177 177 175 172 172 171 172 172 172
 172 171 172 172 171 171 171 171 172 172 174 173 172 171 171 171 170 168
 170 171 173 172 169 169 171 170 168 166 165 165 166 166 165 164 168 167
 165 165 165 162 153 144 148 154 158 162 164 164 164 161 161 161 160 158
 156 155 152 149 146 145 145 145 143 141 140 136 132 132 133 131 127 123
 116 108 105  95 100 141 149 144 148 146 147 146 146 147 146 147 148 147
 146 146 146 145 143 140 139 139 141 142 142 142 143 143 144 144 141 140
 140 140 141 139 138 137 136 137 138 138 138 137 135 134 131 130 130 131
 133 133 132 132 135 136 138 137 136 136 137 138 143 144 144 142 146 147
 147  29]","[ 30  29 192 192 192 191 189 189 189 189 189 188 188 187 187 187 186 187
 187 187 188 188 186 185 181 180 180 180 180 180 179 179 180 180 180 180
 180 181 180 178 178 179 180 180 178 175 176 178 178 177 175 173 173 173
 173 172 172 170 169 169 170 171 172 172 173 173 172 171 170 170 169 169
 167 167 168 167 165 166 169 169 168 166 165 165 166 166 165 164 167 167
 165 163 163 157 148 145 148 153 156 161 164 164 164 161 160 161 160 159
 157 154 151 148 147 145 145 144 143 143 141 137 135 133 132 130 127 122
 113 103 103  98 105 143 148 144 148 146 148 147 147 148 147 148 148 147
 146 145 144 143 142 142 141 142 142 142 143 142 142 142 142 141 142 142
 141 140 141 142 142 139 137 138 138 139 139 137 136 134 131 130 129 130
 131 132 132 132 136 137 139 139 138 137 138 139 144 145 144 143 148 149
 149  29]","[ 30  29 192 192 194 192 190 188 189 189 188 188 188 187 187 186 187 187
 186 186 186 187 187 187 184 182 180 180 181 180 179 179 179 179 180 181
 181 182 181 179 181 179 179 179 176 172 174 178 177 177 175 173 172 173
 173 172 173 171 169 169 171 171 171 171 172 172 172 171 170 170 171 172
 170 167 165 164 164 166 167 165 167 165 164 165 166 166 165 165 167 167
 165 162 160 152 141 144 149 153 156 160 163 163 164 161 161 161 161 160
 158 156 152 150 149 147 145 143 142 142 140 136 133 131 130 129 126 121
 113 104 103 103 116 149 149 146 149 149 147 146 147 148 147 147 147 145
 148 145 142 141 142 143 143 144 144 144 144 143 142 142 140 139 143 144
 142 139 139 141 141 138 138 138 138 138 137 136 134 134 132 132 132 134
 135 134 134 134 135 136 137 139 139 138 139 140 142 143 144 145 149 150
 150  29]","[ 30  30 193 193 195 194 192 190 191 190 189 188 188 187 188 188 188 187
 187 187 187 187 187 188 186 184 183 182 182 181 180 179 179 180 181 181
 182 183 182 180 181 179 178 177 176 174 174 176 174 174 174 172 172 172
 172 170 172 171 170 171 172 171 171 171 173 172 172 171 171 172 173 173
 176 171 170 170 170 170 168 165 166 165 165 166 167 167 167 167 167 168
 166 162 161 150 138 144 151 154 156 160 162 162 164 162 162 162 161 160
 158 157 154 152 150 147 144 141 140 140 138 133 131 129 129 128 124 120
 114 106 101 102 117 147 146 145 147 147 147 145 146 146 145 146 146 145
 148 145 143 142 143 143 143 143 144 144 144 144 144 144 142 140 144 143
 141 138 137 138 138 137 138 137 137 136 134 132 132 133 130 130 132 133
 133 133 133 134 133 134 135 137 138 137 137 138 139 139 143 145 147 148
 151  29]","[ 30  30 194 194 196 195 194 193 193 192 190 188 188 188 189 189 188 188
 188 189 188 187 187 187 187 186 185 184 183 181 180 180 180 181 182 182
 182 183 182 181 180 180 179 179 179 178 177 175 172 174 174 173 173 173
 171 169 169 169 170 172 172 170 171 172 173 172 171 171 172 172 172 172
 171 169 170 172 170 168 167 165 166 165 165 166 167 167 167 168 166 167
 165 161 161 149 136 144 152 155 157 161 162 161 163 163 162 161 160 158
 156 155 154 152 149 146 143 139 138 139 137 131 131 131 131 128 123 118
 112 105 104 100 114 143 145 148 147 147 147 146 146 146 146 146 147 146
 145 144 143 144 145 144 143 142 142 142 143 144 146 147 145 143 142 140
 138 138 137 136 137 139 137 137 137 135 132 129 130 132 131 131 132 132
 132 132 134 136 134 133 135 137 138 138 137 138 137 137 143 145 145 146
 151  28]","[ 29  29 194 195 195 195 195 193 194 194 191 188 187 189 189 187 186 187
 188 188 187 187 188 188 186 187 188 188 186 183 181 181 180 182 183 182
 182 184 183 181 182 182 181 179 178 178 178 178 175 173 172 171 170 171
 171 169 169 168 167 169 173 174 173 174 171 173 172 171 170 169 170 173
 170 169 168 169 171 171 168 164 166 167 168 168 168 169 168 166 166 169
 164 160 152 144 139 147 151 155 159 162 163 163 163 163 161 162 161 158
 155 154 152 151 147 146 142 138 137 138 136 133 132 132 131 130 125 119
 113 110 104 102 108 145 147 146 147 150 150 148 146 145 145 145 145 146
 146 145 144 143 143 143 144 145 144 142 142 142 142 141 141 143 139 137
 137 139 139 137 136 137 138 136 134 133 132 131 130 130 132 129 127 128
 131 134 134 133 136 136 137 139 138 135 135 138 136 139 141 145 146 147
 147  30]","[ 29  29 194 195 195 195 195 194 193 194 192 190 189 190 190 188 189 189
 189 188 186 186 187 187 187 188 190 190 188 185 183 182 181 183 184 183
 183 183 182 181 184 183 181 180 179 179 180 179 176 173 172 172 170 171
 171 169 167 168 168 170 173 173 171 171 171 171 171 170 170 169 169 171
 172 171 169 168 169 170 170 169 166 170 173 172 169 167 168 169 167 169
 165 162 154 147 144 152 151 155 159 162 164 165 164 162 162 161 158 155
 154 153 152 150 148 146 142 138 137 137 136 134 132 130 128 128 126 121
 114 109 102  97 109 151 150 149 150 150 150 148 146 146 146 145 145 146
 145 144 142 142 143 143 143 144 145 144 143 143 141 140 140 141 140 138
 138 140 140 137 136 136 137 135 133 132 132 131 131 132 131 131 131 131
 131 131 133 134 132 133 136 138 137 135 134 136 141 143 143 146 146 146
 146  28]","[ 29  29 194 195 195 195 195 194 194 194 193 191 191 192 192 190 192 192
 192 190 188 188 188 188 188 189 190 190 188 187 185 185 183 183 184 184
 183 182 181 181 184 183 180 178 178 179 179 178 176 173 173 173 171 170
 170 169 167 168 169 171 173 172 169 168 170 170 169 169 170 169 168 169
 170 171 171 170 170 170 170 169 166 170 172 171 168 167 168 170 168 169
 165 161 151 148 148 154 154 155 158 161 165 166 166 164 162 160 156 154
 154 154 153 151 150 148 143 139 138 138 137 135 130 128 126 125 124 121
 115 110 105  96 112 152 147 145 149 149 148 147 146 146 146 146 146 146
 145 143 142 142 143 143 143 143 145 144 144 142 140 138 138 139 139 137
 137 138 138 136 135 136 137 135 134 133 133 132 131 130 131 131 131 131
 130 130 131 131 130 132 135 135 135 135 135 136 141 142 141 144 144 145
 145  28]","[ 29  29 194 195 195 195 195 194 194 193 193 192 192 193 193 192 192 192
 192 190 189 188 188 188 188 188 188 187 186 186 187 187 186 184 184 184
 183 181 180 181 184 182 180 179 178 178 177 175 176 173 174 175 173 170
 169 167 168 169 169 171 173 172 169 169 171 172 170 170 170 169 167 169
 170 171 171 171 170 170 169 169 168 168 167 166 167 169 170 171 171 170
 165 158 146 145 148 153 156 157 158 160 163 165 165 165 162 159 155 154
 154 155 154 153 151 149 146 142 141 140 137 135 130 129 126 123 120 118
 116 115 112 100 111 146 144 144 148 148 147 147 146 147 147 146 147 147
 146 144 143 143 144 144 144 144 145 145 144 142 140 138 138 138 138 136
 135 135 136 135 136 138 137 136 136 137 137 135 133 131 133 131 129 129
 131 132 131 129 133 134 135 134 134 136 137 138 139 139 138 142 143 145
 146  29]","[ 29  29 194 195 195 195 195 194 193 193 192 191 192 192 193 193 190 190
 190 190 189 188 187 187 188 188 187 186 186 186 187 188 188 185 183 183
 183 181 181 181 183 182 180 179 179 179 176 173 174 173 174 175 173 170
 167 164 167 168 169 172 174 172 170 169 172 173 172 170 170 168 167 169
 171 170 169 167 167 169 170 171 170 168 166 166 167 170 170 169 172 171
 165 157 145 145 147 150 155 157 158 159 160 162 162 163 160 158 155 154
 154 154 153 153 150 148 146 144 142 139 135 132 132 130 127 123 120 118
 116 114 113 103 111 140 147 150 149 147 147 147 147 147 147 146 146 146
 146 145 144 144 144 144 144 145 145 144 142 141 140 140 139 138 137 136
 135 136 136 136 137 139 137 136 135 137 138 137 135 134 133 131 130 130
 131 133 132 131 134 136 136 136 136 137 139 139 140 139 139 142 144 145
 146  30]","[ 29  29 195 195 195 195 196 195 195 194 193 192 193 193 194 194 191 192
 192 191 190 190 188 187 188 188 188 188 188 188 187 187 189 186 184 183
 182 182 182 181 180 179 178 177 178 177 175 173 173 173 174 174 172 170
 167 163 163 166 168 171 173 172 168 168 171 172 170 168 168 165 165 167
 169 169 168 167 168 169 170 170 167 168 168 167 166 166 165 164 168 170
 164 155 145 146 147 149 153 156 159 160 160 160 159 159 159 157 155 154
 152 151 151 151 148 147 145 143 141 138 133 130 132 130 125 122 121 118
 112 106 104 102 117 143 149 149 147 148 147 146 146 146 145 143 143 144
 146 145 145 144 143 143 143 144 142 141 140 139 139 140 139 137 136 136
 137 138 138 137 137 137 137 135 133 133 133 133 132 132 130 131 131 130
 130 130 132 133 132 134 136 137 138 138 138 138 138 137 137 140 142 143
 144  29]","[ 29  29 195 196 196 196 196 196 196 195 194 194 194 194 195 195 193 194
 194 193 192 192 191 189 188 188 188 189 188 188 187 186 187 187 186 184
 183 183 183 182 180 178 177 175 175 176 175 174 173 174 175 173 170 171
 170 166 166 167 168 170 171 170 167 168 171 170 168 167 167 165 164 166
 167 168 169 169 169 169 168 167 166 167 168 167 165 163 161 160 164 167
 159 149 143 147 148 151 155 158 160 161 160 160 160 160 161 158 155 154
 153 151 150 151 149 147 145 143 141 138 134 132 130 128 125 122 120 117
 110 102  98  97 119 146 146 144 146 149 146 146 145 145 144 143 143 144
 145 145 144 144 144 143 142 142 139 139 138 137 138 139 139 138 136 137
 138 138 138 137 137 137 137 135 133 132 131 131 130 131 129 130 131 130
 129 129 130 131 128 129 133 137 138 137 137 138 136 135 134 138 139 140
 143  29]","[ 29  29 194 196 196 196 197 196 195 194 194 194 195 194 194 194 193 193
 193 192 192 192 191 190 188 188 187 187 187 187 186 186 185 188 188 185
 183 183 184 183 183 181 178 176 176 177 178 177 175 176 176 172 170 173
 174 170 172 172 170 169 170 169 168 170 172 171 168 167 168 167 166 167
 170 171 170 168 167 167 168 169 167 167 166 166 166 165 163 160 162 166
 155 144 141 146 149 155 158 160 161 161 161 161 162 163 163 159 156 155
 154 153 152 152 151 148 145 144 142 139 137 135 128 128 126 123 119 116
 111 106 100  90 114 144 145 146 151 150 147 147 146 146 146 145 146 147
 145 144 144 145 145 143 141 140 138 139 139 138 138 139 140 139 138 138
 138 137 137 137 138 139 137 136 136 136 136 135 135 135 131 130 129 129
 130 130 129 128 126 126 130 134 137 136 137 140 139 137 136 138 138 139
 142  29]","[ 29  32 195 198 195 194 197 196 195 194 194 195 196 195 194 193 193 191
 190 191 192 191 190 189 189 188 188 188 187 187 187 187 186 188 188 186
 183 182 183 186 184 182 180 178 178 178 178 178 177 175 173 173 173 172
 171 171 171 171 171 169 169 169 170 171 171 170 170 169 167 169 170 169
 171 170 168 167 167 167 167 167 167 166 164 164 164 164 164 162 161 160
 151 143 145 147 149 155 158 159 161 162 162 162 162 162 159 161 162 158
 153 154 154 151 148 148 148 146 143 140 137 136 130 131 129 124 120 117
 110 103  99  92 110 145 143 145 151 149 145 145 146 147 148 146 146 146
 145 145 146 146 146 145 143 140 138 141 143 142 139 138 138 139 137 137
 137 137 138 139 138 137 138 138 137 135 133 133 135 136 132 131 129 128
 127 128 129 129 129 128 129 132 135 137 138 139 138 138 136 142 139 140
 141  29]","[ 31  26 197 197 197 201 195 194 195 194 195 195 196 195 194 193 191 190
 189 190 192 192 192 192 190 189 188 188 188 188 189 189 186 187 187 186
 184 183 183 184 186 184 181 179 179 178 178 177 176 174 172 172 173 172
 172 172 171 171 170 170 170 170 170 169 169 166 167 168 167 168 169 169
 168 168 168 168 168 168 168 168 167 166 165 165 165 166 165 164 162 158
 148 143 149 153 153 156 160 161 163 163 163 163 162 161 163 163 163 159
 154 154 154 152 149 147 144 142 141 140 139 139 131 131 129 125 121 115
 109 105  97  97 114 144 144 147 149 146 148 147 146 145 145 146 146 147
 145 144 143 143 145 146 145 143 142 143 143 141 139 137 137 136 135 136
 136 136 135 136 136 136 134 135 134 133 132 133 134 134 130 130 129 128
 128 129 129 130 128 130 132 132 130 130 133 136 138 138 141 135 137 139
 138  27]","[ 28  34 193 196 193 196 191 199 196 195 196 196 196 195 194 194 191 190
 189 190 190 190 191 191 188 187 185 185 185 186 187 187 186 186 186 186
 185 184 184 183 181 180 179 178 179 180 180 179 177 174 172 172 172 171
 171 172 172 170 169 169 170 170 168 166 168 166 168 170 169 167 167 167
 168 168 168 168 167 166 166 165 164 164 164 164 164 165 164 163 165 158
 146 141 148 153 155 158 161 161 161 161 162 162 162 162 162 160 160 158
 155 155 155 155 150 146 141 139 139 139 138 137 131 130 128 126 122 116
 111 108 101  98 112 144 145 146 149 151 148 148 147 146 145 147 147 146
 147 145 144 145 148 150 149 146 144 144 143 140 138 137 136 135 137 138
 138 137 135 135 135 135 135 136 136 133 132 133 133 131 128 128 128 129
 129 130 130 130 130 131 133 132 129 128 130 134 135 131 134 141 141 138
 141  28]","[ 32  27 196 195 194 194 196 193 195 195 195 195 195 194 193 193 195 194
 194 194 193 192 191 191 191 189 187 186 187 188 188 187 187 186 186 186
 187 187 185 184 183 182 180 180 180 179 178 177 176 173 172 172 172 171
 171 171 173 172 171 172 172 170 168 166 169 169 172 172 169 167 168 169
 170 170 170 170 169 168 167 166 166 167 167 167 167 166 165 163 160 153
 144 141 146 152 156 160 162 161 160 160 161 164 165 166 164 160 159 159
 156 154 153 152 149 145 141 139 140 141 138 136 131 130 128 125 121 115
 109 105 100  96 114 150 150 148 148 148 147 147 146 143 143 146 147 146
 144 143 143 143 145 146 144 142 145 144 143 140 138 138 139 139 138 139
 139 137 136 135 135 134 137 138 137 133 131 132 132 130 128 128 128 129
 129 130 131 131 132 131 131 131 131 131 132 133 133 137 138 140 133 137
 138  29]","[ 28  29 192 197 195 195 199 196 196 196 196 196 196 195 194 195 193 193
 194 195 193 191 189 189 190 188 187 187 188 188 187 187 187 186 185 185
 186 186 185 184 183 182 180 180 179 179 178 176 175 173 173 173 174 173
 172 172 170 170 170 171 170 168 167 166 167 169 171 167 163 164 168 169
 168 168 168 169 168 168 168 167 167 167 168 168 167 166 163 161 159 153
 146 145 149 153 155 157 159 159 158 159 161 163 164 165 161 158 158 159
 157 154 153 151 146 142 138 137 140 140 138 135 129 130 128 124 122 119
 113 106  98  92 113 152 150 151 152 146 149 149 146 142 142 146 148 148
 144 143 143 142 142 142 140 138 141 142 140 138 136 136 137 138 138 138
 137 136 136 136 135 134 135 136 134 131 130 131 131 130 129 129 128 128
 128 130 131 132 131 130 128 129 130 131 131 131 131 134 139 137 143 149
 136  30]","[ 31  30 191 195 195 197 195 193 195 194 194 195 194 193 193 194 195 195
 196 196 194 191 189 188 187 187 187 187 188 188 187 187 187 186 185 185
 186 186 186 185 181 180 179 179 179 179 179 178 176 174 173 173 173 170
 168 168 169 170 171 172 171 169 169 171 172 174 173 166 161 164 170 171
 169 169 169 169 168 168 167 167 166 167 168 167 166 165 163 161 161 152
 145 145 150 155 157 157 159 160 161 162 162 162 162 161 160 157 157 159
 157 154 152 150 146 142 138 137 138 139 137 136 131 131 128 123 121 119
 112 104 102  90 110 152 151 146 146 145 147 148 147 146 146 146 146 144
 144 144 142 139 138 138 138 138 141 141 141 138 136 135 137 138 138 137
 137 136 137 138 137 136 135 134 132 130 128 128 129 129 129 128 127 127
 127 128 129 130 130 130 130 130 129 128 129 131 131 134 137 134 137 138
 143  28]","[ 29  29 190 194 195 193 195 193 193 193 193 193 193 192 193 193 193 193
 193 193 191 189 187 186 186 185 186 186 187 187 186 186 186 185 184 184
 185 185 185 185 184 182 181 180 179 179 178 178 178 176 175 175 174 171
 170 169 168 168 169 170 170 168 169 171 172 173 172 167 163 165 169 169
 168 168 168 167 167 166 165 165 165 165 166 165 164 164 163 162 155 148
 143 145 150 155 158 160 161 162 163 164 164 163 162 162 162 160 160 159
 156 154 151 148 144 142 138 137 137 137 136 135 133 132 128 124 121 118
 112 106  97  93 108 147 150 146 144 149 146 148 150 151 150 148 146 144
 145 145 143 141 140 140 141 142 140 140 140 138 137 137 137 137 135 135
 136 135 136 137 137 136 134 133 132 131 129 127 128 129 129 129 128 128
 128 128 129 129 130 131 131 131 130 128 129 131 132 134 130 133 137 140
 135  30]","[29 31 28 27 31 28 29 28 29 29 29 29 29 28 29 30 30 29 28 29 29 29 29 29
 29 29 29 29 29 29 29 29 30 29 29 29 29 29 29 29 30 29 28 28 28 29 29 29
 30 28 27 28 29 28 28 28 30 29 29 30 30 28 29 31 28 28 29 30 28 29 30 29
 29 29 29 30 30 29 29 29 29 30 29 29 28 29 29 29 30 27 28 31 29 28 29 29
 28 29 29 29 29 29 29 30 29 28 29 29 29 30 30 28 30 29 29 29 29 30 29 29
 29 28 28 29 30 30 29 28 30 32 26 30 27 30 28 30 30 29 29 29 29 28 28 29
 29 29 29 29 29 29 29 29 30 29 29 28 29 30 29 29 28 29 30 29 28 29 29 29
 30 28 28 29 29 27 28 31 29 29 29 29 29 29 29 29 29 29 29 29 30 29 29 29
 30 28 29 31 26 29 28 29]"
