"[31 30 30 28 29 30 29 30 30 30 29 29 30 30 29 29 29 29 30 30 30 29 29 29
 29 30 30 29 29 29 29 29 30 29 30 30 29 29 29 29 29 29 29 29 29 29 29 29
 29 30 29 30 29 29 29 29 29 29 29 29 30 29 29 28 29 29 29 29 29 29 29 29
 28 29 29 29 29 29 29 29 28 29 29 29 29 29 29 29 29 29 29 29 29 29 29 29
 29 29 29 29 29 29 29 29 30 29 29 29 29 29 29 29 29 29 29 29 29 29 29 28
 28 28 29 29 29 29 29 29 29 30 30 29 28 28 29 28 29 29 30 30 29 29 29 29
 28 29 29 29 29 28 29 29 29 29 29 29 29 29 29 29 29 29 29 29 29 29 29 29
 30 29 29 29 28 28 29 30 29 30 28 29 30 29 28 30 29 30 28 29 29 29 30 30
 28 28 29 29 30 30 28 31]","[31 31 29 29 30 30 28 29 30 29 28 28 28 29 29 28 30 29 29 30 30 30 30 30
 28 29 28 28 28 29 29 28 30 29 29 29 29 29 29 29 28 29 29 29 29 30 30 30
 29 29 30 29 29 29 29 29 29 29 29 29 29 29 29 29 28 29 29 29 29 29 29 29
 29 29 29 29 29 29 29 29 30 30 30 29 29 29 29 29 29 29 29 29 29 29 29 29
 29 29 29 29 29 29 29 29 29 29 29 29 29 29 29 29 30 29 29 29 29 30 29 29
 29 29 29 29 30 29 29 29 29 29 29 29 29 30 30 31 29 29 28 28 28 28 29 29
 30 30 30 30 29 29 29 29 29 29 29 29 29 29 29 29 29 29 29 29 30 30 29 29
 29 29 30 31 31 30 29 29 29 30 30 30 30 29 28 31 29 29 29 30 30 29 29 28
 29 33 29 28 27 28 32 25]","[29 27 16 15 11 11 11 10 12 12 11 11  9  8  9 10  9  8  7  8  9  9  9 10
  9  9  9  8  9 10 10 10  9  8  7  7  7  7  7  7  7  7  7  7  7  7  7  7
  7  7  8  7  7  7  7  7  7  7  7  7  7  7  7  7  7  7  7  7  7  7  7  7
  7  7  7  7  7  7  7  7  7  7  7  7  7  7  7  7  7  7  7  7  7  7  7  7
  7  7  7  7  7  7  7  7  7  7  7  7  7  7  7  7  7  7  7  7  7  7  7  7
  7  7  7  7  7  7  7  7  7  7  7  7  7  7  8  8 11 11 12 13 14 15 16 16
 13 12 12 12 12 12 12 11 10 11 11 11 10 11 12 13 14 14 15 17 19 19 19 18
 17 16 15 15 15 15 16 17 18 21 20 18 18 18 19 21 24 23 24 23 24 24 24 25
 34 51 55 69 75 73 67 31]","[31 30 12 14 10 12 13 12 13 13 12 10  8  8  8  9 11  9  9  9 10 10 10 10
  8  8  7  7  7  9  9  8 10  9  8  8  9  9  9  8  8  8  8  8  7  6  5  5
  6  6  5  4  3  3  3  3  3  3  3  4  3  3  3  4  3  3  3  3  2  2  2  2
  3  2  2  2  3  3  3  3  5  5  4  4  4  4  4  4  5  4  3  3  4  4  3  3
  4  4  4  4  4  4  4  4  4  4  4  4  4  3  3  4  4  4  3  4  4  4  4  4
  4  4  4  5  4  4  4  4  3  4  5  5  6  8  9  9  7  8 10 12 14 14 14 14
 12 12 11 11 11 11 10  9  8  9 10 11 10 11 12 13 13 14 15 18 21 21 20 19
 19 18 17 16 15 15 17 19 21 23 22 20 21 22 23 24 25 23 25 24 24 26 27 31
 52 68 71 77 73 69 69 28]","[28 29 14 18 15 17 17 15 16 16 15 14 12 12 11 12 11 10  9  9 10  9  8  8
  9  9  9  8  7  8  9  9  9  8  7  8  9  9  9  8  8  8  9  9  8  8  8  8
  8  7  7  6  5  5  4  4  2  2  3  3  3  3  2  2  2  3  3  2  1  1  2  2
  3  2  2  2  3  4  4  3  4  4  3  3  4  5  5  4  5  4  3  3  3  3  3  2
  2  3  3  4  5  5  4  4  4  3  3  4  4  3  3  3  4  4  4  4  5  5  4  4
  4  4  4  5  4  4  4  4  4  5  7  8  8  9 10 10 10 11 11 12 12 12 11 11
 12 12 12 12 11 11  9  8  8 10 12 13 13 13 14 15 15 15 17 19 21 20 19 17
 18 20 23 22 20 17 18 20 22 23 22 20 22 24 24 24 24 23 24 23 25 30 38 47
 68 73 74 73 69 68 69 30]","[29 29 17 18 15 16 17 16 16 15 14 14 15 15 13 13 14 13 12 13 14 12 10  9
  8  9  9  8  7  7  7  7  9  9  9  9 10 10 10  9  8  9  9  9  8  8  8  9
  9  8  8  8  7  7  6  6  4  4  4  4  4  4  4  4  3  2  2  2  2  2  2  2
  3  3  3  3  4  4  4  4  4  4  3  3  4  5  5  5  4  4  3  2  2  2  2  2
  2  2  3  3  4  4  4  4  4  4  4  4  4  3  3  3  4  4  4  5  5  5  4  4
  4  4  4  4  4  5  5  5  6  7  9  9  9 10 11 11 12 13 13 12 11 12 12 12
 11 11 11 11 10 10  9  8  8 10 13 15 15 15 15 14 14 15 16 18 20 20 19 18
 18 20 22 21 18 16 18 22 23 23 21 20 23 25 24 24 26 24 20 24 31 43 62 74
 82 73 66 62 63 66 66 27]","[29 27 19 15 14 15 16 19 17 15 14 14 15 16 16 16 15 13 13 14 14 13 11  9
 10 11 11 10 10 10  9  9  8  8  8  8  8  8  8  7  9  9  9  8  7  7  7  8
  8  8  8  8  8  8  7  6  6  5  5  5  7  7  7  6  5  4  3  3  3  3  2  2
  2  3  4  4  4  4  4  3  4  3  2  3  4  5  5  5  4  3  2  2  2  2  2  2
  2  2  2  2  3  3  4  4  5  4  4  5  5  4  3  3  4  3  3  4  4  5  4  4
  4  3  3  3  3  4  5  6  7  8  9  9  9 10 11 11 11 12 13 13 12 11 12 13
 12 12 12 11 11 11 11 12 11 12 15 17 18 17 16 15 12 13 15 17 18 19 19 18
 19 19 18 17 15 15 19 23 24 23 22 22 24 24 23 24 24 24 19 31 44 55 74 80
 75 72 71 68 67 64 67 31]","[31 28 26 20 18 17 16 17 17 15 12 12 15 17 17 16 16 14 13 14 15 14 12 10
 12 12 11 11 12 12 11 10 10 10  9  9  8  8  9  9  7  7  8  7  7  7  9 10
  8  8  8  9  9  9  8  7  7  6  5  6  8  9  9  8  9  7  5  4  4  4  3  1
  2  3  4  5  5  4  4  4  5  4  3  3  4  5  5  4  4  4  3  3  3  3  4  4
  4  4  3  2  2  3  4  5  4  4  4  5  4  3  3  3  4  3  3  3  4  4  4  4
  4  3  3  3  3  5  6  7  8  9  9  8  8 10 12 12 10 12 14 15 13 12 11 10
 10 10 10  9  9 10 12 13 11 12 14 16 16 16 14 13 13 14 15 16 17 17 17 17
 18 18 18 18 18 18 21 23 24 24 23 23 24 23 22 25 26 31 31 52 67 69 77 72
 73 72 68 67 67 62 66 28]","[28 30 51 48 41 35 26 21 21 21 18 16 20 19 16 17 16 15 14 15 15 15 13 12
 14 14 15 15 13 12 12 11 10 12 13 10  9 11 10  7  9  7  7  9  9  9 10 10
  8  7  6  7  9  8  8  8  8  7  8  9  9  8  8  8  9  8  7  6  5  5  5  5
  4  4  4  4  5  6  4  3  2  4  6  5  4  5  5  5  5  5  3  3  2  3  3  4
  4  4  4  4  4  3  3  3  4  4  3  3  3  3  4  4  4  3  3  2  2  2  3  3
  3  3  4  4  4  4  6  7  8 10 11 11 10 10 11 13 12 14 15 14 12  9  9 10
  9 10 10  9  9 11 12 13 13 14 16 18 18 16 14 14 13 15 16 16 16 18 18 17
 19 19 19 19 19 20 21 21 19 20 19 20 22 20 21 28 31 41 50 70 79 75 77 70
 66 67 67 65 65 65 65 29]","[29 31 50 52 53 55 56 55 58 52 40 32 30 25 18 16 17 14 14 17 18 15 12 12
 15 15 15 15 13 13 12  9 12 11 11 13 13 11 12 14 10  8  9 11 11 11 12 11
 12  9  7  8  9  9  8  8  8  8  8  8  8  7  7  8  8  8  8  7  6  6  5  5
  5  5  5  5  5  5  4  4  4  5  5  5  5  5  5  5  5  5  3  3  3  3  3  4
  4  4  4  4  4  4  4  4  5  5  4  4  3  3  3  3  4  4  4  3  3  3  3  3
  4  4  5  5  5  5  6  6  8 10 11 12 11 11 12 13 12 13 14 13 11  9  9 10
 10 10 10 10 11 13 14 13 12 14 16 18 18 17 16 16 12 13 14 16 17 18 18 18
 20 21 21 20 20 20 20 20 20 19 19 21 22 21 24 32 40 54 65 75 75 69 70 68
 67 66 65 65 66 65 65 29]","[30 28 32 31 32 38 49 51 55 55 52 49 46 41 38 40 36 29 24 25 24 18 15 15
 12 14 16 15 14 16 16 12 11 13 13 13 14 15 16 15 14 11 10 10 10 13 15 14
 14 12  9  9  9 10 10  9  9  8  8  8  8  7  7  8  8  8  8  8  8  7  6  6
  6  6  6  6  5  5  4  5  5  5  5  5  5  6  5  4  3  3  3  3  4  4  4  4
  4  4  4  4  4  4  5  5  5  5  5  4  4  3  3  2  4  4  4  4  4  4  3  3
  4  5  6  7  7  7  7  7  8  9 11 11 11 11 12 13 12 13 13 11 10  9  9 10
 10 10 10 11 14 16 14 12 15 16 19 19 18 17 16 16 14 13 15 18 20 20 20 20
 23 23 23 23 22 21 20 19 19 19 22 23 22 26 37 46 60 67 73 74 71 68 66 63
 66 65 64 64 66 65 66 30]","[29 28 26 26 24 25 32 31 25 32 40 44 42 40 43 49 47 40 35 35 36 33 29 27
 23 23 21 14 10 13 16 14 15 16 16 16 17 17 15 13 19 16 15 13 12 13 15 13
 14 13 12 10  9 10 10  9  9  8  8  8  9  9  9  9  9  9  8  8  8  8  7  7
  6  7  8  7  5  4  4  5  6  6  6  5  6  6  6  5  4  3  3  3  4  4  5  5
  4  4  4  4  4  4  4  5  5  4  4  4  4  4  4  4  4  4  3  3  3  3  3  3
  4  5  6  7  8  8  8  8  8  8  9 10 10 11 11 12 13 12 11 10  9  8  9 10
 10 10 10 12 15 16 14 12 15 17 19 19 18 17 16 16 16 15 16 20 22 20 19 19
 22 22 23 24 24 23 22 21 22 23 25 23 23 37 56 66 71 68 67 65 66 67 61 59
 65 65 66 65 66 67 67 29]","[28 28 23 25 23 20 23 20 19 20 24 28 29 30 33 35 33 31 33 38 45 47 43 38
 35 36 36 34 33 35 33 26 18 14 16 24 25 18 16 19 15 14 15 16 16 16 16 15
 13 14 13 12 10  9  9  9  9  9 10 10 11 11 10  9 10  9  9  9  9  9  8  8
  7  8  9  8  6  5  4  5  7  7  7  6  6  6  6  7  6  5  4  4  5  6  6  7
  5  5  5  4  4  4  5  5  5  4  3  3  3  4  4  4  4  4  3  3  3  3  4  4
  5  5  5  6  7  8  9  9  8  8  9  9 10 10 11 12 12 11 10  9  8  9  9 10
 10 11 12 15 16 15 14 14 13 15 17 18 18 19 19 18 18 16 17 20 21 18 16 17
 18 18 20 23 24 23 23 23 24 27 28 26 31 53 73 77 73 66 66 63 64 65 60 63
 65 68 69 66 67 69 69 29]","[31 31 23 24 21 20 22 22 24 21 21 22 23 26 27 26 22 23 25 30 37 42 40 35
 30 32 38 46 54 59 54 45 36 35 35 35 30 22 18 19 19 15 15 15 15 15 16 15
 12 12 13 14 13 12 11 13 11 12 12 12 12 12 11 10 11 10  9  9 10 10 10  9
  8  8  9  8  7  6  6  5  6  6  6  6  6  5  6  7  8  7  5  5  6  7  8  8
  7  6  6  5  5  6  6  6  7  5  3  3  3  4  4  4  5  5  4  3  4  4  5  6
  6  5  5  6  7  7  8  8  9  9  9  9 10 11 11 11 11 11 10  9  9  9 10 10
 11 12 15 16 16 15 15 16 16 17 18 19 20 22 21 19 19 17 17 19 19 17 16 16
 20 20 21 23 23 22 22 23 21 30 37 41 53 73 80 74 71 65 66 66 67 67 63 66
 66 69 70 67 67 69 68 29]","[27 27 22 24 22 22 20 22 23 22 23 21 18 20 23 21 21 21 21 22 24 26 26 26
 23 22 23 27 34 41 43 40 42 51 55 48 43 46 48 47 36 28 23 23 23 21 20 18
 16 14 13 16 17 14 13 14 13 13 13 12 13 14 13 11 10 10  9 10 11 12 11 10
 10 10  9  8  8  8  8  7  7  6  5  6  6  6  6  7  8  7  6  6  7  8  8  8
  7  7  6  6  6  7  7  8  8  6  5  4  4  5  5  4  5  5  4  4  4  5  5  6
  6  5  5  6  6  7  8  8  9  9  9 10 11 12 11 10 10 10 10 10  9  9 10 10
 11 12 15 17 16 15 16 18 19 19 19 19 21 23 21 18 19 18 18 19 19 19 19 19
 22 22 23 24 24 22 23 25 25 40 52 59 69 77 74 65 65 62 63 64 66 66 64 65
 67 67 68 66 66 64 65 28]","[31 29 21 20 17 19 18 23 23 23 23 19 15 18 23 22 17 17 18 20 19 18 20 23
 19 19 20 20 18 20 23 24 28 38 43 36 31 35 43 47 42 34 33 40 43 40 36 32
 24 18 16 19 19 15 11 11 14 14 13 12 13 15 15 13  9  9  9 11 12 13 12 11
 12 10  8  8  9  9  9  9  9  7  6  7  8  8  8  9  7  6  6  6  7  7  7  6
  6  6  6  6  6  7  8  8  8  7  5  5  5  6  5  4  4  4  4  4  4  4  5  5
  5  5  5  5  7  8  8  8  8  9 10 11 12 12 10  9  9 10 11 11 10 10 10 11
 11 12 14 16 16 15 17 19 18 17 16 17 21 24 21 17 18 19 19 18 19 21 22 22
 19 19 21 24 24 24 26 30 37 54 65 66 67 68 64 60 60 63 64 64 64 66 68 68
 67 65 65 65 63 59 61 28]","[29 29 19 19 19 20 17 21 22 24 24 20 18 19 18 16 17 18 19 20 20 19 18 18
 16 18 19 18 17 17 20 21 23 24 24 24 24 24 28 32 32 29 32 41 47 46 44 43
 52 54 50 43 35 25 18 18 13 12 12 16 17 15 15 17 10 10 11 13 14 13 13 13
 11 10 12 11 10  9  9 11  8  8  8  8  9  9  9  9  8  8  8  7  7  6  7  7
  6  6  6  6  6  6  6  7  8  7  7  7  7  8  7  7  5  5  5  4  3  3  4  5
  5  5  5  7  8  8  8  9  8  8  8  9 10 10 10  9  9 10 11 11 12 12 11 11
 11 13 15 16 15 16 17 19 17 16 15 16 19 23 22 20 18 21 20 19 20 22 21 21
 19 21 24 21 23 28 32 42 58 65 69 69 70 67 61 59 62 64 67 67 67 67 68 67
 66 65 64 65 66 66 68 28]","[27 29 19 18 18 18 17 20 20 20 19 18 17 17 18 18 18 20 21 19 17 18 18 17
 17 18 18 17 16 16 17 18 18 19 20 19 18 17 19 22 24 21 22 27 31 32 32 33
 44 50 52 51 52 53 49 45 39 34 29 26 23 19 15 13 13 15 16 16 15 14 14 14
 15 12 10  9 11 13 12 13 12 10  8  8 10 11 11 10  9  9  9  8  8  8  8  7
  8  8  7  6  5  6  7  8  8  8  7  7  7  7  7  6  8  7  6  5  4  4  4  5
  4  4  5  7  7  7  7  8  9  9  8  8  9  9  8  9  9  9 10 11 12 13 13 13
 12 14 15 16 15 16 17 18 17 18 17 17 19 21 21 20 23 23 20 18 21 22 20 18
 20 19 22 23 26 33 41 54 68 69 69 68 68 66 63 62 63 63 63 64 67 69 68 65
 66 66 66 69 70 69 70 29]","[29 31 20 18 19 20 21 22 22 20 18 19 19 18 17 17 18 21 22 18 17 18 18 17
 17 18 17 16 16 16 16 15 17 17 18 18 17 16 17 19 20 19 19 20 21 22 24 27
 27 32 37 40 43 48 48 44 51 48 46 46 47 45 40 35 31 29 23 17 16 17 18 16
 12 12 13 14 14 12 11 11 14 12 10 11 12 11 10  9 10  9  8  8  9  9  8  8
  9  9  8  6  5  5  6  7  8  8  8  7  7  6  6  6  8  7  7  6  5  5  4  4
  5  5  7  8  8  7  7  8  8  7  7  7  8  9  9  9  9 10 10 11 13 14 15 15
 14 15 15 16 16 16 16 17 17 19 19 19 18 19 21 22 24 23 20 19 22 24 23 23
 20 21 24 26 34 53 67 75 73 69 67 66 64 63 62 61 64 64 64 64 67 69 69 66
 65 66 68 72 74 72 71 29]","[29 30 23 23 24 23 24 24 24 23 22 22 22 21 20 19 20 21 22 21 20 20 19 17
 18 17 17 17 18 18 17 16 14 15 16 16 16 15 16 17 16 18 18 17 16 17 19 19
 18 17 22 24 21 21 24 25 27 28 30 36 44 49 48 45 39 40 37 33 32 32 28 23
 20 20 17 16 14 11 12 12 15 14 14 13 12  9 10 12 11 10  9  8  8  9 11 11
  8  9  9  9  8  7  7  7  8  8  8  8  7  7  7  7  7  7  6  6  6  6  6  5
  6  7  7  8  7  7  8  9  7  7  7  7  8  9 10 10 11 11 12 12 13 14 15 15
 15 15 15 16 16 16 16 16 18 19 20 19 19 20 22 24 25 25 22 20 21 21 21 24
 24 26 32 37 47 63 73 71 67 63 64 66 61 59 60 60 63 65 66 66 66 67 69 69
 66 67 69 72 74 72 72 29]","[30 28 27 28 30 27 25 24 23 24 24 23 24 26 27 26 26 24 24 25 25 22 20 19
 19 18 18 18 19 19 18 16 16 16 15 16 15 14 14 15 15 16 17 15 15 16 16 15
 17 14 16 18 14 14 16 17 17 17 17 20 26 33 35 34 33 36 36 32 31 35 39 41
 35 35 31 32 31 27 26 22 19 18 15 11  9  8  9 11 11 10 10 10  9 10 11 13
  8  9  9 10  9  9  9  9  9 10 10 10  9  8  8  9  8  7  7  7  8  8  8  8
  7  7  7  7  7  6  7  8  8  8  9  9  9  9  9  9 11 12 13 13 14 15 15 15
 16 16 15 15 15 15 15 15 18 18 18 18 19 20 22 24 24 25 24 24 24 23 22 25
 28 32 46 61 64 63 62 58 59 57 61 65 60 57 59 61 63 65 66 65 65 67 69 69
 68 68 68 70 71 70 71 30]","[31 26 29 24 25 26 23 25 26 27 26 24 25 29 32 32 31 27 26 27 26 22 20 21
 21 21 20 19 19 19 17 15 17 16 15 16 16 16 16 16 16 17 16 16 16 17 17 16
 15 15 15 14 15 17 17 14 17 17 16 15 15 18 19 18 16 21 26 28 28 29 29 29
 34 39 40 47 48 42 41 36 28 27 23 20 19 18 15 10 12 13 12 12 12 11 10 10
 10  9  9  9  9 10 10 11 10 11 10 10  9  8  8  8  9  8  8  8  8  8  8  8
  9  8  7  8  8  7  8  8  8  8  9  9  9  9  9 10 12 12 13 14 15 15 15 15
 16 16 15 15 15 15 15 15 17 17 16 17 18 19 20 22 24 23 23 25 26 24 22 24
 35 47 61 73 72 65 62 58 55 55 59 62 60 58 60 63 65 65 64 64 67 70 70 68
 68 68 66 67 68 67 69 29]","[28 25 36 25 26 31 27 29 32 31 29 27 27 29 31 30 30 29 29 29 27 23 21 22
 24 24 23 22 21 21 20 19 16 15 14 15 16 17 16 16 15 15 15 16 16 16 15 15
 16 17 16 15 17 18 17 15 15 17 18 17 16 15 15 14 19 18 18 18 19 20 20 20
 22 28 28 33 34 31 37 37 30 32 31 30 31 33 28 20 21 20 18 17 17 16 14 13
 13 12 11 10 11 12 12 11 11 11 10 10 10  9  8  7  9  9  9  8  8  8  9  9
 10  9  8  9 10  9  9  8  6  7  8  8  9  9 10 11 13 13 14 14 15 16 16 16
 16 16 16 16 15 15 15 16 16 16 16 18 19 18 18 19 23 23 23 23 22 21 24 32
 50 64 68 67 65 64 63 58 56 57 58 60 62 61 61 64 66 66 65 64 67 69 69 67
 67 67 67 68 67 66 68 28]","[29 33 54 43 43 50 40 38 34 31 29 29 30 29 27 27 26 30 33 33 30 27 25 24
 25 26 26 25 24 24 24 23 20 19 17 18 19 18 17 16 16 16 17 19 18 17 16 16
 16 16 15 16 18 15 15 21 16 17 17 17 16 15 16 17 14 15 17 17 16 14 15 15
 14 17 15 21 23 20 24 20 18 22 24 23 27 34 36 31 35 31 27 24 24 23 22 20
 15 15 14 15 15 15 13 11 12 11 11 11 11 11 10  9 10 10 10  9  8  9 10 11
  9  8  8 10 11 10  8  7  8  8  8  8  7  8  9 10 14 14 14 14 15 15 16 17
 16 16 16 16 15 15 16 16 15 15 17 19 20 19 18 19 20 23 25 25 24 28 42 58
 63 69 64 64 66 64 64 62 59 60 58 61 66 66 62 63 65 66 67 65 64 65 66 65
 68 69 69 70 70 68 69 29]","[31 26 76 72 74 62 69 63 57 52 46 53 50 35 32 31 29 25 34 32 34 30 27 26
 28 27 29 29 24 24 26 22 24 21 24 23 22 22 18 15 16 18 17 17 17 17 18 16
 17 17 16 18 21 17 16 19 20 19 17 16 16 16 16 16 16 16 16 16 15 14 13 13
 15 16 17 16 15 16 16 16 16 16 15 17 20 23 24 24 24 24 24 24 25 27 26 23
 28 26 22 18 17 17 15 13 13 13 13 13 14 14 12 10  9 10 11 10 10 11 12 12
 10 10 10 10  9  9  9  7  9  8  9  9  9  8  9 10 12 14 16 16 16 16 16 16
 16 16 16 16 16 16 16 15 16 16 17 18 18 16 18 20 22 24 25 26 30 41 59 72
 74 66 64 62 59 63 66 62 61 59 58 59 62 64 65 66 66 69 68 66 67 65 64 68
 70 67 67 68 72 70 66 30]","[27 29 96 95 95 86 90 91 90 90 85 87 82 70 66 61 48 41 46 43 46 45 38 35
 35 32 34 34 26 26 30 32 26 24 26 26 25 24 21 19 17 18 20 23 22 19 19 20
 17 20 20 20 20 19 17 20 19 19 17 15 15 18 17 14 17 16 16 16 16 15 15 15
 15 15 15 15 16 16 16 15 16 14 12 13 15 17 18 17 17 18 18 18 20 22 23 21
 26 28 27 25 21 20 21 21 24 22 18 16 15 15 15 14 11 12 12 12 11 12 12 13
 11  9 10 10  9 10 11 10 10 10 10 10 10  9 11 12 13 14 16 16 15 16 16 16
 15 16 17 16 15 15 16 16 17 18 19 19 19 19 19 19 23 25 30 36 45 57 67 73
 71 64 63 62 59 61 63 59 61 60 60 62 65 66 65 65 68 69 68 68 70 69 67 69
 69 68 68 69 71 69 66 30]","[ 29  28 101  99 101  96  93  97  98  94  84  84  87  87  88  82  83  75
  74  70  74  76  68  60  44  44  43  42  29  30  32  35  34  30  32  31
  28  26  23  23  23  25  26  24  21  20  21  23  20  22  21  19  19  20
  20  20  23  20  18  16  16  16  16  15  16  15  15  16  16  16  16  16
  15  15  14  15  16  16  16  15  17  14  11  10  13  15  15  14  16  15
  15  14  15  16  17  16  17  21  24  24  22  22  23  25  25  24  22  22
  22  22  20  18  15  15  16  17  15  13  13  15  13  10   9  11  10  10
  12  12  12  11  11  11  10  10  12  14  13  15  15  15  15  15  16  16
  16  18  19  18  17  17  18  18  19  21  21  18  17  19  22  23  25  32
  41  51  61  69  71  69  65  60  60  63  61  61  62  61  62  62  63  64
  65  65  66  65  68  68  67  69  72  71  69  69  68  68  69  70  71  67
  65  28]","[ 31  27  97  96 101 101  95  96  99  99  99 108 113 108 101  92  98  91
  90  85  88  91  84  75  78  79  72  65  49  49  46  45  42  35  37  40
  36  28  22  23  26  27  28  26  24  24  24  26  23  23  22  22  23  24
  24  24  24  19  16  17  17  15  16  20  16  16  16  16  16  15  16  17
  16  15  14  15  15  16  15  15  17  14  12  12  14  16  16  15  17  16
  15  14  13  13  12  12  12  13  14  16  18  20  20  19  18  19  20  22
  25  25  23  20  20  19  20  21  19  16  16  18  16  12  12  13  12  11
  12  11  10  10  10  11  10  10  12  14  14  15  15  15  15  16  16  17
  17  19  20  20  19  20  20  20  21  22  21  19  19  21  24  25  29  41
  55  63  67  69  68  64  61  58  60  63  61  60  62  64  65  64  63  62
  62  64  65  66  65  65  65  67  69  70  69  68  66  67  68  70  69  65
  66  28]","[ 29  29  94  96  97  95  94  94  93  95  98 102 104 104 105 105 104 102
 102 100  98 100  96  90  93  92  85  84  74  77  74  75  74  64  65  69
  62  49  38  38  33  26  25  22  22  23  24  30  25  22  22  24  24  23
  23  24  25  23  22  21  19  18  19  21  20  20  20  20  18  17  17  18
  17  16  15  15  15  14  15  16  15  15  14  14  14  15  15  15  14  14
  14  13  12  12  11  11  12  12  12  14  16  17  16  14  16  16  15  16
  18  20  20  19  19  18  20  21  20  17  17  19  19  15  15  16  14  13
  12  11  10  10  11  11  12  11  12  12  15  16  16  15  15  16  17  17
  17  18  19  20  21  21  20  18  21  19  19  21  23  25  26  27  40  51
  62  65  65  65  64  62  61  60  62  63  59  57  59  64  65  65  64  62
  61  62  64  65  64  63  63  65  66  67  68  68  66  67  68  70  69  66
  69  29]","[ 30  30  88  88  86  82  87  88  94  98  98  93  92  96  98  97 101 102
 104 105  99  98  97  97 103  99  96 103 100  97  92  96  91  81  80  82
  79  73  69  73  81  76  69  54  48  51  46  43  38  27  20  23  27  30
  30  28  20  23  24  21  20  23  24  23  24  23  23  22  21  20  20  20
  18  16  16  17  16  15  15  16  16  16  15  15  15  14  13  13  13  13
  14  14  13  11  11  11  11  12  14  14  14  15  16  16  16  15  14  13
  14  16  17  17  15  15  16  18  18  16  16  17  18  16  17  17  15  15
  14  12  11  11  12  13  13  11  11  12  16  16  16  15  15  16  16  16
  18  18  19  20  21  22  20  18  19  19  20  21  21  24  33  41  55  59
  61  60  58  59  60  59  61  61  62  62  59  57  59  63  65  66  66  64
  62  63  64  64  65  63  64  65  65  66  69  69  68  68  68  72  71  68
  72  30]","[ 31  31  85  85  83  82  87  89  88  90  90  86  88  94  96  94  94  96
  97 100  91  88  89  93  93  92  94 101 103 101  99 102 106  99  95  89
  84  85  86  88  85  87  90  80  79  84  75  67  73  58  45  40  38  36
  31  24  23  23  23  22  23  26  28  29  27  25  23  23  24  24  23  22
  19  18  18  20  20  18  17  17  17  17  16  16  16  16  14  13  15  15
  16  16  14  11  10  11  10  12  14  14  13  14  15  16  14  15  14  14
  14  15  15  14  12  12  13  13  14  14  13  13  15  15  16  15  14  15
  15  12  11  12  14  15  14  13  13  14  16  16  16  16  16  16  16  15
  20  20  20  20  21  22  21  19  20  22  24  24  26  34  48  59  63  62
  59  56  55  56  57  58  60  62  63  63  62  61  62  64  65  67  67  66
  65  66  67  66  67  64  64  66  65  67  70  69  69  69  68  73  73  71
  75  29]","[ 28  29  88  87  82  81  81  83  84  85  89  89  89  89  88  89  90  90
  90  94  84  79  81  88  89  91  90  87  89  92  95  96 101 101 102  96
  93  98 100  99  97  88  89  89  90  90  85  89  92  90  89  86  80  77
  74  67  51  42  35  34  32  27  28  33  30  26  22  23  26  27  26  24
  20  18  19  23  24  22  19  18  18  17  17  17  18  18  16  15  16  15
  16  16  14  12  10  12  14  14  14  14  13  13  12  11  15  15  14  13
  12  12  13  13  12  13  12  12  12  12  11   9  12  13  15  13  12  14
  15  11  11  12  14  15  15  15  15  16  16  16  16  16  16  16  16  15
  20  21  21  20  20  21  21  21  23  24  26  30  40  53  62  66  60  59
  58  57  56  57  59  61  62  64  64  65  66  66  64  64  66  68  68  67
  66  68  69  69  69  64  64  66  65  67  70  68  70  68  67  73  74  72
  75  28]","[30 30 84 82 82 80 80 79 78 80 87 90 86 84 83 80 81 80 79 80 81 81 82 82
 87 85 83 83 84 83 83 86 89 90 92 93 92 89 88 88 93 95 96 93 90 90 93 96
 91 93 95 91 85 87 89 84 83 86 81 77 76 69 63 64 66 44 33 23 35 36 30 23
 22 23 21 21 24 23 20 20 18 19 18 23 19 22 22 17 17 16 16 15 14 14 14 14
 15 13 12 12 11 11 12 11 12 15 14 13 15 12 11 15 11 11 11 11 11 12 11 11
 11 11 12 12 13 13 11  9 11 11 12 12 13 13 13 14 13 14 15 16 17 17 16 16
 17 19 20 20 21 20 21 24 24 26 30 41 58 68 67 63 57 56 55 56 59 61 59 56
 57 61 65 66 66 65 65 65 68 70 69 67 66 65 68 73 70 67 65 66 68 69 70 72
 73 72 73 74 73 75 76 29]","[29 29 83 81 82 80 81 79 75 77 83 86 83 82 83 81 81 81 77 74 74 77 81 82
 81 80 79 80 81 79 77 79 83 81 82 85 85 84 84 86 87 90 92 90 88 88 91 94
 95 95 95 92 88 91 94 91 88 92 90 86 86 84 83 88 86 79 78 68 68 57 51 45
 38 33 26 23 23 22 21 21 19 18 20 26 24 22 21 18 15 18 19 16 15 14 13 14
 13 12 12 12 11 10 10 10 12 17 14  9 11 15 14 12 11 10 10 10 11 12 11 10
 11 11 10 11 12 14 13 12 11 11 11 11 11 11 12 12 13 14 14 15 15 15 15 15
 14 17 18 19 22 23 22 23 24 39 50 62 70 68 66 59 54 55 56 56 58 59 58 56
 56 60 63 64 64 64 65 66 66 68 67 66 65 64 66 71 75 74 73 73 73 73 73 73
 75 74 74 75 74 75 77 30]","[28 29 83 81 82 81 82 81 80 81 84 85 81 80 82 82 80 82 80 76 75 79 82 82
 79 80 80 81 82 80 78 80 84 81 79 81 81 80 82 85 83 85 87 87 85 84 86 88
 89 88 89 88 86 88 90 90 95 99 95 89 89 89 90 95 96 94 93 87 87 78 80 77
 71 69 70 70 66 56 42 30 21 20 23 28 27 20 20 17 20 22 19 15 17 18 16 15
 15 15 16 17 17 15 14 14 15 15 13 12 15 16 14 14 12 11 10 11 12 13 11 10
 12 11 10 10 12 15 15 15 11 11 10  9  9  9 10 10 14 15 15 15 15 15 15 16
 16 18 19 22 22 20 21 25 40 57 62 67 66 61 64 61 54 55 56 56 56 57 56 56
 59 62 65 64 62 61 63 65 67 69 68 66 66 66 67 71 72 73 74 74 74 74 74 74
 75 74 73 74 74 75 76 29]","[ 29  29  82  81  81  81  83  83  85  86  86  85  81  80  81  82  81  83
  83  82  81  82  82  81  79  80  80  81  82  80  79  81  85  83  80  79
  79  79  80  82  83  82  82  83  83  82  82  83  83  83  85  86  86  85
  85  86  91  91  86  81  83  86  88  89  95  93  89  90  96  95 102 100
  94  86  81  78  74  74  73  68  67  66  70  69  64  46  39  32  29  26
  24  20  15  16  20  20  16  16  15  16  17  17  15  15  16  14  14  16
  18  17  15  15  15  14  14  14  15  14  13  12  14  13  11  11  13  15
  15  14  12  11  10   9   9  10  10  10  13  15  16  16  16  15  15  16
  19  19  21  24  23  20  26  38  53  64  65  64  61  58  59  56  56  57
  58  58  57  57  57  57  62  65  67  65  62  62  64  66  71  71  69  67
  68  69  70  73  69  71  73  73  74  76  77  75  74  72  72  73  73  75
  76  29]","[29 29 82 80 80 81 83 83 81 84 85 86 85 84 83 83 83 81 81 83 83 82 80 80
 79 81 81 81 81 80 78 80 82 83 81 79 78 79 81 80 78 77 76 77 79 80 81 81
 80 80 82 84 84 81 80 83 84 83 80 77 79 82 83 83 87 89 89 94 98 95 98 94
 89 85 84 85 84 87 89 87 88 87 84 78 77 70 73 73 68 54 51 50 39 36 34 23
 24 23 18 14 16 17 16 16 16 19 20 17 17 20 19 14 16 16 16 16 16 16 16 15
 15 14 13 13 14 15 14 12 11 12 11 11 11 11 11 10 10 12 15 16 16 15 15 15
 17 18 20 23 27 32 43 56 59 62 65 59 58 60 55 56 57 58 59 61 62 61 60 59
 61 64 66 65 64 65 68 70 73 72 68 66 68 70 72 73 71 71 71 71 72 75 76 74
 75 73 73 74 75 76 77 29]","[29 29 82 79 80 80 82 82 78 82 85 88 91 88 84 82 82 80 81 85 86 82 77 76
 76 78 80 81 83 82 81 81 79 80 79 76 76 77 78 77 73 72 71 72 75 78 80 81
 78 77 76 78 80 78 77 80 81 81 80 79 77 77 78 80 79 80 81 85 88 86 85 82
 86 86 87 88 86 85 83 81 81 84 83 81 82 79 80 79 87 75 79 84 76 73 67 50
 44 44 34 23 22 22 20 20 25 23 22 20 19 21 21 17 16 15 15 16 17 17 18 18
 15 15 14 14 15 16 14 12 11 11 12 12 13 13 12 10  9 11 14 16 16 16 15 15
 14 18 20 23 35 49 58 61 59 57 60 53 53 59 56 61 57 58 61 64 66 64 62 60
 61 63 64 64 64 66 68 69 72 72 68 65 68 71 72 73 72 71 70 70 72 75 76 76
 76 74 74 75 76 78 77 28]","[30 29 83 81 81 80 81 80 80 83 84 87 91 89 83 81 81 81 83 87 87 83 79 77
 74 77 78 79 82 82 81 81 79 76 73 74 75 74 74 75 75 77 76 73 73 76 79 80
 78 76 73 75 81 81 78 80 76 75 76 78 77 77 78 80 80 76 75 76 79 82 80 79
 80 82 81 80 79 77 76 77 81 85 79 79 81 83 84 85 85 89 96 94 82 77 75 67
 69 74 67 54 52 51 48 46 34 25 21 22 22 22 19 15 18 16 15 16 18 20 20 19
 18 18 17 16 16 16 15 14 13 13 13 14 15 14 13 12 11 12 14 15 16 16 16 16
 15 21 25 33 48 60 62 59 53 53 56 54 57 60 58 62 60 60 62 64 65 63 61 61
 64 64 65 65 65 65 66 65 68 70 69 67 69 71 73 74 73 72 71 72 74 76 78 79
 76 74 74 76 77 79 77 28]","[30 30 84 83 83 81 81 80 80 81 79 81 87 87 82 81 82 83 83 82 83 83 83 82
 81 82 81 80 81 81 80 80 84 76 73 77 80 79 79 82 84 87 85 78 75 76 79 79
 75 74 70 73 82 83 79 78 76 71 72 76 77 76 76 76 77 74 76 75 74 76 69 70
 73 76 75 74 76 74 73 76 78 81 74 77 78 81 80 82 83 89 89 84 84 88 86 81
 71 83 82 73 72 72 68 65 61 53 48 46 47 51 45 33 22 19 16 16 20 22 21 19
 22 21 20 18 17 17 16 15 15 15 15 15 16 16 14 13 13 13 13 14 15 17 17 18
 18 23 32 47 60 64 61 59 55 54 52 54 59 61 62 65 64 63 63 63 62 60 60 61
 65 66 66 66 66 67 66 65 64 69 70 68 70 71 73 74 72 70 70 71 71 71 73 76
 76 74 74 77 78 80 79 29]","[28 30 84 81 81 82 84 82 81 79 79 81 83 82 81 81 81 83 83 83 82 82 83 83
 84 86 86 83 81 82 83 81 82 82 80 78 79 80 79 76 79 82 80 73 72 77 79 78
 73 73 73 76 81 84 82 79 74 73 75 76 74 74 75 75 76 74 73 73 73 72 70 69
 71 73 74 72 73 75 74 73 72 72 71 71 74 78 80 81 81 81 81 81 81 83 81 76
 80 82 83 80 77 76 76 77 83 82 73 74 74 69 65 55 47 49 45 39 41 37 29 33
 32 31 23 16 16 18 17 15 18 18 17 16 17 17 15 15 14 14 15 15 17 17 17 26
 25 34 47 57 60 58 55 53 53 53 55 58 58 58 59 62 61 62 62 60 58 56 58 60
 62 65 66 65 65 67 68 67 68 68 68 67 66 68 70 72 73 72 71 70 70 71 73 75
 75 75 74 77 77 78 79 28]","[30 29 83 81 83 83 83 81 83 81 81 81 81 80 81 82 81 83 85 86 86 85 84 83
 84 86 87 85 83 83 83 82 84 85 83 80 79 80 81 80 80 81 79 75 74 77 79 79
 78 77 76 77 79 81 81 79 74 75 78 78 73 71 74 76 75 75 75 73 70 67 68 70
 73 73 72 71 73 74 74 72 72 72 71 69 70 75 77 75 75 76 78 79 79 77 73 70
 71 74 76 76 75 74 75 74 74 78 73 73 73 71 74 69 69 74 75 71 68 56 45 50
 50 40 32 31 29 22 19 24 22 20 16 15 17 18 18 19 20 16 15 16 19 19 24 38
 46 51 56 58 58 56 52 48 51 53 56 57 57 57 57 56 58 60 62 63 61 59 59 61
 64 65 64 63 63 67 69 69 70 69 67 66 66 68 70 72 72 72 71 71 71 72 74 75
 76 76 75 79 80 80 80 29]","[29 28 82 83 86 85 85 84 85 85 84 82 81 82 83 83 81 83 86 88 88 86 83 81
 87 87 86 84 81 81 82 84 88 89 87 84 81 81 82 82 81 81 81 80 79 80 81 82
 79 79 77 76 77 79 81 82 79 76 77 78 76 73 74 75 71 72 72 70 67 66 69 72
 75 72 70 69 71 72 71 70 67 69 68 65 68 74 76 74 73 75 73 72 73 71 68 69
 67 70 71 70 69 69 69 68 68 74 71 70 68 67 72 69 72 72 70 68 70 65 61 69
 60 57 54 53 53 49 44 44 41 37 29 25 25 24 22 23 25 21 19 18 20 25 34 49
 51 51 51 51 52 54 52 49 51 55 57 57 57 58 56 53 56 58 62 64 64 63 63 65
 65 65 63 61 63 67 71 72 73 71 69 68 67 67 69 70 72 73 73 73 73 74 75 75
 76 77 76 80 82 82 81 29]","[30 28 82 83 85 83 84 85 87 87 87 85 85 86 86 84 84 84 86 87 87 85 83 82
 88 86 85 83 80 79 80 83 87 88 88 85 83 81 81 80 78 80 81 82 82 82 82 81
 79 79 79 77 76 78 81 83 83 77 76 78 77 75 75 75 72 70 68 68 69 70 72 74
 76 72 69 69 70 69 68 67 65 66 66 65 68 74 76 75 73 74 68 64 69 69 66 67
 67 69 69 66 64 64 64 63 63 68 67 66 66 65 65 60 67 66 65 65 71 71 68 74
 68 72 71 67 67 68 63 57 52 49 43 40 40 38 35 36 31 30 28 23 26 36 45 52
 53 50 48 49 51 52 51 50 52 55 58 58 59 60 58 55 58 59 61 63 64 65 66 68
 68 67 66 64 64 67 69 71 71 71 71 71 69 68 68 68 74 75 76 75 75 74 74 75
 77 78 79 81 82 82 81 29]","[30 29 83 82 81 77 81 84 90 89 87 85 85 87 87 85 86 86 87 89 89 87 85 85
 85 85 85 84 82 79 80 81 83 84 84 83 81 80 79 78 74 78 80 80 80 82 80 77
 79 80 80 79 78 79 81 82 81 77 77 79 76 74 76 79 78 75 71 70 72 73 73 73
 75 72 70 71 71 69 68 67 69 68 68 68 70 72 73 73 70 71 65 61 67 69 63 60
 64 66 67 65 63 63 63 63 63 67 66 65 64 63 61 55 57 60 62 61 64 65 62 65
 65 64 61 60 61 60 58 58 68 66 61 59 56 52 49 50 42 40 39 36 39 47 50 51
 54 50 48 50 50 49 49 51 54 55 57 59 61 61 60 58 60 61 62 63 64 64 65 67
 70 71 71 68 66 65 65 66 67 69 71 72 70 70 71 72 75 76 76 76 74 73 74 74
 78 81 82 83 81 80 81 29]","[29 29 84 83 82 80 84 89 92 89 85 83 84 86 87 86 86 86 89 92 92 89 87 87
 86 85 84 82 80 81 83 84 86 85 84 83 82 81 79 77 77 80 81 81 82 84 81 77
 76 77 78 79 80 81 81 81 80 76 76 79 79 78 80 81 79 77 75 74 72 72 72 73
 73 73 73 73 74 73 72 71 72 70 69 71 72 71 70 71 72 71 64 61 67 69 64 60
 61 64 67 66 64 63 62 61 62 64 65 63 60 58 58 57 57 57 56 54 58 63 62 62
 61 59 58 60 62 60 59 60 60 58 56 56 56 54 54 58 52 45 46 49 51 52 50 50
 47 44 44 46 46 46 49 53 56 57 58 61 63 63 63 62 62 63 64 65 65 65 65 65
 68 70 72 71 68 66 65 66 70 71 73 72 71 71 73 75 74 75 75 75 73 73 74 75
 78 82 82 82 79 79 80 29]","[29 29 84 85 87 86 90 92 91 88 85 84 85 86 87 87 87 88 91 94 93 90 88 88
 87 87 84 81 81 84 86 87 87 87 88 88 87 84 81 79 81 81 80 81 84 85 83 80
 76 76 77 79 82 84 83 81 80 76 75 78 81 82 82 79 76 76 75 75 73 72 72 73
 72 73 74 74 76 76 75 72 70 70 70 71 72 71 70 69 74 69 66 66 69 70 67 65
 63 65 66 65 65 64 62 60 58 59 61 60 59 59 61 64 61 57 55 54 58 61 58 56
 54 58 58 57 58 57 53 49 56 54 51 51 52 49 49 53 55 46 48 53 55 55 51 49
 47 47 47 46 46 47 50 51 54 57 60 61 63 65 65 62 62 62 63 65 66 66 66 66
 67 68 71 71 70 69 69 70 74 74 74 74 72 72 73 73 72 74 75 75 74 73 74 75
 77 80 81 81 79 79 80 29]","[29 29 83 85 89 89 90 89 89 87 86 88 89 88 87 88 90 91 93 95 93 89 88 89
 85 87 89 88 88 89 87 84 80 83 87 91 91 88 84 82 80 77 76 78 82 83 82 81
 81 80 79 80 84 85 83 80 77 76 77 79 79 80 79 77 77 75 74 74 75 74 72 71
 71 73 73 73 75 77 75 72 69 70 70 70 70 71 70 67 69 65 67 74 74 70 67 66
 66 65 64 63 64 65 64 61 64 61 62 62 62 61 61 64 64 60 58 55 54 56 56 59
 55 58 57 56 57 56 52 50 47 45 44 46 49 48 48 51 53 47 50 52 54 57 55 50
 46 50 51 48 48 51 51 49 50 56 59 60 62 66 65 61 60 59 60 62 64 66 67 68
 69 70 71 72 71 71 71 72 73 73 73 74 74 73 72 71 72 74 76 76 75 74 75 76
 76 80 80 81 80 81 81 29]","[29 27 85 85 86 88 89 89 86 87 89 92 90 87 87 89 93 93 94 95 93 90 89 90
 88 90 93 95 94 90 86 84 81 83 88 95 97 95 90 87 85 81 80 82 83 81 80 82
 83 83 82 82 81 81 82 82 79 77 79 80 78 79 80 78 76 76 76 77 75 73 72 71
 72 73 72 71 72 73 72 71 70 70 68 66 67 70 70 67 69 65 67 72 71 70 70 69
 66 66 64 61 61 62 62 60 63 64 66 66 63 60 62 65 62 60 57 55 54 52 53 57
 57 59 60 59 57 55 51 48 48 46 45 47 48 47 49 53 49 48 49 53 58 59 55 50
 47 50 52 52 52 52 53 54 53 55 60 63 59 59 63 64 60 60 62 65 65 64 67 71
 70 71 71 71 71 72 73 72 71 70 71 73 74 74 76 78 77 75 74 75 78 79 78 76
 78 81 82 82 79 81 82 28]","[30 28 87 87 88 89 91 93 92 90 91 94 93 89 88 92 94 95 96 96 95 93 92 92
 91 90 90 92 94 94 91 89 85 87 91 95 97 95 93 92 89 86 84 85 86 85 84 84
 87 87 85 81 80 81 82 81 81 80 83 84 81 80 82 81 77 76 75 75 74 73 71 71
 73 74 74 73 72 72 72 72 70 70 69 68 67 68 68 67 72 67 67 70 68 68 70 69
 64 65 66 66 65 64 61 59 62 64 66 65 63 60 60 60 61 61 58 57 55 53 53 58
 58 59 60 59 57 56 54 52 49 47 47 49 49 49 49 51 50 51 53 56 59 59 56 53
 48 49 50 51 51 53 57 60 58 59 63 65 61 60 63 63 64 64 66 68 67 65 66 70
 73 71 70 70 71 71 72 73 72 72 72 74 75 76 77 79 77 76 75 76 79 81 81 80
 80 80 80 82 80 80 81 29]","[29 29 89 90 90 91 92 94 93 89 89 93 93 89 89 93 96 97 98 97 97 96 95 94
 93 91 90 92 95 96 94 92 90 91 93 95 94 91 90 91 92 90 88 87 87 87 86 86
 89 91 89 85 85 88 89 87 84 83 86 88 84 81 81 82 80 78 76 76 77 78 77 75
 75 76 77 75 73 72 72 72 71 72 72 71 68 66 66 67 71 68 66 66 65 66 68 67
 66 67 69 70 69 64 61 59 62 65 67 66 65 64 62 60 60 61 60 58 56 52 52 55
 58 59 59 57 56 56 55 54 49 49 50 51 51 50 49 49 49 52 55 57 57 57 55 54
 56 55 54 53 51 51 54 58 60 60 63 65 63 63 65 65 65 66 68 69 67 65 65 67
 73 70 69 70 70 69 70 73 72 73 73 73 75 76 77 77 76 75 76 77 80 82 83 83
 82 80 79 82 81 81 81 29]","[29 29 90 92 92 92 92 92 90 87 86 89 91 90 91 93 94 96 96 95 95 96 94 92
 92 93 94 96 96 95 93 93 91 93 95 97 94 89 88 88 94 92 89 87 87 89 89 87
 90 92 94 93 94 95 94 92 86 85 86 88 86 81 80 80 80 77 75 75 78 81 80 78
 78 79 79 78 76 74 73 73 74 73 73 72 69 66 65 66 68 68 67 66 66 68 68 66
 70 70 71 73 70 66 63 63 62 64 64 62 62 63 63 61 61 63 62 61 58 54 52 53
 56 57 56 54 53 53 52 51 50 52 52 52 52 52 51 49 49 52 55 56 57 57 56 55
 56 55 56 57 55 53 55 60 61 61 63 65 66 66 66 66 64 65 66 67 67 65 65 65
 69 69 69 69 68 67 69 71 73 73 73 73 74 76 76 74 73 74 76 78 80 81 82 82
 83 81 80 82 82 83 83 29]","[29 30 91 94 94 92 90 88 89 88 87 88 90 92 93 92 91 93 94 94 94 95 94 91
 93 94 95 97 97 95 93 93 92 93 96 98 96 92 90 91 92 91 88 86 88 92 93 92
 92 93 95 97 96 93 90 89 88 86 85 87 89 85 82 81 84 81 79 79 82 84 83 80
 80 80 81 81 80 78 77 76 76 74 72 71 70 68 67 67 69 70 69 68 69 71 70 69
 71 70 71 72 71 68 67 68 66 67 64 60 58 61 63 63 64 65 64 63 63 59 55 54
 53 55 55 53 51 51 50 49 51 52 53 52 53 54 54 52 51 52 53 55 58 59 58 57
 53 54 56 58 56 54 57 63 65 65 65 67 67 66 64 64 65 65 65 66 67 67 66 64
 66 69 71 68 66 68 70 72 73 74 74 73 75 77 76 74 73 75 78 80 81 81 80 80
 82 82 81 81 82 86 86 29]","[29 29 90 93 93 91 87 85 87 89 89 88 89 91 91 88 90 92 94 95 96 96 95 94
 95 94 93 95 97 98 97 95 95 94 95 96 95 93 92 93 90 89 87 87 91 95 97 97
 95 94 94 95 94 90 88 88 89 88 87 88 91 90 87 86 90 89 87 86 86 87 86 83
 80 80 81 82 82 81 79 79 78 75 73 72 73 73 72 71 72 73 70 68 70 72 71 71
 70 70 71 71 70 68 66 66 67 67 64 60 60 62 65 66 64 64 63 62 63 61 57 55
 54 56 57 55 54 53 52 51 51 51 51 50 52 54 54 53 51 51 51 53 56 59 58 57
 56 56 56 56 54 54 57 61 65 66 65 66 67 66 63 64 67 68 67 67 68 69 67 63
 65 70 71 67 65 69 73 74 73 73 73 74 76 78 77 75 75 77 80 82 83 82 81 81
 81 83 81 81 82 88 88 30]","[29 29 89 91 91 89 87 86 86 88 89 89 89 90 89 87 91 92 95 97 97 96 95 94
 96 94 93 95 97 98 99 99 98 95 93 94 94 93 93 93 92 90 88 90 93 97 98 97
 95 94 93 93 92 90 89 90 89 92 90 88 91 91 88 88 87 88 87 85 84 85 84 82
 81 81 82 84 84 82 80 80 80 78 76 75 77 79 77 74 73 74 72 70 73 73 71 72
 72 73 72 71 71 70 68 67 65 64 63 64 65 66 66 65 64 64 62 61 63 61 58 56
 56 58 59 57 56 55 55 55 53 52 50 50 50 52 52 52 51 51 51 52 53 56 57 57
 57 56 54 54 55 58 60 62 63 65 64 64 66 65 65 67 68 70 71 70 70 71 68 65
 67 70 71 70 71 74 76 77 74 73 73 76 79 79 78 77 78 79 81 83 84 84 84 84
 84 84 83 83 84 88 87 30]","[ 29  29  89  90  89  88  88  89  85  87  89  91  91  90  89  89  90  91
  94  97  96  93  92  92  95  95  97  97  96  97  99 101  98  94  93  94
  96  96  96  95  95  93  92  93  96  97  96  95  94  94  93  91  89  90
  89  88  89  94  93  88  88  87  86  87  82  84  84  83  82  84  84  83
  83  84  86  87  85  82  81  82  81  81  78  77  78  81  79  76  75  76
  75  75  78  76  73  74  74  75  74  73  73  75  75  74  70  68  69  72
  74  72  68  66  66  66  64  62  64  63  59  58  57  58  58  56  54  55
  55  55  58  55  52  51  51  51  51  51  52  54  54  53  53  54  57  58
  60  57  54  54  57  61  62  61  64  66  65  64  66  65  65  69  68  72
  74  73  73  73  72  69  70  71  73  76  79  80  80  79  77  75  75  79
  81  81  79  79  80  80  81  82  84  85  87  88  88  86  85  86  86  87
  86  30]","[30 28 90 91 91 92 88 86 86 89 94 96 94 92 92 90 89 94 96 96 97 94 91 94
 94 94 95 95 95 96 97 98 97 95 94 96 98 99 99 99 98 97 94 92 94 97 98 97
 97 93 90 89 90 90 90 91 92 92 91 90 90 90 88 86 86 86 86 87 88 88 87 86
 86 87 87 86 86 83 81 83 82 81 81 81 80 78 77 78 78 79 77 77 80 78 73 74
 76 76 76 77 77 75 75 77 75 72 70 72 74 74 70 65 65 70 72 70 69 68 65 61
 59 60 60 60 59 58 57 57 56 56 56 54 51 50 50 50 54 53 51 53 57 58 57 57
 58 59 57 55 57 62 63 60 63 62 64 65 64 65 69 71 71 71 73 77 76 72 71 74
 74 74 75 76 79 80 81 79 79 77 77 79 80 80 80 81 81 79 79 81 84 86 87 86
 90 90 88 87 85 85 88 29]","[29 28 90 91 90 90 88 87 90 91 94 94 92 91 91 89 90 94 94 94 96 94 92 93
 93 94 94 95 95 96 98 99 96 95 95 95 97 98 99 99 98 98 97 96 97 99 98 95
 94 90 87 88 92 93 94 94 93 92 91 90 91 91 90 88 86 87 87 88 89 89 88 87
 87 88 87 86 86 84 82 81 82 81 81 82 81 78 76 76 82 82 80 80 81 79 75 76
 76 76 76 77 76 74 74 74 74 73 73 74 75 74 71 68 71 73 73 71 70 69 67 65
 65 64 64 62 61 59 57 55 57 56 55 54 53 52 52 51 53 53 52 54 58 58 57 58
 58 59 59 58 60 64 65 63 61 62 64 65 65 69 72 72 71 71 72 74 72 68 68 69
 73 74 75 76 76 78 79 80 79 77 77 79 80 80 80 81 80 80 80 82 85 86 87 87
 88 89 88 87 86 85 88 29]","[30 28 92 93 91 90 89 91 90 90 90 91 90 91 92 90 91 93 93 93 95 95 93 94
 94 94 95 95 96 96 97 98 95 95 95 95 95 96 97 98 98 97 95 94 96 98 98 96
 95 91 89 91 94 95 95 94 95 93 91 91 92 93 92 91 91 91 92 92 91 90 88 86
 89 91 89 84 83 83 84 85 84 83 82 82 81 79 77 76 82 83 83 82 82 78 74 75
 77 77 77 77 76 74 73 73 73 74 74 75 75 74 72 71 72 72 71 70 68 68 67 67
 69 68 67 66 63 61 58 57 60 58 56 55 55 54 53 52 52 54 55 56 58 57 57 59
 59 61 62 61 63 66 66 64 63 64 65 64 65 70 73 71 70 71 72 71 69 67 67 68
 73 75 76 75 74 75 78 80 79 78 78 80 81 80 80 81 81 82 83 85 86 87 86 86
 86 88 88 88 87 86 88 29]","[ 30  29  94  95  92  91  91  94  92  92  93  93  92  93  95  94  90  92
  93  93  95  96  96  95  95  95  96  96  96  96  97  97  98  98  98  98
  98  99  99  99  98  96  93  92  96 100 100  98  98  95  93  94  96  95
  94  93  97  95  94  93  93  93  93  94  94  95  95  94  93  90  88  87
  90  96  95  89  85  84  88  92  89  86  83  82  82  81  80  80  80  82
  85  85  82  77  75  76  79  79  79  79  78  76  74  74  74  75  75  75
  75  74  73  73  73  72  71  71  71  70  70  71  70  70  70  68  66  63
  62  62  63  61  58  56  55  53  52  51  52  55  56  57  59  58  58  60
  63  64  65  65  65  66  64  63  64  65  66  65  65  69  72  72  70  71
  72  71  70  70  71  72  75  77  79  77  75  75  78  80  79  80  81  83
  82  81  81  82  84  84  86  87  88  88  86  85  85  86  88  88  88  87
  89  28]","[ 28  29  94  96  92  91  91  94  93  93  95  94  92  92  92  91  87  90
  94  95  95  96  97  96  96  96  96  97  97  97  97  97  98  98  98  98
  99 100 100  98  98  97  95  96 100 103 102  98  97  96  96  97  97  95
  94  95  98  97  97  96  94  93  93  95  94  94  94  94  93  92  91  90
  88  94  96  90  86  84  86  89  90  87  84  84  84  84  84  85  84  84
  87  87  83  78  79  82  80  80  81  80  80  79  77  76  77  76  75  74
  75  75  74  74  73  71  71  72  73  71  71  73  72  73  73  71  67  65
  64  65  67  65  62  58  55  53  53  53  54  55  56  59  61  61  60  61
  65  65  66  67  66  65  64  64  63  63  66  69  68  68  71  73  70  72
  72  71  72  74  76  76  77  79  80  80  79  79  80  81  80  82  84  85
  83  81  82  83  86  86  86  88  89  89  87  85  84  85  87  88  89  88
  89  28]","[ 28  29  95  95  93  93  93  93  91  92  94  94  92  91  90  89  86  90
  95  96  94  95  98  96  96  96  96  97  98  98  98  98  96  96  96  96
  97  99  98  96 100 100  97  96  99 102 101  99  99  99  99  99  98  96
  96  98  99  98  98  97  95  93  94  96  95  94  93  93  92  92  92  92
  95  96  93  89  88  88  89  90  88  86  85  86  86  86  86  87  87  84
  85  85  82  79  82  84  81  81  81  81  80  80  79  78  77  75  74  74
  75  75  75  74  72  71  71  73  73  72  71  71  75  76  75  72  67  65
  65  66  68  67  64  60  56  55  55  57  56  57  57  60  64  65  63  64
  63  63  64  65  65  64  65  66  64  65  70  75  72  70  71  74  72  73
  72  72  73  75  77  77  78  79  80  80  80  81  82  82  80  83  85  85
  83  81  82  83  85  85  85  86  87  88  87  87  86  86  87  89  90  90
  91  29]","[ 29  30  94  94  93  95  94  92  93  93  96  97  96  95  95  92  90  93
  97  96  93  95  98  96  96  96  97  97  99  99  99  98 100 101 100  98
  97  99  99  97 102 102  99  96  96  99 102 103 103 102 101 100  98  97
  98 100 100  98  96  97  96  95  95  97  95  94  93  93  93  93  93  93
  94  92  87  84  86  87  87  88  90  88  87  87  87  85  85  86  85  79
  79  82  81  81  82  82  81  82  82  81  81  81  80  79  77  76  75  75
  76  77  76  75  75  74  74  74  74  74  73  73  74  74  73  70  67  65
  66  67  67  67  65  62  59  57  57  59  58  58  58  61  65  66  64  65
  63  62  63  64  64  64  66  68  68  68  72  74  72  71  73  74  77  75
  74  73  74  75  76  76  78  79  79  79  80  81  82  83  82  83  83  82
  81  81  82  82  83  84  84  84  84  85  87  88  88  87  87  89  91  92
  92  30]","[ 29  30  93  92  91  95  94  91  94  94  95  96  96  96  95  92  94  96
  98  96  92  95  98  95  97  97  97  98  99  99  98  98 101 102 101  97
  95  95  96  96 100 102 103 101  99 101 104 106 105 102  99  98  97  97
  99 101 100  97  95  96  97  96  96  98  94  93  92  93  95  96  96  96
  94  95  94  95  96  94  92  94  93  91  88  87  85  84  84  86  82  74
  75  81  83  83  82  79  82  83  82  81  81  82  81  80  78  77  77  78
  79  80  79  78  74  74  73  72  72  73  72  72  71  70  68  67  66  66
  67  68  66  66  65  62  60  58  58  58  59  59  59  61  64  64  63  64
  65  64  64  65  65  64  67  71  68  68  69  69  68  71  75  77  80  77
  75  75  76  76  76  76  80  81  81  80  80  81  83  83  83  82  81  80
  80  81  82  81  82  83  83  82  81  82  85  88  88  87  85  87  91  91
  92  29]","[ 29  29  95  93  96  95  95  95  93  96  97  95  96  97  95  91  95  96
  95  94  94  95  96  97  97  98  99  99 100 101 101 100 101 100 101  99
  95  94  96  98 101 102 102 101 100 101 104 106 103 101 100 101 101  98
  98 100 100  98  97  97  97  97  96  95  92  92  92  93  96  98  97  94
  93  94  95  95  96  97  96  94  96  93  90  88  87  87  87  86  84  82
  81  84  86  85  82  80  81  82  83  83  81  79  80  82  81  78  80  81
  80  80  80  76  73  74  76  76  74  73  73  73  74  71  68  67  68  69
  69  67  68  67  66  65  64  64  64  64  60  61  63  65  64  65  66  65
  66  65  65  66  65  64  68  74  75  67  67  70  68  71  76  75  76  77
  77  75  76  77  77  77  80  82  81  80  80  83  84  83  83  84  85  84
  81  80  81  83  83  84  84  83  83  84  86  89  89  87  88  90  90  89
  91  29]","[ 29  30  96  95  97  96  96  96  94  95  95  94  95  97  97  95  94  95
  95  96  96  97  97  97  97  98  99 100 101 102 103 103  98  98 101 101
  98  97  97  97 100 100  99  99  99 100 102 103 103 102 101 101 100  99
  99 100 101 101 101 101 100  98  95  93  93  95  95  95  95  96  96  96
  95  95  95  94  95  97  98  96  94  92  90  89  89  89  89  89  90  87
  86  87  87  85  82  80  79  80  81  82  81  81  82  83  82  80  81  82
  79  78  78  76  75  77  77  76  73  71  71  72  73  74  74  73  70  69
  69  68  67  71  72  68  64  64  66  67  65  65  66  66  63  63  65  65
  69  67  66  66  66  65  69  74  71  67  71  75  71  71  75  77  75  75
  77  78  78  77  76  77  81  79  79  80  82  82  83  85  84  85  85  84
  82  81  82  83  83  85  86  87  86  87  88  90  89  88  88  91  91  91
  92  29]","[ 30  31  96  95  97  96  95  95  95  94  93  94  95  97  97  96  96  96
  95  96  97  99  99  98  97  98  99  99  99 100 101 102  96  97 100 102
 101  99  99  98  99  97  96  97  99 100 100 100 101 100  99  98  98  98
  98  98  99 100 101 102 101  99  97  96  96  97  97  97  96  96  96  95
  95  95  95  94  94  96  96  95  91  90  90  90  91  91  90  90  91  90
  89  88  88  87  85  82  80  80  81  82  83  82  82  83  83  82  82  81
  78  78  79  78  74  76  77  76  74  72  73  74  74  75  76  75  74  72
  69  66  65  70  72  68  64  66  68  68  66  66  67  66  63  64  68  69
  69  68  67  68  67  67  69  72  71  66  69  75  74  73  75  74  74  74
  77  80  80  77  76  77  80  79  78  79  81  83  85  86  83  83  83  83
  82  82  83  84  85  86  88  89  88  88  89  90  90  89  90  92  93  94
  94  29]","[ 29  30  95  95  97  95  94  95  95  94  94  96  97  96  95  95 101  99
  97  95  95  98 100 101  98  97  97  97  97  98  99 100  99  98 100 101
 100  99 100  99  97  96  96  97 100 102 102 101 100  99  97  97  99 101
  99  96  98  99 100 101 100 100 100 101  99  99  99  99 100  99  97  95
  95  96  96  96  95  95  94  92  92  91  91  91  92  91  91  90  91  92
  91  89  88  88  87  84  84  84  85  86  86  85  83  83  84  82  81  80
  79  80  81  81  81  81  80  78  75  73  73  73  75  75  75  75  75  74
  71  68  67  69  69  67  67  68  67  65  64  64  65  65  64  66  71  72
  67  68  70  71  71  69  69  72  73  68  69  74  75  74  74  74  74  76
  78  80  79  78  77  78  78  80  79  76  78  85  87  84  80  81  82  82
  82  83  84  85  88  88  89  88  88  88  89  90  92  91  91  93  95  96
  95  28]","[ 28  28  94  95  97  95  94  95  95  94  96  98  99  96  95  95 102 101
  98  94  94  96 100 102  99  97  96  97  98  98  99 100 101  99  99 100
  98  98  99  98  97  97  98  99 101 103 103 103 100  99  98 100 104 105
 102  97 100 101 101 101 100 100 101 103 100 101 103 103 102 100  98  97
  97  98  98  97  97  97  96  95  96  95  95  94  93  92  91  90  95  96
  95  92  90  89  88  85  89  88  89  90  89  87  84  83  86  84  82  80
  81  82  82  83  85  84  82  80  79  78  77  76  74  75  76  74  72  72
  74  75  74  72  70  71  71  69  66  64  65  64  65  65  65  67  69  70
  68  70  73  74  73  71  71  73  74  73  75  76  74  72  74  76  76  79
  80  78  77  79  81  80  79  82  80  76  78  83  84  81  80  81  83  83
  83  84  84  85  88  88  89  89  89  89  90  90  93  92  93  94  96  97
  96  28]","[ 30  29  95  95  96  93  92  92  96  95  96  97  97  96  96  97  99  99
  97  95  94  95  98 100 102  99  98  98  98  97  98  99 101  99  99 100
  98  98  97  96  97  98 100 101 102 102 102 103  99  98  98 101 104 104
 101  97  99 100 101 101 101 100 101 103  99 102 105 105 101  97  98 100
  99  99  97  96  98 100 100  99  98  98  97  96  95  94  92  92  96  97
  96  95  93  92  90  88  90  89  89  90  90  88  85  84  90  88  83  81
  82  82  82  83  83  82  81  81  81  81  81  80  76  75  74  72  72  74
  76  77  75  73  72  73  72  69  67  68  67  65  66  66  66  68  70  69
  70  72  74  74  72  71  73  75  75  76  77  77  76  75  74  75  77  79
  79  76  76  80  82  81  84  83  81  81  82  82  82  82  82  83  85  85
  84  83  83  84  84  86  88  89  90  90  90  91  93  93  93  93  95  98
  97  28]","[ 31  30  95  95  96  92  91  91  96  97  98  98  97  96  97  98  98  98
  97  96  96  97  98  98 101 100  99  99  98  96  97 100 102 101 101 101
  99  98  97  95  97  98 100 101 101 100 100 100  99  98  98 100 101  99
  97  96  98  99 100 101 100 101 102 103 100 101 102 101  97  95  96 100
 100  99  97  96  98 100 100  98  98  99  99  98  98  96  95  95  96  96
  97  97  97  95  93  93  90  89  88  89  89  88  87  87  91  90  85  82
  83  82  81  83  86  86  85  83  81  79  79  78  80  77  74  73  74  76
  76  74  74  72  70  70  69  69  70  71  68  66  67  67  66  69  72  72
  72  72  73  73  73  73  74  75  76  77  76  75  77  78  76  74  76  78
  78  77  77  81  83  82  85  84  83  85  85  83  83  84  83  84  86  86
  84  83  84  85  84  86  87  89  90  90  90  91  92  92  92  91  94  98
  98  29]","[ 28  28  94  96  98  95  95  96  98 100 102 101 100  99  99 100 100 100
  99  98  99 100 100  99  98  98  99 100  99  98 100 105 106 103 103 102
 100  98  97  96  96  97  98  99  99  99  98  97 101  99  99 101  99  96
  96  97 101 101 101 100  99 100 102 103 104 100  97  96  96  96  96  98
 101 100  99  98  99 100  99  95  98  99 100 100 100 100  99  98  98  97
  98 100  99  97  95  95  91  90  89  89  90  90  90  90  91  91  86  82
  83  82  81  84  85  86  86  85  82  81  81  81  81  80  79  77  76  76
  76  75  76  73  70  67  68  71  71  70  68  67  67  66  65  67  71  72
  72  72  73  75  76  76  76  75  74  78  78  74  74  76  77  78  77  77
  78  79  81  83  84  84  81  84  85  84  84  86  86  84  83  85  87  87
  86  85  87  89  89  89  89  89  89  90  91  92  91  91  91  90  93  97
  98  30]","[ 29  27  93  94  97  97  97  97  99 100  99  98 101 102 102 103 102  98
  97 100 102 100  99 100  97  97  97  99 100 101 103 105 104 104 102 101
  99  99  98  97  99  98  97  96  97  99 101 102 102 101 102 103 105 104
 102 100 101 100  97  95  96 101 104 104 101  99  97  97  96  96  97  97
  98 101 102 101 100  98  96  97 101 100 100 101 100 100 100  99  97  97
  97  98  98  97  96  94  95  93  91  92  92  92  91  91  89  91  91  88
  86  86  87  86  88  85  84  85  85  83  80  79  80  80  78  76  76  77
  76  75  74  71  70  71  71  73  74  73  72  69  66  66  66  68  71  74
  71  73  76  77  76  76  75  75  77  78  78  76  76  78  79  79  80  80
  80  81  80  81  81  81  81  80  81  83  85  86  86  85  86  86  85  85
  85  87  88  88  88  90  92  92  91  91  91  91  91  90  91  93  95  98
  98  28]","[ 30  29  96  96  98  97  98  99  99 100  99  98 101 103 103 105 105 102
 100 101 102 101 101 102  97  97  99 101 101 101 101 102 103 103 102 101
 100 101 100 100 102 102 101 101 101 102 103 103 101 102 103 105 106 106
 105 104 102 102 100  99 100 102 105 106 104 103 102 101 100  98  97  96
  99 102 103 103 102  99  96  97 101 100 101 103 102 103 103 101  98  98
  98  97  96  95  95  95  96  95  95  95  95  93  92  91  93  94  94  91
  89  87  87  87  88  86  85  86  86  85  84  83  81  81  79  78  78  80
  80  78  75  72  71  72  73  75  75  73  72  68  66  66  68  69  71  73
  73  75  77  77  77  76  76  76  76  78  79  79  79  80  81  81  80  81
  81  81  81  81  82  82  81  80  81  83  86  87  87  87  89  89  89  88
  89  90  90  90  89  92  93  93  93  94  94  94  93  92  95  97  98  99
  98  29]","[ 30  30  98  99  98  97 100 102 100 100  99  99 102 103 104 106 106 105
 103 103 102 102 102 102  98  99 100 102 102 101 101 102 102 102 102 102
 102 102 102 102 103 103 103 103 104 104 104 102 100 101 104 105 106 106
 106 107 103 103 104 104 103 103 104 106 104 103 103 103 102 100 100 100
 102 104 105 104 103 101  99 100 102 101 103 105 105 105 104 102 100 100
 101 100  98  97  97  97  97  97  97  97  96  94  92  91  93  93  94  94
  92  90  90  91  89  89  88  87  87  88  88  87  82  80  79  78  80  81
  81  80  77  73  73  74  75  77  76  73  75  70  67  68  70  72  73  74
  72  74  76  76  75  76  76  75  76  78  80  81  81  82  82  81  82  82
  81  82  82  83  83  83  83  82  82  85  87  89  89  90  90  90  90  90
  91  92  92  92  91  93  93  93  93  94  95  95  94  95  98 101 100  99
  98  30]","[ 29  30  99 100  99  97 100 103 100 101 101 101 102 101 101 104 104 105
 104 103 102 102 102 100 101 100 100 101 102 101 101 102 101 102 102 102
 102 103 103 103 103 103 103 104 105 105 104 102 100 101 102 104 105 105
 106 106 105 104 105 107 106 103 102 103 103 102 102 102 102 102 103 104
 105 106 105 103 103 103 103 106 105 103 104 105 105 105 104 101  96  97
  99  99  98  97  96  96  98  97  96  96  96  94  92  91  91  92  93  95
  93  90  90  91  90  90  89  87  87  89  88  87  82  80  78  77  79  81
  81  81  79  75  73  74  76  78  77  74  75  72  71  73  75  74  72  72
  71  73  74  74  74  75  75  76  77  79  81  81  81  82  82  81  82  82
  82  82  82  83  83  84  86  85  84  86  88  89  89  89  89  89  89  89
  91  93  93  93  93  94  94  93  93  94  95  95  95  95  98 101 100  98
  97  29]","[ 29  30  98  99  99  97  99 101 100 102 104 103 102  99  98 100 102 103
 103 100 100 102 103 102 102  99  98 100 102 102 101 101 102 103 103 104
 104 105 105 104 103 103 103 104 105 106 106 104 102 101 101 102 104 105
 105 104 105 104 105 107 107 104 102 102 105 103 102 102 103 103 104 105
 105 106 105 103 104 104 105 108 107 105 105 105 104 104 103  99  96  97
  98  98  97  97  96  96  99  97  95  95  96  95  94  93  93  93  95  95
  93  89  87  87  89  89  88  86  86  87  87  85  83  80  78  78  79  81
  82  82  81  77  74  74  75  78  78  76  72  72  73  76  76  74  70  69
  72  73  74  74  74  75  76  76  79  80  81  80  80  81  82  81  82  82
  81  81  82  82  83  84  87  86  86  86  87  87  87  87  90  90  89  89
  91  93  94  94  96  96  95  94  94  96  96  95  96  95  96  99  99  98
  97  29]","[ 29  30  99 100 100  97  97  98 100 103 104 104 102  97  96  99 102 102
 100  98  99 102 105 106 101  99  99 101 103 103 102 101 102 104 105 105
 106 107 107 106 105 105 104 103 104 106 107 106 104 103 102 102 105 106
 105 104 106 105 105 107 108 107 105 105 104 102 101 102 104 104 104 104
 103 105 105 105 106 105 104 106 107 105 105 105 104 104 102 100 102 102
 101 100  98  97  98 100 100  97  96  96  96  96  95  95  95  96  96  96
  94  90  88  87  88  88  86  85  85  86  85  84  84  82  80  79  80  81
  82  83  83  79  76  76  76  78  79  77  74  73  72  72  71  70  71  73
  73  74  74  74  75  76  77  76  80  81  81  79  79  81  82  82  82  82
  83  83  83  83  84  85  88  87  87  87  87  87  86  87  90  90  90  89
  90  92  94  95  97  96  94  93  94  96  97  97  96  95  97  98  99 100
  99  29]","[ 29  30  99 101 102  98  98  98 101 102 103 103 102  98  97 100 103 102
 100  99 100 102 104 106 102 101 101 102 104 103 103 103 104 105 106 106
 107 107 106 106 107 106 104 103 103 104 106 106 106 104 103 103 106 107
 107 106 106 107 107 107 107 108 109 108 104 102 101 102 105 106 106 105
 105 107 107 107 107 106 103 104 105 104 105 106 105 105 105 102 103 104
 105 102  98  97  98 101 101 100 100  99  98  97  96  96  96  97  98  97
  95  94  92  91  91  88  86  86  86  86  86  86  87  85  83  82  82  81
  81  83  82  80  79  79  78  78  79  78  77  74  70  69  68  69  72  75
  74  74  75  75  75  76  77  77  80  81  81  80  80  81  82  82  82  83
  84  84  84  83  84  85  88  88  89  89  88  87  87  88  90  91  91  90
  90  92  94  95  97  95  92  90  91  95  97  97  96  97  99 100 100 103
 101  29]","[ 28  30 100 103 103 100  99  99 102 102 101 102 102 100  99 102 104 103
 102 101 101 102 102 103 103 102 101 101 101 102 103 106 104 106 106 106
 106 106 105 104 108 107 105 103 102 103 104 105 106 105 104 104 106 108
 108 108 107 108 109 107 107 108 110 110 109 105 102 102 105 107 107 107
 108 109 109 108 107 106 104 104 104 103 106 108 107 107 107 105 104 108
 111 108 103 100 101 103 103 104 104 104 101  98  97  98  98  99  99  97
  96  96  95  93  94  91  88  87  88  87  87  88  91  89  87  86  84  81
  80  82  82  81  81  81  80  79  80  78  74  73  72  72  72  70  69  69
  73  74  75  75  76  78  78  78  79  81  81  80  80  81  81  81  80  82
  84  84  83  82  83  85  87  88  89  90  88  87  87  88  89  91  92  92
  92  93  95  97  98  95  91  88  90  94  97  97  95  98 102 102 102 104
 101  29]","[ 29  29 101 101 101 102 102 102 103 101 100 101 103 103 104 105 104 103
 104 105 105 102 102 104 107 108 106 103 103 102 103 106 107 109 109 108
 106 105 105 106 105 106 105 104 105 106 106 104 106 106 105 105 106 108
 108 108 107 108 108 108 107 107 108 108 109 108 106 103 104 108 110 111
 110 111 112 110 109 108 107 106 106 103 104 106 105 108 111 110 108 111
 112 110 109 108 107 104 109 108 107 105 103 102 100 100 103 104 103 100
  98  97  97  97  97  95  92  88  89  91  91  89  89  87  86  85  84  82
  82  83  83  81  81  81  79  79  79  78  72  73  72  73  75  73  69  67
  74  75  77  77  77  77  79  81  81  81  81  81  81  81  81  81  81  85
  88  87  85  85  83  81  86  89  92  93  93  92  91  89  91  92  93  93
  93  94  96  97  97  96  97  97  94  96  99  98  97 102 102 105 103 105
  94  30]","[ 30  29 101 101 101 101 101 101  99 101 103 103 101 100 101 103 103 102
 103 105 105 103 102 103 106 107 107 105 104 103 103 105 107 105 104 105
 106 105 104 102 104 105 104 103 103 104 105 105 104 105 105 105 106 107
 106 106 105 105 105 105 105 105 106 107 109 110 108 104 103 106 109 110
 109 110 110 111 111 110 108 107 105 105 109 110 106 106 111 112 109 111
 111 111 112 113 111 108 107 107 107 107 106 105 104 103 101 102 102 101
  99  97  96  96  99  97  95  93  92  92  92  91  88  88  87  87  86  85
  85  86  86  82  78  78  77  78  77  73  73  74  73  74  77  77  74  74
  78  79  79  80  80  80  81  81  82  82  83  82  82  81  81  82  81  85
  88  87  85  85  85  84  84  87  90  93  94  95  94  92  93  93  93  93
  93  95  96  97  97  97  96  94  96  98  98  98 101 103 106 100 104 100
 106  28]","[ 29  29 101 101 100  99 100 100  98 100 103 104 102  99  99 101 102 101
 102 104 105 104 103 103 102 104 105 105 105 104 104 104 105 103 102 104
 105 104 102 102 104 105 104 103 102 103 105 106 105 105 105 104 104 104
 105 105 105 104 103 104 104 103 104 105 108 111 111 108 105 106 109 110
 110 109 110 113 113 111 109 109 107 107 111 113 111 110 112 111 110 110
 110 111 114 116 114 111 106 107 109 109 109 107 105 104 105 104 104 105
 104 101 100 100 100 100  99  99  97  95  94  93  92  92  92  90  88  88
  87  86  87  84  83  80  77  76  76  75  74  75  75  77  80  80  78  77
  81  81  81  82  83  84  83  83  83  84  85  85  83  82  83  83  86  87
  87  84  81  83  87  90  88  90  93  95  96  96  95  93  94  94  93  93
  94  95  96  95  95  99  98  96  97  95  96 102 105 101 100 101  99 108
 153  27]","[ 29  29 101 101 100 100 100 100 103 103 104 106 106 105 103 103 101 101
 102 104 106 105 104 104 100 101 103 104 103 103 103 103 102 102 104 105
 104 101 101 103 105 105 105 104 103 104 105 106 107 106 105 104 103 103
 105 106 107 105 105 105 105 103 103 105 108 112 114 112 109 108 108 108
 108 108 109 112 112 109 108 108 110 110 112 114 114 113 112 111 110 110
 109 111 114 116 115 111 109 110 111 112 111 109 106 105 108 105 104 105
 105 102 101 102 103 102 102 103 102  99  96  96  94  96  95  93  91  90
  88  86  86  86  86  84  80  78  78  77  76  77  78  79  83  82  78  76
  79  79  80  82  83  84  83  83  83  85  86  86  84  83  83  84  88  88
  87  84  82  84  87  90  93  94  96  96  96  95  93  91  93  94  94  94
  94  95  95  95  97  95  95  98 100  97  94  94 100  99  97 102 121 162
 186  30]","[ 29  29 102 102 101 101 101 101 104 104 104 104 104 104 104 104 102 102
 103 105 106 105 104 103 101 100 102 103 100 101 102 101 101 102 104 105
 103 101 102 104 106 105 105 105 105 104 104 104 106 105 105 105 105 104
 105 107 110 108 107 107 107 105 105 106 110 113 114 112 110 109 107 105
 105 106 108 110 108 105 105 107 109 111 114 115 114 112 111 113 111 111
 111 112 114 115 114 113 113 113 114 114 113 112 109 107 109 107 106 107
 107 104 103 104 105 104 104 105 104 101  97  96  94  96  96  95  93  93
  91  89  88  85  84  83  82  82  81  77  80  81  80  81  83  82  79  78
  76  77  79  80  81  82  82  82  83  84  85  85  85  84  84  84  87  87
  87  87  87  87  88  88  93  94  96  96  95  95  93  91  93  95  96  96
  96  95  96  95  97  95  97  98  97 101 104 102 106 105 108 150 176 190
 194  26]","[ 29  29 100 100 100 100 100 100 101 104 106 104 101 100 102 104 103 104
 105 105 105 104 103 102  98  97 101 102  99 101 105 104 104 104 103 103
 104 104 105 105 105 105 106 106 106 104 103 104 104 104 105 107 107 106
 106 107 110 110 109 109 109 109 109 109 112 113 112 110 110 111 110 108
 106 107 109 110 107 105 106 109 110 112 113 113 114 112 111 113 113 113
 114 115 115 116 116 116 114 113 114 114 114 113 112 110 109 108 109 110
 110 108 106 105 106 104 104 104 103 100  97  96  96  97  98  97  95  93
  92  90  90  86  84  82  81  81  82  81  82  82  81  80  81  81  81  82
  78  79  80  80  81  81  82  83  85  85  86  86  87  87  87  88  89  88
  87  87  88  89  91  91  94  96  97  97  97  96  95  94  94  96  98  98
  97  97  97  97  95  98 102 100  97 101 104 100 100 106 148 187 195 190
 186  32]","[ 29  28  98  98  98 100 100 100 102 106 109 107 104 103 104 105 104 104
 105 105 104 103 103 102  97  97 102 105 102 104 109 108 108 107 104 101
 103 106 107 105 104 105 107 108 106 103 104 105 106 105 106 109 109 107
 106 107 109 110 110 110 111 112 112 110 111 111 110 108 109 112 113 111
 110 111 112 110 108 107 109 111 112 114 113 113 115 114 113 115 116 116
 116 117 116 116 116 117 114 114 113 114 114 113 112 111 107 108 109 109
 109 108 106 105 106 106 105 103 102 101 100  98 101 100 100  99  96  93
  91  90  90  88  86  84  81  82  84  85  82  83  81  80  81  80  80  82
  81  81  80  80  81  82  83  83  85  86  88  88  88  89  90  92  93  91
  89  88  89  90  92  94  95  98  99  99  97  97  96  96  95  96  97  97
  97  98  98  98  96  99  99 103 106 100  95  99 130 171 191 193 191 186
 187  29]","[ 30  28  97  97  98 100 102 103  99 103 105 106 106 105 103 101 103 104
 105 104 103 103 103 102 100 100 107 110 106 107 111 110 109 109 106 100
  99 103 106 105 103 105 108 109 106 103 104 108 111 108 108 109 109 107
 107 108 107 109 110 109 110 113 112 109 111 111 110 108 109 111 110 108
 112 113 112 109 107 107 108 109 110 116 118 116 115 112 114 120 118 118
 117 117 116 116 115 116 116 115 114 114 114 114 112 110 109 110 111 110
 110 111 110 109 107 108 107 104 103 103 104 104 102 101 100 100  97  93
  91  91  92  88  85  85  85  86  86  83  82  84  83  82  82  80  79  80
  82  81  79  79  81  82  83  83  84  86  88  88  88  88  91  94  93  93
  94  94  93  91  90  90  93  95  97  97  96  96  96  96  95  96  96  96
  97  98  98  98  96 101 100 103 104  94 109 149 183 192 192 192 186 191
 192  28]","[ 30  28  98  98  99 102 103 103 101 101 102 104 103 103 103 103 104 105
 104 103 103 105 105 104 101 102 104 106 109 111 111 109 107 107 106 104
 104 106 107 106 101 105 109 111 109 108 108 109 112 111 109 107 108 109
 109 107 108 108 108 109 110 110 111 111 111 112 111 110 111 113 113 111
 114 113 112 112 112 112 111 110 114 115 116 116 115 116 117 117 115 118
 120 119 118 117 116 115 114 116 118 116 113 114 114 111 111 113 114 113
 110 108 110 112 108 108 106 104 104 107 108 108 104 103 102 101  97  94
  92  92  92  90  88  88  88  88  86  85  85  82  80  81  82  80  80  80
  81  80  80  80  81  81  82  84  83  86  88  88  88  89  91  92  92  92
  92  92  93  93  93  93  94  95  97  97  97  96  95  95  96 100  98  99
  97 100  97  98  98 103 100 106  99 105 145 187 192 188 187 187 187 187
 190  30]","[ 30  28  97  98 100 102 101 100 101 102 103 104 103 102 103 105 104 106
 106 105 104 104 104 104 100 102 105 109 110 109 106 104 105 105 105 104
 105 106 106 105 104 106 108 110 111 112 112 112 110 110 110 110 111 112
 111 109 108 108 109 109 110 110 110 110 111 110 110 111 112 112 112 112
 113 114 114 115 115 115 114 114 115 116 116 115 114 115 116 116 116 118
 119 118 116 117 117 117 117 117 118 118 117 118 118 117 116 118 117 113
 111 111 112 112 112 111 110 109 109 110 110 109 105 105 104 102  98  95
  94  94  94  92  90  89  89  89  88  87  85  82  81  82  83  82  82  82
  83  84  83  82  81  82  83  84  84  86  88  88  88  89  91  91  90  88
  88  91  95  97  96  94  93  94  95  95  96  96  96  97  99 101 101  98
 100 101  99  98 104  97  97 106 140 178 195 201 190 187 187 188 188 187
 189  29]","[ 30  28  98  99 102 103 102 100  99 101 104 105 103 102 104 106 106 107
 108 105 103 103 104 104 102 103 105 108 109 108 107 107 104 105 105 104
 105 106 106 105 105 104 104 106 110 112 111 110 111 111 110 110 111 112
 111 109 109 109 110 110 111 110 110 110 110 108 109 110 110 108 108 110
 109 111 114 115 114 113 112 112 114 114 114 112 112 113 114 115 117 119
 119 118 116 117 118 118 118 116 116 118 118 118 119 119 118 120 119 115
 113 114 114 112 116 115 114 115 116 114 112 111 107 107 106 103 100  97
  96  96  96  94  92  90  88  88  88  88  86  84  83  83  83  82  82  82
  83  85  84  81  80  82  84  85  86  87  87  87  88  89  91  91  88  86
  87  91  95  97  96  96  96  95  94  94  94  95  96  96  95  98 102  99
 102 100 103 103  96  94 117 156 192 198 196 190 190 188 189 190 190 189
 189  28]","[ 29  28  99 101 103 104 102 100  98 100 103 104 104 103 104 106 107 108
 107 104 103 103 104 104 104 105 106 106 107 109 109 109 106 106 105 104
 104 105 105 105 107 105 103 105 109 112 111 109 108 109 110 111 112 112
 110 108 110 110 111 112 112 111 111 111 110 110 110 109 108 107 108 109
 109 111 114 114 112 110 109 109 110 111 111 110 111 112 114 115 117 120
 121 119 118 118 119 119 119 115 115 117 117 116 118 119 117 119 120 119
 117 116 115 114 119 118 118 119 118 116 114 115 110 109 107 105 103 101
  99  97  97  96  94  91  88  87  87  87  88  86  86  86  85  83  81  81
  81  84  84  81  81  84  87  86  87  87  87  87  88  90  91  91  88  88
  89  92  93  93  95  97  97  96  94  94  95  96  97  98  98  97  98  99
 102 100 102 106 102 116 171 197 194 193 192 190 191 190 192 192 193 191
 191  28]","[ 28  28 100 101 101 100  99  99  98 100 102 105 105 105 105 105 106 106
 105 103 104 105 105 103 103 107 108 106 107 109 107 103 105 105 105 105
 105 104 104 104 106 104 104 105 109 111 110 109 105 107 111 114 116 114
 111 108 109 111 112 113 112 112 111 111 112 114 113 110 108 110 111 111
 113 115 116 116 113 111 110 110 109 110 111 111 112 114 115 116 118 119
 120 118 118 119 121 122 121 116 115 118 117 116 117 119 117 119 121 123
 121 118 118 119 120 119 119 119 118 116 116 119 114 112 109 107 107 106
 103  99  97  97  95  92  89  87  86  87  88  87  87  87  87  85  83  83
  82  85  86  84  83  86  89  88  87  87  86  87  89  91  92  93  90  89
  90  91  91  92  94  98  96  95  95  95  97  99 101 102  98 104 103 102
  99 102 104 108 147 190 195 192 192 188 190 191 193 192 194 194 194 193
 192  29]","[ 29  30 102 101  99  98  97  97  99 100 103 105 106 105 105 105 103 103
 104 104 106 107 106 104 104 107 107 105 106 109 108 105 105 106 107 108
 107 106 105 105 105 105 106 107 109 111 112 112 110 110 111 113 113 112
 110 109 109 110 112 112 111 111 111 111 111 114 113 109 108 111 114 113
 115 116 116 116 114 113 112 112 110 111 112 112 113 114 115 115 116 117
 116 115 115 118 121 122 121 117 116 117 116 115 117 120 121 121 122 124
 123 120 122 126 122 121 120 118 117 116 118 121 116 114 111 109 109 109
 105 101  97  96  95  93  91  90  88  88  86  86  87  87  87  87  86  86
  85  87  88  86  85  87  88  88  87  86  86  88  90  92  93  94  91  90
  88  89  91  94  96  97  97  97  97  98  99 101 103 104 105 100 100 108
  98  94 118 158 189 192 189 190 189 193 190 190 193 193 195 195 195 194
 193  29]","[ 29  30 103 102 100  99  99 100 100 102 104 105 104 103 104 105 103 104
 105 105 107 108 107 106 106 105 104 106 109 111 111 111 108 108 109 110
 109 107 106 107 109 109 110 110 110 111 112 114 114 112 111 110 110 109
 108 109 110 111 112 112 111 110 110 111 110 112 111 108 108 111 113 114
 114 114 114 114 114 114 114 114 113 114 114 113 114 114 114 114 115 116
 115 114 115 118 119 120 119 117 117 117 115 115 118 121 123 122 122 123
 123 122 124 127 124 123 121 118 117 119 121 122 119 117 113 110 110 111
 108 105 100  99  97  96  95  94  92  91  89  89  89  88  87  88  88  87
  88  88  88  87  86  87  87  88  88  86  86  88  90  91  92  93  91  91
  90  89  91  95  98  97  98  99  99  99 100 101 103 104 102 107 103  99
 107 134 168 194 194 190 184 188 189 189 192 188 192 193 195 195 196 194
 193  29]","[ 28  29 101 101 101 101 102 103 101 102 104 104 102 101 102 104 106 107
 106 105 105 107 108 108 104 102 104 110 113 112 110 110 112 110 109 109
 107 106 106 108 109 109 109 107 106 106 107 109 110 109 111 113 113 111
 108 108 111 112 112 112 111 110 110 111 112 112 111 110 110 111 113 115
 114 114 114 115 116 117 116 116 116 116 116 115 115 115 115 115 115 117
 118 118 119 120 119 117 120 119 120 119 116 116 120 123 121 122 122 121
 122 124 125 125 126 125 122 119 119 121 122 122 122 120 117 113 112 113
 112 109 105 103 101 100 100  99  96  94  96  95  93  90  88  88  88  88
  89  88  87  87  87  87  88  89  89  88  87  89  90  90  90  90  89  93
  93  90  90  93  97  98  97  98  99  99 100 102 104 106 104  98 100 118
 160 189 196 187 188 184 192 187 188 190 191 192 192 193 196 196 196 195
 193  28]","[ 28  29 102 102 101 101 101 101 104 104 103 103 104 106 106 104 105 105
 105 104 102 101  97  95  96  99 104 108 110 108 105 103 111 111 109 106
 104 105 107 109 111 110 109 110 109 108 108 109 108 109 112 114 113 111
 109 108 108 108 108 109 111 113 114 114 114 115 115 113 111 112 113 115
 115 113 113 114 115 115 116 118 116 115 114 115 115 115 116 117 115 116
 119 121 119 119 119 117 120 121 120 118 115 115 119 123 123 121 122 123
 124 126 127 126 123 122 122 122 121 121 122 123 123 122 119 115 113 114
 112 109 106 108 106 104 100  96  98  97  95  96  94  90  88  89  89  88
  90  91  85  86  89  90  92  90  88  89  90  90  90  90  92  94  90  93
  95  94  92  93  96  99  99  95 101 104 103  99 104 105 101 104 132 171
 191 192 190 189 189 187 187 187 187 187 190 193 194 195 195 194 195 196
 194  28]","[ 28  29 102 103 102 102 102 103 103 105 105 104 104 105 105 105 105 104
 103 103 104 105 105 104 104 104 105 105 105 105 105 104 106 107 107 107
 107 107 109 110 110 110 109 108 108 108 108 108 110 111 113 114 114 111
 107 106 105 107 109 111 113 115 115 114 114 115 116 115 114 114 115 115
 113 112 111 111 113 114 116 117 117 115 114 114 115 116 116 116 113 114
 118 121 122 123 121 118 119 119 120 118 117 118 120 123 122 124 125 124
 125 130 131 126 124 123 122 122 122 122 123 124 124 123 121 119 118 117
 116 116 116 119 114 108 104 102 101  95  95  96  95  92  90  89  89  89
  92  92  86  87  89  89  91  90  92  94  95  93  92  93  93  93  94  95
  96  96  97  98  99  99  97 102 102 101 106 102  97  98 104 145 183 194
 189 187 187 187 190 189 188 188 188 189 191 192 194 194 195 194 195 196
 193  28]","[ 28  29 103 104 103 104 104 105 104 107 108 107 104 104 104 105 108 107
 105 104 104 104 104 103 104 106 107 107 108 108 107 105 104 105 106 107
 107 106 107 108 109 110 109 107 107 108 108 108 110 110 112 114 114 111
 108 105 105 106 108 111 114 116 116 114 112 114 116 117 117 116 115 114
 112 112 111 110 111 114 116 115 117 115 114 115 117 117 116 114 114 114
 117 120 122 122 120 116 118 119 120 120 120 121 122 123 123 125 126 125
 125 129 129 125 126 125 124 125 125 126 126 126 125 123 122 123 122 120
 120 121 117 118 113 108 107 106 104  97  97  96  95  93  91  89  90  91
  94  93  88  88  90  88  89  89  90  94  96  94  93  95  96  94  95  95
  96  98 101 103 102 100 103 101 101 108 104  96  98 112 164 184 191 186
 186 190 189 188 190 190 190 190 191 193 193 193 195 195 196 195 195 195
 193  29]","[ 29  30 103 105 105 105 105 104 101 105 108 108 105 104 104 105 105 105
 105 105 105 105 104 102 103 106 109 110 112 112 110 106 106 105 104 105
 105 104 105 106 108 110 110 108 107 109 109 108 109 110 112 113 113 110
 107 106 107 107 108 109 112 114 115 115 110 113 116 117 118 117 114 112
 112 113 113 112 113 116 117 115 114 115 117 118 119 119 116 113 115 115
 117 119 118 119 119 117 119 119 120 121 122 123 123 123 127 124 124 125
 124 124 124 124 127 126 126 127 128 128 128 127 125 125 125 126 125 123
 122 122 122 119 112 111 110 107 105 101 101  98  95  93  92  91  92  95
  93  92  89  91  92  89  87  89  88  92  94  94  94  95  96  96  96  96
  97  99 102 104 104 102 100 109 106 104 100 104 128 171 180 183 184 187
 188 185 185 190 188 190 191 191 193 195 196 194 195 195 196 196 196 196
 194  30]","[ 29  30 104 105 105 104 102 101  95  98 102 105 105 104 104 105 103 104
 105 106 107 107 106 104 105 107 108 108 108 109 107 105 107 105 104 104
 105 105 106 106 106 109 111 109 108 110 111 110 111 112 113 113 111 108
 106 106 109 109 109 110 111 113 114 115 111 113 116 118 119 117 115 112
 113 115 115 114 115 117 117 115 113 116 118 119 119 118 116 114 113 115
 119 120 118 119 121 121 121 120 120 121 123 125 125 125 128 124 122 123
 122 122 124 125 126 125 126 128 129 128 127 126 125 128 129 128 127 126
 125 123 123 120 114 113 113 110 110 107 106 101  97  96  95  95  95  97
  94  93  93  94  95  91  87  89  92  91  92  94  94  93  94  96 101 102
 102 101 101 102 103 103 106 104 101 101 107 145 180 193 197 189 187 188
 188 189 188 185 187 189 191 191 192 194 195 194 195 194 196 196 197 196
 194  30]","[ 29  30 103 105 103 102  99  97  95  97 100 104 104 103 102 102 106 106
 106 106 107 107 106 104 104 105 105 105 104 104 103 102 108 107 106 106
 107 108 107 105 105 109 111 110 109 110 111 111 111 112 113 112 110 108
 108 109 109 111 112 113 114 114 114 114 112 114 116 117 118 118 116 114
 115 116 117 116 117 117 117 115 115 117 118 117 117 117 117 116 113 117
 122 123 121 120 122 122 123 122 122 123 125 127 128 128 125 125 124 122
 121 125 128 127 126 126 127 129 130 129 127 126 126 130 131 129 128 129
 128 125 122 124 119 115 115 116 117 111 108 105 101 100  99  98  96  95
  95  95  97  97  97  95  89  91  93  91  91  94  95  94  95  98 102 103
 103 102 101 101 103 104 108 104 105 128 163 190 193 188 182 183 188 189
 186 189 192 188 189 191 192 192 192 193 194 195 195 194 195 196 198 196
 194  29]","[ 29  30 103 104 103 102 100  98 100 100 102 105 105 103 102 102 105 105
 104 104 106 108 108 107 102 102 103 105 104 102 102 104 110 110 108 106
 107 109 107 103 106 108 110 110 109 108 110 111 110 110 110 110 109 108
 110 112 110 112 115 116 115 115 114 114 112 114 115 116 116 117 117 117
 117 117 117 117 117 117 116 115 115 117 118 117 117 119 119 118 117 119
 122 123 122 122 122 121 124 124 124 124 125 127 128 129 124 124 124 124
 123 127 130 129 128 128 129 131 131 130 129 129 128 130 130 130 129 130
 129 128 131 133 127 123 122 123 122 115 111 110 108 104 102 100  97  95
  96  96  99  97  97  97  92  94  93  91  92  95  97  98  99 101 101 102
 102 102 102 103 103 103 103 112 140 171 189 189 187 184 189 188 188 188
 188 189 192 193 194 193 193 194 194 194 195 196 195 194 195 198 199 198
 194  28]","[ 28  29 102 104 104 104 103 102 101 101 103 105 105 104 104 105 106 105
 105 105 106 107 107 106 106 104 103 105 103 102 104 108 109 110 107 105
 106 110 110 105 106 107 109 109 108 107 108 111 111 110 108 107 107 107
 108 110 111 114 116 116 115 114 114 114 113 114 115 115 116 118 119 120
 119 118 117 118 118 116 115 115 114 116 117 118 120 122 122 120 119 118
 119 120 121 123 123 121 124 124 124 124 124 125 126 127 126 123 124 127
 126 126 128 130 129 130 130 132 132 131 131 131 131 130 130 131 131 130
 130 132 132 131 127 128 128 126 125 122 116 116 113 107 103 101 100  98
  96  96  99  95  96  98  94  97  94  94  94  96  99 101 102 101 103 102
 102 102 104 104 102 100 123 159 187 187 190 185 185 189 186 190 188 187
 192 192 191 195 196 194 193 194 195 195 195 196 196 194 196 199 201 199
 195  29]","[ 29  28 100 102 102 102 103 104 105 103 103 104 104 102 102 105 105 102
 106 105 105 108 107 108 106 103 102 103 104 104 106 110 107 109 109 107
 107 109 108 105 110 110 110 109 108 110 110 108 110 110 109 108 109 110
 109 107 109 111 115 116 113 113 114 114 110 113 114 114 114 116 119 122
 116 117 117 116 116 117 117 116 115 116 118 119 120 119 120 120 121 121
 121 120 121 121 121 120 122 121 121 123 124 125 125 125 123 122 124 128
 129 126 126 129 127 128 129 131 131 130 130 130 131 131 131 130 130 131
 133 134 131 132 132 131 129 127 125 125 120 118 116 111 104 101 103 104
 103 101  99  99  98  96  97  98  96  98  99  97 102 100 102 105 105 105
 102 103 102  99 105 136 171 183 189 184 182 185 188 189 186 186 186 187
 189 191 193 195 196 195 194 194 194 195 196 197 198 200 202 202 201 200
 198  28]","[ 29  29 102 103 102 101 102 105 108 105 104 104 103 101 102 105 106 102
 103 102 101 105 104 104 104 104 103 103 103 104 107 109 105 107 107 106
 106 107 106 104 113 115 112 105 105 111 112 107 110 110 110 109 109 109
 109 110 110 110 112 112 110 110 112 113 112 114 115 114 113 113 115 117
 119 118 116 115 115 116 116 116 114 115 117 120 121 119 120 123 122 122
 121 120 120 121 121 120 122 121 122 123 123 123 123 123 125 122 121 124
 128 128 128 128 127 128 129 130 130 129 129 129 130 130 130 130 130 130
 132 134 132 132 132 131 130 129 128 127 126 124 121 116 108 105 106 106
 103 102 100  98  98 100  99  96  98  97  99 101 105 102 103 106 108 109
 109 101  94 116 150 180 185 186 184 183 186 189 186 184 187 187 187 188
 190 192 194 195 195 195 194 193 194 194 194 194 196 199 201 202 201 200
 198  29]","[ 29  30 104 105 104 104 106 108 109 107 105 105 104 102 104 106 106 102
 102 101 102 106 105 104 104 105 105 104 104 107 108 108 109 109 107 106
 106 107 108 108 107 111 111 109 110 109 108 110 110 111 113 114 111 108
 107 108 112 111 114 115 113 112 114 115 112 113 114 114 113 113 114 114
 121 119 117 116 118 119 118 116 114 114 117 121 120 117 118 123 122 122
 121 120 120 121 122 122 121 121 122 123 123 123 124 125 127 124 123 126
 129 131 130 128 129 129 129 130 130 129 129 130 130 130 130 130 130 130
 132 133 132 133 133 133 133 133 131 129 129 128 128 124 117 113 112 110
 107 105 102 101 102 104 101  98  97  97 102 103 105 104 107 107 114 108
 103 103 119 161 182 178 183 182 181 183 188 189 188 188 188 188 189 190
 191 193 194 195 195 195 195 195 195 197 197 195 197 200 201 202 201 200
 199  29]","[ 28  30 104 105 105 105 107 108 105 105 106 107 106 105 105 106 105 103
 104 104 105 107 107 105 104 104 104 104 106 107 108 107 108 108 108 109
 108 106 104 102 110 113 111 109 109 104 105 114 115 114 114 115 113 111
 113 116 114 113 115 116 113 111 112 114 113 114 115 115 114 114 114 114
 119 119 120 121 122 122 119 117 115 116 119 121 119 116 117 121 121 122
 122 122 122 123 125 126 123 123 122 123 124 124 125 125 125 128 130 131
 131 131 130 129 130 130 131 131 130 130 129 130 131 131 131 131 131 131
 132 133 132 134 136 137 136 135 133 131 130 130 132 131 126 122 119 116
 113 108 104 104 105 104 102 100 102 101 103  97  99 107 116 113 107 109
 113 143 179 191 183 186 181 183 184 186 187 185 186 189 188 188 189 191
 192 193 194 195 195 197 197 197 198 201 201 200 201 202 203 203 202 201
 199  29]","[ 29  30 103 104 104 104 103 102 102 103 106 107 107 105 105 106 105 105
 105 104 103 105 106 103 102 100 100 104 106 106 106 106 107 106 105 106
 107 109 109 109 107 113 111 107 108 106 104 107 110 109 111 114 114 112
 111 113 114 113 115 116 113 113 116 119 117 118 118 117 116 114 113 111
 117 120 122 123 122 121 119 117 118 121 123 121 119 119 119 120 121 123
 124 124 125 126 128 129 128 125 123 123 124 125 124 124 125 129 132 132
 131 131 130 129 130 130 131 131 131 129 129 129 131 131 131 132 133 134
 134 134 134 137 140 139 138 137 136 135 133 133 135 135 131 128 126 123
 117 115 111 106 104 104 103 100 103 102 104  99 102 108 114 109 110 118
 145 181 190 190 187 182 185 186 186 185 187 187 187 188 188 189 190 192
 193 194 195 195 197 198 199 199 200 202 203 203 203 204 204 204 203 202
 199  29]","[ 29  30 103 104 104 105 103 102 103 105 107 108 108 106 106 107 105 106
 104 103 102 104 109 107 103 100 101 106 108 108 107 109 110 108 106 105
 106 107 107 105 104 105 105 108 113 109 105 106 102 103 106 110 113 112
 112 112 112 112 114 114 112 113 115 115 117 118 118 117 116 115 113 112
 118 121 123 122 121 120 120 120 119 122 123 121 120 121 122 121 123 125
 126 125 125 126 128 129 130 127 124 125 127 128 128 127 128 129 129 130
 131 132 132 130 129 129 130 130 130 129 128 128 132 131 131 133 135 136
 136 135 137 140 142 140 139 139 140 140 139 137 137 137 134 133 132 130
 122 125 121 111 106 106 104 100  99 100 106 104 100  97 106 114 132 172
 188 187 184 183 182 188 186 187 185 184 187 191 192 193 191 191 192 194
 195 196 196 197 199 200 201 201 200 201 202 203 205 204 203 203 203 203
 200  29]","[ 29  30 103 104 104 106 105 104 103 105 108 109 109 108 109 109 105 105
 102 101 102 106 111 108 105 106 107 109 110 110 110 111 110 110 110 107
 103  97  86  77  70  63  63  72  79  82  91 102 115 113 108 105 104 107
 111 113 114 113 112 111 111 114 116 113 115 116 117 117 116 116 115 115
 119 121 123 122 121 121 121 122 120 121 121 120 121 122 123 123 125 127
 127 126 124 125 127 128 130 128 126 128 129 130 130 130 131 129 127 129
 131 133 132 131 130 130 130 131 130 129 129 130 134 133 132 133 136 136
 135 133 135 139 141 140 139 141 143 142 141 139 138 138 136 136 136 134
 131 133 130 122 113 109 105 102 100 101 103  99  97 101 126 151 175 187
 185 186 186 187 185 185 187 189 188 187 189 192 193 194 193 193 194 195
 196 196 196 197 199 199 201 202 201 199 201 203 205 204 202 202 203 204
 201  29]","[ 28  30 103 103 101 102 103 102  99 103 107 109 110 110 110 110 104 105
 101 101 102 105 109 104 107 110 112 111 109 110 110 110 113 111 107 100
  96  91  82  72  57  52  48  43  38  38  48  56  59  63  68  74  81  91
  98 102  95  92  88  88  94 107 115 116 114 116 117 117 116 116 116 115
 118 120 122 122 122 122 122 122 122 120 120 121 123 123 124 126 128 129
 129 127 125 125 127 129 131 130 129 130 130 129 129 128 130 129 128 130
 131 131 131 131 132 132 131 132 131 131 131 132 137 134 133 133 135 136
 133 130 130 134 138 138 139 141 141 139 139 138 138 139 139 139 138 136
 139 135 133 131 122 109 104 106  96  99 101 101 111 126 157 185 191 186
 182 188 183 185 189 187 187 188 187 190 194 196 195 195 194 195 195 195
 195 196 196 196 196 197 199 202 201 198 200 204 206 205 202 202 204 204
 201  29]","[ 30  25 105 103  96  99 106 109 109 105 103 107 111 112 113 115 107 106
 104 100 100 101  98 100 108 108 108 107 107 112 116 115 108 108 106 100
  94  89  83  75  59  55  49  44  41  44  51  58  59  57  52  48  47  49
  49  48  55  60  68  60  64  71  72  93 108 114 116 121 121 116 117 118
 118 121 121 125 125 124 115 118 114 118 122 123 123 124 128 131 130 129
 127 124 122 121 122 123 130 130 132 133 129 126 126 126 128 130 132 132
 131 130 132 134 137 134 134 136 137 135 134 133 136 136 136 135 133 137
 140 137 137 136 137 138 140 140 139 138 139 141 142 141 140 141 140 138
 142 142 134 138 137 127 119 106 100 100 105 118 146 172 179 185 190 187
 186 185 184 186 189 188 189 190 190 191 193 194 195 195 194 194 195 195
 195 196 196 196 197 199 200 201 201 200 201 202 205 203 201 204 204 205
 204  29]","[ 31  28 112 113 110 114 120 121 128 125 124 125 125 123 122 123 129 129
 129 127 128 128 126 129 125 121 119 121 124 127 128 127 125 121 114 102
  93  88  82  73  63  60  55  50  46  45  46  47  55  57  57  52  50  52
  54  53  53  54  56  51  54  55  48  57  57  66  74  89 106 115 120 118
 123 129 134 137 134 130 129 138 136 137 138 138 136 135 135 135 138 144
 142 134 137 146 147 138 133 130 127 126 126 130 135 136 132 131 129 126
 124 125 128 131 131 130 131 134 135 135 136 137 137 136 135 133 132 135
 137 137 142 137 130 128 131 136 139 140 141 142 143 143 143 144 142 139
 142 146 142 144 146 141 133 117 101 104 123 151 177 188 184 185 189 187
 187 187 187 188 191 190 190 191 192 192 193 193 194 194 196 196 195 195
 195 195 195 195 197 198 200 202 202 201 202 204 204 204 203 205 204 205
 204  29]","[ 28  31 126 129 123 122 127 130 129 129 130 131 131 130 129 129 129 130
 132 131 131 130 128 132 136 130 129 133 135 135 135 135 135 128 115 100
  90  86  83  76  71  66  58  52  48  46  46  46  51  57  58  55  54  57
  58  56  55  54  57  58  60  58  52  54  53  52  45  47  61  75  82  80
  91 102 120 137 148 144 146 154 154 154 155 156 158 157 155 153 151 155
 156 152 153 158 159 156 153 152 150 148 146 150 153 153 146 146 147 148
 150 153 156 158 153 152 151 151 149 147 147 149 154 154 153 153 153 152
 152 155 153 154 154 150 146 144 145 148 144 143 142 143 146 147 145 143
 140 143 144 156 163 159 155 146 146 149 165 182 189 186 181 181 186 185
 187 188 187 189 191 191 191 192 193 193 193 194 194 194 196 196 196 196
 196 196 196 196 198 198 200 202 202 202 203 204 203 204 204 207 205 205
 204  29]","[ 30  30 125 129 129 129 129 126 128 130 132 132 132 131 129 129 126 128
 131 130 130 129 128 132 135 133 134 137 137 135 136 136 131 121 108  96
  88  86  84  81  78  71  61  54  50  50  51  53  53  55  56  56  57  59
  58  54  52  51  53  57  56  52  52  52  50  52  49  47  51  53  50  44
  57  68  90 117 143 146 148 149 152 151 151 153 156 156 154 151 154 154
 156 158 158 155 155 158 155 160 164 164 161 162 165 164 160 161 163 166
 169 170 170 170 167 167 166 165 164 162 162 163 170 172 172 174 175 172
 169 172 163 172 180 179 172 167 167 171 173 169 167 169 173 174 174 174
 173 169 166 174 179 177 180 181 185 185 188 187 182 181 183 183 185 185
 187 188 188 189 191 191 191 192 194 194 194 194 195 195 195 196 196 196
 196 197 198 199 200 200 201 202 202 202 203 203 202 204 205 207 206 206
 204  29]","[ 28  29 128 128 125 124 130 134 131 133 134 134 132 131 131 131 124 125
 129 129 131 131 130 135 135 135 137 138 138 138 137 132 122 111 103  98
  93  88  85  83  80  74  67  61  57  55  56  57  57  56  56  58  59  57
  54  53  56  53  52  55  53  49  51  48  48  49  48  48  51  53  52  52
  55  61  72  97 130 143 151 151 153 153 153 154 156 156 155 153 153 155
 156 157 159 160 158 154 154 157 161 160 158 161 164 163 163 162 162 163
 164 165 165 164 163 164 164 165 166 166 166 167 165 167 167 170 172 168
 166 169 167 170 173 173 172 171 173 175 177 174 174 175 177 179 179 180
 177 180 182 184 183 181 178 174 182 181 181 180 180 186 189 184 186 186
 188 189 189 191 193 193 191 193 194 195 194 194 195 195 195 195 196 196
 197 199 201 202 202 201 201 201 201 201 202 203 203 204 205 208 207 208
 205  29]","[ 31  28 126 128 132 132 132 130 129 131 132 133 132 131 132 134 129 128
 130 131 133 134 132 137 137 137 137 136 138 141 135 124 111 104 101 102
  99  92  87  84  80  76  70  65  61  60  60  61  61  59  59  61  60  55
  53  54  52  52  53  54  51  48  50  48  48  46  46  47  50  51  50  53
  51  51  54  82 122 144 153 149 154 154 155 156 158 158 159 159 156 159
 161 160 161 163 161 158 163 162 161 160 160 161 162 159 161 161 162 163
 165 166 167 167 165 166 167 167 167 166 166 165 168 167 167 169 171 170
 170 173 176 174 172 172 173 174 173 172 176 177 177 178 179 179 179 179
 179 179 179 178 177 177 179 180 177 178 177 181 183 185 188 186 185 185
 187 189 189 191 194 194 193 194 195 195 194 194 195 195 196 196 197 198
 198 199 201 202 201 201 201 201 201 201 202 204 204 206 206 208 208 209
 206  29]","[ 28  29 134 134 134 131 131 131 133 132 133 133 132 130 131 134 134 130
 130 131 134 135 132 135 136 136 135 134 135 136 128 115 104 100  99 100
  99  95  90  85  82  77  71  67  65  64  64  65  61  59  59  60  59  56
  53  53  50  52  54  52  49  48  46  45  47  44  44  43  46  47  46  51
  51  50  52  85 125 148 155 152 156 156 157 157 157 157 157 157 157 158
 160 162 160 158 158 160 162 159 159 161 162 163 162 159 160 162 164 165
 166 166 167 167 167 169 170 169 168 168 168 168 169 166 167 169 170 171
 173 173 173 174 175 176 177 176 175 174 178 179 180 179 179 180 180 179
 180 178 179 181 181 179 179 183 180 183 181 183 184 183 188 192 186 186
 187 189 190 192 194 193 195 195 195 195 195 195 195 196 196 197 199 199
 199 199 199 200 200 201 202 202 201 201 202 203 205 207 207 208 206 208
 205  29]","[ 29  29 131 131 133 132 133 133 132 131 132 133 132 130 132 136 135 131
 130 132 137 138 135 137 135 135 135 134 132 131 122 111 104 101  99  97
  95  95  92  86  85  81  76  72  70  67  65  63  60  57  55  56  58  57
  53  49  48  48  47  45  49  51  44  40  40  41  45  44  43  42  39  43
  48  49  50  83 117 139 153 160 154 155 156 157 158 158 158 159 160 158
 158 160 161 161 161 161 162 160 161 163 163 163 164 163 162 163 164 164
 164 165 166 168 167 170 172 171 168 168 168 169 168 165 167 170 170 172
 174 172 176 175 174 174 175 176 178 178 178 179 178 176 176 178 180 179
 179 181 182 178 179 183 183 182 179 184 181 183 186 186 189 189 190 189
 191 193 193 195 196 195 195 195 195 195 195 196 197 197 196 198 200 201
 200 199 198 198 200 201 202 203 202 201 201 203 204 207 208 207 204 205
 204  28]","[ 28  31 138 137 133 130 131 132 134 135 136 134 131 131 133 136 139 135
 131 131 134 136 138 138 137 136 134 133 135 132 120 107 104 100  96  96
  96  93  89  86  84  83  80  77  72  68  65  63  58  58  57  55  54  51
  47  43  42  42  39  39  41  40  39  40  41  40  39  39  39  39  38  37
  40  45  50  62  80  97 123 151 158 161 153 155 161 158 158 159 158 158
 159 160 161 159 160 161 162 161 162 165 165 163 165 167 166 169 169 167
 166 166 167 169 172 172 172 172 172 172 172 172 173 171 170 172 174 175
 174 175 176 176 175 174 174 175 175 175 176 176 176 174 173 174 176 179
 178 180 181 181 182 183 183 182 182 182 182 183 185 187 189 190 190 190
 193 194 194 195 195 194 194 195 195 196 195 195 195 196 195 198 200 200
 200 200 201 200 198 200 201 202 203 203 203 204 206 204 203 206 207 208
 205  30]","[ 30  29 132 130 129 129 132 133 132 135 137 136 133 132 134 137 136 134
 132 130 131 134 136 137 139 137 136 135 133 126 114 105 102  99  96  96
  95  92  88  86  87  84  79  74  71  68  64  61  58  56  52  47  45  44
  42  40  34  33  30  30  35  38  39  42  37  35  34  33  33  33  32  32
  32  37  40  38  37  43  64  89 140 153 159 156 161 168 165 160 159 159
 160 161 161 161 161 162 162 162 163 164 164 164 166 168 169 171 170 167
 165 164 165 168 171 170 170 171 173 174 174 174 175 173 171 173 175 176
 175 175 174 175 175 174 174 174 174 173 175 176 176 176 175 176 178 179
 180 181 181 182 183 186 187 186 183 183 183 184 186 188 189 189 189 190
 193 194 194 194 196 195 194 194 194 194 194 195 196 197 199 200 200 199
 200 200 201 201 200 201 201 202 204 205 206 206 207 205 204 207 208 209
 205  30]","[ 30  26 128 127 128 130 132 132 132 135 138 137 134 132 133 136 138 139
 137 134 133 136 138 139 139 138 137 135 128 118 108 104 103 101  98  97
  95  92  89  88  87  83  79  77  72  64  55  47  51  49  46  42  40  39
  36  33  31  29  25  25  29  32  34  36  34  33  31  30  29  29  30  30
  34  34  37  43  46  47  50  53  81 115 150 155 153 161 160 160 159 159
 160 161 161 161 161 162 162 163 163 163 164 165 166 168 165 168 168 167
 167 167 168 171 171 169 168 170 173 174 174 174 175 173 172 174 176 176
 175 175 173 175 176 176 176 176 174 173 175 176 177 178 178 179 180 180
 180 180 180 180 182 186 187 187 184 184 185 186 188 189 189 189 188 189
 192 194 193 194 195 195 195 194 194 194 195 196 198 199 201 200 198 198
 198 200 201 202 203 202 202 202 204 206 207 207 206 204 203 207 208 209
 205  29]","[ 29  27 131 131 131 132 131 130 132 135 137 135 132 130 132 134 137 139
 139 135 134 136 138 137 137 137 135 129 120 111 105 103 104 102 100  98
  96  93  92  91  89  83  82  83  74  61  47  38  40  40  40  39  38  37
  32  28  26  25  23  23  27  28  30  32  32  33  33  33  33  33  34  35
  34  33  37  43  49  53  53  51  59  92 136 155 158 160 159 159 158 159
 160 161 161 161 161 161 163 164 165 164 163 165 167 167 166 168 168 168
 169 168 167 169 172 170 169 170 172 173 173 173 171 171 172 175 176 175
 174 174 174 176 177 177 177 177 177 176 177 177 178 179 180 180 181 181
 179 180 179 179 181 185 186 186 186 186 186 188 189 190 189 188 188 188
 191 193 192 193 194 193 195 195 195 195 196 198 200 202 200 199 198 198
 198 200 202 204 204 203 203 203 204 205 206 206 205 205 204 207 209 210
 206  28]","[ 29  29 134 133 133 132 132 132 131 133 134 133 130 130 132 135 136 138
 137 135 135 138 139 136 136 136 132 122 113 107 104 102 101 100  98  96
  95  94  92  91  90  80  78  78  67  52  43  37  33  33  32  30  31  31
  29  26  23  24  24  23  25  25  26  29  30  31  34  35  36  36  36  37
  40  40  42  43  45  50  55  56  60  85 119 148 158 158 161 161 159 160
 161 162 162 162 161 161 163 165 165 164 164 166 167 167 167 168 168 168
 168 167 167 170 173 172 171 171 172 172 173 173 169 170 173 176 176 174
 173 174 174 175 176 176 176 177 178 178 178 178 178 179 180 180 181 181
 180 181 181 181 183 185 187 186 186 186 187 188 189 189 189 188 190 189
 192 193 193 193 192 191 195 195 195 195 197 198 200 201 199 200 200 200
 199 199 201 203 203 204 204 204 204 204 205 206 206 206 206 209 210 211
 206  29]","[ 29  28 132 130 129 130 133 134 131 132 132 132 131 132 135 137 136 137
 136 135 138 141 140 137 137 135 127 116 109 107 105 102  97  97  96  95
  95  94  92  89  87  76  73  71  57  45  38  33  28  27  26  24  24  24
  23  21  23  25  24  23  23  23  25  29  31  33  34  35  34  33  31  31
  37  38  40  43  47  51  53  54  63  87 114 142 155 156 160 160 160 162
 163 162 162 162 161 161 161 162 164 164 164 165 166 167 168 167 165 164
 166 166 168 171 170 170 170 171 171 171 172 174 170 171 174 176 176 174
 173 174 173 174 174 173 174 175 177 178 179 179 179 179 179 180 180 180
 180 182 183 184 185 187 188 187 188 188 188 189 189 190 190 190 192 191
 193 193 192 192 193 191 195 194 194 195 197 198 200 200 200 200 202 202
 200 198 199 201 203 204 205 205 205 205 206 207 207 207 207 209 209 211
 206  29]","[ 29  27 130 129 130 131 134 134 132 132 132 132 133 134 136 136 134 132
 131 133 137 139 137 134 134 128 118 111 107 106 104 101  95  96  96  97
  97  95  90  85  83  76  73  67  53  44  39  31  24  24  24  22  21  21
  19  18  20  22  23  23  24  25  27  31  32  32  33  33  32  30  28  27
  33  38  40  39  40  41  45  52  59  75  94 115 135 148 159 167 162 163
 163 161 161 161 161 160 160 161 162 164 164 164 165 167 172 170 167 165
 166 165 165 169 169 169 170 170 171 170 171 172 171 171 172 174 175 174
 173 173 173 175 175 174 174 176 177 178 179 179 179 179 179 179 179 180
 180 183 185 185 186 188 188 188 188 189 189 189 189 189 191 192 192 192
 193 193 190 191 193 194 196 195 195 196 197 199 200 200 200 200 201 201
 200 198 199 201 203 204 204 205 206 207 208 208 207 208 208 210 209 210
 206  28]","[ 30  28 132 133 135 136 135 132 133 133 133 134 134 135 134 134 134 132
 131 133 137 138 135 132 128 119 109 105 105 104 101  99  96  97  97  98
  99  96  88  81  77  72  68  59  46  44  41  31  25  25  23  20  19  20
  20  20  22  24  24  25  25  24  23  25  27  28  29  30  30  30  30  30
  33  37  36  36  39  38  37  42  52  61  70  68  72  88 113 146 163 164
 163 161 160 160 161 160 162 161 163 166 166 164 165 167 172 170 168 169
 170 169 169 172 171 171 171 172 172 171 171 171 171 169 168 171 174 175
 173 173 175 177 178 177 177 177 179 179 178 179 179 180 179 179 179 179
 180 183 186 186 186 187 188 188 187 188 188 187 187 188 190 192 191 191
 193 192 188 189 194 197 196 195 195 195 197 198 199 200 200 199 199 201
 201 200 201 204 204 204 204 205 207 208 208 208 208 210 210 210 209 210
 207  29]","[ 29  29 132 130 132 135 136 133 131 131 132 135 137 137 135 133 133 134
 134 138 137 134 135 128 118 114 109 106 105 105 104 103 100 101  99 100
 100  98  93  82  76  71  67  55  42  38  35  32  23  24  22  20  18  18
  21  21  23  24  25  23  24  25  21  21  22  27  26  27  25  26  33  31
  31  35  37  34  34  34  28  24  39  50  54  56  51  49  69  92 128 152
 161 161 159 160 157 160 163 162 162 164 165 165 165 165 165 167 169 171
 171 170 169 168 168 170 172 171 170 170 171 173 172 171 170 172 174 175
 175 175 176 177 179 181 181 181 180 180 180 179 179 179 180 181 181 181
 181 183 185 186 186 187 188 188 186 187 187 186 188 191 193 192 193 193
 193 194 194 193 194 195 195 196 195 195 195 197 199 199 200 199 199 200
 202 203 203 203 202 203 204 206 207 209 208 207 209 210 211 211 211 211
 204  29]","[ 29  29 134 133 132 133 134 134 130 129 130 134 138 138 137 136 136 137
 135 137 135 132 129 121 112 109 106 105 105 103 100  98  98  99  97  98
  97  93  88  77  72  67  64  56  43  38  36  31  27  25  19  22  17  19
  22  24  23  24  25  26  24  21  22  23  25  27  30  26  23  27  32  34
  34  33  31  30  34  35  32  31  28  39  45  49  48  47  60  75  94 133
 153 161 158 158 157 161 161 162 163 165 165 164 163 163 164 165 167 168
 169 169 168 167 167 168 168 169 169 170 172 173 173 172 172 173 174 174
 175 176 175 177 178 179 180 179 179 179 180 179 179 180 181 181 181 180
 183 184 186 186 187 187 187 187 186 188 188 188 188 190 191 192 192 192
 192 191 191 193 194 194 195 196 196 195 195 197 198 199 198 198 197 198
 200 202 203 203 202 203 203 204 206 208 208 208 209 210 210 210 209 210
 204  29]","[ 28  29 136 135 133 131 133 134 132 130 130 135 138 138 137 138 136 136
 135 135 134 132 128 118 108 106 104 103 103 101  98  95  97  98  98  99
  97  92  86  75  69  64  60  55  44  39  39  32  24  21  17  27  21  22
  22  22  23  29  30  33  39  54  67  62  34  24  24  23  26  31  30  32
  30  33  34  34  32  29  30  29  32  39  41  44  46  44  51  61  74 120
 144 160 158 158 158 160 165 165 165 165 164 164 165 167 166 166 167 168
 169 169 169 168 166 166 166 168 169 171 172 173 172 173 174 174 173 173
 174 176 176 177 178 179 179 179 179 180 179 179 179 180 182 183 183 182
 184 185 186 187 187 187 186 186 186 187 189 189 188 187 188 190 192 193
 192 189 190 194 195 194 195 196 196 195 196 198 199 199 199 198 197 198
 199 202 203 204 204 204 203 204 206 208 209 209 210 209 209 208 208 209
 204  29]","[ 29  29 135 136 133 130 132 135 136 133 133 136 137 135 134 137 138 138
 137 134 132 130 123 113 106 104 102 101 100  97  95  95  97  99 101 103
 100  95  89  79  72  66  58  52  42  38  39  32  30  32  34  39  28  23
  23  23  20  30  35  47  67 101 133 132 102  64  32  23  29  35  33  33
  33  36  34  33  33  34  35  29  32  35  38  43  48  47  52  61  61 109
 134 156 157 159 161 161 165 165 164 163 162 162 165 168 168 168 168 168
 169 169 170 170 167 167 167 168 171 173 173 172 172 172 173 174 173 173
 174 176 176 177 178 178 179 179 180 181 181 180 180 181 182 183 184 183
 183 184 185 186 186 186 186 186 187 187 189 190 189 187 187 189 193 194
 193 191 192 195 196 195 196 196 196 196 198 199 200 200 201 200 199 199
 200 202 203 203 204 204 203 203 205 207 208 207 209 208 207 208 208 210
 205  30]","[ 29  28 134 134 132 130 132 136 138 136 136 136 135 131 131 134 136 137
 138 133 128 124 116 106 103 102 101  99  96  92  92  94  96  99 102 104
 101  95  89  80  66  62  54  47  41  42  45  43  51  73  99 105  95  79
  75  70  68  81  96 115 125 135 152 151 148 125  96  76  56  38  30  24
  27  28  31  33  31  31  34  32  36  37  40  45  47  42  43  52  61 108
 135 158 160 159 161 163 161 163 165 166 166 164 165 166 167 167 167 168
 168 169 170 170 170 168 166 167 170 172 173 173 173 173 173 174 174 174
 175 176 176 176 177 178 179 179 180 181 184 182 181 181 181 182 182 182
 181 182 183 185 186 186 186 186 189 188 189 191 191 190 189 190 194 193
 192 193 194 195 196 197 197 197 197 197 198 200 200 200 202 201 200 200
 200 201 201 201 203 203 203 203 204 205 205 204 207 207 207 208 210 211
 206  30]","[ 30  28 133 133 132 130 133 136 136 137 137 137 135 133 133 135 133 135
 137 131 123 117 109 102 102 102 101 100  95  91  92  95  97 100 101 103
  98  91  86  78  59  55  50  43  41  44  49  60  79 106 137 147 154 149
 154 150 148 154 158 163 159 155 157 153 156 158 154 152 138 110  79  48
  39  29  27  26  23  25  31  37  34  34  38  42  46  44  46  57  74 117
 142 157 162 160 162 162 163 164 166 168 167 167 167 168 167 168 169 169
 170 170 171 172 171 169 166 165 168 171 173 174 176 175 174 175 176 176
 175 176 176 177 178 179 179 180 181 182 182 181 180 180 181 182 182 182
 180 182 183 185 186 186 187 187 188 188 188 190 191 190 190 190 193 192
 192 194 195 194 195 196 198 198 197 197 198 199 200 200 201 201 201 201
 201 201 201 200 204 205 205 205 205 206 206 206 206 206 207 209 211 213
 205  30]","[ 30  28 133 132 131 131 133 135 135 137 138 138 137 137 137 136 137 135
 136 125 112 106 101 100 103 101 100  97  93  89  92  98 101 102 101 100
  93  85  81  75  62  56  52  42  40  40  46  74 104 127 145 150 157 152
 151 147 147 150 153 153 153 154 153 148 150 150 149 151 155 161 163 157
 127  95  69  42  28  31  30  32  39  39  40  39  42  44  45  54  73 115
 144 152 160 162 164 163 164 164 164 165 166 166 167 169 168 170 171 171
 171 170 171 172 171 170 168 167 169 171 173 173 176 175 175 175 176 176
 176 176 177 178 179 180 180 180 180 181 180 179 179 180 182 183 183 182
 181 183 185 186 186 186 187 187 187 188 188 188 188 189 190 190 192 192
 193 193 194 195 195 195 198 198 197 196 197 199 200 201 201 201 201 202
 202 202 202 202 205 205 206 206 206 207 208 208 207 206 207 210 213 214
 206  29]","[ 29  29 134 132 131 131 133 135 134 136 137 137 138 140 139 136 135 131
 130 117 103 100 100 105 102  99  95  92  88  86  91  98 103 104 101  98
  90  82  79  74  63  55  51  41  39  39  48  88 117 138 148 148 149 147
 148 151 153 152 153 152 152 151 150 155 153 149 152 152 152 156 155 158
 152 130 107  61  30  31  29  31  31  35  38  37  41  46  44  48  63 113
 152 155 161 162 165 164 165 165 166 168 170 169 168 168 168 169 171 171
 169 168 169 170 171 171 171 172 172 173 172 172 174 174 174 175 175 175
 176 177 177 178 179 179 179 179 179 179 181 181 181 181 182 182 181 180
 183 184 186 187 186 186 186 187 186 188 189 187 187 188 190 190 192 194
 195 193 193 196 197 196 196 197 197 196 196 199 201 202 200 200 200 201
 201 202 202 203 202 203 204 204 204 205 206 207 207 207 208 211 213 214
 206  29]","[ 29  28 132 132 131 132 135 138 136 138 136 139 140 138 137 136 132 127
 120 107 102 104 103 103 102  96  90  87  88  91  96  99 103 102 100  96
  91  84  75  67  59  52  46  35  38  43  67 104 128 149 157 150 149 151
 151 152 149 151 153 155 154 152 151 151 151 150 154 156 151 150 152 154
 140 126  99  49  36  30  26  29  32  32  37  38  37  40  45  55  70 123
 162 162 159 162 163 164 165 167 167 170 169 166 169 169 170 169 169 170
 170 167 165 168 169 171 172 173 173 173 172 172 173 173 174 175 175 174
 175 177 178 178 178 180 180 180 181 182 184 182 180 181 182 182 181 179
 182 185 187 186 185 186 187 188 188 189 189 187 187 188 190 192 193 194
 194 194 194 194 195 195 195 198 199 197 198 201 202 200 199 199 201 202
 201 200 201 203 204 202 202 204 206 207 206 206 207 209 212 211 211 210
 208  28]","[ 30  29 132 130 130 133 138 140 138 138 135 136 137 137 138 134 124 117
 111 104 102 104 103 104 101  96  91  89  90  94  99 103 104 103 100  96
  90  82  71  62  57  43  42  41  33  51  88 115 137 148 153 151 152 154
 152 151 152 152 153 153 153 152 152 153 152 152 155 155 153 154 154 153
 132 112  68  33  29  28  25  28  32  32  34  35  38  40  43  51  77 130
 160 161 160 162 163 166 166 167 166 168 168 165 166 165 167 168 167 168
 169 166 163 164 167 169 171 173 174 173 173 173 175 174 175 176 175 175
 176 178 178 178 178 178 177 178 181 184 182 182 181 181 182 182 182 182
 186 187 188 187 186 187 187 186 189 189 189 188 188 190 192 192 194 195
 195 195 195 195 195 195 195 198 199 198 198 200 201 201 201 201 201 202
 202 201 201 202 204 204 204 205 206 206 207 207 209 208 211 211 210 210
 209  28]","[ 30  29 132 130 130 134 138 138 137 136 135 136 137 139 135 123 113 104
 101 102 104 105 101 102 100  95  91  91  93  96 100 104 103 102  99  95
  89  80  68  59  53  48  42  44  41  59  94 125 148 148 150 151 153 153
 153 153 154 153 153 153 153 152 153 154 153 154 154 153 154 155 154 150
 131 103  49  32  31  31  27  28  28  32  36  38  42  42  40  48  85 138
 156 159 159 162 164 167 167 166 164 167 167 166 167 167 169 169 168 168
 171 170 167 167 166 168 170 173 174 174 174 173 175 175 175 175 175 176
 178 180 179 179 178 177 175 175 178 182 180 180 181 181 181 181 183 184
 186 186 186 186 187 188 188 187 189 189 188 188 189 190 192 193 195 195
 195 195 195 195 195 195 195 196 197 197 196 197 198 199 202 202 202 202
 202 202 202 202 203 203 204 205 206 207 209 211 212 210 213 214 214 213
 210  30]","[ 29  29 132 131 132 135 137 135 136 134 133 136 136 134 127 109 103  97
  97 101 105 105  99  97  97  93  90  91  93  95  98 101 102 101  98  94
  88  80  68  58  52  58  46  47  53  60  88 128 146 146 149 152 152 151
 152 153 153 153 154 155 155 154 153 154 154 156 153 152 153 154 154 150
 126  89  41  33  28  26  25  28  29  35  38  36  39  36  33  42  88 146
 156 158 159 164 165 167 166 165 162 163 164 163 166 167 167 167 165 165
 169 171 170 170 169 170 172 173 174 175 174 174 175 175 174 174 174 175
 178 180 179 180 180 179 176 175 176 178 179 179 180 180 180 182 184 186
 185 184 185 185 187 188 188 187 188 188 189 189 189 189 191 193 195 195
 195 195 194 194 194 195 196 196 196 197 196 195 197 199 202 201 201 202
 202 203 202 202 202 202 203 204 206 207 210 212 211 209 212 214 216 214
 209  28]","[ 29  29 133 133 134 137 137 135 137 135 135 135 129 123 118 105  99  97
  99 101 104 105  99  96  96  92  90  92  94  95  97  99 102 101  98  95
  91  82  68  57  57  55  51  54  56  59  94 131 141 143 149 152 151 151
 152 151 152 152 153 154 155 154 154 154 154 155 153 154 155 156 157 153
 133  84  50  39  26  24  29  33  31  35  34  33  41  45  49  61  90 152
 160 160 161 165 167 166 166 167 165 166 165 163 166 167 165 165 162 163
 168 172 171 171 172 172 172 173 174 175 175 175 174 174 174 173 174 176
 178 179 179 179 180 180 179 178 178 179 179 179 180 180 181 183 185 186
 186 186 186 186 186 185 185 186 188 189 190 190 189 188 191 193 195 195
 195 194 194 194 194 195 198 198 198 199 198 197 199 202 202 201 201 201
 202 203 203 203 204 203 202 204 205 207 209 210 212 209 211 213 215 214
 210  29]","[ 30  28 132 133 136 137 138 138 136 138 139 135 124 115 111 104 102 102
 103 102 103 105 101  99  97  93  92  95  99  99 100 101 101 100  99  98
  95  87  73  61  62  52  52  55  57  59  97 135 148 150 150 148 149 152
 153 152 152 152 152 153 154 154 154 154 151 153 152 155 156 159 161 149
 121  70  49  37  25  25  29  31  35  34  32  30  39  47  52  62  93 154
 164 161 162 165 166 164 164 167 167 170 168 165 167 168 165 165 165 166
 171 173 171 171 171 171 171 171 172 173 174 174 174 174 174 174 175 177
 178 179 178 177 177 178 179 179 179 180 180 179 179 180 182 183 184 185
 186 186 187 187 186 185 186 188 189 190 191 192 191 189 191 194 195 195
 195 195 194 194 195 196 198 198 198 199 198 198 200 203 202 202 202 202
 203 204 204 204 204 203 203 204 207 209 211 212 213 211 211 210 212 214
 211  30]","[ 30  27 133 135 138 138 138 139 136 140 137 129 120 113 110 104 105 104
 105 103 103 104 101 100  97  93  93  98 103 104 104 104 102 100  98  96
  94  87  75  65  60  55  51  53  58  62  88 131 149 154 152 148 149 152
 152 154 152 152 153 154 155 155 154 154 151 152 152 155 155 159 157 134
  89  51  40  34  30  33  32  33  31  31  33  34  41  50  58  68  98 152
 165 161 162 163 164 163 161 163 164 167 166 164 168 169 167 166 166 168
 171 171 169 170 171 171 170 171 172 173 173 173 173 174 175 174 175 177
 178 178 177 176 177 178 179 178 179 179 180 180 180 181 181 182 183 183
 183 183 185 186 187 187 189 191 191 190 191 192 192 191 192 195 195 195
 195 195 195 195 196 196 196 196 196 196 197 198 200 202 202 203 203 202
 204 206 207 206 207 206 205 207 210 212 213 214 212 212 212 210 212 214
 211  28]","[ 30  28 134 139 141 139 138 138 140 140 129 117 113 113 111 104 103 102
 104 104 103 102  97  96  96  92  92  98 104 105 104 104 105 101  96  91
  88  83  72  63  57  54  51  55  58  64  81 121 137 149 154 153 155 154
 151 154 152 153 155 157 158 156 154 153 152 154 153 154 153 158 152 118
  72  45  34  30  29  32  28  30  30  32  36  34  35  45  58  70 102 150
 166 161 164 162 164 165 166 167 165 167 166 165 169 171 171 170 168 170
 172 171 170 173 173 172 172 172 173 174 173 173 173 174 175 175 176 178
 178 177 178 178 180 181 180 178 177 177 180 181 182 182 181 182 182 183
 182 182 183 185 187 188 189 191 191 189 190 192 193 193 193 194 194 195
 195 194 194 195 195 196 196 196 196 196 197 199 201 202 201 203 203 203
 205 208 209 209 212 211 210 211 211 211 212 213 215 217 219 217 218 219
 213  29]","[ 28  28 134 136 139 139 138 137 141 133 122 115 113 111 108 104 105 106
 107 107 105 102  99  98  96  94  99 105 107 106 107 109 108 102  97  94
  88  79  69  61  58  48  50  53  58  63  82 123 146 150 151 151 153 154
 153 153 153 153 154 156 158 156 153 154 155 159 157 153 154 155 154 105
  45  29  30  30  29  33  30  31  29  32  39  41  39  44  60  73 103 138
 161 160 162 160 163 162 166 167 166 167 167 166 167 171 172 171 169 168
 168 170 170 170 171 171 171 171 172 174 174 174 175 174 173 175 177 178
 176 174 177 178 179 180 180 179 179 179 179 181 182 182 181 182 183 184
 182 184 185 186 187 187 188 192 193 191 189 190 192 195 195 195 195 196
 195 193 194 196 197 195 199 200 200 200 200 201 202 203 206 203 202 207
 212 210 209 211 214 215 215 214 213 213 213 213 217 217 218 216 216 218
 213  28]","[ 31  28 133 135 138 139 139 139 130 124 118 114 113 112 111 109 108 110
 112 110 107 103 101 101  97  95  99 107 110 109 109 109 107 103 103 101
  95  83  70  60  53  53  52  51  51  56  82 119 143 148 152 154 156 156
 156 157 155 155 154 154 155 153 152 155 156 156 153 157 159 155 139  90
  33  21  25  28  29  33  30  32  32  30  35  38  44  49  57  78 106 138
 160 160 162 161 167 168 166 166 166 167 169 168 168 171 169 169 168 167
 168 169 169 169 171 171 172 173 174 174 174 173 174 174 174 176 178 178
 177 175 178 178 178 179 179 179 179 179 182 183 183 182 182 183 186 187
 185 186 186 186 188 189 191 195 194 193 192 192 194 196 197 196 197 198
 197 196 197 200 201 200 203 203 204 204 204 204 205 206 208 206 206 209
 213 212 210 212 210 212 214 214 215 215 214 213 215 212 214 214 215 217
 212  29]","[ 30  26 130 133 136 137 136 136 130 125 118 113 110 109 109 108 110 112
 113 111 105 100  99 100  96  95  99 107 112 112 111 110 105 103 102 101
  94  84  74  65  58  56  51  54  51  49  78 117 138 144 150 153 154 153
 153 156 159 159 158 157 157 155 155 158 159 163 157 155 152 147 118  71
  30  21  26  30  32  35  34  36  36  34  34  38  46  51  63  85 103 134
 156 160 162 159 163 164 165 165 165 166 169 169 168 170 170 171 171 171
 171 172 172 172 171 171 172 174 175 174 173 173 175 175 176 177 179 180
 179 177 179 178 178 179 180 181 181 181 183 184 184 184 184 186 188 189
 187 189 188 187 190 193 194 196 195 194 194 194 195 196 197 197 200 201
 200 199 198 200 200 200 203 204 205 205 205 204 205 206 208 208 208 210
 212 212 211 212 210 212 213 214 214 213 212 210 213 209 211 213 215 216
 212  30]","[ 30  27 133 137 139 138 136 135 131 126 118 113 110 111 113 114 115 117
 118 114 107 102 101 101  94  93  99 108 113 113 112 110 104 100  98  96
  90  83  74  67  64  57  51  55  56  54  79 116 138 146 152 154 155 155
 156 158 157 158 157 157 157 156 154 156 155 160 160 158 162 154 114  64
  35  27  29  31  31  33  33  36  35  37  34  38  42  47  68  87 118 145
 163 167 169 165 166 167 166 167 166 167 169 169 168 169 171 171 172 171
 171 172 173 173 174 172 171 174 175 174 175 177 177 177 178 180 181 181
 181 181 180 180 180 182 184 185 185 184 183 185 187 188 189 189 189 189
 188 190 190 189 193 196 196 195 195 195 195 195 195 196 196 196 201 201
 201 199 198 198 199 199 201 202 203 203 203 203 204 205 206 208 208 208
 210 211 210 211 212 212 212 212 212 213 212 210 211 209 212 214 215 216
 212  29]","[ 30  29 136 139 140 138 137 136 131 125 117 113 112 115 117 118 116 118
 119 115 108 104 102 102  96  97 102 110 113 112 111 109 102  99  97  95
  89  82  71  62  60  56  56  55  61  70  87 117 138 146 151 151 152 155
 156 156 156 156 155 156 157 156 154 154 156 156 160 157 160 134  91  50
  39  34  33  34  33  32  32  35  34  38  37  36  44  49  62  95 137 156
 163 165 165 165 167 170 169 171 171 170 171 171 171 172 174 174 174 172
 171 173 174 175 179 176 175 177 178 177 178 181 181 181 181 181 182 182
 182 182 182 182 183 185 187 188 186 185 184 186 189 191 191 192 191 190
 189 191 190 190 193 196 195 194 195 195 195 195 195 196 196 197 199 200
 200 200 199 199 201 202 201 202 203 204 204 204 206 207 207 209 209 207
 209 210 210 211 210 211 212 212 213 214 214 213 210 212 216 216 216 218
 213  28]","[ 28  28 135 137 138 138 138 138 133 126 119 114 114 115 115 114 111 115
 116 112 107 103 101  99 102 102 107 112 113 112 110 108 104 101  98  95
  90  83  73  63  60  56  60  59  66  78  95 126 147 153 154 153 155 157
 157 157 157 156 154 154 157 157 156 155 156 156 160 157 158 129  89  51
  37  36  36  39  38  36  35  36  34  34  38  33  50  53  54 108 153 167
 168 167 166 169 170 173 173 175 176 175 175 175 176 178 179 179 178 176
 175 177 179 180 180 179 179 180 181 180 179 180 182 182 182 182 182 182
 182 181 183 183 184 186 188 188 186 184 185 187 188 189 190 191 191 191
 191 192 191 189 192 194 195 195 195 195 195 195 195 196 196 197 199 200
 200 200 200 201 202 204 203 203 204 204 205 206 207 208 208 210 209 208
 209 210 210 211 210 211 213 214 214 215 214 212 211 214 219 218 218 220
 214  29]","[ 30  30 136 137 139 141 141 140 132 126 119 115 115 116 114 112 112 116
 119 115 110 106 103 101 105 105 108 112 113 112 110 107 106 103  99  95
  89  83  75  67  63  58  56  57  66  79 105 139 153 152 151 153 156 156
 154 154 155 155 154 154 157 158 157 157 159 158 158 160 160 128  79  32
  29  31  34  39  40  37  35  35  32  30  36  36  49  52  64 122 158 173
 173 172 171 173 172 173 174 178 179 178 178 179 179 180 179 179 178 177
 177 178 179 180 180 180 180 180 180 180 179 178 181 182 182 183 183 183
 182 181 182 182 183 184 186 187 187 186 186 187 187 187 188 190 191 191
 193 193 192 191 193 193 194 195 195 195 195 195 196 197 198 198 201 201
 201 201 201 201 202 203 203 203 204 205 206 207 207 207 206 208 208 208
 210 210 210 212 212 213 214 215 215 214 214 213 215 214 218 218 219 220
 214  29]","[ 28  29 135 135 138 140 140 136 135 129 121 116 115 114 112 110 114 120
 123 119 113 109 106 104 104 104 107 111 112 112 111 108 107 105 102  97
  89  81  73  64  62  61  50  47  59  83 118 147 155 151 149 155 160 158
 156 158 155 158 158 159 162 163 162 163 161 162 161 164 145 102  58  25
  26  30  34  39  42  38  36  36  35  36  41  48  48  52  89 136 163 178
 177 176 174 177 175 176 175 178 179 178 179 180 179 180 179 179 179 178
 179 179 180 180 179 180 179 179 179 180 179 178 179 180 181 183 185 185
 184 182 182 181 181 182 185 187 188 188 187 188 188 189 190 191 191 191
 192 193 193 194 194 193 192 195 197 196 196 196 197 199 200 200 200 200
 201 201 202 202 203 204 204 204 204 205 207 207 207 206 204 205 207 209
 212 211 211 213 214 215 215 215 215 217 218 218 219 214 216 217 219 219
 214  29]","[ 31  26 138 138 140 140 141 138 137 128 116 116 115 116 111 110 109 114
 119 121 120 115 109 104 103 105 109 110 110 109 110 111 108 107 104 100
  91  81  74  66  65  56  50  51  63  81 109 145 149 160 157 162 164 160
 162 158 161 161 163 162 165 168 167 166 165 172 163 139  86  58  31  26
  29  31  33  35  35  35  35  35  38  39  45  52  53  70 131 160 171 172
 175 178 179 178 177 176 175 177 178 179 178 178 179 180 179 179 179 179
 179 181 182 182 182 181 180 180 181 180 180 179 179 181 184 185 186 186
 185 185 182 184 185 186 186 187 188 188 187 189 191 189 188 189 192 194
 193 192 192 193 194 195 195 195 197 197 197 199 200 201 200 200 200 200
 200 201 202 202 203 203 203 203 205 206 207 207 207 207 207 208 209 210
 210 211 211 210 214 214 215 216 216 217 218 219 217 220 217 215 221 220
 213  30]","[ 30  28 141 141 141 141 143 142 141 138 132 122 116 113 111 108 108 112
 118 121 120 117 110 105 104 108 111 111 108 106 107 109 110 107 104 102
  93  82  76  69  58  57  59  56  59  71  92 118 142 150 150 161 166 164
 165 166 159 160 165 170 168 165 165 166 164 164 135  87  41  37  30  25
  29  32  34  34  35  36  36  36  36  42  48  51  63  95 146 168 167 170
 174 177 177 176 175 175 177 178 179 179 179 179 179 179 179 179 179 179
 179 180 181 180 181 181 181 181 180 179 179 179 181 182 184 185 186 186
 186 185 185 186 186 186 186 187 188 188 188 189 190 190 190 190 192 193
 193 192 192 194 195 195 195 195 197 197 198 199 200 200 199 199 198 198
 200 202 202 202 202 202 204 205 206 207 208 208 208 208 209 209 210 210
 211 212 211 211 214 214 215 216 217 218 218 219 219 221 217 215 219 219
 214  29]","[ 29  29 144 144 143 142 145 145 149 150 145 127 118 112 113 110 109 112
 115 118 119 117 112 108 108 111 114 113 108 105 106 108 110 110 107 103
  94  84  78  70  66  61  57  53  56  64  66  64  63  71  83 106 122 135
 146 160 169 166 167 174 171 167 171 167 155 132  90  46  18  22  24  26
  31  34  36  35  36  38  39  39  38  44  48  43  69 113 150 169 170 173
 176 178 179 178 178 178 179 179 180 180 180 179 179 179 178 179 179 179
 179 180 180 179 181 181 182 182 181 180 181 181 183 183 184 185 186 186
 186 186 186 187 187 186 186 187 187 188 190 189 189 191 192 192 192 193
 194 193 193 195 197 197 196 196 197 198 199 199 199 199 199 199 198 199
 201 203 203 203 203 204 206 207 208 210 210 210 209 209 210 211 211 211
 212 213 212 211 214 214 215 216 218 218 218 218 220 221 220 219 220 220
 215  29]","[ 29  29 146 146 145 144 148 148 150 151 144 126 116 112 113 109 112 112
 114 116 117 116 113 110 110 113 115 114 110 107 108 110 113 116 113 106
  95  87  80  70  61  58  57  53  52  59  58  47  42  32  25  30  33  44
  50  65  86 105 130 156 160 156 153 137 110  68  33  20  22  25  25  28
  32  35  36  36  38  41  41  39  42  45  52  45  86 131 155 172 173 175
 176 176 176 177 179 180 180 180 180 180 180 180 179 179 179 179 180 180
 181 181 181 180 180 181 182 182 182 182 183 184 185 185 185 186 187 187
 187 187 186 186 186 187 187 188 188 189 189 188 189 192 193 192 192 194
 194 193 194 196 198 198 197 197 197 198 199 199 199 199 200 201 201 202
 202 203 203 203 205 207 207 208 209 211 211 211 210 210 211 211 211 211
 213 214 214 213 216 216 216 217 218 219 218 218 219 220 223 224 222 223
 218  29]","[ 30  30 147 148 147 147 150 150 151 150 142 132 120 116 112 111 113 113
 114 116 118 117 114 111 110 112 113 113 111 110 111 112 114 115 112 106
  94  82  75  67  58  56  56  55  54  60  63  55  46  32  25  25  26  30
  22  24  33  34  42  63  76  78  74  52  32  22  24  27  27  21  21  27
  29  31  33  34  37  41  40  38  40  42  55  55 112 154 168 177 175 177
 178 177 176 177 178 179 179 179 179 179 180 180 180 179 179 180 181 182
 182 182 182 181 181 181 182 181 182 184 185 185 187 186 186 187 187 188
 188 188 186 186 186 188 188 188 188 188 188 187 189 192 193 191 192 194
 194 193 194 195 197 197 197 196 197 199 200 200 200 200 201 202 202 202
 203 203 203 203 204 206 207 208 209 210 211 211 211 211 210 211 211 212
 214 215 216 215 218 218 218 218 219 219 219 219 219 219 223 225 223 225
 219  29]","[ 29  30 146 148 148 147 151 150 151 151 146 143 129 121 113 113 111 112
 115 119 121 119 115 112 111 111 111 112 114 115 115 115 116 112 108 106
  96  80  72  67  65  57  52  54  55  60  62  52  43  31  28  24  24  26
  24  26  21  16  15  22  23  22  27  23  24  19  20  20  22  25  26  27
  27  28  30  33  37  40  40  38  42  44  58  70 131 167 175 174 175 178
 181 180 180 180 180 179 178 178 178 179 180 180 180 180 180 181 182 182
 183 183 183 182 182 183 183 182 183 185 186 185 187 187 187 187 188 188
 188 188 187 186 187 189 189 188 187 188 188 189 191 193 193 191 192 195
 195 194 195 196 197 197 197 198 199 200 201 201 200 200 201 202 201 202
 203 205 205 204 204 205 207 208 209 210 211 211 211 211 210 211 213 214
 215 216 217 217 219 218 218 218 219 219 220 220 220 220 222 223 222 224
 219  29]","[ 29  29 145 147 147 146 150 150 148 147 146 145 136 124 114 112 109 110
 114 118 120 118 114 112 112 111 111 112 115 117 117 116 120 115 110 109
 103  90  81  73  64  58  51  51  51  54  60  57  41  31  31  25  24  19
  22  23  23  18  19  25  28  29  29  28  24  20  22  23  23  26  27  30
  29  29  32  36  39  40  41  42  48  53  70 100 149 172 174 172 173 176
 179 179 179 180 179 178 178 178 179 179 180 181 181 181 181 182 183 182
 182 183 182 181 182 184 185 185 185 186 187 186 187 187 188 188 188 188
 189 189 189 187 187 189 189 188 187 188 191 193 194 194 193 193 194 195
 196 196 197 198 198 198 199 200 200 201 201 201 201 201 202 202 202 203
 204 205 206 206 206 207 208 208 209 209 210 211 211 211 211 213 215 216
 216 217 217 217 218 218 219 219 220 220 221 221 222 223 224 224 224 226
 219  29]","[ 29  29 146 147 147 146 150 151 150 145 145 144 143 130 121 114 109 109
 112 116 118 116 113 112 111 110 110 112 115 116 117 116 117 116 111 107
 103  98  88  73  65  59  49  49  51  55  63  62  56  38  31  23  25  19
  25  23  23  22  23  24  29  33  28  25  24  22  23  25  24  30  29  30
  32  32  34  38  40  39  41  44  47  56  81 130 167 174 171 174 173 176
 177 178 179 181 181 180 179 179 180 180 181 181 181 181 182 183 183 182
 182 182 181 180 179 183 186 185 185 186 187 187 186 187 188 188 188 188
 189 189 190 188 187 189 189 188 188 189 193 195 195 194 193 194 194 193
 197 197 197 198 198 198 199 201 200 200 201 201 201 202 202 203 204 203
 203 204 205 206 208 209 209 209 209 209 210 210 211 211 213 215 217 217
 217 217 217 217 218 219 220 221 222 222 223 223 223 225 226 226 228 229
 220  29]","[ 30  30 148 147 145 146 149 152 152 151 147 147 143 130 121 116 107 108
 114 116 116 117 115 114 116 112 109 112 114 115 116 119 120 117 111 106
 100  96  77  68  67  61  56  48  48  55  58  60  57  44  31  24  22  22
  20  19  20  18  19  23  26  25  24  24  23  25  27  29  29  30  32  33
  38  38  41  41  38  41  45  44  45  47  77 133 168 180 175 174 174 176
 179 180 180 180 180 181 180 180 180 180 180 180 181 182 183 182 182 181
 181 181 181 181 183 184 185 186 186 186 186 186 186 188 186 186 187 189
 192 190 190 189 188 188 190 191 189 187 193 194 195 194 194 194 195 195
 196 196 197 198 199 199 199 200 199 200 200 201 204 203 202 202 204 204
 204 204 204 207 209 208 210 210 211 211 211 212 213 215 216 217 219 220
 218 215 215 216 220 220 221 223 223 223 224 225 226 224 226 227 229 228
 223  29]","[ 29  30 148 148 148 148 151 152 152 152 147 147 147 139 128 118 110 107
 110 111 112 115 116 117 116 113 112 114 115 115 116 117 118 118 112 102
  95  94  76  66  66  61  58  52  52  56  59  63  60  51  32  24  23  19
  18  19  21  20  20  23  24  23  23  23  23  25  28  30  33  36  38  40
  44  40  42  46  46  47  49  49  53  74 104 149 171 175 176 177 174 176
 178 179 179 178 179 179 177 178 179 180 180 181 183 184 181 182 182 181
 181 181 182 183 183 184 185 186 186 186 186 186 185 188 187 187 188 190
 193 191 190 190 189 189 190 192 193 193 194 195 195 195 195 196 197 196
 195 196 197 199 200 199 199 199 199 201 202 202 204 203 203 205 203 203
 204 203 202 204 207 207 210 211 211 211 211 213 214 216 217 217 218 219
 219 218 218 219 222 222 223 224 224 223 224 225 226 224 225 226 229 229
 224  29]","[ 28  29 147 148 148 149 150 150 149 152 149 147 149 146 137 126 118 110
 110 110 111 113 115 118 118 115 114 115 116 115 116 118 118 118 113 104
  96  92  78  68  65  60  57  53  51  54  58  65  62  59  39  28  26  19
  17  19  22  22  22  22  23  23  23  23  23  25  28  32  36  40  43  45
  47  52  60  65  62  58  56  54  64  85 112 155 179 180 178 174 175 176
 178 179 179 179 179 179 178 178 179 179 180 180 181 182 182 183 184 183
 181 181 183 185 184 185 187 187 186 186 186 187 188 191 189 188 188 189
 192 191 189 190 191 191 191 193 195 195 195 195 195 195 197 198 198 197
 195 196 197 199 200 200 199 199 200 203 204 203 203 203 204 206 207 207
 208 207 205 208 211 211 210 210 211 211 212 213 214 215 217 216 216 218
 219 220 220 220 225 225 225 226 226 226 227 228 228 225 226 227 231 230
 225  29]","[ 29  29 147 148 148 148 148 148 148 154 152 149 149 147 144 138 119 109
 107 108 110 112 113 117 118 116 115 115 115 115 117 119 120 116 113 110
 101  90  79  74  65  59  55  51  48  50  56  64  64  63  52  36  27  22
  18  19  23  23  23  23  24  26  27  26  26  28  31  36  40  43  45  45
  52  66  79  80  75  71  64  57  64  82 116 160 178 175 175 175 177 177
 178 179 180 180 180 180 179 180 180 180 180 180 180 180 184 185 185 184
 182 182 184 186 185 186 188 188 188 187 187 188 191 192 190 189 188 188
 192 192 188 191 194 194 194 194 194 194 195 194 194 195 198 199 199 198
 197 197 198 200 201 200 200 200 201 204 205 204 204 203 203 206 208 208
 210 209 208 210 212 211 211 212 213 213 214 214 215 215 217 216 216 217
 218 219 220 220 223 223 225 226 227 227 228 229 229 228 229 230 232 232
 226  29]","[ 29  30 148 148 147 148 149 149 149 155 154 152 151 148 147 144 128 115
 110 110 111 111 111 113 115 115 115 116 117 117 118 120 121 116 114 110
 100  88  81  75  66  60  56  51  49  50  54  62  68  65  65  44  25  24
  20  19  24  24  24  26  29  32  32  31  33  35  39  44  48  50  50  49
  62  73  81  82  81  79  73  67  75  90 135 170 177 175 176 179 180 179
 179 179 179 180 181 181 179 179 180 180 181 182 182 182 184 184 184 183
 183 183 184 185 187 187 187 188 188 189 188 187 188 190 189 190 190 190
 193 193 190 193 195 196 196 196 195 194 195 195 195 196 198 200 200 199
 199 199 200 201 202 201 202 202 203 206 206 206 207 205 204 206 209 209
 210 210 210 212 213 210 214 215 216 217 217 217 217 216 218 218 218 218
 218 219 220 220 220 221 223 225 226 226 227 228 228 229 231 232 233 232
 226  29]","[ 29  29 147 148 147 148 149 150 150 154 153 153 154 150 147 144 137 123
 115 112 111 111 110 113 112 113 115 118 119 119 119 119 121 119 116 107
  96  87  84  73  66  60  57  53  51  51  53  58  71  69  73  53  29  27
  24  22  24  24  25  28  32  35  37  37  41  43  48  53  57  59  59  58
  67  73  80  84  85  82  80  82  86 104 151 173 177 181 181 179 182 182
 181 180 180 181 181 181 179 180 180 181 183 183 183 183 185 184 184 184
 185 186 186 186 187 186 186 187 188 189 188 187 187 189 189 192 192 190
 192 191 192 194 195 195 195 196 196 196 197 197 197 198 200 201 201 200
 201 201 201 202 203 203 203 203 205 207 208 208 209 208 207 208 211 210
 211 211 211 214 214 211 216 216 217 218 219 218 218 217 217 219 219 218
 218 219 221 222 221 222 224 227 228 227 228 228 229 230 233 233 235 233
 227  30]","[ 29  28 146 146 147 148 148 148 148 152 151 152 154 152 150 145 139 125
 116 111 111 112 112 114 112 113 115 117 119 120 119 119 120 119 116 107
  97  88  86  73  65  59  55  52  52  53  53  56  68  73  77  68  47  33
  28  24  24  23  25  29  33  35  39  42  45  47  51  56  59  62  63  63
  66  73  79  83  85  81  82  88  89 121 162 172 174 176 179 179 182 181
 181 181 181 181 182 182 181 181 182 183 184 184 183 183 186 186 186 186
 187 187 187 187 187 187 187 187 188 189 188 187 190 191 190 192 192 190
 192 191 194 195 195 195 194 195 197 198 198 199 200 200 200 202 202 202
 202 202 202 203 204 203 203 204 207 209 209 209 210 209 209 210 210 209
 210 210 210 214 215 213 216 216 216 217 218 219 218 218 218 219 219 218
 218 220 222 223 224 225 227 229 230 230 230 231 231 231 232 232 236 235
 228  30]","[ 30  28 145 146 147 148 147 146 145 152 151 151 152 153 154 151 149 135
 124 117 114 114 111 111 114 114 115 116 118 119 120 120 118 115 114 110
 102  89  86  74  66  59  54  50  51  54  54  56  63  77  80  83  66  40
  32  24  23  23  26  30  32  34  39  44  46  48  50  53  57  60  62  63
  67  72  73  74  78  80  80  82 103 140 171 176 182 179 179 179 178 179
 180 181 181 181 182 182 181 181 182 183 184 185 185 184 187 187 187 187
 187 187 187 187 187 187 188 188 189 189 189 189 192 192 189 191 191 191
 195 195 195 197 198 196 195 195 197 198 199 200 201 201 201 201 202 202
 202 202 203 204 204 203 203 203 208 210 210 209 210 209 208 210 210 210
 211 212 212 216 219 219 217 216 216 217 218 219 220 220 220 220 219 218
 219 222 224 225 224 225 227 228 229 230 230 231 233 231 231 231 235 235
 227  29]","[ 28  29 148 148 147 145 146 147 148 150 152 153 153 153 153 154 148 148
 139 109 104 108 108 111 112 113 115 117 118 120 120 119 118 116 114 109
 103  98  85  68  65  54  53  53  51  53  54  54  60  72  80  79  71  54
  34  23  23  26  29  31  34  39  43  44  44  46  49  53  56  58  62  65
  68  70  73  75  73  76  73  80 117 150 174 177 178 179 178 179 179 181
 181 181 181 182 182 182 181 182 183 184 184 186 186 186 187 187 187 188
 188 189 189 189 189 188 189 190 190 189 190 192 193 192 193 194 195 194
 195 197 196 196 196 196 196 197 199 199 201 199 200 201 202 201 202 203
 204 202 205 207 204 204 204 202 205 206 208 210 210 210 210 211 211 213
 212 214 216 215 218 217 217 215 215 218 220 220 218 218 219 219 219 221
 221 220 222 225 225 226 228 230 232 232 231 231 233 232 232 234 236 234
 229  28]","[ 29  30 149 149 147 146 148 150 150 148 147 150 154 155 153 152 149 146
 137 112 104 107 105 107 111 113 116 117 117 117 119 120 119 117 115 111
 105  99  89  77  70  58  56  56  52  52  53  54  56  71  81  81  77  66
  43  22  23  29  36  40  43  45  45  44  49  49  51  54  58  62  64  66
  64  70  74  77  75  77  75  85 130 156 175 176 177 178 178 179 179 182
 183 183 183 182 182 182 182 182 183 184 185 187 187 187 187 187 187 188
 189 190 190 190 191 191 191 191 191 190 191 192 192 192 192 194 195 195
 196 197 197 197 197 196 197 198 200 200 202 201 200 201 201 201 201 202
 204 203 205 206 206 206 207 207 207 208 210 211 211 210 210 211 212 215
 216 217 216 215 218 220 219 218 218 220 222 222 221 221 220 220 221 222
 221 221 222 223 224 226 228 231 232 232 232 231 234 233 233 235 237 235
 230  29]","[ 28  29 148 148 145 145 148 151 151 150 150 152 154 154 153 152 151 147
 138 118 102 105 106 110 113 113 115 116 116 116 118 119 120 118 116 113
 106  99  91  83  75  63  59  58  54  53  54  56  58  72  82  82  83  81
  60  32  26  32  40  43  44  46  48  49  55  55  56  58  63  67  69  70
  69  76  81  82  79  81  92 115 156 173 182 180 179 179 179 180 179 181
 183 184 183 183 182 182 182 181 181 183 186 187 188 187 187 187 188 189
 189 190 191 192 193 194 194 193 192 192 192 192 192 192 193 195 195 195
 195 197 199 199 198 197 197 199 201 202 204 203 202 202 202 201 202 203
 202 204 204 204 206 209 209 210 210 210 211 212 212 211 210 210 212 217
 219 219 215 213 218 221 221 220 219 220 220 220 219 219 220 221 222 222
 221 222 222 222 223 226 229 231 232 232 231 231 233 233 234 235 237 234
 229  29]","[ 28  28 147 147 145 145 148 151 152 152 153 154 155 153 152 151 148 151
 152 141 117 112 111 115 117 114 112 115 117 119 119 119 121 119 117 115
 108  97  88  81  76  66  61  56  53  54  55  57  56  65  73  75  79  84
  73  51  35  36  40  43  43  44  49  55  57  59  62  63  66  70  74  75
  76  80  82  83  81  84 107 142 167 176 180 179 179 180 181 182 180 181
 182 182 183 183 183 182 182 182 182 184 186 187 187 187 188 188 189 189
 190 191 192 193 193 194 195 193 193 194 194 193 194 194 194 196 195 195
 195 197 200 200 199 198 198 200 202 203 204 203 203 202 202 202 202 203
 203 207 205 203 207 210 210 211 211 211 211 212 213 212 211 211 214 218
 219 219 216 214 218 221 220 220 220 220 219 218 217 217 219 221 222 220
 221 223 224 224 224 227 230 232 232 231 230 231 232 233 234 236 237 235
 230  28]","[ 30  29 147 148 147 147 149 150 152 151 151 154 156 154 150 147 149 153
 157 150 125 116 114 116 118 115 114 115 118 120 121 122 122 120 119 117
 110  97  83  77  74  68  62  53  51  54  56  57  56  59  66  72  77  83
  82  73  53  45  41  44  46  47  51  56  57  61  65  67  68  71  75  78
  81  82  84  87  86  87 115 153 172 176 177 177 178 180 181 181 182 181
 181 181 183 185 185 184 184 184 184 186 187 187 188 189 189 189 189 190
 190 191 192 193 192 194 195 194 194 195 195 194 195 195 195 196 196 196
 196 198 200 200 200 199 199 200 202 202 203 203 203 202 202 202 203 204
 206 210 209 206 209 211 211 211 211 211 212 213 214 213 213 213 216 218
 217 218 217 216 219 219 219 220 222 222 222 221 220 220 218 219 219 219
 220 224 227 227 225 228 231 232 232 231 232 232 233 235 237 238 239 236
 230  29]","[ 29  29 147 148 148 148 149 149 150 150 151 153 154 153 151 150 154 151
 150 144 125 116 114 112 113 115 116 116 116 118 121 123 121 121 119 117
 111  96  81  75  74  70  63  54  52  55  55  57  59  59  64  72  77  80
  82  83  74  59  46  44  47  51  53  56  58  62  66  69  70  72  75  79
  83  86  92  95  94  97 132 167 179 179 180 180 180 181 182 181 183 182
 180 180 183 185 186 186 186 185 186 187 187 186 187 189 191 190 190 190
 191 192 192 192 193 194 195 195 194 195 195 194 196 195 195 197 198 197
 197 198 200 201 201 200 200 201 202 202 203 204 205 204 204 205 205 206
 209 211 210 209 210 211 211 211 211 211 213 214 215 215 215 216 216 217
 215 217 218 218 219 218 220 221 223 223 223 222 221 219 217 218 218 218
 221 224 228 229 226 229 231 233 233 233 234 236 235 236 238 238 239 237
 231  29]","[ 28  28 147 148 148 148 149 150 150 150 150 151 152 152 153 154 154 151
 152 149 138 125 116 107 108 113 117 116 116 118 122 123 120 121 118 114
 108  94  81  77  76  70  65  58  56  55  54  58  60  58  59  65  72  74
  76  80  83  73  58  48  48  53  58  60  62  62  65  70  74  75  77  81
  82  85  93  99 103 114 152 179 177 178 179 180 180 182 184 183 184 183
 183 182 184 186 187 187 187 186 185 187 188 187 188 189 192 191 190 190
 191 192 193 192 194 195 195 196 196 195 194 195 196 195 196 198 199 198
 197 197 199 201 202 202 202 202 202 201 204 206 207 206 206 206 207 207
 210 208 209 209 208 209 211 211 211 212 213 214 215 214 215 216 215 216
 215 217 218 218 219 218 220 222 223 222 222 221 219 217 218 217 218 220
 222 224 226 228 228 229 231 232 232 234 236 237 236 237 237 236 238 237
 231  29]","[ 29  30 149 150 149 149 151 153 154 150 146 147 152 154 154 153 155 153
 154 151 145 129 120 109 107 113 116 116 118 122 123 121 121 121 117 112
 106  94  83  81  76  69  64  60  58  54  52  58  59  57  53  57  68  74
  77  80  81  81  73  59  53  57  63  65  64  60  62  69  75  77  78  81
  84  84  91 100 115 135 168 179 180 180 181 181 179 181 183 182 184 185
 186 186 186 187 188 188 189 186 186 188 190 189 189 190 193 191 189 190
 192 193 193 193 195 194 195 197 197 195 195 196 196 195 196 199 200 198
 196 195 199 201 203 203 203 203 202 201 203 205 207 206 206 206 207 206
 209 206 207 209 207 209 212 211 211 212 213 214 214 213 214 215 214 216
 216 219 219 218 220 220 219 221 221 221 222 222 221 218 218 218 219 222
 224 224 225 226 228 229 230 231 231 233 235 237 237 237 236 235 237 237
 231  29]","[ 30  29 150 149 149 152 152 155 154 153 151 152 154 155 154 151 153 156
 154 152 153 137 122 110 108 111 116 117 116 118 121 121 123 121 120 115
 106  99  92  81  78  68  65  59  58  55  54  55  58  57  57  58  65  76
  78  77  78  79  77  75  60  58  66  64  64  56  56  65  74  77  79  82
  83  87  89  97 110 156 177 182 179 180 181 180 179 179 179 180 185 185
 186 186 186 187 187 187 188 188 189 191 190 187 188 190 192 194 195 193
 193 194 194 193 195 195 196 196 194 195 196 195 197 195 194 197 199 200
 200 199 198 201 204 204 203 203 202 201 203 203 203 203 203 204 206 207
 205 208 209 209 209 210 210 210 210 210 212 213 214 215 215 216 215 216
 218 220 220 220 219 218 218 222 222 220 222 225 223 220 220 218 219 225
 227 226 226 228 229 229 231 233 235 235 236 236 236 233 233 235 239 240
 234  29]","[ 28  27 148 148 150 153 153 154 154 154 154 153 154 154 152 150 148 152
 154 156 157 145 131 116 109 111 114 115 114 116 119 119 124 123 122 116
 108 103  96  85  77  67  65  59  58  53  52  51  54  56  60  60  65  73
  76  77  79  81  79  79  66  63  67  66  65  60  54  59  72  78  78  81
  84  94  88 105 136 170 183 180 180 181 181 181 181 181 182 183 186 186
 186 186 186 186 187 187 187 187 188 190 190 189 190 192 193 194 194 194
 193 193 194 193 193 194 195 196 194 195 197 196 196 196 197 200 202 202
 200 199 200 202 203 202 202 203 204 204 202 203 204 205 206 207 208 208
 208 210 212 212 211 211 211 210 209 210 211 213 215 216 217 217 217 218
 219 220 221 220 220 219 218 222 221 218 219 220 219 218 218 217 220 226
 229 228 228 229 229 230 232 234 236 236 237 237 237 236 237 239 241 241
 234  29]","[ 29  28 149 149 150 152 151 152 152 154 155 154 154 154 154 154 155 155
 156 155 154 146 136 119 110 110 112 115 116 119 122 123 124 124 124 117
 108 103  96  86  75  67  65  57  54  50  49  48  51  52  57  60  66  73
  73  72  75  80  81  84  75  68  66  66  64  66  58  56  68  75  77  82
  84  89  91 118 158 178 182 179 180 181 182 182 182 182 183 183 185 186
 186 186 185 186 187 188 189 188 189 191 191 191 192 194 194 194 194 194
 194 193 194 195 193 194 196 196 195 196 198 197 197 197 199 201 202 202
 201 201 202 203 202 201 201 202 204 205 204 205 206 207 208 208 208 207
 206 209 211 212 211 211 211 211 210 211 212 214 216 217 217 217 218 218
 219 219 220 221 221 221 224 227 225 221 221 221 220 220 218 218 221 227
 230 230 230 231 229 230 232 234 236 236 236 237 235 235 237 239 240 239
 233  29]","[ 30  30 150 151 151 152 150 151 153 154 154 153 154 155 156 157 157 154
 155 154 152 149 145 126 117 113 114 117 118 120 122 122 123 123 123 118
 106  98  92  84  75  67  65  55  51  48  49  50  47  48  53  57  64  71
  70  69  71  79  84  90  85  75  64  64  64  68  63  57  63  73  79  83
  84  78  96 116 152 172 178 180 181 181 182 182 182 182 182 182 183 184
 185 185 185 187 189 190 191 191 190 191 191 191 192 194 193 192 193 194
 195 194 194 196 195 195 197 196 194 195 197 197 198 197 197 198 200 201
 202 203 202 202 202 202 202 202 203 203 203 203 204 206 207 207 206 205
 206 208 210 211 211 210 211 211 212 212 213 215 216 217 217 216 216 217
 217 218 220 221 223 224 225 227 225 222 222 221 220 220 220 221 223 228
 230 231 230 231 230 230 232 234 235 235 235 236 235 235 236 237 238 237
 233  30]","[ 28  29 151 151 151 152 152 154 154 154 154 153 153 155 155 155 154 153
 158 158 156 155 151 132 119 113 112 117 120 121 122 122 123 121 123 119
 106  94  88  84  74  67  65  56  51  47  50  53  44  46  53  56  60  64
  67  70  73  81  88  94  90  80  66  65  70  68  65  59  59  71  82  81
  82  83 110 128 163 180 182 181 182 182 183 184 183 183 183 183 183 185
 186 186 186 187 189 190 190 190 190 190 189 190 191 193 192 191 192 195
 195 194 194 195 196 195 196 195 193 194 197 197 198 196 196 197 199 201
 202 203 202 202 202 203 203 202 203 203 204 204 205 207 210 211 211 210
 210 210 211 212 211 210 211 212 213 214 214 216 217 217 216 216 216 216
 217 218 220 222 224 225 223 225 224 223 224 222 220 220 222 222 224 226
 228 230 230 230 231 231 233 234 235 235 235 235 237 236 236 237 239 239
 234  30]","[ 28  29 152 152 151 152 151 154 153 154 154 155 156 157 156 154 155 155
 160 160 158 156 154 137 123 114 110 116 121 123 124 125 123 121 122 119
 107  96  90  86  74  66  66  59  54  49  50  52  48  48  53  55  58  62
  64  68  74  81  87  91  87  80  67  67  73  70  69  63  54  64  80  83
  80  88 113 143 183 181 179 179 182 183 184 185 186 185 185 185 185 186
 187 186 186 187 188 188 188 189 191 191 190 191 192 194 193 192 193 194
 195 194 193 193 196 195 195 195 194 196 198 198 197 197 197 199 200 201
 201 202 203 202 202 203 204 204 205 206 207 207 207 208 211 212 212 212
 210 210 210 210 210 211 212 213 212 213 215 216 217 217 217 217 218 218
 219 219 221 223 224 225 224 225 225 226 227 225 222 223 222 223 224 225
 227 229 230 230 231 232 233 234 235 235 234 235 237 236 237 238 240 239
 232  28]","[ 29  31 153 153 152 153 151 152 152 154 155 157 158 159 158 157 156 156
 159 158 157 156 158 147 137 123 114 117 120 120 121 123 122 120 120 117
 107 101  95  89  77  67  66  62  58  51  49  51  52  50  53  55  58  61
  62  65  71  76  83  86  82  80  70  70  73  74  75  68  56  58  73  83
  88  97 127 157 186 179 179 186 181 182 184 185 186 186 186 186 186 187
 188 187 187 187 187 187 187 190 193 193 192 192 193 193 193 194 194 194
 194 195 194 193 196 195 195 196 196 198 199 198 197 198 200 201 200 200
 200 202 203 203 203 205 206 206 206 208 206 205 205 205 207 208 208 208
 210 208 208 209 209 210 210 212 211 213 215 216 217 217 218 218 219 219
 220 221 222 223 224 224 223 224 224 225 225 222 222 224 223 225 225 225
 226 229 230 230 231 231 233 234 235 235 235 235 236 235 236 238 239 238
 231  27]","[ 28  30 153 154 155 155 153 154 155 156 157 156 156 157 157 157 157 157
 160 158 158 156 159 150 144 126 115 116 118 118 119 122 121 119 118 113
 106 104  98  89  82  70  67  63  61  54  51  52  51  51  56  57  57  58
  60  65  68  73  82  85  82  82  73  73  73  76  77  72  62  58  66  79
  83 100 152 170 180 181 178 179 180 181 183 184 185 186 185 185 186 187
 187 187 188 188 188 187 187 191 195 195 193 191 191 191 193 194 194 193
 194 196 195 194 195 194 195 196 196 198 199 197 198 200 202 202 199 198
 200 203 203 203 204 207 208 207 206 206 206 205 205 206 207 208 209 209
 214 211 209 210 209 208 208 209 211 213 215 217 217 217 217 218 219 220
 220 221 222 223 223 223 223 224 224 224 223 221 221 225 225 227 227 226
 227 230 231 230 231 232 233 235 236 236 237 237 237 236 237 237 238 238
 233  30]","[ 28  29 155 154 154 153 154 152 156 156 157 156 153 154 157 157 157 158
 158 157 157 158 156 153 151 142 111 116 117 116 118 121 122 118 119 120
 110 103 100  90  84  66  66  66  59  57  55  51  53  50  51  54  55  52
  53  58  66  76  82  87  88  83  78  72  71  72  76  80  73  69  72  71
  81 125 161 177 183 180 179 182 182 181 182 185 185 182 183 186 186 186
 187 188 189 191 192 192 193 193 194 194 192 189 190 193 193 194 194 193
 194 196 196 195 195 195 195 196 197 197 198 199 201 200 199 198 196 196
 199 202 203 204 204 205 205 206 206 206 206 206 205 205 205 207 209 210
 211 211 211 210 209 208 210 213 214 215 215 216 217 218 218 219 218 219
 222 223 223 222 222 223 223 224 225 224 223 223 224 226 225 226 227 227
 227 229 230 231 232 233 234 234 235 235 236 237 238 238 240 241 242 240
 233  30]","[ 29  29 155 154 154 153 154 153 153 153 154 154 153 155 158 157 158 159
 159 158 159 160 159 156 154 149 124 120 116 114 117 120 123 119 118 118
 110 103  99  89  80  65  62  60  54  52  52  52  53  50  50  53  53  51
  51  55  60  72  81  88  90  87  82  76  67  69  75  81  81  77  70  78
 113 156 180 177 177 182 184 181 182 182 184 186 186 184 184 186 185 186
 187 189 190 192 194 195 194 194 194 193 192 191 192 194 193 194 194 193
 194 195 196 195 195 195 195 197 197 198 199 200 201 200 200 199 198 198
 200 202 201 202 203 204 204 205 205 204 205 205 206 206 206 206 207 207
 211 210 211 211 211 211 212 214 213 214 215 216 217 217 218 218 220 220
 222 223 223 223 223 224 225 225 224 223 222 222 223 224 224 225 226 227
 227 228 230 230 234 233 233 233 234 234 234 234 241 240 241 243 243 240
 234  29]","[ 29  29 154 153 152 151 153 153 153 153 154 154 154 158 159 157 158 159
 159 159 160 161 160 158 154 152 135 121 115 114 117 119 123 120 117 117
 112 104  97  88  80  69  64  60  55  52  52  55  53  50  50  53  53  50
  50  53  58  72  82  89  92  90  86  81  72  71  75  83  87  82  78 106
 143 173 185 181 180 182 183 182 183 184 185 186 186 185 185 186 188 188
 189 188 186 186 187 188 190 190 190 189 189 191 193 193 194 194 194 193
 194 195 195 195 195 195 196 197 197 197 198 199 200 201 201 201 200 200
 201 202 202 203 203 203 204 205 206 205 205 207 208 210 210 210 210 210
 210 210 210 211 212 212 213 214 213 213 215 217 218 218 218 218 220 219
 220 221 222 223 224 225 227 226 224 224 224 224 224 224 223 225 227 228
 228 230 231 232 234 233 233 234 238 240 241 241 242 241 241 242 243 241
 234  28]","[ 28  28 154 152 152 150 153 154 156 154 154 156 157 159 160 158 158 159
 159 159 160 161 160 159 157 153 142 123 118 116 116 117 119 119 117 118
 115 107  96  86  81  74  66  61  57  53  51  54  54  50  50  51  52  50
  50  52  58  71  80  88  92  91  89  85  83  74  74  80  87  82  98 141
 165 176 180 183 186 183 182 184 184 185 186 186 185 186 186 186 188 188
 188 188 188 187 188 189 190 192 192 191 191 193 195 195 196 195 194 194
 195 195 195 195 195 196 197 197 197 196 197 198 199 201 202 202 202 202
 202 203 204 204 203 202 203 206 207 208 206 207 207 208 208 209 210 211
 210 210 211 211 212 212 214 215 213 214 216 218 219 219 219 220 220 219
 220 220 221 222 224 226 226 225 224 224 225 226 226 225 224 226 228 229
 230 232 233 234 234 233 233 234 237 239 240 240 242 240 240 240 241 240
 234  29]","[ 29  29 155 154 153 152 155 156 157 154 154 158 159 159 160 161 160 160
 161 161 161 162 161 161 162 157 150 131 123 116 115 117 117 118 116 117
 116 108  98  87  82  77  67  62  60  56  54  56  55  51  49  50  50  49
  49  52  54  65  75  86  93  92  92  90  89  79  77  78  89  94 127 163
 179 184 181 181 184 184 185 184 185 186 186 185 184 185 186 187 186 186
 186 187 189 190 191 191 193 195 196 194 192 192 193 193 196 195 194 194
 195 195 195 194 195 195 196 197 196 195 196 197 199 200 202 202 202 203
 203 203 204 203 203 202 204 205 206 206 208 208 208 208 208 208 209 209
 211 212 212 213 212 212 214 216 215 215 217 220 220 219 218 220 220 220
 221 222 221 222 225 228 226 225 225 225 226 226 224 223 224 226 228 229
 230 231 233 234 232 232 234 235 237 238 239 240 243 242 242 241 241 241
 234  30]","[ 30  29 155 155 155 153 156 157 160 157 158 160 159 158 159 160 160 160
 161 161 162 162 162 162 161 158 155 140 128 116 116 120 119 118 116 117
 114 109 103  92  82  77  68  64  63  60  59  59  57  53  51  50  49  48
  49  51  51  60  70  85  94  94  94  93  93  91  89  86 103 124 157 170
 179 183 181 181 183 183 186 187 186 186 185 185 184 184 185 187 188 187
 186 187 188 189 189 188 190 193 194 193 191 190 191 192 196 194 193 193
 194 194 194 194 194 194 195 196 196 196 197 198 199 201 201 200 201 202
 204 203 202 203 204 205 206 206 205 203 206 207 209 210 211 211 211 211
 211 212 213 213 212 211 213 215 216 216 218 220 219 217 216 218 219 219
 220 221 221 222 224 227 226 227 227 227 226 225 223 222 225 227 228 228
 229 231 232 233 231 233 235 237 238 240 242 244 245 244 244 242 242 241
 234  29]","[ 30  28 154 155 155 153 155 156 160 161 162 160 157 158 160 160 160 160
 160 161 161 160 160 160 159 157 156 148 135 121 121 122 120 117 116 116
 112 109 106  95  79  77  68  66  64  61  61  59  57  54  52  50  48  47
  48  50  51  56  64  81  93  94  95  97 100 104 101  97 117 153 172 173
 175 177 178 182 184 182 185 187 187 185 185 186 185 183 185 188 187 187
 187 188 190 191 191 191 190 191 193 194 193 192 193 195 196 194 192 193
 195 195 194 195 195 195 195 196 196 197 198 199 200 201 201 199 199 202
 204 204 202 203 204 205 207 207 205 203 202 204 207 209 210 210 210 210
 210 211 213 214 214 213 214 215 217 216 217 219 218 215 215 217 219 219
 219 220 222 223 224 225 225 227 229 229 227 225 225 225 227 228 228 228
 229 231 232 232 234 235 236 237 237 238 239 240 244 244 244 243 244 243
 235  28]","[ 30  28 153 154 155 152 154 155 156 160 162 158 155 159 163 162 161 160
 160 161 160 159 158 159 162 160 157 153 142 129 125 121 118 115 115 116
 109 107 106  95  81  80  74  73  69  64  65  60  55  53  51  49  48  46
  47  49  50  51  58  75  89  92  96 101 104 110 105 102 121 164 171 175
 179 181 179 180 182 184 186 183 188 185 185 187 186 183 184 188 185 185
 186 186 187 188 188 189 190 190 191 193 194 192 193 194 197 194 193 194
 195 195 195 195 197 196 196 196 197 197 198 200 200 201 200 198 198 202
 204 204 202 202 203 204 206 207 207 205 206 207 209 210 210 210 210 210
 211 212 214 216 217 217 216 217 216 215 216 218 218 215 215 218 222 221
 220 222 225 226 226 225 222 225 228 228 226 225 226 228 229 228 228 227
 229 231 231 231 235 236 236 237 238 240 242 243 243 243 244 244 245 245
 238  30]","[ 31  27 155 152 154 155 153 153 153 156 158 157 157 159 161 163 162 164
 164 162 159 158 159 160 161 160 160 153 146 130 122 120 116 117 114 110
 107 106 105  99  87  83  78  73  69  67  65  62  55  53  51  50  49  49
  48  48  48  50  57  72  89  89 102  97  99 103 104 105 133 160 175 177
 179 179 179 180 182 183 183 183 184 185 186 186 186 187 187 187 186 186
 187 187 188 189 190 190 191 192 194 194 194 194 194 195 195 195 195 195
 195 195 195 195 196 196 197 198 199 199 200 200 200 200 200 201 202 202
 202 202 202 203 204 205 205 205 206 208 207 208 209 209 209 210 209 209
 209 214 217 218 218 217 216 217 215 215 216 217 218 218 219 219 222 222
 222 223 224 225 226 227 227 229 229 228 227 225 224 227 228 228 229 230
 231 232 232 232 235 236 237 237 238 240 240 240 243 240 245 242 244 248
 237  29]","[ 27  29 155 157 156 160 153 157 155 157 159 158 158 159 161 162 163 165
 165 164 161 160 160 160 160 157 156 152 148 133 124 120 120 121 119 115
 110 107 105  97  92  87  81  76  71  68  64  59  56  56  54  52  50  49
  49  49  51  52  57  67  85  88 100  98 100 103 106 117 147 168 175 178
 181 181 182 181 181 181 182 182 184 185 185 185 186 186 187 187 187 187
 188 188 188 189 190 191 194 195 196 196 196 195 196 197 195 195 195 195
 196 196 196 196 197 197 198 199 200 201 201 201 201 201 201 203 204 203
 203 203 203 204 205 205 204 203 204 206 207 209 210 210 211 211 211 210
 211 215 216 215 216 215 215 216 216 217 217 218 218 219 219 220 219 220
 222 222 223 224 226 228 225 227 227 227 227 226 226 228 230 230 230 231
 232 231 230 231 234 236 237 238 239 240 240 240 241 246 240 247 247 244
 238  31]","[ 30  30 153 158 156 154 160 153 160 161 161 161 160 160 160 160 162 164
 165 164 163 162 161 160 159 157 158 157 154 138 127 122 122 123 119 115
 110 107 106  99  91  85  81  78  75  72  67  61  56  55  54  53  52  51
  52  54  53  54  58  62  80  88  97 100 104 109 109 124 154 174 176 180
 179 180 181 181 180 180 181 183 185 185 185 185 186 187 187 187 188 188
 188 188 188 188 190 191 194 194 195 195 194 194 194 195 196 196 196 196
 196 196 196 196 196 197 198 199 200 201 201 202 201 201 201 202 204 204
 203 203 203 203 205 205 205 205 206 208 206 208 209 210 211 211 210 209
 215 217 217 216 216 216 215 216 214 214 216 217 218 218 218 218 219 221
 223 224 224 225 227 229 229 229 229 229 230 229 228 229 228 228 230 232
 232 232 233 233 233 236 238 239 239 239 239 239 238 241 247 241 244 244
 240  25]","[ 28  27 159 156 153 155 157 161 162 162 161 161 161 161 161 160 161 162
 162 162 162 162 162 161 159 158 159 158 155 137 126 122 124 122 117 113
 108 106 105  99  90  86  83  81  78  74  69  63  61  60  57  55  53  52
  53  53  55  56  59  60  79  90  94  98 101 113 113 130 160 179 177 177
 178 180 181 181 181 181 182 184 185 185 185 186 187 188 188 187 186 187
 187 186 186 187 189 190 194 195 196 196 196 195 195 195 195 195 195 195
 194 194 194 194 195 196 197 199 200 201 201 202 202 201 200 201 203 203
 203 204 203 203 204 205 206 206 207 207 206 208 210 211 212 212 211 209
 213 215 215 215 216 215 214 214 216 217 218 220 220 220 219 219 221 222
 224 224 224 224 226 228 228 229 229 229 229 227 226 227 230 230 231 232
 232 231 231 232 236 238 239 240 240 240 241 242 244 245 245 243 244 242
 241  31]","[ 29  33 155 158 159 159 155 159 159 158 157 158 159 160 160 160 161 161
 160 159 160 161 162 162 160 157 158 157 156 141 130 125 122 120 117 116
 114 112 110 103  89  86  85  83  79  75  70  66  65  62  58  55  54  53
  53  52  53  55  60  63  82  96  96  99 104 115 114 135 166 183 181 180
 180 180 181 181 181 182 182 181 182 182 183 184 186 187 187 186 188 188
 188 188 188 189 191 193 192 193 195 195 195 195 194 194 196 196 196 196
 195 195 195 195 194 196 198 200 201 202 202 202 203 202 201 201 202 203
 204 205 205 203 203 205 207 207 205 203 206 207 209 210 211 212 211 210
 212 214 214 215 217 218 217 218 219 218 218 218 218 218 219 219 223 224
 225 225 226 227 228 229 225 227 229 229 229 227 226 228 230 230 230 231
 231 231 232 234 235 236 237 237 238 239 242 242 242 242 243 244 241 246
 238  28]","[ 30  26 155 155 156 154 162 159 160 158 158 158 158 159 159 160 162 161
 160 159 159 161 162 162 164 161 161 161 162 147 131 121 118 119 118 119
 117 113 107  97  91  89  87  85  79  74  71  67  67  63  58  55  54  53
  51  50  52  54  60  66  82  94  94  96 104 109 111 140 172 182 179 179
 181 181 181 182 183 184 183 183 181 182 183 185 186 188 188 187 186 187
 187 187 187 188 189 191 193 194 196 197 197 197 196 196 195 195 195 195
 195 195 195 195 194 196 197 199 200 201 201 200 203 201 201 201 201 201
 203 204 205 203 203 205 208 208 206 203 206 207 209 210 211 212 212 211
 210 211 211 211 214 216 217 219 221 219 218 217 218 220 223 225 223 223
 223 225 227 229 229 230 226 229 230 230 229 226 225 227 228 228 229 230
 231 233 234 236 234 235 236 236 237 240 242 243 242 245 244 244 246 241
 237  28]","[ 31  30 153 156 155 160 158 161 162 160 160 160 159 158 158 159 161 160
 159 158 159 160 160 160 165 163 163 161 161 148 135 126 124 124 122 122
 118 113 108  99  93  90  88  85  79  75  73  70  66  63  59  56  54  51
  49  47  48  51  58  68  81  93  97  99  98 106 116 145 174 178 180 179
 181 182 182 183 184 185 184 184 183 183 184 185 185 186 186 186 188 188
 188 188 188 189 189 190 191 191 191 191 192 192 192 192 192 192 192 192
 193 193 193 193 196 196 197 197 197 197 197 197 198 198 199 199 197 197
 199 200 201 199 199 201 203 204 203 201 203 204 205 206 205 206 207 207
 208 210 209 208 209 211 212 214 214 213 212 212 213 215 217 218 217 217
 217 218 220 221 221 221 221 223 223 222 221 219 219 220 225 225 225 225
 224 224 225 227 229 229 229 229 230 232 234 234 235 236 233 237 235 235
 236  30]","[29 29 28 32 27 29 29 27 29 29 29 30 29 28 28 30 29 29 29 29 29 30 30 30
 28 29 30 27 31 29 29 29 29 29 28 29 29 29 30 27 29 28 29 29 28 29 30 29
 29 29 29 29 29 29 29 28 30 29 29 29 28 29 29 28 29 31 26 27 32 25 30 29
 29 29 29 29 30 29 29 28 29 30 30 29 28 28 29 29 29 29 28 28 29 29 29 29
 29 29 29 29 29 29 30 30 29 29 29 29 29 29 29 29 29 29 29 28 28 28 29 29
 28 29 30 30 29 28 29 31 30 29 28 29 30 30 29 29 29 29 29 28 28 29 29 29
 28 30 30 29 29 29 28 29 29 29 30 30 29 29 28 28 29 29 29 29 29 29 29 29
 29 30 29 29 30 29 28 30 28 29 29 29 28 28 29 30 29 29 29 29 29 30 30 30
 28 31 29 28 31 30 26 28]"
