"[30 32 29 28 31 27 30 30 29 29 30 30 29 28 28 29 29 29 29 29 30 29 29 28
 28 29 30 29 28 28 29 29 29 28 28 29 29 28 29 30 29 29 29 29 29 29 29 29
 29 29 28 29 29 29 29 28 29 29 28 28 28 29 30 30 29 29 29 29 29 29 29 29
 29 29 29 30 29 29 29 29 29 30 30 29 29 29 30 29 29 30 29 28 30 29 29 30
 29 29 29 29 29 29 29 29 29 29 29 29 29 29 29 29 28 28 28 30 30 29 29 29
 29 29 28 28 30 29 28 29 30 30 30 30 30 29 28 29 29 29 28 29 30 29 28 30
 30 29 29 29 29 28 29 30 28 29 29 28 28 29 29 28 29 29 29 29 29 29 29 28
 29 29 28 28 29 29 29 28 29 28 30 29 28 29 28 30 29 29 30 29 29 29 29 29
 27 31 30 28 32 30 30 30]"
"[32 26 31 27 29 32 28 26 30 29 28 29 29 29 29 29 30 29 29 28 28 29 30 31
 31 30 29 29 30 31 29 28 30 29 30 31 31 30 29 28 29 29 30 30 30 30 30 29
 28 29 29 29 29 29 29 28 29 30 30 31 30 29 27 26 29 29 29 29 29 29 29 29
 29 29 28 29 29 29 29 30 28 29 29 29 29 29 29 28 28 29 29 29 30 30 28 29
 29 29 29 28 28 29 29 29 30 30 30 30 30 29 29 28 33 30 28 28 28 28 28 29
 27 29 30 30 30 29 28 30 29 29 28 27 29 30 31 31 28 29 28 29 30 29 27 28
 30 29 28 29 29 28 28 28 29 30 30 30 30 29 29 28 28 29 29 29 29 30 30 30
 28 29 30 29 29 29 29 28 31 29 30 29 29 29 27 28 28 28 28 29 29 29 29 30
 30 26 31 28 29 31 27 30]"
"[ 30  31 123 120 117 117 113 117 114 113 112 111 111 111 110 109 107 106
 105 103 100  97  95  95  92  90  87  86  86  85  83  80  81  79  77  76
  77  78  78  78  73  73  72  71  70  69  69  68  66  67  67  66  66  66
  66  65  63  63  62  61  61  60  60  60  56  55  54  54  53  53  51  50
  49  48  47  46  46  46  47  47  48  50  51  50  49  49  48  48  48  48
  47  46  46  45  42  42  41  40  39  38  37  37  37  37  37  37  37  36
  35  34  33  33  28  27  27  29  34  38  41  43  47  52  55  58  61  63
  66  71  73  77  81  82  84  87  88  87  96  97  96  97 100 102 103 107
 104 104 106 109 111 111 110 110 113 115 117 119 121 123 125 127 129 129
 130 131 132 133 135 135 137 142 146 147 146 147 146 144 131 125 121 115
 111 108 103 103 104 104 108 117 127 136 144 150 154 156 155 159 166 179
 187  30]"
"[ 31  24 130 122 128 126 123 121 121 121 120 120 119 117 115 114 113 114
 113 112 111 108 106 105 106 106 104 101  98  96  94  93  90  87  84  82
  81  81  81  82  83  82  81  79  77  76  76  76  74  74  73  70  70  71
  70  67  69  68  67  65  64  64  65  65  65  64  62  62  61  61  59  58
  56  55  53  51  50  50  50  50  51  52  52  51  50  49  49  49  47  47
  47  47  48  48  46  46  46  44  42  41  40  40  40  41  43  42  42  41
  39  38  37  37  34  33  33  34  36  36  36  35  29  32  33  35  37  39
  42  48  54  61  69  72  73  75  78  80  80  82  83  85  87  88  91  95
  98  98 100 103 106 107 107 108 108 109 110 111 112 115 118 121 124 124
 125 126 128 130 132 134 132 137 139 137 137 139 142 143 145 141 139 134
 130 128 124 124 121 116 113 114 113 111 110 111 115 122 134 145 146 155
 159  30]"
"[ 28  33 129 130 129 128 130 132 129 130 130 128 126 126 125 124 123 122
 120 119 118 117 115 114 113 113 112 110 108 106 105 104 101 100  99  97
  94  90  89  88  88  87  84  82  81  81  81  82  83  81  78  76  76  77
  75  72  72  72  72  72  71  70  68  67  67  65  64  64  64  64  64  63
  63  63  61  59  57  57  56  55  56  56  55  53  51  51  51  51  51  51
  50  50  51  51  49  50  50  49  47  46  46  46  47  48  46  46  45  44
  43  43  43  43  38  38  38  39  40  40  38  36  36  37  35  34  34  33
  33  36  33  36  41  46  49  53  59  64  70  75  78  80  80  78  79  83
  85  86  88  91  95  99 103 105 102 103 104 105 106 108 110 113 111 111
 112 113 115 117 119 120 126 131 134 134 134 135 137 137 137 137 142 144
 143 143 141 142 148 145 143 142 138 131 125 123 118 113 112 115 111 113
 121  29]"
"[ 30  28 158 158 147 146 141 137 132 134 134 132 130 131 131 131 129 128
 128 129 130 128 125 122 124 122 121 120 120 120 117 114 113 113 112 110
 107 105 104 105 102 100  97  94  92  92  92  92  88  85  82  81  81  80
  78  76  76  76  76  76  76  76  76  75  73  72  71  70  70  69  68  68
  69  69  68  66  65  65  64  62  65  64  62  60  58  58  58  57  58  59
  57  56  55  53  51  52  53  52  50  49  48  47  47  47  49  48  48  48
  48  48  48  48  49  49  48  47  46  46  43  41  40  41  40  40  41  39
  36  36  38  35  33  34  35  34  32  33  34  39  44  47  51  55  61  69
  73  76  79  82  83  83  84  86  88  89  93  97 100 101 103 105 108 109
 109 110 112 113 115 116 115 119 122 125 127 128 129 129 131 132 136 136
 136 136 136 139 142 142 145 149 151 151 152 154 150 142 136 129 133 123
 120  25]"
"[ 31  27 190 189 187 188 186 181 171 171 167 159 152 145 139 134 131 131
 131 132 133 133 131 129 129 129 128 128 128 127 124 121 121 119 118 116
 114 114 115 117 114 112 110 107 104 103 102 102 102  99  96  96  95  92
  89  89  86  85  83  82  81  81  82  82  80  80  79  78  76  75  73  72
  72  73  72  70  69  69  69  67  68  67  66  64  64  63  61  60  59  61
  61  60  60  59  58  59  60  59  58  56  54  52  51  50  49  49  48  49
  50  51  49  48  50  50  50  49  50  50  50  48  47  47  47  48  50  47
  44  43  43  41  39  40  41  40  37  35  35  36  34  32  32  33  36  42
  46  50  55  60  62  65  70  75  77  77  81  85  88  89  90  92 101 102
 103 106 108 111 113 115 114 111 109 110 113 117 122 125 129 128 130 130
 130 132 133 137 138 139 140 141 143 145 148 151 151 155 148 151 138 137
 137  33]"
"[ 29  31 155 157 176 183 192 198 200 202 202 198 194 188 181 174 169 163
 155 146 140 136 135 134 132 134 137 136 135 134 133 133 131 130 128 127
 126 124 122 122 121 120 119 117 116 115 114 114 115 112 111 111 108 103
 100 101  98  98  96  94  91  88  85  83  83  83  84  84  83  81  80  79
  78  79  78  75  75  76  75  74  73  73  73  72  72  71  68  66  65  68
  68  68  67  65  64  65  64  64  63  62  60  59  58  57  54  53  53  54
  55  54  52  50  51  52  52  52  53  54  53  52  51  51  51  52  55  54
  51  51  50  51  49  45  43  44  45  44  42  42  39  37  37  35  34  36
  33  33  33  31  31  36  47  56  66  65  67  72  75  77  79  82  83  85
  88  92  96 101 104 106 109 106 106 109 111 110 109 109 114 115 120 122
 124 125 123 125 129 132 136 138 138 139 140 142 142 145 148 147 147 149
 154  27]"
"[ 29  29 131 126 126 129 133 133 136 145 160 174 181 187 193 196 199 200
 200 201 194 188 187 179 165 163 156 149 140 137 137 132 132 133 135 131
 132 129 131 130 131 130 126 128 126 122 123 124 125 124 121 118 117 117
 115 113 112 112 109 109 105 104 100 101 100  94  95  94  88  87  88  84
  83  84  84  83  82  82  82  80  81  78  77  77  76  76  75  73  73  75
  75  74  74  75  73  70  68  67  68  68  66  64  64  63  60  60  61  62
  63  61  58  55  54  57  57  55  54  54  53  51  51  52  51  52  54  55
  54  54  58  56  55  56  56  54  53  53  51  49  48  48  46  42  41  41
  41  40  39  40  41  39  36  34  33  32  36  42  48  52  57  62  66  67
  69  75  81  83  85  90  91  97  98  98 103 107 107 108 111 113 114 113
 112 114 117 119 120 122 126 131 132 132 134 137 134 139 143 145 144 145
 148  28]"
"[ 30  26 114 114 119 124 126 126 133 130 132 136 139 143 147 148 153 159
 164 173 179 185 194 195 197 199 198 196 189 183 180 173 164 160 155 146
 144 138 137 134 131 131 132 136 134 129 131 134 128 130 130 128 125 124
 123 122 125 122 116 116 114 116 113 114 112 108 105 105 105 103 100  98
  98  97  94  91  88  88  88  87  88  87  88  87  83  82  83  82  82  82
  80  79  78  77  76  74  76  73  72  73  73  73  71  68  66  66  66  66
  66  65  63  61  61  63  62  60  58  58  57  55  53  53  52  51  53  53
  51  51  54  53  54  56  57  57  58  59  58  58  58  58  56  53  50  49
  51  49  48  47  47  45  42  40  42  40  39  39  37  34  34  37  39  42
  45  50  55  58  62  68  74  80  86  91  95  95  95  96 100 103 107 109
 112 114 115 115 116 115 117 119 121 123 127 131 131 132 135 136 137 135
 135  28]"
"[ 29  31 110 111 109 107 106 109 111 109 112 118 121 125 129 131 128 134
 136 139 141 143 147 150 158 163 169 178 182 184 188 188 192 193 196 195
 192 183 179 176 166 163 153 145 138 133 134 134 137 138 137 135 134 135
 137 137 128 128 127 129 125 126 124 125 122 121 117 117 119 116 112 114
 109 109 108 105 103 100  98  96  93  91  92  90  87  87  89  89  92  90
  88  86  85  83  82  82  82  79  77  78  77  77  77  75  74  73  73  73
  73  73  72  72  68  68  68  66  66  66  65  64  61  61  60  59  59  58
  56  56  56  56  55  56  57  58  58  59  57  59  61  60  60  59  57  56
  57  55  54  53  52  50  49  48  48  47  47  47  44  41  42  44  43  41
  37  38  40  40  38  39  47  48  55  65  70  74  82  89  93  94  96  97
  99 104 109 112 113 113 115 117 118 118 119 120 126 126 126 127 132 133
 130  30]"
"[ 29  29 105 108 109 108 103 104 100  98 101 105 105 104 105 105 110 115
 115 116 119 121 124 128 130 130 131 136 135 133 137 138 146 152 162 170
 174 175 180 186 190 196 196 195 194 192 186 175 157 154 149 145 144 143
 139 136 138 139 136 137 132 132 130 131 131 129 127 126 125 121 121 124
 121 121 119 118 116 115 114 113 114 108 104 100  97  95  94  92  96  93
  91  91  89  88  88  89  85  86  90  91  88  85  83  82  82  81  79  79
  79  78  77  76  74  74  73  73  73  73  72  71  69  69  67  66  67  66
  64  64  64  63  62  61  61  60  59  59  57  59  59  58  57  58  58  57
  59  58  58  58  58  57  56  57  58  57  56  55  52  49  49  50  48  45
  42  42  45  44  41  40  40  37  40  45  42  40  44  46  54  60  67  73
  78  85  94 101  97  99 104 109 112 112 112 112 111 111 109 114 119 122
 125  30]"
"[ 28  35 138 136 131 127 125 126 124 116 112 110 108 106 104 101 104 105
 102  99 101 104 105 109 110 110 113 119 121 121 126 128 130 132 134 135
 133 133 137 144 155 162 166 172 180 187 193 191 191 191 190 188 187 184
 177 171 166 160 150 147 142 142 138 137 137 133 136 139 134 131 130 126
 127 127 128 128 128 126 124 123 123 119 116 114 113 113 112 110 105 103
 101 101  99  97  96  97  97  95  95  93  90  89  91  92  90  89  88  88
  87  85  83  81  82  82  81  80  79  78  77  75  75  76  74  73  74  73
  72  72  71  70  69  68  68  67  66  66  65  66  65  62  60  61  60  59
  59  59  59  60  59  58  58  59  59  57  57  58  59  59  59  60  58  59
  59  57  55  51  49  50  51  48  48  48  44  43  44  43  41  41  42  43
  47  56  67  75  76  78  82  88  95 102 108 111 115 114 111 118 114 111
 118  27]"
"[ 31  27 159 151 153 153 151 145 147 142 140 138 134 131 127 124 119 117
 115 111 109 108 104 103 101 100  99 103 102 101 104 105 113 115 116 122
 125 129 130 133 132 133 135 139 138 136 142 148 157 163 172 180 188 195
 199 201 203 200 195 193 186 181 171 167 157 147 143 141 136 138 142 138
 139 138 138 137 137 136 135 136 131 130 131 129 125 123 122 120 120 118
 117 116 113 111 109 109 109 103  97  94  93  95  97  98  95  95  95  95
  95  94  92  90  89  89  89  88  87  85  84  83  82  83  81  80  81  80
  78  79  77  77  75  74  74  74  74  73  73  73  72  70  69  68  67  66
  64  63  63  62  61  59  58  58  64  62  61  61  62  62  61  61  62  64
  65  66  67  65  64  65  62  59  57  54  52  52  51  48  50  48  46  46
  47  45  43  41  43  44  47  53  63  73  83  88  96 102 103 110 112 115
 118  27]"
"[ 28  29 214 209 204 189 180 172 165 164 165 163 160 160 158 155 149 145
 145 141 136 134 128 125 120 117 113 112 108 104 105 103 102 101  97 100
 100 105 104 105 115 117 117 120 121 122 130 136 135 136 137 135 134 136
 137 137 145 154 166 181 187 194 196 198 199 198 199 196 189 183 176 168
 158 153 146 142 139 138 141 144 142 141 142 141 138 137 136 135 129 130
 129 128 126 124 123 122 119 116 115 116 114 112 109 105 104 103 102 102
 102 101  99  98  98  97  97  96  95  94  93  93  88  89  88  86  86  85
  84  85  86  85  83  81  80  81  81  81  80  78  77  77  77  76  75  75
  75  74  72  71  70  68  67  67  64  64  63  63  63  63  62  62  65  65
  64  65  68  69  68  67  70  72  73  74  74  71  66  63  63  60  57  57
  57  55  52  51  51  50  49  47  46  47  48  49  52  61  66  71  83  95
  97  29]"
"[ 29  31 246 251 254 245 246 244 240 230 216 203 195 192 188 181 173 166
 165 159 154 156 154 154 151 149 145 143 137 131 128 123 123 123 117 115
 109 110 106 106 105 108 105 102 102 106 110 108 116 117 118 119 123 128
 130 129 131 132 133 138 140 145 146 149 153 166 176 183 190 195 198 202
 204 201 199 195 189 180 174 172 160 155 151 148 145 144 142 139 136 138
 139 137 136 137 137 136 134 132 131 129 125 123 123 121 121 120 117 115
 113 110 108 106 106 105 104 103 100  98  97  98  97  98  96  95  95  94
  93  94  94  93  90  87  87  89  90  89  88  84  81  81  81  80  81  82
  81  79  77  76  75  75  74  75  75  75  74  73  70  68  67  66  63  65
  65  64  66  67  68  69  67  69  69  71  75  74  71  73  73  74  75  75
  71  66  63  62  57  58  58  58  57  57  57  57  57  53  53  49  53  53
  57  27]"
"[ 30  29 246 253 252 252 253 252 254 252 251 252 254 253 249 246 239 233
 227 221 208 191 179 174 167 167 165 161 155 152 152 153 147 147 145 141
 136 132 131 131 123 116 109 106 106 105 104 104 105 104 103 104 106 107
 107 111 113 116 119 121 122 127 130 128 132 129 140 139 143 146 152 165
 166 169 176 186 196 200 198 194 201 202 196 194 183 179 171 163 158 152
 146 141 139 138 138 139 142 137 136 138 137 132 130 131 131 129 130 129
 124 123 122 117 118 117 116 114 111 109 106 105 104 100  98  98  98  97
  98 102 101  99  96  95  95  96  97  98  96  94  91  89  88  88  88  88
  86  85  84  84  82  81  81  81  82  81  80  80  78  76  76  77  76  75
  73  70  69  69  70  70  68  69  69  69  71  74  74  73  74  73  74  76
  77  76  76  77  78  78  77  75  71  68  65  63  65  63  59  52  55  54
  51  30]"
"[ 29  29 245 252 252 252 253 252 253 253 252 253 254 253 252 251 253 252
 252 254 254 251 252 253 250 241 229 222 218 210 196 184 178 173 167 165
 165 163 158 153 148 148 148 146 139 133 130 131 124 122 118 116 116 112
 109 108 107 104 105 108 109 109 109 109 113 107 114 116 125 130 127 129
 130 135 138 137 136 140 148 156 171 174 178 188 193 198 202 202 202 197
 193 190 187 179 168 160 153 151 145 138 136 138 140 139 136 135 137 138
 134 132 133 132 130 130 129 128 126 125 123 123 119 119 117 113 110 109
 107 105 100 101 101 102 103 103 102 101  96  96  96  97  97  96  96  95
  97  97  96  94  90  88  88  89  88  87  86  85  84  83  83  84  81  81
  81  81  81  79  77  75  74  75  75  74  74  76  75  74  75  73  74  76
  77  77  76  77  78  79  80  80  80  82  83  83  81  82  78  77  76  72
  70  27]"
"[ 29  29 246 252 252 252 252 252 252 252 252 252 252 252 253 252 253 252
 251 251 251 251 252 253 254 254 254 254 253 250 246 244 244 240 235 229
 221 211 198 190 183 177 170 164 159 155 154 155 154 151 145 142 141 137
 132 130 125 118 114 114 112 109 107 105 104 101 107 103 106 106 104 104
 108 111 115 119 124 129 132 133 137 134 135 140 146 151 164 170 172 175
 180 184 187 189 191 193 193 195 192 182 174 171 166 160 154 148 145 144
 143 142 141 138 136 137 137 137 136 134 132 131 128 129 128 126 124 124
 122 119 115 115 114 113 113 111 108 105 105 106 106 106 104 102 100  99
 100  99  98  98  97  97  97  98  96  94  92  91  90  89  88  88  88  87
  86  86  86  85  82  80  81  81  81  80  80  80  79  78  79  78  78  79
  80  79  79  79  81  81  81  81  81  83  85  86  87  89  84  88  87  86
  90  27]"
"[ 29  28 246 252 252 252 252 252 252 252 252 251 251 251 252 252 251 252
 252 252 252 253 253 253 251 251 252 253 253 253 253 253 252 252 253 253
 251 251 252 253 243 237 231 227 221 211 199 191 180 176 169 164 162 159
 155 153 152 149 144 138 133 132 129 125 124 116 113 105 106 104 102 102
 101 105 108 109 108 109 109 110 113 113 119 124 127 123 127 126 129 134
 137 137 135 138 148 158 169 175 185 193 196 196 197 198 193 188 181 176
 171 167 159 152 145 143 141 139 138 138 139 140 141 138 137 140 140 135
 131 129 131 130 129 126 125 123 120 117 116 115 114 112 110 108 106 106
 107 104 102 103 106 106 105 103 103 102 100  99  98  98  97  96  97  96
  95  94  93  92  90  89  88  88  88  87  87  87  87  86  85  84  83  83
  83  82  81  81  80  81  81  81  81  82  83  83  85  88  84  89  89  91
 100  32]"
"[ 29  29 246 252 252 252 252 252 253 252 252 252 252 252 252 251 252 253
 253 252 251 252 251 249 253 253 251 251 253 253 253 252 253 253 252 251
 251 252 253 253 254 253 252 252 253 254 254 254 254 249 239 228 219 210
 203 200 188 185 179 169 161 160 161 160 153 146 146 144 144 136 130 128
 116 118 117 114 111 109 108 109 107 105 105 103 105 105 113 113 118 120
 123 125 125 127 131 135 134 133 135 138 140 143 152 162 173 181 187 190
 194 198 197 194 195 193 188 180 171 161 153 148 144 139 137 140 142 141
 140 141 138 139 139 139 139 140 139 137 132 131 129 127 124 123 122 122
 122 119 116 115 114 112 109 107 111 110 108 108 108 108 107 105 101 102
 103 104 103 100  98  97  98  97  96  96  95  94  94  94  92  91  90  90
  90  89  88  87  86  87  88  88  88  87  87  86  82  86  87  87  88  88
  90  26]"
"[ 29  29 246 252 252 252 253 252 253 252 252 252 253 253 252 251 251 252
 252 251 252 253 253 253 251 252 253 252 251 250 251 252 250 250 251 253
 253 253 251 250 252 253 254 253 251 250 250 251 251 253 253 252 252 252
 251 251 247 245 245 239 223 206 195 189 185 178 175 171 168 159 156 157
 152 147 142 140 140 138 130 123 122 120 117 114 112 110 112 109 108 107
 107 108 109 110 110 110 110 115 121 124 126 128 131 134 129 136 141 143
 149 154 155 155 169 173 179 185 189 190 189 188 188 187 182 177 171 166
 158 151 147 146 143 138 136 137 138 137 142 141 140 138 138 137 136 136
 133 133 132 130 126 122 120 120 118 118 116 114 113 112 110 108 109 109
 109 110 110 109 109 108 108 107 106 104 102 100  99  99  97  96  96  96
  97  97  96  94  94  96  97  96  95  93  91  90  89  92  94  91  94  91
  91  29]"
"[ 29  29 246 252 252 252 253 252 252 252 252 252 252 252 252 252 253 252
 252 252 252 252 252 253 253 252 251 252 254 254 253 251 253 252 252 251
 251 251 253 253 251 252 252 252 253 253 253 253 250 253 253 252 253 253
 253 253 253 251 253 254 252 251 253 254 251 245 239 235 231 214 199 186
 175 172 168 164 162 159 155 151 154 150 144 144 139 134 133 130 127 123
 119 114 110 107 106 106 105 106 105 104 105 108 111 111 119 121 120 123
 130 135 137 140 138 137 137 138 142 147 153 157 158 166 177 186 192 196
 195 193 193 190 183 171 162 157 153 150 147 145 142 140 140 139 138 137
 142 142 142 141 140 138 137 138 131 130 128 125 123 122 120 117 117 115
 112 112 112 113 113 113 114 114 113 113 111 109 107 108 103 103 102 102
 103 103 101  99 100 101 102 101 100  99  99  98  96  95  97  95  97  96
  97  30]"
"[ 29  29 246 252 252 252 252 252 252 252 252 252 252 252 252 252 252 252
 252 252 252 251 251 252 252 252 253 252 251 251 252 253 252 252 252 252
 252 252 252 251 252 253 253 252 251 252 252 252 252 252 252 250 252 253
 252 251 252 252 253 253 252 254 254 252 252 252 253 252 254 251 253 251
 254 251 244 236 228 218 208 201 192 183 172 172 163 157 154 154 152 151
 149 147 144 140 136 133 124 121 117 114 113 110 106 103 103 105 105 108
 110 108 108 114 118 118 118 119 122 127 133 136 139 137 137 139 141 145
 155 164 169 175 183 187 192 197 198 196 194 188 180 173 167 162 158 155
 148 145 143 144 146 146 144 142 145 144 142 140 139 139 138 136 134 132
 129 129 130 130 126 123 117 117 118 120 119 117 116 116 116 115 114 114
 114 114 111 108 110 110 109 106 105 104 104 104 106 103 104 105 106 103
 104  27]"
"[ 29  29 246 252 252 252 253 252 252 252 252 252 252 252 252 252 252 252
 252 252 252 252 252 252 252 252 252 252 252 252 252 252 252 252 252 252
 252 252 252 252 252 252 252 252 252 252 252 252 252 252 252 252 252 252
 252 252 252 252 252 252 252 252 252 252 252 252 252 252 252 252 252 252
 254 254 254 254 254 253 252 252 248 245 240 233 225 217 211 207 192 184
 174 167 161 158 155 151 152 147 143 140 137 135 131 126 122 121 117 112
 107 107 109 112 110 108 106 109 115 116 115 119 123 122 124 128 129 130
 133 137 138 144 142 146 147 149 166 173 176 184 187 187 192 195 194 194
 188 182 179 174 165 163 161 154 151 149 144 148 147 148 146 147 147 144
 143 143 141 142 141 136 128 127 127 126 124 124 125 124 122 122 122 122
 122 122 122 122 121 120 121 121 120 118 116 115 114 113 110 112 112 112
 113  29]"
"[ 29  29 246 252 252 252 253 252 252 252 252 252 252 252 252 252 252 252
 252 252 252 252 252 252 252 252 252 252 252 252 252 252 252 252 252 252
 252 252 252 252 252 252 252 252 252 252 252 252 252 252 252 252 252 252
 252 252 252 252 252 252 252 252 252 252 252 252 252 252 252 252 252 252
 252 252 253 253 253 253 253 253 253 253 253 254 254 253 253 252 252 245
 236 230 224 217 207 198 191 177 168 167 161 152 149 153 154 151 148 146
 145 142 137 133 125 123 118 114 113 112 108 104 106 106 108 110 111 113
 117 121 125 128 126 132 134 132 137 136 140 143 143 144 152 161 172 182
 186 192 201 205 203 202 200 195 189 184 175 172 164 159 151 148 151 151
 151 150 148 149 149 147 147 144 144 143 140 137 137 137 135 132 129 130
 132 132 129 126 124 123 123 124 124 123 124 125 123 123 121 122 122 122
 119  30]"
"[ 29  29 246 252 252 252 253 252 252 252 252 252 252 252 252 252 252 252
 252 252 252 252 252 252 252 252 252 252 252 252 252 252 252 252 252 252
 252 252 252 252 252 252 252 252 252 252 252 252 252 252 252 252 252 252
 252 252 252 252 252 252 252 252 252 252 252 252 252 252 252 252 252 252
 251 251 252 252 253 253 253 253 250 251 251 252 253 253 254 254 253 252
 253 255 255 255 255 253 255 254 244 228 217 214 208 197 191 183 173 166
 164 161 157 152 154 153 152 149 146 144 140 134 125 124 123 119 116 113
 112 111 108 111 111 116 115 110 116 118 123 125 128 132 135 134 134 137
 140 144 145 144 148 160 171 177 189 191 194 201 201 201 197 197 189 186
 178 171 167 162 155 152 146 145 149 154 154 152 153 154 151 149 147 145
 144 143 140 138 135 135 135 134 133 130 129 128 128 129 129 129 131 131
 126  30]"
"[ 29  29 246 252 252 252 253 252 252 252 252 252 252 252 252 252 252 252
 252 252 252 252 252 252 252 252 252 252 252 252 252 252 252 252 252 252
 252 252 252 252 252 252 252 252 252 252 252 252 252 252 252 252 252 252
 252 252 252 252 252 252 252 252 252 252 252 252 252 252 252 252 252 252
 252 252 252 252 252 252 252 252 254 253 253 252 251 251 251 251 252 252
 253 252 250 250 253 253 251 253 254 253 252 254 255 250 248 246 242 236
 227 214 201 192 188 178 172 170 166 163 162 159 155 154 151 146 143 142
 140 136 131 126 119 119 117 113 115 115 112 110 110 114 119 121 122 124
 122 128 132 133 138 144 145 144 148 150 152 154 156 162 171 179 190 194
 196 199 204 202 197 195 190 185 179 173 165 160 159 159 153 154 154 155
 156 156 155 154 156 153 151 150 148 146 145 144 145 142 139 136 136 136
 132  30]"
"[ 29  29 246 252 252 252 253 252 252 252 252 252 252 252 252 252 252 252
 252 252 252 252 252 252 252 252 252 252 252 252 252 252 252 252 252 252
 252 252 252 252 252 252 252 252 252 252 252 252 252 252 252 252 252 252
 252 252 252 252 252 252 252 252 252 252 252 252 252 252 252 252 252 252
 252 252 252 252 252 252 252 252 252 252 252 252 252 252 252 253 253 251
 252 253 253 253 253 250 254 250 251 253 253 250 251 253 252 253 254 254
 254 253 254 254 250 239 234 231 223 210 197 185 178 175 169 162 160 160
 158 154 155 157 156 154 145 134 131 132 129 124 120 118 116 116 116 115
 114 118 118 116 120 124 125 124 126 131 139 142 143 142 143 144 147 153
 156 160 167 174 183 194 199 202 206 207 205 204 201 197 189 183 175 169
 166 164 161 159 156 155 155 158 159 159 157 156 154 152 153 153 152 149
 145  29]"
"[ 29  29 246 252 252 252 253 252 252 252 252 252 252 252 252 252 252 252
 252 252 252 252 252 252 252 252 252 252 252 252 252 252 252 252 252 252
 252 252 252 252 252 252 252 252 252 252 252 252 252 252 252 252 252 252
 252 252 252 252 252 252 252 252 252 252 252 252 252 252 252 252 252 252
 252 252 252 252 252 252 252 252 253 252 252 252 252 252 252 252 251 250
 252 253 252 252 253 252 251 252 252 252 251 253 253 252 253 253 252 252
 252 252 252 252 254 254 254 253 253 254 254 253 253 250 241 232 225 218
 210 203 189 180 171 168 168 167 164 161 160 159 159 157 150 144 140 137
 131 131 128 121 116 115 114 112 116 115 116 116 121 123 126 125 127 132
 136 138 140 140 143 147 150 154 159 164 170 180 187 188 196 199 203 207
 208 205 201 198 193 187 179 172 167 165 164 164 165 165 164 167 166 165
 165  31]"
"[ 29  29 245 252 252 252 253 252 252 252 252 252 252 252 252 252 252 252
 252 252 252 252 252 252 252 252 252 252 252 252 252 252 252 252 252 252
 252 252 252 252 252 252 252 252 252 252 252 252 252 252 252 252 252 252
 252 252 252 252 252 252 252 252 252 252 252 252 252 252 252 252 252 252
 252 252 252 252 252 252 252 252 252 252 252 252 253 252 252 252 253 253
 253 253 249 249 252 253 253 251 252 253 253 251 251 250 252 251 250 251
 252 253 253 252 249 253 254 252 251 250 251 253 252 253 254 254 255 254
 251 248 247 244 240 232 224 215 205 199 189 181 177 175 169 164 164 164
 159 156 155 154 149 146 145 141 141 134 128 120 120 118 120 119 121 119
 120 122 123 124 126 127 128 131 135 138 141 147 151 150 151 155 161 165
 170 176 185 192 198 200 203 205 204 201 199 198 188 186 178 176 172 174
 178  25]"
"[ 29  29 245 252 252 252 253 252 252 252 252 252 252 252 252 252 252 252
 252 252 252 252 252 252 252 252 252 252 252 252 252 252 252 252 252 252
 252 252 252 252 252 252 252 252 252 252 252 252 252 252 252 252 252 252
 252 252 252 252 252 252 252 252 252 252 252 252 252 252 252 252 252 252
 252 252 252 252 252 252 252 252 252 252 252 252 252 252 252 251 252 251
 251 252 253 253 253 251 252 251 251 252 251 252 254 253 252 252 252 252
 252 252 252 252 254 252 249 251 254 253 250 253 252 252 252 251 251 252
 253 254 253 253 254 253 253 255 253 252 249 236 230 230 223 212 203 198
 186 177 174 173 168 166 164 157 159 158 157 150 148 142 142 139 135 132
 131 129 122 119 120 120 121 121 124 128 128 130 133 133 139 141 144 146
 147 148 150 152 153 156 163 170 177 187 198 206 210 217 214 216 210 208
 202  30]"
"[ 29  29 245 252 252 252 253 252 252 252 252 252 252 252 252 252 252 252
 252 252 252 252 252 252 252 252 252 252 252 252 252 252 252 252 252 252
 252 252 252 252 252 252 252 252 252 252 252 252 252 252 252 252 252 252
 252 252 252 252 252 252 252 252 252 252 252 252 252 252 252 252 252 252
 252 252 252 252 252 252 252 252 252 252 252 252 252 252 252 252 252 252
 252 252 252 252 252 252 252 252 252 252 252 252 252 252 252 252 252 252
 252 252 252 252 252 252 252 252 252 252 252 252 252 252 252 252 252 252
 252 252 252 252 252 252 252 252 252 252 254 254 254 254 254 254 254 254
 253 251 245 236 227 219 209 200 190 186 179 173 169 167 164 162 159 159
 159 158 154 149 143 140 134 132 130 129 127 124 124 125 122 122 124 127
 128 129 133 138 143 143 146 150 151 151 152 155 151 158 163 174 184 189
 199  31]"
"[ 29  29 245 252 252 252 253 252 252 252 252 252 252 252 252 252 252 252
 252 252 252 252 252 252 252 252 252 252 252 252 252 252 252 252 252 252
 252 252 252 252 252 252 252 252 252 252 252 252 252 252 252 252 252 252
 252 252 252 252 252 252 252 252 252 252 252 252 252 252 252 252 252 252
 252 252 252 252 252 252 252 252 252 252 252 252 252 252 252 252 252 252
 252 252 252 252 252 252 252 252 252 252 252 252 252 252 252 252 252 252
 252 252 252 252 252 252 252 252 252 252 252 252 252 252 252 252 252 252
 252 252 252 252 252 252 252 252 252 252 252 252 252 252 252 252 252 252
 255 255 255 254 254 254 252 248 248 247 244 237 228 217 207 200 197 190
 180 173 171 169 167 165 163 161 159 159 158 154 149 145 140 138 135 134
 132 128 127 127 126 127 131 135 138 139 140 142 148 153 150 154 159 153
 160  26]"
"[ 29  29 245 252 252 252 253 252 252 252 252 252 252 252 252 252 252 252
 252 252 252 252 252 252 252 252 252 252 252 252 252 252 252 252 252 252
 252 252 252 252 252 252 252 252 252 252 252 252 252 252 252 252 252 252
 252 252 252 252 252 252 252 252 252 252 252 252 252 252 252 252 252 252
 252 252 252 252 252 252 252 252 252 252 252 252 252 252 252 252 252 252
 252 252 252 252 252 252 252 252 252 252 252 252 252 252 252 252 252 252
 252 252 252 252 252 252 252 252 252 252 252 252 252 252 252 252 252 252
 252 252 252 252 252 252 252 252 252 252 252 252 252 252 252 252 252 252
 250 251 251 251 252 254 254 253 254 255 255 253 252 253 254 254 251 247
 242 237 232 223 212 203 195 188 178 171 170 170 167 164 166 163 160 159
 157 152 146 142 140 138 134 131 129 130 131 132 134 138 137 138 139 145
 150  30]"
"[ 29  29 245 252 252 252 253 252 252 252 252 252 252 252 252 252 252 252
 252 252 252 252 252 252 252 252 252 252 252 252 252 252 252 252 252 252
 252 252 252 252 252 252 252 252 252 252 252 252 252 252 252 252 252 252
 252 252 252 252 252 252 252 252 252 252 252 252 252 252 252 252 252 252
 252 252 252 252 252 252 252 252 252 252 252 252 252 252 252 252 252 252
 252 252 252 252 252 252 252 252 252 252 252 252 252 252 252 252 252 252
 252 252 252 252 252 252 252 252 252 252 252 252 252 252 252 252 252 252
 252 252 252 252 252 252 252 252 252 252 252 252 252 252 252 252 252 252
 253 254 253 252 251 252 252 251 251 252 253 251 251 251 253 254 255 255
 254 253 253 253 253 254 253 252 248 244 240 234 223 214 203 197 189 185
 183 179 175 173 165 165 163 160 159 158 153 148 148 139 136 138 136 140
 139  28]"
"[ 29  29 245 252 252 252 253 252 252 252 252 252 252 252 252 252 252 252
 252 252 252 252 252 252 252 252 252 252 252 252 252 252 252 252 252 252
 252 252 252 252 252 252 252 252 252 252 252 252 252 252 252 252 252 252
 252 252 252 252 252 252 252 252 252 252 252 252 252 252 252 252 252 252
 252 252 252 252 252 252 252 252 252 252 252 252 252 252 252 252 252 252
 252 252 252 252 252 252 252 252 252 252 252 252 252 252 252 252 252 252
 252 252 252 252 252 252 252 252 252 252 252 252 252 252 252 252 252 252
 252 252 252 252 252 252 252 252 252 252 252 252 252 252 252 252 252 252
 251 252 252 252 252 252 253 253 251 252 253 253 253 253 252 251 250 252
 254 255 254 254 254 254 254 255 254 253 254 255 254 251 250 248 246 244
 239 230 219 212 210 205 197 189 185 183 178 172 168 175 170 160 159 164
 154  30]"
"[ 29  29 245 252 252 252 253 252 252 252 252 252 252 252 252 252 252 252
 252 252 252 252 252 252 252 252 252 252 252 252 252 252 252 252 252 252
 252 252 252 252 252 252 252 252 252 252 252 252 252 252 252 252 252 252
 252 252 252 252 252 252 252 252 252 252 252 252 252 252 252 252 252 252
 252 252 252 252 252 252 252 252 252 252 252 252 252 252 252 252 252 252
 252 252 252 252 252 252 252 252 252 252 252 252 252 252 252 252 252 252
 252 252 252 252 252 252 252 252 252 252 252 252 252 252 252 252 252 252
 252 252 252 252 252 252 252 252 252 252 252 252 252 252 252 252 252 252
 252 252 252 252 252 252 252 252 252 252 251 250 251 252 253 253 254 252
 251 251 251 252 252 252 251 253 254 254 253 253 253 252 253 253 252 253
 254 255 254 254 253 251 247 241 236 231 222 214 204 195 189 186 181 177
 175  29]"
"[ 29  29 245 252 252 252 253 252 252 252 252 252 252 252 252 252 252 252
 252 252 252 252 252 252 252 252 252 252 252 252 252 252 252 252 252 252
 252 252 252 252 252 252 252 252 252 252 252 252 252 252 252 252 252 252
 252 252 252 252 252 252 252 252 252 252 252 252 252 252 252 252 252 252
 252 252 252 252 252 252 252 252 252 252 252 252 252 252 252 252 252 252
 252 252 252 252 252 252 252 252 252 252 252 252 252 252 252 252 252 252
 252 252 252 252 252 252 252 252 252 252 252 252 252 252 252 252 252 252
 252 252 252 252 252 252 252 252 252 252 252 252 252 252 252 252 252 252
 252 252 252 253 253 253 253 253 252 252 253 253 253 253 252 250 252 251
 251 252 254 254 253 252 253 253 253 254 253 252 252 253 252 252 252 252
 252 253 253 252 253 252 252 251 253 254 255 255 255 251 253 253 244 238
 225  27]"
"[ 29  29 245 252 252 252 253 252 252 252 252 252 252 252 252 252 252 252
 252 252 252 252 252 252 252 252 252 252 252 252 252 252 252 252 252 252
 252 252 252 252 252 252 252 252 252 252 252 252 252 252 252 252 252 252
 252 252 252 252 252 252 252 252 252 252 252 252 252 252 252 252 252 252
 252 252 252 252 252 252 252 252 252 252 252 252 252 252 252 252 252 252
 252 252 252 252 252 252 252 252 252 252 252 252 252 252 252 252 252 252
 252 252 252 252 252 252 252 252 252 252 252 252 252 252 252 252 252 252
 252 252 252 252 252 252 252 252 252 252 252 252 252 252 252 252 252 252
 252 251 251 252 253 252 251 251 252 252 252 252 251 252 252 252 252 253
 253 253 252 251 251 252 254 252 252 253 253 252 251 252 253 253 252 251
 251 253 253 253 251 252 253 253 252 252 252 253 252 254 253 251 254 252
 244  30]"
"[ 29  29 245 252 252 252 253 252 252 252 252 252 252 252 252 252 252 252
 252 252 252 252 252 252 252 252 252 252 252 252 252 252 252 252 252 252
 252 252 252 252 252 252 252 252 252 252 252 252 252 252 252 252 252 252
 252 252 252 252 252 252 252 252 252 252 252 252 252 252 252 252 252 252
 252 252 252 252 252 252 252 252 252 252 252 252 252 252 252 252 252 252
 252 252 252 252 252 252 252 252 252 252 252 252 252 252 252 252 252 252
 252 252 252 252 252 252 252 252 252 252 252 252 252 252 252 252 252 252
 252 252 252 252 252 252 252 252 252 252 252 252 252 252 252 252 252 252
 252 252 252 252 252 252 252 252 252 252 252 252 252 252 252 252 252 252
 252 252 252 252 252 252 252 252 252 252 252 252 252 252 252 252 252 252
 252 252 252 252 252 252 252 252 252 252 252 252 252 253 252 253 253 252
 244  29]"
"[ 29  29 245 252 252 252 253 252 252 252 252 252 252 252 252 252 252 252
 252 252 252 252 252 252 252 252 252 252 252 252 252 252 252 252 252 252
 252 252 252 252 252 252 252 252 252 252 252 252 252 252 252 252 252 252
 252 252 252 252 252 252 252 252 252 252 252 252 252 252 252 252 252 252
 252 252 252 252 252 252 252 252 252 252 252 252 252 252 252 252 252 252
 252 252 252 252 252 252 252 252 252 252 252 252 252 252 252 252 252 252
 252 252 252 252 252 252 252 252 252 252 252 252 252 252 252 252 252 252
 252 252 252 252 252 252 252 252 252 252 252 252 252 252 252 252 252 252
 252 252 252 252 252 252 252 252 252 252 252 252 252 252 252 252 252 252
 252 252 252 252 252 252 252 252 252 252 252 252 252 252 252 252 252 252
 252 252 252 252 252 252 252 252 252 252 252 252 252 252 253 253 252 252
 243  29]"
"[ 29  29 245 252 252 252 253 252 252 252 252 252 252 252 252 252 252 252
 252 252 252 252 252 252 252 252 252 252 252 252 252 252 252 252 252 252
 252 252 252 252 252 252 252 252 252 252 252 252 252 252 252 252 252 252
 252 252 252 252 252 252 252 252 252 252 252 252 252 252 252 252 252 252
 252 252 252 252 252 252 252 252 252 252 252 252 252 252 252 252 252 252
 252 252 252 252 252 252 252 252 252 252 252 252 252 252 252 252 252 252
 252 252 252 252 252 252 252 252 252 252 252 252 252 252 252 252 252 252
 252 252 252 252 252 252 252 252 252 252 252 252 252 252 252 252 252 252
 252 252 252 252 252 252 252 252 252 252 252 252 252 252 252 252 252 252
 252 252 252 252 252 252 252 252 252 252 252 252 252 252 252 252 252 252
 252 252 252 252 252 252 252 252 252 252 252 252 252 252 252 253 252 252
 244  29]"
"[ 29  29 245 252 252 252 253 252 252 252 252 252 252 252 252 252 252 252
 252 252 252 252 252 252 252 252 252 252 252 252 252 252 252 252 252 252
 252 252 252 252 252 252 252 252 252 252 252 252 252 252 252 252 252 252
 252 252 252 252 252 252 252 252 252 252 252 252 252 252 252 252 252 252
 252 252 252 252 252 252 252 252 252 252 252 252 252 252 252 252 252 252
 252 252 252 252 252 252 252 252 252 252 252 252 252 252 252 252 252 252
 252 252 252 252 252 252 252 252 252 252 252 252 252 252 252 252 252 252
 252 252 252 252 252 252 252 252 252 252 252 252 252 252 252 252 252 252
 252 252 252 252 252 252 252 252 252 252 252 252 252 252 252 252 252 252
 252 252 252 252 252 252 252 252 252 252 252 252 252 252 252 252 252 252
 252 252 252 252 252 252 252 252 252 252 252 252 252 252 252 252 252 251
 243  29]"
"[ 29  29 245 252 252 252 253 252 252 252 252 252 252 252 252 252 252 252
 252 252 252 252 252 252 252 252 252 252 252 252 252 252 252 252 252 252
 252 252 252 252 252 252 252 252 252 252 252 252 252 252 252 252 252 252
 252 252 252 252 252 252 252 252 252 252 252 252 252 252 252 252 252 252
 252 252 252 252 252 252 252 252 252 252 252 252 252 252 252 252 252 252
 252 252 252 252 252 252 252 252 252 252 252 252 252 252 252 252 252 252
 252 252 252 252 252 252 252 252 252 252 252 252 252 252 252 252 252 252
 252 252 252 252 252 252 252 252 252 252 252 252 252 252 252 252 252 252
 252 252 252 252 252 252 252 252 252 252 252 252 252 252 252 252 252 252
 252 252 252 252 252 252 252 252 252 252 252 252 252 252 252 252 252 252
 252 252 252 252 252 252 252 252 252 252 252 252 252 252 252 252 251 251
 243  29]"
"[ 29  29 245 252 252 252 253 252 252 252 252 252 252 252 252 252 252 252
 252 252 252 252 252 252 252 252 252 252 252 252 252 252 252 252 252 252
 252 252 252 252 252 252 252 252 252 252 252 252 252 252 252 252 252 252
 252 252 252 252 252 252 252 252 252 252 252 252 252 252 252 252 252 252
 252 252 252 252 252 252 252 252 252 252 252 252 252 252 252 252 252 252
 252 252 252 252 252 252 252 252 252 252 252 252 252 252 252 252 252 252
 252 252 252 252 252 252 252 252 252 252 252 252 252 252 252 252 252 252
 252 252 252 252 252 252 252 252 252 252 252 252 252 252 252 252 252 252
 252 252 252 252 252 252 252 252 252 252 252 252 252 252 252 252 252 252
 252 252 252 252 252 252 252 252 252 252 252 252 252 252 252 252 252 252
 252 252 252 252 252 252 252 252 252 252 252 252 252 252 252 252 251 251
 243  29]"
"[ 29  29 245 252 252 252 253 252 252 252 252 252 252 252 252 252 252 252
 252 252 252 252 252 252 252 252 252 252 252 252 252 252 252 252 252 252
 252 252 252 252 252 252 252 252 252 252 252 252 252 252 252 252 252 252
 252 252 252 252 252 252 252 252 252 252 252 252 252 252 252 252 252 252
 252 252 252 252 252 252 252 252 252 252 252 252 252 252 252 252 252 252
 252 252 252 252 252 252 252 252 252 252 252 252 252 252 252 252 252 252
 252 252 252 252 252 252 252 252 252 252 252 252 252 252 252 252 252 252
 252 252 252 252 252 252 252 252 252 252 252 252 252 252 252 252 252 252
 252 252 252 252 252 252 252 252 252 252 252 252 252 252 252 252 252 252
 252 252 252 252 252 252 252 252 252 252 252 252 252 252 252 252 252 252
 252 252 252 252 252 252 252 252 252 252 252 252 252 252 251 252 251 251
 243  29]"
"[ 29  29 245 252 252 252 253 252 252 252 252 252 252 252 252 252 252 252
 252 252 252 252 252 252 252 252 252 252 252 252 252 252 252 252 252 252
 252 252 252 252 252 252 252 252 252 252 252 252 252 252 252 252 252 252
 252 252 252 252 252 252 252 252 252 252 252 252 252 252 252 252 252 252
 252 252 252 252 252 252 252 252 252 252 252 252 252 252 252 252 252 252
 252 252 252 252 252 252 252 252 252 252 252 252 252 252 252 252 252 252
 252 252 252 252 252 252 252 252 252 252 252 252 252 252 252 252 252 252
 252 252 252 252 252 252 252 252 252 252 252 252 252 252 252 252 252 252
 252 252 252 252 252 252 252 252 252 252 252 252 252 252 252 252 252 252
 252 252 252 252 252 252 252 252 252 252 252 252 252 252 252 252 252 252
 252 252 252 252 252 252 252 252 252 252 252 252 252 252 251 252 251 251
 243  29]"
"[ 29  29 246 252 252 252 253 252 252 252 252 252 252 252 252 252 252 252
 252 252 252 252 252 252 252 252 252 252 252 252 252 252 252 252 252 252
 252 252 252 252 252 252 252 252 252 252 252 252 252 252 252 252 252 252
 252 252 252 252 252 252 252 252 252 252 252 252 252 252 252 252 252 252
 252 252 252 252 252 252 252 252 252 252 252 252 252 252 252 252 252 252
 251 253 253 251 252 251 252 252 252 253 252 251 251 252 252 252 252 252
 252 252 252 252 252 252 252 252 252 252 252 252 252 252 252 252 252 252
 252 252 252 252 252 252 252 252 252 252 252 252 252 252 252 252 252 252
 252 252 252 252 252 252 252 252 252 252 252 252 252 252 252 252 252 252
 252 252 252 252 252 252 252 252 252 252 252 252 252 252 252 252 252 252
 252 252 252 252 252 252 252 252 252 252 252 252 252 252 252 252 251 252
 244  29]"
"[ 29  29 246 252 252 252 253 252 252 252 252 252 252 252 252 252 252 252
 252 252 252 252 252 252 252 252 252 252 252 252 252 252 252 252 252 252
 252 252 252 252 252 252 252 252 252 252 252 252 252 252 252 252 252 252
 252 252 252 252 252 252 252 252 252 252 252 252 252 252 252 252 252 252
 252 252 252 252 252 252 252 252 252 252 252 252 252 252 252 252 252 251
 253 252 252 252 252 253 252 252 251 251 252 253 253 252 252 252 252 252
 252 252 252 252 252 252 252 252 252 252 252 252 252 252 252 252 252 252
 252 252 252 252 252 252 252 252 252 252 252 252 252 252 252 252 252 252
 252 252 252 252 252 252 252 252 252 252 252 252 252 252 252 252 252 252
 252 252 252 252 252 252 252 252 252 252 252 252 252 252 252 252 252 252
 252 252 252 252 252 252 252 252 252 252 252 252 252 252 252 252 251 252
 244  29]"
"[ 29  29 246 252 252 252 253 252 252 252 252 252 252 252 252 252 252 252
 252 252 252 252 252 252 252 252 252 252 252 252 252 252 252 252 252 252
 252 252 252 252 252 252 252 252 252 252 252 252 252 252 252 252 252 252
 252 252 252 252 252 252 252 252 252 252 252 252 252 252 252 252 252 252
 252 252 252 252 252 252 252 252 252 252 252 252 252 252 252 252 254 251
 252 252 252 253 250 252 252 252 252 251 252 253 253 251 252 252 252 252
 252 252 252 252 252 252 252 252 252 252 252 252 252 252 252 252 252 252
 252 252 252 252 252 252 252 252 252 252 252 252 252 252 252 252 252 252
 252 252 252 252 252 252 252 252 252 252 252 252 252 252 252 252 252 252
 252 252 252 252 252 252 252 252 252 252 252 252 252 252 252 252 252 252
 252 252 252 252 252 252 252 252 252 252 252 252 252 252 252 252 251 252
 244  29]"
"[ 29  29 246 252 252 252 253 252 252 252 252 252 252 252 252 252 252 252
 252 252 252 252 252 252 252 252 252 252 252 252 252 252 252 252 252 252
 252 252 252 252 252 252 252 252 252 252 252 252 252 252 252 252 252 252
 252 252 252 252 252 252 252 252 252 252 252 252 252 252 252 252 252 252
 252 252 252 252 252 252 252 252 252 252 252 252 252 252 252 252 249 253
 254 250 249 253 255 252 251 252 253 253 252 251 251 252 252 252 252 252
 252 252 252 252 252 252 252 252 252 252 252 252 252 252 252 252 252 252
 252 252 252 252 252 252 252 252 252 252 252 252 252 252 252 252 252 252
 252 252 252 252 252 252 252 252 252 252 252 252 252 252 252 252 252 252
 252 252 252 252 252 252 252 252 252 252 252 252 252 252 252 252 252 252
 252 252 252 252 252 252 252 252 252 252 252 252 252 252 252 252 251 252
 244  29]"
"[ 29  29 246 252 252 252 253 252 252 252 252 252 252 252 252 252 252 252
 252 252 252 252 252 252 252 252 252 252 252 252 252 252 252 252 252 252
 252 252 252 252 252 252 252 252 252 252 252 252 252 252 252 252 252 252
 252 252 252 252 252 252 252 252 252 252 252 252 252 252 252 252 252 252
 252 252 252 252 252 252 252 252 252 252 252 252 252 251 252 251 252 251
 248 253 255 251 251 249 252 251 251 252 252 250 252 254 252 252 252 252
 252 252 252 252 252 252 252 252 252 252 252 252 252 252 252 252 252 252
 252 252 252 252 252 252 252 252 252 252 252 252 252 252 252 252 252 252
 252 252 252 252 252 252 252 252 252 252 252 252 252 252 252 252 252 252
 252 252 252 252 252 252 252 252 252 252 252 252 252 252 252 252 252 252
 252 252 252 252 252 252 252 252 252 252 252 252 252 252 252 252 251 252
 244  29]"
"[ 29  29 246 252 252 252 253 252 252 252 252 252 252 252 252 252 252 252
 252 252 252 252 252 252 252 252 252 252 252 252 252 252 252 252 252 252
 252 252 252 252 252 252 252 252 252 252 252 252 252 252 252 252 252 252
 252 252 252 252 252 252 252 252 252 252 252 252 252 252 252 252 252 252
 252 252 252 252 252 252 252 252 252 252 252 252 251 251 252 252 253 254
 252 252 251 250 254 254 254 253 252 252 252 252 252 253 252 252 252 252
 252 252 252 252 252 252 252 252 252 252 252 252 252 252 252 252 252 252
 252 252 252 252 252 252 252 252 252 252 252 252 252 252 252 252 252 252
 252 252 252 252 252 252 252 252 252 252 252 252 252 252 252 252 252 252
 252 252 252 252 252 252 252 252 252 252 252 252 252 252 252 252 252 252
 252 252 252 252 252 252 252 252 252 252 252 252 252 252 252 252 251 252
 244  29]"
"[ 29  29 246 252 252 252 253 252 252 252 252 252 252 252 252 252 252 252
 252 252 252 252 252 252 252 252 252 252 252 252 252 252 252 252 252 252
 252 252 252 252 252 252 252 252 252 252 252 252 252 252 252 252 252 252
 252 252 252 252 252 252 252 252 252 252 252 252 252 252 252 252 252 252
 252 252 252 252 252 252 252 252 252 252 252 252 251 252 252 251 248 238
 226 202 193 206 224 243 249 251 253 253 252 252 252 251 252 252 252 252
 252 252 252 252 252 252 252 252 252 252 252 252 252 252 252 252 252 252
 252 252 252 252 252 252 252 252 252 252 252 252 252 252 252 252 252 252
 252 252 252 252 252 252 252 252 252 252 252 252 252 252 252 252 252 252
 252 252 252 252 252 252 252 252 252 252 252 252 252 252 252 252 252 252
 252 252 252 252 252 252 252 252 252 252 252 252 252 252 252 252 251 252
 244  29]"
"[ 29  29 246 252 252 252 253 252 252 252 252 252 252 252 252 252 252 252
 252 252 252 252 252 252 252 252 252 252 252 252 252 252 252 252 252 252
 252 252 252 252 252 252 252 252 252 252 252 252 252 252 252 252 252 252
 252 252 252 252 252 252 252 252 252 252 252 252 252 252 252 252 252 252
 252 252 252 252 252 252 252 252 252 252 252 252 252 252 251 251 236 157
 109  93  92  95 113 166 233 246 253 254 251 252 253 251 252 252 252 252
 252 252 252 252 252 252 252 252 252 252 252 252 252 252 252 252 252 252
 252 252 252 252 252 252 252 252 252 252 252 252 252 252 252 252 252 252
 252 252 252 252 252 252 252 252 252 252 252 252 252 252 252 252 252 252
 252 252 252 252 252 252 252 252 252 252 252 252 252 252 252 252 252 252
 252 252 252 252 252 252 252 252 252 252 252 252 252 252 252 252 251 252
 244  29]"
"[ 29  29 246 252 252 252 253 252 252 252 252 252 252 252 252 252 252 252
 252 252 252 252 252 252 252 252 252 252 252 252 252 252 252 252 252 252
 252 252 252 252 252 252 252 252 252 252 252 252 252 252 252 252 252 252
 252 252 252 252 252 252 252 252 252 252 252 252 252 252 252 252 252 252
 252 252 252 252 252 252 252 252 252 252 251 253 253 250 250 225 128  89
  72  72  74  78  80  88 124 212 252 249 253 255 248 254 252 252 252 252
 252 252 252 252 252 252 252 252 252 252 252 252 252 252 252 252 252 252
 252 252 252 252 252 252 252 252 252 252 252 252 252 252 252 252 252 252
 252 252 252 252 252 252 252 252 252 252 252 252 252 252 252 252 252 252
 252 252 252 252 252 252 252 252 252 252 252 252 252 252 252 252 252 252
 252 252 252 252 252 252 252 252 252 252 252 252 252 252 252 252 251 252
 244  29]"
"[ 29  29 246 252 252 252 253 252 252 252 252 252 252 252 252 252 252 252
 252 252 252 252 252 252 252 252 252 252 252 252 252 252 252 252 252 252
 252 252 252 252 252 252 252 252 252 252 252 252 252 252 252 252 252 252
 252 252 252 252 252 252 252 252 252 252 252 252 252 252 252 252 252 252
 252 252 252 252 252 252 252 252 253 251 252 250 251 254 236 155  89  70
  66  65  66  73  75  80  90 143 234 251 251 251 254 253 252 252 252 252
 252 252 252 252 252 252 252 252 252 252 252 252 252 252 252 252 252 252
 252 252 252 252 252 252 252 252 252 252 252 252 252 252 252 252 252 252
 252 252 252 252 252 252 252 252 252 252 252 252 252 252 252 252 252 252
 252 252 252 252 252 252 252 252 252 252 252 252 252 252 252 252 252 252
 252 252 252 252 252 252 252 252 252 252 252 252 252 252 252 252 251 252
 244  29]"
"[ 29  29 246 252 252 252 253 252 252 252 252 252 252 252 252 252 252 252
 252 252 252 252 252 252 252 252 252 252 252 252 252 252 252 252 252 252
 252 252 252 252 252 252 252 252 252 252 252 252 252 252 252 252 252 252
 252 252 252 252 252 252 252 252 252 252 252 252 252 252 252 252 252 252
 252 252 252 252 252 252 252 252 253 250 254 253 252 251 207  99  70  65
  66  63  64  70  74  81  81  99 194 250 254 252 252 251 252 252 252 252
 252 252 252 252 252 252 252 252 252 252 252 252 252 252 252 252 252 252
 252 252 252 252 252 252 252 252 252 252 252 252 252 252 252 252 252 252
 252 252 252 252 252 252 252 252 252 252 252 252 252 252 252 252 252 252
 252 252 252 252 252 252 252 252 252 252 252 252 252 252 252 252 252 252
 252 252 252 252 252 252 252 252 252 252 252 252 252 252 252 252 251 252
 244  29]"
"[ 29  29 246 252 252 252 253 252 252 252 252 252 252 252 252 252 252 252
 252 252 252 252 252 252 252 252 252 252 252 252 252 252 252 252 252 252
 252 252 252 252 252 252 252 252 252 252 252 252 252 252 252 252 252 252
 252 252 252 252 252 252 252 252 252 252 252 252 252 252 252 252 252 252
 252 252 252 252 252 252 252 252 251 253 253 253 253 247 177  85  66  60
  58  56  58  60  63  73  81  86 140 237 253 253 252 251 252 252 252 252
 252 252 252 252 252 252 252 252 252 252 252 252 252 252 252 252 252 252
 252 252 252 252 252 252 252 252 252 252 252 252 252 252 252 252 252 252
 252 252 252 252 252 252 252 252 252 252 252 252 252 252 252 252 252 252
 252 252 252 252 252 252 252 252 252 252 252 252 252 252 252 252 252 252
 252 252 252 252 252 252 252 252 252 252 252 252 252 252 252 252 251 252
 244  29]"
"[ 29  29 246 252 252 252 253 252 252 252 252 252 252 252 252 252 252 252
 252 252 252 252 252 252 252 252 252 252 252 252 252 252 252 252 252 252
 252 252 252 252 252 252 252 252 252 252 252 252 252 252 252 252 252 252
 252 252 252 252 252 252 252 252 252 252 252 252 252 252 252 252 252 252
 252 252 252 252 252 252 252 252 251 253 252 250 250 250 154  76  64  60
  56  55  59  58  60  70  76  81 105 207 251 252 254 252 252 252 252 252
 252 252 252 252 252 252 252 252 252 252 252 252 252 252 252 252 252 252
 252 252 252 252 252 252 252 252 252 252 252 252 252 252 252 252 252 252
 252 252 252 252 252 252 252 252 252 252 252 252 252 252 252 252 252 252
 252 252 252 252 252 252 252 252 252 252 252 252 252 252 252 252 252 252
 252 252 252 252 252 252 252 252 252 252 252 252 252 252 252 252 251 252
 244  29]"
"[ 29  29 246 252 252 252 253 252 252 252 252 252 252 252 252 252 252 252
 252 252 252 252 252 252 252 252 252 252 252 252 252 252 252 252 252 252
 252 252 252 252 252 252 252 252 252 252 252 252 252 252 252 252 252 252
 252 252 252 252 252 252 252 252 252 252 252 252 252 252 252 252 252 252
 252 252 252 252 252 252 252 252 253 250 251 255 249 250 137  64  60  59
  55  51  53  55  60  67  75  81  94 157 245 252 253 254 252 252 252 252
 252 252 252 252 252 252 252 252 252 252 252 252 252 252 252 252 252 252
 252 252 252 252 252 252 252 252 252 252 252 252 252 252 252 252 252 252
 252 252 252 252 252 252 252 252 252 252 252 252 252 252 252 252 252 252
 252 252 252 252 252 252 252 252 252 252 252 252 252 252 252 252 252 252
 252 252 252 252 252 252 252 252 252 252 252 252 252 252 252 252 251 252
 244  29]"
"[ 29  29 246 252 252 252 253 252 252 252 252 252 252 252 252 252 252 252
 252 252 252 252 252 252 252 252 252 252 252 252 252 252 252 252 252 252
 252 252 252 252 252 252 252 252 252 252 252 252 252 252 252 252 252 252
 252 252 252 252 252 252 252 252 252 252 252 252 252 252 252 252 252 252
 252 252 252 252 252 252 252 252 253 250 252 254 250 247 129  62  62  61
  55  51  51  54  60  65  71  77  84 115 223 253 251 255 252 252 252 252
 252 252 252 252 252 252 252 252 252 252 252 252 252 252 252 252 252 252
 252 252 252 252 252 252 252 252 252 252 252 252 252 252 252 252 252 252
 252 252 252 252 252 252 252 252 252 252 252 252 252 252 252 252 252 252
 252 252 252 252 252 252 252 252 252 252 252 252 252 252 252 252 252 252
 252 252 252 252 252 252 252 252 252 252 252 252 252 252 252 252 251 252
 244  29]"
"[ 29  29 246 252 252 252 253 252 252 252 252 252 252 252 252 252 252 252
 252 252 252 252 252 252 252 252 252 252 252 252 252 252 252 252 252 252
 252 252 252 252 252 252 252 252 252 252 252 252 252 252 252 252 252 252
 252 252 252 252 252 252 252 252 252 252 252 252 252 252 252 252 252 252
 252 252 252 252 252 252 252 252 250 254 251 251 251 248 131  65  62  58
  52  52  53  54  57  60  69  72  80 106 197 253 254 251 252 252 252 252
 252 252 252 252 252 252 252 252 252 252 252 252 252 252 252 252 252 252
 252 252 252 252 252 252 252 252 252 252 252 252 252 252 252 252 252 252
 252 252 252 252 252 252 252 252 252 252 252 252 252 252 252 252 252 252
 252 252 252 252 252 252 252 252 252 252 252 252 252 252 252 252 252 252
 252 252 252 252 252 252 252 252 252 252 252 252 252 252 252 252 251 252
 244  29]"
"[ 29  29 245 252 252 252 253 252 252 252 252 252 252 252 252 252 252 252
 252 252 252 252 252 252 252 252 252 252 252 252 252 252 252 252 252 252
 252 252 252 252 252 252 252 252 252 252 252 252 252 252 252 252 252 252
 252 252 252 252 252 252 252 252 252 252 252 252 252 252 252 252 252 252
 252 252 252 252 252 252 252 252 254 250 253 254 250 248 133  65  59  56
  53  52  52  53  56  58  65  72  80  96 168 249 253 255 252 252 252 252
 252 252 252 252 252 252 252 252 252 252 252 252 252 252 252 252 252 252
 252 252 252 252 252 252 252 252 252 252 252 252 252 252 252 252 252 252
 252 252 252 252 252 252 252 252 252 252 252 252 252 252 252 252 252 252
 252 252 252 252 252 252 252 252 252 252 252 252 252 252 252 252 252 252
 252 252 252 252 252 252 252 252 252 252 252 252 252 252 252 252 251 252
 244  29]"
"[ 29  29 245 252 252 252 253 252 252 252 252 252 252 252 252 252 252 252
 252 252 252 252 252 252 252 252 252 252 252 252 252 252 252 252 252 252
 252 252 252 252 252 252 252 252 252 252 252 252 252 252 252 252 252 252
 252 252 252 252 252 252 252 252 252 252 252 252 252 252 252 252 252 252
 252 252 252 252 252 252 252 252 251 252 253 253 252 250 140  68  63  58
  53  50  50  51  54  58  62  70  74  86 145 248 253 252 252 252 252 252
 252 252 252 252 252 252 252 252 252 252 252 252 252 252 252 252 252 252
 252 252 252 252 252 252 252 252 252 252 252 252 252 252 252 252 252 252
 252 252 252 252 252 252 252 252 252 252 252 252 252 252 252 252 252 252
 252 252 252 252 252 252 252 252 252 252 252 252 252 252 252 252 252 252
 252 252 252 252 252 252 252 252 252 252 252 252 252 252 252 252 251 252
 244  29]"
"[ 29  29 245 252 252 252 253 252 252 252 252 252 252 252 252 252 252 252
 252 252 252 252 252 252 252 252 252 252 252 252 252 252 252 252 252 252
 252 252 252 252 252 252 252 252 252 252 252 252 252 252 252 252 252 252
 252 252 252 252 252 252 252 252 252 252 252 252 252 252 252 252 252 252
 252 252 252 252 252 252 252 252 250 254 253 252 251 250 144  66  63  56
  50  48  48  49  53  57  61  68  73  82 118 236 253 252 252 252 252 252
 252 252 252 252 252 252 252 252 252 252 252 252 252 252 252 252 252 252
 252 252 252 252 252 252 252 252 252 252 252 252 252 252 252 252 252 252
 252 252 252 252 252 252 252 252 252 252 252 252 252 252 252 252 252 252
 252 252 252 252 252 252 252 252 252 252 252 252 252 252 252 252 252 252
 252 252 252 252 252 252 252 252 252 252 252 252 252 252 252 252 251 252
 244  29]"
"[ 29  29 245 252 252 252 253 252 252 252 252 252 252 252 252 252 252 252
 252 252 252 252 252 252 252 252 252 252 252 252 252 252 252 252 252 252
 252 252 252 252 252 252 252 252 252 252 252 252 252 252 252 252 252 252
 252 252 252 252 252 252 252 252 252 252 252 252 252 252 252 252 252 252
 252 252 252 252 252 252 252 252 252 254 254 250 252 250 145  65  58  52
  47  48  48  49  51  56  60  65  75  84 101 207 251 253 252 252 252 252
 252 252 252 252 252 252 252 252 252 252 252 252 252 252 252 252 252 252
 252 252 252 252 252 252 252 252 252 252 252 252 252 252 252 252 252 252
 252 252 252 252 252 252 252 252 252 252 252 252 252 252 252 252 252 252
 252 252 252 252 252 252 252 252 252 252 252 252 252 252 252 252 252 252
 252 252 252 252 252 252 252 252 252 252 252 252 252 252 252 252 251 252
 244  29]"
"[ 29  29 245 252 252 252 253 252 252 252 252 252 252 252 252 252 252 252
 252 252 252 252 252 252 252 252 252 252 252 252 252 252 252 252 252 252
 252 252 252 252 252 252 252 252 252 252 252 252 252 252 252 252 252 252
 252 252 252 252 252 252 252 252 252 252 252 252 252 252 252 252 252 252
 252 252 252 252 252 252 252 252 253 250 254 250 252 251 150  68  58  52
  48  48  49  49  51  54  57  62  73  81  92 171 249 252 253 253 252 252
 252 252 252 252 252 252 252 252 252 252 252 252 252 252 252 252 252 252
 252 252 252 252 252 252 252 252 252 252 252 252 252 252 252 252 252 252
 252 252 252 252 252 252 252 252 252 252 252 252 252 252 252 252 252 252
 252 252 252 252 252 252 252 252 252 252 252 252 252 252 252 252 252 252
 252 252 252 252 252 252 252 252 252 252 252 252 252 252 252 252 251 252
 244  29]"
"[ 29  29 245 252 252 252 253 252 252 252 252 252 252 252 252 252 252 252
 252 252 252 252 252 252 252 252 252 252 252 252 252 252 252 252 252 252
 252 252 252 252 252 252 252 252 252 252 252 252 252 252 252 252 252 252
 252 252 252 252 252 252 252 252 252 252 252 252 252 252 252 252 252 252
 252 252 252 252 252 252 252 252 253 249 254 251 251 250 158  69  60  56
  51  48  47  47  49  52  56  61  70  76  87 142 245 251 253 253 252 252
 252 252 252 252 252 252 252 252 252 252 252 252 252 252 252 252 252 252
 252 252 252 252 252 252 252 252 252 252 252 252 252 252 252 252 252 252
 252 252 252 252 252 252 252 252 252 252 252 252 252 252 252 252 252 252
 252 252 252 252 252 252 252 252 252 252 252 252 252 252 252 252 252 252
 252 252 252 252 252 252 252 252 252 252 252 252 252 252 252 252 251 252
 244  29]"
"[ 29  29 245 252 252 252 253 252 252 252 252 252 252 252 252 252 252 252
 252 252 252 252 252 252 252 252 252 252 252 252 252 252 252 252 252 252
 252 252 252 252 252 252 252 252 252 252 252 252 252 252 252 252 252 252
 252 252 252 252 252 252 252 252 252 252 252 252 252 252 252 252 252 252
 252 252 252 252 252 252 252 252 253 252 253 253 252 250 171  72  59  57
  52  48  45  46  49  50  56  61  67  76  84 120 234 251 253 253 252 252
 252 252 252 252 252 252 252 252 252 252 252 252 252 252 252 252 252 252
 252 252 252 252 252 252 252 252 252 252 252 252 252 252 252 252 252 252
 252 252 252 252 252 252 252 252 252 252 252 252 252 252 252 252 252 252
 252 252 252 252 252 252 252 252 252 252 252 252 252 252 252 252 252 252
 252 252 252 252 252 252 252 252 252 252 252 252 252 252 252 252 251 252
 244  29]"
"[ 29  29 245 252 252 252 253 252 252 252 252 252 252 252 252 252 252 252
 252 252 252 252 252 252 252 252 252 252 252 252 252 252 252 252 252 252
 252 252 252 252 252 252 252 252 252 252 252 252 252 252 252 252 252 252
 252 252 252 252 252 252 252 252 252 252 252 252 252 252 252 252 252 252
 252 252 252 252 252 252 252 252 251 253 251 253 253 251 184  77  56  56
  53  48  46  48  50  51  55  59  65  79  82 105 219 251 253 253 253 252
 252 252 252 252 252 252 252 252 252 252 252 252 252 252 252 252 252 252
 252 252 252 252 252 252 252 252 252 252 252 252 252 252 252 252 252 252
 252 252 252 252 252 252 252 252 252 252 252 252 252 252 252 252 252 252
 252 252 252 252 252 252 252 252 252 252 252 252 252 252 252 252 252 252
 252 252 252 252 252 252 252 252 252 252 252 252 252 252 252 252 251 252
 244  29]"
"[ 29  29 245 252 252 252 253 252 252 252 252 252 252 252 252 252 252 252
 252 252 252 252 252 252 252 252 252 252 252 252 252 252 252 252 252 252
 252 252 252 252 252 252 252 252 252 252 252 252 252 252 252 252 252 252
 252 252 252 252 252 252 252 252 252 252 252 252 252 252 252 252 252 252
 252 252 252 252 252 252 252 252 253 251 252 252 252 254 197  85  55  58
  51  47  48  46  49  49  54  59  59  77  76  99 202 252 253 253 252 252
 252 252 252 252 252 252 252 252 252 252 252 252 252 252 252 252 252 252
 252 252 252 252 252 252 252 252 252 252 252 252 252 252 252 252 252 252
 252 252 252 252 252 252 252 252 252 252 252 252 252 252 252 252 252 252
 252 252 252 252 252 252 252 252 252 252 252 252 252 252 252 252 252 252
 252 252 252 252 252 252 252 252 252 252 252 252 252 252 252 252 251 252
 244  29]"
"[ 29  29 245 252 252 252 253 252 252 252 252 252 252 252 252 252 252 252
 252 252 252 252 252 252 252 252 252 252 252 252 252 252 252 252 252 252
 252 252 252 252 252 252 252 252 252 252 252 252 252 252 252 252 252 252
 252 252 252 252 252 252 252 252 252 252 252 252 252 252 252 252 252 252
 252 252 252 252 252 252 252 252 252 252 253 253 251 253 209  96  60  60
  51  48  48  45  47  48  52  57  59  72  76  95 184 251 253 253 252 252
 252 252 252 252 252 252 252 252 252 252 252 252 252 252 252 252 252 252
 252 252 252 252 252 252 252 252 252 252 252 252 252 252 252 252 252 252
 252 252 252 252 252 252 252 252 252 252 252 252 252 252 252 252 252 252
 252 252 252 252 252 252 252 252 252 252 252 252 252 252 252 252 252 252
 252 252 252 252 252 252 252 252 252 252 252 252 252 252 252 252 251 252
 244  29]"
"[ 29  29 245 252 252 252 253 252 252 252 252 252 252 252 252 252 252 252
 252 252 252 252 252 252 252 252 252 252 252 252 252 252 252 252 252 252
 252 252 252 252 252 252 252 252 252 252 252 252 252 252 252 252 252 252
 252 252 252 252 252 252 252 252 252 252 252 252 252 252 252 252 252 252
 252 252 252 252 252 252 252 252 252 253 253 253 252 253 224 105  64  60
  52  49  48  45  46  49  51  57  61  69  78  94 166 252 253 253 252 252
 252 252 252 252 252 252 252 252 252 252 252 252 252 252 252 252 252 252
 252 252 252 252 252 252 252 252 252 252 252 252 252 252 252 252 252 252
 252 252 252 252 252 252 252 252 252 252 252 252 252 252 252 252 252 252
 252 252 252 252 252 252 252 252 252 252 252 252 252 252 252 252 252 252
 252 252 252 252 252 252 252 252 252 252 252 252 252 252 252 252 251 252
 244  29]"
"[ 29  29 245 252 252 252 253 252 252 252 252 252 252 252 252 252 252 252
 252 252 252 252 252 252 252 252 252 252 252 252 252 252 252 252 252 252
 252 252 252 252 252 252 252 252 252 252 252 252 252 252 252 252 252 252
 252 252 252 252 252 252 252 252 252 252 252 252 252 252 252 252 252 252
 252 252 252 252 252 252 252 252 252 253 251 253 254 254 239 118  64  60
  53  49  47  46  47  49  50  55  60  66  80  94 156 251 253 253 253 252
 252 252 252 252 252 252 252 252 252 252 252 252 252 252 252 252 252 252
 252 252 252 252 252 252 252 252 252 252 252 252 252 252 252 252 252 252
 252 252 252 252 252 252 252 252 252 252 252 252 252 252 252 252 252 252
 252 252 252 252 252 252 252 252 252 252 252 252 252 252 252 252 252 252
 252 252 252 252 252 252 252 252 252 252 252 252 252 252 252 252 251 252
 244  29]"
"[ 29  29 245 252 252 252 253 252 252 252 252 252 252 252 252 252 252 252
 252 252 252 252 252 252 252 252 252 252 252 252 252 252 252 252 252 252
 252 252 252 252 252 252 252 252 252 252 252 252 252 252 252 252 252 252
 252 252 252 252 252 252 252 252 252 252 252 252 252 252 252 252 252 252
 252 252 252 252 252 252 252 252 253 253 250 251 253 250 243 132  64  59
  54  49  46  46  47  48  48  52  56  65  78  92 151 245 253 253 253 252
 252 252 252 252 252 252 252 252 252 252 252 252 252 252 252 252 252 252
 252 252 252 252 252 252 252 252 252 252 252 252 252 252 252 252 252 252
 252 252 252 252 252 252 252 252 252 252 252 252 252 252 252 252 252 252
 252 252 252 252 252 252 252 252 252 252 252 252 252 252 252 252 252 252
 252 252 252 252 252 252 252 252 252 252 252 252 252 252 252 252 251 252
 244  29]"
"[ 29  29 245 252 252 252 253 252 252 252 252 252 252 252 252 252 252 252
 252 252 252 252 252 252 252 252 252 252 252 252 252 252 252 252 252 252
 252 252 252 252 252 252 252 252 252 252 252 252 252 252 252 252 252 252
 252 252 252 252 252 252 252 252 252 252 252 252 252 252 252 252 252 252
 252 252 252 252 252 252 252 252 249 252 252 253 254 254 254 171  68  58
  53  49  46  45  45  46  49  52  56  66  76  89 145 239 253 253 252 252
 252 252 252 252 252 252 252 252 252 252 252 252 252 252 252 252 252 252
 252 252 252 252 252 252 252 252 252 252 252 252 252 252 252 252 252 252
 252 252 252 252 252 252 252 252 252 252 252 252 252 252 252 252 252 252
 252 252 252 252 252 252 252 252 252 252 252 252 252 252 252 252 252 252
 252 252 252 252 252 252 252 252 252 252 252 252 252 252 252 252 251 252
 244  29]"
"[ 29  29 245 252 252 252 253 252 252 252 252 252 252 252 252 252 252 252
 252 252 252 252 252 252 252 252 252 252 252 252 252 252 252 252 252 252
 252 252 252 252 252 252 252 252 252 252 252 252 252 252 252 252 252 252
 252 252 252 252 252 252 252 252 252 252 252 252 252 252 252 252 252 252
 252 252 252 252 252 252 252 252 252 253 252 251 251 249 249 183  74  57
  50  48  45  44  42  45  48  51  58  66  73  83 133 233 252 253 252 252
 252 252 252 252 252 252 252 252 252 252 252 252 252 252 252 252 252 252
 252 252 252 252 252 252 252 252 252 252 252 252 252 252 252 252 252 252
 252 252 252 252 252 252 252 252 252 252 252 252 252 252 252 252 252 252
 252 252 252 252 252 252 252 252 252 252 252 252 252 252 252 252 252 252
 252 252 252 252 252 252 252 252 252 252 252 252 252 252 252 252 251 252
 244  29]"
"[ 29  29 245 252 252 252 253 252 252 252 252 252 252 252 252 252 252 252
 252 252 252 252 252 252 252 252 252 252 252 252 252 252 252 252 252 252
 252 252 252 252 252 252 252 252 252 252 252 252 252 252 252 252 252 252
 252 252 252 252 252 252 252 252 252 252 252 252 252 252 252 252 252 252
 252 252 252 252 252 252 252 252 253 252 251 251 254 254 251 195  79  56
  47  47  45  42  40  45  44  47  57  62  68  76 119 228 252 253 252 252
 252 252 252 252 252 252 252 252 252 252 252 252 252 252 252 252 252 252
 252 252 252 252 252 252 252 252 252 252 252 252 252 252 252 252 252 252
 252 252 252 252 252 252 252 252 252 252 252 252 252 252 252 252 252 252
 252 252 252 252 252 252 252 252 252 252 252 252 252 252 252 252 252 252
 252 252 252 252 252 252 252 252 252 252 252 252 252 252 252 252 251 252
 244  29]"
"[ 29  29 245 252 252 252 253 252 252 252 252 252 252 252 252 252 252 252
 252 252 252 252 252 252 252 252 252 252 252 252 252 252 252 252 252 252
 252 252 252 252 252 252 252 252 252 252 252 252 252 252 252 252 252 252
 252 252 252 252 252 252 252 252 252 252 252 252 252 252 252 252 252 252
 252 252 252 252 252 252 252 252 252 252 252 251 252 254 249 202  81  56
  47  45  46  42  41  42  43  46  58  58  70  76 107 218 251 253 253 252
 253 252 251 253 252 252 252 252 252 252 252 252 252 252 252 252 252 252
 252 252 252 252 252 252 252 252 252 252 252 252 252 252 252 252 252 252
 252 252 252 252 252 252 252 252 252 252 252 252 252 252 252 252 252 252
 252 252 252 252 252 252 252 252 252 252 252 252 252 252 252 252 252 252
 252 252 252 252 252 252 252 252 252 252 252 252 252 252 252 252 251 252
 244  29]"
"[ 29  29 245 252 252 252 253 252 252 252 252 252 252 252 252 252 252 252
 252 252 252 252 252 252 252 252 252 252 252 252 252 252 252 252 252 252
 252 252 252 252 252 252 252 252 252 252 252 252 252 252 252 252 252 252
 252 252 252 252 252 252 252 252 252 252 252 252 252 252 252 252 252 252
 252 252 252 252 252 252 252 252 252 252 253 252 252 254 252 208  86  59
  50  47  47  42  40  40  43  48  55  62  69  79 102 206 251 253 253 252
 251 252 252 253 252 252 252 252 252 252 252 252 252 252 252 252 252 252
 252 252 252 252 252 252 252 252 252 252 252 252 252 252 252 252 252 252
 252 252 252 252 252 252 252 252 252 252 252 252 252 252 252 252 252 252
 252 252 252 252 252 252 252 252 252 252 252 252 252 252 252 252 252 252
 252 252 252 252 252 252 252 252 252 252 252 252 252 252 252 252 251 252
 244  29]"
"[ 29  29 245 252 252 252 253 252 252 252 252 252 252 252 252 252 252 252
 252 252 252 252 252 252 252 252 252 252 252 252 252 252 252 252 252 252
 252 252 252 252 252 252 252 252 252 252 252 252 252 252 252 252 252 252
 252 252 252 252 252 252 252 252 252 252 252 252 252 252 252 252 252 252
 252 252 252 252 252 252 252 252 252 252 253 252 252 253 253 215  87  58
  50  48  47  43  41  40  44  47  53  61  68  78  97 188 252 252 253 253
 252 252 253 252 252 252 252 252 252 252 252 252 252 252 252 252 252 252
 252 252 252 252 252 252 252 252 252 252 252 252 252 252 252 252 252 252
 252 252 252 252 252 252 252 252 252 252 252 252 252 252 252 252 252 252
 252 252 252 252 252 252 252 252 252 252 252 252 252 252 252 252 252 252
 252 252 252 252 252 252 252 252 252 252 252 252 252 252 252 252 251 252
 244  29]"
"[ 29  29 245 252 252 252 253 252 252 252 252 252 252 252 252 252 252 252
 252 252 252 252 252 252 252 252 252 252 252 252 252 252 252 252 252 252
 252 252 252 252 252 252 252 252 252 252 252 252 252 252 252 252 252 252
 252 252 252 252 252 252 252 252 252 252 252 252 252 252 252 252 252 252
 252 252 252 252 252 252 252 252 252 252 252 252 252 251 252 217  86  56
  50  47  45  42  40  41  45  45  53  56  67  75  95 168 252 252 252 254
 253 252 253 251 252 252 252 252 252 252 252 252 252 252 252 252 252 252
 252 252 252 252 252 252 252 252 252 252 252 252 252 252 252 252 252 252
 252 252 252 252 252 252 252 252 252 252 252 252 252 252 252 252 252 252
 252 252 252 252 252 252 252 252 252 252 252 252 252 252 252 252 252 252
 252 252 252 252 252 252 252 252 252 252 252 252 252 252 252 252 251 252
 244  29]"
"[ 29  29 245 252 252 252 253 252 252 252 252 252 252 252 252 252 252 252
 252 252 252 252 252 252 252 252 252 252 252 252 252 252 252 252 252 252
 252 252 252 252 252 252 252 252 252 252 252 252 252 252 252 252 252 252
 252 252 252 252 252 252 252 252 252 252 252 252 252 252 252 252 252 252
 252 252 252 252 252 252 252 252 253 252 251 252 253 251 251 218  88  57
  52  49  44  41  39  41  44  45  53  56  65  74  92 149 252 253 251 254
 253 250 252 251 252 252 252 252 252 252 252 252 252 252 252 252 252 252
 252 252 252 252 252 252 252 252 252 252 252 252 252 252 252 252 252 252
 252 252 252 252 252 252 252 252 252 252 252 252 252 252 252 252 252 252
 252 252 252 252 252 252 252 252 252 252 252 252 252 252 252 252 252 252
 252 252 252 252 252 252 252 252 252 252 252 252 252 252 252 252 251 252
 244  29]"
"[ 29  29 245 252 252 252 253 252 252 252 252 252 252 252 252 252 252 252
 252 252 252 252 252 252 252 252 252 252 252 252 252 252 252 252 252 252
 252 252 252 252 252 252 252 252 252 252 252 252 252 252 252 252 252 252
 252 252 252 252 252 252 252 252 252 252 252 252 252 252 252 252 252 252
 252 252 252 252 252 252 252 252 252 252 251 252 253 252 251 219  90  56
  53  50  44  41  39  41  43  47  52  60  61  77  88 131 249 254 252 253
 253 249 252 253 252 252 252 252 252 252 252 252 252 252 252 252 252 252
 252 252 252 252 252 252 252 252 252 252 252 252 252 252 252 252 252 252
 252 252 252 252 252 252 252 252 252 252 252 252 252 252 252 252 252 252
 252 252 252 252 252 252 252 252 252 252 252 252 252 252 252 252 252 252
 252 252 252 252 252 252 252 252 252 252 252 252 252 252 252 252 251 252
 244  29]"
"[ 29  29 245 252 252 252 253 252 252 252 252 252 252 252 252 252 252 252
 252 252 252 252 252 252 252 252 252 252 252 252 252 252 252 252 252 252
 252 252 252 252 252 252 252 252 252 252 252 252 252 252 252 252 252 252
 252 252 252 252 252 252 252 252 252 252 252 252 252 252 252 252 252 252
 252 252 252 252 252 252 252 252 251 253 252 251 254 253 251 219  91  55
  53  50  44  43  40  41  44  47  51  59  59  76  86 118 234 253 254 252
 253 251 253 253 252 252 252 252 252 252 252 252 252 252 252 252 252 252
 252 252 252 252 252 252 252 252 252 252 252 252 252 252 252 252 252 252
 252 252 252 252 252 252 252 252 252 252 252 252 252 252 252 252 252 252
 252 252 252 252 252 252 252 252 252 252 252 252 252 252 252 252 252 252
 252 252 252 252 252 252 252 252 252 252 252 252 252 252 252 252 251 252
 244  29]"
"[ 29  29 245 252 252 252 253 252 252 252 252 252 252 252 252 252 252 252
 252 252 252 252 252 252 252 252 252 252 252 252 252 252 252 252 252 252
 252 252 252 252 252 252 252 252 252 252 252 252 252 252 252 252 252 252
 252 252 252 252 252 252 252 252 252 252 252 252 252 252 252 252 252 252
 252 252 252 252 252 252 252 252 251 253 252 251 253 252 251 219  95  57
  54  50  45  44  40  40  45  45  51  53  59  73  87 111 219 249 254 251
 253 252 253 250 252 252 252 252 252 252 252 252 252 252 252 252 252 252
 252 252 252 252 252 252 252 252 252 252 252 252 252 252 252 252 252 252
 252 252 252 252 252 252 252 252 252 252 252 252 252 252 252 252 252 252
 252 252 252 252 252 252 252 252 252 252 252 252 252 252 252 252 252 252
 252 252 252 252 252 252 252 252 252 252 252 252 252 252 252 252 251 252
 244  29]"
"[ 29  29 245 252 252 252 253 252 252 252 252 252 252 252 252 252 252 252
 252 252 252 252 252 252 252 252 252 252 252 252 252 252 252 252 252 252
 252 252 252 252 252 252 252 252 252 252 252 252 252 252 252 252 252 252
 252 252 252 252 252 252 252 252 252 252 252 252 252 252 252 252 252 252
 252 252 252 252 252 252 252 252 253 251 252 252 253 253 252 217  91  56
  57  49  44  40  40  40  43  45  51  54  60  70  84 101 203 251 254 253
 253 251 250 252 252 252 252 252 252 252 252 252 252 252 252 252 252 252
 252 252 252 252 252 252 252 252 252 252 252 252 252 252 252 252 252 252
 252 252 252 252 252 252 252 252 252 252 252 252 252 252 252 252 252 252
 252 252 252 252 252 252 252 252 252 252 252 252 252 252 252 252 252 252
 252 252 252 252 252 252 252 252 252 252 252 252 252 252 252 252 251 252
 244  29]"
"[ 29  29 245 252 252 252 253 252 252 252 252 252 252 252 252 252 252 252
 252 252 252 252 252 252 252 252 252 252 252 252 252 252 252 252 252 252
 252 252 252 252 252 252 252 252 252 252 252 252 252 252 252 252 252 252
 252 252 252 252 252 252 252 252 252 252 252 252 252 252 252 252 252 252
 252 252 252 252 252 252 252 252 253 251 252 252 253 252 251 216  86  53
  53  45  41  41  41  41  43  45  51  55  60  68  80  95 190 249 252 252
 252 252 252 253 252 252 252 252 252 252 252 252 252 252 252 252 252 252
 252 252 252 252 252 252 252 252 252 252 252 252 252 252 252 252 252 252
 252 252 252 252 252 252 252 252 252 252 252 252 252 252 252 252 252 252
 252 252 252 252 252 252 252 252 252 252 252 252 252 252 252 252 252 252
 252 252 252 252 252 252 252 252 252 252 252 252 252 252 252 252 251 252
 244  29]"
"[ 29  29 245 252 252 252 253 252 252 252 252 252 252 252 252 252 252 252
 252 252 252 252 252 252 252 252 252 252 252 252 252 252 252 252 252 252
 252 252 252 252 252 252 252 252 252 252 252 252 252 252 252 252 252 252
 252 252 252 252 252 252 252 252 252 252 252 252 252 252 252 252 252 252
 252 252 252 252 252 252 252 252 253 251 252 253 253 252 251 215  87  54
  51  43  40  41  41  40  43  45  50  53  59  67  77  91 174 250 253 253
 252 252 252 253 252 252 252 252 252 252 252 252 252 252 252 252 252 252
 252 252 252 252 252 252 252 252 252 252 252 252 252 252 252 252 252 252
 252 252 252 252 252 252 252 252 252 252 252 252 252 252 252 252 252 252
 252 252 252 252 252 252 252 252 252 252 252 252 252 252 252 252 252 252
 252 252 252 252 252 252 252 252 252 252 252 252 252 252 252 252 251 252
 244  29]"
"[ 29  29 245 252 252 252 253 252 252 252 252 252 252 252 252 252 252 252
 252 252 252 252 252 252 252 252 252 252 252 252 252 252 252 252 252 252
 252 252 252 252 252 252 252 252 252 252 252 252 252 252 252 252 252 252
 252 252 252 252 252 252 252 252 252 252 252 252 252 252 252 252 252 252
 252 252 252 252 252 252 252 252 253 252 252 253 252 252 252 212  90  56
  50  44  41  41  40  39  42  44  48  51  58  68  78  90 156 249 253 254
 252 252 252 252 252 252 252 252 252 252 252 252 252 252 252 252 252 252
 252 252 252 252 252 252 252 252 252 252 252 252 252 252 252 252 252 252
 252 252 252 252 252 252 252 252 252 252 252 252 252 252 252 252 252 252
 252 252 252 252 252 252 252 252 252 252 252 252 252 252 252 252 252 252
 252 252 252 252 252 252 252 252 252 252 252 252 252 252 252 252 251 252
 244  29]"
"[ 29  29 245 252 252 252 253 252 252 252 252 252 252 252 252 252 252 252
 252 252 252 252 252 252 252 252 252 252 252 252 252 252 252 252 252 252
 252 252 252 252 252 252 252 252 252 252 252 252 252 252 252 252 252 252
 252 252 252 252 252 252 252 252 252 252 252 252 252 252 252 252 252 252
 252 252 252 252 252 252 252 252 253 252 252 253 252 252 253 208  87  55
  47  45  43  40  39  40  41  43  48  51  59  68  77  88 137 244 253 254
 252 252 253 252 252 252 252 252 252 252 252 252 252 252 252 252 252 252
 252 252 252 252 252 252 252 252 252 252 252 252 252 252 252 252 252 252
 252 252 252 252 252 252 252 252 252 252 252 252 252 252 252 252 252 252
 252 252 252 252 252 252 252 252 252 252 252 252 252 252 252 252 252 252
 252 252 252 252 252 252 252 252 252 252 252 252 252 252 252 252 251 252
 244  29]"
"[ 29  29 245 252 252 252 253 252 252 252 252 252 252 252 252 252 252 252
 252 252 252 252 252 252 252 252 252 252 252 252 252 252 252 252 252 252
 252 252 252 252 252 252 252 252 252 252 252 252 252 252 252 252 252 252
 252 252 252 252 252 252 252 252 252 252 252 252 252 252 252 252 252 252
 252 252 252 252 252 252 252 252 252 253 252 253 252 253 252 200  83  55
  46  46  43  40  38  40  39  42  47  50  57  66  73  83 126 238 253 253
 253 252 253 252 252 252 252 252 252 252 252 252 252 252 252 252 252 252
 252 252 252 252 252 252 252 252 252 252 252 252 252 252 252 252 252 252
 252 252 252 252 252 252 252 252 252 252 252 252 252 252 252 252 252 252
 252 252 252 252 252 252 252 252 252 252 252 252 252 252 252 252 252 252
 252 252 252 252 252 252 252 252 252 252 252 252 252 252 252 252 251 252
 244  29]"
"[ 29  29 245 252 252 252 253 252 252 252 252 252 252 252 252 252 252 252
 252 252 252 252 252 252 252 252 252 252 252 252 252 252 252 252 252 252
 252 252 252 252 252 252 252 252 252 252 252 252 252 252 252 252 252 252
 252 252 252 252 252 252 252 252 252 252 252 252 252 252 252 252 252 252
 252 252 252 252 252 252 252 252 251 254 252 253 252 254 251 191  78  56
  47  45  41  40  39  40  39  41  46  49  56  65  73  82 120 232 254 253
 253 251 252 251 252 252 252 252 252 252 252 252 252 252 252 252 252 252
 252 252 252 252 252 252 252 252 252 252 252 252 252 252 252 252 252 252
 252 252 252 252 252 252 252 252 252 252 252 252 252 252 252 252 252 252
 252 252 252 252 252 252 252 252 252 252 252 252 252 252 252 252 252 252
 252 252 252 252 252 252 252 252 252 252 252 252 252 252 252 252 251 252
 244  29]"
"[ 29  29 245 251 252 252 253 252 252 252 252 252 252 252 252 252 252 252
 252 252 252 252 252 252 252 252 252 252 252 252 252 252 252 252 252 252
 252 252 252 252 252 252 252 252 252 252 252 252 252 252 252 252 252 252
 252 252 252 252 252 252 252 252 252 252 252 252 252 252 252 252 252 252
 252 252 252 252 252 252 252 252 250 254 252 253 253 254 249 185  72  55
  47  43  39  41  41  41  41  43  46  47  55  66  76  86 114 225 253 251
 253 251 253 252 252 252 252 252 252 252 252 252 252 252 252 252 252 252
 252 252 252 252 252 252 252 252 252 252 252 252 252 252 252 252 252 252
 252 252 252 252 252 252 252 252 252 252 252 252 252 252 252 252 252 252
 252 252 252 252 252 252 252 252 252 252 252 252 252 252 252 252 252 252
 252 252 252 252 252 252 252 252 252 252 252 252 252 252 252 252 251 252
 244  29]"
"[ 29  29 245 251 252 252 253 252 252 252 252 252 252 252 252 252 252 252
 252 252 252 252 252 252 252 252 252 252 252 252 252 252 252 252 252 252
 252 252 252 252 252 252 252 252 252 252 252 252 251 252 253 252 252 252
 252 252 251 252 253 252 252 252 252 250 252 252 252 252 251 252 253 251
 253 254 252 250 252 253 252 251 252 251 253 254 251 255 248 180  73  58
  49  46  39  37  40  41  41  41  43  49  56  65  75  84 108 223 251 255
 250 253 253 253 252 252 252 252 252 252 252 252 252 252 252 252 252 252
 252 252 252 252 252 252 252 252 252 252 252 252 252 252 252 252 252 252
 252 252 252 252 252 252 252 252 252 252 252 252 252 252 252 252 252 252
 252 252 252 252 252 252 252 252 252 252 252 252 252 252 252 252 252 252
 252 252 252 252 252 252 252 252 252 252 252 252 252 252 251 252 251 252
 243  29]"
"[ 29  29 246 252 252 252 253 252 252 252 252 252 252 252 252 252 252 252
 252 252 252 252 252 252 252 252 252 252 252 252 252 252 252 252 252 252
 252 252 252 252 252 252 252 252 252 252 252 252 254 253 251 251 251 252
 253 252 253 252 252 252 252 252 253 255 250 255 252 249 253 253 250 254
 250 251 252 253 253 251 250 253 252 253 252 252 250 255 251 171  68  54
  47  44  38  36  39  40  40  39  41  46  53  62  73  82 112 229 252 255
 251 252 252 252 252 252 252 252 252 252 252 252 252 252 252 252 252 252
 252 252 252 252 252 252 252 252 252 252 252 252 252 252 252 252 252 252
 252 252 252 252 252 252 252 252 252 252 252 252 252 252 252 252 252 252
 252 252 252 252 252 252 252 252 252 252 252 252 252 252 252 252 252 252
 252 252 252 252 252 252 252 252 252 252 252 252 252 252 251 252 251 252
 243  29]"
"[ 29  29 246 252 252 252 253 252 252 252 252 252 252 252 252 252 252 252
 252 252 252 252 252 252 252 252 252 252 252 252 252 252 252 252 252 252
 252 252 252 252 252 252 252 252 252 252 252 252 251 251 253 254 253 251
 250 251 252 252 253 253 253 251 250 251 254 250 250 253 253 251 251 253
 253 253 252 250 252 253 253 250 251 252 252 254 253 251 250 163  63  51
  45  42  38  36  38  38  40  39  40  45  52  62  73  81 117 236 253 255
 252 251 252 252 252 252 252 252 252 252 252 252 252 252 252 252 252 252
 252 252 252 252 252 252 252 252 252 252 252 252 252 252 252 252 252 252
 252 252 252 252 252 252 252 252 252 252 252 252 252 252 252 252 252 252
 252 252 252 252 252 252 252 252 252 252 252 252 252 252 252 252 252 252
 252 252 252 252 252 252 252 252 252 252 252 252 252 252 252 252 251 252
 244  29]"
"[ 29  29 246 252 252 252 253 252 252 252 252 252 252 252 252 252 252 252
 252 252 252 252 252 252 252 252 252 252 252 252 252 252 252 252 252 252
 252 252 252 252 252 252 252 252 252 252 252 252 252 251 251 252 253 252
 253 255 252 252 252 251 251 251 252 253 251 251 253 253 250 253 254 249
 252 251 252 254 252 251 252 253 254 251 250 253 254 253 251 161  61  52
  45  42  38  36  37  37  39  39  41  45  53  63  74  82 122 240 252 253
 253 250 253 252 252 252 252 252 252 252 252 252 252 252 252 252 252 252
 252 252 252 252 252 252 252 252 252 252 252 252 252 252 252 252 252 252
 252 252 252 252 252 252 252 252 252 252 252 252 252 252 252 252 252 252
 252 252 252 252 252 252 252 252 252 252 252 252 252 252 252 252 252 252
 252 252 252 252 252 252 252 252 252 252 252 252 252 252 252 252 251 252
 244  29]"
"[ 29  29 246 252 252 252 253 252 252 252 252 252 252 252 252 252 252 252
 252 252 252 252 252 252 252 252 252 252 252 252 252 252 252 252 252 252
 252 252 252 252 252 252 252 252 252 252 252 252 254 252 251 252 252 252
 250 249 252 253 253 252 251 252 252 251 252 253 252 252 252 249 250 254
 252 251 252 251 250 252 254 252 249 249 253 252 252 253 252 169  61  53
  46  42  38  37  38  38  39  40  43  47  54  64  75  82 130 243 252 253
 253 251 253 252 252 252 252 252 252 252 252 252 252 252 252 252 252 252
 252 252 252 252 252 252 252 252 252 252 252 252 252 252 252 252 252 252
 252 252 252 252 252 252 252 252 252 252 252 252 252 252 252 252 252 252
 252 252 252 252 252 252 252 252 252 252 252 252 252 252 252 252 252 252
 252 252 252 252 252 252 252 252 252 252 252 252 252 252 252 252 251 252
 244  29]"
"[ 29  29 246 252 252 252 253 252 252 252 252 252 252 252 252 252 252 252
 252 252 252 252 252 252 252 252 252 252 252 252 252 252 252 252 252 252
 252 252 252 252 252 252 252 252 252 252 252 252 250 252 253 253 252 252
 253 254 251 252 252 252 252 253 253 251 254 251 251 253 252 253 253 251
 227 198 176 179 199 226 245 252 254 255 255 253 253 252 249 178  59  53
  46  40  38  37  38  38  40  42  45  49  55  65  76  84 142 247 252 253
 253 252 252 252 252 252 252 252 252 252 252 252 252 252 252 252 252 252
 252 252 252 252 252 252 252 252 252 252 252 252 252 252 252 252 252 252
 252 252 252 252 252 252 252 252 252 252 252 252 252 252 252 252 252 252
 252 252 252 252 252 252 252 252 252 252 252 252 252 252 252 252 252 252
 252 252 252 252 252 252 252 252 252 252 252 252 252 252 252 252 251 252
 244  29]"
"[ 29  29 246 252 252 252 253 252 252 252 252 252 252 252 252 252 252 252
 252 252 252 252 252 252 252 252 252 252 252 252 252 252 252 252 252 252
 252 252 252 252 252 252 252 252 252 252 252 252 251 253 253 251 251 253
 252 251 254 252 251 254 255 253 253 253 250 252 254 252 250 253 231 184
 120  90  75  83  89 110 160 208 235 253 250 250 254 254 251 175  57  53
  45  39  38  37  37  37  38  42  45  49  55  66  78  87 154 248 253 252
 252 252 252 252 252 252 252 252 252 252 252 252 252 252 252 252 252 252
 252 252 252 252 252 252 252 252 252 252 252 252 252 252 252 252 252 252
 252 252 252 252 252 252 252 252 252 252 252 252 252 252 252 252 252 252
 252 252 252 252 252 252 252 252 252 252 252 252 252 252 252 252 252 252
 252 252 252 252 252 252 252 252 252 252 252 252 252 252 252 252 251 252
 244  29]"
"[ 29  29 246 252 252 252 253 252 252 252 252 252 252 252 252 252 252 252
 252 252 252 252 252 252 252 252 252 252 252 252 252 252 252 252 252 252
 252 252 252 252 252 252 252 252 252 252 252 252 253 253 252 252 252 246
 227 208 188 194 213 236 250 252 252 254 252 252 251 253 251 226 155  83
  67  55  53  57  57  62  78  91 141 221 251 254 252 253 251 171  56  53
  45  39  38  37  36  36  35  39  44  48  54  65  79  88 161 248 253 252
 251 252 251 252 252 252 252 252 252 252 252 252 252 252 252 252 252 252
 252 252 252 252 252 252 252 252 252 252 252 252 252 252 252 252 252 252
 252 252 252 252 252 252 252 252 252 252 252 252 252 252 252 252 252 252
 252 252 252 252 252 252 252 252 252 252 252 252 252 252 252 252 252 252
 252 252 252 252 252 252 252 252 252 252 252 252 252 252 252 252 251 252
 244  29]"
"[ 31  28 246 251 254 252 251 253 251 253 253 252 251 253 253 251 252 251
 252 252 250 252 253 252 252 252 252 253 252 252 252 252 252 252 252 252
 251 252 253 252 253 250 252 253 252 252 251 252 253 249 251 237 188 119
  86  80  76  76  84  94 129 192 247 252 252 254 249 253 222 123  67  50
  51  48  46  47  48  51  58  64  68 106 189 246 254 251 250 161  51  47
  42  39  37  35  35  37  37  38  40  47  54  62  74  88 168 248 253 249
 251 253 251 254 252 252 252 252 252 252 252 252 251 252 252 252 252 251
 252 253 252 252 252 252 252 252 252 253 252 252 251 251 252 252 252 251
 252 252 252 252 252 253 253 253 252 252 252 252 252 252 252 252 252 252
 252 252 252 252 252 252 252 252 252 252 252 252 252 252 252 252 252 252
 252 252 252 252 252 252 252 252 252 252 252 252 252 252 252 252 251 251
 244  29]"
"[ 30  31 244 251 254 250 252 252 253 249 248 252 254 252 251 253 253 252
 252 252 252 253 252 250 252 252 252 252 252 252 253 253 253 252 252 252
 252 252 252 250 253 251 252 252 252 252 252 252 251 250 229 152  95  66
  61  58  61  61  64  65  73  96 154 231 254 250 252 235 154  75  45  42
  45  43  42  44  45  47  51  56  63  66 100 209 248 253 249 138  50  45
  41  38  36  34  34  36  37  38  40  47  54  62  75  89 172 248 251 253
 252 253 250 249 252 252 252 252 252 252 252 252 253 252 251 252 253 253
 252 251 252 252 252 252 252 252 251 251 252 252 252 253 253 253 253 253
 252 252 252 252 252 252 251 251 252 252 252 252 252 252 252 252 252 252
 252 252 252 252 252 252 253 252 252 252 252 252 252 252 252 252 253 253
 252 252 252 252 252 252 252 252 252 252 252 252 252 252 253 253 252 252
 244  28]"
"[ 28  31 246 254 253 249 254 253 252 254 253 251 249 250 252 251 250 252
 253 252 251 252 252 252 251 252 252 253 253 252 252 251 250 251 253 254
 253 253 253 253 252 253 252 251 252 251 251 253 250 234 147  74  57  53
  47  51  52  49  48  53  59  59  76 147 224 253 249 187  82  42  41  45
  39  39  39  41  42  43  45  48  60  60  66 119 241 248 240 129  47  43
  39  37  35  34  34  36  37  38  41  46  54  62  76  89 175 249 250 254
 250 252 254 254 252 252 252 252 252 252 252 252 253 252 251 251 252 253
 252 251 253 252 252 253 253 253 253 252 251 251 251 251 251 251 251 251
 251 251 252 252 252 252 252 253 253 252 252 252 252 252 252 252 252 252
 252 252 252 252 252 252 253 253 252 252 252 252 252 253 252 252 252 252
 252 252 251 251 252 252 252 252 252 252 252 252 252 251 251 252 251 251
 242  27]"
"[ 32  28 245 251 252 253 253 248 253 251 250 252 253 253 252 252 252 253
 252 251 251 252 252 253 252 252 252 252 252 252 252 251 253 253 251 250
 251 251 252 254 250 253 251 251 253 252 252 252 245 168  71  47  51  46
  40  43  42  38  42  45  53  57  49  67 137 232 219 127  49  39  41  37
  36  36  37  38  38  39  40  42  48  54  58  75 164 245 241 118  44  41
  37  35  34  33  34  35  35  38  41  45  52  61  74  87 174 250 250 253
 250 251 250 249 251 251 252 252 252 252 252 252 251 252 252 252 251 251
 252 253 251 251 251 251 252 252 252 252 253 252 252 252 253 253 252 252
 253 253 253 252 252 252 252 252 252 252 252 252 251 252 252 252 252 252
 252 252 252 252 252 252 252 252 252 252 252 252 252 252 252 252 252 253
 253 253 253 253 252 252 252 252 252 252 252 252 253 253 252 252 251 252
 244  30]"
"[ 30  25 248 255 252 254 254 254 253 252 253 253 253 252 252 251 251 251
 251 250 251 251 250 250 251 251 250 249 249 251 251 251 251 251 250 251
 252 251 250 250 251 251 250 250 251 251 251 248 218 107  51  37  48  40
  37  42  41  36  43  42  42  47  50  45  63 163 152  73  36  39  37  33
  35  34  34  34  34  35  36  37  44  55  54  56 111 210 223  97  42  40
  36  34  32  32  32  33  34  37  40  44  51  60  72  83 173 250 249 249
 253 254 253 253 252 252 252 252 252 252 252 252 252 253 253 252 252 252
 252 253 253 253 253 252 252 252 253 253 251 251 250 251 252 253 253 252
 251 251 251 251 252 252 252 253 253 253 253 252 252 253 253 253 252 252
 252 252 252 252 252 252 252 252 253 253 253 253 252 252 252 252 252 252
 251 251 251 251 252 252 252 252 252 252 252 252 252 251 251 251 251 252
 244  29]"
"[ 28  32 244 254 253 251 249 250 251 252 249 244 244 248 245 238 242 248
 250 249 249 247 246 250 246 246 247 248 248 248 248 247 248 250 250 248
 248 246 245 251 250 250 246 248 249 249 248 237 150  60  39  39  36  38
  44  34  38  34  36  38  39  37  44  38  40  75  73  41  33  39  36  39
  35  35  33  32  32  34  36  37  40  47  50  54  74 158 181  85  42  39
  36  33  32  32  32  32  33  38  41  45  51  60  70  79 171 249 253 252
 253 252 250 253 253 253 253 252 252 252 252 252 253 251 250 250 251 252
 251 250 251 252 251 251 250 250 251 251 252 252 252 252 252 252 251 251
 253 253 253 253 253 253 252 252 252 252 252 252 252 252 252 252 252 252
 252 252 252 252 252 252 252 252 252 252 252 251 251 251 253 253 252 252
 252 252 252 252 253 253 253 253 253 253 253 253 251 251 251 252 252 251
 243  29]"
"[ 29  32 194 215 228 230 226 222 216 187 156 140 135 131 129 131 131 140
 143 141 141 138 139 145 145 146 148 151 152 151 148 146 148 152 152 151
 155 156 163 175 169 169 170 178 179 179 175 156  79  51  35  41  38  35
  35  37  36  38  35  35  36  34  39  38  32  26  29  33  36  38  34  34
  35  34  33  32  32  34  36  37  40  44  53  46  49  93 113  60  39  37
  35  32  31  32  33  32  34  39  42  45  51  59  67  73 158 230 250 252
 253 252 251 253 251 251 251 251 251 251 251 251 251 251 252 252 251 252
 253 253 252 251 251 252 253 253 252 251 251 252 254 254 253 252 253 254
 251 252 254 255 255 254 253 252 254 254 253 253 253 254 253 254 254 254
 254 254 254 254 254 254 254 254 254 254 254 254 254 254 253 253 253 253
 253 253 253 254 252 252 252 252 252 252 252 252 253 254 253 253 252 251
 244  30]"
"[ 29  28 132 141 145 139 138 135 130 124 119 119 117 114 115 118 119 122
 118 116 121 120 117 119 124 123 122 122 123 123 123 122 122 125 125 127
 128 117 104 101  99 101 107 123 127 128 123  98  55  37  38  35  34  33
  32  33  35  34  30  33  31  34  33  31  31  31  24  32  35  33  33  31
  32  31  31  30  31  33  35  36  39  44  47  50  47  61  77  46  34  33
  32  30  30  32  33  33  33  38  41  43  49  55  62  67 109 158 171 168
 171 172 174 171 172 172 172 173 173 174 174 174 179 183 186 185 182 181
 186 190 188 187 187 189 192 193 191 189 188 192 195 196 195 195 199 202
 208 212 218 226 231 235 236 237 238 238 238 237 237 238 238 239 238 238
 238 238 238 238 238 238 239 239 238 238 239 240 242 243 245 245 246 246
 247 248 249 249 251 251 251 251 251 251 251 251 251 251 249 247 245 245
 239  28]"
"[ 28  29 125 124 122 119 118 119 117 117 117 119 120 121 121 120 119 120
 120 120 122 122 121 121 122 122 123 125 122 121 123 120 125 125 124 111
  94  69  58  55  50  54  53  66  85 111 119  80  41  40  38  35  33  33
  33  32  32  33  32  31  32  33  32  30  27  25  26  30  33  33  32  32
  31  30  30  31  32  32  33  34  37  42  45  49  51  58  60  46  32  32
  32  31  30  30  31  32  34  36  39  42  47  53  59  63 103 134 145 138
 139 141 143 142 141 142 143 144 144 144 145 145 146 145 144 146 148 149
 148 147 152 148 147 148 150 150 148 147 145 147 148 148 149 151 152 151
 151 151 152 153 153 153 153 154 161 161 160 157 157 160 161 161 161 161
 161 161 161 161 162 162 162 162 162 163 164 167 170 172 178 179 180 180
 181 183 187 191 195 194 192 189 189 190 192 194 195 193 189 180 178 187
 181  31]"
"[ 30  28 120 118 118 116 116 117 115 114 114 114 116 116 116 116 115 117
 116 116 118 118 117 117 118 119 118 120 118 117 120 119 120 118 103  76
  52  44  39  35  39  41  37  38  42  59  73  55  36  36  36  35  34  33
  32  31  31  32  31  30  31  32  31  28  25  24  25  29  32  32  31  30
  31  30  30  31  32  32  33  34  38  41  44  47  48  53  55  44  34  33
  31  30  30  31  31  32  32  34  37  42  47  52  55  57  99 132 142 142
 143 144 146 146 145 145 146 146 146 146 146 147 149 148 148 148 148 148
 147 146 150 148 148 149 150 150 149 149 148 150 150 149 149 151 151 150
 151 151 152 153 153 153 153 154 152 153 152 150 149 151 152 151 150 150
 150 150 151 151 151 152 152 152 151 150 150 150 152 153 152 153 152 151
 150 150 152 154 154 153 152 150 149 150 151 152 151 148 152 155 152 151
 154  25]"
"[ 31  28 115 114 115 115 114 114 113 112 112 112 113 113 113 113 113 115
 114 114 115 116 115 115 117 118 116 118 117 114 116 117 119  98  70  52
  37  39  39  38  34  37  39  40  37  38  40  32  33  34  34  33  33  32
  32  30  31  31  31  30  31  31  29  26  24  24  25  28  31  31  30  29
  30  30  30  31  32  33  34  35  39  40  42  44  44  47  48  40  34  32
  29  27  28  29  30  31  31  32  35  40  46  51  53  54  94 132 138 142
 143 142 142 142 145 145 145 145 145 145 145 146 147 147 148 147 147 146
 146 147 147 147 148 150 150 150 150 151 150 151 151 150 150 151 151 151
 151 151 152 152 153 153 153 153 154 155 155 153 153 154 154 152 154 154
 155 155 155 155 156 156 155 155 155 155 154 154 154 154 155 155 155 155
 154 153 153 154 156 156 155 154 154 154 154 154 155 155 157 159 157 154
 157  32]"
"[ 30  28 112 112 114 114 111 111 112 112 111 111 112 113 113 113 113 115
 114 113 115 115 114 114 112 114 114 117 118 116 118 118 101  67  40  39
  37  36  35  36  37  33  31  30  31  31  30  32  33  33  33  32  31  31
  31  31  30  30  30  30  31  31  28  25  24  24  25  28  30  30  30  30
  31  30  31  32  33  33  35  37  40  39  40  42  42  43  42  36  32  30
  28  27  27  28  29  30  31  32  35  39  45  51  56  58  99 139 139 143
 143 142 141 141 143 143 143 143 143 144 145 145 143 144 145 145 145 145
 146 147 146 147 148 149 150 150 151 151 150 150 151 150 150 151 151 151
 151 151 151 151 152 153 153 152 153 154 154 153 153 154 154 153 152 152
 152 153 153 153 154 154 152 153 153 154 154 154 154 154 154 154 154 155
 155 155 155 155 154 153 153 153 154 154 154 154 154 157 154 152 155 156
 154  26]"
"[ 29  28 109 110 111 111 109 109 111 111 110 110 111 111 111 111 113 114
 113 112 113 114 113 114 112 114 114 115 116 115 114 109  71  47  35  36
  37  34  35  33  30  31  33  33  34  31  27  32  32  32  32  31  30  31
  30  30  30  30  30  30  31  30  28  25  25  25  25  27  28  29  30  30
  31  31  31  32  33  34  35  37  40  39  40  41  42  42  38  33  32  32
  31  29  27  28  29  31  30  32  34  38  43  50  57  62 107 146 141 142
 142 144 144 143 144 143 143 143 144 145 146 146 145 145 145 145 145 145
 145 145 146 146 147 148 149 150 150 150 149 149 150 150 150 151 151 150
 151 150 150 151 152 152 152 151 151 152 152 152 152 152 152 151 153 153
 153 153 154 154 154 154 154 154 154 154 154 154 154 154 154 153 153 153
 154 153 153 153 154 154 153 154 154 155 155 155 154 155 154 154 157 154
 154  32]"
"[ 29  29 106 107 108 109 107 110 110 110 110 110 110 110 110 110 112 114
 113 112 112 112 112 113 115 116 114 114 113 115 110  93  48  36  33  33
  34  30  32  31  31  32  32  30  30  28  24  29  29  30  31  31  31  30
  29  28  29  29  29  29  29  28  26  24  24  24  25  25  26  28  29  31
  31  31  31  32  33  33  35  36  39  38  40  40  42  41  35  33  33  33
  32  30  27  26  27  28  28  30  34  38  42  48  55  61 116 146 142 139
 141 143 144 143 145 144 144 144 145 146 146 146 146 146 146 146 146 146
 146 146 147 147 146 147 148 150 150 149 149 149 150 151 151 150 150 149
 150 150 150 151 151 151 151 151 154 154 154 154 154 154 153 153 153 153
 153 154 154 154 154 154 154 154 153 153 153 154 153 153 155 155 155 155
 154 154 154 153 155 154 154 154 154 154 154 154 154 155 153 154 155 152
 152  29]"
"[ 29  31 105 107 108 109 108 110 110 110 109 109 109 109 110 110 112 114
 113 111 112 112 111 112 113 112 113 113 114 117 104  72  43  37  35  35
  35  31  30  31  31  32  30  30  31  27  23  23  29  30  30  30  30  30
  29  28  30  29  29  29  28  26  24  23  23  24  25  25  26  27  29  30
  31  30  30  31  32  33  34  35  35  36  40  39  40  40  34  33  35  34
  33  30  28  26  27  27  28  30  33  36  40  46  54  59 123 144 143 140
 144 144 144 144 145 145 144 144 145 145 145 145 145 145 146 146 146 147
 147 148 147 147 147 146 147 149 150 150 150 150 151 151 151 151 150 150
 150 151 151 151 151 151 152 152 152 152 152 153 153 152 152 152 153 153
 154 154 154 154 154 154 154 153 153 154 154 155 155 154 153 153 154 154
 154 153 153 153 154 154 154 154 154 153 153 154 154 156 154 153 155 156
 156  28]"
"[ 29  31 104 107 108 109 107 109 109 109 108 108 108 109 111 112 112 114
 113 111 112 111 111 112 115 114 114 114 112 113  90  46  32  37  35  33
  30  33  31  32  30  32  29  30  30  25  25  26  31  30  30  28  28  29
  29  29  31  30  30  29  28  25  23  23  23  24  25  26  26  28  30  30
  30  29  29  30  31  32  33  33  33  35  40  38  38  39  34  34  38  37
  35  33  31  30  30  30  29  31  33  35  39  46  54  60 123 137 139 139
 144 143 143 145 145 145 145 145 146 146 146 146 146 146 147 146 146 145
 146 147 147 148 148 147 147 149 151 151 151 151 151 152 152 151 152 152
 151 151 152 152 152 152 152 152 153 153 154 155 155 154 154 154 153 153
 154 154 154 154 154 153 154 154 154 154 155 155 154 153 153 153 154 155
 154 154 154 154 154 154 155 155 155 154 154 154 155 155 156 155 155 154
 155  29]"
"[ 29  29 106 108 107 108 108 109 109 109 109 109 110 111 111 111 113 113
 112 111 111 112 113 113 110 116 113 114 114 114  77  43  35  34  32  31
  31  31  31  30  30  31  31  29  27  24  23  24  30  31  31  28  26  27
  27  27  28  29  30  28  27  25  24  22  23  23  24  24  26  27  28  28
  28  29  30  30  30  30  30  31  32  33  36  37  35  32  32  35  37  38
  37  34  32  31  30  29  30  32  31  37  40  47  51  59 121 143 139 139
 143 144 144 144 147 146 145 145 146 147 146 146 146 146 146 146 146 147
 148 148 148 149 149 148 148 150 151 152 150 149 151 152 152 151 152 152
 152 153 153 152 151 153 153 153 154 154 154 154 154 154 153 153 153 153
 153 153 153 153 154 153 155 154 153 154 155 155 155 155 154 154 155 154
 154 154 154 155 156 155 155 155 155 155 155 155 154 154 153 153 154 155
 156  29]"
"[ 29  29 106 108 106 108 108 109 109 109 109 109 110 111 111 111 113 112
 111 111 111 112 113 114 111 114 112 112 110 112  74  39  34  33  33  32
  32  32  31  30  30  30  30  29  27  25  25  26  27  29  29  26  25  26
  27  27  26  27  28  28  27  26  24  23  24  24  24  25  25  26  27  27
  29  29  30  31  31  30  31  31  31  32  34  36  34  31  31  33  39  40
  39  36  33  31  31  30  31  33  32  36  39  45  50  57 124 145 141 141
 143 144 145 146 146 145 145 145 146 146 146 145 145 145 146 146 147 148
 149 149 147 148 150 151 151 151 151 150 152 150 150 151 151 152 152 151
 153 153 153 152 152 153 154 155 154 154 154 154 154 154 154 154 155 155
 155 154 154 154 154 154 153 152 153 154 155 155 156 157 155 155 155 154
 154 154 154 155 154 155 155 155 155 156 156 156 155 155 154 154 155 156
 157  29]"
"[ 29  29 105 107 106 107 108 109 109 109 109 109 109 110 110 111 112 111
 111 111 112 113 114 114 115 114 115 113 110 110  72  38  33  32  32  31
  31  30  29  29  29  28  27  26  25  24  24  25  24  26  26  25  24  25
  26  26  25  25  26  26  26  25  23  21  24  25  25  25  24  25  27  28
  29  29  30  30  31  31  30  29  30  31  32  34  33  31  32  34  39  40
  39  36  33  31  30  30  31  34  34  37  38  44  49  56 125 145 142 143
 143 144 146 147 146 145 145 145 146 146 146 146 146 146 147 148 149 150
 150 150 152 151 151 151 151 150 150 150 151 150 150 150 151 153 154 151
 154 153 153 153 152 151 153 155 153 153 154 154 154 154 154 154 153 154
 154 154 154 155 155 155 154 153 153 154 154 154 155 157 156 155 155 154
 153 153 154 155 155 155 155 155 156 156 157 157 156 156 155 155 156 156
 157  29]"
"[ 29  28 105 106 105 107 107 109 109 109 109 108 109 109 110 110 111 111
 111 111 112 112 113 113 114 113 114 113 112 103  62  37  34  33  31  29
  28  27  27  28  28  26  25  24  23  22  23  24  24  25  25  24  24  25
  25  25  27  25  25  25  25  23  20  18  24  24  25  24  24  25  27  29
  29  29  29  30  30  30  29  28  28  29  30  31  31  31  32  35  38  39
  39  37  34  31  31  31  32  35  35  38  39  45  50  57 123 143 142 144
 144 145 146 145 146 146 145 146 146 147 147 146 147 147 148 149 150 150
 150 150 150 149 149 150 151 151 151 153 150 149 150 150 150 153 153 150
 151 151 153 155 156 155 154 152 153 154 154 154 154 154 154 154 153 154
 154 154 154 155 155 155 155 155 155 154 154 154 155 156 157 156 156 155
 154 154 155 156 157 157 157 157 157 157 157 157 157 157 156 155 156 156
 156  28]"
"[ 29  28 105 106 104 106 107 109 108 108 108 108 109 109 109 110 111 111
 111 111 112 112 112 112 112 114 114 114 114  93  51  39  35  33  31  29
  28  27  27  27  28  26  25  24  23  23  23  25  25  25  25  25  25  25
  25  25  28  26  25  24  24  22  20  19  23  24  24  24  24  25  27  29
  29  29  28  29  30  30  28  27  26  26  26  27  28  30  33  35  38  39
  40  38  34  31  31  31  32  37  37  39  39  45  50  57 123 145 143 144
 145 145 146 145 146 146 146 146 147 147 147 147 147 147 148 149 150 150
 150 150 148 148 150 151 151 150 150 151 148 149 151 153 153 155 156 154
 156 155 152 151 152 154 155 154 154 154 154 154 154 154 154 153 155 155
 155 154 154 155 155 154 155 155 155 155 155 155 156 158 158 157 157 156
 156 156 157 158 158 158 158 157 157 157 157 157 158 158 157 157 157 157
 157  29]"
"[ 29  28 104 106 104 106 106 108 107 108 108 109 109 109 109 110 111 111
 111 112 112 112 111 111 112 116 114 115 111  79  44  41  33  31  30  29
  29  28  27  26  26  26  25  24  23  22  23  24  25  25  25  25  25  25
  25  25  27  26  25  25  24  22  21  22  24  24  25  25  24  25  26  27
  28  28  28  28  29  29  27  26  26  25  25  25  27  30  34  36  38  38
  39  37  33  29  29  30  33  38  39  40  39  44  48  56 122 148 145 143
 145 146 146 146 146 146 146 146 147 147 147 147 146 147 148 149 149 150
 150 150 152 151 151 150 150 151 151 150 154 152 152 151 147 145 144 143
 148 153 158 158 155 153 154 156 154 154 154 154 154 154 154 154 154 154
 154 154 155 156 156 156 157 156 156 156 156 156 156 157 157 157 157 157
 156 157 158 158 158 157 157 157 157 157 157 157 158 158 157 157 158 157
 157  28]"
"[ 29  28 104 106 104 106 106 107 106 107 108 109 109 109 109 109 110 111
 111 112 112 112 112 111 110 113 112 112  97  61  39  37  32  30  28  27
  28  27  26  24  25  25  25  24  23  21  21  22  25  24  24  25  25  25
  24  25  25  25  25  25  24  21  21  23  24  24  25  24  24  24  25  25
  26  26  26  27  27  27  26  25  25  25  24  24  27  30  33  35  36  36
  35  33  29  26  27  29  33  40  40  40  38  43  48  55 113 147 145 142
 146 146 145 148 147 147 147 147 147 148 148 148 148 148 149 149 150 150
 150 150 150 150 149 148 151 154 153 148 144 137 130 123 113 104  99  96
 104 113 131 151 161 158 154 152 154 154 155 155 155 155 155 155 153 154
 154 155 156 157 158 158 158 157 157 157 157 157 156 156 157 157 157 157
 157 157 157 158 158 158 158 158 158 158 158 158 158 158 157 157 158 157
 157  28]"
"[ 29  28 105 106 104 105 105 107 105 107 108 109 109 109 109 109 110 110
 111 112 112 112 112 112 112 113 113 112  88  52  39  36  34  30  27  25
  26  26  25  24  25  25  25  25  22  20  19  20  25  24  24  25  25  24
  23  23  24  24  25  25  23  19  19  22  24  24  24  24  24  24  24  24
  24  24  24  25  25  25  24  23  24  24  23  24  26  29  32  33  35  34
  32  30  26  24  26  29  34  40  41  41  39  43  48  55 103 143 145 141
 147 147 145 148 147 148 148 148 148 148 149 149 150 150 150 150 150 150
 150 151 149 151 152 152 154 153 143 132 112 101  91  83  72  62  56  55
  57  54  69 106 142 157 156 154 154 154 155 155 156 156 157 157 156 157
 157 156 157 157 158 157 156 156 156 158 159 159 158 159 158 159 159 158
 158 158 158 158 159 159 158 158 158 158 159 159 158 159 158 158 159 158
 158  29]"
"[ 29  30 103 105 105 105 105 105 106 106 107 107 108 109 110 111 109 109
 111 112 113 112 112 112 110 112 115 102  66  40  37  36  33  29  27  28
  28  26  25  24  24  23  24  24  22  18  19  22  24  25  25  25  25  25
  26  26  25  25  25  24  22  19  20  22  24  24  24  23  23  24  24  24
  25  25  25  25  25  25  25  25  26  24  24  25  28  30  31  32  32  30
  28  27  25  24  25  28  34  39  40  41  41  43  48  49 103 146 145 145
 147 147 147 147 147 147 148 149 151 151 151 150 151 149 153 153 149 150
 153 151 151 150 155 149 140 119  98  84  67  58  52  50  47  45  45  44
  48  49  45  55  85 147 156 155 154 155 156 157 157 157 157 156 157 157
 157 157 158 158 158 159 158 158 158 158 158 158 158 158 159 159 159 158
 158 158 158 158 158 159 159 159 159 158 159 159 160 159 159 158 158 159
 159  28]"
"[ 28  29 103 105 104 104 104 105 106 106 107 108 108 109 109 110 112 111
 110 110 111 112 112 112 113 111 114  91  52  36  35  34  32  29  26  27
  27  26  24  24  23  23  24  23  20  18  18  20  22  24  25  24  24  24
  24  24  24  24  24  23  20  17  18  20  23  23  23  23  23  24  24  24
  25  24  24  24  24  24  24  23  23  23  24  25  27  28  29  28  28  26
  25  24  24  24  26  30  36  40  40  41  42  44  49  49 100 147 146 146
 147 147 148 148 149 149 149 149 150 150 150 150 151 151 149 149 153 151
 149 153 156 151 141 116  95  77  66  59  57  49  44  43  41  39  40  40
  37  45  47  42  54 114 159 154 154 155 156 157 158 157 157 157 158 157
 157 157 158 158 158 158 158 158 159 159 159 159 159 159 159 159 159 159
 159 159 159 158 159 159 159 159 159 159 159 159 160 160 160 159 159 160
 160  29]"
"[ 28  30 104 106 105 104 105 106 106 106 107 108 109 109 109 109 112 111
 109 110 112 113 114 114 114 111 113  79  38  32  33  32  32  28  26  26
  27  26  24  24  23  24  24  22  20  18  19  20  21  23  25  25  24  24
  24  23  24  25  25  23  20  17  18  20  22  22  23  22  23  24  24  24
  24  24  23  23  23  23  22  22  21  22  23  24  25  25  24  24  25  24
  23  24  25  26  30  33  38  40  40  41  43  45  48  48  95 146 148 147
 147 148 149 149 151 150 150 150 150 150 151 150 151 150 151 151 148 150
 153 152 144 122 102  83  72  59  49  45  45  40  37  36  34  34  36  37
  40  42  43  43  49  80 147 159 155 156 157 158 158 158 158 158 159 159
 159 159 159 159 159 159 159 159 159 159 160 160 160 160 160 160 160 160
 160 160 160 160 160 159 159 159 159 159 160 160 160 160 160 160 160 160
 160  29]"
"[ 28  30 103 105 105 105 106 107 106 107 107 108 109 110 110 109 111 110
 110 111 112 114 114 113 109 109 103  68  35  30  31  32  30  27  25  25
  25  25  24  24  21  23  23  21  19  19  19  20  20  23  25  25  24  24
  24  24  24  25  25  23  19  18  19  22  22  22  22  22  22  23  23  23
  24  23  23  23  23  22  21  20  20  21  22  23  23  22  22  22  24  24
  24  25  27  29  32  35  38  40  39  40  42  44  48  47  89 146 150 148
 148 149 149 150 151 151 151 151 151 151 151 152 154 151 152 152 151 155
 149 133 105  88  76  63  57  47  41  40  37  34  33  33  31  31  33  35
  34  37  41  43  44  65 141 162 155 156 158 158 158 158 158 159 159 159
 159 159 159 159 159 159 159 159 159 160 160 160 160 160 160 160 160 160
 160 160 160 160 160 160 159 160 160 161 161 161 159 159 160 160 160 160
 160  28]"
"[ 29  29 102 104 105 106 106 106 107 107 108 109 109 110 110 111 111 111
 112 111 111 112 112 111 108 102  81  54  37  30  30  31  28  26  24  23
  24  23  23  22  20  21  22  20  18  18  19  19  19  21  22  22  22  23
  23  24  23  23  23  20  18  17  20  22  22  23  22  22  22  22  22  22
  22  22  22  22  22  20  19  17  17  18  19  20  20  21  21  22  23  23
  24  26  28  31  33  35  38  40  38  39  40  42  47  48  86 146 152 149
 149 150 149 150 151 151 151 151 151 151 151 151 151 151 148 150 155 146
 118  94  75  70  64  48  42  39  37  34  31  30  31  32  30  29  31  32
  36  35  44  45  40  76 146 155 156 157 158 159 159 158 159 159 159 159
 159 159 159 159 159 159 159 159 160 160 161 161 161 161 160 160 160 161
 161 161 161 161 161 161 161 161 162 162 161 161 160 160 161 161 161 161
 160  29]"
"[ 29  29 102 104 106 107 106 106 107 108 109 109 109 110 110 111 111 112
 112 111 110 112 113 112 110  91  59  42  37  31  28  28  27  26  24  23
  23  23  23  22  21  21  21  20  18  17  18  18  19  20  20  20  20  21
  22  22  21  22  21  19  17  18  20  21  22  22  22  21  21  21  21  21
  20  20  21  21  20  18  17  16  15  16  17  18  19  20  22  24  23  24
  26  28  30  32  34  35  36  39  37  38  39  42  47  48  86 147 152 149
 151 151 149 151 151 152 152 152 151 150 150 150 148 151 155 152 137 112
  85  66  63  56  50  40  40  39  36  31  29  29  30  31  30  30  31  31
  34  42  44  38  44  98 153 162 157 158 159 159 159 159 160 160 160 160
 160 160 160 160 160 160 160 160 160 161 161 161 161 161 161 161 161 161
 161 161 161 161 161 161 162 162 162 162 162 161 161 161 162 162 162 162
 161  29]"
"[ 30  29 102 105 106 107 107 107 108 109 111 111 110 109 110 111 110 112
 112 111 111 112 112 110  95  66  43  35  31  28  25  26  25  25  24  23
  23  23  22  21  21  20  20  20  19  17  17  19  20  20  20  19  20  21
  21  20  20  21  20  18  17  18  19  20  21  21  21  20  20  20  20  20
  19  20  20  19  18  17  16  16  15  16  17  19  20  22  23  24  24  25
  26  28  30  32  34  34  35  36  35  37  39  42  47  46  89 149 153 150
 152 152 150 152 152 152 152 152 151 151 151 151 154 154 154 134  98  76
  66  56  50  42  42  38  36  31  29  32  29  28  30  31  30  31  33  32
  36  39  28  38  84 145 165 157 158 158 159 160 160 160 160 161 161 161
 162 162 162 162 161 161 160 161 161 161 162 162 162 162 161 161 161 161
 161 161 161 161 161 162 162 162 162 162 162 162 162 162 162 162 162 162
 161  30]"
"[ 29  29 103 105 105 106 106 107 108 110 112 112 110 109 109 110 111 112
 112 111 111 111 107 102  70  39  32  31  25  25  23  25  23  23  22  22
  22  22  21  19  20  19  19  20  19  17  17  20  20  20  19  19  19  20
  19  18  19  20  20  18  17  18  19  18  20  20  20  19  19  19  20  19
  19  20  20  19  17  16  16  17  17  18  19  21  22  23  23  23  23  24
  24  25  27  29  31  31  33  34  33  36  39  43  46  44  92 151 153 150
 153 153 151 154 153 153 153 152 151 152 153 153 157 153 129  91  64  55
  51  47  41  36  36  31  32  31  30  30  29  28  29  30  30  33  34  34
  33  32  52 103 146 166 162 159 159 159 160 160 161 161 161 161 162 162
 162 162 162 162 162 162 161 161 161 162 162 162 162 162 162 162 162 162
 162 162 162 162 162 162 162 162 162 161 162 162 162 162 162 162 161 161
 161  29]"
"[ 29  30 105 105 104 105 105 107 108 110 111 111 110 109 110 111 110 111
 111 113 113 114 109  75  39  29  25  26  24  24  25  23  23  23  23  23
  22  21  20  21  21  20  19  18  17  16  16  17  18  18  19  19  19  17
  18  20  19  20  19  18  16  16  18  21  19  19  19  19  19  19  19  19
  21  20  19  18  17  16  16  17  17  18  20  21  22  22  22  22  23  23
  24  25  24  24  26  27  30  30  31  34  37  40  46  44  91 152 153 152
 151 153 153 154 155 149 152 154 153 151 152 155 147 104  74  52  46  39
  42  36  34  33  31  30  30  29  29  29  28  30  28  32  33  31  35  34
  35  72 122 157 165 162 162 159 161 161 161 161 161 161 162 162 162 162
 162 162 162 162 162 162 162 162 163 164 164 164 163 163 161 162 163 164
 164 164 164 163 164 163 162 162 163 164 164 164 164 164 163 164 164 164
 164  29]"
"[ 29  29 105 105 105 106 105 108 108 110 111 111 111 110 111 112 112 111
 111 112 111 112 103  62  36  28  25  24  22  22  23  23  25  24  23  23
  22  21  21  21  20  19  19  18  17  16  16  17  18  18  18  19  19  18
  18  19  19  19  19  18  16  17  18  20  19  19  20  20  20  20  20  20
  20  19  19  18  17  16  16  17  17  18  18  19  19  19  19  19  21  21
  23  24  24  23  23  24  28  29  30  33  35  38  42  41  91 151 153 153
 153 154 153 153 152 156 156 150 153 154 158 148 107  62  45  39  42  35
  31  32  31  29  28  27  26  27  27  27  28  31  33  31  31  34  30  54
 104 152 168 159 161 161 158 162 161 161 161 161 161 161 161 162 162 163
 163 163 163 163 162 162 162 163 164 164 164 164 164 164 162 162 163 163
 164 164 164 164 164 163 163 163 164 165 165 164 164 164 163 165 164 164
 165  29]"
"[ 29  29 105 106 106 107 106 108 108 109 110 111 111 111 112 112 111 110
 112 112 111 113  99  48  34  29  25  24  22  21  23  23  25  24  23  22
  21  20  20  20  19  19  19  19  18  16  17  18  18  18  19  20  21  20
  19  19  18  18  17  17  16  16  17  18  19  20  20  20  20  20  20  19
  18  18  18  18  17  15  15  16  17  17  18  18  17  17  18  19  21  22
  23  24  24  23  23  24  25  27  28  32  34  38  44  44  94 153 153 153
 153 155 153 154 153 153 155 151 151 153 155 121  58  32  33  30  33  31
  25  27  27  26  25  24  24  25  26  26  29  30  31  35  25  35  71 126
 154 165 162 159 162 162 161 163 162 162 161 161 161 161 162 162 163 164
 164 164 164 164 163 163 163 163 164 165 165 165 165 164 164 164 164 164
 164 165 165 165 164 164 165 165 166 166 165 164 165 165 164 165 165 165
 166  29]"
"[ 29  29 105 105 106 108 107 109 108 109 109 110 111 112 112 112 111 111
 114 114 112 115  98  40  34  30  26  25  23  22  23  24  24  23  22  21
  21  21  20  19  18  19  20  20  18  16  17  18  19  19  19  21  22  22
  21  20  18  18  17  16  16  16  17  18  19  20  20  20  20  19  19  18
  19  18  18  17  16  15  15  15  16  17  17  17  18  19  20  22  24  23
  24  24  23  24  25  27  26  27  28  32  35  41  49  51  98 155 153 153
 153 155 154 155 153 154 155 154 157 159 135  76  32  26  34  28  26  28
  27  25  26  25  24  24  24  26  27  28  31  32  29  25  34  88 144 167
 168 161 161 164 161 162 166 158 162 162 162 162 162 163 163 163 164 165
 165 165 165 165 164 164 163 164 164 165 165 165 165 165 165 165 166 166
 166 166 166 166 165 165 166 166 167 167 166 165 165 165 165 166 165 166
 166  29]"
"[ 29  29 105 105 106 108 108 109 109 110 110 111 112 112 112 112 113 113
 115 113 111 115  98  39  32  29  26  24  24  23  23  24  24  24  23  22
  22  22  22  20  19  20  20  20  18  16  16  17  18  18  19  20  22  22
  21  19  19  18  17  16  17  17  17  17  19  19  20  20  20  19  19  19
  20  19  18  17  16  16  16  16  15  16  16  17  18  20  22  24  24  24
  24  24  23  24  26  28  30  31  32  35  38  43  51  52  99 155 153 153
 154 155 154 155 154 151 155 160 149 132  88  44  32  26  25  26  27  24
  27  25  25  25  25  26  27  28  29  30  31  31  31  28  82 150 168 160
 158 161 160 160 162 163 164 163 162 162 162 163 163 164 164 165 165 165
 166 166 166 165 165 165 164 164 165 165 165 165 166 166 165 166 167 167
 167 167 166 166 166 166 166 167 167 167 167 166 166 166 166 166 166 167
 167  29]"
"[ 29  29 105 106 106 108 108 110 110 110 110 111 111 112 112 112 113 114
 114 112 111 114  98  43  28  27  24  23  24  24  22  23  24  24  24  22
  22  23  22  21  19  20  20  20  18  16  16  17  17  18  18  19  20  21
  20  18  17  17  16  16  16  16  16  17  18  18  18  19  19  19  19  19
  19  17  16  16  16  16  16  17  16  16  16  17  18  20  23  24  23  23
  24  25  25  25  26  27  31  33  35  39  42  46  52  51  97 154 153 154
 155 155 153 153 154 152 160 147  95  68  49  35  35  29  21  25  26  22
  27  25  25  25  26  27  28  29  30  31  32  31  26  57 138 165 159 161
 164 165 160 163 168 163 161 165 162 162 163 163 164 164 165 165 166 166
 166 166 166 166 166 166 165 165 165 165 165 166 166 166 165 166 167 167
 167 167 166 166 167 167 167 167 168 168 168 167 167 168 167 167 167 168
 167  29]"
"[ 29  30 106 107 107 108 107 109 109 109 110 110 110 111 111 111 112 113
 113 112 112 111  94  42  26  27  25  23  25  23  21  23  23  24  23  21
  20  21  21  20  19  19  19  19  17  16  16  17  17  18  18  18  19  20
  19  17  17  17  16  16  15  16  16  16  18  18  18  18  18  18  18  18
  18  16  15  16  16  16  16  16  16  17  17  18  19  20  23  24  23  24
  24  25  25  25  26  28  30  32  35  41  44  47  52  50  99 155 153 154
 155 155 153 154 154 162 145  95  39  33  38  30  32  31  25  24  23  24
  26  24  24  25  26  26  27  29  31  32  33  35  43 101 164 164 163 163
 157 161 164 165 162 163 167 164 163 163 163 164 164 165 165 165 165 166
 166 166 166 166 166 166 166 166 166 165 166 166 166 167 166 166 167 167
 168 167 167 167 168 168 168 168 168 168 168 168 168 169 168 168 168 169
 168  29]"
"[ 28  30 107 108 108 109 107 109 109 109 110 110 111 111 112 112 112 114
 114 113 113 107  85  33  26  29  27  25  25  22  20  22  23  24  23  20
  19  20  20  20  19  18  18  18  17  16  16  17  17  18  18  18  19  20
  19  18  18  18  18  17  17  17  17  17  20  20  19  18  18  18  18  18
  19  18  17  17  17  17  16  16  16  17  17  17  18  20  22  23  24  24
  23  23  23  24  27  29  32  34  36  40  43  46  51  49 103 158 154 153
 153 154 153 155 157 157  96  40  31  29  26  26  28  24  24  24  24  26
  23  24  24  25  25  26  26  28  31  32  30  32  84 152 168 159 164 159
 166 164 163 165 164 165 167 162 164 164 165 165 165 165 165 165 165 166
 166 166 167 166 166 166 167 166 166 166 166 166 167 167 167 167 168 168
 168 168 168 168 168 168 168 169 169 169 168 168 169 170 169 169 168 170
 168  29]"
"[ 29  29 108 107 109 109 110 109 110 111 111 110 111 112 113 112 112 111
 115 111 113 107  76  36  32  30  27  23  21  20  20  21  24  23  22  20
  18  17  19  21  18  19  19  18  17  17  16  16  18  18  18  18  19  19
  18  18  19  17  16  16  15  15  16  19  21  21  20  19  18  17  17  17
  18  17  16  16  16  17  16  16  16  16  17  17  17  18  19  20  22  23
  24  24  24  24  26  28  30  32  32  37  41  48  53  55 120 158 154 153
 155 152 156 153 160 135  53  28  26  29  25  24  24  24  24  24  24  24
  24  24  24  26  23  25  28  28  31  34  33  50 131 161 163 159 163 163
 164 163 163 163 164 164 165 165 164 165 166 165 165 165 165 165 166 165
 166 168 167 165 165 167 164 165 165 166 167 168 168 168 166 168 169 169
 168 168 168 167 168 168 168 168 169 168 167 166 168 168 170 168 168 171
 168  29]"
"[ 29  29 108 108 109 109 110 109 110 111 112 111 111 113 113 112 112 111
 112 112 115 107  68  32  32  29  26  24  22  20  20  21  22  23  22  20
  18  19  20  22  20  21  20  18  17  16  16  16  17  17  17  18  18  19
  18  18  19  17  16  16  16  16  18  20  23  23  22  21  19  18  17  17
  17  17  16  16  16  16  16  16  16  16  16  17  17  18  19  20  20  21
  22  23  23  24  26  29  30  33  33  37  39  47  53  59 130 154 153 153
 157 158 159 165 154  98  37  29  28  27  26  23  24  24  24  24  24  24
  24  24  25  23  26  24  31  34  31  34  33  83 151 165 164 161 164 163
 165 164 163 164 165 165 166 166 165 166 166 166 166 167 167 166 166 166
 166 167 167 166 166 166 168 168 168 168 168 168 168 167 170 170 169 167
 166 168 170 171 169 169 169 168 168 168 169 170 174 171 170 172 170 169
 168  30]"
"[ 29  29 109 109 109 108 109 109 110 111 111 111 111 112 111 111 112 113
 111 112 115 101  54  30  31  27  24  23  22  20  19  20  21  23  23  21
  20  21  23  23  24  23  21  18  17  16  16  16  16  16  16  17  18  18
  17  17  18  16  15  16  16  17  19  21  23  24  25  23  21  18  17  17
  16  16  17  16  15  15  16  17  16  16  16  16  17  18  18  19  18  19
  22  23  23  24  27  30  30  33  34  37  37  44  52  62 129 157 154 155
 153 157 165 150  97  43  21  26  28  23  26  26  24  24  24  24  24  24
  24  24  26  21  26  26  30  31  32  35  38 122 165 164 162 163 164 164
 165 164 164 165 166 166 166 167 167 167 167 167 167 168 168 167 167 168
 168 168 169 168 167 166 167 167 167 167 168 169 169 168 167 168 169 169
 169 169 168 167 170 170 170 169 169 169 170 171 170 170 170 172 169 167
 168  29]"
"[ 29  29 109 109 109 108 109 109 109 110 111 111 111 111 111 111 113 114
 113 111 114  89  42  31  30  25  22  22  22  19  18  19  19  23  24  21
  20  23  24  23  25  24  21  18  16  16  16  16  16  16  17  18  19  18
  17  15  17  15  14  15  16  17  19  20  22  23  25  23  21  18  17  17
  16  16  16  16  15  15  16  17  16  16  16  16  17  18  18  18  18  20
  22  23  24  24  27  31  31  34  35  37  37  43  50  64 138 159 151 153
 159 168 149  90  43  25  27  26  27  23  24  25  24  24  24  24  24  24
  24  24  23  24  25  29  27  30  33  32  67 152 168 163 162 164 165 165
 164 163 163 165 165 165 165 165 166 167 166 166 166 167 167 166 167 167
 167 167 167 167 167 165 168 168 168 167 168 169 168 167 170 170 169 168
 168 169 169 169 167 167 168 167 167 167 167 168 170 173 171 172 171 172
 172  28]"
"[ 28  29 109 109 109 108 109 109 109 110 111 112 112 112 112 112 114 113
 114 109 115  78  36  32  30  26  23  23  23  21  19  19  18  22  24  21
  21  23  24  23  24  23  20  18  16  16  16  15  17  18  20  21  22  20
  18  16  17  15  14  15  16  17  19  20  21  23  24  23  20  17  17  18
  17  17  16  16  16  16  16  16  16  16  16  16  17  18  18  17  19  20
  22  23  24  24  27  30  32  35  37  39  40  44  48  64 148 153 152 155
 164 150  88  37  28  30  30  25  26  24  25  23  24  24  24  24  24  24
  24  24  22  30  28  29  31  34  27  45 114 169 164 164 163 163 164 163
 164 164 164 165 166 166 166 167 167 167 167 167 167 168 168 168 168 168
 167 167 168 168 168 167 167 167 167 167 168 169 169 169 167 167 168 169
 171 172 173 173 175 174 173 173 173 174 174 175 176 175 169 169 171 172
 171  32]"
"[ 28  29 109 108 109 108 109 109 109 109 110 111 111 111 112 113 114 112
 113 111 116  71  35  32  29  27  24  24  23  22  20  19  19  22  23  22
  22  24  24  23  23  23  20  18  17  17  17  16  16  18  20  22  23  22
  20  18  17  16  16  15  16  18  19  20  22  24  24  23  19  17  16  17
  18  17  16  16  16  17  16  16  16  16  16  17  17  18  18  18  19  20
  22  23  23  23  25  27  32  33  36  39  41  44  46  65 145 154 154 164
 151  89  31  25  27  25  23  25  24  23  26  24  24  24  24  24  24  24
  24  24  26  30  30  29  33  29  30  92 154 172 162 166 166 164 164 164
 165 164 164 165 166 166 166 167 165 166 167 166 166 166 166 167 171 170
 170 171 171 170 170 171 169 169 170 170 170 171 171 171 170 171 170 169
 166 162 157 153 154 152 150 149 150 152 153 154 152 150 147 146 146 142
 146  28]"
"[ 29  29 108 108 109 108 109 109 109 109 110 111 111 110 111 113 114 114
 113 114 108  58  31  31  26  26  24  23  22  23  21  19  19  20  21  22
  23  24  24  24  24  23  20  18  17  17  17  17  16  17  20  22  22  22
  20  18  17  17  16  16  16  18  20  20  23  24  25  23  20  17  16  16
  17  17  16  16  16  16  16  16  16  17  17  18  18  18  18  19  20  20
  21  22  22  22  23  25  30  31  34  37  40  44  46  68 144 160 152 155
 113  41  20  26  26  24  23  26  26  22  24  24  24  24  24  24  24  24
  25  25  29  27  31  31  31  29  65 137 167 165 164 165 165 164 164 164
 168 167 166 166 166 166 166 166 165 166 166 164 162 162 162 162 160 158
 158 160 159 155 154 156 152 153 153 151 149 148 148 148 145 144 142 140
 139 139 138 137 137 136 135 133 133 134 135 135 133 133 134 132 130 124
 130  30]"
"[ 30  29 108 108 109 109 110 110 111 110 111 112 111 110 111 114 113 115
 113 114  96  45  25  30  24  25  24  22  22  23  22  19  18  18  19  20
  22  22  23  23  23  22  19  17  16  16  16  16  18  18  20  21  22  22
  20  19  16  16  16  15  16  17  19  20  23  24  24  23  20  17  16  15
  16  16  16  16  16  16  17  18  17  17  18  18  18  18  19  19  20  20
  20  21  22  22  23  24  29  30  33  36  40  44  47  71 136 155 155 132
  64  21  28  24  22  25  25  20  27  25  22  25  24  24  24  24  24  24
  25  25  26  28  32  33  29  42 111 150 158 152 161 157 156 156 155 156
 153 151 149 148 147 146 146 146 146 147 146 143 140 138 138 138 138 135
 135 137 135 129 127 129 129 130 132 132 131 132 134 134 133 133 134 134
 134 133 132 130 132 132 132 131 130 128 127 127 130 130 131 126 128 125
 127  29]"
"[ 30  28 111 108 109 111 109 110 111 111 111 112 112 112 113 113 114 114
 113 116  89  38  25  30  27  26  23  22  22  23  21  19  19  18  17  18
  21  22  23  23  24  22  20  18  18  17  17  17  17  18  20  21  22  21
  21  20  16  16  16  17  17  18  19  20  23  24  24  22  19  17  16  16
  16  15  15  15  16  16  17  17  18  17  16  15  17  19  19  18  19  18
  18  20  22  23  24  24  26  28  31  34  38  44  49  52  81  87  77  49
  26  22  24  23  24  24  24  24  24  24  24  24  22  25  24  23  26  26
  26  29  29  29  32  26  41  90 128 138 130 129 127 125 124 125 127 127
 133 134 136 136 136 136 136 137 133 135 136 134 133 132 133 133 133 132
 131 130 130 130 130 131 131 130 130 130 130 130 130 130 130 129 129 129
 129 129 130 130 130 129 129 129 130 130 128 127 128 129 129 127 125 127
 126  29]"
"[ 29  27 109 107 108 110 109 111 111 111 111 112 113 113 114 114 114 115
 115 119  79  40  32  33  25  25  24  23  23  23  21  19  19  18  17  18
  19  21  21  21  20  19  17  16  15  15  16  16  16  17  19  21  21  21
  20  19  15  15  15  15  16  17  17  18  20  21  21  20  17  16  15  16
  16  16  16  16  16  16  16  17  18  18  17  16  17  18  19  19  20  19
  18  20  22  23  24  24  24  26  29  32  33  34  33  31  27  27  25  22
  20  23  25  26  24  24  24  24  24  24  24  23  25  24  23  23  26  27
  28  30  31  28  28  38  76 119 133 131 132 132 131 129 129 129 130 131
 131 132 132 133 133 132 132 132 130 130 130 129 129 130 130 130 131 131
 130 130 130 130 130 129 130 129 129 128 129 129 129 130 129 129 129 129
 129 129 129 129 129 129 128 128 128 128 127 126 126 126 126 126 124 126
 124  28]"
"[ 29  28 109 107 108 110 111 112 111 111 111 112 113 114 115 115 115 115
 116 118  62  35  32  28  24  24  24  24  23  23  21  19  19  18  17  17
  18  18  19  19  18  17  16  14  14  14  15  16  16  17  19  20  21  20
  19  18  16  15  14  14  15  16  17  17  18  18  18  18  17  16  16  16
  15  16  16  16  16  16  17  18  17  18  19  18  17  18  20  21  21  20
  20  21  23  24  24  25  26  26  26  26  26  26  24  22  27  25  25  27
  27  24  23  23  24  23  23  23  23  23  24  24  24  23  23  25  27  27
  28  29  29  25  40  74 112 128 125 126 127 127 127 126 125 125 126 125
 129 129 129 129 130 130 130 129 130 130 128 128 129 131 130 129 128 128
 128 129 130 130 129 129 129 129 128 128 129 129 129 129 128 129 129 129
 129 128 128 128 128 128 127 127 127 127 126 125 124 125 126 126 124 126
 124  28]"
"[ 29  29 109 109 110 111 112 112 112 111 111 112 113 114 115 115 116 115
 117 114  54  32  33  28  24  25  24  23  22  22  21  20  19  18  17  16
  16  17  17  17  17  16  15  13  13  13  15  17  17  18  19  20  20  19
  18  17  17  16  14  14  15  16  16  16  17  17  17  17  16  16  16  15
  14  15  16  16  16  17  18  19  18  19  20  19  18  20  21  22  22  22
  21  22  24  24  25  25  28  27  25  24  23  24  25  25  22  24  26  24
  23  22  23  24  24  24  24  24  24  24  24  25  23  24  26  27  28  29
  30  31  27  39  78 117 127 122 122 127 124 124 125 124 123 122 122 121
 126 125 125 126 127 129 129 129 129 128 127 126 127 128 127 126 125 125
 126 128 129 129 129 127 128 127 127 127 128 129 129 128 127 127 127 127
 127 127 127 127 127 126 126 126 127 127 126 125 125 125 126 126 125 126
 125  29]"
"[ 28  29 108 109 111 111 112 111 113 112 112 112 113 114 114 114 117 116
 117 107  52  28  28  25  25  25  24  22  20  20  20  20  20  19  17  16
  16  16  16  16  16  15  14  12  11  12  14  16  16  17  18  18  18  18
  17  16  17  15  13  13  14  15  16  15  16  16  16  16  17  17  17  16
  16  17  18  18  17  17  18  19  19  20  20  20  20  22  23  23  23  22
  22  22  23  23  24  24  25  27  27  26  24  23  23  23  23  25  24  21
  21  23  24  22  24  24  24  24  24  25  25  25  26  27  27  28  29  30
  31  32  33  70 112 129 125 123 126 123 123 124 124 123 123 122 122 122
 122 121 121 123 125 127 128 128 126 127 127 126 126 126 125 124 123 124
 125 127 128 127 126 125 125 125 125 126 127 127 127 126 126 126 126 126
 126 126 127 127 127 127 126 126 126 126 126 125 125 125 124 125 123 125
 124  29]"
"[ 29  29 107 108 111 111 113 110 111 110 110 110 111 111 111 110 115 114
 114  98  53  30  29  27  25  24  23  20  19  19  19  19  20  19  18  17
  16  16  16  16  16  15  14  13  12  12  13  14  15  15  15  16  16  16
  15  15  16  15  14  14  15  16  16  16  17  17  17  18  19  19  19  19
  20  20  20  19  18  18  18  18  21  21  20  20  22  23  24  23  23  23
  22  23  23  23  23  24  24  26  27  26  24  23  23  24  24  23  22  23
  24  24  24  25  24  24  23  23  24  25  25  26  27  29  28  29  32  29
  28  33  60 102 125 123 122 125 125 122 121 122 123 122 122 122 122 122
 121 121 121 122 124 126 126 126 125 127 127 127 126 126 126 126 125 125
 126 127 127 126 125 124 125 124 124 125 126 126 126 125 125 125 125 125
 125 126 126 127 127 127 126 126 126 125 125 124 125 124 124 124 123 124
 123  29]"
"[ 30  29 103 104 106 105 108 105 104 104 104 104 105 105 104 103  96  97
  97  81  41  26  28  26  25  24  23  21  20  20  20  19  20  20  18  17
  16  16  16  16  17  16  15  15  14  14  14  13  13  13  13  14  14  15
  16  16  17  17  16  16  17  18  18  19  19  20  20  20  21  21  22  22
  22  22  22  21  20  20  20  20  21  21  21  21  22  24  24  24  24  23
  23  24  24  23  23  24  24  25  25  24  23  24  25  26  25  24  24  25
  24  22  22  24  24  24  24  24  24  25  26  27  27  29  29  31  33  29
  36  59  99 122 126 123 124 123 124 125 121 123 124 124 124 124 124 124
 122 122 122 122 124 125 125 125 123 124 125 125 124 125 125 125 125 126
 127 126 125 125 124 125 125 125 124 124 125 125 126 126 125 125 125 125
 125 125 126 126 126 126 126 125 124 124 123 123 124 123 123 124 123 124
 123  29]"
"[ 29  27  98  97  98  97 101  97  98  98  98  99 100 100  98  97  97  98
  96  79  37  27  29  25  24  24  23  22  22  22  21  20  20  20  19  17
  16  16  16  17  16  16  16  16  16  15  14  13  13  13  13  13  14  15
  17  17  17  17  17  18  18  19  20  20  21  21  21  21  21  21  22  22
  22  22  22  22  22  22  22  22  20  21  22  22  22  23  24  24  24  23
  23  23  23  22  23  23  23  24  24  24  23  23  23  23  24  24  24  23
  24  25  25  24  24  24  24  24  25  26  27  28  28  31  29  30  31  30
  55  99 122 123 121 124 123 121 125 122 121 123 124 124 124 124 123 123
 123 122 122 123 123 124 124 124 124 125 125 124 125 126 126 125 123 124
 125 125 124 123 124 125 125 125 124 123 123 124 125 126 125 125 125 126
 126 125 125 125 125 125 124 124 123 123 123 123 123 122 123 124 123 124
 123  29]"
"[ 29  30  95  94  98  98  97  97  97  97  96  96  97  98  98  97  96  97
  96  74  39  24  29  24  23  23  23  23  23  23  22  21  20  20  19  18
  17  16  16  17  17  17  16  16  16  16  16  16  16  16  16  16  17  17
  18  19  19  19  20  19  19  19  20  22  22  23  23  22  21  21  21  22
  20  21  22  22  22  22  22  22  23  22  22  22  22  23  24  24  23  23
  23  23  23  23  23  23  24  24  24  23  22  22  23  24  24  24  24  24
  24  24  24  24  24  25  25  24  26  29  29  28  28  32  32  29  30  54
  96 121 122 122 123 123 124 123 123 122 121 122 124 125 125 124 124 124
 123 124 123 122 122 123 124 125 125 125 125 124 124 124 124 124 123 124
 124 124 124 123 124 124 124 124 124 124 124 123 123 123 123 124 125 126
 126 126 125 125 125 125 124 124 123 123 123 124 124 123 122 123 122 124
 123  29]"
"[ 29  28  93  91  94  95  95  95  95  95  95  95  96  97  96  95  95  96
  95  74  38  27  29  25  24  23  23  23  23  23  22  21  20  19  19  19
  17  16  16  17  17  17  17  17  16  16  16  16  16  16  17  17  18  19
  20  20  19  19  18  19  20  21  22  22  21  22  22  22  22  21  22  22
  21  21  22  23  22  22  22  22  22  22  22  22  22  22  23  23  23  23
  23  23  23  23  23  24  23  23  24  23  22  22  23  24  24  24  24  24
  24  24  24  24  23  24  25  26  28  29  30  30  32  30  30  34  52  92
 121 120 122 122 123 123 123 123 123 123 122 123 124 124 124 124 123 123
 123 123 123 122 121 122 124 124 125 124 124 124 124 123 123 123 123 123
 123 123 123 123 124 125 124 124 124 123 123 123 123 123 123 123 124 125
 125 126 126 125 125 125 125 124 124 124 124 124 124 123 123 124 123 124
 123  29]"
"[ 29  28  92  90  93  94  94  94  94  93  93  94  95  96  94  92  93  93
  93  72  34  28  27  25  24  23  22  23  23  23  22  21  20  20  20  20
  19  18  18  18  18  18  18  18  18  17  17  16  17  17  18  19  20  21
  22  22  22  20  19  20  22  23  23  22  20  21  22  22  22  22  23  23
  21  22  23  23  23  22  22  22  23  23  23  23  23  23  23  23  23  23
  23  22  23  23  24  25  23  23  24  24  23  22  23  23  24  24  24  24
  24  24  24  24  25  25  25  26  27  28  29  31  33  32  33  49  87 120
 126 121 122 122 122 122 123 123 123 124 124 124 123 123 123 123 123 122
 122 122 122 122 121 122 123 123 123 124 124 124 124 123 122 122 123 123
 123 123 123 124 125 126 124 124 124 124 124 124 124 124 123 123 124 124
 125 125 126 126 125 125 126 126 126 125 125 125 125 124 124 125 123 124
 124  29]"
"[ 29  29  92  90  93  94  95  95  93  93  93  93  95  95  93  91  91  90
  92  71  32  28  24  24  24  23  22  22  23  23  22  20  20  20  20  20
  20  19  19  20  19  19  19  19  19  19  18  18  19  19  19  19  20  21
  22  23  24  22  20  21  22  22  21  20  20  21  22  22  23  23  23  23
  22  22  23  23  23  23  23  23  23  23  23  23  23  23  23  23  23  23
  23  23  23  23  24  24  23  24  24  24  24  23  23  24  24  24  24  24
  24  24  24  24  26  26  25  25  26  29  30  30  32  31  47  80 114 123
 118 122 122 122 122 122 123 123 124 124 124 123 123 123 124 124 123 122
 121 122 123 122 122 122 123 122 122 123 123 124 124 123 122 122 123 124
 124 124 124 125 125 126 125 125 125 124 124 125 125 125 125 125 125 125
 125 125 126 126 126 126 127 127 127 126 126 125 126 125 125 125 124 124
 124  29]"
"[ 29  28  92  90  93  93  93  93  92  92  93  93  95  95  93  91  92  91
  93  73  34  30  24  24  24  23  23  22  23  22  21  20  20  19  19  19
  19  19  19  20  20  19  19  19  20  20  21  21  21  20  19  19  19  20
  21  22  22  21  20  20  20  20  20  19  21  21  22  23  23  23  23  23
  22  22  22  22  23  23  23  23  22  23  23  23  23  23  22  22  23  23
  23  23  23  23  23  23  23  23  24  24  24  23  23  23  24  24  24  24
  24  24  24  24  23  25  25  25  27  31  32  30  30  39  75 111 122 122
 122 120 122 122 122 122 122 123 124 124 123 123 123 123 124 124 123 122
 122 123 123 123 122 123 123 123 122 122 123 124 124 124 123 123 124 124
 125 125 125 125 125 125 125 125 125 125 125 125 125 126 126 126 125 125
 125 126 126 126 126 127 128 128 128 127 126 125 126 125 125 126 124 125
 124  29]"
"[ 29  28  92  90  92  92  91  91  92  92  93  93  94  94  93  91  92  91
  94  76  39  29  25  24  24  23  23  22  22  21  21  20  20  19  18  19
  19  19  20  20  20  20  19  20  20  21  22  22  22  21  20  19  19  19
  20  21  20  20  20  20  20  20  20  21  21  21  21  22  23  23  23  23
  21  21  21  22  22  23  23  23  23  23  23  23  23  23  23  23  24  24
  24  24  24  24  24  24  23  23  23  23  23  22  22  22  23  23  24  24
  24  24  24  24  22  24  26  26  28  31  30  28  32  70 106 121 119 121
 126 121 122 122 122 122 122 123 123 123 122 122 122 123 124 124 123 122
 122 123 124 123 123 123 123 123 122 123 123 124 124 124 123 123 123 124
 125 125 125 124 124 124 125 125 124 124 124 125 125 126 125 125 125 125
 126 126 126 126 126 127 128 128 128 127 127 126 127 126 125 126 125 126
 124  29]"
"[ 29  29  92  90  93  93  92  92  92  93  94  94  94  94  93  92  91  90
  93  79  44  28  26  23  24  24  23  22  21  20  20  20  20  19  19  19
  20  20  20  20  20  20  20  20  20  21  22  22  22  22  21  20  20  20
  20  20  20  20  20  20  21  21  21  21  20  20  20  21  22  22  22  22
  21  20  20  21  22  23  23  23  23  23  23  23  23  23  23  23  24  23
  23  23  24  24  24  25  23  23  23  22  22  22  22  22  23  23  24  24
  24  24  24  24  24  24  25  27  28  28  30  32  55 105 120 117 120 119
 122 123 122 122 122 122 122 122 122 122 122 122 122 122 123 123 123 122
 123 124 124 123 123 123 123 123 123 124 124 124 124 124 123 123 123 123
 124 124 124 124 124 124 125 125 124 124 124 125 125 126 125 125 125 126
 126 126 126 126 125 126 127 128 128 128 128 127 128 126 125 126 125 126
 125  29]"
"[ 29  28  92  90  93  94  94  94  92  94  94  94  94  94  93  93  91  90
  93  81  47  27  28  23  23  24  23  22  21  20  20  20  19  18  18  19
  20  19  19  19  19  20  20  20  21  21  21  21  22  22  22  21  21  20
  20  19  22  21  21  20  21  21  20  20  20  19  19  20  21  22  22  22
  20  20  20  20  22  23  23  23  23  23  22  22  22  23  23  23  22  22
  21  21  22  23  24  24  24  23  23  22  22  22  22  22  24  24  24  24
  24  24  24  24  25  23  24  28  29  28  34  42  89 118 116 117 125 120
 122 122 122 122 122 122 122 122 121 121 122 122 121 122 122 122 122 122
 123 123 123 123 122 123 123 123 124 124 124 124 124 123 123 122 123 124
 124 124 124 124 125 125 126 125 125 125 125 126 126 127 126 126 126 126
 126 126 126 125 125 125 126 127 128 128 128 128 128 126 125 126 126 127
 125  29]"
"[ 28  29  91  93  94  93  93  93  93  92  92  92  91  91  91  91  93  91
  93  93  49  29  26  23  24  24  23  21  19  18  19  21  20  20  19  19
  19  20  21  20  20  20  21  22  22  21  21  21  22  22  22  21  20  20
  19  20  21  22  22  21  20  19  20  21  21  20  20  20  20  20  20  20
  18  19  19  20  21  22  22  22  23  23  23  22  22  22  23  24  22  22
  22  22  23  23  23  23  25  23  24  24  24  21  21  21  23  23  23  24
  24  25  24  24  24  23  25  24  31  26  27  66 111 116 120 119 119 121
 122 122 122 122 122 122 122 122 122 122 123 122 121 122 123 123 123 122
 123 122 122 122 122 122 123 124 124 125 125 124 124 124 124 124 123 123
 124 124 125 125 125 125 126 126 125 125 125 125 125 126 126 126 127 127
 127 128 127 126 124 126 127 128 127 127 128 128 128 128 127 125 127 126
 128  28]"
"[ 29  30  91  93  94  93  93  93  91  91  92  92  92  92  92  93  92  92
  94  95  56  32  29  24  24  24  23  21  19  18  19  19  20  20  19  20
  21  22  22  21  20  20  20  21  21  21  21  21  23  23  22  21  20  19
  19  20  20  21  21  20  19  19  19  19  19  19  20  20  20  20  20  20
  19  19  19  19  20  20  20  21  21  22  22  22  21  21  22  23  23  23
  22  22  23  23  24  24  24  23  23  23  23  22  21  22  21  22  22  23
  24  24  24  24  24  25  25  26  30  25  45  97 115 120 122 121 120 122
 123 122 122 122 122 122 122 122 122 122 122 121 121 122 123 123 123 122
 122 122 122 122 122 123 123 123 124 124 124 124 124 124 124 125 123 123
 123 124 124 125 125 125 125 125 126 126 126 126 126 126 126 126 126 126
 127 128 128 127 126 127 128 129 128 128 129 129 129 129 128 126 128 127
 128  28]"
"[ 29  30  91  93  93  92  92  92  91  91  91  92  92  93  94  94  92  93
  94  95  64  33  30  24  24  24  23  21  19  18  18  18  19  19  19  20
  21  23  22  21  21  20  20  21  21  21  22  23  23  23  22  21  20  19
  20  20  19  19  20  20  20  19  19  19  19  20  20  20  20  19  19  19
  19  20  20  19  19  19  20  21  20  21  22  22  22  21  22  22  23  23
  23  23  23  23  24  24  24  24  23  22  22  22  22  22  20  20  22  22
  23  24  24  25  24  24  23  25  25  33  71 116 118 121 122 121 120 122
 122 121 122 122 122 122 122 122 123 123 122 122 122 123 123 123 122 122
 122 122 123 123 124 123 123 123 123 124 124 125 125 125 126 126 124 124
 124 124 124 125 126 126 126 126 127 127 127 127 126 125 126 126 126 126
 127 128 129 128 128 128 129 129 128 128 129 129 129 129 128 126 128 127
 127  28]"
"[ 29  30  90  92  92  92  91  91  92  92  91  92  92  93  94  94  93  93
  92  94  71  33  28  24  24  24  23  21  20  18  18  18  19  19  19  19
  21  22  21  19  21  21  20  21  21  22  22  23  23  22  21  20  19  20
  20  21  19  19  19  19  20  20  20  19  20  21  22  21  20  19  19  19
  19  20  20  20  19  20  21  22  20  21  23  23  23  22  22  23  24  24
  24  23  23  23  23  23  23  24  23  22  22  23  22  20  20  21  22  23
  23  23  24  25  24  23  26  23  24  54  95 115 117 119 121 120 121 122
 122 121 122 122 122 122 122 122 123 123 123 124 124 123 123 122 122 122
 123 123 124 124 124 124 124 123 123 124 125 126 126 127 127 128 126 126
 125 125 126 127 128 128 128 128 129 129 129 128 126 126 126 126 126 126
 127 129 129 129 129 129 129 129 128 128 129 129 129 129 128 127 128 127
 128  28]"
"[ 29  29  90  91  91  91  91  91  92  92  91  91  92  93  94  94  94  93
  91  95  81  37  25  24  24  24  23  22  20  19  19  19  19  18  18  19
  21  22  21  19  21  20  19  20  20  21  22  23  22  21  20  19  19  19
  20  21  20  19  18  19  19  20  20  20  21  21  22  21  19  18  19  19
  18  19  20  20  20  20  21  23  20  21  22  22  21  21  22  23  24  24
  24  24  23  23  22  21  23  24  24  22  22  23  21  19  21  22  23  23
  23  23  23  24  25  25  27  23  41  84 110 115 117 119 121 121 122 123
 123 122 122 122 122 122 122 123 123 123 124 124 124 123 122 122 122 123
 124 124 124 124 124 124 124 124 123 124 125 126 126 127 128 129 127 127
 126 126 127 128 129 129 129 129 129 129 129 128 127 127 126 126 126 126
 127 129 130 129 131 130 130 130 129 129 130 130 130 130 130 129 130 129
 130  30]"
"[ 29  29  89  91  91  90  90  90  91  91  91  90  91  92  93  94  92  92
  91  96  88  46  24  24  24  23  22  21  20  20  20  19  18  19  19  20
  21  22  22  21  20  19  19  20  20  21  22  23  22  21  19  18  18  19
  19  20  20  19  18  18  18  19  19  19  20  20  20  19  19  18  19  19
  18  19  20  20  19  19  20  21  19  20  20  20  19  19  20  21  23  23
  23  23  22  21  21  20  23  23  23  22  22  22  20  19  22  22  23  23
  23  23  23  23  24  25  22  32  75 110 113 117 119 120 122 122 123 123
 123 122 122 122 123 123 123 123 123 124 124 124 124 123 123 123 123 124
 124 124 124 124 124 124 125 125 124 125 125 126 127 127 128 129 128 128
 127 127 127 128 129 130 129 129 129 129 129 129 129 129 128 128 127 127
 128 129 130 129 130 130 130 130 129 129 130 130 130 131 130 129 131 130
 130  30]"
"[ 29  29  89  91  91  90  90  90  91  90  90  90  90  91  93  94  91  92
  91  93  90  55  25  25  24  23  22  21  20  20  19  19  19  19  19  20
  21  22  22  21  20  19  19  20  21  21  22  23  22  20  19  18  18  19
  19  19  19  19  18  18  18  18  18  18  19  19  19  19  19  18  19  19
  18  19  19  20  20  19  19  19  19  19  20  19  18  18  19  20  22  22
  21  21  20  20  20  20  23  21  21  21  22  21  20  19  20  21  21  22
  22  23  23  23  23  26  33  65 107 120 114 118 120 121 122 123 122 122
 122 122 123 123 123 124 124 124 124 124 124 124 124 124 124 124 124 125
 125 125 125 125 125 126 126 127 125 126 127 127 128 128 129 130 129 129
 129 129 129 129 130 130 130 130 130 130 130 130 130 130 130 130 129 129
 129 130 130 130 129 129 129 130 130 130 130 130 131 131 131 130 131 129
 129  29]"
"[ 29  29  89  91  91  90  90  91  91  90  90  89  89  90  92  93  92  95
  92  90  89  60  26  26  25  24  22  21  20  19  19  19  20  20  20  20
  21  22  22  21  19  18  19  19  20  20  21  22  21  20  19  18  19  20
  20  20  19  19  19  18  18  18  18  17  19  19  19  19  19  19  18  17
  18  19  19  20  20  20  19  19  19  20  20  20  19  19  19  20  21  21
  20  19  19  19  20  20  22  20  19  21  21  20  20  20  19  19  19  21
  22  23  23  23  21  30  58 104 125 117 118 121 122 122 123 123 122 122
 122 123 123 124 124 125 125 125 124 124 125 126 126 126 126 125 125 125
 126 126 126 126 127 127 128 128 127 128 128 129 129 129 130 131 130 130
 130 130 130 130 130 131 131 131 131 131 131 131 131 130 131 131 131 130
 131 131 131 130 130 130 130 130 131 131 131 131 132 132 132 131 132 130
 130  29]"
"[ 28  29  89  89  89  89  90  91  91  91  91  91  92  93  94  94  94  93
  93  90  92  63  30  27  26  24  21  20  20  19  19  19  19  19  19  19
  19  19  20  20  19  19  18  19  19  19  19  20  19  19  18  17  17  18
  19  17  19  18  18  18  18  18  18  18  18  19  20  19  19  19  19  18
  18  18  18  19  20  20  20  19  19  19  18  19  19  19  19  20  19  20
  20  19  19  20  20  20  22  21  21  20  18  19  21  20  19  20  18  19
  23  21  19  22  31  75 112 122 124 124 122 121 122 123 124 123 123 123
 123 124 123 123 124 125 126 126 126 126 126 125 125 126 126 126 126 126
 129 127 126 126 127 128 129 130 129 129 129 129 130 130 130 129 130 130
 131 131 131 131 131 131 131 132 132 132 132 132 132 132 131 130 131 131
 132 132 131 130 130 131 131 131 131 131 132 133 133 131 132 132 131 130
 131  28]"
"[ 29  29  89  89  88  89  90  91  91  91  92  93  93  94  94  94  95  94
  95  91  92  64  31  27  24  22  20  20  19  19  18  18  19  19  19  20
  20  20  20  20  20  19  18  19  18  18  19  19  20  20  19  17  17  18
  18  17  18  18  17  17  18  18  18  18  17  18  19  18  18  18  19  18
  18  18  18  19  20  20  19  18  18  18  18  19  19  19  20  21  21  20
  20  19  17  17  19  21  22  21  20  19  18  20  21  19  19  20  20  19
  17  20  33  48  97 116 125 123 122 122 121 122 124 124 125 125 125 125
 125 124 124 125 126 126 127 127 127 127 128 127 127 128 128 128 128 128
 130 129 128 128 129 129 129 130 130 130 130 131 132 132 132 131 131 132
 132 133 133 133 133 133 132 132 133 133 133 133 133 134 132 132 131 131
 132 132 131 131 130 131 131 132 131 132 132 133 133 132 133 132 132 131
 133  29]"
"[ 30  29  88  89  89  90  91  91  91  91  92  93  94  95  94  93  93  94
  94  91  91  66  32  26  23  22  21  20  20  19  18  18  19  19  19  20
  21  21  20  19  20  19  18  19  18  18  18  19  19  20  19  18  18  18
  18  17  18  17  17  17  18  18  17  17  17  18  19  19  18  19  19  19
  18  17  17  18  20  20  18  17  18  18  18  18  19  19  19  20  20  18
  18  21  22  22  22  22  22  21  19  16  16  18  21  23  21  17  17  20
  29  52  88 117 128 129 125 122 123 124 124 128 126 126 126 126 127 128
 126 125 126 126 127 127 128 128 128 128 129 129 129 129 129 130 129 129
 130 129 129 130 130 130 129 130 130 130 131 131 132 133 133 133 134 134
 134 134 135 135 135 135 133 133 134 134 135 135 135 135 134 133 132 132
 132 132 132 132 131 132 133 133 133 133 133 133 133 132 134 133 132 133
 133  29]"
"[ 29  29  88  89  90  91  92  91  91  91  92  93  94  94  93  92  91  92
  93  91  92  70  35  24  24  23  22  21  20  19  19  19  19  19  20  21
  22  21  20  19  19  19  19  19  19  19  18  19  18  19  19  18  18  17
  17  18  17  17  17  17  17  17  17  16  17  18  18  18  18  19  20  20
  17  17  16  17  19  19  18  17  18  18  17  18  18  18  18  19  19  19
  19  20  20  20  19  18  20  19  19  22  24  22  20  20  20  28  51  80
 101 116 124 125 123 123 122 123 126 124 124 127 127 127 128 128 128 129
 128 127 126 127 127 128 128 128 128 128 130 130 130 130 130 130 130 130
 130 129 130 130 131 131 130 131 131 131 131 132 132 133 133 133 135 135
 135 135 136 136 136 136 135 135 135 136 136 137 136 136 135 135 134 133
 132 132 132 133 133 134 135 135 135 134 134 134 134 133 134 134 133 134
 134  28]"
"[ 29  29  89  90  91  92  92  91  92  92  92  93  94  94  93  93  92  93
  93  93  94  76  39  23  25  23  22  21  20  20  19  20  20  20  20  20
  21  21  20  19  18  19  19  21  21  20  19  19  18  18  18  18  17  17
  17  17  17  17  17  17  17  17  16  16  15  16  17  17  17  18  18  18
  17  16  15  16  17  18  19  18  18  17  17  17  18  17  18  18  18  20
  21  19  18  19  20  20  20  22  22  21  19  18  26  39  69  86 110 124
 124 123 126 125 124 125 126 127 127 126 126 128 128 129 129 129 128 129
 129 129 127 128 128 128 129 129 129 129 130 131 131 130 130 131 131 131
 131 130 130 131 132 132 133 133 133 133 134 134 134 134 134 134 136 136
 136 136 137 137 137 136 137 137 136 137 137 137 137 136 136 136 135 134
 133 132 132 132 133 134 135 136 136 135 135 135 136 135 136 135 135 135
 134  28]"
"[ 29  30  89  90  91  91  91  91  93  93  94  94  94  94  94  94  94  94
  93  94  96  81  42  22  24  22  20  20  20  20  20  20  20  20  20  20
  19  19  19  19  18  19  20  21  21  21  20  20  19  19  18  18  17  16
  16  17  17  17  17  17  17  17  16  16  16  17  17  17  16  17  18  18
  16  16  15  15  16  18  18  19  17  17  17  17  18  18  18  19  18  19
  19  19  21  22  20  17  18  19  17  19  32  52  80 105 121 124 125 123
 121 125 126 124 127 126 126 127 128 129 130 130 128 130 130 129 128 129
 130 130 129 129 130 130 130 130 130 130 130 131 131 130 130 132 132 132
 132 131 131 131 132 133 134 135 135 135 136 136 135 135 135 136 137 137
 137 137 138 138 138 138 138 138 138 138 138 137 137 137 137 136 135 134
 133 132 132 133 134 135 136 136 136 136 136 136 138 137 138 137 137 137
 136  29]"
"[ 29  30  89  89  89  90  91  91  94  94  95  95  94  94  94  95  94  95
  94  95  95  83  44  23  24  22  20  20  21  21  20  19  18  19  19  19
  19  18  19  20  19  19  19  20  21  20  20  20  21  19  18  18  18  16
  16  17  17  17  16  16  16  16  16  16  17  17  18  17  17  17  18  18
  16  16  16  16  16  17  18  18  18  17  17  18  18  18  18  19  21  18
  18  20  21  19  17  16  17  33  53  78 108 125 128 128 122 125 125 124
 127 129 129 128 128 127 127 128 128 129 129 128 129 130 130 130 130 130
 130 130 130 131 131 131 131 131 131 131 130 132 132 131 131 133 133 133
 133 132 131 132 133 134 134 135 135 136 136 136 136 136 136 137 137 138
 138 138 138 138 138 138 138 138 139 138 138 138 138 138 137 137 135 133
 132 132 133 133 135 136 136 137 137 137 137 137 138 137 138 137 138 139
 137  29]"
"[ 29  29  88  88  88  89  91  93  93  94  95  95  94  94  94  95  94  95
  94  95  95  84  46  25  25  22  20  21  22  22  20  18  17  18  19  19
  18  18  19  20  20  19  19  20  20  19  19  20  21  19  18  18  18  17
  17  18  17  17  16  16  16  16  16  16  17  17  17  16  16  16  17  17
  16  16  17  16  16  16  17  18  19  18  18  18  18  18  18  19  20  19
  21  23  21  19  27  39  75 100 118 124 129 130 126 124 124 127 126 125
 129 129 128 130 129 128 130 131 130 129 131 130 130 130 130 130 131 132
 131 129 131 131 131 131 131 131 131 131 132 134 134 132 132 134 135 135
 135 134 133 134 135 135 135 136 136 136 137 137 137 137 137 138 137 138
 138 138 138 137 138 138 138 138 139 139 138 138 138 139 138 137 135 133
 132 132 133 134 136 137 137 138 138 138 138 139 137 137 138 137 138 139
 137  29]"
"[ 29  29  89  90  89  90  91  92  92  93  93  93  93  93  94  94  95  94
  95  95  98  87  58  23  24  23  20  19  18  19  21  18  18  18  19  18
  17  17  18  20  20  20  20  20  20  20  20  21  19  19  19  18  17  17
  18  19  18  17  17  17  17  16  16  16  16  16  16  16  16  16  16  16
  15  16  17  15  15  16  18  19  17  17  20  20  18  17  18  21  23  21
  18  15  25  53  89 112 124 127 130 130 128 126 127 129 129 128 127 128
 129 130 130 130 130 130 130 130 130 130 131 131 131 131 131 132 132 132
 132 132 131 131 132 132 132 132 133 133 135 135 135 135 135 135 135 135
 136 136 136 136 135 136 136 137 137 138 139 138 137 138 139 139 138 139
 139 140 140 140 141 142 140 139 138 139 140 140 139 137 137 137 136 133
 133 135 136 136 136 137 138 138 138 138 138 138 138 138 138 139 137 136
 138  30]"
"[ 29  29  89  89  89  89  90  90  90  92  93  94  93  93  94  95  95  94
  95  94  95  87  63  23  24  22  19  20  20  19  19  18  18  18  18  17
  17  17  18  20  20  20  20  20  19  19  20  20  20  20  19  19  18  17
  17  18  18  17  18  18  18  17  16  16  16  16  16  16  16  16  16  16
  18  16  16  16  17  17  16  16  19  21  17  14  19  21  19  22  20  27
  49  81 107 122 128 130 124 126 128 129 128 128 128 129 130 129 129 129
 130 130 130 130 130 130 131 131 131 131 131 131 131 132 132 132 132 132
 132 132 132 133 133 133 133 133 134 134 136 136 136 136 136 136 136 136
 137 137 137 137 137 137 137 138 138 138 138 138 138 139 138 138 137 138
 140 140 141 141 142 142 142 142 141 141 142 141 140 138 137 137 136 134
 134 135 136 136 137 138 138 138 138 139 139 139 139 138 138 139 137 137
 138  29]"
"[ 29  29  89  89  90  90  90  90  89  91  94  94  94  94  95  96  98  97
  96  95  93  88  70  23  23  21  18  18  20  18  16  18  18  17  17  17
  17  17  18  20  20  20  21  20  20  20  20  20  20  20  19  19  19  18
  17  17  18  18  18  19  18  17  16  16  16  16  16  16  16  16  16  16
  16  14  14  16  17  17  17  18  18  19  16  20  22  13  15  34  65  86
 114 129 129 126 126 126 127 127 128 129 129 130 130 130 130 130 130 130
 131 130 130 130 130 131 131 131 131 131 131 132 133 133 133 133 133 133
 133 133 134 134 134 134 134 134 135 135 137 137 137 137 137 137 137 137
 138 138 138 138 137 137 138 138 138 138 138 139 140 141 140 139 139 140
 141 142 142 143 143 143 143 143 143 142 142 142 141 140 138 137 136 136
 136 136 137 138 138 138 137 138 138 139 139 139 139 137 137 138 137 137
 138  28]"
"[ 29  29  89  90  91  92  91  90  90  92  94  94  94  94  95  96  98  97
  96  96  94  93  81  29  23  21  18  17  19  18  16  18  17  16  16  17
  18  18  18  19  20  20  20  20  20  20  20  20  19  19  19  19  19  19
  18  17  18  18  18  18  18  17  16  16  16  16  16  16  16  15  15  15
  17  17  17  16  15  15  17  18  17  21  16  14  23  41  75 109 125 128
 131 129 126 127 128 126 130 130 130 130 131 131 131 131 131 131 131 131
 131 131 131 131 132 132 133 132 131 132 133 134 134 134 134 135 135 135
 135 136 136 136 135 135 135 135 136 136 137 137 137 137 137 137 137 137
 138 138 138 138 138 138 138 138 138 139 140 141 142 143 143 142 141 142
 142 143 143 143 144 144 143 143 144 144 143 143 142 141 140 138 137 138
 138 137 138 140 138 138 138 138 139 140 139 139 139 138 137 138 139 139
 139  28]"
"[ 29  29  88  90  91  92  91  91  90  91  92  93  94  94  95  95  96  96
  96  97  96  98  90  41  22  20  20  17  18  20  17  18  17  16  16  18
  19  19  18  18  19  19  18  18  18  18  18  18  17  17  18  19  19  19
  18  17  18  17  17  17  17  16  16  16  16  16  16  16  15  15  15  15
  14  17  17  16  16  18  19  18  16  19  26  52  86 114 130 130 130 125
 124 127 126 127 130 133 132 132 132 131 131 130 131 131 132 131 132 132
 132 131 132 132 134 134 134 133 133 133 135 137 135 135 135 135 136 136
 136 137 136 136 136 136 136 136 136 136 137 137 137 138 138 138 138 138
 139 139 139 139 139 139 139 139 138 140 142 143 143 144 144 144 143 143
 143 143 143 144 144 144 144 145 145 145 144 144 143 143 141 139 138 139
 138 138 138 140 139 139 139 140 141 141 141 140 141 140 139 140 141 142
 142  30]"
"[ 30  29  88  89  90  91  91  90  90  91  91  92  94  94  95  95  98  97
  97  97  96  98  92  56  24  18  20  19  18  20  17  16  17  17  17  18
  19  19  18  18  19  18  18  18  18  18  18  17  17  18  18  18  18  18
  17  16  17  17  16  17  16  16  16  16  16  16  16  16  15  15  15  15
  14  14  14  15  17  19  19  17  22  46  78 110 125 128 131 126 131 129
 130 131 131 130 129 127 131 132 132 132 131 130 131 132 132 131 131 131
 132 132 132 133 135 135 134 134 133 134 136 137 136 136 136 136 136 136
 136 136 137 137 137 137 137 137 137 136 137 137 138 138 139 139 139 139
 140 140 139 140 140 140 140 140 140 142 143 144 143 144 144 144 143 143
 143 143 143 144 145 145 145 146 146 145 145 144 143 143 142 140 139 139
 139 138 139 140 139 140 141 142 142 143 142 142 142 141 140 140 141 142
 142  29]"
"[ 29  29  88  88  89  90  91  91  91  92  93  93  93  94  96  97  99  99
  99  96  97  97  94  74  33  18  19  19  17  19  16  16  19  18  18  19
  19  19  19  19  19  19  19  19  19  19  19  18  17  18  18  18  18  17
  16  16  17  16  16  16  16  16  16  16  16  16  16  16  16  15  15  15
  18  16  16  16  16  15  18  22  49  89 117 127 127 127 132 127 126 130
 133 130 126 129 133 131 132 133 133 133 133 132 132 133 133 132 131 131
 132 133 133 134 135 135 135 135 135 136 137 137 138 137 137 137 137 137
 137 137 138 138 138 138 139 138 137 137 138 138 139 139 140 140 140 140
 140 140 140 141 142 142 142 142 142 143 144 144 144 145 145 144 144 144
 144 144 145 145 146 145 146 146 146 145 145 144 143 143 142 142 142 140
 140 140 140 140 140 141 142 143 143 143 143 144 143 142 141 141 141 142
 141  29]"
"[ 29  29  88  88  90  91  92  93  94  95  95  95  94  94  96  98  96  97
  99  95  97  98  98  90  45  21  19  20  17  18  17  18  20  19  18  18
  19  19  19  20  19  19  19  19  19  19  19  18  17  18  18  18  17  17
  16  16  16  16  16  17  17  16  16  16  16  16  16  16  16  16  16  16
  16  14  16  18  16  16  26  39  87 114 122 125 129 126 129 131 132 129
 129 132 132 132 132 132 135 135 135 135 135 135 134 134 135 133 132 133
 134 135 136 136 136 136 136 137 138 138 138 138 138 138 138 138 138 138
 138 139 138 138 139 140 140 140 138 137 139 139 140 140 141 141 142 142
 142 142 142 142 144 144 144 144 143 143 144 144 145 146 146 145 146 145
 145 146 146 146 146 145 146 146 146 146 146 146 145 145 143 144 144 142
 142 142 142 140 141 142 143 144 144 144 145 146 145 145 144 143 143 143
 142  29]"
"[ 30  28  87  91  91  92  97  93  95  95  95  95  95  96  97  98  98  97
  97  98  99  99  98  96  67  26  19  18  20  19  14  18  18  18  18  18
  19  19  20  20  20  20  19  19  19  19  19  19  18  18  18  18  17  16
  16  16  16  16  16  16  16  16  16  16  15  16  16  16  16  16  16  16
  17  15  17  16  19  21  30  59 103 120 122 124 128 130 128 132 130 130
 130 130 130 132 133 134 135 135 135 135 136 136 136 136 135 134 133 133
 135 136 136 136 137 137 137 138 138 138 138 138 138 138 138 138 138 139
 139 139 138 139 139 140 140 140 139 139 139 140 140 140 140 141 142 143
 142 142 143 144 144 144 144 143 143 144 145 145 146 146 147 147 146 146
 146 146 146 146 146 146 146 146 146 146 145 145 145 144 145 145 144 143
 143 142 142 142 141 142 143 143 143 144 144 145 143 145 144 145 145 144
 141  29]"
"[ 28  29  90  90  90  93  92  95  94  94  93  94  95  97  97  97  97  98
  98  99 100 100 100  99  88  49  26  20  16  17  17  17  17  18  18  19
  20  21  21  21  20  20  19  18  18  18  19  19  17  18  18  18  17  16
  16  16  17  17  17  17  17  17  17  17  17  17  17  17  17  17  17  17
  16  15  18  17  20  22  33  61 104 118 123 130 131 133 131 129 130 131
 131 131 131 131 134 135 136 136 136 136 137 137 137 137 137 137 136 137
 138 139 139 138 138 138 138 138 138 138 138 138 138 138 138 139 139 140
 140 140 139 139 139 140 140 140 140 139 141 142 142 142 142 143 143 143
 143 143 144 145 146 146 146 145 145 146 146 146 146 145 145 145 146 146
 146 146 146 146 146 146 147 147 147 146 146 147 146 146 146 145 145 144
 144 143 143 143 144 145 145 146 146 146 146 147 147 142 147 141 140 144
 147  29]"
"[ 30  30  85  87  91  96  93  96  96  95  94  95  97  98  98  97  98  99
 100 101 100 100 100 101  98  72  31  19  17  19  18  15  15  15  16  17
  18  19  19  19  20  19  19  18  18  18  19  19  17  18  18  17  17  16
  16  16  15  15  15  15  15  15  15  15  15  15  15  15  15  15  15  15
  17  16  18  17  21  26  41  70 103 115 124 130 128 131 135 135 131 132
 133 133 132 132 135 137 136 136 136 136 136 137 137 137 136 137 137 138
 138 138 138 138 138 138 138 138 138 138 138 138 139 138 139 139 140 141
 141 140 141 141 140 141 142 143 143 142 142 143 144 143 143 143 143 143
 144 144 145 146 146 147 147 146 145 146 147 147 146 146 146 146 146 146
 147 148 148 148 148 148 147 148 148 147 147 148 148 147 146 146 146 145
 145 144 144 144 144 144 145 145 145 145 146 146 147 144 140 146 150 142
 145  26]"
"[ 28  31  89  93  93  90  94  93  95  95  94  95  96  96  96  96 100 100
 100 100 100 100 100  99 100  94  53  24  19  18  15  17  16  17  18  19
  20  20  20  20  18  18  18  18  18  18  18  18  16  16  16  16  16  15
  15  15  17  17  17  17  17  17  17  17  17  17  17  17  17  17  17  17
  16  16  17  17  19  25  41  66  97 114 124 130 129 133 135 134 132 133
 133 133 133 133 134 136 137 137 137 137 138 138 138 138 137 138 139 139
 139 138 138 138 139 139 139 139 139 139 139 139 139 139 140 141 143 143
 143 142 140 139 138 139 141 142 142 142 142 143 144 143 143 144 144 144
 145 145 145 145 146 146 146 145 145 145 146 147 146 146 147 147 146 147
 147 148 148 148 147 147 147 147 147 146 146 147 147 146 146 146 146 145
 145 144 144 144 146 146 146 146 146 147 147 147 146 145 143 148 140 142
 150  29]"
"[ 30  28  90  91  91  92  98  96  95  95  96  96  96  96  97  98 100  99
  99 100 101 101 100 100 102 100  73  32  19  19  18  16  16  17  17  19
  18  19  19  18  19  19  20  20  20  19  18  18  17  17  17  17  17  17
  17  17  17  17  17  17  17  17  17  17  17  17  17  16  16  16  16  17
  17  17  19  20  21  23  34  52  85 109 118 124 130 135 134 134 132 132
 132 133 134 134 135 135 136 137 137 137 137 138 138 138 137 138 138 138
 138 137 138 139 138 138 138 138 138 139 139 139 138 138 139 140 142 143
 142 142 142 141 141 141 143 144 144 144 144 145 146 145 145 146 147 147
 147 146 146 147 147 147 147 147 148 149 149 149 148 148 148 148 148 149
 149 150 150 149 149 148 148 149 149 149 148 148 147 146 147 147 147 146
 146 146 146 146 144 144 145 145 145 145 145 145 147 145 146 143 145 148
 143  26]"
"[ 32  26  92  90  90  95  91  92  92  94  95  96  95  95  97  98  98  97
  97  98 100 101 101 100 100  98  95  55  22  17  20  15  16  16  17  18
  19  19  19  20  18  18  18  18  18  17  16  15  16  16  16  16  16  16
  16  15  16  16  16  16  16  16  16  16  17  17  17  16  16  16  16  17
  15  16  16  17  18  23  34  46  75 105 118 125 130 133 131 135 134 134
 134 135 136 137 137 137 137 138 138 138 138 138 139 139 139 139 139 139
 138 138 139 140 139 139 139 140 140 141 141 141 141 141 141 142 144 144
 144 144 143 143 142 143 144 145 145 145 144 145 145 144 144 145 146 146
 146 146 146 146 147 147 147 147 148 149 149 150 150 149 150 150 150 151
 151 151 151 150 150 150 149 150 151 150 150 149 148 147 146 146 146 146
 145 145 145 145 146 146 146 146 147 147 146 146 142 149 148 142 149 144
 148  30]"
"[ 28  34  87  91  89  93  90  96  94  94  95  96  95  96  96  97  98  98
  98  99 101 102 102 102  99 102 108  76  32  16  16  16  16  16  16  17
  17  18  18  18  19  19  19  18  18  17  17  17  18  17  17  17  18  18
  17  17  16  16  16  16  16  16  16  16  17  17  17  16  16  16  16  16
  17  17  16  17  19  23  32  39  67  93 111 124 128 131 131 134 133 134
 134 135 136 136 136 136 138 138 138 138 138 138 138 138 138 138 138 138
 138 138 139 139 140 140 140 140 140 141 141 141 141 141 141 142 142 143
 143 143 144 144 144 144 144 145 145 145 145 146 146 146 145 146 146 146
 147 147 147 147 147 148 148 148 148 149 150 150 150 151 151 151 151 151
 151 151 151 151 151 151 150 151 151 150 150 150 149 148 147 147 147 147
 147 147 146 146 146 146 146 146 147 147 146 146 146 146 147 149 147 147
 142  28]"
"[30 27 29 29 29 30 29 28 29 29 29 29 29 29 29 28 28 29 29 29 28 28 29 29
 29 29 29 29 28 31 28 30 29 29 29 29 29 29 29 30 30 29 29 28 28 29 29 30
 29 29 28 29 29 29 29 28 29 29 29 29 29 29 29 29 30 30 29 29 29 29 29 29
 28 29 28 30 29 27 29 30 29 31 28 30 28 29 30 28 28 29 30 30 29 29 29 29
 29 29 29 29 29 29 29 29 29 29 29 29 29 29 29 30 29 29 29 29 29 29 30 30
 29 29 29 29 29 29 29 29 28 29 29 29 29 29 29 29 28 29 29 29 28 29 28 28
 29 29 28 28 28 29 29 28 29 29 30 30 29 29 29 29 28 28 29 29 29 29 29 29
 29 29 29 29 28 29 28 28 29 29 29 29 29 29 28 28 29 29 29 29 29 30 29 28
 29 29 30 27 28 30 27 30]"
