"[29 32 29 30 31 31 29 30 29 30 30 28 29 31 30 28 30 29 29 28 29 30 30 30
 29 30 30 29 29 29 29 30 30 30 29 29 29 29 29 30 31 30 29 29 29 29 29 30
 31 28 28 30 29 29 29 30 29 30 28 28 29 29 28 30 29 30 29 29 30 29 28 30
 31 29 28 30 30 28 30 30 29 29 30 29 28 28 29 31 30 28 28 30 30 28 28 31
 28 29 30 29 28 29 30 29 29 28 31 28 28 30 28 31 29 29 31 29 28 31 30 28
 30 30 31 30 29 28 29 29 30 29 29 28 29 30 28 30 29 32 29 28 31 29 30 29
 29 31 28 29 31 31 29 31 29 29 29 29 29 29 29 30 29 29 29 28 28 28 29 29
 29 30 30 28 28 30 30 29 28 30 30 29 28 29 30 30 30 30 29 28 30 31 29 28
 29 30 28 31 29 29 28 30]","[32 26 33 26 27 29 30 32 29 29 29 29 28 27 28 30 28 28 29 29 29 28 28 28
 30 29 29 29 29 29 29 29 31 30 29 29 29 29 29 30 28 27 28 30 31 30 28 27
 28 28 30 31 29 27 28 28 27 30 30 30 31 29 28 29 27 30 29 26 28 31 30 28
 27 30 30 30 29 29 31 26 30 28 28 28 30 31 29 28 29 30 31 30 29 28 29 30
 30 29 31 29 26 30 32 26 31 29 30 30 30 30 28 28 32 28 29 29 28 28 28 31
 29 29 25 28 27 32 29 28 27 29 30 29 29 28 29 31 28 30 29 28 28 27 30 32
 29 28 29 31 31 28 27 27 30 29 28 29 30 30 29 28 30 29 29 29 30 31 29 27
 30 29 29 30 30 29 28 29 27 29 30 29 29 29 28 27 26 29 29 29 28 26 27 31
 30 28 31 25 28 29 30 29]","[ 29  33  85  91  96  96  95  93  98  95  93  93  94  94  93  91  89  91
  95  96  97  98  98  98  94  95  96  97  99 100 102 103  98  97  99 105
 111 116 120 122 127 126 125 128 132 134 133 132 127 129 130 127 125 125
 128 131 138 153 173 194 213 226 236 243 245 244 244 246 246 243 243 248
 248 246 244 245 244 244 248 247 246 247 247 247 247 246 246 246 246 239
 223 203 185 168 151 137 138 133 127 126 125 119 114 117 110 109 106 109
 112 114 117 116 113 110 110 110 111 110 107 111 116 114 103  99  83  73
  50  36  20  22  18  18  18  17  20  19  19  14  15  17  18  19  15  11
  15  19  19  18  17  20  44  81  92  90  87  84  81  79  78  79  77  76
  75  74  72  70  66  64  59  58  57  59  61  64  66  67  69  68  66  63
  63  65  67  67  67  70  71  72  73  72  70  71  73  75  86  95 124 154
 142  29]","[ 29  29  84  85  88  88  92  97  95  92  88  88  92  97  96  91  91  94
  96  97  97  97  96  95  97  97  98  97  97  99 101 102 104 101  99 101
 105 107 107 108 105 105 107 112 119 123 125 125 126 131 134 132 130 129
 127 126 126 128 129 134 141 151 163 174 193 212 232 243 248 249 251 251
 251 251 251 253 252 252 252 251 249 252 253 253 252 251 253 254 253 254
 254 252 251 247 237 225 198 176 163 155 142 136 139 140 124 120 114 112
 111 111 111 111 111 112 113 110 110 110 108 111 112 111 103 101  97 102
  98  96  93  82  54  35  25  24  32  26  23  13  17  17  12  15  17  19
  14  14  16  17  26  55  86 100  96  90  83  77  74  74  75  77  78  77
  76  72  67  63  62  63  64  66  63  59  61  68  72  70  72  70  66  62
  62  65  69  71  66  72  73  69  68  71  75  79  78  89 107 135 152 147
 144  29]","[ 29  31  74  80  88  88  88  88  89  88  87  88  91  93  93  92  93  96
  97  96  95  95  95  95  96  97  96  93  91  92  95  97 101  98  96  98
 102 103 103 103 100 101 104 107 108 107 104 102 107 112 114 116 122 127
 128 128 129 130 130 131 131 129 130 134 137 141 154 172 182 188 204 225
 240 249 254 252 248 249 253 249 253 253 252 253 253 252 253 251 253 253
 253 251 251 253 254 254 253 254 246 234 221 200 175 162 152 144 139 128
 121 118 111 112 110 109 110 108 108 109 108 111 107 111 112 109 106 105
 104 103 108 110  99  91  84  79  75  57  43  21  16  17  17  21  19  16
  21  21  22  39  74  96  96  90  90  79  68  66  71  76  76  75  75  73
  71  68  66  65  67  70  74  76  74  70  71  76  77  75  72  73  73  72
  71  73  75  75  68  71  71  70  71  73  77  82  89 114 143 151 146 144
 142  29]","[ 28  28  60  65  74  74  72  72  73  71  75  85  91  88  85  84  89  92
  94  93  91  92  93  94  92  93  92  88  86  88  91  93  94  91  90  93
  96  97  97  97  89  91  95  99 101 101 100 100 104 105  99  97 104 111
 113 116 123 125 127 130 133 133 134 138 136 136 132 128 129 133 138 143
 144 163 187 206 218 230 247 254 251 253 251 252 251 249 252 252 251 251
 252 253 253 253 252 252 253 250 253 254 252 254 254 249 237 221 207 180
 158 144 127 127 126 111 106 108 110 106  97  92  98 102 106 105 103 101
 103 104 103 107 104 100  97 101 106  96  99  79  66  55  42  36  33  29
  30  26  47  80  95  96  95  92  83  74  66  66  72  76  75  72  74  69
  66  67  71  74  76  78  75  75  76  77  76  73  72  73  70  72  74  74
  74  76  77  77  74  72  72  75  75  74  81  93 127 149 149 142 143 144
 143  29]","[ 30  29  63  61  60  56  58  63  59  57  59  68  76  79  77  75  79  85
  89  85  81  80  83  84  90  91  89  86  85  88  89  89  87  85  85  87
  90  90  89  89  88  88  90  92  93  93  93  94  94  98  96  97 104 106
 104 106 104 106 108 113 118 121 126 133 139 136 131 131 134 134 132 130
 123 122 127 138 142 145 163 179 200 216 230 247 251 249 253 250 254 252
 250 251 252 252 252 253 252 251 251 253 254 252 252 254 254 253 254 249
 236 218 197 188 165 142 131 129 125 121 115 110 101 101 101 103 101 101
  98  99  98 100 105 105 100 100 101  95  99  92  89  90  87  80  66  47
  44  60  79  92  97  96  91  87  80  77  74  74  76  76  74  72  70  65
  64  68  73  76  77  77  82  80  79  78  74  68  68  72  72  72  71  71
  72  75  77  77  75  78  79  76  74  80 104 130 149 143 137 144 141 139
 149  25]","[ 29  29  74  70  64  58  61  65  63  62  55  46  48  58  64  63  61  70
  77  74  69  68  73  76  81  82  81  81  85  90  93  92  86  85  86  89
  91  91  90  90  89  89  90  91  91  88  85  83  88  93  94  96 103 102
  99 101 105 104 102 102 101 100 103 110 117 121 119 117 126 137 135 127
 129 125 126 135 135 129 130 133 130 137 141 158 179 202 231 244 250 251
 252 252 252 252 252 252 252 252 253 252 251 252 253 252 253 253 251 253
 254 253 253 251 241 217 196 169 140 131 132 132 123 118 108 109 102 101
  91  89  93  87  90  91  87  88  89  88  88  89  86  87  87  90  88  72
  70  80  90  90  86  92  92  82  76  73  72  75  78  77  73  70  64  63
  64  69  74  75  75  76  80  78  74  69  64  64  69  74  76  74  72  71
  73  77  77  76  75  79  80  82  94 114 135 150 148 145 145 134 140 142
 142  31]","[ 30  27  81  80  81  77  73  68  70  64  64  67  64  65  64  57  59  64
  65  61  57  59  63  66  65  69  77  84  88  87  84  80  79  82  81  81
  83  87  91  89  92  90  91  87  89  87  89  85  87  86  88  91  91  90
  91  91  95  96  96  98  99  94  93 100 103 103  99  92  89  93  99 102
 101 110 119 126 131 136 138 137 135 130 126 124 123 126 132 139 151 183
 209 222 238 248 250 250 253 250 254 253 252 253 253 253 252 253 252 253
 252 250 253 253 255 254 253 254 253 236 204 180 159 139 130 119 114 109
 107 107  96  96  95  93  87  83  81  84  82  90  86  90  95  91  92  91
  92  92  89  87  87  87  82  76  70  72  74  75  77  78  72  60  54  57
  59  63  66  66  68  72  72  65  59  61  65  69  72  74  76  76  76  74
  75  76  75  77  82  83  79  97 126 138 142 147 144 143 142 140 141 145
 145  29]","[ 30  30  86  87  90  90  89  86  77  73  76  81  79  77  72  64  64  67
  66  61  59  60  60  57  60  65  66  62  61  66  70  70  73  75  76  78
  78  78  85  89  88  86  85  85  89  91  91  89  88  86  88  89  88  88
  89  89  92  95  96  96  96  93  90  93  93  95  95  94  95  98 101 101
  96  99 102 104 106 111 117 121 131 129 132 135 132 123 120 123 125 130
 132 135 145 159 183 208 219 235 244 249 251 251 253 249 252 252 250 252
 253 252 253 252 250 253 254 254 255 254 252 251 245 233 221 191 160 138
 129 127 112 107 104  99  88  86  77  81  85  90  92  93  97  97  99  93
  94  94  91  85  79  76  74  73  74  74  76  76  75  73  65  56  54  54
  55  58  62  62  65  71  70  67  66  70  74  75  73  71  72  74  79  82
  82  79  77  84  82  85 101 129 144 142 143 142 142 141 141 141 141 145
 145  29]","[ 28  28  83  85  89  90  91  90  78  80  87  90  84  79  77  74  68  67
  64  60  62  65  63  57  63  66  65  59  57  61  64  64  63  65  65  70
  75  76  79  77  84  85  80  80  83  86  86  89  86  84  85  87  86  87
  89  89  86  91  91  89  90  90  88  86  88  90  92  93  97 100 100  97
  90  92  94  96  97  98 100 103 109 112 119 126 126 123 124 128 132 131
 128 129 133 129 125 128 133 146 163 186 195 210 241 250 253 253 251 251
 252 252 252 251 252 252 249 249 253 254 253 252 253 252 254 249 244 230
 209 188 168 144 124 116 113 122 109 107 100  95  97  98  96  92  99 102
 100  96  90  82  74  69  71  74  75  74  76  76  73  67  61  55  56  55
  55  59  63  65  68  73  73  73  72  74  77  78  75  72  73  77  81  79
  81  83  80  80  91 111 136 150 147 141 142 140 141 141 142 143 143 146
 145  29]","[ 29  28  81  81  85  86  88  86  88  84  84  86  87  86  83  78  79  77
  72  70  75  82  80  74  71  69  68  68  68  66  62  59  54  62  64  63
  63  64  65  59  65  70  67  68  69  73  76  86  87  84  83  83  83  84
  86  85  82  85  85  84  85  87  86  83  85  85  86  89  93  95  92  87
  82  85  91  98  98  95  92  91 101 101  96  89  88  95 105 111 120 126
 129 128 131 134 134 135 134 137 130 132 132 129 142 155 173 185 196 213
 232 243 251 252 253 254 254 252 251 250 251 253 250 252 253 252 252 250
 246 238 231 223 212 195 165 143 124 118 123 110  98 105 106 101 101 100
 100  93  83  75  71  71  73  74  72  72  74  73  69  64  61  57  59  61
  61  64  69  72  73  76  76  77  76  74  75  77  76  73  73  77  81  80
  84  91  92  95 114 141 154 148 142 139 138 140 143 144 145 145 144 145
 144  29]","[ 30  28  81  82  86  88  90  88  87  83  80  81  83  84  83  80  81  78
  73  73  78  84  82  77  80  76  72  71  71  69  65  62  62  64  62  62
  64  65  62  53  51  59  59  61  61  62  61  69  75  72  71  73  76  81
  83  82  80  81  82  83  84  86  86  83  79  79  80  83  87  87  82  77
  80  81  86  92  94  92  89  89  88  93  95  93  92  95  98  99 103 101
 100 102 106 110 115 120 128 124 130 134 131 131 128 119 129 132 128 132
 146 162 179 191 209 221 236 247 252 252 251 252 252 251 247 243 245 241
 239 233 231 230 230 231 216 195 201 203 200 174 125 110 100  98  98  94
  88  83  74  68  68  71  72  69  68  70  72  70  65  64  64  61  64  68
  69  68  72  75  76  75  75  78  79  77  76  77  77  75  76  75  80  86
  91  96 105 122 137 144 147 144 143 140 138 142 144 144 145 145 144 145
 144  30]","[ 28  28  82  83  88  90  90  88  86  87  88  87  86  85  86  88  81  78
  76  77  82  84  82  78  81  81  79  74  72  74  75  73  73  66  61  70
  78  75  65  52  56  60  62  64  62  56  48  49  53  52  54  59  64  71
  76  76  74  74  79  83  85  87  89  88  80  78  76  77  79  80  79  76
  80  80  82  86  87  86  86  87  92  92  94  95  93  91  92  95  98  97
  97  95  90  87  93 101 101 105 113 121 132 136 134 138 132 136 131 129
 129 124 124 129 130 136 149 171 195 213 222 228 233 237 242 245 246 237
 235 235 225 227 230 235 225 208 236 246 240 196 136 117 104  97  92  88
  77  77  73  68  68  70  69  65  65  68  71  69  67  69  72  71  72  76
  75  72  74  76  76  76  77  80  81  79  79  80  81  80  81  78  81  87
  98 109 123 140 147 137 141 144 141 142 144 144 142 142 143 144 143 144
 144  30]","[ 29  30  86  87  90  90  90  88  89  86  82  83  88  88  85  83  81  78
  77  80  83  83  81  80  77  80  80  78  76  78  80  80  83  83  84  91
  90  81  75  71  66  67  69  69  66  58  54  52  50  50  52  53  55  60
  64  63  65  66  71  75  76  81  85  84  80  78  76  76  77  79  79  78
  78  80  82  83  82  79  79  80  85  84  86  90  89  85  85  87  96  94
  93  95  96  97  95  92  97  89  88  90  84  84  94 100 114 124 128 134
 138 128 121 123 122 118 113 111 114 116 118 122 147 160 176 193 208 207
 212 216 217 225 230 232 226 222 242 238 216 153 110 103  99  91  85  79
  74  75  74  71  70  70  68  66  67  68  71  72  71  73  77  78  77  80
  80  78  78  77  78  80  83  83  82  81  81  83  85  85  83  85  91  99
 116 132 140 147 145 137 143 143 139 145 148 145 143 142 143 144 144 144
 144  29]","[ 29  31  87  88  90  88  88  87  90  86  80  80  85  86  84  83  83  79
  78  81  83  82  81  81  80  79  79  81  80  78  79  81  79  84  85  87
  85  83  85  86  83  80  82  77  74  67  69  71  56  57  58  57  55  57
  60  60  60  60  63  63  63  69  75  74  69  72  76  80  81  80  78  76
  79  83  85  84  80  76  75  77  79  80  81  82  84  87  90  91  92  89
  90  91  89  88  91  94  95  97  89  88  86  85  93  90  89  93  90  95
 102 101 106 116 118 115 112 112 115 115 114 116 113 117 118 123 134 136
 150 160 172 196 214 222 226 234 228 195 154 103 103 103  96  85  80  75
  75  73  71  70  70  69  68  67  72  71  73  75  73  72  75  77  77  79
  81  82  82  78  78  83  86  85  83  83  85  86  85  84  83  89 104 121
 135 139 136 138 141 139 142 142 146 148 144 146 146 145 145 146 145 145
 143  29]","[ 28  31  86  87  91  88  88  87  86  88  85  79  84  88  82  83  83  83
  81  83  83  80  81  81  81  77  81  81  79  81  78  76  75  78  81  80
  76  75  78  80  75  77  81  87  93  95  88  79  75  74  71  66  61  58
  58  59  56  55  55  58  62  63  63  63  59  53  60  69  65  62  71  81
  85  88  87  84  76  71  73  72  72  72  75  76  80  82  89  91  88  88
  87  82  81  85  87  89  91  89  88  86  85  87  90  94  92  90  88  88
  89  91  96 100 104 105 107 107 108 109 114 117 117 112 119 114 106 107
 120 117 117 134 159 169 185 205 180 132 104 103  99  91  83  77  76  77
  73  73  73  70  65  63  68  74  76  75  73  75  77  75  74  76  77  77
  81  84  81  80  82  84  88  85  91  83  83  85  83  86  82 101 128 142
 140 136 140 143 141 143 145 145 145 146 146 146 144 143 144 148 146 145
 145  28]","[ 28  29  84  81  86  88  92  91  90  89  88  85  88  88  81  82  89  91
  88  86  83  81  83  82  77  74  79  81  81  83  78  74  80  78  77  77
  76  76  76  75  76  75  75  77  81  82  81  78  79  80  81  80  78  74
  69  67  66  67  66  63  62  63  63  63  57  50  49  47  44  48  56  58
  50  53  61  71  68  61  63  65  66  67  68  68  76  76  80  85  90  86
  82  79  80  83  84  85  89  88  87  88  88  86  86  88  90  86  85  86
  86  86  90  96  89  92  94  93  92  95 101 107 105 101 112 117 115 112
 114 106 117 108 119 132 137 133 116 100  97  95  90  83  77  74  73  73
  72  67  64  63  59  55  60  69  73  75  77  79  80  76  75  78  80  82
  85  87  83  80  81  84  88  91  88  81  88  87  87  92 110 136 147 140
 138 140 140 141 144 143 143 143 144 146 146 145 144 144 145 148 146 146
 147  30]","[ 31  28  89  82  87  91  94  91  88  86  90  91  88  87  85  88  92  93
  89  86  82  80  83  83  82  79  82  84  84  84  79  75  80  80  80  78
  76  74  75  76  81  79  79  81  81  80  80  80  82  82  81  83  83  82
  79  76  79  77  73  69  69  71  69  64  65  66  66  58  48  49  55  56
  52  46  46  55  52  43  48  57  67  71  66  57  64  67  74  83  86  83
  80  80  80  79  78  79  82  82  83  84  85  86  87  86  86  85  86  87
  87  86  87  89  90  91  90  88  89  93  96  97  87  84  92 102 108 108
 109 105 106 102 106 108 107 104  97  92  88  86  80  75  74  74  74  73
  69  63  60  60  59  57  62  70  72  73  75  76  77  76  78  82  83  86
  89  89  85  82  83  85  86  83  81  84  87  80  96 120 136 147 145 136
 138 140 140 142 142 142 141 142 144 146 148 148 147 146 146 148 146 146
 146  28]","[ 28  29 110 105 104 102 101  99  91  90  94  94  87  85  89  92  98  96
  92  92  91  87  88  89  86  85  86  86  84  83  81  79  77  81  83  82
  78  75  76  79  80  81  82  82  81  80  79  80  81  79  76  77  79  82
  82  81  82  79  75  73  76  78  76  72  80  79  80  78  73  69  67  64
  65  56  52  57  52  42  44  49  48  51  50  44  46  45  51  58  65  70
  75  80  80  79  81  82  82  84  82  79  80  84  85  83  84  85  86  85
  86  88  88  86  90  90  87  85  88  92  91  87  86  82  81  81  83  83
  86  88  97  99 102 102  97  88  81  80  82  80  76  72  72  74  73  71
  63  62  61  60  62  66  69  71  72  72  71  72  77  79  80  82  85  87
  88  87  87  86  85  86  87  79  83  86  84  91 122 144 151 144 142 143
 141 141 143 143 141 142 144 145 146 147 149 151 148 146 144 147 147 147
 147  28]","[ 28  30 129 123 117 113 118 126 113 111 111 108  98  96 100  96 100  99
  95  95  94  91  88  83  87  91  92  91  87  83  80  79  80  82  82  83
  85  83  78  77  78  79  78  76  76  78  80  80  80  78  76  77  79  82
  83  83  79  76  75  75  76  77  80  82  83  81  81  82  80  77  75  75
  72  69  67  71  67  60  57  53  51  44  47  49  48  44  49  52  46  55
  61  65  65  66  72  73  71  71  71  72  74  76  78  79  82  80  78  79
  82  83  85  86  86  87  87  85  85  88  88  85  84  85  83  81  81  84
  86  88  83  87  89  92  90  82  76  77  77  76  73  70  69  68  66  63
  59  59  58  58  60  64  67  67  71  73  73  75  80  83  82  81  87  88
  85  84  87  88  87  87  89  89  95  88  99 130 147 145 143 142 142 142
 139 140 142 141 145 145 145 147 148 148 147 148 145 143 141 145 148 151
 150  30]","[ 30  29 142 139 135 133 136 142 129 127 124 121 115 115 115 105 109 112
 108 105 103 100  94  83  85  90  92  94  94  88  84  81  86  86  83  85
  90  88  80  77  79  81  80  77  77  81  84  84  82  80  77  76  77  80
  82  84  81  77  74  75  76  76  79  84  80  83  83  79  76  75  76  76
  78  78  78  80  78  76  73  65  60  54  55  53  53  57  60  49  51  56
  53  53  54  55  62  60  56  52  56  67  72  71  73  80  72  67  69  76
  78  75  74  78  82  82  80  79  80  83  82  79  80  81  80  82  82  84
  81  78  80  84  79  74  73  73  71  66  69  68  67  67  66  64  61  59
  60  57  55  56  58  60  64  68  73  75  75  75  78  81  82  82  88  89
  84  81  86  89  87  87  90  93 102 105 131 150 145 142 140 146 144 141
 147 147 145 149 146 143 142 145 149 149 146 143 145 143 142 146 148 151
 151  29]","[ 29  29 155 158 158 155 147 144 145 145 142 141 138 138 139 131 121 125
 124 123 119 113 108 101  96  97  93  96 102  99  94  89  89  90  87  86
  89  87  83  83  82  84  84  83  83  85  87  88  86  83  78  75  75  77
  81  83  83  79  76  76  77  77  77  78  81  81  77  74  76  77  73  68
  71  74  77  82  81  79  77  70  69  73  76  71  74  79  76  58  58  60
  53  53  52  51  56  53  50  43  42  51  56  53  54  59  56  55  59  66
  67  63  61  64  76  74  73  76  81  84  82  79  77  74  72  77  78  83
  80  78  81  76  67  68  68  66  68  67  63  62  62  65  65  63  62  62
  62  60  58  57  59  62  69  75  77  78  75  73  77  82  83  84  87  90
  85  81  85  88  88  90  91  99 114 129 148 144 137 144 144 147 142 140
 146 146 143 146 145 142 141 144 148 148 146 144 148 147 146 148 148 150
 149  29]","[ 29  29 158 155 154 155 152 152 151 154 152 150 144 142 146 143 138 139
 141 147 143 132 129 131 132 125 109 107 112 108 101  93  89  91  86  83
  88  87  84  87  90  89  88  88  87  88  91  95  89  86  82  79  78  80
  81  81  78  81  82  80  77  74  74  75  77  78  75  74  74  73  72  74
  75  75  76  79  77  75  76  74  74  76  79  78  82  80  80  77  75  76
  70  71  66  58  60  58  59  50  43  43  46  47  48  48  44  49  52  51
  50  52  54  54  56  58  62  68  73  75  76  76  73  67  65  72  71  76
  76  77  75  69  62  65  65  63  66  63  63  60  61  64  66  64  63  64
  64  66  64  59  59  67  74  77  79  79  76  76  83  88  86  82  84  90
  87  81  85  88  90  94  94 115 136 143 144 140 143 143 144 147 149 146
 142 147 150 147 147 145 145 147 147 145 146 147 148 148 148 150 149 150
 150  30]","[ 28  30 137 143 146 154 149 151 155 156 157 153 153 151 154 154 161 156
 153 150 142 143 141 147 157 147 127 129 133 123 122 119 108 112 108  98
 103 105  96 101 100  90  96  95  90  91  88  89  87  87  87  82  81  82
  81  83  80  82  78  82  82  76  68  76  76  79  78  78  77  76  75  77
  73  77  76  79  81  79  78  76  77  74  76  80  80  81  82  79  77  74
  71  71  72  71  68  66  70  72  66  54  50  53  51  46  43  47  53  48
  42  43  46  48  50  50  54  51  55  63  63  62  63  63  66  72  75  74
  72  71  65  62  59  58  57  57  59  61  63  58  61  67  66  64  64  64
  64  64  63  62  66  72  75  75  75  76  76  79  86  89  86  84  85  88
  87  86  90  95 102 111 122 137 146 145 143 144 144 144 146 146 145 145
 146 147 146 145 146 148 148 147 146 146 147 147 147 147 150 150 149 149
 151  29]","[ 32  27 117 120 123 133 126 140 157 154 152 147 146 144 152 158 166 162
 163 156 145 145 146 149 150 155 150 146 141 138 145 148 142 141 131 123
 127 127 120 120 112 104 107 103  96  97  95  98  93  93  90  82  82  86
  87  89  79  81  83  88  86  82  76  76  80  81  79  77  78  78  76  75
  75  79  79  82  83  79  78  77  75  72  74  76  77  78  79  77  76  74
  72  72  73  74  75  76  83  82  78  72  68  67  63  58  49  49  52  46
  39  39  40  42  46  44  46  44  44  46  44  45  51  54  59  63  62  58
  58  61  53  55  55  52  48  48  54  59  60  57  59  64  65  64  65  66
  66  68  68  68  70  74  75  73  73  74  75  80  88  92  90  88  86  88
  89  92  96 101 118 138 138 145 148 146 145 145 146 147 146 146 146 145
 146 146 145 143 145 147 147 147 146 147 147 147 147 146 149 148 148 148
 151  29]","[ 30  24 124 123 123 124 115 121 130 125 125 127 132 132 137 140 140 142
 152 152 146 146 152 155 154 154 154 153 154 157 158 154 154 152 145 145
 151 151 147 142 138 130 127 119 114 115 112 112 112 113 108  96  93  97
  98 101  95  88  88  89  87  81  80  78  81  83  81  76  78  79  79  77
  76  81  80  78  78  76  77  74  78  76  76  78  76  76  76  74  73  72
  71  70  70  70  73  76  75  71  68  68  69  71  72  73  70  70  74  73
  68  64  59  58  51  46  45  44  41  39  37  40  38  38  41  44  45  42
  41  42  39  44  46  44  40  42  50  58  56  55  56  60  63  63  63  66
  67  73  78  78  76  75  73  71  75  76  77  81  85  87  86  87  83  90
  90  88 102 126 141 145 144 145 145 147 148 147 145 147 148 148 148 147
 148 148 146 145 144 145 146 146 146 146 146 146 147 145 147 146 146 147
 150  28]","[ 30  30 161 160 158 153 153 142 140 133 129 127 130 129 130 128 122 122
 126 123 126 125 135 145 148 145 153 158 158 160 160 162 159 159 156 161
 161 156 154 146 150 146 145 143 146 148 139 134 135 137 135 123 116 116
 114 117 115 105 104 105 106  95  89  85  92  93  90  83  85  85  82  75
  83  80  79  82  83  74  75  78  75  76  78  80  78  76  75  74  72  70
  69  67  66  66  68  71  73  68  64  64  66  68  73  77  69  68  75  80
  78  74  67  63  57  53  52  52  50  45  41  42  42  39  38  41  43  41
  37  34  31  31  32  33  32  34  41  49  54  57  58  60  63  63  63  69
  70  76  81  79  75  72  73  74  79  82  83  84  84  82  84  89  93  90
  93 107 130 146 150 148 145 145 145 148 152 150 147 148 150 150 150 149
 149 149 149 149 145 146 146 145 146 146 146 145 147 145 147 146 145 146
 150  28]","[ 28  27 168 167 167 165 172 164 150 149 150 146 147 147 148 146 128 134
 131 123 129 123 120 123 119 119 134 142 139 139 140 148 156 157 157 162
 159 156 160 157 157 156 153 151 157 159 152 148 155 152 147 138 134 134
 133 136 129 122 114 112 122 119 115 113 107 105 101  93  98  98  93  83
  77  80  81  82  86  81  82  81  80  82  83  82  80  76  74  75  76  73
  70  68  67  68  70  72  71  70  68  65  64  63  64  66  65  61  66  71
  72  71  67  66  65  65  65  67  66  61  55  50  46  44  43  45  45  39
  32  29  32  29  28  29  29  29  34  42  54  60  62  63  65  65  67  73
  74  76  76  73  72  74  79  82  83  85  87  89  88  86  88  94  95  96
 110 133 145 145 145 149 152 153 152 152 153 153 151 151 152 151 150 148
 147 149 150 151 149 148 147 146 146 146 146 146 146 146 148 147 146 146
 150  29]","[ 30  30 160 161 162 161 161 165 162 164 165 161 162 160 159 154 164 172
 159 142 145 143 136 131 128 117 112 109 110 116 119 123 134 135 136 138
 140 145 155 160 158 162 158 155 162 165 164 168 159 158 159 160 163 159
 149 146 153 155 148 141 147 143 130 122 131 128 120 104 105 102 102  97
  93  96  96  89  93  88  91  87  86  87  84  82  80  76  75  77  84  79
  73  70  70  71  72  73  72  73  73  71  68  68  68  69  66  61  63  66
  67  67  65  65  65  66  64  65  66  65  63  58  53  51  52  56  57  51
  43  38  39  35  33  34  33  32  37  44  51  58  63  65  65  66  69  74
  75  73  72  74  79  84  86  85  87  86  87  90  92  90  91  95 100 118
 139 147 144 144 147 148 150 154 155 154 153 151 149 148 152 152 150 147
 146 148 150 151 152 150 149 148 147 147 147 149 147 147 150 149 147 147
 150  29]","[ 29  30 161 162 162 161 158 161 164 162 160 155 157 157 159 158 158 168
 162 159 163 167 163 155 154 151 149 146 145 143 137 135 127 123 120 116
 117 120 121 123 128 137 137 140 150 151 152 158 164 162 160 159 164 167
 165 166 161 163 158 154 154 155 150 148 143 141 137 125 128 127 131 129
 123 115 113 112 110  91  93  98  90  89  85  83  84  83  81  83  87  82
  77  75  76  75  73  71  74  74  73  71  69  69  71  73  68  64  65  65
  65  66  64  63  66  67  63  63  64  64  67  65  54  52  53  58  62  60
  56  54  48  45  40  38  38  39  42  45  48  54  61  64  64  66  70  72
  73  72  74  79  86  90  89  86  88  86  87  91  94  94  98 105 118 129
 144 148 142 140 144 145 145 150 153 153 151 147 145 145 150 150 150 147
 146 147 149 151 153 152 151 150 149 147 148 150 150 148 150 149 149 149
 151  29]","[ 29  28 168 163 160 159 163 157 160 161 165 161 159 154 157 159 161 161
 156 160 158 162 163 157 157 160 161 163 166 161 158 160 158 151 146 139
 139 136 123 118 121 124 114 110 116 116 116 124 139 145 151 152 156 160
 160 162 162 161 162 167 161 161 161 165 163 159 158 153 162 157 150 137
 134 139 144 137 137 126 126 123 107 104  98  95  96  93  88  87  87  83
  81  82  83  81  77  73  74  72  72  73  73  72  72  75  71  67  67  65
  64  66  66  66  63  65  62  64  63  59  61  59  51  52  55  57  57  57
  61  66  62  57  49  44  44  48  48  45  49  53  61  65  64  67  72  71
  73  74  77  81  84  87  88  89  85  86  88  93  97 101 112 126 139 140
 145 148 145 144 146 145 149 152 152 151 148 144 145 148 147 148 149 147
 147 147 149 150 152 151 151 151 149 147 148 150 152 149 149 149 150 151
 152  29]","[ 29  30 171 169 170 165 165 165 164 161 162 164 166 161 155 161 162 156
 155 159 159 158 159 161 159 158 159 160 160 159 159 160 157 156 153 150
 152 157 157 154 145 142 131 127 133 130 123 125 129 123 119 119 118 116
 120 127 131 138 143 147 150 150 151 156 154 168 172 171 164 162 160 164
 166 163 162 162 163 162 154 144 140 137 132 125 118 109  97  88  81  89
  87  83  89  89  82  80  78  74  74  77  75  73  74  76  72  67  65  65
  64  65  67  68  61  59  63  64  59  58  60  57  51  49  56  58  52  59
  68  64  65  66  71  75  71  63  56  51  51  56  58  59  65  67  68  71
  77  78  80  82  85  87  88  89  86  86  93  98 101 117 136 142 144 150
 152 150 148 147 148 151 152 154 155 152 149 148 149 150 148 148 147 147
 147 148 149 150 151 152 153 153 152 149 149 150 152 149 149 148 149 147
 148  28]","[ 29  30 174 175 180 176 173 171 170 167 166 164 168 169 166 170 160 157
 157 159 160 161 162 161 162 162 161 162 162 161 161 161 160 160 158 154
 153 156 160 162 159 161 159 158 160 154 144 140 139 135 134 136 133 126
 121 121 116 117 117 121 126 127 127 128 134 142 149 159 164 168 169 171
 172 176 180 178 169 162 160 158 161 158 150 140 137 136 128 116 111 111
 103  98 100  97  88  83  76  81  84  81  79  79  77  74  72  68  68  71
  73  72  70  67  68  65  66  64  57  57  60  59  58  56  59  62  66  81
  93  92  95  97  99  98  90  80  68  57  53  55  56  58  65  68  70  74
  81  82  83  82  84  86  88  89  89  87  95 108 122 137 146 145 150 153
 153 154 156 158 157 157 155 156 156 155 153 154 154 153 150 150 149 148
 148 149 149 149 152 152 152 152 151 151 150 150 152 149 148 148 150 150
 151  30]","[ 29  30 177 178 183 179 176 173 175 174 173 169 173 178 175 175 166 167
 169 170 171 173 170 163 164 165 165 164 164 165 165 163 162 161 160 158
 155 154 157 161 153 155 156 158 161 163 163 162 156 151 148 149 150 148
 146 148 144 139 135 131 127 124 123 121 115 114 116 117 124 133 142 145
 146 153 163 169 168 165 163 161 166 168 163 151 143 142 141 138 126 124
 121 118 114 105  95  90  90  96  94  88  87  87  84  82  87  80  74  72
  72  73  73  72  73  71  71  68  61  61  64  65  64  63  63  67  79  99
 110 109 104 107 110 106 100  93  81  67  61  59  56  59  65  69  72  77
  80  85  87  85  82  83  87  89  94 100 112 126 138 146 151 152 154 156
 155 155 159 161 159 158 158 159 158 157 158 158 157 155 152 152 152 152
 153 153 153 152 153 154 153 151 151 153 152 151 152 150 149 147 149 151
 152  29]","[ 29  30 180 179 179 176 175 176 178 180 178 173 174 178 178 177 174 175
 176 177 178 180 176 168 170 171 170 168 169 171 169 166 163 163 163 162
 162 160 158 156 154 155 158 158 156 158 159 155 152 149 149 153 155 154
 153 153 151 146 144 144 141 142 146 146 138 136 132 119 115 114 115 105
 106 107 113 124 137 148 152 149 152 154 156 156 154 150 145 143 141 134
 130 128 121 113 110 109 115 113 106 102 104 100  95  97  95  91  89  86
  81  76  74  72  71  72  73  71  65  63  65  64  65  66  66  72  87 103
 110 111 112 113 114 111 107 103  93  81  69  62  57  59  64  68  72  77
  79  83  84  82  82  88  96 101 104 121 137 145 149 151 155 161 158 161
 161 159 160 161 160 160 160 160 160 159 159 159 157 154 153 153 153 154
 155 155 154 153 154 155 154 152 151 153 154 152 152 151 150 147 148 150
 152  28]","[ 29  30 182 181 180 178 179 181 181 182 179 174 171 174 179 180 179 177
 176 176 178 180 180 175 176 177 176 175 175 176 174 171 167 169 169 167
 168 169 166 161 157 157 161 162 159 161 161 155 149 150 152 156 157 155
 152 150 153 147 145 146 145 147 150 148 146 146 147 141 141 139 134 119
 127 126 125 123 125 130 128 121 122 128 134 135 132 131 135 141 139 128
 125 127 122 117 115 114 116 113 109 109 111 104  98 102 105 100  97  94
  88  84  82  81  74  75  77  76  72  68  66  65  65  67  69  78  92 103
 110 115 118 116 114 111 108 105  99  90  74  65  59  61  64  67  71  75
  79  81  84  88  93  98 104 107 117 135 147 152 156 158 159 161 160 163
 163 161 161 161 160 161 160 162 162 161 160 159 157 154 153 153 153 153
 153 152 149 147 151 154 155 153 151 153 154 153 152 152 152 149 150 152
 153  30]","[ 29  28 182 182 181 181 180 180 180 181 179 178 174 175 181 181 180 178
 178 180 180 180 179 175 175 177 178 178 179 180 179 177 174 177 175 169
 167 169 170 168 169 166 166 164 160 161 161 158 156 155 156 156 156 154
 153 153 152 150 150 150 148 148 149 148 148 148 151 152 154 153 152 148
 143 146 147 143 138 135 130 121 125 122 114 109 111 117 117 114 116 112
 115 121 119 116 116 116 113 115 114 114 115 112 110 113 107 103 101 102
 100  96  89  83  80  81  82  81  80  78  75  73  70  70  72  81  92 102
 111 120 125 120 116 113 110 107 103  98  83  73  66  66  66  68  71  73
  75  80  89  96 101 106 113 120 140 149 151 151 156 160 160 160 165 166
 163 161 162 162 159 157 159 161 163 161 160 158 157 156 153 152 152 152
 151 150 149 148 150 153 155 153 152 152 154 154 155 154 154 152 152 152
 152  29]","[ 29  27 183 182 180 180 178 178 180 181 181 182 180 181 184 179 178 178
 180 181 180 178 176 172 173 175 177 180 181 181 180 179 178 180 178 172
 169 169 171 172 172 171 172 173 171 170 170 168 168 168 168 167 165 163
 161 158 152 155 156 155 152 149 148 150 145 149 151 153 152 151 150 153
 149 149 149 148 146 146 145 142 137 139 137 132 129 127 123 118 115 113
 113 112 108 107 112 117 114 113 112 112 114 116 116 117 113 106 100 100
 100  99  97  93  85  84  83  84  86  85  82  80  77  76  77  82  90  99
 109 116 121 117 113 110 106 103  99  94  87  77  72  70  68  69  72  72
  75  79  87  99 108 119 134 148 160 161 160 158 159 162 165 167 172 172
 168 166 166 165 161 159 159 161 163 161 159 159 158 156 155 154 153 152
 152 152 152 152 152 154 155 154 153 152 153 155 156 153 153 152 153 152
 151  28]","[ 29  29 186 185 180 179 179 182 184 184 181 181 181 185 188 179 180 181
 181 179 177 179 180 177 176 177 179 182 181 179 177 177 179 179 178 177
 176 175 175 175 174 173 173 174 173 173 173 175 175 174 172 170 171 171
 171 170 165 166 165 164 165 161 155 155 155 158 153 150 149 154 151 152
 149 146 147 149 147 145 145 145 143 143 144 147 148 146 145 146 148 144
 138 131 123 118 117 117 120 113 110 115 119 120 118 115 107 104 104 106
 105 103 100  96  92  90  88  89  92  91  86  83  82  81  82  85  90  98
 106 108 110 109 108 107 104 102  99  94  83  75  70  69  67  69  73  73
  81  81  90 109 126 136 145 152 158 159 161 164 166 166 168 171 171 172
 171 168 167 166 164 163 160 162 163 162 160 159 158 157 157 156 154 152
 151 151 153 154 156 156 155 155 154 153 153 154 155 150 149 151 155 154
 153  30]","[ 29  29 185 185 182 181 181 182 186 186 186 185 185 185 184 182 181 182
 183 182 180 180 179 178 178 180 181 182 182 181 179 177 178 179 180 179
 177 177 178 179 176 175 175 175 175 175 174 174 175 176 177 175 174 173
 173 172 171 172 171 171 170 167 165 168 169 167 160 156 157 152 150 157
 155 152 149 147 146 145 145 145 144 145 147 147 146 146 146 146 152 153
 151 147 145 145 143 140 140 138 133 129 127 126 118 110 101 101 103 106
 109 107 102  98  94  99  94  90  94  95  92  92  91  89  87  87  89  93
  96  99  96 103 106 104 104 102  98  94  87  71  66  63  59  69  72  81
  87  93 108 128 143 146 148 155 158 162 166 167 168 170 171 170 171 171
 171 170 169 169 168 166 166 164 162 162 162 161 159 157 158 157 155 153
 154 153 151 151 151 153 155 155 154 154 155 156 157 152 148 150 156 156
 155  28]","[ 30  30 185 185 182 183 185 187 190 189 187 184 183 183 182 181 183 184
 183 181 180 180 181 181 179 180 181 181 182 183 182 181 180 180 179 179
 179 179 180 180 177 177 178 177 177 176 176 176 177 177 177 177 177 176
 174 172 173 174 173 173 173 171 170 171 170 171 167 165 169 167 161 160
 160 159 157 154 150 147 146 147 145 145 146 147 147 145 146 148 149 149
 147 145 145 145 144 142 136 138 140 140 142 144 143 141 137 130 121 117
 117 114 109 104 106 112 109 103 102 100  97  99  95  99  99  95  94  97
  94  87  87  92  97 101 104 105 103 100  94  75  62  60  59  71  80  85
 100 110 123 137 149 153 154 160 164 168 170 170 171 172 173 172 172 172
 171 170 170 171 169 167 167 165 164 163 163 161 159 157 158 159 158 156
 155 153 151 151 152 153 155 155 155 155 155 156 156 153 151 153 158 157
 155  28]","[ 29  30 186 186 183 184 187 189 190 189 187 184 183 183 182 181 182 184
 185 185 184 182 181 181 184 184 183 183 184 185 185 184 183 181 179 178
 179 180 180 180 178 179 180 180 179 178 178 178 179 177 177 178 179 177
 174 171 173 174 174 174 173 173 173 172 171 175 172 168 170 171 166 164
 164 165 165 163 161 160 161 164 161 158 155 155 151 146 144 146 147 146
 145 145 146 146 146 145 138 139 140 142 143 144 145 145 149 144 139 138
 139 139 136 133 133 137 130 120 113 107 103 103 106 109 108 103 100 101
  98  92  93  92  97 102 103 105 107 104  97  90  65  61  72  80  87 100
 115 128 138 145 153 156 157 162 168 171 173 173 173 175 175 174 173 172
 171 170 171 172 171 169 169 167 166 165 164 163 160 159 159 160 158 156
 155 153 151 152 153 153 153 154 154 154 154 154 154 154 153 154 157 155
 154  28]","[ 29  29 186 188 186 186 186 187 186 187 187 187 186 186 185 184 183 184
 185 187 187 186 183 182 186 186 186 185 186 187 186 186 185 182 180 179
 179 180 180 180 179 180 180 180 180 180 180 181 180 178 177 179 180 177
 174 171 172 173 174 173 173 174 174 171 171 175 173 169 170 171 169 168
 170 169 168 166 164 164 167 170 170 167 165 164 162 159 157 157 155 154
 154 154 153 151 150 150 143 139 137 140 143 144 143 141 142 142 143 144
 144 142 140 140 144 146 143 141 143 144 141 140 125 122 119 117 113 110
 110 112 112 105 104 106 104 104 108 107 102 102  81  75  84  90  93 111
 127 141 148 150 155 156 157 164 168 171 174 174 175 177 177 176 174 173
 171 171 171 172 172 171 170 169 167 166 165 164 162 161 160 160 157 155
 155 154 153 154 154 154 154 154 154 154 153 153 154 155 153 152 153 152
 153  29]","[ 29  30 186 189 188 188 186 185 185 186 188 188 189 189 188 188 187 185
 183 185 187 187 187 186 184 185 186 186 187 188 188 187 186 184 182 181
 181 182 182 183 182 181 179 179 180 181 182 181 181 180 180 180 180 178
 175 174 174 173 175 175 173 175 175 171 170 170 168 169 173 175 172 169
 173 171 168 167 166 166 167 168 168 169 168 167 168 170 170 169 166 166
 166 166 162 158 155 155 153 147 145 147 151 151 149 147 147 146 146 145
 144 142 142 144 141 141 139 139 143 145 142 139 139 135 134 135 129 120
 118 121 119 109 107 108 104 105 109 111 107 100  96  93  94 106 112 122
 136 147 153 155 158 158 160 168 168 172 174 175 176 178 179 177 175 175
 174 173 172 172 172 172 172 170 168 166 165 164 163 161 161 161 158 157
 158 157 155 155 155 156 156 155 154 153 153 154 155 155 153 152 152 151
 153  30]","[ 29  29 185 187 187 187 186 185 186 187 187 187 187 188 189 189 188 185
 184 186 188 189 188 187 185 186 187 188 189 189 188 186 187 186 185 185
 185 185 186 186 186 183 180 180 181 182 182 182 182 183 183 182 181 180
 179 178 177 174 174 176 175 177 178 173 171 169 168 170 172 173 173 173
 173 171 170 171 172 173 171 170 168 170 170 168 168 170 169 166 164 167
 169 168 165 162 160 159 161 159 157 157 157 155 153 153 151 148 145 145
 146 145 145 146 147 144 140 138 139 142 144 143 140 140 140 139 133 124
 119 118 115 107 105 107 106 106 110 111 109 103 103 102 106 121 123 132
 138 145 152 156 158 158 162 168 171 173 175 175 177 179 179 178 178 178
 178 175 173 172 172 172 172 171 169 167 165 164 163 162 162 162 160 159
 160 158 154 153 155 156 156 155 154 153 153 154 154 155 154 152 153 151
 153  28]","[ 29  29 186 188 186 186 186 186 187 187 187 185 185 187 188 189 187 186
 186 189 190 189 187 186 188 188 188 188 188 188 187 186 187 187 186 186
 187 187 187 187 187 185 182 181 181 182 182 182 183 186 186 184 183 184
 183 181 180 173 173 175 175 178 180 176 176 175 175 175 173 174 176 177
 175 173 171 173 174 174 171 168 167 168 169 169 169 170 168 166 161 164
 166 166 166 165 163 161 162 162 162 162 161 160 159 159 160 157 155 155
 153 149 146 146 151 147 143 141 140 143 145 145 139 139 138 136 132 127
 122 118 116 110 106 108 111 111 111 112 114 119 114 113 123 129 123 132
 138 141 150 156 156 158 162 164 171 173 174 174 176 178 179 179 179 179
 179 177 175 175 174 174 172 171 170 169 168 166 165 164 164 164 162 161
 161 159 155 154 155 155 155 154 154 154 154 154 154 155 154 153 154 153
 154  28]","[ 29  30 188 190 187 186 186 186 187 187 188 187 187 187 189 189 190 187
 187 188 188 187 187 189 187 187 187 187 188 189 188 188 187 186 186 186
 187 187 186 185 186 184 183 181 181 181 182 182 183 187 188 185 184 186
 185 182 182 173 172 175 175 178 181 178 175 174 176 178 178 178 177 172
 175 173 171 173 175 176 174 172 168 169 170 172 172 170 169 168 166 168
 169 168 168 168 165 161 162 161 161 161 161 161 159 157 158 158 159 160
 158 154 154 157 154 152 152 153 153 151 147 140 143 141 140 140 138 133
 127 124 123 117 111 112 116 117 115 115 120 130 130 136 141 142 139 140
 139 141 151 157 157 160 164 161 170 171 172 172 174 178 180 179 178 178
 178 177 177 177 176 175 171 171 171 171 171 169 168 167 167 167 164 161
 160 159 157 158 155 154 154 154 155 155 155 154 157 157 154 153 155 155
 156  31]","[ 31  30 186 187 188 187 188 189 190 188 186 186 188 189 190 190 191 188
 187 189 190 188 187 188 187 185 186 188 189 188 187 187 186 186 186 185
 185 184 183 183 184 184 185 185 185 184 183 183 188 186 183 182 183 184
 183 181 181 179 176 175 177 181 182 180 178 175 175 178 181 181 179 177
 175 175 174 173 176 177 174 168 168 168 170 173 172 172 172 171 173 171
 171 171 170 167 165 164 160 163 164 164 164 164 161 156 159 159 159 159
 159 159 158 158 154 155 154 153 153 154 151 148 146 146 145 142 137 133
 132 132 130 125 119 114 115 117 116 118 121 126 130 134 141 147 146 145
 143 145 151 156 158 159 161 165 168 171 173 173 175 179 181 179 179 179
 179 177 174 175 176 175 175 173 171 171 172 172 171 170 168 168 166 162
 160 161 160 159 158 159 159 158 158 157 157 157 159 157 154 154 155 155
 157  30]","[ 30  29 184 182 185 185 188 190 189 188 187 187 188 189 190 190 188 187
 188 190 190 188 186 186 188 186 185 187 189 189 188 187 186 186 187 186
 185 184 184 184 183 185 186 186 186 186 186 186 187 182 179 180 182 182
 182 183 181 180 178 179 181 182 182 181 180 178 177 179 181 181 180 180
 179 178 176 175 177 180 179 177 172 170 171 172 171 171 172 171 173 172
 171 172 171 170 168 168 166 165 164 163 164 165 163 159 157 159 160 158
 156 155 157 159 157 157 156 155 155 154 152 150 148 148 147 145 141 139
 137 137 134 128 123 117 116 118 119 121 124 131 136 139 145 147 145 144
 144 146 151 155 156 157 161 165 170 173 174 174 176 179 180 179 180 178
 178 178 177 177 178 176 178 176 172 170 170 172 172 170 170 170 168 165
 162 161 161 161 160 160 159 158 158 158 158 159 158 156 154 153 153 154
 155  29]","[ 30  28 183 182 185 186 189 190 189 188 188 188 188 189 191 191 188 189
 190 191 192 191 189 188 189 186 185 186 188 189 188 187 186 187 187 187
 186 184 184 184 182 185 187 187 186 187 188 188 187 182 179 181 182 180
 180 182 183 183 183 184 185 184 183 182 181 181 181 181 181 180 179 179
 178 176 174 174 176 178 180 180 177 174 173 173 173 173 175 174 174 173
 172 172 173 173 172 172 172 167 162 162 164 166 164 162 155 157 159 159
 157 156 157 159 158 157 156 155 154 152 151 152 152 152 150 148 145 143
 141 139 137 130 128 122 116 118 119 120 127 135 138 139 145 147 145 147
 146 148 151 154 156 158 162 167 171 174 176 175 176 179 180 179 180 178
 178 179 178 179 178 175 177 176 172 168 168 170 171 169 170 170 168 166
 163 160 160 161 162 161 159 158 158 158 159 159 156 155 154 153 153 153
 155  29]","[ 30  29 185 185 189 188 187 186 187 187 187 187 188 189 190 191 190 191
 192 191 191 192 191 190 188 187 186 186 187 189 189 189 188 188 188 187
 186 185 184 183 182 186 188 187 186 187 187 186 188 184 183 184 183 181
 180 182 181 183 184 183 183 183 181 179 179 180 182 183 181 179 177 176
 178 177 176 177 178 178 179 180 180 176 174 175 175 176 178 177 176 174
 173 173 174 175 175 174 175 169 163 163 166 167 166 165 158 159 161 163
 165 164 161 159 158 155 154 153 153 151 151 152 154 153 151 149 148 147
 145 143 138 132 133 128 119 118 119 118 123 131 134 136 144 147 146 148
 148 149 151 154 157 160 165 169 171 173 175 175 175 177 179 179 179 178
 179 179 178 179 177 174 173 174 172 169 169 171 170 167 170 168 167 166
 164 161 161 162 163 161 159 159 159 159 158 157 154 155 155 155 155 155
 157  30]","[ 29  29 187 188 191 188 186 183 185 186 186 186 186 187 188 190 190 191
 191 190 190 190 190 188 188 188 188 188 188 189 190 190 191 190 189 188
 188 187 184 182 182 186 188 188 187 187 187 186 186 186 186 184 183 182
 182 183 182 186 186 182 180 182 182 179 177 179 182 182 180 179 178 178
 180 178 177 178 177 176 176 178 179 175 174 175 176 177 178 177 176 175
 174 174 174 175 175 174 175 170 166 166 169 170 169 168 164 165 166 169
 169 168 164 162 160 157 154 155 155 154 154 155 152 152 151 149 150 151
 150 147 141 138 140 136 125 122 120 117 116 124 128 133 143 148 147 148
 149 149 151 154 159 164 168 170 171 173 174 174 174 177 179 179 180 180
 181 181 179 179 178 176 174 175 174 172 171 172 171 168 170 167 166 167
 167 166 165 165 163 162 161 161 161 160 157 155 155 157 158 157 158 158
 158  30]","[ 29  29 186 188 190 188 186 184 185 186 186 186 186 187 188 189 191 191
 191 191 191 189 188 187 187 188 189 188 187 187 188 189 191 190 189 189
 189 188 186 184 183 184 186 188 188 187 186 186 188 188 186 182 180 180
 181 182 183 187 186 181 180 182 184 182 182 183 183 181 179 178 178 178
 180 177 175 175 175 175 175 176 179 176 175 177 176 177 177 175 175 175
 174 174 174 175 175 174 174 171 169 169 171 171 170 168 167 169 170 170
 167 165 164 163 162 160 158 158 159 159 159 158 154 154 152 150 150 151
 150 148 145 143 146 141 131 126 121 119 118 122 124 128 137 147 151 152
 151 151 153 156 161 167 170 172 173 174 175 176 177 179 180 181 180 181
 183 183 180 181 182 181 178 177 175 173 173 173 171 170 169 167 165 166
 168 168 167 166 164 163 162 163 163 161 158 156 158 159 160 159 160 160
 159  29]","[ 29  30 187 187 189 187 187 186 187 187 187 187 187 187 188 189 191 189
 189 191 191 189 188 188 188 189 189 187 186 187 187 187 187 188 188 189
 189 188 187 186 185 183 184 187 189 188 186 187 187 185 183 182 182 181
 182 182 182 183 182 180 178 179 181 182 186 186 184 181 179 178 178 178
 180 178 176 176 178 179 179 179 180 178 178 179 178 177 176 173 172 173
 174 174 174 175 175 174 173 173 172 171 172 173 171 168 167 168 169 168
 166 164 163 163 162 162 161 160 161 162 161 160 158 159 156 152 149 150
 150 148 146 145 145 139 132 127 121 121 123 123 126 129 134 145 154 155
 153 154 156 159 163 168 171 173 174 175 177 178 179 180 181 182 181 181
 182 182 181 182 184 183 181 178 175 174 174 173 171 171 169 168 167 167
 168 169 168 166 163 163 163 163 163 162 160 158 160 161 160 159 160 161
 159  28]","[ 29  30 188 187 189 186 186 187 187 187 187 187 187 188 188 189 189 186
 185 187 188 187 188 189 191 192 190 188 187 188 188 187 183 185 187 188
 188 187 188 188 188 184 184 188 190 189 187 188 184 180 179 183 186 185
 184 186 183 182 182 182 182 180 182 186 185 186 184 182 181 181 180 179
 176 175 175 176 179 181 181 179 181 179 179 179 178 176 175 173 169 172
 174 174 174 175 175 174 175 175 174 172 174 175 173 168 166 166 167 168
 169 168 165 162 161 162 162 161 161 162 161 160 161 162 159 154 151 152
 152 150 146 145 143 136 130 126 121 122 122 123 130 135 137 147 154 152
 154 156 158 160 162 166 171 173 173 174 176 178 179 180 180 180 181 180
 181 181 180 181 183 183 182 178 175 177 177 174 171 171 170 171 170 169
 170 171 170 168 163 162 162 162 162 162 161 160 160 160 159 158 160 161
 160  28]","[ 29  31 188 188 183 184 187 190 188 188 182 178 183 186 187 187 187 187
 188 188 188 187 187 187 187 188 188 188 187 187 189 191 187 183 182 186
 188 189 189 187 187 182 182 186 187 187 186 186 182 180 180 183 185 185
 185 186 183 183 182 183 183 182 182 183 183 185 186 185 183 182 181 181
 176 175 175 177 178 178 179 181 182 182 180 177 175 175 175 172 168 173
 175 173 171 173 175 176 173 175 174 173 174 176 173 167 165 167 167 166
 166 168 167 165 165 167 167 164 163 163 163 162 161 160 160 158 155 151
 151 153 145 145 145 142 136 129 124 122 126 128 132 135 138 142 146 150
 155 157 160 162 164 165 168 173 174 175 175 176 177 178 179 180 180 180
 180 180 181 182 183 184 181 180 179 178 176 175 173 172 171 171 170 171
 172 171 169 167 167 164 162 165 166 163 160 163 162 161 160 160 161 161
 160  29]","[ 29  30 187 187 183 183 186 188 189 189 187 185 187 189 188 187 187 187
 188 189 189 188 187 187 188 188 188 188 188 189 189 189 190 187 187 188
 189 189 189 187 187 185 185 186 186 187 187 186 183 182 181 182 183 183
 182 181 181 181 182 182 181 181 181 182 182 183 184 183 182 182 182 181
 179 177 176 176 176 176 178 181 182 183 181 178 176 176 175 173 169 171
 172 171 173 176 176 174 172 174 175 174 175 175 173 169 168 169 169 168
 168 169 168 167 165 167 168 168 166 165 163 161 164 161 159 159 158 155
 153 152 147 147 147 144 138 132 128 127 131 131 131 132 134 138 145 151
 154 157 159 162 164 164 167 172 174 174 173 174 176 177 179 180 182 182
 181 181 182 183 185 186 184 182 180 178 177 176 175 174 171 171 170 171
 172 171 169 167 167 167 167 169 170 165 161 162 164 163 162 160 160 159
 158  29]","[ 29  30 186 186 183 185 187 188 188 188 188 188 187 187 187 185 186 187
 188 189 189 188 187 187 188 187 186 187 188 189 188 187 188 187 187 187
 188 190 190 188 190 190 189 188 186 187 186 183 183 182 181 181 182 183
 182 180 180 181 182 181 181 182 182 182 180 180 181 181 181 181 181 180
 182 180 178 177 176 176 178 181 181 182 181 178 176 177 176 174 171 171
 171 172 174 177 176 173 171 173 176 176 175 174 172 171 171 171 171 169
 168 169 169 168 167 168 168 167 166 166 165 164 164 161 160 161 161 159
 157 157 154 153 153 151 146 140 137 137 139 137 136 135 136 139 147 154
 155 158 161 163 166 167 169 173 174 174 173 173 175 177 179 180 183 182
 182 182 183 184 185 186 185 183 180 178 178 178 177 176 172 172 171 171
 172 171 169 167 167 169 169 170 169 166 162 162 166 165 163 161 159 157
 156  29]","[ 29  29 185 186 186 188 189 189 187 186 187 186 183 184 186 184 184 186
 187 188 188 188 188 188 188 187 186 187 188 188 188 187 186 184 183 183
 184 188 189 186 187 188 188 187 187 186 183 182 184 184 183 182 182 183
 183 181 180 181 182 182 183 184 183 181 179 180 180 180 180 180 180 180
 181 180 180 180 179 178 178 180 179 179 177 174 174 176 176 174 172 174
 175 175 174 175 175 173 172 173 175 175 174 172 172 173 171 171 171 169
 168 168 168 167 168 169 169 168 168 168 167 166 162 163 165 165 162 160
 160 162 159 158 157 156 153 147 144 144 139 139 138 138 137 139 146 153
 157 159 161 164 169 172 173 176 175 175 175 175 176 178 180 181 182 182
 182 183 183 183 183 184 184 182 179 178 179 179 179 179 174 173 172 172
 172 171 169 167 167 170 169 167 166 164 163 164 167 165 162 161 160 157
 157  29]","[ 29  29 185 188 187 189 189 188 188 187 188 187 183 183 186 185 184 185
 186 187 188 188 189 189 189 188 188 187 188 188 188 189 188 185 183 182
 183 186 186 182 180 181 182 185 188 186 182 183 186 187 186 183 181 182
 183 183 181 181 181 183 185 185 183 179 179 180 180 180 179 179 180 180
 180 179 179 180 180 178 177 177 178 177 174 171 173 175 176 174 173 176
 178 177 175 174 174 174 174 173 173 173 172 171 172 174 171 171 170 169
 168 167 166 166 166 167 170 172 172 170 167 166 165 166 167 166 162 158
 158 160 160 159 158 157 154 149 145 143 138 137 138 138 138 139 145 152
 157 159 160 163 169 173 174 175 175 176 178 178 178 179 181 183 183 183
 183 183 183 183 184 184 182 181 179 179 179 180 180 179 176 174 173 173
 173 172 170 169 168 170 168 165 165 165 165 166 167 165 162 162 162 160
 158  29]","[ 30  29 186 188 187 189 188 186 187 187 188 188 185 185 186 186 185 186
 187 188 189 189 189 189 188 188 188 187 187 187 188 189 188 185 185 186
 187 188 186 181 180 181 180 184 188 185 181 183 184 185 184 183 182 182
 184 184 183 181 181 184 186 186 182 179 178 179 179 178 177 178 178 178
 179 178 177 177 177 176 175 175 177 177 174 172 173 175 176 175 175 176
 176 176 176 176 175 174 175 173 172 172 171 171 171 173 173 172 171 170
 169 168 166 165 165 166 168 170 170 168 167 167 167 165 164 164 162 159
 157 157 160 160 159 157 155 153 147 142 138 137 137 138 138 139 145 152
 158 159 160 163 169 173 173 173 174 177 179 180 179 179 181 183 185 184
 183 182 182 183 184 185 183 182 181 180 180 180 179 179 176 175 174 174
 174 174 172 171 168 169 168 167 167 166 165 166 167 166 164 162 163 162
 159  29]","[ 29  30 186 188 187 188 187 186 185 186 187 187 187 186 185 186 187 187
 187 188 189 189 188 188 186 187 187 186 186 186 187 187 187 185 186 188
 188 188 188 186 185 186 183 183 186 183 180 183 182 182 182 182 183 183
 184 185 183 181 181 185 186 183 180 180 178 178 176 176 177 178 177 176
 178 178 178 178 176 174 174 175 177 178 178 175 174 175 176 175 174 175
 175 175 175 175 174 173 173 173 172 171 171 171 171 171 174 172 170 170
 170 169 168 167 167 166 166 166 166 166 167 169 168 165 162 162 162 160
 157 156 158 159 158 156 156 156 151 144 134 133 133 135 136 136 142 148
 156 160 162 165 170 173 173 173 174 177 179 180 179 179 180 182 185 184
 183 182 182 183 184 184 184 183 182 181 180 179 179 179 178 177 175 174
 174 174 172 171 169 170 169 169 170 168 166 166 167 168 166 163 162 162
 160  28]","[ 29  30 186 188 186 187 187 187 185 187 186 187 189 188 186 188 187 187
 187 188 189 189 187 185 186 186 186 186 187 187 187 187 188 185 186 188
 187 186 187 188 186 189 185 181 183 182 180 183 184 182 181 183 184 183
 182 182 183 180 180 184 184 180 178 180 180 178 176 176 178 179 178 176
 177 178 180 180 177 174 174 177 175 179 181 179 175 175 175 175 173 174
 175 175 173 172 173 174 171 172 173 172 172 172 171 171 174 171 169 170
 171 171 170 169 166 166 167 168 168 166 167 169 170 167 164 163 161 158
 156 155 153 155 154 152 154 157 152 144 133 131 132 135 136 136 140 146
 153 158 163 165 169 171 172 173 175 177 179 179 179 179 180 181 183 183
 184 184 184 184 183 183 184 183 182 181 179 178 178 179 180 178 176 175
 174 174 172 170 172 171 170 170 171 169 167 167 166 169 167 163 161 162
 161  29]","[ 29  28 186 188 187 187 186 186 187 187 186 186 187 187 187 187 185 187
 188 189 190 188 187 187 186 186 186 187 187 186 184 184 184 184 184 185
 186 187 187 187 188 187 186 184 183 182 182 180 184 182 181 181 183 183
 183 182 180 180 181 181 181 180 179 178 179 179 179 179 180 180 179 178
 177 179 176 171 178 178 177 176 176 178 179 179 177 175 174 174 171 172
 173 174 174 173 172 172 175 175 174 175 175 174 172 170 171 171 171 171
 170 170 170 170 167 167 168 169 168 167 166 166 171 170 166 162 160 159
 156 153 152 153 155 154 154 154 149 140 137 135 136 136 136 137 138 144
 152 157 164 168 169 170 172 175 176 177 178 178 177 176 176 178 181 184
 186 186 186 186 186 185 187 185 183 180 179 179 179 179 180 178 176 175
 175 174 172 170 170 171 171 171 171 170 168 166 166 168 167 167 164 161
 162  29]","[ 29  27 184 186 186 187 187 187 188 187 186 185 186 186 186 185 186 186
 184 186 190 191 189 188 189 188 186 186 186 185 185 185 186 186 187 187
 186 186 186 187 186 185 183 183 183 183 181 179 182 180 179 180 182 183
 183 182 180 180 180 180 179 179 179 178 178 178 179 179 179 179 180 180
 175 175 171 166 174 174 173 172 175 177 179 179 178 176 175 175 173 173
 173 173 173 173 172 172 174 174 174 174 173 173 173 172 171 171 171 170
 169 168 168 168 167 168 170 170 168 166 166 167 167 166 164 162 161 160
 157 153 150 151 153 152 151 151 146 139 139 136 138 138 137 138 140 146
 148 154 162 167 169 171 174 176 174 175 176 177 178 177 178 179 182 184
 185 186 186 186 186 187 188 186 183 181 180 180 180 179 178 177 176 175
 175 174 172 171 171 172 172 172 171 171 169 167 166 170 171 172 169 166
 164  30]","[ 29  28 184 186 186 187 188 188 188 187 186 186 186 186 186 186 187 186
 184 185 189 190 187 186 188 186 185 185 186 186 186 186 187 187 187 186
 184 182 183 184 184 181 180 182 183 182 180 179 180 178 177 178 180 182
 181 180 179 179 179 179 179 179 179 180 179 180 181 180 179 179 180 181
 178 177 172 169 177 178 177 176 174 175 177 178 177 175 174 175 174 172
 171 171 172 172 172 171 172 173 174 174 173 173 172 172 171 172 173 173
 171 169 169 169 168 170 172 172 169 166 166 167 166 165 164 162 161 160
 156 151 149 150 152 152 153 155 152 146 144 141 141 140 138 138 138 142
 145 152 162 167 170 172 174 175 175 175 175 177 179 180 180 180 182 184
 186 186 186 187 187 187 188 185 183 181 181 181 180 179 177 177 177 176
 175 173 172 172 172 173 172 172 172 171 170 168 166 170 171 172 170 167
 165  30]","[ 29  30 186 187 186 188 188 187 187 187 187 187 187 187 188 188 186 187
 186 186 187 186 184 185 186 185 184 186 187 187 186 186 186 186 185 183
 181 180 181 183 182 179 178 181 183 181 179 179 180 178 177 178 180 181
 180 179 179 179 179 179 179 179 179 180 180 181 181 180 179 178 178 179
 177 175 173 172 179 180 180 178 175 175 175 176 176 174 172 172 172 171
 171 170 170 171 172 172 172 173 173 174 174 173 171 170 171 173 175 174
 172 171 170 170 169 170 172 172 170 167 166 166 167 165 163 161 161 160
 156 151 147 146 147 148 152 156 156 151 147 144 144 141 139 137 135 138
 146 154 163 168 171 173 174 175 177 177 177 179 180 181 181 181 181 184
 186 187 187 187 187 187 187 185 182 181 181 181 181 180 177 178 177 177
 176 175 173 172 173 173 172 171 171 171 170 168 167 169 167 167 166 165
 164  29]","[ 29  30 186 185 183 186 187 187 185 186 187 187 187 187 188 189 186 187
 185 185 186 186 186 187 187 186 186 187 187 186 185 185 187 185 183 181
 180 179 180 182 181 179 179 182 183 181 180 180 181 180 179 180 181 182
 181 180 179 179 179 179 178 177 177 177 179 179 179 178 178 177 176 175
 174 173 174 174 179 178 178 178 177 174 173 174 175 173 171 171 171 172
 172 171 170 171 172 172 173 171 171 171 172 172 170 168 170 172 173 173
 171 169 168 168 169 169 170 170 170 167 165 164 163 163 162 161 162 161
 158 153 149 146 144 145 148 154 155 151 146 144 145 143 140 138 135 137
 145 153 162 167 171 174 177 178 178 178 179 180 180 179 180 180 181 183
 184 185 185 186 187 188 187 186 183 183 183 183 182 181 179 178 178 177
 177 176 174 173 172 172 171 170 170 171 170 169 171 170 165 163 164 165
 165  29]","[ 29  30 185 183 180 184 188 188 185 186 188 188 187 187 188 189 191 189
 185 183 186 188 187 188 188 187 187 187 187 186 186 187 187 186 184 182
 180 179 179 181 181 180 180 181 181 180 180 181 181 180 179 180 181 182
 181 180 180 180 180 179 177 175 175 175 178 178 178 178 178 177 177 176
 176 175 178 178 180 176 177 177 175 172 171 173 174 172 170 170 171 172
 172 171 171 171 172 171 173 170 168 167 169 171 171 170 171 172 173 172
 170 168 168 168 169 168 167 168 169 167 165 163 162 162 162 162 163 162
 159 154 152 148 145 144 147 153 155 153 148 146 147 145 142 139 135 135
 141 149 158 164 169 174 178 179 179 179 180 181 180 179 180 181 180 181
 182 182 182 185 188 189 188 186 185 184 185 185 184 183 179 178 178 177
 177 176 174 173 171 171 170 170 170 171 171 170 172 172 167 165 165 166
 166  29]","[ 30  30 185 182 180 185 187 186 186 187 188 188 187 186 187 189 193 191
 187 185 186 187 186 187 187 187 187 187 187 186 187 187 186 186 185 183
 181 179 179 180 181 180 180 179 178 178 178 178 179 179 179 179 179 179
 178 177 179 180 179 178 176 175 175 175 177 178 179 179 178 178 178 179
 178 176 179 179 178 173 175 175 173 171 171 173 174 172 170 170 172 173
 172 170 171 173 173 171 172 170 168 167 169 171 171 171 173 173 173 172
 170 169 169 169 171 168 166 167 168 168 167 165 165 165 163 162 163 163
 160 157 153 149 146 145 146 151 155 155 153 152 153 150 146 143 139 138
 141 149 157 162 167 173 177 178 179 180 181 181 181 180 180 181 180 181
 183 183 183 185 187 188 186 185 184 184 184 184 184 184 181 181 180 178
 177 175 173 172 172 172 172 171 172 172 172 171 172 174 171 168 166 166
 165  29]","[ 29  30 185 183 182 186 185 181 185 186 187 186 185 185 187 188 188 190
 189 188 187 185 185 187 186 187 189 189 188 185 184 184 185 186 187 186
 182 180 180 182 180 180 178 176 175 176 176 176 179 179 179 179 178 177
 176 176 177 177 177 176 174 174 175 176 175 177 178 177 176 175 177 178
 180 177 179 179 177 172 174 175 174 173 174 176 176 172 171 172 174 173
 171 170 173 176 175 172 171 170 170 170 171 172 172 172 173 172 172 171
 170 169 169 170 172 170 167 167 168 169 169 168 168 166 164 161 162 164
 164 163 157 154 152 150 148 152 156 157 158 157 158 155 152 150 146 146
 145 152 159 164 167 173 176 176 179 179 180 180 180 180 180 180 180 182
 185 186 186 186 185 185 183 183 183 182 183 183 182 182 183 183 182 179
 176 173 172 172 173 174 173 172 172 172 172 170 172 175 173 169 166 166
 165  29]","[ 29  29 183 183 183 184 184 186 186 186 186 186 185 183 184 186 188 188
 189 189 187 185 186 188 188 187 187 187 187 185 183 181 182 183 185 185
 182 183 185 186 183 182 179 176 175 175 175 175 178 179 179 177 175 174
 175 177 177 175 175 176 174 175 178 179 175 176 178 180 179 178 178 179
 179 180 180 177 173 171 172 174 173 174 174 174 175 173 171 171 172 172
 171 170 171 173 173 170 170 171 171 171 172 173 172 170 172 173 170 169
 172 170 168 171 169 171 169 167 166 166 166 163 164 167 167 164 163 164
 164 162 160 158 153 151 148 152 151 159 158 156 155 154 152 148 146 148
 140 151 159 162 166 172 177 179 178 180 181 180 180 180 179 178 179 181
 185 188 187 186 185 186 186 186 185 184 184 183 182 181 183 184 182 179
 176 175 174 173 175 175 175 175 174 173 172 172 173 173 171 170 168 168
 167  29]","[ 29  29 183 181 180 181 182 184 186 184 184 184 183 182 183 184 186 186
 187 188 187 186 186 187 188 187 185 185 186 186 186 185 184 183 186 187
 186 186 187 186 184 183 180 177 175 176 178 178 178 179 179 178 176 175
 176 177 179 174 172 174 175 177 178 178 177 177 177 177 176 175 174 175
 175 176 177 176 173 171 171 173 172 172 172 172 173 171 169 170 171 171
 168 166 167 170 171 170 172 171 171 172 173 172 171 171 168 172 172 173
 173 169 164 165 167 168 166 164 164 166 166 164 162 163 164 165 167 166
 164 161 160 157 153 151 145 146 146 157 157 153 150 149 149 148 147 147
 143 152 159 162 166 171 174 177 180 180 181 181 181 181 181 181 179 182
 186 187 187 186 186 186 185 185 185 184 183 182 182 182 183 183 181 178
 177 176 176 175 174 174 174 173 172 172 172 172 174 174 172 172 171 172
 169  30]","[ 29  29 183 181 179 180 181 185 185 183 183 183 184 185 185 186 186 185
 185 185 186 186 185 185 186 184 183 184 186 187 186 186 184 183 185 187
 188 189 188 185 182 182 180 177 176 176 177 178 176 178 179 178 176 176
 177 179 180 175 173 175 176 177 178 177 177 175 174 173 172 170 169 168
 170 172 175 175 174 173 172 172 172 172 171 171 172 171 169 170 171 170
 167 165 166 168 170 169 170 168 168 172 173 172 171 172 170 171 171 170
 171 168 165 165 162 163 164 164 164 164 162 160 164 162 162 165 168 167
 164 162 161 154 148 147 145 142 139 146 144 146 149 151 152 150 147 145
 147 153 157 161 166 170 174 178 179 178 178 180 180 180 180 181 180 184
 187 187 186 187 186 185 184 184 184 183 183 182 183 183 184 183 181 179
 177 177 177 176 175 174 173 172 172 172 172 172 172 172 171 172 172 173
 169  29]","[ 29  29 183 182 181 182 183 186 185 185 185 186 186 187 188 188 187 185
 183 184 185 186 185 184 182 182 183 186 187 186 185 184 185 183 183 185
 186 187 186 183 181 181 180 179 177 176 175 174 175 176 178 178 177 177
 178 180 178 177 178 178 175 174 175 176 175 173 173 173 173 171 168 167
 169 171 173 174 174 173 173 172 173 172 171 170 172 171 170 172 170 170
 169 168 168 169 169 169 169 168 168 171 173 172 171 172 174 172 169 168
 169 169 167 166 165 163 164 162 159 158 159 164 159 160 162 164 165 164
 162 161 161 155 150 148 147 143 136 139 140 146 151 152 150 148 149 149
 150 153 156 160 166 170 174 179 179 179 179 181 182 182 181 181 181 184
 185 185 185 187 186 184 183 183 183 183 183 183 184 184 184 183 181 179
 178 177 176 176 176 175 174 173 173 173 173 173 172 173 173 174 174 174
 171  30]","[ 30  29 183 182 182 183 183 184 185 187 188 188 187 187 187 187 188 185
 183 182 184 186 186 185 181 182 185 187 187 185 184 184 186 184 183 184
 184 184 185 183 182 182 181 180 179 178 176 173 176 177 178 179 178 178
 179 180 175 176 179 180 176 173 174 175 175 174 173 174 174 174 173 173
 171 171 172 173 173 173 173 173 173 173 171 170 171 171 170 172 170 170
 170 170 171 171 171 171 171 171 171 172 173 173 171 168 171 171 172 171
 169 168 167 165 164 162 164 159 148 137 132 137 143 153 162 165 164 163
 161 159 155 153 152 146 142 138 134 136 139 146 153 154 151 148 147 146
 150 152 155 161 167 170 173 176 179 179 180 182 183 182 181 180 181 183
 183 183 185 187 186 183 183 182 181 182 184 185 184 183 183 182 181 180
 179 177 176 175 176 175 175 174 174 174 173 172 173 175 174 175 173 172
 169  29]","[ 29  29 183 183 183 183 182 182 183 185 188 188 187 187 187 187 186 184
 182 182 184 187 188 187 183 183 184 186 185 183 183 186 187 185 184 184
 182 183 184 183 183 182 180 179 179 179 178 176 177 178 179 179 179 179
 179 179 175 174 177 179 178 176 176 175 175 173 172 172 173 174 176 177
 174 174 173 173 173 173 174 174 175 174 171 170 171 171 170 172 172 171
 170 170 171 171 172 173 171 171 171 171 172 173 172 168 165 168 172 172
 167 167 168 167 164 153 144 126 110 102 102 113 123 136 149 153 154 155
 155 153 150 147 145 137 136 134 132 132 132 138 147 152 152 149 144 141
 145 148 153 160 168 171 173 175 179 180 180 181 181 181 181 179 182 183
 183 183 185 188 187 186 185 184 182 184 186 187 186 184 181 180 180 180
 179 177 176 176 176 175 175 174 173 173 172 172 173 175 174 174 172 170
 167  27]","[ 29  29 183 184 183 184 182 183 183 185 187 187 187 188 188 188 184 183
 182 181 184 187 187 186 184 183 183 185 185 184 184 186 187 185 184 183
 181 182 183 182 181 182 181 180 179 179 179 179 177 177 177 178 179 179
 178 178 178 176 177 179 178 178 177 176 174 173 172 171 171 172 174 176
 174 174 173 173 172 173 174 174 175 174 172 171 173 172 172 174 174 172
 171 170 170 170 170 171 170 168 168 169 172 173 173 172 167 167 170 169
 166 167 168 164 154 145 135 116 105 106 108 115 119 130 141 148 152 153
 153 152 146 139 136 129 134 132 130 129 129 132 138 143 145 144 143 143
 143 146 149 155 163 169 172 175 180 182 182 179 180 182 183 182 185 185
 185 185 185 186 186 187 187 186 185 186 187 187 185 183 180 179 179 179
 179 177 177 177 177 177 176 175 174 173 173 173 175 176 175 176 175 173
 170  29]","[ 29  30 185 185 184 185 184 185 186 187 187 187 187 187 187 185 183 183
 182 182 183 186 186 185 185 183 183 186 188 187 186 187 186 183 183 182
 181 181 181 180 179 182 183 182 181 180 179 179 175 175 175 177 178 179
 178 177 180 178 178 179 176 175 176 177 175 175 175 175 173 172 172 173
 172 172 171 171 171 171 172 173 173 173 171 171 173 173 173 175 175 174
 173 172 170 168 168 168 172 168 167 170 172 172 172 173 173 169 168 169
 169 169 164 154 139 132 124 106 100 108 109 112 115 122 134 145 150 149
 145 142 136 130 128 124 128 125 123 125 125 130 138 144 144 141 140 141
 146 147 147 150 158 165 170 173 178 180 179 175 175 180 182 181 186 186
 186 186 184 182 183 186 187 186 186 186 186 185 183 181 180 179 179 179
 178 176 177 178 179 179 178 176 175 174 174 175 172 173 173 175 175 175
 171  30]","[ 30  27 182 184 185 184 182 184 183 185 185 185 187 189 187 183 183 183
 182 179 180 183 184 182 181 183 183 183 184 185 184 183 180 180 180 180
 179 179 179 180 177 179 182 182 181 179 179 179 176 175 174 175 175 176
 177 178 177 176 178 178 175 175 176 175 175 176 176 176 174 173 171 171
 171 170 171 171 170 168 169 171 170 171 171 169 169 171 173 173 173 173
 172 171 169 167 166 167 170 169 168 167 167 167 169 171 171 171 171 170
 172 165 161 152 139 128 115 108 107 108 110 113 114 124 128 135 138 143
 137 133 123 115 115 119 117 115 116 117 114 121 129 137 140 140 145 147
 148 146 144 144 155 168 170 171 178 180 181 180 178 179 180 179 183 185
 185 181 180 182 184 183 185 186 186 184 182 182 182 182 182 182 181 180
 178 178 179 180 180 179 178 178 177 175 173 174 172 172 172 175 174 173
 172  29]","[ 28  29 184 187 186 184 182 183 183 185 187 187 187 187 185 182 183 182
 180 179 179 181 182 183 181 182 182 181 182 183 182 180 179 180 182 182
 181 180 180 181 182 181 180 180 180 180 180 179 179 177 175 175 175 175
 175 176 177 176 176 176 174 175 175 175 176 176 176 175 174 173 172 172
 171 171 172 173 172 170 171 173 170 171 171 171 172 174 175 174 173 173
 174 175 174 171 169 169 171 171 171 170 169 168 169 169 172 172 171 168
 167 157 153 147 138 130 121 115 113 111 111 112 111 117 120 129 133 138
 130 124 112 107 108 111 108 105 106 107 112 117 123 132 136 138 144 147
 148 145 142 140 148 161 167 172 176 180 183 182 180 179 179 178 181 183
 183 180 180 182 184 184 186 186 186 185 185 185 184 183 181 182 184 184
 182 180 179 178 179 178 177 176 175 174 174 174 175 174 172 174 174 174
 171  29]","[ 29  30 186 187 186 184 182 182 184 185 186 187 187 185 183 183 184 181
 179 179 179 179 182 186 182 182 181 181 181 182 181 179 179 181 183 184
 182 179 178 179 181 182 182 180 177 176 178 181 179 177 176 174 174 175
 176 176 176 176 175 173 173 173 173 174 177 176 175 174 174 173 173 172
 171 171 173 174 172 169 169 171 173 173 173 172 173 175 174 172 171 172
 174 175 174 172 171 170 170 169 170 170 170 170 170 170 172 171 170 167
 162 150 145 140 133 128 124 121 119 116 113 111 112 113 116 123 127 127
 119 113 105 103 104 104  99  95  97  99 101 108 116 128 135 137 141 142
 146 145 144 144 150 159 165 172 175 180 184 183 181 180 180 179 181 182
 181 180 181 184 186 186 186 186 185 184 185 186 185 183 181 183 185 186
 185 182 180 178 179 178 177 177 176 175 174 175 177 176 174 175 174 173
 169  29]","[ 29  30 186 184 183 183 182 183 184 183 184 186 186 184 183 185 184 182
 180 179 179 180 183 186 182 181 180 180 181 182 181 179 180 180 181 181
 179 177 176 176 176 180 182 180 175 173 175 178 177 177 176 174 173 173
 175 175 176 178 175 172 172 170 170 174 177 176 174 173 172 172 172 172
 170 171 172 173 171 169 169 170 173 174 174 173 173 174 173 172 171 171
 172 172 172 171 171 171 169 168 168 168 169 169 169 170 168 167 167 165
 160 147 142 136 130 127 125 124 124 122 118 116 110 109 110 116 116 113
 107 103 100  99  98  95  90  89  92  95  96 103 113 124 131 132 136 137
 138 138 142 145 150 156 160 168 174 178 181 180 179 179 180 180 180 181
 181 181 183 186 187 187 186 185 184 183 185 185 184 183 183 184 184 184
 183 182 181 181 181 181 180 180 178 177 175 175 178 177 177 176 173 170
 165  29]","[ 29  29 184 182 182 184 183 183 181 180 182 186 187 184 183 184 181 181
 180 179 179 181 184 186 182 180 179 179 180 181 180 179 180 179 178 178
 178 177 176 177 177 179 180 179 177 174 173 173 178 179 179 175 172 171
 172 174 176 179 176 173 172 170 171 176 177 176 174 172 171 171 171 171
 170 171 172 172 172 171 172 173 171 173 173 172 172 174 175 174 172 172
 171 171 171 170 170 171 170 169 168 169 169 168 167 167 166 164 162 161
 160 149 144 138 136 132 129 128 129 128 125 122 111 104 103 107 108 105
 102  98  95  95  94  91  89  89  93  97 101 107 113 121 124 125 132 135
 135 134 137 139 145 152 157 167 171 174 176 177 178 179 180 179 178 180
 182 183 184 186 186 185 186 185 184 184 184 186 186 186 186 185 183 182
 181 180 181 182 182 182 181 179 178 177 176 176 177 177 176 172 166 162
 159  29]","[ 29  28 182 183 184 184 182 181 179 179 181 186 187 185 182 182 180 181
 181 180 181 183 184 185 182 180 179 179 179 179 179 179 181 179 178 178
 179 180 180 181 179 181 181 179 176 174 173 174 178 181 181 178 174 173
 175 176 174 176 176 173 171 170 172 176 176 176 175 173 172 171 171 172
 174 174 174 173 172 171 172 173 172 173 174 172 172 173 175 175 171 171
 171 172 171 169 168 169 168 168 169 171 172 170 168 166 168 165 162 160
 161 153 151 146 144 140 136 135 135 133 129 125 113 101  97  98 100  97
  96  90  90  91  90  90  92  93  95  99 100 107 114 121 122 123 130 135
 135 134 136 137 143 149 155 164 168 171 175 177 179 181 180 179 179 180
 182 184 185 186 186 185 185 185 185 184 184 186 187 188 186 185 184 182
 181 180 180 181 182 181 179 176 175 176 177 177 176 174 171 163 157 154
 154  29]","[ 29  28 182 183 184 183 180 181 180 181 182 184 184 182 181 181 183 181
 181 182 182 182 182 183 182 180 179 179 179 179 180 181 181 180 179 180
 180 180 181 181 178 180 181 179 175 173 174 176 179 181 181 178 175 176
 178 179 173 172 173 172 170 170 172 173 173 174 175 174 172 171 172 172
 175 175 174 172 171 171 171 170 173 173 173 171 171 173 174 173 170 170
 171 171 170 168 167 167 167 167 168 171 173 172 169 167 167 166 165 162
 162 156 156 152 150 149 147 144 142 137 132 127 114 101  96  91  89  85
  87  82  83  85  85  86  88  88  88  93  96 104 111 119 121 122 128 133
 134 134 136 136 140 146 151 158 166 170 175 178 180 181 181 180 180 181
 183 184 185 185 186 187 186 186 185 184 184 186 187 187 185 184 183 182
 181 180 180 180 181 180 178 175 174 175 176 176 172 167 162 155 152 152
 152  29]","[ 30  28 180 182 182 181 179 181 184 184 183 182 180 179 181 182 185 181
 180 182 182 179 178 180 181 179 178 178 179 179 181 182 180 180 180 179
 178 177 177 177 178 178 177 177 176 176 175 174 180 181 179 176 174 175
 177 176 173 171 172 172 169 170 172 171 171 173 174 174 172 171 172 173
 173 172 171 170 170 171 172 171 171 171 171 170 172 174 174 173 172 171
 171 171 170 169 168 169 169 168 168 169 171 169 167 165 163 166 167 164
 163 157 157 153 154 156 156 154 149 143 135 130 117 106 103  94  87  82
  87  85  82  83  82  82  84  82  83  89  97 103 108 114 116 117 125 131
 137 137 137 135 138 145 151 160 165 170 175 177 178 180 181 181 180 181
 182 182 183 184 186 188 188 187 186 185 185 186 186 185 183 182 181 180
 180 180 180 181 180 180 179 177 176 176 175 174 167 161 156 151 152 153
 152  29]","[ 30  30 183 181 180 180 179 182 184 186 184 181 182 184 186 188 186 184
 182 180 179 178 180 181 183 179 178 181 180 179 180 182 181 179 178 179
 179 177 176 176 178 177 176 176 176 177 177 176 175 177 178 175 173 174
 175 177 176 175 175 174 173 173 173 173 173 173 172 171 171 170 171 174
 172 171 170 171 172 172 170 169 168 171 171 171 172 174 174 172 171 172
 173 172 170 170 170 171 167 167 167 168 169 168 165 163 163 165 168 164
 161 161 159 160 154 153 158 157 155 144 140 134 121 115 109 104 103 101
  96  91  89  88  81  78  82  84  81  79  91  96 104 109 113 117 123 129
 134 135 136 137 140 142 148 156 162 169 175 177 176 178 180 181 181 180
 180 181 182 184 185 185 186 187 188 188 185 182 183 186 183 182 180 180
 180 180 180 181 179 182 179 178 181 179 170 164 153 150 150 150 152 152
 151  29]","[ 30  30 183 183 181 180 178 179 181 185 186 184 185 186 187 187 184 182
 181 181 181 181 182 183 184 182 181 181 180 181 181 179 175 177 179 180
 181 179 178 176 175 176 177 177 178 178 178 178 176 176 175 175 175 175
 175 175 176 175 174 174 173 172 172 172 172 174 173 172 172 171 170 170
 170 170 169 169 169 169 169 170 170 170 169 168 169 172 172 171 173 173
 173 171 169 170 171 171 169 168 167 167 167 167 165 163 167 167 169 166
 165 165 159 156 155 151 153 152 151 144 140 133 123 122 120 116 109 102
  98  96  98 100  98  93  87  82  79  80  86  92 101 109 114 117 121 126
 131 132 133 135 139 141 145 151 160 167 175 176 175 176 178 179 181 182
 183 182 181 181 180 180 185 185 186 187 184 181 182 185 186 182 178 178
 181 182 182 181 182 182 180 179 176 165 154 151 151 148 148 148 149 149
 150  29]","[ 29  29 183 184 183 181 179 180 183 187 187 184 186 188 187 185 184 183
 182 182 182 181 182 182 182 182 182 181 180 183 182 176 172 176 179 180
 180 180 179 178 175 177 179 179 178 177 177 177 176 173 173 175 177 177
 175 174 175 174 174 173 172 172 171 171 172 174 174 173 173 172 169 168
 170 169 169 168 167 167 168 171 172 169 166 166 168 170 171 171 172 172
 172 170 169 170 171 172 168 167 166 166 166 167 167 167 167 167 168 164
 163 163 160 159 155 153 154 152 149 144 143 141 133 130 128 126 118 106
  99  98 103 104 105 103  94  88  85  83  84  88  97 107 112 113 116 121
 129 130 130 131 136 140 143 146 156 164 173 176 176 176 177 178 180 182
 184 184 182 180 181 182 185 183 183 186 185 182 182 185 188 185 181 180
 182 183 183 182 182 180 178 177 170 158 150 151 148 147 148 148 149 148
 150  29]","[ 29  29 183 184 182 181 181 184 185 187 184 180 183 187 187 186 185 183
 182 182 182 181 181 181 180 181 181 181 183 186 185 179 175 179 180 179
 178 180 180 179 177 178 179 179 178 177 176 176 175 173 173 176 178 176
 174 174 174 173 172 171 171 172 172 172 172 173 173 173 173 170 168 169
 172 171 171 170 168 168 169 171 171 168 166 166 167 169 170 172 169 170
 170 170 170 170 171 172 169 168 167 166 166 168 169 169 168 167 168 167
 167 167 162 160 151 151 154 153 150 148 149 148 142 136 133 134 132 126
 127 132 122 118 117 114 104  94  88  82  83  84  92 104 110 112 116 122
 128 129 128 128 133 138 141 143 153 160 169 175 177 178 179 179 181 182
 183 182 181 181 184 186 185 182 182 186 187 184 183 186 185 185 184 182
 180 180 181 182 181 178 172 165 157 151 148 149 147 146 149 150 151 149
 149  28]","[ 30  31 185 184 182 180 180 183 185 184 179 176 180 186 187 186 182 181
 180 180 181 182 182 183 180 180 181 183 185 187 187 183 179 181 181 178
 177 179 180 180 178 177 176 176 176 176 176 176 176 175 176 178 177 174
 173 174 173 171 170 169 169 170 171 171 172 172 172 174 173 167 166 170
 173 172 172 172 172 171 171 172 170 168 167 167 167 167 169 171 169 169
 169 168 168 169 170 170 172 171 169 168 168 168 168 169 168 165 165 166
 168 164 151 143 145 146 151 157 159 161 159 154 149 146 145 147 141 132
 131 136 132 127 125 123 115 105  96  88  86  85  89 100 107 108 113 119
 123 126 127 128 131 135 138 141 150 157 166 173 177 179 180 180 183 183
 182 181 180 180 181 183 184 182 183 187 189 187 186 187 182 184 183 181
 179 178 179 180 176 169 162 156 151 149 149 148 149 147 149 150 152 150
 149  28]","[ 29  30 185 186 184 182 181 183 185 185 180 178 181 184 184 183 183 181
 179 179 180 181 182 183 181 179 180 182 182 183 183 182 179 180 180 178
 178 179 179 179 180 178 176 174 175 175 175 175 175 176 177 176 174 171
 170 172 172 170 168 167 167 169 170 170 171 172 173 175 173 166 164 168
 170 170 170 172 173 172 171 171 170 170 170 169 167 167 168 169 171 171
 169 167 167 167 168 168 170 169 168 167 167 168 168 168 167 162 159 155
 151 144 131 123 129 135 143 154 157 162 160 158 156 155 157 160 157 149
 142 141 136 130 126 127 127 120 108  97  91  86  87  94 100 102 107 112
 116 121 125 128 131 132 133 136 148 154 163 171 176 179 179 179 182 182
 182 181 181 180 179 179 183 182 183 186 188 187 186 187 185 184 182 180
 180 180 178 174 163 155 152 155 154 152 151 151 151 147 147 148 149 148
 149  29]","[ 28  28 182 184 184 184 182 183 185 185 183 182 182 182 181 181 186 184
 181 180 180 180 180 181 180 179 179 179 178 179 180 180 179 178 177 178
 179 179 179 178 180 179 177 175 174 174 174 174 175 175 175 174 172 171
 170 170 172 170 168 167 168 169 170 171 171 173 173 172 170 167 166 168
 168 168 169 171 172 171 170 169 170 171 170 168 167 168 168 167 171 171
 170 169 168 168 168 167 167 166 165 165 166 168 168 168 167 162 157 148
 138 131 124 122 123 131 140 150 151 159 164 167 166 162 159 160 160 158
 155 152 152 145 136 134 136 131 118 106  98  90  85  87  92  97 104 110
 112 117 123 127 129 127 127 131 140 147 158 168 174 176 178 179 179 180
 181 181 181 180 179 179 181 181 182 184 185 185 185 185 186 184 182 180
 181 178 169 160 153 147 147 151 151 150 149 147 150 146 146 146 147 145
 147  29]","[ 31  28 180 180 181 182 180 180 181 182 182 182 182 180 180 183 187 185
 182 181 181 181 181 181 181 180 180 179 177 179 181 181 179 177 175 177
 179 179 179 179 177 177 177 176 175 174 175 176 176 175 174 173 173 173
 173 171 172 170 168 168 169 171 172 172 172 175 173 168 168 169 169 168
 168 169 170 172 172 171 170 170 169 169 168 165 165 167 168 166 168 169
 171 172 172 171 168 166 168 167 165 165 166 168 167 167 165 159 154 145
 138 133 126 126 120 124 128 136 139 151 159 164 160 161 163 163 162 161
 158 155 151 148 140 136 138 136 128 123 114 102  90  85  86  90  98 104
 113 117 121 126 127 124 124 128 132 140 153 164 170 173 176 179 179 180
 181 180 179 179 179 179 180 181 182 181 181 183 183 183 182 182 182 180
 178 171 157 145 147 146 147 147 147 152 153 148 148 145 146 147 147 144
 146  28]","[ 28  28 180 179 179 179 180 179 183 182 184 185 183 182 183 182 181 181
 181 180 181 181 182 182 181 181 181 180 179 179 179 180 181 175 175 178
 177 179 180 175 174 174 176 177 176 175 176 178 178 176 175 174 174 173
 172 171 171 171 172 171 170 169 171 173 173 173 172 170 170 171 171 169
 168 170 171 172 171 170 170 171 172 169 167 167 168 167 167 167 170 169
 167 167 170 173 171 168 166 166 165 165 166 167 167 165 162 156 149 145
 141 135 129 125 123 127 128 128 132 142 151 154 156 161 162 161 163 167
 163 156 155 153 147 142 140 139 134 128 122 109  99  92  92  86  93 103
 109 113 118 122 122 121 122 125 130 141 155 165 171 174 176 177 178 179
 180 179 179 180 181 182 180 184 186 182 180 182 184 185 181 182 180 173
 164 153 147 148 149 147 145 145 147 150 150 150 148 147 148 147 146 149
 145  29]","[ 30  29 180 179 180 181 182 182 181 182 186 188 185 182 181 180 178 178
 179 179 180 180 180 180 182 182 181 179 178 178 179 180 179 176 177 178
 177 178 179 176 173 173 174 176 177 176 177 178 178 177 175 175 174 174
 173 172 171 171 171 171 169 169 170 172 173 173 172 170 170 171 171 170
 169 170 171 171 170 170 170 171 172 170 169 169 168 166 166 166 168 167
 166 167 170 172 171 169 167 167 167 166 166 166 165 163 160 155 149 146
 145 142 135 129 132 130 127 126 130 136 143 148 152 158 163 164 164 164
 163 162 159 157 152 147 144 142 139 135 130 117 109  99  89  86  87  97
 105 108 113 118 120 118 119 121 125 135 150 163 172 175 177 179 179 179
 180 179 179 180 181 181 185 187 187 185 181 182 183 181 180 178 167 154
 151 152 152 150 150 148 146 145 146 148 148 148 152 151 151 149 148 150
 147  30]","[ 30  30 181 181 181 182 183 182 183 183 185 185 182 180 181 180 179 180
 181 182 181 180 179 178 180 180 181 180 179 178 179 180 179 180 181 179
 178 178 178 176 172 172 173 175 176 176 175 175 176 175 174 173 173 173
 173 172 171 171 170 170 169 169 169 171 173 173 171 169 168 167 167 167
 168 169 170 170 170 170 171 172 173 171 169 168 166 164 164 165 167 167
 166 166 168 171 170 168 166 167 168 168 167 167 165 164 159 156 151 147
 147 146 142 137 137 129 122 122 125 128 134 140 145 151 159 165 166 164
 165 167 165 163 159 155 150 146 144 144 135 125 120 106  87  86  82  89
  95  98 104 111 115 115 116 118 122 129 143 160 171 174 176 179 179 179
 179 179 179 180 180 181 182 182 186 186 181 181 183 181 172 164 151 145
 147 150 150 150 149 148 147 146 145 146 146 145 151 150 149 148 146 148
 146  29]","[ 29  30 182 183 183 182 180 177 181 180 182 182 179 178 179 180 179 180
 181 181 180 178 176 174 175 177 180 181 181 180 180 180 180 183 183 180
 179 178 176 174 172 172 173 175 175 174 172 172 174 173 172 172 172 172
 172 171 171 171 171 171 170 168 168 169 172 172 171 168 166 164 163 163
 165 167 168 169 170 171 172 172 173 169 166 164 163 162 164 166 167 168
 167 166 167 169 169 167 167 167 168 168 168 167 164 162 155 155 153 148
 146 148 148 147 143 133 125 123 125 127 131 137 140 143 151 160 165 166
 166 167 166 164 162 160 154 148 145 146 138 131 128 114  93  87  83  83
  87  88  92 100 106 111 116 120 124 127 139 156 168 170 172 176 179 178
 178 179 179 179 180 180 183 183 187 187 181 179 176 171 159 152 145 146
 150 150 147 146 147 148 148 147 146 145 144 143 147 147 146 145 145 147
 146  28]","[ 28  29 182 183 183 181 179 176 176 177 180 182 181 179 179 178 180 181
 181 180 179 177 176 175 174 176 179 181 181 180 180 179 179 182 182 178
 178 177 174 172 173 174 175 175 174 172 172 171 175 173 172 171 172 172
 171 171 171 171 172 172 171 168 167 167 170 171 171 169 167 164 164 164
 167 167 167 167 168 169 171 172 172 168 164 163 164 164 166 167 168 168
 167 166 167 168 168 167 168 167 167 167 168 165 161 158 152 153 153 150
 150 153 154 153 147 139 130 125 124 125 129 133 137 138 142 150 157 163
 165 165 167 166 166 166 162 155 150 149 143 140 135 123 105  91  90  81
  81  82  86  94 103 112 121 127 129 129 137 152 164 169 172 176 179 178
 178 179 180 179 180 181 182 182 185 185 180 174 166 156 148 150 147 144
 147 150 148 145 147 148 148 147 146 145 144 143 146 147 145 146 146 147
 148  30]","[ 29  29 181 181 182 182 181 178 177 176 178 181 182 183 184 183 181 181
 181 180 180 180 179 179 178 178 179 179 179 179 179 179 179 180 180 179
 177 177 175 173 172 174 175 174 172 171 171 171 175 173 172 171 171 171
 170 170 171 171 172 173 171 168 166 166 168 169 171 171 170 168 168 168
 171 169 167 165 165 166 169 170 170 167 165 165 166 166 166 166 167 167
 167 166 167 168 169 168 167 165 165 167 167 166 162 159 157 156 155 156
 158 159 157 152 146 140 133 126 122 122 126 130 135 136 138 140 146 154
 161 165 167 167 169 171 169 163 158 155 150 147 139 130 117  97  96  84
  76  83  93 104 114 123 129 131 132 132 137 149 160 169 174 178 180 179
 179 180 180 179 179 180 178 184 186 181 173 165 157 152 144 147 147 146
 147 147 146 147 149 149 148 146 144 144 145 146 146 148 145 147 147 147
 149  30]","[ 29  29 180 180 181 182 182 180 178 175 176 179 182 185 187 186 179 179
 179 178 179 179 179 179 180 179 179 178 179 179 179 179 179 178 180 180
 176 176 176 174 172 173 173 172 171 171 171 171 172 171 169 169 170 170
 170 170 171 172 173 173 170 167 166 165 168 169 170 172 172 170 170 171
 171 169 167 166 165 166 168 169 169 167 166 166 166 165 164 165 166 166
 166 165 166 168 169 168 165 164 165 167 167 165 163 163 162 160 159 160
 163 162 158 153 149 144 136 129 123 121 125 129 132 133 135 136 139 147
 157 164 165 165 166 168 168 164 160 158 155 151 142 137 127 111 105  99
  87  97 107 115 122 129 132 132 133 135 138 145 157 169 177 179 180 179
 179 180 178 176 176 178 182 189 183 169 160 154 150 150 144 144 144 147
 148 146 144 147 148 148 147 145 145 146 147 148 148 150 145 147 146 146
 149  29]","[ 29  28 179 179 181 181 182 180 174 171 173 178 182 185 185 182 181 181
 180 180 180 180 180 180 178 178 178 179 180 181 180 179 179 176 179 181
 175 174 176 174 174 174 173 171 170 171 171 170 170 169 168 168 169 171
 172 172 171 172 173 173 170 167 165 165 169 169 170 171 171 170 170 171
 167 167 168 168 168 168 168 168 171 169 167 166 164 163 163 165 165 166
 165 165 166 168 169 168 166 166 166 167 165 163 161 162 161 160 159 161
 162 161 159 158 153 146 137 129 122 117 119 123 129 130 132 135 138 145
 154 161 165 166 167 167 167 165 162 161 158 152 144 143 134 125 115 117
 109 115 117 115 117 124 130 131 134 136 139 143 154 168 177 178 179 178
 178 179 177 174 174 176 179 178 162 146 146 147 145 146 144 145 143 141
 145 148 148 146 145 146 147 147 147 148 149 149 149 151 146 147 147 146
 150  30]","[ 29  29 179 179 180 182 183 183 180 178 178 180 180 179 179 181 181 179
 181 182 180 178 179 180 178 177 175 172 172 176 179 179 179 179 180 179
 178 176 174 174 174 173 172 171 171 171 171 171 170 170 171 172 171 169
 168 167 170 172 171 168 165 165 166 165 164 166 168 170 170 169 168 167
 167 170 170 168 167 165 165 167 166 167 168 167 164 162 163 164 161 163
 165 166 166 167 167 168 167 167 167 167 167 165 163 162 159 158 159 160
 161 161 159 157 152 150 147 134 123 120 119 117 123 129 131 133 137 138
 143 154 165 166 165 165 167 166 163 162 160 154 150 144 136 131 129 125
 117 117 116 114 115 119 125 128 131 135 139 148 157 164 174 179 179 178
 179 178 174 173 175 177 170 155 144 146 147 146 146 146 145 146 146 146
 146 147 147 146 146 146 146 147 148 148 148 147 148 150 146 150 150 148
 149  29]","[ 30  28 179 179 180 181 183 182 182 180 180 181 181 179 179 180 178 177
 180 182 180 179 179 179 179 179 177 175 174 176 180 182 179 179 180 180
 179 178 175 174 174 174 174 173 172 171 171 171 170 171 172 172 170 168
 169 170 171 172 170 168 167 169 169 168 166 166 168 169 169 166 165 165
 167 170 170 168 168 166 164 165 165 165 166 165 163 161 161 160 163 164
 166 167 167 167 167 168 169 168 168 167 165 162 159 158 159 160 158 155
 157 161 160 155 147 146 144 134 124 120 116 115 122 131 136 136 135 134
 139 151 162 166 167 167 168 165 162 161 159 156 153 150 142 135 130 126
 124 122 119 115 113 116 121 125 130 133 137 151 163 169 174 178 178 178
 177 175 173 173 169 160 153 144 140 144 145 144 146 147 147 148 149 149
 148 147 146 145 146 146 146 147 147 147 146 145 147 149 145 148 147 146
 147  28]","[ 30  29 180 179 180 180 181 180 181 179 179 180 179 178 177 178 176 175
 178 180 178 178 179 179 178 178 177 176 175 176 179 183 180 179 178 178
 179 178 176 174 172 174 174 172 171 170 170 171 169 170 172 171 168 167
 169 172 173 172 170 168 168 171 170 169 166 165 166 169 168 165 165 166
 166 168 168 168 168 167 164 163 165 165 165 166 165 164 162 161 165 166
 167 167 168 168 168 168 169 168 167 166 164 161 158 156 154 157 157 156
 159 161 159 153 146 142 140 131 121 118 116 118 124 134 139 139 136 132
 135 145 152 160 166 167 167 166 164 163 159 157 155 152 148 140 132 131
 132 128 123 118 114 114 119 124 127 134 139 151 163 168 174 179 182 179
 179 178 172 165 156 149 144 141 142 145 144 144 146 148 148 149 150 149
 148 147 146 146 146 147 147 147 146 146 145 145 148 149 146 148 147 146
 148  30]","[ 30  29 181 180 180 180 180 179 177 176 176 177 178 177 176 175 175 174
 175 176 175 176 179 180 176 175 175 175 174 174 177 180 181 178 175 175
 176 177 176 175 173 174 173 171 169 169 170 169 168 169 170 170 169 168
 169 171 172 172 170 169 169 171 170 168 166 165 166 170 169 165 164 166
 165 166 165 165 167 167 164 163 165 165 166 167 167 166 165 164 166 167
 167 167 168 168 168 167 169 167 164 163 162 162 160 157 154 154 157 161
 162 160 156 155 149 143 140 132 123 120 120 122 128 133 137 138 136 133
 133 137 144 154 161 164 167 167 166 165 161 159 154 152 152 146 139 140
 137 132 127 123 119 117 121 127 127 137 140 146 157 166 174 179 178 176
 177 173 162 151 148 149 145 144 145 146 144 144 147 147 146 147 147 146
 145 146 147 147 146 147 148 147 146 145 145 145 146 146 144 145 144 144
 145  28]","[ 29  30 181 181 180 179 179 178 177 175 175 176 178 178 176 174 172 172
 173 173 173 175 178 178 177 175 174 175 174 174 175 177 179 177 174 174
 175 176 176 176 175 175 173 170 169 170 170 170 171 171 171 172 172 171
 170 169 168 170 170 170 171 172 171 169 167 166 168 171 169 163 161 163
 166 165 163 162 164 165 164 163 163 165 166 166 165 164 165 165 167 167
 167 168 168 168 167 167 168 165 162 162 163 163 159 155 152 152 154 157
 157 154 152 153 149 144 143 137 129 125 122 123 128 131 135 136 136 133
 132 132 142 150 157 162 166 168 166 165 163 160 154 152 155 151 146 146
 140 135 131 127 123 120 123 127 131 135 136 145 159 168 175 179 180 179
 173 162 150 146 147 147 146 144 143 144 143 145 146 144 144 145 146 145
 145 146 147 147 145 146 147 146 145 144 144 145 145 146 145 146 144 144
 144  28]","[ 28  29 181 181 180 179 179 177 177 176 176 177 178 178 176 173 171 172
 174 175 174 176 178 177 179 177 175 174 174 173 174 175 174 175 175 175
 175 175 175 175 176 175 172 168 168 170 171 170 174 172 171 172 173 172
 169 167 169 171 171 171 171 172 170 167 165 165 168 170 169 164 162 164
 167 166 162 160 163 164 163 163 164 166 168 167 165 164 164 166 167 168
 168 169 169 168 168 168 167 166 164 163 164 162 157 151 148 152 155 155
 155 155 154 151 150 145 143 138 131 126 123 124 126 130 134 136 135 133
 133 133 137 143 150 158 165 167 165 164 160 157 153 152 154 152 147 145
 142 139 134 130 126 123 122 124 131 130 136 152 163 167 175 180 182 172
 161 153 148 147 147 146 146 143 142 143 144 145 145 142 144 145 147 147
 147 147 146 145 145 146 146 146 145 144 145 145 147 147 147 147 146 146
 145  29]","[ 29  30 182 181 180 178 177 175 175 176 177 177 177 176 174 173 173 174
 176 176 175 176 177 176 178 178 176 174 172 172 173 173 174 175 176 176
 173 172 172 173 174 174 171 167 166 170 172 172 173 172 171 171 171 170
 168 167 172 171 170 168 169 170 168 164 163 164 167 169 168 166 165 166
 167 166 163 161 163 164 163 164 164 167 169 169 166 165 165 166 165 166
 168 168 168 167 167 167 166 166 166 164 163 162 157 153 152 154 156 157
 157 157 155 152 150 146 145 139 132 129 125 124 124 127 132 135 135 134
 134 132 131 136 144 155 164 166 163 162 157 155 155 153 152 151 148 144
 145 142 138 133 129 126 123 122 125 127 138 155 162 166 172 172 163 151
 145 147 147 146 147 149 147 144 143 144 144 145 145 143 146 146 147 147
 147 148 146 145 146 146 146 146 145 144 144 145 144 143 145 145 144 145
 143  28]","[ 29  30 182 181 179 176 175 173 173 176 178 177 176 175 174 174 175 175
 176 175 172 174 176 175 176 178 177 173 171 172 173 174 177 178 179 176
 172 170 171 173 173 174 172 168 167 170 173 174 172 171 171 170 169 168
 168 170 170 169 166 165 167 169 167 164 164 166 169 169 168 167 166 167
 166 166 164 162 164 164 164 165 163 165 168 168 166 165 164 165 161 163
 165 166 165 164 164 164 165 167 166 164 163 162 161 158 158 153 150 151
 151 148 146 146 148 147 149 145 138 133 127 123 122 124 128 133 134 135
 133 129 129 134 142 155 165 165 161 160 157 157 158 157 153 153 152 147
 147 145 140 135 132 129 126 123 122 126 137 152 159 167 170 158 147 146
 147 146 144 144 145 145 147 143 142 142 142 144 147 147 148 147 145 144
 145 146 146 145 146 146 146 145 144 143 143 143 143 142 144 144 144 147
 145  30]","[ 29  31 177 175 174 176 174 174 173 176 177 176 176 173 172 174 175 175
 177 177 174 174 177 178 178 177 176 173 171 170 171 171 174 174 174 173
 173 172 170 168 169 173 173 170 169 171 172 171 171 169 169 171 170 166
 164 165 165 164 162 162 165 166 167 166 164 166 169 169 166 165 167 167
 168 167 165 166 169 167 163 162 162 164 166 166 165 165 166 167 161 164
 166 166 166 164 162 162 161 160 161 162 163 161 161 161 162 152 150 146
 146 148 143 147 150 150 148 146 140 136 135 127 124 116 122 128 131 130
 133 128 127 137 147 153 159 161 161 161 161 160 158 157 156 154 152 150
 147 147 142 135 129 128 126 124 124 122 132 149 159 161 156 148 147 147
 147 146 143 142 144 147 145 144 144 144 145 147 147 147 146 145 145 146
 146 146 145 144 145 146 146 145 144 144 143 142 143 143 144 144 143 142
 141  30]","[ 30  30 172 170 170 170 166 164 167 172 173 170 167 165 167 171 170 172
 176 174 168 168 174 178 173 172 171 169 168 168 167 167 172 170 168 166
 166 166 164 162 168 171 173 170 167 167 168 168 168 166 167 168 166 162
 161 163 163 162 162 162 163 163 163 162 162 163 166 167 164 164 165 165
 164 164 163 164 166 163 160 161 162 162 163 163 163 163 163 163 167 166
 163 162 163 163 160 159 159 159 160 161 161 160 159 158 147 140 140 138
 141 144 140 144 149 151 150 148 143 142 137 123 120 117 116 115 124 126
 130 132 136 145 153 156 158 160 160 161 161 161 160 157 152 150 150 152
 148 146 141 134 128 126 124 123 126 127 136 145 147 148 148 146 146 147
 148 146 143 141 143 147 146 146 146 146 146 147 147 146 145 145 145 145
 146 147 146 143 141 145 146 143 141 143 145 144 145 144 144 144 143 142
 141  29]","[ 29  28 165 161 161 161 156 152 158 159 158 158 163 167 165 164 165 167
 169 167 162 163 168 172 166 166 165 164 164 164 162 161 166 164 162 161
 161 162 161 159 160 164 167 167 164 161 162 163 161 161 161 162 160 156
 156 158 158 159 160 160 160 159 157 157 154 154 157 158 156 156 156 155
 158 159 159 159 160 158 156 157 158 157 157 156 157 157 157 157 160 162
 161 157 158 159 159 159 155 157 158 159 159 160 159 158 154 150 152 150
 151 153 150 152 150 154 154 150 147 146 137 117 109 113 108 101 109 114
 122 133 143 151 157 158 159 159 159 161 163 162 161 159 157 154 152 150
 148 144 139 133 128 124 123 123 123 129 138 142 141 143 146 147 144 146
 147 145 142 139 142 145 146 147 147 147 147 147 147 146 144 145 143 142
 144 146 144 140 138 144 146 142 140 142 144 144 143 143 143 144 142 141
 140  29]","[ 31  28 163 160 159 157 155 152 155 160 162 161 162 164 163 163 163 162
 162 162 160 161 163 163 160 161 162 162 162 161 160 158 160 161 160 160
 160 160 160 158 156 158 162 163 161 158 157 158 156 155 155 156 155 153
 153 154 155 155 155 156 156 155 154 153 152 152 153 154 153 153 152 150
 153 155 155 155 156 155 153 154 153 153 152 152 152 152 152 152 147 152
 154 152 152 154 154 154 150 152 155 156 158 160 161 160 163 161 162 158
 155 156 152 151 151 154 154 153 150 149 139 119 102 102  94  88  96 106
 121 137 145 152 158 159 160 161 160 161 158 157 158 159 159 156 150 145
 146 142 137 133 129 124 122 123 124 129 135 138 138 141 144 143 144 145
 145 144 141 139 140 143 144 145 145 145 146 147 147 146 146 145 142 141
 141 143 141 139 140 145 147 144 143 143 143 141 139 139 141 142 142 142
 141  29]","[ 30  29 163 159 157 155 157 157 156 162 165 163 163 163 162 161 162 159
 159 161 161 161 161 158 156 159 161 162 161 161 160 160 160 161 161 160
 159 159 158 158 160 160 161 162 161 156 154 154 155 153 153 154 154 153
 153 153 155 153 152 152 153 154 153 153 154 152 153 153 152 153 153 151
 153 154 153 153 155 155 153 152 151 151 152 152 152 151 151 151 149 152
 152 152 155 156 153 151 146 148 150 152 155 158 160 161 161 161 161 156
 152 151 148 147 148 150 152 154 154 153 147 132 123 108  95  93 100 116
 135 147 149 155 159 161 163 164 164 163 156 156 156 157 157 154 150 146
 143 139 136 134 130 125 122 123 122 126 128 129 133 139 142 144 145 144
 144 143 141 140 141 143 143 144 144 144 144 146 146 147 147 144 142 142
 142 142 141 142 144 144 144 145 145 144 142 141 138 139 140 142 142 142
 141  29]","[ 28  28 162 159 156 154 159 159 160 162 161 160 163 164 162 160 161 160
 162 163 161 161 161 159 154 157 160 161 160 160 160 161 161 161 161 159
 159 160 161 163 162 160 159 160 159 157 154 153 157 156 155 156 157 157
 156 155 157 155 152 151 153 154 154 154 153 152 152 153 151 152 153 152
 154 154 153 153 155 155 152 151 150 151 152 152 152 152 152 152 152 154
 155 155 155 155 153 153 147 148 149 152 154 156 158 160 160 162 162 158
 153 150 148 146 147 148 152 157 158 158 155 145 131 111 100 102 104 121
 139 146 157 161 162 162 164 166 166 166 162 158 154 152 153 153 150 148
 142 139 136 135 131 126 123 123 119 124 128 130 135 141 144 146 144 144
 143 143 142 142 142 143 143 144 144 143 144 145 146 146 146 143 142 143
 144 142 143 145 145 141 139 141 143 144 143 144 142 141 141 143 142 142
 141  29]","[ 30  29 163 161 160 158 162 162 164 167 168 165 162 160 161 164 161 161
 163 164 162 161 162 161 157 159 160 160 160 160 161 161 161 160 160 159
 160 162 164 165 161 160 158 158 158 158 157 157 159 159 158 159 159 159
 158 157 158 156 154 152 153 155 155 156 154 154 155 155 154 154 155 155
 153 155 154 153 155 156 153 152 152 152 152 152 152 152 152 151 149 152
 154 153 152 149 150 154 150 149 150 153 155 154 155 158 159 161 160 158
 152 147 145 143 146 149 153 159 161 162 161 151 129 114 104 107 109 128
 146 152 161 164 165 164 165 166 166 166 166 159 153 151 152 153 150 146
 144 142 139 137 133 128 124 123 125 131 134 136 141 143 142 143 143 143
 144 144 144 143 143 143 143 144 144 144 144 145 146 146 144 142 141 143
 144 143 142 142 143 141 139 140 141 143 144 145 144 142 141 141 141 140
 140  28]","[ 29  28 160 161 161 159 163 161 162 162 161 162 164 163 162 162 163 161
 161 162 162 163 163 161 163 163 162 161 161 161 162 162 161 160 160 160
 161 163 163 162 163 162 160 158 159 160 160 160 159 160 160 160 159 158
 157 157 158 157 155 154 154 155 156 157 155 155 157 157 154 154 155 155
 153 155 155 154 156 157 156 155 154 152 151 151 153 153 152 151 154 154
 154 155 156 152 150 152 152 149 150 154 154 152 152 155 159 161 161 159
 154 148 145 143 143 148 154 160 163 165 165 154 138 122 106 104 109 131
 146 152 161 166 167 167 167 167 165 165 167 165 162 160 157 155 153 151
 147 145 142 139 135 130 126 123 129 131 131 134 142 145 144 145 142 144
 146 147 146 144 144 145 142 143 144 144 144 145 145 145 144 143 142 143
 144 144 141 138 142 144 144 142 142 144 146 146 143 141 139 138 138 139
 139  28]","[ 29  30 160 162 162 163 163 161 161 161 160 160 163 166 166 164 166 162
 160 161 162 163 164 166 166 167 164 162 164 163 161 162 163 162 162 162
 161 160 161 164 162 163 161 159 160 161 161 160 158 160 161 160 159 157
 156 155 159 158 155 152 152 155 158 158 154 154 156 159 159 156 154 155
 155 154 155 156 155 154 153 154 154 154 152 153 154 153 151 152 152 154
 154 154 154 155 154 152 152 150 149 151 153 152 151 154 159 162 164 162
 155 149 145 144 145 145 152 160 162 166 167 161 143 130 114 118 120 139
 151 162 164 167 168 167 167 167 166 164 165 165 164 161 158 158 156 151
 150 148 145 138 135 131 124 123 128 132 135 137 141 143 143 144 143 143
 143 143 144 146 146 146 143 140 141 144 145 146 146 144 142 144 146 145
 144 143 143 143 144 145 143 144 143 137 133 136 140 139 139 138 138 137
 136  29]","[ 29  29 160 163 164 165 165 162 161 160 160 160 162 165 166 167 166 162
 159 160 161 163 165 167 164 165 165 164 165 163 162 163 161 162 162 162
 162 162 161 161 164 164 163 161 161 161 160 159 158 159 159 159 158 157
 155 154 155 155 155 154 155 158 158 157 154 154 155 157 156 154 153 155
 155 154 154 154 154 152 153 154 155 155 152 151 152 153 152 153 153 154
 154 154 154 155 155 153 152 152 151 152 154 152 152 154 159 160 161 158
 155 152 151 151 148 144 146 155 162 170 171 164 149 137 122 124 125 143
 154 165 164 167 168 167 167 168 167 166 164 164 164 162 159 158 157 153
 152 147 143 137 133 128 123 125 127 133 137 139 141 140 139 140 142 142
 142 141 142 143 144 144 143 141 141 144 145 145 145 143 144 145 146 146
 144 143 144 145 145 144 144 145 143 138 136 138 139 139 140 139 137 135
 135  30]","[ 29  29 160 162 164 166 165 162 161 160 160 160 161 162 165 168 165 163
 160 159 160 162 165 166 164 163 164 164 162 160 160 161 160 161 161 160
 161 162 162 160 164 163 162 162 161 160 159 159 159 160 159 158 158 158
 156 155 153 153 152 153 155 157 156 154 154 154 154 154 153 152 152 154
 155 154 153 153 152 151 152 154 153 154 152 151 152 152 152 152 153 154
 155 154 154 154 153 151 152 154 153 153 154 153 154 156 160 160 161 160
 157 154 152 151 146 140 142 148 155 160 157 147 143 135 125 127 129 145
 155 163 164 166 167 166 166 167 167 166 164 162 162 162 160 158 156 154
 152 146 142 138 134 129 125 128 128 134 138 139 140 138 137 138 142 143
 143 142 142 143 143 143 143 141 142 144 144 145 145 143 144 143 142 143
 142 141 143 145 145 142 142 144 141 137 136 137 137 138 140 138 134 132
 133  29]","[ 30  29 161 161 162 164 163 162 162 160 160 161 161 160 163 166 165 164
 162 159 159 161 163 163 165 161 161 162 159 158 161 162 160 160 159 159
 159 160 161 161 161 160 159 160 160 158 158 160 159 160 160 159 158 158
 157 156 155 154 152 151 152 154 154 153 153 153 154 154 152 151 151 153
 155 154 153 153 152 151 152 154 153 153 152 152 153 151 149 151 153 154
 154 154 153 152 150 148 149 153 153 152 153 154 155 157 162 162 162 161
 159 155 150 147 143 139 140 142 143 142 137 128 133 129 125 130 136 151
 160 164 166 167 168 167 167 167 166 165 165 162 162 163 160 158 156 154
 151 146 145 142 138 134 130 131 131 136 138 138 139 138 138 140 143 144
 145 144 144 144 144 144 143 141 141 143 143 143 143 142 142 139 138 140
 140 138 140 143 143 139 141 143 139 137 138 137 137 137 139 137 133 131
 132  29]","[ 29  30 164 163 161 162 160 162 163 161 161 162 163 161 162 163 162 163
 162 161 160 161 161 161 163 159 159 161 160 161 164 164 159 157 158 160
 159 157 159 163 161 158 157 157 157 157 158 160 157 159 160 159 157 156
 155 155 156 155 153 152 152 153 154 154 153 154 155 155 154 152 152 153
 154 153 153 154 153 151 151 152 153 151 150 153 154 150 149 152 154 153
 153 152 152 151 150 149 148 151 152 151 152 154 155 158 163 161 160 158
 156 153 150 148 144 141 138 137 137 136 133 129 130 129 129 137 146 160
 167 168 168 169 170 169 168 167 166 165 165 162 162 163 160 158 157 156
 150 146 147 143 138 137 134 132 134 137 138 138 139 140 140 141 141 142
 143 144 144 145 144 144 141 138 139 140 140 140 140 139 140 137 136 139
 139 138 138 141 140 138 140 143 140 139 140 139 138 136 137 136 134 132
 133  29]","[ 28  30 168 166 162 162 159 162 163 161 161 162 164 163 162 162 160 161
 162 161 161 160 160 160 160 158 159 159 160 161 162 160 157 155 157 162
 161 157 157 161 161 159 158 157 156 156 157 158 156 158 160 158 156 154
 154 154 154 154 154 154 155 155 155 156 154 155 157 157 155 154 154 154
 154 153 153 153 153 151 150 151 153 150 147 149 151 149 149 152 154 153
 151 150 150 151 152 153 150 152 152 152 154 155 157 160 161 161 160 158
 156 152 147 144 142 139 136 136 139 141 138 134 130 128 130 137 147 159
 166 166 168 169 169 170 168 167 166 165 163 161 161 160 158 157 157 155
 151 147 147 142 136 136 135 133 135 138 138 138 140 140 139 139 138 139
 140 141 143 144 144 143 140 137 137 138 138 139 139 137 138 136 136 138
 139 138 138 140 140 139 141 141 138 136 136 136 138 135 134 134 133 132
 132  29]","[ 29  30 169 165 161 161 158 161 162 161 160 161 162 162 163 162 161 160
 161 161 160 158 159 161 160 162 161 158 159 159 158 157 158 157 158 162
 162 159 157 158 158 159 159 157 156 157 157 157 157 159 159 158 155 154
 154 154 153 153 153 155 156 156 155 155 154 155 156 156 155 155 154 154
 154 153 153 154 154 152 151 151 152 150 147 146 148 149 149 150 153 151
 150 151 151 152 153 154 152 152 151 152 155 157 158 162 162 163 163 161
 157 151 145 141 138 138 138 140 144 145 140 136 130 128 131 138 147 156
 162 162 166 166 167 168 167 166 165 166 163 161 160 158 156 156 157 154
 152 146 146 143 136 136 136 135 136 138 139 138 140 139 138 138 137 138
 138 139 142 143 143 142 140 137 136 138 138 139 139 137 136 136 137 138
 138 138 138 139 139 141 140 138 136 133 131 133 136 132 132 132 132 131
 132  29]","[ 29  29 167 162 157 159 156 161 161 161 160 158 159 161 162 162 162 161
 160 161 159 157 158 161 161 166 163 158 159 160 160 160 160 159 158 160
 161 161 159 157 155 157 158 158 157 158 158 157 159 159 158 157 155 154
 154 154 155 153 153 154 156 156 154 153 154 155 155 154 153 154 154 154
 156 154 153 154 155 154 152 152 152 153 150 147 149 151 149 147 150 150
 151 152 153 153 152 151 151 149 148 150 154 156 158 163 165 165 164 161
 156 151 147 145 137 140 141 143 146 145 141 140 132 132 137 145 153 159
 164 165 165 165 166 167 167 166 166 167 165 163 162 158 155 157 157 154
 152 144 146 146 139 136 136 136 137 140 139 138 139 138 138 139 139 138
 137 138 140 142 141 140 140 136 136 137 138 139 139 137 135 136 137 137
 137 138 138 138 137 140 139 137 137 134 133 137 135 131 131 131 131 131
 132  29]","[ 29  30 161 161 159 158 158 157 158 154 153 156 158 158 159 161 160 161
 162 162 160 159 158 158 162 162 160 158 159 161 161 160 161 160 160 160
 160 158 155 154 154 155 158 157 156 157 159 157 158 159 159 158 155 153
 154 156 154 152 152 154 157 157 156 155 154 153 152 152 153 154 155 155
 153 153 154 154 154 153 152 152 149 148 148 148 148 150 152 150 154 151
 149 147 146 147 149 151 149 146 148 152 155 155 156 160 160 162 164 162
 156 150 148 147 144 144 145 147 149 148 144 142 138 138 146 155 159 162
 165 168 168 169 167 166 167 167 165 164 164 159 156 155 155 155 155 153
 149 145 145 145 140 136 135 136 138 139 139 138 138 138 137 139 141 140
 139 139 139 138 138 138 138 137 137 137 137 137 137 138 134 134 134 135
 137 137 137 137 136 138 140 139 135 132 131 131 131 130 131 134 131 131
 130  29]","[ 29  30 161 162 160 160 161 161 159 156 154 156 157 158 159 161 162 163
 163 162 161 160 159 159 159 159 159 159 160 160 159 158 161 161 160 158
 156 155 155 155 154 154 155 155 155 157 158 155 155 156 156 156 155 154
 155 156 155 154 153 154 156 155 154 154 152 151 151 152 153 153 152 150
 151 151 152 153 153 152 151 151 150 149 150 150 149 150 152 151 149 147
 146 145 145 146 148 150 151 148 148 151 153 153 157 161 162 164 165 163
 159 154 150 149 146 145 146 149 149 148 146 146 143 142 147 155 159 163
 166 168 171 172 169 165 165 164 162 162 160 156 153 153 153 153 153 152
 150 146 145 145 141 137 137 137 138 139 138 137 138 138 138 140 142 140
 140 139 139 139 138 138 138 137 136 137 138 138 138 138 137 134 130 130
 133 135 134 132 133 135 136 137 135 133 131 129 130 130 131 135 133 133
 132  31]","[ 29  29 161 162 161 162 163 163 162 160 158 156 156 158 159 160 162 163
 164 162 162 162 162 161 160 159 159 160 160 160 160 160 156 158 158 154
 151 152 154 154 155 154 154 155 157 160 160 156 153 153 154 155 155 155
 155 156 156 155 154 154 154 154 154 154 153 152 152 153 154 153 151 148
 150 151 152 153 152 152 151 151 151 149 150 151 149 148 150 150 146 145
 145 145 145 145 146 147 149 148 150 153 155 154 156 159 162 163 164 163
 160 156 152 150 150 148 149 151 149 145 143 143 146 146 150 156 161 165
 168 167 169 170 168 166 164 161 159 159 157 153 151 151 150 151 151 150
 150 146 145 144 141 137 137 137 138 139 138 137 138 138 138 140 141 140
 140 140 139 138 137 138 139 138 137 138 139 139 138 137 140 136 132 131
 132 133 132 131 133 133 133 133 133 133 131 129 130 130 130 134 132 132
 130  30]","[ 29  29 161 162 161 161 162 163 164 163 160 157 156 157 159 158 161 162
 163 161 161 163 163 162 159 156 155 155 155 154 156 158 158 161 162 160
 159 161 161 159 155 154 154 155 157 160 160 157 154 154 155 155 155 154
 154 155 155 154 154 154 154 154 155 156 157 155 154 152 152 151 151 151
 151 152 154 154 153 152 152 152 152 149 150 151 149 147 147 147 146 146
 146 147 147 146 146 146 146 146 148 152 154 154 155 157 162 162 162 161
 160 156 153 150 146 146 148 152 151 146 143 145 146 149 155 160 165 169
 171 168 168 168 165 163 162 159 157 157 155 151 150 150 149 149 149 147
 145 142 142 141 138 136 137 136 138 140 139 139 139 137 136 137 138 139
 140 139 137 134 134 136 138 138 138 139 139 137 136 135 136 138 138 136
 133 131 131 133 133 132 130 130 130 130 130 129 129 129 128 131 130 130
 128  29]","[ 30  29 161 161 160 161 162 162 161 162 160 157 156 158 159 158 159 161
 161 160 160 162 162 162 159 156 154 153 153 153 155 158 155 157 157 156
 158 160 158 154 153 153 154 154 155 157 158 156 156 156 157 157 155 153
 154 155 154 154 154 154 154 154 156 157 157 156 153 150 148 148 150 152
 151 152 154 154 153 152 151 152 153 149 149 151 149 147 147 146 145 145
 146 148 149 148 147 147 146 144 144 147 150 152 156 159 162 162 161 161
 160 158 155 152 147 147 150 154 152 147 145 148 150 154 161 165 168 172
 174 171 172 169 163 159 159 157 155 156 152 149 148 148 147 147 146 145
 141 139 139 139 136 134 135 135 135 138 139 139 139 137 133 133 136 138
 139 139 135 132 132 134 137 138 139 138 136 134 133 133 132 136 138 136
 132 129 129 131 131 131 130 129 128 128 129 129 129 129 126 129 130 130
 128  31]","[ 30  29 160 161 161 162 161 161 157 158 158 157 157 159 160 159 158 159
 160 160 159 159 160 161 162 160 158 157 157 157 158 160 160 158 156 155
 157 160 158 154 154 156 158 157 155 156 158 158 157 157 157 157 155 153
 154 155 154 154 154 154 154 154 155 157 155 154 152 149 147 147 148 150
 151 152 153 153 153 151 151 151 151 148 147 149 149 148 148 146 147 147
 148 149 150 148 147 145 146 145 145 148 151 153 156 158 162 161 161 161
 160 159 156 154 152 152 154 155 152 147 147 150 154 158 164 167 167 170
 173 173 170 167 163 161 161 158 153 152 149 146 146 146 146 146 145 143
 142 141 140 139 134 131 131 130 131 135 137 139 139 136 132 132 135 136
 138 138 135 132 131 133 135 137 138 138 135 132 131 132 133 134 134 132
 131 129 129 130 130 130 131 131 130 130 129 129 130 130 126 127 128 128
 126  29]","[ 30  28 159 161 161 162 160 159 156 157 158 159 160 160 160 159 158 158
 159 160 159 157 158 160 161 160 159 157 158 159 160 159 162 160 157 156
 157 159 158 157 157 159 161 159 155 155 158 158 157 157 156 156 154 153
 154 155 155 154 153 153 154 154 154 154 154 153 150 148 147 148 149 149
 151 152 152 153 153 152 151 151 150 148 148 149 148 149 150 148 149 148
 148 149 149 148 146 144 145 146 148 151 151 152 153 155 159 160 161 161
 160 158 155 154 152 153 155 155 154 152 153 155 157 160 165 168 167 168
 170 170 166 164 162 162 161 156 150 149 146 143 143 145 145 145 144 142
 143 142 142 140 134 131 130 129 131 135 137 139 139 136 132 131 134 134
 135 136 136 134 132 131 133 134 136 136 134 132 131 132 134 132 131 130
 130 131 131 130 130 130 130 130 131 131 131 131 130 131 125 126 127 127
 124  27]","[ 29  28 159 160 161 161 159 157 158 158 160 162 162 161 159 158 157 156
 158 161 159 156 157 161 162 161 159 157 157 160 161 160 161 159 158 157
 157 158 159 160 157 158 160 157 152 152 154 155 158 157 155 154 154 153
 153 153 155 153 152 153 153 153 153 153 155 153 149 147 147 149 149 150
 150 150 151 152 152 152 151 150 151 150 150 150 149 150 151 149 148 147
 147 149 150 149 147 146 146 147 149 148 147 147 150 153 157 159 161 161
 160 157 155 153 154 157 159 158 156 154 154 155 158 160 166 170 169 168
 168 167 169 165 160 157 155 150 146 147 144 141 140 142 143 143 142 139
 139 140 141 140 135 133 133 133 134 137 139 139 139 136 132 132 133 132
 132 134 136 135 132 130 130 130 132 133 132 131 131 131 131 130 130 129
 129 130 130 131 131 130 128 127 128 129 130 131 127 128 124 125 128 128
 126  30]","[ 30  29 158 158 157 158 160 160 160 160 160 163 164 159 157 161 157 159
 161 159 156 156 160 161 163 160 158 159 160 160 159 158 159 159 159 159
 160 161 161 160 157 157 157 156 153 151 151 153 153 153 155 155 152 149
 150 152 154 151 151 153 154 151 149 150 151 152 153 152 151 152 152 152
 152 150 148 148 148 149 150 151 151 150 148 147 148 149 150 148 147 146
 147 150 151 150 148 148 146 147 147 148 149 148 149 153 154 157 160 164
 163 157 155 153 156 158 162 164 163 160 158 159 160 165 169 171 171 172
 171 169 166 166 160 155 154 149 144 143 142 142 141 141 142 143 141 138
 140 139 140 142 140 136 134 135 135 135 135 136 137 137 134 132 134 132
 132 134 136 135 134 133 130 131 131 131 131 131 131 130 126 126 127 130
 131 130 128 128 128 125 123 123 124 126 127 130 127 125 125 126 127 127
 129  30]","[ 29  28 158 158 158 159 161 161 161 158 157 162 165 160 155 154 157 155
 155 155 155 159 162 161 160 159 159 160 160 159 158 157 156 158 160 159
 158 158 159 159 154 154 155 156 156 155 153 153 155 154 153 153 152 151
 151 153 153 151 151 152 151 150 150 151 153 153 152 151 151 152 152 151
 151 151 149 146 146 149 151 151 151 151 149 145 144 146 149 150 147 147
 148 149 149 148 146 145 145 146 146 146 147 146 148 153 153 156 159 165
 165 159 158 158 160 161 163 163 162 161 160 159 164 168 172 172 172 172
 171 168 167 164 156 152 152 150 147 147 145 144 143 142 143 144 142 139
 142 141 141 143 142 138 135 135 135 135 135 134 134 134 133 131 134 134
 135 135 135 134 131 130 129 130 131 132 131 130 129 128 126 126 127 130
 129 127 125 126 128 124 122 121 122 123 123 123 125 126 128 129 127 125
 126  27]","[ 29  29 160 160 158 158 159 159 159 158 157 160 162 157 152 152 155 153
 152 152 154 159 163 162 159 160 161 161 159 157 157 159 158 159 160 159
 159 158 158 157 156 154 153 154 156 158 159 159 157 155 154 154 155 154
 153 153 152 152 152 151 150 150 152 153 155 154 153 153 154 153 151 149
 147 152 152 147 146 150 152 148 148 152 152 148 144 145 147 147 146 148
 148 147 147 148 146 145 144 145 146 145 145 145 147 151 153 155 159 166
 167 163 162 163 162 164 164 164 163 163 162 160 165 169 172 173 172 172
 170 168 165 160 154 153 154 151 146 146 146 146 144 144 145 146 146 143
 145 143 142 144 143 139 135 135 136 136 135 133 132 131 132 132 132 133
 134 133 133 133 132 130 130 129 130 131 130 129 129 130 127 127 128 130
 128 125 124 125 128 125 122 122 123 123 122 121 123 126 131 131 128 124
 126  28]","[ 29  30 161 161 159 158 158 158 160 158 157 157 159 156 153 154 154 155
 156 155 153 157 162 163 160 161 161 160 157 156 158 161 160 158 155 155
 157 158 156 152 156 154 152 153 155 157 159 160 156 155 155 156 156 155
 153 151 152 153 153 151 151 153 154 154 154 154 154 155 155 153 149 145
 148 152 152 147 147 151 152 149 148 152 153 149 145 146 147 146 146 149
 149 147 147 148 147 145 144 146 146 145 146 145 145 147 152 153 157 166
 169 165 164 164 163 166 167 166 166 166 165 162 163 166 170 172 172 171
 170 168 166 160 155 155 154 149 145 145 145 146 146 145 146 148 148 148
 146 144 143 142 140 136 134 133 135 136 135 133 131 131 132 132 130 131
 131 129 130 132 133 132 129 127 127 130 132 130 129 130 128 127 127 128
 127 124 123 124 127 125 123 123 123 124 123 123 125 128 132 131 128 125
 128  30]","[ 28  29 161 161 159 159 159 159 161 158 153 154 159 159 155 153 154 156
 159 158 155 156 159 160 158 159 160 160 158 157 159 161 161 158 154 154
 157 158 157 154 153 152 153 154 154 154 154 154 154 154 155 155 155 153
 152 151 152 153 153 152 152 154 154 153 151 152 153 153 152 150 148 145
 150 150 148 145 147 151 153 152 151 152 149 145 143 146 148 147 147 149
 149 147 146 147 146 144 146 146 145 143 144 144 144 146 150 150 153 162
 167 165 164 163 164 167 168 166 166 167 167 165 162 165 168 171 172 171
 170 168 168 161 156 154 150 146 145 146 145 147 148 147 147 148 149 149
 147 145 143 140 135 131 130 131 134 135 135 134 132 131 130 130 131 132
 130 128 129 132 132 130 127 125 126 130 132 130 127 125 126 124 123 125
 126 124 123 123 125 124 123 122 122 123 123 124 127 129 131 130 127 125
 128  28]","[ 29  30 161 161 159 157 157 156 157 157 155 156 159 159 156 154 154 156
 158 159 157 158 158 156 155 157 159 161 160 158 157 158 158 157 156 156
 157 159 159 158 155 155 154 154 153 151 151 152 154 154 154 154 153 153
 153 154 153 153 153 152 153 155 154 153 151 152 152 151 150 150 150 149
 148 147 146 148 151 152 151 150 151 150 147 145 145 146 147 146 145 147
 147 146 146 146 146 144 146 146 143 140 141 142 143 146 147 149 152 161
 166 166 166 164 165 166 165 163 162 164 166 167 164 165 168 170 171 170
 168 167 165 160 157 155 150 146 145 145 145 148 150 150 150 151 152 152
 148 146 143 138 133 130 130 132 133 134 134 133 131 130 129 128 129 130
 131 130 131 132 131 129 130 127 124 125 126 125 124 124 125 122 122 125
 126 125 123 123 125 125 125 123 123 123 124 124 123 125 129 129 129 128
 129  28]","[ 30  30 161 161 158 157 156 155 155 158 158 158 158 158 156 156 155 156
 158 159 158 159 158 155 155 157 160 162 160 157 155 155 153 154 154 155
 156 158 157 156 159 158 157 155 154 152 153 154 155 155 154 153 153 154
 155 155 154 154 153 152 153 153 154 154 152 152 152 151 151 152 152 151
 148 148 148 151 154 153 150 148 149 149 149 148 147 146 146 146 145 145
 145 146 146 145 144 143 144 145 143 139 139 140 141 144 145 149 154 161
 165 166 168 166 166 165 162 161 161 163 166 168 169 169 169 170 169 168
 167 167 163 160 160 158 153 150 149 146 149 150 152 152 153 154 152 150
 146 144 140 135 131 130 132 134 133 133 133 131 131 130 129 128 126 128
 130 131 130 129 129 129 132 130 126 123 122 123 124 126 124 123 124 127
 129 126 124 124 126 126 126 125 125 126 126 125 122 124 127 129 130 130
 131  29]","[ 29  29 160 161 161 160 160 159 158 159 158 157 159 160 157 156 154 156
 160 160 158 158 159 157 158 160 162 162 159 155 154 154 156 155 155 157
 161 162 158 154 157 157 157 158 157 154 152 151 154 154 154 154 154 155
 154 152 154 153 152 151 150 151 152 154 150 150 151 151 151 151 149 147
 154 152 150 149 151 152 152 150 151 150 150 149 146 144 146 150 148 147
 146 146 146 143 140 139 141 145 145 141 139 138 139 141 144 150 155 161
 164 165 168 167 167 164 162 163 165 166 168 170 173 172 171 171 170 169
 168 168 168 164 162 160 155 154 155 152 154 154 153 153 154 153 148 143
 141 139 135 132 130 130 132 134 134 133 131 130 131 131 131 129 126 127
 130 130 128 125 126 128 129 130 130 127 125 125 125 126 124 124 126 130
 130 127 124 124 124 125 125 124 126 127 126 124 126 128 130 129 130 131
 132  30]","[ 28  30 161 161 162 162 160 158 161 162 160 158 157 157 156 155 154 158
 161 160 157 155 156 158 159 159 159 160 160 158 156 153 157 155 155 158
 161 160 157 155 153 154 156 158 158 156 153 152 155 156 155 154 152 152
 153 154 154 154 153 150 148 147 149 151 149 152 153 151 150 151 150 149
 149 149 149 149 151 152 151 149 152 150 150 149 147 146 147 146 146 147
 146 144 142 142 143 143 142 143 144 144 143 141 141 141 144 150 155 157
 159 161 164 167 165 165 166 166 167 169 170 172 173 174 174 173 173 172
 172 172 171 166 162 162 162 161 159 157 154 154 156 155 153 152 149 144
 140 136 133 132 130 130 132 131 129 130 130 130 130 131 130 129 131 131
 130 128 126 125 126 127 125 128 130 131 131 130 129 127 127 124 127 131
 131 128 127 127 122 124 124 125 130 132 131 129 127 128 130 132 134 137
 138  28]","[ 28  30 161 162 162 162 160 160 158 158 157 156 156 157 157 156 152 154
 157 158 157 156 155 156 159 160 160 160 160 159 157 157 157 155 155 157
 159 159 157 156 155 154 153 155 157 157 153 150 155 156 156 154 153 153
 154 154 156 155 153 150 147 146 147 148 150 151 151 150 150 151 151 148
 149 150 150 150 150 151 149 148 148 147 148 148 146 146 147 146 146 146
 146 144 144 144 144 144 143 143 143 143 143 143 142 141 144 149 152 154
 157 159 162 165 165 167 169 170 170 171 171 171 173 174 176 178 178 178
 176 175 174 171 168 166 164 162 159 157 154 153 155 156 155 154 150 145
 141 137 133 131 129 129 131 131 130 129 130 131 131 131 131 132 131 131
 131 130 129 128 129 129 132 133 134 135 135 135 133 131 130 130 133 136
 134 131 130 130 132 138 139 137 134 132 132 135 132 132 131 132 134 137
 139  29]","[ 28  29 161 162 161 159 157 159 160 159 158 159 160 160 161 161 157 156
 154 154 155 156 157 158 160 160 161 160 159 158 158 158 158 156 155 156
 157 156 156 156 158 155 153 154 156 156 155 153 154 155 155 154 153 153
 154 153 153 153 151 150 148 148 149 150 151 150 149 148 150 152 151 148
 150 151 151 151 151 149 148 147 147 147 148 148 146 146 146 145 146 146
 145 145 145 146 145 144 143 142 141 142 143 143 142 140 145 149 152 154
 157 160 163 166 169 170 172 173 172 171 170 171 172 173 176 179 181 181
 179 177 172 170 168 167 165 162 159 158 155 154 155 157 157 156 153 147
 142 138 134 132 130 130 132 131 133 132 131 133 134 134 135 136 133 134
 134 134 133 132 131 132 135 135 135 135 136 136 134 132 133 134 137 137
 133 132 132 131 129 132 132 131 131 131 132 134 134 133 132 133 134 138
 140  31]","[ 29  29 160 161 159 155 154 157 162 160 159 160 161 160 160 161 164 161
 158 157 157 159 159 159 159 160 160 159 158 157 157 157 158 157 156 157
 156 154 154 155 156 155 155 155 155 155 156 157 153 154 155 154 153 153
 153 152 151 151 151 151 151 152 152 153 153 151 149 149 150 152 152 150
 151 152 153 153 152 149 148 147 147 147 149 149 147 146 146 145 145 146
 146 145 145 145 145 144 143 142 141 142 143 143 142 141 145 149 152 155
 159 161 164 167 168 170 171 171 170 170 171 172 171 172 173 175 178 179
 178 177 170 168 166 165 164 162 160 159 159 156 157 158 157 156 153 149
 142 139 136 135 133 133 134 133 135 135 135 134 135 137 138 138 135 136
 136 135 133 132 131 131 134 133 133 132 133 134 133 131 132 133 134 132
 130 131 132 131 135 133 129 128 131 133 134 135 136 135 135 135 136 139
 140  29]","[ 29  30 160 161 159 156 155 159 162 161 160 161 160 158 158 158 163 163
 163 163 162 161 158 156 159 159 159 159 158 157 157 157 158 157 158 159
 158 156 155 156 154 154 153 154 154 154 155 156 153 154 154 154 154 153
 152 151 152 152 152 153 153 153 153 153 154 153 152 151 151 152 153 153
 152 152 154 154 152 149 147 146 143 144 147 148 146 146 147 146 146 147
 148 146 145 144 144 144 143 142 142 142 143 144 144 144 142 147 151 153
 156 158 160 163 161 163 166 168 169 170 173 175 174 174 174 175 176 177
 177 176 174 170 167 166 166 165 162 160 160 157 157 157 155 154 153 150
 144 140 138 136 134 134 135 135 134 137 136 133 134 137 138 136 133 133
 133 132 131 130 130 130 132 132 132 131 131 132 132 132 130 131 131 130
 130 132 133 131 133 133 131 128 129 129 131 135 139 138 137 137 137 139
 139  27]","[ 28  29 159 160 160 158 158 161 163 162 162 161 160 159 159 159 162 162
 162 162 161 160 158 156 159 159 158 158 158 158 158 158 158 158 159 160
 160 158 157 157 155 152 151 153 156 157 156 154 154 154 154 154 155 155
 153 151 151 151 151 152 152 153 153 153 154 153 153 151 150 150 152 154
 151 151 152 153 151 147 145 145 144 145 148 149 147 147 148 147 148 149
 150 148 146 146 146 146 143 143 143 142 143 144 145 145 143 147 149 151
 154 155 156 158 158 161 165 168 171 172 174 176 178 178 178 178 179 178
 177 175 176 171 167 167 168 167 165 163 159 156 156 156 154 153 151 149
 147 142 138 135 133 133 135 135 131 135 135 132 131 133 134 132 131 131
 130 130 130 130 130 130 130 131 132 131 130 131 132 133 128 128 130 131
 132 134 134 130 129 132 133 133 132 131 133 137 139 137 136 136 137 140
 141  30]","[ 28  29 159 158 159 159 159 160 161 162 161 159 158 158 159 160 162 161
 159 158 158 158 158 159 159 159 159 159 158 158 159 160 160 159 158 160
 160 158 157 157 156 154 153 155 157 158 156 155 153 154 154 154 155 155
 154 152 151 151 151 151 152 153 154 155 153 153 153 151 149 149 151 154
 152 151 152 154 153 150 148 149 150 151 153 153 150 149 150 149 151 152
 152 151 150 150 150 150 146 146 145 144 144 144 145 145 146 148 148 149
 153 155 155 156 159 162 166 170 173 175 176 176 180 180 180 180 179 177
 176 175 174 170 166 166 168 168 166 165 159 156 156 158 157 154 151 148
 147 142 138 135 132 132 133 132 130 131 133 132 130 129 129 130 130 130
 130 130 130 130 131 131 129 130 131 130 129 130 131 132 128 127 128 130
 131 133 133 130 130 131 132 132 133 130 129 131 134 134 134 135 138 141
 142  31]","[ 30  30 159 158 159 159 158 158 162 163 162 159 158 160 162 162 161 160
 159 159 159 159 159 158 160 160 160 159 157 157 159 161 162 159 158 158
 159 157 155 155 155 155 156 157 157 157 156 157 152 152 152 153 155 156
 155 153 155 155 153 152 152 153 155 157 154 154 153 152 150 149 151 154
 154 153 155 157 157 155 154 155 154 154 156 156 154 153 153 153 153 153
 153 153 153 154 154 153 152 150 148 147 146 145 145 145 148 148 146 146
 151 155 155 155 159 161 165 170 173 176 178 179 181 180 179 177 176 175
 175 175 175 172 168 168 169 168 166 165 160 157 158 161 160 157 152 148
 146 142 139 137 134 132 131 130 130 130 131 133 131 126 127 130 131 131
 130 130 129 129 129 129 130 130 131 130 130 131 131 132 130 127 127 128
 129 131 132 131 129 131 132 133 133 131 130 133 132 132 133 136 138 140
 140  27]","[ 31  27 161 159 161 159 159 161 161 160 161 162 163 162 161 162 161 160
 159 160 160 158 160 164 162 162 162 162 160 158 160 162 163 163 160 157
 156 159 162 162 159 162 165 165 163 162 161 160 163 162 160 157 158 161
 162 160 162 159 156 156 155 156 158 162 160 157 154 154 156 158 160 161
 161 160 159 161 161 158 156 155 157 157 158 157 156 154 153 153 153 153
 153 155 155 155 153 151 151 153 151 147 148 148 147 145 147 148 148 147
 148 152 154 153 158 161 163 166 172 179 182 182 183 180 178 178 177 177
 176 173 173 173 172 170 169 168 167 166 161 161 162 161 160 160 155 147
 147 144 139 135 134 133 132 132 131 131 131 131 129 128 132 136 133 131
 130 130 129 128 129 130 131 130 131 131 132 131 131 131 130 129 129 129
 130 131 131 131 131 132 132 132 132 131 130 130 131 131 132 136 138 136
 136  28]","[ 30  28 162 158 159 158 160 162 162 160 160 161 162 162 161 161 162 162
 162 163 163 163 164 166 161 164 165 164 162 161 163 165 165 166 165 162
 161 163 166 166 167 167 167 166 165 165 166 167 167 166 164 162 164 166
 166 164 161 162 163 163 162 161 159 158 160 159 160 162 163 163 162 162
 162 161 161 161 161 159 158 158 158 158 158 158 157 155 154 152 153 152
 154 157 158 157 155 154 151 153 150 146 146 147 146 145 147 148 149 150
 149 149 150 153 155 159 162 165 170 177 180 181 181 179 178 177 176 176
 175 173 174 174 172 171 170 168 166 164 163 161 161 160 159 159 155 148
 145 143 140 136 135 134 134 133 133 133 133 133 132 132 134 136 133 131
 130 130 130 129 127 127 129 130 132 133 133 131 131 131 131 130 130 130
 131 131 130 130 129 131 132 133 132 131 130 130 130 130 131 135 138 138
 138  30]","[ 29  28 163 159 158 158 162 165 165 164 163 165 167 168 167 167 167 167
 167 166 166 168 169 170 174 177 179 175 169 167 167 167 169 171 171 168
 167 168 170 171 172 170 168 168 168 168 169 170 168 166 165 166 168 169
 168 167 164 166 166 165 164 165 162 159 160 159 159 160 160 160 160 161
 162 162 162 162 160 159 159 160 159 159 158 159 158 157 155 154 153 152
 154 157 158 156 154 154 153 154 151 146 145 146 146 146 147 146 148 151
 150 146 147 152 154 158 162 165 169 175 179 180 180 179 179 178 176 175
 176 175 173 172 170 169 168 167 165 162 162 159 157 157 157 157 154 150
 148 144 138 132 131 133 136 136 134 135 134 133 134 135 135 134 132 130
 130 131 131 130 127 126 127 129 132 134 133 131 130 130 130 130 130 130
 131 130 130 129 130 131 132 132 132 132 132 132 132 133 134 136 139 139
 138  29]","[ 29  30 166 162 163 164 167 169 171 170 170 171 172 173 173 173 174 173
 171 167 168 171 173 172 175 179 181 178 174 172 172 172 172 174 174 171
 169 170 171 171 171 169 168 170 171 169 168 169 168 165 164 167 169 168
 167 167 167 167 165 164 164 165 164 162 163 161 159 157 157 158 159 161
 161 162 163 161 159 157 158 160 158 158 158 158 158 158 158 157 156 154
 154 156 156 153 151 151 155 155 152 147 145 146 146 147 147 145 146 150
 150 147 148 152 154 158 162 165 167 172 176 178 179 178 178 178 175 175
 175 174 170 169 167 165 164 164 163 161 159 155 155 157 157 155 153 150
 149 144 136 129 128 132 136 136 135 136 135 132 132 135 135 132 131 130
 131 132 132 131 129 127 127 128 130 132 132 130 129 129 127 127 128 130
 130 130 130 129 130 130 131 131 131 132 133 135 133 135 136 137 139 139
 138  28]","[ 29  31 169 167 169 171 172 172 175 174 174 173 172 172 173 173 176 176
 173 169 169 172 174 172 171 175 178 176 174 175 174 173 172 173 171 168
 168 169 170 169 168 168 169 172 172 169 168 169 168 165 164 167 169 167
 166 166 165 164 164 166 166 165 162 162 162 161 160 160 161 160 158 157
 160 162 163 160 157 155 156 158 157 157 157 156 156 157 158 159 158 155
 154 154 154 152 151 152 153 154 152 147 146 146 147 149 149 146 145 147
 149 150 151 152 152 155 159 162 164 168 172 174 176 174 175 175 173 173
 172 170 167 167 167 165 163 162 161 160 157 153 154 158 158 155 152 149
 145 141 134 130 131 134 135 135 137 138 135 130 129 132 132 130 131 132
 133 133 133 132 131 130 129 128 129 130 131 130 129 129 126 127 129 130
 131 130 130 130 129 129 130 130 129 130 131 133 129 132 135 137 138 138
 138  29]","[ 29  30 169 170 173 173 173 172 174 175 174 173 172 173 173 174 175 175
 174 172 172 174 174 172 174 176 177 176 174 174 172 171 171 171 170 167
 167 169 170 169 169 169 170 171 171 170 170 173 169 167 166 168 168 166
 165 165 164 162 162 165 165 162 160 161 160 159 159 160 162 161 158 156
 160 162 162 159 155 155 156 158 157 157 156 155 154 155 156 157 157 155
 153 153 153 153 152 152 150 152 151 148 148 147 148 151 150 147 145 145
 148 151 152 151 153 155 158 161 164 167 170 172 173 172 173 173 171 170
 170 168 165 168 169 168 165 162 160 159 156 153 155 157 157 155 151 148
 145 140 133 130 131 134 136 138 138 138 135 130 129 131 131 130 132 134
 134 133 132 131 130 130 130 129 128 129 130 130 130 130 128 129 131 131
 131 130 130 129 127 129 131 131 130 129 129 130 130 132 135 137 138 138
 138  29]","[ 28  29 168 170 174 174 173 173 174 175 174 173 173 174 175 175 174 174
 174 173 174 174 174 172 172 172 173 174 173 173 172 172 172 173 172 170
 169 170 171 171 171 171 171 169 168 169 171 172 168 167 167 168 168 166
 164 164 165 164 162 161 161 161 161 162 161 160 160 161 162 162 162 161
 160 161 160 156 154 155 158 160 160 158 156 155 155 156 156 156 154 154
 153 152 152 153 153 151 148 151 152 150 150 149 149 151 150 149 148 148
 149 150 152 153 157 159 161 165 168 169 170 171 172 171 172 171 168 168
 169 168 166 168 169 169 166 164 161 159 157 154 155 156 155 154 152 149
 147 141 135 131 130 131 135 140 136 135 133 130 130 132 133 132 133 134
 134 132 130 129 128 127 128 127 127 129 130 130 130 130 129 130 131 131
 130 129 128 128 127 128 130 131 130 130 130 131 135 135 135 138 139 137
 137  29]","[ 29  29 168 172 176 175 175 176 177 177 175 173 173 174 174 173 173 173
 172 172 171 172 172 172 173 173 173 174 174 172 173 174 173 175 175 172
 170 171 172 172 173 172 170 167 166 168 169 169 167 167 168 169 168 167
 166 165 164 165 164 162 161 163 163 162 159 159 161 162 163 162 162 162
 159 159 157 154 153 156 159 161 162 159 156 156 157 158 157 155 153 155
 155 153 153 154 152 149 149 152 153 152 151 149 149 151 150 150 151 152
 151 151 153 157 162 163 165 169 171 172 171 170 171 171 172 170 166 166
 168 169 167 167 167 166 165 164 162 161 159 156 155 155 154 155 154 152
 147 143 138 135 131 128 131 136 133 132 131 131 132 135 135 133 133 133
 132 130 129 129 127 124 125 126 127 128 129 129 129 130 128 129 130 130
 129 127 126 126 126 127 128 129 128 130 132 134 137 135 133 137 139 138
 137  29]","[ 30  28 172 175 175 175 175 175 175 174 174 175 175 173 172 173 175 173
 171 171 172 172 172 171 171 171 172 174 175 175 173 172 175 174 172 170
 170 170 171 171 171 171 170 169 167 167 169 171 168 167 166 167 167 167
 165 165 166 166 165 163 161 161 162 162 161 160 162 164 162 161 161 161
 159 159 159 158 157 157 159 162 161 159 158 158 158 157 156 155 156 156
 156 154 154 154 153 152 150 152 153 152 149 147 149 151 152 152 151 152
 152 151 154 159 162 166 171 172 172 173 173 172 170 172 173 173 171 171
 169 168 167 166 164 163 162 162 161 160 157 158 158 158 158 157 154 150
 147 142 137 133 131 130 131 132 130 131 131 131 132 134 134 132 132 132
 132 130 126 126 127 126 125 127 128 127 128 130 130 128 130 130 130 131
 130 127 126 126 128 129 129 129 129 131 132 134 136 138 137 136 137 139
 140  30]","[ 29  29 174 177 176 175 175 176 173 172 172 174 174 173 172 173 174 172
 171 171 172 172 172 171 173 172 173 174 175 174 173 172 172 171 169 169
 170 170 168 167 168 170 171 171 170 170 170 171 169 167 166 166 166 166
 166 166 166 166 165 162 161 161 162 163 162 160 161 163 162 161 161 160
 159 159 160 159 158 158 160 161 162 160 158 158 156 154 154 156 159 158
 157 155 154 154 154 154 153 154 153 151 149 148 151 153 153 153 152 152
 152 151 154 161 167 171 174 175 175 175 176 175 175 175 174 172 170 169
 169 170 166 166 166 165 164 163 160 158 159 160 159 157 156 154 153 150
 146 142 136 131 129 129 131 133 132 132 132 130 131 132 132 131 131 131
 131 130 127 126 126 125 126 128 130 129 129 129 129 127 131 131 131 131
 130 127 127 128 128 129 129 129 129 129 130 130 133 136 137 137 138 139
 139  28]","[ 28  30 176 178 176 175 174 175 174 173 173 174 173 172 171 172 174 173
 172 172 173 174 173 173 174 173 174 175 176 175 173 172 169 168 166 168
 170 171 169 167 168 169 171 172 171 169 168 167 167 166 166 166 166 166
 166 166 164 164 163 161 159 160 161 162 163 160 160 161 161 160 161 159
 159 159 159 159 159 159 159 159 162 161 161 160 157 154 154 157 160 159
 156 154 153 153 154 154 153 153 151 149 148 148 150 153 153 152 151 151
 150 150 153 160 172 175 177 177 177 179 179 179 174 173 174 174 172 170
 170 172 165 166 167 167 165 163 160 158 159 160 159 155 153 152 152 152
 149 143 135 130 129 130 132 133 131 132 132 131 131 132 133 133 131 131
 132 132 129 128 127 125 129 130 130 129 128 129 130 131 131 131 130 130
 128 127 128 129 128 129 129 130 130 130 129 128 132 136 138 138 139 138
 138  28]","[ 29  30 176 178 175 174 174 174 175 174 174 174 173 171 171 172 174 173
 171 171 173 174 175 174 174 173 174 175 176 175 174 173 170 169 167 167
 168 170 171 171 169 169 170 170 169 167 166 165 165 165 166 166 166 166
 165 165 164 164 164 162 160 160 161 162 163 161 161 161 160 160 160 159
 158 158 158 158 160 160 158 157 160 162 163 162 160 159 157 155 158 157
 155 153 152 153 154 154 153 152 151 149 148 149 151 152 151 151 150 151
 151 150 153 159 170 173 176 177 178 179 180 180 178 176 175 176 175 171
 170 170 166 167 168 167 166 164 162 160 158 158 157 153 151 152 154 154
 153 145 135 130 130 133 133 132 131 132 132 132 132 132 132 133 131 132
 133 132 129 128 128 126 128 129 130 129 128 129 131 132 130 130 130 128
 126 126 127 129 129 129 130 131 132 132 131 129 136 138 138 138 138 138
 138  30]","[ 29  30 175 176 174 175 174 174 174 174 174 174 173 171 171 172 172 172
 170 170 171 174 175 175 174 174 174 175 175 174 173 173 172 172 171 168
 167 167 170 172 170 169 168 167 168 168 169 170 167 166 166 166 166 165
 165 166 166 166 166 164 163 163 163 163 163 162 162 162 160 160 161 161
 158 158 158 159 160 161 159 156 158 161 161 160 161 162 159 153 155 155
 155 154 154 154 154 154 155 154 154 153 153 153 153 153 151 150 150 152
 154 153 154 158 165 169 174 176 177 178 179 179 180 176 173 174 174 173
 173 174 170 170 168 166 166 165 164 163 159 158 155 152 151 153 154 154
 151 146 138 132 130 131 132 132 135 134 133 132 131 130 130 131 132 132
 132 132 129 128 128 126 124 127 129 129 129 128 129 129 130 131 130 128
 126 126 127 129 130 130 130 131 132 133 132 130 138 139 138 138 138 138
 138  29]","[ 29  29 173 174 174 176 176 176 177 176 176 175 173 171 170 171 173 173
 172 171 172 174 176 175 175 175 175 175 175 173 172 172 170 171 171 170
 168 167 169 171 172 170 167 166 167 168 170 171 171 169 167 166 165 165
 166 167 166 166 165 164 163 163 163 163 162 162 162 162 160 162 163 162
 158 159 159 159 160 161 159 156 157 159 159 156 158 162 159 154 154 155
 155 155 155 155 154 154 154 154 154 154 154 153 153 152 150 150 151 153
 155 154 154 158 164 169 174 177 177 178 178 178 177 174 171 172 174 174
 172 172 173 171 168 165 164 164 164 163 160 158 153 150 149 151 151 149
 145 145 141 134 129 129 132 134 136 134 131 130 130 131 131 132 133 132
 133 132 130 129 129 127 127 126 126 125 125 126 128 129 131 132 131 129
 128 128 129 130 132 132 131 131 132 133 132 130 136 137 137 138 139 138
 137  28]","[ 29  29 173 173 172 175 176 176 178 178 177 176 174 171 171 172 175 175
 175 173 174 176 176 175 175 175 175 175 174 173 172 172 168 168 169 169
 170 170 171 171 173 171 168 167 167 168 168 167 171 169 167 166 166 166
 166 166 165 165 163 162 161 162 163 162 163 162 162 162 162 163 164 161
 159 160 160 159 160 161 160 157 157 158 159 158 158 158 157 155 156 156
 156 155 154 154 153 153 152 152 152 152 151 151 151 150 150 151 152 154
 155 152 154 159 163 169 176 178 179 179 179 179 177 176 175 174 174 172
 169 166 174 171 168 166 166 165 164 162 159 157 153 149 148 149 148 146
 144 144 140 134 130 131 133 134 135 132 130 132 134 134 133 132 133 132
 133 133 131 131 131 129 130 127 124 122 123 125 128 130 129 131 131 129
 129 129 130 130 129 130 130 131 132 133 133 132 134 134 134 137 140 140
 139  28]","[ 29  29 173 172 171 173 174 174 175 175 175 176 175 173 174 176 176 177
 176 175 175 176 176 174 175 174 175 175 174 173 172 172 171 170 168 169
 171 172 172 170 171 170 169 169 169 169 167 166 169 167 167 167 168 167
 166 165 167 166 164 162 162 164 165 165 165 163 162 162 162 164 163 159
 161 163 162 161 161 162 162 159 157 158 161 162 160 156 155 157 158 158
 157 155 154 153 153 152 152 152 151 150 150 150 150 150 151 153 154 155
 154 152 154 161 162 169 176 178 178 178 179 179 175 175 174 173 174 175
 175 174 174 172 170 168 168 168 165 162 158 157 154 151 149 149 148 147
 147 144 138 134 134 136 135 132 135 133 133 136 138 137 133 130 132 131
 132 133 132 132 132 130 128 126 125 126 127 128 127 127 127 129 129 128
 128 129 130 129 124 126 127 129 131 133 133 133 133 132 132 136 140 142
 141  31]","[ 28  29 172 171 169 171 174 175 174 174 174 175 174 173 173 174 174 174
 175 176 175 173 173 174 172 174 174 173 174 175 175 172 174 172 171 172
 172 170 169 170 173 171 170 170 169 168 167 167 169 169 167 166 167 168
 168 166 165 168 169 165 161 161 164 167 164 162 161 163 164 163 160 158
 157 161 163 162 161 162 163 161 158 160 162 160 158 157 157 157 157 157
 157 155 154 153 154 154 152 152 152 150 149 150 150 149 150 149 151 151
 153 153 152 157 161 168 176 179 179 179 179 179 178 177 177 176 175 175
 175 175 175 173 171 169 171 171 166 160 159 155 153 152 149 147 148 149
 149 146 140 134 130 129 131 131 132 135 136 136 135 135 132 129 130 130
 129 130 132 133 132 130 131 127 126 126 127 129 129 127 127 128 129 127
 126 128 130 131 125 124 127 132 134 133 133 136 135 134 133 135 139 143
 143  30]","[ 29  29 173 173 172 174 175 175 174 175 176 176 175 173 172 172 174 174
 175 176 176 174 174 175 173 174 173 172 174 176 176 174 172 171 171 171
 170 167 167 168 170 168 167 168 169 168 168 168 165 167 167 168 169 169
 167 164 163 166 168 166 163 162 163 164 162 160 160 162 163 162 160 158
 159 162 163 163 161 162 162 162 161 162 163 161 159 158 158 158 161 160
 158 156 155 155 155 156 154 154 152 151 151 151 150 149 147 146 147 148
 150 152 153 160 164 171 177 179 179 179 179 179 180 179 179 179 178 177
 176 175 173 173 172 170 171 172 169 164 161 157 156 154 149 146 149 152
 152 149 143 136 130 129 131 133 132 133 134 135 135 135 134 132 131 131
 132 132 133 133 131 130 130 128 127 128 129 129 129 126 126 126 126 125
 125 127 129 130 130 129 129 131 131 130 132 134 136 137 138 139 141 143
 142  30]","[ 29  28 171 173 173 173 173 174 173 174 175 177 176 174 172 172 172 172
 174 175 175 174 173 173 174 173 172 172 174 176 176 174 172 171 172 172
 170 167 167 169 170 168 167 168 168 168 167 167 164 166 167 169 169 168
 165 162 160 164 167 166 163 161 161 162 161 159 159 161 163 162 160 158
 160 161 162 162 161 161 162 163 162 162 162 160 158 158 158 158 160 160
 159 158 158 157 158 158 156 154 152 151 152 152 151 149 152 151 152 151
 153 154 156 164 169 174 179 180 180 181 181 180 180 180 180 180 180 179
 177 175 173 174 173 172 171 172 170 169 165 160 157 155 150 148 150 152
 150 148 144 137 131 130 133 137 136 135 135 136 135 133 132 132 132 133
 135 136 135 132 131 131 128 127 128 129 130 130 129 125 127 125 123 123
 124 126 128 129 131 131 131 129 128 128 130 132 137 138 138 136 135 138
 140  31]","[ 31  29 171 173 172 171 171 172 171 171 173 175 176 176 175 174 173 172
 173 175 174 172 171 171 173 174 173 173 174 175 175 174 173 172 172 172
 171 170 171 172 169 168 168 168 169 168 167 167 166 167 167 167 167 166
 164 162 161 164 165 164 162 161 162 163 162 160 160 161 162 162 161 160
 160 160 161 162 161 159 160 161 161 161 159 157 157 157 158 157 158 159
 160 161 160 159 158 157 154 154 152 151 152 152 152 151 153 153 154 153
 154 154 155 162 168 172 176 178 178 179 179 178 179 179 179 180 180 179
 178 176 175 175 175 173 171 171 171 170 168 160 155 154 153 152 152 150
 148 146 142 136 131 130 134 139 139 138 138 138 136 133 131 132 132 133
 136 138 136 133 132 133 128 127 128 129 129 130 130 127 129 125 122 123
 124 125 126 128 130 131 132 131 130 131 132 132 137 138 137 135 133 135
 139  30]","[ 30  30 175 177 175 172 171 172 171 170 170 172 174 176 175 175 175 174
 175 176 175 172 171 171 174 175 175 175 175 175 174 173 174 172 170 170
 172 173 173 173 166 166 166 168 170 170 169 169 167 166 166 166 166 165
 164 163 164 165 166 165 164 163 163 164 163 162 160 161 162 161 161 160
 160 160 161 162 161 159 158 158 161 160 158 157 157 158 158 157 160 161
 161 161 160 158 156 155 154 154 153 152 152 152 153 153 151 151 153 152
 153 155 157 165 169 172 176 178 180 181 180 179 180 180 180 180 181 180
 179 179 177 176 174 173 172 171 170 169 166 159 155 155 155 154 153 150
 149 146 141 135 131 130 132 135 138 138 139 141 139 136 135 135 134 135
 137 138 135 132 131 132 131 129 129 129 128 129 130 129 128 124 122 122
 123 124 126 128 129 131 132 132 133 136 136 135 136 138 139 139 139 139
 140  28]","[ 28  30 177 180 177 174 172 172 173 171 170 170 172 173 174 174 177 176
 175 176 175 173 171 171 175 176 176 176 176 175 174 174 174 171 168 169
 173 175 174 172 166 166 167 170 171 171 169 169 165 164 164 166 167 167
 165 164 164 165 166 166 165 163 163 163 164 162 161 161 161 161 160 159
 158 159 161 162 162 161 160 160 161 160 159 157 158 158 158 157 160 161
 161 160 159 158 158 158 157 157 156 154 153 153 154 154 153 153 154 153
 154 156 160 169 170 174 178 180 182 183 183 181 179 180 180 180 180 180
 180 180 179 176 174 172 172 171 169 168 162 158 157 158 156 154 153 153
 150 145 139 135 132 131 132 134 136 138 140 141 141 139 137 138 137 138
 137 135 133 132 131 131 133 131 129 128 126 127 128 127 125 123 122 122
 124 125 127 129 130 131 132 132 133 135 137 137 135 136 137 137 138 140
 140  29]","[ 28  30 175 177 175 174 173 172 174 173 172 172 172 172 173 174 176 175
 174 175 175 174 173 173 176 174 174 174 175 176 175 175 174 171 168 169
 172 175 173 170 167 167 169 171 172 171 169 168 163 162 163 166 169 168
 166 165 164 164 164 165 164 162 161 162 163 162 161 161 161 160 159 159
 157 159 161 161 161 162 162 161 160 160 159 158 159 159 158 157 158 159
 159 159 159 160 161 161 160 159 157 155 154 154 154 154 154 154 155 153
 153 154 157 166 169 173 177 178 180 181 180 179 179 180 180 180 179 179
 179 180 179 176 174 172 171 170 168 167 162 159 159 160 157 154 154 153
 148 143 138 135 133 132 133 135 137 139 140 140 139 138 138 137 139 138
 136 131 131 133 133 131 132 130 129 128 125 124 125 123 123 123 123 123
 124 126 128 129 130 131 132 132 131 131 133 134 134 134 133 132 133 137
 140  29]","[ 30  30 173 172 172 173 174 173 173 174 175 175 173 173 174 177 176 174
 174 175 175 175 174 175 176 173 171 172 174 176 176 176 172 170 168 168
 171 173 171 167 164 165 167 171 172 172 170 168 163 161 161 165 168 169
 167 166 166 164 163 163 163 162 162 163 162 161 161 162 162 161 159 158
 160 163 163 160 159 160 159 157 159 159 159 159 160 161 160 159 157 158
 159 160 160 160 160 160 161 159 157 155 155 155 155 153 153 153 156 154
 154 154 156 164 171 175 178 179 180 181 180 179 179 180 181 180 179 178
 179 179 180 177 174 173 171 169 167 166 165 160 159 160 159 156 154 151
 148 143 138 136 134 132 133 135 137 139 140 138 137 137 138 137 138 137
 133 129 130 135 136 133 131 130 130 129 126 124 123 121 120 123 123 122
 122 125 127 127 129 132 134 133 130 128 130 132 132 133 133 133 134 137
 139  29]","[ 30  28 175 171 172 172 174 177 178 176 174 176 177 176 175 175 176 174
 173 174 175 176 174 173 174 174 175 175 174 174 174 174 171 171 170 170
 171 171 169 167 166 167 168 168 170 172 171 168 166 166 166 166 167 168
 168 167 167 165 163 161 162 162 162 162 163 162 162 164 165 163 160 158
 160 162 162 161 161 162 161 159 160 161 161 161 161 160 160 160 158 158
 158 158 159 160 161 162 158 159 159 157 155 155 154 152 153 152 154 154
 154 153 155 164 172 175 179 183 185 183 180 181 179 180 180 180 180 180
 180 179 179 178 176 174 173 171 168 164 165 162 159 157 158 158 155 153
 150 147 141 136 134 134 133 132 135 137 138 138 137 134 133 135 138 137
 134 131 130 132 132 131 130 128 129 129 128 127 125 121 121 122 122 122
 122 124 126 126 130 131 130 130 129 129 130 130 130 132 133 132 135 140
 139  28]","[ 29  28 177 175 175 175 176 177 179 176 174 175 177 178 179 180 176 176
 176 177 177 177 176 175 173 174 174 174 175 175 174 173 172 171 170 170
 171 171 169 167 166 168 169 169 169 170 169 167 167 169 170 167 164 163
 164 166 165 164 162 162 162 162 162 162 162 161 163 165 165 162 158 156
 159 161 163 164 164 164 162 159 161 162 162 162 162 161 161 161 158 157
 157 157 158 159 160 160 159 160 159 157 155 153 153 154 153 152 154 154
 154 154 156 164 171 177 180 182 183 182 180 180 181 181 181 181 181 181
 180 180 179 178 176 174 172 170 167 165 164 163 160 157 155 155 154 153
 150 148 143 137 134 132 131 130 136 137 138 140 140 136 134 136 138 136
 133 130 129 130 130 128 125 127 131 131 127 125 124 122 120 121 122 123
 124 125 125 125 129 131 131 130 128 128 129 129 131 132 134 133 135 139
 138  28]","[ 29  30 180 178 178 176 176 176 177 175 174 175 176 177 178 178 175 176
 177 178 178 177 175 175 174 176 177 176 175 175 175 174 173 172 171 171
 172 172 170 168 167 169 169 167 167 167 168 167 167 169 170 167 164 163
 165 168 165 164 164 164 164 164 163 163 162 162 164 166 165 162 159 156
 158 160 163 164 165 165 162 160 162 162 162 162 161 161 161 161 160 159
 158 158 158 159 160 159 160 160 161 160 157 154 153 155 153 152 153 154
 155 156 158 165 172 179 183 182 182 183 182 181 183 182 182 181 181 180
 180 180 177 177 175 173 172 170 168 166 163 163 160 157 153 153 153 153
 150 148 144 137 132 130 130 131 135 135 135 137 138 134 132 135 137 136
 133 131 130 131 129 127 123 125 129 131 128 126 126 125 120 121 122 124
 125 125 125 124 129 131 132 130 129 129 130 130 131 132 134 134 136 138
 137  30]","[ 29  30 180 178 177 174 173 173 173 174 175 176 176 175 174 174 174 174
 175 176 176 175 174 173 174 178 179 177 175 174 175 175 173 172 171 172
 173 173 172 171 169 168 166 164 164 166 168 169 167 166 165 164 165 167
 167 167 166 166 166 166 165 165 165 165 164 163 164 164 163 162 161 161
 162 162 162 163 164 164 162 161 162 162 162 162 160 160 160 161 162 161
 160 160 160 160 160 159 159 160 161 162 159 156 154 154 152 151 153 154
 156 158 160 167 172 180 184 184 184 182 181 182 183 183 182 182 181 180
 179 178 176 176 174 173 173 172 170 167 162 162 161 157 153 152 151 151
 147 145 141 135 131 130 131 132 136 134 133 135 136 133 132 135 136 135
 134 132 132 133 131 128 130 128 128 129 128 127 126 123 122 122 123 124
 125 125 125 125 124 127 128 126 125 126 128 129 130 130 133 135 136 137
 136  30]","[ 29  30 179 177 175 172 172 172 172 174 177 177 176 175 175 175 175 174
 173 174 175 176 175 173 173 175 175 174 174 176 176 175 174 172 171 172
 173 173 172 172 169 168 165 164 165 167 169 169 168 166 164 163 165 167
 165 162 164 165 165 164 163 163 164 165 163 164 163 163 162 162 162 162
 163 162 162 162 163 163 162 161 162 163 163 162 160 159 160 160 161 161
 160 160 161 160 159 157 158 158 159 160 159 157 155 154 153 152 153 154
 156 159 161 167 171 178 183 185 185 181 179 182 182 182 183 183 182 181
 179 178 177 175 173 173 174 173 170 166 162 162 160 158 154 152 149 147
 143 141 137 133 132 132 133 133 133 132 131 133 134 131 129 132 134 134
 133 133 134 134 133 130 129 126 125 127 128 129 129 126 126 124 123 124
 125 125 126 127 124 125 126 125 124 125 127 128 130 130 133 134 135 135
 134  29]","[ 29  29 178 175 174 173 173 175 176 178 179 177 176 175 175 176 175 174
 172 173 175 176 176 174 174 172 170 173 177 179 178 176 174 172 171 172
 173 172 171 171 171 170 169 169 170 171 170 169 168 167 166 165 166 166
 165 163 162 162 162 162 161 162 164 165 163 165 165 164 163 163 162 162
 161 160 160 161 162 161 160 160 162 163 162 161 159 158 159 159 160 160
 160 160 160 160 158 157 158 159 158 158 158 158 157 155 155 154 154 153
 156 159 161 168 173 178 183 186 186 181 179 182 182 182 184 184 184 182
 181 180 177 176 173 172 172 172 168 164 163 162 160 158 155 152 147 144
 142 140 137 135 135 135 134 133 130 132 133 134 134 130 128 129 132 133
 133 133 134 135 134 132 124 123 125 127 127 127 129 129 126 124 122 122
 123 123 125 128 128 127 127 127 128 127 128 130 132 132 134 135 134 134
 134  28]","[ 29  28 177 174 174 174 176 177 180 180 179 177 176 176 175 174 175 174
 173 174 175 176 177 177 176 173 173 176 179 180 179 179 175 172 171 172
 173 171 171 171 171 171 172 173 174 173 172 171 169 168 168 167 167 168
 167 165 163 162 162 161 161 163 165 166 164 166 167 165 164 163 162 162
 160 159 159 160 161 160 160 161 162 163 162 160 158 157 158 159 161 161
 160 160 159 158 158 157 157 160 161 159 159 160 158 155 155 154 155 153
 155 159 162 169 177 182 185 186 186 184 182 183 184 184 185 185 184 182
 181 179 177 175 173 171 169 168 166 164 164 163 161 159 156 153 149 145
 145 143 138 135 134 134 134 133 133 137 138 137 136 133 131 132 131 132
 133 133 134 134 133 132 129 127 127 127 124 122 123 124 125 122 121 121
 122 122 125 128 128 125 124 128 129 127 126 128 132 133 135 134 134 135
 135  29]","[ 30  29 176 173 174 175 177 179 180 179 177 176 177 178 177 174 176 176
 175 175 176 177 178 179 176 176 178 180 179 176 177 181 175 172 171 172
 173 172 172 172 170 171 172 173 173 172 172 172 172 169 167 167 169 169
 167 164 164 163 162 161 162 163 165 166 164 165 166 164 162 162 162 162
 163 161 160 161 161 160 162 163 163 164 163 161 158 157 158 159 163 162
 161 159 157 156 156 156 154 160 162 161 160 160 157 153 154 154 154 153
 155 159 163 170 180 185 187 186 186 186 184 184 186 186 186 185 183 181
 179 178 176 175 172 169 167 166 165 164 165 164 162 159 157 155 152 149
 150 146 139 132 130 130 132 132 133 138 138 135 133 131 131 132 129 131
 132 132 132 132 131 130 131 127 125 125 122 122 124 125 124 122 122 123
 123 123 126 129 129 124 124 130 132 128 127 129 130 131 133 132 133 135
 135  29]","[ 29  28 177 174 175 176 177 178 180 178 178 177 177 179 178 175 176 175
 175 176 178 180 180 179 176 177 179 179 177 176 176 178 175 176 178 178
 175 173 173 173 172 172 173 172 172 172 172 171 173 170 167 167 169 171
 168 164 164 163 162 161 162 165 167 167 165 165 165 164 162 161 161 161
 162 164 163 162 161 162 160 158 160 161 162 160 158 157 157 157 160 159
 158 158 157 155 155 155 156 160 163 161 159 158 156 155 156 154 154 152
 154 158 161 169 176 181 186 187 185 185 185 185 184 184 183 183 182 181
 179 179 176 175 173 171 168 167 166 166 164 163 160 158 156 155 154 152
 150 144 136 129 127 129 131 132 133 136 137 133 131 131 131 131 130 132
 133 132 130 130 131 131 131 128 125 125 125 123 123 124 125 126 127 126
 126 127 129 129 127 125 126 129 129 130 131 130 131 130 130 131 134 134
 133  28]","[ 30  29 177 175 177 178 178 178 177 177 178 179 179 180 179 175 176 176
 175 175 176 177 178 177 180 180 180 179 176 173 172 173 176 176 177 176
 173 172 172 172 172 172 171 171 170 170 169 168 167 166 164 166 169 170
 167 164 162 161 160 162 164 167 168 168 166 165 163 162 161 161 161 162
 156 156 156 158 161 162 163 162 161 162 161 160 158 159 160 160 160 159
 159 159 157 155 154 155 154 154 155 157 157 157 155 155 153 154 155 153
 154 156 159 167 174 180 186 187 187 186 185 184 184 183 182 182 182 181
 180 178 175 175 174 172 170 168 167 166 164 163 161 157 155 154 153 152
 146 142 137 131 129 129 131 131 132 134 134 134 133 133 132 130 129 131
 131 130 129 129 131 132 131 129 127 127 126 123 122 122 123 124 126 127
 128 129 130 130 127 125 126 129 129 131 131 130 128 129 131 132 133 133
 132  29]","[ 31  29 177 176 179 180 179 177 177 176 178 180 179 177 177 176 178 179
 179 178 178 179 180 180 180 180 180 179 177 174 174 174 177 176 175 174
 172 172 173 172 173 172 171 170 170 170 169 167 165 164 164 165 167 166
 163 160 159 157 158 162 165 166 166 166 165 165 165 165 164 163 161 160
 159 156 156 159 162 162 162 163 162 162 161 160 160 161 161 161 159 158
 158 158 158 157 157 157 157 155 155 156 156 154 154 155 153 154 157 154
 153 155 159 169 175 179 184 186 186 186 185 184 184 182 181 181 182 182
 180 178 175 174 173 171 170 168 166 165 164 164 162 159 155 153 152 152
 145 143 138 134 131 130 132 133 134 133 132 133 133 132 130 129 128 129
 129 128 128 129 131 132 132 130 130 130 128 125 123 122 121 121 122 126
 127 127 128 129 127 126 127 129 129 131 132 130 126 129 133 133 133 131
 131  30]","[ 30  29 177 176 179 180 179 178 180 178 178 179 176 174 174 175 176 177
 179 179 178 179 180 180 178 178 179 180 179 178 178 179 178 176 175 174
 172 173 174 174 173 172 170 170 171 172 170 168 165 164 165 165 165 163
 160 158 158 156 158 162 165 163 163 165 164 165 166 165 164 162 161 161
 162 161 160 162 163 162 162 162 162 162 162 161 161 161 161 160 158 157
 157 158 159 160 160 160 159 160 160 159 156 153 154 157 155 155 157 154
 153 157 163 173 177 180 182 183 184 186 187 186 185 183 182 181 182 181
 180 178 176 174 171 169 168 167 166 166 165 165 164 160 157 155 153 153
 149 146 141 135 131 130 134 137 136 133 131 132 132 131 130 131 129 130
 130 129 129 130 131 132 132 131 131 131 130 126 124 123 122 121 122 125
 127 127 127 129 126 125 127 127 127 128 129 128 128 131 135 134 132 130
 130  29]","[ 29  29 178 177 178 179 179 179 181 179 179 179 175 173 174 175 174 177
 178 179 178 179 179 179 180 179 180 180 180 179 178 179 179 177 176 175
 173 174 175 174 172 170 169 169 171 172 171 169 164 163 164 166 165 163
 162 161 160 159 161 165 165 161 162 165 165 165 164 161 158 158 160 163
 157 160 162 162 162 163 164 163 163 163 161 160 161 161 161 161 161 159
 157 157 159 161 160 158 157 160 161 159 156 156 157 157 155 155 156 154
 155 159 164 174 177 180 182 182 184 186 187 187 186 184 183 182 181 180
 180 180 178 175 172 170 169 168 167 167 166 165 163 159 157 155 154 154
 153 149 142 136 131 130 134 138 136 133 133 134 134 132 131 133 131 132
 132 131 131 131 132 131 131 131 130 129 128 125 122 121 119 118 120 124
 126 124 124 125 124 125 126 126 124 124 126 124 130 131 134 133 132 130
 130  29]","[ 29  30 179 178 178 178 179 179 179 179 180 181 178 177 177 176 175 177
 178 178 178 178 178 177 181 180 180 180 180 179 178 178 180 178 177 176
 174 173 173 172 171 170 169 169 171 173 172 170 165 165 165 166 166 163
 162 163 162 161 163 166 165 162 162 165 164 165 165 162 159 158 160 163
 156 160 162 161 160 162 162 161 164 163 161 159 159 161 162 162 164 162
 159 158 158 158 157 154 157 159 159 158 158 159 157 153 154 153 154 154
 156 159 162 170 175 180 183 185 185 186 186 186 186 185 184 182 181 180
 180 180 178 175 172 171 170 169 167 165 166 164 160 156 154 153 153 153
 152 148 143 138 133 130 132 135 135 135 136 137 135 131 129 130 131 131
 131 131 131 132 131 130 130 129 127 126 125 123 120 118 115 116 119 123
 125 123 122 122 125 126 128 127 124 124 126 126 130 130 131 130 131 130
 131  29]","[ 29  30 180 179 180 180 180 180 179 180 182 183 181 181 180 177 175 175
 175 175 175 175 174 173 177 177 177 178 180 180 180 180 180 178 178 177
 174 173 173 171 172 171 170 170 172 173 173 171 168 166 166 167 165 163
 162 162 162 162 164 167 166 162 162 163 164 165 167 166 164 162 161 161
 160 162 163 163 161 160 160 160 163 163 161 159 159 159 160 160 162 162
 161 159 158 157 156 154 158 158 158 159 160 159 156 153 153 153 154 153
 155 159 161 168 174 180 185 187 187 186 186 185 186 185 184 183 182 182
 181 180 178 175 171 169 169 168 166 164 165 164 162 158 154 153 153 152
 151 148 144 140 136 133 132 134 134 135 137 138 134 130 128 127 129 130
 130 130 131 132 131 129 128 127 126 125 124 123 120 118 117 119 122 125
 126 126 125 124 124 127 130 128 124 125 128 129 129 128 129 129 130 131
 131  29]","[ 28  29 180 180 182 182 182 181 181 181 183 182 181 182 181 177 177 176
 175 175 175 176 175 174 173 173 174 176 178 179 180 181 180 179 178 177
 174 173 173 172 173 172 171 171 172 173 172 171 167 166 165 167 166 163
 162 163 163 163 165 167 166 163 162 162 165 166 165 165 164 163 162 161
 161 160 161 163 163 162 162 164 161 162 161 160 159 158 157 156 159 161
 162 160 158 158 157 157 156 157 159 162 161 158 157 158 154 153 154 152
 155 159 162 170 174 180 186 188 187 186 186 186 186 184 183 183 184 183
 181 179 179 175 170 167 167 167 165 164 165 167 167 164 159 156 154 153
 152 148 145 143 139 135 134 135 132 134 136 136 134 132 130 130 129 129
 130 130 132 133 132 131 128 127 125 125 126 126 123 120 118 120 121 121
 122 123 124 124 121 125 128 127 123 124 128 129 128 128 128 129 131 131
 131  29]","[ 30  28 180 184 183 187 188 183 180 180 180 181 181 182 181 180 178 178
 178 179 179 178 177 175 175 174 174 176 178 179 180 179 176 175 175 176
 176 176 175 175 173 173 172 172 172 173 173 172 167 166 165 165 166 165
 164 163 161 162 164 165 165 163 162 161 162 165 166 166 165 163 160 156
 160 161 165 166 163 162 163 162 162 162 162 159 159 161 159 154 155 159
 161 160 160 160 158 156 157 157 158 160 161 160 158 156 155 154 154 154
 154 156 165 174 178 182 186 186 186 188 188 188 187 186 184 183 182 182
 180 179 176 174 170 167 166 166 165 164 164 163 163 161 157 155 154 152
 152 148 144 141 139 136 134 132 132 131 131 132 133 133 132 131 132 132
 131 130 131 131 130 128 125 125 125 125 125 125 124 124 122 119 118 121
 123 124 123 123 125 125 125 124 125 126 127 128 127 127 127 131 130 127
 134  29]","[ 31  26 183 184 184 186 185 180 180 180 180 180 181 181 181 180 177 177
 179 180 181 180 180 180 178 177 176 175 175 176 176 177 173 174 176 178
 179 177 175 174 173 172 171 171 171 172 173 172 170 169 168 167 166 165
 163 161 162 161 161 162 163 164 164 165 163 160 163 169 170 164 160 162
 162 163 166 166 164 162 163 162 164 161 159 157 155 157 160 159 157 159
 160 160 159 160 159 157 155 155 156 158 159 157 155 153 155 154 154 154
 154 157 165 173 179 183 186 185 184 185 186 186 186 186 186 184 183 182
 180 179 179 176 172 167 165 165 165 165 165 163 163 162 159 157 156 154
 149 146 143 139 136 132 130 129 134 132 131 131 132 133 133 133 134 133
 132 131 131 132 131 129 125 125 125 126 126 125 126 126 123 120 119 122
 124 124 124 125 123 123 124 124 124 124 126 128 128 130 131 128 127 131
 130  26]","[ 28  36 178 183 183 183 180 184 181 180 180 180 181 181 181 181 174 173
 175 178 178 177 177 178 180 180 179 178 177 175 175 175 175 176 176 176
 176 174 173 173 174 174 174 173 173 173 173 172 169 168 167 165 164 163
 161 160 162 160 160 160 162 164 165 167 164 158 157 163 164 159 158 161
 161 162 165 166 163 162 162 161 162 160 159 158 155 155 158 159 157 158
 158 157 158 160 160 158 153 154 156 158 159 158 157 156 154 153 154 155
 156 160 167 173 180 184 186 186 184 185 186 187 186 186 185 183 182 181
 180 179 178 177 174 170 167 168 169 169 166 164 164 163 159 158 156 154
 152 149 144 139 135 133 134 135 136 133 131 130 131 133 133 133 133 132
 131 130 129 130 129 128 128 128 128 127 126 125 124 125 124 122 122 124
 125 125 124 124 124 125 126 125 124 123 123 124 122 123 125 134 128 127
 134  31]","[ 29  23 184 179 183 187 181 181 182 181 180 180 180 181 181 182 182 179
 178 181 181 179 178 179 179 180 181 181 180 178 175 174 174 175 175 174
 172 172 172 172 173 173 174 173 173 172 170 169 169 168 167 166 165 164
 163 162 162 161 161 162 163 163 165 166 166 162 158 158 159 160 160 159
 159 160 163 165 163 162 161 160 160 159 161 161 158 158 159 159 158 158
 157 157 158 160 161 160 153 154 156 157 158 157 158 158 155 154 154 155
 157 161 167 172 178 182 186 186 185 185 187 188 188 187 184 182 182 182
 182 181 177 176 173 170 167 166 166 165 166 164 163 162 160 158 156 153
 152 149 144 138 132 130 131 133 136 133 130 129 130 131 132 132 132 131
 130 129 129 129 128 127 127 128 128 127 125 122 122 121 122 122 122 124
 124 123 121 121 123 124 125 124 122 121 120 120 125 122 120 121 123 125
 130  26]","[ 30  32 186 183 180 181 179 184 184 183 182 181 181 182 184 185 184 179
 176 178 179 176 175 176 179 180 181 182 182 179 175 173 171 174 176 176
 175 174 172 171 174 174 174 173 172 172 171 170 170 169 167 166 165 163
 162 161 162 163 164 164 162 162 163 166 162 162 160 159 161 164 162 158
 158 159 163 165 163 162 161 160 160 161 161 160 158 161 162 159 157 156
 156 157 159 160 161 160 157 157 157 157 157 156 157 158 157 155 153 153
 155 161 167 172 177 181 186 187 187 186 187 187 188 187 184 183 183 183
 182 180 179 177 173 170 169 168 168 166 164 162 161 161 159 159 157 154
 152 150 147 142 136 133 134 135 135 133 131 130 131 131 130 129 132 132
 131 130 130 130 129 128 126 128 129 128 126 124 124 123 123 122 122 122
 122 122 122 122 122 122 122 124 125 125 124 123 122 121 128 124 132 130
 124  31]","[ 28  29 179 180 179 182 182 183 182 182 181 180 181 182 184 185 185 180
 177 179 180 179 178 178 181 180 179 179 179 178 175 173 173 175 176 175
 173 173 172 171 173 173 172 170 170 171 172 172 173 172 170 167 165 163
 161 160 164 165 165 164 163 162 165 168 164 162 161 161 163 163 162 161
 160 160 163 165 163 163 162 160 162 163 165 162 160 162 159 153 156 156
 156 157 159 160 160 159 157 156 156 156 156 155 157 158 160 157 154 153
 156 164 172 177 179 182 186 187 187 186 185 186 187 187 186 185 186 185
 182 178 179 176 171 168 167 167 167 166 164 162 162 161 160 159 157 155
 155 151 146 139 133 131 132 134 134 133 132 132 132 131 130 129 130 131
 131 130 130 130 129 128 127 128 128 128 126 125 124 123 122 121 119 118
 119 121 123 124 122 121 121 123 125 126 125 124 123 123 123 128 130 128
 132  28]","[ 29  29 179 183 182 182 182 179 178 178 178 178 178 180 180 181 180 178
 177 177 178 179 178 178 179 178 177 177 176 176 175 174 176 176 176 173
 171 172 173 172 171 172 170 170 169 170 171 173 171 170 168 166 165 163
 162 162 163 162 162 162 161 161 163 165 167 163 161 161 162 161 162 163
 160 160 162 163 161 161 161 160 161 162 164 163 161 160 157 152 156 156
 156 157 158 158 158 158 153 153 153 154 154 154 155 157 159 158 156 156
 158 164 169 172 180 181 183 184 184 182 182 182 185 186 186 186 185 184
 182 180 179 177 173 169 167 166 165 164 163 161 161 161 159 158 157 155
 155 151 144 137 132 129 130 132 132 132 132 132 131 131 130 130 129 130
 130 129 129 129 129 129 127 127 127 126 125 124 123 123 123 121 120 119
 120 122 124 124 124 123 122 123 124 125 124 123 120 125 122 131 130 131
 128  31]","[30 30 29 27 29 31 27 30 28 29 30 29 29 28 28 28 29 29 29 29 29 29 29 29
 29 29 29 29 29 29 29 29 27 30 30 29 28 29 29 27 28 29 30 29 28 28 29 29
 30 30 29 29 29 29 29 30 29 28 29 30 30 29 29 29 29 29 29 29 29 29 29 28
 30 29 30 30 29 29 30 29 29 28 28 29 28 29 30 30 29 28 28 29 29 29 29 29
 29 29 29 29 29 29 29 30 29 30 29 28 28 29 30 29 29 29 29 30 29 29 29 29
 29 30 30 29 28 28 28 29 28 29 29 29 29 30 30 29 29 28 29 30 29 30 30 28
 29 28 28 29 29 29 29 29 29 29 29 29 29 29 29 29 29 29 29 29 28 29 29 29
 30 29 29 29 29 29 29 29 29 29 28 28 29 30 30 29 29 29 28 28 28 29 29 29
 31 27 28 29 30 29 28 29]"
