"[30 33 29 29 29 30 29 30 30 30 30 29 30 30 29 29 29 30 30 29 28 28 29 30
 28 29 30 29 28 29 30 29 29 29 30 29 29 30 31 28 29 29 28 28 28 30 30 29
 28 29 29 28 28 29 30 30 30 28 28 30 30 29 28 29 28 32 30 27 29 30 28 31
 30 30 28 29 31 28 29 29 30 29 29 28 28 30 30 30 29 29 29 30 30 29 28 29
 29 29 28 29 31 29 28 30 28 30 30 27 28 30 29 31 31 31 32 29 28 30 29 30
 28 30 31 29 30 30 29 29 28 29 29 28 29 30 30 30 29 28 30 30 29 28 28 31
 31 28 29 32 29 29 30 28 30 29 29 30 30 29 29 29 29 29 30 29 29 29 29 30
 28 30 30 28 28 30 30 28 29 29 28 28 29 29 30 30 29 29 29 28 29 29 29 30
 31 27 29 31 29 31 29 30]","[31 26 33 29 31 30 29 26 28 29 29 28 28 28 28 31 28 28 28 29 30 30 28 26
 29 29 29 29 28 28 28 27 31 29 29 30 28 27 28 30 30 29 29 30 29 28 28 29
 29 27 28 30 31 30 28 27 29 29 29 28 27 28 29 29 31 24 27 32 31 29 27 28
 29 30 31 28 29 29 27 29 28 29 30 30 30 29 28 26 29 30 30 29 28 29 30 30
 31 31 30 29 28 28 29 29 31 28 30 30 32 32 28 26 26 28 29 29 31 30 27 27
 30 28 27 27 29 29 28 31 31 26 30 32 27 29 32 27 30 29 30 27 28 31 29 27
 29 30 27 27 30 28 27 31 27 29 30 29 29 29 30 29 29 29 28 27 29 30 29 26
 31 29 28 29 29 28 29 29 29 29 30 30 30 29 29 28 30 29 29 28 26 29 30 27
 25 34 28 28 31 27 29 30]","[ 28  32  79  81  79  77  80  82  83  83  83  82  80  77  77  81  84  82
  81  83  86  88  87  85  81  83  86  91  94  94  93  92  87  84  88  93
  92  91  95 100 113 113 115 118 118 117 119 123 124 117 111 109 108 108
 113 118 124 137 156 179 199 218 233 240 243 243 246 244 241 244 246 246
 246 244 246 246 247 247 243 248 247 246 247 248 248 247 247 247 247 238
 221 199 178 158 138 124 122 124 124 115 106 106 107 103  99  98 104 105
 101 101 104 108 103 107 106 104 102  96  97 102 110 109 105  99  85  63
  43  35  27  24  21  20  18  17  18  17  19  14  14  10   9  12  13  13
  13  12  17  18  11  18  50  80  95  95  90  81  73  69  66  63  67  69
  67  62  62  65  64  59  51  44  40  45  49  50  53  58  56  58  60  61
  62  62  61  60  62  60  65  68  65  63  65  65  68  72  81  96 108 139
 138  27]","[ 30  29  77  78  78  76  78  79  79  79  79  81  82  80  79  81  83  81
  79  80  82  83  81  80  80  80  82  87  90  91  90  89  82  81  85  90
  89  87  89  92  92  94  99 104 107 110 115 121 116 118 121 122 119 116
 118 121 119 117 115 118 124 134 147 157 172 202 227 236 245 250 248 249
 250 252 252 250 251 253 251 253 251 251 251 252 253 253 253 254 254 254
 254 253 250 243 230 218 189 172 160 151 137 129 131 133 119 110 108 102
  95  97  99  98  96  97  93  97 101  98  97  99 105 103  96  92  89  86
  90  96  91  80  58  38  27  21  21  27  32  18  15  15  12  13  13  13
  16  16  17  14  19  47  78  89  89  87  81  73  67  65  65  65  65  69
  68  60  57  60  63  62  59  48  40  43  49  52  56  60  56  57  59  60
  63  65  65  64  64  63  63  64  65  64  65  69  73  83  97 121 132 131
 129  31]","[ 29  27  59  65  73  77  77  76  74  73  72  75  80  81  80  82  80  80
  81  82  82  80  80  80  85  82  80  81  84  87  88  88  85  84  87  88
  86  85  84  83  86  89  91  90  88  89  92  94 104 106 107 106 106 111
 119 125 126 125 123 120 118 117 116 115 112 125 138 148 165 179 193 212
 228 245 248 250 250 250 251 247 252 252 252 252 252 251 251 250 251 251
 251 252 252 252 253 254 252 252 247 233 217 205 181 152 143 134 130 121
 112 112 108 100  98  94  88  90  95  94  95  99 102 103  97  94  95  95
  99 100  98  96 102 102  88  76  67  57  47  27  17  14  12  14  16  16
  15  14  15  30  63  87  90  84  88  82  73  66  62  61  63  64  62  66
  65  57  54  59  65  67  67  57  48  47  52  57  59  59  57  58  59  61
  64  67  66  63  64  68  65  64  69  68  63  65  77 101 123 132 133 132
 132  28]","[ 30  28  45  45  48  56  61  65  61  60  58  62  70  75  76  77  75  74
  74  74  73  73  76  80  79  78  77  79  82  86  87  85  84  83  84  83
  82  83  83  80  80  83  85  84  85  87  90  91  82  83  82  81  83  89
  94  96  99 104 107 108 114 124 127 124 121 112 114 117 117 117 118 122
 133 154 169 193 209 217 237 245 250 251 251 250 250 252 253 253 252 252
 253 253 253 252 252 253 255 251 252 254 255 254 254 251 240 224 200 166
 139 129 121 114 111  99  93  91  94  95  92  93  94  95  89  91  96  97
  97  92  91  92  98 102  98  94  94  94  79  69  60  47  35  30  23  18
  15  15  34  67  86  86  82  84  80  72  64  60  59  60  63  66  62  62
  58  54  55  60  64  65  68  65  58  55  57  61  61  58  55  58  61  63
  66  69  67  64  61  64  65  68  72  66  68  82 112 124 132 125 124 130
 132  28]","[ 30  28  50  49  48  51  44  37  45  47  48  50  58  65  68  69  70  69
  68  70  71  73  77  81  80  80  80  80  83  86  85  81  83  83  83  81
  80  81  81  78  76  77  79  80  82  82  83  84  85  83  81  80  81  84
  87  88  86  89  92  96 105 115 121 122 127 121 122 122 121 123 123 123
 115 116 112 121 126 126 141 152 197 210 226 238 246 250 252 251 252 252
 250 250 251 251 251 251 251 252 253 253 251 251 253 253 253 252 251 246
 237 222 196 177 155 133 124 116 114 114  98  88  95  94  86  89  94  93
  95  91  84  89  91  93  93  88  84  88  79  82  87  83  75  65  50  41
  33  44  70  88  88  87  85  76  69  65  59  57  58  62  65  66  64  61
  58  58  61  64  65  65  65  66  62  55  52  54  53  50  53  58  62  63
  65  67  68  66  69  67  69  73  73  78  98 121 132 127 126 126 126 126
 128  31]","[ 29  28  61  60  57  60  53  44  42  47  48  46  49  52  53  52  48  49
  55  64  71  75  78  81  78  78  75  72  75  81  83  80  79  79  81  82
  81  82  82  80  78  77  78  82  83  81  80  81  80  79  79  81  80  80
  84  89  90  84  82  86  87  84  85  91  97 105 110 110 114 114 114 125
 123 123 116 114 117 119 117 112 116 125 135 145 164 192 220 235 247 251
 253 252 252 251 251 251 252 253 252 252 252 252 251 251 253 252 254 252
 254 254 251 251 245 218 201 168 138 127 115 113 106 106  98 100 100  92
  92  90  81  77  80  83  79  78  81  81  82  79  79  83  88  85  73  68
  75  85  90  87  85  83  78  73  65  63  60  56  58  62  63  61  58  55
  55  60  64  65  65  67  62  66  65  58  54  56  58  58  58  63  67  66
  65  67  69  69  70  70  77  79  82 104 127 132 131 131 128 126 126 128
 129  29]","[ 28  30  76  72  72  71  62  49  53  52  51  50  50  49  46  43  45  47
  47  52  55  54  59  64  65  60  58  63  65  63  64  68  74  73  71  71
  73  77  82  84  86  80  80  81  78  78  79  75  74  74  73  73  78  81
  81  81  82  82  84  85  85  84  84  86  87  86  85  86  92  95  99 103
 102 103 113 122 120 119 121 120 124 118 114 111 114 114 112 121 130 159
 181 196 228 243 248 250 250 249 250 251 253 253 249 252 252 252 251 252
 252 251 252 254 253 253 254 253 253 244 213 187 155 132 116 112 106 102
 102 101  92  85  77  73  73  74  66  75  81  78  80  86  81  83  83  81
  88  88  91  88  81  77  72  69  63  65  65  63  61  60  56  52  50  51
  53  56  61  65  63  58  60  61  61  60  60  62  65  68  69  72  71  68
  66  67  69  73  73  74  80  94 113 129 132 129 132 130 128 124 124 127
 131  28]","[ 29  33  81  80  79  78  74  68  63  62  61  60  58  56  51  48  54  53
  51  55  56  52  50  50  45  36  34  44  55  58  57  57  64  66  66  65
  64  67  74  80  79  77  76  75  72  75  81  81  76  76  73  72  76  80
  80  79  80  79  80  81  82  82  82  83  80  82  83  85  88  88  88  89
  86  83  90 100 101 103 111 116 121 118 118 119 121 119 115 116 114 119
 120 122 135 147 170 198 219 231 244 246 248 252 253 253 251 252 253 253
 253 253 253 253 253 251 253 252 253 254 252 252 244 227 210 189 161 138
 124 115 105  92  89  93  85  79  71  79  85  82  86  83  80  83  86  90
  88  86  87  81  73  69  66  65  64  65  64  62  60  58  53  48  47  48
  50  52  56  61  63  61  54  58  62  64  63  64  66  69  71  71  70  70
  68  64  66  73  78  80  92 113 127 129 129 132 132 131 131 129 128 129
 131  28]","[ 28  29  77  77  77  76  75  73  73  74  74  74  74  72  68  64  65  62
  56  59  63  60  56  54  49  42  39  44  50  49  48  47  53  56  58  57
  56  59  65  70  67  72  76  74  71  70  72  74  76  75  71  71  77  82
  81  79  78  76  74  76  79  80  80  80  78  80  80  80  83  84  82  81
  87  84  88  93  90  89  92  94 101 103 107 113 114 113 116 115 117 117
 114 115 115 113 113 122 130 137 151 169 190 209 224 238 249 251 252 251
 251 253 252 250 251 250 253 253 253 252 251 253 253 248 248 247 238 223
 201 181 158 133 118 111  96  92  91  94  99  90  87  81  87  90  91  91
  86  82  80  72  65  65  66  68  66  66  64  62  60  57  52  48  49  51
  52  54  58  62  65  66  59  59  61  61  63  65  68  71  70  68  66  68
  70  69  69  73  80  97 118 130 132 132 132 133 133 131 133 133 132 130
 131  29]","[ 30  28  72  72  75  76  74  72  73  74  76  77  79  78  76  73  74  70
  63  66  69  65  62  59  52  50  51  53  52  50  52  56  50  50  49  50
  50  50  48  46  46  53  59  60  61  62  66  73  74  72  68  68  75  80
  79  76  76  76  77  80  82  81  76  72  75  80  81  80  80  81  80  80
  78  81  86  87  87  89  89  86  82  88  91  94  89  90 101 103 102 109
 110 111 109 117 123 129 122 121 121 118 118 122 128 140 159 171 189 208
 224 238 247 251 253 252 251 250 251 252 251 249 251 249 249 249 246 242
 234 225 217 212 205 187 155 133 125 120 120 112  99  88  87  86  90  91
  87  81  77  68  62  63  63  65  65  65  65  62  60  58  55  53  53  56
  59  62  64  66  66  65  65  62  58  59  64  68  70  70  69  66  65  68
  71  71  77  87 101 121 135 133 129 133 135 132 133 130 131 133 133 132
 133  30]","[ 31  29  73  71  74  77  77  74  72  73  73  74  75  75  73  70  70  70
  69  73  75  69  65  63  64  62  61  59  56  53  54  56  54  51  49  51
  53  52  46  40  38  42  46  49  50  50  52  58  63  64  62  63  68  73
  76  80  80  79  77  76  75  75  73  71  65  75  81  81  80  79  80  83
  79  81  82  81  81  84  83  79  83  88  90  91  84  84  94  96  94  97
  97  98  93 100 111 124 122 129 131 124 123 125 119 114 117 115 114 116
 124 143 168 187 208 217 227 237 243 248 248 248 248 247 245 241 233 226
 224 224 220 223 223 220 207 192 194 194 191 164 119 102  97  93  90  81
  79  74  72  66  62  62  60  58  61  63  64  62  60  59  60  61  61  64
  68  72  73  72  69  66  64  62  61  64  69  71  71  69  70  69  69  72
  71  73  90 113 130 134 134 130 129 132 134 132 132 128 129 132 135 135
 134  30]","[ 28  29  74  72  72  74  76  76  78  77  75  74  74  74  71  68  64  66
  67  72  74  69  69  70  66  64  64  64  63  63  64  66  67  63  59  58
  57  55  49  45  35  34  36  41  44  44  44  45  45  47  49  50  52  54
  61  71  78  76  73  68  66  69  74  77  68  74  77  77  78  78  78  78
  78  76  77  80  81  80  79  80  77  82  85  87  85  84  86  84  77  80
  85  92  92  89  84  84  83  87  94 102 116 128 126 122 113 112 113 114
 112 108 106 106 110 117 131 155 176 193 211 221 228 228 231 233 231 223
 217 216 209 213 215 221 218 210 229 243 230 188 127 105  94  89  84  75
  68  65  67  65  63  62  57  53  57  60  62  62  60  60  62  66  68  70
  72  76  77  76  73  70  66  68  69  70  70  70  70  71  70  74  75  74
  79  93 114 130 133 131 130 131 132 133 132 131 132 128 129 133 137 138
 135  28]","[ 29  30  77  76  74  73  76  78  80  77  75  74  74  74  71  68  64  66
  66  70  70  65  66  68  66  66  65  66  66  67  68  69  69  67  67  69
  72  75  75  74  62  56  51  48  49  53  53  47  40  39  39  42  43  39
  41  48  59  62  64  61  58  59  65  70  74  75  74  73  74  72  69  69
  75  75  76  78  78  73  70  73  76  78  81  82  83  81  77  78  76  80
  83  83  85  83  83  84  83  80  81  82  85  85  84  90 100 102 107 114
 119 117 112 107 102 100  97 101 105 106 110 111 117 134 159 181 193 198
 203 209 218 217 213 218 223 225 237 226 189 141  97  84  83  81  70  62
  67  65  66  64  60  58  54  50  57  60  63  63  61  61  64  67  69  69
  71  73  74  73  72  71  73  75  75  74  71  69  71  74  71  76  80  87
 103 121 130 131 124 128 131 131 132 132 132 132 133 130 131 133 137 138
 136  28]","[ 29  28  75  77  77  75  77  80  80  78  75  74  75  75  72  69  65  69
  70  75  75  69  68  68  68  65  64  66  69  71  70  68  68  66  65  68
  73  75  75  73  66  61  59  57  59  66  63  50  45  41  41  50  54  49
  45  46  42  45  44  37  32  36  47  56  57  64  71  73  71  68  68  72
  72  75  75  73  72  70  70  72  72  73  76  74  75  76  73  80  81  82
  83  81  86  81  79  80  80  79  81  83  86  85  79  78  83  88  92  93
  95  98 102 103 103 108 105 105 105 104 104  97  97 103 108 111 115 122
 134 146 166 183 197 208 219 228 225 179 132  99  90  82  76  67  59  63
  66  63  64  61  57  57  56  56  59  62  64  65  64  63  65  68  71  71
  72  74  75  74  74  74  75  76  77  76  74  73  74  75  75  74  84 108
 129 132 128 129 131 129 129 129 129 129 132 136 136 133 132 131 134 137
 136  29]","[ 29  28  75  76  76  73  77  81  80  79  77  75  74  75  74  73  69  74
  75  73  73  73  73  74  68  66  66  69  71  71  69  69  68  64  63  63
  69  75  73  71  67  65  70  74  70  69  70  66  63  60  59  62  63  59
  55  53  52  50  45  39  41  46  46  42  38  39  47  53  51  52  59  64
  68  75  75  71  70  70  69  70  66  70  68  70  72  77  75  80  82  79
  82  84  79  77  79  80  79  80  80  83  86  82  78  79  79  76  79  82
  82  81  78  82  88  95  97  98 102 103 101 103 102  97  98  97  94 103
 112 109 110 127 134 156 186 188 159 118 107  94  81  74  68  65  64  63
  66  63  61  59  57  56  58  61  65  65  64  65  68  68  68  70  72  73
  73  74  75  77  78  79  75  77  70  72  75  76  74  82  83  90 110 131
 138 131 128 133 132 133 136 136 132 131 133 134 135 134 133 134 134 135
 137  28]","[ 29  30  77  76  75  79  78  76  79  80  79  78  76  75  73  72  75  75
  72  70  71  73  74  75  75  71  70  72  72  69  67  68  70  68  66  60
  60  67  70  73  68  64  67  69  67  69  72  70  66  69  71  72  70  68
  66  65  59  62  60  56  52  52  50  46  42  39  42  44  41  42  50  54
  58  58  54  57  67  70  67  65  63  61  59  67  71  71  71  81  82  80
  80  79  75  73  74  76  78  80  79  80  81  79  77  81  80  79  81  82
  83  84  82  82  78  81  83  85  90  90  90  93  94  92  94  96  96 102
 108 107 101 102  95 105 120 117 106  91  93  82  73  70  67  65  64  64
  66  64  59  55  54  59  64  66  67  68  66  66  68  69  70  71  73  74
  76  76  76  77  78  79  78  76  78  78  73  73  83  89 104 120 132 132
 129 130 130 129 133 134 136 135 132 130 131 131 133 132 132 133 133 135
 138  29]","[ 32  26  76  77  74  80  80  82  80  80  80  80  78  76  76  76  79  76
  73  72  73  74  75  76  77  74  73  74  73  71  70  72  71  73  74  68
  65  68  69  71  68  65  66  66  65  67  71  69  68  71  72  71  72  73
  72  68  58  62  65  64  62  61  59  57  53  46  45  47  46  47  49  48
  50  51  49  47  48  47  47  52  55  54  51  52  45  39  46  65  81  82
  80  76  71  68  67  69  73  75  76  77  79  79  79  81  78  79  82  81
  81  83  79  77  77  78  79  82  84  82  81  84  85  85  88  91  94  95
  97  98  97  95  91 101 106  96  90  89  82  73  67  67  67  65  66  67
  63  62  57  50  51  59  65  66  69  71  69  67  67  69  69  69  73  75
  77  77  76  76  77  79  82  79  74  71  79  73  79  96 125 131 134 130
 128 130 131 129 133 132 133 133 131 130 130 128 130 130 131 131 131 133
 137  29]","[ 29  28 101 106  98  93  84  83  83  82  83  83  81  77  75  75  74  73
  74  76  76  75  75  77  77  76  74  74  73  72  71  71  72  75  78  76
  74  75  69  66  66  65  67  67  65  65  66  65  71  72  72  70  70  72
  71  69  67  66  66  67  69  68  67  65  65  56  53  57  59  60  58  51
  53  52  47  44  44  43  42  46  47  49  47  45  40  35  35  43  65  71
  72  69  69  68  68  72  71  72  72  72  73  74  74  74  77  79  83  81
  80  81  76  74  76  78  81  83  83  81  79  81  80  81  80  82  85  84
  82  85  82  83  81  88  92  85  81  79  69  64  64  67  67  64  63  64
  59  59  54  49  51  57  61  60  65  69  69  66  67  69  69  69  73  75
  78  78  76  75  77  79  82  77  79  80  81  87 108 126 140 135 132 133
 134 132 130 130 131 130 131 132 130 130 131 129 130 131 132 132 131 133
 137  29]","[ 29  32 122 115 106 104 103 104  98  97  97  97  94  87  81  76  77  78
  82  83  77  75  78  80  81  81  80  76  75  75  73  70  75  75  76  75
  74  74  67  63  63  66  69  69  67  66  66  65  70  72  73  72  68  66
  67  70  74  71  68  68  70  71  70  70  75  66  63  64  66  68  68  64
  62  63  58  53  52  49  46  46  51  52  49  43  41  37  36  40  45  52
  54  54  56  57  59  65  70  70  71  69  66  66  68  71  74  74  77  77
  76  74  71  73  71  75  79  80  78  78  78  76  78  77  73  74  78  76
  74  78  77  76  71  69  69  67  65  62  55  56  62  67  65  60  57  56
  57  55  53  52  53  56  58  58  59  64  66  65  67  71  73  73  73  76
  80  81  78  75  75  76  79  79  82  88  93 111 128 137 136 136 135 133
 132 133 133 132 133 132 132 132 130 131 132 132 133 135 136 136 134 135
 138  30]","[ 28  31 141 136 127 122 122 124 121 119 116 112 109 105 100  95  99  97
  97  93  83  80  84  85  82  83  81  77  76  78  78  75  77  75  76  74
  74  72  67  65  63  68  71  71  70  70  70  71  70  70  72  73  70  65
  64  67  71  70  69  69  68  69  70  71  75  70  70  70  68  69  71  70
  66  74  75  69  62  55  53  56  66  61  54  45  42  36  40  49  49  51
  50  48  47  47  49  53  48  52  60  65  62  60  65  69  67  63  65  67
  66  65  64  69  72  76  80  80  76  76  75  72  74  72  68  69  74  73
  72  75  73  72  70  67  63  59  57  56  57  59  63  64  60  57  56  55
  56  53  52  54  56  58  60  62  60  64  66  66  69  72  74  75  73  75
  79  82  80  76  74  74  79  82  86 107 124 132 129 134 129 132 133 132
 131 133 134 135 135 133 133 132 131 131 133 133 134 137 139 137 135 136
 138  29]","[ 30  28 147 149 140 135 130 133 136 135 131 125 123 123 121 117 112 107
 104  98  90  89  91  88  89  88  86  82  78  78  80  82  79  74  76  79
  80  78  72  70  70  74  76  75  75  76  75  75  75  73  73  75  73  69
  67  68  71  73  73  72  70  69  69  69  67  65  67  69  67  67  68  65
  63  68  71  72  73  70  67  71  75  66  60  58  63  57  56  60  58  53
  49  47  45  44  45  45  31  33  43  53  53  51  52  54  55  50  52  54
  56  56  54  58  65  68  75  79  77  76  75  71  70  68  65  66  70  69
  66  65  66  64  65  64  59  56  57  59  60  62  63  60  56  57  59  58
  56  54  54  56  59  61  63  66  66  68  68  68  70  72  73  75  72  73
  76  79  79  77  77  78  78  79 103 128 130 130 134 132 133 132 133 135
 135 132 132 134 136 133 132 132 132 133 134 133 134 137 138 136 134 135
 138  28]","[ 29  29 148 151 145 153 147 147 142 145 144 140 138 137 134 129 132 126
 124 122 119 121 121 115 111 107 101  95  87  82  84  90  81  74  74  80
  86  86  78  75  76  80  80  79  79  79  77  75  75  76  76  75  70  67
  68  71  69  71  71  71  71  71  69  67  68  63  63  66  68  70  69  64
  64  65  65  66  68  64  62  68  70  67  66  63  68  64  68  74  74  64
  60  59  56  54  52  48  45  38  40  47  47  43  40  38  40  36  38  42
  45  45  41  41  44  47  59  71  75  75  74  71  67  65  63  65  66  64
  57  52  60  59  62  61  57  55  53  53  52  55  57  56  55  58  59  57
  57  57  57  59  62  64  66  68  69  70  69  69  71  72  73  77  72  71
  72  75  77  79  82  86 106 118 131 132 133 131 131 128 129 131 134 134
 133 132 131 131 135 132 132 133 134 136 137 135 134 136 137 135 133 135
 138  29]","[ 29  29 138 137 130 142 145 143 151 149 147 149 151 147 141 138 147 152
 148 137 133 136 136 133 137 133 122 124 119 116 116 117 111  99  99 105
 103  93  83  84  86  84  83  75  79  81  82  81  78  80  77  76  73  69
  73  78  73  71  72  73  72  70  67  63  65  70  66  70  67  72  68  64
  64  67  64  64  66  64  56  61  66  64  64  66  66  64  65  68  69  66
  68  70  66  65  66  61  56  53  53  53  49  43  40  37  41  40  37  35
  38  38  34  32  34  31  33  40  45  52  54  49  56  56  59  60  57  56
  55  54  52  53  54  55  53  52  51  52  48  49  51  54  55  55  57  60
  58  57  57  61  63  64  65  67  66  71  71  68  71  74  72  71  73  76
  75  73  75  81  81 102 121 128 130 131 133 132 133 131 133 136 136 133
 134 139 140 138 134 131 131 134 135 135 135 137 136 134 133 134 135 135
 137  28]","[ 31  28 109  98 104 114 115 120 130 136 133 134 145 144 140 149 151 154
 152 143 138 137 140 143 150 149 146 151 147 141 131 125 121 115 120 131
 133 121 102  91 100 102 101  95  86  81  91  87  78  80  80  84  84  80
  80  79  78  76  73  71  71  72  73  74  73  71  65  69  72  71  67  66
  67  65  64  66  64  64  59  62  66  66  65  65  65  65  65  65  64  65
  69  70  66  65  68  67  65  62  61  62  61  59  56  51  46  46  46  43
  35  32  31  29  32  28  30  33  31  30  33  37  39  38  40  42  43  44
  45  44  49  51  48  44  46  51  52  46  46  44  48  55  58  56  56  60
  60  57  58  62  65  66  66  66  67  70  71  72  74  75  73  71  73  74
  80  83  78  80  97 126 127 131 129 130 133 135 137 135 136 138 137 135
 136 139 140 137 133 132 132 134 136 136 136 137 138 135 135 136 136 136
 137  29]","[ 28  34 123 115 117 115 115 120 119 113 105 105 111 117 124 132 134 144
 150 148 143 142 143 145 146 148 151 150 145 144 139 141 144 141 142 139
 135 135 135 137 129 128 122 121 111 102 111  96  96  98  99  97  88  82
  87  88  79  81  78  75  76  74  72  73  79  80  77  78  79  71  66  65
  67  62  65  73  72  73  66  63  66  66  65  63  64  65  65  63  58  62
  66  66  64  64  66  68  65  61  59  61  65  68  65  60  58  58  65  64
  53  50  54  51  39  35  34  36  32  30  33  37  32  30  28  29  31  35
  38  37  34  36  35  32  39  48  49  42  40  43  49  55  57  55  56  59
  61  62  65  70  71  69  66  66  71  73  76  77  75  73  73  72  76  80
  77  72  82 106 132 137 131 133 129 130 134 137 139 138 138 138 137 136
 137 139 139 137 136 137 138 138 137 137 138 138 139 137 137 138 137 137
 138  29]","[ 28  32 139 141 140 140 139 133 123 119 118 116 110 108 113 118 126 112
 110 123 129 123 124 132 138 137 141 143 147 154 150 150 151 150 152 149
 145 144 141 139 145 144 137 141 137 132 139 125 121 114 111 114 111 108
 105  95  90  95  91  84  82  80  79  84  81  86  82  78  77  75  75  77
  74  71  71  75  73  74  67  66  69  68  66  65  67  68  67  66  64  66
  66  67  70  69  68  69  64  61  58  59  61  66  65  61  59  60  66  66
  60  58  59  56  50  48  45  41  37  37  36  34  37  33  28  24  24  28
  32  31  34  32  30  31  33  33  30  27  35  45  52  53  52  55  58  57
  62  66  71  73  71  67  67  71  76  78  81  80  73  72  76  76  78  83
  82  91 115 132 141 130 133 135 132 133 136 137 138 138 136 137 137 138
 138 138 138 138 139 141 141 139 138 137 138 137 139 138 138 139 138 137
 138  30]","[ 32  25 142 144 143 149 147 141 144 142 136 138 144 138 127 125 119 112
 108 109 108 107 103  98 106 111 119 116 116 121 124 130 129 137 149 152
 148 146 145 146 140 145 146 147 144 143 147 147 152 140 130 131 132 133
 132 121 126 118 102  97 107 108  96  86  89  93  85  85  80  81  78  79
  80  83  81  80  79  76  68  71  71  67  64  65  67  67  66  66  66  66
  65  66  69  69  66  65  67  64  62  59  57  59  60  58  60  62  61  60
  60  59  58  58  58  60  59  54  52  50  47  45  46  43  38  33  30  32
  33  32  28  26  27  30  29  27  28  32  37  46  52  51  51  56  59  58
  65  65  67  67  64  65  71  78  80  81  83  80  74  75  79  79  75  91
  99 114 133 132 138 136 136 140 139 138 137 135 138 139 137 138 139 140
 139 137 137 138 138 139 140 138 137 137 137 137 138 137 137 138 138 137
 138  29]","[ 29  27 149 147 145 147 143 145 144 147 149 148 144 141 143 147 148 141
 138 136 128 124 125 123 117 114 112 105 105 106 108 108 104 109 122 131
 135 138 135 133 145 151 156 157 155 155 147 149 150 153 156 158 152 147
 148 145 146 147 140 132 131 129 122 117 112 113 107 111  99  93  87  88
  94  96  88  83  85  86  74  75  78  73  69  71  71  69  68  68  71  71
  71  71  70  69  69  68  65  63  61  58  55  55  58  58  58  60  57  54
  56  57  57  59  55  55  55  58  62  59  55  54  53  52  51  48  44  44
  43  40  34  34  33  30  26  25  29  34  42  44  46  50  54  58  60  60
  64  63  63  66  68  71  76  82  84  83  83  81  79  79  80  81  79 111
 125 131 139 135 136 135 141 145 143 140 137 134 137 141 142 143 143 142
 140 138 137 138 137 138 139 139 139 139 139 139 137 136 137 138 138 138
 138  29]","[ 30  29 145 144 148 148 143 145 144 142 147 150 144 146 150 147 144 144
 147 148 150 155 150 135 132 135 137 131 126 117 119 118 114 115 117 110
 104 107 110 112 115 119 131 141 143 150 146 146 158 162 163 164 160 155
 154 152 148 150 148 142 140 144 146 144 138 134 130 133 122 119 122 126
 124 119 107  96  93  97  87  82  86  82  78  77  76  73  70  68  73  71
  73  73  70  69  70  67  65  63  63  62  60  60  62  64  64  61  58  56
  56  57  56  53  53  52  51  56  62  59  52  50  49  51  52  50  48  48
  47  43  40  40  38  34  31  31  34  37  42  43  45  49  54  58  60  61
  64  64  67  73  77  78  80  83  87  86  86  87  85  82  87  96 120 135
 136 137 135 135 138 141 143 146 142 140 137 134 139 143 145 145 143 141
 139 139 138 137 138 137 139 142 142 141 140 140 138 137 137 139 139 138
 138  29]","[ 30  29 147 151 154 151 150 146 144 146 144 144 147 148 146 144 144 142
 146 149 145 145 147 145 143 147 150 150 150 142 145 142 145 138 129 116
 113 117 114 108 104 107 115 118 103 106 113 116 118 126 132 142 151 153
 153 150 149 152 154 153 154 157 156 150 149 144 144 146 143 146 153 148
 137 140 140 132 119 117 106  96 104 102  98  93  91  88  84  79  80  75
  77  78  75  75  75  70  67  65  65  66  65  64  65  66  66  57  57  60
  60  62  59  49  44  50  51  50  52  51  46  44  46  47  48  47  45  47
  46  42  41  39  39  40  40  38  38  40  38  44  47  47  50  56  60  60
  64  67  72  77  79  79  81  85  86  88  91  93  91  87  97 118 130 139
 139 139 133 138 140 138 142 144 141 140 139 137 141 144 145 144 141 138
 138 140 139 137 138 137 139 142 143 140 138 137 139 138 138 140 140 139
 139  28]","[ 29  29 157 152 156 153 152 152 147 150 153 151 150 150 150 149 145 140
 138 144 147 145 144 146 149 149 149 147 147 148 147 144 144 145 140 139
 149 156 153 149 139 137 132 125 119 115 113 112 111 109 107 109 112 113
 112 114 120 123 132 141 148 149 147 151 152 151 148 154 147 148 154 154
 154 155 153 150 150 152 150 146 135 131 117 114 113  98  97  89  83  83
  80  81  92  82  77  85  76  73  72  75  77  74  69  66  61  60  62  63
  63  63  59  52  51  53  51  47  46  41  38  39  41  39  39  39  37  38
  38  36  37  40  41  41  40  37  36  39  40  40  47  52  50  55  62  64
  66  64  74  74  78  80  82  84  85  89  94  95  99 103 121 132 137 137
 139 143 146 147 145 144 145 145 144 141 139 139 142 144 145 144 142 140
 139 138 139 139 138 139 140 140 140 140 139 138 140 138 139 141 140 138
 139  29]","[ 29  29 159 156 160 158 159 159 161 162 161 158 155 153 152 151 147 148
 148 148 145 142 144 147 149 149 146 144 144 146 146 145 142 141 138 139
 144 147 145 143 142 143 145 147 148 145 138 132 126 124 120 116 112 107
 103 104 106 109 112 110 106 105 108 118 131 138 138 146 146 148 153 157
 162 162 161 159 160 163 160 155 158 153 141 136 135 121 112 100 102 100
  93  92 103 103  97  98  97  87  80  83  87  84  75  67  65  63  64  65
  65  65  63  60  52  55  53  51  49  45  40  40  43  43  42  38  34  35
  36  34  31  33  35  37  38  36  35  36  35  39  49  55  53  57  63  63
  68  71  76  78  79  77  79  81  86  90  95 104 120 133 143 142 140 140
 141 143 146 147 147 146 146 146 145 143 142 142 144 145 145 144 142 140
 138 138 138 138 138 138 138 138 139 139 139 138 138 137 137 139 139 139
 139  28]","[ 29  30 162 160 163 161 162 163 166 164 162 159 157 155 154 155 156 157
 157 154 153 153 152 149 147 147 146 144 145 147 148 147 139 137 138 142
 143 143 144 144 144 144 145 145 144 144 143 142 146 141 136 138 143 142
 136 131 131 129 127 119 113 109 108 113 113 116 107 107 113 120 124 130
 145 146 151 158 165 166 163 160 160 160 156 146 140 129 125 122 121 120
 115 116 120 122 116 113 108  98  91  94  99  95  85  77  75  72  71  71
  68  65  64  62  59  60  58  56  55  52  49  49  46  48  48  42  35  34
  35  33  33  34  35  37  38  38  36  35  34  40  52  58  57  59  64  64
  70  75  71  77  80  78  81  83  93  94 101 122 138 144 145 144 148 147
 146 146 146 147 147 147 149 149 147 146 145 146 146 146 146 145 144 142
 140 138 139 139 140 139 138 138 139 139 139 139 138 138 137 138 139 141
 141  28]","[ 29  29 163 163 164 162 165 165 166 165 164 165 164 162 162 164 168 167
 166 166 169 170 163 155 149 155 162 164 161 155 148 143 151 147 148 149
 144 143 144 145 145 145 146 146 145 145 146 147 143 143 144 147 150 149
 146 146 146 141 139 138 138 135 130 133 123 123 115 111 113 115 113 113
 108 104 106 115 121 121 123 128 139 145 155 153 152 144 132 126 128 123
 122 131 130 127 122 121 122 114 108 110 111 104  94  88  87  85  83  80
  74  69  64  60  60  60  59  58  58  56  52  51  48  51  52  47  39  36
  37  36  37  36  36  36  36  36  36  34  38  45  55  59  58  59  64  65
  65  74  73  77  75  75  81  94 103 112 124 144 149 150 150 153 153 152
 150 149 149 149 149 149 152 150 148 146 146 147 146 145 145 145 145 144
 143 141 141 142 144 142 141 140 141 141 141 141 140 140 139 139 141 144
 143  29]","[ 28  29 165 166 167 165 168 168 168 167 169 171 170 167 166 168 166 166
 166 167 168 166 161 156 155 159 163 163 162 161 163 165 161 158 156 154
 150 150 152 151 149 146 145 146 148 148 146 145 145 145 145 146 147 145
 144 147 143 137 135 137 138 136 135 143 138 137 138 134 129 129 129 126
 123 120 117 116 112 106 104 104 113 115 122 116 119 122 122 125 125 117
 121 137 138 137 133 131 130 123 117 116 115 110 101  95  97  95  93  88
  82  77  72  67  66  65  65  66  65  63  59  55  51  51  53  50  43  39
  41  43  39  37  37  36  33  34  37  36  41  48  56  59  57  59  62  64
  69  74  77  81  82  85  87 102 113 130 141 149 145 149 152 154 155 154
 153 152 152 152 151 151 152 151 149 147 147 148 147 145 144 146 147 146
 145 144 143 143 146 144 142 142 142 143 143 142 143 143 142 140 142 145
 144  30]","[ 29  29 166 168 168 165 168 167 167 166 168 170 170 167 165 166 168 167
 167 168 168 167 165 164 159 163 167 166 163 160 161 163 161 160 158 156
 157 161 164 162 161 157 153 151 151 151 152 153 151 149 145 144 147 147
 145 146 146 140 138 138 138 134 134 142 141 135 138 134 133 137 143 143
 139 144 144 137 130 127 121 114 111 112 116 106 104 104 106 111 106 107
 120 136 138 140 138 133 126 123 118 114 111 109 107 106 104  99  95  92
  88  86  82  78  75  70  66  65  64  65  64  61  58  55  54  52  47  44
  46  50  43  39  39  38  33  32  36  37  41  49  56  58  59  60  63  64
  68  71  80  88  93  97  99 113 135 144 148 151 149 151 155 155 157 157
 155 154 154 153 152 151 152 152 151 150 150 151 150 149 145 146 147 147
 146 144 143 143 144 143 142 142 142 143 143 143 144 144 142 140 141 144
 143  30]","[ 30  29 167 170 169 166 169 168 168 167 167 169 170 169 168 167 167 167
 167 168 168 168 167 167 165 165 165 163 161 162 167 171 166 165 162 160
 163 166 166 166 161 160 160 161 159 158 159 162 159 159 157 154 151 147
 147 150 148 145 144 144 145 143 138 141 136 129 131 129 134 137 139 139
 138 144 144 138 137 143 147 145 150 144 139 133 135 131 124 118 110 116
 131 140 142 142 142 136 130 130 125 116 110 110 111 111 108  98  92  93
  93  91  89  88  89  81  74  71  70  73  76  74  68  64  62  59  54  52
  53  54  50  44  45  46  38  34  37  38  40  48  53  55  58  62  64  66
  61  70  87  95  97 100 116 136 145 145 146 152 156 153 157 159 159 158
 155 154 154 153 152 151 152 153 153 153 153 153 152 150 146 146 146 146
 145 144 143 143 143 143 143 143 143 143 143 142 143 143 141 139 139 141
 141  30]","[ 28  28 168 173 173 172 176 174 170 168 166 167 170 171 170 168 168 171
 172 170 167 167 166 166 167 166 164 163 161 162 165 169 170 169 165 163
 167 168 166 167 165 162 160 161 163 162 162 163 163 161 160 162 167 166
 161 159 156 157 158 155 154 152 147 146 140 137 138 132 139 137 136 142
 140 140 138 133 132 135 139 142 145 143 141 141 148 145 142 137 132 130
 137 139 143 142 143 137 135 132 124 116 113 115 113 109 107  93  88  94
  97  95  94  97  92  84  80  78  78  81  82  78  76  73  70  66  62  60
  59  55  58  53  55  58  50  44  46  46  40  46  50  51  56  61  65  67
  75  78  87  99 109 115 139 153 146 148 152 154 159 155 158 156 158 155
 153 152 153 154 155 154 150 152 154 154 153 152 150 149 146 146 146 146
 145 145 144 143 144 144 144 144 144 143 143 142 142 142 140 138 137 139
 140  30]","[ 30  29 171 173 173 175 176 175 177 173 169 169 171 172 171 170 171 171
 171 171 170 169 168 168 167 166 164 162 163 167 168 167 168 168 168 167
 166 166 165 165 167 165 163 163 165 166 165 164 163 165 166 169 170 167
 163 163 161 162 163 161 160 159 157 155 153 155 156 155 152 147 141 137
 142 138 138 137 137 138 137 140 143 140 140 141 140 139 138 134 132 135
 139 139 136 137 138 133 132 129 123 117 116 117 116 111 104  89  82  91
  97  96  98  96  92  90  88  91  90  85  84  84  79  75  78  73  72  68
  67  64  64  61  60  59  57  55  53  49  42  43  52  55  54  57  65  72
  84  88  95 110 124 137 146 147 147 149 154 159 162 161 159 158 159 157
 157 158 158 158 158 157 156 155 153 153 154 154 152 150 147 147 145 146
 147 145 143 145 143 145 145 145 144 145 146 146 146 146 144 143 141 140
 141  31]","[ 30  30 173 173 172 173 175 175 175 175 174 173 171 170 171 172 172 171
 171 172 172 171 170 169 166 167 167 167 169 171 170 167 166 167 168 168
 168 168 167 166 167 166 165 165 166 167 167 167 167 166 164 164 165 163
 161 162 161 162 163 162 162 163 162 161 157 159 160 158 157 156 155 154
 156 149 146 146 147 145 139 137 140 141 141 137 133 133 135 133 133 133
 137 140 137 134 131 130 129 126 123 121 122 121 116 111 104 110 114 114
 110 109 107  98  91  94  94  95  94  91  89  83  82  80  81  83  83  78
  73  66  64  64  66  66  63  59  55  49  48  45  50  54  57  62  68  77
  82 100 120 139 150 153 154 151 154 155 158 162 164 164 163 162 163 161
 161 160 158 157 158 158 159 158 157 157 156 155 152 150 147 147 147 146
 146 143 142 144 144 144 144 144 144 145 145 145 145 145 146 146 144 142
 141  29]","[ 29  30 173 173 170 171 174 176 175 175 176 175 172 170 170 171 170 169
 170 173 174 173 170 167 167 169 171 172 172 172 168 163 167 168 170 171
 172 171 170 169 168 168 167 167 166 166 167 169 164 165 166 168 169 166
 162 162 162 162 162 161 161 162 161 160 160 160 160 158 157 158 160 161
 157 154 154 154 155 154 149 149 148 148 149 148 143 137 131 126 129 133
 135 136 137 136 129 123 120 121 123 124 123 120 118 116 115 122 128 130
 127 124 125 120 114 107 101 105 110 106 103  99  95  89  81  87  88  86
  83  76  66  71  72  68  65  68  67  59  53  47  47  53  60  64  70  80
 100 117 129 139 147 151 155 157 158 158 160 163 165 165 165 165 164 163
 163 161 157 156 158 159 161 161 160 159 157 155 152 150 146 148 149 147
 145 141 140 143 145 144 143 143 145 146 145 143 143 144 146 147 145 143
 141  28]","[ 29  29 172 172 170 171 174 177 177 175 173 173 173 172 171 169 170 170
 172 174 174 172 168 165 171 172 173 173 174 172 169 165 170 171 172 174
 175 174 172 171 169 169 168 167 165 165 166 167 168 168 167 167 168 165
 164 166 167 166 164 163 163 164 163 161 163 163 162 160 160 160 161 160
 160 158 159 158 158 158 156 158 158 156 158 160 153 139 125 117 115 117
 113 108 108 110 113 117 118 121 124 123 121 120 120 120 118 121 127 136
 137 133 133 133 135 140 136 126 121 124 127 123 117 110  95  95  88  85
  93  96  86  86  84  80  76  76  75  70  65  58  54  58  68  76  86 104
 122 132 132 134 142 148 152 154 157 158 160 163 165 166 166 166 163 162
 163 162 159 158 160 160 161 160 160 159 157 155 153 152 149 151 151 149
 146 142 141 144 147 146 145 145 146 147 145 143 143 144 145 146 145 144
 142  29]","[ 29  28 171 171 170 172 174 176 178 175 172 172 173 173 171 170 168 169
 171 173 174 174 174 174 172 172 173 175 176 176 175 173 174 173 173 174
 175 174 172 171 172 170 169 167 167 167 166 166 166 168 168 168 168 166
 165 167 168 167 166 164 165 167 167 165 164 164 163 162 163 164 163 161
 163 160 160 159 161 163 160 161 160 158 157 153 143 131 120 113 111 108
 104 103  98  92  99 116 124 127 126 122 122 124 123 119 116 128 133 133
 131 131 134 133 131 134 136 137 133 130 135 141 138 132 123 136 137 131
 123 113 104  97  96  99  95  85  80  79  82  80  81  85  92  97 105 121
 131 139 138 140 148 152 153 152 156 158 161 164 166 167 166 167 163 162
 164 165 164 163 162 161 160 160 159 158 157 156 154 153 152 153 153 151
 150 146 144 146 147 147 146 146 147 147 145 143 144 146 146 146 146 146
 144  30]","[ 29  29 171 171 170 172 173 173 176 175 174 173 173 172 172 172 171 171
 172 172 172 173 176 179 171 172 174 175 176 176 176 176 175 173 172 174
 175 175 174 173 174 172 170 169 170 170 170 170 167 170 172 174 173 169
 165 165 167 167 166 165 166 167 167 166 165 164 163 162 163 164 163 161
 158 158 161 161 163 164 162 163 158 157 152 143 134 131 124 115 110 106
 105 106 102  93  91  97 117 124 127 123 122 124 124 120 119 134 139 137
 135 136 138 137 136 141 138 133 132 135 135 128 131 129 127 134 133 129
 131 131 132 128 126 123 117 110 103  97  87  90  97 102 107 111 117 126
 132 140 140 141 146 150 154 155 158 159 163 166 167 167 167 167 165 163
 165 168 167 166 164 162 161 160 159 158 157 156 154 153 154 153 152 151
 151 148 145 147 147 147 146 145 146 146 145 144 145 147 148 148 148 148
 145  30]","[ 30  30 172 172 171 172 172 172 173 173 174 175 174 173 174 174 179 179
 177 175 171 169 170 171 173 173 174 174 173 173 173 175 176 173 171 173
 175 175 174 174 175 174 172 171 172 173 173 173 179 178 175 174 174 171
 168 168 171 171 171 169 168 169 168 167 166 166 166 166 166 166 165 164
 160 161 164 163 162 163 160 161 159 156 151 143 138 135 129 122 118 111
 105 102 100  98  94  88 103 114 123 123 120 121 123 123 121 135 143 150
 152 147 143 141 140 140 137 135 132 128 131 133 132 126 125 127 129 128
 128 127 125 127 128 125 124 129 129 123 122 119 119 116 115 121 125 128
 129 136 139 143 146 149 155 157 159 161 164 167 168 167 167 168 167 165
 166 168 168 167 166 163 162 161 160 159 159 157 155 153 154 153 151 150
 150 147 145 147 147 146 144 144 145 146 147 146 145 147 148 148 148 148
 145  29]","[ 30  30 173 173 172 172 172 172 172 172 174 176 178 178 177 176 176 176
 177 177 175 172 171 172 176 175 175 173 172 172 174 177 175 171 170 172
 174 174 173 174 175 174 173 172 172 173 174 174 174 173 172 175 179 178
 173 172 171 172 172 170 169 169 168 167 162 164 166 167 167 167 166 165
 164 161 162 162 165 167 163 160 160 154 151 147 138 130 128 130 121 113
 110 109 104  99  96  91  98 108 118 122 122 122 122 123 126 139 146 150
 153 149 147 145 147 147 142 139 138 137 138 135 130 123 127 129 135 133
 131 127 121 117 119 122 122 121 122 123 125 122 124 122 123 130 130 125
 127 131 135 140 144 149 158 161 161 162 164 167 168 168 169 170 168 167
 168 169 168 167 167 166 164 163 162 161 161 160 157 154 155 154 152 151
 150 148 146 148 148 146 143 142 144 147 148 148 147 148 148 147 147 148
 145  30]","[ 31  29 173 171 169 166 169 171 172 172 173 174 175 175 176 177 178 176
 175 176 175 174 174 175 180 179 177 175 173 172 174 177 176 173 171 172
 173 172 172 174 172 174 175 174 174 174 174 173 172 173 175 178 178 174
 172 171 172 173 173 172 171 171 171 171 166 167 168 168 168 169 168 167
 167 164 163 166 171 172 167 163 162 158 154 149 139 131 129 129 122 121
 119 115 109 100  94  94  90  99 112 115 119 118 125 128 123 144 147 150
 152 149 149 147 148 147 146 145 144 144 143 143 139 137 135 134 137 141
 139 131 120 120 121 122 122 122 123 124 126 125 123 123 126 131 133 131
 129 132 136 140 145 151 157 161 161 163 167 170 169 169 169 168 168 168
 169 171 172 171 168 166 167 165 164 163 163 161 159 158 155 155 154 153
 154 154 151 147 150 147 143 144 146 148 148 147 147 148 147 147 146 147
 147  29]","[ 29  28 172 171 173 171 173 173 172 173 176 178 178 177 176 176 179 178
 176 177 177 177 176 175 175 176 178 179 178 174 173 173 176 174 172 171
 172 173 173 173 172 174 175 175 175 175 175 173 173 173 174 175 174 172
 172 172 173 174 174 173 172 172 171 171 168 169 170 170 170 171 171 171
 170 169 168 170 173 173 169 166 165 163 161 155 143 133 129 127 123 122
 121 120 113 104  96  93  90  94 102 109 115 117 123 128 118 136 145 150
 152 149 148 149 149 148 147 146 145 146 146 146 142 144 145 141 137 139
 142 141 132 130 127 124 122 121 123 125 130 130 129 129 132 137 138 136
 134 135 139 142 146 151 156 161 162 162 165 167 168 170 171 170 170 171
 171 172 172 171 169 167 168 166 165 164 163 161 159 158 155 156 156 156
 157 156 153 150 150 148 146 146 148 148 147 147 147 149 148 148 147 147
 147  29]","[ 30  29 173 172 174 174 175 172 172 173 176 178 179 177 176 176 179 178
 175 174 176 178 178 176 176 175 176 179 177 174 172 174 175 175 174 171
 172 174 175 173 172 173 174 174 175 174 173 172 173 173 173 173 172 171
 172 173 171 172 173 173 172 171 170 169 171 172 172 171 169 170 171 172
 170 170 171 172 172 171 169 167 167 165 163 161 155 150 142 135 125 123
 122 125 116 112 105 101  95  93  94 103 109 115 119 123 122 135 150 154
 154 152 150 153 151 150 148 147 146 146 147 147 147 146 146 143 139 140
 142 142 138 135 130 126 122 122 124 127 132 132 133 133 136 139 140 139
 138 138 140 144 147 150 155 161 162 162 164 165 167 171 174 172 171 171
 171 172 172 172 170 169 168 167 166 165 163 161 160 160 158 157 158 158
 157 156 154 152 151 150 150 150 150 149 147 146 148 150 150 150 148 148
 147  29]","[ 31  31 175 173 175 175 175 172 172 172 174 175 175 175 175 176 178 177
 174 171 172 177 179 178 178 175 175 176 176 173 173 176 175 175 174 173
 173 175 176 175 172 173 174 174 174 173 171 170 173 174 174 174 172 171
 172 173 170 171 172 171 171 170 169 168 171 172 171 170 169 169 170 170
 168 169 170 171 171 170 168 167 168 165 163 161 159 155 147 137 132 127
 122 125 112 111 107 104  99  95  90  97 102 111 114 117 118 130 151 150
 149 149 147 150 154 153 151 148 146 146 146 146 149 145 142 143 143 142
 140 136 137 134 131 127 124 123 124 126 130 131 132 132 134 137 139 140
 140 139 141 145 147 149 154 160 161 163 165 166 167 172 174 173 169 169
 169 170 172 173 172 171 168 167 167 165 163 161 161 162 162 160 158 158
 157 155 153 151 151 151 152 152 151 148 146 145 150 151 149 149 147 148
 147  29]","[ 28  29 175 174 176 176 178 176 173 173 173 173 173 173 174 175 177 178
 176 172 171 176 178 178 176 174 175 178 179 176 174 175 175 174 174 175
 176 175 175 176 172 173 175 176 174 173 172 172 173 174 174 173 171 171
 171 172 172 172 172 172 172 172 171 170 170 170 170 170 171 173 173 172
 167 168 170 172 172 172 171 170 168 167 166 161 156 153 148 141 138 131
 124 124 110 111 110 110 104 100  92  91  93 104 108 112 114 133 159 156
 155 157 154 155 154 153 152 150 149 148 148 148 149 146 145 146 144 141
 140 138 136 135 132 129 126 124 125 126 129 130 131 131 133 136 140 142
 143 142 143 146 148 149 154 160 161 163 167 169 169 171 173 172 169 168
 167 169 172 174 173 171 168 168 167 166 163 161 161 162 163 161 159 159
 159 157 154 151 151 151 152 152 150 148 146 145 150 150 147 146 145 146
 146  29]","[ 28  29 175 174 176 175 178 177 175 174 174 174 173 172 172 173 176 178
 178 174 173 176 177 176 174 174 176 178 179 177 176 176 175 174 174 176
 176 174 173 174 172 173 174 176 175 174 174 175 174 174 173 170 169 169
 170 171 173 173 173 172 173 173 173 172 171 171 171 171 172 174 173 171
 167 168 170 171 172 171 171 171 170 169 166 162 158 156 153 147 140 135
 128 127 116 115 114 115 112 109  99  91  88  96 102 105 105 133 164 159
 159 160 156 154 153 152 152 153 153 154 153 153 151 148 147 146 143 142
 141 139 136 135 133 131 129 127 128 130 129 130 131 132 133 136 141 145
 147 146 146 148 150 151 156 161 162 163 167 170 170 171 172 171 172 170
 169 171 173 174 173 171 170 169 168 166 164 162 161 161 162 161 159 159
 161 162 158 153 153 153 152 153 152 150 149 148 151 151 147 146 146 147
 147  29]","[ 29  29 175 175 176 174 176 175 175 175 174 174 173 172 173 174 175 177
 177 176 175 176 176 174 175 175 175 175 175 176 177 177 174 174 174 175
 175 174 173 173 172 171 172 174 175 175 174 174 175 175 173 170 168 169
 170 171 172 172 172 172 172 173 173 172 173 173 172 171 171 171 170 169
 167 169 170 170 168 168 169 171 174 169 166 163 160 158 153 146 147 142
 135 131 123 117 113 112 117 114 108  97  92  91  96  99 100 135 167 161
 162 159 155 153 154 153 153 154 156 157 156 155 155 150 147 146 145 144
 142 138 136 136 134 133 131 131 131 133 130 132 134 135 135 137 142 146
 148 149 150 151 152 155 159 163 163 161 163 167 169 169 171 172 174 173
 172 173 174 174 173 172 172 170 168 167 165 163 161 160 161 161 159 157
 159 162 161 157 155 154 153 154 154 153 152 152 153 152 149 149 150 151
 149  30]","[ 30  28 174 175 177 175 176 176 175 174 173 172 171 172 174 176 176 176
 176 175 176 177 177 176 173 175 175 174 173 174 174 173 171 173 174 173
 172 174 174 172 173 171 170 173 175 175 174 173 176 176 174 171 170 171
 171 171 171 171 171 171 172 173 172 172 172 173 172 171 170 170 170 169
 169 171 171 169 166 166 168 171 171 169 168 167 163 160 156 152 154 149
 143 137 133 125 119 118 114 113 112 103  98  91  95  97  99 136 167 161
 163 157 156 155 157 156 155 155 157 157 156 154 156 153 151 149 147 146
 144 139 138 138 138 136 134 132 131 132 132 135 138 139 139 140 144 148
 148 150 151 152 154 157 162 165 165 160 160 164 167 169 171 172 173 174
 174 174 174 174 174 173 172 170 168 168 167 165 162 161 161 161 157 152
 154 160 162 159 155 153 152 153 155 154 153 153 153 153 151 152 152 153
 151  30]","[ 29  30 174 173 170 166 167 171 173 173 172 170 171 173 175 175 173 173
 173 174 175 175 176 177 175 175 174 173 172 172 172 172 171 172 172 172
 172 173 173 173 173 172 172 173 174 173 172 173 172 174 174 173 171 171
 171 171 171 170 170 171 171 171 172 172 171 172 172 173 170 165 166 166
 171 170 170 169 166 163 165 170 172 169 166 165 165 162 158 155 157 153
 147 145 139 133 128 121 120 115 111 109 101  94  95  98 109 137 167 158
 161 160 164 159 158 158 158 158 158 158 158 157 157 154 153 151 149 148
 147 143 139 138 138 136 134 130 129 129 131 136 139 138 139 143 147 148
 150 150 152 154 155 157 161 165 163 165 161 162 169 170 168 171 172 173
 174 173 172 172 173 174 173 170 167 167 169 169 165 161 162 162 161 158
 158 160 161 161 155 154 154 154 153 154 155 154 153 153 152 153 152 152
 150  28]","[ 29  29 173 172 169 166 166 170 172 172 171 170 171 172 174 175 173 172
 172 173 174 174 176 177 178 176 174 172 171 171 171 172 172 172 172 172
 172 173 174 174 172 171 171 173 174 174 173 173 173 174 174 173 172 171
 171 171 170 170 171 171 171 170 170 171 173 173 171 171 169 166 169 170
 171 169 168 168 167 165 168 172 172 170 169 167 166 163 160 158 155 153
 149 148 144 139 136 129 124 118 114 111 105 100  98  98 104 130 157 156
 161 163 162 160 157 157 156 155 154 156 158 159 158 154 151 151 149 147
 145 144 143 142 141 138 135 133 133 134 133 135 137 136 138 142 146 147
 150 151 153 155 156 157 160 162 159 165 165 164 169 171 169 170 173 174
 174 174 173 173 173 174 174 172 169 168 168 169 168 166 165 165 163 160
 159 160 161 161 157 156 155 155 154 154 155 154 153 152 152 153 151 151
 150  29]","[ 29  29 172 171 169 167 167 170 172 171 171 171 171 171 172 174 173 172
 172 172 173 175 177 179 179 177 175 172 171 171 171 172 173 173 173 172
 172 174 175 175 174 173 173 175 176 175 174 173 173 174 174 173 172 171
 171 171 171 172 172 173 172 171 170 171 173 173 171 172 172 170 171 170
 171 168 167 167 168 168 170 173 172 172 170 168 165 163 161 160 156 156
 152 148 144 142 140 132 128 122 117 115 111 107 102  97 107 131 156 159
 164 166 161 161 157 157 156 155 155 157 160 161 160 154 151 152 150 148
 146 146 145 144 142 139 137 136 137 138 139 139 138 139 142 145 148 150
 151 152 153 155 157 159 160 160 159 168 170 168 171 173 171 172 173 175
 176 176 176 175 174 174 174 173 171 169 168 169 169 168 167 167 165 162
 160 161 161 161 160 158 157 156 155 155 155 153 152 152 151 151 149 150
 149  29]","[ 29  30 171 170 168 167 168 172 173 172 172 172 171 170 171 173 172 172
 172 173 174 175 176 178 177 177 175 173 171 170 171 172 174 174 173 172
 172 173 174 174 175 175 175 176 176 174 172 173 173 173 173 173 172 171
 171 171 172 172 173 173 172 171 171 171 172 172 170 171 172 171 171 169
 169 167 166 167 168 168 169 171 173 173 170 167 164 163 162 162 159 159
 154 148 143 142 141 133 128 124 121 118 115 110 104  97  97 124 154 154
 158 161 158 158 156 157 157 156 157 158 159 159 160 154 152 152 151 150
 149 147 146 144 142 140 140 139 139 138 141 139 138 140 143 145 147 150
 152 153 154 154 157 161 161 160 160 166 168 167 169 170 171 173 173 175
 177 178 178 176 175 174 173 173 173 171 170 170 168 167 167 167 166 163
 161 162 163 162 161 159 158 158 156 155 155 152 153 152 151 152 149 150
 149  29]","[ 30  30 171 169 167 167 170 173 174 173 173 173 172 170 170 172 169 169
 170 172 173 173 173 174 175 176 176 174 171 170 171 172 174 174 173 172
 172 172 173 172 173 174 175 175 173 171 170 171 173 172 172 172 172 170
 170 171 170 170 170 171 170 169 169 170 172 171 167 167 168 168 171 169
 164 164 165 167 167 166 167 168 174 172 168 165 163 163 163 163 160 161
 156 151 146 145 143 134 126 123 122 119 114 110 104  97  94 124 164 159
 160 161 161 158 156 155 155 155 156 157 156 155 157 155 154 152 151 152
 150 146 146 145 143 143 144 144 141 137 139 139 140 142 144 145 148 152
 155 155 154 154 157 160 162 161 161 163 165 167 169 169 171 174 173 174
 176 178 178 177 175 174 174 174 173 172 172 171 169 167 166 167 166 163
 162 163 163 163 161 159 159 159 157 156 155 152 154 153 152 153 151 151
 150  29]","[ 29  29 171 169 168 169 171 174 174 173 173 174 173 172 171 171 168 168
 170 172 172 172 171 171 173 175 176 174 171 169 170 172 174 174 174 172
 172 173 173 172 171 172 173 173 172 169 169 171 172 171 171 172 172 170
 170 171 170 170 169 170 170 169 169 170 171 171 168 168 168 168 170 167
 163 164 167 168 168 167 167 168 171 169 166 162 161 163 163 162 160 162
 160 156 152 148 144 133 125 122 121 118 113 109 105 101  95 120 165 161
 159 158 158 153 158 157 156 156 157 157 156 155 155 155 155 153 152 154
 152 147 147 146 144 144 146 146 142 137 138 140 143 146 147 147 151 155
 156 155 155 155 157 160 162 162 162 161 164 168 170 170 171 173 174 174
 176 178 179 179 177 175 175 174 172 171 171 172 171 169 166 166 165 162
 162 162 162 161 160 159 160 160 157 157 156 155 155 154 152 153 152 152
 151  29]","[ 29  30 172 171 172 173 172 172 171 172 172 173 174 174 173 172 170 170
 171 172 172 172 171 171 172 173 173 172 171 170 171 172 174 174 173 172
 172 173 173 174 171 171 171 172 172 170 170 172 173 171 171 173 173 171
 171 172 172 171 171 171 172 171 170 170 168 170 169 170 169 168 169 166
 165 167 168 169 169 168 168 169 166 166 165 163 163 164 164 163 162 163
 161 160 155 150 144 134 128 122 118 117 115 114 112 109 101 113 155 161
 160 160 160 158 160 161 161 160 159 159 158 158 154 154 155 155 154 155
 154 151 149 148 146 145 146 147 144 140 137 140 144 146 146 147 150 153
 155 155 156 158 160 161 163 165 163 162 164 167 167 168 169 170 174 174
 176 178 180 180 178 177 176 175 172 170 171 171 171 170 167 166 165 162
 162 162 161 159 160 159 160 160 158 158 159 158 158 156 154 154 152 153
 151  29]","[ 29  29 172 172 174 175 171 169 169 171 171 172 174 176 175 172 172 172
 171 172 172 171 171 172 172 171 171 170 170 171 172 173 173 172 171 170
 170 171 173 173 172 171 170 171 172 171 171 171 173 172 172 173 173 172
 172 173 173 172 172 173 174 173 171 170 168 170 168 167 166 166 169 167
 168 168 168 168 168 168 168 167 164 166 167 166 166 167 166 164 162 163
 161 160 157 152 148 138 131 122 116 116 118 119 119 116 115 113 148 162
 159 161 159 160 160 162 164 163 161 160 159 158 152 151 153 155 155 155
 155 154 151 151 148 145 145 147 146 143 139 143 146 147 146 147 149 151
 154 154 157 160 163 163 166 168 169 169 169 169 167 170 172 172 173 173
 174 176 178 179 177 176 177 176 175 173 172 172 171 170 169 168 166 164
 163 164 162 160 160 159 160 160 158 159 161 161 163 160 156 155 153 154
 151  29]","[ 30  29 172 173 174 175 174 172 171 168 167 169 173 174 174 173 171 172
 171 171 172 171 170 171 171 172 170 170 173 173 172 174 172 170 170 171
 172 172 172 172 172 171 172 172 171 170 171 173 172 173 173 172 171 170
 170 171 171 172 172 171 172 171 170 172 172 170 168 169 171 173 172 169
 168 169 169 169 168 167 167 166 164 166 167 166 166 167 166 165 162 160
 162 160 154 152 148 138 131 124 120 122 122 122 120 117 121 116 142 159
 162 160 162 163 161 162 163 163 162 160 158 156 153 153 154 156 156 155
 157 160 153 151 150 149 148 146 147 148 146 149 147 144 148 149 149 151
 154 157 159 160 162 167 169 170 173 172 171 169 169 170 170 170 172 172
 174 175 174 176 177 175 178 177 175 173 172 172 171 171 168 167 166 167
 167 165 162 158 160 161 161 160 160 161 161 160 160 160 159 158 156 154
 155  29]","[ 30  28 172 173 173 173 172 171 172 170 167 168 171 172 172 171 172 172
 170 170 171 172 171 173 172 173 171 171 173 174 172 171 168 170 171 171
 170 170 171 173 171 171 171 171 170 169 170 172 172 172 172 169 168 169
 170 171 173 170 170 171 170 167 166 168 169 170 170 171 172 172 171 170
 169 168 166 164 164 165 166 165 164 166 167 167 166 166 165 164 164 161
 162 160 154 149 146 142 135 129 125 125 123 123 125 125 125 122 133 157
 158 161 160 162 161 161 161 160 159 159 158 158 159 157 155 154 153 153
 155 159 154 154 153 152 149 148 148 150 149 153 151 147 147 146 147 151
 157 161 164 164 163 165 167 168 170 171 171 170 170 171 172 173 173 173
 175 176 175 176 176 175 177 175 173 171 170 170 171 171 168 168 167 167
 166 165 163 162 162 162 162 161 160 159 159 159 160 159 158 157 156 154
 155  28]","[ 29  28 171 172 171 172 172 171 172 170 168 168 169 170 170 170 173 172
 169 169 172 173 173 174 171 171 172 172 172 173 173 171 169 171 172 171
 171 173 173 173 171 172 172 171 169 168 169 171 172 172 171 168 167 167
 169 169 170 164 165 169 166 164 165 165 167 170 172 171 170 170 170 170
 170 167 164 163 164 166 166 164 164 165 167 166 166 165 164 163 165 163
 164 164 158 151 148 149 146 138 131 128 128 129 129 128 128 125 120 145
 155 161 160 159 161 161 160 158 157 157 158 159 156 155 155 156 155 155
 156 158 157 157 156 153 149 146 146 147 148 151 150 147 147 147 148 151
 157 162 166 166 164 165 168 169 168 169 170 170 171 172 174 174 175 174
 176 179 177 176 176 175 175 174 173 172 172 171 171 170 167 168 168 168
 166 165 164 165 165 164 163 164 162 159 158 160 160 159 157 157 157 156
 156  28]","[ 29  28 172 171 170 171 173 173 173 173 171 169 169 169 168 168 171 172
 171 170 172 173 173 173 171 166 166 170 171 173 174 171 171 171 169 168
 171 175 174 170 172 172 172 171 169 168 169 171 172 172 171 169 168 167
 167 167 166 162 165 168 164 163 166 165 167 169 170 169 166 166 168 169
 169 168 166 166 167 168 166 164 164 165 166 166 166 165 165 165 164 165
 166 167 166 159 154 154 153 144 136 132 130 131 131 129 126 127 122 133
 147 153 159 161 160 161 161 160 158 158 158 158 157 157 157 157 156 154
 153 153 157 156 155 153 150 147 145 144 146 147 147 148 150 151 150 150
 156 161 166 166 164 165 168 170 167 169 170 170 170 171 173 175 175 173
 175 179 178 176 175 175 174 174 174 175 174 173 171 170 166 168 169 169
 167 166 165 165 165 164 164 164 162 160 159 160 161 159 157 157 158 157
 157  29]","[ 29  29 172 172 170 172 174 176 176 176 176 173 171 169 168 167 166 170
 171 172 173 173 172 172 172 163 162 169 173 173 172 170 171 169 166 165
 168 172 171 167 172 173 172 170 168 168 169 171 172 173 172 170 169 168
 168 167 168 166 169 169 163 165 168 165 166 168 169 168 166 166 167 168
 169 169 168 168 168 168 167 165 165 165 165 166 165 165 166 166 164 166
 167 167 169 167 161 157 152 148 143 137 131 129 131 132 128 122 115 120
 144 162 164 161 160 161 161 160 158 158 158 158 160 159 157 156 155 154
 154 153 154 154 153 153 152 151 148 146 147 147 149 151 152 153 152 150
 158 162 165 165 164 164 166 168 168 170 171 170 170 171 174 175 175 172
 173 177 178 177 175 174 175 175 175 175 174 173 171 170 169 169 169 168
 167 166 165 165 164 165 165 163 161 161 161 159 161 158 156 157 158 157
 157  28]","[ 29  29 172 171 170 172 174 176 175 177 177 176 174 172 171 169 163 168
 172 172 174 173 172 171 171 167 169 175 174 170 170 173 171 171 169 168
 168 170 170 169 172 172 171 169 168 169 170 171 172 172 171 169 168 168
 169 169 167 168 170 168 164 166 169 167 166 168 170 170 170 170 169 169
 169 169 169 168 168 167 166 165 164 164 164 164 164 163 164 165 167 168
 167 166 169 172 169 161 157 153 148 142 135 132 132 130 131 131 126 125
 129 147 156 159 160 160 160 158 158 158 159 160 158 158 158 159 159 158
 156 154 154 153 153 153 154 153 150 147 146 147 151 154 153 152 153 153
 159 162 165 166 165 165 167 169 170 171 172 171 170 172 174 176 175 172
 173 176 178 178 178 176 177 176 174 173 173 173 173 173 171 170 168 166
 165 165 165 165 166 167 166 164 163 163 162 160 161 159 157 158 159 158
 157  29]","[ 29  29 171 170 169 170 172 173 171 174 176 175 174 174 172 170 165 170
 172 172 174 174 172 171 170 172 175 175 172 168 169 174 173 172 171 171
 171 171 171 170 170 170 169 167 167 168 169 169 169 169 169 168 168 169
 169 169 166 167 167 166 166 168 169 168 166 168 170 170 171 171 170 169
 168 169 168 168 167 167 165 164 162 162 162 163 162 162 162 164 168 168
 169 167 168 174 174 167 164 157 150 145 140 137 134 130 128 127 125 123
 124 138 160 161 159 160 160 159 159 159 160 159 159 159 160 161 161 159
 155 151 155 155 154 153 154 154 152 150 147 146 151 154 152 152 155 155
 157 161 165 167 167 167 169 172 170 172 172 171 171 172 173 174 175 173
 174 176 177 179 179 178 177 176 175 174 173 174 174 175 171 171 169 168
 166 166 166 166 167 167 166 165 165 164 162 161 161 160 159 159 159 157
 157  30]","[ 29  29 171 170 167 168 169 170 171 174 176 174 172 172 170 168 170 173
 173 172 174 174 173 172 171 173 169 167 169 170 169 171 173 169 167 169
 172 171 169 167 167 167 165 163 164 166 167 166 165 166 168 168 169 169
 168 167 168 167 165 166 168 168 167 168 166 167 167 167 167 168 168 168
 166 167 167 167 167 166 163 160 161 161 162 163 163 162 163 164 166 166
 170 170 168 173 176 170 162 158 152 146 141 138 137 134 133 130 130 123
 123 123 158 155 159 160 161 162 161 161 159 157 157 157 157 158 159 160
 159 157 155 156 155 154 154 156 156 154 152 148 149 152 152 153 155 153
 157 162 167 169 167 166 168 171 170 172 172 171 171 171 172 172 173 173
 175 175 175 177 179 178 176 175 175 175 175 175 174 174 171 172 173 172
 170 168 167 167 167 165 163 165 165 163 161 161 160 159 159 159 158 156
 156  29]","[ 30  29 168 170 170 168 169 169 168 170 172 173 173 173 171 170 173 172
 171 172 174 175 172 170 168 167 168 169 169 170 171 171 171 170 168 168
 169 170 169 167 167 166 166 166 166 166 168 170 168 167 167 166 165 167
 169 168 166 166 168 169 167 167 167 167 166 166 167 167 167 167 168 167
 165 166 168 168 163 159 161 164 161 162 162 162 163 164 163 162 161 167
 170 170 171 171 171 173 167 160 152 147 144 142 140 137 129 130 131 127
 124 119 131 159 164 158 162 163 161 162 158 158 158 158 158 158 160 161
 160 159 155 154 154 154 153 152 152 152 148 149 150 151 153 155 154 152
 152 162 170 171 169 170 171 172 171 171 171 171 171 171 171 171 172 173
 174 174 176 177 177 176 176 175 175 175 176 177 175 172 172 171 171 172
 171 168 169 172 168 166 165 165 164 162 161 161 163 160 160 162 159 155
 155  29]","[ 29  30 171 173 172 169 169 169 166 168 170 171 171 171 172 172 171 172
 173 173 173 172 172 172 168 168 168 169 170 170 170 171 169 170 170 171
 172 171 170 168 168 167 167 168 169 168 169 170 169 168 168 167 165 167
 169 168 167 167 168 170 168 167 168 168 167 167 167 169 169 168 167 168
 168 166 165 164 161 160 160 159 161 162 163 162 163 164 164 163 160 167
 172 171 168 166 169 175 167 162 156 150 146 143 140 137 133 132 132 128
 123 116 121 139 161 161 159 162 162 163 160 161 159 158 157 157 158 160
 159 157 154 154 154 155 154 153 152 152 150 151 151 151 151 152 153 154
 154 163 170 171 169 170 171 172 171 171 170 170 170 171 171 171 171 173
 174 175 176 178 178 177 175 175 176 175 176 175 174 172 172 172 172 171
 170 170 169 169 169 168 167 167 165 163 162 162 164 162 162 163 161 157
 157  29]","[ 29  31 173 174 173 169 169 170 166 168 170 171 172 172 173 173 170 171
 172 172 172 171 171 171 168 167 168 169 169 169 169 170 170 171 172 173
 173 172 171 170 168 167 166 167 168 168 168 168 169 168 169 167 166 167
 169 168 167 166 167 168 167 167 168 168 168 167 167 169 169 167 166 167
 165 164 163 161 159 160 160 158 160 161 162 162 162 163 163 163 162 168
 173 172 167 163 167 175 167 164 158 151 146 142 139 137 135 132 133 131
 126 120 117 123 154 164 157 160 162 161 160 161 160 159 157 157 158 159
 157 155 152 152 153 154 154 153 151 151 151 151 151 149 147 147 150 153
 156 163 170 170 169 169 170 171 172 171 170 169 170 171 172 172 172 173
 175 176 178 179 179 177 174 176 177 176 175 175 174 174 172 173 173 171
 170 170 169 167 169 168 168 167 165 162 162 162 164 163 163 163 162 160
 159  29]","[ 29  30 171 172 171 169 170 172 168 169 170 171 172 171 171 171 172 170
 168 169 171 172 171 169 169 168 168 169 169 168 168 169 172 172 171 170
 171 172 172 172 170 167 165 165 165 166 167 167 169 168 168 168 166 167
 169 168 167 166 166 167 167 167 168 168 168 168 168 167 167 166 166 166
 163 164 165 163 159 160 161 160 160 161 162 162 162 162 163 163 165 168
 171 172 169 164 165 172 167 165 159 152 147 144 141 139 135 131 133 133
 129 126 120 116 142 166 159 161 161 158 158 158 158 158 158 158 160 160
 157 154 152 152 153 154 154 153 152 151 152 151 150 148 145 144 147 152
 157 163 168 168 167 167 168 169 172 171 170 170 171 172 173 173 174 175
 177 178 179 179 177 176 174 176 177 177 176 176 175 175 172 173 173 172
 171 170 169 167 168 168 168 167 166 164 162 162 162 162 163 162 162 162
 162  29]","[ 29  29 169 171 171 170 171 172 170 168 167 168 169 168 168 167 172 169
 167 167 169 171 171 170 170 170 170 170 170 169 169 169 172 171 169 167
 169 170 171 170 169 168 166 165 165 167 167 167 167 166 167 167 166 167
 168 167 167 165 166 167 167 167 168 168 168 169 168 165 164 167 167 165
 165 166 168 166 163 163 163 160 162 163 164 165 165 164 164 164 167 167
 168 168 165 160 161 168 170 167 162 154 150 148 145 143 137 132 134 133
 129 128 122 114 128 161 163 162 161 159 159 158 158 157 157 157 159 159
 158 155 153 153 153 154 155 154 153 153 154 152 151 150 149 147 150 153
 157 162 166 167 166 166 168 168 171 171 171 172 172 173 173 172 174 175
 177 179 179 178 176 174 174 175 175 175 176 176 176 175 171 171 172 172
 171 168 167 168 169 169 168 167 168 167 165 164 162 162 162 161 161 163
 163  29]","[ 29  29 169 172 173 171 170 170 172 169 166 167 168 168 168 168 169 168
 167 166 166 167 169 171 170 170 169 169 169 169 169 170 171 169 167 166
 167 169 168 166 166 166 165 165 165 165 166 165 165 165 166 167 166 167
 168 166 166 164 165 167 165 166 167 167 167 168 166 162 162 165 166 164
 165 164 164 165 165 166 164 160 163 163 164 165 165 165 164 165 166 168
 168 165 160 154 157 166 172 170 165 158 154 151 148 145 141 137 137 134
 130 129 124 117 114 146 162 159 159 160 160 159 159 158 156 155 156 158
 158 158 154 153 153 154 155 155 154 154 154 153 152 152 152 152 154 156
 157 161 166 168 168 168 168 168 169 170 171 172 173 173 172 172 172 173
 175 178 178 177 174 173 174 174 173 173 175 176 175 174 171 170 170 172
 170 166 166 168 170 169 167 167 168 169 167 165 164 164 163 162 162 163
 163  29]","[ 29  29 169 172 172 170 169 168 171 169 168 170 170 168 168 169 168 167
 167 166 166 167 169 170 169 168 168 168 168 169 170 171 171 170 168 166
 166 167 167 165 164 165 165 164 162 163 164 164 164 164 166 167 167 168
 168 165 164 163 165 166 164 164 165 165 166 164 163 162 161 162 163 164
 164 162 162 164 165 165 164 162 163 162 162 163 164 163 163 164 165 168
 168 165 158 152 153 160 172 173 170 163 157 153 149 145 144 142 141 136
 132 131 125 121 112 132 160 155 157 160 159 160 160 159 157 156 156 158
 158 158 154 153 152 153 154 154 153 153 153 153 152 150 151 153 155 155
 155 160 166 170 170 169 169 168 169 171 173 173 173 172 172 172 173 173
 174 176 177 176 174 174 175 174 173 173 173 175 175 174 172 171 170 171
 170 168 167 167 169 168 167 166 167 168 168 166 167 166 164 162 162 163
 162  29]","[ 30  29 169 171 170 168 168 168 167 167 170 172 171 168 166 166 170 168
 166 167 169 171 170 169 168 167 167 168 168 169 171 173 173 172 169 167
 166 166 167 167 167 168 167 164 161 162 164 165 164 164 166 167 168 169
 168 164 164 163 165 166 164 164 165 165 166 162 161 163 163 161 161 165
 167 165 165 166 163 161 162 163 163 161 161 162 162 162 162 163 164 167
 168 165 160 152 150 153 172 175 174 167 159 154 148 144 146 145 143 137
 132 129 123 120 119 128 160 154 157 161 160 161 160 160 160 159 159 158
 158 157 154 153 153 154 155 154 153 153 153 153 152 149 148 151 154 154
 154 159 166 171 172 170 169 167 169 171 174 174 174 173 173 173 174 173
 174 176 176 175 175 175 176 175 174 173 173 174 175 174 174 173 171 170
 171 171 169 166 168 169 168 166 166 168 168 167 168 166 164 162 161 162
 162  30]","[ 30  30 168 168 168 166 168 168 168 167 169 172 172 169 167 167 169 172
 173 170 170 174 174 167 167 167 167 167 167 169 172 174 173 171 169 167
 166 167 168 169 168 168 165 162 161 163 165 164 164 165 167 168 167 165
 164 164 167 167 167 165 162 162 163 165 163 162 162 163 162 161 162 164
 166 164 162 162 163 163 163 163 163 161 161 162 161 160 161 163 166 165
 168 168 164 158 153 153 162 172 174 167 163 159 151 147 146 143 146 143
 135 131 125 119 105 110 148 157 159 159 161 155 162 163 162 160 158 158
 157 155 152 152 152 153 154 154 153 152 153 152 152 149 148 151 155 154
 154 155 164 169 172 170 163 166 169 170 173 175 175 174 172 171 173 174
 176 177 177 176 174 174 174 173 173 173 174 174 174 173 173 173 172 171
 171 170 169 168 169 169 169 169 168 166 167 168 168 165 168 168 164 163
 162  27]","[ 30  29 167 167 167 168 169 169 169 170 171 172 172 171 170 168 169 172
 172 168 166 170 170 166 168 169 169 169 168 167 167 167 170 170 169 169
 168 167 167 167 164 163 162 163 165 166 165 163 163 163 164 166 166 165
 164 164 166 167 167 165 162 160 161 162 162 161 161 162 161 160 161 163
 164 164 164 165 165 164 163 164 166 165 164 164 162 160 160 162 164 165
 171 173 169 163 156 156 160 168 169 164 163 160 154 149 149 146 147 144
 137 131 123 116 110 114 146 161 159 158 162 160 159 161 163 162 161 160
 158 155 155 154 154 154 154 154 153 153 152 151 151 150 149 151 154 153
 152 154 162 168 172 171 165 167 170 171 172 173 173 173 172 172 173 174
 176 177 177 176 175 174 174 174 175 175 175 175 175 174 174 173 173 172
 172 171 171 170 169 169 169 169 169 167 167 168 169 166 165 167 165 166
 162  29]","[ 29  29 167 166 168 171 173 171 169 171 171 170 170 171 170 167 171 172
 172 169 165 167 169 168 170 171 171 172 171 170 168 168 167 168 169 169
 169 168 166 165 164 164 165 166 166 164 162 162 162 161 162 165 166 165
 163 162 162 164 165 164 162 161 162 163 163 162 163 163 162 161 162 164
 164 165 166 167 166 165 165 166 166 165 164 162 161 161 162 164 164 166
 175 177 173 167 161 159 159 165 166 165 166 165 160 157 156 151 150 146
 140 134 125 119 115 113 136 165 164 161 159 155 155 158 161 161 161 160
 158 155 157 156 155 154 154 154 154 154 154 151 152 152 152 152 154 154
 156 157 162 167 172 173 170 172 171 172 172 171 171 171 172 173 174 176
 178 178 177 176 175 175 174 175 176 176 176 176 175 175 175 174 173 172
 171 170 170 170 170 170 170 170 169 167 167 167 172 169 166 168 167 167
 159  30]","[ 29  29 166 164 167 172 174 172 169 169 169 168 169 170 170 168 171 171
 171 170 167 167 169 169 169 169 169 169 169 169 168 168 166 166 167 167
 167 167 167 166 166 165 165 166 164 161 160 161 162 162 164 166 166 165
 163 162 161 163 164 164 163 162 163 164 164 164 165 165 164 163 164 165
 163 162 162 162 162 162 163 164 165 164 163 160 161 163 165 166 166 167
 175 178 174 170 164 161 158 163 167 168 169 168 166 165 162 157 154 149
 144 138 131 128 127 116 122 157 160 159 157 156 155 157 159 159 159 159
 158 157 156 156 155 154 154 154 155 155 156 153 152 154 153 153 154 154
 156 156 158 162 168 170 169 171 171 172 172 171 171 171 173 174 175 176
 178 178 177 176 176 177 177 176 176 176 176 176 176 175 174 174 173 172
 171 170 170 171 171 170 169 169 168 167 166 166 167 168 164 166 161 160
 149  27]","[ 29  29 165 162 165 170 172 170 169 167 167 169 170 171 171 172 169 168
 169 170 168 167 168 168 169 169 168 167 167 167 167 167 166 166 166 166
 166 166 166 166 165 161 160 163 165 164 161 160 163 163 164 165 165 164
 163 164 165 165 166 165 163 162 162 162 164 164 165 164 164 163 164 165
 162 161 160 161 162 162 162 163 165 164 162 162 163 165 166 165 166 165
 173 177 173 172 167 163 156 159 164 168 168 166 166 166 164 161 159 153
 148 142 135 134 132 119 117 151 158 158 156 158 157 159 160 159 159 159
 159 158 154 154 154 154 154 154 154 154 155 152 151 152 151 151 152 153
 154 154 155 160 166 168 169 169 170 170 171 171 171 172 172 173 173 174
 176 176 175 175 177 178 178 176 175 174 176 177 177 176 173 174 174 173
 172 173 174 175 172 170 169 169 168 168 167 167 166 168 165 163 155 152
 143  29]","[ 29  28 165 163 165 167 169 167 167 165 165 168 171 171 171 173 168 166
 168 169 168 167 167 165 167 168 168 169 168 168 168 168 167 167 168 167
 167 166 165 164 162 162 163 165 166 165 162 161 163 162 162 161 161 161
 163 165 166 166 165 164 164 163 162 162 162 163 164 164 163 163 163 164
 162 161 161 163 164 164 163 162 160 160 160 162 164 165 164 163 162 162
 172 176 173 172 169 164 154 153 158 164 164 162 161 161 161 162 161 156
 151 146 136 134 134 122 116 143 161 161 156 156 158 160 161 160 160 160
 159 158 153 154 154 154 153 153 153 153 154 151 150 150 149 149 151 151
 152 154 155 162 169 171 171 170 168 168 169 170 171 171 171 171 171 172
 173 174 174 175 177 178 177 175 173 173 175 176 176 176 175 175 176 175
 173 173 174 175 172 170 169 169 169 169 169 168 170 168 165 158 149 146
 141  31]","[ 29  29 167 166 166 166 167 166 167 166 167 169 171 171 171 170 168 167
 168 169 168 167 167 166 164 165 166 167 166 166 166 167 168 168 167 167
 166 164 163 162 162 166 169 168 165 163 163 163 162 161 161 160 160 160
 161 163 163 162 162 162 163 164 163 162 161 162 163 163 162 162 163 163
 158 158 159 161 162 161 161 161 160 159 160 162 163 163 162 163 162 162
 172 175 170 171 169 164 156 150 151 159 161 159 158 156 157 160 160 155
 153 149 139 136 139 125 114 126 154 157 156 158 159 161 161 160 159 159
 158 157 153 154 154 154 153 152 152 152 153 151 151 150 149 151 153 153
 153 155 153 160 168 169 170 168 168 168 168 169 171 171 170 169 171 172
 173 174 174 174 175 176 176 175 175 175 175 175 175 175 176 176 176 175
 173 172 172 172 172 170 169 169 170 169 168 167 166 157 155 148 143 141
 138  27]","[ 29  30 169 169 168 166 166 166 171 171 171 170 172 173 171 168 167 167
 169 169 167 168 169 168 167 168 168 167 166 166 167 168 168 167 166 164
 163 163 162 162 164 167 169 167 164 164 164 164 163 162 162 163 164 162
 161 160 162 160 160 161 163 163 162 160 160 161 162 162 161 161 162 162
 158 159 160 161 161 161 163 165 166 164 163 163 162 160 162 165 165 164
 174 175 168 168 168 164 160 148 146 155 159 159 157 153 155 159 158 153
 154 153 143 139 136 127 119 120 149 152 152 157 160 161 161 159 158 158
 158 157 153 154 154 154 153 152 153 153 152 152 153 151 150 153 155 154
 159 159 154 159 166 168 170 168 169 168 168 169 170 171 170 169 172 173
 174 175 175 174 174 174 177 178 179 178 177 175 175 175 174 175 175 174
 174 173 173 173 172 170 169 170 170 168 166 164 157 145 145 141 142 142
 141  27]","[ 29  28 168 166 166 167 165 165 169 171 172 172 172 172 172 171 168 168
 167 166 166 167 168 169 169 167 165 167 168 167 166 166 166 166 166 165
 165 163 162 161 165 164 166 167 163 161 163 164 165 165 165 165 164 163
 160 159 161 164 164 162 161 162 161 160 159 160 161 162 162 161 161 161
 159 159 154 156 153 147 146 143 142 148 162 168 169 162 162 161 160 169
 172 172 172 169 165 160 152 147 144 150 159 159 157 156 155 159 159 154
 151 151 146 140 137 126 124 119 144 150 156 158 162 161 160 159 159 159
 158 157 153 154 154 153 153 154 153 151 153 153 153 153 153 153 154 155
 158 158 158 160 164 167 168 167 167 168 170 171 171 169 169 171 173 175
 177 176 175 174 174 174 176 175 177 181 181 176 174 175 177 173 170 171
 173 174 174 173 173 171 169 168 167 165 160 156 146 145 142 141 141 141
 140  30]","[ 28  28 169 168 168 168 167 167 168 168 169 171 172 172 170 168 168 168
 168 166 166 166 167 166 167 167 166 167 169 169 168 167 167 167 166 166
 166 165 164 163 162 163 164 164 163 165 166 164 167 168 168 168 166 164
 162 162 161 163 163 161 160 161 161 160 157 160 163 163 161 160 161 160
 160 155 143 132 119 104  97  91  93 103 120 143 166 163 160 163 162 167
 166 166 166 162 160 158 154 148 144 150 157 157 157 158 157 159 159 155
 152 150 147 142 137 131 129 118 130 148 156 161 160 160 160 160 159 158
 156 155 153 154 153 152 152 153 154 153 153 153 153 152 151 152 153 154
 157 156 157 159 163 167 168 167 169 169 170 171 171 171 171 172 172 175
 177 176 175 174 175 175 176 174 175 179 180 178 176 175 172 174 174 171
 170 172 174 175 172 170 171 176 173 161 148 142 141 141 140 140 141 141
 139  29]","[ 29  28 169 168 168 169 169 169 169 167 167 169 170 169 166 165 166 166
 167 166 166 167 166 165 165 166 166 167 169 170 169 167 166 166 166 166
 166 166 165 164 161 162 163 161 163 169 170 165 165 166 167 166 163 160
 160 161 162 162 161 160 160 162 162 161 159 160 162 162 161 160 159 159
 155 148 133 118 105  97  97  99 100 107 109 119 141 152 160 159 164 165
 161 161 159 155 155 155 151 151 146 142 146 156 159 157 158 159 158 155
 152 149 145 142 135 133 130 118 118 146 158 160 157 158 159 159 159 157
 156 154 153 153 152 150 149 152 153 154 153 153 153 152 151 151 152 154
 156 156 157 159 163 167 168 168 169 170 170 169 170 172 172 171 172 174
 176 176 174 173 173 174 176 174 174 176 179 180 177 175 174 174 173 171
 171 173 174 173 173 171 170 168 159 146 138 137 138 139 139 141 142 142
 140  29]","[ 29  29 169 167 166 168 169 171 172 169 167 168 168 166 165 166 164 165
 165 166 167 168 168 167 163 165 165 165 167 169 169 166 166 165 165 165
 166 166 165 165 161 162 161 160 163 169 171 167 165 166 166 165 162 161
 161 161 162 162 161 160 161 163 163 162 161 159 160 162 161 157 156 158
 144 137 124 114 106 102 102 101 106 112 114 116 122 141 165 164 162 164
 159 156 153 150 151 152 150 150 142 134 136 154 159 156 159 158 156 154
 152 148 144 141 136 135 129 123 119 142 159 155 155 157 159 159 158 158
 156 155 156 156 154 151 150 152 154 155 153 154 153 152 151 151 153 154
 156 156 157 159 162 166 167 167 168 170 170 168 169 172 172 171 173 175
 176 177 176 177 177 177 176 175 174 174 177 180 178 174 177 174 172 172
 172 171 171 173 173 170 161 149 139 136 137 139 137 139 139 141 143 143
 140  29]","[ 29  29 170 168 167 168 169 170 172 170 169 169 168 166 167 169 166 166
 166 167 169 170 170 169 163 164 165 164 165 168 168 166 166 166 166 166
 165 165 165 165 162 160 160 161 162 165 168 166 165 165 164 163 162 162
 162 162 162 162 161 161 162 163 162 161 159 160 162 162 161 157 154 151
 136 127 117 111 112 113 109 105 109 112 117 124 119 123 146 162 161 163
 155 148 144 143 145 145 148 141 134 132 134 149 154 157 157 155 154 154
 152 149 144 141 141 137 131 130 126 133 156 153 156 158 159 159 158 158
 157 156 158 159 157 155 154 156 158 158 155 155 155 154 152 152 153 154
 154 154 155 157 161 165 167 166 167 170 171 170 170 172 173 172 174 175
 175 174 174 174 173 171 175 175 174 174 176 178 178 175 173 175 175 173
 170 170 171 173 166 160 148 139 136 138 139 138 138 139 139 140 142 141
 139  29]","[ 29  30 172 170 169 169 168 169 171 171 171 171 168 165 165 166 170 169
 168 168 169 171 170 169 164 165 165 165 166 168 168 166 167 167 167 166
 164 163 164 165 164 161 160 162 162 163 165 166 163 162 161 161 161 161
 161 161 163 162 162 162 163 162 161 160 160 162 162 161 162 162 150 135
 126 120 114 108 108 110 109 109 115 118 118 123 121 115 128 162 163 161
 148 137 133 133 136 135 137 133 131 130 129 145 149 152 152 152 151 151
 151 148 144 142 140 136 131 131 129 125 150 157 158 159 159 158 158 158
 157 157 156 157 157 155 155 157 158 158 157 157 156 155 153 152 152 152
 153 153 155 157 161 166 168 168 167 170 172 171 171 171 172 172 164 165
 167 169 172 175 176 176 174 175 175 174 175 177 177 176 172 176 176 173
 173 174 172 166 153 148 143 141 141 139 138 138 139 140 138 139 140 140
 139  28]","[ 28  30 172 171 169 168 168 169 170 171 172 170 167 165 164 164 170 168
 167 167 169 171 170 168 165 165 165 167 167 168 168 167 168 169 169 166
 163 162 163 164 165 162 161 162 162 162 164 165 164 163 162 161 161 162
 163 163 163 162 162 162 162 162 161 160 161 161 159 158 159 154 138 120
 107 106 109 106 106 109 108 111 114 120 121 120 118 112 113 145 164 157
 139 127 124 123 125 123 122 124 127 124 117 136 141 145 148 150 151 149
 147 146 144 143 140 135 133 129 129 124 144 161 160 160 159 158 157 158
 157 157 153 154 154 154 155 157 158 157 157 156 155 154 153 151 150 149
 152 153 155 158 162 166 169 169 168 169 170 171 171 171 171 171 172 173
 174 173 173 173 173 172 173 174 174 175 175 176 176 175 175 174 173 174
 174 169 159 150 143 143 144 144 142 138 138 140 140 139 137 137 139 139
 139  29]","[ 29  30 171 169 167 167 168 170 169 170 170 168 167 167 168 168 167 166
 165 166 168 170 169 167 164 164 165 168 169 168 167 168 170 171 171 168
 164 162 163 164 164 162 161 161 161 162 164 164 163 162 161 160 160 160
 161 162 160 160 160 161 161 161 160 160 158 158 159 158 150 135 122 115
 109 103  99  94  97 103 101 101 111 112 119 118 109 105 103 129 163 152
 132 122 119 116 116 114 114 115 120 119 109 124 131 142 147 151 152 149
 145 144 144 144 145 139 138 129 131 130 139 161 160 159 158 157 157 158
 157 157 153 154 154 154 156 158 159 158 156 155 154 153 152 151 149 147
 152 153 155 157 162 166 168 169 169 169 169 171 172 171 171 171 171 173
 175 174 173 173 174 175 174 174 174 175 175 175 174 173 174 168 169 174
 170 154 141 137 141 144 145 143 142 142 140 136 139 138 136 136 138 139
 139  29]","[ 29  29 166 165 165 166 168 169 170 170 170 168 166 166 167 168 165 162
 162 167 170 170 167 166 164 164 166 167 165 166 169 170 169 169 170 168
 164 162 163 162 162 163 163 162 162 162 162 162 163 161 161 161 161 161
 160 161 161 161 161 160 159 161 164 162 160 159 159 151 137 129 125 117
 111 107 103  99  96  94  93  93  97 108 112 109 109 104 101 113 151 153
 117 112 113 111 109 107 105 107 110 105 105 114 128 142 148 149 150 145
 146 144 145 141 142 140 131 132 128 126 126 155 159 158 159 157 160 158
 160 158 155 155 154 154 155 156 156 155 151 151 151 151 152 152 152 152
 152 155 153 153 159 166 169 171 169 168 167 168 169 171 171 171 172 173
 174 175 175 175 175 176 176 172 173 177 176 175 175 172 170 173 172 163
 151 143 140 140 139 141 140 138 138 140 139 135 135 135 134 136 138 139
 138  29]","[ 30  28 165 163 164 164 166 167 169 169 168 166 165 165 166 167 167 165
 164 168 171 170 168 166 166 165 165 166 165 166 168 167 168 168 169 168
 164 161 161 159 159 161 162 162 161 161 162 161 162 161 160 160 160 160
 161 161 162 160 159 160 159 161 163 162 163 160 157 148 134 128 125 119
 118 117 116 111 104  96  89  85  87  95 101 101 103 101 100 110 136 138
 103  95  99 105 104  97  92  96 103 103 100 104 114 126 146 146 146 144
 146 146 144 140 138 136 129 132 128 124 120 140 162 159 161 160 159 159
 159 157 155 155 155 154 154 155 154 153 151 151 151 150 149 150 151 152
 151 154 154 153 158 165 170 171 167 167 167 167 169 170 170 170 171 172
 173 173 174 174 175 176 175 172 173 176 177 178 176 171 172 168 160 152
 145 142 140 138 137 137 137 137 136 136 136 136 138 137 136 137 139 139
 138  29]","[ 29  28 166 166 167 168 170 169 167 166 165 163 163 164 165 166 170 168
 166 166 168 170 169 167 168 165 163 164 164 166 167 167 165 165 167 168
 165 163 162 159 158 160 161 162 161 161 161 160 162 161 159 159 159 159
 159 160 161 158 159 161 161 161 161 161 161 158 155 148 137 132 131 127
 127 125 122 119 114 105  92  83  81  82  87  90  93  96  98 104 121 124
  95  88  92  99 100  94  89  90  97 100 100 100 104 115 128 132 137 143
 143 143 139 137 137 135 131 134 130 125 116 124 158 160 160 160 158 159
 157 155 155 155 155 154 154 154 153 152 150 151 151 149 148 149 151 153
 151 153 155 155 157 164 170 171 167 167 167 167 168 169 169 169 171 171
 171 171 172 173 175 176 174 173 173 173 173 175 175 172 164 157 148 141
 140 141 139 137 137 135 135 137 136 134 135 139 140 139 138 138 138 138
 138  29]","[ 29  29 169 171 172 171 171 170 168 165 162 161 162 163 164 165 167 165
 161 158 160 164 166 165 168 164 162 162 163 165 168 168 166 164 165 166
 166 166 164 161 158 160 161 161 161 160 160 159 160 159 159 159 159 159
 159 160 160 160 162 163 162 161 161 159 158 155 154 152 145 141 139 135
 134 130 125 123 122 117 107  97  92  83  82  84  84  86  87  87 102 105
  89  87  87  90  92  92  89  84  88  97 102 102 101 106 115 123 132 141
 139 139 136 139 138 137 135 137 132 126 117 116 144 160 155 157 156 156
 155 153 154 155 154 153 153 153 153 153 151 151 151 150 150 151 153 155
 151 150 153 155 156 162 168 170 168 168 168 168 167 168 168 168 171 171
 171 171 171 172 173 174 173 172 171 171 172 173 169 162 150 147 143 140
 139 139 139 139 138 136 136 138 137 135 136 139 140 140 138 138 139 138
 137  29]","[ 29  30 170 171 171 169 168 166 168 165 161 161 162 163 164 165 166 165
 162 158 159 163 166 165 166 164 164 164 164 165 167 167 168 164 163 164
 165 166 165 161 160 160 161 160 161 161 161 160 159 159 159 160 160 160
 161 162 160 162 164 161 159 161 162 159 158 157 157 157 153 148 144 142
 138 137 134 130 129 127 120 113  95  80  78  81  80  81  80  76  82  86
  82  83  84  86  89  91  84  78  82  95 105 108 104 106 113 119 124 131
 127 129 129 134 136 137 136 136 130 125 118 113 128 157 152 154 156 154
 154 152 154 154 153 152 152 153 154 154 153 152 152 152 152 153 154 155
 152 147 149 155 156 159 165 168 169 169 168 167 167 167 168 169 171 171
 172 172 172 172 172 173 172 173 172 172 174 171 158 146 144 143 142 140
 139 138 139 140 138 137 137 137 137 137 136 135 139 139 138 139 140 139
 139  30]","[ 29  29 168 168 168 167 167 167 168 164 162 162 163 163 164 165 166 167
 166 163 164 166 167 166 165 165 167 168 166 165 165 164 166 163 161 163
 165 167 167 164 163 162 161 161 163 164 164 163 162 161 161 161 161 160
 159 160 160 162 161 157 154 158 162 159 160 160 160 160 158 153 151 153
 148 146 141 138 138 136 125 113  88  73  74  80  81  83  80  75  66  68
  68  69  73  80  82  80  80  74  78  88 100 108 111 116 119 122 124 128
 128 130 130 131 133 136 133 132 129 125 120 114 118 147 152 154 158 155
 153 153 153 153 152 151 152 153 153 153 154 153 153 153 153 154 154 153
 156 151 151 156 158 159 165 170 168 168 167 166 167 168 169 170 171 171
 172 172 172 171 171 171 171 174 173 168 165 159 149 141 146 143 139 137
 136 136 137 138 138 139 138 137 137 138 136 133 137 137 137 138 140 139
 138  29]","[ 30  29 168 168 167 167 169 169 166 164 163 164 165 164 164 164 162 164
 164 164 164 165 165 165 165 164 166 168 166 164 164 162 163 161 161 163
 163 165 167 166 164 162 160 161 163 165 164 163 162 161 161 161 159 158
 158 159 160 160 159 156 154 159 161 159 159 160 161 161 158 153 155 161
 160 155 147 144 147 144 128 109  96  81  82  88  87  85  81  77  74  70
  71  71  73  78  79  76  75  69  69  74  87 101 109 116 116 118 122 124
 128 129 129 126 132 135 131 131 132 128 123 115 115 130 154 157 158 158
 153 154 153 153 153 153 153 154 154 153 154 154 154 154 153 153 154 154
 157 156 154 156 159 161 165 171 168 168 167 167 168 170 171 171 171 171
 172 171 171 170 169 169 170 171 164 154 148 144 141 143 143 140 137 135
 135 135 135 136 138 139 139 138 138 137 135 133 137 137 136 137 139 138
 138  28]","[ 30  30 169 168 167 165 167 167 165 163 163 166 167 165 164 164 161 162
 163 164 164 166 167 167 164 163 163 165 164 164 164 163 162 161 162 163
 161 161 163 162 162 160 158 158 161 163 161 159 158 157 158 158 158 159
 160 162 161 159 159 159 159 161 162 160 157 160 162 161 155 150 153 162
 168 163 155 150 151 148 132 115 107  94  94  97  94  90  87  85  87  76
  78  79  77  74  72  74  71  66  64  67  80  96 104 108 116 119 124 121
 126 126 130 129 132 135 130 131 137 133 126 116 115 115 154 159 157 161
 153 155 154 154 154 154 155 156 155 154 154 155 155 154 153 153 154 155
 154 157 155 153 156 159 164 170 169 168 168 168 170 171 171 171 172 172
 172 171 169 168 168 167 167 162 150 141 140 139 137 137 136 136 137 138
 137 136 136 138 138 139 139 139 137 135 134 134 138 137 136 137 139 139
 138  28]","[ 29  30 167 166 168 167 167 167 167 165 163 163 164 163 162 163 163 162
 163 166 166 166 166 166 162 158 160 163 162 161 164 163 162 161 160 159
 159 160 161 162 161 160 157 155 156 159 159 157 157 155 155 155 157 159
 160 160 160 158 158 161 162 160 158 157 157 164 160 161 151 145 144 146
 158 161 166 160 153 145 128 118 111 108 110 109 106 103  96  91  95  87
  82  80  80  81  79  72  67  66  60  63  72  94 102 105 112 116 121 122
 122 126 131 131 132 132 133 135 137 135 130 125 122 128 148 157 155 152
 157 154 154 154 153 153 155 158 159 158 158 156 154 153 153 153 153 153
 154 154 154 154 155 159 164 167 168 169 169 169 170 171 171 170 172 171
 171 168 164 164 166 167 159 152 144 139 138 139 138 137 136 138 138 136
 137 137 137 138 137 137 138 138 137 135 136 137 137 137 138 136 137 137
 136  28]","[ 29  30 167 166 167 167 166 166 167 167 167 167 165 163 163 164 165 166
 166 166 166 166 166 165 162 160 162 165 162 161 163 164 162 162 161 160
 160 161 162 162 160 160 158 156 157 159 159 157 158 157 157 157 158 159
 159 158 158 157 157 158 161 162 158 152 148 146 142 150 156 156 153 150
 147 149 153 151 147 142 130 125 118 118 123 124 123 120 111 104 101  95
  89  87  88  90  87  81  73  69  60  60  64  81  95 105 107 112 119 121
 121 125 129 130 133 133 133 134 134 133 129 126 123 128 142 155 155 153
 155 154 154 154 154 153 155 157 158 158 156 155 154 153 152 151 151 152
 152 152 153 154 154 156 161 165 168 168 168 169 170 172 172 172 171 171
 170 165 163 165 162 155 147 144 141 139 138 138 137 135 135 137 138 137
 138 137 135 135 137 137 138 139 138 136 136 137 139 139 139 138 138 138
 137  29]","[ 30  30 166 165 167 167 166 166 167 168 169 168 164 163 163 164 166 168
 167 164 163 165 164 162 161 161 163 165 162 161 163 164 163 162 162 162
 162 161 161 161 160 160 159 158 159 160 159 157 157 157 158 159 160 160
 159 158 158 158 156 155 156 157 149 139 129 127 126 136 154 162 162 155
 151 147 146 143 140 137 132 132 135 137 143 141 137 131 118 107 107 109
 108 104 101  99  95  91  80  65  50  52  61  77  88  97 104 111 118 120
 122 126 130 132 131 133 134 133 131 129 127 125 122 126 130 149 153 152
 153 155 154 154 154 154 154 156 157 157 155 155 154 153 152 151 151 153
 152 153 155 156 155 154 158 162 165 165 167 169 171 171 171 171 172 171
 171 169 161 152 144 138 138 138 138 138 137 135 133 132 132 135 135 135
 137 136 135 135 137 137 138 139 139 137 136 136 138 138 139 138 138 139
 137  29]","[ 30  30 165 163 165 166 167 167 167 168 167 165 163 163 164 165 166 167
 166 163 162 162 160 158 159 159 161 162 161 161 162 164 162 162 162 162
 162 161 161 160 160 161 161 161 161 161 160 157 154 155 156 158 160 160
 159 159 159 160 158 153 152 150 141 131 124 124 125 129 150 164 168 162
 162 155 151 148 144 139 137 139 141 140 144 143 141 141 136 131 125 131
 129 123 119 114 108 105  89  73  58  56  60  68  77  86  98 105 111 113
 117 121 125 127 126 130 132 131 128 125 123 123 122 122 121 139 151 151
 152 155 154 154 154 154 154 154 155 155 154 154 153 153 153 152 152 153
 154 154 156 158 157 154 156 160 167 167 170 173 174 173 171 170 168 169
 171 166 153 142 138 138 138 138 138 136 134 132 131 131 131 132 132 132
 134 135 135 136 135 136 137 138 138 137 135 134 134 134 136 137 138 138
 137  29]","[ 30  30 163 161 163 164 166 168 166 165 163 163 164 166 166 166 166 165
 164 164 162 159 157 157 157 158 159 160 162 162 162 163 161 161 162 162
 161 160 159 159 159 160 160 161 161 161 159 157 152 153 155 157 158 158
 158 158 159 159 158 155 152 148 143 138 131 127 124 124 140 152 160 162
 165 161 158 159 156 151 149 150 148 146 152 154 153 149 143 141 146 146
 138 130 129 127 120 115 101  87  73  64  63  65  73  81  95 103 108 112
 117 120 121 123 120 124 129 129 125 122 121 120 123 121 120 133 150 151
 153 154 154 154 154 154 154 154 154 155 154 153 152 153 153 153 153 153
 155 154 155 158 158 155 155 158 166 166 168 171 172 170 168 167 169 170
 164 150 140 141 143 140 138 137 135 134 133 132 132 132 133 134 133 132
 135 136 135 136 134 135 137 138 137 136 133 131 131 132 135 136 137 137
 136  30]","[ 30  30 163 160 161 162 165 167 165 162 161 163 166 167 166 166 165 163
 163 162 161 158 157 157 158 159 158 159 162 163 161 161 160 160 161 161
 161 160 159 158 160 160 160 161 162 161 159 158 155 156 157 157 157 157
 157 158 157 157 156 155 153 150 147 146 146 138 135 133 137 141 151 164
 166 165 162 163 161 159 160 160 151 151 161 167 166 161 153 151 152 151
 145 139 136 134 127 122 113 100  86  74  69  66  73  80  89  98 105 108
 114 115 114 115 116 121 125 126 124 122 121 121 124 123 124 128 146 152
 154 153 154 153 153 154 155 154 154 155 155 154 152 153 153 153 153 152
 154 153 154 157 159 157 157 158 163 164 165 165 166 166 165 164 165 157
 145 137 136 140 140 134 134 133 132 132 134 135 135 134 137 138 138 137
 137 137 134 134 134 136 137 137 136 134 132 131 131 132 135 136 136 136
 135  30]","[ 28  29 164 161 162 162 164 166 165 161 161 163 164 162 162 164 163 162
 161 159 158 158 158 158 158 160 158 158 162 163 160 161 160 160 160 161
 160 160 159 159 160 160 160 161 162 161 160 159 157 158 157 156 155 155
 156 158 157 156 155 154 154 153 152 151 149 145 143 140 135 134 138 152
 162 165 162 162 163 163 166 164 165 163 167 168 166 164 161 161 158 158
 158 154 147 142 136 131 123 115 107  93  80  66  70  78  85  96 103 106
 111 111 109 112 115 118 121 121 120 120 121 122 124 123 124 121 135 152
 153 153 154 153 153 154 154 153 153 153 155 154 153 153 153 152 152 153
 154 154 155 157 158 158 158 157 162 165 166 165 166 167 166 163 152 139
 132 135 138 138 136 133 133 133 132 133 135 136 136 136 138 140 139 138
 138 136 134 134 135 137 137 135 133 132 132 131 131 131 134 134 133 133
 133  29]","[ 28  29 166 164 164 163 165 167 166 162 160 161 159 155 156 161 161 162
 161 157 157 159 160 158 157 160 158 158 162 163 160 161 161 161 161 161
 160 160 160 160 160 159 160 161 161 160 160 160 156 156 155 154 152 153
 155 157 159 158 156 155 157 159 157 154 151 149 147 143 138 140 132 135
 151 158 161 164 167 168 170 165 164 165 171 172 170 169 164 161 166 163
 162 159 152 147 143 137 133 121 114 107 100  83  77  76  78  90  95  97
 101 101 101 106 114 115 116 115 116 117 120 121 122 121 120 114 123 150
 152 154 155 153 152 153 153 152 150 150 152 152 152 152 151 151 152 154
 154 155 156 156 157 157 157 156 159 163 166 165 165 166 163 158 147 140
 137 137 137 136 135 134 137 136 135 135 136 136 136 136 138 139 138 135
 136 135 135 136 136 137 136 133 130 130 131 131 130 130 132 131 130 130
 131  29]","[ 29  28 165 166 161 164 160 168 164 159 158 159 156 153 156 161 160 162
 161 157 155 158 161 162 163 159 158 160 162 160 160 161 162 160 159 161
 162 157 155 160 160 157 156 158 159 158 158 159 156 156 154 153 154 154
 153 154 157 159 159 159 160 162 160 156 153 151 148 146 144 140 135 131
 141 155 169 168 166 169 169 167 167 168 172 171 175 172 173 170 169 170
 168 163 158 154 146 139 133 132 124 115 104  94  80  80  77  80  82  84
  95  99  98 105 104 112 114 113 115 115 116 120 122 123 120 107 102 138
 149 153 155 155 154 154 154 154 153 152 151 153 153 152 151 148 148 152
 154 155 155 156 156 154 153 155 158 166 168 163 162 160 150 139 139 138
 138 137 136 135 135 136 139 139 137 135 136 135 135 137 137 137 136 136
 137 137 136 134 138 135 135 136 136 134 131 130 130 132 133 131 130 130
 131  30]","[ 30  27 157 158 154 155 151 154 156 151 151 154 151 148 148 149 151 152
 152 152 155 159 159 156 158 157 157 158 157 156 155 155 157 159 161 162
 161 153 149 153 155 152 152 155 155 151 149 148 155 156 155 153 154 152
 151 151 155 157 158 158 160 163 162 160 158 154 150 148 147 144 140 137
 133 139 155 167 165 163 168 169 165 166 171 172 176 174 174 173 172 171
 169 165 162 160 154 148 146 138 129 122 112 101  85  82  76  74  77  81
  90  98  99  99 105 110 111 112 115 115 114 115 116 118 117 109 102 130
 148 155 156 155 154 154 155 155 153 151 152 151 150 151 153 150 146 144
 148 150 151 153 155 155 154 155 158 163 166 163 153 139 130 129 137 135
 134 133 132 132 133 135 138 140 139 138 137 134 133 134 136 132 131 135
 135 132 132 136 134 134 135 137 137 134 131 130 131 136 138 133 131 132
 132  28]","[ 29  27 150 152 152 153 151 151 147 143 144 149 149 146 145 145 146 146
 146 147 151 154 152 148 150 152 153 150 147 146 147 147 152 152 150 149
 150 147 144 145 147 145 146 148 148 144 140 138 145 147 148 148 149 147
 146 147 151 153 155 157 161 164 166 165 165 160 155 152 150 147 144 141
 132 125 134 160 167 165 168 164 165 165 170 173 176 174 175 176 175 174
 171 167 165 165 161 157 155 145 136 130 122 114  98  88  81  72  74  78
  81  90  98 101 104 109 112 113 114 113 112 113 115 115 111 107 100 116
 144 153 154 153 152 153 154 154 151 148 151 151 149 149 150 148 146 146
 145 148 148 149 153 155 154 153 154 155 153 148 141 133 129 130 137 135
 132 130 130 131 133 135 135 138 138 136 134 131 131 134 136 136 135 134
 132 132 132 133 132 134 137 139 138 134 132 130 132 136 139 136 133 132
 132  29]","[ 31  29 146 149 149 149 149 147 145 142 143 147 148 147 147 147 146 147
 147 146 145 146 146 145 147 148 148 145 142 141 142 144 149 145 140 138
 140 143 143 141 145 143 144 146 148 146 143 142 141 144 146 146 146 145
 144 146 148 149 152 156 162 167 169 168 167 163 159 156 153 149 145 142
 129 115 110 138 160 164 168 164 166 166 169 172 174 173 175 178 179 177
 174 171 170 170 168 165 159 152 145 138 129 126 111  98  88  73  71  74
  75  80  88  97 104 107 110 111 112 111 111 111 114 114 110 107 102 106
 137 145 140 140 141 143 145 147 147 146 145 145 143 141 141 140 139 141
 148 150 148 147 151 153 151 149 149 147 141 135 134 134 133 133 140 137
 133 131 130 131 132 134 134 135 133 131 131 130 132 136 137 139 139 135
 132 132 132 130 132 134 138 138 136 133 131 130 131 130 132 135 134 130
 130  31]","[ 29  30 145 147 147 145 147 146 146 145 146 148 147 146 147 146 145 147
 148 146 144 145 146 147 148 148 148 148 145 144 144 147 146 145 144 141
 141 144 146 144 143 142 143 146 148 147 146 145 144 147 146 145 145 144
 143 144 145 146 149 157 166 170 171 170 165 162 160 158 154 149 146 145
 134 121 105 122 147 152 159 166 164 166 168 172 172 173 176 180 179 178
 177 175 175 175 173 171 164 158 154 149 137 132 118 109  97  83  73  72
  76  80  81  87  94  93  95 100 105 109 109 108 100 104 104 102  96  93
 120 129 136 137 137 137 138 140 142 142 141 141 138 137 138 137 133 132
 140 141 137 135 137 139 138 136 139 139 137 137 134 130 131 136 139 136
 133 131 131 131 131 132 134 134 132 132 133 133 134 136 135 134 135 137
 135 131 131 133 132 135 137 136 133 131 131 132 130 127 128 131 132 128
 129  30]","[ 27  29 146 146 147 146 146 146 145 145 147 148 146 146 146 146 145 146
 147 146 146 146 146 146 147 147 148 150 149 146 146 147 146 144 143 143
 145 150 151 147 141 142 144 146 148 147 145 144 146 147 145 144 145 144
 142 143 144 145 150 160 169 172 172 171 167 164 161 158 153 147 145 145
 141 130 110 119 140 141 144 157 158 162 165 169 168 172 175 179 178 178
 178 177 176 175 173 171 170 163 160 158 148 138 125 121 108  99  85  73
  72  77  78  81  88  85  86  89  90  91  91  90  98 103 105 100  93  90
 113 133 137 139 139 138 137 138 139 140 140 141 138 136 137 137 136 136
 138 137 134 131 133 135 134 134 133 137 138 136 134 132 133 136 135 133
 132 132 132 131 131 130 131 132 132 134 136 134 131 130 133 134 135 135
 134 133 132 131 133 135 135 133 131 131 132 134 131 131 131 129 130 130
 131  28]","[ 29  30 147 145 147 146 142 142 147 146 148 148 146 147 147 146 146 147
 148 148 147 146 145 145 146 147 148 148 147 147 146 146 148 143 141 142
 145 151 152 147 143 144 146 148 149 148 147 146 146 146 145 145 148 147
 146 146 145 146 152 163 171 173 172 172 170 166 163 160 154 147 143 142
 135 125 107 109 130 138 139 146 154 158 158 159 157 165 170 176 175 177
 178 178 177 175 173 171 171 168 164 162 156 149 134 130 119 108  97  80
  67  67  70  71  66  68  76  82  83  87  93  96 102 102 103  95  91  90
 105 135 130 133 135 136 137 138 140 140 138 139 136 132 132 134 137 140
 137 136 132 130 131 131 130 131 135 139 137 132 132 134 133 132 131 131
 131 132 133 132 131 130 130 131 131 133 135 133 129 129 133 136 135 131
 130 134 133 128 132 133 133 130 129 130 132 134 133 134 133 129 128 129
 130  28]","[ 29  29 147 146 151 152 147 147 152 150 149 147 145 146 147 146 148 150
 152 151 147 145 146 148 148 151 151 147 146 148 149 148 149 146 147 147
 145 147 148 143 142 143 144 145 145 146 146 146 145 145 144 145 148 147
 145 144 145 147 155 165 172 173 173 174 169 165 162 161 157 149 142 140
 135 126 108 100 117 138 143 144 152 155 152 150 147 157 165 172 172 175
 179 181 180 179 178 177 171 173 167 161 159 158 141 131 130 112 106  95
  74  65  64  61  60  62  72  82  86  92  99 102 105 101 102  96  96  94
  98 129 133 135 136 138 139 139 138 137 140 139 134 132 135 137 136 134
 138 137 133 131 130 129 127 129 131 131 131 133 134 132 131 134 130 130
 131 133 133 132 130 128 132 132 131 131 133 133 132 134 133 131 129 129
 129 130 130 130 130 131 130 128 127 128 130 131 133 131 131 130 128 125
 127  29]","[ 28  29 147 147 148 151 152 151 152 149 147 147 146 145 146 150 147 146
 147 148 148 148 148 147 147 148 148 147 146 146 147 147 150 149 148 147
 148 149 146 143 143 148 147 144 146 147 146 146 146 145 145 146 147 146
 145 145 146 149 158 166 176 174 174 174 169 168 164 162 162 148 142 139
 135 130 120 108 110 134 142 144 150 153 146 147 147 154 163 167 171 175
 177 179 179 180 180 175 174 172 169 165 162 160 154 145 137 130 120 107
  92  74  68  61  63  63  70  81  90  96  99  98 100 102 100  98  97  94
  96 123 137 138 138 138 139 139 137 135 137 138 137 134 132 133 135 135
 137 135 134 133 131 129 126 126 131 131 132 132 131 131 133 135 132 132
 132 132 132 131 131 131 134 132 131 130 130 131 132 133 132 131 130 131
 132 129 126 127 128 126 125 125 127 128 129 128 130 129 132 131 125 127
 127  28]","[ 29  30 148 148 147 148 149 148 149 147 146 147 147 146 147 149 149 145
 146 149 149 147 147 147 145 146 146 146 146 146 146 147 150 150 149 149
 149 150 147 144 145 147 144 142 145 146 145 146 144 143 143 144 146 147
 147 146 147 151 159 164 172 172 175 176 174 171 167 164 162 146 138 135
 130 128 120 111 109 127 140 146 153 150 145 147 145 149 159 170 167 171
 175 181 177 178 179 175 175 174 171 168 166 165 160 153 151 144 131 116
 106  94  85  69  72  73  78  85  89  92  95  95  98 100  98  97  96  93
  95 123 137 138 137 136 136 136 134 132 131 132 132 132 132 133 134 135
 135 133 131 131 132 131 129 128 132 132 131 131 131 131 133 135 134 133
 132 131 130 130 131 131 133 132 131 130 130 130 130 130 129 131 130 129
 128 127 126 126 124 125 127 129 130 129 126 123 127 126 128 128 124 127
 127  30]","[ 30  30 148 148 146 145 145 144 147 146 146 147 148 147 146 147 149 144
 145 149 149 146 146 147 145 146 147 147 146 146 145 144 148 149 150 150
 150 150 148 146 145 145 143 143 146 146 145 146 147 146 146 146 147 148
 147 145 144 149 157 162 171 171 172 173 174 171 166 163 160 146 140 136
 129 126 116 111 108 121 138 148 149 145 143 146 141 141 146 159 167 176
 172 172 173 179 180 182 178 176 175 172 168 167 163 157 155 152 143 131
 126 118 105  83  79  77  78  83  86  91  96  98  96  97  96  96  95  92
  97 128 134 135 134 133 133 133 132 131 129 129 131 133 134 134 134 134
 134 131 129 130 132 133 132 131 132 131 131 131 130 131 133 135 135 133
 130 129 129 130 131 132 131 131 131 129 129 130 129 128 125 129 129 126
 125 125 126 127 129 130 131 132 132 130 128 126 124 122 123 124 123 126
 126  29]","[ 31  30 147 146 146 145 144 143 145 145 146 147 147 146 146 147 149 146
 145 147 146 145 145 144 145 145 146 147 147 146 145 145 145 147 148 149
 149 148 147 146 144 144 144 146 148 147 146 146 146 146 146 145 145 145
 143 140 145 148 155 164 172 171 170 172 173 169 163 159 158 149 145 139
 131 128 116 112 102 108 130 146 148 146 146 144 137 136 132 138 152 171
 166 168 179 185 177 179 178 177 176 174 170 167 164 159 153 153 149 141
 137 129 120 102  97  88  82  80  81  87  92  95  96  97  96  96  95  91
  95 127 133 134 134 133 133 132 133 133 133 132 134 136 137 135 133 133
 133 131 129 130 132 132 132 131 130 130 129 129 130 130 132 134 133 132
 130 129 129 130 131 132 130 131 130 129 129 129 128 125 123 127 127 124
 124 124 126 128 133 132 131 129 129 128 128 127 125 122 123 125 125 126
 125  29]","[ 31  30 145 145 146 146 146 146 142 144 145 146 145 145 147 149 150 149
 148 147 145 147 147 143 143 143 144 146 147 147 147 148 145 146 147 147
 147 146 146 146 145 144 146 147 147 146 146 146 144 146 147 147 146 145
 143 141 145 148 153 163 166 164 165 172 173 170 164 158 158 153 149 138
 139 139 131 123 103 100 122 144 148 146 147 144 137 135 124 123 134 148
 152 165 179 184 180 181 176 175 176 175 171 168 165 161 159 155 150 145
 141 132 130 123 113 103  92  85  80  82  87  90  94  96  97  98  95  88
  90 120 136 137 137 136 134 133 133 134 135 134 135 137 137 134 131 130
 132 131 130 131 131 131 131 131 128 127 127 128 129 130 131 132 132 131
 130 130 130 130 130 130 131 131 130 129 129 129 127 125 126 127 126 126
 126 125 125 129 131 130 130 129 129 128 127 126 127 125 125 128 128 128
 125  29]","[ 30  28 144 145 146 147 148 148 146 147 148 147 145 145 146 148 146 148
 148 146 146 150 152 148 144 144 144 146 146 146 146 148 146 146 146 146
 147 146 145 145 146 146 147 146 143 143 146 146 145 146 148 150 149 146
 143 142 141 148 157 166 164 160 161 169 171 170 167 162 162 157 153 140
 146 146 142 134 112 105 118 137 141 144 149 154 151 144 129 123 116 117
 141 174 187 186 185 178 176 175 176 175 171 166 163 161 161 154 150 149
 147 138 137 134 119 113 105  95  84  80  84  87  88  93  97  99  97  90
  90 118 133 134 135 135 132 131 132 134 134 133 134 135 135 133 131 129
 131 130 130 130 131 131 130 131 128 127 127 129 130 131 131 131 131 131
 131 131 130 130 129 129 131 129 128 129 130 131 131 130 131 129 127 128
 129 126 125 127 127 127 126 127 127 127 126 126 126 125 125 128 129 127
 123  29]","[ 29  27 145 145 146 146 148 150 151 151 149 147 146 145 146 146 144 146
 147 146 146 150 152 150 147 146 146 146 145 143 143 145 147 145 144 146
 147 147 146 145 146 145 147 145 141 143 146 145 144 143 144 147 147 143
 140 139 143 153 163 172 171 168 164 168 168 166 167 166 165 160 159 149
 147 144 143 137 119 112 114 125 138 149 156 163 161 155 143 132 120 108
 121 151 177 180 186 182 178 175 175 174 169 164 161 160 158 154 153 153
 152 143 142 137 128 122 115 106  94  86  84  84  86  92  96  98  98  94
  96 123 129 131 132 132 130 129 130 133 132 133 133 133 133 133 132 130
 131 129 128 129 130 131 130 130 130 128 128 129 131 131 131 131 131 131
 132 131 130 129 129 129 129 126 125 127 129 130 131 133 131 131 129 128
 129 126 124 124 124 123 122 122 123 124 124 124 124 123 122 124 125 122
 120  29]","[ 29  28 146 146 145 145 148 150 150 149 147 146 146 147 146 145 147 146
 147 146 144 145 147 146 145 144 145 145 144 141 141 143 146 144 143 145
 148 148 147 146 144 144 147 146 142 144 147 145 143 140 140 145 147 144
 140 140 146 155 160 169 171 174 168 166 168 164 166 167 166 160 162 157
 150 148 149 142 123 116 112 122 140 155 158 158 153 154 147 134 124 110
 103 121 164 173 177 176 177 174 174 174 169 165 163 162 159 158 156 152
 149 143 144 138 134 127 120 113 104  96  91  87  89  94  95  95  96  95
  99 127 132 133 134 134 130 128 128 131 131 133 133 132 132 133 133 131
 132 129 127 128 130 131 130 130 130 129 127 128 130 130 130 130 131 131
 131 130 129 129 130 131 130 125 122 123 125 124 125 128 129 131 130 127
 127 126 123 121 125 124 124 125 126 126 125 123 123 122 120 122 122 119
 117  28]","[ 29  29 146 146 146 146 146 146 149 147 145 145 146 147 147 146 145 146
 147 146 145 146 146 146 146 145 146 146 144 143 144 145 147 147 146 146
 147 148 147 144 142 143 144 145 145 143 143 143 143 142 140 140 142 141
 138 138 147 155 161 165 168 165 161 161 160 164 166 165 165 162 161 162
 155 152 153 153 142 124 114 114 131 156 156 158 150 151 145 136 127 119
 106  94 133 176 180 175 176 173 173 172 166 162 160 160 159 156 152 147
 144 145 146 145 140 133 125 122 117 103  92  88  90  92  95  93  92  90
  89 124 130 133 134 131 126 124 128 134 131 133 133 133 132 132 132 132
 129 129 130 131 131 130 128 126 129 129 128 127 127 130 131 131 131 132
 130 126 125 128 130 130 130 130 127 124 124 124 124 126 131 130 130 129
 127 126 125 124 124 125 126 126 124 123 123 123 122 119 117 116 117 119
 117  28]","[ 30  29 147 147 147 147 148 148 146 145 143 144 146 148 148 147 145 146
 146 146 146 146 146 146 147 145 145 146 144 144 146 146 147 147 146 145
 146 148 147 145 144 144 144 144 144 142 140 139 140 141 142 142 142 141
 140 142 147 152 156 161 164 164 163 164 157 162 165 166 165 164 162 162
 160 155 153 153 147 132 119 114 121 148 156 157 149 146 146 141 123 113
 103  88 109 147 167 175 173 175 176 171 166 165 163 159 160 157 155 153
 150 150 151 150 145 138 132 128 121 108  95  87  90  93  94  89  86  86
  88 120 134 133 132 131 131 131 132 132 132 132 132 130 128 128 130 132
 131 129 129 130 129 126 125 126 127 129 130 130 130 131 131 131 130 128
 125 125 127 129 130 130 128 129 126 123 123 123 126 130 130 129 127 126
 125 125 124 124 125 125 124 124 123 122 121 121 118 116 116 116 119 120
 118  29]","[ 29  29 146 146 145 146 147 148 147 145 143 143 145 146 146 145 144 144
 145 145 145 146 146 146 145 143 143 144 143 144 146 146 147 146 146 145
 146 147 147 146 146 144 143 143 143 142 139 137 139 143 145 145 144 142
 142 146 149 149 154 161 166 167 165 162 162 161 164 171 173 170 168 169
 165 160 155 152 144 131 118 112 122 146 160 162 158 149 146 138 128 113
 106  88  90 118 151 174 173 178 180 173 164 164 164 161 161 159 158 158
 155 153 153 152 147 142 136 130 121 111  98  87  88  92  94  89  87  91
  97 126 134 132 130 130 133 136 135 132 131 132 132 130 127 126 128 130
 131 128 128 130 128 124 123 126 126 129 131 131 130 130 130 129 128 124
 121 124 128 129 129 129 126 127 126 124 123 123 126 130 129 127 125 123
 122 123 123 123 125 124 123 123 123 122 121 119 119 117 117 117 119 120
 117  29]","[ 29  28 146 144 143 143 145 146 148 147 145 144 144 144 144 144 143 143
 143 143 144 146 146 146 142 141 142 143 143 144 145 145 146 146 146 145
 146 146 146 146 145 143 143 143 144 144 143 142 142 145 147 146 145 143
 143 147 153 152 159 167 169 171 170 166 163 164 169 174 174 171 171 172
 163 158 151 145 139 130 121 114 106 125 143 154 158 153 149 141 135 114
 107  97  97 116 150 178 176 177 177 172 165 163 165 165 163 160 160 160
 156 153 150 148 146 142 136 127 118 111 101  90  86  89  91  88  88  90
 100 124 129 131 131 130 132 134 135 132 130 131 132 132 129 127 127 127
 130 128 128 130 129 127 126 127 127 128 129 128 127 127 127 127 126 124
 122 124 127 128 127 126 127 129 129 127 127 126 127 130 128 126 123 122
 121 122 121 121 123 122 122 121 121 120 119 119 121 119 117 116 117 118
 117  29]","[ 29  29 146 144 142 142 144 145 145 145 145 145 144 144 145 146 144 144
 143 143 144 145 146 146 141 141 143 146 145 145 146 145 145 145 146 146
 146 146 145 146 143 143 142 143 144 144 145 147 145 146 145 145 145 144
 143 145 146 152 165 174 174 172 170 165 159 166 175 177 174 173 173 171
 167 160 151 144 140 134 122 111 111 124 140 156 159 155 150 145 139 112
 101 102 113 125 147 171 174 173 173 170 167 167 166 163 165 162 162 161
 157 154 151 148 146 143 136 126 117 110 101  91  85  85  86  87  88  89
 102 123 127 130 132 131 131 133 134 133 131 131 132 133 132 130 128 128
 130 129 128 127 128 129 129 127 128 127 126 126 126 126 125 124 124 126
 127 125 125 127 127 125 126 127 126 125 126 125 125 126 126 124 122 122
 122 122 121 120 118 118 119 119 118 117 117 117 118 117 117 116 117 118
 117  30]","[ 29  29 146 145 143 143 145 145 143 144 144 144 143 143 144 145 146 146
 145 144 144 145 146 145 142 142 145 147 146 146 146 145 144 145 146 147
 147 145 144 144 142 142 142 142 142 142 144 146 146 146 144 144 146 146
 144 145 154 159 166 171 173 174 171 166 163 160 168 180 181 176 172 169
 171 168 162 154 145 135 123 113 109 114 130 153 162 161 153 147 144 112
 102 114 133 141 152 165 168 174 177 172 167 167 166 161 164 162 162 161
 159 158 155 151 145 143 135 124 117 107  95  88  87  85  85  88  90  91
 109 127 128 129 130 130 132 133 132 131 132 131 131 131 131 129 128 129
 131 131 128 125 125 128 129 128 126 125 126 128 129 127 125 123 123 127
 129 127 125 126 127 126 125 125 122 121 123 124 124 125 123 122 121 121
 123 123 122 120 116 117 117 117 116 116 116 116 117 117 118 118 118 119
 117  29]","[ 29  28 145 145 144 144 145 146 143 144 144 144 144 143 143 143 146 147
 147 146 145 145 145 145 144 143 144 146 145 145 146 145 144 144 145 146
 146 145 143 143 142 142 143 143 142 141 142 144 146 146 144 145 148 147
 146 147 152 164 175 179 179 172 156 143 128 120 132 158 172 173 173 173
 168 171 170 163 151 139 130 124 114 109 124 145 160 156 147 138 129  99
  99 122 141 149 158 161 163 170 176 174 168 166 165 162 162 162 162 161
 161 162 160 155 146 143 131 121 117 105  89  84  87  87  87  89  90  92
 112 124 129 128 129 130 132 132 130 129 131 130 129 130 129 127 127 128
 131 130 129 126 125 126 127 127 125 125 126 128 129 126 124 122 123 125
 127 126 125 125 125 125 127 126 123 122 124 125 125 126 121 120 119 120
 122 123 122 120 119 118 118 117 116 116 116 117 118 118 118 117 117 117
 116  29]","[ 29  29 146 145 145 145 146 146 145 145 145 146 146 147 146 145 144 146
 147 146 146 146 146 145 146 144 143 145 145 146 146 145 144 143 144 146
 146 144 142 142 143 143 143 144 143 143 143 144 144 145 145 146 148 147
 146 148 153 167 173 166 157 147 136 131 126 126 138 153 163 172 175 171
 171 173 172 165 154 142 132 126 120 110 122 134 146 138 136 131 124  96
 106 135 149 155 165 162 162 160 163 170 172 170 167 164 162 162 162 161
 162 165 163 156 149 144 128 119 119 106  88  85  80  84  88  90  93  96
 119 127 130 129 130 131 132 130 129 129 129 128 128 129 127 124 124 126
 129 129 130 129 127 124 125 127 124 124 126 127 127 124 122 122 123 123
 123 125 126 124 123 123 124 124 122 121 123 122 121 122 121 119 117 118
 121 122 121 119 122 120 118 116 116 117 117 117 118 116 115 113 113 115
 115  30]","[ 31  29 146 146 146 147 148 149 147 145 144 146 148 148 145 144 144 145
 146 147 147 147 146 144 145 146 143 143 140 139 146 146 143 142 143 145
 145 144 144 146 144 143 143 145 144 142 143 145 146 146 146 146 146 147
 149 151 156 161 161 159 154 151 154 154 155 153 152 152 160 174 176 170
 168 173 175 166 153 146 138 130 121 116 112 124 135 130 127 124 116  97
 115 144 159 161 164 166 170 157 144 153 172 173 167 170 164 159 158 160
 160 159 157 155 149 141 131 124 114 102  94  87  81  81  87  89  91 100
 123 126 132 130 129 130 129 127 125 124 128 128 127 126 125 125 125 125
 126 128 129 128 126 125 125 124 121 123 125 126 124 123 123 124 125 124
 124 126 125 122 121 123 123 123 122 120 121 122 123 123 122 120 117 117
 117 118 118 117 116 119 120 118 114 114 115 117 116 118 116 115 113 113
 115  28]","[ 30  28 145 145 145 145 147 147 147 146 146 146 146 145 143 142 143 144
 145 146 147 148 146 145 144 145 143 143 140 139 145 146 142 143 144 146
 146 144 144 144 145 143 141 140 140 140 143 146 146 146 146 146 146 146
 146 146 152 161 166 168 166 163 163 159 156 153 152 151 157 168 170 167
 163 173 174 170 163 155 146 129 124 118 112 117 119 115 114 112 110 103
 124 145 156 160 165 167 176 177 164 148 150 161 168 171 170 168 166 165
 163 162 159 153 145 140 135 125 112 101  94  90  84  82  84  89  88  95
 121 128 130 129 127 126 125 124 123 123 126 126 125 124 124 126 128 128
 125 127 128 128 127 126 125 123 122 123 124 124 123 122 123 123 125 124
 124 125 123 120 120 122 121 120 119 119 120 121 122 122 119 118 117 116
 117 117 117 116 114 115 114 113 111 112 115 117 115 116 115 114 114 114
 117  29]","[ 29  28 145 145 145 145 146 146 147 147 147 146 144 142 141 141 142 143
 145 146 147 147 146 145 143 143 143 144 142 141 147 148 142 142 143 145
 146 145 144 143 145 143 140 137 136 138 142 145 143 144 144 145 146 146
 144 142 154 166 172 175 173 171 168 160 159 154 153 151 152 159 162 164
 161 181 185 179 162 150 147 133 121 113 106 105 103 104 109 108 109 117
 141 157 167 167 167 167 168 177 177 164 156 158 161 160 165 166 166 163
 160 160 155 145 143 138 137 125 112 105  96  94  84  82  80  85  83  97
 124 130 130 129 127 125 124 123 124 125 126 127 125 123 123 126 128 127
 126 127 128 129 129 128 125 123 122 123 123 122 122 122 122 122 122 122
 124 126 123 119 118 119 119 116 115 118 120 120 120 121 117 117 117 117
 116 116 115 115 114 112 111 111 111 111 114 117 116 117 114 113 113 114
 116  28]","[ 29  29 146 146 146 146 145 144 146 146 147 146 143 141 140 140 141 143
 145 146 145 145 145 145 143 144 145 146 143 142 145 146 142 141 141 143
 145 146 145 144 143 143 142 139 138 139 141 142 140 140 142 144 145 145
 144 143 151 164 172 174 172 171 167 159 159 154 153 151 149 153 157 163
 161 178 186 180 166 156 150 137 128 116 107 103  99 101 108 109 109 124
 148 165 176 171 168 169 171 170 173 174 170 166 164 160 159 162 164 163
 161 161 155 146 147 139 137 124 113 110  98  94  85  82  78  78  81 110
 129 128 129 128 127 125 124 124 126 128 126 127 126 124 124 126 126 124
 126 127 128 128 127 127 125 124 124 123 123 122 122 122 122 122 121 121
 121 122 120 118 118 119 120 115 113 117 120 119 118 119 117 117 116 115
 113 113 113 114 114 112 112 114 113 111 112 114 117 116 112 111 112 114
 116  28]","[ 29  28 147 147 147 146 145 143 145 145 145 145 144 142 141 142 141 144
 147 146 144 144 145 146 146 145 147 146 142 140 140 140 144 142 141 142
 145 147 146 145 142 143 143 142 142 142 142 141 139 140 142 143 143 144
 145 146 141 157 168 172 172 171 169 161 160 155 155 152 148 149 154 161
 162 170 178 171 161 158 151 146 138 122 113 110 106 106 108 108 110 130
 151 164 176 174 175 178 180 173 170 171 172 174 173 166 161 160 162 163
 162 161 158 153 151 141 137 123 114 111  99  95  89  81  77  74  87 124
 129 124 126 125 125 124 122 122 124 127 124 126 126 125 125 126 124 122
 122 123 123 123 122 123 124 124 124 124 123 123 123 123 123 122 124 120
 117 115 116 117 120 122 120 115 113 116 119 117 116 117 116 116 114 111
 109 108 110 111 113 112 113 115 113 110 110 112 114 113 110 110 112 115
 117  29]","[ 30  29 147 148 148 147 145 143 143 144 144 145 144 143 143 144 143 146
 147 146 144 144 146 147 145 143 147 146 143 142 141 141 145 144 143 143
 145 147 147 146 143 143 143 143 144 144 144 144 141 142 144 143 142 142
 144 147 147 161 170 172 172 172 172 167 163 159 158 153 147 146 147 150
 160 166 179 173 166 164 151 146 136 122 116 115 112 111 108 109 115 141
 160 167 175 175 179 180 179 173 172 173 171 172 173 171 167 162 161 161
 160 158 156 154 147 139 135 125 116 112 104 100  90  77  74  76  98 129
 128 125 126 126 125 124 122 120 122 124 124 125 125 125 125 124 121 119
 119 119 119 119 119 121 123 124 125 124 123 123 122 122 123 123 122 119
 116 116 117 118 119 119 119 115 114 117 118 117 115 117 116 115 113 110
 107 107 109 111 113 113 113 114 112 111 111 113 114 113 110 111 113 116
 118  29]","[ 30  29 147 148 148 147 146 143 142 143 144 145 144 143 144 145 145 145
 145 144 144 145 146 146 144 141 146 146 145 146 143 144 142 145 146 145
 145 146 146 146 144 142 141 143 145 145 145 146 143 144 145 144 142 142
 144 146 156 167 172 172 171 172 173 168 164 162 161 154 146 144 140 138
 154 153 154 147 146 153 148 141 132 126 123 119 116 114 112 115 129 151
 166 170 176 173 176 175 176 172 171 172 168 167 170 174 172 167 165 164
 161 158 156 154 144 139 134 128 120 113 106 101  85  76  73  81 108 126
 127 127 127 127 126 124 121 120 121 123 123 122 122 124 124 122 120 119
 119 119 119 119 121 123 124 125 124 123 122 121 120 121 122 122 120 119
 118 118 119 118 117 116 116 114 115 118 119 117 116 117 115 115 114 112
 110 110 112 113 114 114 114 114 114 114 114 114 114 115 113 114 116 118
 118  29]","[ 29  28 146 147 147 146 145 143 142 143 145 145 144 143 144 146 145 144
 143 142 143 145 146 145 145 141 146 146 145 146 143 143 139 143 147 147
 145 144 145 146 145 141 141 144 146 145 145 145 144 145 146 145 143 142
 144 146 151 162 169 172 172 171 170 165 160 159 160 153 146 145 139 134
 130 143 151 146 140 141 138 128 131 130 130 123 121 122 124 131 148 159
 167 172 178 174 176 177 174 175 174 171 169 169 170 170 171 169 168 167
 163 159 155 151 149 142 134 131 124 113 105  96  81  81  75  85 112 120
 126 125 126 126 125 123 120 118 119 121 120 118 118 122 123 122 121 122
 121 121 121 122 124 125 125 124 123 122 121 119 118 119 121 122 123 121
 119 117 116 116 117 118 113 113 114 117 118 117 115 116 114 115 115 114
 113 113 114 115 114 115 115 115 116 117 116 114 113 114 114 117 119 120
 120  31]","[ 29  29 146 146 146 145 144 146 145 146 146 145 145 147 147 146 146 145
 144 145 147 147 147 147 142 144 145 143 143 145 145 141 140 142 144 145
 146 146 145 145 141 141 142 143 143 143 143 143 142 143 145 148 146 141
 140 147 149 162 170 173 175 173 166 162 158 154 153 153 149 145 142 140
 136 138 142 143 139 134 131 131 131 129 130 125 121 121 120 144 163 169
 174 174 173 174 175 176 175 174 174 173 171 169 169 170 168 167 167 167
 165 161 156 152 149 146 140 131 122 113 102  91  83  73  79  97 111 120
 126 127 127 125 124 123 122 121 119 118 119 118 120 122 123 124 125 122
 120 119 119 121 123 123 123 122 123 121 119 118 119 117 117 121 122 124
 125 122 118 115 117 120 111 111 114 117 116 115 116 117 116 114 115 115
 113 117 121 119 117 117 116 117 118 119 118 117 118 120 118 119 120 122
 124  27]","[ 29  29 146 145 146 145 145 146 147 147 147 145 145 146 146 146 147 145
 145 146 147 147 146 146 144 143 143 143 144 145 144 143 140 142 142 142
 143 145 147 147 143 141 141 143 142 139 138 140 145 145 146 147 145 139
 139 145 149 162 171 171 170 170 167 163 159 155 154 154 150 145 143 142
 141 142 142 141 137 133 131 132 132 130 127 126 122 120 127 152 166 172
 177 177 175 175 175 175 175 175 175 174 172 170 170 171 169 166 164 165
 165 161 155 150 147 144 138 130 120 111 103  96  87  77  88 110 120 124
 128 127 126 124 123 123 123 122 121 121 120 119 119 120 121 123 124 123
 120 119 119 120 121 122 121 121 120 119 117 119 120 118 117 120 121 123
 124 123 121 120 121 122 116 116 118 120 119 119 121 121 121 120 119 117
 114 115 118 118 117 118 119 120 121 123 123 122 122 123 122 122 122 125
 126  29]","[ 29  29 146 145 146 146 146 147 146 147 147 146 145 146 147 148 146 145
 145 146 146 146 145 144 141 139 137 138 142 139 137 141 142 144 143 141
 141 144 145 146 143 140 140 143 143 139 139 142 146 146 145 145 143 138
 139 146 154 163 172 173 170 171 171 168 161 157 154 152 148 145 144 143
 142 143 143 141 138 135 135 136 132 131 123 126 121 119 135 160 163 169
 175 176 175 174 174 174 175 175 175 174 173 171 172 173 171 167 164 164
 165 161 154 149 146 142 137 130 119 110 105 101  90  82  96 120 126 126
 128 127 128 126 125 125 125 123 122 122 123 122 122 122 122 124 126 126
 124 122 120 121 123 124 124 124 122 122 122 124 126 124 122 124 123 124
 124 123 122 122 122 122 121 121 122 122 121 123 123 122 122 124 122 118
 116 115 115 117 120 122 123 123 123 123 123 123 124 126 124 125 124 126
 127  30]","[ 29  30 147 145 145 145 145 147 144 146 147 147 145 144 145 146 144 145
 145 145 146 146 145 143 141 142 139 140 144 140 138 143 145 145 146 145
 143 140 140 141 144 141 141 144 145 144 144 146 146 145 144 144 143 141
 142 148 156 157 166 174 173 170 170 169 164 160 156 152 148 145 144 143
 141 141 142 141 140 138 137 137 133 132 124 123 116 119 139 162 166 170
 175 178 178 178 178 177 175 175 174 174 172 171 171 172 172 169 165 164
 163 160 153 148 142 138 134 128 117 107 102 100  93  87 102 123 126 125
 128 127 124 124 126 128 129 129 128 128 126 126 127 127 126 127 128 127
 127 124 121 123 126 127 127 126 123 123 123 125 127 125 122 122 124 123
 121 119 120 122 122 122 122 122 123 123 123 124 122 118 116 120 120 118
 118 116 115 119 122 123 123 122 122 122 121 120 123 125 124 125 124 126
 127  30]","[ 29  30 147 144 142 142 142 143 143 145 147 147 144 141 141 141 144 145
 146 146 146 146 145 143 143 147 145 144 147 144 142 146 145 144 146 148
 145 139 137 139 146 144 142 144 146 147 146 145 146 146 145 144 144 143
 145 150 154 156 167 176 175 172 170 169 166 162 160 157 151 148 145 142
 141 142 142 141 139 138 138 138 137 135 130 122 113 123 142 162 174 176
 178 180 181 180 178 176 175 174 173 172 171 170 170 171 171 169 167 164
 161 157 152 150 144 139 136 132 122 111 104 100  96  95 108 123 124 126
 130 128 124 126 129 132 133 132 130 129 126 127 129 129 127 127 127 125
 125 122 119 121 125 127 127 126 123 123 122 124 125 123 121 121 123 121
 118 116 118 121 123 123 123 121 121 121 122 123 121 115 111 116 117 118
 119 116 115 117 118 119 119 120 122 123 122 121 122 124 124 125 124 125
 126  28]","[ 28  29 146 142 141 140 140 140 142 144 147 148 145 142 140 141 145 147
 148 147 147 147 146 144 143 148 147 145 146 145 143 144 144 143 145 148
 146 140 140 144 145 144 143 144 146 147 146 145 146 147 146 144 144 144
 145 148 151 163 176 179 176 175 174 170 166 164 164 162 157 152 147 143
 143 143 142 141 140 142 143 143 140 138 136 125 115 132 153 169 178 178
 178 179 181 180 177 175 175 174 173 172 171 170 170 171 171 169 167 165
 161 157 153 152 147 142 138 135 126 116 107 101  97 101 114 123 125 128
 130 127 128 129 132 134 133 130 127 125 126 127 129 129 126 125 124 122
 123 120 119 120 123 125 125 124 124 124 123 123 125 123 121 122 123 122
 119 117 118 121 122 121 124 121 119 119 119 121 120 116 112 114 117 118
 118 116 113 114 116 117 118 119 122 124 124 122 122 125 125 125 124 125
 125  28]","[ 28  29 145 143 144 144 143 141 143 145 146 147 145 142 141 142 144 147
 148 147 148 149 148 147 146 147 147 147 147 147 145 143 142 143 146 147
 145 142 143 146 144 143 144 146 147 146 147 148 146 147 145 143 144 144
 145 147 149 166 177 176 174 173 171 168 165 164 164 162 158 154 150 146
 144 144 143 142 143 145 147 147 143 143 138 129 120 138 163 173 179 179
 179 181 183 182 180 179 176 175 174 173 173 172 172 173 172 169 166 164
 162 158 155 152 145 139 135 131 123 115 106  99  97 104 115 123 126 128
 127 126 125 126 128 131 131 130 129 129 128 128 128 127 124 124 123 121
 122 122 121 122 123 123 123 124 122 122 121 121 122 121 119 120 121 123
 123 121 120 121 121 118 122 119 118 118 117 118 119 119 116 115 117 119
 118 116 115 114 116 117 118 120 122 123 123 122 122 125 125 126 125 125
 126  28]","[ 29  30 145 144 148 150 148 145 146 146 146 145 142 139 138 139 142 145
 146 146 147 150 150 149 148 145 145 146 146 146 144 141 140 144 146 145
 143 142 143 143 146 145 146 150 149 145 146 150 146 147 146 144 145 146
 147 149 152 165 173 174 175 173 169 168 165 163 162 159 155 154 152 149
 145 146 145 143 144 145 146 146 147 148 137 132 121 135 164 170 177 178
 179 181 182 181 180 179 177 176 175 174 174 174 174 175 173 169 164 163
 162 159 154 151 144 138 133 128 121 114 107 100  97 106 115 122 126 126
 125 125 124 124 126 128 129 129 129 130 130 129 127 125 122 122 123 121
 121 122 123 123 121 120 121 123 121 122 121 120 120 119 118 119 117 121
 124 123 123 123 121 118 117 116 118 119 117 116 118 120 119 116 117 120
 118 118 118 116 114 116 118 119 120 122 122 122 121 124 124 126 125 125
 126  29]","[ 28  31 143 144 146 150 148 147 146 146 146 146 145 142 139 138 142 138
 135 139 145 149 148 146 146 148 144 145 150 145 139 145 145 145 145 145
 145 144 144 146 148 147 148 150 147 144 147 152 150 149 147 146 146 148
 151 154 157 166 173 175 176 175 171 165 164 163 162 159 154 153 151 146
 145 145 146 145 145 147 149 148 142 141 129 123 127 155 167 174 173 176
 179 181 183 181 179 179 176 174 174 175 176 175 173 172 168 165 164 162
 159 158 156 152 143 137 132 126 117 109 102  97  97 107 123 127 125 126
 123 122 126 126 127 128 128 128 129 130 129 126 124 124 124 124 123 121
 122 122 123 122 121 121 121 122 122 123 122 119 119 121 121 119 117 119
 121 121 121 122 122 123 119 119 119 117 117 119 120 119 117 117 118 120
 121 120 117 115 116 117 119 121 122 123 123 123 125 125 124 122 123 125
 129  29]","[ 28  30 144 144 143 147 147 148 148 147 147 147 147 146 144 144 150 149
 147 146 146 147 149 150 150 149 145 143 144 142 141 148 155 151 148 148
 151 152 151 150 150 150 151 152 151 149 152 157 154 153 152 152 152 153
 154 155 157 165 174 177 179 179 174 169 168 168 167 164 159 156 153 149
 144 145 147 148 148 150 152 150 146 141 127 123 136 164 170 169 171 175
 178 180 181 179 177 177 177 175 174 175 175 175 173 172 165 162 161 160
 157 156 154 151 144 138 131 124 117 110 102  94  99 108 124 128 127 129
 126 125 129 128 128 128 127 126 126 128 128 126 125 125 124 124 124 123
 121 122 123 123 122 121 121 122 123 123 122 118 117 119 121 122 120 121
 121 120 121 122 123 123 123 122 120 118 117 118 118 118 117 117 118 119
 119 118 117 117 116 117 119 122 123 123 122 121 122 123 123 122 124 125
 129  29]","[ 30  29 147 149 147 150 151 151 151 150 150 151 152 152 152 152 153 154
 153 150 151 153 154 154 151 151 151 150 149 147 149 153 157 156 156 158
 160 159 157 155 154 154 155 155 153 153 156 159 157 157 157 158 158 157
 156 156 157 164 172 177 179 179 176 172 168 166 165 163 158 155 154 153
 147 148 150 152 152 154 155 153 149 144 130 123 140 166 172 172 175 179
 181 181 180 178 176 176 179 177 175 175 175 174 172 171 167 164 162 160
 157 155 153 148 144 139 133 125 118 112 105  97 105 113 126 131 131 130
 127 127 130 130 130 130 128 126 125 125 125 125 126 125 123 123 124 124
 123 123 124 124 123 122 122 122 122 122 120 117 117 120 122 123 122 121
 120 120 121 122 122 121 121 119 118 118 119 119 118 118 117 118 118 118
 116 115 117 119 118 118 119 122 124 124 123 121 122 122 123 122 124 125
 129  28]","[ 29  27 151 156 155 157 156 153 153 153 153 155 156 157 157 158 156 157
 157 155 156 157 155 151 153 154 158 160 156 154 156 156 154 155 158 160
 161 160 159 158 157 158 157 155 154 154 156 158 157 157 158 159 159 157
 156 155 161 168 175 179 180 181 180 178 171 166 163 161 158 156 158 159
 154 153 155 155 154 154 155 153 155 149 138 132 147 164 169 171 177 181
 182 180 179 177 177 178 179 177 175 174 174 172 170 168 166 163 161 158
 155 152 149 144 138 136 132 124 116 111 106  99 104 114 126 131 132 129
 126 127 128 129 130 131 130 128 126 125 124 124 125 125 122 122 123 123
 123 124 125 124 123 122 122 121 122 121 119 120 122 124 123 121 122 122
 122 122 122 121 119 117 116 115 116 120 122 120 118 117 117 118 118 116
 114 114 116 119 116 115 115 117 120 122 122 121 123 122 122 122 123 125
 128  28]","[ 30  29 159 163 161 161 159 159 155 155 156 158 159 159 159 160 155 159
 161 160 160 160 158 154 157 156 159 159 155 155 157 156 155 153 153 155
 158 159 159 159 158 158 158 155 153 154 155 155 156 155 155 156 157 156
 155 154 160 167 175 179 181 181 180 179 176 168 163 161 159 158 159 160
 159 157 156 156 154 153 154 153 153 144 140 145 161 171 170 170 176 180
 181 179 177 176 176 177 176 174 173 173 172 169 166 164 161 159 159 157
 155 152 149 144 137 134 129 122 115 112 106  99  96 110 123 129 131 128
 127 129 127 128 129 130 130 129 128 127 125 124 124 124 122 122 123 122
 122 122 123 123 123 122 121 121 122 122 123 123 124 125 124 122 122 123
 124 123 122 120 117 115 116 115 117 121 122 120 117 115 117 116 116 115
 114 114 116 118 116 115 115 117 120 122 123 122 122 121 122 123 125 125
 128  28]","[ 28  32 163 162 159 158 158 162 158 158 159 161 162 161 161 160 158 158
 159 159 162 164 162 158 155 154 156 155 153 154 157 155 154 154 156 157
 157 158 159 160 157 157 156 155 153 154 154 154 156 155 154 155 155 155
 155 155 156 162 171 178 181 180 178 176 175 168 163 163 161 160 160 159
 160 158 157 156 154 154 155 155 148 139 140 152 165 174 173 175 178 183
 184 181 178 175 173 172 173 172 172 171 170 167 164 162 160 159 158 157
 154 152 148 144 138 132 126 120 116 112 105  97  96 114 125 130 132 130
 130 131 130 130 129 129 129 130 130 130 126 125 124 124 122 123 123 122
 121 121 122 122 123 122 122 122 122 124 125 124 122 120 122 124 123 123
 123 121 120 119 117 116 116 115 116 117 119 118 117 117 115 114 114 114
 114 115 116 117 116 117 119 121 123 124 123 122 122 122 124 126 129 128
 130  29]","[ 28  29 158 153 155 155 154 158 160 160 160 162 162 161 160 160 163 161
 159 159 161 162 158 154 154 154 155 155 154 157 159 157 156 158 161 161
 158 156 157 159 155 155 155 155 154 154 154 154 156 154 154 154 155 155
 155 155 157 161 168 177 182 182 179 177 172 168 165 166 165 164 164 162
 161 158 158 158 156 155 156 156 152 145 148 160 161 169 171 177 181 186
 187 183 179 176 173 171 171 171 170 169 167 163 161 160 158 157 156 154
 149 146 143 139 134 128 123 118 113 108 102  96 104 122 128 131 132 130
 131 131 131 131 130 128 129 130 130 129 127 125 125 124 122 123 124 123
 122 122 122 122 123 123 123 123 122 123 124 123 120 119 121 124 123 122
 121 120 120 120 119 117 115 115 114 114 116 118 119 118 116 114 114 114
 114 115 116 117 114 116 118 120 121 121 121 121 123 122 124 126 129 128
 130  30]","[ 29  30 155 151 160 162 158 158 160 159 159 160 161 160 159 159 158 159
 161 162 160 158 158 158 159 159 157 155 154 158 161 162 163 161 159 158
 157 156 155 155 154 154 154 155 155 154 154 155 155 154 153 154 155 155
 155 154 158 159 164 173 179 180 178 175 171 167 165 165 163 163 163 161
 161 159 159 159 157 155 155 154 151 148 155 169 164 173 176 180 181 185
 185 180 178 177 175 175 170 170 169 167 163 159 157 157 158 157 156 153
 148 145 143 140 132 129 127 122 114 107 104 103 107 125 128 128 130 130
 131 130 129 130 129 128 128 129 128 126 126 125 125 124 122 122 124 124
 123 122 122 122 122 122 122 122 124 122 122 122 123 123 123 123 123 122
 121 121 122 122 120 118 116 117 116 115 115 117 118 117 117 116 114 114
 114 114 115 116 116 118 120 121 121 122 123 124 124 122 121 123 125 125
 128  29]","[ 29  29 156 157 162 163 162 163 161 160 159 161 161 159 158 157 159 158
 160 162 160 157 157 160 159 159 158 158 158 158 159 160 160 158 157 157
 158 157 155 153 154 152 151 151 153 154 154 155 155 155 155 155 154 155
 155 156 158 158 160 165 172 179 179 176 174 171 168 165 164 164 163 161
 162 160 160 163 161 156 154 155 152 145 162 168 168 172 176 178 183 186
 186 182 179 178 177 175 171 167 164 164 162 158 157 159 158 156 154 150
 148 148 145 139 129 122 123 122 116 110 105 103 106 123 129 129 130 129
 129 131 134 131 129 130 129 126 124 123 124 125 125 123 122 122 123 123
 124 122 122 124 123 121 120 121 121 122 122 122 123 122 121 123 122 122
 122 122 123 123 122 120 118 117 117 117 117 117 118 120 116 117 118 117
 116 115 115 116 117 120 120 119 119 121 122 122 125 124 124 124 125 125
 129  30]","[ 29  29 158 159 163 163 161 161 162 161 162 162 161 160 160 161 159 158
 159 159 157 154 155 158 160 159 159 160 160 160 160 160 161 159 159 159
 160 159 157 155 153 152 152 154 154 154 154 154 155 154 154 155 157 158
 157 156 158 158 158 161 168 176 179 178 174 172 169 166 164 164 163 162
 162 163 164 163 161 160 157 154 153 149 171 175 171 173 175 179 181 183
 184 183 180 178 176 174 171 168 165 164 162 159 157 158 154 154 153 150
 147 145 140 133 126 120 120 120 117 112 106 104 115 129 132 130 131 129
 129 130 133 131 129 129 128 126 124 123 123 124 124 123 122 123 124 125
 124 122 122 123 124 122 122 122 123 123 123 123 124 123 122 123 123 123
 122 122 122 123 123 122 117 116 116 117 117 118 118 118 118 118 119 118
 117 116 116 116 119 122 122 120 118 120 122 122 124 123 124 123 124 125
 128  29]","[ 29  30 160 161 163 162 159 158 156 159 162 164 163 160 160 161 160 158
 157 157 154 152 154 158 159 159 159 161 162 161 161 160 160 159 159 160
 160 159 156 154 152 153 154 155 155 154 153 154 155 154 153 155 158 159
 157 155 155 157 160 163 170 176 178 177 175 174 170 167 165 164 163 162
 161 166 167 163 162 164 160 154 154 153 179 179 173 173 173 180 182 182
 183 183 181 178 176 175 173 170 167 164 160 157 155 153 152 152 153 150
 146 143 138 131 127 121 119 118 116 110 101 100 122 131 131 129 130 129
 130 130 132 131 129 128 127 127 126 125 123 124 124 124 124 125 126 126
 124 122 122 123 124 123 123 123 122 123 122 122 123 122 121 122 123 123
 123 123 123 123 122 120 116 115 116 117 118 118 118 117 117 117 117 117
 116 116 115 115 120 122 122 120 118 119 121 122 123 124 125 123 124 125
 129  28]","[ 30  29 161 162 162 161 159 158 154 158 162 163 161 159 158 159 159 158
 157 156 155 154 157 160 159 159 159 161 163 162 161 160 160 159 159 160
 159 157 153 152 154 155 155 155 154 153 154 156 155 155 154 155 157 157
 156 154 153 155 159 164 170 175 176 175 176 175 172 169 166 164 163 162
 161 169 171 167 165 167 164 157 157 156 181 179 173 174 173 182 185 184
 182 181 179 176 175 175 170 168 165 160 156 155 152 149 151 150 149 147
 144 142 138 132 130 126 122 118 115 107  97  98 123 130 129 129 130 131
 133 132 131 131 130 129 128 129 129 129 125 125 126 126 126 127 127 126
 125 123 122 123 125 124 123 122 123 123 122 122 123 122 121 122 122 123
 124 124 124 123 120 117 115 116 116 117 118 118 118 117 116 116 116 116
 116 116 116 116 120 122 123 121 119 119 121 123 124 126 128 126 126 128
 130  29]","[ 30  29 160 161 159 159 159 158 161 162 161 158 156 156 158 160 159 158
 158 158 157 157 159 162 160 159 160 161 162 162 161 160 160 159 159 159
 158 156 153 151 154 156 157 157 156 155 156 159 158 158 158 157 155 154
 154 155 155 154 154 157 164 170 173 174 173 174 173 170 166 164 163 162
 164 170 174 172 170 169 167 162 159 158 179 179 177 178 176 181 185 183
 181 180 176 173 171 171 163 162 159 155 153 153 151 148 147 145 144 143
 142 141 137 132 131 128 125 120 116 108 101 105 126 131 131 132 132 131
 133 133 131 132 131 130 129 130 131 131 128 128 127 128 129 129 126 124
 124 123 123 124 125 125 123 122 124 124 123 123 124 123 122 123 122 123
 123 123 123 122 119 116 116 118 119 118 116 116 117 117 115 116 117 116
 116 116 118 119 121 122 123 122 121 121 122 123 125 128 130 129 130 130
 132  29]","[ 30  28 160 160 156 157 159 159 162 161 160 158 157 158 159 160 159 158
 159 159 159 159 160 161 161 160 159 160 161 160 160 160 159 159 158 158
 158 156 154 153 154 156 158 159 158 157 158 159 160 160 160 158 155 154
 155 156 157 154 153 155 160 167 172 174 171 172 172 170 167 165 164 164
 165 169 173 173 172 169 167 164 160 159 176 179 181 181 177 178 182 182
 182 180 176 172 168 167 162 160 157 154 152 152 150 147 145 143 143 143
 141 140 136 131 131 129 128 123 116 110 107 113 131 134 134 135 133 130
 131 130 132 131 131 130 130 130 130 130 132 131 130 130 130 130 127 123
 124 123 123 124 125 125 125 124 123 123 122 122 124 123 122 123 123 122
 120 119 120 120 119 117 118 120 121 118 115 115 116 116 115 116 117 116
 114 114 117 120 121 122 122 122 122 121 122 122 124 126 129 129 130 130
 131  28]","[ 29  28 161 161 156 156 160 159 158 160 161 161 161 161 160 159 159 159
 159 160 161 161 161 161 161 160 158 158 158 158 158 159 159 158 157 158
 157 156 155 155 156 156 157 158 157 156 156 156 159 159 158 157 156 155
 156 157 158 156 156 157 162 167 171 174 173 174 174 171 167 166 166 166
 165 167 170 173 174 172 168 166 162 162 173 177 181 179 178 176 180 182
 182 179 176 173 170 167 164 162 159 156 154 152 148 145 146 144 144 144
 141 139 137 134 132 129 129 124 115 110 111 118 133 134 134 136 133 130
 131 129 132 130 129 130 130 129 129 129 132 132 131 130 129 128 126 124
 124 124 123 123 124 125 126 125 123 123 122 122 124 124 122 123 124 121
 118 117 119 121 121 120 119 121 121 118 116 116 116 115 115 117 117 115
 111 111 115 120 121 120 120 121 122 122 122 122 122 123 125 127 129 129
 130  28]","[ 29  28 162 162 156 156 160 159 161 163 163 161 160 161 160 159 158 158
 159 161 162 163 162 161 161 159 157 156 155 155 157 159 160 159 158 158
 157 157 157 157 158 157 156 155 154 154 153 154 157 156 154 155 156 156
 156 155 160 158 157 157 160 165 171 176 176 177 176 172 168 167 167 168
 167 168 170 174 178 178 174 169 165 166 172 176 179 177 179 176 179 181
 181 178 174 173 172 170 164 162 159 158 156 152 148 145 146 145 144 143
 139 137 137 136 134 129 130 125 115 112 115 121 133 133 132 135 134 132
 134 131 131 129 128 130 130 128 128 130 129 130 130 128 126 125 124 124
 126 125 124 123 123 125 126 126 125 125 124 124 127 126 125 126 124 121
 118 118 121 124 124 122 118 119 119 117 117 118 117 116 117 119 120 116
 111 110 115 120 121 119 118 120 122 123 123 123 123 122 124 127 130 130
 131  30]","[ 29  29 160 160 160 160 160 159 161 160 158 158 160 160 159 160 159 157
 159 161 161 162 162 160 161 159 159 158 156 153 154 156 158 159 159 158
 157 159 161 162 160 157 153 155 156 153 154 154 154 154 153 154 154 154
 154 154 157 154 154 155 159 164 170 180 180 180 178 175 172 171 171 169
 170 168 172 178 181 182 178 171 168 168 168 172 172 179 178 176 176 178
 176 173 173 174 172 166 161 160 159 157 155 154 153 152 152 149 146 143
 140 138 138 139 138 136 129 124 116 104 119 128 131 133 133 133 135 134
 131 130 131 128 126 126 129 130 130 128 127 127 127 126 125 125 126 126
 130 128 126 125 125 125 125 124 123 122 123 126 127 125 123 122 123 122
 120 119 121 124 124 122 120 120 117 115 118 123 123 119 122 121 118 115
 113 113 116 120 118 117 119 122 122 123 124 124 126 125 125 126 130 132
 133  29]","[ 29  29 161 162 161 159 157 155 153 155 157 159 161 160 160 161 159 157
 158 159 160 160 161 159 161 160 161 162 159 155 154 154 159 159 158 157
 158 160 162 162 157 154 151 155 157 154 155 154 156 154 153 152 152 154
 155 155 155 154 155 155 156 159 166 179 180 180 179 176 174 173 171 169
 168 170 174 177 179 181 179 175 169 170 170 174 172 178 179 179 177 176
 174 171 173 174 169 162 160 159 159 158 157 156 155 154 157 154 151 147
 145 143 141 140 139 138 127 116 108 105 121 129 135 136 135 134 136 135
 131 130 130 128 127 127 130 131 130 129 128 128 127 125 125 126 126 126
 130 127 124 123 124 126 125 123 122 122 122 122 121 120 120 122 123 123
 121 121 122 124 124 122 121 121 118 115 117 120 121 119 117 117 117 115
 115 116 119 121 120 119 120 121 121 122 124 125 127 128 129 129 133 136
 136  30]","[ 29  29 162 162 161 159 157 156 159 162 164 164 163 160 158 160 161 158
 158 159 159 160 162 161 159 160 162 164 162 159 157 157 159 158 157 156
 157 160 161 161 162 158 154 159 160 154 153 151 155 154 154 155 155 154
 154 154 154 153 155 155 155 158 165 178 179 180 180 179 178 177 174 171
 170 174 175 176 180 182 180 179 171 170 169 172 173 178 180 179 178 177
 175 174 174 173 167 161 158 158 158 158 158 156 155 154 156 155 152 149
 148 147 145 143 145 145 130 117 108 114 130 136 138 139 137 136 136 135
 132 130 131 130 129 130 131 131 131 130 129 129 128 125 125 128 128 126
 130 127 124 124 126 127 125 122 121 122 123 120 118 118 120 122 122 123
 122 122 122 123 123 123 123 121 118 116 116 117 118 118 117 118 117 115
 115 118 120 120 122 120 120 120 119 120 122 123 126 128 130 130 132 135
 135  30]","[ 29  29 161 161 160 160 160 160 160 162 163 162 161 158 158 160 162 159
 158 158 158 159 161 162 158 159 160 162 161 159 159 159 158 157 155 155
 156 157 158 158 158 153 150 156 159 155 154 154 155 154 155 156 156 154
 152 152 155 152 153 153 156 159 164 175 176 178 180 180 179 177 175 172
 174 177 174 174 180 183 180 178 173 169 167 170 174 180 181 179 177 178
 179 179 176 172 167 163 159 159 158 158 157 156 155 155 153 153 151 148
 147 148 147 144 142 143 128 117 111 121 132 136 136 139 139 137 137 135
 132 131 133 131 131 131 132 131 130 130 131 131 129 126 127 130 129 126
 129 128 127 127 128 128 125 122 121 123 124 122 121 122 122 122 121 122
 122 122 122 122 123 124 124 121 119 118 117 117 117 117 118 118 116 113
 112 116 120 121 123 121 121 120 117 117 120 121 124 125 128 128 129 129
 130  29]","[ 29  29 160 160 160 161 161 161 158 159 159 159 160 159 158 160 159 157
 158 159 158 158 159 158 158 159 159 159 158 156 155 155 157 156 156 156
 156 156 157 157 156 151 148 154 158 156 158 158 156 154 153 154 153 152
 153 155 155 152 152 152 154 157 161 171 173 177 180 179 177 175 173 171
 174 176 173 172 178 181 179 178 177 173 172 173 176 179 181 180 178 178
 179 179 176 173 170 168 164 162 161 159 158 157 158 158 156 156 153 149
 147 147 146 144 137 135 123 116 113 123 130 133 132 137 139 138 137 134
 131 131 133 131 131 132 131 130 129 131 131 131 129 128 130 132 131 128
 127 128 129 128 127 126 125 124 123 124 123 122 123 124 124 121 122 122
 122 122 122 122 123 124 123 121 119 120 120 118 117 117 115 115 114 111
 110 114 119 122 123 121 122 121 118 118 120 120 123 123 125 127 126 124
 126  29]","[ 30  29 160 161 161 160 159 157 160 160 159 160 162 160 158 158 157 157
 160 162 161 159 158 156 158 159 159 159 158 156 154 153 158 157 157 158
 158 157 157 158 161 157 153 155 156 155 156 157 155 154 155 156 156 154
 154 156 155 154 155 153 153 153 157 168 174 178 181 179 176 173 172 171
 171 173 174 175 177 179 180 182 179 177 179 178 178 176 180 181 180 177
 174 174 175 175 173 172 168 166 163 161 160 160 160 161 159 158 155 151
 149 148 146 144 138 131 120 116 117 126 131 134 132 137 139 138 137 134
 131 131 131 130 130 132 132 130 129 131 130 130 129 130 133 134 132 129
 126 127 128 127 126 126 127 128 127 125 122 121 123 125 125 123 125 124
 123 123 123 123 123 123 122 121 120 121 122 120 118 117 113 114 114 113
 112 113 116 119 122 121 122 123 121 121 122 122 123 122 124 126 125 122
 126  29]","[ 29  29 160 162 162 161 158 155 157 157 157 159 162 161 159 160 160 159
 161 163 162 161 160 158 159 160 160 161 160 160 159 157 159 157 157 158
 159 159 159 159 157 156 153 153 154 153 155 155 154 154 157 160 159 155
 153 153 155 154 155 154 153 154 157 167 174 178 180 178 176 174 173 173
 172 172 175 178 178 179 182 183 181 179 182 181 181 178 182 181 181 178
 174 173 174 176 175 173 170 169 166 164 162 162 162 162 161 157 154 152
 151 149 146 143 137 127 118 113 119 127 134 136 136 139 139 138 138 136
 133 132 131 130 131 134 134 131 130 130 131 129 130 132 134 132 129 127
 126 126 126 126 128 129 129 128 128 125 123 122 123 124 126 127 127 124
 123 124 124 123 122 122 120 121 122 122 122 121 119 118 114 114 114 116
 116 115 115 116 120 119 121 123 122 122 123 123 123 122 123 123 125 126
 128  28]","[ 30  29 160 162 162 162 159 157 160 160 159 160 162 162 161 162 162 160
 160 160 159 159 161 161 162 162 161 161 161 161 161 160 159 156 155 157
 159 159 159 159 157 158 155 154 154 153 155 154 155 155 156 158 157 153
 151 153 156 152 152 152 155 157 159 166 172 175 177 176 175 175 175 175
 175 171 174 179 179 180 181 180 182 178 180 181 186 183 185 182 179 179
 178 176 175 176 175 173 172 171 169 166 164 163 162 162 163 158 153 152
 152 149 143 139 137 126 118 111 121 129 137 137 140 140 139 138 139 138
 135 134 132 131 133 136 136 132 130 130 132 130 130 133 134 130 126 124
 126 125 125 127 130 131 129 125 126 124 124 124 124 123 126 129 126 123
 122 124 125 124 122 121 119 121 123 122 121 120 119 118 114 112 113 117
 118 116 115 116 119 118 119 121 121 121 122 122 123 123 123 122 126 129
 131  28]","[ 30  29 160 160 160 161 160 158 158 160 162 162 161 161 161 162 160 161
 161 161 162 160 159 162 161 161 160 160 160 160 160 161 159 157 156 156
 158 160 159 158 154 159 157 155 154 152 154 154 153 154 154 155 157 158
 156 154 153 151 151 153 154 154 157 160 172 178 177 174 176 175 174 179
 178 177 175 175 178 180 180 181 180 179 179 182 186 187 185 181 180 179
 179 179 178 176 174 175 172 170 168 167 165 162 161 162 161 158 155 154
 153 150 143 138 131 126 112 106 123 134 140 136 138 139 138 137 136 133
 133 136 137 135 134 135 135 133 132 132 130 129 130 133 132 128 124 124
 123 125 127 127 128 129 128 126 123 122 122 122 122 123 125 126 124 123
 122 123 124 125 124 123 121 120 121 122 121 120 119 116 114 114 115 117
 118 117 116 116 118 118 119 121 123 122 121 121 121 121 121 122 128 129
 130  30]","[ 29  29 159 160 161 163 162 160 159 160 161 162 162 161 161 161 159 160
 160 160 161 159 158 160 161 160 159 159 160 160 160 160 161 159 157 157
 157 158 157 157 156 159 156 154 154 154 156 156 154 155 155 155 156 158
 156 154 153 151 151 152 153 153 155 158 172 180 180 176 177 176 175 178
 178 179 177 177 179 179 179 180 180 180 181 183 187 189 187 185 182 180
 179 179 179 178 176 175 174 172 171 169 166 163 163 164 161 159 160 157
 151 146 142 137 133 119 107 109 132 134 138 137 141 141 138 135 133 131
 133 137 138 137 136 136 135 133 132 132 131 130 132 135 135 132 128 126
 126 126 125 125 127 128 127 125 121 122 122 123 123 123 124 125 124 123
 122 123 125 125 124 122 123 121 122 123 120 117 118 118 115 115 114 115
 115 116 116 116 115 115 117 119 122 123 123 122 121 121 120 121 127 129
 130  29]","[ 29  29 160 161 161 163 164 163 162 161 161 162 162 162 162 161 160 161
 161 161 162 160 159 162 161 159 157 158 159 160 159 159 160 159 158 157
 157 158 158 159 157 159 155 153 155 156 159 159 155 155 155 155 156 157
 156 154 153 153 153 155 155 154 155 157 166 176 179 178 179 180 179 181
 178 179 179 179 181 180 179 180 180 181 182 184 187 188 188 186 183 181
 179 179 180 181 178 175 173 173 171 169 166 164 163 164 161 160 162 160
 151 145 142 135 127 112 104 110 136 133 137 139 140 141 140 138 136 133
 133 136 137 138 137 135 133 133 133 132 133 132 133 134 135 133 130 128
 128 126 124 124 126 129 128 126 121 123 125 126 125 124 124 124 125 123
 122 123 125 125 124 122 119 119 122 124 121 117 119 121 116 115 115 114
 115 116 116 116 113 114 115 117 121 125 125 123 121 121 121 122 127 129
 130  29]","[ 28  30 163 163 161 162 164 166 164 163 162 162 163 164 163 162 159 160
 159 159 159 158 159 162 161 159 157 158 159 159 160 161 160 159 158 157
 157 158 159 160 162 163 158 154 154 153 154 154 155 155 154 155 157 158
 156 153 153 154 156 158 158 157 156 157 164 174 179 178 178 179 177 177
 176 176 176 178 180 180 178 180 180 181 182 183 185 187 185 183 181 181
 180 179 180 181 179 174 172 171 170 169 167 165 163 163 162 157 159 159
 151 147 142 131 121 113 107 112 133 132 137 139 139 140 140 140 139 136
 134 136 136 137 136 133 132 133 134 133 134 133 131 130 130 131 129 125
 129 129 127 125 125 126 127 125 123 125 128 128 127 125 124 124 126 124
 122 122 124 125 124 122 121 120 124 127 121 115 114 116 115 115 116 116
 116 116 116 115 113 114 115 116 119 124 124 121 120 121 122 122 125 127
 128  29]","[ 28  30 162 162 161 162 164 165 164 162 161 162 163 164 164 163 161 160
 159 158 159 158 158 161 161 160 159 158 159 159 161 163 162 161 160 158
 157 157 157 158 158 161 158 155 154 153 154 153 157 155 155 157 160 160
 157 154 153 154 156 158 158 157 157 157 161 170 176 176 176 177 175 173
 173 172 171 174 178 178 178 179 182 181 181 183 185 186 183 180 179 180
 180 180 181 181 179 175 172 172 171 170 169 167 164 161 160 155 157 157
 151 149 143 131 123 119 110 116 129 134 136 139 140 139 138 138 139 137
 135 136 136 136 134 132 132 135 136 135 134 133 131 129 129 130 127 123
 128 130 129 126 123 122 123 124 124 126 128 127 126 124 124 124 126 124
 122 121 123 123 123 122 123 121 123 125 119 113 111 112 112 114 114 114
 114 115 115 114 114 115 115 114 116 119 119 117 118 120 122 121 123 124
 127  29]","[ 29  29 159 161 162 164 164 162 163 162 161 162 163 164 164 163 163 162
 160 160 161 160 159 161 161 160 160 160 159 160 161 163 162 161 160 159
 158 158 157 157 155 159 158 157 157 156 156 156 156 155 155 158 160 159
 156 154 155 155 155 154 155 156 157 159 157 163 169 173 174 175 175 173
 172 171 170 174 178 179 179 181 184 184 183 184 186 187 185 181 180 181
 181 181 181 180 178 176 173 172 172 171 170 168 164 160 159 158 160 159
 152 150 145 136 127 121 107 117 130 137 137 140 139 139 138 139 141 138
 134 132 133 134 133 133 133 134 135 135 132 133 132 131 132 131 128 125
 126 129 130 127 124 124 125 126 124 125 125 125 123 123 123 124 125 123
 122 121 121 122 122 122 122 119 119 120 116 113 113 113 112 112 112 110
 110 112 114 114 116 116 116 115 115 117 117 116 117 120 122 121 123 123
 127  30]","[ 29  29 159 160 161 163 163 162 164 163 163 163 163 163 163 162 162 161
 159 160 162 160 158 159 161 160 160 161 161 161 161 162 160 159 159 160
 161 161 160 158 160 163 160 159 158 156 155 153 155 155 156 158 158 156
 154 153 155 155 154 153 153 154 156 158 159 161 166 171 172 173 172 169
 172 173 174 178 182 182 182 186 188 188 187 187 188 189 187 185 182 181
 180 181 180 178 176 175 172 173 172 171 169 167 164 162 161 162 162 159
 154 150 145 138 128 120 107 114 131 139 138 139 137 138 139 141 143 138
 132 130 131 132 134 135 134 132 132 133 132 132 132 132 132 132 130 128
 126 128 129 127 126 127 127 127 124 124 124 123 122 122 123 124 124 124
 123 122 122 122 122 122 122 119 118 117 114 111 112 112 113 113 112 109
 109 112 114 115 116 116 117 116 115 116 117 119 119 121 122 122 124 124
 127  29]","[ 29  30 162 161 158 159 161 163 166 166 165 164 163 162 161 161 162 161
 160 162 165 163 160 160 160 159 159 161 162 162 161 160 160 159 159 161
 162 162 160 158 158 160 157 157 159 158 158 156 156 156 158 159 157 154
 153 154 153 154 153 152 152 153 154 155 158 158 163 169 172 174 174 172
 171 174 177 182 185 184 185 190 192 191 190 189 189 189 189 188 184 181
 179 180 179 177 175 174 172 173 173 171 168 167 166 164 162 163 161 157
 154 150 143 136 128 123 112 113 130 137 139 136 138 138 137 138 139 136
 132 132 130 133 136 138 135 131 131 133 132 131 130 130 130 131 131 131
 130 130 128 127 126 127 125 123 126 125 124 123 122 122 123 124 125 125
 125 125 123 123 122 122 116 115 116 116 114 114 115 114 114 115 114 111
 110 113 115 115 115 115 116 116 115 115 118 121 121 122 122 121 124 124
 126  27]","[ 30  28 162 159 159 160 162 163 165 164 163 163 164 165 164 162 163 162
 162 163 165 165 164 162 160 161 161 161 163 164 162 160 161 161 161 162
 163 163 162 160 161 161 159 158 159 161 159 156 158 159 158 156 154 153
 154 154 154 154 154 153 154 154 154 153 154 155 158 167 174 173 171 171
 171 173 176 178 181 184 188 191 193 193 192 190 188 188 189 189 182 180
 179 180 180 177 174 173 173 173 172 171 169 166 164 164 161 158 158 161
 157 148 141 135 132 124 116 113 128 135 136 139 139 138 137 138 139 136
 133 131 133 134 135 136 135 133 132 132 133 130 128 129 129 128 128 130
 131 131 128 125 124 123 122 123 123 125 125 123 121 122 124 124 122 125
 127 124 122 123 123 118 117 116 116 116 114 114 114 113 116 116 115 114
 114 115 115 115 115 115 116 119 119 118 118 119 121 121 122 123 124 127
 126  29]","[ 29  28 163 160 161 161 162 163 165 165 164 163 164 165 165 165 163 162
 162 162 163 164 163 160 159 161 163 163 164 164 163 162 161 162 162 162
 162 163 162 161 160 160 158 158 159 161 160 157 156 157 156 155 155 155
 155 155 153 154 154 154 154 155 155 155 153 151 155 163 169 168 167 166
 168 170 174 177 179 183 187 190 191 192 191 188 186 185 186 187 186 183
 180 179 177 174 172 172 174 174 174 173 171 168 165 164 163 162 161 162
 155 146 141 136 132 123 117 115 129 135 137 139 138 137 137 138 139 137
 134 133 135 136 137 136 134 133 132 133 132 130 128 128 126 125 126 128
 130 130 128 125 124 122 121 122 122 123 124 123 123 124 125 125 125 127
 129 127 122 121 121 120 119 117 116 116 115 116 117 116 117 116 115 113
 112 114 115 116 119 118 116 117 118 119 118 118 119 120 121 121 121 124
 124  29]","[ 29  29 164 161 162 162 163 163 163 164 165 165 165 166 166 165 165 166
 164 163 164 166 165 162 160 162 165 165 164 164 164 163 163 163 163 162
 162 162 162 161 160 159 159 159 160 162 161 158 161 160 158 157 155 154
 152 150 153 153 154 154 153 153 154 155 154 151 157 165 165 163 164 165
 164 166 170 174 177 181 186 189 187 187 186 184 182 182 184 186 185 182
 179 177 176 174 172 173 173 173 173 174 173 170 167 164 163 163 162 160
 152 142 139 137 130 119 114 113 125 133 137 139 138 138 138 137 137 136
 136 136 136 139 139 135 133 133 133 133 130 130 129 129 126 124 125 127
 128 130 128 125 124 122 121 122 121 122 123 124 125 127 127 125 124 121
 121 124 123 122 121 121 120 118 117 117 116 117 118 117 116 116 115 112
 111 112 115 118 117 116 114 114 117 119 118 116 118 120 121 121 119 122
 123  30]","[ 29  29 164 161 162 162 162 162 162 164 166 167 168 167 165 163 164 165
 165 163 163 165 165 162 163 164 166 166 166 164 163 163 162 163 164 163
 162 162 161 161 160 161 161 161 161 162 161 160 161 159 158 158 157 155
 153 151 152 152 153 153 151 150 151 153 151 150 158 164 159 156 159 162
 162 164 167 171 176 181 185 188 188 186 183 180 179 179 182 185 181 179
 178 178 177 174 173 172 172 171 171 172 173 171 167 163 162 161 159 158
 150 141 139 136 129 116 111 110 121 131 138 140 140 140 138 136 135 136
 137 139 138 140 139 135 133 135 135 133 130 131 132 132 129 126 126 126
 127 128 126 124 124 123 122 124 123 123 123 123 125 126 126 124 121 115
 115 119 122 123 123 121 121 119 119 118 115 115 116 115 114 114 113 111
 109 111 114 116 116 116 116 116 119 122 121 117 118 119 120 120 119 120
 121  29]","[ 30  29 164 161 162 162 162 162 164 165 166 167 168 167 164 161 163 165
 165 164 163 164 165 164 166 166 166 167 166 165 163 161 160 161 162 162
 162 162 162 162 160 161 162 162 162 162 162 161 161 158 157 157 158 156
 153 151 151 152 153 153 151 150 151 153 154 153 160 166 162 160 163 164
 164 164 165 168 173 179 183 185 190 187 184 182 180 179 180 181 180 178
 177 177 176 173 171 171 172 171 170 170 171 171 167 162 161 160 157 157
 152 146 143 138 130 118 112 110 120 131 139 141 140 140 139 137 135 137
 138 139 137 139 137 134 135 138 137 133 131 132 132 132 131 129 128 127
 126 127 125 123 124 124 124 126 125 125 124 122 123 124 123 122 120 119
 120 120 120 122 123 123 120 119 120 119 116 115 115 115 111 112 112 110
 108 109 111 113 116 116 115 115 117 119 119 117 118 116 117 119 119 120
 120  27]","[ 29  29 165 162 163 163 163 163 165 164 163 163 165 165 164 161 163 165
 166 166 165 165 166 167 167 165 164 165 165 164 161 159 158 159 160 160
 161 162 162 163 160 160 161 161 162 162 162 162 161 158 156 157 156 154
 151 149 153 153 153 154 153 151 153 155 154 151 154 159 161 163 164 162
 167 165 164 165 168 173 177 180 185 184 183 183 182 180 178 178 179 177
 176 175 174 172 172 173 173 172 169 168 170 170 166 162 161 160 157 158
 155 150 147 141 130 121 115 110 120 130 136 137 138 139 139 138 138 138
 138 137 136 137 135 133 135 139 138 133 132 131 130 130 129 129 128 128
 128 128 126 124 125 126 127 128 128 128 126 124 124 124 123 121 122 122
 122 120 119 122 123 121 117 117 119 119 116 115 116 115 113 113 112 111
 110 111 111 112 113 112 111 110 112 116 118 119 118 115 115 119 121 122
 122  28]","[ 29  29 166 164 165 165 165 165 165 164 163 162 163 164 164 163 162 162
 163 165 165 164 164 165 165 163 162 163 164 162 161 160 159 160 160 159
 160 161 163 163 162 160 160 161 163 163 163 162 157 155 154 155 156 154
 153 152 154 154 154 155 154 152 153 156 156 155 154 157 162 167 168 166
 168 167 165 163 163 167 173 177 180 180 181 183 181 178 176 177 177 175
 174 174 173 172 173 174 173 171 169 167 169 170 166 162 161 160 159 159
 155 150 148 142 131 125 118 109 120 130 134 136 138 139 138 137 138 138
 137 134 134 134 133 132 135 138 137 134 131 131 130 129 128 128 128 127
 129 130 127 125 127 127 127 127 127 129 129 128 126 125 124 122 123 122
 121 120 119 122 123 120 117 116 117 118 117 116 116 114 115 114 113 112
 112 113 114 113 115 112 110 111 114 118 121 124 121 116 115 119 121 123
 122  29]","[ 29  29 166 165 167 167 167 166 164 164 164 164 165 166 166 166 164 163
 163 166 167 165 165 166 164 163 162 164 164 163 162 162 162 162 161 159
 160 161 163 164 165 162 160 161 164 165 163 161 160 157 155 156 156 153
 150 150 155 154 154 155 154 152 152 155 154 156 156 155 159 165 168 168
 170 169 167 164 162 166 173 179 180 181 182 182 178 174 174 176 177 176
 175 175 174 172 172 173 171 170 168 166 168 170 167 162 160 161 160 160
 154 148 147 143 134 130 120 109 121 132 136 139 140 139 137 135 136 137
 136 133 133 133 132 132 134 136 136 134 129 131 132 131 130 128 127 126
 129 129 126 124 126 126 124 124 125 128 130 129 127 125 124 122 122 123
 124 123 118 118 121 122 120 118 118 118 118 117 116 113 115 113 111 111
 112 114 115 115 117 113 111 112 115 117 120 122 123 117 115 119 121 121
 121  29]","[ 29  29 164 163 166 169 167 166 166 162 163 165 164 166 167 164 162 162
 164 166 167 167 166 165 162 162 161 161 162 164 165 164 164 163 161 160
 160 161 162 162 162 162 160 159 160 161 158 154 155 155 155 155 154 151
 149 148 153 154 155 154 150 148 147 149 152 152 155 156 158 166 172 170
 173 171 169 167 166 168 174 178 182 181 181 180 180 178 176 174 179 177
 174 171 170 170 170 170 171 170 169 168 168 168 165 161 161 161 158 157
 152 145 143 137 131 126 118 111 119 134 138 136 140 140 140 139 138 136
 136 136 133 133 132 132 132 133 133 132 131 131 131 130 128 127 127 129
 129 127 125 124 125 127 127 124 126 126 125 124 124 124 123 122 122 123
 123 120 118 117 119 120 117 116 115 115 116 116 115 114 115 113 112 111
 111 112 113 114 116 114 112 112 113 114 117 119 122 117 116 119 124 120
 121  29]","[ 29  30 166 160 163 164 165 170 168 164 163 163 165 167 167 165 163 163
 164 165 165 164 164 164 161 161 161 160 160 163 164 163 163 163 162 162
 162 163 163 163 162 161 158 155 155 156 157 156 153 154 155 155 154 152
 151 150 153 154 154 152 148 146 146 148 152 152 155 157 157 163 171 173
 173 171 168 166 167 171 178 184 182 181 179 179 178 178 177 176 176 174
 171 169 169 170 170 169 167 169 170 171 170 168 165 163 161 161 160 160
 153 144 142 140 131 127 120 112 117 130 137 139 142 139 136 136 137 138
 138 137 136 135 134 133 133 134 133 132 130 130 130 129 128 127 127 126
 125 125 124 124 127 130 128 125 124 124 124 123 123 123 123 122 122 122
 122 120 119 118 118 118 120 118 115 112 112 112 113 112 114 113 112 112
 112 112 112 113 116 115 115 114 112 111 113 116 115 120 114 117 124 124
 126  28]","[ 28  32 161 169 162 164 168 163 165 163 161 161 165 167 166 165 167 167
 167 167 166 165 165 166 162 163 162 161 161 162 163 163 162 162 163 163
 162 161 160 160 161 160 160 160 159 159 160 161 155 154 155 155 154 153
 154 155 155 155 155 154 151 150 151 153 154 152 154 155 154 159 170 180
 175 174 174 174 174 175 178 181 183 181 180 179 179 179 179 178 174 173
 170 169 170 171 171 169 166 168 171 172 170 166 163 163 165 161 157 159
 155 148 145 141 138 130 121 114 119 130 135 137 138 138 139 139 139 139
 139 140 138 137 135 133 133 134 133 132 130 131 130 129 129 128 125 122
 122 122 122 124 127 130 128 124 125 125 125 125 125 125 124 124 122 120
 119 118 119 119 118 116 117 117 115 114 114 115 115 116 111 111 111 112
 113 112 112 112 111 113 115 114 111 109 111 114 119 118 117 121 119 120
 124  29]","[ 28  26 168 164 165 164 166 166 165 166 165 165 170 169 166 167 168 168
 167 167 166 165 165 166 164 165 165 164 162 162 162 163 162 163 164 163
 163 162 162 161 159 160 161 162 161 159 158 159 155 154 153 151 150 150
 152 154 154 154 154 153 153 152 154 155 155 153 155 156 154 155 167 181
 182 182 183 183 181 179 178 178 181 180 180 180 180 179 178 177 174 173
 171 171 172 172 171 169 167 168 170 173 172 167 165 165 168 163 156 155
 152 147 144 138 137 128 120 114 117 127 131 135 138 138 140 140 139 137
 137 138 138 136 134 132 132 132 131 130 131 132 132 130 130 130 127 123
 122 123 122 122 123 125 123 121 124 125 126 126 125 125 124 124 122 120
 117 117 120 122 121 118 115 116 116 115 113 112 110 109 110 110 112 114
 114 113 112 112 110 112 114 113 111 111 112 115 115 112 117 115 119 124
 122  27]","[ 30  32 162 163 168 166 162 163 166 169 168 168 170 168 165 167 170 168
 167 168 169 168 167 166 163 164 165 165 163 161 161 162 162 162 162 162
 161 161 162 163 163 161 160 160 158 156 154 154 156 155 154 152 150 150
 151 153 153 152 151 152 153 153 153 153 153 153 156 159 156 154 163 176
 189 187 185 183 181 180 181 183 183 182 181 180 180 179 177 176 176 175
 173 172 173 174 172 169 166 165 167 171 172 169 165 164 163 163 159 155
 150 148 147 141 131 126 122 116 116 124 134 143 145 141 136 135 136 137
 135 134 135 134 132 130 130 130 130 128 129 131 132 131 130 131 130 128
 130 130 128 124 122 122 123 122 124 125 127 126 126 125 124 123 122 120
 118 118 121 123 121 117 118 118 118 116 114 112 110 109 109 110 112 114
 114 113 111 110 113 112 111 111 111 112 113 113 116 117 118 113 117 113
 116  31]","[ 30  29 165 170 167 166 168 165 167 169 168 168 168 168 168 170 167 166
 165 166 168 167 165 164 163 164 165 166 164 163 163 164 166 166 164 163
 161 161 161 162 162 162 162 162 161 158 155 153 155 155 155 155 154 152
 152 153 150 148 148 150 153 154 154 153 152 154 155 156 156 156 164 176
 193 191 188 185 183 183 185 188 187 185 182 180 180 179 179 178 176 175
 173 173 173 173 172 169 169 168 169 173 174 170 165 162 160 162 159 155
 151 150 147 138 132 127 123 118 119 127 136 144 143 140 137 137 138 138
 137 136 133 133 132 131 131 131 131 130 131 132 133 131 130 130 130 129
 133 133 131 126 122 121 123 124 122 123 124 124 124 123 121 120 123 123
 122 123 124 124 120 117 119 118 115 112 110 111 112 113 112 112 114 115
 115 113 111 111 113 112 110 109 112 114 115 114 114 115 117 119 117 113
 122  27]","[ 29  28 163 167 170 167 165 165 165 165 166 166 165 166 169 169 168 167
 166 168 169 168 167 166 162 162 162 163 163 162 162 163 168 167 165 164
 163 162 161 161 157 159 160 160 160 159 157 154 154 154 154 155 155 153
 152 152 149 149 149 151 153 154 154 154 154 156 154 154 156 157 163 172
 190 189 188 188 186 185 185 186 186 184 181 180 179 180 180 180 176 176
 175 175 175 175 174 172 169 170 170 171 170 168 164 162 162 161 157 154
 151 149 146 136 133 128 125 121 124 129 131 134 133 135 137 138 137 136
 136 137 132 133 133 132 132 132 132 131 133 133 132 131 130 129 129 129
 128 130 129 125 122 122 123 124 122 123 123 123 123 123 122 120 118 119
 120 120 120 119 117 114 121 119 116 113 111 111 113 113 112 112 113 113
 113 112 111 111 110 110 109 109 111 114 114 113 115 116 117 117 113 119
 115  29]","[31 28 28 31 26 29 29 30 30 28 30 31 28 29 30 28 29 28 28 29 29 29 28 29
 29 29 29 30 29 28 29 31 30 29 29 29 29 29 29 29 29 31 30 28 27 29 30 29
 30 29 29 29 29 29 29 29 30 29 29 29 29 28 28 29 26 30 29 28 30 28 27 30
 29 29 29 29 29 28 29 30 30 29 28 28 29 30 29 29 29 29 29 28 29 30 29 28
 28 30 30 29 28 28 29 29 28 30 29 29 27 28 31 29 31 30 31 28 28 30 29 29
 30 29 29 30 30 29 29 29 28 30 30 30 29 29 29 28 30 29 29 29 29 29 29 29
 28 30 31 29 28 29 29 29 29 29 29 29 29 29 29 28 28 29 30 29 29 29 29 30
 28 28 29 29 29 29 29 29 28 28 28 29 29 28 28 29 28 30 30 28 28 29 30 29
 29 28 29 29 29 29 30 29]"
