"[29 32 28 29 29 31 28 29 30 28 29 30 28 28 30 28 30 28 28 28 29 29 29 29
 30 28 28 29 30 29 29 29 29 30 28 29 30 29 28 28 31 30 27 30 29 30 28 29
 30 28 30 30 28 30 29 28 29 30 29 29 29 30 30 29 29 28 29 30 30 30 30 30
 29 29 29 29 29 28 28 30 30 30 30 29 28 30 31 28 30 29 29 29 29 30 30 30
 30 30 28 30 28 29 28 30 29 29 32 29 28 30 29 29 29 28 29 28 29 30 28 28
 28 30 28 29 31 29 29 29 28 30 30 30 28 28 31 29 28 30 30 30 31 29 28 29
 29 31 29 30 30 28 29 30 29 29 29 29 30 30 30 29 30 29 28 28 28 29 30 30
 28 30 29 29 30 29 28 30 29 29 28 29 29 28 28 28 30 28 28 29 29 29 29 31
 30 29 29 31 29 29 31 29]","[30 27 34 30 27 28 29 31 28 27 28 29 29 30 29 27 28 28 29 30 30 29 28 28
 29 29 29 28 29 29 30 30 28 30 28 26 29 30 30 30 26 30 30 31 27 29 29 30
 32 29 30 29 28 30 29 30 30 29 30 30 27 27 29 28 31 29 27 27 28 29 28 27
 30 29 28 29 29 30 29 28 28 28 30 32 30 28 29 30 29 29 28 27 28 30 30 27
 27 30 31 30 28 30 29 26 27 28 28 31 30 29 31 29 28 30 32 31 28 28 29 31
 29 30 27 29 29 26 30 28 31 29 27 30 30 28 30 27 29 29 28 26 27 28 29 31
 28 30 28 29 30 28 29 29 29 30 30 29 29 29 28 27 27 29 30 30 30 29 28 27
 29 29 28 28 29 29 29 29 28 28 29 30 30 30 29 29 28 29 30 30 31 32 29 26
 28 28 33 24 29 31 27 31]","[ 30  30  92  91  95  97  91  96  98  99  97  94  93  91  90  91  95  97
  98  98  98 100 102 103 101 102 103 101 100 100 100  99 101 105 104 102
 107 113 115 114 121 130 136 137 133 135 135 136 135 135 137 136 137 136
 132 132 141 151 177 202 218 232 241 243 243 246 246 246 246 246 245 248
 245 246 246 246 246 246 246 245 247 246 245 245 247 248 248 246 248 242
 224 202 185 173 161 150 144 141 134 123 121 123 124 121 114 116 114 116
 111 108 116 119 121 116 110 108 108 110 112 111 114 107 101 107  93  64
  50  39  24  22  20  23  25  26  25  18  18  19  18  18  18  18  16  14
  18  14  16  19  14  25  61  88 101  98  95  92  87  81  77  76  74  76
  79  79  78  76  74  72  69  66  63  61  62  65  68  67  63  66  71  76
  77  75  74  73  74  73  74  76  77  76  76  77  84  84  90 117 128 143
 148  29]","[ 28  29  90  93  96  88  91  94  94  97  94  90  90  89  90  95  96  97
  97  96  95  97  97  97  97  98 100 101 100  97  96  96  97  99  98  97
 101 105 105 104 107 114 120 125 124 130 132 134 133 134 135 135 139 140
 136 137 143 131 127 128 129 142 162 171 188 218 238 243 246 251 250 249
 252 253 253 251 251 252 252 252 251 252 252 251 252 252 253 254 250 253
 254 252 250 247 238 228 202 180 166 160 154 135 129 132 133 127 119 114
 109 109 112 111 111 108 106 110 113 115 116 110 111 111 108 114 114 113
 115 101  82  82  70  47  28  24  26  22  18  16  15  15  17  20  20  18
  17  21  19  23  39  66  93 103 102  92  86  86  82  75  72  75  75  76
  77  77  76  75  73  71  69  66  66  64  63  69  73  70  65  68  73  78
  79  79  79  80  82  80  77  77  76  76  76  75  80  96 117 146 155 150
 148  29]","[ 32  26  82  82  90  89  80  88  87  90  88  88  92  92  92  96  95  96
  97  97  98  98  97  95  90  89  91  94  95  93  93  95  98  97  95  96
  99 100  98  98 103 104 103 107 108 114 116 119 126 123 119 118 126 133
 135 141 137 127 127 129 124 124 130 130 131 141 156 174 188 193 208 232
 248 250 252 252 253 253 252 251 251 251 251 254 254 251 248 252 253 253
 253 252 253 254 254 252 254 252 249 236 226 205 184 165 153 147 143 129
 119 121 118 120 109 104 102 106 108 111 111 104 105 109 108 110 108 112
 117 104  99 103 102  97  90  81  66  45  46  37  28  21  19  22  23  19
  18  24  22  39  72  89  93  96  96  84  74  73  75  76  78  80  79  77
  75  75  76  78  78  77  67  68  71  72  72  76  78  74  73  73  74  75
  75  76  79  82  81  81  79  77  78  81  80  78  84 111 146 151 151 154
 148  28]","[ 29  28  57  60  67  66  73  79  80  81  81  84  90  91  89  88  86  85
  85  86  89  92  94  95  91  88  87  90  92  93  95  98  97  96  94  95
  99  99  96  96  97  95  93  98 100 103 101 102 108 103 100  98 105 113
 117 122 126 122 127 134 134 134 137 137 137 138 134 129 130 132 134 138
 148 165 189 210 224 235 245 253 249 254 254 250 252 254 253 254 251 250
 250 252 252 252 253 254 254 253 254 254 255 252 252 254 245 232 219 184
 154 142 124 121 120 112 112 106  97 100 105 107 103 103 106 110 107 106
 112 114 103 102  99 100 100 100 104 103 102  91  78  65  52  42  30  17
  20  20  43  85 106 102  96  91  86  78  67  61  65  73  76  74  76  73
  71  71  75  79  80  79  72  73  74  73  72  74  76  75  72  73  74  74
  73  73  75  77  80  78  80  84  84  84  95 108 131 147 153 152 151 145
 150  28]","[ 29  28  62  56  56  62  64  71  73  71  72  74  75  78  81  81  83  80
  79  81  84  86  90  94  92  90  87  85  89  94  97  97  98  96  93  92
  95  95  93  91  88  90  92  99 100 103 101 100  99  96  98  99 100 104
 104 105  99 101 110 120 125 130 137 141 139 140 140 139 139 137 134 130
 122 125 130 134 137 145 163 179 189 214 235 243 250 252 251 252 253 253
 253 254 253 252 252 252 250 253 253 252 250 252 253 254 254 252 255 246
 236 225 198 181 164 140 130 120 116 120 109  99  95 101 108 104 102 105
 103 101 110 103  98 101 103 103 106 106 105 101 101 101  95  87  72  54
  38  58  90 108  99  94  97  88  77  73  67  65  68  73  75  72  73  72
  72  74  78  82  83  82  80  79  76  73  73  73  73  74  71  72  74  76
  76  75  76  77  82  80  83  88  88  92 112 135 146 149 147 146 148 147
 147  28]","[ 28  31  67  62  61  67  71  66  71  69  67  61  54  55  64  69  67  67
  71  78  81  81  84  88  88  88  85  81  86  95  97  94  94  95  91  89
  93  98  97  94  91  95  96  96  94  98  97  97  96  95 102 103 101 102
 102 101 103 103 104 104 102 101 106 111 109 116 127 132 132 131 131 129
 125 123 124 128 128 126 126 129 126 131 142 167 196 215 230 247 251 251
 251 251 253 254 253 253 253 253 251 254 252 253 251 251 252 251 254 254
 253 254 254 252 244 220 206 175 145 136 124 122 120 118 119 112 108 105
  93  91  98  96  93  96  96  97 101 100  98  95  99 103 103 101  90  73
  71  96 101  96  99  99  90  81  69  67  68  74  75  72  69  70  69  70
  72  76  79  81  81  80  74  75  73  73  75  72  68  69  76  76  75  75
  75  76  79  81  77  82  85  86  95 114 134 145 145 150 141 140 147 146
 146  29]","[ 29  28  82  76  76  81  82  78  73  70  65  64  61  58  61  63  58  60
  64  69  74  67  62  70  84  86  79  70  74  89  95  90  88  90  85  85
  89  92  95  93  92  97  96  93  89  92  93  95  93  91  92  95  98  93
  90  97 102 100 102 102  97  97 101 102  96  96  97 100 104 108 112 115
 114 116 120 123 125 129 132 132 136 131 129 132 130 126 132 146 165 181
 203 224 242 249 251 252 253 254 251 252 254 251 253 253 251 252 253 253
 251 251 255 251 254 254 253 253 251 239 210 184 165 139 122 123 124 114
 112 103 104  99  95  88  89  89  90  89  88  95  97  99  94  96  90  88
 101 106 103  97  95  90  80  72  66  68  71  74  75  73  68  64  64  64
  68  73  77  78  80  83  78  76  75  75  76  77  76  74  77  79  82  74
  76  78  80  79  78  79  95  96 121 147 145 145 150 152 148 147 146 148
 151  29]","[ 29  31  89  88  89  91  90  85  81  75  72  70  73  75  67  62  63  65
  68  69  72  68  61  64  59  59  57  58  63  73  83  88  92  93  86  80
  78  79  84  86  88  92  93  91  85  93  97  96  92  89  89  90  93  91
  88  94  96  95  96  97  97  97  98  97  96  96  97  99 101 103 105 106
 104 103 106 110 111 114 119 123 127 131 137 143 140 128 122 125 124 124
 126 135 149 164 188 214 224 238 246 251 254 254 253 250 253 252 251 252
 252 252 254 254 253 252 251 253 254 253 252 251 244 230 212 188 162 138
 132 121 114 101 101 105 107  96  91  91  95  94  92  95  96  96 100 105
 101  98  94  91  84  74  71  75  73  75  76  76  75  71  65  59  58  59
  62  68  73  77  78  79  81  81  80  79  79  78  76  75  80  77  80  79
  80  80  79  80  78  88 109 128 146 150 145 149 150 152 150 151 150 152
 152  29]","[ 29  29  87  86  87  89  90  88  88  93 102  91  81  80  74  78  70  73
  73  71  73  70  61  60  60  57  55  55  52  48  47  49  60  64  62  62
  65  69  76  80  84  95  90  84  85  89  87  92  90  89  90  90  91  92
  92 100  97  95  92  95 100  99  93  89  89  89  90  93  95  97  99 101
 101  97  99 106 108 107 109 112 106 110 115 121 125 125 127 131 133 129
 124 130 139 136 133 140 147 158 169 180 203 228 243 253 251 252 251 254
 254 251 250 251 253 252 253 254 254 252 253 254 254 254 254 254 250 234
 212 185 173 135 121 122 116 109 109  98  98 103  98  98 103 105 106 100
 103  99  92  84  76  74  77  78  76  78  78  75  73  70  66  61  58  58
  61  68  75  80  81  81  81  82  83  83  83  81  80  78  83  83  82  79
  79  84  82  81  92 116 132 146 149 144 144 146 147 149 147 150 150 151
 150  26]","[ 30  28  85  83  82  83  85  86  88  86  89  84  85  88  80  76  75  77
  78  76  76  74  66  65  59  58  58  59  62  63  58  53  52  53  50  52
  56  58  61  62  60  72  68  67  74  79  76  83  86  85  85  84  84  86
  87  93  95  94  90  90  95  95  91  91  92  91  90  90  91  93  95  97
  99  93  94 102 105 104 104 103 105 106 104 102 104 108 110 112 119 125
 122 122 131 132 130 137 137 138 139 133 132 137 140 151 172 193 206 216
 233 249 254 253 254 253 252 250 250 252 252 252 252 252 253 250 251 250
 251 246 235 226 213 191 163 135 130 133 135 126 108 107 105 102 102 102
  98  95  88  76  72  80  83  76  76  76  75  72  72  73  72  69  62  60
  63  71  79  82  82  82  80  81  84  84  84  82  82  82  80  81  82  84
  84  93  95 100 124 147 147 147 143 142 144 144 149 149 147 150 150 152
 152  28]","[ 29  28  86  84  82  81  81  82  84  83  82  84  86  86  84  80  78  78
  80  80  79  77  73  74  68  67  65  65  70  74  72  67  63  63  57  56
  57  57  58  58  57  56  61  68  65  71  73  70  76  73  75  76  78  83
  84  87  89  91  89  87  88  87  89  94  94  92  89  89  89  90  91  92
  93  89  89  93  96  99 102 102 101 104 101  98  99 101 100  98 101 110
 106 101 110 118 127 139 139 141 144 141 140 134 122 122 123 121 121 134
 148 159 180 201 218 227 239 248 251 253 252 251 253 252 252 247 248 248
 246 239 235 233 237 233 215 198 206 209 209 173 127 112 102 100  97  94
  91  85  80  77  75  78  79  74  75  74  72  71  73  76  76  74  72  68
  69  78  84  83  81  82  81  83  84  84  83  81  81  82  81  78  83  93
  95 100 108 126 146 152 145 146 145 145 143 146 150 150 147 150 151 153
 153  30]","[ 29  28  87  85  83  82  82  83  88  86  82  86  88  84  81  77  79  78
  81  81  80  79  78  81  82  80  79  80  81  80  79  79  77  79  74  72
  68  63  61  60  57  54  57  64  61  64  64  62  57  58  65  68  68  71
  75  80  80  82  84  87  90  90  89  91  89  88  87  88  89  89  88  88
  85  87  90  89  88  90  95  97  97  99  96  93  95  98  97  96  99 103
  99  97 101  99  93  94 105 108 110 112 121 128 126 127 132 133 127 120
 117 117 124 128 126 135 152 172 189 203 218 229 237 243 248 239 236 234
 231 228 225 229 229 235 238 224 232 247 246 200 150 121 101  99  96  92
  83  79  79  80  79  75  74  74  71  71  71  73  76  78  78  77  81  77
  77  83  86  83  81  82  83  84  84  84  83  83  83  84  83  82  87  94
  99 109 123 140 145 145 145 146 145 146 144 148 147 148 146 151 152 152
 152  28]","[ 31  31  88  86  85  86  88  88  86  86  90  92  90  87  84  85  82  80
  82  81  79  80  80  83  80  80  82  84  82  79  78  79  79  82  82  84
  84  79  76  74  73  77  69  66  64  61  54  59  51  52  60  61  56  54
  55  59  63  63  66  72  78  82  85  84  86  86  86  87  88  87  86  85
  81  84  87  85  80  80  83  84  86  89  91  92  95  96  95  94  96  98
  95  95  99  99  99 102  98 104 103 101 101 102 110 119 123 122 122 126
 125 122 128 131 121 120 120 120 120 122 127 132 142 155 179 192 208 217
 222 227 230 225 223 228 231 234 248 243 215 149 111 100 100  94  87  79
  74  76  77  77  76  74  72  72  71  71  73  77  79  79  79  79  82  81
  80  82  83  81  80  80  83  83  84  84  85  85  86  87  82  87  96 101
 114 130 141 146 144 146 149 147 145 147 152 151 147 148 147 152 153 153
 152  29]","[ 29  29  88  86  86  87  87  86  82  82  92  90  88  88  83  88  86  83
  84  81  78  80  81  82  81  81  81  80  80  80  80  80  81  82  80  84
  88  86  84  81  84  86  80  75  69  69  67  71  65  58  62  65  62  59
  53  50  55  51  50  49  47  54  66  72  75  75  77  80  83  85  85  85
  85  83  81  79  75  75  78  79  83  86  89  92  95  94  93  94  92  94
  93  94 100 102  97  92  96  96  93 101 105  98 100 105 108 103 103 111
 111 109 116 121 124 128 126 118 113 115 119 119 121 117 121 121 128 134
 147 167 187 202 215 223 233 240 235 202 152 107 104  96  96  86  83  76
  73  73  72  74  77  74  71  73  77  76  78  81  80  78  79  82  83  84
  84  82  82  83  83  82  85  85  84  85  86  86  87  87  87  93 110 122
 140 147 148 144 146 144 145 147 148 147 155 147 146 146 145 149 150 150
 151  29]","[ 30  30  88  89  92  89  85  85  82  83  86  95  91  90  87  89  88  86
  87  86  83  83  85  84  84  83  83  82  81  81  80  79  79  81  79  81
  84  84  85  83  85  85  83  82  84  89  94  95  87  76  75  76  69  56
  61  62  62  58  53  50  52  56  61  65  66  65  65  68  72  74  79  87
  89  83  78  73  77  77  77  73  77  82  82  87  90  90  93  89  88  90
  88  91  98  96  91  92  93  95  96  99 102 102  99  98 100 102 103  99
  94  96  98  97  99 100 100 103 109 114 118 121 117 117 113 108 114 117
 110 107 116 141 165 183 207 206 177 135 107  99  98  98  88  80  80  80
  75  74  72  72  74  74  74  76  81  82  81  80  82  81  81  82  84  83
  83  85  88  89  87  85  88  86  86  84  89  88  89  90  93 117 136 143
 148 148 146 147 147 145 148 151 151 150 151 152 152 149 147 147 147 152
 152  29]","[ 28  28  90  92  95  93  91  88  85  88  90  94  88  88  85  85  87  86
  88  89  87  88  89  86  81  82  83  85  83  80  80  82  78  84  82  79
  77  77  80  79  81  84  84  83  84  86  88  88  84  78  79  81  78  72
  78  77  71  66  63  65  66  63  62  63  66  61  57  58  58  57  59  61
  65  60  59  62  73  78  79  75  76  75  72  69  74  82  87  92  91  90
  87  91  97  91  83  84  91  93  94  96  98  98  97  98  95  96  97  96
  96 100 102  98  96  95  93  92  95  96  96  98 103 110 115 114 116 118
 113 112 107 108 112 121 134 125 112  96  97  94  93  91  83  81  79  73
  73  71  68  67  70  72  74  76  81  83  82  82  83  82  80  81  80  82
  84  87  89  90  90  89  86  87  89  86  88  87  95 102 117 138 148 145
 145 148 147 148 150 148 150 153 152 151 152 152 152 150 148 148 147 152
 152  29]","[ 28  31 101  99  96  91  93  92  93  93  89  87  85  91  88  82  84  85
  88  90  88  88  89  88  83  81  81  85  86  82  79  79  79  83  80  79
  78  78  82  84  82  85  86  85  84  85  86  85  83  81  82  82  80  78
  83  80  79  76  76  79  81  78  73  69  66  60  59  59  55  54  56  55
  50  45  44  47  57  63  67  67  67  68  68  61  64  70  72  82  88  92
  95  99  98  89  84  88  86  90  93  96  97  95  91  91  90  92  95  96
  96  97  97  92  92  93  94  95  95  89  82  80  80  90  99  99 102 107
 108 111 106 100 103 119 127 110 100  97  93  83  83  89  85  77  75  75
  70  68  64  63  68  72  74  77  81  83  82  82  83  82  81  81  82  85
  88  90  91  90  90  90  90  87  87  87  88  87 103 122 140 151 152 146
 146 148 148 150 152 150 152 153 151 151 152 152 152 152 151 150 149 154
 154  30]","[ 28  30 111 107 100  92  96  96  90  97  98  91  84  88  91  88  86  87
  89  90  89  89  88  88  83  82  83  86  87  85  81  79  82  81  78  81
  83  79  79  81  81  82  81  79  79  82  84  84  79  80  80  81  80  79
  83  81  81  82  82  83  88  92  87  78  75  72  74  73  66  64  67  66
  68  63  59  54  53  49  50  50  45  54  58  55  58  61  62  73  86  88
  91  96  99  94  89  89  86  89  88  86  87  90  90  89  89  90  94  96
  91  88  89  90  93  94  94  96  95  90  87  87  88  90  94  93  95  98
  98 101 106  99  96 106 111  99  91  88  80  79  82  83  80  76  72  68
  66  66  64  65  69  73  75  77  80  82  82  81  81  81  82  84  87  89
  91  92  91  90  90  91  93  90  89  89  98 108 129 147 151 151 148 148
 150 149 149 151 152 150 151 152 151 150 152 152 152 154 154 153 151 155
 155  31]","[ 31  29 123 124 121 114 115 114 114 112 109 104 103 103  97  84  87  86
  86  89  94  94  91  88  86  90  93  90  86  83  81  80  84  84  80  83
  85  83  81  80  81  80  77  75  76  81  84  84  79  80  80  82  81  80
  83  84  82  83  82  81  86  92  89  82  81  79  83  82  75  74  77  76
  75  74  75  73  71  63  60  57  52  58  51  46  46  42  42  46  45  55
  63  66  67  71  77  84  80  83  81  77  79  82  82  79  83  82  86  89
  84  79  82  87  87  90  91  93  93  90  89  92  92  87  87  88  87  85
  80  80  79  81  81  88  92  86  79  73  71  74  79  79  73  67  63  60
  64  66  66  65  68  70  72  74  76  80  81  81  81  81  83  86  88  89
  90  89  89  89  90  91  91  93  94  94 110 129 143 147 155 151 149 151
 152 151 150 153 152 151 152 152 151 151 153 153 153 154 155 154 151 155
 154  30]","[ 30  29 142 145 143 139 138 138 132 130 127 121 120 119 114 103 104 100
  96  99 105 104  96  89  90  95  97  93  89  87  85  82  88  91  86  81
  81  84  89  89  86  84  81  79  81  85  86  85  82  82  78  81  79  78
  80  82  85  82  80  81  84  84  82  80  80  79  80  80  78  81  83  81
  83  82  84  83  84  78  72  65  63  66  57  57  60  54  50  45  47  48
  46  42  42  47  50  50  53  59  63  67  74  80  80  78  75  74  78  83
  81  77  75  76  79  85  89  91  91  89  88  89  90  82  83  85  84  81
  77  77  76  80  76  77  74  74  75  77  76  74  73  73  67  58  58  65
  65  66  65  63  64  66  67  70  75  79  82  83  83  83  84  87  90  90
  89  88  87  86  88  89  96 100 108 118 136 143 147 146 151 152 153 151
 150 151 153 154 154 153 154 154 152 153 154 154 154 154 154 154 151 153
 152  28]","[ 28  28 157 154 151 152 151 152 144 140 137 134 142 147 141 125 132 130
 124 121 123 119 111 107 100 101 102 100  99  96  92  88  92  94  88  84
  82  82  86  88  88  87  86  84  85  87  86  83  80  80  73  77  78  81
  81  83  84  82  81  82  82  81  80  80  83  83  81  78  78  79  80  80
  83  82  83  81  86  87  85  80  76  78  77  79  82  80  72  65  68  69
  66  58  51  50  53  55  56  55  54  56  59  60  60  64  68  68  69  71
  71  71  69  65  72  78  81  83  86  88  89  91  89  81  81  81  80  80
  77  74  67  74  72  72  67  67  71  76  74  77  72  64  61  63  66  68
  68  69  67  65  66  70  72  74  79  82  83  84  85  86  87  89  92  93
  93  91  88  86  87  89  97 105 123 140 152 148 147 150 148 149 150 150
 149 152 154 153 155 154 155 155 153 154 155 154 154 152 153 154 152 153
 151  29]","[ 30  29 163 156 155 163 160 159 159 162 166 159 162 162 155 138 136 139
 137 134 135 134 134 138 121 120 119 114 105  96  89  86  87  88  89  96
  97  89  86  89  91  91  90  89  88  89  88  85  83  83  75  78  80  85
  84  83  80  82  83  80  80  82  83  81  82  85  82  77  75  77  79  82
  80  82  83  78  81  83  85  81  82  80  83  80  82  85  81  81  81  79
  77  73  67  64  64  63  57  52  51  54  53  46  44  50  58  58  54  48
  47  54  59  57  56  65  73  79  85  89  88  86  81  75  75  76  77  80
  74  66  62  70  69  69  63  62  62  65  68  68  67  67  68  66  66  69
  72  73  72  71  74  79  81  82  85  85  83  83  86  88  89  91  93  95
  96  94  91  89  90  92 105 124 146 153 155 151 150 149 151 146 147 151
 153 152 152 151 153 153 154 154 152 153 154 153 153 151 152 155 153 153
 152  30]","[ 29  32 144 147 149 158 160 162 165 167 159 154 161 167 164 160 151 155
 150 148 147 147 144 154 148 145 144 147 134 122 121 110 107 107 110 108
 108 103  91  90  86  95  94  89  98 100  95  89  90  87  81  83  85  89
  86  87  82  79  82  81  79  82  83  83  83  83  82  78  76  77  80  82
  81  81  80  79  83  80  81  80  80  81  82  83  83  83  81  80  81  80
  80  81  83  83  78  71  64  64  66  65  59  55  56  58  60  53  47  47
  44  37  40  50  52  52  52  54  58  64  70  73  73  76  71  67  74  76
  69  65  60  62  66  64  63  62  61  65  65  65  65  66  69  71  71  68
  69  70  71  72  77  82  83  81  81  83  84  84  87  89  90  89  95 101
  96  92  96  94  99 117 138 143 148 151 150 149 150 151 153 153 153 153
 152 151 152 152 154 153 154 155 154 154 154 152 152 151 150 151 154 155
 156  28]","[ 28  25 118 117 125 127 132 138 148 154 157 156 157 163 165 162 161 162
 161 157 152 151 155 155 153 155 154 155 150 148 154 147 142 133 134 132
 127 130 129 121 111 110 105  97 104 107 103  92  92  92  91  89  93  95
  91  86  86  86  83  80  82  82  77  80  84  88  85  78  76  79  80  81
  81  85  84  80  80  78  83  82  81  82  83  84  84  83  81  80  78  77
  77  80  84  83  79  75  73  71  71  72  71  71  69  65  57  56  56  54
  45  33  34  44  50  48  44  39  37  41  49  56  56  59  58  58  63  65
  62  58  53  55  60  60  61  60  57  60  61  62  64  67  69  70  71  71
  68  67  67  72  77  81  81  80  75  78  83  87  89  90  88  87  96  92
  96 101  94  93 117 145 149 149 150 152 153 154 152 151 153 153 154 154
 154 153 153 153 153 153 155 156 154 154 154 153 152 152 152 152 154 154
 156  29]","[ 32  28 134 127 128 121 122 125 124 121 128 134 129 127 133 137 141 149
 155 156 161 158 163 159 157 162 159 157 158 159 161 152 154 155 154 153
 151 153 152 143 137 141 146 137 129 126 126 118 115 112 107  99 103 102
 103 102  90  91  93  91  91  91  88  89  86  88  80  71  77  84  83  82
  81  81  81  81  84  80  80  75  76  77  79  80  81  81  81  81  76  73
  73  77  80  79  76  75  72  71  71  75  80  84  82  75  73  68  64  65
  65  59  52  51  59  55  50  46  44  45  48  51  45  44  44  44  44  45
  45  45  51  50  51  50  50  51  50  54  53  57  62  65  67  68  70  72
  74  73  74  78  81  81  80  82  82  83  84  87  89  91  90  88  91  93
 101 102 105 131 155 154 152 152 151 151 152 152 152 152 153 153 154 156
 156 155 154 153 153 154 156 157 154 154 154 153 152 153 154 154 154 154
 155  29]","[ 30  27 167 160 154 153 150 146 138 131 131 135 132 126 128 131 127 138
 132 133 144 138 138 139 150 160 161 160 159 158 161 162 162 171 168 164
 161 160 161 155 154 155 157 153 152 148 142 131 132 129 127 125 124 115
 113 116 107 100 104  99  87  90  95  92  96 100  91  84  91  94  88  85
  82  80  81  84  86  80  83  82  81  81  81  79  78  78  80  81  77  75
  73  75  76  75  74  73  73  72  74  76  78  80  80  75  72  69  65  66
  69  68  66  66  64  61  58  58  57  55  53  51  47  40  39  40  37  39
  45  46  46  45  43  38  38  39  40  46  52  59  65  68  70  72  75  76
  77  78  80  80  79  78  80  83  86  88  87  85  86  88  88  86  86  94
  99 113 138 154 153 148 151 151 151 151 150 151 152 154 154 154 154 156
 156 155 154 153 154 154 156 157 154 154 154 153 153 154 155 155 155 154
 156  29]","[ 30  25 169 166 167 172 171 167 163 165 159 152 152 151 144 139 134 140
 128 132 137 129 122 122 127 130 129 135 142 143 147 154 157 163 168 169
 162 166 174 164 163 165 162 157 164 162 158 155 154 153 148 146 139 133
 133 140 128 125 133 131 117 113 109  99  97 101  95  89  93  94  93  99
  96  90  88  89  91  87  87  79  82  83  82  80  78  77  79  81  82  81
  78  75  74  75  75  74  75  73  74  76  75  75  76  76  72  72  70  69
  71  74  75  77  73  69  67  66  64  62  61  61  54  46  44  45  40  41
  46  46  38  38  37  33  31  32  33  40  55  63  69  70  71  76  78  76
  77  79  80  79  78  81  84  85  85  92  97  96  94  94  92  88  92  92
 119 148 152 152 155 151 153 152 151 152 153 154 154 153 154 154 154 155
 155 155 154 155 155 154 155 155 154 154 155 154 154 154 155 156 157 156
 157  29]","[ 30  30 159 162 171 166 167 167 161 166 162 158 164 167 165 165 161 158
 153 160 153 145 139 131 136 130 124 128 133 129 125 128 122 132 139 145
 150 156 162 161 158 161 161 161 174 173 168 167 173 179 177 173 163 159
 155 157 155 154 152 145 143 141 133 130 133 132 124 117 115 111 110 116
 102  99  96  93  95  97 100  90  82  84  84  82  79  79  80  82  84  84
  81  76  74  76  77  76  76  72  71  73  74  74  76  76  72  70  66  67
  73  77  74  72  72  67  63  64  67  67  67  67  70  64  64  62  56  54
  53  47  40  40  39  33  30  31  34  42  57  63  68  68  69  73  74  72
  79  80  79  79  81  86  88  87  84  87  91  94  97  97  93  87  96 124
 143 148 153 153 151 155 154 155 155 155 154 153 153 154 154 154 155 156
 155 155 156 157 155 153 154 154 154 155 155 154 155 155 155 156 158 157
 157  29]","[ 28  32 159 164 172 166 166 166 166 163 161 161 162 161 162 166 166 160
 162 167 161 162 167 164 160 158 156 152 147 137 129 128 132 140 136 128
 130 126 121 129 138 146 154 154 157 154 157 162 171 178 179 174 170 169
 169 171 169 171 168 161 162 160 152 150 148 146 144 143 143 138 132 130
 131 128 123 111 101  99 108 106 100 100  97  92  86  83  83  86  87  85
  82  78  76  76  78  79  80  76  74  74  75  76  76  74  72  72  69  67
  69  70  70  72  71  66  62  65  69  69  67  66  67  66  66  64  59  59
  57  50  47  47  45  39  35  37  41  50  58  62  66  68  69  71  73  74
  78  79  79  81  83  86  88  89  91  88  88  95 101 103 105 107 134 150
 157 152 154 157 155 154 155 157 158 156 153 152 153 155 155 156 157 157
 155 154 155 157 155 154 155 155 153 154 154 154 154 154 155 157 158 157
 157  29]","[ 30  29 163 165 167 172 170 165 163 160 162 165 162 162 164 161 162 162
 167 162 162 161 165 168 169 164 161 161 167 169 157 146 142 147 153 146
 138 129 121 126 132 122 118 117 123 127 132 130 135 145 159 166 172 167
 167 167 168 168 172 168 163 165 164 162 163 161 158 156 154 154 154 154
 154 142 138 139 137 127 124 115 112 110 106  98  90  87  89  92  91  88
  85  82  79  77  79  82  80  80  79  79  79  82  83  80  80  78  72  67
  67  68  70  73  72  68  65  64  62  58  57  58  61  62  62  57  54  57
  57  51  47  48  49  46  44  45  48  55  57  59  63  67  69  69  71  76
  76  78  83  87  87  87  91  96  90  88  91 100 103 105 116 132 152 151
 153 155 154 156 159 157 159 158 156 156 156 156 155 154 157 157 158 157
 155 153 154 155 155 155 157 156 153 152 153 152 153 154 155 157 158 157
 157  29]","[ 29  27 179 176 174 173 172 172 169 167 167 168 165 163 162 160 161 159
 162 162 159 162 168 166 161 161 161 162 163 161 160 162 164 168 166 164
 167 167 161 157 155 153 141 141 137 130 136 134 136 135 129 124 127 130
 130 132 139 141 147 161 161 158 155 162 168 167 168 172 176 180 178 173
 168 170 170 166 162 166 162 142 139 139 131 122 118 110 104 108 105  90
  89  81  81  86  90  91  84  82  81  83  83  82  81  82  80  81  76  71
  69  70  73  71  71  70  68  65  61  56  56  57  60  62  56  51  52  56
  55  47  47  50  50  47  47  48  48  49  47  55  62  65  67  69  74  80
  80  80  85  84  87  87  96  97 103 101 101 103 108 122 141 154 162 157
 156 159 160 160 161 161 160 159 158 159 158 155 154 155 157 158 157 155
 155 157 158 157 157 157 155 152 153 155 155 152 154 155 156 155 156 157
 157  29]","[ 30  29 182 180 178 177 175 175 171 171 173 174 172 171 171 170 166 154
 153 160 163 164 165 164 164 163 162 162 161 160 160 162 163 163 161 161
 163 165 164 164 162 164 160 163 161 155 155 149 143 146 138 125 124 131
 131 127 119 116 124 137 130 130 133 135 147 154 163 167 168 172 174 171
 177 176 177 178 174 173 171 161 162 165 157 143 135 128 121 121 115 104
 105  98  99 101  96  88  89  89  87  84  83  83  82  80  83  82  76  73
  73  74  75  71  70  68  67  66  64  61  59  59  59  58  53  52  53  53
  52  46  45  49  50  47  46  44  44  46  47  55  62  65  69  72  76  79
  83  77  84  89  89  88  95  96 102 104 103 106 124 147 156 153 157 157
 159 161 162 163 163 161 160 159 159 160 159 156 154 154 156 156 156 154
 155 157 158 158 160 159 157 155 155 158 160 160 157 156 153 151 153 155
 157  29]","[ 29  29 183 183 182 182 180 180 176 177 179 180 177 176 177 176 175 166
 168 176 176 172 170 169 166 163 163 163 159 158 159 159 162 161 162 163
 162 160 160 160 158 159 160 161 163 163 161 156 153 161 165 160 158 160
 154 142 143 134 132 134 124 124 127 128 131 132 132 130 131 138 141 138
 150 158 168 179 183 181 179 175 161 166 164 155 148 143 139 138 129 121
 121 113 113 116 109  99  94  96  93  88  85  86  83  78  78  81  80  78
  74  70  71  70  66  68  70  69  65  61  60  63  61  58  54  55  54  49
  48  46  44  49  50  48  44  41  41  44  49  57  64  68  73  77  78  78
  82  79  90  96  94  91 100 103 109 104 108 129 152 158 156 158 159 160
 163 164 164 165 165 162 162 161 161 161 160 158 157 157 157 157 157 156
 156 158 159 160 159 158 157 157 157 158 160 163 160 158 154 152 154 157
 159  30]","[ 28  28 183 183 183 183 180 179 179 179 181 181 178 178 179 178 178 179
 183 184 180 178 177 176 173 169 171 173 168 166 167 164 162 162 167 168
 165 165 166 164 165 162 163 161 162 166 164 165 165 163 163 161 160 165
 169 166 167 162 155 156 157 152 145 147 145 144 138 126 114 111 113 114
 127 131 124 121 127 138 150 154 165 169 171 167 162 158 155 154 145 137
 132 123 121 124 119 112 105 108 109 106 106 107 103  98  92  90  86  89
  91  87  81  73  70  74  77  77  71  65  64  66  61  58  53  54  52  47
  47  48  47  50  50  48  44  41  41  44  53  63  70  74  78  81  80  78
  77  81  89  95  96  96 103 109 118 126 135 149 163 163 159 162 166 166
 166 166 165 165 166 164 165 163 161 161 160 159 159 160 160 160 159 159
 159 159 160 160 158 157 157 159 159 158 158 160 160 160 158 157 158 159
 159  29]","[ 29  29 183 183 183 182 179 178 179 179 180 180 179 181 182 181 179 180
 180 177 177 181 184 183 180 176 178 180 176 175 176 173 179 178 178 173
 167 168 171 168 170 165 167 165 164 165 161 165 168 163 161 161 159 161
 163 162 160 157 153 157 165 159 153 155 154 155 159 158 150 145 145 147
 139 143 133 123 123 123 121 118 123 132 139 142 143 143 140 135 139 134
 130 127 126 128 124 120 113 115 117 117 116 114 111 108 104 102  98 100
 102  98  92  84  81  80  81  82  78  72  66  63  62  60  55  55  53  51
  54  55  52  51  50  48  46  43  42  46  57  67  73  75  78  81  81  80
  81  84  84  92 103 104 105 116 132 147 154 154 159 163 164 167 172 168
 167 168 167 165 166 165 167 165 164 162 161 160 160 160 160 160 160 160
 160 159 159 159 159 157 157 160 162 160 159 159 158 161 161 160 160 159
 158  29]","[ 29  29 183 185 186 186 183 182 181 181 182 182 181 184 185 182 180 180
 180 180 181 184 186 188 183 179 179 181 180 180 181 180 180 181 180 175
 172 176 179 178 175 171 173 172 171 170 168 172 169 167 165 162 160 161
 161 158 166 158 158 159 158 155 157 156 154 152 155 161 162 160 159 159
 162 163 156 152 149 142 134 130 128 132 128 121 123 131 133 132 129 132
 132 129 121 119 116 117 120 119 120 120 118 114 112 112 110 112 109 106
 101  95  95  93  89  88  88  87  83  76  70  68  68  67  62  60  58  57
  60  61  58  55  51  50  50  46  45  48  58  65  69  71  74  77  79  81
  86  88  87  98 109 111 115 133 147 151 154 160 164 164 165 171 171 168
 168 171 170 167 166 166 169 169 168 167 165 163 161 160 160 159 159 160
 160 159 159 160 160 156 155 158 161 161 160 159 159 162 163 161 160 158
 158  30]","[ 30  29 184 187 189 190 187 186 182 183 184 183 182 183 183 181 179 183
 185 185 185 184 184 186 186 183 181 183 184 185 184 184 181 182 181 179
 179 179 177 176 179 176 175 175 176 177 177 180 172 173 172 171 172 172
 168 163 166 163 164 160 160 156 157 153 156 154 155 156 154 155 159 163
 162 161 155 155 155 152 154 156 148 151 146 139 136 129 121 119 119 128
 128 125 117 117 115 115 114 115 116 118 116 114 114 116 120 119 113 111
 109 107 104  98  97  97  98  96  90  84  81  81  78  76  71  70  67  62
  63  64  66  62  57  57  56  51  48  51  56  62  65  68  71  74  76  78
  83  91  96 106 112 123 135 152 157 158 161 166 171 172 172 171 172 171
 173 175 173 171 170 168 170 170 170 168 166 164 163 161 160 159 159 159
 160 159 160 161 160 157 155 157 160 161 160 160 160 162 163 161 159 158
 159  30]","[ 30  30 185 188 189 188 184 182 179 182 184 183 181 182 182 180 182 186
 187 185 185 186 185 185 185 183 182 183 187 186 184 184 180 181 179 180
 184 183 180 181 181 180 178 177 178 180 181 179 179 179 176 175 178 177
 173 173 172 175 168 157 165 165 162 162 160 156 153 155 157 160 160 157
 161 162 160 158 156 155 157 158 154 153 150 155 159 150 146 156 157 161
 152 146 139 136 124 112 115 117 119 119 117 114 113 113 113 115 113 111
 111 110 109 103 101  99  98  97  94  90  87  86  88  86  83  84  81  73
  72  73  71  67  63  63  61  55  51  54  56  61  65  69  73  75  75  76
  84  95 105 114 117 141 159 166 166 162 165 170 172 171 173 174 175 176
 179 178 175 174 173 170 170 170 168 165 164 164 164 163 161 159 158 158
 159 158 159 161 160 158 157 159 162 163 162 160 160 162 162 160 159 158
 158  29]","[ 29  30 191 191 189 188 187 188 187 186 185 184 184 183 182 182 186 187
 187 187 187 186 186 187 185 184 182 183 186 186 185 186 180 179 181 182
 182 182 183 183 180 179 179 180 179 181 182 180 174 174 176 178 179 179
 179 180 179 179 178 176 175 175 174 173 173 175 173 168 162 161 163 165
 161 160 158 155 154 156 158 159 158 156 152 153 155 156 154 155 159 158
 156 154 154 155 155 155 151 141 135 136 130 118 115 121 116 115 113 108
 106 109 110 106 102 100  99 100  95  94  97  92  92  92  91  87  83  81
  79  78  75  76  73  68  66  63  58  53  54  58  66  70  74  78  79  81
  89  97 107 124 147 165 170 169 166 168 170 174 175 173 174 178 178 179
 179 178 176 175 174 172 173 174 173 169 167 165 165 164 164 164 163 162
 162 162 162 161 160 159 159 159 161 162 162 161 161 162 161 161 159 159
 161  28]","[ 28  29 191 192 193 192 193 194 188 187 186 187 188 187 186 184 187 187
 187 187 187 187 186 186 188 186 182 182 186 187 186 186 182 182 185 186
 184 183 183 182 180 179 180 181 181 182 182 181 182 179 177 177 178 181
 183 184 182 181 180 179 179 180 180 179 176 178 177 174 170 170 172 174
 173 170 166 163 162 163 164 165 161 160 158 158 158 157 157 161 156 154
 152 152 152 152 151 149 152 153 154 154 153 151 150 151 140 142 142 136
 129 124 120 114 115 107 104 104  97  94 100 102  98  96  96  97  94  90
  86  81  82  79  75  73  73  73  68  62  57  61  65  67  74  81  83  86
  94 110 130 145 158 165 167 167 169 170 171 173 176 176 177 180 180 180
 178 176 174 175 175 174 174 174 174 172 170 168 167 167 166 166 164 162
 161 162 162 162 160 160 159 159 159 160 160 159 159 161 160 160 159 159
 161  29]","[ 28  29 191 192 192 192 192 193 189 188 188 190 191 191 189 187 188 188
 188 188 187 187 187 186 189 187 183 181 184 187 187 187 186 187 190 189
 186 185 185 183 180 180 181 183 183 184 184 183 184 181 179 181 184 186
 186 185 186 184 181 180 180 181 182 182 179 180 180 177 175 174 175 175
 173 172 172 175 176 173 171 169 171 167 164 165 166 162 160 161 160 157
 155 156 156 153 150 148 149 154 156 154 152 152 152 149 150 152 154 151
 144 139 138 137 141 131 126 128 124 118 119 115 106 101 101  99  92  91
  94  92  91  87  84  79  72  71  72  71  76  74  69  67  73  79  83  93
 106 125 144 154 158 162 166 171 172 173 172 173 176 178 179 180 181 180
 178 175 174 175 175 175 170 170 170 170 169 167 166 166 167 166 164 161
 160 161 162 162 162 161 160 159 159 159 159 158 159 160 159 159 159 160
 162  29]","[ 30  29 191 190 190 189 188 188 190 189 189 190 191 191 189 188 190 189
 188 187 187 187 186 185 185 188 186 182 183 186 187 188 189 189 191 189
 186 186 187 186 183 182 184 186 186 186 187 185 181 180 181 184 188 189
 187 185 186 183 180 179 180 181 182 181 181 181 180 178 176 175 175 175
 174 172 172 175 177 176 177 178 181 177 174 175 176 171 166 166 166 163
 161 162 161 156 152 150 155 155 155 154 152 150 149 150 149 149 152 150
 145 142 145 147 152 148 146 149 150 147 141 131 118 113 113 110 102 104
 109 106  98  99 100  92  78  76  81  81  80  74  68  67  75  79  87 106
 134 144 152 155 157 159 165 171 173 176 175 174 177 180 180 180 181 181
 180 178 177 177 175 173 172 170 170 172 172 169 168 169 167 166 162 160
 159 161 162 162 163 162 161 160 160 161 161 160 160 161 159 160 160 161
 162  29]","[ 29  29 189 189 189 189 188 188 190 190 190 189 189 189 189 190 191 190
 188 187 186 185 184 184 184 187 187 185 186 188 188 188 188 188 189 188
 186 187 189 188 188 187 188 189 188 188 188 187 183 181 181 183 185 186
 187 187 183 180 178 179 182 183 184 184 182 181 180 180 179 178 178 179
 177 175 175 177 177 177 178 181 181 181 179 179 177 172 171 174 176 173
 172 172 170 165 163 164 160 157 156 156 155 153 153 155 149 149 151 152
 148 145 145 145 148 148 148 152 154 153 152 147 145 146 154 158 156 156
 148 132 119 120 121 114 104 102 102  96  90  93  91  86  90  97 111 134
 147 151 154 156 159 162 164 168 173 178 178 177 178 180 180 181 181 182
 181 180 179 179 176 174 175 172 171 172 173 171 170 171 169 167 163 160
 161 162 162 162 163 163 162 161 161 162 163 162 162 163 161 161 161 161
 163  30]","[ 29  28 187 187 188 188 188 188 190 190 190 190 189 190 191 192 192 191
 189 188 187 186 185 185 187 188 186 186 190 192 189 187 187 186 188 190
 190 189 190 189 190 189 190 190 188 187 187 185 186 185 184 185 185 185
 186 187 183 180 179 181 184 184 184 184 182 181 179 179 179 179 179 179
 178 178 179 181 181 179 179 180 181 181 178 176 175 172 172 175 174 172
 172 171 170 168 168 169 167 167 165 163 162 162 160 158 154 152 153 155
 153 152 152 150 150 147 144 150 152 148 147 147 147 145 146 146 146 150
 148 139 139 138 137 132 127 128 128 123 114 109  98  93 107 124 131 139
 145 149 153 157 161 163 164 168 172 178 180 179 179 180 180 180 182 183
 182 181 180 180 179 177 176 172 170 170 171 171 170 170 171 168 165 163
 163 163 163 161 162 162 162 162 162 163 164 163 162 163 161 161 160 160
 162  29]","[ 30  28 186 185 186 187 188 188 190 190 191 191 191 192 192 192 192 191
 190 189 188 187 187 187 190 190 188 188 190 191 190 190 190 187 187 191
 191 190 190 189 189 188 190 190 188 186 186 184 187 187 188 189 188 187
 186 186 187 184 182 184 185 184 182 182 182 180 179 179 178 177 177 178
 180 180 179 178 179 180 180 181 181 182 180 177 177 176 174 175 174 174
 173 173 173 173 172 172 169 170 170 167 166 168 167 164 162 159 157 157
 158 160 160 157 156 152 148 153 154 148 144 143 143 142 144 145 144 144
 142 138 139 139 138 137 136 138 142 144 145 144 139 129 127 133 138 144
 148 152 155 159 162 163 165 171 171 176 179 179 180 180 179 180 181 183
 183 182 181 181 181 179 179 175 172 172 173 174 173 171 171 170 168 166
 165 165 164 163 161 162 162 162 162 163 163 163 163 164 163 162 161 160
 162  29]","[ 30  28 186 185 188 189 190 191 190 191 191 192 193 193 192 191 190 190
 189 188 187 187 187 188 191 192 191 189 188 187 189 194 193 187 186 189
 190 189 188 188 187 188 190 191 189 188 187 186 188 188 188 188 188 188
 188 188 189 186 184 186 186 184 182 182 182 180 180 180 180 179 179 180
 178 179 180 181 182 181 178 174 171 178 181 179 177 175 174 175 175 175
 174 173 174 175 173 171 172 172 171 170 169 168 168 169 164 161 161 162
 165 168 168 164 158 161 160 159 158 154 154 153 154 147 143 145 146 145
 144 143 138 137 137 139 139 135 135 139 142 137 139 144 149 149 144 144
 146 149 153 158 162 164 167 173 172 176 179 180 181 181 180 181 179 182
 184 184 183 183 182 180 180 177 174 173 174 176 175 172 171 172 172 170
 168 167 167 166 162 163 163 163 163 163 163 162 167 168 166 165 163 161
 163  30]","[ 31  28 182 183 183 187 190 191 191 191 191 190 190 190 190 190 190 190
 189 188 188 190 189 187 189 192 191 190 191 189 186 188 192 189 187 188
 190 189 188 187 187 188 189 190 190 188 188 188 188 188 188 188 188 187
 188 188 187 186 186 186 187 187 187 186 185 181 179 179 182 183 183 182
 181 181 182 182 183 183 181 178 176 177 181 182 180 176 175 177 179 179
 176 174 173 174 175 174 172 173 172 170 170 172 172 170 163 164 164 166
 167 168 168 168 167 163 162 162 160 158 157 155 155 154 152 150 147 145
 144 143 139 139 139 140 139 135 134 137 137 141 144 146 149 152 150 146
 146 150 155 158 161 166 170 172 173 178 181 180 179 181 183 184 187 184
 182 182 183 184 182 179 179 178 176 176 177 178 175 171 170 171 171 169
 168 167 166 166 164 163 164 165 163 163 162 159 164 164 164 163 163 162
 161  30]","[ 30  29 186 186 186 188 190 191 189 189 189 190 191 191 191 190 191 191
 191 189 189 190 190 190 191 193 193 193 192 190 188 189 190 190 188 187
 188 190 190 188 186 187 188 189 189 189 189 189 188 189 189 189 188 188
 188 189 186 186 186 186 188 188 188 187 189 186 183 183 184 185 185 184
 184 184 183 184 186 187 184 180 179 179 182 185 185 182 179 178 180 179
 178 176 175 175 174 172 172 173 173 171 170 170 169 167 167 166 166 167
 167 168 168 168 165 161 160 162 161 161 160 158 158 156 154 153 153 153
 152 150 147 145 143 141 139 134 133 136 140 142 144 145 149 153 152 149
 146 150 155 159 162 165 168 171 173 177 180 180 180 182 184 185 185 186
 186 184 183 182 181 180 179 179 178 178 179 179 177 175 172 171 169 167
 167 167 167 166 167 165 165 165 163 163 163 160 163 163 163 163 163 163
 161  29]","[ 29  30 188 189 187 188 189 190 189 188 188 189 190 190 189 187 193 193
 192 190 190 191 192 192 190 190 192 193 191 191 190 189 189 190 189 187
 187 190 191 189 187 187 187 188 189 190 190 190 190 190 190 189 188 187
 186 186 185 185 185 186 188 188 187 186 190 187 185 184 184 184 184 183
 186 186 185 185 187 189 186 183 181 180 181 184 184 182 180 179 180 181
 180 179 179 180 178 175 171 173 174 173 172 171 170 169 169 168 167 167
 168 169 169 169 166 162 161 162 162 162 162 161 160 158 155 156 157 158
 155 152 148 146 143 142 141 139 139 142 142 143 144 146 150 155 154 150
 149 152 156 161 163 164 167 170 174 177 180 180 181 184 186 186 185 186
 187 185 184 182 181 180 179 180 180 179 179 179 178 177 174 171 168 166
 167 168 168 167 169 167 166 166 164 165 164 161 162 162 162 162 163 163
 162  28]","[ 28  29 188 189 188 189 188 188 189 189 188 189 190 190 189 188 193 193
 191 190 189 190 192 194 189 187 189 191 190 191 192 189 188 190 189 188
 187 189 190 189 188 187 187 189 190 191 191 191 189 189 188 188 187 186
 185 185 185 185 185 185 186 187 186 185 186 185 184 184 184 183 182 181
 185 186 185 184 184 185 185 183 183 184 186 188 186 182 181 182 180 180
 180 181 182 184 183 181 173 175 176 175 174 172 171 171 170 169 168 168
 170 171 171 171 168 164 162 163 162 162 161 159 160 158 157 158 159 158
 155 151 149 148 144 143 143 140 139 141 141 143 145 147 151 155 154 151
 154 155 158 161 163 163 167 171 175 177 179 180 182 184 186 187 186 186
 185 184 185 185 182 180 180 180 179 179 178 178 178 177 175 173 169 167
 168 170 170 170 170 168 167 167 166 167 166 164 161 161 161 160 161 163
 162  29]","[ 29  29 187 190 190 191 190 189 188 187 187 188 189 191 193 195 193 192
 191 189 188 189 192 195 191 187 188 190 190 192 192 189 188 188 189 189
 188 187 188 189 189 188 188 189 190 190 190 189 187 187 187 187 187 187
 187 187 186 185 184 185 186 186 186 185 183 183 183 184 184 183 182 181
 183 185 185 182 179 180 182 184 180 182 186 189 188 184 181 181 179 180
 179 179 181 183 184 183 177 178 179 177 174 172 171 170 171 170 169 170
 171 172 171 171 167 163 162 163 162 161 160 158 159 159 160 161 161 159
 155 152 149 148 145 144 144 141 138 139 141 143 146 147 150 153 154 153
 158 157 158 161 162 164 169 175 177 178 179 180 182 184 186 186 188 187
 185 184 185 186 184 182 182 180 179 179 180 180 179 178 175 174 172 170
 169 171 171 171 170 168 168 168 167 167 168 165 163 163 161 160 160 163
 163  29]","[ 30  29 186 189 190 192 191 191 188 187 187 187 188 190 193 196 192 191
 190 189 188 189 192 194 193 190 189 189 190 191 190 187 189 188 188 189
 188 187 188 190 190 188 188 189 189 189 188 187 188 188 187 187 187 187
 187 186 186 185 185 185 186 187 187 187 181 181 182 184 185 184 182 181
 184 187 187 184 180 181 183 186 181 178 177 180 183 182 181 181 181 181
 180 179 179 181 182 182 180 180 179 178 177 175 173 172 173 173 172 172
 172 172 170 169 166 163 163 164 164 163 163 162 161 162 163 163 161 157
 154 152 147 148 147 147 147 145 143 143 143 145 146 147 148 151 155 157
 158 158 158 160 162 165 171 177 178 178 179 181 182 184 185 186 188 188
 188 186 184 184 185 185 182 180 178 179 181 181 180 179 175 175 173 171
 171 171 172 172 171 170 169 168 166 167 167 165 166 166 164 162 161 163
 163  29]","[ 29  29 186 189 189 190 191 191 191 190 188 187 187 189 190 191 190 189
 189 189 189 189 190 192 191 191 190 189 190 189 188 188 189 188 187 187
 188 189 190 191 191 189 188 189 189 188 188 188 189 189 188 187 187 187
 186 186 187 186 186 186 187 188 187 187 183 182 182 184 185 185 183 183
 185 187 188 186 184 185 186 186 186 181 178 178 181 181 182 183 182 182
 182 180 180 181 181 181 180 179 178 179 179 178 176 175 174 174 174 174
 174 173 171 169 169 166 166 167 167 166 167 167 164 165 164 162 158 155
 152 151 153 153 151 150 149 146 143 143 145 146 148 148 149 152 156 159
 157 159 161 162 164 168 173 176 179 179 179 181 182 184 185 187 188 188
 187 185 184 185 185 185 183 180 178 179 181 181 180 180 176 176 174 173
 172 172 173 173 173 171 171 168 166 166 167 166 167 168 168 165 164 166
 164  29]","[ 28  29 188 189 188 189 191 191 193 191 189 189 189 190 189 189 188 187
 188 189 189 188 188 190 187 191 191 190 191 190 188 190 189 189 188 185
 187 191 193 192 192 191 189 189 189 188 188 189 187 187 186 187 188 188
 188 188 187 187 187 187 188 188 186 185 186 185 185 186 187 187 186 185
 185 186 185 185 186 187 186 185 185 183 183 184 183 180 179 180 181 182
 182 181 180 181 181 181 180 179 178 179 179 178 175 173 173 173 175 176
 176 174 172 170 173 170 169 169 167 167 168 168 166 165 163 161 158 156
 155 155 155 155 152 150 149 146 144 144 145 147 149 150 151 154 157 159
 156 160 163 165 166 169 173 175 179 179 180 181 183 184 186 187 188 185
 183 183 185 187 185 183 184 181 179 180 181 180 180 180 177 177 175 173
 173 174 174 173 174 172 171 168 165 166 167 167 166 168 170 168 167 168
 165  30]","[ 29  30 184 189 189 190 193 190 187 187 187 185 184 185 187 188 188 189
 189 189 189 189 190 191 190 191 189 189 191 190 188 191 189 188 187 187
 187 188 188 188 182 185 187 187 188 189 189 187 187 186 186 186 187 188
 187 186 185 185 185 187 186 184 185 187 187 187 187 187 188 188 187 185
 187 185 184 183 182 183 184 186 187 186 183 182 181 181 180 179 180 180
 180 181 181 180 179 178 179 179 179 179 179 178 176 174 173 173 173 174
 176 176 173 171 171 172 172 171 169 167 167 168 167 166 167 165 162 162
 163 162 160 157 154 152 149 145 145 147 147 150 152 152 152 154 158 162
 161 164 168 167 166 168 172 175 179 180 180 182 185 185 185 188 187 185
 184 184 185 186 186 186 182 180 179 180 181 182 181 180 179 178 177 175
 175 175 174 173 172 171 169 168 168 169 169 169 168 169 169 170 168 167
 166  29]","[ 28  29 184 187 188 188 191 189 186 187 188 187 186 187 189 190 188 188
 189 189 189 189 190 191 192 193 190 190 192 191 188 189 189 190 190 190
 189 188 186 185 186 188 189 188 189 190 190 188 186 186 186 186 187 186
 185 184 185 185 186 186 184 183 184 187 186 187 186 186 186 187 188 188
 184 183 182 181 180 179 180 183 184 183 182 180 180 180 179 178 178 179
 181 180 179 179 179 180 180 179 179 180 180 179 177 176 175 175 175 175
 176 175 173 171 173 172 171 171 171 170 169 167 169 167 167 165 162 162
 163 162 160 158 156 154 151 146 144 145 150 151 153 153 152 154 157 161
 162 164 167 168 169 171 174 176 179 179 179 180 182 182 183 186 188 187
 186 186 186 187 188 188 186 185 183 182 181 180 179 178 178 178 177 175
 174 174 174 174 174 172 171 170 171 172 171 170 170 169 167 168 167 167
 166  29]","[ 28  29 185 187 187 187 188 187 186 187 188 188 188 189 189 189 187 187
 188 189 190 190 190 190 192 192 190 190 191 190 187 187 188 189 191 191
 190 189 188 188 186 187 188 187 187 188 188 187 188 188 188 188 188 186
 185 184 184 186 187 187 184 183 185 186 186 187 187 186 185 186 187 188
 183 183 183 182 180 179 181 183 186 185 183 181 182 182 182 181 180 179
 179 179 178 179 179 180 180 180 180 180 181 180 179 178 180 179 178 177
 177 176 175 175 175 174 172 172 172 171 169 168 170 167 166 164 162 161
 162 162 160 159 159 158 155 150 147 147 153 154 155 154 154 155 159 162
 164 165 167 169 171 173 176 177 179 181 181 182 184 184 184 187 188 188
 188 187 186 186 187 188 188 187 185 183 182 180 180 179 179 179 178 175
 173 173 175 176 174 172 172 172 173 174 172 171 171 169 166 167 167 168
 167  29]","[ 29  30 186 189 187 187 187 186 186 188 188 188 188 188 188 187 186 187
 187 189 191 191 190 189 191 191 190 190 190 188 187 188 188 188 188 188
 189 189 190 191 187 187 188 188 189 190 190 189 187 187 187 186 185 184
 183 182 183 186 188 187 185 185 186 186 186 187 188 187 186 186 185 184
 182 183 183 184 183 183 184 186 187 185 182 180 181 183 183 182 180 178
 176 177 179 180 180 179 180 179 179 180 180 180 179 179 180 178 176 175
 175 175 175 175 174 175 175 174 172 169 168 168 170 168 167 165 163 162
 163 162 160 160 159 159 157 154 152 152 155 155 155 154 155 157 161 164
 167 167 168 170 171 173 175 176 176 179 181 183 185 185 185 187 188 189
 189 188 187 186 187 188 188 188 187 184 182 180 180 181 180 180 178 176
 174 175 176 177 173 172 172 173 173 173 172 170 169 168 166 168 168 168
 167  29]","[ 29  30 188 190 188 187 186 185 187 188 188 187 187 187 187 186 188 188
 187 188 190 191 191 191 190 190 191 191 189 188 189 191 190 189 187 186
 187 188 188 188 186 187 187 187 188 188 188 187 187 186 186 185 184 184
 184 185 185 186 186 185 184 186 187 187 187 186 186 186 187 187 185 183
 181 181 181 182 183 184 184 185 186 184 182 181 183 184 183 181 176 176
 176 177 178 180 181 180 179 179 179 179 180 180 179 179 179 177 176 176
 177 177 176 174 173 174 175 174 172 170 168 167 170 168 168 167 165 164
 164 163 160 159 158 158 157 155 154 154 155 155 154 154 155 158 162 166
 167 168 169 170 171 171 174 176 177 180 181 183 186 187 187 188 188 190
 191 190 189 188 188 188 189 189 188 185 182 180 179 180 181 179 177 175
 175 176 177 177 173 173 174 174 173 172 172 171 168 168 167 168 167 167
 166  29]","[ 29  29 188 190 187 188 184 185 187 188 188 187 187 188 188 187 189 188
 186 186 187 189 191 191 190 189 191 191 188 188 191 191 190 188 186 186
 188 188 187 186 187 186 186 186 186 186 184 183 186 186 186 187 187 188
 188 188 187 186 184 182 182 183 185 187 187 186 185 185 186 188 187 186
 181 180 180 182 183 183 183 183 183 183 182 183 184 185 183 180 176 178
 180 179 177 176 178 181 181 181 181 181 181 180 180 179 176 176 176 178
 179 178 175 172 173 172 172 173 174 172 169 166 167 166 168 168 166 165
 165 163 162 161 159 158 157 156 155 154 156 156 156 155 156 159 163 166
 168 168 170 171 171 171 174 177 180 181 180 181 185 187 188 189 188 189
 190 190 190 189 188 188 188 188 187 185 183 182 181 181 181 179 176 175
 176 178 177 176 173 173 174 173 173 172 172 172 169 169 168 168 166 165
 165  29]","[ 29  28 189 188 186 188 184 185 187 188 188 188 188 189 188 188 187 187
 187 187 188 189 189 189 188 186 188 190 188 188 191 190 188 187 186 186
 187 188 187 187 190 189 188 188 188 187 186 185 183 184 185 186 188 187
 186 185 186 184 183 182 182 181 183 186 187 186 185 184 185 186 186 185
 182 181 182 183 183 182 181 181 180 180 180 180 180 180 179 178 180 182
 183 181 177 175 177 179 181 181 181 181 181 180 179 178 174 174 174 174
 174 173 171 169 173 172 171 172 173 173 170 168 165 165 168 169 167 166
 166 164 163 163 162 161 159 158 155 153 156 157 158 158 159 161 164 167
 170 169 170 172 173 173 175 179 179 179 177 177 181 185 186 186 188 187
 187 188 188 188 188 187 187 187 187 186 186 185 184 184 181 179 177 177
 178 179 177 175 173 172 172 172 173 173 172 172 169 170 170 170 168 167
 166  29]","[ 29  28 188 187 186 188 184 186 187 187 188 188 188 189 188 187 185 187
 189 191 192 191 189 187 187 184 186 189 188 189 191 189 189 188 187 186
 186 186 187 187 189 187 186 187 187 187 186 186 183 184 186 189 190 188
 185 183 183 182 183 185 184 181 182 185 186 186 186 185 184 183 182 180
 180 181 182 183 182 180 179 179 182 182 181 179 177 177 179 181 183 182
 180 180 179 179 179 178 179 179 180 179 178 177 176 175 177 177 176 174
 172 171 172 173 173 173 173 173 172 171 171 170 165 166 169 170 168 167
 168 167 161 162 163 163 162 160 157 153 155 157 159 160 160 162 165 167
 172 171 171 173 174 174 176 179 181 181 179 180 184 188 188 187 187 186
 185 186 187 188 187 187 188 188 187 188 187 187 185 184 182 181 179 179
 179 179 178 176 174 172 170 171 173 174 174 172 169 170 171 173 172 170
 167  29]","[ 29  30 186 187 183 183 184 186 186 187 189 190 190 189 188 188 186 187
 189 191 192 192 190 189 186 187 188 188 188 187 187 187 189 189 189 188
 187 187 188 188 190 189 187 187 187 187 186 185 187 188 188 188 188 188
 185 183 182 183 184 185 184 183 182 182 184 184 184 183 182 180 177 174
 180 180 181 182 182 181 179 178 180 181 180 179 178 179 180 180 182 180
 179 180 180 180 179 179 179 180 178 175 175 178 178 175 174 174 175 175
 174 172 171 172 171 174 175 173 172 172 172 170 168 169 170 171 172 171
 169 168 167 163 162 164 165 162 159 158 159 160 160 160 160 162 165 166
 171 174 173 174 175 174 178 180 180 183 186 187 186 187 188 188 186 183
 182 183 186 188 188 187 188 188 189 190 189 188 186 186 182 182 180 179
 179 179 179 180 176 174 171 171 173 175 174 171 168 169 171 173 171 171
 169  28]","[ 28  28 185 185 183 183 184 184 187 187 189 189 189 189 188 187 187 187
 188 190 192 192 190 188 187 187 188 187 187 186 187 187 188 188 187 187
 188 189 189 189 191 190 188 186 185 186 186 187 187 188 188 187 185 184
 183 181 181 181 182 183 182 182 182 184 181 181 182 183 184 184 182 181
 181 181 181 181 182 181 180 179 179 179 178 178 179 180 180 179 180 180
 180 180 180 178 176 175 178 177 175 173 175 177 177 175 174 174 175 175
 174 173 172 173 173 176 177 175 172 171 171 170 170 170 170 171 171 169
 167 166 164 163 163 166 167 164 161 160 160 161 162 162 160 160 163 167
 171 175 174 175 176 175 178 181 181 183 184 185 186 187 188 187 187 184
 183 183 186 188 189 189 189 189 188 189 188 187 185 184 182 181 179 179
 180 180 180 180 178 177 175 174 174 174 173 172 170 171 172 173 171 172
 170  29]","[ 29  29 184 186 185 185 185 185 187 187 188 188 188 188 187 187 188 187
 187 189 192 192 190 187 187 187 187 186 186 186 187 187 188 187 186 187
 188 188 188 186 189 189 188 187 186 186 187 189 188 189 188 186 183 181
 181 181 179 180 180 180 179 179 181 184 181 181 181 182 184 185 184 184
 181 181 180 180 180 180 179 179 179 178 177 178 180 182 180 178 178 179
 180 178 177 176 175 173 176 175 173 175 177 178 177 175 175 176 176 176
 175 175 174 174 174 176 177 174 171 169 169 169 171 171 171 171 170 168
 167 165 164 164 165 165 164 163 161 159 159 160 161 162 159 157 161 166
 173 177 176 177 177 176 179 181 182 182 183 185 186 187 187 187 188 187
 187 187 189 191 192 192 190 189 188 188 188 187 185 183 183 181 179 179
 181 182 181 180 180 179 178 177 175 173 173 174 173 173 172 173 171 172
 171  29]","[ 30  30 186 188 186 187 187 188 187 187 187 187 188 187 187 186 188 187
 187 188 190 191 189 187 187 187 186 186 185 186 187 188 190 189 188 188
 188 187 185 184 182 185 187 188 187 186 186 188 186 187 187 184 182 181
 182 182 180 180 180 179 178 177 179 182 182 182 181 182 183 183 182 181
 180 180 179 179 179 179 179 178 178 178 177 178 181 182 180 177 178 179
 178 175 175 177 177 176 175 174 174 177 179 178 176 175 177 177 177 176
 176 175 175 175 173 175 175 173 169 167 168 170 171 172 172 172 171 169
 168 166 166 167 166 163 161 161 161 161 159 158 159 161 159 157 160 165
 175 180 179 179 178 177 179 180 181 181 183 185 187 188 187 186 186 188
 190 192 192 192 192 192 189 189 189 189 189 188 185 182 183 181 179 179
 180 180 180 179 179 178 177 176 175 173 173 175 174 173 173 173 172 173
 172  30]","[ 29  30 186 188 186 187 188 189 188 187 187 187 188 188 187 187 187 187
 188 188 189 188 188 187 187 187 187 187 186 186 187 188 191 191 190 189
 187 186 184 184 180 183 186 187 186 184 183 184 183 183 183 182 182 182
 183 182 182 182 182 181 180 178 179 181 180 180 180 182 183 182 181 179
 179 179 179 179 179 179 178 177 177 178 178 179 179 179 178 176 179 179
 177 175 175 178 180 179 175 174 176 178 178 176 174 175 176 177 176 175
 175 175 175 174 173 173 173 171 168 166 167 171 171 172 172 173 172 171
 168 167 166 167 166 163 161 163 165 166 162 159 158 161 161 160 161 163
 173 180 180 179 179 178 180 180 179 180 183 187 188 188 187 187 185 187
 190 191 191 190 189 189 188 189 189 189 189 187 184 181 182 181 180 179
 179 178 178 178 178 176 175 174 174 173 174 174 173 173 173 174 172 174
 172  30]","[ 28  29 186 188 186 187 188 188 188 188 188 188 188 188 188 188 187 188
 188 188 187 187 187 188 187 188 189 188 186 185 186 187 188 189 189 188
 186 185 185 185 184 185 186 186 185 184 182 181 182 181 181 182 183 185
 185 184 183 182 182 182 181 179 179 180 180 180 180 181 182 182 181 180
 180 180 180 180 180 180 179 178 178 179 179 179 179 178 176 175 177 178
 178 177 178 179 180 179 177 176 176 177 176 175 175 177 176 176 175 174
 174 176 176 175 173 172 171 170 167 165 166 170 172 172 172 172 172 171
 168 165 165 166 166 164 162 163 163 163 164 161 159 161 163 162 161 162
 170 178 179 178 178 179 182 181 180 180 183 187 188 188 187 187 189 190
 191 191 189 188 188 188 189 191 191 190 189 187 185 183 183 182 181 180
 180 179 179 179 179 178 176 175 175 176 176 175 173 173 173 174 173 173
 171  30]","[ 29  29 187 188 187 188 188 187 188 188 188 189 188 188 188 188 187 188
 188 187 187 186 187 188 187 189 190 188 185 183 185 186 186 187 187 186
 185 185 185 186 188 187 187 187 187 186 183 181 181 181 181 181 183 185
 186 185 183 182 181 181 180 179 179 180 182 181 180 180 181 182 181 181
 181 180 180 180 180 180 179 179 179 180 180 179 179 178 176 174 172 175
 178 179 179 178 178 179 177 176 176 176 176 176 176 177 175 176 175 174
 174 176 176 175 173 171 170 170 168 165 166 170 172 171 171 171 172 171
 168 165 165 166 165 163 162 160 159 159 163 161 161 161 162 162 162 162
 168 177 179 178 179 181 183 182 183 181 182 185 187 187 187 188 191 192
 192 191 189 188 188 189 189 192 193 191 189 188 187 186 185 184 183 181
 181 180 179 179 179 180 178 176 177 179 178 175 173 174 174 175 172 173
 171  30]","[ 30  29 184 187 187 188 187 186 186 187 188 188 188 187 187 187 187 188
 187 187 186 186 187 188 186 188 189 187 184 182 184 187 187 187 187 186
 186 186 187 187 187 186 186 187 189 188 184 181 180 180 179 179 180 182
 183 183 185 183 181 180 179 179 179 180 182 181 179 179 180 182 183 184
 181 180 179 179 179 179 179 179 179 179 179 178 178 178 175 173 169 173
 177 179 178 176 177 179 174 174 174 175 176 177 176 174 175 176 175 173
 173 175 175 173 173 171 171 172 170 167 168 172 173 171 170 171 172 171
 168 166 167 166 165 163 162 160 159 159 161 162 163 162 161 162 163 164
 168 178 180 179 180 182 184 183 186 182 180 183 186 187 187 188 188 190
 191 191 189 188 187 187 188 192 193 191 188 188 188 188 187 185 182 181
 181 180 178 176 177 179 179 176 177 179 178 173 174 175 175 175 172 173
 171  30]","[ 29  29 185 187 186 187 188 187 187 186 188 187 184 186 189 186 188 188
 188 187 186 185 186 188 186 186 187 187 186 186 185 185 187 187 188 188
 188 187 187 188 188 187 187 187 185 181 180 182 180 180 180 181 181 182
 183 183 181 182 182 180 179 179 179 180 183 181 178 178 181 184 184 182
 180 182 182 181 179 179 179 179 179 179 175 174 178 177 173 172 168 173
 178 180 179 176 175 175 173 172 172 174 175 174 175 178 176 176 175 175
 175 175 174 174 172 172 172 171 170 171 170 170 173 173 173 172 171 170
 171 171 165 165 165 165 164 162 161 161 160 160 162 163 162 160 161 165
 169 175 180 179 181 183 181 186 185 183 181 184 187 188 187 186 190 190
 190 190 190 190 188 187 191 191 190 187 186 187 189 190 188 185 183 182
 183 181 179 178 177 177 178 178 178 178 178 177 175 176 175 175 172 173
 173  28]","[ 29  29 185 188 186 187 187 187 188 188 190 191 187 184 185 186 187 187
 188 188 187 186 186 187 186 187 187 187 187 186 186 187 187 187 188 189
 189 188 187 187 184 184 184 186 185 182 181 182 181 181 181 181 181 181
 181 181 182 182 182 180 179 179 179 179 179 179 179 179 182 184 183 180
 181 182 182 181 180 179 179 179 179 179 176 174 177 176 173 174 172 175
 179 180 178 176 176 176 176 173 172 173 174 174 175 178 176 176 176 176
 175 175 173 173 172 173 173 172 171 171 171 171 173 173 172 171 169 168
 168 168 167 166 165 165 165 164 162 162 161 161 162 163 163 163 165 167
 170 174 179 179 182 183 182 186 185 183 181 182 184 186 187 187 187 188
 188 189 189 189 188 187 190 191 191 190 189 188 188 188 189 185 183 182
 183 183 181 180 179 179 179 179 179 178 178 178 178 179 178 178 173 173
 174  29]","[ 29  28 186 189 187 185 186 187 186 187 189 191 189 183 181 184 186 186
 187 188 187 187 186 186 187 187 187 186 187 187 187 187 186 187 188 189
 190 189 187 185 182 181 181 182 183 182 181 182 182 182 182 181 180 180
 180 180 181 181 181 180 180 180 180 179 179 179 180 180 182 183 182 179
 180 181 182 181 179 179 178 178 178 178 176 175 176 175 173 174 172 174
 175 176 175 174 174 175 179 175 173 173 174 173 174 177 175 175 176 176
 175 173 172 171 171 173 175 174 172 171 172 173 173 172 170 169 168 167
 166 166 168 166 165 164 165 164 163 161 162 162 162 162 163 165 167 169
 171 173 177 179 181 182 180 185 184 182 182 182 184 185 186 187 187 188
 189 190 189 189 189 188 187 188 189 189 189 189 188 187 187 184 182 182
 184 184 182 181 181 180 180 179 179 179 179 179 178 180 179 179 174 174
 174  29]","[ 29  28 185 188 186 184 184 187 188 189 189 191 193 188 184 187 187 186
 186 187 187 187 186 187 187 187 187 187 187 187 187 187 186 186 187 188
 190 189 187 184 185 182 180 180 180 181 181 182 181 182 183 183 181 180
 180 181 180 180 180 180 180 180 181 180 181 181 181 180 180 181 181 179
 179 180 180 180 179 179 178 178 177 177 176 177 178 177 176 175 175 175
 176 175 175 175 177 178 179 177 175 174 173 173 174 176 175 175 175 174
 173 172 172 172 171 173 175 174 173 172 172 172 172 171 169 168 168 168
 167 167 168 167 165 164 164 164 163 162 161 162 162 161 162 164 167 168
 171 172 178 181 182 181 179 183 182 182 183 185 187 188 187 187 188 189
 190 190 190 189 189 189 187 188 188 187 188 189 189 188 185 183 182 183
 185 185 182 180 180 180 180 180 180 180 180 180 178 179 178 179 176 176
 175  29]","[ 29  27 184 187 184 183 184 187 187 189 188 188 189 187 185 187 189 187
 186 186 186 186 187 188 187 187 187 187 187 186 186 185 186 186 186 186
 187 187 185 182 187 184 181 180 180 181 181 182 180 182 183 184 183 181
 181 181 180 181 181 180 179 179 181 182 180 181 180 179 178 179 180 179
 178 179 180 180 180 180 179 179 179 177 176 177 178 179 179 178 178 177
 176 175 174 175 177 178 175 176 176 175 173 172 173 175 177 177 175 173
 172 171 172 173 173 174 175 174 174 174 173 171 172 170 168 167 167 168
 169 168 168 169 168 166 165 165 164 164 161 163 164 162 161 163 165 166
 170 172 181 185 184 182 181 184 182 182 183 187 189 190 188 187 188 189
 190 190 189 189 188 188 192 191 190 189 189 189 189 187 186 183 182 183
 185 185 183 182 181 181 181 181 181 181 180 180 179 179 178 180 179 179
 176  29]","[ 29  28 184 186 184 183 185 187 184 187 187 186 183 181 182 185 188 186
 185 184 183 184 185 187 187 187 187 187 186 185 185 185 186 186 186 185
 185 186 183 180 184 183 181 181 181 181 180 179 180 181 183 183 183 182
 181 181 181 182 182 180 178 179 180 181 179 180 180 179 179 180 180 179
 177 178 179 179 179 180 179 178 179 176 175 175 176 178 181 180 178 177
 176 173 171 171 172 173 172 174 175 175 173 172 173 176 180 178 176 173
 172 171 172 173 175 174 174 174 175 175 173 171 172 170 168 167 168 169
 169 169 168 170 169 167 166 166 166 165 162 164 165 164 162 161 163 165
 168 170 181 186 184 183 183 184 182 181 181 184 187 189 188 187 187 188
 189 189 190 189 189 189 191 191 191 190 190 190 189 187 187 184 182 182
 183 183 183 183 182 182 182 182 182 181 181 180 181 180 178 181 180 180
 176  28]","[ 29  29 185 186 185 185 186 188 185 184 186 188 185 182 183 185 185 184
 184 183 183 183 184 186 186 187 187 186 185 184 185 185 186 187 187 186
 186 186 184 181 182 182 181 180 180 180 179 178 179 180 181 182 182 182
 181 181 182 183 182 180 179 180 180 181 179 180 180 179 179 180 180 179
 176 178 178 179 179 179 178 177 177 175 176 177 175 177 180 179 178 178
 176 174 172 171 172 173 174 175 176 175 173 172 174 176 179 177 175 173
 172 172 173 173 174 174 173 173 175 175 174 172 171 170 169 169 169 170
 170 170 168 169 169 167 166 167 166 164 164 163 164 164 162 161 162 164
 166 169 179 183 182 183 183 183 182 181 182 184 186 187 187 187 187 187
 188 190 191 191 191 191 189 189 190 190 190 190 189 188 186 184 183 182
 183 182 182 182 182 182 182 182 181 181 181 180 181 180 178 180 179 180
 176  28]","[ 29  29 186 187 186 187 188 188 186 179 181 188 188 185 184 183 184 184
 184 185 184 184 185 187 185 186 187 186 184 183 185 186 186 187 188 187
 188 188 186 183 183 183 181 180 180 181 180 179 179 179 180 181 181 182
 182 182 183 182 182 181 181 181 181 180 179 179 178 177 177 179 180 179
 177 178 179 179 179 179 178 177 174 175 179 181 177 177 179 177 175 176
 175 173 171 171 172 173 178 177 177 175 173 173 175 177 176 175 174 173
 173 173 173 173 172 172 172 172 173 174 174 172 171 170 170 170 171 171
 172 171 168 169 168 166 167 168 166 163 164 162 162 163 162 161 161 164
 167 169 178 181 180 184 184 183 182 183 184 186 187 187 187 187 187 187
 188 189 191 192 191 191 190 190 190 189 188 188 188 187 185 185 185 185
 185 183 181 180 181 181 180 180 180 180 181 181 181 181 178 180 178 179
 176  30]","[ 29  29 186 187 187 188 187 185 182 183 185 187 187 185 185 185 185 186
 187 187 186 186 185 185 187 186 185 186 186 186 185 184 188 188 187 185
 185 187 186 183 183 182 182 183 181 179 180 182 182 181 180 180 179 179
 180 182 183 183 181 178 179 181 181 179 179 179 179 179 179 180 180 178
 179 177 176 178 180 181 178 176 174 176 179 180 179 180 181 178 174 175
 175 174 173 173 174 174 178 176 174 173 173 174 175 176 175 174 173 173
 172 171 171 172 174 172 172 174 175 174 172 171 171 171 171 170 169 169
 169 170 168 169 169 168 166 164 163 161 161 162 163 162 161 162 164 164
 167 170 175 179 182 185 185 184 183 185 187 186 186 186 187 188 186 186
 186 188 190 190 188 186 189 189 188 187 187 187 186 185 184 184 185 186
 186 184 183 182 181 180 179 179 180 180 180 179 183 180 178 179 177 179
 177  29]","[ 29  29 186 187 186 187 186 184 183 184 185 186 187 187 186 186 186 186
 186 185 185 186 187 189 186 186 186 186 185 185 183 182 183 187 188 185
 182 183 185 186 186 186 184 182 180 180 181 182 185 183 181 180 179 179
 180 181 185 184 181 178 178 180 181 179 178 178 178 180 180 179 178 178
 177 176 176 178 180 180 179 178 177 175 175 176 177 179 179 176 173 172
 174 177 175 172 172 177 180 177 173 172 173 174 175 176 174 173 172 172
 172 172 172 172 173 171 171 173 174 174 172 171 171 171 171 170 169 168
 168 168 169 169 167 165 163 162 162 162 163 163 162 160 159 161 162 162
 164 168 174 179 182 182 181 181 185 186 186 185 185 186 185 185 183 184
 185 187 189 191 190 189 189 188 187 187 187 187 186 186 187 187 187 187
 185 182 181 181 181 180 179 179 180 181 181 181 182 183 180 176 173 176
 175  29]","[ 29  29 187 187 186 186 185 183 185 184 184 186 187 187 187 187 188 187
 186 184 183 183 185 187 183 184 184 185 185 185 184 184 184 186 186 185
 185 186 185 183 184 187 186 182 178 177 178 179 182 181 180 179 179 179
 179 179 181 181 179 177 176 178 178 177 177 175 177 180 180 177 176 178
 177 178 178 179 179 179 179 179 177 174 174 177 178 179 179 177 174 175
 175 174 174 175 175 174 180 177 173 172 173 173 174 174 173 171 171 172
 172 172 172 172 173 171 170 172 174 174 173 172 171 171 171 171 170 169
 168 168 169 168 166 164 162 161 163 164 165 164 162 161 161 162 162 162
 164 167 173 179 182 181 180 181 184 184 184 184 185 186 186 185 184 184
 185 186 188 189 189 189 189 189 188 188 188 187 186 186 186 186 187 187
 185 182 182 183 182 182 181 180 180 180 180 181 182 182 179 178 177 176
 170  30]","[ 29  30 187 188 186 186 184 183 185 185 184 185 186 186 185 186 187 186
 184 183 182 182 182 183 183 183 184 185 186 186 185 185 186 185 184 185
 187 188 183 178 181 185 187 184 179 175 176 179 179 179 179 179 180 180
 178 176 175 176 176 175 176 176 175 173 175 174 175 177 178 176 177 179
 179 179 179 179 179 178 177 177 176 175 177 180 179 178 178 177 176 175
 176 178 177 173 172 175 177 175 174 173 173 172 172 172 172 171 171 172
 172 172 172 172 174 172 171 172 173 174 173 172 170 171 171 171 171 170
 169 168 167 167 167 166 165 164 164 165 164 164 165 165 164 164 164 163
 167 167 171 177 181 181 182 184 183 184 184 184 184 185 186 185 186 186
 186 187 187 187 186 186 190 190 190 190 190 188 187 186 185 185 186 187
 186 185 184 185 183 182 181 180 179 179 180 181 183 180 180 183 181 170
 161  29]","[ 29  30 187 188 186 186 184 182 183 183 185 185 185 185 184 185 184 182
 180 180 181 182 182 182 186 185 185 185 187 186 185 183 183 185 186 185
 183 182 182 181 184 183 183 185 182 178 178 180 180 180 179 179 179 179
 177 175 173 174 175 175 176 176 175 174 176 176 176 176 176 177 178 179
 180 179 179 178 179 178 177 176 177 178 180 180 176 175 177 178 179 177
 173 170 172 175 175 172 174 174 173 173 172 171 171 173 173 173 172 173
 173 173 172 172 173 172 171 171 173 174 174 173 171 171 172 172 171 170
 169 168 167 167 167 167 166 163 163 164 163 164 166 166 164 163 164 165
 169 167 170 176 181 182 183 184 185 187 187 185 182 181 182 182 185 186
 187 187 187 186 186 186 189 189 190 191 192 191 190 188 187 186 187 188
 188 187 185 184 182 182 181 180 179 179 181 182 182 182 183 182 173 157
 151  29]","[ 28  29 185 186 185 186 184 182 182 183 185 186 186 186 186 187 185 183
 180 179 180 182 183 183 185 185 184 185 186 186 185 184 183 186 187 185
 181 180 183 187 186 180 176 180 183 181 179 179 179 179 178 176 176 178
 179 178 176 176 175 175 175 175 175 176 178 179 178 176 176 178 179 179
 180 179 178 179 180 180 179 178 178 180 180 177 175 177 178 175 179 179
 179 177 173 171 172 174 174 173 172 171 170 170 172 174 173 172 173 173
 173 172 171 171 171 171 171 171 172 173 174 173 172 172 172 172 172 170
 168 167 168 166 165 165 163 161 161 162 164 165 166 165 163 162 164 167
 168 168 170 176 181 183 183 183 185 186 186 184 181 180 181 182 186 186
 187 187 187 186 186 185 186 187 189 190 192 193 192 192 188 187 186 188
 189 188 186 185 186 185 184 182 180 179 180 180 180 179 177 169 160 153
 151  29]","[ 29  28 183 184 184 186 185 183 181 182 183 185 186 186 186 186 186 184
 182 181 180 181 182 182 182 183 183 184 184 185 185 185 185 186 186 184
 182 182 184 186 184 178 175 177 180 180 178 178 176 177 178 176 176 178
 180 180 177 176 175 174 174 174 175 176 178 178 178 178 178 179 179 179
 179 179 178 179 180 180 180 179 178 179 177 175 177 180 170 153 143 123
 122 150 175 176 172 173 174 173 171 170 170 170 172 174 170 171 172 172
 171 169 169 170 170 171 171 171 171 172 173 173 172 172 172 172 172 170
 168 167 167 164 162 162 162 161 161 163 165 165 166 166 164 163 164 166
 168 169 172 176 180 182 183 182 182 184 184 183 182 183 184 186 187 187
 187 187 187 186 186 185 186 187 187 188 190 191 192 192 187 186 186 187
 188 188 188 188 189 188 186 183 181 179 179 178 175 169 165 158 155 154
 154  30]","[ 30  28 182 183 183 186 186 184 180 180 181 183 184 184 183 183 184 184
 184 183 182 182 182 182 182 183 184 183 182 181 182 184 183 184 184 183
 180 179 179 180 180 180 179 180 179 179 178 178 175 178 180 179 177 178
 179 179 176 175 175 175 174 174 174 175 177 175 176 179 180 179 178 179
 179 179 178 178 178 178 178 177 178 178 175 173 178 178 155 125 113 102
  95 108 134 160 173 177 174 172 171 171 172 172 172 172 169 170 171 172
 170 169 169 169 170 172 172 171 171 172 173 173 172 172 171 172 171 171
 169 168 164 162 161 162 163 163 164 165 163 163 165 166 166 164 163 164
 168 170 173 175 177 180 182 182 182 183 184 183 184 185 187 187 187 186
 186 186 187 187 188 188 188 188 187 187 188 189 189 190 188 187 187 186
 186 186 187 188 187 186 185 183 182 181 180 180 169 161 160 157 153 152
 152  30]","[ 31  27 182 184 184 184 183 184 179 180 183 186 186 185 184 185 186 187
 187 186 185 184 183 182 182 184 186 185 182 180 182 185 185 186 188 187
 184 181 180 180 179 180 181 182 182 180 177 176 178 181 181 179 179 180
 180 178 175 175 175 174 174 173 172 172 175 173 174 178 180 180 179 179
 175 172 175 178 176 177 178 175 172 172 176 178 175 169 137 119 114 104
 104 109 124 140 165 175 172 172 171 171 171 172 172 172 171 171 171 170
 170 169 168 167 169 170 172 172 173 173 172 171 169 168 169 171 172 171
 170 169 164 166 165 164 165 165 164 165 164 162 162 163 163 162 163 164
 167 169 171 174 178 181 181 180 183 185 186 187 187 187 187 188 186 187
 187 187 187 189 190 190 188 188 188 189 189 189 189 189 190 189 189 189
 189 189 188 187 188 186 183 181 182 182 175 167 159 156 155 154 156 155
 153  29]","[ 29  29 186 187 184 181 181 182 183 183 185 187 188 188 188 189 186 187
 186 185 184 183 182 183 185 186 187 185 182 180 181 183 186 186 185 184
 182 181 180 180 180 180 181 181 179 177 175 174 178 180 179 176 176 178
 179 179 179 178 176 175 174 174 174 174 173 173 173 173 175 177 177 177
 173 171 174 177 176 176 176 173 172 171 173 174 169 159 129 116 113 109
 110 111 117 128 155 171 173 173 174 173 172 171 171 171 172 172 171 170
 169 168 167 167 167 169 171 172 172 171 171 170 169 168 169 170 170 169
 168 167 167 168 166 165 166 165 162 162 162 161 162 162 162 162 161 162
 167 168 171 173 177 179 180 180 186 186 187 187 186 185 185 186 187 187
 185 184 184 186 188 189 187 187 187 188 190 191 191 191 189 190 190 189
 189 189 189 188 186 183 181 181 177 169 161 157 155 153 153 152 154 154
 152  29]","[ 29  30 188 190 186 183 181 181 183 183 184 185 187 187 187 187 186 185
 185 185 183 181 182 183 183 184 184 184 183 182 183 184 184 182 181 180
 181 181 179 178 179 179 180 180 179 178 177 176 179 179 177 173 173 176
 178 179 179 178 176 175 174 173 174 174 172 173 173 170 171 174 175 174
 173 171 173 175 175 175 174 172 171 167 168 169 164 152 130 123 117 111
 111 112 115 123 148 171 168 170 172 173 172 171 171 172 172 172 171 170
 168 167 168 168 167 169 171 171 171 170 170 170 167 167 168 169 169 168
 168 168 170 171 169 167 167 165 162 161 162 163 163 162 161 161 161 161
 166 168 170 173 176 179 180 180 184 185 185 185 184 184 185 186 187 187
 185 183 183 184 187 188 189 189 189 190 193 194 194 193 190 191 189 187
 187 189 188 186 184 181 178 175 169 159 154 154 152 151 152 152 154 153
 152  29]","[ 29  29 186 189 188 187 184 183 184 185 186 187 186 186 185 185 183 183
 184 186 185 182 181 183 181 181 182 184 185 185 185 185 180 180 179 180
 181 181 179 178 179 179 179 180 180 179 179 179 180 179 176 172 171 173
 176 177 176 176 176 176 175 174 172 172 173 174 174 172 172 172 173 172
 174 172 172 174 175 175 174 173 174 166 165 170 168 154 131 123 116 109
 108 111 116 122 142 169 166 168 170 172 172 172 172 172 169 170 171 170
 169 168 168 168 169 171 172 172 171 169 170 172 168 168 169 170 169 168
 168 169 170 171 170 168 168 166 163 163 165 167 165 162 160 160 162 162
 164 166 169 172 175 178 181 181 182 183 183 183 182 183 184 185 185 186
 186 185 184 184 185 186 191 191 192 192 193 193 193 192 189 191 190 186
 184 185 186 186 183 179 172 164 157 154 154 155 152 151 152 152 153 153
 153  30]","[ 29  28 186 187 187 187 186 185 185 187 188 186 184 183 183 185 182 182
 185 188 187 183 181 182 183 182 183 184 185 184 183 182 180 180 180 181
 181 180 180 180 180 180 180 180 179 178 176 176 178 178 176 173 172 173
 174 175 174 175 176 176 175 174 172 171 175 174 174 174 174 172 173 174
 175 174 172 172 174 174 173 174 177 169 166 167 163 143 116 103  96  98
 101 106 114 124 141 167 170 170 171 172 173 173 172 172 168 169 171 171
 169 168 167 167 171 171 172 172 170 169 171 174 171 171 171 171 169 167
 166 167 167 169 169 167 165 164 163 164 166 168 167 163 161 161 163 163
 163 165 167 170 174 178 181 182 184 183 183 182 181 181 182 182 183 184
 184 184 184 185 186 186 188 191 192 191 190 189 188 187 187 191 193 187
 182 181 185 188 179 172 163 155 150 150 151 153 153 153 153 151 152 152
 153  30]","[ 28  30 187 187 184 184 184 185 185 187 187 183 179 179 181 183 181 182
 185 187 187 184 182 182 183 182 181 182 183 182 180 179 182 182 182 180
 178 178 180 181 180 180 180 180 179 177 176 175 177 177 177 176 175 175
 175 175 175 175 174 174 173 172 171 171 175 173 173 174 173 172 174 176
 175 175 173 172 173 172 171 173 171 169 163 150 135 112  96  88  84  92
  97 101 114 130 141 161 172 171 171 173 174 175 174 173 169 171 172 173
 171 170 168 167 170 170 171 171 170 169 171 174 172 171 170 170 169 167
 167 166 165 168 168 166 164 163 163 165 166 167 168 167 165 164 164 165
 164 166 168 170 174 179 182 183 183 183 182 182 182 182 183 183 183 182
 182 182 183 186 188 189 187 190 192 191 188 187 187 186 190 191 191 189
 186 184 182 181 169 162 155 153 151 149 149 151 154 154 154 152 152 153
 153  30]","[ 29  30 188 188 184 184 183 183 185 187 187 183 180 180 182 183 181 182
 183 185 186 186 185 184 181 180 179 180 181 181 181 181 183 183 182 180
 177 177 179 180 179 179 180 180 179 178 177 176 176 176 177 177 177 176
 176 175 174 174 173 172 171 171 171 171 172 172 172 173 173 173 173 174
 174 176 174 173 173 170 168 170 165 165 155 132 114  97  94  93  93  98
  99 104 115 127 133 156 170 170 170 172 174 174 174 174 172 173 173 173
 172 171 170 170 170 170 170 171 169 168 169 172 170 169 167 168 169 169
 168 167 165 168 168 166 166 165 165 166 166 167 168 168 167 166 166 167
 166 167 168 170 174 178 181 182 180 180 181 182 183 184 185 186 183 182
 181 180 182 186 188 189 188 191 192 190 189 189 189 188 191 189 189 189
 187 180 172 166 158 154 151 152 151 151 151 153 154 154 154 151 153 154
 154  29]","[ 29  29 186 188 187 187 184 180 181 184 185 183 181 180 180 180 181 182
 182 182 184 187 188 187 182 181 180 180 180 181 182 183 182 183 183 181
 179 178 178 179 179 180 180 180 179 178 177 176 175 175 176 176 176 175
 174 174 172 172 172 172 172 172 172 171 170 172 173 173 173 173 172 170
 174 176 176 174 174 170 166 167 166 162 148 125 116 108 106 100  98  99
 101 109 116 120 128 166 169 170 171 172 172 172 171 171 173 172 172 172
 171 171 171 171 171 170 171 171 169 167 167 170 172 169 167 168 169 169
 167 165 166 168 167 167 168 168 166 166 167 166 166 167 166 165 165 168
 167 167 167 169 172 176 178 179 179 179 180 182 183 185 185 186 183 182
 180 179 181 184 186 186 188 191 191 189 189 190 190 189 185 187 190 189
 180 167 157 155 150 152 151 147 147 151 154 153 151 152 152 150 152 153
 153  28]","[ 29  29 184 186 188 188 183 181 179 179 180 180 181 181 182 181 182 182
 183 184 184 185 186 187 181 181 180 180 180 181 183 185 186 183 183 184
 181 178 178 179 181 183 183 180 178 177 177 176 176 175 173 173 174 176
 175 174 172 173 173 171 171 173 174 173 173 172 172 172 171 170 171 172
 175 174 174 174 170 166 165 168 165 161 152 131 121 116 112 105  98 104
 106 107 113 120 123 171 167 170 173 172 170 169 168 168 170 172 173 172
 171 171 172 173 171 169 169 171 170 167 168 172 170 169 168 168 168 167
 166 166 165 168 168 167 167 167 165 166 164 165 166 167 167 166 166 166
 167 168 168 169 172 174 178 180 178 180 181 183 183 183 183 183 181 182
 182 179 180 185 188 185 187 188 190 189 187 186 187 189 186 188 185 175
 162 152 150 152 153 151 149 146 148 151 153 152 154 150 151 152 152 151
 152  29]","[ 30  29 184 184 185 185 183 182 179 180 181 180 180 181 181 181 182 183
 185 187 186 184 182 181 181 180 180 180 179 179 180 181 181 180 182 182
 180 178 178 179 181 181 182 182 180 177 175 176 174 173 172 172 173 175
 175 174 174 174 173 172 173 175 175 174 172 172 173 173 172 172 172 173
 173 173 174 174 172 169 168 169 166 160 155 142 132 122 116 109 109 107
 102 103 108 114 124 177 168 169 170 170 171 171 168 166 169 171 173 172
 168 166 168 172 167 167 168 171 170 167 167 169 171 170 169 169 168 166
 165 165 166 168 167 166 166 166 166 168 167 167 167 167 167 167 166 167
 168 168 168 169 171 174 177 179 179 180 181 182 182 182 183 183 183 183
 182 181 180 185 188 186 189 189 190 190 188 188 188 188 190 182 172 163
 159 156 154 153 151 151 150 149 151 153 153 152 154 151 153 153 153 152
 153  29]","[ 29  28 182 182 182 183 182 183 181 182 183 182 180 180 180 180 180 182
 184 186 186 184 181 179 180 180 180 181 180 179 180 180 180 181 183 182
 179 178 177 175 172 173 176 180 178 174 173 175 174 174 173 173 174 175
 176 175 175 174 172 172 174 175 175 173 171 171 171 172 172 172 172 173
 172 173 174 174 173 171 171 170 168 163 159 146 132 121 120 115 113 110
 106 106 106 107 114 162 169 169 170 170 172 172 170 167 169 169 170 171
 170 168 168 170 166 167 168 169 170 168 167 167 168 168 167 167 167 165
 165 166 165 167 166 165 166 166 166 168 167 166 166 165 166 166 166 167
 167 167 167 167 169 172 176 178 179 180 181 181 181 181 183 184 183 182
 182 182 182 185 188 188 189 189 191 190 185 185 188 187 180 167 153 148
 150 154 153 151 151 151 151 151 152 152 152 150 151 150 153 153 153 154
 154  29]","[ 29  27 181 180 181 183 183 184 182 184 185 183 181 179 179 180 180 180
 182 183 184 183 182 181 178 179 180 181 182 181 182 183 182 183 184 182
 180 180 178 173 174 175 178 180 178 174 172 172 174 175 174 174 174 174
 175 174 174 173 171 171 173 174 173 172 172 171 171 171 172 171 171 172
 173 173 173 172 172 172 171 169 169 167 165 150 132 119 121 119 116 114
 110 106 106 110 121 162 169 170 171 171 171 172 172 171 168 169 170 171
 172 172 170 168 168 168 166 165 166 167 168 167 165 165 165 166 166 166
 166 167 165 167 167 167 167 165 164 165 165 164 163 163 164 166 167 168
 168 167 167 167 168 171 175 178 179 180 181 180 180 180 182 184 186 183
 184 185 184 185 187 187 189 187 190 189 184 183 182 178 165 158 149 146
 149 153 155 154 153 152 151 150 150 150 149 148 147 149 152 152 153 154
 154  29]","[ 30  28 181 181 183 185 184 184 183 184 185 184 182 181 181 181 183 182
 181 182 182 181 181 181 179 179 180 181 181 181 181 182 181 181 182 181
 180 181 179 173 174 177 180 180 178 176 174 173 173 174 174 173 172 172
 172 172 173 172 171 171 171 171 171 171 173 172 171 172 172 173 173 173
 171 171 171 170 170 171 170 168 169 168 169 162 146 125 121 118 119 118
 115 110 110 115 128 163 167 168 168 169 170 172 172 171 167 170 172 171
 169 170 170 170 169 168 165 163 163 166 166 165 166 165 166 167 167 167
 167 167 166 167 167 167 166 164 162 164 165 163 162 163 164 167 169 170
 169 169 168 167 168 172 176 180 180 180 181 180 179 180 182 184 189 185
 185 187 187 186 185 183 187 186 187 186 182 178 172 163 153 151 148 146
 146 147 149 151 152 151 150 149 149 148 147 147 147 148 152 152 152 153
 153  28]","[ 30  28 182 182 183 184 183 183 182 183 183 183 182 182 183 182 182 181
 180 180 180 179 179 180 182 182 182 182 180 179 179 179 180 180 179 179
 179 180 178 172 170 173 176 177 177 177 176 174 172 172 172 170 170 171
 171 171 172 171 171 171 170 170 170 171 173 171 170 171 173 173 173 173
 169 168 168 168 169 169 169 169 169 166 166 169 160 132 122 119 122 120
 122 121 118 114 120 147 164 165 166 167 171 173 172 169 167 169 169 168
 169 171 172 172 170 168 166 164 164 166 165 164 168 167 167 168 168 167
 165 164 166 166 165 164 163 161 161 163 165 164 162 162 163 165 167 168
 169 168 168 167 168 172 176 180 179 180 181 180 180 181 183 184 184 182
 183 186 187 187 186 183 181 185 186 181 174 167 159 154 154 153 152 150
 148 147 148 148 148 147 147 148 147 147 146 147 149 150 153 153 152 151
 152  28]","[ 29  29 184 183 183 183 183 184 183 182 181 180 181 183 183 183 181 180
 180 180 179 179 180 181 184 184 183 183 181 179 178 178 179 178 179 180
 179 179 177 173 175 176 177 178 177 175 173 172 172 171 170 168 168 170
 171 171 172 171 171 171 170 169 169 171 170 169 169 170 172 172 171 170
 170 168 168 169 170 169 169 169 169 168 164 165 159 133 123 121 127 126
 127 123 119 113 118 137 157 162 167 170 171 171 170 168 169 166 166 169
 171 171 171 171 171 169 167 166 167 166 166 165 167 166 166 167 168 166
 163 161 164 164 163 163 163 160 160 164 165 164 162 161 160 162 163 165
 167 167 167 167 167 171 175 179 179 180 181 181 181 182 183 184 180 180
 183 185 186 187 187 185 179 183 177 167 161 156 152 153 151 151 150 148
 147 146 146 146 148 147 146 146 146 146 147 148 152 151 154 154 152 150
 151  29]","[ 29  30 186 186 184 184 184 186 184 182 179 178 180 182 183 183 185 183
 182 180 179 179 180 182 183 183 183 183 182 180 179 179 176 176 179 181
 180 180 180 177 174 173 174 177 177 173 171 171 173 171 168 166 166 168
 170 171 172 171 170 171 170 169 169 170 169 168 168 170 172 171 169 167
 173 170 170 171 171 169 168 169 166 174 167 161 155 133 125 122 127 130
 131 122 115 111 113 123 150 160 170 173 170 167 167 169 168 166 169 174
 172 166 164 168 171 168 166 166 167 166 166 166 166 165 165 167 168 166
 163 161 162 163 163 165 165 162 161 164 165 164 162 160 159 160 161 163
 166 167 167 167 167 171 175 179 179 180 181 181 182 182 183 183 181 183
 186 186 185 185 186 184 184 180 164 151 153 154 150 151 151 152 152 152
 151 151 152 152 152 150 147 146 145 146 148 151 153 151 154 154 152 150
 151  30]","[ 29  29 181 181 182 183 184 183 181 181 181 180 181 181 181 181 181 182
 181 179 179 180 183 185 182 181 181 183 183 181 180 180 178 177 177 178
 180 180 177 175 177 177 176 174 175 177 175 171 170 171 171 170 171 173
 173 171 172 171 172 171 168 168 170 171 169 169 169 170 171 172 170 168
 170 170 171 173 173 171 168 168 169 168 168 160 151 137 118 115 126 132
 130 122 110 109 110 122 142 164 174 168 167 169 168 166 169 168 169 171
 171 170 170 171 172 168 167 166 165 164 163 165 166 165 164 165 169 169
 167 166 163 164 164 164 164 165 164 164 164 164 163 160 160 163 164 163
 165 166 167 166 166 169 173 177 178 180 180 180 180 181 182 182 186 185
 184 182 181 183 185 184 177 161 147 147 153 154 151 148 150 151 150 149
 149 151 154 155 153 151 148 146 146 147 150 153 153 153 153 154 152 152
 150  30]","[ 29  29 180 180 182 183 184 182 181 181 180 180 180 181 181 180 176 178
 179 179 179 180 181 181 178 178 180 182 182 181 180 180 178 178 179 179
 179 178 177 175 175 176 175 174 175 175 174 172 171 172 172 170 171 172
 173 171 172 171 171 172 171 170 172 171 167 167 168 169 170 170 169 168
 168 168 169 170 170 168 167 167 165 165 167 162 157 144 127 122 128 132
 132 122 106 109 110 111 123 152 169 168 168 169 168 167 167 167 168 170
 171 171 171 171 172 169 169 165 163 162 160 162 166 168 166 165 167 168
 167 167 165 167 167 165 163 162 163 164 165 166 165 162 161 162 162 161
 163 164 165 164 164 167 171 174 178 179 179 179 180 181 183 184 184 185
 185 182 180 183 180 173 161 152 145 146 151 152 150 149 147 147 147 146
 147 148 148 148 147 148 148 148 146 146 149 152 152 149 147 150 150 152
 150  28]","[ 30  29 180 180 182 183 183 182 183 183 182 182 182 183 183 183 179 180
 181 181 180 180 180 180 175 177 179 180 181 181 180 178 176 177 177 177
 176 175 175 175 173 175 175 174 174 174 173 171 171 172 171 169 169 171
 171 171 170 168 169 171 172 172 171 169 168 167 168 169 169 168 167 168
 168 168 169 169 167 166 167 169 166 165 165 162 158 147 132 126 128 129
 132 123 105 105 105 102 108 139 164 169 169 169 167 167 167 167 168 169
 171 172 171 171 169 169 169 165 162 163 162 164 166 170 169 165 166 168
 168 168 164 167 167 163 159 157 160 162 163 165 166 164 163 163 163 162
 163 164 164 164 164 166 169 172 179 179 180 180 181 181 184 186 187 184
 184 183 176 168 162 158 151 149 147 147 148 149 149 149 149 148 146 146
 147 148 147 146 146 147 148 148 147 147 147 149 147 147 146 147 146 147
 147  29]","[ 30  28 179 180 182 183 183 181 181 180 180 180 180 180 180 181 179 180
 180 179 178 178 178 178 176 178 180 179 179 179 178 176 174 174 174 173
 173 173 174 175 173 174 174 173 173 172 172 170 169 170 169 168 167 169
 170 171 168 167 168 171 171 171 170 167 167 168 168 167 167 169 169 168
 168 168 168 168 167 167 168 169 169 167 165 160 153 144 133 128 131 127
 131 128 118 114 110 107 109 133 157 169 172 169 167 168 169 169 169 169
 171 172 172 171 168 168 169 165 163 164 163 164 167 170 169 166 166 166
 167 168 166 167 167 163 160 159 162 164 163 166 167 165 162 162 162 163
 164 165 166 166 166 167 169 170 178 179 180 182 182 181 182 184 184 181
 181 178 167 155 152 153 150 150 149 147 147 148 150 150 152 151 148 148
 149 151 151 150 150 149 148 148 149 148 147 147 146 147 147 147 143 144
 146  29]","[ 29  29 180 180 182 183 183 180 180 179 178 179 179 179 179 179 177 178
 179 178 179 179 180 180 176 178 179 178 177 178 177 175 175 174 172 172
 172 174 175 176 174 173 172 172 172 172 172 171 169 169 169 168 168 169
 171 172 169 168 170 172 171 171 170 168 167 169 168 166 167 171 172 169
 168 168 167 167 167 168 168 168 169 167 164 159 151 143 138 133 130 128
 130 131 132 127 117 113 116 127 145 163 170 168 167 170 170 170 169 170
 171 172 172 171 170 169 169 164 163 164 162 161 168 168 166 166 167 165
 164 167 166 165 164 162 162 163 164 165 166 167 166 163 160 159 160 162
 165 166 167 167 166 166 167 167 178 179 180 181 181 180 181 182 181 182
 179 168 156 153 152 149 148 148 147 146 147 150 151 152 151 151 150 149
 150 151 152 151 150 150 150 150 149 147 146 146 149 147 145 146 145 146
 147  28]","[ 29  29 180 180 181 182 182 179 180 179 179 180 181 180 180 180 179 180
 180 180 180 180 180 180 176 176 176 176 176 177 177 176 176 175 172 172
 173 174 175 175 174 172 171 171 172 173 173 172 171 170 170 170 170 170
 171 172 169 169 171 172 171 170 171 170 171 172 171 167 168 171 171 167
 167 167 167 167 167 168 168 167 167 167 164 159 150 142 139 134 125 133
 139 135 136 130 120 116 116 118 131 151 164 165 166 169 170 169 168 170
 171 170 170 171 170 169 168 165 164 165 163 163 169 167 166 168 169 166
 164 167 165 163 161 161 162 165 165 165 165 165 163 161 159 159 161 163
 165 166 167 167 167 166 165 165 177 179 180 180 180 181 181 180 180 175
 169 160 153 152 151 147 146 146 146 146 148 150 150 149 148 149 151 151
 151 151 150 149 146 149 151 151 148 145 145 147 147 147 146 147 145 146
 147  29]","[ 29  29 180 180 180 180 180 178 177 176 176 178 179 177 177 177 178 178
 177 175 175 175 175 175 175 174 173 174 175 175 175 175 175 174 172 172
 172 173 173 173 172 171 171 171 172 172 172 173 173 172 171 171 171 170
 170 170 169 168 169 170 168 169 170 170 172 172 171 170 169 168 166 165
 166 167 168 167 167 168 168 168 166 166 162 157 147 139 137 131 126 133
 146 143 139 131 125 120 116 115 126 146 159 163 165 167 168 166 166 169
 169 166 166 167 168 166 168 166 166 166 165 167 169 168 167 168 169 168
 166 167 167 166 165 164 165 166 166 166 162 161 160 160 160 160 162 164
 163 164 165 166 166 165 164 163 174 178 180 179 180 180 178 174 167 158
 154 155 154 151 150 150 147 147 147 147 147 147 147 146 146 148 150 151
 151 150 149 147 144 146 148 149 147 145 146 148 145 146 147 148 145 145
 147  30]","[ 29  29 180 180 180 179 179 178 175 174 175 177 178 176 175 176 178 176
 173 171 171 173 175 176 176 173 172 173 175 174 173 173 173 173 172 172
 172 172 172 172 172 172 172 172 171 171 172 173 173 172 171 171 171 169
 167 167 168 166 167 168 167 167 170 170 167 166 167 170 169 165 164 166
 165 167 168 167 166 167 168 168 166 165 160 155 144 137 137 130 126 124
 138 143 142 134 129 120 118 118 130 147 159 163 165 166 167 164 165 168
 168 163 161 164 167 165 167 167 165 165 164 168 168 168 167 166 168 167
 166 165 166 167 166 165 163 163 163 164 162 160 159 160 160 160 161 162
 161 162 164 165 165 164 162 161 170 175 179 179 179 179 173 166 156 152
 151 152 151 149 148 145 146 146 146 146 145 145 145 147 145 146 147 148
 149 149 148 146 147 145 144 145 146 147 148 148 147 146 145 147 147 148
 147  28]","[ 28  32 173 178 179 180 177 177 175 174 175 177 177 174 173 175 172 170
 170 171 172 173 174 173 174 173 174 176 174 171 170 171 171 173 174 174
 173 172 171 170 173 171 171 171 172 172 172 172 168 167 171 173 168 166
 168 167 166 166 167 167 167 168 169 169 163 164 167 168 167 165 166 167
 166 169 167 162 163 165 166 166 166 164 159 152 146 141 136 132 121 121
 139 142 139 132 127 122 121 120 130 141 150 158 160 166 168 168 168 168
 167 165 163 162 162 164 167 169 168 165 165 167 166 167 163 164 168 166
 164 163 166 170 164 163 162 160 166 163 161 157 157 160 161 161 162 162
 163 162 162 165 166 165 165 166 167 172 176 177 177 171 161 154 149 150
 150 148 147 148 147 145 147 147 148 149 148 145 143 142 145 144 145 146
 148 147 147 147 146 146 146 146 146 147 148 150 147 148 146 147 147 147
 147  29]","[ 29  29 166 171 175 178 174 171 168 169 171 172 172 171 170 170 167 166
 167 169 169 169 170 170 170 170 171 174 173 169 166 165 169 172 174 172
 167 165 165 166 168 167 168 169 169 167 168 169 166 164 165 169 170 169
 165 161 160 162 163 163 164 165 165 164 159 163 165 163 161 162 164 165
 161 165 164 160 161 163 164 164 162 164 160 151 144 142 138 131 125 120
 130 134 136 132 127 120 124 120 123 127 139 154 162 168 166 166 165 164
 162 161 160 160 162 162 163 164 165 164 165 167 166 166 164 167 168 165
 165 165 164 163 157 160 162 160 164 161 161 157 156 159 161 162 163 161
 160 160 161 162 163 163 163 164 164 172 175 171 164 157 151 150 150 149
 148 146 146 147 148 148 148 147 148 149 148 146 144 144 147 146 145 145
 144 144 145 146 148 148 147 147 146 146 147 147 147 147 146 147 147 147
 146  28]","[ 30  28 162 164 168 171 166 163 160 163 165 165 166 167 166 164 162 162
 164 166 164 164 165 165 161 161 162 166 167 165 162 160 159 160 161 161
 161 161 162 162 162 161 162 164 162 158 158 161 156 155 154 159 164 163
 158 155 159 160 160 159 158 157 156 155 155 156 155 153 153 155 153 148
 153 157 157 155 155 157 157 157 157 155 150 144 144 143 136 126 123 119
 128 132 134 132 129 124 122 121 123 125 137 154 160 161 164 162 159 158
 159 159 159 159 162 161 162 162 162 161 161 161 164 159 157 163 166 163
 163 160 159 156 150 157 160 156 159 159 158 155 155 157 159 161 161 159
 160 161 162 161 160 160 159 158 163 170 171 164 154 147 146 148 149 147
 145 144 145 146 147 148 148 147 147 147 147 146 146 146 147 147 147 147
 145 144 146 148 148 147 147 147 147 146 146 146 146 147 146 147 147 147
 146  28]","[ 30  29 162 161 161 163 161 160 157 160 162 162 163 164 163 162 160 161
 163 164 162 161 163 163 165 163 162 162 162 160 157 155 159 159 158 158
 159 160 159 158 160 159 160 164 162 157 156 159 153 155 154 155 158 156
 154 156 159 159 158 156 154 153 151 150 150 150 150 151 154 155 152 147
 148 153 153 151 152 153 152 152 154 147 141 141 143 139 128 119 118 117
 123 130 133 133 132 129 125 127 125 121 129 146 156 157 162 158 154 153
 155 156 155 153 157 158 159 160 159 156 153 151 158 154 152 159 160 160
 160 155 151 149 147 152 152 148 151 154 152 151 152 153 155 157 157 154
 160 160 159 158 157 158 156 153 156 158 156 151 147 144 143 145 147 145
 145 146 147 146 145 146 147 146 146 146 147 147 147 148 147 148 150 151
 149 147 146 147 146 146 145 145 146 147 147 146 146 147 146 147 147 148
 148  30]","[ 29  28 161 160 159 162 162 163 161 162 162 164 164 164 164 164 163 162
 164 164 162 162 163 164 165 163 162 161 160 158 157 156 159 161 161 159
 157 157 158 159 159 156 158 162 162 158 156 158 157 159 158 156 155 152
 151 156 156 156 154 152 152 153 153 154 151 151 153 155 155 152 151 152
 151 155 155 153 153 153 152 151 151 148 145 143 140 133 123 115 115 113
 115 124 130 133 132 130 126 130 127 119 120 134 148 153 155 154 152 150
 149 149 148 147 148 151 154 155 153 150 147 145 143 146 148 150 146 145
 149 147 146 146 144 146 146 144 145 147 147 147 150 150 150 151 151 148
 152 152 151 151 153 155 154 151 149 149 145 143 144 145 145 146 147 146
 146 148 149 147 147 147 147 146 146 146 147 147 148 147 147 148 150 152
 151 148 145 143 146 145 144 145 146 147 147 147 147 147 146 147 147 148
 148  31]","[ 29  27 159 159 160 164 162 162 164 163 163 164 165 164 165 165 165 162
 162 163 162 163 164 163 159 160 161 161 161 160 159 159 156 157 157 157
 158 159 160 160 158 156 156 159 160 155 152 152 156 156 156 155 154 152
 151 153 154 154 152 151 152 153 155 156 155 152 151 152 151 147 147 149
 153 155 155 153 153 152 151 150 150 152 149 142 139 137 127 116 113 115
 117 127 132 133 131 130 123 130 130 126 123 128 140 145 147 150 153 152
 148 146 147 149 149 151 152 151 149 147 145 144 144 148 149 149 145 145
 148 146 146 145 143 143 144 145 144 143 144 144 147 148 147 146 146 145
 146 145 144 144 147 150 149 147 146 146 145 144 146 146 146 148 146 145
 146 146 147 147 147 148 148 148 147 146 147 148 148 147 146 146 147 149
 150 149 147 145 148 147 145 145 146 147 146 146 147 147 145 145 145 146
 147  29]","[ 30  28 160 160 162 164 161 160 163 163 163 162 162 164 164 163 165 161
 160 161 162 164 164 162 163 163 164 163 163 162 160 159 161 159 158 158
 161 163 162 159 160 159 159 161 161 158 155 154 156 154 155 156 155 154
 154 154 154 154 153 152 152 153 154 154 154 151 149 150 151 152 152 152
 153 154 153 151 152 151 150 149 149 151 147 140 139 141 134 122 116 121
 121 130 132 132 131 131 129 132 130 128 125 127 139 146 144 148 153 154
 151 149 150 151 152 152 151 149 148 148 147 145 147 149 146 146 148 147
 147 145 148 146 145 144 145 146 145 145 144 143 145 147 146 145 145 145
 145 143 141 142 144 144 144 144 142 144 144 144 144 143 142 145 144 145
 146 145 145 146 147 147 148 148 147 145 146 148 148 147 145 144 145 147
 148 149 148 148 148 147 146 146 146 146 145 145 146 146 144 145 145 146
 146  28]","[ 30  29 163 163 163 165 163 163 161 163 163 160 161 164 165 162 166 161
 159 161 164 166 165 162 161 161 161 161 161 162 161 160 158 159 160 160
 160 162 162 163 157 158 159 162 163 162 160 160 157 154 156 156 152 151
 154 154 154 154 154 154 154 154 154 153 152 153 153 152 151 152 153 153
 154 155 153 152 153 153 152 152 149 150 147 141 138 139 135 130 125 124
 115 123 126 130 131 132 132 132 129 131 129 128 138 144 147 148 150 152
 154 152 149 146 149 149 148 147 148 149 148 147 147 149 147 148 150 147
 147 149 147 146 147 146 144 143 143 148 146 143 144 147 147 145 146 146
 145 143 142 143 143 143 144 145 142 143 144 144 144 142 141 142 144 147
 148 147 146 147 147 146 147 147 145 144 145 148 149 148 146 145 145 146
 147 146 145 145 145 145 145 145 146 146 145 144 145 146 144 145 145 146
 146  28]","[ 29  30 163 160 161 161 164 163 162 162 160 160 160 161 162 162 165 164
 163 163 164 164 162 161 162 162 163 163 162 159 159 160 159 158 158 159
 161 161 161 162 158 157 158 161 162 160 160 161 157 154 152 152 153 152
 153 155 154 153 153 154 153 153 153 154 154 155 154 152 151 149 148 150
 153 152 153 153 151 152 152 151 150 144 146 140 137 138 137 130 125 117
 115 116 126 129 132 132 129 130 130 130 131 133 139 147 149 149 150 152
 152 150 148 147 148 149 148 147 150 153 153 150 150 151 150 149 148 147
 147 147 148 147 146 146 145 145 146 147 147 143 143 146 147 147 146 145
 143 139 140 144 146 146 143 140 141 143 146 147 145 144 143 143 144 145
 148 148 146 145 146 146 146 146 144 142 143 147 148 146 142 143 144 145
 144 143 144 144 144 141 142 146 146 144 143 143 142 143 142 140 141 145
 145  31]","[ 30  29 162 160 161 159 162 162 161 161 160 160 160 161 162 161 163 163
 162 163 164 164 163 161 162 162 163 164 163 160 159 160 160 159 159 160
 161 161 161 161 160 159 160 162 161 159 158 159 155 153 152 152 154 154
 154 154 156 155 154 151 150 151 153 154 154 155 155 154 153 151 149 151
 155 155 156 155 152 152 153 151 151 143 143 138 136 134 133 129 123 120
 115 113 120 131 134 131 127 128 129 130 131 131 136 143 148 149 152 153
 151 147 146 147 149 149 148 145 147 151 153 152 151 151 150 150 150 151
 150 148 146 146 146 146 146 146 146 147 143 140 141 144 145 145 146 146
 145 141 141 144 145 145 143 141 141 143 146 147 147 146 145 145 146 146
 147 147 144 144 146 146 146 146 144 143 144 146 146 144 140 141 142 143
 143 144 145 146 144 141 141 144 144 143 143 143 140 142 142 142 143 144
 143  28]","[ 29  29 162 160 160 157 160 161 162 162 162 162 162 162 162 161 162 162
 162 162 163 163 163 162 162 162 162 164 163 161 160 161 161 160 160 161
 161 161 160 160 160 161 161 162 159 156 156 157 154 153 153 154 155 156
 155 153 154 153 152 150 149 150 151 152 154 155 155 155 155 153 151 153
 152 152 154 154 152 150 146 141 121 108 104 108 120 121 115 110 111 113
 107 105 108 123 127 127 124 126 128 129 129 128 130 135 145 148 152 152
 148 146 147 151 151 151 150 147 147 151 154 154 154 152 151 150 151 152
 150 148 145 144 144 145 145 145 145 145 143 141 142 145 144 144 146 146
 146 143 143 144 144 144 144 144 142 143 145 147 148 147 146 146 147 146
 147 146 143 143 145 145 145 145 144 143 144 146 146 144 142 143 143 143
 143 144 145 146 145 141 140 141 141 141 142 142 141 141 142 143 144 144
 142  28]","[ 29  28 162 160 160 156 159 161 163 163 163 163 163 163 162 162 162 162
 162 162 162 162 162 162 162 161 162 163 163 162 161 162 161 161 161 162
 162 161 160 160 160 160 161 161 159 156 155 156 154 156 157 156 157 157
 155 152 152 151 151 153 154 153 153 153 152 154 154 155 155 154 152 154
 153 151 152 152 149 142 130 118 105  92  84  82  92  97 100 104 106 104
  99 100 105 116 123 126 126 128 130 131 131 129 129 133 145 148 151 149
 146 145 149 154 152 152 151 150 150 153 153 152 153 152 150 149 150 152
 151 149 146 145 144 143 143 143 144 144 144 142 144 146 145 145 146 146
 144 142 142 143 142 143 145 145 144 144 145 147 147 145 144 145 144 143
 144 145 144 144 144 142 143 142 141 140 143 146 146 145 143 144 144 144
 143 143 143 143 143 139 139 140 140 141 144 144 144 142 140 142 142 142
 142  31]","[ 30  29 162 160 159 155 158 159 161 162 163 162 161 161 161 161 161 162
 162 162 162 162 162 162 163 162 161 162 162 161 161 162 161 160 160 161
 162 161 161 160 160 161 161 161 160 157 156 155 154 157 159 158 157 156
 154 152 150 147 147 153 156 154 152 152 150 152 153 154 155 154 152 154
 151 150 151 150 144 134 121 109 105  98  95  91  96  96  95  96 103  97
  93  94 104 113 121 123 124 127 129 131 131 129 130 135 148 150 151 149
 146 146 149 152 150 150 149 149 151 152 151 149 150 149 147 146 147 149
 150 150 146 145 145 145 145 145 145 145 141 140 142 145 145 146 146 145
 141 140 141 142 141 142 144 145 145 145 145 146 145 143 143 145 142 140
 141 143 143 144 143 140 141 140 138 139 141 143 143 142 139 140 142 143
 143 143 142 142 140 137 138 140 141 144 146 147 143 140 138 139 139 140
 140  31]","[ 29  29 162 160 159 156 157 158 161 162 163 162 160 160 161 161 160 160
 161 161 162 162 162 162 163 162 161 161 160 160 160 162 161 159 157 158
 160 161 161 161 161 161 161 160 158 157 156 155 154 157 159 159 157 155
 154 153 151 147 146 151 154 153 151 152 150 152 152 153 154 153 152 153
 149 150 151 147 138 129 121 115 110 102  98  92  97  99  97  92  90  88
  87  83  91  98 111 117 118 122 125 128 129 128 131 137 147 149 151 151
 149 149 149 150 148 147 146 146 148 150 150 148 149 147 145 143 142 144
 145 146 143 144 146 147 147 146 145 145 141 140 141 143 144 144 144 141
 141 140 141 142 142 143 145 144 144 143 143 144 144 142 142 144 142 139
 138 139 140 142 142 140 141 140 139 141 142 142 140 137 136 138 141 142
 143 142 141 140 140 138 138 139 140 141 143 142 139 137 136 138 139 139
 139  29]","[ 29  30 163 161 161 158 159 158 160 164 166 165 162 161 162 163 160 161
 161 162 163 163 162 162 163 162 161 161 159 158 159 160 160 157 154 156
 159 161 161 161 160 160 160 158 156 155 156 157 155 156 157 158 157 154
 154 154 155 152 150 151 153 155 155 154 152 153 152 153 154 152 151 152
 154 153 151 144 134 127 124 121 107 102 106 102 101  98  94  88  81  78
  75  74  76  82  96 109 114 118 123 126 128 128 132 139 146 149 151 151
 151 150 150 150 148 147 145 145 146 148 148 148 148 147 143 141 140 141
 141 141 142 143 145 146 145 143 143 144 143 142 143 143 141 142 142 140
 142 141 142 143 143 145 146 145 142 140 140 143 144 143 142 143 143 141
 140 140 139 141 143 142 141 140 140 142 144 142 139 136 137 139 141 143
 144 143 141 139 141 139 138 138 138 138 139 137 137 136 136 138 139 141
 140  28]","[ 29  30 164 162 162 161 162 160 160 164 167 166 163 162 162 164 162 162
 163 163 164 164 163 162 163 162 161 161 159 157 158 159 160 156 153 154
 157 160 161 161 159 160 160 157 154 155 158 160 157 156 157 158 157 154
 154 155 151 152 151 148 149 152 153 151 153 154 153 153 154 152 150 151
 152 149 146 141 136 133 132 129 120 107 104 102 105 105 102  93  80  68
  58  65  68  73  83  99 108 113 118 122 123 123 128 135 148 151 152 151
 150 149 149 149 147 146 146 145 145 145 145 146 147 145 142 140 141 142
 143 143 144 144 145 143 141 140 140 142 142 142 143 142 140 141 143 142
 142 141 142 142 143 145 146 144 142 139 138 143 146 145 143 142 144 143
 143 142 140 141 143 143 141 140 139 141 143 142 139 137 136 138 141 143
 144 144 142 141 140 138 138 138 138 139 140 138 136 136 136 137 139 141
 141  28]","[ 29  29 162 161 162 163 161 163 162 161 162 163 163 162 161 162 162 162
 162 163 162 161 162 163 160 160 160 160 159 158 158 159 160 159 155 154
 157 162 162 159 158 158 157 154 155 159 160 159 156 156 157 158 157 155
 154 154 151 152 152 151 148 148 149 152 153 154 154 154 153 152 150 149
 150 144 139 136 137 140 139 135 122 119 117 114 112 115 114 106  89  73
  59  60  65  65  70  80  95 101 107 116 117 122 125 129 147 149 149 150
 149 148 149 145 145 147 146 145 146 146 145 146 145 146 146 145 143 142
 142 143 144 143 143 143 142 140 138 138 138 139 140 140 141 142 142 141
 139 138 139 142 144 144 143 143 144 139 138 142 145 143 140 140 138 140
 143 143 142 139 139 140 143 143 141 140 142 144 142 138 139 139 139 140
 142 142 139 136 139 139 138 139 139 138 138 138 140 138 137 135 136 137
 137  31]","[ 29  29 163 164 166 166 162 162 161 161 163 164 163 161 161 162 163 160
 158 159 161 163 162 160 159 160 160 160 159 157 156 156 159 159 156 154
 154 158 160 158 157 157 156 154 154 157 159 159 156 155 154 155 155 154
 153 153 154 154 153 150 147 147 149 152 153 153 153 153 152 152 151 149
 147 143 139 136 135 137 136 134 127 122 120 120 119 121 120 115 107  96
  77  65  64  60  61  69  82  87  96 109 112 115 119 128 142 147 149 151
 149 146 147 146 145 146 144 144 145 146 145 147 147 147 146 144 143 143
 143 144 141 142 144 145 144 142 140 139 138 139 139 138 139 141 141 140
 140 138 138 140 142 142 141 141 141 138 138 140 142 139 138 138 138 139
 141 142 140 138 137 138 142 143 141 139 139 142 142 140 137 138 139 139
 140 140 139 137 137 137 137 138 138 138 139 139 139 138 138 136 135 136
 135  28]","[ 29  29 163 165 168 168 162 161 162 162 164 165 164 162 161 161 161 159
 156 155 158 161 161 159 159 159 160 160 160 158 156 154 156 158 158 155
 154 156 158 158 157 157 156 153 153 156 158 158 156 154 153 154 154 154
 153 153 154 155 154 151 149 148 150 153 154 154 153 153 153 153 152 150
 153 148 145 145 141 136 136 140 133 126 123 123 120 121 125 125 122 113
  88  68  63  61  59  63  68  68  77  97 106 110 112 119 138 145 146 148
 148 145 145 147 144 143 141 142 144 144 144 146 145 145 145 144 143 141
 139 139 138 140 143 144 142 140 138 137 138 138 137 137 138 139 139 138
 139 138 138 138 139 139 138 138 138 138 139 140 139 138 137 137 138 140
 141 141 139 137 137 138 141 142 141 138 137 139 140 139 137 138 139 138
 138 139 139 139 138 138 138 138 138 138 138 138 139 138 138 136 135 135
 134  27]","[ 29  29 161 162 165 167 162 162 162 163 164 165 165 163 161 160 160 160
 157 154 154 158 160 160 158 159 161 162 162 161 157 155 153 156 157 156
 156 157 157 156 157 157 157 155 154 155 156 157 156 155 154 154 154 154
 153 153 152 153 155 154 152 152 153 155 155 155 154 153 152 152 152 152
 146 149 147 140 136 136 137 137 128 123 123 126 124 124 125 124 121 113
  98  86  83  82  75  67  70  70  77  92  98 103 110 121 136 144 143 144
 148 146 146 147 144 143 141 142 144 142 141 144 142 143 143 142 141 139
 138 137 139 141 142 142 140 138 136 136 138 137 137 136 137 137 138 137
 138 138 138 138 137 137 137 138 137 138 140 140 139 139 139 138 139 140
 140 139 138 138 138 139 138 140 140 138 138 138 138 137 139 139 139 138
 138 139 140 140 139 139 138 137 136 137 137 137 139 138 138 137 136 137
 135  29]","[ 29  29 161 162 164 165 162 162 161 161 162 163 165 165 162 160 159 159
 157 154 154 158 160 161 160 161 162 163 164 161 158 155 153 154 154 154
 156 157 156 154 156 156 156 155 154 154 155 155 155 155 155 156 154 153
 152 152 151 153 154 154 154 153 154 155 154 155 154 152 150 150 152 153
 150 150 146 142 137 132 130 135 130 126 126 129 128 129 127 122 116 106
 101  98  93  95  93  82  87  81  76  82  89  99 105 113 131 144 145 144
 147 147 146 146 147 145 144 145 145 142 139 141 142 142 143 142 140 139
 140 142 140 141 141 139 139 139 139 139 139 138 137 137 137 137 136 136
 138 139 140 139 137 136 137 138 137 138 139 139 139 140 139 138 138 138
 138 136 136 138 138 138 138 138 138 138 139 140 139 137 139 138 137 137
 138 140 140 139 138 138 137 135 135 136 138 138 138 137 137 136 136 137
 136  29]","[ 29  29 163 163 165 165 161 162 159 159 159 161 163 164 162 160 159 157
 154 153 155 159 160 159 163 163 163 163 162 160 156 153 157 155 154 154
 157 158 157 155 154 154 155 155 155 154 154 154 154 155 157 157 155 153
 153 153 153 153 153 152 152 152 152 153 152 154 154 153 151 151 153 154
 155 150 142 134 126 114 107 111 115 117 124 130 128 128 129 127 125 114
 110 108 102 106 111 105 104  97  88  90  96 105 107 109 123 139 146 147
 147 145 146 146 147 147 146 146 145 141 138 139 140 142 144 144 142 139
 138 138 137 138 138 136 137 140 142 142 140 139 138 138 137 136 135 135
 138 140 141 139 137 136 137 137 137 138 139 139 139 139 138 137 137 137
 135 134 135 138 138 137 139 138 136 136 138 140 140 139 138 137 136 137
 139 141 140 138 138 138 137 135 134 135 137 137 137 136 137 135 135 135
 135  29]","[ 29  29 162 163 164 164 160 161 159 160 160 160 161 162 162 160 158 156
 155 155 157 159 160 160 163 163 162 162 161 159 156 154 159 158 157 157
 159 160 159 157 154 153 154 155 155 154 153 153 153 154 156 157 156 155
 154 154 154 153 152 152 152 152 151 150 151 153 155 154 154 154 154 153
 149 155 143 123 115 111 101  91  85  92 109 125 128 127 128 128 125 121
 121 122 120 120 118 113 109 110 108 107 101 103 106 111 118 130 139 145
 145 142 145 145 143 145 146 145 144 142 139 139 140 141 143 143 141 138
 135 132 134 136 137 136 136 138 140 141 140 138 138 138 138 136 135 135
 138 139 138 137 136 137 137 136 137 137 138 139 139 138 138 137 139 137
 134 132 135 138 139 137 139 138 137 136 138 139 139 138 137 137 137 138
 139 140 138 136 136 137 136 133 132 133 135 135 133 135 138 136 134 133
 134  29]","[ 29  28 160 160 162 163 159 160 161 162 162 160 160 161 161 160 159 159
 160 160 159 159 161 164 162 161 161 161 161 160 158 157 156 158 159 161
 161 160 159 158 155 154 154 155 155 154 153 153 152 152 154 155 156 155
 154 154 152 151 151 153 154 153 151 149 151 152 154 155 155 155 153 151
 147 145 134 125 122 114 103 101  93  88  97 113 123 126 128 129 130 131
 129 131 137 135 127 123 128 123 116 115 111 110 108 110 117 122 129 140
 143 141 143 143 140 144 145 144 145 144 142 142 144 142 139 138 138 139
 138 137 134 138 140 139 137 137 139 139 138 137 137 138 138 137 136 136
 138 137 136 134 136 138 138 136 135 136 138 139 139 137 137 138 139 137
 133 131 134 138 138 136 139 138 138 138 137 137 135 134 136 136 137 137
 138 138 135 132 130 132 133 131 130 132 134 134 131 134 139 137 133 132
 133  30]","[ 29  29 160 161 160 160 159 159 159 160 161 161 160 161 160 159 156 159
 160 158 157 159 161 162 162 161 160 160 160 160 160 159 159 158 157 158
 159 160 159 159 154 154 153 153 154 154 154 154 154 154 155 154 154 155
 155 154 153 153 153 154 155 155 155 153 154 154 154 153 151 152 150 147
 142 139 131 128 127 124 119 111 103  93  89 103 111 119 130 129 134 137
 134 133 131 136 133 131 139 127 126 122 116 116 112 110 112 120 129 140
 141 145 142 141 139 140 142 143 143 142 142 143 143 140 139 139 139 139
 139 139 139 139 140 141 139 137 136 137 137 134 135 138 138 136 136 137
 139 136 135 137 139 138 137 138 138 138 138 137 137 137 136 135 140 136
 133 133 134 135 135 135 137 137 137 137 136 134 134 134 134 134 134 134
 135 135 133 131 130 131 131 130 132 133 132 130 129 133 136 135 133 132
 134  28]","[ 29  29 161 161 160 160 159 158 157 158 160 161 161 160 159 159 154 157
 158 156 155 157 159 160 160 160 160 159 158 158 158 158 158 157 156 156
 157 158 159 159 154 152 151 151 153 154 154 154 155 155 155 154 154 154
 154 153 155 155 154 153 153 154 154 153 153 151 152 154 153 152 147 140
 139 136 131 132 133 129 126 122 106  97  94  97 104 110 116 123 130 131
 132 135 135 137 137 138 136 130 133 130 124 124 118 111 110 111 124 143
 144 145 143 141 136 136 137 138 138 138 139 140 140 139 138 138 138 138
 138 138 140 139 140 140 139 137 136 136 133 133 135 137 134 132 134 137
 136 135 136 137 137 136 136 138 138 138 138 136 135 135 136 136 136 133
 130 130 131 133 136 138 137 138 138 136 133 132 132 133 129 132 134 134
 133 131 130 129 129 130 130 130 131 133 131 129 129 131 132 131 131 132
 134  28]","[ 29  29 160 161 159 159 158 156 155 155 157 160 161 160 159 159 155 156
 157 155 155 156 158 158 159 159 160 159 158 157 158 158 158 157 155 155
 155 156 157 158 157 154 151 151 153 155 154 153 154 154 154 154 154 155
 154 154 153 154 154 153 153 154 153 153 152 151 153 154 152 148 143 138
 137 134 132 137 138 133 131 130 118 109 102  96 101 107 108 119 126 127
 130 131 134 135 138 140 140 137 137 132 127 129 126 120 113 104 115 138
 140 141 143 142 141 139 138 138 138 138 139 140 138 138 139 138 137 136
 136 138 139 139 139 138 138 137 136 135 136 136 138 138 134 133 135 136
 134 135 138 138 135 132 134 137 137 138 138 137 135 136 137 138 136 133
 130 129 130 131 134 136 134 136 135 133 132 133 133 133 130 130 130 130
 130 131 131 130 130 130 130 131 132 133 131 129 130 131 130 130 132 135
 137  29]","[ 28  28 159 159 158 158 157 156 154 153 155 159 161 159 158 159 158 159
 158 158 157 157 157 158 159 160 160 159 158 158 159 161 158 158 156 155
 154 154 155 156 159 156 153 153 154 155 155 154 154 154 154 154 154 155
 154 153 149 151 152 153 154 155 154 153 152 152 154 152 145 139 140 141
 140 139 138 143 144 139 137 135 128 116 105  98 100 105 107 112 121 125
 131 131 136 137 140 138 139 139 140 139 137 138 135 128 120 110 115 130
 135 138 141 141 141 139 137 136 137 137 138 139 138 139 140 139 137 135
 135 137 137 137 137 136 136 138 137 135 138 138 137 136 134 135 135 132
 129 131 134 135 133 132 134 137 136 137 138 137 136 137 137 137 136 134
 131 131 132 132 131 131 134 135 133 130 131 135 135 132 133 133 132 131
 130 130 130 129 130 130 131 132 133 133 132 130 131 131 131 132 134 137
 138  30]","[ 29  29 159 159 158 159 158 157 155 153 154 158 160 158 158 159 161 160
 160 161 160 158 158 160 159 159 159 159 158 158 160 161 159 159 158 157
 155 154 154 154 155 154 153 153 154 155 155 155 155 155 155 154 154 154
 153 151 148 149 151 152 153 154 154 154 153 152 153 148 139 135 138 142
 142 142 141 146 148 145 142 138 132 121 109 104 100 101 109 108 107 110
 119 123 130 129 131 131 134 135 137 140 142 142 139 133 127 124 122 126
 134 137 137 138 137 135 134 135 136 137 139 140 138 139 140 140 137 135
 135 136 134 134 134 133 135 137 137 135 138 138 138 137 135 136 136 133
 131 131 131 132 131 131 131 132 135 134 133 133 134 136 137 137 136 133
 130 131 133 133 132 131 136 136 134 130 129 132 132 130 130 135 139 137
 131 126 125 125 129 129 130 131 132 132 131 131 131 132 130 130 132 134
 137  29]","[ 29  28 158 159 159 159 159 159 157 156 156 158 159 158 158 159 159 159
 161 162 161 159 159 161 158 158 157 157 157 157 158 159 158 158 159 159
 157 155 154 154 154 154 154 154 154 154 154 154 154 154 154 154 155 155
 154 152 151 151 151 151 151 152 154 154 154 152 150 146 140 138 141 142
 143 143 142 147 150 148 147 142 136 126 115 111 100  97 108 108 107 103
 104 110 114 115 122 132 132 135 136 140 142 141 140 136 129 131 125 119
 128 132 135 138 136 135 135 135 135 136 137 138 137 137 138 138 137 136
 135 135 132 132 132 132 133 135 134 133 135 137 140 138 135 136 137 137
 134 133 131 130 131 131 131 130 134 132 130 129 131 134 137 137 136 133
 129 129 131 132 131 131 132 134 134 130 126 126 129 131 130 134 136 134
 130 126 125 125 129 129 130 131 131 130 131 133 132 133 131 129 129 132
 135  29]","[ 30  28 159 159 160 161 161 160 160 159 158 158 159 159 158 157 157 157
 160 163 161 158 158 161 158 157 156 156 157 157 156 156 157 158 159 160
 159 157 155 154 154 154 154 154 154 154 154 155 153 154 154 154 155 155
 154 152 151 152 152 152 151 152 153 153 152 149 147 145 143 145 147 147
 147 145 142 147 150 148 148 146 139 128 118 110  99  94 100 106 107 101
  92  89  88  97 112 127 128 138 142 147 149 146 144 138 132 131 126 118
 121 123 130 135 133 134 134 134 132 132 133 135 136 135 134 135 135 135
 133 132 131 131 131 133 134 134 132 132 130 132 135 135 132 132 133 133
 130 129 128 129 131 135 137 137 135 133 130 129 130 133 135 136 136 133
 130 129 129 129 130 130 129 131 132 129 126 126 129 132 132 132 130 129
 129 130 130 129 130 130 131 131 130 130 132 136 134 135 133 132 132 133
 136  29]","[ 30  29 160 161 162 163 163 162 162 162 160 159 159 160 158 156 156 157
 159 163 161 157 157 160 159 158 157 157 158 158 156 154 157 158 160 160
 160 158 155 154 151 151 152 153 155 156 157 158 156 156 155 155 154 153
 151 149 149 151 153 154 154 154 153 153 148 147 145 143 143 147 152 152
 146 141 137 142 143 139 140 142 144 131 120 108 102  98  96 106 105 103
  91  80  75  92 110 122 124 136 140 141 143 145 148 145 136 131 132 125
 120 115 122 125 131 133 134 134 133 133 135 138 136 133 131 132 133 133
 131 129 131 130 132 135 136 134 132 132 132 131 133 134 133 132 131 129
 130 130 129 128 129 132 135 137 135 134 133 131 130 131 132 132 132 131
 130 129 129 129 130 131 133 131 130 130 130 130 131 132 131 132 132 131
 130 130 130 129 131 131 131 131 129 129 133 137 135 137 137 137 137 137
 137  29]","[ 29  29 161 163 163 163 162 161 161 163 161 158 158 160 160 158 157 158
 160 161 158 155 157 162 163 158 156 158 159 156 154 154 160 161 160 159
 158 155 153 154 151 152 153 153 154 155 157 157 155 155 155 155 154 153
 153 153 154 152 151 152 153 153 152 152 145 148 140 137 145 148 148 152
 144 136 132 132 138 140 137 144 145 137 124 114 104  97  98 100 101  97
  88  75  73  83  99 109 121 133 137 143 145 142 139 133 135 137 133 128
 124 119 116 120 129 129 136 137 133 133 136 137 136 133 132 133 133 133
 131 130 129 131 135 137 138 136 134 132 130 130 133 135 134 132 130 128
 129 130 130 129 127 126 129 134 135 135 134 135 135 132 129 130 130 131
 130 129 129 129 130 130 136 135 132 130 130 132 133 133 135 135 134 134
 134 130 129 132 132 132 132 132 134 135 136 137 137 142 142 140 137 140
 144  28]","[ 29  29 162 163 162 162 162 162 162 162 161 160 160 160 160 160 160 161
 161 159 158 158 160 162 159 159 159 157 155 155 157 159 162 160 157 155
 154 155 155 154 152 153 153 153 153 154 155 155 153 153 153 153 154 154
 154 154 154 153 154 155 155 154 152 150 147 147 143 143 147 146 140 141
 132 134 133 125 127 135 139 147 147 142 131 123 115 106 101  96  95  97
  88  76  69  72  82  97 112 128 142 146 148 144 142 138 139 137 132 128
 126 121 117 116 118 117 125 133 134 134 135 135 137 136 135 135 135 134
 132 131 132 132 133 135 137 136 134 131 131 129 130 134 135 135 133 130
 133 132 132 130 127 126 129 132 137 137 136 136 138 136 134 134 130 129
 130 132 132 131 133 135 136 137 136 135 135 136 136 136 138 140 140 139
 138 134 134 138 139 138 136 136 136 138 139 139 141 144 143 143 142 144
 146  29]","[ 29  29 161 162 161 162 162 162 163 161 161 162 162 161 161 162 161 162
 161 156 156 160 162 160 159 161 160 156 154 155 159 162 162 157 154 152
 152 156 158 154 154 154 154 154 154 155 154 153 151 151 151 152 153 154
 154 153 153 154 155 154 154 154 152 149 147 140 141 143 146 142 131 129
 129 130 125 118 124 134 136 139 143 140 132 127 123 117 109 100  95 109
 110  98  72  59  64  85  97 117 141 145 148 142 140 137 140 136 132 129
 125 122 118 115 114 111 117 130 136 135 134 133 137 137 137 136 136 134
 132 131 131 133 136 137 136 135 134 135 135 131 130 133 136 138 136 133
 137 136 135 134 132 130 131 133 136 138 137 137 140 140 138 138 138 136
 136 137 135 132 132 135 138 138 138 136 135 137 138 139 138 140 141 141
 140 138 140 145 142 140 138 137 137 139 140 141 144 144 143 144 145 146
 146  28]","[ 29  29 160 161 161 162 162 162 161 161 162 162 162 162 162 163 161 162
 160 156 156 160 161 159 163 162 160 157 156 158 159 160 159 155 155 154
 153 158 160 153 154 155 155 155 155 155 154 153 152 151 152 152 154 154
 153 152 153 154 153 151 151 153 153 150 150 135 137 142 146 144 133 131
 131 132 129 125 122 119 125 138 146 142 134 130 127 121 115 107 105 113
 112 103  73  61  62  76  86 103 131 137 146 142 142 144 140 135 133 130
 124 121 121 119 117 113 116 128 137 137 137 136 137 136 136 136 136 136
 134 132 132 135 139 140 138 137 137 138 138 134 133 135 137 138 139 136
 138 138 138 138 137 135 134 134 135 138 138 136 138 138 136 136 138 138
 139 139 137 135 136 139 139 139 136 132 131 133 137 139 138 138 137 137
 137 138 140 144 140 139 137 137 138 140 142 143 145 143 141 144 145 145
 144  28]","[ 30  29 159 160 161 162 162 161 159 161 162 161 161 162 163 162 161 162
 161 159 159 159 160 159 163 161 159 160 160 158 157 158 158 156 158 157
 154 158 159 153 154 154 155 155 156 156 155 154 153 153 154 155 155 155
 154 153 153 153 152 150 150 153 153 151 149 131 133 140 145 147 138 136
 135 133 131 130 120 104 109 127 143 141 135 132 128 122 118 113 109 109
 110 108  78  68  64  63  59  74 107 122 139 138 138 140 142 136 133 130
 124 123 123 121 116 116 117 128 138 140 142 141 139 138 137 137 138 139
 137 135 137 136 137 139 140 140 138 137 139 137 137 138 137 137 139 138
 138 138 137 137 136 135 133 132 135 138 139 136 135 133 131 130 133 136
 138 136 134 135 137 137 138 138 136 133 131 133 136 137 139 137 134 133
 135 136 137 138 139 139 138 138 139 141 142 143 144 142 140 143 143 143
 144  29]","[ 30  28 159 160 160 161 161 160 158 161 161 159 159 161 162 161 161 161
 161 161 160 159 159 160 160 159 160 162 161 156 155 157 158 158 160 158
 155 156 158 155 156 157 157 158 158 158 158 157 153 154 156 156 155 155
 154 154 154 154 153 152 153 154 152 150 145 131 131 138 143 144 138 135
 136 131 127 130 123 103  97 105 134 138 138 137 131 125 121 116 107 107
 114 116  90  76  67  59  60  74  99 117 135 138 142 147 144 137 131 128
 126 125 124 121 117 119 119 130 140 141 143 142 143 142 141 140 141 142
 140 137 139 138 137 137 137 137 137 137 136 136 138 139 137 136 138 138
 139 137 135 132 132 132 131 130 133 136 137 136 134 132 129 129 133 137
 138 134 131 131 132 130 135 136 138 138 137 137 136 134 138 136 132 132
 136 138 138 138 139 138 138 138 139 139 139 139 141 141 140 143 142 142
 144  30]","[ 29  29 160 160 160 160 160 160 158 160 160 159 159 159 160 161 162 161
 160 160 160 159 159 159 158 159 161 163 161 157 155 155 157 158 159 158
 157 156 157 157 158 159 160 159 159 159 159 158 154 156 157 157 155 154
 155 156 156 155 154 154 155 155 152 150 145 138 136 141 144 144 140 136
 132 133 129 128 115  93  89  98 129 141 145 141 135 129 125 118 111 103
 103 107  96  83  73  67  82  95 108 118 127 133 142 148 139 135 130 128
 129 127 123 122 122 122 118 131 142 139 140 138 142 143 143 141 141 141
 140 137 137 138 139 137 134 133 136 138 135 134 136 138 138 137 136 134
 138 136 133 130 129 130 131 130 131 133 134 134 135 133 130 131 131 134
 135 133 131 131 131 131 132 134 136 137 138 138 136 132 132 134 133 133
 137 139 139 140 138 138 138 138 138 137 136 136 137 140 141 143 142 143
 144  29]","[ 28  29 161 161 159 159 160 160 159 159 159 160 159 158 159 161 162 162
 160 159 159 160 160 159 159 161 162 161 161 160 156 152 154 156 158 159
 159 157 156 158 158 159 160 159 158 158 158 157 157 159 160 158 155 154
 156 158 158 155 153 154 156 155 153 151 146 143 140 143 144 142 141 138
 132 130 120 114  98  77  81  96 119 135 142 137 132 131 130 122 108 105
 105 105  97  78  69  74  83 106 121 131 132 130 130 127 133 134 131 130
 131 128 125 126 125 122 115 130 143 138 137 137 138 141 142 141 139 138
 138 136 137 138 138 138 136 136 136 137 135 133 135 138 139 138 135 130
 135 134 132 129 129 131 131 130 132 132 131 133 135 132 129 130 131 132
 133 133 131 129 130 131 133 133 132 133 135 136 134 132 130 133 134 134
 135 136 136 138 138 138 138 139 139 138 137 136 136 140 142 145 144 144
 145  29]","[ 28  33 162 161 159 161 162 162 160 159 158 160 159 158 159 161 163 161
 159 159 161 163 163 161 159 163 164 162 159 158 157 157 160 161 161 159
 159 160 161 162 160 162 162 161 162 163 162 160 159 163 165 162 158 157
 159 161 160 158 156 156 158 159 158 156 150 141 138 139 139 142 141 133
 126 114 109 103  92  87  91  99 103 124 131 137 133 125 131 130 118 107
  98  91  79  72  72  72  88 111 127 138 139 136 138 130 129 129 131 132
 130 127 126 123 124 125 117 136 139 137 137 138 137 140 141 139 138 139
 139 138 138 139 138 138 138 136 135 137 133 135 137 138 138 137 134 132
 135 133 133 133 132 131 133 137 136 135 132 132 136 137 136 135 131 129
 130 132 133 135 136 134 132 135 135 131 129 131 133 134 133 132 135 138
 137 135 135 137 138 137 138 139 139 138 137 135 136 139 142 144 146 144
 146  29]","[ 29  29 158 160 162 162 161 159 161 162 162 161 159 158 157 157 162 163
 163 162 161 161 163 164 162 165 167 166 164 162 160 158 168 166 163 162
 165 167 167 165 163 163 164 166 167 166 164 163 163 166 167 164 160 160
 161 162 164 162 161 162 165 165 163 161 151 141 136 135 133 134 132 125
 109 103 102 103 101  99  96  97  96 112 123 140 145 139 141 138 120 102
  81  68  66  70  74  75  97 114 125 135 139 140 144 138 135 131 130 131
 131 130 127 123 124 123 119 138 140 140 138 140 137 140 141 141 139 139
 138 138 139 139 138 137 137 135 133 135 135 135 135 134 134 134 134 134
 138 136 136 136 136 135 136 138 137 135 130 131 135 136 133 131 132 132
 134 136 136 137 138 136 135 136 135 132 130 131 133 134 135 134 135 136
 135 133 134 137 138 138 137 137 138 138 137 136 136 139 143 145 146 144
 146  29]","[ 31  27 155 157 160 162 162 162 157 162 165 164 164 166 166 165 165 168
 169 168 166 166 168 169 169 170 171 171 170 168 166 164 170 170 168 167
 168 170 171 171 167 166 167 170 170 168 166 167 166 167 167 164 162 162
 162 161 166 164 165 168 170 168 165 163 156 144 136 135 133 131 128 122
 115 113 112 109 108 104  97  97  97 103 109 128 141 140 146 148 130 115
  89  69  66  73  81  85 111 122 126 132 136 139 143 138 138 135 135 133
 129 127 127 126 123 117 121 140 141 143 140 141 140 141 143 144 142 139
 138 139 140 140 138 137 137 135 134 136 137 137 135 134 134 137 141 143
 140 138 137 138 138 137 137 137 135 132 128 129 136 138 134 132 130 131
 134 134 134 136 139 138 139 137 134 133 132 133 135 135 136 135 136 136
 135 133 134 136 138 137 136 135 136 137 137 137 136 139 142 143 145 143
 146  30]","[ 30  32 171 174 175 173 171 169 169 176 180 177 176 179 179 177 171 171
 172 172 173 174 173 172 174 174 174 173 172 172 171 171 168 169 170 170
 171 171 172 172 169 168 168 169 169 168 168 169 167 167 167 164 163 163
 162 162 166 165 166 168 169 165 162 161 160 146 137 137 138 136 133 129
 126 123 119 113 110 104  96  98 100 102 103 117 127 128 138 144 135 127
 107  89  82  84  90  97 115 123 127 132 137 141 145 141 139 139 139 135
 127 123 125 126 119 110 122 140 141 144 141 142 142 143 145 146 143 139
 138 139 139 139 138 137 137 137 136 138 139 138 136 133 132 134 138 140
 139 138 137 137 137 136 135 136 138 135 131 131 135 135 132 129 126 128
 131 130 129 133 138 139 141 137 134 134 135 136 136 137 135 136 137 138
 136 134 134 136 137 137 136 137 138 138 138 137 137 138 140 141 143 143
 146  30]","[ 28  29 174 174 174 173 173 170 172 178 180 176 174 176 176 173 173 173
 172 173 175 176 174 172 175 175 175 174 172 171 171 172 168 168 168 170
 173 172 170 168 169 170 169 167 167 168 168 167 168 169 169 167 165 164
 165 165 165 165 166 167 166 162 161 161 158 145 136 138 142 141 138 136
 132 126 120 116 113 105  95  97  98 103 105 115 122 123 128 130 128 120
 106  96  94  95  98 105 116 124 132 138 141 144 145 144 143 141 139 135
 129 124 123 121 118 109 125 141 140 144 142 143 143 142 143 144 141 137
 136 138 137 138 137 136 137 138 138 140 138 137 135 132 131 132 134 135
 137 137 136 135 135 134 135 136 137 136 133 132 135 134 132 131 128 129
 132 131 129 132 136 137 139 136 133 134 136 137 137 136 134 134 136 137
 136 134 134 136 137 137 138 140 141 141 139 138 138 138 139 140 144 144
 147  30]","[ 31  30 173 169 170 174 177 175 173 176 178 175 174 176 176 174 174 175
 175 175 174 174 174 174 175 175 175 175 173 171 170 171 167 168 170 171
 170 168 166 166 168 170 170 168 167 168 168 166 167 168 168 167 165 164
 165 166 166 166 167 167 166 164 163 163 155 144 136 138 142 142 139 139
 138 130 124 117 110 101  94  97  98 102 102 106 114 119 122 120 120 112
 102  99  99 101 108 116 123 130 137 141 142 141 141 140 144 142 141 137
 130 125 123 121 119 115 131 144 142 144 144 143 143 142 141 141 139 136
 136 138 138 138 136 135 138 139 139 140 136 136 135 133 134 135 135 134
 136 136 136 135 135 135 136 136 135 135 135 134 136 136 135 136 132 133
 135 135 133 133 134 134 135 133 131 132 135 136 136 134 131 131 132 132
 132 132 133 135 136 136 138 140 142 142 140 139 138 139 141 143 146 145
 146  28]","[ 29  28 176 174 175 175 176 173 178 178 177 177 176 175 174 174 175 176
 176 175 173 173 174 175 175 174 173 174 173 172 171 171 168 170 172 170
 166 163 165 169 168 169 169 168 168 168 168 167 166 166 165 164 162 162
 163 165 166 167 167 166 167 167 165 162 154 147 140 140 142 141 139 140
 136 129 124 114 103  97  95  98  98 100  97  97 104 112 114 111 109 106
 106 108 109 112 121 129 129 132 137 140 141 142 142 143 143 140 139 137
 131 127 125 123 120 120 136 146 144 143 144 143 143 141 140 140 139 137
 138 139 138 138 135 134 137 139 139 139 138 137 135 134 134 135 133 131
 134 135 136 137 138 138 137 136 138 139 138 137 137 136 135 136 136 133
 134 136 134 133 133 132 133 132 131 131 133 136 135 133 130 130 130 131
 131 133 134 135 136 135 136 137 139 140 140 140 140 141 143 144 146 144
 146  28]","[ 29  28 178 176 175 172 175 176 178 175 175 177 177 175 174 175 176 175
 174 172 173 174 174 173 175 172 170 171 172 172 172 173 172 171 170 168
 165 164 167 171 169 168 167 168 167 166 168 170 168 166 163 162 162 162
 163 165 165 166 165 165 167 168 165 159 155 150 145 142 143 140 139 141
 137 129 124 115 106 103  99  95  95  99  98  97 102 105 104  99  94  95
 105 115 119 124 132 135 137 137 138 139 141 144 145 147 143 137 133 133
 134 133 129 124 119 123 138 147 145 142 145 142 142 141 139 139 139 139
 139 140 137 137 133 132 136 138 138 137 138 136 134 135 138 140 138 136
 135 136 138 140 141 142 139 137 136 138 138 137 138 137 136 138 137 132
 131 133 133 132 133 133 132 132 131 130 132 135 135 133 132 132 133 134
 135 136 136 136 136 135 134 135 137 139 141 142 142 143 144 143 144 142
 145  29]","[ 29  29 174 177 175 174 173 173 176 175 175 176 174 172 173 175 177 175
 171 168 172 176 175 173 179 176 173 173 173 174 173 172 171 171 171 168
 166 166 169 171 169 167 167 167 167 167 168 169 166 164 163 164 164 162
 162 164 164 163 162 162 165 166 163 159 157 152 144 139 141 143 142 141
 141 135 128 120 115 113 108 100 100  92  89  95 101 102  98  93  96  98
 111 122 122 128 137 139 140 139 137 136 138 144 147 145 143 137 134 133
 133 132 126 118 118 128 134 140 143 144 144 142 138 137 138 138 137 138
 140 140 137 137 135 134 135 138 139 139 137 137 137 138 139 139 138 137
 138 137 137 139 142 142 138 134 135 136 136 135 136 138 137 134 134 133
 132 131 132 134 134 133 133 131 131 133 137 137 136 135 136 137 137 136
 136 137 138 137 138 138 137 136 137 138 139 139 140 142 142 144 143 143
 145  30]","[ 29  30 176 179 177 176 174 174 174 174 175 175 174 173 173 174 174 173
 170 168 172 176 175 174 174 174 174 175 176 175 174 173 172 172 171 169
 168 168 170 172 170 168 168 168 168 167 167 168 167 165 164 164 164 163
 162 163 163 162 162 164 166 165 162 160 161 155 144 138 139 141 142 143
 143 138 131 124 120 118 114 108 109 101  96 100 106 107 101  94  98  99
 116 127 131 138 145 145 143 141 140 139 140 146 147 144 140 137 134 132
 130 126 120 113 117 131 139 143 143 142 144 143 139 139 140 141 139 139
 140 139 138 137 135 134 135 137 138 137 137 137 138 138 138 138 137 137
 137 135 134 136 138 139 137 134 135 135 136 136 136 136 137 137 133 133
 133 133 134 134 132 130 132 131 131 134 137 139 138 137 136 136 136 137
 136 136 135 136 136 137 138 137 137 137 138 139 140 143 145 148 147 146
 146  28]","[ 29  30 177 180 179 177 175 175 174 175 175 175 174 174 174 173 173 173
 170 169 172 174 173 172 171 173 175 176 177 176 175 174 172 171 170 169
 168 169 169 169 169 169 168 169 169 167 167 167 167 166 165 164 164 165
 165 165 164 163 164 165 166 165 162 161 161 155 144 136 138 142 144 146
 143 138 133 127 123 121 119 114 111 105 102 106 113 116 109  99 102 103
 125 131 138 143 146 146 151 149 146 144 144 147 146 142 135 135 133 131
 128 126 122 118 123 137 144 145 144 144 146 145 141 141 141 141 139 139
 140 139 140 139 137 136 136 136 136 136 137 138 138 138 138 137 137 137
 137 135 134 134 136 137 137 136 137 133 131 134 137 138 137 137 134 134
 134 135 137 136 133 130 130 130 131 134 137 138 138 138 135 133 133 135
 135 133 131 132 135 137 139 139 137 137 138 139 142 144 143 143 143 145
 147  29]","[ 28  30 177 180 178 176 174 174 175 176 176 175 175 176 175 173 173 173
 171 170 172 173 172 171 172 173 174 174 175 175 174 174 173 172 171 170
 169 168 168 168 170 170 169 169 168 167 166 166 166 166 165 164 165 166
 167 166 166 166 166 164 164 165 164 163 161 156 145 138 140 144 145 145
 141 138 134 130 125 122 120 116 110 108 107 110 116 119 113 103 100 103
 130 133 141 146 149 151 155 153 152 149 147 147 145 141 138 137 133 130
 128 126 123 122 129 141 145 146 146 147 148 146 144 142 142 141 139 140
 142 142 142 141 140 138 137 135 135 136 137 138 138 138 137 137 137 137
 137 136 135 135 136 137 137 137 135 132 130 132 135 136 136 136 136 135
 134 135 137 138 135 132 130 130 132 135 137 137 136 136 133 132 132 133
 133 131 130 131 135 137 139 139 138 138 139 139 142 144 142 140 139 144
 147  30]","[ 29  30 176 179 177 174 173 174 175 176 177 175 175 176 175 173 172 172
 171 171 174 174 173 173 173 173 172 173 173 174 173 172 174 174 173 172
 170 169 169 170 171 171 170 168 167 166 165 164 166 166 166 165 165 165
 165 164 165 167 165 161 162 166 167 166 165 160 148 141 142 145 145 143
 140 138 137 134 129 125 122 119 115 115 114 113 114 117 113 104 102 106
 131 133 144 151 152 154 152 152 153 151 147 146 145 142 138 135 131 129
 129 126 122 122 128 139 144 145 146 146 147 144 144 142 142 142 140 141
 144 144 142 141 141 140 137 134 134 137 137 137 138 138 138 137 138 138
 137 136 136 136 137 137 137 137 131 134 135 132 130 132 135 137 137 136
 135 135 137 138 136 133 131 132 133 135 135 135 135 136 134 135 134 133
 132 133 134 133 135 136 137 138 138 139 139 138 139 144 145 145 144 146
 147  29]","[ 29  30 176 178 176 174 173 174 174 175 175 175 175 175 175 174 174 174
 173 173 175 174 173 173 173 172 172 173 173 173 172 170 172 173 173 171
 169 168 169 171 169 169 168 167 167 167 167 167 168 168 168 167 165 164
 163 162 162 164 163 160 162 167 169 167 166 161 150 142 142 145 145 144
 139 139 140 138 132 128 126 124 121 120 118 114 114 118 117 111 108 111
 128 132 144 153 153 152 152 152 153 151 146 144 142 139 134 132 129 129
 131 125 119 121 127 139 145 147 147 144 144 143 142 141 143 143 141 142
 143 142 142 141 141 142 140 136 135 138 137 137 138 138 138 138 138 138
 138 138 137 137 138 137 137 137 134 137 138 134 132 134 137 138 137 137
 137 137 139 138 135 132 133 133 133 133 133 133 136 138 136 137 136 132
 132 134 136 136 136 136 136 137 139 141 140 138 137 142 145 146 145 146
 146  28]","[ 29  30 176 178 176 174 174 175 174 174 174 175 174 173 174 175 176 176
 174 174 175 174 172 172 174 174 174 173 173 172 171 171 171 171 171 169
 168 167 168 169 167 168 169 168 168 169 169 167 167 167 168 168 166 163
 162 162 162 162 162 163 165 167 167 166 163 161 153 144 143 146 147 147
 142 142 143 141 135 131 131 130 125 123 120 117 119 123 123 117 109 115
 127 133 143 153 155 154 154 153 153 150 145 141 137 134 133 131 129 130
 129 118 112 118 135 143 146 149 148 144 144 144 143 142 143 144 142 142
 142 141 143 140 140 143 142 138 137 139 138 138 138 138 139 139 139 138
 141 140 139 138 138 138 138 138 139 138 136 135 136 138 138 137 138 138
 138 138 139 139 136 133 133 134 135 135 133 133 135 138 137 137 135 133
 131 133 135 138 137 137 137 138 140 142 142 140 139 141 141 143 144 145
 146  29]","[ 29  29 176 178 176 174 174 175 175 174 175 175 174 172 173 175 175 175
 173 174 176 175 173 173 176 176 175 173 171 170 171 172 172 172 171 169
 168 168 168 169 170 171 171 170 168 168 166 164 163 163 165 167 165 162
 161 163 164 162 162 167 169 166 164 163 164 164 158 149 146 147 147 147
 147 147 147 145 139 135 135 135 130 126 122 121 123 126 122 114 114 124
 133 138 141 149 153 154 154 151 150 148 144 139 135 130 126 125 124 126
 125 114 111 121 146 148 146 148 149 146 145 144 147 145 145 144 142 142
 143 143 143 139 138 142 143 140 138 138 139 138 138 138 139 139 139 138
 143 141 139 137 137 138 138 138 139 136 135 136 136 136 137 138 138 137
 137 137 138 138 136 134 133 135 138 139 136 134 135 137 138 136 134 133
 132 131 134 139 137 138 139 140 142 144 143 142 141 140 140 144 145 147
 147  29]","[ 29  29 176 177 175 174 172 174 178 175 172 173 174 174 175 176 175 173
 171 171 173 175 174 172 174 175 173 171 171 173 173 171 171 172 171 168
 166 167 169 169 168 168 169 170 170 168 166 165 165 165 164 162 161 162
 162 162 162 161 161 163 165 164 162 161 163 162 159 154 146 146 145 151
 150 151 149 146 142 137 135 137 135 128 122 122 124 126 123 116 120 127
 136 142 141 150 152 151 151 151 152 146 144 134 130 128 121 121 121 124
 118 111 104 125 153 150 147 146 146 146 146 146 146 146 146 145 144 144
 145 145 142 142 141 139 139 139 139 138 138 138 137 138 138 138 138 138
 140 141 141 140 137 136 139 142 139 138 138 138 138 138 138 139 139 138
 137 136 137 138 138 137 137 138 139 139 137 134 133 132 133 134 132 129
 130 136 139 139 142 141 140 141 142 143 143 143 141 139 139 145 145 145
 146  29]","[ 29  30 178 178 175 175 173 176 178 176 175 174 175 176 176 175 176 174
 172 171 173 174 174 172 174 175 174 172 172 174 174 173 171 172 171 168
 168 169 170 169 167 168 169 169 169 168 166 166 165 166 165 164 162 162
 161 161 160 160 161 163 163 162 161 160 163 161 157 151 144 147 146 149
 151 151 148 145 142 138 136 137 136 130 125 124 125 126 124 118 122 131
 146 148 143 147 148 150 151 149 150 144 139 130 127 124 120 119 120 120
 117 113 113 133 149 148 147 147 146 146 146 146 145 148 149 146 142 141
 142 144 140 141 141 140 140 140 140 140 137 138 138 137 137 137 138 138
 140 140 140 140 139 138 138 140 139 138 138 138 138 138 138 138 140 139
 137 137 137 138 138 137 139 140 141 139 136 134 133 133 134 135 134 131
 131 135 138 138 143 142 141 140 140 141 143 143 143 140 140 145 146 147
 148  29]","[ 29  30 179 178 175 175 174 176 174 176 175 174 175 177 177 175 175 174
 173 172 172 173 173 173 173 174 174 172 172 173 173 173 171 171 171 170
 170 171 171 170 169 169 170 170 170 169 168 168 165 166 167 165 163 162
 161 161 162 163 165 165 164 163 162 163 162 161 155 149 143 147 145 147
 151 151 149 146 144 140 137 137 135 130 126 125 126 129 129 125 121 127
 147 148 144 145 146 151 153 149 148 142 135 128 126 122 119 118 119 116
 116 114 122 140 146 147 148 148 147 145 145 146 144 149 151 148 145 145
 146 146 141 142 142 142 141 141 142 142 137 139 139 138 137 139 139 138
 139 139 139 140 141 140 140 140 139 139 138 139 139 138 138 139 144 143
 141 139 139 139 139 138 138 139 139 137 134 131 132 133 133 134 134 133
 131 132 134 137 139 140 140 138 138 140 143 143 143 141 141 145 146 149
 149  29]","[ 29  30 177 175 173 175 174 175 174 175 175 174 174 176 176 175 174 174
 174 173 172 173 174 174 173 174 173 172 171 172 172 172 170 171 171 171
 171 172 172 171 171 171 171 170 169 168 167 167 165 166 167 165 163 162
 162 163 162 163 164 164 162 161 161 162 162 160 156 151 144 146 143 147
 149 151 149 147 146 142 137 136 134 129 126 125 128 132 133 131 124 124
 143 144 145 147 147 151 155 149 147 142 133 129 128 121 117 116 118 115
 116 111 128 144 146 148 150 150 147 144 144 146 146 148 148 148 149 151
 150 147 144 144 144 143 142 141 141 142 140 142 141 139 139 142 142 140
 138 138 140 142 143 143 142 142 141 140 139 139 139 139 139 140 142 141
 139 137 137 138 138 137 136 137 137 135 133 132 132 133 132 132 132 132
 130 129 131 135 136 139 140 140 140 142 143 142 141 142 142 145 146 150
 150  29]","[ 29  29 175 173 174 177 176 175 177 176 175 175 174 173 173 174 175 176
 176 175 174 174 175 175 175 175 174 173 171 171 171 171 170 171 171 171
 171 171 171 171 171 171 171 168 167 166 166 165 166 166 166 164 163 164
 165 166 165 164 163 163 162 161 161 162 162 160 158 157 148 145 141 147
 147 148 147 145 145 143 139 137 136 130 126 125 128 133 135 132 132 129
 143 144 146 147 147 148 153 146 143 139 132 130 128 121 117 114 116 114
 115 110 134 149 150 152 153 152 148 144 144 145 147 147 146 145 147 150
 148 145 147 147 146 145 143 140 140 141 144 144 142 140 141 145 145 142
 140 140 142 144 144 143 143 143 143 141 140 140 140 140 141 142 139 139
 137 136 137 138 139 139 138 137 137 136 136 136 135 135 133 131 131 131
 130 129 131 134 139 140 141 141 142 143 141 139 140 142 144 146 145 148
 149  28]","[ 30  28 174 175 176 180 178 177 177 175 175 176 175 174 175 177 177 178
 178 176 175 175 176 176 175 175 173 172 171 170 171 171 171 171 171 170
 170 170 170 171 171 172 171 169 167 167 167 167 166 166 165 163 163 165
 166 167 168 166 164 164 165 165 164 164 162 159 160 161 153 146 140 144
 145 146 145 143 144 145 142 141 136 131 127 127 130 135 137 135 133 134
 143 146 144 143 144 142 146 142 138 136 129 129 125 120 118 115 115 114
 115 114 143 154 153 154 154 153 149 146 145 146 145 146 146 145 145 145
 146 146 149 148 147 147 145 143 142 143 146 145 143 141 142 145 145 142
 143 144 145 146 145 142 141 141 143 142 141 140 140 140 141 142 141 141
 140 138 137 138 138 138 139 138 137 137 138 138 137 135 135 133 132 132
 132 132 133 135 137 137 137 138 139 140 140 139 140 143 145 146 145 147
 148  28]","[ 30  28 175 177 178 180 177 178 175 175 174 175 176 176 177 178 178 178
 177 176 175 175 176 175 175 174 172 171 171 171 172 173 173 171 170 169
 169 169 170 170 171 173 172 169 167 168 168 167 166 166 165 164 164 165
 165 165 166 164 163 164 165 165 164 163 162 159 160 163 157 150 139 139
 141 143 143 143 146 147 146 145 138 134 132 132 134 138 140 138 134 136
 138 144 142 142 143 139 139 140 137 135 129 129 124 121 122 122 119 118
 118 122 151 155 153 153 153 153 151 148 147 146 146 147 148 148 147 145
 147 149 149 147 147 148 147 145 145 146 146 145 144 143 143 144 143 142
 144 145 146 146 145 142 140 139 142 141 140 140 140 140 140 140 141 140
 139 137 135 135 135 134 138 137 136 136 137 137 136 135 135 134 134 133
 133 133 134 136 134 133 134 136 138 138 139 141 143 144 145 147 145 147
 147  29]","[ 29  28 175 178 179 179 175 176 176 177 176 174 175 177 177 175 177 177
 176 175 175 175 175 175 176 174 172 172 172 173 174 175 175 172 169 169
 169 169 169 169 169 171 171 167 165 166 166 165 166 166 165 164 164 165
 164 163 164 163 163 164 166 166 165 164 163 160 159 162 158 153 139 134
 136 140 142 143 147 149 147 146 142 140 138 137 137 139 140 139 139 140
 135 144 143 145 147 138 136 141 137 136 129 129 124 123 127 129 124 122
 121 128 154 151 152 152 152 153 152 150 148 147 152 150 150 151 150 147
 147 150 147 145 145 147 147 145 145 146 146 145 145 145 144 142 142 142
 143 143 145 146 146 143 140 139 140 140 140 140 140 139 139 139 139 139
 138 137 137 137 137 137 138 138 137 137 137 137 137 137 134 135 135 133
 132 133 134 135 136 135 136 140 140 138 139 142 146 145 145 147 146 147
 148  29]","[ 28  28 177 177 179 179 177 176 176 175 175 176 177 175 174 175 176 176
 175 173 173 174 175 175 175 176 175 174 175 178 177 174 175 173 171 170
 169 169 169 169 171 171 171 169 167 166 167 167 163 163 163 166 168 168
 165 163 166 164 164 165 166 165 164 163 162 162 163 161 159 156 145 132
 138 136 140 145 145 147 151 151 146 143 142 142 138 136 138 141 142 139
 139 143 146 145 144 145 144 144 142 136 134 133 128 127 129 128 127 123
 121 132 147 153 152 152 153 154 154 153 152 151 152 153 154 154 153 152
 150 149 146 147 147 146 146 146 143 139 139 144 146 145 144 145 145 144
 144 145 145 144 143 143 143 142 140 139 139 137 137 138 137 136 140 138
 136 136 137 138 139 139 136 137 138 138 138 139 138 137 136 134 132 132
 133 133 133 133 135 136 139 142 141 138 138 140 143 145 146 148 147 147
 146  29]","[ 29  29 178 177 179 177 176 175 177 175 175 177 179 178 176 175 175 175
 176 175 174 174 173 172 175 176 176 176 177 179 178 176 176 174 172 171
 171 171 170 169 172 171 169 168 168 168 169 169 165 164 164 166 170 170
 168 166 163 162 162 164 166 166 164 163 165 163 162 162 162 160 149 134
 128 129 136 145 146 147 149 150 146 143 143 142 139 137 140 143 143 143
 143 144 145 147 147 146 146 144 141 136 136 136 130 128 128 127 125 123
 121 133 152 155 152 152 152 152 152 152 151 151 150 151 151 151 149 148
 148 147 147 147 147 146 147 148 147 146 144 146 146 145 144 146 146 144
 145 145 144 142 141 140 140 139 140 138 136 136 137 138 138 138 136 137
 137 138 138 139 139 139 137 137 138 138 138 138 137 136 135 133 132 132
 133 134 135 136 137 138 140 143 142 139 138 138 140 143 144 146 144 144
 145  29]","[ 29  29 179 178 178 177 176 175 175 175 176 178 179 177 176 175 178 178
 177 177 175 174 172 171 174 174 175 176 177 177 176 176 176 174 172 172
 172 172 170 169 169 167 166 166 168 169 170 169 167 165 164 166 169 171
 170 168 163 163 162 162 163 166 166 165 165 165 165 164 163 162 155 146
 137 131 132 140 146 149 149 147 148 146 146 144 140 139 142 143 141 143
 143 140 140 144 146 144 148 144 141 137 139 139 132 130 129 129 125 124
 119 131 154 153 153 153 152 152 151 151 151 152 149 150 150 148 146 146
 146 147 146 146 146 145 146 148 148 148 148 147 146 146 146 147 147 146
 146 145 144 141 139 138 139 139 140 137 136 138 139 139 139 139 138 138
 139 139 138 138 137 137 135 135 136 138 138 137 137 138 136 134 132 131
 132 133 136 138 137 137 139 141 140 138 136 135 138 142 144 145 143 143
 145  29]","[ 29  29 178 177 179 178 177 176 174 175 177 178 177 175 176 178 181 178
 176 176 176 176 175 174 175 174 175 177 177 175 175 175 175 174 172 173
 173 173 171 169 167 166 166 167 169 170 169 167 167 165 164 165 167 168
 168 167 165 165 162 159 160 165 167 166 165 164 165 163 162 162 161 157
 151 140 133 136 144 148 147 145 146 146 146 144 140 140 143 143 148 150
 150 146 146 150 152 151 147 143 140 137 139 139 132 130 131 132 128 126
 119 129 155 152 153 153 152 152 151 151 152 152 150 151 151 149 147 146
 147 148 146 147 147 147 146 146 146 146 149 147 146 146 146 144 144 144
 145 144 143 140 138 138 139 140 139 138 138 142 143 141 139 139 141 141
 140 139 138 137 136 136 136 135 136 137 136 134 135 138 138 136 133 131
 131 132 134 137 138 137 137 139 139 137 135 134 138 142 144 146 144 144
 145  29]","[ 29  28 177 177 179 179 178 177 174 174 175 175 175 176 178 180 178 175
 173 174 177 178 178 177 176 176 176 177 177 176 175 176 176 175 174 174
 175 174 171 169 169 169 171 172 172 171 168 167 167 166 166 166 166 166
 166 167 167 166 163 160 160 164 166 166 164 161 160 161 162 163 162 158
 152 145 138 138 143 145 145 145 141 142 143 142 139 139 142 143 145 147
 149 148 148 148 148 148 145 142 140 137 138 136 130 130 131 133 130 129
 121 130 157 156 154 153 153 152 151 151 151 150 150 151 151 150 149 149
 149 149 149 149 149 148 147 146 145 146 149 148 147 147 144 140 139 140
 143 143 141 139 137 137 139 140 139 138 140 143 144 141 139 139 140 139
 139 138 138 138 138 138 139 138 138 137 133 130 132 136 138 136 134 132
 131 132 135 138 139 138 137 138 139 139 138 137 138 141 143 145 145 145
 146  29]","[ 30  29 177 177 179 179 178 177 176 173 171 172 176 178 179 178 178 175
 174 177 179 179 176 175 175 176 176 176 176 176 175 175 176 176 176 175
 174 173 171 169 167 169 171 173 173 172 170 169 167 167 167 167 166 165
 166 168 167 167 165 164 164 165 166 165 161 160 162 164 162 162 162 160
 157 151 142 139 143 146 145 145 143 143 144 142 138 137 140 142 143 146
 150 153 152 149 147 147 146 143 142 139 138 136 130 131 131 133 131 130
 123 132 154 155 154 153 152 151 151 150 149 148 148 149 150 150 150 150
 150 150 150 149 149 148 146 145 145 146 146 146 148 148 145 141 140 141
 142 143 142 139 137 137 138 139 139 138 139 142 143 141 140 140 138 138
 138 138 138 138 138 138 139 138 138 136 132 130 133 137 135 134 133 133
 133 134 137 140 139 137 136 137 138 140 140 140 138 141 142 145 146 147
 147  29]","[ 29  29 179 178 179 178 178 178 178 176 174 174 177 179 179 178 179 178
 178 180 181 178 175 174 174 176 176 176 175 175 174 172 174 175 176 176
 174 172 171 171 168 169 170 171 171 171 171 171 167 167 167 166 165 165
 166 167 167 167 166 166 165 165 164 163 160 162 165 166 162 160 162 164
 164 159 147 139 142 145 145 145 148 146 145 144 138 136 138 141 144 147
 152 154 154 151 149 149 147 145 143 140 139 136 131 132 132 132 131 130
 125 132 149 152 154 152 151 150 150 150 149 147 147 148 149 150 150 151
 150 149 150 149 148 148 147 145 145 145 144 146 148 148 146 143 143 144
 144 144 144 141 139 138 139 139 139 139 139 141 143 143 141 138 138 139
 139 137 135 135 136 137 138 137 136 133 132 132 134 135 132 132 132 133
 134 135 138 139 137 137 136 136 138 140 141 141 141 143 143 145 145 146
 147  30]","[ 29  29 180 178 178 177 178 180 180 181 181 179 178 178 179 179 179 178
 180 181 180 177 176 177 176 178 179 177 177 177 175 171 173 175 177 177
 175 173 173 174 175 173 171 170 170 171 171 171 167 166 165 165 164 164
 165 166 168 166 165 164 163 162 161 161 163 162 163 164 162 162 164 165
 161 161 152 141 140 142 143 146 148 145 144 143 138 136 139 144 148 151
 153 154 154 154 153 153 148 145 143 140 139 136 130 131 132 130 130 130
 128 135 147 152 153 152 150 150 151 151 150 149 149 149 149 150 151 151
 150 148 150 150 151 152 151 148 146 146 145 147 148 147 145 143 143 143
 144 145 145 142 140 139 139 139 140 140 140 142 145 145 140 135 138 139
 138 135 132 132 136 139 139 138 135 132 131 131 131 131 130 130 131 132
 134 135 136 137 138 138 137 138 140 142 143 142 142 144 144 145 144 145
 145  29]","[ 29  29 180 180 179 179 181 181 180 181 180 178 179 180 179 180 178 179
 181 181 181 180 179 179 178 177 176 177 178 178 175 172 173 173 175 176
 175 171 171 172 174 173 172 172 171 169 168 168 167 165 164 164 163 162
 162 163 166 166 165 162 160 160 160 160 160 163 165 164 163 162 161 161
 162 159 154 145 138 137 142 147 145 143 141 139 138 137 137 138 147 152
 156 156 154 154 154 153 149 145 143 143 139 132 130 133 131 134 133 129
 126 131 143 153 152 152 153 152 151 153 151 147 147 150 148 148 152 151
 148 150 150 151 152 153 151 148 147 148 146 147 147 146 144 143 142 141
 144 142 142 141 139 138 140 141 142 142 141 142 144 142 138 137 139 138
 139 139 135 134 137 138 138 137 136 135 134 134 132 130 131 131 131 132
 132 132 134 136 138 138 138 139 141 142 142 141 142 142 141 142 144 146
 144  30]","[ 30  29 181 180 180 180 181 181 179 180 179 178 178 175 175 178 179 179
 180 180 181 181 180 179 178 176 175 175 176 177 177 176 178 176 175 175
 174 172 172 174 174 172 172 172 171 168 167 167 167 164 163 163 164 163
 162 161 164 165 165 164 163 163 162 162 161 162 164 164 164 164 163 162
 160 160 156 148 139 135 138 142 144 139 135 134 137 139 138 136 145 151
 156 157 154 152 151 149 147 145 143 142 137 132 132 135 136 132 130 128
 121 123 137 152 155 153 153 152 152 154 153 149 147 149 148 149 153 153
 151 152 153 151 151 150 148 146 146 148 147 147 146 144 142 142 143 145
 143 142 143 143 140 139 139 139 141 141 141 141 142 141 140 140 140 139
 139 139 137 135 136 136 137 138 139 137 134 132 131 131 134 133 131 130
 129 131 135 139 136 136 137 138 139 139 140 139 140 139 140 141 143 145
 143  29]","[ 29  29 180 180 179 179 181 181 181 180 180 180 178 173 173 179 181 181
 180 180 181 181 180 179 179 178 176 176 177 178 179 179 180 177 175 174
 174 173 173 175 173 171 171 172 171 168 166 167 169 165 162 163 164 164
 161 159 160 162 163 164 165 165 164 162 164 164 163 163 164 164 162 160
 159 161 160 154 144 139 140 143 144 140 136 133 134 137 138 138 143 149
 154 154 151 148 146 145 146 144 142 140 137 134 132 132 131 126 129 130
 123 123 139 155 157 154 153 153 153 154 153 150 148 149 149 150 152 152
 153 153 154 152 150 148 147 146 147 148 146 147 147 146 144 142 143 144
 142 141 143 144 142 141 141 140 138 139 139 139 140 139 139 141 142 139
 139 138 136 136 136 135 137 137 136 135 133 131 132 133 132 133 133 132
 131 131 133 136 135 136 137 137 138 138 139 140 138 138 139 141 143 144
 142  28]","[ 29  28 180 179 179 179 180 180 181 181 180 180 178 174 175 180 181 181
 181 181 180 179 178 177 179 179 179 179 178 178 178 178 179 176 174 174
 174 174 173 173 172 170 169 171 171 169 169 170 171 167 163 162 163 163
 161 159 159 160 162 163 165 165 164 162 164 164 163 163 163 163 161 159
 156 158 158 154 146 139 138 141 141 139 134 130 129 133 137 139 146 150
 154 154 152 150 148 147 145 143 139 137 137 137 133 129 123 122 128 131
 124 127 143 158 158 155 155 155 154 153 152 151 150 149 150 151 150 151
 152 152 151 150 149 148 148 148 147 147 147 147 146 145 143 142 142 142
 142 141 141 143 142 142 143 142 138 139 138 139 140 139 138 140 143 140
 138 136 135 135 137 137 138 134 130 131 132 133 133 134 131 132 133 133
 133 132 132 133 134 136 137 138 138 138 139 141 139 139 141 143 144 143
 141  28]","[ 29  29 180 180 180 180 180 180 179 181 179 177 176 175 175 177 178 180
 181 181 179 177 176 176 178 178 179 179 179 178 178 178 178 176 174 174
 174 174 172 171 172 170 168 169 169 170 171 172 171 168 164 162 162 163
 162 161 161 161 162 162 164 165 165 163 162 163 163 163 163 164 163 163
 158 158 157 153 146 139 136 137 139 136 132 130 132 136 138 138 146 149
 151 152 152 150 148 147 144 143 139 136 136 137 136 133 126 124 127 128
 121 122 137 152 155 154 156 157 154 152 152 151 151 150 151 151 149 150
 151 151 147 147 146 146 147 147 147 146 148 146 142 140 140 142 143 144
 143 142 142 143 141 141 142 141 140 140 139 140 142 141 139 139 142 139
 138 137 135 136 138 139 138 134 131 131 133 133 133 132 132 131 131 132
 133 133 133 133 134 136 138 138 137 137 138 139 140 140 142 144 144 143
 141  29]","[ 29  28 179 179 179 179 180 179 180 181 179 176 176 176 175 176 177 179
 180 181 180 178 178 178 178 178 179 179 178 179 179 180 179 177 175 174
 174 174 173 172 172 170 168 166 167 170 170 170 170 169 166 164 163 164
 165 164 162 162 162 162 163 164 164 163 162 163 163 162 161 162 162 162
 161 159 158 156 150 143 140 141 138 137 137 137 138 137 136 136 142 144
 147 149 149 147 144 142 142 143 140 135 133 136 139 141 132 126 125 127
 122 115 124 142 150 152 155 156 153 151 151 151 152 153 153 152 151 151
 151 151 147 147 146 145 145 146 146 145 146 144 142 142 143 145 146 146
 146 144 145 145 142 140 139 137 138 138 138 139 142 140 138 137 139 137
 139 140 139 138 139 138 138 138 137 135 134 133 132 130 129 129 131 133
 135 135 133 132 134 136 138 139 137 136 137 138 139 139 140 143 143 142
 141  30]","[ 29  28 179 179 179 179 179 178 182 182 180 178 177 176 176 178 178 178
 179 179 179 179 179 179 179 179 179 179 178 178 178 178 179 178 177 175
 175 175 174 173 172 172 169 166 168 172 171 168 168 168 167 166 165 166
 166 165 161 162 162 162 164 165 164 163 162 163 162 161 160 160 160 159
 159 158 158 158 154 148 145 145 139 139 140 142 141 137 136 137 144 146
 149 151 149 146 144 144 142 143 142 138 136 139 143 145 134 129 124 124
 123 116 121 138 148 151 154 154 151 151 152 151 153 155 153 152 153 152
 150 151 150 150 149 147 146 146 145 144 143 144 145 146 146 147 146 146
 147 145 146 145 141 138 138 136 137 137 136 137 139 138 136 137 137 136
 138 140 140 140 138 136 136 137 136 134 133 134 133 130 128 130 133 136
 137 134 132 130 133 135 138 139 138 137 137 138 138 138 139 141 141 140
 140  30]","[ 29  28 179 179 180 179 180 179 182 181 179 179 178 174 175 180 179 177
 176 176 178 179 179 179 179 180 180 179 178 176 175 174 177 177 178 177
 176 176 175 174 173 174 172 169 171 175 174 168 165 166 167 166 166 166
 164 162 161 162 163 164 165 166 165 164 162 162 161 160 160 161 161 160
 160 160 161 162 158 151 148 149 147 142 140 146 149 147 144 143 147 149
 151 151 149 146 145 147 146 145 143 142 143 145 145 145 136 133 123 118
 120 119 125 140 150 152 154 153 151 153 154 152 154 157 154 152 154 152
 148 151 151 152 152 150 148 146 144 141 144 145 146 145 144 144 145 146
 146 144 143 142 138 136 137 137 138 139 138 138 138 137 137 139 137 135
 136 138 139 139 138 135 134 134 131 129 132 137 136 131 132 133 134 135
 134 132 131 132 130 133 137 139 138 137 137 138 139 138 138 140 139 138
 138  29]","[ 30  30 176 177 184 183 177 181 181 180 180 179 178 178 177 177 179 178
 178 179 179 179 179 180 179 179 180 178 176 174 174 174 175 176 176 176
 174 173 173 174 172 174 174 173 173 175 172 168 167 166 164 164 165 165
 164 162 162 163 165 165 165 164 163 162 162 162 162 161 160 161 161 162
 160 160 162 162 158 154 151 147 147 145 147 151 153 152 151 151 150 151
 152 152 150 148 147 148 145 147 146 143 143 145 144 142 139 129 120 118
 118 116 123 135 148 152 154 155 153 153 155 152 152 153 154 155 155 153
 152 151 153 149 146 148 149 147 145 144 142 143 145 145 145 144 145 146
 143 144 144 142 138 137 137 139 140 139 138 137 137 136 137 137 136 137
 137 138 139 138 136 133 132 132 132 133 135 136 136 135 132 131 130 131
 133 132 130 131 131 134 137 138 137 135 137 139 137 141 139 141 140 135
 140  29]","[ 28  30 181 177 181 177 171 178 183 181 180 178 178 178 178 178 179 179
 180 181 181 179 179 179 179 179 180 179 178 177 176 176 175 175 175 175
 174 174 174 174 174 174 173 173 174 175 172 167 167 166 164 163 164 165
 165 163 165 163 163 164 166 166 164 162 162 163 163 162 160 160 159 158
 161 161 161 160 158 157 153 146 146 145 147 151 154 155 153 152 155 153
 151 150 150 150 150 149 148 149 148 145 144 145 145 143 138 130 122 120
 119 115 117 125 147 153 154 153 152 152 155 153 153 152 151 151 152 152
 153 153 149 146 145 147 149 148 146 145 143 143 144 144 143 143 144 145
 144 144 144 143 142 141 140 140 139 138 138 138 138 138 138 137 138 139
 139 138 138 137 136 134 133 132 131 133 136 138 135 131 133 134 132 132
 133 132 131 132 131 133 135 135 133 132 135 139 141 139 140 140 135 141
 143  27]","[ 28  30 176 185 178 180 181 179 184 183 181 180 180 180 180 179 179 180
 182 183 182 180 179 179 179 180 180 180 180 179 178 178 178 177 176 175
 176 175 175 174 171 171 172 172 172 172 171 170 167 166 164 162 162 164
 164 164 165 164 163 164 165 166 164 163 163 164 164 162 161 159 158 157
 160 161 162 161 161 160 153 143 146 147 149 152 156 158 157 154 155 153
 151 150 151 152 153 153 151 153 152 148 146 146 146 145 142 133 123 120
 121 121 121 124 139 151 154 154 155 154 155 154 152 151 150 151 152 153
 153 153 152 151 149 148 149 149 148 147 146 146 146 146 146 146 146 146
 145 144 143 143 143 141 139 137 138 137 137 137 138 138 138 137 140 140
 140 139 138 138 136 135 133 133 132 133 135 135 133 130 130 132 131 130
 131 132 132 132 131 132 133 133 131 132 137 141 138 141 136 143 141 136
 137  29]","[ 32  26 184 178 177 178 177 181 182 182 183 182 181 180 179 179 178 179
 180 181 180 179 179 180 179 179 179 179 179 179 178 178 179 177 175 174
 176 176 175 173 172 172 173 173 170 168 170 173 168 168 166 164 163 164
 165 165 162 164 166 167 165 162 162 162 162 163 163 162 160 160 159 158
 159 158 160 161 162 161 154 145 145 146 148 151 156 161 161 159 155 156
 157 155 153 152 153 155 151 153 152 148 145 145 146 146 145 136 124 118
 120 122 121 121 133 149 153 153 155 153 152 152 148 148 150 152 153 153
 151 149 152 151 148 146 145 146 146 145 144 144 144 144 145 145 145 145
 146 145 144 143 143 142 139 136 139 139 139 139 138 138 139 139 139 139
 138 138 138 138 136 134 132 134 135 134 132 131 131 131 129 131 130 129
 132 134 132 131 130 130 131 131 131 133 137 141 140 138 137 139 139 142
 145  29]","[ 29  30 178 180 184 185 180 182 180 182 183 183 181 179 179 180 181 181
 180 180 178 177 178 179 180 179 178 178 178 179 179 179 177 175 173 174
 176 177 176 174 174 173 172 171 168 166 167 171 168 167 166 164 162 162
 162 162 160 163 165 165 163 161 161 161 162 162 161 160 159 159 160 161
 159 157 158 161 161 159 155 151 150 151 152 153 157 161 162 160 159 160
 160 157 153 151 151 151 152 153 152 148 146 145 146 147 145 141 132 123
 121 120 119 119 134 148 153 153 154 152 151 151 148 148 149 151 152 152
 150 148 149 150 149 148 147 148 148 147 145 145 145 146 146 146 146 145
 144 143 143 143 142 142 141 140 138 139 139 138 136 135 137 138 138 138
 137 137 138 138 136 133 133 135 136 135 132 131 130 130 130 131 131 130
 134 136 133 129 130 129 129 130 132 133 135 136 137 138 144 139 144 146
 138  30]","[ 28  29 178 184 181 181 183 178 181 182 182 180 178 178 180 181 184 183
 181 180 178 177 177 178 179 178 177 176 177 179 180 180 178 176 175 175
 176 176 174 173 176 172 169 170 172 172 171 171 169 169 168 166 165 164
 164 163 164 163 162 162 163 164 163 163 163 163 161 160 159 160 162 162
 161 160 163 166 164 159 154 151 149 150 150 152 156 160 161 161 161 159
 156 154 153 152 151 149 151 151 150 147 145 145 145 146 149 149 142 130
 121 118 120 123 126 139 147 152 155 154 153 152 150 148 147 146 147 148
 149 149 148 149 151 152 151 150 148 147 146 146 146 147 147 146 145 144
 144 144 144 144 143 142 142 142 139 140 140 138 136 135 136 138 140 139
 138 138 140 139 137 134 134 135 135 135 135 134 130 126 125 126 126 128
 133 135 132 129 131 130 131 133 136 137 137 137 135 140 134 133 142 144
 142  28]","[ 29  32 172 175 183 181 182 181 180 179 179 178 178 178 179 180 181 180
 179 179 178 177 177 178 178 177 177 176 176 178 178 180 179 178 177 177
 177 176 174 173 171 168 166 168 170 172 171 170 169 168 167 166 166 166
 165 165 162 161 160 160 161 162 163 162 161 162 161 160 159 160 161 161
 161 161 165 167 163 158 155 151 145 145 146 150 154 157 160 162 158 156
 153 153 154 155 154 152 150 150 149 148 147 147 147 147 146 147 140 129
 122 119 120 123 130 138 145 152 155 154 154 151 151 149 147 146 146 147
 149 150 148 148 149 151 151 148 146 146 146 146 146 146 146 146 145 144
 143 143 143 142 140 139 139 139 138 139 139 138 137 136 137 138 137 137
 137 136 137 137 136 134 133 133 132 133 134 134 131 127 124 125 124 126
 131 132 130 130 130 131 132 135 136 137 137 137 140 141 136 142 136 140
 138  28]","[29 29 29 30 28 28 31 27 29 29 29 29 29 30 30 29 29 29 29 29 30 29 29 29
 30 29 29 28 28 29 29 30 29 29 29 29 29 29 28 28 28 29 29 29 29 29 29 29
 30 30 29 28 28 29 29 28 28 29 30 30 29 28 29 30 29 30 30 29 29 29 30 29
 29 29 31 29 27 28 30 28 30 29 28 29 29 28 28 30 29 29 29 29 29 29 28 28
 29 29 28 28 28 29 29 29 29 31 29 27 29 29 29 29 28 28 28 30 29 28 30 29
 29 29 29 29 29 29 29 29 30 28 28 30 30 28 28 30 29 29 29 29 29 29 29 29
 29 29 30 30 29 29 29 29 29 29 29 29 29 29 29 29 28 29 30 29 29 29 29 29
 29 29 29 29 29 29 29 29 30 29 28 28 29 29 28 30 28 29 30 30 30 29 29 29
 28 28 28 29 29 28 29 30]"
