"[30 31 28 29 30 28 29 29 30 29 29 30 30 29 29 29 29 28 29 30 30 29 29 29
 29 30 30 29 28 28 29 30 29 28 29 29 28 29 30 28 30 28 28 29 29 28 28 30
 29 29 29 29 29 28 28 29 29 28 28 29 29 29 28 29 30 29 29 29 30 29 29 30
 29 29 29 29 29 28 29 29 28 28 29 30 29 29 29 30 29 29 29 29 29 29 29 29
 29 29 29 28 28 29 29 29 28 30 30 28 28 29 30 30 30 30 29 29 29 29 29 29
 29 29 29 29 29 29 29 29 30 30 29 28 29 29 29 28 30 29 30 30 29 28 29 30
 29 30 29 28 30 29 28 29 29 29 28 29 29 29 29 29 28 30 28 30 28 30 28 29
 29 28 29 30 29 29 29 29 29 29 29 29 29 29 29 30 29 28 30 29 31 29 31 30
 30 28 29 32 30 31 28 30]","[31 26 33 32 27 33 29 28 27 27 28 29 29 28 28 29 29 29 28 28 29 29 29 29
 30 29 27 28 29 30 30 29 31 29 30 29 28 29 30 28 30 28 27 29 30 29 28 28
 29 29 29 29 29 29 29 30 30 30 30 30 29 29 29 30 29 29 28 29 28 28 28 29
 29 29 30 29 29 29 30 30 31 29 28 28 29 28 28 28 29 29 29 29 29 29 29 29
 29 30 30 29 29 29 29 29 28 29 30 30 30 30 29 27 28 29 29 30 30 30 29 28
 29 29 29 29 29 28 28 28 26 28 30 30 30 29 29 30 27 28 29 30 30 29 29 29
 28 29 29 29 31 30 29 29 30 29 29 29 29 28 29 31 28 29 28 31 28 29 28 30
 30 29 29 29 27 28 30 30 30 28 29 28 29 30 28 30 30 30 30 30 29 29 28 28
 29 26 29 30 28 25 31 27]","[ 30  32 109 109 106 103 104 104 105 105 104 103 100  98  97  98  97  95
  92  89  88  88  87  86  81  77  74  74  75  73  72  71  71  71  73  73
  71  71  71  68  64  63  63  64  64  62  60  60  60  60  59  58  57  56
  56  58  55  54  54  53  51  49  49  50  49  49  49  48  45  43  43  45
  42  42  41  40  40  40  42  44  44  41  39  40  41  41  40  39  39  39
  38  38  38  38  38  39  37  36  35  34  32  31  31  30  30  30  30  30
  31  31  29  26  24  23  23  25  30  36  42  45  50  52  54  58  61  66
  71  74  76  76  76  76  79  84  89  93  97  97  97  95  95  97  99  99
 105 105 103 102 104 106 108 110 110 113 118 121 121 120 120 121 125 126
 127 130 129 129 129 133 137 138 140 140 136 131 128 125 121 114 108 101
  97  96  94  96  98 105 113 128 135 145 147 150 154 159 162 167 186 203
 207  31]","[ 31  26 123 116 117 113 114 114 111 110 109 107 105 103 104 106 103 102
  99  97  97  99  99  98  94  92  89  88  85  81  80  81  75  75  76  75
  72  71  71  68  69  69  70  70  68  66  65  66  64  64  64  63  61  60
  60  61  59  58  58  59  58  57  56  56  55  56  56  54  50  47  47  49
  47  46  45  42  41  42  45  48  42  41  40  41  43  43  42  41  41  41
  40  40  40  41  40  40  41  40  37  36  34  33  32  32  34  33  32  33
  34  34  33  31  31  31  31  31  31  30  28  27  30  31  32  33  37  43
  51  56  61  60  60  63  67  72  75  76  78  81  82  81  83  88  93  95
  92  95  98 101 104 104 102 102 102 104 106 107 107 110 116 121 123 121
 122 125 124 123 123 127 128 129 133 135 134 135 137 137 131 128 126 122
 118 115 110 109 105 105 103 105 106 111 112 113 120 124 137 149 154 158
 157  27]","[ 30  28 125 124 120 123 119 124 117 117 117 116 114 113 114 116 115 114
 111 107 104 103 103 102 104 102 100  99  97  94  94  95  93  90  87  83
  79  79  80  78  76  75  74  74  73  72  72  71  70  70  71  71  70  68
  68  68  64  62  62  62  62  61  58  57  59  61  62  60  57  55  56  58
  56  56  54  52  51  51  52  54  47  46  46  46  46  46  46  46  44  44
  44  45  46  45  44  44  42  40  38  37  37  36  36  37  37  38  38  39
  39  38  38  38  38  36  33  30  30  31  32  33  33  33  31  29  29  31
  36  39  40  40  41  45  50  56  60  63  68  73  77  76  75  77  79  79
  80  84  88  92  96  96  94  94  98  99 100 100 100 102 109 115 112 110
 111 114 116 116 118 121 123 124 127 129 128 129 132 132 129 130 134 136
 136 136 134 135 140 135 129 121 120 116 114 111 109 114 113 112 121 117
 133  28]","[ 32  29 127 124 127 129 128 129 124 124 124 124 122 121 119 119 118 118
 118 117 116 114 113 113 111 109 107 106 107 107 105 103 105 103 101  99
  96  96  95  92  92  88  83  82  83  83  80  77  77  76  76  75  74  71
  70  69  71  69  68  67  67  65  63  62  64  66  67  66  63  61  61  62
  61  61  61  61  59  58  57  57  55  54  52  51  50  49  50  51  47  47
  47  48  49  48  46  45  44  42  40  40  40  38  38  38  38  39  41  42
  42  40  39  40  39  40  42  42  41  39  37  36  32  33  33  32  31  31
  33  35  34  34  32  29  27  28  33  37  38  43  49  52  54  58  62  64
  70  72  73  75  80  84  86  88  87  89  93  96  96  97 100 103  99  98
 100 103 107 107 111 114 114 116 121 125 125 126 128 128 129 129 132 133
 134 137 138 142 144 144 146 143 147 144 142 137 135 136 120 119 112 113
 109  30]","[ 28  29 152 145 144 133 139 138 132 130 129 129 129 127 126 125 126 125
 125 126 125 120 116 116 120 120 118 116 116 116 114 111 111 110 110 111
 109 109 106 102 105 101  96  94  94  94  91  88  86  85  83  81  79  76
  73  72  76  74  73  72  71  71  72  74  69  70  71  70  68  65  63  64
  64  64  64  64  63  62  61  60  61  60  59  58  56  55  55  56  54  54
  54  54  55  54  52  51  47  45  43  44  43  41  39  38  40  41  43  44
  43  41  41  42  46  46  45  43  42  41  42  42  38  39  40  40  39  38
  38  39  35  35  36  35  33  32  31  31  29  30  31  32  34  37  40  42
  49  52  55  60  67  71  73  75  77  77  79  81  84  88  92  96  99  99
 103 102 105 104 108 109 109 109 110 110 110 112 116 117 119 120 125 128
 129 130 129 131 135 137 138 138 141 144 147 146 148 149 148 135 134 134
 125  26]","[ 30  27 154 157 158 157 157 150 155 151 145 142 140 137 135 133 128 126
 127 132 132 127 123 123 125 128 128 124 122 122 121 119 121 118 116 115
 114 115 114 112 109 109 108 106 104 103 103 103 100  98  96  95  93  91
  88  87  89  87  83  78  74  73  75  77  75  76  77  77  75  73  71  71
  69  67  66  65  65  66  66  66  64  64  65  66  65  63  61  60  60  59
  59  59  59  58  56  55  53  52  51  53  53  50  47  47  46  45  45  46
  45  44  44  46  45  47  48  48  47  46  47  47  46  47  48  48  46  45
  45  45  45  41  38  37  40  41  40  37  38  36  34  34  33  32  31  31
  26  28  30  35  43  49  55  59  63  64  67  71  75  78  79  81  84  87
  94  94  97  97 103 105 105 106 108 109 108 108 109 109 115 114 116 117
 119 122 122 124 125 130 131 133 132 137 138 140 138 141 141 145 147 145
 142  31]","[ 28  32 117 120 128 131 135 138 149 155 159 161 163 167 165 160 155 151
 146 142 139 138 137 134 131 129 130 127 121 123 127 126 127 127 123 121
 121 121 123 121 122 119 116 115 115 113 112 112 107 108 108 106 104 105
 106 102 103 100  98  97  95  92  88  84  81  82  81  84  84  79  80  79
  76  75  75  75  75  74  73  72  69  68  70  69  68  68  68  65  64  63
  63  65  66  66  63  61  63  62  60  59  59  58  57  55  53  51  54  56
  53  51  50  47  48  48  47  47  48  48  47  46  45  47  48  49  49  49
  49  49  48  48  48  49  48  47  46  46  42  40  39  40  39  37  36  37
  36  36  36  36  34  32  30  30  27  31  37  45  50  54  60  65  66  69
  71  74  77  81  84  85  90  92  96 100 103 104 105 106 105 109 110 110
 111 112 113 116 117 120 124 126 129 130 131 130 133 136 137 142 138 140
 143  28]","[ 29  27 109 114 109 116 119 118 122 128 134 138 141 145 149 152 160 159
 158 159 162 163 159 154 150 147 145 139 132 132 135 135 129 132 132 133
 131 127 125 122 127 125 123 120 119 120 122 124 118 117 117 116 114 114
 114 111 108 108 108 108 108 105 101  98  95  97  95  94  90  87  87  86
  83  81  80  79  80  79  78  77  75  75  75  75  74  75  76  74  71  70
  69  68  67  67  66  65  66  65  64  64  65  65  64  62  59  57  59  60
  57  56  57  54  53  53  52  52  52  52  50  49  46  48  49  49  48  48
  48  48  48  48  49  51  52  52  52  52  52  50  48  49  48  45  43  43
  40  40  41  41  40  39  39  39  38  37  37  37  35  32  33  36  40  43
  47  51  58  65  71  74  78  81  85  87  90  94  94  93  96 102 106 108
 108 107 108 111 112 111 113 116 119 121 124 127 129 131 129 132 132 133
 136  31]","[ 31  30 101 100 101 105 103 105 112 111 113 117 120 122 126 130 125 130
 132 138 147 152 152 153 157 164 170 172 169 164 158 153 150 149 145 144
 139 133 134 135 133 132 129 129 131 132 129 125 130 127 126 125 123 122
 121 120 118 117 116 114 112 111 110 110 109 110 106 105 103 102 102  99
  99  97  93  91  90  88  86  84  83  81  81  80  79  79  80  80  81  80
  78  76  74  73  72  72  73  72  72  72  72  71  70  68  65  64  64  63
  61  62  62  60  59  58  58  58  58  56  54  52  50  52  55  56  54  52
  50  49  50  50  51  53  53  53  53  53  54  52  51  53  53  52  50  50
  48  48  48  48  47  46  46  46  43  42  41  40  39  36  36  37  33  33
  32  32  33  36  40  41  50  56  62  66  74  85  90  89  88  92  94  95
  96  97 103 111 109 106 106 110 112 111 114 118 118 127 131 129 130 127
 130  30]","[ 29  28 100  95 102 100 102 103 103  99  97  99 100  99 100 103 109 112
 110 109 115 120 124 132 131 136 138 139 141 143 144 146 150 151 153 159
 159 154 155 156 159 153 145 138 137 137 134 130 130 126 126 126 123 122
 123 124 121 122 121 121 120 119 119 119 117 118 115 114 113 110 111 109
 110 109 106 104 102 100  98  96  90  88  87  86  82  81  81  80  87  87
  86  84  83  81  79  77  80  80  79  79  78  76  74  72  72  72  71  69
  67  67  67  66  65  64  64  64  64  63  61  60  60  61  61  61  60  59
  57  56  56  55  55  55  55  53  53  53  51  50  49  51  53  54  53  53
  54  53  51  51  52  51  50  50  51  50  49  48  47  44  41  39  39  39
  38  37  36  38  40  41  38  41  41  39  41  46  49  48  56  64  75  85
  91  91  94 100 101 101 104 108 109 108 108 111 111 111 113 112 118 119
 123  27]","[ 29  30 122 124 114 108 109  99 106 105 104 103 100  97  98 100  96 100
  98  96 100 101 101 106 109 113 114 114 117 120 122 124 126 126 128 135
 139 138 142 145 147 151 154 155 156 159 159 158 145 142 143 142 138 133
 133 135 134 132 128 125 123 123 124 125 124 124 122 124 122 118 121 124
 118 117 116 114 112 109 107 106 108 106 105 104 100  97  96  94  93  92
  91  90  90  88  85  82  83  83  83  83  82  81  79  78  78  79  77  75
  74  74  73  73  72  72  71  71  71  71  70  69  71  68  65  64  64  65
  65  65  63  62  61  61  60  59  59  60  57  55  53  53  54  55  55  55
  55  53  51  52  54  55  54  53  51  50  51  52  54  53  53  52  51  50
  49  48  46  44  43  43  44  43  41  39  38  37  37  38  42  43  45  49
  54  60  68  78  77  81  86  91  95  99 102 104 104 100 106 109 109 107
 114  29]","[ 29  28 142 147 135 136 132 126 127 125 123 122 121 120 118 116 115 111
 102  95  96  96  95  97 101 101 100  98  97 100 104 105 109 111 114 122
 125 123 124 126 129 132 134 136 139 146 152 155 157 157 160 161 157 153
 153 154 148 145 141 136 134 133 134 134 136 130 125 129 131 127 127 128
 127 127 126 125 124 123 122 122 117 115 115 115 112 108 107 106 105 103
 100  99  99  98  95  93  91  91  90  89  88  86  85  83  81  83  82  81
  80  78  77  80  78  77  76  76  76  77  76  76  76  74  72  72  72  72
  71  69  70  68  67  66  65  65  65  66  65  63  61  59  60  60  60  60
  58  55  54  55  57  57  56  54  57  56  55  55  55  56  57  57  57  57
  59  60  60  58  58  58  52  49  48  49  46  40  38  38  43  41  37  35
  36  37  40  44  46  50  56  63  72  81  89  92 103 106 111 109 103 105
 109  30]","[ 30  27 176 167 159 159 150 152 152 147 141 141 144 143 139 134 125 126
 125 125 124 120 114 109 109 107 106 103  98  98 100  98  93  93  91  95
  96  98 105 109 110 112 116 120 124 126 126 127 127 128 132 136 137 138
 141 142 149 152 156 159 159 158 157 156 150 145 139 142 143 138 134 130
 129 127 126 125 127 129 130 130 128 125 125 125 123 120 120 120 119 117
 115 113 112 111 110 109 107 104 102 100  98  97  95  93  92  93  92  90
  89  84  82  87  83  82  81  81  82  82  82  82  80  81  81  82  81  79
  77  74  76  75  73  72  71  70  70  71  72  71  69  68  68  68  69  68
  66  65  63  63  62  61  60  59  57  57  56  55  54  56  58  58  59  60
  62  64  65  63  62  63  64  61  61  63  61  56  54  55  54  54  51  49
  48  47  45  45  44  42  41  43  45  47  47  47  58  68  76  87  98 106
 101  28]","[ 29  31 236 235 224 211 199 193 188 181 173 170 167 161 155 153 158 157
 155 149 142 139 139 138 138 132 128 122 112 112 114 110 108 109 107 106
 101  96  97  98  99 101 105 106 106 106 108 112 118 117 118 120 121 124
 127 127 130 132 135 136 138 142 148 152 155 159 161 164 162 157 155 153
 151 146 141 137 138 139 139 138 138 134 133 133 131 129 129 130 128 127
 126 125 124 123 121 121 119 116 113 111 109 108 106 105 105 106 104 102
  99  91  89  95  88  87  86  86  87  88  88  88  87  87  87  85  84  82
  82  82  81  80  79  78  77  77  77  78  78  78  76  75  74  75  75  74
  73  73  73  72  70  67  67  67  66  66  65  63  61  60  60  60  55  56
  58  62  64  64  64  65  65  64  65  67  67  66  65  67  67  67  64  61
  61  60  58  57  52  48  47  52  55  52  48  46  54  53  42  45  50  55
  64  29]","[ 29  29 245 252 252 252 252 252 249 245 241 238 233 224 209 198 181 176
 169 164 161 159 156 154 153 151 148 146 144 142 139 137 138 134 130 126
 121 118 114 109 105 104 108 108 100  98 100  97 101 101 100 103 107 108
 108 109 114 117 118 120 124 127 128 131 127 128 134 139 151 153 155 160
 163 165 164 163 164 161 156 156 153 152 148 142 136 136 136 133 132 133
 133 132 132 131 130 129 126 124 124 122 120 118 117 121 120 113 114 116
 111 106 106 106 100  99  99 100  99  97  96  96  92  89  88  90  91  91
  90  89  89  89  86  84  83  84  83  81  83  82  83  83  81  79  80  80
  78  76  76  77  75  74  75  76  73  68  70  70  69  69  67  68  65  66
  66  66  65  64  64  66  66  63  62  64  66  66  66  68  69  69  70  72
  72  71  70  70  66  65  65  63  60  57  55  54  51  58  50  51  53  57
  52  29]","[ 29  29 246 253 253 252 253 252 254 254 254 254 253 253 252 252 253 253
 249 245 237 226 215 209 204 194 180 170 167 165 162 159 153 150 148 147
 145 146 146 144 137 130 129 127 119 114 113 110 105 105 104 104 106 104
 101 101 100  98  97  99 102 102 104 107 116 113 116 115 122 124 128 133
 132 137 139 143 146 147 151 159 160 161 165 167 167 166 162 156 153 151
 147 143 140 138 137 135 130 126 127 127 129 129 123 121 126 124 123 121
 118 119 118 112 114 114 114 112 110 109 109 108 107 102 100  99  98  97
  97  96  95  94  94  94  90  86  86  89  87  86  87  87  84  83  84  84
  85  84  84  82  80  80  81  81  79  76  78  77  75  75  76  78  74  74
  74  73  71  69  68  69  66  66  65  64  65  66  66  66  67  67  69  72
  73  73  73  74  74  73  74  75  75  75  75  76  72  68  66  67  63  57
  57  29]","[ 29  29 246 253 252 252 252 252 250 251 252 252 251 252 254 254 252 252
 253 252 252 252 253 253 253 248 243 239 236 229 219 210 200 196 190 182
 174 168 164 160 159 149 145 146 145 143 143 141 138 135 127 122 119 115
 112 113 110 104  99  98  98  96  97 100  96  95 101 102 104 105 106 105
 106 110 114 118 121 121 125 132 137 138 141 145 147 152 159 161 164 165
 165 162 156 150 146 144 149 144 141 138 139 139 134 131 129 129 132 131
 125 123 124 125 123 124 123 122 122 123 122 120 119 116 115 115 113 111
 110 107 104  99  96  98 100  98  94  93  96  95  96  95  92  91  92  92
  89  90  89  86  84  87  88  86  85  81  82  82  83  85  84  83  82  82
  81  79  78  76  76  77  74  75  74  72  71  74  74  73  69  69  70  72
  74  76  76  76  75  74  75  77  80  81  82  83  87  81  82  80  79  81
  81  30]","[ 28  28 246 252 251 251 252 251 253 253 253 253 253 253 252 251 252 252
 253 252 252 252 253 253 254 253 253 253 253 254 254 254 254 254 250 244
 235 229 224 219 210 196 184 176 169 165 161 158 154 153 151 150 150 146
 140 137 135 131 128 127 124 119 114 110 106 101 103  99  96  98  99  97
  98  99 101 105 109 111 113 114 115 116 119 122 122 124 127 129 136 140
 145 146 146 148 153 158 160 162 166 163 160 158 152 149 147 139 135 138
 139 135 132 130 129 128 128 130 132 132 130 128 126 125 126 127 124 122
 120 117 116 116 115 111 108 107 106 104 106 104 104 102  99  98  99  97
  96  96  96  95  94  95  97  95  92  89  90  90  91  94  91  87  87  86
  84  82  81  81  82  83  82  83  82  80  79  81  81  81  78  77  76  77
  78  79  78  78  76  76  77  78  79  80  80  81  84  83  85  81  85  97
  94  28]","[ 29  29 246 253 252 252 253 252 252 251 251 251 252 253 253 253 251 251
 252 252 252 252 251 250 250 252 254 253 252 250 250 250 251 251 253 253
 253 253 252 250 254 254 254 253 248 239 228 219 213 206 196 186 180 170
 161 157 160 158 155 150 146 146 142 136 139 132 130 128 125 124 115 106
 106 104 100  96  96  98  98  95 101  97  97 101 106 110 112 111 114 116
 119 120 121 124 129 131 131 135 140 141 143 150 155 159 159 162 163 160
 155 149 145 143 144 141 139 139 137 135 134 136 133 132 132 132 131 131
 131 129 129 130 129 125 122 121 122 123 119 117 115 113 111 111 110 108
 102  99 100 101  99  98  98  97  99  99 102  99  95  96  95  95  95  94
  92  90  89  90  90  89  90  89  88  87  86  85  85  87  86  85  83  82
  83  84  83  81  80  81  82  82  81  80  81  82  82  83  83  84  83  87
  84  29]","[ 29  29 246 252 252 252 252 252 252 253 253 252 251 251 251 252 254 253
 251 250 251 253 254 254 253 252 251 251 252 253 254 254 252 251 253 253
 252 252 253 252 251 253 254 253 253 253 252 250 252 251 249 247 246 239
 231 226 208 203 196 184 174 172 168 159 153 156 158 153 140 136 134 138
 129 128 125 120 115 114 114 110 113 109 106 105 104 103 100  95  99  99
  99 101 104 106 106 104 109 112 119 122 126 130 130 132 130 136 143 150
 152 144 132 126 132 137 146 153 154 149 145 144 142 142 142 141 139 138
 137 134 137 133 130 131 132 130 129 131 131 129 127 124 122 123 123 120
 118 114 114 115 112 109 107 107 103 101 102  99  97  98  99 100  99 100
 100  99 100 100  98  96  98  95  94  93  91  89  89  91  90  89  87  86
  87  89  88  87  86  87  87  87  84  82  82  83  85  87  85  86  83  82
  81  31]","[ 28  28 246 252 251 251 252 252 251 252 253 253 253 252 252 252 252 252
 252 252 252 252 251 250 253 252 251 252 252 252 251 250 253 252 252 252
 250 252 253 251 251 253 252 251 252 253 253 253 253 253 252 252 254 253
 252 254 252 251 252 249 241 239 236 227 217 204 187 176 168 167 160 162
 153 151 153 153 148 146 146 143 143 137 128 119 112 113 115 115 109 107
 103 100  99 100 100  99  98  95  97  98 101 105 105 108 113 121 121 110
  91  67  52  49  53  67  89 114 137 150 151 146 152 153 155 155 153 152
 150 145 144 143 144 143 138 133 133 138 137 136 135 132 129 130 131 129
 131 129 128 127 125 123 122 120 116 110 109 109 108 109 107 106 103 105
 105 105 106 107 105 101 103 102 100  99  97  96  96  97  96  96  95  94
  95  97  97  95  95  95  95  94  91  89  88  89  89  89  90  88  89  90
  90  28]","[ 29  29 246 252 252 252 253 252 253 252 251 251 251 252 252 252 252 252
 252 252 252 252 252 252 251 252 252 252 252 252 252 252 252 251 252 252
 252 253 253 251 252 252 251 252 253 252 251 252 251 253 253 252 252 251
 251 253 254 251 254 253 250 253 254 253 253 252 251 253 252 247 232 232
 219 208 200 195 183 172 166 162 157 155 151 147 145 146 144 138 132 134
 132 126 119 114 112 112 109 104 103 100  98  94  89  90  94 103  95  69
  48  38  34  33  35  35  37  52  83 114 127 126 131 132 136 141 145 151
 155 154 154 155 155 154 155 155 153 150 146 145 144 140 136 137 139 137
 141 141 140 138 137 138 138 134 136 131 131 129 125 121 117 117 116 117
 116 114 114 115 113 110 110 111 109 107 106 108 109 108 106 106 105 104
 105 106 106 104 101 100  99  98  97  96  95  96  98  94 100  98 100  97
  98  29]","[ 29  29 245 252 252 252 253 252 252 252 252 252 252 252 252 252 252 252
 252 252 252 252 252 252 252 252 252 252 252 252 252 252 252 252 252 252
 252 252 252 252 252 252 252 252 252 252 252 252 252 252 252 252 252 252
 252 252 252 252 252 252 252 252 252 252 252 252 253 253 253 253 254 254
 253 254 253 249 244 241 236 232 218 212 203 193 183 174 165 159 158 154
 156 155 145 141 141 138 129 128 126 122 116 111 108 108 104  95  72  40
  41  40  37  34  36  38  39  37  56  79 105 109 114 119 124 120 124 131
 131 133 135 142 147 147 148 151 156 158 157 160 158 157 154 152 153 151
 153 151 148 144 142 142 143 144 142 140 138 137 137 136 133 130 129 132
 131 129 129 128 125 123 119 120 119 116 115 116 115 113 112 112 111 111
 113 115 115 113 110 108 107 107 106 105 105 106 105 106 105 104 104 103
 104  29]","[ 29  29 245 252 252 252 253 252 252 252 252 252 252 252 252 252 252 252
 252 252 252 252 252 252 252 252 252 252 252 252 252 252 252 252 252 252
 252 252 252 252 252 252 252 252 252 252 252 252 252 252 252 252 252 252
 252 252 252 252 252 252 252 252 252 252 252 252 252 252 252 252 253 253
 250 252 253 253 253 254 254 252 253 253 253 251 245 237 227 222 219 209
 199 189 177 171 166 156 154 150 145 141 138 136 133 132 122  96  55  41
  39  39  37  33  37  38  41  40  46  52  77 100  96  98 102 101 106 114
 115 119 122 124 128 131 130 130 134 140 139 139 142 152 158 159 163 166
 169 168 165 161 157 153 150 148 144 144 144 143 143 143 143 144 141 143
 141 137 137 138 138 138 131 131 130 129 129 129 127 125 122 120 119 117
 116 118 118 115 120 118 116 116 117 116 114 113 114 114 113 113 113 110
 110  28]","[ 29  29 245 252 252 252 253 252 252 252 252 252 252 252 252 252 252 252
 252 252 252 252 252 252 252 252 252 252 252 252 252 252 252 252 252 252
 252 252 252 252 252 252 252 252 252 252 252 252 252 252 252 252 252 252
 252 252 252 252 252 252 252 252 252 252 252 252 252 252 252 252 252 252
 252 253 253 252 252 253 253 252 253 253 254 254 253 253 254 254 254 253
 255 255 254 251 241 227 210 204 196 188 181 173 161 152 139  85  40  39
  37  36  34  35  38  36  42  46  49  47  68 104 110 109 109 106 107 108
 106 108 108 104 102 106 110 114 118 122 122 123 126 131 130 126 133 140
 143 146 151 156 160 162 164 164 169 167 164 162 161 159 156 153 153 153
 150 146 147 147 146 145 145 144 144 144 145 144 142 141 139 136 136 136
 132 132 131 126 122 121 121 122 123 123 122 122 122 122 121 122 122 119
 119  30]","[ 29  29 245 252 252 252 253 252 252 252 252 252 252 252 252 252 252 252
 252 252 252 252 252 252 252 252 252 252 252 252 252 252 252 252 252 252
 252 252 252 252 252 252 252 252 252 252 252 252 252 252 252 252 252 252
 252 252 252 252 252 252 252 252 252 252 252 252 252 252 252 252 252 252
 252 253 252 251 251 251 251 251 251 251 251 251 250 251 252 253 253 252
 252 251 251 253 254 250 252 251 249 247 245 241 232 222 180  87  43  38
  39  37  31  35  38  38  42  45  49  50  62 103 129 131 132 130 129 126
 120 117 115 112 107 104 107 111 112 109 110 109 105 108 111 114 118 119
 123 126 131 134 136 137 139 141 148 150 153 157 162 166 165 162 165 165
 162 161 163 161 156 152 154 154 153 151 151 150 150 149 149 145 146 147
 145 145 144 139 140 140 139 137 133 131 130 131 127 127 126 127 126 124
 126  28]","[ 29  29 246 252 252 252 253 252 252 252 252 252 252 252 252 252 252 252
 252 252 252 252 252 252 252 252 252 252 252 252 252 252 252 252 252 252
 252 252 252 252 252 252 252 252 252 252 252 252 252 252 252 252 252 252
 252 252 252 252 252 252 252 252 252 252 252 252 252 252 252 252 252 252
 251 251 252 252 252 253 253 253 252 253 254 254 253 252 251 250 251 251
 252 253 252 252 254 254 254 254 253 253 253 253 252 248 220  97  43  36
  37  39  33  33  34  39  44  44  47  50  58 110 154 157 153 147 145 145
 144 142 138 139 137 130 125 122 120 117 110 113 112 111 106 104 108 111
 112 114 116 117 117 119 123 126 124 130 136 139 141 143 145 146 152 155
 158 163 171 174 174 174 172 173 172 167 163 161 160 159 158 153 152 153
 154 156 156 153 153 153 152 149 147 146 145 145 140 141 141 140 139 137
 139  28]","[ 29  29 246 252 252 252 253 252 252 252 252 252 252 252 252 252 252 252
 252 252 252 252 252 252 252 252 252 252 252 252 252 252 252 252 252 252
 252 252 252 252 252 252 252 252 252 252 252 252 252 252 252 252 252 252
 252 252 252 252 252 252 252 252 252 252 252 252 252 252 252 252 252 252
 252 252 252 252 252 251 251 251 252 251 251 251 251 252 253 253 254 253
 251 252 252 250 250 252 250 251 251 250 250 252 252 251 223  97  39  40
  35  37  36  33  33  37  43  47  53  58  68 139 195 198 190 180 174 170
 168 163 163 160 158 156 152 148 147 148 146 140 134 136 134 127 123 119
 119 118 116 113 110 110 112 114 112 116 118 118 119 122 125 126 128 132
 135 138 141 143 147 152 159 163 167 169 171 174 178 180 179 176 173 171
 171 168 164 161 161 159 157 157 159 160 158 155 153 155 156 155 154 153
 154  30]","[ 29  29 246 252 252 252 253 252 252 252 252 252 252 252 252 252 252 252
 252 252 252 252 252 252 252 252 252 252 252 252 252 252 252 252 252 252
 252 252 252 252 252 252 252 252 252 252 252 252 252 252 252 252 252 252
 252 252 252 252 252 252 252 252 252 252 252 252 252 252 252 252 252 252
 252 252 252 252 253 252 252 253 251 252 253 253 253 252 251 250 251 252
 252 253 254 254 252 251 252 253 253 253 252 252 251 251 212  88  44  45
  37  35  35  33  36  36  40  47  55  63  76 164 245 251 249 246 242 234
 227 218 213 205 196 189 182 173 166 162 160 157 152 153 153 150 151 150
 148 145 141 137 133 130 127 126 119 118 114 111 112 115 115 113 117 121
 122 122 122 123 126 132 135 135 138 143 146 147 152 158 159 162 163 166
 173 173 172 176 174 173 171 170 170 170 167 163 164 165 164 162 162 164
 164  28]","[ 29  29 246 252 252 252 253 252 252 252 252 252 252 252 252 252 252 252
 252 252 252 252 252 252 252 252 252 252 252 252 252 252 252 252 252 252
 252 252 252 252 252 252 252 252 252 252 252 252 252 252 252 252 252 252
 252 252 252 252 252 252 252 252 252 252 252 252 252 252 252 252 252 253
 253 252 252 252 252 251 251 252 252 252 252 252 251 251 252 253 251 254
 252 250 251 253 252 252 252 251 251 252 252 251 251 251 204  72  46  38
  39  35  33  34  34  36  40  46  53  64  82 181 253 255 251 252 254 253
 254 252 255 255 252 247 241 235 227 220 210 203 187 176 173 174 172 164
 160 158 157 157 157 156 153 150 148 146 140 132 126 125 123 121 116 117
 116 117 117 116 115 117 117 112 112 119 122 121 127 137 137 141 137 137
 144 146 148 158 162 166 171 173 175 178 180 180 178 178 172 167 168 171
 172  29]","[ 29  29 245 252 252 252 253 252 252 252 252 252 252 252 252 252 252 252
 252 252 252 252 252 252 252 252 252 252 252 252 252 252 252 252 252 252
 252 252 252 252 252 252 252 252 252 252 252 252 252 252 252 252 252 252
 252 252 252 252 252 252 252 252 252 252 252 252 252 252 252 252 252 252
 252 252 252 252 252 252 252 252 252 252 252 252 252 252 252 252 252 252
 252 252 252 252 252 252 252 252 253 251 249 252 250 249 195  68  41  39
  38  35  34  35  35  37  39  44  56  64  82 185 254 253 252 252 252 252
 252 252 252 252 252 252 252 252 252 252 253 254 254 254 251 242 230 221
 214 210 202 194 185 177 171 167 163 162 159 158 157 156 153 150 148 145
 144 143 137 130 129 131 123 125 120 115 115 116 115 116 119 117 119 128
 135 136 136 137 141 144 147 149 152 156 158 158 162 174 175 178 182 187
 189  29]","[ 29  29 245 252 252 252 253 252 252 252 252 252 252 252 252 252 252 252
 252 252 252 252 252 252 252 252 252 252 252 252 252 252 252 252 252 252
 252 252 252 252 252 252 252 252 252 252 252 252 252 252 252 252 252 252
 252 252 252 252 252 252 252 252 252 252 252 252 252 252 252 252 252 252
 252 252 252 252 252 252 252 252 252 252 252 252 252 252 252 252 252 252
 252 252 252 252 252 252 251 252 253 251 252 250 251 241 161  63  44  41
  37  34  32  32  35  36  40  45  56  62  81 186 254 253 252 252 252 252
 252 252 252 252 252 252 252 252 252 252 253 252 253 254 254 254 253 251
 254 253 251 249 245 242 238 235 214 206 196 188 183 179 173 168 164 162
 160 158 153 149 150 154 151 151 147 143 143 140 134 129 126 121 117 117
 120 123 126 127 126 129 132 133 135 138 142 145 148 153 150 154 155 151
 160  31]","[ 29  29 245 252 252 252 253 252 252 252 252 252 252 252 252 252 252 252
 252 252 252 252 252 252 252 252 252 252 252 252 252 252 252 252 252 252
 252 252 252 252 252 252 252 252 252 252 252 252 252 252 252 252 252 252
 252 252 252 252 252 252 252 252 252 252 252 252 252 252 252 252 252 252
 252 252 252 252 252 252 252 252 252 252 252 252 252 252 252 252 252 252
 252 252 252 252 252 252 253 253 252 248 252 244 215 162  94  46  45  46
  38  33  30  32  32  34  39  45  55  60  79 185 253 253 252 252 252 252
 252 252 252 252 252 252 252 252 252 252 252 252 252 252 252 252 254 254
 253 253 254 255 255 255 254 253 254 254 253 251 248 242 236 231 223 210
 194 183 179 175 171 168 165 163 161 159 159 159 158 154 153 152 148 144
 141 138 133 129 126 123 122 123 126 129 130 131 134 136 133 134 138 143
 150  28]","[ 29  29 245 252 252 252 253 252 252 252 252 252 252 252 252 252 252 252
 252 252 252 252 252 252 252 252 252 252 252 252 252 252 252 252 252 252
 252 252 252 252 252 252 252 252 252 252 252 252 252 252 252 252 252 252
 252 252 252 252 252 252 252 252 252 252 252 252 252 252 252 252 252 252
 252 252 252 252 252 252 252 252 252 252 252 252 252 252 252 252 252 252
 252 252 252 252 252 252 251 252 249 250 217 150  88  63  45  34  42  46
  39  35  31  32  34  37  41  46  58  65  82 184 253 253 252 252 252 252
 252 252 252 252 252 252 252 252 252 252 251 252 253 252 252 251 251 251
 251 251 251 251 251 252 252 252 250 252 254 255 255 254 254 254 254 254
 254 254 254 250 244 238 225 219 213 202 188 181 179 174 175 173 171 169
 167 165 163 162 157 151 145 144 144 142 140 139 137 131 132 136 132 132
 141  28]","[ 29  29 245 252 252 252 253 252 252 252 252 252 252 252 252 252 252 252
 252 252 252 252 252 252 252 252 252 252 252 252 252 252 252 252 252 252
 252 252 252 252 252 252 252 252 252 252 252 252 252 252 252 252 252 252
 252 252 252 252 252 252 252 252 252 252 252 252 252 252 252 252 252 252
 252 252 252 252 252 252 252 252 252 252 252 252 252 252 252 252 252 252
 252 252 252 252 252 252 252 248 253 209 118  69  53  46  42  39  38  41
  40  38  33  33  35  38  40  43  58  69  83 178 253 253 252 252 252 252
 252 252 252 252 252 252 252 252 252 252 253 252 252 252 252 253 253 254
 253 253 252 252 252 252 253 253 255 252 250 249 251 252 253 253 251 252
 252 251 252 254 255 255 255 253 254 251 244 241 241 239 229 223 215 208
 198 189 183 182 176 173 169 166 160 156 154 156 158 153 152 155 153 145
 147  31]","[ 29  29 245 252 252 252 253 252 252 252 252 252 252 252 252 252 252 252
 252 252 252 252 252 252 252 252 252 252 252 252 252 252 252 252 252 252
 252 252 252 252 252 252 252 252 252 252 252 252 252 252 252 252 252 252
 252 252 252 252 252 252 252 252 252 252 252 252 252 252 252 252 252 252
 252 252 252 252 252 252 252 252 252 252 252 252 252 252 252 252 252 252
 252 252 252 252 252 253 252 251 241 143  76  51  47  47  46  44  37  37
  39  38  36  36  36  38  39  41  58  70  81 172 253 253 252 252 252 252
 252 252 252 252 252 252 252 252 252 252 252 252 251 251 252 252 251 251
 251 251 251 252 251 251 251 252 252 252 253 253 254 253 252 251 253 252
 251 250 252 253 252 250 253 252 253 254 254 255 254 252 255 253 253 254
 251 243 239 238 230 226 218 208 197 187 180 177 173 175 166 163 172 165
 164  29]","[ 29  29 245 252 252 252 253 252 252 252 252 252 252 252 252 252 252 252
 252 252 252 252 252 252 252 252 252 252 252 252 252 252 252 252 252 252
 252 252 252 252 252 252 252 252 252 252 252 252 252 252 252 252 252 252
 252 252 252 252 252 252 252 252 252 252 252 252 252 252 252 252 252 252
 252 252 252 252 252 252 252 252 252 252 252 252 252 252 252 252 252 252
 252 252 252 252 253 253 252 249 223 103  59  55  52  46  40  40  38  37
  39  36  37  38  40  42  41  44  60  71  81 171 253 253 252 252 252 252
 252 252 252 252 252 252 252 252 252 252 250 251 252 253 253 253 252 251
 252 253 253 253 253 252 252 252 251 252 253 252 251 250 252 253 250 252
 254 254 252 250 251 253 253 252 250 250 252 252 251 251 252 251 252 254
 254 253 253 255 255 254 252 252 254 254 252 249 236 231 219 211 206 192
 191  29]","[ 29  29 245 252 252 252 253 252 252 252 252 252 252 252 252 252 252 252
 252 252 252 252 252 252 252 252 252 252 252 252 252 252 252 252 252 252
 252 252 252 252 252 252 252 252 252 252 252 252 252 252 252 252 252 252
 252 252 252 252 252 252 252 252 252 252 252 252 252 252 252 252 252 252
 252 252 252 252 252 252 252 252 252 252 252 252 252 252 252 252 252 252
 252 252 252 252 253 253 250 252 220 102  58  54  47  45  40  38  37  35
  38  36  37  37  40  41  41  44  58  67  77 169 253 253 252 252 252 252
 252 252 252 252 252 252 252 252 252 252 253 253 252 251 251 251 252 253
 252 252 252 252 251 251 252 253 253 252 252 252 253 253 252 251 253 252
 250 251 252 252 252 252 251 253 253 252 253 252 250 254 252 252 252 252
 252 252 252 252 251 253 254 253 254 255 254 252 254 253 254 253 249 248
 238  29]","[ 29  29 245 252 252 252 253 252 252 252 252 252 252 252 252 252 252 252
 252 252 252 252 252 252 252 252 252 252 252 252 252 252 252 252 252 252
 252 252 252 252 252 252 252 252 252 252 252 252 252 252 252 252 252 252
 252 252 252 252 252 252 252 252 252 252 252 252 252 252 252 252 252 252
 252 252 252 252 252 252 252 252 252 252 252 252 252 252 252 252 252 252
 252 252 252 253 253 253 250 253 228 112  61  43  49  45  39  36  34  35
  36  36  36  36  41  41  44  49  57  61  81 169 252 252 253 253 253 252
 252 252 252 252 252 252 252 252 252 252 252 252 252 252 252 252 252 252
 252 252 252 252 252 252 252 252 252 252 252 252 252 252 252 252 252 252
 252 252 252 252 252 252 252 252 252 252 252 252 252 252 252 252 252 252
 252 252 252 252 252 252 252 252 252 252 252 252 252 252 253 253 251 252
 245  30]","[ 29  29 245 252 252 252 253 252 252 252 252 252 252 252 252 252 252 252
 252 252 252 252 252 252 252 252 252 252 252 252 252 252 252 252 252 252
 252 252 252 252 252 252 252 252 252 252 252 252 252 252 252 252 252 252
 252 252 252 252 252 252 252 252 252 252 252 252 252 252 252 252 252 252
 252 252 252 252 252 252 252 252 252 252 252 252 252 252 252 252 252 252
 252 252 252 252 253 253 254 253 244 144  63  51  47  41  40  37  35  35
  36  37  38  40  41  45  49  49  57  62  82 167 252 252 253 253 252 252
 252 252 252 252 252 252 252 252 252 252 252 252 252 252 252 252 252 252
 252 252 252 252 252 252 252 252 252 252 252 252 252 252 252 252 252 252
 252 252 252 252 252 252 252 252 252 252 252 252 252 252 252 252 252 252
 252 252 252 252 252 252 252 252 252 252 252 252 252 252 252 253 251 252
 244  29]","[ 29  29 245 252 252 252 253 252 252 252 252 252 252 252 252 252 252 252
 252 252 252 252 252 252 252 252 252 252 252 252 252 252 252 252 252 252
 252 252 252 252 252 252 252 252 252 252 252 252 252 252 252 252 252 252
 252 252 252 252 252 252 252 252 252 252 252 252 252 252 252 252 252 252
 252 252 252 252 252 252 252 252 252 252 252 252 252 252 252 252 252 252
 252 252 252 252 252 253 254 249 254 191  79  59  46  43  40  38  36  35
  36  36  39  41  41  46  50  51  58  64  85 176 253 253 253 252 252 251
 252 252 252 252 252 252 252 252 252 252 252 252 252 252 252 252 252 252
 252 252 252 252 252 252 252 252 252 252 252 252 252 252 252 252 252 252
 252 252 252 252 252 252 252 252 252 252 252 252 252 252 252 252 252 252
 252 252 252 252 252 252 252 252 252 252 252 252 252 252 251 252 252 252
 244  29]","[ 29  29 245 252 252 252 253 252 252 252 252 252 252 252 252 252 252 252
 252 252 252 252 252 252 252 252 252 252 252 252 252 252 252 252 252 252
 252 252 252 252 252 252 252 252 252 252 252 252 252 252 252 252 252 252
 252 252 252 252 252 252 252 252 252 252 252 252 252 252 252 252 252 252
 252 252 252 252 252 252 252 252 252 252 252 252 252 252 252 252 252 252
 252 252 252 252 252 252 252 251 254 225 112  65  46  39  40  38  37  36
  35  35  38  40  42  43  47  52  60  62  89 189 253 253 252 252 251 251
 252 252 252 252 252 252 252 252 252 252 252 252 252 252 252 252 252 252
 252 252 252 252 252 252 252 252 252 252 252 252 252 252 252 252 252 252
 252 252 252 252 252 252 252 252 252 252 252 252 252 252 252 252 252 252
 252 252 252 252 252 252 252 252 252 252 252 252 252 252 251 252 251 251
 244  29]","[ 29  29 245 252 252 252 253 252 252 252 252 252 252 252 252 252 252 252
 252 252 252 252 252 252 252 252 252 252 252 252 252 252 252 252 252 252
 252 252 252 252 252 252 252 252 252 252 252 252 252 252 252 252 252 252
 252 252 252 252 252 252 252 252 252 252 252 252 252 252 252 252 252 252
 252 252 252 252 252 252 252 252 252 252 252 252 252 252 252 252 252 252
 252 252 252 252 252 252 252 254 251 243 166  75  54  42  39  38  38  37
  36  35  37  39  41  43  47  53  60  62  92 199 253 253 252 252 252 252
 252 252 252 252 252 252 252 252 252 252 252 252 252 252 252 252 252 252
 252 252 252 252 252 252 252 252 252 252 252 252 252 252 252 252 252 252
 252 252 252 252 252 252 252 252 252 252 252 252 252 252 252 252 252 252
 252 252 252 252 252 252 252 252 252 252 252 252 252 252 251 252 251 251
 243  29]","[ 29  29 245 252 252 252 253 252 252 252 252 252 252 252 252 252 252 252
 252 252 252 252 252 252 252 252 252 252 252 252 252 252 252 252 252 252
 252 252 252 252 252 252 252 252 252 252 252 252 252 252 252 252 252 252
 252 252 252 252 252 252 252 252 252 252 252 252 252 252 252 252 252 252
 252 252 252 252 252 252 252 252 252 252 252 252 252 252 252 252 252 252
 252 252 252 252 252 252 253 252 252 252 217  92  58  52  39  38  38  38
  36  34  36  38  38  45  49  52  60  65  99 208 253 253 252 252 252 252
 252 252 252 252 252 252 252 252 252 252 252 252 252 252 252 252 252 252
 252 252 252 252 252 252 252 252 252 252 252 252 252 252 252 252 252 252
 252 252 252 252 252 252 252 252 252 252 252 252 252 252 252 252 252 252
 252 252 252 252 252 252 252 252 252 252 252 252 252 252 251 252 251 251
 244  29]","[ 29  29 245 252 252 252 253 252 252 252 252 252 252 252 252 252 252 252
 252 252 252 252 252 252 252 252 252 252 252 252 252 252 252 252 252 252
 252 252 252 252 252 252 252 252 252 252 252 252 252 252 252 252 252 252
 252 252 252 252 252 252 252 252 252 252 252 252 252 252 252 252 252 252
 252 252 252 252 252 252 252 252 252 252 252 252 252 252 252 252 252 252
 252 252 252 252 252 252 253 249 254 253 242 141  66  52  41  39  38  37
  35  34  35  38  38  44  48  51  59  66 104 220 253 253 252 252 252 252
 252 251 252 252 252 252 252 252 252 252 252 252 252 252 252 252 252 252
 252 252 252 252 252 252 252 252 252 252 252 252 252 252 252 252 252 252
 252 252 252 252 252 252 252 252 252 252 252 252 252 252 252 252 252 252
 252 252 252 252 252 252 252 252 252 252 252 252 252 252 252 252 251 251
 244  29]","[ 29  29 245 252 252 252 253 252 252 252 252 252 252 252 252 252 252 252
 252 252 252 252 252 252 252 252 252 252 252 252 252 252 252 252 252 252
 252 252 252 252 252 252 252 252 252 252 252 252 252 252 252 252 252 252
 252 252 252 252 252 252 252 252 252 252 252 252 252 252 252 252 252 252
 252 252 252 252 252 252 252 252 252 252 252 252 252 252 252 252 252 252
 252 252 252 252 252 252 252 252 254 251 252 211  95  53  44  42  39  37
  35  34  35  38  41  43  45  49  58  62 104 227 253 252 252 252 252 252
 252 251 252 252 252 252 252 252 252 252 252 252 252 252 252 252 252 252
 252 252 252 252 252 252 252 252 252 252 252 252 252 252 252 252 252 252
 252 252 252 252 252 252 252 252 252 252 252 252 252 252 252 252 252 252
 252 252 252 252 252 252 252 252 252 252 252 252 252 252 252 252 251 252
 244  29]","[ 29  29 246 252 252 252 253 252 252 252 252 252 252 252 252 252 252 252
 252 252 252 252 252 252 252 252 252 252 252 252 252 252 252 252 252 252
 252 252 252 252 252 252 252 252 252 252 252 252 252 252 252 252 252 252
 252 252 252 252 252 252 252 252 252 252 252 252 252 252 252 252 252 252
 252 252 252 252 252 252 252 252 252 252 252 252 252 252 252 252 252 252
 252 252 252 252 252 252 252 253 249 254 253 244 140  57  43  44  40  36
  37  37  36  39  38  39  47  50  56  61  88 204 253 252 253 255 252 251
 253 253 252 252 252 252 252 252 252 252 252 252 252 252 252 252 252 252
 252 252 252 252 252 252 252 252 252 252 252 252 252 252 252 252 252 252
 252 252 252 252 252 252 252 252 252 252 252 252 252 252 252 252 252 252
 252 252 252 252 252 252 252 252 252 252 252 252 252 252 252 252 251 252
 244  29]","[ 29  29 246 252 252 252 253 252 252 252 252 252 252 252 252 252 252 252
 252 252 252 252 252 252 252 252 252 252 252 252 252 252 252 252 252 252
 252 252 252 252 252 252 252 252 252 252 252 252 252 252 252 252 252 252
 252 252 252 252 252 252 252 252 252 252 252 252 252 252 252 252 252 252
 252 252 252 252 252 252 252 252 252 252 252 252 252 252 252 252 252 252
 252 252 252 252 252 252 251 253 253 253 252 250 167  73  45  47  43  37
  36  36  35  37  40  39  45  50  59  63  75 158 250 252 253 249 253 253
 253 252 252 252 252 252 252 252 252 252 252 252 252 252 252 252 252 252
 252 252 252 252 252 252 252 252 252 252 252 252 252 252 252 252 252 252
 252 252 252 252 252 252 252 252 252 252 252 252 252 252 252 252 252 252
 252 252 252 252 252 252 252 252 252 252 252 252 252 252 252 252 251 252
 244  29]","[ 29  29 246 252 252 252 253 252 252 252 252 252 252 252 252 252 252 252
 252 252 252 252 252 252 252 252 252 252 252 252 252 252 252 252 252 252
 252 252 252 252 252 252 252 252 252 252 252 252 252 252 252 252 252 252
 252 252 252 252 252 252 252 252 252 252 252 252 252 252 252 252 252 252
 252 252 252 252 252 252 252 252 252 252 252 252 252 252 252 252 252 252
 252 252 252 252 252 252 252 252 253 252 250 251 184  82  44  46  43  37
  36  36  36  37  39  39  41  46  55  61  62 106 219 253 254 251 254 252
 253 251 252 252 252 252 252 252 252 252 252 252 252 252 252 252 252 252
 252 252 252 252 252 252 252 252 252 252 252 252 252 252 252 252 252 252
 252 252 252 252 252 252 252 252 252 252 252 252 252 252 252 252 252 252
 252 252 252 252 252 252 252 252 252 252 252 252 252 252 252 252 251 252
 244  29]","[ 29  29 246 252 252 252 253 252 252 252 252 252 252 252 252 252 252 252
 252 252 252 252 252 252 252 252 252 252 252 252 252 252 252 252 252 252
 252 252 252 252 252 252 252 252 252 252 252 252 252 252 252 252 252 252
 252 252 252 252 252 252 252 252 252 252 252 252 252 252 252 252 252 252
 252 252 252 252 252 252 252 252 252 252 252 252 252 252 252 252 252 252
 252 252 252 252 252 252 253 249 253 252 250 249 175  81  47  44  40  38
  37  36  36  37  35  37  39  41  46  55  59  80 164 248 253 254 252 251
 253 251 252 252 252 252 252 252 252 252 252 252 252 252 252 252 252 252
 252 252 252 252 252 252 252 252 252 252 252 252 252 252 252 252 252 252
 252 252 252 252 252 252 252 252 252 252 252 252 252 252 252 252 252 252
 252 252 252 252 252 252 252 252 252 252 252 252 252 252 252 252 251 252
 244  29]","[ 29  29 246 252 252 252 253 252 252 252 252 252 252 252 252 252 252 252
 252 252 252 252 252 252 252 252 252 252 252 252 252 252 252 252 252 252
 252 252 252 252 252 252 252 252 252 252 252 252 252 252 252 252 252 252
 252 252 252 252 252 252 252 252 252 252 252 252 252 252 252 252 252 252
 252 252 252 252 252 252 252 252 252 252 252 252 252 252 252 252 252 252
 252 252 252 252 252 252 253 249 253 253 252 249 156  79  55  46  39  39
  38  36  34  35  33  37  39  40  42  51  61  72 117 224 253 252 251 253
 253 252 252 252 252 252 252 252 252 252 252 252 252 252 252 252 252 252
 252 252 252 252 252 252 252 252 252 252 252 252 252 252 252 252 252 252
 252 252 252 252 252 252 252 252 252 252 252 252 252 252 252 252 252 252
 252 252 252 252 252 252 252 252 252 252 252 252 252 252 252 252 251 252
 244  29]","[ 29  29 246 252 252 252 253 252 252 252 252 252 252 252 252 252 252 252
 252 252 252 252 252 252 252 252 252 252 252 252 252 252 252 252 252 252
 252 252 252 252 252 252 252 252 252 252 252 252 252 252 252 252 252 252
 252 252 252 252 252 252 252 252 252 252 252 252 252 252 252 252 252 252
 252 252 252 252 252 252 252 252 252 252 252 252 252 252 252 252 252 252
 252 252 252 252 252 252 252 252 253 252 252 248 136  73  56  45  39  39
  38  35  34  33  33  36  38  41  42  48  58  65  84 178 253 251 254 255
 250 253 252 252 252 252 252 252 252 252 252 252 252 252 252 252 252 252
 252 252 252 252 252 252 252 252 252 252 252 252 252 252 252 252 252 252
 252 252 252 252 252 252 252 252 252 252 252 252 252 252 252 252 252 252
 252 252 252 252 252 252 252 252 252 252 252 252 252 252 252 252 251 252
 244  29]","[ 29  29 246 252 252 252 253 252 252 252 252 252 252 252 252 252 252 252
 252 252 252 252 252 252 252 252 252 252 252 252 252 252 252 252 252 252
 252 252 252 252 252 252 252 252 252 252 252 252 252 252 252 252 252 252
 252 252 252 252 252 252 252 252 252 252 252 252 252 252 252 252 252 252
 252 252 252 252 252 252 252 252 252 252 252 252 252 252 252 252 252 252
 252 252 252 252 252 252 251 253 253 250 251 239 116  63  51  44  41  39
  36  35  35  33  33  35  36  38  41  44  51  56  68 126 243 253 254 255
 249 253 252 252 252 252 252 252 252 252 252 252 252 252 252 252 252 252
 252 252 252 252 252 252 252 252 252 252 252 252 252 252 252 252 252 252
 252 252 252 252 252 252 252 252 252 252 252 252 252 252 252 252 252 252
 252 252 252 252 252 252 252 252 252 252 252 252 252 252 252 252 251 252
 244  29]","[ 29  29 246 252 252 252 253 252 252 252 252 252 252 252 252 252 252 252
 252 252 252 252 252 252 252 252 252 252 252 252 252 252 252 252 252 252
 252 252 252 252 252 252 252 252 252 252 252 252 252 252 252 252 252 252
 252 252 252 252 252 252 252 252 252 252 252 252 252 252 252 252 252 252
 252 252 252 252 252 252 252 252 252 252 252 252 252 252 252 252 252 252
 252 252 252 252 252 252 252 252 251 252 253 229 105  57  48  46  44  40
  34  34  36  32  33  35  36  35  39  41  47  54  65  91 215 250 252 254
 251 252 252 252 252 252 252 252 252 252 252 252 252 252 252 252 252 252
 252 252 252 252 252 252 252 252 252 252 252 252 252 252 252 252 252 252
 252 252 252 252 252 252 252 252 252 252 252 252 252 252 252 252 252 252
 252 252 252 252 252 252 252 252 252 252 252 252 252 252 252 252 251 252
 244  29]","[ 29  29 246 252 252 252 253 252 252 252 252 252 252 252 252 252 252 252
 252 252 252 252 252 252 252 252 252 252 252 252 252 252 252 252 252 252
 252 252 252 252 252 252 252 252 252 252 252 252 252 252 252 252 252 252
 252 252 252 252 252 252 252 252 252 252 252 252 252 252 252 252 252 252
 252 252 252 252 252 252 252 252 252 252 252 252 252 252 252 252 252 252
 252 252 252 252 252 252 251 253 250 251 253 219  95  54  46  46  45  41
  36  35  35  33  33  32  33  36  38  40  44  50  60  71 144 242 254 249
 253 253 252 252 252 252 252 252 252 252 252 252 252 252 252 252 252 252
 252 252 252 252 252 252 252 252 252 252 252 252 252 252 252 252 252 252
 252 252 252 252 252 252 252 252 252 252 252 252 252 252 252 252 252 252
 252 252 252 252 252 252 252 252 252 252 252 252 252 252 252 252 251 252
 244  29]","[ 29  29 246 252 252 252 253 252 252 252 252 252 252 252 252 252 252 252
 252 252 252 252 252 252 252 252 252 252 252 252 252 252 252 252 252 252
 252 252 252 252 252 252 252 252 252 252 252 252 252 252 252 252 252 252
 252 252 252 252 252 252 252 252 252 252 252 252 252 252 252 252 252 252
 252 252 252 252 252 252 252 252 252 252 252 252 252 252 252 252 252 252
 252 252 252 252 252 252 252 253 252 252 251 210  89  57  45  43  43  40
  36  34  34  32  32  32  33  36  36  38  43  49  57  59  98 215 252 252
 252 253 252 252 252 252 252 252 252 252 252 252 252 252 252 252 252 252
 252 252 252 252 252 252 252 252 252 252 252 252 252 252 252 252 252 252
 252 252 252 252 252 252 252 252 252 252 252 252 252 252 252 252 252 252
 252 252 252 252 252 252 252 252 252 252 252 252 252 252 252 252 251 252
 244  29]","[ 29  29 246 252 252 252 253 252 252 252 252 252 252 252 252 252 252 252
 252 252 252 252 252 252 252 252 252 252 252 252 252 252 252 252 252 252
 252 252 252 252 252 252 252 252 252 252 252 252 252 252 252 252 252 252
 252 252 252 252 252 252 252 252 252 252 252 252 252 252 252 252 252 252
 252 252 252 252 252 252 252 252 252 252 252 252 252 252 252 252 252 252
 252 252 252 252 252 252 251 250 251 250 248 188  77  56  47  43  42  41
  38  35  34  33  32  33  35  36  35  36  41  47  55  57  71 161 247 252
 255 252 252 252 252 252 252 252 252 252 252 252 252 252 252 252 252 252
 252 252 252 252 252 252 252 252 252 252 252 252 252 252 252 252 252 252
 252 252 252 252 252 252 252 252 252 252 252 252 252 252 252 252 252 252
 252 252 252 252 252 252 252 252 252 252 252 252 252 252 252 252 251 252
 244  29]","[ 29  29 246 252 252 252 253 252 252 252 252 252 252 252 252 252 252 252
 252 252 252 252 252 252 252 252 252 252 252 252 252 252 252 252 252 252
 252 252 252 252 252 252 252 252 252 252 252 252 252 252 252 252 252 252
 252 252 252 252 252 252 252 252 252 252 252 252 252 252 252 252 252 252
 252 252 252 252 252 252 252 252 252 252 252 252 252 252 252 252 252 252
 252 252 252 252 252 252 253 251 253 250 248 161  70  56  49  43  41  42
  40  37  34  33  33  33  35  35  34  34  39  44  48  57  64 104 221 250
 253 250 252 252 252 252 252 252 252 252 252 252 252 252 252 252 252 252
 252 252 252 252 252 252 252 252 252 252 252 252 252 252 252 252 252 252
 252 252 252 252 252 252 252 252 252 252 252 252 252 252 252 252 252 252
 252 252 252 252 252 252 252 252 252 252 252 252 252 252 252 252 251 252
 244  29]","[ 29  29 246 252 252 252 253 252 252 252 252 252 252 252 252 252 252 252
 252 252 252 252 252 252 252 252 252 252 252 252 252 252 252 252 252 252
 252 252 252 252 252 252 252 252 252 252 252 252 252 252 252 252 252 252
 252 252 252 252 252 252 252 252 252 252 252 252 252 252 252 252 252 252
 252 252 252 252 252 252 252 252 252 252 252 252 252 252 252 252 252 252
 252 252 252 252 252 252 253 252 252 250 248 134  67  54  48  41  38  39
  39  36  34  33  33  33  33  33  33  34  37  40  46  56  60  81 172 253
 251 255 252 252 252 252 252 252 252 252 252 252 252 252 252 252 252 252
 252 252 252 252 252 252 252 252 252 252 252 252 252 252 252 252 252 252
 252 252 252 252 252 252 252 252 252 252 252 252 252 252 252 252 252 252
 252 252 252 252 252 252 252 252 252 252 252 252 252 252 252 252 251 252
 244  29]","[ 29  29 246 252 252 252 253 252 252 252 252 252 252 252 252 252 252 252
 252 252 252 252 252 252 252 252 252 252 252 252 252 252 252 252 252 252
 252 252 252 252 252 252 252 252 252 252 252 252 252 252 252 252 252 252
 252 252 252 252 252 252 252 252 252 252 252 252 252 252 252 252 252 252
 252 252 252 252 252 252 252 252 252 252 252 252 252 252 252 252 252 252
 252 252 252 252 252 252 251 252 251 250 243 110  64  53  46  39  36  37
  38  37  36  35  34  33  32  33  34  35  37  39  44  50  56  70 116 237
 252 251 253 252 252 252 252 252 252 252 252 252 252 252 252 252 252 252
 252 252 252 252 252 252 252 252 252 252 252 252 252 252 252 252 252 252
 252 252 252 252 252 252 252 252 252 252 252 252 252 252 252 252 252 252
 252 252 252 252 252 252 252 252 252 252 252 252 252 252 252 252 251 252
 244  29]","[ 29  29 246 252 252 252 253 252 252 252 252 252 252 252 252 252 252 252
 252 252 252 252 252 252 252 252 252 252 252 252 252 252 252 252 252 252
 252 252 252 252 252 252 252 252 252 252 252 252 252 252 252 252 252 252
 252 252 252 252 252 252 252 252 252 252 252 252 252 252 252 252 252 252
 252 252 252 252 252 252 252 252 252 252 252 252 252 252 252 252 252 252
 252 252 252 252 252 252 252 252 253 252 237  97  60  54  46  39  35  36
  37  39  39  38  35  35  34  34  34  36  37  38  44  50  61  65  86 190
 253 250 253 253 252 252 252 252 252 252 252 252 252 252 252 252 252 252
 252 252 252 252 252 252 252 252 252 252 252 252 252 252 252 252 252 252
 252 252 252 252 252 252 252 252 252 252 252 252 252 252 252 252 252 252
 252 252 252 252 252 252 252 252 252 252 252 252 252 252 252 252 251 252
 244  29]","[ 29  29 246 252 252 252 253 252 252 252 252 252 252 252 252 252 252 252
 252 252 252 252 252 252 252 252 252 252 252 252 252 252 252 252 252 252
 252 252 252 252 252 252 252 252 252 252 252 252 252 252 252 252 252 252
 252 252 252 252 252 252 252 252 252 252 252 252 252 252 252 252 252 252
 252 252 252 252 252 252 252 252 252 252 252 252 252 252 252 252 252 252
 252 252 252 252 252 252 252 251 252 251 227  88  53  52  46  39  34  34
  36  38  39  38  36  36  35  34  34  34  36  37  39  46  58  62  75 141
 243 254 253 253 253 252 252 252 252 252 252 252 252 252 252 252 252 252
 252 252 252 252 252 252 252 252 252 252 252 252 252 252 252 252 252 252
 252 252 252 252 252 252 252 252 252 252 252 252 252 252 252 252 252 252
 252 252 252 252 252 252 252 252 252 252 252 252 252 252 252 252 251 252
 244  29]","[ 29  29 245 252 252 252 253 252 252 252 252 252 252 252 252 252 252 252
 252 252 252 252 252 252 252 252 252 252 252 252 252 252 252 252 252 252
 252 252 252 252 252 252 252 252 252 252 252 252 252 252 252 252 252 252
 252 252 252 252 252 252 252 252 252 252 252 252 252 252 252 252 252 252
 252 252 252 252 252 252 252 252 252 252 252 252 252 252 252 252 252 252
 252 252 252 252 252 252 253 250 253 251 202  82  51  49  43  40  36  34
  35  37  38  38  37  36  35  35  34  34  36  38  38  50  53  57  66 107
 221 252 254 253 253 254 250 252 251 252 252 252 252 252 252 252 252 252
 252 252 252 252 252 252 252 252 252 252 252 252 252 252 252 252 252 252
 252 252 252 252 252 252 252 252 252 252 252 252 252 252 252 252 252 252
 252 252 252 252 252 252 252 252 252 252 252 252 252 252 252 252 251 252
 244  29]","[ 29  29 245 252 252 252 253 252 252 252 252 252 252 252 252 252 252 252
 252 252 252 252 252 252 252 252 252 252 252 252 252 252 252 252 252 252
 252 252 252 252 252 252 252 252 252 252 252 252 252 252 252 252 252 252
 252 252 252 252 252 252 252 252 252 252 252 252 252 252 252 252 252 252
 252 252 252 252 252 252 252 252 252 252 252 252 252 252 252 252 252 252
 252 252 252 252 252 252 252 252 253 246 170  75  51  46  41  38  35  33
  34  36  37  37  37  36  36  36  35  34  34  35  41  43  46  55  59  85
 174 249 253 253 250 253 253 252 252 253 252 252 252 252 252 252 252 252
 252 252 252 252 252 252 252 252 252 252 252 252 252 252 252 252 252 252
 252 252 252 252 252 252 252 252 252 252 252 252 252 252 252 252 252 252
 252 252 252 252 252 252 252 252 252 252 252 252 252 252 252 252 251 252
 244  29]","[ 29  29 245 252 252 252 253 252 252 252 252 252 252 252 252 252 252 252
 252 252 252 252 252 252 252 252 252 252 252 252 252 252 252 252 252 252
 252 252 252 252 252 252 252 252 252 252 252 252 252 252 252 252 252 252
 252 252 252 252 252 252 252 252 252 252 252 252 252 252 252 252 252 252
 252 252 252 252 252 252 252 252 252 252 252 252 252 252 252 252 252 252
 252 252 252 252 252 252 251 253 252 239 134  72  54  47  41  38  34  32
  32  34  36  36  36  37  37  37  35  34  34  35  40  43  49  54  55  75
 133 243 252 254 251 252 253 251 252 251 252 252 252 252 252 252 252 252
 252 252 252 252 252 252 252 252 252 252 252 252 252 252 252 252 252 252
 252 252 252 252 252 252 252 252 252 252 252 252 252 252 252 252 252 252
 252 252 252 252 252 252 252 252 252 252 252 252 252 252 252 252 251 252
 244  29]","[ 29  29 245 252 252 252 253 252 252 252 252 252 252 252 252 252 252 252
 252 252 252 252 252 252 252 252 252 252 252 252 252 252 252 252 252 252
 252 252 252 252 252 252 252 252 252 252 252 252 252 252 252 252 252 252
 252 252 252 252 252 252 252 252 252 252 252 252 252 252 252 252 252 252
 252 252 252 252 252 252 252 252 252 252 252 252 252 252 252 252 252 252
 252 252 252 252 252 252 252 252 250 224 110  69  54  44  42  38  34  32
  31  33  35  36  36  36  37  36  35  34  35  36  36  42  50  51  53  72
 104 220 252 253 255 253 252 251 253 251 252 252 252 252 252 252 252 252
 252 252 252 252 252 252 252 252 252 252 252 252 252 252 252 252 252 252
 252 252 252 252 252 252 252 252 252 252 252 252 252 252 252 252 252 252
 252 252 252 252 252 252 252 252 252 252 252 252 252 252 252 252 251 252
 244  29]","[ 29  29 245 252 252 252 253 252 252 252 252 252 252 252 252 252 252 252
 252 252 252 252 252 252 252 252 252 252 252 252 252 252 252 252 252 252
 252 252 252 252 252 252 252 252 252 252 252 252 252 252 252 252 252 252
 252 252 252 252 252 252 252 252 252 252 252 252 252 252 252 252 252 252
 252 252 252 252 252 252 252 252 252 252 252 252 252 252 252 252 252 252
 252 252 252 252 252 252 253 252 251 203  95  60  48  41  42  38  34  31
  31  32  35  37  37  36  35  35  34  33  35  37  41  41  47  53  59  68
  87 183 254 249 254 253 249 253 253 253 252 252 252 252 252 252 252 252
 252 252 252 252 252 252 252 252 252 252 252 252 252 252 252 252 252 252
 252 252 252 252 252 252 252 252 252 252 252 252 252 252 252 252 252 252
 252 252 252 252 252 252 252 252 252 252 252 252 252 252 252 252 251 252
 244  29]","[ 29  29 245 252 252 252 253 252 252 252 252 252 252 252 252 252 252 252
 252 252 252 252 252 252 252 252 252 252 252 252 252 252 252 252 252 252
 252 252 252 252 252 252 252 252 252 252 252 252 252 252 252 252 252 252
 252 252 252 252 252 252 252 252 252 252 252 252 252 252 252 252 252 252
 252 252 252 252 252 252 252 252 252 252 252 252 252 252 252 252 252 252
 252 252 252 252 252 252 253 252 252 183  84  55  46  43  40  36  33  31
  30  31  35  38  38  36  34  33  32  32  34  35  37  36  40  47  55  60
  75 135 252 251 252 254 251 253 250 253 252 252 252 252 252 252 252 252
 252 252 252 252 252 252 252 252 252 252 252 252 252 252 252 252 252 252
 252 252 252 252 252 252 252 252 252 252 252 252 252 252 252 252 252 252
 252 252 252 252 252 252 252 252 252 252 252 252 252 252 252 252 251 252
 244  29]","[ 29  29 245 252 252 252 253 252 252 252 252 252 252 252 252 252 252 252
 252 252 252 252 252 252 252 252 252 252 252 252 252 252 252 252 252 252
 252 252 252 252 252 252 252 252 252 252 252 252 252 252 252 252 252 252
 252 252 252 252 252 252 252 252 252 252 252 252 252 252 252 252 252 252
 252 252 252 252 252 252 252 252 252 252 252 252 252 252 252 252 252 252
 252 252 252 252 252 252 252 253 251 169  75  59  49  44  38  35  33  32
  31  32  34  38  38  36  34  33  33  32  33  33  35  39  39  44  52  61
  73 102 225 254 252 255 252 253 249 252 252 252 252 252 252 252 252 252
 252 252 252 252 252 252 252 252 252 252 252 252 252 252 252 252 252 252
 252 252 252 252 252 252 252 252 252 252 252 252 252 252 252 252 252 252
 252 252 252 252 252 252 252 252 252 252 252 252 252 252 252 252 251 252
 244  29]","[ 29  29 245 252 252 252 253 252 252 252 252 252 252 252 252 252 252 252
 252 252 252 252 252 252 252 252 252 252 252 252 252 252 252 252 252 252
 252 252 252 252 252 252 252 252 252 252 252 252 252 252 252 252 252 252
 252 252 252 252 252 252 252 252 252 252 252 252 252 252 252 252 252 252
 252 252 252 252 252 252 252 252 252 252 252 252 252 252 252 252 252 252
 252 252 252 252 252 252 252 252 248 162  69  64  50  39  37  35  34  33
  33  32  34  37  38  36  35  35  34  34  33  32  34  38  37  42  48  56
  67  84 189 253 252 253 251 254 251 252 252 252 252 252 252 252 252 252
 252 252 252 252 252 252 252 252 252 252 252 252 252 252 252 252 252 252
 252 252 252 252 252 252 252 252 252 252 252 252 252 252 252 252 252 252
 252 252 252 252 252 252 252 252 252 252 252 252 252 252 252 252 251 252
 244  29]","[ 29  29 245 252 252 252 253 252 252 252 252 252 252 252 252 252 252 252
 252 252 252 252 252 252 252 252 252 252 252 252 252 252 252 252 252 252
 252 252 252 252 252 252 252 252 252 252 252 252 252 252 252 252 252 252
 252 252 252 252 252 252 252 252 252 252 252 252 252 252 252 252 252 252
 252 252 252 252 252 252 252 252 252 252 252 252 252 252 252 252 252 252
 252 252 252 252 253 253 253 250 247 136  66  55  47  38  33  32  32  32
  32  32  34  36  36  35  34  32  32  32  33  33  34  38  37  43  47  57
  67  73 152 247 253 254 250 253 253 250 252 252 252 252 252 252 252 252
 252 252 252 252 252 252 252 252 252 252 252 252 252 252 252 252 252 252
 252 252 252 252 252 252 252 252 252 252 252 252 252 252 252 252 252 252
 252 252 252 252 252 252 252 252 252 252 252 252 252 252 252 252 251 252
 244  29]","[ 29  29 245 252 252 252 253 252 252 252 252 252 252 252 252 252 252 252
 252 252 252 252 252 252 252 252 252 252 252 252 252 252 252 252 252 252
 252 252 252 252 252 252 252 252 252 252 252 252 252 252 252 252 252 252
 252 252 252 252 252 252 252 252 252 252 252 252 252 252 252 252 252 252
 252 252 252 252 252 252 252 252 252 252 252 252 252 252 252 252 252 252
 252 252 252 252 253 253 252 250 244 128  61  53  44  34  34  33  32  33
  33  32  34  36  37  36  35  34  33  33  33  33  34  36  36  41  45  53
  60  71 109 229 254 254 253 249 253 253 252 252 252 252 252 252 252 252
 252 252 252 252 252 252 252 252 252 252 252 252 252 252 252 252 252 252
 252 252 252 252 252 252 252 252 252 252 252 252 252 252 252 252 252 252
 252 252 252 252 252 252 252 252 252 252 252 252 252 252 252 252 251 252
 244  29]","[ 29  29 245 252 252 252 253 252 252 252 252 252 252 252 252 252 252 252
 252 252 252 252 252 252 252 252 252 252 252 252 252 252 252 252 252 252
 252 252 252 252 252 252 252 252 252 252 252 252 252 252 252 252 252 252
 252 252 252 252 252 252 252 252 252 252 252 252 252 252 252 252 252 252
 252 252 252 252 252 252 252 252 252 252 252 252 252 252 252 252 252 252
 252 252 252 252 253 253 252 252 240 121  60  56  46  35  33  32  31  31
  31  30  32  34  36  36  35  34  33  34  34  34  35  36  37  41  44  50
  55  73  85 200 254 251 254 251 253 252 252 252 252 252 252 252 252 252
 252 252 252 252 252 252 252 252 252 252 252 252 252 252 252 252 252 252
 252 252 252 252 252 252 252 252 252 252 252 252 252 252 252 252 252 252
 252 252 252 252 252 252 252 252 252 252 252 252 252 252 252 252 251 252
 244  29]","[ 29  29 245 252 252 252 253 252 252 252 252 252 252 252 252 252 252 252
 252 252 252 252 252 252 252 252 252 252 252 252 252 252 252 252 252 252
 252 252 252 252 252 252 252 252 252 252 252 252 252 252 252 252 252 252
 252 252 252 252 252 252 252 252 252 252 252 252 252 252 252 252 252 252
 252 252 252 252 252 252 252 252 252 252 252 252 252 252 252 252 252 252
 252 252 252 252 253 253 251 251 237 118  62  58  48  40  34  31  30  30
  29  28  30  33  34  34  34  33  33  34  34  34  35  35  38  40  44  48
  50  72  83 166 252 249 252 254 252 250 252 252 252 252 252 252 252 252
 252 252 252 252 252 252 252 252 252 252 252 252 252 252 252 252 252 252
 252 252 252 252 252 252 252 252 252 252 252 252 252 252 252 252 252 252
 252 252 252 252 252 252 252 252 252 252 252 252 252 252 252 252 251 252
 244  29]","[ 29  29 245 252 252 252 253 252 252 252 252 252 252 252 252 252 252 252
 252 252 252 252 252 252 252 252 252 252 252 252 252 252 252 252 252 252
 252 252 252 252 252 252 252 252 252 252 252 252 252 252 252 252 252 252
 252 252 252 252 252 252 252 252 252 252 252 252 252 252 252 252 252 252
 252 252 252 252 252 252 252 252 252 252 252 252 252 252 252 252 252 252
 252 252 252 252 253 252 249 251 232 115  62  56  46  41  36  33  30  30
  29  28  30  34  34  34  33  32  32  33  34  34  32  32  36  38  41  45
  45  67  74 144 251 251 252 254 251 252 252 252 252 252 252 252 252 252
 252 252 252 252 252 252 252 252 252 252 252 252 252 252 252 252 252 252
 252 252 252 252 252 252 252 252 252 252 252 252 252 252 252 252 252 252
 252 252 252 252 252 252 252 252 252 252 252 252 252 252 252 252 251 252
 244  29]","[ 29  29 245 252 252 252 253 252 252 252 252 252 252 252 252 252 252 252
 252 252 252 252 252 252 252 252 252 252 252 252 252 252 252 252 252 252
 252 252 252 252 252 252 252 252 252 252 252 252 252 252 252 252 252 252
 252 252 252 252 252 252 252 252 252 252 252 252 252 252 252 252 252 252
 252 252 252 252 252 252 252 252 252 252 252 252 252 252 252 252 252 252
 252 252 252 252 253 252 251 251 230 114  61  52  43  40  38  34  31  31
  30  28  29  34  34  34  33  31  31  32  32  32  31  33  35  38  40  43
  45  62  70 141 246 253 254 251 252 253 252 252 252 252 252 252 252 252
 252 252 252 252 252 252 252 252 252 252 252 252 252 252 252 252 252 252
 252 252 252 252 252 252 252 252 252 252 252 252 252 252 252 252 252 252
 252 252 252 252 252 252 252 252 252 252 252 252 252 252 252 252 251 252
 244  29]","[ 29  29 245 252 252 252 253 252 252 252 252 252 252 252 252 252 252 252
 252 252 252 252 252 252 252 252 252 252 252 252 252 252 252 252 252 252
 252 252 252 252 252 252 252 252 252 252 252 252 252 252 252 252 252 252
 252 252 252 252 252 252 252 252 252 252 252 252 252 252 252 252 252 252
 252 252 252 252 252 252 252 252 252 252 252 252 252 252 252 252 252 252
 252 252 252 252 253 252 252 251 228 112  59  51  45  41  38  34  31  31
  30  27  28  32  33  33  33  32  31  31  31  30  32  35  35  38  39  44
  50  60  72 128 232 253 254 252 252 252 252 252 252 252 252 252 252 252
 252 252 252 252 252 252 252 252 252 252 252 252 252 252 252 252 252 252
 252 252 252 252 252 252 252 252 252 252 252 252 252 252 252 252 252 252
 252 252 252 252 252 252 252 252 252 252 252 252 252 252 252 252 251 252
 244  29]","[ 29  29 245 252 252 252 253 252 252 252 252 252 252 252 252 252 252 252
 252 252 252 252 252 252 252 252 252 252 252 252 252 252 252 252 252 252
 252 252 252 252 252 252 252 252 252 252 252 252 252 252 252 252 252 252
 252 252 252 252 252 252 252 252 252 252 252 252 252 252 252 252 252 252
 252 252 252 252 252 252 252 252 252 252 252 252 252 252 252 252 252 252
 252 252 252 252 253 252 252 251 226 109  57  51  46  41  38  33  31  32
  30  26  27  30  31  32  32  31  31  31  30  29  31  35  33  37  38  45
  53  59  65 102 217 253 252 254 252 252 252 252 252 252 252 252 252 252
 252 252 252 252 252 252 252 252 252 252 252 252 252 252 252 252 252 252
 252 252 252 252 252 252 252 252 252 252 252 252 252 252 252 252 252 252
 252 252 252 252 252 252 252 252 252 252 252 252 252 252 252 252 251 252
 244  29]","[ 29  29 245 252 252 252 253 252 252 252 252 252 252 252 252 252 252 252
 252 252 252 252 252 252 252 252 252 252 252 252 252 252 252 252 252 252
 252 252 252 252 252 252 252 252 252 252 252 252 252 252 252 252 252 252
 252 252 252 252 252 252 252 252 252 252 252 252 252 252 252 252 252 252
 252 252 252 252 252 252 252 252 252 252 252 252 252 252 252 252 252 252
 252 252 252 252 252 252 249 252 223 101  63  51  45  40  37  34  33  33
  31  27  26  28  30  31  32  32  31  31  31  33  33  35  35  37  40  45
  50  57  65  89 182 253 252 254 251 253 252 252 252 252 252 252 252 252
 252 252 252 252 252 252 252 252 252 252 252 252 252 252 252 252 252 252
 252 252 252 252 252 252 252 252 252 252 252 252 252 252 252 252 252 252
 252 252 252 252 252 252 252 252 252 252 252 252 252 252 252 252 251 252
 244  29]","[ 29  29 245 252 252 252 253 252 252 252 252 252 252 252 252 252 252 252
 252 252 252 252 252 252 252 252 252 252 252 252 252 252 252 252 252 252
 252 252 252 252 252 252 252 252 252 252 252 252 252 252 252 252 252 252
 252 252 252 252 252 252 252 252 252 252 252 252 252 252 252 252 252 252
 252 252 252 252 252 252 252 252 252 252 252 252 252 252 252 252 252 252
 252 252 252 252 252 252 251 251 222 101  66  56  47  41  38  34  32  32
  30  26  26  28  30  31  32  32  32  31  32  32  34  35  36  37  41  44
  49  55  62  81 154 251 252 254 252 253 252 252 252 252 252 252 252 252
 252 252 252 252 252 252 252 252 252 252 252 252 252 252 252 252 252 252
 252 252 252 252 252 252 252 252 252 252 252 252 252 252 252 252 252 252
 252 252 252 252 252 252 252 252 252 252 252 252 252 252 252 252 251 252
 244  29]","[ 29  29 245 252 252 252 253 252 252 252 252 252 252 252 252 252 252 252
 252 252 252 252 252 252 252 252 252 252 252 252 252 252 252 252 252 252
 252 252 252 252 252 252 252 252 252 252 252 252 252 252 252 252 252 252
 252 252 252 252 252 252 252 252 252 252 252 252 252 252 252 252 252 252
 252 252 252 252 252 252 252 252 252 252 252 252 252 252 252 252 252 252
 252 252 252 252 252 252 252 250 227 105  63  53  42  39  38  35  32  31
  29  27  27  29  31  32  32  32  32  32  32  32  35  36  36  38  40  43
  47  54  61  76 127 250 253 252 250 250 252 252 252 252 252 252 252 252
 252 252 252 252 252 252 252 252 252 252 252 252 252 252 252 252 252 252
 252 252 252 252 252 252 252 252 252 252 252 252 252 252 252 252 252 252
 252 252 252 252 252 252 252 252 252 252 252 252 252 252 252 252 251 252
 244  29]","[ 29  29 245 252 252 252 253 252 252 252 252 252 252 252 252 252 252 252
 252 252 252 252 252 252 252 252 252 252 252 252 252 252 252 252 252 252
 252 252 252 252 252 252 252 252 252 252 252 252 252 252 252 252 252 252
 252 252 252 252 252 252 252 252 252 252 252 252 252 252 252 252 252 252
 252 252 252 252 252 252 252 252 252 252 252 252 252 252 252 252 252 252
 252 252 252 252 253 252 251 250 232 110  61  50  38  37  36  33  31  31
  30  28  27  29  31  32  33  33  32  31  33  34  35  35  35  36  39  41
  46  53  57  73 112 244 253 252 252 253 252 252 252 252 252 252 252 252
 252 252 252 252 252 252 252 252 252 252 252 252 252 252 252 252 252 252
 252 252 252 252 252 252 252 252 252 252 252 252 252 252 252 252 252 252
 252 252 252 252 252 252 252 252 252 252 252 252 252 252 252 252 251 252
 244  29]","[ 29  29 245 252 252 252 253 252 252 252 252 252 252 252 252 252 252 252
 252 252 252 252 252 252 252 252 252 252 252 252 252 252 252 252 252 252
 252 252 252 252 252 252 252 252 252 252 252 252 252 252 252 252 252 252
 252 252 252 252 252 252 252 252 252 252 252 252 252 252 252 252 252 252
 252 252 252 252 252 252 252 252 252 252 252 252 252 252 252 252 252 252
 252 252 252 252 253 252 251 250 232 114  62  52  39  37  34  32  31  31
  31  28  27  27  30  32  34  33  31  31  33  36  35  35  34  35  38  40
  46  53  60  73 106 228 252 254 252 253 252 252 252 252 252 252 252 252
 252 252 252 252 252 252 252 252 252 252 252 252 252 252 252 252 252 252
 252 252 252 252 252 252 252 252 252 252 252 252 252 252 252 252 252 252
 252 252 252 252 252 252 252 252 252 252 252 252 252 252 252 252 251 252
 244  29]","[ 29  29 245 252 252 252 253 252 252 252 252 252 252 252 252 252 252 252
 252 252 252 252 252 252 252 252 252 252 252 252 252 252 252 252 252 252
 252 252 252 252 252 252 252 252 252 252 252 252 252 252 252 252 252 252
 252 252 252 252 252 252 252 252 252 252 252 252 252 252 252 252 252 252
 252 252 252 252 252 252 252 252 252 252 252 252 252 252 252 252 252 252
 252 252 252 252 253 252 251 250 233 117  60  48  39  37  34  32  31  32
  31  29  26  26  27  30  33  33  32  32  34  36  36  35  34  36  39  41
  47  55  66  73  98 206 250 254 251 250 252 252 252 252 252 252 252 252
 252 252 252 252 252 252 252 252 252 252 252 252 252 252 252 252 252 252
 252 252 252 252 252 252 252 252 252 252 252 252 252 252 252 252 252 252
 252 252 252 252 252 252 252 252 252 252 252 252 252 252 252 252 251 252
 244  29]","[ 29  29 245 252 252 252 253 252 252 252 252 252 252 252 252 252 252 252
 252 252 252 252 252 252 252 252 252 252 252 252 252 252 252 252 252 252
 252 252 252 252 252 252 252 252 252 252 252 252 252 252 252 252 252 252
 252 252 252 252 252 252 252 252 252 252 252 252 252 252 252 252 252 252
 252 252 252 252 252 252 252 252 252 252 252 252 252 252 252 252 252 252
 252 252 252 252 253 252 250 251 232 118  56  42  38  36  33  31  30  30
  29  28  26  25  25  28  31  33  33  33  34  34  35  34  34  36  39  41
  47  55  61  67  86 189 250 253 253 252 252 252 252 252 252 252 252 252
 252 252 252 252 252 252 252 252 252 252 252 252 252 252 252 252 252 252
 252 252 252 252 252 252 252 252 252 252 252 252 252 252 252 252 252 252
 252 252 252 252 252 252 252 252 252 252 252 252 252 252 252 252 251 252
 244  29]","[ 29  29 245 252 252 252 253 252 252 252 252 252 252 252 252 252 252 252
 252 252 252 252 252 252 252 252 252 252 252 252 252 252 252 252 252 252
 252 252 252 252 252 252 252 252 252 252 252 252 252 252 252 252 252 252
 252 252 252 252 252 252 252 252 252 252 252 252 252 252 252 252 252 252
 252 252 252 252 252 252 252 252 252 252 252 252 252 252 252 252 252 252
 252 251 252 252 253 252 251 249 226 115  56  43  40  35  31  29  27  27
  26  26  25  24  23  26  29  33  35  35  34  33  32  32  32  34  37  39
  44  53  58  65  81 184 251 252 251 252 252 252 252 252 252 252 252 252
 252 252 252 252 252 252 252 252 252 252 252 252 252 252 252 252 252 252
 252 252 252 252 252 252 252 252 252 252 252 252 252 252 252 252 252 252
 252 252 252 252 252 252 252 252 252 252 252 252 252 252 252 252 251 252
 244  29]","[ 29  29 245 252 252 252 253 252 252 252 252 252 252 252 252 252 252 252
 252 252 252 252 252 252 252 252 252 252 252 252 252 252 252 252 252 252
 252 252 252 252 252 252 252 252 252 252 252 252 252 252 252 252 252 252
 252 252 252 252 252 252 252 252 252 252 252 252 252 252 252 252 252 252
 252 252 252 252 252 252 252 252 251 251 254 251 252 252 251 254 252 252
 252 253 252 251 252 249 247 248 204 102  53  44  41  33  30  29  27  27
  26  25  24  24  25  26  29  32  33  33  32  32  32  33  33  34  36  40
  46  51  55  72  77 174 251 252 254 252 252 252 252 252 252 252 252 252
 252 252 252 252 252 252 252 252 252 252 252 252 252 252 252 252 252 252
 252 252 252 252 252 252 252 252 252 252 252 252 252 252 252 252 252 252
 252 252 252 252 252 252 252 252 252 252 252 252 252 252 252 252 251 252
 244  29]","[ 29  29 245 252 252 252 253 252 252 252 252 252 252 252 252 252 252 252
 252 252 252 252 252 252 252 252 252 252 252 252 252 252 252 252 252 252
 252 252 252 252 252 252 252 252 252 252 252 252 252 252 252 252 252 252
 252 252 252 252 252 252 252 252 252 252 252 252 252 252 252 252 252 252
 252 252 252 252 252 252 252 252 254 251 251 253 253 251 252 250 251 253
 252 248 247 222 204 180 164 151 117  59  43  41  37  33  30  28  26  26
  25  25  25  25  23  24  27  30  32  32  32  32  33  33  34  35  36  39
  45  49  59  74  81 162 250 252 253 252 252 252 252 252 252 252 252 252
 252 252 252 252 252 252 252 252 252 252 252 252 252 252 252 252 252 252
 252 252 252 252 252 252 252 252 252 252 252 252 252 252 252 252 252 252
 252 252 252 252 252 252 252 252 252 252 252 252 252 252 252 252 251 252
 244  29]","[ 29  29 245 252 252 252 253 252 252 252 252 252 252 252 252 252 252 252
 252 252 252 252 252 252 252 252 252 252 252 252 252 252 252 252 252 252
 252 252 252 252 252 252 252 252 252 252 252 252 252 252 252 252 252 252
 252 252 252 252 252 252 252 252 252 252 252 252 252 252 252 252 252 252
 252 252 252 252 252 252 252 252 253 252 250 254 252 250 254 253 253 249
 241 217 169 106  83  62  52  47  49  39  41  35  30  31  29  26  24  24
  24  24  24  25  23  24  27  30  32  32  32  32  33  33  33  34  35  38
  42  46  56  69  77 140 244 251 252 254 252 252 252 252 252 252 252 252
 252 252 252 252 252 252 252 252 252 252 252 252 252 252 252 252 252 252
 252 252 252 252 252 252 252 252 252 252 252 252 252 252 252 252 252 252
 252 252 252 252 252 252 252 252 252 252 252 252 252 252 252 252 251 252
 244  29]","[ 29  29 245 252 252 252 253 252 252 252 252 252 252 252 252 252 252 252
 252 252 252 252 252 252 252 252 252 252 252 252 252 252 252 252 252 252
 252 252 252 252 252 252 252 252 252 252 252 252 252 252 252 252 252 252
 252 252 252 252 252 252 252 252 252 252 252 252 252 252 252 252 252 252
 252 252 252 252 252 252 252 252 251 253 252 253 250 251 253 252 247 243
 174  96  67  55  42  38  44  36  37  33  36  33  32  31  27  25  24  24
  25  25  25  24  23  25  27  29  31  30  30  31  32  32  33  33  34  36
  41  45  52  63  70 119 240 251 252 254 252 252 252 252 252 252 252 252
 252 252 252 252 252 252 252 252 252 252 252 252 252 252 252 252 252 252
 252 252 252 252 252 252 252 252 252 252 252 252 252 252 252 252 252 252
 252 252 252 252 252 252 252 252 252 252 252 252 252 252 252 252 251 252
 244  29]","[ 29  29 245 252 252 252 253 252 252 252 252 252 252 252 252 252 252 252
 252 252 252 252 252 252 252 252 252 252 252 252 252 252 252 252 252 252
 252 252 252 252 252 252 252 252 252 252 252 252 252 252 252 252 252 252
 252 252 252 252 252 252 252 252 252 252 252 252 252 252 252 252 252 252
 252 252 252 252 252 252 252 252 252 253 253 252 253 253 251 249 242 148
  82  63  49  43  40  40  38  32  32  30  33  34  32  25  26  25  24  25
  26  25  24  24  23  23  25  27  27  27  27  28  31  32  33  33  33  35
  41  47  53  63  67 108 237 250 253 254 252 252 252 252 252 252 252 252
 252 252 252 252 252 252 252 252 252 252 252 252 252 252 252 252 252 252
 252 252 252 252 252 252 252 252 252 252 252 252 252 252 252 252 252 252
 252 252 252 252 252 252 252 252 252 252 252 252 252 252 252 252 251 252
 244  29]","[ 29  29 245 252 252 252 253 252 252 252 252 252 252 252 252 252 252 252
 252 252 252 252 252 252 252 252 252 252 252 252 252 252 252 252 252 252
 252 252 252 252 252 252 252 252 252 252 252 252 252 252 252 252 252 252
 252 252 252 252 252 252 252 252 252 252 252 252 252 252 252 252 252 252
 252 252 252 252 252 252 252 252 253 251 253 251 253 253 253 241 162  75
  49  48  43  39  39  30  34  32  32  30  28  27  29  27  24  24  23  24
  24  23  22  22  22  23  24  25  25  25  26  28  30  31  32  32  32  34
  40  46  50  60  64  99 228 249 253 252 252 252 252 252 252 252 252 252
 252 252 252 252 252 252 252 252 252 252 252 252 252 252 252 252 252 252
 252 252 252 252 252 252 252 252 252 252 252 252 252 252 252 252 252 252
 252 252 252 252 252 252 252 252 252 252 252 252 252 252 252 252 251 252
 244  29]","[ 29  29 245 252 252 252 253 252 252 252 252 252 252 252 252 252 252 252
 252 252 252 252 252 252 252 252 252 252 252 252 252 252 252 252 252 252
 252 252 252 252 252 252 252 252 252 252 252 252 252 252 252 252 252 252
 252 252 252 252 252 252 252 252 252 252 252 252 252 252 252 252 252 252
 252 252 252 252 252 252 252 252 251 251 253 251 253 252 247 189  90  50
  43  41  43  35  32  34  30  29  26  29  30  29  27  25  24  24  23  22
  21  21  21  22  23  24  24  24  24  25  27  29  30  30  30  30  31  33
  38  42  46  55  66  92 215 250 251 252 252 252 252 252 252 252 252 252
 252 252 252 252 252 252 252 252 252 252 252 252 252 252 252 252 252 252
 252 252 252 252 252 252 252 252 252 252 252 252 252 252 252 252 252 252
 252 252 252 252 252 252 252 252 252 252 252 252 252 252 252 252 251 252
 244  29]","[ 29  29 246 252 252 252 253 252 252 252 252 252 252 252 252 252 252 252
 252 252 252 252 252 252 252 252 252 252 252 252 252 252 252 252 252 252
 252 252 252 252 252 252 252 252 252 252 252 252 252 252 252 252 252 252
 252 252 252 252 252 252 252 252 252 252 252 252 252 252 252 252 252 252
 252 252 252 252 252 252 252 252 252 253 252 252 254 252 228 117  56  43
  40  40  36  33  29  29  31  31  28  27  27  26  27  27  26  25  24  22
  21  20  22  24  25  24  24  24  24  25  27  29  31  30  30  30  32  34
  37  40  48  57  72  91 208 252 252 253 252 252 252 252 252 252 252 252
 252 252 252 252 252 252 252 252 252 252 252 252 252 252 252 252 252 252
 252 252 252 252 252 252 252 252 252 252 252 252 252 252 252 252 252 252
 252 252 252 252 252 252 252 252 252 252 252 252 252 252 252 252 251 252
 244  29]","[ 29  29 246 252 252 252 253 252 252 252 252 252 252 252 252 252 252 252
 252 252 252 252 252 252 252 252 252 252 252 252 252 252 252 252 252 252
 252 252 252 252 252 252 252 252 252 252 252 252 252 252 252 252 252 252
 252 252 252 252 252 252 252 252 252 252 252 252 252 252 252 252 252 252
 252 252 252 252 252 252 252 252 254 249 252 252 253 247 178  80  46  39
  35  35  34  30  28  26  27  27  26  25  25  25  26  27  26  26  24  21
  20  21  23  23  24  24  25  24  24  24  26  27  29  28  28  30  32  33
  36  39  46  55  63  89 186 253 254 253 252 252 252 252 252 252 252 252
 252 252 252 252 252 252 252 252 252 252 252 252 252 252 252 252 252 252
 252 252 252 252 252 252 252 252 252 252 252 252 252 252 252 252 252 252
 252 252 252 252 252 252 252 252 252 252 252 252 252 252 252 252 251 252
 244  29]","[ 29  29 246 252 252 252 253 252 252 252 252 252 252 252 252 252 252 252
 252 252 252 252 252 252 252 252 252 252 252 252 252 252 252 252 252 252
 252 252 252 252 252 252 252 252 252 252 252 252 252 252 252 252 252 252
 252 252 252 252 252 252 252 252 252 252 252 252 252 252 252 252 252 252
 252 252 252 252 252 252 252 252 250 254 254 247 253 237 124  55  46  39
  34  33  31  29  27  25  26  26  25  25  25  26  27  28  26  25  24  22
  21  21  22  24  25  25  25  25  25  25  26  27  28  28  28  30  31  33
  35  38  44  57  60  83 170 252 252 252 252 252 252 252 252 252 252 252
 252 252 252 252 252 252 252 252 252 252 252 252 252 252 252 252 252 252
 252 252 252 252 252 252 252 252 252 252 252 252 252 252 252 252 252 252
 252 252 252 252 252 252 252 252 252 252 252 252 252 252 252 252 251 252
 244  29]","[ 29  29 246 252 252 252 253 252 252 252 252 252 252 252 252 252 252 252
 252 252 252 252 252 252 252 252 252 252 252 252 252 252 252 252 252 252
 252 252 252 252 252 252 252 252 252 252 252 252 252 252 252 252 252 252
 252 252 252 252 252 252 252 252 252 252 252 252 252 252 252 252 252 252
 252 252 252 252 252 252 252 252 252 251 253 252 249 196  74  45  44  38
  33  31  29  28  27  24  25  25  24  24  25  27  28  28  26  25  24  23
  21  20  22  25  25  25  25  25  25  25  25  25  26  26  26  28  29  30
  33  35  41  54  57  74 154 251 252 254 252 252 252 252 252 252 252 252
 252 252 252 252 252 252 252 252 252 252 252 252 252 252 252 252 252 252
 252 252 252 252 252 252 252 252 252 252 252 252 252 252 252 252 252 252
 252 252 252 252 252 252 252 252 252 252 252 252 252 252 252 252 251 252
 244  29]","[ 29  29 246 252 252 252 253 252 252 252 252 252 252 252 252 252 252 252
 252 252 252 252 252 252 252 252 252 252 252 252 252 252 252 252 252 252
 252 252 252 252 252 252 252 252 252 252 252 252 252 252 252 252 252 252
 252 252 252 252 252 252 252 252 252 252 252 252 252 252 252 252 252 252
 252 252 252 252 252 252 252 252 252 252 252 253 245 157  61  38  41  36
  32  29  28  28  28  26  26  25  24  24  25  27  29  29  28  25  24  23
  21  19  21  25  25  25  25  25  25  25  25  24  24  24  25  26  27  29
  31  32  40  47  57  67 139 245 253 254 253 253 252 252 252 252 252 252
 252 252 252 252 252 252 252 252 252 252 252 252 252 252 252 252 252 252
 252 252 252 252 252 252 252 252 252 252 252 252 252 252 252 252 252 252
 252 252 252 252 252 252 252 252 252 252 252 252 252 252 252 252 251 252
 244  29]","[ 29  29 246 252 252 252 253 252 252 252 252 252 252 252 252 252 252 252
 252 252 252 252 252 252 252 252 252 252 252 252 252 252 252 252 252 252
 252 252 252 252 252 252 252 252 252 252 252 252 252 252 252 252 252 252
 252 252 252 252 252 252 252 252 252 252 252 252 252 252 252 252 252 252
 252 252 252 252 252 252 252 252 252 252 248 249 229 120  56  43  40  36
  33  30  29  29  29  27  27  26  24  24  26  28  30  31  30  27  24  23
  20  18  20  23  25  25  25  26  26  25  25  25  24  25  26  26  27  29
  31  32  39  45  56  62 116 230 253 251 253 253 252 252 252 252 252 252
 252 252 252 252 252 252 252 252 252 252 252 252 252 252 252 252 252 252
 252 252 252 252 252 252 252 252 252 252 252 252 252 252 252 252 252 252
 252 252 252 252 252 252 252 252 252 252 252 252 252 252 252 252 251 252
 244  29]","[ 29  29 246 252 252 252 253 252 252 252 252 252 252 252 252 252 252 252
 252 252 252 252 252 252 252 252 252 252 252 252 252 252 252 252 252 252
 252 252 252 252 252 252 252 252 252 252 252 252 252 252 252 252 252 252
 252 252 252 252 252 252 252 252 252 252 252 252 252 252 252 252 252 252
 252 252 252 252 252 252 252 252 250 252 253 248 182  77  41  42  37  34
  32  31  29  28  28  26  26  25  24  24  25  27  29  30  31  28  25  22
  20  18  19  21  23  24  25  25  25  25  25  25  25  26  26  26  27  29
  32  33  36  46  51  58  90 199 253 252 253 253 252 252 252 252 252 252
 252 252 252 252 252 252 252 252 252 252 252 252 252 252 252 252 252 252
 252 252 252 252 252 252 252 252 252 252 252 252 252 252 252 252 252 252
 252 252 252 252 252 252 252 252 252 252 252 252 252 252 252 252 251 252
 244  29]","[ 29  29 246 252 252 252 253 252 252 252 252 252 252 252 252 252 252 252
 252 252 252 252 252 252 252 252 252 252 252 252 252 252 252 252 252 252
 252 252 252 252 252 252 252 252 252 252 252 252 252 252 252 252 252 252
 252 252 252 252 252 252 252 252 252 252 252 252 252 252 252 252 252 252
 252 252 252 252 252 252 252 252 250 248 243 209 125  61  45  37  35  31
  31  32  30  27  26  25  25  25  24  24  25  26  28  30  30  28  25  22
  20  19  19  18  21  22  24  24  24  24  24  24  24  25  25  24  25  28
  31  32  34  43  46  56  73 151 249 253 253 253 253 252 252 252 252 252
 252 252 252 252 252 252 252 252 252 252 252 252 252 252 252 252 252 252
 252 252 252 252 252 252 252 252 252 252 252 252 252 252 252 252 252 252
 252 252 252 252 252 252 252 252 252 252 252 252 252 252 252 252 251 252
 244  29]","[ 30  29 246 252 252 252 253 252 252 252 252 252 252 252 252 252 252 252
 252 252 252 252 252 252 252 252 252 252 252 252 252 252 252 252 252 252
 252 252 252 252 252 252 252 252 252 252 252 252 252 252 252 252 252 252
 252 252 252 252 252 252 252 252 252 252 252 252 252 252 252 252 252 252
 252 252 252 252 252 252 252 251 242 210 158 110  67  44  44  38  33  30
  31  34  32  28  27  26  25  25  26  26  27  28  29  31  29  28  25  22
  21  20  18  17  20  22  24  24  24  24  24  25  23  24  24  23  24  28
  31  32  37  39  43  55  68 108 240 251 253 253 253 252 252 252 252 252
 252 252 252 252 252 252 252 252 252 252 252 252 252 252 252 252 252 252
 252 252 252 252 252 252 252 252 252 252 252 252 252 252 252 252 252 252
 252 252 252 252 252 252 252 252 252 252 252 252 252 252 252 252 251 252
 244  29]","[ 29  28 244 254 252 249 254 250 252 253 253 252 252 253 252 252 252 252
 252 252 253 253 253 252 252 252 251 252 252 252 252 252 252 252 252 251
 252 253 253 252 252 251 251 252 252 252 252 252 253 252 251 252 253 252
 251 251 253 252 252 252 252 252 252 252 253 252 252 253 253 252 252 252
 251 250 253 249 253 253 241 183 112  78  59  48  37  36  36  34  39  48
  51  42  33  30  29  28  26  25  25  25  25  26  28  31  31  29  26  23
  21  19  19  20  20  20  21  22  23  24  25  26  23  23  24  24  24  25
  29  33  37  39  45  48  58  82 190 250 253 254 251 252 254 250 253 253
 252 252 253 253 253 252 252 252 252 252 252 252 252 252 252 252 252 252
 252 252 252 252 252 252 252 252 252 252 252 252 252 253 252 252 252 252
 252 252 252 252 252 252 252 252 252 252 252 252 252 252 252 252 251 251
 244  29]","[ 30  28 248 250 253 249 251 252 252 252 252 252 252 252 252 251 250 252
 253 253 252 251 252 252 253 252 252 252 252 252 252 252 253 252 252 251
 251 252 251 251 252 251 251 252 252 252 253 253 250 251 253 253 252 251
 252 253 252 251 251 252 253 253 253 253 252 252 252 252 252 251 251 252
 254 250 252 253 251 239 162  91  65  49  41  36  33  32  33  39  52  52
  49  42  34  31  30  29  25  25  25  25  25  25  27  28  31  29  27  25
  22  19  18  18  18  20  23  25  24  23  23  23  24  24  25  25  24  24
  27  30  32  40  42  46  59  66 145 248 253 253 252 253 253 251 253 252
 251 251 251 252 252 252 252 252 253 252 252 252 252 252 252 252 252 252
 252 252 252 252 252 252 252 252 252 252 252 252 252 252 252 252 252 252
 252 252 252 252 252 252 252 252 252 252 252 252 252 252 252 252 251 251
 244  29]","[ 28  25 248 253 253 252 254 252 252 252 252 252 252 253 253 253 254 252
 250 250 252 254 253 251 252 252 252 252 252 251 251 252 252 252 252 253
 253 253 253 253 253 253 252 252 251 251 251 251 253 252 252 251 251 251
 251 251 253 252 252 252 252 251 251 250 252 252 253 253 252 252 252 253
 250 254 249 253 245 162  81  53  40  39  36  33  33  31  31  43  53  46
  39  35  33  31  29  29  26  26  25  25  25  25  26  28  29  28  27  25
  23  20  18  18  17  19  23  25  24  21  20  21  24  24  25  25  24  24
  25  27  31  39  39  46  57  55  98 227 253 253 253 254 251 251 252 251
 253 253 253 253 253 252 253 253 252 252 251 251 252 252 252 251 251 251
 251 251 251 251 251 251 252 252 252 252 252 252 252 252 252 252 252 252
 252 252 252 252 252 252 252 252 252 252 252 252 252 252 252 252 251 251
 244  29]","[ 30  32 244 252 250 251 251 250 253 252 252 251 252 252 251 250 253 253
 253 252 251 251 252 253 251 252 252 252 252 252 252 252 251 251 251 252
 252 252 252 252 251 251 252 252 252 252 253 253 252 251 250 251 253 254
 253 252 251 252 252 252 253 253 253 253 251 252 252 252 252 252 252 252
 254 250 251 246 182  75  49  41  40  40  35  30  30  30  32  41  46  39
  33  32  33  32  31  30  28  27  25  25  25  25  26  27  26  26  26  25
  23  21  20  20  19  21  24  26  25  23  22  23  24  24  24  24  24  24
  25  26  32  34  39  45  51  55  76 182 249 252 252 254 251 252 253 252
 251 252 252 251 251 250 251 252 253 252 252 252 253 253 253 252 252 252
 252 252 252 252 252 252 252 252 252 252 252 252 252 252 252 252 252 252
 252 252 252 252 252 252 252 252 252 252 252 252 252 252 252 252 251 251
 244  29]","[ 27  33 245 250 254 254 251 253 250 250 250 250 251 252 251 251 249 250
 251 252 252 252 251 250 251 252 252 252 252 252 252 251 252 252 251 252
 251 250 250 251 252 253 253 252 252 253 253 252 250 253 254 254 254 253
 252 251 251 252 253 252 251 251 252 251 253 253 252 252 252 253 253 251
 249 252 247 200  87  49  39  35  36  33  30  28  27  30  38  41  40  37
  33  30  30  30  29  28  27  27  26  27  27  26  25  25  24  24  24  24
  23  22  22  23  24  25  27  30  31  29  27  26  25  25  24  24  24  25
  26  26  29  30  38  42  47  55  66 129 236 251 252 253 252 253 252 253
 251 252 252 252 252 252 253 254 252 252 251 251 252 252 252 251 252 252
 252 252 252 252 252 252 252 252 252 252 252 252 252 252 252 252 252 251
 251 252 252 252 252 252 252 252 252 252 252 252 252 252 251 252 252 252
 243  29]","[ 30  26 248 252 253 253 251 247 248 249 249 249 248 248 248 247 249 250
 249 248 248 248 249 250 249 249 249 250 250 250 250 250 250 251 251 252
 252 252 253 254 253 253 253 252 252 254 253 252 254 254 252 251 251 253
 253 252 253 253 253 252 253 254 255 254 254 254 254 252 253 254 254 253
 252 251 212 107  54  43  41  39  32  30  30  32  27  29  39  39  35  35
  32  28  25  26  26  26  26  27  28  30  30  28  25  24  24  24  24  24
  24  24  24  26  26  27  30  33  34  32  29  27  26  26  25  24  24  24
  25  25  25  31  36  38  46  49  55  89 208 250 253 253 252 251 251 251
 253 253 252 252 252 252 251 251 253 253 252 252 252 252 252 252 252 252
 252 252 252 252 252 252 252 252 252 253 253 253 253 252 252 252 252 252
 252 252 252 252 252 252 252 252 252 252 252 252 252 252 251 252 252 252
 243  29]","[ 29  30 233 245 237 224 206 182 163 164 163 160 156 153 150 149 152 160
 167 167 165 169 181 191 197 197 197 198 200 201 200 199 198 197 197 199
 200 200 202 205 208 208 208 208 211 215 217 216 213 210 206 205 209 215
 218 217 220 221 221 223 228 234 235 234 235 236 235 233 233 236 239 240
 233 205 122  61  41  45  35  32  31  30  30  31  26  25  33  32  33  33
  32  29  26  26  26  27  26  27  28  30  30  28  25  24  24  24  24  24
  24  25  27  28  26  28  30  32  32  30  26  25  25  27  27  25  24  24
  24  24  24  32  35  36  44  44  47  65 165 243 253 253 254 253 254 254
 254 253 253 254 254 254 253 252 252 253 253 253 253 253 253 254 253 253
 253 253 253 253 253 253 252 252 252 253 253 253 253 253 252 252 252 253
 253 252 252 252 253 253 252 252 252 252 252 252 252 252 251 252 252 252
 244  30]","[ 29  29 161 154 149 141 128 123 121 123 124 123 121 119 119 118 119 120
 120 121 123 124 123 121 124 124 124 127 129 131 130 129 131 129 129 130
 131 130 132 135 137 136 134 132 134 138 139 137 136 137 135 133 133 136
 138 137 140 138 137 139 145 152 152 149 148 150 150 147 147 151 157 161
 156 121  60  41  43  38  31  30  30  29  25  28  27  26  32  33  30  30
  29  28  27  24  24  24  26  25  25  26  27  26  25  24  23  23  24  25
  25  26  28  30  27  28  29  30  28  26  24  24  25  26  27  26  25  24
  24  23  26  31  34  36  39  41  45  52 102 206 227 227 230 232 236 236
 238 238 239 242 244 246 246 245 244 246 247 247 247 247 248 250 249 249
 249 249 249 249 249 249 250 250 251 251 251 251 251 251 251 252 253 254
 254 253 252 251 253 253 253 253 252 252 252 252 252 252 251 252 252 252
 244  30]","[ 28  32 126 124 118 117 113 115 115 116 118 121 119 115 115 119 119 118
 120 121 121 120 120 121 123 124 125 124 125 127 126 124 125 124 123 123
 123 124 124 124 125 125 125 126 126 126 126 126 125 125 124 125 129 130
 130 132 129 130 130 129 129 129 131 133 133 131 131 132 132 134 140 147
 122  70  44  39  38  37  30  31  28  27  26  26  26  27  29  32  31  28
  26  26  26  26  26  26  24  24  24  24  25  26  25  24  23  24  25  25
  26  27  27  27  24  26  27  27  27  25  24  24  26  26  28  30  29  26
  25  25  26  29  32  34  35  37  39  39  66 145 155 160 150 154 155 155
 157 158 161 168 174 178 178 176 178 181 184 184 183 182 183 185 187 187
 187 186 186 187 190 192 187 189 193 195 195 194 192 192 193 198 204 206
 204 202 205 208 214 211 208 206 206 208 209 210 208 205 203 207 201 204
 205  29]","[ 30  30 117 114 113 116 114 114 114 115 117 118 117 115 115 117 117 117
 118 120 120 120 120 121 123 123 123 122 123 124 123 122 124 123 122 122
 123 124 124 123 123 124 125 126 127 127 127 127 129 129 127 127 129 129
 128 129 130 130 130 130 130 130 131 132 131 129 131 134 132 136 137 122
  81  53  42  39  35  33  30  32  27  26  26  26  25  25  26  28  29  27
  26  25  25  25  25  25  26  27  27  26  26  26  25  24  24  25  25  25
  26  27  27  26  25  26  26  26  26  25  25  24  25  26  29  31  32  30
  27  25  27  29  31  31  33  34  36  36  44 131 148 146 147 151 148 149
 149 148 147 148 150 151 151 151 150 151 151 150 149 148 150 152 148 148
 149 150 150 151 151 152 150 151 152 152 152 151 152 153 151 153 155 153
 151 149 151 153 158 156 154 153 153 154 155 155 151 158 152 153 154 152
 157  29]","[ 30  28 113 112 113 116 113 111 112 112 113 114 115 115 115 115 114 116
 116 116 117 118 119 119 117 117 118 121 122 123 123 123 122 121 120 120
 121 122 123 122 121 122 124 126 126 126 125 125 127 127 126 126 128 128
 127 129 130 130 129 130 130 131 131 131 129 128 131 131 129 137 127  88
  55  46  39  36  33  31  30  28  25  25  26  26  26  25  25  25  27  25
  24  24  24  24  24  25  26  27  28  27  25  25  24  24  23  23  24  24
  24  25  26  25  25  25  25  24  24  24  24  24  24  25  27  29  31  31
  28  25  25  26  28  29  31  33  34  35  43 129 153 147 150 153 152 153
 153 153 152 152 152 153 155 156 154 154 153 152 151 152 153 155 154 154
 154 155 157 158 157 156 158 158 157 156 156 156 158 160 158 158 157 156
 154 154 154 155 158 157 156 156 157 157 157 156 155 158 156 158 160 161
 154  31]","[ 28  29 115 114 113 114 112 111 109 110 111 111 112 114 114 113 113 115
 115 114 114 116 117 117 117 117 119 121 122 119 118 118 119 118 118 118
 120 121 121 121 121 122 123 124 124 124 122 121 123 123 123 124 126 126
 127 129 129 128 127 128 129 130 130 129 130 131 132 128 131 133 104  62
  48  46  37  33  34  32  31  25  25  25  26  27  27  26  25  24  25  24
  24  24  24  24  24  25  24  25  26  26  25  24  24  24  21  22  23  23
  24  25  25  25  25  25  24  24  24  24  24  24  24  25  25  25  27  30
  30  28  24  26  28  29  31  32  33  33  41 124 151 148 148 149 153 151
 151 152 152 152 152 153 153 154 154 154 154 155 155 155 155 155 154 154
 153 154 155 157 157 157 158 157 157 158 157 157 157 158 157 157 157 158
 158 158 157 157 158 158 158 158 159 159 158 157 157 156 163 162 154 161
 160  26]","[ 30  30 112 111 110 111 112 113 110 111 110 110 112 114 114 111 113 115
 115 114 114 116 117 117 118 117 118 120 120 118 117 117 118 117 117 118
 119 120 121 120 121 122 122 123 123 123 122 121 122 123 123 123 125 125
 125 128 129 127 126 126 128 130 129 129 130 129 129 127 131 114  68  45
  38  41  34  33  34  31  31  27  27  26  26  26  27  26  25  24  25  24
  24  24  24  23  23  24  23  24  24  24  25  25  24  23  21  23  24  24
  25  26  25  25  26  25  25  25  25  25  25  25  26  26  26  24  25  29
  32  32  30  30  30  29  29  30  31  31  39 127 151 149 151 151 154 151
 150 151 152 153 154 154 153 153 154 154 154 154 154 154 153 152 154 154
 154 154 155 156 156 157 156 156 157 157 157 156 155 156 155 156 157 158
 157 157 157 156 156 156 156 156 157 157 156 156 155 155 158 158 157 155
 159  31]","[ 30  28 108 109 110 111 113 111 112 112 112 111 112 114 113 111 112 113
 114 114 114 115 116 116 116 116 116 117 118 118 119 121 119 119 118 119
 120 121 121 120 119 120 121 121 122 122 122 122 122 123 122 123 125 125
 125 127 129 128 126 127 128 129 129 129 129 125 127 129 123  84  39  37
  36  37  31  31  32  29  30  29  29  27  25  25  25  25  24  24  26  25
  25  25  24  23  22  22  22  23  23  23  24  24  23  22  23  24  25  25
  25  25  24  24  25  25  25  25  25  25  25  25  24  25  25  25  25  27
  29  31  32  31  29  26  25  26  29  32  45 132 153 144 150 150 149 150
 150 150 150 152 154 155 155 155 155 154 154 154 154 155 155 155 152 153
 154 155 155 155 155 154 157 156 156 156 155 154 154 154 154 156 156 156
 156 156 157 158 156 156 156 156 156 157 157 157 157 156 155 157 162 155
 157  26]","[ 29  28 108 110 111 110 112 109 112 112 112 112 113 113 112 111 112 112
 113 114 114 114 114 115 117 117 117 116 116 117 117 118 119 119 118 119
 121 122 121 121 119 120 120 121 122 122 122 122 121 121 121 122 126 127
 127 129 129 129 128 128 128 128 128 128 130 128 129 127 100  57  35  38
  39  35  29  29  29  28  29  29  30  27  24  24  24  24  24  24  25  24
  24  25  24  23  22  21  21  23  24  24  23  23  23  22  24  25  24  24
  24  24  24  24  24  24  24  24  24  24  24  24  23  23  24  24  24  24
  25  27  31  31  29  25  24  26  31  34  51 118 153 146 150 151 151 152
 152 152 151 151 152 152 153 153 153 153 153 153 154 155 155 155 154 154
 154 154 155 156 155 154 158 157 156 156 156 155 154 155 154 155 156 156
 156 156 157 158 157 157 157 157 157 157 157 157 157 158 160 159 156 157
 162  31]","[ 29  29 109 110 109 107 111 110 110 110 111 112 113 112 112 112 113 113
 113 115 114 113 113 115 112 115 117 117 117 118 118 117 118 117 118 119
 121 122 122 122 121 122 122 123 123 123 122 122 122 122 122 123 127 128
 128 129 129 129 129 129 128 128 127 127 127 128 127 117  73  38  40  37
  34  31  30  30  29  29  30  30  30  27  24  23  24  25  25  25  24  23
  23  24  25  24  22  21  21  23  25  25  24  23  24  24  25  25  25  24
  24  25  25  25  24  24  24  24  24  24  25  25  25  24  24  25  25  24
  25  27  32  32  31  29  27  28  32  35  41  84 145 151 150 150 154 151
 151 152 153 153 154 154 154 155 154 154 155 155 155 155 154 153 158 156
 154 154 156 157 157 156 156 156 157 157 157 156 155 155 157 158 159 159
 158 157 157 157 158 158 158 158 158 158 158 158 157 159 159 160 158 160
 156  29]","[ 29  29 109 109 109 109 110 109 109 109 110 112 112 112 112 113 111 113
 114 115 113 112 113 114 113 115 116 117 117 117 117 118 116 118 119 119
 119 121 122 123 121 121 122 123 123 122 123 124 124 124 124 124 126 128
 130 130 128 129 129 129 129 129 129 129 128 129 122  91  50  36  35  34
  34  31  29  27  26  27  28  28  28  27  26  26  25  25  24  24  24  22
  21  22  23  24  23  23  24  23  22  21  21  22  24  25  24  24  24  24
  23  23  24  25  24  24  24  24  24  24  24  25  25  24  24  24  25  26
  25  25  28  31  34  34  31  30  34  39  39  64 144 155 147 152 152 151
 153 153 153 154 154 155 154 154 156 156 157 158 156 154 154 156 157 157
 157 157 157 157 158 158 157 156 156 157 158 157 156 156 158 158 158 160
 159 157 157 159 158 158 158 158 158 158 159 159 159 159 160 160 160 160
 160  28]","[ 29  29 108 108 108 108 109 109 110 110 110 111 112 111 111 111 111 112
 114 114 113 112 113 114 114 115 116 116 116 115 116 117 116 118 118 118
 119 121 122 123 122 122 123 124 124 123 123 124 124 125 126 127 128 129
 129 128 129 130 130 130 130 131 130 129 124 127 110  67  36  33  33  30
  30  28  27  25  25  26  27  27  27  27  27  26  25  24  24  23  25  23
  21  21  22  22  22  23  22  21  20  20  20  21  22  23  25  24  24  23
  22  23  23  24  24  24  24  24  25  24  24  24  25  24  24  24  25  25
  25  25  26  29  33  35  35  35  37  39  38  48 124 155 152 154 152 153
 153 154 154 154 154 154 155 155 156 156 156 158 157 156 156 157 156 156
 156 157 157 157 158 158 157 156 157 158 158 158 157 157 158 158 159 159
 158 157 158 159 159 159 159 159 159 159 159 159 159 160 161 161 161 161
 160  28]","[ 29  29 108 107 107 107 109 109 110 110 110 111 111 110 110 110 111 112
 113 114 113 112 113 114 115 115 116 116 115 115 116 116 117 117 118 118
 119 121 122 122 122 122 123 124 125 124 124 124 125 127 128 128 129 129
 128 128 129 129 129 129 130 130 129 128 127 128  94  46  26  30  30  27
  26  26  25  24  24  24  25  26  25  26  27  26  25  24  24  24  24  22
  19  18  19  19  20  21  20  19  18  18  20  21  21  21  22  22  21  21
  22  23  24  25  25  24  24  24  25  25  24  23  24  24  24  24  24  25
  25  24  25  27  30  35  38  40  39  39  37  37 106 155 152 152 151 155
 154 154 154 154 153 154 155 156 155 155 156 157 157 157 157 157 157 157
 157 157 157 157 157 157 156 156 156 158 158 158 158 158 157 159 159 158
 157 158 159 159 159 160 160 160 160 160 160 159 159 159 160 160 160 160
 160  28]","[ 30  29 108 107 107 107 109 109 109 109 110 111 112 111 111 111 110 111
 113 114 114 113 113 114 114 115 115 116 116 116 117 118 118 118 118 118
 119 121 122 122 123 122 122 123 124 124 124 124 127 128 128 127 127 128
 129 129 129 128 128 128 129 129 128 127 131 123  71  38  27  27  27  26
  24  24  24  24  23  23  25  26  24  25  26  26  25  24  24  25  23  21
  19  17  17  17  18  19  18  18  17  18  20  22  22  22  22  21  19  19
  20  23  25  26  25  24  23  24  24  25  24  23  24  24  24  24  24  24
  24  24  25  25  27  32  37  40  40  39  37  34  93 152 150 151 153 155
 154 154 153 153 153 154 155 155 155 155 155 156 157 157 157 157 158 158
 158 158 158 158 158 157 157 157 157 158 158 158 158 158 157 159 159 157
 157 158 160 160 160 160 160 161 161 160 159 159 159 159 160 160 159 160
 160  28]","[ 30  29 107 106 106 107 108 109 108 108 109 111 111 111 111 111 111 111
 113 114 114 113 114 115 115 115 116 116 117 117 118 119 118 119 119 119
 120 122 123 123 123 122 122 122 123 124 124 125 127 128 128 127 126 128
 129 130 129 129 128 128 129 130 129 127 128 108  47  34  29  26  25  26
  24  24  24  23  22  22  23  24  24  25  26  25  24  24  24  25  24  22
  20  19  18  17  17  18  18  18  18  19  21  23  23  23  24  23  20  19
  20  21  23  24  24  23  22  22  24  25  25  24  24  24  24  24  24  24
  24  24  25  24  25  28  33  36  39  41  39  34  81 148 152 155 155 154
 154 154 153 154 155 156 155 155 154 155 155 156 156 157 158 157 158 158
 159 159 159 159 158 158 158 158 158 159 160 159 159 159 158 160 160 158
 157 159 160 160 161 161 161 161 161 161 160 160 161 161 161 160 160 160
 161  30]","[ 29  28 106 105 106 106 108 108 107 108 109 110 111 110 110 110 111 112
 113 114 114 114 114 115 115 116 116 117 118 118 118 118 118 119 120 121
 121 123 123 123 124 123 122 123 123 124 125 126 126 127 128 127 128 128
 129 128 129 129 129 129 130 130 129 128 126  91  35  33  30  27  26  24
  24  24  24  22  21  20  21  22  24  24  25  24  24  24  24  24  25  23
  21  19  18  17  16  16  17  16  17  18  20  21  22  22  23  22  20  20
  20  21  22  23  22  21  21  22  23  24  24  24  24  24  24  24  24  24
  24  24  24  24  24  26  28  32  37  41  41  37  73 146 157 153 153 154
 155 154 155 156 157 158 157 156 155 156 157 157 157 158 159 159 157 157
 158 159 159 159 159 159 158 158 158 159 160 160 160 160 159 160 160 159
 158 159 160 161 162 162 162 162 162 162 162 161 162 161 161 160 160 161
 161  30]","[ 29  28 106 105 107 107 108 108 108 108 109 111 111 111 110 110 111 112
 113 115 115 115 115 115 115 115 116 117 118 118 117 117 118 120 121 122
 122 122 123 123 123 123 122 123 123 124 125 126 126 127 128 128 128 129
 128 127 129 129 130 129 130 130 130 129 124  72  35  33  31  29  25  24
  24  24  23  22  21  20  20  20  22  22  23  24  24  24  24  24  25  22
  20  19  19  17  16  16  15  15  15  16  17  18  19  19  19  19  19  19
  20  20  21  21  20  20  21  22  23  23  23  23  24  24  25  24  24  24
  24  25  24  24  24  24  25  28  33  38  40  39  66 138 157 152 152 155
 154 155 156 157 158 158 158 158 157 158 159 158 157 158 159 159 157 158
 158 159 159 159 159 159 158 158 158 159 160 160 160 160 161 160 161 161
 160 159 160 161 162 162 162 162 162 162 162 162 161 161 162 161 160 161
 160  29]","[ 30  28 106 106 108 109 109 108 108 108 110 111 112 112 111 111 112 112
 113 115 115 115 115 116 114 115 116 117 118 118 117 117 117 119 122 122
 122 122 122 122 122 122 122 123 123 123 124 126 128 128 128 127 128 129
 129 128 129 130 130 130 130 130 130 130 118  54  34  32  32  28  23  25
  24  24  24  23  22  20  20  19  19  20  22  23  24  25  25  24  25  22
  20  19  19  19  18  18  16  16  15  15  16  16  17  18  16  17  19  19
  18  17  17  17  19  20  21  22  23  23  22  22  24  24  25  24  24  24
  25  25  24  24  24  24  24  25  30  34  37  37  55 125 156 156 155 153
 154 155 157 158 157 157 158 159 159 160 160 158 157 157 158 157 159 159
 160 160 160 159 159 158 160 159 159 160 161 161 160 161 161 161 161 162
 161 159 159 161 162 162 162 162 162 162 162 162 162 162 163 163 162 162
 161  29]","[ 29  28 105 107 106 108 108 109 109 108 108 110 112 113 112 112 113 113
 114 115 115 116 116 116 116 116 116 117 118 118 118 118 120 122 122 122
 122 122 122 122 122 122 122 122 123 124 126 127 128 128 127 127 128 129
 130 130 130 130 129 130 131 132 131 130 113  46  36  33  27  24  24  26
  25  24  24  24  24  22  20  18  20  19  20  21  24  25  24  23  22  22
  22  21  20  19  18  17  17  16  16  17  18  17  17  17  17  17  17  16
  16  16  16  17  20  22  23  23  22  22  23  24  23  23  24  24  24  24
  24  24  24  24  24  24  24  25  27  28  31  36  32  82 138 162 156 153
 154 155 157 160 157 158 161 159 160 160 159 158 158 159 159 159 160 160
 160 160 160 160 160 159 158 159 161 161 161 161 161 162 160 161 161 161
 161 161 161 161 162 162 162 162 162 162 162 161 162 162 162 161 161 162
 162  30]","[ 29  28 105 106 105 107 108 109 110 110 110 111 112 112 112 111 114 114
 113 113 113 114 116 116 117 117 117 118 118 118 119 121 122 123 123 122
 123 123 123 122 122 122 122 123 124 125 127 128 129 129 128 128 128 129
 129 130 130 130 130 130 130 130 130 129 103  38  30  29  25  23  23  24
  23  23  22  22  22  21  19  18  19  18  19  21  23  24  23  21  21  21
  21  21  20  19  18  17  17  16  15  16  16  16  16  17  16  16  16  16
  16  16  16  16  18  20  22  23  22  21  22  22  23  24  24  24  24  24
  24  24  24  24  24  24  25  25  26  26  29  36  27  37  73 129 155 160
 159 155 160 155 158 160 160 158 161 161 160 158 158 159 159 159 161 161
 161 161 161 161 161 160 160 160 161 162 162 162 162 163 161 161 160 161
 161 162 162 161 162 162 162 162 162 163 162 162 163 163 164 163 163 163
 162  29]","[ 29  29 105 107 106 107 108 109 110 110 111 111 112 112 112 112 115 114
 114 113 113 114 115 116 117 117 117 118 117 118 120 122 122 122 122 122
 123 124 124 123 122 122 122 123 125 127 128 129 129 129 129 129 129 129
 129 130 130 130 130 130 130 129 130 130  96  35  29  29  25  25  24  24
  23  23  22  21  20  20  19  19  19  18  19  21  23  24  22  20  20  20
  20  20  19  18  17  17  17  16  16  16  16  16  16  17  17  17  16  16
  16  16  16  16  18  20  23  24  23  22  22  22  23  24  24  24  24  24
  24  24  23  24  24  25  25  25  24  24  26  25  28  30  31  59  98 149
 164 161 157 156 161 158 159 160 161 161 160 159 159 159 160 160 162 162
 162 162 162 162 162 161 161 161 162 162 162 162 162 163 162 161 160 161
 161 162 162 162 162 162 163 163 164 164 164 165 164 164 165 164 164 164
 162  29]","[ 29  29 106 108 106 108 108 109 109 110 111 111 112 112 113 114 113 114
 115 115 115 115 115 115 116 116 116 117 117 117 119 121 119 120 121 122
 123 124 124 123 123 123 123 124 126 128 129 129 128 128 128 129 129 130
 130 130 130 130 130 131 131 131 130 130  95  36  33  31  26  26  25  24
  25  24  23  22  20  19  19  20  19  18  18  20  22  23  21  19  19  19
  19  19  19  18  17  17  18  17  16  16  16  17  17  17  18  18  17  17
  17  16  16  16  17  19  21  22  22  22  22  22  24  24  24  24  24  24
  24  24  24  24  24  24  25  25  24  23  24  23  26  32  31  29  41  87
 143 166 155 160 160 157 160 161 161 161 161 161 161 161 162 161 162 162
 162 162 162 163 162 162 161 162 161 161 161 162 162 162 162 162 162 162
 162 162 162 163 163 163 164 164 164 164 165 166 165 165 165 165 164 164
 162  29]","[ 28  29 106 108 106 107 107 108 108 109 110 111 111 112 113 114 113 114
 115 116 116 116 116 116 117 116 115 117 118 118 118 118 117 119 121 122
 122 122 123 123 124 124 124 126 127 128 129 129 128 128 128 129 129 130
 130 130 131 130 130 131 132 132 131 129  95  37  34  31  25  24  24  23
  24  25  24  23  21  20  20  20  18  17  16  17  20  21  20  19  19  19
  19  19  18  18  17  17  17  16  15  16  16  16  17  17  17  17  17  17
  17  17  17  17  15  17  18  19  20  20  21  22  24  24  24  24  24  24
  24  24  25  24  24  24  24  24  24  23  24  26  21  24  33  34  29  38
  90 147 161 158 156 159 161 159 160 161 162 162 162 162 162 161 162 162
 162 162 162 162 162 162 162 162 162 162 162 162 162 162 162 163 164 164
 163 162 163 164 163 163 164 164 164 164 164 165 165 165 165 164 164 165
 163  29]","[ 29  29 107 108 106 107 107 108 108 109 110 111 111 111 112 113 113 113
 114 114 114 115 116 117 117 116 116 118 119 120 119 118 118 121 123 123
 122 121 122 123 125 125 126 127 128 129 129 129 129 129 129 129 129 129
 130 130 131 131 131 132 133 132 130 128  94  36  33  30  24  24  24  24
  23  23  23  22  21  20  19  19  18  17  16  16  18  20  21  21  19  19
  18  18  17  17  17  17  17  16  15  16  16  17  17  17  16  16  16  16
  17  17  17  17  16  17  17  18  19  21  22  24  24  24  24  24  24  24
  24  24  25  24  24  24  24  24  24  24  23  24  24  29  28  28  33  32
  42 100 160 159 160 160 160 162 161 162 162 162 162 162 162 161 163 162
 162 163 163 163 163 162 163 163 163 163 164 164 163 163 162 164 165 165
 164 164 164 165 164 164 164 164 164 164 164 164 165 165 165 164 164 165
 163  30]","[ 29  29 107 108 106 107 107 109 110 110 111 111 111 111 112 112 113 114
 115 115 114 115 116 117 117 117 117 119 120 121 120 120 120 122 123 122
 121 122 123 123 124 125 126 128 128 129 129 129 130 130 130 130 130 130
 130 131 131 132 133 134 134 133 131 129  95  35  30  29  25  25  25  24
  22  22  22  21  20  19  18  18  17  16  16  16  18  20  21  22  20  19
  18  17  16  16  17  17  16  15  15  16  17  17  17  17  16  16  16  16
  16  16  16  16  16  16  17  18  19  21  24  25  24  24  24  24  24  24
  24  24  24  24  24  24  24  24  24  24  22  25  26  28  26  26  31  29
  27  57 142 162 164 159 160 164 162 162 162 162 162 163 163 162 164 164
 164 164 164 164 164 163 165 164 164 164 164 165 165 165 165 165 165 165
 166 166 165 165 166 165 165 165 165 165 165 165 166 165 166 165 166 166
 163  29]","[ 29  29 106 106 104 106 107 109 110 110 111 111 111 112 112 112 112 114
 116 117 116 116 116 116 116 117 118 119 120 121 121 122 122 122 122 121
 121 122 123 124 124 125 127 128 128 129 129 129 130 130 130 130 130 131
 132 132 131 133 135 136 136 134 132 131  96  33  28  27  24  24  23  22
  23  22  22  20  19  18  18  17  16  15  15  15  17  19  21  22  20  19
  17  16  15  16  16  17  14  13  14  15  16  16  16  16  18  18  18  17
  17  16  15  15  14  14  15  16  18  20  22  23  24  24  24  24  24  24
  24  24  23  24  24  24  24  24  24  24  23  26  23  22  27  25  24  31
  31  40 122 162 160 161 165 159 162 163 162 162 162 164 164 164 165 165
 165 165 165 165 165 164 166 165 164 164 164 165 166 166 167 165 165 165
 166 167 166 165 166 165 165 165 165 166 165 165 166 166 167 167 167 167
 163  29]","[ 29  28 106 104 104 105 108 110 110 111 111 111 111 113 114 115 114 115
 116 117 116 116 116 117 117 117 118 119 121 122 122 122 122 122 121 122
 123 124 124 124 123 125 127 129 129 129 129 129 128 130 131 131 131 132
 133 134 133 133 136 136 136 133 129 131 103  33  31  27  23  24  24  23
  20  20  19  18  17  17  16  16  15  16  16  15  16  18  19  19  19  19
  18  17  17  17  17  17  16  14  14  15  17  17  17  18  18  19  19  18
  17  17  16  15  13  13  14  15  16  18  20  21  23  23  23  23  23  23
  23  23  24  24  24  24  24  24  24  23  24  24  24  24  24  24  26  28
  32  33 100 164 159 161 162 164 163 163 162 162 162 163 164 165 165 165
 165 165 166 166 166 166 166 166 165 165 165 166 166 167 167 167 166 166
 166 167 168 168 167 166 165 166 167 167 167 166 168 166 167 167 167 166
 168  28]","[ 29  29 107 106 106 107 109 110 110 110 111 111 111 113 114 114 114 115
 116 117 116 116 116 117 117 117 117 119 121 122 122 122 122 121 122 122
 123 124 125 125 125 126 128 129 129 129 129 129 129 131 132 132 132 132
 133 134 133 133 135 134 134 132 129 132 109  36  33  27  24  24  23  22
  18  18  17  17  16  16  16  16  16  17  17  16  16  18  19  19  18  18
  17  16  16  17  17  17  17  16  15  16  17  18  18  18  19  20  20  19
  18  18  17  17  13  14  15  15  16  16  18  20  22  23  23  24  24  23
  23  23  24  24  24  24  24  24  24  24  24  24  24  24  24  24  25  27
  31  28  91 161 160 163 162 163 163 163 163 163 164 165 165 166 166 165
 165 165 166 166 166 165 167 166 166 166 166 166 167 167 167 167 167 167
 167 167 167 167 168 167 166 166 167 168 168 167 167 166 167 167 168 167
 169  29]","[ 29  29 108 108 109 109 110 110 110 110 111 111 112 113 114 114 114 115
 116 117 116 117 117 118 117 117 117 119 121 122 122 121 121 121 122 123
 123 124 125 126 127 127 128 129 130 130 129 129 130 131 132 132 132 133
 134 134 135 134 135 133 133 132 131 135 115  39  32  26  22  22  20  19
  18  17  17  16  16  16  16  17  16  16  16  15  16  17  18  17  18  18
  17  16  17  18  18  17  17  16  15  15  16  17  17  17  18  19  19  17
  16  16  16  15  12  14  16  16  15  15  17  18  20  21  23  24  24  24
  24  24  24  24  23  23  23  24  24  25  24  24  24  24  24  24  25  27
  30  23  85 161 162 163 162 164 164 164 165 165 166 166 167 167 167 166
 166 166 166 166 166 166 168 167 167 167 167 167 168 168 168 168 168 168
 169 169 169 169 169 168 168 168 169 169 169 168 168 167 169 168 169 169
 169  29]","[ 29  28 108 108 110 111 111 111 111 111 111 111 113 114 115 114 114 115
 116 117 117 117 118 119 118 117 117 119 121 122 122 121 121 122 123 123
 124 125 126 127 128 128 128 129 130 131 130 130 130 131 132 132 133 134
 135 135 136 135 135 134 134 134 133 137 118  40  32  26  22  20  18  18
  20  20  19  18  18  18  18  18  16  16  16  15  15  16  16  17  18  18
  17  17  18  19  19  18  17  16  15  15  16  16  17  17  20  21  20  19
  18  17  17  16  12  14  16  16  16  16  17  18  19  20  23  24  24  24
  24  24  24  24  23  23  23  23  24  24  24  24  24  24  24  24  25  26
  29  24  88 164 163 163 163 167 165 165 165 166 166 167 168 168 167 167
 166 166 167 167 168 168 168 168 167 168 168 169 169 169 168 168 169 169
 170 170 171 171 171 170 170 170 171 171 170 170 171 170 172 171 171 170
 170  29]","[ 29  28 108 108 111 111 112 111 111 112 111 112 113 114 115 114 115 116
 117 117 117 117 118 118 119 119 118 119 121 122 122 122 121 122 124 124
 124 125 127 129 129 129 128 129 130 130 130 130 130 131 132 132 133 134
 135 135 135 134 135 134 135 135 133 137 120  41  32  27  23  21  19  20
  22  22  21  20  19  18  18  18  18  18  17  16  16  15  16  16  17  18
  18  18  19  19  19  18  17  16  15  15  16  16  17  18  20  21  21  20
  18  17  16  15  13  14  15  17  18  19  19  18  18  20  22  23  23  23
  23  24  24  24  24  23  23  23  23  23  24  23  23  24  24  24  25  26
  28  26  96 165 164 163 163 167 166 166 166 166 166 167 168 169 168 167
 167 167 167 168 168 168 168 168 168 168 169 170 171 171 169 169 169 169
 169 170 171 171 171 171 171 171 172 172 171 171 172 172 173 171 172 171
 171  29]","[ 29  28 108 109 111 111 112 112 111 112 112 112 113 114 115 114 117 117
 117 117 117 117 117 117 120 120 120 121 121 122 122 122 122 123 124 125
 125 126 128 129 130 130 129 129 129 130 130 130 131 132 133 133 133 134
 135 135 134 134 136 135 136 136 134 138 120  38  28  25  23  21  19  21
  22  21  21  20  19  18  18  17  20  18  17  16  16  15  14  15  16  17
  18  17  18  18  18  18  16  15  15  16  16  16  17  18  19  19  20  18
  17  16  15  14  14  15  16  18  20  21  20  20  20  21  22  23  22  22
  23  24  24  24  24  23  23  23  23  22  23  23  23  23  24  24  24  25
  27  29 108 165 165 166 165 165 167 166 166 166 167 167 168 169 168 167
 167 167 168 168 167 167 168 168 168 169 170 171 172 171 171 170 170 169
 170 170 171 171 171 171 171 172 172 172 171 171 172 171 173 171 172 172
 172  29]","[ 29  29 109 109 111 111 112 112 112 113 113 113 113 114 115 115 117 117
 117 117 118 118 118 118 121 121 122 122 122 122 123 123 124 124 125 126
 126 127 129 130 130 130 130 129 129 129 130 131 132 132 133 133 133 135
 135 135 136 135 137 137 137 137 135 139 121  36  25  23  24  22  19  20
  20  20  20  20  19  19  18  18  19  17  16  16  16  14  14  15  16  17
  17  17  16  17  18  18  16  15  15  16  16  16  16  17  19  20  20  19
  18  17  17  16  16  16  18  19  20  21  21  20  21  22  23  22  21  21
  22  23  24  24  23  23  23  23  23  23  23  22  22  23  23  24  24  25
  25  34 125 167 164 166 166 166 167 167 167 167 167 168 168 168 168 168
 168 168 169 169 168 167 169 168 168 169 171 171 171 171 172 172 171 171
 171 171 171 171 171 171 172 172 173 173 172 172 172 172 173 170 171 172
 172  29]","[ 29  29 109 110 112 112 112 112 113 114 115 114 114 115 116 116 116 116
 117 117 118 118 119 119 122 122 123 122 122 122 123 124 124 125 125 126
 126 127 129 130 130 130 130 129 129 129 131 132 131 132 132 133 134 135
 136 136 137 136 137 137 137 138 136 141 125  37  24  24  26  25  22  22
  19  20  20  20  20  20  20  19  18  17  16  17  17  16  16  18  17  17
  17  16  15  16  18  19  17  17  17  17  17  16  16  17  17  18  18  17
  16  16  16  16  17  18  19  20  20  20  21  21  23  23  23  22  20  20
  22  23  24  23  23  22  22  23  23  24  23  22  22  23  23  24  24  25
  23  40 139 171 163 165 167 169 168 168 168 168 168 168 168 168 168 168
 168 169 170 170 170 169 169 169 168 169 171 171 171 170 171 171 171 171
 171 171 171 171 171 172 173 174 174 174 173 173 174 173 174 171 172 172
 172  29]","[ 28  29 110 111 110 109 111 114 113 114 114 114 114 114 115 115 117 117
 117 117 118 119 121 121 122 122 122 123 123 122 122 122 124 124 123 125
 127 129 130 129 130 130 130 130 130 130 131 132 132 132 133 134 135 135
 136 137 137 136 138 139 138 136 137 140 127  40  26  24  23  24  19  20
  19  21  22  21  18  17  16  17  17  17  16  16  16  16  16  16  16  16
  17  16  16  16  17  17  17  16  16  17  17  17  16  16  16  17  17  17
  17  17  16  15  17  20  21  20  20  21  22  23  23  23  23  24  23  22
  21  21  22  23  24  23  23  23  24  24  21  25  21  23  24  23  26  25
  24  64 152 166 162 167 167 169 168 168 168 169 169 168 167 166 166 167
 169 171 171 171 171 172 170 171 171 172 172 173 172 170 171 171 171 172
 172 172 171 171 172 173 173 173 173 173 174 174 175 173 175 173 172 171
 173  31]","[ 29  30 111 112 112 110 112 114 113 114 114 114 114 114 114 115 117 118
 118 118 119 121 122 122 123 122 122 123 124 123 123 123 124 124 124 125
 128 129 130 129 130 130 130 130 130 130 131 132 132 132 133 134 135 136
 137 138 137 137 138 139 138 136 137 139 128  42  27  26  25  24  19  19
  19  20  21  21  19  17  17  17  17  17  17  17  16  16  16  16  16  17
  17  17  17  17  17  17  16  14  13  13  13  14  15  17  16  17  17  16
  16  16  16  16  18  20  22  22  22  22  23  23  22  22  22  23  24  23
  22  22  20  21  23  24  24  24  24  23  23  24  21  23  24  23  26  25
  24  93 165 169 164 167 169 168 171 171 170 169 170 170 170 170 169 170
 171 171 171 171 172 172 172 172 171 170 170 171 171 171 174 172 171 170
 171 171 173 174 172 173 174 174 174 173 172 171 173 171 172 173 175 175
 175  26]","[ 29  29 110 111 112 111 112 112 112 113 114 114 114 113 113 113 115 116
 118 118 119 120 121 122 123 122 122 123 123 123 123 123 123 123 124 125
 127 128 129 128 130 130 130 130 130 130 131 132 133 132 133 134 135 136
 137 138 138 138 138 138 137 136 137 138 132  46  26  26  25  23  18  20
  19  20  21  21  19  18  18  18  17  17  17  17  17  16  16  16  16  16
  17  17  16  16  16  16  16  15  13  13  13  14  16  18  16  16  15  15
  15  15  16  16  17  20  22  23  23  23  23  22  23  22  22  23  25  24
  23  22  20  20  21  23  24  24  23  22  23  22  21  23  23  23  26  24
  32 125 170 166 166 166 168 167 169 168 169 170 171 172 171 170 170 171
 171 170 170 170 171 171 171 171 171 171 171 172 174 175 173 172 171 172
 173 172 173 173 176 175 174 173 174 174 175 176 176 176 175 175 173 173
 176  27]","[ 29  29 109 110 112 111 112 111 112 113 114 114 114 113 113 113 113 115
 116 117 118 120 121 122 122 121 121 122 123 124 123 124 123 123 124 126
 127 128 128 128 130 130 130 130 130 131 132 133 134 134 134 135 136 136
 136 137 139 138 138 138 138 137 137 138 135  50  24  26  24  23  20  21
  21  21  21  21  19  18  18  17  17  17  17  17  16  16  15  15  15  16
  16  16  15  14  14  14  12  12  13  14  13  13  13  14  15  14  13  13
  13  14  15  16  17  20  22  24  23  23  23  22  24  23  23  24  24  23
  22  22  21  21  21  21  21  21  21  22  22  22  22  22  22  25  27  23
  56 144 166 165 168 167 168 171 170 169 168 169 171 172 171 170 171 173
 173 171 171 172 172 171 171 171 171 171 171 170 170 170 173 173 173 174
 175 174 173 173 172 172 173 174 174 174 173 172 172 174 172 174 171 172
 176  30]","[ 30  29 108 109 112 112 113 111 112 113 114 115 114 114 114 114 114 115
 117 117 118 120 122 123 123 122 122 123 124 124 125 125 124 125 125 127
 128 129 129 129 129 129 130 131 131 131 133 134 135 135 136 137 137 137
 138 138 138 138 138 138 138 138 138 139 134  52  23  25  24  24  22  22
  21  21  21  20  20  19  18  18  18  17  16  16  15  15  15  15  16  16
  16  16  15  13  13  12  12  13  14  15  15  13  12  13  15  14  13  13
  13  14  15  17  19  20  23  24  24  24  24  24  25  24  24  24  23  22
  22  23  23  24  23  22  20  19  20  20  20  22  23  21  21  24  25  22
  83 153 162 164 167 168 167 172 173 171 169 168 169 171 171 171 169 170
 171 171 170 170 170 169 171 170 171 172 172 172 172 173 171 169 169 170
 172 174 176 177 178 177 176 175 175 175 175 175 176 176 173 178 177 176
 174  29]","[ 29  29 108 108 111 113 113 112 112 113 114 114 114 114 114 115 116 116
 117 117 119 121 122 123 122 122 122 123 124 124 125 127 125 125 125 127
 128 129 129 129 129 129 130 131 132 132 133 135 135 135 136 137 138 138
 138 139 138 139 140 139 139 139 139 139 132  55  23  27  25  25  23  22
  20  20  20  20  20  20  19  19  18  17  16  15  15  15  16  16  16  17
  17  16  15  14  14  13  15  15  15  16  15  14  14  14  15  13  13  14
  15  15  16  18  19  20  22  23  24  23  23  24  24  24  24  24  22  21
  22  23  24  24  25  24  22  21  20  20  19  22  23  20  21  23  22  26
 107 160 165 167 165 169 167 170 169 169 169 170 171 172 171 170 172 173
 174 175 174 172 171 171 176 174 173 174 175 176 177 178 177 176 175 175
 175 174 172 172 173 172 172 172 172 171 171 171 171 170 166 168 164 161
 158  28]","[ 29  29 108 109 112 114 114 112 111 112 113 114 114 114 115 115 116 117
 117 118 120 122 122 122 122 122 122 123 124 124 126 127 125 125 125 126
 128 129 129 129 130 130 131 132 132 132 133 135 135 135 135 137 137 137
 138 138 138 140 141 141 140 139 139 140 134  60  24  27  24  25  24  21
  19  19  19  19  20  20  19  19  18  18  17  16  16  16  16  16  16  17
  17  16  15  15  15  15  15  14  13  13  13  12  13  13  14  13  13  15
  16  16  17  19  19  19  21  23  23  23  23  23  23  23  24  24  23  21
  21  22  23  23  23  23  23  23  22  20  20  21  22  21  24  23  22  35
 126 164 164 168 167 169 167 167 172 172 172 173 173 172 171 169 169 168
 169 171 169 165 163 164 168 164 162 163 162 161 160 160 155 154 154 152
 149 144 139 137 136 139 144 147 147 144 140 137 144 145 143 143 138 136
 139  28]","[ 29  30 109 110 113 115 115 112 112 113 113 114 114 115 116 117 117 117
 118 119 121 123 122 121 122 122 123 124 124 124 126 129 127 125 125 126
 128 130 130 130 131 131 131 132 132 132 133 134 136 136 136 137 138 137
 137 138 138 141 142 142 140 140 139 139 138  65  26  25  22  23  24  21
  20  19  19  19  19  19  19  18  18  18  18  17  17  17  17  17  16  16
  16  16  15  15  16  16  15  14  13  14  14  14  14  14  13  12  13  15
  16  16  16  18  19  19  21  24  24  23  23  24  23  22  23  24  23  22
  21  20  23  21  20  20  23  24  23  22  21  20  20  22  27  23  23  44
 132 159 152 161 163 162 161 160 159 157 152 149 146 145 145 145 146 143
 144 146 143 138 135 137 138 136 135 138 140 139 137 137 136 136 136 138
 139 139 139 139 137 137 136 135 134 134 134 135 134 134 135 136 133 132
 134  31]","[ 29  29 109 110 113 113 114 114 114 114 114 115 116 116 116 115 118 118
 119 120 122 122 122 121 122 122 122 123 124 125 126 126 125 125 126 129
 130 130 131 131 131 132 133 133 132 132 133 135 135 137 137 136 137 138
 137 138 138 141 142 142 141 142 142 142 140  75  20  26  24  26  24  22
  19  19  18  18  19  19  18  17  19  18  16  16  17  17  17  16  17  17
  17  17  17  17  17  17  17  16  14  13  13  14  15  15  13  14  15  16
  16  17  19  21  23  22  22  23  23  23  22  22  23  23  24  24  24  23
  22  21  22  21  19  19  20  21  22  23  22  23  20  21  25  21  22  68
 137 138 139 139 138 138 139 138 140 141 140 139 138 137 136 134 133 132
 132 134 136 137 136 135 137 136 136 136 136 137 138 138 136 137 139 139
 137 137 137 138 137 136 134 133 133 133 134 135 135 133 133 132 134 133
 133  29]","[ 29  30 110 111 112 112 114 113 113 114 114 115 116 117 118 118 117 118
 119 121 121 121 121 122 122 122 123 123 124 124 125 126 127 128 128 129
 129 129 130 131 134 134 135 134 132 132 134 136 137 138 137 136 137 137
 137 138 138 139 140 140 141 142 145 146 143  88  28  26  23  23  22  24
  20  19  18  18  19  19  19  19  18  17  16  16  16  16  16  16  16  16
  16  16  16  16  16  16  17  16  15  14  14  15  15  16  14  14  15  16
  17  17  19  20  23  22  22  23  23  23  23  23  24  25  25  24  24  23
  23  23  23  22  21  20  20  21  21  21  22  22  22  21  21  23  28  89
 133 134 135 135 136 137 137 136 137 137 137 136 136 136 135 134 136 135
 135 136 136 135 134 134 135 135 134 134 135 135 136 136 134 135 135 135
 135 135 135 135 135 133 132 132 131 131 131 132 133 132 132 131 132 132
 131  28]","[ 29  30 112 112 112 112 113 114 115 115 115 115 116 116 117 118 117 118
 120 121 121 121 122 123 122 123 124 124 124 124 125 126 127 128 129 129
 128 129 132 134 133 134 134 134 133 133 136 139 136 137 136 135 137 137
 137 138 141 139 139 139 139 140 143 146 143  97  31  24  24  25  21  23
  20  19  18  18  18  19  19  20  18  18  17  16  16  16  17  17  17  17
  17  17  17  17  17  16  16  16  15  14  14  15  15  15  15  14  15  16
  18  18  19  20  22  22  23  23  23  23  24  24  24  24  24  23  22  22
  22  23  23  23  23  22  21  20  20  20  19  18  23  24  21  22  29 101
 130 129 130 131 133 133 133 132 132 132 132 132 133 133 133 131 132 133
 134 134 133 132 133 133 133 133 133 133 133 134 134 135 133 133 132 133
 133 133 133 133 133 132 131 131 132 131 130 130 132 131 131 130 131 130
 130  28]","[ 29  30 112 113 113 112 113 114 115 116 116 116 115 116 116 117 116 117
 118 119 120 120 121 122 122 123 124 124 124 124 125 127 128 129 129 129
 129 130 132 133 133 134 134 134 134 134 136 138 137 137 136 135 137 136
 136 137 136 134 132 133 132 130 132 135 133  94  29  23  26  26  21  20
  20  20  19  18  18  19  19  19  18  18  18  17  17  16  17  17  17  17
  17  17  17  17  18  18  16  15  15  15  15  15  15  15  16  15  16  17
  18  18  19  20  22  22  23  23  22  22  23  24  23  23  23  22  21  20
  20  21  22  22  23  22  21  20  20  20  21  17  19  21  22  24  46 120
 128 127 128 129 130 130 130 129 130 130 130 130 131 131 130 129 129 129
 130 131 131 131 131 132 133 132 132 132 133 133 133 134 132 132 131 131
 131 132 132 132 132 131 131 132 133 133 132 131 131 131 132 131 131 130
 130  29]","[ 28  29 112 113 113 112 113 114 114 115 116 116 117 117 118 119 120 119
 119 120 121 121 121 122 123 124 124 124 123 123 124 126 126 126 126 124
 124 125 126 125 128 127 127 127 127 126 125 125 123 123 121 121 121 119
 117 118 123 121 121 122 122 120 121 123 122  90  30  25  24  23  23  21
  21  20  20  19  18  18  18  18  17  18  18  17  16  16  16  17  15  15
  16  16  16  16  16  16  16  16  16  16  15  15  15  15  16  16  17  18
  18  18  19  21  22  22  23  23  21  20  21  23  22  23  24  23  21  20
  20  20  20  22  23  23  21  20  20  20  22  19  20  21  24  23  65 126
 125 126 127 129 129 129 129 130 130 131 130 130 130 131 131 130 130 130
 130 131 131 131 130 130 132 132 132 132 132 132 133 133 130 131 131 131
 130 130 131 132 131 130 131 132 133 133 132 131 131 131 132 131 130 130
 131  29]","[ 29  30 111 111 111 111 112 113 114 114 115 115 115 116 116 116 118 117
 115 116 117 117 116 116 116 116 116 115 114 114 115 115 115 115 115 114
 115 116 116 114 117 116 116 116 116 115 114 114 116 115 114 114 116 114
 112 113 115 115 115 117 117 116 116 117 119  93  30  24  23  23  25  21
  20  20  19  18  17  17  17  17  18  18  18  17  16  16  16  17  17  16
  16  16  16  16  16  16  16  16  16  16  15  15  15  15  16  17  18  19
  18  18  19  21  22  22  23  22  21  19  19  21  21  22  23  23  22  21
  20  20  20  21  23  23  22  20  20  20  18  20  22  23  23  23  80 122
 122 123 125 128 128 128 129 131 129 130 130 130 130 130 131 130 131 130
 129 131 132 132 131 131 131 131 131 131 131 131 132 132 130 131 132 131
 130 130 131 132 131 131 131 132 133 132 131 130 130 131 131 130 130 129
 130  29]","[ 30  29 107 106 106 106 108 109 110 110 109 109 109 109 109 109 106 106
 106 107 107 107 107 107 104 104 104 103 103 103 103 104 105 107 107 107
 107 109 110 109 112 111 111 112 112 112 113 115 114 113 112 114 116 115
 113 115 114 114 115 116 116 116 115 115 118 101  34  22  25  25  25  21
  20  20  19  18  17  17  17  17  18  19  18  18  17  17  16  16  17  17
  17  17  17  17  17  17  16  16  16  16  15  14  14  15  17  17  18  19
  19  19  20  21  22  22  22  22  21  19  19  19  20  21  22  23  22  22
  21  21  20  21  22  23  22  21  21  21  20  20  20  20  20  36 104 131
 122 122 123 126 127 127 127 128 127 129 129 128 128 129 129 130 129 128
 128 130 131 132 131 131 130 130 130 130 130 130 131 131 131 132 132 132
 131 131 131 131 132 131 131 132 132 131 131 131 130 130 130 129 130 129
 130  29]","[ 29  27 103 100 100 101 103 103 103 102 102 102 102 103 104 104 100 101
 103 104 105 104 105 105 104 104 103 103 104 104 105 105 105 107 108 107
 106 108 109 109 110 110 110 109 108 109 111 114 114 113 111 112 113 112
 110 112 111 112 113 113 114 115 115 114 113 109  41  23  26  23  23  23
  21  21  20  19  18  18  19  20  18  18  18  17  17  16  16  16  16  16
  16  16  16  16  16  16  17  17  17  16  15  15  15  16  17  17  17  18
  19  20  20  20  22  22  22  23  21  20  19  19  19  20  21  22  23  23
  22  22  20  21  22  23  22  22  22  22  21  19  19  22  21  48 114 128
 125 123 124 127 128 126 126 126 127 129 129 128 127 128 129 129 130 129
 129 130 130 130 130 130 130 130 130 130 130 130 130 130 131 131 130 130
 131 130 130 129 131 130 130 131 131 130 131 131 131 130 131 130 130 130
 131  29]","[ 28  29  95  96  96  99 101 103 102 100 100 101 102 103 103 103  99 100
 101 101 101 101 101 102 101 102 103 103 103 104 105 105 105 105 106 106
 106 107 109 110 108 108 108 108 109 109 110 110 109 110 111 110 111 112
 112 112 112 112 112 111 112 114 114 114 113 107  55  18  25  25  21  20
  20  20  20  20  19  18  19  20  20  19  18  17  16  16  16  16  17  17
  16  17  17  17  17  16  19  18  16  15  15  16  16  16  17  16  16  18
  20  20  20  20  22  22  22  22  22  20  19  18  21  22  21  21  22  22
  22  23  22  21  20  19  20  21  22  21  21  19  22  23  16  59 120 127
 124 125 126 126 126 125 126 127 128 128 128 130 129 128 128 129 129 129
 129 129 129 130 130 130 131 130 130 130 130 130 130 130 130 130 130 130
 130 130 130 130 130 130 130 130 131 131 131 131 131 131 131 130 130 130
 131  29]","[ 29  29  94  95  95  97  98  99  98  97  97  98  98  98  98  99  97  97
  97  98  98  98  98  99  99 100 101 102 103 104 104 104 104 105 105 105
 106 106 107 108 108 108 108 108 109 109 110 110 107 109 110 111 111 112
 112 112 111 111 111 111 112 113 114 113 111 110  63  25  25  23  18  20
  20  20  20  20  19  18  18  18  18  18  17  16  16  16  16  17  17  17
  17  17  18  18  18  18  18  17  16  16  16  16  16  16  16  15  16  18
  20  21  21  21  23  23  23  23  22  21  20  20  21  22  22  21  22  22
  20  21  21  20  19  19  19  21  22  22  20  21  21  26  17  81 123 123
 125 125 125 126 125 125 126 127 128 128 129 129 128 126 126 128 129 129
 129 129 129 129 130 130 130 130 129 129 130 130 130 129 129 130 130 130
 130 130 130 130 130 130 131 131 131 131 132 132 131 130 131 130 131 130
 131  29]","[ 29  29  93  95  94  97  97  97  97  97  97  97  96  95  96  97  96  96
  96  96  96  97  97  97  97  98 100 101 103 103 103 102 102 103 104 105
 106 107 108 109 107 107 108 108 109 109 109 109 107 109 111 111 111 112
 112 111 111 112 112 112 113 113 114 113 111 111  69  26  24  23  18  21
  19  19  19  19  18  17  16  17  18  17  16  16  15  16  17  17  16  17
  17  17  17  17  17  17  17  16  16  16  16  16  16  16  16  16  17  19
  21  21  22  23  24  24  23  23  22  21  21  20  21  22  22  22  22  21
  19  19  20  20  19  18  18  19  21  22  21  19  23  19  25  97 126 121
 125 124 124 124 124 124 125 126 127 128 129 128 127 125 126 128 129 129
 129 129 129 129 130 130 130 129 129 129 130 130 130 129 130 130 130 131
 131 131 130 130 131 131 131 132 132 132 132 132 131 131 132 132 133 132
 132  29]","[ 29  28  92  94  94  96  96  97  97  97  96  96  95  95  96  97  97  96
  96  96  96  97  97  97  97  98 100 102 103 103 102 100 100 102 103 105
 106 107 108 108 107 107 108 108 108 108 108 108 108 110 111 112 112 112
 112 111 111 113 114 114 114 114 114 114 112 112  80  29  25  24  21  21
  19  19  19  19  18  17  17  17  18  17  16  16  16  16  17  18  17  17
  17  17  16  16  16  16  17  17  16  16  16  16  16  16  18  18  18  19
  20  20  21  22  23  23  23  22  22  21  20  19  20  22  22  22  22  21
  18  18  19  19  19  19  18  18  19  20  21  18  24  15  41 108 122 123
 125 124 123 123 124 124 125 126 126 127 128 128 127 126 127 129 130 130
 130 130 130 130 130 130 130 130 130 130 130 131 130 130 131 131 131 131
 131 131 131 131 132 132 132 132 132 132 132 132 131 131 133 133 134 133
 132  30]","[ 29  28  91  92  93  96  96  96  96  94  93  93  94  95  95  96  97  96
  95  95  96  97  97  97  97  99 101 103 103 103 102 100 102 102 104 104
 104 104 104 104 107 107 108 108 107 107 107 107 108 110 111 111 111 112
 112 112 112 113 114 114 114 115 115 115 111 114  97  37  27  23  24  21
  21  20  19  19  19  18  18  19  18  18  17  16  16  16  16  17  18  18
  18  17  17  16  17  17  18  18  17  16  16  16  16  17  18  18  18  18
  19  19  19  20  22  22  22  22  22  21  20  20  19  21  21  21  22  20
  18  18  18  18  19  19  18  17  17  19  19  22  22  19  62 122 119 124
 125 125 124 125 125 125 125 126 127 127 127 128 128 129 129 129 129 129
 130 130 130 130 130 130 130 130 130 130 131 131 130 130 131 131 131 131
 131 131 132 132 133 132 132 132 132 131 131 131 130 131 132 132 133 132
 132  29]","[ 30  28  92  93  93  95  95  95  95  93  93  93  95  95  96  96  96  95
  95  95  96  96  97  97  98 100 102 103 103 104 103 102 102 103 104 104
 104 104 105 105 108 108 108 107 107 107 107 107 108 109 109 110 111 112
 113 113 111 113 113 114 114 114 115 114 111 109 102  41  23  22  25  22
  22  20  19  19  18  17  17  18  18  17  17  16  16  16  16  16  17  17
  17  17  16  17  17  17  18  18  17  17  16  16  16  17  18  18  17  18
  18  19  19  20  20  21  22  23  23  23  22  22  19  21  20  20  21  20
  18  19  17  17  18  19  18  17  17  19  20  24  22  21  86 127 125 126
 125 125 125 126 126 125 125 126 128 128 128 128 129 130 130 129 128 128
 129 130 130 130 130 130 130 130 130 130 130 130 130 129 130 130 130 130
 131 131 132 132 133 133 132 132 132 131 131 131 131 131 132 132 133 132
 132  29]","[ 30  29  93  94  94  95  95  94  94  94  95  96  97  97  96  96  95  96
  96  96  96  97  97  97  98 101 103 103 103 103 103 104 102 103 104 105
 105 106 106 107 108 108 107 107 107 108 108 108 108 108 109 110 111 113
 113 113 111 112 112 112 113 114 114 114 112 106 105  51  23  23  24  22
  21  19  18  18  18  17  17  17  18  18  18  18  17  17  17  16  17  16
  16  16  16  16  16  16  17  17  17  17  16  16  17  17  19  18  17  18
  19  19  20  20  21  21  22  22  23  23  23  23  19  20  19  18  19  19
  18  19  18  17  17  18  17  16  17  19  21  22  23  33 107 124 129 126
 125 125 126 127 126 125 125 126 128 129 130 129 130 130 130 128 127 128
 129 130 130 130 130 130 130 130 130 130 131 131 130 129 129 130 130 131
 132 132 132 132 133 133 132 132 132 132 132 132 133 132 133 132 132 132
 132  30]","[ 28  28  93  94  94  95  94  93  92  93  96  98  97  96  96  96  95  96
  96  97  97  97  97  98 100 102 104 103 102 102 103 103 104 104 105 105
 105 105 105 106 108 108 107 107 107 108 109 110 109 109 109 110 112 114
 114 112 112 112 112 112 113 114 114 113 113 110 117  70  29  25  20  22
  20  19  19  19  20  19  18  18  18  18  19  19  19  18  18  17  18  17
  16  16  16  16  16  16  16  17  17  17  17  16  17  17  20  18  17  17
  18  19  19  19  22  22  22  22  22  22  22  22  20  20  19  17  18  18
  17  18  19  17  16  17  16  15  16  18  17  20  23  58 119 124 125 124
 125 126 127 127 126 125 126 127 127 129 131 130 130 130 130 129 128 128
 129 130 131 131 131 131 131 131 131 131 131 131 130 130 129 130 131 133
 133 133 133 132 133 133 132 132 132 133 133 133 133 132 132 131 131 131
 131  29]","[ 30  29  93  94  93  93  93  94  94  95  96  97  97  97  97  97  95  96
  96  97  97  98  98  98 100 100 100 101 101 101 102 103 103 105 105 105
 104 105 105 104 106 107 108 108 107 107 109 110 109 109 109 110 112 112
 112 111 114 114 113 111 112 114 115 114 114 114 113  97  33  24  21  20
  20  19  19  20  20  18  17  17  18  18  19  19  19  18  17  16  16  16
  17  17  17  17  16  16  17  17  17  17  16  15  15  16  17  18  17  17
  19  20  20  21  24  23  22  22  21  21  20  20  19  19  17  16  16  18
  18  18  19  18  16  15  15  16  17  17  20  21  31  95 129 124 124 126
 126 126 126 128 128 127 127 128 128 129 130 130 130 129 129 129 129 130
 130 130 130 130 131 131 132 131 131 130 131 131 130 130 129 130 131 131
 132 132 132 132 135 135 134 134 133 132 132 133 133 131 131 130 130 130
 131  29]","[ 29  29  94  95  93  94  93  94  93  94  96  97  97  97  96  97  96  96
  96  97  97  98  98  98  97  98  99 100 101 101 102 102 102 104 104 104
 104 104 105 104 105 107 108 108 108 108 109 109 108 108 108 109 110 112
 112 112 113 113 113 111 112 113 115 115 115 113 114 105  48  20  23  22
  19  19  19  20  19  18  18  18  18  18  19  19  18  18  17  17  16  16
  16  16  16  16  16  16  15  16  16  16  15  15  15  17  18  18  17  17
  19  20  20  23  23  23  22  22  22  21  20  20  19  19  17  16  16  17
  18  18  17  17  17  16  16  17  17  18  20  20  50 110 125 121 124 122
 127 127 127 128 128 127 127 128 128 129 130 130 130 129 129 129 129 130
 131 131 131 131 131 131 131 131 131 131 132 132 131 130 131 131 131 132
 132 133 133 134 135 135 135 134 134 133 133 134 134 132 133 132 132 132
 133  29]","[ 29  29  94  96  94  94  93  94  93  94  96  97  97  97  96  96  97  97
  97  97  97  98  98  99  96  97  98  99 101 102 102 102 102 103 104 104
 104 105 105 105 105 106 108 109 109 108 108 109 108 108 107 108 109 110
 111 112 113 113 113 112 112 113 115 115 116 112 115 113  72  21  25  26
  20  20  20  20  19  18  18  19  19  19  19  18  17  17  17  17  16  16
  16  16  16  16  16  16  16  16  16  17  16  16  17  19  19  19  17  16
  18  19  20  22  22  22  23  22  22  21  20  20  19  19  18  16  16  16
  17  17  16  17  17  17  17  18  19  21  25  26  78 123 125 123 124 125
 128 128 128 128 128 127 128 129 129 129 129 129 130 130 130 129 129 130
 131 131 131 130 130 130 131 131 131 132 132 132 132 131 132 132 133 133
 133 133 135 136 135 136 136 135 135 134 135 135 135 133 134 133 134 134
 134  29]","[ 28  29  94  95  93  93  92  93  93  94  96  97  97  97  97  96  97  97
  97  97  97  97  98  99  98  98  99 100 101 102 102 102 102 103 103 104
 104 105 105 105 104 106 107 108 109 108 108 108 108 108 108 108 109 110
 111 112 113 114 115 114 113 113 114 115 117 113 114 115  92  33  24  26
  21  21  20  19  18  18  18  19  19  19  19  17  16  16  16  17  16  17
  17  17  17  17  17  16  17  17  17  17  17  17  19  20  20  20  18  16
  17  17  18  20  21  21  22  22  21  20  19  19  18  18  18  17  16  16
  16  17  16  17  18  18  18  19  21  23  27  35  96 121 127 124 123 127
 128 128 128 128 127 127 128 129 129 129 129 129 130 131 131 130 130 130
 131 131 131 131 131 131 131 131 131 132 132 132 132 132 133 133 134 133
 133 133 134 135 135 136 136 136 136 135 136 136 135 134 134 134 135 135
 135  29]","[ 29  29  94  95  92  93  92  94  94  94  95  96  96  96  96  96  96  96
  97  96  96  96  97  98 100 100 100 100 101 102 102 103 102 102 102 103
 104 104 105 105 105 105 106 107 108 108 108 108 108 109 109 109 110 110
 111 111 113 114 115 114 113 113 114 115 115 115 113 113 106  55  24  21
  23  22  20  18  18  18  18  18  19  19  18  16  16  16  17  18  16  16
  16  16  16  16  16  16  17  17  17  17  16  16  18  20  20  20  18  17
  17  17  17  19  19  20  21  21  20  19  18  17  18  18  18  17  16  16
  16  16  17  17  17  17  18  19  22  24  25  44 111 121 128 125 126 127
 127 128 128 127 127 127 129 130 129 129 129 130 131 132 131 131 131 131
 131 131 131 131 132 133 132 132 132 132 132 133 133 134 133 134 135 134
 133 133 133 134 135 136 136 136 136 136 136 137 137 136 136 135 136 137
 136  29]","[ 30  29  94  95  93  93  93  94  93  93  93  94  94  95  95  95  95  96
  96  96  96  96  96  97 100 101 101 100 100 101 102 103 103 102 102 103
 104 105 105 106 105 106 106 107 107 108 108 109 109 109 109 110 111 111
 110 110 111 112 114 114 113 112 114 115 114 116 114 113 114  82  37  19
  23  22  20  18  17  18  18  18  18  17  16  16  16  17  18  19  16  16
  16  16  16  16  16  16  17  16  17  16  16  16  17  19  19  20  19  18
  19  18  18  20  19  20  20  20  19  18  17  16  17  18  17  17  16  16
  16  16  16  16  16  16  17  19  22  24  24  58 124 129 127 126 131 125
 127 128 128 128 127 128 130 130 129 130 130 131 132 132 132 132 131 131
 131 131 131 132 132 133 133 133 133 133 133 134 135 135 135 135 135 135
 134 133 133 134 135 136 137 137 137 137 137 137 137 137 137 136 137 138
 137  29]","[ 30  29  94  95  94  94  93  94  94  93  92  93  93  94  94  94  95  96
  97  97  97  97  97  98  99 100 101 101 100 101 102 103 104 103 103 104
 105 105 106 106 106 106 107 107 108 108 109 109 109 109 109 110 111 111
 111 110 111 112 113 114 114 113 114 115 116 116 116 114 117 105  61  25
  21  22  22  19  18  18  18  18  19  17  16  15  16  17  18  18  17  17
  17  16  16  17  17  17  17  17  17  17  17  16  17  19  19  20  18  17
  19  18  18  20  20  20  19  19  19  18  17  16  17  17  17  16  16  17
  16  16  16  16  16  17  18  20  23  25  25  80 128 130 125 126 130 124
 128 129 129 129 129 130 130 130 129 130 131 132 133 132 132 132 132 132
 132 132 132 133 133 134 135 135 136 135 135 135 136 137 137 136 136 135
 135 135 135 136 136 136 137 138 138 138 138 138 137 137 139 138 138 139
 137  29]","[ 29  29  94  96  94  94  93  93  95  94  92  92  93  94  94  94  96  97
  99  99  98  98  98  99  97  99 101 101 101 101 103 104 104 102 102 104
 105 105 105 106 107 107 107 108 108 109 109 109 109 108 108 109 111 112
 111 110 112 113 114 115 115 113 114 115 117 115 116 114 116 115  81  33
  18  22  23  21  18  17  18  18  20  18  16  16  16  17  17  17  16  16
  16  16  16  16  16  16  16  16  17  17  17  17  18  19  19  19  18  17
  18  17  17  19  20  20  19  19  19  18  17  16  17  17  17  16  17  17
  17  16  16  16  16  18  20  22  24  25  33 103 130 129 128 130 129 130
 129 130 130 130 130 131 131 130 128 130 132 133 133 132 132 132 133 134
 134 135 135 135 135 136 136 137 138 138 137 137 137 138 138 137 136 135
 135 136 137 137 136 137 138 138 138 138 138 138 138 139 141 140 140 140
 138  29]","[ 28  29  92  92  93  94  92  91  89  90  92  93  95  96  96  96  98  96
  97  98  98  97  97  98  98  98  98  99 100 102 103 104 104 104 103 103
 103 104 105 105 106 106 107 107 107 108 108 109 110 110 111 111 111 110
 111 112 113 113 114 115 115 115 115 115 117 119 112 116 115 117 109  68
  24  21  21  22  20  17  19  20  19  18  17  16  17  17  16  16  16  16
  16  16  16  16  16  15  17  17  17  17  17  17  18  19  19  20  19  17
  16  17  18  18  18  18  18  18  18  17  17  16  16  16  16  16  16  16
  16  16  14  19  18  17  18  22  25  21  54 125 129 128 130 128 128 130
 130 130 131 131 131 131 131 131 130 131 132 133 133 133 134 134 133 135
 137 138 137 137 136 135 137 137 137 137 138 138 138 138 137 139 138 137
 138 137 136 137 136 138 138 137 137 138 139 140 139 139 139 140 139 138
 139  29]","[ 29  30  93  92  92  92  90  90  90  91  92  93  94  95  96  96  97  96
  96  97  97  97  96  97  98  99 100 100 100 101 102 103 103 103 102 103
 104 105 106 106 104 104 106 107 107 108 108 109 110 110 110 111 111 110
 111 112 113 114 114 115 116 116 116 116 115 117 114 117 115 117 118  95
  44  24  22  19  21  21  17  19  19  18  17  17  17  17  17  16  16  16
  16  16  16  17  16  16  17  17  17  17  17  17  18  18  20  20  20  19
  18  17  17  17  18  19  19  19  18  18  17  17  16  16  16  16  16  16
  16  16  16  16  17  19  21  22  24  24  77 130 130 129 130 129 129 130
 131 131 132 133 133 133 133 133 133 134 134 135 135 135 135 136 136 137
 138 138 138 138 137 136 138 138 138 138 139 139 139 138 138 139 138 137
 138 138 137 138 137 139 140 139 139 140 140 140 139 139 140 140 139 139
 139  29]","[ 29  30  93  92  91  91  90  91  91  92  93  93  94  95  96  96  96  96
  96  96  97  98  97  96  98 100 101 102 102 101 102 103 102 102 103 103
 104 105 106 106 103 104 106 107 107 108 109 109 109 109 110 111 111 111
 111 112 113 114 114 115 116 117 117 117 116 116 116 117 114 115 120 115
  72  27  20  21  21  22  18  20  18  18  17  17  17  17  17  16  16  16
  16  16  16  16  17  17  17  17  16  16  16  17  17  17  18  19  19  18
  18  17  17  16  18  18  18  18  18  18  17  17  16  16  16  16  16  16
  16  16  16  16  17  19  23  24  21  33 103 132 129 129 129 131 131 132
 131 132 133 135 135 136 136 136 136 136 137 137 137 136 137 137 138 138
 138 138 138 139 139 139 138 138 138 138 139 139 139 139 139 139 138 138
 139 139 138 139 139 141 142 142 141 142 142 142 141 141 141 142 141 140
 140  29]","[ 28  29  92  92  91  93  92  93  93  93  94  94  95  95  96  96  96  97
  97  96  98 100 100  98  99 100 102 103 104 103 103 103 102 103 103 104
 105 105 105 105 107 107 107 108 108 109 109 110 109 109 110 111 111 111
 112 113 113 114 114 115 116 117 117 117 118 116 116 116 115 115 116 117
 100  44  18  26  22  20  20  20  18  17  17  17  17  17  16  16  16  16
  16  15  15  16  17  18  17  16  16  16  16  17  16  16  15  17  17  17
  17  17  17  16  17  17  17  17  17  17  16  16  16  16  16  16  16  16
  16  16  15  17  19  17  21  24  16  50 124 131 128 129 128 132 132 133
 133 133 134 135 136 137 137 137 136 137 137 137 137 137 138 138 138 138
 138 138 140 141 142 141 138 138 138 139 139 140 139 139 139 140 139 139
 140 140 139 140 140 141 142 143 142 143 143 144 142 143 143 143 142 142
 141  29]","[ 29  29  91  91  92  95  94  95  95  95  95  95  96  96  96  96  96  97
  97  97  98 101 101 100 100 101 102 103 104 104 103 102 102 103 104 104
 105 105 106 106 109 109 109 109 109 110 110 110 110 110 111 112 112 112
 113 114 114 114 115 115 116 117 117 118 118 116 117 116 117 118 115 115
 119  79  24  23  24  20  19  18  18  17  17  17  17  17  16  16  16  16
  16  16  15  16  17  18  16  16  15  16  16  16  16  16  15  16  16  16
  17  17  17  16  16  16  17  17  17  16  16  16  16  16  16  16  16  16
  16  16  16  17  18  18  20  21  16  77 137 132 130 132 130 133 133 133
 135 135 135 136 136 137 137 138 136 137 137 138 138 138 138 139 139 139
 139 140 141 143 143 142 140 140 140 140 140 140 140 139 141 142 141 141
 142 142 140 141 141 141 142 142 142 142 143 144 143 144 143 143 143 143
 142  29]","[ 30  29  90  90  92  95  94  95  96  96  96  96  96  96  96  96  96  97
  97  97  98 100 101 101 101 101 101 102 103 103 102 101 102 103 104 105
 106 106 107 108 110 109 109 109 110 110 111 111 110 111 112 113 113 113
 114 115 115 115 115 116 116 117 117 118 117 117 119 117 117 118 116 117
 122 112  43  17  25  23  18  18  18  18  17  16  16  16  16  16  17  17
  17  16  16  17  17  18  16  16  16  16  16  16  16  16  16  16  16  16
  16  16  16  15  17  17  17  17  17  16  16  16  16  16  16  16  16  16
  16  16  17  16  16  20  21  16  33 105 137 132 132 134 133 134 135 136
 137 137 137 136 137 137 138 139 137 138 138 138 138 139 139 140 140 141
 141 141 142 143 143 142 144 143 143 142 142 142 141 140 142 144 143 142
 143 142 141 143 143 143 144 144 143 142 143 144 144 144 143 143 143 143
 142  29]","[ 29  29  90  89  90  93  93  94  96  96  96  96  96  96  95  95  96  96
  97  97  97  97  99 101 100 101 102 102 102 102 102 103 103 104 105 106
 106 107 108 109 109 109 109 110 111 111 111 110 111 111 112 114 114 114
 115 116 116 116 116 116 117 117 118 118 119 119 120 120 117 116 118 118
 120 123  75  26  21  24  20  19  19  18  17  16  16  16  17  17  17  17
  16  16  16  17  17  17  16  17  17  17  16  16  16  16  16  16  16  16
  16  17  16  15  17  17  17  17  17  16  16  16  16  16  16  16  16  16
  16  16  16  17  17  20  22  16  66 125 133 132 133 134 136 136 137 138
 138 138 138 137 138 138 138 139 138 139 139 139 139 139 140 141 141 142
 143 143 143 144 144 144 145 145 144 144 144 144 143 142 143 144 143 141
 141 140 140 143 144 144 144 145 145 143 144 145 144 144 143 142 143 144
 143  29]","[ 28  29  91  89  89  91  92  94  95  96  96  96  96  96  95  94  97  97
  97  98  97  96  98 100 100 101 103 103 102 102 103 105 105 105 106 106
 106 107 108 109 109 109 110 111 112 112 110 109 112 112 113 114 114 114
 115 116 117 117 117 117 117 118 118 118 119 118 118 121 119 117 122 120
 121 121 105  43  18  20  22  20  20  19  17  16  16  16  17  18  17  16
  16  16  16  16  16  15  16  17  17  17  16  16  16  16  16  16  16  17
  17  18  18  17  17  17  17  16  16  16  16  16  16  16  16  16  16  16
  16  16  14  19  19  19  22  18  94 133 132 135 135 135 138 136 136 138
 138 138 138 138 138 138 138 138 139 139 140 139 139 139 140 141 141 143
 143 143 143 144 145 145 145 145 145 145 145 145 144 143 143 144 142 140
 139 138 139 142 141 142 143 145 145 144 144 145 145 145 143 143 143 145
 144  30]","[ 28  29  90  91  91  91  92  93  94  93  94  97  97  96  95  95  97  98
  98  98  99  99 100 100 100 101 102 102 102 102 104 105 106 106 107 109
 109 107 106 108 110 109 109 110 113 114 113 111 115 114 114 114 113 113
 114 115 118 118 117 117 119 120 121 120 119 119 119 120 121 121 122 121
 123 119 121  74  17  20  21  19  20  19  17  17  17  16  16  17  16  16
  16  16  16  16  16  16  16  17  17  17  17  16  16  16  16  17  18  19
  19  18  17  17  15  16  16  16  16  16  16  16  16  16  16  16  16  16
  17  17  18  16  21  19  19  27 117 138 137 137 137 137 137 137 138 138
 137 138 139 139 139 139 139 140 141 141 142 142 142 142 142 143 143 144
 144 145 146 146 146 146 146 146 146 145 145 144 144 144 145 144 142 139
 137 138 139 140 143 144 144 145 145 146 145 144 145 145 143 144 144 145
 145  28]","[ 29  30  91  93  94  94  94  95  94  93  94  96  97  96  95  95  97  98
  99 100 100 100 101 101 101 102 102 102 102 103 105 106 106 106 107 109
 109 108 107 108 110 110 110 111 113 114 113 112 113 113 113 114 114 114
 115 117 117 116 116 117 119 122 123 122 121 120 120 120 121 122 123 123
 123 120 120  98  42  21  21  21  20  18  17  17  17  16  16  16  16  16
  16  16  16  16  16  16  16  16  16  16  16  16  16  16  17  18  19  19
  18  17  16  16  16  16  16  16  16  16  16  16  16  16  16  16  16  16
  17  17  18  18  20  18  20  49 129 139 138 138 138 138 138 138 139 140
 138 138 139 139 139 140 141 142 142 142 143 143 143 143 144 145 144 145
 145 146 146 146 146 146 147 147 147 146 146 146 146 146 146 145 143 140
 139 139 141 141 143 144 145 146 146 147 147 146 146 147 145 146 145 146
 146  29]","[ 29  30  91  94  95  95  95  95  94  94  95  96  96  96  96  96  97  99
 100 100 100 101 102 102 102 103 103 103 103 104 106 108 107 106 107 108
 109 108 108 109 110 110 110 111 112 113 113 113 113 113 114 115 115 116
 116 117 118 118 118 118 119 121 122 121 123 122 121 121 121 123 124 125
 123 122 122 117  72  19  21  20  20  18  17  16  16  16  16  16  16  16
  16  16  16  16  17  17  16  16  16  16  17  17  17  16  17  18  19  19
  17  16  15  16  17  16  16  16  16  16  17  17  17  16  16  16  16  16
  17  17  18  18  19  19  20  69 138 139 138 138 138 138 138 139 140 140
 138 139 139 140 140 141 143 144 143 143 143 143 143 144 145 146 145 145
 146 146 146 146 146 146 147 147 147 147 147 146 146 146 146 146 145 143
 142 142 143 144 144 145 146 146 146 147 147 146 147 147 146 146 145 146
 146  29]","[ 28  29  90  93  95  95  94  94  94  94  95  96  96  96  97  97  97  99
 101 101 100 101 102 102 104 104 104 104 105 106 107 108 108 107 106 107
 108 109 109 110 111 111 111 111 111 112 113 114 113 114 114 116 116 116
 116 117 118 119 119 119 120 121 121 121 123 123 122 122 122 123 125 126
 124 123 124 120  98  23  20  21  20  18  17  16  16  16  16  16  16  16
  16  16  16  17  17  17  17  16  16  16  18  18  18  17  16  17  18  18
  17  16  16  16  17  17  17  16  17  17  17  17  17  17  16  16  16  16
  17  17  18  17  19  22  19  76 138 139 138 138 139 139 140 140 140 140
 140 140 141 141 142 143 144 145 144 144 144 144 145 145 146 146 146 146
 146 147 147 147 147 147 148 148 147 147 147 147 145 145 146 146 145 145
 144 145 146 146 145 146 147 146 146 146 147 147 147 148 146 146 144 145
 146  29]","[ 29  29  90  92  94  94  93  93  93  94  95  96  96  96  97  97  97  99
 101 101 101 101 102 102 103 104 104 105 105 105 106 107 109 107 106 107
 108 109 110 111 112 112 111 111 111 112 113 114 114 114 115 116 117 116
 116 116 116 118 120 121 122 123 123 123 123 123 123 122 122 123 124 125
 125 125 124 121 117  41  19  23  21  19  18  17  16  16  16  16  16  16
  16  16  16  17  17  17  16  16  15  16  17  18  18  17  17  17  18  17
  16  16  16  17  17  17  17  17  17  17  17  17  17  17  16  16  16  16
  17  17  18  16  21  22  21  80 138 140 139 139 141 142 142 142 141 141
 141 142 143 144 144 144 144 145 145 146 146 146 146 146 146 146 147 146
 147 147 148 149 149 149 148 148 149 149 149 148 146 145 145 145 145 145
 145 146 146 146 146 147 147 146 145 147 148 149 149 149 147 147 146 146
 146  29]","[ 29  29  89  91  92  92  92  93  92  94  95  96  96  97  97  97  98 100
 102 102 102 102 103 103 103 103 104 105 104 105 105 106 109 108 107 107
 108 110 111 111 111 110 110 110 111 112 113 114 115 115 115 117 117 117
 117 117 117 119 121 122 123 123 123 123 123 123 123 123 123 124 124 125
 126 126 123 126 126  70  19  19  22  20  18  17  17  16  16  16  16  16
  16  16  16  17  17  17  16  16  16  16  17  18  18  18  17  17  17  17
  16  16  16  16  17  17  17  17  17  17  16  16  17  16  16  16  16  16
  17  17  16  17  20  20  23  86 141 139 139 140 142 143 143 143 142 142
 143 144 145 145 145 145 145 145 145 145 145 146 147 147 147 146 147 146
 146 147 149 149 149 149 148 148 149 150 150 149 148 146 145 146 145 145
 145 146 145 145 146 146 146 145 146 148 149 150 150 150 148 149 148 148
 147  29]","[ 29  29  89  91  92  92  92  93  93  94  96  96  97  99  98  97  98 100
 102 102 103 103 103 103 103 104 105 105 104 105 106 107 109 109 108 108
 110 111 111 111 110 110 110 110 112 113 114 115 116 115 115 117 118 118
 117 117 120 122 123 123 122 122 123 123 124 124 124 124 125 125 125 125
 127 128 125 127 129 100  33  16  23  21  19  18  17  16  15  16  16  16
  16  16  16  16  17  17  17  17  17  17  18  18  19  19  17  17  16  16
  16  16  16  16  17  17  17  17  17  16  16  16  16  16  16  16  16  16
  17  17  16  19  18  20  24  88 140 138 141 141 142 143 143 143 143 143
 145 145 146 146 146 145 146 146 145 145 145 146 147 148 148 148 148 147
 147 148 149 150 150 150 149 149 149 150 151 151 149 148 147 147 146 146
 146 146 146 145 146 146 146 146 148 150 151 151 151 151 149 149 149 149
 148  29]","[ 29  30  91  93  93  93  94  95  94  95  97  97  99 100 100  98  97  99
 101 102 103 104 104 104 103 105 105 105 105 105 107 109 109 109 109 110
 111 112 111 110 110 110 111 112 114 116 117 117 117 116 116 117 118 118
 117 117 122 123 124 123 122 123 123 124 126 125 125 125 125 126 126 126
 128 130 129 125 132 121  56  20  24  22  19  18  17  16  15  15  16  16
  16  16  16  16  17  17  16  16  16  17  17  18  18  19  16  16  15  15
  16  17  17  16  18  17  17  16  16  16  16  16  16  16  16  16  16  16
  17  17  18  22  18  24  24  85 136 139 143 143 143 143 144 144 144 144
 146 146 146 146 146 146 146 147 147 146 146 147 148 150 151 151 150 149
 149 150 151 152 152 151 152 152 151 151 152 152 151 150 148 148 147 147
 147 148 148 147 148 149 149 149 151 152 153 152 152 151 149 150 150 151
 149  29]","[ 28  31  91  92  94  93  94  95  96  96  96  97  97  96  96  97  97  99
 101 103 104 104 103 102 103 104 106 106 107 108 109 109 109 110 111 110
 111 111 112 112 111 112 113 114 116 117 118 117 117 118 118 118 117 118
 119 121 123 124 124 124 124 124 126 128 128 128 127 126 126 126 127 128
 131 129 129 131 127 129  90  30  23  23  19  22  17  17  14  19  16  16
  16  16  16  16  16  16  15  16  17  18  17  17  17  18  16  16  16  15
  15  16  17  18  18  18  17  16  15  16  16  16  16  16  16  16  16  16
  16  16  17  19  23  21  23  82 135 141 142 143 144 145 145 145 145 144
 145 146 146 146 146 147 147 147 149 148 147 148 149 150 150 151 149 150
 152 152 151 150 151 151 153 153 153 153 153 153 152 151 150 149 148 148
 148 148 147 147 150 151 151 151 152 152 152 152 150 152 151 151 149 151
 150  26]","[ 31  25  94  91  94  94  94  91  95  96  97  97  97  97  97  98  99 100
 102 103 104 105 105 104 106 108 109 108 108 109 109 108 110 111 111 111
 111 112 113 113 112 112 114 115 117 118 117 117 116 117 118 118 119 120
 121 123 123 124 124 125 125 126 127 129 129 129 129 128 128 128 129 130
 129 130 131 129 128 132 111  47  20  25  19  17  18  20  16  13  16  16
  16  16  16  16  16  16  13  14  15  16  17  17  17  17  17  18  18  18
  18  18  18  19  19  18  18  17  17  17  17  17  17  17  17  17  17  17
  17  17  18  19  22  23  20  78 143 144 142 144 145 145 145 146 146 146
 145 146 146 147 148 148 148 149 151 151 150 150 150 151 152 152 150 152
 153 153 153 153 153 154 154 154 154 154 155 154 154 153 152 151 151 150
 151 151 150 150 151 151 152 152 153 153 153 153 155 149 153 149 149 150
 152  30]","[ 30  28  94  91  93  94  95  95  94  96  97  97  98  99 100  99 101 102
 102 103 104 105 106 105 105 107 108 108 108 109 109 109 111 112 112 112
 112 112 113 113 114 114 115 117 118 119 118 116 117 117 118 119 121 122
 123 124 123 123 124 124 125 126 127 129 129 129 130 130 130 130 130 131
 129 130 130 128 129 129 129  71  17  22  24  20  20  16  15  15  16  16
  16  16  16  15  15  15  16  16  17  19  20  20  19  19  16  16  16  17
  17  17  16  16  16  16  16  15  15  15  15  15  16  16  16  16  16  16
  16  16  19  20  22  22  19  75 140 139 144 145 146 147 147 147 147 147
 147 147 148 149 150 151 151 152 151 151 151 150 150 150 151 151 151 152
 153 153 153 153 153 154 154 153 153 154 154 154 153 153 152 152 151 151
 151 151 151 151 151 151 151 152 152 152 152 152 151 154 147 151 158 149
 149  27]","[ 27  34  91  94  96  93  92  94  94  97  98  98  98 101 102 100 102 102
 102 101 102 104 105 105 105 107 108 109 109 110 111 111 112 113 114 114
 113 114 114 113 115 115 115 117 119 119 119 118 118 117 118 119 120 121
 122 122 123 124 124 125 125 126 127 128 128 129 130 130 130 130 130 130
 131 130 129 129 131 126 132  98  29  17  22  16  18  17  18  17  15  15
  15  15  15  15  15  15  15  15  16  17  19  19  18  16  17  17  17  17
  18  18  17  16  16  17  17  17  17  16  16  16  17  17  17  17  17  17
  17  17  13  18  26  22  20  73 138 146 144 145 146 146 146 147 147 147
 147 147 148 149 150 151 152 152 152 152 152 151 151 151 151 152 152 153
 154 154 153 153 153 154 153 153 153 153 154 154 153 153 153 153 152 152
 152 152 152 152 152 152 152 152 152 152 152 152 150 155 152 154 148 152
 158  30]","[ 29  29  92  92  94  95  96  98  95  98  99  98  99 101 102 101 102 102
 101 101 102 104 105 105 106 107 108 108 108 109 109 109 110 112 113 114
 114 114 113 113 113 113 113 115 117 119 119 119 122 121 120 121 122 123
 124 124 124 124 125 126 127 128 129 129 128 129 130 131 131 131 131 131
 130 130 130 130 134 129 131 121  48  17  26  19  17  17  15  12  16  16
  16  16  16  16  16  16  17  17  17  18  20  20  19  17  16  17  15  17
  16  17  16  16  15  16  15  15  15  15  15  15  15  15  15  16  15  16
  15  15  18  18  20  22  20  68 142 147 144 146 147 148 148 149 150 150
 149 149 150 151 151 152 152 152 153 153 153 153 152 152 153 154 154 154
 154 154 154 154 154 155 154 154 154 154 154 155 154 154 154 154 154 153
 152 152 152 152 153 153 153 153 153 153 153 152 156 150 152 153 153 154
 150  27]","[ 31  23 101  95  93  94  95  94  94  96  98  97  98  99 100  99 101 101
 101 101 102 104 105 106 105 106 107 107 108 109 109 109 110 112 114 114
 115 115 115 114 115 115 115 117 119 121 123 123 123 122 121 122 123 124
 124 124 123 124 124 125 126 127 128 129 130 131 132 132 132 132 132 132
 129 133 133 130 134 133 129 131  71  20  21  20  19  17  16  18  14  14
  14  14  13  13  13  13  16  15  16  17  18  19  18  17  17  16  16  16
  16  16  16  16  16  16  16  16  16  16  16  16  16  16  16  16  16  16
  16  16  16  15  17  27  15  53 140 141 144 146 147 148 149 151 152 152
 150 151 151 151 152 152 152 152 152 152 153 153 153 153 153 154 153 154
 154 154 155 155 155 156 155 154 154 154 154 155 154 154 154 154 153 153
 152 152 152 152 152 153 153 153 153 153 153 153 152 154 154 152 155 150
 157  30]","[ 29  30  91  93  94  95  94  95  97  98  99  99 100  99 100 100 101 102
 102 102 103 104 105 105 105 107 108 108 108 109 110 110 110 112 113 113
 113 114 114 114 114 115 115 116 117 118 120 121 123 122 122 123 123 124
 124 124 125 125 126 127 127 128 128 128 130 131 132 132 132 132 132 132
 131 133 133 130 132 132 129 130  87  36  20  19  21  17  15  15  16  16
  16  15  15  14  14  14  16  15  15  16  17  17  17  16  16  16  16  15
  15  15  16  16  16  16  16  16  16  16  16  16  16  16  16  16  16  16
  16  16  17  18  20  23  15  46 127 147 146 148 149 149 150 151 152 152
 151 151 151 151 151 151 151 151 153 153 153 154 154 154 154 154 154 154
 155 155 155 156 156 156 156 155 155 155 155 155 155 155 154 154 154 154
 153 153 153 154 154 154 154 154 154 154 154 154 153 154 154 155 153 155
 151  28]","[30 29 31 28 28 30 27 31 28 28 29 30 29 28 29 30 28 29 29 29 29 29 29 29
 28 29 30 29 28 29 29 29 29 29 30 29 29 29 29 29 28 29 30 30 29 29 30 30
 29 29 29 29 29 29 29 29 29 29 29 29 29 29 29 28 28 29 29 30 29 29 29 29
 30 27 27 28 31 28 30 29 30 27 30 30 29 28 32 28 29 29 29 29 28 28 28 28
 30 29 29 29 29 29 29 29 29 29 29 29 29 29 29 30 29 29 29 29 29 29 29 29
 29 29 29 29 29 29 29 29 29 26 30 29 30 28 31 28 28 29 30 29 29 29 29 29
 29 29 29 29 29 29 29 29 29 29 28 29 29 29 29 28 29 29 28 28 29 29 29 29
 29 29 28 28 29 29 29 28 29 29 29 29 28 28 29 30 29 29 29 29 29 28 28 28
 29 30 28 27 31 30 26 30]"
