"[29 31 29 31 30 31 28 28 30 29 29 29 29 28 29 30 30 30 29 28 29 30 30 29
 29 30 29 28 28 29 29 29 30 29 30 31 28 29 30 27 30 29 29 29 29 29 28 29
 30 29 31 30 29 29 28 30 29 28 29 29 29 28 29 32 29 28 28 28 29 29 29 30
 28 28 29 29 29 29 30 30 30 30 29 29 29 29 29 29 29 29 29 29 29 29 29 29
 29 29 29 29 28 28 29 30 30 29 29 29 30 30 29 28 29 29 29 30 30 29 29 29
 29 28 28 29 30 29 29 29 28 29 29 29 29 29 29 29 29 29 29 29 29 29 29 29
 29 29 29 29 29 29 29 29 29 29 29 29 29 29 29 29 29 28 28 29 29 29 28 28
 29 30 29 29 29 29 30 29 30 29 28 28 29 29 29 30 30 30 29 29 28 28 29 30
 30 30 29 28 30 33 28 32]","[32 26 30 27 26 27 35 29 29 29 30 30 30 29 28 27 26 29 30 30 30 30 29 28
 27 30 31 31 30 29 29 29 29 28 28 29 28 29 31 31 28 28 29 29 30 29 30 30
 28 26 29 29 29 30 29 30 30 29 29 30 30 28 27 27 30 29 29 30 30 29 29 29
 30 29 29 29 29 28 27 27 28 28 28 28 29 29 29 29 30 29 29 28 28 29 29 29
 29 30 30 31 30 29 29 28 29 30 30 29 28 28 29 30 30 29 29 28 28 28 28 28
 30 29 29 29 29 28 28 29 30 30 30 30 29 29 28 28 30 30 29 28 28 29 29 29
 29 29 29 29 29 29 29 29 29 28 28 28 29 29 28 27 30 29 28 29 30 30 30 30
 30 29 29 29 29 29 29 29 27 28 29 31 31 30 28 27 26 28 30 31 30 29 28 29
 26 28 30 33 26 28 31 26]","[ 30  33 105 108 107 107 110 108 111 110 108 105 106 108 111 111 119 129
 139 145 148 152 159 165 165 168 169 168 164 161 160 160 159 159 159 158
 155 150 147 149 156 156 157 156 155 153 153 153 155 152 152 150 150 150
 147 147 146 143 139 137 138 140 141 141 137 136 136 136 136 134 132 132
 132 131 130 130 129 128 125 124 123 122 120 119 117 115 113 111 109 107
 105 103 101 100  99  98  91  92  94  95  96  96  96  96  94  94  93  91
  88  87  88  89  87  88  89  89  88  87  84  83  85  84  84  83  82  82
  83  84  83  84  85  85  86  87  87  87  85  86  85  84  84  85  86  86
  84  84  85  85  86  86  86  86  87  87  85  84  83  82  80  78  78  76
  74  73  73  73  72  72  67  66  65  66  67  65  64  65  66  61  56  53
  53  56  61  64  65  66  69  71  74  76  79  81  85  83  81  87  89  92
  84  31]","[ 30  26 118 112 111 115 115 119 117 118 116 114 113 114 114 111 111 110
 110 112 116 118 116 114 124 129 135 140 145 152 158 162 160 162 162 162
 161 154 150 154 158 158 159 160 158 157 157 158 157 154 154 152 153 155
 153 153 150 149 148 147 147 146 143 140 143 142 142 142 142 140 139 139
 139 138 137 137 136 134 131 129 132 132 131 130 128 126 124 123 124 122
 118 116 114 111 109 107 103 103 103 103 103 103 103 104 101 100  98  96
  96  95  94  93  93  92  91  89  88  88  88  88  87  87  86  86  85  85
  86  87  87  87  86  86  86  85  85  84  86  86  85  84  83  83  83  83
  81  82  83  84  84  85  85  85  86  86  87  87  87  87  86  86  87  84
  81  79  78  77  76  75  72  71  72  73  72  68  67  68  66  65  65  66
  66  64  62  62  59  59  59  60  62  64  66  67  67  73  77  77  75  79
  82  28]","[ 30  32 121 120 121 117 122 119 120 120 118 115 115 118 118 116 115 116
 117 115 113 111 111 113 113 114 114 113 113 116 118 120 124 126 129 134
 140 142 146 154 166 166 166 165 163 161 161 162 159 157 158 155 155 157
 154 153 153 153 153 153 152 151 148 146 145 144 144 145 145 145 146 146
 145 144 144 144 144 143 140 138 139 139 139 139 138 137 136 135 136 135
 133 131 130 128 126 124 122 121 118 115 112 110 108 107 103 102 102 102
 103 103 102 100  97  97  97  97  96  95  94  94  92  90  89  90  90  90
  89  88  88  88  88  87  87  86  85  85  87  87  86  84  83  82  81  80
  81  81  82  82  83  82  82  82  83  84  86  86  86  87  88  89  87  85
  82  81  81  81  81  82  80  80  82  82  79  75  73  75  76  73  71  70
  69  68  68  69  65  63  63  64  64  63  60  58  60  55  56  56  60  61
  66  28]","[ 28  32 137 133 131 127 129 133 125 122 117 113 113 116 119 120 117 115
 114 116 118 117 116 115 115 115 114 113 113 113 113 113 109 109 109 111
 113 113 114 118 120 123 128 135 142 149 154 158 158 159 161 160 160 162
 159 159 159 156 155 154 152 151 151 152 152 151 150 151 151 150 150 150
 152 151 150 151 151 151 149 147 147 147 146 146 145 144 143 142 143 142
 142 141 140 139 137 136 135 134 132 130 128 125 123 121 115 116 116 115
 112 109 107 107 103 103 103 102 102 101 100 100  97  95  94  94  94  93
  91  89  89  89  89  89  89  89  89  89  86  87  86  85  85  84  83  82
  85  85  85  85  84  82  81  80  81  82  83  83  82  81  82  83  85  83
  82  82  82  82  83  84  82  83  84  84  81  78  77  78  78  77  77  78
  77  75  73  71  72  69  68  68  69  68  65  63  65  62  63  58  59  58
  58  28]","[ 31  26 153 146 147 150 142 145 142 140 138 136 133 131 128 126 123 123
 124 123 119 116 117 119 117 118 118 117 117 116 115 114 116 115 116 117
 116 115 115 113 112 112 113 114 115 117 118 120 129 131 136 136 139 145
 147 149 154 154 156 161 161 157 155 156 154 154 154 155 155 154 152 152
 155 154 153 153 154 154 153 152 150 150 150 150 150 150 150 150 148 147
 147 146 145 144 143 142 140 139 138 137 137 137 137 136 133 132 131 129
 126 122 118 116 117 114 109 105 104 105 107 109 106 105 104 103 103 101
  99  97  98  97  96  94  93  91  90  89  88  88  88  87  87  87  86  85
  87  87  87  87  86  84  83  82  82  81  81  81  82  83  83  84  84  84
  83  83  83  82  82  83  83  83  84  83  82  81  81  81  80  80  80  81
  81  80  78  78  81  78  75  74  74  73  72  71  67  68  65  59  61  65
  64  30]","[ 30  29 165 164 165 162 162 157 157 155 153 153 151 148 145 144 143 139
 134 133 132 131 129 128 124 125 125 124 123 122 121 121 121 117 117 118
 117 120 122 119 118 117 116 116 116 116 117 118 114 114 115 110 108 112
 114 117 118 118 124 136 143 146 148 153 154 155 157 160 161 160 159 158
 156 155 153 153 154 155 154 154 154 154 153 153 154 154 154 153 153 153
 153 153 152 152 151 151 150 148 145 144 144 145 145 146 143 141 139 139
 140 139 135 131 130 130 130 129 126 122 118 116 115 114 113 113 111 109
 108 107 105 105 103 102 101  99  98  98  96  95  94  92  90  89  88  87
  88  89  89  90  89  89  88  87  88  86  84  83  84  84  83  82  82  83
  83  83  82  81  81  82  80  80  80  79  80  81  82  81  82  80  80  80
  81  81  82  82  82  81  82  82  82  80  78  78  75  75  71  72  70  68
  66  29]","[ 29  28 176 173 174 173 174 176 177 177 174 170 166 164 164 164 159 159
 158 156 154 152 150 148 143 144 143 140 138 137 135 132 132 130 128 127
 129 132 132 130 128 126 121 118 121 127 127 122 120 121 121 120 118 117
 117 117 116 116 115 114 112 110 110 111 114 123 126 125 124 130 142 146
 151 155 159 159 159 160 158 155 155 156 157 157 157 159 159 158 157 156
 156 155 155 155 154 154 155 155 154 153 152 153 153 152 150 150 148 147
 147 145 143 144 144 146 146 143 138 138 136 130 131 130 129 129 126 121
 117 115 117 113 113 111 107 108 108 104 104 103 102 102 100  98  95  94
  95  93  92  92  93  93  92  91  89  88  89  88  86  86  88  87  86  84
  84  86  85  82  81  82  82  80  79  80  81  82  82  81  81  80  79  79
  79  81  82  82  80  79  80  81  80  79  81  81  81  82  77  76  79  81
  79  29]","[ 29  29 178 176 177 176 177 178 180 181 180 178 177 177 178 179 173 172
 170 168 168 168 166 165 162 162 160 157 154 152 149 147 146 146 145 142
 138 137 137 137 139 138 136 134 135 137 135 131 132 131 130 129 127 125
 124 123 119 121 122 120 115 111 111 113 117 119 116 114 112 111 113 112
 115 116 118 120 126 134 142 146 149 152 155 158 161 163 163 162 163 160
 157 156 157 158 157 157 157 156 155 154 154 155 155 155 156 156 153 152
 153 152 151 151 150 148 147 146 145 146 146 144 142 140 139 138 137 136
 135 135 135 131 127 123 118 118 118 114 113 112 111 110 109 107 105 104
 102 101 100 100 100  99  97  95  94  93  94  93  91  90  90  88  87  87
  88  89  88  86  85  86  83  82  82  84  85  85  83  81  81  81  80  79
  79  80  80  80  81  80  81  80  79  80  82  81  79  81  78  78  81  81
  80  29]","[ 29  29 179 178 179 178 179 179 179 180 180 179 179 180 181 181 181 180
 178 178 179 180 179 177 178 177 175 172 170 169 166 164 165 166 166 162
 156 152 151 150 144 144 144 144 145 144 142 139 138 137 136 136 137 137
 135 133 133 131 130 129 128 126 124 123 120 119 116 117 118 115 114 111
 114 115 115 115 114 112 112 113 110 112 117 123 128 131 134 135 145 151
 158 163 165 164 163 163 159 159 158 158 158 157 157 157 157 158 157 157
 158 157 155 155 155 153 153 155 154 153 151 149 150 149 147 145 145 146
 147 147 141 141 141 140 137 136 133 128 131 129 127 125 123 119 115 113
 114 112 108 106 106 105 105 104 103 101 101 100  97  96  95  93  90  90
  90  91  89  88  87  87  90  89  88  87  87  86  83  81  82  82  82  82
  82  82  82  81  81  80  80  79  79  80  81  80  79  80  78  80  81  80
  79  29]","[ 29  29 179 179 180 179 179 179 179 180 181 180 179 180 180 180 180 180
 181 182 183 183 181 179 182 182 180 178 178 179 178 176 178 177 176 175
 173 171 168 165 165 164 164 162 159 156 154 155 152 151 149 148 147 145
 142 139 138 135 132 133 136 138 137 135 132 133 130 132 131 128 127 124
 123 122 122 122 120 116 115 117 114 111 109 109 110 109 109 110 106 113
 121 126 129 133 139 144 154 155 158 160 161 160 160 162 156 160 161 162
 163 161 158 158 156 155 156 158 157 158 157 155 152 153 154 155 155 154
 151 149 153 152 151 149 147 147 146 144 142 140 139 138 137 134 130 128
 127 124 121 118 117 117 116 115 111 110 109 107 103 102 102 100  99  97
  97  99  99  96  95  96  94  92  90  89  89  89  88  87  83  83  82  82
  83  82  81  81  82  79  79  81  80  81  82  81  80  80  79  81  81  80
  79  29]","[ 30  29 179 178 179 178 178 179 180 181 181 181 181 182 182 182 180 181
 183 183 183 183 182 181 182 182 181 181 182 183 183 182 181 180 179 179
 181 181 178 176 177 176 176 174 171 168 168 169 170 169 167 165 162 159
 155 153 152 150 147 145 143 142 140 140 136 138 137 136 136 135 136 133
 133 130 129 129 126 122 122 124 122 118 116 117 120 119 118 117 117 115
 112 109 106 107 109 112 115 119 124 129 133 136 141 146 152 157 160 161
 162 161 160 161 162 162 161 158 155 157 159 157 159 158 157 155 154 154
 154 154 156 156 155 153 153 153 152 151 149 148 148 148 147 145 142 140
 137 137 137 137 136 133 130 127 122 121 121 118 114 111 111 109 109 105
 104 107 108 105 103 104 105 102  99  97  96  96  96  95  94  93  92  91
  90  90  89  88  86  81  81  84  84  82  83  84  82  81  80  81  80  80
  81  29]","[ 30  30 179 178 179 178 178 179 179 179 180 180 180 180 181 180 181 182
 182 181 181 181 182 183 183 183 182 181 181 183 182 181 180 181 182 181
 181 181 181 181 179 180 181 181 180 179 180 181 177 178 177 177 175 174
 173 172 175 172 168 166 163 159 155 152 155 155 150 147 145 143 142 137
 138 138 138 140 138 133 130 130 130 128 128 129 130 128 124 121 121 122
 121 120 117 115 114 114 113 114 113 110 108 109 112 114 110 113 116 119
 123 127 130 134 147 154 162 164 163 165 165 161 161 160 160 159 157 155
 154 155 154 158 158 158 159 158 154 153 155 154 154 153 152 150 148 147
 147 148 148 148 148 146 143 141 138 138 139 137 132 128 126 122 120 115
 113 115 114 110 107 107 111 109 107 105 105 104 103 101 100  99  98  97
  96  95  95  94  91  86  86  90  89  87  86  87  84  83  82  83  82  83
  83  28]","[ 30  30 180 179 179 179 179 179 180 180 180 179 179 180 180 179 180 181
 180 179 179 180 181 182 182 182 182 181 181 182 181 180 180 182 183 182
 181 181 182 182 181 182 182 181 181 180 180 180 181 181 181 181 180 179
 179 178 180 177 175 176 179 179 175 172 167 167 164 165 165 164 165 163
 157 155 154 153 150 147 145 144 142 141 140 139 138 136 133 130 129 129
 129 128 126 125 124 124 123 123 120 115 114 116 117 116 116 115 111 108
 108 107 106 108 108 107 107 107 111 124 138 145 149 152 158 163 162 157
 155 156 160 162 160 158 160 160 158 159 155 155 155 155 155 154 155 155
 156 155 153 152 152 152 153 153 152 151 152 151 148 146 143 139 137 135
 133 131 129 126 123 121 116 115 114 114 114 114 113 111 110 109 108 107
 106 105 104 104  99  97  97  98  96  95  94  92  90  90  89  89  87  89
  87  28]","[ 29  29 179 179 180 179 179 179 179 179 179 178 179 180 180 180 179 180
 180 180 181 182 182 181 180 182 182 181 182 183 183 182 181 181 181 181
 182 183 183 182 182 182 182 181 181 183 183 182 182 181 181 181 182 182
 181 181 180 179 179 179 180 180 180 180 176 177 176 178 176 172 175 177
 172 171 171 170 168 165 162 160 159 158 155 149 145 145 145 145 144 141
 138 138 139 138 134 129 130 130 127 123 124 127 127 124 122 120 116 114
 116 117 116 116 113 113 115 116 114 114 116 116 116 113 113 117 120 123
 131 141 146 152 154 156 161 161 158 159 160 159 157 156 154 154 155 157
 159 159 158 157 157 158 158 158 158 156 155 155 155 155 154 151 148 151
 150 145 143 144 142 138 138 135 132 129 127 125 122 120 118 117 115 113
 110 108 106 105 107 108 108 105 103 103 102  97  97  97  97  96  94  95
  91  29]","[ 29  29 181 180 179 178 179 179 179 179 179 179 179 179 179 180 180 181
 181 182 182 182 182 181 181 182 182 182 182 181 181 182 181 182 182 181
 182 182 182 182 182 182 182 182 183 183 182 182 182 182 183 183 183 183
 183 183 181 180 180 181 181 181 180 181 180 180 180 180 179 179 179 178
 176 176 176 175 175 174 173 173 171 172 170 166 163 161 160 158 154 155
 156 156 153 149 146 144 143 140 136 135 134 134 132 130 131 130 130 129
 127 126 123 122 121 119 118 120 120 118 116 115 114 114 112 114 115 114
 115 113 114 112 114 118 119 121 129 139 146 146 150 158 162 161 160 162
 164 160 158 157 156 157 160 161 161 160 157 157 159 158 156 158 159 155
 155 155 154 154 154 150 149 149 148 145 141 138 138 140 134 131 130 128
 122 120 121 119 121 118 114 110 107 109 110 107 105 104 105 104 104 100
  99  28]","[ 29  29 181 180 180 179 180 180 180 180 180 179 179 178 179 181 181 181
 181 182 182 182 182 182 181 181 182 182 182 182 181 181 181 182 182 182
 182 182 182 182 182 182 182 182 182 182 182 182 182 182 182 182 182 182
 182 182 181 180 180 181 181 181 181 181 181 181 181 181 181 180 180 180
 180 180 180 180 179 179 178 178 179 178 177 176 177 178 174 170 172 170
 168 169 170 169 165 162 161 158 155 153 152 151 149 147 141 140 138 137
 136 135 134 133 129 126 124 126 128 130 131 131 122 121 117 117 117 117
 118 117 113 111 111 114 116 115 112 109 106 110 114 117 121 128 136 143
 144 147 155 160 161 163 165 165 164 163 161 161 162 161 161 163 162 160
 160 161 160 161 161 159 153 153 154 157 158 157 154 152 155 147 145 148
 146 143 140 137 136 134 132 127 123 121 120 117 111 110 111 111 112 110
 108  31]","[ 29  29 181 181 181 180 181 181 181 181 181 180 179 179 180 182 182 182
 182 182 182 182 182 182 181 182 182 183 183 183 182 181 183 184 184 183
 183 184 184 183 183 183 183 182 182 181 181 181 182 182 182 182 182 182
 182 182 181 180 180 180 181 181 181 181 181 181 181 181 181 181 182 182
 181 182 182 181 181 181 181 180 180 180 179 179 180 181 178 175 178 177
 176 176 176 176 175 174 173 171 168 167 166 165 163 161 159 158 156 154
 153 151 149 148 146 142 137 136 135 134 133 132 131 131 129 130 131 129
 129 126 121 122 121 119 120 122 119 115 115 117 117 112 110 111 112 111
 111 112 115 117 121 128 136 138 146 149 153 158 162 162 163 166 163 163
 161 159 160 160 161 163 163 161 159 158 156 155 156 158 158 153 153 154
 152 150 148 147 146 145 145 142 138 137 136 133 131 128 125 122 122 120
 116  28]","[ 29  29 182 182 182 182 182 182 181 182 182 182 181 180 182 183 182 182
 182 183 183 183 183 183 183 183 183 184 185 185 184 183 185 185 185 184
 184 184 185 185 183 184 184 184 183 182 181 181 182 182 182 182 182 182
 182 182 182 180 180 180 181 181 181 182 182 181 181 181 181 181 182 182
 181 181 181 181 181 180 180 180 180 181 180 179 178 178 178 178 178 179
 180 179 178 177 178 179 177 176 175 175 176 175 174 173 172 172 172 171
 170 168 165 162 162 160 157 154 152 149 146 144 143 143 139 139 138 134
 132 128 129 132 133 130 126 125 123 120 124 124 121 116 115 118 118 115
 110 111 113 114 114 115 113 107 107 108 109 114 121 127 134 142 148 155
 159 162 167 167 165 168 164 165 166 166 163 160 158 158 158 160 160 157
 155 158 159 157 155 154 154 152 148 146 146 145 143 142 140 138 139 137
 132  29]","[ 29  30 183 183 182 182 183 183 182 183 184 185 184 182 183 184 182 183
 183 184 185 185 185 185 185 185 184 184 185 186 186 185 186 186 185 184
 183 184 185 185 184 184 185 185 184 183 182 181 182 182 182 182 181 181
 181 181 182 181 180 181 182 182 182 182 182 182 181 181 181 181 181 181
 181 181 181 181 181 180 180 179 179 180 180 180 179 179 180 181 180 180
 179 180 181 181 180 179 178 178 178 178 179 179 179 178 174 175 177 178
 179 178 176 174 172 173 173 172 170 167 165 163 164 162 156 154 153 151
 151 149 145 143 140 140 140 140 138 136 135 135 133 131 128 126 126 126
 125 123 121 116 114 116 117 115 115 115 114 114 114 111 107 108 105 109
 109 111 118 125 132 139 143 144 147 154 161 164 164 163 166 167 164 160
 159 160 158 155 156 155 156 156 154 153 154 154 153 154 154 153 154 152
 145  29]","[ 29  30 183 183 182 181 183 183 183 184 185 186 185 183 183 183 183 184
 185 186 186 187 187 186 186 186 185 184 185 185 186 186 187 187 186 185
 184 185 186 186 185 185 186 187 186 185 184 183 184 183 183 183 182 181
 181 180 182 182 182 182 182 182 182 182 182 182 182 181 181 181 181 181
 181 181 181 181 181 180 179 179 179 179 179 179 180 180 179 178 178 178
 179 179 179 179 179 179 178 178 178 179 179 179 178 178 177 177 177 178
 179 179 179 178 178 179 179 177 175 174 172 171 171 171 168 168 168 167
 168 167 168 162 156 154 153 150 148 148 147 145 142 141 139 135 131 129
 125 127 130 128 125 125 128 128 125 123 119 117 118 116 114 115 115 117
 116 115 113 110 107 107 112 109 108 110 115 122 127 131 139 142 146 152
 157 159 161 167 161 159 161 162 160 159 157 155 155 155 155 152 153 153
 152  30]","[ 29  30 184 183 181 179 182 183 185 185 185 185 184 183 183 184 185 185
 186 186 187 187 187 187 186 186 186 185 185 186 186 187 187 187 187 186
 186 187 187 187 186 186 186 187 187 186 186 185 185 185 185 185 184 184
 183 183 183 183 184 184 183 182 182 182 182 182 182 182 182 181 181 181
 180 181 181 181 180 180 179 179 181 181 180 181 180 179 178 178 178 179
 179 179 178 178 180 181 180 180 180 180 180 179 179 179 180 179 178 178
 178 179 179 179 179 179 179 178 178 178 177 176 176 177 175 176 176 173
 173 171 171 171 172 173 171 168 166 167 169 162 155 152 151 150 148 147
 137 137 138 136 131 129 129 129 130 130 130 131 132 129 124 123 122 121
 121 121 118 117 116 114 114 112 109 106 103 101 101 102 104 108 112 118
 122 122 125 134 145 145 149 156 161 164 165 165 162 161 160 157 155 154
 155  27]","[ 29  30 184 182 180 178 181 183 185 184 183 183 183 183 184 185 186 186
 186 187 187 187 187 187 186 187 187 186 186 186 187 187 186 187 187 187
 187 187 187 186 187 186 186 186 187 187 187 187 186 186 186 186 186 186
 186 185 183 184 185 185 183 182 182 182 181 181 181 181 182 181 181 181
 181 181 181 182 182 181 181 180 179 181 182 181 178 177 180 183 181 178
 175 175 178 180 179 178 178 179 179 179 179 179 179 180 179 179 178 178
 179 179 179 179 179 179 179 178 180 180 178 175 176 177 175 175 175 174
 176 176 176 176 176 175 174 173 174 175 173 172 171 169 168 167 167 168
 167 161 157 155 151 149 148 145 144 142 139 138 138 135 132 132 132 130
 131 131 128 127 127 123 124 122 121 123 124 122 118 114 114 115 112 110
 112 110 107 109 108 106 108 115 119 122 123 122 125 131 141 149 153 156
 160  30]","[ 30  29 183 181 181 182 182 183 183 182 182 182 182 183 184 185 188 187
 186 186 186 186 187 187 187 187 187 187 187 188 188 188 188 188 189 189
 189 189 188 188 188 187 187 187 188 189 189 189 189 188 186 186 187 187
 187 186 186 186 186 186 186 186 186 186 184 184 183 183 183 184 184 183
 182 182 182 182 182 182 182 181 181 183 182 180 185 194 210 217 222 218
 210 201 194 187 183 178 179 178 179 180 178 178 179 179 179 179 179 179
 179 179 179 179 180 179 178 179 180 179 177 176 177 178 177 176 175 176
 177 177 176 176 176 175 175 174 174 175 175 174 174 173 173 173 172 172
 173 173 171 170 168 166 165 165 163 159 155 155 153 150 148 147 144 142
 139 138 137 135 131 128 131 130 128 127 127 128 126 123 123 124 124 123
 120 118 118 119 118 114 110 109 107 105 104 104 104 106 103 106 111 116
 119  31]","[ 29  29 183 182 181 182 182 183 182 182 182 182 182 182 184 185 185 185
 185 185 186 186 187 187 187 187 187 187 187 187 187 187 188 188 189 189
 189 189 188 188 187 187 187 187 188 189 189 189 189 188 187 186 187 187
 187 186 186 186 186 186 186 186 186 186 186 185 184 184 185 186 185 184
 183 183 183 183 183 183 182 182 182 182 182 187 198 210 215 213 210 206
 204 206 208 200 191 184 180 178 179 180 180 180 180 179 179 179 180 180
 180 180 180 180 179 179 179 179 180 179 179 178 178 179 179 177 177 178
 178 178 178 178 177 177 176 175 175 176 175 175 175 174 174 174 173 173
 174 173 173 173 173 173 174 175 176 172 170 169 168 165 162 162 159 156
 154 152 150 147 143 139 140 139 136 134 133 132 129 126 130 129 127 126
 125 126 126 126 126 123 121 121 120 118 116 116 112 112 110 112 109 104
 107  26]","[ 29  29 183 182 182 182 182 183 182 182 181 181 182 183 183 184 183 184
 184 185 185 186 186 186 187 187 187 187 186 186 186 187 187 188 188 188
 188 188 188 187 187 187 187 187 188 189 189 189 188 187 187 187 187 188
 187 186 187 187 187 187 187 187 187 187 187 186 186 185 186 187 186 185
 184 185 185 185 185 184 184 183 183 180 180 180 180 173 154 139 125 123
 120 129 153 179 192 196 184 181 179 179 180 181 180 179 179 180 180 180
 180 180 180 180 178 179 180 180 179 179 179 179 178 179 179 178 178 178
 178 178 179 178 177 176 176 175 175 175 175 175 175 175 175 174 174 173
 174 173 173 173 173 174 175 176 176 174 173 174 174 172 171 171 171 170
 169 168 167 165 162 159 159 158 156 153 151 149 146 143 144 140 137 135
 136 136 135 133 133 131 130 131 132 130 128 128 130 129 125 122 120 118
 118  31]","[ 29  29 183 183 183 183 182 183 182 182 181 182 182 183 183 183 182 183
 183 184 184 184 185 185 186 186 186 186 186 186 186 186 187 187 187 188
 188 187 187 187 188 187 187 187 188 188 188 187 187 187 187 187 188 188
 187 187 187 187 188 188 188 188 188 188 187 187 187 186 186 187 187 186
 186 187 187 187 186 186 185 184 181 179 184 173 158 128 101  85  83  81
  83  91 101 121 153 189 187 184 180 178 180 181 181 180 181 181 181 181
 181 181 181 181 180 180 180 180 180 179 179 179 178 179 179 179 178 178
 178 178 179 178 177 176 175 175 175 175 175 175 176 176 175 174 174 174
 176 175 174 174 174 175 175 175 173 173 173 174 174 173 173 174 171 171
 171 171 172 172 170 169 170 169 168 167 166 164 162 161 159 156 153 153
 153 152 148 145 145 142 141 141 141 139 137 135 136 131 126 122 126 128
 125  28]","[ 30  29 184 183 183 183 182 183 182 182 182 182 183 183 183 183 182 182
 183 183 183 183 184 185 185 186 186 186 186 186 187 187 187 187 187 187
 187 187 187 187 188 187 187 187 188 188 187 187 187 187 187 187 188 188
 187 187 187 187 187 187 187 187 187 187 187 187 187 187 187 187 187 186
 186 187 188 187 187 186 185 184 184 182 184 160 133  92  76  69  75  80
  81  81  83  99 121 151 180 183 182 180 182 184 183 182 183 182 182 182
 182 181 181 181 181 181 180 180 180 180 180 180 179 179 179 180 180 179
 179 179 180 179 177 177 177 177 177 177 176 177 177 177 176 175 175 176
 175 174 174 175 175 176 176 176 175 175 175 175 175 173 173 173 172 172
 171 171 172 172 171 171 172 171 171 171 171 170 170 170 170 168 167 168
 169 168 165 163 163 160 157 155 154 151 149 147 148 142 140 140 141 137
 135  32]","[ 30  29 184 183 183 183 182 182 182 182 182 183 183 183 183 182 181 182
 183 183 183 184 185 186 185 186 186 186 186 186 187 188 187 187 187 187
 187 187 187 187 187 187 187 187 188 188 188 187 187 187 187 187 188 188
 187 187 188 188 188 188 187 187 187 187 187 188 188 187 187 188 188 187
 186 187 187 187 186 186 185 184 183 182 177 149 118  80  76  76  74  74
  78  84  80  82  96 133 162 176 183 182 184 186 184 183 183 183 183 182
 182 182 182 181 181 181 180 180 180 181 181 180 180 180 179 180 180 179
 179 179 180 180 179 178 178 178 178 179 177 177 177 177 176 175 176 177
 174 174 174 175 176 176 175 175 175 175 175 175 174 174 173 173 175 174
 174 174 174 174 174 174 173 172 172 172 173 172 173 173 174 173 172 172
 172 172 172 171 172 170 168 166 165 165 164 163 160 160 160 159 157 154
 152  30]","[ 30  29 183 183 182 182 181 182 182 182 183 183 183 183 182 182 181 183
 184 184 184 184 185 186 185 186 186 186 185 185 186 187 187 187 187 187
 187 187 187 187 187 187 187 187 188 188 188 187 187 187 187 187 187 187
 188 188 189 189 188 188 188 187 187 186 187 187 188 187 187 188 188 187
 186 187 187 186 186 186 185 184 184 187 169 139 103  73  73  71  72  74
  74  78  81  91  92 112 147 170 183 182 184 186 184 184 184 184 183 183
 183 183 183 183 182 182 182 181 181 181 181 182 182 180 180 180 181 180
 179 180 180 180 180 179 179 179 179 179 178 178 178 177 175 175 176 177
 178 177 176 176 177 177 177 176 175 176 175 175 176 176 176 176 173 174
 174 174 174 174 174 174 174 173 172 173 174 173 172 173 174 173 172 171
 171 171 171 171 172 172 171 171 171 172 172 172 169 173 171 168 167 170
 170  27]","[ 29  29 183 182 182 182 181 182 181 182 183 184 183 182 182 182 182 183
 185 185 185 184 184 185 184 185 186 185 184 184 185 186 187 187 187 187
 187 187 187 187 187 187 187 187 188 188 187 187 188 188 187 187 187 187
 188 188 189 189 188 188 187 187 186 186 186 187 187 187 187 187 187 187
 187 188 187 187 186 186 186 185 182 188 161 131  91  71  73  70  72  74
  74  78  79  88  88 111 140 168 185 183 183 185 185 185 185 185 185 185
 185 185 186 186 185 185 185 184 182 181 182 184 184 182 181 182 182 181
 181 182 181 181 181 180 179 179 179 179 179 179 179 177 176 176 177 179
 177 176 175 175 176 177 177 176 177 176 176 175 175 176 176 175 175 175
 176 176 175 174 174 174 176 174 174 176 176 175 174 174 173 173 173 173
 173 173 173 173 173 174 174 174 173 173 173 172 174 174 170 172 171 171
 175  28]","[ 29  29 183 183 182 182 181 181 181 182 183 183 184 183 183 182 181 183
 185 186 185 184 185 185 185 186 185 184 183 183 185 186 186 187 188 187
 187 187 187 187 187 187 187 187 187 187 187 187 187 187 187 188 188 188
 188 188 188 188 188 187 187 187 186 186 186 186 186 186 186 187 187 188
 188 187 187 188 189 188 187 185 185 178 159 130  83  70  67  69  70  71
  75  82  81  86  93 105 137 169 185 183 186 186 184 186 185 185 186 186
 186 186 186 186 186 185 185 185 184 184 183 182 185 185 186 186 185 183
 181 181 181 182 182 182 181 180 180 180 179 179 178 178 178 178 178 177
 178 178 177 178 178 179 179 179 177 177 177 177 176 176 176 177 175 175
 176 176 176 176 175 175 176 176 175 175 176 176 175 175 174 174 174 174
 174 174 174 174 174 173 174 175 176 175 174 174 174 174 174 173 172 171
 173  28]","[ 29  29 183 182 182 183 182 182 182 182 182 183 183 183 183 182 183 183
 183 183 183 183 183 183 184 184 185 184 183 183 184 185 185 187 188 187
 187 187 187 187 187 187 187 187 187 187 187 187 187 187 187 187 187 187
 187 187 188 188 187 187 187 187 186 186 186 186 186 186 186 187 188 188
 185 188 188 186 185 185 184 182 185 177 156 124  83  73  71  69  69  72
  75  80  81  86  92 104 140 170 184 183 185 186 185 186 185 186 186 186
 186 186 186 186 186 186 185 185 185 184 183 183 185 187 187 185 185 185
 184 182 182 183 183 182 181 180 180 180 181 181 180 180 180 180 179 179
 180 180 179 179 179 179 179 179 178 178 179 179 178 178 178 179 177 177
 177 177 177 176 176 176 176 175 175 175 176 176 175 175 175 175 175 174
 174 174 174 174 174 173 174 175 175 175 174 174 175 174 174 173 173 172
 173  29]","[ 29  29 182 182 182 183 182 183 183 182 182 182 183 183 183 183 183 183
 182 182 183 183 183 182 183 184 184 183 183 182 183 183 184 186 187 187
 187 187 187 186 187 187 187 187 187 187 187 187 187 187 187 187 187 187
 187 187 187 187 187 187 187 187 187 186 186 186 185 185 186 187 187 188
 186 187 187 186 189 193 192 188 185 177 155 115  76  66  68  66  66  71
  74  78  80  87  92 105 144 173 184 182 185 186 185 185 186 186 186 186
 186 186 186 186 186 186 186 185 185 185 184 183 184 186 186 184 184 186
 186 183 183 183 183 183 182 181 181 181 182 182 181 181 181 181 180 180
 181 181 180 180 180 180 180 179 178 179 180 180 180 180 180 180 180 179
 179 179 179 178 178 178 179 178 178 179 179 179 178 177 176 175 175 175
 174 174 174 174 174 174 174 175 175 175 175 175 176 175 175 174 174 173
 174  28]","[ 29  29 183 182 182 183 183 183 183 182 182 182 183 183 183 182 182 182
 183 184 184 184 183 183 184 184 184 183 182 181 182 182 183 185 186 186
 187 187 187 186 187 187 187 187 187 187 187 187 187 187 187 187 187 187
 187 186 186 187 187 187 187 187 187 187 188 187 186 185 186 186 187 187
 189 188 189 195 207 216 217 213 205 188 157 111  78  66  69  65  65  68
  72  76  81  86  90 108 146 176 185 182 184 184 185 185 185 185 184 185
 185 185 185 185 186 185 185 185 185 185 184 183 183 184 184 182 183 185
 185 184 183 183 183 183 182 182 182 182 182 182 182 182 182 182 181 181
 182 182 181 181 181 181 180 180 179 180 181 181 181 181 181 182 181 181
 181 181 180 180 180 180 179 179 179 179 179 179 178 177 177 177 177 176
 176 175 175 176 175 174 174 175 176 175 175 175 175 175 175 174 174 173
 173  28]","[ 29  29 183 183 183 183 182 183 183 183 182 183 183 183 183 182 181 183
 184 185 184 184 184 185 185 184 184 182 182 182 182 182 183 184 185 185
 185 186 187 187 186 186 186 186 186 187 187 187 187 187 187 187 187 187
 187 186 186 187 188 188 187 187 187 188 188 187 186 186 186 187 187 187
 187 191 196 201 200 193 183 176 168 159 143 109  81  64  65  62  65  66
  69  75  81  84  88 113 147 178 186 183 184 182 185 185 184 183 183 184
 184 185 185 185 184 184 185 185 185 185 184 183 183 182 181 182 183 183
 184 186 183 182 182 182 182 182 182 182 183 182 182 182 183 183 182 181
 182 182 181 181 182 182 181 181 181 182 182 182 182 182 182 183 181 181
 181 181 181 181 181 181 180 180 180 180 180 180 180 179 179 179 179 179
 178 178 179 179 178 177 176 177 176 175 175 174 174 176 177 176 174 173
 174  28]","[ 29  29 184 183 183 183 182 182 183 183 183 183 183 183 183 182 184 185
 185 184 183 183 185 186 184 184 183 182 182 182 183 184 183 184 184 184
 184 185 187 187 186 186 186 186 186 186 187 187 187 187 187 188 187 187
 186 186 186 187 188 188 187 187 187 187 187 186 185 186 187 187 187 187
 185 188 186 174 149 123 108 105 105 107 111  99  84  68  66  65  66  67
  69  75  82  83  86 117 148 179 186 183 184 182 185 185 184 183 183 184
 185 185 184 184 183 183 184 185 185 185 184 184 184 182 181 183 183 181
 183 186 183 183 182 182 182 183 183 182 182 182 182 182 183 183 182 182
 181 181 180 181 181 181 181 180 182 182 182 182 181 182 182 183 181 181
 181 182 182 182 182 182 182 181 181 181 182 182 182 182 180 181 181 181
 180 180 180 181 180 179 179 179 178 176 175 174 176 178 179 177 176 175
 175  29]","[ 30  29 183 183 183 183 182 183 183 184 184 183 182 182 183 184 185 185
 185 184 183 183 184 185 184 183 183 182 182 183 183 183 182 183 183 183
 183 185 186 187 187 186 186 186 186 187 187 187 187 187 187 187 187 187
 186 185 185 186 187 187 186 186 186 186 186 185 185 186 187 187 187 186
 183 174 154 125  96  79  78  84  83  79  77  75  76  71  66  60  65  68
  71  75  82  84  86 119 150 181 185 183 184 182 187 185 185 184 184 185
 186 185 184 183 182 183 183 185 186 186 185 184 184 183 183 183 182 181
 183 186 184 183 183 183 183 183 182 182 181 181 182 182 183 183 182 182
 181 181 181 181 181 181 181 180 180 181 181 181 181 181 182 182 181 182
 182 183 183 183 182 182 181 180 180 180 180 181 181 181 181 182 182 182
 181 180 181 181 181 181 181 181 181 179 177 176 178 179 180 179 179 178
 177  29]","[ 30  29 183 182 182 183 183 184 184 184 184 183 182 182 183 184 183 183
 183 183 183 183 182 182 183 183 183 183 183 183 182 182 182 183 183 183
 183 185 186 187 187 187 186 186 186 187 187 187 187 187 187 187 187 186
 186 185 184 186 187 187 186 185 185 186 185 185 185 185 186 186 185 184
 175 159 130  99  77  68  69  72  74  75  76  74  73  69  64  60  64  69
  73  75  83  86  87 120 152 181 184 183 185 183 188 186 186 186 185 186
 186 186 184 182 182 182 183 185 186 186 186 185 183 184 185 183 181 182
 183 185 185 185 184 183 183 183 182 182 182 182 182 183 184 184 184 183
 183 183 182 182 182 182 182 181 180 181 182 182 182 182 183 183 181 182
 183 183 183 182 181 181 183 182 181 181 182 182 183 183 183 183 184 183
 181 181 181 182 181 180 181 182 182 181 180 179 179 180 180 179 180 180
 178  28]","[ 30  29 182 182 183 184 183 183 183 183 183 182 183 184 184 182 182 182
 183 183 183 183 184 184 183 183 183 183 183 182 183 183 183 183 183 182
 183 185 186 185 186 187 187 187 186 186 186 187 187 187 187 186 186 186
 186 185 186 185 185 185 184 184 185 187 187 187 186 186 185 185 184 184
 169 148 103  73  69  67  65  67  68  69  71  71  70  68  66  64  65  73
  73  77  81  88  97 116 154 180 184 183 186 188 184 187 186 186 186 187
 188 187 185 184 183 183 184 185 186 186 186 186 186 186 185 184 183 183
 185 186 185 185 185 184 183 183 183 182 183 184 184 184 183 182 183 184
 183 183 182 182 182 181 181 180 181 181 182 182 182 183 183 184 184 184
 184 183 181 181 182 183 181 181 180 181 181 182 182 181 181 182 182 182
 181 180 180 180 182 182 181 181 182 182 181 180 180 181 180 181 181 181
 181  29]","[ 30  29 183 182 183 184 182 183 183 183 183 182 183 184 183 182 182 182
 182 183 183 183 183 183 183 182 183 183 183 183 183 184 183 183 182 182
 183 184 184 184 184 184 185 186 186 186 187 187 187 188 187 187 186 186
 185 185 186 185 185 185 184 184 185 186 185 186 187 187 186 185 186 186
 175 149 103  65  62  59  61  68  64  66  69  70  70  69  66  65  65  72
  75  80  84  87  94 116 155 181 186 185 186 187 184 187 186 186 186 187
 187 187 185 184 183 183 183 184 185 186 186 187 186 186 185 184 183 183
 184 185 185 186 186 185 185 186 186 186 183 183 183 183 183 183 183 183
 182 182 182 182 182 182 181 181 181 181 181 182 182 183 183 183 183 184
 184 183 182 181 182 183 181 180 179 180 181 181 181 181 181 181 181 181
 180 180 180 180 182 182 182 182 182 182 181 181 181 181 181 181 182 181
 181  29]","[ 29  29 183 182 182 183 182 183 183 183 184 183 183 183 183 182 182 182
 183 183 183 183 183 183 183 182 183 184 184 184 183 183 184 183 182 182
 182 182 183 183 181 182 183 184 184 185 185 186 185 187 187 187 186 186
 185 185 186 186 185 185 184 184 185 186 185 187 188 188 187 186 187 187
 182 153 111  68  67  62  59  62  65  66  67  68  68  67  66  65  65  70
  73  80  84  85  91 117 155 181 187 186 186 187 184 188 187 187 187 187
 188 188 187 186 184 183 183 183 185 187 187 188 187 187 186 185 184 184
 185 186 186 186 186 185 185 186 187 187 185 184 183 184 184 184 184 183
 183 183 183 183 183 183 183 183 182 182 182 182 182 183 183 183 183 183
 184 183 182 182 182 182 182 181 180 180 181 181 181 181 181 181 181 181
 180 180 179 179 180 181 182 182 182 182 181 181 181 181 181 182 182 181
 181  29]","[ 29  29 184 183 182 182 182 183 182 183 184 184 183 182 182 182 182 182
 182 182 183 183 183 183 183 183 183 185 185 184 184 183 185 183 182 182
 182 182 182 182 181 182 182 183 183 182 183 183 183 185 186 186 185 185
 186 186 186 185 185 185 185 185 185 186 186 187 188 188 188 187 186 186
 187 162 123  73  64  64  60  61  65  65  65  65  66  66  67  67  66  69
  71  76  82  86  92 120 156 180 186 186 186 187 185 188 188 187 187 187
 188 188 187 187 185 183 182 183 185 186 187 188 187 186 186 185 185 185
 186 186 186 187 186 186 186 186 186 186 187 186 185 185 185 184 184 183
 185 185 185 185 184 184 184 184 184 183 183 182 183 183 183 183 183 184
 184 184 183 182 182 182 183 182 181 181 181 181 181 180 181 181 181 181
 180 179 179 179 179 180 180 180 180 180 180 181 180 181 180 181 182 181
 181  29]","[ 29  29 184 183 182 182 181 183 182 183 184 184 183 182 182 182 181 182
 182 182 183 183 183 183 183 183 183 185 186 186 185 184 185 183 183 183
 183 183 183 183 183 183 183 183 182 182 182 182 183 185 186 186 186 186
 186 186 186 185 185 185 186 186 186 187 187 187 187 187 188 187 185 184
 183 173 143  90  63  64  61  62  62  62  62  63  65  67  68  68  67  70
  70  74  82  88  94 124 159 180 186 186 186 188 186 188 187 187 187 187
 187 187 187 187 186 185 183 183 184 186 187 187 187 186 186 185 185 185
 184 184 186 187 187 186 186 186 185 184 186 186 186 185 184 183 183 183
 184 185 185 185 184 184 184 185 186 185 184 183 183 183 183 183 184 184
 184 184 184 183 183 183 182 182 181 181 181 181 180 179 181 181 180 181
 180 180 180 180 180 179 178 178 179 180 180 180 180 180 180 181 181 181
 181  29]","[ 29  29 184 184 182 182 181 182 182 183 184 185 184 182 182 183 182 183
 183 184 184 184 184 184 182 182 183 185 186 186 186 185 184 183 183 184
 185 183 183 183 183 183 183 183 183 183 184 184 185 186 187 187 186 186
 186 186 186 185 185 186 187 187 187 188 188 187 187 187 188 188 187 185
 181 180 161 113  73  66  64  60  60  60  61  63  66  67  66  66  67  71
  72  74  82  88  94 127 164 182 187 187 187 189 187 187 187 187 187 187
 187 187 188 188 188 187 186 185 186 187 187 187 188 187 187 186 186 185
 184 183 184 185 186 186 186 186 185 184 184 185 186 185 184 183 183 184
 182 183 183 183 183 183 184 185 187 186 184 184 184 184 183 183 184 184
 184 184 184 183 183 183 182 181 181 182 182 182 181 180 180 180 180 181
 181 182 182 181 181 179 178 177 179 180 181 180 180 180 180 181 182 181
 181  29]","[ 29  29 185 184 183 182 181 181 182 182 184 185 185 183 182 183 183 184
 184 185 185 186 186 186 183 183 183 184 186 186 185 185 184 182 183 185
 185 184 183 183 183 183 183 182 182 183 185 186 186 187 187 187 186 187
 186 186 187 186 185 186 187 187 187 187 188 188 187 188 188 188 188 187
 186 182 170 130  83  64  66  62  61  61  61  63  65  66  66  65  69  73
  76  77  81  83  91 131 168 185 188 189 186 188 187 187 187 187 188 188
 188 188 188 188 188 188 187 187 188 188 188 188 188 188 188 188 188 187
 186 185 184 185 185 185 186 186 185 184 185 186 186 186 185 185 184 184
 182 182 183 184 183 184 185 186 186 185 184 183 184 184 184 184 184 184
 184 183 183 183 182 182 182 182 181 182 183 183 182 181 180 180 180 181
 182 182 182 182 182 180 179 179 179 180 181 181 181 181 181 182 182 182
 181  30]","[ 29  29 185 185 184 183 181 181 182 182 183 185 185 183 183 183 182 183
 184 184 185 185 185 185 185 183 183 184 185 185 184 183 183 182 183 185
 186 183 182 182 182 182 181 181 182 183 185 187 186 187 187 186 186 187
 187 186 187 186 186 186 187 187 187 187 187 187 187 187 187 187 187 187
 185 183 184 151 100  64  67  63  62  61  60  61  64  67  69  69  73  77
  80  80  81  79  89 136 169 185 189 189 186 187 187 187 187 187 187 188
 188 188 188 188 187 187 187 187 187 187 187 187 187 187 187 188 188 188
 187 186 186 186 186 186 186 187 186 186 187 186 186 186 186 186 184 183
 183 184 185 185 185 185 186 187 185 184 183 183 184 184 184 184 184 184
 183 183 182 182 182 182 182 182 181 181 182 182 182 181 182 181 181 181
 182 182 182 181 181 181 180 180 179 180 181 182 182 182 182 183 183 182
 181  30]","[ 30  29 183 182 182 183 182 182 183 183 183 183 184 184 184 184 183 183
 184 185 185 184 184 185 185 184 183 183 183 183 183 183 183 183 182 182
 183 183 183 183 182 182 181 181 183 185 186 185 186 187 188 187 187 187
 187 186 186 187 187 187 187 188 188 188 187 187 187 187 187 186 186 186
 184 186 182 163 125  72  65  64  62  61  61  65  67  68  69  72  72  76
  81  79  83  81  91 136 166 189 186 187 188 186 187 186 187 187 187 188
 188 188 188 187 187 187 187 187 187 187 187 187 189 189 189 189 188 187
 186 186 186 186 186 186 186 186 186 186 186 186 187 187 187 186 185 185
 186 186 186 186 185 185 185 185 185 185 185 184 183 183 184 186 185 185
 184 183 182 181 181 182 183 183 183 183 183 183 182 182 181 182 183 183
 183 182 183 183 184 182 181 180 180 181 181 182 183 184 183 184 184 183
 181  29]","[ 30  29 183 182 182 183 182 183 183 183 183 183 183 184 185 185 182 182
 183 183 183 182 184 185 185 184 183 183 183 183 183 184 184 184 183 183
 183 183 183 182 182 182 181 182 183 186 186 186 186 187 188 187 186 186
 186 185 186 186 187 187 187 187 188 188 187 187 187 187 187 187 187 187
 185 185 182 172 143  96  67  67  67  65  63  63  67  69  71  75  73  75
  81  83  88  87  99 143 168 190 186 187 188 187 188 187 187 187 187 188
 188 187 187 186 187 187 187 187 187 188 188 188 189 189 188 188 187 187
 186 186 186 186 187 187 186 187 187 187 187 187 187 188 187 187 187 186
 187 187 187 186 185 184 184 183 184 185 186 185 184 184 184 185 184 184
 183 182 182 182 181 181 182 182 183 183 182 182 182 183 183 183 183 182
 182 183 184 186 184 182 180 180 181 181 182 182 182 183 182 183 183 183
 181  28]","[ 30  29 183 183 183 184 183 184 183 183 183 182 182 183 184 186 183 183
 183 183 183 183 184 186 186 185 184 184 183 183 183 185 185 184 183 183
 183 183 183 182 182 182 182 182 184 186 186 186 186 187 188 186 185 185
 186 186 187 187 187 187 187 187 187 187 187 187 187 186 187 187 188 188
 186 186 184 182 164 125  74  69  65  66  63  62  66  66  65  69  73  73
  78  82  89  91 103 143 171 190 186 187 187 187 187 187 187 188 188 187
 187 187 187 187 187 187 187 187 187 188 188 189 189 188 187 187 187 187
 187 186 186 187 187 187 187 187 187 188 187 187 187 187 187 187 187 187
 187 187 187 187 187 185 184 183 184 185 186 187 186 185 185 185 184 183
 182 182 183 183 182 180 181 182 183 183 182 182 183 184 184 184 184 183
 184 184 186 187 185 183 181 181 182 183 183 183 183 184 182 183 184 183
 182  29]","[ 30  29 184 184 184 185 183 184 183 183 183 183 182 183 184 186 185 185
 184 185 185 185 185 186 186 185 185 184 183 182 184 185 185 184 183 183
 183 183 183 182 182 182 182 182 183 185 185 185 185 186 186 185 184 184
 186 188 187 187 187 186 186 187 187 187 187 186 186 186 187 187 187 188
 186 187 186 186 175 147  91  70  64  67  66  65  69  69  69  72  74  74
  78  81  91  98 112 144 172 189 187 188 187 186 187 187 187 187 187 187
 187 187 187 188 187 187 187 187 187 188 189 189 189 188 187 187 188 188
 187 186 186 187 188 187 186 186 187 187 188 187 187 187 187 187 188 188
 188 187 187 187 188 187 186 185 186 187 188 188 187 186 185 185 184 183
 183 184 185 185 184 182 182 183 183 184 184 184 185 186 184 185 185 186
 186 185 185 185 184 183 183 183 183 183 184 185 185 185 184 185 185 185
 183  30]","[ 30  29 185 185 185 185 183 183 183 184 185 185 184 184 186 187 186 184
 183 184 186 186 186 186 186 186 185 185 183 182 184 185 185 184 183 183
 183 183 182 182 182 182 182 182 182 183 183 183 185 185 185 184 183 183
 185 188 187 187 187 186 186 187 187 187 187 187 187 187 187 187 187 187
 187 187 186 185 181 164 117  75  66  67  65  63  64  65  68  73  72  73
  76  79  90 104 121 146 172 187 188 189 187 187 188 189 187 187 187 187
 187 187 187 188 187 187 187 187 187 188 189 189 189 188 187 188 188 188
 187 186 186 187 188 188 187 186 187 188 188 188 187 187 187 188 188 189
 188 187 187 187 187 188 187 187 187 187 188 188 187 186 186 185 184 184
 185 186 186 186 185 184 184 184 184 184 185 186 186 185 185 186 186 186
 186 185 185 184 182 183 183 183 182 182 183 185 185 185 185 186 186 185
 182  28]","[ 30  29 185 186 186 185 183 183 183 184 185 186 185 185 186 186 185 183
 182 184 186 186 186 186 186 186 186 185 184 183 183 185 186 185 184 183
 183 183 182 182 182 182 182 182 182 182 182 182 184 184 183 183 182 182
 184 186 187 187 187 186 186 186 187 187 187 188 188 188 188 188 188 187
 188 186 185 185 187 178 146  93  73  69  67  66  66  66  69  72  70  71
  73  76  86 102 123 146 172 184 186 188 187 188 188 189 187 188 188 187
 187 187 187 187 187 187 187 187 187 188 188 189 188 188 188 188 188 188
 187 186 187 188 188 188 188 187 188 188 188 187 187 187 187 188 188 189
 188 188 187 187 187 187 187 187 187 187 187 187 186 186 186 186 184 185
 186 186 186 186 185 185 186 184 184 184 186 186 186 185 187 186 185 185
 185 185 185 185 182 183 184 184 183 183 184 186 185 185 185 186 187 185
 182  28]","[ 30  29 184 185 185 185 183 183 182 183 184 185 185 185 185 185 185 184
 183 184 184 185 185 186 186 186 186 185 184 183 183 184 185 184 183 183
 183 183 183 183 182 183 183 182 182 183 183 183 183 182 183 183 183 182
 183 185 187 187 186 186 186 186 187 187 187 188 188 188 188 188 188 188
 188 186 186 185 188 187 166 123  75  65  63  66  65  65  68  68  70  70
  73  76  83  98 124 149 176 184 185 187 187 189 188 188 187 187 187 188
 188 187 187 186 187 187 187 187 187 187 188 188 188 188 188 188 188 187
 187 186 187 188 188 188 188 188 188 188 187 187 187 187 187 187 188 188
 188 188 188 188 187 187 187 187 186 186 186 187 187 187 187 187 186 186
 186 186 186 186 186 185 185 185 184 184 185 186 186 186 187 186 185 185
 185 186 186 186 184 184 185 185 185 185 185 186 185 186 185 186 187 186
 183  29]","[ 30  29 183 184 184 184 183 184 183 183 184 185 185 185 185 185 186 185
 184 183 183 182 184 186 186 186 186 186 185 183 183 184 183 183 182 183
 184 185 185 185 182 183 183 183 183 184 184 184 182 181 183 185 185 184
 184 185 187 187 186 186 186 186 186 187 187 187 187 187 187 187 188 188
 188 186 187 185 186 188 174 148  92  75  67  68  64  64  67  65  66  65
  70  75  80  94 123 152 181 186 185 188 188 191 188 187 187 187 187 188
 188 188 188 187 186 186 187 187 187 187 187 187 188 188 187 187 187 187
 187 187 187 187 187 188 188 188 187 187 187 187 187 187 188 188 189 189
 188 189 189 189 188 188 188 188 185 186 187 187 188 188 188 188 187 187
 186 187 187 187 186 185 185 185 185 185 185 186 187 187 186 186 186 187
 187 187 186 185 185 184 184 185 186 186 186 186 185 185 184 185 187 186
 183  30]","[ 28  29 182 183 183 182 184 184 182 183 184 185 186 186 185 184 185 185
 184 183 183 183 185 186 186 185 184 184 185 184 183 182 181 182 182 183
 184 185 184 183 182 183 183 183 183 185 186 185 182 183 184 185 185 185
 185 186 186 186 186 186 186 186 187 187 187 187 187 185 185 187 188 188
 186 188 186 186 188 186 175 155 107  76  72  67  62  62  63  65  64  64
  68  72  77  89 110 151 180 189 186 189 186 186 189 186 187 187 188 188
 188 187 187 187 187 187 187 187 186 186 187 187 187 187 187 187 188 187
 187 186 186 186 187 187 187 187 187 187 187 187 187 187 187 187 188 189
 188 188 188 188 188 188 187 187 187 187 187 187 187 187 187 187 187 187
 187 188 187 187 186 185 186 186 186 186 186 186 187 187 187 187 187 187
 187 186 186 186 186 186 186 185 186 186 186 186 186 186 186 187 187 187
 185  29]","[ 28  29 182 182 182 182 183 183 183 183 183 184 185 185 184 184 184 183
 183 182 182 183 184 185 185 184 183 183 183 183 183 183 183 183 183 183
 184 184 184 184 183 185 186 185 185 186 186 185 183 183 185 186 187 186
 185 186 186 186 186 186 186 186 186 187 188 187 186 186 187 188 188 187
 188 188 187 187 187 187 176 154 108  76  71  65  60  61  61  62  65  65
  68  70  73  82  99 136 175 188 186 188 187 187 188 187 187 188 189 189
 188 188 187 187 187 187 187 187 187 187 188 189 188 188 187 187 187 187
 187 186 186 186 186 187 187 187 187 187 187 187 187 187 187 186 187 188
 188 188 187 188 188 188 187 186 187 187 187 187 187 187 187 187 186 187
 187 187 187 187 187 187 187 187 187 187 186 186 187 188 187 187 187 187
 187 187 187 187 187 187 187 186 186 186 186 187 186 186 187 187 187 188
 185  29]","[ 29  29 182 182 182 182 183 182 183 183 182 182 183 183 183 183 183 183
 182 182 183 183 183 183 184 183 182 181 181 182 183 183 184 184 183 183
 183 184 185 184 182 185 187 187 185 185 185 185 182 183 185 187 187 186
 185 185 185 186 186 186 186 185 186 187 188 185 184 186 188 188 187 187
 188 188 187 187 186 188 177 151 106  77  71  64  60  60  60  61  63  64
  67  71  74  81  95 126 164 185 186 187 189 189 187 189 187 188 188 188
 188 187 187 187 187 187 188 188 188 188 189 189 189 188 187 187 187 187
 187 187 187 187 187 187 187 187 188 188 187 187 187 188 187 187 187 187
 189 189 188 188 188 188 187 187 187 187 187 187 187 187 188 188 187 187
 187 187 187 187 187 187 187 187 187 187 186 186 187 187 186 186 186 186
 187 187 187 187 186 186 186 186 186 186 186 185 186 187 187 187 187 188
 185  29]","[ 29  29 181 182 183 183 183 182 182 182 182 182 182 183 183 183 184 184
 183 183 183 183 182 181 183 182 182 181 181 182 183 183 184 184 183 183
 183 184 185 185 183 184 185 185 185 185 185 185 183 184 185 186 186 185
 185 185 185 186 187 186 186 185 186 186 186 183 183 186 188 188 187 187
 188 187 187 187 185 188 176 146  99  76  72  66  62  61  62  62  64  65
  67  71  73  78  86 107 147 178 186 186 189 190 187 189 187 188 188 188
 188 187 187 187 188 188 188 188 188 188 188 188 188 188 187 187 187 188
 188 188 189 188 188 188 188 188 189 189 187 187 187 188 188 188 188 189
 189 189 189 189 189 188 188 187 187 187 187 187 187 187 187 187 188 187
 187 187 187 187 187 187 187 187 187 187 186 186 186 186 186 186 186 186
 187 187 187 187 186 186 186 186 186 185 185 184 187 187 187 187 187 187
 185  29]","[ 29  29 181 182 183 183 184 183 182 183 183 183 183 183 183 183 184 184
 184 184 183 183 181 180 181 181 182 182 182 183 184 184 184 184 183 182
 183 184 185 185 185 184 184 184 184 184 185 186 185 185 186 186 186 185
 186 186 186 186 186 186 186 186 186 186 183 182 183 186 188 187 187 188
 188 188 188 188 186 187 173 140  90  74  74  70  66  63  64  64  66  67
  68  73  75  78  81  94 128 167 186 187 188 191 187 188 188 188 189 189
 188 188 188 188 188 188 188 188 188 188 188 188 188 187 187 187 188 189
 189 189 189 189 189 189 189 189 190 190 188 187 187 188 188 188 188 189
 189 189 189 189 188 188 187 187 188 188 187 187 187 187 187 187 188 188
 187 187 187 187 188 188 187 187 187 187 186 186 186 186 186 186 186 187
 187 187 187 187 186 186 186 186 186 186 185 185 187 187 187 187 187 187
 185  29]","[ 29  29 182 183 183 183 183 183 183 184 185 185 184 183 183 183 183 183
 183 183 183 182 181 181 180 180 181 183 184 185 185 185 183 183 182 182
 183 184 185 185 186 184 182 182 183 183 184 185 186 185 185 185 185 185
 185 186 185 186 186 186 186 186 185 185 182 182 184 186 187 186 187 188
 188 188 188 188 186 184 166 133  81  72  75  72  69  65  66  64  65  67
  68  75  78  83  85  92 111 150 180 189 187 189 187 188 188 188 189 188
 188 188 188 188 187 187 187 187 188 188 188 187 187 187 186 186 187 188
 188 188 189 189 189 189 189 189 189 190 189 188 187 187 188 188 188 188
 189 189 190 189 188 188 187 187 188 188 188 187 187 187 187 187 187 187
 188 188 188 188 188 189 188 188 188 188 187 187 187 187 187 187 187 187
 187 187 187 187 186 186 186 186 186 186 186 186 187 187 187 187 187 187
 184  29]","[ 29  30 182 182 182 182 182 182 183 184 184 184 184 183 182 182 182 182
 183 183 183 183 182 182 181 181 182 183 185 185 185 185 183 183 183 182
 183 184 184 184 185 183 183 183 183 182 183 185 185 185 185 185 184 184
 184 185 185 185 184 185 185 185 184 183 183 184 185 186 187 187 188 188
 187 189 187 187 186 182 161 129  77  71  74  73  71  67  67  64  65  67
  67  73  74  79  82  85  96 131 170 189 186 187 187 188 187 187 188 188
 187 187 187 188 187 187 187 187 188 188 187 187 187 186 185 185 186 187
 188 189 189 189 189 189 189 189 189 189 189 188 187 188 188 188 188 188
 189 190 190 190 189 188 188 188 188 188 188 187 187 187 187 187 188 188
 188 189 189 189 189 188 188 189 189 188 188 187 187 188 187 187 187 187
 187 187 187 187 186 186 186 186 186 186 187 187 187 187 187 187 187 188
 184  29]","[ 29  30 182 182 181 180 181 181 182 182 183 183 182 182 182 182 182 183
 183 184 183 183 183 183 183 182 182 183 184 185 184 184 184 184 183 182
 183 184 184 183 183 183 184 185 184 183 184 186 185 185 185 186 185 184
 184 185 185 184 183 184 185 185 183 182 185 186 186 186 187 188 188 187
 186 189 187 187 187 181 159 129  75  70  74  73  72  68  68  65  64  68
  67  71  71  76  80  83  88 116 160 188 185 185 187 190 187 188 188 188
 188 188 188 188 188 188 187 188 188 188 187 186 187 186 185 185 186 188
 190 191 189 189 189 190 190 190 189 189 189 188 188 189 190 190 189 189
 189 189 190 189 188 188 187 188 188 188 187 187 187 187 188 188 188 189
 189 189 189 189 188 188 188 188 188 188 187 187 187 187 188 187 187 187
 187 187 187 187 187 187 187 187 187 188 188 188 188 188 187 188 187 188
 184  30]","[ 28  30 182 182 182 181 182 182 183 182 181 181 181 181 182 182 183 183
 183 182 182 182 183 184 182 182 182 183 183 184 183 183 183 183 184 184
 183 183 183 184 183 184 185 185 183 182 183 184 186 185 186 186 185 184
 183 183 184 183 183 183 183 182 182 182 183 184 186 187 187 187 187 187
 189 187 187 187 188 187 158 122  72  70  70  73  72  68  66  66  65  66
  66  68  72  75  79  84  84 103 145 179 185 185 189 187 188 188 188 188
 189 190 190 189 188 188 188 189 189 189 189 188 186 187 187 187 187 189
 190 190 189 189 189 190 190 190 189 188 188 188 189 189 189 189 188 187
 188 189 189 190 190 190 189 188 188 188 187 187 187 187 187 187 189 189
 189 188 188 188 188 188 188 188 188 188 187 187 187 188 187 187 187 187
 187 187 187 187 188 187 186 186 187 187 187 187 187 187 187 187 187 187
 184  29]","[ 28  29 182 183 182 181 182 182 183 182 181 181 181 182 182 182 182 182
 182 182 182 182 182 183 183 183 183 183 183 183 183 183 182 183 184 184
 183 183 183 184 184 185 186 185 183 183 183 184 185 185 185 185 185 184
 184 184 185 184 183 183 183 182 182 182 184 185 186 187 187 187 186 186
 185 186 188 186 184 181 153 116  70  70  72  74  73  68  65  66  63  64
  64  66  71  74  77  80  87  97 128 167 187 191 190 187 188 188 187 187
 188 189 189 189 188 188 188 188 189 189 188 188 187 187 187 187 187 189
 190 190 190 190 190 190 190 190 190 189 189 189 189 189 189 188 187 187
 188 188 188 189 190 189 188 188 187 187 187 187 187 187 187 187 190 189
 188 188 189 188 188 187 188 188 188 188 187 187 187 187 187 187 187 187
 187 187 187 187 188 188 187 187 187 188 187 187 187 187 187 187 187 187
 184  29]","[ 28  29 182 183 183 182 183 182 182 182 181 181 182 182 182 182 182 182
 181 181 181 181 182 182 183 183 183 182 182 182 182 182 183 183 184 184
 183 183 184 184 185 185 186 186 185 184 185 185 186 185 185 185 185 185
 185 186 185 184 183 183 182 182 182 183 185 185 186 186 187 186 186 185
 183 185 187 185 186 181 149 104  66  67  70  73  72  68  65  65  64  64
  64  66  71  74  75  77  83  90 115 155 187 193 189 190 189 188 188 188
 188 189 189 189 188 188 187 187 188 188 188 188 188 188 187 187 187 188
 189 190 190 190 190 189 189 189 190 190 190 189 189 189 188 187 187 186
 187 187 188 188 189 189 188 187 187 187 187 187 187 187 188 188 190 189
 188 188 189 189 188 187 188 188 188 188 188 187 187 187 187 187 187 187
 187 188 188 188 188 188 187 187 187 187 187 187 187 187 187 187 187 187
 184  29]","[ 29  29 182 182 182 181 182 182 182 181 181 181 182 182 182 182 181 181
 181 181 180 181 181 182 183 183 183 182 181 181 182 183 182 183 183 183
 183 183 183 183 184 184 185 186 186 186 186 186 185 184 184 185 186 186
 186 186 184 183 182 182 182 181 181 182 185 185 185 186 186 186 185 185
 183 185 186 183 185 180 146  96  63  63  65  69  71  69  66  65  65  65
  65  67  71  73  74  77  80  87 102 137 177 191 188 191 189 189 189 189
 189 189 189 189 188 188 187 187 187 188 188 188 188 188 187 186 186 187
 188 189 189 189 189 188 188 188 189 190 190 190 189 189 188 187 187 186
 187 187 187 188 189 189 188 188 187 187 187 187 187 187 188 188 189 188
 188 189 190 190 189 188 188 188 188 188 188 187 187 186 187 187 187 187
 188 188 188 188 188 187 187 187 187 187 187 187 187 187 187 187 187 187
 184  29]","[ 30  29 181 181 180 180 181 181 182 181 181 181 182 182 182 181 182 181
 181 181 180 180 181 182 182 182 182 182 182 182 183 184 182 182 182 182
 182 183 183 183 184 184 185 185 186 186 185 185 183 183 183 185 186 186
 185 185 183 182 182 182 182 182 182 182 184 184 184 185 186 186 185 185
 184 187 186 180 181 172 142  93  67  63  62  66  71  71  68  65  65  65
  65  66  69  71  74  78  84  86  89 115 162 189 189 188 188 188 189 189
 189 189 189 188 188 187 187 187 187 188 188 188 188 188 187 186 186 187
 188 188 189 189 188 188 187 188 189 190 191 190 190 189 188 188 187 187
 187 187 187 188 188 189 188 188 187 187 187 187 187 187 188 188 187 188
 188 189 189 189 189 189 188 188 188 188 188 187 187 186 187 187 187 187
 188 188 188 188 188 188 187 187 187 187 187 187 187 187 187 187 187 187
 184  29]","[ 30  29 181 181 181 180 181 180 182 182 182 182 182 181 181 181 182 181
 181 180 180 180 181 182 182 182 182 182 182 182 183 184 183 182 182 183
 183 183 184 183 186 186 186 186 186 186 185 184 183 182 183 185 186 186
 185 184 183 182 182 183 183 182 182 183 183 184 184 185 186 186 186 185
 184 185 185 182 184 170 137  86  69  64  61  63  69  71  69  65  64  65
  64  65  68  70  74  79  83  86  86 104 147 183 190 186 188 189 190 190
 190 189 189 189 188 188 187 187 188 188 188 188 188 188 188 187 187 188
 189 188 189 188 188 188 188 188 189 190 190 190 190 189 189 188 188 187
 187 187 187 188 188 189 188 188 187 187 187 187 187 187 188 188 187 187
 188 189 189 189 190 190 189 188 187 187 187 187 187 187 187 187 187 188
 188 188 188 188 189 189 188 188 187 187 188 188 187 187 187 187 187 187
 184  29]","[ 30  29 181 182 182 182 182 181 182 183 183 183 182 181 181 181 181 181
 181 180 179 180 181 181 182 182 182 182 183 183 183 183 183 183 182 183
 184 184 184 184 186 186 187 187 186 185 184 183 183 183 183 185 186 186
 185 184 183 183 182 182 182 182 182 183 183 183 184 185 185 185 185 185
 185 183 183 184 189 170 136  83  66  62  59  61  66  70  70  68  66  66
  64  65  68  71  74  79  78  86  88  97 129 169 188 188 188 189 190 190
 190 189 189 189 189 189 188 188 188 188 188 188 187 188 188 188 188 189
 189 188 188 188 187 187 188 189 189 189 189 189 189 189 189 189 188 188
 187 187 187 188 188 188 188 188 187 187 187 187 187 187 188 188 188 187
 187 188 188 189 190 190 189 188 187 187 187 187 187 187 188 188 188 188
 188 188 188 188 189 189 189 188 188 187 188 188 187 187 187 187 187 187
 184  29]","[ 29  29 182 183 184 183 183 181 182 183 184 184 182 181 181 181 181 181
 180 179 179 179 180 181 182 182 182 182 183 183 183 182 182 182 181 182
 183 183 183 183 184 184 185 185 184 183 183 182 184 182 182 184 185 185
 184 183 184 183 182 181 181 181 182 183 183 184 184 185 185 185 185 185
 185 182 182 183 186 166 137  90  62  59  57  59  64  69  71  72  67  66
  64  64  68  71  73  76  79  84  85  87 112 155 185 190 187 188 189 189
 188 188 189 189 190 189 189 189 189 188 188 187 186 187 188 188 188 189
 188 188 187 187 186 187 188 188 188 188 188 188 189 189 189 189 188 188
 187 187 187 187 188 188 188 188 188 187 187 187 187 187 188 188 189 188
 187 187 188 190 190 189 189 188 187 186 186 187 187 187 188 188 188 188
 188 188 188 188 188 189 189 188 187 187 187 188 187 187 187 187 187 187
 184  29]","[ 28  29 182 183 183 183 183 182 182 182 182 183 183 183 182 181 181 181
 180 180 180 180 181 181 182 182 182 183 183 183 184 184 183 182 182 182
 183 183 183 183 183 183 183 184 185 185 184 184 184 184 183 183 184 183
 183 182 183 182 182 182 182 182 182 183 182 185 186 187 186 186 186 186
 183 183 181 184 185 163 129  89  65  61  57  57  62  69  71  70  68  65
  64  66  68  69  72  76  79  83  82  88 100 139 175 188 187 187 189 190
 190 190 190 189 188 189 189 189 189 188 187 187 187 187 188 189 190 190
 190 189 189 188 188 187 188 189 190 190 189 189 189 188 189 189 189 188
 188 187 187 187 189 189 188 187 188 188 188 187 187 187 188 188 188 188
 188 188 189 189 189 189 188 187 187 187 187 187 188 189 189 188 188 187
 188 188 187 187 187 187 187 187 188 188 188 188 188 188 187 187 187 188
 184  29]","[ 29  29 181 181 182 182 182 181 181 181 181 182 182 182 181 180 180 180
 180 180 180 181 181 182 181 182 182 182 182 182 182 182 183 183 182 183
 183 183 183 182 183 183 183 183 184 184 184 183 183 183 183 183 183 183
 183 183 183 183 182 182 182 182 182 183 183 184 185 185 184 184 184 184
 183 183 182 183 181 157 123  83  61  61  61  61  63  68  71  72  68  66
  65  66  67  68  71  75  77  81  80  85  95 131 170 189 187 187 188 189
 190 190 189 189 188 188 188 188 188 188 187 187 188 188 188 189 189 189
 189 188 188 188 187 187 187 188 189 189 189 189 189 188 189 189 189 188
 188 187 187 187 188 189 188 188 188 188 188 188 187 188 188 189 188 188
 187 187 188 188 188 188 188 187 187 187 187 187 188 189 189 188 188 188
 188 188 188 188 188 187 187 187 188 188 187 187 188 188 187 187 187 188
 184  29]","[ 29  29 181 181 181 182 182 181 181 181 181 181 182 181 181 180 180 180
 181 181 181 181 181 182 181 181 182 182 182 182 181 181 182 182 183 183
 184 183 182 182 183 183 182 182 183 183 183 183 182 182 183 183 183 183
 183 182 183 183 182 182 182 182 182 182 184 184 184 184 183 183 183 182
 181 183 183 185 183 158 126  88  60  61  61  61  62  66  69  70  68  67
  66  66  65  66  69  73  76  79  80  83  88 119 162 189 187 187 187 188
 189 189 189 189 188 188 188 188 187 187 187 187 188 188 189 189 190 190
 189 189 188 188 188 188 188 188 188 188 189 189 189 189 189 189 189 188
 189 188 187 187 188 189 188 188 189 189 189 188 188 188 189 189 189 188
 188 188 188 189 189 188 188 188 187 187 187 187 187 188 188 188 188 188
 189 189 188 188 188 188 187 187 188 187 187 186 188 188 187 187 187 188
 185  29]","[ 29  29 181 181 182 183 184 183 180 181 181 181 181 181 181 180 180 181
 182 181 180 180 180 181 181 181 182 182 182 182 182 181 181 182 182 183
 183 183 183 182 183 183 182 181 181 182 182 182 182 183 184 184 183 182
 182 182 183 183 182 182 182 182 182 182 184 184 184 183 183 184 183 182
 182 183 183 184 180 153 121  84  68  66  64  63  65  68  70  70  67  67
  66  66  66  66  69  72  77  80  81  83  85 109 154 188 188 187 187 188
 189 189 189 188 190 189 188 188 187 187 187 187 189 189 189 190 191 191
 190 190 188 188 188 187 187 187 188 188 189 189 189 188 189 189 189 188
 189 188 188 188 189 189 189 188 189 189 189 189 189 189 189 189 189 188
 188 188 189 189 189 189 188 187 187 187 187 187 188 188 187 187 188 188
 189 189 188 187 188 188 188 188 188 188 188 187 188 188 187 187 187 189
 186  29]","[ 29  29 181 181 182 183 183 182 179 179 180 180 180 180 180 180 180 181
 181 181 180 180 181 182 181 181 181 181 181 181 181 181 181 180 181 181
 182 183 183 183 183 182 181 180 181 181 181 181 182 183 183 183 183 182
 182 182 182 182 182 182 182 182 182 182 184 183 183 182 183 184 184 183
 186 186 185 186 180 153 119  84  69  68  66  64  65  68  70  70  68  67
  66  66  67  69  72  74  80  82  84  86  87 103 148 186 189 188 188 188
 188 189 189 188 190 189 189 188 187 187 187 188 190 189 190 190 191 191
 190 190 189 188 187 186 186 186 187 187 188 189 189 188 188 189 189 188
 188 189 189 189 190 189 188 188 188 188 188 189 189 189 189 189 188 188
 187 188 188 188 188 188 188 187 187 187 187 187 188 189 188 188 188 189
 189 189 188 188 188 188 188 188 188 188 188 188 188 188 188 188 188 189
 186  29]","[ 29  29 181 181 182 182 182 180 179 179 180 180 180 180 180 180 179 180
 180 180 180 180 181 182 182 182 181 180 180 180 180 180 180 180 180 181
 182 183 183 183 183 182 181 180 180 181 181 181 181 181 182 182 182 182
 182 182 181 181 182 182 182 182 182 181 182 182 182 182 182 183 184 183
 181 180 179 181 177 149 117  83  64  66  65  64  63  66  69  70  68  68
  67  67  69  72  74  75  81  82  86  88  90 100 141 178 188 188 188 188
 188 188 188 188 189 189 188 188 188 188 189 189 190 189 189 189 190 190
 189 189 189 188 187 186 186 186 187 188 188 188 189 188 188 188 189 189
 188 189 189 190 190 189 188 187 187 187 188 188 189 190 190 190 188 188
 188 188 188 189 189 188 188 187 187 187 187 188 188 189 189 189 189 189
 190 190 189 189 189 188 188 188 188 188 187 186 188 188 188 188 188 189
 186  29]","[ 30  29 180 180 180 181 181 179 179 180 180 180 179 179 178 179 179 179
 180 180 180 181 181 182 182 182 181 181 180 180 180 180 180 180 180 181
 182 182 182 182 182 181 181 180 181 181 181 181 181 180 180 180 180 181
 181 182 181 181 181 181 181 181 181 181 182 182 182 182 182 182 182 181
 183 182 181 183 176 147 114  81  68  68  66  64  65  68  71  73  68  68
  68  68  69  71  74  75  80  80  84  88  91  96 131 165 186 187 188 189
 188 188 188 189 189 189 188 188 189 189 189 190 189 189 189 189 189 189
 189 189 189 189 188 187 187 187 188 188 187 188 188 188 188 188 189 188
 188 188 189 189 189 189 188 187 188 188 188 188 189 190 190 189 189 188
 188 188 189 189 189 189 189 188 188 188 188 188 188 189 190 189 189 189
 190 190 190 189 189 188 188 188 188 188 187 187 188 189 188 188 188 189
 186  29]","[ 30  29 179 179 180 181 181 180 179 179 179 179 178 177 177 177 179 179
 180 181 181 181 181 181 182 182 182 182 182 181 181 180 180 180 181 182
 183 182 181 181 182 181 181 180 181 181 181 181 181 180 179 179 179 180
 180 180 180 180 181 181 181 181 181 181 183 183 183 182 182 182 181 180
 180 180 180 182 174 143 110  78  73  69  64  61  64  69  71  71  67  68
  68  67  68  70  73  74  78  78  82  86  90  92 123 155 185 186 188 188
 188 188 188 189 189 189 189 189 189 189 189 189 189 189 189 189 190 190
 190 190 188 188 188 187 187 187 187 187 187 188 188 188 187 188 188 188
 188 188 189 189 188 188 188 187 189 189 188 189 189 189 188 188 188 188
 187 188 188 189 189 188 190 189 189 188 188 188 188 189 190 189 189 189
 189 189 189 189 188 188 188 188 189 189 188 188 188 188 188 188 188 189
 186  29]","[ 29  29 180 179 179 179 180 180 179 178 178 180 178 175 174 176 178 179
 181 181 180 179 180 180 181 181 181 181 182 181 180 180 180 180 181 181
 183 183 182 180 180 180 181 181 181 181 181 181 182 181 179 179 179 179
 179 179 178 181 179 178 179 180 181 180 182 182 181 181 181 181 182 182
 179 180 178 180 172 138 107  76  74  69  64  59  60  65  67  70  68  69
  68  68  68  68  69  74  76  81  81  86  93  96 110 153 191 186 187 187
 187 189 188 188 189 189 189 189 189 189 189 189 189 188 187 188 189 190
 190 189 189 188 187 187 187 187 187 187 187 188 188 188 188 188 188 189
 189 189 188 188 188 188 187 187 187 187 188 188 188 188 187 187 187 187
 187 187 187 188 188 188 188 188 188 188 188 188 188 189 188 189 189 190
 189 189 189 189 188 188 188 187 187 187 187 187 187 187 187 187 187 188
 185  30]","[ 29  29 180 180 180 179 180 179 180 179 179 179 178 175 174 174 179 180
 181 181 181 181 181 181 182 182 182 182 182 182 181 180 180 180 181 181
 182 183 182 181 181 181 182 182 181 181 181 181 182 181 180 180 180 180
 180 179 178 180 180 180 181 179 179 179 179 181 183 184 184 182 180 180
 181 179 178 180 174 136 100  75  73  68  63  58  57  62  65  69  68  69
  68  68  69  69  70  74  75  78  82  85  91  95 101 142 186 187 186 186
 187 187 188 188 189 189 189 190 190 189 189 189 188 188 187 188 189 190
 189 189 188 188 187 187 187 187 187 187 187 188 188 188 188 188 188 189
 188 188 188 188 188 187 187 187 188 188 188 188 188 188 188 187 187 188
 188 188 188 188 187 187 188 188 188 187 187 187 188 189 189 190 190 190
 189 189 188 188 189 189 189 188 188 187 187 187 187 187 187 187 187 188
 185  30]","[ 29  29 181 181 180 180 180 179 180 179 179 179 178 175 175 175 179 179
 180 180 181 181 181 182 181 181 181 181 182 181 180 180 179 180 181 181
 181 182 182 181 180 181 182 182 182 181 181 181 182 181 180 180 180 180
 179 179 179 179 178 178 179 178 178 181 181 182 182 181 181 184 184 182
 181 178 179 181 171 131  89  74  70  65  61  56  55  59  62  67  68  69
  68  68  70  70  71  74  76  76  84  85  91  96  96 131 179 188 185 185
 188 186 188 188 189 189 190 190 190 190 189 189 188 187 188 188 189 190
 189 188 187 187 186 186 187 187 187 187 187 187 188 189 188 188 188 188
 188 188 188 188 187 187 187 187 187 187 187 187 187 187 187 187 187 188
 188 188 188 188 187 187 189 188 188 187 187 187 188 189 190 190 190 190
 189 189 188 188 189 189 188 188 187 187 187 187 187 187 187 187 187 187
 185  29]","[ 29  29 181 181 180 180 180 179 179 179 179 180 179 177 177 178 179 179
 179 179 180 181 181 181 181 181 181 181 180 180 179 179 178 180 181 181
 181 181 182 182 179 180 181 182 181 181 180 180 180 180 180 180 180 180
 179 179 179 180 181 178 179 181 181 185 190 194 196 195 196 196 192 185
 180 180 180 180 165 131  79  69  66  62  59  54  53  57  60  65  68  69
  67  67  69  70  71  74  78  78  83  86  91  96  97 123 172 189 185 185
 188 185 188 188 188 189 189 189 189 189 189 189 187 188 188 189 190 190
 189 188 187 187 186 186 187 187 187 187 187 187 188 188 188 188 188 188
 188 188 188 188 187 187 187 187 187 187 187 187 187 187 186 186 187 187
 188 188 188 188 188 188 188 188 188 187 187 187 188 189 190 190 189 189
 189 189 189 188 188 188 188 187 187 187 188 188 187 187 187 187 187 187
 185  29]","[ 29  29 180 180 180 179 180 179 179 179 179 180 179 179 179 179 180 180
 179 179 180 181 181 180 181 181 181 181 181 180 180 180 179 180 181 181
 181 181 182 182 180 181 182 182 181 180 180 180 180 180 181 181 181 180
 180 180 179 180 180 178 182 188 186 187 183 174 164 155 152 154 163 172
 174 181 182 180 163 135  77  65  65  61  58  54  53  56  58  63  67  68
  67  66  68  69  71  74  78  81  80  86  90  92  96 111 164 187 187 185
 189 187 188 188 188 188 188 189 189 189 189 188 188 188 188 189 190 189
 189 188 188 188 187 187 188 188 188 188 187 187 188 188 187 187 188 188
 188 188 188 188 187 187 187 187 187 188 188 188 188 187 187 187 187 187
 187 187 188 188 188 189 188 188 188 188 187 187 188 188 190 189 189 189
 189 189 188 187 188 188 188 188 188 188 189 189 188 188 187 188 187 188
 185  30]","[ 29  29 180 180 180 179 180 179 179 179 180 179 179 179 179 179 180 179
 179 179 180 180 179 179 181 181 182 181 181 180 180 180 180 181 181 181
 181 181 182 182 182 182 182 182 181 180 180 180 180 180 180 181 180 180
 181 181 182 179 180 180 185 180 157 142 119 109 103 101  94  89 100 117
 149 166 181 179 160 130  76  67  64  59  57  54  53  54  54  58  64  66
  66  65  66  68  70  73  77  82  80  87  88  89  92  98 153 181 189 186
 188 188 188 188 188 188 189 189 189 189 189 188 188 188 189 189 189 189
 189 188 188 187 187 187 187 188 187 187 187 188 188 187 187 187 187 188
 188 188 188 188 187 187 187 187 187 187 187 187 187 187 187 187 187 187
 187 187 188 188 189 189 187 188 188 188 188 188 188 188 190 190 189 189
 188 188 187 187 187 187 187 187 188 188 189 189 187 187 187 187 187 187
 185  29]","[ 29  29 180 179 179 179 180 179 180 180 180 180 179 179 179 179 179 179
 179 179 179 179 179 178 180 181 181 181 180 180 180 180 181 181 182 181
 181 181 181 181 181 182 182 181 181 181 181 181 180 181 181 180 180 180
 180 181 182 179 184 182 173 145  99  74  72  70  72  75  72  68  74  84
 109 132 166 169 157 117  72  65  59  54  52  51  51  51  50  52  59  64
  65  64  65  66  69  73  76  80  82  87  87  90  91  95 140 172 190 187
 187 188 187 188 188 188 188 189 189 189 189 188 188 188 188 189 189 188
 188 188 188 187 187 187 187 187 187 186 188 188 188 188 187 187 187 187
 187 187 187 187 187 188 188 188 186 187 187 187 187 187 187 187 187 187
 188 188 188 188 188 188 188 188 188 188 188 188 189 189 190 190 189 189
 188 187 187 187 187 187 187 187 187 188 188 189 187 187 187 187 186 187
 184  29]","[ 29  29 179 179 179 179 180 180 180 181 181 180 179 180 180 180 179 179
 179 180 180 180 179 179 180 181 181 181 180 180 180 181 181 182 182 181
 181 181 181 181 180 180 180 180 180 181 182 183 182 182 182 181 181 180
 181 181 180 178 181 168 143 106  69  58  57  59  60  60  62  68  71  72
  80  99 143 155 156 109  68  57  55  49  48  48  49  49  46  47  56  62
  65  64  64  66  69  72  75  77  83  86  86  94  93  98 130 165 190 188
 185 188 186 188 187 187 188 188 189 188 188 188 188 188 188 188 188 188
 188 188 189 188 188 188 188 188 187 187 188 188 189 189 188 187 187 187
 186 186 186 187 187 188 188 188 187 187 187 187 188 188 188 188 188 188
 188 189 189 188 188 187 188 188 188 188 188 188 189 190 189 189 189 189
 188 187 188 188 188 188 187 187 187 188 188 189 188 189 188 188 188 188
 186  30]","[ 29  29 179 179 180 179 180 181 180 180 180 180 179 179 179 179 180 180
 180 180 180 180 180 179 180 180 180 180 179 179 180 181 179 180 180 180
 181 180 180 180 180 180 180 181 181 181 181 181 182 183 183 182 181 180
 180 181 180 180 180 154 113  73  57  56  58  59  57  59  65  66  67  72
  72  84 114 141 139 104  65  51  51  48  47  48  49  47  46  46  52  59
  65  65  64  65  68  69  73  77  80  83  87  91  92  94 122 163 188 190
 186 188 185 189 186 186 187 188 189 189 188 188 188 188 188 188 188 188
 188 188 187 187 187 187 187 187 187 187 188 188 188 188 188 187 186 186
 185 184 185 187 187 187 186 186 186 186 185 186 186 187 187 187 187 188
 189 189 188 188 188 189 188 187 187 187 187 188 188 189 189 188 188 188
 187 188 188 188 186 187 187 187 187 187 187 188 188 188 187 188 187 187
 185  29]","[ 29  29 179 178 179 178 178 179 180 180 180 179 179 179 179 179 179 179
 179 179 179 179 178 178 180 180 180 180 179 179 180 180 180 180 180 180
 180 180 180 180 179 179 180 180 180 180 181 181 181 182 182 182 181 180
 181 181 177 179 175 136  88  61  55  58  57  57  56  59  64  65  64  67
  74  76  92 109 109  86  59  50  47  44  43  46  48  47  46  45  48  53
  59  60  61  65  68  70  74  78  80  82  86  89  90  93 112 151 180 187
 184 186 184 185 186 187 188 188 189 189 188 187 188 188 188 189 188 188
 188 188 188 188 187 187 187 187 187 187 188 188 188 188 187 187 186 185
 186 185 185 187 187 187 187 187 186 185 185 185 186 186 186 186 187 187
 188 188 188 188 188 188 187 187 187 187 187 188 189 189 188 188 188 188
 188 188 188 188 187 187 187 187 187 187 187 188 187 187 187 187 187 188
 185  29]","[ 29  29 179 178 179 178 178 179 179 179 179 179 179 179 179 179 179 179
 179 179 179 179 179 179 180 180 180 180 180 180 180 180 181 180 179 179
 179 179 180 181 180 180 180 180 180 181 181 181 180 180 180 180 180 180
 180 180 182 179 169 126  76  61  56  58  55  57  57  59  61  61  63  67
  74  74  83  96  98  82  58  48  43  41  40  44  47  48  47  46  46  49
  53  55  58  64  69  71  73  76  79  81  85  88  90  93 106 142 175 189
 185 188 188 186 186 186 187 189 189 189 188 187 188 188 188 189 189 189
 188 188 188 188 188 187 187 187 187 187 188 188 188 188 187 186 186 186
 186 185 186 187 187 187 187 187 186 185 185 186 186 187 187 187 187 187
 187 188 188 188 188 188 187 187 187 187 187 188 189 189 188 188 188 187
 188 188 188 188 188 188 188 187 186 186 187 188 187 187 187 187 187 188
 185  30]","[ 30  29 179 178 179 178 178 179 179 179 179 179 179 179 179 179 180 180
 180 179 179 179 179 179 180 180 181 181 181 181 180 180 181 180 179 179
 179 179 180 180 180 180 180 180 180 181 181 181 180 180 180 180 180 180
 180 180 176 176 166 118  65  60  59  58  56  56  56  57  60  61  64  68
  73  72  77  83  85  75  56  47  41  40  40  43  46  48  49  50  48  49
  50  51  55  62  68  70  71  74  77  80  84  86  89  93 100 132 169 188
 183 185 188 186 185 186 187 188 189 189 188 188 188 188 188 188 188 188
 188 187 188 188 187 187 187 187 187 188 187 188 188 187 186 185 185 185
 186 185 185 186 187 186 186 186 185 185 185 186 186 187 187 187 187 187
 187 187 188 189 189 188 187 187 187 187 187 188 188 189 188 188 187 187
 187 187 187 187 187 187 188 187 187 187 187 188 187 187 187 188 187 188
 185  29]","[ 29  29 178 178 179 178 178 179 179 179 179 179 179 179 179 179 179 179
 179 179 179 179 179 179 179 179 180 180 181 180 180 179 180 180 180 179
 179 179 179 180 180 180 180 180 180 180 181 181 182 181 181 180 180 180
 180 180 181 182 165 113  63  64  64  58  57  54  53  56  60  63  65  66
  75  75  78  79  79  72  57  50  39  40  41  43  45  47  50  53  51  50
  49  49  53  59  65  68  70  74  76  79  82  83  86  90  94 122 163 188
 183 183 186 186 186 186 186 187 188 189 189 188 188 187 187 188 188 188
 187 187 187 187 187 187 186 186 186 187 186 187 187 186 185 184 184 185
 185 185 185 186 187 186 185 185 184 184 184 185 186 186 186 186 188 187
 187 188 189 190 189 188 188 187 187 187 187 187 188 188 188 188 188 187
 187 186 186 186 186 187 187 188 188 187 187 187 188 188 188 188 187 188
 185  29]","[ 29  28 178 178 180 179 179 180 179 179 179 178 179 179 179 179 179 179
 179 178 178 178 178 178 179 180 180 180 181 181 180 180 179 179 180 180
 180 180 180 179 180 180 180 180 180 180 181 181 182 181 180 179 178 178
 179 179 178 175 159 119  74  61  60  56  54  53  56  59  59  60  64  67
  70  73  78  78  76  68  51  43  37  39  40  41  42  45  50  53  53  51
  50  50  53  58  62  65  67  70  74  77  79  80  83  89  90 111 153 187
 186 184 186 187 187 187 186 186 187 188 188 188 188 188 187 188 189 188
 188 187 187 187 187 187 187 187 186 186 186 187 186 186 186 185 185 185
 185 185 185 186 186 185 185 185 185 185 185 185 186 186 186 186 188 187
 187 188 189 189 189 188 188 188 187 187 187 187 187 187 188 188 188 187
 187 186 185 185 185 186 187 188 188 187 187 187 188 188 188 188 187 188
 185  29]","[ 30  29 178 178 180 179 179 180 179 179 179 178 178 179 179 179 179 179
 179 179 179 179 179 179 180 180 180 180 181 181 181 180 179 179 179 180
 180 180 180 180 181 180 180 180 180 180 181 181 181 180 179 177 176 176
 177 178 178 178 167 138  99  68  59  51  54  53  56  58  57  59  64  67
  72  74  77  75  73  65  49  40  35  36  38  39  41  44  48  51  52  51
  50  51  53  56  59  61  62  66  70  74  77  78  81  87  86 100 139 179
 185 183 184 185 187 186 186 186 187 187 187 187 188 188 187 188 188 188
 187 186 185 185 186 187 187 187 187 187 186 186 186 186 186 186 186 186
 185 184 183 184 184 184 184 185 185 185 185 186 186 187 186 186 188 187
 187 187 188 188 188 187 187 187 187 187 187 187 187 187 187 187 187 187
 187 186 186 185 185 186 187 188 187 187 187 187 187 187 187 188 187 188
 185  29]","[ 29  28 177 177 178 178 178 178 179 179 179 178 178 179 179 179 179 179
 179 179 179 179 179 179 180 179 179 179 180 180 180 180 179 179 179 180
 180 180 180 180 180 180 179 179 179 180 180 180 180 180 178 176 174 174
 176 178 180 182 173 158 150 136 118  86  60  51  48  52  56  62  65  63
  69  71  75  75  73  64  45  33  34  35  36  38  40  44  47  49  50  49
  50  52  53  54  56  57  61  65  69  73  75  75  78  84  88  95 129 173
 185 185 184 187 186 186 186 186 187 188 187 187 188 187 187 187 188 188
 186 185 181 182 184 185 186 187 187 186 185 185 184 184 185 185 185 185
 185 183 182 182 182 182 183 184 185 185 185 186 186 186 186 186 187 187
 186 186 187 187 187 187 187 187 187 187 187 188 188 188 187 187 187 187
 187 187 186 186 186 187 187 187 187 186 186 187 186 186 186 187 187 188
 185  29]","[ 29  29 176 178 176 173 173 175 179 179 179 179 179 179 179 179 179 179
 179 179 179 179 179 179 179 179 179 179 180 180 180 181 180 180 180 180
 180 180 181 181 180 180 179 179 179 180 181 181 180 180 178 179 175 176
 175 179 171 153 135 125 127 132 130 129 121 101  89  75  58  54  61  65
  66  75  75  76  76  63  48  37  33  35  38  38  35  41  48  44  47  48
  50  51  52  53  55  57  62  65  70  72  73  74  78  80  82  90 123 166
 185 181 185 185 186 186 186 186 187 187 187 187 187 187 187 187 188 188
 187 186 182 182 183 185 186 186 186 188 185 184 183 183 184 186 186 186
 186 185 184 183 182 181 182 183 186 186 187 187 187 187 187 187 187 187
 188 188 188 188 187 187 187 186 186 187 187 187 187 188 187 187 187 188
 188 188 188 188 188 188 188 187 187 186 186 186 187 186 186 188 188 188
 184  28]","[ 29  29 175 176 171 168 168 170 174 176 178 179 179 180 179 178 179 179
 179 179 179 179 179 179 180 179 179 179 179 180 180 181 180 180 180 180
 180 180 180 180 180 179 179 179 180 180 180 181 180 180 180 178 180 180
 172 158 129 107  91  88  94 102 111 124 126 129 132 118  96  80  66  59
  67  68  74  76  73  64  51  41  38  32  34  41  38  34  39  45  45  46
  48  49  50  52  54  55  61  64  69  72  73  74  77  79  80  89 113 154
 178 182 183 185 186 186 186 187 187 187 187 186 186 186 186 186 187 187
 187 186 184 183 183 184 185 186 186 187 185 185 184 185 186 186 185 183
 183 183 183 183 183 182 183 184 185 186 186 186 186 186 186 186 187 187
 187 187 187 187 187 186 187 186 187 187 187 187 187 188 186 186 187 187
 187 187 187 187 187 187 187 187 187 186 186 186 186 185 185 187 187 187
 184  28]","[ 30  30 174 173 166 162 163 166 172 174 177 179 179 180 179 179 179 179
 179 179 179 179 179 180 180 180 179 179 179 179 180 181 180 180 179 179
 179 180 179 179 179 179 179 179 180 180 180 180 178 176 179 177 180 172
 153 124  99  81  70  68  69  71  79  94 105 111 111 107 114 118  99  81
  66  67  77  75  69  67  51  35  34  34  34  33  34  36  38  38  43  45
  47  49  50  52  54  55  60  63  68  71  73  75  77  79  81  90 103 140
 172 184 181 183 185 185 185 186 187 187 187 186 186 186 186 186 186 187
 187 187 186 185 182 182 184 186 186 184 184 184 184 185 186 186 184 182
 181 182 183 184 184 184 184 185 186 186 186 186 187 186 186 186 187 187
 187 187 187 187 187 186 186 186 186 187 187 187 187 187 186 187 187 187
 187 187 187 187 186 186 186 186 186 187 187 187 186 185 185 187 187 187
 185  29]","[ 30  30 174 172 164 160 162 166 173 175 177 178 178 179 179 180 180 180
 180 179 179 179 180 180 181 180 180 179 179 179 180 180 180 179 178 179
 179 180 179 179 179 179 179 179 179 179 179 179 179 176 179 178 170 150
 122  95  72  66  65  63  63  64  67  74  81  95 103  98 100 110 110 108
  95  77  70  73  71  62  49  41  34  33  32  31  32  34  37  43  42  44
  48  50  52  53  54  56  58  61  66  70  73  75  77  78  81  88  95 125
 170 187 182 181 183 183 183 185 186 186 186 186 186 186 186 186 186 186
 187 187 187 186 184 182 183 186 186 184 183 183 182 184 185 186 185 184
 183 183 184 185 185 185 185 186 186 186 186 187 187 187 186 186 187 187
 187 187 187 187 187 187 186 186 186 187 188 187 187 188 187 187 187 187
 187 187 187 187 187 186 186 186 187 187 187 187 187 186 186 187 187 187
 185  29]","[ 30  29 174 173 166 163 165 170 175 177 179 178 178 178 178 178 179 179
 180 179 179 179 180 180 180 180 180 180 179 179 179 179 179 179 178 178
 180 180 180 179 179 179 179 179 179 179 179 179 178 178 175 166 142 117
  92  75  60  60  61  60  60  64  66  71  72  82  96  99 100 108 114 116
 119 122 104  87  72  57  46  30  38  33  31  29  31  33  32  37  40  43
  47  50  52  53  54  55  57  60  64  67  70  73  74  76  77  82  88 108
 162 185 185 182 182 182 183 184 185 186 186 186 186 186 186 186 186 186
 187 187 187 187 186 183 183 185 185 184 183 183 184 185 186 186 186 185
 184 184 184 185 185 184 185 186 186 186 186 187 188 187 186 186 186 187
 187 187 187 187 187 187 186 186 186 187 188 187 187 188 186 186 186 187
 187 187 187 187 188 187 187 187 187 187 187 187 187 187 187 187 187 187
 184  29]","[ 29  29 174 174 169 167 169 173 175 177 179 179 178 177 175 174 177 178
 179 179 179 179 179 180 180 180 180 180 180 179 179 179 179 179 178 179
 180 180 180 180 179 179 179 179 179 179 179 179 176 178 163 137 107  92
  75  66  66  61  60  58  58  58  60  66  70  73  88 101 108 114 115 114
 122 147 151 152 137 101  69  41  28  28  35  33  30  32  33  41  38  41
  46  49  50  52  54  56  58  60  63  66  68  70  72  74  76  78  82  91
 144 175 184 181 183 183 183 184 185 185 185 185 185 185 186 186 186 186
 187 187 186 186 185 183 182 182 183 183 183 184 185 186 186 185 183 182
 183 183 183 183 183 183 184 186 184 185 186 186 187 187 186 185 186 187
 187 187 187 187 186 186 184 184 184 185 185 185 186 187 186 186 186 187
 187 187 187 187 188 187 187 187 187 187 187 186 188 187 187 187 186 186
 184  29]","[ 29  29 173 174 172 170 171 174 175 176 177 177 177 176 175 174 176 177
 179 180 179 179 179 179 180 179 179 179 179 179 179 179 180 179 179 179
 179 179 179 179 179 179 179 179 179 179 179 179 176 172 144 107  86  80
  73  67  62  55  54  55  56  56  58  65  67  68  76  90 105 111 106 104
 116 137 144 150 156 152 135 103  64  36  24  25  30  33  29  31  37  40
  44  46  48  50  54  56  58  60  62  64  66  69  72  74  77  78  80  81
 124 163 181 180 182 183 184 185 186 186 185 184 183 184 185 186 186 186
 186 186 187 185 183 182 180 179 180 181 182 184 186 186 185 183 181 181
 183 182 182 182 182 181 183 184 183 184 185 186 186 186 186 185 187 187
 188 188 187 186 185 184 183 182 182 182 183 183 184 185 186 186 186 187
 187 187 187 187 188 187 186 186 187 187 187 186 187 187 187 187 186 186
 184  29]","[ 30  29 173 175 173 172 172 173 175 176 176 176 176 177 177 176 175 177
 179 180 180 179 179 180 180 179 179 179 179 179 179 180 180 180 180 179
 179 179 179 179 179 179 179 178 178 179 179 180 172 160 125  84  75  73
  70  65  62  57  55  54  54  56  58  63  63  68  66  64  74  80  83  95
 109 119 131 139 142 150 157 152 133 100  69  38  22  28  31  33  36  39
  42  44  46  49  53  56  57  59  61  63  65  68  72  75  76  78  79  78
 113 157 180 183 180 181 183 185 186 186 184 183 182 183 185 186 185 185
 185 185 189 186 183 182 180 179 179 181 183 184 185 185 183 182 183 184
 183 182 182 182 181 181 181 182 182 183 185 186 186 186 186 186 187 187
 187 187 186 185 183 182 183 182 182 182 183 183 184 186 185 185 186 186
 186 186 186 186 187 186 185 186 187 187 187 186 186 186 185 186 185 185
 183  29]","[ 29  29 174 172 173 173 169 172 175 175 174 174 174 174 175 175 176 176
 177 178 178 178 178 179 177 181 180 179 180 178 177 179 176 177 178 178
 178 178 178 178 179 179 179 175 180 179 180 179 163 140 104  73  71  71
  67  66  59  57  56  55  56  58  59  60  62  58  55  54  56  63  76  89
 101 111 118 116 116 124 131 130 131 127 115  85  41  23  32  33  33  31
  40  41  41  47  46  51  54  52  54  59  64  67  71  74  75  74  75  77
  94 147 180 183 180 180 181 184 185 183 182 183 183 183 183 183 183 184
 184 185 184 184 183 181 180 179 180 182 181 181 182 184 184 183 182 181
 182 182 182 182 182 181 182 182 183 183 182 182 185 186 186 185 186 186
 186 186 186 185 184 182 182 183 183 183 183 183 184 185 186 185 185 186
 186 185 185 185 185 185 185 185 186 186 186 185 184 186 184 183 183 183
 181  28]","[ 30  31 170 171 170 172 171 173 171 173 175 177 176 175 175 174 173 174
 175 176 176 176 177 178 179 179 177 177 179 180 177 176 176 177 177 177
 176 177 178 178 179 179 178 176 177 177 181 173 149 113  84  70  71  69
  64  62  57  56  55  56  58  60  60  60  56  52  50  51  54  61  75  88
  97 100 102 102 104 108 104  95  96 106 106  95  72  41  28  31  34  31
  35  36  36  44  50  47  49  50  53  57  61  65  69  73  73  71  69  71
  83 132 174 184 181 180 181 184 184 183 183 183 183 183 183 184 184 184
 184 185 184 184 183 182 181 180 180 181 181 182 183 184 184 183 182 182
 182 182 182 183 183 183 183 183 183 183 182 182 184 185 185 184 185 185
 185 185 184 185 184 183 186 186 186 186 185 185 186 187 185 185 184 185
 184 184 183 183 183 184 185 186 185 185 184 184 181 183 182 181 182 182
 181  28]","[ 29  30 170 175 172 171 171 168 171 173 174 174 173 173 174 175 175 176
 177 177 176 175 175 176 176 176 177 177 176 176 177 176 175 176 176 175
 175 175 176 176 174 176 177 178 178 178 181 160 132  96  79  75  70  64
  63  60  56  54  53  55  58  61  61  60  54  51  50  51  53  60  73  85
  95  88  82  80  84  88  85  77  76  87  91  97  96  68  40  32  31  32
  31  34  36  39  46  47  47  50  54  57  60  65  70  73  68  67  66  73
  84 124 168 183 180 179 180 181 182 182 181 181 181 182 182 183 183 183
 183 182 183 183 184 183 181 180 180 181 181 183 184 183 181 180 179 180
 181 181 182 182 183 183 183 182 182 182 182 182 182 183 183 182 183 184
 184 183 183 184 185 185 186 186 186 186 185 185 185 186 187 186 186 186
 186 185 184 183 182 183 185 185 184 183 182 181 181 182 182 182 183 184
 182  29]","[ 30  28 168 169 168 170 174 173 172 172 171 171 171 171 171 172 172 173
 174 175 175 176 176 176 175 175 177 177 174 174 177 175 175 176 176 175
 175 175 175 175 173 174 174 175 174 175 172 135  96  75  71  68  63  60
  63  61  56  53  51  51  54  57  59  59  52  50  48  49  50  55  64  74
  73  72  75  80  81  79  71  63  66  69  76  90 101  94  65  31  25  33
  33  33  36  36  39  47  47  51  54  56  60  66  70  71  68  63  59  69
  82 114 161 181 180 179 180 180 181 180 180 179 180 181 181 181 182 182
 181 181 181 182 181 180 179 179 180 181 181 182 183 182 180 179 179 180
 179 179 180 181 181 181 181 180 179 180 181 181 181 182 181 180 181 182
 183 182 183 184 186 187 186 186 185 185 184 184 184 184 184 184 184 184
 184 184 183 182 182 184 185 185 184 182 181 180 180 181 181 182 183 183
 181  28]","[ 30  27 169 165 167 166 167 166 169 169 170 172 173 173 172 170 174 174
 173 173 174 175 174 172 175 172 174 175 174 176 177 174 173 174 174 174
 174 174 173 172 172 173 172 173 173 171 160 113  84  75  71  65  65  64
  62  58  58  55  53  50  50  51  53  54  49  48  47  47  48  51  57  64
  65  63  64  67  67  65  64  63  63  63  68  80  94 107  94  59  32  31
  36  32  31  37  37  43  47  49  51  54  60  67  69  67  66  61  59  71
  82 107 154 177 179 179 180 180 180 179 179 178 180 180 180 180 180 180
 181 181 181 182 181 179 178 179 180 181 178 179 180 179 178 179 179 179
 179 179 179 180 180 180 180 179 179 180 181 181 181 181 180 179 180 181
 182 182 182 184 185 186 187 186 186 185 184 184 184 184 183 183 183 183
 184 185 184 183 183 184 185 184 183 181 181 181 181 182 182 183 184 183
 181  28]","[ 29  30 168 170 174 174 172 171 165 165 165 167 169 170 171 170 168 168
 169 171 175 178 178 176 169 170 173 175 175 178 181 181 176 177 178 178
 179 178 177 176 169 171 172 174 172 161 137  90  74  69  67  62  66  64
  60  60  59  58  56  53  50  48  47  47  47  46  46  47  48  50  54  58
  57  54  56  60  59  57  58  58  61  66  68  73  86 101 105  96  59  32
  32  34  29  34  36  40  46  47  49  52  58  64  66  64  61  58  64  76
  87 106 148 174 175 177 178 178 177 177 177 177 179 179 179 179 179 180
 180 180 179 180 179 176 175 177 179 179 179 180 181 179 178 179 179 178
 180 179 179 179 180 180 180 179 179 180 181 181 181 181 180 180 179 180
 180 180 181 182 183 183 185 185 184 183 182 181 181 181 182 183 182 182
 182 184 184 183 181 182 182 182 181 180 180 180 181 182 182 184 184 183
 181  30]","[ 29  28 138 137 135 135 137 137 138 138 136 135 135 137 139 141 145 145
 144 143 143 144 141 138 140 145 149 149 148 149 153 157 160 161 163 164
 165 166 164 163 161 162 165 165 161 141 113  81  76  71  70  65  64  58
  55  56  57  57  56  54  51  48  46  46  45  44  44  45  47  48  51  53
  52  50  52  55  54  54  56  58  57  65  67  70  78  85  94 100  87  49
  31  33  32  31  33  38  42  44  47  49  53  56  58  58  57  53  61  70
  82  99 136 162 172 175 178 178 177 177 178 178 180 181 181 181 182 182
 182 182 177 179 180 178 178 179 181 180 178 180 181 180 179 180 180 180
 179 178 178 178 179 180 180 179 179 179 179 179 180 181 182 181 179 179
 180 180 181 182 183 182 184 184 184 183 182 181 181 182 181 182 181 179
 180 182 182 180 180 181 181 181 181 180 180 180 179 180 180 182 181 180
 179  28]","[ 29  28 118 120 114 116 121 120 119 120 119 117 114 113 113 115 115 116
 117 116 118 120 119 116 119 123 122 120 121 120 119 122 118 120 121 123
 125 126 125 123 123 122 124 125 125 107  88  75  72  65  66  63  63  60
  58  56  55  55  54  53  51  49  48  48  49  47  46  47  48  49  50  51
  50  49  52  54  52  52  55  58  64  65  63  63  66  74  88  97  98  75
  39  25  33  33  31  34  37  40  43  45  45  46  49  51  52  48  60  71
  83  96 121 140 145 149 153 153 152 153 154 154 157 157 158 159 159 159
 159 158 158 162 163 163 163 165 166 165 166 170 173 173 172 175 177 178
 178 177 176 176 178 179 179 178 177 177 176 176 178 181 183 183 180 181
 181 181 183 185 186 185 185 186 186 186 185 185 186 187 186 186 185 182
 182 184 184 182 182 182 182 183 183 182 182 182 182 182 183 184 183 181
 181  30]","[ 29  29 121 119 117 116 118 120 119 122 122 119 117 118 119 119 119 117
 116 119 122 122 121 121 121 122 122 121 122 122 120 117 117 118 117 116
 118 121 122 121 120 119 119 113 109  91  78  73  70  67  66  65  64  62
  58  52  54  53  52  53  53  53  51  50  47  48  49  49  50  51  52  53
  53  53  53  54  55  56  58  60  61  64  65  65  67  71  80  89  99  97
  66  37  31  31  30  32  33  33  35  38  40  41  44  49  54  61  68  75
  83  96 116 127 126 125 123 123 125 127 128 128 132 128 126 127 129 129
 127 125 125 127 129 131 132 132 132 132 130 131 132 133 133 133 134 134
 136 136 137 137 138 139 139 140 140 137 134 134 136 139 141 142 139 140
 141 143 143 144 144 145 145 148 151 152 152 152 154 154 154 152 154 162
 168 170 170 172 171 171 171 170 169 168 168 169 172 172 173 176 169 173
 173  29]","[ 29  29 121 120 118 118 120 120 120 122 121 120 118 119 119 119 119 118
 118 120 121 121 121 122 122 123 122 121 121 122 120 117 117 118 119 118
 120 123 123 122 122 121 121 115 107  86  73  71  65  64  64  64  63  62
  59  54  51  50  48  49  51  53  52  51  51  50  50  51  53  55  56  56
  55  55  55  55  56  57  59  61  63  65  64  64  65  69  76  83  93 107
  99  67  35  23  26  26  29  31  33  35  37  39  47  56  71  73  74  78
  85  97 114 123 128 129 129 129 129 129 130 130 131 129 128 129 130 130
 129 129 129 129 129 130 131 131 131 131 129 130 130 129 128 127 127 127
 127 128 128 128 127 125 123 122 130 128 127 126 126 127 127 127 128 128
 129 130 130 130 130 131 130 131 131 129 128 128 130 131 134 130 128 129
 129 128 128 129 130 130 129 128 128 127 127 127 125 130 125 125 126 127
 134  25]","[ 28  28 121 120 120 120 120 120 121 121 121 120 120 120 119 119 118 118
 119 120 119 119 120 122 122 122 122 121 121 121 119 116 117 118 119 120
 121 123 123 121 122 119 119 113 102  80  66  63  58  58  60  61  60  61
  59  56  51  48  45  46  48  51  52  52  53  52  51  52  54  56  57  57
  56  56  56  56  56  58  61  64  65  65  63  63  65  67  72  77  86  97
 101  88  57  30  24  26  30  31  30  31  38  45  57  71  81  81  78  80
  85  96 113 122 125 127 129 129 127 126 127 129 129 129 129 130 130 130
 130 131 131 130 129 129 130 131 131 131 131 131 131 131 130 129 129 129
 128 129 131 132 132 131 130 129 131 132 133 133 132 131 131 131 132 132
 132 132 133 133 133 132 136 136 135 132 131 132 133 135 131 132 132 131
 130 130 130 131 134 133 132 132 132 133 132 131 128 134 130 130 136 131
 130  33]","[ 29  28 120 120 120 120 120 119 120 120 121 122 121 120 118 119 117 118
 118 118 118 118 120 122 121 122 122 121 121 121 119 118 117 119 120 120
 121 121 121 120 121 118 115 109  98  79  64  57  53  53  55  57  58  59
  59  56  51  48  44  42  43  46  49  51  53  53  53  54  56  57  57  57
  57  57  56  57  57  58  62  65  64  65  64  63  65  67  70  75  80  88
  93  99  88  53  29  27  29  33  34  38  50  60  70  79  79  81  79  79
  82  91 111 123 125 127 128 127 126 125 127 129 128 128 129 129 129 129
 129 130 129 129 129 129 129 130 131 131 130 130 130 130 130 130 131 131
 129 129 129 129 129 130 130 130 128 129 131 132 132 131 130 130 130 130
 130 131 132 132 132 131 133 134 134 133 132 132 133 133 130 132 133 131
 130 130 132 132 133 132 131 131 133 134 133 132 132 130 131 131 133 134
 132  27]","[ 29  28 119 118 119 119 119 118 118 119 121 122 122 119 118 118 118 118
 118 117 118 119 120 121 121 122 122 122 122 121 120 119 118 119 120 121
 121 121 121 121 123 122 116 106  92  79  67  60  54  52  53  55  56  58
  58  56  51  48  44  41  40  42  45  48  47  49  51  53  54  55  56  56
  58  58  57  57  57  58  61  64  63  64  64  64  65  66  69  74  76  82
  84  95 104  86  53  28  30  39  48  56  66  73  75  76  76  78  77  78
  80  88 106 119 124 125 126 127 127 127 128 129 129 128 128 129 129 128
 128 128 127 128 129 130 129 129 130 131 131 130 130 130 130 129 129 129
 132 131 130 130 130 130 130 131 131 131 131 132 132 131 130 129 131 131
 131 132 133 134 133 133 132 133 133 132 131 131 131 131 132 132 129 125
 124 127 130 131 132 131 130 131 133 134 133 132 132 128 134 132 130 133
 135  30]","[ 30  28 119 118 118 118 118 118 118 120 122 122 121 119 118 118 119 119
 118 117 118 119 120 119 120 120 120 121 121 121 120 119 118 118 119 120
 121 122 122 122 121 122 116 101  80  72  65  61  56  53  52  53  54  57
  57  55  52  50  46  43  41  41  43  45  44  47  49  51  53  54  56  58
  59  58  57  57  58  58  60  61  61  64  64  64  65  65  68  73  75  72
  74  86 100 106  88  56  49  54  63  69  73  74  74  72  73  75  75  78
  82  89 104 114 121 122 123 125 126 126 126 125 128 128 128 128 129 128
 127 127 126 128 130 131 129 128 128 129 131 131 131 131 131 131 130 130
 128 128 129 129 130 131 131 132 132 131 130 130 131 131 130 129 131 131
 131 132 132 132 132 132 133 132 132 131 131 132 133 132 132 132 130 127
 128 131 133 133 132 131 131 131 132 132 132 131 132 131 134 134 134 131
 129  28]","[ 29  29 120 118 118 117 118 118 119 121 121 121 121 121 120 119 119 119
 119 118 118 119 120 119 120 119 119 120 121 120 119 118 117 117 118 120
 121 121 121 120 117 119 113  97  73  64  59  57  54  51  50  49  50  53
  56  55  54  52  49  47  45  44  43  42  45  46  47  49  51  53  57  59
  57  56  56  57  57  58  58  59  61  63  64  64  65  65  67  71  74  74
  77  84  90  99 105  97  81  72  71  74  71  69  70  69  70  73  76  81
  85  91 106 116 123 123 124 126 127 127 126 125 126 126 127 128 128 127
 127 127 127 129 130 130 129 129 129 129 130 129 129 129 130 130 131 130
 129 130 130 130 130 130 130 130 131 130 129 130 131 132 131 131 131 131
 131 131 131 131 132 132 131 131 130 130 131 133 134 133 131 131 131 131
 131 131 131 130 132 132 132 132 132 132 132 132 134 134 131 131 134 131
 130  31]","[ 29  29 121 119 118 118 119 119 121 122 121 120 120 122 122 119 118 120
 120 119 119 120 121 121 121 120 119 121 122 121 120 119 118 117 118 120
 121 121 120 119 117 117 110  98  74  63  56  53  49  47  46  46  46  50
  55  56  55  53  51  49  48  46  42  39  40  39  39  40  42  46  49  52
  54  53  53  55  57  57  57  58  61  63  64  64  66  66  67  70  69  75
  74  77  87  96 105 110 104  81  71  74  70  66  65  62  68  75  81  86
  87  92 107 120 126 125 124 125 125 125 125 125 124 125 127 128 128 127
 128 129 129 129 130 130 130 129 130 130 131 131 130 130 130 131 130 130
 130 130 129 129 130 130 131 132 131 131 131 131 131 131 131 130 131 131
 131 131 131 131 132 132 131 131 131 131 132 133 132 131 133 132 131 130
 130 130 131 132 131 132 132 132 131 131 132 133 131 133 134 134 132 131
 133  27]","[ 30  29 119 118 119 118 119 119 119 120 121 122 122 121 120 119 118 118
 119 120 120 119 118 118 119 119 119 119 120 119 118 117 117 117 117 118
 119 119 119 119 117 116 108  93  77  65  58  54  51  50  48  48  49  48
  51  56  55  55  53  49  48  48  44  39  39  39  37  34  31  31  35  39
  46  49  51  54  56  58  58  57  59  63  66  66  66  66  68  69  71  72
  76  78  81  87  99 116 116 101  80  71  68  67  72  75  81  82  83  87
  90  93 105 122 125 125 125 125 125 126 125 125 126 127 127 127 126 126
 127 128 128 128 128 130 130 130 130 130 130 130 130 130 129 129 130 130
 130 129 129 130 130 130 130 131 130 130 129 129 130 131 130 130 131 131
 132 132 131 131 132 132 131 131 131 131 131 132 132 133 132 132 132 131
 131 131 131 132 131 131 131 131 131 131 132 132 132 131 132 132 132 130
 131  30]","[ 29  28 118 117 119 118 118 118 119 120 121 121 121 120 119 118 118 117
 118 119 119 118 117 117 118 118 118 119 119 119 118 117 117 117 118 118
 118 118 118 118 116 114 105  88  70  60  57  56  54  52  50  49  49  48
  49  53  56  56  53  50  48  47  44  39  40  38  36  32  29  27  29  32
  42  46  52  54  54  55  56  57  60  63  66  66  65  66  67  69  72  73
  77  77  77  80  88 102 115 116 104  87  80  84  90  86  88  88  86  86
  87  90 104 121 123 123 124 125 125 126 126 126 128 128 128 128 129 129
 129 129 129 129 129 130 130 129 129 129 130 131 131 131 130 130 130 129
 129 129 129 130 130 130 130 131 130 130 129 130 130 130 130 130 130 131
 131 131 131 130 131 131 131 131 131 131 131 131 131 132 132 132 132 132
 131 131 130 130 131 131 131 131 132 132 132 132 131 131 131 131 132 130
 131  29]","[ 29  28 118 117 119 119 118 118 119 119 120 120 119 118 117 117 117 117
 117 118 118 117 117 117 117 117 117 118 118 118 117 116 117 117 117 117
 117 117 116 116 116 113 101  83  68  60  57  56  53  52  49  48  48  46
  46  49  58  57  54  50  48  47  43  40  37  36  33  31  29  28  29  32
  39  44  50  52  53  54  55  56  60  63  66  66  65  66  67  69  70  72
  75  73  71  73  79  91 106 115 115 107  95  89  90  87  88  88  87  85
  86  91 106 122 123 123 123 124 125 126 127 127 129 128 127 128 129 130
 129 128 128 128 128 129 129 128 128 128 129 130 130 130 130 130 129 128
 129 129 129 130 131 130 130 130 129 129 129 129 129 129 130 130 130 130
 130 130 130 130 130 130 130 130 130 131 131 131 130 130 130 130 130 131
 131 130 130 129 131 131 131 131 131 131 131 131 131 130 130 130 131 131
 131  29]","[ 29  29 119 117 119 118 117 117 118 118 118 118 118 118 117 117 117 117
 117 118 118 117 117 117 117 117 117 117 117 117 116 116 116 116 116 116
 116 116 115 115 116 111  99  84  72  65  60  55  53  51  47  46  46  44
  44  46  57  57  55  51  48  46  43  40  36  35  32  31  29  30  33  36
  40  42  45  48  51  54  55  56  59  62  65  65  64  65  67  68  69  72
  73  69  68  71  76  85  95 103 111 115 105  87  81  81  85  87  89  89
  90  97 110 122 123 123 124 124 125 126 127 127 128 127 126 126 128 129
 128 127 126 126 127 128 128 128 128 129 128 128 129 129 130 130 129 129
 128 128 129 130 130 130 130 130 128 128 129 129 128 128 129 130 130 130
 130 130 130 130 130 130 130 130 130 130 130 130 130 130 130 129 129 130
 130 131 130 130 130 130 130 129 129 130 130 130 131 129 130 130 131 131
 131  29]","[ 28  28 119 117 117 116 116 116 118 117 117 117 117 117 117 117 117 117
 117 118 118 117 117 117 116 116 117 117 116 116 116 116 115 115 116 116
 116 116 115 115 115 111  99  83  70  63  57  52  48  44  40  38  39  37
  37  40  53  55  54  52  48  45  43  41  41  39  36  32  29  29  32  35
  40  42  43  44  46  50  54  57  59  61  64  64  64  64  65  66  69  71
  72  68  68  70  74  80  89  98 108 116 114 105  97  91  90  91  93  95
  96 102 112 119 123 123 123 124 125 126 127 127 127 126 126 126 128 128
 128 127 127 127 127 128 128 128 129 130 128 128 128 128 129 129 129 129
 128 128 128 129 129 129 130 130 128 129 129 129 128 128 129 130 130 130
 129 129 130 130 130 130 130 130 130 130 130 130 130 130 131 130 129 129
 130 130 131 130 130 130 129 128 128 129 130 130 131 129 130 130 131 131
 131  29]","[ 29  29 118 116 116 115 115 116 116 116 116 116 116 117 117 117 116 115
 115 116 116 115 115 116 115 116 116 116 115 115 115 115 115 115 116 116
 116 116 116 115 114 110  97  76  59  50  46  43  38  35  32  32  34  34
  35  38  49  52  54  53  49  46  44  44  46  44  40  36  31  29  31  34
  39  43  46  44  42  44  51  58  59  62  64  65  64  64  64  64  65  67
  69  68  69  70  71  76  80  89  99 113 124 126 122 114  99  95  95  97
  98 105 114 119 122 122 122 123 124 125 126 127 126 125 125 126 126 127
 127 127 127 127 127 128 127 127 128 129 128 127 127 127 127 128 128 127
 127 127 127 128 128 128 129 130 129 129 129 129 129 129 129 129 129 129
 129 129 129 130 130 130 129 129 129 129 130 130 130 130 131 130 129 128
 128 128 128 129 130 130 129 129 129 129 130 130 131 130 130 130 131 130
 130  29]","[ 30  28 116 114 116 116 116 116 115 115 115 115 115 115 116 116 114 114
 114 115 115 114 114 115 115 115 115 115 114 113 113 114 114 114 115 115
 115 115 115 114 110 104  88  65  49  43  41  39  38  37  35  36  38  38
  39  42  46  50  54  54  50  47  47  48  48  47  44  40  35  32  32  33
  38  45  49  45  40  40  47  54  57  60  63  64  64  64  64  64  63  63
  66  66  68  69  67  71  71  75  81  96 112 122 126 124 106  97  94  96
 100 107 116 120 123 123 122 123 123 124 125 126 125 124 123 124 125 126
 126 125 125 126 127 127 126 125 125 126 126 126 125 126 126 127 126 125
 126 126 126 127 128 128 128 129 129 129 129 128 128 129 128 128 128 128
 127 128 128 129 129 129 129 129 128 128 129 129 130 130 129 129 129 128
 127 127 127 127 129 130 130 130 130 130 130 130 131 130 130 130 130 129
 130  29]","[ 30  27 114 113 116 117 116 115 114 114 114 114 114 114 114 114 114 113
 113 114 114 114 114 115 114 114 114 114 113 112 112 113 113 113 114 114
 114 114 113 113 104  96  78  58  48  47  46  42  42  41  40  40  41  39
  38  40  44  49  54  54  51  48  49  51  49  47  45  42  38  34  32  31
  39  44  47  45  40  39  43  48  53  57  61  63  63  64  64  64  65  64
  64  64  65  65  63  67  70  71  68  72  86 104 117 119 110  99  94  96
 101 109 118 121 124 124 123 123 123 124 124 125 125 123 122 123 125 126
 126 124 124 125 127 128 127 125 125 125 125 125 125 126 127 127 127 126
 125 125 126 127 128 128 128 128 129 128 127 127 128 128 127 127 127 127
 126 127 127 128 128 128 128 128 127 127 128 129 130 130 129 129 129 129
 128 128 128 128 128 129 130 130 131 130 130 129 130 130 130 130 130 129
 129  28]","[ 30  29 113 114 114 115 115 115 115 114 112 111 111 112 113 114 114 114
 114 114 114 114 113 112 112 114 115 114 112 111 112 112 112 112 114 114
 113 113 113 111 104  90  74  60  50  47  47  47  45  45  44  42  41  40
  40  41  39  47  53  53  49  48  50  52  54  50  47  44  40  35  32  31
  36  42  45  44  41  37  37  39  48  52  55  58  61  61  61  62  64  63
  64  65  65  64  64  66  68  69  70  73  78  84  93 104 107  96  89  90
  97 109 120 123 125 125 124 124 123 123 124 125 125 125 125 125 125 125
 125 125 125 125 126 126 125 125 125 126 125 125 125 125 126 126 125 125
 125 126 126 127 127 128 128 128 128 126 125 126 128 129 128 126 125 126
 126 126 126 127 128 129 127 128 128 126 125 125 128 130 127 128 129 129
 129 129 128 126 127 128 129 129 129 128 129 129 128 130 130 130 131 129
 129  28]","[ 29  28 112 113 113 114 114 114 114 113 112 112 112 112 113 114 113 112
 112 112 112 112 111 111 112 113 114 113 111 111 112 112 112 112 113 113
 112 112 111 109 104  87  68  58  53  51  50  47  45  45  44  43  41  40
  39  39  37  42  50  54  53  49  50  53  55  53  49  46  41  36  33  32
  34  39  41  39  36  34  34  37  44  48  51  55  59  59  59  60  61  60
  61  63  64  62  63  64  64  66  67  70  74  75  77  83  97  93  89  91
  99 112 120 121 123 123 123 123 123 123 123 123 124 124 124 124 124 124
 124 124 124 124 124 125 125 126 126 126 124 124 124 124 125 125 124 124
 124 125 126 126 127 127 126 126 126 125 123 124 126 127 127 126 125 125
 126 126 126 127 128 129 127 127 126 126 126 127 128 128 126 128 128 128
 128 128 128 127 127 127 128 128 128 128 128 129 129 129 129 129 130 129
 129  29]","[ 29  28 112 112 111 112 112 113 112 111 111 111 111 111 111 112 112 112
 111 111 111 111 111 111 111 112 112 111 111 111 112 112 113 112 113 113
 112 112 111 108 104  84  65  57  53  51  48  46  46  45  45  43  41  40
  39  39  37  38  44  53  54  51  51  55  57  56  53  48  43  39  35  33
  32  34  34  32  31  30  31  35  40  44  48  52  57  57  57  58  57  57
  58  60  61  60  61  62  66  66  66  68  72  73  75  78  88  92  92  94
 104 116 122 121 121 122 123 123 123 122 122 122 124 124 124 124 123 124
 124 124 124 123 123 124 125 126 126 125 124 124 124 124 124 124 124 123
 123 123 125 126 126 125 124 124 126 124 123 123 124 126 126 126 125 126
 127 127 126 126 127 128 127 126 126 126 128 128 128 127 125 127 127 127
 127 128 128 129 128 128 128 128 128 128 128 128 129 129 128 128 129 128
 129  29]","[ 29  29 113 112 111 111 111 111 111 111 110 110 110 110 110 109 112 112
 111 111 111 111 111 111 111 111 111 110 110 111 111 111 112 111 111 112
 111 112 111 108 100  82  65  57  52  47  46  47  47  46  45  43  41  40
  40  40  37  36  39  47  51  51  52  55  57  57  55  51  47  43  38  33
  32  32  30  29  30  31  32  35  41  45  49  53  57  58  57  58  56  56
  57  59  59  59  60  61  65  65  64  66  70  74  78  83  86  92  93  96
 108 119 122 122 121 122 123 123 123 122 122 122 124 124 123 123 123 123
 123 124 124 124 123 124 124 124 124 124 124 124 124 124 124 124 124 123
 122 122 124 125 125 124 124 123 126 125 124 123 124 125 126 126 125 126
 127 127 125 124 125 125 127 126 126 127 128 128 126 124 125 126 126 126
 126 127 128 129 129 129 129 128 128 128 127 127 128 129 128 128 130 129
 129  29]","[ 29  29 113 113 111 111 110 110 111 111 111 111 110 110 109 108 110 110
 111 111 111 110 110 110 111 111 110 109 110 110 111 110 110 109 110 111
 110 111 110 107  96  79  65  59  53  48  47  49  46  46  46  44  42  40
  39  38  36  35  37  42  47  50  52  53  54  55  54  53  51  47  40  33
  32  31  29  30  33  34  35  37  43  46  50  53  57  58  57  58  58  58
  58  58  58  59  60  61  62  64  65  67  71  74  77  81  86  90  92  97
 109 117 120 122 121 122 122 122 122 122 122 123 123 122 122 122 121 122
 122 122 123 124 124 123 123 122 122 122 123 123 123 123 123 123 123 122
 121 122 123 123 124 124 124 124 125 124 123 123 123 123 124 124 123 125
 125 125 124 123 123 124 125 125 126 126 126 126 124 123 124 125 126 125
 125 126 127 128 128 128 128 128 129 128 127 125 128 129 129 128 130 129
 129  29]","[ 28  28 112 112 111 111 110 110 110 110 110 110 109 109 108 107 109 109
 110 110 110 109 109 109 110 111 110 109 109 110 110 109 110 109 110 110
 109 110 109 107  96  79  65  60  55  50  48  48  46  47  47  46  43  39
  37  35  33  34  36  39  43  48  50  50  51  51  51  52  51  47  39  33
  29  29  29  32  36  37  37  39  44  47  49  53  57  57  57  57  57  57
  57  56  56  57  59  60  62  65  67  69  72  75  77  81  87  89  93 102
 112 118 120 122 121 122 122 121 121 121 122 123 122 122 122 122 122 122
 122 122 122 123 123 123 122 121 122 122 123 122 122 122 123 123 122 122
 122 122 122 122 123 124 124 125 124 124 123 123 123 123 123 123 123 124
 124 125 125 125 125 125 126 126 126 127 126 125 124 123 124 125 125 125
 125 125 126 126 126 126 127 129 129 129 128 126 127 128 129 128 129 128
 129  29]","[ 29  28 111 110 109 109 109 109 108 108 109 109 108 108 107 107 109 109
 109 109 108 108 108 109 109 110 110 109 109 110 110 109 109 109 110 110
 108 109 108 106  95  79  65  58  54  50  48  47  47  47  46  44  41  38
  35  34  33  35  37  38  40  44  46  47  49  48  49  49  47  42  35  31
  27  28  31  35  39  39  40  44  46  49  50  52  55  56  55  56  54  55
  55  54  55  56  58  59  61  64  65  67  72  75  79  82  89  91  99 109
 116 120 122 121 121 121 121 121 121 121 122 122 122 122 122 122 122 122
 122 122 122 122 122 122 122 122 122 122 122 122 122 122 123 123 122 122
 122 122 122 122 122 123 124 124 124 124 123 123 123 124 124 123 123 123
 124 124 125 126 126 126 126 126 126 126 126 126 125 124 123 124 125 125
 125 126 125 125 125 126 127 128 129 129 128 127 126 127 128 127 127 126
 127  29]","[ 30  28 110 109 107 107 107 107 107 108 108 108 108 108 108 108 108 108
 108 107 107 107 107 108 108 109 109 109 109 109 110 110 108 108 109 109
 107 107 107 105  89  75  63  57  51  47  48  49  48  47  44  40  37  36
  36  36  35  36  37  38  38  40  43  46  49  48  47  47  43  36  31  29
  27  30  34  39  42  42  44  49  49  51  51  52  55  55  54  54  52  53
  54  54  55  57  58  59  61  65  68  71  76  79  81  82  88  92 104 113
 117 120 121 118 121 121 122 122 121 121 122 122 121 121 122 122 122 122
 122 122 123 122 122 122 122 122 122 121 121 121 121 121 122 122 122 121
 122 122 122 122 122 123 123 123 124 123 122 122 123 124 124 124 123 123
 122 123 124 125 125 125 125 124 123 124 125 126 125 124 122 123 124 125
 126 126 125 124 124 125 126 127 128 128 127 127 125 127 127 125 126 124
 127  29]","[ 28  30 107 109 108 108 105 105 107 107 106 106 106 107 107 107 107 107
 107 106 106 106 107 107 107 109 110 108 107 107 109 109 106 108 108 108
 106 104 105 102  88  74  59  56  52  53  49  48  47  45  41  39  39  40
  38  36  38  37  38  39  40  39  39  39  38  40  39  37  35  32  29  29
  29  34  40  45  48  48  48  50  50  52  53  54  54  55  56  56  53  55
  54  54  58  57  56  60  62  65  68  72  76  79  81  82  83  90 106 115
 118 119 118 119 121 120 120 120 121 122 121 120 122 123 123 121 120 119
 121 122 122 122 122 121 121 121 121 121 122 122 122 122 121 121 122 122
 123 122 122 122 123 122 123 123 123 123 122 122 122 123 124 125 124 124
 124 124 125 125 125 124 125 124 124 124 125 125 124 124 124 125 126 126
 125 125 126 125 125 125 125 126 126 127 127 127 126 125 125 126 124 125
 124  29]","[ 28  30 106 108 107 108 105 105 106 105 104 104 105 105 105 105 105 106
 106 105 105 105 105 106 105 107 109 108 107 107 107 106 107 108 107 108
 107 105 105 100  89  74  60  56  53  53  52  51  46  44  42  40  39  39
  39  38  38  37  37  38  38  37  36  36  34  36  36  34  32  30  28  29
  33  39  44  47  50  50  50  52  51  54  57  56  54  54  55  57  55  57
  56  56  58  57  56  60  64  66  69  73  77  81  83  83  84  91 106 115
 117 118 118 120 119 119 119 119 120 120 120 119 121 122 121 120 119 119
 120 121 121 122 121 120 120 121 122 122 121 121 122 121 121 121 121 121
 122 122 122 122 122 122 122 123 123 123 122 122 122 123 124 124 122 122
 123 124 125 125 124 124 125 124 124 124 125 125 124 124 123 125 125 125
 125 125 125 125 124 125 125 125 125 125 125 125 124 124 125 126 124 125
 124  30]","[ 29  29 106 106 106 107 105 106 105 105 104 104 104 104 104 104 105 105
 105 105 105 104 104 104 103 105 106 106 106 105 105 104 107 107 106 108
 107 106 104  98  87  73  62  56  56  53  53  51  45  45  43  41  39  39
  40  41  39  38  38  38  38  36  35  35  34  35  34  33  32  29  29  32
  38  45  50  51  52  53  54  55  54  55  57  57  55  54  55  57  56  57
  58  59  60  59  58  61  66  67  70  74  79  84  86  86  89  96 110 117
 117 118 118 119 119 118 118 118 118 118 118 118 120 120 120 119 118 119
 120 121 122 121 120 119 120 121 122 123 121 121 122 122 122 121 121 122
 122 122 122 122 122 122 122 122 122 122 122 122 122 123 123 123 121 122
 123 124 125 125 124 124 124 123 123 124 124 125 124 123 123 124 125 124
 124 125 125 125 124 124 124 124 124 124 124 124 124 123 124 125 123 124
 124  30]","[ 29  29 105 105 105 106 104 105 105 105 105 105 105 104 104 103 103 104
 104 105 105 105 104 104 104 104 104 104 104 104 105 105 108 107 106 107
 106 105 103  96  84  70  63  57  58  52  52  48  45  46  45  42  41  41
  41  41  40  38  37  37  37  36  36  36  34  35  34  33  31  30  31  35
  43  51  54  54  54  56  57  58  58  56  55  55  57  57  56  56  55  56
  58  61  62  62  62  64  68  70  73  76  81  85  87  88  90  98 112 118
 117 117 117 118 119 119 119 118 117 117 117 117 120 120 119 119 119 119
 120 120 122 122 120 119 119 120 121 121 121 121 122 122 122 122 122 123
 122 122 122 122 122 122 122 122 122 122 122 122 122 122 122 122 122 122
 123 123 124 125 124 124 123 123 123 123 124 124 124 123 122 123 124 124
 124 124 124 124 123 123 124 124 124 124 124 124 124 124 124 124 122 122
 122  28]","[ 29  29 104 105 104 105 102 103 104 104 104 104 104 103 102 102 101 102
 103 104 104 104 104 104 104 104 104 104 104 104 105 105 106 106 105 106
 105 104 103  97  83  71  63  58  58  52  51  47  46  46  45  44  43  42
  41  39  37  36  34  34  36  36  37  37  35  35  34  32  30  29  31  36
  48  55  58  56  56  58  59  60  60  58  56  56  57  58  57  57  55  56
  59  63  64  64  66  68  71  73  77  80  83  85  87  88  87  96 111 117
 117 118 117 117 118 118 118 117 116 116 116 116 119 119 119 118 118 119
 119 120 121 121 120 119 119 120 120 119 121 121 121 121 121 121 122 122
 122 122 122 122 122 122 122 122 122 122 122 122 122 122 122 122 123 122
 122 122 123 123 123 123 122 122 122 122 123 123 123 122 122 123 123 123
 123 123 124 123 123 123 123 124 124 124 124 124 124 124 124 124 122 122
 121  28]","[ 29  29 104 104 103 104 101 101 102 103 104 104 103 102 102 101 101 102
 103 104 105 105 104 104 103 103 104 106 106 105 104 103 104 105 104 105
 104 103 103  98  86  73  64  59  56  52  51  49  48  47  46  45  45  44
  41  38  35  33  33  34  36  37  38  38  36  36  34  32  30  29  33  40
  52  57  59  58  58  58  59  60  61  60  60  59  57  56  57  60  57  57
  61  64  64  66  69  70  73  76  80  82  83  84  85  86  88  96 111 116
 116 117 116 116 116 117 117 117 116 115 115 116 117 118 118 117 117 117
 118 119 119 119 119 119 119 120 120 119 122 122 121 121 120 120 121 122
 122 121 121 122 122 121 121 122 122 122 122 122 122 122 122 122 123 122
 121 121 121 122 122 122 122 122 122 122 122 122 122 122 122 123 123 122
 122 123 123 123 122 123 123 123 124 124 124 124 124 124 124 124 122 123
 123  29]","[ 29  28 102 102 102 103 101 101 102 103 104 104 104 103 102 102 102 102
 103 104 105 105 104 104 103 103 104 106 106 104 103 103 103 104 103 105
 104 103 102  96  86  75  63  60  55  52  50  49  47  47  46  45  45  43
  41  38  34  33  33  35  38  39  39  38  38  37  34  32  31  31  37  46
  56  60  62  61  61  59  59  61  60  61  61  61  58  55  57  60  61  59
  62  65  64  66  71  73  75  78  80  82  84  85  86  86  92  99 112 116
 115 116 116 115 116 116 117 117 117 116 115 115 116 117 118 117 116 116
 118 119 118 118 118 119 120 121 120 119 120 120 121 120 120 120 121 121
 121 121 121 122 122 121 121 121 122 122 121 121 121 122 122 122 122 122
 121 121 121 121 121 121 122 122 122 122 122 122 122 122 122 123 123 122
 122 122 122 122 122 122 123 123 123 123 123 123 123 123 123 124 123 124
 123  29]","[ 29  28 101 101 101 103 101 102 101 102 104 104 103 102 102 102 102 102
 102 103 104 104 103 103 104 103 103 104 104 102 103 104 104 104 103 105
 104 103 101  94  84  74  63  61  54  52  48  47  45  46  45  44  42  41
  39  38  34  33  34  36  39  39  38  38  37  36  33  30  30  31  39  49
  61  64  65  65  64  62  60  62  60  59  59  60  59  57  57  59  63  61
  63  65  63  66  73  75  77  79  81  83  86  88  89  89  93  99 111 114
 113 116 117 117 117 117 118 118 118 117 116 115 116 117 118 117 116 116
 118 119 119 118 118 118 120 121 121 120 117 118 119 119 119 120 120 121
 120 120 120 121 121 121 121 121 122 121 121 121 121 122 122 122 122 122
 121 122 122 122 122 121 122 122 122 122 122 122 122 122 122 123 123 122
 122 122 122 122 122 122 122 122 122 122 122 121 123 122 122 123 122 123
 123  29]","[ 29  28 100 102 103 101 100 102 102 102 101 101 101 101 102 102 101 101
 101 102 103 103 102 102 103 103 103 103 103 104 104 104 105 104 104 103
 102 102  99  93  84  73  65  59  56  53  48  48  46  45  44  44  43  41
  39  39  36  36  36  37  39  40  39  36  34  34  33  29  29  34  43  55
  62  64  66  66  64  61  59  58  58  58  59  59  60  59  58  57  60  62
  65  67  69  71  74  74  79  80  81  84  87  88  87  88  95 100 109 115
 115 115 116 115 115 116 117 118 118 117 117 116 116 117 117 117 117 117
 117 117 118 117 116 117 119 119 119 118 118 117 116 117 118 119 120 120
 119 119 118 119 121 121 121 120 122 121 121 120 120 121 122 122 122 122
 122 122 122 122 121 121 121 122 122 122 122 122 122 123 122 122 121 121
 122 122 122 121 121 122 122 122 122 122 122 122 122 123 122 122 121 122
 122  29]","[ 29  29 101 102 103 101 100 102 101 101 100 100 100 101 102 102 102 102
 102 102 102 102 101 101 102 102 102 102 103 104 104 104 103 103 103 103
 102 103 100  95  84  74  67  61  58  55  49  48  46  45  45  45  43  40
  38  37  37  37  37  38  39  39  39  37  35  34  33  30  33  40  48  58
  63  64  65  64  62  59  57  56  57  57  57  57  58  59  59  59  60  61
  64  67  71  74  77  78  80  81  82  85  88  89  89  91  97 101 109 114
 115 115 116 115 115 116 117 117 118 117 117 116 115 116 117 116 116 117
 117 117 117 117 117 118 119 119 119 118 117 116 115 117 118 119 119 119
 119 119 119 120 120 121 120 120 120 120 120 120 120 121 122 122 120 121
 122 121 120 120 119 120 121 122 122 122 122 122 122 122 122 122 122 122
 122 122 122 122 121 121 122 122 122 122 122 123 122 123 122 122 122 122
 122  29]","[ 29  29 100 102 102 100  99 100  99  99  99  99 100 101 101 102 102 102
 102 102 102 101 101 100 101 101 102 102 102 103 104 104 102 102 103 103
 102 103 101  96  83  74  68  63  59  57  51  48  45  45  45  45  43  40
  37  37  38  39  39  38  38  39  39  39  36  33  31  31  38  47  53  61
  64  64  64  62  59  57  55  55  57  57  55  55  57  59  61  62  60  61
  64  67  72  76  80  82  82  84  85  86  89  89  91  94  99 103 109 113
 115 116 116 115 115 116 116 117 117 116 116 116 115 116 116 116 116 116
 116 116 115 116 117 118 118 119 118 118 115 115 115 117 119 119 118 117
 118 118 118 119 119 119 119 119 118 118 118 119 120 120 121 121 119 120
 121 120 118 117 117 118 121 122 122 122 122 122 122 122 122 122 122 122
 122 122 122 122 120 121 121 122 122 122 123 123 122 123 122 122 122 123
 122  29]","[ 29  29 100 100 101  99  97  98  98  98  98  98  99  99 100 100 101 101
 101 101 101 101 101 101 100 101 102 102 102 103 103 103 102 102 102 102
 101 102 101  96  83  73  69  64  60  58  53  50  46  46  45  43  41  39
  38  39  41  41  40  39  39  40  39  39  37  33  32  32  41  50  55  62
  65  65  64  62  58  56  55  55  56  56  55  55  56  59  61  63  62  63
  66  69  72  76  80  83  84  86  88  88  89  89  90  94  99 105 110 113
 116 116 116 116 115 116 116 116 116 115 115 114 115 116 116 116 115 116
 115 115 114 115 116 118 118 118 118 118 115 115 116 118 118 118 117 117
 118 118 118 118 118 118 118 118 118 118 118 118 119 119 119 120 119 119
 120 119 118 117 117 117 120 120 121 121 121 122 122 122 122 122 122 121
 121 121 121 122 120 121 122 122 122 122 122 123 122 122 121 122 122 123
 122  29]","[ 29  29  99  99 100  99  97  98  97  97  97  97  98  98  98  98  99 100
 100 101 101 101 102 102 101 102 102 102 101 102 102 102 102 102 102 102
 101 101 100  95  86  74  70  66  60  58  55  51  48  46  44  41  39  39
  40  42  44  42  40  39  40  40  40  38  37  34  33  35  43  52  57  64
  67  66  65  63  59  57  56  56  54  54  54  55  56  58  60  61  64  66
  68  71  73  75  80  84  85  88  89  89  90  89  90  93  97 105 111 113
 115 114 114 116 116 115 115 115 115 114 113 113 115 116 116 115 115 116
 115 114 113 115 117 117 117 116 116 116 116 116 116 117 117 117 116 116
 118 118 119 118 118 118 118 119 118 117 117 117 118 118 119 119 119 119
 118 118 119 119 118 117 119 119 119 119 120 121 122 122 122 122 122 121
 120 120 120 121 121 121 122 122 122 121 122 122 121 122 121 122 122 122
 122  29]","[ 29  29  98  97  98  98  97  97  97  97  97  97  97  97  97  97  98  98
  99 100 100 101 102 102 101 102 102 102 101 101 101 100 102 102 102 101
 100 101 100  95  89  75  70  68  61  58  55  52  49  47  44  40  39  40
  42  43  45  43  40  39  40  41  40  38  35  34  35  37  45  53  58  64
  67  67  66  64  61  58  56  56  54  54  55  56  58  59  60  61  64  65
  67  70  73  75  79  84  86  88  89  90  90  89  90  93  97 107 112 112
 114 114 113 116 115 115 115 114 114 114 113 113 115 116 116 116 116 116
 115 114 115 116 117 117 116 115 114 114 116 115 115 116 116 115 115 115
 118 118 118 118 117 117 117 118 117 117 117 117 117 118 119 120 119 118
 117 118 119 120 119 118 119 118 118 118 119 121 121 122 122 122 121 121
 120 120 121 121 120 121 122 122 121 121 120 120 120 121 121 122 121 122
 121  29]","[ 29  28  97  95  97  97  96  96  97  97  97  97  97  97  97  96  97  98
  99  99  99  99 100 101 100 101 102 101 100 100 100 100 101 101 102 101
 100 101 101  97  89  73  69  68  61  57  54  53  48  47  45  42  41  42
  42  42  43  42  40  39  39  40  39  38  35  35  38  41  48  55  58  63
  67  67  67  65  61  58  55  54  54  55  56  57  58  60  62  63  64  64
  66  71  74  77  81  84  87  88  89  89  90  90  91  94  99 109 112 112
 115 114 113 116 115 114 114 114 114 114 114 114 115 115 115 115 116 116
 115 114 115 116 116 116 116 115 114 114 115 115 115 116 116 115 115 116
 117 117 117 117 116 116 117 117 117 117 117 117 117 118 118 119 118 118
 117 118 118 119 119 118 120 119 118 118 119 120 121 122 121 121 121 121
 121 121 121 120 119 120 120 120 120 119 119 119 119 121 122 122 121 121
 121  29]","[ 29  29  97  95  97  98  97  97  97  97  97  97  97  97  97  97  97  98
  98  98  98  98  98  99  99 101 102 101 100 100 100 100 100 100 101 101
 100 102 102  99  87  70  67  68  61  56  54  53  48  47  46  44  43  43
  42  40  41  41  40  39  39  39  39  38  37  37  41  45  52  58  59  63
  66  67  67  65  61  57  54  52  54  55  56  57  58  60  62  64  66  65
  67  72  77  80  83  86  88  89  88  88  90  90  91  94 101 110 112 111
 114 114 112 114 114 114 114 114 114 115 115 115 115 115 115 115 116 116
 115 114 115 115 116 116 116 116 115 115 115 115 115 116 117 116 116 116
 117 117 117 117 117 117 117 117 117 117 118 118 118 117 117 117 117 117
 117 117 117 118 118 118 122 120 118 118 118 120 121 122 119 119 120 121
 121 121 120 119 118 118 119 119 119 119 118 118 118 121 122 122 120 121
 121  29]","[ 30  29  92  94  95  97  97  97  97  97  96  96  97  97  97  96  96  97
  97  97  98  98  97  97  96  98 100 101 101 101 100 100 100 102 102 101
 101 102 101  98  89  72  66  65  64  59  58  52  49  47  45  45  45  44
  42  40  41  40  39  39  40  40  39  38  37  42  47  50  54  59  63  65
  66  67  66  64  61  58  56  54  55  54  55  56  58  60  63  65  65  65
  67  73  78  80  81  86  87  90  90  89  90  91  92  94 102 109 113 113
 114 114 114 114 113 114 114 114 114 115 115 114 114 114 115 114 114 115
 115 114 115 115 114 114 115 115 115 115 115 116 117 117 116 115 115 116
 116 116 117 116 116 116 116 117 117 117 116 116 118 119 118 117 117 117
 118 118 118 118 118 119 118 118 118 119 119 118 118 118 120 120 121 121
 121 121 119 117 119 118 118 119 119 118 118 119 119 121 120 119 119 119
 119  29]","[ 29  28  92  94  94  97  97  97  97  97  97  97  97  97  97  97  97  97
  97  97  97  97  97  97  96  98 100 101 101 100  99  99 100 101 102 101
 101 102 100  98  94  79  70  64  64  60  59  55  50  48  46  45  46  45
  43  41  40  40  41  42  42  41  39  38  38  43  47  51  55  60  64  64
  65  65  65  64  62  59  57  55  54  53  54  55  57  59  62  64  65  67
  70  75  79  80  81  85  88  90  90  89  90  91  93  95 103 110 114 113
 114 114 114 114 113 114 113 113 113 114 114 114 115 115 115 115 114 115
 114 114 115 114 114 114 114 115 115 115 115 115 116 115 115 115 116 117
 117 116 116 116 116 117 117 117 118 117 117 117 117 117 117 116 116 117
 117 118 119 119 118 118 118 118 119 119 119 118 119 120 121 121 121 121
 122 122 120 118 118 118 118 119 119 119 120 121 120 121 120 120 120 119
 119  29]","[ 29  28  92  94  94  97  96  97  97  97  97  97  97  97  97  97  97  97
  97  97  96  96  96  96  97  98  99 100  99  99  98  97  98 100 101 101
 100 100  99  97  95  84  73  64  64  61  60  57  51  49  46  45  46  46
  44  42  40  41  44  45  44  42  40  39  41  46  50  53  57  62  65  65
  65  65  65  64  62  59  56  53  54  53  53  53  55  57  61  64  65  69
  73  76  80  81  81  83  87  89  89  89  90  90  92  95 104 110 113 113
 113 114 114 115 113 113 112 111 112 113 114 114 115 115 115 115 115 115
 115 114 115 114 114 114 114 115 115 115 115 115 115 115 115 115 117 118
 117 116 116 116 117 118 118 118 116 116 117 117 118 118 119 119 118 118
 119 120 121 121 120 119 119 120 121 121 121 120 121 122 123 122 122 122
 122 123 121 119 118 118 119 119 119 119 120 122 122 122 120 120 120 119
 118  28]","[ 29  29  93  94  94  97  97  97  97  97  97  97  97  96  97  97  96  96
  96  96  96  97  97  97  97  98  98  99  98  97  97  97  97  99 100 100
 100 100  99  98  94  88  77  65  64  62  61  57  52  49  47  46  47  47
  44  41  40  43  46  47  45  42  40  40  43  48  53  55  57  61  65  65
  65  65  65  64  63  60  56  54  54  54  53  53  54  57  61  65  65  71
  75  77  80  82  82  83  85  88  88  88  89  89  90  94 104 109 112 112
 113 114 114 114 113 113 112 111 112 113 114 114 114 115 115 115 115 116
 116 116 115 115 114 114 115 116 116 116 116 116 115 115 115 116 117 118
 117 117 117 117 117 117 117 117 117 117 118 119 119 120 121 122 121 121
 121 122 121 121 120 120 120 120 121 122 122 121 121 122 122 122 122 122
 122 122 121 120 119 119 119 119 119 119 120 122 122 122 120 119 120 119
 118  29]","[ 29  29  93  95  94  96  96  97  97  97  97  97  97  96  97  97  97  97
  97  97  97  97  98  98  98  98  98  98  97  97  97  98  96  97  99 100
 101 101 100  99  95  92  83  68  65  62  61  58  53  50  48  47  47  46
  43  40  41  44  47  48  46  43  41  41  44  50  54  56  56  59  63  65
  64  64  65  65  64  63  60  58  55  54  53  53  54  57  61  65  66  72
  76  77  79  81  81  82  84  87  88  88  88  88  90  95 105 110 112 113
 114 114 113 114 113 113 113 113 113 114 115 114 113 114 115 115 116 117
 117 117 116 116 115 116 116 117 118 118 118 117 117 117 117 117 117 118
 117 118 119 119 118 118 118 119 121 121 121 121 120 119 119 121 121 122
 122 121 120 119 119 120 120 119 120 121 122 121 120 119 119 121 123 122
 121 120 120 120 119 119 119 119 118 118 119 121 122 121 118 118 119 119
 119  30]","[ 29  29  93  94  94  96  95  96  97  97  97  97  97  97  97  97 100  99
  99  98  98  98  98  98  98  98  98  98  98  98  98  99  96  97  98  99
 100 101 100 100  99  96  89  73  65  60  61  57  53  51  49  48  47  46
  43  41  43  45  48  48  46  44  42  41  46  51  56  56  56  59  62  64
  64  64  65  65  64  62  60  59  56  55  53  53  54  57  62  66  69  74
  77  78  80  80  80  81  84  86  87  87  87  88  91  97 109 112 114 114
 116 115 114 114 113 114 114 114 115 115 115 115 114 115 115 115 116 117
 117 117 117 116 116 116 117 118 119 119 118 118 118 118 118 118 118 117
 117 118 120 120 119 118 120 121 122 121 121 121 120 119 119 120 121 122
 122 121 119 118 118 119 119 118 119 120 121 120 119 117 118 120 121 121
 119 118 118 119 119 118 118 119 118 118 119 120 120 119 117 118 118 118
 118  30]","[ 29  29  93  95  94  95  95  95  96  96  96  96  97  97  97  97 100  99
  98  97  97  97  98  98  98  99  99 100  99 100 100 100  98  98  98  99
 101 102 101 101 101  99  96  80  67  61  62  58  54  53  50  48  47  46
  44  42  45  46  48  48  47  45  43  42  49  53  56  56  57  60  63  64
  65  65  65  64  62  60  58  57  57  55  54  54  55  58  62  66  71  75
  78  80  81  81  80  81  83  84  85  85  86  87  93 101 112 114 115 115
 117 116 114 115 114 114 115 115 116 116 116 115 115 115 115 115 115 116
 117 117 117 116 116 117 118 119 119 119 119 118 118 118 118 118 118 118
 117 118 119 118 118 118 120 121 119 118 118 119 119 118 119 121 121 121
 121 120 120 119 119 119 119 118 118 119 120 119 119 118 118 119 119 119
 118 118 118 117 119 118 118 118 118 117 117 118 118 118 116 118 118 117
 117  30]","[ 30  30  94  95  94  95  95  96  96  95  95  95  96  96  96  96  99  98
  97  96  96  96  97  98  98  99 100 101 101 101 101 101 102 100 100 101
 103 104 103 103 101 100 101  87  72  65  65  59  55  53  50  48  47  46
  45  44  45  46  48  48  48  46  43  41  51  54  56  56  57  60  63  63
  64  64  64  64  62  60  59  59  58  56  55  55  56  59  63  66  71  75
  78  81  83  82  81  82  82  83  83  83  85  87  94 103 113 114 115 115
 117 116 115 116 114 115 115 115 116 116 116 116 115 115 115 115 115 116
 117 117 116 116 116 116 118 119 119 119 119 118 117 117 118 118 118 118
 118 118 117 116 116 117 118 119 118 116 116 118 118 117 118 120 121 120
 119 120 121 121 119 118 117 117 117 117 118 117 118 119 118 118 117 117
 117 118 118 117 120 119 118 118 118 117 116 116 117 117 116 118 119 117
 117  29]","[ 29  29  97  95  96  95  94  96  96  96  96  96  96  96  96  97  97  98
  99  99  98  98 100 102 102 101 101 101 102 102 103 102 104 104 104 104
 105 106 107 108 105 104 104  99  80  66  64  61  57  55  52  50  48  48
  46  44  46  47  47  48  48  48  46  44  48  53  57  56  55  57  62  65
  65  64  63  62  62  62  60  59  58  58  57  56  57  60  64  67  73  77
  80  81  82  84  84  83  83  84  83  82  85  89  99 111 114 115 116 117
 117 117 115 114 116 115 114 115 117 118 117 117 116 116 116 116 116 116
 116 116 115 115 115 116 117 118 119 119 117 117 116 117 117 118 117 117
 116 117 117 116 117 118 118 118 116 117 117 117 116 116 117 118 119 119
 120 121 122 121 119 118 117 117 116 116 117 118 119 120 118 119 119 118
 118 117 118 118 118 117 117 117 116 116 116 116 117 117 117 117 117 116
 115  28]","[ 28  29  98  96  97  96  95  97  97  98  98  98  99  99  99  99 101 102
 102 102 102 102 103 104 105 105 105 106 106 107 107 107 108 108 108 109
 108 109 109 109 110 108 107 104  89  72  66  63  60  57  52  49  48  47
  47  45  45  47  50  51  51  49  47  44  48  52  56  56  56  58  61  64
  65  64  63  63  62  61  60  59  59  59  58  57  59  62  66  69  73  77
  81  82  83  84  83  82  81  82  82  83  88  94 104 113 114 114 115 116
 117 116 116 116 116 115 115 116 117 117 116 115 114 114 115 115 115 115
 115 115 115 115 115 115 116 117 118 118 118 117 117 117 117 117 117 116
 117 117 117 117 117 118 118 118 117 118 118 117 116 117 117 118 119 119
 119 120 121 120 119 117 117 118 118 118 118 118 118 119 118 118 118 118
 118 118 118 119 117 117 117 116 116 116 116 116 116 116 117 117 117 117
 115  29]","[ 29  29 100 100 101 101 100 101 101 101 102 103 103 103 103 103 105 105
 105 105 106 106 106 105 107 108 108 109 109 109 110 110 110 111 111 111
 110 110 110 110 112 111 109 109  98  80  69  63  62  58  52  49  49  49
  48  47  47  49  51  52  52  50  48  46  47  51  55  56  57  58  60  62
  64  63  63  62  61  60  60  59  59  58  57  57  59  63  68  71  74  78
  83  84  84  84  83  81  81  80  82  85  88  96 106 112 114 114 115 115
 116 116 117 117 116 115 115 116 117 116 115 115 114 114 114 114 114 114
 115 115 115 115 115 116 116 117 117 117 118 118 117 117 117 116 116 115
 117 118 118 117 117 118 118 117 118 119 119 118 117 117 118 118 119 119
 119 120 120 120 118 117 117 118 118 119 119 119 118 118 117 118 118 118
 118 118 118 118 117 117 117 117 117 117 117 116 115 115 117 117 117 117
 116  29]","[ 29  30 102 103 104 105 104 105 104 104 105 106 106 106 105 105 106 107
 107 107 107 107 107 106 107 108 109 108 108 108 109 110 109 110 110 110
 110 109 110 110 111 111 109 109 104  88  73  63  62  58  53  52  52  51
  49  48  50  50  51  51  51  51  49  47  46  49  53  55  57  58  59  59
  61  61  61  60  59  58  58  58  58  57  57  58  61  64  69  72  76  80
  84  85  85  84  82  80  82  80  83  86  89  97 107 111 115 115 115 115
 115 116 116 117 116 115 115 116 116 116 116 115 116 115 115 115 115 115
 114 114 116 116 116 116 116 117 117 117 118 117 117 117 116 116 115 115
 117 118 118 117 117 117 117 117 118 119 119 118 118 118 118 118 118 118
 118 119 120 119 118 116 116 117 118 119 119 119 118 118 117 118 119 119
 118 117 117 117 117 118 118 118 118 118 117 117 116 116 117 117 117 117
 116  29]","[ 29  29 103 105 105 105 106 105 105 105 106 106 106 105 105 104 107 108
 109 109 108 107 107 108 108 109 109 108 107 107 108 110 109 109 110 110
 109 110 110 111 110 112 109 108 106  95  79  65  64  59  55  53  53  52
  50  49  51  50  49  49  51  52  49  46  45  47  50  54  56  57  57  57
  58  59  59  59  58  57  56  56  57  58  60  61  63  67  71  74  78  80
  83  84  84  83  81  80  81  80  84  87  90 100 111 114 115 115 115 115
 115 116 116 116 117 116 116 115 116 116 116 116 116 116 116 115 115 115
 115 115 117 117 116 116 116 116 117 117 116 116 116 116 116 116 116 116
 118 119 119 118 117 117 117 117 117 118 119 118 118 118 118 118 118 118
 118 119 119 119 118 116 116 117 117 118 118 118 118 118 117 118 118 118
 118 117 117 117 117 117 118 118 118 117 117 117 117 116 116 115 115 116
 115  29]","[ 29  30 104 106 104 105 105 104 105 105 106 106 106 105 105 104 107 108
 109 108 107 107 107 108 109 109 109 107 106 106 107 109 109 109 109 109
 109 110 110 110 109 112 110 109 107 100  86  68  67  61  56  53  52  51
  50  51  49  49  48  50  52  53  50  47  47  48  50  53  55  56  55  55
  57  58  59  59  58  56  56  55  57  59  62  63  65  68  72  76  79  80
  82  83  82  81  81  81  81  82  84  87  92 103 112 114 115 115 115 115
 116 116 116 116 118 117 116 115 115 115 115 115 115 115 115 115 115 116
 116 116 116 116 116 116 116 116 116 116 116 116 116 116 116 116 116 116
 118 119 120 119 118 118 118 118 117 118 118 118 118 119 118 118 118 117
 117 118 119 119 117 116 117 117 117 117 117 117 117 117 116 117 117 118
 117 117 118 118 117 117 117 117 117 117 117 117 117 116 115 114 114 114
 114  28]","[ 30  29 105 107 104 105 106 103 105 105 105 105 105 105 105 105 107 107
 107 107 107 107 107 107 109 109 108 107 106 106 107 108 108 108 108 108
 109 110 109 109 109 110 110 111 108 103  92  74  67  62  57  54  53  51
  50  50  48  48  49  50  52  54  53  52  51  51  52  54  56  56  55  55
  56  57  59  60  60  59  57  57  58  60  63  64  65  68  73  77  80  81
  82  83  82  82  82  82  82  84  84  86  96 106 112 113 115 115 115 115
 116 116 116 117 117 117 116 116 115 115 115 115 115 115 115 115 115 116
 117 117 116 116 116 115 116 116 116 116 116 116 117 117 116 116 116 117
 117 119 119 119 118 117 117 117 117 118 118 118 118 119 118 117 117 117
 117 117 118 118 117 116 117 117 117 117 117 117 117 117 116 116 117 117
 117 117 118 118 118 118 117 117 117 117 117 117 117 116 115 114 114 114
 114  28]","[ 29  28 104 107 104 105 106 104 104 104 104 104 105 105 105 105 108 107
 106 106 107 108 107 107 108 108 108 108 107 107 107 108 107 107 107 108
 110 110 109 108 110 109 110 114 110 105  97  80  65  61  57  56  54  51
  49  50  48  49  49  49  51  54  56  57  55  54  54  56  57  56  56  56
  55  57  59  61  62  61  60  59  58  61  64  64  65  68  73  78  81  81
  83  84  84  83  83  84  83  85  84  87 100 111 114 114 115 115 115 115
 115 116 117 117 116 116 116 116 115 115 115 115 115 115 115 115 116 116
 117 117 116 116 116 116 116 116 117 117 116 117 117 117 116 116 116 117
 116 118 119 118 117 116 116 116 118 118 119 118 118 119 118 117 116 116
 116 117 118 118 117 116 116 117 117 117 118 117 117 117 116 116 117 117
 116 117 117 118 117 117 116 116 116 116 116 117 117 116 116 115 115 115
 115  29]","[ 28  30 104 105 103 104 104 105 106 105 104 105 107 107 106 104 104 105
 105 105 106 107 108 108 108 108 108 108 107 107 107 108 108 107 107 108
 109 108 109 109 110 110 114 115 111 109 101  87  72  60  58  56  53  51
  48  51  50  49  49  50  52  53  55  57  56  55  55  57  58  57  55  54
  57  58  56  57  61  63  63  63  64  64  64  65  68  72  75  76  81  81
  82  82  83  83  83  83  83  84  82  88  99 108 114 114 116 115 114 114
 115 115 116 116 116 116 116 116 116 115 115 115 116 116 116 116 117 117
 117 117 117 116 116 116 116 117 118 118 117 117 117 118 118 118 117 116
 117 118 118 117 116 116 116 116 117 117 117 117 117 117 117 116 116 116
 116 117 118 118 118 116 117 117 117 117 118 118 118 117 117 117 117 117
 116 116 116 117 117 117 117 116 116 116 116 116 118 116 116 114 114 114
 115  30]","[ 28  30 103 104 103 104 104 105 105 105 104 105 106 107 105 104 105 105
 105 104 105 106 106 106 107 107 107 108 107 106 106 107 110 109 108 109
 109 109 110 110 110 110 114 115 112 111 105  92  75  61  56  54  52  53
  50  49  50  49  50  51  52  54  55  57  57  56  56  57  58  58  57  56
  57  58  57  57  60  62  63  65  65  65  66  67  69  73  75  76  81  82
  82  82  82  82  82  82  81  84  83  90 101 109 114 115 115 114 114 114
 114 115 115 116 116 116 117 117 117 117 116 116 117 117 116 117 117 118
 117 117 117 117 117 117 117 117 117 116 117 117 117 118 118 118 117 117
 117 118 118 118 117 117 117 117 117 117 117 118 117 117 116 116 116 117
 117 117 117 118 118 118 118 118 118 118 118 118 117 117 117 117 117 117
 117 116 116 117 116 116 116 116 115 116 116 115 116 116 116 114 114 114
 114  29]","[ 29  29 102 103 103 104 104 104 105 105 105 105 106 106 105 104 105 105
 105 104 105 106 106 105 105 106 107 108 107 106 106 107 110 109 108 109
 109 110 110 111 111 111 114 115 113 112 108  98  80  65  59  56  52  53
  52  49  51  50  51  52  53  53  54  55  57  56  56  57  57  57  57  58
  58  60  59  59  60  61  63  66  66  67  69  70  71  73  75  76  81  81
  81  81  81  81  81  81  80  84  85  93 103 109 114 115 113 114 114 114
 114 115 115 115 115 116 117 117 117 117 116 116 118 117 117 117 118 118
 118 117 117 117 117 117 117 116 116 116 117 117 117 117 117 117 117 117
 117 117 118 118 117 117 117 118 116 117 118 118 118 118 117 116 116 117
 117 117 116 117 118 119 119 119 118 118 118 118 117 116 117 117 117 117
 117 117 116 116 116 116 116 115 115 115 115 115 116 115 116 115 114 114
 114  29]","[ 29  29 102 103 103 104 104 104 105 105 105 105 105 105 105 104 105 105
 104 104 106 107 107 107 106 106 107 108 108 107 108 108 110 109 108 109
 110 110 110 111 112 112 114 114 112 112 109 103  85  70  64  60  53  52
  54  53  53  52  52  53  53  52  53  54  57  57  57  58  58  57  58  59
  61  63  62  61  62  61  62  65  66  68  71  73  73  73  74  76  80  80
  81  81  81  81  81  81  81  84  86  96 106 110 113 114 113 114 114 115
 115 115 116 116 116 116 117 117 117 116 116 115 118 117 117 117 117 118
 118 117 116 116 117 117 116 116 116 116 117 117 117 117 116 116 117 118
 116 117 117 117 117 117 117 117 118 118 118 119 119 119 118 118 117 118
 117 117 116 117 119 119 118 118 117 117 118 118 118 117 117 117 116 116
 117 117 116 116 116 116 116 116 116 116 115 114 116 115 116 116 115 115
 114  28]","[ 29  29 101 102 103 104 104 104 104 105 105 105 105 105 105 105 105 105
 104 104 106 107 108 108 107 107 108 109 109 108 109 110 110 109 109 110
 110 111 111 112 112 113 113 113 112 112 110 106  91  75  65  62  56  52
  54  54  54  53  53  53  53  52  53  55  57  58  59  60  60  59  59  60
  62  63  63  63  64  62  61  62  65  67  70  73  74  73  74  76  79  80
  80  81  81  81  81  81  82  83  86  97 109 112 114 113 114 114 115 115
 116 116 116 116 117 117 117 117 117 117 117 117 117 117 116 116 117 117
 117 117 116 116 116 116 116 115 116 117 116 117 117 117 116 116 117 117
 117 117 118 117 117 117 117 117 118 118 118 118 118 119 119 119 118 118
 117 117 118 119 119 118 117 117 117 117 117 118 118 117 117 116 116 116
 116 116 116 116 116 116 116 116 115 115 115 114 114 114 115 115 115 115
 115  29]","[ 29  29 101 102 103 104 104 104 104 104 105 105 105 105 105 105 104 105
 105 104 105 106 107 107 108 108 108 109 109 108 109 110 109 108 108 109
 110 110 110 111 111 112 112 111 112 112 111 108  98  81  64  60  58  53
  52  51  52  52  53  53  53  54  55  57  57  58  60  61  61  60  59  60
  60  61  62  63  65  62  60  62  63  65  68  72  74  74  75  77  79  80
  81  81  81  81  81  80  82  82  84  97 110 113 114 114 114 114 114 115
 116 116 116 115 115 115 115 116 116 117 117 118 117 117 116 116 116 116
 116 116 117 117 117 116 116 116 116 116 117 117 117 117 117 117 117 117
 117 118 118 118 118 117 117 118 118 118 117 117 117 118 119 119 118 118
 117 117 118 119 118 117 117 117 116 117 117 117 117 117 116 116 116 116
 116 116 116 116 115 116 116 115 115 115 114 113 111 112 113 114 114 115
 115  29]","[ 29  29 101 102 102 103 104 104 103 103 103 104 105 105 105 105 104 105
 105 104 104 105 107 107 107 107 108 108 108 107 108 109 106 106 107 108
 109 109 109 109 110 111 111 111 112 113 111 110 103  89  67  58  59  55
  52  49  50  50  52  54  54  55  57  59  59  59  61  62  62  61  60  60
  59  60  61  63  64  62  61  63  64  64  67  72  74  75  76  77  78  79
  80  81  82  81  81  81  81  81  82  96 109 112 114 114 114 113 113 113
 114 115 115 114 113 114 114 115 116 116 117 117 117 117 116 116 116 116
 116 116 117 117 117 117 117 117 116 116 118 118 118 118 118 118 117 117
 117 117 118 118 118 118 118 118 117 117 117 116 117 117 118 118 118 118
 118 118 118 118 118 117 118 117 117 116 117 117 117 116 115 115 116 116
 116 116 116 116 115 116 116 116 115 115 114 113 111 111 113 113 114 115
 115  29]","[ 29  29 101 102 102 103 104 104 102 102 102 103 104 105 105 105 104 105
 106 105 104 105 107 108 106 106 107 108 107 106 106 107 106 106 106 108
 109 109 109 109 110 111 111 111 113 113 111 110 105  97  72  59  58  55
  53  50  48  49  52  54  55  56  58  60  60  61  62  63  63  62  61  61
  59  60  61  62  63  61  62  65  66  65  67  71  75  75  76  77  77  78
  79  81  82  82  82  82  82  81  82  95 108 111 113 114 114 113 111 112
 113 114 114 112 114 114 115 116 116 116 116 116 118 117 116 116 116 116
 116 116 116 116 116 117 118 118 117 117 119 118 118 119 119 119 118 117
 116 116 117 117 118 118 118 119 117 117 117 117 117 117 118 118 118 119
 119 118 117 117 118 118 117 117 116 116 117 117 117 116 115 115 116 116
 116 116 116 117 116 116 117 116 116 115 114 113 113 113 114 114 114 114
 114  29]","[ 30  30 100 101 103 104 102 102 100 101 100 100 103 105 105 105 105 105
 106 105 105 105 106 108 108 108 108 108 108 107 106 105 105 106 107 108
 109 110 110 110 111 111 111 111 111 112 111 110 106 103  83  68  62  57
  54  51  49  50  51  53  55  57  60  62  63  64  64  63  62  62  62  61
  61  61  62  62  62  62  63  64  66  67  69  73  76  76  77  78  77  78
  79  81  82  82  82  82  81  83  84  92 104 110 111 114 114 114 113 113
 113 113 114 115 114 114 115 116 117 117 116 116 117 117 117 117 117 116
 116 116 117 118 117 117 117 118 119 119 118 119 119 118 118 118 117 116
 116 116 117 117 117 117 118 118 117 117 116 116 117 118 118 118 120 119
 119 118 118 117 117 118 117 117 116 117 117 117 117 117 115 116 117 117
 116 116 116 117 116 117 117 116 116 116 115 114 113 115 114 115 115 115
 116  29]","[ 29  30 102 103 104 103 100  99  96  98 100 101 101 102 104 105 104 104
 105 105 105 105 107 108 107 107 107 107 108 108 107 106 106 107 108 109
 111 111 111 112 112 112 112 111 112 112 112 111 106 106  92  74  60  55
  56  50  51  50  51  52  53  56  59  61  62  63  63  62  61  62  62  62
  63  63  62  60  60  60  62  64  67  67  69  73  75  76  76  77  77  78
  79  81  82  82  82  82  81  81  82  91 102 107 108 113 113 113 114 113
 113 113 114 114 115 115 115 116 117 117 117 116 116 117 118 118 117 116
 116 117 118 118 118 117 117 118 119 119 118 118 119 118 118 118 118 117
 117 118 119 119 118 117 117 117 118 117 117 117 118 119 119 119 119 119
 118 118 118 117 117 117 117 116 116 116 116 117 117 117 118 118 118 117
 117 117 117 117 117 117 117 116 116 116 116 115 113 115 114 115 116 116
 117  29]","[ 29  29 100 101 102 100  98  97  96  96  99 101 100 101 103 104 103 103
 103 104 104 105 106 107 107 107 107 107 108 108 108 108 108 108 109 110
 111 112 112 112 112 112 112 111 112 112 112 111 109 109 103  88  65  56
  58  53  52  50  49  50  52  55  58  61  61  62  62  61  61  62  63  63
  65  64  63  61  60  60  62  64  66  66  68  71  74  75  76  76  77  78
  79  80  80  80  80  80  81  79  80  89 100 105 109 115 113 114 115 115
 115 115 114 114 115 115 115 116 117 117 117 117 116 117 119 118 117 116
 117 118 119 119 119 117 117 118 119 119 118 119 119 118 117 118 118 117
 118 119 120 120 119 118 117 116 118 118 118 118 119 119 119 119 119 118
 118 118 118 117 117 117 117 116 115 115 116 117 118 118 119 119 118 117
 117 117 117 117 117 117 117 116 116 116 117 116 114 115 115 116 116 116
 117  29]","[ 29  28  97  97  98  99  98  98 101  98  98 100 100 102 103 102 102 102
 102 103 104 105 105 106 106 106 106 106 107 108 109 109 108 109 109 110
 111 111 111 111 111 112 112 112 112 113 112 111 113 110 108 101  80  61
  56  57  52  49  48  49  51  54  57  60  61  61  61  61  60  61  61  61
  63  64  64  64  62  61  62  62  63  64  66  70  73  75  75  75  77  78
  78  78  77  77  78  79  81  79  81  87  96 104 110 115 114 115 116 117
 116 116 115 115 115 115 116 116 117 117 117 117 117 118 119 118 117 116
 116 117 118 118 119 118 118 118 119 119 119 119 119 118 117 118 118 117
 118 119 120 120 119 118 118 117 118 118 118 119 119 119 119 119 119 119
 119 119 120 119 118 118 118 117 116 116 117 118 119 119 119 118 117 116
 117 117 117 117 117 117 117 116 116 116 117 116 116 117 116 116 116 116
 116  28]","[ 30  28  96  95  97  99  99 100 100 100 100 100 101 102 102 101 102 102
 102 103 104 104 105 105 105 105 104 104 105 106 107 107 108 108 109 110
 110 111 111 111 111 112 113 114 114 114 114 113 113 110 109 107  96  73
  56  57  52  49  47  48  50  52  55  58  60  61  61  61  60  59  59  59
  60  61  63  63  63  62  61  61  61  62  65  69  73  76  76  76  76  76
  76  75  75  75  78  79  81  81  82  85  91 101 109 111 114 115 116 116
 116 115 115 115 115 116 116 116 117 117 117 118 118 118 118 117 117 117
 116 116 116 117 118 118 118 118 118 118 119 119 118 117 117 118 119 118
 118 119 119 119 119 118 118 118 119 119 119 120 119 119 119 118 120 120
 120 121 121 120 119 119 120 119 118 118 118 119 119 119 119 118 117 116
 116 117 117 117 117 117 117 117 117 117 117 117 117 118 116 117 117 116
 117  28]","[ 29  28  98  97  97  98  98  99  98 104 105 102 101 100 100 101 102 102
 103 103 104 104 105 105 105 105 104 104 105 106 107 107 107 107 108 109
 110 111 112 112 110 112 113 114 114 114 113 113 111 112 110 108 105  89
  65  58  55  52  49  49  49  49  52  55  58  59  61  61  60  58  57  58
  59  59  61  61  61  61  60  60  59  61  64  67  72  76  78  77  75  75
  74  73  73  75  78  81  81  82  83  83  89 101 110 111 114 115 116 116
 116 116 116 116 116 116 117 117 117 117 117 117 117 117 116 117 118 118
 117 116 115 117 118 118 118 118 118 118 117 118 118 118 118 119 120 120
 119 119 119 118 118 118 118 119 120 120 120 120 119 119 119 119 120 120
 120 121 121 121 120 120 121 120 119 119 119 119 119 119 120 119 118 117
 117 117 117 118 118 119 119 118 118 118 118 118 117 118 116 117 118 117
 118  29]","[ 28  29 100  98  97  96  97 100 104 113 110 101 101 100  99 101 100 101
 102 103 103 103 104 105 105 105 105 105 106 107 107 108 107 108 108 109
 110 111 112 112 110 112 113 112 112 112 112 112 111 111 113 110 110 102
  80  65  58  54  51  50  48  47  49  52  56  57  60  61  60  57  57  58
  58  58  59  59  60  59  58  57  58  59  61  65  70  75  77  77  76  75
  73  73  74  76  79  81  81  81  82  84  88 100 110 112 114 115 117 117
 117 117 116 116 117 117 117 117 117 117 117 118 117 117 117 117 118 118
 117 117 116 117 118 117 117 118 118 118 118 118 119 118 119 119 120 119
 120 120 119 118 117 117 118 118 119 119 119 119 119 118 119 119 120 119
 120 120 120 120 120 120 121 120 119 118 118 119 119 119 119 119 119 118
 118 118 118 118 119 120 119 119 118 119 119 119 118 118 117 117 118 118
 118  29]","[ 30  31 103 100  97  96  99 104 114 122 113 100 101 102  99 101  99 100
 101 102 102 102 103 104 105 105 105 105 106 107 108 108 108 108 109 109
 110 110 110 110 112 112 113 112 111 111 112 112 112 108 113 113 111 108
  91  72  60  56  52  50  48  46  48  52  53  55  58  60  59  57  57  59
  56  56  57  58  59  57  55  53  57  58  59  62  68  74  76  76  77  76
  74  73  74  77  79  81  84  81  82  84  86  96 106 109 113 115 116 117
 117 116 116 116 118 118 118 117 117 116 117 118 117 117 118 118 117 117
 117 117 118 118 118 117 116 117 118 118 119 119 119 119 119 119 119 118
 120 120 119 118 118 118 118 119 117 118 118 118 117 118 118 119 119 119
 119 120 119 119 119 120 121 120 118 117 117 118 119 120 118 118 118 118
 118 118 119 119 120 120 119 118 118 119 119 119 119 119 117 118 118 118
 118  29]","[ 30  29 100  98  94  95 115 125 129 120 109 102 100  99  99  97 101  99
  98 101 104 101  99 102 103 104 105 106 107 108 108 109 109 108 108 109
 110 111 110 109 113 113 113 114 112 110 111 112 112 112 112 112 112 109
  96  80  59  55  55  52  49  50  50  52  55  55  56  57  58  58  58  58
  55  54  53  55  57  56  55  55  56  55  56  59  66  73  76  77  80  77
  74  73  75  78  80  80  81  82  82  83  88  95 103 112 113 116 116 115
 116 116 116 118 119 119 118 117 117 118 118 119 118 118 118 118 118 118
 118 118 117 119 120 119 119 119 118 118 117 117 118 119 119 120 120 121
 121 121 120 119 118 117 118 118 118 119 119 119 119 118 118 119 119 119
 118 118 119 120 120 119 119 119 118 118 118 119 121 122 119 119 119 118
 118 118 119 119 120 119 118 117 118 120 120 119 119 119 119 119 117 117
 118  28]","[ 28  29  96  96 113 133 139 137 115 108 102 101 100  96  95  98  94  96
 101 104 103 102 104 104 104 104 105 105 106 107 108 108 109 108 107 108
 109 111 111 111 112 112 113 114 114 112 112 113 113 113 113 113 113 111
 101  87  66  60  58  55  52  52  52  54  57  57  57  58  58  57  57  57
  55  54  54  55  56  56  55  55  55  55  56  60  66  72  77  79  81  79
  76  75  75  77  79  80  81  82  81  82  86  92 101 110 112 115 116 115
 116 116 116 117 120 119 118 117 117 117 118 119 118 118 118 119 119 118
 118 118 118 119 119 119 119 119 119 119 118 118 118 118 118 119 121 122
 122 121 119 118 118 118 118 118 118 119 120 120 120 120 120 120 118 118
 118 118 119 121 121 120 119 119 118 117 118 119 120 120 121 120 119 118
 118 118 118 119 119 119 118 118 119 121 121 119 118 119 118 118 117 117
 118  28]","[ 30  30 105 115 137 143 127 112 105 103 100  99  98  98  99  99  99  97
 101 102  97 100 104 100 104 104 105 105 105 106 107 108 108 107 107 107
 109 111 112 112 111 111 112 114 114 114 114 114 114 114 114 113 113 113
 106  96  75  67  63  59  55  55  55  56  57  58  58  58  57  57  56  56
  54  54  54  53  54  55  55  54  53  54  57  61  66  72  78  81  82  81
  78  77  77  78  79  80  81  81  81  82  84  88  96 107 111 114 115 115
 116 116 116 118 119 118 118 118 118 118 118 118 117 118 118 118 118 118
 118 118 118 119 119 118 118 119 120 120 120 119 118 117 117 118 120 122
 123 121 119 117 118 119 119 119 118 119 120 121 122 122 121 120 119 119
 119 118 119 120 120 120 119 119 118 118 118 119 120 121 122 121 119 118
 118 118 118 119 118 118 118 118 119 120 120 119 118 119 118 118 117 118
 119  29]","[ 28  31 130 134 131 109  98  87  88  90  94  99 102 101  98  95  96  95
  98 101 102 103 105 106 104 105 105 105 104 105 106 107 108 107 106 107
 108 110 111 112 109 110 111 113 114 114 114 114 114 114 114 113 112 113
 109 101  82  72  67  62  59  58  56  57  57  57  57  57  57  57  56  56
  55  55  54  53  53  55  55  54  52  53  56  60  66  72  77  81  82  82
  81  79  79  79  81  82  82  81  81  83  84  85  92 103 110 113 115 115
 116 116 116 118 116 117 118 118 118 118 118 118 117 117 117 117 117 118
 118 119 118 118 118 117 117 119 121 122 120 119 118 117 117 118 119 121
 122 121 119 118 118 119 119 120 119 119 120 121 122 123 122 121 120 121
 120 119 118 119 119 119 119 119 119 119 120 121 121 122 121 121 119 118
 118 119 119 119 119 119 118 118 119 120 120 119 120 119 119 119 118 118
 119  29]","[ 30  26 140 134 135 129 131 119 111 102 100 103  96  75  60  56  60  65
  72  86 100 101  99 105 105 105 105 105 105 105 106 107 107 107 107 107
 108 109 110 110 109 110 112 113 114 114 114 114 114 114 114 113 112 112
 109 104  86  75  68  64  61  60  57  57  57  57  57  58  58  57  57  57
  57  57  56  54  53  55  55  54  53  53  55  60  65  71  76  80  82  82
  82  81  80  80  81  82  82  81  81  83  85  85  90  99 109 113 114 114
 115 116 116 118 117 117 117 117 117 118 118 118 119 119 119 118 117 118
 119 120 119 119 119 117 117 119 121 122 121 120 119 118 118 119 119 120
 121 121 121 120 119 119 119 121 121 120 120 120 122 122 122 121 121 122
 121 120 118 118 118 118 119 119 119 120 120 121 121 122 121 121 120 119
 119 119 119 119 119 119 118 118 118 119 120 120 121 121 119 119 119 119
 119  29]","[ 29  32 155 149 143 134 121 107  87  72  59  55  50  42  40  45  44  47
  49  67  96 105 102 105 105 105 105 105 105 106 107 107 107 107 107 108
 108 109 109 109 110 112 113 113 113 114 114 114 114 114 114 114 112 112
 110 105  90  77  70  66  63  62  58  58  58  58  58  58  58  58  58  57
  57  56  55  54  54  54  54  53  54  53  55  60  65  69  74  78  82  82
  82  81  79  79  79  79  80  80  80  83  85  85  89  96 108 111 113 114
 115 116 116 118 120 119 117 116 116 117 118 120 121 121 121 119 118 118
 119 120 121 121 120 119 118 119 120 121 121 121 121 121 121 121 120 120
 120 121 122 122 120 119 120 121 122 121 120 120 121 122 121 120 121 122
 121 120 119 119 120 120 121 121 121 121 121 121 121 121 121 121 121 120
 119 118 118 118 119 118 117 118 118 119 120 122 122 121 120 120 119 119
 119  29]","[ 31  28  83  75  65  51  31  21  21  24  29  36  41  43  43  43  47  46
  40  49  78 101 105 104 105 105 105 105 107 107 107 107 108 108 108 108
 109 109 109 109 111 113 113 113 113 114 114 114 114 113 114 114 113 114
 112 107  98  82  72  67  64  62  59  59  58  58  58  58  58  58  57  57
  57  56  55  55  55  54  54  55  55  55  57  61  64  67  72  77  82  82
  81  80  79  78  77  76  78  80  81  82  83  84  87  93 105 109 112 114
 116 117 117 118 121 120 119 118 118 118 119 119 121 122 122 121 119 119
 119 120 121 122 121 120 120 120 121 121 121 121 121 122 122 122 121 120
 121 122 123 122 121 120 120 121 122 121 121 121 122 122 121 121 121 121
 121 120 120 120 121 121 122 122 122 123 122 122 122 121 120 121 122 121
 119 118 118 118 119 118 118 118 119 119 120 122 122 121 119 119 119 119
 119  29]","[ 29  31  21  19  19  19  21  23  29  30  35  40  41  41  43  48  43  46
  42  40  58  89 104 103 105 105 104 106 107 108 108 107 109 109 109 109
 109 109 110 110 111 113 113 112 112 113 114 114 114 113 113 114 114 114
 113 108 105  87  75  68  64  62  58  58  57  57  57  57  57  57  57  57
  58  57  56  57  57  56  56  57  55  56  58  62  64  66  71  76  82  81
  81  80  79  78  76  76  77  81  82  81  80  81  85  91 102 107 112 114
 117 117 117 118 119 119 120 121 121 120 119 118 119 120 121 121 120 119
 119 120 121 122 122 121 121 121 122 122 121 121 121 121 122 122 121 120
 122 122 122 122 122 121 120 120 121 121 121 122 123 122 122 121 121 121
 121 120 120 121 121 121 121 121 122 122 122 122 122 121 119 120 122 122
 120 118 118 119 120 119 118 119 120 119 120 121 121 120 119 119 118 119
 120  29]","[ 30  27  32  31  32  30  31  31  34  36  39  40  40  41  43  44  43  39
  41  41  43  75 105 103 105 105 105 106 106 107 108 108 109 110 110 109
 109 109 110 110 112 113 113 112 112 113 114 113 113 114 114 115 116 115
 114 112 110  95  78  69  65  63  60  58  57  57  57  57  57  57  57  57
  57  58  58  57  56  57  58  57  55  56  58  62  64  67  70  74  80  80
  80  81  80  76  74  77  78  80  81  82  81  81  83  86  97 105 111 115
 118 118 118 119 120 120 121 122 123 123 121 118 119 119 120 119 118 118
 118 119 118 119 121 121 120 119 119 120 121 121 121 121 122 121 120 119
 122 121 122 122 122 121 121 121 120 121 122 122 122 122 122 122 122 121
 120 119 120 122 122 121 121 120 120 121 122 122 122 122 120 121 121 121
 119 118 118 119 119 119 119 119 119 119 120 121 121 118 120 118 119 119
 115  29]","[ 28  27  35  35  36  35  36  36  39  39  40  40  40  41  42  42  44  38
  39  38  35  56  93 107 103 104 105 105 105 105 106 107 109 110 110 109
 109 110 110 111 111 112 113 112 112 114 114 113 114 114 115 115 116 115
 114 113 113 100  83  72  67  65  61  58  56  56  57  58  58  58  58  57
  57  58  59  58  57  58  58  57  56  56  58  61  64  66  69  73  80  81
  81  81  81  77  75  76  77  78  80  81  80  80  83  86  93 100 107 113
 118 120 120 120 121 120 119 119 120 121 121 120 119 119 119 119 119 120
 119 119 119 119 120 121 121 120 120 121 119 119 121 121 121 121 120 120
 122 122 122 122 123 122 121 120 120 121 122 122 122 121 121 121 122 121
 121 121 122 123 122 121 121 120 121 122 122 122 122 122 119 120 120 120
 120 119 119 119 119 119 119 119 118 117 118 118 115 121 118 117 118 120
 118  28]","[ 30  31  40  41  41  39  40  39  41  39  37  36  36  36  35  34  29  24
  28  27  24  34  76 104 103 104 106 105 104 104 106 108 108 109 109 109
 108 109 110 110 110 111 112 112 113 113 114 113 113 114 114 115 114 114
 114 114 113 104  91  76  67  62  59  57  56  57  57  59  59  59  58  57
  58  59  59  58  57  57  57  56  57  57  59  62  64  67  71  74  78  81
  81  80  80  78  75  74  78  79  80  81  81  81  83  86  92  98 103 110
 116 119 119 119 121 120 119 118 119 120 121 120 120 119 119 120 121 122
 121 120 119 119 120 121 121 120 120 121 118 120 122 123 122 122 121 121
 122 121 121 122 123 121 120 120 120 121 122 122 122 121 120 120 119 119
 119 119 120 120 120 118 120 120 121 122 123 122 122 122 120 119 119 119
 120 120 119 119 122 122 121 120 120 119 119 119 122 118 118 122 115 114
 115  30]","[ 28  30  40  38  37  35  35  35  35  33  30  28  27  26  25  24  25  20
  22  18  22  30  73 105 103 104 105 106 106 106 106 107 108 109 109 109
 109 110 111 111 111 111 112 113 114 114 114 114 114 114 115 114 114 114
 114 115 114 109  97  82  71  67  64  62  58  58  58  59  60  59  57  56
  58  59  59  58  57  57  57  57  58  57  58  60  62  65  69  73  77  82
  84  82  81  80  77  76  79  79  80  81  80  81  82  84  90  95 100 107
 114 118 119 120 119 119 119 118 119 119 119 118 121 120 119 120 121 122
 121 120 118 118 118 119 119 120 120 120 120 121 122 122 122 121 121 121
 120 120 121 121 120 119 118 119 117 118 120 120 120 120 119 119 119 120
 120 120 121 121 120 119 118 118 120 121 122 122 121 122 119 119 119 119
 118 118 118 117 119 119 118 118 118 117 117 117 119 113 117 117 117 121
 116  29]","[ 29  29  36  32  29  27  27  27  27  26  25  23  22  21  20  20  21  17
  19  18  25  31  71 106 103 104 105 107 108 108 108 107 107 108 109 109
 109 110 111 112 110 111 112 113 113 113 113 113 113 114 114 114 113 113
 114 114 116 111  99  84  73  68  64  60  60  59  59  59  59  59  57  56
  58  58  58  57  57  58  59  60  64  62  61  61  63  65  68  72  75  82
  85  83  81  80  79  78  80  80  80  81  81  81  82  84  91  96 102 108
 114 118 118 119 120 120 120 120 121 121 121 120 122 122 122 122 123 122
 122 121 121 120 119 119 121 121 122 123 123 122 122 122 123 123 122 122
 121 122 122 122 120 119 120 121 119 120 121 122 121 121 120 120 118 118
 118 118 118 119 119 118 118 119 120 122 123 123 123 123 122 122 122 121
 119 118 118 119 119 119 119 119 119 119 119 119 120 119 118 114 119 116
 114  31]","[ 30  29  32  25  22  19  19  18  18  18  19  18  17  17  16  17  19  18
  20  18  17  22  66 110 104 105 106 107 109 109 108 107 107 109 109 109
 110 111 112 112 112 112 113 114 114 114 114 114 115 115 115 115 114 115
 115 115 112 112 105  90  75  68  66  65  63  62  61  61  61  61  60  60
  58  57  57  58  58  59  61  63  63  61  60  61  62  64  67  70  75  81
  84  82  81  80  79  80  79  79  79  80  80  80  81  83  86  93 101 108
 115 118 119 120 118 118 118 118 118 120 121 121 121 121 122 122 121 121
 120 120 120 119 118 118 119 120 121 122 122 121 120 120 121 121 121 121
 120 120 121 120 118 117 119 121 119 120 120 121 120 119 119 118 119 119
 119 118 119 119 119 119 117 117 119 120 120 120 120 121 120 121 121 119
 117 116 117 117 119 119 118 118 118 119 118 118 118 118 116 121 119 118
 122  26]","[ 29  27  29  22  20  18  19  17  16  17  18  18  17  17  17  17  17  18
  18  18  19  29  67 103 104 105 105 106 107 107 107 106 109 110 110 110
 110 111 111 111 112 112 112 113 114 113 113 114 114 114 113 114 114 114
 113 113 114 115 109  95  78  68  64  64  61  61  61  61  61  61  61  60
  57  56  56  57  58  58  60  62  64  63  62  63  65  66  68  70  77  81
  83  82  81  81  80  81  78  77  77  78  78  79  79  80  87  93  99 105
 112 115 117 118 119 119 119 118 119 120 121 122 121 122 122 122 122 121
 121 121 120 119 119 120 120 120 121 122 121 121 121 121 121 121 121 121
 120 120 121 121 120 119 120 121 120 121 121 121 120 120 119 119 118 119
 119 118 118 118 119 118 118 119 120 120 120 120 120 121 121 121 121 120
 119 118 119 119 119 118 118 118 118 118 118 118 117 119 117 118 114 121
 115  28]","[29 28 32 27 28 29 30 29 29 29 29 29 29 29 29 28 29 30 27 30 30 29 29 29
 29 29 30 29 29 29 29 30 28 29 29 29 28 29 29 29 29 28 29 30 30 29 29 30
 29 29 29 29 30 29 29 28 29 29 28 28 29 30 29 28 29 29 29 29 29 29 29 29
 29 28 28 29 29 28 29 31 30 29 28 29 29 28 29 30 27 30 30 29 30 29 28 29
 30 29 28 29 29 29 29 30 29 30 29 28 30 30 29 29 28 29 29 28 28 29 29 29
 29 29 29 29 30 30 29 28 28 28 28 29 29 29 29 30 28 29 29 29 29 28 28 29
 29 28 28 29 29 29 29 29 29 29 29 29 29 28 29 29 29 29 29 29 28 29 29 29
 29 29 29 29 29 28 28 29 30 29 28 28 29 29 29 29 29 29 28 28 29 29 29 29
 29 30 28 31 28 28 28 30]"
