"[ 33  70  62  55  63  60  63  62  67  63  60  64  73  80  82  81  71  81
  96 108 114 116 115 114 115 115 116 116 111  99  82  70  63  53  66  69
  51  61  71  51  37  36  20  18  33  28  17  27  54  53  50  46  42  37
  34  33  38  36  35  50  42  34  53  56]","[ 57 102 104 101 109 108 116 119 122 119 118 121 127 132 134 133 136 144
 159 176 194 213 227 236 246 248 250 250 248 239 227 218 201 154 116 101
  98 113 124 115 103  92  70  46  25  11  23  54  80  77  73  69  65  61
  56  53  43  61  63  62  57  73 102  93]","[ 39  89  94  86  87  82  89  92  92  93  96 100 105 110 113 114 117 117
 118 119 122 129 137 143 167 177 194 213 229 241 249 252 251 197 121  86
  87  94 106 124 117 100  97 100  88  76  75  78  83  76  67  62  61  61
  61  60  61  66  61  73  93 118 131 101]","[ 61 110 110  97  93  86  88  86  82  85  88  90  91  91  93  95 104 106
 109 109 108 107 108 109 110 116 124 134 146 162 179 191 204 172 117  92
 100 100 124 177 219 179 143 110  81  83  96  89  71  62  51  46  50  57
  63  65  71  63  64 100 122 124 120  92]","[ 62 110 109  97 100  97  99  93  90  91  90  87  81  77  75  74  72  78
  86  93  98 101 104 106 110 111 110 106 104 106 113 119 123 128 105  90
  97  89 107 165 240 253 253 222 143 101  81  55  68  64  61  62  67  73
  77  78  69  86 105 128 123 110 115 102]","[ 62 113 115 105 109 109 109 101 106 105 102  99  97  94  92  90  80  80
  79  76  73  71  72  74  78  82  89  96 100 104 108 110 115 135 121 101
 102  92  93 124 147 182 199 157  95  69  67  60  60  65  72  79  82  83
  82  81  87 116 126 124 116 123 131 100]","[ 68 127 134 122 120 115 112 102 105 101  96  95  96  97  95  93  99  98
  94  90  85  83  83  85  62  63  66  71  76  80  80  80  83 114 111  89
  92  99  99 106  95 100  90  73  65  60  57  62  55  63  72  78  81  84
  89  94 115 127 119 117 122 137 137  93]","[102 168 182 170 164 154 151 142 128 120 111 106 105 103  98  93  93  96
  98  97  94  92  90  90  94  85  75  69  68  69  70  69  75 116 122  93
  86  99 103  98  90  77  56  59  75  60  41  49  68  72  76  78  82  93
 111 124 126 127 123 133 130 124 127 105]","[ 68 160 155 159 165 171 172 176 176 174 170 162 151 138 126 119 114 108
 100  96  94  94  93  91  91  88  86  87  88  87  83  79  75 111 129 109
  88  93 105 107  90  36  38  46  36  47  60  68  81  77  74  80  98 120
 132 134 135 138 132 135 131 129 132 105]","[ 82 174 164 161 158 156 151 151 150 153 157 163 168 172 175 176 175 170
 163 156 148 138 127 119 104  99  93  87  85  83  83  82  79 113 129 109
  89  92 103 105  92  33  27  34  33  50  63  69  78  83  91 101 118 133
 139 136 138 141 134 138 134 132 134 107]","[ 90 184 177 174 170 168 161 159 163 161 157 153 151 150 151 151 159 160
 162 166 170 172 170 168 168 162 150 133 115 101  91  87  92 119 130 110
  88  88  95  97  94  36  24  30  38  61  70  74  83  98 117 133 144 150
 147 141 142 144 137 141 137 136 137 110]","[ 91 191 190 190 190 192 188 185 183 180 174 169 164 161 159 159 155 153
 150 149 151 155 158 160 166 169 170 165 153 141 132 128 110 128 131 110
  87  82  86  89  90  44  32  32  42  65  74  81 105 123 145 158 163 162
 155 147 146 147 139 143 140 139 139 111]","[ 97 198 200 198 197 199 194 190 191 191 191 191 191 190 190 189 186 182
 175 166 160 157 156 156 141 147 154 156 152 145 141 140 127 135 131 110
  89  81  85  89  89  57  45  34  38  63  79 100 135 150 165 171 170 167
 161 154 149 149 140 144 143 141 141 111]","[ 99 203 206 202 199 202 198 193 198 198 199 198 196 192 188 185 187 189
 192 192 190 188 187 187 176 175 170 163 154 147 142 140 143 142 132 112
  93  85  90  97 100  83  73  51  50  75  99 133 158 168 175 175 172 169
 165 161 153 152 142 147 146 145 143 113]","[ 98 206 209 205 204 210 208 204 200 201 203 205 205 205 203 202 195 198
 201 200 197 193 192 192 198 194 190 186 183 180 177 175 164 155 138 117
  98  89  93 102 106 106 107  86  85 104 123 157 166 173 177 176 174 173
 170 165 157 156 145 150 149 148 146 115]","[101 208 212 206 204 211 209 205 207 207 206 206 205 203 202 202 205 204
 202 198 193 194 198 202 196 195 194 195 196 191 183 177 182 167 146 122
 100  89  92 102  98 113 127 114 114 126 132 159 165 171 175 176 177 177
 173 166 160 158 147 152 152 151 149 117]","[ 96 213 206 206 210 208 211 208 208 207 206 205 205 205 205 206 209 201
 197 202 204 202 202 205 200 202 204 201 196 192 191 192 191 172 143 115
  99  94  94  93  97 121 131 128 130 135 144 158 171 173 177 179 179 177
 173 171 166 163 157 158 148 150 154 116]","[ 96 213 206 206 210 207 210 207 208 207 206 206 205 205 206 206 204 199
 200 206 209 204 200 200 201 201 200 200 202 203 203 203 194 173 140 110
  93  90  92  94  96 124 137 134 135 139 146 159 172 174 177 179 179 177
 174 172 170 167 160 162 151 153 156 118]","[ 96 212 205 205 209 206 210 207 208 207 207 206 205 205 206 206 205 203
 203 208 209 206 203 203 199 199 201 205 207 205 199 194 201 177 141 110
  92  89  93  99  93 126 144 143 143 145 150 161 173 175 178 180 180 178
 175 173 174 171 165 167 156 157 159 120]","[ 95 212 205 205 208 205 208 205 208 207 206 205 205 205 205 206 207 204
 201 201 202 202 204 206 206 205 205 206 207 206 205 203 202 175 138 109
  92  87  92  98  88 127 151 150 149 151 156 165 175 176 179 180 180 179
 176 175 176 174 169 171 160 160 161 121]","[ 95 212 205 204 207 204 207 204 206 206 205 204 204 204 204 204 202 202
 201 199 199 200 202 203 201 199 196 193 193 198 204 210 199 168 130 104
  92  87  88  93  84 129 156 155 153 156 162 171 177 178 180 181 181 180
 178 177 175 174 170 173 163 162 162 122]","[ 95 211 204 203 207 203 206 203 205 204 203 202 202 202 202 202 200 205
 208 206 204 205 205 202 201 203 205 207 207 204 199 195 201 164 123 102
  96  93  93  95  87 134 163 159 155 159 166 175 178 179 180 181 181 180
 179 178 174 174 172 176 166 165 165 124]","[ 95 211 204 203 206 202 205 202 203 202 201 200 200 200 200 201 202 205
 203 196 194 199 204 205 213 203 193 194 201 206 203 197 203 159 113  95
  94  95  96  98  95 144 171 163 156 160 168 178 180 180 181 182 182 181
 180 180 174 174 173 178 169 169 168 127]","[ 95 211 203 203 205 202 204 201 202 201 200 199 199 199 199 200 200 197
 186 171 168 181 196 204 196 161 121 108 129 164 192 204 198 149  98  81
  85  89  90  93 102 151 177 166 156 160 169 179 180 181 181 182 182 181
 181 180 174 175 174 180 171 171 170 129]","[ 99 203 206 204 200 202 202 204 199 196 198 203 203 197 190 188 207 156
 114  93  77  88 134 177 120  98  74  71  77  87 136 200 202 135  79  72
  80  79  86 100  92 165 169 169 160 161 163 183 182 182 182 181 181 180
 180 180 178 177 174 181 174 175 175 134]","[ 95 200 205 204 200 202 200 201 208 201 197 199 202 203 205 208 172 126
  93  86  85  91 106 113  77  79  82  89  89  84 106 149 192 116  68  72
  81  81  85  88  93 166 170 170 160 162 163 181 182 182 182 181 181 180
 180 180 177 176 174 180 174 176 176 135]","[ 92 197 202 202 200 201 198 198 198 200 194 173 146 136 155 180 134 106
  89  91  95  99  93  77  67  82  91  93  90  84  96 124 188 100  58  71
  74  79  88  81  95 169 172 171 160 163 161 177 182 182 181 181 181 181
 180 180 178 177 174 180 174 176 177 136]","[ 94 197 200 200 198 201 198 198 188 181 162 127  88  71  86 109 108 103
 103 101  97 103 103  88  81  96  97  91  92  94 103 119 181  92  57  69
  62  71  92  85  98 173 176 172 162 164 161 172 181 181 181 181 181 181
 181 181 180 178 174 179 172 174 174 133]","[ 98 199 199 197 197 200 199 198 192 157 117  96  90  84  74  67  97 100
 105 100  94 104 107  92  80  95  96  94 103 107 102 101 145  79  60  70
  54  63  89  86 103 178 180 175 164 167 160 168 181 181 181 181 181 181
 181 181 183 180 175 178 170 171 171 130]","[100 200 199 197 197 200 196 194 177 143 110  99 102  99  84  71 102  97
  97  98 101 111 101  74  87  95  92  92 106 111 102  96  97  67  69  74
  57  62  82  79 107 184 185 178 167 170 161 165 180 180 181 181 181 181
 182 182 182 179 173 176 167 168 169 128]","[ 97 198 199 199 199 199 191 186 152 138 121 110 100  89  81  79 108  97
  96 101 107 112  96  66  97 100  93  92 105 109 102 102  75  76  84  80
  65  68  79  78 111 188 189 181 170 172 161 163 180 180 180 181 181 182
 182 182 178 175 169 173 165 168 169 129]","[ 93 196 200 201 201 198 187 179 148 132 116 109 105  94  83  76 106  98
  99 103 103 104  94  73  89  97  98 103 113 107  95  93  81  95  98  83
  71  75  82  83 113 191 192 182 171 174 162 162 180 180 180 181 181 182
 182 182 174 171 166 171 165 168 171 131]","[ 92 200 201 198 199 199 173 144 147 144 119 103 109  98  80  82  97 111
  97  95 108 113  59  84 100  97  97 104 109 103  91  81  76  88  95  89
  79  77  81  84 108 186 191 187 179 182 165 161 173 178 181 181 181 183
 180 175 166 172 162 161 163 171 171 133]","[ 96 201 204 199 193 182 156 133 142 142 119 102 106  94  77  82 102 111
  99  99 108 106  60  90  98  96  98 105 108  99  85  76  83  88  86  75
  67  70  79  85 105 184 190 187 179 182 168 166 173 179 183 181 178 175
 170 163 156 166 162 166 167 171 165 124]","[ 99 200 201 199 184 162 134 120 134 138 119 102 102  89  75  83 105 109
  99 103 107  92  60  95  94  93  98 106 104  90  75  67  70  72  70  64
  63  73  84  90 103 183 190 188 181 185 174 177 168 177 182 180 175 171
 167 162 165 171 163 165 165 170 169 132]","[ 98 191 190 193 180 152 122 112 128 136 120 102  99  85  74  86 100 101
  96 104 104  75  57  91  89  90  96 103  97  78  62  57  58  64  68  70
  75  83  87  87 103 181 188 189 182 186 179 185 169 176 178 172 166 164
 164 162 163 168 160 163 162 164 163 128]","[ 92 180 176 184 177 151 121 109 127 136 121 101  97  83  76  91  92  92
  92 102  99  59  55  84  86  86  94  99  88  65  51  50  65  70  75  76
  80  84  82  78 100 175 180 182 177 181 175 184 172 174 171 163 158 160
 162 163 164 171 169 175 173 170 165 131]","[ 86 174 168 174 170 150 121 107 127 136 119  99  95  83  78  95  89  89
  90  97  94  52  62  81  86  85  92  95  80  55  44  49  59  63  65  65
  68  75  80  79  98 168 169 172 169 173 165 174 165 167 166 162 163 169
 171 169 161 159 144 144 142 149 159 138]","[ 82 175 169 167 159 142 117 103 128 134 115  95  93  83  79  96  95  94
  93  94  92  52  75  85  88  87  92  93  75  49  42  52  49  55  58  59
  63  73  81  84 101 164 161 165 164 167 158 165 159 161 163 163 164 163
 153 142 119 111  90  87  88 101 124 111]","[ 81 180 174 164 150 134 111  98 128 133 113  92  91  83  80  97 102 100
  96  92  91  55  86  92  91  89  92  93  73  47  43  55  56  64  70  70
  71  76  81  82 105 165 160 163 164 167 156 162 162 164 163 159 151 136
 110  88  84  85  80  88  91  97 108  89]","[ 86 176 174 169 149 133 114  97 123 131 103  91  83  63  78 107 102  95
  91 108  80  53  78  78  86  89 101  97  67  46  48  52  67  64  63  68
  73  77  85  93 113 155 163 162 163 161 163 150 160 163 157 136 108  87
  81  83  84  92  87  92  97 106 110  78]","[ 82 172 169 164 144 128 111  95 116 127 107 100  91  70  85 111  93  91
  90  99  70  54  85  87  86  86  97  94  68  49  48  48  58  57  59  65
  68  72  80  88 122 162 164 156 152 151 163 160 165 147 121  98  87  87
  92  96  87  96  93  93  87  93 109  92]","[ 82 171 166 160 140 126 111  96 107 125 117 112  97  73  88 110  92  93
  92  87  58  57  92  95  91  90  96  91  67  51  49  47  51  53  60  66
  67  69  77  87 130 162 159 152 154 154 161 153 127 105  81  75  84  93
  92  85  96  99  93  98  96 102 121 109]","[ 85 173 168 161 142 129 115 101 101 126 129 124  95  69  87 106 106 103
  98  78  51  65  97  96 102  99 101  89  61  48  51  51  50  56  65  72
  71  70  78  88 136 159 153 156 165 159 146 122  87  75  66  73  90  99
  93  82 103  98  92 111 125 133 141 118]","[ 86 174 168 162 143 131 118 105  97 124 135 128  92  68  94 111 122 109
 102  73  53  77 101  97 108 105 102  83  51  42  52  56  53  59  68  74
  71  68  74  82 138 163 158 156 155 136 117  92  88  81  75  76  85  95
 101 103  94 100 105 131 145 148 147 117]","[ 84 172 167 161 143 131 118 105  95 115 125 121  88  75 109 122 125 106
 100  71  55  85 102  99 106 102  96  75  48  45  58  61  60  63  69  73
  70  65  67  73 128 158 153 140 121  97  91  84  92  91  90  87  85  89
  96 103  86 112 131 147 145 142 143 115]","[ 83 172 168 162 144 132 119 105  97 102 103 103  81  83 119 124 120  97
  98  70  52  80  94  97 102  94  87  72  57  62  72  69  74  74  76  78
  75  69  68  71 100 124 115 105  95  82  88  89  89  91  94  95  94  92
  90  89  99 132 149 152 143 144 149 118]","[ 83 173 169 165 147 135 121 106 100  93  85  87  74  85 121 117 115  92
  98  69  47  72  84  92  99  88  81  73  69  80  86  76  90  86  85  86
  83  77  73  74  71  85  72  76  91  94 100  94  98  94  90  91  96  99
  98  96 122 147 152 149 148 160 162 122]","[ 80 176 168 160 150 138 120 109 100  96  93  93  88  83  88  97 103  94
  79  64  56  61  75  87  73  75  79  83  87  90  92  93  92  92  92  91
  89  86  83  81  75  84  90  89  91  96  97  94 104  99  97  98  95  93
  99 110 148 149 148 153 146 151 158 122]","[ 85 182 175 165 151 138 121 112 102  98  97  96  92  88  93 102 101  96
  89  83  81  81  83  84  85  86  88  90  92  94  95  96  96  96  96  96
  94  92  90  88  85  92  94  91  91  96 100 100 105 104 103  98  93  98
 122 146 149 150 148 154 147 151 158 122]","[ 90 191 184 169 151 137 122 114 104 102 101 100  97  96 101 109 104 101
  99 100 101  99  93  86  96  96  97  97  97  97  97  97  99 100 100 100
 100  98  96  95  97 100 100  96  96 102 107 108 114 101  93  98 114 132
 147 157 150 151 149 155 147 151 157 122]","[ 92 196 189 170 147 133 120 113 105 105 105 103 101 102 109 115 113 109
 106 105 104 103 100  96 101 100  99  98  98  97  97  97 100 101 102 103
 102 101 100  98 105 104 102 102 106 110 110 107 107 100 101 118 141 155
 155 149 151 152 150 156 148 152 158 122]","[ 91 197 189 166 142 130 118 111 106 108 108 105 104 107 114 119 116 117
 115 111 105 102 102 103 102 101 100  99  99  99 100 101 102 103 105 105
 105 104 103 102 109 103 101 105 111 111 103  96  97 116 139 150 150 149
 150 153 152 152 151 156 149 153 159 123]","[ 91 197 188 163 140 130 119 110 107 111 111 107 106 112 119 122 115 119
 122 119 111 105 103 103 103 102 101 100 101 102 104 105 106 106 108 108
 108 107 105 104 108 103 101 104 107 104  99  97 125 140 154 158 156 154
 153 152 151 152 151 157 150 155 161 126]","[ 93 198 187 162 141 134 123 112 110 115 115 110 108 115 122 125 115 116
 117 115 112 108 105 103 103 102 101 100 101 103 105 106 106 106 107 108
 107 106 104 103 105 103 103 103 100 100 112 126 158 157 155 153 157 162
 157 147 150 151 151 157 151 156 163 128]","[ 95 200 188 162 143 139 127 114 112 118 118 112 110 118 125 126 119 113
 106 104 106 108 107 106 103 101  99  98  98 100 102 104 103 104 105 105
 104 102 100  99 100 103 106 103  96 102 129 158 159 167 168 158 149 150
 154 156 149 150 150 157 151 157 165 129]","[ 96 198 187 164 144 137 127 120 114 118 118 114 114 119 123 123 119 114
 107 102 102 103 105 106 103  99  95  96 102 106 103  96 102 102 101 100
  98  96  95  94  93  92  86  85 105 138 160 164 163 162 161 159 157 155
 154 153 148 148 148 156 151 158 163 126]","[100 204 193 167 141 130 123 119 119 122 123 119 119 123 127 127 119 113
 105  99  97  99 101 102  96  97  97  97  99 101 102 101  97  96  94  92
  91  92  93  94  78  89 101 113 134 159 170 167 163 163 161 159 157 155
 154 153 151 152 151 159 155 161 167 130]","[ 96 203 196 169 139 124 118 118 118 122 122 118 117 121 123 123 120 113
 105  98  96  97  98  99 105  94  83  82  89  96  98  98  99  96  92  87
  85  85  86  87 109 125 141 151 162 170 168 160 161 160 158 156 154 152
 151 150 146 146 146 153 149 155 161 124]","[ 97 207 206 184 152 133 126 128 129 133 132 126 123 125 126 124 114 110
 103  98  95  94  92  90  90  93  99 103  99  89  82  80  68  75  89 107
 127 147 164 172 169 177 181 178 175 174 170 163 166 165 164 162 160 158
 156 155 149 150 149 157 153 159 165 127]","[ 91 202 206 189 159 136 123 124 131 134 132 124 119 118 117 114 107 104
 101  99  97  93  88  84  80  86  91  86  73  72  94 119 160 163 167 172
 176 179 180 181 178 179 176 169 165 165 167 167 161 160 158 156 154 152
 151 150 147 148 147 155 151 157 162 125]","[102 206 210 198 171 147 129 125 133 135 133 125 118 116 113 109 106 104
 103 102 101  97  92  88  93  77  68  82 107 135 163 184 171 173 176 178
 179 177 174 172 175 174 172 170 170 172 173 174 164 164 162 160 158 156
 155 154 149 150 149 157 153 159 164 127]","[108 205 205 196 178 156 136 130 133 136 134 126 120 117 114 111 100  98
  95  94  94  93  90  88  83  74  88 136 183 200 190 177 183 185 187 188
 189 188 187 186 180 176 174 174 176 175 172 169 166 166 164 162 160 158
 157 156 148 149 148 156 152 158 164 127]","[ 71 165 159 154 141 124 106  99 101 105 103  96  91  89  86  83  87  83
  79  76  77  78  79  79  68  72  91 120 137 138 138 143 141 140 139 138
 137 136 136 136 146 138 133 133 136 135 131 128 129 128 127 125 123 121
 120 119 114 115 114 122 118 124 130  92]"
