"[ 43  77  58  64  64  71  67  73  65  66  68  71  75  79  83  85  76  86
 100 110 114 114 114 114 114 112 111 111 108 100  87  78  72  68  66  68
  72  72  67  62  37  37  21  17  33  29  16  21  51  51  50  48  45  42
  41  40  39  49  46  45  35  40  62  52]","[ 57 106 104 119 120 123 116 120 129 128 127 128 131 135 139 142 147 155
 168 182 196 212 226 235 247 249 250 249 248 241 230 222 202 187 165 145
 134 129 128 128 117 102  75  48  24  10  29  65  89  86  82  78  74  70
  66  63  71  71  62  69  76  92 113  99]","[ 46  96  91  98  90  93  92 101 104 103 103 105 109 115 121 124 124 124
 124 126 129 137 146 153 172 183 201 220 235 246 253 253 247 248 246 237
 215 183 152 133 121 104 106 116 102  81  80  88  85  78  69  64  63  63
  63  62  69  66  58  76  96 117 130 106]","[ 71 118 107 105  91  94  92 100  90  90  91  92  95  98 101 103 109 111
 113 116 117 119 121 123 117 123 132 142 153 167 183 194 225 233 245 254
 255 255 252 249 215 172 143 124  97  90  98  96  76  67  57  53  58  66
  72  75  69  75  79 103 120 130 132 100]","[ 61 115 112 117 108 109  99  97  91  91  91  90  88  85  83  81  87  89
  94 100 105 108 109 109 118 118 115 111 109 112 119 126 132 137 146 160
 179 201 223 237 252 254 254 219 145 103  88  69  73  69  66  68  73  80
  84  86  83  99 111 130 134 132 132 103]","[ 64 120 117 120 113 118 111 109 106 107 107 107 106 104 101 100  92  88
  84  80  79  78  77  76  85  89  94 100 105 110 115 118 105 108 114 120
 124 126 126 125 161 192 203 160 100  76  74  68  63  67  74  79  81  81
  79  77  99 115 123 133 127 123 129 108]","[ 77 136 133 130 116 120 117 119 109 107 105 103 103 103 104 105 105 100
  95  92  92  93  93  92  68  70  74  79  84  87  87  86 106 100  94  91
  94  97  99  99  91 110 107  86  73  69  64  63  69  75  83  88  89  91
  95  98 125 134 132 138 133 132 137 114]","[101 173 186 188 169 163 151 149 136 130 121 113 107 104 105 106 105 102
 100 100 101 100  96  92 100  93  85  81  79  78  75  72  72  69  68  72
  80  84  83  80  77  85  71  60  67  62  53  62  73  77  81  83  86  97
 114 128 136 138 131 138 137 136 135 104]","[ 75 168 162 164 168 174 178 184 179 178 175 168 158 147 137 131 120 117
 112 106 103 101 101 101 101  99  96  94  94  92  90  88  81  78  71  62
  58  55  48  39  47  47  46  45  48  55  66  74  85  88  89  90 100 119
 137 145 139 144 136 139 138 140 141 108]","[ 88 180 171 166 163 161 159 161 152 156 163 171 177 181 183 184 169 168
 165 159 152 142 134 130 117 109  97  89  87  89  93  95  87  85  79  72
  69  68  61  53  44  39  35  36  45  58  71  79  87  90  96 109 129 145
 146 139 142 146 139 142 141 143 143 110]","[ 94 190 184 180 177 175 172 172 165 165 165 164 162 159 157 156 167 170
 174 179 182 182 182 181 171 164 153 140 126 112  99  91  96  94  87  78
  74  70  62  53  46  39  33  36  49  66  79  85  89 102 120 139 155 161
 154 142 146 150 143 145 144 145 145 113]","[ 96 197 198 198 198 200 197 197 189 186 182 177 173 168 165 164 162 160
 158 156 156 158 161 163 172 172 171 168 162 151 138 129 119 116 106  94
  85  77  66  54  51  46  41  42  52  67  82  90 102 128 155 166 164 160
 157 155 150 154 146 148 146 147 147 114]","[103 206 210 207 204 205 201 199 200 199 198 197 196 196 197 197 186 183
 177 171 167 165 165 165 159 156 152 150 150 150 149 149 143 140 131 119
 111 103  91  79  63  58  50  44  47  64  89 108 137 157 176 178 169 163
 163 164 153 157 149 150 148 149 148 115]","[105 210 216 211 207 208 204 200 209 207 205 202 199 197 196 195 197 199
 202 203 203 201 199 197 184 180 175 169 162 154 145 139 149 147 142 135
 132 128 118 108  93  86  72  59  59  79 113 139 168 174 178 178 179 178
 172 164 156 160 152 153 150 151 150 117]","[101 209 217 214 211 216 214 211 208 209 209 210 211 211 211 212 204 204
 205 204 201 196 191 188 194 196 199 201 199 190 178 169 161 161 157 153
 151 149 141 132 124 116 103  92  92 108 134 154 167 172 177 181 184 185
 177 167 161 164 155 156 153 153 152 119]","[101 211 218 214 211 217 216 213 212 213 213 213 212 211 210 209 212 210
 208 205 205 206 208 210 205 202 198 196 195 195 193 192 188 188 184 178
 175 171 162 152 138 132 125 119 119 127 137 145 146 164 181 186 182 179
 175 173 164 167 158 159 156 156 154 121]","[100 219 214 215 217 214 218 216 217 216 215 214 213 212 212 211 212 212
 212 211 211 210 210 210 207 206 205 204 204 202 198 195 190 187 184 184
 185 183 175 169 162 150 139 129 130 145 144 122 110 151 184 184 177 180
 182 176 170 168 162 165 155 156 158 119]","[100 218 215 215 217 214 218 216 216 216 215 215 214 213 213 212 212 212
 212 212 211 211 210 210 211 210 209 209 209 207 204 201 198 194 190 190
 191 189 183 177 168 157 145 134 134 147 144 120 110 146 179 185 181 181
 181 177 173 171 166 168 158 159 160 121]","[100 218 215 215 218 214 218 216 215 215 214 214 214 214 214 214 212 212
 212 212 211 211 211 211 213 212 211 211 212 211 208 206 204 200 196 195
 195 193 189 185 176 165 154 143 141 152 145 119 110 140 173 187 186 183
 181 180 178 176 171 173 162 162 163 124]","[100 218 214 214 217 214 218 216 213 213 213 214 214 214 214 214 212 212
 212 212 212 211 211 211 210 209 208 209 210 210 208 207 206 202 198 196
 195 194 192 189 182 172 163 153 149 157 147 120 110 135 168 189 191 184
 181 182 180 179 174 176 165 165 166 126]","[ 99 217 213 213 216 212 216 215 212 212 212 212 213 213 213 213 210 210
 211 211 211 211 211 211 209 208 206 206 208 209 208 206 206 203 200 198
 196 195 194 192 185 176 169 160 156 162 149 119 110 136 169 190 192 185
 182 183 181 179 175 178 168 167 167 127]","[ 97 216 211 211 214 211 215 213 211 211 211 211 211 210 210 210 208 209
 209 209 209 210 210 210 211 208 206 206 208 209 208 207 206 205 204 202
 200 197 196 195 186 179 174 165 160 163 147 115 110 141 174 189 189 186
 184 184 180 179 176 180 170 170 170 130]","[ 95 214 209 209 212 209 213 211 211 210 210 209 209 208 207 207 207 207
 207 208 208 208 209 209 211 209 206 205 206 207 206 206 204 204 205 204
 201 198 196 195 189 182 177 169 162 161 142 108 111 148 181 188 185 186
 187 183 180 180 178 182 173 173 173 133]","[ 94 213 208 208 211 208 212 210 210 210 209 208 207 206 206 205 205 206
 206 206 207 208 208 208 210 207 204 203 203 204 204 203 200 202 204 203
 200 196 193 192 191 185 180 170 162 159 138 103 111 153 186 188 182 186
 189 183 180 181 179 184 175 176 176 136]","[ 99 213 205 208 212 205 208 208 207 207 206 206 205 204 203 203 207 207
 206 206 205 204 204 204 204 200 199 202 205 205 204 203 204 203 199 201
 197 201 208 192 190 181 187 169 164 150 104 101 110 157 186 185 185 188
 185 183 184 181 177 183 178 181 180 137]","[ 97 212 203 206 209 203 206 206 207 207 206 205 204 204 203 203 205 205
 204 204 204 204 204 203 202 201 201 202 202 201 200 200 197 206 206 202
 201 206 196 164 169 176 168 150 154 139 105 106 115 160 187 186 186 189
 186 184 183 180 176 183 178 181 181 139]","[ 95 209 201 204 207 201 204 204 206 206 205 205 204 203 202 202 202 202
 202 202 202 203 203 203 199 202 204 202 199 197 197 198 201 204 192 169
 167 173 150 113 125 150 122 110 128 114  94  97 124 165 188 186 187 189
 186 185 184 181 176 182 178 181 181 139]","[ 94 209 201 203 207 201 204 203 205 205 205 204 203 202 202 201 199 199
 200 200 201 201 202 202 198 202 204 200 197 197 199 200 201 182 152 119
 120 129 107  90 119 151 107 103 140 125 110 109 136 171 189 186 188 190
 186 186 186 182 177 182 176 179 179 137]","[ 95 210 202 204 208 202 204 204 205 204 204 203 202 201 201 201 198 198
 198 199 200 200 201 201 198 202 201 197 197 201 200 196 175 145 122 104
 118 124 100 109 138 158 108 114 161 146 122 115 148 176 189 186 188 189
 186 187 189 184 177 180 174 176 175 133]","[ 96 211 202 205 209 202 205 205 204 204 203 202 201 201 200 200 198 198
 198 199 199 199 199 199 199 201 198 195 199 202 191 176 137 117 118 119
 142 138  99 119 149 144 105 116 163 151 116 109 158 181 189 185 187 188
 185 187 188 183 175 178 171 174 173 132]","[ 96 210 202 205 208 202 205 205 203 203 202 202 201 200 199 199 199 199
 199 199 199 198 198 198 201 199 195 194 201 199 172 142 109 105 121 120
 143 140  92 113 156 127 108 125 167 161 123 125 165 184 188 184 187 187
 183 186 184 179 172 175 169 173 174 133]","[ 95 209 201 204 207 201 204 204 203 203 202 201 200 200 199 199 201 200
 200 199 199 198 198 197 201 199 194 195 202 195 157 115  93 100 118 104
 128 137  95 117 146 103 101 122 159 161 124 135 169 185 188 183 186 186
 183 186 180 175 169 173 168 173 175 135]","[ 95 204 209 203 199 205 204 201 202 201 201 200 199 198 197 197 197 197
 197 197 197 197 197 197 192 201 195 189 199 189 146 107  86  76  95 132
 137 109 100 115 136  75  91 133 136 130 128 135 171 182 187 184 185 190
 186 175 173 170 167 174 168 169 170 130]","[ 97 205 209 203 199 205 204 201 201 201 200 199 198 198 197 197 197 197
 197 197 197 197 197 197 192 199 195 193 199 181 138 104  96  78  92 129
 130  99 100 130 120  75  98 131 127 121 121 131 173 185 191 184 179 181
 180 174 170 168 166 175 170 172 173 134]","[ 98 204 207 203 200 204 203 201 201 200 200 199 199 198 197 197 197 197
 197 197 197 197 197 197 193 198 196 198 198 171 130 107  91  76  95 137
 137 103 103 137 102  83 115 134 121 117 121 135 165 181 191 185 175 169
 165 159 170 170 168 175 169 172 172 130]","[ 97 200 201 198 196 200 198 197 198 198 197 197 196 196 195 195 195 195
 195 195 195 195 195 195 194 195 193 197 194 163 128 115  91  80  92 122
 126 111 117 144  90  94 132 139 121 120 127 144 165 175 181 176 170 168
 168 166 170 171 169 173 167 171 171 128]","[ 90 191 190 188 187 189 187 188 189 189 189 188 188 188 188 188 188 188
 188 188 188 188 188 188 189 188 185 188 185 156 128 123 107  94  81  80
  89 106 127 144  80  97 135 134 117 119 126 145 173 174 173 169 167 168
 169 168 147 152 152 159 158 169 174 132]","[ 83 181 178 178 178 179 177 178 179 179 179 179 179 179 179 179 178 178
 178 178 178 178 178 178 180 180 176 177 176 153 129 125 108 102  86  72
  79 102 117 118  80  97 126 122 113 116 118 137 163 168 174 173 164 146
 124 109 107 115 119 130 137 158 170 131]","[ 83 178 175 176 176 177 174 176 175 175 175 175 175 175 175 175 175 175
 175 175 175 175 175 175 175 179 174 173 174 156 132 123 105 108 106 100
 102 107 107 101  98 106 124 119 120 123 118 135 145 151 157 153 135 107
  82  68  91  99 103 114 123 150 166 127]","[ 87 181 177 179 180 179 177 179 176 176 176 176 176 177 177 177 176 176
 176 176 176 176 176 176 174 181 178 175 176 161 135 122 119 119 120 119
 116 112 113 116 120 121 130 126 133 135 125 140 141 136 125 108  90  82
  87  96 105 112 113 120 126 152 168 128]","[ 86 182 178 177 176 177 176 178 179 179 178 178 177 176 176 176 175 175
 175 175 175 175 175 175 179 176 174 175 172 158 135 117 118 123 123 118
 117 120 118 112 123 123 122 123 128 135 138 137 140 128 117 113 112 107
 101  99 100 118 139 159 154 156 159 123]","[ 85 182 177 177 176 177 175 178 177 177 177 176 176 176 176 176 175 175
 175 175 175 175 175 175 178 175 173 175 172 159 138 120 119 124 125 122
 121 124 122 116 110 114 120 125 130 135 138 139 137 132 128 127 121 112
 105 104 129 140 151 163 155 155 158 121]","[ 85 181 177 176 175 177 175 177 174 175 175 175 175 175 176 176 175 175
 175 175 175 175 175 175 176 173 172 174 172 160 141 126 122 126 127 126
 126 127 125 121 106 111 118 124 127 128 128 129 129 124 119 117 115 117
 127 138 154 156 156 162 152 154 156 118]","[ 85 181 177 176 175 176 175 177 172 173 173 174 174 175 175 176 176 176
 175 175 175 175 174 174 174 172 171 172 171 162 146 133 126 128 129 129
 128 127 124 121 111 108 107 111 113 110 107 106 105 102 102 110 120 133
 149 163 157 155 150 154 147 151 154 115]","[ 84 181 176 176 175 176 174 177 172 172 173 173 174 175 175 175 176 176
 176 175 175 174 174 174 173 171 170 171 170 162 150 139 131 130 129 129
 126 123 120 119 113 102  94  99 106 105 101 100  94  97 110 131 147 153
 152 152 151 148 143 149 144 149 152 113]","[ 84 180 176 175 174 175 174 176 173 173 174 174 174 174 174 175 177 177
 176 175 175 174 173 173 173 171 170 170 169 163 152 144 135 131 128 127
 123 119 117 119 115 105 102 115 126 127 126 127 130 127 133 147 157 157
 150 146 150 149 145 152 146 150 153 114]","[ 84 180 176 175 174 175 174 176 175 175 175 175 174 174 174 174 177 177
 176 175 175 174 173 173 174 172 171 170 168 162 154 148 137 130 125 124
 122 117 118 123 115 115 126 146 155 152 150 155 161 154 149 151 153 152
 153 156 153 153 151 156 149 154 160 123]","[ 83 180 176 175 174 175 174 176 177 176 176 175 175 174 174 173 177 177
 176 175 175 174 173 173 174 173 171 170 167 162 155 149 137 129 123 123
 121 118 120 127 111 120 142 165 168 157 153 159 154 154 157 160 158 154
 154 158 154 155 153 158 151 157 166 132]","[ 81 182 180 175 172 175 173 173 177 177 177 177 177 177 177 177 181 180
 178 178 178 178 177 175 179 178 178 180 179 171 156 145 137 133 127 123
 123 124 125 125 113 125 154 160 162 166 154 157 160 159 158 157 156 155
 156 156 156 155 152 158 152 158 164 127]","[ 87 189 187 184 183 186 185 186 186 187 187 187 187 187 187 187 192 190
 188 188 189 189 187 185 182 181 181 182 181 172 157 146 138 133 127 124
 123 123 123 123 111 125 157 161 161 164 154 159 159 158 157 156 156 156
 156 156 156 155 152 158 153 159 164 128]","[ 92 195 194 193 192 196 196 197 195 195 195 195 195 195 195 195 195 193
 192 191 192 192 190 189 186 185 184 185 183 174 158 146 139 135 129 124
 122 122 121 120 107 126 160 163 160 163 154 161 158 157 156 156 155 156
 156 157 155 155 153 159 154 159 165 128]","[ 93 196 196 195 194 198 198 198 197 197 197 196 196 196 196 196 194 192
 190 190 191 190 189 187 188 186 185 186 183 173 158 145 141 136 130 125
 122 121 119 117 104 128 164 165 159 163 156 163 157 157 156 156 156 156
 157 157 155 155 153 160 155 160 165 128]","[ 95 198 197 195 194 197 195 194 196 196 195 195 194 194 193 193 196 194
 192 192 193 193 191 189 188 186 185 185 182 172 156 144 141 136 130 125
 122 120 117 115 102 130 168 166 160 165 158 164 159 158 157 157 156 157
 157 157 154 154 153 161 156 161 166 128]","[ 98 201 201 199 196 198 195 194 197 196 196 195 195 194 193 193 195 193
 191 191 192 192 190 188 187 185 184 184 182 171 156 143 140 136 130 125
 122 120 116 114 103 132 170 168 162 169 162 165 162 161 160 158 157 157
 157 157 153 154 154 162 157 162 167 129]","[100 202 203 202 199 201 198 197 198 198 197 196 195 195 194 194 192 190
 189 188 189 189 187 186 186 184 183 184 182 172 157 144 139 135 130 125
 123 120 116 114 105 134 171 169 165 174 165 165 165 164 162 160 159 158
 157 157 152 154 154 162 158 163 167 129]","[ 99 203 204 203 201 203 200 199 198 198 197 196 195 194 194 193 194 192
 191 190 191 191 189 188 186 184 184 185 183 173 158 146 138 134 129 125
 123 120 117 114 107 135 172 169 167 177 167 165 167 166 164 161 159 158
 157 157 152 154 154 163 158 163 167 129]","[ 96 203 207 207 204 205 202 201 198 198 198 198 197 195 194 193 191 191
 190 191 192 191 188 185 189 187 188 188 180 164 150 143 136 133 128 125
 121 117 113 110 101 133 175 176 171 177 168 170 167 165 162 161 161 159
 157 154 153 154 154 163 158 163 167 129]","[ 99 204 206 204 201 202 200 200 200 200 200 199 198 196 195 194 194 193
 192 193 194 193 190 187 189 188 188 189 182 166 153 147 138 135 131 127
 125 121 118 115 106 137 177 175 170 176 168 170 170 167 165 164 163 162
 159 157 154 155 155 164 159 164 168 130]","[101 205 207 204 200 202 201 201 201 200 200 199 198 196 195 194 191 190
 189 189 190 190 187 185 185 184 185 185 177 162 149 144 133 130 126 122
 120 117 114 112 107 136 175 173 166 173 165 167 167 165 162 161 160 159
 156 154 152 153 153 161 156 161 166 128]","[106 211 214 213 210 211 209 209 206 206 206 205 203 201 200 199 196 194
 193 193 193 193 191 189 190 189 190 189 179 163 151 147 140 136 131 126
 124 121 118 115 110 141 181 180 174 180 171 173 170 168 165 164 163 162
 159 157 157 157 156 164 160 165 170 133]","[ 97 203 209 209 207 208 204 203 201 201 200 199 197 195 193 192 191 189
 187 187 188 188 186 185 187 186 187 184 172 155 144 141 138 133 127 122
 118 115 112 110 101 133 176 176 171 177 167 168 165 162 160 159 158 157
 154 152 150 150 149 156 151 158 163 126]","[105 209 216 216 213 214 211 210 210 210 209 208 206 203 201 200 196 194
 191 190 191 192 191 189 192 191 192 189 176 159 149 147 138 133 126 121
 117 115 112 111 103 135 178 179 174 180 171 172 171 168 166 165 164 163
 160 158 153 153 151 158 153 160 166 129]","[112 212 216 213 209 211 209 210 210 210 209 208 205 203 201 199 195 192
 189 188 189 190 189 188 188 189 190 187 175 159 150 150 137 133 126 122
 120 119 118 117 110 139 179 176 171 179 172 176 173 171 168 167 166 165
 162 160 156 155 153 160 155 162 168 132]","[ 72 173 169 162 157 160 161 163 161 160 160 158 156 153 151 150 152 150
 147 145 146 147 147 146 142 144 147 145 133 118 111 112 105 101  96  93
  92  92  92  92  78 105 140 135 129 138 134 139 133 131 128 127 127 125
 123 120 120 119 117 123 119 126 132  96]"
