"[36 79 54 66 66 70 78 79 78 79 79 80 80 81 81 82 78 78 78 78 78 77 77 77
 64 81 75 72 68 63 63 43 37 37 38 54 72 46 67 60 54 54 54 54 55 55 55 56
 56 56 55 53 49 44 39 36 39 38 31 41 42 45 59 46]","[ 78 140 125 133 126 124 127 126 140 141 143 146 149 151 153 154 162 162
 161 160 159 158 157 157 164 167 153 155 158 145 115  63  48  48  56  90
 133 121 133 118 120 119 116 112 108 104 102 100  98  98  97  96  95  94
  94  94  77  75  66  71  67  65  74  56]","[ 94 180 179 181 170 166 165 160 140 139 138 137 135 133 132 131 134 136
 139 143 147 151 154 155 161 162 152 162 173 166 129  62  49  42  46  81
 145 146 146 124 133 133 131 129 127 125 124 123 123 119 113 107 102  98
  97  96  99  98  88  90  83  78  82  59]","[100 204 207 204 198 200 197 191 195 193 189 184 179 174 170 168 151 150
 147 143 139 135 132 130 130 136 134 141 144 147 127  64  48  40  41  70
 148 168 172 162 162 160 156 151 146 141 137 135 136 134 132 129 128 127
 127 127 116 117 109 112 107 103 103  77]","[ 99 208 207 200 203 211 207 203 205 205 204 202 200 199 198 197 201 199
 195 190 185 180 176 174 154 156 149 145 134 137 119  49  50  46  45  56
 131 155 156 157 160 161 162 163 164 165 166 167 151 151 150 149 146 143
 140 138 133 136 128 131 126 122 120  90]","[ 95 206 200 190 197 204 199 200 198 198 198 198 198 198 198 198 195 195
 197 198 200 202 203 204 213 206 197 195 187 194 166  74  47  47  47  46
 117 139 128 131 129 131 134 139 144 148 152 153 166 167 168 168 166 163
 159 157 155 159 150 150 145 142 138 104]","[100 212 210 202 209 209 202 210 207 207 206 204 203 202 201 200 208 207
 205 203 201 199 197 196 202 196 194 199 196 210 183  83  46  47  52  59
 153 194 181 185 169 166 161 155 147 141 136 133 132 134 137 142 146 149
 152 153 163 168 161 163 162 163 160 125]","[ 91 207 210 205 211 206 197 211 205 205 204 204 204 204 204 204 200 200
 200 201 201 201 201 201 202 201 205 206 195 209 190  95  47  40  40  48
 158 212 197 200 203 201 198 193 189 184 181 179 171 167 160 151 144 138
 134 133 131 138 134 140 144 151 152 117]","[101 204 209 207 205 207 205 206 205 205 205 205 205 205 205 205 205 204
 204 203 203 202 202 201 211 202 201 204 206 202 200 102  44  45  49  51
 138 210 197 202 201 201 201 201 201 201 201 201 201 200 198 195 191 187
 184 182 173 169 159 157 147 149 147 101]","[100 204 208 207 204 206 205 205 205 205 205 205 205 205 205 205 205 205
 204 204 204 204 203 203 207 202 202 202 204 200 195  91  47  47  49  51
 133 209 199 205 202 202 202 202 202 202 202 202 199 200 200 200 199 198
 197 196 204 203 197 198 191 196 195 150]","[ 99 204 207 206 203 206 204 205 204 204 204 204 204 204 204 204 204 204
 204 204 205 205 205 205 203 205 206 202 204 205 197  85  49  48  47  49
 123 207 201 207 203 203 203 203 203 203 203 203 201 201 203 204 205 205
 205 205 200 201 198 202 198 204 203 157]","[ 97 203 205 205 202 205 204 204 204 204 204 204 203 203 203 203 201 202
 202 203 203 204 204 205 200 205 206 199 202 208 199  82  50  48  45  48
 110 203 201 208 204 204 204 204 204 204 204 204 204 204 205 205 205 204
 203 203 200 202 199 204 199 204 201 154]","[ 95 199 204 203 201 204 203 204 204 204 203 203 202 202 201 201 199 200
 200 201 201 202 202 203 201 205 204 196 199 203 193  75  48  46  43  49
  99 200 201 206 204 204 204 204 204 204 204 204 206 206 206 206 205 204
 202 202 207 208 206 211 206 210 206 159]","[ 94 198 202 202 200 203 202 203 204 203 203 202 201 201 200 200 199 199
 199 199 200 200 200 200 208 207 206 201 203 201 188  70  46  46  43  53
  91 200 201 204 204 204 204 204 204 204 204 204 204 205 205 206 207 207
 206 206 199 201 199 205 200 205 203 157]","[ 92 197 201 201 199 202 202 202 204 203 203 202 201 200 199 199 201 201
 200 200 200 200 199 199 201 197 200 205 209 200 182  66  45  47  46  60
  89 202 202 203 203 203 203 203 203 203 203 203 202 203 204 205 206 207
 207 206 202 204 201 206 202 208 207 161]","[ 92 197 201 200 199 202 201 202 203 203 202 201 200 200 199 198 203 202
 202 201 201 200 200 199 181 177 186 200 207 193 173  60  45  48  48  64
  89 204 204 203 203 203 203 203 203 203 203 203 202 202 203 203 203 203
 202 202 206 206 202 206 201 206 205 159]","[ 95 198 198 198 197 201 201 201 194 206 209 191 200 207 191 203 207 187
 171 151 156 207 220 169 102  44  59 108 178 202 168  63  44  56  42  58
 118 204 201 205 202 202 203 204 205 205 206 207 204 204 204 204 204 204
 204 204 204 201 206 201 208 204 210 159]","[ 95 198 198 197 197 201 200 200 212 195 195 197 205 204 195 216 205 136
  78  53  62 112 139 116  52  41  42  57 105 187 160  44  43  55  44  60
 122 205 201 204 202 202 203 203 204 205 206 206 204 204 204 204 204 204
 204 204 204 201 206 201 208 203 209 159]","[ 94 197 197 196 196 200 199 199 202 189 208 203 161 123 116 147 166  89
  36  29  33  52  71  67  31  49  38  33  54 161 146  46  43  52  46  62
 129 206 202 202 202 202 203 203 204 205 205 205 204 204 204 204 204 204
 204 204 204 201 206 201 207 203 209 158]","[ 94 196 197 195 194 198 197 197 191 190 209 168  86  42  39  56  80  45
  37  51  42  29  32  38  47  50  45  44  52 112 110  56  43  49  48  64
 137 206 203 201 202 202 202 203 203 204 204 205 203 203 203 203 203 203
 203 203 204 201 206 201 207 202 208 157]","[ 93 196 196 194 193 197 195 195 199 199 188 110  41  43  47  36  37  32
  41  49  38  26  30  41  51  37  48  49  58  60  66  44  43  46  50  64
 143 206 204 199 202 202 202 203 203 203 203 204 203 203 203 203 203 203
 203 203 204 201 206 200 206 201 207 156]","[ 92 195 195 193 192 195 194 194 193 208 186  91  34  54  57  39  43  46
  45  41  39  39  42  45  44  37  56  47  57  43  50  34  43  43  50  62
 147 204 205 199 202 202 202 202 202 203 203 203 202 202 202 202 202 202
 202 202 204 201 206 200 206 201 206 155]","[ 92 193 194 192 191 194 193 192 187 201 174  87  41  46  37  31  36  45
  43  37  37  37  35  37  45  50  56  50  50  50  50  40  44  40  49  59
 150 202 205 198 202 202 202 202 202 202 202 202 202 202 202 202 202 202
 202 202 204 201 206 200 205 200 205 155]","[ 92 194 194 192 190 194 192 192 203 182 130  63  50  55  35  38  32  48
  51  43  39  34  37  51  49  52  41  51  38  50  42  47  44  38  49  58
 151 201 205 198 202 202 202 202 202 202 202 202 202 202 202 202 202 202
 202 202 204 201 206 200 205 200 205 154]","[ 90 196 197 186 191 199 188 193 195 105  72  59  37  45  46  31  38  39
  39  36  32  32  38  44  44  43  43  42  42  42  43  43  47  38  53  48
 142 207 196 206 198 199 201 204 206 206 203 201 199 202 203 203 203 203
 202 199 203 204 200 204 199 205 204 158]","[ 88 194 193 186 187 193 188 195 181  84  49  48  34  37  34  26  35  37
  38  36  33  32  36  40  39  38  37  37  37  39  40  41  46  41  54  48
 144 208 197 201 203 197 191 191 196 201 203 202 194 200 204 202 198 197
 200 204 203 203 200 204 199 205 203 157]","[ 88 191 189 187 185 186 189 195 161  65  35  44  39  37  31  28  33  34
  35  34  32  32  34  36  33  32  31  30  32  34  37  39  45  42  51  48
 145 208 198 196 204 200 198 200 204 204 200 196 201 201 201 201 199 199
 201 203 202 203 199 203 198 204 203 157]","[ 89 191 186 191 185 184 192 189 127  54  36  44  42  42  33  29  35  33
  31  29  30  31  33  34  28  27  26  26  28  32  35  38  42  42  46  49
 148 206 201 196 199 199 200 200 200 199 196 194 201 193 189 194 201 203
 201 199 201 202 198 203 198 203 202 156]","[ 91 192 185 194 187 185 194 171  81  45  43  40  35  41  31  23  38  33
  27  26  28  32  34  34  25  25  25  26  28  32  35  38  39  40  42  56
 154 203 203 199 195 196 196 193 190 192 199 205 195 193 195 200 200 197
 198 202 200 201 198 202 197 203 201 155]","[ 90 193 181 194 188 188 191 140  52  41  50  42  34  40  29  23  40  33
  27  26  31  35  35  33  24  25  26  28  31  33  36  37  37  39  44  73
 168 200 201 201 195 200 206 206 200 194 192 192 191 197 207 212 204 194
 196 207 200 200 197 201 196 202 200 155]","[ 86 191 175 189 186 189 184 105  47  39  51  47  40  38  27  32  39  33
  29  31  37  39  35  30  23  25  27  30  33  34  35  35  36  41  51  96
 187 198 196 200 196 191 184 174 161 146 131 120 135 134 148 175 196 200
 199 201 199 200 196 200 196 201 200 154]","[ 81 189 171 184 184 189 178  82  48  34  44  47  42  32  21  36  37  32
  31  35  43  43  35  26  22  25  28  32  34  34  34  33  37  43  58 112
 200 197 192 198 197 167 126  91  71  59  49  41  44  30  45 106 173 206
 202 189 199 199 196 200 195 201 199 154]","[ 83 189 174 179 184 188 154  61  48  44  41  41  35  30  33  40  42  32
  25  30  40  43  32  20  22  23  25  27  30  33  35  36  40  35  57 153
 198 200 207 150 110  71  44  47  50  38  33  42  42  46  30  60 149 202
 199 196 198 195 191 199 195 197 194 150]","[ 82 188 180 188 191 190 149  56  46  42  40  39  34  29  32  39  43  34
  25  26  33  35  28  19  23  24  25  27  29  31  32  33  32  41  85 185
 203 160 135  75  41  42  38  33  42  54  52  41  39  60  64  92 158 193
 188 188 200 197 193 201 196 199 197 153]","[ 80 177 170 176 177 176 134  51  44  41  39  37  34  31  32  37  42  35
  28  27  30  32  29  25  29  29  30  30  31  31  32  32  34  37  71 144
 138  81  61  27  38  37  43  49  44  39  52  74 116 146 158 169 198 207
 199 204 193 191 188 195 190 193 192 149]","[ 74 157 145 144 144 149 114  47  44  42  40  38  36  35  35  37  38  36
  34  34  35  37  37  37  38  38  37  37  36  35  35  35  37  30  35  67
  56  29  41  39  44  38  43  52  47  51  94 147 168 188 190 185 189 185
 179 185 194 192 189 196 191 194 194 153]","[ 70 140 129 127 127 134 101  48  45  44  42  40  39  40  40  39  36  38
  41  42  41  41  41  41  43  42  42  41  39  38  38  37  36  36  34  41
  38  38  54  55  42  51  50  43  57  98 138 157 151 156 153 148 151 152
 150 152 154 154 151 158 152 156 157 118]","[ 69 135 133 133 133 136  95  50  46  47  45  42  43  46  45  41  39  41
  43  44  42  40  38  38  43  43  42  42  41  40  40  39  40  46  45  42
  46  54  57  53  60  56  58  76 107 135 143 140 149 145 144 147 152 156
 154 150 154 155 153 159 153 157 160 121]","[ 72 133 136 138 136 136  90  50  46  47  45  42  44  49  47  41  41  42
  42  42  42  41  41  41  44  44  44  44  44  44  44  44  48  47  44  40
  47  53  51  58  69  64  84 126 152 153 152 159 155 149 151 155 154 155
 156 150 148 149 148 154 147 151 155 118]","[ 75 131 133 133 129 129  83  49  45  47  45  42  44  50  48  41  42  41
  40  40  42  45  48  49  46  46  47  47  48  48  49  49  52  45  44  48
  58  58  53  72  86 120 147 147 141 145 149 147 152 146 150 152 144 145
 153 152 150 151 150 155 148 153 158 121]","[ 71 128 127 135 131 125  85  53  46  48  47  46  50  54  47  35  41  41
  42  41  41  42  45  48  51  52  54  55  51  47  46  49  44  49  52  49
  48  60  86 108 143 143 144 144 144 145 145 145 145 145 146 146 146 147
 147 147 145 151 144 148 148 150 150 117]","[ 68 129 128 133 129 126  86  50  49  50  49  47  50  54  50  43  43  43
  44  43  42  43  46  48  42  46  51  54  53  49  47  47  58  53  46  44
  55  81 115 139 142 143 143 143 144 144 144 144 144 145 145 145 146 146
 146 147 145 150 144 148 147 150 150 117]","[ 65 129 127 128 126 128  90  51  50  52  52  50  50  53  53  51  45  46
  46  44  43  43  46  48  53  54  54  53  52  50  49  47  45  46  52  68
  91 117 137 148 141 141 141 142 142 143 143 143 143 143 144 144 145 145
 145 145 145 150 144 147 147 149 149 117]","[ 64 129 125 122 121 131 100  64  49  52  54  53  52  52  53  53  48  48
  48  46  44  44  47  49  49  50  48  45  46  51  56  57  60  69  86 108
 128 139 141 138 139 139 139 140 140 141 141 141 142 142 142 143 143 143
 144 144 143 149 142 146 146 148 148 115]","[ 65 127 121 117 116 131 111  86  50  51  54  56  54  51  49  50  49  49
  49  47  45  45  47  50  52  63  73  78  85  95 102 103 119 122 127 131
 134 136 137 137 137 137 137 138 138 139 139 139 140 140 141 141 141 142
 142 142 141 147 140 144 144 146 146 113]","[ 65 123 118 116 113 126 116 105  56  53  53  55  53  49  46  47  48  48
  48  47  45  46  48  51  71  95 118 128 132 137 137 134 138 141 141 139
 135 133 135 137 135 135 135 136 136 137 137 137 139 139 139 139 140 140
 141 141 139 144 138 142 141 143 143 111]","[ 63 119 117 120 112 119 114 116  67  58  51  51  51  47  45  47  46  47
  47  46  45  46  49  52  74 103 129 133 130 129 128 124 124 129 134 137
 137 135 133 132 134 134 134 134 135 135 135 136 137 138 138 138 139 139
 139 140 136 142 135 139 139 141 141 108]","[ 62 116 116 123 113 113 110 119  76  62  50  48  48  46  45  48  45  46
  46  46  45  46  50  52  79 107 130 129 123 126 131 133 133 130 128 128
 130 132 133 133 133 133 133 134 134 134 135 135 137 137 137 138 138 138
 139 139 135 140 134 138 137 139 139 107]","[ 60 114 109 112 107 116 112 113  97  51  57  56  46  51  42  46  45  46
  45  44  43  43  46  48  62 110 128 121 128 131 126 130 131 131 131 131
 131 131 131 131 130 131 131 132 133 134 135 135 133 134 134 134 135 136
 136 136 136 142 136 138 136 137 139 108]","[ 61 115 111 114 109 118 114 115 102  57  56  54  47  52  43  46  45  46
  46  45  43  43  46  48  55 101 124 122 128 129 125 129 130 130 130 130
 130 130 130 130 133 133 134 135 136 136 137 137 136 136 136 137 137 138
 138 138 138 144 138 140 137 139 140 110]","[ 58 113 111 113 107 116 112 114 111  68  56  51  49  53  46  47  46  47
  47  46  44  44  46  48  48  91 121 128 132 131 127 131 133 133 133 133
 133 133 133 133 136 136 137 138 138 139 139 140 139 139 139 139 140 140
 140 140 139 145 139 142 139 141 142 111]","[ 60 118 116 119 112 120 117 119 120  83  57  50  52  53  49  48  46  48
  48  47  45  45  46  47  46  82 117 135 139 136 134 137 139 139 139 139
 139 139 139 139 138 138 138 139 139 140 140 141 140 140 140 140 140 141
 141 141 139 145 139 141 139 140 142 111]","[ 70 129 129 132 124 132 129 132 128  98  60  50  55  53  51  49  47  49
  50  49  47  45  46  47  46  70 109 137 142 138 138 140 140 140 140 140
 140 140 140 140 138 138 139 139 139 139 140 140 140 140 140 140 140 140
 140 140 137 143 137 139 137 139 140 109]","[ 72 132 133 136 128 135 132 136 132 112  66  53  58  51  52  51  48  50
  51  50  48  46  46  47  46  56  94 132 139 136 139 138 138 138 138 138
 138 138 138 138 139 139 139 139 139 139 139 139 140 140 140 140 139 139
 139 139 136 142 136 138 135 137 138 108]","[ 67 128 130 134 124 131 129 133 134 123  71  56  61  48  52  53  48  50
  52  51  49  47  46  46  48  45  82 126 136 134 139 136 137 137 137 137
 137 137 137 137 140 140 140 140 140 140 140 140 141 141 141 140 140 139
 139 139 135 141 135 138 135 137 138 107]","[ 66 128 131 134 125 131 129 134 135 129  74  58  62  47  52  54  49  51
  53  52  49  47  46  46  51  41  76 124 135 135 140 136 139 139 139 139
 139 139 139 139 141 141 141 141 141 141 141 141 142 142 142 141 141 140
 140 140 136 142 136 138 136 137 139 108]","[ 64 131 128 126 128 139 126 126 131 133  92  56  62  58  46  58  48  49
  49  50  49  49  48  47  48  48  58 101 144 138 127 146 137 137 137 137
 137 137 137 137 138 138 139 139 139 139 138 138 140 140 140 140 140 140
 140 140 133 139 134 137 135 137 139 108]","[ 69 133 122 129 129 131 132 140 132 137  98  57  59  58  48  55  51  51
  52  52  51  50  49  48  45  44  52  90 136 141 133 144 142 142 142 142
 142 142 142 142 143 143 144 145 145 144 143 143 145 145 145 145 145 145
 145 145 139 145 139 142 140 142 143 113]","[ 57 140 128 137 132 127 131 124 132 142 107  62  57  62  55  56  52  52
  52  52  51  49  48  47  46  46  48  77 123 144 141 140 138 138 138 138
 138 138 138 138 139 140 140 141 141 140 140 139 141 141 141 141 141 141
 141 141 137 143 136 138 136 137 138 107]","[ 67 159 137 133 123 124 138 125 127 140 112  65  53  62  60  55  52  52
  52  51  49  48  46  45  48  46  45  62 105 140 144 133 143 143 143 143
 143 143 143 143 143 144 145 145 145 145 144 143 144 144 144 144 144 144
 144 144 142 148 141 143 140 141 142 111]","[ 67 122  86  82  73  77 110 138 126 139 118  71  51  58  59  50  54  54
  53  52  51  49  47  46  46  44  42  52  88 134 148 133 141 141 141 141
 141 141 141 141 141 142 142 143 143 142 142 141 142 142 142 142 142 142
 142 142 140 145 139 140 137 138 139 108]","[ 40  49  23  43  39  28  55 132 134 143 128  86  57  57  59  51  55  55
  55  54  53  52  50  49  48  46  47  52  79 128 153 141 144 144 144 144
 144 144 144 144 144 144 145 145 145 145 144 144 144 144 144 144 144 144
 144 144 141 147 141 143 140 142 143 112]","[ 31  27  22  40  37  28  31 117 128 133 126  93  59  52  57  51  52  52
  52  52  51  50  49  49  49  45  49  50  64 110 143 136 146 146 146 146
 146 146 146 146 145 145 146 147 147 146 145 145 145 145 145 145 145 145
 145 145 141 147 141 144 142 143 145 114]","[ 33  34  31  16  10  27  20  94 109 112 110  85  50  42  48  46  46  47
  47  48  47  47  46  45  43  38  42  40  43  84 120 116 113 113 113 113
 113 113 113 113 112 113 114 114 114 114 113 112 112 112 112 112 112 112
 112 112 108 114 108 111 109 112 113  83]"
