"[33 79 57 67 64 64 72 75 79 79 79 79 79 78 78 78 76 76 75 75 74 74 73 73
 71 70 69 68 66 65 64 63 61 61 61 61 61 61 61 61 53 53 54 54 54 54 55 55
 54 53 51 48 45 43 41 40 43 36 38 40 39 47 54 48]","[ 80 144 133 139 129 125 128 128 137 138 140 142 144 147 148 149 157 157
 156 154 153 151 150 150 159 158 155 151 147 143 140 139 134 132 129 125
 121 117 114 113 113 111 109 106 102  99  96  95 103 101  99  95  91  88
  85  84  76  69  68  66  60  64  66  56]","[ 92 180 181 182 169 165 164 159 144 143 142 141 140 138 137 137 134 136
 138 142 146 149 152 154 145 146 147 149 151 153 155 155 155 154 151 148
 144 141 138 137 126 125 124 123 121 120 119 118 109 108 106 104 101  99
  98  97  94  88  87  82  74  75  72  58]","[ 92 197 200 198 191 193 190 185 188 186 183 179 174 170 167 166 155 153
 150 146 142 138 135 133 134 135 137 140 143 146 148 150 151 151 152 153
 154 156 156 157 157 155 151 146 140 135 131 129 131 130 128 125 122 119
 117 116 110 107 108 104  98 100  95  76]","[ 93 203 201 194 197 205 202 197 196 195 195 195 194 194 193 193 199 197
 193 188 183 178 174 172 159 157 153 148 142 137 133 131 140 140 141 143
 144 145 146 146 156 156 156 156 156 157 157 157 147 146 143 140 136 132
 130 128 126 124 126 122 116 119 111  88]","[ 91 201 192 182 190 199 193 193 196 196 197 198 199 200 200 201 188 189
 191 193 195 197 198 199 198 197 193 189 185 181 177 176 156 155 152 149
 145 142 139 138 129 130 133 136 140 143 146 147 155 155 156 157 158 159
 160 160 147 146 146 140 134 137 126 100]","[ 97 206 200 192 200 202 193 200 198 197 197 196 195 195 194 194 202 202
 200 199 197 195 194 193 193 194 195 196 198 200 201 201 201 200 197 193
 189 185 182 180 169 166 161 155 148 141 136 134 137 138 139 140 141 142
 143 144 158 158 160 155 151 158 148 121]","[ 91 205 203 197 204 200 190 202 200 200 201 201 201 201 202 202 193 193
 194 195 196 196 197 197 197 197 196 195 194 194 193 192 195 195 195 195
 195 195 195 195 196 195 193 190 187 183 181 180 167 164 159 153 147 141
 136 134 130 132 136 135 136 148 142 116]","[ 99 201 201 200 199 202 201 201 200 200 200 200 200 200 200 200 199 199
 199 200 200 201 201 201 200 200 200 200 200 200 200 200 198 198 198 198
 198 198 198 198 196 196 195 195 195 194 194 194 199 197 194 190 185 181
 177 176 166 165 158 158 149 150 145  98]","[ 98 201 201 199 199 202 201 201 200 200 200 200 200 200 200 200 200 200
 200 201 201 202 202 202 200 200 200 200 200 200 200 200 199 199 199 199
 199 199 199 199 197 197 196 196 196 195 195 195 196 196 195 194 192 191
 190 189 195 195 190 193 186 191 188 142]","[ 97 200 200 199 198 202 201 201 200 200 200 200 200 199 199 199 200 201
 201 201 202 202 202 202 200 200 200 200 200 200 200 200 201 201 201 201
 201 201 201 201 198 198 198 197 197 197 196 196 195 196 196 197 197 198
 198 199 195 195 192 196 191 197 196 150]","[ 96 199 199 198 197 201 200 200 200 200 200 199 199 199 199 198 199 199
 200 200 200 201 201 201 200 200 200 200 200 200 200 200 200 200 200 200
 200 200 200 200 200 200 199 199 199 198 198 198 197 197 197 197 197 197
 197 197 198 198 194 198 192 197 195 149]","[ 94 198 198 197 197 201 200 200 200 200 200 199 199 198 198 197 197 197
 197 198 198 198 199 199 200 200 200 200 200 200 200 200 200 200 200 200
 200 200 200 200 201 200 200 200 199 199 199 199 199 199 198 198 197 196
 196 196 203 203 199 202 196 201 199 152]","[ 93 195 197 196 196 200 200 200 200 200 199 199 198 197 197 197 196 196
 196 196 197 197 197 198 200 200 200 200 200 200 200 200 199 199 199 199
 199 199 199 199 201 201 200 200 199 199 199 199 199 199 199 199 199 200
 200 200 196 197 194 198 194 200 199 153]","[ 92 195 196 195 196 200 199 200 200 200 199 199 198 197 196 196 196 196
 196 197 197 198 198 198 200 200 200 200 200 200 200 200 201 201 201 201
 201 201 201 201 200 200 200 199 199 199 198 198 199 199 199 199 200 200
 200 200 200 201 198 203 199 206 205 160]","[ 92 195 196 195 195 200 199 200 200 200 199 198 197 197 196 195 197 197
 197 198 198 199 199 199 200 200 200 200 200 200 200 200 202 202 202 202
 202 202 202 202 200 200 200 199 199 198 198 198 200 200 199 198 197 196
 196 195 198 199 195 200 195 201 200 154]","[ 94 194 194 195 195 197 196 200 201 201 200 199 199 198 197 197 198 198
 198 198 198 198 198 198 197 198 199 199 197 196 198 199 202 201 199 198
 197 198 199 200 199 199 199 200 200 201 201 201 197 197 197 197 197 197
 197 197 201 197 202 196 202 197 204 154]","[ 94 194 193 195 194 196 196 200 200 200 199 199 199 198 198 198 199 199
 199 199 199 199 199 199 197 199 200 199 198 197 198 200 201 200 199 198
 197 198 199 199 199 199 199 200 200 201 201 201 198 198 198 198 198 198
 198 198 201 197 201 196 202 197 203 154]","[ 94 193 193 194 194 195 195 199 198 198 198 198 199 199 199 199 199 199
 199 199 199 199 199 199 198 200 201 200 199 198 199 201 201 200 199 198
 198 198 198 199 199 199 199 199 200 200 200 200 198 198 198 198 198 198
 198 198 200 197 201 195 201 197 203 153]","[ 94 193 193 194 193 194 194 197 196 196 197 198 199 200 200 201 200 200
 200 200 200 200 200 200 199 200 202 201 199 199 200 201 200 200 199 199
 198 198 198 198 199 199 199 199 199 199 199 200 199 199 199 199 199 199
 199 199 200 197 201 195 201 197 203 153]","[ 93 193 192 193 192 193 192 196 195 195 196 197 198 199 200 201 200 200
 200 200 200 200 200 200 199 200 202 201 199 199 200 201 200 200 200 200
 199 199 198 198 199 199 199 199 199 199 199 198 199 199 199 199 199 199
 199 199 200 196 200 195 200 196 202 152]","[ 93 192 192 192 191 192 191 195 195 195 196 197 198 199 200 200 199 199
 199 199 199 199 199 199 198 200 201 200 199 198 199 201 199 200 200 200
 200 199 198 197 199 199 199 199 198 198 198 198 198 198 198 198 198 198
 198 198 199 196 200 194 200 196 202 152]","[ 93 192 191 192 191 191 190 194 196 196 196 197 197 198 198 199 199 199
 199 199 199 199 199 199 197 199 200 199 198 197 198 200 199 199 200 201
 200 199 198 197 199 199 199 198 198 197 197 197 198 198 198 198 198 198
 198 198 199 196 200 194 200 195 202 152]","[ 93 192 191 192 190 191 190 193 196 196 196 197 197 197 198 198 198 198
 198 198 198 198 198 198 197 198 199 199 197 196 198 199 198 199 200 201
 200 199 197 196 199 199 199 198 198 197 197 197 197 197 197 197 197 197
 197 197 199 195 200 194 200 195 202 152]","[ 93 191 189 191 191 193 192 194 192 192 193 194 194 195 196 196 197 197
 198 198 198 199 199 199 197 197 197 197 197 197 197 197 198 198 198 198
 198 198 198 198 187 200 201 198 201 198 194 199 194 198 197 194 196 201
 197 188 198 199 195 199 194 200 199 153]","[ 92 190 188 189 190 191 189 191 192 192 193 193 194 195 196 196 195 196
 196 196 197 197 197 198 197 197 197 197 197 197 197 197 198 198 198 198
 198 198 198 198 202 202 194 191 196 197 196 199 199 200 198 193 192 195
 197 197 198 198 195 199 194 200 198 153]","[ 91 189 187 188 188 189 187 189 192 192 192 193 194 195 195 196 194 194
 194 195 195 196 196 196 197 197 197 197 197 197 197 197 198 198 198 198
 198 198 198 198 204 198 192 194 198 199 196 195 196 195 195 195 193 191
 196 202 197 198 195 199 194 200 198 152]","[ 91 189 187 188 188 189 187 188 191 191 192 193 194 194 195 195 194 194
 194 195 195 195 196 196 196 196 196 196 196 196 196 196 197 197 197 197
 197 197 197 197 196 194 198 201 197 196 194 188 190 189 193 199 199 194
 194 198 197 198 194 198 194 199 198 152]","[ 91 189 187 188 188 190 188 189 191 191 192 192 193 194 195 195 194 194
 195 195 195 196 196 196 196 196 196 196 196 196 196 196 197 197 197 197
 197 197 197 197 197 196 202 198 189 201 215 209 196 193 194 198 200 197
 195 195 197 197 194 198 193 199 197 151]","[ 90 188 186 188 188 190 189 191 190 191 191 192 193 194 194 194 194 194
 194 195 195 196 196 196 195 195 195 195 195 195 195 195 196 196 196 196
 196 196 196 196 199 194 197 191 191 228 250 234 198 200 199 194 193 196
 198 197 196 197 193 198 193 198 197 151]","[ 86 185 183 186 187 190 188 191 190 190 191 192 193 193 194 194 192 193
 193 193 194 194 194 195 195 195 195 195 195 195 195 195 196 196 196 196
 196 196 196 196 196 190 193 191 200 237 231 171 170 191 202 194 189 195
 199 196 196 197 193 197 192 198 197 151]","[ 84 182 181 184 186 189 188 190 190 190 191 192 192 193 194 194 191 191
 191 192 192 192 193 193 195 195 195 195 195 195 195 195 196 196 196 196
 196 196 196 196 195 189 195 195 201 217 163  56 134 174 202 198 190 196
 198 191 196 196 193 197 192 198 197 151]","[ 84 177 179 184 182 189 191 184 190 190 191 191 191 192 192 192 193 193
 193 193 193 193 193 193 192 193 193 193 194 194 194 194 194 194 194 194
 194 194 194 194 203 184 194 185 201 231 114  69  90 180 200 193 194 185
 192 191 198 197 195 201 194 194 193 150]","[ 90 181 182 186 183 190 192 186 186 186 186 186 187 187 187 188 189 189
 189 189 189 189 189 189 192 192 192 193 193 194 194 194 195 195 195 195
 195 195 195 195 188 189 198 186 181 198 116  77  83 170 195 194 198 190
 195 193 193 192 190 196 189 191 190 148]","[ 88 175 172 175 173 179 181 177 188 188 189 189 189 190 190 190 192 192
 192 192 192 192 192 192 187 187 188 188 189 189 189 189 192 192 192 192
 192 192 192 192 195 197 188 190 191 200 145  80  80 156 189 194 199 194
 196 195 193 193 191 198 192 194 194 153]","[ 75 158 152 155 152 157 159 157 162 162 162 163 163 163 164 164 166 166
 166 166 166 167 167 167 170 170 170 171 171 171 172 172 174 174 174 174
 174 174 174 174 175 178 158 175 182 186 164  74  78 137 172 181 185 183
 182 183 183 182 180 188 183 186 187 146]","[ 69 148 139 143 140 144 146 144 142 143 143 143 144 144 144 145 145 145
 146 146 147 147 148 148 150 151 151 151 152 152 152 153 153 153 153 153
 153 153 153 153 148 161 148 164 157 160 183  95  80 116 152 160 162 163
 159 164 159 158 156 164 159 163 165 125]","[ 73 149 139 144 142 144 145 144 148 148 149 149 149 150 150 150 149 149
 150 151 151 152 153 153 147 147 148 148 149 149 149 149 149 149 149 149
 149 149 149 149 154 155 144 156 149 160 203 110  91 108 144 152 153 156
 150 157 152 151 148 156 151 155 158 118]","[ 75 149 139 146 144 145 145 144 144 144 144 145 145 145 146 146 143 143
 144 145 146 147 147 148 150 150 151 151 151 152 152 152 153 153 153 153
 153 153 153 153 156 148 152 160 151 162 202  98  99 104 142 154 154 160
 152 160 157 156 153 160 155 159 162 122]","[ 70 144 134 142 141 141 140 139 144 144 144 145 145 146 146 146 142 143
 143 144 145 146 147 147 146 146 147 147 147 148 148 148 150 150 150 150
 150 150 150 150 152 164 201 202 166 162 205 112  97  95 137 153 153 161
 150 159 155 153 150 156 151 156 159 119]","[ 74 139 138 141 140 144 135 141 139 139 140 140 141 141 141 141 144 144
 144 144 145 145 145 145 145 145 145 145 145 146 146 146 148 150 149 152
 149 156 232 217 189 208 250 240 183 160 220 118  97 110 137 153 148 149
 155 153 157 156 152 158 151 155 157 118]","[ 73 138 136 139 138 142 133 139 138 138 138 139 139 139 140 140 141 141
 141 141 142 142 142 142 143 143 144 144 144 144 145 145 143 147 160 184
 178 226 245 216 203 249 245 152 122 152 208 104  86 102 134 155 153 154
 158 155 149 150 149 155 149 153 159 122]","[ 71 136 133 135 134 139 130 136 135 135 135 136 136 137 137 137 137 137
 137 138 138 139 139 139 141 141 141 142 142 143 143 143 131 165 231 250
 220 248 166  84 132 213 191  87 103 159 192 100  93 108 137 153 148 146
 148 144 147 149 148 153 145 148 153 117]","[ 68 133 130 132 130 135 126 133 132 132 133 133 133 134 134 134 134 134
 134 135 136 136 137 137 138 138 139 139 140 141 141 141 167 190 242 197
 126 192 121  74  49 110 120  89 123 147 156  99  96 109 135 150 145 145
 150 147 153 151 148 152 145 148 150 111]","[ 67 131 127 128 127 131 123 130 130 130 130 130 131 131 132 132 132 132
 133 134 135 136 136 137 136 136 137 138 139 139 140 140 135 186 251 153
  75 114  81  64  42  54  87 109 118 104 110  86  81  97 128 149 148 149
 155 153 146 144 141 148 144 150 153 113]","[ 66 129 125 126 124 129 121 128 128 128 128 129 129 130 130 130 130 131
 132 133 134 135 136 136 134 135 136 137 138 139 140 140 141 214 251 126
  55  48  49  45  47  44  85 110  93  80  89  75  84  99 129 146 142 139
 141 136 144 146 145 150 141 144 150 114]","[ 65 129 124 124 122 127 120 127 127 127 128 128 128 129 129 129 128 129
 130 131 132 133 134 135 134 134 135 136 138 139 140 140 146 230 230 109
  66  32  42  30  34  49  80  82  65  73  81  75  95 105 128 142 140 148
 163 166 188 196 194 183 151 138 143 112]","[ 65 129 123 124 122 126 119 127 127 127 127 128 128 128 129 129 126 127
 128 129 131 132 133 133 133 134 135 136 138 139 140 140 181 250 187  75
  52  21  41  27  41  64  69  46  36  56  64  78  90  96 117 137 153 186
 227 246 251 252 252 229 172 141 141 113]","[ 63 124 117 119 121 128 119 124 123 123 124 126 127 128 129 130 128 128
 129 130 131 132 133 133 137 122 137 139 134 139 137 144 205 248 107  71
  45  27  25  28  38  56  58  41  36  54  69  70  88  98 123 169 222 248
 248 241 212 181 146 148 146 137 137 115]","[ 63 125 119 121 122 129 120 126 120 121 122 123 124 125 126 127 127 128
 128 129 130 131 132 132 136 123 137 137 132 138 139 153 228 253 165  70
  38  44  42  42  55  40  34  41  45  46  59  79  93 128 182 230 247 237
 190 147 113 112 115 140 149 145 142 116]","[ 60 122 117 120 120 126 118 124 123 123 124 125 126 127 128 129 131 132
 132 133 134 134 135 135 138 129 141 138 135 140 147 172 252 254 225 105
  45  40  27  38  55  40  33  41  48  58  88 121 134 195 246 247 205 143
 104  88 129 139 141 151 148 142 140 111]","[ 62 126 123 125 125 130 122 129 133 133 134 135 136 136 137 137 140 140
 140 141 141 142 142 142 144 139 148 143 141 146 158 195 254 247 249 187
  90  42  23  56  59  95 121 122 130 164 202 220 231 246 246 214 127  80
  95 128 145 155 148 144 137 140 145 116]","[ 73 138 136 138 137 142 135 142 142 142 143 143 144 145 145 146 145 145
 146 146 146 146 147 147 148 146 152 145 147 150 162 209 255 251 251 251
 135  70  69 109 172 229 250 250 246 249 247 239 244 231 193 140 103 103
 128 151 129 142 140 142 141 148 148 111]","[ 75 142 141 144 142 146 139 147 145 145 145 146 146 147 147 147 146 146
 146 146 146 146 147 147 147 147 150 143 149 149 159 212 251 254 247 251
 139  81  99 125 227 239 243 233 213 190 162 139 140 126 110 108 122 138
 139 132 147 153 145 145 144 146 143 105]","[ 72 139 139 142 140 144 137 146 143 144 144 144 145 145 145 145 146 146
 146 146 146 146 146 146 145 147 147 141 151 147 153 209 252 254 250 248
 138  68  79  89 117 105  97  98  93  79  68  67  72  89 111 130 144 150
 147 139 142 143 132 135 134 138 142 115]","[ 72 140 141 144 141 145 138 147 143 143 143 143 143 144 144 144 148 148
 147 147 147 147 147 147 145 148 146 141 153 148 150 207 252 250 252 250
 161  63  54  61  55  59  67  75  77  75  77  82  88 106 125 134 136 141
 146 149 141 145 141 149 144 137 136 110]","[ 73 140 137 134 134 146 137 139 140 140 141 141 142 143 144 144 145 145
 145 145 145 145 145 145 143 148 139 144 155 138 150 208 251 229 237 222
 134  61  52  58  55  66  78  83  84  88  95 100 116 126 138 144 144 143
 143 144 140 146 139 141 138 139 140 109]","[ 74 139 130 137 136 137 139 148 144 144 145 146 147 147 148 148 150 150
 150 150 150 150 150 150 148 155 146 147 156 143 150 195 183 127 112 103
  71  57  56  56  69  81  94 103 111 120 127 130 138 144 150 151 148 146
 147 149 145 151 144 146 143 144 145 115]","[ 61 148 139 149 143 136 139 133 139 139 140 141 142 142 143 143 145 145
 145 145 145 145 145 145 142 152 144 140 148 139 141 167 106  59  62  57
  46  56  54  64  69  80  94 107 121 135 142 142 146 148 149 146 142 140
 142 145 140 146 140 142 139 140 142 111]","[ 71 165 147 143 132 133 147 135 142 142 143 144 145 145 146 146 149 149
 149 149 149 149 149 149 144 155 150 144 149 147 144 153  88  50  68  68
  55  54  44  66  70  82  94 107 126 144 150 147 147 148 149 147 144 144
 146 149 144 150 143 146 143 145 146 115]","[ 67 123  87  83  73  78 114 145 139 140 140 141 142 143 143 144 146 146
 146 146 146 146 146 146 140 150 149 143 145 148 145 142 127  61  42  44
  51  50  39  58  64  76  88  99 120 143 150 145 141 143 144 145 144 143
 143 143 140 146 140 143 141 142 144 113]","[ 39  49  23  42  38  28  60 139 142 143 143 144 145 146 146 147 147 147
 147 147 147 147 147 147 143 148 151 148 147 151 151 145 162 102  48  45
  53  46  47  58  62  75  86  95 116 141 152 147 146 147 149 150 149 147
 144 143 142 148 142 145 143 145 146 116]","[ 30  28  25  43  40  32  37 125 144 145 145 146 147 147 148 148 148 148
 148 148 148 148 148 148 146 146 150 151 146 149 153 148 151 137  79  66
  59  42  59  55  67  81  90  95 112 138 150 146 149 149 149 150 150 149
 146 145 143 149 143 146 144 146 148 117]","[ 26  31  32  18  13  29  22  97 112 113 113 114 115 116 116 116 115 115
 115 115 115 115 115 115 115 111 117 119 111 113 119 117 120 133  68  50
  47  37  64  39  48  62  68  68  81 105 117 114 114 113 112 113 114 116
 116 115 110 116 110 113 111 113 115  85]"
