"[26 23 21 20 21 21 20 19 17 18 18 18 18 18 18 18 18 18 19 19 19 19 19 19
 18 19 19 19 19 20 20 20 18 18 18 19 19 20 20 21 19 19 20 21 21 22 22 22
 21 21 23 26 27 27 24 22 22 27 27 23 23 32 44 50]","[21 18 15 13 13 12 10  9  9  9  9 10 10 11 11 11  5  6  6  6  6  7  7  7
  7  6  6  6  6  6  6  6  7  7  7  7  7  7  7  6  6  7  9 11 12 11 10  8
 11 11 12 14 16 17 17 17 25 19 14 19 37 55 59 55]","[29 26 22 20 19 18 16 14  8  8  8  6  5  5  4  4  4  4  4  4  4  4  4  4
  1  1  1  2  2  2  3  3  3  3  2  2  2  2  2  2  2  4  8 11 12 10  8  5
 12 12 12 12 14 16 19 20 19 18 21 34 54 69 67 58]","[36 34 31 30 32 31 29 28 22 23 21 19 16 14 14 13 13 12 11 10  9  9  8  7
  9  7  7  6  6  6  6  6  5  5  5  6  6  6  6  6  8 10 12 16 17 16 15 14
 19 19 20 19 19 20 22 24 14 32 51 61 63 64 61 58]","[27 25 23 24 27 27 27 27 32 31 31 29 28 27 26 25 18 17 15 14 12 10  8  8
 11 10  9  8  7  6  6  5  5  5  5  5  5  5  5  4  9  9  9 10 11 13 15 16
 18 19 21 20 18 17 19 21 29 49 67 70 63 59 58 57]","[20 18 16 17 20 20 20 19 21 21 22 23 24 25 25 26 26 25 24 22 20 19 18 17
 12 12 11  9  8  7  6  5  6  6  6  6  5  5  5  5  9  8  7  7  8 11 15 17
 15 18 20 20 19 20 26 30 56 59 59 59 62 65 64 58]","[33 30 27 25 24 23 21 19 13 14 14 15 16 16 17 17 26 26 26 26 26 26 26 26
 20 19 18 16 15 13 12 11 10 10  9  9  8  8  8  7  9  9  9 10 12 14 16 18
 16 19 20 21 24 32 45 55 65 61 55 55 63 71 67 58]","[50 46 41 36 33 30 26 23 21 21 20 19 18 16 16 15 12 13 14 15 17 18 20 20
 26 25 24 22 20 18 17 16 10 10  9  9  8  8  7  7  6  8 10 13 15 15 16 15
 16 17 18 20 26 40 60 74 57 60 62 63 66 69 64 57]","[64 94 91 87 84 73 70 57 43 40 35 31 27 22 18 15 19 17 15 14 14 15 15 16
 15 16 15 14 12 13 15 17 18 19 20 19 17 17 17 18 12 13 13 14 14 14 14 14
 17 17 21 32 47 58 61 60 57 56 65 69 65 69 67 54]","[58 90 92 93 96 93 95 87 98 93 85 77 69 61 53 48 29 29 28 26 24 22 20 19
 14 14 14 14 15 16 17 18 13 13 14 12 11 10 10 10 12 12 12 13 17 19 19 17
 14 23 37 49 56 58 58 58 60 59 66 70 66 70 70 57]","[44 77 78 78 82 80 85 79 84 83 83 86 89 91 91 90 83 81 76 68 58 48 39 34
 27 23 20 16 16 12  8  3 13 13 14 14 15 16 16 17 17 14 11 12 15 17 16 15
 23 36 52 60 58 56 58 62 63 61 68 70 67 72 72 61]","[50 81 80 78 79 75 81 76 75 74 73 74 77 78 77 76 88 88 88 88 86 84 82 81
 71 65 58 53 51 45 35 26 17 16 14 13 12 11  9  7 14 12  9  8  9 14 20 25
 43 50 57 57 54 54 62 70 65 63 68 70 67 72 74 63]","[48 81 81 79 80 78 87 83 84 82 79 78 77 76 73 71 72 72 72 73 75 77 80 81
 82 78 75 75 77 76 70 63 51 46 40 35 30 24 18 13 11 13 13 10 11 19 35 48
 56 57 56 55 55 58 64 70 65 63 69 71 67 72 74 63]","[44 78 79 77 77 74 82 79 77 76 77 79 83 85 85 85 82 79 74 69 65 63 62 62
 66 64 63 65 68 69 67 64 74 69 64 62 61 58 53 49 34 34 31 25 22 27 41 52
 55 55 57 60 63 64 64 62 65 64 70 73 69 74 75 63]","[55 90 92 88 86 81 89 85 86 83 80 79 78 76 73 71 77 76 76 75 75 76 76 76
 69 68 67 66 66 65 65 65 59 56 54 56 61 63 61 57 58 53 47 41 39 41 44 46
 51 54 59 64 67 67 65 62 66 65 73 76 73 77 76 64]","[47 83 87 87 87 83 92 90 88 86 84 83 83 83 81 79 80 80 79 77 73 68 64 61
 67 68 67 66 65 65 68 70 61 56 53 54 58 59 55 51 60 53 46 48 54 57 54 49
 51 55 60 63 64 65 67 69 67 67 75 79 76 79 78 65]","[50 90 88 84 91 86 90 92 90 89 87 87 88 88 87 85 85 85 83 81 80 78 76 76
 74 73 72 70 69 67 66 65 61 55 57 52 74 58 56 56 54 49 44 45 50 53 53 50
 56 57 59 61 64 66 68 69 75 72 77 79 76 81 80 67]","[51 91 90 86 93 88 92 94 93 91 90 90 91 91 89 88 88 88 86 85 83 81 80 79
 77 76 75 73 72 70 69 68 67 59 59 53 75 61 59 59 57 52 47 48 52 56 55 53
 59 60 61 64 66 69 71 71 76 73 77 80 77 82 81 68]","[53 93 92 89 95 90 93 95 95 94 92 93 94 94 93 91 92 91 90 89 87 86 85 84
 81 81 80 78 76 75 74 73 74 65 62 53 76 64 64 63 60 56 52 52 56 58 59 57
 62 63 65 67 69 72 73 74 78 74 79 81 78 83 82 69]","[53 93 93 90 96 91 94 95 96 95 94 94 96 96 95 94 94 93 93 92 91 90 89 89
 85 85 84 82 80 79 78 77 79 70 64 52 75 67 68 66 63 60 57 56 58 61 61 61
 65 66 67 69 71 73 75 76 80 76 81 83 80 85 84 71]","[52 93 93 90 97 91 93 95 96 95 94 94 96 97 96 94 95 94 94 93 93 92 92 92
 89 88 87 86 84 82 81 81 82 72 64 49 74 69 72 68 66 63 61 59 60 62 63 64
 67 68 69 71 73 75 76 77 82 78 83 85 82 87 86 73]","[52 93 94 92 98 92 94 95 96 95 94 95 97 97 97 95 95 95 95 95 95 95 95 95
 93 92 91 90 88 86 85 85 82 73 63 48 74 72 76 70 69 67 65 63 63 64 66 67
 70 70 71 73 75 76 78 78 83 80 85 87 84 89 88 75]","[ 53  95  96  94 100  94  95  96  97  96  95  96  98  99  98  97  97  97
  97  97  97  98  98  98  98  97  96  94  93  91  90  89  82  74  64  48
  76  77  79  72  73  72  70  68  67  67  69  71  73  74  75  76  78  79
  80  81  85  82  86  89  86  90  90  76]","[ 55  97  97  96 102  95  97  98  98  97  96  97  99 100 100  98  98  99
  99  99  99 100 100 100 101 100  99  97  96  94  93  92  82  74  65  50
  78  80  82  74  75  75  73  71  69  70  72  74  76  76  77  79  80  81
  83  83  86  82  87  89  87  91  90  77]","[ 53 101  94 100  96 102  97 100 100 101 102 102 101  99  98  96 101 104
 105 102 100  99  98  97  97  96 103  99  79  70  75  76  54  49  45  47
  90  83  77  78  77  75  73  73  73  72  70  68  74  76  79  80  80  81
  83  85  78  96  94  87  81  92 103  76]","[ 53 102  95 100  96 103  98 100 100 100 101 102 102 100  99  98  99 101
 102 103 104 105 105 103 105  93  86  75  55  46  44  38  43  50  55  54
  93  88  85  86  75  75  75  73  71  71  73  75  77  79  81  82  82  83
  85  87  96  90  81  93  94  90  92  70]","[ 54 102  95 100  97 103  98 101  99 100 101 102 102 102 102 101 100  99
  99 102 106 107 105 102  77  59  48  44  41  48  52  45  37  57  69  63
  96  92  91  90  83  83  82  78  74  74  78  83  79  81  84  85  85  86
  88  90  89  92  88  95  91  95 117 112]","[ 54 103  96 101  97 104  99 101 100 100 101 102 103 104 104 104 105  99
  98 102 106 103  96  92  82  63  47  38  35  46  52  44  43  67  78  67
  99  97  94  89  90  88  85  81  79  78  78  79  81  83  85  86  86  87
  90  92  84 101  95  88  96 133 167 150]","[ 55 104  97 102  98 105 100 102 101 101 102 103 104 105 106 107 108 101
 100 105 106  98  87  83  87  74  61  46  34  41  48  42  50  69  77  67
 104 105 100  91  91  87  82  81  82  81  78  74  82  84  87  88  88  89
  91  93  94 100  90 103 140 184 192 143]","[ 56 105  98 103  99 106 101 103 103 103 103 103 104 106 107 108 108 102
 103 110 106  92  78  74  62  61  61  49  35  42  51  47  47  61  70  70
 114 115 110 103  97  93  89  86  86  86  84  82  84  86  88  89  89  90
  93  95  86  96 112 153 186 198 188 144]","[ 57 105  98 103 100 106 101 104 105 105 104 104 105 106 108 109 107 103
 106 111 101  79  62  58  50  58  64  53  34  33  37  28  41  54  68  78
 125 122 117 115 107 106 100  90  81  78  83  89  87  89  91  92  92  93
  95  97  98 130 160 190 195 192 188 157]","[ 57 106  98 104 100 107 102 104 107 106 105 104 105 106 108 109 108 104
 107 109  94  65  45  41  31  43  57  52  38  39  40  29  38  51  71  86
 132 123 118 120 110 111 104  86  67  61  71  84  89  91  93  94  94  95
  98 100 147 183 193 188 185 197 195 148]","[ 56 104 105  97 103 102 105 100 101 101 102 103 104 104 105 105 100 109
 116 112  95  71  47  30  21  37  61  63  41  30  36  39  38  53  59  80
 117 127 122 131 138 106  68  47  45  54  70  84  89  97 104 100  89  95
 128 164 186 184 191 188 197 194 202 152]","[ 60 108 109 100 105 104 106 102 104 104 104 105 106 107 107 108 108 113
 116 112  99  79  56  40  21  32  54  64  52  44  41  33  55  62  62  80
 117 131 126 131 110  78  50  47  53  61  80 101 107  95  88  95 114 139
 168 189 187 185 192 189 197 195 202 153]","[ 57 106 107  99 103 101 103  99 101 102 102 103 104 105 105 106 107 108
 109 107  98  81  62  51  28  26  37  48  47  46  39  25  45  47  47  66
 104 125 127 130  70  55  41  45  63  84 102 112  94  89  97 124 158 180
 187 187 189 187 193 190 198 196 203 153]","[ 56 106 110 102 106 104 108 104 107 107 108 108 109 110 110 111 108 110
 113 110  99  82  70  66  49  34  29  32  34  41  41  30  54  52  48  53
  70  82  82  79  47  53  52  55  84 121 132 120  92 109 138 166 184 188
 184 180 191 189 195 192 200 197 204 155]","[ 64 117 123 116 121 120 125 123 124 125 125 126 127 128 128 129 125 129
 134 130 112  90  80  81  68  50  40  38  38  48  54  47  51  52  53  51
  52  59  62  56  55  60  72  96 128 153 156 147 138 155 174 183 183 184
 188 192 193 191 197 193 201 198 205 156]","[ 70 125 132 127 132 131 137 136 137 137 138 138 139 140 141 141 142 145
 150 147 126  99  84  84  71  58  54  54  52  58  63  56  41  45  56  58
  55  68  79  72  70  71  99 147 173 171 170 181 175 181 185 185 186 190
 191 190 195 193 199 195 203 200 206 157]","[ 71 126 135 129 133 131 137 136 138 139 139 140 141 142 142 143 145 144
 149 152 138 109  88  81  74  63  60  62  59  63  64  54  58  56  64  61
  52  64  74  60  66  93 137 174 184 177 178 187 181 184 186 187 191 195
 191 182 197 194 200 196 204 200 207 157]","[ 73 129 137 131 134 131 137 136 139 139 140 141 141 142 143 143 144 139
 144 155 149 123  96  84  87  71  65  64  61  65  64  53  50  44  50  51
  46  65  78  61  49 115 169 174 170 181 183 172 186 190 188 184 185 193
 197 195 197 195 201 197 204 201 208 158]","[ 70 134 132 134 134 140 132 140 141 141 142 143 145 146 147 147 146 140
 148 158 152 137 111  83  86  74  65  66  68  65  64  65  48  52  44  55
  63  64  77  73 112 148 174 172 171 182 186 177 183 184 185 187 189 191
 192 193 196 197 203 196 204 204 210 157]","[ 69 134 131 134 134 140 132 140 140 141 142 143 144 145 146 147 148 144
 150 156 152 144 120  87  86  73  64  65  67  64  60  59  50  46  40  67
  95 113 142 150 160 176 182 174 172 181 184 178 184 185 186 188 190 192
 193 194 196 197 203 196 204 203 210 157]","[ 69 134 131 134 134 139 132 139 140 140 141 142 144 145 146 146 150 148
 151 152 152 153 132  95  88  75  65  65  68  64  57  52  47  49  61 114
 152 160 176 181 180 179 175 172 175 182 184 182 185 186 187 189 191 193
 194 195 197 197 203 196 204 204 210 158]","[ 69 134 131 134 134 139 132 139 140 140 141 142 143 144 145 146 151 151
 151 147 150 159 142 104  92  80  69  67  69  66  57  48  48  57  86 152
 184 170 169 169 173 169 169 175 181 182 181 181 185 186 187 189 191 193
 194 195 197 198 204 197 205 205 211 159]","[ 70 135 132 135 134 140 133 140 140 140 141 142 144 145 146 146 151 150
 150 145 148 161 148 113  97  88  77  72  72  69  59  49  54  63  91 152
 177 161 167 176 175 173 175 182 182 178 177 180 185 185 187 189 191 193
 194 195 199 200 206 199 206 206 213 160]","[ 71 136 133 136 136 142 134 142 141 141 142 144 145 146 147 147 152 149
 149 148 149 159 150 124 102  96  86  76  73  70  63  54  55  68  96 153
 175 160 170 181 175 175 176 178 177 176 181 188 186 187 188 190 192 194
 196 196 201 202 208 201 209 208 215 162]","[ 73 138 135 138 137 143 136 143 142 143 144 145 146 147 148 148 153 148
 151 153 152 155 151 133 104 101  92  79  72  70  66  60  56  73 102 158
 181 168 172 173 171 174 175 175 177 183 188 190 189 189 191 193 195 197
 198 199 203 204 210 203 211 211 217 164]","[ 74 138 136 139 138 144 137 144 143 144 144 146 147 148 149 149 155 147
 152 158 154 154 151 139 104 104  95  80  70  69  67  63  62  75  97 148
 176 173 180 179 176 182 185 183 186 191 189 181 191 192 193 195 197 199
 201 201 205 205 211 205 212 212 219 166]","[ 66 144 136 142 140 141 145 146 147 147 147 148 149 149 150 150 159 159
 159 159 158 158 158 158 120  91  95  86  70  75  67  56  64  75  99 143
 181 184 177 184 182 182 183 185 187 188 189 190 194 194 196 198 200 202
 203 204 208 202 211 207 210 213 222 162]","[ 72 150 142 148 146 147 150 151 152 152 153 153 154 155 155 156 161 161
 162 163 164 165 165 166 127  95  97  89  73  77  68  58  62  71  94 136
 177 185 178 183 183 183 184 186 188 189 190 191 194 195 196 198 200 202
 204 205 210 204 213 209 212 215 224 164]","[ 75 153 146 153 150 151 154 155 155 156 156 157 158 159 159 160 162 163
 164 166 167 169 170 171 136 102 101  93  77  80  70  59  60  67  85 126
 171 185 180 182 185 185 187 188 190 191 192 193 195 196 197 199 201 203
 205 206 212 206 216 212 216 218 227 167]","[ 73 152 145 152 149 150 152 153 154 155 156 157 158 159 160 160 162 162
 164 165 167 168 169 170 147 107 103  96  81  82  71  61  60  65  77 114
 163 186 184 183 187 188 189 191 192 194 195 196 197 198 199 201 203 205
 207 208 214 209 219 216 220 222 231 170]","[ 71 150 144 151 148 149 150 151 154 154 155 156 158 159 160 161 164 164
 165 166 167 167 168 168 156 112 104  98  85  84  72  62  61  65  72 102
 153 185 189 188 190 191 192 194 195 197 198 199 200 201 202 204 206 208
 210 211 216 211 222 220 223 225 234 173]","[ 72 151 146 153 151 151 152 152 155 155 156 158 159 161 162 163 167 167
 168 168 169 170 170 171 164 116 106 100  89  88  75  65  62  66  67  90
 141 181 191 192 193 194 195 196 198 199 201 201 203 204 206 208 210 212
 213 214 217 212 224 222 226 228 235 175]","[ 74 153 148 155 153 153 154 153 154 155 156 158 159 161 162 163 166 167
 168 169 171 172 173 174 171 120 108 104  93  92  79  69  62  67  64  80
 129 174 192 195 195 196 197 198 200 202 203 203 206 207 209 211 213 215
 216 217 217 213 225 224 228 229 237 176]","[ 74 153 148 156 153 153 154 153 152 153 154 156 158 159 161 161 163 163
 165 168 170 173 174 175 176 122 109 106  97  96  82  73  61  66  62  73
 121 169 191 197 196 197 198 199 201 203 204 204 208 209 210 212 214 216
 218 219 217 213 225 224 228 230 238 177]","[ 74 153 146 153 150 151 152 153 157 157 158 159 160 161 162 163 165 166
 167 168 169 171 172 172 175 136  97 115  95  93  90  74  70  63  67  73
  95 154 198 194 196 197 198 200 201 203 204 205 212 212 214 216 218 220
 221 222 220 216 228 226 230 232 241 180]","[ 79 157 151 158 156 157 159 159 158 158 159 160 162 163 164 164 167 168
 169 171 173 174 176 176 176 139  97 112  92  90  85  70  74  62  62  67
  87 143 193 202 197 198 199 201 202 204 205 206 206 207 209 210 213 214
 216 217 217 213 226 224 228 230 238 177]","[ 74 153 147 154 152 154 156 157 157 157 158 159 160 161 162 163 164 165
 167 169 171 173 175 176 183 149 104 115  97  95  89  77  78  64  62  68
  84 128 180 206 197 198 199 201 202 204 205 206 214 215 216 218 220 222
 224 224 225 222 235 234 238 239 245 184]","[ 78 157 151 159 157 159 162 162 163 164 165 166 167 168 169 170 167 168
 170 172 175 178 179 180 182 154 106 113  99  96  90  82  75  64  62  70
  82 111 161 201 202 203 204 206 207 209 210 211 208 208 210 212 214 216
 217 218 217 214 227 226 230 231 237 175]","[ 76 155 149 157 155 157 160 160 159 159 160 161 163 164 165 165 162 163
 165 167 170 172 174 175 180 159 108 109  97  94  83  79  72  63  58  64
  75  97 148 201 196 197 198 199 201 202 204 204 215 215 217 219 221 223
 224 225 226 222 234 233 236 237 243 182]","[ 80 158 153 160 158 160 162 162 163 163 164 165 166 168 168 169 168 169
 170 173 175 177 179 180 187 174 120 116 107 101  86  84  76  71  60  58
  70  91 142 203 204 205 206 207 209 211 212 212 211 212 214 216 218 220
 221 222 226 221 232 230 233 233 240 181]","[ 83 161 155 162 159 160 162 163 164 165 166 167 168 169 170 171 170 171
 172 174 176 177 179 179 176 169 115 111 106 100  84  84  72  75  63  56
  65  79 120 176 204 204 205 207 209 210 211 212 218 219 221 223 225 227
 228 229 235 229 237 233 236 238 246 189]","[ 51 130 123 130 127 127 129 129 127 127 128 129 131 132 133 133 131 132
 133 134 135 137 138 138 144 142  90  88  87  83  68  69  57  69  61  53
  58  62  87 133 154 154 156 157 159 160 162 162 162 163 165 167 169 171
 172 173 177 170 179 174 177 180 191 131]"
