"[36 81 57 68 66 67 74 75 81 81 81 82 82 83 83 83 82 82 82 81 80 79 79 78
 73 80 79 71 66 69 71 68 68 69 68 67 64 62 62 63 61 60 59 58 57 56 55 54
 60 59 56 53 49 46 44 42 43 42 36 44 42 44 58 46]","[ 84 148 136 142 133 130 132 130 144 145 147 150 152 155 157 158 164 164
 164 163 163 163 163 163 167 169 170 167 163 157 148 141 149 141 133 132
 136 136 131 124 126 124 121 117 112 108 105 103 109 108 106 103 100  98
  95  94  83  82  73  77  70  67  76  60]","[ 98 187 187 189 177 172 170 166 146 145 144 143 141 139 138 138 137 139
 143 147 152 157 160 162 161 157 156 162 168 170 171 173 170 165 160 158
 158 154 147 141 139 138 137 135 133 131 129 129 115 114 113 112 110 109
 107 107 104 104  95  97  88  82  87  66]","[ 98 205 211 209 202 203 200 194 201 199 195 190 185 181 177 175 159 157
 154 149 144 140 136 134 146 140 140 147 152 153 156 162 156 164 171 173
 169 167 170 174 167 165 161 156 151 146 142 140 142 141 138 135 131 128
 125 124 118 120 114 117 110 106 108  83]","[ 99 211 214 208 209 216 213 209 210 209 208 207 206 205 204 204 209 207
 203 197 191 185 181 178 163 162 161 159 151 138 130 128 138 141 144 146
 148 152 159 165 167 167 167 168 168 169 169 169 164 162 159 155 151 146
 143 141 134 139 132 135 129 126 126  97]","[ 96 208 206 197 203 209 204 206 201 202 202 203 204 204 205 205 199 200
 202 204 207 209 211 212 210 209 203 195 192 194 193 190 179 168 154 147
 146 144 139 133 136 137 140 144 148 151 154 155 166 167 168 169 171 173
 174 175 158 163 156 157 150 147 145 112]","[ 99 213 214 207 212 211 204 213 210 210 210 209 209 208 208 208 211 211
 210 208 206 205 204 203 208 209 203 196 204 218 213 196 203 208 213 213
 207 197 187 181 175 172 167 160 153 147 142 139 142 143 144 146 148 150
 152 152 166 173 167 168 166 166 165 131]","[ 92 211 216 211 216 209 200 215 208 208 209 210 211 212 212 213 207 207
 206 206 205 205 204 204 198 208 208 203 206 201 162 115  94 135 184 210
 209 201 204 212 208 206 204 200 196 193 190 189 175 172 167 161 153 147
 141 139 131 140 137 142 145 151 153 120]","[100 213 209 213 216 209 211 210 211 211 211 210 210 209 209 209 212 211
 210 210 209 210 210 211 216 199 211 206 208 196  77  57  62  65 105 212
 215 202 208 205 206 206 205 205 205 204 204 204 205 204 202 199 196 193
 191 189 178 168 170 164 164 150 152 104]","[ 99 214 208 212 216 209 211 210 211 211 210 210 210 209 209 209 211 210
 210 209 210 210 211 212 214 206 215 208 208 186  69  57  58  58  82 174
 213 208 210 208 207 207 206 206 206 205 205 205 204 204 204 204 203 203
 203 203 209 202 205 202 206 196 200 153]","[ 98 214 207 210 214 208 211 210 211 210 210 210 209 209 209 209 209 208
 208 208 209 210 211 212 209 212 216 210 211 180  64  59  58  57  61 123
 209 214 210 211 208 208 208 207 207 207 206 206 206 206 207 208 209 210
 211 211 206 200 205 203 209 202 208 160]","[ 97 212 205 209 213 207 210 210 210 210 210 209 209 209 208 208 205 205
 205 206 207 208 210 211 203 212 211 209 215 183  70  62  62  65  54  85
 197 215 207 211 210 210 209 209 209 208 208 208 210 210 209 209 209 209
 209 209 207 203 207 203 208 203 208 158]","[ 96 210 203 206 211 206 210 210 210 210 209 209 209 208 208 208 203 203
 203 203 204 206 207 208 205 212 205 206 217 193  85  58  59  68  56  63
 171 210 207 210 211 210 210 210 209 209 209 209 212 211 211 210 209 208
 207 207 214 212 216 210 215 211 216 165]","[ 95 209 201 205 209 205 209 210 209 209 209 209 208 208 208 207 203 202
 202 202 203 204 205 206 209 213 204 207 213 203 106  53  52  62  58  54
 134 202 211 210 211 211 210 210 209 209 209 209 211 211 211 211 211 211
 211 211 206 205 211 203 210 208 214 161]","[ 94 208 200 203 208 204 209 210 209 209 209 208 208 208 207 207 205 205
 204 204 204 204 205 206 207 211 206 209 206 211 130  54  54  58  61  54
  98 197 218 208 210 210 210 209 209 209 208 208 209 209 209 210 210 211
 211 211 207 208 213 204 211 211 217 163]","[ 94 207 199 203 207 203 209 210 209 209 209 208 208 207 207 207 207 207
 206 205 205 205 206 206 201 206 207 211 201 217 148  61  62  59  64  57
  77 194 223 205 210 210 210 209 209 208 208 208 209 209 208 208 207 207
 207 206 208 209 213 203 209 208 213 158]","[ 97 200 205 204 202 206 206 207 209 209 208 207 207 206 205 205 208 207
 206 205 205 205 205 206 204 208 211 205 204 201 186  67  59  56  59  47
  69 182 205 217 209 209 209 210 210 211 211 211 208 208 208 208 208 208
 208 208 207 207 213 205 211 210 216 163]","[ 97 200 204 203 202 205 205 207 208 207 207 207 207 206 206 206 208 208
 207 206 205 205 206 206 205 208 210 205 205 203 190  73  56  53  53  48
  61 162 205 211 208 208 208 208 209 209 210 210 208 208 208 208 208 208
 208 208 207 207 213 205 211 210 216 162]","[ 96 199 204 203 201 204 204 205 205 205 206 206 206 207 207 207 209 208
 207 206 206 206 207 207 205 207 209 205 206 205 196  83  55  53  48  54
  53 134 209 206 206 206 207 207 208 208 208 208 209 209 209 209 209 209
 209 209 207 207 213 205 211 209 215 162]","[ 96 199 203 202 200 203 202 204 203 203 204 205 206 207 207 208 209 209
 208 207 206 206 207 207 206 206 208 206 207 207 201  93  58  57  48  63
  50 109 212 205 206 207 207 207 208 208 208 209 209 209 209 209 209 209
 209 209 207 208 212 204 210 209 214 161]","[ 95 199 202 201 198 201 201 202 202 202 203 204 205 206 207 207 209 208
 207 206 206 206 206 207 205 205 207 206 208 207 204  99  61  58  50  65
  49  89 205 205 207 208 208 208 209 209 209 210 209 209 209 209 209 209
 209 209 208 208 212 204 210 208 213 160]","[ 94 198 201 199 197 200 199 200 201 202 202 203 204 205 206 206 208 207
 206 205 205 205 205 206 205 204 207 207 207 205 202 101  61  56  52  61
  50  75 187 204 208 208 208 208 209 209 210 210 208 208 208 208 208 208
 208 208 208 208 212 204 209 207 212 159]","[ 94 198 200 199 196 199 198 199 202 202 202 203 204 204 205 205 207 206
 205 204 204 204 204 204 204 203 206 207 207 202 199  99  62  55  56  55
  53  69 169 205 206 206 207 207 208 208 208 208 207 207 207 207 207 207
 207 207 208 208 212 203 209 207 212 158]","[ 93 197 200 198 196 198 197 198 202 202 202 203 203 203 204 204 206 205
 204 203 203 203 203 204 204 202 206 207 206 200 197  97  64  55  61  52
  57  70 159 208 205 205 205 206 206 207 207 207 206 206 206 206 206 206
 206 206 208 208 212 203 209 206 212 158]","[ 95 196 198 199 196 196 198 204 199 199 200 200 200 201 201 201 208 200
 202 206 202 203 207 204 208 200 209 208 197 200 203  86  60  64  55  56
  58  54 149 209 204 204 204 205 205 206 206 207 204 205 206 207 207 207
 207 206 208 205 210 204 209 204 209 159]","[ 94 195 196 197 194 194 196 201 199 199 199 200 200 200 201 201 202 195
 196 205 207 201 199 203 201 201 197 194 204 205 199  97  59  63  55  56
  58  55 151 210 203 204 204 204 205 205 206 206 204 205 205 206 207 207
 206 206 208 205 209 204 209 204 209 159]","[ 93 194 194 195 192 193 193 198 198 198 199 199 199 200 200 200 196 213
 209 196 202 212 208 200 196 210 209 206 215 202 189 100  57  62  55  56
  60  56 152 212 203 203 203 204 204 204 204 205 203 204 205 206 206 206
 206 205 207 204 209 203 208 203 209 158]","[ 94 194 193 194 192 193 192 196 197 198 198 198 199 199 199 199 197 212
 207 196 201 202 200 204 211 194 184 189 202 203 207 117  55  60  54  57
  60  57 153 212 202 202 202 203 203 203 203 203 203 203 204 205 205 205
 205 205 207 203 208 202 208 203 208 157]","[ 94 193 192 193 193 194 193 196 197 197 197 197 198 198 198 199 204 194
 196 211 211 191 189 210 172 107  78  92 118 161 207 122  53  58  53  56
  60  57 152 212 202 202 202 201 201 201 201 201 202 202 203 204 205 205
 204 204 206 203 207 201 207 202 207 156]","[ 93 191 190 192 193 195 194 196 196 196 196 197 197 197 198 198 204 204
 206 200 196 210 211 187  83  40  30  42  52  89 162 117  51  57  52  55
  59  55 150 209 201 201 201 200 200 200 200 199 201 202 203 203 204 204
 203 203 205 202 206 201 206 201 206 156]","[ 90 188 186 189 192 195 194 195 195 195 196 196 196 197 197 197 197 178
 162 132 125 174 186 128  40  55  58  60  65  61 115 109  50  56  51  55
  58  54 148 206 201 200 200 200 199 199 198 198 200 201 202 203 203 203
 203 202 204 201 206 200 206 200 206 155]","[ 87 185 183 187 191 194 193 194 195 195 195 196 196 196 197 197 192 102
  61  60  50  76 100  73  38  67  46  43  80  59  75  80  50  56  51  54
  57  52 146 204 200 200 200 199 199 198 198 197 200 201 202 203 203 203
 202 202 204 201 205 200 205 200 205 155]","[ 88 191 182 179 191 197 190 191 194 189 198 205 196 191 197 198 120  61
  51  48  63  65  77  44  47  54  56  56  67  79  72  54  53  49  49  52
  56  46 139 206 200 199 198 196 196 196 197 198 201 201 201 201 200 200
 200 200 201 203 199 202 198 205 202 153]","[ 86 185 179 181 190 193 187 192 198 197 192 171 149 158 183 193  88  50
  53  52  63  67  80  50  48  55  58  61  71  81  72  55  49  47  47  53
  59  52 140 209 199 198 197 196 195 196 196 197 198 198 198 198 198 199
 199 199 200 201 197 201 197 203 201 153]","[ 91 182 177 184 187 184 182 189 192 177 143  93  61  73  93  92  54  43
  59  58  62  69  78  51  48  54  60  65  75  79  69  54  47  47  46  52
  58  53 127 199 199 198 197 197 196 196 197 197 198 198 199 199 200 201
 201 201 202 202 199 204 199 204 203 158]","[ 74 154 148 157 154 148 150 158 153 119  78  48  41  59  64  46  41  49
  66  64  63  72  72  45  47  52  59  69  76  76  64  52  52  52  48  51
  52  46 100 176 181 181 180 180 180 180 180 180 183 183 184 185 186 187
 188 188 189 188 185 192 186 190 190 148]","[ 68 140 133 142 136 134 139 143 119  78  49  49  63  78  76  59  42  57
  66  67  67  79  67  40  50  53  61  74  79  72  60  51  56  57  50  51
  49  44  77 156 154 154 154 155 155 155 154 154 157 157 158 159 160 161
 162 162 163 161 159 166 160 163 165 126]","[ 77 145 139 148 142 147 151 143  94  65  51  55  59  64  66  61  44  60
  60  68  71  86  64  42  55  55  63  77  80  69  55  50  53  57  50  52
  51  49  64 148 149 149 150 151 151 151 151 150 151 151 152 152 153 154
 154 154 155 153 151 160 153 155 158 122]","[ 70 139 135 142 134 142 141 116  63  55  56  60  61  72  80  74  41  58
  55  70  73  85  58  43  56  53  61  76  77  61  48  45  47  53  46  51
  50  53  56 144 154 155 156 158 158 158 157 156 157 158 158 158 158 158
 158 158 159 156 155 165 158 158 162 129]","[ 73 143 140 145 134 142 134  97  56  58  62  59  62  78  78  57  38  57
  52  72  72  81  50  42  54  49  56  71  71  54  41  40  41  49  42  48
  48  52  48 139 148 149 151 152 153 152 151 151 155 154 154 154 154 154
 153 153 155 151 150 160 153 153 158 126]","[ 67 144 139 137 143 137  91  67  46  51  56  61  65  69  74  77  37  54
  56  63  79  66  42  40  42  44  57  68  58  36  31  42  48  57  48  50
  45  49  53 124 147 146 151 157 157 152 151 156 157 153 149 149 154 158
 155 149 156 153 148 154 150 157 161 122]","[ 69 143 135 133 137 126  76  51  45  48  53  56  60  65  70  74  40  53
  55  61  72  58  35  33  45  46  56  65  54  34  30  41  40  50  45  48
  43  45  46 115 157 150 146 148 148 145 145 149 149 155 159 154 146 146
 155 163 153 153 153 161 156 156 152 108]","[ 69 139 130 129 132 118  66  41  45  46  48  50  53  59  66  71  40  47
  50  57  63  48  30  30  46  47  56  62  50  31  29  39  35  46  43  48
  44  44  41 107 154 148 144 146 149 149 149 150 145 144 147 152 155 153
 147 141 135 132 126 132 132 147 163 133]","[ 67 134 126 129 133 116  65  44  45  45  45  46  49  55  63  69  39  39
  45  56  56  41  31  34  44  47  56  60  49  31  29  37  38  48  44  50
  47  47  44 109 144 145 147 149 150 149 147 147 149 143 141 148 148 132
 106  86  60  58  52  56  59  89 129 116]","[ 67 131 123 129 131 110  62  48  47  47  45  45  48  55  64  71  45  38
  45  58  51  34  31  37  41  46  56  60  48  33  29  36  42  50  43  48
  46  49  48 114 143 146 148 145 141 139 140 142 156 150 140 125 100  72
  56  52  49  56  59  64  62  88 127 118]","[ 67 130 122 127 124  98  54  47  48  48  47  46  50  57  67  74  56  41
  49  62  46  27  29  37  44  50  57  58  46  32  30  35  40  46  38  42
  43  48  48 115 142 145 144 139 138 142 148 150 150 124  95  75  59  47
  45  51  49  55  59  65  63  87 124 113]","[ 65 128 120 124 116  88  47  48  48  48  47  48  52  59  69  76  62  40
  50  64  43  23  30  40  53  56  59  54  40  29  29  36  35  41  33  39
  41  47  47 113 139 140 139 138 142 146 142 132 107  75  47  44  53  56
  56  58  57  61  67  82  89 113 139 117]","[ 62 125 119 123 113  84  47  53  47  47  47  49  53  61  70  77  60  37
  48  65  42  23  34  46  61  62  60  51  35  26  29  36  32  39  32  40
  43  48  47 112 139 139 137 138 142 136 113  88  54  46  46  55  58  52
  53  61  63  74  92 124 138 151 152 109]","[ 59 119 113 119 118  64  44  49  49  46  45  48  55  63  70  74  62  48
  54  61  39  20  29  48  51  67  71  51  30  26  31  34  32  39  37  40
  45  36  57 108 139 137 136 138 131 108  72  44  55  39  39  57  63  52
  56  72  82 116 137 148 143 143 144 112]","[ 63 122 116 119 117  65  49  56  50  47  45  48  57  68  78  83  61  49
  55  60  38  19  29  46  60  71  68  47  26  22  26  27  25  34  34  36
  42  38  55  95 128 140 143 119  79  49  43  49  43  50  53  51  58  71
  74  66 122 140 144 147 143 147 150 117]","[ 61 123 115 116 112  61  48  56  51  48  45  48  57  69  80  86  57  53
  65  71  47  24  27  39  46  53  50  35  23  25  31  32  26  35  36  35
  39  38  48  69  78  82  81  68  51  44  53  64  54  50  55  63  63  63
  79 101 146 152 143 143 142 147 148 113]","[ 62 127 122 121 114  63  47  53  50  48  46  47  53  60  66  69  49  53
  74  82  57  33  29  31  35  39  39  33  32  37  43  44  38  46  46  41
  40  41  42  45  58  49  41  43  53  59  56  50  65  57  60  68  62  61
  97 143 143 148 141 145 146 148 144 108]","[ 69 137 134 134 127  73  51  51  49  48  46  46  47  47  46  44  39  44
  63  70  52  37  37  37  47  50  50  48  48  50  50  49  53  56  58  53
  48  49  47  37  49  51  53  56  57  59  61  62  60  71  71  62  70 103
 135 149 140 147 145 150 148 147 146 115]","[ 70 140 139 140 135  81  53  46  48  47  47  46  45  41  35  31  34  34
  45  48  38  38  48  49  52  54  56  57  57  57  56  55  62  58  64  66
  58  60  60  48  46  51  56  59  62  66  73  79  69  68  72  88 116 140
 149 147 144 150 144 147 141 140 144 120]","[ 68 138 136 138 138  87  56  44  49  48  47  47  47  45  41  38  40  37
  43  43  39  46  57  54  49  51  54  57  58  58  61  64  68  58  67  75
  66  67  72  62  70  65  62  64  69  72  70  66  82  76  94 130 151 146
 143 150 146 148 140 144 139 137 140 116]","[ 72 140 136 140 143  94  63  49  49  48  48  49  51  52  52  50  50  48
  54  56  52  57  60  51  59  58  59  59  58  58  62  67  72  58  68  80
  70  69  76  69  62  67  74  79  81  82  83  84  74 110 140 146 143 146
 147 142 144 146 141 150 148 144 141 112]","[ 68 137 121 143 133 121  59  49  47  48  50  53  54  54  54  53  58  57
  56  55  55  55  55  56  59  58  58  59  61  63  66  67  76  73  70  70
  73  75  74  72  66  67  73  82  83  79  79  85 138 141 145 148 148 146
 143 141 141 147 141 143 140 142 143 113]","[ 79 147 130 143 129 118  63  51  49  50  53  55  56  57  57  56  54  54
  54  54  54  55  55  56  63  62  62  63  65  68  71  72  68  70  75  82
  86  85  79  74  73  74  75  74  72  80 106 131 145 146 149 151 152 151
 149 147 146 152 146 148 145 147 148 118]","[ 57 132 132 147 135 122  69  48  49  51  53  56  58  59  59  58  56  56
  56  57  57  58  59  59  64  64  65  66  68  71  74  76  83  81  79  77
  76  73  68  64  74  70  66  65  71  91 124 151 143 143 145 145 146 145
 145 144 142 148 141 144 141 143 144 114]","[ 84 148 145 146 125 107  62  38  48  50  53  56  58  59  59  59  58  58
  58  58  58  58  57  57  62  62  63  64  67  70  74  76  79  79  78  78
  78  78  77  76  66  61  63  79 104 128 143 150 149 148 148 148 148 148
 149 149 145 151 145 148 145 147 148 117]","[ 77 116  99  86  71  68  58  50  49  51  54  57  60  62  62  62  59  59
  59  58  57  54  52  51  59  60  61  62  66  69  73  75  69  72  75  76
  73  67  61  58  58  65  81 106 133 149 150 144 147 146 145 145 144 145
 146 147 143 149 143 145 142 144 145 115]","[ 24  47  35  34  35  41  56  60  49  52  55  59  62  64  65  65  64  64
  64  63  61  57  54  52  56  57  58  60  64  68  72  74  80  78  74  70
  69  72  78  83 102 118 137 147 151 153 152 150 150 149 148 147 147 147
 148 148 145 151 145 147 145 146 148 117]","[ 30  38  31  36  37  30  44  46  46  48  52  56  60  62  63  63  64  64
  65  64  62  59  56  54  51  51  53  55  59  64  68  70  76  79  83  91
 102 119 137 149 148 159 165 160 152 151 151 150 150 150 150 149 149 148
 148 147 146 152 146 148 146 147 149 118]","[ 33  28  16  21  25  18  40  48  41  43  47  51  55  57  59  59  54  55
  56  57  55  53  50  48  45  45  47  49  54  58  62  65  63  77  98 114
 121 121 118 116 121 121 116 112 115 122 121 114 117 117 117 117 117 116
 115 114 113 119 113 115 113 115 116  85]"
