"[37 81 57 68 65 67 74 76 80 80 80 80 82 83 84 85 80 80 79 79 79 79 79 79
 79 70 70 78 72 74 73 67 68 63 65 68 68 72 70 56 59 59 59 59 58 58 58 58
 55 55 54 52 49 46 42 40 41 40 33 42 42 45 59 45]","[ 85 148 135 142 132 129 132 131 144 145 146 149 152 155 158 160 165 165
 165 165 165 165 165 165 174 169 169 167 156 152 148 141 148 140 134 131
 127 123 125 130 127 125 122 118 113 109 106 104 107 107 106 104 102  98
  95  93  82  80  70  75  70  68  76  58]","[ 99 187 187 189 176 172 170 166 146 145 143 142 140 140 139 139 137 139
 143 147 152 156 159 161 156 157 161 158 161 162 168 167 171 166 159 161
 164 152 145 154 141 140 138 136 133 131 130 129 116 116 116 114 113 110
 108 107 105 103  93  95  88  83  86  63]","[ 99 205 211 208 201 203 200 195 201 199 195 190 185 181 178 176 159 157
 153 148 142 137 133 131 137 138 143 138 156 153 159 161 160 165 161 163
 176 173 163 166 168 166 163 158 152 147 143 141 146 144 141 137 133 129
 125 123 120 121 113 116 111 106 107  80]","[100 211 213 207 208 216 213 210 211 210 208 207 205 205 205 205 213 210
 205 199 192 186 181 179 166 161 161 146 158 119  99  90 110 133 146 143
 144 150 155 158 165 166 167 168 170 171 172 173 166 164 160 156 150 146
 143 141 137 140 132 135 130 127 125  94]","[ 96 208 205 196 202 209 204 206 203 203 202 202 203 204 205 205 200 201
 202 204 207 209 211 212 210 203 208 191 194 114  68  53  46  90 146 163
 144 138 145 142 134 136 139 144 149 154 158 160 167 167 167 168 169 171
 173 174 160 164 156 156 152 149 145 111]","[100 213 214 206 211 211 204 214 212 211 210 209 208 207 207 207 208 208
 207 206 205 203 202 202 205 199 211 197 199  96  49  47  46  74 158 217
 202 188 191 176 174 172 167 161 154 148 144 141 142 142 142 144 146 149
 152 154 167 173 166 168 167 169 167 132]","[ 93 211 216 211 215 209 200 216 210 210 210 209 210 211 212 212 206 206
 207 207 207 207 207 207 210 201 214 197 196  85  47  60  55  40 114 202
 209 207 217 199 209 208 205 201 197 193 190 189 175 172 166 159 152 147
 143 142 132 139 136 142 147 154 156 122]","[100 212 214 209 213 215 208 210 211 211 211 210 210 210 209 209 211 211
 211 210 210 210 210 210 207 216 209 207 213 103  45  62  52  56  79 188
 211 205 201 205 207 206 205 203 203 204 205 205 205 205 203 201 198 194
 191 190 176 171 172 162 162 152 154 102]","[ 99 212 214 208 212 215 208 210 211 211 210 210 210 209 209 209 210 210
 210 210 210 211 211 211 207 214 208 207 214 113  50  59  51  50  65 159
 212 211 207 211 208 207 206 205 204 205 205 206 202 202 203 203 203 202
 201 201 207 204 207 200 204 198 202 151]","[ 99 212 212 207 211 214 208 210 210 210 210 209 209 209 208 208 208 208
 209 209 210 210 211 211 207 212 207 207 216 132  58  54  53  46  52 118
 212 214 211 214 209 209 207 207 206 206 207 207 204 205 206 208 209 209
 209 209 204 201 207 202 208 203 209 159]","[ 97 211 211 205 209 213 207 210 209 209 209 209 208 208 208 207 205 205
 206 207 208 209 209 210 207 210 207 207 216 154  69  50  56  50  50  86
 207 211 207 212 210 210 209 209 208 208 208 208 210 210 211 211 211 210
 210 209 206 203 208 202 208 203 209 158]","[ 96 208 209 203 208 212 207 210 209 208 208 208 207 207 207 207 202 202
 203 204 205 206 207 207 207 208 208 208 215 176  81  49  53  52  55  67
 196 209 205 211 210 210 210 210 210 209 209 208 212 212 212 212 211 210
 208 207 215 211 216 210 216 210 216 165]","[ 95 207 207 201 206 210 206 210 208 208 207 207 207 206 206 206 202 202
 203 203 204 204 205 205 207 207 210 208 212 194  92  50  46  49  55  56
 180 210 208 212 210 210 211 211 210 209 208 208 209 209 210 210 210 210
 209 209 207 204 209 205 211 207 213 163]","[ 94 207 206 200 205 210 206 210 207 207 207 206 206 206 205 205 204 204
 204 205 205 205 205 205 206 207 213 208 208 206 100  52  46  47  52  50
 161 212 209 210 209 210 210 211 210 209 208 207 207 208 209 209 210 210
 209 209 208 206 211 206 213 209 215 165]","[ 94 206 205 199 204 209 206 210 207 207 206 206 206 205 205 205 207 207
 206 206 206 206 206 205 206 207 214 207 206 213 105  53  51  47  48  46
 148 212 208 204 208 209 210 211 210 209 207 206 209 209 210 210 209 208
 207 207 210 207 211 206 211 206 211 161]","[ 97 201 205 204 202 206 206 207 208 208 207 206 206 205 204 204 206 206
 205 205 205 204 204 204 207 203 206 212 200 200 124  63  54  49  54  52
 102 211 210 209 207 207 208 209 210 210 211 212 209 209 209 208 208 207
 207 206 211 208 213 207 212 207 212 162]","[ 97 201 204 203 202 205 205 207 207 207 207 206 206 206 206 205 206 206
 206 206 205 205 205 204 210 207 209 213 205 208 128  59  54  50  54  50
  94 202 209 209 207 207 208 208 209 210 211 211 210 209 209 209 208 208
 207 207 211 208 212 207 212 207 212 162]","[ 96 201 204 203 201 204 204 205 206 206 206 206 207 207 207 208 207 207
 207 206 206 205 205 205 196 197 201 206 203 213 133  59  54  52  54  47
  81 188 208 210 207 207 208 208 209 210 210 210 210 210 210 209 209 209
 208 208 211 208 212 206 212 207 212 161]","[ 96 201 203 202 200 203 202 204 204 205 205 206 207 208 209 209 207 207
 207 207 206 206 205 205 212 214 215 212 203 212 132  56  54  53  53  46
  69 172 207 209 207 207 207 208 208 209 209 210 210 210 210 209 209 209
 209 209 210 207 212 206 211 206 212 161]","[ 95 199 202 201 198 201 201 202 203 203 204 205 206 207 208 209 207 207
 207 206 206 205 205 205 203 205 208 207 199 209 134  64  54  55  52  47
  60 160 208 207 207 207 207 208 208 208 208 209 209 209 209 209 209 209
 209 209 210 207 211 206 211 206 211 161]","[ 94 199 201 199 197 200 199 200 202 202 203 204 205 206 206 207 206 206
 205 205 205 204 204 204 207 202 203 208 201 206 129  62  53  55  52  50
  56 154 211 205 207 207 207 207 207 208 208 208 207 207 207 208 208 208
 209 209 210 206 211 205 211 206 211 160]","[ 94 199 200 199 196 199 198 199 201 201 202 202 203 204 204 204 205 205
 204 204 203 203 203 203 216 199 197 212 210 207 120  50  52  55  52  54
  56 151 214 202 207 207 207 207 207 207 207 207 205 206 206 206 207 207
 208 208 209 206 211 205 210 205 211 160]","[ 93 198 200 198 196 198 197 198 201 201 201 202 202 202 203 203 204 204
 203 203 203 202 202 202 135 117 128 173 199 211 132  66  52  55  52  57
  57 151 217 200 207 207 207 207 207 207 207 207 204 205 205 206 206 207
 207 207 209 206 210 205 210 205 210 160]","[ 93 200 201 197 193 198 199 201 203 191 206 200 201 209 193 205 211 196
 212 211 192 210 188 100  31  56  49  58 119 205 145  55  56  55  54  53
  53 153 215 201 205 205 205 205 205 205 205 205 205 205 206 206 206 207
 207 207 208 205 210 204 209 204 209 159]","[ 93 198 199 195 192 196 197 198 204 198 201 193 193 206 204 205 189 136
 111 124 157 195 158  61  52  49  39  35  62 148 148  58  54  53  53  53
  52 151 213 200 205 205 205 205 205 205 205 205 205 205 205 206 206 206
 207 207 208 205 209 204 209 204 209 159]","[ 93 196 196 194 191 193 193 196 194 188 190 210 208 195 196 186 101  61
  35  45  80 109  85  31  54  42  48  46  41  99 146  49  52  51  52  52
  50 148 211 201 204 204 204 204 204 204 204 204 204 204 205 205 205 206
 206 206 207 204 209 203 208 203 209 158]","[ 94 195 194 194 191 192 192 195 198 207 195 199 193 193 200 155  42  46
  46  47  49  46  43  46  43  46  58  61  53  72 128  42  50  50  52  53
  50 145 209 203 203 203 203 203 203 203 203 203 203 204 204 204 205 205
 205 205 207 203 208 202 208 203 208 157]","[ 96 194 192 194 193 193 192 195 195 203 157 108  94 140 166  95  45  53
  55  58  58  42  34  48  42  58  50  46  54  50  91  44  48  48  52  54
  49 142 208 206 201 201 201 201 201 201 201 201 203 203 203 203 204 204
 204 205 206 203 207 201 207 202 207 156]","[ 95 191 189 193 194 193 192 196 190 133  78  51  35  57  79  46  53  49
  44  49  55  42  32  40  42  64  47  44  56  42  52  40  45  45  51  54
  47 137 205 206 200 200 200 200 200 200 200 200 202 202 202 203 203 203
 204 204 205 202 206 201 206 201 206 156]","[ 93 187 185 191 194 192 191 196 188  78  44  65  55  41  39  42  56  53
  56  59  53  43  42  49  43  56  50  57  54  46  34  39  40  41  48  52
  43 132 201 205 199 199 199 199 199 199 199 199 201 201 202 202 202 203
 203 203 204 201 206 200 206 200 206 155]","[ 91 183 182 190 193 191 190 196 160  61  45  53  51  65  51  35  52  48
  57  62  50  42  42  40  53  46  46  57  34  44  35  52  37  38  45  50
  41 128 198 204 199 199 199 199 199 199 199 199 201 201 201 202 202 202
 203 203 204 201 205 200 205 200 205 155]","[ 87 188 178 188 194 184 185 197 117  65  49  48  62  66  38  41  54  51
  61  64  48  39  45  49  47  53  53  44  36  38  45  49  49  42  51  52
  45  88 201 200 209 198 192 197 201 200 198 200 199 201 202 201 198 199
 204 208 204 202 200 206 198 200 200 159]","[ 87 190 185 187 190 196 194 181  83  54  54  55  65  66  39  39  50  49
  59  62  46  38  44  48  49  54  52  42  33  34  40  43  43  37  46  46
  40  82 196 202 204 197 194 198 200 197 195 196 192 196 202 206 205 200
 194 190 198 198 197 204 199 202 198 151]","[ 81 178 179 173 170 190 176 134  55  50  59  58  60  62  43  39  49  49
  59  59  42  34  40  41  47  50  48  37  30  31  37  40  44  40  48  46
  39  74 186 198 198 196 196 199 199 195 194 196 199 198 197 197 199 200
 200 199 197 199 196 201 198 206 204 155]","[ 73 152 157 151 142 159 130  74  49  55  59  50  49  55  48  39  49  50
  58  55  36  30  35  35  40  43  41  32  28  31  38  41  45  44  50  47
  37  59 163 180 178 179 180 181 180 179 180 183 180 181 182 183 185 190
 197 202 190 194 190 190 183 191 193 148]","[ 74 133 140 141 131 134  90  41  44  55  51  43  44  53  51  33  44  46
  53  48  31  29  36  36  39  41  37  29  25  30  37  39  37  39  43  43
  34  44 137 158 152 154 154 153 153 155 158 160 149 157 164 165 157 149
 145 145 143 154 162 170 162 163 165 124]","[ 80 132 139 143 139 131  75  44  34  49  42  43  49  54  52  27  38  40
  47  42  27  30  41  42  43  43  37  28  24  28  34  35  33  36  40  43
  40  44 129 152 149 151 151 149 150 153 154 152 159 155 143 123 101  84
  75  73  74  89 118 154 158 157 157 121]","[ 77 138 144 139 142 133  68  49  36  50  39  47  54  54  56  30  39  41
  46  37  23  28  42  43  44  43  37  27  25  30  35  36  39  40  40  46
  49  49 130 156 155 158 159 157 158 160 154 145 150 129  98  71  54  47
  46  47  46  55  88 145 164 162 161 129]","[ 69 141 144 129 136 130  59  44  47  58  42  49  54  51  60  40  45  46
  48  36  19  25  38  39  41  40  34  27  26  33  39  40  43  42  37  43
  49  48 126 154 150 153 154 154 155 154 142 128  90  71  50  40  45  53
  56  55  66  59  81 139 160 156 152 121]","[ 71 145 133 136 150  91  51  51  40  47  48  45  49  57  54  43  39  50
  51  34  21  27  44  55  48  39  29  27  32  37  37  35  34  34  30  49
  33  60 144 139 151 150 147 146 150 139 103  66  54  49  50  55  55  52
  56  65  73 103 129 155 160 159 155 121]","[ 68 141 131 132 142  83  47  49  41  48  50  48  52  57  49  35  40  48
  45  30  24  34  49  57  52  41  28  23  26  31  33  32  36  37  33  47
  29  57 143 146 133 151 161 145 110  78  57  48  56  51  52  58  56  57
  78 106 132 146 151 158 155 153 153 122]","[ 66 138 130 129 132  75  45  48  42  47  50  51  57  61  50  34  44  47
  41  27  25  38  51  56  56  44  29  21  23  27  30  31  35  37  35  45
  32  63 146 157 155 144 124  96  66  45  40  45  49  55  57  53  60  87
 124 149 157 162 153 153 149 151 154 125]","[ 68 136 130 129 124  69  47  50  43  45  47  51  59  63  53  39  49  52
  44  28  22  33  45  50  50  40  28  21  21  25  27  28  31  33  34  45
  41  71 136 146 149 109  68  49  47  47  50  56  50  65  61  49  72 124
 155 153 146 151 144 148 150 153 153 120]","[ 67 132 128 127 117  65  48  49  45  44  43  45  52  55  49  40  52  57
  51  32  20  25  36  42  38  33  26  23  24  26  27  26  33  32  35  43
  43  63  99  99  79  64  52  51  49  46  51  60  63  60  55  66 102 142
 151 138 147 151 146 151 152 153 148 112]","[ 65 125 124 125 111  62  49  46  48  45  41  40  41  41  38  34  49  57
  54  37  23  26  35  39  39  38  36  37  38  39  38  37  42  39  40  39
  38  47  55  49  46  47  52  57  57  54  54  58  64  45  53  98 137 145
 142 145 149 152 144 147 147 149 148 114]","[ 66 121 122 125 111  64  53  46  46  44  42  40  36  33  32  32  41  49
  50  39  33  38  43  43  47  47  47  48  50  51  51  50  52  49  50  42
  38  43  41  39  56  54  52  54  62  68  65  58  60  63  90 130 150 144
 143 152 142 146 139 142 142 146 149 118]","[ 69 121 123 128 114  69  58  47  43  43  44  43  39  34  34  37  34  42
  43  40  43  51  53  48  48  48  48  49  50  51  52  53  56  55  59  48
  45  51  51  57  47  59  65  62  62  67  65  58  68 109 145 150 142 141
 142 139 140 147 143 147 144 144 145 113]","[ 64 122 123 117 118  78  48  49  44  45  46  46  46  45  43  42  45  46
  47  49  50  51  51  51  50  50  51  53  55  57  59  60  63  62  59  57
  56  56  56  57  55  63  69  66  59  60  70  80 132 135 138 142 144 145
 145 144 141 146 140 144 143 146 146 113]","[ 61 120 122 117 119  79  49  50  48  49  50  51  51  49  48  47  50  50
  50  51  51  52  52  52  52  53  54  55  57  60  62  63  63  63  62  62
  62  63  64  64  72  62  61  67  66  69  97 132 139 140 142 144 145 145
 144 144 142 147 141 145 144 146 146 114]","[ 60 120 123 119 121  81  50  50  49  50  52  53  53  52  51  50  55  54
  53  52  52  53  54  55  56  56  58  60  62  64  65  66  65  65  64  63
  62  61  60  60  67  72  65  56  74 114 142 148 146 146 146 146 145 145
 145 144 143 148 142 146 145 147 147 114]","[ 64 125 129 125 126  84  50  49  47  49  50  52  52  52  51  50  56  55
  53  52  52  54  56  58  58  59  61  63  65  67  68  69  68  68  67  66
  65  63  62  61  58  66  67  72 107 151 156 134 149 148 147 146 145 145
 146 146 144 149 143 146 146 147 147 115]","[ 71 132 136 132 131  86  50  47  47  48  50  52  53  53  53  52  54  53
  52  51  52  54  57  59  59  60  63  65  67  68  69  69  68  68  67  66
  66  65  65  65  63  52  72 120 150 145 138 143 146 146 145 145 145 146
 147 147 145 150 143 146 145 147 147 114]","[ 75 137 141 137 135  89  51  46  49  51  53  56  57  58  57  57  54  53
  52  52  52  53  55  56  57  59  62  65  67  68  68  68  66  64  61  57
  55  53  53  53  70  81 111 144 151 140 140 154 144 144 145 145 146 146
 147 147 145 150 143 146 145 146 145 113]","[ 74 137 143 139 138  91  52  46  51  53  55  58  60  61  60  60  57  56
  56  54  53  52  52  51  55  57  60  63  65  66  66  65  65  64  62  62
  64  69  73  76  99 130 149 143 138 146 152 147 144 145 146 147 148 147
 146 145 144 149 142 145 144 145 144 111]","[ 72 135 142 140 139  92  53  47  50  52  55  58  60  61  61  60  60  60
  59  57  55  52  49  48  53  55  59  62  64  65  64  63  65  67  74  84
  98 115 129 137 146 148 150 150 147 144 143 143 145 146 148 150 149 148
 145 144 144 148 141 144 143 144 143 110]","[ 67 132 120 150 138 117  52  46  49  56  63  65  63  60  61  63  62  63
  65  65  62  56  50  46  45  46  61  67  58  60  75  84 111 118 128 138
 145 148 147 146 145 145 146 147 147 146 145 145 144 145 145 145 146 147
 147 147 142 146 139 142 141 143 144 112]","[ 73 147 131 140 127 121  62  42  47  54  62  66  65  63  64  66  59  60
  62  63  61  58  54  51  60  50  55  67  78 100 127 138 143 145 147 148
 148 147 145 143 149 149 150 150 150 150 149 149 148 148 149 149 150 150
 150 151 147 151 144 147 146 148 149 117]","[ 50 140 140 142 134 141  87  47  44  51  60  65  65  64  64  66  61  62
  64  65  65  64  63  62  54  48  64  94 118 140 152 150 149 148 146 144
 144 144 144 145 144 144 145 146 146 145 144 144 144 144 144 144 145 145
 145 145 143 147 140 143 142 144 145 112]","[ 80 157 153 142 129 133  90  50  44  50  57  62  62  61  61  61  62  63
  64  65  66  67  67  68  59  67  99 136 153 158 153 141 149 148 147 147
 148 150 153 154 149 149 150 150 150 150 149 149 148 148 149 149 149 149
 149 149 147 151 144 147 146 148 148 116]","[ 76 115  95  82  72  78  72  62  50  53  58  60  60  59  57  57  61  61
  62  63  64  65  66  66  64  79 116 143 145 143 145 143 148 148 148 147
 147 146 146 146 148 148 149 149 149 149 148 148 148 148 148 147 147 147
 147 147 144 148 141 144 143 145 146 114]","[ 28  44  30  33  34  37  55  67  57  58  59  59  59  58  56  55  63  64
  64  65  67  68  68  69  59  82 124 150 145 141 149 154 150 151 152 153
 153 152 150 149 151 151 152 153 153 152 151 151 151 151 151 150 150 150
 149 149 146 151 143 146 145 148 148 116]","[ 35  39  32  39  36  24  42  54  58  56  54  53  53  54  53  53  59  60
  63  65  67  68  69  69  62  85 129 157 154 148 151 151 149 149 151 152
 154 154 155 155 151 152 152 153 153 152 152 151 151 151 151 150 150 149
 149 149 147 152 144 147 146 149 149 117]","[ 30  29  19  22  21  13  42  57  54  51  48  47  47  49  50  50  47  50
  53  57  59  61  62  62  54  65  96 119 119 117 120 119 122 121 119 117
 116 116 116 116 117 118 119 119 119 119 118 117 118 117 117 116 116 115
 115 115 114 119 112 115 114 116 116  84]"
