"[32 29 31 31 27 31 29 31 29 29 29 29 29 29 29 29 28 29 29 29 29 29 29 28
 29 29 29 29 29 29 29 29 29 29 28 28 29 29 29 29 29 30 30 29 28 28 29 29
 29 29 29 29 29 29 29 30 29 29 29 29 29 29 29 29 30 29 29 29 29 29 29 29
 29 29 29 29 29 29 29 29 29 29 29 29 29 29 29 30 29 29 29 29 29 29 29 29
 30 29 29 29 30 30 29 29 29 29 29 29 29 29 29 29 29 29 29 29 28 28 29 29
 29 29 29 29 29 29 28 28 30 29 29 29 29 29 30 30 30 30 29 29 29 29 29 29
 29 29 29 29 29 29 29 29 29 30 30 29 29 29 29 29 30 30 29 29 29 29 29 29
 29 28 28 29 30 30 30 30 29 29 29 30 30 29 29 30 30 29 29 29 29 29 29 29
 30 29 30 28 32 29 28 29]"
"[30 30 27 28 28 30 27 28 30 30 30 29 29 29 29 28 30 30 30 29 30 30 29 29
 28 29 29 29 29 29 29 29 30 29 29 30 30 30 29 29 29 29 29 29 30 30 30 29
 29 29 29 29 29 29 29 29 29 29 29 29 29 28 28 28 29 29 29 29 29 29 29 29
 29 29 29 29 29 29 29 29 29 29 29 29 29 29 29 29 29 29 29 29 29 29 29 29
 29 29 29 29 29 29 29 29 29 29 29 29 29 29 29 29 29 29 29 29 29 29 29 29
 29 29 29 29 29 29 30 30 29 29 29 29 29 30 30 30 28 28 29 29 29 29 29 29
 29 29 29 29 29 30 29 29 28 29 29 28 28 28 29 29 28 28 28 29 30 30 29 29
 30 30 30 28 28 28 29 29 29 28 29 29 29 28 28 29 27 28 29 29 29 29 29 29
 29 29 29 27 27 28 34 28]"
"[29 27 15 11 10  9  8  9  9  8  9  8  8  8  9  8  7  7  7  7  7  7  7  7
  7  7  7  7  7  7  7  8  7  7  7  7  7  7  7  7  7  7  7  7  7  7  7  7
  7  7  7  7  7  7  7  7  7  7  7  7  7  7  7  7  7  7  7  7  7  7  7  7
  7  7  7  7  7  7  7  7  7  7  7  7  7  7  7  7  7  7  7  7  7  7  7  7
  7  7  7  7  7  7  7  7  7  7  7  7  7  7  7  7  7  7  7  7  7  7  7  7
  7  7  7  7  7  7  7  7  7  7  7  7  7  7  7  7  8  8  9 10  9 10 10 11
  9  8  8  8  9  9  8  8 10 10 10  9  8  9 11 11 11 12 13 15 16 16 16 15
 14 16 15 11 10 12 13 12 14 13 13 14 15 15 15 16 17 18 18 17 17 20 21 20
 19 36 56 67 65 58 54 28]"
"[31 31 10  7  9  8 10 11 10 10  9  8  8  9  8  7  6  5  5  6  7  9  9  9
  6  7  7  6  7  8  8  8  6  6  6  7  7  6  5  4  5  6  6  5  5  5  4  3
  4  4  4  4  4  3  3  2  3  3  3  3  3  3  3  3  2  2  3  3  3  3  3  2
  2  2  3  3  4  4  4  4  2  3  3  3  3  3  3  2  2  2  2  2  2  2  3  3
  2  2  3  3  2  3  3  3  3  3  3  3  2  2  2  2  1  2  2  2  2  2  2  2
  2  2  2  2  2  3  3  4  4  4  5  5  6  7  8  8  6  7  8  8  8  8  8  9
 10 10  9  9 10 10  9  9  9  9  9  8  8  9 10 11 10 11 12 14 16 16 16 15
 15 17 16 13 12 14 15 14 11 11 12 14 15 16 17 17 19 18 16 16 17 19 21 22
 36 51 61 64 60 54 55 31]"
"[27 29  8  9 13 10 12 11 10 10  9  8  9  9  8  7  6  6  6  7  8  8  8  7
  6  6  6  5  5  6  7  7  7  7  6  6  6  6  5  5  6  7  8  6  5  4  5  5
  5  5  5  5  5  5  4  3  3  3  3  3  3  3  3  3  2  2  2  2  2  2  2  2
  1  2  3  3  4  4  3  3  2  2  3  3  3  3  3  3  2  2  2  2  2  2  2  2
  2  2  2  3  4  4  4  4  3  3  3  2  2  2  2  2  2  2  3  3  2  2  2  2
  2  2  3  3  3  3  3  3  3  3  4  4  5  6  7  8  8  9 10 10  9  9  9 10
  9  8  8  8  8  8  8  8 10 10  9  9  9 11 12 12 11 12 13 14 15 16 16 16
 17 16 16 16 15 14 15 16 13 14 15 16 17 18 18 17 18 17 17 19 18 19 26 34
 58 64 60 58 57 51 49 28]"
"[29 30 10 10 11 10 12 10 12 12 12 11 11 12 11 10  9  9  9  9  9  8  7  7
  7  8  7  6  7  7  8  8  8  7  6  6  6  6  5  5  6  8  8  7  5  5  6  7
  6  6  6  6  7  6  5  4  4  4  4  3  3  3  2  2  3  3  3  2  2  2  2  2
  2  2  3  3  3  3  2  2  3  3  3  3  3  3  4  4  3  3  3  3  3  2  2  2
  2  1  1  2  3  4  4  3  3  3  3  3  3  3  3  3  4  4  4  3  3  3  3  4
  3  4  4  4  4  4  4  4  3  3  4  5  6  7  8  8  9 10 10 10 10  9  9  9
 10 10  9  9 10 10  9  9  8  8  8  8  9 11 11 10 12 12 13 14 14 15 16 17
 16 15 15 16 16 14 14 15 15 17 18 18 17 17 16 15 17 18 20 21 23 29 45 59
 66 63 55 53 57 54 50 30]"
"[30 28 12 12 11 12 14 13 12 13 13 12 10 11 11 11 10 10 11 10  9  9  9  9
  8  8  7  6  6  7  8  7  9  8  7  6  6  6  6  6  6  7  8  7  6  6  6  7
  6  5  5  6  7  7  5  4  4  4  4  4  4  3  3  3  4  4  4  4  3  3  2  2
  3  2  2  2  2  2  2  2  3  3  2  2  2  2  3  3  3  3  3  3  2  2  2  2
  2  1  2  2  2  2  2  2  3  3  3  3  3  3  3  3  4  4  4  3  3  3  3  4
  3  3  3  3  4  4  5  5  5  5  5  6  7  8  9  9 10 11 11 11 11 10 10  9
  9  8  8  8  8  8  8  7  9  9  9 10 12 13 12 10 10 11 12 13 13 14 15 16
 16 16 16 16 17 17 16 15 15 17 19 18 16 16 15 15 16 18 21 25 32 44 58 67
 61 55 53 52 51 50 47 27]"
"[30 29 18 19 16 15 16 13 14 15 15 14 11 12 12 12  8  9 10 10  9 10 11 13
 11 11 10  9  9  9 10 10 11 10  9  8  8  8  7  7  6  7  8  7  6  6  6  5
  5  5  5  6  7  7  6  4  5  5  5  5  5  5  5  5  5  5  6  6  5  4  3  3
  4  3  2  2  2  3  4  4  4  3  2  2  1  2  2  2  3  3  3  3  2  2  2  2
  3  3  4  3  3  2  3  3  3  3  3  3  3  3  4  4  4  4  3  2  2  2  3  4
  3  3  3  3  3  4  5  6  7  7  7  7  8  8  9  9  9 10 10 10 10 10  9  8
  9  9  8  8  8  8  8  8  9  9  9 11 14 15 13 10 10 11 13 13 13 13 15 16
 12 14 13 12 14 17 16 13 14 17 19 17 16 16 17 17 18 22 27 35 47 58 60 56
 53 47 56 55 48 49 49 30]"
"[31 28 32 30 28 29 27 21 17 18 21 18 16 17 13 12 10 12 12 10 10 11 13 12
 13 11 10 11 10 10  9 10 10 11 12 10 10 10 10  9  7  8  9  8  5  6  8  8
  6  6  6  5  5  6  7  7  4  5  6  6  6  5  6  7  4  5  6  7  7  6  5  5
  4  4  4  3  2  2  2  3  3  2  2  2  3  3  3  3  2  2  2  2  2  2  3  3
  3  3  4  4  3  3  2  2  2  2  3  3  3  3  3  3  3  2  1  1  2  2  3  3
  3  3  3  3  3  4  5  5  5  6  8  8  8  8  9 10 11  9  8  8  9  9  9  8
  7  7  8  9  9  9  8  9 10 10 11 12 14 15 13 10 10 11 12 13 13 12 12 12
 11 12 12 13 15 16 16 16 19 16 16 16 16 18 22 25 24 32 44 50 51 56 59 54
 55 47 47 53 52 49 51 29]"
"[31 29 31 30 30 33 34 30 31 31 32 28 24 22 15 11 15 17 17 13 11 12 14 15
 15 13 11 12 12 13 13 12 12 13 13 11 11 11 10  9  9  9 10  9  6  7  8  8
  8  7  6  5  6  8  8  8  6  5  5  5  5  5  5  6  6  6  7  7  8  7  7  6
  5  5  5  4  3  3  4  4  4  3  3  3  3  3  3  3  3  2  2  2  2  2  2  2
  2  2  3  3  4  4  3  3  3  3  3  4  4  4  4  4  4  3  3  3  3  3  3  3
  3  3  4  4  5  5  5  6  5  6  8  8  8  8  9 10 10  9  8  8  9  9  9  8
  8  8  8  9  9  9  9 10 11 13 14 14 14 13 12 10 10 10 11 12 13 13 12 12
 11 13 13 13 15 16 16 17 15 18 20 17 15 19 24 24 30 41 57 62 56 53 56 58
 55 50 48 50 49 50 53 30]"
"[30 28 27 25 25 29 31 29 32 31 32 31 32 35 32 31 18 19 19 18 18 18 16 14
 17 17 15 12 13 14 13 12 11 12 12 12 13 14 13 11  9  9 10 10  8  8 10  9
 10  9  7  7  8  9  9  8  8  6  5  5  6  6  6  6  7  7  7  8  9  9  8  7
  5  5  5  5  5  5  5  6  5  5  4  4  4  4  3  3  3  3  2  3  3  3  2  2
  2  2  3  3  4  4  5  5  3  4  4  4  4  5  5  5  3  3  3  3  3  3  3  3
  3  3  4  5  5  6  6  6  6  7  8  8  8  8  9  9 10  9  8  8  9  9  9  8
  9  8  8  9  9  9 10 11 12 15 17 16 14 13 13 13 12 12 12 14 15 15 14 12
 12 14 15 14 15 16 15 16 15 16 18 19 17 17 26 36 48 52 59 61 54 48 50 54
 52 52 48 47 48 50 52 29]"
"[30 27 21 19 18 21 22 21 23 22 24 24 27 32 33 34 31 31 31 32 33 32 28 24
 15 15 15 16 17 16 15 14 15 14 13 13 14 14 11  9 11 12 12 12  8  8 10  9
 11 11 10  9  9  9  9  9 10  8  6  7  7  7  7  7  8  7  7  8  9  9  8  7
  6  6  6  5  5  5  5  6  7  6  6  6  6  5  5  4  4  4  3  4  4  4  3  2
  3  3  3  3  3  4  4  4  3  3  3  4  4  4  4  4  3  3  4  4  3  2  2  2
  3  3  3  4  5  5  6  6  7  8  8  8  8  8  9  9 10  9  9  9  9  9  9  9
  9  9  9 10 10 11 11 12 12 14 17 16 14 14 14 15 15 15 16 16 17 16 14 13
 12 15 16 16 17 17 15 16 17 17 18 20 21 25 38 53 59 54 51 51 49 46 46 48
 48 51 49 48 51 51 51 28]"
"[29 28 17 17 17 19 18 15 20 21 25 24 24 25 23 24 25 26 27 27 27 29 33 36
 30 26 26 29 30 25 19 17 17 15 15 15 16 15 14 12 11 12 13 12  9 10 12 11
 11 12 12 10  9 10 10 11 10  9  8  8  8  8  8  9  8  8  7  8  9  9  8  7
  6  6  6  5  5  5  5  5  6  6  6  6  6  6  5  5  5  5  5  5  5  4  3  3
  4  4  4  4  3  3  3  3  2  2  2  2  3  3  3  3  3  4  4  4  3  3  2  2
  4  3  3  3  4  5  6  7  8  8  8  8  8  8  8  9  8  8  8  8  8  8  8  8
  9  9 10 11 12 12 12 13 11 13 15 15 14 15 15 15 16 16 17 17 16 15 14 13
 14 16 16 17 19 19 16 16 17 23 23 23 32 46 56 60 51 49 47 47 48 48 47 48
 47 50 50 51 54 52 51 29]"
"[30 29 16 18 17 19 16 12 14 14 17 17 15 15 14 16 16 16 17 17 20 24 30 34
 27 21 23 32 40 40 35 33 32 29 27 26 25 22 19 15 16 15 16 14 12 12 12 11
 11 12 12 11 10 10 11 12 10  9  9  9  9  9  9 10 10  9  8  8  9  9  8  8
  7  7  6  6  6  5  5  5  5  6  6  6  6  5  5  5  5  5  5  5  5  5  4  4
  4  4  4  4  4  3  3  3  2  2  2  2  2  2  3  3  3  3  3  3  3  3  2  2
  5  4  4  3  4  5  7  8  8  8  8  8  8  8  8  8  8  8  8  8  8  8  8  8
  9  9 11 12 13 13 12 13 13 14 14 15 15 16 16 16 15 16 17 17 16 15 15 15
 14 16 17 17 20 20 18 18 21 27 30 35 50 60 60 58 47 48 46 46 50 51 50 51
 49 50 50 53 53 51 52 30]"
"[29 30 15 18 15 16 14 13 16 14 15 14 12 13 13 15 15 14 13 14 16 17 17 17
 17 15 15 22 29 30 29 29 30 29 29 33 36 36 35 34 27 24 22 21 18 17 16 13
 15 15 14 13 13 14 13 13 12 10  9  9  9  9 10 10 10 10  9  9  9  9  8  8
  8  7  7  7  7  7  6  6  6  6  7  7  6  6  5  5  5  6  6  5  5  4  5  6
  4  5  5  5  5  5  4  4  3  3  3  3  3  3  3  3  3  3  3  3  3  3  3  3
  5  4  4  4  4  5  7  7  8  8  8  8  8  8  8  8  8  8  8  8  8  8  8  8
  9  9 11 13 13 13 12 12 15 15 15 15 16 16 16 16 16 16 16 16 17 17 17 16
 15 17 18 18 19 20 20 22 25 33 41 50 59 58 53 55 52 50 46 46 51 52 50 51
 52 51 51 53 51 50 53 30]"
"[27 30 15 18 15 17 16 16 15 13 15 14 14 14 12 13 13 13 15 16 16 15 15 16
 13 14 15 16 16 17 19 22 24 23 23 27 30 29 28 27 26 23 23 26 29 32 32 28
 21 20 17 17 17 18 16 14 14 11  9  9 10 11 10 10 10 10  9  9  8  8  8  8
  8  8  7  8  8  8  8  7  7  8  8  8  7  6  6  6  5  6  6  6  4  4  5  6
  4  5  6  6  6  6  5  5  4  4  4  4  4  4  4  4  4  4  3  3  4  4  4  4
  4  4  4  4  4  5  6  6  8  8  8  8  8  8  8  8  8  8  8  8  8  8  8  8
  9  9 11 12 13 13 12 12 14 15 15 14 14 15 15 15 17 16 15 16 17 18 17 16
 15 18 19 18 18 19 21 25 26 44 55 57 57 52 49 53 51 50 48 49 52 50 48 50
 53 52 54 55 51 51 55 29]"
"[28 31 16 18 18 17 16 17 16 16 15 15 16 17 15 13 14 16 17 15 14 15 15 15
 14 13 13 15 14 14 13 12 16 18 19 18 17 19 20 20 18 18 22 25 26 29 34 36
 33 32 31 31 29 24 20 18 16 14 12 10 10 11 13 14 12 13 11  9 10 10  9 10
 10  9  8  8  8  8  8  8  9  8  8  9  8  7  7  6  9  8  6  5  5  6  6  6
  4  4  5  6  6  6  5  5  4  4  5  5  5  5  5  5  4  4  4  4  5  5  4  4
  4  4  4  4  5  6  6  5  7  7  8  8  7  7  7  8  8  8  8  8  8  8  9 11
 11 12 13 14 14 13 12 12 15 16 16 16 16 15 14 14 15 15 15 17 17 16 16 17
 15 17 17 18 17 23 26 30 44 57 59 58 57 51 50 53 54 51 49 49 50 51 51 50
 53 53 52 53 52 53 55 31]"
"[29 30 15 14 14 15 15 17 14 17 18 17 15 14 15 16 15 17 16 13 12 14 15 15
 14 13 13 14 14 13 11 11 13 15 15 14 13 14 15 16 14 13 15 16 16 18 21 23
 24 25 26 28 28 29 30 32 33 31 30 28 24 20 16 15 16 17 14 12 12 11 10 10
  9  8  9 11 11 10  9 10 10  9  8  8  7  7  8  9  8  8  8  8  7  7  6  6
  5  4  4  5  6  6  6  5  4  4  4  4  5  5  5  5  5  5  5  5  5  5  5  4
  4  4  4  5  5  6  6  6  7  8  9  9  8  8  9  9  8  8  8  8  8  9 10 12
 15 14 14 13 13 12 12 13 14 14 15 16 15 12 13 15 16 16 17 18 17 16 15 16
 15 19 19 21 20 28 36 45 55 59 55 53 54 49 47 49 50 48 48 49 51 53 53 53
 54 54 53 54 54 54 54 29]"
"[28 30 19 18 18 17 16 15 14 15 16 15 15 15 16 16 16 16 15 13 12 14 15 15
 14 14 14 14 14 12 10 10 11 12 12 11 10 10 11 12 13 11 13 14 15 15 17 17
 17 17 19 21 22 24 28 31 31 31 33 34 32 26 22 22 24 23 20 18 17 15 12 12
 13 10  9  9 10  9 10 10  8  8  8  9  8  8  8  8  8  8  9  9  8  8  7  7
  8  5  4  4  6  6  6  5  4  4  4  5  5  5  5  5  5  5  5  5  6  6  6  5
  5  5  5  5  5  5  6  6  6  7  7  8  8  8  8  8  8  8  8  9 10 10 11 12
 16 15 14 13 11 11 11 13 12 12 14 16 14 11 12 16 15 16 17 16 16 15 15 15
 17 17 16 23 29 40 47 53 57 56 49 48 51 47 46 48 48 48 48 49 51 53 53 53
 56 55 54 54 53 54 54 28]"
"[29 30 21 18 18 19 19 17 19 17 15 14 15 16 16 15 16 16 16 15 15 16 16 15
 16 15 15 15 14 13 12 12 13 13 12 11 10 10 10 11 10 10 12 14 14 14 14 12
 13 14 16 17 16 15 16 17 16 17 21 26 27 24 24 27 29 28 25 24 24 23 21 21
 15 15 14 14 12 12 12 12 11 10  9  9  8  8  8  9  9  9  8  8  8  8  9  9
 10  7  6  6  6  6  6  6  6  6  6  6  6  6  6  6  4  4  5  5  6  6  5  5
  6  6  6  5  5  5  5  6  5  5  6  7  7  7  7  7  8  9  9 11 11 11 12 12
 13 13 13 13 12 11 11 12 13 13 15 16 14 12 13 16 15 16 17 16 15 16 17 18
 19 19 21 33 42 51 52 53 51 52 48 48 50 47 48 49 48 49 49 48 49 52 54 54
 57 56 53 52 51 53 54 29]"
"[29 29 25 22 23 22 21 18 23 23 23 20 18 16 16 16 17 17 16 16 17 18 17 16
 17 16 15 15 14 13 14 14 14 14 13 12 11 11 11 12 11 10 11 13 13 12 11 10
 11 13 15 15 15 14 13 12 13 12 15 19 20 18 19 22 25 24 23 24 27 28 28 30
 31 36 37 32 24 18 15 12 17 14 10  8  7  7  8  9 10  9  8  9  8  9  9  9
 10  9  8  8  8  8  8  8  7  7  7  7  7  7  7  7  4  5  6  7  7  6  5  4
  5  6  6  6  5  5  5  6  5  5  6  6  7  8  8  8  9  9 11 12 13 12 11 11
 12 12 12 12 12 12 12 14 14 16 16 16 15 15 15 15 15 17 18 19 18 18 20 21
 21 30 40 51 52 54 52 53 50 52 50 51 51 51 52 50 48 50 50 48 48 52 55 56
 56 56 53 51 51 53 55 29]"
"[28 26 26 24 24 21 21 19 24 25 25 24 23 21 19 17 18 17 16 16 16 17 17 17
 17 16 14 14 13 12 13 15 14 13 13 13 12 12 13 14 13 11 11 12 11 11 11 10
 10 11 11 12 14 15 15 14 14 15 15 17 16 15 14 15 17 17 15 17 21 21 22 24
 26 29 30 31 31 32 30 27 22 20 19 18 18 17 15 14 13 12 12 11 11 11  9  8
  8  8  8  9  8  8  8  9  8  8  8  8  8  8  8  8  7  8  8  8  8  6  5  4
  5  5  6  6  6  6  6  6  6  6  6  6  7  8  8  9  9 10 11 13 14 12 11 10
 11 10 10 10 10 11 14 16 15 17 17 15 16 17 17 15 14 16 19 21 21 20 22 24
 29 42 54 61 56 53 49 50 50 51 49 50 53 55 55 50 50 53 52 48 48 52 55 54
 54 55 54 53 53 55 56 29]"
"[30 27 29 25 23 20 22 24 25 25 24 24 24 24 22 21 20 20 18 18 18 17 17 17
 17 16 15 14 13 12 13 15 16 14 14 14 13 13 13 14 11  9  9 10  9  9 10 10
  9 10 10 10 11 13 14 13 13 12 13 15 15 15 12 12 12 12 11 12 14 12 12 14
 17 14 12 15 20 24 25 24 24 23 24 27 30 29 26 23 20 18 15 14 13 13 12 10
  9  8  8  8  9  8  8  8  9  9  9  9  9  8  8  8  9  9  9  9  8  7  6  6
  6  6  7  7  8  7  6  6  7  6  6  6  7  8  9  9 10 10 11 12 13 12 11 11
 10 10 10 10 10 11 13 15 16 16 16 16 16 17 16 15 15 15 17 21 21 20 24 30
 40 48 54 57 52 52 49 48 50 49 46 49 52 54 54 50 51 54 54 49 48 52 54 52
 53 55 54 54 53 55 56 29]"
"[29 31 44 46 42 30 26 24 26 28 28 25 20 20 22 25 21 21 22 23 22 20 19 18
 18 18 17 16 15 14 15 16 17 16 15 15 14 13 12 13 13 11 11 12 10  9  9  9
 10 12 12 11 11 13 13 12 14 13 12 12 14 14 12 10 10 10 10 12 13 11 10 13
 13 11 11 14 13 11 14 20 18 17 16 19 23 26 26 26 28 24 19 16 16 16 15 14
 13 10  9 10 10  9  8  7  9  9  9  9  8  8  8  8  9  9  9  9  8  8  8  8
  8  8  8  8  8  8  6  5  8  7  6  6  7  8  9  9 10  9 10 12 13 12 12 11
 10 10 11 12 13 13 13 15 15 15 15 16 16 15 15 17 18 15 16 19 20 21 28 37
 46 52 52 51 48 52 51 50 51 48 47 51 51 49 50 48 48 53 53 50 50 54 55 52
 53 55 54 52 51 54 56 30]"
"[30 26 68 64 59 53 49 47 45 44 41 30 30 31 28 26 22 23 22 21 20 22 24 22
 20 17 17 19 16 15 17 21 20 18 16 16 17 17 16 15 12 14 13 12 13 12 10 10
 13 11 12 11 12 14 12 12 13 14 13 12 12 13 12 11  9  9 11 12 11 10 10 11
 12 12 13 13 12 12 12 13 17 16 14 14 15 16 16 16 19 19 18 18 18 19 20 21
 23 21 18 16 14 13 12 10 12 10  9  8  8  7  8  9 10 10 10 10  9  8  8  9
 10  8  7  8  9  7  6  6  8  7  7  6  6  7  8  9  9  9  9 10 11 12 12 12
 13 11  9 11 13 14 14 14 16 14 14 16 17 16 15 15 15 15 17 19 24 33 43 50
 49 48 48 47 47 49 52 52 50 49 51 51 50 49 48 47 47 52 55 53 52 54 55 54
 52 53 54 55 55 57 58 29]"
"[31 31 78 79 77 72 69 66 61 61 63 61 68 66 56 46 37 33 29 26 26 28 28 25
 23 19 18 20 22 23 24 23 22 20 18 17 18 17 17 17 16 16 15 15 18 19 17 17
 16 14 13 13 12 11 11 13 13 14 14 14 15 15 14 13 12 12 12 13 12 11 10  9
 12 12 13 12 12 11 12 12 12 12 12 13 13 13 11 10 14 14 14 14 16 17 18 18
 22 22 21 19 19 18 17 16 14 13 12 13 12 11 11 12 12 12 12 12 12 11 10 10
 11  9  9 10  9  8  8  8  8  8  7  6  7  8  9  9  8 10 12 12 10 10 11 12
 13 12 11 12 13 14 16 17 16 17 17 16 15 16 17 18 16 16 18 26 37 47 51 50
 47 46 47 46 46 48 52 53 51 51 54 54 52 51 51 50 51 55 57 55 53 53 54 54
 57 56 55 55 54 56 57 29]"
"[29 30 81 85 86 83 81 80 83 80 78 70 72 72 69 66 70 70 70 64 54 46 42 40
 38 34 30 27 26 27 25 21 26 24 22 21 20 18 18 17 21 20 18 17 18 18 17 15
 15 15 14 16 14 12 14 16 16 15 13 11 11 12 13 12 12 11 11 12 12 12 10 10
 11 12 12 12 12 11 11 10  9 10 11 12 12 11  9  8 10 10 10 11 12 13 13 13
 14 15 16 16 16 16 15 14 15 16 16 17 16 15 15 16 16 15 14 14 14 13 11 11
 11 10 10 10 10  9  9 10  8  8  7  7  7  8  9  9  9 11 13 13 11 10 10 11
 13 13 12 12 13 14 17 19 15 17 17 15 15 17 19 18 20 22 27 38 50 57 53 46
 44 43 44 44 43 44 49 53 52 51 53 54 53 54 54 52 52 55 58 58 56 55 56 58
 60 58 55 54 54 56 57 29]"
"[28 30 80 83 84 83 83 83 86 86 85 77 79 80 81 83 82 78 76 75 72 70 69 66
 69 68 63 54 47 47 46 42 28 28 28 28 26 24 23 23 22 19 16 16 17 19 21 21
 18 21 20 20 17 12 15 15 16 15 13 13 14 15 16 16 11 10 10 11 12 12 11 11
 11 11 11 11 11 10  9  9 10 10 11 11 11 11 11 11 11 10  9 10 10 10  9  8
  9 11 12 13 13 13 12 11 14 15 16 16 15 15 16 17 18 17 16 15 15 13 12 12
 11 12 12 12 11 10 10 11  8  8  8  7  7  8  8  8 11 11 11 12 13 12 11  9
 12 12 13 13 14 16 18 19 16 16 15 15 17 20 20 19 23 31 41 48 53 54 50 43
 43 42 43 44 42 42 47 52 53 49 48 50 52 55 55 52 52 54 58 60 59 56 57 59
 59 57 56 56 57 59 59 30]"
"[30 30 77 77 77 76 77 78 73 71 74 74 83 86 84 83 83 82 84 88 88 85 81 77
 75 75 74 67 61 62 62 59 57 56 53 49 44 38 35 34 33 25 20 18 17 17 15 12
 16 22 22 19 16 16 19 18 17 16 16 16 17 16 15 13 13 13 13 14 13 12 12 12
 12 12 13 13 12 11 10  9  9 10 10 10 10 10 11 12 11 11 10 10 10 10  8  7
  9 10 11 10 10 11 10  9 12 13 13 12 12 12 13 15 17 16 16 16 14 13 13 13
 13 14 15 15 13 12 12 12  9  9  9  9  8  8  8  8 11 11 12 13 13 13 11 10
 12 13 13 14 16 18 19 19 18 16 15 16 18 20 22 25 31 40 49 52 50 49 48 47
 47 46 48 48 45 44 48 52 52 48 46 47 50 53 55 53 54 55 58 59 57 54 54 56
 57 56 57 60 61 63 61 31]"
"[30 28 73 73 72 71 72 72 74 68 67 66 77 82 82 82 80 80 81 81 80 82 87 89
 83 82 82 82 81 82 81 78 74 73 71 69 66 64 64 65 68 59 56 58 56 50 39 26
 20 23 25 18 16 22 23 24 24 21 19 18 17 17 17 17 16 15 15 16 16 15 15 15
 13 14 14 14 13 12 12 11 10 10 11 11 10 10  9  9 10 10 10 10 10 10  9  8
  8  9  9  8  8  8  8  8 12 12 11  9  9 11 11 12 12 13 13 13 12 11 11 13
 13 15 16 15 14 13 13 12 10 10 10 10 10  9  9  9  9 11 13 14 12 11 12 13
 12 13 13 14 16 18 18 17 17 16 16 17 18 21 28 36 44 48 50 49 47 46 48 51
 50 49 51 51 48 46 49 51 50 49 50 50 49 51 55 56 55 55 55 56 54 53 54 56
 56 56 57 60 62 63 61 30]"
"[29 28 74 73 73 72 72 73 72 67 67 66 73 74 75 77 75 74 75 77 78 80 79 75
 82 79 78 80 81 81 81 79 79 79 78 78 76 75 75 76 72 66 69 76 76 73 65 55
 49 46 47 35 30 34 28 29 25 21 18 17 17 18 20 21 18 16 15 17 18 19 18 16
 14 14 15 14 13 13 13 13 13 13 13 13 12 11 10 10 10 10 10 10 10 10 10 10
 10 11 10  9  8  8  9  9 11 11 11 10  9 11 11 11 11 11 10 10 10 10 10 11
 11 13 14 13 12 12 12 11  9 10 10 10 10 10 10  9  8 10 13 13 12 11 12 13
 12 14 15 14 14 16 16 15 16 16 17 19 23 30 39 45 51 49 47 47 46 45 46 48
 48 49 51 51 48 47 48 48 48 49 51 53 52 53 56 57 54 54 54 55 55 55 56 58
 57 56 56 58 58 60 59 29]"
"[29 28 72 72 72 72 72 73 71 67 67 64 68 67 66 67 66 70 74 73 71 73 76 76
 76 72 71 73 73 72 76 79 79 80 81 82 80 78 77 77 77 72 74 77 73 74 76 74
 78 71 73 59 51 52 40 41 39 36 34 33 32 29 26 24 23 19 17 18 20 20 17 15
 15 15 16 15 14 14 15 15 16 15 14 13 12 12 12 12 11 11 11 11 10 10 10 10
 10 10 10  8  7  7  7  8  8 10 10 10 10 11 11 10 12 10 10 10 10 10 10 10
  9 11 12 11 11 12 12 11  8  8  9 10 10 10 10  9 10 10 10 11 13 13 12 12
 14 16 17 14 13 15 16 15 15 16 17 22 32 43 50 51 49 46 44 45 46 44 43 44
 46 47 50 49 47 47 47 45 47 47 49 53 55 57 58 55 54 55 56 57 57 58 57 57
 59 57 56 56 56 58 59 30]"
"[29 31 70 69 68 69 68 68 68 65 65 66 65 64 65 65 65 66 66 66 66 68 69 68
 70 66 68 71 68 65 67 68 66 69 73 74 73 72 73 73 77 75 74 75 77 79 82 84
 84 81 77 77 74 71 72 70 70 65 62 67 70 64 51 40 42 31 27 25 21 17 15 17
 18 17 17 17 14 14 15 16 18 16 15 15 13 13 14 15 14 11 11  9 10 13 11  9
 12  9  9 10 10  8  8 10 10  9  9 10 10  9  9 10 10 10 11 10 11  9 10 10
 10 11 11 10  9  8  8  9  9  9  9  9  9 10 10  8  8  8 10 11 13 13 12 11
 15 16 16 13 13 15 15 14 16 18 24 36 48 52 50 47 43 40 41 46 46 42 41 44
 48 46 48 51 52 51 50 51 50 49 49 52 55 55 54 53 54 55 57 58 58 56 56 57
 59 60 56 56 57 58 59 29]"
"[29 30 68 67 67 67 66 67 65 63 64 64 62 62 64 64 67 69 69 69 68 68 67 65
 67 65 66 68 67 65 65 66 66 65 67 69 68 66 66 70 71 71 72 72 72 72 73 75
 76 76 76 79 82 84 85 78 74 71 68 68 73 76 71 65 63 59 59 58 59 57 44 31
 32 32 32 28 19 15 16 18 16 16 16 17 17 16 16 16 14 12 13 12 12 13 11 12
 11 10 10 11 11 10 10 10  9  9  9  9  9  9 10 11 10 10 10  9 10 10 10 10
  9  9 10 10 10  9  9  8  9  9  9  8  9  9  9  8  8  9 10 11 13 13 12 11
 12 13 14 15 15 14 16 18 23 29 38 45 48 47 45 44 44 42 43 46 46 43 42 43
 46 45 46 48 50 51 53 54 54 51 50 52 54 55 55 56 56 55 56 58 58 57 57 57
 61 62 58 58 60 61 61 30]"
"[28 29 67 66 65 65 64 66 64 64 65 63 61 61 62 60 66 69 71 72 71 68 66 63
 62 63 62 64 66 66 65 65 65 64 63 63 63 63 64 67 64 65 67 67 66 66 66 68
 66 68 68 71 76 82 81 72 72 74 75 74 78 83 82 76 73 75 78 71 68 73 71 66
 65 58 52 51 49 46 38 29 25 25 21 18 18 15 14 15 16 14 16 16 15 14 12 15
 14 14 15 14 14 13 12 10 11 12 12 11 10 10 11 11 10 10 10  9 10 10 10 10
  9  9 10 11 11 10  9  8  9  9  9  8  8  9  9  9  9 10 11 12 13 13 12 11
 13 11 12 16 17 16 18 22 32 39 47 50 46 42 41 41 43 43 44 46 46 44 44 44
 46 45 45 46 49 52 55 57 55 54 52 53 53 54 55 56 57 54 54 56 58 58 58 57
 61 61 58 60 62 64 63 29]"
"[29 29 65 64 64 64 64 66 65 65 66 65 64 66 65 60 62 65 69 71 69 68 66 66
 61 63 62 61 66 68 65 64 63 65 63 58 59 64 66 64 61 61 61 62 64 65 66 68
 64 66 65 65 67 70 72 65 63 67 71 73 77 80 76 70 72 72 76 74 73 75 76 76
 72 68 67 67 65 63 60 56 53 56 54 52 51 42 31 29 20 18 19 17 17 17 15 16
 15 17 18 16 15 15 14 13 11 13 14 12 11 11 10  9 12 12 12 11 12 11 11 11
 10 11 12 12 11 10  9  9  8  9 10  9  9  9 10 10 11 12 12 13 13 13 13 13
 16 14 14 16 16 18 25 33 45 47 48 47 45 42 40 39 40 42 43 44 45 46 47 47
 48 47 47 46 48 51 54 54 54 54 55 56 55 54 54 54 55 53 52 54 57 57 57 58
 58 59 57 61 63 66 64 29]"
"[30 29 64 63 64 65 65 67 65 65 64 65 68 72 72 66 59 62 66 67 65 64 65 66
 64 66 64 62 67 68 65 63 63 65 62 58 58 62 63 61 62 59 57 59 63 65 65 65
 63 65 65 66 64 64 68 67 63 63 63 65 68 68 65 60 64 65 73 76 76 75 73 73
 73 74 75 72 65 63 67 71 68 71 69 67 67 59 49 48 44 42 38 30 28 29 24 20
 18 20 21 17 15 16 15 13 12 13 13 13 13 13 13 11 13 13 13 13 13 12 12 12
 12 13 13 12 10  8  9  9  8  9 10 10  9  9  9  9 11 11 12 13 13 13 13 13
 15 17 17 16 16 23 35 45 53 50 46 44 44 45 43 40 39 41 43 44 45 48 50 51
 49 49 48 47 48 50 50 50 53 55 57 57 56 55 54 53 54 53 53 54 55 56 57 58
 58 58 58 63 64 67 66 30]"
"[30 29 64 61 63 66 66 67 67 66 64 64 66 72 74 70 63 63 64 63 62 61 62 64
 64 65 65 65 68 69 67 65 66 64 62 62 60 58 58 60 61 57 55 57 60 62 60 57
 57 59 62 65 62 59 64 65 65 62 60 63 65 64 62 60 62 63 68 67 67 70 71 71
 71 71 72 71 66 65 67 68 73 73 68 65 65 64 62 65 66 65 60 50 47 51 46 40
 37 37 34 28 24 21 18 15 15 13 12 13 14 14 13 13 12 12 13 13 13 12 12 12
 12 13 14 12 10  8  9 10 10 11 11 10  9  9  8  7  9  9 10 11 12 13 13 13
 15 15 14 16 24 36 44 47 47 45 42 41 44 46 46 43 41 43 46 47 48 49 51 53
 51 50 50 50 50 50 50 49 53 54 55 55 54 54 54 53 55 54 55 56 57 56 57 58
 59 58 59 64 63 66 66 29]"
"[30 29 63 59 61 66 66 66 67 67 66 64 64 68 71 70 68 66 64 63 63 63 63 64
 62 62 65 67 68 69 68 66 67 65 64 65 62 58 58 61 59 57 55 56 58 58 57 56
 58 59 60 64 63 60 62 61 59 58 59 63 66 66 65 65 68 62 61 60 64 68 63 57
 53 56 62 63 59 58 62 65 66 66 66 66 67 66 66 67 63 64 64 59 59 66 66 65
 58 55 50 46 45 43 38 33 26 22 19 21 22 19 15 13 15 15 15 15 14 14 13 13
 13 13 13 13 12 11 11 11 12 12 12 10 10 10  9  9  9  9 10 11 13 14 14 14
 17 17 19 26 38 48 48 44 39 40 40 40 43 47 47 44 42 44 48 50 50 49 50 52
 53 51 51 53 53 52 52 53 53 53 53 53 54 55 55 55 56 56 57 59 60 60 60 61
 60 60 61 65 62 64 65 28]"
"[29 29 63 58 59 65 66 64 63 65 67 66 63 65 69 71 72 68 64 65 67 67 67 67
 63 62 66 69 67 67 66 62 63 65 66 65 62 61 62 63 59 58 57 58 58 58 59 61
 62 61 60 64 64 63 63 59 60 61 62 62 62 60 60 61 59 56 58 59 58 58 57 57
 58 56 57 56 53 53 57 60 56 55 57 59 58 60 62 63 61 64 66 62 62 67 70 73
 64 61 58 60 65 67 64 59 47 41 38 40 39 32 24 20 20 20 20 19 17 16 16 15
 13 13 13 14 15 15 13 12 14 13 12 12 12 11 11  9 10 10 10 12 14 16 16 16
 18 23 32 41 49 52 49 44 41 41 41 41 44 47 46 43 42 44 49 52 51 49 49 51
 53 51 51 53 54 53 54 56 54 54 54 54 55 58 58 56 57 57 58 62 64 64 63 64
 62 61 62 66 62 64 65 29]"
"[28 29 66 64 64 67 68 68 66 70 71 67 64 64 68 71 73 71 65 61 65 69 69 68
 64 62 61 63 66 66 64 61 61 65 67 66 65 66 65 62 61 60 60 59 56 57 62 65
 65 61 60 63 62 61 61 61 59 60 59 58 59 61 61 59 58 57 56 58 57 55 54 55
 54 55 55 53 52 52 54 55 53 54 54 54 57 58 58 58 59 59 60 60 60 61 64 67
 64 60 56 58 63 66 64 61 59 54 53 56 56 52 47 47 45 42 39 36 30 24 22 24
 18 16 14 15 16 16 14 13 13 13 14 14 12 12 12 12 14 13 11 11 13 14 17 20
 23 31 39 44 46 45 43 45 42 40 38 41 46 48 47 44 43 46 52 55 52 48 49 52
 50 49 50 50 53 56 54 54 54 53 53 54 57 60 59 57 58 58 60 63 66 66 66 65
 63 60 62 64 65 63 65 29]"
"[30 29 67 69 71 74 72 70 65 67 68 65 63 64 66 68 71 68 65 66 68 66 62 62
 66 61 58 60 64 66 64 61 63 67 70 68 66 66 64 63 67 65 64 62 59 60 63 64
 63 59 58 60 60 60 59 57 56 57 58 58 59 60 61 61 57 55 55 57 58 56 55 55
 54 53 51 50 51 52 52 52 53 52 50 51 55 56 57 59 59 59 57 55 54 57 58 58
 56 52 49 52 57 58 58 57 55 56 57 59 60 60 59 58 59 57 55 54 50 46 43 42
 34 30 27 27 26 23 19 16 18 16 15 15 15 16 16 13 14 15 15 13 14 15 18 23
 31 38 42 43 44 43 41 41 43 42 40 39 42 46 47 45 48 48 50 52 51 48 47 47
 45 45 48 49 52 54 52 51 52 54 55 55 55 56 58 58 57 57 58 61 64 65 65 65
 63 62 64 66 65 63 64 28]"
"[28 30 71 74 73 71 69 69 65 65 65 64 64 65 65 65 67 66 66 68 70 66 61 61
 64 62 62 64 67 68 65 62 65 68 70 69 66 63 62 62 66 64 63 62 60 61 64 64
 63 60 59 60 61 61 60 56 55 56 58 60 60 60 62 64 60 57 55 57 59 58 55 54
 53 51 50 51 51 51 51 52 57 53 50 50 53 52 52 55 58 59 58 53 50 52 53 52
 51 46 45 48 51 51 51 52 49 54 57 55 55 57 58 57 60 59 58 57 57 56 54 52
 46 42 39 40 40 35 30 27 26 27 26 21 16 16 17 15 16 17 16 16 18 21 24 29
 35 40 41 39 40 41 40 39 44 45 42 39 40 44 47 47 48 48 50 50 48 47 47 49
 46 46 49 50 51 52 50 49 52 55 57 57 56 56 57 58 58 58 59 60 62 63 64 65
 65 64 66 67 66 64 65 29]"
"[28 30 72 75 72 69 67 68 67 66 66 66 67 68 68 67 65 68 69 67 68 68 65 63
 63 64 66 68 69 69 67 65 65 66 67 67 65 62 61 62 66 64 64 63 61 63 66 66
 64 62 62 62 63 65 64 59 58 57 58 60 61 60 62 65 63 60 58 58 59 58 55 54
 51 50 52 54 54 52 52 55 58 53 50 52 53 50 48 51 55 57 58 53 49 48 50 51
 50 48 47 48 48 47 47 48 46 51 53 50 48 48 49 47 53 53 51 49 51 54 55 53
 52 48 48 50 51 48 45 43 39 42 42 35 26 23 23 21 24 23 19 19 24 29 31 33
 34 37 36 36 39 41 40 40 43 46 44 40 41 45 48 48 47 48 49 49 47 47 48 50
 50 51 53 51 50 51 50 52 53 55 58 59 59 59 58 57 61 60 61 61 61 62 64 65
 66 64 64 65 64 64 66 30]"
"[30 29 69 73 73 72 70 70 70 70 70 70 71 71 70 69 68 72 72 68 67 66 65 65
 67 66 65 64 66 68 68 66 66 65 65 65 64 64 63 63 66 65 65 64 60 60 63 64
 63 61 62 63 65 67 66 62 60 58 58 59 60 60 61 63 62 60 59 58 57 56 55 54
 52 51 53 56 57 55 54 55 55 51 49 52 54 50 48 52 53 53 53 53 51 48 48 50
 50 51 50 48 47 47 47 45 47 49 51 50 49 48 47 47 48 48 47 45 46 50 52 50
 50 49 49 51 51 48 46 47 47 49 49 46 41 39 36 32 36 33 28 26 30 33 34 35
 36 35 34 37 41 40 39 40 41 45 45 44 45 49 50 47 48 48 47 46 48 50 49 47
 48 51 55 53 50 50 50 54 54 56 58 58 58 59 59 59 62 62 62 62 61 61 63 65
 65 61 60 61 63 64 66 29]"
"[29 29 68 70 69 69 70 71 72 72 72 72 72 70 69 69 69 71 72 71 68 64 64 69
 70 67 63 63 68 70 67 62 66 66 65 65 66 66 66 64 64 64 65 63 59 59 61 63
 61 60 62 64 64 65 65 63 63 60 59 60 61 62 62 61 59 59 59 58 57 57 56 56
 57 54 53 56 59 59 56 53 55 52 49 50 52 49 49 54 55 51 50 53 55 52 49 48
 49 51 50 47 46 48 48 46 48 47 48 50 50 49 48 48 45 46 46 44 44 47 47 46
 45 45 46 46 45 43 43 43 42 43 46 45 42 40 40 38 38 39 36 33 34 36 37 38
 36 35 34 38 42 40 39 41 40 43 46 46 48 51 50 47 46 47 48 47 48 51 51 50
 48 51 57 55 51 50 49 52 55 59 61 59 56 56 60 64 62 63 64 64 62 62 63 65
 64 61 60 61 64 66 68 29]"
"[29 29 69 68 66 68 70 73 73 72 72 72 72 70 69 69 68 71 73 72 69 64 66 72
 71 69 67 67 71 73 69 63 69 70 70 68 69 70 69 67 66 66 67 67 64 64 65 65
 62 61 63 66 65 64 64 63 65 64 62 62 63 64 63 60 59 60 60 59 59 58 57 56
 59 57 55 55 57 58 57 55 57 54 51 51 52 50 50 55 57 54 53 55 56 55 52 50
 50 50 49 46 45 47 48 47 48 46 46 47 47 46 45 45 46 46 44 43 44 45 46 46
 45 46 46 45 45 45 44 43 35 36 38 38 33 31 34 36 37 40 39 38 39 40 39 39
 35 35 35 38 41 41 40 41 40 42 45 48 49 50 49 46 44 49 51 49 49 52 54 54
 51 54 59 57 54 53 51 53 56 60 62 59 56 56 59 63 61 63 66 66 63 61 62 64
 64 62 63 65 67 68 69 29]"
"[29 30 68 68 70 75 76 76 74 73 72 73 74 72 71 71 69 75 76 71 67 66 69 73
 73 73 71 69 71 73 73 71 72 75 75 73 73 74 73 70 67 66 68 68 66 65 65 64
 63 62 65 67 65 63 63 64 66 66 65 64 64 65 63 59 60 60 61 60 60 59 56 54
 57 58 57 54 53 54 57 59 56 55 53 53 54 52 53 57 54 55 56 56 54 53 53 52
 52 49 46 44 44 44 46 47 48 47 45 45 45 46 46 45 46 43 41 39 41 43 45 45
 44 45 45 44 44 45 43 40 38 33 32 33 31 30 32 33 38 40 40 40 43 43 39 35
 37 38 37 37 40 40 40 40 40 42 45 47 49 48 47 46 50 52 52 50 51 55 55 53
 52 54 58 56 55 56 55 57 56 58 60 59 58 58 57 57 60 63 66 66 63 60 59 61
 64 64 66 68 70 69 68 28]"
"[29 29 73 72 75 75 73 73 77 75 72 73 76 75 72 75 73 75 75 77 74 70 73 74
 76 75 73 70 71 74 73 71 74 76 76 74 72 71 72 72 71 70 69 67 66 65 65 66
 67 66 66 66 66 65 64 64 68 66 66 68 68 65 62 61 59 63 61 56 56 58 55 51
 55 55 56 55 53 54 55 55 57 55 53 53 53 53 53 54 53 53 53 54 54 52 51 51
 49 48 47 47 45 44 46 48 48 49 48 47 46 46 46 46 47 43 40 39 40 44 45 44
 40 41 42 43 43 43 42 41 36 33 31 31 32 32 34 36 37 38 38 38 40 41 37 31
 37 37 37 38 38 40 40 39 40 43 45 46 46 46 48 50 51 54 52 49 49 51 50 48
 53 57 59 57 57 58 58 57 56 58 61 61 59 56 54 55 57 60 65 67 64 60 60 61
 65 65 65 68 70 69 69 28]"
"[29 30 75 75 76 75 72 72 71 72 74 76 77 75 75 77 75 78 78 79 76 72 75 76
 75 77 76 74 72 74 75 74 75 76 77 75 73 73 72 72 69 68 68 69 68 68 69 70
 67 67 67 69 69 68 66 65 65 65 66 68 67 65 64 65 66 61 57 57 58 59 59 58
 55 54 55 55 53 55 56 55 54 53 53 52 52 51 52 54 54 54 54 55 55 54 53 53
 49 49 49 49 48 47 48 51 50 50 49 48 48 48 49 48 45 41 41 43 44 45 46 46
 39 40 40 40 40 39 39 38 38 35 33 32 32 31 33 35 37 36 35 35 37 39 37 34
 34 37 40 40 38 37 39 41 43 45 47 47 45 46 48 51 53 53 50 49 51 51 49 48
 54 57 59 59 58 58 57 56 58 59 60 61 59 58 58 59 59 61 63 65 63 61 62 64
 66 67 69 72 74 72 72 29]"
"[29 29 75 74 75 73 71 71 73 72 74 75 75 77 80 81 78 80 80 80 76 73 76 77
 75 76 76 74 73 75 76 76 74 77 79 77 75 73 72 72 72 72 73 75 75 74 74 75
 71 69 69 71 73 73 70 68 65 65 66 67 66 64 65 68 67 60 60 64 63 62 62 61
 60 58 58 58 57 58 59 58 54 53 52 51 50 49 49 51 52 52 52 53 52 52 52 52
 50 50 51 50 49 49 51 53 53 51 49 47 46 46 47 47 47 43 43 46 46 45 46 47
 42 42 42 41 40 40 40 40 39 37 35 34 33 32 33 35 37 36 35 34 36 38 37 36
 37 40 42 41 38 37 39 42 46 47 48 47 45 46 48 51 54 52 48 49 52 52 50 51
 58 59 60 60 58 57 56 56 61 61 61 62 62 62 63 64 64 64 65 65 65 65 66 68
 67 68 70 72 74 72 72 29]"
"[28 29 73 72 73 73 72 73 78 74 74 74 75 80 83 80 80 81 79 78 76 73 76 76
 77 76 73 71 73 77 78 76 75 79 82 80 76 72 72 73 72 73 75 76 76 75 75 75
 75 72 71 73 76 76 74 71 68 68 68 68 67 66 68 70 66 64 69 71 66 64 64 60
 61 59 59 58 56 57 59 58 57 55 52 50 48 47 46 47 50 51 52 52 51 51 51 50
 50 51 51 50 48 48 49 51 52 51 49 47 45 45 46 48 50 46 44 44 42 43 45 46
 43 42 40 40 40 40 40 39 39 38 36 35 34 34 35 37 37 39 40 39 37 37 37 37
 39 38 37 37 38 40 42 44 47 48 48 47 46 46 49 52 53 51 47 48 52 53 53 55
 61 60 59 58 56 55 55 56 61 61 62 64 66 65 65 65 66 66 65 65 65 65 66 66
 66 67 67 68 69 69 70 28]"
"[29 29 74 73 74 74 74 75 75 73 75 76 76 80 80 76 81 81 77 76 75 74 76 75
 79 77 72 70 72 76 78 76 76 78 79 80 78 75 74 73 71 72 74 76 77 76 75 75
 75 73 73 75 77 77 74 71 71 71 70 70 70 71 72 74 71 67 69 71 66 64 65 63
 61 61 61 59 56 57 60 60 61 57 53 50 49 48 47 47 51 53 54 54 54 54 53 52
 50 51 50 49 47 47 48 50 48 49 49 49 47 46 48 51 49 47 44 41 39 42 45 45
 44 42 40 40 42 42 41 40 40 38 37 35 34 34 36 38 37 40 43 41 38 37 38 40
 37 35 34 36 39 41 44 45 47 47 48 48 48 49 51 53 51 51 48 48 51 55 56 57
 60 59 58 57 55 54 55 57 60 60 62 64 66 66 65 65 66 66 66 66 66 65 64 63
 64 65 65 66 68 69 71 29]"
"[28 29 74 74 76 75 74 74 72 73 74 75 74 75 77 77 79 79 75 74 74 73 75 74
 77 77 75 71 71 74 76 77 76 74 73 76 79 78 74 71 74 74 76 77 76 75 75 75
 74 73 74 77 78 76 72 70 72 72 71 71 72 73 74 75 75 65 64 70 70 66 64 64
 63 64 66 65 62 62 65 66 63 59 55 53 52 52 52 53 53 56 57 57 56 56 56 55
 53 54 53 51 50 50 51 52 48 48 49 49 48 46 48 51 45 45 44 41 40 44 46 44
 46 44 43 44 45 46 43 41 41 40 39 37 35 36 37 39 37 39 41 40 38 38 41 44
 40 40 42 43 42 41 43 46 47 48 49 50 52 53 54 54 51 52 50 49 52 56 56 57
 58 59 59 59 57 57 58 60 61 60 60 62 64 65 65 65 65 66 67 66 65 65 64 62
 62 64 65 68 71 72 73 30]"
"[28 29 74 73 76 75 74 74 74 74 74 74 75 74 75 78 77 78 75 75 74 73 75 73
 75 76 75 74 74 76 77 76 75 72 72 75 78 78 75 73 76 75 75 75 74 73 73 74
 75 75 76 76 76 75 73 73 74 74 73 73 72 73 73 73 72 65 64 71 74 70 66 65
 64 65 67 67 65 66 67 67 65 62 59 57 56 56 58 60 57 60 61 59 58 58 58 56
 56 57 57 55 55 55 54 53 51 49 49 49 48 47 47 48 47 46 46 44 43 45 45 43
 45 44 44 45 46 44 41 39 40 41 40 38 37 37 37 38 36 38 39 40 40 41 44 48
 47 47 49 49 46 43 44 47 49 49 50 52 54 55 55 54 53 52 50 52 56 56 55 56
 58 61 62 60 59 60 62 63 62 61 60 62 64 65 66 67 65 66 66 64 63 63 63 63
 66 68 69 72 75 75 74 29]"
"[29 29 72 72 74 75 74 75 77 76 75 77 81 77 72 74 75 79 78 77 75 74 76 75
 74 74 75 76 80 82 80 75 74 75 76 78 78 77 77 79 77 77 77 77 77 77 78 79
 78 77 76 75 74 74 75 77 77 78 77 75 73 72 72 71 71 70 69 71 74 74 71 70
 66 67 70 70 69 69 69 67 67 66 64 61 59 59 61 63 62 64 65 62 60 60 59 58
 57 58 58 57 57 56 55 53 54 51 49 50 51 50 50 50 52 49 48 47 45 44 43 41
 45 46 47 48 46 44 40 38 38 39 39 38 36 36 36 36 36 37 39 41 43 45 47 49
 49 48 48 48 47 45 46 49 50 50 50 52 55 56 55 54 53 50 49 54 59 57 54 55
 59 62 62 59 57 59 63 64 62 61 62 64 65 67 67 68 70 72 71 68 65 66 67 68
 72 74 73 74 76 76 74 28]"
"[30 29 75 73 72 72 72 72 74 76 75 75 77 77 74 73 77 77 76 78 81 77 73 77
 82 82 81 79 81 82 79 75 75 77 80 80 78 77 78 80 82 81 81 81 80 79 81 84
 82 80 76 73 71 71 73 74 81 81 80 75 72 71 70 69 72 72 72 74 74 73 73 72
 70 69 69 71 72 72 71 70 72 69 66 64 61 61 64 65 65 65 64 62 60 59 57 56
 58 58 58 57 57 56 56 55 54 50 50 53 54 55 54 51 51 50 48 47 46 45 44 45
 46 47 47 47 46 45 42 40 39 41 40 37 36 37 38 37 38 34 35 42 47 47 47 49
 48 48 48 48 47 45 45 46 50 50 52 53 52 51 52 54 53 51 52 56 58 57 56 58
 61 61 57 55 56 58 60 63 59 60 60 61 64 67 69 72 72 72 70 66 64 67 69 70
 72 73 74 76 77 77 75 28]"
"[30 30 76 74 72 72 72 72 71 74 75 75 77 78 78 79 76 80 81 81 80 76 75 80
 80 79 77 76 78 79 76 73 76 78 80 79 77 75 76 79 80 80 81 81 81 80 80 81
 75 76 75 73 72 72 74 75 78 80 80 78 75 74 73 73 73 72 73 73 73 72 71 71
 70 70 71 72 71 69 69 70 70 67 66 66 65 65 66 66 66 65 63 61 59 58 56 55
 58 58 59 58 57 56 55 54 56 56 57 57 55 54 53 49 49 48 48 48 47 46 46 47
 48 49 49 48 46 45 45 44 41 41 40 38 39 41 41 40 38 36 38 44 47 46 45 47
 47 47 47 47 46 45 45 46 48 50 52 52 51 51 53 55 54 53 53 55 57 58 59 60
 63 62 57 54 58 62 61 60 62 64 63 63 65 66 68 70 69 70 70 68 68 69 71 72
 73 73 72 72 73 74 74 29]"
"[29 30 77 75 74 73 74 74 71 75 77 77 78 79 80 82 79 81 81 81 82 80 78 79
 82 81 79 79 80 81 79 76 78 79 81 80 77 76 78 80 80 81 81 80 80 80 80 80
 76 77 77 75 75 77 76 74 74 77 80 80 78 76 76 76 76 75 75 76 75 74 73 72
 71 68 68 71 71 67 65 67 64 63 66 70 71 72 71 68 68 66 64 61 60 59 57 57
 60 61 61 60 60 59 58 57 59 63 66 63 59 58 57 52 50 50 50 50 49 49 50 51
 50 52 51 49 47 47 48 48 47 46 43 41 42 44 42 39 37 37 40 45 47 45 45 48
 47 47 47 47 47 46 46 47 49 53 55 53 52 52 55 56 56 56 55 53 54 58 60 61
 64 64 59 56 60 65 64 61 65 67 66 65 65 65 65 67 69 70 73 74 73 72 73 74
 74 74 73 72 72 73 75 30]"
"[28 30 77 76 76 76 76 76 76 80 81 80 80 79 78 79 79 81 81 81 82 82 80 77
 82 81 81 80 80 80 79 79 81 81 81 80 79 79 81 83 82 83 81 79 78 80 81 81
 80 80 79 78 80 82 79 73 73 75 78 79 78 77 76 76 80 79 78 78 77 77 76 76
 73 67 65 69 73 69 65 64 59 60 65 71 74 75 74 71 70 68 65 64 62 61 61 60
 62 63 63 63 63 64 64 63 59 61 65 64 61 60 59 55 54 53 53 54 54 53 54 54
 53 53 53 50 48 48 49 50 51 50 47 44 45 46 44 40 40 40 42 46 46 44 46 50
 50 49 48 47 47 47 49 50 53 56 57 55 53 54 56 56 57 57 55 53 53 56 59 60
 63 64 61 60 62 64 64 65 66 68 67 65 65 64 64 66 72 72 75 77 76 74 73 75
 74 74 75 75 75 75 75 29]"
"[29 29 75 76 77 77 77 76 80 82 82 81 80 78 76 75 75 79 83 82 80 80 79 77
 79 79 80 80 79 78 79 82 83 81 80 80 81 81 82 83 82 84 83 80 78 80 82 83
 79 80 80 79 81 84 81 76 75 75 76 77 77 77 77 77 81 79 78 77 76 75 75 76
 75 69 67 72 76 74 70 69 63 63 67 71 73 74 74 73 72 69 67 66 65 63 62 63
 63 64 65 66 66 67 66 65 61 59 61 64 64 63 60 57 56 55 54 55 57 57 57 56
 54 54 52 51 50 50 50 49 49 49 48 47 48 49 48 45 44 44 46 48 47 45 46 50
 50 49 47 47 47 48 51 54 55 57 57 54 54 56 57 56 57 56 56 56 55 55 57 60
 62 61 60 61 63 61 61 65 66 68 67 65 65 64 65 68 71 71 73 74 74 72 72 73
 73 74 75 77 77 76 75 28]"
"[30 29 74 75 76 77 76 74 78 80 80 80 80 78 75 74 75 76 80 81 80 81 80 76
 77 78 80 81 79 77 79 83 84 82 80 80 81 81 81 80 81 83 84 83 81 81 82 82
 78 82 83 81 80 81 81 80 80 79 78 78 79 78 79 79 81 79 77 75 74 73 73 74
 75 72 72 76 78 76 75 76 73 70 70 71 70 71 73 74 72 70 69 68 66 63 62 63
 63 65 68 69 69 68 66 64 64 61 61 65 66 65 62 59 56 55 54 56 58 58 58 57
 57 56 54 53 53 53 52 51 49 50 49 48 49 51 50 48 44 45 48 51 51 49 48 50
 49 48 47 46 46 48 52 56 55 56 55 54 54 56 57 56 58 58 59 59 58 57 59 62
 64 60 58 61 63 60 60 64 66 67 66 64 65 64 65 68 68 68 69 71 71 71 71 72
 74 74 75 76 77 77 76 29]"
"[29 29 74 74 76 77 76 75 77 79 79 79 79 78 75 74 77 75 76 80 81 83 81 75
 77 77 78 80 78 75 77 80 82 81 81 81 81 81 80 80 80 81 83 84 83 82 81 81
 81 83 84 83 81 80 80 81 83 81 80 80 79 78 78 79 81 79 77 76 75 74 73 73
 76 74 74 76 77 77 77 78 77 73 71 72 71 72 74 73 72 71 71 71 69 65 63 64
 66 68 69 69 68 67 66 64 64 62 63 65 65 65 62 58 58 57 57 58 58 57 56 57
 58 57 56 55 55 56 55 54 52 52 50 48 49 51 50 47 44 44 46 49 51 49 48 48
 48 48 48 48 47 48 52 55 56 56 56 55 55 55 56 58 59 61 62 61 59 59 62 64
 65 63 61 62 63 60 61 66 66 67 66 64 65 64 64 66 67 68 68 69 71 73 72 71
 74 74 74 76 78 78 77 29]"
"[29 29 75 75 76 77 77 77 77 79 80 79 79 77 75 75 77 75 78 81 80 81 82 79
 82 80 81 82 81 77 77 80 79 79 80 81 81 80 80 81 81 80 81 84 84 82 81 81
 83 82 81 82 83 83 82 81 82 81 80 80 77 75 75 77 81 80 78 78 77 76 75 75
 77 74 73 75 77 78 77 76 74 71 71 73 75 76 75 73 73 72 73 74 71 67 65 67
 69 69 68 66 65 66 66 66 64 66 68 67 66 67 66 62 61 61 61 60 58 55 55 56
 57 57 56 55 56 56 56 56 54 53 50 48 49 51 50 47 47 45 45 47 48 46 45 44
 48 49 51 51 49 49 51 54 59 58 58 58 56 55 57 60 60 64 65 61 58 61 64 64
 63 65 64 63 61 59 63 70 67 68 67 66 66 65 64 65 68 69 69 70 72 74 73 70
 73 73 74 76 78 78 76 28]"
"[30 28 79 80 79 78 76 76 76 79 80 78 76 75 75 74 76 76 78 81 80 77 77 79
 82 82 81 79 79 79 80 79 75 78 80 80 78 78 79 79 80 80 80 81 82 82 81 80
 82 80 80 83 84 83 82 83 80 78 74 73 74 73 75 79 80 81 79 79 78 76 77 76
 78 76 76 79 81 80 77 74 76 73 72 73 75 75 74 73 73 74 75 74 72 71 69 68
 70 70 68 64 63 66 67 66 67 65 64 66 71 73 69 64 66 65 63 60 59 59 57 54
 56 55 55 56 55 54 55 58 56 54 50 48 49 50 49 47 46 47 46 45 47 47 45 45
 48 50 53 53 50 50 52 55 58 61 60 58 58 57 56 60 64 66 63 59 62 65 65 65
 65 64 64 64 63 62 66 71 71 68 69 69 66 65 68 67 73 72 71 72 75 77 76 74
 74 72 73 76 77 77 77 30]"
"[29 28 79 80 81 82 80 79 77 80 81 80 79 79 79 77 79 78 78 80 79 76 75 77
 80 83 84 81 79 79 79 78 78 79 80 79 79 80 81 81 79 79 79 80 81 81 80 80
 80 80 80 82 82 82 84 85 83 80 77 79 81 80 80 82 81 82 79 79 76 75 77 78
 78 78 79 80 80 79 79 78 75 75 76 77 77 75 73 72 74 75 74 74 74 73 72 70
 70 71 70 68 67 70 71 69 65 65 64 64 66 68 69 70 67 66 64 62 61 59 56 53
 56 56 55 55 54 54 55 57 57 54 50 50 49 47 45 44 48 48 46 45 47 46 45 46
 50 53 55 54 51 52 55 58 58 59 59 59 60 59 59 60 64 63 61 61 63 65 65 66
 64 64 64 65 64 64 67 72 70 69 71 72 70 71 72 70 73 73 73 74 75 76 76 75
 76 74 75 77 77 77 76 28]"
"[29 29 80 81 81 83 80 78 78 79 80 79 79 81 81 79 78 77 78 80 80 78 77 79
 79 84 86 83 80 80 80 80 80 80 79 79 80 81 82 81 80 80 80 80 80 80 80 80
 79 80 80 80 80 82 84 85 83 81 81 84 85 83 82 83 82 83 80 79 76 74 78 80
 78 80 81 80 80 80 79 77 74 75 78 79 78 76 75 75 76 76 74 74 75 75 73 71
 71 72 72 71 71 72 72 71 65 65 65 65 65 66 68 69 68 67 65 62 61 59 56 53
 58 58 57 56 56 57 59 59 58 54 52 52 51 48 45 44 51 48 46 46 47 46 45 48
 53 57 58 55 52 53 56 59 58 57 58 59 59 61 62 61 62 62 61 62 65 65 64 66
 64 64 65 65 65 64 66 69 70 71 73 73 72 73 73 69 71 72 74 75 75 75 75 77
 79 77 78 80 79 79 77 28]"
"[29 30 81 81 80 81 79 77 79 79 78 76 77 80 81 80 77 77 78 81 82 81 80 81
 81 83 84 83 81 80 81 83 82 81 80 80 80 82 82 82 83 82 81 81 80 80 80 80
 80 82 82 81 81 83 84 83 81 80 82 85 83 80 80 82 83 84 83 82 78 76 80 83
 83 82 78 76 77 79 78 75 75 76 78 79 79 78 78 79 78 77 75 74 74 74 73 72
 72 73 73 71 70 71 71 70 69 66 64 64 67 68 68 67 69 67 64 61 60 59 57 55
 59 59 59 58 59 61 62 61 57 56 54 54 54 52 51 50 52 49 47 48 50 48 47 50
 52 56 57 54 52 55 58 59 59 56 57 57 56 59 63 62 61 62 63 64 65 65 64 66
 64 64 65 65 64 64 66 68 69 71 72 72 72 73 73 69 70 71 74 76 75 75 76 79
 79 78 79 81 81 80 79 30]"
"[28 29 82 82 80 80 79 79 80 80 78 76 78 81 82 80 79 79 81 83 83 82 81 80
 82 81 81 83 82 78 79 82 82 82 82 81 81 81 82 82 83 82 82 81 80 79 79 80
 82 83 84 83 84 87 85 82 82 79 81 83 81 79 80 79 83 85 86 87 83 80 83 86
 89 86 79 74 74 78 79 78 78 78 80 81 81 79 78 78 77 77 76 74 73 74 74 73
 73 74 73 70 69 69 70 70 72 67 63 63 66 69 70 70 68 66 64 62 62 60 58 56
 58 59 59 58 59 61 61 60 58 58 57 55 55 57 57 55 54 51 50 51 53 50 49 51
 50 53 54 52 53 58 60 60 59 57 57 57 55 58 62 63 59 64 66 65 65 66 66 67
 65 65 65 65 65 65 67 69 68 70 70 69 71 74 74 72 72 72 73 75 76 76 77 79
 77 76 77 79 79 80 79 30]"
"[29 29 82 82 79 78 77 78 79 80 80 79 80 82 82 80 81 81 83 84 84 83 82 82
 83 81 82 84 83 79 78 80 81 82 83 81 80 80 81 81 82 82 82 81 80 80 80 80
 81 82 82 83 85 87 86 82 85 80 80 81 81 82 82 78 81 84 85 88 85 81 83 85
 89 88 85 81 78 79 80 80 80 80 81 82 81 78 75 73 74 75 74 73 73 73 74 74
 74 74 74 72 70 71 71 72 72 70 68 68 67 66 67 68 66 65 64 65 64 62 59 57
 59 59 59 58 58 59 59 58 59 61 59 55 55 57 57 54 53 52 51 53 54 52 49 51
 51 53 54 53 54 58 60 60 58 59 60 60 58 58 61 63 59 65 66 65 66 67 67 68
 69 68 67 66 66 66 68 68 70 71 69 67 69 71 72 73 72 73 73 74 75 76 77 77
 76 75 77 78 78 80 79 30]"
"[30 29 81 82 79 77 76 78 79 81 81 79 79 81 82 80 81 82 82 82 81 81 82 83
 83 83 84 84 82 80 79 80 81 82 82 81 80 81 81 81 83 83 82 82 81 80 81 81
 81 80 79 79 81 83 84 83 86 82 83 83 81 84 86 79 79 82 83 87 85 80 82 84
 85 86 87 86 84 81 80 79 81 81 82 83 81 78 75 74 76 76 75 74 74 74 74 74
 74 75 75 74 73 73 73 73 72 72 72 73 71 67 65 65 66 65 64 66 66 64 62 60
 62 61 59 59 59 58 58 59 59 60 59 55 53 54 54 52 51 52 52 53 55 54 51 51
 55 55 55 54 54 56 58 60 59 61 61 60 60 60 61 64 62 64 65 65 67 68 68 68
 72 71 69 68 67 68 68 68 71 72 69 67 68 68 68 72 72 74 75 74 74 77 78 76
 76 76 78 79 79 81 79 30]"
"[30 27 79 83 81 79 79 82 82 83 81 78 77 79 81 81 82 82 80 78 77 77 79 80
 83 85 85 81 79 80 81 81 83 83 83 82 82 83 83 83 83 83 83 82 81 80 80 80
 81 80 78 76 77 80 83 85 85 86 89 87 81 84 88 83 80 81 82 86 85 80 82 83
 86 84 82 83 83 82 80 80 81 82 83 83 82 80 80 80 81 80 78 76 76 76 75 73
 73 74 76 76 75 74 73 73 73 71 71 72 72 70 68 69 67 64 63 64 66 65 65 65
 64 61 60 60 59 58 59 61 59 58 57 55 53 52 51 51 50 52 53 54 57 57 55 54
 54 55 55 55 54 55 59 63 61 63 61 59 60 60 61 65 65 64 63 65 68 68 67 68
 69 69 69 68 69 70 71 71 70 71 69 68 70 69 69 73 72 76 77 75 76 79 80 77
 76 76 78 80 80 81 80 29]"
"[29 28 79 80 80 81 81 83 84 82 81 81 80 79 81 86 88 83 81 82 81 79 81 82
 83 83 80 79 80 80 81 83 83 83 83 83 83 84 85 85 86 84 83 81 81 81 82 83
 81 81 79 78 79 80 82 86 86 88 90 89 83 83 87 82 80 82 86 88 87 83 82 83
 83 81 82 82 81 82 82 81 82 83 82 80 78 79 80 81 81 81 77 75 79 78 75 75
 74 74 77 80 76 74 75 77 74 72 70 71 72 72 71 70 70 67 65 66 68 69 68 66
 68 64 63 62 59 60 62 61 60 61 61 59 57 57 55 53 52 53 54 55 56 56 55 53
 56 56 55 55 56 58 62 64 64 65 62 59 59 60 62 65 67 64 64 68 69 67 65 66
 66 65 65 66 67 68 71 74 74 71 69 69 72 74 74 74 74 75 77 79 80 79 79 79
 78 78 77 80 82 82 81 28]"
"[30 29 80 81 81 82 81 82 81 81 82 82 82 81 84 87 89 86 85 86 85 84 85 85
 82 82 79 76 77 79 80 83 83 84 85 86 86 86 86 86 87 86 86 84 82 82 82 82
 83 85 84 81 82 83 85 86 89 87 88 90 85 84 87 82 81 86 89 89 87 87 86 85
 82 81 82 83 82 82 83 81 81 82 82 81 80 80 81 81 84 83 78 76 78 77 74 75
 74 75 77 77 75 75 77 76 76 76 74 72 71 72 70 68 72 70 68 68 69 68 67 67
 70 68 66 64 61 62 64 64 61 61 61 60 60 59 55 51 51 51 52 54 56 56 54 52
 55 56 57 59 61 62 63 64 66 66 64 62 61 62 62 62 65 64 66 68 68 66 65 66
 70 67 65 66 69 71 72 73 76 74 73 73 75 75 75 76 78 77 78 79 78 79 80 81
 78 79 79 82 82 82 81 30]"
"[30 29 80 82 81 82 81 81 81 83 83 83 82 82 84 84 87 85 86 87 86 86 87 86
 84 84 81 77 78 80 82 83 82 84 87 88 88 87 86 85 87 87 87 85 83 82 82 83
 83 86 85 82 84 88 89 89 88 84 83 88 86 84 85 81 84 87 89 89 88 87 86 85
 82 82 84 84 82 83 83 81 82 83 84 84 83 82 82 81 83 81 77 77 78 77 75 78
 79 80 82 80 78 80 81 79 78 79 78 73 71 71 70 67 73 72 71 71 70 69 68 68
 71 72 69 64 63 64 64 65 63 61 59 59 62 61 57 52 52 52 53 55 57 58 56 54
 58 58 60 62 63 63 63 63 64 62 63 63 62 63 65 62 62 64 67 68 68 67 67 68
 71 68 67 68 71 73 73 73 76 76 76 76 76 76 76 77 80 77 79 80 78 79 82 81
 80 80 79 83 82 81 81 30]"
"[29 28 79 81 81 82 82 82 82 83 83 81 80 82 83 83 83 84 86 86 85 86 86 83
 82 85 83 78 79 81 81 81 82 85 88 89 89 87 86 85 85 86 86 83 81 82 84 85
 85 87 85 83 85 89 89 89 87 85 84 88 89 87 88 85 88 84 85 89 89 85 82 84
 84 84 86 86 84 85 85 83 84 86 86 87 86 84 83 81 83 81 79 80 80 78 78 79
 81 81 82 81 78 79 81 79 79 80 79 76 73 72 71 70 71 71 71 72 71 70 70 70
 70 72 68 63 64 65 64 65 64 60 56 57 60 62 60 56 54 55 56 57 58 59 59 58
 62 61 62 62 62 61 61 62 62 59 61 63 60 64 67 64 63 65 67 67 68 70 70 69
 68 69 70 71 71 72 73 74 73 75 76 77 76 76 78 80 78 76 80 82 79 80 82 80
 81 80 79 83 83 81 80 29]"
"[30 29 80 81 81 83 83 84 82 84 83 80 80 84 86 85 81 83 85 85 84 85 85 82
 84 87 85 81 81 83 83 83 84 87 89 89 88 87 86 85 84 86 86 84 83 84 86 87
 88 88 86 85 88 87 85 85 84 85 84 87 89 89 90 87 89 84 83 88 90 86 83 84
 84 86 88 89 88 89 90 88 85 86 87 88 88 87 85 84 87 85 85 85 84 81 80 80
 81 80 81 82 79 78 80 81 81 80 80 79 76 73 72 73 71 71 71 72 72 71 71 71
 68 69 65 62 66 67 65 65 65 61 57 57 60 62 61 58 55 57 58 57 56 57 58 59
 63 62 62 62 60 59 60 63 65 62 64 64 60 63 68 67 66 66 66 66 68 71 71 68
 68 70 72 72 72 72 73 73 73 74 77 77 76 76 79 82 77 76 78 81 79 80 81 81
 82 81 79 83 84 83 81 29]"
"[30 29 80 82 81 82 82 83 85 86 84 81 81 84 86 85 80 82 84 83 81 82 83 81
 86 88 86 82 82 84 85 86 86 87 88 87 85 85 85 85 84 87 88 88 87 88 88 86
 86 87 87 88 90 87 84 83 82 85 84 86 87 88 90 88 87 86 85 86 88 89 87 84
 85 86 89 90 90 93 94 91 85 85 85 87 89 88 87 87 87 86 87 88 86 85 85 82
 82 80 82 85 83 81 83 85 83 81 81 82 79 74 73 75 74 73 73 73 72 71 70 70
 67 65 63 63 66 67 66 65 65 62 59 60 62 62 60 58 57 59 60 58 56 55 56 58
 60 60 62 64 63 61 62 65 66 65 66 66 63 66 70 70 69 68 66 66 68 71 70 67
 72 72 72 73 74 75 73 70 73 75 77 77 76 76 78 81 78 78 77 77 79 79 80 82
 83 82 81 84 86 86 84 30]"
"[29 29 81 82 80 81 81 82 87 86 84 82 82 83 83 82 81 81 83 82 79 80 82 81
 85 86 84 82 82 82 82 84 86 87 86 84 83 83 85 86 86 88 89 89 89 90 88 84
 83 87 88 88 88 86 85 86 87 88 86 88 90 88 90 91 89 89 88 86 86 88 89 87
 88 90 91 91 91 94 95 92 88 87 86 88 89 88 88 88 86 86 87 87 86 89 90 86
 82 80 82 84 84 85 86 86 83 83 83 83 81 77 75 74 75 75 75 74 72 70 70 71
 69 65 65 67 68 67 66 64 64 61 59 61 64 63 60 58 59 61 62 60 58 56 57 58
 59 59 61 65 66 64 64 66 65 66 68 68 69 70 71 71 69 69 68 68 68 69 69 69
 73 74 74 74 75 75 73 71 74 75 76 76 75 74 76 79 81 81 77 75 79 79 78 82
 83 84 84 86 87 88 85 30]"
"[29 29 82 83 81 81 81 82 83 83 82 82 82 82 82 81 83 82 83 83 80 80 83 84
 87 88 88 87 86 83 82 83 86 87 86 84 83 83 86 87 87 88 88 87 88 89 88 84
 83 89 90 85 83 84 86 88 90 88 85 89 91 87 87 90 93 91 90 89 87 86 88 91
 94 95 95 94 93 95 95 91 93 90 88 88 89 88 87 87 89 88 88 87 85 90 92 87
 84 83 84 84 86 89 90 86 83 84 84 83 82 80 76 74 73 75 76 74 71 69 71 73
 74 68 68 71 69 67 66 64 62 58 57 60 64 64 62 60 60 62 63 62 60 59 58 58
 60 59 60 65 67 66 65 66 66 69 70 71 73 73 71 70 68 69 70 70 69 69 70 72
 72 74 76 74 73 73 73 73 75 76 77 77 75 74 75 77 82 84 78 75 81 79 76 81
 83 86 86 87 87 88 85 29]"
"[29 29 83 84 83 85 82 82 80 82 83 80 79 81 82 81 82 84 85 83 84 86 87 86
 87 88 90 88 86 85 84 84 83 87 88 85 83 84 87 88 88 87 86 87 88 87 86 85
 87 89 89 86 83 81 82 86 87 86 85 86 88 89 89 88 94 94 93 91 87 84 87 92
 94 95 97 97 96 96 94 93 94 94 94 93 91 88 90 93 95 91 87 86 87 90 90 89
 88 87 87 88 91 90 88 88 87 84 83 86 87 83 78 76 72 74 75 74 73 73 74 75
 75 75 74 72 71 70 68 65 66 60 58 62 66 65 63 63 63 60 61 61 61 62 62 59
 56 57 61 64 66 65 65 66 67 65 66 69 69 66 67 70 68 70 72 74 72 69 69 72
 73 74 74 74 74 75 75 75 77 78 78 77 76 76 76 77 83 82 78 79 82 81 79 82
 83 82 88 86 87 88 78 32]"
"[29 28 82 82 83 87 83 82 83 84 83 81 80 81 81 80 80 83 85 86 88 90 90 88
 84 86 87 88 88 88 86 84 85 87 88 86 84 84 86 89 88 86 85 85 86 86 85 85
 85 88 88 87 86 84 84 87 88 87 86 86 86 87 88 88 90 91 91 91 89 88 89 91
 93 94 96 96 96 96 95 94 95 95 95 94 92 90 91 93 93 94 93 90 89 90 91 92
 93 92 90 90 90 89 87 89 88 88 88 89 86 82 81 83 83 81 79 78 77 75 75 74
 77 76 75 74 74 72 69 65 67 63 63 67 69 67 66 67 65 64 64 63 61 61 62 61
 55 58 63 65 64 62 63 65 66 65 65 66 68 69 69 69 71 72 74 74 72 69 70 73
 73 74 74 74 73 74 75 76 77 77 77 76 75 75 76 77 79 82 83 83 83 82 81 83
 88 83 87 85 82 79 91 28]"
"[ 29  29  81  81  83  88  84  81  82  82  82  83  83  83  84  84  80  82
  85  87  88  90  89  87  85  84  84  86  88  89  87  85  86  86  87  89
  87  85  86  90  88  86  85  84  85  85  84  83  83  85  87  87  87  85
  85  87  88  88  87  86  84  85  87  89  90  91  91  91  91  92  92  91
  92  93  95  95  94  94  94  95  96  96  96  95  94  93  93  94  93  96
  97  94  92  93  94  94  95  95  94  93  92  89  87  89  90  90  90  88
  84  80  80  82  86  84  81  79  77  74  74  75  78  77  76  75  75  74
  70  67  65  65  66  69  69  66  65  67  66  65  65  64  60  61  64  65
  59  61  64  65  64  62  63  65  69  68  66  65  67  70  70  67  72  74
  75  73  70  70  72  74  73  74  74  74  73  74  76  78  76  77  77  76
  75  74  76  77  83  81  82  83  81  81  84  85  84  87  86  75  78  96
 131  27]"
"[ 29  29  83  82  83  87  83  79  80  80  81  83  83  83  84  86  82  83
  84  85  86  87  88  87  88  86  84  83  85  87  88  87  86  86  88  90
  89  87  87  89  88  87  86  86  86  86  84  81  83  85  86  87  88  86
  85  87  88  88  87  86  85  86  88  90  93  93  93  92  92  94  93  91
  92  92  93  92  91  91  93  95  97  96  95  95  94  94  94  95  96  97
  96  95  95  97  96  93  92  94  96  96  95  91  88  90  92  91  91  90
  87  84  82  82  85  87  87  82  77  75  77  79  79  78  76  76  76  75
  72  70  65  65  67  68  67  64  64  66  66  66  66  63  58  58  63  65
  65  64  63  63  65  65  65  65  73  72  69  67  68  70  69  65  69  73
  75  73  71  72  74  75  73  73  73  74  74  76  78  80  76  78  78  78
  76  76  77  79  81  78  82  86  84  83  84  84  87  85  82  87 116 151
 176  29]"
"[ 29  29  83  82  81  85  82  81  82  82  83  82  80  79  81  83  83  84
  85  85  86  87  88  88  89  88  85  83  84  86  88  89  87  87  87  87
  87  87  88  88  89  88  87  85  86  86  85  83  86  87  88  88  89  88
  87  89  88  88  87  87  88  89  91  92  93  94  94  93  93  94  94  93
  92  92  92  92  91  90  93  95  97  96  95  94  94  95  95  95  97  97
  96  95  97  99  97  93  92  95  97  98  96  91  88  89  90  90  92  92
  91  87  84  83  85  89  89  83  78  79  80  80  79  78  77  76  75  74
  74  74  68  67  67  68  67  65  66  68  67  67  67  63  57  56  60  63
  66  64  61  61  64  66  68  67  73  71  69  70  69  68  67  66  68  72
  75  74  73  74  76  75  75  73  73  74  76  77  78  80  76  78  79  79
  79  78  79  80  79  79  82  82  81  84  86  82  77  79  94 127 158 172
 175  28]"
"[ 29  29  82  81  80  83  82  84  84  84  84  83  80  80  81  84  85  86
  87  88  87  86  85  85  87  87  87  85  85  87  89  90  89  88  86  84
  83  85  87  88  89  88  86  84  84  86  87  86  88  89  88  89  90  89
  89  91  89  88  88  88  90  91  92  93  91  94  95  96  95  95  95  95
  93  92  92  93  92  92  94  96  96  96  95  94  94  95  96  95  96  96
  97  97  97  97  96  95  96  97  98  97  95  91  88  89  89  92  94  95
  92  87  84  84  84  86  85  81  81  84  83  80  80  79  77  76  75  73
  74  75  70  69  68  68  67  66  68  70  67  67  68  65  60  59  63  65
  64  64  63  62  63  66  69  71  68  66  66  70  70  67  67  69  69  73
  76  76  76  77  77  76  76  75  74  76  77  77  77  78  76  78  79  80
  80  80  81  81  79  81  81  77  79  85  85  78  85 113 145 168 175 172
 168  31]"
"[ 30  28  82  82  80  81  80  84  83  84  84  82  82  84  86  87  87  88
  89  89  87  85  84  84  86  87  88  87  86  87  88  89  90  87  85  84
  85  85  87  89  88  88  87  84  84  87  88  88  88  89  89  89  89  89
  89  91  89  89  88  89  90  92  93  93  92  93  95  96  95  94  95  96
  93  93  94  95  95  93  94  96  95  96  96  96  96  97  97  95  96  96
  98  99  99  97  96  97  98  98  98  97  97  93  91  92  95  95  96  96
  95  92  89  87  85  84  84  85  86  87  86  85  82  80  78  77  76  74
  74  75  72  71  70  69  67  66  68  69  68  68  69  67  64  63  66  67
  64  65  65  64  65  68  69  69  67  65  66  70  71  68  68  70  71  74
  76  77  78  79  79  78  78  77  78  79  79  77  77  79  78  79  80  80
  81  81  81  81  78  80  82  84  86  87  89  93 127 155 174 175 174 175
 171  27]"
"[ 30  28  82  84  82  81  78  81  82  83  82  80  82  86  88  88  87  88
  89  89  88  86  86  88  88  89  89  87  86  86  88  88  89  85  84  88
  89  87  87  90  87  89  89  87  87  88  88  87  89  90  89  89  89  88
  88  90  90  89  89  89  90  91  92  94  95  93  93  93  93  92  93  96
  93  93  95  97  97  94  93  94  95  97  97  97  97  98  97  96  98  96
  97 100 101  99  97  97  96  97  97  98  99  97  94  95  95  93  91  92
  95  96  92  89  86  84  85  87  87  84  83  85  86  83  80  80  79  77
  76  76  74  74  73  71  69  67  68  69  72  71  71  70  66  65  65  65
  67  66  64  65  68  70  68  64  70  68  68  70  72  70  69  69  72  74
  75  77  79  80  80  80  79  79  81  82  81  78  79  81  80  80  80  81
  81  82  82  82  83  83  84  87  84  82 103 135 164 172 174 170 171 169
 171  30]"
"[ 31  28  83  82  82  82  81  79  80  85  87  86  87  89  88  85  89  88
  88  88  88  87  88  89  91  88  89  90  88  89  89  85  87  84  86  89
  89  91  93  93  89  88  88  89  88  88  90  90  90  90  90  89  87  87
  88  90  89  90  89  89  91  93  94  97  95  95  94  93  92  94  95  95
  95  95  95  95  97  96  93  92  93  97  96  98  95  98  96  95  96  97
  98  99  99  98  97  97  96  95  94  96  99 100  98  96  92  90  90  92
  94  95  94  92  90  88  88  90  88  85  85  88  88  85  82  83  84  80
  76  77  77  76  77  77  74  69  68  70  70  73  74  70  66  65  67  67
  66  66  65  64  65  67  68  68  71  73  73  74  75  73  71  72  75  76
  79  81  81  79  78  78  82  81  81  81  80  80  80  81  83  76  81  83
  82  84  81  79  82  89  86  81  82 101 142 171 171 169 170 172 172 170
 172  28]"
"[ 28  27  85  83  83  84  85  85  81  83  85  86  88  89  89  87  88  87
  88  88  88  87  88  90  89  88  89  89  86  88  89  87  83  84  91  93
  90  89  94  97  93  91  91  91  89  90  92  92  93  93  92  90  89  88
  89  91  89  89  89  89  89  91  93  95  95  94  94  94  94  95  95  94
  96  97  95  95  96  95  93  93  93  93  94  95  96  96  96  94  95  96
  97  98  97  97  97  97  97  95  95  97 100 102  99  97  94  93  93  95
  97  96  95  95  94  92  91  93  92  90  89  90  89  87  85  86  86  82
  80  81  77  77  78  77  73  69  67  68  71  73  73  70  68  69  71  71
  67  65  65  67  69  69  68  67  72  73  73  74  75  73  71  73  76  77
  79  80  80  79  77  76  78  78  79  81  82  81  80  80  80  86  81  82
  86  81  82  86  88  86  83  96 131 161 172 176 171 170 171 172 172 171
 173  29]"
"[ 28  30  87  84  82  84  85  85  83  82  82  86  88  89  88  88  89  89
  89  89  88  86  86  87  85  87  89  87  84  86  89  88  83  83  88  92
  92  92  93  93  94  91  91  91  90  91  93  93  95  93  91  89  88  87
  87  87  89  88  90  91  88  89  94  95  95  93  92  94  95  94  93  92
  94  95  94  94  95  95  93  94  92  90  92  92  98  95  96  94  96  97
  98  98  98  98  98  98  97  96  95  97 100 101  99  96  94  95  97  98
  98  97  97  97  97  95  95  95  95  94  92  92  89  88  88  88  86  82
  81  82  80  81  81  80  76  73  70  69  71  71  70  69  69  71  72  72
  67  65  66  70  73  71  68  67  72  73  73  75  76  74  72  73  76  77
  77  77  78  77  76  75  76  75  76  79  82  83  82  80  79  83  83  89
  89  82  84  85  86  81 109 145 166 174 170 169 172 170 171 172 173 172
 174  29]"
"[ 29  30  87  83  81  83  84  83  84  84  84  86  89  89  88  87  90  90
  90  89  88  86  84  83  82  85  87  85  84  86  89  89  86  83  84  90
  94  94  90  86  91  89  89  90  90  92  94  94  95  92  89  87  88  87
  86  84  88  87  92  93  87  88  94  95  95  93  92  95  96  94  93  93
  92  93  93  93  95  94  93  94  93  90  91  93  98  97  97  95  98  99
 100 101 100 100 100 100  98  97  97  98  98  98  97  96  96  97  99 101
 100  99  98  98  99  98  97  96  96  96  95  92  90  89  90  90  86  82
  80  80  80  82  82  80  78  75  72  70  72  70  67  66  68  71  71  71
  67  66  68  73  75  73  69  67  70  72  73  76  77  75  72  73  74  76
  76  75  75  76  76  76  77  76  76  79  82  83  83  82  80  82  88  84
  84  89  83  80  83 110 155 177 172 170 173 173 172 171 171 172 173 172
 174  28]"
"[ 28  28  85  82  83  86  87  84  85  87  88  88  89  91  90  86  88  87
  87  88  88  87  84  81  83  86  87  85  86  88  89  89  87  87  88  90
  92  91  89  89  88  87  88  90  90  92  94  94  94  91  89  89  91  92
  91  89  88  88  94  95  88  87  92  94  94  92  93  95  96  95  95  96
  94  95  93  92  93  93  94  95  95  93  92  97  98 100  98  98  99 100
 101 102 102 101 100 100 100 101 101 100  99 100 100 101  99 100 101 103
 103 102 101 100 102 101  99  97  97  98  97  94  93  91  92  92  88  85
  83  80  81  83  84  83  80  78  76  74  74  71  68  67  70  72  72  71
  68  71  73  74  74  73  71  68  70  72  73  75  77  75  73  74  74  76
  77  75  74  75  78  80  80  79  80  82  83  83  83  82  83  86  89  89
  92  86  84 105 134 167 178 173 172 173 173 172 173 172 172 173 174 173
 175  29]"
"[ 29  29  86  84  85  88  89  87  85  87  88  86  88  91  90  86  84  84
  84  86  89  90  87  84  86  87  87  86  87  88  87  88  88  89  89  90
  91  90  89  93  90  89  91  92  91  92  94  95  91  89  88  89  93  96
  96  95  91  90  94  95  90  88  90  92  92  91  91  93  95  96  97  99
  99  98  94  91  91  92  93  95  97  97  95  99  98 101  98  99 100 101
 102 102 102 101 101 101 102 103 103 102 102 102 104 105 103 102 103 104
 105 104 103 102 103 102 100  99  99  99  99  98  96  93  94  95  90  88
  87  83  82  84  85  84  82  79  77  77  75  73  70  70  72  73  73  72
  71  73  75  74  73  72  70  68  72  73  73  74  75  74  73  76  75  76
  77  76  75  75  78  82  81  82  84  86  86  84  82  81  84  88  88  93
  87  82 113 153 170 177 169 168 174 173 174 174 175 174 174 174 175 175
 176  30]"
"[ 30  30  89  87  85  85  86  87  86  86  84  83  85  88  88  86  85  85
  86  86  89  90  90  88  87  88  86  86  88  87  86  89  89  89  87  87
  90  90  90  93  93  92  94  94  92  92  94  95  91  88  87  88  92  95
  96  96  95  92  92  93  92  90  89  91  90  89  89  90  93  96  97  97
  99  98  94  92  93  93  93  94  97  98  98  98  97  98  98  98 100 101
 101 101 101 102 102 103 104 103 102 102 103 105 105 106 104 104 104 105
 105 105 104 104 103 102 101 101 101 101 101 102 100  96  97  96  91  89
  89  85  82  83  84  84  81  76  75  76  76  74  72  72  73  73  73  73
  74  74  75  75  73  71  70  70  73  74  74  74  74  73  73  76  78  76
  77  78  77  76  78  81  81  82  84  87  88  86  84  83  83  92  92  87
  88 116 160 177 173 171 172 173 170 172 175 171 175 175 175 174 175 176
 177  29]"
"[ 28  30  90  88  84  82  84  87  89  85  80  81  84  86  87  86  89  89
  89  88  89  90  90  89  88  88  86  87  89  87  87  92  88  89  86  86
  89  89  89  94  95  94  95  94  92  91  94  95  93  91  88  88  91  94
  95  95  96  92  89  90  93  91  89  89  91  89  88  89  93  96  97  95
  97  97  96  95  97  96  95  95  97  98 101  96  97  95  97  96 100 100
 100 100 100 101 103 104 104 103 101 102 104 106 105 104 105 105 105 106
 105 105 105 106 102 102 103 103 103 102 103 105 105 100 100  98  90  88
  89  86  86  86  87  87  83  78  76  78  76  75  74  74  74  73  72  72
  76  75  75  77  76  72  72  74  73  75  76  76  76  72  71  74  81  78
  78  81  80  78  78  81  81  81  82  85  88  88  88  87  89  92  97 104
 134 170 177 174 173 170 173 172 171 174 173 175 175 175 174 174 175 175
 176  29]"
"[ 29  31  86  85  84  83  86  86  89  88  86  87  89  87  85  86  90  88
  87  88  90  89  89  89  87  86  86  87  88  88  89  90  89  87  87  88
  88  87  89  92  94  94  93  92  92  93  94  94  96  94  91  88  89  92
  94  93  93  91  89  89  91  92  91  90  91  93  95  94  94  95  96  95
  97  96  95  95  96  97  96  95  98  96  98  96  96  96  99  96  98  99
 100  98  98 101 104 106 104 104 103 102 102 103 105 107 107 106 105 105
 106 108 108 109 106 105 104 103 103 103 103 103 104 104 104 101  95  90
  89  90  88  86  85  85  84  80  79  80  78  80  79  76  75  77  75  70
  73  75  75  73  72  72  73  74  75  75  76  77  79  78  73  75  80  79
  76  76  79  80  79  81  80  84  83  81  86  88  87  88  90  96 121 154
 167 172 171 171 172 171 169 168 171 174 171 166 170 174 176 177 177 175
 177  28]"
"[ 29  30  85  85  86  86  88  88  90  89  88  89  90  87  85  85  90  89
  89  90  91  90  89  90  88  87  86  87  89  91  92  93  91  90  91  92
  92  91  90  90  89  90  91  92  94  96  96  96  95  95  96  94  91  90
  91  94  93  92  91  91  93  93  93  92  94  96  96  95  95  96  96  95
  96  96  97  98  98  97  96  95  95  97  98  94  97  95  97  98  97  99
  99  97  97  99 102 104 103 104 104 103 103 104 106 107 111 109 108 107
 108 108 108 108 108 108 107 105 104 105 104 103 105 105 106 104 101  97
  95  94  94  89  85  86  87  85  81  78  80  81  81  79  79  80  78  75
  74  73  73  73  73  74  74  75  75  76  78  79  80  78  74  77  78  78
  77  77  80  82  82  85  90  84  84  87  86  85  85  85  85 121 156 173
 170 169 168 172 171 171 170 169 172 176 176 173 173 176 177 178 179 178
 179  29]"
"[ 29  29  84  84  87  88  90  89  88  87  87  88  89  88  86  86  87  87
  88  89  89  89  88  88  88  88  88  90  92  94  95  94  92  93  93  93
  93  93  90  88  89  89  90  91  93  96  96  96  93  93  94  95  93  89
  89  92  93  93  93  94  94  94  94  94  96  97  96  95  95  96  97  95
  95  96  97  97  97  96  95  95  93  96  92  86  94  94  95 100  99 100
 100  98  97  99 102 104 102 104 105 104 101 101 103 104 107 106 106 107
 107 108 108 108 110 110 109 106 105 107 106 104 105 106 106 106 105 103
 100  97  99  93  89  90  91  89  84  80  82  82  81  80  81  82  81  80
  75  73  71  73  75  75  74  74  77  78  81  80  81  79  75  77  77  78
  78  79  81  83  84  87  85  90  86  85  89  81  84 106 142 165 173 168
 166 172 170 171 172 173 172 171 172 175 176 175 176 178 177 178 180 180
 181  29]"
"[ 29  29  82  82  84  85  88  87  86  85  86  86  87  87  87  86  83  83
  84  85  87  87  87  87  85  87  90  92  93  94  93  92  93  94  93  91
  91  92  92  90  92  90  89  89  92  95  96  95  94  94  95  95  94  91
  91  92  93  92  92  94  94  94  93  93  95  96  95  94  94  95  96  96
  96  96  96  96  95  95  94  93  79  79  77  77  91  95  97  99 101 102
 101  99  98 100 103 104 101 103 105 103 100 100 101 103 102 103 104 107
 108 108 109 110 110 112 110 106 106 109 109 106 105 107 107 107 107 106
 102  99 100  98  96  96  94  92  88  87  84  82  80  80  81  81  81  82
  77  74  73  75  76  75  74  74  76  77  79  79  81  81  77  79  78  81
  81  80  80  81  83  86  89  89  93  94  84  86 118 154 156 167 168 166
 166 173 171 169 172 173 174 173 173 174 174 173 177 179 177 178 180 180
 181  30]"
"[ 30  29  81  79  81  82  86  86  87  86  87  86  85  86  87  85  83  83
  82  84  86  88  87  87  84  87  90  91  91  92  92  91  92  94  93  90
  89  91  92  92  90  89  88  89  93  96  96  95  91  94  96  92  88  88
  91  94  93  91  91  93  94  93  93  93  94  95  95  94  93  94  96  97
  97  96  95  95  95  93  91  88  72  60  52  50  59  71  88  97 100 101
 102 101 101 102 102 101  99 103 104 103 101 103 105 107 106 106 108 110
 110 109 110 111 112 113 111 107 107 111 112 109 108 109 110 110 109 108
 106 103 101 102 102 101  98  96  94  94  88  86  83  82  81  80  80  82
  79  77  76  78  78  75  75  76  73  73  75  76  80  83  81  82  81  84
  83  80  80  81  83  86  87  89  89  83  93 133 164 165 169 171 173 173
 166 170 173 175 171 172 173 173 173 175 176 175 177 180 179 179 179 180
 181  30]"
"[ 30  29  81  79  80  82  86  87  87  85  87  85  83  86  89  85  85  84
  84  84  86  88  88  87  87  89  91  90  90  91  93  93  91  93  93  90
  88  89  91  91  88  88  89  90  93  95  94  92  87  89  89  86  85  89
  92  93  94  93  93  96  96  95  95  97  96  96  96  95  94  95  96  97
  96  96  95  95  95  91  85  80  68  57  53  51  54  61  81  94  98 101
 103 104 105 104 102  99 102 104 105 103 103 105 107 108 108 108 110 112
 111 109 110 112 112 113 111 108 107 110 111 109 109 109 110 112 112 110
 108 108 106 106 105 104 103 101  99  98  94  92  90  87  83  80  80  82
  81  80  80  80  79  77  78  79  76  76  77  77  81  85  82  83  82  85
  84  81  81  82  84  86  89  84  90 117 151 171 173 171 168 168 170 173
 169 175 176 172 173 173 172 172 172 175 176 177 177 181 180 179 179 179
 180  29]"
"[ 30  29  81  80  83  85  87  86  84  84  86  85  82  86  89  84  84  86
  86  86  87  89  89  89  91  92  91  89  89  91  93  92  89  91  92  90
  89  88  89  89  89  89  88  89  92  93  92  90  90  88  86  87  91  94
  96  95  96  95  97  99  98  96  97 101  99  98  97  96  97  97  97  97
  98  97  97  96  94  88  81  76  68  57  51  47  48  52  74  96  98 102
 105 106 105 104 103 102 106 107 107 104 104 106 107 106 107 107 109 111
 110 108 108 111 110 111 111 109 107 108 109 109 109 108 109 113 114 111
 110 110 111 111 109 107 105 104 102 100  97  98  97  93  87  83  82  82
  82  82  81  79  78  78  80  81  80  80  81  80  83  85  82  83  83  85
  84  82  82  83  83  84  82  99 132 160 169 171 171 168 171 173 172 171
 167 172 174 174 175 175 174 173 173 175 177 179 178 182 181 180 180 180
 181  28]"
"[ 30  29  82  82  86  87  87  85  85  84  87  85  81  85  88  82  83  86
  88  88  88  89  90  91  91  92  90  88  88  90  90  88  90  90  90  89
  89  89  89  89  89  88  87  87  89  91  92  91  93  91  90  91  92  92
  93  94  96  96  98  99  97  94  96 101 101  98  96  97  98  99  98  97
 101 101 100  97  93  87  81  76  71  61  49  42  45  43  59  84  99 103
 106 104 102 102 104 106 106 108 107 105 106 109 109 107 107 106 108 110
 109 106 107 110 110 111 111 110 108 108 108 109 111 108 109 115 117 114
 111 112 113 115 114 110 106 103 102 102  98 100 100  96  90  85  83  83
  83  83  81  77  76  77  80  82  79  81  83  81  83  85  83  84  83  85
  84  82  83  83  82  81  93 141 167 164 166 168 166 171 170 174 170 171
 172 174 171 175 174 175 176 177 176 177 179 181 180 184 182 181 182 182
 181  29]"
"[ 29  28  87  88  87  86  85  84  84  88  88  83  80  85  89  86  87  88
  90  90  90  90  86  83  86  87  88  87  87  90  91  88  89  90  92  94
  91  88  90  95  94  91  87  87  88  89  90  91  92  95  95  91  89  91
  93  93  93  95  97  97  96  95  97 100  99  97  97  97  97  98  98  96
 101  99  99  97  90  86  82  76  73  62  52  45  42  43  59  85  95 103
 105 105 103 101 102 102 106 106 107 109 108 106 104 104 106 108 110 108
 104 105 108 109 110 110 109 109 107 107 109 113 113 110 110 114 117 116
 115 115 116 116 117 116 113 111 112 113 103 105 104  99  93  89  88  87
  84  81  80  76  75  77  76  76  75  81  81  82  85  85  84  84  88  87
  84  84  80  80  91 125 154 166 166 161 165 166 166 171 171 173 172 171
 173 175 174 174 176 176 175 175 176 179 180 179 181 180 181 184 184 184
 183  29]"
"[ 29  29  88  87  87  87  86  84  87  87  86  83  84  89  90  86  87  88
  89  89  90  90  87  85  82  83  85  87  88  89  91  90  87  88  92  95
  94  90  90  92  94  91  89  88  88  88  89  89  89  93  95  91  89  91
  95  97  94  94  94  95  96  96  96  97  97  96  96  96  95  96  97  97
  98  96  97  96  92  88  83  77  66  60  54  50  48  47  59  84  96 103
 105 105 104 102 103 104 105 105 106 108 107 105 104 105 106 108 110 108
 105 105 108 108 109 107 107 108 109 111 113 115 113 111 110 113 115 115
 114 113 117 118 118 118 116 114 114 114 110 111 108 103  97  92  89  86
  87  85  86  84  82  80  76  75  75  82  79  85  90  84  84  88  87  83
  85  80  79  97 132 162 166 166 165 165 167 170 171 172 172 173 172 171
 173 175 175 175 177 177 176 175 176 178 180 180 181 180 180 182 182 183
 183  28]"
"[ 29  29  88  86  86  88  87  86  88  86  85  85  85  89  91  88  87  87
  87  87  88  89  88  86  82  82  85  88  89  90  93  94  91  91  93  95
  95  93  93  94  93  93  92  90  89  90  90  89  92  95  96  93  91  93
  96  98  97  94  93  94  97  98  97  96  97  95  96  96  94  94  97  98
  97  96  97  97  94  90  84  77  67  62  54  47  46  45  56  82  94 101
 103 104 104 103 104 105 105 104 105 108 108 106 106 108 108 109 110 109
 107 108 111 111 109 110 111 111 110 110 113 117 114 113 112 113 115 116
 115 113 116 117 118 118 117 115 115 115 113 112 110 106 101  97  92  89
  87  85  86  85  84  83  79  80  78  86  86  89  89  87  91  89  88  92
  89  82 109 149 173 175 172 164 165 170 167 170 174 172 173 174 172 170
 173 175 176 177 178 179 178 177 177 179 180 181 180 179 179 181 181 182
 183  29]"
"[ 29  29  87  87  87  87  88  89  85  85  87  86  84  84  88  90  88  87
  87  87  87  87  87  86  87  85  86  89  89  91  94  95  94  93  94  95
  95  93  92  93  93  95  95  93  92  94  94  93  96  97  96  95  95  96
  96  95  98  96  94  96  99 100  98  97  97  95  95  96  95  94  96  98
  99  98  98  96  92  88  82  76  70  64  53  43  41  41  52  78  92 100
 103 105 106 104 105 105 104 103 105 109 109 107 108 111 110 110 111 110
 108 110 113 114 110 112 113 113 111 111 114 116 116 115 113 113 115 117
 116 114 115 115 117 118 118 116 115 115 116 116 114 112 109 105 101  98
  96  92  90  88  87  86  82  83  85  79  84  92  90  91  93  88  90  85
 100 135 170 176 170 171 169 163 168 172 168 167 172 172 173 174 172 170
 172 175 177 178 178 179 180 180 180 180 181 181 180 180 180 182 182 184
 184  29]"
"[ 29  28  88  89  88  86  87  91  85  85  88  88  84  82  85  88  88  87
  87  87  87  86  85  84  88  88  88  88  89  92  93  90  88  90  94  96
  94  90  89  89  94  96  96  94  93  95  96  94  93  94  94  95  96  97
  97  95  96  96  96  97  98  98  97  97  96  94  95  96  95  95  97  97
 100 100  98  94  90  84  79  76  68  61  51  42  42  44  53  75  92 101
 105 108 109 106 106 105 105 104 105 108 109 107 107 110 109 109 111 111
 110 110 111 111 110 108 108 110 114 117 117 115 117 116 114 114 115 117
 117 115 118 118 118 120 120 118 117 117 117 117 117 116 113 110 108 107
  99  95  93  91  91  90  84  83  85  79  83  86  92  99  93  86  91 106
 135 162 166 168 170 168 165 166 169 171 170 169 170 173 173 175 173 171
 173 176 178 179 179 179 180 181 181 181 182 183 182 182 183 184 184 185
 185  29]"
"[ 30  29  88  90  88  85  86  88  88  87  88  90  87  85  86  87  86  85
  86  86  86  84  82  82  86  88  90  90  91  93  92  86  87  90  93  93
  91  89  90  92  95  96  95  93  92  93  93  92  91  94  96  96  95  95
  96  97  96  96  97  97  96  95  96  97  95  95  96  98  97  99 100  99
 100 102 100  95  91  84  78  76  68  58  48  41  42  47  58  75  93 102
 107 110 110 106 106 104 107 107 108 109 109 107 107 108 108 109 112 114
 111 109 109 108 108 108 108 111 115 118 118 116 116 116 115 115 117 118
 118 117 121 121 121 121 121 120 119 119 115 115 117 117 116 114 114 114
 103  98  95  91  90  91  87  85  82  84  85  83  90  90  85  95 122 151
 170 177 167 168 169 167 166 169 168 168 171 171 171 174 174 176 175 174
 176 178 179 180 181 180 179 180 180 181 183 185 184 185 186 187 186 187
 185  29]"
"[ 30  29  88  88  88  87  85  83  87  86  88  90  88  87  87  85  85  85
  86  87  87  85  84  84  87  89  92  94  93  94  93  90  92  94  94  92
  89  89  92  96  96  95  94  93  94  94  93  93  94  96  98  97  96  95
  96  97  99  98  98  97  96  95  95  96  96  98 100 100  99 101 102 100
 101 104 102  98  94  86  77  74  68  55  46  39  39  48  63  79  95 104
 108 110 109 106 105 105 108 110 111 111 111 110 109 108 109 110 113 115
 112 109 109 109 109 113 116 115 113 114 115 117 115 114 115 117 117 117
 118 119 123 122 122 122 121 120 120 121 119 119 120 122 122 121 121 122
 120 115 109 100  95  95  91  88  84  81  81  92  90  81  99 129 158 173
 169 162 166 167 165 165 168 169 168 169 172 172 171 174 173 176 177 176
 178 179 180 180 180 179 179 180 181 181 182 184 184 186 187 187 187 187
 185  28]"
"[ 28  30  88  86  87  89  86  80  82  83  87  88  86  84  85  84  87  87
  88  89  89  88  87  88  89  89  92  95  94  93  95  96  95  96  97  94
  90  89  91  94  97  94  94  95  97  97  96  95  96  96  96  96  97  98
  98  97 103 100  98  97  96  96  96  96  97 100 103 100  98 100 102 100
 101 105 104 101  97  87  76  71  66  52  46  41  40  50  67  81  98 106
 110 111 109 106 106 106 107 110 112 112 112 113 112 111 111 110 112 113
 110 109 111 112 114 117 119 118 115 114 115 115 113 112 113 116 117 116
 117 120 122 122 121 121 121 121 122 123 123 122 122 123 123 122 121 121
 126 124 121 110 104 102  95  90  85  85  87  96  90 104 148 161 167 166
 163 164 169 165 169 168 168 168 171 173 172 170 172 174 173 176 177 177
 179 180 179 180 179 178 179 182 183 182 181 181 183 185 186 187 186 188
 186  29]"
"[ 30  27  93  90  92  89  88  84  89  89  91  94  93  90  89  91  91  93
  94  96  98  96  94  94  94  95  95  94  94  93  94  98  91  89  95  91
  93  99  99 103 100 100  98  97  99 102 102 101  99  95  99  97  97  97
 101  96  99 100 100  99 100 100  96  92  98  96  98  97 101  99 101 101
 104 110 104 105 103  96  79  69  60  49  39  40  41  55  70  90 102 111
 110 110 106 107 108 110 114 112 113 115 116 113 112 114 114 114 113 113
 113 110 111 115 114 115 117 119 119 117 115 115 114 116 115 116 115 115
 119 121 122 123 121 121 124 122 120 123 122 123 123 123 123 121 121 124
 125 124 123 121 116 111 103  93  86  82  82  96 116 146 170 163 162 162
 163 164 167 169 170 171 171 172 172 173 172 173 174 176 175 175 176 178
 179 179 179 180 180 180 181 181 182 182 182 182 184 182 183 187 186 187
 186  29]"
"[ 29  30 104 103 105 102 104 104 108 106 105 105 107 107 108 110 106 106
 106 110 113 111 109 109 104 104 105 107 107 104 105 110 104 103 108 104
 104 109 109 114 114 115 114 111 109 109 111 112 110 107 112 114 115 115
 119 114 114 114 115 115 114 112 110 109 112 114 121 124 127 122 120 115
 114 116 108 105 100  91  81  74  56  51  44  41  41  55  70  88 107 119
 120 120 118 122 122 120 123 120 119 119 118 116 118 121 119 114 109 110
 112 111 108 108 114 112 112 116 118 117 116 116 114 112 108 110 112 114
 120 123 117 120 121 122 121 119 120 123 125 124 122 121 121 119 121 125
 132 126 124 125 125 122 114 106  89  87 105 139 161 170 170 162 164 165
 167 168 169 170 171 171 172 174 174 173 173 174 176 176 175 176 177 179
 180 180 180 180 181 181 182 182 182 182 182 183 186 184 185 188 187 188
 187  29]"
"[ 29  29 106 108 110 107 107 107 110 108 107 107 110 112 112 111 110 108
 108 112 116 114 112 114 113 112 112 114 113 108 109 115 117 116 120 117
 116 120 120 125 122 120 117 116 116 116 117 117 118 115 122 127 129 128
 129 125 124 124 125 127 125 122 121 123 122 126 132 134 136 133 130 124
 126 122 114 107 101  90  83  72  65  57  47  40  39  55  77 100 117 131
 132 131 130 136 136 132 138 136 134 133 132 131 133 137 136 134 132 133
 136 136 137 141 140 135 132 136 139 137 136 137 135 132 129 132 135 135
 139 139 137 138 139 138 133 130 130 131 129 128 126 125 125 125 127 131
 137 131 131 136 140 141 139 136 133 139 156 167 167 164 163 167 165 166
 168 169 169 170 171 172 173 175 175 173 174 177 178 176 177 177 178 178
 178 178 179 180 181 182 183 182 182 182 184 186 187 185 186 188 187 188
 187  29]"
"[ 30  29 107 110 112 109 108 107 111 111 109 109 112 115 115 112 111 109
 108 112 114 111 111 115 118 117 115 114 113 110 111 117 119 119 121 119
 119 122 123 127 125 121 118 119 121 121 121 121 120 119 125 130 130 127
 126 124 125 126 127 128 127 125 125 126 128 131 133 132 133 133 132 129
 127 121 116 109 104  94  85  66  69  60  54  48  44  54  82 115 127 138
 138 137 136 141 141 137 137 137 138 139 138 137 138 141 141 144 144 144
 143 142 146 153 153 149 146 146 147 146 145 145 147 147 146 150 151 148
 149 149 152 150 153 156 156 158 160 158 152 152 151 152 154 154 155 158
 155 154 155 158 158 159 161 161 159 160 164 161 165 172 168 166 166 166
 167 167 169 171 172 173 173 175 175 175 176 178 178 178 179 179 179 178
 176 176 178 180 180 181 182 182 182 183 185 187 186 185 186 188 187 188
 186  28]"
"[ 28  28 111 113 113 112 113 114 113 113 111 108 110 115 116 114 113 112
 112 114 114 111 113 121 118 120 119 118 118 119 119 122 121 120 120 120
 122 124 125 126 126 124 123 124 122 121 121 124 123 124 126 130 127 125
 123 124 126 128 129 129 129 130 130 128 130 133 133 132 132 134 134 132
 128 123 121 113 107  99  91  70  66  62  59  50  42  51  86 123 131 139
 138 140 139 142 141 139 138 140 142 144 143 142 142 144 146 146 145 145
 145 145 146 149 152 152 151 148 146 147 148 147 147 147 146 148 148 146
 150 153 155 152 154 154 153 154 155 153 153 154 154 155 157 158 158 160
 159 160 162 161 158 159 161 161 160 164 170 166 165 165 162 168 167 167
 167 168 171 173 173 173 175 174 174 176 177 177 177 179 179 180 180 179
 178 177 178 180 180 180 180 181 182 184 186 186 186 185 186 188 187 188
 186  29]"
"[ 29  28 111 112 112 114 114 112 114 115 114 113 115 118 118 116 112 112
 112 114 114 112 115 122 117 121 122 121 123 123 123 122 124 122 121 123
 124 126 126 126 125 124 122 123 123 123 123 123 124 125 126 128 126 126
 125 127 128 130 131 130 131 133 132 130 131 132 131 131 130 133 134 134
 132 129 125 114 103  96  91  76  67  62  56  41  38  54  89 120 130 136
 136 142 143 143 142 142 141 141 143 144 143 143 142 143 146 146 144 144
 146 146 146 147 149 152 152 147 144 146 148 147 149 152 151 151 150 149
 154 157 153 154 155 154 152 152 154 154 156 157 155 155 158 159 159 160
 160 160 161 161 161 164 165 162 165 165 165 165 166 167 166 170 167 168
 169 171 173 174 173 172 176 174 175 178 178 176 176 178 177 178 180 181
 180 178 179 180 182 182 182 183 185 186 186 186 186 185 186 187 186 188
 186  29]"
"[ 33  30 113 113 113 116 114 109 111 112 113 114 116 117 116 113 113 113
 112 113 115 115 116 120 118 120 121 121 123 122 120 120 121 121 120 122
 123 123 124 124 126 123 121 122 125 127 126 123 122 125 123 126 125 128
 127 130 128 129 130 131 132 132 131 130 132 133 131 133 130 133 133 135
 131 128 119 110  96  88  82  73  66  59  52  38  41  58  89 112 131 137
 137 143 144 144 143 144 145 144 144 144 145 145 145 145 146 147 146 145
 145 144 144 146 151 153 153 149 147 149 150 150 151 154 154 154 153 153
 156 155 154 156 156 154 154 155 154 155 157 158 156 156 159 160 160 160
 164 162 162 163 164 165 165 162 163 165 164 164 166 168 169 167 168 169
 171 172 173 173 173 173 176 176 177 178 178 176 176 178 177 178 179 180
 179 179 180 182 183 184 185 186 187 187 187 187 186 186 186 187 186 188
 186  28]"
"[ 28  28 116 114 112 116 115 113 115 113 112 113 116 118 118 116 115 114
 112 114 117 118 116 117 122 121 120 121 124 122 121 123 122 122 122 124
 125 124 125 126 124 124 123 121 122 124 125 124 122 125 123 126 126 131
 129 131 130 129 131 133 133 131 130 130 130 132 132 136 133 133 129 130
 130 125 115 111  98  89  79  72  69  59  50  35  36  52  89 120 134 140
 139 143 142 144 144 144 145 144 143 144 146 147 147 146 145 147 146 145
 146 147 147 149 152 151 150 150 150 152 154 154 153 155 153 153 154 156
 159 157 153 155 153 153 158 160 157 156 155 157 156 157 161 162 161 161
 163 160 161 164 164 163 164 164 163 165 165 170 169 166 171 169 170 171
 172 172 172 172 174 176 175 176 178 178 177 177 177 178 181 180 179 178
 178 179 182 185 181 183 186 187 187 186 187 187 187 187 188 188 187 189
 187  29]"
"[ 29  28 112 113 115 117 116 116 116 114 115 115 117 119 115 114 118 116
 115 116 116 116 116 116 120 120 121 122 123 122 122 122 121 121 122 123
 124 126 127 127 122 122 122 121 122 124 124 123 127 128 128 128 128 129
 130 130 131 131 132 133 132 131 130 130 130 131 134 137 137 133 132 132
 130 121 115 109 100  89  76  70  63  57  49  44  45  60  87 127 134 136
 140 143 143 142 142 143 145 147 146 145 146 146 146 148 145 146 146 144
 145 147 149 149 151 152 150 149 150 154 154 153 153 154 154 153 155 157
 158 157 155 154 154 156 157 158 158 158 155 156 158 161 162 161 162 163
 161 164 163 161 161 162 162 164 165 166 167 167 168 169 170 170 173 173
 172 172 172 174 175 175 175 176 176 176 178 179 179 179 181 179 179 180
 180 180 182 185 183 184 186 186 185 186 188 187 186 189 188 189 186 187
 187  28]"
"[ 28  29 115 116 115 116 116 115 116 113 114 114 115 117 115 115 122 120
 117 116 117 117 116 115 120 122 122 122 122 123 123 122 122 122 122 124
 125 126 125 125 122 124 124 124 125 126 127 126 129 130 130 130 129 130
 130 130 131 131 133 134 133 132 131 132 130 131 133 135 135 134 134 135
 130 122 115 105  98  88  75  68  64  56  49  44  48  65  95 131 137 138
 139 141 141 141 141 142 146 148 147 146 146 146 146 148 148 148 147 146
 147 149 149 148 151 151 150 150 151 153 154 153 152 153 154 154 154 155
 157 157 156 155 155 156 158 159 159 158 157 157 159 161 162 161 161 162
 161 164 163 161 161 162 163 164 165 166 167 168 168 170 171 171 174 174
 174 173 173 175 176 176 176 178 177 177 179 180 179 180 181 180 180 181
 182 181 183 185 186 185 185 185 184 185 187 187 186 189 189 190 188 189
 189  29]"
"[ 28  29 114 115 113 113 113 114 116 114 115 114 115 117 115 116 120 118
 115 115 117 120 118 115 119 122 122 121 121 124 124 122 123 123 125 127
 128 128 127 125 122 124 126 126 126 127 128 128 129 131 132 131 130 130
 130 130 130 131 133 134 133 132 132 133 135 136 136 134 134 135 136 137
 132 123 115 102  99  84  71  64  63  55  52  49  52  70  98 124 141 140
 139 140 140 140 140 141 144 146 146 145 146 146 147 149 151 150 148 147
 147 149 149 149 151 150 150 151 152 153 153 153 152 153 154 155 154 154
 155 157 158 157 157 157 159 160 159 158 158 158 160 161 161 161 161 161
 161 163 162 161 162 163 164 166 166 167 167 168 169 171 171 171 175 175
 174 173 174 175 176 176 176 178 178 177 179 180 180 181 181 180 181 183
 184 183 185 186 188 185 184 185 184 185 187 188 186 188 188 190 188 190
 189  30]"
"[ 29  28 111 110 110 111 113 113 114 113 115 114 115 116 115 116 116 115
 114 114 118 122 121 117 118 119 119 119 121 124 124 122 123 123 125 128
 130 130 128 125 122 124 125 125 125 125 126 127 128 130 132 131 130 129
 129 130 130 131 132 133 132 131 133 134 138 139 138 135 134 136 137 137
 135 124 117 105 106  87  73  69  60  57  54  55  54  78 105 125 142 141
 139 140 141 142 142 142 143 145 145 144 145 146 147 149 151 150 148 146
 146 148 150 152 151 150 150 152 153 153 154 154 154 153 154 155 155 153
 154 157 159 159 159 159 159 160 160 160 158 158 159 161 161 161 161 161
 161 162 162 161 164 165 166 168 168 169 169 169 171 172 172 172 173 174
 173 173 173 174 175 175 175 177 177 176 178 179 179 181 181 180 180 182
 183 184 185 187 188 184 183 185 185 186 188 189 186 187 187 188 187 189
 189  29]"
"[ 31  28 109 109 111 114 115 115 114 112 114 112 112 114 114 116 117 117
 116 115 118 122 123 120 120 118 117 119 122 123 123 122 120 121 122 126
 129 129 127 124 124 124 125 125 124 124 125 127 129 131 132 131 129 128
 128 128 130 130 131 131 131 131 133 135 137 138 137 136 136 137 138 137
 130 122 115 102 104  90  78  73  63  63  53  52  45  75 105 124 141 140
 140 142 144 145 144 144 146 148 147 145 145 145 145 147 149 149 148 147
 147 148 150 153 152 151 152 153 154 153 154 154 153 153 153 155 155 154
 154 156 159 160 160 159 159 160 161 161 160 159 160 161 162 162 162 162
 161 162 161 162 165 166 167 170 171 171 171 171 172 173 173 172 172 172
 172 172 173 174 175 175 176 178 178 177 178 179 179 180 180 179 179 180
 181 183 185 187 187 183 184 187 187 187 188 189 187 187 186 187 187 189
 188  28]"
"[ 30  27 110 112 114 117 117 116 115 113 113 110 110 113 114 117 118 118
 116 115 116 120 123 123 122 119 118 120 123 123 122 123 121 121 123 126
 128 129 127 125 126 125 125 125 126 126 127 128 130 132 133 131 130 129
 128 128 131 131 131 131 131 131 133 135 137 137 136 136 138 138 137 135
 126 120 112  96  96  91  81  72  67  66  53  49  39  67  99 119 139 139
 141 144 146 146 145 145 146 148 147 145 146 146 146 148 147 147 149 150
 150 149 150 151 153 153 153 153 153 153 153 153 152 152 152 153 154 154
 156 157 158 160 160 159 158 160 161 162 162 161 161 162 163 163 163 163
 163 163 162 163 166 168 168 171 171 171 171 171 171 172 172 171 172 173
 173 173 173 175 176 176 178 180 179 178 179 179 179 179 181 180 179 180
 181 184 185 186 187 185 186 188 188 187 188 187 187 188 186 187 188 190
 189  28]"
"[ 29  28 112 113 113 115 114 114 114 112 114 112 112 114 114 116 117 116
 116 116 116 118 120 122 122 121 121 121 122 123 123 124 123 123 124 126
 129 130 129 127 126 124 124 126 128 128 129 129 131 132 132 131 130 130
 130 130 132 132 132 132 132 132 133 135 137 135 135 136 138 138 136 135
 129 122 113 101  96  92  81  73  65  62  54  51  48  65  99 122 138 139
 142 144 145 145 145 145 145 147 146 145 145 146 146 148 146 146 148 150
 151 151 150 151 153 153 153 152 152 153 153 153 152 153 154 153 153 155
 157 158 158 159 159 158 159 161 162 161 162 162 161 162 163 163 163 164
 166 165 163 164 167 168 168 170 170 170 171 170 170 171 171 171 173 173
 174 173 174 175 176 176 178 179 179 178 180 180 179 179 180 181 181 181
 183 185 185 185 187 186 187 188 187 187 188 187 187 188 186 189 190 192
 190  29]"
"[ 29  30 115 114 111 110 111 113 111 111 114 114 114 115 112 113 117 117
 117 119 118 117 116 116 120 123 123 121 120 123 125 125 123 123 123 125
 128 129 129 128 124 123 123 126 129 130 130 130 130 131 131 131 131 131
 132 131 132 131 132 133 133 132 132 133 134 131 131 134 138 138 137 136
 129 117 110 106  98  90  78  74  66  59  53  50  51  59  95 120 138 139
 142 143 143 143 143 144 146 148 147 145 145 145 145 147 147 146 146 148
 151 151 151 151 151 153 152 150 151 153 154 153 153 155 156 154 153 154
 157 159 158 159 158 157 159 162 163 161 161 161 161 162 163 164 164 165
 167 166 164 165 168 168 168 170 170 171 171 171 171 171 172 172 173 174
 174 174 174 175 176 176 176 177 177 177 179 180 179 178 179 180 181 182
 183 184 184 183 187 187 188 187 185 187 188 187 187 187 186 190 191 193
 191  29]"
"[ 29  28 111 112 112 112 111 110 110 112 115 116 115 113 114 116 116 116
 116 117 117 118 118 118 120 120 121 123 123 123 123 124 123 123 122 122
 126 131 129 126 120 122 126 128 129 129 130 131 131 132 131 128 129 132
 134 133 132 133 134 132 130 129 131 133 134 132 132 134 135 134 135 137
 132 118 107 106  95  88  79  75  65  55  51  48  44  47  93 115 127 140
 142 142 145 143 142 144 144 145 146 147 147 146 145 145 146 147 149 151
 152 151 152 153 151 152 151 151 153 153 152 152 152 152 152 153 155 156
 157 157 158 158 158 158 159 161 161 161 159 159 160 161 161 161 162 164
 166 166 167 168 168 167 167 168 167 169 170 171 171 171 171 171 173 174
 174 175 175 174 174 176 174 178 179 178 177 177 177 180 178 180 181 182
 184 184 184 185 187 187 188 188 188 187 187 189 187 188 190 191 193 191
 190  29]"
"[ 29  29 113 112 110 110 112 114 113 114 116 116 114 113 114 115 113 114
 116 117 117 118 119 119 121 121 123 124 124 123 124 125 123 123 123 124
 127 130 129 127 122 125 128 130 130 130 130 130 129 131 131 130 131 134
 134 132 133 135 136 133 131 131 132 133 134 132 131 134 135 136 136 137
 130 120 109 103  90  85  80  77  61  58  54  48  46  48  86 115 127 138
 140 140 143 142 143 144 144 145 146 146 146 146 147 147 149 150 152 153
 150 147 148 151 151 153 151 150 152 153 152 153 153 153 153 154 155 157
 158 158 159 160 160 159 159 160 161 161 162 162 162 162 162 161 162 163
 165 164 165 167 167 167 167 168 170 171 171 171 172 172 172 171 173 173
 174 174 174 173 173 174 174 177 178 178 179 178 178 179 178 180 180 181
 183 183 183 185 186 186 185 186 187 188 189 190 190 189 189 189 192 191
 191  30]"
"[ 30  29 112 111 109 110 113 116 116 117 118 118 116 114 115 117 114 115
 116 118 118 119 120 121 121 122 123 124 123 121 122 123 122 122 123 125
 127 129 129 129 126 128 130 129 129 130 130 130 129 130 130 129 131 134
 134 132 133 134 135 133 132 132 133 132 135 133 131 133 134 135 134 134
 132 123 113 104  89  83  77  72  62  62  55  48  48  52  77 110 128 138
 140 140 143 143 144 143 144 145 145 144 145 146 146 144 147 147 148 150
 152 152 151 151 150 152 152 151 153 153 153 154 154 154 155 156 156 157
 158 158 160 161 161 160 159 160 162 162 165 164 164 163 163 162 162 163
 164 164 164 166 167 167 168 169 171 171 171 171 172 173 172 171 173 173
 174 174 174 174 174 174 175 177 178 178 180 180 179 179 179 180 180 180
 182 182 183 185 185 185 183 183 186 189 191 190 191 190 189 189 191 191
 191  30]"
"[ 31  28 110 110 110 113 114 114 117 117 118 118 117 116 116 117 116 117
 118 118 118 119 121 122 120 121 123 123 121 119 120 121 122 122 123 126
 128 128 128 129 128 129 128 126 127 129 131 130 132 132 131 130 131 133
 134 133 132 131 131 134 135 134 133 132 134 133 131 132 133 134 133 131
 128 117 106  98  89  83  77  69  65  61  52  47  48  59  76 108 128 138
 142 143 145 144 144 142 146 145 145 145 147 150 148 145 144 147 150 149
 149 150 150 150 148 151 152 152 154 154 153 154 155 156 157 158 157 157
 158 159 160 161 160 160 160 162 163 163 165 165 164 164 164 163 164 164
 164 164 164 166 167 168 169 170 170 171 171 170 171 172 172 171 172 172
 173 173 174 175 175 174 175 177 177 178 180 180 179 179 179 181 180 179
 181 182 183 185 186 186 185 184 186 190 191 189 190 190 191 191 193 191
 191  29]"
"[ 29  27 111 112 112 114 113 112 114 115 116 117 117 115 114 114 118 118
 118 117 117 118 121 123 120 122 123 124 122 120 120 122 123 122 123 126
 129 129 129 129 127 128 127 126 127 129 131 130 134 135 134 133 133 134
 136 136 136 131 130 136 139 135 132 133 132 133 133 133 134 135 134 132
 130 115 103  94  87  82  78  73  62  54  49  47  46  64  84 112 127 137
 142 144 144 144 145 143 144 144 144 143 144 145 145 144 142 145 146 145
 147 151 151 148 148 150 150 150 152 153 153 153 155 156 158 159 158 158
 159 160 161 160 160 160 161 163 163 163 165 164 164 164 164 164 164 165
 165 165 166 166 167 168 168 169 169 170 171 171 170 171 172 173 171 172
 172 172 174 175 175 174 174 176 177 177 178 179 179 180 180 181 180 180
 182 182 183 186 187 189 188 186 187 189 190 189 189 190 192 192 192 190
 190  30]"
"[ 28  29 116 117 115 115 114 115 114 115 116 118 118 116 114 113 118 118
 119 119 119 120 121 123 119 121 123 124 122 121 122 123 124 124 124 126
 129 131 130 129 127 127 127 128 130 130 130 130 131 133 135 135 134 135
 136 136 139 132 131 136 138 134 131 132 134 136 136 135 135 136 135 132
 130 117 108  98  89  80  77  73  61  53  52  51  47  66  91 117 129 137
 141 143 144 145 149 147 142 145 148 147 145 144 146 148 143 146 148 148
 149 150 148 145 150 150 147 146 149 152 153 154 154 156 158 159 159 159
 160 160 161 161 161 160 161 162 162 162 164 164 164 165 165 165 165 165
 166 167 167 166 166 166 167 167 168 170 171 170 169 170 173 174 173 173
 173 173 175 176 176 174 174 177 178 178 179 179 180 182 180 182 182 181
 183 183 184 186 186 188 188 187 187 188 189 189 188 189 190 189 189 188
 189  30]"
"[ 28  31 118 119 118 116 115 115 115 116 118 120 120 118 116 114 117 118
 120 121 122 122 121 121 119 121 123 124 123 121 122 123 124 125 125 126
 128 131 131 129 129 127 127 130 131 130 130 130 129 131 132 133 134 134
 135 136 137 133 132 133 134 132 132 132 135 136 135 134 135 137 136 132
 122 113 108  98  90  80  78  72  63  58  57  56  54  70  96 120 133 139
 141 143 143 146 150 146 142 143 145 145 139 130 125 123 123 132 146 155
 154 149 149 153 151 150 147 146 151 154 155 156 154 156 158 159 159 159
 159 159 161 162 162 161 160 160 161 161 163 163 163 165 166 165 165 165
 164 166 167 166 166 166 167 167 169 170 170 170 169 171 173 174 175 175
 175 174 176 178 177 175 174 178 179 179 180 180 180 182 180 182 183 183
 184 184 184 185 185 186 187 187 186 187 188 189 188 188 189 189 190 189
 189  29]"
"[ 29  29 115 117 118 117 114 111 114 115 117 119 120 118 116 115 115 117
 120 123 123 122 120 118 120 122 123 124 123 121 121 122 123 125 126 125
 127 130 130 128 132 128 127 129 130 129 129 131 131 130 131 131 132 134
 135 136 134 134 132 130 130 132 134 135 132 133 131 130 134 138 138 134
 126 118 111  97  90  83  80  72  64  62  58  58  63  77 101 123 137 140
 141 142 143 145 147 142 141 136 130 124 110  89  68  57  56  63  86 120
 144 149 148 150 151 150 147 149 155 158 158 157 155 156 158 159 159 159
 158 158 160 162 164 162 160 159 160 162 162 162 163 165 166 166 165 165
 163 166 168 167 166 167 169 169 171 171 171 170 171 172 174 174 174 175
 175 175 177 179 178 175 174 177 178 178 180 180 179 180 180 183 183 184
 185 185 184 185 186 186 186 187 187 187 188 189 189 189 191 192 194 192
 191  28]"
"[ 29  29 115 117 117 117 116 116 117 117 117 118 118 118 118 118 122 122
 122 122 120 119 120 121 121 121 123 124 125 124 123 123 124 124 124 124
 126 128 131 133 133 132 131 130 129 128 128 129 130 130 131 131 133 135
 136 135 133 132 132 135 137 137 138 139 136 138 136 137 137 137 138 135
 131 120 112 103  91  85  81  74  66  64  61  58  58  70  95 117 130 144
 148 145 149 149 146 146 139 131 110  97  84  64  51  40  38  37  43  68
 107 140 151 148 151 150 151 151 144 130 117 111 122 133 146 165 165 161
 157 158 162 160 163 161 160 162 160 163 161 162 162 163 165 166 166 165
 162 166 169 168 167 168 170 171 171 172 172 172 172 172 173 173 173 174
 174 174 176 179 178 175 174 176 177 178 179 181 181 180 181 182 183 185
 185 185 186 187 188 187 186 186 187 188 189 189 193 192 192 192 193 193
 193  30]"
"[ 28  29 115 116 115 115 115 116 116 116 117 118 119 119 119 120 121 121
 122 122 122 121 121 121 122 122 123 124 125 124 124 123 123 124 126 127
 128 128 129 130 131 130 130 131 131 130 130 130 131 131 131 131 132 134
 134 132 135 133 134 137 139 138 138 139 139 139 137 137 137 136 139 138
 128 121 114 104  93  86  80  74  65  61  57  54  50  48  47  46  52  55
  75 109 138 149 147 141 126 116  92  63  48  45  43  41  41  40  37  39
  60  95 125 138 152 153 147 132 109  82  60  50  48  44  65 109 151 168
 160 161 155 158 164 163 161 159 157 161 161 161 162 162 163 164 164 164
 164 167 169 169 169 169 170 170 171 172 172 172 172 172 173 173 174 174
 174 174 175 177 177 175 176 178 180 179 179 180 181 180 182 183 185 185
 184 183 184 185 187 187 187 187 188 189 190 191 193 191 192 192 194 194
 193  28]"
"[ 28  29 115 116 114 114 115 118 115 116 116 117 117 116 116 117 118 118
 120 121 122 122 121 120 122 121 121 123 124 124 124 124 123 125 127 129
 129 130 130 129 128 128 129 130 131 130 130 130 131 131 131 131 132 133
 133 131 132 131 132 137 139 137 137 139 139 138 136 138 138 136 139 140
 121 119 113 105  97  92  85  79  65  61  60  58  53  52  50  43  43  40
  43  49  67 105 133 133 114  97  73  46  42  49  44  41  38  44  46  42
  46  68 102 127 144 149 135 105  75  51  40  40  38  39  41  43  77 128
 157 158 159 159 161 160 160 160 157 160 161 161 162 162 162 163 163 164
 166 166 167 169 170 170 170 170 170 171 171 171 172 173 174 174 174 173
 173 173 173 174 175 176 177 179 180 180 179 179 180 180 181 183 185 185
 183 181 181 183 186 186 186 187 187 188 189 190 191 189 190 192 194 195
 194  29]"
"[ 29  30 116 117 115 115 117 119 115 115 115 117 117 116 115 114 115 116
 118 120 121 121 121 120 122 121 121 122 124 124 123 123 123 125 127 128
 129 131 131 131 128 128 129 130 130 130 129 130 131 131 132 133 134 135
 135 134 133 131 132 136 136 134 134 138 136 138 137 139 138 136 136 135
 122 120 112 104  99  94  85  78  70  66  66  62  51  47  46  39  38  38
  42  40  39  63  96 110 103  79  53  39  44  50  43  39  37  38  42  43
  39  46  74 104 126 131 113  80  57  45  42  47  46  41  39  41  45  70
 128 155 161 161 159 158 160 161 159 160 161 162 163 163 163 164 165 166
 167 165 165 168 171 171 170 170 169 170 171 171 171 173 174 174 173 173
 173 173 173 173 175 178 177 178 179 179 179 179 179 180 181 183 185 186
 184 182 182 183 187 187 187 187 187 188 189 190 191 190 191 193 195 195
 193  29]"
"[ 29  29 115 117 117 117 118 119 115 114 115 118 121 121 118 116 115 117
 119 119 120 121 122 122 123 122 123 124 124 124 123 123 122 125 127 127
 129 131 131 131 130 129 129 130 130 130 130 131 131 131 132 134 136 137
 137 137 140 137 135 137 136 133 134 137 136 139 138 137 136 135 134 129
 121 118 109 101  99  95  86  77  71  62  61  60  52  48  46  38  40  36
  37  39  35  35  46  58  67  56  39  36  39  39  40  39  40  36  38  42
  38  39  60  87 105 102  79  53  46  45  41  40  38  37  38  45  47  51
  92 127 152 159 160 159 161 162 161 163 162 162 164 164 165 165 166 166
 167 165 165 168 170 170 169 168 169 170 171 171 171 173 174 174 175 175
 175 175 175 175 177 180 178 178 178 179 179 180 179 179 182 183 185 186
 186 185 185 186 188 188 188 188 188 189 190 191 193 193 195 195 195 193
 192  28]"
"[ 29  28 114 117 117 118 118 118 116 115 115 118 122 122 119 116 118 120
 122 121 121 122 124 125 123 123 124 124 124 123 122 122 123 126 129 129
 130 131 131 130 130 130 129 130 130 130 131 132 132 131 131 134 136 137
 137 137 143 140 138 138 137 136 137 139 135 138 136 134 135 137 136 129
 120 113 104  98  97  94  86  76  67  58  53  52  48  46  45  39  34  35
  33  31  32  30  25  24  33  40  37  39  38  34  37  36  32  32  37  40
  37  36  47  61  68  67  52  38  41  47  44  39  39  35  36  38  49  46
  66 122 145 159 159 157 161 162 163 162 162 163 164 164 165 165 166 166
 167 166 166 168 169 169 168 168 170 171 172 171 172 173 174 174 175 176
 177 177 176 176 178 180 180 178 177 178 180 180 179 179 182 183 185 186
 187 187 187 187 187 188 188 188 188 189 190 192 193 193 195 195 195 193
 192  29]"
"[ 29  28 114 116 117 118 117 117 117 116 116 118 120 120 118 117 121 123
 123 121 121 123 125 125 122 122 123 124 123 122 123 124 125 128 129 128
 129 131 131 130 131 130 130 130 131 131 131 132 132 131 131 133 135 136
 136 137 139 138 137 137 138 139 140 140 136 137 133 133 136 138 136 130
 122 111 102  96  91  87  78  67  56  51  48  46  46  46  45  40  34  31
  28  29  29  27  25  27  32  36  36  34  33  32  32  31  34  35  37  36
  31  28  31  36  36  41  42  40  44  47  43  39  37  38  42  40  44  43
  49  98 136 155 158 155 160 162 163 160 162 162 162 163 164 165 166 166
 166 167 168 169 169 170 170 169 172 173 173 172 172 173 174 174 174 177
 178 177 176 178 179 179 179 178 178 179 180 180 180 181 184 185 187 188
 187 186 187 189 187 188 189 190 190 190 190 191 193 192 194 195 195 194
 193  30]"
"[ 29  29 115 117 116 117 117 117 116 116 117 119 121 122 122 122 123 123
 122 120 121 123 124 123 121 122 123 123 123 124 125 127 126 128 128 125
 125 129 131 131 133 132 132 132 132 132 132 133 133 131 131 133 135 136
 136 138 137 137 136 136 137 139 139 138 140 138 134 135 137 136 133 126
 118 106  98  94  87  81  73  61  53  48  40  35  39  44  43  39  37  30
  26  25  23  25  25  22  32  30  33  32  34  36  31  34  33  34  35  34
  31  26  25  25  34  37  38  38  40  44  45  42  42  35  35  40  41  44
  47  72 118 147 159 158 160 161 161 160 161 161 161 162 164 166 167 167
 164 167 169 169 169 171 172 171 173 174 173 173 172 173 174 174 173 177
 179 178 177 179 180 180 180 179 179 181 182 182 183 185 188 189 190 190
 188 187 188 190 190 191 193 194 193 192 192 192 197 195 196 196 196 195
 192  29]"
"[ 29  28 116 119 117 117 116 114 111 114 118 118 117 119 123 124 122 120
 121 123 122 122 124 125 121 124 123 123 124 125 130 130 128 126 123 122
 125 128 130 131 132 131 132 133 131 129 130 132 133 131 130 132 135 138
 138 138 138 136 135 137 138 137 137 138 139 138 135 136 136 135 132 125
 114 106  95  92  92  82  66  58  53  47  41  38  38  40  40  40  39  32
  29  27  22  22  25  24  31  30  30  32  33  34  35  36  37  36  35  33
  28  25  26  31  36  38  39  38  39  42  42  41  39  38  38  38  38  38
  47  59 110 146 158 160 159 161 164 161 163 163 162 162 166 169 169 166
 164 166 169 170 169 168 169 172 173 173 172 171 174 177 178 177 177 176
 175 176 178 180 181 181 179 182 183 184 187 187 187 189 188 187 188 190
 190 188 188 190 193 194 195 195 194 194 195 195 195 195 195 195 196 197
 194  28]"
"[ 30  30 119 122 119 117 116 115 113 116 120 120 118 120 122 122 122 122
 124 125 124 124 125 125 123 125 124 125 125 125 128 127 127 125 123 123
 125 127 129 129 131 130 130 131 130 128 129 131 135 133 132 133 135 135
 135 134 137 136 136 137 137 137 137 137 135 137 137 137 135 133 131 125
 106 101  96  93  90  87  75  59  52  49  45  42  40  40  40  40  40  35
  34  33  28  25  25  23  27  29  31  33  32  32  34  37  39  38  35  30
  26  26  29  33  36  38  40  40  40  41  41  40  42  40  36  35  37  38
  41  46  92 136 153 155 161 158 161 162 165 165 165 165 167 171 172 170
 169 169 171 172 172 171 172 174 174 175 176 176 177 179 180 180 179 178
 178 179 180 181 181 181 181 183 184 186 188 188 187 189 190 188 189 191
 190 188 188 191 193 194 194 194 194 194 194 195 196 195 196 195 197 198
 195  30]"
"[ 29  31 120 123 119 117 116 115 115 118 122 123 121 121 123 122 120 122
 125 127 125 125 127 127 124 126 125 126 126 126 127 126 128 128 129 129
 131 132 131 130 130 129 129 130 130 130 130 131 137 136 136 136 136 135
 134 134 136 137 138 138 137 138 138 137 136 137 136 136 135 132 127 117
 102  97  95  90  86  89  80  59  53  50  47  44  41  40  42  43  42  39
  36  35  31  26  23  22  22  24  27  28  29  30  33  37  37  36  31  26
  24  27  32  35  38  39  40  40  39  39  40  41  39  38  33  31  34  37
  37  38  63 115 140 151 168 162 163 167 167 167 167 166 167 170 172 172
 173 172 173 175 175 175 174 175 175 178 180 180 180 180 180 180 180 180
 180 181 182 182 181 181 182 184 184 185 187 187 186 187 191 189 189 190
 190 189 189 192 193 193 193 193 194 194 194 195 196 195 196 195 196 197
 195  29]"
"[ 28  30 119 122 120 118 118 117 116 118 122 123 121 122 123 122 120 122
 126 127 125 124 126 126 124 126 125 128 129 128 129 127 126 128 131 132
 133 133 132 129 129 129 130 131 133 133 133 134 135 135 134 134 133 132
 133 133 135 137 137 137 137 139 139 137 136 137 136 137 137 135 128 116
 103  99  95  89  86  89  83  67  57  52  46  44  43  44  45  46  43  40
  36  34  32  27  23  23  24  23  23  25  29  33  36  39  31  29  26  23
  24  29  35  38  40  39  39  39  39  39  40  41  38  39  36  33  33  35
  38  42  68 116 142 159 174 168 164 165 167 168 168 167 167 168 170 171
 174 173 174 176 177 175 175 175 177 179 180 180 180 179 179 179 180 180
 180 181 181 182 182 181 182 184 183 183 185 186 186 187 191 190 189 190
 189 189 190 192 194 193 193 193 194 195 195 195 196 195 195 194 195 196
 193  28]"
"[ 29  29 118 121 121 121 122 121 120 120 122 122 121 121 122 121 122 124
 127 126 123 124 125 125 125 126 125 129 130 130 131 130 127 129 130 131
 132 133 133 131 129 130 132 133 134 135 136 136 136 135 134 133 133 133
 134 135 135 136 135 135 137 140 140 137 136 139 139 137 133 127 121 111
 101  96  90  87  89  87  80  75  66  58  50  48  49  49  46  44  41  37
  33  33  32  28  25  26  25  23  22  23  27  30  33  34  27  24  23  25
  29  32  36  40  40  39  38  40  41  40  39  38  38  38  36  34  31  30
  34  41  54  99 129 158 165 167 166 166 166 167 169 168 168 169 170 172
 172 173 175 177 176 175 174 176 178 177 177 178 179 179 179 180 181 181
 181 181 181 181 182 182 184 185 184 183 185 186 187 189 191 190 189 189
 189 189 190 192 194 193 193 194 194 195 196 195 196 196 196 195 196 197
 194  28]"
"[ 29  29 117 121 122 123 124 123 125 123 124 124 122 121 121 120 122 123
 125 125 124 127 129 128 127 127 126 129 130 130 132 131 130 131 129 128
 129 133 135 134 129 131 134 136 135 135 136 137 139 137 135 135 135 135
 136 137 138 137 136 137 140 142 142 140 139 140 138 137 131 122 114 103
  97  94  88  88  91  85  77  76  72  64  58  57  58  54  47  42  37  33
  30  33  33  30  28  28  24  24  24  24  24  24  24  25  24  22  22  27
  31  33  36  40  38  38  38  40  42  40  37  34  35  35  33  32  31  29
  32  38  43  88 126 163 162 165 166 164 166 167 169 170 170 170 171 172
 171 172 175 176 176 174 175 177 176 175 174 175 178 179 180 180 182 182
 182 181 180 181 182 183 185 186 185 184 186 187 188 190 190 190 190 190
 190 190 191 192 194 194 194 194 195 195 196 196 195 195 196 196 198 198
 195  29]"
"[ 29  29 118 122 122 122 123 122 122 120 122 123 123 123 123 121 123 124
 125 125 126 129 132 130 129 128 126 128 129 129 131 132 130 130 128 126
 128 132 134 132 129 133 138 139 137 136 137 138 137 136 134 135 137 137
 137 137 142 141 140 142 144 145 144 143 143 142 139 140 135 125 115 104
  98  95  94  94  92  87  81  76  69  65  63  64  62  56  49  45  41  34
  33  36  35  33  33  32  31  30  28  28  28  26  24  23  23  22  22  26
  30  33  36  38  38  38  38  38  38  38  35  31  34  35  33  30  31  32
  36  40  37  81 123 161 163 164 167 166 167 168 169 171 171 171 171 172
 171 171 173 175 175 174 176 178 177 175 175 176 178 179 179 180 182 183
 182 181 180 181 183 184 185 187 186 185 186 186 187 190 190 190 191 192
 192 192 192 193 193 194 194 195 195 195 195 195 195 195 197 197 198 199
 195  29]"
"[ 29  31 120 124 122 121 121 120 114 113 117 121 123 124 124 122 127 127
 127 126 126 129 131 128 130 129 126 127 128 128 131 132 132 133 132 131
 132 136 135 132 130 135 140 141 139 138 139 141 138 137 137 139 142 143
 142 141 144 143 143 146 147 145 144 145 147 146 144 142 131 116 106  97
  94  92  95  94  89  88  85  74  63  62  64  66  63  56  52  51  50  40
  38  41  39  38  40  38  37  32  28  28  30  30  26  22  23  23  23  24
  28  33  37  37  39  39  38  35  34  35  34  31  30  32  30  25  24  29
  34  39  42  81 117 151 159 161 168 169 170 170 171 172 172 171 171 172
 171 171 172 174 174 175 176 178 180 179 178 180 180 179 178 179 181 182
 182 181 181 181 183 185 185 187 188 187 187 186 187 190 190 191 192 193
 193 194 194 194 193 194 195 195 195 195 195 195 196 196 198 198 199 199
 195  29]"
"[ 30  28 119 117 120 123 121 122 117 120 122 122 122 123 125 126 128 129
 128 127 128 130 130 128 129 130 129 128 129 132 134 135 134 136 136 135
 136 138 138 137 131 132 139 142 138 138 142 142 143 144 145 145 145 144
 144 144 146 146 146 145 145 145 146 147 147 145 145 145 128 108  98  87
  87  89  88  86  86  88  85  80  69  61  60  63  60  58  58  58  56  54
  53  51  46  44  42  40  37  31  27  28  30  32  29  24  25  22  19  20
  25  31  34  36  38  38  36  33  32  32  33  33  31  30  27  26  27  30
  34  38  53  78 112 154 162 165 173 170 171 172 171 170 170 172 172 172
 173 173 172 173 175 175 176 178 177 178 178 178 179 180 180 179 181 182
 183 182 181 181 182 184 188 187 187 187 187 187 189 190 190 192 193 194
 194 195 195 194 195 196 196 195 194 194 196 197 196 196 197 199 201 201
 199  29]"
"[ 29  28 121 120 122 124 121 121 123 125 127 128 127 127 128 128 128 128
 128 127 128 130 131 131 131 132 132 132 133 136 138 138 138 139 139 137
 137 138 138 136 137 137 139 140 139 142 144 141 142 144 145 146 146 145
 146 147 146 146 146 146 145 146 146 147 147 143 140 138 122 104  95  85
  81  83  84  82  83  86  85  82  79  69  65  64  61  60  60  59  60  60
  61  58  52  48  46  44  38  33  31  31  32  34  32  28  25  22  20  21
  25  29  32  35  31  34  34  32  31  32  33  31  29  29  30  30  30  32
  35  39  52  73 111 154 162 164 172 170 171 170 170 170 172 173 174 174
 174 174 173 173 175 176 175 177 178 178 179 179 179 179 179 178 182 183
 184 184 183 183 184 186 186 186 186 187 188 188 189 190 192 193 194 194
 194 194 194 194 195 196 196 196 196 196 198 199 197 198 198 200 201 201
 199  29]"
"[ 28  29 125 125 126 126 124 123 126 128 130 131 130 129 130 130 132 131
 129 129 129 129 132 134 135 135 135 134 135 137 138 138 139 139 139 137
 138 139 138 137 139 139 140 139 140 144 144 139 142 144 145 145 145 145
 147 148 146 147 147 147 146 146 147 147 148 143 137 129 111  94  85  75
  74  79  82  83  85  87  88  86  83  80  76  71  64  62  64  65  65  64
  65  66  64  59  53  47  40  36  34  34  33  34  33  30  24  22  20  21
  23  26  29  31  29  33  34  33  31  31  29  27  27  28  31  32  32  33
  36  39  47  64 110 155 165 168 172 172 172 171 170 172 173 174 175 177
 176 176 174 174 177 178 177 178 178 179 180 179 180 180 180 180 181 182
 183 184 184 184 185 186 187 186 186 188 189 189 190 191 192 194 195 195
 194 194 194 194 196 196 197 197 197 198 199 200 199 200 200 201 201 200
 198  29]"
"[ 28  30 128 130 130 130 128 127 126 127 129 130 130 129 130 131 134 132
 130 130 129 130 133 137 137 137 136 135 135 136 137 137 139 138 138 138
 139 141 141 140 137 139 142 142 140 141 141 140 143 144 145 144 142 142
 145 147 147 148 148 148 147 147 147 147 145 141 135 124 105  90  82  76
  70  76  83  87  88  90  89  87  83  85  86  80  73  70  70  71  72  71
  72  75  75  72  64  56  45  40  36  34  33  33  33  30  25  23  20  20
  22  24  26  28  29  30  32  33  32  30  27  25  27  27  29  30  30  32
  36  39  46  60 108 151 163 170 173 173 173 171 171 172 173 172 174 177
 177 177 175 174 177 179 179 179 179 180 180 180 181 182 182 182 180 181
 182 183 185 185 186 186 188 187 186 187 188 189 190 191 192 194 196 195
 194 194 195 196 196 196 197 197 198 198 198 199 200 201 201 201 201 200
 198  29]"
"[ 28  30 130 131 130 131 131 130 127 128 129 131 130 130 130 131 132 131
 131 131 130 131 135 140 137 136 136 136 136 137 139 140 140 139 139 140
 141 143 143 143 139 141 143 144 142 139 140 143 145 145 145 142 140 141
 143 146 146 147 147 147 147 146 146 147 144 140 132 116  96  82  75  74
  69  76  83  88  90  90  88  85  84  88  88  86  84  83  79  76  73  74
  76  76  73  69  66  63  51  45  39  35  34  34  34  31  29  26  22  21
  23  25  26  27  26  24  26  31  33  30  27  28  29  27  25  26  28  31
  36  40  51  61 105 142 158 168 172 173 173 172 172 173 171 170 172 176
 177 177 174 173 176 178 178 179 179 180 180 181 181 182 183 182 179 180
 182 184 186 187 187 187 187 186 186 188 189 190 190 191 193 195 196 195
 194 194 195 196 196 196 197 197 197 197 197 196 199 201 201 202 202 201
 198  29]"
"[ 29  29 128 130 127 130 132 131 131 130 131 133 132 130 130 131 134 134
 133 132 131 132 135 139 137 136 136 136 137 137 137 139 138 138 138 140
 142 144 146 146 146 145 143 144 144 141 141 146 146 146 145 143 142 142
 144 146 145 146 146 146 146 146 146 147 146 138 125 105  86  73  67  70
  73  78  84  88  90  90  87  84  84  88  89  87  88  88  85  84  87  84
  83  80  76  73  71  69  55  48  41  37  36  36  35  32  32  29  25  23
  23  24  25  25  24  22  24  30  32  30  28  29  29  26  23  23  26  31
  36  40  50  60 102 138 161 170 173 172 172 172 173 174 172 172 174 178
 178 179 176 174 177 178 178 178 180 180 180 180 181 182 182 181 181 181
 183 185 187 188 188 188 185 186 188 191 192 192 192 192 194 196 196 195
 194 194 195 196 196 196 196 197 197 197 196 195 200 201 202 203 203 202
 199  29]"
"[ 29  28 127 128 125 129 132 132 131 131 133 135 134 132 130 131 134 135
 135 133 132 132 134 136 137 136 136 137 137 136 136 136 136 136 137 139
 141 143 145 146 147 147 144 142 143 141 141 146 146 146 145 145 145 146
 146 146 146 147 147 146 146 146 146 147 145 132 116  98  84  74  68  72
  75  78  83  88  90  89  84  80  77  83  85  85  87  87  87  89  93  88
  83  81  77  75  71  66  57  51  45  42  40  40  38  35  34  31  28  25
  23  22  22  24  25  25  26  28  29  28  26  25  23  22  22  23  26  29
  33  36  46  57  95 135 165 171 173 172 172 173 174 174 174 176 177 179
 178 180 178 176 178 180 179 178 180 179 179 179 181 182 182 181 183 183
 185 186 187 188 189 189 186 187 190 192 194 194 194 194 195 196 196 195
 194 195 196 196 197 196 197 198 199 199 198 197 202 202 202 203 203 202
 200  30]"
"[ 30  28 127 127 125 129 134 134 130 130 132 136 136 133 131 132 129 131
 133 131 131 133 135 135 135 134 136 138 139 137 137 138 138 137 138 139
 140 140 142 143 141 146 145 141 141 140 140 145 146 146 146 147 148 148
 146 145 149 149 149 148 146 146 146 146 142 126 108  92  81  73  64  67
  72  75  80  86  90  88  80  74  72  76  77  79  86  88  87  88  91  89
  87  84  79  74  69  65  58  53  50  47  44  43  41  37  35  34  31  28
  23  21  21  23  23  26  28  26  25  25  24  22  16  18  21  24  25  27
  29  32  48  57  88 129 162 167 171 174 171 172 173 173 175 177 178 178
 177 180 179 177 179 180 179 179 180 179 178 179 181 183 183 181 185 186
 187 188 188 188 189 189 187 188 189 191 192 192 194 195 194 195 195 194
 195 196 197 197 197 197 197 199 201 201 200 199 204 203 203 203 204 203
 200  30]"
"[ 30  28 125 127 128 131 131 130 128 130 131 132 131 131 132 132 130 130
 130 131 131 131 133 136 137 136 136 136 137 137 138 138 141 139 138 140
 140 139 138 138 140 142 143 141 139 139 143 145 144 144 145 147 147 146
 146 147 149 152 151 148 149 148 147 148 147 122 101  86  78  70  66  60
  67  70  83  87  88  82  78  73  67  66  66  73  89  87  88  89  89  90
  90  85  79  75  70  63  63  58  53  48  44  42  41  38  39  36  35  33
  26  21  20  20  22  24  27  25  25  23  19  19  16  19  22  23  24  23
  26  31  46  57  84 123 160 171 168 173 174 174 174 176 177 177 177 178
 177 179 180 179 180 180 179 180 183 181 178 180 183 182 182 186 188 186
 188 189 188 187 187 186 188 190 191 192 193 194 195 194 195 196 196 195
 195 197 198 198 198 200 201 200 201 202 204 204 205 205 203 204 203 204
 204  29]"
"[ 29  28 126 128 129 130 129 128 130 130 130 130 131 131 132 132 131 130
 130 132 133 133 134 136 137 137 136 137 138 139 139 138 140 140 139 138
 140 142 144 144 144 145 144 143 141 142 144 145 145 145 145 145 146 147
 149 150 152 153 151 149 148 146 146 149 138 116  91  76  68  67  64  57
  59  61  75  82  82  78  73  68  62  54  49  54  72  87  93  87  85  88
  90  87  81  76  73  70  63  62  59  51  42  39  41  42  39  36  36  36
  31  25  23  23  21  22  24  22  22  22  18  19  18  20  22  23  24  24
  26  30  48  65  76 125 161 168 175 174 177 175 176 178 179 178 177 177
 177 179 179 179 180 181 181 182 184 183 181 183 185 183 182 185 188 187
 188 189 187 187 187 186 191 192 193 194 194 195 195 195 195 196 196 196
 196 198 199 198 199 200 201 200 201 202 203 202 204 205 205 208 206 206
 204  29]"
"[ 28  29 128 131 130 130 128 127 131 130 130 130 131 132 133 133 132 131
 131 133 136 137 138 139 138 137 137 138 140 141 140 140 140 142 142 138
 139 144 147 146 145 145 144 144 143 144 144 145 145 145 145 146 147 149
 150 151 150 149 148 148 147 146 148 152 132 112  89  78  65  62  56  52
  46  46  62  77  77  76  71  65  58  49  44  45  52  73  86  86  82  83
  83  82  83  81  76  72  67  67  65  57  45  40  41  42  39  36  37  39
  35  29  25  24  23  23  24  21  21  21  19  19  19  21  23  24  26  26
  28  33  46  65  67 123 160 168 177 172 175 174 175 178 180 180 179 179
 179 181 181 180 182 183 183 185 186 185 185 186 187 185 183 185 188 187
 189 190 188 188 189 189 193 194 195 195 195 195 196 195 195 196 197 197
 198 199 200 199 201 201 201 201 202 204 204 202 203 205 206 208 206 206
 204  29]"
"[ 29  30 130 132 132 131 129 127 129 130 130 131 132 133 134 134 134 133
 133 134 137 138 138 137 138 137 138 139 141 142 141 140 139 142 143 140
 140 144 145 144 144 144 144 144 145 145 145 146 146 146 147 148 149 150
 149 148 151 150 150 149 149 148 147 145 124 102  83  79  68  59  52  51
  40  38  55  77  76  76  69  65  58  51  44  41  35  48  64  80  88  89
  84  81  83  83  78  73  72  70  67  60  52  47  44  41  39  37  38  39
  37  34  30  25  25  23  25  22  19  20  19  19  19  21  23  24  26  28
  32  39  46  63  75 123 158 169 172 171 174 175 176 178 180 180 181 181
 181 183 182 181 182 184 184 186 187 187 187 187 188 186 185 187 187 187
 189 191 190 190 192 193 194 195 196 195 196 196 197 196 196 196 197 198
 199 200 201 201 202 202 201 201 204 206 206 204 204 205 206 206 204 205
 204  29]"
"[ 29  30 130 132 132 132 130 129 128 130 132 132 132 131 133 134 136 135
 134 134 135 136 134 133 136 136 138 139 140 140 140 139 137 139 141 141
 141 142 143 144 144 144 145 146 146 146 146 148 147 148 149 149 150 150
 149 147 151 150 151 151 153 155 149 138 120  96  82  76  71  60  55  52
  48  42  58  79  77  74  68  65  59  53  44  38  30  30  30  43  66  76
  83  82  80  81  81  80  74  70  66  61  56  53  49  45  41  39  39  39
  40  41  38  30  24  20  21  20  17  18  18  19  18  21  23  23  25  27
  34  42  52  69  93 129 158 167 171 174 177 178 179 179 178 179 180 181
 181 183 182 181 182 183 184 185 186 187 186 186 187 186 186 189 186 186
 189 191 191 192 194 195 195 196 197 196 196 197 197 197 197 197 197 198
 199 201 202 202 203 202 202 202 204 206 206 204 205 207 207 207 204 206
 204  30]"
"[ 28  29 129 131 130 131 131 130 127 130 132 132 131 130 132 134 136 136
 135 134 135 135 135 133 134 135 137 138 137 137 138 138 138 137 138 140
 140 138 140 143 144 144 146 148 147 145 146 147 147 148 147 147 148 149
 149 147 145 146 148 150 152 155 147 130 109  96  89  80  72  61  58  54
  55  51  64  80  78  75  69  66  56  53  45  35  30  27  14  16  25  42
  67  82  83  82  82  81  77  72  67  61  55  53  50  47  42  40  39  39
  41  46  45  40  27  17  17  18  16  16  17  19  20  23  24  24  25  27
  34  43  57  69  93 133 161 168 176 174 177 179 179 178 177 178 181 182
 181 183 183 182 184 185 185 186 187 187 186 186 187 187 187 190 188 188
 190 193 192 193 195 195 195 196 196 196 196 196 197 197 197 197 198 199
 199 200 201 203 203 203 203 202 204 205 205 204 206 209 210 210 208 209
 205  29]"
"[ 29  29 128 129 129 131 131 131 129 130 131 131 131 132 134 136 136 137
 136 135 135 136 137 136 134 135 137 136 135 134 137 139 139 138 139 141
 140 138 139 141 144 144 146 147 147 145 144 146 147 147 146 145 147 149
 150 148 147 146 149 150 148 146 136 119  96  89  86  81  71  63  60  57
  55  57  72  79  80  78  71  64  53  49  44  29  26  28  24  24  15  24
  52  79  87  87  85  79  82  77  72  66  58  54  52  48  43  40  39  40
  42  46  49  49  37  20  16  17  15  16  17  18  21  23  23  24  27  30
  36  43  55  60  86 136 162 171 178 176 178 178 178 177 177 179 181 181
 181 184 184 184 186 187 186 187 189 189 188 187 188 188 189 191 190 190
 192 194 194 195 196 195 194 195 196 195 195 196 197 197 196 197 198 200
 199 199 201 203 203 204 204 203 204 205 206 205 208 211 211 212 209 210
 206  29]"
"[ 29  29 127 129 129 131 131 131 131 131 131 131 132 134 137 140 137 139
 138 136 135 135 136 135 135 137 138 136 133 133 137 140 137 138 140 143
 144 143 143 144 144 144 145 147 148 145 144 145 147 147 147 147 148 151
 151 149 148 146 150 151 146 142 133 118 104  88  77  79  71  66  59  56
  52  61  78  79  82  79  70  58  50  43  47  35  29  29  27  23  25  21
  42  72  83  87  91  90  85  81  76  72  66  62  57  52  44  40  40  43
  43  45  51  55  47  25  16  17  15  15  16  17  20  21  21  23  28  31
  37  43  50  53  88 143 161 171 174 182 181 181 179 177 178 179 180 179
 181 184 185 185 187 187 186 187 191 192 191 190 191 190 190 191 191 190
 192 195 194 195 196 195 194 195 195 195 196 197 198 198 196 197 199 200
 200 199 200 202 203 205 205 205 204 206 207 207 209 211 211 211 209 210
 206  29]"
"[ 29  28 129 129 131 129 131 131 132 132 133 133 134 136 137 137 136 138
 138 135 134 136 136 134 137 138 139 138 138 138 138 139 138 141 144 145
 145 144 144 143 145 145 146 147 146 145 145 146 148 147 146 147 147 147
 149 152 148 146 149 150 145 140 130 116 107  93  81  75  69  64  59  55
  51  56  79  83  82  83  71  53  45  44  42  34  30  30  26  25  24  25
  29  58  79  83  93  93  88  86  80  78  73  65  59  53  46  41  42  42
  42  45  48  53  54  38  19  13  15  16  15  17  20  24  22  26  31  35
  32  40  43  52  96 146 162 173 179 182 179 180 180 180 178 178 179 182
 183 185 187 188 187 187 188 190 191 190 189 190 191 192 191 189 190 192
 194 196 195 195 195 196 194 194 194 195 198 197 198 201 197 197 198 199
 200 201 201 201 203 204 206 209 208 207 207 210 210 209 210 210 211 212
 209  28]"
"[ 29  29 130 130 131 130 132 132 133 134 135 135 135 135 134 132 135 135
 136 136 135 134 135 136 136 137 138 139 139 140 141 142 140 141 142 144
 144 144 144 144 146 146 147 148 147 145 145 146 146 145 146 149 150 148
 148 149 151 149 148 148 145 138 125 111 103  92  80  72  66  61  56  52
  47  62  83  88  85  80  64  57  49  45  40  32  29  30  30  32  31  32
  23  32  55  79  98  93  90  88  83  82  78  68  60  54  48  42  40  39
  38  42  46  52  57  50  35  21  16  16  17  19  23  23  23  29  31  34
  36  46  51  68 114 153 167 175 181 181 180 181 182 183 182 181 181 183
 185 186 187 188 188 188 189 190 193 191 191 192 193 194 193 192 192 193
 195 196 196 195 195 195 197 196 194 196 198 198 197 199 198 198 199 200
 201 201 202 202 203 204 206 209 209 208 208 211 211 210 212 212 212 212
 210  29]"
"[ 29  29 129 129 130 129 132 132 132 134 135 135 135 134 132 130 137 136
 137 139 137 133 133 137 137 137 138 139 140 141 143 143 142 140 139 141
 142 142 142 144 146 144 145 146 147 146 146 147 146 145 147 150 151 149
 148 150 150 150 149 148 147 138 121 108  92  84  75  67  60  55  49  44
  46  63  79  87  88  82  59  55  47  41  36  31  29  32  35  41  44  43
  26  20  32  57  88  95  96  93  87  87  82  71  62  55  49  43  41  39
  38  40  42  46  53  55  47  30  21  22  24  25  27  29  30  33  31  33
  40  52  67  95 141 164 175 179 184 183 182 183 184 186 185 184 183 183
 186 187 187 188 189 190 190 190 193 192 192 192 194 194 194 193 194 195
 196 197 197 197 196 196 198 197 195 196 198 198 196 197 197 198 199 199
 200 200 201 202 202 203 206 209 209 208 209 211 211 212 214 213 213 212
 210  30]"
"[ 28  29 129 129 130 129 131 131 131 132 133 133 133 134 134 134 136 136
 137 139 137 132 133 137 138 138 138 138 139 141 142 143 143 140 138 140
 140 139 141 144 143 141 140 143 147 148 147 147 147 146 147 150 150 148
 149 153 150 150 147 149 152 141 118 103  87  81  76  70  62  54  48  43
  55  69  80  85  88  81  59  51  46  38  33  31  31  33  37  46  57  55
  41  31  28  41  75  97 101  97  91  89  83  72  64  57  52  45  42  40
  39  40  40  42  51  55  51  37  29  27  26  26  28  34  32  32  35  36
  42  52  72 106 148 164 171 176 180 182 184 184 185 186 186 184 183 183
 186 187 188 189 189 190 190 190 192 192 192 193 194 194 194 193 195 195
 195 196 196 197 197 197 198 198 196 197 199 199 196 196 197 198 199 199
 199 199 201 202 202 204 207 209 210 209 209 211 212 212 213 213 213 213
 210  29]"
"[ 29  29 130 130 131 129 131 131 132 132 132 132 132 133 135 136 131 133
 136 137 135 134 135 137 138 138 137 137 138 140 142 143 143 141 140 141
 140 139 140 144 142 139 138 142 147 149 148 147 147 147 148 150 148 147
 149 153 153 152 146 147 152 140 113  97  90  83  78  75  65  54  48  46
  57  71  86  86  86  81  72  62  52  41  34  31  29  31  38  50  62  63
  53  42  33  40  68  89 100  98  94  91  85  74  67  60  58  48  43  39
  39  42  43  45  48  51  50  46  40  32  29  31  30  36  30  33  43  38
  43  58  92 126 158 172 175 180 178 182 185 184 184 185 185 184 184 184
 187 188 189 190 190 190 190 191 192 193 193 194 195 195 195 195 194 194
 194 194 195 196 197 198 198 200 200 199 200 199 197 197 198 199 200 200
 200 200 202 203 203 205 208 211 211 211 210 211 212 210 211 211 213 214
 210  29]"
"[ 29  29 130 130 130 128 131 132 133 133 133 131 130 131 132 133 132 135
 138 137 137 137 138 138 137 138 138 138 139 141 142 143 143 142 142 142
 141 139 141 144 144 141 141 144 149 150 149 148 145 147 149 149 148 146
 148 150 151 153 149 147 146 131 110 100  92  83  77  73  62  51  47  48
  52  64  82  83  84  83  84  73  57  44  34  28  26  30  40  55  62  62
  54  43  32  33  54  72  95  97  96  94  88  79  72  65  58  49  45  42
  42  44  44  46  44  47  51  53  48  39  35  38  36  42  39  44  50  39
  54  83 121 147 170 180 180 183 178 182 186 186 185 186 186 186 187 187
 188 189 190 191 190 190 191 192 192 193 194 195 196 196 195 195 194 194
 195 195 196 197 199 199 200 202 201 200 200 199 197 197 199 200 201 201
 201 202 203 203 204 206 209 211 212 212 211 211 211 209 211 212 214 215
 212  29]"
"[ 28  29 130 129 130 128 132 133 134 134 133 131 130 131 132 134 136 137
 139 139 138 139 139 139 137 138 139 140 140 140 141 141 142 142 142 142
 142 141 142 144 145 144 144 147 148 148 147 147 145 147 149 149 148 147
 147 147 148 152 151 147 139 124 108 102  92  84  77  71  61  51  49  51
  56  65  75  80  82  83  79  68  55  43  35  29  27  30  40  55  61  59
  53  45  34  32  47  64  90  96  97  94  88  80  74  67  57  50  48  46
  44  44  43  45  46  48  51  53  52  45  38  38  40  47  51  55  54  48
  81 117 148 164 179 183 185 187 185 188 187 187 187 188 188 188 188 189
 189 190 190 191 191 191 191 191 192 193 194 195 195 195 195 195 194 196
 197 199 199 200 200 201 201 202 200 198 200 200 199 198 199 200 201 202
 202 202 202 203 204 206 208 210 211 212 212 212 212 211 214 214 216 216
 212  29]"
"[ 29  29 130 129 130 129 133 136 135 135 133 130 130 132 136 139 135 135
 136 138 139 138 139 140 138 139 141 141 140 139 138 138 143 143 142 142
 143 144 145 145 144 145 146 148 147 145 145 146 146 148 149 148 148 148
 148 146 150 150 148 145 138 123 105  94  87  81  76  69  60  53  52  52
  59  69  74  82  84  84  74  67  53  44  38  34  30  30  37  50  59  59
  55  48  44  47  59  68  88  95  96  91  83  77  73  66  59  52  49  45
  41  41  42  46  42  45  46  48  53  52  45  39  39  45  52  54  54  64
 109 138 170 178 186 181 182 182 183 184 186 186 187 188 188 187 187 188
 190 189 189 190 191 192 191 190 192 193 195 195 195 195 195 195 194 196
 199 201 201 201 201 201 202 202 199 198 200 202 201 200 199 200 201 202
 203 203 202 202 205 206 208 209 211 213 213 213 214 214 217 217 218 216
 211  28]"
"[ 30  28 130 128 130 132 133 134 134 137 136 135 138 138 136 137 135 130
 132 138 138 137 138 138 137 141 144 143 141 140 138 136 142 144 144 145
 147 147 145 146 145 146 148 150 149 146 146 147 148 147 147 149 150 150
 149 149 148 150 149 146 136 121 107  91  84  80  77  68  59  55  51  53
  66  72  76  80  82  79  72  63  54  42  36  31  29  27  29  49  58  59
  61  56  62  66  74  79  87  93  95  92  82  77  77  68  62  53  45  42
  41  44  44  41  36  36  38  47  52  53  53  49  45  47  48  57  60  92
 135 156 177 178 179 181 182 183 183 183 185 186 187 188 188 188 188 189
 189 189 190 190 190 188 187 187 190 193 195 196 195 195 195 195 196 195
 197 200 200 198 199 202 201 201 201 201 201 201 200 199 199 200 201 203
 204 202 203 207 208 207 207 209 212 212 213 213 215 213 214 214 216 217
 212  29]"
"[ 29  28 131 130 131 132 133 134 137 136 132 132 138 140 138 138 136 132
 134 138 138 138 139 139 138 141 142 142 141 140 140 139 143 144 143 144
 146 147 146 146 147 148 149 150 148 146 145 146 146 146 146 147 148 149
 150 151 149 147 146 145 135 118 103  91  85  80  75  65  57  52  51  55
  66  75  81  82  79  73  67  59  52  43  39  33  30  27  27  41  57  62
  65  64  72  74  77  79  89  95  96  94  86  79  75  66  62  54  47  44
  43  44  43  40  38  37  37  43  49  53  56  53  54  50  56  60  88 129
 161 171 180 180 182 183 185 185 185 185 187 186 186 187 188 189 189 189
 190 189 189 189 189 188 189 191 191 193 195 195 195 195 195 195 195 196
 198 200 200 198 198 200 201 200 201 201 202 202 200 198 197 198 200 202
 203 203 204 208 210 209 209 211 213 214 214 215 216 214 215 215 217 217
 211  29]"
"[ 29  28 132 131 133 133 133 134 136 134 130 131 137 140 138 137 137 135
 136 138 138 139 139 138 139 139 140 140 140 140 141 143 144 144 143 143
 145 146 146 146 145 147 148 147 147 147 147 147 146 148 148 147 147 149
 152 153 154 148 142 141 130 112  99  90  86  81  77  70  62  55  52  56
  64  76  82  83  79  73  68  59  49  43  40  32  26  24  25  37  49  64
  69  73  81  80  81  79  89  95  95  93  89  81  74  67  58  52  47  46
  46  46  44  40  39  38  37  41  46  52  58  56  57  60  72  87 113 150
 164 181 181 181 182 184 186 187 187 186 188 186 185 186 188 190 189 189
 190 189 189 190 190 190 192 194 193 194 195 195 195 195 195 195 195 197
 199 200 200 200 199 199 201 200 200 201 203 202 200 198 196 198 199 201
 204 203 205 208 209 209 210 212 213 214 215 215 217 215 216 216 217 217
 211  28]"
"[ 30  29 133 132 133 133 132 133 133 133 133 133 136 138 138 138 138 138
 138 138 138 139 139 137 140 139 139 140 140 140 142 144 145 145 143 143
 145 146 146 147 144 145 146 145 146 148 149 148 148 150 150 147 146 148
 152 153 153 149 147 146 133 112  98  89  84  78  76  72  64  55  49  52
  60  73  81  83  81  77  71  61  47  42  39  32  26  25  27  38  47  70
  76  79  84  81  82  77  82  91  91  87  85  80  73  68  58  53  49  48
  47  47  45  41  39  39  38  39  42  49  58  57  55  55  64  88 125 159
 166 185 180 181 182 184 186 187 187 187 188 187 186 187 188 189 189 188
 188 189 190 192 192 192 193 194 194 195 195 195 195 195 195 195 195 198
 200 200 201 202 202 201 201 201 200 201 202 202 200 199 199 201 201 202
 204 203 204 207 208 209 210 211 212 213 214 215 217 216 217 216 217 218
 211  28]"
"[ 30  30 133 133 133 133 133 134 134 133 133 134 134 137 138 138 137 138
 139 138 139 140 139 138 141 140 140 141 142 141 142 144 145 145 144 144
 146 147 146 147 147 147 146 145 147 149 149 148 148 151 152 148 145 147
 150 151 151 149 146 142 127 110 100  93  86  77  72  69  63  54  48  50
  54  68  79  82  79  73  66  57  48  40  36  34  31  29  34  44  60  81
  83  83  84  83  83  75  74  85  88  82  80  79  72  66  64  60  56  53
  49  47  44  41  39  39  37  36  37  45  56  57  58  56  66  86 141 163
 175 179 181 182 183 185 186 187 187 187 187 187 188 188 188 188 188 187
 187 188 190 192 193 192 192 193 195 195 195 195 195 195 195 195 195 198
 200 199 200 202 202 201 201 201 201 201 201 201 201 201 202 203 203 203
 204 203 203 205 208 209 211 211 212 213 214 215 216 216 217 217 218 219
 213  29]"
"[ 28  29 133 133 134 134 134 134 135 132 131 131 132 136 138 137 137 138
 138 138 141 141 140 140 142 142 143 144 144 144 144 145 146 146 145 145
 146 147 146 147 148 147 146 146 148 150 150 148 148 151 152 149 147 148
 150 151 151 151 147 139 122 107  99  93  84  76  71  68  63  55  47  48
  47  62  74  78  73  64  57  50  46  40  37  35  29  32  46  61  78  88
  85  85  84  87  86  79  75  83  89  83  80  80  72  65  66  62  59  55
  50  46  44  41  39  37  33  32  33  42  55  60  56  61  73 106 154 170
 184 186 183 183 184 185 186 186 186 185 186 188 189 189 188 187 187 188
 189 189 190 192 193 193 193 193 195 195 195 195 195 195 195 195 196 198
 200 200 201 202 203 202 202 202 202 202 201 201 201 202 202 203 203 203
 203 203 203 205 208 210 211 212 212 214 215 215 217 217 218 217 219 220
 214  30]"
"[ 28  29 134 134 136 135 134 134 134 132 132 132 132 135 139 137 139 140
 138 138 142 142 141 143 144 145 145 144 144 145 146 145 146 147 146 145
 146 146 146 148 148 145 144 146 149 151 151 150 149 150 151 150 148 148
 150 152 150 152 151 145 128 109  98  89  80  73  70  66  61  54  47  47
  50  60  68  72  68  60  53  47  43  41  40  39  36  44  65  80  90  89
  86  89  85  89  90  89  84  84  87  83  80  80  72  64  61  59  59  56
  49  45  43  41  38  34  30  31  34  43  57  63  73  77  83 124 155 173
 179 183 183 184 185 186 185 184 184 184 187 188 189 189 188 188 188 189
 190 190 190 192 194 194 193 193 194 195 196 195 195 195 195 195 196 197
 199 200 201 202 203 202 202 202 202 202 202 202 202 202 201 203 203 202
 204 204 204 206 208 210 211 212 213 214 215 214 216 217 219 217 219 220
 214  30]"
"[ 29  30 134 135 137 136 134 133 131 132 137 137 133 134 139 140 142 142
 139 139 143 143 142 144 145 146 145 143 144 146 147 146 146 147 146 145
 146 146 146 149 150 147 146 148 151 151 151 151 148 148 149 149 148 148
 149 152 151 149 144 137 122 106  99  94  84  77  71  65  59  54  51  54
  62  64  64  67  66  60  53  46  43  41  41  46  53  66  82  87  97  90
  90  93  85  87  90  97  90  82  82  80  78  78  69  62  58  58  58  56
  49  44  41  39  36  32  28  32  38  47  60  64  71  86 106 139 162 180
 186 183 183 185 186 186 185 184 185 185 187 188 188 188 188 189 189 190
 189 189 190 193 195 194 193 192 194 195 196 195 195 195 195 195 193 195
 197 199 201 202 202 202 203 202 202 202 203 203 202 202 201 203 203 202
 204 205 205 207 209 211 212 212 213 215 216 215 216 217 218 216 218 219
 213  28]"
"[ 30  28 132 130 132 134 133 132 134 136 138 138 136 135 139 143 141 142
 142 140 141 143 143 142 144 144 145 146 146 146 146 147 147 147 148 148
 146 146 149 151 149 150 150 149 149 151 152 151 152 148 146 147 149 150
 150 150 148 149 144 144 117 104  95  91  84  77  68  63  58  56  59  64
  65  67  66  65  65  59  52  51  43  44  48  62  78  89  96  96 101  98
  96  95  91  88  88  90  93  84  79  79  76  72  68  65  59  57  56  53
  48  44  41  38  36  31  35  39  43  56  59  72  73  79 124 152 164 181
 181 183 183 184 185 186 187 185 184 184 188 188 187 188 190 193 192 189
 190 191 190 191 194 195 193 194 193 195 197 197 196 194 195 197 199 199
 200 201 202 202 202 202 204 204 204 203 202 202 202 203 201 201 201 202
 204 205 207 207 210 211 212 213 213 214 216 217 216 218 218 217 218 219
 215  28]"
"[ 29  29 137 135 132 132 131 134 136 136 137 137 138 138 140 141 142 143
 142 139 140 142 144 144 143 143 144 145 145 145 145 146 146 146 147 149
 148 149 151 152 151 152 151 150 151 152 152 151 150 148 147 148 150 151
 149 148 148 148 143 139 117 106  97  89  84  75  66  62  61  60  62  65
  64  65  66  67  66  60  51  48  41  46  59  80  93  95  97  98 100  97
  96  96  94  88  85  85  86  84  79  73  71  73  70  62  59  56  54  50
  44  40  38  37  35  31  32  37  49  58  67  74  74  92 140 162 169 183
 182 184 182 182 183 185 186 187 187 188 188 188 188 188 190 192 192 191
 190 190 189 190 193 194 193 194 194 195 196 197 196 195 195 196 199 200
 200 201 201 202 202 202 204 204 204 203 203 203 203 202 201 201 201 202
 204 205 206 207 206 209 213 215 214 213 215 216 218 219 219 218 219 220
 216  29]"
"[ 28  29 139 138 134 132 131 135 136 136 136 137 138 139 140 140 141 142
 141 139 139 142 144 144 143 143 144 145 145 145 146 146 146 144 145 147
 147 149 152 152 151 152 152 151 152 152 152 150 149 148 148 150 152 151
 149 146 146 146 140 131 115 105  99  88  80  73  66  65  67  67  66  66
  66  65  66  67  64  58  50  45  47  58  74  92  99  98 100 101  98  95
  95  97  95  89  83  80  82  83  79  72  69  74  73  64  57  53  50  47
  40  36  36  37  34  33  32  39  57  64  72  73  80 110 154 167 172 185
 183 183 185 184 184 185 185 185 186 186 187 188 189 189 190 191 192 192
 191 192 190 191 193 194 194 195 195 195 196 196 196 196 196 197 198 199
 200 200 200 200 201 202 204 203 203 203 203 203 203 202 201 202 203 204
 204 206 207 207 206 210 215 216 214 214 215 218 219 219 219 219 220 221
 217  30]"
"[ 29  28 137 139 138 135 133 135 133 136 138 138 137 138 139 141 140 141
 142 142 142 143 144 145 142 143 144 146 146 146 147 148 148 146 146 145
 144 147 151 152 150 151 152 152 152 153 152 150 150 150 150 151 153 152
 148 145 145 144 139 125 112 101  98  89  80  75  72  73  74  72  68  66
  69  66  66  66  61  56  54  51  58  74  88  93  95  98 102 101  97  95
  94  94  94  91  84  79  81  80  79  75  71  71  70  66  54  48  45  43
  37  33  34  36  34  36  37  45  64  69  70  72 101 131 163 169 174 186
 183 182 182 182 184 186 187 187 187 187 186 188 190 190 190 190 191 192
 194 194 192 192 194 195 195 197 195 195 196 196 196 196 196 198 197 198
 199 199 199 200 201 202 204 203 203 203 203 203 203 202 202 203 204 205
 205 206 208 209 211 212 214 215 214 215 217 219 218 219 219 219 220 222
 216  29]"
"[ 31  28 137 139 140 138 135 136 135 138 139 139 138 138 139 140 139 140
 142 142 142 143 145 146 142 143 144 146 147 147 148 149 150 150 150 148
 145 146 149 150 149 150 152 152 153 154 152 150 150 151 151 151 151 151
 148 145 145 145 141 126 112  96  94  89  83  81  79  79  77  73  69  66
  70  67  67  65  59  56  59  60  65  85  96  97  95  99 103  98  97  96
  93  89  90  91  88  81  79  77  76  75  70  66  64  62  51  45  41  39
  35  31  31  33  34  38  43  51  65  73  68  80 124 151 172 175 180 186
 182 182 184 184 186 187 188 187 187 187 186 188 190 191 191 190 190 191
 195 195 193 192 194 194 194 196 194 195 196 197 195 195 196 198 198 199
 199 199 199 199 201 202 203 203 203 203 203 203 203 204 203 203 204 205
 205 206 208 209 212 212 212 213 215 217 217 217 219 220 220 220 221 222
 217  28]"
"[ 29  28 138 139 139 138 136 137 139 139 139 138 139 140 139 137 138 138
 138 138 138 140 142 144 142 143 145 147 147 147 148 148 150 151 153 151
 147 147 148 147 147 149 151 151 152 152 151 150 150 151 151 150 150 150
 149 147 147 148 144 130 114  94  90  87  83  82  80  79  77  74  72  71
  70  68  67  64  57  54  59  65  75  88  96  99  99  99 102  99  97  96
  91  85  86  89  88  84  76  75  74  70  65  62  59  54  50  44  41  38
  34  31  30  30  32  38  44  54  66  74  73  99 136 160 176 180 183 184
 181 182 187 186 186 187 186 186 186 186 186 188 190 192 192 190 190 190
 194 195 194 193 194 194 193 195 195 196 198 198 196 195 197 199 199 200
 200 200 200 200 201 202 202 202 203 203 202 202 203 203 203 203 203 204
 205 206 208 209 211 210 211 214 217 219 218 217 220 222 222 222 223 223
 217  29]"
"[ 28  28 138 138 139 140 138 138 140 140 140 139 139 141 140 138 138 138
 137 137 138 139 140 142 143 144 145 147 147 147 147 147 148 150 153 152
 149 149 148 145 146 149 151 150 150 150 149 148 149 151 152 150 149 150
 151 151 150 151 145 131 115  96  89  87  83  81  79  78  78  77  75  74
  72  71  69  65  60  57  63  73  86  91  95 100 101 100 101  99  96  94
  89  84  83  85  85  83  77  74  70  67  64  61  56  49  46  43  40  36
  32  30  31  31  32  40  47  58  73  78  89 124 147 166 177 180 182 181
 181 183 182 182 183 185 187 187 188 189 188 188 190 192 193 191 190 189
 194 195 195 194 196 195 194 195 196 197 198 199 198 197 198 199 199 199
 200 200 201 202 202 203 201 202 203 203 203 203 202 202 204 203 203 203
 204 206 208 210 210 212 214 217 219 220 219 219 221 222 223 222 222 222
 217  30]"
"[ 30  29 137 139 142 145 142 139 138 142 143 141 139 140 142 142 141 141
 141 141 142 142 142 142 144 145 147 148 148 147 146 147 148 149 151 151
 150 151 150 146 147 150 152 151 149 149 148 147 149 152 152 150 150 152
 154 154 155 155 145 130 114  99  93  90  87  84  81  80  81  80  76  73
  73  73  70  67  65  64  72  86  93  96  98 102 103 101 100  95  95  92
  88  85  82  81  81  82  80  72  67  67  66  61  54  48  41  39  37  34
  29  29  31  31  34  44  50  64  84  83 105 144 162 175 179 179 181 180
 182 183 181 182 185 187 188 188 187 187 189 189 190 192 193 191 190 189
 193 195 195 195 196 195 194 195 195 196 197 198 198 197 197 197 197 197
 198 200 201 202 203 203 202 203 204 205 206 205 204 203 205 204 203 203
 205 207 209 211 211 213 217 218 218 218 220 221 221 222 222 220 219 220
 216  29]"
"[ 30  30 136 140 143 142 142 138 138 140 141 140 140 141 143 144 140 142
 143 144 144 143 143 143 146 145 146 147 147 146 146 147 146 148 148 148
 149 151 151 148 149 151 152 151 150 150 150 150 150 151 152 152 153 153
 154 154 152 156 145 130 115 102  96  89  87  85  82  80  79  77  76  74
  73  74  70  66  66  70  82  96  98 100 102 101 102 103 101  97  95  90
  84  82  82  81  80  78  76  72  66  62  61  60  53  45  40  36  36  34
  31  30  28  32  40  44  55  71  74  94 116 154 167 179 180 177 183 183
 179 183 183 183 185 188 189 187 187 188 190 190 191 192 192 193 193 192
 193 193 194 194 195 195 195 195 197 197 197 198 198 197 198 198 200 200
 200 200 201 202 202 202 204 204 205 206 206 205 206 208 205 206 205 204
 206 208 209 211 211 213 216 217 217 218 219 219 222 219 218 220 219 219
 217  30]"
"[ 28  33 136 141 139 136 138 138 140 140 140 139 140 142 143 144 143 144
 145 145 144 144 144 144 143 143 143 145 145 145 145 146 146 147 148 147
 148 150 150 148 147 149 150 151 151 150 150 151 152 152 152 152 152 152
 152 152 152 153 142 128 113  99  92  86  87  84  81  80  80  79  78  77
  76  76  70  66  71  80  89  98 102 103 102 101 102 104 103 100  94  89
  83  79  77  76  76  77  78  73  65  60  59  58  52  46  44  39  35  31
  29  30  32  37  38  50  61  65  85 122 153 173 175 182 182 181 186 185
 181 183 183 182 184 187 188 187 187 188 189 189 189 190 190 191 192 193
 192 193 194 195 195 196 196 196 197 196 197 198 198 198 198 199 199 199
 199 200 201 202 202 202 203 204 205 206 205 204 204 206 206 208 207 206
 207 208 209 211 212 214 215 216 216 217 219 219 219 220 218 219 218 220
 216  27]"
"[ 31  24 138 135 138 138 140 137 140 139 138 137 138 141 143 144 145 145
 146 145 144 144 145 146 145 145 146 146 146 146 147 149 147 148 150 149
 150 151 151 151 148 148 150 152 152 151 151 153 153 153 152 152 153 153
 152 152 153 152 144 130 113  97  92  90  89  85  81  80  81  82  83  82
  75  73  67  66  76  89  96  97  98  99 100 101 102 103 101  97  92  88
  82  77  74  73  75  77  77  72  64  59  58  57  52  47  37  33  33  31
  30  31  31  35  50  55  60  70 109 145 173 174 178 180 180 182 186 186
 184 184 183 182 184 186 187 186 186 188 189 189 189 189 189 190 192 193
 191 192 193 193 194 195 195 195 199 198 198 199 200 200 199 200 200 200
 200 201 202 202 202 202 203 204 207 207 206 204 204 205 203 206 206 206
 207 208 209 211 213 214 215 215 215 216 218 219 218 220 229 217 225 228
 217  29]"
"[ 30  27 140 135 137 137 141 141 141 141 140 138 137 139 142 144 144 143
 143 143 143 144 146 146 144 145 145 145 144 144 146 147 146 148 150 150
 150 151 152 152 149 148 149 152 152 150 150 153 152 151 150 151 152 153
 152 151 150 149 142 129 112 100  96  94  91  87  82  80  82  84  86  86
  73  69  66  72  84  93  96  96  98  99 100 101 101  99  94  89  88  84
  79  75  72  71  72  73  71  66  60  55  52  50  44  39  37  32  30  27
  27  29  33  40  50  58  72  98 136 156 178 181 180 178 179 182 185 186
 186 185 184 184 185 186 187 187 187 188 187 188 189 189 189 189 191 192
 194 194 195 195 196 196 196 196 200 198 197 198 199 198 197 197 202 201
 201 201 202 202 203 203 203 204 206 206 206 205 204 204 203 207 208 208
 210 210 211 213 213 215 215 215 215 216 218 218 221 218 223 225 227 220
 220  30]"
"[ 28  34 134 139 140 138 136 136 139 142 143 140 136 136 139 142 145 143
 141 142 144 146 147 146 144 145 146 145 144 145 146 147 147 149 151 152
 152 152 153 154 152 150 151 153 152 151 151 153 151 150 150 151 152 153
 152 152 152 150 143 128 112 104  99  94  90  86  82  81  82  84  84  84
  72  67  71  84  94  97  98 101 103 103 102 101 100  99  95  92  87  84
  80  77  74  71  69  68  64  61  56  52  50  47  44  40  35  31  29  26
  26  31  38  47  57  66  78 113 150 168 183 182 183 179 180 184 184 184
 185 184 184 184 184 185 186 187 187 188 187 189 191 192 192 192 193 194
 194 194 194 195 195 196 196 196 200 199 198 199 200 200 199 199 202 202
 201 201 202 203 204 205 203 203 203 204 205 205 204 203 204 208 209 209
 210 210 210 211 211 212 214 214 214 215 217 217 217 222 223 224 224 227
 216  30]"
"[ 31  27 139 137 137 140 143 139 137 141 143 142 139 138 142 145 144 141
 139 140 143 144 144 143 144 145 145 145 145 146 147 147 147 149 150 151
 151 151 152 153 154 152 152 153 152 151 151 153 151 150 150 150 151 151
 151 151 148 148 146 129 109 103 101  98  88  86  85  85  86  86  84  82
  79  76  83  96 101 100 101 105 105 105 104 102  99  96  91  87  83  81
  78  75  72  68  64  62  60  57  52  48  45  43  41  39  30  28  30  30
  31  37  44  54  62  80 102 140 162 171 179 184 182 179 180 183 183 183
 184 184 184 184 185 186 187 188 188 189 185 187 190 192 192 192 192 192
 195 195 196 196 197 197 198 198 198 197 197 198 200 200 200 201 202 201
 201 201 202 204 205 206 203 203 202 202 203 205 204 203 203 206 207 207
 209 209 209 211 211 213 215 216 216 218 219 219 219 215 225 224 221 223
 218  29]"
"[ 28  31 135 139 141 143 142 139 136 139 140 140 140 141 143 144 145 144
 143 143 145 146 145 144 144 145 146 145 145 146 147 146 149 149 150 151
 151 151 151 152 153 152 152 152 152 152 152 152 151 151 151 151 151 151
 151 151 150 148 148 132 110 102  99  97  86  85  85  86  87  86  84  82
  71  72  81  92  97 101 107 109 107 107 106 104 100  94  89  85  77  75
  73  72  70  67  64  63  57  54  49  45  42  39  37  36  34  31  30  30
  31  37  44  53  74  89 113 151 174 178 178 179 180 179 180 181 182 182
 183 184 182 184 184 184 184 185 185 186 187 188 190 191 192 192 191 191
 192 192 193 193 193 193 194 194 194 194 194 195 196 196 197 197 199 199
 199 199 200 201 201 201 200 200 200 200 200 202 201 200 200 203 203 203
 204 205 205 207 207 209 210 210 210 211 211 212 216 213 214 219 216 218
 216  28]"
"[29 30 29 28 28 33 27 30 29 29 29 29 29 30 30 28 29 28 28 28 29 29 29 29
 28 30 30 29 29 30 30 28 28 28 29 30 29 28 28 29 28 29 29 29 29 30 30 28
 29 29 29 29 29 29 29 29 30 25 31 30 27 30 29 28 31 29 28 28 29 30 29 29
 28 29 31 30 26 29 31 27 29 29 29 28 28 28 29 30 30 29 29 29 29 28 28 29
 29 28 28 29 29 29 29 29 29 27 29 30 29 29 27 30 28 30 28 29 30 29 30 30
 29 30 28 28 29 29 28 28 28 29 30 29 29 30 29 28 28 28 28 29 29 29 29 29
 29 29 29 29 29 29 29 30 29 29 29 29 29 29 29 30 28 28 28 29 30 30 29 28
 28 30 30 29 28 29 29 29 29 30 29 28 29 29 28 29 28 29 30 29 29 29 29 30
 26 31 29 30 28 30 28 29]"
