"[30 30 30 29 29 28 29 29 30 29 29 29 29 29 29 29 30 29 29 29 29 29 29 29
 28 29 29 29 29 29 29 29 29 29 29 29 30 30 29 29 30 29 29 29 30 30 30 29
 29 29 29 30 29 29 29 29 29 29 28 29 29 30 29 29 30 29 29 29 29 29 29 29
 29 29 29 29 29 29 29 30 30 29 29 28 29 29 29 29 29 29 29 29 29 29 29 29
 29 29 29 29 29 29 29 29 29 29 28 28 29 29 29 29 30 30 29 29 29 29 29 29
 30 30 29 29 29 29 29 29 29 29 29 29 29 29 29 29 29 29 29 29 29 29 29 29
 29 29 29 29 29 29 29 29 29 30 29 29 29 30 30 28 29 29 29 29 29 29 29 29
 29 29 28 29 30 29 29 29 29 29 29 29 29 29 29 29 29 29 28 29 29 28 30 28
 29 28 32 29 29 29 29 30]"
"[30 32 27 28 29 29 29 28 29 29 29 29 29 29 29 29 28 28 28 29 29 29 29 29
 29 29 29 29 29 29 29 30 30 29 29 29 29 29 29 28 30 30 30 30 30 30 29 29
 29 28 28 29 29 29 29 29 29 28 28 29 29 29 29 28 29 29 29 29 29 29 29 29
 28 29 29 29 29 29 29 30 30 30 29 29 30 30 30 29 29 29 29 29 29 29 29 29
 29 29 29 29 29 29 29 29 29 29 29 29 29 29 29 29 28 28 28 29 29 29 30 30
 29 29 29 29 29 29 29 29 29 29 29 29 29 29 29 29 28 29 29 29 29 29 29 30
 29 29 29 29 29 29 29 29 29 29 28 28 28 29 29 29 29 28 28 28 29 29 30 30
 29 29 28 28 29 29 29 29 29 29 29 30 30 30 29 29 30 30 28 30 29 27 30 30
 29 26 28 27 30 31 32 27]"
"[29 28 13 10  9  9 10 10  9  8  8  8  8  8  8  8  8  8  9  9  9  9  9  9
  7  7  7  7  7  7  8  9  8  7  7  7  7  7  7  7  7  7  7  7  7  7  7  7
  7  7  7  7  7  7  7  7  7  7  7  7  7  7  7  7  7  7  7  7  7  7  7  7
  7  7  7  7  7  7  7  7  7  7  7  7  7  7  7  7  7  7  7  7  7  7  7  7
  7  7  7  7  7  7  7  7  7  7  7  7  7  7  7  7  7  7  7  7  7  7  7  7
  7  7  7  7  7  7  7  7  7  7  7  7  7  7  7  7  9  9 10 10 10 10 10 11
 11 11 10 10 10 10 10 11  9  8  7  8  9 10 10 11 14 13 13 13 15 16 16 16
 14 13 12 11 12 12 12 12 12 13 14 14 14 14 14 13 16 18 15 15 17 20 21 17
 24 34 46 56 62 57 49 30]"
"[30 31  9  9  9  9  9  8  8  8  9 10 10 10  9  9  5  5  6  7  7  7  7  7
  8  7  5  5  5  6  7  8  9  8  6  6  6  6  6  6  5  6  7  7  6  5  4  4
  4  4  4  3  3  3  3  3  1  2  2  2  2  3  2  2  2  2  2  2  3  3  2  2
  1  2  2  2  3  3  3  3  3  3  3  3  3  3  2  2  1  1  2  2  2  2  2  1
  2  2  2  2  2  2  2  2  2  3  4  4  3  3  3  3  4  4  3  3  2  2  2  2
  2  3  3  3  3  3  3  4  2  3  4  4  5  6  7  7  7  8  8  9  9  9  9  9
 10 10  9  8  8  8  8  8  7  5  5  7  9  9 10 12 13 12 12 13 14 15 16 16
 16 16 14 12 12 13 14 13 14 14 15 15 16 16 16 16 17 18 16 17 19 21 25 24
 39 49 54 58 58 53 52 31]"
"[28 30 10 13 14 13 12 11  9  9 10 11 11 10  9  8  8  8  8  9  9  9  9  9
  8  7  6  5  6  7  7  7  8  7  6  6  6  6  7  7  7  8  9  8  7  6  6  5
  6  7  7  5  3  3  4  4  2  2  2  2  2  2  3  3  3  3  2  3  5  5  3  1
  1  2  2  2  3  3  3  3  3  3  3  3  3  3  2  2  2  3  3  3  3  3  2  2
  3  3  3  3  3  3  3  3  2  3  4  5  4  4  4  4  3  3  3  2  3  3  3  4
  2  3  3  3  3  2  3  3  3  3  4  5  7  8  8  8  9  9 10 10 10 10 10 10
 12 11 10  9  8  8  8  8  9  8  8 10 11 11 12 14 13 13 13 13 14 15 15 15
 18 17 15 14 14 15 16 16 16 16 16 16 16 16 17 17 18 18 18 21 19 18 31 43
 50 59 60 58 54 49 50 26]"
"[29 31 13 13 13 13 13 11 13 14 15 15 15 13 12 11  9  9  9  9  9  9  9  9
 10  9  9  8  9 10 10  9 10 10  8  8  9  9 10 10  9  9  9  9  8  7  7  7
  7  8  9  7  5  5  5  5  4  4  4  3  4  4  4  5  3  3  2  3  5  5  3  1
  2  2  2  3  3  4  3  3  4  4  3  3  3  3  3  3  3  3  3  3  3  3  3  3
  3  3  3  3  3  3  3  3  1  2  3  4  4  3  3  3  4  4  3  3  3  3  3  4
  3  3  4  3  3  2  3  3  5  5  6  7  8  9  9  8  9  9 10  9  9  9  9  9
 10 10  9  8  8  7  7  7  9  9  9 10 10 10 11 12 13 14 14 14 15 15 16 16
 15 15 13 12 12 14 16 15 16 16 15 15 14 14 14 14 15 19 18 18 21 31 48 57
 54 57 53 49 47 48 52 29]"
"[30 27 16 13 13 14 14 13 13 13 14 14 14 13 12 11 10 10 11 11 11 11 11 11
 10  9  8  8  8  9  9  8  9  8  8  7  8  8  9  9  9  8  8  7  7  7  7  7
  6  8  8  6  6  7  6  5  5  5  5  4  4  4  4  5  3  3  3  3  3  3  2  2
  2  2  2  3  4  4  3  3  4  3  3  2  3  3  3  3  3  3  2  2  2  2  2  2
  2  2  2  3  3  3  3  3  1  2  2  2  2  2  2  2  4  4  3  2  2  2  2  2
  2  3  4  3  2  2  3  4  5  6  8  8  8  7  8  9 10 11 11 10 10  9  9  9
 10 10  9  9  9  9  9  9  9 10 11 11 11 12 12 12 13 13 14 14 13 14 15 16
 15 15 14 12 12 15 16 15 17 17 16 16 16 16 16 15 14 20 21 24 35 49 59 57
 54 55 53 48 46 48 50 26]"
"[30 27 23 20 20 17 14 10 12 12 13 13 13 12 12 12 10 11 12 13 13 13 12 12
 11 10  8  8  9  9  9  9 10  9  8  8  9  9  9  9  9  8  7  6  6  7  7  8
  7  7  7  6  7  9  7  4  5  6  6  6  5  5  5  5  5  5  5  4  3  3  4  5
  3  3  3  3  4  4  3  2  4  3  2  1  2  2  3  3  4  4  3  2  2  2  2  2
  2  2  3  3  4  4  4  3  3  3  2  2  3  3  2  2  2  2  2  2  2  2  3  4
  2  3  4  3  3  2  3  4  4  6  9  9  7  7  8 10 10 10 10 10  9  8  8  8
  8  8  8  8  8  8  8  8  9 11 12 12 12 13 13 12 11 12 13 12 12 13 15 16
 14 15 13 11 11 13 13 12 15 15 16 16 17 16 16 16 18 19 26 41 52 54 55 55
 55 56 56 50 46 49 51 29]"
"[30 29 40 34 34 28 29 23 20 17 17 18 17 12 12 17 12 12 12 12 14 15 14 12
 11 11 10  9  9 11 10  8 10  9  8  8  9  9  9  9  9  9  8  8  8  9  9  9
  9  9  8  6  6  8  8  7  5  5  5  6  7  5  5  5  4  5  6  6  6  5  5  4
  4  3  3  3  3  3  3  3  2  2  2  2  2  2  2  2  3  3  3  3  2  2  3  4
  2  3  3  4  4  4  3  2  2  2  3  4  4  3  3  3  2  2  2  2  2  2  2  3
  3  3  3  3  2  2  4  6  8  8  8  8  8  9  9 10 10 10 10  9  8  7  7  8
  8  7  7  8  9  9  9  9 11 11 12 14 14 12 12 13 13 13 12 11 10 12 14 16
 16 16 15 13 12 13 14 14 12 16 16 17 20 17 14 17 21 31 44 55 58 55 52 50
 55 56 55 50 46 46 48 29]"
"[31 28 33 30 33 34 39 36 41 36 32 30 29 24 19 16 12 12 12 13 16 15 13 12
 12 13 13 11 11 12 12 10 10 10 11 11 11 11 11 11  9  9 10 10 10  9  8  7
 10 10  8  6  6  7  8  7  6  6  7  7  7  7  6  6  5  6  6  6  6  6  6  6
  5  5  4  4  5  5  5  4  3  4  4  4  3  3  3  3  3  3  3  4  3  2  2  3
  2  3  3  4  4  4  3  3  3  3  4  5  5  5  5  4  3  3  3  3  2  2  2  2
  4  4  4  4  4  4  5  7  8  8  8  8  9  9 10 10 10  9  9  9  8  7  8  8
  8  8  7  9 10 10  9  9 10 11 13 15 15 13 12 13 12 13 13 12 11 13 15 16
 15 16 15 13 12 13 14 14 16 18 16 16 18 16 17 24 33 42 53 60 58 52 47 46
 52 54 54 50 47 47 48 29]"
"[31 27 24 22 23 27 31 30 36 37 36 36 39 43 41 35 27 21 16 16 17 16 16 17
 13 13 12 10  9 11 12 13 10 11 12 12 11 10 10  9  9  9  9 10 11 12 12 11
 11 10  9  7  7  7  8  8  8  8  9  9  9  9  9  8  7  6  6  5  6  6  7  7
  6  6  6  6  6  6  6  6  5  5  6  6  5  4  4  4  3  3  4  5  4  3  2  3
  2  3  3  3  3  3  3  3  3  3  3  4  4  4  5  5  3  3  3  2  2  2  2  2
  4  4  4  5  5  5  6  7  8  8  8  8  9 10 10 10  9  8  8  8  8  8  8  9
 10  9  8 10 11 11 10 10 11 13 15 16 15 13 12 13 12 13 13 13 13 14 16 17
 14 15 14 13 13 14 15 15 16 17 16 19 22 21 26 37 49 55 60 59 53 47 46 48
 50 51 52 50 48 48 49 29]"
"[29 27 19 18 16 21 23 22 21 26 27 26 28 33 34 30 29 25 24 26 27 24 22 21
 19 19 18 15 12 11 11 12 12 13 14 14 14 12 10  9 10  9  8 10  9 10 10 10
 10 10 10  9  8  8  9  9  9  9  9  9  9  9  9  9  9  8  6  5  5  6  6  5
  5  5  5  5  5  5  5  5  5  6  6  6  6  5  5  4  4  4  5  6  5  4  3  3
  3  3  2  2  2  2  2  3  2  2  3  3  3  3  3  3  3  3  3  2  2  3  3  3
  3  3  4  5  5  5  6  7  8  8  8  8  9  9 10 10  9  8  7  8  9  8  8  8
  9  8  8 10 12 12 11 12 13 15 16 16 14 12 12 13 13 14 15 14 14 15 16 16
 14 15 15 15 15 15 16 16 16 15 16 22 27 30 38 51 56 57 57 53 48 45 47 50
 49 50 51 49 49 50 50 29]"
"[29 28 18 18 15 17 19 19 15 17 17 15 14 16 17 17 20 19 21 26 29 28 27 29
 31 32 32 30 28 24 21 19 17 16 15 16 16 15 12 11 10 10  9 10 11 12 11 10
  9  9  9  9  9  9  9  9  8  8  8  9  9  9  9  9 10  9  8  7  7  6  6  5
  5  5  5  5  5  5  5  5  4  5  6  6  5  5  5  5  5  5  5  6  5  4  4  4
  4  4  3  2  2  2  2  2  4  3  3  3  3  2  2  2  4  4  4  4  4  4  4  4
  4  4  4  5  5  6  6  7  8  8  8  8  8  9  9  9  8  8  8  8  9  8  8  7
  8  8  8 10 12 13 12 12 15 16 16 14 12 12 13 14 14 15 16 15 15 16 16 16
 15 15 16 16 16 15 15 16 18 18 20 26 32 37 47 58 53 52 50 48 47 47 47 49
 50 51 51 49 50 51 50 29]"
"[29 29 16 15 13 13 14 14 15 12 12 12 14 16 16 17 16 15 15 17 19 20 23 26
 29 29 29 30 31 32 33 34 27 24 22 21 21 20 16 13 15 13 10 10 11 11 11 11
  9  8  7  7  8  9  8  8  9  9  9  9  9 10 10 10 11 11 10  9  9  8  7  7
  5  6  6  6  6  6  6  6  4  5  5  5  5  4  5  5  6  6  6  5  5  4  4  5
  6  5  5  4  3  3  3  3  4  4  4  4  3  3  2  2  4  4  4  4  3  3  3  3
  3  3  3  4  5  5  6  7  8  8  8  8  8  8  8  8  8  7  8  9  9  8  7  7
  9  9 10 12 14 14 14 15 16 16 14 13 12 13 15 15 15 16 16 16 16 16 16 15
 16 16 17 17 15 14 15 16 18 23 32 40 45 48 53 57 54 50 45 45 46 48 49 50
 51 50 50 50 51 53 51 29]"
"[29 28 15 15 15 14 17 18 18 14 11 13 14 14 13 12 13 13 15 16 17 16 14 13
 16 16 16 17 19 23 27 31 31 29 26 25 26 25 24 22 26 23 19 16 15 13 12 12
 14 11  9  9 10  9  9 10 10 10 10 10 10 11 11 11 11 11 11 10 10  9  9  9
  6  7  8  8  8  7  7  8  6  6  6  5  5  4  5  5  6  6  6  6  5  4  5  6
  6  6  5  5  4  4  4  4  4  4  4  4  4  3  3  2  4  4  3  3  3  3  3  3
  3  3  3  3  4  4  5  6  8  8  8  8  8  8  8  8  7  7  8  9  9  8  8  8
 10 11 12 14 15 15 15 16 16 15 14 13 13 15 16 15 15 16 16 15 15 16 16 15
 16 16 16 16 15 15 17 20 22 33 48 55 57 57 56 52 54 50 45 43 45 47 49 50
 49 49 49 50 52 54 52 29]"
"[30 29 16 15 17 14 17 17 15 13 13 14 15 14 13 14 12 12 12 13 15 16 16 14
 14 15 16 16 15 14 15 18 21 20 19 19 22 24 25 25 30 31 33 34 35 32 27 24
 21 17 13 13 13 13 13 13 10 10 10 10 10 10 11 11 12 12 11 10  9  9  9  9
  7  8  9  9  9  9  8  9  7  7  7  6  5  4  5  5  6  6  6  6  5  5  5  6
  5  5  5  5  5  5  4  4  5  5  5  5  5  4  4  3  3  3  3  3  4  4  4  4
  5  4  3  4  4  5  6  7  8  8  8  8  8  8  8  8  7  7  8  9  9  8  9  9
 10 11 12 14 14 14 14 15 16 15 15 13 15 17 16 13 15 15 15 15 15 16 16 15
 16 15 15 16 15 16 20 24 33 45 59 62 59 58 56 50 49 47 45 45 45 46 46 47
 47 47 48 50 53 55 53 29]"
"[29 29 16 17 16 17 18 16 15 16 16 15 15 16 15 12 13 14 14 14 15 16 15 14
 11 13 14 14 14 13 14 14 13 12 12 13 15 18 19 19 19 20 25 31 33 30 27 26
 30 34 33 28 26 26 22 17 16 13 10 10 12 12 11 11 11 10 11 12 11 10 10 10
  9  9  9 10  9  9  8  8  9  9  9  7  6  9  9  5  8  9  9  8  5  4  5  6
  3  5  5  5  5  6  5  5  5  5  6  6  5  5  4  3  4  4  4  4  4  4  5  5
  5  4  4  4  4  5  6  6  8  8  8  8  8  7  6  6  6  7  9  9  9  8  9  9
 10 11 12 12 12 13 15 17 17 16 15 14 15 16 16 15 15 16 16 15 15 14 15 16
 15 16 15 16 16 17 23 32 48 57 60 58 57 54 48 45 46 47 45 45 48 48 47 47
 47 51 50 51 54 54 53 29]"
"[29 30 18 17 15 15 18 17 16 16 17 16 14 13 14 16 16 15 14 13 13 14 15 15
 13 13 14 13 12 12 12 13 10 10 10 12 13 16 18 18 16 16 18 22 24 23 22 22
 30 34 35 33 31 31 30 27 26 29 31 28 22 18 15 14 12 12 13 14 13 11 10 11
 11  9  8  7  7  8  8  9 10  9 10 10  9  9 10  8  7  8  8  8  7  6  6  7
  5  6  6  6  6  6  5  5  5  5  5  5  5  5  5  4  4  5  5  5  5  5  5  5
  4  4  3  3  3  4  4  4  6  6  6  7  7  6  6  6  6  7  8  9  9  8  8  9
 11 12 13 13 12 12 13 14 14 14 14 14 15 16 16 16 16 16 16 16 15 14 15 16
 16 17 16 18 21 26 35 46 52 55 56 53 50 48 46 46 47 47 46 47 51 51 48 47
 47 52 54 52 51 51 52 29]"
"[29 29 20 21 21 19 18 15 16 16 16 17 15 12 13 17 16 17 16 14 13 14 15 16
 14 14 12 12 11 10 12 12 10 10 10 11 12 14 14 15 13 13 14 17 17 17 17 18
 18 21 24 24 24 24 24 23 25 30 33 32 31 28 24 19 18 18 18 17 15 13 12 12
 12 10  9  9  9  9  9  9 12  9  8  9  7  7  9 10  8  8  9  8  7  6  6  6
  7  7  8  8  7  7  5  5  5  5  5  5  5  6  5  4  5  5  6  6  6  6  5  5
  5  5  4  4  4  4  4  4  5  5  5  5  6  7  7  7  6  7  8  9  9  9  9  9
 11 13 14 13 13 12 12 13 13 13 13 14 15 16 16 16 16 16 16 16 15 15 16 17
 17 16 16 20 28 36 45 53 54 51 50 49 45 43 45 47 49 48 46 47 52 52 49 47
 48 52 54 53 50 52 55 30]"
"[29 29 22 21 21 20 20 19 18 16 16 18 18 17 15 14 14 16 17 15 14 14 15 16
 14 13 13 12 11 11 11 12 11 12 13 13 13 13 12 12 11 12 14 16 16 14 14 14
 13 15 16 17 17 17 17 17 18 18 19 22 26 28 26 22 25 25 25 24 23 22 22 22
 16 15 14 14 13 11 10  9  9  9  9 11 10 10  9  7  9  9  9  9  8  7  6  5
  9  8  8  9  9  7  6  6  6  6  5  5  6  7  7  6  5  6  6  7  6  6  5  5
  6  6  6  5  5  5  5  5  5  5  5  5  6  7  8  9  7  8  9 10 10 11 11 11
 12 12 13 13 13 13 14 15 13 14 14 14 15 16 16 15 15 16 17 17 17 16 17 17
 20 21 24 31 42 48 51 53 51 47 47 49 47 47 49 49 51 50 47 47 51 51 48 47
 48 48 49 50 49 55 57 28]"
"[30 31 27 24 24 22 23 23 20 20 19 19 20 20 19 16 16 17 18 17 15 14 15 15
 14 15 15 14 13 13 13 13 12 12 14 15 15 13 12 12 11 12 15 16 15 13 12 13
 15 15 15 17 18 18 17 17 15 14 15 15 16 15 17 20 21 21 22 23 24 25 27 29
 27 25 25 25 24 21 19 19 14 12 11  9  8 10 12  8  8  9  9 10 10  9  8  7
  8  7  7  8  9  8  7  7  8  7  7  7  8  9  9  7  6  6  6  6  6  6  5  5
  6  6  6  5  5  4  5  6  6  5  5  6  6  7  8  9  8  8  9 10 10 12 13 14
 14 13 12 11 12 13 14 15 13 14 15 15 16 16 16 16 16 17 18 18 17 16 15 16
 20 27 35 43 51 52 49 47 48 45 47 50 50 53 53 49 52 52 50 51 53 52 49 48
 51 49 49 51 53 58 60 29]"
"[29 26 22 19 24 25 25 23 22 24 23 20 19 20 22 21 21 22 22 20 18 17 17 17
 15 15 16 16 15 14 13 14 12 11 13 16 16 15 13 13 12 13 14 14 13 12 12 12
 14 13 13 14 16 16 16 15 15 13 13 14 12 10 11 16 14 13 13 15 17 19 21 22
 27 25 25 27 28 27 28 31 27 25 21 15 12 14 15 12  9 11 10 10 10  9  8  8
  7  6  5  7  8  8  8  9  8  8  8  8  9 10  9  8  6  6  6  7  6  6  6  6
  6  6  7  6  5  4  5  6  5  5  5  6  6  7  8  8  8  9 10 11 11 11 13 14
 16 14 12 11 11 12 13 13 13 15 15 16 16 17 17 17 16 17 17 16 15 15 16 17
 22 33 45 50 51 48 45 44 46 46 46 47 49 53 52 48 51 53 54 55 57 56 52 51
 53 53 53 55 55 57 57 30]"
"[30 26 22 16 21 23 24 25 24 23 22 20 19 20 21 23 24 25 25 23 22 21 19 17
 15 16 16 16 16 15 14 14 14 13 14 15 16 15 13 14 13 14 14 13 12 12 13 14
 13 13 13 12 13 14 15 14 14 12 12 13 13 11 11 13 14 12 11 12 13 14 14 14
 16 14 15 17 18 18 22 26 25 28 31 31 26 22 18 14 14 14 14 13 12 11 10 11
 10  9  7  8  9  8  8  9  8  9  9  9  9  9  9  8  8  7  7  7  7  7  7  7
  8  8  8  7  6  5  5  5  5  5  5  6  7  7  8  9  8 10 11 12 11 12 12 13
 16 14 12 12 13 14 13 12 13 15 15 15 16 17 18 18 18 17 16 15 16 19 23 26
 35 44 51 51 50 48 46 46 43 46 46 45 48 50 49 48 51 53 54 56 59 58 55 54
 53 54 53 55 55 54 52 28]"
"[28 34 44 39 35 26 23 24 24 21 19 21 21 20 20 20 22 24 25 25 24 22 18 15
 16 16 17 17 18 17 17 16 17 14 14 15 16 14 14 13 13 13 13 12 12 13 13 14
 13 14 13 11 11 13 14 13 13 13 13 14 13 12 12 12 13 11 10 11 12 12 10  9
 12 12 11 12 12 10 12 16 17 18 22 23 19 17 18 20 17 17 17 17 17 16 16 16
 15 11  9  9  9  9  8  9  7  8  9  9  9  9  8  7  9  8  8  8  8  8  8  9
  9  9  9  8  6  4  4  5  5  5  6  7  7  8  9  9  9 11 13 13 12 11 12 13
 14 13 13 14 16 16 15 13 14 15 15 15 15 17 18 18 20 18 17 17 20 26 33 38
 46 50 49 46 46 47 45 44 42 46 46 46 49 49 48 50 52 53 52 54 57 58 56 55
 56 56 54 57 61 58 54 30]"
"[30 26 62 52 52 53 46 36 36 49 49 43 36 35 27 23 25 25 25 30 24 21 17 19
 18 22 22 18 16 18 18 16 18 17 16 16 15 15 18 15 13 13 13 12 12 13 14 14
 14 14 11 11 10 10 12 12 12 13 12 11 13 14 13 10 12 12 12 12 11 10 10 11
 11 11 11 11 11 10  9 10 13 15 15 15 15 16 16 15 15 16 17 16 17 18 20 21
 20 18 16 16 15 13 11  9 11 11  9  9  9  9  8  9  8  8  8  8  8  8  8  9
  9  8  8  7  6  5  5  6  6  5  5  6  8  9 10 10  9 11 13 14 14 13 13 13
 13 13 14 13 13 14 14 14 13 15 16 17 17 17 17 18 20 21 23 25 28 34 43 51
 53 51 47 44 44 47 48 47 45 47 49 51 50 46 47 53 55 52 50 54 58 57 54 54
 57 54 57 59 61 64 58 29]"
"[30 32 79 73 70 78 80 73 62 70 70 65 61 62 57 52 46 41 36 37 33 31 24 23
 28 24 24 18 19 25 23 23 15 18 20 22 18 16 17 16 16 16 15 13 13 15 16 17
 15 15 12 11 11 12 14 15 14 14 14 13 14 16 16 13 12 12 12 12 11 10 10 11
 13 12 12 12 11 10  9  9 12 13 13 12 12 12 12 11 12 13 13 14 15 17 18 18
 17 16 16 18 20 19 19 18 15 15 16 15 14 12 11 11  9  9  9  9  8  8  8  8
  8  8  8  8  7  6  7  8  7  6  6  6  8 10 10 10 10 11 13 14 15 14 14 15
 15 15 15 13 12 12 12 11 13 14 16 16 16 15 15 16 18 22 24 26 35 47 53 52
 52 51 48 45 45 48 49 47 46 48 50 52 52 49 49 52 52 50 48 51 55 56 55 56
 58 56 59 60 60 62 58 30]"
"[27 29 89 88 81 85 85 79 79 79 79 73 71 70 68 62 66 64 60 60 55 53 51 53
 50 36 30 22 24 29 21 20 20 21 23 25 21 17 20 21 17 16 15 14 14 16 17 17
 17 16 14 13 12 13 13 14 15 15 14 13 13 15 15 13 13 12 12 12 12 11 11 11
 13 13 12 12 11 10  9  9 11 12 12 11 11 11 10  8 10 10 10 11 12 14 14 13
 13 13 14 17 19 19 18 18 15 18 20 18 17 16 15 13 12 12 12 12 11 10 10  9
  9  9  9  9  8  7  8  8  8  7  7  8  9 10 11 11 10 11 12 14 14 15 15 16
 14 15 14 13 13 13 14 14 12 14 15 16 15 15 15 16 19 23 27 33 46 56 54 45
 45 48 48 47 47 48 49 48 46 47 48 50 52 50 49 50 50 50 48 48 53 56 56 57
 58 57 59 59 58 59 57 30]"
"[32 28 83 86 83 84 83 86 86 81 82 79 80 80 84 79 70 72 74 74 69 66 68 72
 74 64 58 51 48 46 36 33 30 27 23 24 21 19 21 21 21 20 16 15 16 19 19 17
 17 16 17 16 16 16 16 17 16 16 15 15 15 17 18 17 14 12 12 12 12 12 11 11
 13 12 11 11 10 10 10 11 11 10 10 10 11 11 10 10 10 10 10 10 11 11 10  9
 11 11 11 13 13 13 12 12 12 15 17 16 16 17 16 15 15 15 15 15 15 15 14 13
 12 12 12 10  9  8  8  8  8  8  7  8  9 10 11 10 10 10 12 13 14 15 15 15
 12 13 13 13 13 15 16 17 14 15 15 16 16 16 18 19 20 27 37 46 52 53 47 40
 40 45 50 49 48 47 47 47 47 47 46 48 52 52 50 50 52 53 51 49 52 56 57 57
 56 57 58 58 56 58 57 29]"
"[29 27 77 81 85 82 76 82 82 77 79 78 80 81 87 85 81 81 83 84 84 80 77 75
 74 77 76 77 71 61 58 55 60 55 50 48 42 36 38 37 25 23 20 21 23 25 24 21
 21 18 19 16 15 16 14 16 19 18 17 16 15 15 15 15 13 12 12 12 13 13 13 13
 13 12 11 10 10 10 11 13 11 10  9  9 10 11 11 11 11 12 12 12 11 11 10 10
 12 10 10 11 11 11 10 11 10 12 12 11 12 15 15 13 15 15 16 17 17 17 16 15
 14 15 14 12 11 11 11 11  9  8  7  8  9 10 10  9 10 10 12 13 14 14 14 14
 13 14 14 13 13 14 15 15 15 15 15 15 16 18 21 24 25 38 51 55 50 46 45 45
 42 48 52 50 46 45 45 46 49 49 47 48 53 55 53 52 53 55 54 51 54 57 58 57
 58 59 58 59 58 59 59 29]"
"[30 32 69 62 66 67 69 75 79 76 76 75 76 75 78 78 82 80 82 83 86 83 78 74
 79 83 79 83 81 74 79 75 76 76 75 74 66 58 58 56 54 53 51 50 48 42 32 25
 21 18 18 16 16 20 18 20 23 22 20 20 19 19 18 18 16 15 15 15 16 16 17 18
 15 13 11 10 10 10 11 12 13 11  9  9 10 10 11 12 11 12 13 12 11 10 11 10
 11 11 10 11 10 10 10 10 11 10  9  9  9 12 12 10 12 12 13 13 14 14 14 13
 14 15 15 14 13 14 15 14 12 10  9  9 10 10 10  9 11 11 12 13 13 13 13 13
 13 14 15 14 14 15 15 15 16 16 15 15 17 22 28 32 40 49 55 52 47 46 48 48
 45 49 50 48 45 46 48 48 50 50 48 47 51 54 53 53 52 55 54 53 56 59 58 58
 61 62 61 62 62 62 62 29]"
"[28 32 69 64 66 65 69 68 71 71 69 71 71 72 72 74 76 75 78 77 81 78 78 77
 81 81 74 74 76 76 81 80 77 80 83 84 80 75 75 73 62 64 65 67 66 61 54 47
 52 44 41 35 34 34 24 22 25 23 21 20 20 20 19 19 21 20 19 19 19 19 20 21
 17 15 15 13 12 11 12 13 15 13 11 11 11 10 10 11 11 12 12 11 11 11 11 11
 11 10 10 10 10  8  8  8 10  9  8  8  9  9  9  9  9 10 10 11 11 10 10 11
 11 13 13 12 12 14 14 14 12 11 10 10 11 12 12 11 12 12 13 12 12 11 11 12
 12 13 14 15 15 16 17 17 16 16 17 18 22 29 37 42 49 50 50 47 47 49 49 47
 47 48 47 46 47 51 53 52 51 52 49 46 49 52 53 53 52 54 55 55 58 59 58 58
 60 63 62 64 63 62 62 30]"
"[30 29 65 66 65 62 69 64 68 70 66 69 70 72 69 72 72 70 72 69 72 71 74 74
 72 74 75 72 71 73 77 80 76 78 79 83 83 83 84 80 75 75 74 73 73 73 73 71
 78 69 67 63 63 63 49 44 49 44 38 33 28 24 21 19 24 23 22 21 20 19 19 20
 19 18 17 17 16 15 15 15 16 13 11 11 11 10 10 10 11 11 10 10 10 11 11 10
  8  9  9 10 10  9  8  9 10  9  9 10 10  9 10 11 10 11 11 11 10 10 10 10
  9 11 11  9  9 10 11 10 11 10  9 10 11 12 12 12 12 12 12 11 10  9 10 11
 11 13 14 15 15 16 16 16 16 17 18 21 27 36 46 52 46 45 46 49 50 47 48 51
 50 49 47 47 52 56 55 52 54 55 51 47 49 52 54 54 54 55 55 56 59 59 57 57
 56 61 60 63 62 61 62 29]"
"[29 29 67 67 68 71 69 65 65 64 66 69 67 65 67 69 68 68 68 67 66 66 66 66
 64 68 67 68 68 67 71 74 73 68 67 70 65 67 78 73 73 78 79 76 76 79 80 77
 82 77 74 73 72 70 68 68 68 63 62 65 65 63 60 57 57 39 31 29 23 20 18 18
 17 20 18 18 18 17 16 15 15 14 14 14 13 12 11 12 11 12 11 10 13 14 11  9
  9  9  9  9  9  8  8  8  8 10 11 12 11 11  9 10  9 11 11 11 11 11 10  9
  9 10 10  9  8  8  8  9  9  9 10 10 10 10 10 10 10 10 10 11 13 13 12 12
 12 13 13 14 15 15 16 15 17 19 24 34 43 48 48 48 47 44 41 44 48 49 48 49
 50 51 52 51 51 51 53 54 50 52 53 52 51 52 55 58 55 55 56 57 59 61 60 58
 57 59 61 64 62 61 61 29]"
"[29 29 69 70 70 72 69 66 64 61 63 67 67 66 65 64 65 65 67 67 67 68 69 70
 64 66 63 64 66 65 67 68 68 65 65 69 66 66 72 67 65 68 70 71 72 74 73 71
 73 71 72 76 77 76 76 79 77 74 73 74 76 77 73 65 65 62 65 67 57 45 38 32
 29 28 24 23 23 19 18 17 17 18 17 15 15 16 14 12 13 15 15 14 14 13 12 12
  9 10 10 10 10  9  8  7  9 10 10 10  9  9  9  9  9 10 11 12 11 11 10  9
  9 10 10  9  8  8  8  8  9  9 10 10  9  9  9  9 10 10 11 12 13 13 13 12
 12 13 14 15 15 16 17 19 23 27 35 44 47 46 46 47 43 43 43 45 47 47 46 48
 50 52 53 52 50 50 51 52 51 51 52 53 53 54 56 56 54 54 55 57 58 60 59 58
 61 61 61 64 61 61 62 29]"
"[29 30 69 70 70 71 70 68 64 62 65 70 70 68 66 64 66 67 68 68 67 66 66 66
 63 65 64 65 64 59 61 64 62 62 62 66 66 65 66 63 61 60 62 65 68 69 68 66
 68 68 70 73 71 67 66 68 72 73 74 75 78 83 82 74 74 74 73 75 70 65 67 60
 57 54 50 56 60 52 40 32 26 25 21 18 18 18 18 15 16 16 16 15 15 13 12 13
 12 11 11 11 11 10 10 11 11 10  9  9  9  9 10  9 10 10 10 11 11 10  9  9
 10 11 11 10  9  9  8  8  9  9  9  9  9  8  8  8  8  9 11 12 12 12 12 12
 13 13 15 16 16 15 19 24 30 34 41 47 47 42 40 41 41 45 47 47 47 45 45 47
 50 52 53 52 50 48 49 50 50 52 54 55 55 56 56 56 55 56 58 59 60 60 59 59
 61 61 60 61 60 60 61 29]"
"[30 29 66 66 66 68 68 68 64 65 70 74 72 69 67 66 64 66 67 68 66 65 63 63
 62 65 66 68 65 59 61 66 64 64 61 62 63 62 62 62 62 59 58 60 64 65 64 63
 65 66 68 67 64 61 59 58 61 65 68 68 69 74 75 72 73 76 73 75 74 73 78 69
 72 67 61 66 74 73 67 61 60 55 50 47 45 42 38 35 31 27 21 19 19 16 12 11
 15 14 13 13 13 12 12 13 14 12 10 10 11 11 11 10 11 11 11 12 11  9  9  9
 11 11 11 10  9 10  9  9  8  9  9  9  9  8  9 10  8  9 11 12 12 11 12 12
 14 14 15 17 17 17 23 30 41 43 45 46 46 44 41 39 41 47 50 49 47 45 45 47
 50 51 52 51 50 48 48 48 48 52 56 56 55 55 55 56 57 58 60 62 61 60 59 59
 59 60 59 60 58 59 60 28]"
"[30 27 63 62 63 66 66 66 64 65 70 73 70 67 65 63 64 65 67 67 66 63 61 60
 63 64 63 68 69 65 65 67 68 66 62 59 60 60 58 61 62 59 57 58 61 63 62 60
 62 64 64 61 59 59 58 56 60 61 64 65 64 64 65 63 60 67 66 69 71 73 81 77
 83 82 74 71 71 71 73 74 65 65 64 62 62 62 56 51 49 45 39 36 35 30 27 26
 16 14 13 14 14 14 14 15 14 11 10 11 12 12 12 11 13 12 13 13 12 10 10 11
 12 11 10  9  9  9 10 10  9  9  9  9  9  9  9 10  9 10 12 12 12 12 12 13
 16 15 16 18 21 24 33 41 48 48 45 41 41 44 44 41 42 47 50 49 48 47 46 48
 51 50 50 50 50 49 48 47 49 52 54 54 54 55 54 52 56 57 60 61 60 58 57 58
 59 61 61 62 59 59 61 28]"
"[30 28 64 64 64 66 66 67 67 65 67 69 68 66 63 60 67 67 67 66 65 63 60 58
 62 65 64 67 67 63 63 64 64 61 60 58 59 60 58 61 61 60 59 59 62 63 62 59
 59 61 60 56 56 58 58 56 60 58 60 65 66 65 63 60 56 62 62 66 68 67 64 55
 64 69 68 68 68 68 72 73 71 74 72 65 64 67 64 56 55 57 57 57 57 57 58 62
 49 41 33 27 22 19 18 20 18 15 13 14 15 16 16 16 13 14 14 12 11 11 11 12
 13 13 12 10  9 10 11 11 10 10  9  9  9  9  9  9  9 10 12 12 12 12 13 14
 17 15 16 21 27 34 42 49 46 47 44 37 36 40 43 43 44 47 48 48 49 49 49 51
 52 52 51 50 50 49 48 47 52 52 51 51 54 57 54 49 52 54 57 59 59 57 57 58
 62 64 64 64 61 61 63 29]"
"[29 29 66 66 65 66 68 69 68 67 67 68 66 66 66 64 68 66 66 66 66 66 65 64
 63 67 66 66 64 60 62 63 61 59 61 60 61 62 60 62 61 59 59 61 63 62 62 62
 58 59 58 57 57 59 60 62 58 55 57 62 65 65 64 62 62 59 54 55 61 64 60 56
 57 61 59 61 62 61 63 64 66 69 68 66 66 70 72 71 75 78 78 73 68 63 61 62
 58 51 44 40 37 35 36 38 27 22 18 17 17 16 17 17 17 18 17 13 11 13 14 13
 15 15 14 12 11 11 11 12 12 11  9  9 10 10 10 10 10 11 11 11 11 12 13 14
 16 16 20 28 37 43 47 48 44 44 43 41 40 42 45 46 46 46 46 48 50 49 49 52
 53 53 52 51 50 50 50 51 55 54 52 51 54 58 56 52 51 52 55 59 59 58 58 60
 64 64 62 62 60 62 63 29]"
"[28 28 66 66 63 65 68 72 66 67 69 68 64 64 68 70 74 71 68 67 67 66 65 64
 65 66 63 64 66 66 66 65 65 62 66 65 63 64 61 62 62 57 56 60 60 58 59 64
 61 59 59 59 57 54 56 59 60 58 59 60 59 60 61 60 60 59 59 60 63 62 55 54
 53 57 58 62 62 56 57 60 62 60 62 66 64 58 58 61 65 70 73 72 72 72 71 71
 62 60 59 61 59 54 50 49 54 47 40 36 34 32 32 33 22 24 22 16 14 16 17 15
 16 16 16 13 11 10 11 11 13 11 10 10 11 12 12 12 11 11 12 12 12 13 14 15
 15 19 26 36 46 50 47 43 41 39 39 43 45 45 45 46 46 46 45 47 49 47 47 50
 53 53 53 52 50 51 53 55 55 57 56 54 54 57 59 57 51 52 55 59 59 58 59 61
 63 62 59 58 58 61 63 28]"
"[30 27 64 66 65 64 65 68 68 67 67 65 64 64 65 72 75 73 69 65 67 71 70 66
 68 69 67 66 67 67 65 65 66 67 67 66 65 64 63 61 59 59 59 59 59 59 59 60
 65 63 60 58 57 56 57 59 60 58 58 59 58 57 58 60 62 60 60 62 61 56 53 53
 51 54 59 62 58 54 54 58 62 57 56 58 58 54 52 52 54 56 60 65 66 64 61 59
 60 63 66 66 65 65 65 65 60 60 58 58 60 55 48 46 42 41 38 36 34 29 25 26
 20 20 19 17 13 10 10 12 11 12 12 12 13 14 15 15 13 12 12 12 12 13 16 20
 22 28 38 47 48 44 43 45 43 45 45 43 43 46 48 48 49 46 45 46 48 49 50 50
 54 53 53 53 54 55 55 54 54 58 59 56 53 56 59 57 56 56 56 56 58 61 62 61
 63 64 62 61 58 60 61 28]"
"[29 28 66 66 65 65 65 68 67 65 65 65 66 64 62 66 72 72 70 67 65 66 68 69
 67 71 72 70 67 65 65 67 66 67 68 67 66 64 63 62 65 64 63 61 59 59 60 62
 63 62 60 59 59 58 59 59 57 57 58 60 59 57 56 56 60 59 58 56 54 54 54 54
 52 54 56 55 53 52 54 57 58 55 54 55 55 52 51 51 50 53 57 60 60 57 53 51
 51 53 54 55 57 59 60 60 58 57 57 59 62 61 56 54 55 60 57 49 46 45 40 35
 33 32 31 30 25 20 21 25 17 15 14 15 15 16 16 16 15 14 14 14 13 14 19 24
 30 35 42 46 43 38 39 44 44 46 46 44 44 47 49 48 48 48 48 47 48 50 52 53
 52 53 54 54 54 55 55 54 53 55 56 53 51 54 59 59 61 61 59 57 58 61 62 61
 61 64 64 65 65 66 65 28]"
"[29 30 68 67 64 66 68 70 71 66 64 63 65 64 63 67 70 70 71 71 69 66 66 67
 65 68 69 67 66 64 64 65 67 67 67 67 66 64 63 63 66 66 65 63 61 61 63 64
 60 61 62 62 62 62 61 60 60 61 64 65 65 64 61 59 55 58 58 54 53 55 55 53
 53 54 54 52 50 52 54 54 54 53 52 52 51 50 50 51 54 56 58 59 58 54 52 50
 50 50 49 49 51 53 54 54 54 51 52 55 58 59 57 53 57 63 62 53 51 54 53 49
 52 45 41 41 41 37 35 37 31 25 20 20 20 19 18 18 15 15 15 16 16 18 23 30
 35 38 41 41 38 35 39 44 45 46 46 45 45 47 48 48 46 49 50 49 49 52 54 54
 52 53 54 54 53 54 56 57 56 55 55 53 50 52 56 57 61 62 62 59 60 63 64 63
 62 63 62 64 64 68 67 30]"
"[29 30 69 67 65 67 70 73 74 71 67 64 65 67 67 71 73 71 69 71 72 71 67 64
 63 65 63 63 64 65 65 66 70 68 68 68 67 65 64 64 64 64 65 65 64 63 63 63
 58 61 63 64 65 65 64 61 62 64 65 65 65 65 63 60 53 58 60 57 56 57 57 54
 52 53 53 53 53 53 52 51 51 52 52 51 50 50 50 50 55 56 56 55 54 52 51 49
 54 52 50 49 49 50 50 50 52 46 46 49 50 52 52 47 49 53 53 51 52 52 51 52
 59 52 46 47 50 49 47 46 46 37 30 29 28 25 23 23 19 18 20 23 24 25 28 33
 35 34 34 36 37 38 41 43 45 46 46 44 44 46 47 47 45 47 49 50 51 53 53 53
 54 54 53 52 51 54 57 59 57 54 54 53 52 52 54 55 57 62 64 63 62 65 66 65
 64 65 62 62 62 66 66 29]"
"[28 31 70 70 67 69 70 72 72 74 73 68 67 69 68 70 76 72 68 67 70 71 68 63
 63 66 66 65 66 66 67 69 72 71 69 68 67 66 66 66 64 65 65 66 65 64 61 59
 57 60 63 65 66 66 64 61 63 66 66 64 64 64 62 58 58 60 61 59 57 57 57 57
 53 52 53 56 57 54 51 50 49 51 52 51 49 50 50 49 54 53 52 52 52 52 50 48
 50 50 50 49 48 47 47 48 49 44 43 45 46 49 50 46 46 48 50 51 51 48 44 44
 51 50 48 47 47 49 50 51 50 44 38 38 37 33 30 29 28 29 30 33 35 34 33 33
 34 33 32 34 37 39 40 40 43 44 44 43 43 45 47 48 47 46 47 51 53 53 52 54
 56 55 53 51 51 54 56 57 53 50 51 54 55 56 56 55 58 63 66 65 63 63 64 64
 65 68 66 66 64 67 66 28]"
"[28 31 73 74 72 72 71 71 72 75 75 68 66 68 68 71 72 72 71 70 69 69 66 63
 68 69 69 69 71 71 67 66 70 70 68 66 66 66 66 65 64 64 65 66 66 65 63 62
 58 59 62 65 65 64 62 61 64 67 68 66 65 64 61 57 60 61 63 64 61 57 55 55
 55 52 53 57 58 55 53 53 51 52 52 51 50 50 51 51 53 53 52 52 53 54 51 48
 47 49 50 51 49 46 45 46 43 40 40 42 45 47 48 47 44 47 47 44 44 45 44 43
 46 46 44 41 42 44 44 43 43 41 40 42 41 38 34 33 38 39 40 42 42 40 35 31
 33 34 35 35 36 38 39 40 41 42 42 42 44 46 48 49 50 47 46 49 51 50 52 56
 57 56 55 53 53 54 55 55 54 52 53 56 58 59 60 58 60 63 65 63 61 61 63 64
 66 69 67 64 62 66 66 30]"
"[29 30 72 75 75 74 72 73 76 74 72 68 67 69 70 74 70 72 74 74 71 67 66 67
 72 71 69 70 74 74 68 64 68 69 68 66 66 67 67 65 63 65 66 67 67 66 65 65
 60 59 61 64 64 61 59 60 61 63 64 64 62 61 58 56 58 61 64 65 62 58 54 53
 55 53 53 55 56 56 54 54 53 52 50 50 50 51 53 54 52 52 51 50 50 51 50 47
 46 47 50 52 50 46 44 44 40 41 40 42 44 44 43 44 40 44 42 37 38 42 44 45
 45 42 39 38 40 41 39 36 36 37 39 40 38 36 35 35 40 43 44 44 44 44 39 34
 33 35 36 35 34 37 40 41 40 41 43 44 45 47 48 49 50 49 50 50 49 48 52 57
 55 56 56 55 54 54 55 56 58 57 58 58 59 61 63 62 62 61 61 61 61 61 62 64
 66 68 65 62 60 65 66 30]"
"[29 28 68 72 73 73 73 75 77 73 72 72 74 73 71 75 76 75 74 73 70 67 69 75
 73 74 73 72 74 73 70 69 68 71 71 68 68 71 71 67 64 67 69 70 68 65 64 64
 62 60 61 64 63 59 58 60 59 60 61 61 60 59 58 58 57 59 60 59 57 56 55 53
 52 53 53 53 54 55 55 53 54 51 48 47 48 50 53 56 55 55 52 49 48 50 50 49
 42 43 47 50 49 46 43 42 44 46 45 45 46 43 39 41 38 43 43 40 39 40 41 42
 42 40 40 41 41 39 39 40 37 39 40 37 34 33 35 36 37 42 44 43 44 47 44 39
 36 37 35 33 33 36 39 40 41 42 44 46 47 48 48 49 48 52 55 54 49 48 52 57
 54 56 56 54 53 54 57 59 59 59 59 58 57 61 65 66 64 61 60 61 62 61 60 61
 63 66 66 65 64 68 66 28]"
"[31 26 69 70 72 73 74 74 76 75 75 76 75 74 74 75 79 80 81 77 72 72 74 73
 72 73 74 75 74 73 72 72 73 73 72 71 72 74 73 71 67 69 70 69 68 67 65 64
 64 65 66 64 62 61 61 62 62 61 62 63 62 61 62 62 60 60 57 59 58 54 54 54
 49 50 53 52 52 54 53 54 53 51 47 47 50 52 53 55 55 51 49 49 49 48 49 51
 46 46 49 50 46 40 38 40 42 47 50 47 44 43 43 41 40 42 44 44 42 40 41 42
 40 41 44 44 41 40 40 39 40 39 39 38 35 34 35 35 36 39 39 40 44 44 40 39
 37 35 32 30 32 36 39 39 45 43 43 46 48 47 47 49 49 52 53 53 53 51 52 56
 56 55 58 59 55 54 58 60 62 60 56 56 58 61 63 64 64 65 65 65 65 64 64 64
 63 65 63 64 69 69 68 29]"
"[29 27 72 72 73 73 74 74 76 75 76 77 76 74 74 75 79 79 79 76 73 74 75 74
 71 72 73 74 75 73 72 72 72 73 74 75 76 77 76 73 73 71 68 69 71 72 69 66
 69 68 67 67 66 65 65 64 65 64 66 66 65 65 66 65 64 63 59 59 57 53 55 55
 51 51 52 50 52 55 53 52 51 50 48 48 50 50 49 50 50 50 50 52 53 51 50 50
 49 48 48 50 49 44 39 38 44 47 49 49 47 46 44 43 43 44 45 44 42 41 40 41
 41 42 43 43 40 40 41 40 41 39 39 38 36 34 34 33 33 37 37 38 41 42 39 39
 36 34 33 35 36 37 39 42 44 41 40 43 48 51 51 52 51 51 51 54 54 50 50 55
 56 57 59 61 58 56 59 62 62 58 55 55 56 58 60 64 66 65 65 65 66 68 70 72
 65 65 62 64 68 68 68 29]"
"[28 28 74 74 73 72 72 73 74 75 76 76 75 73 73 74 77 77 76 76 75 77 77 74
 72 72 72 74 74 74 73 73 75 75 76 76 77 77 76 74 74 71 68 68 72 74 71 67
 73 71 69 69 70 70 68 67 68 68 70 69 66 66 66 64 61 63 61 61 59 56 57 56
 55 54 56 55 56 58 54 53 54 53 49 47 48 48 48 50 50 50 50 50 50 51 51 50
 53 51 51 54 56 53 48 44 46 46 47 49 48 46 43 42 46 47 48 47 46 45 44 44
 45 44 44 42 39 39 40 39 39 37 37 37 35 35 34 33 33 36 37 37 39 40 39 40
 36 34 34 37 38 38 40 45 47 45 43 44 47 51 53 54 53 49 47 53 55 50 48 53
 57 58 60 60 58 54 54 59 60 56 54 56 57 57 61 66 65 66 66 67 67 67 68 69
 68 66 63 65 69 68 69 29]"
"[29 29 75 74 72 70 71 71 72 73 74 75 74 73 72 71 74 74 74 75 75 77 77 74
 74 74 74 75 74 74 74 75 77 77 75 74 74 75 75 75 72 71 70 71 73 74 72 70
 74 73 72 73 74 74 72 70 70 72 72 70 67 67 67 63 60 65 65 63 61 61 62 58
 57 59 64 63 62 61 56 55 58 57 53 49 49 49 49 50 52 52 50 48 48 50 51 49
 46 46 48 52 56 56 52 49 46 46 46 47 47 45 42 40 43 45 47 47 46 45 46 47
 47 45 43 41 38 38 40 40 39 37 37 37 35 34 34 34 35 37 39 38 39 39 39 39
 39 36 35 37 39 39 42 46 49 50 50 47 46 49 53 56 53 48 46 51 56 52 50 52
 55 57 58 58 57 52 51 57 59 58 57 59 60 60 62 66 66 67 67 67 66 65 65 65
 70 67 64 67 71 70 70 29]"
"[29 29 74 72 71 71 72 72 72 72 73 74 75 75 73 72 73 74 76 77 76 77 77 75
 77 77 76 75 74 74 76 79 79 77 75 74 74 75 76 76 75 74 73 74 76 77 76 73
 73 74 75 76 77 76 74 73 73 74 75 72 70 70 70 67 65 72 69 63 61 64 67 61
 60 62 66 66 66 65 59 57 56 58 57 55 55 54 51 50 54 56 55 53 52 52 49 46
 42 45 48 50 51 51 51 50 49 51 50 47 46 46 45 42 43 45 47 47 46 45 47 49
 47 46 44 41 38 39 42 42 42 40 40 39 35 33 33 33 36 38 39 39 39 40 41 39
 38 37 36 38 40 43 45 46 48 49 50 48 47 49 53 55 52 50 48 52 57 57 55 54
 53 55 56 57 58 54 54 60 60 62 64 63 62 63 64 64 68 67 66 64 64 66 68 70
 69 66 66 70 73 72 72 28]"
"[29 28 73 71 71 73 75 75 73 73 74 75 76 77 76 75 75 76 80 81 79 78 79 78
 77 76 75 74 72 73 77 81 81 80 79 78 77 76 75 76 80 77 74 74 77 79 77 75
 72 74 76 77 76 75 74 74 76 75 76 75 72 72 71 68 67 74 73 67 66 69 70 64
 63 62 64 64 66 67 62 59 58 60 58 56 57 57 55 54 58 59 59 56 55 54 51 48
 48 52 54 53 51 51 51 50 51 54 53 50 48 49 48 44 47 49 50 49 47 46 47 49
 50 49 47 44 39 39 41 41 41 40 40 39 35 33 34 34 37 38 40 40 40 42 44 42
 36 36 37 39 42 46 46 45 47 46 45 46 47 49 51 51 51 52 51 52 57 60 58 56
 54 56 57 57 57 56 57 61 60 64 66 65 64 65 65 64 65 65 65 66 67 68 69 70
 67 66 67 71 74 74 74 29]"
"[29 28 73 72 72 74 76 75 74 75 76 75 75 76 76 76 74 76 80 83 81 80 81 81
 79 77 74 73 72 74 77 80 83 81 81 81 79 77 76 76 79 77 75 75 76 77 76 75
 72 74 76 76 75 74 73 74 76 75 76 76 75 73 71 68 68 73 74 73 72 71 70 65
 64 64 66 64 65 67 64 63 65 64 60 56 57 59 60 60 61 61 58 56 55 56 56 55
 55 57 57 54 53 53 52 50 51 53 54 53 53 53 50 46 47 48 48 47 46 45 45 45
 51 50 49 45 40 39 40 41 37 36 37 38 36 35 36 35 37 37 40 41 39 42 45 44
 38 38 39 42 44 44 45 45 48 45 44 46 48 48 48 48 50 53 53 54 57 59 59 58
 57 57 58 57 56 58 61 61 61 63 65 65 65 65 65 65 63 64 66 69 70 70 69 67
 69 68 69 72 73 75 76 29]"
"[29 29 74 73 73 74 75 75 75 77 77 75 73 73 74 75 70 72 77 81 80 79 80 80
 82 79 75 74 75 76 78 80 80 79 79 79 79 79 79 80 76 79 80 79 77 76 76 76
 73 75 76 76 74 74 73 74 74 72 75 78 78 77 75 72 74 75 73 74 72 68 68 65
 65 68 72 68 65 65 65 68 68 68 64 60 61 62 61 60 61 60 59 58 58 59 59 60
 59 59 57 55 56 58 57 53 50 51 53 56 57 55 51 48 49 48 47 47 47 47 47 46
 46 47 48 45 41 41 43 44 37 35 37 39 37 36 36 34 35 36 40 40 37 40 45 45
 45 43 43 45 45 43 44 47 46 45 45 48 48 47 48 50 52 54 55 56 58 59 58 59
 56 56 57 57 56 61 65 63 65 65 66 66 64 62 62 64 65 65 67 69 72 73 72 71
 72 71 72 72 73 76 77 29]"
"[30 27 72 74 75 74 74 73 76 77 76 72 72 75 77 76 73 73 77 80 79 78 79 80
 80 78 76 76 76 77 78 78 80 80 79 78 77 77 77 78 78 78 82 83 79 75 75 77
 78 80 79 76 74 75 76 75 75 75 76 78 78 76 75 77 79 74 70 70 72 72 71 70
 71 72 72 71 68 68 70 72 71 69 66 62 60 60 61 60 58 57 59 63 64 63 62 64
 64 60 56 55 58 59 57 54 54 51 53 57 59 58 54 49 49 49 50 51 51 50 47 44
 47 48 48 47 44 43 46 49 43 41 41 41 39 38 37 35 38 38 39 40 40 40 43 45
 43 46 47 46 45 45 46 46 46 49 48 48 50 50 48 50 54 55 56 55 54 57 60 58
 63 60 57 57 59 61 62 63 65 65 66 66 63 61 63 66 65 65 70 72 70 73 77 73
 70 70 73 73 70 74 77 30]"
"[30 28 75 76 75 73 73 74 76 78 78 76 75 77 78 76 72 74 79 80 77 77 80 81
 82 80 78 78 79 79 80 80 79 80 80 80 80 80 80 80 79 78 80 81 77 75 78 80
 79 80 79 77 77 77 77 75 75 76 77 77 76 75 76 78 80 77 73 72 73 73 71 69
 72 73 73 72 71 70 71 72 72 69 65 62 59 58 59 60 62 62 63 65 65 63 61 62
 67 64 61 60 61 61 58 55 56 54 54 57 59 60 56 49 51 52 53 53 51 50 48 47
 48 49 50 50 48 46 46 47 45 41 40 41 40 39 39 37 39 39 40 41 41 42 44 46
 45 47 47 47 47 48 48 48 48 50 49 49 52 52 50 50 53 53 54 55 55 56 58 57
 61 59 57 58 59 61 63 65 63 64 64 64 64 64 67 70 66 66 70 71 69 72 75 72
 72 71 70 67 65 68 73 29]"
"[31 29 74 71 69 69 72 76 76 79 80 78 78 78 78 76 75 75 76 75 75 79 82 80
 82 79 77 79 80 79 78 79 80 79 79 79 80 82 82 81 80 78 79 80 78 78 80 82
 80 80 80 80 80 81 79 77 76 77 77 76 75 76 77 79 80 80 78 76 75 75 73 70
 71 72 72 72 72 72 72 72 72 69 66 63 60 58 59 62 64 64 65 64 63 61 59 57
 64 66 66 65 65 64 61 56 57 56 56 57 59 60 57 50 53 56 57 55 51 50 51 51
 53 52 51 49 48 47 48 50 46 41 39 42 42 40 38 36 40 41 42 43 43 43 45 47
 48 48 48 48 49 51 51 50 50 52 51 52 55 55 52 52 53 52 53 56 57 55 55 56
 60 60 60 61 61 62 62 63 60 61 63 63 64 67 70 72 70 69 72 72 70 73 76 73
 73 73 69 65 63 65 70 28]"
"[31 29 72 69 67 67 72 76 75 77 78 77 77 78 78 76 77 74 73 72 74 79 82 80
 80 76 76 78 79 77 76 77 82 80 77 76 78 80 81 80 79 78 79 81 81 81 81 80
 81 81 81 80 80 80 78 77 77 77 77 75 75 76 77 78 78 80 80 77 76 76 75 72
 72 72 72 72 73 73 72 71 71 70 69 66 63 62 63 64 65 65 64 63 63 62 59 56
 59 62 65 65 65 66 63 59 59 59 59 58 58 61 60 54 52 54 55 51 47 47 49 50
 55 53 51 50 50 51 52 53 47 42 41 44 44 41 37 34 39 41 42 44 44 44 45 47
 50 50 50 50 50 50 51 50 51 53 55 56 56 55 55 55 56 53 53 57 59 56 55 57
 58 60 61 62 61 59 58 57 59 61 64 65 67 70 72 71 69 68 69 69 68 71 72 69
 71 74 71 68 68 68 69 28]"
"[29 28 74 73 73 73 74 75 75 75 75 75 76 78 80 80 75 73 74 76 75 76 79 81
 79 77 77 79 80 78 77 76 81 80 77 76 78 81 82 81 80 77 78 80 81 81 80 76
 82 82 81 79 77 75 75 75 79 77 75 74 75 76 76 76 74 77 78 77 76 77 76 74
 74 73 72 73 74 74 73 72 68 71 72 69 66 66 67 67 68 66 64 63 65 65 63 59
 57 60 62 62 62 65 65 64 62 62 63 60 59 61 61 58 51 53 53 50 48 49 51 53
 53 52 53 55 56 55 54 53 50 45 43 45 45 42 39 35 38 39 41 43 44 44 45 47
 51 51 51 51 49 49 49 50 50 53 57 58 55 54 55 57 56 54 53 56 60 58 56 58
 58 60 62 62 61 60 60 59 62 64 66 66 68 71 72 72 69 68 68 68 69 71 70 65
 68 72 72 72 73 71 71 29]"
"[29 29 74 74 75 76 77 76 75 75 74 74 76 79 81 82 74 72 75 79 79 78 78 78
 80 79 80 81 81 80 78 78 77 78 78 78 80 82 83 81 81 78 78 78 78 80 79 77
 80 81 80 78 75 74 76 78 82 78 75 75 77 77 77 76 72 74 75 75 76 77 77 76
 75 74 73 73 75 75 73 72 66 70 73 71 69 68 69 69 70 67 64 64 66 67 65 62
 61 61 60 59 59 61 64 66 63 64 64 62 60 61 61 59 52 53 53 53 52 53 55 57
 54 53 53 54 56 55 54 53 54 49 47 47 46 46 45 41 40 40 41 44 46 47 48 49
 51 51 51 51 49 48 49 51 49 52 57 57 53 53 56 57 54 54 52 53 58 59 56 58
 57 59 60 60 60 62 65 66 65 66 67 67 68 70 71 72 70 70 70 70 72 73 70 65
 68 71 73 75 75 74 73 29]"
"[30 29 73 72 74 77 79 78 76 74 73 74 77 79 79 78 75 74 76 80 81 81 80 77
 79 80 81 80 80 80 79 77 75 78 79 79 80 82 82 81 81 80 79 78 77 79 81 80
 80 80 80 79 76 76 79 82 83 78 75 76 78 77 77 79 75 75 75 76 77 78 78 79
 75 74 74 75 76 76 74 72 69 70 72 73 70 67 68 72 72 68 66 67 67 66 64 63
 65 63 61 61 61 61 63 66 62 62 63 64 63 62 61 59 51 51 53 55 55 54 54 57
 57 55 53 53 55 56 56 56 56 53 51 50 49 50 49 46 45 44 44 45 47 49 50 51
 51 51 51 51 51 50 51 53 51 51 55 57 54 54 57 56 55 57 54 52 59 61 58 57
 55 57 58 56 57 61 64 65 66 66 67 68 68 68 68 69 67 69 70 69 71 71 69 67
 69 69 73 77 76 75 75 29]"
"[30 29 76 76 77 79 79 78 76 74 73 74 76 77 75 73 74 77 81 81 79 80 82 80
 78 80 81 80 79 80 79 77 77 80 81 79 79 81 82 81 81 81 81 80 77 79 82 83
 83 83 82 79 76 75 77 80 82 76 73 76 77 75 76 80 79 77 76 77 78 79 79 80
 76 75 76 77 79 78 76 74 72 70 72 74 70 65 67 74 76 72 70 71 70 67 64 64
 66 64 64 66 66 64 64 65 61 60 62 65 66 65 63 60 54 54 57 60 59 56 55 58
 57 56 56 57 59 59 57 57 55 55 55 53 51 53 51 47 50 47 45 45 47 49 50 51
 52 50 50 52 53 53 54 55 53 51 54 56 55 57 59 56 58 63 58 54 61 65 61 58
 59 61 62 60 60 63 65 65 66 67 69 72 71 67 66 66 65 70 71 71 72 73 72 71
 67 67 72 78 77 76 76 27]"
"[29 29 75 76 79 81 81 79 76 73 73 75 76 74 73 74 77 78 80 81 81 81 81 81
 81 80 79 80 79 78 77 77 76 80 82 80 79 80 81 81 81 85 86 84 84 82 81 82
 83 82 81 80 81 82 82 81 83 78 75 75 76 77 78 79 82 80 79 79 79 79 78 77
 77 76 76 79 80 78 75 73 74 73 73 73 73 73 73 75 75 73 72 72 72 72 70 68
 67 68 69 70 67 64 66 64 61 60 61 64 65 64 60 58 56 56 59 61 59 55 55 58
 58 57 57 57 58 60 60 57 53 52 52 54 54 53 51 50 48 47 47 48 48 48 50 52
 53 51 50 51 52 52 53 54 54 55 56 55 54 56 58 59 67 67 64 62 63 63 60 59
 61 64 65 65 66 65 65 66 63 69 74 74 71 68 67 66 67 69 72 73 73 72 73 74
 71 69 70 78 79 75 76 29]"
"[29 29 75 74 76 78 80 79 77 76 76 76 76 76 75 74 77 78 80 81 81 81 80 80
 80 79 79 80 81 79 78 79 77 81 83 83 82 81 81 80 80 84 85 84 84 82 81 83
 83 83 82 81 80 82 83 84 82 79 76 77 79 79 81 82 78 79 79 77 75 76 77 77
 76 76 78 80 80 77 75 74 75 76 76 77 76 75 75 75 75 72 70 71 73 73 73 73
 69 69 69 69 65 62 65 65 60 61 62 65 65 64 61 60 59 58 59 60 59 55 54 56
 59 59 60 59 57 57 58 56 50 51 52 53 53 51 50 49 48 47 47 47 48 49 51 53
 53 53 52 51 48 47 51 55 55 55 55 54 55 58 62 64 63 65 64 62 61 59 57 58
 60 64 65 64 65 65 65 65 65 69 72 73 72 71 69 68 67 69 71 72 73 73 74 75
 74 73 72 75 75 74 76 28]"
"[29 30 76 74 75 78 80 80 79 80 79 76 76 78 77 74 76 78 80 81 81 81 80 79
 80 80 80 81 82 82 81 81 78 81 83 83 82 81 81 80 82 83 82 82 81 79 79 83
 84 85 84 81 79 79 82 85 82 80 79 79 79 79 80 81 80 81 81 79 78 79 80 79
 77 78 80 82 80 77 76 76 77 78 79 80 79 77 76 76 76 73 71 72 74 74 74 74
 71 70 68 68 63 60 65 67 64 64 66 67 66 64 64 64 62 60 59 60 60 57 55 55
 57 58 60 59 55 55 57 57 51 52 54 54 53 51 50 50 47 47 46 46 47 50 51 52
 53 54 53 49 46 47 51 54 53 54 56 57 58 58 59 60 61 63 62 61 61 59 57 57
 61 65 65 63 64 67 67 67 68 69 71 71 72 73 71 69 70 72 73 72 72 73 74 73
 72 74 73 74 74 77 79 29]"
"[29 31 78 77 78 80 82 81 80 82 80 74 74 79 80 76 76 77 79 81 82 82 82 81
 81 81 81 82 83 83 82 82 81 82 82 82 82 82 83 83 85 82 79 78 79 78 78 82
 86 87 85 82 79 79 81 83 83 82 81 81 80 79 79 80 81 81 81 81 82 82 81 79
 80 80 81 82 80 78 78 80 78 80 81 82 80 77 76 76 75 73 72 75 76 75 73 73
 73 71 69 69 64 61 67 71 69 69 68 67 66 64 65 66 63 61 60 61 61 59 57 57
 57 58 60 58 54 54 57 58 54 55 56 56 54 51 50 50 47 48 47 46 46 50 52 52
 54 54 51 49 50 52 54 53 53 55 58 59 58 56 57 58 61 61 59 60 63 62 59 57
 62 67 66 62 63 67 70 72 72 71 71 71 72 72 72 70 73 75 75 73 73 74 75 73
 71 74 74 76 78 81 82 29]"
"[28 31 80 81 82 82 82 80 80 82 79 73 73 80 82 79 77 78 79 81 82 83 83 83
 82 82 81 81 82 82 82 81 82 83 83 83 84 85 86 86 84 81 77 78 80 80 80 82
 86 86 85 83 82 83 83 84 83 83 82 83 83 82 82 82 80 80 81 82 81 80 81 83
 85 82 81 80 80 79 80 81 81 82 83 82 79 76 75 76 72 72 73 75 76 76 75 75
 75 74 71 71 66 64 70 73 72 70 67 65 64 64 64 65 66 64 62 61 60 59 60 61
 62 61 61 59 55 54 57 58 57 56 55 54 53 51 49 48 48 49 49 47 47 50 53 53
 54 54 53 53 56 58 57 55 57 59 59 59 56 56 59 63 61 60 59 61 64 63 60 60
 64 69 69 65 64 67 70 72 73 73 73 73 72 72 72 72 74 75 75 73 74 77 77 75
 73 74 75 79 82 83 81 28]"
"[28 30 79 82 82 80 79 79 80 82 79 74 74 80 82 81 79 79 80 81 82 82 82 82
 81 82 81 81 81 81 81 79 81 82 83 84 85 87 86 83 78 77 76 79 83 83 81 82
 82 82 81 82 84 86 86 85 83 82 82 82 83 82 81 79 78 80 81 79 75 75 79 85
 87 83 81 80 80 80 80 81 81 82 82 81 78 75 74 74 74 75 76 74 74 75 76 75
 77 76 73 72 68 67 72 73 72 69 66 65 65 65 66 66 70 68 65 62 60 60 62 63
 64 61 59 59 57 57 59 59 60 57 55 55 55 53 50 49 48 49 49 48 48 50 52 54
 53 55 57 59 59 60 59 58 61 62 62 61 58 56 59 64 62 63 64 64 65 62 61 63
 64 70 71 67 65 66 67 68 72 73 74 74 73 71 72 74 75 76 76 75 75 76 77 76
 73 73 73 79 81 81 80 29]"
"[29 29 78 81 80 77 77 80 81 82 80 77 77 80 81 81 81 81 81 81 82 82 81 80
 80 82 82 82 82 83 82 80 80 83 84 83 85 87 84 78 74 76 77 79 82 83 81 81
 80 79 80 81 84 85 85 83 81 80 80 81 82 82 78 75 76 80 81 76 72 74 78 81
 86 83 81 82 83 82 81 80 78 79 80 81 79 76 74 73 75 79 79 76 74 76 76 75
 76 77 75 74 71 71 74 72 71 70 69 69 69 69 68 67 70 69 68 66 65 65 64 65
 63 60 59 60 59 60 62 62 62 60 58 57 57 56 55 54 52 51 50 50 51 51 52 52
 53 55 57 59 59 58 59 60 61 61 62 62 60 57 58 61 64 65 65 66 65 62 61 65
 66 70 70 67 66 65 65 66 70 72 74 75 72 70 71 74 76 76 76 75 75 75 75 75
 73 74 75 79 79 79 80 30]"
"[30 29 77 80 79 75 78 83 82 83 82 81 80 80 80 80 82 82 83 83 83 83 82 80
 80 82 83 84 84 85 83 81 81 84 85 83 84 87 83 76 75 78 79 79 80 81 81 82
 81 81 81 81 83 84 82 80 79 78 79 81 84 84 80 76 81 86 85 79 78 82 83 79
 83 82 83 85 86 85 82 81 75 76 79 81 81 78 76 74 72 78 81 77 76 78 79 75
 76 78 76 75 74 75 77 73 70 71 72 73 72 70 68 67 67 68 70 71 72 70 67 65
 65 62 61 62 61 61 62 62 62 60 58 58 58 58 58 58 58 54 52 53 54 53 52 52
 53 53 54 56 58 57 58 59 62 60 59 59 58 58 61 65 65 64 63 64 65 63 61 63
 69 70 68 65 65 64 65 67 69 71 74 74 72 69 70 72 74 73 74 75 75 75 75 76
 75 79 81 82 79 79 79 28]"
"[28 29 83 80 77 78 82 82 81 80 79 79 80 81 82 81 83 82 82 84 85 84 81 79
 81 83 83 82 85 87 86 84 83 84 84 82 82 84 84 82 84 87 86 81 81 82 82 82
 82 80 81 86 88 85 82 82 80 78 77 82 85 84 84 88 88 85 82 82 83 83 82 82
 82 82 84 87 87 85 82 81 78 78 81 83 81 80 77 73 70 75 80 81 79 79 80 77
 75 77 79 77 75 75 75 74 73 73 74 73 73 72 70 68 68 70 71 68 67 69 69 67
 61 58 61 65 63 62 63 63 63 63 61 58 56 56 57 57 57 58 58 57 54 53 54 55
 55 55 56 57 57 58 60 62 64 62 59 57 58 61 64 66 66 66 64 64 67 65 64 68
 68 67 65 65 66 64 65 69 71 71 73 75 72 68 68 72 73 74 75 74 75 77 77 76
 78 80 80 81 81 81 81 28]"
"[30 28 81 80 82 84 86 84 82 81 79 78 80 81 81 79 84 82 82 83 83 82 80 78
 82 85 84 81 82 83 82 81 83 84 87 89 87 82 82 85 85 88 86 82 81 82 84 85
 86 82 80 83 84 84 83 85 82 82 81 84 87 88 88 91 88 82 80 83 84 80 79 81
 83 83 84 86 88 87 84 81 81 80 81 81 79 80 80 79 74 80 86 86 82 81 81 79
 77 80 80 78 75 74 74 73 73 74 75 74 74 73 73 72 71 72 70 67 65 67 68 67
 61 59 62 65 63 62 63 63 64 63 62 60 57 56 56 56 57 57 58 56 54 53 53 53
 52 54 57 59 59 59 62 65 66 66 64 61 61 63 65 65 66 65 65 66 69 70 70 73
 67 66 65 65 66 66 67 71 73 73 74 74 73 71 72 73 73 74 75 75 75 76 76 76
 79 81 80 82 82 82 82 30]"
"[30 29 83 82 82 83 85 83 83 81 80 80 83 85 84 82 83 82 82 83 83 82 81 80
 83 86 84 81 80 80 80 81 83 84 87 89 86 82 83 87 86 87 84 81 82 85 86 88
 87 84 81 80 82 83 85 86 87 89 88 87 88 88 87 88 88 83 83 87 87 83 80 82
 84 84 84 86 88 89 86 82 84 83 84 82 79 80 82 83 82 85 89 88 84 83 83 81
 80 81 80 78 75 74 73 73 74 75 76 75 74 74 74 74 72 73 71 67 65 66 67 68
 63 63 66 66 64 63 64 63 56 56 56 55 55 56 58 59 57 57 57 56 54 53 53 53
 52 52 56 61 62 61 61 64 64 66 65 63 62 64 65 65 67 64 65 67 69 71 73 73
 68 67 66 66 69 69 70 73 74 75 74 73 72 73 74 73 74 75 75 75 75 76 76 75
 80 81 80 81 81 82 81 29]"
"[30 29 84 83 82 81 83 80 81 80 81 82 85 87 87 85 80 81 83 84 83 82 82 83
 84 85 83 80 80 81 82 84 84 84 83 82 84 86 87 86 86 85 81 80 84 88 88 87
 85 85 83 83 84 86 87 86 86 88 88 88 89 88 87 88 87 87 88 89 89 88 85 82
 84 85 86 86 88 90 87 83 84 85 87 85 81 80 82 82 87 86 86 84 82 84 85 83
 82 81 80 79 78 77 75 74 76 78 78 76 74 74 74 74 72 72 72 70 67 67 67 68
 67 68 69 67 64 64 64 63 61 60 58 56 55 56 58 60 59 58 57 56 55 54 54 54
 55 52 53 60 64 62 59 59 59 60 61 63 63 63 65 67 70 65 65 67 67 69 71 69
 68 68 67 68 71 72 72 74 75 75 74 73 73 74 74 73 75 75 76 76 76 76 76 76
 81 82 79 80 80 81 81 28]"
"[30 28 81 81 83 84 82 77 77 79 81 82 84 85 85 84 79 82 86 86 83 81 82 85
 85 84 81 80 81 82 83 86 86 85 84 84 87 88 87 85 84 85 83 82 85 87 86 86
 83 84 85 86 87 89 90 89 87 88 87 88 89 86 84 86 85 87 88 90 90 89 86 84
 84 87 88 87 88 89 87 84 84 86 89 88 84 82 83 82 87 86 85 83 81 83 86 86
 84 82 80 80 82 81 79 76 79 80 81 79 76 74 74 74 72 72 71 70 68 67 67 68
 69 71 70 66 64 64 63 63 66 64 61 59 57 56 56 58 60 58 56 55 54 55 56 57
 56 53 54 60 64 62 59 59 58 57 59 64 65 63 66 70 72 67 66 67 67 69 70 67
 67 67 66 67 71 72 72 74 75 73 73 74 76 76 75 75 75 76 77 78 78 77 77 78
 81 82 80 81 82 83 83 29]"
"[30 29 83 82 81 81 81 76 78 81 83 84 83 83 83 82 83 87 90 89 85 82 83 85
 87 84 80 80 83 83 83 86 86 85 88 93 92 87 84 85 83 87 88 86 85 84 84 86
 82 84 85 86 87 89 91 91 91 90 88 88 88 84 82 83 87 86 88 92 92 88 86 87
 85 88 89 89 88 88 87 86 87 89 91 91 88 87 88 86 85 87 90 88 83 83 87 89
 85 82 80 82 85 84 81 78 80 81 82 80 77 75 73 73 74 72 70 69 68 67 68 70
 69 71 68 65 65 65 63 63 61 60 60 60 59 57 57 58 60 58 55 54 53 55 56 58
 55 55 58 63 63 61 61 64 61 59 60 65 66 64 65 70 69 66 65 66 68 71 72 71
 68 68 67 68 71 73 73 74 73 71 71 74 77 77 76 76 76 77 78 80 80 79 79 80
 80 81 80 82 84 86 84 30]"
"[29 30 85 81 78 77 80 79 81 84 86 86 85 84 84 84 86 89 91 90 86 83 83 85
 86 84 81 83 85 84 84 86 86 86 89 95 93 87 84 87 86 90 90 88 86 84 84 87
 85 85 86 86 86 86 88 89 89 89 87 87 88 88 88 88 89 87 89 92 92 89 87 89
 86 87 88 89 89 89 89 90 90 90 92 93 92 92 92 90 88 90 93 92 86 85 87 89
 84 82 82 85 88 86 83 80 81 82 82 80 77 74 73 72 74 71 70 70 70 68 69 71
 72 72 69 67 69 68 64 64 63 62 62 63 61 58 57 58 60 58 55 53 53 54 56 57
 56 58 62 65 64 63 64 66 64 63 64 65 66 65 66 68 65 65 64 65 69 72 73 74
 72 73 71 71 73 74 73 74 72 72 72 73 76 78 77 75 76 77 79 81 81 80 81 82
 80 81 80 83 85 86 84 29]"
"[29 28 81 79 79 80 83 81 82 84 86 86 86 85 86 86 86 87 89 88 86 84 84 85
 85 83 83 85 88 86 85 87 87 87 88 90 90 90 89 89 90 91 89 88 89 88 86 87
 89 89 88 88 87 85 85 86 90 92 89 85 87 90 90 89 87 89 90 89 89 89 88 87
 87 86 87 88 90 90 92 94 90 89 91 93 92 93 92 89 93 92 93 92 89 88 88 87
 84 83 85 88 91 89 86 84 83 84 83 81 77 75 73 72 72 70 70 72 73 71 70 71
 75 75 71 70 73 71 66 65 62 61 61 62 61 58 58 60 60 58 56 54 53 54 55 57
 59 61 63 65 66 65 64 64 64 66 66 66 66 68 68 66 64 66 64 64 69 72 73 75
 76 77 75 73 74 74 73 73 73 74 74 73 75 79 78 74 75 76 79 81 82 81 82 83
 80 81 80 84 86 86 83 28]"
"[30 29 81 81 83 84 84 82 84 84 83 84 87 87 86 87 86 87 88 87 86 85 83 83
 81 80 83 86 86 84 85 88 88 88 88 89 89 88 90 95 90 89 89 90 89 87 85 85
 87 86 87 88 87 84 83 83 87 89 91 90 87 84 88 93 93 89 90 89 90 93 90 87
 92 89 89 90 92 95 95 91 90 90 93 95 93 91 91 91 95 96 96 94 91 88 88 88
 87 86 88 91 93 91 88 87 86 85 80 79 79 78 79 76 75 74 74 76 76 75 74 74
 75 74 73 73 72 70 67 64 61 59 61 64 65 64 63 60 59 58 58 59 60 57 54 56
 58 59 62 65 65 62 62 65 67 68 68 68 66 66 67 68 68 66 65 65 65 68 73 75
 74 74 74 74 74 73 74 75 74 72 72 75 78 79 78 77 77 75 75 80 81 80 83 85
 84 82 82 86 87 91 81 28]"
"[29 28 82 82 85 85 85 82 82 83 82 82 85 87 87 88 86 87 88 87 86 87 87 87
 83 81 82 84 85 85 86 88 88 88 87 87 88 87 87 91 89 87 86 88 88 86 85 85
 86 86 87 88 88 87 86 86 86 88 89 88 84 83 86 92 95 92 94 92 91 94 92 90
 90 89 90 91 92 94 95 94 92 92 95 97 95 93 92 92 94 95 96 95 93 90 89 89
 89 88 90 92 93 91 88 87 85 86 84 86 87 85 84 80 81 79 78 78 78 77 77 76
 74 73 71 71 72 71 69 67 63 61 63 66 66 65 65 63 61 61 60 61 62 59 56 56
 60 59 60 62 62 61 63 66 68 68 69 69 69 69 67 65 69 67 67 68 68 69 71 71
 72 72 73 75 74 72 73 75 75 74 74 75 76 77 78 79 77 81 80 79 80 80 80 83
 86 86 85 83 86 87 91 30]"
"[ 29  28  82  81  84  83  83  81  83  85  83  83  85  87  86  86  88  89
  88  85  84  86  88  87  85  83  81  81  83  86  87  87  87  88  87  87
  88  87  87  88  88  87  87  89  89  87  84  84  85  86  87  87  88  88
  88  87  88  90  91  89  86  85  89  94  94  93  95  91  90  94  93  91
  90  91  93  93  91  92  95  95  90  91  94  96  95  94  94  93  95  95
  96  95  94  92  90  89  89  89  90  92  92  89  88  88  87  88  86  88
  90  89  89  86  84  82  80  80  81  80  80  80  76  74  72  73  73  73
  72  71  68  66  67  67  66  65  66  66  65  64  63  64  66  63  59  59
  62  62  61  60  60  61  65  68  70  70  69  69  70  71  69  66  68  66
  68  70  70  72  73  72  70  72  74  76  75  73  73  75  77  76  76  75
  74  75  78  81  82  84  79  76  81  82  82  87  83  89  86  83  79  97
 140  28]"
"[ 30  29  81  79  81  81  82  81  83  85  84  84  87  89  88  86  89  89
  86  82  82  85  87  87  87  86  82  81  84  88  88  86  86  88  87  87
  88  88  87  88  88  88  90  93  93  89  85  84  85  87  88  87  87  88
  88  87  87  89  90  89  88  88  91  94  95  94  95  91  90  95  95  93
  94  94  95  93  91  92  94  94  90  90  93  95  93  93  93  91  94  93
  93  94  94  94  92  90  89  89  90  91  90  88  88  89  89  89  86  89
  90  89  89  87  82  82  81  81  81  81  81  82  79  77  76  76  76  75
  74  73  73  71  70  69  65  64  65  66  66  66  65  66  68  66  63  62
  65  65  64  61  60  62  67  70  71  71  70  67  68  71  72  72  66  64
  65  68  69  71  72  72  71  72  74  76  76  74  75  76  76  76  76  76
  75  75  79  82  81  80  80  81  84  82  79  82  88  85  81  86 116 153
 171  29]"
"[ 30  29  81  79  81  81  82  81  82  83  82  82  86  90  90  90  87  87
  84  81  81  85  88  89  88  87  85  83  86  91  91  86  84  87  87  86
  87  88  88  89  87  88  91  94  93  89  87  87  86  87  88  87  87  89
  89  87  88  88  89  90  91  92  94  96  93  91  91  88  89  95  95  92
  96  95  94  93  92  94  95  94  94  94  95  95  93  92  91  89  89  89
  90  92  94  96  95  94  91  91  92  92  92  90  89  90  89  90  89  92
  92  88  86  83  81  83  83  83  81  81  81  81  79  78  78  79  79  77
  74  74  74  73  73  72  67  64  65  65  65  66  65  66  67  66  65  65
  66  67  66  63  60  61  65  69  70  71  70  66  65  68  73  76  70  68
  69  71  72  73  74  73  72  72  72  74  75  75  75  76  75  75  76  76
  77  78  79  81  80  77  83  86  85  85  82  83  86  86  88 130 166 176
 178  27]"
"[ 29  29  83  83  85  84  85  84  85  84  81  81  85  87  89  91  89  88
  85  83  84  86  88  89  88  89  88  86  89  94  93  89  86  88  88  87
  88  88  88  90  88  88  88  90  90  88  89  91  85  86  86  86  87  88
  88  88  89  89  90  92  93  93  94  97  92  88  89  88  90  94  93  90
  95  93  93  93  93  96  97  95  96  96  97  97  94  94  94  92  91  91
  92  94  96  97  97  97  95  95  95  96  95  93  92  93  93  92  90  92
  91  87  86  83  84  86  87  86  83  82  81  81  78  77  78  81  81  78
  75  75  73  74  76  76  71  67  66  66  64  65  65  64  66  66  65  66
  65  65  65  63  60  60  63  66  68  70  71  69  66  67  71  75  73  72
  74  76  77  77  78  77  75  73  72  74  75  75  76  77  75  74  76  78
  80  80  81  81  83  80  84  85  86  88  82  79  92 109 143 172 174 173
 167  31]"
"[ 28  29  84  84  86  86  87  85  87  86  85  85  85  84  85  89  91  88
  86  86  86  85  86  87  88  90  89  88  89  93  93  90  88  87  86  87
  88  88  88  92  91  88  86  87  88  88  89  91  86  86  86  87  87  87
  87  88  87  86  87  90  89  87  89  94  95  90  92  93  94  95  92  90
  91  91  93  94  94  95  96  94  95  96  98  98  96  96  96  95  95  96
  97  97  98  98  97  97  98  96  96  98  98  96  95  95  96  94  91  93
  92  89  89  87  88  89  89  88  86  85  83  81  80  78  79  82  81  77
  75  75  75  75  76  75  70  67  67  67  65  66  65  65  67  66  65  64
  63  61  61  62  62  62  64  67  67  68  70  72  71  69  71  74  73  71
  72  74  74  75  77  77  77  76  75  76  76  77  78  79  75  75  77  79
  81  82  82  83  82  81  84  84  89  85  78  90 125 161 172 176 176 172
 169  31]"
"[ 29  29  83  83  85  85  87  86  83  85  87  88  87  83  83  88  89  86
  85  86  87  86  86  87  89  90  90  88  88  90  91  89  88  86  84  85
  88  87  88  91  93  89  86  88  89  89  88  89  90  89  88  89  89  87
  87  88  88  86  88  91  88  83  86  93  93  89  91  93  93  92  88  86
  89  91  95  95  93  93  94  93  96  97 100  99  97  96  97  95  95  97
  98  99  99  98  97  97  98  96  96  98  99  98  96  95  94  94  93  97
  98  93  92  89  89  89  89  88  87  87  85  82  82  80  80  81  80  75
  73  73  77  75  74  71  66  64  66  67  67  68  67  66  68  68  65  63
  62  58  58  61  64  65  67  70  68  68  70  74  75  72  72  75  77  75
  74  73  72  73  76  77  79  77  77  77  77  77  78  81  77  77  78  80
  82  83  84  84  83  82  81  81  88  85  96 140 166 174 174 172 169 170
 172  27]"
"[ 29  30  82  81  83  85  87  81  82  81  82  87  88  87  88  91  93  87
  85  88  90  88  86  86  88  90  89  89  90  92  91  87  88  86  85  86
  87  89  91  93  95  91  89  89  89  89  90  92  90  91  90  88  88  89
  89  89  89  88  90  93  91  87  87  91  94  94  93  92  92  93  91  87
  89  92  94  95  95  95  94  94  95  96  98  98  98  97  96  96  93  96
  99  99  97  96  96  96  98  98  96  95  96  96  96  97  96  97  97  97
  97  96  94  93  92  89  86  87  90  90  88  86  82  81  82  83  80  76
  76  80  80  76  73  71  67  66  68  68  72  73  72  69  66  65  65  65
  62  61  60  62  64  66  67  67  68  68  67  68  71  72  74  77  79  77
  75  75  75  74  74  73  76  75  74  75  78  81  80  77  78  78  81  80
  80  84  84  84  83  88  85  77  80 105 143 173 173 171 171 172 172 171
 174  29]"
"[ 29  28  82  81  83  85  88  84  83  81  82  85  87  87  89  92  94  89
  86  88  90  88  88  89  89  89  89  90  92  92  91  89  89  88  88  88
  90  92  94  96  94  94  93  90  88  89  91  93  90  90  88  88  90  91
  90  87  89  91  94  95  93  91  91  94  95  94  93  93  94  93  92  90
  90  93  96  97  97  96  94  93  94  95  96  97  97  97  97  97  97  98
  98  97  96  98  99 101  97  99  98  98 100  99  97  97  98  98  98  97
  97  97  96  95  94  92  91  92  93  92  90  88  86  81  78  79  80  80
  80  81  81  78  76  74  72  71  71  69  68  70  71  68  65  63  64  66
  66  65  66  66  67  66  67  68  69  72  73  74  74  72  71  74  73  73
  74  76  77  76  74  73  76  77  78  79  80  80  78  76  78  83  80  75
  79  81  79  86  87  82  78  87 124 160 171 175 171 170 170 170 170 170
 173  28]"
"[ 30  28  83  83  84  84  86  84  86  84  83  86  88  88  89  91  92  89
  87  89  89  88  88  90  90  88  88  90  92  91  90  90  89  89  89  88
  90  92  93  93  93  95  94  90  88  89  92  93  90  90  89  90  92  93
  91  87  88  92  95  95  93  93  94  96  95  92  91  93  94  93  93  93
  92  94  95  96  96  95  94  92  92  94  95  95  95  97  98  97  96  96
  96  96  97  98  99  99  98 100 102 102 103 101  97  96  97  98  99  99
  98  98  97  96  96  95  95  96  97  95  93  91  91  87  84  84  85  85
  82  79  81  80  79  78  77  76  73  68  67  66  65  66  67  68  68  67
  68  67  67  68  68  67  66  66  66  71  75  76  75  71  70  73  73  72
  73  75  76  77  77  77  76  77  79  80  78  76  75  76  78  81  82  76
  76  83  82  80  82  78 108 144 167 178 173 172 170 170 170 171 171 171
 173  28]"
"[ 31  29  86  86  86  85  85  85  90  87  86  87  89  89  87  87  88  87
  88  90  90  87  86  87  88  88  88  89  89  89  89  90  92  93  92  90
  91  93  93  90  92  92  91  89  89  91  91  90  90  92  93  92  92  92
  92  91  87  90  94  94  92  92  93  95  93  92  91  92  92  92  93  95
  95  95  95  95  95  95  94  93  92  94  95  94  94  96  97  97  95  95
  96  97  97  97  97  98 100 103 104 104 104 101  97  94  95  98 101 103
 102 101  99  97  97  97  97  99 100  98  96  94  94  94  92  89  88  87
  85  82  83  82  81  80  80  79  74  66  65  64  63  65  69  73  73  71
  68  66  64  65  67  67  66  64  64  69  72  74  74  72  71  73  76  75
  75  76  77  77  78  78  78  78  78  79  77  75  76  79  86  82  84  83
  82  84  81  77  75 105 155 178 175 173 173 171 171 172 172 173 173 173
 175  29]"
"[ 29  27  87  89  89  88  87  88  90  88  87  88  90  89  86  82  85  86
  88  89  89  87  86  86  84  88  89  88  88  90  92  92  91  92  92  90
  91  92  91  89  90  89  89  90  91  90  90  91  94  95  94  93  92  93
  94  94  88  90  93  95  93  91  92  96  93  94  94  92  91  92  94  95
  97  97  96  96  96  96  95  94  92  95  96  95  94  95  97  98  98  98
  97  97  96  96  98 100 102 105 105 103 103 101  98  96  96 100 104 106
 106 105 102 100  99  97  97  99 101 100  98  95  95  95  92  88  86  87
  88  87  83  82  82  81  81  81  76  69  66  67  68  67  68  70  72  74
  70  67  65  65  66  66  65  65  69  71  73  75  76  74  72  73  74  75
  77  79  80  79  77  76  82  80  80  80  80  79  80  82  79  85  87  84
  84  80  77  86 135 169 181 176 174 174 174 172 173 173 174 174 174 174
 176  29]"
"[ 29  28  90  91  90  89  86  87  88  87  86  87  89  90  87  83  86  87
  88  88  87  87  87  87  82  87  89  89  90  93  95  95  89  89  89  88
  89  91  90  87  88  89  91  93  91  89  91  94  97  95  92  91  93  95
  94  92  91  92  95  97  95  93  94  97  96  97  96  93  91  93  95  95
  96  97  97  97  97  97  95  93  90  92  94  95  95  95  96  98  98  97
  98  98  97  96  96  98 103 106 105 102 102 102 101 100 100 102 104 105
 106 105 104 103 101  99  99 101 103 102  99  97  96  94  92  89  89  89
  88  85  82  81  81  81  80  81  79  74  73  73  72  70  70  71  71  70
  71  71  71  69  65  63  66  69  73  74  75  77  79  77  74  73  74  74
  76  78  79  79  78  78  82  81  81  82  82  81  81  82  85  82  86  88
  82  80 105 145 171 179 169 169 174 171 174 173 174 174 174 174 176 176
 177  29]"
"[ 31  29  91  90  89  88  83  83  86  87  86  85  86  87  88  86  87  88
  87  86  86  88  88  87  84  86  88  89  91  94  95  94  92  90  89  90
  90  90  89  87  87  89  91  91  89  89  91  94  95  93  91  89  91  93
  93  91  92  94  96  96  96  95  96  97  97  96  94  92  92  94  95  95
  95  96  97  98  97  97  95  93  91  90  92  96  98  97  97  98  96  96
  97  99  99  96  95  95 103 106 105 102 102 103 103 103 102 103 104 104
 105 105 104 103 103 102 102 104 105 104 101 100  99  98  97  97  96  93
  89  85  84  82  82  81  80  80  79  78  79  76  73  72  73  73  70  67
  72  73  73  72  68  66  68  71  72  75  76  77  77  76  74  76  75  75
  75  77  78  79  81  82  80  81  82  82  82  83  82  81  79  81  83  77
  85 120 156 174 170 170 170 174 171 171 175 169 174 174 174 175 177 178
 179  30]"
"[ 29  28  90  89  88  88  83  83  85  87  86  82  81  84  87  88  87  87
  87  86  87  88  88  86  87  85  86  89  92  92  91  90  92  90  88  88
  88  86  84  83  87  88  88  87  88  90  91  91  90  91  91  89  89  90
  91  91  91  94  96  95  95  96  97  95  96  92  90  91  93  93  94  95
  97  97  98  97  97  97  97  96  94  91  92  98 101 100  98  98 101  98
  97  98  98  97  97  98 102 106 105 101 102 103 103 103 104 105 105 105
 105 106 104 103 105 105 106 107 107 105 103 102 102 102 101 100  98  95
  92  91  87  85  84  84  81  79  80  79  76  75  74  74  73  72  70  68
  73  73  72  73  73  72  72  72  73  75  76  75  74  72  74  78  75  76
  78  80  81  81  81  81  81  82  83  82  83  84  85  84  82  76  78 104
 146 171 171 171 170 169 171 172 172 172 172 173 173 173 174 175 178 179
 179  30]"
"[ 28  30  85  88  86  86  81  83  85  87  87  82  79  81  85  87  88  88
  86  85  85  88  90  90  88  84  84  89  92  92  89  89  89  89  86  86
  89  88  83  80  85  87  87  82  89  93  94  92  91  93  94  93  91  87
  87  92  91  94  93  90  90  93  94  94  95  91  90  92  91  89  91  96
  97  97  98  96  94  96  97  96  93  94  94  94  95  96  97 100 100  98
  98 100 101 101 102 103 105 104 102 100 101 104 105 104 104 105 105 105
 105 106 105 103 104 107 105 106 111 109 104 105 105 105 103  99  99  99
  95  91  89  89  89  88  85  82  80  79  75  75  75  74  74  74  72  70
  70  72  75  76  74  72  72  72  73  74  75  77  77  76  77  79  78  80
  81  80  80  81  81  80  82  83  82  82  84  84  83  84  74  82 110 150
 173 170 166 170 171 171 172 172 172 172 172 172 175 175 175 177 177 177
 179  28]"
"[ 29  29  84  86  86  88  85  86  87  88  87  85  84  84  86  87  87  87
  87  87  87  87  87  87  89  87  88  92  94  93  92  92  89  90  89  88
  88  87  85  86  88  89  85  80  92  95  95  94  96  95  91  89  91  90
  89  90  89  93  94  92  92  93  94  97  95  94  93  92  91  91  93  95
  96  95  96  97  96  97  97  95  93  95  96  96  97  97  96  97  98  97
  97  99 100 102 103 104 106 104 102 102 102 104 104 104 106 106 105 105
 105 105 104 104 108 110 108 108 111 109 104 105 105 105 104 102 102 101
 100  97  97  96  93  90  87  84  82  80  79  79  78  76  75  75  73  72
  72  74  76  77  76  75  73  72  72  75  78  79  80  81  80  79  79  81
  81  80  80  81  83  83  83  81  83  85  82  83  85  82  91 132 166 175
 175 171 168 171 171 172 173 174 174 174 173 173 175 176 176 178 178 178
 180  28]"
"[ 29  28  83  85  87  90  88  88  89  87  87  88  88  87  88  89  88  87
  88  90  89  86  85  87  89  88  90  93  93  92  92  93  90  90  89  88
  88  87  87  90  89  93  89  84  94  94  94  98  96  94  89  87  90  91
  89  88  90  94  96  95  93  92  93  97  95  96  95  93  92  94  95  94
  94  92  93  96  96  96  95  92  92  96  97  97  98  98  97  97  99  99
  99  99  99 101 102 103 105 103 101 103 104 104 104 105 106 105 104 104
 104 103 105 107 109 111 109 108 110 108 105 106 105 105 105 105 104 103
 102 102  96  94  93  92  92  91  89  87  83  83  81  79  77  77  76  75
  74  74  75  76  76  74  73  73  73  76  79  79  81  83  82  79  80  81
  81  80  79  80  83  86  86  86  80  82  88  81  85 108 142 167 174 167
 169 170 167 169 171 171 172 173 174 174 174 174 176 177 177 179 180 179
 181  28]"
"[ 29  28  83  84  86  89  88  88  86  86  86  87  88  88  89  90  88  86
  86  89  88  85  85  89  88  88  89  91  91  89  88  89  94  92  89  89
  91  90  89  92  91  93  93  90  94  92  93  95  91  93  92  90  90  91
  89  88  90  91  91  91  90  88  88  92  93  95  95  93  94  97  96  94
  94  92  93  95  96  95  93  90  91  96  98  97  97  97  98  99  99 101
 101  99  98 100 102 102 104 102 101 104 106 105 106 107 108 105 104 105
 104 102 104 107 109 111 109 108 110 109 107 109 108 107 107 108 108 105
 103 104  98  98  96  95  95  94  92  88  86  85  83  80  79  78  78  78
  76  75  74  74  73  72  73  74  76  77  77  77  79  82  82  80  79  80
  81  80  79  80  83  87  84  82  83  80  76  90 126 156 172 173 167 166
 172 172 170 175 172 171 171 171 172 174 176 177 177 178 178 179 180 181
 181  29]"
"[ 29  29  86  84  86  87  87  87  83  85  85  84  84  87  88  88  85  83
  84  87  86  84  85  89  88  87  87  89  89  88  86  86  95  94  91  91
  92  91  91  93  94  90  92  91  93  93  95  90  91  94  95  93  93  92
  90  90  91  90  88  88  91  91  91  93  93  93  94  95  97  97  96  95
  96  94  95  97  97  96  93  89  89  95  98  97  96  96  98 101  98 100
 101  99  98 100 102 103 105 102 102 105 107 107 107 109 109 107 107 107
 105 103 104 107 110 111 110 110 110 111 111 112 111 109 110 112 112 108
 106 106 104 104 103 100  98  96  94  91  88  87  85  82  80  79  79  79
  78  76  75  75  74  72  73  76  78  77  77  78  80  81  81  81  78  80
  82  83  83  83  85  88  91  87  85  81  90 129 163 167 166 166 168 170
 170 171 172 171 173 172 171 172 173 175 176 177 178 179 179 179 180 181
 182  29]"
"[ 29  30  89  84  86  85  87  87  84  86  87  84  83  86  88  88  84  82
  84  88  88  85  85  88  88  87  87  89  90  89  88  87  91  93  93  90
  89  87  88  91  93  90  92  89  90  92  96  92  94  95  93  92  93  93
  91  90  96  94  91  91  94  96  95  95  97  96  97 100 100  98  97  98
  97  96  97  97  97  96  91  83  82  87  90  93  97  98  98 100 100 102
 103 101 100 100 102 103 104 103 103 105 106 106 107 107 106 106 107 108
 108 107 109 111 112 112 111 111 111 111 112 113 112 110 111 114 114 111
 109 108 106 107 105 101  99 100  99  98  92  91  88  86  83  80  79  80
  78  77  78  79  77  74  74  75  77  76  78  80  82  81  81  81  78  82
  85  86  87  88  89  89  79  78  87 114 150 174 175 167 171 169 172 171
 169 173 177 171 173 173 173 174 175 175 175 174 179 180 179 179 180 182
 182  29]"
"[ 29  30  88  82  85  85  88  89  85  87  88  87  87  88  88  88  86  85
  86  89  89  86  86  87  86  86  87  88  90  90  89  89  88  92  91  88
  86  86  87  88  89  93  92  86  90  91  93  94  94  93  91  91  92  90
  89  90  93  93  91  90  94  96  95  95  98  99 101 102 100  97  99 102
  98  97  97  97  97  95  85  72  66  66  69  79  92  98  99 100 103 104
 104 103 101 100 101 102 104 103 103 104 105 107 107 107 103 105 106 108
 109 111 113 114 114 112 112 111 110 111 112 111 112 112 113 114 113 111
 109 109 110 111 109 105 103 103 102  99  97  95  93  90  87  83  81  81
  79  78  79  81  80  76  74  75  75  77  80  81  82  82  82  82  81  85
  87  87  88  91  91  88  82  95 130 165 175 172 170 166 170 170 173 174
 171 170 172 173 173 173 174 176 177 177 176 174 179 181 180 180 181 183
 183  29]"
"[ 30  29  86  80  84  85  89  90  86  86  87  89  90  88  87  88  90  88
  88  88  88  86  86  86  84  85  86  87  88  89  89  88  91  93  91  87
  88  90  89  87  88  95  89  81  93  93  88  89  91  92  91  91  90  88
  88  92  87  91  92  91  94  97  97  97  97 100 103 101  97  95  99 103
  98  97  97  96  97  94  80  64  49  45  47  63  84  96  99 101 101 101
 102 103 101  99 100 103 104 104 104 104 106 108 109 108 104 106 107 107
 108 110 111 111 115 112 112 112 111 111 112 111 114 114 114 114 112 110
 109 109 110 112 113 111 110 110 107 103  99  98  96  94  90  85  83  83
  82  80  79  81  81  78  76  76  76  80  82  81  81  83  84  83  83  87
  88  86  87  91  89  85  96 142 170 169 167 166 166 172 172 171 169 171
 174 173 172 174 175 175 175 176 178 179 178 178 179 181 180 181 182 183
 183  29]"
"[ 30  29  84  81  82  87  90  89  87  87  89  90  89  86  87  90  88  89
  90  89  87  89  89  87  82  84  87  90  89  88  89  90  93  94  91  87
  89  91  91  91  95  92  89  91  94  91  88  88  92  93  92  91  92  93
  93  94  94  95  95  95  95  96  96  96  97  98  98  96  95  96  98  99
  98  97  96  97  95  89  76  57  46  44  45  51  76  89 102 100 101 102
 102 100 100 101 102 102 104 104 104 104 105 107 107 107 106 107 107 108
 108 109 110 111 112 113 113 111 110 110 112 112 115 114 114 113 113 112
 110 109 110 115 117 115 114 114 112 108 105 104 104 102  95  89  86  85
  82  81  81  82  83  82  81  80  78  79  79  80  83  84  83  81  83  86
  86  89  79  78  97 120 162 168 173 170 166 166 167 168 169 168 169 172
 173 173 173 175 174 175 175 175 175 176 178 179 181 180 179 181 182 182
 181  29]"
"[ 30  28  83  81  82  87  89  89  87  87  89  91  89  86  84  84  89  87
  88  87  87  89  90  89  83  83  87  92  93  90  88  89  93  94  92  88
  88  89  90  91  93  91  90  91  94  92  89  88  90  93  93  92  93  94
  94  95  95  95  94  95  96  96  96  96  96  97  97  97  96  97  97  97
  97  98  97  98  95  85  67  46  41  38  39  46  68  82 100 103 102 102
 103 102 102 102 102 102 103 103 103 104 105 106 106 105 107 108 109 110
 109 109 109 109 109 110 110 110 109 109 110 111 113 113 113 113 113 112
 111 110 112 115 116 116 115 114 112 111 109 106 106 104 100  95  92  90
  87  85  84  84  84  82  81  80  81  78  78  81  82  80  80  82  85  85
  86  81  81 104 142 160 167 168 169 170 170 170 170 169 170 169 170 171
 173 173 175 176 177 178 178 178 179 180 181 182 181 181 180 181 181 182
 181  29]"
"[ 30  28  84  83  84  87  89  90  89  88  89  91  91  88  85  83  89  86
  86  87  87  88  91  91  87  85  87  93  95  91  88  89  92  94  93  91
  89  89  90  94  92  93  92  91  93  93  90  89  91  94  95  95  96  96
  96  97  95  93  92  94  96  95  95  96  96  96  96  96  97  97  97  95
  95  99  98  99  98  87  68  47  42  39  43  47  60  73  95 101 102 103
 103 104 104 103 102 103 105 105 105 106 107 107 106 104 107 109 111 113
 113 112 111 111 107 107 108 110 110 109 109 110 113 113 114 114 114 113
 113 113 115 115 117 118 117 115 114 115 114 113 114 111 103  97  95  94
  89  87  86  86  86  84  81  80  79  79  80  81  86  89  86  81  81  85
  81  84 117 149 170 170 168 168 169 170 170 169 170 172 171 171 171 172
 173 173 175 177 179 179 179 180 181 182 182 182 182 182 181 181 181 182
 182  29]"
"[ 30  28  87  87  87  87  89  91  91  88  87  88  90  89  88  87  87  85
  86  88  88  88  90  91  87  84  84  87  90  88  88  89  91  93  93  92
  91  90  90  94  94  95  93  91  91  92  91  90  94  96  97  96  96  96
  97  99  95  91  91  96  98  96  95  97  98  97  95  95  96  98  97  96
  96 100  98  96  95  85  67  46  41  41  45  45  52  66  94 103 104 104
 105 106 106 105 105 106 108 108 107 107 107 107 106 104 104 106 108 111
 112 111 110 109 107 106 107 110 111 110 109 111 114 114 114 114 115 116
 116 115 116 117 119 120 120 118 118 119 115 116 117 115 109 104 103 103
  94  91  89  90  90  88  82  78  78  81  86  89  90  88  87  89  88  92
  96 122 162 172 168 169 167 169 170 170 169 168 169 172 172 172 172 173
 173 174 174 175 178 178 179 180 181 182 182 181 182 183 182 182 183 183
 183  30]"
"[ 29  29  90  91  89  86  86  88  90  86  83  84  86  88  88  87  84  83
  87  89  88  87  89  89  88  87  86  86  87  89  90  90  92  93  93  92
  92  90  89  91  95  96  94  89  90  91  91  91  95  97  96  94  94  94
  95  98  94  91  92  97 100  98  98  99  98  97  95  95  96  98  97  96
  96  99  97  95  92  85  69  48  45  42  41  39  44  64  92 101 105 105
 106 107 107 106 106 107 108 107 105 104 104 105 105 104 104 106 108 110
 111 110 109 108 109 107 108 111 112 110 110 112 114 113 113 114 116 117
 117 116 118 120 121 121 121 122 122 121 121 119 118 118 116 114 110 105
 104 100  95  93  93  91  84  76  80  85  89  89  92  96  95  90  92 118
 142 162 169 169 166 165 168 170 170 169 170 172 172 170 172 173 174 175
 176 176 175 174 179 179 179 180 182 182 182 182 182 183 182 183 185 185
 184  30]"
"[ 30  29  90  90  88  85  84  85  87  84  82  83  85  87  86  84  83  84
  87  90  88  88  89  89  90  90  90  89  90  92  92  91  95  95  94  93
  93  91  89  89  94  96  93  89  90  92  92  93  96  98  96  94  94  94
  94  96  93  90  91  96  98  97  97 100  97  96  96  96  97  98  97  95
  97  99  99  98  94  90  75  51  49  45  40  40  48  67  90  97 105 106
 106 105 104 105 105 105 106 105 104 102 103 105 106 106 105 106 108 110
 112 112 111 111 111 110 111 113 113 112 112 113 115 114 113 114 116 118
 117 117 119 120 121 121 122 123 123 121 124 122 122 121 119 117 113 109
 112 107  99  93  93  94  88  79  81  84  87  89  91  94  94  91 117 152
 168 167 163 166 164 162 167 171 173 171 171 173 174 173 173 175 177 178
 178 178 177 176 179 179 180 181 182 182 182 182 183 184 183 184 186 187
 185  30]"
"[ 30  29  88  88  87  86  85  85  84  83  82  83  87  89  88  86  86  86
  88  89  89  91  92  91  89  89  88  89  90  91  89  87  95  96  94  92
  93  94  92  92  94  95  94  92  94  94  94  94  96  98  97  95  96  96
  95  96  95  92  92  93  93  92  95  98  98  98  97  97  97  98  98  97
 102 101 101 101  95  92  77  47  47  44  39  43  52  68  89 102 105 107
 107 104 103 105 105 103 104 105 105 104 104 106 108 108 105 106 108 110
 112 112 111 110 112 113 114 114 114 114 114 114 115 115 114 115 116 117
 117 117 118 117 118 120 122 122 122 121 119 120 122 122 119 120 120 119
 118 115 107  97  95  98  94  85  85  82  87  93  89  84 100 125 161 169
 162 162 168 165 163 173 167 171 174 173 171 172 174 176 174 176 178 178
 179 180 179 178 178 179 180 181 181 182 182 182 184 185 183 184 186 188
 186  29]"
"[ 30  28  86  86  88  89  89  87  82  82  82  84  87  91  91  90  90  88
  88  88  89  94  96  94  93  90  89  91  92  91  89  88  93  95  93  90
  92  95  95  95  94  96  96  96  97  97  95  96  94  97  97  97  98  97
  96  96 100  97  94  93  91  91  94  98 100 100  99  97  97  99 100 101
 103 100 101 103  99  98  84  52  50  48  40  41  45  58  83 105 106 109
 109 106 105 107 107 105 104 105 106 106 106 107 108 109 113 113 114 114
 115 114 112 111 111 113 115 114 114 114 114 113 114 115 115 115 114 114
 116 117 117 114 114 119 122 122 121 122 123 122 122 122 122 123 124 121
 125 125 117 104 101 103  99  89  88  89  87  83  90 115 146 168 168 167
 166 166 169 166 170 169 172 171 171 173 174 174 174 175 176 177 178 178
 178 179 179 178 178 179 180 180 181 181 182 183 186 186 183 183 186 188
 185  28]"
"[ 29  28  91  88  88  88  90  93 101  96  94  97  98  96  94  96  97  95
  92  94  96  95  94  96  93  90  96  94  90  95  93  87  95  96  96  95
  96 101 100  94  92  98 101 100  97  98 102 104  98  94 101 102 101 100
  92  96  99  97  96  99 102 103  99  95  95 103 102 101 103 101 102 105
 108 111 107 101 102 100  91  64  54  48  42  45  40  47  84 106 109 109
 113 113 112 115 112 105 107 103 111 106 108 111 111 113 114 114 113 113
 115 115 110 111 113 112 113 116 111 118 114 113 117 119 116 114 115 118
 120 116 116 115 116 119 120 121 124 124 125 123 121 121 121 122 123 125
 125 131 131 126 121 110  97  90  86  80  82  99 128 156 170 169 166 166
 168 168 166 165 166 169 172 171 172 174 174 174 174 176 176 178 179 180
 180 181 180 179 178 181 179 179 182 180 179 186 187 187 186 185 185 187
 186  29]"
"[ 30  32 100 100 101 101 101 103 106 106 108 112 112 109 108 109 108 106
 103 103 105 105 103 105 102 101 107 106 104 109 109 107 105 107 109 111
 113 116 114 108 111 116 121 119 116 113 112 111 109 106 111 110 110 111
 106 110 115 113 112 113 114 114 111 107 117 114 102 102 113 116 114 111
 116 122 123 121 117 109  96  63  53  45  45  44  41  49  91 114 110 113
 121 123 120 121 121 118 118 114 114 111 117 121 118 123 112 117 115 111
 115 117 116 120 119 120 115 116 115 113 113 115 118 121 119 121 125 121
 117 117 116 116 119 121 122 123 124 124 124 122 120 121 124 124 122 120
 121 127 130 129 128 120 110 104  85  91 117 150 167 165 163 166 166 166
 166 167 167 167 168 170 171 171 172 174 174 174 175 176 177 178 179 180
 180 181 181 180 179 182 180 179 182 181 181 187 188 187 185 185 186 188
 186  29]"
"[ 28  30 104 105 107 107 106 108 103 107 112 115 114 111 110 111 112 111
 108 107 109 111 111 112 105 105 111 111 108 111 113 113 122 120 120 120
 120 121 120 116 117 121 125 124 122 119 117 115 119 116 120 118 119 121
 119 121 125 125 124 124 125 124 121 119 123 126 122 121 124 124 124 125
 125 128 129 129 126 120 109  73  55  46  46  42  42  50  90 117 127 128
 132 134 134 136 138 136 130 131 133 130 132 137 126 120 120 127 127 126
 133 135 136 141 132 134 129 134 141 133 131 132 137 139 133 135 144 141
 138 141 138 137 137 136 132 130 129 128 123 132 138 135 128 126 130 135
 135 136 135 134 138 142 144 147 137 139 151 167 170 166 165 168 167 166
 166 167 169 170 171 171 171 172 173 173 174 175 175 175 177 178 180 180
 180 181 181 181 181 182 181 180 183 182 183 189 188 186 184 185 187 189
 187  29]"
"[ 28  30 106 107 109 109 109 111 108 112 116 116 114 113 113 113 113 114
 112 111 112 114 115 117 113 114 120 120 115 113 115 117 123 119 118 119
 119 120 121 121 123 124 125 124 123 123 123 123 123 122 124 121 122 125
 124 124 126 126 126 127 129 129 127 125 122 129 131 133 134 131 130 129
 130 129 130 135 133 128 117  74  55  47  45  41  46  53  82 120 132 133
 134 137 139 139 138 134 138 137 140 142 136 141 130 118 106 114 125 134
 142 144 147 146 142 143 143 148 151 149 149 153 153 155 149 148 153 154
 155 157 158 156 154 152 150 150 150 149 155 154 153 154 159 162 159 153
 150 153 158 162 165 164 162 161 165 166 167 166 166 169 170 167 168 167
 167 169 171 172 173 173 171 174 175 174 174 176 176 175 177 178 180 180
 180 181 181 182 182 183 182 182 184 184 185 189 187 186 185 186 188 190
 187  29]"
"[ 30  30 110 108 110 109 110 112 111 113 113 113 112 112 111 109 114 116
 116 114 114 114 115 116 120 123 125 124 119 117 119 122 119 116 117 120
 120 120 121 121 128 128 127 126 125 125 125 126 125 125 125 122 123 127
 127 127 125 125 126 128 131 131 130 128 123 129 130 131 133 132 133 132
 133 131 131 137 135 133 127  83  50  50  44  41  44  46  61 113 133 137
 135 137 138 137 140 138 141 139 139 141 133 122 103  92  81  70  71  87
 117 142 157 143 145 141 147 152 147 155 147 144 150 151 149 150 150 150
 154 153 154 152 151 152 152 156 158 156 150 154 156 156 157 159 159 157
 159 157 157 158 158 159 160 161 162 162 165 168 167 168 170 169 168 169
 170 171 172 173 173 173 172 174 175 175 176 177 177 177 177 178 180 180
 180 180 181 182 183 183 182 182 183 184 185 187 186 186 186 187 188 190
 187  29]"
"[ 29  27 111 108 109 108 109 109 114 114 114 114 115 115 113 109 111 114
 115 115 115 114 113 115 118 122 121 120 117 117 122 125 123 119 119 121
 120 119 120 122 126 127 127 127 126 124 123 122 126 125 123 122 123 127
 129 129 127 127 128 130 131 132 131 130 124 130 131 131 129 129 135 137
 133 134 133 136 133 133 134  97  47  52  48  43  42  41  48 109 131 138
 136 137 138 135 136 132 132 144 144 139 129 106  76  63  44  38  39  44
  66 102 147 154 147 136 134 124 109 131 139 148 157 155 149 149 151 151
 153 152 155 154 155 155 155 158 158 155 153 156 159 160 160 161 160 158
 157 155 157 161 160 160 163 164 165 163 164 164 163 164 168 170 168 169
 171 171 172 172 173 172 172 174 176 176 177 178 179 179 177 178 179 179
 179 180 181 182 184 183 183 182 182 183 184 184 185 187 187 188 188 189
 186  30]"
"[ 29  28 114 110 111 109 110 110 113 112 113 114 115 115 112 111 112 113
 114 116 118 116 115 116 118 123 121 120 120 120 125 126 122 119 119 120
 120 121 124 126 125 126 129 130 129 126 125 125 124 124 123 124 126 128
 130 129 129 129 130 130 131 131 131 131 131 131 129 131 132 135 138 135
 133 137 136 139 135 132 132  96  50  52  52  45  44  46  52 109 128 141
 140 137 129 115 104  92 108 122 136 132 108  74  52  42  40  41  43  45
  55  73 121 148 144 133 119  88  59  67  80  95 136 155 157 152 156 155
 154 155 153 154 156 155 155 157 158 155 156 157 158 159 160 160 159 158
 160 157 159 162 160 159 162 164 161 164 167 167 166 169 169 165 169 170
 171 171 172 173 173 172 173 174 176 178 178 178 178 179 178 179 179 179
 180 181 182 182 185 183 183 182 182 184 186 185 186 187 187 187 187 188
 186  30]"
"[ 30  28 115 110 110 109 111 111 114 114 114 116 116 115 114 115 115 114
 113 116 119 116 112 113 115 122 120 119 119 119 122 121 118 118 121 124
 124 124 125 125 122 124 126 126 125 123 124 125 124 125 125 129 131 131
 130 128 130 131 131 131 130 131 132 134 133 133 131 132 132 135 140 138
 135 138 132 134 134 133 137 104  58  51  53  40  41  44  48  95 127 141
 132 114  91  67  56  46  38  47  94 118  86  45  41  39  37  37  38  42
  48  48  94 138 134 109  75  44  31  34  37  38  72 130 157 154 157 156
 153 159 153 155 156 155 153 156 158 158 160 158 157 158 160 160 160 160
 163 159 161 164 160 158 162 164 163 164 166 166 164 165 170 172 171 171
 171 171 172 174 174 173 175 174 176 178 178 177 177 178 179 180 180 179
 180 181 182 182 185 183 183 183 183 186 189 188 187 187 186 186 186 188
 186  29]"
"[ 29  30 115 114 111 112 112 112 113 109 109 114 117 116 115 116 116 115
 116 115 113 117 118 114 114 117 119 119 120 121 122 121 121 123 125 127
 125 123 123 124 123 125 126 123 122 123 124 124 125 126 126 128 131 131
 130 131 130 131 132 131 130 130 132 135 132 133 132 130 132 136 138 137
 135 135 135 137 133 134 131 104  64  48  50  44  40  47  56  85 119 134
 115  93  55  41  31  31  29  36  48  81  73  35  35  40  36  36  39  40
  45  50  82 112 113  83  50  41  39  39  42  32  48  84 147 159 154 155
 156 159 155 155 156 157 157 157 158 158 161 158 156 158 161 162 161 161
 162 163 165 166 164 161 161 163 164 166 167 168 169 170 172 172 172 172
 172 171 172 173 175 175 173 175 176 176 177 178 178 177 178 178 179 181
 182 181 181 182 183 183 183 184 185 186 186 187 187 187 188 187 188 186
 188  28]"
"[ 30  30 116 115 113 113 112 112 111 112 114 116 117 116 116 116 116 115
 117 117 115 118 120 118 117 119 120 121 121 123 123 123 123 123 124 126
 126 125 124 125 124 125 127 128 126 123 124 127 129 129 129 130 132 131
 128 128 130 131 133 133 132 130 131 133 131 133 133 131 132 135 137 137
 136 133 132 137 135 133 131 113  76  53  51  47  44  47  59  85 114 116
 100  77  45  42  40  41  38  40  36  48  45  32  39  38  37  36  41  43
  47  48  74 106  96  60  39  39  39  38  40  42  48  58 118 154 155 154
 157 159 158 157 157 158 159 158 158 157 158 155 155 157 161 162 162 161
 162 162 163 164 162 160 161 164 164 166 167 167 169 170 171 171 172 173
 172 172 173 175 175 175 174 176 177 177 177 178 179 179 179 179 179 180
 181 181 181 182 184 184 185 186 187 188 188 188 189 189 189 188 189 188
 189  29]"
"[ 30  30 117 117 115 115 113 112 113 116 119 119 119 118 116 114 116 115
 116 117 116 117 120 121 120 120 121 123 124 124 125 126 125 123 123 125
 127 126 126 126 126 125 127 131 128 124 124 129 131 131 129 130 132 130
 127 127 130 132 134 135 133 131 130 131 131 134 134 133 132 134 136 136
 136 134 133 138 138 135 133 121  80  52  50  44  41  39  52  73 104 105
  88  60  41  44  40  40  41  39  30  27  27  31  40  36  37  36  41  42
  45  41  56  89  80  43  37  41  40  40  38  47  46  46  89 131 152 158
 159 156 158 157 157 158 159 159 157 156 157 155 155 158 162 163 162 162
 162 162 162 162 162 161 163 166 166 166 167 168 169 171 171 170 173 173
 173 173 174 176 176 175 176 178 180 179 179 179 180 180 179 179 179 180
 181 181 181 182 184 184 185 187 188 189 188 187 188 188 188 187 188 187
 189  28]"
"[ 29  30 117 117 116 116 114 112 115 116 117 120 121 120 116 113 117 116
 116 117 115 115 118 121 121 120 121 123 124 124 125 127 124 122 122 124
 125 126 126 127 127 125 126 129 128 125 125 129 129 129 128 129 131 130
 128 128 131 132 133 134 133 131 131 131 133 135 135 134 133 134 136 136
 135 138 137 138 138 136 132 122  75  47  52  42  38  38  48  68 103 112
  80  43  42  45  40  41  36  35  33  28  26  32  38  38  40  38  41  40
  40  34  37  65  61  36  39  41  39  43  41  46  47  54  75 102 147 159
 157 155 155 155 156 157 158 158 157 156 158 158 158 160 162 163 163 162
 163 162 162 162 163 164 166 168 168 169 169 169 170 172 171 171 173 173
 173 174 175 176 175 174 176 178 179 179 179 179 179 179 179 179 180 181
 182 182 182 183 184 184 185 186 188 188 187 186 187 187 186 186 187 187
 189  28]"
"[ 29  30 116 116 116 117 115 114 114 112 114 119 121 119 117 117 121 119
 118 117 116 114 116 121 122 120 120 122 123 122 123 125 123 122 122 123
 124 125 126 128 128 126 125 126 126 127 127 128 128 128 128 128 131 130
 129 130 131 131 132 132 132 131 131 132 134 135 135 134 135 136 137 137
 136 139 138 137 136 133 130 124  81  46  53  42  39  39  42  63 100 112
  76  45  49  45  43  41  35  33  34  29  26  31  36  42  44  42  42  39
  38  32  26  45  40  30  36  39  38  44  48  46  52  60  70  85 141 153
 152 157 154 155 157 158 159 159 159 158 159 160 161 161 160 161 162 163
 162 161 162 162 163 165 167 169 169 170 171 171 171 171 172 172 173 174
 175 175 176 176 175 174 174 175 176 178 180 180 179 178 179 179 180 182
 183 183 183 184 185 185 185 186 187 188 187 186 187 187 187 187 189 188
 190  29]"
"[ 29  29 114 115 116 118 117 116 114 114 116 120 118 115 116 120 122 121
 119 118 118 116 116 121 122 121 121 121 121 121 121 122 123 122 123 124
 124 125 127 129 129 128 126 124 126 129 130 128 128 129 128 128 129 128
 128 130 131 131 130 131 131 131 132 133 133 133 133 133 135 137 138 137
 139 137 137 138 136 132 130 132  93  51  50  41  41  40  37  57  95 103
  74  56  54  44  44  37  38  34  33  26  24  31  36  40  43  43  40  38
  37  33  24  33  31  30  35  41  40  43  49  49  54  59  73  80 129 150
 154 154 154 156 157 158 159 159 159 160 159 160 161 160 159 159 161 162
 162 162 163 164 165 166 168 169 168 170 171 171 171 171 172 172 173 174
 175 176 176 176 175 175 175 174 175 178 181 181 180 179 179 179 180 182
 183 183 184 185 186 185 185 186 187 187 187 187 188 188 189 189 190 190
 191  30]"
"[ 29  29 114 115 116 119 119 118 116 117 118 118 116 114 115 119 120 121
 119 118 121 119 118 122 122 122 122 121 122 122 122 121 123 122 123 124
 125 125 127 129 129 128 127 126 127 130 130 129 129 130 129 128 128 127
 127 130 130 130 130 131 132 132 132 133 132 132 132 134 136 137 137 136
 139 137 139 139 136 135 136 137  99  64  52  44  45  46  43  57  92 101
  75  56  50  44  44  41  39  35  34  28  27  32  34  35  37  37  34  37
  36  32  24  27  31  32  36  40  41  42  48  53  57  64  78  83 121 154
 157 152 155 155 156 158 159 160 160 160 158 160 161 161 160 161 162 162
 163 164 165 166 166 168 170 171 168 169 170 170 171 172 172 172 171 173
 175 175 175 175 175 175 177 176 177 179 181 181 180 181 180 179 179 180
 181 182 184 185 185 185 185 185 186 187 187 187 188 188 190 189 190 189
 191  29]"
"[ 29  29 113 115 117 120 120 119 115 115 115 114 115 116 117 117 118 120
 119 119 123 123 121 124 122 123 123 122 123 124 124 123 122 122 122 124
 125 126 126 127 128 128 128 128 129 130 130 129 130 131 130 128 128 127
 128 132 130 130 130 131 132 132 132 132 133 133 134 136 137 137 137 136
 135 137 141 139 136 139 140 137 103  82  61  48  43  45  43  47  83 104
  81  56  53  51  42  43  39  35  34  32  30  31  32  33  31  32  29  37
  35  31  24  25  25  29  34  35  38  43  48  57  65  70  81  88 121 158
 154 154 155 155 156 157 160 161 161 161 160 161 162 162 162 163 163 162
 163 165 166 166 167 169 171 172 169 169 170 170 172 173 173 171 169 172
 174 174 174 174 175 175 179 178 178 179 179 178 179 180 181 180 179 179
 180 181 183 185 184 184 185 186 186 187 188 188 188 189 190 190 190 188
 189  28]"
"[ 30  29 113 113 114 114 113 114 115 116 115 114 113 114 115 116 118 119
 119 119 121 122 122 123 124 125 125 123 124 126 126 123 125 124 124 125
 126 126 124 123 124 128 129 130 130 130 130 132 130 129 129 130 128 127
 131 137 136 132 129 130 132 133 132 132 133 135 135 133 134 137 137 134
 136 137 138 137 137 137 137 137 114  80  59  55  47  44  46  43  73 107
  79  65  57  52  49  42  39  37  35  31  30  32  30  30  27  27  30  32
  31  27  23  22  26  25  26  34  37  40  41  58  72  71  78  88 116 161
 155 154 157 158 157 156 159 161 162 163 162 161 162 163 163 162 162 163
 164 164 165 166 168 168 169 170 170 170 169 169 169 170 172 172 174 174
 174 173 173 174 175 175 178 179 180 180 179 178 179 179 177 179 181 181
 183 186 187 186 185 187 188 188 187 186 187 188 189 189 189 193 192 190
 189  30]"
"[ 30  28 111 112 113 113 112 114 115 115 113 112 112 113 113 113 115 117
 117 117 119 119 121 124 124 125 125 124 125 126 125 123 123 123 123 124
 125 126 125 123 124 128 130 130 131 130 128 129 129 129 130 131 130 129
 130 134 134 132 130 130 132 133 133 132 131 132 131 131 133 136 136 134
 131 133 136 137 137 137 136 135 119  77  55  55  49  49  51  43  59 101
  78  56  56  58  54  46  41  38  36  33  33  35  33  33  26  26  29  32
  31  27  24  23  24  26  24  30  37  38  38  58  74  73  73  92 121 158
 152 152 158 159 158 157 158 160 160 161 161 161 163 164 164 162 163 165
 165 165 166 168 169 170 171 172 172 171 171 171 171 172 172 172 173 173
 174 174 175 175 175 175 176 178 179 179 179 178 179 180 179 180 181 182
 183 184 185 185 186 187 188 188 187 187 187 188 189 189 188 192 192 192
 190  30]"
"[ 29  29 112 112 113 114 114 115 115 114 112 112 112 113 113 113 114 116
 117 116 117 118 120 124 123 123 123 124 125 125 124 123 122 122 122 122
 124 125 125 124 125 129 129 126 126 127 128 130 130 129 131 133 132 131
 131 133 132 131 130 130 132 134 134 133 133 132 133 135 137 139 138 137
 130 133 136 137 138 137 136 135 125  79  56  55  47  46  47  35  47  91
  80  54  56  59  55  52  46  42  41  38  38  40  36  35  30  30  32  34
  33  30  28  28  31  38  34  30  35  38  40  58  67  68  69  98 132 158
 153 156 159 161 160 158 159 160 159 159 160 162 163 164 164 163 165 167
 166 167 168 169 169 170 171 172 171 171 170 171 172 172 172 172 172 173
 174 175 177 177 176 175 175 177 179 179 179 178 179 181 181 181 182 183
 183 183 184 185 186 186 187 187 188 188 188 188 188 188 188 192 193 193
 190  29]"
"[ 30  30 113 113 114 115 115 117 116 115 115 115 115 115 116 116 116 118
 118 117 119 119 121 124 122 121 121 123 124 123 123 123 123 123 123 123
 124 126 125 124 126 129 127 123 123 126 129 131 132 131 130 131 132 131
 132 133 131 131 131 131 132 134 134 132 131 132 135 138 138 137 136 137
 136 136 136 137 137 138 138 137 123  84  61  56  48  45  44  36  30  60
  62  48  56  57  55  57  49  46  46  44  45  45  40  37  37  37  37  37
  35  34  34  35  42  53  50  38  35  40  47  58  55  59  68  97 136 157
 152 155 158 161 160 159 161 161 160 160 161 162 163 164 164 164 165 167
 167 167 168 168 167 167 169 171 169 169 169 169 171 172 172 172 172 173
 174 176 178 179 178 176 174 176 178 179 178 178 179 181 181 181 182 183
 183 182 182 185 186 186 186 187 188 189 189 188 187 189 190 193 193 194
 191  29]"
"[ 29  29 113 114 115 115 114 116 116 116 118 118 118 116 117 118 119 121
 120 120 121 121 120 121 123 121 121 123 124 123 123 125 125 125 125 124
 124 126 125 124 122 127 127 125 125 127 129 131 133 132 130 131 131 131
 131 132 131 131 131 132 132 133 133 132 130 132 136 138 136 133 134 138
 139 138 136 135 137 138 137 136 122  92  63  50  46  43  40  36  30  37
  43  41  54  58  56  54  48  45  47  47  48  47  41  39  39  39  40  40
  39  38  38  38  44  54  60  52  41  41  51  54  58  58  71  92 138 161
 156 156 157 160 160 160 162 163 162 162 162 162 162 162 163 165 166 166
 167 166 166 166 166 166 168 170 169 168 168 168 169 170 171 171 173 173
 174 175 176 178 177 176 175 177 178 178 178 178 179 180 180 180 181 183
 182 181 182 185 186 186 186 187 188 188 188 187 188 191 191 192 191 192
 191  30]"
"[ 28  29 113 114 114 114 113 115 116 117 119 120 118 116 116 118 121 122
 120 121 123 122 119 119 122 121 121 122 123 123 123 125 126 127 126 125
 125 127 126 124 122 124 124 124 125 127 129 132 133 133 133 133 133 132
 132 132 131 131 132 133 134 134 132 132 132 134 137 137 134 133 137 142
 136 136 135 135 135 136 135 133 131 100  64  49  50  48  43  42  41  38
  41  40  49  55  55  49  47  45  47  47  47  45  39  37  38  40  42  45
  45  45  43  41  45  48  61  64  53  45  51  48  51  46  59  80 129 157
 155 154 156 159 159 160 162 163 162 162 161 161 161 161 163 165 167 166
 166 166 166 166 166 166 168 170 170 170 169 169 169 170 171 171 173 173
 173 173 174 176 176 175 177 178 179 179 179 179 180 181 181 181 182 183
 183 184 185 186 187 187 187 187 187 187 186 186 188 191 190 189 187 189
 190  30]"
"[ 29  29 113 113 113 113 112 114 117 117 119 120 119 117 116 118 121 121
 120 121 123 122 119 118 121 121 121 122 123 123 124 124 126 128 128 127
 127 129 128 126 124 124 123 123 125 126 129 133 132 133 134 134 133 132
 133 133 133 131 132 135 137 135 133 133 133 134 135 135 134 134 137 140
 133 134 135 135 135 135 134 133 126  90  55  44  47  46  44  43  40  41
  42  39  44  49  52  49  47  45  46  46  44  42  38  38  42  44  47  49
  51  50  48  45  47  48  57  64  64  56  57  47  46  45  56  87 130 156
 158 158 157 160 160 160 162 163 162 162 162 162 162 161 162 165 166 166
 166 166 166 166 167 167 168 170 170 171 171 170 170 170 171 172 173 173
 173 173 173 174 175 175 179 179 179 178 179 180 180 181 182 183 183 184
 184 186 187 187 187 187 187 187 187 187 186 186 188 191 190 189 188 191
 190  29]"
"[ 29  29 112 112 112 111 111 114 118 118 119 121 121 118 118 119 120 121
 120 121 122 121 119 118 121 122 123 123 124 124 124 124 126 129 129 128
 129 131 131 128 124 124 125 128 130 129 128 131 131 132 133 132 131 131
 133 134 133 131 132 137 138 135 134 135 135 136 136 137 138 138 139 138
 133 136 137 137 135 134 134 135 130  90  58  51  50  47  46  45  41  45
  41  40  46  49  48  48  45  43  45  45  44  43  42  44  49  50  51  52
  54  53  51  48  48  50  52  57  68  69  68  53  49  53  64 106 137 155
 157 159 159 161 161 161 162 163 162 162 162 163 163 162 162 164 166 166
 167 166 166 167 168 168 168 168 169 171 172 171 170 170 171 172 174 175
 174 173 173 174 175 175 178 178 177 177 177 179 180 180 181 183 183 183
 184 187 188 187 186 186 187 187 187 187 187 187 188 192 193 193 193 195
 193  29]"
"[ 29  30 114 114 111 110 110 111 117 117 121 123 122 121 119 121 121 121
 121 121 119 116 116 119 123 123 123 123 123 124 123 121 125 127 129 128
 128 129 129 128 124 128 131 132 130 127 127 131 132 132 132 132 131 130
 133 136 136 133 131 133 136 136 133 131 135 136 137 137 137 138 138 137
 137 136 137 136 137 135 132 135 130  87  64  53  52  47  43  39  40  40
  40  41  44  48  49  48  45  45  44  45  45  43  42  46  48  49  53  58
  58  53  48  47  48  46  50  55  62  68  65  59  53  48  63 103 129 162
 158 159 159 161 163 161 161 161 162 162 162 163 163 162 164 167 168 167
 164 165 166 167 169 168 167 168 170 170 171 171 172 173 173 174 174 175
 177 178 177 174 173 174 174 176 179 179 179 179 179 179 181 182 182 184
 186 186 186 188 186 186 186 186 187 187 188 189 193 193 192 193 194 192
 193  28]"
"[ 29  29 114 114 113 113 114 114 121 120 120 117 116 117 118 122 122 121
 121 121 119 116 116 118 121 122 122 123 124 125 126 125 127 129 129 126
 125 125 124 123 129 130 131 131 130 128 128 131 132 132 132 132 131 131
 133 137 135 131 129 133 136 134 132 132 135 136 137 137 137 138 137 135
 135 136 140 139 138 136 133 137 120  84  62  55  50  42  37  37  38  37
  36  37  40  45  47  47  42  41  39  40  42  42  41  43  49  47  48  52
  54  51  47  45  46  45  49  52  57  65  66  65  58  60  74 105 130 161
 158 158 157 159 161 161 160 161 162 162 162 162 163 163 164 166 166 165
 165 165 164 165 168 168 168 169 169 169 170 171 172 172 173 173 174 176
 178 177 177 177 176 175 174 176 178 179 179 180 180 180 181 182 182 183
 185 184 183 185 187 186 186 187 188 188 188 188 191 192 192 193 193 191
 193  29]"
"[ 28  29 114 115 114 115 116 117 121 120 120 115 112 116 118 122 121 120
 121 122 121 119 119 120 121 122 123 123 123 124 125 126 126 127 126 125
 124 125 125 124 130 130 129 129 131 129 128 130 132 131 131 132 131 132
 134 136 136 131 130 134 137 134 133 135 137 138 139 138 138 138 136 135
 135 136 138 136 137 138 136 138 113  80  57  55  52  44  38  38  36  36
  34  33  37  43  47  48  44  40  35  34  38  40  41  44  46  44  44  47
  50  50  48  47  47  46  50  50  52  60  66  70  73  73  76  92 122 151
 153 157 157 159 160 160 161 162 161 161 162 162 162 164 165 164 164 164
 166 165 162 163 166 168 168 170 169 169 170 171 171 172 173 173 173 176
 176 175 175 177 177 175 175 176 177 178 179 180 180 180 181 182 182 182
 183 182 181 183 186 186 186 187 188 189 188 186 190 192 192 193 192 190
 193  29]"
"[ 29  29 115 116 115 116 116 117 115 118 121 117 116 119 120 122 120 120
 121 122 122 121 121 121 121 123 125 124 122 122 124 126 123 124 125 125
 126 128 129 129 128 129 129 132 134 132 129 130 131 131 131 131 132 133
 135 136 136 132 132 135 137 136 135 136 138 139 139 139 138 138 137 136
 137 136 135 133 137 140 135 133 107  78  52  51  47  43  37  36  35  35
  33  30  32  39  47  50  49  43  35  30  31  33  38  43  40  41  43  46
  48  48  49  49  49  49  53  51  49  54  61  67  72  76  78  87 123 149
 155 158 159 159 160 161 162 162 161 160 163 162 162 164 164 163 162 163
 165 165 164 164 167 168 168 170 169 169 170 170 171 172 173 174 173 174
 175 174 174 176 176 175 177 178 178 178 179 181 181 181 179 181 181 182
 182 181 181 183 186 186 186 187 188 189 188 187 190 192 192 192 191 190
 193  30]"
"[ 29  30 115 117 116 117 117 117 114 117 121 118 118 122 121 122 122 121
 121 122 122 122 121 121 121 123 125 125 123 123 125 128 125 126 126 127
 128 130 130 130 128 130 131 134 136 134 131 132 132 132 132 132 133 134
 136 137 134 134 133 134 136 137 137 136 138 138 138 138 137 137 137 137
 137 136 137 136 140 141 134 130 109  82  60  56  47  44  39  39  31  32
  30  26  26  33  43  49  48  45  38  30  26  25  27  32  35  37  40  43
  46  48  48  46  48  49  54  53  49  50  53  58  65  76  82  85 123 151
 160 156 157 157 158 160 161 161 160 160 163 162 162 163 163 162 162 163
 165 167 168 169 170 169 169 171 169 169 169 170 171 172 173 174 174 174
 174 175 176 176 176 176 179 179 179 179 180 181 181 181 180 181 182 183
 184 183 183 185 186 186 188 188 188 189 190 190 191 192 191 191 191 191
 194  29]"
"[ 29  30 116 118 119 120 119 119 118 119 121 117 117 121 122 122 121 121
 122 122 123 124 125 125 123 124 126 126 125 124 126 129 128 128 128 129
 129 130 130 129 129 130 131 132 133 131 130 132 131 132 132 132 132 134
 135 136 133 135 135 135 136 137 137 136 138 137 137 138 137 137 137 138
 136 137 138 137 139 141 138 140 105  74  59  53  45  43  35  32  28  28
  26  24  22  27  37  47  46  47  43  35  27  21  18  19  28  30  33  38
  44  49  49  46  46  48  55  55  51  50  50  52  60  72  77  77 115 150
 164 154 154 154 155 158 160 161 161 161 163 162 162 163 163 162 163 164
 163 167 169 171 172 170 169 170 169 169 169 170 171 172 173 174 176 175
 175 176 177 176 176 178 178 179 179 179 179 179 180 180 182 183 184 184
 185 184 184 186 186 187 188 188 188 189 190 192 192 193 191 190 191 192
 194  28]"
"[ 28  30 117 120 121 122 121 121 122 121 120 117 118 122 122 122 121 121
 122 122 124 126 128 129 126 126 127 127 125 124 124 127 129 129 128 129
 129 129 130 130 129 130 129 130 131 130 129 130 130 131 132 131 131 132
 134 134 135 136 137 137 138 138 138 137 138 137 137 138 138 137 137 138
 137 136 137 136 138 140 141 146 106  66  57  54  48  46  36  31  28  25
  24  23  22  24  33  43  46  47  43  36  29  22  17  16  21  25  28  32
  38  46  50  50  49  50  58  59  54  52  50  52  51  58  66  69  98 133
 157 155 155 154 156 158 160 161 161 162 162 163 163 162 162 164 165 165
 163 165 167 169 171 169 168 170 169 170 171 172 173 174 174 174 175 176
 176 176 175 176 177 178 178 179 180 179 179 180 180 181 185 186 185 186
 187 186 185 187 189 189 190 190 190 190 192 193 193 194 193 192 193 193
 195  28]"
"[ 28  30 117 121 122 123 122 122 122 120 121 119 121 124 122 121 122 122
 122 122 122 124 125 126 125 126 127 127 126 124 124 126 132 130 129 129
 129 129 129 129 130 131 130 132 133 131 129 131 130 132 132 131 131 132
 133 133 136 136 137 139 139 137 137 138 137 136 137 138 138 136 136 137
 138 137 138 139 141 140 136 139 106  61  59  54  46  41  32  31  27  24
  23  24  23  23  31  40  47  45  39  32  27  23  19  18  18  24  29  29
  31  39  47  52  51  53  60  61  56  52  51  53  51  50  54  54  66  93
 135 155 158 158 158 160 161 161 161 163 161 163 163 162 163 164 166 165
 163 165 165 167 170 170 169 171 170 171 173 174 175 175 175 175 175 178
 177 175 175 177 180 179 180 181 182 182 182 182 183 183 186 187 186 187
 188 187 186 187 192 192 192 192 193 193 194 194 194 196 195 194 195 195
 196  29]"
"[ 29  29 119 120 122 123 124 120 117 119 120 121 122 122 122 122 123 122
 121 121 122 122 124 125 127 128 128 126 125 125 125 126 126 127 130 131
 129 128 128 129 129 130 130 131 132 132 130 130 130 133 134 132 132 134
 136 135 136 138 137 137 138 137 137 138 139 138 133 141 138 136 139 137
 138 140 142 142 140 139 135 123 110  58  57  53  45  42  33  32  27  23
  25  24  22  24  31  39  42  42  37  28  22  23  23  18  19  23  29  32
  32  33  41  50  49  52  58  62  61  56  52  51  46  49  50  52  66  74
  94 136 159 163 159 158 159 162 161 163 161 164 164 162 162 165 165 161
 160 163 166 168 169 170 171 171 173 173 173 174 176 178 177 176 178 179
 180 179 178 179 180 181 179 181 184 186 186 186 186 186 187 187 188 189
 189 189 189 190 192 194 195 195 194 194 195 196 195 196 195 196 196 194
 194  28]"
"[ 29  30 119 119 120 121 122 117 117 118 120 120 121 122 122 122 122 122
 122 122 123 123 125 126 126 127 128 126 125 126 127 128 128 127 127 128
 130 130 130 130 130 130 129 129 130 130 130 132 134 135 135 133 132 134
 136 136 135 137 137 138 139 138 138 139 139 140 136 145 142 140 141 138
 137 139 140 140 137 137 136 126 106  56  52  53  45  39  35  34  29  23
  24  24  23  25  27  32  38  40  37  30  25  24  22  20  20  25  30  31
  31  34  41  47  49  53  57  59  60  59  54  49  46  49  48  51  54  56
  74 110 153 164 160 159 159 161 161 162 162 164 164 162 162 165 165 163
 164 166 168 169 169 170 171 172 174 175 175 176 177 178 178 177 178 179
 179 179 181 182 183 182 185 186 188 188 187 187 186 187 188 188 189 189
 189 188 189 190 192 193 194 194 193 193 194 195 194 195 195 196 196 195
 194  29]"
"[ 29  30 118 118 118 118 119 116 116 118 118 119 119 120 121 121 121 122
 122 122 122 123 125 127 126 127 127 127 126 128 129 130 128 126 125 127
 129 131 132 132 132 131 129 128 130 130 131 135 136 136 134 131 131 133
 135 135 134 136 137 138 139 138 137 138 139 141 138 144 143 143 143 139
 138 140 140 140 137 138 139 131 102  59  48  52  45  40  41  38  31  24
  23  24  24  24  23  23  29  34  32  28  26  23  21  23  25  29  31  30
  29  34  39  42  49  54  58  58  58  59  55  48  46  48  46  50  46  46
  59  91 139 163 161 159 160 162 164 165 167 167 167 167 168 170 171 171
 173 174 174 174 174 176 177 177 177 176 177 178 179 178 179 179 180 179
 179 179 181 182 181 179 183 184 185 186 185 186 187 188 189 189 190 190
 189 188 189 190 192 192 193 193 193 193 194 195 194 195 194 195 195 194
 194  29]"
"[ 29  29 117 116 117 116 119 117 118 119 119 118 118 120 121 122 124 124
 123 122 121 122 125 129 128 128 127 126 128 129 130 129 127 127 128 129
 130 131 133 135 135 133 131 130 131 131 132 137 135 135 134 132 132 134
 135 135 135 138 138 137 138 137 137 139 141 142 137 140 139 143 145 142
 142 142 142 142 139 140 141 134 105  64  51  51  44  42  42  36  32  24
  23  23  24  24  20  18  21  25  23  21  23  20  20  25  28  30  30  30
  31  36  41  44  47  55  60  60  58  57  54  49  45  46  44  48  46  50
  54  89 128 162 164 163 163 165 168 167 167 167 168 169 170 171 173 175
 175 175 174 174 175 177 178 178 178 176 176 177 178 178 179 180 180 179
 179 179 181 181 180 178 179 180 182 183 183 184 186 187 188 188 190 190
 190 189 189 190 192 192 193 193 194 195 195 195 194 196 195 195 195 194
 194  28]"
"[ 29  28 117 116 116 117 120 120 121 121 121 120 120 122 124 125 129 127
 125 122 120 122 126 131 129 128 126 126 129 131 130 128 126 128 130 131
 131 131 132 134 134 133 131 131 132 131 132 135 134 134 135 135 136 136
 137 136 138 139 139 138 138 138 138 140 143 143 138 139 137 143 146 145
 143 143 142 143 141 141 141 133 110  67  53  54  47  45  38  33  32  24
  23  23  24  24  20  19  17  19  17  17  20  19  18  24  25  26  29  34
  39  43  48  52  48  53  59  61  59  57  54  51  46  45  43  44  48  54
  51  89 126 163 167 166 166 166 169 166 167 167 168 170 171 171 172 174
 174 173 173 173 175 177 177 176 177 175 174 175 177 178 179 180 178 179
 179 180 181 182 182 181 181 182 184 185 185 185 186 187 187 188 190 192
 191 190 190 191 193 193 194 195 195 196 195 195 195 197 196 196 197 196
 196  29]"
"[ 30  29 117 117 118 118 122 122 122 122 122 122 122 123 125 126 129 128
 126 123 121 122 126 130 129 128 126 127 130 132 130 128 126 126 128 130
 132 132 130 130 130 132 131 130 131 131 130 132 132 133 135 137 137 138
 137 137 138 140 139 138 138 138 139 141 144 143 140 141 139 145 147 146
 144 144 143 145 143 143 142 134 116  68  50  58  54  50  40  37  31  25
  25  24  23  24  22  21  18  19  17  17  20  19  18  22  24  26  32  41
  47  49  52  55  52  52  55  59  61  58  54  52  47  44  44  44  51  56
  56  93 131 161 166 166 166 167 168 166 169 169 171 172 172 171 171 172
 174 174 173 174 176 177 176 175 175 175 175 175 176 178 179 179 178 180
 181 181 182 182 182 182 183 184 186 187 187 187 188 189 188 189 190 192
 193 193 192 193 195 195 195 196 196 196 195 194 195 197 196 196 198 198
 197  30]"
"[ 30  29 118 120 121 121 124 124 121 122 123 123 123 123 123 123 125 125
 125 124 123 122 124 127 129 129 128 128 130 130 130 128 126 127 128 130
 131 131 130 130 129 132 131 130 132 133 132 132 133 134 136 138 139 138
 139 139 139 141 142 141 141 139 139 141 145 144 143 144 142 146 147 147
 146 146 146 148 146 146 146 139 124  77  48  56  55  52  47  40  31  26
  26  24  23  24  23  23  21  19  18  18  19  20  22  24  31  34  40  46
  50  53  54  55  58  56  55  57  58  56  53  51  48  44  44  48  51  58
  75 108 141 161 165 166 165 168 167 168 167 169 170 170 170 169 169 169
 171 171 172 173 174 175 174 172 173 176 178 176 176 179 180 179 180 181
 181 181 182 182 182 182 183 185 186 187 187 188 188 189 189 189 190 192
 193 193 194 194 194 195 195 196 195 195 195 195 194 196 195 196 199 199
 197  29]"
"[ 30  28 119 121 123 123 126 125 122 124 125 125 124 123 122 120 121 123
 125 126 126 124 124 125 129 130 131 130 129 129 128 127 127 129 132 133
 131 130 132 135 131 134 133 131 133 136 136 134 137 138 140 142 142 141
 142 143 142 145 145 145 144 142 140 141 146 145 145 147 144 148 148 149
 147 147 148 150 147 148 149 144 134  90  48  50  49  51  50  35  32  27
  27  25  23  25  24  24  22  19  17  16  16  20  25  28  38  42  47  49
  52  56  58  58  63  61  59  56  54  52  50  50  49  44  44  51  50  57
  91 120 154 165 167 167 166 168 167 168 168 170 172 171 171 171 171 171
 171 171 172 173 174 175 175 173 172 178 181 179 177 179 180 179 179 180
 180 181 183 184 185 184 186 187 187 187 187 187 188 188 190 189 189 191
 192 193 193 194 193 194 194 194 195 195 195 196 195 196 196 196 199 200
 197  28]"
"[ 30  27 119 116 119 124 125 125 125 121 121 125 126 122 120 121 123 128
 130 128 127 128 127 124 129 132 130 131 132 130 130 131 130 134 136 138
 138 133 133 140 140 139 137 137 138 139 139 139 139 143 144 142 143 144
 144 144 143 143 145 146 145 143 142 142 146 145 145 147 148 148 147 147
 150 150 150 151 151 150 149 148 138  96  53  52  47  46  41  34  31  28
  26  24  24  25  24  24  23  23  20  19  21  23  28  34  43  49  53  53
  56  60  62  62  59  56  53  53  50  46  45  46  41  43  47  45  48  68
  95 136 164 167 169 167 167 169 170 169 168 170 171 172 172 172 172 172
 172 174 175 176 176 177 178 179 180 179 179 181 181 179 177 177 179 180
 181 182 182 183 184 185 186 187 187 188 188 189 190 190 190 191 192 192
 193 194 195 195 194 194 195 195 195 195 195 195 195 196 196 196 197 198
 198  29]"
"[ 30  26 117 115 118 125 127 129 128 124 123 127 129 127 125 126 127 129
 130 129 130 131 129 126 124 131 134 136 135 133 136 138 136 138 138 139
 140 137 137 143 142 141 139 139 140 141 142 142 142 144 143 142 145 147
 145 144 145 145 145 146 146 146 145 146 146 146 147 148 150 149 148 147
 151 151 150 149 150 151 152 152 136  98  60  57  46  42  41  39  31  29
  27  26  27  27  27  27  25  25  23  21  23  26  31  37  44  51  55  56
  58  61  61  60  56  54  51  50  48  46  45  46  41  42  45  47  50  72
 104 140 165 166 167 168 168 170 171 171 169 171 172 173 173 172 172 173
 174 175 176 176 177 178 179 179 180 179 179 180 180 179 178 179 177 179
 181 182 183 183 184 184 185 185 186 188 189 190 191 192 191 193 193 193
 193 194 194 194 195 195 195 194 195 195 195 195 195 196 197 198 198 199
 198  28]"
"[ 28  30 128 127 125 126 127 130 133 130 129 131 133 132 130 129 132 131
 131 132 134 135 133 130 126 134 136 137 136 134 137 138 138 140 139 139
 140 139 139 143 143 142 141 142 142 143 143 142 144 145 145 145 148 148
 146 147 144 144 145 147 148 148 147 146 148 148 149 150 151 151 149 148
 150 150 151 152 152 153 153 153 141  98  57  57  52  48  43  37  35  32
  29  28  27  27  26  27  25  26  24  22  23  27  33  41  50  57  60  58
  59  61  60  57  54  53  51  49  48  48  47  45  44  43  47  55  62  92
 130 159 167 166 166 168 170 171 171 173 171 172 173 173 173 173 173 173
 176 176 176 176 178 180 180 179 179 179 179 180 180 180 181 182 181 182
 183 184 184 185 185 185 185 186 187 189 190 192 193 193 193 194 194 194
 194 194 195 194 196 196 195 195 196 196 195 194 196 198 199 200 200 200
 198  28]"
"[ 29  32 130 128 124 123 126 131 133 132 133 134 135 135 132 129 135 133
 133 134 136 137 136 135 134 137 135 134 135 136 137 136 136 137 138 139
 139 139 140 141 142 142 143 144 144 143 141 139 139 143 145 146 144 142
 142 147 144 144 145 146 147 147 146 146 150 150 151 151 151 151 151 150
 151 151 152 153 153 153 153 154 142 104  64  60  54  47  45  42  39  35
  31  28  27  25  25  26  27  28  25  24  25  30  38  47  58  64  64  60
  59  59  57  54  53  54  53  51  50  50  48  44  45  44  47  55  64 100
 141 159 168 168 168 170 171 171 171 172 173 173 173 173 173 173 174 175
 176 176 176 176 178 180 180 179 178 178 179 179 180 182 184 186 187 187
 186 186 186 186 186 187 187 187 188 190 191 192 193 193 193 194 195 194
 194 195 195 195 196 196 197 198 198 197 196 195 199 200 201 201 202 201
 199  29]"
"[ 28  31 132 135 136 134 130 128 130 131 132 133 133 134 133 132 136 136
 135 135 136 136 136 136 138 139 135 135 137 138 139 138 135 136 139 140
 139 139 142 143 141 142 143 144 144 142 140 139 138 142 146 146 144 141
 142 147 147 146 146 145 145 145 147 149 151 152 152 151 150 151 152 152
 154 153 152 150 150 151 154 156 148 114  71  58  53  48  47  46  40  36
  32  30  29  28  28  29  30  30  27  25  29  35  44  53  61  66  65  62
  60  58  54  52  51  53  53  51  50  50  47  43  48  49  51  58  71 112
 149 158 167 170 171 170 170 171 172 171 173 173 173 172 172 173 175 176
 175 176 177 177 177 178 179 180 180 180 180 179 180 182 185 186 186 186
 186 186 187 187 186 186 187 187 188 189 191 192 193 194 194 195 195 195
 195 195 196 196 195 196 198 198 197 197 197 198 201 201 201 201 202 202
 199  29]"
"[ 29  29 126 127 129 130 130 133 132 132 133 132 131 131 132 133 137 138
 138 136 135 135 136 137 136 139 138 138 138 136 138 139 139 137 139 140
 139 139 143 145 143 143 143 144 144 143 143 142 142 144 144 145 147 147
 145 146 145 147 150 151 149 147 147 148 151 152 152 150 150 151 153 153
 153 153 152 151 151 151 153 154 153 121  69  48  53  54  49  43  43  38
  34  32  32  30  30  32  31  29  25  25  30  38  46  53  59  63  64  63
  62  58  53  51  50  52  53  51  49  49  47  44  44  48  52  61  83 127
 156 163 167 171 173 171 170 172 172 170 173 173 172 172 173 174 175 177
 175 177 178 177 177 177 179 180 182 182 181 180 181 182 184 185 183 184
 185 187 188 188 187 186 185 186 187 189 191 193 194 195 195 196 196 195
 195 195 195 195 197 197 197 196 195 196 198 201 201 202 201 201 201 201
 199  29]"
"[ 28  30 130 132 131 130 131 134 134 133 133 133 132 131 131 131 134 137
 137 135 133 135 136 137 136 139 138 139 138 134 135 138 142 138 139 141
 139 139 142 143 143 144 144 145 145 144 143 142 143 143 141 141 146 148
 146 143 144 147 151 154 154 151 148 148 149 152 153 151 151 152 153 152
 150 151 153 154 153 152 152 152 148 132  83  51  52  52  48  46  46  40
  36  36  36  33  32  32  32  29  24  25  33  41  47  52  60  62  64  65
  64  59  54  53  52  53  52  50  48  47  47  47  49  53  60  73 102 142
 159 168 169 171 172 172 171 172 172 171 171 172 173 174 174 175 176 177
 177 178 179 179 178 179 180 181 182 183 182 181 182 184 185 185 183 184
 185 187 188 188 187 186 185 186 188 190 192 194 194 194 195 196 196 196
 195 196 196 196 198 198 198 197 196 197 200 202 202 202 201 201 201 202
 199  29]"
"[ 29  29 126 129 130 131 132 136 131 130 131 133 134 132 130 130 130 134
 135 132 131 134 136 136 138 138 136 138 139 135 137 140 143 137 139 143
 141 139 140 139 141 143 145 147 146 144 141 140 145 145 142 141 146 149
 148 146 146 147 149 151 151 151 151 151 147 151 153 152 152 153 153 152
 150 151 152 153 152 153 154 155 150 146 100  60  56  51  47  46  46  41
  38  39  39  37  34  34  37  32  28  30  39  46  51  55  63  64  64  65
  64  59  54  55  55  54  52  48  45  45  46  47  52  56  65  82 115 152
 161 172 172 171 171 172 172 171 171 171 171 172 174 175 176 176 177 177
 178 179 180 180 180 181 183 183 181 181 182 182 184 187 188 187 187 186
 186 186 186 187 187 186 187 188 190 193 194 194 194 193 194 195 196 196
 196 197 197 197 199 199 199 199 199 200 200 201 202 202 202 202 202 202
 200  29]"
"[ 30  29 129 128 129 129 132 132 129 129 130 134 136 131 128 131 134 132
 132 132 131 133 136 138 138 137 138 140 140 138 139 141 143 142 142 142
 141 140 140 142 144 145 147 147 146 145 145 145 144 146 146 145 147 147
 147 148 148 149 150 151 152 153 152 150 150 149 151 153 154 153 152 153
 153 154 155 155 154 153 153 154 154 150 107  60  56  56  54  51  47  42
  39  41  42  37  36  40  40  38  34  36  46  51  53  57  61  63  62  60
  59  57  54  53  52  52  51  51  49  46  46  47  53  60  68  84 123 151
 161 173 171 172 173 173 172 171 171 171 172 174 175 175 176 178 178 177
 179 179 179 179 179 180 181 182 181 181 181 181 182 186 187 187 186 186
 187 188 188 188 187 186 189 191 193 194 192 192 193 194 195 195 195 196
 197 198 199 199 201 200 199 199 200 201 203 205 202 203 202 204 203 202
 202  30]"
"[ 29  28 126 124 126 127 130 131 131 131 131 133 134 132 132 135 135 133
 133 133 132 133 135 136 137 137 137 138 138 137 137 138 142 143 143 143
 142 142 142 142 144 145 147 147 146 145 145 145 145 146 146 146 148 149
 147 147 150 152 153 153 152 152 152 151 151 150 150 152 154 154 153 154
 154 154 155 155 155 154 153 153 154 143 119  64  59  62  54  53  45  41
  40  44  44  41  41  43  42  40  40  43  49  52  53  55  57  60  62  60
  55  52  50  50  50  51  51  47  44  44  47  49  52  56  65  97 141 165
 166 173 171 172 173 174 173 173 172 172 174 176 177 176 177 179 179 178
 179 179 179 179 179 180 181 181 183 183 183 182 184 186 187 187 187 187
 187 187 187 187 187 187 189 190 191 192 193 193 194 194 195 195 195 196
 198 199 200 201 200 200 199 200 201 203 204 205 205 205 203 203 203 204
 202  28]"
"[ 29  28 127 125 126 127 130 131 131 132 132 132 133 133 134 138 136 134
 135 137 136 136 136 135 135 136 136 137 138 140 140 140 139 142 143 142
 143 144 144 142 144 145 147 147 146 145 144 144 144 146 146 147 150 150
 147 146 151 153 154 154 152 151 152 152 153 151 151 152 154 155 155 155
 154 153 153 154 155 155 153 152 153 145 134  66  53  61  57  52  46  42
  43  46  44  44  46  46  44  43  44  48  50  53  56  57  57  60  65  63
  54  49  49  48  48  49  48  43  42  45  47  47  51  54  67 113 154 173
 170 173 170 171 172 172 173 173 174 174 177 178 178 178 178 179 179 179
 179 180 180 180 180 180 181 182 182 183 183 183 184 186 187 186 187 187
 188 187 187 187 188 189 191 191 191 193 194 195 195 195 196 195 196 197
 198 200 201 202 200 199 200 201 203 204 204 205 205 205 202 203 205 208
 205  29]"
"[ 29  29 130 129 131 129 131 130 130 132 133 132 134 134 134 135 135 135
 137 140 139 138 137 135 135 136 137 137 139 142 142 141 137 139 141 141
 142 144 144 143 145 145 146 146 145 144 144 145 145 146 146 148 152 152
 149 147 150 152 153 152 151 151 152 152 154 153 153 154 155 155 156 156
 153 153 153 153 154 155 155 154 152 152 145  79  50  55  61  54  50  45
  46  47  44  46  49  46  43  41  46  52  53  56  59  59  62  62  67  67
  56  51  50  47  46  44  42  42  44  47  45  41  50  55  79 134 160 170
 171 171 171 172 172 172 172 173 175 176 178 179 179 179 179 180 180 180
 181 181 181 181 181 181 182 183 181 182 183 184 185 187 188 188 187 189
 189 189 188 189 191 192 195 194 194 194 196 196 196 196 197 197 197 198
 199 200 201 201 201 200 201 203 205 206 205 204 204 205 203 203 207 211
 207  30]"
"[ 29  29 131 131 132 130 130 129 129 132 132 132 134 135 134 134 138 136
 137 139 138 137 137 135 137 138 137 137 138 140 139 137 139 138 139 141
 142 142 143 145 146 146 146 145 145 145 145 146 146 147 147 148 152 153
 151 149 150 151 150 150 150 151 151 151 152 153 155 155 154 153 154 155
 155 155 154 154 154 155 156 157 154 154 152 100  59  59  61  57  52  47
  48  48  46  49  51  47  41  40  46  54  57  59  60  56  62  59  62  63
  56  52  50  45  41  39  39  42  46  46  44  41  45  47  87 153 168 172
 177 174 173 175 176 175 173 173 175 177 178 178 179 180 181 181 181 181
 181 182 182 182 182 182 183 183 183 183 185 186 188 189 190 191 189 190
 192 192 191 191 193 195 196 196 196 195 195 195 196 197 198 198 199 200
 201 202 201 201 203 203 204 206 208 208 206 206 206 209 207 206 208 211
 207  28]"
"[ 29  29 130 130 131 129 131 130 129 132 132 132 134 135 135 136 141 139
 138 138 137 137 138 138 138 138 138 138 139 139 138 136 142 140 140 142
 143 142 143 146 147 146 146 146 146 146 146 147 146 147 147 147 151 152
 150 150 151 151 150 150 151 152 151 150 150 152 154 154 152 151 152 153
 156 156 155 154 153 154 156 158 157 156 157 113  63  65  59  53  51  49
  50  51  51  53  53  49  46  43  46  52  57  59  59  57  58  54  53  55
  53  51  48  43  38  38  40  42  43  43  43  44  55  55  98 159 169 169
 173 172 174 176 178 178 176 175 175 176 177 177 178 180 180 180 180 181
 182 182 182 182 181 182 183 184 186 186 187 189 190 190 191 192 191 192
 194 194 194 194 194 195 194 195 195 194 193 194 195 197 198 198 200 201
 203 203 203 202 204 204 205 207 209 208 207 207 208 211 210 210 210 212
 207  28]"
"[ 29  29 130 129 130 129 131 130 129 131 133 133 134 133 133 136 139 137
 138 139 138 138 140 140 138 138 138 140 141 140 139 138 141 140 140 140
 142 143 144 145 145 145 146 146 146 146 146 146 146 148 147 147 149 150
 149 149 152 151 151 150 151 152 151 150 149 152 154 153 152 152 153 153
 157 156 155 154 154 155 157 158 158 159 158 127  73  61  56  52  52  52
  53  53  52  52  52  52  50  48  47  50  57  59  59  59  55  50  47  49
  50  48  45  43  40  42  43  42  40  39  40  40  52  68 115 158 167 172
 178 181 176 177 179 179 178 177 176 176 178 178 178 180 180 180 180 182
 183 183 182 182 182 183 184 185 187 187 188 190 190 190 191 193 193 193
 194 194 195 195 195 195 195 195 195 194 193 194 196 197 197 197 198 200
 202 203 203 203 204 204 205 207 208 208 207 207 208 211 210 210 211 212
 207  30]"
"[ 28  29 130 130 131 129 130 129 127 131 134 135 134 131 131 134 130 131
 135 138 138 139 139 139 139 139 140 142 143 141 140 140 138 139 139 138
 140 143 144 143 144 144 145 146 146 146 146 145 148 150 149 148 150 150
 149 150 151 151 151 151 151 152 151 151 151 153 155 154 154 155 155 154
 157 156 155 154 155 157 158 158 158 157 155 150  92  53  56  59  56  57
  55  52  50  49  50  53  47  49  49  55  62  62  57  57  54  50  46  46
  48  46  43  44  44  46  45  41  39  39  36  32  53  92 143 162 165 170
 175 178 180 179 179 179 179 179 179 179 181 180 180 181 182 181 182 184
 184 184 183 182 182 183 185 187 188 188 189 190 191 191 192 194 192 192
 193 194 195 196 196 195 197 196 195 195 195 195 196 197 197 196 197 198
 200 202 203 203 204 204 205 207 208 208 208 209 209 211 209 210 211 211
 205  29]"
"[ 28  31 131 128 130 130 130 129 129 129 131 134 135 133 133 135 131 134
 138 139 138 138 137 137 138 136 139 143 142 139 139 140 142 140 139 144
 146 145 143 141 141 144 145 145 144 144 145 147 147 147 147 147 149 151
 150 147 150 150 150 150 151 152 152 151 152 151 151 154 155 155 154 154
 157 157 156 156 158 159 159 158 158 159 157 153 119  64  57  59  59  58
  56  53  49  50  53  53  52  51  49  53  61  61  56  56  56  52  46  44
  46  43  40  43  45  45  46  46  41  36  38  45  67 115 152 169 172 179
 179 178 179 179 179 179 179 180 180 181 185 184 182 180 181 182 184 184
 185 186 185 183 184 185 186 188 189 188 187 188 191 192 192 195 193 194
 195 195 195 196 196 196 196 196 197 196 196 196 196 195 197 198 199 199
 200 202 203 202 203 205 207 208 208 208 208 207 210 211 211 211 210 211
 206  29]"
"[ 28  29 130 131 133 129 129 130 132 131 133 135 135 133 132 133 135 137
 138 139 138 138 137 137 139 137 140 143 141 138 138 139 140 140 141 145
 147 145 142 140 142 142 143 145 145 145 145 146 146 145 146 147 149 149
 148 147 149 149 150 150 151 153 153 153 152 152 152 154 155 155 156 156
 157 158 158 159 159 159 158 157 158 155 160 156 139  77  60  61  59  58
  56  54  52  51  53  56  56  54  51  52  58  58  56  58  55  54  50  47
  46  41  40  44  44  45  47  47  43  39  42  47  79 120 163 172 170 174
 178 180 180 180 180 180 179 179 180 181 182 182 182 183 184 185 184 183
 185 188 188 187 188 187 187 189 188 188 188 190 193 193 192 194 195 195
 195 195 195 196 196 196 197 197 197 197 198 199 199 199 199 200 201 200
 200 202 203 203 204 206 207 208 209 209 209 208 210 210 211 214 213 212
 206  29]"
"[ 29  28 130 133 135 129 129 134 134 133 133 135 135 134 133 134 138 138
 139 138 138 138 138 137 137 137 140 143 141 139 141 143 142 141 141 143
 144 144 144 144 144 142 143 145 147 146 145 146 146 145 146 148 149 148
 147 147 149 150 151 151 151 153 154 154 153 153 154 153 154 156 157 158
 157 158 159 159 158 158 158 157 159 156 161 157 155 103  65  52  59  59
  56  55  56  53  53  59  61  58  54  53  54  55  56  60  56  55  52  50
  48  43  42  45  45  44  44  45  45  44  44  45  79 115 167 175 173 176
 180 182 180 181 181 180 180 180 181 182 181 181 182 184 185 186 185 182
 185 188 189 189 189 189 188 190 187 188 189 191 193 193 192 193 195 195
 195 195 196 197 197 197 198 197 197 196 198 199 200 200 199 200 200 200
 200 201 202 203 206 207 208 208 209 210 210 209 211 210 211 216 215 213
 206  29]"
"[ 30  28 129 131 133 129 131 137 135 134 133 135 136 136 136 136 138 138
 138 138 137 138 139 139 137 137 140 142 139 139 142 144 141 141 141 140
 141 143 144 147 147 144 143 146 148 146 145 147 148 147 148 150 149 147
 146 147 149 151 152 152 152 153 154 154 154 155 155 154 154 157 157 156
 157 158 159 157 156 156 157 158 158 158 158 159 165 145  89  55  57  60
  58  57  59  56  54  59  61  60  58  56  55  56  58  62  58  55  51  50
  50  47  45  45  49  48  46  46  47  47  47  47  81 121 167 176 176 178
 178 178 179 180 180 180 180 180 182 183 182 183 184 184 185 185 185 184
 186 188 187 186 188 188 189 190 188 189 189 190 192 193 192 194 195 196
 196 197 198 199 199 199 199 198 197 196 197 199 199 199 199 199 198 199
 200 202 203 204 206 207 207 208 209 211 211 210 211 212 213 217 216 215
 208  29]"
"[ 30  29 129 129 132 130 133 138 136 135 134 134 136 137 137 137 136 138
 138 137 136 137 139 140 139 139 140 140 137 137 140 141 138 139 143 141
 141 144 143 145 147 144 144 147 147 145 146 148 148 147 148 150 149 146
 145 147 148 150 152 153 152 153 154 154 156 156 155 154 155 157 156 153
 155 157 158 157 155 155 157 159 160 160 157 158 161 163 107  57  55  61
  61  58  61  60  57  57  57  59  61  61  60  59  62  64  59  55  52  51
  49  48  47  47  48  50  51  48  44  44  49  55  85 134 169 177 177 180
 178 180 179 180 180 180 180 180 182 183 184 185 186 186 185 186 186 186
 186 187 186 186 188 190 189 189 188 190 191 191 193 194 194 195 196 197
 198 199 200 201 201 200 201 200 199 199 200 200 200 199 199 198 197 198
 201 203 204 204 206 206 207 208 209 211 211 211 210 214 215 215 215 217
 210  29]"
"[ 29  30 130 130 133 132 135 137 137 136 135 135 136 136 136 136 136 138
 138 137 136 136 138 139 140 140 141 140 137 138 140 140 139 140 144 140
 139 143 142 144 145 144 144 146 146 145 146 148 147 147 147 148 147 146
 146 147 146 149 151 152 152 153 154 155 157 156 155 155 157 157 155 152
 153 157 159 159 157 157 158 160 161 158 160 161 166 169 135  85  57  63
  62  60  62  63  59  56  54  57  62  64  63  63  64  64  60  57  56  53
  48  47  50  51  47  49  50  48  44  44  51  59  80 137 170 178 179 181
 179 182 180 180 180 181 181 181 181 182 183 185 186 187 187 187 187 187
 187 188 188 188 191 192 190 190 188 191 192 193 195 195 194 194 195 197
 199 199 199 199 199 199 201 201 201 201 201 202 201 200 199 197 196 198
 201 203 204 203 205 206 207 208 210 211 211 211 210 215 215 214 214 219
 212  30]"
"[ 29  30 131 131 134 132 134 136 135 135 135 135 136 137 136 135 136 137
 138 137 137 137 138 138 140 141 142 141 140 142 143 140 140 141 145 139
 137 143 142 145 144 144 145 146 147 147 146 147 146 147 148 148 148 148
 149 150 148 149 151 152 152 154 155 156 157 155 155 156 158 157 155 154
 154 157 160 159 158 158 159 161 163 161 161 161 165 161 146 104  61  62
  61  60  61  63  60  57  53  55  61  64  63  64  65  63  60  58  57  55
  49  49  52  53  50  49  49  51  50  51  57  64  80 131 170 177 178 180
 176 178 181 181 181 182 182 183 182 182 183 184 184 185 186 187 187 186
 188 190 190 189 191 192 191 192 189 193 194 194 195 195 194 194 194 197
 198 198 198 198 198 198 201 201 202 201 201 201 200 199 198 197 197 199
 201 202 203 204 206 207 209 209 210 211 211 211 212 215 215 214 214 218
 212  30]"
"[ 30  29 129 130 133 130 132 135 131 133 134 135 136 137 137 136 136 137
 138 138 138 139 139 138 142 142 143 142 141 143 142 137 137 139 146 141
 139 144 141 143 144 145 146 147 148 148 146 145 148 149 150 149 149 150
 151 152 150 151 152 152 153 155 156 157 156 154 155 157 158 157 156 157
 155 158 159 158 157 157 160 163 160 164 158 162 165 161 154 118  64  61
  59  59  59  61  60  57  54  55  60  63  62  63  65  62  60  56  54  53
  50  51  53  51  48  48  51  53  52  51  58  67  84 122 166 172 176 181
 180 181 181 181 181 183 184 184 184 183 185 184 183 183 186 188 188 187
 188 190 190 188 189 190 192 194 193 196 196 194 195 196 195 196 194 197
 199 198 197 198 199 200 201 202 202 201 200 200 199 198 197 197 198 201
 202 203 204 206 207 209 210 211 211 211 211 211 214 216 215 215 215 216
 210  29]"
"[ 29  29 128 129 129 130 130 130 128 130 133 135 136 137 137 137 138 137
 139 140 139 138 139 139 142 143 143 142 143 144 143 141 143 143 144 144
 144 144 143 142 147 146 146 146 149 150 148 146 148 150 153 153 151 151
 152 154 153 150 150 152 155 156 157 157 157 157 157 157 156 156 157 159
 158 160 160 158 158 160 161 161 161 163 162 159 161 164 159 150  92  57
  63  60  58  52  61  56  56  57  63  65  61  63  65  59  59  55  53  53
  52  49  49  50  50  49  50  52  53  53  55  58  80 114 157 175 182 179
 181 181 178 177 179 184 187 187 187 188 186 186 186 186 187 189 189 188
 188 189 189 188 187 188 190 191 192 193 195 195 195 195 194 194 196 198
 200 200 199 198 199 201 199 200 201 200 200 201 200 198 196 197 200 202
 203 203 205 207 203 207 209 210 211 211 211 213 213 214 214 216 218 216
 213  29]"
"[ 30  29 128 131 131 131 131 132 132 133 135 136 138 138 138 139 139 139
 140 139 136 137 140 139 141 140 141 142 143 144 143 142 143 143 143 144
 145 145 145 146 145 145 145 145 146 147 147 147 148 150 152 152 151 150
 152 153 152 150 149 152 154 155 156 157 156 157 157 156 155 155 157 158
 158 160 162 162 162 162 162 162 163 163 161 160 162 163 161 156 120  61
  57  60  58  54  54  56  58  59  65  68  64  65  66  61  58  56  55  55
  54  51  50  51  49  49  50  52  52  52  55  59  75 103 140 170 180 182
 184 182 179 179 181 184 187 186 186 187 187 187 187 186 187 189 189 188
 189 189 189 189 188 188 190 192 192 193 194 195 195 195 195 195 196 198
 200 200 198 198 199 200 200 201 201 201 201 201 200 199 198 199 200 201
 202 203 205 206 206 208 211 212 210 210 212 214 214 215 215 217 219 218
 215  30]"
"[ 29  28 128 132 132 132 131 132 135 135 135 136 137 138 138 138 138 139
 141 139 137 140 143 142 141 139 140 142 144 144 144 145 142 142 143 144
 145 146 146 147 145 146 146 145 144 146 148 150 149 151 152 152 151 150
 151 152 150 149 150 153 155 155 155 154 157 159 159 155 154 155 157 157
 157 159 162 162 162 162 162 162 163 161 160 161 161 161 161 163 147  82
  57  60  58  56  52  54  57  59  65  68  65  66  66  62  54  54  54  54
  54  53  52  51  49  49  49  50  49  49  53  58  73  94 124 165 180 184
 183 182 181 182 184 186 186 185 185 187 187 187 187 186 187 188 188 188
 189 189 189 189 189 190 191 192 192 193 194 194 195 195 196 196 197 198
 199 199 198 198 198 199 200 201 202 201 201 201 201 200 199 200 201 201
 202 203 205 207 205 207 212 214 210 211 214 215 214 215 215 217 219 219
 214  30]"
"[ 29  29 129 133 132 131 131 134 136 136 135 135 136 137 138 138 136 137
 140 141 140 142 143 142 142 140 140 144 146 145 145 146 142 143 145 146
 146 146 145 145 145 147 148 146 146 147 151 153 151 152 152 151 151 151
 152 153 148 148 151 156 158 157 154 153 158 160 159 155 154 157 159 159
 158 159 160 160 160 160 161 162 162 160 160 161 161 160 162 165 160 116
  67  59  62  54  53  53  55  56  61  64  65  66  65  61  54  54  52  51
  52  53  52  49  48  48  47  46  46  47  51  55  59  79 104 150 178 182
 180 183 182 183 186 187 185 184 185 186 187 186 186 186 186 187 188 189
 188 189 190 191 192 193 193 194 193 193 194 194 195 195 196 197 197 197
 198 199 199 199 199 199 201 202 202 202 201 201 201 202 200 201 202 202
 203 205 207 208 202 203 210 214 210 212 215 214 215 216 216 217 219 219
 214  29]"
"[ 29  30 131 133 131 130 132 136 138 137 136 136 137 138 138 139 140 138
 140 143 143 142 141 141 142 140 140 144 146 146 145 146 144 145 146 146
 146 146 146 146 146 147 148 147 148 149 152 154 154 153 152 151 150 151
 152 153 149 149 152 156 158 157 156 156 160 160 157 154 154 159 161 159
 159 160 160 160 159 160 161 162 162 161 161 161 162 162 163 164 167 146
  88  57  60  52  50  54  52  53  56  60  64  65  64  61  57  55  52  50
  51  54  52  48  48  46  44  43  44  47  51  54  52  69  88 132 174 183
 178 182 181 183 186 186 185 183 184 186 187 187 187 187 187 188 189 190
 189 190 191 193 194 195 195 194 194 194 195 195 195 195 196 197 196 197
 198 199 200 200 200 200 201 202 202 202 201 201 201 202 200 202 203 203
 204 206 207 207 204 203 208 212 210 212 216 213 216 217 217 217 219 219
 215  29]"
"[ 28  31 131 132 130 131 134 137 138 137 137 137 138 139 139 140 142 139
 140 144 144 142 143 145 142 139 139 141 144 145 145 145 145 146 145 145
 144 145 147 148 147 148 148 149 149 151 152 153 154 154 153 151 150 150
 152 153 152 151 151 154 156 157 158 159 160 159 156 154 155 159 161 160
 160 159 160 161 161 160 160 161 162 162 162 161 162 164 164 162 166 165
 121  64  51  56  49  49  51  52  55  59  63  64  63  61  57  54  50  49
  52  56  55  51  48  46  44  43  44  48  51  54  56  64  77 115 163 184
 180 181 182 184 187 187 186 185 186 187 188 187 187 188 188 187 188 189
 190 190 191 192 193 194 193 193 194 194 195 195 195 196 196 197 196 197
 198 199 200 201 201 202 202 201 201 201 201 201 201 202 201 203 203 203
 204 205 206 205 210 207 208 210 209 212 215 214 215 217 218 217 218 218
 215  29]"
"[ 29  31 131 131 130 133 136 138 137 137 138 139 139 140 141 141 142 140
 141 144 143 143 145 147 144 142 140 140 142 145 146 145 145 146 146 146
 146 147 148 150 148 149 150 150 150 151 152 152 153 153 153 151 150 150
 151 152 153 151 151 153 155 156 158 160 160 158 156 155 157 159 160 160
 160 159 160 161 162 161 161 161 163 163 163 162 163 164 164 163 165 172
 153 101  56  59  54  49  53  56  58  62  65  64  63  63  57  55  52  53
  55  57  57  55  50  49  46  44  44  47  51  53  54  53  66  98 138 179
 182 182 183 185 187 187 187 187 188 188 187 186 187 188 188 187 188 189
 191 190 189 190 191 192 192 192 193 194 195 195 196 196 196 196 196 198
 199 200 201 201 202 202 203 201 200 201 201 200 201 202 202 203 204 203
 204 206 207 206 212 211 209 210 211 213 215 215 215 218 219 217 218 218
 213  28]"
"[ 29  32 131 131 131 136 138 138 137 138 139 140 141 141 142 142 140 141
 143 143 141 141 143 144 148 145 142 140 142 145 147 146 146 147 149 150
 150 150 150 151 149 150 151 150 150 150 151 151 152 152 152 151 150 149
 150 151 152 151 151 153 155 155 157 158 159 158 157 157 158 159 159 160
 161 160 159 161 162 162 162 163 166 165 164 164 164 164 165 166 167 170
 169 146  74  56  60  58  56  60  64  66  68  66  64  66  62  60  58  58
  58  57  56  54  52  51  48  45  43  45  49  51  56  51  63  90 116 169
 180 180 182 184 186 186 186 187 187 187 186 186 187 189 189 188 189 190
 192 190 189 189 191 192 193 193 193 193 195 195 196 196 196 196 197 198
 200 200 201 201 202 202 203 201 200 201 201 200 201 202 203 204 204 203
 204 207 209 208 211 211 211 211 214 215 215 215 216 220 221 219 218 218
 213  29]"
"[ 29  29 134 134 135 137 138 138 138 138 140 140 140 142 142 139 137 139
 140 141 143 142 142 144 146 144 142 142 144 146 146 146 146 146 147 151
 151 148 147 149 150 150 151 151 151 150 149 149 150 151 150 150 152 151
 150 151 150 152 153 154 154 156 157 158 159 159 158 157 157 157 158 159
 161 159 160 162 162 162 164 164 166 165 165 165 165 165 166 168 169 166
 169 164 113  65  61  63  62  64  65  65  67  66  64  64  64  61  59  60
  60  59  57  56  53  52  46  42  44  45  46  51  49  54  55  84  96 161
 171 180 179 180 184 182 188 187 187 187 187 187 187 188 188 188 188 189
 188 188 187 187 190 193 195 196 196 195 194 195 195 195 196 197 198 198
 199 200 201 201 202 204 203 203 203 202 202 202 203 204 201 204 205 204
 206 209 210 209 210 211 212 212 213 215 216 216 216 218 220 220 219 218
 214  28]"
"[ 29  29 134 135 136 137 138 138 140 139 139 138 138 141 142 139 138 139
 139 141 145 145 142 141 143 143 144 145 145 146 146 147 149 147 147 149
 149 147 147 149 151 151 150 151 152 153 152 152 149 150 151 152 154 152
 149 149 150 151 153 154 156 158 160 161 160 160 159 158 157 157 158 159
 160 159 160 163 164 164 164 163 161 163 165 167 166 166 166 166 164 164
 167 172 142  96  65  67  69  67  64  63  64  63  62  64  67  64  61  61
  61  59  58  57  57  55  49  46  46  45  44  46  52  49  47  71  84 137
 167 178 179 180 183 179 185 186 188 188 188 188 188 188 188 188 188 188
 189 190 192 193 194 195 195 194 195 195 194 195 195 196 196 197 199 199
 199 200 200 201 201 202 203 203 203 202 202 202 203 204 203 204 204 204
 206 209 209 208 210 211 213 214 215 215 215 215 216 217 220 220 220 219
 214  28]"
"[ 29  29 135 136 137 137 138 138 139 138 138 137 137 141 142 140 138 139
 140 141 145 146 144 142 144 146 147 147 146 145 147 149 152 149 147 147
 146 146 147 149 150 148 147 147 150 152 152 152 150 151 152 153 154 151
 148 147 149 150 152 153 155 158 160 160 159 159 160 159 158 157 157 158
 159 158 161 164 165 164 163 161 162 164 166 165 165 167 168 169 170 168
 164 169 160 123  70  68  68  66  64  64  66  65  64  66  65  62  60  59
  59  58  58  58  58  57  53  50  50  48  45  45  46  46  52  70  75 106
 156 178 178 182 183 181 185 186 188 187 188 188 188 188 188 188 188 188
 190 192 195 196 195 195 194 193 195 194 195 196 196 196 197 198 200 199
 199 200 200 200 201 201 203 203 202 203 203 203 203 203 204 204 203 204
 206 209 210 208 210 212 214 216 216 216 215 215 216 217 219 220 220 219
 214  28]"
"[ 29  29 136 137 138 138 138 138 137 137 138 138 139 142 143 140 138 141
 142 141 142 143 143 144 147 147 147 146 144 145 148 151 153 150 148 147
 147 147 149 151 151 150 149 149 151 153 154 153 153 154 153 153 153 150
 147 147 150 150 151 151 153 156 158 158 158 159 160 160 159 158 158 158
 159 159 162 165 164 164 163 161 166 167 167 165 166 169 171 170 165 167
 165 167 168 143  88  64  65  66  66  66  68  68  68  68  64  61  59  58
  58  57  57  58  57  57  55  53  51  49  47  46  48  51  59  65  63  78
 134 176 176 180 182 184 188 187 188 186 187 187 187 188 188 188 189 189
 192 193 194 194 194 194 194 193 194 194 195 196 197 197 199 200 201 200
 200 201 202 202 202 203 204 203 202 203 203 203 203 202 203 204 204 205
 207 209 210 210 210 211 213 215 215 216 216 217 217 218 219 219 219 219
 215  29]"
"[ 29  30 137 138 138 138 138 138 136 138 140 140 139 142 144 141 142 144
 144 142 142 142 141 142 145 145 144 143 143 144 147 150 151 150 148 147
 148 150 151 151 151 151 151 151 151 152 153 153 154 155 154 154 153 150
 148 148 150 151 151 152 153 156 157 158 158 160 161 161 160 159 159 159
 160 161 165 166 164 164 166 166 166 167 167 167 168 170 169 166 169 169
 168 165 169 161 129  82  66  69  68  64  65  68  69  69  66  63  61  60
  60  58  58  58  58  58  57  55  51  50  49  47  48  51  58  62  66  76
 116 165 177 181 180 185 187 186 187 187 187 186 187 188 188 189 189 190
 192 192 192 193 194 195 195 194 195 194 195 195 196 197 199 200 202 201
 202 202 203 203 203 204 205 204 202 202 203 203 202 201 202 204 206 207
 208 209 210 211 210 211 212 212 212 214 216 218 220 219 219 218 218 219
 215  29]"
"[ 28  30 137 138 138 138 138 138 138 139 141 139 138 141 144 143 145 145
 143 144 147 146 143 143 146 145 145 144 144 144 144 144 147 147 147 146
 148 150 151 150 148 150 151 151 150 149 150 151 151 153 153 153 153 151
 148 148 150 151 152 152 154 156 158 158 159 159 160 161 160 160 159 158
 159 162 166 166 164 164 167 168 167 166 166 165 167 168 168 165 165 167
 172 172 174 170 149  86  68  71  69  65  65  67  68  68  66  63  62  62
  63  62  62  62  58  58  58  55  52  52  52  50  47  51  58  60  66  73
  90 136 180 185 182 186 184 184 187 188 188 187 187 188 189 188 189 189
 190 191 191 192 194 195 195 193 195 195 195 196 196 196 198 199 201 201
 201 201 201 201 201 203 206 204 203 202 203 203 202 201 202 204 207 208
 208 208 209 210 211 211 211 210 210 212 216 219 221 220 219 218 219 220
 215  29]"
"[ 28  30 137 138 138 138 138 138 138 140 141 139 137 139 143 144 146 144
 143 146 149 146 144 145 148 148 147 147 146 144 142 141 145 146 146 145
 147 150 150 148 149 151 153 153 152 152 152 153 151 152 152 152 152 150
 149 150 150 151 152 153 153 155 156 157 158 158 159 159 160 159 158 158
 158 161 165 165 163 163 165 165 167 166 165 165 166 167 168 168 167 166
 167 166 165 164 155 107  75  74  71  69  69  68  67  68  66  63  61  63
  64  65  65  66  60  58  58  56  53  54  55  51  49  52  57  58  64  75
  90 131 169 183 183 187 184 184 188 188 189 189 189 189 189 189 189 189
 190 191 193 194 195 195 194 193 195 196 197 198 198 197 198 200 199 199
 200 201 200 200 201 203 206 204 203 202 203 203 203 203 203 204 206 208
 208 208 209 210 211 212 212 212 212 214 217 219 219 219 219 220 221 221
 216  29]"
"[ 29  30 137 138 138 137 138 138 136 139 141 140 137 139 143 144 147 145
 144 145 144 141 141 145 148 148 148 147 146 145 144 144 147 148 147 146
 147 151 151 149 149 151 153 153 153 153 153 154 153 154 152 151 151 150
 150 153 152 153 154 154 153 154 155 155 157 157 157 159 160 160 159 159
 158 161 165 165 162 162 163 161 164 165 168 170 170 168 168 168 167 168
 167 170 169 170 166 141  88  81  73  70  70  67  67  71  69  65  62  63
  64  65  65  66  65  61  60  57  54  55  54  48  52  54  57  56  58  65
  75 103 148 172 179 186 184 186 190 188 190 189 189 190 190 189 189 190
 192 193 195 195 195 195 195 195 194 196 198 200 200 200 200 202 199 200
 201 202 201 201 203 205 205 204 203 202 203 203 204 204 203 203 204 206
 208 209 209 210 210 212 214 215 216 217 219 221 218 218 220 222 223 223
 216  28]"
"[ 30  28 138 138 135 140 137 139 137 140 142 140 139 141 145 146 146 144
 144 145 143 139 141 145 147 147 148 148 146 145 146 148 150 151 149 146
 146 149 151 151 151 152 153 153 152 152 151 151 152 153 153 151 150 151
 152 152 153 153 153 153 154 155 157 159 159 158 158 159 161 161 160 160
 159 161 162 163 162 162 162 162 166 165 167 170 171 170 169 168 168 168
 168 168 170 170 165 158 103  84  71  68  68  68  73  73  72  69  66  66
  66  64  64  66  66  63  59  58  57  55  52  50  50  50  48  54  55  59
  78  91 134 167 180 182 190 184 188 187 188 188 189 190 190 190 190 192
 194 194 195 195 196 196 195 194 195 195 196 198 200 200 200 200 200 200
 202 202 203 203 203 203 208 206 203 203 203 204 204 204 205 205 205 207
 208 209 210 210 213 213 214 215 216 217 219 220 216 220 217 223 222 223
 218  29]"
"[ 28  31 139 139 140 133 139 138 136 140 142 140 140 142 144 145 145 142
 141 142 141 140 141 145 146 146 147 148 147 146 148 150 150 151 149 147
 148 150 151 151 151 151 152 152 152 151 151 151 153 154 155 153 153 154
 154 154 154 154 154 154 155 156 157 158 159 157 156 158 160 161 160 159
 159 160 162 163 163 164 166 167 167 167 168 170 171 171 170 169 167 169
 169 168 168 167 165 163 117  81  69  74  67  70  76  71  71  70  69  69
  70  70  68  65  60  59  59  59  57  55  53  52  51  51  49  50  54  60
  73  82 121 159 185 185 190 188 189 189 187 187 188 190 191 191 192 194
 193 193 194 195 196 197 196 195 195 196 196 197 198 199 199 200 201 201
 202 202 203 203 203 203 206 204 203 203 204 204 204 204 205 206 207 209
 208 208 209 210 213 214 216 217 218 219 220 221 220 222 216 224 222 221
 215  29]"
"[ 32  25 137 137 138 137 140 133 136 139 141 141 141 142 144 144 144 143
 143 143 143 144 144 145 145 145 145 145 145 145 147 148 151 151 151 150
 151 152 152 150 151 152 153 153 153 152 152 152 151 153 153 152 152 153
 153 153 152 152 153 154 155 157 158 159 160 158 156 157 160 161 160 159
 159 160 161 162 161 162 164 166 168 169 169 168 170 171 171 169 167 169
 171 171 169 168 170 173 137 100  73  73  70  74  73  72  71  70  69  68
  69  70  66  61  59  58  58  60  62  61  57  54  54  54  50  45  49  56
  59  64  97 137 174 181 186 188 186 185 186 186 188 190 191 192 194 195
 191 192 193 194 195 195 195 195 198 198 199 199 199 200 201 201 201 200
 200 201 203 204 204 204 204 203 203 204 205 205 205 205 203 205 208 209
 209 208 210 212 212 213 215 216 216 217 218 219 220 222 225 217 225 226
 214  30]"
"[ 31  28 138 137 134 137 139 139 138 140 141 142 142 143 144 144 141 142
 144 144 144 144 143 142 147 147 146 146 146 147 147 148 149 150 150 150
 151 152 150 148 150 151 152 152 152 152 152 152 150 152 152 151 151 153
 153 152 152 152 152 153 155 157 158 159 161 159 158 159 160 161 160 160
 161 162 163 162 161 161 163 165 168 169 169 167 168 171 172 170 166 167
 169 170 168 167 170 174 148 119  78  78  79  74  67  71  72  69  67  66
  66  65  63  60  60  59  59  62  64  63  58  54  55  55  52  47  52  58
  56  62  89 121 159 178 184 185 186 188 186 187 188 189 190 192 193 194
 194 194 195 195 196 196 196 195 197 197 198 199 199 199 199 200 200 200
 200 201 203 204 204 203 203 203 203 205 206 206 205 205 205 207 209 211
 211 211 212 214 214 215 217 218 217 217 219 220 220 220 220 220 222 218
 220  28]"
"[ 27  31 138 137 139 136 137 139 138 139 140 140 140 141 142 142 143 146
 147 147 146 146 145 144 146 146 145 144 145 145 145 145 149 149 150 151
 152 152 150 149 151 151 152 152 152 151 152 152 152 153 152 151 152 154
 154 154 154 154 153 153 154 156 156 157 158 158 158 159 160 160 160 160
 159 161 162 162 162 162 164 165 165 166 166 164 165 168 169 168 169 169
 170 172 171 168 169 172 163 132  79  79  80  73  74  76  74  70  68  68
  67  65  64  65  64  65  67  67  64  60  58  57  54  54  54  51  55  58
  57  66  82 104 136 173 184 180 185 190 189 190 190 191 192 194 194 195
 194 194 194 195 195 194 194 194 196 197 199 199 199 199 199 200 202 202
 202 202 203 204 203 202 203 203 204 206 207 206 205 205 206 207 209 211
 211 211 211 211 212 214 215 215 215 215 217 219 216 226 223 218 221 227
 218  28]"
"[ 31  24 145 139 137 141 141 144 142 142 143 143 142 143 144 145 145 146
 147 145 144 144 144 144 148 148 148 147 147 148 148 148 148 149 150 151
 152 152 152 151 152 153 153 152 152 151 151 151 153 153 152 151 152 154
 154 154 154 153 153 153 154 156 157 158 157 157 159 160 161 160 161 162
 162 162 164 164 164 164 165 166 166 167 167 166 166 168 169 169 169 167
 168 171 172 170 170 171 168 153  94  78  82  79  77  74  74  70  69  71
  68  63  62  65  66  66  66  65  62  58  56  55  54  54  55  55  57  57
  58  67  68  83 111 162 187 186 188 189 188 189 189 189 190 192 192 192
 195 195 196 196 196 196 196 196 196 197 198 199 200 199 199 199 200 200
 201 202 203 204 203 202 204 204 204 206 206 205 204 204 205 205 207 209
 211 211 211 211 214 215 216 216 216 217 219 220 220 217 225 222 221 221
 218  28]"
"[ 29  31 137 144 138 143 139 140 143 143 143 143 142 142 143 144 146 145
 144 144 143 143 144 144 146 148 148 147 147 148 148 147 149 149 150 151
 152 152 152 152 152 153 153 152 152 152 152 152 154 154 154 153 153 155
 155 154 154 154 154 155 156 157 158 159 158 158 159 160 160 160 160 161
 164 165 165 165 164 164 164 164 167 166 167 167 167 167 168 168 168 168
 169 171 172 172 172 172 170 164 113  79  78  78  75  76  74  72  72  73
  71  67  66  67  68  66  65  65  65  63  60  58  54  55  55  58  60  59
  62  66  71  82 103 145 174 184 185 186 189 189 189 188 189 190 190 189
 191 192 192 193 193 193 193 193 194 195 195 196 197 197 196 195 197 197
 197 199 200 200 201 200 200 200 201 202 201 201 200 200 202 202 203 204
 206 207 207 207 211 211 212 213 213 213 214 214 218 213 213 217 218 215
 214  27]"
"[29 29 29 28 28 28 28 30 29 30 30 30 29 28 28 30 30 28 28 29 30 29 29 29
 28 29 30 29 29 30 30 29 29 28 28 29 29 29 29 30 28 29 29 29 29 29 29 30
 29 29 29 28 28 30 29 28 29 29 29 29 28 28 28 29 29 28 28 29 29 29 29 30
 29 29 28 28 29 29 29 29 29 29 29 30 30 29 29 30 29 29 30 30 29 28 28 29
 27 29 30 29 30 29 29 29 28 28 29 30 30 29 28 29 29 29 29 30 30 29 28 28
 30 30 27 31 30 27 30 27 28 31 28 28 28 32 27 30 29 29 28 27 28 30 30 28
 29 29 29 29 29 29 29 29 29 29 29 29 30 30 29 29 29 29 29 29 29 29 29 29
 29 29 29 30 29 29 29 29 29 29 29 30 30 29 29 29 28 28 29 29 29 29 28 29
 27 32 29 28 31 27 29 29]"
