"[29 29 29 29 30 29 29 30 30 30 28 29 31 30 30 29 28 28 29 29 29 29 29 28
 31 28 29 30 28 28 29 29 30 28 30 29 28 30 29 28 29 28 28 30 30 29 28 29
 30 29 29 28 29 29 29 29 29 30 29 28 29 29 28 29 28 29 29 28 29 30 30 29
 30 29 29 29 28 27 28 30 29 29 29 29 29 29 30 30 29 29 29 29 29 29 29 29
 29 29 29 29 29 29 29 29 30 29 29 29 29 29 29 29 28 28 30 30 29 29 29 29
 29 30 30 29 29 30 30 29 28 30 30 29 29 30 30 28 28 29 29 29 28 28 29 30
 28 29 29 30 30 29 28 28 29 29 29 29 30 30 31 29 30 29 29 29 29 30 29 28
 28 29 30 30 30 29 28 29 29 28 29 30 30 29 28 29 29 30 30 29 29 29 29 28
 29 29 29 33 30 29 29 30]"
"[31 30 28 28 29 29 28 28 29 29 29 28 27 27 29 30 30 30 29 30 29 29 29 30
 28 27 29 31 29 29 30 29 30 27 30 29 28 31 30 29 29 30 30 29 28 29 30 30
 29 28 28 28 28 28 29 28 28 29 28 28 30 30 30 30 30 30 30 29 29 30 29 28
 28 28 29 29 29 29 29 29 29 29 29 29 29 29 28 28 30 30 29 29 30 30 29 29
 28 28 29 29 29 29 29 29 28 28 29 29 29 30 29 29 32 31 29 28 28 29 29 30
 27 28 29 28 27 28 29 29 30 28 29 30 29 27 28 31 29 29 30 30 30 29 29 29
 31 30 29 28 28 28 30 31 29 29 29 30 29 28 28 30 30 30 30 29 29 29 29 29
 31 29 27 26 28 30 30 29 31 29 27 28 29 29 29 30 28 29 29 28 28 29 29 29
 31 23 31 24 28 31 30 29]"
"[ 30  30 103 105 104 101 102 100 101 100  99 100  99  97  95  94  92  90
  89  89  87  83  81  81  75  73  74  75  73  72  72  71  68  66  67  66
  64  65  63  62  60  62  61  57  53  53  52  51  54  54  53  53  52  51
  50  50  50  50  47  46  47  46  43  43  40  40  39  38  37  37  35  33
  31  32  32  31  32  34  34  33  34  34  34  34  34  34  33  32  31  31
  30  30  31  31  30  30  26  26  26  25  24  23  22  22  22  22  23  24
  24  24  23  23  19  17  16  17  21  25  28  29  35  38  42  44  46  51
  55  58  61  62  65  69  70  71  75  80  82  81  81  83  85  85  87  89
  88  89  91  93  94  95  96  97 102 102 104 109 112 111 112 115 114 114
 114 116 117 118 119 121 123 124 125 125 126 125 123 119 112 107 100  96
  93  91  89  88  89  89  93 102 112 123 133 140 140 149 146 156 160 183
 183  28]"
"[ 34  25 120 112 112 112 115 113 111 107 103 103 104 104 104 103 101  98
  96  97  96  92  91  92  90  87  85  84  82  81  81  79  72  70  73  73
  72  73  71  70  66  68  67  65  63  61  61  60  58  58  57  55  53  52
  52  52  52  51  49  48  49  49  46  45  46  47  47  47  45  43  40  38
  36  37  36  33  33  36  38  37  38  37  36  36  36  36  35  34  32  32
  32  32  33  33  32  32  30  30  29  28  26  24  24  24  24  24  24  24
  23  23  23  23  27  25  23  22  23  23  22  21  18  20  22  24  26  29
  33  36  42  48  51  51  52  57  63  67  70  70  70  73  74  74  75  78
  81  83  86  88  89  89  90  91  98  94  91  93  98 103 107 110 112 111
 111 112 113 113 114 115 117 120 122 121 120 122 125 126 130 125 120 116
 113 111 109 108 104  99  96  95  94  94  96  99 104 113 124 131 135 144
 146  30]"
"[ 28  30 114 118 122 122 120 117 118 116 115 115 112 109 108 109 110 106
 103 104 103 100 100 102 103  99  97  97  96  95  94  90  89  86  87  85
  81  79  74  72  71  68  67  69  69  67  67  68  68  67  65  63  62  61
  61  61  58  57  54  53  55  54  51  49  50  51  52  53  52  49  45  42
  44  46  44  40  39  41  43  43  42  41  39  38  38  37  37  36  34  34
  35  35  36  36  34  33  33  32  32  32  31  31  32  33  31  30  29  28
  27  27  27  27  24  24  24  25  25  24  23  23  21  20  19  18  18  18
  19  20  18  23  27  28  31  38  45  49  52  54  58  62  64  64  66  68
  70  72  74  76  77  80  83  86  85  85  85  85  89  95  98  98  93  93
  95  99 103 106 108 109 112 116 118 118 117 119 122 123 123 123 123 122
 123 124 124 125 124 122 121 121 118 112 108 108  97  94  93  97 105 109
 109  29]"
"[ 29  33 136 129 122 119 122 126 123 120 120 121 121 119 117 118 119 117
 116 117 115 111 109 108 110 108 107 107 105 105 103  98  97  94  97  97
  95  94  91  90  88  81  77  78  78  76  76  78  77  75  72  69  67  66
  66  65  69  68  64  62  63  61  58  56  55  55  57  58  57  54  51  49
  52  53  52  49  47  48  48  48  49  47  44  43  42  41  41  40  38  38
  38  38  39  38  36  34  34  32  32  33  33  33  33  35  33  32  30  29
  29  30  30  30  31  31  31  30  29  27  26  26  26  24  23  23  23  23
  23  23  23  21  21  22  22  22  25  29  27  29  32  35  38  42  48  51
  63  64  65  64  63  63  66  68  70  76  81  82  83  87  89  88  89  91
  92  94  96  97  98  97 104 105 107 110 112 112 112 112 113 116 119 121
 122 123 125 126 128 129 131 134 133 130 128 128 128 131 122 112 110 109
 102  30]"
"[ 29  27 173 170 169 166 161 153 154 145 136 131 128 124 121 120 124 122
 120 119 118 118 117 116 118 117 116 115 112 112 111 109 108 103 105 105
 102 101  98  98  98  93  89  89  89  88  88  89  89  86  82  79  77  75
  73  72  75  74  70  68  69  69  66  66  61  60  61  62  61  59  57  57
  57  56  54  53  52  52  51  51  53  51  50  48  47  46  46  46  44  43
  42  43  43  43  41  40  40  37  37  38  38  36  35  36  37  35  33  32
  33  33  33  33  32  32  32  32  31  30  30  29  28  26  25  25  25  24
  24  25  26  23  21  23  24  24  24  26  23  23  21  19  20  25  29  30
  35  38  43  46  48  52  57  61  62  65  65  65  66  71  76  77  77  83
  88  89  90  94  95  95  95  93  92  95  98 101 104 107 107 110 113 115
 116 119 121 122 121 123 126 127 129 131 133 135 134 135 130 128 128 127
 120  28]"
"[ 30  26 157 159 165 175 181 179 184 181 179 177 171 162 155 152 145 139
 129 121 120 123 128 131 123 123 122 119 116 117 120 120 119 114 115 114
 112 111 109 110 107 105 103 102 101 101  99  98 100  97  93  91  90  90
  88  86  86  84  79  75  75  73  71  70  69  68  66  67  67  65  65  66
  64  60  57  57  58  58  57  57  57  57  55  54  53  53  53  53  50  49
  47  47  48  48  47  46  44  41  41  43  43  41  39  38  38  36  34  34
  35  35  34  33  33  33  33  34  35  34  33  31  34  33  32  33  32  31
  31  32  30  30  27  26  27  30  28  24  24  25  23  20  21  23  23  20
  16  17  19  20  22  27  35  41  44  45  48  54  61  65  65  63  64  73
  80  82  82  86  89  89  93  92  93  95  93  91  92  96 102 104 106 106
 107 109 111 112 114 117 120 121 122 125 128 129 130 130 131 132 133 136
 133  29]"
"[ 30  28 111 112 114 121 124 118 128 147 164 171 175 178 182 186 187 186
 183 180 171 161 155 145 137 137 132 128 122 119 122 123 120 122 120 121
 120 117 117 114 116 113 115 112 110 110 108 112 110 110 108 105 102 101
 100  98  98  96  94  94  94  90  86  86  82  79  75  73  72  72  71  71
  76  74  70  67  65  64  64  63  62  61  62  60  60  61  58  58  61  59
  56  53  52  53  54  54  53  49  45  46  48  47  45  46  43  43  43  42
  40  38  37  37  39  36  33  34  35  35  33  33  33  34  35  35  34  34
  34  34  34  34  35  37  38  37  34  31  32  30  27  26  26  25  24  23
  26  24  22  24  25  24  20  16  20  22  24  27  32  38  44  47  53  55
  56  60  63  65  71  74  76  77  82  83  85  90  92  96  95  98  99  97
  95  98 102 105 105 106 108 113 116 118 121 123 120 125 124 131 129 128
 135  27]"
"[ 28  26 106 107 109 114 114 114 117 119 119 121 128 133 134 134 145 155
 162 170 174 172 177 182 182 183 179 174 166 158 154 150 143 138 131 130
 126 119 119 120 116 116 120 120 120 119 115 116 120 118 114 110 111 114
 111 105 109 108 104 102 102 101  98  98  95  96  95  91  87  84  81  79
  77  77  75  74  75  75  74  72  72  72  74  69  66  66  65  68  65  64
  62  60  59  59  59  59  58  56  52  51  53  53  51  52  49  48  48  48
  47  45  44  43  44  42  40  41  41  39  37  36  33  33  34  34  34  34
  34  34  34  37  38  36  35  37  39  38  37  37  36  35  34  33  32  31
  29  28  28  27  25  24  24  25  23  23  22  21  21  22  23  24  22  26
  29  36  42  46  53  56  60  64  71  74  76  78  79  82  84  86  91  95
  97  96  97 100  96  96  99 104 108 111 114 117 118 116 114 120 122 122
 124  28]"
"[ 32  29  99  95  94  95  93  98  99 102 105 108 111 111 114 118 122 124
 119 123 129 129 135 146 150 163 172 175 173 171 175 176 177 176 173 172
 168 159 155 152 143 137 130 122 119 121 121 123 129 124 122 125 126 122
 119 119 115 115 111 109 110 110 108 106 106 107 105 100  97  96  98  98
  94  93  90  87  86  86  82  77  74  74  76  75  73  73  69  68  71  71
  70  68  66  65  64  63  66  65  61  58  59  59  57  56  56  54  53  54
  54  53  51  49  49  49  48  47  45  42  41  41  40  40  40  40  39  37
  36  34  34  36  37  38  37  38  38  38  38  39  39  38  36  34  32  31
  30  30  31  31  30  30  31  33  30  29  28  27  26  26  25  25  25  26
  24  24  23  21  24  24  30  35  44  50  55  63  69  76  81  80  80  83
  85  88  92  97  98  96  94  95  97 100 104 107 106 110 114 115 116 117
 115  30]"
"[ 28  28  98  95  94  91  89  91  98  94  91  93  96  94  94  97  96  97
 100 108 113 109 105 105 115 119 119 120 123 129 134 133 144 150 152 156
 162 169 176 175 177 180 183 180 174 165 152 143 137 130 127 130 127 120
 118 123 128 128 124 119 120 120 117 114 114 113 112 111 111 109 108 107
 102 103 101 100 101 101  97  90  91  88  88  85  83  80  71  66  72  73
  73  73  74  74  72  71  73  75  71  66  66  67  66  64  64  62  61  62
  62  60  58  56  56  56  56  53  50  47  47  47  48  48  48  47  45  43
  39  37  38  37  39  41  41  37  35  37  34  34  34  32  30  27  25  23
  23  23  25  29  32  34  33  33  34  33  31  30  29  30  30  29  30  30
  27  27  26  25  28  28  26  25  27  26  27  31  33  37  41  49  58  64
  71  79  83  82  85  87  90  93  96  96  96  96  95  96  98 101 104 110
 110  28]"
"[ 30  34 121 117 117 110 109 102 106 100  94  94  97  94  91  92  92  89
  95  98  94  94  96  95  97 102 105 108 111 114 114 109 116 120 118 118
 120 126 133 133 146 153 161 167 171 174 176 174 172 172 170 168 164 159
 151 145 138 137 131 124 123 124 121 117 123 117 113 116 120 120 119 118
 113 111 107 104 106 108 108 105 103 101 100  97  95  95  91  91  84  83
  82  82  82  82  78  75  75  78  75  71  72  74  72  70  70  70  69  70
  69  67  66  65  64  64  64  62  59  57  57  57  58  57  55  54  53  51
  50  48  48  47  46  45  44  42  41  40  32  30  28  26  24  23  21  19
  19  18  20  24  29  33  35  36  39  38  36  35  34  36  37  37  37  38
  35  33  31  29  31  29  31  28  29  28  29  29  26  25  24  28  30  30
  35  45  55  58  61  64  69  76  82  88  92  94 102  98  95  99  95  97
 104  28]"
"[ 29  27 145 136 134 130 134 126 119 121 122 121 117 109 105 105  96  90
  97  98  87  86  89  86  86  91  91  89  86  88  95  98  99 101 103 110
 113 113 117 119 117 121 122 124 126 130 137 140 151 158 167 175 180 183
 183 183 178 178 172 164 160 155 148 143 137 128 120 121 125 127 128 128
 123 123 123 123 123 122 119 117 120 116 114 110 109 109 105 103 103 101
  98  96  95  93  89  85  83  85  82  79  79  79  77  75  76  75  75  75
  74  72  71  71  69  70  71  70  69  68  67  65  66  64  61  59  57  57
  57  58  56  56  53  50  53  54  45  33  28  25  22  20  20  20  19  18
  20  19  19  20  22  26  33  39  37  37  37  37  37  38  39  40  41  43
  42  41  39  37  36  33  32  29  29  28  29  30  25  23  29  30  30  28
  25  24  25  26  37  37  37  41  50  62  74  80  82  89  90  95  93  98
 103  29]"
"[ 31  26 191 178 172 165 163 157 151 152 148 146 146 145 141 139 135 124
 126 124 116 113 109 107 104 103  97  95  94  93  92  89  93  90  88  93
  95  92  94  95 101 104 105 109 110 112 120 123 120 119 122 126 125 124
 129 137 152 158 164 171 180 186 188 189 183 180 175 171 166 159 150 144
 137 132 126 122 120 122 128 133 128 125 124 122 122 124 120 118 114 113
 111 110 110 109 108 105 101 102  99  96  95  94  90  88  86  85  84  83
  81  80  79  79  77  77  75  74  75  75  74  72  72  70  67  63  61  60
  60  61  62  61  59  57  57  52  38  23  23  22  19  17  17  18  18  18
  17  18  18  16  15  17  24  31  36  38  40  40  39  38  37  36  42  45
  43  43  41  39  38  34  28  25  24  22  23  25  23  24  28  30  33  34
  34  33  32  32  40  39  36  32  31  32  33  34  41  49  53  63  75  85
  86  29]"
"[ 29  30 239 246 246 237 226 219 197 195 187 177 173 171 165 159 154 144
 144 146 144 140 133 136 138 136 128 125 121 115 113 110 104 101  95  95
  96  94  94  90  93  94  91  93  93  93 101 105 102 103 106 110 113 115
 117 118 118 120 121 122 127 133 136 139 152 160 169 174 179 183 184 181
 178 176 174 169 160 149 144 144 138 136 135 128 123 123 123 126 125 124
 122 120 118 117 116 115 112 112 110 108 108 107 103 101  99  96  94  93
  91  89  87  87  86  83  79  77  78  80  80  78  77  76  75  73  71  69
  68  68  67  65  65  63  52  37  26  22  22  21  20  18  17  18  19  20
  17  18  19  19  17  17  20  23  27  31  37  39  38  36  34  32  33  35
  32  30  28  26  26  22  22  21  23  21  20  22  22  24  23  28  31  30
  35  43  46  44  43  43  42  40  39  40  39  38  38  38  37  41  42  38
  46  30]"
"[ 30  29 246 253 253 253 254 253 252 252 252 250 245 238 232 228 220 208
 191 178 169 164 159 155 158 153 148 145 143 139 137 137 132 128 124 123
 121 115 108 105 106  99  93  92  90  89  92  97  93  94  95  89  89  89
  97 105 101 102 104 107 111 113 115 118 118 118 125 125 135 138 143 153
 161 169 176 179 185 183 189 186 179 176 176 162 158 147 143 137 131 129
 126 126 126 122 121 124 122 122 121 120 119 115 113 115 111 111 106 105
 103 106 101  98  97  97  95  90  85  85  88  87  87  83  78  80  81  80
  80  77  75  75  69  58  44  25  24  22  19  19  18  17  17  18  19  19
  18  19  19  18  17  17  16  17  20  20  22  25  29  30  28  26  26  24
  23  23  23  22  20  19  20  20  19  19  19  19  20  21  23  23  25  24
  31  44  51  52  50  57  56  53  51  46  43  41  41  37  39  43  40  40
  43  29]"
"[ 29  29 246 253 253 253 253 253 252 252 253 253 253 253 252 252 254 252
 251 251 250 246 240 235 220 214 205 196 186 173 163 158 156 152 148 148
 146 142 137 134 133 130 129 129 125 117 110 107 106 105 105  99  99  96
  95  92  96  94  92  94  96  95  95  98  98  96 100 102 111 111 110 114
 117 120 122 125 134 138 146 145 159 162 173 175 182 183 186 187 181 179
 173 165 160 154 144 138 132 129 124 122 123 121 119 118 121 122 124 121
 117 113 113 113 106 106 107 106 105 104 102  97  98  98  91  87  86  87
  87  82  79  78  67  46  32  24  25  21  19  19  18  18  17  17  18  18
  19  19  18  18  17  16  16  16  15  15  16  18  20  21  20  18  20  19
  20  21  22  22  21  20  19  19  19  18  18  19  19  20  19  20  23  21
  22  30  42  54  57  62  62  62  63  62  64  66  61  60  60  58  52  50
  51  26]"
"[ 29  29 246 252 252 252 253 252 253 253 252 252 252 252 253 253 253 253
 253 253 254 254 253 253 254 254 252 251 247 242 237 235 222 216 208 200
 191 181 171 166 156 151 146 143 143 142 140 139 135 131 130 121 117 115
 115 108 103  99  95  96  96  91  87  88  89  90  94  95  98  95  93  96
  94 100 108 113 113 108 114 118 118 121 130 133 139 145 151 157 162 168
 170 169 171 175 176 175 170 166 160 155 151 146 140 136 133 129 129 126
 128 123 124 123 120 118 118 118 117 117 114 108 108 107 104 105 104  99
  98  95  90  79  61  34  24  23  24  21  20  20  19  18  18  17  17  17
  20  19  18  17  16  16  16  16  17  16  16  16  18  19  18  18  19  19
  20  21  21  21  20  20  19  19  19  19  19  19  19  19  19  18  19  18
  19  21  32  50  57  60  60  63  64  66  72  75  71  71  70  72  71  73
  73  31]"
"[ 29  29 246 252 252 252 252 252 252 252 252 251 251 251 251 251 252 252
 252 252 252 252 252 252 253 252 253 253 253 252 252 253 252 252 254 254
 253 246 237 231 226 218 206 193 184 175 166 159 155 152 155 150 145 140
 139 130 140 136 132 129 125 115 105 100  95  95  96  95  93  89  88  90
  86  90  91  90  95 102 104  99 101 104 111 114 115 116 116 119 121 123
 121 120 124 130 139 148 163 170 179 184 183 180 178 175 170 161 152 145
 144 138 133 127 124 123 124 124 122 123 124 122 122 120 115 115 114 110
 108 105  88  67  47  28  25  25  23  22  22  21  20  19  18  18  18  18
  19  19  18  17  17  17  17  16  17  16  15  16  17  18  18  18  19  19
  20  21  20  19  19  19  20  20  19  19  19  19  19  19  19  19  18  18
  21  20  25  43  57  59  59  62  63  64  69  70  72  73  71  76  78  81
  83  30]"
"[ 30  29 246 252 252 252 252 252 251 251 252 253 253 253 253 253 251 252
 252 253 253 253 252 252 252 252 252 252 252 252 253 253 253 252 250 250
 252 253 254 254 252 252 252 252 254 252 247 241 232 219 211 202 193 183
 180 172 164 161 154 147 146 145 141 139 140 135 129 126 119 113 108 104
 100  97  93  90  86  85  86  90  90  88  89  88  89  94  96 100 101 105
 107 110 114 115 115 116 112 116 121 123 125 135 149 155 163 168 172 178
 180 182 178 174 165 162 159 153 145 138 131 126 117 120 117 117 122 123
 111  90  65  46  34  24  26  26  23  23  23  22  20  19  18  18  18  19
  19  19  18  19  19  19  18  18  16  16  16  16  17  18  18  18  16  17
  18  19  19  18  19  20  21  20  19  19  19  19  19  20  17  19  20  19
  21  20  23  36  58  63  64  65  66  67  70  69  70  72  71  74  72  72
  79  27]"
"[ 30  29 246 252 252 252 253 252 253 253 252 252 252 251 251 251 254 253
 252 251 251 252 252 252 252 253 252 252 251 251 250 250 252 252 252 253
 253 253 252 251 253 252 252 252 254 254 253 252 254 249 252 254 252 246
 245 242 238 233 219 202 191 184 175 169 158 157 153 155 149 145 143 139
 135 127 123 124 119 112 104 106  99  97  98  95  96  96  92  89  93  96
  93  88  88  93  97  99 101 102 105 105 103 110 116 116 116 122 123 128
 130 143 150 156 167 165 167 170 171 172 170 166 163 159 147 139 132 115
  84  51  40  34  30  23  25  23  23  22  21  21  19  18  18  18  18  19
  18  18  18  19  19  19  18  18  18  17  17  18  19  19  18  17  16  16
  17  18  18  18  19  20  22  21  21  20  19  19  20  21  20  19  19  17
  20  23  23  29  57  70  72  70  72  73  74  73  73  72  72  72  71  70
  78  28]"
"[ 29  29 246 252 252 252 253 252 252 252 252 252 252 252 253 253 250 250
 251 253 254 253 252 251 250 251 252 252 253 253 254 253 253 252 251 251
 251 252 253 252 252 252 252 252 252 252 251 251 253 252 253 252 253 249
 253 254 250 254 254 254 253 250 242 237 234 230 219 210 189 175 165 156
 149 155 155 146 137 141 136 133 134 128 125 114 115 113 111 105 100 103
 100  92  88  88  90  94  94  92  92  90  88  95  99  95 101 105 108 109
 108 110 110 110 117 116 120 125 129 133 136 135 143 156 160 140  99  58
  38  32  30  30  28  24  23  20  22  19  20  19  18  18  18  18  19  19
  17  18  18  18  18  18  18  18  17  16  16  17  18  18  17  15  17  17
  18  19  19  19  19  20  22  22  22  21  20  19  20  21  23  20  20  18
  20  24  23  23  51  75  82  78  81  82  81  81  81  79  79  78  80  77
  79  27]"
"[ 29  29 246 252 252 252 252 252 251 252 252 252 252 252 252 251 253 253
 252 252 252 252 252 253 253 253 252 251 252 252 252 251 251 252 252 252
 252 253 253 252 251 252 252 253 252 251 252 253 253 252 252 250 254 253
 253 251 252 253 253 252 253 254 253 253 253 253 250 254 252 252 251 246
 241 227 216 213 204 193 172 166 161 158 158 145 148 144 141 132 135 132
 128 125 121 113 109 111 103  99  96  90  85  89  92  86  82  84  89  87
  87  83  86  89  94  96 101 105 105 107 110 112 113 104  80  54  32  23
  27  30  30  28  24  23  25  20  23  20  18  18  18  18  19  19  19  20
  19  19  20  19  19  19  19  20  18  17  16  17  19  19  18  16  16  16
  17  19  20  20  20  21  21  22  22  21  20  19  19  21  21  21  25  22
  18  18  20  22  41  75  86  83  87  89  87  87  81  83  89  86  87  83
  81  30]"
"[ 29  29 246 252 252 252 253 252 252 252 252 252 252 252 252 252 252 252
 252 252 252 252 252 252 252 252 252 252 252 252 252 252 252 252 252 252
 252 252 252 252 252 252 252 252 252 252 252 252 252 252 252 252 252 252
 252 252 252 252 252 252 252 252 252 252 252 252 252 252 253 253 253 253
 253 254 254 254 251 247 242 239 233 228 215 201 194 191 182 171 164 157
 152 149 147 142 136 133 127 130 123 122 117 107 107 102  98  88  91  91
  88  81  82  78  79  78  84  90  87  85  83  78  67  48  28  22  25  26
  25  23  25  24  23  23  22  21  20  18  21  20  19  18  19  19  19  19
  19  20  20  19  19  19  19  19  18  17  16  18  19  19  18  18  18  17
  18  19  19  20  20  21  19  20  22  23  21  18  19  22  22  22  22  21
  19  19  19  19  24  58  92  97  98  95  98  97  96  94  95  96  95  91
  94  29]"
"[ 29  29 246 252 252 252 253 252 252 252 252 252 252 252 252 252 252 252
 252 252 252 252 252 252 252 252 252 252 252 252 252 252 252 252 252 252
 252 252 252 252 252 252 252 252 252 252 252 252 252 252 252 252 252 252
 252 252 252 252 252 252 252 252 252 252 252 252 252 252 252 252 252 252
 251 251 252 253 253 253 252 252 251 254 255 253 254 255 248 240 230 225
 216 206 193 179 170 167 159 157 146 143 140 135 137 133 128 132 124 113
 111  99  95  91  89  83  78  71  65  60  46  26  18  17  18  23  24  22
  20  20  22  22  22  22  21  21  20  20  20  19  18  18  19  19  19  19
  21  22  22  20  19  18  18  17  17  16  16  17  19  19  18  19  18  18
  18  19  19  20  21  22  20  20  21  22  20  18  18  21  20  20  20  19
  19  19  20  21  24  40  86 103 103 105 105 106 105 103 103 105 107 105
 104  29]"
"[ 29  29 246 252 252 252 253 252 252 252 252 252 252 252 252 252 252 252
 252 252 252 252 252 252 252 252 252 252 252 252 252 252 252 252 252 252
 252 252 252 252 252 252 252 252 252 252 252 252 252 252 252 252 252 252
 252 252 252 252 252 252 252 252 252 252 252 252 252 252 252 252 252 252
 253 253 253 252 252 252 253 253 251 252 252 250 252 253 254 253 253 252
 253 254 255 253 253 254 241 229 210 202 197 186 175 161 159 152 150 146
 143 136 128 118 106  89  70  51  33  25  25  26  24  22  23  24  23  19
  18  19  18  20  21  21  20  19  20  20  20  19  18  18  19  19  19  18
  21  22  22  21  19  18  17  16  17  16  16  17  18  18  18  18  18  17
  17  18  19  19  20  22  20  20  20  20  19  17  18  20  18  18  18  18
  19  20  21  22  26  23  61 103 108 113 110 109 116 115 116 114 113 111
 112  29]"
"[ 29  29 246 252 252 252 253 252 252 252 252 252 252 252 252 252 252 252
 252 252 252 252 252 252 252 252 252 252 252 252 252 252 252 252 252 252
 252 252 252 252 252 252 252 252 252 252 252 252 252 252 252 252 252 252
 252 252 252 252 252 252 252 252 252 252 252 252 252 252 252 252 252 252
 252 252 252 252 252 252 251 251 253 253 253 252 251 251 252 252 253 252
 252 253 254 253 252 252 253 254 251 253 252 248 245 240 235 222 208 188
 183 173 140 121  77  50  29  25  24  22  23  25  22  18  15  17  20  19
  17  17  19  19  20  19  19  19  19  20  20  19  18  18  19  19  19  18
  19  20  21  20  20  19  18  17  17  17  16  17  17  18  17  17  17  17
  17  18  18  18  19  20  20  19  19  19  19  17  17  18  19  19  18  19
  19  20  22  22  22  18  33  96 120 122 123 122 114 115 117 117 116 115
 118  27]"
"[ 29  29 246 252 252 252 253 252 252 252 252 252 252 252 252 252 252 252
 252 252 252 252 252 252 252 252 252 252 252 252 252 252 252 252 252 252
 252 252 252 252 252 252 252 252 252 252 252 252 252 252 252 252 252 252
 252 252 252 252 252 252 252 252 252 252 252 252 252 252 252 252 252 252
 251 251 252 252 252 252 252 252 250 250 252 253 253 252 251 252 251 251
 252 252 252 251 252 254 250 253 253 254 253 252 253 254 254 251 251 252
 240 200 123  56  29  26  25  26  26  26  25  23  23  20  19  20  20  18
  18  18  20  19  19  19  19  19  20  21  20  19  18  18  19  19  19  18
  17  18  19  19  19  19  18  17  17  17  17  17  17  18  18  17  18  17
  18  18  18  17  17  17  19  19  19  20  19  18  18  18  20  19  19  19
  20  21  22  23  23  24  25  80 138 135 138 137 141 136 132 130 129 128
 132  28]"
"[ 29  29 246 252 252 252 253 252 252 252 252 252 252 252 252 252 252 252
 252 252 252 252 252 252 252 252 252 252 252 252 252 252 252 252 252 252
 252 252 252 252 252 252 252 252 252 252 252 252 252 252 252 252 252 252
 252 252 252 252 252 252 252 252 252 252 252 252 252 252 252 252 252 252
 253 253 253 252 252 252 252 252 254 253 252 252 252 251 252 253 253 253
 252 252 252 252 252 251 253 252 250 250 251 253 252 251 253 253 245 253
 231 145  64  27  24  26  24  22  23  26  24  20  20  18  17  18  19  20
  21  22  20  19  19  19  19  20  21  21  20  20  19  19  19  19  18  18
  17  18  18  18  19  19  18  16  16  16  17  17  17  18  19  18  19  18
  19  19  19  18  17  17  18  19  19  20  19  19  18  18  20  20  20  20
  21  22  22  23  23  20  21  50 140 147 146 143 145 145 147 149 149 147
 147  28]"
"[ 29  29 246 252 252 252 253 252 252 252 252 252 252 252 252 252 252 252
 252 252 252 252 252 252 252 252 252 252 252 252 252 252 252 252 252 252
 252 252 252 252 252 252 252 252 252 252 252 252 252 252 252 252 252 252
 252 252 252 252 252 252 252 252 252 252 252 252 252 252 252 252 252 252
 251 251 251 251 252 252 253 254 251 251 252 253 253 252 252 251 253 252
 250 251 253 254 253 251 251 252 254 253 251 251 252 254 249 251 253 241
 160  65  26  26  26  24  22  21  23  23  23  25  21  19  19  21  22  20
  17  14  18  19  19  19  19  20  20  21  20  20  20  20  19  18  18  18
  18  19  19  18  18  18  17  16  15  16  17  16  17  18  19  18  19  19
  19  20  19  18  18  18  17  19  20  19  19  19  20  20  20  20  20  21
  22  22  22  21  25  23  24  34 129 168 172 171 167 166 161 153 150 152
 155  27]"
"[ 29  29 246 252 252 252 253 252 252 252 252 252 252 252 252 252 252 252
 252 252 252 252 252 252 252 252 252 252 252 252 252 252 252 252 252 252
 252 252 252 252 252 252 252 252 252 252 252 252 252 252 252 252 252 252
 252 252 252 252 252 252 252 252 252 252 252 252 252 252 252 252 252 252
 252 252 253 253 252 252 251 251 252 252 253 252 251 252 252 253 250 252
 253 253 251 251 252 252 252 251 252 251 252 252 251 252 252 250 248 186
  79  32  24  31  25  26  24  23  23  22  21  23  20  19  19  19  20  19
  19  19  17  19  20  20  19  18  19  21  20  21  21  20  19  18  18  19
  19  19  19  18  18  18  17  16  15  16  17  16  17  18  18  18  19  19
  19  19  19  18  18  18  17  19  19  19  19  20  20  21  20  20  20  21
  21  21  20  20  19  25  22  25 102 166 182 188 195 196 194 188 186 185
 177  31]"
"[ 29  29 245 252 252 252 253 252 252 252 252 252 252 252 252 252 252 252
 252 252 252 252 252 252 252 252 252 252 252 252 252 252 252 252 252 252
 252 252 252 252 252 252 252 252 252 252 252 252 252 252 252 252 252 252
 252 252 252 252 252 252 252 252 252 252 252 252 252 252 252 252 252 252
 252 252 252 252 252 252 252 252 252 252 252 252 252 252 252 252 252 251
 251 252 254 253 249 252 251 253 254 249 252 252 248 251 248 248 220  89
  39  26  24  28  26  25  24  23  22  22  22  22  18  18  18  19  20  19
  18  18  19  19  20  20  19  18  19  20  20  21  20  20  19  19  19  18
  19  19  20  19  19  19  18  17  17  16  16  17  17  18  18  18  18  18
  18  19  19  19  19  19  19  19  19  19  18  19  19  20  20  20  21  22
  22  22  21  20  22  24  25  24  53 126 134 139 137 147 163 167 172 182
 186  32]"
"[ 29  29 245 252 252 252 253 252 252 252 252 252 252 252 252 252 252 252
 252 252 252 252 252 252 252 252 252 252 252 252 252 252 252 252 252 252
 252 252 252 252 252 252 252 252 252 252 252 252 252 252 252 252 252 252
 252 252 252 252 252 252 252 252 252 252 252 252 252 252 252 252 252 252
 252 252 252 252 252 252 252 252 252 252 252 252 252 252 252 252 253 253
 254 251 249 252 254 254 253 252 253 252 251 252 251 251 249 217 130  42
  34  23  27  25  24  24  23  23  22  22  22  22  21  20  19  20  20  19
  18  18  19  19  19  19  19  18  18  19  20  20  20  19  19  19  19  18
  19  19  20  19  19  19  18  17  17  17  17  17  18  18  18  18  17  18
  18  19  19  19  19  19  18  18  18  18  18  18  19  19  19  19  19  20
  21  22  22  21  23  25  25  23  34  94 119 125 133 138 137 136 143 147
 149  26]"
"[ 29  29 245 252 252 252 253 252 252 252 252 252 252 252 252 252 252 252
 252 252 252 252 252 252 252 252 252 252 252 252 252 252 252 252 252 252
 252 252 252 252 252 252 252 252 252 252 252 252 252 252 252 252 252 252
 252 252 252 252 252 252 252 252 252 252 252 252 252 252 252 252 252 252
 252 252 252 252 252 252 252 252 252 252 252 252 252 252 252 252 254 250
 251 253 252 253 252 247 252 250 251 252 250 249 248 243 200 129  57  26
  29  24  24  23  24  24  23  22  21  21  22  22  23  21  20  20  20  19
  18  18  19  19  19  19  19  18  19  20  20  21  20  19  19  19  19  18
  19  19  19  19  19  19  19  18  18  18  17  18  18  18  18  17  18  18
  19  19  19  19  19  19  18  18  18  18  19  19  19  19  19  20  19  18
  20  22  23  23  24  25  26  27  25  71 110 116 113 118 117 120 123 125
 127  32]"
"[ 29  29 245 252 252 252 253 252 252 252 252 252 252 252 252 252 252 252
 252 252 252 252 252 252 252 252 252 252 252 252 252 252 252 252 252 252
 252 252 252 252 252 252 252 252 252 252 252 252 252 252 252 252 252 252
 252 252 252 252 252 252 252 252 252 252 252 252 252 252 252 252 252 252
 252 252 252 252 252 252 252 252 252 252 252 252 252 252 252 252 251 252
 253 253 252 250 252 253 252 252 250 250 251 242 206 155  85  32  25  26
  23  27  24  27  24  24  23  22  20  20  21  23  23  21  20  20  20  19
  18  18  20  18  18  18  19  19  20  21  20  20  20  19  18  18  18  18
  18  19  19  18  18  19  19  18  18  18  18  18  18  17  17  17  18  18
  19  19  19  20  19  19  19  19  19  19  20  20  19  19  21  21  20  19
  20  23  24  23  22  24  30  35  32  66 113 122 115 115 113 117 113 119
 123  29]"
"[ 29  29 245 252 252 252 253 252 252 252 252 252 252 252 252 252 252 252
 252 252 252 252 252 252 252 252 252 252 252 252 252 252 252 252 252 252
 252 252 252 252 252 252 252 252 252 252 252 252 252 252 252 252 252 252
 252 252 252 252 252 252 252 252 252 252 252 252 252 252 252 252 252 252
 252 252 252 252 252 252 252 252 252 252 252 252 252 252 252 252 249 254
 252 251 253 252 252 251 249 251 249 241 211 153  95  53  35  28  32  26
  24  25  24  23  24  24  23  21  19  20  21  23  21  20  19  20  19  18
  18  17  19  17  17  17  18  19  20  22  20  20  20  18  18  18  17  17
  17  18  18  18  18  19  19  19  18  18  18  18  17  17  16  16  18  18
  18  19  20  21  21  22  20  19  19  19  20  20  20  19  20  21  20  19
  21  23  24  24  25  25  29  29  29  63 130 155 154 148 142 143 138 140
 139  28]"
"[ 29  29 245 252 252 252 253 252 252 252 252 252 252 252 252 252 252 252
 252 252 252 252 252 252 252 252 252 252 252 252 252 252 252 252 252 252
 252 252 252 252 252 252 252 252 252 252 252 252 252 252 252 252 252 252
 252 252 252 252 252 252 252 252 252 252 252 252 252 252 252 252 252 252
 252 252 252 252 252 252 252 252 252 252 252 252 252 252 252 252 253 253
 248 252 253 252 253 252 251 251 221 162  96  51  37  37  30  33  30  20
  26  25  24  25  23  23  22  20  19  20  22  23  20  19  19  19  19  18
  18  17  19  18  17  17  18  19  21  22  22  22  21  20  19  19  18  18
  17  17  18  18  18  19  19  18  17  17  18  18  17  17  16  16  17  17
  18  19  20  22  22  23  20  20  20  19  19  20  20  20  20  19  19  20
  22  23  24  24  23  23  27  28  31  66 150 181 165 166 160 162 164 162
 161  29]"
"[ 29  29 245 252 252 252 253 252 252 252 252 252 252 252 252 252 252 252
 252 252 252 252 252 252 252 252 252 252 252 252 252 252 252 252 252 252
 252 252 252 252 252 252 252 252 252 252 252 252 252 252 252 252 252 252
 252 252 252 252 252 252 252 252 252 252 252 252 252 252 252 252 252 252
 252 252 252 252 252 252 252 252 252 252 252 252 252 252 252 252 253 252
 251 253 251 249 253 246 230 162  86  43  30  32  32  30  32  24  27  25
  25  25  23  26  24  23  22  21  21  22  22  23  20  19  19  19  19  19
  18  18  20  19  19  19  18  19  20  22  23  23  22  21  19  19  19  18
  16  17  18  18  18  19  19  18  16  17  18  18  17  17  16  16  17  18
  19  20  21  21  21  21  21  21  20  20  19  20  20  21  20  19  19  22
  23  22  23  24  27  24  23  27  34  84 207 247 251 249 238 227 218 207
 199  27]"
"[ 29  29 245 252 252 252 253 252 252 252 252 252 252 252 252 252 252 252
 252 252 252 252 252 252 252 252 252 252 252 252 252 252 252 252 252 252
 252 252 252 252 252 252 252 252 252 252 252 252 252 252 252 252 252 252
 252 252 252 252 252 252 252 252 252 252 252 252 252 252 252 252 252 252
 252 252 252 252 252 252 252 252 252 252 252 252 252 252 252 252 251 253
 252 252 249 252 238 189 114  60  31  28  29  30  26  24  25  23  23  27
  23  23  26  22  25  24  24  23  23  23  23  23  22  20  19  19  19  19
  19  19  20  19  19  19  18  18  19  21  23  23  22  20  19  18  18  17
  16  17  18  18  19  19  19  18  16  17  18  18  18  17  16  16  18  19
  20  21  21  20  19  18  22  22  22  21  20  20  21  22  22  20  20  23
  24  22  22  25  23  27  28  34  30  74 215 252 254 252 254 254 252 252
 240  30]"
"[ 29  29 245 252 252 252 253 252 252 252 252 252 252 252 252 252 252 252
 252 252 252 252 252 252 252 252 252 252 252 252 252 252 252 252 252 252
 252 252 252 252 252 252 252 252 252 252 252 252 252 252 252 252 252 252
 252 252 252 252 252 252 252 252 252 252 252 252 252 252 252 252 252 252
 252 252 252 252 252 252 252 252 252 252 252 252 252 252 252 252 253 252
 251 252 249 215 146  68  35  28  25  29  30  26  23  25  24  24  24  24
  24  25  25  25  24  24  25  24  23  22  22  23  20  20  19  18  18  19
  20  20  20  20  20  19  18  18  19  21  22  22  22  20  19  19  18  18
  18  19  19  18  17  18  19  19  18  18  18  17  17  16  17  17  18  20
  23  22  21  20  20  19  21  22  22  21  20  20  20  20  21  20  20  20
  21  23  24  24  23  29  28  29  33  71 214 253 254 254 253 254 253 253
 244  30]"
"[ 29  29 245 252 252 252 253 252 252 252 252 252 252 252 252 252 252 252
 252 252 252 252 252 252 252 252 252 252 252 252 252 252 252 252 252 252
 252 252 252 252 252 252 252 252 252 252 252 252 252 252 252 252 252 252
 252 252 252 252 252 252 252 252 252 252 252 252 252 252 252 252 252 252
 252 252 252 252 252 252 252 252 252 252 252 252 252 252 252 252 250 254
 253 242 186  97  39  31  34  30  28  28  27  25  24  25  24  23  22  23
  23  24  25  25  24  24  23  22  21  21  22  23  22  22  21  20  20  20
  20  20  19  19  19  19  18  19  20  22  22  23  22  20  19  19  18  17
  18  19  19  18  18  18  19  19  19  19  19  18  17  16  17  17  17  19
  21  21  21  20  20  20  20  21  21  20  19  19  19  19  20  20  20  21
  22  23  24  23  24  30  31  31  38  77 212 254 253 253 252 252 252 252
 245  29]"
"[ 29  29 245 252 252 252 253 252 252 252 252 252 252 252 252 252 252 252
 252 252 252 252 252 252 252 252 252 252 252 252 252 252 252 252 252 252
 252 252 252 252 252 252 252 252 252 252 252 252 252 252 252 252 252 252
 252 252 252 252 252 252 252 252 252 252 252 252 252 252 252 252 252 252
 252 252 252 252 252 252 252 252 252 252 252 252 252 252 252 252 252 248
 245 198  93  37  30  33  30  30  29  25  24  24  24  24  23  22  21  21
  22  23  24  24  23  23  22  21  20  21  22  23  22  22  22  21  21  20
  20  19  18  19  19  19  19  19  21  22  23  23  22  20  19  19  18  17
  18  19  19  18  18  18  18  18  20  20  19  18  17  16  16  16  17  18
  20  20  21  21  22  21  22  22  22  21  20  20  19  19  20  20  21  21
  22  24  24  23  27  30  34  32  38  71 198 250 253 253 252 252 251 251
 243  29]"
"[ 29  29 245 252 252 252 253 252 252 252 252 252 252 252 252 252 252 252
 252 252 252 252 252 252 252 252 252 252 252 252 252 252 252 252 252 252
 252 252 252 252 252 252 252 252 252 252 252 252 252 252 252 252 252 252
 252 252 252 252 252 252 252 252 252 252 252 252 252 252 252 252 252 252
 252 252 252 252 252 252 252 252 252 252 252 253 253 252 252 252 252 250
 217 109  38  29  31  29  26  28  27  24  23  24  25  24  23  22  21  22
  22  23  24  24  23  22  21  20  21  22  22  23  20  21  21  20  20  20
  19  18  18  18  18  18  18  19  20  21  23  23  22  20  19  19  19  18
  18  19  19  18  18  18  19  18  19  19  19  18  18  17  16  16  16  18
  19  19  21  22  23  23  23  24  24  23  22  21  20  20  20  20  21  21
  22  23  24  24  27  28  34  35  37  64 195 253 253 254 253 252 252 252
 243  29]"
"[ 29  29 245 252 252 252 253 252 252 252 252 252 252 252 252 252 252 252
 252 252 252 252 252 252 252 252 252 252 252 252 252 252 252 252 252 252
 252 252 252 252 252 252 252 252 252 252 252 252 252 252 252 252 252 252
 252 252 252 252 252 252 252 252 252 252 252 252 252 252 252 252 252 252
 252 252 252 252 252 252 252 252 251 252 252 252 252 252 252 251 252 229
 105  49  28  37  31  30  26  26  25  25  25  25  25  25  23  23  23  23
  23  23  23  23  23  22  22  22  22  22  22  21  21  21  21  20  20  20
  19  19  18  18  18  18  18  19  20  20  22  22  21  20  19  20  19  19
  18  18  18  17  18  19  19  19  18  18  18  18  18  17  16  16  17  17
  18  19  20  22  23  23  23  24  24  24  22  22  21  20  20  21  21  21
  22  23  24  24  25  28  33  35  35  63 200 253 253 254 253 253 252 252
 243  29]"
"[ 29  29 245 252 252 252 253 252 252 252 252 252 252 252 252 252 252 252
 252 252 252 252 252 252 252 252 252 252 252 252 252 252 252 252 252 252
 252 252 252 252 252 252 252 252 252 252 252 252 252 252 252 252 252 252
 252 252 252 252 252 252 252 252 252 252 252 252 252 252 252 252 252 252
 252 252 252 252 252 252 252 252 251 252 252 252 252 252 252 250 241 140
  59  38  34  30  27  25  26  24  24  25  25  24  24  24  24  23  23  24
  24  24  23  23  24  24  23  23  23  22  21  20  21  21  20  19  19  19
  19  18  17  17  17  17  18  18  19  20  20  21  22  21  20  20  19  19
  18  18  18  17  17  19  19  19  17  17  18  18  18  18  17  16  17  17
  18  18  20  21  22  22  21  23  24  23  23  22  21  19  21  21  22  21
  22  23  24  24  24  29  31  32  35  65 200 252 253 253 252 252 251 251
 243  28]"
"[ 29  29 245 252 252 252 253 252 252 252 252 252 252 252 252 252 252 252
 252 252 252 252 252 252 252 252 252 252 252 252 252 252 252 252 252 252
 252 252 252 252 252 252 252 252 252 252 252 252 252 252 252 252 252 252
 252 252 252 252 252 252 252 252 252 252 252 252 252 252 252 252 252 252
 252 252 252 252 252 252 252 252 252 252 252 253 252 252 251 251 225  87
  41  36  34  33  30  25  25  24  24  24  24  23  23  23  24  23  23  23
  24  24  24  23  24  23  23  23  23  22  20  19  20  20  20  18  18  18
  18  18  17  17  17  17  17  18  19  19  20  22  23  22  20  19  19  19
  19  18  18  17  18  19  19  18  17  17  17  18  18  18  17  16  16  17
  18  18  19  20  20  20  20  21  23  23  23  22  21  20  21  22  22  22
  22  23  24  24  22  26  30  33  40  62 189 254 253 253 252 252 251 251
 243  29]"
"[ 29  29 245 252 252 252 253 252 252 252 252 252 252 252 252 252 252 252
 252 252 252 252 252 252 252 252 252 252 252 252 252 252 252 252 252 252
 252 252 252 252 252 252 252 252 252 252 252 252 252 252 252 252 252 252
 252 252 252 252 252 252 252 252 252 252 252 252 252 252 252 252 252 252
 252 252 252 252 252 252 252 252 252 252 252 252 252 252 251 250 189  56
  39  35  32  31  24  25  25  25  25  23  23  23  24  24  23  23  22  22
  23  24  24  24  22  22  23  23  22  21  21  20  19  19  19  19  19  19
  19  18  18  18  17  17  17  17  17  18  20  22  23  22  20  19  19  19
  19  19  18  18  18  18  18  17  17  17  18  18  18  18  17  15  16  17
  18  18  18  18  19  19  18  20  22  22  22  22  20  19  20  22  23  23
  22  23  23  23  23  24  30  33  39  48 165 251 254 253 251 252 251 251
 243  30]"
"[ 29  29 246 252 252 252 253 252 252 252 252 252 252 252 252 252 252 252
 252 252 252 252 252 252 252 252 252 252 252 252 252 252 252 252 252 252
 252 252 252 252 252 252 252 252 252 252 252 252 252 252 252 252 252 252
 252 252 252 252 252 252 252 252 252 252 252 252 252 252 252 252 252 252
 252 252 252 252 252 252 252 252 253 251 252 252 253 253 253 244 143  52
  34  35  33  30  25  25  24  25  24  24  24  25  24  23  23  23  24  24
  23  22  22  23  21  21  22  23  23  22  20  19  18  18  19  19  19  19
  18  18  18  18  17  17  17  17  17  17  19  21  22  23  21  20  19  19
  19  19  18  18  18  18  17  17  17  17  18  18  18  18  18  16  16  16
  16  17  18  19  20  20  22  22  23  23  23  22  21  21  20  21  23  23
  23  23  23  23  23  25  28  32  37  48 113 251 253 252 252 252 252 253
 243  29]"
"[ 29  29 246 252 252 252 253 252 252 252 252 252 252 252 252 252 252 252
 252 252 252 252 252 252 252 252 252 252 252 252 252 252 252 252 252 252
 252 252 252 252 252 252 252 252 252 252 252 252 252 252 252 252 252 252
 252 252 252 252 252 252 252 252 252 252 252 252 252 252 252 252 252 252
 252 252 252 252 252 252 252 252 252 252 253 252 251 252 249 231 113  51
  33  32  32  28  25  23  25  25  24  24  24  24  24  23  22  22  22  23
  23  22  22  22  23  23  23  24  23  22  20  19  18  18  18  19  18  18
  18  18  18  18  17  16  17  17  17  16  18  20  22  23  22  21  21  20
  19  18  18  18  17  17  17  17  17  17  17  17  18  18  18  17  16  16
  16  16  17  19  19  20  21  21  22  22  23  23  22  21  22  22  23  23
  23  22  23  23  24  24  27  31  33  36  91 238 253 253 252 251 251 253
 244  29]"
"[ 29  29 246 252 252 252 253 252 252 252 252 252 252 252 252 252 252 252
 252 252 252 252 252 252 252 252 252 252 252 252 252 252 252 252 252 252
 252 252 252 252 252 252 252 252 252 252 252 252 252 252 252 252 252 252
 252 252 252 252 252 252 252 252 252 252 252 252 252 252 252 252 252 252
 252 252 252 252 252 252 252 252 252 251 253 252 252 253 248 202  73  46
  31  31  31  29  30  26  25  25  24  24  24  24  23  22  22  21  22  23
  23  23  22  22  24  24  23  23  22  21  19  18  19  19  19  18  18  18
  18  18  18  17  17  16  16  16  16  16  18  19  21  22  23  22  21  21
  18  18  18  17  17  17  17  17  17  17  17  17  17  18  18  17  17  16
  15  15  16  17  18  19  19  20  21  22  23  23  23  22  23  23  24  23
  22  22  22  23  24  24  27  30  31  32  69 216 253 253 253 252 250 251
 245  29]"
"[ 29  29 246 252 252 252 253 252 252 252 252 252 252 252 252 252 252 252
 252 252 252 252 252 252 252 252 252 252 252 252 252 252 252 252 252 252
 252 252 252 252 252 252 252 252 252 252 252 252 252 252 252 252 252 252
 252 252 252 252 252 252 252 252 252 252 252 252 252 252 252 252 252 252
 252 252 252 252 252 252 252 252 252 251 252 251 253 253 248 161  56  46
  36  33  30  29  28  24  25  25  24  24  24  24  24  23  23  21  21  22
  23  23  23  23  23  23  23  23  22  21  20  19  20  20  20  19  19  19
  18  18  18  17  17  16  17  16  16  16  17  18  20  22  22  21  20  19
  18  18  18  17  17  17  17  18  17  17  17  16  17  18  18  18  17  16
  15  15  15  17  17  18  19  19  20  21  23  24  23  22  22  23  24  23
  22  21  22  23  23  25  28  29  35  38  57 190 252 252 252 254 252 250
 245  28]"
"[ 29  29 246 252 252 252 253 252 252 252 252 252 252 252 252 252 252 252
 252 252 252 252 252 252 252 252 252 252 252 252 252 252 252 252 252 252
 252 252 252 252 252 252 252 252 252 252 252 252 252 252 252 252 252 252
 252 252 252 252 252 252 252 252 252 252 252 252 252 252 252 252 252 252
 252 252 252 252 252 252 252 252 254 251 253 252 252 251 244 121  52  41
  38  35  30  30  27  24  24  24  24  24  24  25  25  24  23  21  20  21
  22  23  24  24  24  24  24  24  23  22  21  20  20  20  20  20  20  19
  18  18  18  18  17  17  17  17  16  16  17  18  20  21  22  21  19  18
  18  18  18  18  17  17  17  18  18  17  17  17  17  18  19  18  16  16
  15  15  15  16  17  17  18  19  20  21  23  23  23  22  21  22  23  23
  22  22  22  23  23  25  27  29  36  41  50 162 251 252 251 254 252 249
 244  28]"
"[ 29  29 246 252 252 252 253 252 252 252 252 252 252 252 252 252 252 252
 252 252 252 252 252 252 252 252 252 252 252 252 252 252 252 252 252 252
 252 252 252 252 252 252 252 252 252 252 252 252 252 252 252 252 252 252
 252 252 252 252 252 252 252 252 252 252 252 252 252 252 252 252 252 252
 252 252 252 252 252 252 252 252 252 252 253 252 250 250 232  98  47  35
  36  33  30  30  26  26  24  24  24  24  24  25  25  24  24  22  20  20
  22  23  24  25  24  24  24  24  24  22  21  19  20  20  20  20  19  18
  18  17  18  18  17  17  17  17  16  16  17  18  21  22  22  21  20  19
  19  19  18  18  17  17  17  18  17  17  17  17  18  19  19  18  16  16
  15  15  15  16  16  16  18  19  20  21  22  22  22  22  21  21  22  22
  22  22  22  22  24  23  24  29  33  35  42 128 247 254 252 253 252 249
 245  30]"
"[ 29  29 246 252 252 252 253 252 252 252 252 252 252 252 252 252 252 252
 252 252 252 252 252 252 252 252 252 252 252 252 252 252 252 252 252 252
 252 252 252 252 252 252 252 252 252 252 252 252 252 252 252 252 252 252
 252 252 252 252 252 252 252 252 252 252 252 252 252 252 252 252 252 252
 252 252 252 252 252 252 252 252 251 253 252 253 250 251 209  81  44  37
  38  31  31  26  23  24  24  24  24  24  24  24  24  23  24  22  20  20
  21  22  24  25  23  24  24  24  24  22  20  18  20  19  19  19  18  18
  18  17  18  17  17  17  17  16  16  15  16  18  21  23  23  21  20  20
  20  19  18  18  17  17  17  17  17  17  17  17  18  19  19  18  17  16
  14  14  14  15  16  17  17  19  20  21  22  22  22  22  22  22  21  21
  22  22  22  22  24  23  23  28  30  33  38  91 234 252 252 252 252 251
 245  29]"
"[ 29  29 246 252 252 252 253 252 252 252 252 252 252 252 252 252 252 252
 252 252 252 252 252 252 252 252 252 252 252 252 252 252 252 252 252 252
 252 252 252 252 252 252 252 252 252 252 252 252 252 252 252 252 252 252
 252 252 252 252 252 252 252 252 252 252 252 252 252 252 252 252 252 252
 252 252 252 252 252 252 252 252 253 253 250 253 251 252 186  65  36  38
  39  29  33  25  24  25  24  24  24  23  23  24  23  22  22  20  19  19
  20  21  22  23  23  24  24  25  25  23  21  19  20  20  19  18  18  18
  18  18  18  17  17  17  16  16  16  15  16  18  21  23  22  21  20  19
  20  19  18  17  17  17  17  17  16  17  17  17  18  19  19  18  17  16
  14  13  14  15  16  17  17  19  21  21  21  21  22  23  23  22  21  21
  21  22  22  22  23  24  24  27  30  37  39  65 220 250 254 251 253 252
 245  27]"
"[ 29  29 246 252 252 252 253 252 252 252 252 252 252 252 252 252 252 252
 252 252 252 252 252 252 252 252 252 252 252 252 252 252 252 252 252 252
 252 252 252 252 252 252 252 252 252 252 252 252 252 252 252 252 252 252
 252 252 252 252 252 252 252 252 252 252 252 252 252 252 252 252 252 252
 252 252 252 252 252 252 252 252 251 253 252 253 251 250 182  58  38  39
  34  30  29  27  24  25  25  25  25  25  24  23  23  23  22  21  20  20
  20  20  22  24  24  24  24  25  25  23  22  21  19  20  20  19  18  18
  18  18  19  16  16  16  15  16  16  14  15  17  20  22  21  19  19  20
  20  20  19  18  17  16  17  17  16  17  17  17  18  18  18  16  17  17
  15  13  13  15  16  17  16  17  19  21  22  22  22  22  23  20  19  20
  20  19  20  22  21  26  22  26  30  37  35  57 195 251 254 254 250 252
 245  29]"
"[ 29  29 246 252 252 252 253 252 252 252 252 252 252 252 252 252 252 252
 252 252 252 252 252 252 252 252 252 252 252 252 252 252 252 252 252 252
 252 252 252 252 252 252 252 252 252 252 252 252 252 252 252 252 252 252
 252 252 252 252 252 252 252 252 252 252 252 252 252 252 252 252 252 252
 252 252 252 252 252 252 252 252 251 252 252 252 252 251 177  59  37  38
  34  30  30  28  26  28  25  25  24  24  23  23  23  23  22  20  19  19
  18  18  19  21  23  23  23  24  24  22  21  20  19  19  19  19  19  19
  19  19  18  16  16  16  15  16  16  14  15  17  20  21  21  20  19  20
  21  20  20  19  17  17  17  17  16  16  16  16  16  17  17  17  16  16
  15  13  12  13  14  15  15  16  18  19  20  20  21  21  21  19  19  21
  21  20  20  21  22  27  24  27  29  36  35  53 157 252 252 253 253 250
 245  29]"
"[ 29  29 246 252 252 252 253 252 252 252 252 252 252 252 252 252 252 252
 252 252 252 252 252 252 252 252 252 252 252 252 252 252 252 252 252 252
 252 252 252 252 252 252 252 252 252 252 252 252 252 252 252 252 252 252
 252 252 252 252 252 252 252 252 252 252 252 252 252 252 252 252 252 252
 252 252 252 252 252 252 252 252 252 252 253 251 253 252 175  60  36  36
  33  30  30  29  27  28  25  25  24  24  23  24  24  24  23  21  20  19
  18  17  18  19  22  23  24  24  24  22  21  20  19  19  19  20  20  19
  19  19  18  16  16  17  16  16  17  15  15  17  19  21  21  20  20  20
  20  20  19  18  17  17  17  17  18  17  17  16  17  18  19  19  17  17
  17  15  13  13  14  15  16  17  18  19  19  19  20  21  20  18  17  19
  20  20  20  20  21  25  24  26  26  33  34  46 129 251 251 252 253 251
 245  29]"
"[ 29  29 246 252 252 252 253 252 252 252 252 252 252 252 252 252 252 252
 252 252 252 252 252 252 252 252 252 252 252 252 252 252 252 252 252 252
 252 252 252 252 252 252 252 252 252 252 252 252 252 252 252 252 252 252
 252 252 252 252 252 252 252 252 252 252 252 252 252 252 252 252 252 252
 252 252 252 252 252 252 252 252 253 252 253 252 251 253 180  61  37  36
  34  31  30  29  27  26  25  25  25  24  24  24  24  25  24  23  22  21
  19  17  17  18  20  22  24  25  23  22  21  20  19  19  19  20  20  20
  19  18  18  16  17  17  16  16  17  15  15  16  17  19  20  20  20  20
  20  19  19  17  16  16  16  16  18  18  17  16  17  19  20  20  18  18
  18  16  14  12  13  16  17  18  20  20  19  19  20  21  20  18  16  16
  17  18  19  21  20  24  23  25  24  31  33  39 107 234 252 254 252 252
 244  29]"
"[ 29  29 246 252 252 252 253 252 252 252 252 252 252 252 252 252 252 252
 252 252 252 252 252 252 252 252 252 252 252 252 252 252 252 252 252 252
 252 252 252 252 252 252 252 252 252 252 252 252 252 252 252 252 252 252
 252 252 252 252 252 252 252 252 252 252 252 252 252 252 252 252 252 252
 252 252 252 252 252 252 252 252 252 252 252 253 249 252 188  63  40  38
  36  34  31  30  28  25  25  25  25  25  25  24  24  24  24  23  22  21
  19  17  16  16  18  21  24  24  23  21  20  19  20  19  19  19  19  19
  18  17  17  16  16  16  15  15  16  14  14  14  16  19  20  20  20  20
  19  19  18  17  16  15  16  16  16  16  16  16  17  18  19  18  17  18
  18  16  13  11  12  15  16  18  19  20  19  19  19  20  19  18  17  16
  17  17  19  20  20  24  24  25  25  31  34  35  80 212 251 253 252 251
 243  30]"
"[ 29  29 246 252 252 252 253 252 252 252 252 252 252 252 252 252 252 252
 252 252 252 252 252 252 252 252 252 252 252 252 252 252 252 252 252 252
 252 252 252 252 252 252 252 252 252 252 252 252 252 252 252 252 252 252
 252 252 252 252 252 252 252 252 252 252 252 252 252 252 252 252 252 252
 252 252 252 252 252 252 252 252 252 252 252 253 250 253 191  65  42  39
  36  34  32  31  29  25  24  24  24  25  24  24  23  23  24  24  23  22
  20  18  16  16  17  20  23  24  23  22  21  19  20  19  19  19  18  18
  17  17  17  16  17  17  15  15  16  14  12  13  15  18  20  20  20  20
  19  19  19  18  16  16  16  17  15  16  16  16  16  17  17  17  17  17
  17  16  13  10  12  15  16  17  19  19  19  19  19  20  19  19  19  19
  19  19  19  19  20  24  24  25  27  30  34  33  66 198 251 249 253 251
 245  28]"
"[ 29  29 246 252 252 252 253 252 252 252 252 252 252 252 252 252 252 252
 252 252 252 252 252 252 252 252 252 252 252 252 252 252 252 252 252 252
 252 252 252 252 252 252 252 252 252 252 252 252 252 252 252 252 252 252
 252 252 252 252 252 252 252 252 252 252 252 252 252 252 252 252 252 252
 252 252 252 252 252 252 252 252 252 253 252 253 252 251 183  66  45  39
  35  33  31  32  31  25  24  24  24  24  24  24  24  24  24  24  24  24
  22  19  18  17  16  20  23  24  24  24  22  20  19  19  19  18  18  18
  18  18  18  17  18  18  16  16  16  15  11  13  16  19  20  20  20  20
  19  19  19  18  17  16  17  17  16  16  16  16  17  17  17  17  17  17
  18  17  14  11  12  15  16  17  18  19  20  20  21  21  20  19  19  20
  21  22  21  20  20  25  23  24  28  29  33  32  61 173 251 248 253 252
 245  28]"
"[ 29  29 246 252 252 252 253 252 252 252 252 252 252 252 252 252 252 252
 252 252 252 252 252 252 252 252 252 252 252 252 252 252 252 252 252 252
 252 252 252 252 252 252 252 252 252 252 252 252 252 252 252 252 252 252
 252 252 252 252 252 252 252 252 252 252 252 252 252 252 252 252 252 252
 252 252 252 252 252 252 252 252 251 252 252 251 253 249 172  65  48  40
  36  33  31  33  32  27  24  24  24  24  25  25  26  26  24  24  24  24
  22  20  18  18  15  19  23  23  24  24  22  20  19  19  19  18  18  17
  18  19  18  17  18  18  16  16  16  14  11  12  16  19  21  21  20  21
  19  19  18  18  17  16  17  17  17  17  16  16  16  17  17  17  16  16
  18  18  15  11  12  15  16  16  17  18  19  20  21  21  21  19  17  18
  21  24  23  20  20  25  23  24  29  29  32  32  47 138 251 253 253 251
 243  31]"
"[ 29  29 245 252 252 252 253 252 252 252 252 252 252 252 252 252 252 252
 252 252 252 252 252 252 252 252 252 252 252 252 252 252 252 252 252 252
 252 252 252 252 252 252 252 252 252 252 252 252 252 252 252 252 252 252
 252 252 252 252 252 252 252 252 252 252 252 252 252 252 252 252 252 252
 252 252 252 252 252 252 252 252 252 253 251 253 252 249 158  66  49  40
  40  32  32  33  31  31  27  25  23  24  24  24  24  23  24  24  24  24
  24  22  20  18  17  17  20  23  24  22  21  20  19  20  19  17  16  16
  17  16  18  18  17  17  16  16  15  15  11  13  16  19  20  19  19  19
  19  19  19  18  17  16  17  18  16  16  16  16  16  16  17  18  17  17
  18  18  16  13  12  13  17  16  16  19  20  20  21  22  22  20  18  19
  20  21  21  20  20  23  25  25  25  26  31  39  41 108 251 251 252 250
 246  29]"
"[ 29  29 245 252 252 252 253 252 252 252 252 252 252 252 252 252 252 252
 252 252 252 252 252 252 252 252 252 252 252 252 252 252 252 252 252 252
 252 252 252 252 252 252 252 252 252 252 252 252 252 252 252 252 252 252
 252 252 252 252 252 252 252 252 252 252 252 252 252 252 252 252 252 252
 252 252 252 252 252 252 252 252 251 254 252 252 251 252 148  57  53  41
  36  35  34  32  30  29  26  25  25  25  25  24  24  25  25  24  24  24
  24  22  20  19  17  17  20  23  24  22  20  20  19  19  18  17  16  17
  17  17  17  17  17  17  16  16  16  16  13  13  15  18  20  20  20  19
  19  19  19  18  17  17  17  17  17  16  16  16  16  16  17  18  16  17
  18  19  17  14  13  13  16  16  17  18  19  19  19  20  22  20  18  19
  20  20  20  20  20  22  23  23  24  24  29  36  42  95 245 252 254 252
 241  30]"
"[ 29  29 245 252 252 252 253 252 252 252 252 252 252 252 252 252 252 252
 252 252 252 252 252 252 252 252 252 252 252 252 252 252 252 252 252 252
 252 252 252 252 252 252 252 252 252 252 252 252 252 252 252 252 252 252
 252 252 252 252 252 252 252 252 252 252 252 252 252 252 252 252 252 252
 252 252 252 252 252 252 252 252 253 252 252 253 250 250 145  60  54  48
  38  35  32  31  32  28  24  24  24  25  24  24  24  25  24  24  24  24
  23  21  20  19  17  17  20  23  24  22  20  19  18  18  18  17  17  18
  18  17  17  17  17  16  16  16  16  16  13  13  14  17  20  21  20  19
  19  19  19  18  17  17  17  18  17  16  16  16  16  16  17  17  16  17
  18  18  17  14  13  12  13  15  16  17  18  20  20  20  21  20  19  20
  20  19  19  19  19  21  22  22  23  24  28  34  38  83 235 253 252 254
 241  30]"
"[ 29  29 245 252 252 252 253 252 252 252 252 252 252 252 252 252 252 252
 252 252 252 252 252 252 252 252 252 252 252 252 252 252 252 252 252 252
 252 252 252 252 252 252 252 252 252 252 252 252 252 252 252 252 252 252
 252 252 252 252 252 252 252 252 252 252 252 252 252 252 252 252 252 252
 252 252 252 252 252 252 252 252 253 251 253 254 251 247 167  68  50  52
  41  39  38  36  34  28  24  24  24  24  24  24  24  25  24  24  24  24
  23  21  20  19  17  17  20  23  24  22  19  18  18  18  17  17  18  18
  18  17  17  17  17  16  16  16  16  16  13  12  13  16  18  19  19  19
  19  19  18  18  18  18  18  18  17  16  16  16  16  17  17  16  16  17
  18  18  16  14  12  12  12  15  16  16  17  19  20  20  20  19  20  20
  20  18  18  19  19  20  21  22  23  25  28  34  37  71 214 250 250 253
 243  29]"
"[ 29  29 245 252 252 252 253 252 252 252 252 252 252 252 252 252 252 252
 252 252 252 252 252 252 252 252 252 252 252 252 252 252 252 252 252 252
 252 252 252 252 252 252 252 252 252 252 252 252 252 252 252 252 252 252
 252 252 252 252 252 252 252 252 252 252 252 252 252 252 252 252 252 252
 252 252 252 252 252 252 252 252 252 251 254 252 254 251 209  90  56  54
  44  40  39  34  31  31  26  25  24  25  25  25  25  24  24  24  24  24
  24  23  21  20  17  17  20  23  25  22  19  18  18  18  18  18  18  18
  17  17  17  17  17  16  16  16  16  16  13  12  13  15  17  18  18  19
  19  19  18  18  18  18  17  17  17  16  16  16  16  16  16  16  17  18
  19  18  17  15  14  13  15  17  17  16  16  17  18  18  19  19  20  20
  19  18  18  18  19  20  20  21  24  25  28  33  38  58 187 250 252 250
 243  28]"
"[ 29  29 245 252 252 252 253 252 252 252 252 252 252 252 252 252 252 252
 252 252 252 252 252 252 252 252 252 252 252 252 252 252 252 252 252 252
 252 252 252 252 252 252 252 252 252 252 252 252 252 252 252 252 252 252
 252 252 252 252 252 252 252 252 252 252 252 252 252 252 252 252 252 252
 252 252 252 252 252 252 252 252 253 251 253 251 254 252 245 152  69  57
  57  46  42  38  36  35  28  26  25  25  25  25  24  24  24  23  23  23
  24  23  22  21  18  17  19  22  24  22  19  18  18  17  18  18  18  17
  16  16  18  17  17  16  16  16  16  16  14  13  13  15  16  17  19  20
  20  19  19  18  18  17  16  16  16  16  16  16  16  16  16  16  16  17
  17  17  16  16  15  14  15  16  16  16  15  17  18  19  19  19  20  20
  19  17  17  18  19  20  20  21  23  23  26  31  32  52 172 251 252 247
 245  29]"
"[ 29  29 245 252 252 252 253 252 252 252 252 252 252 252 252 252 252 252
 252 252 252 252 252 252 252 252 252 252 252 252 252 252 252 252 252 252
 252 252 252 252 252 252 252 252 252 252 252 252 252 252 252 252 252 252
 252 252 252 252 252 252 252 252 252 252 252 252 252 252 252 252 252 252
 252 252 252 252 252 252 252 252 253 251 252 253 254 251 254 223 117  61
  58  49  44  40  35  29  30  28  26  25  24  24  23  24  24  22  21  21
  22  23  23  21  19  17  18  21  22  21  19  19  17  17  18  19  18  17
  16  17  18  17  17  16  16  16  16  16  15  13  13  14  16  18  19  19
  19  18  18  18  17  17  16  15  16  16  16  16  16  16  16  16  15  16
  16  15  15  16  16  15  13  13  14  16  16  17  18  20  19  19  20  20
  19  17  18  18  18  19  20  20  22  22  25  30  27  48 162 249 250 249
 246  29]"
"[ 29  29 245 252 252 252 253 252 252 252 252 252 252 252 252 252 252 252
 252 252 252 252 252 252 252 252 252 252 252 252 252 252 252 252 252 252
 252 252 252 252 252 252 252 252 252 252 252 252 252 252 252 252 252 252
 252 252 252 252 252 252 252 252 252 252 252 252 252 252 252 252 252 252
 252 252 252 252 252 252 252 252 251 253 253 253 254 254 251 254 223  98
  64  56  51  44  40  38  32  30  28  26  25  23  24  25  25  22  20  20
  22  24  24  23  19  17  17  19  21  21  20  19  16  16  17  19  19  17
  16  17  17  17  17  16  16  16  17  17  16  13  11  13  16  18  18  18
  17  17  17  17  18  17  17  16  15  16  16  16  16  16  16  16  16  17
  16  15  15  16  16  15  13  13  15  16  16  16  17  19  19  19  19  19
  19  18  18  19  17  19  19  20  22  22  25  30  33  39 147 246 253 251
 244  28]"
"[ 29  29 245 252 252 252 253 252 252 252 252 252 252 252 252 252 252 252
 252 252 252 252 252 252 252 252 252 252 252 252 252 252 252 252 252 252
 252 252 252 252 252 252 252 252 252 252 252 252 252 252 252 252 252 252
 252 252 252 252 252 252 252 252 252 252 252 252 252 252 252 252 252 252
 252 252 252 252 252 252 252 252 252 252 252 252 252 253 253 253 250 204
 113  68  51  53  46  40  33  29  30  26  22  25  26  25  24  23  22  22
  23  24  24  24  19  17  17  20  23  23  21  19  16  17  17  17  17  17
  16  16  17  16  15  15  16  17  17  16  15  13  12  13  15  16  18  19
  19  17  16  17  18  19  18  16  16  16  16  16  16  16  16  16  16  16
  15  15  16  17  16  14  13  13  14  16  17  16  17  18  18  19  19  19
  18  18  18  18  18  19  19  20  22  23  26  30  35  34 118 246 251 252
 243  29]"
"[ 29  29 245 252 252 252 253 252 252 252 252 252 252 252 252 252 252 252
 252 252 252 252 252 252 252 252 252 252 252 252 252 252 252 252 252 252
 252 252 252 252 252 252 252 252 252 252 252 252 252 252 252 252 252 252
 252 252 252 252 252 252 252 252 252 252 252 252 252 252 252 252 252 252
 252 252 252 252 252 252 252 252 252 252 252 252 252 252 253 253 253 252
 211 131  68  54  56  47  40  30  32  30  27  27  22  24  25  24  23  23
  24  24  23  22  19  18  17  20  23  23  22  20  18  18  18  17  16  16
  16  15  16  16  16  16  16  16  15  15  16  14  13  13  15  17  18  19
  18  17  16  17  18  18  17  16  16  16  16  16  16  16  16  16  16  16
  16  16  17  17  16  14  13  13  14  16  16  16  17  18  18  19  19  19
  18  18  17  17  18  19  19  19  22  23  26  30  37  40  93 243 252 253
 243  28]"
"[ 29  29 245 252 252 252 253 252 252 252 252 252 252 252 252 252 252 252
 252 252 252 252 252 252 252 252 252 252 252 252 252 252 252 252 252 252
 252 252 252 252 252 252 252 252 252 252 252 252 252 252 252 252 252 252
 252 252 252 252 252 252 252 252 252 252 252 252 252 252 252 252 252 252
 252 252 252 252 252 252 252 252 252 252 252 252 252 252 252 253 253 254
 253 246 159  83  61  50  39  33  36  33  24  25  27  23  25  25  25  25
  24  23  22  21  20  18  18  19  22  23  22  20  20  19  18  17  16  16
  16  16  15  16  17  17  16  15  15  15  15  13  12  12  14  16  18  18
  18  17  17  17  17  17  16  16  16  16  16  16  16  16  16  16  15  16
  16  16  17  17  16  15  13  13  13  15  16  16  17  19  18  19  19  19
  18  18  17  17  18  18  17  18  21  22  24  28  34  38  66 222 250 253
 243  33]"
"[ 29  29 245 252 252 252 253 252 252 252 252 252 252 252 252 252 252 252
 252 252 252 252 252 252 252 252 252 252 252 252 252 252 252 252 252 252
 252 252 252 252 252 252 252 252 252 252 252 252 252 252 252 252 252 252
 252 252 252 252 252 252 252 252 252 252 252 252 252 252 252 252 252 252
 252 252 252 252 252 252 252 252 252 252 252 252 252 252 252 252 254 250
 254 251 245 162  79  56  46  40  31  32  30  25  27  23  24  24  25  24
  23  22  20  19  20  19  19  19  21  22  21  20  19  18  17  16  16  16
  16  17  16  16  16  16  16  16  16  16  14  14  12  12  13  15  16  17
  18  18  17  17  16  16  16  16  16  16  16  16  16  16  16  16  16  16
  16  16  17  17  16  15  14  13  13  15  16  16  17  19  18  19  19  19
  19  18  18  18  18  18  17  17  20  22  23  26  31  36  60 194 254 252
 243  28]"
"[ 29  29 245 252 252 252 253 252 252 252 252 252 252 252 252 252 252 252
 252 252 252 252 252 252 252 252 252 252 252 252 252 252 252 252 252 252
 252 252 252 252 252 252 252 252 252 252 252 252 252 252 252 252 252 252
 252 252 252 252 252 252 252 252 252 252 252 252 252 252 252 252 252 252
 252 252 252 252 252 252 252 252 252 252 252 252 252 252 252 252 250 253
 253 252 253 245 171  76  51  51  40  31  32  29  23  24  24  24  24  24
  23  21  20  20  20  20  19  20  21  22  22  21  18  18  17  17  17  17
  17  17  15  15  14  14  16  16  16  16  16  16  14  13  13  15  16  16
  18  18  18  17  16  16  16  16  16  16  16  16  16  16  16  16  16  16
  16  16  16  17  17  16  14  13  13  14  16  16  17  18  18  19  20  20
  19  18  18  18  19  19  18  18  22  23  23  25  30  34  48 156 252 248
 245  28]"
"[ 29  29 245 252 252 252 253 252 252 252 252 252 252 252 252 252 252 252
 252 252 252 252 252 252 252 252 252 252 252 252 252 252 252 252 252 252
 252 252 252 252 252 252 252 252 252 252 252 252 252 252 252 252 252 252
 252 252 252 252 252 252 252 252 252 252 252 252 252 252 252 252 252 252
 252 252 252 252 252 252 252 252 252 252 252 252 252 252 252 252 253 253
 250 253 254 253 251 174  89  55  47  37  29  32  25  25  24  24  24  24
  23  22  21  20  19  20  20  20  21  23  23  21  18  18  18  18  17  17
  16  15  16  15  14  14  16  17  17  16  17  17  15  13  13  15  16  16
  18  18  18  17  16  16  16  16  16  16  16  16  16  16  16  16  16  16
  16  15  16  16  17  16  15  13  13  14  16  16  17  18  18  19  20  20
  19  19  18  18  19  19  18  19  22  23  23  25  28  34  32 125 245 248
 246  30]"
"[ 29  29 245 252 252 252 253 252 252 252 252 252 252 252 252 252 252 252
 252 252 252 252 252 252 252 252 252 252 252 252 252 252 252 252 252 252
 252 252 252 252 252 252 252 252 252 252 252 252 252 252 252 252 252 252
 252 252 252 252 252 252 252 252 252 252 252 252 252 252 252 252 252 252
 252 252 252 252 252 252 252 252 252 252 252 252 252 252 252 252 253 250
 250 254 251 252 253 246 179  88  45  44  37  32  27  25  25  24  24  24
  24  23  21  20  18  20  21  20  21  22  22  20  18  18  18  18  17  16
  16  15  16  16  15  16  16  17  16  16  16  17  15  13  13  15  16  16
  19  18  17  17  16  16  16  16  16  16  16  16  16  16  16  16  15  16
  16  16  16  16  17  16  16  14  13  14  15  16  16  17  17  18  19  20
  19  19  18  18  18  19  19  20  23  23  23  24  27  37  37 108 238 253
 245  26]"
"[ 29  29 245 252 252 252 253 252 252 252 252 252 252 252 252 252 252 252
 252 252 252 252 252 252 252 252 252 252 252 252 252 252 252 252 252 252
 252 252 252 252 252 252 252 252 252 252 252 252 252 252 252 252 252 252
 252 252 252 252 252 252 252 252 252 252 252 252 252 252 252 252 252 252
 252 252 252 252 252 252 252 252 252 252 252 252 252 252 252 252 252 253
 253 249 254 253 251 254 245 158  68  42  37  27  29  27  25  24  24  24
  24  23  21  19  18  20  21  20  19  20  19  17  18  18  18  18  17  16
  16  15  15  16  16  16  16  15  15  15  16  16  15  13  13  15  17  16
  19  18  17  16  16  16  16  16  16  16  16  16  16  16  16  16  15  16
  16  16  16  17  17  16  17  14  13  14  15  15  16  17  17  18  19  19
  19  19  18  18  18  20  20  22  24  24  23  25  25  34  40  83 218 251
 243  31]"
"[ 29  29 245 252 252 252 253 252 252 252 252 252 252 252 252 252 252 252
 252 252 252 252 252 252 252 252 252 252 252 252 252 252 252 252 252 252
 252 252 252 252 252 252 252 252 252 252 252 252 252 252 252 252 252 252
 252 252 252 252 252 252 252 252 252 252 252 252 252 252 252 252 252 252
 252 252 252 252 252 252 252 252 252 252 252 252 252 252 252 252 252 252
 252 252 252 253 253 253 252 233 125  56  42  34  28  29  25  24  25  25
  23  23  23  20  21  20  20  19  20  20  19  18  17  18  18  17  17  16
  16  16  15  15  16  17  16  16  16  16  18  18  18  16  14  13  15  17
  19  19  16  15  16  16  15  16  16  16  17  16  16  15  15  16  17  17
  16  15  16  16  16  16  16  13  11  13  16  17  17  17  17  17  18  18
  18  19  19  19  19  19  20  22  23  24  24  23  28  30  32  66 201 251
 246  30]"
"[ 29  29 245 252 252 252 253 252 252 252 252 252 252 252 252 252 252 252
 252 252 252 252 252 252 252 252 252 252 252 252 252 252 252 252 252 252
 252 252 252 252 252 252 252 252 252 252 252 252 252 252 252 252 252 252
 252 252 252 252 252 252 252 252 252 252 252 252 252 252 252 252 252 252
 252 252 252 252 252 252 252 252 252 252 252 252 252 252 252 252 252 252
 252 252 252 252 253 253 254 254 195  82  48  38  36  30  26  24  24  24
  23  22  21  18  19  19  18  18  19  21  21  20  18  18  18  17  17  16
  16  16  16  16  17  17  16  16  16  16  16  17  17  16  14  13  15  18
  19  19  17  16  17  17  16  17  16  16  17  16  16  16  16  17  16  16
  16  16  16  16  16  16  16  14  12  14  16  17  17  17  17  18  18  19
  19  19  19  19  20  19  19  21  23  24  24  24  24  28  32  57 188 248
 243  27]"
"[ 29  29 245 252 252 252 253 252 252 252 252 252 252 252 252 252 252 252
 252 252 252 252 252 252 252 252 252 252 252 252 252 252 252 252 252 252
 252 252 252 252 252 252 252 252 252 252 252 252 252 252 252 252 252 252
 252 252 252 252 252 252 252 252 252 252 252 252 252 252 252 252 252 252
 252 252 252 252 252 252 252 252 252 252 252 252 252 252 252 252 252 252
 252 252 252 252 252 253 249 254 242 134  59  39  35  32  27  25  24  24
  23  23  22  19  18  18  17  17  18  20  22  22  19  18  18  17  16  16
  16  16  16  16  16  16  16  15  16  16  16  16  17  16  14  14  16  18
  18  19  17  16  16  16  15  17  16  16  16  16  16  16  16  17  15  16
  17  17  17  16  16  16  16  15  14  15  16  17  18  18  18  18  18  19
  19  20  20  20  21  19  18  20  22  24  25  24  25  32  37  52 174 250
 245  30]"
"[ 29  29 245 252 252 252 253 252 252 252 252 252 252 252 252 252 252 252
 252 252 252 252 252 252 252 252 252 252 252 252 252 252 252 252 252 252
 252 252 252 252 252 252 252 252 252 252 252 252 252 252 252 252 252 252
 252 252 252 252 252 252 252 252 252 252 252 252 252 252 252 252 252 252
 252 252 252 252 252 252 252 252 252 252 252 252 252 252 252 252 252 252
 252 252 252 252 252 252 254 254 254 207  98  48  36  36  29  25  24  24
  24  24  23  20  18  18  17  16  17  19  21  21  19  19  17  17  16  16
  16  16  16  16  16  16  16  16  16  17  16  16  16  16  15  14  15  17
  18  19  18  16  16  15  15  17  16  16  16  16  16  16  16  16  15  16
  17  17  17  17  16  16  16  15  15  15  16  17  17  18  18  18  18  19
  19  20  20  19  20  19  18  19  21  23  24  25  24  31  38  47 160 250
 243  30]"
"[ 29  29 245 252 252 252 253 252 252 252 252 252 252 252 252 252 252 252
 252 252 252 252 252 252 252 252 252 252 252 252 252 252 252 252 252 252
 252 252 252 252 252 252 252 252 252 252 252 252 252 252 252 252 252 252
 252 252 252 252 252 252 252 252 252 252 252 252 252 252 252 252 252 252
 252 252 252 252 252 252 252 252 252 252 252 252 252 252 252 252 252 252
 252 252 252 252 252 252 252 251 251 246 155  57  40  37  31  26  23  23
  23  23  22  20  18  18  17  17  17  19  20  20  19  19  18  17  16  16
  16  16  16  16  16  16  16  16  17  18  16  16  16  16  15  15  15  17
  20  21  20  18  17  16  16  18  17  17  17  17  17  17  16  16  16  16
  17  17  17  17  17  18  16  15  14  15  15  16  17  18  19  18  18  18
  19  20  20  19  19  19  19  19  20  21  23  25  24  29  35  43 148 250
 243  29]"
"[ 29  29 245 252 252 252 253 252 252 252 252 252 252 252 252 252 252 252
 252 252 252 252 252 252 252 252 252 252 252 252 252 252 252 252 252 252
 252 252 252 252 252 252 252 252 252 252 252 252 252 252 252 252 252 252
 252 252 252 252 252 252 252 252 252 252 252 252 252 252 252 252 252 252
 252 252 252 252 252 252 252 252 252 252 252 252 252 252 252 252 252 252
 252 252 252 252 252 252 252 251 252 252 216  80  50  45  34  28  24  24
  22  21  20  18  18  18  18  18  18  19  20  19  19  19  18  17  16  16
  16  16  15  15  16  16  16  16  16  17  16  16  16  16  16  16  16  17
  20  22  20  19  18  17  17  20  19  19  18  18  18  18  17  17  17  17
  17  17  17  18  18  19  17  16  15  15  16  17  19  20  20  19  19  19
  20  20  20  20  19  19  20  20  20  21  23  25  26  30  35  43 141 250
 243  30]"
"[ 29  29 245 252 252 252 253 252 252 252 252 252 252 252 252 252 252 252
 252 252 252 252 252 252 252 252 252 252 252 252 252 252 252 252 252 252
 252 252 252 252 252 252 252 252 252 252 252 252 252 252 252 252 252 252
 252 252 252 252 252 252 252 252 252 252 252 252 252 252 252 252 252 252
 252 252 252 252 252 252 252 252 252 252 252 252 252 252 252 252 252 252
 252 252 252 252 252 252 253 251 254 251 247 132  60  47  37  30  26  25
  23  21  20  19  19  19  19  18  19  19  20  20  18  19  19  18  16  15
  16  16  15  15  16  16  16  15  15  16  17  16  16  17  17  16  16  16
  18  20  19  19  19  18  18  19  19  19  18  18  19  19  18  18  18  18
  18  18  18  19  19  19  18  16  15  15  17  18  20  22  22  21  20  20
  21  22  21  21  20  20  21  21  22  22  23  24  25  30  33  41 132 250
 243  28]"
"[ 29  29 245 252 252 252 253 252 252 252 252 252 252 252 252 252 252 252
 252 252 252 252 252 252 252 252 252 252 252 252 252 252 252 252 252 252
 252 252 252 252 252 252 252 252 252 252 252 252 252 252 252 252 252 252
 252 252 252 252 252 252 252 252 252 252 252 252 252 252 252 252 252 252
 252 252 252 252 252 252 252 252 252 252 252 252 252 252 252 252 252 252
 252 252 252 252 252 252 251 251 253 254 251 193  79  51  38  31  27  25
  23  21  20  20  20  20  20  19  19  19  20  20  17  19  19  18  16  15
  16  16  16  17  17  17  17  16  16  16  18  17  17  17  17  16  15  15
  16  18  19  19  20  19  18  19  19  18  18  18  19  19  18  18  18  18
  18  18  19  19  19  19  18  15  14  14  16  18  20  22  23  22  21  21
  22  23  22  22  21  21  21  22  23  24  24  24  26  33  33  40 127 249
 244  28]"
"[ 29  29 245 252 252 252 253 252 252 252 252 252 252 252 252 252 252 252
 252 252 252 252 252 252 252 252 252 252 252 252 252 252 252 252 252 252
 252 252 252 252 252 252 252 252 252 252 252 252 252 252 252 252 252 252
 252 252 252 252 252 252 252 252 252 252 252 252 252 252 252 252 252 252
 252 252 252 252 252 252 252 252 252 252 252 252 252 252 252 252 252 252
 252 252 252 252 252 252 252 253 253 252 254 235 114  53  36  33  31  24
  24  24  22  20  21  22  21  19  20  22  22  20  19  21  21  20  18  17
  17  17  16  18  19  18  17  16  16  17  19  18  18  17  17  17  16  15
  16  17  19  21  20  19  19  21  20  19  18  19  19  19  19  19  17  18
  18  18  19  19  19  19  18  16  13  13  16  18  19  22  23  23  23  23
  22  22  23  23  25  23  23  23  23  23  24  24  25  34  34  41 133 250
 244  28]"
"[ 29  29 245 252 252 252 253 252 252 252 252 252 252 252 252 252 252 252
 252 252 252 252 252 252 252 252 252 252 252 252 252 252 252 252 252 252
 252 252 252 252 252 252 252 252 252 252 252 252 252 252 252 252 252 252
 252 252 252 252 252 252 252 252 252 252 252 252 252 252 252 252 252 252
 252 252 252 252 252 252 252 252 252 252 252 252 252 252 252 252 252 252
 252 252 252 252 252 252 250 251 253 253 252 251 173  76  39  40  32  28
  24  20  24  21  20  21  20  19  20  22  23  23  20  22  22  21  19  18
  18  17  17  17  18  18  17  17  17  18  19  19  18  18  17  16  16  15
  15  17  20  22  21  20  19  20  19  18  18  19  19  19  19  19  18  18
  18  18  18  18  18  18  17  16  13  13  15  17  19  22  23  24  24  23
  22  22  22  22  24  24  23  23  23  24  24  25  26  32  32  42 142 250
 244  30]"
"[ 29  29 245 252 252 252 253 252 252 252 252 252 252 252 252 252 252 252
 252 252 252 252 252 252 252 252 252 252 252 252 252 252 252 252 252 252
 252 252 252 252 252 252 252 252 252 252 252 252 252 252 252 252 252 252
 252 252 252 252 252 252 252 252 252 252 252 252 252 252 252 252 252 252
 252 252 252 252 252 252 252 252 252 252 252 252 252 252 252 252 252 252
 252 252 252 252 252 252 253 252 252 252 250 253 217  98  43  43  35  25
  26  25  20  23  20  21  20  18  18  21  23  24  22  23  23  21  19  19
  18  18  18  18  18  18  18  19  19  20  19  19  18  18  17  16  16  16
  16  17  19  21  21  20  19  20  20  19  19  20  20  20  20  20  19  19
  18  18  19  19  19  19  17  17  14  13  15  16  19  23  23  24  24  23
  23  22  22  21  24  24  23  24  24  24  25  26  30  34  33  47 159 250
 243  29]"
"[ 29  29 245 252 252 252 253 252 252 252 252 252 252 252 252 252 252 252
 252 252 252 252 252 252 252 252 252 252 252 252 252 252 252 252 252 252
 252 252 252 252 252 252 252 252 252 252 252 252 252 252 252 252 252 252
 252 252 252 252 252 252 252 252 252 252 252 252 252 252 252 252 252 252
 252 252 252 252 252 252 252 252 252 252 252 252 252 252 252 252 252 252
 252 252 252 252 252 252 252 253 250 252 254 253 242 156  63  33  35  33
  26  22  25  24  22  22  21  18  16  18  21  23  23  23  22  20  19  19
  19  19  19  18  18  18  19  20  20  20  19  19  19  18  17  16  16  16
  16  17  18  20  20  20  20  20  20  20  19  20  21  21  21  21  20  19
  19  19  20  21  21  20  18  17  14  13  15  16  18  21  23  24  24  23
  22  22  22  22  24  24  24  24  24  24  25  27  30  35  33  52 176 250
 243  28]"
"[ 29  29 245 252 252 252 253 252 252 252 252 252 252 252 252 252 252 252
 252 252 252 252 252 252 252 252 252 252 252 252 252 252 252 252 252 252
 252 252 252 252 252 252 252 252 252 252 252 252 252 252 252 252 252 252
 252 252 252 252 252 252 252 252 252 252 252 252 252 252 252 252 252 252
 252 252 252 252 252 252 252 252 252 252 252 252 252 252 252 252 252 252
 252 252 252 252 252 252 251 251 252 253 254 251 255 227 109  51  41  38
  30  23  29  21  22  22  20  17  15  16  19  22  23  23  22  19  18  18
  19  19  19  19  19  19  20  20  20  20  20  20  20  19  17  16  16  16
  15  17  18  20  21  22  21  20  20  19  19  20  20  20  20  20  19  19
  19  20  21  22  21  21  19  17  13  12  15  16  16  18  23  23  23  23
  22  23  23  23  24  24  24  24  24  24  25  27  28  33  31  56 189 251
 244  29]"
"[ 29  29 245 252 252 252 253 252 252 252 252 252 252 252 252 252 252 252
 252 252 252 252 252 252 252 252 252 252 252 252 252 252 252 252 252 252
 252 252 252 252 252 252 252 252 252 252 252 252 252 252 252 252 252 252
 252 252 252 252 252 252 252 252 252 252 252 252 252 252 252 252 252 252
 252 252 252 252 252 252 252 252 252 252 252 252 252 252 252 252 252 252
 252 252 252 252 252 252 254 249 252 253 250 251 254 251 177  70  44  38
  33  28  22  23  21  20  19  17  16  17  20  22  23  23  22  20  19  19
  19  19  21  20  20  21  21  22  21  21  20  20  20  19  18  17  16  16
  14  16  19  22  23  23  21  19  20  19  19  20  20  20  20  20  19  19
  20  21  22  22  22  21  19  16  12  12  15  17  17  18  22  23  23  23
  22  23  23  23  24  23  24  24  24  24  25  27  30  35  32  64 201 250
 245  30]"
"[ 29  29 245 252 252 252 253 252 252 252 252 252 252 252 252 252 252 252
 252 252 252 252 252 252 252 252 252 252 252 252 252 252 252 252 252 252
 252 252 252 252 252 252 252 252 252 252 252 252 252 252 252 252 252 252
 252 252 252 252 252 252 252 252 252 252 252 252 252 252 252 252 252 252
 252 252 252 252 252 252 252 252 252 252 252 252 252 252 252 252 252 252
 252 252 252 252 252 252 254 250 252 253 252 254 253 252 233 116  59  46
  33  26  23  27  22  20  18  17  18  19  20  22  23  23  23  22  21  21
  20  19  21  21  21  21  21  22  22  22  20  20  20  20  19  17  16  15
  13  15  18  20  23  24  21  19  20  19  19  20  20  20  20  20  19  20
  21  22  23  23  22  21  19  17  13  13  15  17  17  19  21  22  23  23
  23  23  23  22  23  23  24  24  23  23  24  26  33  37  36  77 214 250
 245  29]"
"[ 29  29 246 252 252 252 253 252 252 252 252 252 252 252 252 252 252 252
 252 252 252 252 252 252 252 252 252 252 252 252 252 252 252 252 252 252
 252 252 252 252 252 252 252 252 252 252 252 252 252 252 252 252 252 252
 252 252 252 252 252 252 252 252 252 252 252 252 252 252 252 252 252 252
 252 252 252 252 252 252 252 252 252 252 252 252 252 252 252 252 252 252
 252 252 252 252 252 252 250 254 252 251 252 251 252 254 253 225 104  42
  38  31  29  21  23  21  19  19  19  19  20  21  23  24  24  24  23  23
  21  19  20  20  19  19  20  21  22  22  20  20  20  20  19  18  16  14
  13  15  16  17  20  22  21  19  19  19  18  19  20  19  19  19  19  20
  21  22  22  21  20  19  19  17  14  13  15  15  16  18  20  22  23  24
  24  23  22  21  23  23  24  23  23  22  24  26  30  34  37  86 224 251
 244  29]"
"[ 29  29 246 252 252 252 253 252 252 252 252 252 252 252 252 252 252 252
 252 252 252 252 252 252 252 252 252 252 252 252 252 252 252 252 252 252
 252 252 252 252 252 252 252 252 252 252 252 252 252 252 252 252 252 252
 252 252 252 252 252 252 252 252 252 252 252 252 252 252 252 252 252 252
 252 252 252 252 252 252 252 252 252 252 252 252 252 252 252 252 252 252
 252 252 252 252 252 252 252 252 252 252 252 252 252 252 253 254 210  85
  36  33  28  24  24  21  21  22  20  18  20  21  24  24  24  23  23  23
  21  20  20  20  19  19  20  20  20  20  21  21  21  19  18  18  17  16
  13  13  15  17  19  19  19  19  20  20  20  20  21  21  20  20  19  19
  19  21  22  22  21  20  19  17  15  14  15  16  17  17  18  20  22  23
  24  24  23  22  24  23  23  23  23  24  26  29  32  34  33  99 238 249
 243  28]"
"[ 29  29 246 252 252 252 253 252 252 252 252 252 252 252 252 252 252 252
 252 252 252 252 252 252 252 252 252 252 252 252 252 252 252 252 252 252
 252 252 252 252 252 252 252 252 252 252 252 252 252 252 252 252 252 252
 252 252 252 252 252 252 252 252 252 252 252 252 252 252 252 252 252 252
 252 252 252 252 252 252 252 252 252 252 252 252 252 252 252 252 252 252
 252 252 252 252 252 252 252 252 252 252 252 252 252 252 252 253 251 198
  79  31  26  27  26  23  22  23  20  19  19  19  23  23  24  23  23  23
  22  21  22  22  22  22  21  20  20  20  21  21  21  19  18  18  17  16
  13  13  14  16  18  19  20  21  20  20  20  20  20  20  20  20  19  19
  20  21  23  23  22  22  19  17  15  14  14  16  17  18  18  20  23  24
  24  24  23  23  25  24  24  24  24  25  27  29  32  34  34 105 240 249
 244  30]"
"[ 29  29 246 252 252 252 253 252 252 252 252 252 252 252 252 252 252 252
 252 252 252 252 252 252 252 252 252 252 252 252 252 252 252 252 252 252
 252 252 252 252 252 252 252 252 252 252 252 252 252 252 252 252 252 252
 252 252 252 252 252 252 252 252 252 252 252 252 252 252 252 252 252 252
 252 252 252 252 252 252 252 252 252 252 252 252 252 252 252 252 252 252
 252 252 252 252 252 252 252 252 252 252 252 252 252 252 253 253 251 251
 171  70  31  33  29  25  24  24  21  19  18  17  22  23  24  24  23  22
  22  22  23  23  24  23  22  21  20  21  22  22  20  19  18  18  18  17
  14  14  14  16  18  19  20  21  20  20  20  20  20  20  20  20  19  19
  20  21  22  23  22  22  19  17  15  13  13  15  16  18  19  21  23  24
  24  24  24  24  24  24  24  24  24  24  26  28  32  34  36 115 243 249
 243  30]"
"[ 29  29 246 252 252 252 253 252 252 252 252 252 252 252 252 252 252 252
 252 252 252 252 252 252 252 252 252 252 252 252 252 252 252 252 252 252
 252 252 252 252 252 252 252 252 252 252 252 252 252 252 252 252 252 252
 252 252 252 252 252 252 252 252 252 252 252 252 252 252 252 252 252 252
 252 252 252 252 252 252 252 252 252 252 252 252 252 252 252 252 252 252
 252 252 252 252 252 252 252 252 252 252 252 252 252 252 251 253 249 253
 218  94  46  42  31  26  24  24  21  19  18  17  21  23  25  24  22  22
  22  22  22  22  22  22  22  21  21  21  22  22  21  19  19  18  18  17
  15  14  14  16  17  18  19  20  20  20  20  20  19  19  19  20  20  20
  20  21  22  23  22  21  19  17  15  13  13  14  17  18  20  22  24  25
  24  24  24  24  23  23  23  23  23  23  25  27  33  34  36 125 246 249
 243  29]"
"[ 29  29 246 252 252 252 253 252 252 252 252 252 252 252 252 252 252 252
 252 252 252 252 252 252 252 252 252 252 252 252 252 252 252 252 252 252
 252 252 252 252 252 252 252 252 252 252 252 252 252 252 252 252 252 252
 252 252 252 252 252 252 252 252 252 252 252 252 252 252 252 252 252 252
 252 252 252 252 252 252 252 252 252 252 252 252 252 252 252 252 252 252
 252 252 252 252 252 252 252 252 252 252 252 252 252 252 253 252 249 252
 221 105  55  41  32  26  23  23  21  19  18  17  19  22  24  24  22  21
  22  22  22  21  20  21  22  22  22  22  22  22  21  20  19  19  18  16
  14  14  14  16  18  18  19  19  20  20  20  20  19  19  20  20  22  22
  21  22  23  23  22  21  20  18  15  13  13  15  17  19  21  23  25  25
  24  24  24  23  24  24  24  24  24  24  26  28  34  34  36 134 248 249
 244  29]"
"[ 29  29 246 252 252 252 253 252 252 252 252 252 252 252 252 252 252 252
 252 252 252 252 252 252 252 252 252 252 252 252 252 252 252 252 252 252
 252 252 252 252 252 252 252 252 252 252 252 252 252 252 252 252 252 252
 252 252 252 252 252 252 252 252 252 252 252 252 252 252 252 252 252 252
 252 252 252 252 252 252 252 252 252 252 252 252 252 252 252 252 252 252
 252 252 252 252 252 252 252 252 252 252 252 252 252 252 250 251 253 252
 210  97  54  44  31  25  23  23  21  19  18  17  17  20  23  24  22  22
  22  23  24  22  20  21  22  23  23  22  22  22  21  20  20  19  17  16
  13  13  14  16  18  19  19  19  20  20  20  20  20  20  20  21  23  22
  22  22  23  23  22  21  19  18  15  13  12  14  16  18  21  23  24  24
  24  24  24  23  24  24  24  24  24  25  27  29  32  34  36 142 248 249
 244  29]"
"[ 29  29 245 252 252 252 253 252 252 252 252 252 252 252 252 252 252 252
 252 252 252 252 252 252 252 252 252 252 252 252 252 252 252 252 252 252
 252 252 252 252 252 252 252 252 252 252 252 252 252 252 252 252 252 252
 252 252 252 252 252 252 252 252 252 252 252 252 252 252 252 252 252 252
 252 252 252 252 252 252 252 252 252 252 252 252 252 252 252 252 252 252
 252 252 252 252 252 252 252 252 252 252 252 252 252 252 253 248 253 251
 194  87  53  36  29  24  23  23  21  19  18  17  15  19  23  24  23  22
  23  23  24  23  21  22  23  24  23  23  23  22  21  19  19  19  17  16
  13  13  14  16  18  18  19  19  20  20  19  19  20  21  21  21  22  22
  21  22  22  22  22  21  19  17  15  13  12  13  16  18  21  21  22  23
  24  24  24  23  24  24  24  24  24  25  27  29  32  35  39 150 248 248
 244  29]"
"[ 29  29 245 252 252 252 253 252 252 252 252 252 252 252 252 252 252 252
 252 252 252 252 252 252 252 252 252 252 252 252 252 252 252 252 252 252
 252 252 252 252 252 252 252 252 252 252 252 252 252 252 252 252 252 252
 252 252 252 252 252 252 252 252 252 252 252 252 252 252 252 252 252 252
 252 252 252 252 252 252 252 252 252 252 252 252 252 252 252 252 252 252
 252 252 252 252 252 252 252 252 252 252 252 252 252 252 249 253 251 249
 186  85  46  39  28  24  23  24  21  19  17  16  15  19  23  24  23  23
  22  22  22  22  22  23  23  23  23  23  23  22  20  19  19  19  17  16
  13  13  14  15  17  18  18  19  20  19  19  19  20  21  21  21  22  22
  22  22  23  23  22  22  20  18  16  14  14  15  17  19  20  20  21  22
  23  24  24  23  24  24  24  24  24  25  28  30  34  39  44 157 250 248
 244  29]"
"[ 30  28 245 250 253 251 251 253 251 253 253 252 251 251 252 252 253 252
 252 252 252 251 252 253 253 252 251 251 252 252 252 252 252 251 252 252
 252 251 252 253 252 251 252 253 253 252 252 252 253 252 252 252 252 252
 251 251 252 252 251 250 252 253 253 250 253 253 252 252 252 252 252 252
 252 251 251 252 252 251 252 253 251 252 252 252 252 252 252 252 253 253
 252 252 252 253 252 251 252 252 252 252 251 250 251 252 252 252 250 250
 164  76  46  32  25  24  23  21  20  18  16  15  16  17  20  23  24  23
  23  23  22  22  22  21  22  23  23  23  22  21  20  19  19  18  17  16
  15  12  12  14  16  17  18  20  20  18  17  18  21  23  23  22  22  20
  20  23  24  22  22  23  20  18  16  13  13  14  17  19  18  20  23  23
  22  23  24  24  24  24  23  23  24  26  29  30  31  35  43 178 249 251
 244  29]"
"[ 30  29 248 252 254 254 250 253 254 252 250 250 252 254 253 252 250 250
 251 253 253 252 252 251 251 252 252 253 253 253 252 251 253 253 253 254
 253 252 251 251 254 253 252 251 251 251 251 252 252 252 251 251 251 252
 253 253 251 253 254 253 251 251 253 253 251 251 252 253 253 253 252 252
 252 252 253 253 253 253 252 252 251 252 253 252 252 252 252 253 252 252
 251 251 252 253 253 253 252 252 253 253 253 252 252 252 250 253 253 246
 142  73  42  33  25  24  23  21  20  18  17  16  16  17  20  23  24  23
  23  22  22  23  23  22  21  22  23  23  21  21  20  20  19  18  17  16
  15  13  12  14  16  17  18  20  19  19  19  20  21  22  22  21  22  21
  21  23  23  21  21  22  19  18  15  13  12  13  16  18  17  20  21  22
  22  22  23  24  24  24  24  23  24  25  27  29  32  28  48 191 249 247
 244  27]"
"[ 27  29 247 250 251 254 252 250 250 252 253 253 251 251 251 252 254 254
 253 253 252 252 252 252 253 252 252 251 251 251 252 253 251 251 251 251
 251 252 253 254 249 250 252 253 253 253 253 252 252 252 253 253 253 252
 251 250 251 251 251 251 251 251 251 252 253 253 252 251 251 251 251 251
 251 252 252 252 252 252 252 251 254 251 249 250 253 253 252 250 253 252
 252 252 252 252 252 251 251 251 251 251 252 252 251 251 252 252 252 241
 125  65  36  33  25  24  23  21  19  18  17  17  16  17  20  23  24  24
  23  22  22  22  22  21  21  21  22  23  21  20  20  19  19  18  17  16
  16  14  13  14  16  17  18  19  19  20  20  20  20  20  21  22  22  21
  22  23  22  20  20  20  20  18  16  13  12  13  15  17  17  19  20  20
  21  22  23  23  24  24  24  23  23  24  26  28  33  28  54 200 251 249
 246  30]"
"[ 34  29 245 254 254 248 253 253 253 252 252 253 253 253 252 251 252 252
 251 250 250 251 252 253 251 252 253 253 253 253 252 251 253 253 253 252
 252 251 251 251 253 253 252 251 250 250 251 251 252 252 251 251 251 251
 253 253 253 252 252 252 253 253 252 251 252 252 252 252 252 253 254 254
 253 252 252 251 251 252 253 253 252 253 254 253 251 250 252 253 253 253
 253 253 253 252 252 251 253 253 252 252 252 253 253 253 253 250 250 227
 111  60  43  37  26  25  23  20  17  16  16  17  16  17  19  22  24  24
  23  22  21  22  22  21  21  22  22  22  20  19  19  18  17  17  17  17
  16  15  13  14  15  16  18  19  20  20  19  18  18  19  21  22  20  21
  22  23  22  21  20  20  20  19  16  14  12  13  15  17  17  18  19  19
  20  21  22  22  23  23  24  23  22  23  25  27  28  27  50 194 249 249
 243  28]"
"[ 28  26 247 253 251 251 254 252 249 249 250 250 250 249 251 251 250 251
 251 251 251 251 251 250 251 250 249 249 249 249 250 250 248 250 252 252
 252 252 252 251 250 251 252 252 252 252 252 251 251 252 252 252 252 252
 251 250 250 251 253 253 252 251 252 253 251 252 253 253 253 252 251 250
 252 252 252 251 251 252 253 252 252 251 251 251 251 251 251 251 251 251
 251 253 253 252 252 253 251 252 252 251 251 251 251 251 251 250 251 227
 107  50  38  35  26  24  22  19  17  15  16  16  16  16  18  21  24  24
  23  22  22  22  22  23  24  24  23  21  20  19  18  17  17  17  17  17
  16  15  14  14  15  16  18  19  20  20  20  20  20  21  21  21  18  19
  22  23  23  22  21  21  20  18  16  14  12  13  15  16  18  18  18  18
  19  21  21  21  21  22  23  23  22  23  25  27  29  28  56 202 251 250
 243  30]"
"[ 29  32 244 251 252 253 250 249 251 250 249 250 249 247 244 243 245 247
 248 248 248 248 248 248 249 248 248 248 248 248 248 248 250 250 250 248
 248 249 251 251 250 251 251 250 251 251 251 249 250 249 249 249 250 251
 251 251 252 252 251 251 252 254 254 252 254 254 254 253 253 253 254 254
 253 254 254 254 253 254 253 252 254 254 253 254 255 255 255 255 255 254
 254 255 255 254 254 255 253 254 254 253 253 254 253 252 252 254 250 215
  93  44  35  35  25  24  21  19  17  16  16  17  16  16  17  20  23  24
  23  22  21  22  22  23  24  24  22  20  21  20  19  18  17  17  18  18
  16  15  14  13  14  15  17  19  19  20  21  23  23  22  20  19  18  19
  21  22  23  23  22  22  20  19  16  14  13  13  15  16  17  17  18  18
  19  20  20  20  20  21  22  22  22  23  25  27  31  23  60 213 251 249
 243  28]"
"[ 29  27 190 215 224 218 217 226 195 173 147 134 132 133 131 130 136 138
 139 139 140 144 146 147 146 148 151 155 156 153 148 144 151 152 153 153
 157 163 168 170 172 171 169 168 173 182 188 190 180 176 171 170 173 179
 185 189 191 191 191 195 206 216 219 216 214 213 211 210 212 216 220 223
 224 226 226 225 224 224 222 219 219 226 232 230 224 223 229 237 240 238
 237 238 237 236 238 241 243 242 240 239 241 244 245 243 241 246 235 174
  73  49  42  31  26  24  22  19  17  17  16  16  17  16  16  19  22  24
  23  22  21  22  23  23  22  22  21  19  21  21  20  20  19  18  18  19
  16  15  14  12  13  15  17  18  19  21  23  23  22  21  19  19  19  20
  20  21  21  22  22  22  20  19  17  15  14  14  15  17  16  17  17  17
  18  19  19  19  19  20  21  21  22  23  25  26  32  24  60 211 250 249
 244  30]"
"[ 29  30 122 131 135 128 134 127 119 114 108 106 105 104 104 105 109 112
 114 113 112 112 112 111 115 113 112 112 113 114 113 112 112 115 116 114
 114 116 116 115 117 118 118 118 120 123 123 120 123 121 119 119 121 123
 123 123 124 125 122 120 124 132 133 130 131 130 130 130 130 130 131 132
 136 138 137 135 133 133 132 130 134 137 141 141 140 141 144 148 149 146
 146 146 147 148 151 155 156 153 148 145 149 155 157 156 157 151 159 120
  64  46  38  30  28  25  22  20  18  17  16  16  17  15  16  18  22  24
  23  22  21  23  24  23  21  20  20  20  20  21  21  20  19  18  18  18
  16  15  14  12  12  15  17  18  19  21  22  22  19  18  18  19  21  21
  20  19  20  22  22  22  19  18  16  14  13  14  15  16  15  16  17  17
  17  18  18  18  18  19  20  20  21  22  24  25  25  23  48 193 243 248
 239  28]"
"[ 30  30 112 110 102 109 114 111 104 106 107 105 104 106 108 110 110 108
 106 104 103 105 107 109 112 112 112 112 112 111 109 108 108 110 113 114
 115 115 113 112 112 113 114 116 116 116 115 114 118 118 117 117 117 117
 117 118 117 117 116 117 118 120 122 123 124 125 125 124 122 121 121 122
 123 122 123 124 125 123 121 120 122 123 124 124 124 123 123 124 121 121
 121 122 124 125 124 124 128 128 127 126 125 125 126 127 130 129 133 102
  48  43  34  34  29  26  23  22  22  21  19  18  18  17  17  19  22  24
  23  22  23  23  23  22  21  20  20  19  20  20  20  20  20  19  18  17
  15  15  14  13  13  15  17  18  18  20  21  20  19  19  19  20  21  20
  18  18  18  19  20  20  18  18  17  15  13  13  15  16  16  16  17  16
  16  16  16  17  17  18  18  20  21  22  23  24  25  20  38 121 170 182
 172  31]"
"[ 28  28 109 108 102 107 107 103 101 104 105 105 104 105 105 105 107 107
 107 106 106 107 107 107 109 109 109 109 109 109 108 108 108 109 111 111
 112 113 112 111 112 113 114 115 115 115 115 115 115 115 116 117 118 118
 117 116 116 116 116 117 117 118 120 121 121 122 122 122 121 121 121 122
 123 123 123 124 124 123 122 122 124 124 124 123 122 123 124 126 126 126
 125 126 127 128 127 127 126 125 124 124 125 125 124 124 121 118 122  90
  48  41  34  31  26  25  23  23  23  22  21  20  20  19  19  20  22  23
  23  23  23  22  21  20  19  19  18  18  20  20  20  19  19  18  17  17
  17  16  14  12  12  14  16  18  18  20  20  19  18  18  19  19  18  17
  17  17  18  19  20  20  19  18  17  14  12  12  13  15  15  16  16  16
  16  16  16  16  17  17  18  18  19  20  21  22  24  19  28 105 133 134
 140  26]"
"[ 28  28 105 106 104 105 102  98  99 101 103 103 103 103 103 102 104 105
 106 107 107 106 105 104 107 106 106 106 106 106 107 108 108 108 108 108
 109 110 110 110 110 111 112 112 112 113 114 114 111 112 113 115 116 116
 115 114 114 115 116 116 116 116 117 117 117 118 119 118 118 118 118 119
 123 122 122 122 122 122 122 123 123 123 122 121 121 121 123 124 125 124
 123 123 124 125 125 125 124 123 122 123 125 125 123 120 116 115 120  81
  48  35  32  29  24  24  24  24  24  23  22  22  22  22  22  22  22  22
  23  23  23  22  20  19  19  19  18  18  19  20  20  19  18  17  17  17
  17  16  15  13  12  13  15  17  17  18  19  18  17  18  18  17  15  15
  16  17  18  19  19  19  19  18  17  15  12  12  13  15  16  16  16  16
  16  16  16  17  17  17  18  17  17  18  20  21  24  23  27 109 137 136
 139  28]"
"[ 30  30 102 102 103 103 101 100 100 100 101 101 101 102 103 103 104 104
 104 104 104 104 103 103 105 105 105 105 104 105 106 107 108 108 107 107
 107 108 108 107 107 108 109 110 111 111 112 113 112 111 111 112 113 114
 114 114 114 115 116 116 115 114 114 115 116 116 117 116 116 115 116 116
 122 122 122 122 121 121 121 122 121 122 122 122 122 121 122 122 123 122
 121 121 122 124 125 125 125 123 123 124 125 125 122 119 118 121 120  74
  45  33  31  28  24  24  24  24  23  23  22  22  24  23  23  22  23  23
  23  23  22  21  20  19  19  19  19  18  18  19  20  19  18  17  17  18
  16  16  16  14  13  14  15  16  17  18  18  17  17  17  17  16  15  15
  16  16  17  18  18  18  19  18  17  15  13  13  14  16  16  17  17  17
  17  17  17  18  17  18  18  18  17  18  19  21  20  24  26 113 139 137
 139  29]"
"[ 29  30  99  99 101 100 100 102 100  99  99  99 100 101 102 103 104 104
 103 102 103 103 104 104 104 104 105 104 104 105 106 106 107 107 107 107
 107 107 107 105 106 107 110 111 111 111 110 110 112 112 111 112 113 114
 115 115 114 115 116 116 115 114 114 115 117 117 117 116 116 116 116 116
 120 121 122 122 122 122 122 122 121 123 124 124 123 123 123 123 124 123
 122 122 123 125 126 127 125 124 124 124 125 124 123 122 121 123 112  65
  41  36  31  26  24  24  24  23  23  22  22  22  24  23  22  22  24  24
  23  22  20  19  18  18  19  19  18  17  16  18  19  19  18  17  17  18
  16  16  15  14  13  13  15  16  17  17  17  16  16  17  16  16  16  16
  16  16  16  17  18  18  18  18  17  15  13  13  14  16  17  17  17  18
  18  18  18  18  17  17  18  18  18  18  19  20  24  23  24 116 140 134
 136  31]"
"[ 28  29  97  98  99  98 100 100  98  97  97  98  99  99  99 100 102 101
 101 102 103 103 103 103 103 103 104 104 104 105 105 106 105 106 106 107
 108 108 107 106 107 108 110 111 112 111 109 108 109 109 111 112 113 113
 114 114 115 115 116 116 115 115 115 115 116 117 117 117 117 117 117 117
 118 119 121 122 122 123 122 122 122 122 123 123 122 122 123 124 123 123
 122 122 123 124 125 125 124 124 124 124 124 124 124 125 125 123 104  58
  36  34  31  27  24  24  24  23  22  22  22  22  23  21  20  21  23  24
  23  21  19  19  18  18  18  18  17  17  15  16  17  18  18  17  17  17
  17  17  15  12  11  12  15  17  16  17  17  16  16  17  16  16  17  16
  16  16  16  17  18  19  19  18  17  15  12  12  13  14  16  16  17  17
  18  18  18  17  16  17  18  18  18  18  19  20  22  20  24 114 141 140
 137  26]"
"[ 28  29  97  98  98  98 101  98  97  96  96  97  97  96  97  98 101 100
 100 101 102 103 103 103 104 104 104 104 105 105 105 105 105 105 105 106
 107 108 108 107 108 108 109 110 111 110 109 108 107 108 110 112 112 112
 112 113 114 115 115 116 116 116 116 116 116 116 116 117 117 117 117 118
 119 120 120 120 121 122 122 121 121 121 121 121 121 121 122 123 123 123
 123 124 124 124 125 125 123 124 124 124 123 124 125 126 128 120  97  53
  33  30  30  27  24  24  23  23  23  22  22  22  21  20  20  20  22  23
  22  22  21  20  19  18  18  17  17  17  15  16  17  17  17  17  17  17
  17  17  15  12  10  11  14  16  15  16  16  16  16  16  16  16  16  16
  16  16  16  16  18  19  18  18  17  15  12  11  13  14  16  16  16  17
  18  18  18  17  17  17  17  17  18  18  19  19  22  23  35 117 137 138
 139  30]"
"[ 30  29  97  97  96  98 102  98 100  98  97  97  97  96  97 100 103 102
 101 101 102 103 104 104 106 105 105 105 105 105 105 105 106 106 105 105
 106 108 108 107 108 107 107 109 110 111 110 109 110 111 112 112 112 112
 113 115 114 114 115 116 116 116 116 116 117 117 117 117 118 118 118 118
 122 122 121 120 120 122 123 122 120 121 122 123 122 122 122 123 120 121
 122 123 123 123 123 123 124 124 124 124 124 124 125 126 131 113  87  47
  34  30  30  25  24  24  24  24  23  22  21  20  21  20  20  20  20  21
  22  23  22  21  19  18  17  17  17  17  16  16  17  17  17  17  17  17
  15  16  16  14  12  11  12  13  15  16  16  16  16  16  16  16  16  16
  16  16  15  16  17  18  18  18  17  15  13  12  14  15  16  16  16  17
  18  18  18  17  18  18  17  17  18  18  19  19  21  17  36 124 144 137
 136  30]"
"[ 29  30  97  96  98  99 100  98  97  97  96  97  98  98  99 100 101 101
 101 101 102 102 104 104 104 104 104 105 105 104 104 105 105 106 105 104
 104 105 107 108 108 108 108 109 110 111 112 111 113 113 113 112 112 112
 113 115 114 114 115 116 116 117 117 117 116 116 116 118 118 117 117 119
 121 122 122 120 119 120 121 122 122 122 122 122 122 122 123 123 121 122
 124 124 124 123 123 123 124 124 124 124 124 124 124 124 129 113  83  40
  36  33  28  25  24  24  24  23  23  22  22  22  20  20  20  22  22  22
  22  21  21  20  18  18  17  16  16  16  16  16  17  17  17  17  16  16
  15  15  15  15  12  11  11  12  16  16  16  15  15  16  16  16  16  16
  17  17  16  16  16  16  16  16  16  16  14  12  13  15  16  16  17  17
  17  17  17  17  18  17  17  18  18  18  19  22  23  19  43 125 138 139
 138  29]"
"[ 29  30  97  96  97  98  98  96  97  97  97  99  99  99 100 100 100 100
 100 101 102 103 104 104 104 104 103 104 104 104 104 105 105 105 105 104
 105 107 109 109 109 108 108 109 110 111 112 112 111 112 112 112 112 112
 113 114 114 114 115 116 116 117 117 117 116 116 117 118 118 117 118 119
 121 122 122 121 120 121 121 122 122 122 121 121 121 122 123 123 122 123
 124 124 124 125 125 125 125 125 125 125 125 125 125 125 126 108  78  41
  36  33  28  25  23  24  24  25  24  23  21  20  20  20  20  21  22  22
  22  22  20  18  16  16  17  16  15  15  16  16  16  16  16  17  17  17
  16  16  16  15  13  11  12  13  15  16  16  15  15  16  16  16  16  16
  17  17  17  17  18  18  18  17  17  16  15  13  14  17  16  16  17  17
  17  17  17  17  17  17  17  18  18  19  20  22  23  21  45 128 138 140
 141  29]"
"[ 29  30  97  96  96  96  97  96  97  97  99 100 100 100 100 101  99 100
 100 101 103 103 104 104 104 103 103 103 103 103 104 105 105 105 104 104
 105 108 109 109 109 109 108 108 109 110 111 112 111 112 113 114 114 114
 114 114 114 115 116 116 116 116 116 117 114 116 117 118 118 120 121 121
 120 121 121 121 121 122 122 122 122 122 122 121 122 122 123 123 124 124
 124 125 126 126 127 127 126 125 125 126 126 126 126 125 127 105  71  41
  33  31  25  24  24  24  24  24  23  22  20  19  21  21  20  20  20  21
  21  21  19  17  15  15  16  17  16  15  16  16  16  16  16  16  17  17
  16  16  15  14  12  11  11  13  14  15  16  16  16  16  16  16  15  16
  16  16  17  17  19  19  19  18  17  16  14  13  15  17  16  17  17  17
  17  17  17  17  17  17  17  18  18  19  21  22  22  22  46 130 138 141
 142  28]"
"[ 28  29  96  95  96  95  97  98  97  97  99 100  99  98  99 100 100 100
 101 102 103 104 104 104 104 103 103 104 104 104 105 105 105 105 105 104
 106 108 109 109 110 109 108 108 109 110 111 112 113 113 114 115 115 115
 114 114 114 115 116 116 116 115 115 116 115 117 118 118 118 120 121 120
 120 120 121 121 122 123 123 122 122 122 123 123 123 123 123 123 125 125
 125 126 127 127 127 127 126 125 126 126 127 127 126 124 128 100  62  41
  30  28  23  24  25  24  23  22  21  21  20  20  22  21  20  19  19  19
  20  20  19  17  15  16  17  17  17  17  17  17  16  16  16  16  17  17
  15  15  15  14  12  10  10  11  13  15  17  17  16  16  16  17  16  16
  16  16  17  17  19  20  20  19  18  17  15  13  14  16  16  16  17  17
  17  16  16  16  17  17  17  18  18  19  20  22  22  20  47 132 138 140
 143  28]"
"[ 29  29  95  94  94  94  97  98  97  97  98  98  97  96  97  98 101 101
 102 103 103 102 102 102 104 103 104 104 105 104 105 105 106 105 105 105
 106 108 109 109 110 110 110 110 110 111 112 112 114 114 114 115 115 115
 114 114 114 115 116 116 116 115 115 116 118 120 120 118 118 118 118 117
 120 121 121 122 122 123 123 122 122 122 123 124 124 124 124 123 125 125
 126 127 128 128 127 126 126 126 126 127 128 128 126 125 122  90  53  41
  30  27  23  25  24  22  21  20  20  20  20  20  22  22  21  20  20  20
  20  20  18  17  17  16  16  16  17  18  18  18  17  17  16  16  16  17
  16  16  16  16  14  12  11  11  13  15  17  17  17  17  17  17  18  18
  18  18  17  18  19  20  21  20  19  19  16  14  14  16  16  16  16  16
  16  16  15  15  17  17  17  18  18  20  21  22  24  18  52 135 140 140
 143  29]"
"[ 29  29  95  94  93  92  95  97  98  98  97  97  97  96  97  99 101 101
 102 102 102 102 101 101 103 103 104 104 105 104 104 105 104 104 104 104
 105 107 108 108 110 110 111 111 111 111 111 111 114 114 114 115 115 115
 115 114 114 115 116 117 116 116 116 116 119 120 120 120 119 119 119 119
 120 121 122 122 122 122 122 121 121 122 123 123 124 124 124 123 125 125
 127 128 128 128 127 126 128 128 128 128 129 128 127 126 116  82  48  42
  32  27  24  23  22  21  20  20  21  20  19  18  20  20  20  20  20  20
  20  21  18  18  17  17  16  15  16  18  19  18  18  17  17  16  16  16
  16  16  17  17  15  13  11  11  14  15  17  17  17  17  17  17  18  18
  18  18  17  17  18  19  19  19  19  19  17  14  14  16  16  16  16  16
  15  15  15  15  16  17  17  17  19  21  23  24  24  17  61 138 142 139
 143  29]"
"[ 29  28  95  94  94  93  95  97  98  97  97  97  97  98  99 100 101 101
 102 102 102 102 102 102 104 104 104 104 105 105 105 105 105 105 105 105
 105 107 108 108 109 109 110 110 110 110 110 111 114 114 114 115 115 116
 115 115 115 115 116 117 117 117 117 117 118 118 119 120 120 119 120 121
 120 121 122 121 121 121 122 122 122 122 122 123 123 124 124 125 125 126
 127 128 128 128 128 128 129 129 129 129 129 128 127 127 111  75  43  39
  32  25  24  22  22  21  20  20  20  20  19  18  18  18  19  19  19  19
  20  21  20  19  17  17  16  15  16  17  18  18  18  17  17  17  16  16
  16  16  16  16  15  12  11  11  14  16  16  16  17  17  17  17  17  17
  17  17  17  17  18  19  19  18  19  18  16  14  14  15  16  16  16  16
  16  15  15  15  16  17  18  18  19  22  24  25  24  18  74 141 143 139
 143  28]"
"[ 29  28  95  96  96  95  96  98  97  96  96  97  97  98  99 100 101 101
 102 103 103 104 104 104 105 105 104 105 105 105 106 106 107 108 108 107
 106 107 108 109 109 109 110 110 110 110 111 111 112 112 113 114 115 115
 115 114 115 116 117 118 118 118 118 118 119 118 118 119 118 117 117 119
 118 120 121 121 120 121 122 123 123 123 122 123 123 124 125 126 125 126
 127 128 128 128 129 129 129 129 129 129 129 128 127 127 105  67  37  34
  29  22  26  24  24  22  20  19  19  20  20  19  19  19  19  18  18  19
  20  21  21  19  18  17  17  17  16  17  17  17  17  17  17  17  17  17
  16  16  16  16  14  12  11  11  15  15  16  16  16  17  17  17  15  16
  17  17  17  18  19  19  20  19  19  19  16  14  14  15  16  16  16  16
  16  16  16  16  16  18  19  18  19  22  24  25  24  21  85 144 144 141
 145  28]"
"[ 29  29  96  97  98  97  97  97  96  96  97  97  98  99 100 101 100 101
 102 102 103 105 104 102 103 104 105 105 105 104 105 106 107 108 109 108
 107 107 108 109 110 110 110 110 110 111 111 111 113 113 114 114 113 113
 115 117 117 117 116 117 118 119 119 119 119 118 118 117 118 119 120 121
 121 122 122 122 122 122 122 122 123 123 124 124 124 125 125 126 126 127
 128 128 129 129 129 129 128 128 131 129 128 131 128 122  91  57  36  34
  26  22  24  24  24  21  18  18  18  19  20  21  20  19  19  19  19  19
  19  19  21  20  18  17  17  18  17  17  16  16  15  15  16  16  17  18
  16  16  16  15  16  15  13  12  13  15  16  15  15  15  16  16  16  16
  16  17  18  18  18  17  18  20  20  18  15  13  13  13  14  15  16  16
  16  16  16  16  15  17  19  19  19  20  22  23  25  23 109 144 140 143
 145  29]"
"[ 29  29  96  96  97  97  97  97  97  97  97  98 100 101 101 100 101 101
 100 100 101 104 104 104 104 104 105 105 105 104 105 105 105 106 107 107
 107 108 109 109 110 110 110 110 110 111 111 111 113 113 114 114 114 114
 115 116 116 116 117 117 118 119 120 120 119 118 118 118 119 120 121 121
 122 122 123 123 122 122 122 123 123 123 124 124 125 125 127 127 127 127
 128 129 129 129 129 129 130 130 131 131 129 131 129 119  85  51  37  33
  27  24  25  23  24  22  20  20  20  20  20  20  20  20  19  19  19  19
  20  20  21  20  19  17  17  17  17  17  16  16  16  15  16  16  17  17
  16  16  16  16  16  15  14  11  12  14  16  15  15  16  16  16  16  16
  16  16  17  17  17  17  18  19  20  18  16  14  14  14  15  16  17  17
  17  17  18  18  18  19  19  19  18  20  22  24  23  33 118 146 142 144
 146  28]"
"[ 29  29  96  96  97  97  97  97  98  97  97  99 100 101 101 100 101 100
  99  99 101 103 104 104 104 105 105 106 105 105 105 105 104 105 106 107
 108 109 110 110 110 111 111 111 112 112 112 113 114 114 115 115 115 114
 114 115 115 116 117 117 117 117 119 121 119 119 119 120 120 121 122 122
 122 123 123 123 123 123 123 123 124 124 124 125 125 127 128 129 128 128
 129 129 129 129 129 129 131 131 130 132 129 130 129 113  77  42  35  29
  24  24  25  22  24  22  22  22  22  21  20  20  21  20  20  19  19  19
  20  20  21  20  19  17  16  16  17  17  16  16  16  16  16  16  17  17
  16  16  16  16  16  16  14  12  11  13  15  15  15  16  16  16  16  16
  15  15  16  17  17  18  18  19  20  18  16  15  15  15  16  17  18  18
  19  19  20  20  20  21  20  19  18  20  23  25  22  50 131 146 144 144
 146  28]"
"[ 29  29  96  96  97  96  97  97  97  97  97  98  99 100 100 100 100 100
 100 100 102 104 104 103 105 105 105 105 105 105 105 105 105 105 106 107
 109 110 111 111 111 111 111 111 112 113 114 114 114 114 115 116 115 114
 114 114 116 117 118 117 116 116 118 120 121 121 121 122 122 122 123 123
 122 123 124 124 123 123 123 124 125 125 125 126 126 127 129 130 129 129
 129 129 129 129 129 129 131 131 129 132 129 130 130 108  73  35  32  24
  22  23  25  23  21  21  21  22  22  22  21  20  20  20  20  19  19  19
  19  19  21  21  20  18  16  16  17  17  16  16  16  16  16  16  16  16
  16  16  16  16  16  15  13  11  11  13  15  16  16  16  16  16  16  16
  16  16  16  17  17  17  18  19  20  19  17  16  15  14  16  17  18  19
  20  21  22  22  22  23  22  20  19  21  23  25  23  66 140 145 145 144
 147  29]"
"[ 29  29  96  96  97  96  97  97  96  97  97  97  97  98 100 101 101 100
 100 101 103 104 104 103 105 104 104 105 105 105 105 105 107 106 107 108
 110 111 112 112 111 111 110 110 111 112 114 115 114 114 115 116 115 114
 114 114 117 118 118 118 118 118 119 120 122 122 122 123 123 123 122 122
 122 123 124 124 124 124 124 124 126 126 127 127 127 128 129 129 130 130
 130 130 130 129 129 129 130 132 130 133 130 131 127 102  71  34  31  25
  24  23  25  24  19  19  19  20  21  20  20  20  19  19  19  19  19  19
  18  18  21  22  21  19  17  17  17  18  16  16  16  16  16  16  16  16
  16  16  16  16  15  15  12  10  11  13  15  16  16  15  16  16  16  16
  16  17  17  17  17  17  17  18  19  18  17  16  14  13  15  17  18  20
  21  21  22  23  23  23  23  22  21  22  23  24  21  77 143 144 146 145
 146  30]"
"[ 29  29  96  96  97  96  97  97  96  96  97  97  96  97  99 101 103 101
 101 101 102 103 104 105 105 105 105 105 105 105 106 107 108 108 108 109
 110 111 112 112 111 111 110 110 111 112 114 115 114 114 115 116 116 115
 115 115 118 118 119 119 120 121 122 122 121 122 122 122 122 122 122 121
 123 123 124 125 125 125 125 125 126 127 128 128 128 128 129 129 130 130
 130 130 130 130 130 130 130 132 131 132 131 131 119  91  62  34  31  27
  26  24  23  22  20  20  20  20  20  19  19  20  19  19  19  19  18  18
  17  17  19  20  20  18  17  16  17  17  16  16  16  16  16  16  16  16
  17  17  16  16  16  15  13  11  12  13  15  16  16  15  16  17  16  16
  18  18  18  17  17  17  15  16  17  17  17  16  14  12  15  16  18  20
  21  22  22  22  22  23  24  23  23  23  23  23  20  85 144 144 147 146
 146  29]"
"[ 29  29  96  96  97  96  97  97  96  97  97  97  97  98  99 101 103 102
 102 103 103 102 104 105 106 106 105 105 104 105 107 108 108 108 108 109
 110 111 111 111 111 111 111 112 113 114 115 115 114 114 115 116 116 116
 116 117 118 118 119 121 122 122 123 123 121 121 122 122 122 122 122 122
 123 124 125 126 126 126 126 126 126 127 128 129 129 129 129 129 131 131
 131 131 131 131 131 131 131 132 132 131 132 131 108  77  47  33  29  27
  25  24  22  21  21  20  20  20  20  19  19  19  19  19  18  17  17  17
  17  17  17  19  19  18  17  16  16  15  16  16  16  16  16  16  16  16
  16  16  16  16  16  16  15  13  13  13  15  16  16  15  16  18  17  18
  20  20  20  19  19  18  16  17  17  16  16  16  15  13  14  16  18  20
  21  22  22  22  22  23  24  24  24  23  23  22  22  95 147 146 146 147
 146  29]"
"[ 29  29  96  96  97  96  97  96  97  97  97  98  98  99 100 100 102 102
 103 105 104 103 103 104 104 104 104 103 102 103 106 108 108 108 108 109
 110 110 111 111 112 112 112 113 114 115 115 115 115 114 115 116 117 117
 117 118 117 119 120 121 121 121 122 122 121 121 122 122 122 123 123 123
 124 125 126 127 127 127 127 127 126 127 129 130 130 130 130 130 131 131
 131 131 131 131 131 132 133 133 133 131 134 131 101  67  36  31  27  25
  23  24  23  22  20  20  19  20  19  18  18  18  20  19  17  16  16  16
  17  18  18  19  19  19  18  17  17  16  16  16  16  16  16  16  16  15
  15  15  14  14  15  16  15  13  13  13  14  16  16  16  17  19  20  21
  22  22  22  21  21  20  19  19  18  17  17  17  15  14  14  16  18  21
  22  22  22  21  22  23  24  24  24  24  23  22  27 104 150 147 144 148
 147  30]"
"[ 30  30  97  97  96  95  97  97  97  98  99  99 100 100 101 102 102 102
 103 104 105 105 105 104 105 106 105 105 105 105 104 106 108 109 109 109
 108 109 110 111 110 111 112 114 115 115 116 116 115 116 116 115 116 118
 118 117 118 119 121 121 121 120 121 122 122 121 121 122 123 123 124 125
 125 126 127 128 128 128 128 128 128 128 129 131 131 130 130 131 131 132
 132 132 131 131 132 133 133 132 133 133 130 127  94  62  41  32  26  24
  24  24  23  20  20  21  20  20  19  19  19  18  19  19  18  17  16  17
  17  16  16  19  20  19  17  18  17  16  17  16  15  15  16  18  18  17
  16  16  16  16  16  15  15  15  13  14  14  15  17  17  18  20  18  20
  20  20  20  20  20  19  20  18  16  18  19  18  15  13  15  18  20  20
  20  20  21  22  23  25  24  23  25  23  22  22  37 123 149 145 147 147
 150  29]"
"[ 29  29  97  97  98  97  97  96  96  98  99 100 100 100 101 102 101 102
 103 104 105 105 105 105 104 105 104 104 105 105 104 106 107 108 109 109
 110 111 112 112 111 111 113 115 115 115 114 114 115 116 116 117 118 120
 119 118 119 120 121 122 122 121 121 121 122 121 121 122 123 124 125 126
 126 127 128 128 128 128 128 128 129 129 130 131 131 131 131 132 130 131
 131 132 133 133 134 135 132 131 131 131 130 124  87  54  42  33  26  24
  24  24  23  21  21  21  20  19  19  19  19  19  20  20  19  18  18  18
  18  17  17  19  20  19  18  18  17  16  16  16  16  16  17  18  19  18
  18  17  17  16  16  16  16  15  12  13  13  14  16  17  17  20  19  20
  19  18  18  20  21  22  20  18  16  17  17  17  15  13  15  18  20  21
  21  21  21  22  23  24  23  25  26  24  24  23  46 131 152 148 148 148
 151  28]"
"[ 29  29  96  97 100 100  99  96  96  98  99 100 100  99 100 100 100 101
 103 104 104 104 105 105 105 106 105 105 107 107 106 107 107 108 109 110
 112 113 113 113 112 113 114 115 116 115 114 113 115 116 117 118 120 122
 121 120 120 121 122 123 123 122 122 122 122 122 122 123 124 124 125 126
 127 128 129 129 129 129 129 129 130 130 131 131 131 131 132 133 132 132
 132 133 135 136 137 137 134 134 132 130 127 114  79  52  41  32  25  23
  23  23  23  21  22  22  21  20  19  19  20  19  20  20  20  19  18  18
  18  17  17  19  20  19  18  18  17  16  15  16  17  17  18  18  19  19
  20  19  18  17  17  17  16  15  13  13  12  13  16  17  18  20  19  19
  19  18  18  20  22  24  23  20  18  17  17  16  15  13  16  18  20  22
  22  22  22  22  24  24  24  26  26  25  23  20  63 139 152 150 150 150
 152  29]"
"[ 29  29  96  98 100 100  99  97  97  98  99 100 100 100  99  99 100 102
 103 104 104 104 105 105 105 107 106 107 109 109 108 109 109 109 110 111
 113 114 113 112 113 113 113 115 115 114 114 114 116 116 117 118 121 122
 122 121 120 121 122 123 123 123 123 123 124 123 124 124 124 124 125 126
 129 129 129 129 129 129 130 130 130 131 131 131 131 132 133 134 135 135
 135 135 136 137 137 137 137 137 133 131 126 106  73  50  38  30  25  23
  23  23  23  21  23  23  22  21  20  20  19  19  19  20  20  19  19  18
  18  17  18  19  20  19  18  18  17  16  16  17  18  18  18  18  19  19
  21  20  19  18  17  16  16  16  15  13  11  12  16  17  18  19  18  19
  19  19  19  21  23  24  24  22  19  17  16  16  15  14  16  17  19  22
  23  23  23  23  24  24  24  27  28  28  22  20  90 148 151 152 152 152
 153  30]"
"[ 29  29  97  97  99  98  98  97  97  97  98 100 101 101 100  98 102 103
 104 104 103 104 105 106 105 106 106 107 109 109 108 108 110 110 111 112
 113 114 113 111 112 112 112 113 114 114 115 116 117 116 116 118 120 122
 122 122 121 121 121 122 123 123 124 124 125 125 125 125 125 126 126 127
 130 130 130 130 130 130 130 131 131 131 131 131 131 132 134 134 137 136
 136 136 137 137 137 136 137 136 132 131 127 102  66  41  34  29  25  25
  24  24  23  22  22  22  22  21  20  20  19  18  19  20  20  19  19  19
  18  17  18  19  20  19  19  18  17  16  17  18  19  18  18  18  19  20
  20  20  20  19  17  15  15  16  15  13  10  11  15  17  17  18  18  19
  19  18  18  20  23  25  24  23  20  17  16  16  15  14  15  16  18  22
  24  23  23  23  22  23  24  27  30  31  23  32 123 155 150 152 154 152
 152  29]"
"[ 29  29  96  96  97  96  97  97  97  97  97 100 102 102 101  99 102 103
 103 103 103 103 104 105 105 106 107 107 109 109 107 108 109 110 111 112
 114 115 114 113 113 113 113 114 115 116 117 118 117 117 117 118 120 120
 121 122 121 121 121 122 122 123 124 125 126 125 125 126 127 128 128 129
 130 130 130 130 130 130 131 131 131 131 131 131 132 134 135 135 136 136
 136 136 136 136 136 136 138 137 134 131 121  91  61  39  31  26  25  25
  24  23  22  21  19  20  20  20  20  20  19  18  18  19  19  18  18  18
  18  17  18  18  19  19  19  18  17  16  17  18  19  19  18  19  20  20
  19  19  20  19  17  16  16  16  16  14  10  11  15  17  17  18  18  19
  18  17  17  19  22  25  24  24  22  18  17  17  16  15  15  15  18  21
  23  23  22  23  22  23  24  25  30  31  23  59 144 155 150 152 155 153
 153  29]"
"[ 29  29  96  96  97  96  97  97  97  97  98 100 101 101 101 100 101 102
 102 103 103 104 104 104 106 108 108 108 110 109 107 108 109 110 111 112
 114 115 115 114 114 114 114 115 116 116 117 119 118 117 118 119 120 119
 120 121 121 122 123 123 123 123 124 125 128 126 125 127 129 129 130 130
 130 130 131 130 130 130 131 131 131 132 131 131 133 135 136 135 135 136
 136 136 136 136 136 137 138 139 138 129 111  79  57  39  28  24  23  24
  23  21  21  19  20  20  20  19  19  19  19  18  17  18  18  17  17  18
  18  17  17  18  18  19  19  18  17  17  18  19  20  19  19  19  19  19
  18  19  19  19  18  17  16  16  16  14  11  12  15  17  17  18  18  19
  19  17  17  19  22  24  24  24  23  20  18  18  17  16  16  16  18  21
  22  21  21  23  23  23  25  24  30  29  27  96 153 150 152 152 155 153
 155  29]"
"[ 30  29  96  96  98  98  98  97  97  98 100 100 100 100  99 100 101 102
 103 105 105 105 105 105 106 108 109 109 110 109 107 108 109 110 111 112
 114 115 115 114 114 114 114 115 115 115 116 117 118 118 119 120 120 119
 119 121 122 123 124 124 123 123 124 125 129 127 126 127 129 130 130 129
 130 130 131 131 130 130 130 131 132 132 132 132 134 137 137 136 136 136
 137 137 137 137 137 137 138 137 138 129 108  75  53  32  27  24  24  24
  22  21  20  19  22  22  21  20  19  19  19  18  18  18  18  17  17  18
  18  18  17  17  18  19  19  18  17  17  18  20  20  20  19  19  18  18
  19  18  18  19  19  19  17  15  15  14  11  11  15  16  16  17  17  19
  20  20  19  20  21  22  23  24  23  20  18  18  17  16  16  16  18  21
  21  20  20  22  23  21  25  24  31  30  35 128 157 149 156 153 154 153
 155  28]"
"[ 29  28  97  97  97  97  96  97  97  98  99 100  99  99  99 100 101 101
 102 104 105 106 107 107 107 107 108 109 109 109 108 107 109 110 111 112
 114 116 115 114 114 114 115 116 116 117 117 117 118 119 120 121 121 122
 122 121 121 122 123 123 122 122 123 123 129 129 128 128 129 130 130 129
 130 130 130 130 131 131 131 130 131 132 133 134 135 136 137 136 136 137
 137 138 138 138 137 137 136 137 134 132 106  69  54  32  27  24  23  23
  23  21  20  21  20  20  19  19  20  19  18  16  18  18  18  18  17  17
  18  18  17  16  17  19  19  17  16  17  17  19  21  20  19  18  18  18
  18  18  18  19  21  20  18  15  14  13  12  12  14  16  17  18  17  17
  17  19  19  19  20  20  23  22  24  24  19  17  20  16  14  17  18  20
  23  21  19  21  24  22  24  27  25  24  67 144 158 152 154 153 156 155
 152  30]"
"[ 29  28  97  97  98  98  97  97  99 100 101 101 100 100 100 100 102 103
 104 105 106 106 107 107 107 108 109 110 110 109 109 108 110 111 112 112
 113 115 115 114 114 114 114 114 115 116 117 117 119 119 120 121 122 122
 122 122 122 123 123 123 123 124 124 124 128 128 129 129 130 131 131 130
 130 131 131 131 131 131 131 132 132 133 135 135 137 138 138 138 136 137
 138 138 139 139 139 139 138 134 131 123  94  52  47  31  27  24  23  23
  23  21  21  22  20  19  19  19  19  19  18  17  18  18  19  19  18  18
  18  18  18  18  18  19  19  18  16  16  17  19  20  20  18  18  18  18
  18  18  19  20  21  21  19  16  15  14  13  13  14  16  17  18  17  16
  17  18  18  19  19  20  20  23  24  23  28  21  18  19  18  18  19  22
  23  21  20  22  20  24  25  26  23  40 100 155 156 152 153 153 155 155
 154  29]"
"[ 29  28  98  97  98  98  97  97  99 101 102 102 101 100 100 101 102 103
 104 105 105 105 106 107 107 108 109 110 110 110 110 109 111 111 112 112
 113 115 115 114 115 114 113 113 115 116 117 118 118 119 120 121 122 122
 123 123 122 122 122 123 123 124 124 125 126 127 128 129 130 131 130 129
 130 131 132 132 131 130 131 132 132 134 135 136 137 138 138 138 137 137
 138 138 139 139 140 140 138 135 136 122  89  43  42  31  26  24  22  22
  22  21  21  22  20  19  19  19  18  18  19  18  18  19  19  19  19  18
  18  18  18  17  17  18  19  18  16  15  17  18  20  19  18  17  18  17
  16  17  18  20  21  20  18  17  15  14  13  13  14  15  17  17  16  16
  17  17  18  18  19  20  21  26  24  19  22  16  25  19  18  17  20  24
  23  20  21  23  28  25  21  18  32  90 150 159 153 154 155 155 153 154
 156  29]"
"[ 30  29  98  97  98  99  97  97  98  99 101 101 101 101 101 102 101 102
 104 104 104 105 106 108 107 107 108 109 110 110 110 111 111 111 112 112
 113 115 115 115 116 115 114 114 115 116 117 118 117 118 119 120 121 122
 122 122 122 122 121 122 123 124 125 125 125 126 128 129 130 131 130 130
 131 131 132 132 132 131 132 132 133 134 135 136 137 138 138 138 137 138
 138 138 139 139 139 139 135 135 140 117  79  41  37  29  25  23  21  20
  20  19  19  20  20  20  19  19  18  18  18  19  18  19  19  19  19  18
  18  18  17  16  16  17  19  19  17  16  17  19  19  19  18  18  18  17
  16  17  18  19  19  19  18  17  16  15  14  13  14  15  16  16  16  16
  17  18  18  18  19  20  22  24  24  26  17  30  75  72  34  24  21  24
  24  23  24  23  18  19  23  44  98 148 157 154 153 156 154 154 154 156
 156  28]"
"[ 30  29  98  97  98  99  98  97  97  99 100 101 101 101 102 103 103 104
 105 105 105 106 107 108 108 108 109 109 109 109 110 111 111 111 112 113
 114 114 115 116 117 116 116 116 116 117 118 118 117 118 120 121 122 122
 122 121 123 123 123 124 125 126 127 127 127 128 129 130 130 131 132 131
 131 131 132 133 134 135 135 134 134 135 135 136 137 138 139 139 137 138
 138 139 139 139 139 139 139 141 144 108  68  46  37  34  25  24  22  20
  19  19  19  19  21  21  20  19  17  17  18  19  18  18  19  18  18  17
  18  18  16  16  16  17  19  20  18  17  18  19  19  19  18  18  18  18
  18  18  19  19  18  18  18  19  17  16  15  15  15  16  16  17  16  16
  18  19  19  18  19  19  22  22  25  27  20  67 131 142 109  75  40  23
  19  20  20  16  20  45  85 117 142 159 159 159 158 159 154 155 157 159
 156  31]"
"[ 29  28  97  95  98 100  99  99  99 100 101 102 102 102 102 103 104 105
 105 105 105 106 107 108 110 110 110 110 109 109 110 111 112 112 112 114
 114 114 114 115 117 117 117 117 118 118 119 119 119 120 121 122 122 123
 122 122 124 124 125 126 127 128 128 128 128 129 130 129 130 131 132 132
 131 131 132 133 135 137 136 136 135 135 135 135 136 137 138 138 137 138
 139 140 141 141 140 140 137 141 137  94  57  44  32  30  26  25  23  21
  20  20  19  19  20  20  19  18  17  17  17  18  17  18  18  18  17  17
  17  17  17  17  17  18  19  20  19  17  17  18  18  18  18  19  18  17
  19  18  18  18  17  18  18  19  18  17  16  15  15  16  16  16  16  16
  17  18  18  18  18  19  22  24  24  16  32 104 144 152 150 137 118  97
  75  63  63  68  90 113 125 135 144 144 141 137 138 141 139 139 137 137
 135  27]"
"[ 29  28  97  95  97 101 101 100 100 101 102 103 102 102 102 103 105 105
 105 105 105 106 107 107 109 110 111 111 110 110 110 111 112 112 113 115
 115 114 115 116 116 117 117 118 118 118 120 121 121 121 121 122 122 123
 123 123 125 125 126 127 128 128 129 129 129 130 130 130 129 130 131 131
 131 132 133 134 135 136 136 136 135 136 136 135 136 137 138 137 137 138
 140 141 142 141 140 140 139 144 132  88  59  41  32  29  26  25  23  21
  20  20  20  19  19  19  18  17  16  16  16  17  16  17  18  18  17  17
  17  17  17  17  18  18  19  20  19  17  16  16  16  16  17  18  18  17
  18  17  17  17  17  18  18  18  18  17  16  15  15  16  16  16  17  17
  17  18  17  17  19  21  22  24  26  33  70 123 131 129 131 129 125 123
 120 116 114 116 118 116 116 124 123 120 125 123 118 123 124 123 119 117
 117  28]"
"[ 29  29  97  94  97 101 101 100 100 101 103 103 102 102 102 103 104 104
 104 104 105 106 107 108 107 109 111 111 111 110 110 111 111 111 113 115
 116 115 116 117 115 116 117 118 118 118 120 122 122 122 121 121 121 122
 123 124 125 126 128 128 129 129 129 129 130 131 131 131 130 130 131 131
 133 134 135 136 135 135 135 136 136 137 137 137 137 138 138 138 138 139
 140 142 142 141 139 138 140 144 125  82  59  33  32  30  24  23  22  20
  20  19  19  18  17  17  17  16  16  16  16  16  15  16  17  18  17  17
  16  16  16  17  17  17  18  19  19  17  15  15  15  15  16  17  17  16
  18  17  17  17  18  19  19  19  18  18  16  16  16  16  16  16  18  18
  18  18  17  18  20  22  23  20  30  72 111 120 117 117 116 119 117 116
 116 113 110 113 111 116 118 114 117 116 108 113 114 114 114 114 114 114
 112  30]"
"[ 28  30  98  96  98  99 101  99 101 102 104 105 104 101 102 105 107 104
 104 108 109 106 104 105 107 109 110 109 111 110 110 112 111 112 113 115
 115 116 116 116 115 116 117 117 117 118 121 123 122 123 123 123 122 123
 124 125 124 126 128 129 129 129 129 129 130 130 130 130 130 130 131 132
 133 134 136 137 137 136 135 136 136 136 136 136 136 138 138 138 140 139
 139 140 140 139 138 137 142 141 114  72  54  33  32  26  24  22  22  22
  20  18  18  17  17  17  17  17  17  17  17  16  16  16  17  17  17  17
  16  15  17  16  16  16  17  18  18  18  18  18  17  17  16  17  18  18
  17  17  16  17  18  19  19  18  18  17  16  16  16  17  18  19  18  17
  21  17  20  22  14  18  23  48  82 106 113 112 113 115 113 115 115 115
 115 115 114 114 113 114 114 114 113 112 111 111 111 112 112 112 112 111
 111  29]"
"[ 29  30  97  97  99 100 102 101  99 100 103 104 104 103 104 106 104 103
 103 105 107 107 107 107 107 108 109 109 109 109 109 110 112 113 114 115
 115 116 116 116 118 118 118 118 118 119 121 122 121 121 122 123 124 125
 125 125 125 126 128 129 129 129 129 129 130 130 130 130 130 131 132 133
 136 135 134 134 134 134 134 135 137 137 137 137 138 140 139 138 141 141
 140 140 139 139 137 136 136 134 106  70  53  34  31  25  24  22  23  23
  20  18  18  16  17  17  17  17  17  17  17  17  17  17  17  18  17  17
  16  16  16  16  16  16  16  17  18  18  19  18  17  17  17  17  18  19
  17  16  16  17  18  19  18  18  17  16  15  16  16  17  18  19  17  18
  21  19  18  16  21  39  71  94 111 110 108 113 116 112 112 113 114 114
 113 114 114 114 112 113 113 113 112 111 111 111 111 111 111 111 112 112
 111  29]"
"[ 29  28  95  96  98  99 100 100  99 102 103 103 103 103 104 104 104 105
 105 105 106 108 108 108 109 110 111 110 110 110 110 111 110 111 111 112
 113 114 115 115 117 116 116 117 118 120 122 122 122 122 122 124 126 126
 124 123 126 126 126 127 128 129 129 129 129 131 131 130 130 132 134 134
 135 133 131 131 132 132 131 130 131 131 130 129 130 129 127 124 126 125
 124 124 125 125 124 123 119 114  87  61  46  33  28  24  24  22  22  22
  19  18  18  17  17  17  17  17  17  17  17  16  17  17  17  17  17  17
  16  16  16  16  16  16  16  16  17  18  18  17  17  16  16  17  18  18
  16  16  16  16  17  18  18  17  17  16  15  15  16  16  17  19  19  19
  20  23  21  21  44  79  98 107 112 109 109 114 115 112 111 112 113 112
 112 113 113 112 111 112 112 112 111 111 110 110 111 110 110 110 112 112
 111  28]"
"[ 30  29  97  98 100  99 100 100 100 102 104 103 102 103 103 102 103 104
 104 105 105 106 107 107 109 110 111 111 110 110 111 111 112 112 112 113
 114 115 116 116 116 116 117 118 119 120 121 122 119 118 119 120 120 119
 117 115 116 116 116 117 118 118 118 117 114 117 118 117 116 118 119 119
 117 116 116 117 118 117 115 114 115 115 116 116 117 118 116 113 113 112
 111 112 113 114 113 112 108 101  75  57  43  34  27  25  25  22  21  20
  18  17  19  18  17  17  17  17  16  16  15  15  16  16  16  16  16  16
  16  16  16  16  16  16  15  16  17  17  17  17  17  17  17  17  18  18
  16  16  16  16  17  17  17  17  17  16  15  15  15  16  17  18  21  20
  18  23  23  23  52  93 104 103 105 111 113 112 110 111 112 112 112 112
 111 112 112 111 111 111 111 111 111 111 111 111 111 111 110 110 111 111
 111  28]"
"[ 28  29  98  99 100  98  99  99 100 102 103 102 103 104 104 103 104 103
 104 107 107 105 106 109 110 109 110 110 108 108 110 110 108 108 109 109
 109 110 110 111 111 112 113 112 111 109 109 109 110 110 110 110 109 108
 106 106 106 106 106 107 108 108 107 106 106 109 111 109 108 110 110 109
 108 109 111 112 112 111 110 109 109 109 110 111 111 112 111 110 112 112
 111 111 111 110 109 108 107  97  72  55  40  33  25  23  24  21  20  20
  18  17  18  18  18  18  17  17  17  16  16  16  16  16  16  16  16  16
  16  16  16  16  16  16  15  16  17  17  17  17  17  18  18  18  18  18
  16  16  16  16  16  17  17  16  17  16  16  16  16  16  17  18  18  20
  18  23  24  22  48  86 104 107 110 111 110 110 111 112 112 113 112 111
 111 112 112 111 112 112 112 112 112 112 112 111 111 111 111 110 110 109
 110  29]"
"[ 28  29  98  98  99  98  99  98 100 101 102 102 102 103 102 102 103 101
 102 105 104 100 100 103 105 103 105 105 101 102 104 103  99 100 100 100
  99  99  99 100 101 103 104 103 100  98  98  98 103 104 105 104 103 103
 103 104 104 104 104 105 106 106 105 103 103 105 107 106 104 105 104 104
 104 105 106 107 107 107 107 109 110 111 111 110 109 109 108 107 110 110
 109 109 109 108 106 105 106  93  68  52  37  31  23  22  21  19  20  21
  19  18  18  16  18  18  18  18  18  18  18  17  16  17  17  17  17  17
  17  16  16  16  16  16  16  16  17  17  16  16  17  17  18  18  17  17
  16  16  16  16  16  16  16  16  16  16  16  17  17  17  18  18  17  21
  21  22  24  25  47  85  99 104 109 110 110 111 112 112 112 112 111 111
 111 112 113 112 112 112 112 112 112 112 112 112 111 112 112 110 109 108
 110  29]"
"[ 31  31  96  95  96  97  98  96  96  96  97  98  97  96  96  97  95  94
  94  95  94  92  91  92  95  92  95  95  91  92  96  94  95  96  97  97
  96  95  96  96  97  99  99  99  98  97  97  98 100 101 102 102 101 101
 102 103 102 102 102 102 103 104 104 103 104 105 105 105 104 103 103 104
 104 104 105 106 106 106 107 109 107 107 107 107 108 109 108 106 106 107
 108 109 108 107 106 105 106  89  66  48  37  33  26  23  20  18  19  20
  18  17  17  16  17  17  18  18  18  18  18  17  16  17  17  17  17  17
  17  16  16  16  15  15  16  16  17  17  16  16  16  16  16  16  16  16
  16  16  16  16  16  16  16  16  16  16  16  18  18  18  18  18  19  22
  22  20  23  25  42  79  97 102 108 111 112 111 111 110 111 111 110 109
 110 111 112 112 111 111 111 111 111 112 111 111 111 111 110 109 109 108
 110  29]"
"[ 28  27  89  86  88  90  91  87  88  88  89  91  91  90  90  92  89  90
  91  91  91  92  92  91  92  89  92  94  90  92  96  94  93  95  97  97
  96  95  96  97  97  97  97  97  97  97  97  97  98  98  98  98  98  98
  98  99 101 100 100 101 102 103 103 103 104 103 103 103 102 101 101 103
 104 104 104 105 105 105 106 106 108 107 107 106 107 107 105 102 106 107
 109 109 108 106 105 105 105  86  62  43  34  31  25  21  21  18  18  18
  16  17  18  18  17  17  17  17  17  17  16  16  15  16  17  17  17  17
  16  16  16  15  15  15  16  17  17  17  16  16  16  15  15  16  17  17
  16  16  16  16  16  16  16  16  16  16  17  18  18  17  17  17  17  19
  22  22  28  30  39  72  92 103 111 110 107 109 111 111 111 110 109 108
 109 110 111 110 111 110 110 110 111 111 111 110 110 110 109 108 109 109
 110  29]"
"[ 28  29  81  84  84  86  86  87  84  88  90  89  87  87  89  89  88  88
  89  89  89  89  88  88  90  89  88  88  90  91  93  94  91  91  92  94
  95  96  95  95  96  96  97  97  97  96  95  95  97  97  97  97  97  97
  97  97 100  98  98 100 103 103 103 102 103 103 103 103 101 101 102 103
 104 104 104 105 105 105 106 105 106 105 105 105 106 107 107 106 107 106
 109 110 109 107 105 103 102  80  57  39  33  28  26  21  20  19  18  18
  18  17  18  18  18  19  19  18  17  17  16  15  16  16  16  16  16  16
  16  16  16  16  16  16  16  17  17  17  16  16  16  16  17  17  17  17
  19  17  15  15  16  16  16  16  16  16  16  17  18  18  17  17  19  18
  23  23  25  26  32  55  84  97 109 107 112 110 110 110 111 111 110 110
 110 110 110 110 111 110 109 110 112 112 111 109 109 110 111 110 110 109
 111  29]"
"[ 29  29  81  82  82  84  85  85  83  86  88  87  85  85  86  86  85  86
  87  87  87  87  87  87  90  90  89  89  89  89  90  92  91  91  93  94
  94  94  94  95  94  95  96  96  97  97  96  96  97  97  97  97  98  98
  98  98  97  97  98 100 102 102 102 102 103 102 102 102 102 102 103 104
 104 104 104 105 105 105 105 105 105 104 104 105 106 107 106 105 106 105
 107 108 107 106 105 104 101  80  56  37  32  27  24  21  22  20  19  19
  18  18  18  18  18  19  19  18  17  17  16  16  16  16  16  16  16  16
  16  16  16  16  16  16  16  16  17  17  16  16  16  16  16  16  17  17
  18  17  16  16  16  16  16  16  16  16  16  16  17  18  18  18  19  18
  22  22  23  24  28  49  77  96 108 108 112 110 110 111 110 111 111 111
 111 111 111 111 110 110 109 110 112 112 111 109 109 110 110 109 110 110
 111  29]"
"[ 29  30  82  83  83  84  84  84  83  85  86  85  83  83  83  84  84  85
  86  86  86  86  86  87  88  88  88  89  89  89  90  92  91  92  94  94
  93  93  94  96  94  95  95  96  97  97  97  97  98  97  97  98  99 100
  99  98  97  97  99 101 101 101 101 102 102 101 101 102 102 101 102 103
 103 104 105 105 104 104 105 105 104 104 104 106 107 106 105 104 105 104
 106 106 105 105 105 104  99  80  54  35  32  27  24  23  23  21  20  19
  19  18  18  18  18  19  19  18  17  17  17  16  16  16  16  16  16  16
  16  16  16  16  16  15  15  16  16  16  16  16  16  16  16  16  16  16
  16  16  16  16  16  16  16  16  16  16  15  16  17  18  19  19  20  19
  23  23  24  24  27  43  73 100 107 108 110 110 109 111 110 110 111 112
 111 111 112 112 110 110 110 111 112 112 111 110 110 109 109 109 110 110
 111  29]"
"[ 28  30  84  86  85  86  84  83  83  84  84  83  82  82  82  82  84  85
  85  85  85  86  86  87  86  87  88  89  89  90  91  93  93  93  94  94
  92  92  94  96  96  96  96  96  96  97  97  97  97  96  96  98 100 100
  99  98  98  99 101 102 102 101 102 102 102 102 101 101 101 101 101 102
 103 104 105 105 104 104 104 105 104 104 105 106 107 106 105 104 105 105
 105 106 105 105 105 103  96  78  52  33  32  26  24  24  24  22  20  19
  19  19  18  18  18  18  18  17  17  17  16  16  16  16  16  16  16  16
  16  16  16  16  16  15  15  15  15  15  16  16  16  16  16  16  16  16
  16  16  16  16  16  16  17  17  18  17  16  16  16  18  19  19  20  19
  22  23  25  25  28  39  68 101 105 107 108 109 110 111 110 111 112 112
 111 111 112 113 112 111 110 111 112 112 111 110 110 110 110 109 110 109
 111  29]"
"[ 28  30  84  86  85  85  83  83  82  82  82  82  82  81  81  82  84  84
  84  83  83  84  85  86  88  89  90  91  91  90  91  93  95  94  93  93
  93  93  94  96  97  97  96  96  96  96  96  96  97  96  96  97  99 100
  99  98 100 100 101 102 103 103 102 102 103 103 102 102 102 102 102 102
 104 105 106 105 104 104 105 105 105 105 105 105 105 105 104 104 105 105
 106 106 105 105 104 101  93  76  51  31  30  25  22  23  23  21  20  20
  20  19  19  19  17  18  17  17  16  16  16  15  16  16  16  16  16  16
  16  16  16  16  16  16  15  15  15  15  16  16  16  16  16  16  16  16
  16  16  16  16  16  16  17  18  18  17  16  16  16  18  19  20  18  19
  21  23  24  25  28  35  58  93 101 105 108 110 111 112 111 111 111 111
 110 111 112 113 114 113 111 111 112 112 112 111 111 111 111 110 110 109
 110  29]"
"[ 29  30  82  83  81  82  82  82  82  82  83  83  82  81  82  83  84  84
  84  83  83  84  85  87  89  89  91  92  92  93  94  95  95  94  93  93
  94  94  94  95  95  95  96  96  96  95  95  95  96  96  96  97  98  98
  98  98 100  99  99 101 102 103 102 102 102 102 102 102 102 102 102 103
 104 105 105 105 105 105 105 105 105 105 105 104 104 104 104 104 105 105
 106 105 104 105 104 100  92  74  50  31  29  24  22  22  20  19  18  18
  19  18  18  17  17  17  17  16  16  16  16  15  16  16  16  16  16  16
  16  16  16  16  16  16  16  15  15  15  16  16  16  16  16  16  16  16
  16  16  16  16  16  16  18  19  18  17  16  16  17  19  20  21  19  20
  22  23  24  25  28  32  48  84 100 106 110 111 111 110 111 112 111 111
 110 111 112 113 114 113 112 112 112 113 113 113 111 112 112 111 111 110
 111  29]"
"[ 29  30  81  82  80  81  81  83  83  83  83  84  83  82  82  84  84  84
  84  84  85  86  87  88  88  88  90  91  92  93  94  95  94  94  94  95
  95  94  94  95  94  95  95  96  96  96  96  96  96  97  97  97  97  97
  98  99 100  98  98  99 101 101 101 101 100 100 101 102 102 102 102 104
 104 105 105 105 105 105 105 105 105 105 104 104 104 104 104 104 105 105
 105 105 104 105 104 100  91  72  50  33  29  24  24  21  18  17  17  18
  18  17  16  16  17  17  17  16  16  16  16  16  16  16  16  16  16  16
  16  16  16  16  16  16  16  15  15  15  16  16  16  16  16  16  15  15
  16  16  16  17  17  17  18  18  18  17  16  16  17  19  20  21  22  22
  23  24  24  25  29  30  39  74 101 106 110 111 110 110 112 112 112 112
 112 112 113 114 113 113 113 113 113 114 113 113 112 112 112 112 113 112
 112  29]"
"[ 28  29  82  83  82  82  82  83  83  83  83  84  82  81  82  84  83  84
  85  85  86  87  88  88  89  89  89  90  91  91  91  92  93  93  95  96
  95  94  94  94  94  95  96  96  97  97  97  97  97  97  98  97  96  97
  98 100 100  99  99  99 100 100 100 101 100 101 102 102 102 102 103 105
 105 105 105 105 105 105 105 105 104 105 105 105 105 105 105 105 105 105
 105 105 104 106 105 100  88  68  49  33  28  25  25  21  18  18  18  19
  18  17  16  16  17  18  17  17  16  17  17  16  16  16  16  16  16  16
  16  16  16  16  16  16  15  15  15  15  16  16  16  16  16  15  15  15
  16  16  17  17  17  18  18  18  19  18  17  17  18  19  19  20  22  23
  23  24  23  25  29  29  32  65  98 103 108 110 112 113 112 112 112 112
 113 114 114 114 112 112 113 114 114 114 114 113 113 112 111 112 114 114
 113  29]"
"[ 28  29  80  82  83  83  81  81  80  81  82  82  82  82  82  82  84  84
  84  86  87  87  87  87  87  88  88  89  89  89  90  90  91  92  94  95
  93  91  93  96  94  95  95  96  97  97  97  97  97  97  97  97  97  97
  99 100 100 100 100 100 100 100 101 101 101 101 101 102 103 103 103 104
 104 104 105 105 105 105 104 104 104 104 105 105 105 105 104 104 105 105
 105 104 105 105 103  99  87  66  40  31  29  24  23  20  19  19  18  17
  17  17  16  16  17  18  18  18  17  16  16  16  16  16  16  16  16  16
  16  16  16  16  16  16  16  16  16  16  16  16  16  16  16  16  16  16
  15  15  16  17  18  18  18  18  17  17  17  17  18  20  21  21  22  23
  24  24  24  25  29  32  31  56  97 102 110 110 112 113 114 114 113 113
 112 113 114 115 114 114 114 114 114 114 114 114 114 113 112 112 113 114
 114  29]"
"[ 29  30  81  82  83  83  81  81  81  82  83  83  83  83  83  83  84  85
  86  87  87  85  84  83  86  86  87  88  89  89  88  88  89  90  92  93
  92  91  92  94  94  95  96  97  97  97  97  97  97  97  97  97  97  97
  98  99 100  99  98  97  98  99 100 101 102 102 102 102 102 102 102 103
 104 104 105 105 105 105 105 104 104 104 105 105 105 105 105 105 105 105
 104 103 105 106 105 102  83  63  38  28  25  21  21  19  19  19  18  18
  18  17  16  16  17  18  18  18  18  17  17  17  16  16  16  16  16  16
  16  16  16  16  16  16  16  16  16  16  16  16  16  16  16  16  16  16
  16  16  16  17  17  17  17  18  18  17  17  18  19  20  21  21  22  23
  24  23  24  25  29  32  32  49  84  96 106 109 112 116 114 114 114 113
 113 113 113 114 114 114 114 114 114 114 114 114 114 113 113 113 113 114
 114  29]"
"[ 29  30  81  81  82  83  81  81  82  82  83  84  84  83  83  84  84  85
  86  87  86  84  83  82  85  86  88  89  89  89  89  88  88  89  90  92
  92  91  92  93  94  95  96  97  97  97  97  97  97  97  96  97  97  97
  98  98  99  98  97  97  98 100 101 101 102 102 102 102 102 101 102 102
 104 104 105 105 105 105 105 105 104 105 105 105 105 104 105 105 105 105
 105 105 106 107 105 103  81  62  38  27  23  20  20  19  19  19  19  19
  18  18  16  15  17  18  18  18  18  17  16  16  16  16  16  16  16  16
  16  16  16  16  16  16  16  16  16  16  16  16  16  16  16  16  16  16
  17  16  16  16  16  16  16  17  17  17  16  17  18  19  20  20  22  23
  23  24  24  26  29  32  33  41  73  97 106 110 110 114 114 114 114 114
 114 113 113 112 114 114 114 114 114 114 114 114 114 114 114 113 114 114
 114  29]"
"[ 28  29  80  81  82  82  81  81  81  82  83  83  83  83  83  83  82  84
  85  86  85  83  84  85  86  87  88  89  90  90  89  89  89  89  89  90
  91  92  93  93  94  95  96  97  97  97  97  97  97  97  97  97  98  98
  98  97  98  98  99  99 100 101 102 102 101 101 101 102 102 102 102 103
 104 104 105 105 105 105 105 105 104 105 105 105 104 104 105 106 104 105
 106 106 107 107 105 103  84  63  39  28  24  21  20  20  19  19  19  19
  18  18  17  16  16  16  17  18  17  16  15  15  16  16  16  16  16  16
  16  16  16  16  16  16  16  16  16  16  16  16  16  16  16  16  16  16
  16  16  16  16  16  16  16  16  17  17  16  17  19  20  21  21  23  24
  24  24  25  27  30  32  33  35  63  97 107 111 109 113 114 114 114 114
 114 114 113 112 114 114 114 114 114 114 114 115 114 114 115 114 114 114
 114  29]"
"[ 28  29  80  81  82  83  82  83  81  81  82  82  83  83  82  82  81  83
  85  86  85  84  84  85  86  87  88  88  89  90  90  90  90  89  88  89
  91  93  93  93  94  95  96  97  97  97  97  97  97  97  97  98  98  99
  99  98  98  99 101 101 101 101 103 104 101 100 101 101 102 102 102 103
 104 104 104 105 105 105 105 105 104 105 105 105 104 104 105 105 104 105
 105 106 106 106 105 104  87  65  40  27  24  23  21  19  20  19  18  18
  18  18  17  17  15  16  17  17  16  16  15  15  16  16  16  16  16  16
  16  16  16  16  16  16  16  16  16  16  16  16  16  16  16  16  16  16
  16  16  17  17  17  17  17  16  18  18  18  19  20  22  22  23  24  24
  24  24  24  26  28  30  32  30  52  90 103 110 111 115 114 113 113 114
 114 114 114 113 114 114 114 114 114 114 115 115 115 115 116 115 115 115
 115  29]"
"[ 29  29  80  81  82  83  82  83  81  82  82  82  83  83  82  82  81  83
  86  88  87  84  83  83  87  87  88  89  89  90  90  90  91  90  89  89
  91  93  93  93  93  95  96  96  96  96  97  98  97  97  97  98  99  99
 100 100 101 101 101 100 100 101 103 105 102 101 101 102 102 102 102 103
 104 104 104 104 104 104 105 105 104 104 105 105 105 105 105 105 105 105
 104 104 104 104 105 106  89  65  39  25  23  24  20  19  19  19  18  18
  18  18  17  17  16  16  17  17  16  16  16  15  16  16  16  16  16  16
  16  16  16  16  16  16  16  16  16  16  16  16  16  16  16  16  16  16
  15  16  17  18  18  18  17  17  17  18  18  19  20  21  23  23  23  24
  24  23  23  25  27  29  32  30  48  83 100 110 112 114 114 114 114 114
 114 114 115 114 114 114 114 114 114 115 116 116 116 116 116 116 116 116
 115  29]"
"[ 29  29  80  80  81  82  81  83  82  81  82  82  83  83  82  81  82  84
  86  87  87  85  84  84  86  87  88  89  90  90  90  90  90  90  89  89
  91  93  93  91  93  94  95  96  95  96  97  98  96  97  97  98  98  99
 100 101 102 102 101 100 101 102 103 104 103 103 103 103 103 103 103 103
 104 104 104 104 104 104 105 105 105 104 104 105 106 106 105 104 106 105
 105 105 104 104 105 106  92  67  41  25  22  24  20  19  19  18  18  18
  18  18  17  17  16  16  17  17  16  16  16  16  16  16  16  16  16  16
  16  16  16  16  16  16  16  16  16  16  16  16  16  16  16  16  16  16
  16  16  17  18  18  18  17  17  16  17  18  19  19  20  21  22  22  23
  24  23  23  24  27  29  32  32  45  74  96 109 113 113 115 115 115 115
 115 115 115 115 114 114 114 114 115 116 117 118 117 116 117 117 117 117
 116  29]"
"[ 29  29  79  79  80  81  80  81  81  81  81  82  82  82  82  81  84  84
  85  85  85  85  86  88  84  85  87  88  89  89  89  88  88  89  89  88
  90  92  91  88  93  94  95  95  95  95  97  98  96  96  97  97  98  99
 100 101 102 101 101 101 103 103 102 101 104 103 103 104 104 103 104 104
 104 104 104 104 104 104 105 105 105 104 104 105 107 107 105 103 105 106
 107 107 106 104 103 103  96  70  44  26  23  25  20  20  18  18  18  18
  18  18  17  16  16  16  16  16  15  15  16  16  17  16  16  16  16  16
  16  16  16  16  16  16  16  16  16  16  16  16  16  16  16  16  16  16
  17  17  17  17  17  17  17  17  17  18  19  19  19  19  21  22  22  23
  24  24  23  25  28  30  32  32  39  62  88 107 115 115 115 116 116 116
 115 115 115 116 115 115 114 115 115 117 118 118 118 117 118 118 118 118
 116  29]"
"[ 28  29  79  79  79  80  78  80  81  83  84  83  82  82  82  82  84  84
  84  84  84  85  85  86  86  86  86  87  88  88  88  87  88  89  90  90
  91  92  92  91  94  95  94  93  94  96  97  97  97  97  97  96  95  96
 100 103 102 101 100 101 102 102 102 101 103 103 103 103 104 104 105 105
 105 104 104 105 105 105 105 104 106 105 104 104 105 106 106 106 105 106
 108 108 107 107 105 104  96  72  40  25  24  25  23  19  20  18  16  17
  18  18  17  16  16  16  16  16  16  16  16  16  16  16  16  16  16  16
  16  15  16  16  16  16  16  15  15  16  16  16  16  16  16  16  16  17
  16  17  18  19  19  18  18  18  18  19  19  19  20  21  22  22  23  23
  24  24  24  24  25  28  30  31  31  48  89 107 113 115 114 115 115 116
 116 115 116 117 116 116 116 116 116 116 118 119 119 118 116 117 116 116
 117  28]"
"[ 29  30  80  79  80  80  79  81  83  84  85  83  82  82  83  83  86  85
  84  83  83  84  86  88  86  86  86  87  88  88  88  88  89  90  90  90
  92  93  93  93  95  96  95  94  94  96  96  96  96  96  96  96  95  96
  98 101 102 101 100 101 102 103 103 103 103 103 103 103 103 104 104 104
 104 104 104 105 105 106 105 105 105 105 105 106 107 107 107 107 108 108
 108 108 107 107 106 105  97  69  37  25  24  23  21  20  20  18  16  16
  17  16  15  15  16  16  16  16  16  16  16  16  16  16  16  16  16  16
  16  15  16  16  16  16  16  15  15  16  16  16  16  16  16  16  16  16
  15  16  17  18  18  18  19  19  19  20  20  20  20  22  22  22  23  23
  24  24  24  23  24  25  28  31  32  48  86 107 115 116 117 116 116 117
 117 117 116 116 118 118 118 118 118 118 119 119 120 118 117 118 118 119
 119  28]"
"[ 29  30  79  79  79  81  80  82  83  84  84  83  82  83  83  84  86  86
  85  84  83  84  87  89  87  87  87  88  89  89  90  89  90  90  90  90
  91  93  94  94  95  96  96  95  95  95  96  96  97  97  98  98  97  97
  99 101 102 101 100 101 103 103 103 103 103 103 104 104 104 104 104 104
 104 104 104 105 106 107 107 106 106 106 106 107 107 108 108 108 109 110
 109 108 107 107 107 106  99  69  36  26  25  21  20  20  20  18  16  16
  16  16  15  15  16  16  17  17  17  16  16  16  16  16  15  16  16  16
  15  15  16  16  16  16  16  15  16  17  16  16  16  16  16  16  16  16
  15  16  17  17  17  17  19  20  21  21  20  20  21  22  23  22  23  23
  24  25  25  24  24  24  27  29  30  41  74 100 112 114 118 117 116 117
 118 119 118 117 119 119 119 120 120 120 120 120 120 119 118 120 121 122
 121  29]"
"[ 29  29  79  79  79  80  80  82  82  82  82  82  82  83  84  84  84  85
  86  86  86  85  87  88  89  89  89  89  90  91  91  90  91  90  90  90
  91  94  95  95  95  96  97  97  96  96  96  97  97  97  99 100  99  99
 100 102 102 101 101 102 102 102 102 103 105 105 105 105 105 104 104 104
 105 105 106 107 108 108 108 108 109 108 107 107 107 108 109 110 110 109
 109 108 107 108 107 106 101  72  37  26  25  21  21  20  20  18  17  16
  16  16  16  16  16  17  17  17  17  17  16  16  16  16  15  16  16  16
  16  15  16  16  16  16  16  15  16  17  16  16  16  16  16  15  15  16
  15  16  17  17  17  17  18  19  21  21  20  20  21  23  23  22  22  21
  22  23  24  24  24  24  26  28  27  32  59  92 109 115 118 117 117 117
 119 120 119 118 118 118 119 120 121 122 121 120 121 120 120 121 122 122
 121  29]"
"[ 29  29  79  79  79  81  81  83  81  81  80  81  81  82  83  83  82  84
  86  87  87  86  87  88  89  89  89  90  91  91  91  90  91  91  90  91
  93  96  97  96  95  96  97  98  97  96  97  98  96  97  98 100 100 100
 100 102 102 101 101 102 102 102 103 103 105 105 106 105 105 105 105 105
 106 106 107 107 108 109 109 108 109 109 109 108 108 109 110 110 109 109
 109 108 109 109 108 106 100  78  40  25  25  22  23  20  19  18  16  16
  16  15  16  16  16  17  17  17  17  17  16  16  16  16  16  16  16  16
  16  15  15  15  16  16  16  15  16  16  16  16  16  16  16  16  16  16
  16  17  17  18  17  17  18  19  20  19  19  19  21  23  23  22  21  20
  20  21  23  23  24  25  25  26  26  28  49  86 109 120 117 119 119 118
 118 119 120 120 119 119 120 121 122 122 122 121 121 122 121 121 121 121
 121  29]"
"[ 29  30  80  80  80  82  81  83  83  81  80  81  82  81  81  81  83  84
  86  86  86  86  87  88  88  88  89  89  90  91  91  91  91  90  90  91
  94  97  97  97  97  97  98  98  98  97  97  98  97  97  99 100 100 100
 101 102 101 101 101 102 103 103 104 105 104 105 105 105 105 105 106 107
 107 107 107 108 108 109 108 108 108 109 110 111 111 111 111 111 110 110
 110 110 110 110 109 107  97  83  43  23  24  22  23  20  18  18  17  17
  16  16  16  17  16  16  17  17  17  16  16  16  16  16  16  16  16  16
  16  15  15  15  15  16  15  15  15  16  16  16  16  16  16  16  16  17
  16  16  17  18  18  18  19  19  18  18  18  19  21  22  23  22  22  21
  20  20  22  23  24  25  24  24  26  27  41  77 102 117 118 120 121 119
 118 119 120 121 121 121 121 122 122 122 122 122 122 123 122 121 120 121
 121  29]"
"[ 29  30  80  80  81  82  81  83  84  82  81  82  83  82  82  82  84  85
  86  87  87  87  87  88  88  88  88  88  90  91  93  93  92  91  91  92
  94  97  97  96  98  97  97  98  98  97  97  98  99  99 100 101 101 101
 101 102 102 102 102 103 104 104 105 106 105 106 106 105 105 105 107 108
 107 107 108 108 109 109 109 108 109 110 111 111 111 111 112 112 112 112
 112 111 112 112 110 108  95  88  46  22  24  21  21  19  18  18  18  18
  17  15  16  16  16  16  16  16  16  16  16  16  16  16  16  16  16  16
  16  15  15  15  15  15  15  14  15  15  15  15  16  16  16  16  17  17
  18  17  17  17  18  18  19  19  17  18  19  19  21  22  22  22  22  21
  20  20  21  21  23  24  25  22  26  25  32  66  92 111 117 120 121 119
 117 119 120 121 122 122 122 122 122 123 123 124 122 123 122 121 121 122
 121  29]"
"[ 28  29  80  80  81  82  81  82  85  83  82  84  85  84  83  83  84  85
  87  88  88  88  87  87  89  88  87  88  90  92  94  95  95  94  93  93
  95  97  97  96  98  96  97  98  99  98  98 100 101 101 101 101 101 101
 101 102 104 103 104 104 105 105 105 106 108 108 107 106 105 105 107 108
 108 108 108 109 110 110 110 109 111 111 111 110 110 111 112 114 113 113
 112 112 112 112 110 108  96  92  48  22  25  20  18  18  18  18  18  17
  16  14  14  15  16  16  16  16  16  16  16  16  16  16  15  16  16  16
  15  15  15  15  15  15  15  14  14  15  15  15  15  16  16  17  17  17
  19  18  17  17  17  18  18  18  17  18  19  20  21  22  22  21  20  19
  18  18  19  20  21  22  26  22  25  25  29  62  89 111 116 119 119 117
 117 118 120 120 122 122 122 122 122 123 124 125 123 123 122 122 122 124
 122  28]"
"[ 29  29  80  82  81  81  81  82  83  83  83  83  83  83  83  83  85  86
  87  88  88  88  87  87  90  88  88  90  92  93  94  96  95  94  93  93
  95  97  97  97  97  96  97  97  97  98  99  99  99  99 101 101 101 100
 101 102 104 103 103 104 105 107 108 108 108 108 108 107 106 106 107 109
 109 109 110 110 109 110 110 111 113 113 112 112 111 112 113 114 116 114
 113 113 114 113 110 108  99  87  51  26  24  23  17  19  18  17  17  17
  16  16  16  16  16  16  16  16  16  15  15  15  16  16  16  16  16  16
  16  15  15  14  14  15  15  14  14  15  15  14  14  14  15  16  17  17
  17  17  17  16  16  17  18  18  17  18  18  19  20  21  20  19  18  18
  19  19  20  21  22  24  23  24  23  27  26  50  86 106 116 117 120 117
 116 119 120 121 122 122 122 122 122 123 125 127 125 124 121 122 120 120
 123  29]"
"[ 29  29  81  82  81  81  81  82  84  84  84  83  83  83  83  83  87  87
  88  89  89  89  89  88  91  90  90  93  94  93  93  94  95  94  94  94
  96  97  97  97  97  97  97  97  97  98  99 100 100 100 100 100 100 101
 103 105 104 104 104 104 105 107 107 108 108 108 108 108 108 107 108 109
 109 110 110 110 110 111 112 112 114 114 114 114 113 113 114 114 116 114
 113 114 114 114 112 110 101  87  50  25  24  23  19  21  18  17  17  17
  17  16  16  17  16  16  16  16  16  16  15  15  16  16  15  16  16  16
  16  15  14  14  14  15  15  15  15  15  16  15  15  15  16  16  17  18
  16  16  16  16  17  17  18  18  18  18  18  18  19  20  19  18  18  18
  19  20  20  21  22  23  23  23  23  24  24  40  84 102 116 119 121 120
 118 119 119 121 122 122 122 122 123 124 125 126 125 124 122 123 121 121
 123  28]"
"[ 29  29  81  83  82  82  82  83  84  84  83  83  82  83  83  84  87  87
  88  89  89  89  89  89  91  91  92  94  94  93  92  93  96  95  95  96
  97  97  97  97  98  97  97  97  97  98 100 100 101 100 100 101 102 103
 104 106 105 105 105 105 106 107 107 107 108 108 109 110 109 108 109 110
 110 111 111 112 112 113 114 114 115 115 115 115 114 114 113 113 115 114
 114 115 115 115 113 112 103  85  50  24  23  23  18  19  17  17  16  16
  16  15  16  16  16  16  16  16  16  16  16  16  16  16  16  16  16  16
  16  15  15  14  15  16  16  15  15  16  16  16  15  15  16  16  17  17
  15  15  16  17  17  18  18  18  18  19  19  18  19  19  19  18  17  19
  20  20  20  21  22  23  24  23  24  24  24  29  76  97 117 121 123 122
 121 119 119 121 123 123 123 124 124 124 125 126 125 125 123 124 123 123
 124  28]"
"[ 29  29  81  83  82  83  83  84  84  83  82  82  82  83  85  86  87  87
  88  88  88  89  89  89  90  91  92  94  94  93  93  95  96  96  96  96
  97  97  97  97  97  97  97  98  98  99 100 101 101 101 102 104 104 104
 103 104 105 105 106 107 107 107 107 107 108 109 109 110 109 109 109 110
 112 113 113 113 114 114 115 116 115 115 114 114 115 115 114 113 115 115
 115 115 116 116 115 115 107  86  55  28  24  23  18  16  16  16  16  16
  16  15  15  16  16  16  16  16  16  16  16  16  16  16  16  16  16  16
  16  16  15  15  15  16  16  15  15  15  16  16  15  15  15  16  16  16
  16  16  16  17  17  18  18  18  17  18  19  19  19  20  20  19  17  18
  19  19  19  19  21  22  23  22  24  24  26  23  60  93 117 122 122 122
 123 121 121 123 123 124 124 125 124 125 125 126 125 126 124 125 124 124
 125  29]"
"[ 29  29  80  82  80  81  81  83  82  83  83  83  83  84  85  86  87  88
  88  89  89  89  90  90  91  92  93  94  93  94  95  97  96  96  96  96
  96  97  97  97  97  97  98  99 100 101 101 101 102 102 103 105 105 104
 103 103 105 106 108 109 108 108 107 107 108 108 108 109 109 109 110 111
 113 114 114 114 114 114 115 115 116 115 115 115 115 116 116 115 115 115
 115 116 117 117 116 116 112  91  63  32  26  24  20  17  17  16  16  16
  16  16  16  16  15  16  16  16  16  16  16  16  16  16  16  16  16  17
  16  16  15  16  16  15  15  15  15  14  16  16  16  16  16  16  16  17
  16  16  16  16  16  17  17  17  16  17  18  19  19  20  19  19  17  18
  18  18  17  18  19  21  21  21  22  23  26  23  43  90 116 124 122 122
 124 122 123 124 124 125 125 125 125 125 126 126 127 127 125 126 125 125
 126  29]"
"[ 29  29  79  80  79  80  80  82  81  83  86  87  86  85  84  83  86  87
  88  89  88  89  89  90  92  93  93  93  93  94  95  97  96  96  96  96
  96  97  97  97  97  97  99 100 102 102 103 103 103 103 104 104 104 104
 104 105 106 108 110 110 109 108 108 109 108 108 109 110 111 111 112 113
 114 114 114 113 113 113 114 114 115 115 115 115 116 116 117 117 116 116
 116 117 117 118 117 117 115  94  71  35  23  21  21  18  17  16  16  16
  16  16  16  16  15  16  16  16  16  16  16  16  16  16  16  16  16  16
  16  15  15  16  15  14  14  15  15  14  16  16  16  15  16  16  16  16
  16  16  16  15  15  16  16  16  15  16  18  18  18  18  18  17  17  17
  17  16  16  17  18  19  20  20  19  22  25  24  32  83 112 124 123 123
 125 123 125 125 126 126 127 127 126 126 127 127 129 129 127 127 126 126
 126  28]"
"[ 30  29  79  80  79  80  81  83  83  85  87  88  87  85  84  83  86  87
  88  89  89  89  89  90  91  92  93  94  94  94  95  95  96  96  97  97
  97  97  97  97  97  98  99 101 102 104 104 105 104 104 104 104 104 104
 105 107 107 109 110 110 109 109 110 111 110 110 111 112 113 113 113 114
 114 114 114 114 113 113 114 114 115 115 116 117 117 117 117 117 117 117
 117 118 118 119 118 117 116  98  79  39  22  19  20  17  17  16  16  16
  16  15  15  16  15  16  16  16  16  16  16  16  16  16  15  16  16  16
  15  15  15  15  14  13  13  15  15  15  15  15  15  15  15  15  16  16
  16  16  16  16  16  16  16  16  16  17  17  17  16  17  17  17  18  17
  16  16  17  17  18  18  18  20  19  23  23  24  27  66 103 121 123 123
 125 123 125 125 127 128 128 128 128 128 128 129 129 130 128 128 127 128
 127  28]"
"[ 30  29  79  80  79  82  84  86  86  87  87  87  85  84  85  85  86  88
  89  90  90  90  90  91  91  93  94  95  95  96  96  95  96  96  97  98
  98  97  97  97  97  98  99 101 103 104 105 106 104 104 105 106 105 104
 105 106 109 110 111 110 109 109 111 113 112 112 113 114 115 114 114 114
 115 115 115 114 114 114 115 115 116 117 118 119 119 118 118 118 118 118
 118 118 119 119 118 118 118 103  87  44  24  20  21  16  17  17  17  17
  17  16  16  16  15  16  16  16  16  16  16  15  16  16  15  15  15  15
  15  14  14  14  14  12  13  15  16  16  16  16  16  16  16  16  16  16
  16  16  16  17  17  17  17  16  17  17  17  16  16  16  17  18  18  17
  17  17  18  18  18  17  16  19  20  25  22  22  26  50  94 118 122 122
 124 122 125 125 129 129 129 129 129 129 130 130 127 129 128 129 128 129
 128  29]"
"[ 30  26  82  80  80  82  85  85  86  88  89  88  87  87  87  86  89  91
  91  89  90  92  92  90  90  93  95  96  96  95  96  97  95  96  97  97
  98 101 100  98  99 100 100 101 102 103 104 103 104 104 104 105 105 105
 106 106 108 109 110 110 110 110 111 112 114 113 113 114 114 114 114 115
 115 115 115 115 115 115 116 116 116 117 119 121 122 121 119 118 119 119
 118 118 119 121 120 119 115 104  88  52  26  21  18  18  18  18  18  18
  17  16  16  16  15  16  16  16  16  15  16  16  16  17  16  15  14  14
  14  14  14  14  14  13  12  13  15  17  16  16  16  16  16  16  16  16
  16  16  17  17  17  17  17  16  16  16  17  17  16  16  17  17  19  18
  18  17  17  17  17  17  17  17  18  21  22  24  28  33  94 116 124 123
 125 124 127 127 128 128 128 130 130 129 128 128 128 127 130 129 130 128
 129  30]"
"[ 28  29  80  80  80  80  83  85  85  86  88  88  88  88  89  89  89  90
  91  90  90  92  92  91  91  93  95  96  95  95  95  96  97  97  97  97
  99 101 101  99 100 100 101 101 102 104 104 104 105 105 105 105 106 107
 108 108 109 109 110 111 110 110 111 112 115 115 114 115 115 115 115 116
 116 116 116 116 116 116 117 117 117 118 120 122 122 121 121 120 121 121
 120 120 121 122 122 121 116 111  92  51  21  21  20  19  19  18  17  17
  17  16  16  16  16  16  16  16  15  15  15  16  15  16  15  14  14  14
  14  14  14  15  15  14  13  14  15  16  16  16  15  15  15  15  15  15
  16  16  16  17  17  17  16  16  15  15  16  16  16  17  17  18  17  17
  16  16  16  16  17  17  19  18  18  19  19  19  22  26  74 110 122 121
 127 127 125 127 128 129 130 130 130 131 131 130 129 134 129 129 131 132
 131  26]"
"[ 30  32  77  79  83  84  84  84  83  85  87  87  88  89  90  90  89  91
  92  91  91  92  94  94  94  95  96  97  97  97  97  98  97  97  97  96
  98 100 101 100 102 102 102 102 103 104 105 105 104 104 104 104 105 106
 108 108 109 110 110 111 110 111 112 112 112 112 112 113 114 114 115 116
 116 116 116 116 117 118 119 119 118 120 121 122 123 122 122 123 121 121
 121 121 121 121 121 121 117 108  89  57  26  25  20  19  19  18  17  17
  17  16  16  16  16  16  16  16  16  16  16  16  15  15  15  15  15  15
  15  15  16  16  16  16  15  15  16  17  17  17  17  17  17  16  16  16
  15  15  16  16  16  16  16  16  15  15  16  16  16  16  16  17  16  16
  16  16  16  16  16  17  17  17  17  18  18  18  20  23  34  87 118 118
 118 122 126 129 126 128 129 128 129 131 131 130 131 128 128 132 127 128
 131  30]"
"[ 28  29  83  83  82  80  81  81  83  85  86  87  87  88  89  89  88  90
  91  90  90  91  93  94  93  94  94  95  96  96  97  97  97  97  97  96
  98 100 101 101 102 102 102 101 102 104 105 105 106 106 106 106 106 107
 108 109 110 110 111 112 112 112 113 114 114 114 114 115 116 117 118 118
 116 115 115 115 115 117 117 118 117 119 121 122 121 121 122 122 122 123
 123 122 122 122 123 122 116 108  96  69  25  19  20  20  19  17  15  15
  16  16  15  15  16  16  16  16  17  17  17  16  16  16  16  15  16  17
  17  16  14  14  14  13  12  12  13  14  14  14  14  14  15  15  15  15
  16  16  16  16  16  16  16  16  16  16  16  16  16  15  16  16  16  16
  16  15  15  15  15  15  16  16  16  17  18  18  20  23  22  62 107 124
 121 121 125 121 127 128 129 129 130 130 130 129 132 127 133 130 130 133
 129  28]"
"[ 31  25  84  81  82  84  87  87  83  84  85  86  86  87  88  88  89  91
  92  91  91  92  94  95  94  94  94  95  96  97  98  98  98  98  98  99
 100 102 102 102 101 102 101 101 102 104 106 106 106 107 107 108 108 108
 109 109 109 110 110 111 112 112 113 114 115 114 115 115 116 115 116 116
 119 118 117 116 117 118 118 118 118 120 122 123 123 122 122 123 121 122
 122 121 120 121 121 121 117 110 102  75  23  21  27  19  20  18  17  17
  17  17  17  17  16  16  15  15  16  16  15  15  14  15  14  15  16  17
  17  16  17  16  17  15  15  15  16  16  16  15  16  15  17  16  17  17
  16  16  16  16  16  16  16  16  17  17  17  16  16  16  16  16  18  18
  18  17  17  17  17  17  16  16  16  16  16  16  17  18  19  28  63 102
 122 127 127 126 124 123 126 129 131 130 129 131 129 130 132 127 132 129
 128  34]"
"[ 31  27  83  81  81  82  83  81  83  84  85  86  87  88  89  89  89  90
  91  91  90  90  92  94  94  94  95  95  96  97  98  98  98  98  99 100
 100 101 101 101 102 102 102 103 104 106 107 108 107 108 108 109 110 110
 110 110 111 111 112 112 113 113 114 114 114 114 114 116 116 116 117 118
 116 115 115 116 118 119 120 120 119 120 121 122 122 121 121 121 122 123
 123 123 122 122 123 122 118 109 105  83  33  21  24  17  18  16  15  15
  16  15  15  15  17  17  17  16  16  15  15  14  15  15  15  15  15  16
  17  16  16  16  15  14  14  14  15  16  15  15  16  16  16  15  15  15
  17  16  16  16  16  16  17  17  16  17  17  16  16  16  17  17  14  14
  14  15  15  15  15  15  17  17  17  17  16  16  17  17  17  16  25  48
  79  99 108 120 123 121 123 128 130 127 127 130 129 127 127 130 130 129
 132  24]"
"[ 28  33  77  83  81  81  82  86  83  84  85  85  86  87  88  87  91  92
  93  94  93  92  93  94  96  96  96  96  96  97  97  98 100 100 100 101
 101 101 101 101 103 103 104 103 104 106 107 107 108 108 109 109 110 110
 110 110 112 112 112 112 113 113 113 113 114 114 114 116 117 117 118 119
 117 116 117 118 120 122 122 122 121 121 122 122 122 121 121 121 120 121
 122 121 121 121 121 121 119 114 111  93  50  23  21  21  18  17  17  17
  17  17  17  17  15  15  16  15  15  14  13  13  13  14  14  14  14  14
  15  14  15  15  14  14  14  14  15  15  16  16  16  16  16  16  15  15
  15  14  14  14  14  14  15  15  14  14  14  14  14  14  15  15  16  16
  16  16  17  17  17  17  15  15  16  16  15  16  16  16  15  20  19  18
  36  59  73  88  96  97 102 109 115 119 122 126 122 120 122 124 122 132
 126  32]"
"[32 28 29 27 28 30 28 29 29 29 29 29 29 29 29 29 28 29 30 30 29 28 28 29
 29 29 29 29 29 29 29 29 30 29 29 29 29 28 28 29 29 29 29 28 28 29 29 29
 29 29 29 28 28 29 29 29 30 29 29 29 29 29 29 29 29 29 29 29 29 29 29 29
 30 29 28 29 30 30 29 28 29 29 29 28 28 28 28 29 28 29 29 29 29 30 30 29
 29 28 28 30 30 28 29 27 29 29 29 29 29 29 29 29 29 29 30 30 30 29 29 29
 29 29 30 29 28 29 29 29 29 29 29 29 29 29 29 29 28 29 29 29 29 29 29 29
 30 29 29 29 29 29 30 30 30 30 30 29 29 28 29 30 29 29 29 29 29 29 29 29
 29 30 30 29 29 29 29 29 29 27 31 29 27 30 28 28 29 29 29 29 29 29 29 29
 30 28 30 31 27 28 30 28]"
