"[33 29 31 27 29 31 27 30 29 29 29 29 29 29 29 29 29 29 29 30 31 30 29 27
 29 29 29 29 29 29 29 30 29 28 28 29 30 30 29 28 29 29 29 29 28 28 29 30
 30 30 29 29 28 28 29 29 29 29 29 29 29 28 28 29 29 29 29 29 29 29 29 30
 29 29 29 29 29 29 29 29 28 29 29 29 29 29 29 29 30 29 29 30 29 28 28 29
 30 28 28 29 29 28 28 29 30 30 29 29 28 28 29 29 30 29 28 28 29 29 29 29
 29 29 28 28 29 29 29 29 29 29 28 29 29 30 29 28 30 29 28 28 29 29 29 28
 29 29 30 29 29 29 29 28 29 29 30 29 29 28 29 30 29 29 30 30 29 28 28 31
 29 29 29 29 29 29 29 28 29 29 30 29 28 30 28 29 29 29 29 27 32 29 29 29
 30 29 32 29 29 31 29 30]"
"[28 34 26 31 30 30 25 31 28 29 30 30 29 29 29 28 31 29 28 27 27 27 29 31
 29 28 28 29 30 30 29 27 29 29 29 29 29 29 29 29 28 28 29 30 30 29 28 29
 28 28 29 29 29 29 29 29 29 28 29 29 29 29 29 30 28 28 28 28 28 28 28 28
 29 29 29 29 29 29 29 29 29 29 30 29 29 30 29 28 29 28 28 29 29 30 30 30
 30 29 29 30 29 29 29 30 27 28 28 29 29 29 30 30 29 29 30 30 30 29 29 28
 30 29 29 29 30 30 29 28 29 30 29 28 28 29 29 28 29 29 29 29 29 29 29 30
 30 30 29 29 29 29 30 30 29 28 27 28 29 29 28 26 29 28 27 29 31 31 30 29
 27 29 30 30 29 28 29 30 29 28 31 30 30 30 28 29 29 30 29 28 27 27 27 29
 30 28 25 26 32 28 31 27]"
"[ 33  28 127 127 125 128 131 129 129 129 129 128 126 124 123 123 127 129
 134 140 143 142 144 148 150 150 151 152 154 155 155 154 154 154 153 152
 151 150 150 150 155 154 153 153 153 153 154 154 154 154 153 151 150 149
 150 151 151 151 150 149 148 147 146 145 146 146 147 147 147 147 147 146
 145 145 145 145 145 145 144 144 143 144 143 141 139 138 136 134 132 131
 128 126 125 124 122 119 121 121 121 121 120 119 119 121 119 119 119 118
 116 115 113 112 112 112 111 110 109 108 109 110 110 109 108 106 105 104
 101  99  95  96  96  94  94  96  96  95  93  95  95  95  93  92  93  94
  93  92  90  89  89  90  91  92  92  95  99 102 101  97  93  90  83  78
  72  69  68  67  66  65  67  65  64  63  62  61  59  57  58  56  55  52
  48  46  41  40  44  49  51  58  59  66  70  75  82  88  90  84  84  84
  82  30]"
"[ 31  25 140 141 137 138 140 136 136 135 134 133 131 130 130 130 132 130
 131 132 130 125 125 128 130 133 136 138 139 141 145 148 151 152 152 151
 151 151 151 152 152 151 151 152 152 152 153 154 152 152 152 151 151 150
 151 152 150 152 152 151 150 151 150 148 146 147 147 148 148 148 148 147
 148 148 148 148 148 147 147 146 147 148 148 147 146 145 145 144 143 143
 140 138 138 139 136 132 126 126 126 125 124 123 122 122 123 123 122 121
 120 120 119 118 117 117 116 114 113 113 113 114 112 111 110 110 109 108
 106 104 106 107 106 102 101 101 100  97  97  98  98  97  95  93  93  93
  94  92  91  90  89  88  89  89  89  92  94  95  94  93  93  94  92  93
  94  94  91  87  83  81  77  75  73  72  72  71  69  66  66  63  62  60
  59  59  55  54  55  55  54  53  46  45  42  42  46  48  54  61  64  72
  76  27]"
"[ 30  33 132 137 134 135 134 133 137 136 136 137 137 136 137 138 136 133
 132 134 133 131 132 136 130 132 134 133 132 131 133 135 131 132 133 134
 135 136 137 138 144 146 150 153 154 154 155 156 152 153 154 155 154 152
 151 150 151 152 153 153 153 152 152 151 150 151 152 152 152 152 151 151
 150 150 150 150 150 150 149 149 148 148 148 147 147 147 147 147 146 146
 145 143 145 147 145 141 139 138 138 137 137 136 134 132 127 126 124 123
 122 122 122 122 121 121 121 121 121 121 119 117 115 114 113 113 113 113
 111 110 113 113 112 110 110 110 108 104 102 102 102 101 100  99  98  97
  97  95  94  93  91  89  88  88  89  88  88  89  92  93  94  94  93  93
  92  92  92  93  94  95  96  96  95  91  85  80  79  79  73  69  68  66
  67  68  63  61  63  59  60  59  59  57  58  54  52  50  44  46  45  44
  45  30]"
"[ 30  26 171 167 163 162 160 155 148 146 146 146 145 142 140 139 137 135
 134 136 137 136 136 138 138 137 137 135 134 131 129 127 132 133 133 133
 132 131 131 131 129 130 131 134 136 138 142 145 153 152 152 151 151 152
 152 153 153 152 152 153 152 151 151 151 151 152 153 153 152 151 151 151
 152 152 153 153 153 153 153 154 155 155 154 152 152 152 152 151 152 152
 151 150 150 151 149 147 146 145 145 145 146 146 143 141 141 138 135 132
 130 129 128 127 126 124 121 121 122 123 122 121 122 122 121 120 119 118
 117 116 114 113 113 113 114 114 112 109 110 109 109 110 110 109 108 106
 106 105 104 104 102  99  96  96  92  94  96  96  95  94  92  91  92  92
  91  92  94  94  91  88  89  90  90  89  88  87  88  89  91  88  87  85
  84  83  76  74  73  67  67  64  65  62  64  58  59  59  58  55  49  52
  47  31]"
"[ 29  29 181 179 178 178 175 172 173 170 168 168 166 161 156 154 155 151
 147 144 143 142 144 146 143 143 143 142 142 142 141 140 137 136 135 133
 132 130 129 128 132 130 127 127 129 132 135 137 133 131 129 130 132 136
 139 141 145 144 144 148 150 150 153 156 151 152 153 153 152 151 152 153
 152 152 152 152 152 153 153 153 152 153 152 152 152 154 154 154 152 152
 152 152 153 153 152 152 150 150 150 149 150 151 149 147 148 147 145 144
 143 142 140 139 137 134 131 130 129 130 130 130 123 124 124 124 123 123
 122 122 124 122 122 121 120 117 115 114 112 112 112 112 112 112 110 108
 112 110 110 110 109 106 104 104 104 105 105 101  97  95  96  98 100  98
  95  93  94  96  96  95  92  91  89  90  91  91  90  88  87  86  87  87
  89  90  88  88  85  80  81  80  76  75  75  70  72  62  66  66  60  61
  57  28]"
"[ 29  27 194 188 185 187 188 187 190 186 184 186 186 183 179 178 174 174
 173 171 168 164 161 160 153 153 152 148 145 144 145 147 146 146 145 145
 146 147 147 147 144 141 139 138 139 137 135 133 130 129 128 128 130 130
 129 128 132 129 129 133 135 136 140 145 148 150 152 152 151 151 152 153
 155 155 154 154 154 154 154 154 155 155 155 154 154 154 154 154 155 155
 155 156 155 154 154 154 154 154 154 152 152 153 153 151 152 151 151 151
 151 150 147 145 146 147 147 146 145 142 138 136 133 133 133 132 130 128
 126 126 124 123 124 125 124 121 121 123 121 121 121 120 119 117 115 114
 116 114 113 114 114 111 111 112 110 110 109 108 107 105 103 102  99 101
 102 100  97  97  96  96  94  94  93  92  91  90  90  89  88  86  87  85
  85  86  86  89  89  88  91  95  88  90  89  86  84  82  83  77  76  73
  66  31]"
"[ 28  28 191 193 192 191 191 190 190 189 189 190 190 190 190 189 188 187
 186 186 187 186 183 182 180 178 175 172 171 170 168 167 165 163 163 162
 159 159 158 156 156 156 153 156 158 158 158 155 153 150 148 146 145 141
 136 133 133 132 131 131 131 131 129 128 126 127 129 130 130 130 133 136
 140 143 147 149 150 152 153 153 157 157 157 155 156 157 157 156 156 157
 154 153 154 156 158 155 154 154 155 156 155 154 153 154 154 154 154 154
 153 152 152 152 151 152 151 151 151 150 148 146 147 146 144 142 143 144
 142 138 138 137 136 134 132 130 127 124 123 122 123 123 122 121 121 123
 120 118 119 120 118 117 116 114 116 118 115 112 113 113 111 112 110 109
 109 107 105 104 104 102 104 101  98  97  97  97  96  95  97  93  90  89
  88  87  87  89  86  88  89  88  88  88  88  87  87  85  87  87  89  88
  86  30]"
"[ 29  30 194 194 194 193 194 193 194 193 193 193 194 194 193 192 194 193
 193 192 191 190 188 187 193 192 190 188 187 186 184 182 180 178 177 175
 173 172 170 166 162 162 159 159 158 155 154 150 157 157 157 157 155 153
 153 154 152 150 148 146 143 141 138 136 133 132 131 130 128 126 127 128
 127 129 130 130 130 131 130 130 132 136 142 146 148 149 152 155 159 162
 159 156 154 154 158 157 156 155 155 155 154 153 154 155 152 154 155 155
 153 153 153 155 154 154 154 153 154 154 153 152 151 152 152 151 150 150
 150 148 151 149 147 146 145 143 140 138 135 133 132 131 129 126 124 124
 123 120 121 122 122 123 124 124 122 123 121 120 119 118 116 116 116 115
 115 115 113 112 112 110 109 108 108 106 104 102 103 104 100  98  97  96
  95  93  93  93  91  92  92  91  90  89  89  88  86  84  84  82  83  82
  82  29]"
"[ 29  30 194 195 194 194 195 195 195 195 195 195 195 195 194 194 195 195
 196 195 195 194 194 195 195 194 193 192 191 191 189 188 190 188 187 187
 186 186 185 181 180 182 181 180 177 172 172 170 168 167 165 162 159 156
 156 158 154 154 153 154 154 154 153 153 150 148 145 144 141 138 137 137
 127 128 128 129 129 130 129 128 124 122 122 126 127 125 126 128 133 141
 146 151 154 156 159 158 155 156 157 158 157 155 154 155 157 156 156 156
 157 157 155 154 156 156 156 155 155 155 154 153 153 154 154 154 153 154
 154 154 152 151 149 150 149 148 147 147 148 146 144 143 142 140 137 136
 133 130 129 127 124 122 122 121 126 124 125 126 125 124 124 125 120 119
 120 120 118 117 117 115 116 116 116 114 112 110 110 112 109 109 108 106
 104 102 100  99  98  98  97  96  94  92  91  90  89  88  85  82  82  80
  82  29]"
"[ 30  29 194 194 193 193 194 195 195 195 195 195 195 195 195 194 195 195
 195 195 195 196 196 197 196 196 196 195 195 195 194 192 191 191 191 193
 193 194 193 190 190 193 192 192 190 187 188 187 186 183 180 179 179 178
 176 175 169 168 166 165 163 162 161 160 159 157 155 155 156 154 153 153
 156 154 151 148 144 141 137 133 134 130 127 128 128 127 126 126 124 127
 127 131 135 137 139 138 141 144 147 151 152 153 154 155 158 156 155 156
 158 159 157 155 154 155 156 157 157 157 156 156 156 155 154 154 154 155
 155 154 156 155 154 155 155 154 153 154 152 151 150 150 150 149 147 146
 147 145 145 144 141 138 137 135 131 126 126 128 125 124 125 124 124 123
 124 125 123 122 122 121 121 119 118 117 117 116 115 115 112 113 114 112
 111 111 109 107 106 106 105 103 100  99  97  96  96  96  93  90  90  88
  87  29]"
"[ 30  29 194 194 193 193 194 194 194 194 195 195 196 196 196 196 197 196
 195 195 195 195 195 195 194 194 194 194 194 194 194 193 194 194 196 196
 194 195 195 193 193 195 193 194 193 191 192 192 190 188 187 189 192 192
 191 189 191 189 186 183 180 179 177 177 174 171 168 167 166 164 161 161
 163 162 161 159 158 156 152 149 148 149 149 147 144 141 139 138 136 135
 132 132 132 131 131 128 129 129 129 130 131 132 135 138 144 146 148 148
 147 148 150 153 154 156 158 158 158 158 157 156 155 156 156 157 156 155
 154 154 153 153 154 156 156 156 157 158 154 154 154 153 152 152 151 150
 148 148 150 152 150 149 149 147 146 139 137 138 134 131 129 126 127 126
 127 128 127 126 126 125 128 126 124 124 124 124 123 122 120 121 121 119
 118 118 117 115 115 115 113 111 109 108 106 105 105 106 103 101 101  99
  96  29]"
"[ 30  29 193 194 194 193 194 193 193 193 194 195 195 195 195 196 196 195
 195 195 195 195 195 195 196 196 196 196 196 196 196 195 195 195 197 196
 194 195 195 194 196 197 195 196 196 194 196 195 194 194 194 195 195 194
 193 193 193 193 192 192 192 193 195 195 193 190 187 185 182 179 176 176
 171 171 170 168 166 164 161 158 155 155 154 153 153 153 152 150 150 151
 148 147 144 139 137 135 134 132 130 128 125 123 122 122 121 123 124 124
 123 123 126 128 134 138 143 146 150 153 155 156 154 157 161 161 157 153
 152 153 155 156 157 157 156 157 157 157 155 155 155 154 153 154 153 153
 154 153 154 155 154 153 153 152 155 151 150 152 150 147 143 139 137 135
 135 135 133 131 130 130 130 130 129 128 127 126 126 127 127 127 125 124
 124 124 123 122 121 121 119 117 116 116 115 114 114 113 110 109 108 109
 105  29]"
"[ 29  29 193 194 195 195 194 193 192 193 193 194 194 194 194 195 193 194
 195 195 195 195 196 196 195 195 195 195 194 195 195 194 194 194 195 195
 194 195 196 194 194 195 193 194 195 194 196 194 194 195 196 196 195 194
 195 196 195 195 194 193 193 193 194 194 195 194 193 194 194 193 193 194
 192 193 193 191 189 187 186 185 182 177 171 168 167 166 162 159 155 154
 151 152 153 152 154 154 146 145 145 145 143 140 136 135 130 129 127 126
 125 125 124 124 123 124 125 124 123 123 124 125 131 135 141 146 150 151
 154 157 157 160 161 158 157 158 159 158 154 154 153 153 153 155 154 153
 154 153 155 156 154 154 154 154 152 153 153 154 157 155 152 151 151 148
 148 148 145 143 142 142 137 136 134 133 131 129 129 129 127 126 125 126
 128 128 128 128 126 125 124 122 122 122 122 121 122 120 118 118 115 118
 114  28]"
"[ 29  29 193 195 196 196 195 194 193 194 195 195 195 195 195 195 194 195
 197 196 195 194 195 196 195 195 195 194 194 194 194 194 196 195 195 195
 194 195 196 194 194 196 195 196 196 194 196 194 196 195 194 195 195 195
 195 195 195 195 196 195 195 195 195 195 195 194 195 196 195 194 195 196
 194 195 196 195 194 194 194 194 193 189 188 188 185 181 178 178 178 175
 171 172 171 166 160 154 154 153 152 153 152 150 148 147 147 147 147 144
 140 137 137 138 135 136 134 130 126 125 127 128 126 123 122 124 127 127
 125 124 132 137 140 141 144 151 156 156 159 158 156 155 156 158 157 155
 155 154 157 158 156 155 155 154 154 157 156 154 156 156 154 155 155 152
 153 154 153 152 153 153 154 150 146 146 146 143 139 136 138 134 133 133
 133 131 129 128 130 129 128 127 126 127 127 126 126 124 125 125 121 125
 121  29]"
"[ 29  30 194 195 194 194 195 194 193 195 196 196 195 196 196 195 196 195
 195 195 196 196 195 194 195 195 195 195 195 195 195 195 194 195 195 195
 195 195 195 195 195 195 195 195 195 195 195 195 195 195 195 195 195 195
 195 195 195 195 195 195 196 196 196 196 197 196 195 195 195 196 196 197
 197 196 196 196 196 196 195 194 194 194 194 194 194 192 191 190 189 190
 191 192 190 187 183 181 182 178 173 171 169 165 163 163 159 152 146 145
 147 148 149 150 148 147 147 146 143 142 142 140 137 136 134 131 130 126
 123 123 125 123 121 121 123 127 130 131 130 133 139 146 151 154 158 161
 159 158 158 159 158 155 154 154 156 156 156 157 158 158 158 159 158 158
 156 158 156 153 154 155 154 153 152 154 155 153 149 146 146 146 146 145
 143 141 140 139 139 136 133 131 130 129 127 126 126 127 129 129 126 124
 128  29]"
"[ 29  29 194 195 195 195 195 194 194 195 196 195 195 195 195 195 196 195
 194 195 196 196 196 195 195 195 195 195 195 195 195 195 194 194 195 195
 195 195 195 195 195 195 195 195 195 195 195 195 195 195 195 195 195 195
 195 195 195 195 195 195 196 196 196 196 197 196 196 196 196 197 197 197
 196 196 196 196 197 196 196 195 195 195 195 196 195 195 194 194 193 194
 195 195 194 193 191 190 191 189 187 187 186 185 184 183 187 181 175 173
 170 166 162 160 153 152 152 151 149 148 147 145 143 144 146 147 145 142
 141 141 143 140 134 130 128 127 126 125 123 123 122 122 122 123 125 128
 136 137 141 146 150 152 154 156 159 160 161 163 162 159 157 156 159 159
 156 157 158 158 159 157 158 158 158 157 156 155 156 156 153 153 152 152
 152 152 151 150 146 146 144 143 142 140 138 137 135 134 134 134 131 129
 130  27]"
"[ 29  29 193 195 196 196 196 195 196 196 196 196 196 196 196 195 196 195
 195 196 197 197 197 196 196 196 196 195 195 195 195 195 195 195 195 195
 195 195 195 195 195 195 195 195 195 195 195 195 195 195 195 195 195 195
 195 195 195 195 195 196 196 196 196 196 196 196 196 197 197 197 197 196
 196 196 196 197 197 197 196 196 195 195 195 195 195 196 195 195 194 195
 195 195 196 195 195 195 194 193 193 194 194 192 191 191 192 190 189 190
 191 189 186 186 183 181 179 175 170 166 163 160 159 154 153 153 151 151
 150 146 145 145 145 145 145 144 139 135 136 132 127 124 121 121 123 126
 124 121 119 119 121 123 126 129 136 137 139 143 148 151 154 156 151 156
 158 159 158 158 159 157 155 157 158 157 156 156 157 156 156 155 154 153
 154 154 154 153 153 152 151 149 147 146 147 148 146 143 142 143 142 140
 139  29]"
"[ 29  29 194 196 196 196 196 196 197 197 197 196 197 198 197 196 196 196
 196 196 197 197 197 197 197 196 196 195 195 195 195 195 196 196 195 196
 196 196 195 195 196 196 195 195 195 195 195 195 195 195 195 195 195 195
 195 195 195 195 195 195 196 196 196 195 195 195 195 196 197 197 196 196
 195 196 196 197 197 197 196 196 195 195 195 195 194 194 195 195 195 195
 194 194 194 195 195 195 195 195 195 195 194 193 192 192 194 193 193 193
 193 192 191 191 192 191 191 191 189 188 188 186 182 174 172 171 167 166
 165 160 156 154 152 150 151 151 150 147 145 145 146 146 145 141 137 134
 132 130 128 127 125 122 120 118 118 116 115 116 119 123 126 128 137 145
 151 155 156 156 161 162 163 163 162 159 159 160 158 154 157 158 157 156
 155 156 156 155 153 154 155 155 154 152 151 151 153 151 149 150 150 148
 145  29]"
"[ 29  29 194 196 196 195 196 197 196 197 197 197 198 199 198 197 197 197
 197 197 197 198 198 197 197 197 196 195 195 195 195 196 196 196 196 196
 196 195 195 195 196 196 196 195 195 195 195 195 195 195 195 195 195 195
 195 195 195 195 195 195 195 196 195 195 195 195 195 195 196 196 196 196
 195 196 196 196 196 196 195 195 196 196 195 195 195 195 195 195 196 196
 196 195 195 195 195 195 195 196 196 196 196 196 196 196 191 191 192 193
 194 194 195 196 196 194 195 194 191 190 190 188 190 188 191 192 186 183
 184 181 184 181 177 173 171 169 166 163 159 156 151 148 145 144 143 143
 139 139 138 138 138 138 136 135 134 132 130 129 128 126 123 122 119 119
 117 118 118 116 119 121 126 128 129 132 140 151 157 159 158 159 159 157
 155 155 155 155 152 152 153 153 153 154 155 156 154 154 152 155 154 154
 151  31]"
"[ 29  29 194 196 195 194 195 197 197 198 199 199 200 200 200 199 199 199
 199 199 199 199 199 199 199 198 198 197 197 197 197 198 197 197 197 197
 196 196 195 196 197 197 196 196 196 196 196 196 196 195 195 195 195 196
 196 196 196 195 195 195 195 195 195 195 196 195 195 195 196 196 196 196
 196 196 196 196 195 195 195 195 196 196 195 195 195 195 195 195 196 196
 196 196 196 196 196 195 194 195 195 195 195 195 196 196 194 195 195 195
 195 195 194 194 194 194 195 195 194 194 194 193 191 190 193 194 190 189
 190 189 188 189 188 188 188 186 182 179 178 177 176 174 170 165 160 157
 155 153 148 144 143 143 143 143 144 142 141 141 141 139 136 134 138 136
 132 131 126 121 122 122 123 123 122 119 118 119 121 122 130 135 139 142
 146 151 155 157 157 157 156 155 154 154 154 154 154 155 153 155 153 153
 152  28]"
"[ 30  29 194 195 193 192 194 197 197 199 200 201 201 201 200 199 200 200
 200 200 201 201 201 201 200 200 199 198 198 198 199 199 198 199 200 199
 197 196 196 197 197 197 197 196 196 197 197 197 196 196 196 196 196 196
 197 197 197 196 195 195 195 195 196 196 196 196 196 196 196 197 196 196
 196 196 196 195 195 194 195 196 195 195 195 196 196 196 196 196 195 195
 195 195 195 195 195 195 195 196 196 196 195 196 196 195 193 193 194 194
 195 196 196 196 196 195 196 196 195 195 195 194 198 195 193 192 192 192
 192 192 192 191 189 188 189 190 192 192 190 188 186 184 182 180 179 178
 181 180 177 172 168 165 161 158 159 156 152 151 150 148 145 143 135 139
 140 142 140 136 138 138 131 131 130 127 124 120 118 117 117 119 120 119
 121 125 126 126 131 136 142 148 151 152 153 153 156 157 154 156 154 156
 156  30]"
"[ 29  29 194 195 192 190 193 197 196 198 200 200 200 199 198 198 199 199
 199 200 200 200 201 201 200 199 198 198 198 198 199 199 198 200 200 199
 197 196 196 197 197 197 197 197 197 197 198 198 197 196 196 196 197 197
 198 198 198 197 196 195 195 196 196 196 196 196 196 196 196 196 196 195
 196 196 196 195 194 195 196 196 196 196 196 196 196 196 196 196 195 195
 195 195 195 195 195 195 194 196 196 196 196 197 196 195 195 195 194 194
 194 195 195 195 195 194 195 196 195 195 195 194 193 194 195 194 193 192
 191 194 193 193 192 191 190 191 191 191 190 189 189 189 189 189 190 191
 187 187 186 183 182 183 183 183 177 175 172 171 170 167 163 161 154 155
 152 151 151 150 149 144 143 140 138 139 140 140 138 137 132 132 129 126
 126 127 126 123 117 118 118 116 114 115 120 123 126 130 130 136 140 148
 153  28]"
"[ 29  29 193 195 196 196 197 197 198 198 197 197 197 197 197 197 200 200
 201 201 201 201 201 200 201 200 199 198 197 197 198 199 199 200 201 200
 198 197 198 199 198 199 199 199 199 199 199 199 199 198 197 197 197 198
 198 199 198 198 198 197 196 196 196 196 196 197 197 197 198 198 198 197
 197 197 197 197 197 196 196 196 196 197 197 197 196 196 196 196 196 196
 196 196 196 195 195 195 195 195 195 195 195 195 195 195 195 195 194 194
 194 195 195 196 195 195 194 195 195 195 194 194 194 193 193 192 192 192
 192 193 193 193 192 192 192 193 192 192 191 190 189 189 189 189 189 189
 189 188 187 187 187 188 190 191 189 188 186 183 182 181 181 181 182 179
 174 170 167 164 161 160 158 155 150 146 142 142 144 146 145 143 143 140
 137 138 137 139 134 132 132 130 125 121 119 117 116 118 116 113 117 117
 116  32]"
"[ 29  29 193 195 196 196 197 197 196 196 196 196 197 197 197 196 197 198
 199 200 200 200 200 199 200 200 199 198 197 198 198 199 199 200 201 200
 198 197 197 197 198 199 199 199 200 199 199 199 199 198 197 197 198 199
 199 200 199 199 199 198 198 197 197 197 198 198 198 197 197 197 197 197
 196 197 197 197 197 197 197 197 197 197 197 197 197 196 196 196 197 196
 196 196 196 196 196 196 196 196 196 196 196 196 196 196 195 195 195 195
 195 195 195 195 195 195 195 195 195 195 194 194 193 193 193 193 193 193
 193 193 194 193 192 192 192 193 193 192 191 190 189 189 190 190 190 190
 190 189 189 189 189 189 190 191 188 188 187 187 187 187 187 187 186 185
 183 182 181 181 179 178 178 176 173 169 166 163 161 161 153 150 149 145
 143 142 139 139 148 145 143 143 141 140 141 139 137 133 130 128 133 130
 123  25]"
"[ 29  29 193 195 196 196 197 196 196 196 196 196 197 197 197 196 196 197
 199 199 199 199 200 200 200 200 200 199 198 198 199 200 199 200 200 200
 199 198 197 197 199 199 200 200 200 199 199 198 200 198 197 198 199 200
 200 200 200 200 199 199 199 199 198 198 200 199 199 198 198 198 198 198
 197 198 199 199 199 199 199 200 199 198 198 198 198 198 197 197 197 197
 196 196 196 196 197 197 196 196 196 196 196 196 196 196 195 195 195 195
 195 195 194 194 195 195 194 194 195 195 194 194 192 193 193 193 193 193
 193 192 193 192 191 191 191 192 192 192 190 189 189 189 189 190 190 190
 190 190 190 189 189 189 189 189 189 189 189 189 189 189 189 189 187 186
 186 186 187 187 187 186 182 182 182 182 182 181 179 177 180 177 176 173
 172 172 169 168 164 159 154 151 147 145 143 140 142 139 138 137 138 138
 139  32]"
"[ 29  29 193 195 196 196 197 196 196 196 196 196 197 198 198 197 197 198
 199 200 199 199 199 200 200 200 200 200 199 199 199 200 200 200 201 201
 200 199 197 197 199 199 199 199 199 199 198 198 200 198 197 198 199 200
 200 200 200 200 199 199 200 199 199 198 199 199 199 199 199 199 199 199
 198 199 200 200 200 199 200 201 200 199 199 199 199 199 198 198 198 198
 197 197 197 197 198 198 197 197 197 197 197 197 197 197 196 196 196 196
 195 195 195 195 195 195 195 195 195 195 194 194 193 193 193 194 194 194
 194 193 193 192 191 191 191 191 191 191 189 189 189 189 189 189 189 189
 189 189 189 190 189 189 189 188 189 189 189 189 189 188 188 187 188 187
 187 187 187 187 187 187 186 186 186 186 186 186 185 184 183 180 180 179
 180 181 178 178 179 175 174 174 172 171 170 168 161 158 156 151 145 143
 146  27]"
"[ 29  30 194 196 196 196 197 196 196 196 196 196 197 198 198 198 199 199
 199 199 198 197 198 199 199 200 200 200 200 200 200 201 200 200 200 200
 200 199 198 197 199 199 198 198 198 198 198 198 198 197 196 197 199 200
 200 200 200 200 200 200 200 199 199 198 197 198 198 199 200 200 199 199
 199 200 200 200 199 199 199 199 200 200 199 199 200 199 199 198 199 198
 198 198 198 198 199 199 199 199 199 199 199 199 199 198 198 197 197 196
 196 196 197 197 197 196 196 196 195 195 195 195 194 194 194 194 194 195
 195 195 194 193 192 192 192 192 192 192 190 190 190 190 190 189 189 189
 190 190 190 190 190 190 190 190 189 189 189 189 189 189 189 189 188 188
 187 187 188 188 188 189 189 189 189 188 187 186 187 187 188 186 188 186
 186 187 185 186 187 184 184 184 181 180 179 177 178 174 174 174 171 170
 169  30]"
"[ 29  30 194 196 196 196 196 196 196 196 196 195 196 196 197 198 199 199
 199 198 198 197 198 199 198 199 200 200 200 201 201 202 200 200 200 200
 200 199 198 197 199 198 198 197 197 197 198 198 196 196 196 197 198 199
 200 201 200 200 200 200 200 199 198 198 197 198 199 200 200 200 199 199
 200 200 201 200 199 199 199 199 200 200 199 199 199 199 199 198 199 199
 199 199 199 199 200 200 199 199 200 200 199 199 199 199 198 198 197 196
 196 197 197 198 197 197 197 196 195 195 195 195 195 195 194 194 194 194
 195 195 194 194 193 193 193 193 192 192 191 191 191 191 190 189 189 189
 190 190 190 190 190 190 190 190 190 190 189 189 189 189 189 189 188 188
 187 187 187 187 188 188 187 187 188 188 188 187 188 189 187 186 188 187
 186 187 186 187 188 187 188 189 187 187 189 189 190 187 185 187 187 185
 183  28]"
"[ 29  29 193 195 195 195 196 195 195 196 196 196 195 196 197 197 198 198
 199 199 199 199 199 200 200 200 200 200 200 200 200 201 200 200 200 200
 199 199 199 198 198 198 197 197 197 197 197 197 196 196 197 197 198 198
 199 200 200 200 200 200 200 199 198 197 197 198 199 200 200 200 200 200
 200 200 201 200 200 199 199 199 199 199 199 199 199 199 199 199 199 199
 199 200 200 200 200 200 199 199 199 199 199 199 199 199 198 198 198 197
 198 198 199 199 199 199 198 197 196 195 196 196 195 195 195 195 195 195
 195 195 194 194 194 194 194 193 192 192 192 192 191 191 190 189 190 190
 190 190 191 191 190 190 190 190 191 191 190 189 189 189 188 188 190 190
 190 189 188 188 188 188 190 190 190 189 189 188 188 188 188 187 188 187
 188 189 188 189 188 186 187 188 186 186 188 188 187 188 187 188 186 185
 187  30]"
"[ 29  29 193 195 195 195 195 195 195 196 197 197 196 195 196 197 196 197
 198 199 200 200 200 200 201 201 201 200 199 199 199 199 201 201 201 200
 200 199 199 200 197 197 197 197 197 197 197 197 197 197 198 198 197 197
 198 199 199 200 200 200 199 198 197 197 197 197 198 199 200 200 200 200
 200 200 200 200 200 199 199 199 198 199 199 199 199 198 198 199 199 199
 200 200 200 200 200 199 199 199 199 199 199 199 199 199 199 199 200 200
 200 200 201 201 201 201 200 199 198 197 198 198 197 197 197 197 197 197
 196 195 195 195 195 195 195 195 193 192 194 193 192 191 190 191 192 193
 192 192 192 192 192 191 191 190 189 190 190 190 190 190 190 190 188 188
 189 189 188 188 188 188 190 189 188 187 188 189 189 189 190 188 189 188
 188 189 187 188 188 187 189 190 189 189 189 188 187 190 188 189 188 187
 188  28]"
"[ 29  30 194 195 195 195 195 195 195 195 195 196 196 196 196 196 197 197
 197 198 199 200 200 200 199 200 200 199 198 198 199 200 200 201 201 201
 201 200 199 198 198 197 197 197 197 197 196 196 197 198 198 198 197 197
 197 198 199 200 201 200 198 197 197 197 198 198 198 199 200 201 200 200
 200 199 199 198 198 198 199 199 199 199 199 199 198 197 198 198 200 200
 200 200 200 200 199 199 199 199 199 199 199 200 200 200 198 200 199 199
 200 199 199 203 203 200 202 198 197 200 198 198 199 199 199 199 199 199
 197 195 195 195 195 195 195 195 195 194 194 193 193 192 192 192 192 192
 193 193 193 193 192 192 191 191 190 190 190 190 190 190 190 189 191 190
 189 190 190 189 188 189 189 189 189 189 189 189 190 190 188 188 188 188
 187 188 188 188 188 188 188 189 190 189 190 190 190 188 188 189 187 188
 186  29]"
"[ 29  29 194 195 195 195 195 195 195 195 195 196 196 196 197 197 197 196
 197 198 199 200 200 200 200 200 200 200 199 199 199 200 200 200 200 201
 200 200 199 198 198 198 197 197 198 198 198 197 197 198 198 198 198 198
 198 198 198 199 199 199 198 197 197 197 198 198 198 199 199 200 200 200
 200 200 199 199 199 199 199 200 199 199 199 199 198 197 197 198 198 198
 198 199 199 200 200 201 199 199 199 199 199 200 200 200 200 203 201 200
 203 204 201 199 200 200 203 202 201 201 197 198 201 201 201 199 198 198
 198 198 195 197 197 194 194 196 196 194 194 194 194 194 193 193 193 193
 194 194 194 194 193 193 192 192 193 193 193 193 192 192 192 192 192 191
 191 192 192 191 190 191 190 190 190 190 190 190 190 190 190 190 189 189
 188 188 188 189 188 187 187 188 189 189 190 190 191 189 189 190 188 188
 186  29]"
"[ 29  29 193 195 195 194 195 195 195 195 195 195 196 196 196 197 196 196
 197 197 198 199 199 199 201 200 199 199 199 199 199 198 199 199 199 200
 200 199 199 198 199 198 197 197 198 199 199 198 197 197 197 197 198 198
 198 198 197 197 197 197 197 197 197 197 197 197 197 197 198 198 199 199
 200 200 199 199 199 199 199 199 199 199 199 199 198 198 198 198 197 196
 196 197 198 200 200 200 198 199 199 199 199 199 199 199 197 199 199 200
 201 200 201 205 207 204 202 201 202 202 199 201 200 199 200 204 203 200
 198 199 201 197 194 195 196 195 194 194 195 195 195 195 195 195 194 194
 195 195 195 195 194 194 194 193 194 194 194 194 194 194 194 194 193 193
 193 193 194 193 192 192 192 192 192 192 192 192 192 192 192 191 190 189
 188 188 189 189 188 187 187 188 189 189 190 190 190 189 189 189 187 188
 186  29]"
"[ 29  29 193 195 194 194 195 195 195 195 195 195 195 195 196 196 196 196
 197 197 198 199 200 200 200 200 199 198 198 197 197 197 198 199 199 199
 199 199 199 199 199 198 197 197 197 198 198 199 197 197 197 197 198 198
 198 197 197 196 196 196 196 196 197 197 197 197 197 197 197 197 198 199
 200 199 199 199 199 199 199 199 199 199 198 198 198 198 199 199 198 197
 197 197 198 199 199 199 198 199 199 199 199 199 199 199 200 201 202 203
 204 203 202 203 203 203 203 204 204 201 199 202 200 202 201 197 199 204
 204 199 198 196 194 194 195 194 195 196 195 195 195 195 195 195 195 195
 195 195 195 195 195 195 194 194 194 194 194 194 194 194 194 194 195 194
 194 195 195 194 193 192 193 193 193 193 193 193 193 193 193 192 191 190
 190 190 190 190 189 188 187 188 189 189 189 188 189 188 189 189 187 188
 186  29]"
"[ 29  29 193 195 194 194 195 195 195 195 196 196 196 196 196 196 196 196
 197 198 198 199 200 201 200 200 199 198 196 196 197 198 198 199 199 199
 200 200 200 200 199 199 199 198 197 197 198 200 199 198 198 198 198 198
 197 197 197 196 196 196 196 196 196 196 197 197 197 197 197 198 199 200
 200 200 199 199 199 199 199 199 198 197 197 197 197 198 199 199 200 199
 199 199 199 199 199 199 199 200 200 200 200 199 200 200 199 202 203 200
 199 203 207 206 209 207 203 202 203 202 201 200 203 203 203 204 203 201
 200 201 199 202 202 198 194 194 195 194 195 195 195 195 194 195 195 195
 195 195 195 195 195 194 194 194 194 194 194 194 194 195 195 195 195 195
 195 195 195 195 194 193 192 193 193 193 193 194 194 194 195 194 193 192
 192 192 192 192 191 190 190 190 190 189 187 186 188 188 189 189 188 189
 187  29]"
"[ 29  29 193 195 194 194 195 195 195 196 196 196 197 197 197 197 196 197
 197 197 198 198 199 200 199 200 200 199 197 197 198 199 199 199 199 199
 199 200 200 200 200 200 200 199 197 197 199 200 199 199 198 198 197 197
 196 196 196 196 196 196 195 195 195 195 196 196 196 196 196 197 198 198
 199 199 198 198 198 198 198 199 197 197 196 196 197 198 198 199 198 199
 199 199 199 199 199 199 199 200 200 200 199 199 200 201 204 200 202 206
 207 205 204 203 219 230 239 239 227 215 207 197 202 201 202 205 202 197
 198 204 205 199 195 197 198 195 194 195 195 195 194 194 194 194 194 195
 194 194 194 194 194 194 194 194 193 193 194 194 194 194 195 195 195 195
 195 195 195 196 195 194 193 194 194 194 195 195 195 195 195 195 194 194
 193 193 193 193 194 193 193 193 192 190 187 186 188 188 189 189 188 190
 187  28]"
"[ 29  29 193 195 194 194 195 195 195 195 196 196 196 197 197 197 197 197
 197 197 197 197 197 198 197 198 199 199 199 199 199 199 199 199 199 199
 199 199 199 199 199 199 199 198 198 198 199 199 199 199 198 198 197 196
 196 195 195 196 196 196 195 195 195 195 195 195 195 195 196 197 197 197
 197 197 197 197 197 197 197 197 198 198 197 198 198 199 199 198 197 198
 199 200 199 199 199 200 200 200 200 200 199 199 201 202 201 202 207 207
 202 210 234 254 254 253 252 254 254 252 237 209 203 208 207 202 206 218
 225 224 221 207 196 196 197 196 195 197 195 195 195 194 194 194 194 194
 194 194 194 194 194 193 193 193 193 193 193 193 194 194 194 194 195 195
 195 194 194 196 196 195 194 195 195 195 195 195 195 195 195 195 195 194
 194 193 193 193 194 194 194 195 194 192 191 190 190 190 190 190 190 192
 188  28]"
"[ 29  29 193 195 194 194 195 195 195 195 195 195 195 196 196 196 197 197
 197 196 196 195 196 197 196 196 198 199 200 200 200 199 199 199 199 198
 198 199 199 199 199 198 197 197 198 198 198 198 199 199 199 198 197 196
 196 196 194 195 196 196 195 195 195 195 195 195 195 196 197 198 198 198
 197 197 197 197 197 197 197 197 199 199 199 200 200 200 199 198 197 199
 201 201 201 200 201 201 201 202 202 201 201 201 203 204 206 208 207 205
 216 241 255 252 252 252 252 253 251 255 254 234 216 213 218 232 246 252
 254 254 252 246 228 204 193 196 197 193 195 195 195 195 195 195 194 194
 194 194 194 194 193 193 193 193 193 193 193 194 194 194 194 194 195 195
 194 193 193 195 195 194 194 194 194 194 194 193 193 193 195 196 196 195
 195 194 193 192 194 194 195 196 195 195 194 194 193 193 193 193 192 194
 189  30]"
"[ 29  29 193 195 194 194 195 195 195 195 195 195 195 194 195 195 196 196
 196 196 196 196 196 196 197 198 199 200 200 199 199 199 199 200 200 199
 199 199 200 200 200 199 197 196 197 199 200 199 198 197 196 196 196 196
 196 195 195 196 196 196 196 195 195 195 196 196 196 196 196 196 197 197
 196 196 196 197 197 196 197 198 199 199 199 199 199 199 199 199 198 199
 200 200 200 199 200 201 201 203 206 203 202 204 204 206 208 213 206 212
 242 255 252 254 252 252 252 252 253 253 253 253 242 247 252 254 253 253
 253 254 255 254 254 234 203 192 196 196 196 196 195 195 195 195 196 196
 196 195 194 194 193 193 193 193 192 193 194 194 194 194 194 194 197 196
 196 195 194 194 194 194 193 193 193 193 194 194 195 194 195 194 194 194
 193 193 193 193 193 195 196 195 195 194 194 194 194 194 194 193 195 193
 191  30]"
"[ 28  29 192 194 193 193 194 194 195 196 196 196 195 195 195 195 195 195
 196 196 196 196 196 196 197 197 198 199 199 199 199 200 199 199 199 198
 197 198 198 198 198 198 196 196 197 198 199 198 198 197 196 196 196 196
 196 195 194 195 195 195 195 195 196 196 196 196 197 197 197 197 197 197
 197 196 196 197 197 197 197 198 199 199 199 199 199 199 199 199 200 200
 201 201 200 201 201 202 203 204 200 205 209 203 201 203 207 207 214 235
 254 253 249 254 252 252 252 252 252 252 253 253 252 253 253 253 252 252
 252 253 252 250 254 254 238 211 195 196 196 196 195 195 195 195 196 196
 195 195 194 194 193 193 193 193 192 193 194 194 194 194 194 194 196 196
 195 195 194 194 193 193 193 192 192 192 193 193 193 193 193 193 193 193
 193 192 192 192 192 193 194 194 194 195 195 194 194 194 194 193 194 193
 191  29]"
"[ 29  29 193 194 193 193 194 194 195 195 196 196 195 195 195 195 196 196
 196 197 197 197 197 197 196 197 198 198 198 199 199 200 200 199 198 197
 197 198 198 198 197 197 196 196 197 198 198 197 196 196 196 196 196 196
 196 196 195 195 195 195 195 195 196 196 196 198 199 200 200 199 199 199
 198 197 196 197 197 198 198 199 199 199 199 199 199 199 200 200 201 201
 201 201 201 201 202 203 200 210 204 206 209 205 212 218 227 227 238 253
 255 252 252 252 252 252 252 252 252 252 252 252 254 254 252 251 251 252
 252 252 253 253 251 253 253 229 201 199 196 196 195 195 195 196 195 195
 195 195 195 195 195 194 194 194 193 193 193 194 194 194 194 194 195 195
 195 195 195 194 194 193 194 193 192 192 192 193 193 193 192 192 193 193
 192 192 191 191 191 191 191 191 192 194 194 194 194 194 193 193 194 193
 190  29]"
"[ 29  29 192 193 193 192 193 193 194 195 195 195 195 195 195 195 196 196
 197 197 197 198 197 197 197 197 197 198 198 198 199 199 198 198 198 197
 198 199 199 199 196 197 197 196 197 198 197 196 195 196 196 196 197 197
 197 197 196 196 195 195 195 195 196 196 197 198 200 200 200 200 200 200
 199 198 197 198 198 199 199 200 199 199 199 199 200 200 200 200 201 201
 201 201 201 202 203 203 206 204 198 209 226 239 252 254 250 252 255 255
 250 252 254 251 252 252 252 252 252 252 252 252 251 251 251 252 252 253
 252 252 250 254 252 249 255 237 202 195 196 195 195 195 195 195 195 194
 194 195 195 196 196 195 195 195 194 194 194 194 195 195 194 194 194 195
 195 196 195 195 194 194 194 193 192 192 192 192 193 193 192 193 193 193
 193 192 191 191 190 189 188 188 189 192 193 193 193 193 193 192 194 192
 190  29]"
"[ 28  28 192 192 192 191 192 192 194 194 195 195 195 195 195 195 196 196
 196 197 197 197 197 197 197 197 197 197 197 197 198 198 196 197 197 198
 199 200 199 198 197 197 197 197 197 198 197 196 196 197 198 198 198 197
 197 196 196 196 196 196 196 196 196 196 197 197 198 199 199 198 199 199
 198 198 197 198 199 199 199 199 199 199 199 199 200 200 200 201 201 201
 201 201 202 202 203 203 209 203 217 242 254 254 254 250 255 254 253 252
 252 251 251 252 252 252 252 252 252 252 252 252 251 252 253 253 253 252
 251 251 251 252 252 253 254 230 196 195 195 195 195 195 195 195 194 194
 194 194 195 195 196 195 195 195 194 194 194 194 195 195 195 194 194 194
 195 196 196 195 194 194 194 193 192 192 192 192 192 192 192 192 193 193
 193 193 193 192 192 190 187 186 188 191 193 193 193 193 193 192 194 192
 190  29]"
"[ 29  29 192 193 192 192 193 193 194 195 195 196 195 195 195 195 196 196
 197 197 197 197 197 197 197 197 198 197 197 197 197 198 197 198 199 199
 200 200 199 198 197 198 198 197 198 198 198 198 198 199 200 199 199 197
 196 196 196 196 196 196 197 197 197 197 198 197 197 197 198 198 198 198
 197 197 197 198 199 199 199 199 199 199 199 199 200 200 201 201 202 202
 202 202 203 203 204 204 205 215 241 255 253 251 251 253 252 252 250 251
 254 253 250 253 252 252 252 252 252 252 252 252 252 253 253 253 252 251
 252 252 253 251 253 253 251 222 188 194 194 195 195 195 195 194 194 193
 193 193 194 194 195 194 194 194 194 194 194 195 195 195 195 194 194 194
 195 195 195 195 194 193 193 193 193 193 193 193 193 193 190 191 192 193
 193 194 194 194 194 192 189 187 188 191 193 193 194 194 193 193 194 193
 190  29]"
"[ 29  29 192 193 192 192 193 193 194 194 195 196 196 195 195 195 196 197
 197 197 198 197 197 197 196 197 197 197 197 197 197 197 197 199 199 199
 199 200 200 199 197 197 197 197 197 199 200 200 200 200 200 200 199 198
 197 197 198 197 196 196 197 197 198 198 199 198 197 197 198 198 198 197
 197 196 196 197 197 197 198 199 199 199 199 199 200 200 201 201 202 203
 203 202 202 203 205 206 212 237 254 255 253 253 254 250 253 254 253 251
 252 253 252 252 252 252 252 252 252 252 252 252 252 252 252 252 251 252
 252 253 250 252 254 254 252 217 176 183 193 194 195 195 194 193 193 193
 193 193 194 194 194 194 194 194 194 194 194 194 194 194 194 194 193 194
 194 194 194 194 193 192 193 193 193 194 194 194 194 193 191 191 192 193
 193 194 194 194 194 193 190 189 190 192 193 194 194 194 194 193 194 193
 191  29]"
"[ 29  29 192 192 192 192 193 193 193 194 195 195 195 195 195 195 196 196
 196 197 197 197 196 196 196 196 197 197 197 197 197 198 197 198 199 198
 198 199 199 199 196 197 197 196 197 199 201 202 200 200 200 199 198 198
 198 199 199 198 196 196 196 197 197 198 199 197 197 197 198 198 197 196
 196 196 196 196 196 196 197 199 199 199 199 199 200 200 201 201 202 203
 203 202 202 202 205 206 224 252 255 251 253 251 253 253 252 250 253 254
 251 250 252 253 252 252 252 252 252 252 252 252 253 252 252 252 253 252
 252 251 253 253 252 253 254 211 164 177 192 194 195 195 194 193 193 193
 194 194 194 194 194 194 194 194 193 194 194 194 194 194 194 194 193 193
 193 193 193 193 192 192 192 192 193 194 194 194 194 193 193 193 193 193
 194 194 194 194 194 193 191 190 191 192 193 194 194 194 194 193 195 193
 191  30]"
"[ 29  29 191 191 192 192 193 193 193 194 195 195 195 195 196 196 197 197
 197 198 198 198 197 197 197 196 196 196 197 198 197 196 197 196 198 200
 199 199 199 197 196 196 196 197 197 199 200 200 201 201 201 200 199 199
 200 200 200 199 198 198 198 199 200 200 199 199 198 197 196 197 197 198
 197 196 196 196 197 198 199 200 201 201 200 200 201 201 202 202 203 200
 204 204 202 203 206 215 242 249 255 253 251 252 252 250 252 251 253 254
 252 252 251 252 253 252 251 250 254 252 253 253 252 252 252 253 252 250
 253 253 251 252 253 251 253 214 163 169 185 196 195 193 195 194 194 195
 195 195 196 196 195 195 194 194 194 194 194 194 194 194 194 194 193 193
 193 193 193 192 192 192 192 193 193 193 194 194 194 194 195 195 194 194
 194 194 194 195 195 194 193 192 192 193 194 194 194 194 194 194 195 194
 191  29]"
"[ 29  29 191 191 192 192 193 194 193 194 195 195 195 195 195 195 196 196
 196 197 197 197 198 198 198 197 196 197 198 198 198 197 198 198 199 200
 198 198 198 197 197 197 197 198 198 199 200 201 200 200 199 199 199 199
 199 198 199 199 199 199 199 199 199 199 199 198 197 196 196 195 195 195
 196 195 195 195 196 196 197 199 200 200 200 200 200 200 201 202 203 206
 206 201 207 207 209 236 250 253 254 252 251 253 253 252 253 252 251 250
 251 252 251 253 251 251 255 255 254 252 254 253 253 253 254 253 254 254
 246 252 252 250 253 254 254 206 159 161 179 194 196 194 195 194 195 196
 195 195 195 195 195 194 194 193 193 194 194 195 195 195 194 194 193 193
 193 193 193 193 192 192 193 193 193 193 194 194 194 195 195 195 194 194
 194 194 194 194 196 195 194 193 193 194 194 195 194 194 194 194 196 194
 191  29]"
"[ 29  29 191 191 192 192 193 193 193 194 195 196 195 194 195 195 195 195
 195 196 196 197 198 198 198 198 197 198 199 199 199 198 199 198 199 199
 198 198 198 196 198 198 198 199 199 200 200 200 201 200 198 199 200 200
 199 198 199 199 200 200 200 199 199 199 200 199 198 197 197 196 196 196
 196 196 195 196 196 196 197 199 200 200 200 200 200 200 201 202 205 202
 201 204 214 229 243 254 255 253 252 251 251 252 253 252 251 252 252 252
 253 253 253 252 253 250 253 252 246 232 219 200 205 228 251 251 251 252
 254 251 253 249 255 253 240 188 153 152 173 192 198 196 195 195 195 196
 196 195 195 195 195 195 194 193 194 194 195 195 195 195 194 193 192 193
 193 194 194 193 193 192 193 193 193 194 194 194 195 195 195 195 194 194
 194 194 194 194 195 194 193 193 194 194 194 194 194 194 194 194 196 194
 191  29]"
"[ 29  29 191 190 192 192 192 193 192 194 196 196 195 195 195 195 195 195
 195 195 196 197 199 199 199 199 198 199 199 200 199 199 199 198 198 199
 197 197 198 196 199 199 199 200 200 199 199 199 201 200 199 199 200 200
 200 199 199 200 200 200 200 200 199 199 200 199 199 199 199 199 198 198
 197 197 196 197 197 197 198 199 200 201 201 201 201 201 202 203 205 208
 201 217 240 250 255 255 253 252 251 252 252 252 252 251 251 251 254 254
 251 249 255 253 252 252 253 251 230 192 171 156 144 163 242 252 252 252
 252 252 253 250 254 253 223 170 144 143 168 190 199 196 196 195 196 196
 197 196 195 195 196 196 195 194 195 195 195 195 195 194 193 193 192 193
 193 194 194 193 193 192 193 193 193 193 194 194 195 195 195 195 195 194
 194 194 194 194 194 194 194 194 194 194 194 194 194 194 194 194 195 194
 191  29]"
"[ 29  29 191 190 191 191 192 192 192 194 195 196 195 195 195 195 195 195
 195 195 196 198 199 200 200 199 199 199 199 200 200 199 199 198 199 199
 197 198 198 197 198 199 199 199 199 199 199 198 199 199 199 199 199 199
 199 199 199 199 199 199 199 199 199 199 199 199 199 199 199 199 200 200
 197 197 197 197 196 196 197 199 199 200 200 200 200 200 202 203 204 206
 219 245 255 253 251 251 252 251 251 253 254 252 252 252 254 250 254 252
 243 239 254 255 252 252 253 255 238 190 156 136 127 128 196 243 251 253
 253 253 252 250 252 248 204 155 133 137 166 188 197 196 196 196 197 196
 197 196 195 195 196 196 195 195 196 195 195 194 194 194 193 193 192 193
 193 194 194 194 193 193 193 193 193 193 194 194 195 195 195 195 195 194
 194 194 194 194 195 194 194 194 195 195 195 194 194 193 193 193 195 194
 191  29]"
"[ 29  29 191 189 190 190 191 191 192 193 194 195 195 195 195 195 195 195
 195 196 196 197 198 199 200 199 199 199 199 199 199 199 200 199 200 200
 198 198 199 198 197 197 198 198 199 199 199 199 198 199 199 199 199 199
 199 200 199 199 199 198 198 198 198 199 200 199 199 199 199 199 200 200
 198 197 197 197 196 196 197 199 199 200 200 200 200 201 202 203 206 210
 242 255 253 254 252 253 252 252 252 253 252 252 252 253 254 250 254 253
 243 231 247 253 252 254 250 252 254 232 190 140 119 103 117 200 242 249
 251 250 250 251 245 216 163 136 126 134 164 187 196 195 196 197 198 197
 197 196 195 195 196 196 195 195 195 195 194 194 194 194 195 195 193 193
 194 194 194 194 194 194 193 193 193 193 194 194 195 195 195 195 195 195
 194 194 194 194 194 194 194 194 195 195 194 194 193 193 193 193 195 194
 191  29]"
"[ 29  29 189 189 189 189 190 190 191 192 192 193 194 195 195 195 195 195
 195 196 196 197 197 198 199 199 199 198 198 198 198 198 199 198 199 200
 199 199 199 198 196 197 197 198 199 199 200 200 199 199 199 199 200 200
 200 200 200 200 199 199 199 199 199 199 200 200 199 199 199 199 200 200
 199 199 199 198 197 197 198 199 200 201 201 201 201 202 203 204 208 239
 254 249 252 254 249 254 252 252 252 252 251 251 252 252 251 252 253 254
 252 230 238 251 251 255 253 249 254 253 237 185 131 111  96 117 158 214
 220 214 199 201 189 153 118 118 121 131 164 186 195 195 196 196 197 197
 196 196 195 195 195 196 196 196 195 195 195 194 195 195 195 195 194 194
 194 194 194 195 195 195 194 194 193 193 194 194 195 195 195 195 195 195
 195 195 195 195 194 194 193 193 194 194 194 194 194 194 194 194 196 194
 192  29]"
"[ 29  28 189 188 189 189 189 190 191 191 191 192 193 194 195 195 195 195
 195 195 196 196 196 197 199 199 198 198 197 197 198 198 196 196 198 199
 198 199 199 198 197 197 197 198 198 199 200 200 200 199 199 199 201 201
 201 200 201 201 200 200 200 200 200 200 200 199 199 198 198 199 200 201
 199 199 199 199 198 197 198 200 201 201 201 201 202 203 204 204 209 249
 255 254 253 249 254 250 251 253 253 252 252 252 252 251 251 255 250 251
 254 230 233 253 253 252 253 254 252 252 251 214 150 116  95  83  87 110
 118 117 103  97  99  92  96 112 119 133 164 185 195 195 195 194 195 197
 196 196 196 196 196 196 196 197 195 195 195 195 195 195 195 195 195 195
 195 195 195 195 195 196 194 194 194 194 194 194 195 195 195 195 195 195
 195 195 195 195 195 194 194 194 194 195 195 194 194 194 194 194 196 195
 192  30]"
"[ 28  29 187 189 187 188 188 188 189 189 190 191 192 193 194 195 195 195
 195 195 195 196 196 196 196 197 197 197 197 197 196 196 196 197 198 199
 200 201 200 199 199 198 197 197 198 199 200 201 199 199 199 200 200 201
 201 201 201 200 200 200 200 200 200 200 200 198 197 197 199 200 199 198
 200 199 199 198 198 199 199 200 200 201 201 201 203 203 205 202 213 251
 254 253 252 253 249 253 252 252 252 252 252 252 252 252 253 251 254 253
 252 234 215 252 253 251 254 254 251 252 238 195 152 119  91  75  65  66
  71  70  69  72  77  84  91 103 117 145 169 190 196 196 193 196 197 196
 196 196 195 195 195 196 196 196 195 195 195 195 195 194 194 194 195 195
 195 195 195 195 195 195 195 195 195 195 195 194 194 194 194 194 195 195
 195 195 195 196 195 194 193 193 193 193 194 195 195 195 196 195 195 195
 193  29]"
"[ 29  30 187 188 187 187 187 187 187 188 189 191 192 192 193 193 194 194
 195 195 195 195 195 196 195 195 196 196 197 197 196 196 196 196 197 197
 199 200 200 199 199 199 198 198 198 199 200 200 199 199 200 200 201 201
 201 201 201 201 201 200 200 200 200 200 200 199 197 197 199 200 200 199
 201 200 200 199 199 200 200 201 201 202 201 201 202 203 204 203 223 254
 254 254 252 254 251 253 252 252 252 252 252 252 252 252 252 252 252 254
 251 222 206 249 251 254 253 252 254 234 194 162 121 102  85  74  65  63
  66  66  68  73  77  81  89 102 117 148 174 192 197 196 194 196 196 196
 196 196 196 196 196 196 196 196 195 195 195 195 195 195 195 195 195 195
 195 195 195 195 195 195 195 195 195 195 195 195 195 194 194 194 194 194
 194 194 195 195 195 194 194 193 193 193 194 194 194 195 196 195 195 195
 193  29]"
"[ 29  29 187 188 186 187 187 187 188 189 190 192 193 193 193 193 194 194
 194 195 195 195 195 195 195 195 195 195 196 196 196 196 196 196 196 196
 197 199 199 199 199 199 199 199 199 199 200 200 200 200 200 200 201 201
 201 201 201 201 201 201 201 200 200 200 200 199 197 197 198 200 200 200
 201 201 200 200 200 200 201 201 201 202 201 201 202 202 203 205 235 254
 253 253 251 253 252 251 252 252 252 252 252 252 252 252 252 254 251 254
 247 207 194 246 253 255 253 251 251 214 159 126 107  96  81  68  61  60
  62  64  67  74  77  80  89 102 118 153 181 194 196 196 194 196 196 196
 196 196 196 196 196 196 195 195 195 195 195 195 195 195 195 195 195 195
 195 195 195 195 195 195 195 195 195 195 195 195 195 195 194 194 193 194
 194 194 194 194 194 194 194 194 193 193 193 193 194 194 196 195 195 195
 193  29]"
"[ 28  29 186 188 187 187 187 187 187 188 189 190 191 192 192 192 194 195
 195 195 195 195 194 194 195 195 195 195 195 195 196 196 197 197 196 196
 196 198 199 199 199 199 199 199 199 199 199 199 200 200 200 200 201 201
 201 202 202 202 201 201 201 201 200 200 200 199 198 198 199 200 200 200
 201 201 200 200 200 200 200 201 201 202 200 201 202 204 204 211 244 253
 252 253 250 253 253 251 252 252 252 252 252 252 252 252 252 254 252 254
 245 204 189 244 254 252 254 254 251 210 151 115 101  93  75  59  56  58
  62  66  67  74  78  83  92 102 120 160 184 194 194 195 194 196 195 196
 196 196 196 196 196 195 195 195 195 195 195 195 195 195 195 195 195 195
 195 195 195 195 195 195 195 195 195 195 195 195 195 195 194 194 193 194
 194 194 194 194 194 194 194 194 193 193 192 192 194 194 196 195 195 195
 193  29]"
"[ 29  29 186 187 187 188 188 187 188 188 189 190 191 191 192 192 195 195
 195 195 195 195 194 194 195 195 195 195 195 195 196 196 198 198 197 196
 196 198 199 200 199 199 199 199 199 199 199 199 200 200 200 200 200 201
 201 201 202 202 201 201 201 201 200 200 199 199 199 199 200 200 200 200
 201 200 200 200 200 200 200 200 201 202 200 202 202 205 203 215 249 252
 253 254 250 252 253 252 252 252 252 252 252 252 252 252 252 251 253 254
 249 218 193 235 254 252 251 254 254 217 152 106  97  91  74  60  58  59
  61  65  70  76  80  89  97 105 122 166 186 194 193 196 195 196 195 196
 196 196 196 195 195 195 195 195 195 195 195 194 194 194 194 194 195 195
 195 195 195 195 195 195 195 195 195 195 195 195 195 195 195 194 194 194
 195 195 195 194 194 194 194 194 194 193 192 191 194 194 195 195 195 195
 193  28]"
"[ 29  29 186 187 186 187 187 187 190 190 190 191 192 193 193 194 194 194
 195 195 195 195 195 194 195 195 195 195 196 196 197 197 198 198 197 196
 196 197 199 199 199 199 199 199 199 199 199 199 200 200 200 200 200 200
 201 201 201 201 201 201 201 200 200 200 198 199 200 200 200 200 200 200
 201 201 201 200 200 200 200 200 200 201 200 202 201 203 200 216 252 252
 254 254 251 251 252 251 252 252 252 252 252 252 252 252 253 250 254 253
 254 237 204 223 253 253 253 253 253 236 182 111  96  89  74  61  58  57
  59  65  73  78  85  94 101 107 124 167 188 196 194 196 196 196 194 196
 196 196 195 195 194 195 195 195 195 195 195 194 194 194 194 194 195 195
 195 195 195 195 195 195 195 195 195 195 195 195 195 195 195 195 195 195
 195 195 195 195 194 194 194 194 194 193 193 192 193 194 195 195 195 195
 193  28]"
"[ 29  29 186 187 186 187 187 186 188 188 188 189 190 190 191 191 192 192
 193 194 195 195 195 195 195 195 195 196 196 197 197 197 197 197 197 196
 196 197 198 198 199 199 199 199 199 199 199 200 200 200 200 200 200 200
 200 201 200 200 201 201 200 200 200 199 198 199 200 200 200 200 200 200
 201 200 200 200 200 200 200 200 200 200 199 201 199 202 197 216 253 252
 254 253 252 252 252 251 252 252 252 252 252 252 252 252 253 252 254 252
 254 250 225 228 253 252 254 254 252 253 225 145 101  86  67  56  54  56
  62  70  75  80  89  98 102 109 126 163 188 196 195 196 195 196 194 195
 196 196 195 195 195 195 195 195 195 195 195 195 195 194 194 194 195 195
 195 195 195 195 195 195 195 195 195 195 195 195 195 195 195 195 195 195
 195 195 195 195 195 195 195 195 194 194 194 193 193 194 195 195 195 195
 193  28]"
"[ 29  28 185 187 186 187 187 187 187 188 188 189 190 190 190 190 190 191
 192 194 195 195 195 195 195 195 196 196 196 196 196 196 196 197 197 196
 196 196 197 197 199 199 199 199 199 199 200 200 200 200 199 199 199 200
 200 200 200 200 200 200 200 200 199 199 199 199 200 200 199 199 200 200
 200 200 200 200 200 199 199 199 200 200 199 202 200 202 197 217 254 253
 254 253 254 254 253 252 252 252 252 252 252 252 252 252 251 252 253 251
 253 254 248 247 253 254 251 253 253 251 230 169 119  94  68  56  56  59
  65  72  76  82  91  99 101 110 126 159 187 196 194 195 194 195 195 195
 195 196 196 196 195 195 195 195 195 195 195 195 195 195 195 195 195 195
 195 195 195 195 195 195 195 195 195 195 195 195 195 195 195 195 195 195
 195 194 195 195 195 195 195 195 195 194 194 194 193 194 195 195 195 195
 193  28]"
"[ 28  31 186 188 188 187 188 189 187 187 188 189 189 190 190 191 190 192
 194 193 193 194 195 195 196 196 196 196 196 196 196 196 196 196 196 196
 197 197 197 197 197 199 201 200 199 199 200 199 199 199 199 199 199 200
 200 200 200 199 199 200 200 199 199 199 199 199 200 200 201 201 200 200
 200 199 199 199 199 199 199 199 198 200 200 201 200 204 196 217 253 251
 249 231 233 251 253 252 254 251 252 252 252 251 252 252 253 253 253 250
 254 254 250 254 254 252 254 254 252 254 233 189 147 101  64  52  55  59
  67  73  81  84  91  96 104 106 127 159 182 196 194 194 196 193 195 194
 195 196 196 196 195 195 195 196 195 195 195 195 195 195 195 195 196 195
 195 195 195 195 195 194 195 195 195 195 195 195 195 195 196 195 194 194
 195 195 195 195 194 194 194 194 194 194 194 194 194 194 194 194 196 195
 192  29]"
"[ 28  30 184 186 187 186 188 188 186 187 188 188 188 189 190 190 189 190
 191 190 190 193 195 196 195 195 195 195 195 195 195 195 195 196 196 197
 197 197 197 197 197 199 200 200 199 200 200 199 199 199 199 199 200 200
 200 200 200 199 199 199 200 199 199 199 199 199 200 200 200 200 200 200
 199 199 199 199 199 199 199 199 200 200 200 201 200 202 196 218 251 249
 230 173 162 221 249 250 251 254 255 252 251 253 252 249 250 251 253 252
 254 253 233 241 254 254 252 250 254 253 228 184 137  97  66  54  53  55
  64  73  81  86  94  98 103 103 126 159 182 196 194 195 196 193 195 194
 195 195 196 195 195 195 195 195 195 195 195 195 195 195 195 195 196 195
 195 195 195 195 195 194 194 195 195 195 195 195 195 195 195 194 194 194
 194 195 195 195 194 194 194 194 194 194 194 194 194 194 194 194 196 195
 192  29]"
"[ 28  29 183 185 186 186 187 187 185 186 187 187 188 188 188 189 189 189
 189 188 189 192 194 195 195 195 195 195 195 195 195 195 195 195 196 197
 197 197 197 197 198 199 199 199 199 199 199 199 199 199 199 200 200 200
 200 200 201 199 199 199 199 199 199 199 199 199 200 200 200 200 200 200
 200 200 200 200 200 200 200 200 200 199 199 201 200 201 197 219 253 251
 223 150 123 149 224 248 250 250 251 253 252 253 254 254 252 253 252 252
 254 249 218 227 253 254 253 251 254 254 232 175 131  90  63  52  53  54
  64  74  78  84  93  98 101 100 125 160 183 195 195 195 196 193 195 193
 194 194 195 195 195 194 194 194 194 194 194 195 195 195 195 195 196 195
 195 195 195 195 195 194 194 194 195 195 195 195 194 194 194 194 194 194
 194 194 194 195 194 194 194 194 194 194 194 194 195 194 194 194 196 194
 191  29]"
"[ 29  29 182 184 185 185 186 186 185 186 187 187 187 187 188 188 188 188
 189 189 190 191 192 192 195 195 195 195 195 195 195 195 195 195 196 197
 197 197 197 198 199 199 199 199 199 199 199 198 199 199 199 200 200 200
 200 200 201 199 198 198 199 199 199 199 199 199 200 200 200 200 200 200
 199 199 199 200 200 200 200 200 199 199 199 200 200 201 197 213 249 249
 226 148  94 108 170 234 241 242 244 250 251 252 251 252 253 252 252 253
 255 253 231 238 254 252 254 253 251 252 234 162 121  87  65  50  51  53
  62  70  76  83  91  97  98  97 125 160 184 194 195 195 196 194 194 193
 193 194 194 195 195 195 194 194 194 194 194 194 195 195 195 195 196 195
 195 195 195 195 195 195 194 194 194 194 194 194 194 194 193 194 194 194
 194 194 194 195 195 195 195 195 195 195 195 195 195 194 194 193 195 194
 191  29]"
"[ 29  29 182 184 185 186 187 186 186 186 187 187 187 187 187 188 187 187
 188 189 190 190 190 190 194 194 194 195 195 195 195 195 195 195 196 196
 196 197 197 198 199 198 198 199 199 200 199 199 198 199 199 199 200 200
 200 200 201 199 198 198 198 198 198 199 199 199 200 200 200 200 200 200
 199 199 199 199 199 199 200 200 200 201 200 198 198 199 195 202 217 219
 200 135  92  94 118 178 194 202 208 217 226 246 252 250 252 252 251 252
 254 254 251 251 253 249 254 254 253 254 251 196 123  91  73  54  53  53
  61  68  78  84  91  97  98  99 129 162 186 193 195 196 195 195 195 193
 193 193 194 195 195 195 194 194 194 194 194 194 195 195 195 195 195 195
 194 195 195 195 195 195 194 194 193 193 193 194 194 194 193 194 194 194
 194 194 195 195 195 195 195 195 195 195 195 195 195 194 194 193 195 193
 191  29]"
"[ 29  30 183 184 186 186 187 186 186 187 188 188 188 187 187 187 187 187
 187 188 189 189 191 192 194 194 195 195 195 195 195 195 195 195 195 195
 196 196 197 198 198 197 197 199 200 200 200 200 198 198 199 199 200 200
 200 200 200 199 198 198 198 198 198 198 198 199 200 201 200 200 200 200
 200 200 200 200 200 200 200 200 198 200 200 198 200 201 197 199 205 194
 159 103  90  84  96 139 163 167 173 183 196 233 251 250 253 252 251 252
 252 251 255 253 254 253 251 250 253 251 252 231 152  96  65  50  58  56
  60  70  78  84  90  96  99 104 138 168 188 192 195 195 195 195 195 194
 193 193 194 194 195 195 195 194 194 194 194 194 194 194 194 194 194 194
 194 194 195 195 195 195 194 194 193 193 193 193 194 194 194 194 194 194
 194 194 195 195 195 195 195 195 195 195 195 195 194 194 194 193 194 193
 190  29]"
"[ 29  30 183 185 186 186 187 186 186 187 188 188 188 187 187 187 188 187
 187 188 188 188 190 193 194 194 195 195 196 196 195 195 195 195 195 195
 196 197 197 197 197 197 197 199 200 199 199 199 197 198 198 199 199 199
 199 199 199 198 197 197 197 197 197 197 198 199 200 200 200 200 200 201
 200 200 200 200 200 200 200 200 198 199 200 198 201 201 200 201 201 187
 151  93  81  95  83 114 131 132 137 150 166 217 247 250 252 253 253 254
 254 254 251 253 252 253 251 252 254 253 252 246 185 117  72  47  56  57
  63  70  77  84  89  95 100 108 145 173 189 191 195 195 194 195 195 194
 194 193 193 194 195 195 195 194 194 194 194 194 194 194 194 194 194 193
 193 194 195 195 195 195 194 193 193 193 193 193 194 194 194 194 194 194
 194 195 194 194 194 194 194 194 195 195 195 195 194 194 193 192 194 192
 190  29]"
"[ 28  29 183 185 186 186 187 186 186 187 188 188 187 187 187 187 187 187
 187 188 188 187 188 190 193 194 194 195 195 195 195 195 195 195 195 195
 196 197 197 197 198 197 198 199 199 198 197 198 197 197 198 199 199 199
 199 199 199 198 197 197 197 197 196 196 197 199 200 200 200 199 200 201
 199 199 199 199 199 199 199 199 200 199 199 198 199 198 198 201 206 189
 148  90  84  80  85 103 123 122 117 117 131 201 246 250 253 254 252 254
 251 250 238 246 250 251 251 251 250 250 243 227 201 154 111  58  52  62
  73  73  80  88  91  96 100 109 147 174 189 190 194 195 193 195 195 194
 194 193 193 194 195 195 195 195 195 195 195 195 194 194 194 194 193 193
 193 194 194 195 195 195 193 193 193 193 193 193 194 194 194 194 193 194
 194 194 194 194 194 194 194 194 194 194 194 194 193 193 193 192 193 192
 190  29]"
"[ 29  29 182 184 185 185 186 186 185 186 187 187 187 187 187 187 187 187
 187 187 187 187 188 188 192 193 193 194 195 195 195 195 195 195 196 195
 195 196 197 197 198 199 199 199 198 197 197 197 197 198 199 199 199 199
 199 199 200 199 198 197 197 197 197 198 198 199 200 201 201 200 201 201
 201 200 200 200 201 201 200 199 199 199 199 199 199 200 200 200 204 186
 155  92  75  81  80  89 109 117 113 108 105 158 238 247 251 248 250 248
 222 177 158 178 220 240 244 244 233 200 153 137 137 130 100  64  54  62
  72  79  85  92  90  96 101 117 149 177 191 191 194 196 196 195 195 193
 194 194 194 194 195 195 195 194 195 195 195 195 194 194 194 195 193 194
 194 194 194 194 195 195 195 194 193 193 193 194 194 194 195 194 194 194
 194 194 194 194 194 194 194 194 194 193 192 192 193 193 193 193 195 194
 191  29]"
"[ 29  30 182 183 184 185 186 186 186 186 187 187 187 187 187 187 187 187
 187 187 187 187 188 188 190 191 192 193 194 195 195 195 195 195 196 195
 195 196 197 197 196 197 198 198 197 196 197 197 198 199 199 200 200 200
 200 200 200 199 199 198 197 197 197 198 198 199 199 200 199 199 199 199
 198 198 199 199 199 199 199 199 199 199 199 199 199 199 199 198 200 191
 154  97  74  83  82  84  93 103 104  98  88 111 181 232 242 247 229 172
 124 106 109 124 129 159 179 176 140 111  96 104  95  85  64  49  51  61
  73  84  87  89  92  96 106 122 153 178 194 193 195 195 194 195 196 195
 194 194 194 194 195 195 194 194 194 195 195 195 194 194 194 195 194 194
 194 194 194 194 195 195 195 194 193 193 193 193 194 194 194 194 194 194
 194 194 194 194 194 194 194 194 193 193 192 192 192 192 192 192 194 193
 191  29]"
"[ 29  29 181 182 183 183 185 186 186 186 186 186 186 186 186 186 186 187
 187 187 187 187 188 188 188 189 190 191 193 194 194 195 194 195 196 195
 195 196 197 197 196 196 197 197 197 197 197 197 197 198 198 198 197 197
 198 198 199 199 198 198 197 197 197 197 198 198 198 198 198 197 197 197
 198 198 199 199 199 199 199 199 199 199 199 199 198 198 197 196 197 198
 161 111  73  80  80  81  84  92  97  92  84  79  94 123 152 144 122  98
  96 103 101  97  94  88  87  94  91  97  99 101  90  77  60  55  62  67
  75  86  89  87  92  94 107 128 157 180 195 194 194 194 193 195 196 196
 194 194 194 194 194 195 194 194 194 194 194 194 194 194 195 195 195 194
 194 194 194 195 195 195 194 194 193 192 192 192 193 194 194 194 194 194
 194 194 194 194 194 194 194 193 193 192 192 192 192 192 192 192 194 193
 191  29]"
"[ 29  29 181 182 182 182 184 185 185 185 185 185 186 186 186 185 186 187
 187 187 187 187 187 188 188 189 189 191 192 193 193 193 194 195 196 195
 195 196 196 196 196 196 197 197 197 197 197 197 198 198 198 198 197 197
 197 198 198 198 198 197 197 197 197 197 197 197 197 197 197 196 196 196
 199 199 200 200 199 199 199 199 199 199 199 198 198 197 196 196 198 199
 167 120  73  77  76  79  81  83  90  86  79  79  75  76  81  87  89  89
  94  98  93  88  88  81  81  91  91  97  96  92  78  70  60  57  64  72
  79  87  91  89  91  90 102 132 162 185 193 192 193 194 193 194 195 194
 194 194 194 194 194 194 194 193 194 194 194 194 194 195 195 195 195 195
 194 194 194 195 194 194 194 194 193 193 192 192 193 194 194 194 194 194
 194 194 194 194 194 194 194 193 193 193 192 192 193 193 193 192 194 193
 191  29]"
"[ 29  29 182 183 183 183 184 184 183 183 184 184 185 185 185 184 185 186
 187 187 187 187 187 188 189 189 190 190 191 191 192 192 193 194 195 195
 195 196 196 196 196 196 197 196 196 196 196 196 196 196 196 196 196 196
 196 196 197 197 197 197 197 197 197 197 197 197 197 197 197 197 197 196
 198 198 199 199 199 198 199 199 199 199 198 197 197 196 196 196 198 193
 168 118  71  77  75  74  75  78  86  88  79  71  69  65  73  80  85  87
  91  92  88  82  83  81  79  83  85  87  82  76  68  66  63  62  66  73
  81  88  92  93  90  88  93 132 164 188 194 192 193 193 192 193 194 193
 195 194 194 194 194 194 194 193 194 194 194 194 195 195 195 195 195 195
 194 194 194 195 194 194 194 194 194 193 192 192 193 194 194 194 194 195
 195 195 194 194 194 194 194 194 193 193 192 192 193 193 193 192 194 193
 191  29]"
"[ 29  29 181 182 183 183 184 183 181 182 183 183 184 184 183 182 184 185
 186 187 187 187 187 187 190 190 190 190 190 190 191 191 192 193 194 195
 195 195 195 195 195 195 195 195 195 195 195 195 193 194 195 195 195 195
 195 195 197 197 197 197 197 197 197 198 197 197 197 197 197 197 197 197
 196 197 198 198 199 199 199 199 200 199 198 197 197 196 196 197 195 193
 176 124  72  74  74  73  78  81  81  86  84  72  70  73  71  73  76  82
  84  82  83  82  79  82  82  81  79  73  63  57  54  55  60  66  70  75
  84  93  93  96  91  89  88 127 162 187 196 194 194 193 192 193 195 194
 195 194 194 194 194 194 193 193 194 193 193 194 194 195 195 195 195 195
 194 194 194 194 194 194 194 194 193 193 193 193 193 194 194 194 195 195
 195 195 194 194 194 194 194 194 193 193 193 193 192 192 192 192 193 192
 190  29]"
"[ 29  28 180 180 182 182 183 182 181 182 182 182 182 181 181 181 183 184
 186 186 187 187 187 187 190 190 190 190 190 190 190 190 191 192 194 194
 194 194 194 194 195 195 195 195 195 195 195 195 196 196 196 196 196 196
 196 197 197 196 196 196 196 197 197 198 197 196 196 196 197 197 197 196
 196 197 197 198 199 200 200 200 200 199 198 198 197 196 196 196 194 197
 187 147  84  72  75  76  74  82  84  89  89  76  68  71  71  77  78  78
  76  76  78  74  76  78  81  80  74  66  59  54  54  56  63  71  76  80
  87  93  97 100  95  96  93 123 159 184 194 193 193 193 192 194 195 194
 194 194 194 194 194 194 193 193 193 193 193 193 194 195 195 195 194 194
 194 194 194 194 194 194 194 194 193 193 193 193 193 193 194 194 195 195
 195 195 194 194 194 194 194 194 193 193 193 193 193 193 193 192 192 191
 189  28]"
"[ 30  29 179 180 181 182 183 182 181 182 182 181 180 180 180 180 183 184
 185 186 187 187 187 187 189 189 189 189 190 190 190 191 190 192 193 194
 194 194 194 193 195 195 195 195 195 195 196 196 195 195 194 193 193 193
 193 194 196 196 195 195 195 196 197 197 197 196 196 196 196 196 196 196
 197 197 197 198 199 200 199 199 199 199 199 198 197 196 196 195 195 197
 190 167 101  76  77  80  80  79  83  90  92  84  73  70  72  72  74  83
  83  75  72  66  66  64  72  77  73  65  60  53  56  59  66  73  80  88
  96  98 103 104 102 105 101 122 159 184 190 190 192 194 193 194 195 193
 194 194 194 194 194 194 193 193 193 193 192 193 194 195 195 194 194 194
 194 194 193 193 194 194 194 193 193 193 193 193 193 193 194 194 195 195
 195 194 194 193 194 194 194 193 193 193 193 193 193 193 193 192 193 191
 190  29]"
"[ 29  29 179 179 180 180 181 183 181 181 182 181 180 179 179 179 181 183
 185 186 185 185 186 187 188 188 189 190 190 190 190 191 190 191 192 194
 194 194 193 194 192 193 194 195 196 196 195 195 195 195 195 194 193 193
 194 194 196 196 195 195 195 195 195 195 194 195 195 196 196 196 196 195
 197 197 197 197 198 198 198 197 198 198 198 197 197 196 196 196 195 194
 196 189 132  77  76  82  79  78  75  80  90  85  72  71  71  74  78  84
  88  86  77  62  56  55  61  65  65  64  60  59  58  63  72  80  87  93
 100 105 109 109 112 113 114 132 162 184 188 191 193 193 192 192 192 194
 194 194 193 193 193 193 193 193 194 193 192 192 193 194 194 193 193 193
 193 193 193 193 193 194 195 194 193 193 193 193 193 193 193 194 195 195
 196 195 194 193 193 193 193 193 192 192 192 193 193 192 191 190 190 193
 189  29]"
"[ 29  29 179 179 180 180 181 182 181 181 181 181 180 179 179 179 180 182
 184 185 185 185 186 187 188 188 188 189 190 190 190 191 191 192 193 194
 194 194 194 194 193 194 195 196 196 196 196 196 196 196 196 196 195 195
 195 195 194 194 194 194 194 194 194 194 195 195 196 196 196 196 196 196
 196 196 196 197 198 198 197 197 197 197 197 197 197 197 196 196 195 195
 194 196 170 108  74  75  77  75  70  72  83  83  74  72  69  72  76  83
  88  88  82  69  59  56  58  60  60  61  60  61  65  68  74  83  92  98
 102 104 109 112 114 117 124 144 169 184 189 190 192 193 193 193 193 194
 195 194 193 193 193 193 193 193 193 193 193 193 193 193 191 189 193 193
 193 193 193 193 193 194 195 194 194 194 194 194 194 193 193 194 194 195
 195 194 194 194 193 193 193 193 192 192 192 193 192 192 191 190 190 193
 189  29]"
"[ 29  30 180 179 180 180 181 182 181 181 181 181 180 180 179 179 180 182
 183 185 185 186 187 187 187 187 188 189 190 190 190 190 191 192 193 194
 194 194 194 194 193 194 194 195 195 195 195 195 195 195 196 195 195 195
 195 195 195 195 195 195 196 196 196 196 195 195 196 196 195 196 196 197
 196 196 196 196 197 197 197 196 197 197 197 197 196 196 196 196 195 197
 195 194 197 155 101  74  75  72  69  68  76  80  73  69  66  69  73  80
  86  88  86  77  60  54  55  56  58  62  64  68  73  75  81  90  97 102
 104 105 109 114 116 119 133 155 174 185 189 190 191 192 193 194 194 193
 194 194 193 192 192 192 193 193 193 192 192 192 192 191 190 189 192 192
 193 193 193 193 194 194 194 194 193 193 194 194 193 193 193 194 194 194
 194 194 194 194 193 193 193 192 191 191 192 193 192 191 190 190 190 192
 189  29]"
"[ 29  30 180 179 180 180 180 181 180 181 181 181 181 180 180 180 181 182
 183 184 185 186 187 187 187 187 188 189 189 189 190 190 191 192 193 194
 194 194 193 193 193 194 194 194 194 195 195 195 194 195 195 195 195 195
 195 195 195 195 195 195 195 195 195 195 195 195 196 195 195 195 196 197
 195 195 195 196 196 197 196 196 197 197 197 196 196 196 195 195 196 195
 196 192 200 187 146  86  73  70  72  71  73  77  71  65  65  66  69  77
  84  88  87  80  69  62  61  62  63  66  67  69  76  81  89  95  98 100
 103 106 108 114 117 123 141 162 178 188 190 191 192 192 193 193 193 192
 193 192 191 191 191 191 192 193 192 191 190 190 190 191 192 192 190 191
 192 193 193 193 194 194 194 193 193 193 194 194 194 193 193 194 194 194
 194 194 193 193 192 192 192 191 191 191 192 193 191 191 190 190 189 191
 188  29]"
"[ 29  29 179 178 179 179 179 180 180 181 181 181 181 181 181 181 183 183
 183 184 185 186 186 186 187 187 187 189 189 189 189 190 191 192 194 194
 194 194 194 193 194 194 194 194 195 195 195 196 196 196 197 197 196 196
 196 196 196 196 196 196 196 196 196 195 196 196 196 195 195 195 196 197
 195 195 195 195 196 196 196 196 197 197 196 196 196 195 195 195 197 192
 195 196 197 195 176 113  73  65  73  75  74  76  69  64  64  64  66  75
  84  88  88  81  72  65  65  66  67  69  69  71  76  82  90  94  95  96
  99 103 108 112 117 131 153 172 184 192 190 191 192 192 192 191 191 192
 191 191 190 190 190 191 192 193 191 190 189 189 190 191 192 193 189 190
 191 192 193 193 193 194 194 193 193 194 194 195 194 194 193 194 194 194
 194 193 192 192 191 191 190 190 190 190 191 192 191 191 191 190 189 190
 187  29]"
"[ 29  29 179 178 179 179 179 180 180 180 181 181 181 181 181 181 183 183
 184 184 185 185 186 186 186 186 187 188 189 188 189 189 189 191 192 192
 192 193 193 192 193 193 193 194 194 195 195 195 195 196 196 196 196 195
 196 196 196 197 197 197 197 198 198 198 197 196 196 196 196 196 197 197
 195 195 195 195 196 196 196 196 196 196 196 195 195 195 195 195 194 195
 195 196 196 195 192 151  89  66  70  76  74  75  69  66  64  62  63  73
  83  87  88  83  74  66  66  68  71  73  75  77  77  81  86  91  94  96
  98 100 107 110 120 141 166 182 188 190 190 191 192 191 191 190 191 191
 190 190 190 190 191 191 192 192 190 190 190 190 190 190 190 190 189 190
 191 192 193 193 192 192 192 192 192 193 194 194 194 194 193 193 194 194
 193 192 191 190 190 190 190 189 189 189 190 191 191 190 190 190 188 189
 187  29]"
"[ 28  29 179 178 179 179 179 180 179 180 181 181 181 181 181 181 182 183
 183 184 184 184 185 185 186 186 186 188 188 188 188 188 188 190 190 189
 190 192 193 192 192 192 193 193 194 194 194 194 195 195 195 195 194 194
 195 195 194 195 195 195 196 196 196 196 197 196 196 196 196 197 196 196
 195 195 195 195 196 196 196 196 195 195 195 195 195 195 195 195 193 198
 195 193 194 196 198 183 130  83  71  76  75  75  69  68  65  62  62  72
  81  86  89  85  82  73  72  74  77  79  80  83  83  85  89  93  97  99
 102 104 108 113 130 154 174 186 190 188 191 191 191 190 190 190 189 189
 189 189 190 190 190 191 191 191 189 189 189 189 189 189 189 189 191 191
 191 192 193 192 191 190 190 190 190 191 192 193 193 193 193 193 193 193
 192 190 189 189 190 190 190 189 189 188 189 189 189 189 189 190 188 188
 186  29]"
"[ 28  29 179 178 179 179 179 180 179 179 180 181 181 181 181 181 181 182
 182 183 183 184 184 185 186 186 186 187 187 187 187 188 188 190 190 188
 189 191 193 193 192 192 193 194 194 195 194 194 196 196 196 195 195 195
 196 197 196 196 196 196 196 196 196 196 196 195 195 195 196 196 195 194
 195 195 195 195 196 196 196 196 196 196 195 195 195 195 194 194 196 195
 194 195 195 194 194 196 168 102  75  77  76  75  68  68  67  64  64  73
  81  85  90  89  80  72  72  76  79  82  83  86  90  92  96  99 100 103
 106 110 111 121 143 165 179 187 191 190 192 191 190 190 190 189 188 187
 189 189 189 190 190 190 189 189 189 188 187 186 187 188 190 191 192 192
 191 192 193 192 190 188 189 189 190 191 192 193 193 193 194 193 192 191
 190 189 188 188 190 190 190 189 188 188 188 188 188 188 188 189 187 188
 186  30]"
"[ 29  30 177 180 178 178 178 179 178 179 180 181 182 182 181 181 181 182
 182 183 184 185 186 186 186 185 185 187 187 187 188 189 189 189 189 190
 190 191 192 192 192 192 192 193 194 195 194 194 195 195 195 195 196 196
 195 194 195 195 196 196 196 197 197 197 196 195 195 195 196 196 195 195
 195 195 195 195 196 196 196 196 195 195 195 195 195 195 195 195 195 195
 194 195 195 195 196 197 181 133  78  70  77  74  75  71  71  70  70  73
  80  88  90  88  82  76  73  76  80  84  86  89  95  97 101 103 106 109
 112 114 117 122 148 176 180 188 190 191 191 191 190 190 189 189 189 188
 189 189 190 190 190 190 189 189 188 188 188 188 188 189 190 191 193 193
 193 192 192 191 191 190 192 191 191 191 192 193 192 190 189 190 191 191
 190 190 189 189 188 189 189 189 188 187 187 187 188 188 188 188 188 188
 185  29]"
"[ 28  30 176 178 177 177 177 178 179 180 180 181 181 181 180 180 180 181
 181 182 183 184 184 184 185 184 185 186 187 187 187 188 189 189 189 189
 190 190 190 190 191 191 191 192 193 194 194 193 194 194 194 195 195 196
 196 195 195 195 196 196 196 196 196 195 195 195 194 195 195 195 195 194
 195 195 195 195 195 195 195 195 195 195 195 195 195 195 195 195 196 195
 195 195 195 194 194 195 198 165 100  73  74  74  75  71  73  73  74  76
  81  86  87  86  80  76  74  78  83  87  90  94  97 100 104 106 109 113
 116 118 119 123 150 179 183 188 189 191 191 191 190 189 189 188 187 187
 187 187 188 188 188 188 188 187 187 187 187 187 187 188 189 190 190 190
 190 191 191 191 190 190 189 189 189 190 192 192 191 189 189 189 189 189
 188 188 188 188 188 188 189 188 188 187 187 187 187 187 187 188 187 187
 184  28]"
"[ 29  30 176 178 176 176 177 178 179 180 180 180 180 180 180 180 181 181
 181 182 182 183 183 184 184 184 185 186 187 187 187 188 189 189 190 190
 190 190 190 190 191 191 191 192 193 194 194 194 195 195 195 195 196 197
 197 196 196 196 196 196 196 195 195 195 195 195 195 195 195 195 195 195
 195 195 195 195 195 195 195 195 195 195 195 195 195 195 195 194 196 195
 195 196 195 194 193 193 197 189 143  81  71  77  78  72  72  74  75  76
  77  80  80  79  77  75  75  80  84  88  92  96  99 102 105 108 111 114
 117 119 119 122 150 181 186 188 188 190 192 191 190 189 188 188 187 186
 187 188 188 188 188 188 188 188 188 187 187 187 188 189 189 190 189 189
 189 190 190 190 190 190 189 189 190 191 192 193 192 190 189 189 189 188
 188 187 188 188 187 188 188 188 187 187 187 187 187 187 187 188 187 188
 185  29]"
"[ 29  30 175 177 176 177 178 179 179 179 179 179 180 180 180 181 181 181
 181 181 182 182 183 183 183 184 185 186 187 187 187 187 189 189 189 190
 190 190 190 190 192 192 192 193 193 194 194 194 195 196 196 196 195 196
 196 196 196 196 196 195 195 195 195 195 195 195 195 195 195 195 195 195
 196 196 196 196 196 196 196 196 195 195 195 195 195 195 194 194 195 194
 195 196 196 195 194 193 195 192 169 106  72  75  71  73  72  73  74  74
  75  76  76  76  76  76  78  82  85  88  92  96 100 102 105 108 110 114
 116 117 117 118 148 180 187 187 188 190 192 191 190 189 189 188 187 187
 188 188 188 188 188 188 188 188 188 188 188 188 189 189 190 190 189 190
 190 190 190 190 190 190 189 190 190 191 192 193 192 191 189 189 189 189
 188 187 187 188 187 188 188 188 188 187 187 187 187 187 187 188 187 188
 185  29]"
"[ 28  29 174 176 176 176 177 179 179 179 179 179 179 180 180 181 180 180
 180 180 181 181 182 182 183 183 185 185 186 187 187 186 188 188 188 188
 189 190 190 191 192 192 192 193 193 193 193 194 194 195 195 194 193 194
 194 194 195 195 194 194 194 195 195 195 194 194 194 194 194 194 195 195
 195 195 195 195 195 195 195 195 195 195 195 195 195 195 194 194 194 194
 194 195 195 195 194 194 195 196 184 140  81  76  74  76  75  75  75  76
  77  79  79  79  79  81  84  87  88  90  94  97 102 104 106 108 111 113
 115 115 116 115 145 178 188 187 189 191 191 190 189 189 189 188 188 187
 187 187 187 187 187 187 187 187 187 187 187 187 188 188 189 189 190 190
 190 190 190 190 190 189 189 189 189 189 190 191 190 189 189 189 189 189
 188 187 187 187 187 188 188 188 188 187 187 187 186 187 187 187 187 187
 184  29]"
"[ 29  29 174 176 176 176 177 178 179 179 179 179 179 179 180 180 180 180
 180 181 181 181 182 182 184 185 185 186 186 187 187 187 187 187 187 188
 188 189 190 191 192 192 192 193 193 193 194 194 193 195 195 193 192 192
 193 194 194 194 194 194 194 195 196 196 194 194 194 194 193 194 194 194
 195 195 195 195 195 195 195 195 195 195 195 195 195 195 194 194 195 193
 193 194 195 194 194 194 191 197 199 173 114  69  72  74  74  73  73  75
  77  80  81  82  81  83  87  90  91  93  96  98 102 104 106 108 110 113
 114 114 115 112 141 174 187 187 188 189 189 189 188 188 188 188 188 187
 187 187 187 187 187 187 188 188 187 187 187 187 187 188 188 188 189 190
 190 190 190 190 190 190 190 190 189 189 189 190 190 189 189 189 190 189
 188 187 187 187 187 187 188 188 188 187 187 188 187 187 187 187 187 187
 185  29]"
"[ 29  30 175 176 176 176 176 177 178 178 178 179 179 179 179 179 181 181
 181 181 181 182 183 183 184 185 185 185 186 187 187 187 187 187 187 188
 188 189 190 190 191 191 192 192 192 193 194 195 194 195 195 193 191 191
 192 192 192 192 192 192 193 194 195 195 194 194 194 193 193 193 193 194
 195 195 195 195 195 195 195 195 194 194 195 195 195 195 194 194 194 193
 192 193 194 194 193 193 193 190 199 198 168  92  63  63  69  68  69  71
  73  76  79  81  81  83  87  90  92  94  96  98 100 102 104 107 110 112
 114 114 114 110 139 171 187 187 189 188 188 187 187 187 187 187 187 187
 188 188 188 188 188 188 188 188 187 187 188 188 188 188 188 188 189 189
 190 190 190 190 190 190 191 191 190 190 190 191 191 190 189 190 190 189
 188 188 187 187 187 187 188 188 187 187 187 187 187 188 187 188 188 188
 185  29]"
"[ 29  29 174 176 175 174 174 175 176 177 178 179 179 180 180 180 180 180
 180 180 181 181 182 183 183 184 184 183 184 185 186 185 186 186 187 187
 188 188 188 188 188 189 190 191 191 192 193 194 194 195 195 192 189 189
 189 190 190 190 190 190 191 191 192 193 192 193 193 192 191 191 192 193
 193 193 194 194 194 194 194 194 194 194 194 195 195 194 194 194 193 192
 192 193 194 194 193 193 193 194 191 203 206 164  81  57  64  64  65  67
  70  72  76  79  80  82  86  89  92  94  96  98  98 100 103 106 109 112
 114 114 113 109 139 171 188 188 190 188 188 187 187 187 187 187 187 187
 186 186 186 186 186 186 187 187 187 187 188 188 188 188 188 188 188 188
 188 189 189 189 189 189 189 189 189 189 189 190 189 188 189 189 189 188
 187 187 187 187 187 187 188 188 187 187 187 187 187 187 187 188 187 187
 185  29]"
"[ 30  29 173 175 174 169 166 169 174 178 179 179 180 179 179 180 179 180
 180 181 181 182 182 183 183 183 183 184 185 186 187 187 187 187 187 188
 187 187 187 188 188 188 189 189 191 192 193 193 194 194 194 193 192 191
 191 190 189 189 189 189 189 189 189 189 190 190 191 190 190 190 191 193
 193 193 194 194 193 193 193 193 194 194 194 194 194 194 194 194 193 193
 193 193 193 193 193 193 194 193 189 206 221 195 117  56  58  64  64  71
  69  72  75  77  79  82  83  84  90  95  96  97  97  99 102 105 108 111
 113 113 113 111 139 172 188 188 188 188 187 187 188 188 187 187 187 188
 187 186 186 186 186 187 187 187 187 188 189 189 188 188 189 190 190 190
 190 190 189 189 189 190 189 189 189 189 189 189 188 188 188 188 188 188
 187 187 187 187 188 188 187 187 187 187 187 187 187 187 187 188 187 187
 184  29]"
"[ 29  29 173 173 170 164 163 166 172 175 177 177 179 179 178 179 180 181
 181 181 181 181 182 182 183 183 183 183 184 185 186 186 186 186 186 187
 187 187 187 188 189 189 189 190 191 191 192 192 192 192 192 192 192 192
 192 192 190 190 190 189 189 189 189 188 189 190 190 190 189 189 190 191
 191 192 193 193 193 192 192 193 194 194 194 194 194 194 194 194 193 193
 193 193 193 192 192 193 194 195 191 201 232 220 151  72  55  62  61  66
  67  70  74  76  77  81  82  84  88  92  95  97  98 100 101 104 106 109
 111 112 112 110 138 169 186 187 189 189 187 187 187 187 188 187 187 187
 187 187 186 187 187 188 188 188 187 188 189 189 189 188 189 189 189 189
 189 189 189 189 189 190 189 189 188 189 189 189 189 189 187 187 187 187
 187 187 187 187 188 188 188 187 187 187 187 187 187 188 188 189 188 187
 184  29]"
"[ 29  30 173 172 166 161 161 166 171 174 175 177 180 180 179 179 180 180
 181 181 181 181 182 182 183 183 183 183 183 184 185 185 185 185 186 186
 187 187 188 189 188 188 188 188 189 190 190 190 190 190 191 191 192 193
 193 193 192 192 192 191 192 192 190 189 189 189 190 190 190 190 190 189
 191 191 192 192 192 192 192 192 194 194 194 194 194 194 194 194 193 193
 193 193 192 192 192 192 193 195 190 197 243 241 188  94  56  62  60  62
  65  69  71  74  72  76  79  80  83  87  92  97 100 100 101 102 104 107
 110 111 111 110 136 166 184 186 188 188 188 187 187 187 187 188 187 186
 187 186 186 186 187 188 188 188 187 188 190 190 190 189 189 189 188 188
 188 188 188 189 188 188 187 187 187 187 188 188 188 188 187 187 187 187
 187 187 187 187 188 188 188 187 187 187 188 188 187 187 187 188 187 186
 184  29]"
"[ 28  29 173 172 167 163 163 168 171 174 175 176 179 180 179 179 179 179
 180 180 180 181 181 182 183 183 183 183 183 183 184 185 185 185 185 186
 186 186 187 189 188 187 187 187 188 189 189 189 190 190 190 191 191 192
 192 192 192 192 192 193 193 194 192 190 188 189 190 191 192 192 191 190
 191 192 192 192 192 192 192 192 193 193 193 194 194 194 194 194 193 193
 193 193 192 191 191 192 193 193 189 199 246 246 209 115  62  65  62  61
  64  67  67  69  67  70  73  75  78  82  89  96 101 101 101 102 103 106
 109 110 112 112 136 164 183 186 188 188 188 187 187 187 187 187 187 186
 186 186 186 186 187 187 188 188 187 188 189 189 189 189 188 189 189 189
 188 188 188 188 188 187 187 187 187 187 187 187 187 187 187 187 187 187
 187 187 187 187 187 187 187 187 187 187 187 188 187 187 187 187 186 186
 183  28]"
"[ 29  29 172 172 170 167 166 169 171 174 175 175 177 177 178 179 178 179
 180 180 180 181 181 182 183 183 183 183 182 183 183 184 185 185 186 186
 186 186 187 188 187 187 187 187 188 189 189 189 190 190 190 190 190 190
 191 191 192 192 192 193 193 194 192 190 189 189 190 191 192 192 191 190
 192 192 193 193 192 192 192 192 193 193 193 194 194 194 194 194 193 193
 193 193 192 191 192 192 194 193 188 201 245 247 221 131  67  66  63  60
  64  65  64  65  65  67  69  72  76  81  88  97 102 102 102 102 103 105
 107 109 112 113 136 163 183 186 187 188 187 187 187 187 186 186 186 186
 186 186 187 187 187 187 188 188 187 188 188 188 188 188 188 188 190 189
 189 189 189 189 188 187 188 187 187 187 188 188 188 188 188 188 188 187
 187 187 187 187 187 187 187 187 187 187 187 187 188 187 187 187 186 186
 184  29]"
"[ 29  29 172 172 171 170 168 170 172 175 176 175 176 176 177 179 179 179
 180 180 180 180 181 182 181 182 182 182 181 181 182 183 185 185 186 186
 186 186 186 187 186 187 187 187 188 188 189 189 189 189 189 189 189 189
 190 191 192 192 192 193 193 193 192 190 190 190 190 190 191 191 190 189
 192 192 192 192 192 191 191 191 193 193 193 194 194 194 194 194 194 194
 193 193 192 192 192 192 192 193 187 199 244 251 231 144  73  66  65  62
  65  65  65  65  65  66  68  73  78  82  90 100 104 104 104 103 102 102
 105 107 111 111 134 161 182 184 184 187 186 187 188 187 186 185 186 186
 186 186 187 187 187 187 187 187 188 188 188 188 188 188 189 189 188 188
 188 188 188 188 187 187 185 185 185 186 187 187 188 187 188 188 188 188
 188 187 187 187 187 187 187 187 187 187 187 187 187 187 186 186 185 185
 183  29]"
"[ 29  29 171 172 171 171 169 170 173 175 175 175 176 176 176 177 178 179
 179 180 180 180 181 181 181 181 182 182 181 181 182 183 183 184 185 186
 186 185 185 186 186 187 187 187 187 187 188 189 188 189 190 189 189 189
 190 192 191 192 193 193 193 193 193 192 190 190 189 189 189 190 190 189
 190 190 191 191 190 190 190 190 192 192 192 193 193 193 193 193 194 193
 192 191 192 192 191 191 191 192 187 196 243 253 238 154  81  67  67  64
  65  65  66  65  65  67  70  75  80  83  91 101 104 104 104 102 100 100
 103 105 110 109 131 159 180 181 181 185 186 186 187 187 187 186 185 185
 186 186 187 187 186 186 186 186 188 188 188 188 189 189 189 189 187 188
 188 188 187 186 186 186 184 183 184 185 186 187 187 187 187 187 187 187
 187 187 187 187 187 187 187 187 187 187 187 187 187 186 185 185 184 185
 183  29]"
"[ 29  29 171 171 171 171 170 171 172 174 173 173 175 176 175 175 176 177
 178 178 179 180 180 181 181 182 182 182 181 181 182 183 182 182 184 185
 186 185 185 185 187 188 188 188 187 187 188 189 188 189 190 189 188 189
 191 192 189 191 191 192 192 193 193 192 190 190 189 189 189 190 190 191
 188 189 189 190 189 189 189 189 190 190 191 192 192 192 192 192 192 191
 190 190 191 191 190 189 192 191 189 195 244 252 240 161  86  68  68  66
  65  63  66  64  64  67  71  77  80  82  90 101 103 104 103 101  98  99
 102 106 111 110 130 158 180 179 179 184 186 186 186 187 188 187 185 184
 187 187 188 188 187 186 186 186 186 186 187 187 188 188 188 187 189 189
 189 189 187 186 186 186 185 185 185 186 187 188 188 188 187 187 187 187
 187 187 187 187 188 188 187 187 187 187 187 187 187 187 186 186 185 185
 184  29]"
"[ 28  30 170 172 171 172 170 170 172 172 173 174 174 173 173 174 175 176
 177 177 178 180 180 180 179 179 181 182 181 181 181 179 180 181 182 182
 182 182 183 183 186 185 186 186 187 188 187 186 188 188 188 188 189 189
 190 190 190 190 190 192 193 193 192 191 190 191 191 190 188 188 189 190
 191 189 188 189 189 188 187 187 188 186 187 189 189 189 190 189 188 186
 189 190 188 189 191 190 191 192 187 195 243 253 246 172  92  73  70  67
  66  65  65  66  66  68  70  75  82  87  94 102 103 103 102  99  98  99
 104 108 111 110 129 154 178 181 181 183 187 187 187 187 186 185 185 185
 186 186 186 186 187 187 186 186 184 185 186 187 188 188 188 188 186 188
 188 187 187 188 187 185 185 186 186 186 187 189 188 186 188 188 187 187
 186 186 187 187 186 186 186 185 186 187 186 185 186 185 183 183 183 183
 182  30]"
"[ 32  30 170 170 169 171 170 170 170 171 173 174 173 172 173 173 171 173
 175 176 176 177 179 180 182 180 179 179 178 180 182 181 179 179 179 179
 180 180 181 182 184 185 185 185 186 186 187 187 187 187 187 188 188 188
 189 190 190 189 190 191 191 190 189 188 188 187 186 187 189 190 189 189
 188 187 187 188 188 186 185 185 187 185 187 189 189 189 190 189 189 187
 189 189 187 189 192 191 191 192 189 195 242 252 248 180  95  75  72  68
  67  65  65  66  64  68  71  75  82  89  96 102 103 103 102  99  98 100
 104 108 110 109 127 153 177 180 181 183 185 186 187 186 185 184 184 183
 185 186 186 186 186 186 186 186 184 184 184 185 186 186 186 186 186 187
 187 187 187 187 187 186 187 188 188 187 187 188 188 186 187 187 187 187
 187 186 185 185 187 186 186 187 187 186 186 186 185 185 183 184 184 184
 182  30]"
"[ 28  26 170 170 171 172 170 168 169 171 172 173 172 171 171 171 174 174
 175 176 176 175 175 176 177 177 179 181 180 181 180 178 181 181 180 179
 178 178 179 180 181 182 182 183 183 184 186 188 187 187 187 187 187 188
 189 190 188 188 189 191 192 191 190 190 190 189 188 189 189 189 188 187
 190 188 187 186 185 185 186 187 185 184 186 188 188 189 189 188 190 188
 188 188 186 187 188 188 189 190 187 195 242 251 248 181  97  78  75  71
  70  67  67  68  64  69  72  75  81  89  96 102 105 105 103 100  99 100
 104 107 113 111 127 155 178 180 181 183 185 186 187 187 186 184 183 183
 184 184 185 185 185 184 185 185 185 183 183 184 185 184 184 185 186 186
 187 188 188 187 187 187 187 187 187 187 186 186 187 186 187 187 187 187
 187 186 185 185 186 186 186 187 186 184 183 184 183 184 183 185 185 185
 182  29]"
"[ 30  26 168 166 167 168 168 167 168 168 169 169 170 171 171 171 172 170
 170 172 174 174 174 175 178 176 176 177 177 178 179 178 178 178 179 179
 179 180 181 182 180 180 181 181 181 182 183 185 185 186 186 186 186 186
 187 189 187 187 188 189 189 188 187 187 186 186 186 185 185 186 186 187
 186 186 187 187 186 184 184 184 186 185 187 189 189 188 189 188 188 187
 187 188 187 189 190 190 190 190 185 196 245 252 244 176  99  80  77  73
  71  69  68  69  68  71  73  75  81  87  95 102 108 107 104 101  99 100
 104 106 110 108 123 154 177 180 182 184 184 185 186 185 184 183 182 181
 183 184 184 185 185 184 184 184 185 184 184 186 185 184 184 185 185 184
 185 187 187 185 186 188 187 187 187 186 186 187 187 187 186 186 185 185
 186 186 186 186 185 185 186 185 184 183 182 182 182 183 183 185 185 185
 182  29]"
"[ 29  28 166 166 169 168 167 167 165 165 164 165 168 171 173 172 173 173
 174 174 173 173 175 177 178 176 177 179 179 180 181 180 178 179 180 180
 180 179 179 179 180 179 179 179 179 179 179 178 181 182 183 183 183 184
 185 187 186 186 187 188 188 187 187 187 189 187 184 184 185 186 187 187
 188 187 186 185 185 185 186 186 186 185 187 189 188 187 187 186 187 187
 186 185 185 185 185 186 187 186 181 194 246 252 246 181 106  85  79  72
  69  68  68  70  72  72  72  76  80  85  93 103 109 108 104 100  98  99
 102 105 108 108 120 152 174 177 179 181 183 184 184 184 183 182 182 181
 182 182 182 182 183 183 182 182 182 182 184 185 184 182 182 184 184 184
 184 186 186 185 186 188 187 186 185 185 185 185 184 184 184 184 183 184
 184 185 185 184 183 185 185 183 182 183 183 182 183 184 183 184 185 184
 182  29]"
"[ 30  32 155 156 159 159 159 159 157 157 155 154 157 160 162 161 163 167
 169 166 161 160 163 166 167 167 172 177 178 178 178 178 178 179 181 182
 181 180 179 178 179 178 178 179 181 181 181 180 179 180 182 183 184 184
 186 187 188 187 187 188 188 188 187 188 187 182 178 179 185 188 188 186
 190 189 188 187 188 189 189 188 187 186 188 189 188 187 188 187 191 192
 190 189 190 189 188 189 189 188 182 194 245 251 247 189 115  91  81  71
  68  67  69  71  73  72  72  76  80  83  93 104 109 108 104 100  98  98
 102 105 111 112 121 153 172 178 181 182 181 182 182 183 182 182 182 182
 181 180 180 180 181 181 181 181 180 181 182 182 182 182 183 183 183 182
 182 183 183 184 184 186 188 187 186 186 186 185 184 183 183 183 183 183
 184 184 184 183 182 183 183 182 182 183 183 182 182 182 182 182 182 182
 180  28]"
"[ 29  26 127 122 124 125 127 130 129 129 128 127 127 129 130 128 126 130
 133 131 129 130 133 133 131 129 131 134 134 135 139 141 138 140 143 145
 146 147 148 148 153 154 155 156 157 158 158 158 163 165 167 169 169 169
 171 172 166 165 163 162 161 160 158 158 160 158 156 160 166 171 171 170
 168 169 172 175 177 176 171 166 165 164 165 166 165 165 166 165 168 170
 168 168 172 173 172 175 179 179 175 190 244 250 245 188 117  92  82  72
  69  68  70  72  73  73  72  75  79  83  93 104 109 108 105 101  98  98
 101 104 107 111 117 148 166 174 179 180 181 182 183 184 184 183 183 183
 184 185 185 185 184 184 185 186 184 185 184 183 185 188 188 187 186 186
 186 186 186 188 188 188 186 186 186 187 187 186 186 187 183 182 182 182
 183 184 184 184 185 183 183 184 184 182 181 182 180 181 180 181 181 181
 181  28]"
"[ 29  29 123 122 124 123 120 120 121 124 124 123 122 124 124 123 123 125
 125 124 126 130 128 123 129 127 130 131 128 125 125 126 127 128 129 130
 130 130 131 131 131 132 133 133 132 131 132 132 131 134 136 137 137 137
 138 139 139 138 137 138 139 140 140 141 139 139 140 141 142 142 143 144
 144 142 139 139 142 145 145 142 143 142 144 145 143 143 145 145 143 144
 141 139 142 142 141 144 144 146 149 175 240 249 245 186 113  89  80  73
  71  69  70  70  72  74  74  74  78  84  93 102 108 107 105 101  97  97
  99 102 107 110 113 139 154 161 165 165 161 162 164 165 166 165 165 165
 165 166 167 166 164 163 166 168 164 163 161 160 163 169 169 166 173 174
 173 172 173 175 176 174 175 176 179 181 181 180 182 185 184 182 179 178
 180 183 185 187 189 184 183 187 186 181 179 182 180 181 181 181 182 182
 182  30]"
"[ 29  30 123 124 124 124 124 124 123 124 125 125 124 124 125 126 126 126
 127 127 128 129 130 131 128 129 130 130 131 131 130 130 131 131 131 132
 132 133 135 136 136 136 137 137 137 138 137 136 137 136 137 139 140 139
 138 138 138 138 139 139 141 144 145 145 143 143 143 143 144 144 145 146
 146 145 145 145 146 147 146 146 145 146 146 145 145 146 146 145 146 146
 145 144 143 144 145 146 146 147 144 167 235 249 246 186 111  88  81  74
  71  69  69  71  73  74  74  75  77  82  92 103 107 108 105 101  98  96
  96  98 102 108 112 130 142 148 149 147 146 147 147 147 147 147 147 148
 148 146 145 144 145 144 144 145 146 146 145 146 146 147 146 146 147 149
 151 150 148 147 147 147 146 147 148 149 150 150 151 151 153 153 152 151
 151 152 152 153 154 154 155 154 152 152 153 154 153 155 156 154 155 155
 155  31]"
"[ 29  30 123 124 124 123 124 124 124 125 126 125 125 124 125 126 126 126
 126 126 126 127 127 128 128 128 129 129 130 130 130 130 130 131 131 132
 132 133 134 135 135 135 136 136 137 137 137 136 137 136 136 137 138 138
 138 138 138 139 139 139 141 143 144 144 142 142 143 143 144 145 145 146
 146 146 145 145 146 145 144 144 144 145 146 145 145 146 146 144 145 145
 145 144 144 144 145 146 146 148 144 162 226 246 238 178 103  79  75  73
  72  71  72  73  74  76  76  76  79  83  93 104 107 108 105  99  96  94
  94  96 101 106 109 127 140 146 147 146 147 148 149 150 150 150 150 151
 152 150 149 149 149 149 149 150 150 150 151 151 152 152 151 150 151 153
 154 154 153 152 152 153 153 153 153 154 154 154 154 154 151 152 152 151
 149 149 149 150 152 153 153 152 152 152 152 153 151 150 150 147 148 149
 151  28]"
"[ 28  29 123 123 123 123 123 123 124 125 125 125 124 123 124 124 126 125
 125 125 126 126 126 126 128 129 129 129 130 130 130 130 130 130 131 131
 132 132 133 134 135 136 136 135 136 137 137 136 137 136 135 136 136 137
 137 138 138 139 139 139 140 141 142 142 142 142 143 143 144 144 145 145
 145 145 145 144 144 143 143 142 143 144 145 145 145 145 145 144 143 144
 145 144 144 144 144 145 145 148 143 155 210 241 231 178 110  80  74  73
  70  69  72  72  74  76  76  77  79  83  92 103 107 107 104  99  95  93
  94  96 102 104 106 124 138 145 146 147 147 148 149 150 151 151 151 151
 150 148 148 148 148 148 149 149 150 150 150 151 151 151 150 149 150 151
 152 152 152 152 152 153 153 153 152 152 152 152 152 152 150 151 151 149
 147 147 149 150 151 151 152 152 152 152 152 152 153 151 151 149 150 150
 151  30]"
"[ 29  30 123 123 123 122 123 123 124 124 125 124 124 123 124 124 125 125
 126 126 127 127 127 127 128 128 129 129 130 130 130 130 130 130 131 131
 132 132 133 133 135 135 135 135 135 136 136 136 138 136 135 135 135 135
 136 138 138 139 139 139 139 140 140 141 142 142 142 143 143 143 143 143
 143 143 143 143 142 142 142 142 142 143 143 144 144 144 144 143 143 144
 145 144 143 142 143 144 145 147 143 149 190 226 219 179 115  82  75  73
  69  70  74  74  73  75  76  77  78  82  91 101 106 107 104  99  96  94
  94  97 101 102 105 122 137 146 146 148 147 147 148 148 148 148 148 148
 149 148 147 148 148 149 149 150 150 150 150 151 151 151 150 149 150 150
 151 151 151 152 153 153 152 152 152 152 152 152 151 151 151 151 149 146
 145 147 150 152 152 151 151 152 152 152 152 151 152 150 151 151 152 151
 151  29]"
"[ 29  30 123 124 123 123 123 123 124 124 125 125 124 124 125 125 124 125
 126 128 128 128 127 127 126 127 128 129 129 129 129 129 130 130 131 131
 132 132 132 133 133 133 133 133 134 135 136 135 138 137 136 136 135 135
 136 136 137 138 139 138 138 139 140 140 142 141 141 141 142 142 143 143
 143 142 142 142 142 142 143 143 142 142 142 143 143 143 143 144 143 144
 144 143 142 142 142 143 145 146 145 146 169 198 195 171 113  81  76  76
  72  71  74  73  74  76  77  78  79  82  90 100 105 107 105 100  97  95
  95  97 100 100 104 120 135 146 146 148 147 147 147 147 147 147 148 148
 148 148 148 149 149 149 150 151 151 151 150 151 151 151 151 150 151 150
 150 151 151 152 153 153 152 152 152 152 152 152 152 152 151 150 147 145
 146 148 151 152 152 152 152 152 152 152 151 150 151 150 151 151 152 151
 150  28]"
"[ 29  30 123 124 124 123 123 123 123 124 124 124 124 124 125 125 125 126
 128 129 129 129 128 127 126 127 128 129 130 129 129 129 130 130 130 131
 131 132 132 132 132 132 132 132 134 135 136 135 137 136 136 136 136 135
 135 136 137 138 138 138 138 139 139 139 140 140 140 140 141 141 142 143
 143 142 142 142 142 142 143 143 142 141 141 142 142 142 143 143 143 143
 143 142 142 142 142 143 143 145 147 147 155 171 169 153 113  84  78  75
  71  69  71  71  73  75  76  78  80  83  90  99 105 107 105 101  97  95
  94  97 100 101 105 118 133 147 146 147 147 147 146 146 147 148 148 148
 147 146 147 147 148 148 148 149 150 149 149 149 150 150 149 149 149 149
 149 149 150 150 151 151 151 151 151 150 150 150 150 151 151 150 149 148
 148 150 151 151 152 151 151 151 152 152 151 150 152 151 151 150 151 151
 152  30]"
"[ 29  30 123 124 123 123 123 123 123 123 123 123 124 124 124 124 126 127
 128 128 128 128 127 127 127 128 129 129 130 130 130 130 130 130 130 130
 131 132 132 132 132 132 132 133 134 135 135 135 135 135 135 136 136 135
 135 136 137 138 138 138 138 139 139 138 139 139 139 139 140 141 141 142
 141 141 141 142 142 142 142 141 141 140 141 142 142 141 142 142 143 143
 142 142 142 141 141 141 142 142 146 146 147 152 148 134 108  83  78  74
  72  70  73  75  73  74  75  77  80  83  90  98 105 107 106 101  97  95
  95  98 102 103 107 117 131 147 147 148 146 146 146 146 147 148 148 147
 147 147 148 148 148 148 149 150 150 150 150 151 151 151 150 150 149 149
 150 150 151 151 152 152 153 152 152 151 151 151 152 152 152 151 150 149
 149 150 151 151 151 151 151 151 151 151 151 151 150 150 151 149 150 151
 151  29]"
"[ 28  29 123 123 123 123 123 123 124 124 124 124 124 124 124 124 125 126
 126 126 126 126 126 126 128 128 128 129 129 130 130 130 130 130 129 129
 130 131 132 132 132 132 132 132 133 134 133 133 133 134 135 135 135 135
 135 136 138 138 138 138 138 139 138 138 138 138 139 139 140 140 140 140
 139 139 140 141 142 142 141 139 141 140 140 142 142 141 141 142 144 143
 142 142 142 141 140 138 143 142 144 144 142 140 135 119 103  83  81  78
  75  71  71  72  73  74  75  77  80  83  90  98 105 107 106 101  98  96
  97 100 103 105 109 116 130 147 146 147 146 146 146 147 147 148 147 147
 147 147 147 148 148 147 148 149 149 149 150 150 151 151 150 149 148 148
 149 150 150 151 151 152 152 151 151 151 151 151 152 152 151 151 150 148
 148 149 151 152 151 151 150 151 151 152 152 152 150 152 153 150 151 153
 153  29]"
"[ 29  29 121 122 122 123 123 123 123 123 122 124 125 125 124 124 125 126
 126 125 125 125 127 128 128 128 128 129 129 129 129 130 130 130 130 130
 131 132 133 133 130 131 133 133 133 133 132 132 134 135 135 136 136 136
 136 136 137 137 137 138 138 139 138 138 138 138 138 138 139 139 139 139
 139 139 139 139 139 139 139 139 138 139 140 140 139 139 139 140 140 140
 141 142 142 141 140 139 140 142 142 140 139 136 127 117 103  91  80  75
  73  73  73  72  74  73  74  76  78  83  91 100 104 104 103 101  98  97
  99 101 105 104 108 115 130 139 146 146 146 146 145 145 146 146 147 148
 146 147 147 148 148 148 147 147 148 148 149 150 150 150 150 150 149 149
 149 149 150 151 151 151 150 151 151 151 150 150 150 151 149 149 150 149
 148 148 148 149 150 150 150 151 151 151 151 151 150 151 149 150 150 150
 149  30]"
"[ 29  29 122 122 123 123 124 124 124 124 124 125 125 125 124 125 124 125
 125 125 125 125 127 128 129 128 128 128 128 128 128 130 130 130 130 130
 131 131 132 132 131 131 132 133 133 132 132 132 133 134 135 136 136 136
 136 136 136 136 136 137 137 138 137 137 138 138 138 138 138 138 139 139
 139 139 139 139 139 139 139 139 138 139 139 139 139 138 139 139 139 139
 140 141 141 140 139 139 139 140 140 140 138 133 123 112 104  93  83  77
  74  72  73  73  75  75  76  78  80  84  92  99 105 106 105 102  99  98
 100 101 107 106 109 115 129 138 146 146 147 147 146 146 146 147 147 148
 147 147 147 147 147 147 147 147 147 147 148 148 148 147 147 146 148 148
 148 149 150 150 150 150 150 151 151 151 150 149 148 148 147 148 149 149
 148 147 147 148 149 150 150 150 150 151 151 151 150 150 149 150 150 150
 149  30]"
"[ 29  29 122 122 122 122 123 123 123 124 125 126 125 124 124 124 124 125
 125 125 124 125 127 128 128 127 127 126 126 126 128 129 130 130 130 130
 130 131 131 131 131 131 132 132 132 131 131 132 132 133 134 135 136 136
 136 136 136 136 136 136 137 137 136 136 137 137 137 137 137 138 138 139
 138 138 139 139 138 138 138 138 138 138 138 138 138 138 138 138 138 138
 139 140 140 139 138 138 138 138 139 139 137 129 117 106 100  91  83  77
  73  72  74  75  76  76  78  80  82  85  93  99 105 106 106 104 101 100
 100 101 106 106 109 114 127 136 145 146 146 146 146 146 146 146 146 146
 147 147 147 146 147 147 147 147 147 147 147 147 146 146 145 145 146 147
 148 148 148 148 148 148 149 150 150 150 149 148 147 146 146 147 148 148
 147 147 147 147 148 148 148 148 148 148 148 148 148 149 147 149 148 149
 148  29]"
"[ 29  29 122 121 121 121 122 122 122 122 123 124 124 123 123 123 124 125
 125 124 124 124 126 127 126 126 126 126 125 126 127 129 129 129 130 130
 130 130 131 131 131 131 132 131 131 131 131 131 132 132 133 134 135 135
 135 135 135 135 135 136 136 136 136 135 135 135 136 137 137 138 138 138
 137 138 138 138 138 138 138 138 138 138 138 138 138 138 138 137 137 137
 138 138 138 138 137 137 137 137 138 139 136 126 112 102  96  88  81  76
  72  71  73  75  76  77  79  81  82  86  94 100 103 104 105 104 102 101
 101 102 105 106 110 113 125 135 144 145 145 145 145 146 146 146 146 146
 146 146 146 146 146 146 146 146 146 146 146 146 146 146 146 146 145 146
 147 148 147 147 147 147 147 147 148 148 148 147 147 146 146 146 147 147
 147 146 146 146 147 147 147 147 146 146 146 146 147 147 146 147 147 148
 147  29]"
"[ 29  29 121 121 121 121 121 121 121 121 121 122 123 123 123 123 124 124
 124 123 123 124 125 125 126 126 126 126 126 126 128 129 128 128 129 129
 130 130 131 131 131 131 131 131 130 130 130 131 132 132 132 132 132 133
 133 134 135 134 134 135 135 135 135 135 133 134 135 136 137 137 137 137
 136 137 138 138 137 137 137 137 138 138 138 138 138 138 137 137 137 137
 137 138 138 137 137 137 138 137 138 139 134 123 109 100  96  88  81  77
  74  73  74  74  76  77  79  80  82  87  94 100 103 104 104 104 102 101
 101 102 104 106 110 113 125 134 143 144 144 144 145 146 146 146 146 146
 145 146 146 146 146 146 145 145 144 145 145 145 146 146 146 146 145 146
 147 147 147 147 147 147 146 146 146 146 146 146 146 146 146 146 146 146
 146 146 146 147 147 147 147 147 146 146 146 146 147 147 146 147 147 148
 147  29]"
"[ 29  29 121 121 121 121 122 121 121 120 120 121 123 123 123 123 122 122
 122 122 123 123 124 125 126 125 125 126 126 126 126 126 126 126 127 129
 129 130 130 130 130 130 130 130 130 130 130 130 132 131 131 131 131 131
 132 132 133 133 133 133 134 134 133 133 131 132 134 135 136 136 136 135
 135 136 137 137 136 136 136 136 136 137 137 137 137 137 136 136 137 136
 136 137 137 136 136 136 137 137 137 137 131 120 107  98  92  84  79  76
  74  73  75  75  76  77  79  79  81  87  95 101 103 104 104 103 102 101
 102 102 103 105 109 112 123 133 141 142 143 143 144 144 145 145 145 145
 145 145 146 146 146 146 145 145 144 144 145 145 145 145 145 146 146 146
 146 147 146 146 146 147 147 147 146 146 146 146 146 146 146 146 146 146
 146 146 146 147 146 146 146 146 146 146 146 146 146 147 146 147 146 147
 147  29]"
"[ 30  28 120 120 121 121 121 120 120 119 120 122 123 122 123 123 121 121
 121 121 122 123 123 124 124 123 123 124 124 124 124 124 124 125 126 128
 129 129 129 129 129 129 130 130 130 130 130 130 131 130 130 130 130 131
 131 131 131 131 131 132 133 133 132 132 132 132 132 133 133 134 134 134
 133 135 136 136 135 134 134 135 135 136 136 136 136 135 135 135 137 136
 136 136 136 136 136 136 136 136 136 134 127 116 103  95  86  80  76  75
  73  73  75  76  76  78  80  80  81  87  95 100 103 104 103 102 101 101
 102 103 104 105 108 110 121 131 139 140 142 142 142 143 143 143 144 144
 144 145 145 145 145 144 144 144 144 144 144 144 145 145 145 146 146 146
 145 146 146 146 146 146 147 147 146 146 146 146 146 145 146 146 145 146
 146 146 146 146 145 145 145 146 146 146 146 146 146 146 145 146 145 146
 146  29]"
"[ 30  28 119 119 120 120 120 118 118 119 121 122 122 121 122 122 121 121
 121 121 121 122 122 123 123 122 121 122 124 125 124 124 123 124 126 127
 128 128 128 128 128 129 130 130 130 130 130 130 130 130 130 130 130 131
 131 131 131 131 131 132 132 132 132 132 132 132 132 132 132 132 132 133
 132 134 135 135 134 133 133 134 133 135 136 135 134 133 133 134 137 136
 136 136 136 135 135 136 135 136 136 132 124 113 101  92  86  81  77  76
  73  72  74  76  77  79  81  81  82  87  94 100 102 102 102 101 100 101
 102 103 105 106 109 109 120 130 139 139 142 142 142 143 143 143 143 144
 144 143 143 143 143 143 143 143 143 143 144 144 144 145 145 145 146 145
 145 145 145 146 146 146 145 145 145 145 145 145 144 143 145 145 145 146
 146 146 146 146 146 146 146 146 146 146 146 146 146 147 146 147 146 146
 146  29]"
"[ 29  30 116 119 120 120 120 119 117 118 120 120 119 119 120 121 120 120
 121 122 122 122 122 122 122 122 122 121 121 122 123 124 125 125 125 125
 125 125 126 125 126 127 128 128 129 129 129 129 129 129 129 130 129 128
 129 131 130 130 130 130 131 132 131 131 131 130 130 130 131 132 132 132
 132 133 133 133 132 132 132 132 132 132 133 133 133 133 133 133 132 134
 136 137 135 134 134 135 133 133 133 130 123 113 100  91  84  80  77  76
  75  74  75  76  77  80  81  80  81  88  94  98 102 103 101  99 100 101
 102 104 104 106 108 110 117 129 137 140 140 140 141 141 142 143 142 141
 142 142 142 142 141 141 143 144 143 143 143 143 143 144 144 144 145 145
 144 144 144 144 145 145 145 145 145 145 145 145 145 145 145 145 146 146
 146 146 146 146 146 145 145 145 145 145 146 146 147 147 145 146 145 146
 146  29]"
"[ 29  30 116 118 118 118 118 117 117 118 119 119 119 119 119 120 120 120
 120 120 120 121 122 122 122 122 122 122 122 122 123 124 124 125 125 124
 124 125 125 125 125 126 126 126 126 126 127 127 128 127 127 128 128 128
 128 129 129 129 129 130 130 130 130 130 131 130 130 130 130 131 132 132
 132 132 132 132 132 131 132 132 132 132 132 133 133 133 133 132 132 133
 135 135 134 133 133 134 133 133 133 129 123 112 100  91  83  79  75  74
  73  73  73  75  76  79  80  80  83  88  94  97 102 103 101  99 100 101
 102 105 104 106 107 109 116 127 135 139 139 139 140 141 142 142 141 140
 140 140 140 140 140 140 141 142 143 143 142 143 143 144 144 144 144 144
 143 143 143 143 144 144 144 144 144 144 145 144 144 144 145 145 145 145
 145 145 145 145 144 144 144 144 145 145 145 146 146 146 145 146 145 146
 146  29]"
"[ 29  30 115 117 116 117 116 116 117 117 118 118 118 118 118 118 119 119
 119 119 119 119 121 122 122 122 122 122 122 122 122 123 123 124 124 124
 124 125 125 124 124 124 124 124 124 125 126 126 127 127 127 128 128 128
 128 129 129 129 129 130 130 130 130 129 130 130 130 129 129 130 131 132
 131 131 131 131 130 130 131 132 131 132 132 132 132 132 132 132 131 132
 133 133 132 132 132 132 133 133 133 129 122 110  99  91  83  79  75  73
  73  72  73  75  76  79  81  82  85  90  95  97 102 103 100  98  99 101
 103 105 105 107 108 109 116 126 134 138 138 138 139 140 141 140 139 138
 138 139 139 139 140 140 141 141 142 141 141 142 143 143 143 143 143 143
 143 143 143 143 143 144 144 144 144 144 144 144 144 144 144 144 144 144
 144 144 144 144 143 144 144 145 145 145 146 146 145 145 144 146 145 145
 145  29]"
"[ 29  29 115 116 116 117 117 117 116 116 116 117 118 118 117 117 118 118
 119 119 118 119 121 123 121 122 122 122 122 121 122 122 122 123 123 123
 124 124 125 124 122 123 124 124 124 125 125 126 127 126 126 127 128 128
 128 128 127 128 128 129 130 130 129 129 130 130 130 129 129 129 131 131
 130 130 130 130 130 130 131 131 131 131 131 131 131 131 131 131 131 132
 132 132 132 132 132 132 132 133 132 128 120 108  96  89  83  79  76  74
  74  73  74  75  76  79  82  84  88  93  96  97 101 102 100  99 100 101
 103 105 105 107 108 110 116 124 132 137 137 138 139 139 139 139 138 138
 138 138 139 139 139 140 140 140 140 140 140 140 141 142 142 142 142 142
 143 143 143 143 143 143 143 143 143 144 144 144 144 143 144 144 143 143
 143 143 143 143 143 143 144 144 145 145 145 145 144 145 144 145 145 145
 145  28]"
"[ 29  29 114 115 115 116 117 117 116 116 115 116 116 116 116 115 116 117
 118 119 119 120 122 123 121 122 122 122 122 122 122 122 122 123 123 123
 123 124 124 123 122 123 124 124 124 124 125 125 125 125 125 126 127 127
 127 127 125 126 127 127 128 128 128 129 129 130 130 130 129 129 130 131
 130 130 130 130 130 130 130 131 130 130 130 130 130 130 131 131 132 132
 132 132 132 132 132 132 132 132 131 127 117 104  93  86  82  78  75  74
  74  73  74  75  76  78  82  86  90  94  96  97 100 102 101 100 101 102
 103 105 104 106 108 110 115 123 131 136 137 138 138 138 138 138 138 138
 137 138 138 138 139 139 138 138 139 139 139 140 141 141 141 141 141 141
 142 142 142 142 142 142 142 142 142 143 143 143 143 142 143 143 143 143
 143 143 143 143 143 143 143 143 143 143 143 143 143 144 143 145 144 144
 145  28]"
"[ 29  29 114 114 114 115 115 115 116 115 115 115 115 115 114 113 115 116
 117 119 119 120 121 122 121 121 122 122 122 122 122 122 122 123 123 123
 122 123 122 122 122 122 123 124 123 123 123 123 124 125 125 126 126 127
 127 126 125 125 126 126 127 127 128 129 129 129 129 129 129 129 129 129
 130 130 130 130 130 130 130 130 130 130 130 130 130 130 130 130 132 132
 132 132 132 132 132 132 132 131 130 126 116 103  91  85  80  77  74  74
  74  73  73  74  76  78  82  86  90  94  96  98 100 102 101 101 102 103
 103 105 103 105 108 110 115 122 131 136 137 137 138 138 137 137 138 138
 138 138 138 138 139 139 138 138 140 139 139 140 141 141 141 140 140 141
 141 142 142 142 142 142 142 142 142 143 143 143 143 143 143 143 143 143
 143 143 143 143 144 143 143 142 142 142 143 143 143 144 143 144 143 143
 144  28]"
"[ 29  29 114 114 114 114 114 114 114 114 114 114 114 114 113 113 114 115
 116 117 118 118 119 119 119 120 121 121 121 121 121 122 121 122 122 122
 122 122 122 121 122 122 123 123 122 122 122 122 123 125 126 125 126 126
 126 126 125 125 126 126 126 126 128 129 129 128 128 128 128 128 128 128
 129 130 130 130 130 129 129 129 129 129 129 129 130 130 130 131 131 131
 132 132 132 131 131 131 132 130 128 123 114 101  90  85  80  77  74  73
  73  73  74  75  76  78  82  87  91  94  97  99 100 102 102 101 103 104
 104 106 105 107 108 110 114 121 129 135 135 136 137 137 137 137 137 137
 138 138 138 138 139 139 139 139 139 139 139 139 140 140 140 139 140 140
 141 142 142 142 141 141 141 141 142 142 143 143 142 142 142 142 143 143
 144 143 143 143 144 143 143 142 142 142 143 143 143 143 142 143 142 142
 144  28]"
"[ 29  29 114 115 114 115 114 114 112 112 112 113 114 114 114 114 114 114
 115 116 116 117 117 117 118 119 119 119 119 120 120 121 119 120 121 121
 122 123 123 122 121 122 122 122 122 122 122 123 122 124 125 124 124 125
 125 124 125 125 125 125 124 125 126 128 129 128 127 126 127 127 128 128
 129 130 130 130 129 129 128 128 129 129 129 129 130 130 131 131 130 131
 131 132 131 131 130 130 131 128 125 120 111  99  89  85  80  76  73  72
  72  73  74  75  77  79  83  88  92  94  98 100 101 103 102 101 103 104
 105 107 107 108 108 109 111 118 127 133 134 135 137 137 137 137 137 137
 137 137 136 137 138 139 139 139 139 138 138 139 139 139 138 138 138 139
 140 140 141 140 140 139 139 139 140 141 141 141 140 140 141 141 142 143
 144 143 143 143 143 142 141 141 141 142 143 143 143 143 142 142 141 142
 144  29]"
"[ 29  30 112 114 115 114 114 113 111 112 112 113 114 114 114 114 114 115
 116 116 116 116 117 118 118 118 119 119 119 119 120 121 121 120 120 120
 122 123 123 122 123 122 121 121 122 122 122 122 122 122 123 124 124 124
 125 125 124 124 125 125 125 125 125 125 126 126 125 125 127 128 128 128
 128 127 128 129 129 128 126 125 129 130 131 129 129 129 130 129 131 131
 131 131 131 130 130 129 130 129 125 119 111 100  89  83  80  74  72  72
  71  72  74  75  77  80  82  87  93  96  98 100 101 101 101 102 104 105
 105 108 108 108 108 108 111 117 126 131 135 136 137 136 135 135 136 136
 137 137 137 138 138 138 138 138 138 138 138 138 139 139 139 139 138 139
 140 140 141 141 140 140 140 139 139 140 140 140 140 140 141 142 143 143
 143 143 143 143 142 141 140 140 142 143 143 141 142 142 142 141 141 142
 142  30]"
"[ 29  30 112 113 114 113 112 112 111 111 112 113 113 114 114 114 114 115
 116 116 115 116 117 118 117 118 118 118 118 118 119 119 120 119 119 119
 120 121 121 121 121 121 121 121 122 122 122 122 121 122 122 123 123 123
 123 124 124 124 124 124 124 124 124 125 125 125 125 125 125 125 126 127
 127 126 126 127 127 126 125 125 127 128 130 129 129 130 130 130 130 130
 130 130 131 130 130 130 129 128 124 118 110 100  90  86  81  75  72  72
  71  72  73  74  77  80  83  87  93  96  97 100 101 101 100 101 104 105
 106 109 108 107 107 107 110 116 124 130 133 134 136 136 136 136 137 136
 137 137 137 137 137 138 138 138 138 138 137 138 138 139 139 139 138 139
 139 139 140 140 140 140 139 138 138 139 140 140 140 140 140 141 142 142
 142 142 142 142 140 139 138 139 140 141 140 140 140 140 140 139 139 140
 140  28]"
"[ 29  30 111 112 112 111 111 111 110 111 111 112 113 113 114 114 114 114
 115 115 115 115 116 117 117 117 117 117 117 117 117 118 119 119 118 118
 118 119 119 120 118 119 120 121 121 122 122 122 121 122 122 122 122 122
 122 123 123 123 124 124 123 123 123 124 124 125 125 124 124 124 125 126
 126 125 125 126 126 125 125 125 125 127 128 129 130 130 130 130 129 129
 130 130 130 130 130 130 130 129 124 116 107  98  90  85  81  75  73  73
  72  72  73  73  77  80  84  88  94  96  97 100 100 101 100 101 103 105
 106 109 109 108 107 108 110 115 123 130 131 133 134 135 136 137 136 136
 137 137 137 137 138 138 138 138 139 138 137 137 137 138 138 138 139 139
 139 138 138 139 139 139 138 137 137 138 139 139 139 140 139 139 140 140
 141 140 140 139 139 139 138 138 139 139 139 139 139 139 139 139 139 140
 140  28]"
"[ 29  30 110 110 110 109 111 111 111 111 111 112 112 113 113 113 114 114
 114 114 114 115 116 117 116 116 116 116 116 116 117 117 118 118 118 118
 118 118 119 119 116 118 120 121 121 121 121 122 121 122 122 122 121 121
 122 123 123 123 123 123 123 122 123 123 124 124 124 124 124 125 126 126
 126 126 125 126 126 125 126 126 125 126 128 128 128 129 129 129 130 130
 130 130 129 129 129 128 130 128 124 115 105  96  89  83  80  75  72  73
  72  72  73  73  76  80  84  89  94  96  97 100 101 101 100 100 103 104
 106 109 110 109 108 108 109 114 122 129 131 132 133 134 135 135 135 134
 136 136 137 137 137 138 138 138 138 138 137 137 137 137 138 137 139 139
 139 138 138 138 138 138 138 137 137 138 139 139 139 139 139 138 138 139
 139 139 139 138 139 139 139 139 139 139 139 139 139 139 139 139 139 140
 140  29]"
"[ 29  29 110 109 110 109 111 111 111 111 111 111 111 112 112 112 113 114
 114 114 114 114 115 116 115 115 116 116 116 116 117 118 117 118 118 118
 118 118 118 118 117 118 120 121 121 120 121 122 121 122 122 122 121 121
 122 123 122 123 123 123 122 122 122 123 125 124 123 124 124 125 125 125
 126 126 126 126 126 126 126 127 126 126 126 127 127 127 128 128 130 130
 130 130 129 128 128 128 127 125 122 114 103  96  90  83  80  75  73  73
  72  72  73  74  75  79  83  89  94  96  97 100 101 101 100 100 103 104
 105 108 109 108 107 108 108 112 119 126 130 131 132 132 133 134 134 133
 134 135 135 135 136 136 136 137 137 137 136 136 137 137 137 137 138 138
 138 138 138 138 138 137 139 138 137 138 139 138 138 139 138 138 138 138
 139 139 138 137 138 138 138 138 138 138 138 138 138 138 138 138 138 139
 139  29]"
"[ 29  29 109 109 110 110 111 111 111 111 111 111 111 111 111 111 113 113
 113 114 114 114 115 115 114 115 115 115 116 116 117 118 116 117 117 118
 118 118 117 117 117 119 120 120 120 120 121 121 121 121 122 121 120 120
 121 122 122 122 123 123 122 122 122 123 125 124 123 123 124 124 124 124
 126 125 125 126 125 125 125 126 125 125 125 126 126 126 127 128 129 129
 129 129 129 128 128 128 127 124 121 113 102  95  90  81  81  76  73  73
  72  72  74  74  76  79  83  89  94  96  97 100 102 102 101 101 103 104
 105 108 109 108 107 108 108 110 117 124 129 130 131 131 132 133 133 133
 133 134 134 134 135 135 136 136 136 136 136 136 136 136 136 136 136 137
 137 138 138 138 138 138 139 138 137 138 138 138 138 138 138 138 138 138
 138 138 138 138 138 138 138 138 138 138 138 138 138 137 137 138 138 138
 138  29]"
"[ 29  29 108 108 109 109 110 109 110 110 110 110 110 110 111 111 112 112
 113 114 114 114 114 114 114 114 115 115 115 115 116 117 116 116 116 117
 118 118 118 117 118 118 119 119 119 119 120 121 121 121 121 121 119 119
 120 122 122 122 122 122 122 122 122 123 124 124 123 123 123 123 123 123
 125 125 125 125 125 124 125 126 125 125 125 126 126 126 126 128 127 127
 127 128 128 128 128 128 128 124 121 112 100  94  89  80  80  75  72  72
  71  72  74  74  78  81  84  89  95  97  97  99 101 102 101 102 104 105
 105 108 109 108 108 109 109 110 116 123 127 129 131 132 132 133 133 133
 133 133 134 134 135 135 136 136 135 135 134 134 135 136 136 136 136 136
 136 137 137 137 137 137 138 137 136 137 138 137 137 138 138 138 138 138
 138 137 138 138 138 138 138 138 138 138 138 138 139 138 138 139 138 137
 138  29]"
"[ 29  28 107 107 109 109 109 108 109 109 109 109 110 110 111 111 111 111
 112 114 114 114 114 113 114 114 115 115 114 115 115 116 117 116 116 117
 118 119 118 118 118 118 118 118 118 119 120 121 121 121 122 121 119 119
 121 122 121 122 122 122 122 122 122 123 123 123 123 123 122 123 124 125
 124 125 125 125 125 124 125 125 125 125 126 127 127 125 125 127 127 127
 127 127 127 127 127 127 127 122 119 111 100  95  91  81  79  73  70  71
  70  71  73  74  80  82  85  90  95  97  97  99 101 102 101 102 105 105
 106 109 109 108 109 110 109 110 115 122 126 129 131 132 132 132 132 132
 132 132 133 133 134 134 135 135 135 134 133 133 134 135 135 136 136 136
 136 136 136 136 136 136 137 136 136 137 137 137 137 138 137 138 138 138
 137 137 137 138 138 138 137 138 138 138 138 138 139 138 138 139 138 137
 138  29]"
"[ 29  29 108 107 108 108 108 109 108 108 109 109 110 110 111 111 111 111
 111 111 111 112 114 114 114 114 114 114 114 114 115 117 116 116 115 115
 116 116 117 117 117 117 118 118 117 118 118 119 118 119 120 120 119 119
 120 122 121 122 122 122 121 122 122 122 122 122 123 124 124 124 123 123
 125 125 124 124 124 124 124 125 125 125 126 126 126 126 125 125 126 126
 127 126 125 124 125 126 124 122 117 110 102  95  89  84  77  73  72  72
  70  70  73  76  79  81  85  91  95  97  98 100 102 102 102 103 104 105
 107 108 110 110 109 108 109 110 114 122 126 130 131 130 132 132 132 132
 132 132 133 133 133 133 132 132 132 132 132 132 133 134 135 136 136 136
 136 135 134 133 134 136 136 136 136 137 137 137 136 136 137 136 136 136
 137 137 137 137 137 137 137 136 136 137 137 137 137 137 138 136 136 137
 136  29]"
"[ 29  29 107 106 108 108 108 109 107 107 108 108 109 109 110 110 110 111
 111 111 111 112 114 114 114 114 114 114 114 114 115 116 115 115 114 114
 115 116 116 116 117 117 117 117 117 117 118 119 119 119 120 120 120 120
 121 122 121 122 122 122 121 122 122 122 122 122 123 123 124 124 123 123
 124 124 124 124 124 124 124 124 125 125 125 125 126 125 125 125 126 127
 127 127 125 125 125 126 123 121 116 109 102  95  89  84  79  74  73  73
  72  71  73  74  77  81  86  90  94  98  99  98 102 101 102 103 105 106
 108 110 110 110 109 108 108 109 113 120 126 129 130 130 131 131 131 131
 131 132 132 132 133 132 132 132 132 132 132 132 133 134 135 136 135 135
 135 135 134 133 134 134 135 136 136 136 135 135 135 136 136 136 136 136
 136 137 137 136 136 136 136 136 136 136 137 137 136 136 137 136 137 138
 137  29]"
"[ 29  28 106 105 107 107 108 108 107 107 108 108 109 109 109 109 109 110
 111 111 111 112 113 113 114 114 114 115 114 114 114 115 114 114 114 114
 115 115 116 116 117 117 117 117 117 117 118 119 119 120 120 120 121 121
 122 122 121 122 122 122 122 122 122 122 122 122 123 123 123 123 123 123
 123 123 123 124 124 124 124 124 124 124 124 125 125 125 125 124 125 125
 126 126 125 124 124 124 123 120 115 108 102  95  89  85  81  76  74  74
  73  73  73  73  75  80  86  90  95 100 101  99 101 101 101 103 105 107
 109 111 111 111 110 109 109 109 112 118 124 128 129 129 130 131 130 131
 131 131 131 131 131 132 132 132 131 131 131 131 132 132 133 133 133 134
 134 134 133 133 133 133 133 135 136 135 133 133 134 136 135 135 135 135
 135 136 135 135 136 136 135 135 136 136 137 137 136 135 137 136 137 138
 137  29]"
"[ 29  28 105 104 107 107 107 108 108 108 108 108 109 109 109 109 109 110
 110 111 111 112 113 112 113 113 114 115 115 114 114 114 115 114 114 114
 115 116 116 117 117 117 117 116 116 117 118 119 119 119 119 119 120 121
 121 121 121 122 122 122 122 122 122 122 122 122 122 123 123 123 123 123
 122 123 123 124 124 124 124 124 123 123 124 124 124 124 124 124 123 123
 124 124 124 123 123 123 123 120 114 107 101  95  89  84  81  76  75  75
  74  73  73  74  75  80  85  90  95 100 102 101 101 101 101 103 104 106
 108 110 112 112 111 110 110 109 111 116 122 127 129 129 130 131 130 131
 130 130 130 130 131 131 132 132 131 131 131 131 131 131 132 132 132 133
 133 133 132 132 132 133 133 134 135 134 132 132 133 135 135 135 135 135
 135 135 135 135 136 136 136 136 136 136 136 135 137 135 136 136 137 137
 136  29]"
"[ 30  29 105 103 107 107 107 107 107 107 107 108 108 108 108 108 108 109
 110 110 111 112 112 111 111 111 113 114 115 115 114 114 115 114 114 115
 116 116 117 117 116 116 116 116 116 117 118 119 119 119 118 119 120 120
 120 120 121 122 122 122 122 122 122 122 122 122 122 122 123 123 123 123
 122 123 123 124 124 123 123 122 122 123 123 123 123 123 123 123 122 123
 124 124 124 124 123 123 122 118 112 105  99  93  87  83  81  77  75  75
  73  72  74  75  77  79  84  90  95  98 100 101 101 101 101 103 104 106
 109 111 111 111 110 110 110 108 109 114 122 127 129 129 130 130 130 130
 130 130 130 130 130 131 132 132 132 132 131 131 131 131 131 131 132 132
 132 132 131 131 132 132 133 134 134 133 133 133 133 134 135 135 134 135
 135 135 135 135 135 135 136 136 136 136 135 135 137 135 135 135 135 136
 135  29]"
"[ 30  28 103 102 105 105 105 106 107 107 108 108 108 108 108 108 108 109
 109 109 110 111 111 111 110 110 112 114 115 115 114 114 114 114 114 114
 115 116 116 116 115 116 116 116 116 117 118 119 119 119 119 119 120 120
 120 119 120 121 122 122 122 122 122 122 122 122 122 122 122 122 123 123
 122 122 123 123 122 122 121 121 122 122 122 123 123 123 122 122 122 122
 123 123 124 124 124 124 121 118 111 104  98  92  86  83  81  77  75  74
  72  72  74  77  80  80  84  90  94  96  98 100 100 100 101 102 104 107
 109 111 111 111 111 111 110 108 108 112 121 126 129 130 130 130 129 129
 130 130 130 130 130 131 131 131 131 131 131 131 130 130 131 131 132 131
 131 131 131 131 132 132 133 133 132 133 133 133 133 132 133 133 133 133
 134 134 134 133 133 133 134 135 135 135 135 135 137 135 135 134 134 134
 134  29]"
"[ 29  27 103 101 103 103 104 104 106 107 108 108 107 107 108 109 108 108
 108 108 109 110 111 110 110 110 111 113 114 114 114 114 114 114 114 114
 115 115 115 115 115 115 116 116 117 117 118 118 119 119 119 119 119 119
 119 119 119 121 121 121 121 121 121 121 122 122 122 122 122 122 122 122
 122 122 122 122 122 122 121 121 122 122 122 122 122 122 122 122 122 122
 122 122 122 122 122 122 120 117 111 103  97  91  87  83  82  77  75  74
  73  73  75  76  80  82  86  89  93  97  99 100 100  99 100 101 103 106
 108 110 110 111 111 111 110 108 107 111 119 125 128 129 130 129 128 129
 130 130 130 130 130 130 130 131 130 130 130 130 130 130 130 130 131 131
 131 131 131 131 131 131 132 132 132 133 133 133 132 132 132 131 131 132
 132 133 133 132 132 132 133 133 134 134 134 135 135 133 134 133 133 133
 133  29]"
"[ 30  29 104 101 103 104 104 105 104 106 108 107 106 106 107 108 108 108
 108 108 109 110 110 110 110 110 111 112 114 114 114 114 114 114 114 114
 115 115 115 115 114 115 116 117 117 117 117 118 119 118 118 118 118 118
 118 118 119 120 121 121 121 121 121 121 122 122 122 122 122 122 122 122
 122 122 122 122 122 122 122 122 121 122 122 122 122 122 122 121 123 122
 122 122 122 122 122 122 119 116 110 102  96  90  86  83  83  78  75  75
  74  74  75  76  80  84  87  90  94  99 101 101  99  99  99 100 102 104
 106 108 109 110 110 110 110 107 106 109 117 123 127 128 129 129 129 130
 130 130 130 130 130 130 130 130 131 131 130 130 130 130 130 130 130 130
 130 131 131 131 131 131 131 131 132 133 133 132 132 132 132 132 132 132
 133 133 133 133 132 132 132 132 132 133 133 134 133 132 133 133 133 132
 133  29]"
"[ 29  29 102 104 103 104 105 106 105 107 107 106 105 104 104 104 107 107
 108 108 108 109 109 110 110 110 110 112 113 114 114 114 114 114 114 114
 115 116 116 115 116 116 116 116 116 116 117 118 118 118 119 118 118 118
 118 119 119 120 121 122 122 122 121 121 121 121 122 122 122 122 122 121
 122 122 122 123 123 122 122 122 122 122 122 122 122 121 122 123 122 122
 122 122 122 122 122 123 119 115 109 101  94  90  87  83  81  78  76  76
  74  73  74  76  81  86  88  90  94  98 100 101  97  97  99 102 103 103
 105 107 109 108 108 109 109 109 109 108 114 121 127 129 129 129 129 128
 128 129 129 129 129 130 130 130 131 131 131 130 130 130 130 130 130 130
 131 131 131 131 131 131 130 131 132 133 133 132 132 131 133 132 131 132
 133 134 133 132 133 132 132 132 132 133 134 135 133 133 132 132 132 131
 133  28]"
"[ 29  29 102 104 103 103 104 104 104 106 108 108 106 106 105 104 107 107
 107 108 108 109 110 111 110 110 110 112 113 114 114 114 113 114 114 114
 115 116 116 115 116 116 116 116 116 116 117 118 117 118 118 117 117 117
 118 118 120 120 121 121 121 121 121 121 122 122 122 122 122 122 122 122
 122 121 121 122 122 122 122 122 122 122 123 123 122 122 122 123 122 122
 122 123 123 122 122 122 118 114 108 101  94  90  86  81  81  79  76  76
  74  73  74  77  80  85  88  90  94  97  98 100  97  98 100 102 104 105
 106 108 109 109 108 107 106 107 108 109 114 120 126 128 128 129 128 127
 129 129 129 129 129 129 129 129 129 130 130 129 129 130 130 130 129 130
 131 132 132 132 132 132 132 132 132 133 133 133 133 133 133 133 133 133
 134 134 134 133 135 135 134 134 135 136 136 137 136 136 135 136 136 135
 136  29]"
"[ 29  29 102 104 104 104 104 104 105 107 108 108 107 107 107 106 107 108
 108 108 109 110 111 112 110 110 111 112 113 113 114 114 112 113 113 114
 115 116 116 115 115 116 116 116 116 116 117 117 119 119 119 119 119 120
 121 121 122 122 122 122 122 122 122 122 121 121 121 121 120 120 121 122
 122 121 121 122 122 121 121 122 122 122 122 122 122 121 121 122 122 122
 123 123 123 122 121 120 116 111 106 101  95  91  86  81  82  79  76  75
  74  73  75  78  81  85  87  91  95  97  97  99  98  99 101 102 104 107
 108 109 110 110 109 108 107 107 108 109 113 119 125 127 128 129 129 129
 129 129 129 129 129 129 130 130 131 131 132 131 132 132 133 132 133 133
 134 135 135 135 135 136 136 135 134 134 135 136 136 136 135 135 136 136
 137 136 136 135 137 137 137 137 137 138 138 138 137 138 137 138 139 137
 137  29]"
"[ 29  29 102 104 105 105 105 105 107 107 107 106 106 107 108 108 108 109
 109 109 109 110 111 112 111 111 111 112 113 113 114 114 112 112 113 115
 116 117 116 116 115 116 116 116 116 116 117 117 117 118 118 119 120 120
 121 121 120 120 120 120 120 120 120 120 121 121 121 121 121 121 122 122
 123 122 122 122 122 122 122 122 122 122 122 123 123 122 121 121 122 123
 123 122 122 122 120 119 114 109 105 100  94  90  86  81  80  77  75  74
  73  73  75  79  82  84  88  92  96  97  97  99  98 100 102 102 104 108
 109 109 109 109 109 109 109 108 108 108 110 118 126 129 129 131 132 132
 131 131 132 132 133 133 133 134 135 135 136 135 135 136 136 136 137 137
 138 138 138 138 138 138 139 138 137 137 138 139 139 138 137 138 139 139
 139 138 138 138 138 138 138 139 139 139 138 138 138 138 137 138 139 138
 138  29]"
"[ 29  29 102 104 105 105 106 106 108 108 107 106 106 107 108 107 108 109
 110 111 111 111 111 111 111 111 111 112 113 113 113 114 114 114 114 116
 116 117 116 116 115 116 116 116 116 116 117 117 117 117 118 120 120 121
 120 120 119 119 120 121 121 121 121 121 122 122 123 122 122 122 122 123
 122 122 122 123 123 122 122 123 123 122 123 124 124 123 123 123 123 123
 123 122 122 122 121 119 114 109 104  98  92  88  84  81  78  75  73  72
  71  72  75  79  81  84  87  92  96  97  96  98  98 100 101 102 104 107
 109 108 108 107 107 107 108 108 107 106 109 118 128 132 132 133 135 136
 136 136 136 137 137 137 138 138 138 138 138 137 137 138 138 137 138 138
 138 139 139 139 139 139 140 139 138 138 138 139 138 137 138 139 140 140
 140 139 139 139 138 138 139 139 139 139 138 138 139 139 138 138 139 139
 138  29]"
"[ 29  29 102 104 104 104 105 105 107 107 107 107 108 108 107 105 107 108
 110 111 111 111 111 112 111 111 111 112 112 112 113 113 115 115 115 115
 116 115 115 115 115 116 116 116 116 116 117 117 118 118 119 120 121 121
 120 120 120 121 121 122 123 122 122 122 122 122 122 122 122 122 121 121
 121 121 122 123 124 123 123 123 123 123 123 124 124 124 124 124 125 125
 125 124 124 125 124 122 115 109 103  97  90  85  82  79  76  73  71  71
  71  71  75  79  81  85  88  92  97  98  98  98  98 100 101 102 103 106
 107 107 108 106 105 105 107 108 108 107 108 118 129 133 134 135 136 137
 138 138 138 138 138 138 138 138 139 139 139 138 138 138 138 137 138 138
 138 138 139 139 140 139 139 138 138 138 138 138 137 137 138 139 139 139
 139 138 138 139 139 139 139 139 139 139 138 138 138 139 137 137 138 138
 138  29]"
"[ 29  29 103 105 105 105 105 106 107 107 107 108 108 109 107 105 107 108
 110 111 111 111 112 112 112 112 113 113 113 113 113 114 116 114 114 115
 116 116 116 117 117 118 119 119 119 119 119 119 120 120 120 121 122 122
 122 122 122 122 123 123 123 124 124 123 125 125 124 124 125 126 126 125
 125 126 127 128 128 127 126 126 127 126 126 127 128 128 128 128 130 131
 131 130 130 131 129 126 116 107 100  95  89  85  80  76  74  71  70  70
  71  72  75  79  81  86  89  92  97 100 100  99  99 100 101 102 103 104
 105 107 109 107 106 106 107 108 108 107 108 117 127 132 134 136 137 137
 138 138 138 138 138 138 137 137 139 139 139 138 138 138 138 138 138 138
 138 138 139 139 139 139 138 138 138 138 138 138 138 138 138 138 138 138
 138 138 138 138 139 139 139 139 139 139 138 138 137 138 138 137 138 138
 138  29]"
"[ 28  29 104 106 106 106 106 107 108 108 107 107 108 109 108 107 108 109
 110 111 111 111 111 111 114 114 114 115 114 114 115 116 116 115 115 117
 118 118 119 120 121 122 123 123 123 123 123 123 126 125 125 126 128 129
 130 130 130 130 129 129 129 130 130 130 132 131 131 131 133 135 135 135
 132 132 133 135 134 132 131 130 133 132 132 133 134 135 135 136 136 137
 137 135 135 135 132 129 115 106  98  93  90  85  80  75  73  71  70  71
  71  73  76  80  81  86  89  91  97 100 100  99 100 100 101 103 103 103
 105 107 107 107 108 108 108 108 107 107 107 115 125 130 133 136 137 137
 137 137 137 137 137 138 138 138 138 139 139 138 138 138 138 138 139 138
 137 138 138 138 138 137 138 138 138 138 138 138 138 139 139 138 138 138
 138 138 138 138 138 138 138 138 138 138 138 138 137 139 138 138 138 139
 139  29]"
"[ 30  30 105 107 107 106 109 108 109 108 107 107 107 107 108 109 108 108
 110 113 115 114 114 114 114 115 116 118 120 121 122 122 124 123 122 124
 126 129 130 130 130 130 131 131 132 132 133 133 133 134 136 137 137 137
 136 135 136 136 137 137 137 137 136 136 137 137 137 138 138 138 138 138
 137 137 138 138 137 136 136 135 136 137 138 138 138 137 136 136 137 137
 138 137 136 136 133 129 115 104  96  93  88  84  80  76  73  71  71  71
  72  73  76  80  82  86  89  93  98 100 100 101 101 101 101 100 101 103
 105 105 105 106 108 107 108 108 107 106 107 110 120 130 133 136 138 136
 137 137 137 137 137 137 138 138 138 138 139 138 138 137 138 138 139 138
 138 138 139 139 138 138 138 138 138 138 138 138 138 138 139 138 138 138
 138 138 138 138 138 138 138 138 137 137 138 139 137 138 137 137 137 137
 137  29]"
"[ 29  28 108 109 108 108 111 113 114 114 114 115 117 119 120 121 122 122
 124 125 126 126 127 129 130 130 131 132 134 134 135 135 132 132 132 133
 133 134 134 135 134 135 135 135 135 136 136 136 136 137 137 138 138 138
 138 137 138 138 138 138 138 138 138 138 137 138 138 138 138 138 138 138
 137 137 138 138 138 137 137 136 137 137 138 138 138 137 137 136 137 136
 137 137 136 136 133 127 115 103  95  91  85  81  78  74  72  69  67  69
  71  72  76  79  83  87  89  93  98 100 101 102 101 101 100 100 100 102
 103 103 104 106 107 107 108 108 107 105 106 108 118 128 132 135 137 135
 137 137 137 137 137 137 137 137 137 138 138 138 137 137 137 138 138 138
 138 138 138 139 138 138 138 138 138 138 138 138 138 138 138 138 138 138
 138 138 138 138 138 139 139 138 138 137 137 138 137 137 137 137 137 137
 137  29]"
"[ 29  31 121 122 121 121 120 123 123 124 124 125 126 128 129 129 129 129
 130 130 130 131 133 136 135 136 136 137 137 137 137 137 135 136 138 138
 137 136 136 137 137 137 137 137 138 138 138 138 138 138 138 138 138 138
 138 139 138 138 138 138 138 138 138 138 138 138 138 138 138 138 138 138
 137 137 138 138 138 138 138 138 138 138 138 138 138 138 137 137 138 137
 137 137 137 137 132 125 114 102  94  89  82  78  76  73  71  67  64  66
  69  72  76  79  83  87  89  92  97  99 100 102 101 101 101 100 100 101
 102 102 103 104 106 107 108 108 106 103 105 107 115 126 132 134 135 135
 137 137 137 137 137 137 137 137 137 137 137 137 137 137 137 137 138 138
 138 138 138 138 138 138 138 138 138 138 138 138 138 138 137 137 138 138
 138 138 138 138 138 138 139 138 138 137 137 137 136 137 137 137 137 137
 137  29]"
"[ 28  30 128 129 128 128 125 128 129 129 129 130 130 130 130 130 131 131
 131 131 131 132 134 136 135 135 135 135 135 135 134 134 134 135 137 137
 136 136 136 136 137 137 137 137 137 137 137 137 138 138 138 137 137 138
 138 138 137 137 138 138 138 138 137 137 138 138 138 138 138 138 138 138
 138 138 138 138 138 138 138 139 138 138 138 138 138 138 138 138 138 137
 138 137 136 135 131 123 112 101  93  88  81  77  75  73  69  66  64  65
  69  72  75  79  83  87  89  92  96  98  99 100 101 101 100  99  99 100
 101 101 102 104 105 106 107 108 106 104 105 105 111 122 131 134 135 135
 137 137 137 137 137 137 137 137 137 137 138 138 138 138 138 138 138 138
 138 138 138 139 138 138 138 138 138 138 138 138 138 138 137 137 138 138
 139 138 138 138 137 137 138 138 138 137 137 137 136 137 137 137 137 136
 137  29]"
"[ 30  28 127 126 126 128 127 131 129 129 130 130 130 130 130 130 132 132
 131 131 132 133 134 135 135 135 135 135 135 135 135 134 134 134 135 136
 136 137 137 137 137 137 137 137 137 137 136 136 138 138 138 138 138 138
 138 138 138 138 138 138 138 138 138 138 138 138 138 138 138 138 138 138
 139 138 138 138 138 138 138 138 139 138 138 138 138 138 138 138 137 137
 138 137 136 134 129 122 109  98  91  86  80  76  75  73  69  66  66  67
  69  72  76  80  81  86  89  92  96  97  97  98  98  99  98  97  97  97
  99  99 101 103 105 106 107 108 107 105 104 104 108 118 129 134 135 136
 137 137 137 137 137 137 137 137 137 137 138 138 138 138 138 138 137 137
 138 138 138 138 138 138 137 138 138 138 138 138 138 137 138 138 138 139
 138 138 137 137 136 137 137 137 137 137 137 136 136 137 136 136 137 136
 137  29]"
"[ 31  28 129 128 129 129 130 131 130 130 130 130 130 130 130 130 131 131
 131 131 132 133 133 132 133 133 134 134 134 134 134 134 135 135 134 135
 136 137 137 137 137 137 137 137 137 137 137 136 138 138 138 138 138 138
 138 138 138 138 138 138 138 138 138 138 138 138 138 138 138 138 138 138
 139 138 138 138 138 138 138 138 138 138 138 138 138 138 138 138 136 137
 138 138 136 135 131 124 107  96  89  85  79  76  75  73  68  67  67  69
  70  72  76  80  81  86  90  93  96  97  96  97  97  98  98  96  95  96
  97  98 100 103 105 106 107 108 108 107 105 106 107 115 127 134 136 137
 137 137 137 137 137 137 137 137 137 137 137 137 138 138 138 137 136 137
 137 137 137 137 137 138 137 138 138 138 138 137 137 137 138 138 138 138
 138 137 137 137 137 137 137 137 137 137 136 136 136 137 136 136 136 136
 136  28]"
"[ 28  28 129 130 131 128 130 128 131 131 130 130 130 130 130 130 132 133
 133 133 132 133 134 133 133 133 134 134 135 135 135 135 135 135 134 135
 136 136 137 137 137 137 137 138 138 138 137 137 138 138 138 138 138 138
 139 139 138 138 138 138 138 138 138 138 138 138 138 138 138 138 138 138
 138 138 138 138 138 138 138 138 138 138 138 138 138 138 137 137 137 137
 137 138 137 136 131 124 106  95  87  84  78  74  73  71  67  66  67  69
  70  72  76  80  81  86  91  94  97  97  97  97  97  98  98  96  95  95
  97  97  99 102 105 106 107 108 108 108 106 107 106 111 124 133 135 137
 137 137 137 137 137 137 137 137 137 137 137 137 138 138 137 137 136 137
 137 137 137 137 137 138 138 138 138 138 138 137 137 137 138 138 137 137
 137 137 137 137 137 137 136 137 137 137 137 136 136 136 136 136 136 135
 136  28]"
"[ 30  29 129 129 129 126 132 130 130 130 129 129 130 130 131 131 131 133
 134 132 131 132 133 132 133 133 134 135 135 135 136 136 134 135 135 136
 136 136 137 137 137 138 138 138 139 138 138 138 138 138 138 138 138 139
 139 140 138 138 138 138 138 138 138 138 138 138 138 138 138 138 138 138
 137 138 138 138 139 138 138 138 138 138 138 139 138 138 137 137 137 136
 135 136 136 135 130 122 105  93  85  81  75  72  71  68  67  65  65  68
  70  72  76  80  82  87  92  95  98  98  97  98  97  98  97  95  94  94
  95  96  97 101 105 107 108 109 109 108 105 107 104 107 120 130 133 135
 137 137 137 137 137 137 137 137 137 137 137 138 138 138 138 137 136 137
 138 138 138 138 138 138 138 138 138 138 138 138 137 137 137 137 137 137
 137 137 137 137 137 136 136 136 137 138 138 137 136 136 136 135 136 135
 136  28]"
"[ 28  28 125 127 127 128 127 130 130 131 131 130 130 130 130 130 131 131
 132 132 132 132 132 133 133 134 134 134 134 135 136 136 136 135 135 136
 136 136 136 136 138 138 138 138 138 138 139 139 138 138 138 138 138 138
 139 139 138 138 138 138 139 139 139 139 139 139 139 139 138 138 138 138
 138 138 138 138 138 138 138 138 138 137 137 137 137 137 137 137 137 136
 137 136 136 133 130 118 103  92  83  77  74  72  67  67  64  65  66  66
  68  71  73  78  81  85  89  93  95  97  98  98  98  97  96  96  94  93
  93  93  97 102 106 107 107 108 108 107 106 106 103 104 117 130 135 134
 137 137 137 136 136 136 137 137 136 136 137 138 138 138 137 137 138 138
 138 138 138 138 137 137 138 138 138 138 138 138 137 137 137 137 137 137
 137 136 136 136 135 136 137 137 137 137 137 137 138 137 136 135 135 135
 135  28]"
"[ 29  29 126 127 127 128 128 130 130 130 130 130 130 130 130 130 130 131
 132 132 132 132 132 133 135 135 135 134 134 136 136 136 135 135 136 136
 136 135 136 137 138 138 138 138 138 138 138 139 138 138 138 138 138 138
 139 139 139 139 139 139 139 139 139 139 139 139 139 139 138 138 138 138
 138 138 138 138 138 138 138 138 138 138 137 137 138 138 137 136 137 136
 137 136 136 133 130 118 101  89  81  75  73  71  66  66  64  64  65  65
  68  71  72  78  81  84  88  92  94  96  97  97  98  98  97  97  95  93
  92  92  96 101 105 107 108 109 108 106 105 105 104 105 114 127 134 133
 137 138 138 137 137 137 137 137 137 137 138 138 139 138 138 138 138 138
 138 138 138 138 138 138 138 138 138 138 138 138 138 137 137 137 137 137
 137 137 136 136 137 137 137 137 137 137 137 137 137 137 135 135 135 134
 135  28]"
"[ 29  29 126 126 126 126 126 129 130 130 130 131 131 131 130 130 130 131
 132 132 132 132 132 133 135 135 134 133 133 134 135 135 134 135 136 136
 136 135 136 138 138 138 138 138 138 138 138 138 138 138 138 138 138 139
 139 139 139 139 139 139 139 139 139 139 138 138 138 138 138 138 138 138
 138 138 138 138 138 138 138 138 138 138 138 138 138 138 137 136 137 135
 136 135 136 133 130 117  99  86  79  74  72  70  66  66  64  64  65  64
  68  71  72  77  81  84  87  90  93  96  97  97  98  98  98  97  94  92
  90  90  95  99 104 107 108 109 107 105 104 104 106 106 110 121 131 132
 136 138 138 138 138 138 137 137 137 137 138 138 138 138 138 138 137 138
 138 138 138 138 138 138 138 138 138 138 138 138 138 138 137 137 137 137
 137 137 136 136 138 137 137 136 136 136 136 136 136 136 134 134 133 132
 134  28]"
"[ 28  29 125 125 124 125 125 128 130 130 130 130 131 130 130 130 130 131
 132 132 132 132 132 133 135 135 134 133 133 133 133 132 132 133 134 135
 136 136 137 138 138 138 138 138 138 138 138 138 138 138 138 138 138 138
 139 139 139 139 139 139 139 139 138 138 138 138 138 138 138 138 138 138
 139 139 139 139 138 138 138 138 138 138 137 137 137 137 137 137 137 135
 135 135 136 134 130 116  97  84  78  74  70  68  65  65  65  64  65  65
  69  72  72  76  81  83  86  89  93  96  98  98  98  97  97  95  93  89
  88  88  94  98 102 105 107 108 107 105 104 103 105 106 106 118 130 132
 135 137 138 138 137 137 137 136 137 137 137 138 138 138 138 138 137 137
 138 138 138 138 138 138 138 138 138 138 138 138 138 138 137 137 137 137
 137 136 136 136 137 136 136 136 136 136 134 133 134 134 133 133 132 132
 135  29]"
"[ 29  29 125 125 125 126 126 128 130 130 130 130 130 130 130 130 130 131
 132 132 132 132 132 132 135 135 135 134 134 134 134 133 131 130 131 133
 136 137 137 137 138 138 138 138 138 138 138 138 138 138 138 138 138 138
 138 139 139 139 139 139 138 138 138 138 138 138 138 138 138 138 138 138
 139 139 139 138 138 138 138 138 138 137 136 136 137 137 137 137 137 136
 136 135 137 134 130 115  95  82  77  73  67  65  64  65  64  63  64  65
  70  73  72  76  81  83  86  89  93  96  98  99  98  97  96  94  91  88
  87  88  94  97 100 104 106 107 106 105 105 103 105 105 105 115 128 132
 136 137 137 137 137 137 137 137 137 137 138 138 138 138 138 138 137 137
 137 138 138 138 138 138 137 137 137 138 138 138 137 137 137 137 136 136
 136 136 136 137 136 136 135 136 136 135 133 131 132 133 132 133 133 133
 135  30]"
"[ 29  30 125 124 124 126 126 128 128 129 130 130 130 129 129 130 130 131
 132 132 132 132 132 132 133 134 134 134 135 135 135 134 131 130 130 133
 136 137 137 137 138 138 138 138 138 138 138 138 138 138 138 138 138 138
 138 138 139 139 138 138 138 138 138 138 138 138 138 138 138 138 138 138
 138 138 138 138 137 137 137 137 137 137 136 135 136 137 137 138 138 137
 137 136 137 135 130 115  96  81  76  73  66  64  64  65  62  62  63  65
  69  73  73  76  81  83  86  89  93  96  99  99  98  97  96  94  90  88
  88  89  95  97 100 103 105 106 106 106 106 104 104 104 105 114 126 132
 136 137 137 137 137 137 138 138 137 137 137 137 137 138 138 138 137 137
 138 138 138 138 138 138 137 137 137 137 137 137 137 137 136 136 136 136
 136 136 136 137 136 136 136 137 137 135 133 131 130 131 131 132 133 133
 135  29]"
"[ 29  29 124 122 123 125 125 125 124 126 129 130 130 129 129 130 129 130
 131 132 132 131 131 131 132 132 133 133 133 134 134 134 131 131 132 134
 136 137 137 138 137 138 138 138 138 138 138 138 138 138 138 138 138 138
 138 138 138 138 138 138 138 138 138 138 138 138 138 138 138 138 138 138
 138 138 138 138 137 137 137 137 137 137 136 135 136 137 137 137 138 137
 138 135 136 134 129 113  97  80  75  73  66  65  65  65  63  62  64  64
  68  72  72  77  80  83  87  89  92  95  97  98  97  97  96  93  91  89
  89  91  95  97 100 103 106 106 106 107 105 105 105 104 105 112 123 131
 136 137 137 137 137 137 138 138 137 137 137 137 137 137 137 138 137 137
 138 138 138 138 138 137 137 137 137 137 137 137 137 137 135 136 136 137
 137 137 136 136 136 136 136 137 136 135 133 132 130 130 131 132 133 133
 135  28]"
"[ 29  29 123 121 122 124 124 124 121 124 128 130 130 129 129 130 128 129
 131 131 131 131 131 131 132 133 133 132 132 133 133 133 132 132 134 135
 136 137 137 138 137 137 138 138 138 138 138 138 138 138 138 138 138 138
 138 138 138 138 138 138 138 138 138 138 138 138 138 138 138 138 138 138
 139 139 138 138 138 138 138 137 138 137 136 136 136 136 136 136 137 137
 137 134 135 132 128 112  97  79  73  71  66  65  65  64  65  64  65  64
  68  71  72  77  80  83  87  89  92  94  96  97  96  96  95  93  90  89
  89  91  95  97 100 104 106 106 107 107 104 106 106 104 106 110 120 130
 135 136 137 137 136 137 137 137 137 137 137 137 137 138 138 138 137 137
 138 138 138 138 137 137 137 137 137 137 137 137 137 137 134 135 136 137
 138 137 136 136 136 136 136 136 136 135 133 132 131 132 132 134 135 135
 136  29]"
"[ 30  29 122 122 124 125 125 123 121 122 124 129 131 130 129 130 131 130
 130 130 130 131 131 131 132 132 132 132 132 133 133 133 131 132 134 135
 136 137 138 138 137 137 137 137 138 138 138 138 138 138 138 138 138 138
 138 138 138 138 138 138 138 138 138 138 139 139 138 138 138 138 138 138
 138 138 138 138 138 138 138 138 136 137 138 137 137 136 136 136 137 137
 137 135 135 132 130 111  96  81  73  69  66  66  64  63  64  64  65  64
  65  68  72  75  80  83  86  88  91  94  96  98  95  93  92  91  89  88
  90  93  94  98 102 103 105 108 107 105 106 103 106 106 104 108 115 124
 135 136 136 135 136 136 136 137 138 138 138 138 138 138 138 138 137 137
 137 137 137 137 137 137 137 137 137 137 137 137 137 137 136 136 137 137
 137 137 137 136 136 136 136 136 136 135 133 132 132 133 132 133 133 134
 136  29]"
"[ 30  29 121 121 123 124 124 123 122 122 123 127 129 129 129 129 130 130
 130 130 130 131 131 131 132 132 132 132 132 132 133 133 132 133 134 135
 136 136 137 138 137 137 137 137 138 138 138 138 138 138 138 138 138 138
 138 138 138 138 138 138 138 138 138 138 139 138 138 138 138 138 138 138
 137 137 137 137 138 138 137 137 137 137 137 137 136 136 136 137 136 136
 135 135 136 133 130 111  94  79  72  69  66  65  63  62  62  64  65  64
  65  69  73  75  79  82  85  88  90  93  95  97  95  93  91  90  88  88
  89  91  95  98 102 103 105 108 108 106 105 103 104 103 103 107 114 124
 132 135 136 136 136 136 135 137 138 138 138 138 138 138 138 138 137 137
 137 137 137 137 137 137 137 137 137 137 138 137 137 137 136 136 136 136
 136 136 136 135 136 137 137 137 136 136 135 135 134 135 135 135 136 135
 137  29]"
"[ 29  28 121 121 122 123 123 123 124 123 124 126 128 129 128 128 129 129
 130 130 131 131 131 131 131 131 132 132 132 133 133 133 134 134 135 135
 135 136 136 137 137 137 137 137 137 138 138 138 138 138 138 138 138 138
 138 138 138 138 138 138 138 138 138 138 138 138 138 138 138 138 138 138
 138 138 137 138 138 138 138 137 138 138 137 136 135 136 137 137 136 135
 135 135 136 134 131 112  93  78  71  68  66  65  63  61  61  63  64  65
  66  69  73  75  78  81  85  87  90  92  95  95  94  92  89  88  88  88
  88  90  95  98 101 103 105 108 108 107 105 104 103 101 103 105 111 123
 130 135 137 137 137 136 136 139 138 138 138 138 138 138 138 138 138 137
 137 137 138 138 138 137 137 137 137 138 138 138 137 137 137 137 137 137
 136 136 136 136 136 137 137 136 135 135 135 136 135 136 135 136 136 136
 137  29]"
"[ 29  29 121 122 122 122 123 123 124 124 126 127 128 128 128 128 127 128
 129 130 130 130 130 130 131 132 132 132 133 133 134 134 134 134 135 135
 135 135 135 136 136 136 137 137 138 138 138 138 138 138 138 138 138 138
 138 138 138 138 138 138 138 138 138 138 138 138 138 138 138 138 138 138
 138 138 138 138 138 138 138 137 138 137 137 136 136 136 137 137 136 136
 136 136 136 134 132 114  94  78  70  67  65  64  62  61  60  62  63  64
  66  69  73  75  78  80  84  87  89  92  94  95  93  90  88  88  88  88
  89  90  94  97 100 103 105 107 108 107 105 105 103 100 102 103 107 119
 128 133 136 136 137 137 137 139 138 138 138 138 138 138 138 138 138 138
 137 137 138 138 138 137 137 137 137 137 137 137 137 137 138 138 137 137
 137 137 137 137 137 137 136 135 134 134 135 136 135 135 135 135 136 136
 137  29]"
"[ 30  29 121 122 121 121 122 123 123 125 127 127 127 126 126 127 126 127
 129 130 130 130 129 129 131 131 131 132 132 133 133 133 132 133 134 135
 135 135 135 135 136 136 137 137 138 138 138 138 138 138 138 138 138 138
 138 138 138 138 138 138 138 138 138 138 138 138 138 138 138 138 138 138
 138 137 137 137 138 138 137 137 137 137 137 137 136 137 137 137 137 137
 137 136 135 132 132 117  94  77  68  65  63  63  61  61  59  60  62  63
  65  69  73  75  77  80  83  86  89  92  94  95  91  89  88  88  88  88
  90  92  93  96 100 103 105 107 107 105 105 105 104 101 102 103 105 116
 125 131 134 134 135 136 136 137 138 138 138 137 137 138 138 138 138 138
 137 138 138 138 138 138 138 138 137 137 137 137 138 138 137 137 137 137
 137 137 137 138 138 138 137 136 135 135 136 137 136 136 135 136 137 137
 137  29]"
"[ 29  29 121 121 121 120 122 123 124 127 128 127 126 125 126 126 125 127
 128 129 129 129 129 129 130 130 130 131 131 132 132 132 131 132 134 135
 135 135 135 135 135 136 137 137 138 138 138 138 138 138 138 138 138 138
 138 138 138 138 138 138 138 138 138 138 138 138 138 138 138 138 138 138
 138 138 138 138 138 138 137 137 137 137 137 137 137 137 137 136 136 137
 137 136 134 131 132 118  94  75  65  63  61  62  60  61  58  59  61  62
  65  69  73  75  77  79  82  84  88  91  93  94  90  88  88  88  88  88
  91  94  93  96  99 102 105 106 105 104 104 103 103 101 102 102 104 114
 123 130 133 134 135 136 136 136 137 137 137 137 137 137 137 137 137 138
 138 138 138 138 138 138 139 138 138 137 137 138 138 139 137 137 138 138
 138 138 138 138 138 138 137 137 136 136 137 138 137 137 136 136 137 137
 137  29]"
"[ 29  28 121 122 121 120 123 126 128 129 128 126 125 125 125 125 125 127
 128 129 129 129 129 130 130 130 130 131 131 131 131 131 132 133 134 135
 135 135 135 136 135 136 137 138 138 138 138 138 138 138 138 138 138 138
 138 138 138 138 138 138 138 138 138 138 138 138 138 138 138 138 138 137
 139 139 138 138 139 139 138 137 137 137 137 137 137 137 137 136 136 136
 137 136 135 131 133 119  95  76  65  62  61  61  59  60  58  60  61  63
  66  69  73  74  77  79  81  83  85  89  91  91  89  87  86  87  88  89
  91  93  94  96  99 102 104 104 104 103 104 101 103 102 100 101 104 111
 122 130 135 135 135 136 135 136 137 137 137 137 137 137 137 137 137 137
 138 138 137 137 138 139 138 138 137 137 137 137 138 138 138 138 138 138
 138 138 138 138 137 137 137 137 137 137 137 137 137 137 136 136 137 137
 137  28]"
"[ 29  28 121 123 122 121 124 128 131 130 127 123 123 124 124 123 125 127
 128 129 129 129 130 130 130 130 131 131 131 131 131 131 133 133 134 135
 135 135 136 136 135 136 137 138 138 138 138 138 138 138 138 138 138 138
 138 138 138 138 138 138 138 138 138 138 138 138 138 138 138 138 137 137
 138 138 138 138 138 138 138 137 137 137 137 137 137 137 137 136 137 136
 137 137 136 133 134 120  97  77  66  63  61  60  58  58  59  61  63  64
  66  69  72  73  78  79  80  81  84  87  89  89  90  87  85  86  88  89
  90  91  95  96  99 101 103 104 103 103 104 101 103 102  99  99 103 109
 120 129 135 135 135 134 134 135 137 137 137 136 136 137 137 137 136 137
 138 138 137 137 138 139 137 137 137 137 136 136 136 136 137 137 138 138
 137 137 136 136 138 138 138 138 137 137 136 135 136 136 136 137 138 138
 138  29]"
"[ 28  31 123 121 122 130 131 129 128 126 124 123 124 125 124 123 126 124
 125 130 128 132 128 128 129 130 130 131 131 132 132 132 133 133 135 136
 136 135 135 136 135 136 137 138 139 138 138 138 138 138 138 138 138 138
 138 138 138 138 138 137 138 138 138 138 139 139 138 138 138 137 137 137
 138 138 137 137 138 138 138 138 137 137 138 138 137 137 137 137 136 135
 136 137 136 135 130 124 100  77  64  64  61  58  59  59  61  62  63  64
  65  66  70  73  76  79  81  81  82  86  88  87  88  86  84  85  87  88
  90  90  96  97  99 101 102 104 104 103 102 102 102 101  99  98 102 107
 116 126 133 136 138 136 135 138 138 138 138 138 138 138 138 138 138 138
 138 138 138 138 138 138 138 138 138 138 139 139 138 138 138 138 138 138
 138 137 137 137 138 138 139 139 139 138 137 137 137 138 137 138 138 138
 137  29]"
"[ 31  30 116 126 135 138 134 124 120 119 120 121 123 123 122 122 122 124
 124 124 129 129 129 134 130 130 130 130 131 131 132 132 133 133 134 135
 135 134 134 134 136 136 137 138 138 138 138 138 138 138 138 138 138 138
 138 138 138 138 138 138 138 138 138 138 139 139 138 138 138 137 137 137
 137 137 137 137 138 138 138 137 137 137 137 137 137 137 137 137 137 136
 137 138 137 136 132 125 101  78  65  64  61  58  59  59  59  60  61  62
  63  65  69  72  76  79  80  81  82  84  86  86  86  85  83  84  86  87
  88  89  95  96  98  99 101 103 103 102 102 101 101 100  98  98 101 105
 114 125 131 134 136 136 135 136 137 138 138 138 138 138 137 137 138 138
 138 138 138 138 138 138 138 138 138 138 138 138 138 138 138 138 138 138
 138 138 137 137 138 138 138 138 138 138 137 137 137 138 137 137 138 137
 137  29]"
"[ 29  33 124 128 122 111 107 102 109 112 118 124 126 123 122 123 125 128
 126 124 127 127 129 128 130 130 130 130 130 131 132 132 133 134 134 135
 135 134 133 134 136 136 137 137 138 138 138 138 138 138 138 138 138 138
 138 138 138 138 138 138 138 138 138 138 138 138 138 138 138 137 137 137
 136 136 137 137 138 138 138 137 137 137 137 137 137 137 137 138 137 136
 137 137 136 136 132 127 102  79  65  64  61  57  58  58  59  59  60  61
  62  65  69  73  76  77  79  80  81  82  83  84  86  84  83  84  86  88
  89  90  93  95  97  98  99 101 102 102 101 101 100  99  97  96  99 102
 112 122 130 133 135 136 136 136 137 137 138 138 138 137 137 136 137 137
 138 138 138 138 138 138 139 138 138 138 137 138 138 139 139 138 138 138
 138 138 138 138 138 138 138 138 137 137 137 137 137 138 136 136 137 137
 137  29]"
"[ 31  28 125 121 111 105 105 106 115 110 108 114 118 115 108 103 105 107
 113 129 132 131 131 130 130 130 130 130 130 131 132 132 134 134 135 136
 136 134 134 134 136 136 136 137 137 138 138 138 138 138 138 138 138 138
 138 138 138 138 138 138 138 138 138 138 138 138 138 138 137 137 137 137
 137 137 137 138 138 138 138 138 137 137 137 137 137 137 137 138 137 136
 136 137 136 136 133 128 103  79  64  63  60  57  58  57  58  58  59  61
  62  65  69  73  75  76  78  80  81  81  82  84  84  84  84  85  87  89
  90  92  92  94  95  96  98 100 101 102 101 101 100  98  96  95  97  99
 107 119 130 134 136 138 138 138 137 137 137 137 137 137 136 136 137 137
 137 137 138 138 138 138 138 139 139 138 138 138 138 139 138 138 138 138
 138 138 138 138 138 138 137 137 137 137 137 137 137 138 137 137 137 137
 137  29]"
"[ 30  27 137 134 130 129 123 121 111 106  97  83  65  49  42  42  39  41
  59  95 125 127 127 132 130 130 130 130 130 131 132 132 133 134 135 136
 136 135 135 135 136 136 136 136 137 137 138 138 138 138 138 138 138 138
 138 138 138 138 138 138 138 138 138 138 138 138 138 138 138 137 137 137
 138 138 138 138 138 138 138 139 138 138 138 138 137 137 137 137 138 137
 137 137 137 137 135 130 105  79  63  61  59  57  57  56  57  57  58  60
  62  64  67  70  74  75  78  80  81  81  81  83  82  82  83  85  86  87
  89  91  90  92  94  94  96  98  99 100 100 100  99  98  96  95  97  98
 103 115 128 134 135 137 138 137 138 138 137 137 137 137 137 137 137 137
 137 137 137 138 138 138 138 138 139 139 138 138 138 139 138 138 138 138
 138 138 138 138 138 138 137 137 137 137 137 137 138 138 138 138 138 137
 137  29]"
"[ 28  31 121 114 100  85  61  48  38  35  34  36  39  38  37  37  34  34
  42  59 113 131 128 126 130 130 130 130 131 131 131 132 132 133 134 135
 135 135 135 135 136 136 136 137 137 137 138 138 138 138 138 138 138 138
 138 138 137 138 138 138 138 138 138 138 138 138 138 138 138 138 137 137
 138 138 138 137 137 137 137 138 138 138 138 138 137 137 137 137 138 137
 137 137 136 137 135 130 109  81  62  60  58  57  57  55  55  56  58  60
  62  63  66  68  72  74  77  78  79  79  80  80  81  82  83  85  85  86
  87  89  89  90  92  93  94  96  97  98  98  98  98  97  96  96  97  98
 101 111 125 133 135 137 138 137 138 138 137 137 137 137 137 138 137 137
 137 137 137 138 138 138 138 138 139 139 139 138 138 138 138 138 138 138
 138 138 138 138 137 137 137 137 137 137 137 137 138 139 138 139 139 138
 137  29]"
"[ 31  23  40  25  20  19  15  13  17  20  26  32  35  36  37  38  38  38
  36  34  77 124 131 124 129 130 130 130 131 131 131 131 131 132 133 135
 135 134 134 135 136 136 136 137 137 137 137 137 138 138 138 138 138 138
 138 138 137 138 138 138 138 138 138 138 138 138 138 138 138 138 138 138
 138 138 138 138 137 136 137 137 137 137 138 138 138 137 137 137 137 137
 137 137 136 136 135 130 113  83  62  59  58  57  56  54  55  55  57  60
  62  64  66  68  70  73  76  77  77  78  78  77  81  82  83  84  85  85
  86  88  88  90  92  93  94  95  96  97  97  97  97  96  96  96  97  97
  99 105 119 130 134 136 138 137 138 138 138 137 137 138 138 138 138 138
 138 138 138 138 138 138 138 138 138 138 139 139 139 139 138 138 138 138
 138 138 138 138 137 137 137 138 138 138 138 138 138 139 138 138 138 138
 137  29]"
"[ 28  32  18  18  23  22  25  25  24  28  31  33  33  33  34  35  38  36
  38  37  46 106 125 126 129 129 130 131 131 131 131 130 131 132 133 135
 135 134 134 135 136 136 137 137 137 137 137 137 138 138 138 138 138 138
 138 138 137 138 138 138 138 138 138 138 138 138 138 138 138 138 138 138
 138 138 139 138 137 136 136 136 136 137 138 138 138 138 137 137 138 137
 138 138 137 137 135 131 116  85  62  59  58  57  56  53  54  55  56  59
  61  63  66  68  70  74  77  76  77  78  77  76  79  81  82  84  84  84
  85  87  89  91  93  94  95  95  96  97  97  97  97  96  95  95  95  95
  96 100 113 127 133 136 138 136 138 138 138 138 138 138 138 138 139 138
 138 138 138 138 138 138 139 138 137 138 138 139 139 139 138 138 138 138
 138 138 138 138 137 137 138 138 138 138 138 138 139 139 138 137 138 137
 137  29]"
"[ 28  29  26  24  26  28  28  29  30  30  30  31  31  32  33  34  35  30
  38  40  37  81 129 128 130 130 130 131 131 131 131 130 130 132 134 135
 135 133 134 135 135 136 136 137 137 137 137 137 138 138 138 137 137 138
 138 138 137 137 137 137 137 137 136 136 138 138 138 138 138 138 137 137
 138 138 138 138 138 137 137 137 136 137 137 138 138 138 138 137 138 138
 138 137 137 137 134 132 120  87  60  59  56  57  52  50  52  54  57  59
  61  63  66  69  72  73  75  76  76  77  77  78  79  81  84  86  85  83
  84  87  88  90  93  95  96  96  96  97  97  97  97  96  96  95  94  92
  93  93 106 124 133 135 137 138 136 136 137 137 138 138 138 138 138 138
 138 138 138 138 138 138 138 138 138 138 138 138 139 139 138 138 138 138
 138 137 136 136 136 136 137 137 138 138 138 137 138 138 137 140 139 134
 137  30]"
"[ 30  31  29  27  29  30  29  30  31  31  32  31  31  30  31  31  30  31
  33  32  29  49 116 130 130 130 130 131 132 132 131 131 132 133 134 135
 135 134 134 134 135 135 136 137 137 137 137 137 138 138 138 138 138 138
 138 138 138 138 138 138 138 138 138 137 138 138 138 138 137 136 136 136
 137 137 137 138 137 137 136 137 137 138 138 139 139 139 138 138 139 139
 138 138 138 138 136 134 122  94  67  60  53  52  51  53  50  52  55  58
  61  63  66  67  71  72  74  75  76  76  76  76  79  81  83  86  86  85
  86  88  86  89  91  93  94  94  94  95  96  96  96  95  94  94  92  90
  92  92 103 122 133 137 138 137 138 138 138 138 138 138 138 138 137 137
 137 137 137 137 138 138 138 138 138 138 138 138 138 138 138 138 138 138
 138 137 137 136 137 138 138 138 139 139 138 138 137 139 138 134 136 141
 136  28]"
"[ 28  28  27  27  29  29  29  30  27  28  29  28  26  24  24  25  25  24
  22  23  25  35 107 132 130 130 131 131 132 132 132 132 133 133 134 135
 135 134 134 134 136 136 137 138 138 138 138 138 138 138 137 137 137 137
 138 138 138 138 138 138 138 138 137 137 138 138 138 138 137 137 136 136
 137 137 137 138 138 137 137 137 136 137 137 137 137 137 137 137 137 137
 137 137 137 137 136 134 124 100  72  60  55  53  49  50  52  53  55  58
  62  64  65  66  68  70  72  74  76  77  77  78  78  79  81  84  85  85
  85  86  85  88  91  92  92  92  93  94  94  94  94  94  94  93  91  89
  89  89 100 118 131 136 138 137 137 137 137 137 137 137 137 137 136 136
 136 137 137 138 138 139 138 138 138 139 138 138 138 138 137 137 137 137
 137 137 136 136 136 137 137 137 137 137 137 137 138 138 137 143 137 136
 138  27]"
"[ 30  31  28  25  26  25  23  24  22  22  22  21  20  19  19  19  16  17
  20  21  19  37 103 134 130 130 131 132 132 133 133 132 132 132 132 134
 135 135 134 134 136 137 137 138 138 138 138 138 138 138 138 138 138 138
 138 138 139 139 139 139 139 138 138 138 137 137 137 137 137 137 136 136
 137 136 136 137 137 137 136 137 137 138 138 138 138 138 138 138 137 138
 138 138 139 139 137 135 122 101  71  55  55  55  51  52  54  55  56  59
  62  64  65  65  65  66  69  71  73  74  75  76  77  79  81  84  84  84
  84  84  83  86  88  89  89  89  90  91  90  90  90  90  90  90  89  88
  89  90 100 116 129 134 136 137 137 137 137 137 138 138 138 138 136 136
 136 137 137 138 138 138 137 137 138 138 138 137 137 137 137 137 138 138
 138 138 138 138 137 137 138 138 138 138 137 137 139 138 135 133 133 138
 140  29]"
"[ 29  28  24  19  18  17  16  16  17  17  16  16  16  16  17  17  18  17
  19  20  18  37 104 132 130 130 130 131 132 132 132 132 131 131 131 133
 135 135 135 135 135 136 136 137 138 138 138 138 137 137 137 137 137 137
 137 137 138 138 138 138 138 138 137 137 137 137 137 137 137 136 136 136
 135 134 135 136 136 136 136 137 137 137 138 138 138 138 138 137 137 137
 138 138 138 137 135 133 121 105  77  58  57  54  49  50  52  53  55  57
  59  61  63  64  66  67  69  71  73  74  75  76  76  79  81  83  83  83
  83  83  83  84  86  87  87  86  87  88  87  87  87  86  87  87  87  86
  85  87  94 110 126 135 137 138 136 136 137 137 137 137 137 137 136 136
 136 136 137 137 137 137 136 136 137 137 137 136 136 135 136 136 136 137
 137 138 138 138 137 138 138 138 138 138 137 137 137 137 144 135 139 140
 132  31]"
"[ 29  28  23  18  17  15  14  14  16  15  14  15  16  17  18  17  13  15
  18  20  19  29 103 128 129 129 129 130 131 131 131 131 131 130 131 133
 135 135 135 135 135 136 137 138 139 139 139 139 138 138 138 138 138 138
 138 138 138 138 138 138 138 138 138 138 138 138 138 138 138 137 137 137
 134 134 135 136 137 137 138 138 137 138 138 138 138 138 138 137 138 138
 138 138 137 136 134 132 128 110  80  56  54  52  50  50  50  52  54  55
  57  59  62  64  63  64  67  69  71  73  75  76  75  78  81  81  81  81
  82  82  83  84  85  85  85  85  85  86  86  86  85  84  84  85  85  84
  86  86  89 104 124 135 136 135 137 137 137 137 137 136 136 136 137 137
 137 137 137 137 137 137 137 137 138 138 138 137 137 136 136 136 137 137
 138 138 138 138 138 138 138 138 138 138 138 138 138 137 137 138 138 139
 142  28]"
"[ 29  27  22  18  16  14  12  12  13  13  12  13  14  15  15  15  16  20
  18  16  17  32 102 135 129 129 129 130 130 131 131 130 131 131 131 132
 133 133 133 133 134 135 135 136 137 137 137 137 138 138 138 138 138 138
 138 138 138 138 138 138 138 138 138 138 137 137 136 136 136 136 135 135
 133 133 134 135 135 135 136 137 137 137 137 137 137 137 137 137 138 138
 137 137 137 137 135 133 131 112  83  58  54  52  52  51  52  54  55  56
  56  57  59  61  64  65  66  68  70  71  73  74  78  80  81  81  81  82
  82  81  81  81  81  82  82  82  82  82  82  82  81  81  81  82  81  81
  82  85  89 102 120 132 136 138 137 137 137 137 137 136 136 136 136 136
 136 136 136 135 135 135 136 136 136 136 136 135 135 135 137 137 137 137
 138 138 138 138 138 138 138 138 138 138 138 138 138 141 137 141 136 139
 134  29]"
"[30 30 29 27 29 30 29 30 29 29 29 29 29 29 29 29 27 30 28 31 29 28 29 27
 29 28 28 29 29 30 29 29 29 29 29 29 29 29 28 29 29 29 30 30 30 30 29 29
 29 29 29 29 29 29 29 29 29 29 29 29 29 29 29 29 29 29 29 29 29 29 29 29
 29 29 29 29 29 29 29 30 29 29 29 29 29 29 29 29 29 29 28 28 29 30 29 28
 28 29 29 26 31 29 30 28 29 29 29 29 29 29 29 29 29 29 29 29 28 28 29 30
 28 29 29 28 29 30 29 27 29 29 29 29 29 29 29 29 29 29 29 29 29 30 30 29
 28 30 29 27 29 28 27 29 29 29 29 29 29 29 29 29 29 29 29 30 29 29 29 29
 29 29 29 29 29 29 29 29 29 29 29 29 29 29 28 28 29 29 29 29 29 29 29 29
 30 26 30 30 26 29 32 29]"
