"[29 30 28 30 31 29 30 29 29 29 28 28 28 29 29 29 29 29 29 29 29 29 29 29
 29 29 29 29 29 29 29 29 29 29 29 29 29 30 29 29 29 29 29 29 30 30 29 29
 28 28 29 29 30 29 29 28 29 29 30 30 29 29 29 29 29 30 28 29 29 29 29 28
 29 29 29 29 29 29 29 29 29 29 29 29 29 29 29 29 29 29 29 29 29 29 30 30
 29 29 29 29 29 29 29 29 29 29 28 28 29 29 29 29 29 28 28 29 29 28 29 29
 29 29 29 29 29 29 29 29 29 28 29 30 30 29 29 29 29 30 28 31 27 28 29 30
 29 30 30 29 28 29 29 29 29 29 29 30 29 29 30 29 28 29 29 29 29 29 29 29
 29 29 29 29 29 29 29 29 28 29 29 28 28 28 29 30 30 29 30 29 28 29 31 28
 29 29 28 28 31 29 28 31]","[30 32 26 27 29 28 30 29 29 30 30 30 30 29 29 29 29 29 29 29 29 29 29 29
 29 29 29 29 29 29 29 29 30 30 29 29 29 29 28 28 29 29 30 29 29 30 30 29
 30 30 29 28 28 29 29 30 29 29 29 29 29 29 29 29 29 29 29 29 29 29 29 29
 28 29 29 30 30 30 30 30 29 29 29 29 29 29 29 29 30 30 30 29 29 29 29 29
 29 29 29 29 29 29 29 29 30 30 29 29 29 29 29 29 29 29 29 29 29 29 29 30
 30 29 29 29 29 29 30 30 30 29 28 28 28 29 30 32 28 27 30 29 28 31 31 28
 28 29 30 29 29 29 30 30 30 29 29 29 27 28 29 28 30 30 29 29 30 30 30 29
 29 29 28 28 28 29 29 29 30 30 30 30 30 31 29 28 29 29 29 28 28 29 30 28
 28 30 31 29 27 29 34 28]","[29 28 13 11 10 10  8  9  9  9  9  8  8  8  8  8 10 10  9  9 10 10 10 10
  9  9  9  9  9  9  9  9  9  8  8  8  9  8  8  7  7  7  7  7  7  7  7  7
  7  7  7  7  7  7  7  7  7  7  7  7  7  7  7  7  7  7  7  7  7  7  7  7
  7  7  7  7  7  7  7  7  7  7  7  7  7  7  7  7  7  7  7  7  7  7  7  7
  7  7  7  7  7  7  7  7  8  8  8  8  8  8  8  8  7  7  7  7  7  7  7  7
  7  7  7  7  7  7  7  7  7  7  7  7  7  7  8  9 12 13 15 13 25 31 30 32
 33 33 35 38 39 35 27 19 15 12 11 11 12 13 15 15 14 12 12 13 16 17 17 15
 16 15 15 15 15 16 16 16 16 15 16 17 21 23 22 20 19 19 19 19 21 20 20 22
 26 35 51 63 72 74 68 29]","[31 30 10  9  9 11  7 10 11 10  9  8  8  8  9 10  8  8  8  8  8  8  8  8
  7  7  6  7  7  8  7  7  8  8  8  8  9  9  8  7  5  7  7  6  5  4  4  4
  4  4  4  4  4  3  4  4  4  4  3  3  3  3  3  3  2  3  3  3  3  3  3  3
  3  4  4  4  3  2  2  3  4  3  3  3  3  4  4  3  3  3  4  4  4  4  5  5
  4  4  3  3  3  4  4  4  4  4  4  4  4  4  4  5  4  2  2  3  4  4  4  4
  4  4  4  3  3  3  4  4  5  6  6  7  8  8  9 10 10 16 13 20 46 49 43 50
 42 39 35 36 39 40 37 33 19 10  7  9 12 15 15 15 15 14 14 16 18 19 18 17
 16 15 15 16 17 18 18 18 20 19 17 17 20 22 22 20 20 21 20 21 22 21 21 26
 38 53 66 70 71 70 69 27]","[29 29 10 10 12 14 12 13 11 10  9  8  8  8  8  7  9  9  9  9  8  8  8  8
  9  8  8  8  9  9  9  9  7  7  6  7  7  7  7  7  7  8  9  8  7  6  6  6
  5  5  5  5  4  3  4  4  4  4  3  3  3  3  3  3  2  3  4  4  3  3  3  3
  3  3  4  3  2  2  2  3  4  3  3  2  3  3  4  4  3  3  3  4  4  5  5  5
  4  4  3  3  3  4  4  5  3  3  4  4  4  4  4  5  4  2  2  3  4  4  4  4
  4  4  4  4  4  3  3  3  4  5  7  9  9  9  9  9 12 16 21 49 66 60 49 48
 46 44 39 35 35 40 46 51 37 21 14 12 14 16 14 16 16 16 17 19 19 18 16 16
 16 15 15 17 18 19 19 18 19 19 18 17 18 19 19 19 22 23 22 21 23 24 28 37
 49 65 70 67 65 61 65 30]","[30 30 13 13 14 16 14 14 14 14 13 13 13 12 10  8  9  9  9  9  9  8  7  7
  8  8  7  7  8  8  8  8 10  9  9  8  9  9  9  8  8  9  9  9  8  8  9  9
  9  8  7  5  3  3  5  6  5  4  4  3  4  4  4  4  3  4  4  4  4  3  3  3
  2  3  3  2  2  2  3  4  5  4  3  3  3  4  4  4  4  4  4  4  4  5  5  5
  5  4  4  4  4  4  5  5  3  3  4  4  4  4  5  5  4  3  3  3  4  4  4  4
  4  4  4  4  4  4  4  3  4  5  7  8  9  9 10 11 15 12 35 73 72 65 58 47
 47 47 45 41 39 41 44 47 49 36 28 18 14 17 15 17 14 15 17 19 19 17 16 17
 16 16 16 17 18 18 17 16 16 18 19 19 18 19 19 20 23 25 25 26 31 37 47 57
 70 74 64 59 61 60 59 28]","[29 27 15 15 16 16 18 17 15 14 14 15 14 13 11  9 10 11 12 12 12 11 10 10
  9  9  9  9  9  9 10 10 11 10  9  8  8  8  8  8  8  8  8  8  8  9  9  9
 10  9  8  6  4  4  6  8  7  6  4  4  5  6  6  5  4  4  4  4  4  4  3  2
  3  3  3  3  3  3  3  4  4  4  3  3  4  4  3  3  4  4  4  4  4  4  4  4
  4  4  4  4  5  5  5  5  4  4  4  4  4  4  4  4  5  4  3  4  4  4  4  4
  4  5  5  4  4  4  4  4  5  6  8  9  9  9 11 12 16 14 51 78 71 66 61 55
 51 48 43 40 40 43 45 47 48 47 45 27 15 18 16 17 16 15 17 19 20 19 19 21
 16 16 16 16 16 17 16 16 19 21 22 20 18 17 18 18 21 23 27 33 40 51 62 67
 65 67 61 60 59 60 57 28]","[30 28 19 17 18 17 21 18 16 15 15 15 16 15 14 13 11 12 13 14 14 13 12 11
 11 11 11 10 10 10 11 11 12 11 10  9  9  9  9 10  8  8  8  7  7  9  9  9
  8  9  9  8  7  7  8  9  8  7  6  6  7  7  7  7  5  5  5  5  5  4  3  3
  4  4  4  4  4  4  3  3  4  4  4  4  4  4  3  2  4  4  4  4  4  4  4  4
  3  4  5  5  5  5  5  4  5  4  4  4  5  5  4  3  5  5  5  5  5  4  4  5
  5  5  5  5  5  5  5  5  6  7  9 10 10 10 10 12 15 22 65 75 70 65 54 58
 54 51 46 41 39 41 45 47 45 55 60 36 17 19 17 16 17 16 16 18 18 16 16 18
 16 16 16 16 16 16 17 17 18 19 20 18 17 18 20 22 23 25 32 40 48 59 67 68
 64 61 58 60 56 60 59 31]","[28 27 42 29 27 25 27 28 26 17 15 17 15 16 16 13 13 14 15 15 14 13 13 12
 15 13 12 12 11 10 11 13 12 10 10 10 10 11 12 10  9  8  8  8  9  9  9  9
  8  8  8  8  9  9  8  8  6  7  8  8  9  9  7  5  4  5  5  5  5  5  5  4
  3  4  4  4  4  4  4  4  5  4  4  4  4  4  3  3  6  3  4  5  4  5  6  2
  3  4  4  3  3  4  4  4  3  4  3  4  6  5  4  5  3  3  4  5  6  5  5  5
  6  5  5  5  5  5  5  5  9  8  9 10 10 10 12 15 13 31 80 75 69 59 57 59
 58 51 47 41 36 38 40 45 49 57 65 59 22 17 17 14 12 13 14 17 18 17 17 16
 16 17 18 18 18 17 17 17 18 20 19 17 19 21 22 23 25 40 48 59 65 63 66 63
 59 59 61 62 63 60 61 28]","[30 32 43 37 39 42 46 49 37 31 27 23 18 14 14 16 14 14 15 17 16 13 12 14
 15 13 12 12 10  9 10 11 11 12 11 10 11 13 14 13 12 10  8  7  7  7  9  9
  9  7  7  7  7  6  6  7  8  8  9  9  9  8  6  5  5  6  6  6  6  6  6  5
  5  6  6  6  6  6  5  4  3  3  4  4  5  5  4  4  2  2  3  4  7  3  5  8
  7  5  4  4  5  5  5  5  5  6  5  3  5  6  5  4  4  4  4  5  5  4  4  4
  3  3  4  5  7  7  6  5  8  8  9 11 11 12 14 16 13 39 80 76 73 67 64 65
 59 52 49 44 41 43 44 46 49 57 71 73 25 16 16 15 13 13 14 15 16 16 16 16
 15 17 18 18 17 17 17 18 18 22 25 24 23 23 27 32 39 55 62 68 68 65 67 64
 60 59 59 60 62 63 65 30]","[28 30 33 32 34 38 43 44 42 44 44 40 34 27 26 31 23 16 12 11 10  9 12 18
 16 14 14 13 12 11 12 14 11 13 13 12 13 12  9  8  9  9 10 11 11 11 10 10
 13 11 10 10  9  7  7  9  9  9  9  9  8  8  7  5  7  7  7  7  6  7  7  6
  8  8  8  8  8  7  6  5  3  4  5  6  6  5  5  5  4  6  6  4  9  6  5  5
  4  4  7 12 13 10  8  8  4  5  5  5  5  5  4  4  4  4  4  5  5  4  3  3
  3  3  3  5  7  8  8  6  8  9 10 11 12 14 15 16 16 55 82 75 73 70 66 64
 59 52 50 47 45 46 45 45 46 50 70 84 26 16 17 14 13 13 14 15 15 15 15 16
 15 17 18 18 17 17 18 20 20 22 25 26 25 24 30 37 49 63 66 66 65 63 65 61
 57 58 58 57 58 61 65 30]","[28 29 22 24 23 26 28 28 27 33 36 36 34 29 29 34 35 33 36 43 41 30 22 21
 19 17 16 16 14 13 14 16 12 13 13 14 15 13 10 11 11 12 12 12 11 10 11 12
 14 14 12 11  9  9  8  8  9  9  9  8  8  9  8  7  8  8  8  7  7  8  8  8
  9  8  8  8  9  8  7  6  5  6  7  8  7  6  5  5  3  5  4  5  4  7 10 13
 26 29 35 39 35 27 23 25 18 10  6  5  5  4  4  5  4  3  4  4  4  4  3  3
  5  4  3  4  5  7  8  8  7  9 10 10 11 14 14 13 16 66 81 72 70 70 66 65
 56 51 49 46 43 44 42 42 45 44 66 88 25 16 17 13 12 13 15 16 16 16 16 17
 17 19 21 20 19 18 20 21 22 22 23 24 26 33 45 54 62 66 63 61 63 63 62 58
 55 57 59 56 55 55 61 28]","[28 30 19 22 21 24 23 23 20 24 24 24 26 25 25 30 34 30 33 43 45 38 32 32
 28 27 25 24 22 20 22 24 20 18 16 15 14 11 10 12 10 12 15 15 14 13 13 14
 12 15 14 11 10 12 11  9 10 10  9  9  9 10 10  9  9  9  9  8  8  8  9  8
  9  8  7  7  8  8  7  7  6  7  8  8  7  6  5  5  7  7  6 10  4 13 26 39
 42 40 40 42 40 38 40 45 44 28 14  6  4  4  6  5  4  4  4  4  4  3  3  3
  4  5  5  4  4  5  7  8  7  8  9  8  9 11 12 10 20 75 81 73 67 65 61 60
 52 48 47 43 39 40 39 39 46 45 70 87 24 17 18 14 13 15 17 19 18 17 17 17
 19 21 23 22 20 19 20 21 26 24 25 26 31 45 59 66 67 65 59 58 61 61 58 54
 57 58 60 59 58 56 60 29]","[29 30 19 19 20 20 20 19 17 17 16 17 19 18 17 18 23 21 26 35 39 36 32 32
 31 31 30 30 29 29 31 33 27 26 27 26 20 16 14 10 12 13 14 13 12 12 12 13
 13 15 14 12 13 15 14 11 12 12 11 10 10 10 10 10  9 10 10  9  9  9  9  8
  8  8  7  7  7  8  8  7  6  7  7  7  7  6  5  5  3  6  4  8 14 42 61 69
 60 51 43 40 39 39 41 45 51 44 34 21  8  5  7  5  5  5  4  5  4  3  3  4
  4  5  7  6  6  6  7  9  8  9  9  9 10 11 12 11 30 80 81 74 66 60 55 52
 50 46 45 41 38 40 40 40 42 47 76 79 23 19 19 17 15 17 19 20 19 17 17 18
 20 22 24 23 20 19 20 22 24 22 28 38 49 61 65 58 57 56 54 56 60 60 59 59
 61 58 58 61 63 62 63 30]","[30 30 21 18 19 18 15 17 16 16 17 19 18 17 16 14 17 16 17 20 20 18 16 15
 22 22 24 26 26 26 29 32 35 38 46 47 42 45 44 33 28 24 19 15 13 14 14 14
 15 14 13 13 14 14 13 12 13 13 13 12 12 12 11 10 10 11 11 11 10 10 10  9
  9  8  8  8  8  8  8  8  7  7  7  7  7  7  6  6  9 12  7 10 36 62 68 63
 62 54 47 44 43 43 43 45 44 45 50 44 24  9  7  6  5  5  5  5  5  4  4  4
  4  5  6  6  6  6  7  9  9  9 10 11 11 12 13 15 39 77 75 71 65 59 56 53
 51 46 45 41 39 43 43 42 41 50 79 63 19 21 19 19 18 19 20 20 18 17 18 20
 20 21 22 22 21 21 23 25 24 25 39 56 67 73 69 58 53 53 54 55 61 65 65 67
 63 60 58 60 64 65 66 29]","[29 29 22 18 20 19 16 21 17 16 17 18 14 15 17 16 15 16 17 17 16 15 16 16
 17 17 20 22 22 22 23 26 27 32 41 40 37 48 52 39 34 34 35 38 39 37 30 24
 22 17 15 17 18 15 14 15 13 14 14 14 14 13 12 10 10 11 12 12 11 11 10  9
  9  9  9  9  9  8  8  8  8  7  7  7  8  8  7  6  8  7  7 22 66 74 69 68
 63 59 54 49 44 40 39 40 46 42 51 57 38 15  6  7  5  4  4  5  5  5  5  6
  6  5  4  3  3  4  6  8  8  8  9 11 11 11 14 17 51 78 72 69 63 58 57 54
 53 48 45 42 42 46 45 44 47 56 81 51 17 23 20 18 18 19 20 19 17 17 19 22
 19 20 21 21 21 23 27 30 34 39 55 67 67 65 64 61 58 57 55 53 59 66 65 64
 63 62 60 59 61 63 66 29]","[29 33 22 23 20 16 17 21 19 20 21 19 17 16 16 16 16 14 14 15 14 12 13 15
 16 16 17 17 17 17 16 15 18 20 22 23 24 25 27 31 33 36 40 45 48 44 40 40
 41 30 31 34 26 18 17 17 18 14 14 16 15 13 14 13 11 15 14 11 12 11 11 13
 11 11 11 13 13 11  9  8 12  9  8  8  7  8  9  7  8  7 10 32 70 81 73 73
 69 60 56 50 48 40 36 41 42 46 49 48 59 29  8 11  8  6  6  6  6  6  5  5
  5  5  5  5  5  6  8  9  9  7 10 12 12  9 10 19 66 76 75 66 62 56 53 56
 51 46 45 43 41 43 41 39 48 62 83 34 22 19 16 18 19 19 18 17 18 20 22 22
 15 20 22 25 24 23 31 36 45 58 63 64 64 59 57 56 60 56 57 60 61 61 64 65
 61 58 58 59 63 63 64 28]","[30 28 17 19 16 16 18 17 17 18 19 18 18 18 17 16 14 16 15 12 12 14 14 12
 14 14 15 16 16 16 16 16 15 17 17 17 17 17 16 17 20 22 24 27 30 31 33 37
 37 32 35 42 41 41 41 38 32 27 25 23 19 17 16 12 14 14 13 14 14 12 10 10
 14 13 11  9 10 12 12 11 11  9  9  9  7  8  9  9 11 12 17 57 83 89 77 79
 73 65 60 52 47 39 37 41 40 42 43 45 66 54 17  7  8  7  7  8  8  7  6  5
  5  5  5  5  5  6  8  9  9  7  8  8 10  9 11 32 78 77 74 69 62 58 55 51
 47 42 41 38 37 40 40 41 50 66 78 26 16 17 16 18 17 17 16 16 17 19 21 22
 21 23 22 24 26 30 41 48 57 63 62 61 59 54 55 57 60 58 61 64 63 60 59 59
 59 60 62 64 64 61 62 29]","[32 28 17 17 15 17 21 17 16 17 17 17 19 21 18 15 15 16 15 12 13 15 15 13
 13 14 15 15 15 15 16 16 16 17 16 16 16 14 12 13 16 17 16 14 14 15 18 23
 20 21 25 28 28 32 38 38 34 34 36 36 34 31 26 19 16 16 19 21 18 14 13 14
 12 13 13 12 13 15 12  9 10 11 12 11  9  8  9  9 10 12 23 76 94 95 85 84
 77 71 67 56 49 41 40 43 45 47 45 41 64 72 24  7  8  7  7  8  8  7  6  5
  5  6  6  6  6  7  8  8 10  9  8  8 10 11 12 48 92 80 75 70 58 54 55 50
 44 40 39 36 34 36 37 39 45 67 70 21 14 17 16 15 18 16 16 18 19 20 22 24
 23 24 24 28 32 39 49 55 61 64 61 60 58 53 54 57 58 58 62 66 64 61 60 60
 62 62 66 67 65 60 62 29]","[29 28 20 20 21 21 21 17 18 18 17 17 20 23 20 15 17 15 15 15 16 16 15 16
 15 15 16 16 16 15 15 15 16 16 15 15 15 14 13 14 12 15 16 14 13 12 13 15
 14 15 18 17 15 19 25 26 23 25 29 33 35 37 39 38 33 31 33 31 24 20 19 17
 22 21 18 16 16 16 14 12 14 13 11  8  7  7  8 11 10 11 25 79 98 97 95 87
 81 74 71 59 52 46 44 45 46 47 44 36 57 79 24  7  8  7  7  8  7  6  6  6
  7  7  7  7  7  7  8  8  6  8  6  7  8  8  8 57 94 84 80 72 56 51 53 48
 41 39 40 37 34 35 35 36 39 66 58 19 17 19 16 15 16 15 16 18 19 19 20 23
 22 25 27 35 44 51 58 59 58 60 59 59 57 54 56 57 57 56 59 62 62 62 64 64
 66 64 65 66 65 61 62 28]","[ 27  29  23  23  31  29  24  21  23  22  20  19  22  24  22  19  17  16
  16  17  18  18  17  16  17  17  16  16  17  16  15  14  16  16  15  14
  14  12  12  15  11  15  16  16  17  16  15  15  12  12  12  13  15  17
  16  14  16  18  20  23  25  25  28  32  28  27  28  30  31  37  39  35
  30  28  26  26  23  19  17  18  17  17  15  13  13  11   8   8  14  11
  25  83 104 102 101  91  84  75  70  58  52  47  47  45  42  41  39  36
  61  86  26   8   9   8   8   7   7   6   7   7   8   8   8   8   8   7
   7   7   4   7   6   7   8   7  11  68  88  86  83  73  59  51  48  45
  40  38  40  38  35  35  33  34  40  66  45  17  17  19  19  20  16  17
  20  23  23  20  20  22  25  30  36  47  58  63  66  64  56  59  57  57
  56  57  60  58  60  57  57  60  61  63  67  67  66  65  65  65  65  61
  61  28]","[ 30  28  24  23  32  31  29  29  25  24  23  23  24  25  23  21  17  21
  21  19  20  23  21  17  17  17  17  17  17  16  15  14  16  16  15  15
  15  14  14  17  15  16  16  16  18  17  15  16  13  12  12  14  16  17
  17  17  16  18  19  19  17  13  12  17  22  23  23  22  24  30  32  29
  33  33  35  38  37  32  30  32  30  28  20  15  15  13  11  12  14  10
  21  88 109 108 101  96  88  75  68  56  49  45  45  42  41  39  38  38
  62  77  23   9   9   8   7   7   7   6   7   8   8   8   8   7   7   7
   6   6   6   8   8   9  10   9  23  80  85  85  78  68  60  53  47  45
  44  40  40  37  33  33  31  31  41  64  34  17  18  17  19  20  16  19
  23  26  25  22  21  23  31  40  50  61  67  65  62  57  52  55  57  58
  58  61  65  61  61  58  58  60  61  65  69  70  64  65  67  66  65  61
  63  29]","[ 30  27  32  32  30  26  28  28  26  26  27  28  27  25  23  23  21  25
  26  22  22  25  24  19  16  18  19  19  18  16  15  15  15  15  15  15
  16  14  13  15  14  14  14  16  17  16  16  18  12  13  12  12  11  12
  13  15  16  17  15  12  12  11  12  18  15  19  20  16  15  15  16  17
  25  23  22  24  26  27  30  33  30  35  36  37  39  32  21  18  16  14
  25  84 110 106  97  96  91  76  69  58  50  44  41  37  37  38  38  36
  54  55  13   8   8   8   8   8   7   7   7   9   9   8   7   7   8   8
   7   7   5   6   7   8   8   9  31  84  84  80  74  67  61  54  49  47
  46  42  41  38  34  34  31  30  38  62  26  18  20  17  19  18  17  20
  23  23  22  22  26  29  41  51  60  65  64  58  54  50  50  51  54  58
  58  61  66  64  60  59  60  60  60  63  68  70  65  65  65  64  64  64
  65  30]","[ 29  30  51  54  39  26  29  25  28  29  31  33  31  26  24  25  25  26
  26  25  25  24  23  22  17  19  22  21  19  16  16  16  18  18  17  18
  19  16  13  12  14  14  15  17  17  14  12  14  12  15  14  13  14  15
  12  10  12  16  15  13  14  12  10  10  13  16  16  15  17  15  14  15
  16  15  16  17  19  22  23  24  22  25  24  24  29  27  24  26  24  23
  35  77 107 100  94  90  91  77  72  62  53  44  39  33  34  37  39  39
  56  48  13   9   9   9   9   9   9   8   8  10   9   8   8   8   8   9
   8   8   6   7   9  10  10   9  37  85  82  76  76  75  66  57  51  47
  44  40  40  39  38  38  35  33  39  61  21  18  20  18  23  21  24  26
  26  23  22  28  36  43  52  60  63  61  54  50  53  54  53  50  49  52
  52  56  65  66  61  60  60  58  55  57  63  66  67  64  60  58  62  66
  67  28]","[ 28  30  79  83  66  51  54  49  49  38  40  42  40  31  30  25  30  27
  32  34  27  24  25  23  21  22  24  25  21  16  17  22  21  22  18  17
  19  16  13  15  16  15  15  15  16  15  15  14  14  15  15  14  13  13
  14  14  14  15  15  15  15  14  13  12  14  14  15  17  17  16  14  13
  14  16  16  16  16  17  16  15  16  16  16  16  17  18  19  20  24  27
  37  74 109 104  96  95  91  83  70  67  58  43  37  35  34  36  36  44
  62  52  12  12   8   8   9  11  12  11   9   8   9  10   9   9   9   9
   9   7   9   7  11  10  11   7  48  89  81  81  79  71  60  53  49  45
  41  38  38  41  38  40  36  37  56  59  25  22  17  25  23  22  23  26
  24  24  24  39  50  58  62  62  62  58  52  49  50  51  48  49  48  45
  49  54  57  65  68  68  61  58  58  57  63  66  65  64  64  68  68  64
  67  29]","[ 30  30  87  89  79  73  73  72  73  65  63  64  56  48  45  45  44  39
  39  38  32  30  31  27  30  27  24  23  22  21  23  25  24  21  19  21
  23  19  15  15  15  16  17  15  15  15  16  16  13  15  16  17  17  17
  16  16  15  16  16  16  16  17  16  15  14  15  16  17  16  14  13  13
  14  15  15  15  15  16  16  14  14  15  16  16  16  16  16  17  17  20
  25  72 112 107 102  97  98  93  74  65  58  47  37  36  35  39  38  42
  62  58  19  13  11  10  11  12  13  12  10   9   9  11  12  11  10  10
   9   9   9  10  12  10   8  13  74  90  83  81  75  66  59  53  48  45
  40  40  40  40  36  36  32  35  58  49  21  19  16  23  24  25  22  23
  23  33  42  56  61  64  63  62  61  56  49  47  48  49  52  52  50  45
  47  50  52  58  69  73  64  64  61  60  61  64  67  67  67  69  69  67
  68  29]","[ 29  29  98  98  96  92  84  80  84  83  81  86  79  77  77  84  85  79
  75  69  60  54  48  41  31  30  27  23  22  24  26  27  26  25  25  24
  21  21  21  20  18  18  18  19  20  22  22  21  19  19  17  16  15  15
  16  16  17  17  16  15  15  16  16  13  14  15  16  16  15  13  13  13
  14  14  13  13  14  14  14  13  13  14  16  16  15  14  15  14  15  18
  16  71 115 108 106  99  97  95  72  59  54  48  37  37  36  41  39  40
  61  65  29  19  15  14  14  14  14  12  11  10  11  13  14  13  11  10
  11  11  10  12  12   9  11  31  90  88  88  82  72  62  58  54  49  47
  44  45  42  41  36  32  29  41  68  40  19  19  15  19  22  25  26  26
  28  41  53  62  62  61  59  57  56  53  47  46  50  51  52  51  50  46
  46  48  48  52  67  79  70  69  65  66  63  67  65  67  67  68  67  67
  69  28]","[ 30  27  91  87  91  94  93  92  93  98 100 102  97  90  84  86  82  81
  83  83  81  82  82  77  75  71  59  43  34  33  33  32  29  30  31  26
  22  23  24  18  18  18  19  20  20  17  17  18  20  19  19  18  17  17
  17  17  16  16  16  16  17  19  18  16  13  14  15  16  15  14  14  15
  13  13  13  13  14  15  13  12  13  14  15  14  13  12  12  13  17  18
  15  72 114 107 105 101  96  92  71  58  51  49  40  39  37  40  38  39
  60  65  31  23  20  19  18  17  16  14  13  13  14  15  15  13  11  11
  11  11  11  11  12   7  18  56  89  89  87  79  66  56  54  51  46  45
  45  42  35  35  33  26  25  46  76  33  20  20  17  16  21  24  23  30
  40  50  56  59  59  58  54  52  51  49  47  48  52  54  50  48  48  46
  45  46  45  48  63  83  80  69  64  65  65  68  64  65  65  66  66  65
  68  29]","[ 31  27  81  75  82  87  94  93  91  94  93  88  91  93  97  98  94  95
  96  93  90  89  89  87  82  81  78  75  74  74  69  62  57  52  49  47
  43  39  32  22  18  18  21  24  22  18  19  22  22  23  24  25  23  20
  18  18  21  20  19  19  21  22  20  18  15  15  15  16  17  16  16  16
  15  14  14  16  17  16  15  14  13  14  13  12  10  10  11  13  15  15
  22  72 112 106 101 102  95  85  71  60  48  45  39  36  38  38  38  42
  59  57  23  18  20  20  20  19  18  16  16  17  15  16  16  15  14  12
  11  10  10  12  12   9  21  75  88  90  86  77  64  54  51  49  47  45
  42  39  31  31  31  29  29  51  74  26  20  22  20  17  23  28  27  40
  55  59  58  56  56  55  54  51  50  49  49  51  53  53  50  45  44  42
  41  43  43  46  56  84  94  67  62  61  63  65  66  65  64  67  66  63
  66  30]","[ 29  29  78  76  81  81  85  80  80  83  86  83  88  90  92  88  82  87
  93  95  96  95  95  95  92  90  85  81  81  83  84  83  81  73  71  75
  73  68  66  67  63  56  52  51  45  34  28  27  23  22  21  20  20  21
  26  32  28  24  20  21  23  22  21  20  19  19  19  19  19  18  17  16
  17  16  16  17  18  17  15  15  15  15  14  12  11  11  13  14  15  15
  31  74 113 105  97  99  91  76  68  57  44  39  37  33  37  37  39  47
  60  54  18  13  16  17  17  18  17  16  17  19  16  18  19  19  18  16
  13  11  11  16  14  13  27  81  91  86  86  75  63  56  51  50  49  47
  40  42  36  33  35  38  41  59  65  21  20  22  23  22  30  37  45  55
  63  59  55  52  53  52  51  49  49  50  51  53  54  53  49  42  40  38
  37  40  43  47  48  78 104  66  63  61  64  63  67  65  64  67  65  61
  64  28]","[ 28  29  75  74  77  80  82  79  80  79  80  80  80  83  85  82  77  81
  86  90  92  90  88  88  84  85  86  87  86  86  90  94  95  92  90  89
  84  76  77  86  85  78  71  67  62  56  50  47  53  50  45  38  30  26
  29  35  34  26  20  21  23  23  23  24  22  22  23  23  22  21  20  20
  19  18  17  18  17  16  15  15  16  16  16  15  14  14  15  16  17  18
  36  74 115 106  97  95  87  74  67  51  46  41  40  38  38  38  40  47
  61  57  21  12  14  15  16  16  14  13  14  16  15  17  18  18  16  15
  14  14  14  18  16  15  51  88  89  83  83  69  59  54  47  48  49  43
  39  41  38  36  35  39  45  66  56  21  21  24  29  32  42  52  57  58
  60  54  54  52  54  53  49  48  51  53  54  55  56  54  50  42  41  40
  39  42  45  47  44  70 108  68  66  65  66  65  66  65  66  67  66  63
  65  28]","[ 30  28  75  73  75  80  80  80  77  75  78  84  79  83  84  83  84  82
  80  81  82  81  79  81  83  81  82  86  86  84  85  88  86  91  92  89
  86  82  80  85  84  87  86  81  75  74  77  81  76  79  83  80  70  58
  51  51  48  36  26  24  23  19  20  21  23  23  25  26  25  23  23  24
  22  20  19  18  17  15  15  16  16  16  16  16  16  15  15  16  17  18
  35  70 116 107 102  96  85  74  65  45  46  41  40  40  41  40  41  44
  60  60  24  12  15  16  17  16  13  11  12  13  13  14  14  12  10  11
  13  15  15  15  18  16  79  99  85  86  83  66  57  53  46  48  50  42
  41  39  37  39  36  35  45  73  49  22  22  27  34  41  55  67  61  58
  59  57  58  53  52  50  50  51  55  58  57  57  57  55  53  46  46  46
  43  44  44  44  45  67 109  69  66  67  65  66  65  67  68  69  69  67
  70  31]","[ 30  29  74  75  76  76  76  75  75  75  76  77  78  80  81  82  81  81
  81  81  79  77  76  77  75  79  80  80  80  80  80  83  79  75  80  81
  81  81  80  86  87  88  86  85  87  88  87  87  83  82  80  78  75  73
  72  73  74  68  67  68  64  56  47  40  34  30  32  30  31  24  20  22
  20  22  22  22  19  18  20  17  17  16  17  18  13  17  17  16  15  18
  35  74 114 109 105  95  81  76  58  52  49  44  39  41  40  40  38  40
  54  58  22  10  13  12  13  15  14  12  10  10  12  13  13  12  11  11
  13  14  12  17  10  33  98  96  85  79  74  66  58  52  49  47  42  36
  38  38  37  37  30  33  54  73  34  19  24  36  42  52  59  58  57  51
  50  56  58  53  49  51  51  52  53  55  57  58  57  55  52  49  47  46
  44  43  43  42  40  59  98  63  63  65  66  69  68  72  72  71  71  71
  72  29]","[ 30  29  74  75  77  76  75  74  76  76  76  75  75  76  76  77  80  80
  80  80  78  74  73  73  72  76  76  75  75  75  73  73  75  73  77  78
  74  70  73  82  81  82  81  81  83  84  83  84  82  82  82  83  84  83
  81  79  81  77  75  77  78  75  73  72  68  65  69  67  66  53  41  37
  28  29  29  28  25  22  24  21  20  16  16  22  19  19  17  15  21  21
  28  70 115 110 101  90  81  76  57  51  50  48  41  39  37  40  40  41
  57  65  25  13  12  12  12  13  13  11  10  10   9  11  12  10   9  10
  12  13  12  15  12  37  97  96  85  72  67  62  57  54  50  46  41  35
  34  39  40  40  35  41  64  68  25  22  36  51  55  57  57  56  55  51
  51  56  57  54  54  57  54  54  54  55  56  57  56  54  52  50  48  46
  44  42  43  47  48  65  93  62  62  65  67  68  71  74  73  72  72  72
  73  30]","[ 29  27  73  76  78  78  76  74  75  76  75  75  74  73  74  74  81  80
  80  80  78  75  74  76  74  76  75  73  75  76  75  74  70  67  65  70
  73  72  75  79  73  76  78  80  82  82  82  85  84  82  80  81  83  84
  83  82  88  84  80  82  86  86  88  95  89  84  84  81  81  73  66  65
  75  73  67  59  46  35  29  22  14  11  14  23  21  19  20  24  24  23
  24  73 120 115 101  87  81  77  60  52  49  47  41  37  37  40  42  39
  57  68  25  14  13  12  12  13  13  12  11  11   9  11  12  11  10  10
  12  13  14  14  18  52  97  97  88  72  67  62  58  55  50  46  41  36
  37  41  40  41  38  45  74  65  37  42  55  61  60  58  56  57  53  52
  53  56  57  56  56  59  56  55  54  53  54  54  54  53  50  50  48  47
  47  42  42  49  54  71  87  64  64  68  71  70  74  75  73  71  72  73
  74  29]","[ 28  27  74  77  80  79  77  75  75  75  75  75  74  74  75  77  78  76
  76  76  76  74  75  78  73  72  70  70  74  75  77  79  77  72  64  69
  75  75  77  73  65  70  73  75  76  75  75  78  83  81  79  79  80  80
  80  80  80  78  73  74  81  83  86  95  93  88  86  80  80  77  76  80
  79  80  79  78  75  71  69  63  61  58  56  56  42  29  22  24  23  24
  30  83 125 121 108  92  79  77  63  54  46  43  40  39  41  41  41  37
  55  67  23  15  15  14  14  14  14  14  13  13  11  13  14  13  12  12
  13  13  13  11  25  72  96  95  87  76  69  62  57  53  49  46  44  41
  42  40  37  40  39  43  77  61  56  63  66  58  53  54  54  55  53  54
  56  58  58  56  56  56  57  56  54  53  51  51  51  52  49  50  49  50
  51  45  41  48  54  72  78  66  66  69  71  69  72  74  73  71  72  73
  73  29]","[ 30  30  76  79  80  79  77  74  75  75  75  74  74  74  76  78  76  75
  76  76  77  76  77  79  71  69  68  71  73  72  75  81  81  81  73  72
  72  73  75  71  69  72  74  74  73  71  71  75  72  73  75  77  77  76
  75  75  74  73  67  68  74  74  74  79  80  80  85  81  81  76  75  79
  86  85  83  84  82  80  79  74  77  78  78  80  73  64  55  54  54  51
  55  95 119 111 102  85  80  76  62  56  46  42  41  43  42  39  40  37
  55  66  23  18  15  15  15  15  16  15  15  14  13  13  13  13  13  13
  12  11  13  10  34  90  98  96  83  78  64  58  53  51  49  48  46  42
  40  39  37  40  40  47  77  59  61  62  59  51  48  49  49  52  56  56
  57  58  58  57  56  55  60  59  58  55  51  49  50  52  51  51  49  51
  54  47  42  47  55  74  76  71  71  70  70  67  69  72  73  72  72  72
  73  29]","[ 29  29  77  79  80  78  77  75  74  74  74  73  72  73  74  75  77  78
  79  79  79  79  77  75  73  72  73  75  76  72  72  78  76  78  75  71
  69  71  73  71  68  69  68  66  65  64  67  72  67  68  70  71  71  71
  71  73  73  73  69  68  72  71  68  68  64  67  75  73  75  72  73  79
  82  81  78  79  80  81  83  80  78  82  82  82  77  72  68  70  79  73
  74  97 114 110 105  92  85  77  62  57  48  44  42  42  41  36  38  39
  54  64  25  17  16  16  16  16  16  16  15  14  15  15  14  14  13  14
  12  11  12  11  45  97  98  98  80  77  61  56  53  51  50  48  45  39
  40  41  41  39  42  56  79  63  59  53  50  50  50  48  47  55  58  57
  57  56  57  58  59  58  64  63  61  59  54  50  49  51  52  50  47  48
  51  47  44  47  55  74  74  73  75  71  71  68  67  71  73  73  72  72
  73  30]","[ 28  29  77  78  78  75  74  74  74  74  73  73  72  72  72  72  76  77
  77  75  75  76  74  69  72  74  75  76  75  72  72  75  78  75  74  71
  70  71  70  69  70  70  68  67  66  66  69  75  73  70  68  68  69  71
  72  73  66  67  68  68  71  74  72  70  66  65  68  64  66  66  70  76
  74  74  72  73  71  72  75  72  74  80  80  81  77  75  76  84  89  85
  83  95 118 115 104  92  88  79  63  58  51  49  45  41  38  36  37  40
  53  65  31  18  19  18  18  17  17  18  18  16  17  17  17  16  15  15
  14  14  14  18  62  92  88  89  74  71  63  60  56  51  48  48  45  40
  43  43  45  41  46  62  73  65  57  50  49  51  52  50  51  59  58  57
  56  56  57  58  59  60  64  62  60  59  57  52  50  51  52  48  45  46
  47  46  45  46  54  70  68  67  71  67  67  66  66  71  73  73  72  72
  73  30]","[ 29  30  78  78  75  71  70  69  73  73  73  73  73  73  72  72  77  78
  76  72  73  76  74  69  71  75  76  75  75  76  76  78  78  73  75  74
  74  74  71  75  72  71  69  69  68  66  67  72  71  67  65  67  70  72
  70  68  62  64  66  67  68  72  72  68  67  66  67  63  66  65  66  69
  67  69  69  69  65  63  65  62  68  72  73  77  76  74  70  76  81  81
  82  91 125 123 102  90  85  79  65  59  52  52  51  45  37  36  38  42
  55  70  42  26  21  21  20  18  19  20  20  18  17  19  19  18  16  15
  16  17  25  34  82  90  81  80  70  69  65  62  56  48  44  48  49  46
  43  41  46  47  52  63  61  60  52  49  51  51  50  52  54  58  57  57
  57  57  57  57  57  59  61  58  57  58  58  54  52  51  50  47  46  46
  45  46  47  46  60  72  68  64  69  65  65  65  66  70  72  72  72  72
  73  29]","[ 30  28  74  79  76  74  66  66  74  76  75  72  73  76  75  71  72  76
  74  75  71  72  75  75  77  76  76  76  76  75  76  78  76  75  74  75
  74  73  73  75  74  69  67  71  72  69  66  66  69  69  70  71  70  67
  67  69  61  64  66  66  69  73  72  69  69  66  64  64  65  66  67  68
  65  64  66  68  65  66  57  58  61  65  70  70  68  69  70  69  71  76
  71  98 117 119 108  92  83  80  65  58  53  51  55  45  39  37  39  44
  52  66  67  45  43  40  39  32  29  30  27  27  26  23  23  19  17  19
  19  19  24  45  92  86  80  75  73  65  64  58  52  48  47  46  48  49
  45  39  45  49  56  64  60  55  51  51  51  52  52  53  55  57  59  57
  56  58  58  56  56  60  64  58  58  63  62  57  53  51  47  47  47  45
  47  46  43  48  63  73  68  68  68  63  66  67  65  67  69  71  71  72
  73  29]","[ 29  28  76  79  77  77  71  73  80  81  81  77  73  71  69  67  73  74
  70  74  72  73  75  77  76  75  75  76  76  75  75  75  75  74  74  74
  73  72  74  75  73  73  74  76  74  70  68  69  72  73  73  71  68  66
  67  70  67  69  71  72  72  70  69  68  64  63  63  63  64  65  66  66
  67  64  64  66  63  66  61  64  64  63  64  66  65  64  64  64  67  76
  71  93 113 114 107  87  80  76  64  56  49  45  48  44  39  38  36  40
  47  70  75  64  67  63  59  53  54  57  49  41  38  32  29  25  22  23
  23  25  31  71 100  84  74  74  75  66  61  56  51  49  48  47  47  48
  48  46  50  52  58  64  57  50  49  50  52  53  53  53  52  52  58  58
  59  60  59  57  60  64  68  67  67  66  61  56  52  48  46  46  46  44
  45  46  45  52  65  72  67  68  72  69  72  72  70  71  72  73  72  73
  74  28]","[ 28  29  78  79  77  78  73  73  75  78  81  81  77  74  73  74  74  72
  67  73  73  74  75  77  74  74  74  74  74  74  73  71  74  74  74  73
  73  72  74  76  75  76  77  78  76  73  72  72  72  74  74  70  66  65
  68  70  69  69  72  75  73  67  65  67  62  63  63  62  63  66  67  66
  67  64  61  60  59  63  63  67  63  58  58  63  64  62  62  64  64  73
  71  92 116 115 113  92  80  73  64  55  45  41  43  44  40  40  38  40
  46  71  73  71  70  68  66  63  69  75  68  58  56  50  49  46  41  36
  33  36  49  89  91  81  75  73  70  66  60  55  52  51  52  50  48  47
  49  49  52  54  62  65  56  49  48  50  52  55  56  54  52  50  55  58
  61  61  59  59  64  68  72  72  70  64  58  56  52  46  46  46  45  43
  45  47  49  58  71  75  68  69  73  72  73  73  72  73  73  73  73  75
  75  29]","[ 28  29  77  75  75  78  76  75  75  78  81  82  80  76  74  73  75  72
  67  73  74  75  75  77  75  76  74  72  72  73  73  72  74  75  75  75
  73  73  74  76  77  76  75  74  73  74  74  73  71  74  75  72  69  69
  71  71  66  66  68  73  73  69  67  70  63  64  63  61  62  65  67  66
  63  63  60  57  56  59  61  63  61  56  58  63  65  64  64  66  66  68
  71  92 118 113 109  93  83  73  65  54  44  42  43  46  42  42  40  40
  46  67  63  64  65  65  65  63  65  69  67  63  63  61  61  61  59  55
  53  57  72  96  85  83  81  75  68  68  62  57  54  54  55  53  50  48
  48  48  49  54  63  63  54  51  49  51  53  55  56  56  54  51  53  58
  62  61  60  61  66  69  72  71  67  60  56  57  56  49  48  46  45  43
  45  48  50  60  75  76  70  70  71  70  71  71  74  74  73  73  74  76
  76  29]","[ 30  29  75  71  74  81  83  82  78  80  80  80  80  78  74  69  73  73
  70  75  75  77  78  78  79  79  77  74  72  74  76  76  75  77  77  76
  74  73  74  75  76  76  75  72  72  73  73  73  73  75  76  74  73  74
  74  73  67  67  68  71  74  74  73  73  64  65  65  63  64  65  65  63
  61  64  64  59  59  60  63  60  62  61  63  65  64  64  65  65  67  64
  71  88 117 114 107  95  84  75  67  56  49  47  46  46  43  40  40  36
  47  63  60  60  59  61  61  61  59  57  59  60  63  63  62  59  59  60
  61  68  82  98  91  84  79  74  69  66  63  59  55  55  55  54  51  50
  49  47  46  54  62  57  52  52  53  53  53  54  55  57  57  55  55  60
  63  62  62  64  66  67  70  69  67  61  56  57  57  54  50  48  46  44
  46  47  50  59  72  74  72  72  71  70  72  74  76  76  75  74  75  77
  76  28]","[ 29  28  77  74  79  84  85  82  78  78  78  79  82  84  80  75  73  74
  72  77  77  80  81  82  82  82  81  77  75  76  78  80  77  78  78  76
  74  73  74  74  75  78  79  77  73  72  73  74  76  75  74  73  73  73
  72  71  69  70  70  72  74  75  74  73  68  69  69  69  69  68  65  62
  62  66  69  66  65  62  65  63  63  63  64  63  61  63  65  63  64  64
  69  84 113 117 112  98  85  78  70  63  56  52  49  46  42  40  41  39
  50  61  59  58  54  55  55  58  57  53  55  56  59  61  60  55  55  56
  58  68  83  91  90  80  73  70  68  64  64  60  57  56  56  54  52  51
  47  44  45  56  61  54  52  54  57  56  55  54  55  58  59  58  59  62
  63  63  64  65  66  66  67  69  69  63  55  53  54  54  51  49  48  46
  47  47  50  61  71  72  75  75  73  72  73  76  75  76  75  74  75  78
  77  28]","[ 28  29  80  77  82  83  83  79  80  79  78  80  83  83  82  80  76  76
  73  80  79  80  82  84  83  83  82  81  80  79  79  81  79  79  78  75
  74  74  75  75  75  77  79  79  76  73  74  75  74  73  72  73  73  72
  69  68  69  71  73  73  72  72  71  71  72  71  71  72  72  70  66  63
  64  66  68  69  67  58  62  63  61  60  60  60  60  63  63  59  60  65
  66  86 113 113 112  96  88  82  72  67  59  50  50  48  43  44  44  47
  52  59  57  54  57  58  55  58  56  52  53  51  51  53  54  52  54  55
  60  74  87  88  82  77  70  67  68  65  62  60  57  56  55  52  50  50
  44  42  46  58  60  52  52  53  56  56  55  54  56  58  59  58  59  60
  61  62  64  66  67  67  66  68  68  60  52  50  50  48  48  48  50  49
  49  49  54  67  71  71  76  78  76  74  74  75  75  76  75  74  75  79
  79  30]","[ 30  29  80  75  79  81  83  83  81  78  77  80  82  81  81  82  81  78
  74  81  81  79  80  84  83  82  82  84  83  80  79  79  81  81  79  75
  74  75  76  76  74  74  74  75  76  74  74  74  72  71  73  76  76  73
  70  68  68  71  75  76  73  69  69  71  73  70  69  70  70  68  65  63
  65  64  65  68  65  51  56  61  59  57  57  60  61  62  59  54  57  65
  63  95 122 115 119 103  90  83  71  68  57  45  49  49  45  48  45  51
  48  56  56  55  55  57  53  54  53  50  52  49  50  50  49  48  50  52
  60  79  87  92  78  72  63  62  64  62  60  58  57  55  53  49  47  46
  42  42  48  61  59  51  51  49  51  53  53  53  55  57  58  56  57  57
  58  60  62  65  67  68  68  67  63  54  49  50  50  44  44  47  51  51
  51  52  59  74  70  69  74  78  78  77  75  74  79  79  78  75  76  79
  79  30]","[ 29  29  80  75  77  81  84  82  81  77  75  79  83  82  80  82  80  81
  79  84  83  77  80  82  84  79  82  83  85  86  80  80  80  81  79  77
  77  78  78  75  73  76  78  78  75  75  75  76  73  74  77  79  78  77
  74  71  70  72  77  78  74  71  71  71  72  65  67  73  69  65  64  61
  65  63  63  65  65  63  64  66  62  57  57  61  65  65  62  58  61  65
  60  93 122 117 113 104  91  83  79  69  57  53  50  48  49  45  45  45
  47  53  57  55  54  58  57  54  54  52  49  49  47  50  49  50  53  58
  69  77  81  82  80  72  66  66  64  59  58  58  57  55  53  51  47  43
  43  45  57  68  67  46  51  51  51  53  54  55  57  59  60  60  61  59
  56  57  61  67  69  69  70  67  59  51  51  51  47  43  41  47  45  49
  48  51  70  76  74  71  78  78  74  75  74  71  77  78  76  78  79  80
  81  28]","[ 29  30  80  74  76  79  80  75  85  81  77  78  83  85  82  81  80  82
  83  87  85  80  82  83  84  79  81  84  86  87  83  86  84  82  78  77
  80  83  81  77  75  78  81  81  79  78  79  80  76  79  81  78  73  74
  76  75  74  76  80  81  78  76  75  73  71  66  69  74  71  67  65  61
  60  59  59  62  64  65  66  67  64  64  67  68  64  63  64  65  65  68
  62  94 126 120 116 109 100  90  81  67  56  54  53  52  49  46  45  45
  45  51  55  53  51  54  55  53  52  50  48  48  47  51  52  51  52  59
  71  75  77  78  77  72  66  64  62  57  57  57  57  56  54  52  48  44
  44  50  66  73  67  51  53  53  54  54  54  55  57  59  60  60  61  61
  62  62  63  65  66  67  66  64  57  50  50  49  47  45  43  45  44  45
  49  52  69  74  75  71  76  74  70  73  74  73  75  78  79  79  77  76
  78  29]","[ 28  29  81  76  77  80  80  75  88  87  82  78  81  84  82  79  82  86
  87  88  86  83  85  86  84  81  83  86  88  87  85  88  87  84  81  80
  82  85  83  80  76  79  82  82  80  79  80  80  80  82  81  77  73  76
  79  77  77  79  81  81  79  79  79  75  73  70  72  74  72  70  69  64
  62  61  59  61  64  66  67  66  65  66  68  67  63  62  64  66  67  69
  65  92 126 116 113 110  96  89  82  71  61  60  56  52  48  45  44  44
  45  50  55  53  50  51  54  55  52  49  48  47  48  53  54  53  52  60
  73  74  76  74  73  71  67  64  61  58  57  56  56  54  53  52  49  47
  45  51  65  65  53  47  50  52  55  54  54  56  58  59  59  58  59  60
  63  66  67  65  64  65  60  58  53  49  48  47  44  44  44  42  42  42
  50  58  70  74  75  72  73  71  68  72  75  75  75  78  79  80  77  75
  77  29]","[ 28  29  82  79  80  80  80  79  85  89  88  83  82  83  82  82  85  88
  88  87  85  85  87  88  85  84  86  88  88  87  86  87  88  87  86  83
  81  81  82  82  79  81  81  80  79  79  79  80  84  84  83  81  78  80
  80  78  79  80  80  78  76  79  81  79  76  74  74  73  72  73  73  70
  71  69  65  63  63  65  66  65  64  63  64  64  63  63  65  65  66  67
  63  89 127 114 108 105  98  89  81  69  59  58  54  48  44  41  42  44
  46  53  57  55  54  52  55  56  52  49  49  48  45  47  51  53  53  64
  78  78  77  72  69  68  65  62  61  59  58  56  54  52  51  51  51  51
  48  52  65  60  45  45  48  54  54  54  56  58  60  59  58  57  58  58
  61  68  71  69  65  63  59  57  53  51  51  48  45  45  44  43  42  42
  52  70  73  74  74  73  74  73  70  73  75  75  76  76  76  80  80  79
  79  29]","[ 30  29  83  82  81  77  78  80  81  85  87  87  87  86  85  86  85  86
  87  86  85  87  87  87  85  87  88  88  88  88  88  86  87  88  88  85
  81  79  80  81  82  82  82  80  79  81  83  84  85  86  88  87  81  79
  80  81  80  81  81  78  76  79  82  80  77  77  75  73  72  75  76  74
  73  73  71  68  66  66  66  66  65  65  66  65  63  64  65  64  65  65
  63  91 131 119 109 105  98  89  81  69  59  58  52  46  41  39  41  45
  48  55  59  56  57  53  54  55  52  51  53  52  47  46  48  53  56  65
  77  77  76  70  67  66  64  61  60  58  58  55  52  50  49  50  51  52
  51  54  67  62  48  48  46  52  56  56  57  59  60  59  58  58  59  59
  63  70  73  70  66  64  59  56  51  48  49  47  45  45  45  46  43  45
  56  79  75  74  74  75  75  75  73  73  74  73  76  76  75  80  82  82
  81  29]","[ 30  28  83  83  82  77  78  81  80  82  84  87  90  87  84  84  83  83
  86  86  87  88  86  86  85  87  86  87  87  88  90  88  86  87  87  86
  84  82  81  80  81  81  81  80  80  83  86  88  85  82  83  84  83  81
  83  84  81  82  83  81  79  80  82  80  76  77  76  73  74  75  75  73
  70  72  74  74  73  71  70  70  71  68  66  65  65  66  64  59  66  71
  73  99 130 118 109 108  98  88  82  73  65  61  55  49  42  40  42  46
  49  56  60  58  58  55  53  54  54  55  57  56  53  50  50  56  60  67
  76  76  75  71  68  67  65  63  61  56  53  52  50  49  48  48  48  49
  51  55  66  59  50  48  46  51  58  57  56  57  57  57  58  61  62  64
  69  73  72  67  64  64  60  56  49  45  46  46  46  46  47  49  46  50
  63  83  75  72  75  77  76  75  74  73  74  73  75  78  79  81  81  81
  81  30]","[ 28  29  83  82  82  79  80  80  81  82  83  85  87  85  81  80  82  82
  87  86  86  87  84  86  84  84  82  87  88  86  88  87  85  86  87  89
  88  86  83  81  82  82  81  81  82  84  86  87  84  79  77  80  82  85
  86  85  82  82  83  83  81  81  82  80  77  78  77  74  75  75  74  73
  72  73  77  79  78  75  74  74  75  70  67  66  67  68  66  60  69  76
  80 103 124 114 107 107 104  91  81  71  63  60  57  54  47  45  47  47
  48  54  61  61  60  58  54  53  56  59  58  57  53  53  52  57  65  72
  78  77  74  72  69  65  63  64  61  55  51  49  48  48  47  47  47  49
  52  58  66  55  53  49  51  57  60  57  55  55  57  58  61  64  64  68
  72  74  72  68  64  62  60  59  53  47  48  50  49  49  48  48  49  55
  73  82  77  73  75  78  75  75  75  74  76  76  76  81  82  82  81  82
  82  29]","[ 29  30  84  81  81  80  80  76  79  82  84  84  84  82  81  82  84  83
  87  86  85  85  83  87  83  81  80  88  90  83  83  83  84  86  90  92
  90  87  84  84  84  84  84  84  84  85  86  86  82  81  80  80  80  84
  86  85  84  82  82  82  82  83  83  81  79  80  77  75  75  75  73  73
  77  77  78  80  79  75  73  75  74  74  74  72  69  69  71  69  73  75
  76 100 121 116 107 103  95  83  78  73  66  62  57  54  52  50  51  49
  47  53  62  65  62  61  55  52  58  60  56  54  57  60  57  58  65  71
  74  70  72  70  66  60  58  62  60  53  52  49  47  47  47  47  49  51
  48  59  66  53  55  52  55  60  60  56  55  57  60  62  64  67  66  69
  72  75  76  73  67  62  55  57  53  48  48  50  49  48  47  46  50  57
  81  81  80  75  73  77  75  76  77  75  78  78  79  82  82  82  82  85
  83  28]","[ 28  30  84  81  80  78  79  79  79  81  83  83  82  82  84  86  86  83
  80  83  84  82  84  81  81  83  86  88  87  86  85  85  84  87  89  89
  87  87  88  90  91  88  85  85  87  88  88  88  83  82  81  80  81  83
  85  88  84  83  81  81  82  83  85  86  81  81  80  80  80  79  79  80
  81  80  79  80  80  77  74  74  77  76  75  75  73  72  72  74  76  77
  76 101 125 119 111 105  99  86  79  75  66  58  55  50  50  51  52  50
  48  50  59  67  63  59  57  60  59  56  56  58  59  59  59  64  66  69
  71  67  65  63  59  55  53  54  54  54  52  43  47  46  47  50  48  47
  59  66  68  54  56  59  60  65  58  59  56  55  63  61  64  66  70  71
  74  76  75  72  68  65  56  53  52  51  50  51  50  47  47  49  53  59
  71  79  77  79  79  76  74  75  77  78  80  82  83  86  83  83  77  83
  82  28]","[ 29  29  83  81  79  77  79  80  82  82  83  84  83  81  83  87  86  85
  84  86  84  82  84  83  84  85  86  87  87  87  86  86  85  86  87  87
  88  89  88  88  90  88  88  88  89  88  87  86  87  85  83  82  84  86
  86  85  83  82  81  81  82  83  85  87  86  84  82  81  81  81  82  83
  81  80  80  80  80  78  76  76  78  76  75  75  74  73  73  74  72  74
  78 104 124 121 108 100  92  80  75  73  65  57  52  47  47  50  51  48
  45  48  57  65  62  59  59  61  62  60  60  62  61  62  62  65  66  65
  66  61  60  63  62  58  55  54  53  51  52  47  51  50  46  45  46  49
  58  70  69  57  55  61  59  59  56  57  56  60  63  59  64  71  77  77
  77  76  74  70  67  65  60  57  54  51  48  49  50  49  49  50  55  63
  74  80  78  79  80  77  76  76  77  79  81  83  85  86  82  82  77  82
  82  29]","[ 30  29  83  81  79  76  78  81  85  82  83  86  85  82  83  87  87  85
  84  89  90  89  90  87  88  87  86  86  86  87  87  86  87  87  87  87
  88  89  89  88  90  89  89  90  89  87  86  85  89  89  87  85  85  87
  87  85  83  82  81  81  82  83  85  87  89  86  83  81  81  81  83  84
  82  81  80  81  80  79  78  78  78  76  75  76  76  75  73  72  71  72
  77 105 119 119 107  98  93  81  76  73  65  56  50  47  45  49  50  47
  44  46  53  60  62  61  62  63  64  64  64  65  64  63  62  63  62  63
  66  63  60  62  60  56  54  54  55  54  54  52  51  50  44  41  42  48
  62  72  65  58  54  58  57  56  57  56  54  58  56  57  66  73  81  79
  77  74  71  67  65  65  62  59  56  53  49  49  51  52  52  51  60  71
  78  81  79  79  81  79  77  77  78  80  82  84  85  84  80  81  77  81
  81  29]","[ 30  29  84  84  81  77  79  82  83  81  82  86  87  84  83  84  87  88
  89  94  95  94  94  91  89  87  86  85  85  86  87  87  89  89  89  87
  86  87  89  91  90  89  89  88  88  87  85  85  88  92  92  88  85  86
  87  87  84  83  82  81  81  82  85  88  89  86  82  81  81  83  84  86
  83  82  81  80  79  79  78  79  77  76  77  79  80  78  75  72  74  73
  75 110 120 115 108 100  98  87  79  74  64  54  50  49  47  48  48  47
  44  44  50  57  63  64  64  65  65  65  64  62  64  63  62  62  62  63
  67  65  61  58  54  53  55  57  57  56  55  55  50  49  44  41  40  47
  69  69  58  57  54  51  53  57  60  58  53  54  50  60  71  73  78  77
  74  71  68  65  64  64  61  58  56  53  49  50  52  53  52  52  64  76
  79  80  79  79  82  81  80  79  79  80  82  84  82  81  79  81  80  81
  81  28]","[ 30  30  85  86  85  80  82  84  82  82  82  83  84  84  82  81  83  88
  92  95  90  86  88  87  87  87  86  86  85  86  88  89  91  91  88  85
  84  86  89  91  90  89  87  88  88  87  86  85  87  91  93  90  88  88
  87  85  85  84  83  82  81  82  86  90  88  85  83  83  84  86  87  88
  83  82  81  80  79  79  79  79  78  79  80  81  82  81  78  76  76  74
  74 117 125 114 111 102  95  88  80  73  62  53  50  52  53  48  46  46
  44  42  48  58  63  64  65  65  65  64  62  59  62  63  63  65  64  63
  65  61  57  52  52  55  58  56  54  54  54  55  50  48  44  43  42  54
  74  65  54  54  54  47  53  57  62  61  58  60  55  66  77  77  77  76
  75  72  68  65  64  64  61  57  54  51  48  49  51  53  50  53  67  77
  77  77  77  79  82  82  81  81  80  81  82  82  83  81  80  81  82  82
  83  29]","[ 29  29  84  85  85  82  84  85  86  84  82  81  82  83  83  82  86  89
  91  93  90  87  89  86  85  86  87  87  87  88  90  93  94  91  87  84
  86  88  90  89  89  88  88  89  90  89  87  85  87  90  91  92  93  92
  87  82  84  84  84  82  80  81  84  88  85  84  83  84  85  86  86  87
  84  85  84  83  83  83  83  82  81  81  81  80  80  81  81  80  78  76
  76 114 124 114 114 106  89  85  79  72  63  55  54  56  56  49  44  44
  42  41  48  58  64  65  66  66  67  66  64  61  64  64  62  64  64  64
  65  61  54  52  53  56  55  51  50  52  48  51  50  48  43  43  43  67
  76  66  58  55  57  54  58  58  60  61  65  71  67  71  80  81  79  79
  78  76  71  67  65  65  65  59  54  51  48  48  50  52  50  58  73  78
  77  77  77  80  82  82  82  81  81  82  82  81  85  83  81  80  81  82
  84  30]","[ 30  28  82  81  83  84  86  86  89  85  82  82  83  82  83  84  84  81
  79  82  85  87  87  82  86  87  88  87  87  89  91  94  94  91  87  86
  88  90  90  89  89  88  88  88  88  88  87  87  88  88  89  92  94  94
  89  84  85  86  87  85  82  81  83  87  84  83  83  83  84  84  85  86
  86  87  87  86  85  85  85  84  83  82  80  79  79  81  81  79  81  80
  82 105 118 117 114 106  89  87  81  72  64  59  56  57  55  50  46  43
  40  40  46  52  68  67  67  68  69  69  67  65  65  63  61  63  64  66
  69  65  57  56  54  53  51  49  49  50  45  44  46  48  42  41  40  77
  75  66  61  58  60  64  63  62  60  63  68  72  73  73  80  79  78  79
  78  76  71  67  65  65  65  60  56  53  49  47  49  50  53  66  79  80
  79  80  79  80  81  82  81  81  82  83  83  82  84  83  83  80  81  82
  85  30]","[ 30  29  81  79  83  85  88  88  88  83  81  83  84  81  81  84  87  83
  79  81  85  88  91  86  88  88  88  87  87  88  91  92  89  90  89  88
  88  89  89  89  89  88  87  86  86  86  87  89  87  87  88  90  92  92
  90  89  89  90  91  89  85  82  84  86  87  85  85  84  84  85  86  88
  86  88  88  87  85  85  84  82  83  83  81  80  81  82  80  77  81  83
  91 103 117 122 113 101  93  91  82  71  64  59  56  55  51  51  49  44
  40  39  43  46  72  69  67  68  70  69  67  66  65  64  62  65  68  69
  69  64  60  58  55  52  51  52  49  46  46  40  43  48  43  40  37  81
  74  64  59  59  60  69  65  67  64  66  68  66  71  75  81  74  76  76
  76  73  69  65  64  65  61  57  56  55  50  47  47  48  56  71  83  81
  81  82  79  80  81  81  81  80  82  84  84  83  83  84  85  82  84  84
  87  30]","[ 30  28  86  80  83  89  86  88  83  82  81  82  85  86  84  80  82  81
  91  87  89  90  88  88  91  88  88  89  88  89  90  90  89  87  86  88
  88  87  88  92  92  88  89  89  86  87  90  88  88  91  92  90  89  91
  94  95  91  92  93  92  89  86  86  87  89  86  83  83  86  87  87  87
  88  87  84  83  85  86  85  82  83  81  80  80  80  80  80  81  82  89
  85 100 117 119 114 103  96  89  80  68  61  58  54  52  51  52  51  46
  42  40  39  43  67  73  69  69  70  65  64  66  65  63  63  65  67  70
  70  67  60  58  55  54  53  51  50  50  47  40  43  47  39  39  49  75
  69  59  57  63  65  68  69  65  64  66  67  70  73  76  78  72  73  73
  75  73  68  65  64  63  57  53  55  56  55  54  51  50  58  72  80  81
  81  81  81  82  81  80  79  80  81  81  84  86  83  85  84  85  87  83
  84  30]","[ 29  28  85  81  83  86  86  88  87  84  82  82  85  88  87  84  88  86
  91  88  88  87  85  88  89  87  88  89  88  88  90  90  87  88  89  89
  89  89  89  90  90  90  93  92  87  87  90  90  91  93  94  92  90  90
  91  92  88  88  88  88  88  89  91  92  89  86  84  84  86  87  87  87
  87  85  82  82  86  88  87  84  84  83  82  82  81  80  81  82  83  85
  87 112 123 121 112  99  93  87  80  69  60  56  52  53  51  51  52  49
  44  40  40  48  62  72  71  69  71  68  67  66  65  61  62  65  67  70
  70  66  59  57  55  55  54  52  51  50  45  41  41  42  40  41  56  69
  63  59  61  64  61  61  64  65  66  65  65  71  75  77  79  76  71  70
  72  72  69  66  62  58  54  54  57  56  53  51  50  54  61  72  78  79
  81  81  80  81  77  78  79  80  79  79  80  82  84  85  84  86  89  86
  87  30]","[ 29  30  86  86  87  86  88  90  89  86  82  82  85  87  86  84  88  89
  87  87  86  83  81  86  89  88  89  89  87  87  88  88  86  90  92  91
  90  91  90  88  89  92  95  94  90  90  93  94  96  96  94  91  87  87
  90  94  91  89  88  89  90  91  92  93  89  87  86  86  87  87  88  88
  87  85  83  83  87  90  89  87  83  83  83  82  81  80  81  82  83  83
  88 118 124 122 111  95  88  81  75  65  58  54  49  48  49  49  52  50
  44  39  40  50  59  72  74  71  72  71  70  66  66  59  60  64  65  68
  69  65  60  58  56  56  56  54  52  51  48  46  43  42  46  51  69  69
  62  61  65  65  58  57  62  65  66  64  65  74  79  79  80  78  71  69
  69  71  70  67  62  56  53  55  55  52  51  49  49  57  71  77  80  79
  81  81  79  78  76  78  80  81  79  77  79  81  85  86  85  86  89  88
  88  28]","[ 29  30  85  87  89  87  90  91  90  87  84  84  85  87  85  83  85  90
  84  86  86  84  81  85  87  87  89  89  87  86  87  88  86  90  92  91
  89  89  89  88  91  90  92  94  94  93  94  96 100  97  94  91  89  90
  94  97  95  94  93  93  94  93  91  91  89  89  89  89  89  88  88  89
  89  89  88  87  88  90  90  89  85  84  83  83  82  82  83  84  82  86
  90 114 123 122 114  98  89  81  72  63  59  58  51  46  48  49  51  49
  43  38  39  48  59  71  75  73  72  71  70  66  65  58  59  63  61  63
  66  65  63  60  57  55  55  55  53  52  47  45  43  42  48  59  72  67
  66  64  64  64  61  61  64  66  64  65  69  78  82  81  81  78  74  71
  71  71  69  67  62  57  54  54  52  49  51  50  50  60  79  82  83  82
  82  82  80  77  80  81  82  82  81  80  81  83  84  86  86  86  89  89
  90  28]","[ 29  28  81  82  85  84  89  89  92  90  88  87  88  89  88  86  88  94
  87  87  88  90  86  87  84  84  87  89  87  87  88  89  87  88  90  89
  88  87  88  89  91  88  88  92  93  90  90  95  98  96  94  93  94  95
  96  97  96  95  95  95  95  93  92  91  92  92  92  92  91  89  88  88
  89  91  91  89  88  88  90  90  91  89  86  85  85  84  84  84  81  87
  91 109 126 120 115 104  90  82  71  58  55  58  53  47  48  49  50  46
  43  40  39  44  60  68  71  72  71  68  68  66  64  61  64  66  62  61
  65  65  65  61  56  53  52  52  52  51  47  43  42  43  49  65  67  65
  66  63  62  64  65  66  66  66  63  68  73  80  82  82  83  79  75  73
  73  72  68  64  62  58  56  55  52  50  53  54  56  68  82  83  84  84
  83  82  81  79  82  83  83  84  84  83  83  83  80  83  85  86  88  90
  93  30]","[ 30  28  81  80  82  84  87  89  92  91  88  87  88  89  90  90  92  95
  91  88  89  93  91  91  89  88  89  90  89  88  89  88  88  89  91  90
  88  87  90  93  92  91  91  92  91  86  87  94  95  94  92  90  91  94
  96  95  97  96  95  95  94  93  93  94  95  95  94  94  93  90  88  88
  88  90  91  90  88  89  90  91  93  91  88  87  86  84  82  81  80  84
  88 105 126 115 111 104  89  82  70  55  50  53  52  50  48  47  47  43
  41  41  38  41  63  67  69  72  71  68  70  69  64  66  70  72  69  66
  66  67  66  62  56  51  49  50  50  49  49  46  45  49  56  69  64  65
  59  60  61  64  66  66  66  65  63  71  76  78  79  82  84  79  72  72
  73  71  66  62  60  58  56  56  55  53  54  57  63  77  82  81  82  83
  81  81  81  79  81  81  82  83  85  85  84  82  80  81  84  86  87  89
  92  29]","[ 30  29  87  84  86  89  88  89  89  89  88  87  87  89  90  90  91  90
  93  88  90  93  92  93  94  91  91  92  91  90  89  87  89  92  94  92
  89  91  93  95  95  96  94  93  92  89  89  94  95  95  92  88  88  93
  96  96  98  97  96  95  95  94  94  95  97  95  94  93  93  91  90  89
  88  89  90  90  91  93  93  92  88  88  89  90  89  86  83  82  83  83
  85 102 119 112 111 101  88  80  70  59  54  55  54  54  49  45  43  39
  39  38  36  40  69  70  71  74  73  72  73  72  64  68  70  71  73  71
  68  68  66  62  57  52  50  50  51  50  48  47  45  50  62  68  63  63
  57  60  63  65  66  66  65  66  66  73  76  78  77  80  82  75  71  70
  70  68  63  61  60  59  57  53  54  53  53  57  65  78  80  77  79  81
  80  80  82  80  81  81  81  81  83  86  86  85  85  83  84  87  87  88
  91  27]","[ 28  29  92  89  90  93  88  88  88  89  90  90  89  89  89  89  88  85
  95  90  92  94  93  95  93  90  90  91  91  91  90  88  88  94  95  92
  90  93  95  95  96  98  94  92  95  95  93  93  94  98  97  92  92  96
  98  97  97  96  95  96  96  96  95  95  96  94  92  92  92  92  91  91
  90  90  89  91  95  98  96  93  82  86  90  94  93  91  89  88  89  87
  86  99 110 114 115 100  84  74  66  61  59  57  53  53  51  44  40  38
  38  36  34  40  74  75  75  76  74  74  75  72  62  66  65  65  71  71
  67  67  66  64  59  54  52  53  53  52  46  49  45  51  69  68  66  62
  61  63  64  65  66  66  65  66  68  74  77  78  78  78  78  71  72  69
  67  64  61  61  62  62  58  50  49  49  51  56  64  73  76  72  74  79
  80  83  87  86  83  83  81  80  82  86  89  90  88  84  85  88  89  91
  94  29]","[ 27  33  93  92  94  93  86  82  88  89  90  90  90  91  90  89  87  88
  90  92  94  96  94  92  91  88  90  94  94  91  87  86  90  94  96  94
  92  92  95  98  97  98  96  93  93  95  94  94  94  96  96  94  94  96
  97  96  98  96  95  95  95  94  94  95  94  93  90  89  90  92  92  90
  91  94  95  94  94  94  93  93  84  88  90  90  91  94  94  91  90  89
  93  97 114 117 118 106  87  76  63  58  60  58  54  52  46  48  46  45
  41  40  41  51  70  76  80  79  77  76  75  74  63  63  63  66  69  64
  60  65  61  61  60  59  57  54  51  50  49  50  48  56  73  68  67  66
  65  67  67  65  65  67  69  69  73  73  76  75  79  77  65  68  68  68
  68  64  60  61  63  63  58  50  47  47  47  56  68  72  76  76  78  81
  81  83  85  85  82  82  82  83  84  87  88  90  87  89  90  90  90  91
  93  29]","[ 29  31  89  89  92  90  85  84  89  90  91  91  91  90  89  89  86  88
  89  91  95  97  96  94  88  89  92  95  93  89  88  91  98  97  96  94
  94  95  95  94  97  98  96  94  96  97  96  96  93  95  95  93  94  96
  97  97  98  99  99  96  94  93  92  91  94  92  89  89  92  95  95  93
  95  97  96  94  94  94  94  94  88  91  93  92  91  91  91  89  91  90
  93 100 119 121 119 103  80  72  62  58  58  57  54  51  49  49  47  49
  48  46  45  56  72  76  79  80  80  80  76  73  65  62  63  65  65  63
  60  57  62  60  59  58  57  55  52  50  51  50  51  64  74  69  67  66
  66  68  69  67  66  67  69  72  74  74  77  76  80  78  65  67  68  68
  69  67  63  62  61  58  54  51  50  47  45  56  71  77  81  80  81  83
  83  83  84  82  85  85  85  86  87  89  91  92  90  91  91  91  91  93
  94  29]","[ 30  28  85  88  91  89  88  89  91  91  92  93  92  90  88  88  88  88
  89  90  93  97  98  97  93  95  96  96  95  90  89  95  99  98  96  96
  96  97  95  93  95  95  93  92  95  98  98  97  94  95  94  92  93  95
  97  97  98 100  98  92  89  93  96  95  95  92  89  91  94  96  96  95
  97  98  96  92  92  93  93  94  90  93  95  94  93  91  91  92  93  95
  94 101 117 119 120 105  89  77  65  57  54  57  59  56  50  49  47  48
  46  43  42  57  73  75  77  79  81  81  76  69  57  60  67  67  58  57
  60  57  56  55  56  57  58  57  54  52  49  45  52  71  72  67  65  65
  65  67  70  69  66  67  71  76  78  76  77  76  80  78  67  68  66  65
  67  67  65  63  59  55  54  53  52  48  50  66  80  83  82  80  81  83
  83  84  83  81  83  85  87  88  89  90  90  91  92  92  92  92  92  93
  94  29]","[ 29  27  86  89  91  90  90  93  94  93  93  94  93  91  88  87  90  90
  89  88  90  94  98  99  96  97  92  91  94  90  86  90  92  94  97  97
  97  96  95  94  95  94  90  89  94  97  97  97  97  96  94  93  94  96
  97  97  96  98  96  90  88  93  98  99  97  94  92  94  96  95  94  94
  96  96  94  91  93  94  93  93  94  94  96  97  95  93  94  97  96  98
  95 101 116 119 121 106  90  79  69  61  56  57  56  48  48  48  46  44
  40  38  39  59  74  74  75  77  79  79  72  65  56  58  63  64  60  59
  59  55  50  52  54  57  58  57  54  51  46  41  53  75  70  65  64  65
  64  66  68  69  68  68  74  80  82  78  77  76  79  77  69  70  66  65
  65  64  61  58  55  51  51  53  53  49  55  72  83  82  80  78  79  81
  81  82  82  80  80  83  87  89  90  89  88  87  92  93  93  92  91  91
  92  28]","[ 30  29  88  88  88  89  92  94  97  95  93  94  95  93  90  88  91  92
  91  88  88  91  95  97  95  94  89  88  94  92  88  91  89  92  96  97
  96  95  95  95  95  94  91  91  94  96  95  94  98  97  97  97  98  98
  97  95  94  96  97  95  93  93  95  97  98  97  96  97  97  95  94  94
  93  94  92  93  97  99  97  96  99  98  98  98  95  92  93  96  98  98
  94 102 118 124 122 105  95  83  72  61  52  53  56  52  47  48  47  43
  41  43  44  65  78  78  78  77  78  76  70  62  59  63  63  63  64  60
  55  55  51  53  55  56  55  53  50  48  46  42  58  77  69  65  65  66
  65  66  68  70  70  72  76  82  82  78  76  76  77  75  70  70  70  68
  66  63  57  53  50  48  50  55  57  55  61  74  82  80  81  80  80  81
  79  80  81  80  83  85  88  90  90  89  88  87  93  93  94  93  91  91
  93  29]","[ 29  29  90  88  86  90  96  97  97  95  93  93  95  96  94  91  92  94
  94  92  90  92  94  95  90  91  89  91  95  95  95  98  95  95  95  95
  95  95  95  94  95  95  94  94  97  95  92  90  96  96  98 100 102 101
  97  94  96  96  96  97  96  94  95  97  97  97  97  98  97  96  95  95
  92  93  93  95 100 103 101  99 100  98  97  97  95  92  93  96  99  98
  96 100 113 123 123 112  94  88  82  72  61  57  55  51  50  49  46  44
  46  47  45  67  81  82  82  80  78  74  67  61  59  66  67  65  65  60
  55  59  53  53  53  51  49  48  48  48  47  47  63  75  68  65  65  65
  65  67  70  73  75  76  79  82  79  77  76  76  75  73  69  68  72  69
  67  64  57  52  51  49  49  52  55  59  69  79  83  80  83  82  82  82
  81  82  83  83  88  89  89  89  89  89  90  91  94  94  95  94  93  94
  95  30]","[ 28  29  91  92  90  93  98  98  93  93  91  89  92  96  97  94  93  94
  94  92  92  93  95  95  87  88  90  92  94  94  96  98  98  97  96  95
  95  96  95  94  94  95  95  96  98  95  92  91  95  95  97 100 103 102
  98  96  97  96  96  97  97  96  97  99  95  96  96  96  96  96  96  95
  93  96  97  98 101 103 101 100  99  96  96  97  97  96  96  98 100 100
 100  99 106 120 123 121 101  91  78  67  61  58  57  57  53  49  47  46
  46  44  40  68  80  83  84  82  79  74  66  60  62  64  64  63  65  65
  60  55  53  52  50  48  47  47  48  49  47  53  69  71  68  66  65  64
  63  68  73  76  78  80  81  81  79  77  75  75  72  69  69  68  69  66
  63  59  54  51  51  52  47  46  48  58  73  81  83  82  84  83  83  84
  84  85  87  86  89  89  89  89  90  91  93  94  95  94  94  94  95  96
  96  30]","[ 30  30  94  97  94  94  95  93  89  90  89  86  89  95  97  96  92  92
  90  89  89  92  95  95  92  91  93  95  95  95  96  96  96  97  98  97
  96  96  96  97  94  95  95  96  97  96  94  95  97  96  95  98 100 101
  99  98  96  97  98 100 100  99  96  95  97  97  96  95  96  97  97  95
  97 101 102 101 101 101 100 100  99  97  97  99 100 100  99 100 101 101
 103 101 108 123 122 121 102  88  71  63  64  64  61  59  54  50  49  48
  45  39  39  74  77  81  84  84  81  75  67  60  60  63  68  65  59  61
  61  54  55  53  50  49  48  49  49  49  48  57  73  70  69  68  66  64
  61  67  74  78  80  82  82  80  81  78  75  74  70  67  70  69  68  62
  56  52  47  46  48  49  50  49  53  64  75  81  84  89  86  84  84  85
  86  87  87  85  86  87  88  89  91  93  94  95  94  92  91  93  96  98
  96  28]","[ 29  30  95  94  94  95  89  88  88  89  89  89  90  93  94  94  91  92
  90  91  94  95  93  93  96  96  96  95  95  95  95  96  96  97  97  96
  97  98  97  95  95  96  96  96  96  96  95  96  96  94  95  98 100  99
  99 100  97  96  96  97  97  97  96  96  98  98  98  98  99 100 100  99
  98 101 105 105 102 100 100 101 102 102 101 100 101 103 104 105 104 100
  99 104 107 121 123 122 107  87  82  69  64  56  55  53  50  48  46  48
  44  40  36  69  77  85  88  82  81  75  62  63  58  57  56  55  55  54
  54  53  53  54  52  51  51  49  47  48  44  66  67  64  66  67  71  69
  65  69  75  80  83  83  82  80  80  80  79  73  69  66  63  66  62  61
  56  51  50  48  46  46  50  49  58  71  78  81  83  83  86  87  87  85
  86  88  89  87  88  89  87  88  94  94  93  97  96  93  90  93  94  98
  96  29]","[ 28  29  92  94  94  93  89  87  87  89  91  92  92  92  93  93  91  94
  95  94  94  93  92  93  96  96  96  96  96  95  95  94  95  98 100  99
  97  97  98  98  96  97  97  97  97  97  97  96  93  94  96  99 100 101
 101 101  98  95  93  94  96  97  98  98  98  99  98  98  99 101 102 101
 101 103 104 103 101 100 101 102 101 101 102 102 103 104 105 105 102 100
 101 104 110 121 122 121 107  90  77  71  65  56  55  53  50  49  47  46
  39  37  40  79  88  88  88  85  83  74  60  61  58  55  53  53  51  48
  48  49  50  51  51  50  50  47  43  42  45  64  65  63  65  66  69  67
  66  68  73  77  81  82  83  83  79  77  77  74  70  67  64  66  66  63
  55  50  50  50  51  52  52  56  67  77  80  80  81  82  82  85  87  87
  87  89  89  87  86  91  93  92  94  94  92  93  92  98  95  92 105  95
  97  30]","[ 29  30  90  95  96  93  92  89  88  92  95  94  92  90  90  91  93  96
  97  96  95  94  93  95  96  96  96  96  97  96  95  94  98 100 102 100
  97  96  95  95  95  96  97  95  95  95  96  95  95  96  96  95  97 100
 103 104 101  97  94  94  96  97  97  97  98  98  97  97  99 102 103 103
 102 103 103 103 101 101 102 103 101 101 102 103 104 104 104 103  99 100
 103 103 113 121 121 120 108  95  74  71  66  58  56  54  52  48  44  43
  37  35  38  73  91  89  87  81  72  62  58  65  60  55  52  52  51  47
  44  45  45  47  47  48  50  48  44  42  47  63  65  65  68  69  72  71
  69  71  74  77  80  82  83  84  80  75  77  76  70  68  66  66  68  63
  54  49  50  52  53  55  58  67  77  83  85  83  81  82  81  85  87  87
  88  89  89  87  88  90  91  92  93  95  96  96  93  94  93 100 100 104
 143  27]","[ 29  30  88  94  96  92  94  92  91  94  95  94  91  90  90  90  95  97
  96  95  97  97  96  97  96  96  96  97  97  97  97  97 101 100  99  98
  98  97  94  90  92  95  95  94  94  96  97  97  98  97  96  95  96  99
 101 102  99  98  97  97  98  97  96  96  97  97  96  97  99 101 102 102
 101 103 104 105 104 103 103 104 104 103 103 103 103 102 101 101 102 102
 104 102 115 121 120 117 104  97  77  65  63  58  55  53  50  44  38  38
  36  34  35  63  90  92  90  81  67  59  60  65  58  52  47  49  52  50
  47  44  43  44  44  46  50  49  46  45  49  63  67  69  73  72  75  76
  74  76  78  81  82  83  82  81  82  75  78  76  69  66  65  65  64  61
  54  52  52  53  54  57  66  75  80  83  87  87  84  84  85  87  89  88
  87  88  89  88  89  89  92  97  96  95  95  95  98  97  93  97 114 156
 182  31]","[ 29  29  86  91  91  87  91  92  92  93  93  92  91  92  94  95  97  98
  96  94  96  97  97  98  97  97  97  96  96  96  97  98  98  97  96  96
  98  99  97  93  94  96  96  95  96  98 101 101  98  97  98 100 101  99
  96  96  96  97  99 100  98  97  97  99  98  97  98  99 101 102 102 101
 101 103 105 105 105 105 105 105 107 105 102 102 102 102 102 102 107 106
 105 101 114 121 119 115 100  95  81  57  57  55  51  49  45  40  34  33
  32  30  33  55  86  88  80  68  61  62  64  61  50  47  43  43  47  50
  49  47  44  45  46  47  50  49  46  45  49  62  69  72  73  72  73  75
  76  78  80  82  83  83  81  80  81  74  76  74  65  63  63  63  60  58
  55  54  53  53  56  62  71  79  81  81  84  87  87  88  87  89  90  89
  88  88  87  87  87  89  93  95  95  96  99 100 100  95  91 127 160 179
 188  28]","[ 28  29  88  90  88  87  90  91  97  96  94  93  94  96  97  98  97  99
  97  95  94  94  94  97  96  96  95  94  94  94  95  95  95  96  97  95
  94  96  98  98  98  99  99  98  97  97  98  99 101  99  99 102 102  99
  96  97  97  99 100  99  97  95  97  99  99 100 102 104 105 104 103 102
 102 102 102 103 103 104 104 105 108 103 100 100 102 103 104 105 107 105
 104 102 113 123 122 117 102  93  82  56  57  53  48  45  43  38  33  30
  31  28  26  37  60  66  60  53  56  64  64  57  50  49  45  41  41  45
  48  48  45  47  49  51  53  51  48  47  47  58  67  69  70  71  72  75
  76  77  78  80  82  83  82  81  75  71  71  67  61  60  61  62  60  59
  56  53  51  50  55  65  76  82  84  81  81  85  89  92  86  88  90  90
  89  88  87  86  85  89  91  91  94  99 100  98 101  96 138 174 184 178
 178  28]","[ 29  30  91  91  90  91  90  91  99  98  95  94  95  97  98  97  96  98
  97  96  96  96  94  95  96  95  95  95  96  96  94  93  95  98  98  95
  91  93  98 101 100  99 100 100  98  95  94  96 104 102 101 100  99  98
  99 101 100 100  99  98  97  96  98 100 101 102 104 107 107 105 104 104
 102 100  99 100 102 104 104 104 108 102  99 100 103 105 106 107 106 105
 105 106 112 125 125 120 105  91  75  60  58  49  41  39  39  36  32  29
  31  28  23  26  36  51  54  57  64  65  61  53  53  51  47  43  42  44
  46  47  46  49  51  53  54  53  50  51  47  56  65  66  67  71  73  74
  74  75  76  79  80  81  79  78  70  68  66  61  58  60  59  60  60  58
  55  53  50  49  58  71  82  84  85  83  82  86  90  91  87  88  90  90
  90  89  87  86  86  92  95  96  97  96  95  99 119 153 183 189 185 179
 181  29]","[ 28  28  92  91  92  94  90  91  96  95  94  94  95  97  97  96  96  97
  95  96 100 100  96  93  98  97  97  99 101 100  97  94  97  98  98  94
  92  95 100 104  97  96  99 102 100  97  96  99 102 103 103 100  98  98
  99 100  99  98  97  98  99 100 101 102 100 102 105 108 108 105 104 104
 101  99  97 100 104 107 106 104 110 104  99 101 105 107 108 108 108 107
 108 109 111 124 124 119 106  88  64  62  58  43  34  32  31  32  31  27
  28  28  30  36  43  55  54  57  63  61  57  55  53  48  44  44  47  48
  47  46  49  51  52  52  52  51  50  52  52  59  65  65  65  69  71  72
  72  73  75  77  78  77  74  71  67  66  63  57  58  61  59  59  57  56
  54  53  52  53  64  78  85  83  83  84  84  89  91  87  90  90  90  90
  89  89  89  89  89  93  95  94  90  86 101 127 168 186 187 182 176 183
 178  30]","[ 28  30  93  92  90  93  94  93  94  95  96  96  95  96  98  99  96  97
  97  97  99  99  97  94  97  98  98  97  98 101 101  98 100 100 100  97
  93  97 100  96  96  98 100 101  99  97  98 101 100 101  98  97 100 100
  98 100 100  96  98 102 102 104 104 102 103 103 103 104 105 105 103 101
 100 100 101 103 105 107 106 104 105 103 102 104 107 108 108 106 107 112
 108 111 107 123 125 117 103  82  62  58  47  41  32  28  25  26  27  28
  27  26  32  43  53  54  53  54  57  57  50  45  43  46  45  43  44  48
  49  46  49  50  51  51  50  49  53  57  57  61  64  64  66  70  73  72
  74  75  73  74  73  71  71  69  68  65  61  59  61  62  59  55  54  52
  55  51  52  59  76  83  90  86  84  86  88  89  88  87  89  86  87  93
  88  91  93  94  94  96  95  94  91 104 146 177 186 184 181 181 180 178
 180  29]","[ 29  30  94  93  91  94  94  94  94  96  96  94  93  94  96  97  96  97
  97  97  98  98  97  95  97  97  97  99 101 102 101 100 104 101 101  99
  95  94  96  94  96  99 102 102 101  99 100 101 102 100  97  96  98 100
 101 102 100  98 101 102  99 100 104 105 103 103 103 103 103 104 104 103
 100 101 101 103 105 106 106 104 104 104 104 106 108 108 106 104 106 109
 106 107 106 122 126 117  98  81  59  50  40  37  33  30  29  28  28  30
  33  34  39  48  52  52  51  50  53  52  45  40  41  44  44  40  41  46
  50  50  50  50  50  50  49  50  52  56  58  62  66  66  67  69  68  66
  76  74  69  68  68  67  68  65  64  62  59  58  60  61  58  55  52  51
  50  51  52  65  80  89  93  90  87  88  90  90  89  88  89  88  90  89
  92  96  97  91  95  98  98  99 122 166 189 185 182 181 180 181 180 179
 180  28]","[ 29  29  92  91  90  94  94  94  91  93  94  91  90  92  95  95  96  97
  97  97  97  98  98  97  96  95  96  99 102 101  99  99 100  96  97  99
  96  94  95  97  99 102 105 105 102 100 100 101 102 100  99 100 100 101
 103 103 100  99 101 100  97  97 101 103 103 103 103 102 102 104 104 104
 102 102 102 103 105 106 105 104 104 105 106 107 108 107 106 105 106 107
 106 106 108 121 125 114  97  77  50  42  38  34  32  30  31  30  29  32
  37  39  42  48  49  49  48  47  49  49  44  40  40  43  43  41  41  46
  50  52  52  51  50  51  51  52  54  57  60  63  67  68  68  67  64  61
  71  68  62  62  65  65  65  62  58  57  56  56  58  59  57  55  53  51
  48  53  55  70  81  89  93  91  88  88  89  90  89  89  89  89  88  87
  97  93  94 101  89  95 110 134 169 185 178 181 179 179 179 180 181 180
 181  29]","[ 29  28  91  91  92  95  95  94  87  91  92  90  89  92  95  95  96  96
  97  96  96  97  97  98  96  95  96  98 100  99  97  96  97  95  95  98
  97  95  96  98  99 103 106 104 100  98 100 102 103 100 102 103 100 100
 103 103 102 100  99  99  98  98  98  97 102 103 104 103 103 104 104 104
 104 104 103 103 104 106 105 103 105 105 106 106 106 107 108 109 101 102
 105 107 115 125 129 115  95  70  42  39  39  31  31  31  32  31  30  34
  39  39  39  41  46  47  45  44  45  45  43  42  40  43  45  43  43  46
  49  49  52  51  51  53  54  55  57  59  62  65  67  68  68  66  64  62
  65  63  59  61  64  64  63  59  53  53  53  54  57  58  56  53  53  52
  51  57  64  75  83  88  90  88  87  87  88  89  90  90  92  92  95  93
  92  95  98  90  90 113 152 179 188 185 179 181 181 181 180 180 181 182
 183  31]","[ 30  29  93  95  96  98  94  91  88  92  94  93  93  94  96  96  95  96
  97  97  96  96  97  98  96  98  99  98  98  99  97  95 101 101 100  99
  99  97  95  95  96 101 104 102  97  96 100 104 105 101 102 101  96  96
 101 103 104 102  99  98 100 100  99  97 101 103 105 105 105 105 104 103
 106 105 104 104 104 105 104 103 104 104 105 105 105 106 108 110 109 109
 112 111 118 122 122 105  89  66  43  39  36  28  31  34  32  33  34  37
  40  39  37  37  42  44  43  41  41  41  41  43  44  45  45  45  45  45
  46  46  51  52  54  57  57  58  60  62  66  67  68  68  67  66  65  65
  65  64  60  62  64  63  61  57  52  51  51  54  57  59  56  52  52  51
  55  62  74  80  87  89  89  88  88  89  90  90  92  93  94  98  95  95
  95  92  87  92 132 172 188 185 188 183 178 179 183 184 183 183 183 185
 184  31]","[ 29  30  95  99  99  97  92  87  92  95  97  97  96  95  95  94  95  95
  96  97  97  96  97  98  97 100 100  98  97  98  98  96 102 104 102  99
 100  99  96  96  97 102 104 101  96  96 100 103 103 102 102 101  97  95
  98 101 104 105 101  99 100 101 101 102 101 103 105 105 105 105 105 104
 106 105 104 104 105 105 104 102 103 104 105 106 107 107 108 108 108 107
 110 111 118 122 122 104  90  66  48  37  32  30  33  32  34  37  39  40
  41  41  39  40  39  41  41  41  43  44  45  48  49  47  45  45  45  46
  47  47  54  56  60  62  63  62  64  66  68  67  67  67  65  64  64  66
  64  63  59  60  61  59  60  57  52  52  52  54  57  58  55  51  51  52
  58  65  79  82  87  90  90  91  92  92  92  92  94  95  96  99  95  97
  93  90 105 141 172 184 184 182 180 180 183 178 183 186 186 185 186 187
 184  28]","[ 29  29  95  98  95  93  90  89  94  95  96  98  97  95  93  93  96  95
  96  97  97  97  97  98  97  99 101  99  97  97  97  98  99 102 100  99
 101 100  98  98  97 102 104 102  98  98 100 101 101 102 103 104 103  99
  97  99 102 104 102  99 101 103 103 105 102 102 103 102 103 105 106 106
 105 105 104 104 105 106 105 103 104 104 106 107 108 108 107 107 109 109
 111 112 114 117 113  96  84  57  46  33  28  30  33  30  36  39  39  37
  38  39  39  42  38  40  41  43  47  48  48  50  50  47  45  45  46  47
  49  51  57  59  63  65  65  64  65  67  65  64  64  64  62  59  60  63
  60  60  56  56  57  56  57  55  52  53  54  55  55  55  52  49  49  54
  61  70  81  84  86  90  92  93  95  95  94  94  95  97  99  94 102 103
  96 122 162 179 181 187 181 178 184 183 178 180 183 187 187 186 187 188
 184  28]","[ 29  29  94  94  90  90  90  93  94  93  95  98  98  95  93  94  97  96
  96  97  97  97  97  98  98 100 101 101  99  96  96  99 102 103 100  99
 101  99  95  97  94  98 101 101 100 101 102 101 103 103 101 102 104 101
  98 101 101 103 101 100 105 106 105 105 103 102 101 100 101 104 107 109
 104 104 104 104 105 106 105 103 104 104 104 106 107 108 107 107 107 108
 110 112 112 114 108  91  68  41  40  31  24  25  30  33  37  39  37  33
  32  34  37  40  39  40  40  43  47  47  46  46  47  46  45  46  47  48
  50  53  57  59  61  64  63  62  62  63  61  60  61  62  59  56  56  60
  59  58  55  55  56  54  54  51  52  53  55  54  53  52  50  48  45  54
  62  76  84  88  87  92  93  95  97  97  96  95  96  98  96  93  90  97
 129 159 178 182 179 179 181 179 180 181 177 181 185 188 187 186 187 189
 186  30]","[ 30  28  93  92  92  94  97  96  95  92  94  98  98  95  95  97  99  95
  97  97  96  98  98  97 101 103 104 102 101 101 100  99 107 101  97  97
  98  96  96  97  97  96  96  98 101 101  99  97  97 101 104 103 101 101
 102 102 103 102 102 105 108 106 103 104 104 105 106 103 101 100 102 104
 103 104 105 104 103 106 108 107 103 104 106 106 104 104 106 105 107 106
 108 113 116 113 101  86  59  40  35  31  25  26  29  32  34  33  33  33
  32  32  34  38  40  40  40  40  39  40  44  48  47  48  49  49  49  49
  49  50  55  57  60  61  61  61  61  60  58  56  56  58  57  54  55  58
  55  55  54  54  55  56  54  52  52  52  54  55  51  49  50  51  49  60
  73  84  90  90  91  93  94  95  94  96  99  97  95  97  90  90 105 151
 175 180 182 180 180 180 180 180 181 181 181 181 187 186 187 187 187 185
 187  28]","[ 30  28  95  95  96  97  98  96  96  93  95  98  98  97  97  98  99  97
  98  97  96  98  99 101 100 101 102 102 102 102 101  99 100  99  98  98
  98  98  97  96  97  98  98  98  98  99  99  99  99 102 103 103 102 103
 104 103 103 103 103 105 107 105 102 102 105 104 103 103 103 102 103 105
 105 103 104 106 107 108 108 106 107 104 101 100 101 105 106 102 104 106
 112 115 110 101  91  83  54  40  36  32  28  28  28  30  31  32  33  33
  31  31  34  39  40  39  38  37  38  39  42  46  50  48  47  47  48  48
  49  52  53  58  62  61  58  57  58  60  58  57  56  57  57  55  55  56
  56  55  54  55  56  56  55  55  54  51  50  52  54  53  53  54  50  68
  84  90  91  91  91  93  96  94  95  94  92  99 100  88  91 131 161 181
 182 180 181 180 182 179 178 180 182 181 182 183 187 187 188 189 190 188
 188  28]","[ 29  28  96  96  96  96  97  95  95  94  95  97  96  97  98  98  98  98
  98  95  95  97  97 101 103 101 100 101 102 102  99  97  95  97  99  98
  98  99  98  96  99 100  99  97  97  99 100  99  98 100 101 102 103 104
 104 102 101 104 105 105 107 106 104 104 109 105 103 105 105 104 104 106
 105 103 105 106 104 103 106 109 105  97  96 100  99  97 103 112 108 111
 110 102  92  83  68  51  42  35  32  30  28  26  24  25  28  30  31  31
  30  30  35  39  39  37  36  36  36  38  41  43  44  43  44  48  49  48
  48  49  52  56  59  57  54  54  57  58  58  56  55  55  56  56  55  55
  56  55  55  57  57  56  56  58  56  54  49  50  53  52  51  54  63  80
  91  90  89  92  94  95  92  97  96  97  99  94  92 102 139 173 182 178
 176 181 181 177 184 179 178 183 186 185 185 187 187 187 189 190 192 189
 189  28]","[ 29  28  95  95  94  94  95  93  92  93  94  95  95  96  98  97  98  98
  96  92  94  96  93  96 103 100  97  98  99 100  98  97  96  97  99  99
  99  98  98  97  99  99  97  95  98 101 101  97  96  97  99 101 103 105
 103 101 102 105 106 105 106 107 105 104 107 105 105 106 108 107 108 109
 104 104 106 106 102 100 102 104  96  86  80  77  64  52  55  66  75  82
  84  74  64  60  51  39  31  31  29  27  28  26  22  23  25  26  27  28
  28  30  34  37  37  36  36  36  36  38  40  41  38  41  45  49  50  50
  49  49  52  53  53  52  53  56  57  56  56  55  54  53  54  55  56  54
  56  54  54  57  58  56  55  57  54  55  51  50  52  49  51  60  77  87
  90  87  88  94  97  96 100  97  96  93  89 100 127 151 180 188 180 175
 174 179 180 180 180 178 179 183 186 186 185 185 188 188 189 190 192 191
 190  29]","[ 30  30  97  96  95  94  96  94  91  92  94  95  94  96  98  96  99  98
  95  92  96  97  91  91  98  96  95  96  98  99  99  98  96  96  97 100
 100  98  96  97  97  99  99  97  99 102 101  98  98  98  98  99 102 104
 104 104 103 106 105 103 104 105 102 100 102 105 106 107 108 110 111 111
 103 103 105 105 102  99  94  88  80  73  66  58  48  43  42  42  46  41
  39  41  42  41  36  30  29  33  30  28  30  28  25  25  23  24  25  25
  27  30  33  35  34  36  37  37  36  37  38  40  42  45  47  46  46  49
  51  52  51  51  51  53  55  56  55  52  54  55  54  52  52  54  55  55
  56  54  54  57  58  55  52  52  50  52  51  51  53  52  57  70  80  85
  87  87  91  96  97  95  98  99  96  88  96 128 165 183 184 182 178 182
 179 179 181 183 181 182 183 184 185 186 186 185 189 188 189 189 191 191
 191  29]","[ 28  29  97  96  95  94  95  93  89  91  94  95  95  95  96  95  97  96
  96  94  97  98  92  90  95  97  98  98  99 100  99  97  94  94  97 101
 101  97  96  97  96 100 102 102 101 102 103 103 100  99  98  98  99 102
 104 105 103 105 103 101 103 104 102 101 101 106 109 107 106 108 109 107
 102 103 103  99  94  91  86  80  81  72  64  57  51  47  43  40  43  42
  42  39  32  29  31  33  30  33  28  27  29  27  26  25  24  25  25  26
  28  31  33  33  32  34  36  35  34  35  37  38  44  46  45  42  41  44
  48  49  49  51  54  57  56  53  51  51  55  55  54  52  52  54  56  56
  57  55  54  56  57  53  50  48  52  51  49  49  51  53  61  73  80  84
  86  87  91  95  97  99 102  96  93 117 157 179 178 177 179 177 177 181
 180 184 184 180 184 186 186 183 183 186 188 188 188 188 188 188 190 190
 190  29]","[ 29  28  95  95  93  93  94  92  89  91  95  97  96  96  96  95  96  96
  98  97  96  98  96  93  96  99 100  98  99 100  99  96  94  96  99 101
 100  98  98  99  99 100 101 102 103 104 104 104 101 100 100  99  98  99
 101 103 102 103 102 101 103 104 104 105 104 108 109 108 105 104 104 104
 101 100  98  92  85  83  85  86  84  73  64  59  51  43  40  40  40  39
  37  32  30  33  34  30  30  31  25  25  25  24  25  24  24  26  26  27
  28  30  32  32  31  32  32  31  31  33  35  36  39  39  39  40  40  41
  43  45  49  49  53  56  54  49  48  51  54  53  51  51  52  55  56  57
  58  57  57  57  57  54  51  49  53  50  48  48  49  53  67  81  87  91
  91  89  90  93  97 100  95  98 126 163 177 177 178 179 175 180 182 185
 183 186 182 182 185 185 184 182 181 183 186 188 188 189 189 189 190 190
 190  28]","[ 30  29  95  93  92  92  94  93  91  92  97 100  99  97  97  96  96  96
 102  99  95  98  99  98  96  99  98  95  96 100 101  97  97 100 103 101
  98  99 101 102 101  98  96  98 103 105 103 101  99 101 102 102 100  98
  98 100 103 104 103 102 102 103 104 106 105 106 108 108 105 103 103 104
 100  96  93  90  86  84  87  89  81  74  65  56  49  46  44  40  39  35
  34  33  32  32  33  33  32  31  24  25  25  24  27  25  22  25  26  26
  26  28  29  29  31  30  29  27  27  31  34  35  37  33  33  37  41  41
  43  47  50  47  48  52  51  47  48  53  52  50  48  49  53  56  57  58
  58  59  59  59  58  56  54  52  49  46  47  50  50  58  78  96  93  98
  97  93  93  95  96  96 104 138 171 183 181 176 176 180 179 180 176 180
 185 184 179 188 186 185 185 185 186 186 189 192 189 191 192 192 193 192
 191  29]","[ 29  28  95  96  93  88  90  95  93  96 102 102  99  97  97  96  97  91
  98  99 100  98 103 105 103  99  96  96  98 101 101  99  99 100  98  97
  99 102 102 102 101  97  96  99 100  99  99 102  99 101 103 104 103 100
  99 100 106 105 103 104 105 103 104 109 105 104 104 105 103 104 104 103
 102  93  90  88  88  92  91  86  82  73  64  57  49  46  44  39  36  38
  35  32  36  37  36  36  31  27  23  22  23  24  26  28  25  26  28  28
  26  24  27  31  31  31  29  28  29  29  30  34  32  32  33  36  38  40
  43  46  46  45  46  47  48  48  48  46  48  46  45  49  54  54  52  53
  57  58  59  59  59  57  54  51  45  44  46  49  51  64  96  96  96  96
 100  95  85  83  88 115 162 176 186 183 178 179 180 179 180 179 178 178
 180 182 183 183 185 188 188 186 185 188 191 192 192 193 194 193 194 194
 192  30]","[ 30  28  95  95  93  89  89  91  95  97 100 100  97  96  96  95  96  92
  96  96  95  97  99 100  99  97  96  98 101 103 102 101  99 100  99  98
  99 101 100 101 103 101 102 104 103 101 102 105 101 101 103 104 104 103
 102 102 103 102 102 104 106 104 103 105 103 102 103 104 103 102 101  98
  90  88  92  90  88  92  92  89  77  71  66  59  49  45  44  42  39  42
  41  38  39  39  35  35  30  27  25  25  25  25  25  27  24  25  28  29
  27  26  28  31  31  32  29  27  31  34  33  31  31  32  32  34  34  35
  38  41  44  44  46  46  46  47  47  43  43  44  45  49  52  51  50  51
  55  58  60  61  59  57  54  52  44  45  46  54  60  82  95  95  97  98
 103  93  84  98 124 168 179 177 176 178 179 179 179 179 179 179 178 179
 181 183 184 184 187 188 187 186 187 190 193 194 192 193 194 193 194 193
 192  29]","[ 29  29  96  96  97  95  94  93  96  97  99 100  99  99  99  97  95  95
  96  95  93  98  98  98  95  95  96  98 101 103 101  99  96  98  97  97
 100 101 101 102 105 105 107 107 104 100 101 105 101 101 102 104 105 105
 105 104 103 101 101 104 106 104 102 102 101 101 103 104 104 102  99  96
  89  94 104 102  96  97  96  94  78  72  66  58  47  43  44  44  40  42
  42  40  40  39  37  36  31  30  29  29  27  26  25  25  23  24  27  29
  29  28  28  29  29  32  29  25  29  34  33  30  31  32  32  32  30  31
  34  38  41  44  47  46  45  47  46  41  42  44  46  48  49  48  49  52
  57  61  64  62  57  52  50  49  48  46  44  46  63  90  94  99  98 100
  97  89 105 146 167 186 180 176 174 177 180 179 178 179 178 178 178 180
 183 185 186 186 187 187 187 188 190 192 193 193 193 194 195 194 195 194
 193  30]","[ 29  29  97  98 100 101 100  98  95  95  97  99  99 100 100  97  96  97
  97  97  95 101  98  98  97  96  96  98 101 102 100  98  97  97  95  96
 100 103 103 104 105 106 107 106 102  97  97 101 100 100 102 104 105 105
 105 105 106 103 103 105 105 104 104 103 102 103 103 104 105 104 101  99
  97 104 116 115 107 103 100  97  83  75  67  60  50  46  46  45  41  41
  40  39  40  41  40  38  32  31  30  28  27  26  25  24  22  23  25  28
  30  29  28  26  26  32  31  25  25  29  31  31  31  32  32  31  30  30
  33  36  37  40  45  45  44  45  45  41  44  46  46  46  46  46  49  54
  57  61  64  61  55  49  46  45  46  47  48  46  73  92  95 100 102  97
  97 121 155 179 180 179 173 176 178 177 177 179 180 179 178 178 179 181
 184 186 186 186 185 186 188 192 194 193 192 191 191 192 193 192 194 193
 192  28]","[ 29  30  97  97  99 100 100  98  97  97  98  98  97  98  98  96  96  96
  96  98  96 100  95  96  99  97  95  97 100 102 101  98 102  99  95  95
 100 103 103 103 105 105 105 104 101  97  97  99  99 100 102 104 105 104
 104 105 105 103 105 106 105 105 106 105 105 106 104 102 104 103 102 103
 104 107 117 118 111 106 100  97  87  76  68  63  56  52  49  44  44  42
  40  40  41  42  41  38  31  30  27  25  24  24  24  23  24  23  24  27
  30  30  27  24  25  30  30  28  26  27  29  32  31  31  31  31  31  32
  32  33  33  35  40  43  41  41  42  42  46  47  45  43  44  45  48  52
  54  58  60  57  52  47  45  44  48  53  53  53  81  95  96 103 104 118
 132 167 183 178 177 177 176 179 178 175 176 180 181 179 180 180 181 183
 185 187 187 187 186 188 191 195 195 194 192 192 193 193 192 193 196 196
 193  29]","[ 29  29  96  96  98  99  99  97  95  95  95  94  91  93  96  96  95  97
  97  96  97  98  92  93  97  95  93  95  99 101 101  99 103  99  95  96
 101 104 104 105 104 103 103 103 102 100  99 100  99 100 102 104 104 104
 103 104 102 101 106 109 106 105 106 104 106 108 105 102 104 103 103 107
 113 112 118 119 114 110 103  97  92  77  66  60  55  52  49  44  43  39
  38  39  40  40  39  35  31  30  27  24  23  24  24  24  25  25  25  26
  28  29  27  23  25  26  27  29  30  29  27  29  31  31  31  31  32  33
  32  31  31  32  36  40  38  36  39  42  46  46  43  42  44  46  47  50
  53  55  56  53  49  46  45  45  50  55  53  61  79  95  95 109 125 158
 170 181 178 173 178 173 177 177 177 177 178 179 180 181 181 181 181 183
 185 186 187 186 189 191 192 193 192 192 193 194 196 195 194 194 198 198
 194  30]","[ 29  28  95  96  98  98  97  96  88  90  92  90  86  87  91  93  95  98
  99  94  97  98  95  95  95  95  95  96  99 101 100  99 101  99  96  98
 103 105 104 106 104 103 102 102 102 102 103 103 101 101 102 104 105 104
 104 104 102 101 107 110 107 106 107 104 106 110 109 106 108 107 108 115
 121 120 123 119 114 114 107  98  89  76  65  60  54  52  52  50  47  42
  40  40  38  38  38  35  32  32  31  27  24  24  24  24  23  25  26  25
  25  26  25  24  25  25  25  27  30  29  27  28  30  31  31  31  32  34
  33  31  31  32  36  37  34  34  38  41  45  45  42  41  44  47  48  49
  53  55  55  51  46  44  45  46  46  48  59  69  84 102 107 132 162 176
 175 177 175 174 175 173 175 176 179 181 181 179 180 183 182 182 182 184
 186 187 187 187 191 192 192 190 190 192 194 194 194 193 193 193 196 195
 192  28]","[ 30  27  93  94  97  95  93  91  90  94  98  96  89  87  91  93  93  98
 100  91  97 100 100  98  97  98 100 102 103 103 102 101 102 100  98 100
 103 103 102 104 105 104 102 102 103 104 105 106 104 103 102 104 106 107
 106 105 105 104 109 111 107 108 109 104 104 111 112 111 113 113 115 122
 122 122 123 116 112 116 109  97  80  72  68  67  62  59  59  58  57  51
  48  44  39  38  39  37  32  34  34  30  25  22  22  22  21  24  26  24
  22  22  24  25  26  27  26  26  27  27  27  29  28  30  30  30  32  33
  33  31  31  34  37  35  31  33  38  40  44  44  41  40  43  46  48  50
  53  54  54  50  45  44  46  49  49  46  68  71  89 112 133 173 180 178
 172 174 176 177 174 178 179 180 180 181 181 181 182 184 185 184 184 186
 188 189 190 189 192 193 192 189 190 193 195 194 195 195 196 195 196 195
 193  29]","[ 30  28  99 104  98  97 100  95 101 102 102  99  94  92  94  98  98 105
 110 104  97  97  97 101 101 103 103 104 102 104 105  98 100  98  96  96
  96  97 101 106 105 105 103 103 105 104 105 108 105 101 106 109 111 109
 104 107 107 106 104 107 110 106 103 107 102 113 113 115 117 119 116 122
 125 123 120 115 113 112 103  91  80  76  71  73  71  71  68  69  64  58
  51  46  45  45  41  35  37  38  37  32  24  23  23  22  24  22  25  25
  23  23  23  24  24  24  25  26  27  28  29  29  29  28  28  29  30  30
  30  31  34  34  34  33  32  33  36  40  42  42  41  39  42  47  50  49
  53  55  55  50  45  44  47  50  46  48  74  75 107 148 177 181 178 174
 173 175 176 177 178 178 179 181 184 185 183 181 182 185 188 187 187 187
 188 189 190 190 193 193 192 192 192 193 194 194 194 194 194 195 194 194
 194  28]","[ 30  30 109 110 105 110 111 109 112 111 110 110 111 111 112 114 114 118
 121 116 112 113 113 116 109 112 114 116 114 115 117 111 116 118 121 124
 121 116 114 114 115 115 114 113 112 107 105 106 109 107 112 116 119 120
 118 122 120 117 115 118 120 115 112 115 118 120 114 112 113 117 118 126
 127 125 121 116 113 111 102  90  83  83  79  79  76  77  72  67  65  59
  54  51  49  49  45  40  39  40  40  38  34  32  29  24  23  22  24  23
  22  23  22  21  25  25  25  25  25  26  26  26  24  25  26  27  27  27
  28  30  31  31  30  30  30  32  34  35  38  38  38  38  40  44  48  50
  55  55  51  45  40  39  43  46  41  56  76  72 151 179 173 175 175 173
 174 176 177 178 180 179 181 183 185 186 185 183 185 187 188 187 187 188
 189 189 190 190 194 194 194 194 194 194 193 193 195 194 194 195 195 195
 195  29]","[ 29  30 117 115 110 116 114 114 114 113 113 114 116 117 118 118 122 122
 124 121 121 123 122 122 123 127 129 130 127 127 130 127 129 129 130 129
 127 125 126 129 135 134 133 133 131 126 124 126 126 125 128 129 129 131
 131 135 135 132 131 135 138 134 131 134 129 135 136 134 121 116 116 124
 122 121 119 118 116 113 104  93  88  88  86  87  83  81  73  65  65  58
  54  53  52  52  49  45  41  41  42  42  42  40  36  29  25  22  23  21
  20  22  22  21  24  24  24  24  24  24  25  25  22  24  25  25  25  26
  29  32  32  31  28  26  28  31  33  32  34  35  36  38  39  41  46  52
  57  54  49  43  38  39  43  46  54  68  78  85 168 183 174 176 174 175
 177 178 178 180 182 180 183 183 185 186 186 185 186 188 188 188 188 189
 189 189 189 188 192 192 193 194 194 194 193 191 194 194 194 196 196 196
 196  29]","[ 29  31 122 122 117 118 116 115 115 116 117 117 116 116 118 121 124 123
 124 124 126 127 124 123 130 132 132 131 129 129 132 130 130 129 129 130
 130 131 134 137 135 133 131 131 132 130 131 136 137 136 136 134 133 133
 133 135 134 133 134 137 140 138 137 138 138 138 138 138 127 122 120 121
 118 116 116 118 119 117 108  98  96  91  90  94  87  81  72  67  64  57
  52  52  52  52  51  49  44  42  42  42  43  43  42  37  31  26  24  22
  21  23  23  25  24  24  24  24  24  24  25  25  24  25  25  24  23  26
  31  34  34  32  28  25  27  32  34  32  33  34  36  37  38  40  46  50
  53  50  45  41  39  41  45  49  58  66  74 117 172 173 175 174 177 177
 179 179 179 182 183 181 182 182 184 186 186 186 187 189 189 189 189 189
 190 189 188 188 190 190 190 192 194 194 193 192 194 194 195 197 197 196
 196  29]","[ 28  30 119 124 122 118 120 119 120 122 123 123 120 120 123 127 126 124
 125 125 127 128 125 126 130 132 130 131 131 129 130 129 130 130 131 134
 136 137 137 137 136 133 130 130 131 131 134 140 136 136 135 136 136 136
 137 137 137 138 138 138 138 140 141 141 144 139 137 136 125 122 122 123
 121 116 114 117 119 118 111 103 102  95  93  96  86  80  73  69  65  58
  52  51  51  52  52  52  47  45  44  43  41  42  44  44  40  31  29  28
  25  24  23  26  25  25  25  24  24  24  24  24  23  24  23  22  23  26
  29  31  31  30  27  25  27  32  33  32  32  33  34  34  36  42  46  47
  44  42  40  38  39  41  44  48  58  59  72 134 174 174 177 181 180 179
 179 178 179 183 184 181 182 182 183 186 187 187 188 189 188 188 188 189
 190 190 190 190 191 190 190 192 193 195 195 195 194 195 197 199 197 196
 196  29]","[ 29  29 117 122 122 117 122 122 125 125 124 124 123 123 125 127 126 123
 123 123 123 125 124 127 129 131 129 132 136 133 131 130 130 129 129 132
 135 138 139 138 136 135 133 132 133 133 135 139 137 138 137 140 141 139
 141 141 140 139 138 137 136 140 143 143 145 144 143 139 125 121 121 124
 123 115 111 113 115 116 113 109 104 100  97  94  82  78  74  68  65  59
  54  52  51  52  53  52  48  46  46  44  40  40  42  42  42  35  34  33
  30  26  23  24  24  24  24  24  24  24  25  25  23  24  23  24  26  28
  29  27  26  26  26  26  28  31  31  30  28  30  30  31  35  42  44  42
  40  39  38  38  39  40  44  48  52  58 102 159 179 176 173 177 181 178
 178 178 180 183 184 182 182 182 183 186 187 187 187 188 187 187 187 189
 190 192 192 193 193 192 192 192 193 195 196 196 193 195 197 199 197 195
 195  28]","[ 31  30 122 122 123 121 124 126 127 125 124 124 123 124 125 127 127 123
 123 123 123 124 124 129 128 129 127 131 136 133 131 130 129 129 131 133
 137 139 138 137 136 137 137 136 136 136 136 137 138 138 137 141 141 137
 139 140 143 139 139 142 141 143 145 145 145 143 137 133 123 122 121 121
 121 114 110 112 114 116 116 116 110 105 102  97  81  75  72  66  61  58
  55  54  53  54  54  50  49  47  46  44  41  39  40  39  40  37  38  36
  33  32  28  26  25  25  24  23  23  24  25  26  24  25  25  25  27  30
  30  27  25  24  24  25  27  28  28  27  25  25  26  29  35  40  40  37
  38  37  36  37  37  39  43  48  57  68 129 173 170 170 175 180 181 178
 179 181 181 182 183 183 183 183 184 186 187 186 186 188 189 188 188 188
 190 192 194 194 194 194 193 193 194 195 195 195 193 194 196 199 199 197
 196  28]","[ 28  26 125 121 122 124 122 125 121 122 122 122 122 122 125 128 126 122
 123 124 124 125 124 128 131 131 127 131 135 133 132 133 133 132 131 131
 133 136 138 138 137 140 139 137 138 138 136 136 136 138 138 143 142 137
 140 143 145 138 140 146 146 143 142 141 140 146 145 137 122 115 113 116
 120 114 113 116 117 117 118 119 117 108 105 103  83  72  69  67  57  56
  56  56  56  57  55  50  51  48  47  46  43  42  41  40  39  38  41  37
  36  38  35  32  30  29  26  24  22  22  23  24  25  25  24  23  25  29
  30  28  26  23  21  22  24  24  24  24  23  22  23  29  35  37  36  34
  34  33  33  33  33  35  41  47  52  73 131 181 175 175 178 181 181 179
 181 183 183 182 183 183 186 185 185 187 187 186 187 188 191 190 189 189
 190 192 193 194 194 194 195 195 195 195 195 195 195 195 197 200 201 200
 198  29]","[ 29  30 123 122 121 122 122 121 121 122 122 122 122 122 125 128 126 125
 126 128 127 125 127 129 131 130 130 132 135 137 137 136 135 132 132 133
 132 140 138 138 138 138 140 139 136 133 133 135 138 137 138 141 143 144
 143 142 141 141 142 144 144 143 143 144 141 143 146 137 123 116 114 116
 114 111 110 115 117 117 119 117 118 112 108 100  86  73  66  65  62  57
  54  55  57  57  56  55  59  53  50  46  42  40  40  39  40  41  38  36
  40  42  38  34  34  34  31  26  24  24  24  24  26  25  26  27  28  27
  27  28  26  23  21  21  22  24  25  26  23  25  27  30  33  31  30  31
  31  31  31  31  33  36  39  42  45  88 154 182 177 177 179 180 180 180
 182 183 183 183 184 186 187 187 187 187 186 186 187 188 189 190 190 190
 190 190 191 195 195 195 194 195 196 197 197 197 197 196 195 199 202 201
 197  29]","[ 29  29 122 123 123 121 121 122 121 122 123 124 124 125 127 129 128 128
 128 129 128 127 128 130 130 130 131 133 135 135 135 135 131 132 135 136
 132 136 134 135 137 139 141 142 139 135 134 136 138 138 139 141 144 144
 143 142 138 140 142 143 143 143 144 145 147 146 145 134 119 117 115 114
 111 107 104 108 112 116 121 120 118 115 113 105  93  81  73  67  63  60
  57  57  59  59  58  59  60  58  57  52  44  38  38  39  38  40  40  39
  41  41  38  36  38  39  38  35  32  31  28  25  22  23  25  26  26  25
  25  24  26  24  23  23  24  24  24  25  25  27  29  32  32  28  24  24
  28  30  34  37  37  36  38  42  50  95 166 185 174 174 178 182 182 182
 183 184 185 185 186 186 187 187 187 187 187 187 187 187 188 189 189 190
 191 191 191 194 195 194 194 194 195 196 197 197 198 197 195 198 201 199
 196  28]","[ 30  28 121 124 125 123 123 124 123 123 124 126 128 129 130 131 130 130
 130 129 129 128 129 130 130 130 131 133 133 133 133 133 130 130 132 132
 128 133 132 134 138 139 142 142 139 136 136 139 137 137 137 140 142 142
 142 141 137 141 144 143 142 144 145 146 145 143 140 130 116 121 119 116
 110 106 101 103 107 111 118 117 117 116 113 105  93  83  72  63  64  61
  59  58  59  59  60  61  63  60  58  53  44  37  36  36  36  39  41  43
  44  43  42  42  40  40  40  38  36  33  29  26  25  28  29  29  27  27
  25  24  25  25  25  24  24  24  24  26  27  29  30  32  32  28  25  25
  31  32  36  41  40  39  43  49  62 108 173 183 175 178 179 180 183 183
 184 185 186 186 186 186 187 186 187 188 189 190 189 189 188 189 190 191
 193 193 192 194 194 194 193 194 194 196 196 197 199 198 196 198 201 199
 195  28]","[ 30  28 120 122 125 126 126 125 124 124 125 127 128 129 130 131 131 132
 131 129 128 129 130 130 131 130 130 131 132 132 132 133 132 131 131 132
 131 138 138 138 139 140 140 139 137 136 139 143 137 136 136 138 139 140
 139 139 139 144 146 144 143 145 146 144 138 138 136 130 117 124 123 119
 113 109 104 103 104 107 113 114 119 116 111 101  89  80  72  64  67  65
  62  61  61  62  64  65  67  60  53  49  44  41  38  36  36  40  44  48
  50  48  46  48  44  42  41  40  40  38  36  34  32  33  31  27  25  25
  25  23  24  23  23  23  24  25  28  30  30  30  29  29  30  29  30  33
  36  37  39  42  43  43  47  52  69 127 177 177 178 181 181 178 182 183
 184 185 185 185 185 184 186 186 187 188 190 191 191 191 189 191 192 194
 195 194 193 195 194 194 193 193 194 195 196 197 199 199 198 200 202 200
 197  29]","[ 29  28 118 118 123 127 128 124 124 124 125 126 126 126 127 129 133 133
 131 129 128 130 131 131 130 130 130 132 133 133 132 132 130 130 132 135
 134 140 138 138 139 139 138 137 135 136 140 146 140 138 137 138 138 139
 139 139 139 144 146 144 143 145 144 141 137 137 137 132 120 122 121 120
 115 111 105 102  99 102 114 119 121 115 108  97  85  78  74  70  70  68
  64  63  64  66  67  67  70  60  52  49  48  47  44  40  41  44  47  52
  54  51  47  48  46  43  41  41  43  43  43  42  40  39  34  27  23  24
  25  24  20  20  21  23  26  29  31  33  33  31  27  26  28  30  33  38
  40  41  42  43  45  48  49  49  68 146 182 176 180 178 182 181 182 184
 186 185 184 184 184 184 186 186 187 187 188 188 189 190 189 192 194 194
 195 193 193 195 195 195 194 194 194 195 196 197 199 200 199 201 203 201
 198  30]","[ 28  28 118 116 121 127 129 125 124 124 125 125 125 125 127 129 132 131
 130 129 129 130 131 131 130 130 131 134 135 135 133 132 130 131 133 133
 130 135 135 138 138 137 138 137 136 136 140 144 142 140 138 138 138 138
 138 138 138 142 144 143 143 145 143 139 139 138 138 128 120 119 118 118
 115 109 101  97  92  95 111 122 123 117 109  98  86  80  77  74  72  70
  67  67  69  72  72  71  68  61  55  53  50  48  47  45  48  50  51  54
  55  51  47  47  45  41  39  42  45  45  45  45  46  44  38  30  25  24
  25  25  19  20  23  27  30  31  32  32  31  29  27  28  33  35  38  42
  44  44  43  43  47  53  55  54  75 161 184 177 181 178 182 182 182 185
 188 187 185 185 186 186 188 188 188 187 186 186 187 188 189 191 193 193
 193 192 192 194 195 195 195 195 195 195 196 197 198 200 200 202 203 201
 197  29]","[ 29  29 120 118 121 125 128 127 125 125 125 126 126 127 128 130 131 130
 130 131 131 130 130 131 130 130 131 132 133 134 134 134 137 136 135 134
 130 136 137 140 137 137 138 138 138 137 139 141 141 140 139 138 138 137
 137 137 138 141 144 143 144 145 144 141 140 141 138 122 121 117 114 111
 108 102  95  92  85  84  99 113 121 119 114 104  95  90  84  77  72  71
  71  72  75  78  77  75  66  62  58  55  51  49  49  50  54  54  54  54
  54  52  48  48  48  43  41  44  46  46  46  47  47  47  44  38  29  24
  22  23  24  25  28  31  31  31  30  30  29  28  29  33  39  42  42  45
  47  46  45  45  48  53  57  59 100 173 183 178 181 182 182 181 181 184
 187 186 186 187 187 187 189 189 188 188 188 187 187 188 189 191 192 192
 193 192 192 195 196 196 196 195 195 195 196 196 198 200 201 201 202 200
 197  28]","[ 28  28 120 120 121 122 126 127 125 124 124 125 127 129 129 130 131 129
 130 133 134 132 131 132 132 131 130 129 129 131 134 137 138 136 135 135
 134 140 137 137 138 138 138 139 138 137 138 140 140 139 139 139 139 138
 137 137 140 143 145 145 145 146 146 144 143 144 140 120 122 116 111 104
  97  93  90  90  83  78  89 101 111 113 112 105  99  97  89  77  65  66
  68  70  73  75  75  72  68  63  60  56  52  51  53  54  55  56  55  53
  54  53  51  51  51  45  42  44  45  45  45  47  51  53  54  48  37  27
  24  25  29  31  32  33  31  28  28  28  29  30  31  36  42  44  43  44
  46  46  47  49  49  49  51  53 122 181 185 180 178 183 181 182 179 182
 185 185 186 187 188 187 188 187 187 188 190 190 190 189 191 192 192 192
 194 194 194 196 196 196 196 196 195 195 195 196 198 201 201 201 201 200
 197  29]","[ 30  28 118 120 123 124 125 125 125 125 125 126 125 124 126 130 128 129
 131 133 133 131 131 132 131 131 130 129 130 132 135 136 137 137 137 137
 138 139 138 138 140 137 137 138 137 138 140 140 141 139 139 142 141 139
 138 140 145 146 146 146 146 146 147 146 143 138 134 119 119 115 104  94
  86  82  77  66  58  65  75  94 113 110 106 106 102  96  92  86  80  72
  66  67  70  71  73  74  68  67  65  60  54  51  52  55  61  64  63  59
  52  50  53  51  50  46  41  40  42  42  44  49  58  60  59  59  51  37
  32  33  32  34  35  31  28  30  29  25  27  31  36  41  45  48  47  45
  43  49  47  47  49  49  47  65 139 179 183 178 179 180 179 180 181 183
 185 186 186 187 187 187 187 187 187 187 187 187 189 191 193 193 193 192
 193 195 195 194 195 196 196 196 196 195 196 196 200 201 201 201 200 200
 199  29]","[ 30  27 119 121 125 127 128 127 124 123 123 124 123 123 124 127 128 129
 130 131 130 130 130 132 131 132 133 135 135 134 134 135 136 136 136 137
 138 138 138 137 140 138 138 139 138 139 141 141 140 138 137 138 142 141
 140 142 142 143 144 144 145 146 146 146 147 139 134 119 115 109 100  91
  83  77  71  66  59  62  72  99 110 109 104 102  99  95  93  90  80  71
  58  56  65  70  67  68  67  69  70  67  64  61  60  60  65  65  63  62
  57  52  52  49  47  46  44  42  41  39  42  48  57  60  61  62  56  46
  41  37  36  35  34  31  29  29  29  26  32  37  39  40  43  47  46  42
  44  49  49  46  44  48  52  72 153 181 181 178 178 178 177 179 181 182
 183 184 185 186 186 186 187 186 186 187 187 188 191 193 194 194 193 193
 193 194 193 192 195 195 196 196 196 196 196 196 200 201 201 201 201 201
 199  29]","[ 30  28 120 122 126 127 127 125 124 123 123 124 124 123 124 125 129 129
 129 129 128 128 130 132 134 133 135 138 138 135 133 134 135 135 135 136
 137 138 138 137 139 138 139 139 138 139 141 142 143 142 139 136 144 142
 142 143 144 144 144 144 146 146 144 142 146 135 130 120 113 108 103  97
  86  77  69  66  59  54  61  93 107 106  96  91  92  91  90  89  82  79
  65  57  66  68  64  64  67  71  74  74  72  72  70  68  71  68  65  65
  62  56  54  50  48  46  44  44  45  44  44  48  56  60  63  64  60  57
  54  45  38  33  30  31  30  30  31  32  37  42  44  43  45  47  44  39
  40  45  48  49  52  61  70  93 164 180 178 178 179 179 179 180 181 180
 181 182 184 185 186 186 187 187 187 188 189 189 190 192 195 195 194 194
 195 194 193 192 195 195 196 197 198 198 198 197 200 201 201 201 201 202
 199  29]","[ 31  29 121 123 126 126 126 125 126 124 123 124 126 126 126 126 130 130
 130 128 127 127 129 132 136 135 134 134 135 134 134 134 133 134 135 136
 137 138 138 138 138 138 140 141 139 139 141 141 144 144 141 134 147 144
 143 143 145 144 144 144 146 146 143 139 147 134 128 123 114 108 105  99
  86  77  67  63  58  52  55  86 104 104  91  84  86  86  85  85  83  84
  75  66  66  67  65  64  69  73  76  75  75  78  78  76  78  74  68  66
  64  61  59  54  51  49  46  47  50  49  47  48  49  51  55  60  60  64
  67  59  40  33  31  33  33  32  36  40  42  44  45  44  44  45  43  39
  45  47  46  46  53  58  59  86 170 177 177 179 181 181 182 180 180 180
 181 182 183 185 186 187 188 188 188 190 190 189 188 188 195 195 196 197
 196 195 194 194 194 195 196 198 199 200 199 199 200 200 200 201 201 202
 199  29]","[ 29  29 123 125 126 126 127 128 127 125 124 125 127 128 128 127 130 130
 130 129 128 128 131 132 136 135 133 130 131 135 136 134 132 133 135 137
 138 138 138 138 138 139 141 143 140 139 140 140 140 142 140 133 146 145
 145 144 143 142 142 144 146 147 144 140 144 133 126 124 116 110 106 100
  89  81  67  58  54  53  55  79  98 102  94  86  84  80  79  80  86  85
  84  77  71  72  73  67  70  74  76  75  77  82  84  83  82  79  72  68
  65  65  64  56  53  52  49  48  49  47  45  46  48  47  50  56  58  64
  69  63  48  41  39  40  38  36  39  44  47  45  43  42  41  41  41  43
  46  49  45  46  58  59  61 101 175 178 179 180 181 181 183 178 181 182
 183 183 184 185 187 188 188 188 188 189 189 189 188 189 193 195 197 197
 195 193 193 195 195 195 196 197 199 200 199 198 199 199 199 200 201 202
 199  28]","[ 29  30 124 125 124 123 126 128 129 126 124 125 127 130 130 129 129 130
 130 129 129 130 132 133 132 133 132 130 132 137 138 135 132 134 136 137
 138 138 138 138 137 138 141 142 140 138 139 139 139 140 140 136 145 144
 144 144 143 143 143 145 147 147 145 141 138 132 124 123 115 110 105  99
  92  83  66  53  50  55  58  76  90  99  98  91  82  73  72  74  79  81
  90  90  78  75  74  67  72  75  78  79  82  86  88  88  85  84  78  73
  71  71  68  59  54  52  48  47  49  47  44  44  49  48  49  55  57  60
  65  62  54  49  47  47  43  40  42  45  45  43  43  44  42  39  39  43
  45  49  47  46  54  56  65 119 180 178 180 178 180 181 184 181 183 185
 186 186 185 185 186 188 188 187 187 187 188 189 190 192 192 193 195 196
 193 191 191 194 195 195 195 196 198 198 197 196 199 199 198 200 202 202
 199  28]","[ 29  30 124 123 122 121 123 125 130 128 125 125 127 130 131 130 129 129
 129 128 128 130 132 132 131 132 131 131 134 138 138 136 134 135 136 137
 137 137 137 137 137 137 140 141 139 138 139 139 140 142 141 140 143 143
 143 144 145 145 145 146 147 147 144 141 138 137 127 122 112 107 101  95
  87  75  61  51  50  57  62  78  89  96  97  92  80  68  66  67  73  80
  92  97  90  84  81  78  76  78  81  84  85  88  90  91  90  88  82  79
  76  75  71  62  57  53  48  47  50  50  48  46  46  48  48  52  56  59
  65  65  58  55  54  52  47  44  43  42  39  39  41  42  40  37  37  40
  42  47  53  52  55  61  81 139 183 178 180 178 181 181 184 184 184 185
 187 187 187 186 187 188 188 187 187 188 188 189 191 193 191 191 193 194
 193 191 192 194 195 195 195 196 197 197 197 197 199 199 198 200 202 203
 200  28]","[ 29  29 122 122 121 121 123 125 130 128 125 124 126 129 130 129 130 130
 129 127 128 130 131 130 132 131 130 132 135 137 137 136 136 137 137 137
 136 136 136 137 139 138 140 142 140 140 141 141 140 141 142 143 142 143
 144 145 144 145 145 146 146 146 144 142 134 138 127 122 112 108 103  99
  86  71  59  53  50  55  59  74  96  97  95  91  80  69  66  63  63  66
  73  82  87  84  81  82  79  81  83  86  87  88  90  92  95  90  83  81
  79  76  72  64  58  58  54  50  49  48  48  50  48  52  49  48  51  54
  59  60  63  61  59  55  50  47  43  38  36  36  36  33  31  32  36  41
  44  47  59  61  59  68  91 144 186 179 181 179 183 180 182 183 183 185
 186 187 188 188 188 188 187 188 189 190 190 189 190 191 192 191 192 194
 195 194 194 196 195 195 195 196 197 198 198 198 199 199 199 200 203 204
 200  28]","[ 30  30 124 122 123 124 124 125 125 124 124 126 128 129 130 130 128 129
 129 130 132 130 129 130 135 132 131 131 128 138 138 136 137 137 138 138
 137 136 136 135 137 140 143 141 139 141 143 141 140 141 141 143 147 147
 145 145 146 146 146 146 146 145 144 143 138 132 131 121 114 108 103  95
  83  72  58  52  55  57  64  75  94  95  93  87  77  70  67  59  57  53
  56  65  72  80  85  84  85  86  89  87  92  87  90  92  95  88  83  82
  81  77  72  67  64  60  58  57  53  49  48  47  48  49  47  48  53  54
  51  53  60  63  70  64  58  53  40  34  30  28  29  31  32  36  42  46
  46  48  60  63  60  81 103 148 186 180 179 180 180 180 182 183 182 184
 188 189 187 186 187 187 187 188 189 190 192 192 193 193 192 193 193 193
 194 195 195 195 196 195 195 196 197 197 198 200 200 198 198 200 201 202
 200  28]","[ 29  29 124 123 125 127 125 124 122 122 123 125 128 129 129 129 129 130
 130 131 132 130 129 129 133 133 135 135 131 138 138 138 138 137 136 136
 137 138 137 137 138 139 143 145 143 141 142 141 140 139 138 140 144 146
 146 147 145 145 145 146 145 145 144 143 140 128 125 119 118 113 104  93
  84  75  64  58  56  55  58  65  84  90  90  85  75  66  62  58  49  48
  49  53  61  73  85  90  86  87  90  91  92  89  92  97  96  89  84  83
  82  79  73  66  64  61  59  58  54  51  51  51  49  49  47  49  54  55
  53  55  59  65  70  73  72  64  50  36  30  30  34  40  42  44  46  47
  52  51  60  65  61  73 104 150 183 179 178 180 180 179 180 181 183 184
 187 188 186 186 187 187 187 187 186 188 190 192 193 193 193 194 194 193
 194 194 195 194 195 194 195 196 196 196 197 199 202 200 199 201 201 202
 200  29]","[ 28  28 124 124 126 129 126 124 121 121 123 126 128 129 129 129 129 131
 131 130 132 131 130 131 132 132 136 137 134 137 136 137 137 135 133 133
 136 138 138 138 140 138 141 146 144 140 140 140 140 140 137 139 143 146
 145 145 146 145 144 143 144 145 146 146 143 126 120 117 119 113 102  89
  80  73  68  65  61  59  61  64  74  85  89  88  80  66  57  53  46  44
  42  44  49  57  70  84  85  88  88  89  88  92  93  95  98  90  84  81
  78  75  71  66  64  62  60  57  52  51  50  49  50  50  48  49  52  52
  50  50  60  67  69  76  80  75  68  55  46  41  41  45  46  47  48  49
  52  53  56  58  61  75 118 161 181 178 178 181 181 180 180 180 182 184
 185 185 184 185 186 187 187 186 185 187 190 192 193 192 194 194 194 193
 193 194 194 193 196 196 198 199 199 198 199 201 203 201 200 201 200 201
 200  29]","[ 29  29 124 125 127 128 126 126 123 123 124 127 129 129 129 129 129 131
 130 129 131 132 132 134 134 133 136 136 135 136 134 135 138 136 134 134
 136 138 138 138 142 138 139 143 142 139 139 140 139 139 138 140 144 146
 143 142 146 145 144 144 145 145 146 146 142 124 119 117 117 109  99  91
  83  77  73  70  65  63  64  64  68  77  86  90  81  67  59  51  49  45
  41  43  45  44  50  63  77  87  90  92  89  99  99  98  93  88  83  79
  74  71  69  65  64  62  60  57  54  53  51  47  51  50  50  51  53  51
  48  46  55  61  65  70  73  74  75  71  66  56  49  47  46  45  46  47
  48  50  50  54  66  82 124 169 179 177 178 181 181 181 181 180 180 182
 183 182 183 185 186 187 186 186 187 189 192 193 193 192 193 194 194 193
 193 194 194 194 194 195 197 199 198 197 198 200 203 201 200 201 200 201
 200  29]","[ 30  28 125 127 128 128 127 129 127 127 127 128 129 129 129 129 130 131
 130 129 131 133 135 136 136 136 138 135 134 134 133 137 138 138 137 137
 138 138 138 138 142 139 139 140 139 139 140 139 138 139 139 141 145 146
 144 143 143 144 145 146 146 145 144 142 139 121 117 116 115 106  99  95
  85  80  76  73  68  67  66  61  62  67  81  89  76  65  63  56  45  44
  43  45  48  45  44  49  59  72  81  91  86  96  96  95  92  87  83  80
  78  75  70  64  63  61  59  59  58  59  56  51  49  49  51  54  55  53
  50  48  49  54  63  65  68  73  73  75  76  65  57  54  51  48  47  47
  48  49  49  61  73  83 116 169 179 177 178 180 181 181 181 180 180 183
 182 182 184 186 186 188 186 187 189 191 192 193 193 192 193 193 193 193
 194 195 196 196 195 196 198 199 198 197 198 200 201 201 201 201 201 202
 200  29]","[ 29  28 126 129 130 129 128 131 130 129 128 129 129 129 129 129 131 133
 131 130 133 135 135 136 133 136 140 134 132 131 133 139 138 139 139 139
 138 137 137 138 139 138 139 139 138 139 139 136 142 143 142 143 146 146
 145 145 143 143 143 144 145 146 147 147 138 121 117 115 114 105  97  93
  82  79  76  74  72  71  67  60  58  64  81  92  80  68  68  62  69  70
  67  61  57  52  43  36  40  45  56  78  84  95  96  97  98  90  83  80
  79  79  74  67  63  59  58  59  59  59  57  53  50  49  52  54  54  53
  51  48  49  50  59  61  66  73  72  75  79  71  65  61  57  55  53  51
  50  54  57  65  73  86 123 175 180 178 179 181 181 182 183 182 182 186
 184 183 186 188 187 188 188 189 189 190 191 192 193 193 192 192 193 193
 194 195 196 196 197 198 199 201 201 199 200 202 201 201 202 203 203 204
 201  29]","[ 28  29 125 126 128 131 130 130 130 130 129 129 129 129 130 130 130 132
 132 132 135 137 134 133 130 134 139 132 134 133 134 138 138 138 138 138
 137 137 137 138 137 137 139 139 138 138 138 137 146 147 146 145 146 145
 144 145 145 144 142 142 144 147 149 151 139 123 120 118 115 104  95  90
  84  84  80  75  74  71  63  56  56  62  74  88  87  77  73  71  74  75
  74  66  57  52  45  38  34  33  41  59  70  88  96  98  95  89  83  79
  78  79  78  74  68  63  60  60  59  58  57  56  55  52  53  55  52  51
  51  48  50  51  53  55  58  64  68  71  77  74  71  68  64  63  62  59
  54  58  61  63  67  88 143 181 181 179 180 181 182 183 184 183 183 188
 185 183 188 190 188 189 190 190 190 190 192 192 192 192 193 193 194 194
 195 196 196 196 198 198 199 200 200 199 199 201 203 202 203 204 204 206
 203  30]","[ 29  30 125 122 124 130 130 128 130 130 130 130 130 130 131 131 127 131
 132 133 137 137 133 130 130 133 136 131 138 139 137 136 139 138 137 137
 137 138 139 139 138 137 139 140 138 138 139 140 143 145 146 146 146 145
 144 145 146 146 145 146 146 146 145 144 137 125 124 123 117 105  97  93
  86  87  82  75  75  72  63  57  54  58  60  74  88  84  79  81  82  79
  78  73  59  48  44  42  37  38  39  39  37  55  70  73  78  80  82  81
  78  79  80  79  74  68  64  64  62  61  62  63  60  56  56  56  53  53
  54  52  53  57  55  55  54  55  64  66  69  71  74  74  72  71  68  63
  60  56  59  64  65  83 151 178 180 179 180 181 182 183 184 183 184 188
 185 183 188 191 189 191 191 190 190 192 194 194 192 190 195 196 196 196
 196 197 198 197 200 200 201 202 202 201 202 203 203 203 203 204 205 207
 203  30]","[ 29  31 129 125 124 128 127 128 131 130 130 133 132 129 129 131 130 129
 132 136 136 134 133 131 133 135 137 138 137 137 137 139 136 137 139 138
 136 138 142 143 138 138 138 139 138 137 138 141 144 144 146 147 145 145
 146 146 145 147 147 145 145 147 146 143 134 121 123 125 121 110 102  97
  92  87  84  77  72  64  61  59  53  54  55  72  88  86  82  82  84  86
  84  74  58  48  45  44  39  38  39  40  38  39  44  47  53  67  79  81
  80  81  81  79  73  65  64  68  67  65  65  64  64  61  58  58  58  57
  55  53  54  54  55  55  56  56  57  58  62  66  71  74  76  75  71  66
  61  57  56  62  59  93 167 178 177 179 180 180 183 184 183 184 185 186
 187 187 187 188 190 191 192 191 191 194 196 195 194 194 199 200 200 198
 198 201 201 198 199 201 202 203 203 203 203 204 204 204 204 206 207 207
 202  29]","[ 28  30 131 127 126 131 128 131 130 131 132 132 131 130 130 131 132 130
 130 132 133 132 133 132 135 136 136 136 138 141 140 137 138 138 139 139
 138 139 141 141 140 137 135 136 138 138 139 139 140 140 144 147 146 146
 147 147 148 148 145 143 145 148 148 145 136 123 123 122 119 110 102  95
  90  86  83  75  70  59  54  50  51  54  58  75  90  88  86  90  92  93
  86  73  62  54  48  47  41  38  38  39  38  38  40  41  40  54  71  77
  75  73  76  81  77  77  77  75  70  66  64  64  64  62  59  59  59  58
  55  52  54  54  54  54  55  55  55  55  56  60  66  72  76  78  76  73
  63  62  66  72  74 111 172 179 177 180 182 183 187 188 188 189 187 188
 189 189 189 190 193 195 195 194 194 195 197 198 198 199 201 203 203 201
 201 202 202 200 201 202 203 203 203 203 204 204 206 205 206 207 207 208
 203  29]","[ 29  29 131 127 129 136 130 130 129 131 133 132 132 133 133 133 132 130
 129 131 132 132 133 133 136 138 137 136 138 142 141 137 140 137 138 140
 140 140 140 139 140 140 139 139 139 139 140 141 141 140 143 146 145 146
 146 146 149 148 146 145 147 148 145 141 132 120 122 122 119 112 102  90
  88  85  83  76  72  63  58  53  55  56  58  72  84  82  82  87  95  98
  88  72  64  57  51  48  43  39  39  40  40  39  39  38  35  43  58  73
  80  81  86  92  90  91  88  81  77  74  70  66  62  60  58  59  61  60
  57  53  55  56  55  53  53  55  54  52  51  53  59  66  73  77  79  79
  70  64  62  61  76 133 179 179 183 185 186 187 190 190 189 189 188 190
 191 190 190 191 194 197 196 195 194 195 196 197 199 200 197 199 201 200
 201 203 203 202 201 202 202 203 203 203 203 203 206 206 206 207 207 207
 202  29]","[ 31  28 129 126 131 139 129 127 126 128 129 129 130 131 132 132 131 131
 131 133 135 134 133 133 136 138 139 138 137 139 140 139 140 138 139 141
 141 141 141 140 142 143 144 144 143 142 142 142 144 142 144 145 144 145
 146 145 148 148 147 146 148 148 144 140 130 118 119 121 121 114 105  94
  88  84  82  75  72  64  61  57  57  55  55  67  79  81  86  92  97  99
  93  77  64  59  54  48  41  38  38  40  40  38  37  35  37  37  47  65
  80  86  91  97  95  96  89  81  80  79  74  71  64  61  59  59  61  61
  58  55  58  59  57  52  51  53  53  51  50  51  54  60  66  71  77  81
  75  66  64  64  92 156 183 182 187 189 189 188 190 189 188 188 189 190
 191 190 189 191 194 195 195 195 194 194 194 194 196 198 193 196 198 199
 200 202 202 202 201 201 202 202 203 203 203 203 206 206 206 207 207 207
 202  29]","[ 30  28 128 127 130 136 128 126 128 128 129 130 131 131 131 132 132 133
 133 134 137 135 132 133 137 137 137 139 139 138 139 141 142 140 141 142
 141 141 142 142 144 143 143 144 146 147 145 142 144 143 144 146 145 146
 148 147 147 147 145 145 146 148 148 147 137 120 118 118 119 114 109 102
  94  90  86  76  71  63  60  57  56  56  56  65  74  77  86  93  95  96
  95  80  59  54  54  47  42  41  42  44  41  39  37  35  39  41  48  59
  70  79  88  95  96  97  92  85  83  80  77  77  72  67  62  59  60  59
  57  54  59  60  58  52  50  52  54  54  54  54  55  57  60  64  72  79
  80  73  74  80 114 169 185 189 186 188 187 187 188 188 188 188 189 189
 189 189 190 192 193 194 195 195 195 195 194 195 195 196 197 199 201 201
 201 201 201 200 201 201 202 203 204 204 205 205 206 206 207 208 208 208
 203  30]","[ 29  30 130 131 132 133 129 131 131 130 130 132 132 132 132 132 135 136
 133 132 135 133 131 134 138 135 135 139 141 140 140 142 142 142 143 142
 140 141 143 142 142 142 142 143 144 145 146 145 144 144 146 148 147 147
 148 147 146 147 147 147 147 148 148 147 140 122 119 119 120 114 109 102
  97  94  90  79  72  64  62  60  57  60  62  65  65  67  76  82  91  91
  91  79  58  51  52  48  47  46  48  47  42  38  37  37  40  45  53  61
  69  79  90  98  98  97  94  92  90  86  81  79  76  71  64  60  60  59
  58  56  59  60  58  54  52  54  57  58  56  56  56  56  57  61  67  73
  81  81  80  85 125 177 186 186 186 187 186 185 187 187 187 187 188 189
 190 190 192 194 195 195 195 196 197 196 196 197 197 197 199 201 202 202
 202 201 201 200 201 201 202 203 204 205 206 206 206 205 206 207 208 208
 203  30]","[ 28  32 129 134 134 131 131 132 131 130 130 130 131 132 132 130 136 136
 132 130 133 131 130 136 138 137 138 140 141 141 141 142 142 144 144 142
 140 143 144 142 140 143 145 144 143 144 146 147 147 146 147 148 146 146
 148 148 149 150 151 151 151 150 148 146 138 124 123 122 122 117 111 102
  93  91  86  73  66  59  61  61  60  64  64  64  61  63  72  75  83  85
  84  77  67  57  52  52  48  47  48  46  39  36  37  39  42  49  59  68
  77  86  95  99 100  98  97  97  95  91  86  79  79  74  67  63  62  62
  61  59  58  58  58  55  54  55  57  58  56  58  59  58  59  62  65  67
  73  83  86  98 145 184 186 179 186 188 187 186 187 187 187 187 187 189
 191 192 193 195 195 195 195 196 196 196 196 198 199 199 199 199 200 201
 202 202 202 201 201 202 203 204 204 205 206 207 207 205 205 207 208 209
 204  29]","[ 29  31 125 133 136 130 130 128 133 134 134 132 135 138 137 134 134 136
 132 130 133 131 131 137 137 140 142 142 140 140 141 143 143 145 146 144
 142 146 147 143 143 145 145 145 146 148 147 145 148 146 146 146 144 146
 150 152 154 153 152 152 153 153 153 152 137 125 125 122 123 121 116 107
  95  91  84  68  58  52  56  58  65  65  61  59  57  61  67  66  70  76
  74  72  72  60  49  51  51  49  49  47  41  38  41  44  48  58  70  79
  85  90  96 100 103 104 107 105  99  96  94  88  83  78  72  67  65  64
  63  61  56  56  56  55  55  54  54  55  56  59  61  62  63  65  65  64
  70  79  88 113 162 181 182 185 185 187 187 187 189 189 189 189 186 188
 191 193 193 194 194 194 195 196 196 195 196 198 200 199 200 200 201 202
 203 203 203 202 202 204 205 206 206 206 207 208 208 206 206 207 209 210
 204  30]","[ 29  28 129 131 133 136 128 131 134 135 137 137 137 138 138 137 133 133
 132 131 133 136 137 136 138 140 142 143 142 141 142 143 144 141 144 148
 145 144 146 146 148 148 147 146 147 149 148 146 148 148 150 152 152 150
 151 154 154 154 153 153 156 157 154 148 139 127 124 123 124 120 114 102
  95  89  85  76  68  68  65  60  66  63  60  58  57  56  58  60  60  59
  61  63  61  57  56  58  52  51  49  46  44  40  41  47  59  69  84  92
  93  94  98 100 103 103 104 110 105 103  96  90  85  80  76  73  70  66
  63  62  56  56  54  54  54  53  52  54  56  55  56  62  65  63  63  63
  69  74  81 121 165 186 184 186 187 187 187 186 188 190 191 190 190 191
 193 194 192 189 191 195 196 196 195 194 195 198 200 201 201 201 200 200
 203 205 204 202 202 203 205 206 205 205 206 207 209 206 207 208 209 209
 207  29]","[ 30  28 129 130 131 136 131 134 134 136 138 138 139 139 138 137 133 137
 140 140 137 136 137 137 140 142 144 145 144 144 144 144 143 142 146 148
 144 143 148 150 154 153 151 150 149 150 150 149 151 152 153 154 153 152
 153 154 155 155 153 153 154 156 154 150 138 128 127 125 123 117 113 103
  92  86  83  76  72  73  70  66  64  61  57  55  55  54  53  52  54  59
  63  64  61  58  58  59  53  49  44  41  41  39  42  48  75  81  90  96
  97  99 103 103 100  98 102 109 108 106  98  88  83  82  79  76  73  70
  66  63  59  58  56  55  55  53  51  53  58  57  57  58  59  59  60  62
  67  71  78 122 160 189 183 186 186 186 186 186 187 190 191 191 191 193
 195 195 193 192 193 195 196 195 195 194 196 199 201 202 201 202 202 201
 202 203 203 202 205 206 206 205 203 203 204 206 209 207 209 210 211 211
 209  30]","[ 29  29 132 130 132 137 136 139 137 138 138 138 138 139 139 138 134 140
 145 145 142 140 141 142 141 143 145 146 146 145 144 143 147 147 150 150
 146 146 151 154 155 153 151 151 151 151 153 154 154 155 156 155 155 155
 155 155 157 156 154 153 155 157 156 154 141 130 127 124 122 115 111 101
  89  82  80  76  74  74  71  68  67  63  58  56  57  58  55  51  54  60
  64  63  62  63  63  61  51  47  44  43  41  40  44  51  81  84  90  96
 100 103 106 105  98  95 100 107 112 110 104  93  86  86  83  78  75  73
  69  64  62  60  56  55  56  53  51  51  54  57  59  59  57  57  59  60
  70  72  85 129 163 188 184 187 188 188 189 189 191 193 194 194 194 196
 197 195 195 195 195 195 195 195 194 195 197 199 201 202 201 202 203 202
 201 203 204 204 208 209 209 207 206 206 208 210 211 210 211 211 211 211
 208  28]","[ 29  29 136 133 134 140 141 143 141 140 138 137 137 139 140 142 139 141
 143 145 145 145 146 146 143 143 145 146 146 145 144 142 152 152 152 152
 151 151 152 154 153 151 150 151 151 152 154 157 154 156 156 154 154 155
 156 156 157 156 154 154 156 158 158 156 144 128 121 121 122 118 112 100
  93  86  82  78  76  75  70  69  67  63  57  54  55  58  57  55  59  60
  59  59  62  66  65  60  57  51  45  41  37  42  58  73  97  97 102 107
 110 110 109 106  99  95 100 105 112 112 111 101  96  92  85  79  76  73
  70  66  64  62  57  56  56  54  52  52  54  56  60  61  59  58  58  60
  62  63  85 130 169 181 188 188 186 188 190 192 192 192 193 194 196 196
 195 194 194 195 196 195 197 196 196 196 198 200 202 202 201 203 203 203
 203 204 206 206 204 206 207 207 205 206 208 211 211 210 211 210 210 210
 207  28]","[ 29  29 138 135 136 141 144 146 144 143 140 139 139 140 142 144 144 143
 144 145 146 146 146 146 146 145 145 146 146 146 145 144 152 152 153 153
 154 153 153 154 155 153 152 152 153 153 154 157 153 154 153 151 151 154
 155 155 156 155 153 154 157 158 157 154 145 126 118 118 122 120 115 105
  94  89  84  79  76  72  66  66  65  62  58  54  54  56  58  58  59  56
  54  56  63  66  64  59  56  49  43  40  40  52  75  92 102 102 106 110
 111 109 107 103 101  98 102 104 110 111 113 106 103  94  86  81  77  73
  69  68  67  63  58  57  58  57  55  55  57  53  57  58  57  56  55  61
  60  58  79 131 173 176 188 186 188 191 194 195 193 192 192 193 197 194
 192 193 194 194 196 198 200 200 199 199 200 202 202 202 202 203 203 203
 204 206 208 208 205 206 206 205 204 205 208 210 209 208 210 209 211 211
 210  30]","[ 30  28 138 136 137 141 146 147 145 143 143 143 142 142 143 144 143 144
 145 146 146 145 146 148 147 146 146 146 147 147 146 146 146 151 153 153
 154 153 153 156 155 154 153 154 155 155 156 157 155 154 153 152 152 154
 156 157 157 155 154 155 157 157 155 153 149 130 122 121 122 118 116 108
  95  91  86  79  76  73  66  66  66  64  61  59  56  55  56  58  56  55
  56  61  66  67  64  61  51  44  41  42  48  64  85  95 103 102 106 110
 111 111 110 109 103 101 104 105 108 110 112 106 101  93  86  83  79  72
  67  67  66  63  58  57  59  58  56  57  51  46  51  55  55  53  50  57
  66  62  79 137 177 180 187 186 190 192 195 196 194 191 191 192 197 194
 193 195 196 195 197 201 200 201 201 201 201 202 202 202 203 203 203 202
 204 206 208 207 207 207 207 206 206 208 211 214 211 210 212 211 212 213
 210  30]","[ 30  28 139 138 140 141 146 146 144 143 143 144 144 143 143 144 143 144
 145 146 145 144 146 148 147 146 146 146 147 148 148 148 146 150 151 152
 154 154 154 157 154 154 154 154 155 157 158 157 156 154 154 155 155 156
 158 160 158 157 157 157 158 157 157 156 154 135 126 123 122 116 114 108
 100  97  90  82  81  79  72  70  68  64  61  61  59  56  55  57  58  58
  61  66  70  70  65  61  52  45  42  43  52  73  96 104 108 106 107 110
 110 109 109 108 106 102 101 104 104 110 110 105  98  94  89  85  79  72
  66  65  64  62  58  58  59  58  57  58  49  45  52  55  55  54  49  54
  62  60  88 140 182 186 187 190 189 188 189 191 191 190 190 192 195 195
 196 197 196 196 197 199 198 200 201 201 201 202 203 203 204 205 204 203
 204 206 208 208 205 205 205 206 207 210 212 214 214 214 216 214 214 214
 210  28]","[ 30  27 141 141 143 143 146 144 144 142 142 142 142 142 143 144 147 144
 143 144 144 144 144 145 147 146 146 147 149 150 150 150 148 150 148 149
 154 155 153 154 155 155 155 154 155 158 158 156 155 153 154 156 157 158
 159 162 159 159 159 159 158 157 158 160 157 136 126 124 123 117 114 107
 101  98  90  82  82  81  73  70  74  68  63  63  63  60  59  61  62  62
  62  66  71  71  65  58  47  45  48  52  61  83 105 112 113 110 111 114
 114 112 111 110 106 101  96  99 100 109 109 104  98  97  94  88  80  72
  67  65  63  61  59  59  60  59  57  58  57  53  58  55  54  54  50  56
  61  61 104 144 188 187 186 190 191 189 188 190 192 193 195 197 192 195
 197 196 195 195 195 194 197 199 201 202 202 202 204 204 205 206 206 204
 204 206 208 209 204 206 207 209 211 212 212 212 214 214 217 216 216 216
 211  29]","[ 30  30 140 143 143 143 145 145 144 139 141 144 140 139 142 145 147 146
 143 140 141 145 147 145 146 147 150 151 152 151 151 151 150 149 148 149
 152 153 154 154 155 155 155 154 154 153 153 153 154 155 156 156 155 156
 158 159 158 159 159 159 160 161 159 158 150 128 126 122 126 122 119 110
 105  97  95  87  84  77  70  65  69  62  60  65  67  62  61  65  63  62
  65  67  66  66  64  58  47  46  43  57  75  96 108 115 114 114 114 113
 112 113 112 110 107 101  98  98 101 104 103 100  99  92  89  86  81  74
  65  64  63  63  62  59  59  60  59  56  57  55  51  52  54  59  58  61
  64  76 124 170 192 189 189 189 189 188 188 190 193 194 195 195 196 195
 195 197 197 196 195 196 195 200 201 201 202 203 204 206 208 209 207 207
 208 208 208 209 211 210 211 214 214 211 211 214 215 215 215 215 216 216
 212  28]","[ 29  29 138 141 141 142 144 143 145 142 140 140 139 139 142 144 146 145
 143 142 143 145 146 145 145 146 148 150 151 151 151 150 152 151 150 150
 151 152 153 154 155 156 156 155 154 153 154 155 155 156 157 156 154 155
 157 159 158 159 159 160 161 161 160 159 159 132 125 125 127 120 115 109
 104  97  95  87  82  75  69  64  63  61  62  65  66  64  64  66  65  64
  65  66  65  64  61  57  48  46  48  67  87 106 116 122 122 122 121 117
 114 112 110 108 106 100  97  97  97  99  99  96  96  90  87  82  78  72
  64  62  63  62  61  59  56  55  56  59  56  54  51  53  54  56  55  60
  68  89 142 182 192 187 191 192 194 193 192 193 194 194 194 195 195 195
 197 199 199 197 195 194 197 198 199 200 201 203 206 206 206 208 209 208
 208 208 209 212 211 208 208 211 212 211 213 216 216 216 216 216 217 216
 213  29]","[ 29  29 137 140 141 142 144 142 143 142 139 137 139 142 143 144 145 145
 145 145 146 145 145 146 146 146 148 150 151 151 150 149 150 150 150 149
 149 150 152 153 154 155 155 155 153 153 154 155 157 158 159 157 155 155
 157 159 158 159 160 160 161 161 161 160 163 138 126 124 123 120 118 115
 106 100  99  89  81  72  67  64  63  65  67  67  66  65  65  65  66  66
  65  66  66  63  58  57  51  48  57  81  98 115 122 125 127 128 127 122
 117 113 111 109 105  99  96  96  96  96  96  96  94  89  85  79  74  70
  62  58  62  60  60  59  52  46  49  56  53  51  49  52  54  56  55  65
  75 107 159 189 193 189 193 192 195 195 195 196 195 194 195 197 195 196
 198 200 200 200 198 196 200 198 199 201 201 204 207 207 203 207 209 209
 208 207 209 213 213 210 209 211 213 213 214 216 217 218 218 219 218 217
 214  30]","[ 29  29 138 140 140 142 144 143 142 141 138 138 143 143 141 143 145 145
 146 148 148 145 145 146 147 147 148 150 152 152 150 148 147 148 149 149
 150 151 152 153 152 153 154 154 154 154 154 155 158 159 159 159 158 158
 159 160 159 160 161 161 161 161 161 160 162 147 135 128 120 118 117 114
 107 101 101  90  81  73  69  68  67  70  71  69  67  66  65  64  64  66
  66  67  69  64  58  57  53  50  64  89 103 116 122 124 126 127 127 123
 119 116 114 111 106  99  96  97  96  96  96  97  94  90  86  78  74  71
  62  55  58  58  60  59  52  44  46  52  55  52  50  50  51  54  53  67
  81 128 173 190 192 192 194 193 195 194 195 196 196 195 195 197 196 198
 200 200 201 202 201 200 203 198 201 204 201 203 207 207 203 207 209 209
 209 208 210 214 213 213 213 215 217 217 217 217 218 219 220 221 219 219
 216  30]","[ 28  29 138 139 138 139 143 143 144 142 139 141 145 142 139 142 145 145
 147 149 148 144 144 146 147 147 147 149 150 151 149 148 146 147 149 151
 153 154 153 153 152 153 153 155 156 156 155 154 156 156 158 159 160 160
 160 160 158 159 160 160 161 161 161 161 157 149 140 132 122 119 116 111
 105  99  99  89  81  75  73  73  70  69  68  68  67  65  65  65  63  67
  69  70  71  65  58  57  54  55  73  94 104 116 121 125 124 125 125 123
 122 120 116 112 108 101  97  98  97  95  95  95  92  89  85  78  76  74
  64  56  56  57  59  59  54  50  50  52  51  51  50  48  49  54  55  73
  93 151 184 188 191 193 194 197 195 195 195 197 197 196 195 195 197 199
 200 200 201 203 203 202 203 199 203 206 202 203 206 206 205 208 210 210
 210 210 211 214 212 213 215 217 218 218 219 219 219 218 221 222 220 220
 217  29]","[ 28  29 138 139 137 138 142 143 143 140 138 142 144 142 141 145 144 144
 146 148 147 144 144 146 145 145 146 146 147 147 147 147 148 149 151 153
 155 155 154 153 154 153 153 155 156 157 155 153 154 154 156 158 159 160
 159 157 158 159 160 160 161 162 162 161 159 150 138 130 125 119 119 115
 109 101  98  88  82  77  74  73  72  68  66  66  67  65  64  65  67  71
  73  73  71  66  61  59  60  67  86 103 109 120 122 128 128 128 127 125
 124 121 116 111 105  99  96  96  95  94  94  92  87  84  82  77  76  76
  67  59  57  57  56  54  53  52  51  50  49  50  52  49  49  54  60  86
 119 171 188 187 192 195 193 196 195 195 196 198 199 198 197 197 198 200
 201 202 202 203 203 202 204 203 206 208 205 205 207 206 207 209 209 209
 211 211 211 213 212 214 215 215 215 216 218 218 220 219 221 223 221 223
 219  29]","[ 29  30 138 139 137 138 142 143 142 139 140 143 143 142 144 146 145 145
 146 147 146 145 146 148 146 147 147 147 146 146 147 148 150 151 153 154
 154 154 153 153 154 153 152 153 155 155 154 153 154 155 157 158 158 157
 157 156 160 160 160 161 162 162 162 161 165 158 144 129 124 118 121 115
 114 104  98  89  84  79  75  71  73  69  66  66  66  66  66  66  72  75
  76  73  67  65  63  60  63  76  98 110 116 127 125 129 132 131 128 125
 123 119 114 108 102  98  96  94  92  91  91  89  82  81  80  75  74  73
  66  61  58  55  51  51  52  51  49  47  52  52  54  51  49  52  65 103
 149 183 189 190 194 196 194 195 196 196 198 200 201 200 200 201 201 201
 202 203 203 203 203 205 206 208 209 209 209 209 208 206 208 209 209 209
 211 211 212 213 212 214 215 214 215 218 219 219 222 219 222 224 224 226
 221  29]","[ 30  30 137 138 137 139 142 143 144 143 146 147 143 144 146 145 146 146
 147 146 146 146 148 150 150 151 151 150 148 147 148 150 152 153 154 154
 153 153 154 155 153 152 152 152 153 154 154 154 156 158 160 160 158 156
 156 156 162 162 161 161 162 162 161 160 160 162 153 131 126 121 126 116
 115 103  97  88  86  81  77  71  70  67  65  64  66  67  68  68  74  76
  76  70  62  62  64  60  59  77 102 113 120 132 127 131 131 130 127 123
 119 116 110 105 104 101  98  95  90  88  87  84  80  80  80  74  71  70
  64  61  56  51  48  51  54  54  51  48  47  45  49  49  48  54  75 125
 167 190 193 197 194 194 195 197 199 200 201 202 200 199 200 202 204 202
 202 202 203 203 206 209 208 211 210 209 211 210 207 205 208 210 209 209
 211 212 213 215 210 212 214 215 219 223 224 222 223 219 221 224 224 227
 221  29]","[ 29  30 137 137 138 142 143 144 141 146 144 148 147 143 148 146 147 147
 146 146 146 147 148 148 153 152 151 151 150 150 150 151 152 153 154 155
 154 153 152 153 154 153 153 154 156 157 156 154 158 158 159 159 158 157
 156 155 159 161 162 162 161 161 162 162 161 164 157 129 129 123 121 125
 114 107  97  85  82  84  79  73  72  66  62  66  67  66  72  75  80  77
  70  70  64  58  61  61  64  84 106 111 117 130 131 130 131 130 131 124
 119 114 107 109 105  95  97  91  83  84  82  82  81  83  82  75  69  66
  62  58  56  52  50  50  51  51  50  47  44  39  45  48  60  69  91 146
 180 190 195 194 196 196 195 197 199 200 201 201 200 199 201 203 201 203
 204 202 201 202 205 207 210 210 210 210 208 207 207 209 211 211 211 210
 211 212 215 217 218 217 217 219 222 224 224 224 226 224 221 223 225 226
 221  30]","[ 29  30 138 138 140 144 144 145 144 148 146 148 145 141 147 148 147 147
 147 147 146 146 147 148 150 151 150 150 150 152 153 153 152 152 153 153
 153 152 152 152 155 155 155 155 156 157 158 158 158 159 160 160 160 160
 159 159 158 160 162 162 161 162 163 164 159 162 160 144 132 126 123 122
 116 110 102  91  83  81  78  78  72  69  64  63  64  68  75  75  77  78
  73  68  61  57  59  60  72  87 105 109 115 125 126 125 128 127 125 121
 117 113 109 110 102  90  90  87  84  84  78  75  81  82  82  80  73  64
  58  56  56  52  51  52  51  49  46  41  42  40  41  52  68  82 103 166
 188 194 196 194 195 196 197 200 200 200 201 201 200 200 201 202 202 204
 206 206 205 206 207 208 209 210 211 212 210 209 209 209 211 211 210 209
 209 211 215 218 219 218 218 219 220 221 222 223 227 226 225 225 226 226
 221  30]","[ 29  30 139 140 141 144 144 145 144 148 147 149 145 139 145 148 145 147
 148 147 145 145 146 148 148 150 150 148 149 151 153 153 154 153 153 153
 152 151 151 151 154 155 155 154 155 157 159 160 160 160 160 160 159 158
 158 158 159 161 162 161 161 162 164 166 161 160 160 156 129 123 124 120
 116 110 105  97  88  82  79  81  78  73  65  63  63  68  75  75  74  76
  73  63  60  59  58  61  78  93 111 117 121 127 127 127 127 126 121 118
 114 110 109 108  91  82  85  86  83  83  78  76  80  81  82  81  75  67
  61  59  53  50  49  50  49  47  43  39  37  43  46  58  70 102 127 181
 195 196 195 195 196 197 198 201 200 200 201 202 202 201 201 201 202 204
 206 207 207 208 208 209 210 211 212 212 212 211 210 211 211 211 211 210
 210 212 215 218 218 219 219 219 219 219 220 222 224 226 226 225 224 225
 220  27]","[ 29  29 139 140 141 143 142 143 142 145 146 149 146 141 144 147 144 145
 146 146 145 145 147 148 149 151 151 147 147 150 152 151 151 152 153 153
 152 151 151 151 151 152 152 152 153 156 158 159 160 160 160 158 157 156
 156 156 160 161 162 161 160 161 164 166 167 164 162 164 132 120 122 123
 117 110 106 100  95  91  83  82  81  72  62  62  62  64  71  73  74  72
  67  57  58  59  54  59  83  97 114 122 123 125 127 129 125 123 117 116
 112 107 108 103  85  79  82  84  82  82  80  81  75  77  76  72  69  67
  64  60  53  49  47  47  45  44  43  41  43  49  53  54  62 119 159 191
 196 195 194 196 197 197 198 201 200 200 201 203 203 202 202 202 203 204
 205 206 207 208 209 209 212 212 211 210 211 211 211 210 209 210 211 212
 211 212 214 215 217 218 220 220 220 219 221 223 223 227 228 228 227 228
 222  29]","[ 29  29 138 139 140 141 142 143 143 144 145 147 146 143 144 146 144 144
 145 145 146 147 148 148 151 152 151 148 147 150 151 150 146 148 151 153
 153 152 152 153 151 151 151 151 154 157 158 156 158 158 158 158 158 158
 159 159 161 161 162 160 159 160 162 164 164 164 163 168 142 122 119 122
 120 115 109 101  99  97  88  82  82  72  63  63  65  67  73  74  73  69
  65  59  61  63  62  72  93 103 114 120 122 123 128 131 121 119 114 115
 112 107 107 101  88  81  79  79  80  80  79  79  75  74  70  65  65  66
  65  61  57  52  49  48  45  44  44  44  45  48  53  54  76 136 175 190
 197 194 195 197 198 198 199 201 201 202 203 204 203 202 202 203 205 204
 205 207 208 208 208 209 211 210 209 209 210 211 210 208 208 209 210 210
 211 211 212 213 218 219 221 222 223 222 222 223 221 225 227 229 229 230
 223  29]","[ 29  29 138 139 140 142 143 145 145 144 143 143 143 144 145 145 146 146
 146 146 147 147 148 149 150 151 149 147 147 150 152 151 148 149 151 152
 153 152 152 153 154 154 153 154 157 160 159 155 157 157 158 158 158 159
 160 161 162 162 162 161 161 161 163 163 161 163 163 166 151 132 122 123
 124 120 113 101  96  95  88  83  79  74  65  64  67  75  80  77  71  69
  66  63  62  63  71  88 100 106 112 120 125 126 129 129 123 118 116 116
 111 107 105  99  88  84  79  76  75  75  76  77  74  69  65  64  65  64
  63  63  57  53  52  52  49  47  47  48  51  53  59  73 119 163 183 196
 199 196 197 199 199 199 201 202 202 203 204 205 204 203 202 203 204 204
 205 208 210 209 208 208 209 209 209 210 211 212 210 207 210 209 209 209
 210 212 214 215 219 220 222 224 224 224 223 223 219 223 224 227 228 228
 221  28]","[ 29  29 138 140 141 142 143 146 146 144 143 141 143 146 145 145 147 147
 147 146 146 147 148 149 151 149 148 147 148 150 152 152 153 151 150 151
 152 153 152 152 154 155 155 155 159 162 160 156 156 157 158 158 158 158
 158 159 161 162 162 162 162 163 164 164 164 166 165 165 158 149 131 125
 124 121 114 102  95  93  88  83  76  71  64  63  68  76  81  76  75  71
  66  62  56  56  71  87  99 106 112 120 125 126 129 127 128 120 119 116
 109 106 101  95  87  86  79  74  72  71  73  74  70  66  63  62  62  60
  58  57  54  51  53  54  51  48  49  51  55  57  61  80 134 173 188 200
 198 197 200 202 199 200 203 202 203 203 204 205 205 204 204 204 205 204
 205 208 210 208 208 209 209 211 211 210 210 211 211 209 211 210 209 210
 212 215 217 218 219 220 222 224 224 224 223 224 224 226 226 228 228 228
 222  30]","[ 29  29 139 141 141 142 143 146 146 145 145 143 145 149 147 146 146 147
 147 146 145 145 148 150 152 150 148 147 149 151 152 153 155 151 147 148
 152 154 154 154 152 154 154 155 158 162 160 156 155 156 157 157 157 158
 159 160 160 160 161 161 162 164 164 163 161 164 164 164 159 158 133 119
 122 119 113 103  97  95  89  84  80  72  64  67  73  77  81  79  76  72
  64  62  57  58  77  90 103 112 116 122 123 124 130 131 129 119 119 114
 107 105  99  94  92  88  78  72  73  73  71  67  72  72  69  63  61  60
  57  52  52  50  52  53  49  46  48  51  57  63  72  90 136 179 195 199
 195 196 202 204 200 200 202 201 203 202 203 204 206 206 206 206 207 205
 205 208 209 209 209 211 210 212 211 208 206 208 210 211 209 209 209 211
 215 217 218 218 218 219 222 224 224 223 223 225 226 227 226 228 226 225
 219  29]","[ 30  29 143 143 142 140 143 146 144 145 143 142 145 150 152 151 149 147
 147 144 144 148 147 148 151 152 151 151 152 151 151 153 153 152 150 150
 152 156 158 157 156 153 152 155 159 161 159 156 156 157 158 159 157 156
 158 161 162 162 161 160 162 165 165 163 163 163 165 164 158 154 133 118
 125 116 114 108  99  94  87  84  82  73  72  72  74  80  81  80  81  75
  66  59  57  62  75  97 105 110 117 122 124 128 130 129 129 120 118 114
 103  98  98  93  89  84  78  74  73  71  66  61  66  70  67  65  62  58
  56  49  47  45  47  47  47  45  52  51  59  66  82 127 170 188 198 196
 194 197 200 201 201 200 201 201 203 202 202 203 203 203 205 208 205 205
 204 205 207 209 210 210 209 210 211 208 205 209 212 208 208 206 206 211
 215 216 217 219 220 220 222 223 223 223 223 224 224 225 226 228 228 229
 223  29]","[ 29  29 143 141 139 138 142 145 145 145 146 147 150 151 151 149 150 149
 149 146 146 149 147 147 152 153 152 151 151 151 150 151 153 153 153 152
 153 155 157 157 156 154 152 154 156 158 158 158 158 158 159 159 157 155
 156 159 162 162 162 161 163 166 166 165 162 164 166 164 159 158 138 122
 128 119 115 105  98  96  91  86  79  70  70  73  76  81  82  81  78  72
  68  57  60  67  76  96 109 109 115 123 128 129 127 124 126 120 120 116
 105 100  97  88  86  83  80  76  73  70  66  62  63  65  61  60  59  58
  57  52  45  46  47  44  46  48  46  52  66  70 103 147 185 197 199 194
 196 198 201 202 201 200 200 201 201 201 201 203 203 204 207 210 208 208
 208 208 208 209 210 209 209 211 211 208 207 210 212 210 210 208 208 212
 216 217 218 220 219 220 221 223 224 225 227 228 226 226 227 229 229 230
 223  29]","[ 28  30 143 140 138 138 143 146 146 145 146 150 151 150 149 148 153 151
 151 149 149 151 150 150 153 155 154 151 151 151 151 151 152 154 155 155
 154 155 156 156 154 155 156 158 159 159 158 158 160 159 159 158 156 155
 156 159 162 163 163 163 164 166 166 166 165 168 169 166 162 162 144 126
 128 122 116 105  99 100  95  88  78  68  68  72  77  81  81  82  85  80
  77  58  64  73  82 105 114 112 118 126 128 125 123 123 127 122 120 114
 105 103 100  90  85  84  81  76  71  67  65  64  64  64  60  61  61  60
  60  57  48  47  45  42  44  48  42  59  69  77 131 171 194 196 196 195
 197 199 201 201 201 201 201 201 203 203 203 203 203 204 206 209 207 208
 209 209 210 211 211 210 209 212 212 209 210 212 212 211 215 212 211 213
 216 216 217 218 222 221 222 223 224 225 226 227 228 228 229 230 229 230
 224  29]","[ 29  31 144 140 140 141 145 147 146 145 145 147 148 149 149 149 152 150
 149 147 147 149 151 152 153 156 154 151 152 152 152 153 152 154 156 157
 156 156 156 157 156 157 159 160 161 160 160 160 162 160 158 157 156 157
 159 162 163 164 165 164 164 165 165 165 167 169 169 167 165 163 148 130
 127 125 119 110 104 102  96  89  83  70  65  69  76  80  80  83  82  82
  75  52  58  65  81 104 110 109 114 121 121 120 122 125 126 120 116 111
 104 102 100  93  87  84  79  72  67  64  63  65  63  62  60  60  60  58
  56  54  51  47  45  46  48  47  45  66  83  99 150 188 204 202 197 195
 197 198 200 201 201 202 202 203 204 204 204 204 203 203 205 207 206 208
 209 210 211 212 211 211 210 214 212 210 212 212 211 211 216 214 213 215
 217 217 217 217 218 218 220 222 225 226 227 228 227 228 228 229 228 230
 224  28]","[ 29  30 143 141 143 144 146 145 144 145 144 144 146 150 152 151 152 151
 150 149 149 149 151 152 152 154 153 151 152 153 153 154 153 154 156 158
 158 158 157 157 161 159 158 158 159 160 162 163 163 161 159 160 160 160
 161 163 163 164 165 165 164 164 165 165 165 165 166 167 168 163 151 136
 126 125 120 114 109 103  97  93  89  74  65  66  74  79  81  87  81  84
  72  52  60  64  82  99 112 110 111 115 118 121 122 121 122 116 112 108
 103  98  94  89  87  82  75  69  66  64  63  64  61  60  59  57  54  52
  51  51  48  46  46  49  52  47  55  67  81 131 177 200 199 198 198 201
 197 198 199 200 201 202 203 203 203 203 204 204 204 205 206 206 207 209
 210 211 211 212 211 210 211 214 213 211 213 212 210 212 213 213 214 217
 219 219 219 220 217 218 220 223 225 226 225 225 224 225 226 227 227 230
 224  28]","[ 29  29 142 142 144 145 145 142 142 144 144 143 146 151 152 151 149 150
 148 149 148 145 146 146 150 152 151 151 152 153 153 155 153 154 156 158
 158 157 157 158 161 160 158 159 160 161 161 162 160 159 160 162 162 161
 159 159 161 162 164 165 165 165 166 166 166 165 166 167 169 162 153 139
 124 122 116 114 112 105 102 102  93  78  67  65  72  77  81  90  84  83
  64  49  57  60  78  90 110 111 113 114 116 121 123 121 123 117 111 106
 100  94  90  87  85  79  72  70  68  67  64  63  60  58  57  52  49  50
  48  50  45  47  46  44  49  51  65  73  91 157 187 197 194 199 198 194
 198 198 199 200 202 202 202 202 204 204 204 204 205 206 206 205 205 207
 209 210 211 212 213 212 212 213 213 212 212 212 212 214 212 213 215 218
 219 219 219 220 220 221 223 225 225 224 223 223 224 226 226 228 229 232
 225  29]","[ 29  28 141 143 146 145 144 142 142 144 145 146 148 151 152 151 155 155
 152 153 152 149 151 150 151 151 151 152 154 152 152 155 155 155 157 157
 156 155 156 158 158 159 160 162 162 161 160 159 158 157 159 162 163 162
 160 159 160 161 163 165 166 166 167 167 168 168 168 167 169 162 156 142
 125 123 114 112 111 106 105 104  94  83  72  66  69  73  77  88  88  82
  66  55  59  64  77  90 101 102 105 108 111 118 122 122 122 118 112 105
  98  94  90  88  82  77  72  70  68  65  62  61  56  55  54  48  46  48
  45  46  44  47  44  43  52  59  70  87 120 178 199 198 192 196 201 199
 199 199 200 201 202 202 202 201 205 205 205 204 205 207 206 204 204 206
 208 209 211 213 214 215 214 213 214 214 212 211 213 214 215 216 218 217
 217 216 217 219 219 220 222 224 226 226 227 228 227 229 230 231 232 234
 227  30]","[ 30  28 142 145 148 146 146 144 145 145 146 149 151 151 152 153 152 152
 148 149 147 145 149 150 152 152 152 154 155 152 152 156 155 156 158 157
 154 152 154 157 158 159 160 160 160 159 159 160 157 156 158 161 164 164
 163 162 160 160 162 165 167 167 168 168 166 168 168 165 168 163 160 145
 132 129 116 111 110 104 101  99  94  86  76  68  67  68  71  83  83  79
  72  65  65  71  80  96 106 102 100 102 108 115 118 115 115 116 113 106
 100  95  90  85  80  75  70  67  64  60  58  58  57  55  56  49  47  50
  45  43  42  45  45  50  62  68  68  96 155 188 197 195 196 198 202 201
 199 199 200 201 202 203 202 201 204 204 203 203 206 209 209 207 207 209
 210 210 211 213 215 215 215 213 215 215 211 210 213 214 216 217 218 216
 215 215 218 220 220 221 222 224 225 226 228 230 230 232 232 233 232 234
 226  27]","[ 29  29 146 146 147 149 151 151 151 148 147 148 149 149 151 155 152 150
 150 151 149 146 148 154 155 155 154 154 154 154 154 154 155 154 158 160
 154 153 155 152 158 159 160 160 159 158 159 161 159 157 160 164 166 165
 161 161 158 162 164 166 166 167 170 170 168 166 166 167 169 168 159 147
 138 135 114 113 111 103 101  98  94  88  73  65  71  65  70  75  82  81
  70  64  68  68  74  91 100  99  97  99 105 108 109 111 116 112 109 105
 101  97  89  81  78  72  68  65  61  55  54  57  57  52  50  50  47  42
  40  41  44  45  47  60  68  76  72 125 178 194 196 197 198 198 203 201
 200 199 200 201 204 205 204 202 202 204 204 204 205 206 207 210 212 209
 204 206 213 218 218 218 215 215 214 213 213 213 211 210 212 216 218 217
 216 215 217 221 222 224 226 226 224 227 229 228 231 232 234 232 233 234
 227  27]","[ 29  29 146 146 147 149 150 150 149 147 146 148 149 150 152 153 151 150
 151 152 150 149 151 155 156 156 156 156 155 154 154 155 156 154 157 158
 153 153 157 157 158 158 159 160 159 158 159 160 162 160 164 165 164 162
 158 160 156 161 162 163 165 166 169 167 171 169 168 168 168 169 164 156
 135 127 117 109 107 101  99  97  97  97  81  66  68  66  71  75  80  82
  73  63  61  60  65  77  90  95  98  97  99 103 105 106 105 104 104 101
  96  92  88  84  78  72  66  63  58  52  51  53  50  47  44  42  40  38
  38  39  45  48  52  63  64  70  94 153 184 195 194 195 196 195 201 201
 201 201 201 202 203 204 203 202 202 203 203 203 206 207 208 210 210 209
 207 206 209 214 215 212 214 213 212 213 214 215 215 214 214 217 218 217
 218 218 220 223 226 226 228 227 225 226 229 229 230 229 231 230 231 232
 226  28]","[ 30  29 146 146 147 148 149 148 149 148 148 149 151 153 153 153 150 151
 152 152 152 151 153 156 157 158 158 157 155 154 155 156 156 154 157 158
 153 154 158 159 158 158 158 160 160 160 160 160 161 161 164 163 161 158
 155 157 156 161 162 163 165 166 168 166 170 169 168 167 167 169 168 163
 138 123 124 113 107 105 101  99  95  96  83  68  67  67  73  76  82  86
  81  70  62  61  65  71  79  89  94  92  93  99 103 102 103 102 101  97
  90  86  83  80  78  71  64  59  53  46  43  45  47  47  44  41  39  41
  43  45  48  51  55  64  65  76 128 175 190 196 192 194 197 195 199 201
 202 202 202 202 202 202 203 203 203 203 203 203 207 208 208 209 210 211
 212 210 208 211 213 209 212 211 211 212 215 216 216 215 215 217 216 216
 218 219 221 223 227 225 226 227 225 225 228 230 231 229 230 230 231 232
 226  29]","[ 29  29 146 146 146 146 147 145 150 150 150 150 152 154 154 152 150 152
 153 152 152 153 154 155 158 158 158 157 156 156 157 157 157 156 158 159
 156 156 158 158 157 157 158 160 161 162 162 162 161 160 162 161 159 159
 156 157 159 162 163 166 166 165 167 166 167 167 169 169 168 170 169 165
 147 127 125 118 107 106 100  97  99  98  87  75  71  68  70  75  80  83
  82  74  66  65  68  69  75  83  89  88  90  97 100  97  96  97  98  94
  86  82  81  80  78  71  63  58  52  45  43  44  43  44  42  40  39  42
  47  50  51  53  54  60  67  88 155 180 194 196 193 196 200 197 198 200
 202 202 203 202 202 202 203 203 204 205 204 205 207 208 207 207 210 210
 213 213 209 212 215 211 213 213 213 214 215 215 215 214 215 216 216 216
 219 220 220 222 224 223 224 226 225 226 229 231 235 232 233 232 233 232
 226  30]","[ 29  29 146 145 145 146 146 145 148 149 148 148 150 152 152 151 149 151
 152 151 152 153 154 154 156 156 155 156 157 158 158 158 159 158 158 159
 158 158 158 158 158 158 158 160 161 162 162 162 163 161 161 161 163 165
 161 160 160 161 162 167 166 162 164 167 167 168 169 170 170 171 170 167
 158 137 122 120 105 104  99  94  99 100  93  81  71  67  68  75  81  81
  81  79  72  71  72  71  74  79  86  88  88  92  94  90  88  89  91  88
  81  77  78  79  71  65  58  54  50  46  45  46  41  40  40  40  40  42
  47  51  53  54  54  59  69  97 169 184 196 197 195 198 202 198 198 201
 202 202 202 202 202 202 203 204 205 207 207 207 208 208 207 208 209 206
 210 213 211 212 216 214 214 215 216 217 216 215 214 214 214 217 218 219
 220 220 220 222 224 223 225 228 227 228 230 232 234 231 233 233 234 233
 226  30]","[ 29  29 146 146 146 147 147 147 146 146 147 147 148 149 150 151 149 150
 151 151 152 153 154 154 155 154 153 154 157 159 159 159 160 159 158 158
 158 158 159 161 160 159 158 159 160 161 161 161 164 161 161 160 164 168
 164 161 160 161 161 166 166 162 164 168 167 167 168 169 168 169 169 167
 164 146 119 116 102 104 101  97  94 100  98  84  69  68  69  75  78  77
  78  78  74  70  70  70  70  75  84  87  85  87  89  87  85  81  80  80
  78  77  75  72  63  57  52  50  47  44  42  42  41  40  40  41  41  43
  47  50  54  52  56  65  80 113 171 184 196 198 197 197 200 198 197 201
 202 202 202 202 203 203 204 204 206 208 207 208 209 209 208 210 208 205
 208 212 212 213 216 217 214 215 217 217 216 215 215 215 213 217 219 220
 221 220 220 222 225 224 227 229 228 229 230 230 230 228 231 232 233 233
 227  29]","[ 29  29 146 146 146 147 147 145 146 146 148 149 149 148 149 152 151 150
 151 151 152 153 154 154 154 154 153 154 156 158 159 159 160 160 159 158
 158 158 160 163 161 160 159 159 160 160 160 161 162 160 160 159 163 168
 164 160 161 162 161 164 165 164 166 166 166 166 168 168 166 166 167 167
 165 154 125 113 102 105 101  97  97 100  99  88  73  70  64  66  75  77
  80  80  77  74  73  75  71  72  78  81  80  83  86  82  79  73  71  72
  74  73  70  65  60  55  51  50  48  44  40  39  39  39  39  39  41  44
  46  48  50  51  58  68  88 128 167 180 192 197 198 197 198 198 198 202
 203 202 202 203 204 204 204 203 207 207 206 206 208 209 209 210 208 208
 209 211 212 213 215 216 215 215 215 216 216 216 215 215 212 215 217 218
 220 220 220 222 225 225 227 228 228 229 230 229 229 228 231 231 233 234
 228  29]","[ 29  29 147 146 146 146 145 143 147 147 149 151 150 147 149 153 153 152
 151 152 153 153 153 154 154 154 154 155 155 157 158 159 159 161 160 159
 158 157 159 163 162 161 160 160 160 160 161 162 161 160 161 160 163 167
 164 162 161 163 161 162 163 165 166 163 166 167 170 171 168 167 168 168
 172 166 139 117 108 110 101  96  91  88  87  86  76  70  57  58  64  71
  76  76  75  72  73  76  76  72  72  73  73  80  82  74  76  73  73  70
  63  58  57  56  55  51  49  48  47  43  39  36  38  40  40  39  41  47
  49  48  44  50  59  62  82 131 162 179 187 196 200 198 199 200 199 202
 204 203 202 203 205 205 204 203 208 207 204 203 207 209 209 210 208 211
 211 210 211 212 213 214 218 217 215 215 216 216 216 215 213 215 216 216
 219 220 220 223 224 225 228 228 228 230 232 230 231 231 233 232 233 235
 229  29]","[ 29  29 147 147 147 144 145 147 146 150 152 151 148 148 150 151 154 151
 151 154 152 151 153 154 153 154 154 154 154 157 158 158 160 160 160 159
 158 158 159 161 161 162 160 159 161 161 160 162 163 164 162 159 161 165
 165 162 161 163 164 163 162 163 165 166 167 167 168 171 171 170 169 170
 172 169 153 130 110 105 102  92  87  86  83  80  78  70  59  58  65  65
  74  74  74  75  71  75  76  75  73  73  75  76  75  73  75  72  72  72
  66  56  53  56  54  51  49  48  44  39  36  36  37  37  37  38  41  45
  47  48  48  50  55  61  85 129 155 181 193 196 200 201 200 199 201 203
 204 202 201 203 206 206 205 203 207 204 203 206 209 210 210 209 210 211
 211 210 211 213 214 214 214 215 216 216 215 215 215 216 215 216 217 218
 218 220 221 222 225 227 230 230 229 229 231 233 233 230 233 235 233 236
 230  29]","[ 29  29 147 143 144 148 142 149 152 153 152 150 149 150 151 152 152 151
 153 153 151 151 153 154 156 157 157 155 154 156 157 157 159 159 159 158
 157 157 160 162 162 162 160 160 162 163 162 163 162 162 161 160 162 165
 165 162 162 164 165 164 163 164 166 166 170 169 170 171 170 169 169 170
 171 169 161 147 123  98  93  91  87  83  81  80  76  67  58  62  64  66
  76  76  74  76  72  76  76  76  74  74  75  75  75  73  74  69  67  69
  67  60  56  56  55  52  49  48  45  40  38  38  38  38  37  38  40  43
  46  47  51  56  63  72  84 129 159 179 191 195 200 202 202 201 201 201
 203 202 203 204 205 204 204 204 208 207 207 209 211 211 211 212 209 211
 212 212 213 215 216 215 215 216 217 217 216 217 218 220 218 219 219 219
 219 220 222 223 225 226 227 228 228 228 229 230 233 237 233 236 236 237
 228  29]","[ 32  28 148 147 152 150 154 147 156 154 152 150 151 153 153 152 151 153
 156 154 151 153 155 155 156 157 157 154 153 154 155 156 158 159 159 159
 158 158 160 161 162 161 159 159 163 164 163 162 162 162 161 161 163 165
 164 163 162 164 166 166 166 166 168 168 170 170 169 169 168 168 170 171
 173 170 168 169 150 106  91  86  87  82  79  75  70  64  60  66  65  70
  81  82  80  80  75  76  79  78  76  74  73  74  73  73  71  67  66  67
  64  59  56  57  53  50  47  46  45  42  39  39  40  39  39  39  40  43
  46  48  52  52  59  77  82 122 157 177 188 194 198 200 201 202 203 202
 202 203 205 205 204 204 204 206 206 207 208 209 209 209 209 210 209 212
 213 213 214 215 216 216 213 213 214 215 216 216 217 217 217 217 217 218
 218 220 222 223 225 226 227 228 230 231 232 232 233 229 235 232 237 235
 227  28]","[ 29  24 152 147 150 149 147 149 153 152 151 151 151 152 152 152 151 152
 154 154 152 152 154 154 156 157 157 155 154 155 156 157 158 160 161 161
 161 160 160 160 162 161 159 159 163 164 162 162 163 162 161 162 163 163
 162 162 161 163 165 166 165 165 165 165 169 168 167 166 165 165 168 170
 171 168 168 175 171 129 104  87  88  86  81  73  69  69  66  65  68  74
  82  82  82  83  79  78  79  77  74  72  71  72  72  72  69  66  64  64
  61  57  56  58  56  52  49  49  48  46  43  42  40  40  40  41  41  43
  45  47  53  51  52  69  78 115 158 180 190 196 200 200 200 203 205 204
 203 204 205 205 204 203 205 208 207 208 209 209 209 209 209 209 212 214
 215 214 213 215 216 216 214 215 217 218 219 219 217 216 218 218 219 220
 221 222 224 224 224 224 226 228 229 230 230 230 231 235 229 231 238 231
 230  31]","[ 29  33 144 150 153 149 146 150 152 153 153 152 152 152 153 155 154 152
 153 155 154 153 154 155 156 158 158 156 155 157 158 159 159 160 161 161
 160 160 160 161 162 162 161 160 162 162 161 162 161 160 160 161 162 161
 160 161 163 165 167 168 167 165 164 164 172 172 170 168 166 167 170 172
 173 173 171 172 176 147 119  88  85  80  76  71  70  73  71  68  71  74
  78  78  80  84  84  84  80  77  73  70  70  72  72  71  69  64  60  60
  60  59  57  56  58  53  48  46  45  43  41  40  41  42  43  43  43  44
  46  47  44  56  64  72  80 104 150 181 188 195 199 199 199 201 202 202
 203 203 204 204 204 204 206 209 207 207 208 209 209 209 209 208 210 212
 214 214 214 214 215 215 215 215 217 218 219 218 217 215 217 218 219 220
 221 222 222 222 224 225 228 229 229 229 228 229 231 235 229 235 234 235
 227  28]","[ 30  28 144 149 150 146 156 155 152 153 153 152 149 149 153 156 156 152
 153 156 156 154 154 155 156 157 158 157 156 157 158 158 161 161 161 160
 160 161 162 164 163 164 163 162 163 162 161 163 162 161 161 162 163 163
 162 162 160 162 164 166 166 165 164 165 169 169 168 167 167 168 171 172
 171 173 172 172 182 170 141 105  93  80  72  68  67  68  68  70  69  72
  75  78  82  85  86  85  82  78  73  70  70  70  69  67  70  67  63  61
  59  57  56  56  59  54  48  43  41  40  41  41  42  43  44  44  44  43
  44  45  53  55  59  72  90 103 139 172 187 193 199 201 202 203 204 204
 203 203 202 203 203 204 206 208 206 207 207 208 209 210 210 208 209 212
 215 216 217 218 217 216 217 216 216 217 218 218 218 217 218 218 220 222
 224 225 225 225 222 225 228 230 230 230 231 232 231 230 231 233 236 229
 222  29]","[ 28  29 147 149 149 151 149 152 152 152 151 151 149 149 151 154 155 152
 153 155 154 154 154 153 155 157 158 157 156 157 157 156 161 160 160 159
 159 160 161 162 161 162 161 161 161 161 160 161 161 161 161 161 162 162
 162 162 162 163 165 167 168 167 168 169 167 168 168 167 167 170 172 172
 174 172 173 170 174 170 148 124 101  86  78  74  69  68  68  70  70  73
  75  80  82  82  82  81  81  79  76  73  72  72  70  68  65  65  64  61
  57  55  55  57  53  50  45  42  40  40  41  42  45  46  46  46  46  45
  45  46  49  52  59  73  83  92 127 165 187 191 194 195 197 197 198 198
 200 200 200 200 201 201 201 203 203 204 205 205 205 207 206 205 206 207
 209 210 211 212 211 210 212 212 211 211 212 212 213 213 212 212 213 215
 217 217 217 218 217 218 220 222 222 223 224 225 224 226 225 226 222 229
 227  27]","[28 30 30 27 28 31 30 29 30 28 28 29 29 29 29 30 29 28 29 29 29 30 30 27
 28 29 30 29 29 29 29 28 29 29 30 30 29 29 29 29 29 30 29 28 30 30 28 29
 29 30 29 29 29 29 29 28 29 28 28 30 29 28 28 30 29 30 29 28 28 29 30 29
 30 26 31 29 26 31 28 28 32 27 29 30 28 29 29 28 29 29 28 29 29 28 29 30
 29 29 29 29 29 29 29 28 29 30 30 29 29 29 29 29 30 30 29 28 28 28 29 30
 28 29 29 29 29 29 29 29 29 30 28 30 29 30 28 30 29 29 29 29 30 29 29 29
 29 29 29 29 29 28 29 30 28 30 30 29 28 29 29 28 28 29 29 28 28 29 30 29
 29 29 29 29 29 29 29 29 29 29 29 29 29 29 29 28 28 29 30 29 29 29 29 29
 29 32 26 30 31 29 26 31]"
