"[30 32 28 28 30 30 27 29 30 29 29 29 29 29 29 28 29 29 30 28 28 31 29 29
 28 28 30 29 29 30 28 28 28 30 30 29 28 29 29 29 29 29 29 29 29 29 29 28
 29 29 29 29 29 29 29 30 31 29 29 29 29 28 28 29 29 29 29 29 29 29 29 29
 28 29 29 29 29 29 30 30 29 31 30 30 30 29 29 28 29 28 30 29 29 31 29 28
 29 30 29 29 29 29 29 29 30 29 28 28 29 29 29 30 30 29 29 29 29 29 29 29
 29 29 29 29 29 29 29 29 30 29 29 30 30 29 29 29 29 29 29 29 29 29 29 29
 29 29 29 30 29 29 29 29 29 29 29 29 28 28 29 30 29 29 29 29 29 29 29 29
 30 28 28 30 29 28 29 29 29 28 29 29 28 29 30 30 29 29 29 29 28 28 29 30
 30 27 29 27 29 32 28 33]","[33 27 31 27 29 27 33 29 28 28 28 29 29 29 30 30 28 28 30 28 27 29 27 28
 29 29 30 28 27 29 28 29 29 29 28 28 29 29 29 29 29 29 28 28 28 29 30 30
 29 30 31 30 29 29 29 29 29 28 28 29 30 30 30 31 29 29 30 30 30 29 29 29
 30 30 30 29 29 29 28 27 29 29 28 27 28 29 29 28 28 28 31 30 26 28 32 30
 29 27 29 31 28 27 28 28 28 29 29 29 29 29 29 28 28 28 28 29 30 29 29 29
 29 29 29 29 29 29 29 29 30 28 27 28 28 28 28 29 30 30 30 29 29 29 29 29
 29 28 28 29 30 30 30 30 29 29 29 29 30 30 29 28 29 29 29 30 29 29 29 29
 30 29 29 29 28 28 30 29 29 28 29 29 28 28 29 28 28 29 30 30 29 29 29 29
 30 29 31 32 28 27 31 26]","[ 29  28 101 100 100 101  96  99 100  97  94  93  94  97 102 106 112 117
 127 134 140 144 144 145 142 144 148 146 146 148 146 146 145 145 145 143
 138 135 136 139 145 145 146 147 146 145 144 143 141 142 142 141 139 138
 138 139 137 135 133 132 131 129 128 128 130 129 129 128 128 126 125 125
 123 121 118 117 117 117 116 114 115 113 111 108 106 105 104 102  98  97
  95  95  88  87  90  82  88  87  91  92  89  90  91  88  83  85  86  84
  82  82  81  79  77  77  79  80  81  80  80  80  77  77  77  77  77  76
  76  76  78  77  77  77  77  77  77  77  80  80  80  80  80  80  81  80
  78  77  76  77  79  80  80  80  79  77  75  75  74  73  69  66  67  68
  68  68  67  65  65  65  62  61  62  60  58  60  62  60  59  58  60  60
  59  59  59  57  62  64  66  67  69  73  75  75  75  79  78  79  80  82
  79  31]","[ 31  29 106 103 102 100 105 105 105 103 102 102 101 101 101 102  99  99
 102 102 104 107 107 109 114 120 129 132 137 144 146 147 149 149 149 147
 141 135 136 140 144 145 145 145 145 145 147 148 148 148 147 145 144 144
 145 146 144 142 140 139 139 139 139 140 139 137 137 137 136 135 134 134
 135 132 128 126 126 126 125 124 122 122 121 119 117 116 114 112 111 114
 109 112 114 116 125 122 110 106  97  90  91  96  96  92  89  92  93  90
  87  86  85  84  81  81  82  83  83  81  81  81  80  80  80  80  80  80
  80  79  75  76  76  76  76  75  74  74  78  78  77  77  76  77  77  77
  78  76  76  77  78  79  79  80  80  79  78  79  80  79  77  74  73  74
  73  72  70  69  68  69  65  66  67  64  61  63  64  62  59  58  59  60
  59  59  59  58  56  57  56  54  55  59  62  63  69  70  70  72  75  73
  74  28]","[ 30  28 106 104 104 103 103 102 105 104 105 105 105 104 104 104 108 104
 103 100 100 102 101 103 100 102 105 103 104 108 110 112 119 118 121 128
 133 136 138 141 148 150 152 152 150 147 147 147 145 145 145 146 147 148
 148 148 147 146 145 144 144 144 143 143 139 138 138 139 140 139 140 141
 143 141 138 137 137 137 135 133 129 130 130 128 126 125 124 124 127 139
 142 156 167 165 165 162 159 158 141 119 106  98  95 101  98 100 100  98
  95  95  94  93  90  89  88  88  87  85  84  84  82  81  80  80  81  81
  81  80  80  80  80  80  79  78  78  77  80  80  79  77  76  76  75  75
  74  74  73  74  74  74  74  75  75  75  76  77  79  80  80  80  78  78
  77  76  75  75  76  77  73  74  74  71  67  67  68  65  63  61  61  62
  60  60  60  59  62  61  58  54  54  56  58  58  57  57  57  56  59  58
  62  32]","[ 28  28 125 119 115 115 107 114 107 105 104 104 104 105 107 109 107 104
 105 104 105 105 102 103 105 104 104 102 101 103 102 104  98  97  98 102
 105 106 106 107 108 113 121 129 135 141 147 151 151 151 152 153 153 153
 151 150 145 147 148 148 148 147 146 144 143 143 143 145 145 144 145 147
 147 147 147 147 147 146 143 140 141 141 141 139 137 137 138 138 145 152
 146 140 127 110 107 111 118 133 146 152 150 131 112 108 108 107 106 104
 101  99  98  97  99  98  97  96  96  96  95  95  92  90  89  87  86  85
  84  83  84  83  82  80  79  79  79  79  80  79  78  77  76  76  77  76
  77  76  76  76  75  74  74  75  74  75  75  74  73  73  74  75  75  75
  75  75  75  76  77  79  80  80  80  78  74  73  72  70  72  69  69  68
  66  66  66  64  63  62  60  59  59  59  60  60  57  58  55  52  57  59
  55  24]","[ 29  33 135 138 135 129 128 123 123 123 122 122 119 116 113 111 114 110
 108 105 104 105 106 109 107 104 105 105 105 105 102 103 105 105 105 104
 103 102 101 102 106 104 102 100 102 107 112 116 120 123 127 131 136 141
 145 148 151 153 154 153 151 151 150 149 147 147 148 149 148 145 144 147
 150 150 151 151 150 150 148 147 145 145 144 144 145 146 148 148 148 120
  91  78  73  72  72  71  80  83  96 120 143 151 142 130 123 119 117 116
 114 111 108 108 106 104 102 102 103 102 101 101  99  98  95  94  92  91
  89  88  88  88  87  85  83  83  83  83  81  81  80  79  79  80  81  81
  78  77  77  77  76  75  74  74  74  75  75  74  73  73  75  77  76  76
  76  75  76  76  78  78  78  77  78  78  75  74  73  71  75  73  72  72
  71  71  71  70  70  68  68  68  68  65  64  64  64  60  57  62  59  57
  56  33]","[ 28  27 154 153 150 150 144 144 142 141 139 137 135 131 129 129 126 124
 123 119 114 112 109 112 112 106 106 106 107 108 107 110 108 106 104 104
 106 107 106 104 104 103 102 102 102 101  99  97  98  99  99  99  99 102
 107 111 109 114 120 126 133 142 150 154 153 153 156 158 156 152 151 154
 152 153 152 151 150 151 151 151 152 152 151 150 151 152 150 148 105  80
  72  76  74  75  73  67  71  67  71  81 100 132 151 147 135 131 128 130
 129 126 123 123 123 120 117 116 115 113 110 109  98  97  96  96  97  97
  96  96  93  95  95  93  91  90  89  87  86  85  84  83  82  83  84  84
  83  81  80  80  81  79  78  77  77  78  78  76  74  74  76  78  78  77
  76  75  75  75  75  75  75  73  75  76  75  74  74  73  75  73  73  74
  74  75  76  74  74  71  70  73  72  69  68  70  66  67  63  67  62  65
  63  27]","[ 29  28 161 163 164 162 163 158 156 156 155 155 154 151 148 145 145 143
 141 141 140 137 135 133 129 128 126 125 124 124 122 120 117 116 115 115
 116 115 113 110 107 110 112 114 114 113 111 108 105 106 108 110 111 108
 106 104 104 104 104 102 100 105 109 109 114 114 116 124 136 144 146 147
 155 157 157 156 155 152 152 155 154 154 154 153 154 158 155 116  79  77
  74  72  71  72  72  68  70  74  74  70  71  89 120 146 144 144 140 138
 140 138 134 133 131 132 131 130 130 127 122 121 116 121 116 112 112 111
 111 104 107 103  99  97  97  98  97  96  95  94  92  91  90  90  89  89
  89  88  87  85  84  85  85  81  80  81  81  80  79  79  80  81  81  80
  76  74  75  75  75  75  71  71  72  73  75  75  74  71  72  72  73  73
  74  74  75  75  73  74  74  73  72  72  73  74  73  73  73  72  71  71
  72  27]","[ 29  30 165 166 167 164 165 162 163 163 162 162 161 160 159 158 160 158
 156 155 153 151 149 148 145 144 142 140 138 137 134 132 130 130 128 127
 126 125 123 121 124 123 122 119 118 120 122 123 117 117 116 116 115 112
 110 109 109 108 109 108 106 105 107 107 103 103 102 102 105 104 104 105
 108 116 123 129 133 135 138 143 148 151 155 156 155 152 138  94  77  76
  76  73  70  70  72  71  72  72  72  75  75  72  89 120 150 157 150 149
 151 146 146 145 141 143 143 142 142 139 135 133 133 133 128 129 130 126
 125 123 118 118 118 116 112 108 106 106 102 101  98  97  97  97  97  97
  98  95  92  91  89  90  90  89  88  88  87  86  83  81  80  80  83  82
  78  76  76  75  74  75  74  75  75  74  73  72  72  73  73  73  73  73
  73  73  73  74  74  74  74  73  73  73  73  74  74  74  72  72  73  73
  73  30]","[ 30  31 168 169 169 166 168 166 167 167 167 167 168 168 168 167 165 164
 163 163 162 161 160 160 160 160 159 157 154 152 149 147 146 146 145 143
 141 139 137 136 136 134 129 125 123 124 128 130 124 123 122 122 122 122
 122 122 117 115 116 117 114 112 112 112 112 109 104 102 104 105 104 105
 104 104 101  99  99 101 105 110 105 109 113 117 121 122 112  81  77  76
  75  73  69  70  73  74  72  74  71  73  76  69  71  91 130 156 155 154
 156 152 155 151 151 154 153 152 152 149 145 143 142 141 138 142 144 139
 137 136 134 132 129 129 127 124 122 122 121 118 114 111 109 108 106 105
 104  99  97  97  96  95  96  96  96  95  93  91  90  89  88  87  87  86
  83  80  81  81  81  82  80  79  78  77  76  75  76  78  75  75  74  74
  74  74  74  74  74  74  73  73  74  74  74  74  73  73  71  71  73  71
  71  30]","[ 30  30 169 169 169 168 169 168 168 168 169 170 171 170 169 168 167 167
 167 167 167 167 167 168 166 167 167 165 163 162 160 159 158 159 160 157
 155 153 151 150 152 151 148 145 143 143 142 142 137 135 133 132 131 130
 130 130 127 124 124 123 120 120 121 120 120 119 116 116 119 118 114 113
 116 114 110 108 108 107 105 106 102 103 103 101 103 106 100  82  79  76
  73  71  70  72  75  74  73  77  73  69  72  72  73  78 108 150 161 157
 158 156 157 152 157 159 157 153 154 155 154 154 150 151 149 149 152 152
 151 151 151 146 141 140 140 138 136 135 134 132 128 126 125 123 121 119
 115 111 110 110 109 108 107 105 105 102  98  96  96  97  97  96  96  95
  92  90  90  89  88  88  88  84  81  81  81  81  80  80  79  79  78  77
  77  77  77  77  75  74  73  73  74  74  74  73  72  73  70  70  72  69
  69  29]","[ 31  30 168 168 169 169 169 169 171 170 169 170 171 171 169 167 170 170
 170 171 171 170 169 170 168 169 169 168 166 166 165 165 166 168 169 168
 165 163 162 161 161 161 160 159 159 157 155 152 152 150 148 146 145 143
 141 141 140 138 136 132 129 130 130 128 130 129 126 122 121 119 119 122
 119 120 120 120 120 115 110 109 104 104 104 105 107 106  92  79  79  75
  73  73  72  73  74  73  75  73  74  72  68  68  73  77  93 134 155 157
 162 165 161 160 155 160 161 161 162 162 159 158 156 156 155 153 154 154
 154 157 153 152 151 151 149 147 146 146 144 142 139 137 137 135 133 131
 131 130 129 126 123 123 120 115 117 113 108 105 105 104 102 101 100 100
  98  97  98  97  96  97  97  93  91  90  90  89  87  86  85  83  82  81
  81  80  80  79  78  77  75  75  75  75  74  73  72  73  72  72  72  70
  70  29]","[ 31  29 169 168 169 170 169 169 172 170 168 168 170 171 170 169 169 169
 169 170 171 170 170 170 170 171 170 169 168 167 168 168 169 170 171 170
 169 167 166 166 167 167 166 166 166 167 165 164 161 159 159 158 158 157
 156 155 153 153 152 148 146 147 147 143 141 139 135 131 130 128 129 132
 125 127 127 126 123 120 119 121 118 115 113 114 117 111  85  75  75  74
  75  75  73  72  73  72  75  71  73  74  69  69  74  73  91 112 120 119
 127 135 140 148 155 159 161 162 164 165 165 168 160 158 160 162 160 154
 150 155 157 156 154 153 153 154 153 152 151 149 147 146 145 144 142 141
 144 143 142 139 136 137 136 131 130 127 124 122 121 118 114 111 107 107
 105 104 105 104 103 103 100 101 100  98  95  94  94  95  92  91  90  89
  88  87  86  85  84  83  81  81  80  80  78  77  75  75  75  76  74  73
  74  28]","[ 30  29 170 169 169 170 168 169 170 168 167 167 168 170 171 171 169 168
 169 170 171 172 172 172 171 171 170 169 168 168 169 168 168 169 169 169
 169 169 168 167 167 168 167 166 166 167 168 168 168 167 166 165 165 164
 163 163 164 163 163 162 161 162 161 158 155 156 156 157 157 152 146 144
 142 144 143 140 137 131 128 128 129 123 119 118 120 111  81  75  74  72
  73  74  72  72  72  72  72  72  72  71  71  74  75  70  80  98 103 102
 103 101 101 101  99  99 100 105 113 123 135 146 153 152 157 160 162 160
 156 161 162 161 159 156 157 159 158 155 154 153 151 150 151 151 152 152
 152 152 152 151 149 150 150 148 142 141 140 140 139 137 133 130 128 127
 122 118 117 115 113 113 107 109 108 104 100 101 102 102 100  99  98  97
  97  97  95  94  92  91  90  90  89  89  88  87  83  80  82  82  79  80
  79  27]","[ 29  28 172 170 169 169 167 168 167 168 169 169 170 170 171 172 170 169
 168 169 170 170 169 169 169 169 169 168 168 168 169 168 169 169 169 169
 170 171 171 171 167 169 170 169 168 167 168 169 170 168 167 167 167 167
 167 168 169 166 166 167 166 165 165 164 162 165 165 164 163 160 160 162
 159 158 154 153 155 153 150 150 145 143 139 137 133 116  81  78  77  71
  69  70  71  73  73  72  70  72  72  70  71  70  70  73  76 101 105 106
 104 104 111 107 103 104 104 106 105 102 101 106 104 105 109 110 118 129
 133 139 147 153 159 159 159 161 162 161 159 157 155 153 152 152 153 153
 155 153 155 157 155 154 154 153 150 150 150 150 150 149 147 145 142 141
 136 133 133 132 130 131 125 126 122 115 112 114 113 110 104 103 102 103
 104 103 102 101  98  97  97  97  97  97  96  96  92  88  89  89  85  87
  85  29]","[ 30  29 172 171 169 170 171 171 169 169 170 171 172 171 171 171 171 170
 170 170 171 171 170 169 169 169 169 169 170 170 169 168 169 168 168 171
 169 169 171 167 168 170 169 169 168 167 167 169 167 170 169 167 169 170
 169 167 169 169 168 167 167 168 167 165 168 168 168 168 168 167 168 168
 166 165 164 164 165 164 162 160 155 158 157 153 154 133  80  77  76  73
  70  70  72  72  72  71  71  71  71  72  73  71  72  76  80 100 112 111
 111 112 113 113 111 108 107 110 111 109 107 107 104 104 105 105 103 103
 107 113 108 109 112 115 116 121 129 135 146 153 157 159 159 159 161 159
 158 161 159 157 158 157 155 157 156 155 154 153 154 156 155 154 153 155
 153 150 148 146 143 143 141 139 138 136 136 137 135 129 122 122 120 117
 115 115 112 107 104 105 106 104 102 102 102 102 101  96  94  95  96  96
  94  29]","[ 29  29 172 172 171 171 172 172 170 170 170 171 172 171 170 171 171 171
 171 171 171 170 170 170 168 169 169 170 170 170 169 169 170 171 170 170
 168 169 173 171 168 169 168 167 169 170 170 171 169 168 169 172 171 168
 169 172 173 168 166 168 169 168 169 171 168 169 169 169 169 168 169 170
 169 168 167 167 167 167 166 165 166 165 164 162 165 134  78  73  75  72
  71  71  72  73  72  71  70  71  71  72  73  72  72  76  74 102 118 118
 117 118 118 117 118 115 114 116 117 115 112 111 111 111 112 112 110 106
 105 105 101 102 103 103 100  98  99  99  96 103 106 112 117 124 132 134
 145 151 154 158 164 166 165 166 160 161 162 161 161 160 159 157 157 158
 156 154 155 155 153 153 153 153 153 150 146 146 146 143 138 138 136 134
 131 130 131 132 125 122 118 113 109 105 104 105 104 101 100 102 102 102
  99  29]","[ 29  29 173 173 173 173 173 172 171 171 171 172 172 171 171 171 170 171
 172 171 170 169 169 170 169 169 170 170 170 170 170 170 172 173 170 170
 169 167 167 165 169 167 168 171 172 171 174 180 176 174 176 177 172 167
 168 171 173 168 165 167 168 168 168 170 168 169 170 171 170 170 170 172
 171 170 169 168 168 168 168 168 171 168 167 166 172 130  74  71  74  73
  72  73  73  72  71  70  69  71  72  73  74  73  73  77  76 115 138 138
 136 135 135 133 134 130 128 129 128 124 119 117 118 117 116 116 117 116
 114 113 109 110 112 112 110 110 108 104 104 105 102 100  99 100 104 104
 101 107 112 118 125 130 135 139 151 154 157 159 161 162 164 165 163 164
 162 159 159 158 159 160 158 156 155 154 152 152 151 147 148 149 150 150
 147 143 141 142 137 134 132 132 130 126 124 125 122 118 116 115 112 110
 106  28]","[ 29  29 173 174 173 174 173 172 172 172 172 172 172 171 171 172 170 171
 171 171 170 170 170 171 169 170 170 171 170 170 170 171 170 171 170 173
 173 169 169 167 169 171 174 173 164 155 152 154 164 171 180 183 181 179
 175 168 170 170 169 168 170 172 172 169 169 168 169 170 171 171 171 172
 171 171 170 168 168 167 168 169 168 167 167 164 168 119  71  73  74  73
  73  73  73  71  70  69  69  71  72  73  74  73  74  78  83 133 159 158
 156 155 155 153 148 145 144 142 140 135 130 127 131 127 123 122 123 123
 123 122 117 116 115 115 115 117 115 110 111 113 110 108 107 106 109 108
 106 105 102  99  98  99  98  98  99 103 108 114 121 130 137 142 146 154
 161 165 166 164 163 165 163 162 162 162 160 160 158 154 154 152 150 150
 150 150 150 150 147 145 144 145 144 140 137 136 134 132 130 130 127 126
 121  29]","[ 29  29 174 174 173 173 173 172 172 172 172 173 173 172 172 173 172 172
 172 172 172 172 172 172 171 171 171 171 171 171 171 171 170 171 170 172
 171 170 173 174 176 162 137 105  79  73  76  78  78  81 101 135 165 179
 180 176 168 168 168 169 170 173 172 170 170 169 168 170 171 171 171 170
 171 171 171 170 168 168 168 169 168 168 167 164 165 112  71  74  75  74
  73  73  72  71  71  71  71  72  72  71  72  72  73  76  82 141 168 166
 164 163 165 164 162 162 162 162 159 155 153 152 147 145 143 141 140 139
 137 135 131 129 128 125 124 124 121 114 117 118 115 115 114 113 116 115
 113 110 106 106 107 109 107 103 106 104 101  98  96  97  98  98  96  99
 102 105 111 118 125 132 139 142 148 152 154 159 164 167 161 161 158 154
 152 153 153 152 153 153 151 151 151 151 150 148 147 147 147 147 145 143
 135  28]","[ 29  29 174 174 172 172 172 172 174 173 174 175 175 174 174 174 175 175
 174 173 173 173 173 173 172 172 172 172 172 173 172 172 172 172 171 171
 168 172 176 170 142 108  77  68  71  75  74  68  67  72  70  72  97 137
 168 182 173 170 168 170 171 169 168 170 171 170 169 170 171 171 169 168
 171 171 171 170 169 168 168 168 169 168 167 166 163 110  74  76  74  73
  72  72  72  72  73  73  72  73  71  70  70  70  71  73  80 143 169 165
 166 165 168 167 164 166 167 166 164 162 161 161 160 160 159 157 156 155
 155 154 146 145 146 144 141 139 134 128 127 127 123 122 120 118 120 119
 119 117 117 114 110 111 114 114 109 109 107 106 106 107 108 107 109 107
 103 103 105 103 100  99  98 100 105 109 112 119 127 131 145 151 155 154
 154 157 160 161 156 157 157 156 155 154 152 150 150 150 150 150 149 151
 147  30]","[ 29  29 173 173 171 171 172 173 175 174 175 176 176 175 175 175 175 176
 176 175 174 173 174 174 174 173 172 172 173 174 173 172 171 172 173 172
 172 177 168 140  90  72  65  71  71  69  72  74  71  73  73  74  73  80
 119 169 177 174 172 173 172 170 170 172 171 171 170 171 171 170 169 169
 171 171 170 169 169 168 168 168 168 167 166 169 159 105  74  79  75  73
  71  72  72  73  74  75  72  73  71  69  70  71  71  72  82 147 170 166
 167 167 169 167 166 167 168 167 165 165 165 165 167 166 164 161 159 160
 161 160 160 159 160 159 155 152 151 148 147 148 144 142 137 131 130 127
 129 129 129 123 114 112 116 118 116 116 116 115 115 115 115 113 116 112
 108 108 110 109 105 105 106 103 101  99  96  97  99  99  97 102 107 110
 114 121 130 136 142 145 150 154 157 158 159 159 155 155 155 152 150 152
 150  27]","[ 28  29 173 173 170 171 173 174 174 174 175 176 175 174 173 173 174 175
 176 175 173 173 174 176 175 174 172 173 174 175 174 172 174 173 173 171
 172 172 143  90  73  70  72  71  66  68  71  68  70  72  70  72  73  69
  82 112 170 171 172 170 170 171 172 171 170 171 172 172 171 170 170 171
 172 171 170 170 169 169 169 169 169 167 168 171 153  96  71  81  75  73
  72  72  73  74  75  76  71  72  71  70  72  73  73  73  84 150 172 166
 168 167 168 166 166 167 167 167 166 167 168 168 166 167 166 165 164 165
 166 165 165 164 164 164 162 162 166 168 172 174 175 175 170 162 157 153
 145 143 143 142 138 137 136 132 125 125 125 123 122 121 120 119 114 115
 114 115 116 113 111 112 111 111 112 110 105 103 106 109 103 103 103 103
 101  98  97  98  97  97 101 106 110 112 116 121 124 130 138 143 147 153
 155  29]","[ 29  29 173 172 170 171 173 175 174 173 172 173 174 174 173 172 174 175
 175 174 173 173 175 175 176 174 172 172 173 173 174 175 172 174 173 171
 181 168 108  80  78  73  69  69  70  69  69  70  69  68  70  74  75  73
  74  79 128 173 171 173 173 171 172 174 172 172 171 171 171 171 171 172
 171 171 171 171 171 171 171 171 169 167 168 168 148  92  74  78  75  74
  73  73  73  74  75  75  73  72  71  71  71  73  76  69  91 156 171 167
 167 169 165 169 169 169 169 168 168 168 168 168 168 167 166 166 165 164
 165 167 165 167 163 166 164 170 180 171 164 151 138 136 142 150 160 167
 163 162 152 156 153 153 153 152 147 145 144 142 139 137 135 133 130 123
 119 120 122 119 116 115 111 114 116 115 114 115 114 112 111 110 110 110
 110 109 107 105 104 102 101  97  96  96  95  97  99  96  96 102 103 109
 120  30]","[ 29  30 174 174 172 173 174 175 174 173 172 172 173 173 173 173 175 175
 175 174 174 175 175 175 175 174 173 173 173 173 174 175 174 175 174 174
 178 147  89  78  78  74  71  72  72  71  71  71  70  69  71  74  75  74
  75  78  96 155 174 172 172 174 175 174 173 173 172 172 171 172 172 172
 172 172 171 171 171 171 171 171 171 169 170 170 144  85  73  76  76  75
  74  73  74  74  75  75  75  74  72  72  71  74  77  70  96 159 171 168
 169 170 166 169 169 169 169 169 170 169 169 168 168 167 167 167 166 165
 165 167 167 163 166 165 171 179 159 131 103  88  79  80  82  88 110 136
 162 169 163 157 158 162 159 164 159 158 157 156 155 154 152 151 146 145
 143 140 137 134 132 132 124 123 121 118 119 119 118 114 116 115 114 114
 114 114 112 111 114 111 110 107 106 107 105 105 102 105 101 104 103  97
 101  28]","[ 29  29 174 174 174 174 174 174 174 173 173 172 172 173 173 174 175 174
 174 173 174 175 175 174 174 173 174 174 174 173 173 174 174 176 173 175
 176 127  75  77  77  74  72  73  73  73  72  72  73  73  73  74  75  75
  76  77  79 142 182 176 174 175 174 172 174 174 173 172 172 172 173 173
 173 173 173 173 172 172 172 172 171 171 172 175 139  79  75  76  76  75
  74  74  74  75  75  75  74  74  72  72  70  73  76  71 101 163 172 169
 170 172 168 169 169 169 170 171 171 171 169 168 168 167 167 168 168 167
 167 167 166 165 167 169 171 145 101  82  76  77  80  82  75  67  68  75
 105 142 172 168 160 166 162 162 162 162 162 162 162 162 161 160 156 158
 159 155 152 151 150 149 146 144 141 137 136 136 134 132 126 124 123 122
 122 121 119 118 116 113 113 112 114 116 114 113 114 114 110 111 107 108
 107  28]","[ 29  29 173 174 174 174 174 173 174 174 173 173 172 173 174 175 175 175
 174 173 173 174 174 174 174 174 174 175 174 173 174 175 174 175 173 174
 174 123  77  78  76  74  73  73  73  73  72  72  75  75  74  73  74  76
  76  76  74 124 179 174 174 174 173 174 175 175 174 173 173 173 174 174
 174 175 175 175 174 174 173 172 171 171 172 179 137  78  81  78  77  76
  75  74  74  75  75  75  74  73  72  71  69  72  77  72 106 166 172 169
 171 172 170 171 170 170 170 171 172 171 170 168 169 168 167 168 168 168
 168 167 164 165 166 169 149  97  69  71  74  77  76  71  68  70  70  68
  72  94 138 166 164 161 161 161 161 161 162 163 163 163 162 161 159 159
 159 159 159 160 160 158 157 158 157 154 151 150 149 148 145 144 142 141
 139 138 136 135 132 128 127 124 124 124 120 119 121 118 113 114 114 120
 116  28]","[ 30  29 173 174 174 175 174 174 174 174 174 173 172 173 174 175 175 176
 176 175 174 174 174 175 175 174 175 175 174 174 174 175 174 172 173 175
 171 124  82  81  78  76  74  73  73  73  72  72  76  75  74  72  73  75
  75  74  72 111 175 173 175 174 174 177 175 175 175 174 174 174 174 174
 174 175 176 176 175 174 173 172 171 170 172 180 135  79  85  79  77  76
  75  74  75  75  75  75  74  74  73  72  70  74  79  75 109 169 173 170
 171 171 171 172 171 171 170 171 171 171 170 169 170 169 168 167 168 169
 169 168 167 161 167 150 106  73  75  74  73  73  72  70  69  69  70  71
  74  75 102 146 166 162 163 164 163 163 163 163 164 163 162 161 162 160
 159 161 162 162 161 161 159 161 161 160 158 156 156 157 156 155 155 154
 152 151 149 148 147 144 143 139 136 134 131 131 130 130 122 123 126 124
 116  32]","[ 29  29 173 174 173 174 174 174 174 174 173 173 172 173 174 175 175 176
 177 175 174 174 174 175 175 174 174 174 173 173 174 175 175 171 173 177
 171 128  85  84  80  78  75  74  73  73  72  72  74  74  72  71  71  73
  73  73  71 106 177 177 175 176 174 175 175 175 175 175 175 174 174 174
 174 175 175 176 175 174 172 171 172 171 172 178 130  78  84  77  76  76
  75  74  75  75  74  74  74  74  73  73  71  75  80  76 114 172 173 171
 172 171 172 172 173 172 171 171 171 171 171 170 171 170 169 168 169 170
 169 168 168 164 167 122  80  70  73  73  72  70  68  69  70  69  69  70
  67  75  85 122 163 165 162 164 164 163 163 163 163 162 161 160 163 162
 162 163 162 161 161 162 163 162 161 161 162 162 162 161 162 162 162 162
 162 161 160 160 158 157 158 156 154 155 153 155 149 148 144 142 141 139
 135  31]","[ 30  29 173 174 173 174 174 174 174 174 173 173 173 173 174 175 175 175
 176 175 174 175 175 175 175 174 173 173 173 173 173 174 174 173 173 176
 176 140  89  87  81  79  77  75  76  76  75  74  73  72  71  71  71  71
  72  73  67  97 172 177 174 175 174 174 174 174 175 175 175 175 174 174
 175 175 175 175 175 174 173 172 173 173 174 175 123  76  82  77  76  76
  75  75  75  75  74  74  73  73  72  72  71  75  79  75 118 175 173 172
 175 173 173 173 174 173 172 172 172 172 171 171 172 172 171 170 170 170
 169 168 166 169 154  98  77  73  69  75  73  72  70  68  69  71  69  66
  69  68  67  99 155 167 160 166 166 165 165 165 165 164 164 163 161 163
 164 163 162 162 162 162 163 162 161 161 162 163 163 163 160 161 161 161
 161 161 161 161 161 160 162 161 160 161 159 160 161 157 158 156 152 156
 157  26]","[ 29  29 174 175 174 175 175 174 175 174 174 174 174 175 175 176 175 175
 175 175 176 177 177 176 176 175 175 175 175 175 174 174 172 176 173 173
 181 155  96  90  81  80  78  77  79  80  79  77  73  72  71  72  72  71
  72  73  74  96 168 178 175 174 173 174 173 174 175 175 175 175 174 173
 176 176 175 175 175 174 174 173 173 174 175 172 118  74  81  79  76  76
  75  75  75  75  74  74  73  73  72  72  71  75  79  74 120 176 173 172
 177 176 176 174 174 174 173 173 172 172 172 172 172 173 172 171 171 171
 170 168 169 170 137  82  73  72  73  72  69  70  71  71  72  71  69  68
  68  69  71  89 143 169 165 165 166 165 165 165 165 165 165 165 163 166
 166 164 164 166 165 161 161 162 164 164 163 161 162 164 163 163 163 162
 162 162 162 162 162 162 164 163 163 163 161 162 163 160 159 160 164 160
 160  28]","[ 29  29 172 173 173 174 174 174 174 174 173 174 174 175 175 175 175 175
 174 173 173 174 175 175 173 174 174 174 174 174 173 173 172 175 172 174
 181 167 100  90  84  82  79  77  77  78  80  81  80  76  73  71  71  71
  72  73  69  91 162 179 174 175 172 173 173 173 174 174 174 175 175 175
 175 175 176 175 174 173 173 173 174 172 172 170 106  77  81  79  75  74
  74  74  74  74  75  76  73  72  74  73  73  75  73  73 121 174 174 174
 178 176 174 175 175 174 174 174 174 173 172 172 173 174 173 174 172 170
 171 169 171 159 105  69  73  75  70  69  71  70  69  71  72  71  69  67
  68  73  71  82 136 169 165 165 167 167 167 166 166 166 166 165 165 165
 165 166 166 166 165 164 165 165 165 165 164 164 165 165 165 163 162 161
 162 162 162 162 162 162 163 164 164 164 164 164 165 163 162 163 162 161
 163  29]","[ 29  28 172 173 173 174 174 173 174 174 174 174 174 175 175 175 174 173
 173 173 173 174 174 174 174 175 175 175 175 175 174 173 174 175 175 176
 179 171 109  87  85  82  79  77  77  79  81  81  81  78  74  71  70  70
  71  72  66  86 156 178 173 175 173 174 174 174 174 174 174 174 174 174
 175 175 175 175 174 173 173 173 170 173 175 165  99  79  80  75  74  73
  72  73  73  74  74  75  73  72  74  73  74  75  73  74 124 175 175 174
 178 177 175 176 174 174 174 175 175 174 173 174 173 175 175 174 173 172
 172 171 174 146  90  72  74  72  68  70  71  70  70  71  71  70  68  68
  69  71  68  76 133 171 166 167 165 165 166 166 166 167 167 168 167 166
 166 166 167 166 166 165 166 165 165 165 165 165 165 165 164 164 163 162
 162 162 162 161 161 161 163 164 165 165 165 166 165 164 163 164 162 161
 163  29]","[ 29  29 173 174 174 174 174 173 173 173 174 173 173 173 174 174 174 174
 173 174 174 175 175 174 175 175 175 175 175 175 174 173 175 174 176 176
 175 176 122  85  85  82  78  76  77  80  81  81  82  78  74  71  70  69
  71  72  70  86 149 180 173 174 174 174 175 175 175 175 174 174 174 174
 174 174 175 175 174 173 172 172 170 173 179 159  93  80  78  73  73  72
  71  72  73  73  72  72  71  71  72  72  74  75  73  75 126 175 175 174
 176 176 175 176 172 173 174 175 175 174 174 174 174 175 175 173 173 173
 172 174 172 125  74  73  72  70  67  69  71  71  72  71  69  67  67  68
  68  69  67  72 130 174 168 169 169 169 169 168 167 167 167 168 168 167
 167 167 167 167 166 166 167 166 166 165 166 166 166 165 164 164 164 164
 163 163 162 162 162 162 163 165 166 166 166 166 166 165 164 164 162 161
 163  29]","[ 29  30 174 175 174 174 174 173 173 173 173 173 172 172 173 173 175 174
 174 175 176 176 176 175 174 174 174 174 174 174 173 173 175 173 174 173
 173 179 131  86  84  81  78  77  77  79  80  81  79  76  74  71  70  70
  72  73  67  78 134 178 172 173 176 175 175 175 174 174 174 174 174 174
 173 174 175 174 174 173 172 172 173 172 179 151  88  79  75  75  73  72
  71  72  72  71  69  69  68  68  70  70  73  73  72  76 130 174 174 174
 174 176 175 174 173 174 175 175 174 173 173 174 175 174 175 172 172 172
 171 176 162 104  69  71  68  70  68  67  71  71  71  70  67  65  65  67
  67  68  68  71 130 176 169 170 172 172 172 170 168 167 168 169 169 169
 169 169 169 168 167 167 170 169 167 167 167 167 166 165 165 166 167 167
 166 165 165 165 164 164 165 167 167 166 165 165 165 165 164 165 163 162
 163  29]","[ 29  29 174 175 174 174 173 173 173 173 173 173 172 172 172 173 175 174
 174 174 175 175 175 175 174 174 174 173 173 173 173 173 174 173 173 171
 173 178 133  84  82  81  79  77  76  77  79  80  76  75  73  72  71  71
  72  73  69  75 120 177 173 173 176 174 174 174 174 174 174 174 174 175
 174 174 174 174 173 173 172 172 172 171 178 138  83  79  75  76  73  72
  71  71  71  69  67  66  67  68  68  68  72  71  70  78 136 174 174 174
 174 176 174 173 174 174 175 174 173 172 173 174 175 173 172 172 172 171
 172 177 144  86  71  69  67  69  67  67  69  69  68  67  66  64  64  65
  66  67  68  71 130 176 169 171 171 172 172 171 170 170 170 171 171 171
 171 172 172 171 170 169 171 170 169 168 169 169 168 167 166 168 169 169
 168 167 167 167 166 166 166 167 166 165 163 163 165 165 165 165 164 163
 164  29]","[ 29  29 174 175 174 174 173 173 174 174 174 174 173 173 173 173 174 174
 174 174 174 174 175 175 175 174 174 174 174 174 174 174 173 174 173 172
 174 178 136  84  80  81  80  78  75  75  77  79  77  75  74  73  73  72
  72  73  76  76 109 175 175 173 174 172 173 173 173 173 173 174 175 175
 174 174 174 174 173 172 172 173 170 172 176 123  80  82  79  76  73  72
  71  71  70  68  66  65  68  69  69  69  72  70  70  82 144 173 172 173
 173 175 173 172 173 173 173 173 172 172 172 173 173 172 170 173 172 171
 174 171 121  73  71  68  67  66  64  68  67  66  65  66  66  65  65  65
  65  66  66  73 132 174 169 171 171 172 172 172 171 171 172 173 172 172
 172 172 173 172 171 170 171 170 170 170 170 170 170 169 169 170 171 170
 169 167 167 167 167 167 167 167 167 165 164 163 165 166 166 166 165 165
 165  29]","[ 29  30 174 175 174 174 174 174 175 175 174 174 173 173 173 173 174 174
 175 175 174 174 174 174 174 174 175 175 175 175 175 175 174 173 173 173
 173 179 145  89  81  81  81  78  74  73  75  78  77  75  73  73  73  73
  73  73  73  70  92 168 173 173 174 173 173 173 173 173 173 174 175 175
 174 174 174 173 172 172 173 173 171 173 174 113  83  84  82  78  74  73
  72  71  70  68  66  65  68  70  70  69  72  71  72  86 152 174 170 173
 172 174 173 172 173 173 173 173 173 172 172 173 173 173 170 173 171 171
 174 157  98  69  69  68  67  65  64  68  66  65  64  65  66  65  65  65
  66  67  66  78 137 174 169 171 172 172 172 172 172 172 172 172 172 171
 171 171 171 172 171 171 171 171 171 171 171 171 171 171 171 171 171 170
 169 168 168 168 169 169 169 169 169 167 166 166 167 168 167 167 166 167
 166  29]","[ 29  29 174 174 173 173 173 174 175 174 173 173 173 173 172 172 173 174
 175 175 174 173 173 173 173 174 175 176 176 176 175 175 175 171 173 172
 170 181 155  96  82  82  80  77  74  73  75  77  75  73  71  71  72  73
  73  74  75  70  85 165 173 172 172 172 173 173 173 173 173 174 175 175
 174 174 173 173 172 172 173 173 173 172 171 110  86  82  81  79  77  76
  74  73  71  68  66  66  68  70  70  69  73  72  74  90 159 176 170 173
 173 175 174 174 174 174 174 175 174 174 173 173 173 176 170 173 170 171
 171 144  84  72  68  68  67  67  68  67  66  65  65  65  65  65  64  64
  68  70  68  84 143 175 169 169 169 170 170 171 172 172 172 172 172 171
 171 170 171 172 172 172 171 171 171 171 171 171 171 171 171 171 171 170
 170 169 169 170 171 171 171 171 171 169 169 169 169 169 168 168 168 168
 167  29]","[ 29  30 174 175 173 174 175 177 176 175 174 173 174 174 174 174 174 174
 174 174 174 174 174 174 174 175 176 175 175 175 175 176 175 174 175 170
 174 177 159  96  82  81  78  76  76  75  74  74  72  71  71  73  73  73
  73  73  72  69  81 157 176 170 170 174 173 173 174 174 174 174 174 174
 173 173 173 173 172 171 172 174 173 175 168  96  92  86  81  82  79  77
  75  75  75  73  70  69  70  72  70  71  73  75  77  87 163 176 173 170
 174 174 174 175 174 174 174 173 174 174 174 174 175 172 172 172 172 175
 174 124  78  75  71  67  66  67  68  68  66  65  65  65  65  64  66  68
  68  72  66  88 154 175 168 167 169 170 171 172 172 172 172 171 171 171
 171 171 171 171 171 171 172 171 171 171 171 171 171 171 172 172 172 172
 171 170 171 171 171 170 170 172 172 171 171 172 170 170 172 170 169 168
 169  29]","[ 29  29 173 173 172 173 174 175 175 174 173 173 173 174 174 174 174 174
 174 174 174 173 173 172 173 174 175 175 175 175 175 176 174 173 173 171
 173 174 162 102  81  80  77  74  74  73  72  73  73  72  72  73  73  73
  72  72  71  66  73 143 174 172 171 170 172 172 173 174 174 174 174 174
 173 172 171 172 173 172 172 173 171 175 162  90  88  84  80  80  78  77
  75  75  74  73  72  71  70  71  71  73  75  75  78  96 168 176 172 172
 175 174 174 173 173 173 173 173 173 174 175 174 174 174 172 170 172 179
 162 104  76  74  71  68  66  67  68  68  66  65  64  65  65  64  65  67
  68  69  66 104 166 175 168 171 170 171 171 172 172 172 171 171 172 172
 172 172 171 171 171 171 171 171 171 171 171 171 171 171 172 172 171 171
 171 171 170 170 171 170 171 172 171 170 170 171 172 171 173 171 171 170
 171  29]","[ 29  29 173 173 171 172 173 174 175 174 174 174 174 174 174 174 174 175
 175 176 175 174 173 172 173 174 174 175 176 176 175 175 175 173 172 173
 172 171 165 107  81  81  77  74  72  71  71  73  74  72  72  72  73  73
  72  71  72  68  72 129 171 172 171 171 172 173 174 175 175 175 175 175
 174 172 171 172 173 173 173 172 173 178 155  86  86  85  82  81  79  78
  77  76  75  75  75  75  74  73  73  78  78  77  80 108 174 175 172 174
 175 175 175 172 173 173 173 173 174 175 176 175 174 174 174 171 174 182
 147  88  75  74  72  69  68  68  69  69  67  66  65  65  65  65  65  66
  68  68  67 120 176 173 169 172 172 172 173 173 173 172 172 172 172 172
 173 173 173 172 172 171 171 171 171 171 171 171 171 171 172 171 171 171
 171 171 170 169 171 171 172 172 171 170 170 171 172 171 172 171 172 172
 171  29]","[ 29  29 174 174 173 173 173 173 174 173 173 173 174 174 174 174 173 174
 175 176 176 175 174 173 174 173 174 175 175 175 174 173 174 174 172 174
 171 170 170 113  82  82  79  75  73  71  71  73  74  72  71  72  73  72
  71  71  72  69  72 116 170 172 172 173 172 173 175 176 175 175 175 176
 175 174 172 173 174 174 173 172 174 180 146  84  87  87  84  82  79  79
  79  79  78  77  77  77  78  76  77  81  80  79  81 117 178 174 173 176
 175 175 175 172 174 174 174 174 175 176 176 176 175 174 174 174 175 178
 129  82  73  74  73  70  68  69  70  71  70  68  67  66  65  65  65  65
  68  69  70 131 177 171 172 171 173 173 173 173 173 173 173 173 172 172
 173 173 174 173 173 172 171 171 171 171 171 171 171 171 171 171 171 171
 171 171 170 169 171 171 170 170 170 171 171 171 171 170 172 171 172 171
 171  29]","[ 29  29 174 175 174 173 173 172 172 173 173 173 173 173 173 174 173 173
 174 174 174 174 173 173 173 173 173 174 175 175 173 172 171 173 172 174
 173 172 174 121  84  84  81  77  74  72  71  73  73  72  71  72  73  72
  72  71  72  67  67 103 169 174 171 173 172 173 174 175 175 175 175 175
 175 175 175 174 175 175 174 173 174 176 132  82  87  86  83  80  78  79
  80  80  79  77  77  77  79  78  78  80  80  81  80 122 179 173 174 176
 174 175 176 175 175 175 174 174 174 175 175 175 176 174 173 173 175 172
 112  75  72  73  72  70  68  69  70  71  72  70  67  65  65  65  65  65
  67  67  73 139 176 171 174 172 173 173 173 173 173 173 174 174 173 173
 174 175 175 174 173 173 172 172 172 172 172 172 171 171 170 171 172 172
 171 170 170 170 171 169 167 167 169 171 171 171 171 171 173 172 172 171
 171  30]","[ 28  29 174 175 173 173 173 172 173 174 174 175 174 174 174 175 174 174
 174 174 174 174 174 173 174 173 173 174 176 176 175 174 173 174 173 174
 174 173 175 129  86  86  82  78  76  73  72  74  73  73  72  73  73  73
  72  72  73  70  69  96 164 172 170 173 174 174 174 174 175 175 175 175
 174 175 175 175 175 175 175 174 175 170 118  82  88  85  83  80  79  80
  81  81  80  79  78  78  79  79  80  80  80  83  80 128 179 173 175 176
 174 175 176 177 177 177 176 175 175 176 175 175 175 175 174 172 177 167
 102  71  73  73  72  70  70  70  71  72  71  70  67  65  64  65  66  66
  66  62  78 150 176 171 172 173 174 174 174 174 175 175 175 175 174 175
 175 176 175 175 174 173 172 172 173 173 173 172 172 171 170 171 172 172
 171 170 171 172 171 169 167 166 168 171 172 172 171 171 173 171 171 170
 171  29]","[ 29  29 173 174 173 173 173 172 173 174 175 176 175 175 175 175 174 174
 174 174 175 175 175 175 175 174 174 175 176 176 176 175 175 174 173 174
 175 172 174 140  88  87  84  79  77  75  74  76  74  74  74  74  74  73
  73  73  73  74  72  91 158 172 170 175 175 174 173 174 174 175 174 174
 173 174 175 175 175 175 175 173 177 164 106  83  88  83  83  81  81  80
  80  80  80  79  79  80  80  80  80  80  79  83  81 136 179 174 176 175
 174 176 176 178 178 178 177 176 176 176 176 175 175 175 175 174 178 156
  91  72  73  73  72  72  72  73  73  72  71  71  68  65  64  65  66  66
  66  61  88 159 176 172 169 174 174 174 175 175 175 175 175 175 175 175
 175 175 175 174 173 173 173 173 173 173 173 173 172 172 171 171 171 171
 171 171 172 172 172 171 169 167 169 172 173 173 172 171 172 170 171 171
 171  29]","[ 29  29 173 173 172 173 173 173 173 174 175 175 175 174 174 174 172 172
 173 174 175 175 175 175 175 174 174 174 175 175 174 174 174 171 172 173
 176 172 175 151  90  89  84  80  78  76  75  77  75  75  75  75  74  73
  73  74  72  72  68  84 155 176 173 174 175 173 172 172 173 174 173 173
 173 174 174 174 174 175 174 172 177 158  97  80  86  80  81  80  81  80
  79  78  78  79  80  81  80  79  79  80  79  82  80 140 179 175 176 174
 175 177 176 179 178 178 177 176 176 176 176 175 178 175 175 175 175 140
  79  74  73  73  72  72  73  73  72  71  72  72  70  66  64  65  66  65
  68  64  98 165 175 175 169 174 173 173 174 174 174 174 174 173 173 174
 174 174 174 173 173 173 173 174 174 174 174 173 172 172 171 171 170 170
 171 172 172 172 171 172 170 168 168 171 173 173 175 172 172 171 172 172
 172  29]","[ 29  29 173 174 174 175 175 174 174 174 174 174 174 173 173 172 173 174
 175 176 176 176 176 175 175 175 175 174 174 175 175 175 174 173 172 174
 173 174 173 160  98  83  87  82  81  78  80  80  76  76  76  76  76  75
  73  73  71  73  72  76 137 178 173 174 174 174 173 172 172 172 173 173
 173 173 172 171 172 173 174 173 180 144  86  84  82  82  82  81  80  80
  79  79  80  80  80  80  80  76  78  78  84  76  89 145 177 174 176 176
 176 176 175 178 180 178 177 176 176 176 176 176 174 178 176 177 178 120
  76  71  72  72  72  73  73  72  72  72  73  72  72  72  69  66  65  66
  69  65 108 172 173 176 171 174 173 174 175 175 175 175 175 174 174 174
 174 173 172 172 172 173 174 174 173 174 174 173 172 172 172 172 172 172
 172 173 172 171 172 172 171 171 171 172 173 174 174 172 173 174 174 172
 173  28]","[ 29  29 173 174 173 174 174 173 173 173 173 173 173 173 173 173 173 173
 174 174 174 174 174 174 174 175 175 174 174 175 175 174 173 173 172 174
 172 173 174 162 105  84  85  79  79  79  81  80  79  78  77  76  75  75
  73  72  71  73  72  72 127 175 173 174 174 174 173 173 173 173 173 173
 172 172 171 172 173 173 173 172 178 135  88  86  84  81  82  81  81  80
  78  78  79  79  79  78  77  76  77  77  82  78  88 146 179 175 176 176
 176 176 175 178 176 176 175 175 175 175 175 175 178 176 174 175 168 100
  71  73  73  72  73  73  73  72  72  72  71  71  71  71  70  68  68  69
  67  68 122 177 175 176 172 174 174 174 174 174 175 175 175 175 174 174
 174 173 172 172 172 173 173 173 173 173 173 173 174 174 173 173 173 173
 174 174 173 173 175 174 173 173 173 173 174 175 175 173 173 175 175 173
 173  29]","[ 30  30 174 175 174 174 174 173 173 173 173 173 172 173 174 175 174 173
 173 173 173 173 174 174 174 175 175 175 175 175 174 173 173 173 173 174
 172 173 174 166 109  86  89  83  80  79  81  81  81  79  76  75  74  74
  72  71  70  73  74  73 117 174 175 173 174 174 174 174 173 173 173 173
 173 171 171 172 173 172 172 172 174 122  89  88  85  80  82  81  81  79
  77  76  77  78  77  76  76  77  78  77  81  81  88 150 179 175 175 175
 175 175 174 176 175 175 175 175 175 175 176 176 177 174 176 178 162  86
  73  74  73  73  73  73  73  72  72  72  72  72  71  70  69  67  67  68
  70  79 145 182 176 175 172 172 174 174 175 175 176 176 175 175 174 174
 173 173 173 172 173 173 172 173 173 173 172 173 174 174 174 174 173 174
 174 174 174 173 173 173 172 172 172 172 173 173 174 173 173 174 175 173
 175  29]","[ 30  30 174 175 174 174 174 174 174 174 174 174 174 174 175 176 174 174
 174 173 174 174 174 175 174 175 175 175 175 175 174 173 174 173 174 174
 171 171 173 170 119  88  89  84  79  78  81  82  79  77  74  73  73  73
  72  71  70  72  73  71 106 171 179 174 174 174 174 174 174 174 173 173
 173 171 171 173 173 171 171 174 168 108  90  89  85  80  82  81  81  79
  77  77  78  79  77  76  76  79  80  78  81  84  91 155 178 174 175 175
 176 176 173 175 175 175 176 175 175 175 176 176 176 174 177 178 151  80
  76  73  73  72  72  72  72  71  71  72  73  72  71  69  68  67  66  66
  64  87 160 180 175 174 175 174 174 174 176 177 178 177 175 174 174 174
 174 173 173 173 173 173 172 173 174 174 174 174 174 174 174 174 174 174
 174 174 174 174 174 174 173 173 173 174 174 175 174 173 173 174 174 173
 175  29]","[ 29  29 174 175 174 175 174 174 174 175 176 176 176 175 176 176 174 174
 174 175 175 175 175 175 175 175 175 175 175 175 174 174 174 173 174 173
 171 171 171 173 137  89  82  78  76  78  80  80  78  76  74  73  73  73
  72  71  72  69  67  66  91 161 181 176 175 175 175 175 175 174 174 173
 173 172 173 173 172 170 172 176 158  98  91  88  85  81  82  80  83  81
  79  78  79  80  78  77  76  79  80  79  80  84  96 161 179 175 176 176
 177 177 174 175 174 174 174 174 174 174 175 176 176 176 177 173 129  70
  71  68  71  71  71  71  71  70  71  72  70  70  69  69  69  69  69  69
  65 104 172 180 176 176 178 177 175 175 176 176 177 176 175 174 174 174
 174 174 174 174 174 174 175 174 173 174 175 176 176 175 175 175 175 175
 175 175 175 175 174 174 174 174 174 174 174 175 174 173 174 174 175 174
 175  29]","[ 29  29 174 175 175 175 175 175 174 175 175 176 176 176 175 174 173 174
 174 175 175 175 175 175 175 176 176 175 175 175 175 174 175 172 174 173
 172 171 171 176 149  91  82  79  77  76  77  77  76  74  73  72  72  72
  71  70  70  65  65  66  81 147 180 175 176 176 175 175 175 175 174 174
 173 173 174 174 172 171 174 178 146  92  92  88  85  82  83  81  82  81
  80  79  79  79  77  76  76  78  79  80  81  84 105 168 179 175 176 176
 177 176 173 174 173 173 173 174 174 175 176 177 175 176 178 167 109  63
  65  67  67  67  68  68  68  67  68  69  68  68  68  68  68  69  69  68
  73 128 180 180 178 177 177 175 177 176 174 174 174 175 175 175 175 175
 175 175 175 175 175 174 176 173 171 171 173 176 177 177 176 176 176 175
 175 175 175 175 174 174 174 173 173 173 173 173 174 174 174 174 174 174
 175  29]","[ 29  29 174 175 175 176 175 174 173 174 174 175 176 176 175 173 173 174
 174 175 175 175 174 174 175 175 176 176 176 175 175 174 175 171 173 173
 173 172 171 178 153  91  83  84  79  75  74  76  75  73  72  71  71  71
  70  70  68  64  68  71  77 134 178 174 176 176 176 175 175 175 175 175
 174 174 175 173 172 173 175 177 131  89  93  86  83  82  83  82  81  81
  81  80  79  78  77  76  77  77  77  80  82  82 112 173 179 175 175 175
 176 175 173 174 174 174 174 174 175 176 176 176 173 175 179 154  93  64
  66  67  63  64  65  66  65  65  65  67  67  67  67  67  68  69  68  66
  80 148 178 174 177 177 177 175 177 176 174 174 175 176 176 176 175 175
 175 175 176 176 175 174 175 173 172 172 173 176 177 177 176 176 176 176
 175 175 176 176 176 176 176 176 176 175 175 175 174 174 175 174 175 174
 175  29]","[ 29  29 173 175 175 175 174 173 173 173 173 175 176 176 175 174 174 174
 175 175 175 174 174 174 174 175 176 176 176 176 175 173 174 171 172 173
 174 173 172 179 159  89  79  82  80  75  74  75  75  74  72  71  71  71
  71  71  69  66  70  73  71 123 178 177 177 176 176 175 175 175 175 175
 175 176 175 174 173 174 174 174 120  88  93  85  82  81  82  83  80  81
  82  82  80  79  78  78  78  76  76  80  81  79 115 174 179 175 175 175
 175 176 174 176 175 175 175 175 176 176 175 174 175 176 177 137  77  65
  68  64  63  63  65  66  65  65  65  67  66  66  66  67  68  70  70  68
  96 169 182 175 178 178 177 176 176 176 175 176 178 178 177 176 175 175
 175 176 176 176 175 174 175 175 175 175 176 176 177 177 177 178 178 177
 176 176 177 177 175 175 175 175 175 175 175 175 176 176 176 175 176 176
 176  30]","[ 29  29 173 174 173 174 173 172 172 172 173 174 175 175 175 174 174 174
 174 174 174 174 174 175 174 174 174 175 175 175 174 174 173 172 172 174
 174 172 173 175 165  90  83  79  80  72  72  74  74  74  73  71  71  72
  72  71  71  72  71  71  72 105 174 177 175 176 176 175 175 175 175 174
 175 173 175 172 173 174 177 170 104  92  88  87  81  81  84  81  80  81
  81  81  81  80  79  78  77  76  76  78  80  82 116 173 178 176 174 174
 175 176 175 174 175 174 174 174 175 175 175 174 174 179 162 107  71  71
  69  65  64  65  65  65  64  65  65  65  65  66  65  65  70  67  71  60
 111 174 180 178 179 179 177 178 175 175 175 175 176 176 176 176 177 176
 175 175 176 177 176 175 174 175 175 174 174 175 176 177 176 176 175 176
 176 176 176 175 175 175 175 176 176 176 176 176 176 175 175 175 177 179
 178  29]","[ 29  28 172 173 173 173 173 171 173 173 174 175 175 176 175 175 175 175
 175 174 174 174 174 175 177 176 176 175 175 175 174 174 173 172 172 174
 174 172 173 175 167  97  81  82  79  75  73  74  74  73  72  71  72  73
  73  72  72  73  71  72  73 100 173 178 175 175 175 174 174 175 175 175
 175 174 175 172 172 174 178 160  97  90  89  88  83  83  84  81  82  81
  80  79  79  79  79  79  76  76  78  80  84  83 121 174 176 175 174 175
 177 178 177 177 175 175 175 175 175 176 175 175 174 180 153  97  71  73
  69  68  64  65  65  65  65  65  65  65  65  66  66  65  68  67  67  63
 133 181 180 179 179 178 177 179 176 175 175 175 175 176 175 175 177 177
 176 176 177 178 177 175 176 177 177 176 175 176 176 176 177 177 176 176
 176 176 175 175 175 175 175 176 176 175 175 175 175 175 175 175 177 179
 177  29]","[ 29  29 172 174 174 174 173 172 172 173 173 174 174 174 174 174 174 174
 174 174 173 173 173 174 176 176 175 174 173 173 173 173 173 173 173 174
 174 173 174 175 171 110  80  85  79  78  75  75  74  73  72  72  73  74
  74  73  74  75  72  75  76  92 168 180 175 175 174 174 174 175 175 176
 174 174 175 172 173 173 179 143  88  88  88  86  83  82  82  81  82  81
  79  78  77  77  78  78  75  78  79  81  86  82 130 177 177 177 176 177
 178 178 177 175 176 176 176 176 176 176 175 175 175 174 133  82  70  72
  67  67  65  65  65  65  65  65  65  65  65  65  66  66  66  67  62  71
 154 183 178 179 179 178 178 180 178 177 176 175 175 175 175 175 176 177
 177 178 179 179 178 176 177 177 177 176 175 175 175 175 177 177 176 176
 175 175 175 175 175 175 175 176 176 175 175 174 175 175 175 176 178 179
 177  28]","[ 30  29 172 174 174 175 174 173 171 172 173 174 173 173 173 173 174 174
 175 175 174 174 173 173 172 173 173 173 172 172 172 173 173 173 173 174
 173 173 174 175 176 123  81  86  80  80  78  76  75  74  73  73  74  75
  74  74  73  76  73  77  77  83 156 180 175 175 174 174 175 175 175 175
 173 175 175 174 174 174 177 126  85  89  88  83  81  80  80  82  80  80
  79  78  77  77  76  76  76  79  80  79  84  80 139 181 178 178 177 178
 178 177 176 174 176 176 177 177 177 176 175 174 179 160 110  73  73  75
  70  69  66  66  65  66  66  65  65  65  65  66  68  68  66  67  60  86
 168 182 176 179 179 178 179 179 179 178 176 176 175 176 176 176 176 177
 178 178 179 179 178 177 176 176 176 174 174 175 175 175 175 176 176 175
 175 174 175 176 175 175 176 176 176 175 175 174 175 175 176 176 178 179
 177  28]","[ 29  28 172 173 173 174 173 172 173 174 174 175 174 174 174 174 175 175
 176 176 176 175 174 173 170 171 173 173 173 173 174 174 173 173 173 173
 173 173 174 175 179 133  85  85  82  81  81  78  78  76  75  74  74  75
  75  74  73  75  73  76  75  76 139 178 175 174 174 175 176 175 175 175
 174 175 175 174 174 176 171 115  85  91  89  83  82  80  80  83  79  79
  78  77  76  75  75  75  76  80  81  79  82  80 146 182 176 176 176 177
 177 178 177 176 176 176 176 176 176 176 175 175 177 135  87  71  74  75
  73  70  66  65  65  66  66  65  65  65  67  67  69  70  67  66  62 107
 177 182 178 179 178 178 178 176 179 178 176 176 176 176 176 177 176 177
 178 179 179 179 179 178 177 177 176 174 174 175 176 177 175 176 176 176
 175 174 175 176 175 175 176 176 176 176 175 175 175 176 177 177 179 179
 177  28]","[ 29  29 173 173 173 173 173 173 174 174 175 175 175 175 175 175 174 174
 175 176 176 175 173 172 171 172 173 174 174 174 174 174 173 173 173 173
 172 173 174 174 178 140  89  84  84  82  82  80  80  79  77  76  76  75
  75  75  75  75  73  73  75  74 120 174 175 174 174 176 177 176 176 176
 177 176 175 173 174 178 160 107  84  88  87  83  82  81  80  81  80  78
  76  75  74  74  75  76  76  79  81  81  83  84 151 181 175 175 175 176
 177 177 177 176 175 175 176 176 176 175 175 176 166 112  76  73  74  73
  72  68  66  65  66  67  66  65  65  67  68  68  69  70  68  63  68 131
 180 180 179 177 176 178 179 177 178 177 176 175 175 176 176 176 177 178
 179 179 179 179 179 179 178 178 176 175 175 176 177 177 176 177 178 177
 176 175 175 175 176 176 176 176 176 176 176 175 176 177 178 178 179 179
 177  29]","[ 29  29 173 174 172 173 173 174 173 173 173 174 174 174 174 174 173 173
 173 174 174 174 173 172 172 173 173 174 174 174 174 174 173 174 173 172
 172 172 173 174 178 147  93  86  85  84  81  82  81  80  79  79  78  75
  75  76  76  74  74  72  77  75 100 162 175 174 173 175 177 176 176 176
 177 175 176 174 174 177 142  96  84  85  83  81  81  81  80  81  79  78
  76  75  74  75  76  76  77  77  80  82  83  90 154 180 176 176 176 176
 177 176 176 175 175 175 176 175 175 176 176 177 146  96  76  79  75  74
  72  71  69  68  69  70  68  66  67  69  69  69  68  70  71  63  78 157
 179 177 178 177 177 179 179 179 178 177 176 175 175 175 175 175 177 178
 180 180 179 179 180 180 178 178 177 176 176 177 177 177 177 178 179 179
 178 177 176 176 176 176 176 176 176 176 176 176 177 178 178 178 179 179
 178  29]","[ 29  29 173 173 171 172 173 173 173 173 173 173 174 174 173 173 174 173
 173 173 173 174 173 173 174 174 174 174 175 175 175 174 173 174 173 172
 171 172 173 173 179 152  97  89  86  86  80  82  81  81  81  81  79  76
  75  76  74  72  75  73  78  75  84 150 177 174 173 175 176 175 175 176
 176 174 177 176 175 175 128  86  86  84  81  80  80  81  82  81  77  77
  77  76  76  76  75  75  78  76  78  81  82  93 156 179 175 175 176 177
 177 177 177 176 175 175 175 175 175 176 177 178 122  82  73  77  72  72
  72  73  72  72  72  73  70  67  68  70  71  70  69  71  75  66  89 176
 180 176 180 179 180 180 177 179 178 178 177 176 176 176 175 175 176 178
 180 180 179 179 179 179 178 178 178 178 178 179 178 177 177 179 180 180
 180 178 177 177 176 176 176 176 176 176 176 176 178 178 179 179 179 179
 178  30]","[ 29  29 173 173 172 172 173 173 172 173 174 173 173 173 174 174 173 173
 173 172 172 173 174 174 173 173 174 176 175 174 173 174 174 174 174 173
 172 171 172 172 175 163  98  89  86  84  85  81  81  81  80  80  80  79
  76  73  74  73  73  75  76  78  80 130 179 174 174 175 177 176 175 176
 176 176 173 175 176 176 107  89  89  84  81  81  82  80  78  77  76  77
  78  77  76  76  76  76  78  78  80  80  78  95 163 179 176 178 178 178
 176 176 176 175 176 174 178 175 175 175 181 155  93  80  75  76  73  71
  72  73  73  73  73  73  72  71  71  71  71  71  73  74  70  66 108 180
 178 178 178 179 180 179 179 179 180 178 177 177 177 178 179 178 179 179
 179 179 178 178 177 177 178 179 179 179 179 178 179 180 179 179 179 179
 179 179 178 178 176 177 178 179 179 178 177 176 176 178 180 180 181 180
 178  30]","[ 29  29 173 173 172 172 173 173 172 172 173 172 171 172 173 173 173 173
 172 172 172 173 173 174 174 173 174 175 175 174 173 172 173 173 173 173
 172 171 171 171 176 170 107  91  86  82  83  82  80  80  80  81  80  79
  76  74  74  73  75  76  75  76  74 113 176 175 175 177 175 176 175 174
 175 175 174 175 176 170 102  88  89  84  80  80  80  78  76  76  73  74
  75  75  75  76  76  77  79  81  81  80  78 101 170 182 176 177 178 178
 177 177 177 177 177 176 176 175 174 176 173 131  81  76  73  73  72  72
  73  73  73  72  72  73  74  73  73  72  74  71  73  73  73  75 128 181
 176 176 177 179 180 179 179 179 179 178 177 177 178 178 178 178 179 179
 179 179 179 178 178 177 178 178 179 180 179 179 179 179 179 179 179 179
 179 178 178 177 177 178 179 179 179 178 177 176 176 177 178 179 180 179
 177  29]","[ 29  29 172 173 171 172 173 173 172 173 172 172 171 172 172 172 172 172
 172 172 172 172 173 173 175 173 173 174 175 175 173 172 173 173 173 173
 172 172 171 171 174 173 113  90  86  81  81  81  78  79  80  81  80  78
  75  74  73  73  76  77  75  76  72  97 165 177 175 177 174 176 175 174
 175 175 176 176 177 160  95  87  86  82  78  77  76  75  74  75  75  74
  74  74  74  75  75  75  77  81  81  81  79 110 175 180 176 178 179 179
 178 178 179 179 176 177 175 176 175 180 164 109  72  73  72  70  71  72
  71  71  73  71  70  72  75  75  74  73  74  72  74  71  69  82 152 184
 175 176 178 180 180 180 179 179 177 177 176 177 178 179 179 178 179 180
 180 180 180 179 179 178 178 179 179 180 180 180 179 178 178 178 178 179
 179 178 178 178 178 178 178 178 178 177 176 176 177 177 178 179 180 180
 177  29]","[ 29  29 172 172 171 172 172 172 171 172 172 172 172 173 173 172 172 172
 172 172 172 172 173 173 173 173 173 174 175 175 174 173 173 173 174 174
 173 172 171 171 172 174 115  85  87  85  81  80  79  80  80  80  79  77
  75  75  74  74  77  77  75  77  73  86 144 181 174 175 174 175 176 175
 175 174 176 175 177 147  88  85  82  79  76  75  75  74  75  76  76  75
  74  75  75  74  73  73  74  80  81  84  81 119 176 176 177 178 180 179
 179 179 179 179 175 177 175 175 177 178 144  91  70  74  72  70  72  72
  71  72  72  70  69  71  74  75  74  74  73  74  75  72  68  96 170 180
 176 177 179 180 180 179 178 178 177 176 176 176 178 179 179 179 180 180
 180 180 180 179 179 179 180 179 179 180 181 181 179 178 177 177 178 178
 179 179 179 179 178 178 178 178 177 177 177 176 179 179 179 179 181 181
 178  30]","[ 30  29 172 172 171 171 171 171 170 171 172 172 172 173 172 171 172 172
 172 172 172 172 172 173 172 173 174 174 174 174 174 174 172 173 173 173
 173 172 171 171 171 175 121  85  89  87  82  81  81  81  81  80  78  76
  76  76  76  76  78  77  75  76  73  76 120 182 175 172 176 173 176 176
 174 173 174 173 176 133  83  82  82  80  77  75  75  75  76  76  75  74
  74  76  76  75  73  73  74  79  81  85  84 131 176 176 176 178 179 179
 178 178 179 178 178 176 175 173 178 165 113  73  71  73  71  70  72  72
  71  73  71  70  70  71  73  74  74  74  74  75  72  73  73 119 180 173
 175 176 177 179 179 178 178 178 178 177 176 176 177 179 180 180 179 179
 179 179 179 179 180 180 180 179 178 178 179 180 179 178 177 178 178 179
 179 180 180 180 179 179 178 178 178 178 178 178 179 179 179 178 180 180
 178  29]","[ 30  29 172 172 171 171 171 171 171 172 172 172 173 173 173 171 172 171
 171 171 172 172 172 172 172 174 174 174 173 174 173 173 173 173 173 173
 173 173 172 172 171 177 130  87  89  86  83  82  81  81  79  78  76  75
  76  77  76  77  79  78  76  76  73  71  99 173 177 172 176 173 175 175
 175 173 173 173 174 120  82  81  82  80  78  76  75  75  75  74  74  74
  75  76  75  72  70  70  74  78  80  83  88 146 178 178 177 179 180 180
 179 179 179 179 179 175 174 175 180 148  92  69  73  71  69  68  69  68
  68  70  71  71  71  72  72  73  74  74  74  75  69  67  74 139 182 174
 175 175 176 178 178 178 178 179 179 177 176 176 177 179 180 180 178 178
 178 178 179 179 180 180 180 178 177 177 178 178 179 178 179 179 179 179
 179 179 179 179 179 179 179 179 179 179 179 179 179 178 178 178 179 179
 177  29]","[ 29  29 172 172 171 172 172 171 173 173 173 172 172 173 173 172 171 171
 171 171 171 171 172 172 172 173 173 173 173 174 174 172 173 173 173 173
 173 173 173 173 171 177 134  88  88  85  83  82  81  80  78  76  75  75
  76  77  76  79  78  79  78  74  74  72  82 153 178 174 175 174 173 174
 175 174 173 174 173 109  84  82  80  79  77  76  75  75  74  72  74  74
  75  76  73  69  68  69  74  78  81  81  92 161 180 177 176 178 179 179
 179 179 179 179 178 174 174 178 173 123  82  75  73  71  69  68  66  66
  67  68  71  70  70  71  72  73  73  74  72  73  71  64  83 156 181 177
 175 175 176 177 178 178 179 179 179 178 176 176 177 179 179 179 177 177
 178 178 179 179 179 179 179 178 177 176 177 178 179 179 179 179 179 179
 179 179 179 179 180 180 180 180 180 179 179 179 178 178 178 177 178 178
 177  29]","[ 29  28 171 172 171 172 172 172 174 174 172 171 171 172 172 171 171 171
 171 171 171 171 171 171 172 172 172 172 173 175 174 172 173 172 172 172
 173 173 173 172 171 175 134  88  89  86  83  82  82  80  79  77  76  77
  78  79  79  81  78  77  76  71  73  73  73 135 177 174 173 176 172 174
 174 175 173 174 171 103  86  83  79  78  77  76  76  76  75  73  71  72
  74  75  73  69  69  72  74  78  82  81  97 172 181 174 175 176 178 178
 178 178 178 178 178 176 175 178 160  97  73  74  72  70  71  70  67  69
  72  71  71  70  69  70  72  73  73  73  71  72  75  68 100 175 180 172
 175 175 175 177 178 178 177 177 179 178 177 177 178 178 179 178 175 176
 178 179 180 179 179 179 179 178 177 177 178 179 179 180 179 179 179 179
 179 179 179 179 179 179 179 179 179 178 178 177 178 178 178 177 177 177
 176  28]","[ 29  29 171 171 171 172 172 173 173 173 172 172 172 172 172 171 172 171
 171 171 171 171 172 172 171 171 172 173 173 173 173 172 173 173 173 172
 172 172 172 171 171 174 145  90  85  83  83  80  81  80  78  76  76  76
  77  78  80  78  77  77  76  74  73  74  73 112 171 177 169 177 174 175
 175 174 172 175 166  97  88  84  82  78  77  77  75  74  74  72  73  74
  75  74  73  71  71  73  74  77  82  77 111 178 176 176 175 175 176 177
 177 177 177 178 177 175 178 176 131  81  73  73  72  72  71  70  71  71
  71  71  70  70  70  71  72  73  72  71  71  75  71  73 120 181 180 174
 175 175 176 178 178 178 177 177 179 179 178 176 176 179 179 178 178 179
 179 178 179 179 179 179 179 178 179 179 179 178 178 179 179 179 179 179
 179 179 179 179 180 179 179 179 179 179 178 177 177 178 179 178 179 179
 177  28]","[ 29  29 171 171 172 172 172 173 173 172 172 172 172 172 172 172 171 171
 172 172 171 171 171 172 171 172 172 173 173 173 173 173 173 173 173 173
 173 173 172 171 172 177 154  97  86  84  83  82  81  80  79  78  78  78
  78  78  80  78  77  77  77  75  74  74  73  97 159 175 172 175 173 173
 175 175 174 177 166  98  90  88  83  80  79  78  75  74  74  73  74  74
  75  74  73  72  72  73  75  75  77  80 125 180 176 176 176 176 177 179
 179 177 176 176 173 172 183 166 101  76  78  74  72  72  72  72  71  71
  71  70  69  69  70  71  71  72  73  73  73  74  70  73 136 182 180 176
 176 176 177 178 178 177 176 176 178 179 178 176 177 179 180 179 179 180
 180 179 179 179 180 179 179 179 179 179 179 178 179 180 179 179 179 179
 179 179 179 179 179 179 179 179 179 178 177 176 177 177 178 178 179 179
 177  29]","[ 29  29 171 171 172 172 172 173 172 171 171 171 172 172 172 172 171 172
 172 172 172 171 171 171 171 171 172 172 172 172 172 173 172 173 174 173
 173 173 172 171 170 176 162 103  84  82  80  80  81  80  79  79  79  78
  77  77  79  77  76  77  77  75  74  74  75  80 144 175 175 173 173 173
 174 175 174 177 163  97  91  90  85  83  81  80  76  75  75  75  75  75
  75  75  73  72  73  74  75  76  74  86 143 179 175 176 177 177 177 178
 178 177 175 174 175 177 178 136  80  73  78  76  73  73  73  73  72  71
  70  70  69  70  71  71  71  71  73  74  75  73  68  75 157 182 179 177
 177 177 177 178 178 177 176 175 177 177 177 176 177 179 179 178 179 180
 179 178 178 179 179 179 179 178 178 178 178 178 178 179 179 179 179 179
 179 179 179 179 179 179 179 179 179 178 177 176 176 177 178 178 179 180
 178  30]","[ 29  29 171 171 172 172 171 172 171 171 170 171 171 172 171 171 171 171
 172 172 172 172 171 171 171 171 171 171 171 171 172 172 172 173 173 173
 173 173 173 172 171 175 169 110  84  85  81  81  82  81  80  79  79  78
  77  76  77  76  76  76  76  74  73  73  75  70 128 175 176 173 173 174
 173 174 172 176 160  95  90  89  87  84  83  81  78  76  76  75  78  77
  76  75  74  73  74  75  77  80  76  96 158 175 174 177 178 176 175 175
 176 176 176 175 176 179 163 106  78  72  76  75  73  74  74  74  73  71
  71  71  71  71  72  72  71  71  72  73  75  74  66  81 172 182 176 177
 179 178 177 178 178 177 176 176 176 177 177 176 177 179 179 178 178 179
 179 179 179 179 180 179 178 178 178 178 177 177 178 179 179 179 179 179
 179 179 179 179 178 178 179 179 179 179 178 177 177 177 178 178 180 180
 178  30]","[ 29  29 171 171 171 171 171 172 171 171 171 171 171 172 171 171 172 171
 170 170 171 172 171 170 171 171 171 171 171 171 172 172 172 173 172 172
 172 172 172 172 172 173 171 116  85  87  82  80  82  81  80  79  80  79
  78  77  76  76  76  76  74  72  72  74  74  67 113 173 174 172 172 173
 173 173 172 177 158  94  89  88  88  84  82  82  80  78  77  74  78  77
  76  75  74  74  76  79  82  84  80 110 169 175 175 177 177 175 174 175
 176 176 176 176 173 176 144  90  77  72  76  73  73  73  73  73  72  71
  72  73  72  72  72  72  73  73  72  72  72  75  66  95 178 181 175 178
 179 178 178 178 178 178 177 177 177 178 178 178 178 179 179 178 179 180
 180 180 180 180 180 179 179 178 178 178 178 178 178 180 179 179 179 179
 179 179 179 179 178 178 179 179 179 178 178 178 178 178 179 179 180 179
 178  29]","[ 29  29 170 170 170 171 171 172 172 171 171 171 171 171 171 170 171 170
 169 170 171 172 171 171 171 171 171 171 171 171 171 171 172 172 172 171
 171 172 172 172 171 170 171 122  86  87  84  80  80  80  79  79  79  79
  78  77  76  76  76  76  74  72  72  74  73  70 100 167 174 172 170 173
 173 173 171 177 155  92  87  87  88  84  82  82  81  80  78  75  77  77
  77  76  75  76  78  81  83  82  81 124 174 174 173 174 175 175 175 176
 176 175 175 175 177 175 117  75  73  74  72  73  72  70  70  71  72  72
  73  75  74  72  71  71  73  73  72  71  70  73  67 114 180 179 176 178
 180 179 179 179 178 177 177 178 179 178 178 179 179 180 179 179 179 180
 180 179 179 179 178 177 178 178 178 178 178 177 178 179 179 179 179 179
 179 179 179 179 179 179 179 179 179 178 178 178 179 179 179 179 179 179
 177  29]","[ 29  29 170 169 169 170 170 172 171 171 171 170 170 170 169 169 169 169
 170 170 171 171 171 172 171 171 171 171 171 171 171 171 171 172 171 171
 171 171 171 171 171 169 173 130  89  88  88  83  79  79  79  79  79  78
  77  77  77  75  74  74  74  73  73  74  74  74  89 159 178 171 170 172
 172 172 171 176 152  89  86  87  87  84  82  82  81  81  80  77  76  77
  78  78  76  76  78  81  81  78  84 141 176 173 172 173 174 174 176 176
 176 175 175 176 180 155  88  65  72  74  69  73  69  67  67  69  71  72
  74  76  75  73  71  70  71  71  71  70  69  70  69 133 180 176 176 178
 180 179 179 179 177 176 177 178 178 177 177 178 179 179 179 180 179 179
 179 177 177 177 177 177 177 177 177 178 178 177 178 179 179 179 179 179
 179 179 179 179 179 180 180 179 179 178 179 179 179 179 180 179 180 179
 178  29]","[ 29  28 169 168 168 170 170 172 170 170 169 169 169 168 167 167 167 169
 171 172 171 171 171 172 171 171 172 172 172 171 171 171 171 171 171 171
 171 171 171 170 168 167 173 132  88  85  88  82  81  81  81  80  79  78
  77  76  77  74  72  72  73  73  73  73  75  75  82 152 181 171 170 171
 171 172 171 177 150  88  86  89  87  84  83  83  81  81  81  79  76  77
  79  79  77  76  77  80  81  77  91 156 179 172 172 176 175 175 176 176
 175 175 177 179 175 121  72  68  73  70  74  70  67  65  65  68  71  72
  74  77  76  74  71  69  69  69  70  70  70  68  70 143 180 172 176 176
 180 180 179 179 177 175 176 177 177 176 176 177 178 178 179 180 180 179
 178 177 176 177 178 178 178 178 178 179 178 178 178 179 179 179 179 179
 179 179 179 179 178 179 179 178 178 178 179 180 179 179 180 179 180 179
 178  30]","[ 29  29 167 167 168 169 171 172 170 170 169 169 168 166 165 165 165 169
 171 171 170 169 170 170 172 172 172 172 172 171 171 170 171 172 172 172
 171 170 170 170 168 169 174 144  89  89  84  83  81  80  80  81  80  77
  76  76  73  75  73  72  73  73  72  73  74  73  81 141 179 170 174 171
 172 171 171 173 148  90  89  88  86  85  85  84  82  81  81  79  77  78
  79  81  81  79  79  81  83  82 112 168 175 171 173 173 173 175 176 173
 176 176 172 179 165  91  76  76  72  74  73  73  69  67  65  67  71  74
  74  75  75  72  70  70  70  70  70  71  71  65  85 157 179 176 177 177
 179 179 178 177 176 175 175 175 176 176 175 174 176 178 178 178 177 178
 178 178 176 176 177 178 177 178 178 178 178 178 178 178 180 179 178 179
 179 180 180 179 177 178 178 179 178 177 178 179 179 180 179 176 177 178
 178  30]","[ 29  29 168 168 168 169 171 171 171 170 169 169 168 167 165 164 165 168
 171 171 170 169 170 171 172 172 172 172 172 172 172 171 171 172 172 172
 171 171 171 171 169 168 172 147  90  85  84  84  81  80  80  78  77  76
  75  75  74  76  75  74  75  74  73  73  75  75  77 136 180 171 171 171
 171 170 172 173 148  90  88  86  86  84  84  84  82  81  81  79  79  78
  79  81  81  80  80  81  82  82 124 171 175 173 176 175 176 173 176 175
 174 176 179 175 130  78  73  76  74  74  72  71  70  68  67  68  70  72
  73  74  75  73  71  71  71  71  71  71  71  64  99 166 179 177 175 176
 178 178 177 176 176 175 175 175 176 177 177 176 175 176 176 176 176 177
 178 177 177 177 177 178 178 178 178 178 178 178 178 178 179 179 179 179
 179 179 179 179 178 178 179 179 178 177 177 177 178 179 178 176 176 177
 177  29]","[ 29  29 168 169 169 169 170 169 171 169 168 168 168 167 165 164 165 168
 170 170 169 169 170 171 171 172 172 172 172 172 172 172 172 172 172 172
 172 171 171 171 170 169 172 155  97  82  86  85  81  81  79  75  74  74
  74  72  74  76  76  75  76  75  73  72  74  74  72 129 179 172 171 173
 171 171 172 174 146  89  88  87  86  84  83  83  81  81  81  79  80  79
  79  80  81  81  81  81  81  82 139 174 173 173 175 175 177 175 175 175
 174 172 178 164 100  76  75  77  75  75  75  74  72  71  70  70  70  71
  72  73  74  72  70  71  71  71  71  71  69  65 120 175 178 177 175 177
 176 176 176 175 175 175 175 175 175 177 178 177 175 175 175 176 175 176
 177 177 178 178 178 178 178 178 178 178 178 178 178 178 179 179 179 179
 179 179 178 178 178 178 178 179 178 177 177 177 178 178 178 176 176 177
 176  28]","[ 29  29 169 169 170 169 169 168 169 169 169 169 169 168 167 166 166 168
 169 169 169 169 171 172 171 172 172 172 172 172 171 171 171 172 172 172
 171 171 171 171 169 171 173 164 106  82  89  85  81  80  77  74  72  71
  70  70  72  73  73  72  73  73  71  70  72  71  71 128 176 171 172 173
 171 170 171 172 142  88  88  88  86  83  82  82  81  81  81  79  80  79
  79  79  81  81  82  82  84  86 155 178 173 173 174 174 174 177 173 173
 175 170 169 143  82  79  77  75  74  74  75  75  74  73  72  72  72  72
  72  71  71  70  69  70  71  72  72  71  67  73 145 180 176 176 176 178
 175 175 175 175 175 175 175 175 174 176 178 177 176 175 176 176 175 176
 177 178 179 179 179 178 179 178 178 177 177 178 178 179 179 179 179 180
 179 179 178 177 177 177 178 178 179 178 178 178 178 178 178 176 176 177
 176  29]","[ 29  29 169 169 170 168 169 168 168 169 171 172 171 169 168 168 167 168
 169 168 168 170 171 171 170 171 172 172 171 171 171 171 171 172 172 172
 171 171 171 171 167 170 172 167 113  82  90  83  81  77  74  74  71  68
  66  67  69  70  69  67  69  70  69  70  73  70  73 132 173 168 173 170
 171 170 170 173 139  86  87  87  85  82  81  81  80  81  81  79  80  79
  78  78  79  81  82  83  85  93 167 180 176 175 174 176 173 176 173 172
 175 176 162 115  71  80  77  75  76  75  75  74  74  74  73  72  73  72
  70  67  68  68  68  69  71  72  72  72  65  91 166 180 176 174 177 175
 175 175 175 175 175 175 175 176 175 176 177 176 176 176 177 177 176 176
 177 178 179 180 179 178 179 178 178 177 178 178 179 179 180 180 180 180
 180 179 178 177 176 176 177 178 179 178 178 179 178 178 177 175 176 176
 176  30]","[ 29  29 169 169 169 168 169 168 167 169 171 171 170 168 167 167 168 168
 168 168 168 170 170 171 169 170 171 171 171 171 171 171 171 171 171 171
 171 171 171 171 167 169 169 168 120  84  89  83  81  75  73  73  71  66
  65  67  69  69  67  65  67  69  69  70  69  67  73 132 172 168 174 170
 171 171 172 174 137  84  85  84  84  82  81  81  80  81  80  78  79  79
  78  77  78  80  82  83  82 101 171 177 176 175 174 177 175 173 174 173
 174 183 153  92  73  81  76  75  75  76  75  74  74  75  75  74  74  74
  70  66  68  68  68  68  70  71  72  71  65 115 176 177 176 174 176 173
 175 175 175 175 175 175 176 176 176 176 176 175 176 176 176 176 177 177
 177 178 179 179 178 178 177 177 177 177 177 177 178 178 179 179 179 179
 178 177 176 176 176 176 176 178 178 178 177 177 177 177 176 175 175 176
 176  29]","[ 29  29 168 168 168 168 169 169 168 168 169 170 168 167 166 166 168 169
 168 168 168 169 170 169 168 169 171 171 171 171 171 172 171 171 171 171
 171 171 171 171 168 168 167 171 130  88  88  84  81  76  73  73  72  69
  68  69  70  70  67  65  68  69  69  69  68  67  71 129 173 169 173 171
 171 171 171 172 132  81  83  83  84  81  81  81  81  81  80  78  80  80
  78  77  77  79  82  82  80 112 175 174 174 174 174 174 175 174 174 173
 176 174 124  82  79  81  75  74  70  71  71  72  73  75  76  75  75  75
  72  69  69  69  68  67  68  69  69  68  77 145 179 174 175 175 174 174
 175 175 175 175 175 175 175 175 175 176 175 175 175 175 175 175 176 176
 176 177 178 178 178 177 176 176 176 176 177 177 178 178 178 178 178 177
 176 175 174 174 175 175 175 177 177 177 176 176 176 176 176 176 176 176
 175  29]","[ 29  29 168 167 167 167 169 169 170 169 169 169 169 168 167 167 169 169
 168 168 168 169 169 168 169 170 171 172 171 170 171 171 171 171 171 171
 171 171 171 172 168 167 167 176 138  92  86  85  81  78  75  74  73  72
  71  71  70  70  68  67  69  69  69  69  72  73  71 127 176 171 171 170
 171 170 168 168 127  78  81  82  84  82  81  82  81  81  80  78  80  81
  79  76  76  79  81  82  81 123 180 174 174 175 175 173 173 177 171 171
 178 158  93  82  82  82  78  79  71  71  70  72  70  73  75  75  75  75
  74  72  70  70  68  66  66  67  67  65  94 171 182 174 174 175 171 174
 176 176 175 175 175 175 175 175 173 175 175 175 174 174 175 175 175 175
 176 176 177 177 177 177 177 177 177 178 178 178 179 179 179 179 179 178
 176 175 175 175 175 174 175 176 177 177 176 175 176 176 177 177 178 177
 176  29]","[ 29  29 168 167 167 167 168 168 169 169 169 169 169 169 168 168 169 169
 169 168 168 169 170 170 169 169 170 171 171 171 171 171 170 170 171 171
 171 170 171 171 169 169 168 168 156  97  84  85  80  77  74  73  73  73
  71  70  71  71  70  68  67  68  70  71  73  74  71 129 176 171 173 172
 170 168 167 168 120  80  86  81  83  81  80  81  82  81  79  78  81  81
  79  76  76  79  81  82  87 132 177 172 173 175 176 175 174 173 174 176
 173 127  85  80  82  82  80  78  75  72  70  69  71  72  74  76  76  74
  73  74  71  73  64  64  67  66  60  73 129 177 179 175 175 172 173 175
 174 174 175 175 176 175 175 174 175 175 174 174 174 175 175 176 176 176
 176 176 176 176 176 177 176 176 176 177 178 178 177 177 179 178 178 177
 177 176 175 173 174 175 176 177 177 177 178 178 177 176 176 176 176 175
 175  29]","[ 29  29 167 167 167 167 168 168 169 168 168 168 168 168 168 168 168 169
 168 168 168 169 169 169 168 169 170 171 171 171 171 171 171 171 171 171
 170 169 170 171 169 167 168 169 167 112  87  86  81  77  73  73  73  73
  72  71  68  69  69  68  68  69  71  72  72  73  70 127 175 170 170 169
 170 169 170 169 120  81  87  84  83  81  80  81  81  80  79  78  79  79
  77  75  75  78  81  81  89 138 178 174 174 175 175 174 172 177 172 178
 155 102  80  81  81  81  80  78  75  73  72  72  73  73  73  73  73  73
  73  74  75  71  68  66  63  62  60  95 158 182 175 172 176 175 172 170
 174 175 175 175 175 175 174 174 175 175 174 174 174 174 175 175 175 175
 176 175 175 175 175 176 176 175 175 176 178 179 178 177 177 177 176 176
 175 174 174 174 175 175 176 176 175 175 175 176 176 176 176 175 175 175
 175  29]","[ 29  29 167 166 167 167 168 167 168 168 167 167 168 168 167 167 167 168
 168 168 168 169 169 168 167 168 169 170 171 171 171 171 171 171 171 171
 170 169 169 170 171 167 169 168 175 127  87  85  81  77  72  70  70  69
  68  66  66  68  70  70  69  70  72  73  72  72  70 125 175 170 169 168
 168 168 170 166 114  78  84  83  82  81  80  80  80  78  76  76  77  77
  75  74  75  78  80  81  90 145 177 174 174 175 175 173 170 173 174 176
 129  85  83  86  81  81  80  78  76  75  75  74  76  74  73  72  72  73
  73  74  76  73  71  69  68  63  68 129 177 181 174 173 174 174 173 173
 175 175 175 175 175 175 174 174 174 174 174 173 173 174 174 175 175 175
 176 176 176 176 176 176 176 175 175 177 179 180 179 178 177 177 177 176
 175 175 176 177 176 176 176 175 175 174 175 175 176 176 176 176 176 175
 175  29]","[ 30  28 166 166 167 167 168 167 168 167 167 167 168 168 167 167 167 167
 167 167 167 168 169 169 167 167 168 169 170 171 171 171 171 171 171 171
 170 169 169 171 170 168 170 167 174 139  89  86  82  78  73  70  68  67
  66  66  68  71  72  72  71  71  72  73  72  73  71 123 175 169 168 168
 168 168 172 163 110  80  83  84  82  82  81  80  78  76  74  73  75  75
  75  74  76  78  80  80  89 149 174 173 173 174 175 173 175 172 180 157
 102  82  84  83  81  81  81  80  78  76  75  75  76  75  75  75  74  73
  73  73  74  76  72  71  75  67  93 160 179 175 175 176 173 173 174 177
 173 174 174 174 175 175 175 174 173 173 173 173 174 174 175 175 175 175
 176 176 176 176 177 177 177 176 175 177 179 180 179 178 177 177 176 176
 175 175 176 177 176 176 176 175 175 175 175 176 176 176 176 176 176 176
 176  30]","[ 30  28 166 166 166 166 167 166 168 167 167 167 168 168 168 167 167 167
 167 166 167 168 169 169 168 168 168 168 170 171 171 171 171 171 171 171
 170 170 170 172 169 169 168 168 172 154  99  88  82  79  76  74  72  71
  71  72  72  73  74  73  72  72  72  73  71  72  71 118 171 168 168 169
 168 168 172 158 104  83  82  83  82  82  81  80  78  75  74  74  75  75
  75  75  77  79  79  79  92 151 174 171 173 173 174 173 174 177 173 123
  86  84  83  80  82  82  82  80  79  77  75  75  75  75  76  75  74  72
  72  72  72  74  72  71  72  73 129 177 178 170 174 175 174 174 174 173
 172 172 173 173 174 174 174 174 173 173 173 173 174 174 175 175 175 175
 175 176 176 176 176 176 176 175 175 176 177 178 178 177 175 175 174 174
 175 175 174 174 175 175 175 175 174 174 175 176 175 175 175 175 176 175
 175  29]","[ 29  29 166 166 166 166 167 166 168 167 167 167 168 168 168 168 167 167
 167 166 166 168 169 169 168 168 168 168 170 171 171 170 170 170 171 171
 171 171 171 172 171 171 168 169 171 166 115  85  84  82  79  77  75  74
  74  74  73  74  74  73  72  72  72  72  70  71  69 110 167 167 168 168
 166 166 170 151  97  85  82  82  80  79  78  78  76  74  74  74  75  74
  74  76  77  78  78  78  96 152 175 171 173 172 174 173 170 180 147  92
  82  83  82  84  81  81  81  80  78  76  75  75  75  74  74  73  71  70
  71  72  72  69  72  69  66  91 161 178 174 170 174 173 174 174 174 171
 173 173 173 173 173 173 173 173 174 173 173 173 173 174 174 174 175 175
 176 176 177 177 177 176 176 176 175 175 176 177 177 176 176 175 175 175
 176 176 174 173 175 176 176 175 175 175 175 175 175 175 175 175 176 175
 175  29]","[ 29  29 167 166 166 165 167 167 167 167 167 167 167 168 168 168 167 167
 167 166 166 167 168 168 168 168 168 169 170 170 170 169 169 169 170 171
 172 171 171 171 172 171 170 169 169 170 132  84  85  82  80  78  77  75
  74  73  73  73  73  73  72  72  72  71  70  70  65 102 162 167 168 167
 167 168 172 147  93  87  83  82  77  76  75  74  73  72  72  72  73  72
  72  74  76  78  79  79  96 148 176 170 173 171 174 173 175 167 116  81
  83  80  80  82  81  81  80  78  76  75  75  75  75  74  72  72  72  71
  71  71  72  69  73  67  78 129 176 173 170 171 174 172 174 172 175 173
 173 173 173 173 173 173 174 174 173 173 173 173 173 173 173 173 175 175
 175 176 177 177 177 176 176 176 175 175 176 176 176 177 177 177 177 177
 177 176 175 175 175 176 176 176 175 175 175 175 175 175 176 176 176 175
 175  29]","[ 29  29 167 166 166 165 167 167 167 167 167 167 167 167 168 168 167 167
 167 167 167 167 167 167 168 168 168 170 171 170 169 167 169 168 169 171
 172 171 170 169 170 169 171 167 167 171 146  89  84  81  79  79  79  78
  76  74  73  73  73  73  73  72  71  70  70  69  62  97 159 167 168 165
 166 167 171 143  88  85  79  78  76  74  73  72  72  71  71  71  70  69
  69  72  75  78  79  81  93 143 174 168 173 170 173 173 177 141  90  80
  83  82  81  81  81  81  79  77  75  74  74  74  76  74  72  73  74  74
  72  70  69  73  73  65  98 165 177 170 171 173 172 170 177 172 174 172
 171 171 171 172 172 173 173 173 172 172 173 173 173 173 173 173 175 174
 174 175 176 176 175 175 175 175 175 175 175 175 176 176 175 176 177 176
 175 175 175 175 174 174 175 175 175 174 174 174 175 175 175 175 175 174
 174  28]","[ 28  30 165 165 164 161 162 163 165 167 168 167 167 167 168 168 167 167
 166 167 167 168 167 167 169 168 167 168 169 170 170 169 169 169 169 170
 171 171 171 171 173 166 169 166 167 172 158  94  85  81  81  79  79  79
  75  75  73  72  72  72  72  72  71  68  67  67  67  86 159 165 167 165
 165 168 164 122  79  83  81  77  75  76  74  72  72  73  72  69  68  68
  69  70  72  76  81  84  93 129 171 171 172 169 170 175 163 106  81  82
  80  82  81  81  80  80  79  76  74  73  73  74  74  73  71  71  73  74
  73  72  72  72  71  70 129 175 172 174 171 171 172 172 173 173 173 174
 172 173 173 172 172 172 173 173 173 173 173 173 174 174 174 174 175 175
 175 175 175 175 175 175 176 175 174 175 176 176 176 176 175 175 175 176
 177 177 176 175 174 175 175 175 174 173 173 175 175 176 175 175 176 175
 174  29]","[ 29  30 165 163 161 156 158 159 163 165 167 167 167 167 168 168 168 168
 167 167 167 167 167 167 168 168 167 168 170 171 170 169 169 169 169 169
 170 171 171 170 169 167 170 167 167 172 167 112  88  82  81  80  80  78
  74  74  72  71  72  71  70  71  71  68  67  67  69  78 148 168 163 165
 165 170 147  97  75  75  79  73  73  73  71  70  70  72  71  69  68  69
  70  71  72  75  79  82  93 113 166 178 169 171 179 167 123  89  80  83
  80  82  81  80  78  78  78  76  75  74  74  73  73  72  71  71  72  73
  72  71  70  70  65  80 154 179 176 171 171 171 172 172 173 172 172 171
 172 172 172 172 172 172 173 174 173 173 173 174 174 174 175 175 175 175
 174 175 175 176 176 176 176 175 175 175 176 176 176 176 175 175 175 176
 176 176 175 174 174 174 174 174 175 175 175 175 175 175 175 175 176 175
 175  29]","[ 29  29 163 161 157 149 151 154 160 163 166 167 167 167 167 167 168 168
 167 167 166 166 167 167 168 168 167 168 170 171 171 170 169 169 168 168
 169 169 170 170 168 168 168 167 166 170 171 125  90  82  81  81  79  76
  73  74  72  72  73  71  69  71  71  68  65  65  69  66 127 166 159 162
 168 166 122  81  79  75  76  71  71  70  69  67  68  70  70  69  68  69
  70  70  71  73  76  78  79  92 150 176 173 178 174 137  90  79  83  83
  80  82  80  77  75  76  76  75  75  75  74  73  71  71  70  69  70  71
  70  69  68  71  65 106 171 173 171 169 171 171 172 173 173 172 171 170
 171 171 171 172 172 173 174 174 174 174 174 174 175 175 175 175 175 174
 174 174 175 176 176 176 174 174 174 174 175 175 175 174 175 175 175 175
 174 174 174 174 175 174 173 175 176 176 175 175 175 175 175 175 176 174
 173  29]","[ 29  28 162 160 155 147 149 154 159 162 165 166 166 166 166 166 168 168
 167 167 166 166 167 168 169 168 168 169 170 171 171 170 169 168 168 168
 168 169 169 169 169 169 166 167 167 168 170 132  89  82  81  80  78  76
  74  75  74  74  74  71  68  69  69  66  63  62  67  60 107 161 165 166
 165 143  92  77  79  76  70  70  71  69  67  65  66  68  68  67  68  69
  70  71  71  71  73  74  73  87 134 168 176 165 135  97  83  82  84  81
  80  83  80  76  74  74  73  73  74  75  74  72  70  70  69  68  68  69
  69  69  66  67  71 140 174 170 170 175 171 172 172 172 172 172 172 172
 171 171 171 172 173 174 174 174 174 174 174 175 175 175 175 175 175 174
 174 174 174 175 175 175 173 173 174 174 174 175 174 174 175 176 176 175
 174 173 174 175 176 175 175 175 176 176 175 174 175 175 175 174 176 174
 173  29]","[ 30  29 162 161 157 150 153 157 160 163 166 167 166 166 166 166 168 168
 168 168 167 168 169 170 169 169 169 169 170 170 170 169 168 168 168 168
 168 168 168 168 169 170 165 168 168 169 171 145  91  83  82  80  75  76
  76  74  75  75  74  70  66  67  68  65  64  62  65  60  90 149 171 168
 146 109  77  77  76  74  71  72  71  69  67  65  64  65  65  65  69  70
  71  72  71  71  72  73  76  82 103 125 133 114  92  84  83  84  82  79
  81  83  80  77  74  74  72  72  73  74  74  73  71  71  70  68  67  68
  69  69  72  65  89 165 174 171 171 174 172 172 171 171 171 171 172 172
 172 172 172 172 173 174 174 174 173 173 174 174 175 175 175 175 175 175
 174 174 174 174 174 174 173 173 174 174 175 175 175 176 175 176 176 175
 173 173 174 175 177 176 176 176 176 175 174 174 175 175 174 174 175 174
 173  29]","[ 29  28 162 161 159 153 157 160 162 164 166 166 166 167 166 166 167 167
 167 167 168 168 169 169 169 169 169 169 169 169 169 168 167 168 168 168
 168 168 168 168 169 171 167 168 166 166 171 159  98  85  82  79  74  75
  75  74  76  74  73  70  66  65  66  65  66  61  61  59  73 119 150 145
 111  83  79  80  77  72  73  70  71  70  67  66  65  65  66  66  69  70
  71  72  71  71  72  73  73  75  78  81  83  80  81  85  81  81  80  79
  80  79  76  77  75  74  72  71  72  74  74  73  72  72  70  68  68  68
  69  70  73  72 120 175 171 168 170 168 172 171 170 170 169 170 171 171
 173 172 172 172 173 173 173 173 172 173 173 174 174 175 175 175 175 175
 174 174 174 173 173 172 172 172 173 173 174 174 175 176 175 175 176 175
 174 174 175 176 176 175 175 176 176 175 174 175 175 175 174 174 175 174
 173  29]","[ 29  28 162 160 160 156 159 160 162 163 164 165 165 166 166 166 166 166
 166 167 167 168 168 168 168 168 168 168 169 168 168 167 166 167 168 168
 168 167 167 167 168 169 168 167 164 165 168 166 108  88  80  79  75  74
  74  74  76  72  70  68  64  62  63  63  63  59  58  57  61  83 107 103
  81  72  79  78  75  71  70  66  68  68  67  66  65  65  67  68  70  70
  71  72  71  72  73  74  74  78  80  79  78  83  84  79  80  78  76  77
  77  73  73  74  73  73  72  71  72  73  73  72  72  71  70  69  68  68
  69  68  65  88 149 173 167 167 168 169 170 170 170 170 170 170 170 170
 172 172 172 172 172 172 172 172 172 172 173 174 174 174 175 175 175 174
 174 174 174 173 172 171 171 171 172 172 172 173 174 175 174 174 175 174
 174 174 175 175 175 174 174 175 175 175 174 174 174 174 173 173 174 173
 173  29]","[ 30  29 162 160 160 158 160 160 162 162 162 163 164 165 165 165 166 166
 166 167 168 168 167 167 167 167 167 168 168 168 168 167 166 167 168 168
 168 167 167 167 167 166 166 166 165 167 167 169 116  89  78  79  76  74
  74  75  75  70  67  65  61  58  58  59  58  58  58  58  58  64  76  74
  73  77  74  75  72  72  68  70  64  64  64  64  64  64  66  69  71  71
  72  72  72  73  74  75  76  77  77  82  82  80  80  80  80  75  71  73
  74  71  72  73  70  71  71  71  72  72  72  71  70  70  69  68  68  68
  67  66  65 109 167 170 165 168 164 168 168 169 170 171 172 171 170 170
 171 171 172 171 171 171 171 171 172 172 173 174 174 174 174 174 174 174
 174 174 174 173 171 170 171 171 172 171 171 172 174 175 173 174 174 174
 174 174 175 175 175 173 172 174 175 175 174 172 173 173 173 172 174 173
 172  28]","[ 28  29 162 159 159 159 157 162 161 161 162 163 163 163 164 164 164 164
 167 168 166 166 168 167 166 166 167 169 169 168 167 167 165 166 167 167
 167 167 167 167 167 166 166 166 165 165 166 169 132  96  79  81  79  77
  75  72  71  67  64  61  58  57  57  56  54  52  50  52  59  67  73  75
  76  74  73  72  69  65  64  66  65  65  65  65  66  67  68  69  70  72
  73  73  74  75  75  75  77  79  80  80  80  81  80  77  76  74  71  71
  71  71  71  71  72  71  71  71  71  71  71  71  70  67  67  68  69  73
  72  66  78 147 172 163 167 167 165 169 167 169 170 170 171 171 171 171
 171 172 172 171 171 171 171 170 172 171 171 171 172 173 174 174 173 173
 174 174 174 173 172 172 171 172 172 173 173 173 173 173 173 173 172 172
 173 174 174 175 173 173 173 174 174 174 174 174 173 173 173 172 173 172
 172  29]","[ 30  32 161 161 159 158 158 159 161 161 162 162 162 162 162 162 164 163
 165 166 166 166 167 166 169 167 165 164 164 164 164 164 165 165 165 165
 165 166 167 167 168 166 165 166 166 166 167 168 146 103  82  83  79  75
  74  74  66  62  59  57  54  54  56  55  53  52  52  54  60  67  72  74
  72  70  69  68  65  62  62  64  64  64  65  65  67  68  69  69  70  71
  72  72  73  75  76  76  77  80  81  80  79  79  78  76  75  73  72  72
  72  71  71  71  70  70  70  70  71  71  72  72  71  68  69  66  68  70
  71  64 105 160 172 165 168 165 166 167 169 170 171 170 169 168 168 167
 169 170 171 171 171 171 171 170 168 169 170 170 171 173 173 172 172 171
 172 172 173 172 172 173 173 173 173 172 172 173 173 174 172 172 172 172
 172 172 172 172 173 174 173 173 173 173 172 172 172 173 172 172 173 172
 172  29]","[ 28  29 156 160 158 159 161 161 159 159 160 160 161 162 163 164 162 162
 163 165 165 167 168 167 165 165 165 166 166 167 167 166 165 165 164 164
 164 165 167 167 165 164 163 164 165 164 164 164 154 105  81  82  78  75
  73  68  64  59  55  53  51  52  53  53  52  52  53  56  61  66  69  70
  71  69  68  66  64  63  64  66  64  64  64  66  67  69  69  69  71  72
  72  72  74  75  76  76  77  79  81  79  77  76  76  75  74  73  72  72
  71  70  70  70  70  70  70  70  70  71  71  71  68  66  68  65  68  69
  69  70 135 170 169 167 169 164 169 167 170 171 171 170 168 167 167 166
 168 169 170 170 171 172 172 171 169 170 171 171 171 171 171 171 172 172
 172 173 174 174 175 176 174 173 173 173 173 173 173 173 173 173 174 174
 174 173 172 171 173 173 173 173 173 172 171 170 171 172 172 172 173 171
 173  29]","[ 30  29 158 160 158 158 159 158 161 161 160 160 161 161 161 160 163 162
 163 163 162 163 164 164 163 164 164 164 164 164 163 162 164 163 162 162
 162 163 164 164 164 163 163 163 164 164 163 162 152 107  84  84  79  77
  73  65  62  57  54  52  50  51  53  53  52  54  56  59  62  65  67  67
  69  67  65  63  62  62  64  66  64  64  64  66  68  69  69  68  72  72
  72  73  74  76  77  77  75  77  78  77  75  75  75  75  75  74  73  72
  71  69  68  69  70  70  70  70  70  69  68  68  65  63  67  65  68  68
  64  90 160 174 169 169 170 165 168 165 168 170 170 168 167 166 166 167
 167 168 169 169 170 171 171 170 171 172 172 171 170 171 171 171 171 170
 170 171 172 172 173 174 173 173 174 174 174 173 172 172 171 172 172 173
 172 172 171 171 172 173 173 173 172 171 170 170 170 171 171 171 172 171
 173  29]","[ 29  27 159 157 159 158 157 156 158 158 158 159 161 162 162 161 161 161
 163 163 161 162 165 166 163 163 162 161 161 162 163 163 163 163 162 162
 161 161 161 162 161 161 162 162 162 162 161 160 153 109  87  84  77  73
  70  66  58  54  52  51  50  52  54  54  54  57  59  62  63  65  65  65
  66  64  63  61  61  62  64  65  65  65  65  67  70  71  70  68  71  72
  72  72  73  75  76  76  74  75  75  74  74  74  74  74  75  74  73  72
  70  68  67  68  68  69  70  70  70  69  68  67  67  64  66  65  66  67
  65 119 170 170 167 167 167 165 165 166 166 167 168 167 165 165 166 166
 166 167 167 167 168 169 169 168 169 170 171 170 170 170 170 170 169 169
 169 170 171 171 172 173 172 173 173 173 173 173 172 172 171 171 171 171
 172 172 172 173 171 172 172 172 171 170 169 169 169 170 171 171 172 171
 173  29]","[ 30  30 154 155 160 160 159 159 150 150 151 154 157 160 161 162 161 162
 164 164 162 163 166 168 165 167 167 165 163 162 161 159 164 164 165 164
 164 163 162 162 159 160 161 161 162 162 161 160 155 110  83  81  77  71
  67  66  57  54  52  51  50  51  53  54  56  58  60  61  62  63  63  63
  64  63  63  62  63  64  66  67  66  65  66  68  71  72  71  70  70  71
  71  71  71  73  74  74  73  72  71  71  72  73  73  73  72  72  71  70
  68  66  66  67  65  66  67  68  69  69  68  68  68  66  65  65  66  67
  79 147 173 168 168 166 165 165 164 167 167 167 168 167 166 166 166 165
 167 167 166 166 167 168 167 166 168 169 170 169 169 169 168 167 168 168
 168 170 171 171 172 172 172 171 171 170 170 170 171 172 171 170 170 170
 171 172 173 173 171 171 172 171 170 168 168 168 169 170 171 171 172 171
 172  29]","[ 29  29 129 131 132 131 132 130 126 125 124 124 125 127 127 127 136 136
 137 136 132 131 132 131 132 137 142 145 147 149 149 147 153 154 156 156
 155 154 154 155 155 156 156 157 158 159 158 156 137 105  84  81  80  76
  69  65  58  55  52  51  48  49  53  54  56  58  59  59  59  60  60  60
  61  61  62  62  63  65  65  65  65  65  66  68  70  71  70  69  68  70
  71  71  70  71  72  72  71  70  69  69  70  71  72  72  71  71  71  70
  67  65  65  66  64  65  65  66  67  68  68  69  67  66  65  65  65  64
  97 156 170 167 165 165 163 162 162 163 165 165 166 166 166 167 166 165
 168 167 166 165 166 167 167 166 168 168 167 167 167 168 169 168 168 167
 167 168 169 169 170 171 172 172 171 171 170 171 171 172 170 169 167 166
 168 169 170 170 171 171 171 171 169 168 169 169 169 171 172 172 172 170
 172  29]","[ 29  29 107 109 104 104 106 104 109 107 104 103 103 104 105 105 105 105
 108 109 107 106 106 105 103 107 109 110 110 111 111 109 107 110 112 113
 112 111 112 113 116 116 116 116 118 120 119 116 103  94  87  81  77  75
  67  61  56  53  51  49  47  49  53  55  57  58  58  58  58  58  59  59
  62  63  64  64  65  66  66  65  65  65  65  66  68  68  68  67  68  70
  71  71  70  70  71  72  69  68  68  68  69  70  71  73  72  72  73  72
  68  65  65  65  66  65  65  64  65  66  67  68  65  66  65  64  62  57
 105 148 147 150 149 155 156 155 160 159 159 160 161 162 164 165 164 163
 168 167 165 164 165 166 166 165 165 164 163 162 165 169 172 173 173 172
 171 172 172 172 173 174 174 174 175 175 175 174 173 172 174 171 169 168
 169 171 171 171 170 171 171 171 170 169 170 171 169 171 172 172 172 170
 172  29]","[ 29  28 107 106 106 106 107 108 107 108 108 108 108 108 109 109 110 108
 107 107 109 110 110 110 108 109 108 106 106 108 108 108 104 107 109 109
 108 107 107 108 106 109 111 111 110 111 111 110 106  84  84  80  76  74
  66  57  51  48  46  47  50  52  53  54  55  54  54  56  58  58  59  60
  62  64  66  66  65  64  65  65  65  65  65  66  66  66  67  67  70  69
  70  71  70  70  69  69  70  68  67  68  69  68  71  74  71  71  71  70
  69  69  68  68  66  65  64  64  64  65  66  66  64  66  64  65  56  62
 106 119 113 117 122 125 125 126 127 128 122 123 124 124 124 124 124 124
 127 127 125 125 126 125 125 127 126 128 127 125 129 134 133 131 130 130
 132 134 136 138 139 140 139 139 142 147 147 147 149 154 148 150 153 155
 157 159 160 160 160 161 162 162 162 161 161 161 159 162 163 160 162 167
 169  31]","[ 29  29 107 106 106 105 107 107 107 107 107 107 108 108 109 109 109 108
 108 109 111 112 111 111 110 110 109 107 107 108 108 107 106 108 109 109
 109 109 109 108 108 110 111 111 110 110 110 109 101  82  83  80  73  67
  60  55  49  47  45  46  49  51  53  54  55  54  55  57  57  57  57  58
  59  61  63  64  64  65  66  66  65  65  65  65  65  64  65  66  67  67
  67  68  68  68  68  68  69  68  68  70  70  69  69  71  68  68  67  68
  69  69  68  67  66  65  63  63  63  64  64  63  66  65  61  66  61  81
 114 115 115 115 116 117 117 117 118 119 116 116 116 117 117 118 118 118
 118 119 119 120 121 119 117 118 116 119 118 115 117 118 116 114 117 117
 117 118 119 119 120 120 118 117 117 119 118 117 118 120 118 116 115 117
 119 119 117 116 117 118 118 119 118 118 117 117 120 116 115 116 118 115
 127  25]","[ 30  29 108 106 105 105 107 108 107 107 106 107 108 108 108 108 108 108
 108 110 112 113 112 111 110 110 109 107 107 108 107 106 107 107 108 109
 110 110 110 108 109 109 110 110 109 108 107 107  98  80  81  78  71  62
  56  53  48  46  45  46  48  49  51  53  53  53  54  55  55  54  55  57
  58  60  61  62  62  63  64  64  63  63  64  65  64  63  64  64  65  65
  65  66  66  66  67  68  67  67  68  71  72  70  68  68  66  65  64  65
  68  69  68  66  68  66  64  64  65  65  64  63  61  63  62  66  62  96
 119 115 118 116 115 115 116 118 118 119 120 119 119 120 121 122 122 121
 120 121 120 119 120 119 118 119 119 122 123 122 122 121 119 119 122 122
 121 122 122 121 121 121 124 123 121 121 122 123 123 123 125 122 120 122
 123 121 120 121 123 123 122 122 122 122 121 121 122 121 121 121 125 118
 122  31]","[ 29  28 107 106 106 106 108 109 109 108 107 107 107 107 106 105 105 106
 107 109 111 112 111 110 110 109 108 107 107 107 107 105 106 107 107 107
 109 110 109 108 109 108 108 109 109 107 105 104  95  78  76  72  68  61
  56  51  48  47  46  46  46  47  48  49  51  51  52  52  51  51  53  55
  59  61  62  61  60  60  61  61  61  61  62  63  64  64  64  64  65  64
  64  65  65  66  67  69  66  66  68  70  71  69  67  66  66  65  65  66
  67  68  67  67  66  64  62  62  64  64  62  61  56  61  61  61  66 104
 119 117 115 115 115 116 118 119 119 119 119 118 117 118 119 120 120 119
 121 122 120 120 121 120 119 121 117 119 121 122 122 120 119 121 120 120
 121 122 122 122 122 122 122 122 121 121 122 125 126 124 122 121 120 119
 118 118 120 123 124 123 122 122 123 123 122 122 121 122 122 117 123 123
 122  27]","[ 28  28 107 106 107 107 109 110 110 108 107 107 107 106 105 104 104 104
 105 107 109 110 110 110 109 108 107 107 108 108 107 106 106 107 107 107
 108 109 109 108 109 108 108 108 109 108 105 102  87  75  72  67  64  60
  57  49  47  46  45  44  44  44  45  46  49  48  48  49  48  49  52  56
  58  61  62  61  58  58  59  60  60  59  59  61  63  64  64  63  63  63
  63  64  65  67  68  70  68  68  68  69  70  68  67  66  66  66  66  66
  66  67  67  67  66  64  63  63  64  64  62  60  57  60  58  56  82 113
 116 116 115 116 116 117 117 118 118 118 121 120 119 119 121 122 121 120
 118 119 120 121 122 120 117 118 119 120 121 122 123 121 119 121 118 119
 120 122 123 123 122 122 121 122 122 121 121 123 123 122 122 122 120 116
 115 118 121 123 123 122 121 121 122 122 122 122 123 120 123 121 121 122
 123  31]","[ 29  29 108 107 107 107 109 109 109 108 107 107 107 106 106 105 104 104
 105 107 108 109 110 109 108 107 107 108 109 108 107 107 106 107 107 107
 107 108 108 108 109 109 108 108 110 109 105 100  76  71  70  64  60  56
  54  47  45  44  43  43  43  43  44  45  46  45  46  47  47  48  52  55
  56  58  60  59  57  57  58  60  59  58  58  59  61  62  62  62  62  62
  63  65  66  68  69  70  70  69  69  69  68  67  66  65  65  66  66  66
  65  65  66  68  68  66  64  63  64  64  62  61  57  59  57  57  96 118
 114 115 117 117 117 117 117 118 119 119 119 118 117 118 120 121 120 119
 119 120 120 121 122 120 119 120 120 121 120 121 122 121 119 121 119 119
 121 122 123 122 121 121 122 123 124 122 122 123 123 121 123 123 119 115
 117 122 123 121 121 121 121 121 121 121 121 121 122 120 125 125 120 121
 122  27]","[ 30  29 107 107 108 107 108 107 108 108 107 107 107 107 106 106 105 105
 106 107 108 109 109 109 108 107 108 109 109 108 107 107 107 108 107 107
 107 108 108 108 108 109 108 107 109 110 104  97  74  68  64  58  54  49
  48  42  41  40  40  41  41  42  43  44  43  42  43  46  48  49  51  53
  52  54  56  56  55  56  57  57  57  56  57  58  58  59  60  61  61  61
  63  65  67  67  68  68  69  69  69  67  67  66  66  65  64  65  66  65
  64  64  65  67  64  63  61  60  60  60  59  58  56  57  58  62 101 117
 114 116 115 115 115 116 117 118 118 118 118 118 118 119 121 122 121 120
 120 120 118 118 119 119 119 122 120 122 121 121 122 122 122 122 121 121
 122 123 123 122 122 122 120 121 121 121 121 121 121 121 123 122 120 119
 121 124 124 122 122 122 122 122 122 122 121 122 122 122 121 120 119 123
 125  29]","[ 29  28 107 107 108 108 108 106 108 108 108 107 107 106 106 106 104 105
 106 107 108 108 108 108 107 107 107 109 109 107 106 107 110 109 108 108
 109 110 110 109 107 108 108 106 108 109 103  94  76  66  57  51  49  43
  41  36  38  37  37  38  39  40  41  41  40  40  42  46  48  49  49  50
  50  51  52  52  53  54  54  53  54  55  56  56  56  56  58  61  60  61
  62  64  65  65  65  65  66  67  67  66  66  65  65  65  65  65  65  65
  63  63  64  65  63  61  60  59  59  59  59  58  58  56  56  65 101 117
 116 117 116 116 117 118 119 119 118 117 116 116 117 119 121 122 121 120
 118 120 120 121 122 121 120 121 121 123 123 122 122 122 121 122 121 121
 121 122 122 121 122 122 122 121 121 121 122 122 122 121 121 122 122 123
 122 122 122 122 122 122 123 122 121 121 120 120 122 124 121 124 123 120
 120  29]","[ 29  30 106 107 107 108 106 107 107 106 105 105 106 107 106 105 107 107
 106 105 106 108 107 106 105 107 107 106 105 104 105 107 107 110 106 107
 111 112 114 116 116 122 123 118 116 115 106  93  76  63  50  44  41  39
  37  34  33  33  34  36  37  38  38  39  39  42  45  48  49  48  47  47
  48  47  49  51  51  50  49  50  51  53  54  54  54  56  57  57  57  58
  61  64  65  65  64  64  65  65  66  66  64  63  63  64  65  65  64  61
  60  61  63  64  60  59  59  60  60  60  60  59  58  57  54  76 109 117
 116 116 116 116 116 117 118 118 118 117 115 116 117 119 120 120 120 120
 121 120 120 121 121 120 119 120 119 120 120 120 120 121 122 123 120 120
 121 121 121 121 121 121 121 122 122 122 122 122 121 121 121 121 122 122
 121 120 121 122 122 122 122 122 122 122 121 121 122 120 119 122 123 122
 121  29]","[ 28  29 106 107 107 108 107 108 107 107 107 107 107 107 106 105 106 106
 105 104 105 106 106 105 105 105 106 106 106 106 106 107 105 108 106 109
 114 116 122 128 135 137 136 132 127 118 102  88  69  57  46  41  38  35
  33  31  32  32  34  36  37  37  38  38  37  40  44  46  46  46  47  48
  48  47  48  50  51  50  49  50  51  53  54  54  53  54  54  55  56  58
  61  63  63  62  62  62  63  63  63  62  61  60  60  62  62  63  62  61
  59  60  61  62  62  61  60  59  59  59  59  59  56  56  56  80 112 114
 116 116 116 117 117 117 117 117 117 117 117 117 118 118 119 119 118 118
 122 121 121 121 121 119 119 119 118 119 119 119 118 119 120 121 120 120
 121 121 121 122 122 122 122 122 122 122 122 122 122 122 121 121 122 122
 121 119 119 120 121 122 123 122 121 121 121 121 122 121 120 122 123 122
 121  29]","[ 28  29 107 108 108 108 106 107 106 107 108 109 108 106 105 105 105 106
 105 104 104 105 105 104 104 104 104 106 106 107 107 108 112 111 110 120
 132 134 131 126 114  98  76  60  53  54  57  59  57  49  42  38  35  33
  32  30  31  31  32  35  37  37  36  36  36  39  42  44  43  44  45  47
  46  45  45  47  49  48  47  47  50  51  52  53  53  52  52  53  55  58
  61  62  61  59  59  61  61  61  61  61  60  58  59  60  60  61  62  61
  59  59  61  62  62  61  59  58  58  58  58  58  55  56  59  88 114 111
 115 116 118 118 118 117 117 118 118 118 118 118 119 119 118 118 118 118
 121 121 121 121 120 119 118 118 118 118 119 118 118 118 118 118 121 121
 121 121 121 122 122 122 122 122 121 122 122 122 122 121 121 121 122 122
 121 119 118 119 119 121 122 122 120 119 120 122 121 120 120 121 121 121
 119  28]","[ 29  30 107 108 108 108 105 106 105 107 108 108 107 106 105 105 105 105
 105 105 104 104 104 105 104 104 104 105 106 106 107 109 110 113 122 139
 140 118  93  78  65  58  51  48  47  46  43  42  47  42  39  37  34  33
  32  30  29  29  30  33  35  35  35  34  35  37  39  40  40  41  43  45
  45  43  42  43  45  46  46  45  49  49  51  53  52  51  51  53  55  57
  60  60  58  57  58  60  60  61  61  62  61  59  59  59  60  62  63  61
  60  60  61  62  60  59  58  58  58  58  58  57  56  57  62  99 116 113
 115 115 117 118 118 118 117 118 118 118 117 118 118 118 118 118 118 118
 119 118 118 119 118 118 118 118 118 118 119 118 118 118 119 118 121 120
 120 120 120 121 121 122 121 120 119 120 121 121 121 120 121 121 121 122
 121 119 118 118 118 119 120 120 119 118 120 121 120 119 118 120 119 119
 119  28]","[ 29  29 105 107 107 108 105 104 105 106 107 107 105 104 104 105 105 105
 106 105 105 104 105 105 104 104 105 105 105 105 109 113 121 130 139 138
 113  79  61  55  46  45  46  47  48  48  44  41  41  39  39  37  33  32
  31  29  27  26  27  30  32  33  32  32  34  35  36  37  38  39  40  41
  43  42  41  42  44  45  45  45  47  47  49  51  51  49  51  53  55  56
  57  57  57  56  58  60  61  60  60  60  61  60  60  60  62  63  63  62
  61  62  62  63  58  59  59  60  60  59  58  56  58  59  65 108 116 117
 115 115 114 116 117 117 116 117 117 116 115 116 117 117 117 116 117 117
 117 117 116 117 117 117 117 118 118 118 118 118 118 119 119 119 120 120
 119 119 119 119 119 119 119 118 118 118 119 120 119 118 119 119 119 120
 120 118 118 118 118 118 118 118 118 119 121 121 120 119 118 119 118 118
 119  29]","[ 29  29 104 105 106 107 105 105 105 105 105 105 104 103 103 103 105 105
 105 105 105 104 104 106 105 104 105 105 105 107 114 121 137 142 129  98
  67  56  57  53  49  47  43  39  39  40  40  39  39  39  39  37  33  32
  30  26  25  25  25  27  29  29  29  29  31  31  32  34  36  37  37  38
  40  40  40  40  42  43  44  44  44  45  47  48  48  47  49  51  55  55
  56  56  57  58  60  62  62  60  58  59  60  61  62  62  62  62  62  61
  62  62  62  61  59  60  60  61  61  60  57  56  57  58  71 112 114 117
 115 114 113 115 116 116 116 116 116 115 115 116 117 117 116 116 115 115
 117 116 116 116 116 116 117 118 117 117 117 117 117 119 119 119 119 118
 118 118 118 118 118 118 118 117 117 117 118 119 119 118 117 117 117 118
 118 117 117 118 118 118 117 118 119 120 121 121 120 119 118 119 117 117
 118  29]","[ 29  29 104 104 104 105 104 105 105 104 104 103 104 103 103 102 103 103
 103 104 104 104 104 105 105 104 104 106 107 111 121 131 139 128 100  70
  55  58  59  45  46  43  39  38  38  39  39  37  36  37  38  36  32  32
  30  25  24  24  24  25  26  26  26  26  28  29  30  32  33  34  34  34
  35  36  38  39  39  40  41  41  41  43  45  44  44  45  47  49  53  54
  55  57  57  58  60  63  62  59  57  58  61  63  63  62  61  61  60  60
  62  63  62  59  60  60  60  61  60  59  57  56  56  57  80 112 112 114
 114 114 114 115 115 115 116 116 115 115 114 116 117 118 117 116 115 115
 116 116 116 117 117 116 116 116 117 117 116 115 116 117 118 118 117 117
 117 118 118 118 117 117 117 117 117 117 117 118 118 118 116 116 116 117
 117 117 117 118 118 118 118 118 119 120 120 119 119 118 118 119 118 117
 118  28]","[ 29  29 105 104 102 103 103 106 104 103 102 103 104 104 103 102 102 101
 102 103 104 103 103 104 105 104 104 106 109 116 127 138 126  96  68  61
  59  57  54  47  46  39  31  29  30  31  32  33  32  33  34  33  31  31
  30  25  23  23  24  24  24  23  23  23  26  28  30  31  31  31  31  31
  31  34  37  38  38  38  39  39  38  41  43  42  41  44  46  47  50  52
  54  56  56  57  59  61  59  57  57  59  63  64  62  61  60  59  59  60
  63  64  62  58  60  60  59  59  59  58  57  56  57  58  89 113 111 111
 114 115 114 114 114 114 114 115 115 113 113 115 117 117 116 115 114 114
 114 114 115 117 117 116 115 115 118 117 116 115 115 117 117 117 116 117
 117 118 118 118 118 118 116 116 116 116 116 117 117 118 117 116 116 116
 117 117 117 118 117 117 118 119 119 118 118 117 118 118 119 120 119 118
 119  29]","[ 29  29 102 102 102 102 103 104 101 100 100 103 104 103 102 102 102 101
 101 101 103 104 104 103 104 104 106 108 112 120 132 125  90  72  66  60
  58  54  43  41  43  52  52  50  35  37  33  31  28  28  30  30  29  30
  29  25  23  23  24  25  24  24  25  23  24  25  26  28  29  29  29  30
  29  31  34  34  33  32  35  38  40  40  38  37  38  41  46  48  48  50
  52  53  55  57  58  56  58  57  58  61  64  64  63  62  62  57  57  62
  65  62  59  58  58  59  58  57  58  57  55  54  58  53  98 117 111 112
 113 115 115 116 115 114 114 115 115 114 114 115 115 116 115 115 114 113
 115 115 115 115 116 117 116 114 117 117 116 115 115 116 116 116 116 116
 117 118 118 117 116 116 118 117 116 117 118 118 117 116 116 116 116 116
 116 117 117 117 116 117 118 118 118 117 117 117 117 119 118 119 118 117
 118  30]","[ 29  29 102 102 102 102 102 102 102 100 100 101 102 101 101 101 101 101
 100 100 100 101 102 103 101 102 103 103 109 114 115  98  74  65  65  59
  51  52  61  78  97 100  98  93  70  59  46  40  41  42  42  38  33  31
  30  26  22  21  23  24  23  23  23  23  24  24  24  25  26  27  28  30
  30  31  32  32  31  31  33  35  34  34  33  34  36  41  45  48  47  48
  49  51  54  56  56  55  54  54  55  58  61  63  63  62  62  59  59  64
  65  61  57  57  57  59  58  57  57  55  54  55  55  54  99 114 111 113
 114 115 114 114 114 113 114 114 114 112 114 114 114 115 115 114 114 113
 115 115 115 115 115 116 115 114 116 117 116 115 115 116 116 116 115 116
 116 116 116 115 115 116 116 117 117 117 117 117 116 116 116 116 116 116
 116 117 117 117 117 117 118 118 117 117 117 117 118 118 117 117 117 116
 117  29]","[ 29  29 101 102 102 102 102 101 102 100  99 100 100 100 100 100 100 101
 100  99  98  99 101 103 102 101 102 102 106 105  97  77  68  65  65  57
  57  71  87 102  96  90  83  79  60  53  47  44  45  47  48  45  41  41
  39  34  26  23  23  24  23  22  23  24  23  23  22  23  24  25  26  27
  29  29  30  30  30  30  31  32  31  31  31  32  36  42  45  47  46  46
  48  51  54  54  54  54  51  53  55  56  59  62  63  63  60  59  60  64
  64  59  55  55  56  59  59  57  55  53  53  56  52  57 102 111 111 113
 113 113 113 114 114 113 114 114 113 111 114 114 113 114 115 115 115 114
 114 115 115 114 114 115 115 114 115 116 115 115 115 115 115 115 115 115
 115 115 114 114 115 115 115 116 117 117 116 115 116 116 116 115 115 115
 116 117 117 116 117 117 117 117 116 116 116 117 118 118 116 115 116 116
 116  28]","[ 29  28 100 101 102 103 102 101 101  99  98  99  99  99  99 100  99  99
  99  98  97  97  99 102  99  96  99  99  97  89  82  72  70  66  66  66
  74  87  85  80  76  69  65  66  54  53  52  50  45  46  46  46  47  49
  47  40  38  32  28  26  23  21  22  22  21  21  22  24  25  25  24  24
  24  26  28  29  29  28  28  29  31  30  30  32  36  41  43  44  45  45
  47  51  52  51  51  52  51  53  54  55  58  62  62  60  57  58  60  63
  61  57  54  54  56  58  58  56  55  53  53  55  51  65 107 109 110 112
 112 112 114 114 115 114 114 113 112 112 115 114 113 114 115 115 115 115
 113 115 115 115 114 114 114 114 114 115 115 115 115 115 115 115 115 115
 114 114 114 114 115 115 114 116 117 117 116 115 115 116 116 115 115 115
 116 117 117 116 117 117 117 116 116 116 117 117 117 117 115 115 116 116
 117  28]","[ 29  28  99 100 101 102 101 100  99  97  97  97  98  97  97  98  97  97
  97  96  96  96  97  98  97  95  98  94  89  81  78  75  74  65  66  74
  82  83  76  71  68  64  63  63  57  56  54  48  44  42  42  42  44  48
  50  47  47  39  34  31  27  25  23  21  19  18  19  22  24  24  23  23
  22  23  25  26  25  25  26  28  30  30  30  32  35  39  40  39  42  43
  46  49  49  47  48  50  50  51  52  53  56  60  60  57  55  57  60  61
  59  56  55  56  57  57  56  54  54  53  52  53  52  76 110 109 110 111
 111 111 113 114 115 115 113 112 112 114 114 113 112 112 113 114 113 113
 113 114 115 115 115 114 114 113 114 114 115 114 114 115 115 114 115 114
 113 114 115 116 116 115 115 115 116 116 116 116 116 115 115 115 115 115
 116 116 116 116 115 115 116 116 116 117 117 117 116 116 115 115 116 116
 117  29]","[ 30  29  99  99 100 100  99  98  97  96  96  97  97  96  96  97  97  97
  96  96  97  97  97  96  97  98  99  88  85  83  80  77  75  71  72  77
  79  78  76  75  65  63  60  58  56  57  55  50  46  42  40  37  35  39
  45  48  46  42  40  38  36  36  35  33  22  20  18  18  20  22  22  23
  23  24  24  24  23  23  26  29  30  31  31  33  36  38  39  38  40  42
  45  47  46  46  46  48  48  49  50  52  55  58  57  55  55  57  59  59
  58  57  56  57  57  56  54  53  54  53  51  50  55  88 111 109 110 110
 112 112 112 113 114 114 112 111 112 114 112 111 111 111 111 111 111 110
 112 114 115 115 114 114 114 114 114 114 114 114 114 114 115 114 115 114
 113 114 115 116 116 115 115 115 115 116 117 117 116 115 115 115 115 115
 115 115 116 116 114 114 115 115 116 116 116 116 116 116 115 115 116 116
 117  29]","[ 30  29  99  98  98  98  98  97  97  96  96  97  97  95  95  97  97  97
  97  97  97  97  97  97  96  96  94  82  81  82  79  77  74  77  79  80
  78  75  71  63  63  64  62  60  62  60  55  51  52  47  44  41  34  32
  35  39  42  42  43  42  41  45  47  45  36  31  24  21  20  21  22  22
  24  24  24  23  23  23  26  28  29  30  32  34  36  38  38  38  39  41
  43  44  44  45  45  45  45  46  47  49  51  52  53  53  54  56  57  56
  55  55  55  54  55  54  52  51  53  52  50  49  62  99 109 109 109 110
 113 111 112 112 113 114 113 111 111 113 111 111 111 111 111 111 110 110
 112 113 113 113 113 114 114 114 114 114 114 113 113 114 114 114 114 114
 114 114 114 115 115 115 115 115 115 116 116 116 116 115 114 115 115 115
 114 114 115 115 114 114 113 114 115 115 116 116 116 116 115 115 115 115
 116  29]","[ 29  28  98  97  97  97  97  97  97  96  95  96  95  94  94  95  97  97
  97  97  96  96  97  97  96  93  91  81  81  80  79  81  80  77  75  77
  75  72  71  69  65  66  62  59  63  60  55  55  50  46  46  47  43  37
  35  36  41  43  43  40  39  43  48  48  51  44  34  27  24  23  22  22
  22  22  22  23  24  24  24  25  26  29  31  33  34  36  36  37  38  40
  41  41  42  44  43  41  41  41  43  44  44  44  46  49  52  54  54  53
  52  52  52  51  52  52  50  50  53  52  50  49  68 107 107 109 108 110
 113 110 112 111 112 114 114 113 112 112 111 111 112 112 112 112 112 112
 112 112 112 112 112 114 115 115 114 114 114 113 113 114 114 114 114 115
 115 114 113 113 114 115 114 115 116 116 116 116 116 116 113 114 115 115
 113 113 114 115 115 114 113 113 114 114 115 115 116 116 114 114 113 113
 115  28]","[ 29  29  97  95  92  95  92  96  95  94  95  96  96  95  94  95  95  96
  97  96  96  97  96  94  94  91  83  76  76  80  81  78  76  76  74  73
  75  73  68  65  64  65  65  64  63  62  59  57  53  52  51  50  47  43
  39  37  38  39  41  41  40  40  43  47  47  47  43  37  32  29  26  22
  23  23  22  21  23  25  24  21  26  26  28  30  32  33  36  38  39  41
  40  37  38  39  39  40  38  39  40  41  40  40  41  44  51  50  49  47
  46  46  46  46  49  47  48  47  47  50  50  47  78 109 110 109 110 111
 110 112 110 110 111 112 112 112 112 112 112 112 113 113 113 112 111 111
 112 112 112 111 112 112 113 114 114 112 111 110 111 112 112 111 114 114
 114 114 114 114 114 114 115 115 115 116 116 116 116 115 116 115 114 114
 114 113 114 114 114 115 114 114 113 113 114 114 115 116 115 113 115 115
 114  29]","[ 29  29  96  95  93  95  93  96  96  95  95  96  95  94  93  94  95  95
  95  95  95  96  96  95  94  88  79  71  71  76  79  78  75  75  73  73
  74  72  68  65  65  65  65  65  64  62  61  60  58  57  56  57  57  53
  46  39  37  37  38  40  40  40  41  43  44  44  43  41  39  39  39  38
  28  23  21  24  24  21  22  27  24  24  24  26  28  29  32  33  35  37
  36  33  33  33  33  35  36  36  37  38  38  38  40  43  46  44  41  39
  39  40  41  42  46  45  45  42  43  46  47  46  82 108 109 109 110 110
 109 109 109 110 111 111 111 111 111 111 111 112 112 112 112 111 111 110
 111 112 112 111 110 111 112 113 114 112 111 110 111 112 112 112 114 114
 114 114 114 114 114 114 115 115 115 115 115 115 114 114 115 114 114 115
 114 114 114 115 114 114 114 114 114 114 114 115 114 115 114 113 114 115
 114  30]","[ 29  29  95  95  92  95  94  96  96  95  95  95  94  93  93  93  97  96
  95  95  95  95  94  94  92  85  75  69  68  71  74  75  74  73  72  73
  75  73  69  67  66  65  65  65  64  62  61  62  61  62  63  63  62  58
  49  42  38  36  36  38  40  41  41  40  42  42  43  45  46  49  52  54
  50  39  27  22  22  23  23  22  24  23  23  24  25  27  29  30  32  34
  34  32  31  31  32  35  34  33  32  34  36  38  41  44  44  41  38  37
  38  41  44  45  44  44  43  40  40  45  47  51  90 109 109 110 112 111
 109 109 110 110 111 111 111 110 110 110 110 110 111 111 111 110 110 110
 111 112 113 112 110 110 112 113 113 112 111 111 111 111 111 112 113 113
 113 114 114 114 114 113 114 114 115 114 114 113 113 113 114 114 114 115
 114 113 114 115 113 113 113 114 114 114 114 113 114 115 115 113 114 114
 114  30]","[ 29  29  93  93  92  93  93  95  94  93  93  93  93  93  94  94  95  93
  93  94  94  93  92  93  90  82  74  71  71  70  70  70  73  71  70  73
  76  75  71  70  70  68  68  68  66  63  63  65  64  65  66  64  62  58
  50  42  39  37  35  36  40  42  42  41  42  41  42  45  47  50  55  60
  65  59  48  34  24  20  21  23  25  24  24  24  25  25  27  29  30  33
  33  33  34  34  34  36  32  30  29  32  36  40  43  44  38  37  35  37
  40  44  46  47  44  45  44  41  42  47  49  59  96 108 109 111 113 112
 111 111 111 111 111 111 111 110 110 109 109 109 110 110 111 110 110 109
 110 111 111 111 110 110 111 113 112 112 112 111 111 111 111 111 111 111
 112 113 113 113 112 112 112 113 113 113 113 113 113 113 113 113 114 115
 114 112 112 113 114 114 113 113 113 113 112 111 114 114 114 113 113 113
 113  29]","[ 29  29  92  92  90  91  92  92  91  91  91  91  92  93  94  94  90  89
  89  91  92  91  91  93  88  81  75  75  75  72  69  69  71  70  70  73
  78  78  75  75  74  73  72  72  70  67  66  69  72  69  67  66  65  60
  49  39  38  38  38  39  41  43  43  43  43  41  40  43  45  47  52  58
  66  61  57  53  42  29  22  23  23  22  22  22  22  23  25  28  30  32
  32  33  34  33  31  32  30  29  30  33  39  42  42  40  33  34  36  40
  44  46  47  47  45  47  45  43  43  49  49  67 100 106 108 110 112 110
 111 111 111 111 111 111 111 110 109 109 108 108 109 110 111 111 110 110
 109 109 109 109 109 110 111 111 110 111 112 112 111 110 110 111 110 111
 111 112 112 112 112 111 111 112 112 113 112 113 113 114 113 113 115 115
 113 112 111 112 114 114 114 113 113 112 111 110 112 113 113 112 112 111
 111  29]","[ 30  29  90  90  89  89  91  90  89  90  90  90  90  91  92  92  89  89
  90  91  91  90  89  90  86  79  75  75  76  74  71  70  71  72  72  75
  81  83  81  80  76  76  76  75  72  70  70  73  75  74  72  70  65  55
  45  37  38  40  43  45  46  46  45  44  42  40  39  41  42  44  49  53
  59  56  54  56  54  46  33  23  21  20  20  20  20  21  24  27  31  32
  32  31  31  28  26  28  30  31  34  38  41  42  39  35  34  37  42  46
  49  49  49  48  47  48  47  46  45  49  48  74 104 105 108 108 110 108
 110 109 109 109 110 110 110 109 109 109 108 108 108 110 111 111 110 110
 109 108 108 108 110 111 111 110 110 111 112 112 111 110 110 110 110 111
 111 111 111 111 111 111 111 111 112 112 112 112 113 113 114 114 114 115
 114 112 111 112 114 114 113 113 113 113 112 111 112 112 112 112 112 111
 112  30]","[ 29  29  88  89  88  88  90  89  89  89  89  89  89  90  90  89  90  91
  92  91  90  89  89  88  84  78  73  73  75  74  71  70  72  74  74  76
  83  87  86  83  79  80  80  78  76  76  77  79  78  79  79  73  61  47
  40  39  39  43  47  49  49  48  46  44  42  41  41  41  42  43  45  48
  47  53  56  53  51  49  42  34  24  22  19  19  20  22  24  26  30  30
  29  27  26  23  24  28  31  35  38  39  39  38  36  35  37  41  45  48
  48  48  48  48  48  49  47  48  47  50  49  81 108 104 108 107 108 107
 109 107 108 108 108 109 109 109 109 109 109 108 108 108 109 110 110 109
 109 109 109 109 110 110 111 111 110 111 112 112 112 111 110 110 110 110
 110 110 110 111 111 111 111 111 111 111 112 112 112 112 113 113 113 114
 113 112 111 111 112 113 113 113 112 112 112 112 112 112 112 112 112 111
 112  30]","[ 29  29  88  89  88  88  91  89  88  89  89  88  88  89  89  88  87  90
  92  91  90  90  90  89  82  76  72  72  74  73  70  68  71  74  74  75
  82  88  87  83  83  85  85  83  81  82  85  87  85  83  80  73  60  46
  40  41  41  45  48  49  49  48  47  45  44  44  43  42  42  42  43  43
  46  47  50  52  53  51  46  41  29  24  20  19  20  23  25  26  24  26
  24  22  21  20  23  30  32  36  38  36  33  33  35  36  41  44  48  49
  48  47  48  50  48  48  46  48  48  50  50  86 109 103 107 105 107 107
 109 106 107 108 108 109 109 109 110 110 110 109 107 107 108 109 109 109
 108 109 109 109 109 109 110 110 110 111 112 112 112 112 111 110 110 110
 109 109 109 110 110 110 111 111 110 111 111 112 112 112 112 112 112 112
 112 111 110 110 111 112 112 112 111 111 111 112 112 111 111 111 111 110
 110  28]","[ 28  29  87  87  88  88  88  89  89  89  88  86  86  87  89  90  87  89
  90  90  90  90  89  88  83  76  70  67  63  62  63  64  65  72  75  72
  73  80  84  83  82  85  88  87  86  87  89  90  89  89  86  74  57  46
  44  43  45  48  50  50  49  48  47  46  46  45  44  44  44  42  42  43
  46  46  48  50  49  48  47  47  40  30  20  17  19  21  23  24  25  24
  21  19  18  20  25  29  31  33  33  31  30  33  38  42  44  46  47  48
  48  48  47  46  47  46  47  48  47  51  49  88 107 105 104 105 107 108
 107 106 105 107 109 109 109 109 109 108 107 107 108 109 108 107 108 109
 110 109 108 108 108 109 109 109 110 111 110 110 111 113 112 109 111 110
 110 109 109 109 109 109 109 110 111 111 111 111 112 112 112 112 111 111
 112 112 112 111 112 111 110 111 112 111 110 109 110 111 111 111 111 109
 110  29]","[ 29  29  87  86  87  87  87  88  88  88  87  87  88  89  89  89  89  89
  89  89  89  90  90  89  84  77  72  67  62  58  58  58  58  66  73  72
  71  75  78  78  82  85  88  89  89  90  92  94  98  97  86  68  54  48
  47  47  50  51  53  52  51  49  47  47  48  47  45  44  43  43  45  46
  44  45  47  48  48  47  46  47  45  36  26  22  20  19  19  21  22  21
  20  19  21  23  26  28  30  30  30  29  31  36  42  46  46  45  45  45
  46  47  46  46  47  46  47  49  48  50  56  94 103 103 104 106 107 107
 106 105 107 107 108 108 108 108 108 106 105 105 106 107 107 107 108 110
 110 109 108 107 107 108 108 108 109 110 110 110 110 111 111 109 109 109
 109 109 109 109 109 109 110 110 110 111 111 111 111 112 111 111 110 110
 111 111 112 112 112 111 110 111 112 111 111 110 110 111 112 111 110 108
 109  29]","[ 29  29  86  85  87  87  86  88  87  87  88  88  89  90  89  88  89  90
  89  88  88  89  90  90  85  78  73  68  63  59  57  55  56  63  69  70
  71  72  74  74  75  77  81  85  87  89  92  96  97 100  87  64  51  49
  50  53  54  54  54  54  52  50  48  47  47  47  45  43  43  44  45  46
  44  45  47  48  47  46  46  46  48  41  33  27  22  18  16  17  17  17
  17  19  22  24  25  25  27  27  27  29  33  39  44  47  46  44  42  42
  44  46  46  45  45  43  45  48  48  47  64  99 101 102 104 105 105 104
 104 105 107 107 107 106 107 108 107 105 104 105 106 106 106 106 107 109
 110 109 107 107 108 109 109 109 107 108 109 109 109 109 109 109 109 109
 110 110 110 110 110 110 109 109 109 109 109 109 110 110 110 110 109 109
 109 110 111 112 112 111 110 111 112 111 110 110 110 111 112 111 109 107
 109  29]","[ 29  29  86  85  87  87  86  87  87  88  88  88  88  88  88  87  89  89
  89  88  88  89  89  89  83  77  71  67  64  62  60  58  61  62  65  68
  71  73  73  71  70  70  73  78  81  83  87  92  96  97  82  61  52  51
  54  59  58  57  55  54  53  51  50  49  46  47  46  44  44  45  46  44
  46  47  49  49  47  45  45  46  48  43  38  33  27  20  16  16  15  15
  16  19  22  24  23  22  23  25  28  32  36  41  43  44  44  42  41  41
  43  45  45  45  43  41  43  47  47  44  71 103 103 104 104 103 102 103
 104 105 105 105 105 105 106 106 106 106 106 106 106 107 107 106 106 107
 108 107 106 107 109 110 110 110 107 107 108 108 108 108 109 108 109 109
 110 110 110 110 110 110 109 108 107 107 107 108 108 109 109 109 109 109
 109 109 110 111 111 110 110 110 110 110 109 109 110 111 111 110 109 107
 109  29]","[ 29  29  86  85  87  87  86  87  87  88  88  87  86  86  86  86  87  88
  89  89  89  89  88  87  82  74  68  65  63  64  63  60  62  62  63  67
  71  73  72  71  66  64  65  69  72  76  84  91  95  87  69  53  52  54
  55  59  62  60  57  55  54  53  52  51  48  48  47  45  45  47  48  46
  48  49  50  49  47  45  45  46  47  44  41  38  32  25  18  15  16  17
  18  20  22  23  24  23  23  26  31  35  38  40  41  41  41  40  41  41
  43  44  44  45  42  41  42  46  47  44  76 105 105 105 105 103 103 104
 104 104 104 105 106 105 105 105 107 107 107 107 108 108 107 106 105 105
 105 105 105 106 108 109 109 109 108 106 106 106 107 108 108 108 109 109
 109 109 108 109 109 109 109 108 108 107 107 108 108 109 108 109 109 109
 109 108 109 109 111 110 109 110 110 109 109 109 110 109 109 108 109 108
 109  29]","[ 29  28  85  84  85  86  85  86  86  87  87  85  84  84  85  86  86  87
  88  88  89  88  88  86  82  75  68  64  63  64  63  60  60  62  65  67
  70  71  72  71  67  65  62  61  62  65  72  79  84  77  65  59  61  62
  62  65  63  62  59  56  55  54  53  52  51  50  47  45  46  48  50  50
  50  50  51  50  48  46  45  46  47  45  42  40  36  29  22  16  18  18
  18  19  20  22  23  24  27  30  33  36  37  38  39  39  37  39  40  41
  42  42  43  43  41  42  41  45  48  46  78 104 104 105 105 104 105 106
 105 104 104 106 107 106 105 105 106 107 106 106 107 108 107 106 106 106
 105 105 106 107 108 108 107 107 107 106 105 106 107 108 108 108 109 109
 108 108 108 108 108 108 108 108 107 107 106 107 108 109 108 109 109 109
 109 108 108 108 109 109 109 110 110 110 110 111 110 108 108 107 109 108
 110  28]","[ 29  28  83  81  83  83  83  84  84  84  84  83  83  84  85  85  86  87
  87  87  87  88  88  87  80  75  70  67  64  64  64  62  59  62  64  65
  67  70  70  69  70  70  67  62  58  56  58  60  63  62  61  61  60  59
  60  63  63  62  61  59  57  56  55  54  54  51  49  49  50  52  53  55
  55  55  54  53  51  48  47  47  46  45  43  42  40  36  30  25  20  19
  18  18  20  22  24  25  30  32  33  34  35  37  38  38  36  37  38  39
  40  40  40  41  39  42  40  44  47  49  76 102 102 104 105 105 105 106
 106 104 105 106 107 106 105 105 106 106 105 105 105 106 107 107 107 107
 105 106 107 107 107 107 106 106 106 105 105 106 107 107 107 108 108 108
 108 108 108 108 108 108 106 107 107 107 106 106 107 109 109 109 109 109
 109 108 108 107 108 108 109 109 110 110 110 111 110 109 108 107 108 108
 109  29]","[ 30  28  82  79  80  81  81  82  83  82  81  81  83  85  86  85  86  87
  87  86  86  88  88  88  77  74  71  68  65  65  65  63  62  62  61  61
  65  69  68  64  64  67  69  67  63  61  60  59  63  61  62  63  62  62
  63  63  63  63  63  62  60  59  58  57  57  54  53  55  57  57  58  60
  60  59  58  56  54  51  49  49  45  44  44  43  43  42  39  36  25  23
  20  20  22  24  26  27  30  31  32  33  35  36  36  36  36  36  37  37
  38  38  39  39  38  42  40  43  48  52  76 101 101 104 105 104 104 105
 106 105 104 105 106 105 105 105 105 104 105 104 104 105 106 106 107 108
 105 106 107 107 106 105 105 106 104 104 106 107 108 107 107 108 107 107
 107 107 107 107 107 107 106 107 108 107 106 106 108 109 109 108 108 108
 109 109 108 108 108 108 108 109 109 109 110 110 110 109 109 108 107 107
 109  29]","[ 30  29  80  81  80  81  81  81  81  82  83  85  85  85  85  85  84  85
  86  87  89  89  88  86  78  73  71  71  68  66  66  64  64  62  60  60
  61  63  65  66  63  66  68  68  66  65  64  64  65  64  63  64  64  65
  65  65  66  65  65  65  64  61  59  60  60  59  59  61  61  61  61  62
  63  62  61  58  54  52  52  53  48  47  45  44  44  44  41  38  33  27
  23  24  24  23  24  28  31  31  32  31  31  33  35  34  34  33  32  34
  36  36  36  39  37  37  39  40  48  54  87 103 102 103 105 105 105 105
 104 104 105 105 105 104 104 104 105 105 103 105 106 106 105 105 106 107
 106 105 105 105 105 105 105 105 105 105 106 107 107 106 105 104 107 106
 104 105 106 107 106 106 106 106 105 106 106 107 108 109 109 109 109 108
 107 106 107 108 109 108 108 108 108 109 109 110 110 109 108 106 108 108
 108  30]","[ 29  29  81  82  81  82  81  81  82  83  84  85  86  85  84  83  82  83
  85  86  87  88  87  85  76  73  70  68  65  61  60  59  59  58  58  58
  58  59  63  67  66  67  67  66  65  65  65  65  65  65  65  65  65  65
  65  65  65  64  64  65  64  62  61  60  62  62  63  64  64  64  64  64
  62  63  62  61  59  57  55  55  52  50  47  45  45  45  43  40  39  33
  28  27  25  24  24  26  28  27  28  28  28  30  31  29  31  32  31  32
  34  34  34  36  39  40  41  42  49  58  87  98 102 103 105 105 105 105
 105 104 104 104 104 104 105 105 105 105 103 104 105 105 104 104 105 106
 105 105 104 105 105 106 105 105 105 105 106 107 107 106 105 104 105 105
 105 105 106 107 106 106 107 106 106 106 106 107 108 110 109 109 109 108
 107 106 107 108 109 108 108 107 107 108 109 110 109 108 109 107 108 108
 108  29]","[ 29  29  81  82  81  82  82  82  82  83  84  85  85  84  83  81  81  82
  84  85  87  87  85  83  75  73  70  66  62  57  55  56  54  55  57  57
  56  56  61  67  67  66  65  64  64  66  66  65  65  66  66  66  65  65
  65  65  65  65  65  65  67  67  65  63  64  65  66  67  68  68  68  67
  64  64  64  64  63  62  59  57  57  54  50  47  46  46  44  42  42  39
  35  32  29  26  24  24  23  22  23  24  24  26  27  25  26  29  31  32
  35  36  36  38  38  41  41  44  51  67  90  97 102 103 105 105 105 105
 105 105 104 104 104 104 105 105 105 105 105 105 105 105 105 105 106 106
 106 105 105 106 106 106 106 106 105 105 105 106 106 106 105 104 105 105
 106 107 107 107 107 107 108 108 107 107 106 106 108 110 110 110 109 109
 108 107 107 108 109 108 107 107 107 107 108 109 108 108 108 107 108 108
 107  29]","[ 29  29  81  82  81  83  82  83  82  82  82  83  83  83  82  81  82  83
  84  86  87  86  84  81  75  74  69  65  63  58  55  57  55  56  58  58
  56  56  60  65  67  65  63  63  64  66  65  64  65  65  65  66  66  66
  65  65  65  66  66  67  70  72  70  67  65  68  69  70  70  72  71  70
  68  66  65  65  65  64  62  59  59  57  53  49  48  47  45  43  41  40
  39  36  34  31  27  24  22  20  19  20  20  23  25  24  25  30  33  34
  36  38  38  39  37  42  42  47  52  75  95  98 101 103 104 104 105 105
 105 105 104 104 103 104 105 105 105 104 105 105 105 105 106 107 107 107
 107 107 107 107 107 107 107 106 105 105 106 106 107 107 106 105 105 106
 108 108 109 109 109 109 111 110 109 108 107 107 108 110 111 110 110 110
 109 108 108 108 108 108 107 107 106 107 107 108 108 107 107 106 107 107
 106  29]","[ 29  29  80  81  80  82  83  83  82  82  81  81  82  82  81  81  83  84
  84  86  87  86  84  81  74  72  67  65  65  62  59  62  61  59  58  57
  56  55  58  63  66  64  61  60  62  64  65  64  65  65  65  65  66  66
  65  64  66  66  67  68  71  74  73  69  68  70  72  72  73  74  73  71
  70  69  68  68  68  66  63  60  60  58  55  52  51  49  47  44  41  41
  41  39  37  35  31  28  25  22  20  20  20  22  24  24  28  33  35  35
  36  37  36  37  37  42  43  47  51  77  96  98 101 102 104 104 104 105
 105 104 104 104 104 105 106 106 106 105 105 104 104 105 106 107 108 108
 108 107 107 108 108 108 107 107 106 107 107 108 109 109 108 108 107 107
 108 108 108 109 110 111 112 111 110 109 108 107 108 110 110 109 109 109
 109 108 107 108 107 107 107 107 107 106 106 106 106 105 106 105 106 105
 105  29]","[ 30  29  80  80  80  82  82  83  83  83  82  82  81  81  82  82  84  84
  84  84  86  86  84  81  73  70  66  64  65  64  64  65  65  60  56  54
  53  53  56  60  66  64  61  59  60  62  64  65  66  65  65  65  66  65
  64  63  67  67  68  70  72  74  73  71  72  73  74  74  75  74  73  72
  71  71  71  72  71  69  65  62  61  60  58  55  53  51  48  46  44  44
  43  41  39  38  36  34  31  27  25  23  22  23  25  25  28  32  34  35
  36  36  36  37  36  39  42  46  50  78  98 100 102 103 104 104 104 104
 104 104 104 104 105 106 107 108 107 107 105 105 104 105 106 108 108 108
 106 106 106 107 108 108 107 107 107 107 108 108 109 109 109 108 107 107
 107 107 107 107 109 110 109 108 107 107 107 107 107 108 108 107 107 108
 107 106 106 106 106 106 106 107 106 106 105 105 105 104 104 104 105 104
 105  29]","[ 29  29  80  80  80  81  82  83  83  83  83  83  82  82  82  83  85  84
  83  83  85  85  83  81  72  68  65  64  63  63  65  66  66  60  55  54
  54  53  55  58  64  64  63  61  60  61  62  63  65  65  66  65  65  64
  64  64  66  67  68  71  73  73  72  72  73  73  74  75  75  74  73  73
  72  73  74  74  73  70  66  64  63  62  59  57  55  53  50  48  47  46
  45  43  41  39  38  37  35  32  30  29  26  24  25  25  27  29  31  33
  35  35  35  38  35  34  39  45  51  79 100 102 103 104 104 104 104 104
 104 104 104 105 105 106 107 107 107 106 105 105 105 105 106 107 108 108
 105 105 106 107 107 108 107 107 106 106 107 107 108 108 107 106 106 106
 105 105 105 106 107 107 107 105 105 105 106 106 106 106 105 105 106 106
 106 105 105 105 105 105 105 106 105 105 105 104 104 103 104 104 105 104
 104  29]","[ 29  29  80  81  80  81  81  82  81  82  83  83  82  82  83  84  87  86
  84  83  84  84  83  80  73  67  66  64  60  61  65  66  63  58  56  57
  57  55  54  56  62  64  65  64  62  60  61  61  64  65  66  66  64  63
  64  66  64  64  67  70  72  71  71  73  72  72  73  75  75  74  73  74
  74  75  75  74  72  69  67  65  64  63  60  57  54  53  51  49  47  46
  46  46  43  40  37  37  36  33  33  32  29  26  25  25  27  28  29  31
  33  33  33  36  37  33  39  44  53  79 100 103 104 105 105 104 104 104
 104 104 105 105 106 106 106 105 105 104 105 105 104 104 105 105 106 107
 105 105 106 107 107 107 107 106 107 107 107 107 107 107 106 105 105 105
 105 104 104 105 105 106 107 105 104 105 106 106 105 105 104 105 106 106
 105 104 104 105 105 105 105 105 104 104 104 104 104 102 104 105 106 104
 104  29]","[ 30  27  82  80  80  80  80  80  81  82  82  81  80  81  83  84  85  86
  86  86  84  86  85  81  74  69  65  63  61  62  64  65  65  61  59  60
  58  54  54  57  60  63  65  64  62  62  61  58  61  60  61  64  65  64
  64  65  66  64  65  67  69  72  72  70  71  73  73  73  74  74  74  77
  78  78  76  73  72  71  69  65  64  63  61  57  56  56  54  50  48  47
  46  45  44  42  40  38  37  35  34  33  32  30  29  29  30  29  28  28
  30  33  35  35  36  39  40  46  51  81  97 101 104 105 105 104 103 104
 104 104 105 105 105 105 104 104 104 106 105 105 104 104 104 105 107 108
 104 105 106 107 107 106 106 105 106 107 107 107 106 105 105 106 107 105
 104 105 106 106 105 104 106 106 106 105 105 105 105 105 103 104 104 105
 105 104 104 104 105 104 104 105 105 105 104 103 103 104 104 106 105 105
 104  29]","[ 30  27  83  82  82  82  82  81  81  83  84  83  81  82  84  86  86  86
  87  87  87  88  87  82  77  71  67  65  63  64  66  66  67  64  63  64
  61  57  55  57  60  64  66  65  64  64  63  62  60  59  59  61  63  65
  65  65  64  64  66  67  68  70  72  72  70  72  71  71  73  74  74  77
  77  78  77  74  72  72  70  68  68  67  64  60  59  59  56  53  50  49
  47  46  45  43  40  38  35  35  35  35  35  33  32  32  31  30  30  30
  30  31  34  37  37  39  39  43  48  81  99 103 104 104 104 104 103 104
 104 104 105 104 105 105 104 104 104 105 105 105 105 104 105 106 107 107
 104 104 105 105 105 105 105 105 105 105 106 105 105 104 104 105 107 105
 105 105 106 106 105 105 106 106 106 105 105 105 105 105 105 105 105 105
 105 105 104 104 105 105 105 105 105 105 104 104 104 104 104 106 105 105
 104  29]","[ 29  27  84  84  85  85  84  83  84  87  88  87  86  86  88  89  88  88
  89  90  90  91  88  82  77  71  67  65  63  64  66  65  65  65  65  64
  62  58  56  55  60  63  66  66  65  64  64  64  62  63  63  63  62  62
  63  63  61  62  65  67  69  69  70  70  71  72  72  72  73  73  74  75
  76  78  78  76  74  74  73  72  72  70  67  64  62  61  58  55  51  49
  47  47  47  46  43  40  37  36  36  37  36  35  35  35  35  32  31  31
  30  30  33  36  37  37  38  40  46  81 100 103 103 104 104 104 103 104
 104 104 105 104 104 104 104 103 104 105 105 105 105 105 105 106 106 106
 105 105 105 105 105 105 105 105 105 105 105 104 104 104 104 105 106 105
 105 106 106 105 105 105 107 106 106 105 105 105 105 105 106 106 106 106
 106 105 105 104 105 105 105 105 105 104 104 104 104 104 104 105 103 104
 103  29]","[ 29  28  86  87  89  89  88  86  88  90  91  91  89  89  90  91  90  90
  91  92  92  92  88  81  75  69  65  63  62  63  64  64  63  64  65  64
  62  61  59  56  59  62  66  66  65  64  63  63  62  62  62  63  60  57
  55  55  54  55  58  64  69  70  69  69  69  71  71  71  73  73  73  74
  75  77  77  77  76  76  76  75  75  73  70  67  65  62  58  55  50  49
  47  48  49  48  45  42  41  39  38  37  37  37  39  40  41  37  33  31
  31  31  32  33  35  36  39  41  50  85 102 102 104 104 105 104 104 104
 105 105 105 104 103 103 104 104 104 105 105 105 105 105 105 105 106 106
 105 105 105 105 105 105 105 106 105 105 105 104 104 104 105 105 105 104
 105 105 105 105 104 105 107 106 105 105 105 105 105 105 105 105 105 105
 105 105 104 104 104 105 105 105 104 104 104 104 104 103 103 104 102 103
 103  28]","[ 29  28  88  90  91  92  90  88  89  90  91  90  90  90  89  89  91  90
  91  92  92  92  87  79  74  68  65  64  63  64  65  64  64  65  65  64
  64  65  63  60  58  61  64  66  65  64  63  62  62  59  58  59  58  52
  49  49  47  47  48  53  58  60  62  68  66  67  67  68  70  71  73  76
  75  76  76  77  78  78  77  76  76  75  73  70  68  65  60  57  53  51
  49  49  50  49  46  43  41  40  39  38  39  40  42  43  44  44  41  36
  32  32  32  32  36  36  41  42  56  90 103 103 104 105 105 104 104 105
 105 105 105 104 103 104 104 104 104 105 105 105 105 105 105 105 105 105
 104 105 105 105 105 105 105 105 106 105 105 104 105 105 105 106 104 104
 105 106 106 105 104 105 107 106 105 105 105 105 105 105 105 105 105 105
 105 105 105 105 104 104 105 105 104 104 104 104 104 104 103 104 102 103
 103  29]","[ 29  29  89  90  92  92  91  89  89  89  89  89  90  90  89  87  89  89
  90  91  91  90  86  79  73  68  65  64  63  64  65  65  64  65  65  65
  66  67  64  60  56  57  60  63  64  64  62  60  58  58  58  57  52  47
  47  51  47  46  41  38  39  39  45  56  64  66  67  66  67  69  73  77
  76  75  75  77  79  79  78  76  76  74  73  72  70  67  63  60  58  56
  53  52  51  49  46  44  43  42  41  41  40  40  40  40  44  47  48  42
  35  31  32  34  36  36  40  41  62  94 102 103 104 105 105 105 104 105
 105 105 104 104 104 104 104 104 104 105 105 105 105 105 105 105 105 105
 105 105 105 105 105 105 105 105 105 105 104 104 105 105 105 105 105 105
 106 107 107 106 105 105 106 105 105 105 105 105 105 105 105 105 105 105
 105 105 105 105 104 104 104 104 104 104 104 104 103 103 102 103 102 103
 103  29]","[ 29  29  89  90  90  90  89  88  89  89  89  89  90  90  89  88  88  89
  91  91  90  89  86  80  73  68  65  63  61  63  65  65  64  65  65  65
  67  67  63  58  55  54  56  60  63  63  61  59  53  55  57  56  55  56
  57  59  56  52  42  35  33  28  30  40  56  62  65  66  66  67  69  74
  76  75  75  77  79  80  79  78  76  75  73  73  72  70  67  65  63  62
  59  56  53  50  48  47  47  46  45  44  42  41  40  41  44  46  49  48
  41  33  31  34  36  37  39  41  69  98 100 102 104 105 105 104 104 104
 105 105 104 104 104 105 104 104 104 105 105 105 105 105 105 105 105 105
 107 107 106 106 105 105 106 106 105 105 104 105 105 105 105 104 105 105
 105 107 107 106 105 105 106 105 104 104 105 105 105 104 105 105 105 105
 105 105 105 105 104 104 104 104 104 104 104 103 102 102 102 103 102 103
 102  28]","[ 29  29  89  89  88  88  87  87  87  89  89  89  89  89  89  89  89  90
  92  91  89  89  86  81  74  69  65  62  60  62  64  65  65  65  65  67
  70  69  63  57  56  54  55  58  62  63  61  59  56  56  56  60  71  80
  79  71  65  58  47  41  40  32  27  32  43  52  60  64  65  65  66  70
  74  74  75  78  80  80  80  80  79  77  75  75  74  72  70  68  66  65
  62  59  55  52  51  51  50  48  47  46  45  45  46  47  46  44  47  52
  48  38  32  34  37  38  41  43  75 102  99 102 104 105 105 104 103 104
 104 104 103 103 105 105 104 103 104 105 105 105 105 105 105 105 105 106
 107 106 105 104 104 105 105 106 105 105 105 105 106 106 105 104 104 104
 105 106 106 106 105 104 106 105 104 104 105 105 105 104 105 105 105 104
 104 104 104 104 105 104 104 104 104 104 104 103 103 102 102 103 102 103
 103  29]","[ 28  30  86  87  88  87  89  88  87  89  91  90  90  89  89  89  90  91
  93  92  90  90  87  81  74  67  65  65  60  60  64  63  66  65  66  69
  70  67  62  59  56  54  57  60  61  64  64  59  58  57  56  69  79  83
  84  76  65  56  49  42  39  36  30  28  32  39  50  57  64  68  65  66
  73  75  76  78  80  81  81  81  81  79  77  76  76  75  72  69  67  66
  65  62  59  57  54  53  53  52  50  48  48  48  49  50  49  48  52  56
  53  44  36  33  38  40  41  47  87 101 102 102 105 105 105 105 105 104
 104 103 102 102 103 103 104 104 105 104 105 105 105 105 105 105 105 105
 108 107 105 104 104 105 105 105 105 105 105 105 105 105 105 105 105 105
 105 105 105 105 105 105 105 105 105 105 105 104 103 103 103 104 104 104
 104 104 104 104 103 102 103 104 103 103 103 101 103 102 102 104 103 103
 103  28]","[ 28  29  85  85  87  87  88  87  87  88  89  89  88  88  89  89  91  92
  95  94  92  91  87  81  74  67  65  64  60  60  64  63  65  64  65  68
  68  66  61  58  58  57  59  62  62  65  66  61  58  59  65  76  81  84
  82  73  67  59  52  44  39  36  31  29  31  33  38  44  55  64  66  70
  70  73  77  79  81  81  81  80  82  80  79  79  78  77  74  71  69  67
  65  63  60  56  55  57  57  56  54  53  52  51  50  50  49  51  54  58
  59  54  44  36  39  41  41  54  91 102 103 104 103 104 104 105 105 105
 104 104 102 103 103 104 104 104 104 105 106 106 105 105 105 105 105 105
 107 106 105 105 105 105 105 105 105 105 105 105 105 105 105 105 105 105
 105 105 105 105 105 105 105 105 105 105 105 105 105 104 104 104 104 104
 104 104 104 104 106 104 105 105 104 104 104 103 103 103 102 104 102 103
 103  29]","[ 28  29  84  85  87  87  87  86  86  88  89  88  88  89  89  90  91  92
  94  94  92  91  87  81  75  68  65  64  61  61  64  65  66  66  67  67
  67  66  63  60  61  60  62  63  63  65  65  63  59  59  72  81  82  83
  80  71  68  62  55  45  39  36  31  30  30  28  28  29  39  51  58  66
  68  72  76  78  79  80  80  81  81  80  80  80  80  78  74  72  72  69
  68  68  64  60  59  62  61  60  58  58  57  55  52  50  48  51  52  54
  58  60  51  39  40  41  41  64  95 102 102 104 103 104 104 105 105 105
 104 103 103 104 105 105 105 105 105 106 108 107 105 105 105 105 105 105
 106 105 105 105 105 105 105 105 105 105 105 105 105 105 105 105 105 105
 105 105 105 105 105 105 105 105 105 105 106 106 106 105 104 104 104 104
 104 104 104 104 105 104 104 105 104 104 104 102 103 102 102 104 102 102
 102  29]","[ 29  30  85  85  86  86  87  86  86  87  88  88  88  89  90  91  91  90
  91  91  89  89  87  82  77  70  67  65  62  62  65  65  67  68  68  67
  67  67  65  63  63  62  61  62  63  64  64  63  61  56  72  82  81  83
  79  73  68  64  59  48  40  37  32  31  29  28  26  23  26  36  47  60
  69  72  75  76  76  78  80  82  80  80  81  81  80  78  76  74  73  72
  71  72  70  66  64  65  64  62  60  60  60  58  54  51  48  50  49  47
  52  58  53  43  41  43  45  76  98 101 101 103 104 104 105 106 105 105
 104 103 104 105 106 106 105 105 106 106 109 108 106 105 105 105 105 104
 105 105 105 105 106 106 105 105 105 105 105 105 105 105 105 105 105 105
 105 105 105 105 105 105 105 105 105 105 106 107 106 105 104 104 104 104
 104 104 104 104 104 102 103 104 103 103 103 101 101 101 102 103 101 102
 102  29]","[ 29  30  85  84  85  85  87  87  86  87  87  87  87  89  90  90  90  89
  90  90  89  88  86  81  77  71  67  65  63  63  65  66  67  68  68  66
  65  66  66  64  65  63  61  61  63  64  64  65  64  55  68  80  81  83
  79  75  69  66  62  52  43  37  31  30  28  27  27  23  24  31  41  54
  68  72  75  75  75  76  79  81  81  81  81  81  81  79  78  77  74  74
  73  71  70  70  68  64  65  63  61  61  62  61  57  54  51  51  49  46
  48  52  51  48  44  47  54  87 101 101 103 104 104 105 106 106 106 105
 104 103 103 104 105 105 104 104 105 106 107 107 106 105 105 105 105 104
 105 105 105 106 106 106 105 105 105 105 105 105 105 105 105 105 105 105
 105 105 105 105 105 105 106 105 104 105 106 106 105 104 104 104 104 104
 104 104 104 104 104 103 104 104 103 102 102 100  98  99 100 103 101 102
 102  29]","[ 28  29  84  83  84  84  86  86  86  87  87  87  88  89  89  89  89  88
  90  92  91  89  86  80  76  71  66  64  64  64  65  67  68  67  66  65
  65  66  66  65  65  64  62  62  65  65  65  66  65  57  66  79  83  83
  80  75  68  65  62  53  44  36  29  29  28  26  25  24  28  33  38  46
  63  68  73  75  75  75  76  78  81  81  81  81  81  80  80  79  77  76
  73  69  69  71  70  66  66  64  62  62  64  64  61  58  53  52  50  47
  46  46  47  48  45  50  65  96 102 103 105 105 104 105 105 106 106 105
 105 104 103 104 105 105 104 104 105 105 105 105 106 106 106 106 105 105
 105 105 105 106 106 106 105 105 105 105 105 105 105 105 105 105 105 105
 105 105 105 105 105 105 106 105 105 105 105 105 104 104 103 103 104 104
 105 105 104 104 104 103 104 105 103 102 101  98  97  98 100 102 101 102
 102  29]","[ 28  28  82  81  84  84  86  85  85  86  87  87  88  89  89  89  88  87
  90  92  92  90  86  81  76  72  66  65  65  65  65  68  68  67  65  65
  65  66  66  67  65  66  64  63  65  63  62  65  64  61  65  76  80  80
  79  74  68  63  60  54  46  37  30  30  29  25  24  25  31  36  38  44
  57  63  69  72  73  73  74  75  80  80  80  80  80  80  80  79  78  77
  73  70  71  72  71  69  67  65  64  64  65  65  63  60  55  53  51  48
  45  43  44  46  45  52  76 100 101 102 105 104 105 105 105 105 105 105
 104 104 104 105 105 105 105 105 105 105 105 105 106 106 106 105 105 106
 105 105 105 106 106 106 105 104 105 105 105 105 105 105 105 105 104 104
 105 105 105 105 105 105 105 105 105 105 105 105 104 104 102 103 104 105
 105 105 104 104 104 103 104 104 102 101 101  98  98  98  99 102 102 103
 103  29]","[ 30  28  81  81  84  85  86  84  82  83  85  86  87  89  89  89  87  86
  88  90  90  89  86  82  77  73  67  66  67  66  65  68  68  66  64  65
  65  65  66  67  64  66  65  64  63  60  58  62  61  63  64  71  75  76
  79  73  68  62  60  56  49  40  32  33  29  26  26  28  34  40  43  50
  54  60  66  70  71  73  74  75  80  79  79  80  81  81  80  79  77  75
  73  73  73  72  72  71  68  66  65  65  66  66  63  61  58  56  52  48
  45  44  45  46  46  54  83 101 100 102 105 103 105 105 105 104 104 104
 103 103 104 105 105 105 105 105 105 105 106 107 107 107 105 104 104 105
 105 105 105 105 106 106 105 104 105 105 105 105 105 105 105 105 104 104
 104 105 105 105 105 105 105 105 105 105 105 105 105 105 102 102 104 105
 105 105 104 104 104 102 103 103 102 102 102 100 100  99  99 102 102 103
 103  29]","[ 30  29  82  82  85  83  82  79  80  81  81  84  88  87  85  87  86  87
  87  87  88  89  86  81  79  73  67  64  64  65  66  66  65  65  65  65
  66  66  66  65  65  64  64  64  62  60  59  59  59  61  64  68  71  74
  74  73  73  65  65  60  46  38  34  31  30  26  30  36  38  43  51  55
  57  58  62  67  70  72  74  76  78  78  78  78  79  80  79  77  76  74
  73  74  74  74  73  71  71  70  68  66  65  65  65  64  61  58  54  47
  45  45  43  46  45  61  97 101 102 106 103 103 103 104 104 105 105 105
 104 104 106 105 104 104 105 106 105 105 107 107 106 105 105 105 105 105
 105 105 105 105 105 105 105 105 105 105 105 105 105 106 107 107 106 104
 105 106 106 104 104 105 105 105 105 105 105 105 105 105 104 105 105 105
 105 105 104 104 105 105 105 103 102 101 102 102 101 101 101 102 101 104
 104  29]","[ 30  28  81  81  82  81  81  80  82  81  81  83  85  84  82  84  87  88
  88  87  88  89  86  82  80  75  68  65  65  66  66  66  64  64  65  65
  66  66  66  65  64  64  65  64  62  60  58  58  57  59  61  64  68  72
  74  74  76  66  62  54  42  36  34  33  29  29  33  39  41  47  54  57
  59  60  62  65  68  70  72  74  77  77  77  77  79  80  79  77  76  75
  74  73  74  74  73  72  72  69  66  65  66  66  65  65  62  58  54  49
  47  46  45  49  52  72 102 103 103 105 103 103 104 104 105 105 105 104
 104 104 104 104 104 104 105 105 105 105 106 105 105 105 105 105 105 106
 105 105 105 105 105 105 105 105 105 105 105 105 105 105 106 107 106 105
 106 107 107 105 104 105 104 105 105 105 105 105 105 105 105 105 105 105
 105 105 104 104 105 105 105 104 103 102 102 102 103 103 102 103 102 104
 104  29]","[ 29  28  81  79  81  80  81  81  79  80  83  86  85  82  82  85  86  87
  87  86  87  88  86  84  82  76  69  66  66  66  66  66  64  65  65  66
  67  67  67  66  64  64  65  65  62  59  58  58  60  61  62  63  65  67
  69  70  65  57  54  49  40  36  33  32  32  34  40  44  46  52  58  60
  62  63  64  65  66  69  72  73  76  76  76  77  79  80  79  77  76  75
  73  72  72  73  73  73  72  68  65  64  66  67  66  64  63  58  55  51
  49  47  46  53  58  83 104 104 105 104 105 105 105 105 105 105 105 104
 104 103 103 104 105 105 104 104 105 105 104 105 105 105 105 105 105 105
 106 106 105 105 105 105 105 105 105 105 105 105 105 105 106 107 105 105
 105 107 107 105 104 105 104 105 105 105 105 105 105 105 105 105 105 105
 105 104 104 103 104 104 105 105 104 103 103 103 104 104 104 104 102 104
 104  29]","[ 30  29  81  80  81  81  82  81  81  81  83  85  85  84  85  87  86  86
  86  86  86  87  87  85  82  76  69  65  65  65  65  65  65  65  65  66
  66  67  66  66  64  65  65  65  62  59  58  59  62  64  65  65  65  64
  64  63  59  54  54  50  44  40  36  34  36  41  46  48  51  56  61  62
  65  66  66  64  65  69  72  73  74  74  74  75  77  79  78  76  74  73
  72  71  71  72  73  73  72  68  65  64  66  67  66  65  66  60  57  54
  51  48  47  55  64  92 104 104 105 104 107 106 105 105 105 105 105 105
 104 104 104 105 106 106 105 104 104 105 105 105 105 105 105 105 105 105
 105 106 106 106 106 106 105 105 105 105 105 105 105 105 106 106 104 104
 105 106 106 105 104 105 104 105 105 105 105 105 105 104 105 105 105 105
 104 104 103 103 102 103 104 105 105 104 104 104 105 105 104 104 102 104
 103  28]","[ 30  29  81  80  82  81  81  80  84  83  81  82  84  86  85  85  86  86
  86  86  87  87  87  86  82  76  69  65  64  64  65  65  65  65  64  64
  65  65  65  65  64  65  65  64  62  59  59  60  62  64  66  66  66  65
  65  64  64  58  55  50  44  40  37  37  38  44  49  51  54  59  62  64
  65  66  66  65  66  69  71  72  73  73  73  74  76  77  76  74  74  73
  72  72  72  72  72  72  71  69  67  66  66  66  66  65  65  60  57  55
  52  48  48  57  72 100 103 104 105 103 107 104 105 105 105 105 105 105
 105 105 105 105 105 105 105 105 105 104 105 105 106 106 106 106 106 106
 105 105 106 107 107 107 106 104 105 105 106 106 105 105 105 106 106 105
 105 105 105 104 104 105 105 105 106 106 106 106 105 104 105 105 105 105
 104 104 103 103 103 104 105 105 105 104 104 104 104 104 104 104 102 104
 103  28]","[ 30  28  81  80  81  80  79  78  79  86  87  85  85  83  81  83  87  85
  85  85  86  86  85  84  82  77  71  67  65  64  65  65  66  65  64  64
  64  65  65  65  65  65  64  63  61  59  60  61  64  65  66  66  66  66
  67  66  65  60  55  47  41  38  35  37  41  47  51  53  57  61  64  65
  66  67  68  68  68  70  71  71  73  73  73  74  75  76  75  74  74  73
  72  72  72  72  71  71  72  71  70  68  66  65  65  65  62  57  55  52
  50  48  50  60  77 101 101 103 104 104 107 104 105 105 105 105 105 105
 105 105 105 105 105 105 105 105 105 105 107 106 106 106 107 107 108 108
 104 105 106 107 108 108 106 105 105 106 106 106 105 105 105 106 107 107
 106 105 104 104 104 104 105 106 107 106 106 106 105 105 105 105 105 105
 104 104 104 104 106 106 106 106 105 104 104 104 104 104 104 104 102 104
 103  29]","[ 30  29  83  82  81  79  79  78  84  96  95  86  84  82  79  83  85  83
  82  83  85  85  83  82  81  77  73  69  66  65  64  65  66  65  65  64
  65  65  66  66  66  64  62  61  59  59  60  62  65  65  65  65  66  66
  67  66  65  61  56  47  41  38  36  40  46  52  55  57  62  64  64  66
  68  68  70  72  72  70  70  70  72  73  74  74  74  75  74  74  73  72
  71  71  72  72  71  70  71  71  71  69  66  64  62  62  58  55  53  50
  48  49  53  65  80 101 101 104 104 104 107 105 105 105 105 105 105 105
 105 105 105 105 106 105 105 105 106 106 107 107 106 106 106 107 108 108
 105 105 105 106 108 108 108 107 106 106 106 105 105 105 106 106 107 107
 106 105 105 105 105 105 106 107 107 107 107 107 106 105 105 105 105 105
 104 104 104 104 107 107 107 106 105 105 105 106 105 105 104 104 103 104
 104  29]","[ 30  31  86  84  82  79  80  80 104 110  96  80  82  83  79  82  84  82
  81  83  85  85  84  83  80  77  74  70  67  65  64  64  65  64  64  65
  65  66  66  65  66  64  61  59  58  59  61  63  63  64  65  65  66  67
  67  65  66  62  55  43  37  35  36  42  52  57  59  61  65  65  63  66
  68  69  71  73  73  70  68  68  71  72  73  73  72  73  72  72  72  70
  69  69  71  72  71  70  70  71  70  69  65  62  60  59  57  54  52  48
  47  50  56  68  86 104 104 107 104 104 106 104 105 105 105 105 105 105
 105 105 106 107 107 106 105 104 106 108 108 107 106 105 105 106 106 107
 105 105 105 106 108 109 109 108 107 107 106 105 104 105 106 107 107 108
 108 107 107 108 108 107 106 107 108 108 107 107 106 105 105 105 105 105
 105 105 105 105 107 106 106 105 104 105 106 107 106 106 105 105 103 105
 104  29]","[ 28  31  92  83  83  81  96 105 118 110  94  80  79  81  79  83  83  82
  81  83  86  85  82  81  81  77  73  70  66  65  65  65  65  65  64  65
  67  68  67  65  65  64  61  58  57  61  64  65  65  64  64  66  67  67
  66  66  65  59  52  43  39  38  40  48  55  59  62  64  65  66  68  70
  72  69  69  72  73  71  69  68  70  71  72  72  72  71  69  69  68  66
  65  68  71  72  71  70  70  70  69  67  65  62  60  57  54  53  52  51
  46  50  52  68  92 101 105 104 105 105 104 105 105 106 106 106 105 104
 104 105 105 107 108 108 107 106 107 107 107 108 107 106 106 106 106 105
 105 105 105 106 108 109 109 108 107 106 105 105 105 105 105 106 107 107
 108 109 109 109 108 107 108 107 107 108 108 107 105 104 107 107 106 105
 105 106 107 107 108 107 105 104 104 105 106 107 108 106 105 103 104 104
 105  29]","[ 30  28  79  80  91 108 126 126 113  94  84  82  80  81  81  82  82  83
  81  80  83  86  84  82  79  75  73  70  66  65  65  65  65  65  64  64
  66  67  67  66  65  63  60  58  59  62  65  66  66  66  67  68  69  68
  67  66  64  57  49  41  38  40  43  53  58  61  65  67  67  68  70  72
  70  70  69  70  72  74  72  70  69  71  74  74  73  71  71  71  68  66
  65  66  68  69  70  71  69  69  68  66  64  61  59  57  55  53  52  52
  50  53  56  73  95 103 105 104 105 105 104 105 105 105 106 106 106 105
 105 106 105 106 108 108 107 107 107 107 107 107 107 107 107 108 107 106
 105 105 105 106 107 108 108 107 108 107 106 105 105 104 105 105 107 107
 107 108 109 108 107 106 107 107 107 108 107 106 106 106 108 108 107 106
 106 107 108 107 107 106 105 105 105 106 107 108 108 106 106 105 106 106
 106  29]","[ 29  28  87  98 114 124 118 100  91  82  82  82  79  80  80  79  80  83
  82  79  80  83  83  82  79  75  72  70  67  66  66  65  66  66  65  64
  65  66  67  67  66  63  60  59  61  64  66  66  65  67  69  69  69  69
  67  65  63  56  47  40  39  42  47  57  61  64  66  68  68  69  71  73
  70  71  71  70  73  76  75  73  69  71  73  75  75  74  73  73  70  68
  67  67  67  67  68  69  67  68  67  65  62  61  58  57  55  53  52  52
  53  56  59  78  99 104 105 104 105 106 105 106 106 106 107 107 107 107
 107 107 105 106 106 107 107 107 107 107 107 108 108 108 108 109 108 106
 106 106 106 106 107 107 107 106 108 107 106 106 106 105 105 105 107 107
 107 108 108 108 108 107 107 108 108 109 108 107 107 108 108 109 108 107
 107 107 108 107 106 106 106 105 104 105 106 107 108 107 107 107 108 108
 107  29]","[ 28  31 116 117 118 108  93  85  76  80  83  82  84  81  76  81  79  83
  84  85  86  85  84  84  80  76  73  71  68  67  67  65  67  67  66  64
  64  66  67  68  67  65  62  61  63  65  66  65  64  67  68  68  68  69
  67  65  61  54  47  41  41  44  49  58  64  66  68  69  69  69  70  72
  72  72  73  73  75  77  76  74  72  71  71  73  75  76  75  74  72  71
  70  69  69  68  67  66  66  66  65  64  62  60  58  56  54  52  53  53
  55  56  61  83 100 103 104 104 106 107 107 107 108 108 107 107 107 107
 108 108 106 105 105 106 107 108 108 108 108 108 107 107 108 108 107 105
 107 107 107 107 107 107 107 107 108 107 107 107 107 106 106 107 107 107
 107 108 109 109 108 108 107 108 108 109 109 108 108 109 108 109 109 108
 108 108 107 106 106 106 106 105 104 104 105 106 108 106 107 107 109 108
 107  29]","[ 31  27 133 124 117 113 110 109  95  90  87  87  84  67  51  53  54  54
  60  72  82  83  80  82  80  76  74  72  69  68  68  67  68  68  67  65
  65  66  68  68  67  66  65  64  64  65  65  66  65  68  69  67  67  68
  67  65  60  53  47  41  41  45  51  60  66  67  69  70  70  70  72  73
  74  73  75  78  80  78  76  75  75  74  73  73  74  75  75  75  73  72
  71  70  70  70  69  67  65  65  65  64  62  60  57  55  54  53  55  54
  56  54  62  89 101 103 104 105 106 108 108 107 108 107 106 106 106 107
 108 109 107 106 105 105 107 108 109 108 109 108 107 107 108 108 108 106
 108 108 108 108 108 108 108 108 108 107 107 108 108 107 107 107 107 107
 107 108 108 108 107 107 106 106 107 109 110 109 108 108 107 108 109 109
 108 108 106 105 105 106 107 106 105 105 106 106 107 105 106 106 108 107
 106  28]","[ 29  29 146 147 136 132 123 103  85  68  59  52  44  40  37  36  38  36
  40  57  77  85  83  83  79  76  74  72  68  67  68  67  68  67  67  65
  65  67  68  68  66  65  66  66  65  65  65  67  68  69  69  68  68  69
  68  66  61  54  46  40  42  47  53  63  65  67  69  71  72  72  73  74
  74  74  76  80  82  79  77  76  76  77  78  77  74  73  73  74  76  75
  73  71  71  71  69  67  66  66  65  63  61  59  56  54  54  53  56  54
  57  53  64  94 103 103 106 107 105 107 108 107 106 105 105 104 105 106
 108 110 108 107 105 105 107 108 109 108 108 108 108 107 108 109 109 108
 108 108 109 109 109 109 109 109 108 107 108 108 108 108 107 107 108 107
 107 107 107 106 106 105 105 105 106 108 109 109 107 107 107 108 109 109
 108 107 106 104 105 106 107 107 107 107 108 108 108 107 107 106 108 108
 107  29]","[ 30  31  87  76  55  47  41  30  19  19  27  29  29  34  37  35  40  39
  38  46  63  78  82  80  80  77  76  73  69  66  66  66  66  66  66  65
  65  66  67  67  64  64  65  66  66  65  65  66  68  68  68  68  69  69
  68  68  63  55  47  43  46  52  56  65  65  67  69  71  73  73  74  75
  75  76  78  80  81  80  78  77  76  78  80  80  78  75  72  71  73  73
  73  72  71  70  68  65  65  65  64  61  59  58  56  55  55  53  56  53
  58  53  67 101 105 104 107 108 105 105 108 106 105 105 105 105 104 105
 107 108 108 107 106 106 107 108 108 108 108 109 109 108 109 110 110 109
 108 109 109 109 109 108 108 109 107 107 107 108 109 108 108 108 108 107
 107 107 107 106 106 105 104 105 106 108 108 108 107 107 107 108 108 108
 107 107 106 105 105 106 107 108 108 108 108 108 109 108 109 108 109 108
 107  30]","[ 29  27  20  14  16  18  14  18  21  25  30  33  35  33  30  38  36  41
  39  36  50  72  84  84  81  79  78  75  69  66  65  64  65  65  65  64
  65  66  66  66  64  63  64  65  66  65  64  65  66  65  66  68  69  69
  69  69  66  57  50  46  51  56  58  64  65  67  70  72  74  74  75  75
  76  78  79  79  80  81  79  76  75  75  78  81  82  79  72  66  63  67
  70  71  71  70  67  64  65  64  62  60  58  58  57  57  57  55  56  53
  59  55  70 106 105 105 108 108 104 105 108 107 106 107 107 106 105 105
 106 107 108 108 107 107 108 109 108 107 108 109 109 109 109 109 109 108
 108 109 109 109 108 108 108 108 105 106 107 108 109 108 108 109 107 107
 107 107 107 108 107 107 105 105 107 108 108 108 108 109 108 108 108 107
 106 107 107 107 105 106 107 108 108 108 108 107 108 108 109 108 109 108
 107  29]","[ 31  27  23  24  25  26  27  28  28  31  33  34  34  35  36  36  38  40
  39  36  42  60  86  83  81  78  76  75  72  68  65  66  66  65  65  65
  66  66  66  66  64  64  65  66  66  66  66  66  66  68  69  68  68  68
  68  67  65  58  50  49  53  58  62  64  70  71  72  73  74  74  75  77
  78  77  76  76  77  78  79  79  74  74  75  78  81  79  74  69  64  61
  62  66  69  68  67  67  66  64  61  59  58  58  58  56  59  52  55  56
  57  62  80 109 105 106 107 107 106 104 105 106 108 107 107 107 107 106
 105 105 108 107 107 108 108 107 108 108 110 110 109 108 108 108 108 108
 108 108 109 109 110 109 109 108 107 107 107 108 108 109 109 109 108 107
 106 106 107 108 109 108 108 106 106 108 108 107 107 109 109 109 109 107
 106 106 107 108 106 107 107 107 107 107 108 109 109 108 107 108 107 106
 105  30]","[ 30  29  31  33  34  33  32  32  32  32  33  33  32  33  33  34  35  35
  34  35  37  47  75  85  83  80  76  74  71  67  64  63  65  64  64  65
  65  65  65  65  65  65  66  66  66  66  66  66  66  68  70  71  71  71
  69  68  63  56  50  51  55  59  62  64  70  72  73  73  74  75  77  78
  78  77  76  76  77  78  79  79  77  76  75  76  76  76  74  73  69  67
  65  64  64  64  64  64  64  63  62  60  58  57  56  55  58  57  59  56
  55  59  88 107 105 105 105 105 105 104 105 107 108 106 106 106 107 106
 106 106 106 106 106 106 107 107 107 108 111 111 110 109 109 109 109 109
 108 108 109 109 109 108 108 107 108 108 109 109 109 110 110 109 108 108
 107 106 107 109 109 108 106 105 105 106 107 106 107 108 109 109 108 108
 107 107 108 109 108 108 107 107 107 107 108 108 106 106 107 106 108 109
 103  27]","[ 29  30  34  36  35  34  34  35  34  33  31  30  29  28  29  30  30  29
  26  25  23  26  59  86  84  80  76  74  72  69  66  65  66  65  65  66
  66  66  65  65  64  64  65  65  65  65  65  65  66  69  71  71  70  70
  68  65  61  55  51  54  59  61  62  63  70  73  74  72  73  75  77  77
  77  77  76  75  75  76  78  79  79  79  77  75  74  73  74  75  75  74
  71  66  64  65  66  66  65  66  65  62  59  57  55  55  54  54  55  55
  57  67 106 115 107 106 105 105 106 106 107 109 109 107 106 107 108 108
 107 107 107 107 107 108 108 108 108 109 109 109 109 109 108 108 108 107
 109 109 110 110 109 109 109 108 107 107 107 108 108 108 108 108 109 109
 108 108 108 109 109 108 107 106 106 107 108 107 108 109 107 107 106 106
 106 107 107 107 108 107 106 105 105 105 106 107 111 102 107 107 106 105
 106  33]","[ 29  31  33  33  32  31  31  33  32  28  26  25  24  22  22  24  15  17
  17  18  18  21  53  85  86  82  78  74  71  68  66  65  65  64  65  66
  66  65  64  64  65  65  66  66  66  66  65  65  67  70  72  72  71  71
  69  66  57  52  51  56  61  63  64  66  70  73  73  71  71  74  75  74
  74  74  74  74  73  74  75  76  79  79  78  76  74  72  72  72  74  74
  72  69  68  67  67  67  66  67  66  63  60  58  56  56  55  53  54  57
  57  72 108 111 108 107 105 105 106 106 107 109 108 107 106 107 109 109
 107 106 106 106 107 108 108 108 107 107 109 109 109 109 109 108 108 107
 108 108 109 109 109 109 109 109 108 108 108 108 107 107 107 107 108 108
 107 107 108 109 108 106 107 106 107 108 108 108 108 108 108 107 106 106
 107 107 107 107 108 107 105 105 105 106 107 107 108 105 106 103 106 108
 107  24]","[ 29  30  31  31  29  26  25  25  23  19  17  17  17  15  14  16  18  16
  15  14  16  19  51  88  86  83  79  74  71  68  68  68  67  67  67  68
  68  67  66  66  64  64  65  65  64  64  64  64  64  67  70  72  72  71
  68  64  58  54  53  57  61  62  63  65  70  73  74  72  72  74  75  73
  72  73  74  74  74  74  74  75  77  78  78  77  76  74  72  72  74  71
  70  72  72  70  69  70  66  65  62  60  58  58  57  56  51  51  56  58
  56  83 107 106 107 105 104 105 106 106 106 107 106 105 105 107 109 109
 107 106 105 105 106 108 108 106 105 105 108 108 109 109 109 108 107 107
 106 106 107 107 108 109 109 109 109 108 108 108 107 107 107 108 107 107
 107 107 107 108 107 105 105 106 107 108 108 108 107 107 107 106 105 106
 107 108 107 107 107 106 105 105 105 106 106 105 102 107 105 105 110 106
 107  32]","[ 29  29  26  22  18  17  15  14  17  15  14  15  15  14  13  14  12  12
  17  18  17  17  50  92  85  83  79  75  71  69  69  69  67  66  66  67
  67  67  66  66  65  65  65  65  65  65  65  64  66  69  72  73  73  70
  65  61  56  55  55  58  62  65  67  69  70  72  73  72  72  73  74  73
  71  72  73  74  74  75  75  75  76  75  75  75  76  75  74  73  73  69
  67  69  70  68  68  69  68  66  62  60  59  59  57  56  55  53  54  53
  59  98 109 105 106 105 105 106 106 107 106 107 105 105 106 108 110 110
 109 108 106 107 108 109 109 107 106 105 108 108 108 108 108 108 107 107
 106 106 107 107 108 109 110 110 109 108 108 107 107 107 107 108 107 107
 107 107 107 108 107 105 105 106 107 108 109 108 108 107 107 106 106 106
 108 108 108 108 107 106 106 106 105 105 105 104 107 104 104 110 105 104
 105  27]","[ 30  28  24  19  16  16  17  17  14  13  13  13  13  13  13  12  16  13
  14  13  13  20  53  88  85  84  80  76  73  70  69  68  68  67  67  68
  68  67  67  67  65  65  65  65  65  64  64  64  67  68  70  70  69  67
  63  59  51  52  54  57  61  65  68  69  72  73  74  73  73  74  74  75
  73  73  74  75  75  76  76  75  75  75  74  75  75  76  75  75  72  69
  67  67  68  68  68  69  66  64  62  59  59  59  57  55  56  55  55  56
  70 102 107 105 105 105 105 106 106 106 106 106 106 105 105 107 108 108
 108 107 107 107 107 108 108 107 106 106 108 108 109 109 109 108 108 108
 106 106 106 106 106 107 108 108 109 108 108 107 107 107 108 108 106 106
 105 105 106 107 106 105 104 105 106 106 107 107 107 107 108 107 107 108
 109 109 109 109 108 108 108 108 107 106 106 106 107 104 104 104 102 111
 102  30]","[29 29 30 28 28 29 29 29 29 30 30 29 29 29 29 28 29 27 31 30 31 28 28 30
 29 29 29 28 29 30 30 29 29 29 28 29 29 29 29 29 29 29 29 29 29 29 29 28
 29 29 29 29 29 30 30 28 28 30 30 29 28 29 29 27 29 29 29 29 28 28 29 30
 28 28 28 29 29 29 29 28 29 29 29 29 29 29 29 28 29 29 28 27 28 30 30 29
 29 29 29 29 30 30 29 28 28 29 31 28 29 32 28 29 29 29 29 29 29 28 28 28
 30 29 29 29 29 29 29 29 29 29 29 29 29 29 29 29 29 29 29 29 29 29 28 28
 30 29 29 28 28 28 29 29 29 29 29 28 28 28 29 29 30 29 29 28 29 30 29 28
 28 29 29 29 29 29 30 29 29 29 29 29 29 29 29 29 29 29 29 29 29 28 29 29
 26 32 28 28 31 28 29 28]"
