"[29 30 28 30 29 32 27 29 28 29 30 29 29 30 29 28 30 29 29 29 28 30 31 29
 29 30 30 29 28 29 29 29 29 29 29 29 29 29 29 29 28 30 30 28 28 30 29 29
 29 28 28 29 29 29 29 30 29 29 29 30 29 29 29 29 28 29 29 29 29 29 29 29
 29 29 29 28 28 28 29 31 28 28 29 29 29 29 30 30 29 29 30 29 29 29 29 28
 29 29 29 29 29 29 28 28 30 29 29 29 29 29 28 28 30 28 28 29 28 29 31 29
 28 29 30 29 28 29 29 29 29 29 28 29 29 28 29 30 29 30 30 29 29 29 29 29
 30 29 29 29 29 29 29 29 29 29 29 29 29 29 29 29 30 29 29 29 29 28 28 28
 29 29 29 29 29 29 29 29 29 29 29 29 29 29 29 28 28 29 30 29 29 29 29 28
 30 29 32 28 30 31 29 30]","[32 26 30 27 27 30 33 29 29 29 28 28 28 29 30 30 27 27 30 32 30 28 28 27
 27 28 28 28 29 29 30 29 29 29 29 29 29 28 28 29 29 29 29 30 31 29 28 31
 29 29 29 29 29 29 28 28 30 29 28 28 28 29 29 28 29 29 29 29 30 30 29 28
 28 29 30 30 30 29 28 28 30 30 30 29 29 28 28 28 30 30 29 28 29 30 30 29
 29 29 28 28 29 30 30 29 29 28 28 28 29 29 30 30 29 28 29 30 28 28 29 28
 29 29 29 28 29 30 29 28 30 30 30 29 28 28 28 28 28 29 29 29 29 30 30 29
 30 29 29 29 29 29 28 28 29 30 30 30 30 30 29 29 28 28 29 29 29 29 30 31
 29 29 29 28 28 29 29 29 28 29 29 29 29 30 30 30 30 31 30 29 28 29 30 30
 27 28 30 30 32 25 30 30]","[ 30  31 109 108 102 105 101 110 107 105 103 104 104 104 106 108 119 121
 129 138 142 146 153 159 159 158 157 157 157 157 157 157 154 153 152 151
 149 145 145 147 154 154 153 153 152 149 147 150 150 149 148 149 149 148
 147 147 145 144 141 139 140 143 142 140 139 137 136 135 136 135 133 131
 128 128 128 129 128 127 125 124 118 118 118 117 116 114 112 111 106 104
 101  99 100 102 102 100  97  96  96  96  97  97  96  95  92  91  90  91
  90  89  88  88  86  86  88  89  87  86  87  86  85  84  83  82  83  84
  83  81  81  83  84  83  83  85  85  84  83  84  84  84  84  85  85  84
  85  84  84  84  84  84  83  83  81  81  82  81  80  78  76  75  74  74
  75  74  71  70  71  73  68  68  67  66  66  66  66  66  66  64  61  58
  57  61  65  68  72  72  73  73  74  76  80  83  86  84  84  82  86  89
  86  28]","[ 31  28 108 108 108 109 111 110 111 108 107 108 109 108 109 112 108 107
 109 111 110 110 115 119 127 129 133 137 143 149 155 159 159 157 156 156
 151 146 145 148 153 157 157 155 156 157 156 155 156 154 152 152 152 152
 152 152 155 153 150 146 146 148 147 144 146 145 144 143 142 142 140 139
 141 140 138 136 136 135 133 132 132 132 131 131 129 126 124 122 121 119
 115 113 112 113 111 109 104 103 103 103 104 102  99  96  99  98  98  99
  98  96  94  93  90  89  90  90  88  88  88  87  88  87  86  85  85  86
  84  83  83  83  83  82  82  82  82  80  82  83  83  82  82  82  82  81
  82  81  82  82  82  82  81  81  82  83  84  85  86  86  86  85  82  82
  81  79  76  74  75  76  75  74  73  72  71  70  70  70  67  67  67  65
  64  65  66  66  63  62  61  61  60  60  63  66  75  74  81  80  77  77
  83  27]","[ 29  30 117 116 116 114 115 115 114 111 111 112 112 111 110 111 111 110
 111 110 108 108 109 108 107 108 111 113 113 114 117 120 119 121 127 135
 140 143 148 154 157 161 162 160 160 160 159 159 156 155 154 155 155 155
 155 156 155 155 154 152 152 153 153 152 147 147 147 147 147 147 148 148
 152 150 148 146 145 144 144 143 140 140 139 138 137 135 133 131 132 131
 128 125 124 122 120 117 118 117 115 115 114 112 108 106 104 103 103 104
 104 103 102 102 100  98  97  96  95  95  94  92  91  91  90  89  88  88
  87  86  87  84  82  83  84  83  83  82  83  83  83  83  82  82  81  80
  80  80  80  81  81  81  80  80  79  81  82  83  84  86  86  86  83  83
  82  81  80  79  80  81  78  78  77  76  75  74  72  71  70  70  71  70
  69  68  67  67  67  65  64  63  60  57  57  60  62  58  58  59  69  65
  66  31]","[ 29  27 130 128 131 133 122 125 122 120 119 120 119 117 115 115 113 111
 110 108 109 112 114 111 110 111 113 113 110 107 107 109 110 109 110 112
 112 111 111 113 117 120 126 135 143 148 153 160 158 158 158 159 159 158
 157 158 156 157 157 156 155 154 153 153 152 152 153 153 153 153 154 155
 155 155 155 154 153 152 152 151 152 151 150 149 149 148 147 146 145 145
 144 142 140 138 135 133 131 129 126 124 123 122 120 119 119 116 113 111
 109 108 107 107 107 104 103 103 102 103 103 101  95  96  95  94  94  93
  92  90  89  86  83  85  87  86  86  87  86  86  86  85  85  84  83  82
  82  81  81  81  81  81  81  80  82  82  82  81  81  82  82  82  82  81
  80  81  82  82  82  82  82  82  82  82  81  79  78  77  77  76  74  72
  71  73  74  74  71  71  71  70  68  66  66  67  62  63  65  60  64  62
  60  26]","[ 28  33 144 147 146 139 141 137 135 134 132 130 129 127 125 123 121 115
 111 110 110 113 114 113 110 110 111 113 112 110 110 112 112 111 110 111
 111 112 112 112 108 109 110 112 113 112 114 119 127 128 131 135 140 145
 150 154 157 156 157 160 160 158 158 160 157 157 157 157 157 157 156 156
 157 159 160 160 158 157 157 158 157 155 154 153 153 154 155 155 151 151
 150 149 147 147 145 143 143 141 139 138 136 135 134 133 134 131 127 124
 121 117 115 114 112 109 108 108 107 107 108 106 105 105 104 103 103 102
  99  96  95  93  91  90  89  89  88  87  89  90  89  88  87  86  85  84
  82  81  81  81  81  81  81  81  81  81  81  81  81  82  83  82  82  82
  81  82  82  82  81  81  80  80  80  80  80  79  78  78  77  78  78  78
  78  78  76  74  75  75  75  73  71  70  70  69  72  64  64  66  64  65
  65  30]","[ 30  29 163 160 158 156 153 153 151 150 148 145 143 142 139 137 132 125
 123 125 126 125 124 123 122 119 118 119 119 118 120 123 117 116 114 114
 116 117 118 117 115 118 116 112 112 114 115 117 112 110 108 105 105 107
 111 116 117 118 124 135 143 147 152 157 161 160 161 162 163 163 161 160
 157 159 160 159 157 157 158 160 163 161 158 157 159 160 162 162 158 157
 156 155 155 155 154 152 151 151 150 150 148 146 144 142 140 139 138 137
 135 131 128 126 126 124 122 120 117 116 115 114 114 113 111 110 110 108
 104 100 100 101 100  98  97  98  98  96  95  95  94  92  91  89  88  86
  84  83  83  83  84  84  85  85  85  85  84  83  82  82  82  81  81  80
  81  81  81  81  80  81  80  80  81  81  81  81  81  81  81  81  79  79
  79  80  79  77  77  78  78  75  75  76  76  75  76  76  68  69  70  68
  64  29]","[ 29  29 172 171 168 166 164 163 169 166 163 161 161 160 157 155 157 157
 154 150 148 147 143 139 139 139 139 136 133 131 130 130 130 128 128 128
 126 123 123 125 122 122 121 121 121 121 119 117 118 116 114 114 114 114
 114 115 116 113 109 108 108 106 107 110 119 121 125 128 133 139 148 155
 157 159 163 164 163 160 160 161 162 163 163 162 162 162 162 161 164 158
 160 163 162 162 161 160 159 160 160 160 159 159 157 154 153 150 149 151
 152 148 143 141 142 138 137 138 136 133 131 128 131 126 123 122 120 115
 114 115 112 112 111 109 107 106 104 102 101 101 100 100 100  98  97  96
  92  91  90  91  91  90  88  86  88  88  87  86  85  85  83  82  82  82
  81  80  80  81  82  82  79  79  80  80  81  81  80  80  80  78  76  77
  79  80  78  76  79  79  80  79  77  78  79  79  80  80  76  74  75  73
  71  28]","[ 28  28 173 173 172 172 171 170 172 170 169 169 169 168 165 162 165 165
 165 163 163 162 158 154 155 155 153 151 149 147 145 145 138 134 133 136
 140 139 134 130 134 133 131 131 132 134 136 136 129 129 127 124 123 124
 124 122 121 119 116 116 117 115 114 116 113 112 112 111 109 110 113 116
 113 116 122 128 133 139 148 156 156 158 161 163 165 167 170 173 166 161
 162 164 164 165 165 167 166 163 161 161 162 163 164 164 162 160 158 158
 156 154 155 157 151 150 151 151 149 146 145 143 138 136 135 136 136 133
 131 131 126 126 125 122 119 116 114 113 112 110 109 108 107 104 102 101
  96  96  97 100 100  98  95  93  93  93  92  91  89  87  85  82  85  86
  86  83  80  79  81  83  81  81  80  80  81  81  79  77  79  78  77  77
  78  78  77  76  77  77  79  80  78  79  80  79  78  80  77  75  76  76
  74  30]","[ 29  29 174 175 174 174 174 174 175 174 173 173 174 174 172 170 170 171
 171 171 171 170 168 166 165 164 163 162 160 159 157 156 154 153 152 151
 151 151 149 146 146 144 140 135 133 132 133 133 134 136 135 131 130 132
 131 128 129 128 125 125 126 124 122 123 118 117 116 115 115 115 115 116
 115 115 116 116 114 111 110 111 112 116 122 127 129 133 139 144 153 155
 163 169 174 173 169 172 168 167 166 166 164 161 161 162 161 163 165 165
 163 161 160 160 160 159 158 157 156 156 155 153 152 152 153 153 152 149
 144 142 139 138 137 136 133 130 129 130 126 125 123 122 119 116 114 113
 104 103 103 104 105 104 102 101 102 102 101  99  97  95  92  90  91  91
  91  89  88  88  88  88  87  85  83  84  86  85  83  80  79  79  79  79
  79  78  78  77  77  78  80  80  79  79  79  77  76  78  76  74  75  76
  75  30]","[ 30  30 174 175 174 174 174 174 177 175 174 174 175 175 175 174 175 176
 176 175 174 174 173 172 175 174 174 173 172 171 171 170 168 171 170 165
 161 160 161 161 160 160 157 153 150 148 147 146 144 145 145 142 142 142
 141 138 139 137 134 132 132 131 129 130 129 127 126 126 126 125 123 123
 118 116 114 116 118 117 115 114 109 110 112 113 111 109 109 111 107 111
 118 126 136 142 146 155 161 164 169 172 171 168 170 174 173 172 169 166
 165 166 166 165 161 162 161 162 166 168 164 160 161 160 158 158 157 157
 157 155 154 152 150 149 147 144 142 143 142 140 138 136 133 130 127 126
 125 122 119 117 115 112 109 108 112 111 109 106 104 103 102 100  99  98
  97  96  95  95  93  92  91  89  88  88  88  87  85  82  82  82  82  82
  81  81  80  80  80  79  80  80  79  79  78  76  76  76  75  74  74  74
  74  29]","[ 29  29 173 175 174 175 176 176 176 175 174 174 175 175 176 175 177 177
 177 176 176 175 175 175 174 175 175 174 173 172 172 173 172 174 175 173
 172 172 170 167 166 167 167 166 164 164 163 163 161 161 159 158 156 154
 152 151 150 149 145 143 143 142 140 141 134 133 132 133 134 133 131 130
 133 130 128 127 126 123 119 117 114 115 116 118 119 117 116 116 113 111
 110 107 107 106 105 112 117 119 125 131 136 139 146 152 159 161 164 167
 169 171 169 167 168 169 166 164 167 167 165 164 161 162 163 163 163 162
 160 159 162 159 157 156 156 155 154 153 153 151 149 147 144 140 138 137
 138 137 135 134 132 128 124 122 121 120 118 115 113 111 108 107 103 105
 106 105 102 100 100 100 101 100  99  98  97  95  92  91  90  89  88  87
  87  87  85  84  82  81  82  82  80  81  81  80  79  76  75  77  76  75
  74  29]","[ 30  29 174 175 175 175 176 175 174 174 175 175 176 176 175 175 173 174
 176 176 176 175 174 174 175 176 177 176 175 174 174 175 174 175 174 173
 175 177 175 172 174 174 174 173 172 172 172 171 172 170 169 169 167 165
 163 163 160 161 159 157 158 156 154 154 151 148 146 144 142 139 135 133
 136 137 138 138 135 131 130 130 126 126 125 124 124 123 120 117 113 113
 117 118 118 115 110 113 116 112 109 109 111 111 110 111 113 116 120 124
 130 137 146 151 152 161 166 169 173 172 169 171 167 166 164 162 160 160
 161 163 165 164 162 161 161 162 161 159 158 157 155 154 153 151 150 149
 148 146 145 145 144 142 140 140 135 134 133 130 127 124 120 117 113 114
 114 112 111 109 106 104 106 106 106 105 104 102 101 100  99  98  97  96
  95  94  92  91  89  88  88  86  84  84  85  83  83  80  80  82  80  79
  77  29]","[ 31  31 175 176 175 175 175 174 174 174 175 175 175 175 175 175 174 174
 175 177 177 176 175 175 175 175 176 176 175 174 174 174 176 176 176 174
 174 175 176 176 175 175 176 175 175 175 176 176 175 175 174 173 174 174
 174 173 169 170 169 167 168 167 166 166 165 163 162 161 160 159 158 158
 153 151 149 147 143 140 141 143 139 139 136 131 129 129 127 125 128 124
 126 127 125 122 120 121 121 118 115 114 116 116 114 112 111 111 112 113
 110 107 106 108 108 112 111 112 121 128 137 149 154 158 165 172 173 169
 166 166 165 167 167 165 164 165 164 161 161 160 159 159 159 159 158 158
 162 160 157 155 153 152 151 152 150 150 148 146 144 141 138 136 134 131
 127 125 124 121 116 110 112 112 111 110 109 107 106 105 106 106 105 104
 102 100  99  99  98  98  98  96  92  91  91  89  89  88  89  89  86  86
  82  29]","[ 31  30 175 177 176 177 177 176 176 176 175 175 174 175 176 176 175 174
 174 174 175 174 174 174 174 174 174 175 175 175 174 174 174 175 175 176
 176 176 175 175 175 176 176 176 176 176 176 175 174 176 175 173 173 177
 177 175 174 175 173 170 170 170 171 173 175 173 171 170 168 167 166 167
 168 165 164 164 163 160 156 154 153 155 152 144 140 141 143 142 139 133
 134 134 131 130 130 131 129 128 126 122 121 121 122 121 120 117 116 118
 119 116 114 114 115 115 110 109 112 110 108 113 112 112 115 119 122 125
 131 138 151 157 161 161 162 166 167 165 164 162 161 161 161 160 160 160
 161 161 161 161 161 160 159 159 159 158 156 154 154 154 153 152 147 146
 145 143 142 141 139 136 133 132 130 127 125 121 118 116 109 110 110 109
 106 105 105 106 104 105 106 105 102 100  99  97  95  96  97  95  92  93
  87  29]","[ 30  29 179 179 178 177 178 177 175 176 177 177 177 176 176 176 175 175
 175 175 175 175 176 176 174 175 175 175 175 174 174 173 174 175 177 177
 176 176 176 176 175 175 175 177 177 176 177 178 178 176 175 176 177 177
 175 175 175 175 174 174 174 174 174 175 174 174 174 175 176 175 174 173
 175 174 173 172 171 171 171 170 167 165 163 163 162 160 156 153 153 152
 149 147 147 146 143 139 139 136 132 131 131 131 129 127 127 126 125 124
 123 123 122 122 122 119 116 113 113 117 118 115 113 113 114 112 110 111
 111 108 105 108 113 117 120 125 132 137 146 154 161 165 166 165 164 165
 165 167 163 160 163 163 161 161 160 161 161 160 159 160 161 162 158 159
 157 154 154 153 151 151 149 147 145 142 141 138 132 131 130 128 126 123
 121 118 115 114 111 111 110 110 110 108 105 102 103 103 105 101 102 100
  95  29]","[ 29  28 179 178 178 177 178 177 176 176 177 177 176 175 175 175 176 176
 176 176 175 175 175 174 174 175 175 175 175 175 175 175 174 175 176 176
 175 175 175 175 176 176 176 178 177 176 176 177 177 176 177 177 177 176
 175 175 175 175 175 175 175 176 176 176 175 175 175 176 177 177 176 175
 175 175 175 175 175 176 176 176 176 175 173 173 173 171 168 165 166 166
 166 165 166 165 161 157 156 152 148 148 149 149 145 142 139 137 133 129
 127 126 125 125 124 124 124 122 119 121 122 121 123 122 121 119 117 117
 117 113 112 112 111 109 108 107 108 109 105 105 104 108 119 130 139 145
 148 154 158 162 169 172 172 172 169 167 164 164 165 167 166 164 160 162
 162 160 160 159 158 160 159 158 158 156 156 154 148 147 148 146 144 142
 140 138 138 138 134 130 125 121 118 116 114 112 107 109 110 104 105 109
 107  30]","[ 30  30 180 180 180 180 180 179 177 178 178 178 177 176 176 176 178 178
 178 178 177 177 176 175 175 175 175 175 175 175 175 175 175 176 176 176
 175 175 175 176 177 177 178 178 178 176 176 176 175 176 177 177 176 174
 174 175 175 175 175 176 177 178 178 177 176 176 176 177 177 177 176 176
 177 177 177 177 176 176 176 177 177 176 175 175 175 174 172 171 171 172
 172 173 174 173 170 167 167 167 166 165 164 162 161 160 156 154 150 146
 143 141 140 140 139 139 140 137 133 131 130 127 126 124 124 123 123 125
 125 122 119 119 119 119 118 117 116 116 115 113 109 109 113 112 108 106
 112 111 111 116 124 130 139 148 151 154 158 162 166 169 171 172 167 169
 167 164 163 161 162 164 162 161 161 158 159 159 156 158 155 154 153 154
 152 150 146 145 145 143 140 137 135 132 129 127 126 121 121 118 117 116
 114  28]","[ 28  28 179 179 179 179 179 178 179 179 180 180 179 178 178 178 179 179
 180 180 179 179 178 177 176 176 176 176 176 175 175 174 175 176 176 176
 176 176 177 178 178 178 178 178 177 177 176 176 175 176 176 176 175 174
 174 175 176 175 176 177 178 179 178 178 176 176 176 176 176 176 175 175
 178 178 178 177 175 175 175 175 175 175 174 174 174 174 173 172 174 173
 173 173 174 174 173 171 170 172 173 172 171 169 169 169 167 166 165 164
 163 162 160 159 157 154 152 150 147 145 140 134 138 135 133 132 130 131
 131 128 120 123 125 126 124 122 122 122 119 119 118 118 119 116 110 108
 110 111 111 111 109 106 104 105 106 108 109 111 116 126 138 146 154 160
 165 168 170 169 167 168 167 167 167 164 164 164 161 163 163 159 155 155
 156 157 158 158 154 154 153 152 151 148 143 140 142 135 137 138 136 132
 129  30]","[ 28  28 179 179 179 178 179 179 180 180 180 180 180 179 179 179 179 179
 180 180 180 180 179 178 177 177 178 178 178 177 176 175 176 176 176 176
 176 176 177 178 178 179 179 178 177 177 178 178 177 176 176 176 175 175
 175 175 176 176 176 177 177 178 177 177 176 176 176 176 175 175 174 174
 178 178 177 177 176 176 176 177 176 176 176 176 175 175 175 175 175 175
 174 174 175 175 175 175 174 173 172 174 175 176 173 171 171 171 172 172
 173 172 171 170 172 168 166 166 166 166 162 157 157 153 151 149 147 146
 146 143 139 139 138 136 134 131 129 127 129 129 126 124 124 123 121 121
 118 119 117 110 108 112 115 112 110 110 109 106 104 104 105 105 103 105
 106 109 117 124 130 135 145 148 153 157 163 167 166 170 168 167 165 164
 162 161 161 161 160 158 157 157 157 157 155 154 156 155 155 153 150 148
 146  29]","[ 30  30 181 180 179 179 180 181 181 182 182 181 181 180 180 180 180 181
 181 181 181 181 180 179 178 178 179 180 180 179 179 178 179 179 178 177
 177 177 178 179 178 179 179 178 178 178 179 179 179 178 176 176 177 177
 177 177 176 176 177 176 176 176 176 176 177 177 176 176 175 175 175 175
 178 178 178 177 177 177 177 177 175 175 175 175 175 175 174 174 173 173
 173 174 175 174 174 174 175 175 174 175 176 176 175 173 174 174 173 173
 173 173 173 172 172 170 171 171 170 170 171 170 166 164 163 163 162 163
 163 161 158 154 148 146 147 146 143 140 139 138 135 134 134 131 127 125
 125 121 120 122 120 119 120 121 118 117 116 113 110 110 111 112 110 111
 110 109 110 107 103 101  99 100 105 109 116 123 126 131 136 144 154 161
 162 162 165 168 166 164 162 161 161 161 159 158 155 155 155 156 155 152
 153  29]","[ 28  29 180 178 176 176 178 179 182 182 182 182 181 181 181 181 182 182
 182 182 182 182 181 181 179 179 179 180 180 180 180 180 180 180 179 179
 179 179 179 179 179 180 180 179 178 179 180 179 180 178 178 178 178 178
 178 178 178 178 178 178 177 176 177 177 178 177 176 176 176 176 176 176
 178 178 178 178 177 177 176 175 176 176 176 177 177 177 176 175 173 173
 174 176 176 175 175 175 174 175 176 175 173 173 174 175 176 175 174 173
 173 173 173 173 174 173 175 175 172 172 174 175 172 170 169 170 168 168
 169 168 170 166 162 161 161 161 159 156 153 152 148 146 146 145 143 142
 136 126 124 130 128 122 123 126 119 122 125 126 125 122 120 118 117 118
 115 114 115 113 110 108 111 109 106 102 103 104 104 107 104 107 112 115
 117 119 124 129 145 146 150 155 161 164 165 165 160 160 159 161 160 153
 154  28]","[ 29  29 181 178 176 175 178 180 180 180 181 181 180 180 181 181 181 181
 182 182 182 182 182 182 180 180 179 179 179 179 180 180 180 179 179 179
 179 179 180 180 179 180 180 179 179 180 180 179 179 178 178 179 178 178
 178 179 179 180 180 179 178 177 178 179 178 177 176 176 177 177 177 176
 175 176 177 178 179 178 177 175 176 176 176 177 178 177 176 175 175 174
 175 176 176 175 175 177 176 175 174 173 173 174 174 174 174 173 173 174
 174 175 174 174 174 173 174 174 172 172 173 173 175 173 173 173 172 171
 172 171 170 171 172 172 170 169 169 169 166 167 165 162 160 160 160 163
 162 157 153 149 145 146 146 140 139 135 131 130 131 131 127 122 123 124
 123 122 124 123 120 119 118 117 117 115 115 115 111 112 113 110 106 104
 104 103 103 103 103 103 106 111 116 120 121 121 127 137 141 146 153 154
 160  30]","[ 30  29 180 180 179 179 180 180 180 180 181 181 181 181 181 182 181 181
 182 183 183 183 183 182 181 180 179 180 180 180 180 181 182 181 181 180
 179 179 180 181 180 180 180 180 180 180 180 181 179 180 180 180 180 179
 180 181 180 180 180 179 179 179 179 180 179 178 178 178 178 179 178 178
 177 177 177 178 178 179 178 177 178 177 177 178 178 176 175 176 176 176
 176 176 176 177 178 178 178 177 175 174 173 173 173 174 174 174 174 174
 173 173 173 173 173 174 174 174 173 173 174 175 173 173 173 173 173 172
 172 171 172 172 171 171 170 169 169 169 169 170 172 171 169 167 166 166
 166 165 163 160 157 155 156 156 151 150 149 147 145 142 139 138 136 132
 129 129 128 126 124 125 126 124 122 122 121 120 119 118 118 117 116 115
 112 111 112 110 111 111 104 100 103 103 100 102 101 101 101 104 109 117
 119  30]","[ 29  29 180 179 179 178 180 180 180 180 180 180 181 181 181 181 182 182
 182 183 182 182 182 181 180 180 179 179 179 179 180 181 182 182 182 181
 180 180 179 180 179 180 180 181 181 181 182 182 180 179 179 180 181 181
 181 181 180 180 180 180 179 179 179 180 179 179 179 178 179 179 179 178
 178 178 178 178 179 179 179 178 179 178 178 178 178 177 176 177 177 177
 177 178 178 178 179 179 178 178 177 176 175 175 175 175 174 174 174 174
 174 174 174 174 173 173 174 174 173 173 172 172 173 173 172 173 173 173
 172 172 171 171 171 171 171 171 171 171 171 171 170 170 169 169 168 168
 169 169 168 167 166 165 166 167 163 164 164 164 163 160 157 156 154 151
 148 147 144 140 138 139 136 133 130 129 128 127 124 123 122 120 121 123
 122 122 121 118 117 119 116 114 117 115 109 108 106 107 109 107 103 103
 108  27]","[ 29  29 180 180 179 179 180 180 181 180 179 179 180 181 181 181 182 182
 182 182 182 182 181 181 181 180 179 180 180 180 180 181 182 182 183 182
 181 180 179 179 179 180 181 181 181 182 182 183 181 180 179 180 181 182
 182 182 181 181 181 181 181 180 180 179 180 180 180 179 179 179 179 179
 179 179 179 179 178 178 178 179 179 179 178 179 178 178 177 178 178 178
 178 178 178 178 179 179 178 178 178 178 177 177 176 176 175 175 175 175
 174 174 174 174 173 173 174 174 174 174 172 171 172 172 172 172 173 173
 173 173 171 171 171 171 171 172 172 172 172 170 168 168 169 170 169 169
 169 169 168 168 167 167 167 167 166 167 168 169 168 167 165 164 165 164
 163 162 159 156 154 155 153 151 148 146 145 143 140 139 136 133 132 132
 130 129 125 120 122 125 123 122 126 125 122 123 122 120 120 117 114 112
 112  32]","[ 29  29 180 180 180 179 181 181 181 180 179 180 181 181 181 180 182 182
 182 182 182 182 182 182 182 181 180 181 181 180 181 181 181 182 182 182
 182 181 180 180 179 180 181 181 181 181 181 182 181 180 180 181 181 182
 182 182 182 181 181 182 182 181 180 179 180 180 180 180 179 179 179 180
 179 180 180 180 179 179 179 179 180 179 179 179 179 179 179 179 178 178
 178 178 178 178 178 178 178 178 178 178 178 178 177 177 176 176 176 176
 176 176 176 176 174 174 175 176 176 176 174 173 173 173 172 173 174 174
 174 173 171 171 171 171 171 171 171 171 172 170 168 168 169 170 170 170
 171 170 169 168 168 168 167 167 167 168 168 167 167 166 166 166 166 165
 165 166 165 164 163 163 162 161 159 158 157 155 154 154 153 149 146 146
 145 144 141 137 137 137 134 131 131 130 128 129 129 124 123 121 124 123
 119  29]","[ 29  29 180 180 179 179 180 180 180 180 179 180 181 181 180 179 181 181
 181 182 182 182 182 182 182 181 181 181 181 181 181 181 181 182 182 182
 181 180 180 180 179 179 180 181 181 180 180 180 181 180 181 181 181 181
 182 183 182 182 182 182 182 182 180 179 180 180 181 180 180 180 180 180
 180 180 181 182 181 181 181 181 180 180 180 179 179 179 179 179 179 179
 179 179 179 179 179 179 179 179 179 179 179 179 178 178 178 178 178 178
 178 178 178 178 176 176 176 176 176 176 175 175 175 174 173 173 174 174
 173 173 173 173 172 172 171 172 172 172 172 172 171 170 170 170 171 171
 172 171 169 169 169 170 169 169 170 170 170 169 168 167 167 168 167 166
 166 166 167 167 166 165 164 164 165 164 162 161 161 163 163 160 159 159
 158 158 157 154 152 153 151 148 146 143 139 137 137 135 135 130 133 132
 128  26]","[ 29  29 180 180 179 179 180 180 180 180 180 181 182 181 180 180 181 181
 181 181 181 181 181 181 182 181 181 181 181 180 180 181 182 182 182 181
 180 180 180 180 178 179 180 180 180 180 180 180 179 179 180 181 180 181
 182 184 182 182 182 182 182 181 180 179 180 180 180 180 180 180 181 181
 180 180 181 182 182 182 181 181 180 180 180 179 179 180 180 180 180 180
 180 180 180 180 180 180 180 180 180 179 179 180 180 180 179 179 179 179
 179 179 179 179 177 177 177 176 176 176 175 175 176 175 174 174 174 174
 173 173 173 173 173 172 172 173 173 173 172 172 172 172 171 170 171 171
 171 170 169 168 168 168 168 168 168 168 169 169 168 167 166 166 168 167
 166 167 168 169 168 167 166 167 168 168 166 165 166 168 166 165 166 166
 163 162 161 159 161 162 162 161 161 159 158 155 156 156 154 148 149 149
 147  31]","[ 29  29 181 180 180 179 180 180 180 180 180 181 181 181 181 180 181 181
 181 181 181 181 182 182 182 181 181 182 181 181 181 181 182 182 182 182
 181 180 180 180 180 180 180 180 180 179 180 180 179 179 179 180 180 181
 182 183 182 182 182 182 181 181 180 180 180 180 180 181 181 181 181 181
 180 181 181 181 181 181 180 180 179 180 180 179 179 180 180 180 180 180
 180 180 180 180 180 180 180 180 180 180 180 180 181 181 179 179 179 179
 179 179 179 179 179 179 178 178 177 177 177 177 178 177 176 176 175 175
 174 174 173 173 174 174 174 174 174 174 172 172 172 172 171 171 171 171
 173 172 171 171 170 170 169 169 169 169 169 169 169 168 167 167 166 166
 167 167 168 169 169 169 167 168 168 168 167 166 167 168 166 166 167 168
 167 167 168 167 168 167 167 166 165 166 166 164 165 166 162 160 161 160
 159  30]","[ 29  29 180 180 179 178 179 179 180 180 181 181 181 181 181 181 181 181
 181 182 182 183 184 184 183 182 182 182 182 181 181 181 181 182 182 182
 182 181 181 181 181 181 181 180 180 179 179 180 180 179 178 179 180 181
 181 181 182 182 182 182 181 180 180 180 180 180 180 181 182 182 182 182
 182 182 181 181 181 181 181 180 179 180 180 178 178 180 181 180 180 180
 180 180 181 181 181 181 180 180 180 180 180 180 180 180 180 180 180 180
 180 180 180 180 180 180 180 180 179 179 179 179 179 179 178 178 177 176
 176 176 174 175 176 176 176 176 175 174 173 173 173 173 173 173 172 172
 172 172 172 172 172 172 172 172 172 170 169 168 169 169 169 169 167 168
 169 169 169 169 169 169 170 169 169 169 169 168 168 168 169 168 168 167
 166 167 169 169 166 166 167 168 168 168 168 165 166 169 168 169 167 162
 164  28]","[ 29  29 181 181 180 179 179 178 178 179 180 182 182 181 180 180 181 181
 181 181 182 182 182 181 180 181 182 182 182 182 182 182 182 183 183 182
 182 182 182 182 182 182 181 180 179 179 179 178 180 179 179 180 180 180
 180 181 181 182 182 182 181 180 180 180 180 180 180 181 182 182 182 182
 181 181 180 181 181 181 180 180 180 180 180 180 180 180 180 180 179 179
 180 181 181 181 180 180 181 180 180 180 180 179 180 182 181 180 180 180
 180 180 180 180 180 179 179 179 179 179 179 179 180 179 179 178 178 177
 176 176 174 175 175 175 175 175 175 176 174 173 174 174 172 171 172 172
 171 171 172 172 173 172 172 172 171 171 171 171 171 171 170 169 169 169
 169 169 170 171 170 170 172 171 171 171 171 171 170 169 168 168 169 168
 168 167 168 169 169 168 168 168 168 168 167 167 167 167 167 168 168 167
 166  28]","[ 29  29 181 180 179 178 179 179 179 180 180 181 181 181 181 180 181 181
 181 182 182 183 182 182 182 182 182 182 182 181 181 180 181 182 183 182
 181 181 181 181 182 181 180 179 179 179 180 180 180 179 179 180 181 180
 181 181 181 181 181 181 180 180 180 180 180 180 180 181 181 182 182 182
 181 181 181 181 181 181 180 180 180 180 180 180 180 180 180 180 180 180
 180 181 181 181 181 181 181 181 181 181 180 179 180 181 181 181 181 181
 181 180 180 180 180 180 180 180 179 179 180 180 181 181 180 180 180 179
 178 178 177 177 176 176 176 176 176 175 176 174 175 175 173 174 175 175
 174 174 174 173 172 172 172 172 172 172 172 172 172 173 172 170 171 171
 170 171 171 172 171 171 172 172 171 171 171 171 170 170 168 169 170 169
 168 168 169 169 169 168 168 168 168 168 168 168 167 168 167 169 168 168
 167  30]","[ 29  29 180 179 178 178 179 179 179 179 179 180 180 180 180 180 180 181
 181 181 181 181 182 182 183 183 182 182 181 181 180 180 180 181 183 182
 181 181 181 181 182 181 180 179 179 180 180 180 180 179 180 181 181 180
 180 180 181 180 180 180 180 180 180 180 180 180 180 181 181 182 182 181
 182 181 181 181 181 181 180 180 179 180 180 180 180 180 180 180 181 180
 180 180 180 181 181 181 181 181 181 181 180 179 179 180 180 180 180 180
 180 179 179 179 180 180 180 179 179 179 180 180 181 180 180 180 180 180
 179 179 179 177 176 176 177 178 177 175 177 176 176 177 176 177 178 177
 177 177 175 174 173 173 173 173 173 174 174 174 174 174 174 173 172 172
 172 172 173 173 172 172 172 172 171 171 172 172 171 171 170 170 171 171
 170 169 169 169 169 168 168 168 169 168 168 168 168 169 169 169 168 168
 168  30]","[ 29  29 180 180 179 179 180 179 179 179 179 180 180 180 180 179 179 180
 181 181 181 181 181 182 183 182 182 181 181 181 181 181 180 182 183 183
 181 181 181 181 183 181 180 179 179 180 180 179 180 180 180 180 180 179
 179 179 180 180 179 179 179 180 180 180 180 180 180 180 181 181 181 181
 182 181 181 181 181 180 180 179 180 180 181 181 182 181 181 181 181 180
 180 180 180 180 181 181 181 181 180 180 180 179 179 180 180 180 180 180
 179 179 179 179 179 179 179 179 179 179 179 179 179 179 179 179 179 179
 179 179 179 178 177 177 178 178 177 176 176 176 178 179 178 178 179 177
 178 177 176 175 174 175 175 175 175 175 175 175 175 176 175 174 174 173
 173 173 173 173 172 172 172 172 172 172 172 173 172 172 171 172 172 172
 171 171 170 170 168 168 168 169 169 169 168 168 169 170 170 170 168 168
 167  29]","[ 29  29 181 181 180 179 180 180 179 180 180 181 181 181 180 180 180 181
 181 182 181 181 182 182 183 182 181 181 181 182 181 181 181 182 183 182
 181 181 181 181 182 181 180 180 180 180 180 180 180 180 179 180 180 179
 179 180 180 179 179 179 179 180 180 180 180 180 180 180 180 180 180 180
 181 181 180 180 180 180 179 179 180 180 181 181 181 181 181 181 180 180
 180 180 180 180 180 181 181 180 179 179 179 179 179 180 180 180 181 180
 180 179 179 179 179 179 179 179 179 179 179 179 179 179 179 179 179 179
 180 180 179 179 178 178 178 178 178 178 175 176 178 179 178 178 179 179
 178 178 177 176 176 176 176 176 176 176 176 176 176 176 175 174 175 175
 175 175 174 174 173 173 173 173 173 173 174 174 174 174 173 173 174 174
 173 172 172 171 169 168 169 170 171 170 168 168 168 170 171 171 169 169
 167  28]","[ 29  29 181 180 180 179 179 179 180 180 181 181 181 181 180 180 180 181
 181 182 182 182 182 182 182 181 181 181 181 181 181 180 181 182 182 181
 180 181 181 180 181 181 181 181 181 181 181 181 181 180 180 180 180 180
 180 181 180 179 179 179 179 180 180 180 180 180 180 180 180 180 180 180
 181 180 180 180 180 180 180 179 180 180 180 180 180 180 180 180 180 180
 180 180 180 180 180 180 180 179 178 179 179 179 179 180 179 180 180 180
 180 179 179 179 179 179 179 179 179 179 180 180 179 179 179 179 179 179
 179 180 179 179 179 178 177 176 177 178 176 176 177 178 177 178 180 180
 180 180 179 179 178 177 176 176 176 177 176 176 176 176 175 174 176 176
 176 176 176 175 174 174 175 174 174 175 176 176 176 176 175 175 175 175
 174 174 173 173 170 170 171 172 172 171 169 168 168 171 171 172 171 171
 169  29]","[ 28  28 180 180 179 179 180 180 180 180 181 181 181 180 180 180 179 179
 180 180 181 181 181 181 182 182 181 181 182 182 181 180 181 181 181 181
 181 182 181 180 181 181 181 181 180 180 181 183 181 181 181 181 181 180
 180 180 179 179 179 179 179 179 179 179 180 180 180 180 180 180 180 181
 181 180 180 180 181 181 180 180 180 179 179 179 179 179 179 180 180 180
 180 180 180 180 180 180 180 179 178 179 179 179 179 179 179 179 179 179
 179 179 179 178 179 179 179 179 179 179 180 180 179 179 179 179 178 178
 179 179 179 179 179 178 177 176 177 178 178 177 177 178 178 179 179 178
 179 179 178 178 177 177 176 176 176 176 176 175 176 176 176 175 176 177
 177 177 176 176 175 175 175 175 175 175 176 177 177 177 176 176 175 175
 175 175 175 175 173 173 173 173 173 172 171 170 170 172 172 172 172 173
 170  30]","[ 29  29 180 180 180 181 183 183 182 181 181 181 181 181 181 181 179 179
 179 180 181 181 181 181 183 182 182 182 183 183 182 180 180 181 181 182
 182 183 182 181 182 182 182 181 180 180 181 183 182 181 181 181 180 179
 178 178 179 179 179 179 179 178 179 179 180 180 181 180 180 180 180 181
 181 180 180 181 181 181 181 180 180 180 179 179 179 179 179 180 180 180
 180 180 180 180 180 181 180 179 179 179 180 179 179 179 179 179 179 180
 180 180 180 179 179 179 179 179 179 179 179 179 179 180 179 179 178 178
 179 179 179 179 179 178 178 178 179 179 179 178 178 180 180 180 178 174
 175 175 175 175 175 175 176 176 175 175 175 175 176 176 176 175 176 177
 177 177 176 176 175 175 175 175 174 175 176 177 177 177 176 176 176 176
 176 176 176 176 176 175 174 174 174 173 172 172 172 174 173 173 173 174
 170  30]","[ 29  29 180 180 179 180 181 182 182 181 180 180 180 180 180 180 179 179
 179 181 182 181 180 180 181 182 182 181 181 182 183 184 183 181 179 179
 181 182 182 181 181 181 181 180 179 179 180 181 179 180 180 180 179 179
 179 179 179 179 180 179 179 178 178 178 179 180 181 181 181 181 181 181
 179 180 180 181 180 180 180 180 180 180 180 181 181 180 179 179 180 180
 180 181 181 181 181 181 181 180 179 179 179 179 179 179 179 179 180 180
 181 180 179 178 179 179 180 182 178 178 179 181 177 179 180 179 177 179
 180 179 180 179 179 178 178 178 179 179 180 178 180 178 179 179 168 180
 198 218 217 198 173 172 175 176 175 175 176 176 176 176 177 177 177 176
 176 177 177 176 176 177 174 174 175 176 176 177 177 178 176 176 175 175
 175 176 176 175 175 175 175 175 175 175 174 174 175 175 175 175 175 174
 174  28]","[ 29  29 180 180 180 180 182 182 182 181 181 180 180 180 180 180 180 180
 181 182 182 181 181 181 181 182 182 182 182 182 183 184 184 182 180 179
 180 181 181 180 181 181 181 180 180 180 181 181 180 180 180 180 179 179
 179 179 179 179 179 178 178 178 178 179 179 180 181 181 181 180 180 180
 179 179 179 180 180 180 180 179 179 180 180 181 181 180 180 181 181 181
 181 181 182 181 181 181 181 181 180 180 180 180 179 179 179 179 179 180
 180 180 179 179 179 178 178 176 178 183 181 179 182 179 178 180 181 179
 178 178 179 179 179 179 180 180 180 180 179 177 180 182 173 173 200 236
 253 254 251 248 226 192 173 177 175 175 176 176 177 177 177 177 175 176
 178 179 178 176 174 174 176 174 172 173 174 174 174 176 176 176 176 175
 175 176 176 175 175 175 176 176 175 175 175 176 175 175 175 175 175 175
 175  29]","[ 29  29 180 180 180 180 181 181 181 181 181 181 181 181 181 180 180 180
 180 181 181 180 180 180 180 181 182 181 181 182 182 182 183 181 180 179
 180 181 181 180 180 180 180 180 181 181 181 181 180 180 180 180 179 179
 179 179 180 179 178 177 177 178 179 179 179 180 181 181 181 181 180 180
 180 179 179 179 180 181 180 180 180 181 182 182 181 180 181 182 182 182
 182 182 182 182 181 180 181 181 180 180 180 180 179 179 179 179 179 179
 180 180 179 179 179 180 182 178 179 180 177 180 177 179 179 178 178 177
 178 182 178 179 179 180 180 180 180 180 181 179 177 181 176 190 233 253
 252 249 231 211 210 204 189 177 175 176 176 177 178 178 178 178 176 177
 177 177 176 176 176 176 176 174 174 176 177 176 176 177 176 176 175 175
 175 175 174 173 174 174 175 175 174 174 175 176 175 175 175 175 176 175
 175  29]","[ 29  29 180 180 180 179 180 180 180 180 180 181 181 181 181 180 179 179
 180 181 180 179 178 179 180 181 181 180 181 181 182 182 181 180 180 180
 181 181 181 180 180 180 180 180 181 181 181 180 180 180 179 179 179 179
 179 179 180 179 177 177 177 179 179 180 180 180 181 181 182 182 181 181
 181 180 180 180 181 182 182 182 182 183 184 184 182 182 182 182 183 182
 181 181 182 182 181 180 181 181 181 181 180 180 180 180 180 179 179 179
 179 180 180 180 178 180 178 174 177 177 180 180 175 175 175 178 182 179
 177 179 178 179 179 179 180 180 180 180 179 181 178 179 172 206 247 249
 246 222 184 150 156 172 181 181 176 177 177 178 179 179 178 178 179 179
 180 181 180 179 177 175 174 174 174 174 175 175 175 175 176 176 175 174
 174 174 173 172 174 173 173 173 174 175 175 175 175 175 175 175 175 175
 175  29]","[ 29  29 180 180 180 180 180 179 180 180 180 180 181 181 180 180 180 180
 181 181 181 179 179 180 181 181 181 180 181 182 182 182 181 180 180 181
 181 181 181 180 180 180 179 180 180 181 180 180 180 180 180 180 180 179
 179 179 180 179 178 178 178 179 180 180 180 180 180 181 181 182 182 183
 182 181 180 180 181 182 183 182 183 184 184 183 183 183 183 182 183 182
 180 180 181 182 182 181 181 181 181 182 181 181 181 181 180 180 179 179
 180 180 181 181 181 178 171 182 211 230 243 234 209 191 176 176 182 180
 178 179 180 180 180 180 180 180 180 180 180 179 180 183 174 211 235 227
 194 163 140 122 115 118 147 183 178 178 178 178 179 179 179 178 177 177
 177 177 178 179 179 177 177 177 176 173 173 175 176 175 176 176 176 175
 175 176 175 174 175 173 172 172 174 175 176 175 175 174 174 174 175 175
 175  28]","[ 30  29 181 181 181 180 181 180 179 179 179 180 180 181 180 180 181 181
 181 182 182 181 180 181 181 181 181 180 181 182 182 182 181 181 181 182
 182 181 180 179 180 180 180 180 180 180 180 180 182 181 181 181 181 181
 181 180 180 179 179 179 179 180 180 180 180 180 180 180 181 181 182 182
 181 181 180 180 181 182 182 182 182 183 183 183 183 184 184 182 182 181
 180 180 180 181 181 181 181 182 182 183 182 182 182 182 181 180 180 180
 180 181 181 181 183 175 181 214 249 251 249 229 224 210 195 183 177 178
 181 181 180 180 179 179 179 179 180 180 181 178 178 180 181 217 220 201
 169 137 121 118 116 113 133 169 179 178 178 178 179 179 178 178 180 180
 180 179 180 181 180 178 176 177 178 177 178 180 179 176 175 175 175 175
 176 177 177 176 176 174 172 172 174 175 176 175 176 175 174 175 176 175
 175  28]","[ 30  29 181 181 181 181 181 179 179 179 179 179 180 180 180 180 181 180
 181 182 182 181 181 181 181 181 180 180 181 182 182 181 182 182 182 182
 182 182 181 181 181 180 180 180 180 181 182 182 183 182 182 182 182 182
 182 181 180 180 180 179 179 179 180 180 181 181 180 180 181 181 181 181
 180 180 180 180 181 181 181 181 181 183 184 183 183 184 184 183 182 181
 180 180 180 180 180 180 181 182 183 183 182 182 181 181 181 181 180 180
 181 181 181 181 182 179 206 235 245 221 194 169 174 178 188 189 181 179
 181 177 179 179 179 179 180 180 180 180 177 180 178 172 186 221 219 193
 153 133 119 116 111 104 123 173 178 178 178 178 179 179 178 177 175 179
 181 179 177 176 174 172 176 174 173 177 180 180 178 175 174 175 175 175
 176 177 177 177 177 175 173 173 174 175 176 176 177 175 175 175 176 176
 175  28]","[ 29  29 180 181 181 181 180 179 180 179 179 179 180 180 180 180 181 180
 180 182 183 182 182 182 181 181 181 181 182 183 182 181 183 182 182 181
 182 182 182 182 181 181 181 180 180 181 183 184 183 182 182 182 182 182
 182 181 180 180 180 180 179 179 180 181 182 182 181 181 181 181 181 180
 180 180 180 180 181 181 181 181 181 184 185 183 182 183 184 183 182 181
 181 180 180 179 179 179 181 182 182 182 181 180 180 180 181 181 181 181
 181 181 181 181 182 180 203 197 184 164 141 122 120 119 145 176 183 179
 179 179 179 179 180 181 181 181 181 181 180 181 177 175 204 228 215 178
 156 138 113 104 108 110 122 171 177 177 177 178 180 180 178 177 179 180
 178 174 174 182 192 199 188 178 172 174 179 179 178 179 175 176 176 176
 177 178 178 177 179 178 176 175 174 175 177 178 177 176 176 176 177 176
 176  29]","[ 29  28 179 180 181 181 181 180 178 179 180 180 179 179 179 180 180 180
 181 182 183 183 183 183 183 183 183 183 183 182 182 182 181 182 182 181
 181 181 182 183 182 181 180 180 180 181 182 182 183 183 182 182 182 181
 182 183 181 181 181 181 180 180 180 181 181 181 180 180 181 181 181 180
 179 179 179 179 179 179 181 183 183 183 183 183 183 183 182 182 181 181
 180 180 179 179 179 179 180 181 181 182 181 181 181 181 181 182 182 182
 182 182 181 180 179 182 183 173 156 138 118 106 101 102 112 162 185 179
 179 179 179 179 180 180 180 180 180 180 181 179 182 173 210 223 208 178
 154 135 109 102 101 104 132 175 178 179 179 180 179 179 180 181 179 180
 172 176 191 231 248 249 236 218 196 175 179 179 179 178 178 178 177 176
 177 178 178 178 178 178 178 177 176 177 177 178 178 178 179 178 179 179
 177  29]","[ 29  28 180 180 180 180 181 180 178 179 180 179 179 179 180 180 179 180
 180 180 181 182 182 183 183 183 183 182 182 181 181 181 180 180 181 181
 181 181 182 182 181 180 180 180 180 181 181 181 183 182 181 181 181 181
 181 182 182 182 181 181 181 181 181 181 181 181 181 181 181 180 180 179
 179 179 179 179 179 180 181 183 183 183 183 183 183 183 182 182 181 181
 180 179 179 179 179 179 180 181 182 182 182 181 181 181 181 182 183 182
 182 182 181 180 182 179 172 157 144 129 108  96  90  91 101 155 184 179
 179 180 180 181 181 181 181 181 181 181 181 179 180 173 208 214 196 169
 150 132 108 101  99 103 137 174 177 178 179 179 179 179 179 179 177 179
 171 192 239 251 246 235 228 224 214 192 179 177 180 178 180 179 179 179
 179 179 179 179 178 178 178 177 177 177 178 179 178 178 179 178 179 179
 177  29]","[ 29  29 181 180 180 179 180 180 179 180 180 181 180 180 181 181 181 180
 180 180 180 181 183 183 183 183 183 182 182 181 181 180 180 181 181 182
 182 181 181 182 180 180 181 181 181 182 182 182 183 182 182 182 181 181
 181 182 183 182 181 181 181 182 181 181 181 181 182 182 181 180 180 180
 180 179 178 179 180 181 182 182 182 182 182 182 183 182 182 181 181 180
 180 179 179 179 180 180 181 181 182 182 182 181 181 181 181 182 182 182
 181 181 180 179 180 176 163 142 127 112  93  83  82  83  92 150 184 179
 181 181 180 180 181 181 181 181 181 180 179 179 180 177 208 204 182 158
 139 121 102  97  96  99 144 175 178 179 180 180 180 180 179 179 179 177
 175 225 250 243 207 172 151 152 167 182 182 179 179 177 180 180 180 180
 179 179 179 179 179 179 179 178 178 177 178 179 178 178 179 178 179 179
 177  29]","[ 29  29 180 180 180 180 180 180 180 181 181 181 181 181 181 181 182 181
 181 180 181 182 183 184 184 184 183 183 183 182 181 181 181 181 182 182
 181 181 181 180 180 181 182 183 182 182 182 183 183 182 181 182 182 181
 181 182 182 182 181 181 181 182 182 182 182 182 182 182 181 181 181 181
 180 179 178 179 180 181 182 182 182 182 182 182 182 182 182 181 181 181
 180 179 179 180 181 181 182 182 182 182 182 181 182 182 182 182 182 181
 180 180 179 179 179 180 168 142 120 103  86  80  82  83  90 145 185 180
 180 181 179 180 180 180 180 180 180 179 178 181 182 183 207 189 162 141
 126 109  96  96  95  97 152 179 180 180 180 181 181 180 180 180 180 177
 197 230 238 211 175 144 134 118 125 155 179 177 178 180 179 179 179 179
 179 178 179 179 180 180 180 179 178 178 178 178 178 179 179 178 179 179
 177  29]","[ 30  29 179 180 181 181 181 180 180 181 181 181 180 180 180 180 181 181
 180 179 180 181 182 183 185 184 184 184 183 183 182 181 181 181 181 181
 181 181 181 180 180 181 182 182 182 181 181 181 181 181 181 181 181 181
 181 181 181 181 181 181 181 181 182 183 184 184 183 182 181 181 181 182
 181 180 179 179 181 182 182 182 182 182 183 183 182 182 181 181 182 181
 180 180 180 181 181 182 182 182 182 182 181 182 182 183 183 183 182 181
 180 180 180 179 179 183 175 147 118  97  83  81  83  83  89 137 180 180
 179 180 180 180 180 180 180 180 180 180 177 182 182 188 205 177 149 132
 117 101  94  96  95  98 159 183 180 180 179 179 180 180 180 180 175 174
 222 238 213 186 156 128 117 107 108 134 179 180 179 177 179 180 179 179
 179 179 180 181 180 180 180 179 178 178 179 179 178 179 179 179 179 179
 177  29]","[ 30  28 179 179 181 181 181 180 180 181 181 181 181 180 180 180 181 180
 180 180 180 181 182 183 184 183 183 183 183 183 182 181 182 182 181 181
 182 182 182 182 180 180 181 181 181 181 180 180 181 181 181 182 182 181
 181 182 181 181 182 181 181 181 183 184 186 185 184 182 181 181 182 182
 182 180 179 180 181 182 182 182 182 183 183 183 182 182 181 181 181 181
 181 180 181 181 182 182 182 182 182 182 181 181 182 183 183 183 183 181
 181 181 181 180 178 180 174 147 113  91  80  79  81  82  87 124 172 182
 179 179 180 180 180 180 180 180 180 180 179 181 180 189 200 166 139 123
 109  96  91  93  91 100 162 183 180 179 179 179 179 179 180 180 179 199
 225 216 189 165 125 122 112 104  97 117 174 178 179 180 180 180 179 179
 179 180 181 181 178 179 179 179 179 179 180 180 179 179 179 179 179 179
 177  29]","[ 29  29 179 179 180 180 180 180 180 181 181 182 182 181 181 180 180 180
 181 181 181 182 182 182 183 183 182 183 183 183 182 180 182 181 181 182
 182 183 182 182 180 180 181 181 182 181 181 180 182 181 182 183 183 183
 183 183 183 183 182 182 182 182 183 184 185 184 183 182 182 182 182 182
 182 181 180 180 181 182 182 182 183 183 183 183 182 181 181 181 180 180
 180 180 181 181 181 181 181 181 182 182 181 181 182 182 182 183 183 182
 181 181 181 180 179 180 178 152 114  89  81  80  80  81  85 111 164 185
 180 179 179 179 179 179 179 180 180 180 181 181 177 189 194 155 127 108
 101  91  87  86  86 105 165 182 180 179 179 179 180 180 180 180 181 206
 225 202 186 149 123 114 108  97  89 118 179 179 176 180 180 180 179 179
 180 180 180 180 179 179 180 180 179 179 180 180 179 179 179 179 179 179
 177  29]","[ 29  29 180 180 179 179 180 179 179 180 180 181 182 181 181 180 180 180
 181 181 182 182 182 182 183 183 182 183 183 183 182 181 180 180 180 181
 182 181 180 179 180 180 180 181 182 182 181 181 181 181 182 183 183 183
 183 183 185 184 182 182 182 183 183 183 183 183 182 182 182 183 183 183
 182 181 181 181 181 182 182 182 183 183 183 183 182 181 181 181 180 180
 180 180 180 180 180 180 179 180 181 182 182 181 181 181 181 181 182 182
 181 181 180 179 179 180 182 157 114  88  81  81  81  81  85 103 159 186
 180 177 179 179 179 179 180 180 180 180 179 178 176 193 198 159 131 109
  96  89  86  81  84 112 170 184 179 179 179 180 180 181 180 179 184 218
 212 193 173 136 117 112  96  89  85 123 182 183 178 179 181 180 180 180
 180 181 180 180 180 180 181 180 180 179 179 179 179 179 179 179 180 179
 177  29]","[ 29  29 180 180 180 180 180 180 179 179 180 180 181 181 180 180 180 180
 181 181 181 180 180 181 183 183 183 183 183 182 182 181 181 181 181 182
 182 183 183 182 180 181 182 182 182 182 182 182 181 182 183 183 183 183
 184 185 186 185 184 183 183 183 183 182 183 183 182 181 181 181 182 183
 184 183 183 182 181 181 181 182 182 182 183 183 182 180 180 180 179 179
 179 180 180 180 180 180 179 180 181 182 183 183 182 181 180 181 181 181
 181 181 180 179 178 178 185 161 121  90  83  80  80  82  82  97 140 182
 180 175 178 179 179 179 179 180 180 180 180 179 178 199 203 170 139 117
 104  99  86  85  84 114 175 184 178 180 179 178 181 182 180 179 194 215
 202 174 154 125 111 103  92  88  85 150 187 176 179 181 180 180 180 180
 181 181 180 180 180 180 180 179 179 179 179 180 179 179 180 180 179 180
 179  29]","[ 29  28 180 180 179 179 180 179 178 179 179 180 180 180 180 179 180 180
 180 181 180 180 180 181 182 183 183 182 181 181 180 180 181 181 181 181
 182 182 182 181 181 181 182 182 182 181 182 182 181 181 182 182 183 183
 184 185 185 185 184 184 184 184 184 183 183 182 182 181 181 182 183 184
 183 182 182 182 182 181 182 183 183 183 183 183 182 181 180 180 180 180
 180 180 180 180 181 181 180 180 181 182 183 183 183 183 181 181 182 181
 180 180 180 179 180 179 182 166 120  94  85  84  82  83  84  96 132 177
 179 176 179 179 179 179 180 180 180 180 180 180 179 200 194 156 128 108
 105 101  91  91  88 120 176 181 179 180 179 178 180 181 180 180 201 207
 183 152 137 118 110 101  92  89  93 161 186 179 180 180 180 180 180 180
 180 180 180 180 181 181 181 180 180 179 179 180 180 179 180 180 180 180
 178  28]","[ 29  28 180 179 179 179 179 179 179 179 180 180 180 180 180 179 180 180
 180 180 180 180 180 181 181 182 181 181 180 179 179 180 181 181 181 181
 182 182 182 182 181 182 182 182 182 181 181 182 181 181 181 181 183 184
 185 186 185 185 185 185 185 185 185 184 182 182 181 181 181 182 183 184
 183 182 182 182 182 182 183 183 184 184 183 183 182 181 181 182 182 181
 181 181 181 181 182 182 181 181 181 182 183 183 183 183 181 182 182 181
 180 180 180 180 180 180 181 175 121  98  86  85  81  80  81  89 116 170
 180 179 179 179 179 180 180 180 180 180 179 179 181 203 184 145 123 108
  99  96  92  95  92 128 182 183 180 181 180 179 180 180 181 182 200 196
 170 140 126 112 105  95  91  86 104 173 183 180 180 179 180 180 180 180
 179 180 180 181 181 181 180 180 180 179 179 178 180 179 180 180 180 180
 178  28]","[ 29  29 180 180 179 179 180 179 180 180 181 181 181 180 180 180 180 180
 180 180 180 179 180 180 181 181 181 180 179 179 180 181 181 181 181 181
 182 183 183 183 181 182 182 182 182 181 182 182 182 181 181 182 183 185
 185 186 185 185 185 185 185 185 185 184 182 182 181 181 181 182 183 183
 183 182 182 183 183 184 184 184 184 184 183 182 182 182 182 182 183 182
 181 181 181 182 183 183 182 182 182 182 183 183 183 182 181 183 183 182
 181 181 181 181 179 179 181 183 128 102  90  87  80  78  79  81 102 163
 183 182 180 180 180 180 181 180 180 180 180 179 182 204 177 140 123 112
  99  95  93  95  91 133 184 181 180 181 180 180 181 181 182 185 199 182
 156 131 117 107 102  94  90  82 115 180 180 179 181 180 180 180 180 180
 180 180 180 181 180 180 180 180 180 180 179 178 180 179 180 180 181 181
 179  29]","[ 29  29 180 180 179 179 180 179 180 180 181 181 181 180 180 180 180 180
 181 181 181 179 179 179 181 181 181 181 181 181 182 183 181 181 181 181
 181 182 182 182 181 181 182 182 182 182 182 182 182 182 182 183 184 185
 185 185 186 186 185 184 184 185 184 184 182 182 182 182 182 182 183 183
 184 183 182 183 184 185 185 185 185 184 183 182 182 182 182 183 183 182
 182 181 181 182 183 183 182 182 182 183 183 183 182 181 180 182 183 182
 181 181 181 181 181 180 181 183 134  97  85  80  82  80  80  80  96 157
 186 182 180 181 181 181 181 181 181 180 181 179 185 204 171 136 120 109
  98  93  93  94  92 139 185 181 181 180 179 180 181 180 182 186 191 164
 140 122 112 102  95  88  86  80 130 183 180 177 181 182 180 180 181 181
 181 180 180 180 180 180 180 180 181 181 180 180 180 179 181 181 181 182
 179  29]","[ 29  28 179 179 179 178 179 179 180 180 180 180 180 180 179 179 180 181
 181 182 181 180 179 179 180 180 180 180 181 182 182 183 183 182 181 181
 181 181 181 181 181 182 182 182 182 182 182 182 182 183 183 184 185 185
 185 185 186 185 184 183 183 184 183 183 181 181 182 182 182 182 182 182
 184 183 183 184 184 184 184 185 184 183 182 181 181 182 182 182 182 182
 182 181 182 182 183 183 182 182 182 183 183 183 182 181 179 181 182 182
 181 181 181 181 182 180 179 181 147 100  88  82  82  80  82  83  96 148
 185 182 181 181 182 182 182 182 181 181 181 179 192 203 169 135 116 104
  95  90  91  95  96 145 186 181 180 180 178 179 180 179 182 189 175 147
 130 114 104  93  86  84  79  85 149 184 182 178 180 181 180 181 181 182
 181 181 180 180 179 179 180 180 180 181 181 180 182 181 181 181 182 182
 180  29]","[ 29  28 179 179 179 179 179 179 179 179 180 180 180 179 179 178 180 180
 181 182 181 180 179 180 179 179 179 179 181 182 182 182 183 182 182 181
 181 182 181 181 182 182 183 182 182 181 181 182 182 183 183 184 184 184
 185 185 185 184 184 183 183 183 183 182 179 180 182 183 184 184 183 183
 184 183 183 184 183 183 183 184 184 183 182 181 182 182 182 182 182 182
 182 182 182 182 182 183 183 182 182 182 182 182 181 180 180 181 181 181
 181 181 181 180 179 179 178 185 167 117 101  95  84  80  81  84  94 131
 179 184 181 181 182 183 183 182 182 181 180 179 199 200 166 135 114 104
  96  91  91  95  99 148 182 179 180 179 179 179 179 179 185 194 197 169
 149 124 104  89  80  81  74  97 168 185 181 181 179 181 182 182 182 182
 182 181 180 180 179 180 180 180 180 180 180 181 182 181 182 182 182 183
 181  29]","[ 29  29 180 179 179 179 180 180 179 179 180 180 180 179 179 179 180 180
 180 181 180 180 180 181 180 179 179 180 182 183 183 182 181 181 180 180
 181 181 182 182 183 183 183 183 182 181 181 181 182 182 183 183 183 184
 185 186 183 183 183 183 183 183 182 181 180 181 183 185 186 186 185 185
 183 183 183 183 183 182 182 183 184 183 182 181 182 182 182 182 182 182
 182 182 182 182 182 182 184 184 183 182 182 181 181 180 181 182 182 181
 181 181 181 181 181 182 178 187 176 121  99  91  89  82  81  84  90 117
 172 184 180 181 182 183 183 182 182 181 180 180 202 196 162 132 112 104
  94  89  89  94 101 153 185 183 179 179 180 180 180 180 188 200 182 158
 145 124 110  97  83  80  74 108 181 187 179 184 180 183 183 182 182 181
 182 181 181 180 181 181 181 181 180 180 181 182 182 181 182 182 183 184
 182  30]","[ 29  29 180 180 180 179 179 179 179 179 180 180 179 179 179 180 179 179
 179 181 182 181 181 182 180 180 181 182 182 182 181 180 180 180 180 180
 181 181 181 181 182 182 181 181 181 182 182 183 183 183 182 183 183 183
 183 183 183 183 183 183 183 183 183 183 182 183 183 185 185 185 184 183
 182 183 183 184 184 184 183 182 183 182 181 181 182 183 183 182 182 182
 182 181 181 181 181 181 183 183 182 182 182 182 182 182 183 182 181 181
 180 181 181 182 182 183 177 180 184 129 103  94  86  79  80  87  91 106
 165 187 182 182 181 181 186 181 183 181 181 178 207 192 157 122 115 105
  93  91  88  91  99 154 183 181 181 178 181 181 178 184 193 195 167 146
 128 117 108  96  82  79  75 137 187 181 182 184 181 184 182 182 182 182
 182 181 181 181 182 182 181 181 182 182 182 181 182 181 180 182 183 183
 181  29]","[ 29  29 180 179 179 179 180 180 179 179 180 180 180 179 179 180 180 179
 179 179 179 180 181 182 183 182 181 180 180 181 181 181 180 180 180 180
 181 181 181 181 183 182 182 182 182 182 182 183 183 182 182 182 182 182
 182 182 182 182 182 182 182 182 182 182 182 182 183 184 185 184 183 182
 183 183 184 184 185 185 184 183 182 182 181 181 182 183 183 182 181 181
 181 181 181 181 181 181 182 182 182 182 182 182 182 182 183 182 181 181
 181 181 182 183 181 182 180 182 183 133 105  98  86  81  81  87  90 103
 154 181 183 182 183 180 183 180 183 182 180 179 204 183 147 117 110 101
  89  89  90  92 101 159 186 182 181 180 180 181 179 182 195 191 164 139
 122 113 103  93  83  79  86 152 189 180 181 183 182 183 181 181 181 181
 181 181 181 181 182 181 181 181 181 181 181 181 182 181 180 182 183 183
 181  29]","[ 29  28 179 178 178 178 180 180 179 180 180 180 180 180 179 180 180 180
 179 178 178 179 181 181 183 182 181 180 180 180 181 182 180 180 180 180
 180 180 180 181 183 183 182 182 182 182 183 183 183 182 182 182 182 183
 182 182 182 182 181 181 182 182 182 181 181 182 183 184 183 183 182 181
 183 183 183 184 184 184 183 183 181 181 181 181 182 183 182 181 181 181
 181 181 181 181 181 181 182 182 182 183 183 183 183 182 184 183 182 181
 181 182 183 183 181 180 180 180 183 141 107  99  87  84  82  87  89 100
 138 174 184 181 184 181 180 181 183 182 180 183 203 174 138 116 108  99
  87  89  92  91  99 160 185 179 179 180 179 181 181 185 198 186 156 128
 114 107  96  88  84  80 100 169 188 180 179 181 182 181 181 181 181 181
 181 181 181 182 182 182 182 182 182 182 182 182 182 182 181 182 183 183
 181  29]","[ 29  29 179 178 177 177 179 179 180 180 180 180 180 180 180 179 179 179
 179 179 179 180 180 180 181 181 182 182 181 180 180 180 180 180 180 179
 179 180 180 181 182 182 182 182 182 183 183 184 183 182 182 182 183 183
 183 182 182 182 181 181 182 182 182 182 181 182 183 183 182 182 182 182
 182 182 182 182 183 183 182 182 182 182 181 181 182 182 182 181 181 181
 182 182 182 181 181 181 181 182 182 183 184 183 183 183 183 183 182 182
 182 182 183 183 183 178 179 179 184 152 111  97  88  86  83  86  89  98
 124 166 184 179 181 180 180 181 181 182 180 188 200 165 130 116 107  97
  90  89  93  91  98 158 182 178 178 180 179 181 182 192 193 175 147 120
 110 103  90  86  86  81 117 181 184 180 181 181 181 179 181 181 180 180
 181 181 182 182 183 183 182 182 182 182 182 182 181 182 181 183 184 183
 181  29]","[ 29  29 179 179 178 178 179 179 180 180 180 180 180 180 179 179 178 179
 179 178 179 180 180 180 179 180 181 182 181 181 180 180 181 181 180 180
 180 181 181 182 181 181 181 182 182 182 183 183 182 182 181 182 182 183
 183 183 182 182 181 181 181 182 182 182 182 182 182 182 181 181 182 183
 182 181 180 180 181 182 182 182 183 183 183 182 182 182 182 181 182 182
 182 182 182 181 181 181 181 181 182 183 183 183 183 183 182 182 182 182
 182 183 183 183 183 179 180 179 184 162 116  99  88  87  83  84  88  97
 113 154 185 181 179 180 179 180 180 181 184 195 194 156 123 114 106  96
  91  89  92  95 102 158 183 181 179 181 180 180 181 195 178 157 138 118
 109 100  87  85  85  81 137 188 180 181 183 181 182 181 181 181 181 181
 181 181 182 182 182 182 182 182 182 182 182 182 181 182 181 183 183 182
 180  29]","[ 29  28 180 179 180 180 180 180 180 180 180 180 180 180 179 179 178 178
 178 176 177 179 180 180 179 179 180 180 180 180 181 181 180 180 180 180
 181 181 182 182 181 181 181 181 181 181 181 181 181 181 181 181 181 182
 182 182 182 181 180 180 180 181 181 181 182 182 182 182 182 182 183 183
 182 181 180 180 181 182 182 182 183 184 183 183 183 183 182 181 182 182
 182 181 181 181 181 181 181 181 182 182 182 183 183 183 181 181 182 183
 183 183 182 182 180 180 181 180 183 166 121 103  90  87  83  83  87  95
 104 137 182 185 179 180 179 180 181 182 182 193 179 142 111 103  97  89
  89  88  91  98 106 156 182 179 180 180 180 181 183 190 162 143 130 114
 104  95  85  82  81  82 157 189 178 180 182 181 182 183 181 181 181 181
 181 181 181 182 183 183 183 182 182 182 182 182 182 182 181 182 182 182
 180  29]","[ 29  28 179 179 180 180 181 180 180 179 179 179 180 180 179 178 178 179
 178 176 177 179 180 179 179 179 179 179 180 180 181 181 179 179 180 180
 181 181 181 182 181 181 181 181 181 181 181 181 181 181 182 181 181 181
 181 182 182 181 180 180 180 180 180 180 182 182 182 182 183 183 183 183
 182 181 181 181 181 182 182 182 183 183 183 183 183 183 183 182 182 182
 181 181 180 180 181 181 181 181 181 181 181 182 182 182 180 181 182 182
 183 183 183 182 179 181 181 180 182 170 125 104  91  87  84  84  86  91
  96 117 166 185 180 181 180 180 182 181 184 196 172 140 113 104  99  90
  87  89  88  99 106 154 182 177 179 178 180 181 187 177 150 136 122 107
  94  87  84  80  79  88 168 185 178 179 179 180 181 182 181 182 182 182
 182 181 181 180 183 183 183 183 182 182 182 183 182 182 181 182 181 181
 180  29]","[ 29  29 178 178 179 179 180 178 180 179 179 179 180 179 179 178 177 179
 180 179 179 180 180 178 179 179 179 180 181 181 180 179 179 179 180 181
 182 182 182 182 180 180 181 181 181 181 181 181 181 182 183 182 181 180
 181 182 182 182 180 180 180 180 181 181 181 181 182 182 183 184 183 182
 181 181 181 181 182 182 182 181 182 182 183 183 183 183 183 183 182 181
 181 180 180 180 181 181 180 180 180 180 180 181 181 182 181 181 181 182
 182 183 183 183 182 183 179 180 183 174 128 102  92  87  86  84  85  88
  91 102 148 180 180 181 179 179 182 178 179 192 164 138 113 102  97  88
  86  90  87  99 107 155 187 181 180 179 179 180 189 163 140 131 117 102
  86  82  85  81  81  97 172 182 180 180 179 182 181 181 182 182 182 182
 182 181 180 180 183 183 183 182 182 181 182 182 182 182 181 181 181 180
 179  29]","[ 29  29 179 178 179 180 179 179 180 179 179 180 180 180 180 179 179 178
 178 179 179 179 179 179 178 179 180 180 180 179 180 181 181 181 181 180
 180 181 182 183 181 181 181 181 181 181 181 181 182 182 182 181 180 180
 181 181 181 181 180 180 180 180 181 181 180 181 181 182 182 182 182 182
 182 181 181 181 182 182 182 182 181 182 182 183 183 183 182 181 183 182
 181 181 180 180 180 180 181 180 180 180 181 181 181 181 179 180 181 181
 182 182 183 183 181 182 180 183 182 181 135 101  92  87  87  86  85  86
  89  97 132 178 180 178 179 179 179 180 181 192 166 138 106 103  96  88
  87  85  90  99 109 165 183 180 180 180 179 185 175 147 137 125 114 100
  89  83  81  81  78 101 176 180 181 180 180 181 181 182 181 181 182 182
 183 184 182 180 184 184 184 183 182 182 182 182 182 182 181 181 180 180
 179  29]","[ 29  29 178 177 179 179 179 179 179 179 179 179 179 179 178 177 179 179
 178 178 178 179 179 180 178 179 180 180 179 179 180 181 181 181 180 180
 180 180 181 182 181 181 180 181 181 181 181 180 181 181 181 181 180 180
 180 181 181 181 180 179 179 180 181 181 182 182 182 181 181 181 181 182
 183 182 182 182 183 183 183 182 181 182 183 184 184 183 183 182 182 182
 181 180 180 180 180 180 181 181 181 181 181 181 181 180 180 181 181 182
 182 182 182 182 181 181 179 181 180 181 141 103  93  89  89  87  85  85
  86  92 120 169 181 177 177 179 179 179 189 198 167 138 113 107  98  89
  86  85  88  98 113 172 184 179 178 181 182 183 160 133 130 124 111 100
  84  80  82  79  75 106 179 181 181 179 180 181 181 182 182 182 182 182
 183 184 183 181 183 183 182 182 181 181 181 181 181 181 181 181 181 180
 179  29]","[ 29  29 178 177 179 179 179 179 179 179 179 179 179 179 177 176 178 178
 178 178 178 178 178 179 179 179 180 180 180 180 180 181 181 181 180 180
 180 181 181 181 181 181 180 180 180 180 180 180 180 180 181 181 180 180
 180 180 181 180 179 179 179 180 181 181 183 183 182 181 180 180 181 182
 183 182 182 182 183 183 182 182 181 182 183 183 183 183 182 182 181 181
 181 180 179 179 180 180 182 182 181 181 180 180 180 180 180 181 182 182
 182 181 181 181 180 179 179 180 180 186 153 110  95  89  87  84  83  84
  87  94 104 153 182 176 177 179 180 180 185 192 158 129 117 111 102  94
  92  91  95 103 123 181 186 180 178 179 181 176 148 128 130 121 104  90
  79  80  80  80  77 118 182 183 181 179 181 182 181 182 182 182 182 182
 183 184 183 182 182 182 181 181 181 181 180 180 180 180 180 181 181 180
 179  29]","[ 29  29 179 177 179 179 179 178 178 178 178 178 178 178 177 176 176 178
 179 178 177 177 177 177 179 179 180 180 180 180 180 181 181 180 180 180
 180 181 181 181 181 181 180 179 179 179 179 179 179 180 180 180 180 180
 180 180 180 180 179 179 179 180 181 181 183 183 182 181 180 180 181 182
 182 182 181 182 182 182 181 181 181 181 182 183 182 182 181 181 181 181
 180 180 179 179 179 180 181 181 181 181 180 179 179 180 180 180 181 182
 181 181 180 180 180 178 179 179 179 187 162 114  94  86  83  81  81  83
  86  93  92 136 179 175 177 178 180 180 184 187 146 118 112 103  95  91
  90  91  98 106 130 180 180 178 179 179 181 169 148 136 140 119 100  81
  79  82  76  77  76 127 184 183 180 179 181 182 181 182 182 182 182 182
 183 184 183 182 181 181 181 182 182 181 180 179 179 180 180 182 182 181
 180  29]","[ 29  29 179 177 179 179 178 177 176 176 177 176 176 176 176 176 177 178
 178 177 176 176 176 177 178 179 179 179 179 179 179 180 180 179 179 179
 179 180 180 180 181 180 179 179 179 179 179 179 179 179 180 180 180 180
 180 180 180 180 180 180 180 181 181 181 182 182 182 181 180 180 180 181
 181 181 181 181 182 182 181 181 181 182 182 182 182 181 180 180 181 181
 181 180 179 179 180 180 180 180 181 180 179 179 179 180 179 180 181 181
 181 180 180 180 180 179 180 178 177 183 165 114  91  83  81  80  82  82
  81  84  89 123 174 176 177 177 178 180 186 183 137 110 104  94  88  87
  89  91  99 112 144 183 180 182 179 182 184 161 146 140 144 117  92  76
  80  78  77  77  76 144 183 182 179 179 182 182 181 181 181 182 183 183
 183 184 183 182 181 181 182 183 183 182 181 179 180 181 181 182 183 182
 181  29]","[ 29  29 178 177 178 178 177 177 176 176 176 176 176 176 176 177 178 179
 178 175 175 176 178 179 179 179 179 179 179 179 179 179 179 179 179 179
 179 180 180 179 180 180 179 179 179 179 179 179 179 179 179 179 180 180
 180 180 179 180 180 180 181 181 181 181 181 181 181 181 181 180 180 180
 181 181 181 182 182 182 182 181 182 182 183 183 181 181 180 181 181 181
 181 180 179 179 180 180 180 180 180 180 179 179 180 180 179 180 180 181
 180 180 180 180 181 179 181 179 178 181 171 122  93  84  80  79  81  82
  80  83  91 117 170 179 178 176 178 179 187 176 126 106  99  89  87  88
  87  89  97 113 156 181 177 178 180 181 176 149 139 135 132 105  81  76
  78  73  81  77  85 166 181 181 179 180 182 182 181 182 181 182 183 183
 183 183 183 182 181 182 183 183 183 183 181 180 181 182 181 182 183 182
 181  29]","[ 29  28 177 175 176 176 176 176 176 176 176 176 176 175 176 176 177 178
 177 175 175 178 180 180 180 180 180 180 180 180 179 179 179 179 180 180
 180 180 180 180 179 179 179 179 179 179 179 178 179 178 178 178 178 179
 179 179 179 179 179 180 180 180 180 180 181 181 180 180 181 180 180 179
 181 181 181 182 182 183 182 182 181 182 183 182 181 180 181 181 181 181
 181 180 179 179 180 181 181 180 180 180 180 180 180 179 180 181 181 181
 180 180 180 181 181 179 181 179 180 181 179 135  96  86  81  79  80  82
  83  87  91 114 166 181 177 177 180 179 189 169 115 103  93  85  84  84
  90  95 104 119 169 181 179 178 181 176 161 142 137 131 117  96  84  81
  79  76  81  74 102 178 181 181 180 180 182 181 180 182 182 183 183 183
 183 183 183 182 182 182 182 182 182 182 182 182 182 182 181 182 182 182
 180  29]","[ 29  28 176 173 175 175 176 176 175 176 176 176 175 174 174 174 174 176
 177 176 177 179 180 178 179 179 179 179 179 179 179 178 178 179 180 180
 179 179 179 180 179 179 179 179 179 179 179 178 179 178 177 177 177 178
 179 179 179 179 179 179 179 179 180 180 182 181 180 180 180 180 179 178
 180 180 180 181 182 183 182 182 180 181 182 181 181 180 181 181 181 181
 181 180 179 179 179 180 182 181 180 180 180 180 179 179 181 181 181 181
 180 180 180 181 181 179 180 178 180 179 181 140  97  89  84  81  81  82
  82  86  89 112 162 180 175 176 181 177 187 160 106 100  89  84  84  82
  86  96 107 122 172 178 179 179 181 175 154 145 140 131 109  97  88  79
  79  82  79  73 123 186 182 182 180 181 182 181 180 183 183 183 183 183
 182 183 183 183 182 182 182 181 181 181 182 183 182 182 181 181 182 181
 180  28]","[ 29  28 174 174 176 175 176 175 175 175 175 175 174 173 173 173 174 174
 175 176 178 179 179 179 179 179 179 179 179 179 179 179 179 179 180 180
 180 179 179 179 178 178 178 179 179 179 178 177 179 179 179 177 176 176
 176 176 176 177 178 179 179 180 179 179 179 179 179 179 179 179 179 179
 180 180 181 181 182 182 181 181 180 180 179 179 179 180 181 181 182 181
 181 180 180 180 179 179 181 181 180 180 180 181 180 180 181 181 180 180
 180 180 180 180 181 180 177 181 178 178 182 162 112  98  90  84  82  83
  83  86  87 109 160 184 176 178 176 179 187 147  96  87  87  87  83  82
  82  91 110 128 175 180 178 177 174 159 146 145 134 118 104  87  80  82
  81  79  78  85 154 188 181 181 180 180 179 180 181 182 182 182 182 183
 183 184 183 183 183 182 181 181 181 181 182 183 182 181 181 181 181 182
 179  29]","[ 30  29 175 174 176 175 176 175 174 174 174 174 173 172 172 173 174 174
 175 176 177 177 178 177 179 179 179 179 179 179 179 179 179 179 179 179
 180 180 179 179 178 178 178 179 179 179 179 178 179 179 179 177 176 176
 176 176 175 177 178 178 179 179 179 178 179 179 179 179 179 179 179 179
 180 180 181 182 182 182 182 182 181 181 180 179 179 180 181 181 181 181
 181 180 180 180 180 180 181 181 180 180 181 181 181 180 181 181 180 180
 179 179 180 180 180 180 179 182 179 181 184 172 114  97  89  85  83  85
  86  88  89 102 152 178 176 179 179 182 186 136  93  85  83  81  80  80
  83  86 108 134 177 174 175 179 167 153 141 135 123 108  96  83  80  80
  80  80  75 108 168 188 180 180 180 180 179 180 181 181 181 181 181 181
 182 182 182 181 182 181 180 180 180 180 181 182 182 181 182 181 182 182
 179  30]","[ 29  29 175 174 176 175 176 174 174 174 174 174 173 172 172 172 173 174
 175 175 176 176 177 177 180 180 180 179 179 179 179 179 179 178 177 178
 180 181 180 179 177 178 178 179 179 179 179 179 179 179 178 178 177 177
 177 176 176 177 178 178 179 179 179 179 179 179 179 179 179 179 179 179
 179 180 181 181 182 182 182 182 182 182 181 180 179 180 180 181 180 180
 180 180 180 180 180 180 181 180 181 181 181 181 181 180 181 181 180 179
 179 179 179 180 181 181 181 180 178 180 182 180 126 101  90  88  84  84
  85  85  88  98 150 181 177 178 179 181 183 119  92  87  82  80  80  83
  85  88 109 142 179 174 176 174 154 142 134 124 111 101  90  81  80  78
  80  81  78 140 183 185 180 180 180 180 180 180 180 181 181 181 181 181
 182 182 182 181 181 180 180 180 180 180 181 182 183 182 182 182 182 182
 180  30]","[ 29  28 175 174 176 174 175 174 174 174 174 174 173 172 172 172 173 174
 176 176 176 177 178 179 180 180 180 179 179 179 179 179 178 178 178 179
 180 180 180 179 178 178 178 178 178 179 179 180 179 179 178 178 178 178
 178 176 177 178 179 179 179 180 179 179 179 179 179 179 179 179 179 179
 179 179 180 180 180 180 180 180 181 181 181 181 180 179 180 180 180 180
 180 180 180 180 180 180 180 181 181 181 181 181 180 180 180 180 179 179
 179 179 179 180 181 180 181 178 177 179 178 183 137 103  88  90  87  85
  85  85  85  92 139 180 175 177 181 186 173  99  86  83  79  78  78  81
  84  91 111 149 180 180 174 159 138 129 126 116 105  98  87  82  79  78
  81  80  91 166 190 180 180 181 181 180 180 180 180 180 180 180 181 181
 182 182 183 183 181 180 180 181 181 181 181 182 183 181 182 181 181 182
 179  29]","[ 29  29 176 175 176 175 176 175 175 175 175 175 174 173 172 173 174 175
 176 177 176 177 178 179 178 178 178 179 179 179 179 179 179 179 179 179
 179 179 179 179 179 178 178 178 178 178 179 179 179 179 179 179 179 179
 179 177 178 179 179 179 179 179 179 178 179 179 179 179 179 179 179 179
 179 179 180 180 180 179 179 179 180 180 181 181 180 180 180 180 180 180
 180 180 179 179 179 179 181 181 181 182 181 180 179 179 179 179 179 179
 179 179 179 179 180 178 180 178 179 181 179 187 153 110  89  91  89  85
  83  84  86  88 127 184 181 177 181 188 161  89  82  79  76  75  76  78
  79  85 106 158 183 180 161 140 126 120 118 109 101  96  86  82  79  79
  80  77 111 177 187 178 180 181 181 181 180 180 180 180 179 180 180 180
 181 181 181 181 180 180 181 182 182 181 181 181 182 181 181 180 180 181
 178  29]","[ 29  29 175 175 176 174 176 175 175 175 175 175 175 174 173 174 175 176
 176 176 176 176 177 178 178 178 178 179 179 179 179 179 179 179 179 179
 179 179 179 179 179 178 177 177 178 178 179 179 179 180 179 179 179 179
 179 178 179 179 180 179 179 179 179 178 179 179 179 179 179 179 179 179
 180 180 180 180 180 180 179 179 179 180 180 180 180 180 180 180 179 179
 179 179 179 179 179 179 180 181 181 181 181 180 179 179 178 179 179 179
 179 179 179 179 180 178 180 179 181 182 180 185 167 122  94  90  88  83
  80  80  82  81 110 175 179 172 181 186 145  89  83  78  74  73  76  78
  79  79 103 162 179 165 139 127 120 115 110 103  97  92  84  80  79  79
  79  78 135 180 182 179 180 180 181 181 180 180 180 181 180 180 180 180
 180 180 180 180 179 179 180 182 182 181 181 181 181 180 180 179 179 180
 178  28]","[ 29  29 175 174 175 174 176 175 176 175 176 176 175 174 174 175 174 175
 176 175 175 175 176 177 179 179 179 179 179 179 179 179 179 179 179 179
 179 179 179 179 179 178 176 176 177 179 179 179 180 180 179 178 178 179
 179 179 179 179 180 179 179 180 180 179 179 179 179 179 179 179 179 179
 180 180 180 180 180 180 180 180 180 180 179 179 179 179 179 179 179 179
 179 179 179 179 179 179 180 181 181 181 180 180 180 180 179 179 179 179
 179 179 179 179 180 178 180 180 180 180 179 180 170 131  99  88  86  85
  82  82  85  83  96 155 179 182 195 179 115  83  80  75  72  71  76  78
  83  83 107 148 154 137 119 116 113 110 104  99  95  87  82  78  77  79
  80  86 159 182 179 180 180 180 180 180 180 180 181 181 181 181 181 181
 180 179 179 179 179 179 180 181 181 180 180 181 182 180 180 179 179 180
 178  29]","[ 29  29 175 174 175 174 176 176 175 175 176 176 175 174 174 175 174 174
 175 175 175 176 176 177 179 179 179 179 179 179 179 179 179 178 177 178
 179 180 179 178 179 177 175 176 177 179 180 179 180 180 180 178 178 178
 179 180 179 180 180 180 180 181 181 180 179 179 179 179 179 179 179 179
 179 179 179 180 180 180 180 180 182 180 179 178 178 179 179 179 178 178
 179 179 180 180 180 180 180 180 181 181 180 180 180 181 180 180 179 179
 179 179 179 179 178 178 179 180 179 178 179 179 175 139 106  87  83  84
  81  80  80  80  85 138 183 190 189 138  90  78  79  76  74  73  79  81
  86  93 114 126 125 113 106 106 105 105  98  97  94  85  81  77  76  79
  82  96 175 184 179 180 179 180 180 180 180 180 181 182 181 181 181 181
 180 179 179 180 180 179 179 180 180 180 181 182 182 181 181 180 180 181
 179  30]","[ 29  29 174 175 174 173 173 174 174 174 175 175 175 175 175 175 175 176
 176 175 175 175 176 177 176 176 176 176 176 176 177 178 178 179 179 179
 178 179 179 179 178 178 178 178 178 179 179 180 179 179 179 178 178 178
 178 179 179 179 179 179 179 179 179 179 179 179 179 179 179 178 178 179
 179 179 179 179 178 178 179 180 181 181 180 179 179 179 179 180 179 179
 179 179 180 180 180 179 179 180 180 180 180 180 179 179 179 178 179 178
 178 180 180 177 179 178 178 179 181 178 175 176 179 157 107  91  84  81
  77  73  74  77  75 113 159 165 137  95  77  81  82  79  78  78  80  84
  90  99 109 114 115 112 108 105 105 102 100  97  88  82  80  79  79  79
  77 119 182 180 181 178 179 179 180 180 181 182 181 181 181 181 181 180
 180 179 179 179 179 179 179 179 179 179 180 180 181 181 180 180 180 179
 179  29]","[ 29  29 174 175 174 174 174 175 173 174 174 175 175 175 175 175 175 175
 175 175 175 175 175 176 174 175 175 176 176 176 177 177 178 179 180 179
 179 179 179 179 178 178 178 178 178 179 179 179 178 178 179 178 178 178
 178 179 179 179 179 179 180 180 180 180 179 179 179 179 179 178 178 178
 178 178 179 179 179 179 179 180 180 180 179 178 178 179 179 180 179 179
 179 179 179 180 179 179 179 179 179 179 179 179 179 179 180 179 180 180
 179 179 179 178 176 179 179 178 179 178 176 175 179 172 120  92  79  74
  71  73  73  76  69  81  98  96  87  72  75  78  79  79  79  81  84  89
  91  98 105 108 109 109 108 107 104 102  99  94  87  81  78  78  81  78
  85 145 187 179 179 180 179 179 179 180 181 181 181 181 180 181 181 180
 180 180 179 179 179 179 179 179 179 179 180 180 180 180 179 180 179 179
 179  28]","[ 29  29 173 175 173 173 174 174 173 174 174 175 175 175 175 174 174 175
 175 175 175 175 175 175 173 174 175 176 177 177 177 176 178 179 180 179
 179 179 179 179 178 178 178 178 179 179 178 178 178 178 178 179 179 179
 179 179 179 179 179 179 180 181 181 181 179 179 179 179 179 178 177 177
 176 177 178 179 179 179 179 180 179 178 178 178 178 178 179 180 180 179
 179 179 180 180 180 179 179 179 179 179 179 179 179 180 179 179 180 179
 179 179 179 179 178 179 179 179 180 179 176 175 180 176 124  93  81  75
  73  73  69  74  73  75  77  72  71  72  75  76  77  78  80  81  84  89
  93  97 101 103 105 106 108 108 110 110 103  93  87  81  76  77  79  74
  98 170 187 179 179 181 179 179 179 180 181 181 181 181 179 179 180 180
 180 180 179 179 179 179 180 180 180 180 180 180 180 181 180 180 180 180
 179  29]","[ 29  29 173 174 172 172 172 173 174 174 174 175 175 174 174 173 174 175
 175 176 176 175 175 175 174 174 175 176 177 177 177 176 177 178 179 178
 179 179 179 179 178 178 178 178 178 178 178 178 179 179 179 179 179 179
 179 179 179 179 178 179 180 180 180 180 179 179 179 179 178 177 176 176
 176 177 178 179 179 179 179 179 178 178 177 177 177 178 178 179 179 179
 179 179 179 179 179 179 179 179 179 179 179 179 180 180 178 180 179 178
 179 180 180 179 181 180 178 179 180 178 177 179 182 178 130  97  79  72
  73  68  71  73  74  74  76  76  74  77  76  76  76  78  81  81  83  89
  95  97 100 103 104 107 109 110 118 118 108  94  87  80  75  77  77  73
 119 181 182 179 181 180 179 179 179 180 181 181 181 181 178 179 179 179
 179 179 179 179 179 180 180 181 181 180 180 180 180 181 180 180 180 180
 179  29]","[ 29  29 173 174 172 172 172 172 174 174 174 174 174 174 173 173 174 174
 175 175 176 175 175 174 175 175 175 176 176 177 176 176 176 176 177 177
 178 179 179 179 179 178 178 178 178 178 179 179 180 179 179 179 179 179
 179 179 179 179 179 179 179 179 179 179 178 177 178 178 178 176 176 176
 178 178 178 179 179 180 179 179 179 178 178 178 178 178 178 179 179 178
 178 178 179 179 179 178 178 178 179 179 179 179 179 179 178 181 179 177
 180 180 177 175 168 175 181 181 180 178 176 178 179 184 140  95  75  71
  72  73  73  73  74  70  70  72  71  72  75  76  77  81  84  85  88  93
  97  98 101 103 106 109 113 115 120 121 110  95  87  80  75  77  78  78
 144 182 179 178 181 178 179 179 179 180 181 182 181 181 179 179 179 179
 179 179 180 180 178 179 179 180 180 180 179 179 180 180 179 180 180 179
 179  29]","[ 29  29 173 174 173 172 173 173 173 173 173 173 173 174 174 174 174 174
 174 174 175 175 174 174 175 175 175 175 175 176 176 176 176 176 176 176
 177 178 179 179 179 179 178 177 177 178 179 179 180 180 179 178 177 177
 178 179 179 179 178 178 178 178 178 178 176 176 176 177 177 176 176 176
 179 179 179 179 180 180 179 179 179 179 179 178 178 178 178 179 179 178
 178 179 179 180 179 179 178 179 179 179 179 179 179 179 178 181 180 178
 180 177 174 175 193 210 223 222 214 202 188 178 178 190 147  91  77  76
  70  71  71  73  74  71  70  72  71  70  74  76  79  83  86  88  91  97
  99  99 101 104 108 112 117 121 124 122 110  96  87  79  74  76  75  87
 161 179 179 177 179 179 179 179 180 180 181 182 181 181 180 180 180 179
 179 179 180 180 179 179 179 180 180 180 179 179 179 180 179 180 180 179
 179  29]","[ 29  29 173 174 172 172 172 173 173 173 172 172 173 174 175 175 174 173
 173 174 174 175 174 174 175 175 175 175 175 175 176 176 177 176 176 175
 176 178 179 179 179 178 178 178 178 178 179 179 180 180 179 177 175 175
 176 177 178 177 176 176 176 176 176 176 176 175 175 176 176 176 176 176
 178 178 178 179 179 179 178 177 178 178 178 178 178 178 178 178 178 178
 178 178 179 180 180 179 179 179 179 179 179 179 179 179 178 179 178 179
 179 175 178 191 221 220 214 209 211 214 216 217 212 210 172 107  75  73
  72  75  73  70  67  67  66  68  71  71  73  78  81  83  86  89  93  98
 101 101 103 107 111 115 120 123 129 120 106  93  83  76  74  75  71 106
 173 178 177 179 178 180 179 179 179 180 181 181 181 181 181 181 180 179
 179 179 179 179 180 180 180 180 180 180 180 180 179 180 179 180 180 180
 179  29]","[ 29  29 172 173 171 171 171 171 174 173 173 172 173 174 175 176 174 174
 174 174 175 175 175 174 174 175 176 176 176 176 177 177 178 177 176 175
 176 178 179 179 178 178 178 178 178 178 179 179 179 180 179 176 174 173
 175 177 175 175 174 174 174 175 175 175 177 176 175 175 175 175 175 176
 175 176 177 178 179 178 177 175 176 176 176 176 176 177 177 177 176 176
 176 177 178 178 178 178 179 179 178 178 178 178 178 179 180 179 178 181
 180 176 187 211 204 188 175 179 193 201 206 212 216 224 230 181 115  85
  73  66  68  66  65  69  68  67  72  73  73  78  82  83  86  90  95 100
 103 103 105 110 114 117 120 123 130 115  98  85  76  74  75  76  73 127
 182 178 175 181 179 179 179 179 179 180 181 181 181 181 180 180 180 179
 179 178 177 177 179 179 179 179 179 179 179 179 179 179 178 179 179 179
 179  28]","[ 29  29 171 174 172 167 168 172 171 173 173 172 174 175 174 175 175 175
 174 174 175 175 175 175 176 175 175 175 176 177 178 178 179 179 178 177
 176 177 178 179 178 177 176 176 176 178 179 181 179 180 179 177 174 173
 174 175 176 175 174 174 174 175 175 176 175 175 176 176 175 174 175 176
 176 176 175 176 176 177 176 176 176 176 178 179 178 176 177 179 179 178
 177 177 177 177 177 177 178 178 178 178 179 180 180 179 177 178 177 179
 180 180 197 193 174 160 155 161 177 186 193 212 225 237 240 236 216 185
 146 122 110  78  64  60  64  73  72  73  73  80  82  82  88  91  94 100
 103 101 105 108 115 118 124 123 128 104  85  79  72  76  76  78  79 142
 182 179 180 180 178 181 179 179 179 180 180 180 180 180 180 181 181 180
 179 178 178 179 180 179 179 179 179 179 179 180 179 179 179 179 179 179
 178  29]","[ 30  29 170 171 167 161 161 164 170 173 173 173 175 175 174 174 175 175
 174 175 175 175 175 175 175 175 175 175 176 177 178 178 177 177 177 176
 176 176 177 177 178 177 176 176 176 177 177 178 177 178 178 177 176 174
 175 175 175 173 172 173 174 174 174 174 174 175 175 174 173 173 174 174
 175 175 175 175 175 175 175 175 176 177 178 178 177 176 177 178 179 178
 176 176 176 176 176 176 178 178 178 178 179 179 179 177 179 180 178 179
 177 178 190 174 142 136 136 142 155 167 182 212 229 232 234 241 244 243
 232 220 199 160 111  71  63  69  73  73  75  78  80  82  86  93  98 102
 100 101 103 110 116 119 120 125 122  95  80  78  73  75  75  76  84 153
 185 177 178 182 180 179 180 179 179 178 179 179 180 180 179 180 180 180
 179 179 179 179 179 179 179 179 179 179 179 179 179 179 179 179 179 179
 177  29]","[ 29  29 169 170 165 159 159 162 168 171 172 173 175 175 173 173 175 175
 175 175 175 175 175 175 176 176 175 176 177 178 179 179 176 176 176 176
 176 176 176 175 176 176 176 176 175 175 175 175 175 176 177 177 176 176
 175 175 175 174 173 174 175 174 174 173 174 175 175 174 173 173 174 174
 175 175 175 175 175 175 175 175 176 178 178 177 176 176 178 178 179 178
 177 176 176 176 176 176 179 179 180 179 179 179 178 177 176 177 176 178
 175 179 183 150 128 125 126 130 140 151 177 221 236 232 229 234 235 232
 217 202 199 186 163 114  73  65  74  72  76  76  81  85  89  93  97  96
 101 104 105 113 114 116 115 122 111  83  74  76  74  73  75  74  90 164
 183 176 175 181 179 178 180 179 179 179 178 179 179 180 179 179 179 179
 179 179 179 180 179 179 179 179 179 179 179 179 179 179 179 179 179 179
 177  29]","[ 29  29 169 169 165 159 160 163 167 170 171 172 174 174 173 173 174 174
 175 175 175 175 175 174 177 176 175 176 177 178 178 178 177 176 176 176
 177 176 175 175 174 175 175 176 176 176 176 176 175 176 176 176 176 176
 175 175 176 175 175 176 176 175 174 174 174 174 175 175 174 174 175 175
 176 176 176 176 175 175 175 176 176 177 177 176 176 178 179 179 178 178
 177 176 176 176 176 177 178 179 179 179 179 179 178 177 177 179 176 178
 174 179 171 121 104 101 104 113 127 141 172 220 228 226 227 230 220 209
 191 177 169 143 142 142 110  75  63  74  73  76  80  87  93  96  97  98
 103 105 110 114 111 114 117 117  97  74  72  74  75  73  77  73  95 170
 179 177 176 178 177 178 177 178 179 180 180 179 179 178 179 179 179 179
 179 179 179 179 180 180 180 179 179 180 180 180 179 180 180 179 179 179
 177  29]","[ 29  29 169 168 164 159 160 163 168 170 171 171 173 173 172 173 173 174
 174 175 175 175 175 175 176 175 175 175 175 176 176 176 177 176 176 176
 176 176 175 175 175 175 176 176 176 177 177 178 176 176 176 176 176 176
 175 175 175 176 177 177 176 174 174 175 173 174 175 175 175 175 174 174
 175 175 175 175 174 174 175 175 176 177 177 175 175 177 179 178 176 176
 176 176 176 176 176 176 176 177 177 176 176 177 177 177 178 178 176 177
 175 180 161 105  96  93  92  97 116 137 162 198 217 221 226 224 204 183
 162 149 120 109 124 156 151 108  60  71  74  79  80  85  94  95  96 103
 104 103 113 113 109 115 122 111  85  72  74  74  74  74  77  73 101 176
 179 179 178 178 176 177 176 177 178 179 179 179 179 179 179 179 179 179
 179 179 179 179 180 180 180 179 179 180 180 180 180 180 180 179 180 179
 178  29]","[ 29  29 169 168 165 162 163 165 169 171 171 171 172 173 172 173 173 173
 174 174 174 174 175 175 175 175 175 175 175 175 175 175 176 176 175 175
 175 175 175 175 175 175 176 175 175 175 177 178 176 175 175 175 175 175
 176 176 175 176 177 177 176 174 174 175 175 175 176 176 175 175 174 174
 175 175 175 175 175 175 175 176 176 176 175 175 175 176 177 177 175 176
 176 176 176 176 176 176 175 176 176 175 175 176 177 177 175 175 174 175
 175 180 154 107  97  98 100 103 122 143 154 166 194 198 197 187 160 133
 107  92  87  97 112 131 149 151 101  67  71  75  79  85  93  94  95 103
 104 103 113 109 107 116 119  97  78  74  77  74  72  74  76  73 109 181
 181 179 178 179 177 174 177 177 177 176 176 177 179 180 179 179 179 179
 179 179 179 179 179 179 179 179 179 179 179 179 179 180 180 179 179 179
 177  29]","[ 29  29 168 169 167 165 167 169 170 172 171 171 172 172 172 172 172 172
 173 173 173 174 175 175 174 175 176 175 175 175 175 176 175 175 175 175
 175 175 175 175 174 175 175 175 174 174 175 177 175 175 175 175 175 175
 176 176 176 176 176 177 176 175 175 176 176 175 175 175 175 175 174 174
 175 174 174 174 175 175 175 176 176 175 174 174 175 175 175 176 176 176
 177 176 176 175 175 175 175 176 176 176 175 176 177 177 176 176 175 173
 175 179 149 117  93  94 104 114 131 147 148 150 169 167 153 135 112  96
  80  73  73  83  97 108 127 149 135  89  72  71  80  90  94  97 101 103
 104 105 106 103 106 114 105  79  74  75  77  74  71  74  73  74 120 183
 180 178 179 178 176 173 176 176 176 175 175 176 178 180 179 178 178 178
 179 179 179 179 179 179 179 179 179 179 179 179 179 179 179 178 179 179
 176  29]","[ 29  29 168 168 167 164 166 167 169 171 171 170 172 171 170 171 172 172
 172 172 172 173 175 176 173 174 175 175 174 174 175 176 175 175 176 176
 175 175 175 175 174 175 176 176 175 175 176 177 176 176 176 175 175 175
 175 176 176 175 175 176 177 176 175 175 175 174 173 173 173 174 174 175
 174 173 173 173 174 174 175 175 175 173 172 174 175 174 174 175 176 176
 176 175 174 174 174 174 174 175 176 175 175 175 176 175 173 174 174 172
 176 181 152 132 100  86  85  91 101 113 121 132 139 135 116  97  82  77
  72  74  74  79  82  88 110 129 149 127  89  80  87  97  93  96 104 101
 101 104  98  97 105 113  93  67  72  75  75  74  70  74  72  75 130 182
 178 179 182 177 175 176 175 175 176 175 175 175 176 178 178 178 178 178
 179 179 179 179 180 179 179 179 179 179 179 180 178 178 179 178 179 178
 176  29]","[ 28  29 168 167 165 166 161 167 169 171 172 171 171 172 171 170 170 171
 173 173 173 174 174 173 173 173 174 175 176 175 174 172 174 175 175 175
 174 175 174 173 176 175 174 175 175 175 176 177 175 175 175 174 174 175
 175 176 175 175 176 176 176 176 175 175 172 174 173 172 172 174 175 174
 172 173 173 172 173 174 174 172 174 172 171 172 174 174 173 173 173 173
 173 172 172 173 174 174 174 174 175 175 175 174 174 174 175 173 173 173
 176 170 167 138 118  88  75  73  72  91  99 105 108 105  93  78  70  72
  74  73  73  75  78  81  91 106 125 147 136 106  98  92  96 100  98  99
  94  95  88  99 106 100  81  66  74  71  74  71  71  75  74  77 136 180
 176 175 176 177 176 174 176 175 175 175 176 177 177 177 175 176 177 177
 177 176 176 176 175 177 179 179 180 180 178 176 177 176 175 174 176 176
 176  29]","[ 32  30 166 165 165 164 164 167 168 169 169 169 169 171 172 172 171 171
 171 170 171 172 173 172 172 171 171 171 172 172 173 173 170 172 172 172
 172 172 173 173 174 174 174 175 176 176 176 177 174 175 176 177 178 177
 175 174 174 175 175 175 176 176 176 176 173 173 171 171 172 174 175 175
 174 172 171 171 172 171 171 172 171 171 171 173 174 174 173 173 171 172
 173 173 173 173 174 175 174 174 174 174 174 173 173 173 172 171 174 171
 172 175 174 136 120 101  75  73  71  75  80  85  83  83  80  75  72  73
  73  71  73  73  77  81  86  91 105 127 148 136 110  90  94 102 100  88
  95 101 104 116 115 104 101 111  96  83  76  70  71  73  77  80 141 178
 174 175 176 178 178 176 177 177 176 177 177 178 178 178 178 178 178 177
 177 176 175 175 176 177 178 178 179 179 177 176 177 176 175 175 176 177
 177  29]","[ 28  27 166 167 169 166 167 164 168 169 169 168 168 169 170 170 173 172
 172 171 172 173 173 172 172 172 172 173 173 172 171 170 172 173 174 173
 171 170 171 172 172 172 173 174 175 174 174 174 175 175 174 175 175 175
 175 174 176 176 176 175 175 175 175 175 171 170 170 173 175 174 173 172
 174 171 170 171 172 170 169 171 170 170 172 174 174 174 173 173 170 171
 172 171 171 172 173 174 173 173 173 174 173 173 173 173 174 170 174 172
 169 174 182 152 121 112  71  69  69  66  69  72  68  69  71  74  74  72
  70  69  71  71  75  79  82  83  91 108 128 145 131 109 102 101  94  89
 117 138 145 145 141 135 123 116  98  89  82  76  75  74  78  85 153 177
 173 176 175 176 177 176 178 178 178 178 178 178 178 178 176 176 176 176
 176 176 176 175 176 177 177 177 176 176 176 174 176 175 175 175 177 177
 176  29]","[ 31  28 166 164 164 163 164 163 163 165 167 168 168 169 169 169 167 168
 168 168 169 170 171 170 170 170 171 172 173 173 173 173 172 172 172 172
 171 171 172 173 173 172 173 174 174 173 173 173 175 174 174 173 174 175
 175 176 175 175 175 174 174 174 173 173 173 170 168 169 171 171 171 173
 171 170 170 171 171 169 169 170 170 170 172 174 175 173 172 171 174 174
 173 171 171 172 173 173 172 172 173 174 174 173 173 173 172 170 175 175
 172 169 175 150 114 110  68  63  61  60  65  65  68  68  69  71  71  70
  69  69  70  72  74  75  80  85  88  97 109 135 151 146 129 114 105 126
 147 157 156 155 147 132 109  97  94  95  92  85  83  81  79  97 166 177
 172 176 175 175 177 175 176 176 176 175 175 175 175 175 175 175 175 175
 176 176 176 176 175 177 178 177 175 174 174 174 175 175 175 176 177 178
 177  29]","[ 29  27 166 163 163 164 162 164 163 165 166 167 167 167 168 168 166 167
 168 168 169 170 172 173 172 170 169 167 168 169 172 174 172 171 170 171
 171 170 170 170 171 171 171 171 171 171 171 172 170 171 173 173 173 172
 172 172 172 172 173 174 174 174 173 173 170 168 168 169 170 169 169 170
 171 172 172 170 169 170 170 170 169 169 170 173 174 173 172 171 172 172
 171 170 171 171 170 169 170 170 171 173 172 171 171 171 169 172 171 168
 172 171 172 149 110  96  66  62  55  55  60  63  65  66  67  67  67  69
  69  69  72  74  74  72  76  81  85  93 104 120 141 156 151 139 139 167
 168 167 159 146 118  95  85  94 101  99  93  84  81  81  76 115 172 174
 171 175 175 175 177 177 176 176 176 176 175 175 175 175 175 176 176 176
 176 176 175 175 175 177 179 178 175 173 173 174 175 175 176 176 178 178
 177  29]","[ 29  30 162 162 164 166 161 161 161 161 162 162 162 162 165 167 171 171
 170 168 168 169 170 171 173 173 172 172 172 173 175 176 175 173 172 174
 175 175 174 174 170 169 169 170 170 171 172 173 171 172 172 172 172 172
 172 173 173 174 174 175 174 173 172 171 170 169 169 170 171 172 172 173
 175 174 172 170 170 173 173 172 168 168 169 171 173 173 173 173 171 171
 171 172 173 173 171 168 169 170 171 172 172 171 171 171 172 173 168 165
 171 168 174 162 130  95  70  65  57  55  55  58  57  60  63  65  67  68
  69  69  71  72  74  72  73  73  78  91 105 118 127 150 162 160 167 173
 172 148 119  96  81  87  93 101 106  98  91  84  78  76  85 143 173 171
 170 172 173 173 174 175 176 176 176 175 175 175 175 175 173 174 174 174
 174 174 174 175 174 176 177 177 175 173 172 174 174 175 176 176 176 176
 175  28]","[ 30  28 134 131 132 133 133 131 129 129 129 131 132 134 138 142 139 139
 139 138 138 138 136 134 140 143 147 150 151 152 152 152 152 151 153 157
 160 161 161 163 164 163 163 164 165 165 166 167 167 166 165 166 168 169
 169 169 167 167 167 166 165 164 163 162 161 157 152 151 155 160 163 164
 169 167 165 166 170 171 169 166 162 163 164 165 165 165 167 169 170 170
 170 169 169 169 168 167 168 168 169 171 171 171 172 173 172 173 173 173
 173 167 177 168 136  95  76  67  60  56  52  50  51  53  58  63  65  65
  66  69  69  71  73  72  72  72  75  86  95 112 118 135 156 160 163 156
 120  96  83  82  81  95 105 111 109 100  96  89  80  76 108 163 173 171
 171 171 173 174 173 174 174 174 174 174 173 173 174 174 173 174 174 173
 172 173 175 176 176 175 175 176 175 173 173 174 174 175 176 175 175 174
 174  28]","[ 30  27 115 114 113 112 113 107 112 111 111 111 110 109 111 114 110 111
 113 117 119 119 115 110 114 115 118 119 119 118 117 117 116 115 117 119
 120 119 119 120 122 122 122 122 123 123 123 124 122 122 123 127 130 131
 129 126 124 124 125 125 125 124 124 124 125 125 125 128 133 136 133 127
 131 126 126 132 138 137 132 128 127 128 129 128 126 126 129 133 135 134
 132 129 128 128 130 131 138 138 139 141 142 143 145 147 146 148 150 147
 148 155 171 154 105  78  73  64  61  57  55  52  47  47  52  60  62  61
  64  70  69  73  74  70  73  76  74  76  83 100 113 124 152 164 164 165
 130  97  82  89 101 124 129 124 115 103  97  87  79  76 122 161 172 171
 173 172 176 178 176 179 179 179 179 179 178 178 179 179 179 179 178 176
 174 174 176 178 178 176 174 176 176 176 175 175 175 177 178 177 175 174
 175  29]","[ 29  29 114 115 114 114 113 112 114 115 115 114 114 115 116 116 116 115
 115 116 117 118 117 116 118 118 117 116 116 117 117 115 114 115 116 117
 117 118 117 117 116 117 117 118 119 119 119 118 117 119 121 122 120 118
 117 117 119 118 118 118 120 121 121 119 120 122 121 118 117 119 119 119
 121 120 118 117 118 119 119 119 119 120 122 123 122 120 118 117 115 117
 118 118 119 121 121 121 115 116 116 115 115 115 115 115 115 115 125 116
 122 136 158 129  81  65  70  65  60  59  58  53  49  46  48  57  61  61
  63  68  71  73  73  72  71  72  72  72  71  86  97 108 131 153 165 172
 160 144 131 137 148 150 146 140 117 105  90  83  77  81 118 132 131 131
 132 134 137 138 138 137 140 144 147 147 147 148 150 150 148 149 151 150
 160 162 166 165 165 166 164 162 162 162 161 162 162 159 166 167 161 175
 174  29]","[ 29  29 114 114 114 114 113 113 115 115 115 115 115 116 116 116 116 116
 115 116 117 118 118 118 119 119 118 116 116 117 117 116 114 115 116 117
 119 120 120 120 120 120 120 121 122 122 121 120 120 119 118 118 117 117
 118 119 119 118 118 118 120 122 122 121 121 122 122 120 120 121 122 121
 123 122 121 121 122 122 121 121 122 122 122 123 123 123 121 119 119 121
 121 121 121 123 123 122 121 121 121 121 121 121 121 122 126 120 124 123
 122 130 140 117  87  66  68  66  62  59  59  59  54  49  50  56  60  60
  61  64  68  70  72  71  71  71  71  70  71  72  76  91 109 120 134 153
 164 158 148 144 141 134 127 120 110  99  87  84  79  88 115 122 118 118
 119 121 122 123 122 122 121 124 125 124 123 123 124 124 124 124 124 120
 123 121 121 119 124 125 124 123 123 123 123 124 124 129 124 122 125 122
 125  29]","[ 29  29 113 114 114 115 115 114 114 115 115 115 115 116 116 116 116 116
 116 116 117 118 118 119 118 118 117 116 116 117 116 116 114 114 114 116
 118 120 120 121 120 119 118 119 120 120 119 118 120 118 116 116 116 117
 118 120 118 118 118 118 120 121 121 121 120 121 121 120 120 121 122 122
 122 122 122 123 123 123 122 120 123 122 121 122 123 123 121 119 120 122
 122 121 121 122 122 121 121 119 119 121 121 119 119 120 120 121 121 122
 124 151 159 137 104  75  66  64  63  63  63  63  59  54  52  57  60  59
  59  63  66  68  69  69  68  68  67  67  68  68  71  80  90  94 103 117
 126 131 132 130 125 119 116 110  97  88  84  83  81  98 116 119 122 123
 125 125 126 126 126 126 126 128 128 128 127 127 128 128 127 128 127 123
 126 125 126 125 128 130 129 128 129 129 128 130 128 129 124 126 133 128
 127  31]","[ 29  29 114 115 114 115 115 115 114 114 115 115 115 115 115 115 115 115
 115 116 116 116 117 117 117 117 116 115 115 116 116 116 115 114 114 115
 117 118 119 119 120 119 118 118 119 119 119 118 118 117 117 117 118 118
 118 119 118 118 119 119 119 120 120 120 119 120 119 119 119 120 121 121
 121 121 122 122 122 121 119 118 120 119 119 120 121 121 119 117 119 120
 120 120 120 122 122 121 121 118 118 120 120 118 117 119 120 126 122 117
 121 160 164 140 107  84  73  68  66  67  68  67  62  57  55  58  60  59
  61  65  68  68  68  67  66  66  65  65  62  68  72  74  79  82  83  85
  93 100 104 106 106 103  99  92  85  79  81  82  83 108 120 122 122 123
 125 125 124 124 125 126 126 127 127 127 127 128 129 129 126 126 124 120
 121 123 126 128 128 130 129 127 127 127 127 128 128 126 129 129 126 129
 133  26]","[ 30  29 114 115 114 115 115 115 114 114 114 114 114 115 115 114 114 114
 115 116 116 116 116 116 116 116 115 115 116 116 116 116 116 116 115 116
 117 118 119 119 119 118 118 118 118 118 119 119 118 118 118 119 118 117
 117 118 118 119 120 120 120 120 121 120 120 120 119 119 119 120 121 122
 121 122 122 122 121 119 118 118 119 119 120 121 121 120 118 117 120 121
 121 120 120 122 123 122 122 119 119 122 122 119 118 120 119 120 118 116
 123 155 152 132 120 117 112  95  74  67  67  67  64  60  58  59  60  60
  64  69  73  72  69  67  66  66  66  66  65  65  67  70  74  74  75  77
  70  74  77  84  89  89  85  78  78  73  79  80  87 116 121 123 122 123
 124 124 124 123 124 125 126 126 126 126 125 125 125 125 126 127 123 119
 119 121 124 127 129 130 129 127 127 126 125 126 127 127 129 129 128 128
 130  32]","[ 29  29 114 114 114 114 114 114 114 115 115 114 114 115 115 114 113 113
 114 116 117 117 117 116 117 116 115 116 116 116 116 117 116 116 116 116
 117 117 118 119 117 117 117 117 116 117 117 118 119 119 118 118 117 116
 117 118 118 119 119 119 119 120 120 120 121 120 120 120 121 122 122 123
 122 122 122 121 120 118 118 118 120 121 122 122 121 119 118 117 120 121
 120 119 119 121 122 121 120 119 119 121 121 119 118 119 123 121 120 117
 124 151 142 126 121 127 122 100  72  66  69  71  65  61  59  60  60  61
  66  72  76  72  68  66  66  65  66  66  67  65  65  67  69  71  72  73
  74  75  76  81  84  82  79  74  74  69  74  77  95 122 122 122 122 123
 123 123 123 123 123 123 125 125 125 125 125 124 124 125 123 125 122 121
 121 124 125 128 128 130 128 126 126 126 126 127 127 126 127 127 131 131
 127  27]","[ 29  29 114 115 114 115 114 114 115 115 115 114 114 115 115 115 113 113
 114 115 116 117 117 116 118 116 115 116 116 116 116 117 116 116 117 116
 116 116 117 118 118 119 119 118 117 116 117 118 119 117 116 117 117 117
 117 118 118 118 118 118 119 119 119 119 121 120 120 121 122 121 121 121
 122 122 122 121 119 118 118 118 121 121 121 120 119 119 118 119 120 120
 120 118 118 120 121 120 120 120 121 122 121 121 120 120 118 118 117 114
 122 154 143 130 128 124 107  87  66  64  67  68  65  61  59  60  60  62
  67  73  74  70  66  65  65  65  65  64  63  64  65  64  64  67  68  65
  70  72  73  78  81  81  80  76  72  69  72  76 101 123 122 123 123 123
 123 123 124 125 124 124 124 124 125 126 126 125 125 126 126 128 125 126
 125 128 127 129 128 129 127 124 125 126 126 128 131 129 132 127 125 128
 130  30]","[ 29  29 114 116 115 116 115 115 115 115 114 113 113 114 115 115 114 113
 113 114 115 116 116 115 118 116 115 116 116 115 115 115 116 117 118 117
 116 115 116 117 116 117 118 117 115 114 115 116 116 115 114 116 118 119
 118 118 119 119 119 119 119 119 119 118 121 121 121 122 122 121 120 119
 121 122 122 121 119 118 118 119 121 120 119 118 118 119 120 121 121 121
 121 119 119 121 122 122 120 121 122 122 121 120 120 120 121 120 118 118
 124 154 139 130 121 108  86  72  60  61  63  65  64  60  58  59  61  63
  68  74  72  68  64  64  66  66  65  64  64  64  65  65  64  66  68  68
  69  73  73  77  80  81  81  76  73  72  75  76 102 119 119 124 122 122
 122 123 124 125 125 125 125 125 126 127 126 124 124 126 125 128 124 125
 124 129 127 128 127 127 125 123 124 125 126 128 129 125 126 126 128 128
 126  30]","[ 29  30 115 115 114 114 114 115 116 115 114 113 114 115 115 115 113 113
 114 113 114 115 116 117 113 114 115 115 114 114 115 117 116 116 116 117
 116 115 115 117 117 117 117 116 114 113 115 118 116 115 115 117 118 119
 119 118 118 118 118 119 119 118 117 116 117 118 121 123 122 119 117 118
 118 120 120 119 118 117 118 120 119 118 117 118 118 118 119 121 121 120
 120 120 120 121 122 122 121 121 122 121 119 117 118 120 120 123 121 117
 127 151 140 130 117  99  79  74  73  76  71  67  64  62  57  61  64  64
  70  71  71  69  66  65  65  65  65  65  63  64  65  66  66  66  66  66
  69  71  72  74  78  80  79  75  74  73  70  84 117 120 124 121 122 121
 122 123 125 126 127 127 126 126 125 125 125 125 125 125 126 126 125 124
 124 125 126 126 126 125 125 125 126 126 126 125 126 126 124 126 126 126
 126  29]","[ 29  29 115 115 113 113 113 114 115 114 114 114 114 114 114 114 114 114
 114 114 115 115 115 114 113 113 114 115 114 114 115 117 116 116 116 117
 116 114 115 117 117 116 116 116 116 115 115 116 117 117 117 117 118 119
 118 118 117 117 118 119 119 118 117 116 116 117 119 121 120 119 118 119
 118 119 120 120 119 118 118 119 118 117 116 117 119 119 119 120 118 119
 119 120 120 119 119 119 119 119 120 119 118 117 117 119 119 122 121 118
 124 148 139 131 118 105  97  95  96  96  88  73  67  65  59  61  65  66
  71  72  71  69  66  66  65  65  65  65  64  64  65  65  66  67  68  69
  69  70  72  73  76  78  76  73  73  73  73  96 120 123 123 121 122 122
 122 124 125 126 126 126 125 125 125 125 124 124 125 125 125 125 124 124
 124 124 125 125 125 125 125 125 126 126 126 126 126 126 124 126 126 126
 126  29]","[ 29  29 114 114 112 112 113 114 114 114 114 114 114 113 113 113 114 114
 114 114 115 116 114 112 112 112 113 114 114 114 114 115 115 116 116 116
 115 114 114 115 116 115 115 116 117 116 116 116 117 117 117 117 117 117
 117 117 116 117 118 118 118 117 116 115 115 115 116 118 119 118 118 119
 118 119 120 119 119 118 118 118 117 116 116 116 119 121 120 119 117 117
 118 118 119 118 118 118 118 118 118 117 117 116 117 118 118 120 122 121
 124 147 143 137 122 115 115 113 113 107  96  75  67  68  66  67  67  67
  71  72  71  69  67  67  67  66  65  65  65  65  65  66  67  69  70  71
  70  72  73  74  75  76  75  73  74  73  77 105 117 121 121 123 122 122
 123 124 125 125 125 124 124 124 124 124 124 124 124 124 123 123 123 123
 123 124 124 124 125 125 125 125 125 126 126 127 125 126 124 126 125 125
 126  29]","[ 29  29 113 113 112 113 114 114 114 114 115 114 113 112 112 112 113 114
 114 114 115 116 115 113 112 112 113 114 114 114 114 114 113 114 115 116
 115 114 114 115 115 114 114 115 116 116 116 116 116 116 116 116 116 116
 116 116 116 117 117 117 117 116 115 115 115 115 115 116 117 117 117 117
 118 118 118 118 118 117 117 117 117 117 117 116 118 121 121 118 117 117
 117 117 117 118 119 120 119 118 117 117 117 117 117 118 119 118 122 122
 125 149 147 142 131 126 126 125 121 105  86  70  68  74  78  77  72  70
  71  71  71  70  69  69  68  67  65  65  65  65  66  67  69  71  72  72
  72  73  74  75  76  76  75  73  73  76  86 113 116 119 121 123 122 122
 122 123 123 123 123 123 124 123 123 123 123 124 123 123 122 122 122 122
 123 123 123 123 124 124 125 125 124 125 125 126 125 126 124 125 125 125
 126  29]","[ 30  28 112 112 112 114 114 114 114 114 114 113 112 112 112 112 112 113
 114 113 114 114 115 114 112 111 112 113 114 113 113 113 111 112 114 115
 115 115 114 114 114 113 113 114 115 115 115 116 115 115 115 115 115 115
 115 115 115 116 116 116 115 115 115 116 115 115 116 116 116 116 116 115
 117 117 117 117 116 116 116 116 117 118 118 117 118 120 120 119 117 117
 117 117 117 118 119 119 119 118 117 117 118 118 118 119 120 117 121 122
 126 150 148 144 140 139 134 133 120  95  74  73  82  87  89  84  77  75
  74  73  72  71  70  70  69  67  66  66  64  65  67  69  71  72  72  72
  72  72  73  74  75  76  75  73  70  81 101 120 121 121 123 121 122 122
 122 122 122 122 122 122 124 123 123 123 123 123 123 123 122 122 122 122
 122 122 123 123 123 124 124 124 123 123 124 125 125 126 124 125 124 125
 125  29]","[ 30  28 111 111 112 114 114 114 114 114 113 112 111 111 111 111 112 113
 113 112 112 112 113 113 112 111 111 112 113 112 112 112 110 111 112 113
 113 114 114 114 113 113 113 114 114 114 115 116 115 115 115 114 114 114
 114 114 114 115 115 115 115 115 116 117 115 116 116 116 115 115 115 114
 117 117 117 116 115 115 115 116 117 118 118 117 117 118 118 118 116 117
 117 118 118 117 116 116 117 117 116 117 117 118 118 119 119 117 119 121
 128 154 152 147 143 146 140 130 103  79  73  91  99  99  95  84  78  79
  78  76  74  73  71  70  69  67  66  66  64  65  68  71  73  74  73  73
  73  72  72  74  76  76  75  74  73  90 111 118 121 120 123 121 122 122
 122 122 122 122 122 123 123 122 122 122 123 123 123 122 122 122 121 121
 121 122 123 123 123 123 123 123 123 123 123 124 125 126 124 125 124 124
 125  29]","[ 29  28 111 111 110 111 112 113 114 113 112 111 111 111 110 110 111 111
 111 110 110 111 112 111 111 110 109 110 111 111 111 110 110 111 111 111
 111 113 114 114 112 112 112 114 114 114 114 114 115 114 113 113 114 114
 114 114 114 114 114 114 115 115 115 115 114 116 116 115 114 115 115 114
 116 117 117 116 115 114 115 116 117 116 115 116 116 117 117 117 116 117
 117 117 117 116 115 114 116 116 116 117 117 117 117 118 117 118 118 118
 128 155 151 147 142 138 131 113  87  76  90 109 105 104 100  85  78  81
  80  80  76  74  72  70  68  67  66  67  67  68  70  72  73  74  74  74
  74  73  74  75  76  76  76  76  81 100 115 115 119 120 120 121 121 122
 122 122 122 122 122 123 122 122 121 121 122 123 122 122 122 122 122 122
 122 122 123 123 122 122 122 122 123 124 124 124 124 125 124 125 124 124
 125  29]","[ 29  28 112 110 108 109 110 112 114 113 112 111 111 110 110 109 110 109
 109 108 110 111 111 109 111 109 108 109 110 110 110 109 111 112 110 109
 110 112 114 114 112 112 112 114 115 115 114 113 113 112 112 112 114 115
 114 114 115 114 114 114 115 115 114 113 114 115 116 115 114 114 115 115
 116 117 118 117 115 114 115 116 117 114 113 114 116 116 116 116 117 117
 116 116 115 115 116 116 116 116 116 117 117 116 116 117 116 118 116 115
 125 150 144 140 138 123 115  99  86  91 112 117 102 105 104  89  79  81
  81  82  76  75  72  70  68  66  66  67  70  71  72  73  73  73  74  74
  74  74  75  76  76  76  76  77  87 109 120 118 123 123 117 120 120 121
 122 122 122 121 122 122 122 121 120 121 122 122 122 121 121 121 122 122
 122 122 122 122 122 121 121 122 123 124 125 125 124 125 123 125 123 124
 125  29]","[ 29  30 110 109 108 108 110 110 112 111 110 109 109 109 109 110 109 109
 109 108 108 108 109 109 108 109 109 108 109 110 110 109 111 111 110 109
 111 112 113 112 111 111 113 114 114 113 112 112 111 110 109 110 113 115
 115 114 114 114 114 114 115 115 114 114 112 113 114 114 114 114 114 114
 114 115 116 117 116 115 114 114 116 115 113 113 114 115 116 116 115 116
 116 117 117 116 115 114 115 116 117 117 116 116 116 116 115 117 116 115
 124 141 145 137 126 117 102  88  94 117 123 115 106 110 105  88  77  85
  80  80  73  71  69  68  69  69  67  65  69  70  72  73  74  74  75  74
  75  76  74  74  75  76  78  77  97 112 119 117 120 121 119 119 120 121
 122 123 122 121 121 121 119 119 119 120 122 122 122 121 121 122 122 122
 122 122 123 123 123 122 122 122 123 124 124 124 124 124 123 123 123 123
 122  29]","[ 30  29 109 108 108 108 109 108 109 109 108 108 107 107 107 107 108 108
 108 108 108 109 109 109 110 110 109 108 108 109 109 109 110 110 109 108
 109 111 111 110 111 111 112 113 113 112 112 112 111 110 109 109 110 112
 113 112 112 112 112 112 113 114 113 112 111 113 114 114 114 114 114 114
 112 113 115 115 115 113 114 115 114 113 113 113 113 114 114 114 115 116
 116 116 116 116 115 115 115 115 116 116 116 116 116 115 115 116 115 115
 122 136 139 132 125 117  98  96 112 133 126 115 117 115 100  85  88  90
  84  81  72  70  67  66  67  68  67  66  69  71  73  73  74  76  76  76
  75  76  76  76  76  76  76  76 101 113 117 116 118 120 118 119 120 121
 121 121 121 120 119 119 119 118 118 119 121 122 122 121 121 121 121 121
 121 122 122 122 123 122 122 122 122 123 123 123 122 122 122 122 122 122
 121  29]","[ 29  29 109 108 109 109 109 108 107 107 108 108 107 107 106 106 106 106
 107 107 107 108 108 109 109 110 109 108 108 109 109 109 110 110 109 108
 109 110 110 110 111 110 110 111 112 112 112 112 111 110 108 108 108 109
 110 110 110 109 109 110 112 113 112 111 111 112 114 113 112 112 113 113
 112 113 114 115 114 113 114 115 113 113 113 114 114 114 113 113 115 115
 115 115 115 115 115 115 115 115 115 115 116 116 115 115 116 116 115 115
 120 130 133 127 120 115 100 110 126 133 119 118 124 113  88  85 102  95
  87  80  71  69  66  65  66  68  69  69  70  73  74  73  74  77  78  77
  76  77  77  76  76  76  77  81 109 116 117 115 118 118 118 120 120 121
 121 121 120 119 119 119 119 119 119 119 121 122 122 121 120 120 120 119
 120 121 122 122 122 121 121 121 122 122 122 122 121 122 121 122 122 122
 121  29]","[ 29  29 108 107 108 109 110 108 105 106 107 108 107 107 106 106 104 105
 105 105 106 106 107 107 107 108 108 108 108 109 109 109 109 109 109 109
 109 110 110 109 108 108 108 110 111 111 111 112 111 110 109 108 107 108
 109 109 110 109 109 110 112 113 112 111 111 112 113 112 111 111 112 112
 113 114 115 115 114 112 113 115 113 114 114 114 114 114 114 114 115 115
 115 114 114 114 114 114 114 115 115 115 115 115 115 115 116 115 115 116
 118 124 127 125 120 115 111 126 129 117 111 125 124 106  85 100 118 104
  94  82  69  67  65  64  66  67  68  69  70  73  75  73  74  77  78  76
  76  76  76  74  75  76  80  90 115 117 117 116 118 117 117 120 119 119
 120 119 119 119 119 119 121 121 120 120 121 122 122 121 119 119 119 119
 120 122 122 122 121 121 120 121 121 122 122 122 122 122 122 122 122 122
 122  29]","[ 29  28 106 105 106 107 108 107 105 105 106 106 106 105 105 105 104 104
 104 104 105 105 105 105 105 106 107 108 108 108 108 108 107 107 108 108
 109 110 109 108 106 106 107 108 110 110 109 109 109 110 110 109 108 108
 109 110 111 110 110 111 112 112 111 111 111 112 113 112 110 110 110 111
 112 113 114 114 113 112 112 113 113 113 113 113 113 114 115 115 116 115
 115 114 114 114 114 114 113 114 115 115 114 113 114 115 114 114 115 115
 115 118 122 123 117 110 117 129 121 101 109 123 113  92  88 119 124 106
  93  79  66  65  64  64  65  66  66  66  68  72  75  74  75  78  79  76
  76  75  75  73  74  76  82  97 116 117 117 117 118 117 117 118 118 118
 118 118 118 119 119 119 122 121 121 121 121 121 121 121 118 118 118 118
 120 122 123 122 120 120 120 120 121 122 122 122 122 122 122 122 122 122
 121  29]","[ 30  29 106 103 104 105 106 105 105 105 106 105 104 103 103 103 104 104
 104 105 105 104 104 104 104 106 107 106 106 106 106 106 105 106 107 108
 109 109 109 108 107 107 107 109 109 109 108 107 108 109 110 110 109 109
 109 110 110 110 110 111 111 111 111 110 111 112 112 111 109 109 110 111
 111 111 113 114 113 112 113 113 113 113 112 112 112 113 114 115 115 115
 115 114 114 114 114 114 112 113 114 114 113 112 113 115 114 114 114 115
 114 115 118 117 108 107 119 120 106  93 111 116 106  87 102 136 127 110
  94  78  64  64  65  65  66  66  65  65  67  71  74  74  76  78  79  77
  76  75  77  74  75  75  80 100 116 116 117 118 118 118 118 118 118 118
 118 118 118 118 118 118 119 120 120 120 120 120 120 120 117 118 118 119
 120 121 122 122 119 119 119 120 121 122 122 122 122 122 122 122 121 121
 121  29]","[ 30  29 106 103 103 104 105 104 103 104 105 105 104 103 103 104 104 104
 104 104 104 104 104 104 104 105 106 105 104 104 105 105 105 106 107 107
 107 108 108 108 107 107 107 108 109 108 106 105 106 107 109 110 109 109
 109 109 110 110 110 111 110 110 110 110 110 111 111 110 109 110 111 111
 111 111 111 112 112 112 112 113 114 113 112 112 112 113 113 113 113 113
 113 114 114 114 114 114 112 113 113 113 113 113 113 114 115 114 114 115
 114 114 112 109 104 108 115 109  93  88 109 109  95  81 110 134 121 107
  89  72  64  65  65  65  66  66  66  66  68  71  74  76  77  78  78  77
  76  76  78  75  76  76  81 104 116 115 117 118 117 118 118 118 119 118
 118 118 118 118 117 116 118 118 119 119 119 119 119 119 116 117 118 119
 119 120 120 120 119 119 119 119 120 121 121 120 121 121 121 122 121 121
 120  29]","[ 28  27 105 102 103 103 104 103 101 103 104 104 104 103 103 104 103 103
 104 104 104 104 103 103 105 105 105 104 103 103 105 106 105 105 105 104
 105 106 106 106 106 105 105 106 107 106 105 104 105 107 108 109 109 109
 109 109 109 110 111 111 110 110 110 110 110 110 110 109 109 111 112 112
 111 110 109 110 110 110 110 111 115 113 112 111 112 112 112 111 111 111
 112 112 113 114 114 114 114 113 112 113 114 115 114 114 115 113 113 114
 114 112 108 101 103 105 102  95  82  82  99  97  89  79 115 128 117 106
  88  71  64  64  64  64  64  65  66  67  71  73  75  76  77  77  76  76
  77  77  79  75  76  77  83 109 116 115 116 116 115 116 117 116 117 117
 117 117 118 117 116 115 118 118 119 119 119 118 118 117 116 117 118 118
 118 118 118 118 119 118 118 119 119 120 119 119 118 119 120 120 119 119
 119  28]","[ 28  30 103 103 102 102 102 102 103 103 103 103 103 102 102 103 102 103
 102 102 101 102 103 102 104 103 104 104 105 105 105 105 105 104 104 104
 105 106 105 104 105 105 104 103 104 106 106 106 105 106 107 108 108 108
 108 109 110 109 109 110 110 109 109 110 111 111 110 108 108 110 111 111
 109 110 110 109 108 108 110 111 112 112 111 112 112 112 112 111 111 112
 113 112 112 113 114 115 112 113 114 114 114 113 114 114 113 113 113 113
 115 112 104  96  97  99  92  85  79  82  93  94  82  74 115 121 112 100
  90  71  65  64  63  63  64  65  66  68  71  73  75  76  76  75  76  76
  77  78  77  77  77  82  85 109 115 115 115 115 116 116 116 116 117 118
 118 118 118 117 116 115 118 118 118 119 119 118 118 117 118 118 117 117
 116 116 118 119 118 118 118 119 119 119 119 118 118 120 121 121 119 117
 118  28]","[ 29  30 102 101 101 102 103 103 102 101 101 102 102 101 101 102 102 103
 103 102 103 103 104 103 104 103 103 103 104 104 104 105 105 105 105 105
 105 105 105 105 105 105 104 104 104 105 105 104 104 106 107 108 108 108
 108 108 108 107 108 108 109 109 109 110 110 109 109 108 108 108 109 109
 109 110 110 109 108 107 107 108 110 110 111 111 112 112 111 111 111 112
 112 112 112 113 113 113 112 113 113 113 113 112 113 114 114 114 114 114
 114 112 104  95  89  88  81  77  75  79  87  85  76  68 109 111 101  92
  83  73  68  66  65  65  65  66  68  70  70  72  74  76  76  76  77  77
  77  76  75  76  78  80  88 110 115 115 115 115 116 116 116 116 117 118
 118 118 118 117 116 116 117 117 117 118 118 118 118 117 117 117 117 117
 117 117 118 119 119 118 118 118 119 118 118 117 118 119 120 120 118 117
 118  30]","[ 29  29 100  99  99 100 102 102 101 101 101 101 101 101 101 102 102 102
 102 101 102 102 102 102 103 103 102 102 102 103 104 104 105 105 105 105
 105 105 105 105 105 105 105 104 104 105 105 104 104 105 107 108 108 107
 107 107 106 106 106 107 107 108 109 110 109 108 109 110 109 108 107 107
 109 109 110 109 108 107 107 107 107 109 110 111 112 111 111 111 112 112
 112 112 112 112 112 111 111 112 112 112 111 111 111 112 112 114 114 112
 113 111 103  94  85  81  75  74  74  77  82  80  69  61 101 102  94  86
  76  71  69  67  65  65  65  65  67  70  70  72  75  76  77  77  77  77
  77  76  73  75  79  77  92 111 114 114 115 116 116 116 116 116 117 117
 117 117 117 117 117 117 116 116 116 117 118 118 117 117 115 116 116 116
 117 117 118 119 117 116 116 117 118 119 119 118 117 118 118 119 116 116
 118  29]","[ 29  29 100  98  97  98 100 100 101 100  99 100 101 101 102 103 102 101
 100  99  99 100 100 100 102 102 102 102 102 102 103 103 102 103 104 104
 103 103 104 105 105 105 105 105 105 105 105 105 105 105 106 106 106 106
 105 105 105 105 105 105 105 106 107 108 109 108 108 110 110 107 106 107
 108 109 109 109 109 108 108 108 107 109 111 112 112 111 111 111 113 113
 112 112 112 112 112 111 111 111 111 111 110 110 110 111 110 113 113 111
 111 111 105  97  85  80  77  76  74  74  78  79  69  59  87  91  88  82
  73  67  68  66  65  65  64  64  66  68  72  73  75  77  77  76  76  76
  75  75  72  75  78  74  95 110 113 114 115 116 116 115 115 115 116 116
 117 117 117 117 117 117 116 116 116 116 117 117 117 116 115 115 115 116
 116 117 117 118 116 116 115 116 118 119 119 119 117 118 118 118 116 115
 117  28]","[ 29  29 101 100  98  98  98  99  98  97  97  97  98  99 101 102 101 100
  99  97  98  99 100  99 101 102 102 102 101 102 103 103 101 102 103 103
 102 102 103 105 105 105 105 104 104 105 105 105 105 105 105 105 105 105
 105 104 105 105 105 105 104 104 105 106 109 107 107 109 109 106 105 107
 107 108 108 108 108 108 108 109 108 109 110 111 111 111 111 112 114 114
 112 111 111 111 111 111 110 110 110 110 110 110 110 111 111 113 113 111
 111 112 108 102  90  81  76  75  72  70  71  74  72  63  73  77  79  74
  72  66  67  65  65  65  65  64  65  67  72  73  75  76  76  75  74  74
  72  73  72  75  76  75  99 110 112 114 115 115 115 114 113 113 115 115
 116 116 117 116 116 116 115 115 115 116 116 117 117 117 115 115 116 116
 116 117 117 116 118 117 116 116 117 117 117 116 117 118 118 118 117 116
 118  29]","[ 28  29 101  99  97  96  97  97  97  96  96  96  96  97  99 101  99  99
  97  96  97  99 100  99  99 101 102 101 101 102 102 102 102 103 103 102
 102 101 102 103 104 105 104 103 103 103 104 104 104 103 103 104 104 105
 105 105 105 105 105 105 104 104 104 105 109 107 107 108 108 107 106 107
 108 108 109 109 109 109 109 109 108 108 109 109 109 110 110 111 113 113
 111 110 109 110 110 110 109 109 109 109 110 110 111 112 112 112 112 110
 111 111 109 106 100  82  73  72  71  69  66  69  72  69  71  74  75  68
  70  66  66  65  65  66  65  64  65  67  71  72  74  75  75  74  73  72
  70  73  73  75  74  81 105 112 112 113 114 115 114 114 113 112 114 115
 115 116 116 115 115 115 113 114 114 115 116 117 117 118 117 117 116 116
 117 117 116 116 117 117 116 116 116 117 117 117 116 116 117 118 117 116
 118  29]","[ 29  28  98  96  95  96  96  96  96  96  96  96  95  95  97  99  97  97
  96  95  96  98  98  98  98 100 101  99  99 101 102 101 102 102 102 102
 101 101 102 103 103 104 104 103 103 103 104 104 103 103 103 104 105 105
 105 105 105 105 106 106 106 105 105 107 108 107 107 107 107 107 107 107
 108 108 109 109 110 109 108 108 107 107 107 108 109 110 110 110 112 112
 111 109 109 109 110 110 109 109 109 109 109 110 111 112 111 110 110 110
 110 110 109 108 107  84  71  70  71  68  65  68  71  72  74  74  74  68
  67  66  65  65  65  65  65  64  66  68  71  72  74  75  75  74  72  71
  71  74  73  74  72  88 110 113 113 113 114 114 115 114 114 113 115 115
 115 115 114 114 114 114 113 114 115 115 115 115 117 118 118 117 116 116
 116 116 116 116 114 115 116 116 116 116 117 118 116 115 115 116 115 116
 118  29]","[ 30  28  96  95  95  97  97  96  96  96  97  97  95  94  95  97  97  96
  96  96  97  98  97  96  97 100 100  98  98 100 101 101 101 101 101 101
 101 101 102 102 102 103 104 104 103 104 104 104 103 103 104 104 105 105
 105 104 104 105 106 107 107 106 107 108 106 106 106 106 106 107 107 107
 106 107 108 109 109 109 107 107 107 107 107 108 109 110 110 110 111 112
 111 110 109 109 110 110 110 109 109 109 109 110 110 111 111 109 109 110
 110 110 110 110 108  83  70  68  68  65  62  68  73  72  74  69  70  69
  65  66  66  65  65  66  65  65  67  70  72  73  74  75  75  74  72  71
  72  74  72  72  70  92 111 112 113 113 113 114 115 115 114 114 115 115
 114 114 114 114 114 114 114 115 115 115 114 114 115 116 117 116 115 115
 115 115 115 115 115 116 116 116 116 115 116 116 117 116 115 116 115 115
 118  29]","[ 29  30  95  97  95  96  96  97  98  98  98  97  97  97  97  96  97  97
  97  97  97  96  96  97  98 100 101  99  98  99 101 102 101 101 101 101
 102 102 102 103 102 102 102 102 103 105 104 102 103 104 104 105 105 105
 105 105 105 105 105 105 107 107 108 107 106 108 109 108 107 106 107 109
 107 108 108 108 108 108 109 109 109 107 106 107 109 109 109 110 112 110
 109 109 110 110 110 109 109 109 109 108 109 110 110 110 110 109 109 109
 110 110 110 110 108  85  65  66  65  65  64  68  71  72  73  72  69  67
  65  64  65  65  65  65  64  65  69  72  73  74  75  74  73  72  71  69
  73  72  73  73  75  96 108 111 113 111 112 114 115 114 114 114 114 114
 114 115 115 114 113 114 114 114 114 115 114 115 115 115 115 115 115 114
 115 116 116 115 114 114 115 116 115 115 115 116 117 116 116 115 115 115
 115  29]","[ 29  29  95  97  95  95  95  97  97  97  97  96  97  97  98  97  97  97
  97  97  97  97  98  99  97 100 102 101 100 100 101 100 101 101 102 102
 101 101 101 102 103 103 102 102 103 104 104 102 104 104 104 104 104 104
 104 105 105 105 106 106 107 107 107 106 106 107 108 107 106 106 107 108
 108 108 108 108 108 108 109 109 108 107 106 107 108 108 109 110 110 110
 108 107 107 108 109 109 109 110 110 109 109 109 109 109 109 109 109 109
 109 109 109 108 104  88  66  65  65  65  64  64  68  70  72  72  71  69
  66  64  65  65  65  65  65  67  70  73  74  75  75  74  73  72  71  70
  71  71  73  73  76  97 108 110 111 110 110 113 114 113 113 113 113 113
 114 114 114 114 114 114 113 114 115 114 113 113 113 114 114 114 114 113
 114 115 115 115 114 114 114 114 114 113 114 115 116 115 115 114 114 115
 115  29]","[ 29  29  95  97  95  95  95  96  96  96  96  96  96  97  97  97  96  96
  97  97  97  98  99 100  97  99 101 101 100 100 100  99 100 101 102 102
 101 101 100 101 103 103 102 102 103 104 103 102 104 104 104 103 103 103
 104 105 106 106 106 106 107 107 106 105 105 106 106 106 106 106 106 107
 108 108 108 108 108 108 109 109 109 108 107 108 108 108 109 110 109 109
 108 106 105 105 107 109 109 110 110 109 108 108 108 108 109 109 109 110
 110 109 108 107 102  93  68  63  65  65  65  63  65  67  71  73  73  71
  69  66  65  65  65  65  66  67  69  72  73  74  75  74  73  72  71  71
  71  71  72  73  77  98 108 111 111 110 110 112 113 113 112 111 112 112
 112 113 114 113 113 114 113 114 115 114 113 112 113 114 114 114 114 114
 114 115 115 114 113 113 113 113 113 113 114 115 114 114 114 114 114 115
 115  29]","[ 29  29  95  96  95  95  94  95  95  96  96  95  94  95  96  96  94  95
  95  96  96  97  98  99  97  98  98  98  97  97  98  99  99 100 101 101
 101 100 100 100 102 102 102 102 103 103 104 104 103 103 103 103 103 103
 104 105 106 105 105 105 106 106 105 105 105 105 105 106 106 106 107 107
 107 107 107 107 107 108 108 108 109 108 108 108 108 108 108 108 109 109
 108 107 106 106 107 108 108 110 110 109 108 108 108 107 108 108 108 109
 109 109 108 108 103  98  69  60  65  64  66  63  63  66  69  72  73  73
  71  69  67  66  65  65  65  66  67  68  71  72  73  72  72  71  71  70
  72  71  71  73  79  99 108 111 111 111 111 112 113 112 111 110 111 111
 111 112 112 112 112 112 112 113 114 114 113 112 113 114 113 114 114 114
 115 115 114 113 112 112 113 114 114 114 115 116 114 113 114 113 113 114
 114  29]","[ 29  29  94  96  94  95  94  94  94  95  95  94  94  94  94  94  93  94
  95  96  96  96  97  97  96  96  96  96  95  95  96  97  97  98  99 100
 100 100 100 101 101 101 101 102 103 103 103 103 103 103 103 103 103 103
 103 104 105 104 104 104 104 105 105 105 105 105 105 106 107 108 108 108
 106 106 106 107 107 107 107 107 106 107 107 107 107 107 107 107 109 108
 108 108 108 108 108 107 108 109 109 109 108 108 108 107 107 107 107 107
 108 108 108 108 105 100  68  56  63  60  64  64  65  67  69  71  72  73
  72  70  70  68  66  65  65  65  65  65  67  69  70  71  71  70  70  69
  71  72  72  75  82 100 107 109 110 111 111 111 111 111 110 109 111 111
 111 112 112 111 111 111 113 113 113 113 113 113 113 113 111 112 113 114
 115 115 113 112 111 112 113 115 115 115 115 115 114 114 114 113 113 113
 113  28]","[ 29  29  93  95  93  94  93  94  92  93  94  94  94  94  94  93  93  94
  95  96  96  96  96  97  95  95  96  97  97  95  95  96  96  96  97  98
  99 100 101 101 101 100 100 102 103 103 102 102 103 103 103 103 102 102
 102 103 104 104 103 103 103 104 105 105 104 104 104 105 106 107 107 107
 105 106 106 107 107 107 106 105 105 105 106 106 106 107 107 107 108 107
 107 108 110 110 108 107 107 108 108 108 108 108 108 107 106 106 106 107
 108 108 108 108 107 100  73  57  61  58  62  63  68  69  71  72  73  73
  73  72  71  69  66  65  65  65  65  65  65  67  69  70  70  69  69  68
  69  71  73  77  86 102 105 107 110 111 111 111 110 111 111 111 112 112
 112 112 112 111 111 111 115 114 113 113 114 114 113 112 110 111 113 114
 115 115 113 112 111 111 113 115 115 114 113 114 115 114 114 113 112 113
 113  28]","[ 30  29  92  94  92  93  92  93  91  92  93  93  94  94  94  93  94  94
  95  96  96  96  96  97  96  96  97  98  98  96  95  96  96  96  96  97
  99 100 101 101 100  99  99 102 103 103 102 101 103 103 103 102 101 101
 102 103 104 103 103 103 103 104 105 105 104 104 104 104 104 105 105 106
 105 105 106 107 108 107 106 105 105 106 106 106 107 108 108 106 107 106
 105 106 108 109 108 107 107 107 107 107 107 108 107 106 106 106 106 107
 108 108 108 108 106 102  82  62  61  57  60  61  67  69  71  72  73  73
  73  72  72  69  67  66  65  65  66  66  65  67  69  69  69  69  68  67
  68  71  72  77  86 101 104 107 109 111 112 110 110 110 112 112 112 111
 112 112 112 111 111 111 114 114 113 113 113 113 113 113 111 112 113 113
 114 114 113 111 110 111 112 114 114 113 113 113 115 114 114 112 111 112
 113  29]","[ 29  28  92  93  91  92  92  92  91  92  93  94  95  95  94  92  94  94
  95  95  95  96  96  97  97  96  97  98  97  96  96  97  96  95  95  96
  98 100 101 100  98  97  98 101 104 103 102 101 103 103 102 101 100 101
 103 104 104 104 103 103 104 104 104 104 105 105 105 105 105 105 105 105
 105 106 107 108 109 108 106 104 105 106 106 106 106 108 107 104 105 105
 104 104 106 107 107 107 108 107 106 106 107 108 107 106 105 105 106 107
 107 108 107 106 105 103  89  66  61  57  58  58  62  65  68  70  71  71
  71  70  72  69  67  65  65  65  66  67  67  68  69  69  69  69  68  67
  69  71  71  74  84 100 104 109 109 111 111 109 108 109 111 111 111 110
 111 112 112 111 111 111 111 111 112 112 111 111 112 112 112 113 113 112
 112 112 111 110 109 110 111 113 113 113 113 114 114 114 113 112 111 112
 114  29]","[ 29  30  90  90  90  91  92  93  92  92  92  93  94  94  93  91  94  95
  95  95  95  95  96  97  96  96  96  96  96  97  97  96  95  95  96  97
  99  99  98  97  97  96  98 101 103 102 101 101 103 102 102 102 101 101
 103 105 104 104 104 104 104 104 104 105 106 105 104 104 104 104 105 105
 106 107 108 108 108 107 106 104 105 106 106 105 105 105 105 105 106 104
 104 104 105 105 106 106 106 106 105 105 105 105 106 107 105 106 107 107
 107 108 108 107 106 102  97  74  55  58  60  57  58  65  69  69  68  70
  69  67  67  67  66  65  65  66  66  66  68  68  68  69  70  71  70  68
  66  71  72  73  84  98 106 107 111 111 110 109 110 111 110 109 110 111
 111 112 111 111 111 111 111 112 112 111 110 110 112 114 115 113 112 111
 111 111 111 110 111 113 113 112 111 112 114 115 114 114 113 113 114 114
 113  29]","[ 29  30  90  90  90  90  90  90  90  91  92  92  92  92  92  92  94  95
  95  95  95  96  97  97  97  97  97  97  97  97  97  96  95  95  96  97
  98  98  97  97  95  96  98 100 101 101 101 102 102 102 101 101 101 102
 103 105 103 103 103 104 104 104 104 104 105 105 104 104 104 104 105 105
 104 105 105 106 106 106 105 105 105 106 106 105 105 105 105 104 105 104
 104 104 105 105 105 106 105 105 105 105 106 106 106 105 104 106 107 106
 106 107 107 106 105 103 101  86  65  57  57  56  59  63  68  69  68  68
  67  67  66  66  65  65  65  66  66  66  66  66  67  68  69  70  69  68
  68  71  73  74  83  97 106 108 110 110 109 109 109 110 110 109 108 109
 110 111 111 111 111 110 111 111 111 109 108 109 111 113 112 112 111 111
 111 111 111 111 113 113 113 112 111 112 113 114 114 114 113 112 113 113
 113  30]","[ 29  29  89  90  90  90  89  88  90  91  92  92  91  90  92  93  95  95
  95  95  95  95  97  97  96  96  96  97  97  97  97  96  95  96  96  97
  98  98  97  97  97  99 100 101 100 101 101 101 102 101 101 101 102 102
 103 105 103 103 104 105 105 105 105 105 104 105 104 104 104 105 105 105
 103 104 104 104 104 105 105 105 105 106 106 105 105 105 105 104 105 105
 104 105 105 104 105 106 105 105 105 106 107 108 106 105 105 106 106 106
 105 105 105 105 104 103 104  98  77  58  56  57  59  61  65  68  68  65
  65  66  64  65  65  65  65  65  66  66  64  65  65  66  68  70  70  69
  68  70  72  74  79  93 106 108 109 110 109 109 110 110 110 109 109 110
 111 112 113 113 112 111 112 112 111 110 109 110 112 114 111 112 112 112
 112 112 111 111 113 113 112 111 112 113 114 114 114 113 112 111 112 111
 111  29]","[ 29  29  89  90  91  91  90  89  91  92  93  92  90  89  90  92  95  95
  95  95  95  95  96  96  94  94  95  96  97  97  96  96  95  96  97  97
  97  97  97  97  99 101 102 101 101 102 102 101 102 101 101 101 102 102
 102 103 103 104 104 105 105 105 105 104 104 105 105 105 105 105 105 106
 104 104 105 105 105 104 105 105 105 106 106 105 105 105 105 105 106 106
 106 106 105 104 105 106 106 105 105 106 107 107 106 106 106 106 106 105
 105 105 105 104 104 104 103 104  86  63  59  60  60  61  63  66  67  66
  65  65  65  65  65  65  64  65  65  65  65  65  65  66  67  69  70  70
  68  67  70  72  76  91 105 107 110 111 110 110 110 111 111 111 112 112
 113 114 114 114 113 112 113 112 111 111 112 113 115 116 111 113 114 114
 113 111 111 111 111 111 112 111 112 112 113 113 113 112 111 111 111 110
 111  28]","[ 29  29  88  89  90  91  91  90  91  92  93  92  90  89  89  90  93  94
  95  96  96  96  96  96  94  94  95  96  96  97  96  95  95  96  97  97
  97  96  97  98  97  99  99  99 100 103 103 101 101 100 100 101 101 101
 102 102 102 102 103 104 104 103 103 102 104 104 105 105 105 105 105 105
 104 105 106 106 106 105 105 105 105 105 105 105 105 105 105 105 105 105
 105 105 105 104 104 105 105 105 105 105 105 105 107 108 108 107 105 106
 107 107 106 104 106 105 103 104  93  72  65  61  62  62  63  65  68  69
  67  64  65  65  65  64  64  64  65  66  66  66  65  65  66  68  69  69
  69  66  69  72  77  91 105 108 111 111 111 110 110 111 112 112 114 114
 113 113 113 113 112 112 112 111 111 111 111 112 113 114 111 112 114 114
 112 111 110 110 108 110 112 112 111 111 111 112 113 112 112 112 112 111
 111  29]","[ 29  29  87  88  89  90  90  90  91  91  91  91  90  90  89  89  91  92
  94  96  96  96  96  96  95  95  96  96  96  96  96  95  94  95  96  96
  96  96  97  98  97  97  97  97  99 100  99  98  98  98  99 100 100 100
 101 101 102 102 103 103 103 103 103 102 104 105 106 106 105 104 105 105
 104 104 106 108 107 105 104 105 104 105 105 104 105 105 106 105 104 103
 104 105 105 104 105 106 105 105 106 105 105 106 108 110 110 107 106 106
 108 108 107 106 108 106 105 106 100  85  72  64  63  63  63  65  69  71
  69  65  66  66  66  65  64  65  66  66  67  67  65  64  65  66  67  68
  69  67  69  73  78  90 103 107 110 111 111 110 110 111 111 111 114 113
 113 112 112 111 111 111 111 111 110 110 110 110 111 111 110 111 112 112
 111 110 110 110 108 111 112 111 109 109 109 110 111 110 111 111 112 110
 110  29]","[ 29  29  87  88  88  89  90  90  91  91  90  90  91  91  91  91  91  92
  94  95  96  96  96  96  96  96  96  96  96  96  96  95  95  95  96  96
  97  97  98  99 100  99  99 100  99  98  97  97  99 100 101 102 102 101
 101 102 103 103 104 104 105 105 105 105 105 106 107 107 106 105 105 106
 105 105 107 108 107 105 104 105 105 105 106 106 106 107 107 107 106 105
 106 107 107 107 106 107 107 108 108 108 108 108 109 110 110 108 107 108
 108 108 108 108 109 107 108 109 107  97  80  73  66  64  65  68  71  72
  71  69  69  70  70  68  66  66  66  67  67  67  66  65  64  65  66  66
  68  69  70  73  79  88  99 105 108 110 110 110 109 110 110 110 111 111
 111 111 111 111 111 111 112 111 110 109 109 109 110 110 109 110 110 110
 109 109 110 110 110 111 111 110 109 109 109 109 110 108 108 109 110 108
 109  29]","[ 29  29  88  89  89  90  91  91  92  92  91  91  91  91  92  92  92  93
  95  95  95  95  95  95  96  96  95  96  96  96  96  96  96  96  96  97
  98  99  99 100 101 101 102 103 102  99  99 100 103 103 105 105 104 103
 104 105 104 104 105 105 106 107 107 107 107 108 109 109 108 107 107 107
 107 107 108 109 108 105 104 105 106 106 107 107 108 109 109 109 110 109
 109 109 110 109 108 108 109 109 109 110 110 109 108 108 109 108 108 108
 108 107 108 110 109 107 111 111 111 104  88  83  69  66  67  72  74  73
  72  74  73  74  74  71  69  67  67  67  67  68  67  66  65  66  66  65
  68  71  72  74  80  87  96 104 107 109 110 110 110 109 109 108 108 109
 110 110 110 110 110 111 111 111 110 109 108 109 110 111 109 110 110 109
 109 109 110 111 111 111 110 109 109 109 110 110 110 108 108 109 109 108
 109  29]","[ 29  27  91  89  90  90  93  93  93  93  93  92  93  93  93  93  95  95
  94  93  94  95  97  98 100  98  96  96  97  98  98  97  99 100 101 101
 100 101 102 104 103 102 104 105 105 104 104 106 105 105 106 108 109 109
 108 108 107 107 107 108 110 110 110 110 110 110 110 110 110 110 110 109
 109 109 108 108 109 109 108 107 108 108 108 109 109 109 110 111 111 111
 111 110 110 111 110 109 109 109 109 110 110 109 108 109 109 109 109 108
 108 108 108 109 108 106 107 108 108 107  99  85  80  76  75  76  75  74
  75  75  76  76  76  74  71  71  71  69  67  67  67  65  65  65  65  65
  67  70  73  74  76  84  97 107 108 110 110 110 111 110 109 109 109 109
 109 109 109 109 110 110 111 110 109 109 109 110 110 111 109 109 109 109
 110 110 110 109 109 109 109 109 110 110 110 109 109 109 108 108 108 109
 107  30]","[ 30  28  92  90  91  92  94  95  94  94  94  93  93  94  94  94  95  95
  95  96  97  99 100 101 102 101 100 100 102 103 103 102 102 103 104 104
 104 104 106 107 105 105 106 108 108 107 106 107 106 107 108 109 110 110
 110 109 109 109 109 109 110 110 110 109 110 110 111 111 111 111 110 110
 110 109 109 110 110 110 110 109 108 108 109 110 110 109 109 110 110 111
 111 110 110 111 110 110 108 108 108 109 109 109 108 108 109 109 109 109
 108 107 107 107 106 105 107 109 110 109 101  86  85  81  81  82  80  78
  79  79  80  78  78  75  73  72  72  69  67  67  66  65  65  65  65  65
  65  67  70  71  74  82  94 104 106 109 109 109 110 109 109 110 110 110
 110 109 109 109 110 111 111 110 109 110 110 110 110 110 109 109 109 109
 110 110 110 110 108 108 108 108 109 110 110 109 108 108 108 109 108 109
 107  30]","[ 29  29  94  93  93  93  96  96  98  97  97  97  97  96  97  97  97  98
  99 101 102 103 103 103 104 103 103 104 105 106 105 104 104 104 105 106
 106 106 107 108 107 107 107 109 109 108 108 107 107 108 109 109 110 110
 110 110 110 110 110 110 110 109 109 109 111 111 110 110 110 109 109 109
 110 109 109 109 110 111 110 110 108 108 109 110 111 110 109 109 109 110
 110 110 110 110 110 110 109 108 108 108 108 109 108 108 108 109 110 110
 109 107 107 106 106 105 107 108 109 110 101  87  86  84  85  86  84  83
  83  83  83  81  79  77  75  74  74  71  68  66  65  65  65  64  64  65
  64  66  68  70  73  80  92 101 105 108 108 108 109 109 109 111 111 111
 110 110 109 109 110 111 110 110 110 111 111 110 110 109 108 109 109 109
 109 109 110 110 108 108 107 108 108 109 108 108 107 108 108 109 108 109
 107  30]","[ 29  29  97  96  96  96  98  98 101 101 101 100  99  99  99 100 100 101
 102 103 103 103 103 102 104 103 103 104 105 105 104 103 103 104 105 105
 105 105 106 107 106 106 106 107 108 108 108 107 107 108 109 109 109 109
 109 110 109 109 110 110 109 109 109 110 111 111 110 109 108 108 109 109
 110 109 109 109 110 111 110 110 109 108 109 110 111 110 110 110 109 110
 110 110 110 110 110 110 110 110 109 109 109 109 108 107 107 108 109 110
 109 108 108 108 108 107 107 107 108 111 104  91  88  87  89  91  89  87
  86  85  85  82  80  78  76  76  75  72  69  66  65  65  65  63  63  65
  66  67  68  70  73  79  90  99 104 107 108 108 109 109 109 111 112 112
 111 110 109 109 109 110 110 110 110 111 111 110 109 109 108 109 109 109
 108 108 108 109 109 108 108 108 108 108 107 107 106 108 109 110 108 109
 106  29]","[ 29  30  99  99 100  99 100 101 101 101 101 101 100 100 100 100 101 101
 102 102 102 102 101 101 104 103 103 103 104 104 104 103 103 104 104 104
 104 104 105 105 106 105 105 105 107 108 108 108 107 108 108 108 108 108
 109 109 107 108 109 109 109 109 109 110 111 111 110 109 108 108 109 111
 111 110 110 110 111 111 111 110 109 108 108 109 110 111 111 111 109 110
 110 110 110 110 110 109 109 110 110 110 109 109 108 106 107 108 108 108
 108 108 108 108 108 106 107 107 109 113 109  97  94  93  95  96  93  90
  89  87  87  83  80  79  77  76  75  73  70  67  65  66  65  63  63  65
  65  66  67  69  72  78  88  97 103 106 108 109 109 108 108 109 110 110
 111 110 110 109 109 109 110 109 109 110 110 109 109 109 109 109 110 109
 109 108 108 108 109 109 108 108 108 107 107 106 106 107 108 110 108 109
 106  29]","[ 28  30  99 100 100  99 100 100 100 100 101 100  99  99 100 100 101 101
 101 102 102 102 102 102 103 103 102 103 103 104 104 104 105 105 105 104
 104 105 105 106 105 105 104 104 105 107 108 108 108 108 109 109 109 109
 109 109 108 108 108 109 109 108 109 109 109 109 109 108 108 109 110 111
 112 111 110 110 111 111 111 110 109 109 108 109 110 110 111 112 109 109
 109 108 108 109 108 107 106 108 109 109 109 109 108 107 108 108 108 107
 107 107 107 108 107 107 108 108 109 113 109  97  95  95  97  98  95  93
  92  89  89  85  82  80  78  77  76  74  71  69  67  66  65  63  64  65
  64  65  66  69  72  77  87  96 101 105 107 108 109 108 107 107 108 109
 110 110 110 109 109 109 109 109 109 109 109 108 108 109 110 110 110 110
 110 109 109 109 109 109 108 108 108 108 108 107 106 107 108 109 108 109
 107  29]","[ 29  30  97  97  98  97  98  98  99  99 100 100  99  99  99 100 102 102
 102 102 102 102 103 103 102 102 102 102 103 104 104 104 105 105 104 104
 104 105 106 107 104 105 105 104 105 106 108 108 108 108 109 109 110 109
 109 109 108 108 108 109 109 109 109 109 108 109 110 110 109 109 110 111
 111 111 110 110 111 111 111 110 109 109 109 110 110 110 110 111 109 108
 107 107 108 108 107 105 105 107 109 108 107 108 108 107 109 109 108 108
 107 106 107 107 107 108 109 108 108 113 110  99  96  95  97  97  96  95
  93  90  90  86  83  81  78  77  76  75  73  71  69  66  64  64  64  65
  65  65  66  69  71  75  84  94 101 105 107 107 108 108 107 107 108 108
 109 109 109 109 109 109 108 108 108 109 108 107 108 109 110 110 110 110
 110 110 110 110 109 109 108 108 108 108 108 107 107 107 108 109 109 110
 107  30]","[ 30  30  97  96  96  96  97  97  97  98  99  99  98  98  99 100 102 102
 102 101 101 101 101 101 102 102 102 103 103 104 104 104 104 103 102 102
 103 104 106 107 105 106 106 105 105 107 108 108 108 108 109 109 110 110
 109 108 109 109 109 109 110 110 110 109 109 110 112 112 111 110 110 110
 111 110 110 110 111 111 111 110 109 109 110 111 110 109 109 110 110 109
 108 107 108 109 107 105 105 108 109 107 106 107 108 107 109 109 109 108
 108 107 107 107 107 107 109 107 108 115 115 106 100  99 100  99  96  95
  93  89  90  85  82  81  78  77  76  76  74  73  70  66  64  65  65  64
  65  65  66  68  69  73  81  91 102 105 106 107 109 109 107 108 109 109
 109 109 108 108 108 109 108 108 108 109 108 107 108 109 109 109 109 109
 110 110 110 110 110 109 109 108 108 108 107 107 107 108 108 109 109 110
 108  30]","[ 29  29  96  95  95  95  97  97  96  98 100 100  99  98 100 101 101 101
 101 101 102 103 102 101 102 102 103 103 104 104 103 103 103 103 104 105
 105 104 105 107 106 107 108 107 107 108 108 107 107 106 106 107 109 111
 110 109 109 110 110 110 110 110 110 110 110 111 111 112 112 111 109 108
 111 109 108 110 112 113 111 109 108 109 110 111 110 110 109 109 109 109
 108 107 107 108 108 107 108 108 108 107 106 105 107 109 109 109 109 108
 107 106 107 107 108 109 107 109 112 113 112 106 101 101 102 100  97  94
  92  92  91  87  84  82  79  78  77  75  75  72  69  66  64  63  62  63
  65  65  66  66  69  74  80  90 101 106 108 107 108 109 108 108 109 109
 109 109 108 107 108 108 107 109 110 109 108 107 108 109 107 108 109 110
 109 110 110 111 109 109 109 109 108 107 107 107 107 107 108 108 109 109
 107  29]","[ 29  29  96  96  96  95  97  97  96  97  99  98  97  96  98 100 102 103
 103 102 103 103 103 102 102 102 103 104 105 105 105 104 104 104 104 105
 105 105 105 106 107 108 108 107 107 108 108 107 108 108 108 109 110 110
 110 109 110 110 110 110 110 110 110 110 110 111 111 111 111 110 110 109
 111 110 109 109 111 112 111 109 109 110 111 111 110 109 109 109 110 109
 107 106 107 109 109 109 108 107 106 106 106 106 106 107 108 107 107 107
 107 107 107 107 107 108 107 109 111 114 115 107 103 103 104 103 101  97
  94  93  92  88  86  84  81  79  79  77  75  72  68  65  62  61  61  62
  65  64  66  65  68  73  79  89  99 105 108 108 109 109 109 109 109 109
 109 109 108 108 109 109 109 110 110 110 108 108 109 110 108 109 109 109
 109 109 110 110 109 109 109 109 108 107 107 107 107 107 108 108 109 109
 108  29]","[ 29  29  96  96  96  95  96  96  96  97  98  97  96  96  97  98 101 102
 103 102 102 102 103 102 102 103 103 104 105 105 105 105 105 104 104 105
 106 105 105 105 108 108 108 107 107 108 108 108 109 109 110 110 110 109
 109 110 110 110 110 110 110 109 109 109 110 110 110 109 109 109 110 110
 112 111 110 110 110 111 110 109 109 110 111 111 110 109 109 109 109 108
 107 105 106 108 110 110 109 106 104 104 105 105 105 105 107 106 106 106
 107 108 107 107 108 109 109 110 109 114 115 105 105 105 105 105 104 100
  96  94  94  90  87  84  81  79  79  78  75  72  67  63  60  59  60  61
  65  65  66  65  68  72  78  87  98 104 108 108 109 110 110 110 109 109
 109 109 109 109 109 110 110 110 110 109 109 108 109 110 108 108 108 108
 108 108 108 108 108 108 109 109 108 108 107 106 108 107 108 107 109 108
 108  30]","[ 29  29  96  95  96  96  97  96  96  96  96  96  96  96  97  97  98  99
 100 100 100 101 101 102 103 103 103 104 105 105 104 104 105 104 103 104
 105 105 105 105 108 108 108 107 107 107 107 107 109 110 111 111 110 109
 109 109 109 109 109 109 109 109 108 108 109 109 109 109 109 109 109 110
 112 111 110 109 109 109 109 109 108 109 110 110 109 108 108 109 109 108
 107 106 106 108 109 110 110 108 105 105 106 105 105 104 108 108 107 107
 107 107 107 107 109 109 110 110 108 113 116 104 105 105 105 106 105 101
  97  95  95  91  88  85  81  79  79  78  76  73  68  64  61  60  60  61
  64  65  66  65  67  71  76  85  98 104 107 108 110 111 110 110 110 110
 110 110 109 109 108 108 109 109 109 109 109 109 109 109 108 108 107 107
 107 107 107 108 108 108 108 108 108 107 106 105 107 106 107 105 107 108
 107  29]","[ 29  28  94  94  95  95  97  96  95  94  93  94  96  97  97  96  96  98
  99  99  98  99 100 101 103 103 103 104 105 105 104 103 104 102 102 103
 105 105 105 105 106 107 107 108 108 107 107 106 110 110 110 110 110 111
 110 110 109 109 108 109 109 109 108 107 109 110 110 110 110 110 110 110
 111 111 109 108 108 108 108 108 108 108 109 109 108 108 108 108 109 110
 109 108 107 108 110 110 111 109 107 107 107 106 106 106 108 109 109 108
 107 106 107 108 107 108 109 110 108 114 118 107 104 104 105 106 104 100
  98  97  96  91  88  85  81  80  80  80  78  75  71  68  65  62  61  61
  63  63  65  65  67  71  75  84  98 103 106 107 110 111 110 110 110 110
 110 110 110 109 107 107 107 108 108 109 109 109 109 108 108 107 107 107
 107 108 108 109 107 107 107 107 107 107 106 105 106 105 105 104 107 107
 107  29]","[ 30  28  92  91  93  94  96  95  95  94  93  94  97  98  97  96  98  99
 100  99  98  99 100 101 102 102 103 104 105 105 104 104 102 101 101 103
 104 105 105 105 106 106 107 108 108 107 106 106 110 110 109 109 111 111
 111 110 110 109 109 109 110 110 109 109 108 109 110 110 110 109 109 110
 112 111 110 109 108 108 108 108 109 109 109 109 109 108 108 108 108 110
 110 109 108 108 109 110 109 108 107 106 106 106 107 108 108 109 109 108
 106 105 106 108 109 109 109 109 109 114 118 109 105 105 106 106 104 101
  99  98  94  90  88  85  82  81  81  81  77  75  73  70  67  63  61  60
  62  62  64  65  68  72  76  85  96 102 105 107 110 111 110 110 109 109
 109 110 110 109 108 107 107 108 109 110 110 110 109 108 107 106 106 106
 107 108 108 108 107 107 106 106 106 105 105 104 104 103 104 104 107 108
 107  28]","[ 30  27  91  89  90  92  94  94  94  94  95  96  97  97  97  97  98  99
 100  99  98  99 100 100 101 101 102 103 104 104 103 102 101 100 101 103
 105 105 105 104 106 105 106 108 108 107 107 107 110 109 108 108 109 110
 110 110 110 110 109 110 111 111 110 110 108 109 110 109 108 108 108 109
 111 111 110 109 109 109 108 108 109 109 109 109 109 109 108 108 107 109
 109 108 107 107 108 109 107 106 105 105 106 106 107 107 107 108 108 107
 106 106 107 108 110 110 108 108 109 113 116 110 107 107 107 107 106 103
 100  98  94  91  89  86  82  81  81  80  76  75  73  71  67  63  61  59
  61  61  63  64  68  73  76  84  93 101 106 108 109 110 109 109 109 108
 108 108 109 109 108 108 108 108 109 110 110 109 109 108 106 105 105 106
 107 108 108 107 107 107 106 105 105 104 104 104 103 103 104 105 109 109
 108  29]","[ 31  27  89  87  89  90  93  93  93  94  96  96  96  96  96  97  97  98
  98  98  98  98  99 100 101 101 101 102 102 102 101 100 100 100 102 104
 106 105 104 104 106 105 106 108 108 108 108 109 109 108 108 107 107 108
 109 109 110 110 109 110 111 111 111 110 108 109 110 109 108 108 108 109
 110 109 108 108 108 108 107 107 109 108 108 108 109 109 109 108 107 109
 109 108 107 107 109 110 108 106 104 105 106 107 107 107 107 107 107 107
 107 107 108 109 107 109 106 106 109 113 116 113 108 107 107 108 107 104
 100  98  96  93  90  88  83  81  81  80  76  75  74  72  69  64  61  60
  60  60  62  63  67  71  74  81  91 101 108 109 109 108 107 107 109 108
 108 108 108 109 108 108 108 109 109 109 108 108 108 108 106 106 106 107
 108 108 108 107 107 107 106 105 104 103 104 105 103 103 105 106 110 110
 108  29]","[ 29  29  89  88  88  88  90  92  89  88  92  97  98  97  97  96  97  97
  97  97  97  98 100 101  98 100 101 101 102 102 102 102 102 102 103 105
 105 105 104 105 105 106 107 107 107 108 108 108 107 108 109 110 109 109
 109 109 110 110 111 110 110 110 110 111 110 110 110 110 109 109 108 108
 109 109 108 108 108 109 109 109 108 108 108 109 108 108 108 108 108 108
 108 108 108 108 109 109 107 107 107 106 105 105 106 106 104 104 104 105
 107 110 110 108 106 110 107 104 109 114 121 114 107 104 105 108 107 105
 103 100  98  96  93  89  85  82  81  81  77  75  73  71  68  65  61  59
  58  59  61  64  65  65  71  81  91 100 105 107 108 108 107 108 109 108
 107 106 107 108 108 108 108 108 108 108 109 109 108 108 107 107 107 108
 108 108 107 108 108 109 108 105 105 107 108 107 105 104 105 107 110 109
 110  29]","[ 30  29  87  88  89  90  90  89  89  88  89  93  95  96  97  98  97  97
  97  97  98  98  98  98  97  98 100 100 101 101 102 102 101 101 103 104
 105 104 104 104 105 105 106 107 108 108 108 107 105 107 108 110 110 110
 110 110 109 110 110 110 109 109 109 110 110 110 110 109 109 108 108 108
 109 109 109 109 109 109 109 109 108 109 109 109 109 108 108 108 108 108
 108 108 108 108 108 108 108 108 107 105 105 105 106 106 106 106 106 107
 107 108 108 107 108 109 109 108 108 114 124 114 110 108 109 111 109 106
 102  97  98  96  92  88  84  82  81  81  78  76  73  70  67  64  62  61
  58  59  60  64  65  65  70  79  89  99 105 107 108 109 108 108 108 108
 108 108 108 109 109 109 108 108 108 108 109 109 109 108 108 108 108 109
 109 109 108 108 108 109 109 107 106 108 109 108 107 106 106 107 109 108
 109  28]","[ 29  28  87  87  88  89  88  87  86  88  91  93  93  93  95  97  98  97
  96  97  98  99  98  97  97  98 100 100 101 101 102 102 102 102 103 105
 105 105 105 105 106 106 106 107 108 108 108 107 106 107 109 111 112 111
 111 111 109 110 110 110 109 109 109 109 111 111 110 109 109 109 109 109
 109 109 109 109 109 109 109 109 109 109 109 109 109 109 108 108 108 108
 109 109 108 108 108 107 109 109 107 106 106 107 107 107 107 108 108 108
 107 106 107 107 108 106 109 109 106 113 126 114 113 112 113 114 111 108
 102  95  96  94  91  86  83  81  81  81  80  78  74  71  68  65  63  62
  58  59  60  63  65  65  69  76  88  98 105 106 108 110 109 108 107 108
 109 109 109 110 110 109 109 108 108 109 109 109 109 109 110 110 109 110
 110 109 108 107 107 109 109 107 106 107 108 108 109 108 107 107 108 108
 109  28]","[ 28  29  88  88  86  86  87  88  89  90  91  92  93  93  93  94  97  96
  95  96  97  98  98  97  97  98 100 101 101 101 101 102 103 103 103 105
 105 105 106 106 107 106 107 108 109 109 108 107 108 109 110 111 111 111
 110 110 110 110 110 110 110 110 110 110 112 111 111 110 110 110 110 110
 109 109 109 109 109 109 109 109 110 110 110 110 109 109 108 108 108 108
 109 109 109 109 108 108 109 109 108 107 107 108 108 108 108 108 108 108
 106 106 107 108 107 107 109 108 107 111 124 115 114 115 117 116 112 109
 103  96  95  93  90  86  83  81  80  80  78  77  75  73  71  67  64  62
  59  60  61  63  64  64  67  75  88  99 105 105 107 109 109 109 107 109
 110 110 110 110 110 110 109 109 109 109 109 109 110 110 111 110 109 109
 109 109 107 105 106 108 109 107 106 106 107 108 109 108 107 107 108 108
 109  29]","[ 29  29  87  87  86  86  87  88  92  92  89  88  93  95  94  94  94  94
  94  94  94  95  96  96  96  97  99 100 100 100 101 103 104 103 103 104
 104 105 106 107 106 106 106 108 110 109 108 107 108 109 109 110 110 109
 109 108 110 110 111 111 110 110 110 111 111 111 111 111 110 110 109 109
 109 109 109 108 108 108 109 109 109 109 110 109 109 109 108 108 107 108
 109 110 110 110 109 109 109 109 108 108 108 109 109 109 109 108 107 107
 106 106 107 108 107 111 110 108 110 113 123 118 115 116 118 116 112 109
 104  98  95  93  90  87  84  82  81  80  76  75  75  73  71  68  64  62
  60  61  62  63  63  63  67  74  88  98 105 105 106 108 109 109 109 110
 111 110 110 110 110 110 110 110 110 109 109 109 110 110 110 110 109 108
 109 109 108 106 107 109 109 109 107 107 108 109 108 107 107 108 109 108
 109  29]","[ 30  28  85  84  85  86  86  86  86  93  94  91  92  92  92  94  94  94
  95  94  93  93  95  96  96  96  98 100 101 100 102 104 104 104 103 104
 104 105 106 107 104 104 105 108 110 109 107 107 108 108 108 109 109 109
 109 108 109 109 110 110 110 110 110 111 111 111 111 111 111 110 109 109
 109 109 108 108 108 108 109 109 109 109 109 109 109 109 108 108 108 108
 109 110 110 110 110 110 108 109 109 108 109 109 109 109 110 108 106 107
 107 107 107 108 108 112 110 108 112 114 123 119 114 114 115 114 110 107
 103  98  94  93  90  87  84  82  81  80  76  75  74  72  71  68  66  65
  62  63  62  62  63  63  67  74  87  97 104 105 106 107 109 110 110 111
 111 110 110 110 110 110 110 110 110 110 110 109 110 110 110 110 109 108
 108 110 110 108 109 109 110 110 109 109 109 109 109 108 108 109 109 108
 109  28]","[ 29  29  87  86  86  86  87  88  92 101 102  95  92  90  89  93  94  95
  95  95  94  94  95  96  97  97  99 101 101 100 101 104 104 103 103 104
 105 105 105 106 104 104 105 108 109 108 107 107 108 108 109 109 110 110
 109 108 108 108 109 109 109 110 110 111 111 111 111 110 110 110 109 109
 109 109 109 109 108 108 109 109 108 108 108 108 108 108 108 108 108 109
 109 110 110 110 110 110 109 109 109 108 108 108 109 109 109 107 106 108
 108 107 107 108 109 110 109 109 112 115 125 119 114 111 110 111 110 107
 102  97  95  93  89  86  84  82  80  79  78  76  74  73  71  69  68  67
  64  63  62  62  63  65  68  73  84  93 102 107 108 108 109 111 110 111
 111 110 110 111 111 110 110 110 111 111 110 109 109 109 110 111 110 108
 108 110 110 109 110 109 109 110 110 109 109 108 109 109 109 109 110 108
 109  28]","[ 28  32  94  92  87  85  89  93 112 113 104  93  92  92  91  93  93  94
  94  95  95  95  96  96  98  98  99 101 100  98  99 102 102 102 103 104
 104 104 104 104 105 105 107 109 109 107 106 106 107 108 108 109 110 110
 108 107 108 108 109 109 109 110 111 111 110 110 110 109 109 109 109 109
 109 109 109 109 109 109 109 108 107 107 108 108 108 108 108 108 109 109
 109 109 109 110 110 110 110 110 110 108 107 107 108 108 108 106 107 109
 109 107 108 109 111 107 109 111 111 116 129 118 115 109 108 111 112 109
 104  98  96  94  90  87  84  82  81  80  77  76  75  73  72  70  67  66
  65  64  61  62  65  66  68  72  80  90 101 108 111 109 109 112 110 111
 111 111 111 112 111 110 110 110 111 111 110 109 109 109 111 111 110 107
 107 109 110 109 111 109 109 110 111 110 109 108 109 109 109 109 110 108
 110  29]","[ 31  28  96  89  86  85 102 120 131 115  99  92  90  89  90  93  93  97
  94  93  98  98  95  99  98  98  99 100  99  99 101 102 103 104 105 104
 104 104 104 104 106 105 106 109 109 108 108 108 109 109 108 108 108 108
 108 108 108 109 109 110 110 111 111 111 111 111 110 109 108 108 108 108
 109 109 109 109 109 109 109 109 108 109 108 108 108 108 109 109 108 109
 110 110 109 108 108 109 110 109 109 109 109 108 108 109 108 108 108 108
 109 110 110 110 109 110 109 110 111 115 120 118 110 110 112 113 112 108
 101  97  97  93  91  89  84  82  81  80  79  78  76  75  73  71  68  67
  66  64  63  63  65  67  70  73  82  90 103 110 110 109 111 111 111 111
 111 112 112 112 111 110 110 111 111 111 110 110 110 110 109 110 110 111
 111 110 109 108 109 109 109 109 108 108 108 109 108 109 109 108 108 108
 110  29]","[ 29  26  84  83  94 118 128 130 113 104  94  89  87  86  88  91  93  92
  92  95  96  95  95  97  97  98  99 100 101 101 102 104 104 105 105 104
 103 104 105 105 106 106 107 108 108 107 107 107 109 109 109 109 109 109
 109 109 109 109 110 110 110 111 110 110 111 111 110 110 109 108 108 109
 109 109 109 109 109 109 110 110 109 109 109 109 108 108 109 109 108 109
 109 109 108 108 108 108 109 108 109 109 108 107 108 108 108 108 108 108
 108 109 110 110 109 110 108 109 110 113 118 116 112 112 112 112 110 106
 100  97  95  92  90  87  83  81  80  79  80  78  76  74  72  71  69  69
  66  65  65  64  65  67  70  73  78  86 100 109 110 109 109 109 112 112
 111 112 112 112 112 112 111 111 111 111 111 111 111 111 110 110 110 110
 110 109 109 109 110 111 111 110 110 109 110 110 110 110 110 109 109 108
 110  29]","[ 28  29  99 113 122 131 122 108  90  89  88  89  88  87  88  89  95  94
  94  93  92  97 100  95  96  97  99 100 101 101 103 104 103 104 103 102
 101 102 104 105 107 107 108 107 107 108 108 107 108 109 110 110 110 109
 109 109 110 110 110 111 111 111 111 110 111 111 111 110 109 109 109 109
 109 109 109 109 110 110 111 111 109 109 109 109 108 108 109 109 109 109
 109 109 109 109 109 109 108 108 108 109 108 108 108 109 109 109 108 108
 108 109 110 110 109 110 108 108 109 113 118 115 113 112 112 111 109 105
 100  97  94  93  91  87  82  81  80  78  80  79  77  75  73  71  70  69
  67  66  66  65  65  66  70  73  76  84  97 107 109 109 110 109 111 111
 111 110 110 111 111 112 111 111 110 110 111 111 111 111 110 110 110 109
 109 109 109 110 111 111 111 111 110 110 110 111 111 111 111 110 109 109
 110  29]","[ 31  31 121 128 124 108  98  82  82  81  84  89  90  87  84  84  88  91
  94  94  94  97  98  96  96  97  99 101 101 101 102 103 102 103 103 102
 101 102 104 106 105 107 107 106 106 108 108 107 108 109 110 110 109 109
 109 109 110 110 110 111 112 113 111 110 111 111 111 111 110 109 109 109
 109 109 109 109 110 110 110 110 107 108 108 108 108 108 109 109 110 109
 109 109 109 109 110 110 109 108 109 109 109 109 109 110 110 109 109 109
 108 108 109 109 110 110 108 109 110 114 120 119 114 113 111 111 110 106
 101  97  95  95  93  87  81  80  80  77  78  78  78  77  75  73  70  69
  67  66  65  64  64  66  70  73  76  82  94 104 108 110 111 111 110 110
 110 110 109 110 111 112 112 111 111 111 111 111 110 109 109 110 110 110
 109 109 110 111 111 111 111 111 111 111 111 111 111 112 111 110 110 109
 110  28]","[ 30  27 141 129 129 125 127 120 103  97  93  94  87  71  56  49  57  61
  69  85  97  94  92  99  97  98 100 101 102 102 102 103 103 104 105 104
 103 104 105 105 103 105 105 104 105 108 108 108 109 110 110 110 109 108
 109 110 109 109 110 111 112 112 111 110 110 110 111 111 110 109 108 108
 110 109 109 109 110 110 110 109 107 108 109 109 109 109 109 109 109 109
 109 109 109 109 109 109 109 109 109 109 109 109 110 111 110 110 110 109
 109 108 108 108 110 111 109 109 111 116 122 121 115 113 111 112 111 108
 101  96  96  95  93  87  81  80  80  77  78  78  78  78  76  73  71  69
  68  66  64  63  64  67  70  73  75  80  91 102 107 109 110 110 110 110
 111 110 110 110 111 111 112 112 112 112 113 112 111 109 109 110 111 110
 110 109 110 111 112 111 111 111 111 111 112 112 111 111 111 110 110 109
 110  28]","[ 28  32 156 145 143 135 115 106  89  76  63  58  54  46  40  39  38  39
  42  61  89  97  94  96  97  97  99 100 101 102 102 103 105 105 105 104
 104 104 104 104 103 104 105 105 106 108 109 109 110 110 110 110 109 109
 109 110 109 109 109 110 110 110 110 109 109 110 111 111 110 109 108 108
 110 109 109 109 110 110 109 108 109 110 110 110 110 109 109 109 110 110
 110 110 109 109 110 110 110 109 109 109 109 109 109 111 111 110 109 109
 109 109 109 108 111 111 109 110 111 116 122 120 116 114 112 112 112 108
 101  96  96  95  93  88  82  81  80  78  78  78  78  77  75  73  72  71
  69  67  64  64  66  68  71  73  74  78  89 102 108 110 109 108 109 110
 110 110 110 110 110 110 111 111 111 112 113 113 111 110 108 109 111 111
 111 110 110 110 111 111 111 111 111 111 111 111 110 110 111 110 111 110
 111  29]","[ 30  28  83  73  60  48  29  25  20  20  24  32  40  43  44  44  46  46
  42  47  71  94  98  92  96  96  97  99 101 101 102 102 105 105 105 104
 104 104 104 103 106 106 106 107 108 108 109 110 110 111 111 111 110 110
 109 109 108 108 109 109 110 110 110 110 110 111 111 111 110 109 109 109
 109 109 108 109 110 110 109 108 109 110 111 111 110 110 109 109 110 111
 112 111 111 110 110 111 111 110 110 110 109 109 110 111 111 110 108 108
 109 110 110 110 111 112 110 111 112 115 120 117 116 113 111 111 110 106
 101  98  97  94  92  88  83  81  80  78  77  78  78  77  76  74  73  72
  69  68  67  66  67  68  71  73  74  77  88 102 109 110 110 108 109 109
 109 110 110 110 109 109 110 110 111 112 112 112 111 110 108 109 110 111
 111 111 110 110 111 110 110 110 110 111 111 110 111 111 111 110 111 110
 111  29]","[ 28  30  16  25  21  24  26  23  27  31  35  36  39  44  46  45  44  47
  48  46  57  80  96  96  97  97  98  99 101 101 102 103 105 105 104 104
 105 106 106 105 108 107 107 109 109 108 108 109 111 111 112 112 112 111
 110 109 108 108 109 109 110 111 111 112 111 111 111 111 110 109 110 110
 109 108 108 109 110 110 110 109 108 109 110 111 110 110 109 109 110 111
 112 112 111 110 110 111 112 112 111 111 110 110 110 111 111 109 107 106
 108 110 111 111 111 112 111 112 112 115 118 115 114 112 110 109 108 105
 102 100  98  94  91  88  83  79  78  77  76  77  79  79  78  75  73  71
  69  68  68  68  67  68  70  73  75  77  86 100 107 110 111 110 110 110
 110 110 110 111 110 110 111 111 111 112 112 112 111 110 108 109 109 110
 111 111 110 110 112 111 111 111 111 111 111 111 111 111 111 111 112 111
 111  29]","[ 29  28  27  32  32  33  35  34  36  37  39  39  39  40  42  44  40  44
  46  42  44  70  92  93  97  97  98  98  97  97  98 100 102 104 104 103
 105 106 105 104 107 108 108 107 107 108 109 109 110 110 110 111 111 111
 111 110 110 109 109 110 111 111 112 112 111 110 110 111 111 110 109 108
 109 108 108 109 111 111 110 109 108 108 109 110 110 110 109 109 111 112
 112 111 110 110 111 111 112 112 112 110 110 110 111 111 110 110 109 108
 108 109 110 110 110 110 110 110 111 114 117 116 114 110 108 108 108 104
 100  98  96  91  86  83  80  79  78  76  76  76  76  76  76  75  73  72
  69  68  68  68  68  70  71  71  74  76  80  96 107 107 109 108 109 108
 108 109 111 111 110 108 110 111 111 111 111 111 110 110 109 110 110 109
 109 109 109 109 110 110 111 111 111 111 111 111 112 111 111 112 110 112
 109  30]","[ 29  29  33  35  37  38  40  39  39  39  40  39  39  39  40  41  40  41
  43  41  37  51  83  97  95  96  97  97  97  98 100 101 103 104 103 102
 104 105 104 104 107 108 108 107 107 108 110 110 110 110 111 110 110 110
 112 113 112 110 109 109 110 111 111 112 111 111 111 111 111 111 110 110
 109 109 109 110 111 111 111 110 109 109 110 112 112 111 111 111 112 113
 113 112 111 111 111 111 111 111 112 111 110 111 111 111 111 111 111 111
 110 110 110 111 111 110 111 111 111 114 116 114 112 110 109 110 109 105
 100  97  94  89  86  84  81  80  78  75  74  74  75  76  76  75  74  72
  68  68  69  69  69  70  71  71  76  77  81  95 105 107 111 111 111 110
 110 110 112 112 110 109 111 111 111 111 111 111 111 111 111 111 111 110
 109 109 110 110 111 111 111 111 111 111 111 111 109 114 110 111 112 111
 111  27]","[ 30  29  39  37  40  41  40  38  40  39  39  37  36  35  34  34  30  27
  27  28  29  36  74  95  97  97  98  99 100 102 103 104 103 104 103 102
 103 104 104 105 106 107 108 107 106 107 108 108 108 109 110 109 108 109
 111 114 112 110 108 108 109 109 109 110 109 109 110 110 109 109 109 110
 109 109 108 108 109 109 109 109 109 109 110 112 112 112 111 111 111 112
 112 111 111 111 110 109 109 110 111 110 110 111 112 111 111 112 113 112
 111 111 110 110 111 110 110 111 112 116 118 116 111 110 110 111 109 103
  98  95  89  86  84  84  83  82  80  77  75  75  75  75  75  73  72  70
  70  70  70  70  70  71  71  71  74  75  79  91 101 104 109 110 110 109
 109 110 111 112 112 111 111 111 110 110 110 110 111 111 111 111 111 110
 109 109 110 111 111 111 110 110 109 109 110 110 112 109 111 113 110 107
 112  31]","[ 29  28  42  36  39  38  35  32  32  31  29  28  26  25  23  22  21  20
  20  19  19  24  72 100  96  97  98  99 101 102 102 102 103 104 102 101
 103 103 103 105 108 108 109 108 107 107 108 108 109 110 110 110 109 110
 112 114 112 110 108 109 109 110 109 109 110 110 110 110 109 109 110 111
 110 110 110 109 109 109 109 110 111 111 111 112 112 112 112 112 111 111
 111 111 111 112 112 110 110 111 111 112 112 113 114 114 112 113 114 113
 112 111 111 111 112 110 110 111 113 118 120 119 114 113 112 111 109 104
  99  96  92  88  86  86  83  81  79  76  76  76  75  74  73  72  71  70
  71  71  71  71  71  71  71  71  72  74  80  91 101 107 110 112 111 110
 110 110 112 112 112 112 112 112 111 111 111 111 111 112 111 111 112 111
 111 111 112 113 112 112 111 110 109 109 109 110 111 110 115 108 110 115
 112  24]","[ 30  27  39  30  31  30  27  25  26  25  24  23  22  21  20  18  17  16
  17  19  20  23  71 101  98  98 100 102 103 104 103 103 103 104 103 103
 105 105 104 106 106 107 108 108 107 107 108 109 109 109 110 110 110 110
 111 112 111 110 109 109 109 109 108 108 110 110 110 109 108 108 109 110
 109 109 109 109 108 108 109 110 112 111 110 110 110 110 110 111 112 111
 110 109 110 112 112 111 110 111 111 111 111 112 114 114 111 112 112 111
 110 109 109 110 112 110 110 110 112 116 119 118 115 114 112 112 110 106
 101  97  93  89  87  85  82  81  79  77  77  76  75  74  74  74  74  73
  72  72  72  71  72  72  73  73  75  75  80  88  98 105 107 108 111 111
 110 110 110 110 110 109 109 109 110 110 110 110 110 111 110 111 112 112
 111 111 111 112 112 111 110 109 108 108 108 109 108 113 112 109 112 112
 112  34]","[ 31  27  31  22  20  18  18  16  19  18  18  18  18  18  18  17  21  18
  17  18  17  20  66 102  97  98 100 102 103 104 103 102 103 104 104 104
 106 105 104 106 104 104 105 107 108 108 109 111 111 110 110 111 111 111
 111 111 112 111 110 110 110 109 108 108 109 110 110 109 108 108 108 109
 107 107 108 108 108 108 109 110 112 111 110 110 110 109 110 111 114 113
 111 110 111 112 112 111 112 112 112 111 110 111 112 113 112 113 112 111
 111 110 111 111 112 110 110 111 113 117 121 120 117 116 115 114 112 108
 102  97  95  91  88  86  83  81  81  79  76  75  74  73  73  73  73  73
  70  70  70  70  71  72  73  73  73  73  77  84  95 105 109 111 110 109
 109 110 111 111 111 110 107 108 109 110 110 111 111 110 111 111 112 112
 112 111 111 111 111 111 110 110 109 109 109 109 110 110 107 117 112 108
 112  25]","[ 30  27  27  23  20  18  18  18  16  15  15  15  16  16  17  17  15  16
  18  19  16  25  64  99  97  98  99 100 101 101 100 100 103 104 104 104
 105 104 103 106 106 105 106 108 109 109 109 110 111 111 110 111 111 111
 111 110 111 111 111 111 110 109 109 110 109 109 110 109 109 108 109 109
 107 108 108 108 108 109 109 110 111 110 110 110 110 110 110 110 113 113
 111 110 111 111 111 111 111 112 111 110 110 110 111 111 112 112 112 111
 111 111 111 112 111 110 111 111 112 116 119 118 116 115 115 113 112 109
 104 101  95  91  88  86  83  81  79  77  77  76  75  74  73  73  72  72
  71  71  71  72  72  73  73  74  74  73  78  83  92 103 106 109 108 108
 109 110 111 112 111 111 108 109 109 110 111 111 110 110 110 111 112 112
 111 111 110 110 111 111 110 110 110 110 110 110 109 110 108 114 111 115
 109  30]","[29 29 28 31 29 28 30 29 30 29 29 29 29 29 30 30 29 29 28 29 29 30 29 29
 29 29 29 29 29 29 29 29 29 29 29 29 30 28 27 30 30 28 28 29 30 29 28 28
 29 29 29 29 29 29 29 29 29 29 29 29 28 28 29 30 28 29 29 29 29 29 29 29
 29 29 29 29 29 29 29 29 28 28 28 29 29 29 28 29 30 30 29 28 29 29 29 29
 28 29 29 29 29 29 29 29 29 29 29 29 29 29 29 29 30 29 29 29 28 30 31 29
 29 30 30 29 29 29 28 28 30 28 28 30 29 29 30 29 29 29 29 29 29 29 29 28
 28 29 29 29 29 29 29 29 30 28 30 27 28 31 28 29 28 29 29 29 29 29 28 27
 29 29 29 30 30 29 29 28 28 29 29 29 29 29 29 29 29 29 29 29 29 29 29 28
 28 30 29 28 30 28 29 30]"
