"[30 32 28 31 29 31 28 30 29 28 29 30 30 29 28 29 30 29 28 28 29 29 29 29
 28 28 29 30 29 29 29 30 28 29 29 31 29 28 29 29 29 29 28 29 29 28 29 29
 29 29 29 29 29 29 29 28 29 29 29 30 31 30 29 28 29 29 29 29 28 29 29 29
 28 29 30 29 29 29 29 29 28 29 29 29 29 29 29 30 29 28 29 30 30 28 28 29
 29 29 29 29 29 29 29 30 30 30 29 29 28 28 28 30 29 29 29 28 28 29 29 29
 29 30 30 29 29 29 29 30 29 30 29 28 28 29 30 29 28 28 28 29 29 28 29 30
 29 28 28 29 29 29 29 29 29 29 29 29 29 30 30 29 29 29 29 29 29 29 29 29
 29 29 29 29 29 29 29 29 30 29 28 29 29 29 29 29 30 29 28 29 29 28 29 30
 30 29 32 28 30 31 28 31]","[32 26 34 27 25 31 29 29 30 29 28 28 28 28 29 29 28 28 29 30 30 29 28 27
 31 31 30 28 29 30 30 28 30 29 28 29 30 29 30 30 28 30 28 30 29 29 31 30
 28 29 29 29 29 30 29 29 29 29 28 27 27 28 29 30 29 29 29 30 30 29 28 28
 28 29 29 28 28 28 29 29 30 30 30 30 29 29 28 28 29 29 29 29 29 29 29 30
 29 28 28 29 30 29 28 28 29 29 29 31 31 30 29 29 27 28 29 29 29 29 28 27
 27 28 29 29 28 28 28 29 28 28 29 29 29 29 29 29 30 30 30 30 30 28 28 29
 29 29 29 29 29 28 28 29 29 29 29 29 28 28 28 27 29 29 29 29 29 29 29 29
 30 30 29 29 29 29 29 29 29 29 29 29 28 28 28 30 28 28 28 30 30 29 28 28
 29 25 30 32 29 24 33 29]","[ 29  33 105 110 108 108 106 106 106 105 103 102 103 106 107 108 118 123
 130 136 143 149 154 156 156 160 160 156 153 153 153 152 153 155 153 151
 151 147 144 145 152 154 153 154 152 150 153 152 151 151 150 149 147 147
 146 145 145 146 144 139 136 136 138 139 136 136 135 135 134 133 131 131
 130 130 129 127 125 124 124 123 118 117 117 116 114 113 111 110 105 105
 103 100  99  99  99  98  99  98  97  97  98  97  94  92  89  89  91  92
  92  89  87  85  89  88  86  85  85  86  87  88  85  85  85  84  84  84
  84  84  83  82  82  83  84  83  84  85  86  86  86  87  86  85  85  86
  85  85  85  84  84  84  84  84  81  82  82  82  80  79  79  79  75  75
  74  72  71  70  69  69  67  67  67  67  67  68  68  69  64  65  66  65
  63  62  64  66  71  71  71  73  76  78  81  83  84  84  85  86  89  92
  87  28]","[ 30  28 113 112 110 112 112 113 110 109 107 104 103 105 105 104 101 104
 105 105 106 110 112 112 124 131 139 143 145 149 153 156 152 158 159 155
 153 149 147 154 151 154 155 157 156 154 156 156 156 156 155 153 152 152
 153 153 149 151 151 147 144 145 146 146 146 144 142 141 140 140 140 142
 139 139 138 135 133 131 129 128 132 131 130 128 126 123 122 121 119 119
 117 113 110 110 109 107 102 101 101 102 105 106 104 102  97  98  99  99
  98  96  94  93  95  93  90  87  87  87  88  89  86  86  84  83  83  84
  85  86  83  81  80  80  80  80  82  84  84  84  85  85  84  84  83  83
  82  82  82  82  82  82  82  82  81  83  84  84  82  81  81  82  84  83
  81  78  76  75  74  74  73  73  73  72  72  71  71  71  67  68  69  67
  65  64  65  66  63  62  60  60  61  63  66  68  71  74  82  83  82  81
  83  27]","[ 31  29 117 115 116 116 113 112 116 115 114 112 112 112 110 108 109 110
 109 106 107 110 112 110 104 105 108 112 114 113 114 115 119 125 130 130
 134 138 142 153 159 162 162 163 161 158 158 156 153 154 155 154 153 153
 154 154 156 157 157 153 151 150 150 149 150 148 146 147 147 147 149 151
 148 148 148 147 146 144 143 142 142 141 139 137 134 133 132 131 130 131
 130 127 125 125 124 121 119 117 113 111 110 109 105 102 101 102 103 102
 100  99 100 101 101  99  98  98  96  94  92  91  88  88  87  87  87  88
  89  89  86  84  82  81  81  81  83  84  86  86  85  84  83  82  81  80
  80  81  81  81  81  81  81  80  82  84  85  86  85  84  85  86  86  85
  83  82  81  81  81  82  82  82  81  79  77  75  73  72  69  70  71  69
  68  67  66  65  66  66  66  65  65  64  63  62  62  54  57  59  63  62
  68  30]","[ 28  31 131 129 127 124 122 124 116 115 115 117 118 117 115 114 108 109
 108 108 110 113 114 113 113 111 111 112 110 107 107 109 104 105 109 108
 110 111 107 112 119 123 128 137 145 150 155 156 159 162 164 163 160 158
 158 158 156 155 155 154 153 153 154 155 154 152 152 153 153 152 152 154
 155 156 157 156 155 155 154 153 154 152 151 149 147 147 146 146 140 141
 141 139 137 137 135 133 133 131 129 126 126 126 124 122 112 113 112 109
 106 105 106 107 104 103 102 103 103 102 100 100  97  97  97  96  96  94
  92  91  90  90  89  87  86  86  86  85  87  87  86  85  84  84  84  83
  82  83  83  81  81  81  81  79  80  81  83  83  82  82  84  85  85  84
  82  81  81  81  82  83  82  82  81  81  79  77  75  74  77  78  77  76
  76  76  74  72  67  68  68  67  66  67  66  66  62  62  64  58  58  60
  60  25]","[ 29  30 145 144 144 142 138 137 132 129 128 129 128 125 122 122 120 119
 117 116 115 114 114 114 114 113 114 114 112 111 112 115 110 108 114 113
 114 114 106 107 106 106 104 108 112 114 116 113 121 126 133 137 140 144
 150 154 158 157 157 158 158 156 157 160 157 155 156 158 157 154 153 154
 158 159 159 159 158 158 157 156 156 155 155 154 153 153 153 154 152 152
 152 151 149 147 145 144 144 144 141 137 135 135 133 131 131 131 129 125
 122 121 120 118 112 109 107 108 108 106 105 106 106 105 105 103 102  99
  97  95  95  96  95  92  91  92  92  89  90  90  88  86  86  86  86  85
  83  84  84  82  82  82  82  80  81  82  82  82  81  81  81  83  84  84
  83  81  81  81  81  81  81  82  82  82  82  81  81  80  79  80  79  78
  78  79  78  76  78  77  75  73  71  72  73  72  68  65  64  64  65  65
  64  31]","[ 30  29 160 157 156 155 154 152 152 146 144 145 144 139 137 138 138 135
 133 130 126 123 123 124 124 123 122 121 123 124 122 120 115 111 116 113
 110 112 108 111 116 113 107 108 112 114 114 111 111 113 114 111 108 109
 113 117 114 117 126 136 143 148 154 161 163 161 161 164 164 161 161 162
 158 159 160 159 159 159 159 159 159 159 159 159 160 160 160 160 159 158
 158 158 157 155 153 153 152 153 151 147 145 145 145 143 142 142 141 138
 137 136 133 130 128 126 124 124 122 117 112 111 111 110 108 107 106 106
 105 104 104 105 103  98  97  99 100  97  97  97  94  90  88  88  87  85
  85  87  87  85  85  86  85  83  84  85  84  83  82  81  82  82  83  82
  82  82  81  81  81  81  81  81  81  81  81  80  80  80  81  83  82  80
  80  82  82  81  79  79  79  77  76  76  75  73  72  72  68  68  66  68
  68  29]","[ 29  28 171 170 168 166 164 162 164 161 160 162 162 159 156 155 153 152
 150 149 148 147 145 143 142 136 131 132 134 134 130 127 127 128 128 127
 127 127 125 122 122 122 121 121 122 123 120 115 113 116 118 116 114 113
 113 112 115 112 110 109 107 106 109 114 117 123 127 132 135 140 151 158
 161 163 165 162 163 164 157 159 161 161 160 161 162 163 162 161 160 161
 162 162 161 161 161 161 157 160 159 157 157 158 156 155 153 152 151 151
 150 147 145 143 142 138 137 139 140 136 131 129 127 129 127 122 118 116
 116 115 115 114 110 106 105 105 104 102 103 102 100  98  97  97  96  95
  96  94  91  89  89  89  88  86  88  89  89  87  85  84  84  85  86  87
  83  81  82  82  79  81  81  80  81  82  83  81  79  80  80  81  81  80
  79  78  79  81  81  80  78  78  79  80  79  77  76  77  76  75  74  76
  76  29]","[ 31  30 175 175 173 173 171 170 170 168 167 169 169 167 166 166 164 164
 163 163 162 161 160 159 155 153 152 151 148 145 142 140 141 141 139 137
 137 138 137 135 131 132 132 131 131 133 132 130 131 128 126 126 127 126
 124 121 124 121 118 117 114 112 114 117 115 114 111 111 109 108 110 109
 113 117 126 130 135 138 140 149 157 159 161 162 165 169 171 169 165 163
 163 167 168 166 163 162 163 165 165 163 163 162 160 160 162 160 159 159
 159 156 154 152 150 150 150 151 150 147 144 143 136 137 137 136 135 134
 132 131 127 126 123 120 118 116 114 112 110 110 109 106 105 104 103 101
 101 100  99  99  99  98  97  97  96  94  91  88  87  88  89  89  86  88
  87  84  85  84  82  83  82  82  82  82  82  81  80  80  80  80  80  81
  80  78  78  79  77  78  78  78  78  78  77  75  76  77  78  78  77  77
  75  28]","[ 30  30 176 177 176 176 175 175 174 173 172 173 173 173 172 173 171 172
 172 172 172 171 170 169 167 168 168 166 162 157 156 156 155 154 151 148
 148 148 148 146 143 144 143 140 137 137 138 138 136 132 130 131 131 130
 129 129 127 125 123 122 121 119 119 121 120 118 114 115 116 115 115 113
 113 109 110 113 115 111 107 111 114 117 119 120 127 139 147 149 152 152
 159 169 174 172 171 172 165 166 166 165 165 164 164 167 167 166 165 165
 165 163 161 160 161 161 160 158 156 155 155 154 155 151 148 147 146 145
 145 145 143 140 136 134 132 131 130 130 125 125 122 119 116 114 113 112
 110 107 104 103 101  99 100 103 105 102  98  97  97  97  96  94  90  93
  92  90  89  87  85  87  88  87  86  85  85  84  84  83  81  81  80  81
  80  79  78  78  77  78  79  80  80  79  78  77  80  79  77  76  76  76
  76  30]","[ 29  29 174 176 174 174 175 175 175 174 174 174 174 173 174 175 173 174
 174 174 173 173 172 172 173 171 170 169 168 168 167 167 167 166 165 164
 163 162 161 159 159 159 157 153 149 147 147 148 145 142 140 139 139 138
 137 137 134 132 131 132 131 129 128 128 130 130 127 126 124 121 121 120
 124 116 112 117 121 117 111 110 109 110 110 107 106 106 105 103 111 114
 122 132 138 142 147 153 162 165 168 173 175 173 171 173 172 171 169 168
 166 164 164 164 161 162 162 161 162 164 162 158 160 157 156 157 158 156
 155 156 156 153 151 150 148 145 144 144 138 137 135 132 130 130 130 130
 125 121 117 115 112 108 109 112 112 108 105 104 104 104 101  98  98  99
  99  98  96  94  94  95  94  92  90  90  89  87  86  87  86  85  84  83
  82  81  81  82  78  78  79  80  80  79  78  77  79  77  74  74  73  74
  74  29]","[ 29  30 175 176 174 174 175 176 176 176 175 175 175 174 175 175 175 175
 175 175 174 174 174 174 175 173 172 171 172 173 174 174 174 174 174 173
 173 172 170 169 170 170 168 165 163 162 162 163 163 161 157 155 155 154
 150 146 147 146 145 145 144 141 138 136 136 136 133 133 131 128 129 128
 129 127 125 127 126 124 122 120 112 112 113 114 114 112 111 111 111 110
 109 107 105 106 109 113 116 117 120 129 138 143 148 154 161 163 167 170
 171 170 170 171 168 169 168 165 164 165 165 162 164 162 162 162 161 159
 159 161 159 158 159 160 160 156 154 153 151 151 150 147 144 143 142 141
 138 135 135 136 134 129 126 127 122 117 112 109 108 108 107 107 106 104
 104 104 103 103 104 105 101  97  95  97  97  93  92  94  91  91  90  89
  87  85  85  86  83  82  82  83  83  82  81  80  78  78  78  78  78  77
  75  28]","[ 29  30 175 176 175 175 176 176 175 175 175 175 175 175 175 176 175 175
 176 175 175 175 175 176 175 176 176 174 173 173 174 175 174 174 174 174
 174 174 173 173 173 173 172 171 171 171 171 172 171 172 170 167 166 166
 163 159 161 160 160 160 158 155 152 150 151 149 144 143 142 139 138 135
 136 137 137 136 131 129 130 127 129 126 124 124 123 121 121 123 121 119
 116 115 114 114 114 113 118 114 108 106 108 108 110 114 116 116 116 120
 126 135 145 152 153 162 170 173 173 173 173 172 167 168 170 169 165 162
 161 161 166 165 164 163 162 160 159 159 159 160 159 157 154 151 148 146
 150 147 147 148 148 145 142 141 136 132 128 127 125 123 121 121 117 113
 111 111 109 109 110 109 108 104 102 104 103  99  98 101  96  96  97  96
  94  91  90  91  91  89  88  89  89  87  86  85  83  83  81  81  81  81
  79  29]","[ 29  29 175 176 175 176 175 174 175 175 175 174 175 175 175 175 174 174
 175 175 175 175 175 175 174 176 176 174 172 172 173 173 175 175 175 176
 176 175 175 175 176 175 175 175 175 175 175 176 173 174 175 174 173 172
 172 172 171 171 171 171 170 169 168 167 165 164 160 160 161 159 159 157
 154 154 151 150 145 142 143 138 131 131 132 135 135 134 132 131 126 124
 122 123 124 122 119 119 113 114 114 116 118 117 115 116 111 111 110 110
 110 107 104 102 106 110 113 114 117 127 139 147 150 157 165 169 169 167
 166 165 171 170 167 164 162 162 163 163 159 160 160 160 159 158 157 155
 159 158 156 156 156 155 154 154 149 147 146 147 147 143 139 138 136 130
 128 127 124 121 121 120 119 116 113 111 110 108 107 108 106 105 104 103
 101 100  99  99  97  95  95  95  94  91  90  90  90  89  85  82  84  86
  82  29]","[ 30  30 175 177 177 176 175 174 176 176 175 175 175 176 176 175 174 175
 175 175 175 175 175 174 176 175 174 172 172 174 174 173 173 174 175 177
 177 176 175 175 175 175 174 175 175 175 176 177 176 173 172 174 176 175
 174 174 173 173 173 172 172 172 172 172 174 174 172 172 170 167 168 167
 166 166 163 165 160 157 160 155 151 151 149 146 144 143 140 137 141 136
 132 131 128 125 128 132 126 126 124 123 123 122 121 122 119 116 113 113
 114 113 111 109 113 113 112 110 107 107 109 110 108 112 116 118 122 130
 138 143 152 155 158 160 163 166 167 166 167 166 163 161 159 159 159 158
 160 160 161 161 161 161 160 159 158 155 154 155 156 153 151 151 152 147
 147 147 142 139 139 137 135 134 130 124 122 122 121 119 117 114 110 108
 108 107 108 108 105 104 104 104 101  98  97  98  98  98  94  92  95  96
  88  31]","[ 30  29 178 178 178 177 176 174 175 175 175 176 175 175 174 174 177 176
 175 176 176 176 176 175 175 175 175 174 174 174 174 174 173 173 174 175
 175 175 175 175 175 175 174 175 177 177 176 175 175 175 175 175 176 176
 176 175 175 175 174 174 174 176 176 175 174 175 176 175 173 172 172 172
 172 172 172 172 173 174 170 165 165 165 165 165 163 160 156 154 155 151
 148 147 146 143 140 139 137 136 134 132 129 127 128 130 130 125 121 121
 124 125 124 122 118 119 116 114 114 113 113 116 114 112 114 113 111 109
 105 105 109 112 115 122 123 129 134 142 147 152 158 162 164 165 164 163
 163 167 164 162 166 166 164 165 162 160 159 159 162 164 162 160 158 159
 157 153 151 150 151 150 151 150 146 141 139 139 136 133 131 130 127 123
 120 118 117 116 109 114 112 104 102 105 106 106 103 105 104 103 100 101
 100  30]","[ 29  28 178 178 178 177 176 173 174 175 175 175 175 175 174 174 175 175
 175 175 176 176 175 174 175 175 175 175 175 174 174 174 173 174 174 175
 175 175 175 174 175 175 174 175 175 176 175 175 175 175 175 176 176 176
 175 175 174 174 174 174 174 175 175 175 175 176 176 176 175 174 174 174
 175 175 175 174 175 176 175 172 172 172 173 173 173 171 169 168 170 167
 165 164 163 160 157 156 155 153 152 149 147 145 145 146 141 137 133 131
 131 131 130 129 128 128 127 126 126 124 121 122 119 116 117 116 117 117
 114 114 116 114 111 112 109 108 106 107 105 106 109 114 121 129 136 142
 147 154 155 157 164 168 167 169 171 170 167 165 164 164 164 163 165 161
 160 162 162 159 157 158 160 158 156 156 158 158 151 144 146 147 145 141
 139 139 136 133 129 130 125 119 115 111 107 106 108 106 104 106 107 108
 104  27]","[ 30  28 179 179 179 178 177 175 176 176 177 177 176 176 176 176 175 175
 176 177 178 178 177 176 175 176 176 176 175 175 174 175 174 175 176 176
 176 176 175 174 175 175 175 175 175 175 175 175 175 175 176 176 176 175
 175 174 174 175 175 174 174 175 175 175 175 175 175 175 175 175 175 175
 176 177 176 175 175 177 177 176 174 174 174 174 175 175 174 173 174 173
 172 173 173 171 170 169 167 166 165 164 162 160 159 160 155 154 151 149
 147 145 144 144 141 139 138 138 135 132 129 125 128 125 125 125 126 127
 123 122 123 122 121 123 121 118 113 111 113 111 110 111 109 106 104 104
 106 113 116 121 130 136 139 142 147 151 157 161 164 167 170 172 169 167
 167 168 167 164 164 165 158 160 162 161 160 160 160 160 156 157 155 150
 150 153 153 150 150 146 141 139 139 135 132 133 129 126 122 121 117 115
 111  27]","[ 30  29 180 180 180 180 179 177 178 178 179 178 177 177 177 178 178 178
 178 179 179 180 179 178 176 177 177 176 175 174 174 175 176 176 177 178
 178 177 176 175 175 176 176 176 175 175 175 175 176 176 176 176 175 174
 174 174 174 175 175 175 174 175 176 176 176 175 175 175 175 176 176 176
 175 175 175 174 175 176 177 176 175 175 174 174 175 174 174 173 172 172
 173 174 175 175 174 174 172 171 171 172 172 171 170 169 166 166 166 166
 164 161 159 159 158 154 153 152 148 146 145 141 139 136 136 134 134 133
 128 127 125 126 127 129 127 125 123 123 121 120 117 116 114 112 110 108
 110 112 109 105 104 104 104 104 104 107 110 113 118 127 137 143 150 159
 167 169 168 169 169 168 175 172 167 164 162 162 162 162 161 161 160 158
 158 159 159 157 154 152 151 152 153 149 144 145 143 142 139 138 134 133
 128  31]","[ 29  28 180 179 180 179 180 179 180 180 180 179 178 178 178 178 180 179
 179 179 180 180 179 179 179 178 177 176 175 175 175 176 177 177 178 179
 178 178 177 176 176 177 178 178 177 176 176 176 177 177 177 176 175 174
 173 174 174 175 176 175 175 175 176 176 177 176 175 175 176 176 176 176
 175 175 175 175 176 177 176 174 176 175 175 175 175 175 174 173 174 174
 174 174 174 174 174 174 173 172 173 174 175 175 174 173 170 170 171 172
 172 170 170 170 170 167 166 166 162 162 163 162 159 156 155 152 150 148
 145 146 142 140 138 135 133 131 130 130 130 129 126 123 123 125 125 122
 120 121 118 114 113 114 115 116 114 115 115 113 110 108 106 105 106 112
 115 114 116 124 134 139 143 147 153 160 165 167 169 172 169 165 162 162
 161 161 161 163 161 160 158 157 157 154 152 153 154 155 152 153 153 154
 146  29]","[ 29  29 180 179 179 179 180 181 181 181 181 181 180 180 179 179 181 181
 180 180 180 180 180 180 181 180 178 177 176 177 178 178 178 178 178 179
 178 178 177 177 177 178 179 179 179 178 178 178 179 178 177 176 175 175
 175 175 175 176 176 175 175 176 176 176 176 176 176 176 176 176 176 175
 176 175 175 176 177 177 175 174 174 174 174 174 174 174 173 173 173 173
 173 173 173 174 174 174 172 171 172 173 174 173 173 172 173 172 171 172
 173 173 174 175 174 173 173 172 169 168 169 170 168 165 164 161 158 158
 158 161 157 153 150 147 148 145 143 138 139 138 136 134 133 132 128 124
 124 125 124 121 119 120 120 118 120 119 117 115 114 115 115 114 113 112
 111 110 107 103 102 102 106 107 109 111 111 116 127 138 144 144 150 159
 164 164 164 166 164 166 164 161 160 158 156 156 155 156 155 155 155 158
 154  30]","[ 29  30 181 179 177 177 180 181 182 181 181 182 183 182 182 181 182 182
 182 181 181 181 181 181 181 180 178 177 178 179 179 179 179 179 179 179
 179 179 178 178 178 178 179 180 180 179 179 179 179 178 178 177 177 177
 176 176 176 177 177 176 177 177 177 176 176 176 176 176 176 176 176 175
 176 175 175 176 177 176 175 175 175 175 175 175 175 176 175 175 173 174
 174 174 176 177 177 176 174 173 173 174 174 174 174 174 174 173 172 173
 174 174 175 176 176 177 175 174 173 171 171 173 174 171 171 168 166 167
 168 172 167 165 165 162 165 161 158 153 162 156 150 148 145 141 138 138
 139 139 137 133 129 127 125 121 121 122 124 125 126 124 121 118 119 118
 117 115 113 112 111 111 113 109 108 110 109 106 104 105 105 103 103 109
 116 123 132 140 139 145 153 160 165 166 165 165 164 163 160 159 155 155
 154  28]","[ 29  29 180 178 175 174 178 180 181 181 181 182 183 183 182 181 181 181
 182 182 182 181 181 181 180 179 177 177 179 180 180 180 180 180 180 180
 180 180 180 180 178 179 179 179 180 180 180 180 178 178 178 178 179 179
 178 177 178 178 178 178 178 179 178 177 176 176 177 177 178 177 177 177
 176 176 176 176 176 175 176 177 177 176 175 175 175 175 175 174 174 175
 175 175 176 177 176 173 174 173 173 174 174 174 174 175 174 173 174 175
 175 175 175 175 173 175 173 171 173 173 172 176 175 173 174 172 171 171
 170 172 171 170 171 167 169 167 170 170 170 164 160 163 162 158 156 159
 155 154 152 149 146 146 145 141 138 138 137 135 134 133 131 128 124 129
 129 124 122 123 124 121 121 118 117 118 116 112 112 115 113 112 111 110
 108 105 103 103 102 103 105 109 114 116 119 124 137 136 138 149 155 159
 160  31]","[ 29  29 180 180 179 179 180 180 181 181 182 183 183 183 183 182 182 181
 181 181 182 183 184 183 182 181 179 179 179 180 180 180 181 180 180 181
 181 181 180 179 179 179 179 180 181 181 181 180 178 179 179 179 178 178
 178 179 178 178 179 179 179 179 179 179 177 177 177 177 178 178 178 178
 177 177 176 176 176 176 177 178 178 176 174 174 174 174 175 175 178 177
 176 176 177 177 176 175 175 174 173 173 173 173 174 175 174 174 174 174
 174 175 176 176 174 173 173 173 173 173 173 173 173 173 172 172 172 171
 171 171 173 172 172 171 171 171 171 171 172 170 168 167 167 167 166 165
 162 163 164 163 160 157 155 155 154 153 150 149 149 147 143 139 139 139
 136 130 124 121 123 125 124 123 123 123 123 123 122 120 118 118 117 116
 116 116 116 115 108 108 108 108 107 105 101  98 100 107 105 105 110 116
 119  30]","[ 29  29 180 179 178 178 179 179 180 180 180 180 181 181 180 180 180 180
 179 180 181 182 182 182 181 180 179 179 179 180 180 180 181 181 181 181
 181 181 180 179 180 181 181 181 182 183 182 181 180 180 180 179 179 179
 180 180 180 180 180 180 180 179 179 179 179 179 178 178 178 178 178 177
 178 178 178 178 179 179 179 179 178 177 176 176 175 175 175 176 178 177
 175 175 177 177 177 176 176 176 175 174 174 174 175 175 175 175 174 174
 175 175 175 175 174 174 174 174 173 173 173 173 172 172 173 173 173 172
 172 172 174 173 172 172 172 173 172 172 172 170 169 168 168 169 169 169
 167 168 169 168 167 166 165 165 165 164 162 162 162 162 159 156 153 151
 149 148 147 145 142 140 136 135 133 132 131 129 126 124 124 123 122 122
 122 123 122 120 115 116 116 116 116 115 113 112 116 112 109 110 106 101
 104  26]","[ 30  29 180 179 179 179 180 180 180 180 180 180 180 180 180 179 181 180
 180 180 180 181 182 182 181 180 180 180 180 181 181 181 182 182 182 182
 181 181 180 180 180 181 181 181 181 182 182 181 181 180 180 179 180 181
 181 182 181 181 181 181 181 180 180 180 180 180 179 179 178 178 178 178
 179 179 180 180 180 180 179 179 178 178 178 178 177 176 177 178 178 177
 175 175 176 178 178 178 177 177 176 175 175 175 175 175 176 175 174 174
 175 176 175 175 174 174 174 174 174 173 173 173 172 173 173 173 173 173
 173 173 173 172 172 172 172 172 172 172 171 170 168 168 169 170 171 172
 171 171 171 171 169 169 169 169 168 167 166 166 167 168 166 164 163 161
 161 162 163 162 158 154 154 152 150 148 146 143 140 137 137 135 133 132
 132 132 129 125 124 124 123 122 122 122 122 121 121 118 118 117 115 112
 114  29]","[ 30  29 180 180 180 179 181 180 181 180 180 180 180 181 181 181 181 181
 181 181 181 181 182 182 182 182 181 181 181 181 181 181 181 182 182 182
 181 180 180 180 179 180 180 180 180 181 180 180 180 179 179 179 180 181
 181 181 180 181 181 181 181 181 181 181 180 180 180 179 178 178 179 180
 179 180 180 181 181 180 179 179 179 179 179 179 179 178 178 179 179 177
 176 176 177 178 179 179 178 178 177 176 176 176 176 176 177 176 175 175
 175 176 176 176 175 175 175 174 174 174 174 174 174 174 174 173 173 173
 173 173 172 172 171 171 172 171 171 170 171 170 169 169 170 171 171 171
 172 172 171 170 169 168 168 168 168 168 167 167 168 169 168 166 165 166
 166 166 165 164 163 162 163 161 159 158 158 156 153 151 151 149 147 146
 145 144 141 137 137 136 134 131 130 130 129 127 126 126 128 123 121 123
 123  27]","[ 29  28 179 179 179 180 181 181 180 180 179 179 180 180 180 180 179 180
 180 181 181 181 181 181 183 182 182 182 181 181 181 181 181 181 181 181
 180 179 179 179 180 180 180 180 180 180 180 180 179 179 179 180 181 181
 181 181 181 181 181 182 182 181 181 181 179 179 179 179 179 179 180 181
 182 182 182 182 181 181 180 180 180 179 179 180 180 180 179 179 179 178
 178 178 178 179 179 179 179 179 179 178 178 178 178 178 178 178 177 176
 175 175 176 177 177 176 176 175 175 175 176 176 175 175 174 173 173 173
 173 174 173 173 172 172 172 172 171 171 171 171 170 170 171 171 171 171
 171 171 171 171 170 170 170 170 170 170 170 169 170 170 170 168 168 168
 167 166 165 165 166 167 166 165 164 164 165 165 164 162 161 161 161 160
 160 159 157 155 154 152 149 147 146 145 143 141 141 138 138 135 130 125
 128  29]","[ 29  28 179 179 180 180 181 181 180 180 179 179 179 179 179 179 178 179
 180 181 181 181 182 182 182 182 182 181 180 180 180 181 181 181 181 180
 180 179 179 179 179 180 180 180 179 180 180 180 179 179 179 180 181 181
 181 181 182 182 182 182 182 181 180 180 179 179 180 180 180 180 181 181
 183 182 182 182 181 181 180 180 181 180 179 180 181 181 180 180 180 179
 179 179 180 180 179 179 179 179 179 179 179 179 179 179 179 180 179 178
 176 176 177 178 178 177 176 175 175 175 175 176 175 175 175 174 174 174
 174 175 174 173 173 173 173 173 172 171 170 170 171 171 171 171 171 171
 171 171 171 171 171 170 170 170 170 170 170 170 170 170 170 169 170 168
 166 166 167 168 168 167 168 167 167 167 168 168 168 167 166 167 168 167
 167 167 166 165 164 162 161 159 159 159 158 156 156 153 151 152 151 144
 145  32]","[ 30  29 180 180 180 180 181 180 180 180 180 180 180 180 180 179 180 180
 181 181 181 181 182 183 182 182 181 180 180 180 180 181 181 181 181 181
 180 180 179 179 178 179 180 179 178 179 179 179 179 179 179 180 180 180
 181 181 181 181 181 181 181 180 180 179 179 180 180 181 182 182 182 181
 181 181 181 181 181 180 180 180 180 180 179 180 180 180 180 180 180 180
 180 180 181 181 180 180 179 179 179 179 179 179 179 179 179 180 180 180
 179 178 179 179 179 178 177 176 176 176 176 176 177 177 177 177 176 176
 175 175 173 173 173 174 174 174 173 173 171 171 171 172 172 172 172 172
 171 171 171 171 171 170 170 169 171 171 172 172 171 171 171 170 170 168
 167 167 169 170 169 167 167 167 166 166 166 167 167 167 168 168 168 168
 167 167 167 166 165 165 165 165 165 165 165 165 164 167 161 161 164 160
 159  26]","[ 30  29 179 179 179 179 180 179 180 180 180 180 181 181 181 180 182 182
 181 180 179 180 181 182 182 182 181 180 180 180 181 182 182 182 181 181
 181 181 180 179 178 179 180 179 178 179 179 179 179 179 179 179 178 179
 180 181 179 179 180 180 180 179 179 179 179 180 181 182 183 183 183 182
 180 180 180 181 181 180 180 180 179 179 180 180 179 178 179 180 180 180
 180 180 181 181 181 181 180 180 180 180 180 180 180 180 179 179 180 181
 181 181 181 180 180 179 179 179 179 178 178 178 178 178 179 179 178 176
 175 174 173 173 173 174 175 175 175 174 174 174 173 173 173 173 173 173
 172 172 172 172 172 173 173 173 171 172 173 172 172 172 171 170 171 170
 170 169 169 170 170 171 169 169 168 168 168 168 169 170 168 168 167 167
 168 168 168 167 166 168 169 168 167 167 168 169 166 171 163 163 166 163
 166  30]","[ 29  29 180 180 180 180 180 178 178 179 180 181 180 180 180 181 182 182
 182 181 180 181 182 182 181 181 181 181 181 181 181 181 181 181 181 181
 182 182 181 179 179 179 179 179 179 179 179 180 179 179 179 179 179 179
 180 180 180 180 181 181 180 180 179 179 179 180 181 182 183 183 183 182
 181 181 180 180 180 181 180 180 180 181 181 180 179 179 179 179 179 179
 180 180 181 181 182 182 180 180 180 180 180 181 181 181 180 180 180 181
 182 182 181 180 180 180 179 179 179 179 179 179 179 179 180 179 179 177
 176 175 175 175 176 175 175 175 175 175 175 174 174 174 174 174 174 173
 174 174 174 174 174 173 172 171 171 172 172 172 172 171 171 172 171 171
 171 172 172 172 171 170 171 170 170 170 170 170 171 171 168 167 167 167
 167 167 168 168 168 168 168 169 168 167 168 168 169 168 167 167 166 166
 166  29]","[ 29  29 180 180 180 180 180 178 178 179 179 180 180 180 180 181 180 181
 181 180 180 181 181 182 181 181 181 181 181 181 181 181 181 181 181 181
 182 182 181 180 179 179 179 179 179 179 179 180 180 180 180 180 180 180
 180 180 181 181 181 181 181 180 180 180 179 180 181 182 182 182 182 182
 181 180 180 180 180 180 180 180 180 180 181 180 180 181 180 179 179 179
 179 179 180 180 181 181 180 180 180 181 181 181 181 181 180 180 180 181
 181 181 180 180 180 180 179 179 179 179 179 179 179 179 180 180 180 179
 178 178 178 177 177 177 177 177 177 177 176 176 176 176 176 176 176 175
 176 175 175 175 174 173 173 172 171 172 173 173 173 171 170 169 171 171
 171 172 172 172 172 172 172 171 171 171 171 171 171 171 169 169 168 168
 168 168 168 168 168 168 168 169 169 168 169 169 170 170 168 168 167 167
 167  30]","[ 29  28 179 180 180 180 180 179 179 179 178 179 179 180 180 180 180 180
 181 181 181 181 181 181 181 181 181 181 181 181 181 181 181 181 181 181
 182 183 182 180 180 180 179 179 179 180 180 180 180 180 180 180 180 180
 180 180 181 181 181 180 180 180 180 180 179 179 180 181 181 182 181 181
 181 180 180 180 180 180 179 179 180 180 180 181 182 182 181 180 179 179
 179 179 179 179 180 180 180 180 180 180 180 180 180 180 180 180 180 180
 180 180 180 180 180 180 179 179 179 179 179 179 178 179 179 179 179 179
 179 179 179 179 178 178 178 178 178 179 178 177 177 177 178 177 177 176
 176 176 176 175 175 174 174 174 175 175 176 176 176 175 173 172 172 172
 172 172 172 172 173 173 172 172 172 172 172 172 171 171 170 170 170 170
 170 170 169 169 167 167 167 168 169 169 169 169 170 170 168 168 166 167
 167  30]","[ 29  28 179 180 180 180 180 179 179 179 178 179 179 180 180 180 180 180
 181 181 182 181 181 181 182 182 182 181 181 180 180 180 180 181 181 181
 182 182 182 181 181 180 179 179 179 180 180 180 180 180 180 179 179 179
 179 180 180 180 179 179 179 179 180 180 179 179 180 180 181 181 181 181
 180 180 180 180 179 179 179 179 180 180 181 181 181 182 181 180 180 180
 179 179 179 179 180 180 180 180 179 179 179 179 179 180 179 179 179 179
 179 180 180 180 180 179 179 179 179 179 179 179 179 179 179 179 178 179
 179 179 179 179 178 178 178 179 179 179 178 178 178 178 178 178 177 177
 176 176 177 176 176 176 176 176 176 175 175 174 175 175 175 174 174 174
 174 174 173 173 173 174 173 173 173 172 172 172 172 172 171 171 171 172
 172 172 171 171 168 167 167 169 169 169 169 169 170 171 169 169 167 168
 167  29]","[ 29  29 180 180 180 180 180 179 179 179 179 180 180 181 180 180 179 179
 180 182 182 181 181 182 182 182 181 181 181 180 179 179 180 180 181 181
 181 182 182 181 180 180 179 179 179 180 180 180 180 180 179 179 179 179
 179 179 179 179 179 179 179 179 179 179 179 179 180 180 180 181 181 181
 180 180 180 180 179 179 179 179 179 180 181 180 180 180 180 180 180 180
 179 179 179 179 179 180 180 180 180 179 179 179 180 180 179 179 179 179
 179 179 180 180 179 179 179 179 179 179 179 179 180 180 179 179 178 179
 179 179 178 178 178 178 179 179 178 178 178 178 178 179 179 179 178 177
 176 176 177 178 177 177 178 178 177 176 175 175 175 176 176 176 175 175
 176 175 175 174 174 175 175 175 174 174 173 174 174 175 173 173 174 174
 174 174 173 172 170 170 170 171 171 170 170 169 170 172 171 171 169 170
 168  29]","[ 29  29 181 180 180 179 180 180 180 180 180 181 181 181 180 180 179 178
 179 181 182 181 181 182 181 181 181 181 181 180 180 180 180 181 181 180
 181 181 181 181 180 180 179 179 180 180 180 180 181 181 180 179 179 179
 179 179 179 179 179 179 179 179 179 179 179 179 179 180 180 180 180 180
 180 180 180 180 180 179 179 179 179 180 181 180 179 179 179 180 179 179
 179 179 179 179 179 179 180 180 179 179 179 179 179 179 180 179 179 179
 179 179 179 179 179 179 179 179 179 179 179 179 179 179 178 178 178 178
 179 179 179 178 178 179 179 179 179 178 178 178 178 179 179 178 177 176
 175 176 177 177 177 177 177 178 178 178 178 178 178 177 177 176 176 176
 177 176 176 175 176 176 177 176 175 174 174 175 176 176 176 176 176 176
 176 175 173 172 172 172 172 173 173 171 170 170 171 172 172 172 171 171
 169  29]","[ 29  30 182 181 180 179 180 181 181 181 181 181 181 180 181 181 180 179
 179 181 182 181 180 181 181 181 182 181 181 181 180 180 181 181 181 181
 180 181 181 181 180 180 180 181 181 181 181 181 181 181 180 179 179 178
 178 179 179 179 179 179 179 179 179 179 179 179 179 179 180 180 180 180
 179 180 180 180 179 179 179 179 179 180 180 179 179 180 180 179 179 179
 179 179 179 179 179 179 180 179 179 178 178 178 179 179 180 179 179 179
 180 180 179 178 178 178 179 179 179 179 179 179 179 178 178 178 178 178
 179 179 179 179 178 178 179 180 180 179 178 178 178 179 179 178 177 176
 176 177 177 176 175 175 177 178 175 176 176 176 176 175 175 175 177 177
 178 177 176 176 177 178 177 177 176 176 176 176 177 177 177 177 176 176
 176 175 174 173 174 174 175 175 174 173 172 172 171 173 172 172 172 173
 170  29]","[ 29  30 182 181 180 179 180 181 182 182 182 181 180 180 181 181 182 180
 180 182 182 180 179 180 182 182 182 182 182 181 180 180 181 182 181 181
 180 181 181 181 180 180 181 182 181 181 181 182 181 180 179 179 178 178
 178 178 178 178 179 179 179 179 178 178 179 179 179 179 179 179 180 180
 179 180 180 180 179 179 179 179 179 179 179 180 180 181 180 179 179 179
 180 180 180 180 180 180 180 180 179 179 179 179 179 180 179 179 179 179
 180 180 180 179 178 178 178 179 179 179 179 179 180 180 179 179 179 179
 179 179 180 179 178 178 179 180 180 179 179 179 180 180 180 179 178 177
 179 179 178 176 175 176 178 179 176 176 176 175 175 176 178 179 179 179
 178 177 176 176 177 178 178 178 178 178 178 178 178 178 177 177 176 176
 176 175 175 174 176 176 177 177 176 175 174 174 173 174 173 173 173 175
 171  31]","[ 28  29 181 181 182 182 183 182 182 181 180 180 180 180 180 180 181 180
 180 180 180 181 181 180 181 181 181 180 180 180 180 181 181 180 180 180
 180 181 181 181 181 181 181 180 180 180 180 181 180 180 180 179 178 177
 177 178 178 178 179 179 179 179 179 179 179 179 179 179 179 180 181 181
 180 179 179 179 179 179 179 179 179 180 180 180 180 180 180 179 179 179
 180 180 180 180 180 179 179 179 179 179 179 180 180 180 179 179 179 179
 180 180 179 179 179 178 178 179 179 180 180 180 180 179 179 179 178 179
 179 179 179 179 179 179 179 179 179 179 180 180 180 179 179 178 178 177
 178 178 178 177 176 176 177 178 178 179 179 178 177 176 176 176 177 178
 178 178 176 175 175 176 178 179 179 178 178 179 179 179 176 176 175 175
 175 175 174 174 174 176 177 178 178 177 176 176 176 175 176 176 176 174
 174  28]","[ 29  29 181 181 181 181 181 181 181 181 180 180 179 180 180 180 181 180
 179 179 180 181 181 181 182 182 181 181 180 180 180 181 182 181 181 180
 180 180 180 180 180 180 180 180 179 180 180 181 180 180 180 179 178 178
 178 178 178 178 178 178 178 178 178 179 179 180 180 180 181 181 181 181
 180 179 179 179 179 179 179 179 180 180 180 180 180 181 180 180 180 180
 180 181 181 181 180 180 180 179 179 179 179 179 179 180 179 179 179 179
 179 179 179 179 179 179 178 178 179 179 179 179 180 179 179 179 179 179
 179 179 179 180 180 180 180 180 180 180 179 179 179 179 178 178 178 178
 178 179 179 178 177 177 178 179 178 178 179 178 178 177 177 177 177 178
 178 178 177 177 177 177 178 178 177 176 176 177 178 177 176 175 175 175
 175 175 174 174 174 175 177 177 177 177 176 176 177 177 177 178 177 175
 174  28]","[ 29  29 181 181 180 180 180 179 180 180 180 179 179 180 180 180 180 179
 179 179 180 181 181 182 182 182 181 180 180 179 179 179 181 181 181 180
 180 180 180 180 180 179 179 179 179 180 180 180 179 180 180 179 179 179
 179 179 178 178 178 178 178 178 178 179 179 180 181 181 182 182 181 181
 180 180 180 179 179 179 179 179 180 181 181 181 181 181 181 181 181 181
 181 181 181 181 180 180 180 180 180 179 179 179 179 179 179 179 180 180
 179 179 179 179 180 179 178 178 178 178 179 178 180 180 179 179 179 179
 179 179 179 180 181 181 180 180 180 180 179 179 179 179 179 179 179 180
 179 179 179 179 178 178 179 180 178 178 179 179 179 179 179 179 178 178
 179 179 179 178 178 178 178 177 176 175 176 177 177 176 176 175 175 175
 175 175 174 173 174 175 176 176 176 176 177 177 177 177 177 178 178 176
 175  29]","[ 30  29 180 180 180 179 180 179 179 180 180 179 179 179 180 181 180 180
 180 180 180 181 181 181 181 181 181 180 179 179 179 179 180 180 181 180
 180 179 180 180 180 180 179 179 179 180 180 180 180 180 180 180 179 179
 179 179 179 179 179 179 179 179 179 180 180 180 181 181 182 182 181 180
 179 180 180 180 180 180 180 181 181 182 182 181 181 182 182 182 182 182
 182 182 181 181 180 180 180 180 180 180 179 179 179 179 179 180 180 180
 180 179 179 180 180 179 178 177 178 178 179 179 180 180 180 179 179 179
 179 179 179 180 181 182 181 180 180 180 180 179 179 179 179 179 180 180
 179 179 179 179 179 179 179 180 178 178 179 179 179 179 179 179 179 179
 180 180 180 179 178 177 179 178 176 175 176 177 176 175 177 176 176 175
 175 175 174 173 174 174 174 174 175 176 177 177 176 175 175 176 177 176
 175  29]","[ 29  29 180 180 180 179 180 179 179 179 180 180 179 179 180 181 180 180
 181 181 181 181 181 181 181 181 181 180 180 180 180 179 180 180 180 180
 179 179 180 180 181 180 179 179 179 180 180 180 181 181 181 181 180 180
 179 179 179 180 180 179 179 179 180 180 181 181 180 181 181 181 181 180
 179 179 180 180 180 181 181 182 182 182 182 181 181 182 182 182 182 182
 182 182 181 180 180 180 180 181 181 181 180 179 179 179 179 180 180 180
 180 179 180 180 180 179 178 178 178 179 179 180 180 180 180 180 180 179
 179 179 179 180 181 181 180 180 180 180 179 179 179 179 179 179 179 179
 178 179 179 179 179 179 179 180 178 178 179 179 179 179 179 179 179 180
 180 180 180 180 179 178 179 178 177 176 176 177 176 175 177 176 176 176
 176 176 175 174 175 174 174 173 174 175 177 177 175 174 174 175 176 176
 175  29]","[ 29  29 180 179 179 179 180 180 179 180 180 180 179 179 180 181 181 181
 181 181 181 181 181 181 181 181 181 181 182 182 181 181 180 180 180 180
 180 180 180 180 181 181 180 179 179 180 180 180 182 182 181 181 181 181
 180 179 179 179 179 179 179 179 180 180 182 181 181 181 181 181 181 180
 179 179 179 180 180 181 182 182 182 182 182 181 181 182 182 182 181 182
 182 181 180 179 179 180 180 181 182 181 181 180 180 180 179 179 180 180
 180 180 180 180 180 179 179 179 179 180 180 180 181 181 181 180 180 180
 179 179 179 179 180 181 180 180 180 180 179 179 179 179 179 178 178 177
 178 178 178 179 179 179 179 179 178 178 179 179 179 179 179 178 179 179
 180 180 180 179 179 179 179 179 178 178 178 178 177 176 176 176 176 177
 178 178 177 177 176 175 174 173 174 175 177 177 177 175 174 175 177 176
 175  28]","[ 29  28 179 179 179 179 180 179 179 180 181 180 180 179 180 181 181 181
 181 181 180 180 181 182 181 181 181 182 183 183 182 181 180 180 180 180
 180 181 180 180 181 180 180 179 179 180 181 182 182 182 182 182 182 181
 180 180 179 179 179 179 179 179 180 181 182 181 180 180 181 181 180 180
 179 179 179 180 180 181 181 182 181 182 181 180 181 181 182 182 181 181
 181 181 179 179 179 180 180 181 182 182 181 180 180 181 179 179 179 180
 180 181 181 181 181 180 180 180 180 181 181 181 182 182 181 181 181 180
 179 179 179 179 179 180 180 180 180 180 179 179 179 179 179 179 178 178
 178 178 178 179 179 179 179 179 178 178 179 179 180 180 179 178 178 179
 180 180 179 178 179 179 179 179 179 179 179 179 178 177 175 176 176 178
 179 179 179 179 177 176 174 174 174 176 177 178 178 176 175 176 178 177
 176  29]","[ 29  28 179 179 179 178 179 179 180 180 181 181 180 179 180 181 181 181
 181 180 179 180 181 183 181 181 181 182 182 182 181 181 180 179 179 180
 181 182 182 181 180 180 180 179 179 180 182 183 182 182 182 182 183 182
 181 180 179 179 179 179 179 180 181 181 181 180 180 180 180 180 179 178
 179 179 179 179 180 181 181 181 181 181 181 180 180 181 182 182 181 181
 181 180 179 179 179 180 180 181 182 182 181 180 180 181 180 180 180 180
 181 182 182 182 181 181 180 181 181 181 181 181 182 182 182 182 181 180
 179 179 179 179 179 179 180 180 180 180 180 180 180 179 179 180 180 180
 178 178 178 179 179 179 179 179 178 178 179 179 180 180 180 179 179 179
 180 179 178 177 178 178 178 179 179 179 179 178 177 176 176 176 177 178
 179 180 179 179 178 176 175 174 175 176 177 178 177 175 175 177 179 178
 177  29]","[ 29  29 180 180 180 179 180 180 179 180 181 180 179 179 180 180 180 180
 180 180 181 181 181 181 180 181 182 182 182 182 181 180 179 180 181 181
 182 182 182 182 181 181 180 181 181 180 181 182 182 182 182 182 182 182
 181 181 180 180 179 180 181 181 181 181 181 181 182 181 181 180 179 178
 179 179 179 179 179 180 181 181 180 180 181 181 180 181 181 182 184 182
 180 182 179 175 180 179 180 180 182 181 180 181 182 180 180 181 182 182
 182 181 181 181 182 180 179 182 180 178 181 174 177 181 177 177 181 181
 181 177 179 180 180 180 180 180 179 179 179 181 181 178 179 182 179 178
 179 179 179 179 179 179 179 180 179 179 180 181 181 180 179 179 180 179
 179 177 176 176 177 177 179 179 178 178 178 179 178 178 178 178 178 178
 179 179 179 179 180 179 177 175 175 177 178 178 178 178 178 178 179 179
 177  28]","[ 29  29 180 179 179 179 180 179 180 181 181 180 179 179 179 180 180 179
 179 180 180 181 181 180 181 181 181 182 182 181 181 181 179 180 180 180
 181 181 181 181 181 180 180 181 181 181 181 182 182 182 182 182 182 182
 182 181 180 180 179 179 180 180 180 180 182 182 181 181 180 180 179 179
 179 179 179 179 179 179 180 181 180 180 181 181 181 181 181 182 182 185
 180 179 181 180 181 180 181 180 181 182 181 181 181 180 179 180 181 181
 181 181 180 180 177 183 183 183 178 172 179 189 202 201 190 181 177 177
 181 180 179 179 180 180 180 181 181 181 180 180 182 181 179 178 178 181
 179 179 179 179 179 179 179 179 179 179 180 181 181 180 179 179 179 179
 179 179 178 177 178 178 178 178 178 178 179 179 179 179 179 179 179 179
 179 179 179 179 180 179 178 177 178 179 179 179 178 178 179 178 179 179
 177  28]","[ 30  29 180 180 179 179 179 179 180 181 181 180 179 179 179 179 180 180
 180 180 181 182 182 181 180 181 181 182 182 182 182 181 181 180 180 181
 181 181 181 181 180 180 180 181 182 182 182 182 182 182 182 182 182 182
 182 182 182 181 181 180 180 181 181 180 182 182 181 180 180 180 180 180
 179 179 180 180 179 179 180 180 181 181 182 182 182 182 182 182 184 183
 180 180 179 178 181 180 184 182 182 183 183 181 182 184 180 180 181 181
 181 181 180 179 181 183 180 176 176 191 225 251 252 253 246 223 196 179
 179 181 180 180 180 180 180 180 180 180 183 180 180 181 180 180 181 180
 180 180 180 179 179 179 179 179 179 180 180 181 180 180 179 179 178 179
 179 180 179 179 179 178 178 178 179 179 179 179 180 180 179 179 179 179
 179 179 179 179 179 179 179 179 179 180 180 179 179 179 179 179 180 180
 178  29]","[ 29  29 180 180 179 179 180 179 180 180 181 180 179 179 179 179 180 180
 180 181 182 182 182 182 180 180 181 182 183 183 182 182 182 181 181 181
 181 181 181 181 180 180 181 182 182 182 182 182 182 181 181 181 181 181
 182 182 183 182 181 181 181 181 181 181 182 182 181 180 180 180 180 180
 179 180 180 180 179 179 179 180 181 181 182 182 182 182 182 182 182 179
 182 184 179 180 183 177 174 180 185 186 184 180 180 182 181 181 180 181
 181 181 180 180 179 178 182 180 180 208 243 251 249 243 233 221 205 190
 183 181 180 180 180 180 180 180 180 180 180 182 183 183 180 180 182 180
 181 181 181 180 180 180 179 179 180 180 180 180 180 180 180 179 178 179
 180 180 180 180 179 179 179 179 179 179 179 179 179 179 179 179 179 179
 180 180 180 180 179 179 179 179 180 180 180 179 179 179 179 179 180 180
 178  29]","[ 29  29 180 180 180 180 180 180 179 180 181 181 180 181 181 181 180 180
 180 181 182 183 183 182 181 181 182 183 183 183 182 182 181 181 180 181
 181 181 181 180 180 180 181 182 182 181 181 181 182 182 181 181 181 182
 182 183 182 182 181 180 180 180 181 182 182 182 182 182 181 181 181 181
 180 180 180 179 179 179 179 180 180 181 181 181 181 181 181 181 179 182
 182 179 180 181 177 172 182 187 186 179 177 177 178 180 181 181 180 179
 180 180 180 179 182 177 180 178 183 213 235 231 219 196 179 179 182 183
 180 178 179 180 181 181 182 181 181 181 183 184 182 184 184 182 184 181
 182 182 182 182 181 181 180 180 180 180 180 180 180 180 180 180 179 179
 179 180 180 179 179 179 179 179 179 179 180 179 179 179 179 179 179 180
 180 180 180 181 180 180 180 180 180 181 180 179 179 179 179 179 180 180
 178  29]","[ 29  29 180 180 180 180 180 180 180 181 181 181 182 182 182 182 181 181
 181 182 183 183 183 183 182 182 183 183 183 182 181 180 181 181 181 181
 182 182 182 181 181 181 181 182 182 181 181 181 182 182 182 182 182 183
 183 184 182 182 181 181 180 181 182 182 183 183 183 182 182 182 182 183
 181 180 180 179 179 179 179 180 181 181 181 181 180 180 180 181 179 184
 180 176 182 177 176 199 232 249 251 234 210 190 180 181 181 181 180 180
 180 180 180 180 179 179 179 177 188 204 205 198 180 155 143 147 156 165
 173 180 180 180 181 181 181 181 180 179 181 183 178 179 180 176 180 183
 182 182 182 182 182 182 181 181 181 180 180 180 180 180 180 180 180 180
 179 179 180 180 179 179 179 179 179 179 180 180 180 180 179 180 180 180
 180 180 180 180 180 180 180 179 179 180 180 179 179 179 180 179 180 180
 178  29]","[ 29  29 180 180 180 180 180 179 179 180 181 181 181 182 182 181 181 181
 181 182 183 183 183 183 182 182 182 182 181 181 180 180 180 180 181 182
 183 183 182 181 181 181 181 181 181 181 181 181 182 182 182 182 183 183
 183 183 183 183 182 181 181 181 182 183 183 183 182 181 181 182 183 183
 182 181 180 179 179 179 180 181 182 182 182 181 180 180 180 181 180 181
 179 180 185 183 194 227 244 242 229 215 208 198 185 178 180 181 181 181
 180 180 180 179 177 180 178 174 188 205 201 192 167 143 133 137 147 160
 169 175 179 180 180 181 180 180 179 178 181 208 222 226 218 196 184 178
 182 182 182 182 182 182 181 181 181 181 180 180 180 180 180 180 180 180
 180 180 181 181 180 180 180 179 179 180 181 181 180 179 180 180 180 180
 180 180 180 180 180 180 179 179 179 180 180 179 180 180 180 180 181 180
 178  29]","[ 29  29 180 180 180 179 179 179 178 179 180 180 180 181 181 180 180 180
 180 181 181 181 181 181 182 181 180 180 180 180 181 181 179 179 180 181
 183 183 182 180 181 180 180 181 181 181 181 182 182 182 182 182 182 182
 182 183 183 183 182 181 180 180 181 182 183 182 181 180 180 181 182 183
 182 182 181 179 179 179 181 182 182 182 181 180 180 179 180 181 182 178
 183 180 178 189 202 212 203 191 169 158 165 173 176 181 179 180 181 181
 180 179 178 178 179 180 181 174 184 208 207 188 168 146 135 132 137 153
 166 175 177 178 179 180 181 181 182 182 224 250 250 242 237 222 202 183
 181 182 182 182 182 182 181 181 181 181 180 180 180 180 180 180 180 180
 180 181 182 182 181 181 181 180 179 180 181 181 180 178 179 179 180 180
 180 181 181 181 180 180 180 180 180 181 180 179 180 181 181 180 181 181
 178  30]","[ 29  29 180 179 179 179 179 179 179 179 179 180 181 182 182 182 180 180
 181 182 181 181 181 182 181 180 180 180 180 180 180 180 179 180 181 181
 183 183 182 181 181 181 181 181 182 182 181 181 181 182 182 182 182 182
 183 183 183 183 182 181 180 181 182 183 183 182 180 180 180 181 182 183
 183 182 181 180 180 180 182 182 182 181 181 180 180 180 180 180 181 177
 181 179 180 186 188 164 164 168 155 141 134 144 171 179 179 183 178 179
 182 179 179 178 179 178 180 175 188 206 204 185 167 152 136 125 128 144
 166 176 175 176 180 182 179 182 176 209 241 245 225 201 182 187 191 187
 181 182 182 182 182 183 182 180 182 182 181 180 180 180 180 180 180 180
 180 181 181 181 181 181 181 181 180 181 181 181 180 180 179 180 180 181
 181 181 180 180 180 179 180 181 181 180 180 180 180 181 181 181 180 179
 179  29]","[ 29  30 180 179 180 179 179 179 178 178 179 179 180 180 180 180 180 180
 180 180 180 180 180 181 181 181 180 180 180 180 180 180 179 180 181 181
 182 183 183 182 181 180 180 181 181 182 181 181 181 182 182 182 182 183
 183 183 184 184 184 183 183 182 183 183 182 182 180 180 181 182 182 183
 182 182 181 181 181 181 182 182 182 182 181 181 180 180 180 180 181 181
 181 178 179 178 165 141 143 139 125 115 115 128 160 182 179 181 179 181
 181 179 179 179 180 178 180 176 186 198 195 178 164 151 132 123 124 136
 166 178 176 177 179 180 178 180 181 214 239 223 196 176 156 152 162 182
 182 182 181 181 181 182 182 181 181 181 181 181 180 180 180 180 181 181
 181 181 182 182 181 181 181 180 180 181 181 181 181 180 179 179 180 180
 181 181 182 182 181 180 181 181 181 180 179 179 179 180 180 181 180 180
 179  29]","[ 29  29 180 179 180 179 179 179 179 179 179 179 179 179 179 179 181 180
 179 179 179 179 180 181 181 180 180 180 180 180 180 179 180 181 181 181
 181 182 182 182 181 181 181 181 182 182 181 181 181 182 183 183 183 183
 183 183 184 184 184 184 183 183 183 183 182 181 181 181 181 182 182 182
 182 182 182 182 182 182 182 182 182 182 182 181 181 180 180 180 180 183
 181 179 180 176 149 125 123 113 104 101 105 117 146 182 180 178 181 182
 181 180 179 179 180 178 181 179 188 193 187 173 157 145 126 121 122 129
 166 181 177 179 179 179 179 177 189 218 218 200 179 163 150 143 147 171
 184 182 181 181 182 182 182 182 181 181 181 181 181 181 180 180 181 181
 181 181 182 182 181 181 180 180 180 181 181 182 181 181 179 179 180 180
 181 182 182 183 181 181 181 181 181 180 179 179 179 180 180 181 181 180
 179  29]","[ 29  29 179 179 180 180 179 179 179 180 180 180 180 179 180 180 181 180
 180 180 179 179 179 180 180 180 180 180 180 180 180 180 180 181 181 181
 181 181 182 182 183 183 182 182 182 182 181 181 182 183 184 183 183 183
 184 183 183 183 184 183 183 183 182 182 181 181 181 181 182 183 183 182
 182 182 183 183 183 183 183 182 182 181 181 181 180 180 180 180 179 182
 180 179 181 183 154 127 124 109  99  96  98 109 133 181 183 177 182 182
 180 181 179 180 181 179 181 180 186 186 174 159 145 132 119 116 118 123
 160 181 178 181 180 180 181 176 194 217 210 193 174 154 145 140 134 150
 185 182 181 182 183 182 182 183 182 182 182 182 182 182 181 181 181 181
 181 182 182 182 181 181 181 181 181 181 181 182 181 181 181 180 180 180
 180 181 182 182 181 180 180 181 180 179 178 178 180 181 180 181 181 181
 181  29]","[ 29  29 179 178 180 179 179 179 178 179 180 180 179 179 180 180 181 180
 181 181 180 179 179 179 179 179 179 180 180 181 181 181 180 181 181 181
 181 181 181 181 183 183 183 182 182 181 181 181 182 183 184 184 183 184
 184 183 184 184 184 183 183 183 183 183 181 181 181 182 182 183 183 182
 183 183 183 183 183 183 183 183 181 181 181 181 180 180 180 180 180 181
 180 180 178 186 164 131 122 108  99  93  92 101 118 168 185 178 181 181
 179 181 179 180 179 179 181 179 187 184 167 147 133 118 112 109 112 118
 155 182 179 181 180 180 181 177 198 213 203 183 167 148 143 136 127 143
 184 181 181 182 183 182 181 182 182 182 182 182 181 181 182 182 182 182
 182 183 183 183 182 181 182 181 181 181 182 182 181 181 182 181 181 180
 180 181 181 182 181 180 180 181 181 180 179 179 181 182 181 182 182 181
 181  29]","[ 29  29 178 177 179 179 179 179 179 179 179 180 180 180 180 180 180 180
 181 181 180 179 178 179 177 178 179 179 180 180 181 181 180 181 181 181
 180 181 181 181 181 181 182 182 181 181 181 181 182 183 184 183 183 183
 184 183 185 184 183 183 183 183 183 183 181 181 181 182 183 183 183 183
 184 183 183 183 183 183 183 183 181 181 181 181 181 181 181 181 180 179
 180 181 176 184 173 136 119 106  97  92  90  99 108 150 183 180 180 179
 179 181 180 180 178 179 181 178 187 183 161 138 121 105 104 101 106 114
 154 186 181 182 180 180 182 181 200 207 197 179 166 147 142 135 128 141
 182 182 182 183 183 182 182 182 182 181 181 181 180 181 181 181 182 183
 183 184 184 184 183 182 182 182 182 182 182 182 181 181 181 181 181 181
 181 181 182 182 181 181 181 182 181 180 180 180 182 182 182 183 183 182
 181  29]","[ 29  29 177 177 179 179 179 180 180 180 180 180 181 181 180 180 180 180
 181 182 181 180 179 179 177 178 179 179 180 180 180 181 181 181 180 180
 180 181 181 181 181 181 182 182 181 181 181 182 182 183 183 182 182 183
 183 183 184 183 182 181 182 182 182 182 181 181 181 182 183 183 183 183
 183 183 183 183 182 182 182 182 181 181 181 182 182 182 182 182 180 179
 179 181 179 182 179 145 127 109  93  88  88  98 103 135 178 182 181 179
 180 180 181 180 180 180 180 177 186 179 153 130 115 102  99  97 102 107
 152 185 182 182 180 181 182 185 197 197 178 162 150 132 131 133 134 142
 181 182 183 182 182 183 183 182 181 181 181 181 181 180 180 180 182 182
 183 184 185 184 183 182 183 183 182 183 183 183 183 182 181 181 181 181
 182 182 182 182 182 182 182 182 182 181 180 180 181 182 182 183 183 182
 181  29]","[ 30  29 177 176 178 179 180 180 181 180 180 180 181 181 180 180 181 181
 182 183 182 181 180 180 179 180 181 181 181 181 181 182 182 181 180 179
 180 181 182 181 182 182 183 183 182 182 182 182 182 183 183 182 181 182
 183 183 183 182 181 181 181 182 181 181 181 181 181 182 182 183 183 183
 183 183 183 182 182 181 181 180 181 181 181 181 182 182 182 182 180 180
 178 180 181 179 181 152 130 110  93  91  91  97  94 117 174 183 181 180
 181 179 181 180 179 178 180 180 191 184 160 139 122 112 107 104 106 104
 153 183 181 182 181 181 181 186 191 185 167 147 134 123 124 122 121 125
 180 182 183 181 181 182 182 182 181 181 182 182 182 181 180 180 181 181
 182 183 184 184 183 182 183 183 183 183 184 184 184 183 182 182 182 182
 182 182 182 182 183 182 182 182 181 180 179 179 181 181 181 183 183 183
 181  29]","[ 29  30 177 177 179 178 180 179 180 179 178 179 180 179 179 179 179 179
 179 180 181 181 181 182 181 180 180 180 181 181 181 181 181 181 180 180
 180 181 181 181 181 182 182 182 181 181 182 183 182 182 182 182 181 181
 182 183 183 183 183 183 181 180 181 181 181 181 182 183 183 183 183 183
 184 183 182 182 182 182 181 181 181 181 180 181 182 183 182 180 180 179
 181 180 178 181 177 163 127 110  96  89  89  91  95 101 161 188 181 180
 183 179 179 180 181 180 179 181 189 188 163 134 120 116 108 110 105 106
 151 180 183 180 183 183 182 183 187 175 154 141 126 118 113 113 109 116
 178 180 182 181 181 182 183 183 182 182 183 182 182 182 182 183 183 183
 183 182 182 182 182 182 182 182 183 182 182 182 182 183 182 183 183 183
 182 182 182 182 182 182 182 181 181 181 180 180 181 181 181 183 183 183
 181  29]","[ 30  30 178 178 180 178 180 180 180 179 179 180 180 180 180 180 180 179
 179 180 180 180 180 181 182 182 181 181 181 181 181 181 180 180 180 180
 180 180 181 181 182 182 182 182 182 182 182 182 181 182 181 181 181 181
 182 182 182 183 183 182 181 181 181 181 182 182 183 183 184 184 183 182
 182 182 182 182 183 182 182 181 181 181 180 180 182 183 182 181 181 179
 180 179 178 181 178 168 121 103  97  94  90  91  93  99 136 178 180 182
 181 181 178 181 180 181 180 180 187 185 158 130 115 111 107 109 107 112
 154 184 181 178 180 180 182 182 181 163 143 131 120 115 110 106 100 111
 179 181 182 182 181 182 182 182 182 182 183 182 182 182 183 183 184 184
 183 183 183 183 183 182 182 182 182 183 183 182 182 182 182 182 182 182
 182 182 182 182 182 182 182 182 181 181 181 181 181 181 181 182 183 183
 181  29]","[ 29  29 177 177 179 178 180 179 179 179 180 180 180 180 180 180 180 179
 179 179 179 179 179 180 182 181 181 181 181 181 180 180 180 180 179 179
 180 180 180 181 182 182 183 183 182 182 182 182 182 181 181 181 181 182
 182 182 182 182 182 182 181 181 181 182 183 183 183 184 184 183 182 181
 182 182 182 183 183 183 182 181 181 181 181 180 181 183 183 182 181 179
 180 180 177 180 180 174 135 106  98  95  89  90  91  94 124 177 184 181
 178 182 178 182 179 180 181 181 188 186 158 132 116 110 108 107 105 112
 149 180 183 180 181 180 180 180 176 155 139 127 115 110 106 101  98 117
 179 180 182 182 182 182 181 181 182 182 182 182 182 182 183 184 184 184
 183 183 183 184 183 182 182 182 182 183 183 182 182 181 181 181 181 181
 182 182 182 182 182 182 182 182 182 182 181 181 181 181 180 182 183 183
 181  29]","[ 29  29 176 177 179 178 180 179 178 179 180 180 179 179 179 179 179 179
 178 179 179 178 179 179 180 180 180 180 180 181 181 181 179 179 179 179
 180 180 180 180 182 183 183 183 183 183 182 182 182 182 181 181 182 183
 182 182 182 181 181 181 181 181 181 181 183 183 183 183 183 183 182 181
 182 182 182 182 183 182 181 181 182 182 181 181 181 182 182 182 181 180
 180 180 178 179 180 179 145 107  96  93  88  92  93  96 117 174 186 179
 177 183 178 181 179 179 180 180 189 187 159 135 116 108 106 103 102 112
 147 182 178 179 182 180 180 183 184 167 158 145 129 117 108  99  95 119
 179 179 180 180 181 181 181 181 181 181 181 181 181 182 182 183 184 184
 184 183 182 183 183 183 183 183 182 182 182 182 181 181 181 181 180 181
 182 182 183 182 182 182 182 182 182 182 182 182 181 181 180 182 183 183
 181  29]","[ 29  29 176 177 179 179 180 179 179 180 181 180 179 179 178 177 177 177
 178 179 179 179 179 179 180 180 181 181 181 181 181 181 179 179 179 179
 180 180 180 180 182 183 183 183 183 183 183 182 182 181 181 181 182 183
 182 182 181 181 180 180 180 181 181 181 182 182 181 181 182 182 182 182
 183 182 182 182 182 182 182 181 182 182 182 181 181 182 182 181 181 180
 181 181 179 178 179 181 152 116 103  99  94  95  96 100 102 157 184 179
 180 182 179 180 181 179 178 177 188 187 156 134 117 107 104  99 100 110
 146 184 177 178 182 179 180 186 190 173 151 140 130 121 115 109 104 128
 180 179 179 180 181 181 181 181 181 181 180 180 181 182 182 183 182 183
 184 183 182 182 184 184 185 184 182 182 182 182 181 181 181 180 180 181
 182 183 183 183 182 182 182 182 182 182 182 182 181 181 180 182 183 183
 181  29]","[ 28  29 176 177 179 178 180 179 178 180 180 179 178 178 177 176 176 176
 177 178 179 179 179 179 180 180 181 181 180 180 180 181 180 179 179 179
 180 181 180 180 182 182 182 183 183 183 182 182 182 181 180 181 182 182
 182 181 181 181 180 180 179 180 181 181 182 182 181 181 181 182 182 182
 182 181 181 181 181 182 182 182 182 182 182 181 181 182 181 181 180 180
 181 181 180 178 178 180 168 134 109 101  99  98  97  97  96 142 181 182
 181 179 179 180 181 178 178 176 189 188 155 133 121 110 104  97  96 104
 140 181 182 180 181 179 182 187 187 168 150 136 127 120 114 109 104 128
 183 181 179 180 182 182 181 181 181 181 181 181 182 182 183 183 181 183
 183 183 182 183 185 186 186 184 182 181 181 182 182 182 181 181 181 182
 182 183 183 183 182 182 182 183 183 182 182 182 181 182 181 182 182 182
 180  29]","[ 28  29 177 177 179 177 179 179 178 180 180 178 178 178 177 175 175 175
 176 177 178 178 179 180 179 180 180 180 180 179 179 180 180 179 179 180
 181 181 181 180 181 181 181 182 182 182 182 181 181 180 180 181 181 182
 182 181 181 181 181 180 179 179 180 181 183 182 181 181 181 182 182 182
 182 181 181 181 181 182 181 181 181 182 182 182 182 182 181 181 180 181
 180 180 180 179 178 178 175 144 107  96 100  99  97  95  99 130 173 184
 179 178 179 181 180 178 179 178 190 188 152 131 117 108 101  97  97 101
 139 182 181 178 179 179 183 187 186 166 155 132 122 116 111 108 105 132
 183 181 179 181 182 183 182 181 181 181 181 181 182 183 182 182 182 182
 182 182 182 184 185 186 184 183 181 181 182 182 182 182 181 181 182 183
 183 183 183 183 182 182 183 183 183 183 182 182 181 182 181 182 182 181
 180  29]","[ 29  30 178 178 179 178 180 180 179 180 180 179 179 180 178 176 175 175
 175 176 177 178 179 180 179 180 181 181 180 180 180 180 180 179 179 180
 181 182 181 180 180 180 180 181 182 182 181 180 181 180 180 181 182 182
 182 181 181 181 181 180 179 179 180 182 183 182 182 182 182 182 182 181
 182 181 181 181 181 181 180 180 180 181 182 182 182 182 182 181 179 180
 179 179 180 180 177 177 178 154 112  98 103  99  97  96  94 116 161 185
 180 181 178 178 179 179 181 178 189 183 145 124 116 108 101  99  98  99
 138 182 182 179 180 179 181 183 181 162 150 122 112 111 107 104 102 130
 182 180 178 181 183 183 182 181 180 180 180 181 182 182 182 181 183 182
 181 180 182 184 184 183 183 182 181 181 182 183 183 182 181 182 183 184
 183 183 183 183 182 182 183 183 183 182 182 182 181 182 182 182 182 181
 180  29]","[ 30  29 176 178 181 179 180 179 180 179 178 179 180 180 179 179 176 177
 178 178 177 178 179 179 180 179 179 179 179 179 179 180 180 181 181 181
 180 180 180 181 180 180 180 180 180 181 181 182 181 181 181 181 181 181
 180 180 181 181 181 180 180 180 181 181 181 182 183 183 182 181 182 182
 182 182 182 182 182 182 181 180 179 180 182 183 183 183 182 182 180 179
 178 179 180 179 178 176 179 157 123 103 105 103  96  96  96 107 147 182
 177 179 181 178 181 178 182 178 193 177 149 119 115 105 101 101  97 105
 133 179 179 179 181 181 179 182 176 161 140 127 114 107 104 102  97 136
 185 181 180 182 181 181 181 181 181 181 181 180 180 180 182 183 182 182
 182 182 183 183 183 182 182 181 180 180 181 182 183 183 183 183 183 183
 183 184 184 184 182 182 183 183 182 182 182 182 182 182 181 181 181 181
 180  29]","[ 30  29 177 178 180 178 180 180 179 178 177 178 179 179 179 178 176 178
 178 178 177 177 178 178 177 177 178 179 179 180 180 180 179 180 180 180
 180 180 180 180 180 180 180 180 180 181 181 181 181 181 181 182 182 182
 181 180 181 181 180 180 179 179 179 180 182 182 183 182 181 181 181 182
 183 183 182 182 182 182 181 180 180 181 181 182 182 182 181 181 180 179
 178 178 179 178 176 175 179 164 130 109 108 104  97  96  99 103 134 176
 183 181 180 180 181 178 181 179 192 171 142 116 112 105 101 101  98 104
 130 178 180 179 178 179 182 183 168 147 133 122 112 106 102  97  94 138
 185 181 180 181 181 180 181 182 181 181 181 180 180 181 182 183 182 182
 182 182 183 183 183 182 181 181 181 181 182 182 182 182 183 183 183 183
 183 183 183 183 183 182 182 183 183 183 182 182 182 182 182 182 182 182
 180  28]","[ 29  29 177 178 180 178 180 180 178 178 177 178 179 179 179 179 177 178
 179 178 177 177 178 178 175 176 178 179 180 180 179 179 180 179 179 179
 180 180 181 181 180 180 180 180 180 180 180 180 180 181 182 182 182 181
 181 180 180 180 180 179 179 179 179 179 182 182 182 181 180 180 181 182
 184 184 183 182 182 182 181 181 181 182 182 182 182 181 181 180 180 179
 179 179 179 178 177 176 179 172 139 115 110 104  98  96  98  96 113 160
 185 180 175 179 180 178 180 181 190 163 134 116 107 102  98  98  97 101
 123 173 179 180 178 178 181 177 156 134 126 116 108 103 100  95  94 142
 184 180 179 180 180 180 182 182 181 181 181 181 181 181 182 183 183 182
 182 182 182 183 182 182 180 181 182 183 183 183 183 183 184 183 183 183
 183 183 182 182 183 182 182 182 183 183 182 180 181 182 182 183 183 183
 181  28]","[ 29  29 176 177 180 179 180 179 178 177 177 178 178 179 179 178 177 178
 179 178 177 177 178 178 176 177 178 179 180 179 179 178 180 180 179 179
 180 181 181 180 180 180 180 180 180 180 180 179 180 181 181 181 181 180
 180 180 180 180 180 180 180 179 180 180 182 182 181 180 180 180 181 182
 184 184 184 183 183 183 182 181 182 182 182 182 182 181 181 181 179 179
 179 179 179 179 178 178 179 179 146 117 109 102  98  96  99  96 101 145
 182 181 177 180 179 178 179 182 187 156 130 118 104 101  96  96  97  98
 118 170 179 181 179 179 181 169 146 130 124 115 104  99  99  97  96 144
 183 180 179 181 180 180 181 182 181 181 181 181 181 182 183 183 182 182
 182 182 182 182 182 182 181 182 183 183 183 182 183 184 183 183 183 183
 183 183 182 182 182 182 181 182 183 182 181 179 181 182 182 183 183 183
 181  29]","[ 29  29 176 177 180 179 180 177 176 176 176 176 177 177 177 177 176 177
 178 177 177 178 179 179 178 179 179 179 179 179 179 179 180 179 179 179
 180 180 180 179 180 180 180 180 180 180 179 179 179 180 180 181 181 180
 180 180 180 181 181 181 180 180 180 181 181 181 181 181 180 180 180 181
 182 183 183 183 183 183 182 182 182 182 182 181 181 181 181 181 179 179
 179 179 179 178 178 178 179 181 152 120 107 102  98  96  97  98  97 129
 169 179 181 180 180 179 179 182 182 150 128 119 104 102  96  96  97  96
 117 171 181 180 177 180 180 162 137 127 122 117 106  98  98  97  95 141
 183 180 180 181 180 180 181 181 180 180 180 181 182 182 183 183 182 181
 181 181 182 182 182 182 181 182 182 182 181 181 182 183 183 183 184 184
 183 183 182 182 181 182 182 182 182 181 181 180 181 183 182 183 183 182
 181  29]","[ 29  29 176 176 180 179 179 176 176 176 176 176 176 176 176 176 175 176
 177 177 177 178 179 179 179 179 179 179 179 179 179 179 180 180 180 180
 180 180 179 179 180 180 180 180 180 179 179 179 179 179 179 179 180 181
 181 180 181 181 182 181 181 180 180 180 180 180 181 181 181 180 180 179
 180 181 182 182 182 182 182 181 180 180 181 181 181 180 180 180 180 180
 180 180 179 179 178 178 177 181 159 125 107 103  97  94  93  96  96 113
 148 171 181 178 181 180 178 180 175 146 128 117 105 101  95  94  94  94
 115 171 180 180 179 180 172 147 124 121 117 116 106  96  95  95  93 140
 183 180 180 182 181 180 180 180 180 180 180 181 182 183 183 183 181 181
 180 181 181 182 182 182 182 182 182 181 180 180 181 183 184 184 184 184
 184 183 182 181 182 182 183 183 182 182 182 182 182 183 182 182 182 182
 181  29]","[ 29  30 176 175 177 177 179 177 176 176 176 175 175 175 175 175 174 176
 176 176 176 177 178 179 179 179 179 179 179 179 179 179 179 179 180 181
 180 180 179 179 179 179 179 179 179 179 179 179 179 178 177 177 178 179
 179 178 180 181 181 181 180 179 179 179 179 180 180 180 180 180 179 179
 179 181 181 181 181 181 181 181 180 180 180 181 181 180 180 179 180 180
 180 180 180 179 179 179 177 179 166 129 106 103  97  95  93  94  98 104
 131 163 184 181 179 179 178 180 172 149 135 120 110 103  95  94  91  90
 114 171 179 180 180 178 164 138 121 122 118 113 101  91  92  91  90 139
 185 181 180 181 181 180 180 180 180 180 180 181 182 182 182 182 181 180
 180 180 181 182 182 182 182 182 182 181 181 181 182 183 185 185 185 185
 184 183 182 181 182 182 182 182 182 183 182 182 182 183 182 182 182 182
 181  29]","[ 28  30 176 174 175 174 177 177 175 175 175 174 174 174 174 174 174 175
 176 175 175 176 178 178 179 179 179 179 178 178 178 178 177 178 179 180
 180 179 179 179 179 179 178 178 178 179 179 179 179 177 175 175 176 177
 176 176 179 179 180 180 180 179 179 179 179 179 180 180 180 180 179 178
 180 181 182 181 180 181 181 181 180 181 181 181 181 180 180 179 179 179
 179 179 179 179 179 179 178 179 170 131 104 102  97  97  92  89  97 100
 120 156 183 182 178 179 180 182 174 155 145 128 117 108  99  96  91  90
 115 171 182 179 177 176 165 144 130 129 125 114  95  85  88  88  86 135
 186 182 180 181 180 180 180 180 181 180 180 181 182 182 181 180 180 180
 180 180 181 182 183 183 181 181 181 181 180 181 182 183 184 184 185 185
 185 184 183 182 183 181 181 181 182 183 183 182 182 183 182 182 182 182
 181  29]","[ 29  29 173 175 175 176 175 174 175 175 175 174 173 171 171 170 172 173
 175 176 177 177 178 178 179 179 180 180 179 178 177 177 177 178 179 180
 180 179 179 179 179 179 179 178 178 178 179 179 179 179 178 176 175 175
 175 176 177 176 175 175 177 178 179 179 179 179 179 179 180 180 180 179
 179 179 180 181 182 182 182 181 181 181 181 180 180 180 180 180 179 179
 179 179 179 179 179 179 180 179 178 140 110 105  97  92  89  89  88  92
  98 138 183 181 181 180 178 179 173 158 142 130 121 115 104  98  98  97
 118 173 181 179 181 181 161 147 138 135 131 115  94  88  89  80  85 132
 185 182 179 180 180 179 179 181 180 180 180 180 180 180 180 180 180 180
 180 180 181 182 183 184 182 182 181 181 181 181 182 183 183 184 185 185
 185 184 183 182 182 182 182 181 181 181 182 182 182 182 181 182 182 181
 181  29]","[ 29  29 174 175 175 176 175 175 175 175 175 175 173 171 170 169 172 173
 175 176 177 178 179 179 179 179 179 179 179 179 179 179 177 178 179 180
 179 179 179 179 179 179 179 179 179 179 179 179 179 179 179 178 177 177
 177 177 177 176 176 176 177 179 179 179 179 179 179 179 180 180 180 180
 179 179 179 180 181 181 181 181 180 180 180 180 179 179 180 180 179 179
 180 180 179 179 179 179 179 179 180 144 114 105  94  90  87  86  85  88
  92 123 173 187 176 179 181 183 169 147 127 115 111 105  98  96  97  96
 126 178 179 178 177 175 155 139 135 131 126 109  95  92  89  84  88 138
 184 181 179 179 180 179 179 180 180 180 180 181 181 180 180 180 181 181
 181 181 181 181 182 183 182 181 181 181 182 181 182 183 184 184 185 186
 185 185 184 183 182 182 181 181 181 182 182 182 182 182 181 182 182 181
 181  29]","[ 29  30 175 176 175 175 175 175 175 176 177 176 175 172 170 169 172 173
 174 176 177 177 178 179 179 179 179 179 179 179 180 180 178 179 179 179
 179 179 179 179 179 179 179 179 179 179 179 179 179 179 179 179 179 179
 178 179 178 177 177 177 178 179 179 179 179 179 179 179 179 179 180 180
 179 179 179 180 180 180 180 180 180 180 180 180 179 179 180 180 180 180
 180 180 179 179 179 179 179 180 183 153 117 106  90  89  87  84  86  86
  89 106 155 186 181 180 178 181 163 142 121 108 101  96  93  95  98  95
 136 181 178 179 177 168 151 136 136 131 123 106  98  96  90  89  93 153
 183 180 178 179 180 180 179 180 179 180 180 181 181 181 180 180 181 181
 181 181 181 181 181 181 181 181 181 182 182 182 182 182 183 183 184 185
 185 184 183 182 181 181 181 181 181 182 182 182 182 182 181 182 181 181
 181  29]","[ 29  30 175 176 174 174 175 175 175 176 177 177 175 173 171 171 172 173
 174 175 176 177 178 178 179 179 179 179 179 179 179 179 179 179 179 179
 179 179 179 179 179 179 179 179 179 179 179 179 179 179 179 179 179 179
 179 179 179 178 178 179 179 179 179 179 179 179 180 180 179 179 180 180
 179 179 179 179 180 180 180 179 180 181 181 180 179 179 179 180 180 180
 180 179 179 179 179 179 180 179 184 164 118 106  90  89  87  84  89  88
  93  97 140 182 179 178 178 183 164 142 118 101  95  91  91  94  97  96
 145 178 176 178 179 161 147 138 136 130 122 105  97  95  91  90  98 169
 182 179 178 179 180 180 180 179 179 179 180 180 180 180 180 180 180 180
 181 182 182 182 182 182 181 181 181 182 182 182 182 182 182 182 183 183
 183 183 182 182 181 181 181 181 181 181 182 182 181 182 181 181 181 180
 179  29]","[ 29  30 175 175 173 174 174 175 174 175 175 175 174 173 172 172 174 175
 175 176 176 177 177 178 178 178 179 179 179 179 178 178 180 179 179 179
 179 179 179 179 179 179 178 178 178 179 179 180 180 179 179 179 179 179
 179 179 179 179 179 179 180 180 179 178 179 179 180 180 179 179 179 180
 180 179 179 179 180 180 180 179 180 180 180 180 179 179 179 179 181 180
 179 179 178 179 179 179 181 177 181 174 122 108  95  92  88  85  89  89
  97  97 133 181 175 177 179 182 163 136 111  95  90  88  87  88  93  97
 152 175 175 176 177 152 140 137 129 122 116 102  93  91  91  89 103 179
 180 179 178 179 180 180 180 179 179 179 179 179 179 180 180 180 179 180
 181 182 182 182 182 182 182 181 181 182 182 183 183 183 182 183 183 184
 184 183 182 182 181 181 181 181 181 181 181 181 181 181 181 181 181 180
 179  29]","[ 30  30 174 175 173 173 174 175 174 175 175 175 174 174 174 174 175 175
 176 176 176 176 176 177 176 177 177 178 179 179 178 178 180 179 179 179
 179 179 179 179 179 179 178 178 178 178 179 179 180 179 179 179 179 179
 179 179 179 179 179 180 180 179 179 179 179 179 179 179 179 179 179 179
 179 179 179 179 180 180 180 179 179 179 178 178 179 179 179 179 181 180
 179 179 178 178 179 179 180 177 179 181 135 114 104  99  95  89  90  88
  96  96 126 179 178 177 178 180 165 132 105  91  87  85  83  82  89 101
 158 178 177 176 172 147 136 134 122 114 107  98  89  89  91  89 116 183
 178 178 179 179 180 180 180 179 179 179 179 179 179 179 180 180 180 181
 182 182 182 182 182 182 182 181 181 182 183 183 183 183 182 183 183 183
 183 183 182 181 181 181 181 180 180 180 180 181 180 181 181 181 180 180
 179  29]","[ 29  30 174 175 173 174 174 175 174 175 176 176 175 175 175 175 175 175
 175 175 175 175 175 176 175 175 176 177 178 179 179 179 179 179 179 179
 179 179 179 178 179 179 178 178 178 178 179 179 179 179 179 179 179 180
 179 179 179 179 179 179 179 179 179 179 180 179 179 179 179 179 179 178
 178 178 178 178 179 180 180 179 179 179 178 178 179 180 179 179 180 180
 179 179 179 179 179 178 179 179 178 182 155 120 111 103  99  92  91  88
  91  90 116 172 177 173 177 182 173 128  96  84  84  83  81  82  89 105
 161 180 180 176 160 145 133 127 117 109 101  95  87  87  87  91 134 182
 177 178 179 179 179 179 179 179 179 179 179 179 179 180 180 180 181 181
 182 182 181 181 181 181 182 181 181 182 183 183 182 182 182 182 182 182
 182 181 180 180 181 180 180 180 180 180 181 181 180 181 180 181 180 179
 179  29]","[ 29  29 174 175 174 174 175 175 174 175 175 175 175 174 174 174 176 176
 176 176 175 175 176 176 174 175 175 176 177 178 179 179 179 179 179 179
 180 180 179 178 179 179 178 178 178 178 178 178 178 178 178 179 180 180
 179 179 179 179 179 179 179 179 179 179 180 179 179 179 179 179 178 178
 178 178 177 178 179 179 179 179 181 180 179 179 180 180 179 178 179 179
 179 180 179 179 178 178 177 181 177 179 170 122 113 104  96  91  91  90
  89  86 108 167 179 173 175 178 168 115  88  85  82  81  82  85  90 106
 159 180 178 173 148 141 130 119 113 104  99  93  87  86  82  91 147 180
 175 178 180 179 178 178 179 179 179 179 180 180 180 180 180 180 180 181
 181 181 181 181 181 181 181 180 181 182 183 183 182 181 182 182 182 182
 181 181 180 179 180 180 180 180 180 180 181 181 180 181 180 181 180 179
 179  29]","[ 29  30 173 174 174 174 172 173 173 174 175 176 176 175 175 175 173 174
 174 175 175 175 176 176 175 175 176 176 178 179 179 179 179 178 178 179
 178 178 178 178 178 179 179 179 179 179 179 179 179 179 178 178 179 179
 179 179 179 179 179 179 179 180 180 180 180 179 179 179 180 179 178 176
 176 176 176 177 178 179 179 179 180 180 179 179 179 179 178 177 179 179
 179 179 179 179 178 178 178 179 175 179 179 138 118 105  98  92  89  88
  87  89  96 161 180 175 176 181 159 103  88  81  80  79  82  83  79  99
 162 179 181 168 139 130 124 115 106 102  97  88  88  88  78  96 160 179
 176 177 178 177 178 180 179 178 178 179 180 180 179 180 180 180 180 181
 181 181 181 181 181 181 181 181 180 181 182 183 182 181 181 180 180 180
 181 180 179 179 179 180 180 180 180 180 180 180 181 180 181 181 180 180
 178  29]","[ 28  30 173 173 174 174 173 174 174 175 175 175 175 174 174 174 174 174
 174 175 175 175 175 175 175 176 176 177 177 178 178 178 177 177 177 178
 178 178 178 178 178 178 178 178 178 179 179 179 179 179 179 179 179 179
 179 179 179 179 179 179 179 179 179 179 179 179 178 179 179 178 177 176
 176 176 176 178 179 179 179 179 179 179 179 179 179 179 179 178 180 179
 179 179 179 179 179 179 179 179 177 175 181 160 120 107  97  96  90  86
  91  90  89 146 183 172 173 182 163  98  81  78  80  77  79  80  81  95
 160 176 174 154 133 125 115 107 104 101  97  89  85  84  82 112 172 179
 175 177 178 178 179 180 179 177 177 178 179 179 179 179 180 180 180 181
 181 181 180 180 181 181 181 180 179 180 181 182 181 181 181 181 181 181
 181 181 180 179 179 179 180 180 179 179 179 180 181 180 181 181 180 180
 178  29]","[ 28  29 172 173 173 173 173 174 174 174 175 174 174 173 173 173 174 174
 174 175 175 175 175 175 176 177 177 177 177 178 178 178 177 176 177 177
 178 177 177 178 178 178 178 178 178 179 179 180 179 179 179 179 180 180
 179 179 178 179 179 179 179 179 179 179 178 178 179 179 179 178 177 177
 177 176 176 178 179 179 178 177 177 178 179 179 179 179 178 178 179 179
 179 179 179 179 180 180 179 179 179 177 177 173 132 115 101  99  92  86
  88  89  90 137 179 178 175 179 165 102  78  77  78  76  77  76  77  87
 155 174 162 133 121 116 108 104 103  97  93  89  85  83  81 118 176 177
 175 176 178 179 180 180 179 177 176 177 178 178 178 179 179 179 181 181
 181 180 180 180 181 182 182 181 180 180 181 181 182 181 181 181 181 181
 181 181 180 180 180 180 180 180 180 180 180 180 181 180 181 181 180 180
 178  29]","[ 29  30 172 172 172 172 171 172 173 173 174 174 173 173 173 174 174 174
 174 174 174 174 174 174 175 176 176 176 176 177 178 178 177 177 176 177
 177 176 177 177 178 178 178 178 178 179 179 179 180 179 179 179 179 179
 179 178 177 178 178 179 179 180 179 179 177 178 179 179 179 178 178 178
 177 176 176 178 179 179 177 176 177 178 178 178 177 177 177 177 178 178
 178 178 179 179 179 179 180 178 178 185 177 174 147 111 107  93  90  89
  85  87  90 117 170 172 177 187 160  98  74  77  76  76  75  76  77  86
 143 159 143 118 114 110 106 104 102  94  90  87  85  84  81 123 175 177
 175 176 178 179 180 180 178 177 175 177 178 178 178 179 179 179 181 181
 181 181 181 181 181 181 181 181 180 180 181 181 182 181 181 181 181 181
 181 181 180 180 180 180 181 181 181 180 180 180 181 180 181 181 180 180
 178  29]","[ 29  30 172 172 172 172 171 173 173 173 173 173 173 173 173 174 174 174
 174 174 174 174 174 174 175 175 175 174 174 175 176 177 177 176 176 176
 176 176 177 178 178 178 178 178 178 178 178 178 180 179 179 178 178 178
 178 177 177 178 178 178 179 179 179 178 177 178 178 178 177 177 176 177
 178 176 176 178 179 179 178 177 179 179 178 177 176 176 176 176 177 177
 178 178 179 179 178 178 178 180 176 177 171 176 175 147 125  99  87  88
  89  91  92 105 160 176 190 188 137  91  80  80  77  79  75  82  86  95
 128 130 124 114 116 110 108 104 100  95  91  86  84  83  89 141 180 176
 176 176 177 178 179 179 178 177 176 177 178 178 178 179 179 179 180 180
 181 181 181 181 181 181 180 180 180 180 181 181 181 181 181 180 180 180
 180 180 180 179 180 180 180 180 180 180 180 180 181 180 181 181 180 180
 178  29]","[ 29  29 172 172 173 173 173 174 173 174 174 174 173 173 173 173 174 174
 174 174 174 174 174 174 176 176 176 175 174 175 176 176 176 176 175 176
 176 177 178 179 179 179 179 179 179 179 179 179 180 179 178 177 177 177
 177 176 177 178 178 177 177 178 177 177 178 178 178 177 176 175 175 176
 177 176 176 177 179 180 179 179 180 179 178 177 176 176 176 176 176 177
 178 178 179 178 178 178 176 180 176 170 185 208 223 222 201 168 126  98
  90  88  89 103 143 176 175 145 101  82  80  83  81  83  82  88  90  99
 115 113 116 116 117 113 113 111 104  97  92  87  85  80  93 157 181 173
 176 175 176 177 178 177 177 177 177 178 179 179 179 179 179 179 180 180
 180 181 181 181 181 180 180 180 180 181 181 181 181 181 181 180 180 180
 180 180 179 179 180 180 180 180 180 181 180 180 180 180 181 181 180 180
 178  29]","[ 28  29 172 173 173 173 173 174 174 174 175 174 173 173 172 172 174 174
 174 174 174 174 174 175 177 177 176 176 176 176 176 176 176 175 175 176
 177 177 177 178 179 179 179 179 179 179 179 180 180 178 177 175 175 175
 175 175 176 177 176 176 175 176 176 176 177 177 177 176 175 175 175 176
 177 175 175 176 177 178 178 179 178 178 177 176 176 176 176 176 176 176
 177 177 177 177 177 177 179 176 177 185 215 233 235 239 239 231 206 177
 159 140 121 112 126 139 132 115 104  91  82  75  82  84  88  90  92  98
 109 113 117 119 118 119 120 122 116 105  96  89  87  80  97 165 176 171
 175 174 174 176 177 176 176 176 177 178 179 179 179 179 179 179 179 179
 179 180 181 181 180 180 180 180 181 181 181 181 181 182 181 181 180 180
 180 180 179 179 180 180 180 180 181 181 181 181 180 179 181 180 180 180
 179  29]","[ 28  29 172 172 172 172 172 173 174 175 175 175 174 173 172 172 174 174
 174 174 174 175 175 175 174 175 175 175 176 176 176 175 175 175 176 177
 177 177 176 177 177 177 176 177 177 178 178 179 180 178 176 174 174 174
 174 174 175 175 175 174 174 175 176 175 175 175 174 174 174 175 175 176
 176 175 175 175 175 176 176 177 176 176 175 175 176 176 176 176 175 175
 176 176 176 176 176 176 178 173 181 201 210 203 200 204 217 232 244 243
 240 237 222 197 174 163 173 185 195 189 166 115  81  79  89  90  97 101
 108 113 117 121 121 127 123 127 127 117 104  90  87  83 105 172 174 174
 175 173 174 175 176 175 175 176 176 178 179 179 179 179 179 179 179 179
 179 179 180 180 180 180 180 180 180 179 180 180 181 181 182 181 180 180
 180 180 179 179 179 179 179 180 180 181 181 180 180 179 180 180 179 179
 178  29]","[ 29  28 171 173 171 168 167 171 172 174 174 173 173 173 173 174 174 174
 174 175 175 175 175 175 176 176 176 175 175 176 176 176 175 175 176 177
 179 180 179 178 176 176 176 177 177 178 179 179 179 179 178 177 175 175
 175 175 175 175 174 174 173 174 175 176 175 176 176 176 175 175 175 175
 176 175 175 175 176 176 176 176 175 176 177 177 177 177 177 177 175 174
 175 176 177 177 177 177 177 179 200 207 196 177 175 180 187 204 219 236
 248 246 243 242 238 237 234 229 222 215 197 172 124  93  87  95  98 103
 109 114 121 124 127 129 132 132 129 123 105  97  91  85 118 175 172 175
 175 175 175 175 175 175 176 176 178 178 179 179 180 179 179 179 180 179
 179 180 181 181 180 179 180 180 179 179 179 180 180 181 180 180 180 180
 179 179 179 179 179 179 179 179 179 180 181 181 180 180 181 180 180 179
 177  29]","[ 30  28 170 170 168 164 163 167 170 173 173 172 173 173 173 174 173 174
 174 174 174 174 175 175 175 175 175 174 175 176 176 175 176 176 176 177
 178 178 177 176 176 176 176 177 177 178 178 179 178 177 176 176 176 176
 175 174 175 175 175 174 174 173 174 175 174 175 175 174 174 173 173 173
 175 175 175 175 175 175 175 175 174 175 176 176 176 176 176 176 176 175
 175 175 175 175 175 176 178 189 198 187 162 145 149 155 164 172 189 217
 245 245 244 245 242 241 230 216 207 197 185 177 165 130 103  96 102 109
 110 113 123 127 130 129 135 136 133 115 100  94  91  86 123 177 172 173
 175 175 174 173 174 175 177 178 178 179 179 179 179 179 179 179 180 179
 179 180 180 180 180 179 179 179 179 179 179 179 180 180 180 180 180 180
 180 180 180 180 180 179 179 179 179 180 181 181 180 180 180 179 180 180
 178  29]","[ 30  28 169 168 164 159 158 162 169 171 172 172 173 173 173 173 174 174
 174 174 174 175 175 175 174 174 174 174 175 176 176 175 176 175 175 176
 176 176 175 175 175 175 175 175 176 176 176 177 177 175 174 175 177 178
 176 175 175 175 175 175 174 174 174 174 175 175 175 174 173 173 173 173
 175 175 175 174 174 174 175 175 174 175 175 176 175 175 175 175 175 174
 174 175 175 175 175 176 175 184 184 156 121 113 115 116 132 147 168 187
 220 230 235 228 227 220 196 170 154 139 134 143 175 164 129 101 106 114
 112 119 122 130 136 131 137 140 135 105  98  95  93  89 131 181 174 174
 175 174 174 174 175 176 178 179 179 179 179 179 179 179 179 179 179 179
 179 179 180 180 179 179 179 179 179 179 179 179 179 180 180 180 180 180
 180 180 180 180 179 179 179 179 179 179 180 180 180 179 179 179 180 180
 178  29]","[ 30  28 169 166 162 158 158 162 168 171 171 171 173 173 172 173 174 174
 174 174 174 175 175 176 175 175 175 174 175 176 176 175 174 174 174 175
 176 176 175 175 174 174 174 175 175 175 175 175 176 175 175 176 178 178
 177 176 175 175 176 176 175 175 175 175 175 175 175 174 174 173 173 173
 175 175 175 174 174 174 174 175 174 175 175 175 175 175 175 175 174 174
 175 176 175 175 174 175 178 178 180 145 101 101 100 102 112 130 153 170
 190 195 203 203 192 176 149 125 111 101 103 121 149 168 160 127 110 111
 115 118 121 134 139 133 135 141 131  96  94  93  93  88 132 179 173 173
 174 174 175 176 177 177 178 178 179 179 179 179 179 179 179 179 179 179
 179 179 179 179 179 179 179 179 179 179 179 179 180 180 179 179 179 180
 180 180 180 181 179 179 179 179 179 179 179 180 180 179 179 179 180 180
 177  29]","[ 29  28 169 166 163 161 161 165 169 171 172 172 173 173 172 172 173 173
 173 173 173 174 174 175 176 176 175 175 175 176 176 175 174 174 174 175
 175 176 175 175 175 175 175 175 175 175 175 176 175 176 176 176 177 177
 177 176 175 176 176 176 176 175 175 175 175 175 174 174 174 174 174 174
 174 175 175 174 174 173 174 175 174 174 174 175 175 175 175 174 176 176
 176 175 174 173 173 174 178 178 185 159 104  93 105 114 123 144 161 168
 171 170 171 167 155 131 110  97  89  88  93 106 120 143 168 159 127 115
 120 116 123 135 136 132 134 142 121  89  91  93  94  89 132 177 173 173
 174 174 175 176 176 177 176 176 178 178 179 179 179 179 179 179 179 179
 179 179 179 178 178 178 178 178 178 179 179 179 179 179 179 179 179 179
 179 180 180 180 180 180 180 180 180 180 180 180 179 179 179 178 180 180
 177  29]","[ 29  28 169 167 165 164 164 167 169 172 172 171 172 172 171 172 172 172
 173 173 173 174 174 174 175 175 175 175 174 175 175 174 175 175 175 175
 175 175 175 175 175 175 175 175 175 175 175 175 175 175 176 176 175 175
 175 176 176 177 177 177 176 175 175 175 175 175 175 174 175 175 175 175
 174 175 175 175 175 175 175 175 174 174 174 175 175 175 175 175 177 176
 175 174 173 173 176 178 174 178 186 175 120  84  95 101 107 127 137 138
 138 141 135 120 109  87  79  77  76  84  90  96 103 121 146 163 153 130
 120 122 128 133 128 126 133 139 106  86  91  96  96  94 132 177 174 173
 174 174 174 174 174 175 175 175 177 177 178 178 179 179 179 179 179 179
 179 179 179 178 177 176 176 176 177 178 178 179 179 179 179 179 179 179
 179 179 180 180 180 180 180 180 180 180 180 180 179 179 179 178 180 180
 177  29]","[ 29  29 169 167 166 165 165 168 169 172 171 171 172 171 171 171 172 172
 173 173 174 174 174 174 173 175 175 175 174 174 175 175 175 175 175 175
 175 175 175 175 174 174 174 175 175 175 174 174 174 175 175 175 174 174
 175 175 176 176 177 176 176 175 175 175 176 175 174 174 174 175 175 174
 174 174 174 175 175 175 175 174 174 174 174 174 175 176 176 175 175 174
 174 173 173 174 176 179 160 159 169 170 135  88  72  72  75  79  88  99
 107 105 105  99  90  76  77  76  74  80  82  85  97 111 123 144 158 146
 131 126 130 130 124 121 133 130  92  88  95  98  96  95 128 174 172 171
 173 173 174 174 174 174 175 175 175 176 177 178 179 179 179 179 179 179
 179 179 179 178 176 174 175 175 176 177 178 178 179 179 179 179 179 179
 179 179 179 179 179 179 179 179 179 179 179 179 179 179 179 178 179 179
 177  29]","[ 29  28 168 166 166 165 165 166 169 171 171 170 171 171 170 171 171 171
 172 173 173 173 173 173 173 174 175 175 174 175 176 176 175 175 175 175
 175 175 175 175 174 174 175 175 175 175 175 175 175 175 174 174 175 175
 175 176 175 176 176 176 176 176 176 176 175 174 173 173 173 173 173 173
 172 172 172 173 174 174 173 173 173 173 173 174 175 175 175 175 173 173
 174 173 172 171 172 173 130 121 140 147 139 101  64  67  67  68  74  75
  81  79  84  78  73  69  75  73  72  77  76  81  89  99 113 130 145 159
 158 134 131 128 125 119 134 122  84  93 103 104  98  97 126 174 174 172
 172 173 174 175 176 175 174 174 174 175 176 178 179 179 179 179 179 179
 179 179 179 178 175 173 174 175 176 177 178 179 179 179 179 179 179 179
 179 179 179 179 179 179 179 179 179 179 179 179 179 179 179 178 179 179
 176  29]","[ 29  28 168 165 169 167 164 166 170 170 169 169 169 171 171 170 170 170
 171 172 173 172 172 173 173 174 175 175 174 174 174 174 175 175 175 175
 174 174 175 176 174 174 174 174 175 175 174 173 175 175 175 174 174 176
 176 175 175 175 175 175 175 175 175 175 173 173 173 173 173 173 173 173
 173 173 173 173 173 172 172 172 171 172 173 173 173 173 173 173 172 174
 173 170 173 168 173 158 105  93 110 124 125 116  74  64  62  64  66  70
  70  69  69  69  69  67  71  71  73  75  74  79  82  90 100 115 130 151
 169 165 140 119 111 121 133 102  82 101 107 100 100  97 125 178 175 170
 172 172 173 175 176 176 174 173 176 174 173 174 175 176 177 178 180 179
 179 179 179 178 176 175 176 176 178 179 179 180 179 179 179 179 179 180
 180 179 178 179 179 179 178 178 178 178 178 178 179 179 179 179 180 180
 177  28]","[ 29  30 166 166 165 163 164 166 168 169 169 168 168 169 170 170 171 171
 171 171 171 170 170 170 172 173 173 173 172 173 175 175 172 172 171 171
 172 172 172 172 174 173 173 174 175 176 176 175 174 175 176 175 175 176
 175 173 173 174 174 174 174 174 175 175 174 173 173 173 174 174 175 176
 172 171 171 171 172 172 172 172 170 170 170 172 173 172 172 172 171 172
 170 170 172 168 173 148  89  78  89 106 118 117  84  65  60  60  59  60
  63  65  67  67  64  65  69  68  69  73  73  74  78  82  87  97 111 136
 164 178 171 132 113 124 121  94  89 103 107 100 101  98 125 172 172 171
 172 172 172 174 175 174 173 173 173 173 173 174 175 175 176 176 179 178
 178 178 179 180 179 178 178 179 179 179 179 179 178 178 178 178 178 179
 179 179 179 179 178 178 178 178 177 177 177 177 178 177 177 176 178 179
 178  30]","[ 28  30 165 170 167 165 166 164 166 167 168 167 167 167 168 168 169 170
 170 170 170 171 172 173 173 175 175 174 173 172 172 171 174 172 171 170
 171 172 172 172 172 172 172 172 173 174 175 175 175 175 175 174 174 175
 176 176 175 176 177 176 175 175 174 174 171 171 171 173 174 173 172 171
 173 171 170 170 170 170 170 170 173 171 171 173 174 173 172 172 173 173
 171 172 170 169 175 137  79  70  73  88 104 112  91  68  59  57  53  52
  56  61  64  66  66  63  63  63  67  73  72  71  74  76  82  88  97 115
 142 167 185 165 143 137 124 118 126 128 112 102 102 101 129 172 171 172
 170 170 171 172 174 174 175 175 172 173 174 174 175 175 175 175 176 175
 175 176 178 179 179 179 181 181 181 180 180 179 179 178 179 179 178 179
 180 180 180 180 178 178 178 177 176 175 175 175 176 176 176 176 177 178
 178  30]","[ 31  28 161 163 162 164 166 165 165 166 166 166 166 167 167 167 168 168
 168 168 167 168 169 170 171 172 173 173 172 172 172 171 172 171 170 169
 169 170 171 171 173 173 173 173 173 173 173 174 173 174 174 173 173 173
 174 175 171 172 173 174 174 173 174 174 176 173 171 170 171 171 172 172
 172 170 169 168 168 168 169 169 168 169 170 171 171 172 173 172 170 172
 170 170 166 167 174 124  76  68  70  76  86  99  88  74  60  55  50  48
  50  53  57  65  65  65  65  66  66  68  71  75  76  77  81  80  84  94
 112 139 170 188 187 181 171 165 151 139 122 114 109 108 130 171 166 168
 173 172 172 172 172 172 171 172 173 174 174 174 173 174 175 175 174 174
 174 175 176 178 178 178 179 179 179 179 179 178 177 177 178 178 177 177
 178 179 178 177 178 178 178 177 175 174 173 174 173 175 177 178 179 179
 177  29]","[ 30  27 162 161 162 163 161 162 165 165 165 166 167 169 169 169 165 166
 166 166 167 169 171 172 169 169 169 168 168 170 171 171 172 172 172 172
 171 171 171 171 170 170 171 171 171 171 171 170 171 172 174 174 174 172
 170 170 174 174 174 174 173 171 171 171 173 171 169 169 170 170 170 170
 169 169 169 169 168 169 170 171 169 172 173 171 170 172 172 170 168 170
 169 170 167 169 169 110  73  60  67  66  71  84  80  77  66  59  54  50
  49  48  53  71  73  72  67  64  64  68  71  71  73  76  78  76  80  84
  89 107 137 164 186 196 189 167 139 139 138 138 128 123 134 173 167 171
 170 170 170 171 172 171 171 172 172 173 174 173 172 173 173 173 174 174
 174 175 176 176 177 176 178 178 178 179 178 178 177 177 177 177 177 177
 178 179 178 176 177 178 178 176 175 173 173 174 173 175 177 178 179 178
 176  28]","[ 30  32 163 166 165 163 159 160 161 161 161 161 163 165 167 167 166 167
 167 166 168 171 172 172 167 169 171 173 175 176 175 174 171 172 174 174
 174 173 171 171 168 169 170 171 171 171 170 169 172 172 172 173 173 173
 173 174 171 171 172 173 174 175 175 176 170 169 168 170 171 172 173 174
 173 173 172 172 172 171 171 172 171 175 175 172 171 172 172 170 171 170
 169 170 170 169 165 108  76  57  63  62  65  74  74  76  71  62  57  52
  49  46  51  74  85  85  74  63  59  64  70  68  70  75  76  76  80  81
  80  88 107 122 154 178 184 175 152 144 140 140 126 119 131 173 168 170
 169 169 170 172 172 172 172 173 170 172 173 173 172 173 172 171 173 173
 173 174 174 174 174 174 176 176 176 176 176 176 175 175 175 176 176 175
 176 178 177 176 175 175 175 175 174 173 173 173 173 175 177 176 177 176
 176  28]","[ 27  28 131 135 131 134 135 137 131 132 131 130 130 132 135 137 142 142
 140 138 139 140 140 138 137 139 143 148 152 154 153 151 161 160 159 160
 161 161 160 159 162 162 164 165 166 166 165 164 164 163 163 165 166 166
 168 169 169 167 165 163 162 161 159 158 160 157 154 153 155 159 164 168
 169 168 167 168 168 166 165 164 160 160 161 163 164 165 165 166 168 165
 163 164 164 164 167 131  90  66  63  62  63  67  71  72  67  60  56  52
  51  46  47  69  88  98  96  83  66  58  66  72  72  75  72  72  75  76
  81  86 100 100 113 130 151 168 166 150 143 138 121 110 132 172 171 171
 171 171 171 171 170 169 168 169 170 171 171 170 171 173 173 172 172 172
 172 173 173 174 175 176 175 175 174 174 174 174 174 175 174 175 174 172
 173 175 175 174 175 175 175 175 174 173 173 173 173 175 176 175 175 175
 175  29]","[ 30  28 107 114 107 112 112 110 112 113 112 109 107 109 113 116 112 112
 112 112 114 117 118 116 116 115 114 114 117 119 119 118 124 120 116 115
 118 120 121 120 120 120 121 123 124 124 123 122 122 123 126 129 130 127
 124 123 124 123 122 122 123 124 124 124 121 122 125 128 129 129 129 129
 129 127 126 128 131 130 128 126 129 125 124 128 129 126 125 126 136 132
 132 131 132 136 152 139 101  76  65  62  62  61  71  69  66  61  60  56
  57  53  50  68  94 102 108 108  91  68  63  65  65  70  69  73  74  73
  78  81  86  95 104 112 119 123 139 142 150 140 124 106 130 163 168 169
 165 166 167 168 169 169 170 171 170 170 168 166 167 171 173 173 174 174
 174 174 175 177 179 180 182 181 180 179 179 180 182 182 179 180 178 175
 175 178 179 178 178 178 178 177 176 175 174 174 172 175 177 176 176 176
 175  29]","[ 29  29 112 112 113 114 113 113 115 114 114 114 114 114 114 115 114 115
 116 115 114 114 115 115 115 117 118 118 118 117 116 115 118 117 116 115
 114 114 115 116 119 120 120 121 122 122 122 121 118 119 117 115 115 117
 118 117 115 116 117 119 121 122 120 118 119 118 119 119 119 118 118 117
 116 119 120 119 118 118 117 116 118 118 118 118 117 117 116 116 116 116
 120 114 114 119 136 131 110  97  82  67  67  64  61  62  63  64  61  65
  66  59  60  65  82  96 104 108 104  88  71  58  65  67  68  69  71  74
  77  78  81  88  91  94  99 100 107 120 141 143 122 108 119 126 128 126
 127 126 126 125 126 128 130 131 131 129 127 127 129 132 135 136 132 135
 138 138 139 141 143 142 141 144 147 150 152 153 152 150 152 153 154 157
 159 161 164 165 166 166 166 167 166 164 162 163 160 161 164 166 160 168
 170  29]","[ 29  29 111 112 113 113 112 112 114 114 114 114 114 114 114 115 113 114
 115 115 114 114 115 116 117 118 118 118 117 117 116 116 116 116 117 117
 117 117 116 116 117 117 118 120 121 120 119 117 118 119 118 117 117 118
 118 118 119 119 120 121 121 120 119 118 119 119 120 121 122 121 120 120
 118 120 122 122 121 121 119 117 119 119 120 119 119 119 118 118 119 116
 119 117 116 122 153 158 142 114  91  73  65  57  55  55  60  65  66  75
  79  71  65  64  74  91 110 112 110 111  90  57  65  65  67  70  71  72
  74  77  77  81  81  80  82  81  84  94 118 129 117 109 118 123 122 121
 121 121 121 120 120 121 122 123 124 123 122 123 123 123 122 121 122 125
 126 125 124 125 125 124 121 121 122 122 123 124 125 125 125 125 125 124
 124 125 125 126 123 122 123 124 125 124 123 124 124 123 120 123 125 123
 129  28]","[ 28  29 112 112 113 113 111 112 113 113 114 114 114 114 114 114 113 114
 115 115 115 115 116 117 118 119 118 117 116 116 116 117 115 115 116 118
 119 119 118 117 117 116 116 117 118 118 117 115 118 118 118 119 119 118
 117 117 119 120 121 120 119 118 119 120 119 119 119 121 121 121 121 121
 119 120 121 121 121 121 120 118 119 120 120 120 119 118 118 119 118 115
 116 118 115 123 160 164 143 104  80  67  59  49  47  45  58  65  70  80
  85  78  71  67  71  94 116 115 118 121  89  53  64  64  67  70  71  69
  70  73  72  75  74  73  74  74  76  83 106 123 118 114 121 122 122 122
 122 123 123 123 123 123 123 124 124 125 126 127 128 127 125 123 127 129
 130 129 128 128 128 128 130 129 128 127 127 128 129 130 129 130 129 125
 124 126 127 127 128 128 128 129 129 128 128 128 126 128 125 127 133 127
 125  32]","[ 29  29 113 113 114 114 112 112 112 113 114 114 114 113 114 114 114 114
 115 115 114 115 116 117 117 118 117 116 115 115 116 116 116 115 115 116
 118 119 119 118 119 118 116 115 116 117 118 118 118 117 118 119 119 117
 116 116 117 118 119 119 119 119 121 122 121 119 118 118 118 118 119 120
 120 121 120 118 118 119 119 119 119 120 121 120 119 117 116 116 117 119
 118 119 115 126 155 144 117  85  66  57  53  46  45  46  59  64  67  75
  82  79  71  66  74 103 116 120 129 108  69  56  63  65  68  71  71  69
  69  70  71  73  72  71  72  72  72  76  97 119 116 116 121 121 121 123
 123 123 124 125 125 125 125 125 122 123 123 124 126 126 126 125 125 127
 128 127 128 129 129 129 128 128 128 128 127 127 127 128 128 129 128 123
 123 126 129 129 129 129 129 130 129 128 127 127 127 124 128 127 129 132
 129  26]","[ 29  30 113 114 114 114 112 112 112 113 114 115 114 113 114 114 113 113
 114 114 114 114 115 116 116 117 117 116 115 116 116 116 116 115 115 115
 117 118 119 118 120 118 117 116 117 118 119 120 119 118 118 119 118 116
 115 116 117 117 118 118 119 120 121 122 122 120 118 118 117 117 118 118
 120 121 121 118 117 117 118 118 118 119 121 121 119 117 116 116 117 120
 118 118 115 127 152 134 112  92  71  54  49  44  47  54  63  64  64  68
  76  74  65  60  76 108 116 130 134  89  57  65  65  68  71  72  72  71
  70  68  69  70  70  70  71  71  71  72  87 111 110 116 122 122 121 122
 121 122 123 123 123 124 124 125 125 125 124 124 125 126 126 126 126 127
 127 127 127 127 128 128 128 128 129 129 129 128 128 129 126 126 123 119
 118 122 125 125 126 127 128 129 129 129 128 128 131 124 131 130 128 130
 131  30]","[ 28  29 113 113 114 114 112 113 112 113 114 114 114 114 114 114 113 113
 114 115 115 116 116 116 115 116 116 116 117 117 116 115 114 114 114 115
 116 117 117 116 117 118 118 118 118 118 118 119 119 118 118 119 118 117
 116 117 118 117 117 117 118 119 120 119 120 119 119 119 119 118 117 117
 118 121 122 120 118 117 117 116 116 118 119 120 119 118 117 116 117 118
 116 117 114 129 154 146 135 114  88  65  60  56  56  62  64  66  66  64
  66  65  62  66  84 108 118 133 123  76  58  66  69  73  75  74  73  74
  72  68  66  67  69  71  73  75  76  76  87 109 104 113 121 123 123 124
 123 124 124 124 124 124 125 125 124 124 124 124 124 124 124 124 126 126
 126 126 126 126 127 127 126 126 126 127 127 126 126 127 128 128 125 121
 121 124 126 126 126 127 128 128 129 129 129 128 128 128 132 130 129 129
 126  28]","[ 28  29 113 113 114 114 113 114 113 113 114 114 114 114 114 114 114 115
 115 116 117 117 117 116 115 116 116 116 117 117 115 114 113 114 114 115
 116 116 116 116 116 117 119 118 117 116 117 118 118 118 119 119 118 119
 118 117 119 118 117 117 117 118 118 118 118 118 118 119 120 119 118 117
 118 120 121 120 119 118 117 116 116 117 118 118 118 117 116 116 119 119
 118 119 117 133 157 156 150 129 112  97  91  79  70  66  64  66  69  68
  69  71  73  83  97 110 117 121 103  74  67  69  73  75  76  75  75  74
  71  68  67  67  69  71  71  73  75  74  87 106  97 109 118 122 122 123
 123 124 124 124 124 124 124 124 124 125 125 125 125 126 126 126 126 126
 125 126 126 126 127 128 129 128 127 129 129 128 128 129 129 128 126 125
 125 127 128 128 129 130 129 128 128 129 129 129 129 131 130 125 127 130
 130  31]","[ 28  29 113 114 114 114 114 115 114 114 114 114 114 114 114 114 115 115
 116 117 117 117 116 115 115 115 115 116 116 116 114 112 116 116 116 116
 116 117 118 119 117 118 118 117 115 115 116 118 116 118 119 118 119 120
 119 118 119 119 118 117 117 117 119 119 119 118 118 119 120 119 119 119
 119 120 120 119 119 119 119 117 117 117 117 117 117 117 116 116 118 119
 118 117 116 132 151 150 143 129 131 129 114  91  74  63  64  65  70  76
  85  90  88  95 106 111 112 105  92  80  78  80  75  75  75  76  75  72
  69  67  66  67  69  71  71  74  77  77  82 102  94 109 120 123 122 121
 122 123 124 124 124 123 123 123 125 125 124 124 124 124 125 126 127 126
 125 125 125 125 126 126 128 126 126 128 129 127 126 127 130 128 127 127
 128 128 128 128 127 128 127 125 126 128 129 129 129 128 129 129 126 123
 126  27]","[ 29  29 114 114 114 115 114 113 113 114 115 115 114 114 114 114 114 114
 115 115 115 114 114 113 114 115 115 115 115 115 114 113 115 115 115 116
 116 116 116 117 117 117 117 116 114 113 115 116 118 118 118 118 118 118
 118 117 118 118 118 118 118 118 118 119 120 119 118 118 118 119 119 119
 119 120 121 121 120 119 118 118 117 117 117 118 117 115 116 119 118 118
 119 116 116 130 142 142 138 132 130 126 108  82  67  65  69  72  75  79
  85  87  90  96 105 111 104  90  84  83  83  83  79  76  75  76  74  69
  66  66  66  67  69  71  73  72  75  80  86  95  99 111 116 123 124 120
 122 122 122 122 122 122 122 122 125 125 124 123 123 123 123 124 124 125
 126 126 126 126 126 127 127 127 127 127 127 128 128 128 129 129 129 128
 127 127 126 125 128 128 128 127 126 126 127 128 128 129 129 127 125 126
 125  28]","[ 29  29 114 114 114 115 114 113 113 114 115 114 114 114 114 114 113 114
 114 114 114 114 114 113 113 114 114 114 114 114 113 113 115 115 115 115
 115 115 115 115 116 116 116 115 115 114 115 116 118 118 117 117 117 117
 116 116 117 117 117 117 117 118 118 118 118 118 117 117 117 118 118 118
 118 119 119 119 119 118 117 117 117 116 117 117 116 116 117 119 119 119
 119 116 116 128 140 140 134 131 127 117  98  78  69  68  77  78  79  82
  84  83  89 101 107 105  94  83  83  86  84  81  81  77  75  74  72  68
  66  66  67  69  70  72  73  73  75  80  84  91  96 111 117 121 123 122
 122 122 122 122 122 123 123 123 124 124 123 123 122 122 122 123 124 124
 125 126 125 125 126 126 125 126 126 127 128 128 128 128 128 128 128 127
 127 126 125 125 128 128 128 127 126 125 125 126 128 129 129 128 125 127
 125  29]","[ 29  29 114 114 114 115 114 112 112 113 114 113 112 112 112 113 113 113
 114 114 114 114 114 114 114 113 113 113 113 113 114 114 114 114 114 114
 114 114 114 114 115 115 115 115 115 115 115 116 116 116 116 116 116 116
 116 116 117 116 116 115 115 116 117 117 117 116 116 116 117 117 117 117
 117 117 117 117 117 117 117 116 116 116 116 117 116 116 117 118 118 118
 118 115 114 124 135 137 136 133 124 108  93  86  86  90  91  87  82  80
  81  83  91 102 106  98  86  79  84  88  86  81  81  77  74  73  71  68
  66  66  67  70  72  73  74  73  74  79  84  89  97 112 118 120 121 123
 122 122 122 122 122 122 123 123 123 123 123 123 123 123 123 122 123 124
 125 125 125 125 125 125 124 125 126 127 127 128 127 127 126 126 126 126
 125 124 124 123 127 127 127 127 125 124 124 125 126 128 129 128 126 127
 126  29]","[ 29  29 113 113 113 114 113 112 112 112 113 112 111 110 111 112 114 114
 114 113 113 113 113 113 113 113 113 113 113 113 114 115 114 114 113 113
 114 114 114 114 114 113 114 115 116 115 115 115 114 114 114 115 115 116
 116 116 117 116 115 114 114 114 115 116 116 116 116 117 117 118 117 117
 116 116 115 115 116 116 116 116 116 116 116 116 116 116 117 117 117 116
 117 115 115 122 132 135 133 135 131 122 113 109 109 109 101  92  81  77
  82  90  96 100  99  91  82  80  84  86  85  83  77  75  73  73  71  68
  65  64  67  71  73  74  75  74  75  80  85  92 103 115 119 119 120 123
 122 122 122 122 122 122 122 122 123 123 123 123 123 123 123 122 122 123
 124 125 125 125 124 124 124 125 125 125 126 126 126 126 126 125 125 125
 124 123 122 122 124 125 126 126 125 125 125 125 125 126 127 127 125 126
 125  29]","[ 29  29 112 112 111 112 112 112 112 112 112 113 112 111 111 112 115 114
 114 113 113 112 112 112 111 111 112 113 113 113 113 114 115 114 113 113
 113 114 115 115 113 112 113 114 115 115 115 115 113 113 113 114 114 115
 115 115 116 115 115 114 114 114 114 115 116 116 116 116 117 117 117 116
 115 115 114 114 115 116 116 116 116 116 115 115 115 116 116 116 116 116
 117 117 118 123 131 136 138 140 140 137 134 130 124 118 102  91  82  83
  89  96  99  99  96  88  81  80  82  83  82  81  74  72  71  71  70  67
  65  64  67  71  74  75  76  76  77  81  83  95 109 116 118 119 121 122
 122 122 122 122 122 122 122 122 122 122 122 122 122 122 122 122 122 122
 123 124 125 124 124 123 124 124 124 124 124 124 125 125 126 126 126 125
 124 123 123 122 123 123 124 125 125 125 125 125 124 125 126 126 124 125
 124  29]","[ 30  29 112 111 110 111 111 111 112 112 112 113 113 111 111 112 114 114
 113 112 112 111 111 111 110 110 112 113 113 112 112 113 115 114 113 113
 113 114 114 114 112 112 112 113 115 114 114 114 114 114 114 114 114 114
 114 114 115 114 114 114 114 114 115 115 115 115 115 115 115 116 115 115
 114 114 114 114 115 115 115 115 116 116 114 114 114 116 116 115 115 115
 116 117 119 123 130 137 144 145 145 144 143 139 130 121  98  91  91  98
 101 100 100 101  98  87  81  80  81  81  81  78  75  73  71  69  68  67
  66  67  67  71  73  74  76  76  78  80  82  96 114 117 119 121 122 123
 122 122 122 122 122 122 122 122 122 122 122 122 122 122 122 122 122 122
 123 123 124 124 123 123 123 122 122 122 123 123 124 125 126 125 125 124
 124 123 123 122 123 123 123 124 124 124 124 124 124 124 125 125 124 125
 124  30]","[ 29  29 112 111 110 111 110 110 111 110 110 113 113 111 111 112 112 111
 111 111 110 110 109 109 109 109 111 113 112 110 111 112 114 113 112 113
 113 114 113 113 112 111 111 113 113 113 113 113 114 114 114 114 114 114
 113 113 114 114 114 114 114 114 114 115 115 115 114 114 114 115 114 114
 113 113 114 114 114 114 115 115 115 115 113 113 114 116 116 115 114 114
 115 116 118 121 128 136 142 147 151 151 149 143 128 113  96  98 105 110
 108 106 104 101  96  87  82  83  82  81  80  76  74  73  71  69  67  67
  69  70  68  72  73  74  76  77  78  80  82  96 115 117 119 121 121 121
 120 120 121 121 122 122 122 122 122 122 122 122 122 122 122 123 122 122
 122 122 123 123 123 122 122 122 122 122 122 123 123 123 124 123 123 123
 123 123 123 123 123 123 123 123 123 123 123 123 125 124 124 125 123 124
 124  30]","[ 29  28 112 111 110 111 110 109 110 108 109 111 112 111 110 110 110 110
 110 110 109 109 108 108 108 108 109 111 110 108 109 111 112 111 112 113
 114 114 113 112 111 111 111 112 112 112 112 113 112 112 112 112 112 112
 112 112 114 114 114 114 114 114 114 114 116 115 114 114 114 114 114 114
 112 113 114 114 114 114 114 115 114 114 113 112 114 116 116 115 114 114
 114 115 117 119 126 135 146 152 154 150 146 140 125 110  98 107 115 114
 110 111 109  99  91  85  84  85  82  80  79  75  71  71  70  68  67  68
  69  71  71  74  74  75  77  79  80  81  82  94 114 115 119 119 118 118
 118 119 119 120 121 121 122 122 122 122 121 121 121 121 122 122 122 122
 121 122 122 123 122 122 122 122 122 122 122 122 122 122 123 123 123 123
 123 123 124 124 123 122 122 122 123 123 123 123 125 124 124 124 122 123
 123  29]","[ 29  29 110 110 111 109 109 108 109 109 110 109 108 107 108 108 108 107
 107 109 109 107 108 109 109 108 109 109 109 109 109 110 110 111 111 112
 112 112 111 111 110 111 111 111 110 110 112 113 111 110 109 110 111 111
 111 110 113 113 114 115 114 114 114 114 115 115 115 114 114 114 114 114
 113 113 114 115 115 113 112 112 114 113 113 113 114 115 115 114 114 114
 116 114 116 119 123 135 145 145 149 147 138 130 118 103 107 126 128 115
 114 114 115 100  91  91  88  86  87  82  75  73  71  67  65  68  68  66
  67  71  73  75  76  78  79  81  81  82  81  94 116 117 117 118 117 116
 118 117 117 118 120 122 121 120 121 119 118 120 122 123 122 122 121 122
 123 122 122 123 123 122 122 123 123 123 122 123 122 121 122 124 124 122
 121 122 123 123 122 122 123 123 123 123 123 124 124 124 123 123 123 123
 123  30]","[ 29  29 109 109 109 108 107 107 108 108 108 107 106 106 106 107 106 105
 106 108 108 106 105 106 107 107 108 109 109 108 109 110 110 110 110 111
 111 110 110 109 109 110 110 109 109 109 110 112 111 110 109 110 110 110
 110 110 113 113 114 114 113 113 112 112 113 114 113 112 112 113 114 114
 112 112 112 113 112 111 111 111 113 113 113 113 113 115 114 113 114 113
 114 113 115 116 118 128 136 140 142 142 137 125 113 109 125 132 127 116
 120 121 114  95  95  95  92  89  87  80  72  70  68  65  65  68  70  68
  69  72  73  75  78  79  79  80  81  81  80  92 113 114 114 116 115 115
 117 116 116 117 119 120 120 119 120 119 118 119 120 121 121 121 121 122
 122 122 122 123 123 122 122 123 123 122 122 122 122 122 122 123 124 123
 122 122 123 123 122 123 123 123 123 123 123 123 123 124 123 122 122 123
 122  29]","[ 29  29 108 107 107 106 106 105 106 107 107 106 106 106 106 107 105 105
 106 108 108 106 104 104 106 106 107 108 108 107 107 108 109 109 109 109
 109 109 109 108 109 109 109 109 108 108 109 110 111 110 109 109 110 109
 109 109 112 113 113 112 111 111 110 110 113 113 112 111 111 113 115 115
 112 112 112 112 112 110 110 111 113 113 113 112 113 113 113 113 113 112
 113 113 115 114 114 121 128 135 135 137 137 123 115 123 134 132 125 118
 123 119 105  91  98  98  95  92  88  80  71  69  65  65  65  68  70  70
  71  72  72  76  79  80  80  80  80  81  78  89 110 112 113 116 117 117
 116 116 116 117 118 119 119 118 119 119 119 118 119 121 122 121 121 122
 122 121 121 122 122 122 121 122 123 122 121 122 122 123 121 122 123 122
 121 122 122 122 122 123 123 123 123 122 122 123 122 123 122 122 122 122
 122  29]","[ 29  28 107 105 105 105 106 105 105 105 105 105 106 106 106 106 106 106
 106 107 107 105 104 104 107 107 107 107 106 105 105 105 106 107 107 108
 108 108 108 108 109 109 109 108 108 108 108 109 111 110 109 109 109 109
 110 110 111 111 111 111 110 109 109 110 112 112 111 110 111 113 114 114
 112 112 113 113 112 111 111 112 111 112 112 112 111 112 112 112 112 111
 112 114 115 113 112 115 122 128 131 133 133 124 124 138 131 124 122 122
 124 112  92  90 103 101  98  95  88  78  70  67  64  64  65  66  68  70
  71  72  72  75  78  79  80  80  81  81  79  90 111 113 114 117 117 117
 116 116 116 117 117 118 118 118 118 120 119 118 118 121 122 121 120 121
 120 119 120 121 122 121 121 122 123 122 122 122 122 122 122 122 123 122
 122 122 122 122 123 123 123 122 122 122 122 122 122 123 122 122 122 122
 122  29]","[ 30  28 106 104 104 104 106 106 104 104 104 104 104 105 105 105 106 105
 105 104 104 104 105 105 107 106 106 105 105 104 104 104 104 104 105 106
 107 107 108 108 109 109 108 107 107 107 107 108 110 109 108 108 109 109
 110 110 110 110 110 109 109 109 109 110 110 110 109 109 110 111 112 111
 110 110 111 112 112 111 111 111 110 111 112 111 110 110 111 111 111 110
 111 113 112 111 110 109 114 118 126 130 127 126 132 140 127 114 118 123
 123 105  83  95 109 105 100  95  86  75  67  64  64  64  64  64  66  68
  71  72  74  75  76  77  79  81  81  81  82  93 113 114 115 116 115 114
 115 115 116 116 116 116 116 117 117 118 118 116 116 119 121 120 119 120
 119 118 119 120 121 120 120 121 122 122 122 122 122 122 122 122 122 122
 122 122 122 123 123 123 122 121 121 121 122 123 122 123 122 122 122 122
 122  29]","[ 30  28 105 103 103 104 105 105 105 105 105 104 104 104 104 104 105 104
 103 103 103 104 105 106 106 105 104 104 104 104 104 105 104 104 105 106
 107 108 109 109 109 108 108 107 106 106 107 107 108 107 107 108 108 108
 109 110 109 109 109 108 108 109 110 110 109 109 109 109 109 110 110 109
 109 109 109 111 111 111 110 110 109 110 111 110 110 110 110 110 110 111
 111 112 111 109 109 103 103 106 118 124 122 125 131 130 117 106 115 120
 114  95  77 103 112 104  98  93  83  74  68  64  64  64  64  64  65  68
  71  74  76  76  76  76  78  80  80  79  79  91 112 113 114 115 114 114
 114 115 115 116 116 116 117 117 116 117 117 116 116 118 119 119 118 119
 118 117 118 120 120 119 119 120 121 122 122 122 122 120 121 121 121 121
 121 120 120 121 122 122 121 121 121 121 122 123 122 123 123 122 122 122
 121  29]","[ 30  27 104 102 102 102 104 104 104 105 105 104 104 104 104 105 104 104
 104 103 103 104 105 105 104 103 103 104 104 105 105 105 104 104 105 105
 106 107 108 108 108 108 107 106 106 106 107 107 107 107 107 107 108 108
 108 109 108 108 108 108 108 109 110 111 109 110 110 110 110 110 110 110
 109 108 108 110 111 110 110 109 109 110 110 110 109 110 110 109 110 112
 111 112 110 110 109  97  91  95 106 114 116 121 124 118 104  97 110 112
 103  89  73 107 110  99  92  87  80  73  69  66  64  64  65  66  67  69
  72  75  77  78  77  77  77  78  79  78  76  88 110 112 113 115 115 115
 114 114 115 116 116 117 117 117 117 117 116 117 117 117 118 118 118 118
 118 117 119 121 120 119 119 120 120 121 122 122 121 119 119 119 120 121
 121 120 119 119 120 121 121 121 121 121 122 122 121 122 122 122 121 121
 121  29]","[ 30  27 103 101 101 101 102 102 102 103 104 104 103 103 104 105 104 104
 104 104 103 104 103 103 103 102 102 103 105 105 105 105 104 104 104 104
 104 105 105 105 107 106 106 105 105 105 106 106 107 107 107 108 108 108
 108 109 108 108 108 108 108 108 110 111 109 110 111 110 110 110 110 110
 110 108 107 108 109 110 109 109 109 110 110 110 110 110 110 109 109 111
 110 111 110 111 109  94  82  86  94 103 110 115 115 110  98  90 103 104
  99  92  74 106 110  97  88  83  76  70  67  64  65  65  66  68  70  70
  72  75  77  78  78  77  77  77  78  78  77  89 111 112 112 113 113 113
 113 113 114 115 116 116 116 116 117 116 116 117 117 117 117 118 118 118
 118 118 119 121 121 119 119 119 119 120 121 122 121 119 119 119 120 122
 123 120 119 119 119 120 121 121 121 121 121 122 121 122 122 122 120 121
 120  28]","[ 29  31 101 102 102 101 102 103 104 104 104 102 102 102 104 106 103 103
 103 103 104 103 104 104 104 102 101 102 103 104 103 102 103 103 104 105
 105 105 104 104 105 104 104 104 104 104 105 105 107 106 105 105 106 107
 107 107 107 108 109 109 109 109 109 108 109 110 111 111 110 109 109 110
 110 109 108 108 109 109 109 109 110 110 109 110 111 111 111 110 110 110
 111 111 111 110 105  98  86  80  86  95 103 104  97  96  93  90  96  96
  99  87  73  94 103  95  84  75  70  67  65  64  65  66  67  68  70  71
  74  75  77  80  76  76  76  74  77  78  76  98 113 113 111 114 115 113
 114 114 114 116 116 115 115 115 116 116 115 115 115 116 117 117 118 118
 117 118 120 121 120 119 119 119 118 118 118 119 120 121 118 118 119 120
 121 121 120 119 118 118 119 120 120 121 121 120 121 122 122 122 122 119
 118  29]","[ 28  30 100 101 102 100 101 101 101 101 101 100 100 100 102 104 103 103
 102 103 103 103 103 104 103 103 103 103 103 103 103 103 103 103 104 104
 105 105 104 104 105 105 105 105 105 105 105 105 105 105 105 105 106 107
 108 108 107 108 109 108 108 109 109 108 109 109 110 110 109 108 109 110
 109 108 107 108 109 110 110 110 110 109 109 110 111 112 111 111 110 110
 110 110 110 110 108 102  82  74  79  86  90  89  84  83  84  82  85  86
  89  79  67  83  95  89  80  72  67  65  65  65  65  65  66  67  69  70
  72  74  78  81  77  76  76  74  77  79  81 100 113 113 111 114 115 114
 114 114 114 115 116 115 115 115 115 115 115 115 115 116 116 117 118 117
 117 118 119 119 119 118 118 118 118 118 118 118 119 119 119 119 120 121
 122 121 119 118 120 120 119 119 119 119 119 120 119 121 120 121 120 119
 118  29]","[ 29  30  99 101 102 100 100 100 100 100 100 100 100 100 101 102 102 101
 100 101 101 101 101 103 103 104 105 104 102 101 102 103 102 102 103 104
 104 104 104 104 105 105 105 105 105 105 105 104 106 106 106 106 106 106
 106 106 107 108 109 108 107 107 108 108 108 108 109 108 107 107 108 109
 108 107 107 108 109 110 110 110 110 109 108 109 110 111 111 110 110 110
 110 110 109 110 109 105  90  78  77  81  82  82  80  81  82  82  81  81
  85  78  70  78  84  81  76  70  65  63  65  66  66  66  66  67  69  72
  74  75  78  80  76  75  73  71  74  78  89 103 112 112 112 113 114 114
 114 114 114 115 115 115 114 115 114 114 114 114 115 115 116 116 117 117
 117 118 118 118 118 118 117 117 117 118 118 118 118 119 119 119 120 121
 121 120 118 116 121 121 120 119 118 118 118 118 118 119 118 119 119 117
 117  29]","[ 29  30  98 100 101  99  99  98 100 101 101 101 100 100 101 102 100  99
  98  98  98  99 100 102 103 104 104 103 101 100 101 102 102 102 103 103
 104 104 104 104 104 105 105 105 105 104 104 104 106 106 107 106 105 105
 104 104 107 108 109 107 106 107 107 108 108 108 108 107 106 107 108 109
 108 106 106 107 109 110 110 110 109 109 108 108 109 109 109 109 110 110
 111 111 108 108 107 105  97  80  73  77  79  79  80  79  78  80  76  77
  80  77  73  75  75  74  72  69  66  64  65  65  66  66  66  68  71  74
  76  78  80  81  79  77  75  73  75  80  97 106 112 112 112 113 113 114
 114 114 114 115 115 114 114 114 114 114 114 114 114 115 116 116 116 117
 117 118 118 118 118 118 117 118 118 118 118 118 118 118 118 118 118 119
 119 118 117 116 119 119 120 120 119 118 117 116 116 117 117 117 117 117
 117  29]","[ 29  29  96  97  98  97  97  97  99  99 100 100  99  99  99  99  98  97
  97  97  97  98 100 102 103 103 103 102 101 101 101 101 101 102 102 103
 103 103 103 103 103 104 105 105 105 104 104 104 103 104 105 106 105 105
 105 105 107 108 108 107 106 106 107 108 107 108 108 107 106 106 107 109
 108 106 106 107 108 109 109 109 109 108 107 107 108 109 109 108 110 109
 110 109 107 106 107 107 102  84  71  75  79  79  77  73  74  76  71  72
  75  75  75  72  71  71  70  68  67  66  65  65  65  65  65  67  71  74
  77  78  79  80  79  77  75  74  77  84 104 108 111 112 112 112 112 114
 114 114 114 114 114 114 114 114 114 114 114 114 115 115 116 116 115 116
 117 117 116 116 116 117 117 117 118 118 118 118 118 118 118 118 117 117
 118 118 117 117 118 118 119 119 119 118 117 116 116 117 116 117 117 117
 117  29]","[ 29  29  96  96  97  96  97  97  97  97  98  98  98  97  97  97  98  97
  97  97  97  98 100 102 103 103 103 102 102 101 101 101 101 101 102 102
 102 102 102 102 103 104 105 105 104 104 104 105 103 104 105 105 105 105
 105 104 105 106 106 106 105 105 106 106 107 107 107 107 106 106 107 108
 108 106 106 107 108 108 108 108 108 108 107 108 109 110 109 109 109 108
 108 107 105 105 108 109 111  95  78  77  81  79  77  74  73  73  71  71
  73  75  76  74  73  71  68  66  65  65  65  65  65  65  66  68  71  74
  76  78  77  78  79  76  75  76  80  90 107 110 111 111 112 111 112 114
 114 114 114 114 114 114 114 114 114 114 114 114 115 115 115 115 115 116
 116 116 115 114 114 114 117 117 117 117 117 117 117 117 117 117 116 116
 116 117 117 117 118 118 117 117 117 117 117 117 116 117 117 117 118 117
 117  29]","[ 30  29  96  96  97  96  97  98  96  96  96  97  97  97  98  98  98  98
  97  97  97  97  99 101 100 101 102 102 102 101 101 100 101 101 101 101
 101 101 101 101 101 102 103 103 103 103 104 105 105 105 105 105 105 104
 103 103 103 104 105 104 104 105 105 105 106 107 107 106 105 105 106 106
 107 106 106 107 108 108 108 108 108 108 108 108 109 110 109 108 108 107
 108 107 105 105 107 108 112 104  87  82  82  76  73  73  72  69  70  70
  70  73  75  74  74  71  68  65  65  65  65  64  65  66  67  69  71  74
  76  77  79  78  80  77  76  79  84  97 109 111 111 110 111 111 111 113
 114 114 113 114 114 114 114 115 114 114 114 114 114 114 114 115 115 115
 116 115 115 114 114 114 116 116 116 116 116 116 116 116 117 116 116 115
 116 116 117 117 116 116 116 116 116 116 117 117 116 118 117 118 118 117
 117  29]","[ 29  29  96  96  96  95  97  97  95  95  95  96  97  97  98  98  98  97
  97  97  96  96  97  99  97  99 102 102 101 100  99  99 101 101 100 100
 100 100 100 100 100 101 102 102 102 102 103 104 105 104 104 104 105 105
 105 104 103 104 105 105 106 106 106 105 106 106 106 106 105 104 105 106
 107 106 105 107 108 108 108 108 108 108 108 108 109 109 108 107 107 107
 109 109 106 105 105 105 105 107  95  90  87  76  69  69  71  66  69  70
  68  71  73  74  74  72  69  67  66  65  64  63  65  66  68  70  72  74
  76  77  78  76  77  73  72  76  83  96 109 112 112 110 110 110 111 113
 114 113 113 114 114 114 114 115 114 114 114 114 114 114 114 114 114 115
 115 116 116 116 116 116 117 116 116 116 116 116 116 116 118 117 117 117
 117 117 117 117 114 115 116 117 117 117 117 116 116 118 118 119 119 118
 118  29]","[ 28  30  94  95  96  97  96  97  95  94  94  96  96  96  97  98  97  97
  97  97  96  96  97  97  98  99 100 101 101 101 100 100  99 100 101 100
  99  98 100 102 101 101 100 100 101 102 103 103 103 103 103 103 104 105
 105 104 104 105 106 106 105 104 105 105 105 105 105 105 105 105 105 105
 105 105 107 108 109 108 107 107 108 107 106 108 109 108 108 107 108 108
 109 108 107 105 105 106 106 105 102  91  82  78  64  64  66  67  68  68
  67  67  69  71  70  72  72  68  66  66  65  64  66  64  66  70  72  73
  74  74  75  76  75  76  75  74  85  97 107 109 110 110 110 111 113 114
 113 112 111 112 113 114 114 113 114 114 114 114 114 114 114 114 114 114
 114 115 116 116 116 115 116 116 116 117 117 117 117 117 116 116 116 116
 116 116 116 117 114 114 114 115 117 117 117 116 117 117 118 118 117 116
 115  29]","[ 29  30  93  95  95  97  95  96  95  94  94  96  96  95  95  97  97  97
  97  97  97  97  97  98  97  98  99 100  99  99  99 100  99  99  99  99
  98  98  99 100 102 101 100  99 100 101 102 103 103 104 104 103 104 105
 105 104 104 105 106 105 104 104 104 105 105 105 105 105 105 105 105 105
 105 105 106 108 108 107 106 106 106 105 105 107 108 108 108 108 108 108
 109 108 107 105 104 105 107 105 102  92  82  79  65  65  64  65  66  67
  66  65  66  67  68  71  73  72  70  69  67  65  65  64  67  70  71  72
  74  74  75  76  74  75  75  75  87 100 107 109 110 110 109 110 112 113
 112 111 111 111 111 112 112 113 112 112 113 113 114 114 114 114 114 114
 114 114 115 115 114 114 114 115 116 116 116 116 116 116 115 116 116 116
 115 115 115 116 117 117 116 116 116 116 116 117 117 117 118 117 116 116
 115  29]","[ 29  29  93  94  94  96  94  95  95  95  96  96  96  95  95  96  96  97
  97  97  96  96  97  97  96  98  99  98  97  97  98 100  98  98  97  97
  98  99 100 100 102 101 100  99 100 101 102 102 103 104 104 103 103 103
 104 103 104 105 105 105 104 103 104 104 105 105 105 105 105 105 105 105
 105 105 106 107 107 106 104 104 105 104 105 106 106 107 107 107 107 107
 108 108 107 105 105 106 108 105 104  97  84  79  66  63  62  63  65  66
  65  64  64  65  66  70  73  73  72  70  67  65  65  65  68  70  70  71
  73  74  75  76  73  74  74  76  90 104 106 108 109 109 109 110 110 111
 112 112 111 110 110 110 111 112 111 111 112 112 113 114 114 115 114 114
 114 114 114 114 113 113 113 114 115 116 115 115 115 115 115 115 116 116
 115 115 115 116 118 118 117 116 115 115 116 117 117 116 117 116 115 115
 115  29]","[ 29  29  92  93  93  94  93  94  94  95  96  96  95  94  95  95  95  96
  96  97  96  96  96  97  96  97  98  97  96  96  98  99  98  97  97  97
  99 100 101 101 102 101 100 100 100 101 102 102 103 104 104 103 102 102
 102 103 104 105 105 104 104 103 103 103 105 105 105 105 105 105 105 105
 105 105 105 106 105 105 104 104 105 105 105 106 106 105 105 106 106 106
 106 107 106 106 106 106 107 105 106 101  86  78  66  60  61  62  64  66
  66  65  65  66  69  71  73  72  71  70  68  66  68  67  69  71  70  71
  73  73  75  75  72  73  74  76  90 105 106 107 108 108 109 110 110 110
 112 111 111 110 110 110 111 111 110 111 111 112 113 113 114 114 114 114
 114 114 113 113 113 112 113 114 115 114 113 113 114 114 113 114 115 115
 115 115 116 116 116 116 116 115 115 115 116 117 116 115 115 114 114 114
 114  29]","[ 29  29  91  91  92  93  92  92  92  94  95  94  94  93  94  94  95  96
  96  97  97  97  97  97  97  97  97  97  97  97  97  97  98  98  98  98
  98  99 100 101 100 101 101 101 102 102 102 102 102 103 103 103 101 101
 101 103 104 105 105 104 104 103 103 103 105 105 105 105 105 105 105 105
 105 104 104 105 105 104 105 105 105 105 105 106 106 105 104 104 105 105
 105 106 106 105 105 106 104 104 105 102  87  76  65  60  61  62  63  65
  65  65  67  68  73  74  74  73  72  71  69  68  70  69  70  71  71  73
  74  72  75  75  72  73  73  75  89 104 106 107 108 109 110 110 111 110
 111 111 110 110 111 111 110 109 110 110 111 112 112 113 114 114 113 113
 113 113 112 112 112 111 114 114 114 113 112 111 113 114 111 112 113 114
 114 114 114 115 115 114 114 115 115 116 116 116 116 115 115 113 113 113
 114  29]","[ 29  29  90  90  91  92  91  91  91  93  94  94  93  94  94  93  93  94
  95  96  96  96  96  96  97  96  96  97  98  98  97  96  97  98  98  98
  97  97  98  99  99 100 101 102 102 102 103 103 102 102 102 102 101 101
 102 103 104 104 104 104 104 104 104 104 104 104 105 105 105 105 105 105
 105 104 104 104 104 105 105 106 105 105 105 105 106 105 105 105 105 105
 105 106 105 104 104 104 104 104 104 102  88  76  66  63  62  62  62  64
  65  66  68  70  72  73  73  73  72  70  68  67  69  68  69  70  71  73
  74  72  73  73  71  73  73  75  88 102 106 108 109 109 109 110 111 111
 111 110 110 110 111 111 110 109 110 110 110 111 112 112 113 113 113 113
 113 113 112 111 111 112 115 114 114 113 112 112 114 115 112 112 113 114
 114 113 113 113 115 114 114 115 116 116 115 114 115 114 114 113 112 113
 114  28]","[ 29  28  89  89  90  92  90  91  91  93  94  93  93  94  94  93  91  92
  94  95  95  95  95  95  96  96  97  97  97  97  96  96  96  97  98  98
  97  96  97  97  99 100 101 102 102 102 102 103 102 101 102 102 102 101
 102 104 104 104 104 104 104 104 104 104 104 104 104 104 104 104 104 105
 104 104 104 105 105 105 105 105 105 104 103 104 105 105 105 105 106 105
 105 105 105 104 104 104 105 105 102 102  92  78  65  62  60  60  60  62
  64  66  69  72  71  71  72  73  71  69  66  65  67  66  68  68  68  71
  73  71  70  71  70  73  73  75  88 102 106 108 109 108 108 108 109 109
 110 110 110 110 111 111 110 110 110 110 110 110 111 111 111 111 112 113
 113 112 112 111 112 112 113 114 114 114 114 114 114 115 112 113 114 114
 114 114 114 114 114 115 115 115 115 115 114 113 114 114 114 113 112 113
 113  28]","[ 29  28  89  89  90  91  90  90  91  92  93  93  93  94  93  91  91  92
  93  95  95  95  95  95  96  96  97  97  96  96  96  96  96  96  97  97
  97  97  97  97 100 100 101 101 101 101 102 102 102 101 101 103 103 102
 103 105 104 104 104 104 104 104 105 105 104 104 104 104 104 104 104 104
 104 104 104 105 106 105 104 105 106 104 102 103 104 104 105 105 105 105
 105 105 105 104 104 104 103 105 101 102  94  79  62  57  57  57  57  59
  62  65  69  72  73  72  72  73  71  69  66  66  65  66  67  67  66  68
  71  70  68  70  69  72  73  75  88 102 105 107 108 107 105 105 106 107
 109 109 109 109 109 109 109 110 111 110 110 110 110 109 109 109 111 112
 112 112 111 111 111 111 111 111 112 113 113 114 114 114 110 111 113 114
 114 114 114 114 114 115 115 115 114 113 113 113 114 113 114 113 112 113
 113  28]","[ 30  29  88  89  89  89  90  90  91  92  92  93  94  94  93  91  93  93
  93  94  95  95  96  96  96  97  97  97  96  95  95  95  95  96  97  97
  98  98  97  97  98 101 102 102 101 101 101 101 102 101 101 102 102 102
 103 104 104 104 104 104 104 104 104 104 105 104 104 104 105 105 104 104
 104 104 105 105 105 104 105 105 105 104 104 103 104 105 105 105 105 105
 105 104 104 104 104 104 104 105 102 101 102  90  69  54  57  56  57  58
  59  64  69  70  72  71  70  70  70  69  67  64  65  66  66  66  65  66
  68  70  68  69  70  72  76  80  89  99 104 106 108 107 107 108 109 109
 109 108 108 109 109 109 109 109 110 110 110 111 110 110 110 110 110 111
 111 111 111 111 111 112 112 111 111 112 113 114 113 112 111 113 114 114
 114 114 114 114 115 115 115 115 114 113 112 112 114 114 115 115 113 112
 113  28]","[ 29  28  88  89  90  90  91  91  91  91  91  92  93  93  92  91  93  93
  93  94  95  96  96  96  96  97  97  97  96  96  95  95  95  96  97  97
  98  99  98  98  98 100 101 100 100 101 101 101 101 101 101 102 102 102
 103 104 103 103 103 103 103 103 103 103 104 104 104 104 104 104 104 104
 103 104 105 105 105 105 105 105 104 104 104 103 104 104 104 103 104 104
 104 104 104 103 103 103 104 104 103 102 103  94  76  61  58  54  54  57
  60  64  68  70  74  72  69  67  67  67  66  65  65  65  65  65  65  65
  66  67  68  69  70  73  75  79  88  99 103 106 108 107 107 108 109 110
 109 108 108 108 109 109 109 109 109 109 109 109 110 110 110 110 110 110
 111 111 112 112 113 113 111 111 111 112 113 113 113 113 112 113 114 114
 114 113 114 114 114 114 114 114 114 113 113 113 114 114 115 114 114 113
 113  29]","[ 28  28  89  90  90  90  91  91  92  91  91  91  92  93  93  92  94  94
  94  94  95  96  96  96  96  97  97  97  96  96  95  95  95  96  97  98
  98  99  99  98  98  99  99  99  99 100 101 100 100 100 100 102 102 102
 103 103 103 102 102 102 103 103 103 103 104 104 104 103 103 104 104 105
 103 103 104 104 105 105 105 105 104 105 105 104 104 105 104 103 103 104
 104 104 104 104 104 103 104 104 104 104 103  99  87  73  63  56  53  58
  61  64  67  70  72  70  68  65  64  65  65  65  65  65  65  66  66  66
  66  65  68  69  71  73  74  76  85  98 102 105 108 108 107 108 109 110
 110 109 109 110 110 110 110 110 109 108 108 108 110 111 111 111 110 110
 110 112 113 114 113 113 111 112 113 113 114 114 114 115 113 114 115 115
 114 113 114 114 114 114 114 114 114 114 114 114 114 113 114 114 114 114
 114  29]","[ 29  29  89  91  90  90  89  89  90  90  90  90  91  93  93  93  94  94
  94  94  95  96  95  95  97  97  97  96  95  95  95  95  96  97  97  97
  98  98  98  98  97  98  98  98  99 100  99  99  98  98 100 101 102 102
 103 103 102 102 101 102 103 104 103 103 103 104 104 104 103 103 103 104
 103 103 104 104 104 104 104 104 103 104 105 105 105 105 104 103 104 104
 105 105 105 105 104 103 104 104 105 104 103 102  95  83  71  63  58  60
  62  64  67  69  67  67  67  65  65  65  65  65  65  65  65  66  67  68
  67  67  68  69  70  73  74  75  84  96 102 106 109 108 107 107 108 108
 111 110 110 111 111 111 110 110 109 110 110 110 111 111 112 113 112 111
 111 112 114 114 113 111 113 113 114 114 114 114 114 114 114 115 115 115
 114 114 114 114 115 115 114 114 114 114 114 113 113 113 115 114 113 112
 113  29]","[ 29  29  89  90  90  89  88  88  88  89  89  90  91  93  93  93  95  95
  95  95  95  96  95  95  95  95  95  95  94  95  96  96  96  97  97  97
  97  97  97  97  97  96  97  98  98  98  98  97  99  99 100 101 102 102
 102 102 101 101 101 102 103 104 103 102 102 103 103 104 104 103 104 104
 103 104 104 104 104 103 103 102 102 103 104 104 104 104 103 102 102 103
 104 105 105 104 103 103 105 104 105 104 102 103 100  91  79  71  65  63
  62  64  66  67  67  67  68  67  67  67  67  67  65  65  65  66  68  69
  69  68  69  69  70  73  75  77  84  95 103 107 110 109 108 107 108 108
 109 109 110 111 111 110 110 109 110 111 113 113 112 111 112 114 113 112
 111 112 113 114 112 111 113 113 113 113 114 114 113 112 112 113 114 114
 114 113 114 115 114 114 113 112 112 113 113 112 111 113 115 114 111 110
 112  29]","[ 29  29  89  90  90  89  88  89  89  90  90  91  92  94  94  94  96  95
  95  96  96  96  95  95  93  94  94  94  94  95  96  98  96  97  97  96
  97  97  97  97  97  96  96  97  98  98  97  97 101 100 101 102 102 102
 101 102 101 101 101 102 103 103 103 102 101 102 103 104 105 105 105 105
 104 104 104 104 104 103 102 102 102 103 104 105 105 105 104 103 102 103
 104 105 105 105 104 103 105 105 105 104 103 103 102  98  86  78  71  67
  65  66  67  67  70  71  70  70  69  70  71  71  67  67  67  68  70  71
  71  70  70  70  71  73  76  79  86  95 103 107 109 109 108 109 110 110
 109 109 109 111 111 111 110 109 109 111 113 113 111 110 111 113 112 111
 111 111 112 113 112 111 114 113 112 112 113 113 112 111 110 111 112 112
 112 113 114 115 113 113 112 111 112 113 113 112 111 112 114 113 110 109
 111  29]","[ 28  28  88  89  89  89  89  89  90  91  91  92  93  94  95  94  95  95
  95  95  95  95  95  94  93  93  94  95  95  96  96  97  96  97  97  97
  97  98  99  98  98  97  97  99  99  99  99 100 102 101 102 102 103 102
 102 103 102 102 103 103 104 104 104 103 103 103 104 104 105 105 105 105
 105 105 105 105 105 105 104 103 103 105 106 106 105 105 105 104 105 106
 106 107 106 106 105 104 104 106 105 104 104 104 103 104  96  85  77  74
  71  69  70  71  73  73  73  72  72  73  73  73  71  71  71  72  72  72
  70  69  69  71  72  73  76  81  88  96 102 105 108 108 108 109 110 110
 109 108 109 110 111 111 110 111 110 111 111 111 110 110 111 111 111 111
 111 111 111 111 111 112 112 112 112 112 113 113 112 111 110 111 111 111
 111 111 112 113 112 112 111 110 112 114 114 112 111 111 113 112 111 110
 112  28]","[ 29  29  88  89  89  89  89  89  90  90  91  91  91  92  93  93  95  95
  94  95  95  94  93  93  93  94  95  96  96  96  96  96  96  97  97  97
  98  99 100 100  99  98  98 100 101 101 102 103 102 101 102 103 103 103
 104 105 103 104 104 105 105 105 105 105 105 105 105 105 105 105 105 105
 106 106 106 106 106 106 105 104 104 106 106 106 105 105 105 104 108 108
 108 108 107 106 105 104 104 106 105 105 106 104 104 108 104  90  81  79
  77  73  73  75  73  74  74  74  74  75  74  73  73  73  73  73  73  71
  68  66  67  71  72  72  75  80  88  95 101 104 106 106 106 108 109 109
 108 107 107 108 109 110 110 111 110 110 110 110 110 110 110 110 110 110
 111 110 110 110 111 112 110 111 111 112 111 111 111 111 112 112 112 112
 111 110 111 112 111 111 110 109 110 113 113 111 111 111 112 112 111 112
 113  28]","[ 29  28  89  86  88  88  88  90  90  91  92  94  93  91  91  93  94  94
  94  96  96  96  95  95  95  97  98  97  98  99  99  98  96  99 100  99
  99 101 102 103 103 104 104 103 102 103 105 106 107 105 105 105 105 104
 105 107 108 108 108 108 108 108 108 107 107 108 108 108 108 107 107 107
 109 107 107 109 110 108 106 104 105 106 107 107 107 107 107 107 108 108
 109 109 108 106 105 105 107 106 105 105 104 103 106 109 105  92  85  81
  78  78  77  75  74  75  75  75  77  78  77  74  73  75  76  75  73  71
  69  67  66  67  70  71  73  76  80  90  99 103 105 105 107 108 108 110
 109 107 106 107 108 108 108 108 109 109 109 109 108 108 109 109 109 110
 110 111 110 110 110 110 110 111 112 111 110 110 111 111 111 111 111 111
 112 112 111 110 110 110 109 108 109 111 111 110 111 112 112 111 110 110
 111  28]","[ 29  28  90  87  91  90  90  91  91  92  94  95  95  94  94  96  95  95
  96  97  98  98  98  98  99 100 101 101 102 103 103 103 103 104 104 103
 102 104 105 105 104 106 107 106 104 103 104 105 107 106 106 107 107 107
 107 108 109 109 109 108 109 109 109 108 108 108 108 108 108 107 107 107
 108 107 107 109 110 108 106 105 105 105 106 106 107 107 108 108 108 108
 109 109 107 105 106 107 107 106 106 106 105 105 107 110 105  92  86  83
  80  81  79  77  79  80  80  79  80  80  79  77  75  76  76  75  75  73
  71  68  66  66  69  71  73  75  80  90  97 102 105 106 107 107 107 108
 109 107 107 108 109 109 108 108 108 109 109 109 108 108 109 110 109 109
 110 110 110 110 111 111 110 111 111 110 110 110 111 112 112 112 111 111
 111 112 111 110 110 110 110 110 110 112 112 111 110 112 112 111 112 111
 112  30]","[ 29  28  93  91  95  94  94  94  95  95  97  98  98  97  97  98  98  98
  99 101 101 102 102 103 103 104 104 104 105 106 106 106 105 105 105 104
 105 106 107 107 106 107 109 108 106 104 104 105 107 107 107 108 109 108
 107 107 109 109 109 108 109 110 110 109 109 108 108 108 108 108 108 108
 108 108 108 109 109 108 107 106 106 106 106 106 107 108 108 108 108 108
 108 108 106 104 106 107 107 107 107 107 106 106 108 111 105  92  87  85
  83  84  82  80  81  82  82  81  80  80  79  78  77  76  76  75  75  74
  71  68  65  65  67  69  72  74  77  86  94 101 106 107 108 107 107 107
 109 107 107 108 109 109 109 109 107 108 109 109 108 108 109 110 109 109
 109 110 111 111 111 111 111 111 111 110 110 112 113 113 113 112 111 110
 111 112 112 111 110 110 110 110 111 112 112 111 109 110 111 112 112 111
 112  29]","[ 29  29  95  95  97  97  98  98  99  99  99  99  99  99  99 100 100 100
 101 103 103 103 104 105 105 105 105 105 105 106 106 105 104 104 103 104
 104 106 106 107 105 107 108 108 107 105 105 105 108 108 108 108 108 108
 107 106 108 108 108 108 109 110 109 108 108 107 107 107 108 109 109 109
 109 109 109 109 109 108 108 108 108 108 107 107 108 108 108 108 108 107
 107 106 105 104 105 106 108 107 107 107 106 105 107 110 107  95  89  87
  85  87  86  85  82  82  82  82  82  81  80  79  77  77  77  76  76  74
  71  69  65  64  67  68  71  73  75  83  92 100 106 107 108 108 107 107
 108 108 107 108 108 109 109 109 108 109 110 109 108 108 109 110 109 109
 109 110 111 112 112 111 112 112 111 110 111 113 113 113 113 112 110 110
 111 112 112 111 110 110 110 110 111 111 110 110 109 110 111 111 112 111
 111  28]","[ 28  29  97  97  96  96  99 100 101 101 101 100  99 100 100 101 100 100
 101 102 103 102 103 105 105 104 104 104 105 105 105 105 104 104 104 104
 104 104 103 103 104 105 105 106 107 107 107 106 109 108 108 108 108 108
 108 107 107 108 108 109 109 110 109 108 106 106 106 107 108 109 110 110
 110 110 111 110 110 109 109 109 108 108 107 107 108 108 107 107 108 107
 106 106 106 106 105 105 107 106 106 106 105 105 107 111 111  97  91  89
  87  90  90  89  88  87  85  85  86  85  83  81  78  79  79  78  76  74
  72  70  65  65  67  69  72  74  75  82  89  98 105 106 107 108 107 108
 108 108 107 107 107 108 109 109 108 109 110 110 109 109 109 109 110 109
 110 110 111 112 111 111 112 112 111 111 111 112 112 111 110 110 109 109
 110 112 112 111 111 110 110 110 110 110 110 109 109 109 109 111 112 111
 111  28]","[ 29  29  98  98  96  96 100 100 100 101 101 100  99 100 101 101 100 100
 101 101 102 102 102 103 103 102 102 103 105 104 104 104 104 103 104 104
 104 103 103 104 104 104 104 104 106 107 108 108 108 107 107 106 107 109
 109 108 108 108 109 109 110 110 110 108 106 106 106 107 108 109 109 109
 110 111 111 110 110 110 110 109 107 107 106 107 107 107 107 107 108 107
 105 106 107 107 106 105 105 105 104 105 104 105 108 112 113  99  93  91
  90  92  93  93  93  90  88  87  87  85  82  80  79  80  80  78  76  74
  72  70  66  65  67  69  72  74  75  82  87  97 103 104 106 107 107 108
 108 108 108 107 107 108 109 109 109 109 110 110 110 109 109 109 109 109
 110 110 111 111 111 110 111 111 111 111 111 111 110 109 108 108 108 108
 109 111 111 110 112 111 110 110 111 110 110 110 109 107 107 109 111 110
 111  29]","[ 30  29  98  98  96  96 100  98  98 100 101 100  99 100 101 101 101 100
 100 101 102 102 102 102 101 100 101 103 104 104 103 103 102 102 103 104
 104 104 105 107 105 105 105 105 105 106 107 108 107 107 106 106 107 109
 110 109 109 109 109 109 109 110 110 109 108 107 107 108 108 109 108 107
 110 111 111 110 110 110 109 108 107 107 107 106 106 106 107 107 108 106
 105 106 107 107 106 105 105 104 104 105 105 106 109 112 112 100  95  93
  93  95  95  94  94  92  89  88  87  84  81  80  80  80  79  77  75  74
  73  71  68  66  67  68  71  73  74  82  86  96 103 103 105 107 108 107
 108 109 109 108 108 109 109 108 108 109 109 110 110 110 110 109 108 109
 109 110 110 110 110 110 110 111 111 111 111 111 110 109 108 109 109 109
 109 110 111 111 111 110 110 111 112 110 110 110 109 106 105 107 109 109
 110  29]","[ 30  28  97  97  96  96  98  96  97  99 101 100  99 100 101 101 100  99
  99 100 101 101 101 102 102 101 101 103 105 104 103 102 102 102 103 105
 105 105 106 109 106 107 107 106 105 105 107 108 109 109 108 107 109 111
 111 109 110 109 109 108 108 109 110 109 109 108 108 108 109 108 106 105
 109 110 110 109 109 110 108 106 109 108 108 107 106 106 107 108 107 106
 105 106 106 105 105 105 105 105 105 106 106 106 109 112 111 100  96  95
  95  97  96  94  95  93  92  91  89  85  83  83  82  80  78  76  76  76
  75  73  71  69  68  68  70  72  74  82  87  97 103 104 106 108 108 107
 107 109 110 109 109 110 109 108 108 108 108 109 110 111 110 109 107 108
 109 109 109 110 110 111 110 111 111 111 111 111 111 110 109 110 110 110
 109 110 111 112 110 109 110 111 112 111 110 110 110 107 105 106 109 108
 110  29]","[ 29  29  96  95  96  95  97  97  97  98  99  99  98  99 100 100 100  99
  99 100 101 101 101 102 102 102 102 102 102 102 102 102 102 103 105 105
 104 105 106 107 104 106 108 108 106 105 106 109 108 109 109 109 110 110
 109 106 109 110 110 110 109 109 109 109 110 109 107 107 107 108 108 108
 107 108 109 110 109 107 106 105 106 109 110 108 105 105 106 107 108 107
 106 105 105 105 104 104 106 104 108 106 103 105 108 113 111 102  95  94
  97  97  95  93  93  94  94  92  90  89  86  83  79  79  78  77  76  78
  77  72  71  69  68  69  69  70  75  81  88  95 102 105 106 107 108 107
 108 108 109 110 109 109 109 109 109 110 111 110 109 108 108 110 109 109
 109 109 109 109 109 109 110 111 111 110 111 111 111 110 110 110 110 110
 110 111 111 112 110 109 109 110 110 109 109 109 108 109 109 108 108 108
 110  29]","[ 28  29  96  95  96  95  97  98  96  97  98  98  98  98 100 100 100  99
  99 100 101 102 102 102 101 102 102 103 103 103 103 103 104 104 105 104
 104 104 105 106 106 106 107 107 106 106 106 107 109 110 110 110 110 111
 109 107 109 110 111 110 110 110 109 109 110 109 108 108 108 108 108 108
 108 108 109 109 109 108 107 106 107 108 108 106 105 105 105 105 104 104
 104 104 105 105 106 106 105 105 108 107 104 105 107 111 110 103  97  96
  97  97  96  96  95  95  95  93  92  90  86  83  80  79  79  79  78  79
  77  73  71  69  67  68  68  69  73  79  87  94 101 104 105 107 108 108
 108 108 109 109 109 109 109 109 109 110 110 110 109 108 109 110 109 109
 109 109 109 109 109 109 109 110 111 111 111 111 111 110 110 110 110 110
 110 110 110 110 111 110 110 110 110 109 108 109 109 109 109 108 107 107
 109  28]","[ 28  28  95  95  95  95  96  96  95  96  96  96  96  97  99  99 100  99
  98 100 101 102 102 102 101 101 102 103 104 104 104 104 105 105 105 105
 105 105 105 106 107 107 106 107 107 107 106 107 109 110 110 110 110 110
 109 108 109 110 111 111 110 109 109 108 109 109 109 109 109 109 108 107
 108 108 108 108 109 108 108 107 108 107 106 105 105 105 105 104 105 105
 105 105 105 105 105 105 105 104 106 105 104 105 106 110 109 103  98  96
  96  96  96  97  96  96  96  95  93  91  87  83  80  80  80  80  79  80
  79  74  71  69  67  68  68  69  73  77  85  93 100 103 105 107 108 108
 109 109 109 110 110 109 109 110 109 109 110 109 109 109 110 110 109 110
 110 109 109 108 109 109 109 110 111 110 110 110 110 109 110 111 111 111
 111 111 110 110 110 110 110 110 110 109 108 108 109 109 108 107 107 106
 108  28]","[ 29  29  95  95  95  94  95  95  95  96  96  95  95  96  97  98  99  98
  97  99 101 102 102 102 101 101 102 102 103 103 103 104 104 104 104 105
 106 107 107 107 107 106 106 107 108 108 107 107 108 109 109 109 109 109
 109 109 110 111 111 110 109 109 108 108 109 109 109 109 108 108 108 107
 108 107 107 107 108 108 107 107 108 107 106 105 105 105 105 105 107 108
 108 107 106 105 105 105 107 105 104 103 103 105 107 113 111 105  99  96
  96  96  96  97  97  97  97  95  93  89  86  84  82  80  81  81  80  81
  79  76  72  70  67  68  69  71  75  78  84  92 101 104 106 107 108 108
 108 108 109 109 109 109 109 110 109 109 109 109 109 109 110 110 109 109
 110 110 109 109 109 109 109 110 111 109 108 108 108 109 110 110 111 111
 111 111 110 110 109 110 110 110 109 109 108 109 108 108 107 107 107 106
 108  28]","[ 29  29  95  95  96  95  95  95  96  97  97  96  96  96  96  96  98  97
  97  99 101 102 102 102 102 102 102 102 102 102 103 103 102 102 103 104
 106 107 107 107 106 106 107 108 109 108 107 108 108 108 109 109 110 110
 110 110 110 110 110 109 108 109 109 109 109 109 109 108 108 108 108 108
 108 108 107 107 107 107 107 107 107 107 107 107 106 106 106 107 107 107
 108 107 107 107 107 108 109 106 105 103 105 106 108 115 114 106  99  97
  98  97  98  98  97  97  97  95  91  87  86  85  83  81  81  81  80  80
  80  77  73  70  67  66  68  71  75  79  83  92 101 106 107 108 109 108
 107 107 107 108 107 107 107 108 110 109 109 109 109 109 109 109 109 109
 110 109 109 109 109 110 110 111 111 109 108 108 109 110 108 108 109 110
 110 110 109 109 109 109 110 110 109 108 108 108 107 106 106 107 108 107
 108  28]","[ 29  28  94  94  95  94  95  95  96  97  97  97  97  97  97  96  98  98
  98 100 101 102 102 103 103 103 103 103 103 103 103 103 101 101 101 103
 105 106 106 106 106 107 108 109 108 107 107 108 108 107 107 108 109 109
 110 110 109 109 109 108 108 109 110 111 110 110 109 108 108 109 109 109
 109 108 108 107 107 107 107 107 107 107 108 108 107 106 107 108 106 107
 107 107 106 106 107 108 108 107 106 105 107 107 106 114 114 106  98  96
  97  97  98  98  98  98  97  95  91  87  86  86  84  81  81  81  80  80
  79  76  73  70  66  65  66  69  74  77  81  90 101 106 108 109 110 109
 107 107 107 107 107 106 107 108 110 109 109 109 109 109 109 109 109 109
 109 109 110 110 110 110 110 111 111 110 109 110 111 111 107 108 109 109
 110 110 110 109 109 110 110 109 108 108 107 106 105 104 105 107 109 107
 109  29]","[ 29  28  92  91  91  91  93  93  93  94  95  96  96  97  97  96  97  97
  98 100 101 101 102 103 102 103 103 104 103 103 102 102 100 100 101 102
 103 105 106 107 107 107 107 108 108 108 109 110 108 107 107 108 109 109
 109 110 109 110 109 109 109 110 111 111 110 109 108 108 108 109 109 109
 108 108 108 108 107 107 107 107 107 107 107 108 108 106 106 107 107 107
 107 106 105 105 106 107 106 106 105 104 107 106 105 114 114 106  99  96
  97  97  97  98  99  98  97  96  93  89  87  87  84  81  81  81  80  79
  78  75  74  71  67  64  64  67  71  74  80  90 100 106 107 109 109 109
 109 108 108 108 108 107 107 109 109 109 109 109 109 109 109 110 110 110
 109 109 110 110 109 109 109 110 111 110 111 111 111 111 108 109 109 110
 110 110 110 110 109 109 109 108 108 108 106 105 105 104 104 107 109 107
 109  29]","[ 30  27  90  87  87  87  90  90  90  91  93  94  96  96  96  95  96  97
  98  99 100 100 101 102 101 102 103 104 104 103 102 101 100 100 100 101
 103 105 107 108 107 106 106 107 108 109 110 111 110 108 107 109 110 110
 110 111 110 110 110 110 109 109 110 110 110 108 107 107 108 109 109 109
 107 107 107 107 107 106 107 107 107 106 107 108 108 106 105 105 106 106
 106 105 105 105 106 108 106 105 104 102 106 105 106 116 117 109 102  99
  98  98  99 100 101  99  98  97  95  92  89  88  84  81  81  82  80  79
  77  74  75  72  68  64  63  65  69  71  80  89 100 105 106 107 108 108
 109 109 108 108 108 107 108 109 109 109 109 109 109 109 110 110 111 110
 109 109 110 110 109 108 108 109 110 111 111 111 110 109 108 109 109 109
 109 110 110 110 108 109 108 108 108 108 107 105 106 104 104 107 108 107
 109  30]","[ 29  29  87  88  89  90  90  89  88  91  92  93  96  97  96  96  95  97
  99  98  97  97  98 100 102 101 102 103 104 105 104 103 102 101 101 102
 104 105 105 105 107 107 108 108 108 108 109 110 109 108 109 109 110 109
 110 110 110 110 110 110 110 110 109 109 107 108 108 108 107 108 108 108
 109 108 107 107 108 107 106 105 105 105 106 107 107 106 105 105 108 108
 108 107 107 106 105 105 105 105 104 105 105 104 109 118 118 109 102 101
 101 100  99  98 102  99  96  93  92  91  90  90  82  80  79  80  80  77
  76  77  74  71  68  67  65  64  67  70  78  88  98 103 105 108 109 108
 110 109 108 107 107 107 108 108 109 109 109 108 107 107 109 110 111 110
 110 110 111 111 110 108 110 111 111 111 110 110 110 110 109 110 110 109
 109 109 109 108 111 111 110 110 110 109 108 107 105 106 107 107 109 109
 110  28]","[ 29  30  88  88  88  89  89  89  86  90  93  94  95  97  97  96  96  97
  98  97  96  96  98 100  99  99 100 102 104 104 103 102 102 101 101 102
 103 104 105 105 105 106 107 107 106 106 106 106 108 108 108 109 109 110
 110 111 110 110 110 109 109 109 109 109 108 109 109 108 107 108 108 108
 108 108 107 107 108 107 106 105 105 106 106 107 107 106 105 105 107 108
 108 108 107 106 105 104 106 106 105 106 105 104 107 115 115 107 102 102
 103 103 104 103 103 100  97  94  92  90  89  88  87  84  82  81  79  78
  78  79  77  75  72  70  68  67  69  72  75  86  98 103 105 107 108 107
 108 107 107 107 107 108 108 109 109 108 108 107 107 108 109 110 111 111
 110 111 111 111 109 108 110 110 110 110 109 109 109 109 109 110 110 109
 109 109 109 109 110 110 109 110 111 111 110 109 108 108 108 108 109 109
 111  29]","[ 29  29  88  87  86  87  88  88  87  88  91  94  95  97  98  96  96  97
  97  96  96  96  98 100 100 100 101 102 103 104 104 103 103 102 102 103
 104 105 106 106 105 106 107 107 107 108 109 110 108 108 108 108 109 109
 110 111 111 110 109 109 108 109 109 110 109 110 110 109 108 108 108 108
 107 107 107 107 108 107 106 105 106 106 107 108 108 107 106 105 106 107
 107 108 107 106 105 104 102 103 104 105 106 105 109 116 114 108 104 104
 104 104 105 105 103 100  97  95  93  90  88  87  88  86  83  82  80  78
  78  79  79  77  74  73  70  69  70  72  73  84  97 104 106 108 109 109
 107 107 107 107 108 108 109 109 109 107 106 106 108 109 110 110 110 111
 111 112 111 111 110 109 109 110 110 110 110 109 109 109 109 110 110 110
 110 111 111 110 110 109 109 110 112 113 112 111 111 111 110 109 110 110
 111  29]","[ 29  29  87  86  85  86  88  89  90  87  88  92  94  96  97  94  96  96
  96  96  96  97  99 100 101 100 100 100 101 103 104 105 103 103 104 104
 105 105 106 106 104 104 104 104 105 107 109 111 108 108 108 108 109 109
 109 110 111 111 110 109 109 109 110 110 110 110 110 109 108 108 108 108
 106 106 106 107 107 107 107 106 106 107 108 109 109 108 106 105 105 105
 106 106 106 106 106 106 106 106 105 105 105 104 107 114 115 108 105 105
 104 104 105 104 100  98  96  94  92  90  88  86  84  84  83  82  81  78
  77  77  78  76  74  73  71  69  69  71  72  82  95 103 107 109 110 111
 108 108 108 108 108 108 108 108 109 108 107 107 109 110 110 110 109 110
 111 112 112 111 111 111 109 110 111 111 111 111 111 110 110 110 110 110
 111 112 112 111 111 111 110 111 112 113 112 111 112 111 111 110 110 110
 111  29]","[ 30  29  87  85  85  86  88  89  89  87  88  92  94  93  93  94  95  95
  95  96  96  97  97  98  97  97  98  99 100 101 102 103 102 103 104 105
 105 105 105 105 104 104 105 105 105 106 107 108 107 107 108 109 109 109
 109 109 110 110 110 109 109 109 110 110 110 111 110 109 108 108 108 108
 106 107 107 108 108 108 107 107 106 107 108 109 109 108 106 104 106 105
 105 105 105 106 106 107 107 107 105 104 105 105 109 116 114 108 104 104
 104 105 105 103  99  97  95  94  92  90  88  87  83  83  82  82  81  78
  77  76  77  76  75  74  72  71  71  72  73  82  92 100 105 109 110 111
 110 109 109 109 108 108 109 109 108 109 109 110 110 110 110 110 108 110
 111 112 112 112 112 112 110 111 112 113 113 112 111 110 110 110 110 110
 111 112 112 111 112 112 112 112 111 111 111 111 111 112 111 111 111 110
 111  29]","[ 30  30  87  85  84  85  87  88  88  93  95  94  93  90  90  94  93  94
  95  95  95  95  95  95  94  96  98 100 101 101 102 102 103 103 104 105
 105 105 104 104 104 106 108 109 109 109 109 109 106 107 108 109 110 109
 109 109 109 109 109 108 108 109 109 109 111 111 111 109 108 107 107 107
 107 108 108 109 109 109 109 108 108 108 108 109 109 108 106 105 107 106
 105 104 104 105 106 107 105 105 104 103 105 107 112 119 115 109 105 104
 103 104 104 101 100  98  95  93  92  90  88  87  85  84  83  81  80  79
  78  77  76  76  75  75  74  73  73  73  77  84  92 100 105 108 110 110
 110 110 109 109 109 109 109 110 108 109 111 111 110 110 109 109 109 110
 111 112 111 111 112 112 112 113 113 114 114 113 111 110 110 110 110 110
 110 111 111 111 111 111 112 112 111 111 111 112 111 112 112 111 112 111
 111  29]","[ 28  30  90  88  85  84  86  88  94 104 102  93  92  91  90  93  92  93
  94  95  95  95  95  95  95  97  99 101 101 101 102 102 103 104 104 104
 104 104 104 105 103 104 106 108 108 108 108 108 107 107 108 109 110 109
 109 109 109 108 108 107 108 108 109 110 111 112 111 109 108 108 108 108
 108 108 109 110 110 109 109 108 109 108 107 107 107 107 106 105 107 106
 106 106 106 105 105 105 107 107 106 104 105 106 110 115 114 109 105 103
 101 102 102 100 101  98  95  93  91  90  88  88  87  85  83  81  80  80
  79  77  76  76  76  75  75  75  75  74  80  86  94 101 106 108 109 110
 109 109 109 109 109 109 109 109 108 109 110 111 110 110 109 109 109 110
 110 111 111 112 112 113 113 113 113 113 113 113 112 111 111 112 112 111
 111 111 111 111 110 110 111 111 111 111 111 112 112 112 112 111 111 110
 111  29]","[ 29  32  94  92  87  86  88  91 103 114 106  90  90  94  91  91  91  92
  94  95  95  96  97  97  97  98  99  98  98  98 100 101 103 103 103 103
 102 102 103 104 106 106 107 107 106 106 107 107 109 108 109 109 109 109
 109 109 110 109 108 107 107 109 110 111 111 111 111 109 108 108 109 109
 107 108 109 109 109 108 108 107 108 106 104 104 104 105 105 105 105 106
 107 107 107 106 106 105 105 106 106 105 106 107 110 114 110 106 103 101
 100 102 103 102 100  97  94  92  90  89  88  88  86  84  82  81  81  81
  79  77  77  77  76  75  75  76  76  75  79  86  95 102 106 107 109 110
 109 109 110 110 110 109 108 108 109 109 109 110 110 110 109 109 109 109
 110 110 111 112 113 114 112 111 111 111 112 112 112 111 113 113 113 112
 112 112 112 112 110 110 110 110 111 112 112 111 112 112 111 110 110 109
 110  28]","[ 30  29  97  84  82  86 101 113 125 112  99  91  88  90  91  89  91  89
  92  96  95  96  99  99  97  96  97  99 101 102 102 102 102 104 104 103
 103 104 105 106 107 107 107 105 105 105 107 107 110 109 109 109 109 109
 109 109 110 109 108 108 109 110 111 111 110 111 111 109 109 109 108 107
 106 107 108 108 108 108 108 108 108 107 105 104 105 105 105 105 108 107
 107 107 107 107 105 104 105 104 104 105 106 107 110 113 109 105 102 102
 103 104 103 102  99  96  94  93  92  91  89  89  87  83  80  80  79  79
  78  76  78  77  76  76  76  76  76  77  79  80  89 100 106 108 109 108
 109 109 110 110 109 108 108 108 109 109 109 109 110 110 110 110 110 110
 110 111 111 111 112 113 113 111 109 110 111 112 112 112 113 114 114 112
 110 112 112 111 111 111 111 110 111 112 112 112 114 112 111 110 111 111
 111  28]","[ 30  28  81  86 104 123 136 131 113 100  91  90  89  87  88  89  90  89
  92  96  95  95  95  92  98  97  97  98 100 100 100 100 102 103 103 103
 103 104 106 106 107 107 106 105 104 106 107 107 109 109 109 109 109 109
 109 109 109 109 110 110 111 111 110 109 110 110 110 109 108 108 108 107
 106 107 107 107 108 108 108 108 107 107 106 105 105 105 106 106 107 107
 107 107 108 108 106 105 106 106 106 107 107 108 109 111 108 105 102 102
 103 103 102 101  98  96  93  93  92  90  89  89  86  82  80  80  80  80
  80  78  78  77  76  76  76  75  75  76  78  80  88  99 106 109 110 110
 109 109 110 111 110 108 108 108 109 109 110 111 111 111 111 111 111 111
 111 112 112 112 112 112 111 111 111 112 113 113 113 114 112 114 114 112
 111 112 113 112 112 113 113 112 112 113 113 113 114 114 113 112 113 112
 112  29]","[ 30  29  94 116 130 130 124 105  89  87  88  89  87  86  88  89  90  88
  90  93  94  96  98  98  96  96  96  98  99 100 100 101 101 102 102 102
 103 105 106 106 107 107 106 105 106 107 108 108 108 108 109 109 109 110
 110 110 110 110 110 110 111 110 110 109 110 111 110 108 108 108 107 106
 108 108 107 107 108 108 109 109 107 107 107 106 106 106 107 108 105 106
 107 108 109 108 107 105 105 107 108 108 108 109 110 109 108 105 103 103
 103 102 101 100  98  95  93  92  91  90  89  88  85  81  80  80  80  81
  81  79  78  77  75  75  75  75  75  75  77  80  87  97 105 109 109 109
 108 109 110 111 111 109 108 108 109 110 111 111 111 111 110 110 112 111
 112 113 113 113 112 112 111 111 111 112 113 114 114 115 111 113 113 111
 111 112 113 112 112 113 114 114 114 114 113 112 114 114 114 113 113 112
 112  29]","[ 31  29 120 126 120 107  94  80  80  80  85  90  89  87  88  89  91  89
  89  92  92  92  94  96  95  95  96  97  98  99 101 102 101 101 101 101
 103 106 106 105 107 107 107 107 108 110 110 110 109 109 109 110 110 110
 110 110 111 110 109 108 109 109 110 110 111 111 110 109 108 107 106 106
 109 109 108 108 108 108 109 109 107 108 108 107 106 106 107 108 105 106
 107 109 109 109 107 105 104 107 108 107 107 110 110 109 109 106 103 102
 102 101 100  99  98  96  93  92  91  90  89  88  85  81  80  80  80  80
  80  78  77  76  75  75  76  75  75  75  76  80  86  96 105 109 108 108
 109 109 110 111 111 110 109 109 110 110 111 111 111 110 110 109 111 111
 111 112 113 113 113 114 113 112 111 111 112 113 114 114 111 112 112 112
 112 113 113 113 111 113 114 114 114 113 112 112 113 113 113 112 112 110
 111  29]","[ 30  27 141 127 121 126 122 119 104  91  89  95  88  70  58  56  56  57
  64  79  92  96  97  99  97  96  96  97  97  98  98  99 102 101 101 101
 103 105 105 104 106 106 107 107 109 110 110 110 109 109 109 109 109 109
 109 109 110 109 108 108 108 109 110 110 109 110 110 110 110 108 107 106
 107 107 108 108 108 108 108 108 109 108 108 108 107 107 107 107 106 107
 108 109 109 108 107 106 105 107 107 105 105 109 110 110 109 106 102 101
 101 100 100 100  98  96  94  92  91  91  89  88  86  82  81  81  80  79
  79  78  77  76  75  76  76  75  75  75  76  80  87  96 107 110 108 108
 110 110 109 110 110 110 110 111 111 111 111 111 111 111 111 111 110 110
 110 111 113 113 114 114 115 114 112 111 113 114 114 112 111 112 112 112
 113 114 114 114 111 113 113 113 113 113 112 112 114 114 114 112 112 110
 111  30]","[ 28  33 152 146 140 135 113 104  89  74  63  59  52  42  38  40  40  40
  46  62  84  96  96  94  97  96  97  98  99  99 100 100 102 102 102 102
 103 104 105 104 104 105 106 106 108 109 109 108 109 109 108 108 108 108
 108 108 109 109 109 110 110 110 109 109 108 108 109 110 110 109 108 107
 105 106 107 107 107 107 108 108 109 109 109 108 108 108 108 107 108 108
 109 109 109 108 107 106 107 108 107 105 105 107 110 110 109 105 102 101
 101 101 101 101  98  97  95  92  91  91  89  88  85  82  81  81  80  79
  79  77  77  76  76  76  76  75  75  75  76  81  86  95 108 112 109 110
 111 110 110 110 110 110 111 111 110 110 110 110 111 111 111 111 111 109
 109 110 112 112 113 113 113 114 113 113 114 114 112 110 110 110 111 112
 113 114 115 115 111 113 114 113 113 113 113 113 114 114 114 112 112 110
 111  30]","[ 29  27  82  74  62  48  30  26  20  25  33  37  37  39  41  40  43  45
  44  52  73  93  98  96  97  96  97  99 100 101 102 102 102 103 104 103
 103 104 105 105 104 105 106 106 106 108 109 109 109 108 107 107 107 108
 108 109 109 109 109 109 110 109 109 108 107 107 108 110 110 108 107 107
 105 106 108 108 107 106 107 108 109 109 110 110 109 108 108 109 110 109
 109 109 108 108 108 108 109 109 108 107 107 107 109 111 109 105 101 100
 101 101 100 100  98  97  94  92  90  90  89  87  84  81  81  81  79  78
  78  76  76  76  76  76  75  74  75  76  76  81  84  92 105 111 109 110
 111 110 111 112 112 112 111 110 109 110 110 110 110 110 110 110 111 109
 109 110 112 112 112 112 112 113 114 113 112 113 112 111 111 110 111 112
 113 114 114 114 111 113 114 114 113 113 114 114 114 114 114 113 112 111
 111  29]","[ 30  29  25  21  18  19  19  18  25  29  37  41  40  39  40  40  40  47
  45  44  61  84  94  94  98  97  97  99 101 101 100 100 102 104 105 104
 103 104 105 106 106 106 107 106 106 108 109 110 109 108 107 107 107 108
 109 110 110 109 108 107 108 108 108 108 108 107 108 109 109 107 106 106
 106 108 109 109 107 106 107 108 108 109 111 111 109 108 109 110 110 110
 109 108 108 108 108 109 110 109 109 109 109 108 110 111 108 104 100  99
  99  99  98  96  97  97  94  91  90  89  88  86  84  81  80  79  77  76
  76  74  75  75  76  76  75  74  75  76  77  81  82  89 102 108 108 110
 110 110 112 113 114 113 111 110 111 111 111 112 111 110 109 108 110 109
 109 110 112 112 112 112 112 114 114 112 110 112 114 115 114 113 113 114
 115 115 114 114 110 112 114 114 114 114 114 114 114 114 114 113 113 111
 111  28]","[ 30  27  32  34  32  32  31  33  35  38  40  41  40  39  40  41  41  45
  46  41  49  72  88  96  97  97  98  99 101 103 102 100 101 103 103 103
 103 105 106 104 106 107 107 107 107 108 109 110 108 108 108 108 108 109
 110 111 108 108 108 108 107 107 108 110 111 110 108 107 107 108 108 108
 107 108 108 108 108 108 108 107 108 108 108 109 109 109 108 108 110 110
 109 108 106 107 108 110 110 109 108 108 109 110 111 110 108 104 101 101
 101  99  97  97  96  96  94  90  89  90  88  84  82  81  81  80  77  76
  77  76  78  77  76  76  76  76  77  78  78  78  82  86  97 107 108 110
 109 110 110 111 112 112 111 110 110 111 111 111 110 109 109 109 111 110
 110 110 111 112 112 112 113 114 114 113 113 114 115 114 113 113 114 114
 114 113 112 112 111 112 112 112 113 115 114 112 112 113 115 113 110 112
 109  29]","[ 29  30  36  39  39  40  39  41  41  42  42  41  40  39  39  39  40  41
  42  40  43  55  80  98  95  96  97  98 100 102 102 101 101 103 103 102
 103 105 105 104 106 106 107 107 107 108 110 111 110 109 109 109 110 110
 111 111 109 109 109 109 109 109 109 110 110 110 108 107 106 107 108 108
 107 107 107 107 108 108 108 108 108 108 109 109 109 109 109 109 110 110
 110 109 109 109 110 112 112 111 110 110 111 111 111 111 107 104 101 101
 101  99  97  97  98  97  96  93  90  88  85  82  82  81  81  81  79  78
  78  76  78  77  76  76  75  74  75  75  76  79  85  90  98 108 109 109
 110 110 111 111 112 111 111 110 111 111 111 111 110 110 110 111 112 111
 111 112 112 113 113 113 114 115 114 112 112 113 114 114 112 113 114 114
 114 112 111 110 110 111 112 111 112 114 114 112 110 115 113 112 113 112
 113  30]","[ 28  31  39  41  40  41  41  41  41  39  36  35  35  34  32  30  34  33
  32  29  27  31  69 101  97  98  99 100 101 103 104 103 102 103 103 102
 103 104 105 104 104 105 106 106 106 107 108 109 109 109 109 109 110 110
 110 109 108 108 108 109 110 110 109 109 109 110 109 107 107 108 108 108
 108 108 108 108 108 109 109 109 108 108 108 108 108 109 109 109 109 109
 109 109 109 110 110 111 111 110 109 109 109 110 110 110 106 103 101 101
 102 100  98  97  97  96  96  95  93  89  85  84  82  80  79  79  78  78
  78  75  77  76  76  76  75  74  74  74  75  78  82  87  89 105 109 109
 110 110 111 111 111 110 110 110 111 111 111 110 110 110 111 111 110 111
 111 111 111 111 112 112 113 114 113 112 111 111 112 113 111 112 114 114
 113 111 110 109 110 111 111 111 111 113 113 112 116 112 114 116 112 107
 111  30]","[ 28  31  38  37  35  36  35  35  35  32  29  28  28  28  26  25  19  21
  22  22  24  26  70 102  98  99  99  99  99 100 101 102 103 104 103 102
 103 104 105 104 106 107 108 108 108 108 108 109 109 109 109 109 110 110
 110 108 108 108 109 111 112 112 110 110 108 109 109 108 108 108 108 108
 108 108 107 107 108 108 109 109 109 109 109 109 109 109 110 110 110 110
 109 110 111 111 111 111 110 109 109 109 110 111 111 111 105 103 102 102
 102 101  99  98  98  96  95  95  91  86  83  82  84  81  81  80  78  78
  78  76  76  75  75  75  74  74  74  74  77  78  81  87  86 107 112 112
 111 111 112 112 111 111 111 111 111 112 112 111 111 110 111 111 111 111
 112 112 112 112 112 112 112 113 113 112 111 111 113 114 113 114 115 114
 113 111 111 111 114 113 112 112 112 113 113 112 109 108 115 111 114 118
 114  27]","[ 30  31  35  32  27  29  28  27  24  22  20  19  19  19  19  18  22  20
  18  17  20  22  67 100  98 100 100 100 100 101 102 103 104 104 104 103
 103 104 105 105 107 108 109 110 110 109 109 109 109 109 108 109 110 110
 109 108 109 108 109 111 112 111 110 109 108 109 110 110 110 109 109 108
 106 106 106 106 107 108 108 109 109 108 108 108 108 108 109 110 110 109
 109 109 110 110 110 109 110 109 109 109 110 110 111 111 106 104 104 104
 105 104 102 101 100  97  96  96  92  87  86  87  84  82  81  80  76  76
  77  76  75  75  74  74  74  74  74  75  77  78  81  87  87 106 109 107
 109 110 111 111 111 110 110 110 110 111 111 111 110 110 110 110 110 111
 112 112 112 111 111 111 109 110 111 111 111 111 112 114 113 114 114 113
 111 110 111 111 114 112 110 110 112 113 112 110 110 115 114 110 113 114
 112  31]","[ 30  28  30  24  19  20  18  17  19  18  17  16  16  16  17  17  14  14
  18  21  20  22  63 101  97  98  99 100 100 102 103 104 104 104 103 103
 103 104 104 104 107 108 109 111 111 111 110 109 110 110 110 111 111 111
 110 109 110 109 109 110 111 110 109 108 108 109 111 111 110 110 109 108
 106 106 106 107 108 109 109 110 109 109 108 108 108 108 109 109 109 109
 109 109 109 109 108 108 110 109 109 109 109 109 109 109 106 105 105 105
 105 105 104 103 100  98  96  94  91  87  86  88  83  81  81  79  75  75
  76  76  75  74  73  73  73  72  73  74  76  76  79  85  89 107 111 111
 109 110 110 111 111 110 109 109 109 110 111 111 111 110 110 110 111 111
 112 112 112 111 111 111 109 110 111 113 113 113 113 115 114 114 114 112
 111 111 112 113 113 111 110 110 112 113 112 110 110 112 108 115 111 111
 116  27]","[ 29  26  27  23  19  20  18  17  17  17  16  16  16  16  16  16  18  16
  16  16  16  27  62  96  96  97  98  99  99 100 101 101 103 103 103 104
 104 103 103 104 108 108 109 110 110 110 110 109 110 110 111 111 111 111
 111 110 111 110 109 110 110 109 108 108 107 107 108 108 108 108 107 106
 105 105 106 107 107 108 108 108 109 109 109 109 109 109 109 109 109 109
 109 109 109 109 108 108 109 109 109 109 108 108 108 108 105 105 104 104
 105 105 104 103 102 100  98  96  92  88  87  87  82  81  81  80  78  78
  79  78  75  74  74  74  74  73  73  74  76  76  78  82  90 103 107 109
 110 110 110 110 110 110 110 109 109 110 111 111 111 110 110 110 110 110
 110 110 111 111 110 110 111 111 111 112 113 112 112 114 113 113 112 112
 111 111 112 112 111 110 110 111 112 112 111 111 113 114 109 113 109 115
 109  29]","[30 27 29 28 27 30 29 29 29 29 28 29 30 30 29 29 28 28 30 30 29 30 28 29
 29 29 30 29 29 29 29 29 29 28 29 30 30 29 29 29 29 29 29 29 29 29 29 29
 29 29 29 29 29 29 29 29 30 29 28 29 29 29 29 29 29 29 29 29 30 30 29 28
 28 29 29 29 29 29 29 29 29 29 29 29 29 29 29 28 29 29 29 29 29 28 28 28
 29 29 29 29 29 29 29 29 29 29 29 28 29 30 29 28 29 29 29 29 29 29 28 29
 30 28 29 29 29 29 29 27 29 29 29 29 29 28 28 29 29 29 29 26 29 31 28 27
 29 29 28 29 29 29 29 29 29 30 30 29 29 28 28 29 29 29 28 29 29 29 29 29
 30 28 28 29 29 28 28 30 29 29 29 28 28 29 29 29 29 29 29 30 30 29 28 29
 29 30 28 29 30 27 28 30]"
