"[31 31 29 30 29 28 29 31 30 28 28 30 29 28 29 30 28 30 29 29 30 29 28 30
 28 29 29 30 29 29 29 29 29 29 29 29 28 28 29 29 28 29 29 29 29 29 29 28
 31 29 28 29 29 29 30 29 29 28 29 30 30 29 29 29 29 29 29 29 29 29 29 29
 28 29 29 29 29 30 30 29 29 29 29 28 28 29 29 29 30 29 28 29 29 28 29 30
 29 29 29 29 29 29 29 28 29 29 29 29 29 28 28 29 30 29 29 29 29 29 29 29
 30 29 29 29 29 29 29 29 29 29 29 29 29 29 29 28 29 28 29 30 30 29 29 29
 29 29 28 28 29 29 29 29 28 29 28 30 31 29 30 28 28 30 29 29 29 28 30 28
 29 29 29 29 29 29 29 29 29 29 29 29 29 29 29 29 29 29 28 28 28 29 29 29
 28 31 28 29 32 29 32 30]","[29 30 28 28 30 27 28 28 30 28 29 30 29 28 30 30 28 29 28 28 30 30 28 29
 29 29 29 29 29 29 29 29 30 29 29 30 31 30 29 29 29 29 29 29 29 29 29 29
 29 29 30 29 28 28 29 27 31 29 28 27 28 28 29 29 29 29 29 29 29 29 29 29
 29 29 29 28 28 28 28 28 29 29 29 30 30 30 29 29 29 30 30 29 28 29 29 28
 30 30 30 29 29 29 29 29 29 29 29 29 29 29 29 28 29 29 29 29 29 29 29 29
 27 28 29 30 30 29 29 29 28 30 30 29 28 28 29 29 29 29 29 28 28 29 29 30
 29 29 30 30 29 29 29 29 31 31 28 29 28 27 29 29 29 31 29 30 29 28 30 28
 31 30 28 28 29 29 29 29 30 30 29 29 29 29 29 29 29 31 31 30 29 29 29 28
 28 30 32 27 29 31 28 27]","[ 31  29 124 126 122 121 120 115 116 115 116 115 112 111 110 108 106 106
 103 101 102 100  96  95  91  91  90  88  86  85  85  85  83  80  79  80
  80  78  77  77  74  73  70  68  67  66  65  64  65  66  68  66  64  66
  67  65  65  64  62  59  58  59  59  57  57  56  55  54  53  52  51  51
  47  46  45  46  46  46  47  48  48  48  47  47  48  48  47  46  45  47
  47  44  43  44  43  41  37  36  36  36  35  35  35  34  34  35  35  34
  34  35  34  32  33  32  30  30  33  38  44  48  48  51  56  60  65  69
  72  74  75  78  81  82  84  86  90  92  95  97  97  96  97  99 101 101
 102 103 104 105 106 107 109 110 111 113 115 119 121 121 122 121 123 126
 126 127 127 128 131 131 134 135 137 140 140 138 134 131 120 117 112 108
 103 100  97  95  95 102 111 121 129 137 142 145 153 156 159 170 180 197
 201  31]","[ 30  25 134 128 131 125 131 127 126 126 127 125 123 123 121 118 118 118
 115 113 113 111 108 107 104 103 102  99  97  95  94  94  93  88  85  84
  83  79  78  80  82  80  77  75  74  75  75  74  69  68  69  68  67  67
  69  67  66  67  66  64  63  64  64  62  63  63  61  60  58  57  56  55
  53  50  49  50  50  48  49  51  51  50  48  48  48  48  48  48  49  50
  50  47  46  47  47  46  42  42  42  42  42  41  39  38  38  39  38  37
  37  39  37  35  37  35  34  33  33  33  32  31  31  33  36  39  42  47
  51  54  58  61  65  67  70  75  79  82  83  86  88  87  87  90  91  90
  96  98 100 101 102 103 105 106 106 107 106 108 110 110 115 117 119 122
 122 123 122 121 125 125 130 131 132 133 133 133 132 131 135 133 129 125
 122 119 117 115 112 112 111 108 107 108 110 112 117 130 138 146 149 153
 152  27]","[ 29  29 144 143 137 137 138 136 136 134 133 131 130 131 130 125 126 126
 124 122 121 119 116 116 114 114 112 111 110 108 107 106 103  99  96  95
  92  87  86  88  89  87  84  81  80  81  80  80  81  77  76  76  74  72
  73  73  72  74  73  69  67  67  67  66  65  65  64  64  62  61  60  59
  62  59  57  57  55  52  52  54  53  53  51  51  50  50  50  49  51  50
  49  49  49  49  50  51  47  47  47  47  46  45  44  43  42  42  41  40
  41  43  42  40  38  37  36  37  38  38  36  33  32  32  32  32  31  31
  33  34  34  37  41  46  52  59  65  68  71  74  76  75  76  79  80  79
  82  86  91  94  96  97  99 101 100 102 101 103 104 104 109 110 107 111
 113 116 116 118 122 123 123 125 127 127 128 129 130 132 131 131 132 133
 135 137 137 138 136 135 131 127 122 118 115 113 108 102 105 115 114 120
 127  32]","[ 29  32 139 137 143 141 146 145 145 142 139 137 137 138 139 136 137 137
 134 132 131 129 126 126 124 123 121 120 120 118 117 115 114 113 112 112
 110 106 104 105 103 101  98  94  92  91  90  89  88  82  80  82  80  78
  78  80  81  81  79  75  72  72  72  71  72  72  71  70  68  67  65  65
  67  65  64  64  63  61  60  61  59  59  59  59  58  56  55  54  55  53
  52  52  51  49  49  50  52  50  49  48  48  48  48  47  46  45  45  45
  46  47  47  47  48  45  41  39  40  40  39  38  34  35  37  37  36  36
  36  36  31  31  30  30  32  34  36  36  41  44  48  52  58  66  71  74
  72  75  79  82  82  82  81  81  85  90  95 101 103 102 104 104 105 108
 108 109 107 105 108 107 112 115 119 122 123 123 124 125 125 126 128 131
 133 135 137 137 132 135 138 141 143 144 142 141 137 137 129 113 119 113
 111  27]","[ 31  24 175 167 158 158 158 155 151 148 147 147 146 145 145 144 137 137
 136 136 138 137 135 135 137 135 132 131 130 129 127 125 122 122 122 121
 121 119 117 117 111 110 108 105 104 104 104 103  98  94  93  93  91  89
  90  91  87  85  83  82  82  82  81  81  79  78  76  74  72  71  70  70
  69  69  70  70  69  69  68  68  65  66  66  65  64  62  61  60  61  60
  59  57  56  54  53  52  53  51  50  50  50  50  50  49  48  47  47  48
  48  47  48  49  50  49  49  49  49  48  46  44  38  39  41  42  42  41
  41  40  41  39  37  35  34  35  34  34  33  33  33  33  34  35  37  38
  48  51  55  59  64  68  73  76  77  80  82  86  87  88  93  95  97 101
 103 105 106 106 109 109 109 109 109 110 111 113 116 117 118 120 122 124
 126 127 129 130 133 133 133 134 136 139 143 145 144 147 139 140 130 133
 131  29]","[ 29  30 161 165 169 174 177 172 173 170 170 169 162 155 151 148 146 146
 144 144 147 146 144 143 144 141 139 138 139 139 137 135 132 131 129 127
 128 128 127 126 123 122 121 118 116 115 115 114 114 112 111 109 104 103
 103 102 100  96  93  93  93  91  87  84  85  84  83  82  81  81  82  82
  76  77  78  77  76  76  74  73  73  73  72  70  68  66  67  68  63  65
  65  62  62  62  61  59  57  57  57  58  58  58  56  54  53  51  51  53
  53  50  50  52  52  52  51  50  50  50  50  50  51  50  50  50  50  50
  50  50  48  47  45  42  40  39  39  39  37  36  35  36  35  34  33  33
  34  34  33  34  38  44  52  57  61  65  68  72  74  74  79  80  82  87
  90  95  98 100 104 104 105 106 107 109 110 110 108 107 112 114 116 118
 119 120 122 124 123 126 130 132 134 135 137 138 140 139 139 137 142 143
 144  28]","[ 30  27 126 121 124 131 132 138 143 153 164 171 175 178 179 179 177 177
 169 165 163 157 153 147 149 152 148 144 147 146 142 143 141 141 139 137
 137 138 136 132 131 131 131 130 129 129 128 127 124 122 120 119 118 117
 114 111 113 108 110 109 105 103  99  99  98  95  91  89  88  88  88  88
  82  83  82  81  82  83  81  77  76  78  78  75  73  74  75  74  72  71
  70  69  67  65  65  66  65  67  65  63  64  62  59  60  60  57  57  58
  56  54  54  55  55  54  52  51  51  52  52  51  51  51  51  50  50  51
  52  53  53  53  53  52  51  49  48  46  47  44  41  39  39  39  39  38
  40  40  40  40  37  34  32  32  29  30  34  41  47  54  61  66  64  69
  73  76  80  82  85  89  93  95  96  98 104 107 105 103 107 109 109 107
 108 112 116 116 115 120 124 126 128 129 130 129 134 135 138 138 137 144
 141  28]","[ 31  29 112 118 123 120 124 122 124 126 129 130 134 140 147 152 154 165
 170 176 176 170 172 176 172 172 168 164 161 153 145 144 144 145 145 145
 145 145 143 140 141 139 136 136 138 138 135 131 133 132 131 131 130 127
 124 122 119 119 123 119 115 116 114 113 111 108 105 103 101 100  99  99
  90  90  89  88  90  91  88  83  82  84  85  83  81  80  79  77  78  76
  74  75  75  74  73  72  71  73  71  68  69  67  66  68  68  63  62  61
  59  58  58  56  58  58  57  56  56  57  56  54  52  51  49  49  49  50
  50  51  53  54  54  54  54  54  53  53  54  53  52  51  50  49  47  46
  45  44  43  42  41  38  38  39  40  38  37  38  39  38  38  38  39  44
  48  53  58  63  68  73  77  81  82  85  89  92  94  96 101 103 106 107
 108 108 109 109 115 111 110 113 119 122 123 124 127 129 130 130 130 130
 131  31]","[ 29  28  99 107 111 108 111 107 111 113 115 118 120 122 125 129 125 133
 133 133 137 139 147 156 164 165 170 177 180 177 175 176 173 171 166 161
 156 154 154 155 149 144 139 138 141 145 145 144 139 137 137 138 137 134
 132 132 134 130 131 129 127 128 124 121 118 117 117 117 115 112 109 109
 106 104 103 102 103 103  99  94  93  92  91  89  89  89  89  90  90  87
  84  85  86  85  82  80  77  78  76  74  74  72  70  71  73  71  70  69
  65  65  66  65  65  65  65  64  64  64  62  60  58  56  55  53  53  53
  53  52  52  53  54  54  55  55  55  55  57  57  57  57  56  55  54  53
  52  51  49  48  46  44  44  44  45  42  40  41  41  40  37  35  33  36
  36  35  36  36  38  41  47  54  61  69  75  78  82  87  92  93  95  98
 100 101 104 108 108 107 108 110 109 107 110 114 123 128 128 127 129 124
 124  26]","[ 31  30 109 104 102 106 106 105 105 105 106 106 105 103 104 107 107 116
 116 115 122 123 122 122 124 125 131 138 140 140 142 143 151 155 160 165
 167 168 171 174 172 171 168 165 161 157 154 152 146 143 143 146 146 144
 142 143 139 133 134 139 139 135 131 130 131 128 126 126 125 124 124 125
 120 119 118 117 117 117 114 110 107 103  98  96  94  92  92  93  96  93
  90  90  91  90  86  83  85  85  84  84  83  81  79  78  76  78  80  77
  71  70  73  74  73  73  71  71  71  70  68  67  66  66  65  63  62  61
  60  59  57  57  57  57  57  55  55  55  55  56  56  55  55  55  55  55
  54  54  53  53  52  51  50  50  50  48  46  46  47  47  45  43  40  42
  41  40  40  38  37  39  35  36  36  37  39  41  46  53  58  64  73  80
  85  89  95  99 101 100 101 105 107 107 107 108 104 108 110 112 118 116
 122  30]","[ 28  30 133 130 125 125 121 117 111 111 110 108 104  99  98 100  96 101
 103 104 108 108 106 109 112 114 117 118 118 121 125 126 126 128 131 133
 135 139 145 150 157 160 164 167 168 169 171 173 174 167 161 159 157 153
 152 152 147 143 143 144 139 135 138 141 140 138 136 136 136 134 131 129
 132 132 131 129 128 126 124 122 122 119 116 115 113 110 107 106 103 101
  99  98  98  97  95  92  92  90  89  90  90  90  89  87  86  87  89  87
  82  81  82  81  78  78  77  77  77  75  74  72  72  73  73  72  69  67
  67  67  67  67  66  66  64  61  60  61  58  58  58  57  56  56  57  57
  53  53  54  55  56  56  57  57  57  55  53  51  51  52  52  52  53  55
  54  51  49  45  41  40  43  44  43  43  42  38  34  34  37  41  43  43
  45  54  65  72  76  78  81  85  91  98 104 107 108 103 103 105 108 107
 114  28]","[ 30  29 157 157 151 145 145 141 140 140 140 136 128 120 115 113 114 107
 105 104 101  97  97 105 102 103 102 100 100 103 105 107 111 114 119 122
 123 124 125 126 131 130 132 137 142 148 154 159 159 161 168 176 179 176
 171 168 165 167 165 160 153 149 149 145 140 142 142 143 144 144 141 138
 137 138 138 137 135 134 134 135 131 129 126 125 125 124 122 121 118 117
 115 113 111 110 108 106 102  98  96  95  94  95  95  92  93  92  92  93
  92  92  90  86  83  83  83  84  84  82  79  78  77  78  79  78  76  74
  74  74  74  73  73  72  70  68  67  68  66  66  66  65  64  62  61  61
  58  57  57  56  57  59  60  59  56  56  54  53  55  58  60  61  60  62
  62  62  62  60  58  58  54  53  50  49  50  48  45  45  41  45  46  41
  37  38  40  41  41  48  55  60  66  76  86  92 101 100 102 103 108 114
 111  25]","[ 30  25 188 182 175 169 169 166 159 158 156 154 152 152 153 153 144 137
 139 138 131 124 116 115 112 112 107 105 107 105 101 102 100 101 100  99
 101 106 109 111 114 114 115 119 122 124 126 129 126 127 129 133 138 142
 145 147 150 159 165 171 175 178 180 173 168 168 163 155 151 153 153 151
 147 147 147 147 146 146 147 148 146 144 141 137 136 137 136 134 130 130
 128 126 124 124 122 120 120 116 114 113 109 109 109 106 101  98  99 101
 100  98  95  92  93  91  91  92  92  91  89  88  88  87  87  85  84  83
  81  81  79  78  78  78  77  74  74  76  76  76  75  73  72  71  70  70
  67  67  65  63  62  62  62  60  58  58  57  56  56  59  60  60  61  62
  61  60  62  62  61  63  65  67  67  67  67  64  58  55  55  55  52  47
  43  43  43  44  44  42  41  42  44  44  42  39  59  65  70  74  86  99
  95  31]","[ 29  33 240 244 239 234 216 207 198 194 187 179 175 173 170 167 163 158
 161 154 147 150 151 150 147 144 137 135 135 126 115 114 115 114 110 105
 103 105 104 102 101 101 101 103 104 106 112 118 117 119 121 122 123 124
 126 127 130 132 130 131 132 137 150 153 163 170 174 172 173 178 180 177
 170 167 163 159 154 150 147 147 149 150 149 147 147 147 144 140 138 138
 137 136 136 137 137 135 130 128 129 129 124 123 123 119 116 115 116 116
 111 105 103 103 102  99  97  97  97  97  97  98  97  95  93  91  90  89
  87  85  86  85  85  86  84  82  82  84  84  83  80  78  77  78  79  80
  74  74  73  71  70  69  66  64  65  65  63  62  61  62  60  58  62  61
  58  57  59  61  62  65  63  66  66  65  67  69  68  67  66  65  66  67
  65  61  57  56  54  52  51  52  51  48  47  48  51  51  47  47  48  50
  54  28]","[ 29  29 246 253 253 253 254 253 252 252 249 245 240 235 230 226 210 201
 189 178 171 168 166 166 160 162 163 161 157 152 151 151 142 141 139 136
 132 126 119 114 114 113 108 103 101 100 105 114 108 108 107 106 105 103
 106 112 113 115 112 122 122 123 126 130 129 136 139 138 143 151 156 158
 166 171 176 176 181 178 177 175 172 173 165 160 155 153 155 152 146 143
 141 142 142 141 141 141 140 137 135 135 134 131 130 130 131 127 126 125
 123 121 118 115 114 110 108 107 108 108 107 106 102 102 101 100  98  97
  96  95  93  93  94  94  93  91  89  89  89  89  87  84  82  81  81  81
  80  80  80  80  80  80  77  75  74  73  72  70  69  69  67  65  68  68
  65  63  65  62  60  62  61  63  65  66  66  66  67  67  67  70  72  74
  75  75  73  70  66  65  64  64  62  60  56  54  58  53  54  52  52  56
  49  30]","[ 29  29 246 253 253 252 253 253 252 253 253 253 253 254 253 252 252 252
 252 252 249 243 236 230 218 213 204 193 181 173 168 166 166 163 159 157
 157 157 155 153 149 146 140 135 129 123 121 123 118 116 112 109 105 100
  98 101 107 106 105 109 108 107 107 109 115 118 117 114 118 125 130 132
 130 135 138 141 145 149 152 155 159 166 170 177 180 179 179 174 171 169
 166 162 158 154 151 150 146 143 142 143 145 144 142 141 141 140 138 136
 134 135 135 132 131 127 123 122 123 122 119 117 115 114 112 110 108 106
 106 106 103 101  99  99  98  97  96  96  95  96  96  94  92  90  89  88
  89  88  86  84  83  84  84  84  83  81  80  79  80  81  79  77  76  77
  75  74  74  71  68  70  72  71  69  66  65  66  68  69  68  70  72  73
  74  75  74  73  76  76  76  76  77  76  76  75  73  70  68  70  65  57
  55  30]","[ 29  29 246 253 252 252 253 252 251 252 252 251 252 253 253 253 253 253
 252 252 253 253 252 252 252 251 250 248 245 240 236 233 218 213 205 197
 190 182 174 168 165 161 159 159 158 156 153 150 150 146 140 136 133 126
 120 119 114 111 111 107 105 103 102 103 104 106 106 104 104 106 107 109
 113 118 117 121 120 125 125 129 130 134 137 145 151 156 162 165 167 169
 172 172 171 169 167 166 162 162 161 158 154 149 146 144 144 146 147 144
 144 145 144 141 139 139 138 135 132 130 129 128 130 129 128 125 122 119
 116 114 114 111 108 107 107 106 105 105 100 101 101 100  99  97  95  93
  95  95  93  91  90  90  91  91  90  88  86  85  86  86  84  82  81  82
  82  81  80  77  75  77  79  78  75  73  72  72  72  72  72  73  73  73
  73  74  75  75  73  74  75  75  76  78  79  80  83  87  81  83  81  80
  80  31]","[ 29  29 246 253 252 252 252 252 253 253 253 252 252 252 252 252 253 252
 251 251 251 252 253 254 253 253 253 253 253 252 252 251 254 254 253 251
 248 242 235 230 221 210 199 191 183 178 173 167 165 163 161 160 160 156
 152 151 153 140 133 125 129 129 121 114 110 107 105 104 103 103 102 101
  99 103 103 106 106 109 111 115 114 116 121 125 126 125 127 129 125 127
 132 138 142 147 154 160 169 173 176 175 172 170 169 168 159 159 155 151
 151 152 152 152 145 147 147 144 142 141 140 139 136 137 137 137 136 134
 133 132 129 126 123 121 120 117 114 112 113 112 110 108 106 105 103 101
 104 104 103 101 100  99  99  98  99  97  95  94  94  93  91  89  89  90
  89  88  87  85  83  83  83  83  83  82  82  82  81  80  78  78  77  76
  75  75  75  75  77  77  78  78  77  78  80  81  81  87  81  81  84  93
  94  28]","[ 29  29 246 253 252 252 252 252 251 251 251 251 251 252 252 252 251 252
 253 254 254 252 251 250 252 252 251 251 251 252 253 254 252 253 253 254
 254 253 251 250 253 250 253 254 253 247 238 228 219 216 209 202 195 185
 175 172 168 165 169 161 161 157 151 148 146 139 136 136 134 130 123 114
 110 109 107 102 102 100 102 104 107 101  98  98 101 105 111 116 118 117
 119 123 123 121 122 127 128 128 130 136 146 157 164 166 169 172 175 179
 180 175 168 166 166 160 152 149 149 152 151 148 148 148 147 146 144 143
 143 144 140 138 137 137 137 135 133 131 131 129 125 122 120 119 117 114
 117 114 111 107 106 106 105 104 104 104 103 102 101 101 100  99  99  97
  96  95  94  93  91  89  90  91  91  89  88  88  89  89  86  86  85  85
  84  83  82  82  81  81  82  81  80  79  80  81  84  81  81  82  81  83
  85  28]","[ 29  29 246 252 252 252 253 252 253 253 253 253 253 253 252 252 253 252
 252 251 251 251 252 253 251 252 254 254 253 252 251 250 253 253 253 252
 251 252 253 253 253 252 252 253 253 253 252 250 253 253 252 250 249 245
 241 241 234 222 209 196 193 188 179 171 168 164 163 162 157 153 150 144
 144 141 138 131 132 126 124 122 119 109 104 102 105 105 101 100 104 102
 105 110 110 107 106 109 113 115 118 123 127 129 127 126 132 134 137 144
 154 157 160 166 167 167 168 172 174 172 167 163 159 160 159 157 152 148
 145 144 147 146 145 145 144 143 141 141 140 138 136 134 133 133 130 128
 129 128 124 122 120 118 115 112 110 111 110 108 106 105 104 103 108 105
 105 104 104 105 105 101  98  99 100  98  95  94  93  93  89  89  89  91
  91  90  88  88  87  88  88  88  86  85  85  86  89  82  85  86  82  81
  82  29]","[ 29  29 246 252 252 252 253 252 251 251 251 251 251 252 252 251 252 252
 252 252 252 252 253 253 252 252 252 252 252 252 252 253 251 251 252 252
 252 251 252 252 251 252 251 250 251 252 253 253 251 253 253 253 253 253
 253 254 254 254 252 254 252 248 241 235 232 224 215 201 184 175 171 165
 164 161 158 157 159 154 148 145 146 138 135 132 132 131 125 123 113 109
 106 104 104 104 105 105 111 109 106 104 103 104 107 111 112 117 118 120
 125 124 124 130 136 136 138 141 144 147 153 160 164 168 172 173 172 170
 169 169 157 156 155 154 151 148 146 146 150 148 145 143 144 144 141 139
 141 142 142 141 139 136 133 130 128 127 125 122 119 117 115 113 111 109
 110 110 108 110 111 108 107 108 108 107 105 103 102 101  97  96  96  97
  97  96  94  93  93  94  95  94  93  92  91  91  91  87  90  87  88  91
  90  27]","[ 29  29 246 252 251 251 253 252 252 253 252 252 252 252 252 252 253 252
 252 252 252 252 252 251 253 252 252 252 252 252 252 252 253 252 252 253
 253 253 252 252 250 253 253 251 253 252 250 252 252 252 252 251 252 252
 251 252 252 254 250 254 253 252 254 253 255 251 253 255 252 251 246 234
 234 227 213 207 198 190 176 171 168 163 162 156 153 152 149 151 145 145
 142 138 134 130 122 115 117 114 112 112 110 106 102 101 103 110 111 110
 112 111 109 114 115 115 117 122 123 122 124 129 129 133 137 141 144 149
 155 160 167 168 170 172 171 169 169 170 166 163 157 154 153 153 150 147
 146 147 147 146 145 145 144 144 144 143 140 137 135 132 130 127 128 126
 126 125 121 122 123 119 117 115 113 110 111 113 115 116 116 113 111 112
 112 109 107 106 104 104 104 104 102 100  99  98  96  96  96  94  97  99
  97  29]","[ 29  29 246 252 252 252 253 252 252 252 252 252 252 252 252 252 252 252
 252 252 252 252 252 252 252 252 252 252 252 252 252 252 252 252 252 252
 252 252 252 252 252 252 252 252 252 252 252 252 252 252 252 252 252 252
 252 252 252 252 252 252 252 252 252 252 252 252 252 252 253 253 253 253
 254 254 254 252 249 245 241 239 230 222 212 204 197 188 179 173 173 167
 158 154 152 151 148 145 148 138 132 133 132 128 122 118 111 111 112 109
 112 109 109 106 110 108 108 108 110 112 115 117 118 120 123 123 124 126
 130 133 130 137 139 147 152 154 161 166 167 167 170 171 170 170 169 166
 161 163 157 153 150 147 150 152 148 149 149 147 145 145 145 145 146 144
 142 139 137 135 133 132 130 125 123 121 118 120 124 123 117 120 119 118
 119 116 115 118 118 115 112 110 109 109 109 108 107 104 105 105 104 107
 109  26]","[ 29  29 246 252 252 252 253 252 252 252 252 252 252 252 252 252 252 252
 252 252 252 252 252 252 252 252 252 252 252 252 252 252 252 252 252 252
 252 252 252 252 252 252 252 252 252 252 252 252 252 252 252 252 252 252
 252 252 252 252 252 252 252 252 252 252 252 252 252 252 252 252 252 252
 251 252 253 254 254 254 253 253 253 253 253 254 252 245 236 230 227 220
 211 202 194 185 175 169 165 161 160 158 152 148 148 149 146 145 144 137
 134 126 123 118 116 117 114 109 106 106 105 102 104 104 107 112 114 114
 114 115 120 125 127 130 130 128 129 131 130 136 145 153 159 166 172 173
 178 179 173 172 174 172 174 172 166 165 161 155 152 153 155 156 154 154
 153 153 151 149 145 143 144 138 136 138 138 138 135 128 128 127 125 125
 126 125 123 122 119 118 117 118 119 119 118 118 119 116 114 113 113 114
 115  29]","[ 29  29 246 252 252 252 253 252 252 252 252 252 252 252 252 252 252 252
 252 252 252 252 252 252 252 252 252 252 252 252 252 252 252 252 252 252
 252 252 252 252 252 252 252 252 252 252 252 252 252 252 252 252 252 252
 252 252 252 252 252 252 252 252 252 252 252 252 252 252 252 252 252 252
 252 252 252 252 252 252 252 252 253 252 252 253 253 253 254 254 255 254
 253 253 253 252 249 246 233 222 211 203 197 189 179 170 168 165 163 158
 158 154 152 148 145 145 141 134 130 130 127 123 120 115 111 111 109 106
 106 108 109 110 113 113 113 115 116 120 124 124 127 129 129 130 131 131
 130 138 144 154 162 166 170 170 174 177 180 180 177 172 169 166 163 160
 157 154 153 154 155 157 154 153 154 154 152 152 153 151 150 146 143 141
 140 138 135 131 127 126 127 129 130 128 126 126 129 127 123 122 123 122
 122  31]","[ 29  29 246 252 252 252 253 252 252 252 252 252 252 252 252 252 252 252
 252 252 252 252 252 252 252 252 252 252 252 252 252 252 252 252 252 252
 252 252 252 252 252 252 252 252 252 252 252 252 252 252 252 252 252 252
 252 252 252 252 252 252 252 252 252 252 252 252 252 252 252 252 252 252
 252 252 252 252 252 252 252 252 251 251 251 251 251 251 252 252 251 252
 252 253 253 253 253 253 255 253 252 251 250 249 247 242 232 221 208 194
 189 183 179 174 170 165 160 158 156 154 151 149 150 147 144 140 134 129
 127 127 117 114 115 110 107 108 107 110 112 112 115 116 115 116 121 123
 126 129 129 131 135 138 142 146 145 147 150 153 157 163 170 174 174 177
 181 182 180 176 172 169 167 163 159 158 159 161 160 157 156 154 154 155
 153 154 156 153 148 146 146 146 144 140 138 137 137 136 131 130 131 130
 128  27]","[ 29  29 246 252 252 252 253 252 252 252 252 252 252 252 252 252 252 252
 252 252 252 252 252 252 252 252 252 252 252 252 252 252 252 252 252 252
 252 252 252 252 252 252 252 252 252 252 252 252 252 252 252 252 252 252
 252 252 252 252 252 252 252 252 252 252 252 252 252 252 252 252 252 252
 252 252 252 252 253 253 253 253 253 252 252 253 254 253 251 251 252 252
 252 252 251 251 251 252 250 253 254 254 251 251 252 252 253 252 254 252
 253 247 240 232 227 217 202 191 184 177 171 167 166 164 161 157 156 157
 156 155 150 146 147 140 133 131 125 124 112 112 114 113 108 108 112 115
 114 114 114 116 120 121 117 116 125 129 134 138 141 143 144 144 147 151
 156 161 167 174 182 188 182 181 179 178 178 176 173 172 170 167 167 164
 160 160 161 158 158 158 157 156 155 153 153 154 151 150 146 145 147 144
 142  28]","[ 29  29 246 252 252 252 253 252 252 252 252 252 252 252 252 252 252 252
 252 252 252 252 252 252 252 252 252 252 252 252 252 252 252 252 252 252
 252 252 252 252 252 252 252 252 252 252 252 252 252 252 252 252 252 252
 252 252 252 252 252 252 252 252 252 252 252 252 252 252 252 252 252 252
 252 252 252 252 252 251 251 251 254 252 250 250 251 252 252 252 252 253
 253 253 252 252 252 253 253 251 251 251 252 254 254 252 251 251 254 251
 252 250 252 252 251 253 253 253 253 251 243 233 228 221 208 195 188 185
 179 172 168 165 166 164 160 160 158 155 156 150 146 142 137 132 128 125
 124 120 117 112 113 114 111 111 115 115 117 119 120 120 120 121 126 130
 133 136 137 139 143 146 150 157 163 167 171 174 179 186 187 185 182 181
 180 181 180 176 171 172 172 168 164 164 164 165 162 161 160 161 161 160
 158  30]","[ 29  29 245 252 252 252 253 252 252 252 252 252 252 252 252 252 252 252
 252 252 252 252 252 252 252 252 252 252 252 252 252 252 252 252 252 252
 252 252 252 252 252 252 252 252 252 252 252 252 252 252 252 252 252 252
 252 252 252 252 252 252 252 252 252 252 252 252 252 252 252 252 252 252
 252 252 252 252 253 253 253 254 252 252 252 253 253 252 251 251 252 252
 252 252 252 251 251 251 253 252 253 253 250 250 252 252 252 253 254 251
 252 251 253 253 253 253 252 250 251 254 254 251 254 253 250 247 246 245
 240 235 220 215 209 204 194 187 182 172 172 165 161 161 162 161 159 155
 152 150 150 144 141 137 129 128 121 120 118 118 117 115 112 111 114 116
 119 122 124 125 127 128 130 132 132 135 141 145 146 149 154 158 162 166
 173 179 181 182 180 185 186 180 176 177 178 177 173 172 172 172 170 170
 169  28]","[ 29  29 245 252 252 252 253 252 252 252 252 252 252 252 252 252 252 252
 252 252 252 252 252 252 252 252 252 252 252 252 252 252 252 252 252 252
 252 252 252 252 252 252 252 252 252 252 252 252 252 252 252 252 252 252
 252 252 252 252 252 252 252 252 252 252 252 252 252 252 252 252 252 252
 253 253 252 252 251 251 252 252 252 252 252 252 252 251 251 252 253 252
 252 252 252 252 252 253 252 250 251 253 253 253 253 252 252 251 252 250
 254 252 253 250 251 251 252 253 253 251 251 252 252 253 253 253 253 252
 253 253 255 255 253 255 249 243 239 226 224 216 209 199 187 178 175 175
 170 165 163 160 162 164 157 156 151 149 147 145 143 137 132 129 122 119
 116 113 113 115 116 117 117 122 123 123 125 125 126 130 132 140 143 142
 144 145 145 148 156 166 174 175 177 185 191 192 191 189 189 187 181 180
 178  30]","[ 29  29 245 252 252 252 253 252 252 252 252 252 252 252 252 252 252 252
 252 252 252 252 252 252 252 252 252 252 252 252 252 252 252 252 252 252
 252 252 252 252 252 252 252 252 252 252 252 252 252 252 252 252 252 252
 252 252 252 252 252 252 252 252 252 252 252 252 252 252 252 252 252 252
 252 252 252 252 252 252 252 252 252 252 252 252 252 252 252 252 252 252
 252 252 252 252 252 252 252 252 252 252 252 252 252 252 252 252 252 252
 252 252 252 252 252 252 252 252 252 252 252 252 252 252 252 252 252 252
 252 252 252 252 252 252 253 253 253 253 252 254 255 254 255 253 244 233
 221 219 214 207 199 190 184 180 171 166 162 162 164 163 158 153 156 151
 147 144 138 132 129 127 126 124 121 117 116 118 120 121 125 121 119 124
 130 129 128 133 131 136 144 149 149 146 145 145 158 167 171 180 182 186
 192  28]","[ 29  29 245 252 252 252 253 252 252 252 252 252 252 252 252 252 252 252
 252 252 252 252 252 252 252 252 252 252 252 252 252 252 252 252 252 252
 252 252 252 252 252 252 252 252 252 252 252 252 252 252 252 252 252 252
 252 252 252 252 252 252 252 252 252 252 252 252 252 252 252 252 252 252
 252 252 252 252 252 252 252 252 252 252 252 252 252 252 252 252 252 252
 252 252 252 252 252 252 252 252 252 252 252 252 252 252 252 252 252 252
 252 252 252 252 252 252 252 252 252 252 252 252 252 252 252 252 252 252
 252 252 252 252 252 252 252 252 252 252 251 252 251 250 252 254 254 251
 254 254 252 251 248 245 242 241 237 227 213 201 194 188 181 177 175 168
 164 165 166 165 163 160 155 152 149 149 148 143 136 129 124 121 120 125
 129 127 124 125 129 126 124 126 130 135 140 143 145 142 143 154 154 151
 160  27]","[ 29  29 245 252 252 252 253 252 252 252 252 252 252 252 252 252 252 252
 252 252 252 252 252 252 252 252 252 252 252 252 252 252 252 252 252 252
 252 252 252 252 252 252 252 252 252 252 252 252 252 252 252 252 252 252
 252 252 252 252 252 252 252 252 252 252 252 252 252 252 252 252 252 252
 252 252 252 252 252 252 252 252 252 252 252 252 252 252 252 252 252 252
 252 252 252 252 252 252 252 252 252 252 252 252 252 252 252 252 252 252
 252 252 252 252 252 252 252 252 252 252 252 252 252 252 252 252 252 252
 252 252 252 252 252 252 252 252 252 252 253 253 252 251 251 253 253 253
 252 252 253 254 255 255 255 255 253 253 254 255 254 252 245 239 236 225
 215 207 198 188 179 171 172 169 167 167 166 163 162 161 162 158 154 148
 140 133 131 131 126 124 123 123 125 127 129 131 135 135 136 136 136 138
 142  27]","[ 29  29 245 252 252 252 253 252 252 252 252 252 252 252 252 252 252 252
 252 252 252 252 252 252 252 252 252 252 252 252 252 252 252 252 252 252
 252 252 252 252 252 252 252 252 252 252 252 252 252 252 252 252 252 252
 252 252 252 252 252 252 252 252 252 252 252 252 252 252 252 252 252 252
 252 252 252 252 252 252 252 252 252 252 252 252 252 252 252 252 252 252
 252 252 252 252 252 252 252 252 252 252 252 252 252 252 252 252 252 252
 252 252 252 252 252 252 252 252 252 252 252 252 252 252 252 252 252 252
 252 252 252 252 252 252 252 252 252 252 251 251 252 253 253 251 251 252
 251 251 251 251 251 251 251 251 253 252 251 251 252 253 253 253 255 254
 255 255 253 252 250 248 238 228 219 216 212 202 190 182 176 177 180 179
 172 167 165 161 162 158 154 150 147 144 142 142 136 131 130 128 130 131
 132  31]","[ 29  29 245 252 252 252 253 252 252 252 252 252 252 252 252 252 252 252
 252 252 252 252 252 252 252 252 252 252 252 252 252 252 252 252 252 252
 252 252 252 252 252 252 252 252 252 252 252 252 252 252 252 252 252 252
 252 252 252 252 252 252 252 252 252 252 252 252 252 252 252 252 252 252
 252 252 252 252 252 252 252 252 252 252 252 252 252 252 252 252 252 252
 252 252 252 252 252 252 252 252 252 252 252 252 252 252 252 252 252 252
 252 252 252 252 252 252 252 252 252 252 252 252 252 252 252 252 252 252
 252 252 252 252 252 252 252 252 252 252 253 251 251 252 252 252 252 254
 254 254 253 253 252 252 252 252 252 252 253 253 253 252 252 252 250 250
 253 254 253 253 254 253 253 253 255 255 253 247 243 244 243 235 228 219
 210 205 198 190 189 182 175 172 170 167 161 156 163 157 156 150 148 145
 141  29]","[ 29  29 245 252 252 252 253 252 252 252 252 252 252 252 252 252 252 252
 252 252 252 252 252 252 252 252 252 252 252 252 252 252 252 252 252 252
 252 252 252 252 252 252 252 252 252 252 252 252 252 252 252 252 252 252
 252 252 252 252 252 252 252 252 252 252 252 252 252 252 252 252 252 252
 252 252 252 252 252 252 252 252 252 252 252 252 252 252 252 252 252 252
 252 252 252 252 252 252 252 252 252 252 252 252 252 252 252 252 252 252
 252 252 252 252 252 252 252 252 252 252 252 252 252 252 252 252 252 252
 252 252 252 252 252 252 252 252 252 252 254 252 252 252 252 252 251 251
 252 252 252 252 252 252 252 252 252 252 252 251 250 251 252 253 254 252
 252 252 251 251 251 249 254 251 249 251 254 255 254 254 253 253 254 254
 255 254 250 244 239 234 228 221 213 201 189 182 178 178 178 170 169 169
 171  29]","[ 29  29 245 252 252 252 253 252 252 252 252 252 252 252 252 252 252 252
 252 252 252 252 252 252 252 252 252 252 252 252 252 252 252 252 252 252
 252 252 252 252 252 252 252 252 252 252 252 252 252 252 252 252 252 252
 252 252 252 252 252 252 252 252 252 252 252 252 252 252 252 252 252 252
 252 252 252 252 252 252 252 252 252 252 252 252 252 252 252 252 252 252
 252 252 252 252 252 252 252 252 252 252 252 252 252 252 252 252 252 252
 252 252 252 252 252 252 252 252 252 252 252 252 252 252 252 252 252 252
 252 252 252 252 252 252 252 252 252 252 250 250 251 252 253 253 252 251
 252 252 252 252 252 252 252 252 251 251 252 253 253 252 252 251 253 251
 251 252 252 253 254 252 251 253 254 253 251 250 251 252 252 254 253 251
 252 252 253 255 253 254 255 255 254 253 253 254 253 243 233 224 215 206
 202  28]","[ 29  29 245 252 252 252 253 252 252 252 252 252 252 252 252 252 252 252
 252 252 252 252 252 252 252 252 252 252 252 252 252 252 252 252 252 252
 252 252 252 252 252 252 252 252 252 252 252 252 252 252 252 252 252 252
 252 252 252 252 252 252 252 252 252 252 252 252 252 252 252 252 252 252
 252 252 252 252 252 252 252 252 252 252 252 252 252 252 252 252 252 252
 252 252 252 252 252 252 252 252 252 252 252 252 252 252 252 252 252 252
 252 252 252 252 252 252 252 252 252 252 252 252 252 252 252 252 252 252
 252 252 252 252 252 252 252 252 252 252 253 253 252 251 251 252 252 252
 252 252 252 252 252 252 252 252 252 252 252 252 252 252 252 252 251 251
 253 253 251 252 253 251 252 252 252 252 252 253 253 252 251 253 252 251
 253 253 251 252 252 251 251 253 254 254 253 253 251 254 254 253 253 253
 240  30]","[ 29  29 245 252 252 252 253 252 252 252 252 252 252 252 252 252 252 252
 252 252 252 252 252 252 252 252 252 252 252 252 252 252 252 252 252 252
 252 252 252 252 252 252 252 252 252 252 252 252 252 252 252 252 252 252
 252 252 252 252 252 252 252 252 252 252 252 252 252 252 252 252 252 252
 252 252 252 252 252 252 252 252 252 252 252 252 252 252 252 252 252 252
 252 252 252 252 252 252 252 252 252 252 252 252 252 252 252 252 252 252
 252 252 252 252 252 252 252 252 252 252 252 252 252 252 252 252 252 252
 252 252 252 252 252 252 252 252 252 252 252 252 252 252 252 252 252 252
 252 252 252 252 252 252 252 252 252 252 252 252 252 252 252 252 252 252
 252 252 252 252 252 252 252 252 252 252 252 252 252 252 252 252 252 252
 252 252 252 252 252 252 252 252 253 253 253 253 253 253 253 254 253 253
 244  30]","[ 29  29 245 252 252 252 253 252 252 252 252 252 252 252 252 252 252 252
 252 252 252 252 252 252 252 252 252 252 252 252 252 252 252 252 252 252
 252 252 252 252 252 252 252 252 252 252 252 252 252 252 252 252 252 252
 252 252 252 252 252 252 252 252 252 252 252 252 252 252 252 252 252 252
 252 252 252 252 252 252 252 252 252 252 252 252 252 252 252 252 252 252
 252 252 252 252 252 252 252 252 252 252 252 252 252 252 252 252 252 252
 252 252 252 252 252 252 252 252 252 252 252 252 252 252 252 252 252 252
 252 252 252 252 252 252 252 252 252 252 252 252 252 252 252 252 252 252
 252 252 252 252 252 252 252 252 252 252 252 252 252 252 252 252 252 252
 252 252 252 252 252 252 252 252 252 252 252 252 252 252 252 252 252 252
 252 252 252 252 252 252 252 252 252 252 252 252 252 253 252 253 253 252
 244  30]","[ 29  29 245 252 252 252 253 252 252 252 252 252 252 252 252 252 252 252
 252 252 252 252 252 252 252 252 252 252 252 252 252 252 252 252 252 252
 252 252 252 252 252 252 252 252 252 252 252 252 252 252 252 252 252 252
 252 252 252 252 252 252 252 252 252 252 252 252 252 252 252 252 252 252
 252 252 252 252 252 252 252 252 252 252 252 252 252 252 252 252 252 252
 252 252 252 252 252 252 252 252 252 252 252 252 252 252 252 252 252 252
 252 252 252 252 252 252 252 252 252 252 252 252 252 252 252 252 252 252
 252 252 252 252 252 252 252 252 252 252 252 252 252 252 252 252 252 252
 252 252 252 252 252 252 252 252 252 252 252 252 252 252 252 252 252 252
 252 252 252 252 252 252 252 252 252 252 252 252 252 252 252 252 252 252
 252 252 252 252 252 252 252 252 252 252 252 252 252 252 252 253 252 252
 243  29]","[ 29  29 245 252 252 252 253 252 252 252 252 252 252 252 252 252 252 252
 252 252 252 252 252 252 252 252 252 252 252 252 252 252 252 252 252 252
 252 252 252 252 252 252 252 252 252 252 252 252 252 252 252 252 252 252
 252 252 252 252 252 252 252 252 252 252 252 252 252 252 252 252 252 252
 252 252 252 252 252 252 252 252 252 252 252 252 252 252 252 252 252 252
 252 252 252 252 252 252 252 252 252 252 252 252 252 252 252 252 252 252
 252 252 252 252 252 252 252 252 252 252 252 252 252 252 252 252 252 252
 252 252 252 252 252 252 252 252 252 252 252 252 252 252 252 252 252 252
 252 252 252 252 252 252 252 252 252 252 252 252 252 252 252 252 252 252
 252 252 252 252 252 252 252 252 252 252 252 252 252 252 252 252 252 252
 252 252 252 252 252 252 252 252 252 252 252 252 252 252 252 252 252 252
 243  29]","[ 29  29 245 252 252 252 253 252 252 252 252 252 252 252 252 252 252 252
 252 252 252 252 252 252 252 252 252 252 252 252 252 252 252 252 252 252
 252 252 252 252 252 252 252 252 252 252 252 252 252 252 252 252 252 252
 252 252 252 252 252 252 252 252 252 252 252 252 252 252 252 252 252 252
 252 252 252 252 252 252 252 252 252 252 252 252 252 252 252 252 252 252
 252 252 252 252 252 252 252 252 252 252 252 252 252 252 252 252 252 252
 252 252 252 252 252 252 252 252 252 252 252 252 252 252 252 252 252 252
 252 252 252 252 252 252 252 252 252 252 252 252 252 252 252 252 252 252
 252 252 252 252 252 252 252 252 252 252 252 252 252 252 252 252 252 252
 252 252 252 252 252 252 252 252 252 252 252 252 252 252 252 252 252 252
 252 252 252 252 252 252 252 252 252 252 252 252 252 252 252 252 252 251
 243  29]","[ 29  29 245 252 252 252 253 252 252 252 252 252 252 252 252 252 252 252
 252 252 252 252 252 252 252 252 252 252 252 252 252 252 252 252 252 252
 252 252 252 252 252 252 252 252 252 252 252 252 252 252 252 252 252 252
 252 252 252 252 252 252 252 252 252 252 252 252 252 252 252 252 252 252
 252 252 252 252 252 252 252 252 252 252 252 252 252 252 252 252 252 252
 252 252 252 252 252 252 252 252 252 252 252 252 252 252 252 252 252 252
 252 252 252 252 252 252 252 252 252 252 252 252 252 252 252 252 252 252
 252 252 252 252 252 252 252 252 252 252 252 252 252 252 252 252 252 252
 252 252 252 252 252 252 252 252 252 252 252 252 252 252 252 252 252 252
 252 252 252 252 252 252 252 252 252 252 252 252 252 252 252 252 252 252
 252 252 252 252 252 252 252 252 252 252 252 252 252 252 252 252 252 252
 243  29]","[ 29  29 245 252 252 252 253 252 252 252 252 252 252 252 252 252 252 252
 252 252 252 252 252 252 252 252 252 252 252 252 252 252 252 252 252 252
 252 252 252 252 252 252 252 252 252 252 252 252 252 252 252 252 252 252
 252 252 252 252 252 252 252 252 252 252 252 252 252 252 252 252 252 252
 252 252 252 252 252 252 252 252 252 252 252 252 252 252 252 252 252 252
 252 252 252 252 252 252 252 252 252 252 252 252 252 252 252 252 252 252
 252 252 252 252 252 252 252 252 252 252 252 252 252 252 252 252 252 252
 252 252 252 252 252 252 252 252 252 252 252 252 252 252 252 252 252 252
 252 252 252 252 252 252 252 252 252 252 252 252 252 252 252 252 252 252
 252 252 252 252 252 252 252 252 252 252 252 252 252 252 252 252 252 252
 252 252 252 252 252 252 252 252 252 252 252 252 252 252 252 252 251 251
 244  29]","[ 29  29 245 252 252 252 253 252 252 252 252 252 252 252 252 252 252 252
 252 252 252 252 252 252 252 252 252 252 252 252 252 252 252 252 252 252
 252 252 252 252 252 252 252 252 252 252 252 252 252 252 252 252 252 252
 252 252 252 252 252 252 252 252 252 252 252 252 252 252 252 252 252 252
 252 252 252 252 252 252 252 252 252 252 252 252 252 252 252 252 252 252
 252 252 252 252 252 252 252 252 252 252 252 252 252 252 252 252 252 252
 252 252 252 252 252 252 252 252 252 252 252 252 252 252 252 252 252 252
 252 252 252 252 252 252 252 252 252 252 252 252 252 252 252 252 252 252
 252 252 252 252 252 252 252 252 252 252 252 252 252 252 252 252 252 252
 252 252 252 252 252 252 252 252 252 252 252 252 252 252 252 252 252 252
 252 252 252 252 252 252 252 252 252 252 252 252 252 252 251 252 251 251
 244  29]","[ 29  29 246 252 252 252 253 252 252 252 252 252 252 252 252 252 252 252
 252 252 252 252 252 252 252 252 252 252 252 252 252 252 252 252 252 252
 252 252 252 252 252 252 252 252 252 252 252 252 252 252 252 252 252 252
 252 252 252 252 252 252 252 252 252 252 252 252 252 252 252 252 252 252
 252 252 252 252 252 252 252 252 252 252 252 252 252 252 252 252 252 252
 252 252 252 252 252 252 252 252 252 252 252 252 252 252 252 252 252 252
 252 252 252 252 252 252 252 252 252 252 252 252 252 252 252 252 252 252
 252 252 252 252 252 252 252 252 252 252 252 252 252 252 252 252 252 252
 252 252 252 252 252 252 252 252 252 252 252 252 252 252 252 252 252 252
 252 252 252 252 252 252 252 252 252 252 252 252 252 252 252 252 252 252
 252 252 252 252 252 252 252 252 252 252 252 252 252 252 252 252 251 252
 244  29]","[ 29  29 246 252 252 252 253 252 252 252 252 252 252 252 252 252 252 252
 252 252 252 252 252 252 252 252 252 252 252 252 252 252 252 252 252 252
 252 252 252 252 252 252 252 252 252 252 252 252 252 252 252 252 252 252
 252 252 252 252 252 252 252 252 252 252 252 252 252 252 252 252 252 252
 252 252 252 252 252 252 252 252 252 252 252 252 252 252 252 252 252 252
 252 252 252 252 252 252 252 252 252 252 252 252 252 252 252 252 252 252
 252 252 252 252 252 252 252 252 252 252 252 252 252 252 252 252 252 252
 252 252 252 252 252 252 252 252 252 252 252 252 252 252 252 252 252 252
 252 252 252 252 252 252 252 252 252 252 252 252 252 252 252 252 252 252
 252 252 252 252 252 252 252 252 252 252 252 252 252 252 252 252 252 252
 252 252 252 252 252 252 252 252 252 252 252 252 252 252 252 252 251 252
 244  29]","[ 29  29 246 252 252 252 253 252 252 252 252 252 252 252 252 252 252 252
 252 252 252 252 252 252 252 252 252 252 252 252 252 252 252 252 252 252
 252 252 252 252 252 252 252 252 252 252 252 252 252 252 252 252 252 252
 252 252 252 252 252 252 252 252 252 252 252 252 252 252 252 252 252 252
 252 252 252 252 252 252 252 252 252 252 252 252 252 252 252 252 252 252
 252 252 252 252 252 252 252 252 252 252 252 252 252 252 252 252 252 252
 252 252 252 252 252 252 252 252 252 252 252 252 252 252 252 252 252 252
 252 252 252 252 252 252 252 252 252 252 252 252 252 252 252 252 252 252
 252 252 252 252 252 252 252 252 252 252 252 252 252 252 252 252 252 252
 252 252 252 252 252 252 252 252 252 252 252 252 252 252 252 252 252 252
 252 252 252 252 252 252 252 252 252 252 252 252 252 252 252 252 251 252
 244  29]","[ 29  29 246 252 252 252 253 252 252 252 252 252 252 252 252 252 252 252
 252 252 252 252 252 252 252 252 252 252 252 252 252 252 252 252 252 252
 252 252 252 252 252 252 252 252 252 252 252 252 252 252 252 252 252 252
 252 252 252 252 252 252 252 252 252 252 252 252 252 252 252 252 252 252
 252 252 252 252 252 252 252 252 252 252 252 252 252 252 252 252 252 252
 252 252 252 252 252 252 252 252 252 252 252 252 252 252 252 252 252 252
 252 252 252 252 252 252 252 252 252 252 252 252 252 252 252 252 252 252
 252 252 252 252 252 252 252 252 252 252 252 252 252 252 252 252 252 252
 252 252 252 252 252 252 252 252 252 252 252 252 252 252 252 252 252 252
 252 252 252 252 252 252 252 252 252 252 252 252 252 252 252 252 252 252
 252 252 252 252 252 252 252 252 252 252 252 252 252 252 252 252 251 252
 244  29]","[ 29  29 246 252 252 252 253 252 252 252 252 252 252 252 252 252 252 252
 252 252 252 252 252 252 252 252 252 252 252 252 252 252 252 252 252 252
 252 252 252 252 252 252 252 252 252 252 252 252 252 252 252 252 252 252
 252 252 252 252 252 252 252 252 252 252 252 252 252 252 252 252 252 252
 252 252 252 252 252 252 252 252 252 252 252 252 252 252 252 252 252 252
 252 252 252 252 252 252 252 252 252 252 252 252 252 252 252 252 252 252
 252 252 252 252 252 252 252 252 252 252 252 252 252 252 252 252 252 252
 252 252 252 252 252 252 252 252 252 252 252 252 252 252 252 252 252 252
 252 252 252 252 252 252 252 252 252 252 252 252 252 252 252 252 252 252
 252 252 252 252 252 252 252 252 252 252 252 252 252 252 252 252 252 252
 252 252 252 252 252 252 252 252 252 252 252 252 252 252 252 252 251 252
 244  29]","[ 29  29 246 252 252 252 253 252 252 252 252 252 252 252 252 252 252 252
 252 252 252 252 252 252 252 252 252 252 252 252 252 252 252 252 252 252
 252 252 252 252 252 252 252 252 252 252 252 252 252 252 252 252 252 252
 252 252 252 252 252 252 252 252 252 252 252 252 252 252 252 252 252 252
 252 252 252 252 252 252 252 252 252 252 252 252 252 252 252 252 252 252
 252 252 252 252 252 252 252 252 252 252 252 252 252 252 252 252 252 252
 252 252 252 252 252 252 252 252 252 252 252 252 252 252 252 252 252 252
 252 252 252 252 252 252 252 252 252 252 252 252 252 252 252 252 252 252
 252 252 252 252 252 252 252 252 252 252 252 252 252 252 252 252 252 252
 252 252 252 252 252 252 252 252 252 252 252 252 252 252 252 252 252 252
 252 252 252 252 252 252 252 252 252 252 252 252 252 252 252 252 251 252
 244  29]","[ 29  29 246 252 252 252 253 252 252 252 252 252 252 252 252 252 252 252
 252 252 252 252 252 252 252 252 252 252 252 252 252 252 252 252 252 252
 252 252 252 252 252 252 252 252 252 252 252 252 252 252 252 252 252 252
 252 252 252 252 252 252 252 252 252 252 252 252 252 252 252 252 252 252
 252 252 252 252 252 252 252 252 252 252 252 252 252 252 252 252 252 252
 252 252 252 252 252 252 252 252 252 252 252 252 252 252 252 252 252 252
 252 252 252 252 252 252 252 252 252 252 252 252 252 252 252 252 252 252
 252 252 252 252 252 252 252 252 252 252 252 252 252 252 252 252 252 252
 252 252 252 252 252 252 252 252 252 252 252 252 252 252 252 252 252 252
 252 252 252 252 252 252 252 252 252 252 252 252 252 252 252 252 252 252
 252 252 252 252 252 252 252 252 252 252 252 252 252 252 252 252 251 252
 244  29]","[ 29  29 246 252 252 252 253 252 252 252 252 252 252 252 252 252 252 252
 252 252 252 252 252 252 252 252 252 252 252 252 252 252 252 252 252 252
 252 252 252 252 252 252 252 252 252 252 252 252 252 252 252 252 252 252
 252 252 252 252 252 252 252 252 252 252 252 252 252 252 252 252 252 252
 252 252 252 252 252 252 252 252 252 252 252 252 252 252 252 252 252 252
 252 252 252 252 252 252 252 252 252 252 252 252 252 252 252 252 252 252
 252 252 252 252 252 252 252 252 252 252 252 252 252 252 252 252 252 252
 252 252 252 252 252 252 252 252 252 252 252 252 252 252 252 252 252 252
 252 252 252 252 252 252 252 252 252 252 252 252 252 252 252 252 252 252
 252 252 252 252 252 252 252 252 252 252 252 252 252 252 252 252 252 252
 252 252 252 252 252 252 252 252 252 252 252 252 252 252 252 252 251 252
 244  29]","[ 29  29 246 252 252 252 253 252 252 252 252 252 252 252 252 252 252 252
 252 252 252 252 252 252 252 252 252 252 252 252 252 252 252 252 253 252
 253 253 250 252 252 252 252 252 252 252 252 251 252 252 252 252 252 252
 252 252 252 252 252 252 252 252 252 252 252 252 252 252 252 252 252 252
 252 252 252 252 252 252 252 252 252 252 252 252 252 252 252 252 252 252
 252 252 252 252 252 252 252 252 252 252 252 252 252 252 252 252 252 252
 252 252 252 252 252 252 252 252 252 252 252 252 252 252 252 252 252 252
 252 252 251 253 254 251 250 252 253 251 252 253 252 252 251 252 253 253
 253 253 253 250 255 252 252 252 252 253 251 251 253 253 251 252 252 252
 252 252 252 252 252 252 252 252 252 252 252 252 252 252 252 252 252 252
 252 252 252 252 252 252 252 252 252 252 252 252 252 252 252 252 251 252
 244  29]","[ 29  29 246 252 252 252 253 252 252 252 252 252 252 252 252 252 252 252
 252 252 252 252 252 252 251 251 252 252 252 252 252 252 250 254 252 249
 253 253 251 254 252 252 252 252 252 252 253 254 252 252 252 252 252 252
 252 252 252 252 252 252 252 252 252 252 252 252 252 252 252 252 252 252
 252 252 252 252 252 252 252 252 252 252 252 252 252 252 252 252 252 252
 252 252 252 252 252 252 252 252 252 252 252 252 252 252 252 252 252 252
 252 252 252 252 252 252 252 252 252 252 252 252 252 252 252 252 252 252
 252 252 253 251 250 253 254 250 249 254 253 250 248 253 254 252 251 250
 251 251 252 253 250 251 253 253 250 254 253 251 251 252 251 250 252 252
 252 252 252 252 252 252 252 252 252 252 252 252 252 252 252 252 252 252
 252 252 252 252 252 252 252 252 252 252 252 252 252 252 252 252 251 252
 244  29]","[ 29  29 246 252 252 252 253 252 252 252 252 252 252 252 252 252 252 252
 252 252 252 252 252 252 251 252 253 253 252 252 252 252 254 251 252 254
 252 252 253 248 251 252 252 253 252 252 251 250 252 252 252 252 252 252
 252 252 252 252 252 252 252 252 252 252 252 252 252 252 252 252 252 252
 252 252 252 252 252 252 252 252 252 252 252 252 252 252 252 252 252 252
 252 252 252 252 252 252 252 252 252 252 252 252 252 252 252 252 252 252
 252 252 252 252 252 252 252 252 252 252 252 252 252 252 252 252 252 252
 252 252 250 254 252 250 254 254 252 251 251 253 254 253 252 252 253 253
 252 251 253 254 249 253 253 249 252 249 252 254 252 250 253 254 252 252
 252 252 252 252 252 252 252 252 252 252 252 252 252 252 252 252 252 252
 252 252 252 252 252 252 252 252 252 252 252 252 252 252 252 252 251 252
 244  29]","[ 29  29 246 252 252 252 253 252 252 252 252 252 252 252 252 252 252 252
 252 252 252 252 252 252 252 253 253 252 252 251 252 252 249 254 253 250
 250 252 255 254 255 254 252 252 252 252 252 253 252 252 252 252 252 252
 252 252 252 252 252 252 252 252 252 252 252 252 252 252 252 252 252 252
 252 252 252 252 252 252 252 252 252 252 252 252 252 252 252 252 252 252
 252 252 252 252 252 252 252 252 252 252 252 252 252 252 252 252 252 252
 252 252 252 252 252 252 252 252 252 252 252 252 252 252 252 252 252 252
 252 252 253 252 252 252 252 251 252 254 251 251 252 251 252 253 251 250
 253 252 251 252 250 254 253 251 251 254 250 246 253 253 248 250 252 252
 252 252 252 252 252 252 252 252 252 252 252 252 252 252 252 252 252 252
 252 252 252 252 252 252 252 252 252 252 252 252 252 252 252 252 251 252
 244  29]","[ 29  29 246 252 252 252 253 252 252 252 252 252 252 252 252 252 252 252
 252 252 252 252 252 252 252 252 252 251 251 251 252 253 254 250 250 254
 254 251 251 250 251 251 252 252 253 252 252 251 252 252 252 252 252 252
 252 252 252 252 252 252 252 252 252 252 252 252 252 252 252 252 252 252
 252 252 252 252 252 252 252 252 252 252 252 252 252 252 252 252 252 252
 252 252 252 252 252 252 252 252 252 252 252 252 252 252 252 252 252 252
 252 252 252 252 252 252 252 252 252 252 252 252 252 252 252 252 252 252
 252 252 250 249 254 254 251 253 254 248 247 237 230 221 212 208 216 234
 245 250 251 250 254 252 250 253 253 252 252 253 252 251 252 253 252 252
 252 252 252 252 252 252 252 252 252 252 252 252 252 252 252 252 252 252
 252 252 252 252 252 252 252 252 252 252 252 252 252 252 252 252 251 252
 244  29]","[ 29  29 246 252 252 252 253 252 252 252 252 252 252 252 252 252 252 252
 252 252 252 252 252 252 252 252 252 252 252 253 253 253 252 254 252 247
 248 251 249 253 252 253 254 253 252 252 252 252 252 252 252 252 252 252
 253 253 252 252 252 252 252 252 252 252 252 252 252 252 252 252 252 252
 252 252 252 252 252 252 252 252 252 252 252 252 252 252 252 252 252 252
 252 252 252 252 252 252 252 252 252 252 252 252 252 252 252 252 252 252
 252 252 252 252 252 252 252 252 252 252 252 252 252 252 252 252 252 252
 252 252 253 253 254 252 251 254 243 219 158 127 100  84  83  90  97 108
 152 164 174 184 206 217 234 251 251 250 253 254 250 253 253 248 252 252
 252 252 252 252 252 252 252 252 252 252 252 252 252 252 252 252 252 252
 252 252 252 252 252 252 252 252 252 252 252 252 252 252 252 252 251 252
 244  29]","[ 29  29 246 252 252 252 253 252 252 252 252 252 252 252 252 252 252 252
 252 252 252 252 252 252 252 252 252 253 253 253 253 251 247 233 180 120
 123 154 180 218 239 245 251 253 253 251 252 252 251 251 251 251 252 252
 252 252 252 252 252 252 252 252 252 252 252 252 252 252 252 252 252 252
 252 252 252 252 252 252 252 252 252 252 252 252 252 252 252 252 252 252
 252 252 252 252 252 252 252 252 252 252 252 252 252 252 252 252 252 252
 252 252 252 252 252 252 252 252 252 252 252 252 253 253 252 252 252 252
 252 252 252 251 250 243 219 173 117  78  72  67  71  72  76  78  67  62
  60  61  58  58  66  73  90 111 180 227 251 251 253 252 249 255 252 252
 252 252 252 252 252 252 252 252 252 252 252 252 252 252 252 252 252 252
 252 252 252 252 252 252 252 252 252 252 252 252 252 252 252 252 251 252
 244  29]","[ 29  29 246 252 252 252 253 252 252 252 252 252 252 252 252 252 252 252
 252 252 252 252 252 252 252 252 251 252 253 252 250 248 194 124  88  76
  71  80  89 104 121 150 192 226 244 249 249 249 250 249 249 249 250 249
 251 251 253 253 253 253 253 253 253 253 252 252 252 252 252 252 252 252
 252 252 252 252 252 252 252 252 252 252 252 252 252 252 252 252 253 253
 253 253 253 253 253 253 253 253 253 253 253 253 253 253 253 253 253 253
 253 253 253 253 253 253 252 253 253 253 253 253 253 253 253 253 252 252
 252 251 244 231 189 138 105  81  67  67  66  63  67  61  54  48  38  40
  40  41  42  50  49  49  52  61  76 114 179 234 252 253 253 252 252 252
 252 252 252 252 252 252 252 252 252 252 252 252 252 252 252 252 252 252
 252 252 252 252 252 252 252 252 252 252 252 252 252 252 252 252 251 252
 244  29]","[ 29  29 245 252 252 252 253 252 252 252 252 252 252 252 252 252 252 252
 252 252 252 252 252 252 252 251 251 253 253 249 251 195 109  76  72  64
  57  62  61  72  79  84  97 120 152 183 197 196 191 198 211 226 233 236
 242 248 249 249 249 251 254 254 253 250 252 253 253 252 252 252 252 252
 252 253 253 252 252 253 253 252 252 250 248 250 251 250 250 250 248 248
 254 247 251 252 247 253 251 247 251 248 251 250 249 251 249 249 250 251
 251 251 251 251 251 250 251 251 250 251 251 251 251 251 249 249 251 250
 233 201 160 126  94  84  80  72  65  62  58  55  51  48  46  44  41  39
  41  41  41  40  40  40  43  46  51  64  79 131 221 246 252 251 254 253
 253 252 252 253 248 253 252 252 252 252 252 252 252 252 252 252 252 252
 252 252 252 252 252 252 252 252 252 252 252 252 252 252 252 252 251 252
 244  29]","[ 29  29 245 252 252 252 253 252 252 252 252 252 252 252 252 252 252 252
 252 252 252 252 252 252 253 251 252 251 250 253 222 126  69  52  57  57
  55  60  57  62  58  58  59  59  63  72  76  73  80  80  83  90  98 104
 110 116 155 166 177 186 203 228 245 251 250 251 251 251 251 253 251 249
 251 251 251 251 251 251 250 248 245 238 224 213 213 215 208 196 173 133
 143 163 161 163 172 167 148 161 185 199 208 212 212 213 214 209 203 199
 197 195 191 188 173 179 184 179 175 179 178 175 165 155 150 152 142 123
 102  82  72  62  55  54  56  57  53  48  46  45  44  42  40  38  36  35
  37  38  39  39  39  40  42  45  49  46  47  51  97 177 241 250 252 254
 252 252 251 253 254 250 252 252 252 252 252 252 252 252 252 252 252 252
 252 252 252 252 252 252 252 252 252 252 252 252 252 252 252 252 251 252
 244  29]","[ 29  29 245 252 252 252 253 252 252 252 252 252 252 252 252 252 252 252
 252 252 252 252 252 252 249 253 253 252 253 252 183  88  59  54  58  57
  55  57  53  54  54  55  54  50  46  49  53  52  52  50  49  50  53  55
  57  57  57  65  70  72  86 114 139 150 170 185 198 197 190 184 181 180
 178 181 188 194 195 185 166 150 132 127 113  98  94  97  90  79  62  52
  53  56  61  59  61  61  56  61  67  70  75  83  84  84  79  77  74  72
  70  69  68  67  66  71  75  66  61  66  67  64  60  54  51  55  53  50
  50  46  48  47  46  42  40  43  44  40  37  38  38  38  36  35  34  35
  34  34  36  37  37  37  40  42  45  45  49  52  56  80 139 223 251 249
 255 251 255 248 251 253 252 252 252 252 252 252 252 252 252 252 252 252
 252 252 252 252 252 252 252 252 252 252 252 252 252 252 252 252 251 252
 244  29]","[ 29  29 245 252 252 252 253 252 252 252 252 252 252 252 252 252 252 252
 252 252 252 252 252 252 253 253 250 250 253 249 163  79  58  58  56  51
  50  50  48  48  49  50  50  48  46  48  50  47  47  50  52  53  53  52
  51  50  50  52  54  55  56  58  60  60  58  65  73  76  77  77  75  72
  69  70  70  68  66  65  65  66  59  58  55  51  50  50  51  50  48  48
  44  45  50  43  42  39  46  45  41  43  43  48  42  38  42  44  45  46
  46  46  46  47  48  46  47  43  41  43  43  43  47  48  46  42  39  40
  43  39  44  42  41  39  36  35  35  33  34  35  36  36  35  34  34  35
  32  32  33  34  34  35  37  39  39  45  46  50  56  63  71 109 207 250
 251 254 250 254 254 249 252 252 252 252 252 252 252 252 252 252 252 252
 252 252 252 252 252 252 252 252 252 252 252 252 252 252 252 252 251 252
 244  29]","[ 29  29 245 252 252 252 253 252 252 252 252 252 252 252 252 252 252 252
 252 252 252 252 252 252 253 250 253 253 249 249 172  80  60  60  56  53
  52  50  47  47  43  43  44  44  43  45  45  42  41  44  46  46  45  45
  45  45  47  43  41  42  43  45  48  51  53  48  43  45  49  51  48  45
  53  53  50  45  41  41  45  48  42  41  42  45  46  44  44  45  46  38
  37  42  42  35  40  33  37  38  35  38  36  40  40  42  41  40  40  42
  44  43  41  38  39  36  40  42  41  41  40  41  35  36  36  39  39  37
  40  38  38  35  36  38  36  35  34  34  33  33  33  33  33  33  33  33
  32  32  32  33  33  34  36  38  41  41  43  48  51  56  58  64  82 176
 244 250 254 254 251 254 252 252 252 252 252 252 252 252 252 252 252 252
 252 252 252 252 252 252 252 252 252 252 252 252 252 252 252 252 251 252
 244  29]","[ 29  29 245 252 252 252 253 252 252 252 252 252 252 252 252 252 252 252
 252 252 252 252 252 252 251 251 254 254 251 249 185  88  63  58  54  51
  50  45  40  40  42  42  42  41  39  39  40  39  42  41  41  39  39  40
  39  38  41  41  40  38  37  39  41  43  41  40  41  44  44  42  42  44
  42  40  38  38  41  42  39  36  40  41  41  40  40  40  37  35  36  39
  39  36  35  32  36  31  33  36  37  40  36  33  34  36  37  37  37  37
  38  38  37  37  33  34  39  37  34  36  36  37  34  33  30  32  34  33
  35  35  35  35  35  32  30  32  34  33  32  31  31  31  32  32  33  33
  32  32  32  33  33  34  36  38  36  43  42  44  46  46  52  58  58  83
 133 212 251 253 254 252 252 252 252 252 252 252 252 252 252 252 252 252
 252 252 252 252 252 252 252 252 252 252 252 252 252 252 252 252 251 252
 244  29]","[ 29  29 245 252 252 252 253 252 252 252 252 252 252 252 252 252 252 252
 252 252 252 252 252 252 254 252 249 250 253 252 204 100  64  57  54  50
  48  46  41  42  39  39  40  41  39  39  41  42  40  39  39  40  41  41
  40  40  36  38  37  36  36  37  38  38  42  40  39  39  39  38  38  38
  36  38  39  38  35  34  34  34  33  36  37  36  36  37  37  35  33  27
  30  34  34  31  33  27  31  33  32  33  34  32  37  36  33  34  35  34
  32  32  33  35  35  36  38  33  30  34  35  35  30  34  32  32  34  33
  33  30  30  32  34  34  34  37  37  33  32  32  31  31  32  33  33  33
  32  32  32  33  33  33  35  36  37  39  40  42  40  44  52  51  52  58
  69 105 198 250 253 253 253 253 252 252 252 252 252 252 252 252 252 252
 252 252 252 252 252 252 252 252 252 252 252 252 252 252 252 252 251 252
 244  29]","[ 29  29 245 252 252 252 253 252 252 252 252 252 252 252 252 252 252 252
 252 252 252 252 252 252 251 251 254 253 249 253 238 128  63  56  56  51
  48  46  40  40  41  39  40  42  40  40  39  38  42  41  40  39  37  36
  37  39  40  36  34  35  36  37  38  38  36  38  38  38  37  38  37  36
  37  37  36  35  34  34  33  32  35  34  33  33  34  33  31  28  29  32
  32  28  33  31  30  31  30  33  33  30  32  30  35  30  32  32  32  32
  33  33  32  31  34  31  32  32  32  34  32  31  32  34  31  32  34  32
  32  32  35  32  31  33  34  35  35  31  32  31  31  31  31  31  32  33
  32  32  32  33  32  32  32  33  36  40  36  38  40  43  42  50  53  57
  59  60  82 167 235 251 253 253 253 252 252 252 252 252 252 252 252 252
 252 252 252 252 252 252 252 252 252 252 252 252 252 252 252 252 251 252
 244  29]","[ 29  29 245 252 252 252 253 252 252 252 252 252 252 252 252 252 252 252
 252 252 252 252 252 252 253 250 253 253 251 253 247 172  81  56  59  55
  49  46  47  45  43  42  42  42  40  39  39  39  40  39  38  38  38  37
  37  36  37  36  34  32  34  37  37  36  36  36  36  35  34  34  34  34
  36  35  35  35  34  33  32  31  35  34  32  31  32  32  32  31  30  29
  29  30  31  31  30  29  30  31  31  31  31  31  31  31  32  31  31  32
  32  31  31  32  32  32  32  31  30  31  31  30  31  32  32  32  31  31
  32  32  33  33  33  33  33  33  33  32  32  31  31  31  31  31  32  33
  32  31  32  34  34  32  34  36  36  37  37  37  37  40  44  46  50  48
  58  59  62  77 127 209 247 253 254 251 253 250 253 253 253 253 251 254
 253 250 253 253 252 252 252 252 252 252 252 252 252 252 252 252 251 252
 244  29]","[ 29  29 245 252 252 252 253 252 252 252 252 252 252 252 252 252 252 252
 252 252 252 252 252 252 253 252 251 251 253 251 254 237 133  71  57  59
  55  52  45  46  44  41  39  40  40  39  40  42  40  39  39  38  37  36
  36  37  37  36  34  33  34  36  36  35  34  35  36  35  35  36  36  35
  35  34  34  35  34  33  32  32  33  32  31  30  31  31  31  30  31  30
  30  30  31  31  30  29  31  31  31  31  31  31  31  31  31  30  31  32
  32  32  31  32  32  32  32  31  31  32  32  31  32  32  32  32  31  31
  31  32  31  32  32  33  33  32  32  32  32  31  32  32  32  33  33  35
  33  32  32  33  33  32  33  36  36  36  37  36  37  40  43  44  46  48
  55  55  58  59  67  98 183 239 251 253 252 255 251 252 253 250 250 251
 250 253 254 248 252 252 252 252 252 252 252 252 252 252 252 252 251 252
 244  29]","[ 29  29 245 252 252 252 253 252 252 252 252 252 252 252 252 252 252 252
 252 252 252 252 252 252 250 253 253 251 253 253 249 254 209 118  73  60
  56  52  48  51  49  46  42  40  38  35  36  42  40  40  40  39  36  35
  36  37  37  36  35  34  35  36  36  35  34  35  36  35  35  36  37  37
  34  34  34  34  34  33  32  32  32  32  31  31  31  31  31  31  31  31
  30  30  30  29  29  29  30  30  30  30  31  31  31  31  30  30  31  33
  33  32  32  32  31  31  32  31  32  32  33  32  32  32  32  31  30  30
  31  31  30  31  32  32  32  32  32  31  32  32  32  33  32  32  33  35
  33  32  32  32  32  32  32  34  34  35  35  35  36  38  40  41  41  45
  49  50  57  61  60  66  79 146 227 251 254 249 252 253 251 251 254 254
 253 251 251 253 252 252 252 252 252 252 252 252 252 252 252 252 251 252
 244  29]","[ 29  29 245 252 252 252 253 252 252 252 252 252 252 252 252 252 252 252
 252 252 252 252 252 252 253 253 253 251 251 254 252 251 251 204 115  76
  66  60  54  55  47  48  46  44  42  39  38  41  40  40  41  40  38  37
  37  38  38  37  36  36  36  36  36  35  37  37  36  35  35  36  37  38
  35  34  34  34  34  33  32  32  33  32  32  32  32  32  31  31  31  31
  31  30  30  29  29  29  31  30  30  30  31  31  31  31  31  31  32  32
  33  32  32  31  31  32  32  32  32  33  33  33  31  31  31  30  29  30
  31  31  30  31  31  32  32  32  32  32  32  32  32  32  31  30  31  33
  32  31  31  31  32  31  32  32  33  34  34  34  36  38  39  39  41  43
  44  46  48  49  54  58  65  73 121 207 248 253 254 252 251 252 250 248
 253 253 248 254 252 252 252 252 252 252 252 252 252 252 252 252 251 252
 244  29]","[ 29  29 245 252 252 252 253 252 252 252 252 252 252 252 252 252 252 252
 252 252 252 252 252 252 253 252 250 254 250 254 254 254 254 249 224 118
  75  62  65  60  58  56  50  44  41  41  40  39  39  39  40  41  41  40
  38  38  39  38  37  37  37  36  35  35  36  37  37  36  35  36  36  36
  36  35  33  34  34  34  33  33  33  33  32  32  32  32  31  30  31  32
  32  31  31  30  31  32  32  31  31  31  32  32  32  32  31  32  32  32
  32  32  32  32  32  32  32  32  32  32  32  32  30  30  30  30  30  30
  31  32  31  31  31  31  32  32  32  33  32  32  32  32  30  29  30  31
  31  31  31  32  32  32  32  32  33  33  34  35  37  39  39  39  40  40
  40  45  46  45  52  56  60  67  74 106 181 248 253 253 253 255 254 250
 253 254 251 251 252 252 252 252 252 252 252 252 252 252 252 252 251 252
 244  29]","[ 29  29 245 252 252 252 253 252 252 252 252 252 252 252 252 252 252 252
 252 252 252 252 252 252 249 254 251 254 252 250 250 252 254 251 254 246
 170  99  72  63  68  65  61  55  49  48  49  46  41  41  42  43  44  43
  41  39  40  38  37  37  37  36  35  35  34  36  37  38  37  37  36  34
  36  34  33  34  35  35  34  34  34  34  33  33  32  32  32  31  31  31
  31  31  31  31  32  32  32  31  31  32  32  33  32  31  30  31  32  32
  32  32  33  33  32  32  32  32  31  32  31  31  30  31  31  31  31  31
  32  33  32  31  31  31  31  32  32  33  31  31  31  31  31  30  30  31
  31  31  32  33  33  33  32  32  32  32  33  34  35  37  38  37  41  41
  39  40  41  43  49  52  53  56  65  64  85 142 221 250 253 252 251 253
 251 251 254 253 252 252 252 252 252 252 252 252 252 252 252 252 251 252
 244  29]","[ 29  29 245 252 252 252 253 252 252 252 252 252 252 252 252 252 252 252
 252 252 252 252 252 252 251 255 251 250 251 253 253 254 249 254 250 253
 241 204 147  93  80  68  64  63  59  58  57  50  48  48  48  49  49  47
  44  42  41  40  38  38  38  37  36  37  35  37  38  39  38  38  36  35
  36  34  34  35  36  35  34  33  34  34  33  33  32  32  32  32  31  31
  30  30  30  30  31  32  31  31  31  32  33  32  31  30  29  32  33  32
  32  32  32  32  31  32  32  31  31  31  31  30  30  31  31  31  31  31
  32  32  31  31  31  31  31  31  31  31  31  31  31  31  31  31  31  32
  31  32  33  33  32  32  32  32  32  32  33  33  34  36  36  36  35  39
  40  40  41  43  45  49  51  51  57  62  59  80 119 179 241 254 254 254
 254 250 252 249 252 252 252 252 252 252 252 252 252 252 252 252 251 252
 244  29]","[ 29  29 245 252 252 252 253 252 252 252 252 252 252 252 252 252 252 252
 252 252 252 252 252 252 253 249 253 254 252 252 251 250 253 249 253 252
 254 252 239 197 145 108  80  70  66  68  68  58  56  55  55  54  52  49
  46  45  43  41  40  40  39  38  38  39  38  39  39  39  38  38  38  37
  36  35  34  35  36  35  33  32  33  33  32  32  31  31  32  32  31  31
  30  30  30  30  31  32  32  32  32  33  34  33  31  30  29  32  34  33
  32  32  32  31  31  32  32  31  31  31  30  30  30  30  31  31  31  31
  31  31  30  30  30  30  30  30  30  30  31  30  30  31  31  30  30  31
  31  33  33  32  31  31  31  32  33  34  34  34  34  35  36  36  36  38
  39  38  40  40  39  45  49  46  50  53  60  67  79  94 146 224 251 251
 254 251 252 254 252 252 252 252 252 252 252 252 252 252 252 252 251 252
 244  29]","[ 29  29 245 252 252 252 253 252 252 252 252 252 252 252 252 252 252 252
 252 252 252 252 252 252 252 252 252 252 252 252 252 252 252 252 252 252
 252 253 254 254 249 228 178 133 101  78  73  68  69  64  56  55  51  54
  52  51  49  47  46  46  45  43  41  41  41  38  41  41  40  38  44  40
  39  36  33  34  36  36  34  32  32  31  30  30  31  32  32  32  32  30
  29  28  29  31  32  33  31  33  33  31  33  34  32  30  31  32  33  32
  32  32  32  31  32  31  30  31  32  32  31  30  31  30  31  31  29  30
  31  29  29  29  29  30  29  28  28  29  31  31  30  30  31  31  31  31
  32  32  31  31  31  31  32  32  33  33  34  36  37  36  35  35  35  36
  37  37  37  38  40  41  44  45  47  49  52  58  65  71  80 106 167 237
 253 253 252 254 252 251 252 251 252 252 251 254 252 252 251 252 251 251
 243  29]","[ 29  29 245 252 252 252 253 252 252 252 252 252 252 252 252 252 252 252
 252 252 252 252 252 252 252 252 252 252 252 252 252 252 252 252 252 252
 252 253 253 253 253 251 248 245 211 157 120  98  82  77  68  65  66  64
  60  63  57  60  59  54  50  49  48  46  45  45  42  39  41  40  42  38
  40  37  35  35  36  36  35  34  33  32  31  31  32  32  32  31  29  28
  27  27  29  31  32  33  31  32  31  30  33  33  31  30  31  32  32  32
  32  32  32  32  30  30  30  31  31  30  30  30  31  30  31  30  28  29
  29  28  27  28  29  29  29  28  28  29  31  31  30  29  30  31  32  31
  31  31  31  31  30  31  31  32  33  33  34  35  35  35  34  34  36  37
  37  37  37  37  39  41  42  43  44  46  47  50  56  60  63  74  94 133
 215 249 254 255 251 252 254 253 252 253 252 250 252 252 251 252 251 251
 243  29]","[ 29  29 245 252 252 252 253 252 252 252 252 252 252 252 252 252 252 252
 252 252 252 252 252 252 252 252 252 252 252 252 252 252 252 252 252 252
 252 252 253 253 254 255 252 251 251 252 238 202 146 119  97  84  77  73
  70  63  67  62  58  57  58  58  56  55  53  54  46  46  47  44  43  46
  39  40  41  41  39  37  34  32  34  33  32  31  32  32  31  30  28  27
  26  27  29  31  32  32  31  31  29  30  33  32  31  31  31  31  31  31
  31  32  33  32  30  30  31  31  30  30  30  30  31  30  30  30  28  28
  29  27  25  26  28  29  29  28  29  30  32  30  29  28  29  31  31  30
  31  31  31  30  30  30  31  32  34  34  33  34  34  33  33  34  36  37
  37  36  36  37  38  40  39  40  42  44  45  47  51  54  56  67  73  87
 116 202 245 251 254 250 248 252 253 252 253 254 252 252 252 252 252 252
 244  29]","[ 29  29 245 252 252 252 253 252 252 252 252 252 252 252 252 252 252 252
 252 252 252 252 252 252 252 252 252 252 252 252 252 252 252 252 252 252
 252 252 252 252 252 251 251 255 254 253 254 251 253 248 229 197 168 132
 111 106  96  88  80  75  72  68  62  58  51  59  56  55  51  54  52  47
  48  45  42  40  40  40  38  36  34  33  31  31  31  31  29  28  28  27
  25  26  28  30  31  31  31  30  29  30  32  31  29  31  30  30  29  29
  30  32  32  32  30  30  30  29  30  30  31  30  30  29  29  28  27  28
  29  27  25  26  27  28  28  28  29  31  31  29  27  26  27  29  30  29
  29  30  30  29  29  29  30  32  34  33  33  33  32  32  33  34  35  36
  36  36  36  37  38  39  37  38  40  42  43  45  49  52  51  55  67  57
  71  93 156 226 249 253 254 252 252 252 252 250 252 252 252 252 251 251
 243  29]","[ 29  29 245 252 252 252 253 252 252 252 252 252 252 252 252 252 252 252
 252 252 252 252 252 252 252 252 252 252 252 252 252 252 252 252 252 252
 252 252 252 252 251 254 252 251 251 251 251 251 254 251 254 254 249 239
 231 216 208 200 181 163 154 141 112  82  74  66  60  63  54  55  59  56
  59  54  47  43  41  40  36  32  34  33  32  31  31  31  30  29  27  26
  24  24  26  28  29  30  29  29  29  30  31  29  28  30  30  30  29  29
  29  31  31  30  29  28  27  27  28  30  30  29  28  26  26  25  25  27
  28  27  25  25  26  27  27  27  28  30  29  28  26  25  26  28  29  29
  29  29  29  29  28  28  30  31  33  32  32  32  32  32  33  35  34  35
  36  36  36  37  37  38  38  38  38  39  39  41  44  47  51  50  54  59
  62  68  79 114 206 243 253 251 253 253 253 254 252 252 252 252 250 251
 244  29]","[ 29  29 245 252 252 252 253 252 252 252 252 252 252 252 252 252 252 252
 252 252 252 252 252 252 252 252 252 252 252 252 252 252 252 252 252 252
 252 252 252 252 252 253 251 251 254 252 251 254 252 254 252 248 254 255
 255 254 253 251 251 252 253 248 216 184 133 110  95  92  77  71  71  64
  58  57  53  47  42  41  40  39  34  33  32  32  31  31  31  30  27  26
  25  25  26  28  29  30  30  30  29  29  30  29  28  30  31  31  30  29
  28  29  29  28  28  27  25  25  28  30  30  28  27  25  24  24  24  27
  28  27  25  25  25  25  25  25  26  28  28  28  27  26  27  28  29  29
  30  30  30  29  29  29  31  32  32  32  32  32  31  32  33  35  33  34
  35  36  36  36  36  36  37  37  37  37  37  38  41  43  42  46  52  51
  53  58  60  69  94 177 235 250 253 253 252 251 252 252 252 252 250 251
 244  29]","[ 29  29 245 252 252 252 253 252 252 252 252 252 252 252 252 252 252 252
 252 252 252 252 252 252 252 252 252 252 252 252 252 252 252 252 252 252
 252 252 252 252 253 252 253 251 252 254 252 249 250 251 253 254 249 251
 252 251 255 254 253 253 254 254 254 254 254 247 229 202 177 161 143 113
  97  91  80  68  59  51  41  33  36  35  34  32  31  30  30  30  27  27
  27  27  27  28  29  29  30  30  28  27  29  30  29  29  30  30  29  28
  27  27  27  26  27  27  26  25  27  29  28  26  26  24  24  25  25  27
  28  27  25  24  24  25  25  25  26  26  26  27  27  27  27  28  29  29
  31  30  30  29  29  30  31  32  31  31  32  32  31  31  32  34  33  34
  34  35  35  35  35  34  35  35  36  37  38  38  40  42  44  47  51  48
  51  56  58  51  59  75 105 168 229 252 254 253 253 253 253 253 251 251
 244  29]","[ 29  29 245 252 252 252 253 252 252 252 252 252 252 252 252 252 252 252
 252 252 252 252 252 252 252 252 252 252 252 252 252 252 252 252 252 252
 252 252 252 252 252 248 253 254 250 251 254 251 253 253 250 253 252 253
 251 254 251 252 253 252 252 253 253 252 254 253 254 253 254 250 248 236
 231 212 187 166 145 113  67  31  37  37  35  32  29  28  27  28  27  28
  28  28  27  27  27  27  29  29  25  23  26  29  29  28  27  28  28  27
  26  26  26  26  25  26  26  25  26  27  26  24  24  23  24  25  25  27
  27  25  26  25  24  25  26  26  26  26  25  26  27  27  27  27  28  28
  30  29  29  28  28  29  30  31  31  31  32  32  31  31  31  33  34  34
  34  34  34  34  33  33  33  34  36  37  37  37  38  39  39  44  46  49
  47  48  54  58  57  67  68  85 127 186 238 252 252 253 253 253 252 252
 243  29]","[ 29  29 245 252 252 252 253 252 252 252 252 252 252 252 252 252 252 252
 252 252 252 252 252 252 252 252 252 252 252 252 252 252 252 252 252 252
 252 252 252 252 252 252 252 252 252 252 252 252 252 252 252 252 252 252
 252 252 252 252 252 252 252 252 252 252 252 252 252 252 253 253 253 253
 253 254 254 254 250 223 126  51  40  39  34  32  31  29  30  27  27  27
  28  29  28  26  25  26  28  27  26  25  25  25  27  28  24  26  26  27
  27  27  27  26  24  24  27  28  25  24  25  25  23  24  24  26  27  27
  27  26  25  26  26  26  27  28  28  27  26  25  25  27  28  27  27  28
  29  29  29  29  28  28  29  31  30  31  32  31  31  32  33  33  32  33
  34  34  34  34  35  36  35  35  35  36  37  38  38  38  40  43  46  47
  47  48  51  54  56  61  53  58  70  93 146 217 249 249 253 254 250 250
 246  28]","[ 29  29 245 252 252 252 253 252 252 252 252 252 252 252 252 252 252 252
 252 252 252 252 252 252 252 252 252 252 252 252 252 252 252 252 252 252
 252 252 252 252 252 252 252 252 252 252 252 252 252 252 252 252 252 252
 252 252 252 252 252 252 252 252 252 252 252 252 252 252 252 252 252 252
 253 251 254 253 251 252 175  67  39  39  36  35  33  31  32  29  28  28
  28  28  27  25  24  25  26  26  27  27  27  27  27  27  25  26  27  27
  27  26  25  24  24  24  25  26  24  23  24  24  24  24  26  27  27  27
  26  26  26  27  27  26  27  29  29  28  28  26  26  27  27  26  26  27
  28  27  27  27  27  26  27  28  29  31  31  30  29  30  32  32  30  31
  32  33  33  33  35  36  35  35  36  36  37  38  38  38  39  41  44  47
  48  47  47  48  54  56  56  59  61  55  66  91 164 237 250 252 254 251
 241  28]","[ 29  29 245 252 252 252 253 252 252 252 252 252 252 252 252 252 252 252
 252 252 252 252 252 252 252 252 252 252 252 252 252 252 252 252 252 252
 252 252 252 252 252 252 252 252 252 252 252 252 252 252 252 252 252 252
 252 252 252 252 252 252 252 252 252 252 252 252 252 252 252 252 252 252
 253 249 253 253 247 253 196  73  39  41  38  38  36  33  34  32  30  29
  29  28  26  24  24  24  23  24  26  27  28  28  27  26  26  28  29  28
  27  26  25  24  25  23  24  25  24  25  26  25  25  26  28  28  27  26
  25  25  28  28  28  27  27  29  31  30  29  29  28  27  26  26  26  26
  27  27  26  26  26  26  26  27  29  30  30  28  28  29  30  31  30  31
  32  32  32  33  34  35  34  35  36  37  37  37  37  37  39  40  43  45
  47  46  45  45  49  47  53  55  57  53  58  60  81 131 213 248 253 252
 244  29]","[ 29  29 245 252 252 252 253 252 252 252 252 252 252 252 252 252 252 252
 252 252 252 252 252 252 252 252 252 252 252 252 252 252 252 252 252 252
 252 252 252 252 252 252 252 252 252 252 252 252 252 252 252 252 252 252
 252 252 252 252 252 252 252 252 252 252 252 252 252 252 252 252 252 252
 251 252 252 253 250 250 200  79  42  43  40  39  37  35  35  32  32  32
  31  29  27  25  25  25  23  23  24  25  26  26  26  26  26  27  28  27
  26  26  25  25  25  22  22  24  24  26  28  28  26  27  29  28  27  25
  25  25  27  29  28  27  27  29  30  30  29  30  29  27  26  26  25  25
  26  26  27  27  26  25  26  27  28  29  29  28  28  29  30  31  31  31
  32  32  32  32  33  33  34  35  36  37  38  37  37  37  40  39  40  42
  44  45  45  45  50  48  51  49  50  51  56  57  54  65  99 178 248 247
 246  30]","[ 29  29 245 252 252 252 253 252 252 252 252 252 252 252 252 252 252 252
 252 252 252 252 252 252 252 252 252 252 252 252 252 252 252 252 252 252
 252 252 252 252 252 252 252 252 252 252 252 252 252 252 252 252 252 252
 252 252 252 252 252 252 252 252 252 252 252 252 252 252 252 252 252 252
 250 254 251 252 253 253 211  81  45  45  40  39  38  36  35  32  33  33
  32  30  29  28  26  25  23  23  23  23  24  25  25  25  24  25  26  25
  24  24  24  24  22  20  20  22  23  26  29  30  28  29  29  28  27  26
  26  26  26  28  28  26  26  28  29  29  28  29  29  27  26  26  25  24
  25  26  27  27  26  25  26  29  28  29  29  30  30  30  31  31  31  31
  32  32  31  31  32  32  33  34  36  37  38  38  38  38  37  37  38  40
  41  42  43  44  43  47  47  50  52  53  51  52  55  59  53  80 142 231
 240  30]","[ 29  29 245 252 252 252 253 252 252 252 252 252 252 252 252 252 252 252
 252 252 252 252 252 252 252 252 252 252 252 252 252 252 252 252 252 252
 252 252 252 252 252 252 252 252 252 252 252 252 252 252 252 252 252 252
 252 252 252 252 252 252 252 252 252 252 252 252 252 252 252 252 252 252
 253 252 251 253 252 253 219  82  47  46  41  39  37  36  36  34  32  32
  31  30  30  29  27  25  24  23  23  23  24  25  24  24  24  24  24  24
  24  24  24  23  20  18  19  21  23  25  29  30  31  30  30  29  29  29
  29  29  27  28  28  27  27  29  30  29  28  28  28  28  27  26  25  25
  25  26  28  29  28  27  28  30  29  29  30  31  31  31  31  32  31  31
  32  32  32  32  32  32  32  34  35  37  37  38  38  38  36  37  38  40
  40  40  40  41  42  47  44  47  48  50  46  51  55  55  56  55  69 111
 211  27]","[ 29  29 245 252 252 252 253 252 252 252 252 252 252 252 252 252 252 252
 252 252 252 252 252 252 252 252 252 252 252 252 252 252 252 252 252 252
 252 252 252 252 252 252 252 252 252 252 252 252 252 252 252 252 252 252
 252 252 252 252 252 252 252 252 252 252 252 252 252 252 252 252 252 252
 253 250 252 254 251 251 223  88  48  47  42  39  37  35  37  35  32  32
  30  29  30  30  27  24  24  23  22  23  24  24  24  23  24  24  24  24
  24  24  22  21  19  19  21  22  22  24  27  29  30  29  29  29  30  30
  30  29  29  29  28  27  27  29  31  30  30  28  28  28  27  26  25  25
  26  26  28  29  29  29  30  31  31  30  30  31  31  30  31  32  31  31
  32  32  33  33  33  33  33  34  35  36  37  37  37  37  37  37  39  40
  40  40  40  40  43  47  47  47  48  48  47  50  49  56  60  57  50  61
 106  28]","[ 29  29 246 252 252 252 253 252 252 252 252 252 252 252 252 252 252 252
 252 252 252 252 252 252 252 252 252 252 252 252 252 252 252 252 252 252
 252 252 252 252 252 252 252 252 252 252 252 252 252 252 252 252 252 252
 252 252 252 252 252 252 252 252 252 252 252 252 252 252 252 252 252 252
 251 253 254 251 252 252 221  86  49  49  43  40  37  35  36  35  33  32
  30  29  29  30  27  24  25  23  21  21  22  23  24  24  24  24  24  24
  24  23  21  18  19  19  22  23  22  23  26  27  28  26  26  27  29  29
  28  27  30  29  27  26  26  29  30  30  31  28  27  28  28  26  25  26
  25  25  26  28  30  30  30  31  32  31  30  31  31  30  30  31  30  30
  31  31  32  32  32  32  34  34  34  35  37  37  37  36  38  38  38  39
  40  40  40  41  41  41  45  43  47  47  50  46  48  50  49  55  55  53
  58  29]","[ 29  29 246 252 252 252 253 252 252 252 252 252 252 252 252 252 252 252
 252 252 252 252 252 252 252 252 252 252 252 252 252 252 252 252 252 252
 252 252 252 252 252 252 252 252 252 252 252 252 252 252 252 252 252 252
 252 252 252 252 252 252 252 252 252 252 252 252 252 252 252 252 252 252
 252 252 252 252 252 254 221  89  51  49  44  40  39  38  35  35  32  31
  29  28  29  30  28  25  23  24  23  20  19  23  24  23  24  24  23  23
  22  20  19  18  19  19  22  24  24  24  25  26  27  27  27  27  26  25
  24  25  26  25  24  25  27  29  28  27  25  25  25  26  26  26  26  26
  24  24  25  28  30  31  31  30  32  31  30  30  30  30  29  30  30  31
  31  31  31  31  32  32  33  33  34  34  36  37  37  36  36  36  37  38
  39  41  41  40  41  42  43  43  44  46  47  48  47  49  49  49  53  57
  57  29]","[ 29  29 246 252 252 252 253 252 252 252 252 252 252 252 252 252 252 252
 252 252 252 252 252 252 252 252 252 252 252 252 252 252 252 252 252 252
 252 252 252 252 252 252 252 252 252 252 252 252 252 252 252 252 252 252
 252 252 252 252 252 252 252 252 252 252 252 252 252 252 252 252 252 252
 253 252 252 252 253 254 224  90  51  46  42  40  39  38  36  35  32  31
  30  28  28  29  28  25  24  24  22  19  19  22  24  24  25  25  24  23
  22  20  19  18  19  19  22  25  24  24  26  26  27  27  27  27  26  24
  24  24  25  24  23  24  25  26  25  25  25  25  25  25  25  25  25  25
  25  24  25  27  30  31  31  31  31  30  29  30  30  30  30  30  30  30
  31  31  31  32  32  33  33  33  33  33  35  36  36  35  34  36  37  37
  38  39  40  40  40  41  42  42  43  45  47  47  48  49  48  49  51  55
  56  29]","[ 29  29 246 252 252 252 253 252 252 252 252 252 252 252 252 252 252 252
 252 252 252 252 252 252 252 252 252 252 252 252 252 252 252 252 252 252
 252 252 252 252 252 252 252 252 252 252 252 252 252 252 252 252 252 252
 252 252 252 252 252 252 252 252 252 252 252 252 252 252 252 252 252 252
 253 252 253 253 253 252 228  94  51  43  39  40  39  38  37  34  32  31
  29  27  27  28  27  25  24  24  22  18  18  21  24  24  24  24  24  24
  22  20  18  17  17  18  21  24  23  24  25  25  27  27  26  26  25  24
  23  24  24  24  23  24  24  24  24  23  24  24  24  24  24  24  24  24
  26  24  24  26  29  31  31  31  30  29  28  29  30  30  30  30  29  30
  31  31  31  32  32  33  33  33  33  33  34  35  36  35  33  35  37  37
  37  38  40  41  40  40  40  41  42  44  46  46  48  47  46  48  49  51
  52  28]","[ 29  29 246 252 252 252 253 252 252 252 252 252 252 252 252 252 252 252
 252 252 252 252 252 252 252 252 252 252 252 252 252 252 252 252 252 252
 252 252 252 252 252 252 252 252 252 252 252 252 252 252 252 252 252 252
 252 252 252 252 252 252 252 252 252 252 252 252 252 252 252 252 252 252
 252 251 252 252 252 252 233 101  55  43  39  41  39  38  37  33  33  32
  30  27  27  27  26  26  24  23  21  17  17  20  22  22  22  22  23  23
  22  20  18  17  16  17  20  23  23  23  25  25  26  25  25  25  24  24
  24  25  24  24  24  24  24  24  24  24  23  24  24  24  24  24  24  24
  26  24  24  26  29  31  31  31  29  28  27  28  30  30  30  30  30  30
  31  31  31  31  32  33  34  34  33  33  34  35  36  36  34  35  36  36
  37  38  40  41  40  40  39  40  41  44  45  45  47  46  45  47  47  48
  50  28]","[ 29  29 246 252 252 252 253 252 252 252 252 252 252 252 252 252 252 252
 252 252 252 252 252 252 252 252 252 252 252 252 252 252 252 252 252 252
 252 252 252 252 252 252 252 252 252 252 252 252 252 252 252 252 252 252
 252 252 252 252 252 252 252 252 252 252 252 252 252 252 252 252 252 252
 251 252 253 252 251 253 234 107  59  47  42  42  39  38  38  34  34  33
  30  28  27  27  27  27  24  23  21  18  17  19  20  20  21  21  22  22
  21  20  18  17  18  18  21  24  24  24  25  25  25  24  24  24  24  24
  24  25  23  24  24  24  24  24  24  24  23  24  24  24  24  24  24  24
  25  24  24  26  29  30  30  30  28  27  27  28  29  30  30  30  31  31
  31  30  30  30  31  32  33  33  33  33  33  34  35  36  34  35  35  35
  36  38  40  40  40  40  40  40  41  43  44  44  45  45  45  47  46  46
  49  29]","[ 29  29 246 252 252 252 253 252 252 252 252 252 252 252 252 252 252 252
 252 252 252 252 252 252 252 252 252 252 252 252 252 252 252 252 252 252
 252 252 252 252 252 252 252 252 252 252 252 252 252 252 252 252 252 252
 252 252 252 252 252 252 252 252 252 252 252 252 252 252 252 252 252 252
 252 253 253 253 251 254 227 104  58  49  43  41  38  37  36  33  33  31
  29  27  26  26  26  26  24  23  22  20  19  19  19  19  21  21  22  22
  21  20  18  18  20  20  23  25  24  24  25  24  25  24  23  23  24  23
  24  24  23  24  24  24  24  24  24  24  23  24  24  24  24  24  24  24
  24  23  24  26  28  28  29  29  28  27  26  27  29  30  30  30  31  31
  30  30  30  30  30  31  31  32  32  31  32  33  34  34  34  34  33  33
  35  37  38  39  40  40  40  40  41  42  43  43  43  43  44  46  44  44
  48  28]","[ 29  29 246 252 252 252 253 252 252 252 252 252 252 252 252 252 252 252
 252 252 252 252 252 252 252 252 252 252 252 252 252 252 252 252 252 252
 252 252 252 252 252 252 252 252 252 252 252 252 252 252 252 252 252 252
 252 252 252 252 252 252 252 252 252 252 252 252 252 252 252 252 252 252
 252 253 253 253 251 253 214  91  51  47  43  40  38  36  34  32  31  30
  28  27  27  25  24  24  24  23  22  20  19  19  20  20  20  21  21  21
  20  20  19  18  19  20  23  25  24  23  24  24  24  23  22  23  24  24
  24  24  24  24  24  24  24  24  24  23  23  23  24  24  24  24  24  24
  24  24  24  25  26  27  28  29  28  27  26  27  29  30  29  29  29  29
  30  30  30  29  29  30  30  31  31  31  31  32  33  33  33  34  33  33
  33  35  37  38  40  40  41  40  40  41  42  42  41  43  44  44  41  42
  47  28]","[ 30  29 246 252 252 252 253 252 252 252 252 252 252 252 252 252 252 252
 252 252 252 252 252 252 252 252 252 252 252 252 252 252 252 252 252 252
 252 252 252 252 252 252 252 252 252 252 252 252 252 252 252 252 252 252
 252 252 252 252 252 252 252 252 252 252 252 252 252 252 252 252 252 252
 252 253 252 253 251 253 203  80  45  45  42  39  38  36  33  32  31  30
  29  29  28  27  25  24  24  23  21  20  19  19  20  20  19  19  19  20
  20  19  19  19  18  19  22  25  24  23  24  24  22  22  22  23  24  24
  24  25  24  24  24  24  24  24  23  22  23  23  24  24  24  24  24  24
  24  24  24  25  25  26  28  29  29  27  26  27  29  29  29  29  27  28
  29  30  30  29  29  29  29  30  31  31  31  32  33  33  33  34  34  33
  33  35  37  39  39  40  41  40  40  40  41  41  43  45  46  44  41  42
  48  29]","[ 29  31 246 251 251 254 250 253 252 252 251 251 252 253 253 251 253 253
 253 252 252 252 252 253 252 252 252 252 252 253 253 252 253 252 252 251
 252 252 252 251 251 252 252 252 253 252 252 252 252 252 252 253 253 252
 251 252 252 252 251 251 252 253 253 252 252 252 253 253 253 252 251 252
 253 252 253 253 250 250 192  77  45  48  41  38  40  36  32  31  29  29
  28  28  28  27  25  24  26  23  22  20  18  20  19  17  19  20  19  19
  20  21  21  19  19  17  18  27  25  22  25  24  22  22  23  24  24  24
  23  23  23  23  24  24  24  23  22  22  23  23  23  24  24  24  24  24
  24  24  24  24  24  26  28  30  28  25  24  26  28  29  29  29  29  29
  29  29  29  29  29  30  30  31  32  32  32  32  32  33  33  33  34  34
  33  33  34  37  38  39  40  41  41  40  40  41  44  44  45  42  43  45
  46  30]","[ 29  26 249 252 253 252 252 251 251 253 253 252 251 250 251 253 251 251
 251 252 253 253 253 252 253 253 253 252 252 252 252 252 250 250 251 252
 253 253 253 252 253 253 252 252 252 251 251 251 252 252 252 251 251 252
 253 254 251 251 252 252 252 253 252 251 252 252 251 251 251 252 253 253
 253 250 251 252 251 252 179  73  46  48  41  38  39  35  32  31  29  29
  29  29  29  28  26  24  22  23  22  22  21  19  21  20  18  19  20  22
  23  22  21  20  17  21  24  24  22  24  26  23  23  23  24  24  24  24
  24  23  23  24  24  24  24  23  22  22  23  23  24  24  24  24  24  24
  24  24  23  23  23  24  26  27  27  25  24  25  27  27  27  27  29  29
  30  30  29  29  29  29  31  31  32  32  32  32  33  34  33  33  34  34
  33  33  34  36  38  39  40  41  40  39  39  40  42  41  42  40  41  42
  43  29]","[ 30  27 246 250 252 251 254 251 250 251 251 252 252 252 253 253 253 253
 253 253 253 253 252 251 251 250 250 251 251 251 251 252 253 252 252 251
 252 252 252 252 253 253 253 252 252 252 253 253 253 252 252 252 253 253
 251 248 253 253 253 252 251 252 252 252 253 253 253 253 253 252 251 251
 252 252 253 253 250 251 153  64  46  48  41  38  38  34  32  31  29  29
  30  30  29  27  25  24  24  25  20  20  20  17  18  17  20  19  19  19
  20  22  23  24  25  21  22  23  24  24  22  23  24  24  24  24  24  24
  24  24  23  24  24  24  23  22  22  23  23  23  24  24  24  24  24  24
  23  23  23  23  23  24  25  26  27  26  26  26  26  26  25  26  28  29
  30  30  29  28  28  28  30  31  31  32  32  33  33  34  33  33  33  33
  33  33  34  35  37  38  39  40  39  39  39  40  41  39  41  40  40  41
  41  29]","[ 28  33 245 252 255 252 252 251 254 252 252 252 253 253 252 251 252 251
 251 251 252 253 253 253 253 252 252 253 253 252 253 253 252 251 251 251
 252 252 253 253 252 252 252 252 252 252 252 253 253 253 252 251 251 253
 253 253 251 252 252 252 252 252 253 253 253 252 251 250 251 252 253 253
 250 250 253 252 250 251 132  57  43  45  40  38  37  33  32  31  28  29
  30  29  28  26  24  24  22  23  21  21  22  20  17  18  18  19  20  21
  23  24  24  23  26  24  25  23  23  25  24  26  24  24  24  24  24  24
  24  24  24  24  24  24  23  22  22  23  23  23  23  24  24  24  24  24
  22  22  23  23  23  24  25  26  27  27  27  27  26  25  25  25  27  28
  28  28  28  27  26  26  29  29  30  31  31  32  32  32  32  32  32  32
  33  33  33  34  34  36  37  37  37  38  39  40  41  39  40  41  41  40
  40  29]","[ 28  28 247 250 251 251 252 253 250 250 251 251 249 248 250 251 251 251
 251 251 251 250 250 250 251 251 251 251 251 250 249 249 250 251 252 252
 252 251 250 249 252 252 252 252 252 252 252 252 249 252 254 253 251 250
 251 252 251 252 253 253 253 252 250 248 251 253 253 253 252 252 251 250
 255 252 253 251 254 251 119  53  40  42  39  39  37  33  32  30  28  29
  30  29  27  25  24  24  23  21  23  20  19  20  17  22  19  21  22  23
  23  24  24  24  26  25  24  27  24  27  24  24  24  24  24  24  24  24
  24  25  24  24  24  23  23  22  22  23  23  23  23  23  23  23  24  24
  22  22  22  22  22  23  24  25  26  27  27  26  25  24  24  24  26  27
  27  27  26  26  27  27  27  28  29  30  31  31  31  30  31  30  30  31
  32  32  33  34  33  35  35  35  35  37  38  39  38  36  39  41  42  40
  40  29]","[ 30  25 248 253 253 254 253 251 252 250 248 248 249 248 248 249 247 249
 250 250 250 249 248 249 248 248 248 249 250 250 250 248 250 250 249 249
 249 250 252 252 250 251 251 252 251 252 252 253 254 251 250 251 253 254
 253 253 254 253 252 252 253 255 255 255 253 254 254 254 254 254 254 254
 253 253 255 253 252 235 107  52  40  41  39  40  38  33  33  30  29  30
  30  29  27  25  24  24  22  18  21  23  22  24  22  22  24  24  25  26
  25  25  28  32  27  48  52  47  22  26  29  28  24  24  24  24  24  24
  24  24  24  24  23  23  23  22  22  22  23  23  23  23  23  23  24  24
  23  23  23  23  22  23  24  24  26  28  28  26  25  24  24  24  25  26
  26  26  26  27  29  30  28  28  29  30  31  31  30  30  30  29  30  31
  32  32  32  33  34  35  34  33  34  36  37  37  36  35  38  40  41  40
  41  29]","[ 30  30 218 225 226 221 211 202 165 159 154 153 154 152 150 148 152 156
 161 163 162 163 165 167 171 173 173 174 177 180 179 175 178 178 178 179
 181 185 190 193 198 199 200 202 203 203 204 204 203 194 187 189 196 202
 206 208 216 213 210 211 216 223 227 228 226 226 223 220 221 228 236 240
 246 245 244 237 227 194  91  56  43  42  39  40  37  32  33  30  30  30
  30  28  26  25  24  24  23  22  21  25  19  16  26  23  26  22  23  26
  25  23  34  49  87 132 135 102  34  27  33  28  26  26  26  25  25  24
  23  23  24  23  23  23  23  23  22  21  23  23  23  23  23  24  24  24
  25  24  24  23  23  23  24  25  28  29  28  26  25  25  25  24  25  25
  25  25  26  27  29  30  29  29  28  29  30  30  30  30  30  30  30  31
  31  31  32  33  33  34  34  33  34  36  37  35  36  35  39  39  40  40
  41  29]","[ 28  29 148 149 148 143 136 130 129 125 122 122 123 122 123 124 123 126
 129 129 127 126 130 134 129 131 131 131 134 138 136 130 129 131 133 135
 136 136 137 138 137 137 138 139 139 138 138 137 141 137 136 138 139 138
 139 143 145 142 140 140 144 148 148 146 146 148 149 147 147 151 154 156
 159 156 153 153 154 131  62  50  45  42  38  38  34  30  31  29  30  30
  29  27  25  24  24  24  23  27  20  26  21  33  82  99  86  70  60  58
  57  63  91 124 140 161 149 130  54  28  26  27  29  29  29  28  27  26
  24  24  24  23  22  23  23  23  22  20  22  23  23  24  24  24  24  23
  24  24  23  22  22  23  24  25  28  29  28  26  24  24  24  23  25  25
  25  25  25  26  27  28  30  29  28  28  28  29  30  30  30  30  31  31
  31  31  31  32  32  34  34  34  35  37  37  35  37  36  39  38  38  39
  40  28]","[ 29  29 130 130 125 125 124 124 124 125 125 124 123 123 125 127 127 128
 129 129 129 129 129 129 130 131 131 132 132 131 130 129 131 132 132 132
 131 131 130 130 131 131 132 133 135 135 134 133 131 132 133 135 135 135
 134 134 135 136 138 139 139 139 139 140 137 137 137 139 139 137 137 138
 140 137 136 134 136 120  53  41  44  41  39  36  33  32  31  30  29  29
  29  27  25  24  24  24  23  25  26  23  25  48 125 143 143 141 139 140
 142 144 143 142 139 143 148 146 105  51  30  25  26  31  31  29  30  31
  27  22  24  23  25  26  24  22  23  24  24  23  24  24  23  23  23  22
  24  24  24  23  22  22  24  25  28  28  27  25  24  24  24  24  24  24
  24  24  25  25  25  25  27  27  27  27  28  30  30  30  31  30  30  30
  31  31  30  29  31  32  34  36  37  38  37  37  36  38  37  38  38  38
  37  31]","[ 30  27 125 125 124 126 124 123 124 124 124 124 124 124 125 125 125 126
 127 127 127 127 128 128 128 128 129 130 130 130 130 130 130 130 131 131
 131 131 131 131 131 131 131 133 134 134 133 132 133 134 135 137 138 137
 137 138 136 137 139 139 139 138 138 138 138 137 138 140 140 138 138 139
 141 138 138 135 137 123  52  40  43  40  38  35  32  31  31  29  29  28
  27  26  24  24  23  23  27  24  24  25  23  73 141 137 136 139 141 142
 141 140 140 141 142 143 142 150 148 128 101  70  57  47  33  27  26  27
  28  31  28  25  22  22  23  24  25  24  26  25  24  25  26  25  23  22
  23  24  24  23  23  23  25  26  29  28  27  25  24  24  24  24  24  24
  24  24  24  24  24  24  25  25  24  25  27  29  30  31  30  30  30  30
  30  31  30  30  31  32  34  34  35  36  37  36  36  38  37  37  37  37
  36  29]","[ 30  27 122 122 123 124 124 122 123 122 122 122 123 123 123 123 123 124
 125 125 126 126 126 126 126 127 127 128 129 129 129 129 128 129 129 130
 130 131 131 131 131 131 131 132 132 132 131 130 131 131 133 134 135 135
 135 136 137 138 138 138 138 138 138 138 138 137 137 139 139 138 138 139
 139 138 138 136 138 129  52  40  43  39  37  35  32  31  31  30  27  25
  24  24  25  25  24  24  24  17  25  23  39 117 142 136 132 136 141 143
 142 141 142 144 144 147 142 143 146 145 146 140 135 125 100  68  44  32
  27  26  27  29  27  24  25  25  25  25  25  25  23  22  22  22  22  24
  23  24  24  23  23  24  26  27  28  27  26  25  24  24  24  24  24  24
  24  24  24  24  24  24  24  24  23  24  25  27  30  31  30  30  30  30
  30  30  31  31  32  32  32  32  33  35  36  36  37  38  37  37  37  37
  36  29]","[ 29  28 122 122 121 121 122 123 122 121 121 121 122 122 122 121 122 122
 123 124 124 124 125 126 126 127 128 129 129 129 129 129 127 128 128 129
 129 129 130 130 130 130 130 130 131 131 130 130 131 132 133 133 133 133
 134 136 137 137 137 137 137 137 138 138 138 137 137 138 139 138 138 138
 137 137 137 136 138 133  54  39  42  38  36  34  32  31  31  29  24  24
  23  24  24  23  23  22  21  24  16  38  90 144 142 136 136 138 140 142
 144 145 146 146 145 146 141 144 148 145 146 147 148 150 149 141 116  79
  47  34  30  28  27  31  31  23  20  26  28  30  28  25  25  24  22  23
  24  24  24  24  23  24  25  26  26  25  24  24  24  24  24  24  24  24
  24  24  24  24  24  24  25  25  24  24  24  26  28  29  28  29  31  31
  30  30  30  31  32  32  32  32  32  34  35  35  36  37  36  36  36  37
  36  29]","[ 29  29 121 121 121 120 122 122 121 121 121 122 122 122 122 122 122 122
 122 123 123 124 125 126 126 127 128 129 129 129 128 128 126 127 127 128
 128 129 129 129 129 129 129 130 130 130 130 130 131 131 132 132 132 132
 134 136 136 136 136 136 136 137 137 138 138 137 137 138 138 138 138 138
 138 139 138 137 137 135  57  36  41  38  36  34  31  30  28  26  24  24
  24  23  21  19  18  17  15  24  24  62 122 145 145 142 143 143 143 144
 145 146 146 145 143 150 148 145 145 144 145 147 146 148 147 148 156 152
 128 102  80  64  57  66  70  57  41  35  31  30  26  22  23  25  24  23
  24  24  24  23  23  24  25  26  25  24  24  24  24  23  23  24  24  24
  24  24  24  24  24  25  25  25  25  24  24  24  25  26  26  27  29  30
  30  29  29  30  31  32  32  32  32  33  34  34  33  34  33  35  36  37
  36  29]","[ 29  29 117 118 122 121 121 119 121 121 121 121 121 121 121 121 122 122
 122 123 123 124 125 126 125 126 127 128 128 128 128 128 126 126 127 127
 128 129 129 130 129 129 129 130 130 130 130 130 129 130 130 131 131 132
 134 135 136 136 136 136 136 136 136 136 137 137 137 137 137 138 138 138
 139 139 139 138 138 137  65  37  41  38  36  35  32  30  27  24  23  24
  24  23  21  19  18  17  22  16  22  39  82 119 147 148 143 144 146 146
 145 145 145 146 145 146 145 145 148 149 146 143 146 147 147 148 151 152
 153 156 145 139 137 142 145 127  78  29  34  31  30  29  25  23  23  21
  23  23  23  23  24  24  25  26  25  24  24  24  23  22  22  23  24  24
  24  24  24  25  25  25  24  24  24  24  24  24  24  24  24  25  27  28
  28  28  28  29  30  31  32  32  32  33  34  33  32  33  33  34  36  37
  37  30]","[ 29  29 115 116 120 119 119 118 120 119 119 120 121 122 120 119 121 122
 122 123 123 123 124 124 125 125 125 126 127 127 128 128 127 127 128 128
 129 129 130 130 130 130 130 130 130 130 130 130 131 131 132 134 135 135
 135 136 136 136 136 136 136 136 136 136 137 137 137 137 137 137 137 137
 138 138 138 138 139 138  75  39  41  38  36  35  32  31  29  26  23  23
  23  23  23  22  21  21  18  25  21  17  19  44 110 147 144 145 146 146
 145 145 146 147 150 146 146 146 145 146 147 149 147 149 147 143 147 152
 151 148 152 154 154 152 156 157 126  80  42  28  26  31  29  27  27  25
  23  23  23  23  24  24  25  25  25  24  24  24  22  20  21  24  24  24
  24  24  24  24  25  25  24  24  24  24  24  24  24  24  24  25  26  26
  27  27  28  29  30  31  31  31  32  33  34  33  33  34  33  34  36  37
  37  30]","[ 29  31 117 116 118 115 118 119 120 119 118 120 123 123 120 117 120 121
 123 123 123 123 123 123 125 125 125 125 126 127 128 128 129 129 129 129
 129 129 130 130 130 131 131 130 130 130 130 130 130 131 133 135 136 135
 134 134 136 136 136 136 137 137 136 136 137 138 138 138 137 138 138 138
 139 138 139 138 139 137  79  39  39  36  35  34  32  32  30  28  24  23
  23  22  23  23  22  22  20  19  23  24  19  14  38 106 149 148 146 145
 146 146 147 147 147 145 149 150 147 147 148 147 149 148 146 147 150 149
 150 153 152 149 152 152 148 155 157 145 116  72  40  32  26  25  28  26
  24  24  24  24  24  24  24  24  25  24  23  23  21  20  22  26  25  24
  24  24  24  24  24  25  24  24  24  24  25  25  24  24  24  25  25  26
  26  27  29  30  30  31  31  31  31  33  34  34  34  34  33  34  35  36
  36  28]","[ 29  30 116 117 117 118 119 120 120 120 120 121 122 122 121 121 121 121
 122 123 124 124 123 123 124 124 124 125 125 126 127 129 129 129 128 128
 128 129 130 130 129 129 130 131 131 130 130 130 132 132 134 134 135 135
 135 135 136 136 135 135 136 136 136 136 137 137 138 137 137 138 139 139
 139 139 138 141 136 137  90  38  35  39  39  34  31  31  30  26  24  24
  24  23  23  23  23  23  21  22  21  24  24  15  22  45 121 152 149 145
 145 147 146 147 146 146 147 147 148 149 150 150 148 148 148 149 150 151
 151 151 150 152 153 152 151 151 153 155 155 139 107  76  53  33  25  29
  25  29  24  24  25  24  25  22  24  25  23  22  22  18  24  25  24  24
  24  24  24  24  24  24  24  24  24  24  23  23  24  24  23  24  25  26
  27  28  29  29  31  31  30  29  31  33  34  34  35  34  34  35  33  33
  35  29]","[ 29  30 116 118 117 119 120 121 120 120 120 121 121 122 122 122 121 122
 122 123 123 123 123 123 124 124 124 125 125 125 126 128 127 127 127 128
 128 129 129 130 129 129 130 131 130 129 129 130 132 133 134 135 135 135
 136 136 136 136 136 136 137 137 136 136 137 137 137 138 138 138 139 140
 142 140 138 137 137 141  91  40  37  38  37  34  32  32  30  27  24  24
  24  23  23  22  22  22  24  24  20  20  23  21  19  22  67 139 149 148
 144 145 144 149 146 146 147 147 148 149 150 151 151 150 150 151 152 153
 152 152 151 152 153 153 152 151 152 153 153 158 160 150 129  99  63  34
  27  27  25  24  26  25  22  28  24  23  26  23  21  22  24  23  23  23
  23  23  24  24  24  24  24  24  24  24  23  23  24  24  24  25  25  26
  27  28  29  29  30  30  30  29  31  33  34  34  34  33  33  35  33  35
  36  30]","[ 29  29 116 117 117 118 119 119 119 120 120 121 121 122 122 122 122 122
 122 122 122 122 123 123 124 124 125 125 125 125 126 127 126 126 127 128
 128 129 130 130 129 129 130 131 130 130 129 130 133 134 135 135 136 136
 136 136 136 136 137 137 137 137 137 137 136 136 136 137 138 138 138 138
 140 138 139 136 138 142  91  37  37  36  34  34  33  31  29  27  25  24
  23  23  22  22  22  22  21  24  23  21  22  24  20  14  32  95 150 144
 145 147 152 145 147 147 147 148 149 150 151 151 152 151 151 151 152 153
 152 152 152 153 153 153 152 152 152 152 153 149 150 156 162 161 138 106
  60  33  28  26  25  31  25  23  27  22  25  23  20  25  24  23  22  22
  23  23  23  24  24  24  24  24  24  24  24  24  24  24  23  24  24  25
  26  26  27  27  28  29  30  30  30  32  33  33  33  32  32  34  34  35
  36  29]","[ 29  29 115 116 116 117 117 118 118 119 120 121 121 122 122 122 122 122
 122 122 122 122 122 122 125 125 126 126 126 126 126 127 126 126 127 128
 129 130 130 130 130 130 130 131 131 131 131 132 133 134 135 135 136 136
 136 136 136 136 138 138 138 137 137 137 136 136 136 137 138 138 138 137
 136 137 141 138 137 142 103  40  34  34  33  32  32  31  28  26  25  24
  23  22  22  22  23  23  21  22  24  24  21  22  23  20  17  46 115 148
 145 147 144 148 148 149 149 150 150 151 152 152 151 151 151 151 152 152
 152 152 152 153 153 153 153 153 152 152 154 153 154 153 151 154 157 155
 135 122  99  56  30  30  29  36  30  25  22  22  22  24  21  23  22  22
  23  23  23  23  23  23  23  24  24  24  24  24  24  24  23  23  23  24
  24  24  24  25  27  28  30  30  30  31  32  33  33  32  31  34  34  35
  35  27]","[ 30  30 115 116 116 117 117 117 117 119 120 121 122 122 122 122 122 122
 122 123 123 122 122 122 125 125 126 127 126 126 126 126 127 127 128 128
 129 129 130 130 131 130 130 131 131 131 133 134 133 134 135 136 136 136
 136 136 136 137 138 138 138 137 137 137 138 138 138 138 139 139 139 138
 138 139 139 140 137 143 122  48  31  33  33  32  31  31  29  26  24  24
  23  23  23  23  24  24  25  22  22  23  20  21  23  21  18  20  54 119
 153 153 144 150 149 149 150 151 152 152 152 152 151 151 151 152 152 153
 153 153 152 152 153 154 154 154 154 153 152 154 153 154 157 156 154 156
 159 156 153 120  65  36  34  28  27  28  24  22  23  21  19  20  22  22
  23  23  23  23  23  23  23  24  24  24  24  24  24  24  24  24  24  24
  24  24  24  24  26  28  30  30  30  31  32  33  33  32  31  34  34  36
  36  28]","[ 30  30 115 116 116 116 116 116 117 118 120 121 121 122 122 122 122 122
 122 123 123 123 122 122 124 125 125 126 126 125 125 126 128 128 128 128
 128 129 129 130 130 130 130 130 130 131 132 134 134 135 136 136 136 136
 136 136 136 137 137 138 138 138 138 138 138 138 138 139 139 139 139 139
 139 139 138 142 139 141 130  54  30  32  33  31  29  30  28  25  24  24
  24  23  24  24  24  24  25  23  24  22  19  22  24  20  21  15  17  45
 110 151 158 146 149 150 150 151 151 152 151 151 151 151 152 152 153 153
 153 153 152 152 153 154 154 155 155 154 153 156 152 150 154 154 152 155
 153 155 156 159 138  98  67  45  29  23  25  21  22  20  20  19  21  22
  22  23  24  24  24  24  23  24  24  24  24  23  24  24  24  24  24  24
  24  24  24  24  26  28  30  30  30  31  32  33  33  32  32  34  35  36
  37  29]","[ 29  29 114 116 116 117 117 117 118 118 119 120 121 121 122 122 122 122
 122 122 122 123 123 123 125 125 125 126 126 125 126 127 128 128 128 128
 129 129 130 130 130 130 130 131 131 131 132 133 134 135 136 136 136 136
 136 136 137 137 137 138 138 138 138 138 138 138 138 139 139 139 140 140
 138 139 139 142 141 137 134  74  33  32  31  30  29  28  26  24  24  24
  24  24  24  24  24  24  22  24  25  23  21  22  24  22  24  27  22  18
  44 112 153 157 151 151 151 151 151 152 152 152 152 152 152 152 153 153
 153 153 153 153 154 154 154 154 154 154 154 155 155 154 154 154 153 151
 154 154 153 159 158 157 147 116  58  19  24  21  22  20  20  22  21  21
  22  23  23  24  23  23  23  24  24  24  24  23  23  24  24  24  24  24
  24  24  24  24  27  29  30  30  30  31  32  32  33  32  32  34  34  36
  37  30]","[ 29  29 115 116 117 118 118 118 119 118 118 119 120 121 122 122 122 122
 121 121 122 122 123 123 125 125 125 126 126 126 127 128 127 128 129 129
 130 130 130 130 130 130 131 132 132 131 131 132 134 135 135 136 135 135
 135 135 138 137 137 137 138 139 139 138 138 138 139 139 139 140 141 142
 139 141 142 140 140 137 142 104  37  33  31  31  31  28  25  25  24  24
  24  24  24  24  24  23  25  23  23  24  23  22  22  23  21  21  21  19
  22  44 123 153 153 153 152 151 151 152 153 154 153 153 153 153 153 153
 154 154 154 154 154 154 153 153 153 154 156 152 154 156 153 152 156 156
 155 154 152 155 155 155 157 151  98  22  23  23  23  20  19  24  22  22
  23  23  23  23  23  22  23  24  24  24  23  23  23  23  24  24  24  24
  24  24  24  24  27  29  30  30  30  31  32  32  34  33  32  34  33  35
  36  29]","[ 29  29 115 117 118 119 118 117 119 119 118 119 119 120 121 121 122 123
 122 122 122 122 123 124 124 125 127 128 128 127 127 127 128 128 129 129
 130 130 130 130 130 130 130 131 131 131 131 131 133 134 135 135 134 134
 135 136 137 137 138 138 139 139 138 137 138 138 138 139 139 139 141 142
 138 140 142 142 140 139 141 142  74  28  29  32  27  31  30  25  25  25
  24  24  24  24  24  24  24  24  23  22  22  23  23  24  22  20  24  22
  23  21  49 130 156 149 153 153 151 150 152 154 153 153 153 154 153 153
 153 155 155 154 153 153 153 154 154 155 154 154 154 154 154 154 154 155
 155 153 155 155 154 152 152 158 122  37  24  22  23  20  21  21  23  22
  21  22  23  24  23  23  23  23  23  23  24  24  23  23  24  24  24  24
  24  24  24  24  25  27  30  30  30  31  32  32  33  34  34  35  34  35
  36  29]","[ 29  30 116 117 117 118 118 117 118 118 119 119 119 119 120 121 122 122
 123 123 123 123 124 125 125 125 127 128 128 128 128 128 128 128 128 128
 128 129 129 130 132 132 132 131 131 132 132 133 134 135 136 136 135 135
 136 136 137 137 138 138 139 140 139 138 138 138 138 139 139 139 140 141
 141 142 142 142 140 140 142 144 119  58  27  29  32  30  27  28  25  25
  24  24  24  24  24  24  24  23  23  22  22  22  22  22  24  21  22  23
  24  20  28  85 150 151 152 152 153 155 152 152 156 154 154 153 155 154
 154 153 153 154 155 156 155 152 152 154 154 154 155 157 157 156 155 155
 153 154 152 152 157 163 161 154 112  36  21  23  24  18  19  24  22  22
  21  21  21  22  23  23  23  23  23  23  24  24  23  23  24  24  24  24
  24  24  24  25  25  28  30  30  30  31  32  33  35  35  35  36  35  37
  37  30]","[ 29  30 116 117 116 117 117 118 117 119 121 120 119 119 120 122 121 122
 123 124 124 124 124 125 125 125 126 127 128 127 128 129 129 129 128 128
 129 129 130 131 132 133 132 132 131 131 132 133 135 136 136 137 136 136
 136 136 137 137 138 138 139 140 140 139 139 139 138 139 139 139 140 141
 142 143 143 142 141 141 143 144 146 104  51  27  29  30  28  26  25  25
  24  23  24  24  24  23  24  23  23  23  22  22  22  22  24  20  19  23
  24  26  21  51 137 156 152 150 150 153 150 154 154 152 154 151 154 151
 154 153 153 155 157 158 161 164 162 158 159 160 161 161 159 158 160 163
 159 163 160 160 158 145 119  88  52  21  22  24  24  22  20  21  22  22
  21  21  20  21  22  23  23  23  23  24  24  24  24  24  24  24  24  24
  24  24  25  26  28  29  31  31  30  31  33  33  35  35  35  36  35  37
  37  29]","[ 29  30 116 117 115 116 117 118 118 120 122 122 121 120 121 122 122 123
 123 124 124 124 124 124 124 124 125 126 126 126 127 128 130 130 129 129
 130 130 131 131 132 133 133 132 131 131 132 133 134 135 136 136 136 135
 136 136 137 137 138 138 138 140 140 140 139 139 138 139 139 140 141 142
 142 142 143 143 143 142 142 142 143 138  89  28  25  30  29  22  25  24
  23  23  24  24  23  22  24  24  24  24  24  23  23  23  23  20  20  20
  21  25  19  30 105 153 151 153 149 150 152 154 159 157 160 154 157 153
 161 164 162 165 157 137 119 103  79  55  64  77  95 108 110 108 107 109
 109 122 118 104  74  45  33  22  18  21  27  23  19  23  24  23  23  22
  22  21  21  22  23  23  22  23  24  24  23  23  24  24  24  24  25  24
  24  24  25  27  30  31  32  31  31  32  33  34  35  35  35  36  35  36
  37  29]","[ 29  30 116 117 115 116 117 118 119 120 121 121 122 122 122 122 122 122
 123 123 124 124 124 124 124 124 125 126 126 126 127 128 129 129 129 130
 130 130 131 131 132 132 133 133 132 132 133 134 133 134 135 135 136 136
 136 136 137 138 138 138 138 139 140 140 140 140 139 140 141 141 142 143
 142 143 144 144 144 143 143 143 141 147 112  31  31  30  26  23  24  23
  23  24  24  24  23  22  23  24  24  24  24  24  24  24  21  19  23  20
  23  24  21  19  93 160 153 154 153 158 160 148 137 121 102  77  70  66
  78  85 106 102  81  50  30  28  25  19  17  21  26  27  25  22  24  26
  27  32  29  29  22  16  23  24  22  26  24  24  23  23  23  24  23  23
  22  22  23  23  23  22  22  23  23  23  23  23  24  24  24  24  25  24
  24  25  26  28  30  31  32  31  31  33  34  35  36  37  36  37  36  37
  37  29]","[ 29  30 116 117 116 117 117 117 118 118 119 120 121 122 122 121 122 122
 122 122 123 124 125 125 124 124 125 127 127 128 128 130 129 129 129 130
 130 130 131 131 130 131 132 133 133 133 134 135 133 134 135 136 137 137
 137 137 137 138 139 138 139 139 140 140 142 141 141 141 142 142 142 142
 143 143 143 143 142 143 144 144 145 148 121  33  34  29  25  27  23  23
  24  24  24  24  24  24  23  23  24  24  24  24  24  24  23  19  22  18
  24  24  26  19  81 155 156 158 154 144 116  73  41  32  24  14  16  14
  18  19  22  24  25  22  21  23  25  25  23  21  19  19  20  21  22  23
  15  21  22  25  26  24  26  23  23  23  20  24  27  24  22  23  24  23
  22  22  23  24  23  22  23  23  23  23  23  23  24  24  24  24  25  25
  25  26  28  29  30  31  32  32  32  34  36  37  37  37  37  38  37  37
  37  29]","[ 29  29 115 117 117 118 117 117 117 117 118 119 121 122 122 122 122 122
 122 122 124 125 125 125 125 125 127 128 128 128 128 129 130 130 130 130
 130 131 132 132 130 131 131 132 133 134 135 135 135 135 136 137 138 138
 138 138 137 139 139 139 140 141 141 141 142 141 141 142 143 143 142 142
 142 142 143 143 142 143 144 145 144 149 126  36  33  30  28  27  23  24
  24  24  24  24  25  26  24  24  24  24  24  24  24  24  26  21  19  17
  20  17  21  15  64 121 115  86  50  34  27  20  20  18  19  20  24  23
  22  20  25  23  22  24  24  23  22  23  26  23  20  21  22  23  21  20
  21  22  22  22  22  23  24  24  26  25  24  22  22  23  25  25  24  23
  23  23  23  23  23  23  24  24  23  23  24  24  24  24  24  24  24  25
  26  27  29  30  30  31  32  32  33  35  36  37  37  37  37  38  36  37
  37  28]","[ 29  29 115 117 118 119 118 117 117 117 118 119 121 122 123 123 123 123
 122 123 124 125 125 124 126 127 128 129 128 127 127 128 130 130 130 129
 130 131 132 133 133 132 132 132 133 134 135 136 135 136 137 138 138 138
 138 137 137 139 140 140 141 142 142 142 142 141 141 143 144 143 143 143
 141 143 144 145 145 144 144 145 142 148 126  41  35  31  29  23  24  24
  24  24  23  24  26  28  25  25  25  24  24  24  24  24  24  21  19  22
  20  16  18  15  21  42  32  22  18  21  20  24  23  23  22  23  21  21
  22  24  23  23  23  22  21  20  21  23  21  20  21  22  23  23  22  22
  22  20  23  24  25  24  23  25  24  21  25  25  24  23  25  24  24  24
  24  23  23  23  24  24  25  24  24  24  24  25  24  24  24  24  24  25
  26  28  29  30  31  32  33  33  33  35  36  36  37  37  37  38  36  36
  36  28]","[ 29  27 116 116 119 118 118 118 117 119 119 119 121 121 120 121 122 122
 122 123 123 124 124 124 126 127 128 128 129 130 130 130 128 129 130 130
 130 130 131 132 133 132 133 135 135 134 135 137 136 136 137 138 139 139
 139 138 138 138 139 140 141 142 142 142 142 142 142 142 143 144 143 143
 143 143 144 144 145 145 144 143 145 146 129  37  33  32  26  24  25  21
  23  25  21  24  29  24  27  27  27  26  24  23  23  24  24  24  23  20
  18  17  17  17  23  23  22  21  22  23  24  24  22  20  20  22  23  22
  21  20  19  21  22  22  21  20  21  23  22  22  23  23  23  23  23  23
  24  24  24  24  24  24  24  24  24  24  24  24  24  24  24  24  24  24
  24  24  23  23  23  24  24  24  24  24  24  24  24  24  25  24  24  25
  26  28  30  31  31  32  33  34  35  36  37  37  36  37  37  35  33  35
  35  30]","[ 30  28 117 116 119 118 118 118 118 120 120 120 122 122 122 123 123 124
 124 124 124 124 124 124 125 127 128 128 129 130 130 130 129 130 130 130
 130 131 131 132 133 133 134 134 133 132 134 137 136 136 137 138 138 138
 138 138 139 139 139 139 140 141 141 141 142 142 142 143 144 144 144 144
 144 144 145 146 146 146 146 145 145 153 133  38  34  30  24  24  24  25
  27  27  22  21  24  25  27  29  29  26  24  24  25  24  24  23  21  20
  20  20  21  21  24  24  23  22  22  23  24  24  23  22  22  23  23  22
  22  22  21  23  24  23  23  22  23  24  22  23  23  23  24  24  23  23
  23  23  24  24  24  24  24  24  24  24  24  24  24  24  24  24  24  24
  25  24  24  24  24  25  24  24  24  24  24  24  24  24  24  24  24  24
  25  27  29  31  31  32  33  34  34  35  35  36  34  35  35  33  32  34
  33  28]","[ 29  28 118 117 118 118 118 119 119 120 120 120 122 122 122 123 124 124
 124 125 124 124 124 123 125 127 128 129 129 130 130 130 130 130 131 131
 131 131 132 132 134 135 136 135 134 133 135 138 136 137 137 137 138 138
 139 139 140 139 139 139 140 141 141 141 142 142 143 144 144 144 145 145
 145 145 145 145 146 146 146 146 144 150 130  39  40  35  24  23  23  24
  25  28  30  28  25  25  27  30  31  26  24  26  26  24  25  22  20  20
  21  22  23  22  23  24  24  23  23  23  24  24  24  23  24  24  24  23
  23  24  23  24  24  24  24  24  24  24  23  23  24  24  24  24  24  24
  23  24  24  24  24  24  24  24  24  24  24  24  24  24  24  24  24  24
  24  24  24  24  24  24  24  23  23  23  23  24  24  24  23  24  25  25
  24  25  28  30  31  32  33  34  34  34  35  35  35  35  35  34  34  36
  34  29]","[ 29  28 118 117 118 118 119 121 120 121 120 119 121 121 121 123 124 124
 124 125 125 124 124 123 125 127 129 129 129 130 130 130 130 130 131 131
 131 132 132 132 135 136 137 136 135 135 136 138 137 137 137 137 137 138
 139 140 140 140 140 140 141 141 141 141 142 143 144 144 144 144 145 146
 145 145 145 145 145 145 145 145 146 149 136  43  31  28  21  25  25  25
  27  28  29  30  28  29  26  29  30  28  27  28  27  25  25  23  21  20
  21  21  20  19  20  22  23  23  23  23  24  24  24  24  24  24  24  23
  24  24  24  24  24  24  24  24  24  24  24  24  24  24  24  24  24  24
  24  24  24  25  25  25  25  25  24  24  24  24  24  24  24  24  24  24
  24  24  24  23  23  23  23  23  23  23  23  24  24  24  24  25  26  26
  26  26  28  29  31  32  33  33  34  34  34  34  36  36  37  36  35  36
  34  30]","[ 29  29 119 117 118 118 119 121 121 121 120 120 121 122 122 123 124 124
 125 125 125 125 125 125 125 127 129 130 129 130 130 130 130 130 130 131
 131 132 132 132 135 135 136 136 136 137 137 137 138 138 138 137 137 138
 140 141 140 140 141 141 142 143 142 142 142 143 144 144 144 144 145 146
 146 146 146 146 146 146 146 146 148 147 144  57  29  32  26  24  22  21
  25  26  26  32  31  28  28  27  28  30  30  29  26  24  24  23  22  21
  20  20  18  17  19  21  22  23  22  23  24  24  25  24  24  23  24  24
  24  24  24  24  24  24  24  24  24  24  24  24  24  24  24  24  24  24
  24  24  24  24  25  25  25  24  24  24  24  24  24  24  24  24  24  24
  24  24  24  24  23  23  24  24  23  23  24  24  24  24  24  25  25  26
  27  27  27  27  31  31  32  32  32  32  32  33  35  36  37  36  34  33
  32  28]","[ 29  28 118 116 117 117 117 120 119 121 120 120 122 122 122 124 123 123
 124 124 124 125 125 125 126 128 130 130 129 129 130 130 130 130 130 131
 132 132 133 133 135 135 136 136 137 138 138 137 138 138 138 138 138 139
 140 142 141 141 142 143 143 143 143 142 143 144 145 145 144 144 145 146
 145 146 146 146 147 147 147 148 147 146 147  73  32  33  32  27  27  24
  26  23  24  31  31  33  29  26  26  29  30  28  25  24  24  24  23  23
  22  21  20  19  20  21  22  23  22  23  23  23  25  25  24  23  24  24
  24  23  25  24  24  24  25  25  25  25  25  24  24  24  24  24  24  23
  23  23  23  24  25  25  25  24  24  24  24  24  24  24  24  24  23  24
  24  25  25  25  24  24  24  24  24  24  24  24  24  24  24  24  25  26
  27  27  27  27  31  31  32  32  32  32  32  32  34  35  37  36  33  32
  31  28]","[ 29  28 117 115 117 116 117 119 119 120 120 120 122 122 122 124 123 123
 123 123 123 124 125 125 126 128 130 129 128 128 129 130 130 130 130 131
 133 134 134 134 135 136 137 136 137 138 138 138 138 138 139 138 138 139
 141 142 142 142 142 143 143 144 143 143 144 145 146 145 145 145 145 146
 145 146 147 147 147 147 148 148 148 150 151 107  51  28  30  31  26  25
  23  19  26  28  21  32  30  27  25  26  28  28  27  26  26  26  25  24
  23  22  22  23  22  23  24  23  23  24  24  23  24  25  25  24  24  24
  24  23  24  24  24  24  24  25  25  25  25  25  25  24  24  24  24  24
  24  23  23  24  25  26  25  24  24  24  24  24  24  24  24  24  24  24
  24  25  26  26  25  24  24  24  24  24  23  23  24  24  23  24  25  25
  26  27  27  28  31  31  32  32  32  32  32  33  34  34  35  35  33  32
  32  29]","[ 30  28 118 116 118 118 118 120 121 122 121 121 123 123 123 124 124 124
 124 123 124 124 125 126 126 128 129 129 128 128 129 129 131 131 131 132
 134 135 135 135 134 136 136 135 135 136 137 137 137 138 139 139 138 139
 141 142 143 143 143 143 143 143 143 143 145 146 146 146 146 145 145 146
 146 147 148 148 148 148 148 148 148 148 154 154 106  54  33  22  25  24
  24  41  74  68  31  25  32  30  27  26  27  29  30  29  30  28  25  24
  23  23  24  24  24  24  24  24  24  25  25  24  23  26  27  25  24  24
  24  24  24  24  24  24  24  24  25  25  25  25  25  25  24  24  24  24
  24  24  24  25  26  27  26  25  23  23  24  24  24  24  25  25  25  25
  26  26  27  27  26  25  24  24  24  24  23  23  23  23  24  25  26  26
  25  26  28  30  30  31  31  32  32  32  32  32  32  31  32  33  32  32
  31  28]","[ 29  29 119 118 119 119 119 121 120 121 122 122 123 123 123 124 124 124
 123 123 124 125 125 126 128 128 129 128 128 129 130 131 131 131 132 132
 132 133 134 135 135 135 136 136 136 137 137 137 137 138 139 140 139 139
 140 143 143 143 144 144 143 142 143 145 146 146 147 146 146 145 146 147
 147 147 147 147 148 148 148 148 150 150 151 154 149 125  88  60  59  56
  80 117 143 134  82  27  25  30  29  25  27  30  31  31  31  29  26  24
  24  25  26  28  27  26  25  24  24  24  24  24  24  26  27  27  25  24
  24  25  24  24  23  24  24  25  25  24  23  23  24  24  24  24  24  24
  24  23  23  25  26  26  25  24  25  25  24  24  23  23  23  24  27  28
  28  28  28  29  28  27  24  24  25  24  23  23  24  25  24  24  24  25
  26  27  28  28  28  29  30  30  30  30  30  31  31  32  32  31  31  31
  30  28]","[ 29  29 119 118 119 119 120 122 121 121 121 121 121 122 123 124 124 124
 124 125 126 127 128 129 129 129 130 130 130 130 130 131 131 131 131 131
 131 132 134 135 136 136 136 136 137 137 137 137 138 138 139 140 139 139
 140 142 143 143 144 145 144 144 144 145 146 146 146 146 146 146 147 147
 147 147 147 148 149 149 149 149 152 150 150 153 157 157 153 149 144 151
 153 157 155 157 133  60  28  33  31  25  29  28  35  34  31  29  27  25
  24  24  26  28  29  27  25  24  24  24  23  23  25  26  27  27  26  24
  24  25  24  24  23  24  24  25  25  24  24  24  24  24  24  24  24  25
  24  23  23  24  25  25  24  24  24  24  24  24  24  24  24  24  26  27
  28  28  29  30  29  29  27  27  27  26  24  24  24  25  25  25  25  25
  26  26  27  27  28  29  30  30  30  30  31  31  32  32  31  31  30  30
  29  29]","[ 29  28 118 117 119 119 120 122 122 121 119 119 119 121 123 124 124 124
 125 125 126 128 129 130 129 130 130 131 130 130 130 131 131 131 131 131
 131 132 134 135 136 136 136 137 137 137 137 137 138 138 139 139 139 139
 141 142 142 142 143 144 145 144 144 144 146 146 146 146 146 146 147 148
 147 147 148 148 149 150 150 150 151 151 151 150 149 150 151 152 154 155
 151 158 152 157 163 124  54  33  29  23  30  30  30  30  29  27  26  26
  25  23  25  28  29  27  25  24  24  24  24  23  25  26  26  26  25  24
  24  24  24  24  24  24  24  24  24  24  25  24  24  24  24  24  24  25
  25  24  24  24  25  24  25  25  25  24  24  24  24  25  25  25  25  27
  28  28  29  29  29  29  30  29  28  27  25  25  24  24  24  24  24  24
  25  25  26  26  27  28  29  30  30  31  31  31  32  32  31  30  29  29
  29  29]","[ 29  28 118 118 119 119 119 121 122 120 119 118 119 121 122 123 124 124
 125 126 126 127 128 129 129 130 130 130 130 130 130 130 131 131 131 131
 132 133 135 136 137 137 137 137 137 138 138 138 138 138 138 139 139 140
 141 142 143 143 143 144 144 144 144 144 146 146 146 146 146 147 147 148
 147 148 148 149 150 150 150 150 148 149 150 151 152 152 153 153 153 152
 150 151 152 155 158 156 110  70  47  31  26  25  27  32  28  25  24  25
  25  23  24  27  29  27  24  23  24  24  24  24  25  25  25  25  25  24
  23  23  24  24  24  24  24  24  24  24  25  25  24  24  24  24  24  25
  25  25  25  26  26  26  26  27  27  26  25  25  25  25  25  25  26  27
  28  28  28  29  29  29  29  28  27  26  25  25  25  24  23  23  23  24
  25  26  27  27  27  28  29  30  30  30  30  31  32  32  32  31  30  28
  29  29]","[ 29  29 119 119 121 120 119 120 122 121 121 121 122 122 123 123 124 125
 126 126 127 128 129 130 130 130 130 130 129 130 130 131 132 132 132 133
 134 135 135 136 137 137 137 137 138 138 138 138 138 138 138 139 139 140
 142 143 145 143 143 144 145 145 145 145 147 146 146 146 146 147 147 147
 148 148 148 149 149 150 150 150 152 151 151 151 152 153 153 153 154 155
 156 151 156 157 151 161 162 150 127 107  86  59  33  31  30  26  24  24
  25  24  24  25  28  26  24  23  24  24  24  24  25  25  25  25  25  24
  24  23  24  24  24  24  24  24  24  24  25  25  25  25  25  25  24  24
  25  25  25  27  27  27  27  27  29  28  26  25  25  25  25  25  27  28
  29  29  29  29  29  29  28  27  25  25  25  25  25  24  24  23  23  24
  27  29  29  28  28  29  30  30  30  30  29  29  32  32  32  32  30  28
  28  29]","[ 29  28 119 119 121 119 118 119 121 121 122 122 123 123 123 123 123 125
 126 127 127 128 130 131 130 130 130 130 130 130 131 132 132 132 132 133
 135 135 136 136 137 137 137 137 138 138 138 138 138 138 138 139 139 140
 142 144 144 143 142 143 145 145 146 146 147 147 146 146 147 147 147 147
 148 148 149 149 149 150 150 150 149 151 152 153 153 153 152 152 155 153
 153 156 156 152 152 156 155 159 165 161 154 119  43  32  31  28  25  24
  24  24  24  24  28  27  25  24  24  24  24  24  24  24  24  24  24  24
  24  23  24  24  24  24  24  24  24  24  24  25  25  25  25  25  24  24
  24  24  25  26  27  26  26  26  30  29  27  26  25  25  25  25  25  27
  28  28  28  28  29  29  27  26  25  24  24  25  25  24  25  24  23  24
  27  28  28  28  28  29  30  30  30  29  29  29  30  30  31  30  28  25
  25  27]","[ 29  28 118 119 121 120 119 119 121 121 122 122 122 122 123 123 123 125
 126 127 127 127 129 130 129 130 130 130 130 131 132 132 132 132 132 133
 134 135 136 136 136 136 137 137 138 138 138 138 139 139 139 140 139 140
 142 144 143 143 143 144 145 145 145 146 147 146 146 146 147 147 148 147
 148 148 149 150 150 150 151 152 150 151 152 152 152 153 155 156 153 154
 155 156 153 155 158 152 157 149 156 154 160 147  72  35  28  28  27  25
  24  24  24  24  26  26  25  24  23  23  24  24  24  24  24  24  23  23
  24  24  23  24  24  24  24  24  24  24  24  24  24  25  25  24  24  24
  25  24  24  25  26  26  25  25  29  28  28  26  25  24  24  24  24  26
  27  26  26  26  26  26  26  26  25  24  24  24  25  25  24  24  24  24
  26  27  27  28  29  30  31  31  30  30  29  29  30  30  30  30  27  24
  25  27]","[ 30  29 119 119 122 122 121 122 122 122 122 122 122 122 124 125 124 126
 127 127 127 127 128 129 128 129 130 130 131 131 131 132 132 132 131 132
 133 135 136 136 136 136 136 137 137 138 138 139 139 140 140 140 139 140
 142 144 144 144 144 145 146 145 145 146 146 146 146 146 147 148 148 148
 147 148 150 150 151 151 152 153 153 152 151 152 153 154 153 152 155 153
 156 158 156 155 154 156 154 158 154 155 157 161 124  43  25  27  28  25
  23  24  25  24  25  25  25  25  24  23  24  25  24  24  24  24  24  24
  24  25  23  24  24  24  24  23  24  24  24  24  24  24  24  24  24  24
  26  24  23  24  25  25  25  25  27  28  28  27  25  24  24  23  25  27
  27  26  25  25  25  25  25  25  24  23  23  24  25  25  24  25  25  25
  25  26  28  29  29  30  31  31  31  30  30  30  33  32  32  31  28  25
  26  30]","[ 28  30 118 121 120 119 120 122 122 122 122 122 122 123 124 125 125 126
 127 128 129 128 127 127 128 129 130 130 130 129 129 129 129 130 132 134
 136 137 137 136 136 137 138 138 138 138 138 139 139 140 141 141 142 142
 144 145 144 144 145 145 144 144 145 145 146 146 146 146 147 148 148 148
 147 148 150 152 152 151 151 151 152 153 153 153 153 153 154 155 153 155
 155 155 154 155 155 154 156 155 154 156 151 161 150  87  32  22  30  28
  21  25  25  24  24  24  24  23  23  24  25  26  27  23  22  24  24  23
  24  26  23  26  23  24  25  23  26  22  23  24  25  24  23  23  24  26
  27  24  24  23  24  26  25  26  26  27  26  24  23  24  25  25  25  26
  25  23  24  24  24  25  25  23  23  25  26  24  23  24  25  25  25  27
  26  26  30  29  30  28  27  25  24  31  36  34  38  33  36  32  29  31
  28  27]","[ 28  29 116 119 118 118 119 121 121 121 121 121 121 122 123 123 126 126
 127 129 130 129 129 129 127 127 129 129 130 130 131 131 131 132 133 133
 134 136 136 135 136 136 137 137 137 137 138 139 138 139 140 142 143 143
 143 142 144 143 142 144 146 147 147 145 145 146 146 146 147 148 149 149
 149 150 150 151 151 151 151 152 150 151 153 152 150 150 151 152 152 153
 154 155 155 155 155 155 155 156 156 158 153 155 155 128  61  32  28  32
  29  26  22  24  23  25  27  27  26  25  25  26  28  27  27  26  24  23
  22  22  23  24  21  24  25  23  25  24  25  24  22  23  25  25  24  22
  25  25  28  27  27  27  25  28  29  28  26  25  26  27  26  23  25  27
  25  24  24  23  22  22  21  23  24  24  23  23  25  27  25  29  28  28
  28  29  29  25  25  29  33  52  71  83  77  47  38  37  37  32  30  30
  28  29]","[ 29  30 116 119 119 120 120 121 123 123 123 123 122 123 124 125 125 125
 126 127 128 128 128 128 130 130 131 130 130 129 129 129 130 131 132 133
 134 136 137 137 137 138 138 138 139 139 140 140 139 139 140 141 142 142
 141 140 144 145 145 145 145 144 144 145 148 148 148 148 148 149 149 149
 150 151 150 149 149 151 152 151 148 147 146 147 148 148 146 145 147 146
 146 145 143 139 137 137 138 139 136 137 137 135 138 139 109  62  33  26
  25  26  24  25  27  28  28  27  26  26  28  30  31  30  27  24  23  25
  25  24  26  25  23  24  24  22  24  26  24  24  24  24  25  25  25  25
  26  26  30  29  28  27  25  26  31  29  26  24  25  27  28  27  25  26
  25  24  25  25  24  25  24  25  25  24  24  25  25  24  27  29  27  29
  31  28  31  38  50  68  79 105 122 127 117  72  42  39  36  32  30  29
  27  29]","[ 29  30 117 119 120 121 122 122 121 121 122 121 122 122 123 124 126 126
 127 128 129 129 129 130 129 129 130 130 130 130 130 130 130 131 133 133
 133 135 136 137 136 136 137 137 137 137 137 137 140 140 139 138 138 138
 139 139 138 139 140 140 138 137 136 136 135 136 136 136 136 137 136 136
 135 137 136 135 135 138 138 136 133 132 131 133 135 135 133 130 129 129
 131 134 134 133 133 134 131 133 130 128 132 132 130 134 138 118  96  65
  36  28  31  33  38  36  34  32  30  29  28  28  31  32  32  30  28  26
  24  23  22  23  24  25  25  23  23  23  24  24  24  24  24  25  27  29
  29  28  29  28  28  29  26  26  25  27  28  27  26  26  26  25  24  25
  26  28  30  28  24  23  27  26  26  25  24  25  25  25  22  29  31  39
  51  63  86 109 121 131 127 128 124 124 129 102  52  37  37  35  30  30
  26  29]","[ 28  29 116 119 121 123 122 122 122 122 122 122 122 123 124 124 125 124
 125 126 127 127 127 128 130 130 130 130 130 130 130 131 127 129 130 130
 129 129 129 130 129 129 130 130 130 130 129 128 128 127 126 125 123 124
 126 128 128 126 125 127 130 131 128 125 126 127 128 129 130 130 130 129
 127 129 130 129 130 132 131 128 126 129 131 132 131 130 130 131 130 129
 130 132 131 128 127 129 128 130 132 129 128 129 127 129 129 131 131 117
 100  90  75  56  50  42  31  25  24  25  27  28  29  30  32  32  29  26
  28  31  28  27  26  24  24  25  24  25  25  25  27  30  32  31  27  24
  23  24  27  26  25  27  25  26  32  35  37  36  34  31  29  27  25  24
  23  26  30  29  25  23  21  22  25  26  23  21  24  30  46  75  97 111
 121 125 128 131 128 128 126 127 124 126 130 118  71  38  39  38  31  33
  28  30]","[ 28  30 116 119 120 122 122 121 122 122 123 123 122 122 122 122 123 123
 123 123 124 124 124 125 124 124 123 123 122 121 121 122 118 120 121 121
 121 120 121 120 122 122 123 123 123 122 121 121 121 122 122 121 120 120
 122 123 121 121 120 122 124 125 123 121 122 123 124 124 124 124 123 122
 122 124 126 126 127 128 127 125 124 126 128 129 128 128 128 129 127 127
 128 129 129 127 127 128 129 127 129 129 127 128 128 130 128 127 128 129
 129 131 129 124 112 100  82  68  60  57  55  53  39  34  32  34  35  31
  26  23  27  25  26  25  26  27  25  26  29  28  25  23  22  23  25  26
  27  35  48  55  63  74  81  87 100 104 109 110 106  96  83  73  67  57
  42  34  33  35  38  43  39  35  34  38  47  60  79  96 115 127 130 129
 128 127 127 125 131 126 127 128 128 129 131 131  91  48  41  39  32  34
  29  30]","[ 30  30 115 114 114 116 117 116 114 115 116 116 116 115 114 114 112 111
 111 111 111 111 111 112 108 109 109 110 111 112 113 114 110 112 114 115
 115 115 116 116 119 118 118 118 118 118 118 117 117 118 119 119 118 118
 119 120 120 121 122 122 120 120 121 122 123 124 124 123 123 122 121 120
 122 123 124 125 126 126 126 126 126 125 125 126 127 128 127 126 128 128
 129 128 127 127 127 127 128 124 123 127 127 126 128 129 130 126 125 126
 125 125 127 126 133 132 130 130 131 131 129 128 122 114 107 105 101  87
  66  51  31  25  25  26  27  26  23  28  27  31  38  46  58  77  98 112
 113 117 123 122 123 127 128 131 128 128 128 127 129 131 132 131 125 125
 124 125 127 123 120 120 123 119 117 120 123 124 127 131 124 125 124 127
 128 126 128 128 127 127 129 129 127 125 126 131 110  68  44  37  33  32
  30  29]","[ 29  28 110 107 105 107 108 109 109 110 111 112 111 110 110 109 110 109
 109 109 108 108 109 110 109 110 110 110 111 111 113 114 111 113 114 114
 114 114 114 114 117 116 115 115 115 116 116 116 118 118 117 117 117 117
 118 119 119 119 118 117 118 119 120 120 121 121 122 121 122 122 123 122
 122 122 122 123 123 123 124 126 126 126 126 126 125 125 126 127 126 127
 128 126 126 126 126 125 124 127 125 127 126 123 126 128 127 128 128 128
 127 128 129 125 125 126 127 126 125 124 125 126 129 128 126 128 131 131
 125 118 100  77  59  47  43  44  51  67  79  89 104 118 126 129 131 131
 129 128 128 124 125 128 127 126 124 127 128 127 125 125 126 127 127 126
 123 123 125 125 127 131 128 128 128 129 128 127 126 126 124 126 127 128
 128 129 130 125 127 129 126 127 131 130 128 129 123  86  47  36  35  31
  31  29]","[ 28  30 104 105 105 106 106 107 108 108 108 109 110 110 109 108 110 109
 108 106 107 107 108 107 109 109 110 110 110 110 110 112 111 110 109 110
 111 112 112 112 114 114 114 114 114 114 115 116 117 116 115 116 118 118
 117 116 117 117 117 117 117 117 118 119 122 121 121 121 122 122 122 122
 121 122 122 122 122 123 124 125 126 126 126 126 125 125 125 125 124 125
 126 127 127 126 126 126 125 125 125 125 126 127 127 128 128 127 126 127
 128 128 127 126 127 126 125 124 124 124 124 124 123 125 126 126 126 126
 127 128 128 126 123 120 118 119 123 127 124 125 126 128 130 130 129 126
 125 125 125 125 126 127 128 128 127 128 129 129 127 126 125 125 124 124
 125 126 125 124 125 127 125 124 124 124 125 125 126 127 128 128 128 128
 129 129 128 128 129 128 128 128 129 129 129 128 129 103  56  41  38  35
  31  29]","[ 29  30 103 104 104 105 106 107 105 105 105 106 107 107 106 105 107 106
 106 105 105 105 106 105 107 107 107 108 109 109 109 110 110 110 110 111
 111 112 112 113 114 114 114 114 114 114 115 116 116 115 115 116 118 119
 118 117 117 117 117 117 117 118 119 120 119 119 119 120 122 122 122 122
 121 122 122 122 123 123 124 124 124 124 124 124 124 124 125 126 124 125
 125 126 126 126 126 126 124 125 125 126 126 127 128 128 128 126 126 127
 128 128 127 127 127 126 126 125 124 124 124 125 124 125 125 125 125 125
 127 128 125 125 126 126 125 124 124 125 124 125 126 128 129 129 128 126
 125 125 125 125 126 127 128 129 128 128 128 128 127 126 126 126 124 124
 125 125 125 125 126 128 128 127 126 127 127 127 127 128 128 128 128 129
 129 129 128 128 129 129 129 129 129 128 127 126 129 116  73  40  39  35
  33  29]","[ 29  30 102 103 103 104 105 106 104 104 103 104 105 105 105 104 104 105
 105 104 104 105 105 105 105 105 105 106 108 108 109 109 109 110 111 111
 111 111 113 114 114 114 115 114 114 114 114 115 115 115 116 117 118 118
 118 118 117 116 116 117 118 119 120 120 118 118 118 120 121 122 122 123
 122 122 122 122 123 123 123 123 123 123 123 123 123 124 125 127 124 124
 124 124 125 125 125 125 124 124 125 126 127 127 127 128 127 126 125 126
 127 127 127 127 126 126 126 126 125 124 125 126 126 126 125 125 125 126
 127 128 126 125 125 125 125 125 125 125 126 127 128 128 128 128 127 126
 126 126 125 125 126 127 128 129 129 128 127 126 126 126 126 126 125 125
 126 126 126 126 128 129 130 129 128 129 129 129 129 129 127 128 129 130
 130 129 129 128 130 130 130 130 129 129 127 126 128 127  94  45  42  36
  34  29]","[ 29  29 101 102 102 103 103 104 104 103 103 103 104 104 104 104 104 105
 105 105 104 105 105 105 105 104 104 106 108 109 109 110 109 109 110 111
 111 111 113 114 114 114 114 114 114 114 115 115 116 116 116 117 117 117
 117 117 117 116 116 117 119 120 121 121 119 119 120 121 122 122 122 123
 122 122 122 122 123 124 123 122 124 124 123 123 123 123 124 125 124 124
 123 124 124 124 124 124 124 125 125 126 126 126 126 126 126 125 125 126
 126 125 125 125 125 126 126 126 125 124 125 126 126 126 125 125 126 127
 128 128 129 127 124 123 123 124 125 126 127 128 128 127 126 126 126 126
 127 127 126 125 125 126 128 128 129 128 126 125 126 126 126 126 128 128
 128 128 128 128 128 129 130 129 129 130 130 129 129 128 128 129 129 130
 129 129 129 129 130 130 130 130 130 130 129 129 127 127 111  59  45  39
  33  29]","[ 28  29 102 102 102 103 103 103 103 103 103 103 103 103 103 103 104 105
 105 105 104 105 105 105 106 105 104 106 108 110 110 110 110 109 109 110
 111 111 112 113 113 114 114 114 114 114 115 115 116 116 116 116 116 116
 116 116 117 117 117 118 119 121 121 122 120 120 121 122 122 122 122 122
 122 122 121 122 124 124 123 122 123 124 124 124 123 123 124 124 124 124
 124 124 124 124 123 123 124 124 125 125 125 125 125 125 125 125 125 126
 126 125 124 124 125 125 126 125 125 124 125 126 125 125 125 126 127 127
 128 128 128 127 126 126 127 126 126 126 126 126 127 126 125 126 127 127
 129 128 126 125 125 126 127 128 128 126 125 125 126 127 126 126 129 129
 129 130 129 128 128 129 129 129 129 130 130 129 129 129 129 129 129 129
 129 129 129 130 130 130 130 130 130 130 130 130 129 125 124  75  46  45
  35  29]","[ 29  29 102 103 103 104 103 103 103 103 103 103 103 103 103 103 104 105
 105 105 105 105 106 105 106 105 105 107 108 110 110 110 110 110 110 111
 111 111 112 112 113 113 114 114 114 114 115 115 115 115 115 115 116 116
 116 117 117 117 117 118 119 120 121 121 119 119 121 122 122 122 122 122
 122 122 121 122 123 124 123 122 123 123 124 124 124 124 124 124 124 124
 124 124 124 124 123 123 123 123 124 125 125 125 125 125 125 125 126 127
 128 126 125 125 125 125 126 125 125 124 125 125 125 126 127 127 128 128
 128 128 128 127 126 127 127 127 127 127 126 126 127 126 126 127 129 130
 129 128 127 126 126 126 127 128 127 126 125 126 127 128 128 127 128 128
 129 129 130 129 128 129 129 129 129 130 130 129 129 130 130 130 129 129
 129 129 129 130 130 130 130 130 129 129 130 130 131 126 132  92  52  50
  40  28]","[ 29  29 102 103 103 103 103 103 102 103 103 104 104 103 103 103 105 105
 105 105 106 107 107 107 108 106 106 107 109 109 110 110 110 111 112 113
 112 111 111 112 113 114 114 114 114 114 115 115 115 115 115 115 116 116
 117 117 117 117 118 118 119 119 120 121 118 119 121 122 122 122 122 122
 122 122 121 122 123 123 123 123 122 123 124 124 124 124 124 124 123 123
 124 124 124 124 124 124 124 124 124 125 125 125 125 125 125 125 126 127
 127 126 126 125 126 126 126 126 125 125 125 125 126 127 128 128 128 128
 128 128 129 127 125 125 125 126 128 129 127 128 127 127 127 128 129 129
 129 128 128 127 127 128 128 129 128 127 126 127 128 128 129 128 127 127
 128 129 129 129 129 130 130 130 130 130 129 128 129 130 131 130 130 129
 129 129 129 129 129 129 130 130 129 129 129 129 131 128 133 109  66  50
  44  28]","[ 29  28 100 101 102 103 103 103 102 102 103 103 103 103 102 102 104 104
 104 104 106 107 108 108 109 107 107 108 109 109 110 111 110 112 114 115
 113 111 111 112 114 114 114 114 114 114 114 114 115 114 114 115 116 116
 117 117 117 118 118 118 118 118 119 120 119 120 121 123 122 122 122 122
 122 122 121 121 122 123 123 123 122 123 123 124 124 123 124 124 122 123
 123 123 123 124 125 126 125 125 125 125 125 125 125 125 125 125 126 127
 126 125 125 125 126 126 126 126 126 125 125 124 126 127 128 128 127 126
 127 127 129 128 127 126 126 126 127 129 128 128 127 126 126 126 127 127
 129 128 128 128 128 129 129 130 129 129 128 127 128 128 129 129 128 128
 128 129 129 129 130 130 130 130 130 130 129 128 129 130 131 130 130 130
 130 130 129 129 128 129 130 131 130 130 130 130 131 128 131 121  81  47
  44  29]","[ 29  29 100  99  99 101 103 103 101 102 104 104 103 102 103 103 103 104
 106 106 105 105 106 108 109 108 108 108 109 110 110 110 111 112 112 112
 111 111 112 114 115 114 114 113 113 114 115 116 116 115 113 113 115 117
 117 116 118 118 118 118 118 119 119 119 119 120 121 122 122 122 122 122
 122 122 122 121 122 123 124 124 123 123 123 122 122 123 123 123 122 122
 123 123 124 124 125 125 126 125 124 125 125 124 124 125 126 125 124 125
 125 125 124 124 126 126 126 126 126 126 125 125 125 126 127 127 127 127
 127 126 126 127 128 127 126 125 126 128 129 126 125 125 126 126 126 126
 128 128 128 128 128 128 129 129 129 129 129 129 128 128 128 129 128 128
 129 129 129 129 129 129 130 130 130 130 130 130 130 130 131 131 130 130
 130 130 130 130 129 130 130 129 129 129 130 130 131 127 132 131  97  48
  45  29]","[ 29  29 100  99  98 100 102 102 102 103 103 103 104 104 104 104 103 104
 105 105 105 105 106 107 107 107 107 107 108 109 109 109 110 110 111 111
 111 111 112 113 114 114 114 113 113 114 114 115 116 115 114 115 116 116
 116 115 117 117 117 118 118 119 119 119 118 119 120 121 122 122 122 122
 122 122 122 121 122 123 124 124 123 123 122 122 122 122 123 124 123 123
 123 124 125 125 126 126 126 125 125 125 125 125 125 126 126 125 125 125
 125 124 124 125 127 127 126 126 126 125 125 125 124 125 126 126 125 126
 126 125 126 127 128 127 126 126 127 128 128 126 124 125 127 128 128 128
 128 128 128 128 128 128 128 129 128 129 129 129 129 129 129 130 129 129
 129 130 130 129 129 129 131 130 130 130 130 130 130 130 130 130 130 130
 130 130 131 131 129 130 131 130 130 130 131 131 131 130 132 132 107  58
  49  30]","[ 29  29 100  99  98 100 101 101 103 103 102 103 105 105 105 104 103 104
 104 105 105 105 105 106 106 106 106 106 107 108 109 109 109 110 111 111
 111 111 111 112 114 114 114 114 113 113 114 114 115 115 115 116 116 116
 115 114 117 117 118 118 119 119 119 119 118 119 120 122 122 122 122 121
 121 122 122 122 122 123 124 124 124 123 122 122 122 123 123 124 123 123
 123 123 124 125 125 126 124 124 124 124 124 124 125 126 125 125 125 125
 124 124 124 126 128 127 126 125 124 123 123 123 124 125 126 125 125 125
 125 125 125 126 127 127 126 126 127 128 127 126 125 126 128 129 129 130
 128 128 128 128 129 129 128 128 127 128 128 129 129 129 129 130 130 130
 130 130 130 130 130 130 131 130 130 130 130 130 130 129 130 130 130 130
 130 130 130 130 129 130 131 131 130 131 130 130 129 130 129 131 118  69
  51  28]","[ 29  29 100 100 100 101 102 102 102 102 102 104 105 105 105 104 103 103
 104 104 104 104 105 105 106 106 106 107 107 108 109 109 109 110 111 111
 111 111 112 112 113 114 114 114 114 113 113 114 114 114 115 115 116 116
 116 116 117 118 119 119 119 119 119 119 118 119 121 122 122 122 121 121
 121 122 122 122 122 123 124 124 124 123 123 123 123 123 124 124 124 124
 123 123 123 124 125 125 124 123 124 124 124 124 124 125 125 125 126 126
 125 124 124 126 128 128 126 124 123 122 122 122 125 126 126 126 125 125
 126 125 125 126 127 127 126 126 127 128 128 127 126 127 129 130 130 130
 129 129 129 129 130 129 129 128 127 127 128 129 129 129 129 129 129 129
 129 130 130 130 131 131 132 131 130 130 131 131 131 130 130 130 130 130
 130 130 130 130 130 131 131 131 130 130 130 129 132 133 130 134 129  82
  56  31]","[ 30  29 100 101 101 101 102 102 100 101 103 104 104 104 104 104 104 104
 104 104 104 105 105 105 106 106 107 108 108 109 109 110 111 111 111 111
 111 111 111 112 113 113 114 115 114 114 114 114 115 114 114 114 115 116
 117 118 118 119 119 120 119 119 119 119 120 120 121 122 122 122 121 120
 121 122 122 122 122 123 123 123 123 123 123 124 124 124 124 124 125 125
 124 124 124 124 125 125 124 124 125 125 125 124 124 124 124 125 127 127
 126 125 125 126 129 128 127 124 122 121 122 122 125 126 127 127 126 126
 126 125 126 127 128 128 127 127 128 129 129 128 127 128 129 130 130 130
 129 129 129 130 130 130 129 128 128 129 129 130 130 130 130 130 129 129
 129 130 130 130 131 131 132 131 130 131 132 132 132 131 131 131 131 131
 131 131 131 130 132 132 132 131 131 131 131 131 129 130 127 131 130  90
  55  28]","[ 30  29 100 101 101 101 100 100  99 101 103 104 103 102 103 103 104 104
 104 105 105 105 105 105 106 107 107 108 109 109 109 110 110 110 110 110
 110 110 111 111 112 113 114 114 114 114 114 114 115 115 115 114 115 116
 117 118 118 118 119 119 118 118 118 119 121 121 122 122 122 121 121 120
 122 122 122 122 122 123 123 122 123 123 124 124 124 125 124 124 125 125
 124 124 124 124 124 124 124 125 125 125 124 123 123 124 125 126 127 128
 127 126 126 128 128 128 126 124 122 121 122 122 125 126 128 127 127 127
 126 126 127 128 129 129 128 128 129 129 129 128 128 129 130 130 130 130
 130 130 130 130 131 131 130 130 129 129 129 130 131 131 131 130 131 131
 130 130 130 131 131 132 132 131 131 131 131 132 132 132 131 131 131 131
 131 131 131 131 132 132 131 131 131 132 133 132 131 132 130 133 131 106
  62  29]","[ 30  28 100 101 101 101 100 100 100 101 103 103 102 102 102 103 104 104
 104 104 104 105 105 105 105 106 107 108 108 108 109 109 109 109 109 110
 110 111 111 111 112 112 113 114 114 114 114 115 115 115 115 115 116 116
 117 117 117 118 119 118 118 118 119 120 122 122 122 122 122 122 122 122
 122 123 123 123 123 123 123 122 122 123 123 123 124 124 124 124 123 124
 124 124 124 125 125 125 125 125 125 125 124 123 123 124 126 126 127 128
 127 126 127 129 128 128 127 125 123 123 123 124 126 128 129 128 128 128
 128 128 128 129 129 130 129 129 129 130 129 128 129 130 130 130 130 130
 130 130 130 131 131 131 131 131 130 129 129 130 131 131 131 131 133 132
 132 131 132 132 133 133 133 133 132 132 132 132 132 132 132 132 132 132
 132 132 132 132 132 132 132 132 133 134 134 133 132 131 132 131 128 122
  70  27]","[ 29  28 100 102 102 102 101 101 101 101 102 102 101 102 103 104 103 103
 104 104 104 104 104 104 105 106 107 108 108 108 108 109 108 108 109 110
 111 111 111 111 111 112 113 113 114 114 114 115 115 115 115 116 117 117
 117 117 117 118 119 118 118 118 120 121 122 122 122 122 122 122 122 122
 123 124 124 123 123 123 123 122 122 122 122 123 123 123 124 124 123 123
 124 125 126 126 126 126 126 126 125 125 124 123 125 126 127 127 127 127
 127 127 128 130 130 130 129 128 126 125 126 126 128 129 130 129 129 129
 130 129 130 130 131 131 131 130 130 131 130 129 129 130 131 130 130 130
 129 130 131 131 130 130 131 132 131 130 130 130 132 133 133 133 133 133
 132 132 133 134 135 135 136 135 135 134 133 133 134 134 135 135 135 134
 134 133 133 133 133 133 133 134 135 135 135 134 135 134 136 133 130 136
  79  29]","[ 30  28  98  98  99 101 102 101 101 102 102 103 103 104 104 104 103 104
 105 105 105 105 105 105 104 105 106 107 108 108 108 108 108 108 109 111
 112 110 110 111 111 111 112 113 114 116 116 115 116 115 115 116 117 117
 117 117 116 118 120 121 121 121 121 121 122 122 122 122 122 122 122 122
 123 123 123 124 124 124 124 123 123 123 123 123 124 125 124 123 124 125
 125 126 126 126 126 126 128 127 126 126 126 126 127 128 128 128 128 128
 128 128 129 130 131 130 129 128 128 128 128 128 129 130 130 130 130 129
 130 130 129 129 130 130 130 130 130 130 131 130 130 130 131 131 130 130
 128 129 130 131 131 131 131 131 132 131 130 131 131 133 133 133 132 133
 135 135 134 134 134 135 135 135 135 135 135 135 134 134 135 136 136 135
 135 135 134 134 134 134 134 135 136 136 135 134 133 136 136 134 133 138
 106  29]","[ 29  28  98  98  98 100 101 100 101 102 103 103 104 105 105 104 104 104
 105 105 105 105 105 105 104 105 107 108 108 108 108 109 109 108 109 111
 112 110 110 110 112 112 113 113 114 115 115 115 114 114 115 116 117 117
 116 117 117 119 120 121 121 121 121 122 122 122 122 122 122 122 122 122
 122 122 123 124 123 124 124 125 124 124 124 124 124 125 126 126 126 127
 127 127 127 128 128 128 130 129 129 128 128 129 129 130 129 130 130 130
 130 129 130 130 131 130 130 130 129 129 129 129 130 130 131 130 130 130
 131 131 131 131 131 131 131 131 131 131 132 132 132 132 132 131 131 131
 130 131 131 132 132 132 133 133 133 132 132 132 134 135 135 135 134 134
 135 136 135 135 135 136 137 137 137 137 137 137 136 136 136 136 136 135
 135 136 136 135 135 135 135 136 137 137 136 135 135 136 137 136 136 137
 120  30]","[ 29  29 100  99  99 101 101 101 101 102 102 103 103 104 105 104 104 105
 105 105 105 105 105 105 104 106 108 108 108 108 109 110 110 109 109 111
 112 111 110 110 113 113 113 113 114 115 115 114 114 114 116 117 118 117
 116 117 118 119 121 122 122 122 122 123 122 122 122 122 122 122 122 122
 122 123 124 124 123 123 125 126 124 125 125 124 124 125 127 129 128 128
 128 128 128 129 129 130 130 130 129 129 129 129 130 130 129 130 131 131
 131 130 130 130 130 130 131 131 130 130 130 129 130 131 131 131 131 131
 131 132 132 132 131 131 131 132 132 132 132 134 135 134 132 131 131 132
 133 133 133 133 133 133 134 135 134 133 133 134 136 136 136 135 135 136
 136 137 137 137 137 137 138 138 138 138 138 138 137 137 137 137 136 135
 136 137 137 136 136 136 136 137 138 138 138 137 137 135 136 137 138 135
 134  29]","[ 29  29 101 101 100 101 102 101 101 102 102 103 103 104 104 104 104 105
 105 105 105 105 105 106 106 107 108 108 109 109 110 110 110 110 110 111
 111 111 111 112 114 114 114 114 115 116 116 115 114 115 116 118 118 117
 117 118 119 120 121 122 122 122 123 123 123 123 122 122 122 122 122 122
 123 124 125 125 124 124 125 126 126 126 126 126 126 127 128 130 129 128
 128 129 129 129 130 130 130 130 129 129 129 129 130 130 130 130 131 131
 131 131 130 130 130 131 131 131 131 131 131 131 131 131 132 132 132 131
 131 131 132 132 131 132 133 133 133 132 133 135 136 135 134 132 133 134
 135 135 135 134 134 135 136 137 135 135 135 136 137 138 137 136 137 137
 137 138 138 138 138 138 138 138 138 138 138 138 138 138 138 137 136 136
 136 137 138 137 137 137 137 138 138 138 138 138 137 136 137 137 138 135
 138  28]","[ 29  29 102 101 100 101 101 101 102 103 103 103 104 105 105 105 104 105
 105 105 104 105 105 106 107 107 107 108 109 110 110 110 110 111 111 111
 111 111 113 115 114 115 114 114 115 116 117 116 115 115 116 117 117 117
 118 119 119 120 121 121 122 122 123 123 124 123 123 123 122 122 123 123
 124 124 125 126 126 127 127 127 129 128 128 128 129 129 130 130 129 129
 130 130 130 131 131 131 131 131 130 130 130 130 131 131 132 131 131 131
 131 131 131 131 131 132 132 132 132 132 132 133 132 132 133 134 134 133
 131 130 132 132 133 134 135 136 135 134 135 135 136 136 136 135 135 135
 136 136 136 136 136 136 136 137 137 137 137 138 138 138 137 136 137 138
 138 139 139 140 139 139 139 139 139 139 139 138 138 138 138 137 137 136
 137 137 137 137 137 138 138 138 138 138 138 138 137 139 139 137 138 138
 136  29]","[ 29  30 102 101 101 101 102 102 102 102 103 103 104 105 105 105 104 105
 105 105 105 105 106 107 108 107 107 108 110 111 111 110 111 111 112 112
 111 112 114 116 115 115 115 115 116 117 117 117 116 116 116 116 117 117
 118 120 120 120 121 121 122 122 123 123 124 124 124 123 123 123 124 124
 125 125 126 127 128 129 129 128 130 129 129 129 130 130 130 129 129 130
 130 130 131 131 131 131 131 131 131 131 131 131 131 131 132 132 131 131
 132 132 132 132 131 132 132 132 132 132 133 134 134 134 135 136 136 135
 133 132 132 133 133 135 136 136 135 135 135 135 136 137 137 137 136 136
 136 137 137 137 137 137 137 137 138 138 138 138 138 138 137 137 138 138
 139 140 140 141 141 141 141 140 140 139 139 139 139 139 137 138 138 137
 136 137 137 137 138 138 138 138 138 138 139 139 138 140 139 138 138 140
 134  30]","[ 29  30 101 101 101 102 102 102 101 101 102 102 103 105 106 105 105 105
 105 105 105 106 107 108 108 108 107 108 110 111 111 111 111 111 112 112
 112 114 114 115 115 115 115 114 115 117 118 117 117 116 116 117 118 119
 120 121 121 121 121 122 122 123 123 123 125 124 124 124 124 125 125 125
 125 126 127 128 128 129 129 130 130 129 129 129 130 129 129 129 130 130
 130 130 130 130 131 131 132 132 132 132 132 132 132 132 132 132 132 132
 133 133 133 132 132 133 134 134 133 133 133 134 135 135 135 136 136 136
 135 134 133 134 135 135 136 136 136 135 135 135 136 137 137 137 137 137
 137 138 138 138 138 138 138 138 137 138 138 138 138 138 138 138 138 139
 140 141 141 142 142 143 142 141 141 140 139 139 139 139 138 138 138 136
 135 136 137 137 138 139 139 139 139 139 140 141 140 139 138 139 138 139
 137  29]","[ 29  29 100 100 100 101 102 101 100 101 102 103 104 106 107 107 105 105
 105 105 105 106 107 108 108 108 108 109 109 110 111 112 111 111 111 112
 114 115 114 113 115 115 115 114 115 117 117 117 119 117 117 118 120 121
 121 122 122 122 122 122 122 123 124 124 125 125 124 124 125 125 126 126
 126 127 128 128 128 128 129 131 130 130 131 130 130 129 130 130 132 131
 131 130 130 131 132 132 133 133 133 133 133 133 133 133 133 133 133 134
 135 135 134 133 133 135 136 136 136 135 135 136 135 135 135 135 136 137
 136 136 135 136 136 136 137 137 136 136 135 136 138 138 138 137 137 138
 138 138 138 138 138 138 138 139 138 138 139 139 139 139 139 140 138 140
 141 142 142 142 143 144 143 142 142 141 140 139 139 139 139 139 138 136
 135 135 137 138 138 139 140 140 140 140 141 142 143 139 137 140 139 138
 142  27]","[ 30  28  99 100 101 102 102 102 101 101 102 104 105 105 104 104 105 105
 105 107 108 107 107 108 107 109 110 110 110 111 112 113 112 111 111 113
 115 114 114 114 115 115 116 116 117 117 118 119 120 120 121 122 122 122
 122 122 123 122 122 123 124 123 123 124 126 126 126 125 125 124 125 126
 128 129 129 129 129 129 130 130 129 130 131 130 130 129 130 131 131 132
 133 133 132 131 131 131 132 131 133 135 136 135 135 135 135 135 135 136
 136 135 135 135 133 135 136 137 137 137 136 136 136 136 136 136 137 137
 137 137 137 138 138 137 137 137 137 137 139 138 137 137 138 138 138 137
 139 139 138 138 138 139 139 139 138 140 140 140 140 140 141 140 139 140
 141 142 142 143 144 145 145 145 144 142 141 141 141 142 143 141 138 136
 135 136 137 137 138 140 141 140 138 138 140 143 140 139 139 140 139 138
 139  29]","[ 30  28 100 100 100 101 102 103 103 103 104 105 106 106 105 104 105 105
 106 107 108 107 107 108 109 110 110 110 109 110 111 111 111 111 111 113
 113 113 114 115 116 115 116 117 117 117 118 119 120 120 121 121 122 122
 122 122 123 122 122 124 125 124 125 126 126 127 128 128 128 127 128 128
 128 129 129 130 130 130 131 131 130 131 132 131 131 130 131 132 131 132
 133 133 133 132 132 132 133 133 134 135 135 134 134 135 135 135 135 136
 136 135 135 135 136 136 137 137 137 137 137 137 137 137 137 137 137 138
 138 138 137 138 138 138 138 137 137 138 139 138 138 138 138 138 138 138
 139 140 140 139 139 139 139 139 140 141 142 142 142 142 143 142 141 142
 144 144 144 144 145 145 145 145 145 143 142 142 142 142 143 141 139 137
 136 136 137 138 138 139 140 140 140 140 141 142 140 139 139 140 139 138
 138  28]","[ 29  29 100 100 100 100 101 103 104 104 105 105 105 105 105 105 105 105
 106 107 107 107 107 107 110 111 111 110 110 111 111 111 111 111 112 113
 113 113 115 116 115 115 115 116 117 118 118 119 121 121 121 122 122 122
 122 122 123 123 124 125 125 125 126 127 127 128 129 130 130 129 129 129
 129 129 129 130 131 132 132 132 131 132 133 133 132 131 131 131 132 133
 134 134 134 134 134 134 135 135 135 136 135 135 135 136 136 136 136 136
 136 136 136 136 137 137 137 137 137 137 137 138 138 138 138 138 138 138
 138 138 138 138 139 139 138 138 138 139 140 140 140 139 139 138 139 139
 141 141 142 142 141 140 140 141 142 143 144 144 144 144 144 144 143 144
 145 145 144 144 145 145 146 146 145 145 144 144 144 143 142 141 140 138
 137 137 138 139 140 140 140 141 142 143 143 142 140 140 140 140 139 139
 139  28]","[ 29  29 101 101 101 101 101 102 104 104 105 104 104 104 104 105 107 107
 107 108 108 107 107 107 111 112 112 112 112 113 113 113 113 113 113 113
 114 115 116 117 116 115 115 117 118 119 119 120 121 122 122 123 123 123
 122 122 124 124 125 126 126 126 126 127 128 129 130 130 130 130 129 129
 129 129 129 130 131 132 133 132 133 133 134 134 133 132 131 131 134 134
 134 135 136 136 137 137 136 136 137 137 136 136 137 138 137 137 137 138
 138 138 137 137 138 138 138 138 137 138 139 140 139 138 138 138 138 138
 138 138 139 139 139 139 139 139 139 140 141 142 142 141 140 139 140 141
 142 143 144 143 142 141 142 142 142 144 144 144 144 145 145 145 144 145
 145 145 145 145 145 146 146 146 146 145 145 146 145 143 142 142 141 140
 139 139 140 140 142 142 141 142 144 144 143 142 142 142 142 142 141 140
 140  29]","[ 29  29 100 102 102 102 102 102 104 104 104 104 104 104 105 105 108 108
 108 109 108 107 107 108 111 112 112 112 113 114 115 114 115 114 113 114
 115 117 118 117 117 117 117 119 121 121 121 121 121 122 122 123 123 123
 122 121 124 125 126 126 126 127 127 128 129 129 130 130 130 130 130 130
 130 130 130 131 132 132 133 132 133 133 134 134 134 133 133 133 135 135
 135 135 136 137 138 138 137 137 137 137 136 137 138 139 137 138 138 138
 138 138 138 138 138 139 139 139 139 139 140 140 139 139 138 138 138 138
 138 138 140 140 140 140 139 140 141 142 142 143 143 142 141 140 141 142
 143 144 144 143 142 142 142 143 143 144 145 145 145 145 146 145 145 146
 146 146 146 146 146 146 146 146 146 146 146 146 145 144 143 143 142 141
 140 140 141 141 142 142 142 143 144 144 143 142 143 143 143 143 142 142
 142  30]","[ 30  29 100 102 103 104 103 102 103 104 104 104 104 104 104 105 108 108
 109 109 109 108 108 109 112 112 112 112 113 114 114 114 115 115 114 114
 116 118 118 116 118 117 118 120 121 122 122 122 121 122 122 123 123 123
 122 122 123 125 126 127 127 128 129 129 129 128 128 129 130 130 131 131
 131 131 131 131 132 132 133 133 132 133 134 134 135 135 135 135 136 135
 135 135 135 136 138 139 137 137 137 136 137 138 138 138 137 137 137 138
 138 138 138 138 138 138 139 139 138 138 138 139 139 139 139 139 139 139
 139 139 141 141 141 141 141 141 142 143 142 143 143 143 142 141 142 143
 143 143 143 143 142 142 143 144 144 145 146 146 146 146 146 146 146 146
 146 146 146 146 146 145 146 147 147 147 147 147 146 145 145 145 144 143
 142 141 141 141 142 142 143 144 144 144 144 144 144 144 144 143 143 144
 143  30]","[ 30  29 101 102 103 103 104 104 104 104 104 104 104 104 104 104 106 107
 108 109 109 109 109 111 112 112 112 112 113 114 114 113 115 116 115 115
 116 117 117 116 117 118 119 121 121 121 122 123 123 123 123 123 123 123
 123 123 124 126 128 128 128 129 130 130 129 128 128 129 130 130 131 131
 131 131 132 132 132 133 133 134 133 134 134 135 136 136 136 137 136 136
 137 137 136 137 137 138 137 138 137 137 137 139 139 137 138 138 138 138
 138 138 138 138 138 138 139 139 138 138 139 139 141 141 141 141 140 140
 140 141 142 142 143 143 143 143 143 143 143 144 144 144 143 143 143 144
 144 144 144 144 144 144 144 144 145 146 147 146 146 146 146 146 146 146
 146 146 146 146 146 146 147 147 148 147 147 147 146 146 146 145 144 144
 143 143 143 143 144 144 144 144 145 145 145 145 145 144 144 143 144 145
 143  29]","[ 29  29 101 102 102 102 104 106 106 105 105 105 106 106 105 104 105 106
 108 109 109 109 111 112 112 112 112 112 113 114 115 114 115 116 117 116
 116 117 117 117 118 118 120 121 122 122 122 123 125 124 124 124 124 124
 125 126 125 127 129 128 128 129 130 130 131 130 130 130 131 131 131 131
 131 132 132 132 132 133 134 135 135 135 135 136 136 137 137 137 137 138
 139 139 138 137 138 138 139 139 138 137 138 140 139 137 138 138 138 138
 139 139 139 139 139 139 140 140 140 140 141 142 142 142 142 142 141 141
 142 142 142 143 144 145 144 144 143 143 144 144 145 145 144 144 145 145
 144 145 145 145 145 146 145 145 145 146 146 146 146 146 146 146 146 146
 146 147 147 148 147 147 147 148 149 148 147 147 147 147 146 145 144 144
 144 144 144 144 146 146 146 146 146 146 146 145 145 145 144 144 145 147
 144  30]","[ 30  28 101 105 101 105 104 104 104 105 106 108 107 107 106 107 106 106
 106 107 108 110 111 112 112 113 114 114 114 114 114 114 116 117 118 118
 117 118 119 120 117 119 121 122 122 121 122 122 124 125 125 124 123 124
 126 128 128 129 129 130 130 130 130 130 130 130 131 131 131 130 130 131
 131 133 135 135 134 134 134 134 136 136 136 136 136 136 137 137 138 138
 138 138 138 138 138 138 139 139 139 139 139 139 139 139 140 140 140 140
 139 139 139 139 138 139 140 142 142 141 141 143 143 143 144 143 142 141
 141 141 142 143 144 144 143 143 143 144 144 144 144 144 145 145 146 146
 145 145 146 146 146 146 146 146 146 146 146 147 147 147 147 146 146 147
 147 147 147 147 147 146 148 147 147 147 148 149 148 146 146 145 145 144
 144 144 144 144 145 145 146 146 146 146 146 146 145 142 148 147 144 144
 148  27]","[ 28  27 105 101 102 102  99 104 104 104 105 107 107 106 107 108 108 109
 109 109 110 111 112 113 112 113 113 113 113 113 114 114 116 117 118 118
 118 118 119 120 118 119 121 121 121 121 122 123 123 124 125 125 124 125
 127 129 127 128 129 130 130 130 130 131 131 130 130 131 131 130 131 132
 135 136 136 136 136 136 137 137 138 138 138 138 138 138 139 139 138 138
 138 138 138 139 139 139 139 139 138 138 138 138 139 140 141 141 141 140
 140 140 140 140 140 139 140 141 142 141 141 141 143 144 145 145 144 144
 143 143 143 143 144 145 145 145 145 145 145 145 145 145 145 146 146 146
 145 146 146 146 146 146 146 146 146 146 146 147 148 148 147 147 146 147
 147 148 148 149 149 149 148 147 147 147 148 148 148 147 147 147 146 146
 145 145 144 144 146 147 147 148 148 148 148 147 146 146 146 140 143 149
 146  30]","[ 30  28 100  98 103 105 101 105 105 105 107 107 107 107 108 110 109 109
 110 110 109 110 111 112 113 113 113 113 114 114 114 115 116 118 119 118
 118 119 120 120 120 121 122 122 122 122 123 124 123 124 126 126 126 126
 127 128 128 129 130 130 131 131 131 132 133 132 132 132 132 132 134 135
 136 135 135 135 135 136 137 138 138 138 138 138 138 138 139 139 138 138
 138 138 138 138 139 139 140 140 140 139 139 140 141 142 144 144 144 144
 143 143 143 143 144 142 141 143 144 144 143 143 143 144 145 146 146 145
 144 144 143 144 145 145 145 145 146 146 146 146 146 146 146 146 146 146
 146 146 147 147 147 147 147 147 147 148 148 149 148 148 148 148 147 148
 149 150 150 151 152 151 149 149 149 149 150 150 149 148 148 148 148 147
 147 146 145 144 145 146 146 147 147 147 146 146 145 147 144 150 149 143
 145  29]","[ 27  32 102 107 102 102 103 105 105 106 107 107 107 106 107 109 110 110
 111 111 110 110 111 112 115 114 114 114 116 117 117 117 116 117 118 118
 118 119 120 120 121 121 122 122 121 122 122 123 124 125 127 128 128 128
 128 128 130 130 131 131 131 131 132 132 132 132 132 133 133 133 134 135
 137 136 136 135 136 137 138 138 139 139 138 138 139 139 139 139 140 139
 139 138 138 139 139 140 139 139 140 139 139 139 140 142 142 142 142 142
 143 143 143 143 143 142 141 141 143 143 143 142 144 144 145 145 145 145
 144 144 143 144 144 145 145 145 145 145 145 146 146 146 146 146 146 145
 146 146 147 147 148 148 148 148 148 149 149 149 148 148 148 148 149 149
 150 150 150 151 151 150 150 150 150 150 150 150 150 149 147 147 147 147
 146 145 145 145 147 147 148 148 148 148 148 148 146 149 144 144 148 146
 149  29]","[ 29  28 101 104 100 102 106 105 105 105 106 107 106 106 106 107 109 110
 111 110 110 110 111 112 114 113 113 114 115 116 117 117 117 118 119 119
 120 121 122 123 122 122 122 122 122 123 124 125 124 126 128 129 129 129
 129 130 129 130 131 131 131 131 131 131 130 131 132 134 134 133 134 134
 137 136 136 136 137 138 138 137 138 138 138 138 138 138 138 138 139 138
 138 137 137 138 139 139 141 142 143 143 142 142 143 144 143 143 143 144
 144 144 145 145 144 144 144 144 144 145 146 146 147 147 147 147 147 147
 146 146 145 145 146 146 146 146 146 146 146 147 148 149 149 148 148 147
 147 148 148 149 150 150 150 151 150 151 151 151 150 150 149 150 151 151
 151 151 151 152 152 151 152 152 151 151 152 152 151 151 149 149 148 147
 147 147 147 147 145 145 145 145 145 145 146 146 146 148 152 144 150 148
 144  29]","[ 30  24 104 103 105 105 104 103 105 105 106 107 107 107 107 108 110 111
 111 111 111 111 112 112 114 114 114 115 116 117 118 118 115 116 117 118
 119 121 122 122 121 121 121 122 122 123 124 125 123 125 127 128 129 129
 129 130 130 130 131 131 131 131 132 132 132 133 135 137 138 137 137 137
 138 138 137 138 138 139 138 138 139 139 139 139 139 139 139 139 140 139
 139 139 139 140 141 141 141 142 143 143 143 142 143 143 144 144 144 144
 143 143 143 143 143 145 145 144 144 145 146 147 146 146 145 145 145 145
 145 145 144 145 145 146 146 147 147 146 146 147 148 149 149 148 148 147
 147 147 148 149 150 150 151 151 151 151 152 152 152 151 151 152 151 152
 152 151 152 152 152 152 152 152 152 152 152 152 151 151 150 150 149 147
 147 147 147 147 148 147 147 147 147 147 148 148 149 147 147 149 149 150
 154  27]","[ 28  34  98 102 103 103 104 107 106 105 105 106 107 107 107 107 110 111
 111 111 111 111 111 111 113 113 114 114 114 115 115 116 117 118 119 119
 120 121 122 122 122 122 122 122 123 123 124 124 126 127 128 129 129 129
 130 130 130 131 131 131 131 131 132 132 133 134 135 137 137 136 136 137
 138 138 138 138 138 138 138 138 139 139 139 139 139 139 139 139 139 139
 139 139 139 140 141 141 142 142 143 143 143 143 143 143 144 144 144 144
 144 143 143 143 143 145 146 144 144 144 145 145 147 146 146 146 146 146
 146 146 146 146 146 147 148 148 148 147 147 148 148 149 149 149 148 148
 148 148 149 149 150 150 150 151 152 151 151 152 152 152 152 152 151 152
 152 151 151 152 152 152 152 152 152 152 151 151 151 151 151 150 150 149
 148 148 148 148 148 147 147 147 147 147 147 148 146 150 148 151 149 150
 143  31]","[30 26 30 31 27 29 30 28 30 29 28 28 29 29 29 29 29 29 29 29 29 29 29 29
 28 29 29 29 29 29 29 29 29 29 29 29 29 30 29 29 29 29 29 29 29 29 29 29
 28 29 29 29 29 29 29 29 29 29 30 29 29 29 29 29 29 29 29 29 29 28 29 30
 29 29 29 28 28 29 29 29 29 29 29 29 29 29 29 29 29 29 29 29 29 29 29 29
 29 29 29 28 29 29 29 29 29 29 29 29 29 29 29 29 29 30 30 29 28 29 29 29
 28 28 28 28 29 29 29 28 29 28 28 29 29 29 29 28 29 29 29 29 29 29 29 29
 28 29 29 29 29 29 29 29 30 29 29 29 29 29 29 28 29 29 29 29 29 29 29 29
 30 30 29 29 29 29 29 29 29 29 29 29 29 29 29 29 29 29 29 29 29 29 29 29
 30 27 30 27 30 30 28 29]"
