"[30 31 30 30 28 31 29 28 29 28 28 29 29 29 29 29 30 29 29 29 29 28 30 30
 30 30 30 30 28 28 29 29 28 29 29 29 29 29 29 29 28 29 29 29 28 29 29 29
 29 29 29 29 29 29 29 29 29 29 29 29 29 29 29 28 29 29 29 29 29 29 29 29
 29 29 29 29 29 29 29 29 29 29 29 29 29 29 29 29 30 29 29 29 30 30 29 28
 29 29 29 29 29 29 29 29 29 29 29 29 29 29 29 30 28 28 29 29 29 29 29 28
 29 29 29 29 29 29 29 29 30 30 30 30 28 29 28 28 30 29 29 29 29 29 29 29
 29 29 30 29 29 28 29 30 29 29 29 29 29 28 29 30 30 29 29 29 30 29 29 29
 29 29 29 29 29 29 29 29 29 29 29 29 28 28 29 30 28 30 29 28 29 30 29 28
 28 31 30 28 31 28 28 31]","[28 31 26 29 29 31 29 28 31 30 29 30 30 29 29 30 29 28 28 29 30 30 29 30
 29 29 30 30 29 29 29 30 30 30 29 30 30 30 30 29 29 30 30 29 29 29 30 29
 29 29 29 29 29 29 29 29 28 28 29 29 30 30 29 29 29 29 29 29 29 29 29 29
 29 29 29 29 29 29 29 29 28 29 29 29 29 29 29 28 30 29 29 29 29 30 30 29
 29 29 30 30 29 29 29 29 29 29 29 29 29 29 29 29 29 29 29 29 29 29 29 29
 30 29 29 29 29 30 30 29 29 29 29 28 29 30 31 31 28 29 30 30 29 28 29 29
 29 29 29 29 29 29 29 30 29 28 28 29 29 29 29 30 29 28 28 29 29 29 29 29
 29 29 30 30 29 29 29 29 28 29 30 30 30 29 29 30 28 30 30 28 28 29 29 31
 30 29 30 28 29 30 33 25]","[30 28 14 10 11  9 11 12 10 10  9  8  8  8  9 10 10  9  9 10 10  9  8  7
  7  8  8  9  9  8  9  9  7  7  7  7  7  7  7  7  7  7  7  7  7  7  7  7
  7  7  7  7  7  7  7  7  7  7  7  7  7  7  7  7  7  7  7  7  7  7  7  7
  7  7  7  7  7  7  7  7  7  7  7  7  7  7  7  7  7  7  7  7  7  7  7  7
  7  7  7  7  7  7  7  7  7  7  7  7  7  7  7  7  7  7  7  7  7  7  7  7
  7  7  7  7  7  7  7  7  8  8  8  7  7  8  8  9 10 12 14 13 11 10 10 12
 12 11 10 10 11 12 12 12 10 10 10 11 12 13 13 14 15 15 15 16 16 16 16 16
 14 15 16 16 16 15 16 16 16 16 17 18 18 18 19 19 21 21 20 19 18 16 15 17
 24 30 51 66 72 73 62 29]","[30 30 10 11 13  8  9 10 13 12 10  9  8  7  7  7  8  8  9  9  9  8  8  8
  8  8  8  9  9  9  9 10 11  9  7  7  8  9  8  6  7  7  8  6  5  5  4  4
  5  4  3  3  4  4  3  2  3  3  3  3  4  4  4  4  3  3  3  3  2  2  2  2
  2  2  2  2  2  2  2  2  3  3  4  4  4  4  3  3  4  3  3  3  3  4  4  4
  3  4  4  4  3  3  3  3  3  4  4  4  4  3  3  3  4  4  4  4  4  3  3  2
  4  4  3  4  4  4  3  3  5  5  5  5  7  9 10 10 10 12 14 13 11 10 10 11
 13 11  9  9 11 12 11 10  9  9 10 11 12 14 15 15 16 15 15 16 17 16 15 15
 12 14 15 16 16 16 17 18 17 17 18 18 19 20 21 22 17 17 17 18 20 19 20 23
 35 50 71 76 70 68 61 29]","[28 30 12 13 15 11 12 14 14 13 11 10  9  9  9  9  9  9 10  9  8  8  8 10
  8  8  7  7  7  8  8  9 11  8  6  6  7  8  7  6  8  9  9  8  7  7  6  6
  7  6  4  4  5  4  4  3  4  4  3  3  2  3  3  3  3  3  3  3  3  3  2  2
  2  2  2  2  2  2  2  3  3  3  2  2  3  3  3  2  2  3  3  3  2  2  2  2
  3  4  4  4  3  2  2  3  2  3  3  3  3  2  2  2  3  3  4  4  4  3  2  1
  4  4  4  4  4  4  3  2  3  5  6  6  8  9  9  9 10 11 13 13 12 11 12 12
 13 11  9  9 10 11 11  9  8  9 10 11 13 15 16 15 15 14 15 16 16 16 15 15
 14 15 16 16 16 17 18 19 17 18 18 19 19 20 20 20 22 22 20 19 20 21 27 34
 52 66 76 72 66 64 59 29]","[31 31 15 13 13 12 14 16 16 15 14 13 13 14 15 14 12 11 11 11 10 10 12 14
 12 11  9  8  9  9 10 11 10  8  6  6  7  8  7  6  8  9  9  8  8  8  9  9
  8  7  6  5  6  6  5  4  5  4  4  3  3  3  3  3  2  3  4  4  4  4  3  3
  2  2  2  2  2  3  3  3  4  3  2  2  3  4  4  3  3  3  3  3  2  2  2  2
  3  4  4  4  3  3  3  3  2  3  3  3  3  2  2  2  3  3  4  4  4  3  2  2
  4  4  4  4  4  4  3  3  4  6  7  8  9 10  9  9 10 10 10 11 11 11 11 12
 11  9  8  8  9 10  9  8  7  8 10 10 12 14 14 13 13 13 13 14 15 15 15 16
 16 16 16 16 16 16 17 18 17 18 20 21 22 21 19 17 18 20 21 22 27 36 51 64
 73 74 67 61 64 66 59 27]","[28 27 18 17 15 15 15 15 15 15 13 13 13 15 16 15 12 11 10 10 10 10 11 12
 12 11  9  8  8  9  9  9  9  8  8  8  8  8  8  7  8  9  8  7  7  8  9  9
  8  7  5  6  7  7  7  6  5  5  5  5  5  5  4  4  3  3  4  4  4  3  3  2
  2  2  2  2  2  3  3  4  4  3  3  3  4  5  4  4  3  4  4  3  2  2  2  2
  3  4  4  4  3  3  3  3  3  3  4  3  3  3  3  3  3  3  3  3  3  3  3  3
  3  4  4  4  4  4  5  6  6  7  8  8  9 10 10 10 13 13 12 11 10 11 11 12
 11 10  9  9 10 10 10  9  8 11 13 13 14 16 16 14 13 13 13 14 15 15 16 16
 16 16 16 16 16 16 16 16 17 18 19 21 22 21 20 19 20 23 25 29 38 49 61 70
 66 66 63 62 62 61 59 30]","[32 29 20 15 13 16 16 16 17 16 15 14 14 16 17 16 16 13 11 11 12 12 12 12
 13 11 10  9  9  9  9  9  8  9  9 10  9  9  8  8  9  9  9  7  6  7  8  9
  8  6  5  6  7  8  8  7  5  5  6  7  8  7  7  6  5  5  5  4  4  3  2  2
  2  2  2  2  2  3  4  4  4  3  3  4  5  5  5  4  3  4  3  3  2  2  3  3
  3  4  4  4  4  3  4  4  3  3  3  3  3  3  3  4  4  4  3  3  3  3  4  4
  4  4  5  4  4  5  7  9  7  7  8  7  8 10 10 10 15 14 13 10  8  8  9 10
  8  8  8  8  9  9  9  9  8 12 14 14 15 16 16 14 15 14 13 14 15 15 16 17
 16 16 16 16 17 17 16 16 17 17 17 18 20 21 22 21 24 27 30 39 52 63 67 67
 68 63 60 61 59 59 59 29]","[30 29 40 38 31 25 28 23 19 18 17 17 17 16 16 16 13 15 13 11 14 14 12 13
 12 11 11 11 10  8  9 10 10 11 11 10 11 12 10  7  7  8  9  8  6  7  8  8
  8  7  5  5  7  8  8  8  5  6  7  7  7  7  7  7  5  5  7  8  7  6  5  5
  3  3  3  2  3  4  4  3  4  4  3  3  3  4  4  3  3  3  4  4  2  2  2  4
  5  4  4  5  4  3  3  4  1  1  2  3  4  4  4  5  5  4  3  3  3  3  2  2
  2  4  4  3  3  5  8  9  7  8  9  9  9 10 11 11 10 11 13 13 12  9  8  9
  8  8  8  9 10  9  9  9  9 12 16 17 17 17 16 16 13 15 16 15 14 15 15 15
 16 17 17 17 17 17 17 17 17 17 15 16 19 22 22 24 23 31 41 51 62 68 66 64
 61 61 59 59 64 63 63 29]","[28 29 43 51 55 51 45 33 32 31 28 24 23 22 21 19 18 14 15 18 16 13 12 12
 15 13 12 12 13 14 14 14 10 10 10 11 12 12 11 10 10  8  7  6  7  9  9  8
  9  8  6  5  6  7  8  8  6  7  7  7  7  7  7  7  6  6  7  8  8  7  6  5
  5  5  5  5  5  5  4  4  4  5  5  4  4  4  4  3  3  4  4  4  3  2  3  4
  4  3  4  5  4  3  3  4  3  3  3  4  4  4  4  4  4  4  3  3  3  3  2  3
  3  5  5  4  3  5  6  6  7  7  8  9 10 12 12 11 10 10 11 12 10  9  8  8
  8  8  8  9  8  8  9 10 10 13 16 17 17 16 15 14 12 14 16 15 15 15 16 15
 17 17 17 16 16 17 17 16 16 22 21 16 16 22 28 31 31 45 56 61 64 66 64 62
 59 59 59 60 63 62 62 28]","[30 29 32 34 39 40 41 38 39 39 37 34 34 35 32 28 27 19 20 23 18 15 17 17
 16 17 16 14 14 15 16 16 12 12 12 13 12 11 11 11  8  9 11 11 11 11 11 11
 12 10  8  7  8  8  9  9  8  8  8  7  7  8  8  8  6  6  7  8  9  8  7  6
  6  7  7  7  7  6  5  5  5  7  7  6  5  5  5  4  4  4  3  3  3  2  3  4
  4  3  4  4  4  4  4  4  4  4  4  5  5  4  4  5  4  4  4  4  4  4  3  3
  3  4  4  4  5  7  8  8  7  7  8  9 11 12 11 10 10 10 10 10  9  8  8  8
  9  9  9  9  9  9 11 13 14 16 19 19 19 17 16 14 13 14 15 15 16 17 17 16
 19 18 17 15 16 17 17 17 18 20 21 21 22 23 29 37 46 59 66 64 62 61 60 59
 56 55 58 62 63 61 63 29]","[29 29 24 20 21 20 24 28 32 34 35 36 38 39 38 35 46 40 37 36 32 28 26 24
 21 22 21 17 15 15 15 15 14 13 14 16 16 13 12 13 14 11  9 10 12 13 12 10
 13 12 11 10 10 10 11 10 10 10  9  8  9  9  9  8  7  7  7  7  8  8  7  6
  6  6  7  7  7  6  6  6  7  8  9  8  7  7  6  5  5  4  4  4  4  4  4  5
  4  4  4  4  4  3  3  3  3  3  4  5  5  5  5  5  4  4  5  5  5  5  5  4
  4  4  4  5  6  8  9  9  8  8  8  9 10 11 10  9 11 10  9  9  9  9  9  9
  9  9  9 10 10 11 13 15 17 19 20 20 20 18 17 16 16 16 15 15 16 18 18 18
 19 18 16 16 17 18 19 18 20 20 22 26 29 29 36 47 61 65 63 58 56 57 57 57
 56 53 57 61 61 60 65 30]","[28 29 20 19 22 21 20 20 23 23 25 28 28 28 28 29 29 32 33 39 48 46 41 44
 36 33 29 26 25 24 20 16 14 15 16 18 18 15 14 14 14 13 14 15 14 12 10 11
 12 11 11 11 11 11 11 10 10 10 10  9 10 10  9  8  7  8  9  8  7  8  8  7
  5  5  6  6  6  5  6  7  8  8  8  8  8  8  7  6  6  5  4  5  5  5  5  6
  4  4  4  4  3  3  3  3  3  3  3  4  5  4  5  5  4  4  4  5  5  5  5  5
  6  5  4  5  6  7  8  8  8  8  8  8  8  9  9  9 11 10  9  9  9  9  9 10
  9  9  9 10 12 13 14 15 17 18 18 18 17 17 17 16 17 16 16 17 18 18 18 18
 17 16 16 16 18 19 20 19 20 23 25 28 36 44 53 60 66 63 58 55 55 55 56 59
 59 54 56 58 58 59 64 30]","[30 29 15 15 18 19 20 20 19 17 17 18 17 16 17 21 16 19 18 26 38 34 28 37
 30 29 30 34 38 40 41 42 25 25 26 25 23 19 16 16 15 15 14 15 15 14 11 12
 12 12 12 12 12 12 11 11 10 10 10 10 10 10  9  9  9 10 10  9  8  9  9  9
  5  4  5  6  6  5  6  7  7  7  7  7  7  7  6  5  5  5  5  5  5  5  5  5
  5  5  5  4  4  4  4  3  4  3  3  4  4  4  4  4  3  3  4  3  3  4  4  5
  6  4  3  4  5  6  7  8  7  8  8  8  8  9 10 10  9  8  8  8  8  8  9 10
 11 10 10 12 14 15 15 15 16 16 16 15 15 16 16 16 16 16 16 18 19 18 16 15
 15 15 16 16 18 19 20 19 21 21 25 36 51 60 62 63 60 59 57 57 57 55 56 61
 62 58 57 56 56 57 61 27]","[29 29 16 17 15 16 19 19 19 17 15 15 14 14 15 17 16 16 13 16 22 18 17 24
 26 26 29 32 31 30 34 39 45 46 45 43 41 39 38 37 36 26 17 16 17 18 17 15
 15 15 14 14 13 12 12 11 10 11 11 10 10 11 11 11 10 11 10  9 10 12 11  9
  7  6  6  8  8  6  5  6  7  8  8  7  6  5  5  5  5  5  6  6  6  5  5  5
  5  6  6  5  4  5  5  5  5  4  4  4  4  4  4  4  4  4  3  3  3  3  4  5
  4  4  3  4  5  6  6  8  8  8  8  8  9 10 10 10  8  8  8  8  8  8  9 11
 12 11 11 13 14 15 15 16 16 17 16 16 16 17 17 17 16 15 16 18 18 16 15 15
 16 17 17 17 18 19 20 19 23 24 32 49 64 64 60 59 55 56 56 57 57 55 56 59
 61 61 59 55 56 57 61 28]","[31 29 15 17 16 18 21 19 18 17 16 15 15 16 15 14 15 17 17 16 15 16 16 17
 15 13 15 17 17 15 18 23 32 33 34 33 36 40 42 42 49 49 48 43 32 23 21 24
 17 17 16 15 13 12 12 11 11 12 12 11 11 12 13 13 11 10  9  8 10 13 12  9
 10  8  8  9  9  7  5  5  7  9 10  8  5  4  5  6  6  7  7  8  8  6  6  6
  5  6  6  5  5  7  7  6  5  5  5  5  5  4  4  4  4  4  4  3  3  3  4  5
  5  4  4  5  6  5  5  6  9  9  8  9 10 11 10  8  8  8  8  8  8  8 10 12
 10 10 11 12 13 14 15 17 17 17 17 17 17 18 18 17 17 16 15 16 16 16 16 18
 19 19 19 18 18 19 20 20 24 37 50 58 62 61 59 58 55 56 55 54 55 56 56 58
 58 62 60 55 57 58 62 31]","[28 31 17 18 16 19 23 18 17 16 15 16 16 16 16 17 16 17 17 17 16 15 15 16
 15 15 15 15 16 16 17 17 18 18 18 18 19 21 26 32 34 38 44 45 35 26 31 44
 38 31 27 28 27 21 16 16 14 15 15 14 12 14 15 14 10 10 12 11 10 13 14 13
 11 10 11 11 10  9  9 10  9  9  7  7  8  6  5  7  7  7  8  8  8  7  6  5
  7  6  5  5  5  6  6  6  7  6  6  6  6  6  6  5  5  4  4  3  4  4  5  5
  5  5  5  5  5  6  6  6  7  7  8  9 10 10  9  8  8  8  8  8  9 12 13 13
 11 11 11 12 12 13 15 17 17 19 19 18 16 17 18 17 17 16 15 15 16 17 18 19
 21 23 20 20 23 22 24 33 55 61 66 64 61 59 57 55 56 60 59 60 60 57 58 59
 58 59 61 60 61 62 64 29]","[28 31 23 22 19 20 17 16 15 16 17 17 16 16 16 17 16 16 17 17 16 15 16 16
 16 16 16 16 16 16 16 16 15 15 15 16 15 15 18 22 23 20 19 19 18 21 31 43
 36 31 31 38 42 39 33 31 34 32 29 23 17 16 16 13 14 13 13 13 12 15 16 14
 14 13 12 11 10 10  9  9 11 10  8  8 10  9  8 10  9  8  7  7  7  7  9 10
  8  7  5  5  5  5  6  6  6  6  6  6  6  7  7  6  5  5  5  5  5  5  5  5
  5  5  5  5  5  6  7  8  7  7  8  9 10 10  9  9  8  8  8  9 10 13 13 13
 12 12 12 13 13 14 15 17 19 19 19 17 15 16 16 15 15 16 16 16 16 17 20 22
 27 22 18 21 24 24 37 58 68 68 65 61 59 58 58 57 57 60 59 62 63 60 60 61
 62 61 61 62 64 62 63 28]","[30 28 24 20 20 22 15 17 15 18 19 18 16 15 15 15 15 16 17 16 16 15 16 16
 16 16 15 16 16 16 16 15 16 16 16 17 16 15 15 17 17 14 14 16 17 18 21 25
 23 22 25 32 35 33 32 32 44 42 38 32 26 26 26 24 17 16 17 18 17 18 17 14
 13 14 13 11 11 12 11 10 10  9  7  6  8  7  6  6  7  7  7  8  8  8  8  8
  8  8  6  6  6  6  6  6  6  6  5  6  7  7  7  7  6  6  6  6  6  5  5  5
  6  6  6  5  5  5  7  8  6  7  7  8  9  9  9  8  8  8  9 10 12 14 15 14
 14 14 14 14 14 14 15 16 18 18 17 16 16 17 17 16 16 16 16 16 17 18 20 21
 20 19 19 21 26 37 54 67 69 63 56 53 53 55 56 57 58 58 57 61 64 61 62 64
 64 61 60 63 65 63 63 28]","[29 28 24 21 23 22 19 21 17 20 22 20 18 17 16 14 16 16 16 16 15 15 16 16
 15 14 14 15 16 17 16 15 15 15 16 17 16 14 14 14 14 15 16 16 16 15 16 17
 16 16 17 19 19 18 21 25 30 29 29 27 25 27 31 31 31 30 32 32 29 25 20 15
 15 16 16 13 11 11 10  8  9 10 10 10 11 10  8  8  7  7  8  9 10  9  8  7
  9  8  8  7  7  7  7  8  7  7  7  7  7  8  7  7  6  6  6  6  6  6  5  5
  7  7  7  6  5  5  6  7  5  6  6  7  7  8  8  8  9  9 10 11 14 16 16 14
 16 16 16 16 15 14 14 15 16 16 16 15 17 19 19 18 18 17 15 16 18 20 19 18
 17 22 27 31 42 58 66 64 62 56 52 51 53 54 55 57 57 56 54 58 61 59 61 65
 63 61 60 62 64 63 64 29]","[29 30 27 25 26 22 22 23 22 24 25 23 22 21 19 17 17 17 17 16 16 16 16 16
 15 14 14 15 16 16 16 15 17 15 14 15 15 14 13 14 13 15 16 15 14 14 16 17
 17 15 13 14 16 17 18 19 18 18 19 19 19 21 25 26 26 27 32 35 35 33 31 28
 26 28 27 23 19 18 18 17 11 12 12 12 11 10 10 11 10  9  8  8  9 10 10 10
  8  8  8  8  8  8  9  9  9  9  8  9  9  9  9  9  7  7  7  6  6  6  6  6
  8  9  9  7  6  5  5  6  6  6  6  7  7  8  8  9 10 10 11 12 14 16 16 15
 16 16 16 16 16 15 15 15 17 17 17 16 18 20 20 19 19 17 16 18 19 20 19 18
 25 27 36 50 61 67 65 60 56 54 53 54 54 53 53 56 57 57 55 59 61 58 60 64
 63 63 63 60 62 63 65 29]","[30 27 23 21 24 23 27 23 26 25 25 24 24 24 23 22 22 20 19 18 19 19 18 17
 16 16 15 15 16 16 16 15 19 17 16 16 16 14 14 14 16 17 17 17 17 17 15 13
 14 14 15 16 16 16 15 16 17 17 18 18 16 16 18 18 20 20 24 26 25 24 24 23
 31 33 33 31 29 31 35 38 23 24 21 16 14 12 11 12 10 10  9  9 10 10 10  9
  8  8  8  9  9  9  9  9  8  8  8  8  9 10  9  9  8  8  7  7  7  7  7  7
  8  8  8  7  6  5  5  5  6  6  6  6  7  7  9  9 11 12 12 13 14 16 16 16
 15 15 16 16 16 16 16 17 17 18 18 18 19 22 23 23 20 20 20 21 18 16 17 22
 32 39 51 63 70 66 58 53 53 53 54 56 54 53 54 58 60 61 61 65 66 62 62 64
 65 67 66 61 60 62 65 28]","[31 25 28 24 25 28 31 26 28 25 24 25 25 24 24 26 27 24 22 21 22 22 20 18
 18 18 17 16 16 16 17 16 17 15 14 15 14 13 12 13 18 16 14 13 15 16 15 14
 13 15 17 17 15 14 15 16 15 15 16 16 13 12 13 13 13 13 15 18 19 19 20 20
 21 22 23 24 24 27 33 37 34 34 32 28 27 26 22 21 15 14 13 13 13 12 11  9
  8  9 10 10  9  9  9 10  9  8  8  9  9  9  9  9  9  9  9  8  8  8  8  8
  8  8  7  7  6  6  6  6  6  6  7  7  7  8  9 10 12 13 13 12 13 15 16 17
 16 15 16 16 16 16 17 18 16 17 17 16 17 20 23 24 21 20 22 24 20 17 22 31
 44 58 65 65 66 65 58 52 54 54 56 57 56 56 59 63 62 64 63 67 69 65 65 64
 66 67 66 62 61 62 64 29]","[29 29 48 40 32 32 32 31 30 27 25 26 26 24 25 29 31 28 24 24 25 25 22 20
 20 19 18 17 17 16 17 17 16 15 15 16 16 15 14 15 16 16 16 17 16 15 14 13
 16 15 13 13 14 16 16 15 14 14 15 15 13 11 13 13 13 12 13 15 16 15 15 14
 15 15 15 15 15 15 17 20 21 24 25 28 32 33 30 27 25 22 18 16 15 15 15 15
 10 10 11 11 10 10 10 10 11 10 10 10 10 10 10  9  9  9 10 10 10  9  9  9
  9  9  8  7  8  8  9  9  8  8  8  8  8  9 11 12 13 14 13 12 12 14 16 17
 17 16 16 16 16 16 17 18 16 17 15 13 12 14 17 19 20 17 19 25 25 24 31 41
 58 69 66 56 56 59 58 57 54 54 54 55 55 56 59 62 61 63 61 63 66 65 65 64
 65 64 64 62 63 62 64 30]","[29 27 65 71 65 61 63 45 47 48 42 34 38 27 23 29 36 33 24 23 29 26 21 25
 20 22 24 22 17 16 19 20 18 14 17 17 16 18 17 16 18 15 15 16 13 15 17 14
 14 14 15 14 14 15 15 16 14 13 13 14 14 13 13 13 13 13 14 15 16 15 13 13
 13 14 14 13 13 14 15 16 14 14 15 18 21 22 23 24 29 25 23 20 18 21 23 19
 17 19 19 18 17 16 14 13 13 12 11 10 10 10  9  9  8  9 10 11 11 11 10  8
  9  8  8  9  9  9 10 12 11 10  9  7  8 10 11 11 11 13 14 13 12 12 14 16
 15 16 16 16 16 16 16 16 15 15 16 18 20 19 18 17 16 19 19 24 34 36 41 55
 65 62 56 49 48 52 57 58 58 58 57 55 52 52 56 61 63 61 57 59 64 64 63 67
 70 67 64 62 62 65 67 28]","[31 29 78 79 75 75 78 69 67 67 65 57 56 50 51 51 51 44 31 28 35 33 27 29
 29 22 23 22 23 21 22 23 25 18 14 19 21 22 23 18 21 17 17 16 15 17 18 15
 15 14 15 15 16 17 15 13 15 14 13 12 13 13 14 14 14 14 14 15 15 14 13 13
 13 13 12 12 12 13 13 13 14 14 14 15 15 13 12 12 14 15 16 16 18 23 25 24
 23 24 25 24 22 21 20 19 15 14 14 14 13 12 11 12 12 12 11 11 11 11  9  8
 10 10 10 10  9  9  9 10 11 10  9  9 10 11 12 12  9 11 11 11 11 12 12 13
 16 16 17 16 16 15 15 15 17 16 15 15 18 20 20 19 16 19 19 25 42 50 52 59
 58 56 52 48 48 52 56 58 62 61 59 56 55 56 56 55 60 58 55 57 62 63 62 65
 69 68 67 64 65 67 68 28]","[28 30 98 98 96 95 93 90 88 83 84 81 82 87 90 81 73 74 68 63 60 52 46 50
 37 28 27 19 20 22 26 29 28 26 22 25 24 21 26 23 21 18 17 17 17 19 20 17
 17 17 16 15 15 16 17 17 15 15 15 14 14 16 17 17 15 14 13 13 13 13 13 13
 14 13 12 12 12 13 13 13 13 12 12 12 13 13 13 13 13 15 16 14 15 16 16 17
 17 19 20 20 19 19 20 20 18 18 18 19 18 16 15 15 15 14 13 13 12 11 10  8
  8 10 10 10  9 10 10 10 10 10 10 10 11 12 12 12 10 10 11 11 12 12 12 12
 16 16 16 16 15 15 16 16 17 18 17 15 15 18 19 18 19 24 26 35 55 64 61 58
 53 51 50 51 52 54 57 60 62 63 62 60 59 59 58 54 57 58 56 57 61 62 60 61
 65 66 67 65 66 68 69 28]","[29 29 96 92 93 93 96 98 99 93 90 87 88 92 91 81 76 78 76 77 83 82 72 66
 55 54 60 41 34 29 29 27 25 28 30 29 26 24 26 26 23 20 20 21 21 20 19 19
 23 21 16 16 17 17 18 17 15 16 16 15 15 16 16 16 15 15 14 13 14 14 15 14
 13 13 13 13 14 14 14 15 15 13 11 10 10 10 11 12 13 16 14 12 14 13 11 12
 13 15 16 16 15 16 17 18 18 18 19 19 19 18 19 20 18 17 17 17 16 15 11 10
  8 10 11 10 10 10 10 10 10  9  9 10 11 10 10 10 10 11 12 13 13 13 13 13
 15 15 15 15 15 16 17 18 17 17 17 17 17 17 18 18 23 32 39 50 66 70 61 53
 53 51 52 55 58 58 58 60 58 61 63 62 60 60 60 61 57 59 59 60 62 63 61 59
 61 64 66 65 66 69 70 28]","[29 27 85 79 82 82 90 93 91 91 89 89 92 95 94 94 96 94 88 87 95 97 86 73
 71 75 85 73 71 68 68 63 50 48 49 39 36 36 26 23 16 15 17 22 24 21 21 25
 25 23 17 20 23 24 25 21 19 19 18 16 15 16 16 16 16 16 16 15 15 16 16 15
 13 13 14 14 13 13 14 16 16 14 12 11 11 10 10 10 12 14 11 11 13 13 12 14
 15 16 16 15 13 13 14 14 15 15 15 15 15 16 17 19 20 19 19 19 19 18 16 14
 13 14 14 13 11 11 10 10 11 10  9 10 10  9  9 10 10 11 13 14 14 13 13 13
 14 14 14 14 15 16 18 20 19 15 14 17 20 19 20 23 32 41 50 59 67 66 59 54
 54 52 53 58 60 59 58 58 56 56 58 59 59 57 60 64 60 62 62 62 62 65 66 64
 62 64 66 65 67 69 70 29]","[29 29 83 81 83 81 84 84 87 89 84 85 89 89 84 88 89 95 96 93 95 96 93 89
 86 82 83 82 87 86 87 82 77 73 75 65 66 72 61 60 63 58 52 48 40 27 19 20
 31 31 24 23 21 20 26 26 24 21 18 16 15 16 17 18 17 18 18 17 18 18 17 15
 13 13 14 15 13 11 12 15 13 13 13 14 15 14 13 13 14 14 12 11 12 12 11 12
 13 14 14 12 11 12 11 11 12 12 11 11 12 12 14 15 17 16 15 15 15 15 15 15
 14 15 16 16 14 13 13 14 13 11 10 11 11 10  9 10 11 11 13 15 15 13 13 14
 15 15 14 15 16 17 19 19 19 16 16 20 19 18 26 36 50 54 58 60 61 59 57 57
 53 52 54 58 60 59 58 58 58 54 54 57 58 56 58 61 66 65 65 63 61 64 67 67
 64 64 65 65 66 68 69 29]","[31 29 80 79 79 79 79 80 83 83 77 80 84 86 80 80 82 85 89 91 92 91 89 88
 89 86 83 89 95 93 94 86 86 85 85 78 78 81 75 79 76 74 69 66 64 58 53 54
 52 53 44 39 31 26 31 31 30 25 20 19 18 16 16 17 18 20 21 21 21 21 18 15
 15 14 15 16 14 12 13 15 14 13 13 13 13 12 11 11 13 12 12 12 11 11 12 12
 12 13 13 12 12 13 12 11 11 10 10 11 12 12 12 12 11 11 11 11 11 11 11 12
 12 12 14 16 16 14 14 17 15 13 12 12 12 11 10 11 13 12 13 16 16 15 14 15
 16 15 15 16 17 18 19 19 18 17 20 23 24 28 40 54 63 62 59 56 54 54 54 54
 52 53 56 58 59 58 58 59 59 58 58 59 58 56 57 59 66 65 66 65 62 63 66 65
 65 63 64 65 66 67 68 29]","[29 27 79 78 77 78 73 76 76 78 76 80 79 83 80 80 82 81 84 87 84 79 80 84
 87 90 83 85 86 89 97 90 90 90 87 85 86 84 81 86 84 84 78 75 78 78 75 75
 74 73 64 66 65 60 59 51 43 36 31 29 26 20 17 17 19 22 24 24 24 24 21 18
 17 15 15 17 17 15 15 17 16 14 13 13 13 14 14 15 14 12 14 15 11 10 12 11
 13 13 12 11 11 11 10  9  9  9 10 12 13 12 11 11  8 10 11 12 11 10 10 10
 10 10 12 16 15 11 11 15 15 13 12 13 13 11 11 12 14 12 13 15 17 15 14 15
 17 16 15 16 18 20 20 19 19 16 17 25 35 46 58 67 64 61 56 51 51 53 52 49
 50 53 56 58 57 56 57 60 58 62 65 64 60 57 58 61 60 60 64 67 64 64 66 65
 66 62 63 65 67 67 67 30]","[29 28 74 75 75 75 75 75 73 75 77 77 74 75 76 75 78 76 80 80 80 81 76 78
 82 78 78 82 81 77 79 84 88 87 88 84 81 79 76 77 80 78 83 82 85 92 90 88
 86 84 84 81 83 77 76 74 71 70 73 72 66 57 39 43 42 31 24 27 23 26 21 14
 17 18 17 16 18 18 16 17 17 14 15 16 16 15 13 14 14 15 18 13 13 13 12 10
 11 11 11 11 11  9  9 12 11 11 12 12 13 12 11 10 10 12 12 11 11 11 11 10
  9 11 11 10  9 10 10 10 10 10 11 11 11 11 11 10 13 13 14 14 14 13 14 15
 15 15 15 15 15 17 20 22 19 21 28 38 48 56 59 58 56 52 51 50 50 53 55 50
 50 55 58 58 57 54 54 57 58 60 59 56 57 59 60 62 58 56 55 59 63 65 65 65
 64 64 63 67 71 72 73 30]","[29 29 74 74 74 74 74 73 73 73 75 76 75 75 76 75 76 76 78 78 77 77 75 75
 74 71 72 77 78 76 76 80 81 79 79 76 74 75 73 74 73 73 77 78 80 87 88 88
 85 90 95 96 94 86 83 84 86 82 81 80 77 76 68 76 79 73 67 64 54 51 42 32
 29 27 21 15 15 22 24 16 16 16 18 15 15 18 16 15 18 16 15 12 12 14 11 10
 13 13 13 13 13 11  9  9 11 13 14 14 12 11 12 13 12 12 11 10 10 11 11 10
 11 11 11  9 10 10 10 10  8  9  9  9 10 10 10  9 11 12 14 13 13 13 14 15
 17 16 15 15 15 15 18 21 25 30 38 46 52 54 55 56 54 50 49 49 48 53 56 54
 55 58 59 59 58 55 55 57 61 60 58 58 60 58 57 59 55 54 56 61 65 65 63 62
 66 68 68 69 70 70 70 27]","[29 29 74 74 73 73 73 72 74 72 72 74 74 74 75 74 72 76 76 77 75 74 76 75
 70 68 69 73 76 75 74 75 73 70 71 71 71 73 71 72 72 72 72 74 74 77 83 84
 81 82 83 88 89 86 83 86 82 81 84 87 86 85 77 82 81 82 82 80 71 70 64 56
 60 56 52 42 32 35 35 24 11 12 14 14 16 21 20 20 18 16 18 16 16 16 15 17
 16 15 13 11 10 11 14 15 15 14 13 12 12 11 10 10 13 13 11  9  9 11 11 11
 12 12 11  9  9 10 10 10  9  9  8  8  9 10 10 10 11 13 14 14 14 16 16 16
 17 16 15 17 16 17 20 24 30 41 49 51 54 54 52 53 51 49 49 48 49 53 57 57
 58 60 60 59 59 58 58 60 66 63 61 63 64 58 54 56 54 53 54 58 62 64 64 64
 67 71 71 70 69 69 70 27]","[29 29 74 73 73 74 75 74 74 69 69 72 73 74 75 76 72 75 75 77 75 70 74 74
 73 72 71 73 75 76 74 72 69 67 70 72 74 75 72 72 74 73 69 72 70 70 78 79
 80 74 67 75 79 82 79 82 78 76 78 82 80 80 75 79 80 83 86 86 82 83 83 81
 76 72 75 76 69 65 65 61 57 51 48 44 39 33 25 24 22 18 20 18 20 16 16 18
 17 16 15 14 12 15 15 12 17 15 13 14 16 17 16 13 14 14 13 11 10 11 12 12
 13 12 10 10 10 11 11 11 11 10  9  9  9 10 10 10 11 14 15 15 15 17 18 17
 16 15 16 18 18 19 24 30 41 54 57 52 53 54 52 52 50 50 50 50 51 54 56 55
 57 59 59 59 60 60 61 64 70 68 66 67 65 57 51 52 53 50 49 54 59 64 66 67
 68 70 69 67 66 66 70 30]","[29 29 74 72 74 76 78 77 72 68 69 74 75 76 77 76 73 75 73 77 74 66 69 71
 75 75 74 73 74 75 74 73 71 70 72 74 74 74 70 71 70 69 66 71 71 70 75 75
 74 71 68 75 76 76 72 76 73 72 72 76 74 76 75 79 80 80 82 81 80 79 83 85
 92 86 82 85 85 80 76 78 72 67 66 65 63 58 51 50 57 40 35 24 30 23 24 24
 20 17 13 12 14 18 18 15 15 15 15 15 15 15 15 14 13 15 16 14 11 11 12 13
 13 11 11 11 12 13 12 12 12 10  9  8  9 10 10  9 11 13 14 14 15 16 17 16
 17 16 16 18 20 24 33 41 58 63 58 51 52 51 50 51 54 54 52 51 53 55 54 53
 55 57 59 59 60 60 61 65 68 70 70 68 64 56 51 51 50 47 47 51 58 63 67 68
 71 70 67 66 65 65 69 30]","[29 29 73 72 75 79 80 78 73 72 74 78 78 77 75 73 73 73 73 76 73 68 70 73
 73 73 72 71 72 74 74 74 75 72 74 72 70 68 67 71 67 65 65 69 71 71 72 70
 66 67 68 72 73 70 68 71 67 68 71 77 74 75 74 75 76 74 75 74 76 75 79 83
 87 86 81 79 81 79 77 80 80 81 82 78 77 77 72 69 76 66 68 61 64 48 39 32
 31 29 22 16 15 15 16 19 18 17 16 17 18 18 16 14 13 16 17 15 13 12 13 13
 13 12 12 13 14 14 13 13 13 11 10 10 10 10 10 10 11 12 13 14 15 15 15 16
 17 17 18 21 28 36 47 54 65 59 51 50 51 48 47 53 56 56 53 51 54 55 54 54
 54 58 59 59 59 59 60 65 67 71 70 66 61 57 53 52 51 48 46 48 53 59 66 70
 76 76 72 70 69 69 70 28]","[29 29 73 73 76 80 80 77 76 75 77 78 77 76 74 72 73 73 75 74 73 73 74 77
 72 71 69 69 71 74 75 76 77 75 75 72 67 65 66 72 69 65 66 67 68 70 70 68
 66 65 67 68 71 69 68 70 70 70 70 74 69 70 73 74 72 71 70 66 69 69 73 76
 78 79 78 76 73 73 74 75 73 77 82 80 81 85 86 88 87 79 77 73 71 65 61 62
 60 63 58 52 49 38 30 32 23 19 17 17 21 22 19 15 15 17 18 16 14 14 15 14
 15 13 13 15 16 15 14 14 13 13 12 12 12 12 12 12 12 11 13 15 17 16 16 17
 17 20 24 30 41 51 57 59 57 50 46 48 50 50 50 53 54 56 54 52 55 56 54 55
 55 58 60 60 60 59 61 65 69 71 68 63 60 57 53 51 52 49 46 46 47 53 63 71
 79 82 78 73 72 74 74 28]","[29 29 74 73 77 80 79 75 75 75 76 76 75 76 77 75 76 76 78 72 71 76 75 76
 74 71 69 70 73 75 77 77 77 76 77 73 68 65 67 74 72 66 66 64 65 71 71 72
 67 67 70 67 70 65 66 67 67 68 69 73 66 66 68 68 71 71 69 61 64 65 71 73
 71 65 67 70 68 72 76 73 67 67 72 72 70 70 73 81 82 76 71 75 74 79 75 78
 74 75 68 67 73 63 48 46 45 42 38 35 33 31 27 24 18 18 18 16 16 16 17 16
 16 15 15 16 16 15 15 15 13 13 13 13 13 13 13 14 12 10 12 16 17 16 16 18
 20 24 30 39 50 58 58 53 50 48 48 48 50 54 56 53 50 54 55 54 57 57 55 56
 56 58 59 59 60 61 63 67 73 70 64 60 58 55 50 47 48 49 49 48 47 51 60 69
 78 84 80 72 71 76 78 29]","[28 29 74 73 76 78 77 76 77 75 74 75 76 76 76 77 75 74 74 74 75 76 77 78
 75 73 75 75 74 79 81 74 76 77 75 74 71 68 71 72 72 66 63 65 68 72 74 72
 72 72 73 72 69 66 66 67 69 69 70 70 68 65 66 69 72 70 65 59 60 66 69 68
 66 65 64 63 65 71 71 67 60 60 61 58 56 61 66 63 60 61 66 70 70 67 67 69
 74 71 66 65 71 75 73 70 70 63 58 56 54 47 41 44 46 43 38 31 25 24 23 20
 21 20 17 16 16 17 16 15 16 16 14 15 15 14 16 15 15 15 16 14 17 14 17 20
 24 28 38 51 58 54 49 48 46 47 50 52 53 53 54 55 56 53 54 57 56 56 57 58
 58 60 63 63 67 69 65 66 69 71 66 59 56 53 48 47 49 50 46 46 48 49 51 67
 80 81 83 74 70 79 79 29]","[31 30 74 76 81 81 78 77 77 76 76 76 76 76 75 74 69 70 72 74 75 75 74 73
 75 74 75 76 76 81 81 75 74 76 75 74 71 69 73 76 74 69 67 69 71 74 75 74
 75 74 72 70 68 67 67 67 68 68 69 69 68 67 66 66 67 67 66 65 65 67 66 63
 65 67 65 61 62 69 69 60 59 61 64 63 60 62 64 61 59 61 64 67 67 64 61 59
 55 59 61 62 65 66 65 65 69 66 65 63 60 58 61 71 71 65 59 54 49 46 42 37
 32 30 28 25 23 21 19 17 16 15 12 14 16 16 18 17 14 17 17 12 14 18 22 25
 30 43 55 58 53 49 48 47 48 51 53 54 55 56 57 56 53 51 52 55 56 57 58 59
 63 61 61 62 69 72 67 65 66 66 63 58 56 53 49 47 46 48 46 46 45 47 48 62
 87 86 84 76 71 74 75 29]","[29 27 71 74 77 76 74 76 80 79 78 76 75 75 74 71 69 71 73 74 74 73 73 73
 72 74 74 73 75 78 77 73 74 76 74 73 69 68 74 79 78 73 72 73 73 74 75 75
 76 74 70 67 67 68 69 69 69 69 68 68 69 70 67 64 67 67 67 67 67 68 67 66
 64 65 64 60 60 65 64 56 57 60 65 64 60 59 59 58 58 60 62 63 65 65 60 55
 55 57 57 57 59 58 56 56 58 60 64 64 61 59 62 73 73 67 63 63 64 63 59 52
 49 47 45 43 39 34 31 29 27 25 19 18 18 18 18 16 16 15 13 15 16 19 25 35
 42 51 58 55 49 47 49 51 50 54 55 53 54 56 56 54 50 48 50 54 55 57 58 59
 60 58 57 59 67 72 67 64 62 59 57 56 53 50 48 45 45 48 48 48 45 47 47 56
 86 87 81 75 72 71 74 29]","[29 29 75 74 74 73 75 79 82 81 78 74 73 74 74 72 73 75 77 76 74 72 72 74
 75 77 76 74 76 77 76 76 77 78 74 72 68 67 74 78 79 74 72 74 73 72 73 73
 75 73 68 66 67 71 72 72 70 68 67 67 70 72 69 65 67 68 67 65 65 68 68 66
 61 59 60 62 62 62 60 57 56 58 61 61 58 57 57 57 58 58 59 61 64 64 60 56
 60 59 57 57 58 56 54 54 53 54 59 60 59 55 52 57 62 59 59 61 65 68 66 60
 59 59 59 58 54 49 45 45 42 39 33 30 29 28 29 27 26 22 17 23 23 26 30 43
 48 45 46 49 49 46 48 52 52 54 55 54 53 53 52 50 49 49 53 56 56 56 58 58
 58 59 61 62 68 72 67 65 64 58 57 58 55 52 50 47 46 48 49 49 45 49 48 53
 83 87 77 71 72 73 76 28]","[29 32 77 74 74 74 77 80 80 80 77 74 74 76 76 74 74 78 82 81 77 72 71 72
 76 79 78 75 75 76 77 79 80 80 75 73 71 69 73 75 76 71 70 72 72 72 73 72
 74 72 69 68 69 72 74 74 67 67 67 68 72 75 71 66 64 68 68 64 64 66 63 58
 60 58 61 64 64 63 61 59 58 59 59 59 60 60 59 60 59 57 57 60 61 59 57 57
 60 60 59 59 58 53 51 53 51 51 54 54 54 52 48 50 54 55 55 55 56 59 57 51
 58 60 62 62 60 55 52 52 60 58 51 46 40 36 36 35 40 39 32 33 33 38 39 44
 42 38 40 46 48 43 44 49 53 54 55 57 55 52 50 51 51 53 58 60 57 56 57 58
 63 67 71 72 75 76 70 67 65 58 56 57 54 52 51 49 46 46 45 44 42 47 48 52
 89 88 75 71 74 75 77 27]","[27 30 75 74 76 78 77 76 79 79 78 78 78 80 79 77 77 80 82 81 76 73 73 75
 75 76 77 75 73 75 78 80 80 80 77 77 76 73 74 73 72 69 69 71 72 74 74 72
 73 72 71 71 72 72 73 73 66 68 70 73 75 75 72 68 64 67 67 64 64 66 64 59
 61 63 66 67 65 66 65 62 60 62 60 60 64 64 61 60 57 55 56 58 58 56 57 59
 62 58 54 55 56 53 51 52 45 47 52 52 52 51 47 49 53 55 56 54 52 53 52 48
 55 57 60 59 57 54 52 51 51 53 50 49 46 45 48 49 46 43 38 40 43 45 44 45
 39 37 38 42 44 45 46 47 50 51 54 57 56 52 51 53 54 57 61 62 57 55 56 57
 63 68 72 73 76 76 68 63 60 54 51 51 50 48 47 46 47 45 41 39 39 45 47 54
 94 85 73 73 77 76 76 30]","[28 30 76 77 80 81 79 79 81 81 80 81 81 82 81 80 81 81 80 77 75 75 76 78
 76 76 78 78 76 78 81 81 80 79 76 78 78 76 76 73 70 70 71 72 72 74 74 71
 71 68 68 72 74 72 71 71 68 69 72 74 74 73 71 71 68 67 65 64 65 66 67 66
 63 63 66 67 64 64 65 65 62 64 61 60 64 65 60 57 54 55 56 58 58 57 58 61
 60 53 48 51 57 57 55 56 45 50 56 56 55 53 48 48 47 46 48 50 48 47 47 46
 52 55 56 53 51 51 50 49 47 49 48 47 44 42 45 45 45 40 40 44 51 48 46 46
 42 41 39 39 42 47 48 47 46 49 53 56 55 53 53 56 57 59 62 62 57 56 57 57
 61 67 74 73 72 70 62 58 57 54 50 48 49 47 46 46 45 47 43 41 42 46 46 57
 88 77 73 75 77 77 76 31]","[29 29 76 78 80 79 81 84 84 82 80 80 81 80 80 81 80 79 78 77 77 77 76 75
 77 75 79 80 77 79 82 79 81 79 75 76 77 76 77 76 70 72 74 73 72 73 72 68
 67 64 65 71 74 72 70 70 70 70 71 71 69 68 70 73 71 67 64 66 66 64 63 65
 61 58 61 65 62 59 61 66 63 66 62 58 62 63 59 55 53 56 58 58 57 58 59 59
 57 54 53 56 59 55 52 53 50 53 56 56 56 55 49 49 50 46 48 52 51 48 47 48
 50 53 53 49 47 48 49 47 47 49 47 46 43 39 40 39 44 45 47 45 53 52 50 44
 44 44 44 44 44 45 45 46 45 49 54 56 55 55 57 58 60 61 63 62 59 59 60 60
 65 74 82 77 71 66 59 58 56 55 50 47 48 46 44 45 43 48 46 45 46 48 46 57
 79 73 76 76 76 79 76 28]","[31 28 81 82 80 83 85 86 87 85 82 80 80 79 78 80 81 77 75 78 76 75 80 83
 82 80 79 80 80 80 80 81 81 82 79 77 76 76 78 76 73 78 79 78 76 74 72 73
 73 69 68 72 74 73 72 73 71 73 73 72 70 71 72 73 70 68 65 66 67 64 62 64
 65 63 64 64 60 60 64 65 65 66 65 62 59 58 56 55 56 59 62 61 59 59 60 61
 58 57 54 54 57 58 58 58 55 57 58 58 56 53 51 51 50 49 50 52 53 54 52 51
 52 53 52 47 45 48 48 46 44 46 47 44 40 38 39 39 39 42 45 47 49 49 49 48
 47 46 45 44 45 47 49 50 47 48 51 54 56 58 59 59 59 60 58 58 60 58 59 65
 76 80 81 74 68 64 60 56 58 52 47 46 46 45 44 44 47 46 49 51 50 51 58 63
 76 75 75 76 75 77 76 28]","[32 29 82 83 81 85 88 88 86 83 80 81 83 80 78 81 79 81 81 79 75 75 83 85
 84 83 82 81 80 81 82 83 82 84 81 80 80 80 81 78 76 79 80 81 82 80 77 77
 76 74 74 76 77 76 75 75 75 76 75 73 73 74 75 74 74 70 66 66 68 66 64 65
 66 65 65 64 60 61 65 65 64 63 63 63 61 59 58 60 62 63 62 61 59 59 61 62
 56 54 54 56 56 55 56 59 56 57 57 58 56 54 54 55 52 51 49 49 51 55 56 56
 54 54 51 47 46 47 47 44 44 45 44 42 39 37 37 37 41 44 46 46 46 48 48 47
 45 44 43 43 45 47 50 51 50 51 53 55 56 57 57 57 56 57 56 56 58 57 59 66
 77 82 85 81 72 64 59 56 58 54 48 45 43 43 44 47 47 48 50 49 46 52 64 74
 73 73 74 76 77 78 78 29]","[29 29 81 83 81 85 87 87 86 82 81 84 86 82 79 81 82 89 90 85 79 82 90 89
 83 83 82 81 80 81 83 85 86 86 82 81 81 80 81 78 80 81 82 84 85 82 79 78
 82 81 80 79 78 78 78 78 80 80 78 76 77 78 78 77 76 72 68 67 70 69 65 65
 66 67 68 65 62 64 66 65 64 62 61 62 62 60 60 62 62 60 59 59 58 57 58 59
 54 50 53 58 56 54 55 55 53 53 55 57 57 56 56 57 52 51 48 46 48 53 56 56
 52 51 49 47 46 46 45 44 45 44 44 44 42 38 35 35 41 45 46 45 45 48 50 49
 45 44 42 42 45 48 51 53 53 54 56 57 57 56 55 54 54 55 55 57 59 59 63 71
 81 82 82 79 72 63 58 57 56 53 49 44 41 40 44 48 48 47 46 44 46 57 71 79
 73 72 73 75 76 79 79 30]","[29 29 82 83 80 83 84 84 86 85 84 86 87 83 80 81 83 89 88 83 80 85 89 84
 81 81 81 81 82 84 86 88 88 87 81 81 82 83 84 80 82 82 82 84 86 82 79 80
 83 83 81 76 73 74 77 78 82 82 80 78 79 81 80 78 76 74 70 69 71 70 66 64
 66 70 72 69 66 67 67 64 66 63 61 61 62 62 61 61 57 56 57 60 60 58 56 57
 56 51 55 60 58 56 55 50 49 50 53 57 58 57 56 57 53 51 49 48 49 50 51 52
 49 48 48 47 46 45 46 47 46 45 46 47 45 40 37 36 39 44 46 45 45 49 51 50
 47 45 43 43 46 49 53 55 54 55 57 58 57 56 54 52 54 55 58 60 61 62 70 79
 82 79 76 74 73 68 60 55 53 52 49 46 44 43 45 46 47 45 43 42 48 61 73 77
 76 74 72 73 74 78 79 29]","[30 30 85 86 82 82 83 83 82 86 86 84 83 82 80 80 82 85 85 83 81 83 85 80
 80 81 81 82 85 88 89 89 88 86 81 82 85 87 88 84 82 82 81 83 85 83 81 84
 85 86 84 78 75 76 79 81 83 82 80 79 80 81 79 77 76 75 72 70 71 70 67 66
 69 75 76 72 70 70 69 66 67 65 62 60 62 65 63 59 57 56 59 63 64 62 59 59
 58 56 59 61 58 58 58 52 51 51 52 56 57 56 55 56 56 52 51 53 53 50 49 51
 49 49 49 49 47 46 48 50 48 46 45 46 44 41 39 40 38 43 47 47 47 49 50 49
 47 46 45 46 49 52 54 54 53 54 55 57 57 56 54 53 55 58 62 63 62 66 75 82
 81 79 76 76 76 73 64 54 53 51 50 48 48 48 48 47 43 44 45 45 50 63 74 76
 78 75 73 73 76 81 80 29]","[29 31 87 88 83 83 83 83 79 86 87 83 81 81 81 81 84 87 87 87 84 83 85 83
 81 83 84 84 86 89 90 89 88 86 81 83 85 85 85 82 84 84 83 83 83 82 82 84
 85 87 87 83 79 79 81 83 84 84 82 81 81 81 79 77 79 79 75 71 72 73 72 72
 72 76 75 72 72 73 70 67 66 65 63 61 64 68 66 60 59 59 61 64 65 63 61 60
 59 60 63 60 56 58 61 59 55 52 51 53 53 51 51 53 56 53 52 54 54 51 51 52
 51 51 50 49 47 46 47 50 49 45 42 41 41 41 41 43 41 45 49 50 50 50 49 47
 44 45 47 49 52 54 53 52 52 52 53 55 56 57 57 56 61 63 65 64 63 70 79 83
 80 80 78 75 73 70 64 57 54 52 49 48 49 50 49 47 43 43 44 46 54 68 76 75
 77 76 76 77 80 84 82 29]","[28 30 86 87 83 83 83 81 79 85 87 84 82 81 82 83 85 86 87 88 85 83 85 84
 82 85 86 86 86 87 88 88 87 86 82 82 82 81 83 82 87 87 84 82 83 82 82 83
 82 83 84 82 79 79 80 81 84 85 84 82 81 82 81 79 81 82 78 75 76 78 77 76
 73 75 73 72 76 76 71 67 65 65 65 64 67 69 67 63 61 63 64 64 63 62 61 60
 61 62 62 61 60 61 62 62 58 54 51 53 53 51 52 54 56 55 55 54 54 54 54 54
 52 52 50 48 47 47 48 49 49 45 41 39 41 44 45 45 44 46 49 52 52 50 48 47
 45 46 48 51 53 54 53 51 53 54 54 54 55 57 61 63 68 68 68 65 66 76 84 85
 81 80 76 73 69 64 60 57 54 53 50 48 48 49 48 47 45 44 45 49 59 73 78 75
 77 78 80 80 81 84 82 29]","[29 30 85 86 83 84 82 80 79 84 86 84 83 81 81 84 87 87 86 87 85 85 86 83
 83 87 89 87 85 86 88 88 87 86 82 81 80 80 85 88 87 87 84 82 84 85 84 85
 83 83 83 82 81 80 82 84 82 83 83 81 81 81 82 81 80 82 80 77 79 81 79 76
 73 74 72 74 82 81 72 66 66 66 66 68 69 69 67 65 64 67 68 67 66 64 62 61
 65 63 61 63 67 66 63 62 60 56 55 57 58 57 57 59 58 60 60 56 56 58 58 54
 53 52 50 48 47 49 50 50 49 46 41 41 45 49 48 45 43 44 47 51 52 49 48 48
 48 48 48 50 52 53 53 52 56 56 56 55 55 58 64 69 72 70 68 65 67 80 89 86
 81 78 75 74 70 62 56 54 53 54 53 50 48 48 47 46 44 47 51 56 63 73 80 80
 79 81 82 81 80 82 80 29]","[29 30 82 83 88 83 81 82 85 80 87 88 80 80 82 81 86 84 85 88 89 87 85 86
 86 88 90 89 87 87 87 88 86 83 82 85 86 86 86 89 89 87 86 86 86 87 88 90
 84 84 82 82 83 82 80 82 82 82 82 80 81 82 80 81 83 81 80 81 82 82 79 76
 75 75 75 75 74 73 72 70 73 71 71 72 72 70 68 66 69 70 74 74 69 65 64 64
 66 66 64 64 67 67 64 63 61 56 54 58 61 61 59 55 53 59 62 60 58 58 58 56
 56 53 50 48 48 51 52 48 50 47 46 46 48 50 46 38 39 40 45 50 50 48 48 48
 49 50 51 52 54 55 55 54 56 59 58 56 56 58 61 65 68 68 70 72 75 81 83 80
 79 76 72 70 66 60 56 55 53 54 55 48 45 47 45 43 45 48 54 61 69 75 78 79
 81 81 81 81 79 81 82 29]","[28 30 83 83 86 83 83 87 87 86 89 88 86 84 80 81 88 85 84 86 87 85 85 86
 83 84 85 85 85 86 86 86 84 82 83 86 88 88 87 87 88 87 87 88 89 90 89 90
 82 84 84 83 83 81 80 82 80 81 82 81 83 85 83 84 85 84 83 83 82 81 78 76
 74 75 76 76 75 74 74 74 74 72 71 73 73 71 68 67 68 68 71 73 70 68 70 71
 71 70 68 68 71 71 67 66 62 58 59 62 64 63 61 56 55 61 63 61 59 59 59 57
 56 54 52 51 50 51 52 50 53 50 48 47 48 49 46 41 37 41 47 51 49 46 47 48
 52 53 53 53 55 56 57 56 56 58 58 58 60 61 62 64 68 71 74 74 74 78 79 76
 77 73 68 64 60 57 55 54 51 52 54 50 47 47 45 45 46 49 57 67 73 76 79 82
 82 82 81 81 80 81 82 28]","[29 29 82 81 83 81 83 87 87 90 90 88 91 87 79 83 89 86 85 85 86 85 84 86
 83 83 83 84 86 87 87 86 86 85 84 85 87 89 89 89 88 88 88 89 89 88 86 84
 83 87 88 87 85 82 81 84 81 81 83 83 85 86 82 84 83 83 83 83 83 81 79 78
 76 78 80 79 78 76 77 79 76 74 73 75 76 75 73 72 69 67 70 73 73 72 73 75
 75 72 68 68 72 72 69 68 65 63 64 67 66 65 62 58 61 64 66 63 59 58 57 55
 57 54 55 56 54 53 54 53 54 51 50 49 48 48 48 47 40 45 51 53 49 48 50 52
 57 56 55 54 55 57 58 58 58 57 57 60 64 65 64 65 66 73 79 78 75 76 77 73
 72 69 63 58 55 54 52 51 48 48 51 51 50 49 47 49 48 51 59 72 80 81 81 82
 82 82 81 81 80 82 83 29]","[30 29 81 80 81 79 81 82 85 88 88 85 89 87 80 85 90 87 86 87 87 86 86 86
 82 82 82 83 85 85 85 85 87 87 86 85 86 88 88 87 86 86 87 88 88 86 83 82
 87 90 91 89 87 84 83 86 88 87 88 88 89 87 82 83 82 82 83 84 84 83 81 80
 80 81 82 82 80 78 80 82 78 76 74 74 75 75 75 74 72 69 71 76 76 73 73 73
 74 71 67 66 70 71 70 70 68 67 68 68 66 64 63 61 65 66 66 64 61 60 58 57
 58 55 57 60 59 57 57 57 56 54 54 53 50 49 49 49 45 48 52 53 50 52 56 57
 59 58 57 56 56 57 59 59 59 57 56 59 64 65 64 67 67 74 80 78 75 75 73 67
 65 63 59 54 52 52 50 48 46 45 49 51 52 51 49 50 48 53 64 76 83 84 82 81
 82 82 81 82 81 83 84 30]","[30 29 84 82 81 79 81 81 83 83 86 84 84 85 84 86 88 87 87 88 89 88 87 87
 84 84 84 85 85 84 84 85 86 89 91 90 89 88 85 82 82 83 86 88 88 87 86 86
 90 91 90 88 87 85 85 89 89 87 88 89 91 87 82 83 84 83 83 84 85 84 82 80
 82 81 81 81 80 79 80 82 84 81 77 75 74 75 76 76 76 72 73 76 76 74 72 71
 72 72 70 69 71 71 71 71 71 70 70 68 65 65 66 65 66 65 65 65 65 64 64 63
 60 57 59 63 63 61 60 60 59 58 58 57 52 48 47 46 47 48 50 51 52 55 59 58
 59 59 58 57 57 57 58 58 58 57 57 60 64 64 65 69 73 77 80 78 75 73 68 59
 58 57 54 51 51 52 50 47 46 45 48 48 50 51 48 48 45 58 73 80 81 81 82 82
 81 82 81 82 81 84 84 30]","[29 30 88 86 81 79 83 85 82 82 87 87 83 85 88 88 86 86 87 88 89 89 87 87
 85 85 86 87 86 84 84 86 89 91 92 91 90 89 87 85 82 83 86 88 89 89 89 90
 89 90 89 87 87 86 87 91 86 83 85 88 90 88 83 86 84 83 82 83 84 84 83 81
 82 81 81 82 82 80 80 82 87 85 81 77 76 78 80 80 79 75 73 74 74 74 74 73
 70 73 74 74 75 73 71 72 73 72 71 68 65 66 69 68 66 65 65 65 66 65 65 65
 64 61 62 65 64 61 60 59 58 57 58 57 53 50 48 46 47 46 49 52 54 57 58 56
 58 59 59 58 58 58 58 57 58 60 61 64 67 68 69 73 81 81 82 81 79 76 68 58
 54 53 50 49 49 49 49 48 45 45 48 48 48 49 47 48 52 64 76 80 80 81 81 81
 81 82 81 83 82 84 84 29]","[29 29 87 85 81 80 85 85 80 82 88 88 86 87 87 87 85 85 86 88 89 89 88 87
 85 84 85 86 85 83 84 86 93 92 90 89 90 91 91 90 87 86 87 89 91 91 90 90
 89 90 90 88 88 87 88 91 88 85 86 90 93 90 86 89 85 84 84 84 84 84 83 83
 84 83 83 85 85 82 81 82 84 83 81 78 77 78 80 81 80 76 74 73 73 75 76 74
 70 73 75 75 76 75 73 73 73 72 72 69 67 68 69 68 67 66 66 66 65 63 63 66
 66 63 64 65 62 59 59 58 57 57 57 55 53 54 54 51 49 48 50 54 55 56 57 57
 57 58 60 60 59 59 58 57 59 62 65 66 69 71 74 78 83 82 83 82 79 74 66 57
 52 50 48 47 46 45 44 44 43 43 49 50 49 48 48 53 65 71 77 80 82 82 81 79
 81 81 81 83 83 84 84 28]","[31 28 82 81 79 80 83 81 76 80 87 87 88 88 84 84 86 86 86 87 89 89 89 88
 88 87 87 89 89 88 88 90 91 89 88 89 91 92 92 90 90 89 88 91 93 94 93 92
 88 90 91 89 88 86 86 90 90 86 86 89 91 87 83 86 89 89 88 87 85 83 83 83
 85 84 86 88 86 82 80 82 88 88 86 83 80 80 81 81 80 77 75 73 73 76 77 73
 71 73 73 74 75 75 75 76 72 72 72 70 68 68 68 65 66 66 67 67 64 62 64 68
 66 64 65 64 60 57 58 58 60 59 58 56 54 57 58 55 52 50 51 55 54 54 56 58
 57 59 60 61 60 59 59 58 59 63 64 64 67 72 77 81 81 80 80 79 73 65 57 50
 51 49 48 48 46 42 39 39 40 40 48 53 51 48 51 60 73 75 79 82 82 81 81 82
 79 80 81 83 83 85 84 28]","[29 28 85 82 81 82 84 84 83 82 87 83 83 86 81 82 85 83 85 88 90 89 89 90
 88 85 85 88 91 91 89 88 87 86 86 90 92 91 90 90 91 92 90 90 92 94 94 95
 91 90 87 88 89 87 89 89 87 87 87 87 87 86 86 86 90 87 88 90 88 82 80 82
 87 85 84 83 84 84 85 86 84 85 86 84 82 80 79 80 81 77 74 77 79 75 74 77
 75 75 75 75 74 73 74 75 71 73 71 67 68 67 70 66 65 68 71 72 69 65 64 66
 65 64 66 67 61 57 58 61 61 60 58 56 56 57 57 56 53 53 56 58 54 55 58 57
 58 58 60 61 60 58 56 57 60 63 65 70 74 76 82 84 78 76 76 73 67 64 60 53
 47 48 48 48 45 42 40 40 41 42 45 49 50 50 56 66 75 79 82 82 81 82 81 78
 79 81 85 87 89 88 87 29]","[29 29 87 85 84 87 89 89 89 88 90 82 80 84 80 81 82 84 88 90 90 90 89 89
 86 84 82 85 89 92 93 93 86 81 81 88 92 91 89 89 95 94 91 90 91 91 93 98
 95 92 87 89 91 91 91 90 88 88 88 89 88 87 87 87 84 84 86 89 89 86 85 87
 91 89 86 84 83 84 86 87 86 85 83 82 82 82 81 80 82 80 78 80 81 77 73 75
 77 76 75 74 73 72 72 74 73 73 71 71 75 73 74 68 72 72 72 71 69 67 65 64
 64 64 66 66 62 59 60 60 59 59 58 56 55 55 57 58 56 56 58 59 56 55 55 53
 56 59 63 64 61 57 57 59 61 64 66 71 74 75 77 76 66 65 68 69 66 63 56 47
 46 46 46 45 43 41 40 40 38 33 38 47 48 53 65 75 76 81 83 82 80 81 80 79
 80 82 85 86 89 89 88 30]","[29 30 88 86 86 89 91 91 86 86 88 82 81 86 86 88 86 85 84 84 87 91 90 86
 86 84 82 83 88 93 94 94 92 86 85 91 94 90 88 90 93 92 92 92 92 88 90 96
 97 94 89 90 91 91 93 91 88 88 89 89 88 87 88 89 84 85 87 88 88 87 88 89
 91 90 89 88 87 86 85 85 84 83 81 80 80 81 81 81 80 81 81 81 82 79 76 76
 78 77 74 73 71 71 72 73 73 74 74 74 76 71 73 71 73 73 71 68 65 63 61 59
 56 57 60 61 60 60 61 61 58 60 60 59 56 56 57 58 58 58 61 60 57 55 54 51
 53 58 63 65 63 60 61 64 63 65 67 72 76 76 76 73 68 63 61 62 61 61 57 49
 45 45 45 44 43 42 41 40 43 35 38 44 47 59 73 76 75 79 82 81 80 81 82 82
 81 81 83 84 88 88 88 30]","[29 29 87 85 84 87 89 89 87 86 87 85 85 88 87 90 91 87 83 82 86 90 89 85
 87 86 85 85 89 93 93 91 93 90 89 91 89 84 84 88 89 91 93 93 91 87 88 94
 95 95 92 92 91 90 93 93 89 89 89 90 90 90 90 91 89 90 90 88 87 87 89 90
 88 88 89 90 90 89 87 85 83 84 84 82 80 79 81 82 80 83 83 81 81 81 79 80
 80 78 75 74 73 72 73 75 73 74 74 73 72 66 71 73 75 75 72 66 60 57 54 52
 48 50 53 56 57 60 62 61 58 61 64 64 61 59 57 57 57 59 61 60 57 56 54 52
 54 57 62 64 65 64 64 65 66 68 68 73 76 75 75 72 73 65 59 56 54 56 57 52
 45 46 46 45 44 44 43 41 41 39 39 41 52 72 81 77 76 79 81 81 81 83 84 84
 81 81 82 83 87 87 87 28]","[29 29 86 84 83 86 88 88 89 86 87 87 87 86 86 89 91 89 88 89 90 89 89 89
 88 88 87 88 90 93 93 90 91 90 89 88 86 84 85 87 91 94 95 92 89 88 91 96
 95 96 94 93 92 91 93 92 88 88 88 90 92 93 93 93 91 92 92 89 88 89 90 91
 88 87 85 86 89 90 89 88 86 87 88 87 83 81 81 81 83 86 85 82 82 82 81 80
 82 81 79 77 76 74 75 75 75 74 74 74 74 69 73 74 75 72 65 58 53 50 47 43
 45 46 50 53 55 59 62 61 61 64 66 67 65 62 59 57 56 59 60 59 58 57 57 57
 58 61 64 65 65 65 65 66 71 73 72 74 73 70 69 65 66 59 55 53 51 51 51 47
 45 46 47 46 45 45 43 41 39 42 39 44 63 81 83 78 81 82 82 82 83 83 83 81
 82 81 82 83 87 88 87 28]","[29 29 87 85 85 88 90 90 89 85 84 85 85 85 87 91 92 88 86 88 90 90 90 91
 89 88 88 89 91 93 94 93 92 90 88 87 87 88 88 87 89 94 95 93 91 90 91 93
 95 95 91 92 93 93 92 88 86 85 86 89 92 93 93 93 91 93 93 92 90 89 89 89
 88 86 85 87 90 91 89 87 89 89 88 88 87 84 81 78 82 86 85 83 84 84 82 80
 83 82 81 80 77 75 74 75 77 78 79 78 77 69 72 73 69 62 52 47 47 47 43 39
 40 41 44 48 50 54 59 60 64 65 66 66 65 63 62 60 59 62 61 59 60 61 61 61
 58 62 66 66 65 65 68 70 73 75 73 74 71 65 63 59 57 53 53 53 51 50 50 47
 45 46 46 47 46 44 43 43 44 47 45 54 74 82 78 78 82 82 81 82 83 83 82 81
 82 81 82 82 86 87 87 29]","[29 29 88 87 88 90 91 91 90 89 86 84 83 83 87 90 94 88 83 84 89 92 92 90
 89 88 89 90 92 92 92 93 91 89 87 88 89 88 87 86 85 89 92 94 94 92 90 92
 94 94 90 90 92 92 91 86 86 87 89 91 92 92 92 92 94 93 93 91 90 88 88 89
 87 87 88 90 91 90 88 86 88 88 88 88 88 86 84 81 84 85 83 82 83 84 82 81
 81 82 82 81 78 76 75 76 77 79 81 78 75 66 68 68 64 57 50 48 48 47 44 41
 36 36 38 42 43 47 52 56 63 64 65 65 65 64 64 63 62 64 60 58 62 64 62 61
 56 61 65 66 65 67 70 73 71 72 69 69 66 61 59 56 53 49 50 51 50 50 52 50
 47 46 47 49 48 45 44 46 50 51 55 66 79 80 78 82 81 81 81 81 82 84 84 84
 85 83 83 82 85 86 86 29]","[29 29 89 88 88 90 90 89 88 92 90 86 84 86 92 93 90 89 88 87 90 93 92 89
 89 89 90 92 92 90 89 89 89 88 90 92 91 88 88 91 86 87 89 93 95 93 92 96
 93 94 92 91 91 91 91 88 91 92 94 95 94 92 92 93 95 93 91 89 88 88 89 91
 91 90 89 89 89 89 89 89 87 89 91 91 90 88 89 89 89 88 84 81 82 83 82 81
 80 81 82 82 80 78 79 80 77 77 75 74 74 68 68 64 60 56 53 51 48 43 39 38
 39 36 38 40 39 40 46 50 60 63 65 66 66 66 65 65 62 63 58 56 62 65 62 59
 58 60 63 64 66 69 70 70 70 69 64 63 61 57 56 54 49 45 46 49 48 48 49 47
 49 47 48 51 50 46 46 49 55 57 65 73 77 77 79 80 83 83 82 82 83 84 86 87
 88 87 85 84 85 86 86 29]","[29 29 88 88 89 91 91 90 89 89 88 88 90 91 90 90 93 93 93 92 91 91 90 89
 90 91 92 93 92 90 89 88 88 91 94 94 93 94 93 92 92 90 90 93 93 90 92 96
 93 93 90 90 91 90 90 92 96 95 95 95 96 96 95 94 95 92 90 90 90 89 90 91
 94 91 87 91 90 92 88 88 88 88 93 94 90 88 91 92 93 87 84 83 82 81 81 80
 82 80 80 81 82 81 82 84 82 77 76 77 74 70 67 62 59 53 53 51 49 45 39 40
 40 39 40 41 40 38 40 44 52 60 65 68 71 67 61 59 60 62 57 58 64 64 64 59
 62 61 63 67 66 63 63 66 65 63 63 59 54 56 57 52 47 47 47 47 48 48 48 48
 47 46 47 49 50 48 48 48 50 59 69 73 74 76 79 81 82 84 84 83 84 87 88 87
 90 89 88 88 86 88 87 29]","[29 29 89 90 92 92 91 89 92 93 93 92 93 92 90 88 92 95 96 93 90 89 90 91
 89 91 93 92 89 87 86 87 90 93 96 95 94 94 93 90 92 92 94 95 92 90 92 97
 95 95 93 92 93 92 92 93 96 95 95 95 97 97 96 95 94 92 91 91 91 92 93 95
 92 92 90 94 93 93 89 89 91 89 90 93 93 93 91 88 88 89 91 90 83 80 81 81
 80 79 79 81 83 84 84 84 86 83 82 79 72 67 65 62 58 53 52 48 45 43 38 38
 41 42 42 40 37 36 37 39 48 56 65 71 71 65 57 53 55 62 61 61 61 61 65 66
 65 64 63 62 60 57 58 60 63 60 59 54 50 52 55 53 47 48 48 49 48 47 47 48
 48 47 47 48 47 45 47 50 58 65 72 74 75 78 81 82 85 86 86 84 84 87 89 88
 90 91 89 88 88 90 88 29]","[30 29 90 93 95 93 90 88 92 93 93 91 90 92 92 91 92 94 95 93 91 89 90 91
 92 92 94 95 95 93 90 89 89 93 96 95 96 98 96 93 90 91 93 94 93 94 96 98
 96 96 94 93 95 94 93 94 95 94 94 95 97 97 97 96 94 94 94 93 93 94 95 96
 92 94 94 97 94 93 91 91 91 91 90 92 94 93 91 91 89 91 92 90 86 85 82 78
 79 79 80 81 81 82 83 84 82 81 80 75 66 60 56 51 49 47 46 41 38 38 37 38
 41 43 44 41 38 37 38 39 44 49 59 67 67 63 59 57 60 64 62 61 62 62 65 66
 66 63 59 55 52 51 53 56 58 57 57 53 49 49 51 49 47 48 50 50 48 46 46 48
 48 48 48 48 44 42 47 54 69 74 77 76 77 82 86 86 85 87 87 85 84 86 88 87
 90 93 90 89 90 93 89 29]","[ 29  29  91  94  94  90  88  88  89  92  92  91  91  94  96  95  93  93
  93  92  92  92  90  88  90  92  94  96  95  93  91  89  89  93  95  95
  96 100  99  95  91  91  91  92  95  98  98  96  95  96  95  94  95  95
  94  95  94  93  93  95  96  97  96  96  94  96  97  96  95  96  95  93
  94  95  95  95  93  92  91  91  88  91  91  91  93  92  90  92  90  89
  88  85  83  82  76  67  70  71  72  72  70  69  74  81  77  75  70  63
  57  52  47  42  39  40  39  35  34  37  38  39  39  42  44  42  40  39
  40  41  41  43  53  63  64  63  65  66  67  65  59  58  63  65  66  65
  65  58  52  49  47  47  50  54  56  56  55  52  48  46  47  47  46  47
  48  48  45  43  43  44  45  46  48  48  45  44  51  59  74  78  79  78
  80  86  88  87  82  85  87  87  86  87  86  85  89  93  90  88  90  95
  90  30]","[28 30 92 93 90 85 85 88 87 92 95 96 97 97 96 93 92 92 93 92 92 92 90 89
 89 94 98 96 91 88 90 93 93 95 96 94 95 98 97 93 95 95 94 93 95 98 96 92
 93 95 94 94 96 96 95 95 95 95 95 95 96 96 97 97 95 97 97 95 95 95 95 93
 94 95 96 94 93 91 93 93 90 92 91 91 94 93 89 89 88 87 84 76 68 63 59 53
 57 55 57 60 57 55 62 71 66 64 56 47 42 39 38 36 34 37 36 34 34 37 40 40
 40 40 43 44 43 39 38 40 37 40 52 65 67 65 64 63 62 61 60 59 63 65 65 65
 61 52 44 44 44 43 45 49 55 54 50 47 44 44 45 49 47 47 46 45 43 41 40 40
 42 43 45 46 46 50 59 68 75 78 80 80 82 86 87 83 82 84 87 88 88 88 87 86
 88 91 88 86 88 95 91 29]","[29 30 90 90 86 84 86 89 90 92 95 95 95 93 91 90 89 92 94 92 90 89 90 92
 92 94 95 93 91 90 94 98 96 97 97 95 96 97 96 94 96 99 99 96 95 96 96 94
 93 95 95 95 97 98 97 96 97 97 97 97 96 96 97 98 97 95 93 91 91 93 94 94
 93 94 96 92 92 91 95 96 95 95 93 92 92 92 92 92 88 81 72 61 50 47 48 48
 44 41 42 45 45 42 43 49 48 50 46 38 32 27 26 29 29 33 33 34 35 38 42 40
 39 39 41 45 44 40 39 41 36 39 50 63 68 66 63 62 60 60 61 62 64 64 59 58
 51 42 36 37 39 39 41 44 48 48 46 45 46 44 45 48 49 47 46 45 44 42 41 40
 41 41 41 42 47 57 69 76 78 81 83 84 87 88 86 83 83 84 85 86 87 89 89 89
 87 88 87 85 85 93 92 29]","[ 30  29  86  85  85  87  90  91  93  92  91  92  91  89  89  90  90  93
  94  92  89  89  92  95  94  92  90  90  92  94  95  95  96  96  96  96
  97  97  97  97  97 100 101  98  96  96  96  95  94  96  96  96  98  99
  97  96  98  98  98  96  93  93  94  96  95  91  86  83  83  85  87  88
  86  87  87  81  80  81  89  93  92  92  93  93  92  92  91  87  72  61
  50  46  43  44  46  47  48  47  46  47  45  42  40  40  39  42  40  35
  30  24  23  27  29  33  33  37  40  40  43  40  37  38  40  43  43  42
  41  41  39  41  46  56  64  66  64  65  64  62  62  61  63  59  47  43
  40  36  32  32  35  38  40  41  41  42  41  44  47  45  42  44  46  46
  45  46  46  45  44  43  43  42  40  41  50  65  75  80  81  83  86  88
  90  89  87  85  84  84  83  84  86  89  90  91  89  87  87  87  84  92
  93  29]","[ 30  27  83  83  86  92  95  94  92  91  92  95  95  93  92  94  95  95
  94  93  92  93  96  98  97  95  93  93  95  95  94  93  94  94  94  96
  97  96  96  96  99 100  99  98  97  97  96  94  94  97  97  96  98  99
  97  96  97  98  97  94  91  89  92  94  90  84  79  77  76  76  77  79
  77  76  75  65  64  66  78  85  81  81  87  95  98  95  85  70  45  36
  34  40  45  46  46  46  47  49  49  46  42  40  39  38  40  39  34  29
  27  24  24  29  37  40  39  44  46  44  45  41  36  38  39  40  40  41
  40  37  43  44  45  51  61  64  64  66  66  62  62  59  58  52  39  34
  36  36  34  31  33  39  41  39  39  39  37  40  44  42  39  42  41  42
  43  45  46  46  45  46  45  44  41  43  54  70  78  79  82  82  85  88
  90  88  87  86  84  83  83  84  86  89  90  91  92  87  89  90  85  92
  94  29]","[ 29  28  89  90  94  97  95  94  94  93  91  90  91  94  95  94  98  96
  96  96  96  94  94  95  97  97  97  98  98  96  95  95  95  95  94  95
  96  95  95  97  98  99 100 100  99  97  97  96  95  99  97  95  98  99
  96  95  94  89  88  91  87  86  91  88  78  75  69  70  70  65  63  64
  55  54  53  49  51  47  53  57  67  69  74  89  96  83  61  39  34  29
  32  39  42  43  46  46  47  49  49  46  43  39  35  32  35  34  31  32
  29  24  30  39  47  50  50  48  49  52  52  49  41  39  39  37  38  38
  41  39  40  41  43  50  57  64  69  66  66  62  60  58  52  43  37  36
  33  32  33  36  39  40  40  41  42  39  38  40  40  39  39  39  41  39
  38  41  44  44  41  38  44  48  49  54  62  80  82  80  82  83  85  87
  88  87  86  86  85  85  85  86  91  94  91  90  92  94  94  91  89  94
  90  28]","[ 31  28  89  90  95  98  95  92  93  94  93  90  89  92  94  95  97  96
  96  96  95  94  95  99  99  98  97  97  98  97  97  97  96  97  96  95
  95  94  94  97  96  99 103 102  99  96  97  99  97  97  95  95  99  98
  93  88  89  85  81  81  80  81  79  66  62  63  63  68  71  67  66  66
  54  55  56  53  53  46  44  43  53  55  60  69  63  44  34  31  31  29
  32  39  43  45  48  49  46  46  46  44  42  39  35  33  33  34  31  33
  36  40  51  60  55  54  51  51  56  59  57  51  46  39  37  36  38  38
  41  40  38  40  43  51  59  66  70  67  65  63  61  56  48  40  34  32
  33  33  34  36  38  39  38  38  37  35  34  37  40  40  40  40  39  37
  36  38  41  42  42  40  43  47  51  64  73  83  84  84  83  85  88  88
  88  86  86  87  86  87  89  92  93  93  92  93  97  93  93  97  96  89
 100  28]","[ 30  29  90  91  93  96  92  91  91  92  92  91  91  93  95  95  95  95
  96  96  96  95  97 101 102  99  96  96  96  96  96  96  96  98  97  96
  95  93  94  97  97  99 101 101 100  98  97  97  97  96  97  97  96  94
  90  86  84  78  75  80  80  78  79  75  76  75  73  75  73  68  68  68
  60  62  63  59  58  50  43  38  41  48  51  50  40  28  27  29  27  30
  34  40  47  49  50  52  48  45  43  43  42  39  36  36  37  38  35  38
  45  52  60  64  61  59  55  54  58  60  57  51  49  43  40  37  38  36
  39  40  40  41  43  51  59  66  71  68  64  62  57  49  41  36  34  32
  34  34  34  34  35  37  37  35  34  32  31  35  38  39  38  37  38  38
  37  37  40  43  45  44  47  52  57  75  83  84  86  86  81  84  87  88
  87  85  86  88  88  85  85  88  88  89  92  94  96  96  94  95  96  96
 128  29]","[ 28  29  92  90  89  90  89  90  90  90  90  92  95  98  97  95  94  94
  95  97  98  98  98  99 100  97  95  94  94  94  95  95  96  98  97  96
  96  94  94  96  98  99  99  98  97  96  95  94  96  96  98  95  89  88
  88  84  81  76  78  86  84  78  83  87  89  86  80  78  75  71  71  69
  65  66  65  60  57  53  47  44  37  40  41  40  38  35  31  27  24  31
  37  44  52  54  52  52  50  46  42  42  41  38  35  35  31  32  33  44
  58  64  65  63  64  63  60  56  54  53  52  50  48  47  46  40  39  36
  38  40  42  44  47  55  61  66  70  67  62  57  49  42  38  35  34  33
  33  34  33  30  31  34  36  35  34  31  31  34  37  38  36  34  36  39
  40  39  41  45  48  48  50  59  65  80  85  83  88  88  82  83  86  88
  87  86  87  89  91  89  90  92  90  90  93  93  95  98  95  95 115 146
 177  31]","[ 28  29  91  88  86  87  86  88  88  89  90  91  95  98  98  96  96  94
  93  95  98  99  99  98  94  94  94  95  95  96  97  98  96  97  96  95
  96  96  94  95  96  98  99  97  93  92  93  96  97  97  96  91  85  87
  87  81  80  82  85  93  96  95  94  91  90  86  81  81  78  76  74  67
  65  65  63  57  52  50  44  45  39  32  32  38  42  38  29  24  23  31
  38  45  53  56  53  52  52  47  42  41  39  36  33  32  26  25  29  50
  70  75  73  69  67  66  63  58  52  49  50  51  50  52  50  39  40  40
  41  40  40  45  50  59  64  69  72  68  60  51  43  39  37  34  32  31
  32  33  32  30  30  33  35  35  34  32  32  34  37  38  36  33  33  37
  40  40  40  43  46  47  49  65  73  80  83  82  90  87  85  85  86  88
  88  87  88  90  88  89  90  89  88  90  94  96  98  88  95 126 157 181
 187  26]","[ 30  28  88  87  88  90  87  86  87  89  91  90  90  93  95  96  98  95
  92  92  95  98  98  98  95  95  95  96  97  97  97  97  97  98  96  95
  96  96  94  94  97  98  98  96  93  93  94  97  97  98  97  91  86  87
  88  85  81  82  85  95 101 100  99  98  98  91  86  86  84  82  79  69
  64  64  64  58  52  49  40  42  39  35  36  38  40  38  29  24  24  30
  38  46  52  55  54  53  53  48  43  41  39  35  32  30  28  24  29  53
  74  77  74  71  69  66  62  58  54  52  52  53  57  60  52  39  41  43
  43  38  43  46  49  57  63  69  74  71  59  48  37  34  33  31  30  31
  31  33  33  32  32  33  34  33  35  34  33  33  34  35  33  31  31  36
  39  40  39  42  46  48  53  70  80  81  81  81  88  85  84  83  84  87
  88  88  89  91  94  94  92  92  95  96  95  96  96 104 138 176 185 184
 179  30]","[ 30  28  89  90  93  94  90  87  88  91  92  91  90  92  94  95  96  95
  94  93  93  95  97  97  99  97  96  97  97  97  95  94  97  98  96  94
  95  96  95  95  98  98  97  97  96  96  95  95  95  95  92  88  87  87
  91  96  98  97  98 107 109 103 103 107 102  94  87  86  85  85  84  73
  65  64  65  60  53  50  39  43  38  39  41  36  36  38  31  25  26  32
  42  51  54  54  54  53  51  48  44  41  39  36  32  29  28  27  34  57
  74  75  73  73  70  65  60  58  57  55  53  53  61  64  57  43  44  45
  44  41  47  48  51  58  64  69  70  64  49  42  34  30  28  28  30  32
  31  32  32  32  31  31  33  34  36  35  33  32  32  32  32  31  32  35
  39  40  41  44  50  56  64  76  87  84  83  82  86  85  83  82  83  86
  89  89  90  93  94  96  94  96  99  91  87  93 111 146 181 187 178 181
 180  30]","[ 28  29  93  94  96  96  92  90  91  93  95  95  96  97  96  95  92  94
  96  95  93  94  95  96 100  97  94  95  97  97  94  92  96  98  96  94
  94  96  96  98  97  99 101 100  96  94  95  96  94  88  81  81  87  89
  93 101 104 109 110 114 115 111 108 106 104  95  89  87  85  85  83  70
  65  62  61  57  50  49  39  44  43  39  40  38  38  37  29  27  27  34
  48  57  57  55  55  53  47  46  43  40  39  37  32  28  30  34  44  64
  77  74  72  72  70  65  61  59  58  55  53  53  56  62  59  47  47  45
  46  48  47  50  56  66  71  69  61  48  34  34  33  31  29  29  29  29
  32  31  30  30  29  30  33  36  34  34  33  32  32  34  35  35  33  35
  38  40  42  47  56  64  73  79  90  87  86  84  86  89  88  86  87  89
  90  89  90  94  93  97  95  93  92  87  97 123 170 181 187 182 180 182
 180  28]","[ 29  28  93  94  97  95  94  94  97  97  98  99  98  97  97  95  93  97
  97  94  95  97  97  98  98  96  95  96  96  95  95  96  98  98  97  98
  97  96  94  93  98 101 102 102  99  94  91  92  93  92  85  87  90  94
  97 105 108 112 114 116 115 113 113 110 102  94  91  89  84  82  78  68
  67  61  57  55  51  47  46  45  42  44  42  40  37  37  33  24  28  37
  51  59  58  57  56  55  49  47  45  43  39  37  34  30  26  34  49  72
  76  81  71  73  71  64  59  58  57  57  57  57  55  59  60  55  50  48
  48  48  49  47  55  68  72  63  49  39  32  31  32  34  33  30  30  32
  33  33  33  32  31  30  30  31  35  33  33  34  34  34  32  32  34  38
  40  44  41  46  58  75  78  82  86  89  88  87  86  87  88  87  90  92
  94  94  92  96  96  97  97  93  83 101 150 180 188 186 180 178 179 180
 181  29]","[ 28  29  95  94  94  92  93  97  96  96  98  99  97  97  97  96  99 100
  98  93  93  94  95  96  97  97  97  96  97  99 101 101 100 101 101 100
  97  95  95  96  97 101 102 101 100  98  95  94  98  98  91  91  90  93
  96 105 109 113 115 119 120 119 117 112 101  93  90  89  85  80  73  66
  65  62  60  59  55  52  50  48  47  46  44  42  39  38  35  29  31  44
  56  60  59  58  57  56  53  50  48  45  40  38  35  32  23  32  60  77
  82  82  80  72  67  63  60  59  56  55  56  57  57  55  53  52  54  55
  52  47  47  49  58  65  58  44  35  32  28  29  31  32  32  31  30  29
  33  34  34  33  32  31  31  30  32  33  35  35  34  33  33  33  33  37
  40  45  49  56  65  78  83  85  88  89  89  87  86  86  89  92  93  89
  91  96  95  95  94  99  92  93 117 166 187 188 184 184 179 178 180 181
 181  29]","[ 29  29  94  93  95  93  93  94  94  94  96  97  96  96  97  96  99 100
  97  93  92  93  94  96  96  98  98  95  95  98 101 101 101 101 100  98
  97  96  97  99 100 103 103  99  99  98  95  92  95  98  94  92  89  89
  93 103 113 117 118 122 124 121 117 109 104  95  88  85  82  76  70  68
  64  63  62  61  56  54  52  50  49  46  44  41  39  38  35  31  30  46
  58  58  58  58  58  58  53  50  47  43  38  35  33  29  22  34  68  79
  79  80  84  74  61  60  60  59  55  52  53  56  55  54  54  55  58  58
  54  49  47  51  56  53  41  31  30  32  27  29  29  29  30  32  31  30
  30  32  33  32  32  33  33  32  34  33  32  32  35  37  35  31  33  38
  40  39  50  64  79  86  87  88  89  90  89  88  86  84  87  89  92  92
  95  99  96  95  97  89 103 130 173 185 180 180 181 183 181 181 183 183
 182  29]","[ 29  29  95  94  97  95  93  91  92  92  95  96  95  95  96  96  96  98
  97  95  96  97  96  97  97  98  97  95  94  96  98 100 101  99  96  95
  96  98  99  98 101 103 101  98  97  95  91  89  93  98  98  96  89  90
  93 107 115 120 122 125 124 120 115 107 105  98  89  83  80  75  70  70
  66  65  64  61  56  54  53  51  48  45  44  41  39  39  35  31  30  49
  58  56  58  59  58  57  51  48  44  41  37  34  31  26  19  34  64  79
  81  88  89  81  62  62  60  58  55  51  51  54  54  56  58  60  61  59
  55  50  51  51  48  40  32  31  33  32  29  29  28  27  29  31  32  33
  29  31  32  31  32  33  33  32  34  32  30  30  36  40  39  34  33  36
  41  46  62  73  82  84  89  89  89  90  91  90  87  85  86  88  92  93
  95  96  94  96  87 106 155 180 187 178 181 181 181 184 183 183 185 185
 183  30]","[ 28  30  97  96  97  94  94  94  92  93  96  97  96  96  97  97  96  97
  97  97  99  99  97  98  96  96  96  97  97  97  98 101 102 100  97  94
  95  96  97  96 100 100  98  98  97  92  89  90  97 102 104 101  93  91
  90 103 112 120 125 126 123 118 116 110 105 102  94  87  82  77  72  70
  68  67  66  62  57  55  53  50  47  44  45  42  41  42  36  31  37  55
  63  60  61  61  55  52  47  44  41  38  36  33  30  24  20  35  61  79
  88  90  82  74  67  64  58  54  54  51  50  54  58  56  56  59  64  64
  58  52  52  46  38  33  30  30  29  26  30  27  26  27  28  28  30  32
  31  32  32  31  30  31  31  30  29  32  33  34  38  42  44  42  39  38
  46  60  77  78  80  83  90  90  90  92  93  93  91  90  90  90  92  94
  96  95  91  94 120 175 190 185 180 183 175 181 180 183 182 182 185 185
 183  29]","[ 29  29  95  94  97  97  97  97  94  94  96  97  95  96  97  96  93  94
  94  94  97  98  97  97  96  95  95  98  98  97  97  99 102 104 102  98
  94  93  95  97 101  99  98  98  96  90  86  88  95 102 109 109 102  94
  83  88 106 117 123 123 119 116 116 112 109 104  96  88  82  78  74  71
  66  64  63  62  58  54  51  48  45  42  46  43  40  40  33  31  43  57
  64  64  64  60  52  46  45  42  40  38  35  33  30  25  28  40  67  80
  89  81  74  70  68  63  53  49  52  52  52  57  60  57  56  60  66  68
  64  59  52  39  30  29  27  24  24  25  26  24  24  26  27  25  26  28
  30  30  30  30  31  31  31  31  30  33  36  38  41  43  44  43  40  51
  64  71  80  83  86  87  90  90  90  92  93  94  94  93  93  92  96  96
  90  88 104 131 175 185 180 181 178 183 183 178 180 183 182 181 184 186
 184  29]","[ 30  29  92  92  98 100  98  95  95  94  95  95  94  95  96  96  92  93
  92  94  97  98  97  97  96  95  95  97  98  97  96  95 100 103 104 100
  95  95  97  99 102 101  98  97  95  88  82  81  88  94 103 109 108 101
  82  81  97 109 116 118 116 115 116 113 112 102  94  87  80  77  74  70
  64  60  59  59  56  53  49  46  45  39  45  42  37  33  29  33  51  58
  64  64  61  56  50  45  47  45  44  41  36  34  32  28  30  39  66  81
  84  80  80  80  69  65  56  51  54  53  52  57  59  58  60  63  66  66
  64  62  47  36  29  27  24  22  24  27  24  23  24  25  25  24  24  25
  27  26  27  30  32  31  32  33  34  35  37  39  40  42  44  45  46  68
  82  83  82  87  88  87  91  91  91  91  92  94  95  96  94  96  99  94
  92 107 144 183 186 182 181 179 183 178 181 181 183 185 183 182 186 188
 185  30]","[ 28  29  95  94  98  98  97  95  98  96  95  95  94  95  97  96  96  96
  97  99 102 100  97  97  95  96  96  96  98 100  99  95  97 100 101  99
  97  98 100 100 100 100  97  95  93  88  80  76  80  81  88  96 101 101
  84  83  88 100 109 114 116 118 120 116 110  97  90  88  82  76  72  66
  66  60  57  58  56  52  50  48  47  39  45  43  35  29  26  37  60  62
  64  63  57  53  50  47  44  43  43  39  33  29  29  27  27  32  54  78
  74  82  79  76  74  72  64  59  58  52  48  52  58  59  61  65  66  64
  60  58  41  37  33  28  25  26  25  22  23  24  24  23  23  24  25  25
  26  24  26  30  32  30  30  32  32  35  38  39  38  40  47  54  72  81
  83  86  83  85  86  91  93  93  92  92  92  94  96  98  96  95  90  92
 125 168 184 182 176 179 181 177 181 185 181 185 186 188 185 184 187 189
 186  29]","[ 29  28  94  95  99  98  97  96 100  97  94  94  94  95  96  97  99  99
  99 100 100  99  97  96  97  98  95  94  98 100 100  99 102 103 103 100
  98 101 102  99 102  96  92  91  88  83  75  66  73  77  84  90  94  94
  91  87  85  89  97 105 110 117 115 116 111  98  91  88  85  79  70  69
  65  60  59  61  59  55  52  49  47  44  40  40  33  24  23  43  64  63
  64  64  61  55  50  48  46  41  36  32  30  30  28  25  25  27  41  66
  73  74  72  77  74  72  66  63  57  50  48  46  52  58  62  60  58  55
  52  51  38  40  40  35  30  27  26  25  24  23  23  24  24  24  26  29
  29  28  26  25  26  29  31  30  33  38  41  39  39  44  58  72  79  81
  82  82  85  89  91  89  95  97  93  94  96  96  98  95  91  92 111 142
 174 182 181 178 180 180 179 181 182 181 182 187 187 187 187 187 189 187
 189  27]","[ 29  30  95  95  99  99  99  98 100  98  96  95  95  94  94  94 101 100
  98  97  97  97  97  97  97  98  96  93  95  98  99  99 102 102 101  98
  97 101 103 100  98  92  89  89  86  80  74  69  69  70  74  81  87  89
  87  85  75  77  81  89 101 108 115 115 108  99  92  86  84  82  75  74
  68  62  60  61  60  56  53  50  49  45  38  36  32  25  23  42  59  60
  62  63  58  52  48  47  46  40  36  34  32  31  30  28  28  29  37  57
  67  73  73  75  68  66  61  60  55  48  47  47  49  54  58  57  56  52
  47  45  37  41  44  42  39  36  32  29  25  23  24  25  24  23  26  30
  30  30  29  27  27  28  30  30  31  39  40  36  40  54  69  78  82  83
  84  85  89  93  94  92  96  97  96  93  93  94  94  97  90 123 153 179
 188 181 178 181 182 181 180 180 182 182 183 187 188 188 189 188 189 187
 189  29]","[ 28  30  96  95  98 100 101 100  98  98  97  97  96  95  95  95 101  99
  97  96  96  97  97  97  97  99  97  94  95  98 100 100 101 101 100  97
  97 101 102  99  93  88  87  88  85  81  78  77  70  67  68  74  81  86
  85  83  74  74  73  80  94 103 115 112 105  99  93  85  83  84  79  77
  68  62  58  59  58  56  52  49  49  46  36  32  29  24  26  48  60  61
  62  61  57  51  46  42  44  39  36  35  33  32  32  30  26  27  33  49
  64  76  76  74  66  64  60  61  57  49  48  49  47  50  52  52  51  45
  41  40  38  42  46  47  46  44  39  35  30  26  24  24  24  23  25  29
  30  31  31  29  27  28  29  30  32  37  38  40  53  71  82  85  86  85
  84  87  91  94  95  95  96  93  95  92  89  84  84  99 134 173 182 181
 178 179 180 178 182 182 180 181 183 183 183 186 188 189 189 188 188 187
 189  29]","[ 29  31  96  94  97 100 102 100  97  97  96  96  96  95  95  95  98  97
  96  96  97  98  97  96  97 100  98  94  96  99 100 100 100  99  98  96
  98 102 102  97  92  90  90  90  86  83  82  81  76  72  69  71  77  83
  83  80  77  76  75  78  89 104 113 109 104  99  92  84  81  81  76  73
  66  60  57  57  55  53  50  47  46  47  38  30  26  25  32  58  66  64
  61  59  58  55  47  39  42  39  37  35  33  32  31  28  23  25  28  40
  58  72  76  74  67  65  62  63  59  51  50  49  48  48  47  47  45  40
  37  39  41  43  45  47  47  46  43  40  39  33  27  24  25  25  25  25
  28  30  31  30  30  30  31  32  34  34  37  51  69  81  83  83  89  86
  84  87  91  94  95  95  96  94  99 102  95  89 110 151 174 183 177 177
 179 180 180 181 179 180 180 182 186 185 184 185 188 189 189 188 189 188
 189  29]","[ 29  30  95  92  97 100 101  99  98  96  94  94  94  93  93  93  96  96
  96  97  98  98  98  97  97  98  96  94  97  98  98  97 100  99  97  98
 100 105 102  94  92  91  91  89  85  84  83  80  79  77  74  71  74  79
  79  75  73  73  75  75  80 108 111 109 104  97  91  85  82  78  70  67
  63  60  58  57  53  50  48  46  44  46  38  31  27  29  38  61  66  63
  59  57  57  56  50  44  40  40  38  35  32  33  31  25  24  23  23  29
  46  61  69  73  70  67  62  62  58  51  50  50  49  48  46  45  44  40
  39  42  45  45  45  46  46  46  45  43  44  42  37  32  30  29  26  23
  28  29  30  31  32  32  33  34  37  40  49  66  81  85  82  82  91  88
  86  88  92  94  96  96  96  99  94  96 110 133 164 186 178 174 180 181
 182 182 181 182 178 179 180 182 186 186 185 185 188 189 189 189 191 191
 191  29]","[ 29  29  93  91  95  98  98  96  97  95  93  93  94  95  94  94  96  96
  96  96  97  98  98  98  97  97  96  96  98  97  95  96 104 101  98  99
 103 106 101  91  89  86  85  84  83  83  83  81  79  80  77  72  72  75
  75  72  73  73  76  74  76 111 113 113 105  97  92  88  84  77  67  65
  61  60  59  57  51  47  46  44  43  42  35  30  29  36  43  59  64  62
  59  56  53  51  49  48  40  40  38  35  32  34  31  25  21  21  20  24
  42  56  65  71  72  70  64  62  58  53  54  54  49  49  48  48  47  44
  42  45  46  46  46  47  47  46  45  44  45  48  49  45  39  34  30  28
  30  29  29  30  32  33  34  36  42  53  66  77  85  89  89  90  92  91
  90  92  94  97  97  97  96  93  89 109 144 173 186 175 180 176 186 177
 176 182 183 179 180 180 179 181 184 186 187 188 188 189 189 189 192 192
 191  28]","[ 29  28  92  91  94  95  95  94  94  94  94  95  97  97  97  97  96  96
  96  96  97  97  97  98  97  97  96  98  99  97  96  98 105 100  96  97
 104 109 104  93  87  79  75  77  78  79  80  81  79  78  77  75  73  72
  72  71  74  72  74  74  76 109 115 115 104  98  94  90  84  77  67  65
  59  58  59  56  50  47  46  45  41  37  31  27  27  38  48  61  64  61
  57  54  50  47  47  48  43  39  37  35  33  33  31  27  16  19  19  22
  43  57  66  68  71  72  70  67  62  57  58  57  52  52  50  50  51  48
  45  45  46  46  47  48  48  47  47  47  47  49  53  53  48  41  37  37
  33  31  30  30  31  33  36  40  50  64  75  79  83  88  91  92  92  94
  95  95  95  97  96  95  96  98 123 161 179 179 179 180 183 175 178 179
 180 182 180 182 182 183 181 181 184 186 187 188 188 189 190 189 191 192
 191  28]","[ 30  29  94  93  95  94  94  95  93  94  96  97  98  97  96  96  94  95
  97  98  97  97  97  97  96  95  96  99 100  96  96 101 100  94  91  94
 104 113 110 100  89  75  68  71  73  72  73  76  78  75  74  75  73  69
  68  69  69  66  68  70  76 102 114 111 102  97  94  88  82  76  67  65
  58  58  58  55  50  48  47  46  37  33  28  24  22  37  52  66  65  59
  54  52  50  47  47  48  46  39  35  36  34  31  29  28  16  18  17  17
  40  57  66  67  67  73  74  72  65  59  59  57  57  55  51  50  52  51
  47  45  47  47  49  50  49  49  50  51  50  48  50  55  53  47  43  44
  37  34  32  31  32  34  40  44  64  74  80  82  84  87  89  91  92  95
  97  95  95  95  93  90  97 124 169 185 177 176 177 179 178 182 178 180
 181 185 182 183 183 185 184 183 186 187 187 187 189 191 191 190 191 192
 192  30]","[ 30  29  96  94  95  94  96  96  96  97 100 101  98  96  95  93  92  96
  98  97  96  95  93  94  92  96  96  98  98  97 100 101  98  98  96 102
 104 112 109 104  96  80  70  67  62  60  63  65  68  67  67  68  70  71
  70  69  66  65  64  59  91 108 113 108 100  93  90  87  79  76  72  64
  61  61  58  52  48  47  45  42  34  29  27  20  26  39  57  70  67  60
  54  51  49  47  45  45  42  37  36  36  33  33  30  23  17  15  18  25
  39  52  57  65  69  68  74  76  66  58  55  56  58  58  55  50  50  51
  49  45  46  47  49  49  49  50  51  50  48  47  49  52  49  45  46  48
  46  43  39  32  32  37  44  60  76  80  83  83  85  87  89  92  92  96
  96  97  93  90  95 115 154 176 185 179 176 177 177 179 180 180 180 180
 181 183 184 184 187 185 182 181 183 186 187 187 188 192 193 192 193 193
 192  29]","[ 29  29  96  96  96  95  98  98  97  97  99  99  97  95  93  90  90  94
  96  96  96  95  94  94  95  96  95  97  98  98 100  99  99  99  99 104
 105 111 107 103  94  85  77  68  59  57  59  58  61  61  61  61  63  66
  68  68  62  67  61  56  86 108 112 102  97  91  87  84  79  75  71  66
  61  60  57  52  48  44  39  35  33  28  24  22  35  49  60  68  68  60
  53  50  48  46  44  45  41  38  38  35  30  27  24  19  16  16  20  26
  39  51  56  63  70  68  71  70  63  59  58  58  63  60  55  51  50  51
  49  45  46  47  48  48  49  50  49  47  48  47  48  50  49  47  50  53
  55  50  43  34  39  51  62  75  79  80  82  88  91  90  91  95  92  93
 100  95  83  93 121 163 182 181 175 172 176 177 177 182 182 181 181 180
 181 183 185 186 189 188 186 185 186 188 188 187 189 192 193 191 193 193
 192  29]","[ 29  29  97  97  96  95  95  96  97  96  97  97  96  95  93  89  91  94
  95  95  96  96  95  95  97  95  92  94  97  98  99  96  99 100 101 105
 104 105 101  97  93  85  77  71  64  62  59  54  58  55  50  49  54  60
  61  59  62  66  55  53  79 102 107 104  95  91  87  84  79  73  67  64
  61  58  55  52  48  44  39  35  31  27  24  24  43  57  61  65  67  59
  52  51  51  48  46  47  43  41  40  36  29  24  21  17  17  19  24  29
  39  48  53  60  72  71  71  70  67  66  66  64  64  59  53  50  50  50
  49  47  47  47  47  48  49  50  48  46  49  48  48  49  49  49  54  58
  60  61  58  52  58  70  76  83  82  82  83  87  91  91  92  96  98  96
 100  93 104 147 172 189 183 178 173 176 181 178 174 178 182 183 182 182
 182 184 185 186 186 186 187 188 190 192 193 192 191 192 193 191 193 193
 193  29]","[ 30  30  96  99  98  96  95  95  95  94  95  96  95  95  94  92  95  96
  95  94  95  96  96  97  98  95  90  93  98 100 100  95  98  99 101 103
 100  99  95  92  90  80  75  75  71  65  61  55  53  49  42  38  42  48
  47  42  46  55  55  52  82 106 108 106  94  91  87  84  79  71  64  63
  59  54  49  46  44  40  38  37  30  28  25  25  47  59  60  62  62  56
  53  55  54  50  48  49  45  42  39  36  30  25  21  19  20  25  30  34
  38  44  51  58  70  72  71  71  71  72  70  63  60  55  51  51  52  52
  51  51  50  50  49  49  52  54  53  50  53  52  50  50  50  51  56  62
  64  69  68  66  71  78  83  87  86  88  86  86  91  96  98  98  99  95
 103 121 150 181 181 177 176 176 175 177 179 177 177 180 181 183 185 185
 185 185 185 184 187 189 190 191 192 192 192 191 192 193 193 192 194 194
 192  29]","[ 29  29  94 100 100 100  97  97  94  93  95  95  94  95  96  96  97  96
  93  91  93  94  95  98  98  96  92  95 100 102 101  97  97  98 101 100
  97  94  93  90  85  78  75  74  68  63  60  57  49  50  47  42  39  39
  36  32  36  47  53  40  79 112 111 103  94  91  85  80  76  69  64  64
  60  54  48  44  41  38  36  36  31  28  24  25  48  60  60  61  60  56
  54  55  53  48  46  47  45  41  36  32  29  24  20  18  22  31  36  38
  39  42  49  56  66  72  72  73  75  74  71  62  57  54  53  55  56  55
  55  56  55  54  53  53  56  59  59  57  57  57  54  52  53  53  56  62
  67  71  73  78  85  87  87  89  90  90  89  92  98 101  99  96  95 118
 143 170 181 180 175 178 178 178 177 177 178 179 179 181 180 183 186 187
 187 186 185 184 187 189 191 192 193 192 191 190 193 193 193 194 196 195
 192  29]","[ 29  28  91  98  98  99  95  94  94  94  95  95  94  94  97  97  96  95
  91  90  91  92  94  97  98  98  95  99 102 102 102  99  96  98 101  97
  93  90  91  88  80  76  72  66  62  63  63  56  50  52  52  49  45  41
  34  28  36  36  38  32  80 111 109 104 100  94  86  78  71  67  65  63
  59  55  50  46  41  37  35  34  30  24  21  26  49  61  60  60  63  59
  55  53  50  46  44  45  44  40  33  29  27  22  18  18  26  36  41  43
  43  43  50  55  64  72  71  72  74  74  72  64  59  58  57  58  59  58
  59  60  58  58  57  57  59  62  62  60  58  59  56  53  53  52  53  58
  68  71  74  85  96  94  90  87  90  86  87  96 102  99  95  97 116 154
 172 179 177 176 178 181 179 177 178 181 180 179 179 180 181 184 186 186
 186 187 187 187 186 188 190 192 193 193 193 192 193 193 194 194 196 195
 192  29]","[ 29  27  90  97  95  96  91  91  94  93  94  95  93  94  95  95  95  95
  94  94  95  94  94  97  98 100  99 101 100  99 101 100  95  98 100  92
  88  85  86  82  76  71  67  62  60  63  62  54  50  50  50  49  47  42
  34  27  29  24  26  47  98 111 106 106 102  95  87  76  67  65  63  58
  52  50  47  42  37  33  30  30  27  22  24  31  50  59  59  58  62  59
  53  49  47  46  45  44  42  40  35  30  28  22  19  22  30  40  44  47
  46  45  49  50  56  68  67  68  72  71  72  66  65  62  60  59  60  61
  62  62  59  61  61  61  61  62  60  58  57  59  56  52  53  51  51  56
  65  71  74  86  97  95  92  91  88  87  90  96  99 100 111 128 165 175
 174 174 173 177 179 179 179 178 179 179 177 178 181 185 183 185 186 186
 186 187 188 188 190 191 191 191 191 191 190 189 193 193 193 194 196 194
 192  29]","[ 29  28  90  97  95  97  92  94  94  93  93  94  94  94  94  92  96  98
  98  99 100  97  96  97  97 100 101 101  98  96  99 100  96  99 101  90
  84  81  82  77  72  67  66  64  59  57  57  54  51  51  51  50  46  41
  37  35  31  32  29  60 106 110 104 104  98  91  85  75  65  63  62  54
  50  50  47  41  35  31  28  28  25  22  30  38  51  56  57  59  58  55
  50  46  46  47  46  44  39  40  37  32  29  23  22  27  32  42  44  47
  47  45  46  44  53  66  67  70  74  73  76  72  69  65  61  59  60  63
  65  65  61  63  65  64  63  62  59  56  56  60  57  53  54  52  51  56
  56  70  82  98 107 102  98  95  89  94  99  99  98 110 141 173 180 176
 175 174 172 180 179 179 178 179 181 180 180 183 184 182 184 186 188 188
 187 187 187 187 188 188 189 190 191 192 192 191 193 193 193 194 195 194
 192  30]","[ 28  29  87  92  90  95 100  93  96  97  92 101 101  96  97  95 101 104
 104 105 106 101  94  94  96 100 103 102 100 101 101 101 101  97  99  84
  80  73  72  71  69  66  64  63  61  57  54  53  52  50  49  47  44  41
  39  38  35  39  32  64 104 109 105 103  96  82  81  75  66  63  54  52
  48  48  40  37  33  29  29  24  25  24  38  50  52  57  61  56  55  50
  45  45  47  48  45  42  39  38  33  31  30  23  21  28  33  42  46  45
  45  43  39  39  45  62  64  69  73  72  76  72  73  67  63  62  60  59
  61  62  65  64  64  64  63  59  57  55  56  58  58  56  55  55  54  52
  55  60  79 117 122 112  98  96  91  92  97 108 121 149 179 177 174 175
 175 175 176 177 179 180 180 181 180 180 182 184 184 183 187 189 188 186
 187 189 189 186 187 189 191 194 194 194 193 194 196 194 195 195 195 194
 194  28]","[ 30  29 107 118 117 116 113 113 111 112 107 115 114 112 113 111 114 115
 113 112 114 111 108 109 112 112 111 109 108 107 105 103  96  94  97  84
  80  73  72  70  71  69  66  63  60  58  57  57  52  51  49  47  44  42
  42  43  39  39  37  81 103 106 101  99  97  84  80  72  63  60  54  50
  47  43  39  36  34  32  28  25  24  28  41  51  54  56  57  55  53  50
  46  42  39  38  38  38  38  35  30  27  25  20  24  34  40  46  48  45
  41  37  34  33  35  47  57  65  68  70  73  75  72  67  62  60  61  61
  60  60  60  61  63  64  62  58  56  56  56  58  58  57  57  56  54  53
  54  60  85 124 129 126 117 105 103  94 108 135 165 173 175 175 176 177
 178 177 177 178 179 179 178 179 179 180 182 185 185 185 186 188 190 188
 187 187 189 189 190 191 193 194 194 194 193 194 195 194 195 195 194 196
 195  29]","[ 29  30 122 124 122 122 115 117 120 121 115 120 119 118 119 117 123 124
 120 117 120 120 119 122 122 119 116 115 116 113 108 104  99  94  93  81
  82  78  73  65  68  69  68  66  63  60  57  55  49  49  49  48  46  45
  45  46  44  38  47  97 105 107 105  98  94  85  78  72  64  61  58  53
  49  43  43  38  35  33  25  25  23  34  45  51  55  53  51  51  50  48
  45  42  39  37  37  38  32  28  25  23  18  16  24  36  43  45  48  46
  40  35  33  31  30  34  49  60  66  68  68  72  69  67  62  61  66  67
  64  62  60  61  64  66  63  58  56  57  57  57  58  59  58  56  55  54
  52  65  95 128 139 140 135 122 129 121 151 166 175 173 171 175 178 179
 180 179 179 179 179 178 178 179 181 182 184 186 187 187 186 187 189 189
 188 188 189 191 192 192 193 194 194 193 193 194 195 195 196 195 195 197
 196  29]","[ 29  29 125 120 118 119 117 119 122 125 120 123 121 121 121 119 124 126
 124 122 123 124 124 128 124 121 118 118 118 113 106 101 100  94  88  78
  80  79  74  65  64  64  65  66  63  57  52  51  50  51  52  52  50  48
  46  46  40  32  48  97 107 107 111  95  86  82  76  72  66  63  60  53
  49  48  48  41  35  32  26  26  24  42  51  51  54  52  46  47  43  41
  39  39  39  37  34  31  27  23  23  22  17  16  25  36  40  40  44  45
  39  36  34  31  31  29  39  54  63  66  67  66  66  69  66  65  70  70
  66  65  66  65  66  66  62  57  56  58  57  56  56  58  57  55  54  56
  64  84 107 133 155 162 165 168 169 163 182 180 173 176 177 178 178 179
 180 179 179 179 179 178 181 182 183 184 186 187 187 188 187 185 185 187
 189 188 188 190 192 192 193 194 194 194 194 195 195 194 196 195 195 196
 195  28]","[ 30  28 124 126 124 117 119 122 123 126 124 126 124 125 124 122 122 128
 129 127 128 127 127 130 127 125 124 122 118 109 100  95  93  91  86  77
  76  75  74  69  65  60  57  58  57  53  51  52  52  51  51  50  48  44
  41  40  41  33  50 103 115 114 113  98  82  81  76  72  67  61  55  46
  46  49  45  41  36  32  31  26  28  49  55  50  53  52  46  46  40  37
  36  37  38  34  28  25  29  25  23  22  19  21  31  40  41  39  41  42
  38  36  34  29  31  29  29  43  53  59  67  64  68  73  71  68  69  68
  65  67  70  68  65  62  59  57  57  58  57  55  55  56  56  54  55  58
  58  77 103 137 164 169 169 171 175 173 172 173 174 177 173 178 177 178
 179 179 179 180 180 180 182 183 184 185 185 186 186 186 187 185 185 187
 189 188 188 189 193 193 194 195 196 195 195 195 195 192 194 196 196 195
 194  29]","[ 29  30 123 125 124 121 125 122 123 125 124 125 122 123 120 119 120 127
 130 128 128 126 126 129 130 129 128 123 115 106  97  92  92  91  85  80
  77  74  72  67  67  59  54  55  55  52  51  54  50  49  47  45  43  41
  39  39  39  35  49 112 116 113 102  93  82  81  77  73  69  63  52  44
  45  46  39  38  36  32  32  25  36  53  56  49  50  51  46  44  40  37
  36  36  34  30  26  26  30  27  22  18  19  26  37  46  44  43  42  41
  39  38  35  32  31  31  25  32  38  45  61  64  70  74  73  69  68  67
  68  72  72  70  65  61  60  60  60  60  56  55  55  56  55  54  56  59
  64  66  91 133 157 168 173 171 169 174 172 178 173 177 176 179 177 178
 180 180 181 182 183 184 183 183 183 184 185 185 186 186 187 187 189 190
 189 188 189 193 194 194 194 196 196 195 194 194 195 191 193 197 197 195
 194  29]","[ 28  29 122 122 122 130 134 128 126 126 125 125 121 122 119 120 122 127
 127 124 124 124 125 129 129 129 125 118 110 103  96  91  93  91  84  81
  77  72  69  64  65  61  56  54  53  52  50  50  50  49  48  45  42  40
  40  41  40  41  60 122 117 109  98  91  83  78  76  71  69  64  51  46
  46  43  39  37  34  30  28  27  47  54  55  50  48  47  45  43  37  35
  33  32  30  26  24  26  26  27  21  17  21  30  38  45  48  50  49  46
  46  44  40  37  33  32  25  26  29  34  49  60  68  70  71  70  67  66
  69  73  71  71  68  63  62  63  61  58  55  56  58  58  57  56  58  61
  60  61  88 140 163 175 178 174 175 174 176 180 173 179 180 175 178 180
 182 183 184 185 186 186 185 184 183 185 186 186 187 188 188 189 190 191
 190 190 192 194 193 193 194 195 196 195 195 194 195 192 194 197 197 196
 194  29]","[ 31  28 122 125 123 129 129 127 126 125 124 125 121 123 121 124 126 130
 127 122 123 125 127 131 130 128 121 112 104  99  94  89  88  89  82  80
  73  66  66  65  64  62  57  51  48  48  48  46  47  48  47  43  38  33
  33  35  36  42  70 122 113 101  99  87  82  74  72  65  64  61  47  45
  44  39  41  39  33  29  26  34  56  56  55  52  47  45  44  42  40  35
  32  32  31  27  24  25  22  27  23  19  26  33  37  42  49  56  56  53
  52  49  42  39  33  29  25  23  26  30  40  55  65  65  67  69  66  63
  64  65  68  71  70  65  62  62  59  54  55  57  60  61  59  58  59  61
  62  69  93 143 166 174 171 173 175 174 174 176 179 178 175 180 179 181
 183 185 186 186 187 186 186 184 183 185 187 187 187 188 188 187 187 188
 190 191 192 192 193 193 194 195 197 197 196 196 195 194 196 197 196 196
 194  28]","[ 29  29 123 123 122 124 127 127 126 127 126 127 125 123 126 126 130 132
 132 129 127 128 129 130 129 128 123 113 103  98  94  89  89  87  80  75
  72  68  64  62  62  64  58  50  49  47  44  43  44  43  43  39  31  26
  27  29  27  30  82 116 109 110 102  87  77  74  69  64  60  55  49  46
  43  46  40  35  34  28  32  48  58  56  56  55  51  46  42  39  40  39
  36  35  33  27  23  24  25  22  21  22  24  32  42  48  52  55  58  52
  53  53  40  39  34  31  24  24  21  26  37  49  58  63  65  64  63  63
  64  66  67  71  69  62  59  57  55  54  58  59  61  61  60  58  59  61
  64  74  91 146 172 171 169 173 174 175 176 176 176 178 179 179 179 182
 185 186 186 186 186 186 186 185 185 185 186 187 188 189 189 187 187 189
 190 191 192 193 192 193 194 195 197 199 198 197 195 197 199 197 197 198
 195  29]","[ 30  29 123 123 122 123 127 127 129 129 127 128 127 125 126 126 127 130
 132 132 131 129 128 127 129 130 121 109 104 101  93  89  88  86  80  75
  72  68  63  60  60  61  57  50  48  46  43  43  42  40  41  38  31  26
  24  24  24  32  92 119 109 101  97  87  76  69  62  60  57  54  51  50
  46  45  41  35  32  33  41  52  57  55  55  54  50  46  43  41  42  40
  36  33  30  24  21  22  22  20  18  20  26  39  50  55  54  56  59  53
  55  55  41  40  36  33  26  25  23  26  35  50  55  59  60  60  62  64
  67  69  69  69  67  63  61  58  55  56  60  61  63  62  60  58  59  60
  62  65  97 145 167 169 171 172 174 176 177 177 178 178 179 179 180 182
 184 185 186 186 187 187 185 185 185 185 185 186 188 189 192 190 189 189
 190 191 193 194 192 193 194 195 196 197 197 196 200 201 201 198 199 200
 196  28]","[ 29  29 122 122 121 122 125 126 128 127 125 128 129 127 128 128 129 130
 131 131 131 129 128 129 129 130 117 104 106 105  98  95  89  87  81  75
  73  71  66  61  56  57  54  49  47  44  43  46  43  39  38  38  34  30
  28  26  27  33  95 115 109  95  92  80  74  65  58  56  53  50  48  46
  44  41  37  31  29  38  50  53  56  54  54  53  50  47  46  44  43  41
  37  32  28  23  21  22  19  17  17  20  30  45  57  59  55  55  56  51
  53  53  40  36  36  34  26  26  24  25  33  52  58  61  63  65  69  72
  73  74  69  68  66  65  64  60  57  58  61  63  63  61  60  60  60  60
  59  60 102 139 166 172 172 173 173 176 178 179 179 179 179 179 180 182
 184 184 184 185 186 186 185 185 185 185 185 186 187 189 193 192 191 189
 190 192 193 193 192 193 194 195 195 196 196 196 201 200 199 198 201 203
 198  29]","[ 29  28 122 122 121 121 124 124 126 124 122 127 129 128 129 128 130 128
 128 129 129 128 129 130 126 121 108  98  99 100  96  93  89  86  80  74
  72  73  70  64  56  54  52  50  48  46  47  49  46  40  37  37  36  33
  32  30  32  38  96 114 112  97  89  73  65  58  55  54  52  51  49  45
  42  39  33  28  33  48  58  58  53  51  51  52  50  48  47  45  42  41
  37  33  29  25  23  24  18  17  18  23  33  46  56  57  55  54  51  47
  49  48  37  32  34  32  26  25  24  25  33  57  59  64  67  71  75  76
  73  70  67  68  66  65  65  62  60  60  63  64  62  60  60  62  62  59
  58  64  99 133 170 177 172 176 174 176 179 180 179 179 180 179 181 182
 182 182 182 183 183 183 185 186 186 186 186 186 188 189 190 191 191 191
 192 193 193 192 192 194 195 195 194 195 196 196 198 197 196 196 200 203
 199  30]","[ 29  28 123 123 121 121 124 123 127 125 123 126 128 126 127 127 126 125
 126 129 130 129 129 130 130 118 109 105 100  98  95  90  89  83  77  71
  68  70  70  65  59  55  52  51  50  49  50  52  47  40  36  37  36  34
  32  31  30  42  97 114 107  92  80  66  59  56  55  54  51  51  49  41
  32  31  25  23  36  53  59  58  53  50  50  51  50  48  45  41  40  40
  38  34  32  27  24  24  18  17  20  27  35  45  54  58  58  54  50  45
  46  46  39  34  33  31  26  25  23  24  31  57  59  64  68  72  77  75
  70  66  65  68  68  65  65  64  62  62  66  65  62  60  60  62  61  58
  60  70  99 136 169 177 175 176 176 178 180 180 179 180 180 180 181 182
 183 182 182 182 182 182 186 186 186 186 187 187 189 190 190 191 191 192
 193 194 193 192 194 195 196 195 194 194 195 196 199 199 199 198 200 202
 197  29]","[ 29  29 123 123 122 122 124 124 124 125 123 125 126 125 127 127 125 124
 125 127 128 129 130 131 127 114 110 111 103  98  95  87  89  81  75  70
  66  67  69  65  61  56  53  52  50  50  52  52  45  39  38  41  40  37
  34  33  31  48  96 107  95  85  73  64  58  55  55  51  46  48  45  34
  30  30  26  31  48  62  65  64  60  56  54  54  52  49  45  40  40  41
  38  36  34  29  24  22  20  19  23  30  37  46  56  62  60  56  50  46
  45  45  42  38  34  30  26  24  20  22  27  50  59  64  68  71  75  74
  70  68  66  70  71  68  67  67  65  64  64  64  62  61  62  64  63  61
  64  75 105 148 167 174 179 176 180 180 180 180 179 180 181 181 182 183
 183 183 183 184 184 184 186 186 186 187 187 188 189 190 191 191 191 192
 193 193 193 194 195 196 196 195 194 195 196 196 200 201 202 200 201 201
 197  30]","[ 30  29 123 122 121 121 124 125 123 125 124 124 124 125 129 129 125 126
 126 126 127 129 130 130 123 114 112 113 109 104  99  93  89  80  75  71
  65  65  66  63  60  56  55  53  49  50  52  52  46  42  42  46  44  40
  38  37  38  55  98 103  91  84  75  68  57  53  53  52  48  49  46  34
  29  25  28  39  52  62  65  64  64  60  57  55  51  47  44  41  40  40
  38  36  35  31  24  21  21  22  27  33  39  49  59  64  61  56  50  46
  43  43  44  41  37  28  25  23  19  22  24  41  58  62  65  67  69  70
  70  70  70  72  72  70  70  69  66  65  62  63  64  64  64  64  64  65
  66  78 112 156 171 174 177 178 180 180 179 178 179 181 182 182 182 182
 182 182 183 184 185 185 186 186 185 186 188 189 190 190 191 189 189 192
 193 192 192 194 195 196 196 195 195 196 197 198 198 200 202 201 201 201
 198  31]","[ 29  28 121 121 119 120 124 125 125 129 128 125 123 124 129 129 123 126
 129 130 130 129 127 125 117 112 108 107 108 103  97  93  86  76  72  70
  64  62  62  60  58  56  56  55  50  51  54  53  50  46  47  49  45  39
  37  37  33  55 102 104  91  82  74  67  64  58  58  58  53  52  46  33
  31  23  31  47  54  61  66  62  62  58  55  51  46  43  42  40  38  38
  35  33  34  31  25  21  21  25  30  35  42  52  60  61  61  57  50  46
  42  41  43  41  39  28  25  24  21  24  24  37  58  63  65  66  68  69
  70  72  72  72  71  71  72  68  64  64  64  66  68  68  66  63  62  64
  65  80 114 154 177 176 172 179 178 178 177 177 178 181 182 182 182 182
 181 180 181 183 185 186 186 185 185 186 188 189 190 189 188 186 188 193
 194 191 190 192 193 194 195 195 195 197 199 199 195 198 201 200 200 200
 196  29]","[ 28  29 123 122 122 123 125 125 126 126 127 123 127 127 128 128 127 128
 127 129 132 128 123 123 111 110 108 106 104 102  98  95  82  75  73  69
  62  61  59  59  56  55  53  50  49  51  53  53  47  46  46  44  40  36
  36  38  35  68 106 107  92  85  72  67  65  69  67  63  65  57  46  32
  25  24  44  59  63  69  71  67  62  52  48  46  40  37  38  36  32  33
  34  33  29  26  23  18  20  24  30  36  44  51  56  59  59  54  51  49
  45  40  40  41  38  28  25  24  22  20  21  31  48  60  64  65  67  69
  73  72  74  73  71  70  71  73  72  70  69  67  67  62  55  55  60  61
  65  76 102 155 173 175 176 177 179 177 177 181 181 180 180 183 187 186
 181 179 183 185 184 186 188 187 187 188 190 190 190 190 190 191 191 191
 190 189 190 192 194 194 194 194 196 198 199 200 198 200 200 200 199 199
 197  28]","[ 31  30 122 121 123 125 126 126 124 124 124 121 126 126 127 125 129 129
 128 129 131 127 121 116 108 107 107 106 105 101  95  89  74  73  75  69
  61  59  58  57  52  51  51  49  46  48  51  50  46  43  40  37  34  32
  33  34  30  60 103 106  90  79  72  78  77  74  68  64  67  58  46  30
  30  31  51  65  65  68  70  69  61  50  44  42  40  39  36  31  29  29
  33  34  30  26  22  17  17  24  32  40  46  51  54  55  54  51  51  50
  45  41  40  40  34  23  22  23  23  21  25  37  51  62  67  68  67  66
  70  73  71  73  73  72  71  72  72  72  72  68  66  63  57  55  58  60
  66  75 103 154 170 174 177 180 177 176 177 179 180 180 180 182 185 186
 184 182 184 185 185 187 187 186 187 188 189 189 189 189 190 191 193 195
 194 193 193 193 194 194 196 197 198 199 199 199 198 199 199 199 199 199
 198  28]","[ 28  31 126 126 126 127 129 130 125 123 121 119 126 126 126 124 125 125
 127 130 131 130 123 115 109 109 109 109 108 103  96  89  76  77  79  73
  65  63  61  59  54  52  53  53  49  51  53  50  46  43  39  35  34  34
  32  30  38  62 104 104  84  65  65  81  84  77  69  64  63  52  44  34
  27  34  54  66  65  66  67  65  60  52  45  42  43  42  37  31  27  26
  29  32  29  25  20  16  18  27  39  46  51  54  56  55  54  54  56  53
  47  42  40  37  35  28  25  25  25  26  29  37  55  64  68  71  70  68
  71  74  72  73  74  74  73  72  72  73  72  66  64  65  62  60  62  64
  68  72 103 152 167 173 175 177 175 176 177 179 179 180 181 182 184 186
 186 185 185 185 185 187 186 186 187 188 189 188 188 188 192 192 192 193
 194 194 194 195 194 195 197 198 199 199 199 199 200 198 197 199 200 200
 198  29]","[ 28  29 124 126 127 128 130 132 126 123 121 119 127 127 127 125 124 125
 128 131 131 129 122 111 110 110 108 106 104 100  94  89  79  77  76  72
  69  68  64  61  57  54  57  57  51  53  55  50  42  42  40  36  34  33
  31  27  42  64  97  96  81  62  72  87  89  80  71  64  57  43  38  34
  28  42  61  69  67  65  60  53  49  49  45  41  40  39  36  34  29  25
  25  28  26  23  19  16  20  31  43  49  53  57  59  59  57  58  59  55
  48  44  41  37  36  32  27  23  23  25  26  28  55  63  67  71  73  73
  75  76  77  74  73  75  75  74  71  71  70  66  65  67  67  66  66  67
  71  71 106 155 172 178 177 177 174 177 179 179 179 181 183 183 183 185
 186 185 185 185 185 186 186 186 187 188 188 188 188 188 193 193 192 192
 192 194 195 196 195 196 196 197 197 198 199 200 201 197 196 199 201 201
 198  29]","[ 31  27 117 120 126 129 130 127 125 124 123 123 129 128 128 126 121 123
 128 130 129 128 122 112 113 112 109 104 100  96  92  89  80  75  73  73
  73  70  63  63  57  54  56  56  49  50  52  45  41  41  40  36  33  32
  32  31  42  64  86  86  80  71  89  96  88  77  69  64  57  42  37  31
  26  50  69  72  67  64  58  48  44  47  47  43  41  40  38  38  32  26
  23  25  25  23  19  16  19  29  40  47  52  56  59  60  57  56  56  52
  48  47  45  41  36  31  25  23  23  22  23  23  49  61  67  69  72  74
  78  78  80  77  76  77  76  73  71  70  69  68  65  64  65  65  65  65
  68  70 109 159 176 180 178 178 175 178 179 179 179 182 183 182 183 183
 183 183 183 184 185 185 187 187 187 188 188 188 188 189 190 193 195 195
 195 196 196 195 196 196 196 196 196 197 198 199 199 196 195 199 201 201
 199  29]","[ 30  27 119 124 129 129 126 123 123 124 127 127 131 127 126 126 121 123
 127 130 130 128 124 118 117 116 112 107 102  96  91  87  81  78  77  76
  74  67  60  61  58  54  55  53  47  47  47  42  41  41  38  33  31  32
  35  37  47  66  79  81  81  81  98  98  82  74  70  66  55  39  35  29
  31  60  76  73  65  60  58  51  55  55  54  50  47  44  41  38  33  27
  24  25  24  23  19  15  16  24  34  43  50  54  58  59  56  54  51  48
  46  47  46  42  39  30  22  25  23  17  21  27  44  59  67  67  68  70
  76  78  80  80  80  79  76  72  72  72  68  68  64  61  63  65  65  65
  65  73 113 162 177 175 176 178 176 178 180 179 180 181 182 181 183 182
 182 183 182 184 186 184 187 187 187 188 188 188 189 190 189 192 193 193
 193 195 196 196 195 196 196 196 196 196 196 196 197 196 195 198 201 201
 199  29]","[ 28  29 125 130 130 126 124 123 123 125 129 128 129 123 124 127 129 130
 130 130 130 126 120 118 118 116 112 107 103  96  89  83  81  80  78  74
  71  64  56  58  59  57  54  51  47  46  45  42  39  37  34  33  33  33
  35  37  45  58  72  77  81  89  97  97  81  75  73  65  51  36  34  28
  48  73  80  71  63  59  60  59  65  60  57  54  48  45  42  37  32  28
  25  23  21  20  18  13  15  19  26  36  45  51  56  59  57  53  49  46
  43  43  43  40  36  29  20  20  18  14  23  32  45  57  64  66  66  66
  71  74  75  77  79  77  74  72  71  71  67  65  62  61  65  65  64  65
  65  75 111 160 178 173 177 180 178 179 180 180 180 181 181 180 182 181
 183 184 183 185 187 185 187 187 188 189 189 189 190 191 190 191 191 190
 191 194 196 196 195 196 196 197 197 197 196 196 198 198 198 200 202 202
 199  29]","[ 30  29 122 125 126 124 124 124 124 127 131 127 126 120 124 129 132 132
 129 129 131 126 120 120 120 117 112 108 104  99  90  84  82  81  77  72
  71  67  60  61  59  57  53  48  45  45  43  41  38  36  36  39  41  40
  38  37  42  49  68  74  79  90  89  94  79  71  66  59  50  42  42  34
  53  70  70  63  60  60  66  68  67  61  59  57  50  47  46  41  33  29
  25  20  17  16  15  12  14  14  19  29  39  47  53  58  55  51  47  44
  41  40  40  38  34  32  23  18  15  18  32  40  49  56  60  64  67  66
  68  69  70  72  73  72  72  72  70  67  66  64  61  64  69  65  60  62
  60  69 100 151 175 171 177 180 180 180 180 181 181 181 180 180 181 181
 185 186 184 186 188 185 186 186 188 189 189 189 190 191 191 192 193 193
 195 197 197 194 196 196 196 196 197 198 198 198 200 201 201 202 202 202
 200  28]","[ 30  27 121 120 123 125 124 125 129 130 130 128 125 124 129 134 132 130
 129 130 131 124 124 121 123 119 110 109 105  98  96  83  79  81  78  74
  71  67  62  61  58  56  53  50  48  46  43  41  37  39  42  45  47  44
  41  40  39  49  59  71  81  88  90  81  75  65  62  57  43  42  38  46
  64  73  64  57  52  61  69  71  70  64  61  58  51  48  47  44  36  30
  23  20  18  16  14  13  13  13  18  26  30  42  55  52  52  46  41  40
  40  38  35  33  33  27  26  23  18  27  40  41  50  56  59  61  68  72
  72  73  70  70  68  69  70  68  68  66  64  64  64  66  67  65  61  58
  59  72 101 151 180 171 180 178 179 180 182 182 181 181 181 182 183 183
 184 184 185 187 187 186 186 187 188 189 190 190 191 194 192 193 194 193
 196 198 194 195 195 195 195 197 197 198 199 200 203 202 201 201 202 203
 200  29]","[ 29  30 125 123 121 122 124 129 130 128 127 129 130 130 130 130 131 129
 126 129 128 124 123 123 121 119 113 112 106 100  97  85  80  80  79  76
  72  67  63  60  59  57  54  51  48  47  46  45  42  45  47  47  48  46
  41  39  39  41  47  60  69  74  79  76  72  64  59  54  42  35  35  57
  72  74  63  58  54  60  69  74  74  68  61  54  48  45  45  45  37  33
  26  20  18  17  13  10  11  13  17  23  25  32  40  37  41  37  33  32
  32  31  29  28  25  25  30  32  29  33  39  39  49  56  59  61  66  69
  70  73  71  70  66  67  69  69  69  66  65  64  65  66  66  65  62  60
  58  71  97 152 179 173 179 178 179 180 181 182 182 182 182 183 183 183
 183 184 185 185 185 185 186 186 188 189 189 189 190 191 193 193 194 192
 194 195 192 194 199 197 195 194 195 196 198 200 202 202 201 202 203 203
 200  29]","[ 30  30 126 124 121 122 123 127 126 126 128 131 132 130 129 128 130 130
 125 130 126 125 123 125 123 122 116 113 105  97  94  85  80  76  75  75
  69  65  62  58  59  56  52  48  46  46  46  47  48  51  50  47  47  45
  42  39  41  40  41  50  58  66  75  76  68  63  57  50  41  34  39  68
  69  71  61  57  56  63  68  70  69  65  58  51  47  42  39  39  37  33
  26  19  15  15  13  10  14  20  23  26  27  29  33  31  34  32  30  29
  30  29  27  26  24  28  34  38  38  37  38  40  50  56  60  61  63  64
  65  68  71  71  67  67  67  67  69  67  65  64  64  65  65  64  62  61
  62  72  90 146 172 171 176 178 178 179 181 182 182 182 182 182 183 182
 183 185 186 185 184 185 187 187 187 189 189 189 189 190 193 192 193 192
 193 192 190 194 196 195 195 196 197 197 198 198 200 201 201 201 202 202
 199  28]","[ 29  31 127 126 124 124 123 125 125 125 128 130 131 130 129 129 129 130
 128 132 128 125 125 126 126 126 119 113 105  96  92  86  81  74  72  72
  66  63  63  59  60  56  50  46  45  46  48  50  52  52  50  47  46  44
  41  40  39  40  38  40  46  57  67  67  62  60  55  46  40  41  51  73
  67  70  63  56  59  68  69  65  62  60  54  49  48  43  36  35  36  32
  25  17  14  14  16  17  23  31  34  36  37  36  37  37  35  34  32  32
  32  32  30  27  32  35  35  35  38  39  39  41  49  54  60  63  63  62
  61  63  68  72  71  70  66  64  67  67  65  63  62  63  64  64  62  61
  65  72  86 141 171 173 178 180 179 180 181 181 181 181 182 183 182 182
 183 187 187 184 185 188 188 187 187 189 190 189 190 191 192 191 193 193
 193 191 189 194 194 194 196 198 198 197 197 197 199 200 200 201 201 202
 199  29]","[ 28  32 130 129 126 125 126 129 128 126 126 129 132 132 130 129 130 130
 131 131 129 122 125 126 127 127 122 116 109 102  96  90  83  75  73  73
  68  65  65  62  63  58  51  48  49  51  54  55  52  51  50  49  47  42
  39  40  39  40  38  37  38  43  51  50  46  43  40  32  26  32  52  70
  76  74  66  58  63  70  70  65  62  58  51  48  49  45  38  36  34  30
  24  20  16  15  19  25  30  39  41  42  44  41  42  44  45  44  41  38
  38  40  39  36  38  41  38  35  41  44  43  43  46  50  58  65  67  65
  63  62  64  70  71  70  67  64  66  65  63  61  59  60  62  62  60  58
  59  66  80 135 172 174 179 178 180 181 182 182 181 181 184 186 182 182
 185 187 185 182 183 187 188 187 187 188 190 190 191 193 192 191 193 193
 194 191 189 194 196 197 197 197 197 196 197 198 200 201 201 202 202 202
 200  30]","[ 29  29 126 126 126 127 128 130 128 127 127 129 130 130 130 131 131 130
 131 128 127 119 125 127 128 128 124 118 114 107  97  91  83  78  76  75
  70  67  64  61  61  57  52  50  52  54  56  57  51  50  49  50  48  42
  37  39  43  41  39  41  38  36  39  40  38  32  32  27  20  26  55  81
  82  72  66  62  68  69  66  64  59  55  50  49  49  45  37  33  31  27
  25  23  20  18  23  30  33  42  44  46  49  47  49  51  54  53  48  44
  43  47  47  45  41  44  44  45  51  53  49  46  47  49  57  66  69  67
  65  63  62  66  66  66  66  65  65  60  60  58  56  57  58  57  56  55
  59  64  74 126 166 172 179 178 179 181 182 181 181 181 184 187 183 184
 185 186 183 180 181 184 188 187 187 188 189 190 191 194 193 193 194 194
 195 194 190 193 195 196 198 200 199 198 198 199 201 202 202 203 204 204
 201  29]","[ 29  28 123 124 128 129 127 126 127 128 130 131 129 128 129 131 130 132
 131 130 125 119 124 128 130 128 122 116 115 108  95  89  84  81  77  73
  69  65  61  58  58  57  55  54  54  55  55  56  52  51  49  49  47  42
  40  42  44  42  40  42  39  34  35  34  32  27  26  22  21  25  59  92
  87  74  68  65  72  69  64  64  59  54  51  50  48  44  37  30  30  27
  25  24  23  23  27  33  38  45  48  52  54  54  56  57  54  55  53  48
  47  50  51  50  47  47  49  54  59  58  54  52  50  49  55  65  67  66
  66  64  63  65  63  63  65  65  65  60  59  58  57  56  55  55  56  57
  66  69  71 121 159 174 181 182 178 179 180 181 181 182 184 185 185 185
 185 185 184 183 183 184 189 188 189 189 189 189 191 193 194 194 195 194
 196 197 193 195 194 195 198 202 203 202 201 201 201 202 203 204 205 205
 201  28]","[ 28  30 128 130 130 129 126 126 129 128 129 131 133 131 130 129 130 133
 132 134 126 122 124 129 131 127 119 112 112 108  95  89  87  85  79  72
  69  65  60  58  59  59  60  59  58  57  56  56  55  54  50  46  45  44
  44  47  47  46  43  42  39  36  36  30  28  28  24  20  26  32  64  99
  98  84  75  65  71  71  67  66  66  58  54  51  46  44  41  36  31  29
  26  23  24  27  32  36  45  50  53  58  58  57  59  58  54  59  60  57
  55  57  57  55  54  49  50  56  60  57  54  55  50  47  53  62  64  65
  67  66  65  68  66  64  64  64  66  64  62  61  61  59  56  55  58  61
  63  69  67 118 155 174 179 181 180 180 180 181 183 183 184 184 187 186
 185 185 186 187 187 186 191 190 191 191 190 189 191 193 194 194 195 194
 197 199 196 196 200 198 198 200 202 203 203 203 202 203 205 207 208 207
 201  28]","[ 29  30 129 131 130 129 128 128 129 130 131 132 132 133 132 129 129 131
 135 136 131 123 124 129 130 122 119 115 112 109  96  87  89  81  73  69
  65  64  63  61  62  62  62  60  58  59  58  55  57  51  47  44  44  48
  51  47  46  46  44  42  42  39  35  34  30  26  24  24  26  41  68  90
  89  81  78  74  76  76  67  66  66  59  55  54  51  48  45  42  40  34
  29  25  24  31  41  44  50  54  56  55  55  57  58  57  54  57  61  63
  61  59  58  59  57  56  54  55  57  58  57  55  53  53  54  56  60  64
  65  64  66  69  70  65  62  65  68  66  62  58  58  63  63  58  56  59
  63  68  66  96 142 171 177 179 177 182 183 181 182 185 187 185 188 187
 187 188 188 187 187 188 193 193 194 195 194 193 195 198 196 194 195 199
 203 203 201 199 202 203 203 202 202 204 204 202 204 205 207 209 207 206
 200  28]","[ 28  30 130 131 129 128 128 129 130 130 130 132 133 132 131 130 131 132
 134 135 131 126 126 129 129 121 118 115 112 107  95  88  85  79  74  71
  69  68  67  64  62  62  62  61  59  58  56  51  53  49  46  45  45  50
  52  49  45  46  45  44  44  41  36  32  31  29  29  30  32  44  65  83
  83  80  80  79  79  75  67  66  68  63  59  55  51  48  46  42  38  33
  29  26  25  33  43  48  49  53  55  55  55  57  59  60  59  61  64  66
  64  59  57  58  58  56  53  53  56  59  59  58  57  56  54  54  58  64
  66  66  67  68  69  67  66  69  68  63  61  58  59  63  62  57  55  56
  63  67  69  88 140 163 177 180 182 185 186 184 184 186 187 186 187 189
 190 192 193 193 194 196 195 195 195 196 196 195 196 198 198 196 196 199
 202 203 202 201 203 204 203 203 203 204 204 203 207 206 207 208 206 206
 201  29]","[ 28  30 130 130 126 125 126 129 131 129 129 132 134 132 130 131 133 133
 133 133 132 131 130 130 131 123 118 113 108 102  93  87  86  81  76  74
  71  69  67  63  61  59  59  59  58  58  56  53  51  49  48  47  46  48
  48  45  45  47  47  45  45  44  38  34  35  34  37  39  39  44  55  64
  77  81  82  84  81  72  66  65  67  64  61  55  50  47  45  40  32  28
  25  26  29  39  48  51  50  52  55  56  57  58  61  64  63  63  66  67
  64  59  57  58  60  59  55  53  56  61  63  62  58  57  55  56  61  65
  66  65  66  67  68  67  66  66  65  60  59  58  58  60  60  56  53  53
  57  62  69  88 144 168 182 182 186 187 187 186 186 187 188 188 188 190
 192 192 192 194 195 195 196 194 194 195 196 196 196 196 198 197 198 200
 202 203 202 202 202 202 202 202 204 205 205 205 207 206 206 206 206 207
 202  29]","[ 30  30 129 128 124 124 126 130 131 130 130 131 133 132 131 130 131 133
 133 131 130 132 132 132 132 126 119 111 103  99  94  88  87  83  78  75
  71  69  66  62  58  57  59  61  59  57  56  53  50  50  50  49  48  47
  45  43  47  49  48  44  44  44  41  40  34  35  41  46  46  47  51  53
  71  81  83  83  78  68  65  62  62  61  58  53  48  46  42  35  27  25
  25  31  40  50  54  54  50  50  53  58  60  59  62  65  65  66  66  66
  64  62  60  60  64  62  59  56  58  63  66  65  61  58  56  57  62  65
  66  65  65  66  67  66  61  60  61  60  57  57  57  57  57  55  52  51
  59  62  65  84 123 162 179 179 186 186 187 188 187 187 188 189 190 193
 193 192 192 194 195 193 193 193 193 194 195 195 195 195 196 197 199 201
 203 202 201 201 202 201 201 201 202 204 205 205 204 204 204 206 207 208
 203  29]","[ 30  30 127 127 124 125 128 131 130 131 131 130 131 133 132 129 129 133
 134 130 127 128 130 130 129 126 119 110 103 100  98  91  83  80  78  75
  72  70  66  61  57  58  62  65  61  55  51  48  49  51  52  51  50  49
  47  45  48  51  49  44  42  42  42  43  39  41  46  50  50  50  50  48
  62  76  80  79  74  68  65  58  56  56  54  49  45  43  38  30  25  29
  35  43  53  58  59  57  50  49  53  59  63  62  63  65  68  69  68  65
  64  66  66  65  65  64  62  59  60  65  67  67  66  61  56  55  60  64
  67  68  65  64  64  63  59  57  59  59  57  57  56  55  55  55  54  52
  53  59  67  85 107 160 186 186 185 185 187 188 188 187 188 190 189 191
 190 189 190 194 195 192 191 192 193 193 194 195 196 197 196 197 199 201
 201 201 201 201 204 202 201 200 201 202 203 203 204 204 204 205 206 208
 203  29]","[ 29  28 125 126 125 127 129 131 129 132 132 130 130 133 133 130 129 134
 136 131 127 126 128 128 125 125 119 112 104 100  97  89  80  79  79  77
  73  70  65  60  58  57  60  62  57  52  50  50  51  53  53  50  50  48
  47  47  47  50  49  46  43  41  41  44  49  49  50  51  50  51  51  48
  53  68  75  75  72  68  63  57  53  52  51  47  43  41  36  28  26  37
  47  55  59  59  58  60  53  52  55  62  66  65  66  68  70  70  68  65
  65  68  69  67  65  65  64  63  63  65  68  70  68  62  58  58  62  65
  67  67  65  60  59  60  59  58  58  57  57  56  55  54  55  56  56  54
  54  57  70  80 100 152 181 175 184 185 186 188 187 187 187 188 187 189
 189 188 190 193 194 192 191 193 194 193 194 195 197 198 198 199 199 199
 199 200 201 202 203 201 200 201 202 203 204 206 207 205 204 204 206 208
 204  30]","[ 28  27 125 127 127 129 129 130 130 132 133 131 131 133 133 131 132 135
 137 133 129 128 127 126 124 123 118 114 105  97  95  89  82  82  81  77
  73  69  65  59  58  56  58  60  56  53  54  55  53  56  53  49  48  47
  45  47  46  48  48  48  46  43  43  46  50  50  51  52  52  55  56  53
  51  61  70  69  66  63  56  53  52  50  49  45  41  40  37  32  33  45
  55  61  63  61  59  62  58  57  60  65  67  66  68  71  70  67  65  66
  67  67  68  68  67  66  66  65  64  64  68  72  68  64  61  63  65  66
  66  65  65  57  54  57  57  56  57  57  57  55  53  53  54  55  56  55
  58  57  65  73 102 156 186 183 184 185 187 187 187 187 187 188 190 192
 193 192 192 194 195 194 192 194 194 194 194 196 198 199 200 201 200 199
 198 199 201 202 200 200 200 203 205 206 206 208 207 206 205 205 206 209
 205  30]","[ 30  30 128 130 130 130 130 130 131 132 132 132 132 132 132 133 133 135
 136 134 132 130 128 125 125 122 116 115 108  98  97  93  85  84  81  76
  71  69  66  61  58  57  61  65  63  57  55  55  55  57  53  48  48  47
  47  49  47  47  47  48  49  46  46  50  51  52  54  54  55  57  57  53
  52  58  66  63  59  54  47  49  51  49  47  44  40  39  39  37  41  51
  59  63  67  66  63  65  60  60  62  65  65  65  67  71  69  65  63  67
  69  67  66  69  68  66  66  65  62  61  66  71  71  67  63  63  65  66
  66  66  65  58  54  55  54  53  56  60  56  54  52  52  53  54  55  55
  53  58  63  75 104 157 179 182 185 187 188 187 187 188 189 190 187 190
 193 193 192 192 193 194 195 196 195 194 195 198 200 200 200 202 202 200
 199 200 200 200 201 201 202 205 206 205 205 206 205 205 205 206 207 210
 204  29]","[ 30  28 131 127 127 131 130 129 130 131 130 132 136 137 135 136 134 131
 130 134 131 132 128 126 123 122 118 114 111 107 100  95  88  85  80  74
  72  71  67  62  63  62  63  64  63  60  58  58  60  59  56  53  49  47
  47  49  49  49  48  45  45  50  55  54  57  56  59  58  56  57  56  57
  60  63  66  64  56  48  45  45  49  48  45  45  45  43  45  53  57  60
  63  65  65  65  65  65  60  60  61  63  64  64  65  66  65  65  65  66
  67  67  68  69  68  66  66  64  60  60  66  70  67  67  64  62  63  66
  66  64  62  59  58  57  56  53  54  55  54  48  50  55  54  56  56  52
  54  51  65  72  96 160 187 188 188 187 186 187 188 187 189 191 189 191
 193 193 193 193 194 194 195 195 194 194 196 199 200 201 200 200 201 201
 202 203 201 200 202 201 202 205 207 207 206 204 205 206 207 208 207 207
 205  29]","[ 30  28 132 128 128 130 130 131 133 136 137 137 138 137 136 137 135 132
 131 137 133 130 125 124 125 123 120 115 110 105 101  97  88  86  81  76
  74  72  67  61  58  59  60  62  63  63  64  66  66  63  60  56  52  49
  48  49  50  48  48  49  50  55  60  61  66  65  66  63  59  57  56  61
  64  66  66  63  60  58  55  53  49  50  51  52  55  55  57  60  63  66
  67  65  64  65  66  65  63  60  59  62  65  66  65  63  64  64  65  65
  65  66  67  67  66  66  64  61  60  62  65  68  69  66  63  60  61  64
  65  64  63  61  58  57  56  55  54  53  50  47  49  52  53  55  56  54
  52  58  66  73 107 175 185 185 188 186 186 188 190 190 190 191 192 193
 194 194 194 194 195 196 196 196 195 194 196 198 200 201 201 201 201 201
 203 204 204 203 202 202 204 206 206 206 206 206 207 208 209 210 209 209
 206  30]","[ 30  28 134 132 130 131 132 136 138 141 141 140 139 138 137 139 139 136
 137 143 136 130 125 126 127 126 122 116 109 105 101 100  91  87  81  77
  75  74  68  63  59  60  60  60  61  64  67  69  68  64  60  58  54  50
  48  50  52  49  50  55  58  62  65  67  66  67  68  65  61  57  56  65
  68  73  74  67  63  63  63  61  57  57  58  58  59  63  66  65  67  70
  71  67  65  67  67  65  65  65  65  65  65  65  64  63  63  65  65  64
  64  65  65  65  64  65  62  59  63  65  66  70  70  67  64  62  61  61
  62  63  63  62  59  57  57  56  54  52  49  49  50  52  53  55  56  58
  56  53  57  70 118 179 186 188 187 186 187 189 191 192 192 191 194 195
 196 195 195 196 197 197 197 197 195 195 196 199 201 201 201 201 201 201
 203 205 206 206 203 204 204 204 203 203 206 209 209 210 210 211 210 210
 207  29]","[ 30  28 137 137 135 134 136 141 143 142 140 139 141 141 139 140 142 142
 143 145 135 129 126 128 129 126 122 115 109 104 101  99  93  88  81  76
  75  75  71  68  64  65  64  62  62  64  67  67  68  64  62  62  60  54
  53  55  54  52  54  60  64  67  69  69  65  68  70  69  67  62  60  71
  72  79  81  75  68  67  68  68  66  64  65  66  64  65  67  65  64  69
  73  72  69  69  68  67  67  69  69  67  65  65  65  64  64  66  66  64
  63  64  65  65  64  65  60  58  63  63  63  69  70  69  67  65  62  58
  58  60  62  62  59  56  55  56  54  51  51  53  53  53  54  54  56  58
  56  53  65  93 158 189 187 187 186 187 189 190 191 191 192 192 195 196
 196 195 195 196 197 198 197 197 196 196 198 200 201 201 201 201 201 201
 202 204 205 205 206 206 205 204 202 203 207 211 210 211 210 211 210 211
 207  29]","[ 29  29 140 141 138 137 138 143 143 144 142 141 143 143 141 142 144 146
 146 144 131 127 126 128 129 125 120 115 110 104  99  95  93  88  80  76
  75  74  72  70  66  67  67  65  64  66  66  66  64  62  62  64  61  56
  54  56  54  54  56  60  64  69  71  70  67  69  70  69  69  65  63  72
  77  80  81  79  75  73  73  73  69  68  72  75  71  67  66  63  64  68
  73  75  72  68  67  68  69  68  67  65  66  67  65  62  65  66  66  64
  63  65  67  67  67  65  60  58  59  55  55  63  67  67  67  65  59  54
  54  57  60  60  59  55  54  55  55  53  54  56  56  55  54  54  54  57
  58  53  65 107 175 186 184 188 187 190 192 192 190 190 192 194 193 194
 195 195 195 196 197 197 196 197 198 198 200 202 202 202 202 202 202 201
 202 203 203 203 207 206 207 207 207 207 210 212 211 211 210 211 211 213
 208  30]","[ 29  29 140 141 139 138 137 142 141 145 146 145 144 142 141 143 146 149
 148 143 131 128 127 128 130 125 119 116 113 106  99  93  91  86  81  77
  75  73  71  69  66  67  66  65  65  65  65  65  62  60  61  62  61  56
  53  53  50  51  54  58  61  66  70  70  68  68  69  67  67  65  65  73
  81  81  82  81  76  72  73  76  75  73  74  75  71  66  64  64  67  69
  72  74  71  66  66  69  70  70  69  67  66  65  63  61  64  65  65  65
  64  65  66  68  68  66  61  59  57  53  54  61  63  65  65  61  55  52
  54  57  59  59  58  56  55  56  56  57  55  57  57  56  53  53  55  56
  50  44  81 151 187 188 186 185 189 192 194 193 190 190 193 195 192 194
 195 195 196 196 196 196 196 197 199 200 202 203 203 202 203 203 203 203
 203 203 203 202 204 205 207 210 211 211 211 211 211 211 210 212 212 215
 210  30]","[ 29  30 139 140 139 138 138 140 142 145 146 144 143 141 141 143 145 146
 145 143 133 130 128 128 130 125 120 118 115 108  99  93  88  86  82  79
  76  74  71  70  68  66  65  65  66  66  67  68  65  63  62  63  63  60
  56  53  48  51  57  63  64  66  69  71  72  71  73  72  70  70  71  76
  83  84  85  83  77  72  72  76  80  78  74  70  69  68  68  69  69  70
  71  72  70  68  68  69  68  70  71  71  68  64  62  62  64  64  64  65
  64  62  63  66  66  65  64  61  57  56  58  61  61  63  62  58  54  53
  55  58  58  57  56  56  56  56  56  57  54  54  55  54  51  52  56  55
  48  60 127 187 190 188 189 187 189 191 192 191 191 193 194 194 193 194
 195 196 196 197 197 196 198 199 200 201 202 204 204 203 203 204 204 203
 204 204 205 204 203 205 207 211 212 212 211 210 211 212 212 213 215 217
 210  30]","[ 29  29 138 139 139 139 138 140 146 146 144 142 143 143 142 144 140 139
 139 142 134 131 127 127 129 124 119 117 115 107  98  92  88  86  83  80
  77  74  73  74  69  66  64  65  68  70  72  75  66  63  61  62  63  62
  58  54  52  55  65  74  73  70  70  73  74  74  78  76  72  72  73  75
  86  85  84  84  82  79  76  74  79  81  76  71  73  75  74  74  68  69
  70  70  70  71  71  70  65  65  67  71  72  69  65  64  65  63  64  65
  63  59  59  62  64  65  65  60  56  57  59  57  59  61  61  57  54  55
  56  56  56  53  52  54  55  54  54  54  53  50  52  51  47  50  55  53
  54 106 180 194 190 189 187 192 189 189 189 189 192 195 195 193 195 196
 196 196 197 197 197 196 199 200 200 201 203 204 204 203 202 203 203 203
 204 205 206 206 205 206 208 210 212 211 211 211 212 214 214 216 217 219
 212  30]","[ 30  28 138 137 139 138 140 143 146 146 144 143 142 142 141 140 138 138
 141 139 135 126 127 125 124 123 118 116 114 107 100  96  90  86  80  77
  77  76  73  72  68  66  64  65  69  73  73  72  64  61  63  65  63  62
  61  57  58  64  73  76  74  75  77  77  76  78  81  80  78  75  73  78
  89  89  87  84  83  81  79  76  74  76  75  76  81  83  79  73  67  68
  69  71  74  75  72  68  65  66  65  66  69  67  65  67  66  61  59  63
  66  64  60  59  62  64  62  60  61  59  56  58  58  61  59  56  55  52
  51  56  52  52  55  58  56  53  53  52  53  51  47  48  44  48  48  51
 100 162 192 191 188 186 191 192 189 188 186 188 193 195 194 195 195 195
 196 196 197 197 197 196 198 199 201 201 201 202 203 203 203 204 204 204
 206 208 208 208 215 213 212 211 210 210 211 213 213 215 216 217 219 217
 212  30]","[ 29  28 138 136 139 138 140 142 144 144 143 142 142 142 141 140 139 140
 141 139 131 122 123 121 120 121 115 113 111 106 103  99  89  85  80  77
  75  74  72  70  71  69  67  65  66  68  71  74  68  66  64  63  62  62
  62  61  64  65  69  73  76  79  80  78  80  82  83  78  75  74  74  78
  85  85  84  81  81  81  79  77  74  75  75  77  81  81  76  72  71  71
  71  70  71  71  69  65  66  64  63  66  70  69  67  68  65  61  59  60
  62  62  60  59  59  63  63  63  64  60  55  55  55  57  57  56  55  51
  50  53  54  55  57  59  58  54  52  49  49  54  47  47  47  41  43 106
 157 187 193 189 190 188 190 190 190 191 190 192 194 195 194 195 195 196
 197 197 197 196 195 195 197 199 201 202 203 204 204 204 202 203 203 203
 205 208 210 210 212 211 211 210 210 211 213 214 214 216 217 218 219 218
 214  29]","[ 30  28 138 137 139 138 140 141 144 144 143 142 142 144 144 144 145 147
 145 143 131 123 122 122 121 122 115 110 107 103  99  95  87  82  80  79
  76  76  76  73  71  69  67  67  66  65  68  71  71  71  67  63  63  63
  64  66  65  65  69  74  76  78  81  81  81  82  81  76  74  74  76  82
  86  86  84  80  79  81  79  76  72  72  74  78  80  79  76  74  75  74
  73  72  70  69  67  64  63  60  61  68  71  69  66  62  62  61  60  60
  61  61  60  58  56  60  63  64  63  59  54  52  53  52  54  56  53  51
  51  53  53  55  57  57  56  53  50  47  46  50  52  51  38  54 105 165
 185 192 186 185 187 185 188 190 192 194 195 195 196 194 193 195 196 197
 198 198 197 197 197 197 199 200 201 203 204 206 206 206 203 204 204 203
 205 207 209 210 210 212 212 211 212 214 215 215 217 217 218 219 219 221
 217  29]","[ 30  29 139 137 139 138 139 140 146 144 142 141 142 144 146 147 145 147
 144 144 131 124 122 122 125 126 119 111 106 100  95  90  87  81  81  82
  79  81  82  77  74  70  69  72  74  72  69  68  70  73  70  66  66  65
  64  67  64  65  70  75  76  78  81  82  78  77  78  76  76  77  79  87
  89  89  86  81  80  82  80  77  72  73  77  80  80  79  77  75  74  74
  74  73  71  69  67  65  61  59  62  66  66  66  64  58  58  60  61  61
  61  60  58  55  55  58  61  61  59  55  52  52  53  50  52  55  52  51
  53  54  56  57  57  53  50  49  46  47  51  43  41  47  75 113 168 186
 188 188 186 189 188 185 189 191 194 195 196 196 196 194 194 196 198 198
 197 197 196 197 200 202 203 203 202 202 204 207 208 207 206 207 207 207
 206 207 208 208 211 213 214 213 214 216 217 216 218 218 220 219 218 222
 219  28]","[ 28  28 139 137 139 139 140 141 145 144 141 140 141 143 144 144 144 145
 143 144 133 128 124 123 126 129 122 114 108 101  95  89  89  83  82  83
  81  82  82  75  75  70  68  72  75  73  69  68  68  72  71  68  67  65
  63  65  66  65  68  74  78  80  81  81  77  75  77  79  81  80  82  90
  89  89  87  82  81  83  82  79  75  78  82  82  80  80  79  74  71  72
  72  72  70  67  65  64  65  64  64  61  58  61  64  61  59  62  63  61
  60  58  55  51  54  57  61  60  56  53  52  52  55  51  52  54  51  51
  52  52  50  50  51  48  48  49  45  48  46  46  73 104 157 183 190 188
 189 189 190 192 191 192 197 195 195 195 194 195 197 196 196 198 198 198
 198 197 197 199 202 204 204 203 203 203 205 208 208 207 208 209 210 210
 209 208 208 209 212 214 216 215 215 217 218 217 217 218 220 220 218 221
 219  28]","[ 28  29 139 137 140 141 143 144 143 142 141 141 142 143 142 141 144 144
 143 144 137 131 129 127 125 127 120 113 107  99  93  88  88  84  83  83
  81  81  79  73  74  70  67  67  67  67  68  70  70  71  69  67  66  63
  62  64  66  66  70  75  76  79  82  83  78  75  77  80  83  82  81  87
  89  88  86  83  81  81  79  77  76  79  83  82  79  81  82  76  72  71
  72  71  68  65  62  61  64  65  64  59  56  59  63  62  62  63  63  60
  58  56  53  50  53  55  60  61  56  53  53  52  55  53  53  53  51  50
  49  47  50  50  52  48  48  46  39  44  57  95 143 176 190 193 191 186
 186 188 192 193 191 194 198 196 196 195 194 195 198 199 199 200 199 200
 201 201 201 202 203 204 204 205 206 207 209 210 209 207 207 208 210 211
 210 209 210 211 213 215 217 217 217 219 219 219 218 220 221 221 221 223
 219  29]","[ 29  29 139 136 139 141 144 146 140 140 140 141 143 144 143 142 143 142
 141 140 135 129 130 128 126 125 117 111 105  97  93  89  87  86  85  84
  83  80  77  74  75  72  69  67  67  68  71  74  73  69  68  68  65  63
  63  65  64  67  73  76  76  78  81  82  76  75  76  76  80  82  80  83
  88  86  84  83  82  79  77  76  76  75  79  79  76  78  80  75  74  72
  71  69  66  62  61  61  60  62  60  58  58  58  57  58  60  60  58  57
  56  55  54  52  52  53  58  59  55  53  53  50  51  52  50  49  50  50
  47  46  51  49  48  40  38  44  54  77 129 173 188 192 187 184 192 193
 190 192 197 197 193 193 195 194 196 195 194 196 201 201 200 200 201 201
 202 203 203 203 203 203 206 207 208 209 210 210 209 207 207 208 209 210
 209 209 210 213 215 216 217 218 219 219 220 220 220 221 221 221 225 226
 218  30]","[ 29  29 137 133 136 139 143 145 138 138 137 138 141 145 146 146 145 143
 142 138 135 127 131 129 127 125 116 110 106  99  96  95  89  90  89  86
  84  80  76  75  73  71  69  69  70  72  72  72  75  69  68  70  67  64
  66  67  64  66  71  76  79  82  81  76  74  74  74  73  77  83  82  82
  85  83  82  83  83  80  78  78  77  73  76  77  73  73  74  71  75  72
  69  67  64  61  60  61  61  59  55  55  58  56  54  57  54  53  53  54
  55  55  54  53  52  51  54  56  53  53  52  49  48  50  46  43  47  49
  48  48  46  46  46  39  48  79 125 176 187 188 192 186 186 186 193 195
 196 192 194 196 195 196 197 199 195 195 195 198 202 202 200 200 201 201
 201 201 202 202 203 203 208 208 207 207 207 208 208 207 209 210 210 210
 209 208 211 215 215 215 216 218 218 218 218 219 220 221 219 220 226 227
 217  29]","[ 29  28 137 137 136 137 138 140 137 136 138 137 140 146 146 146 147 144
 146 144 134 128 128 129 130 125 117 109 103  99  96  93  92  90  89  86
  83  82  78  72  72  73  70  68  70  72  74  76  74  69  65  67  70  68
  65  63  66  64  69  78  82  82  79  76  75  73  73  77  81  82  82  82
  82  81  81  80  82  81  77  80  78  73  72  76  74  70  70  71  71  68
  66  63  61  61  61  57  59  56  54  54  55  54  53  52  50  50  52  52
  52  53  53  51  50  52  52  49  47  50  51  47  45  45  45  46  48  48
  48  48  48  38  45  73 114 162 181 189 187 187 188 188 189 191 194 196
 193 195 197 197 195 195 197 199 197 200 198 198 203 201 198 201 202 200
 203 204 203 202 202 208 209 208 207 207 207 208 207 207 208 210 212 212
 211 211 214 217 216 216 218 220 219 218 218 219 221 221 222 224 226 227
 219  27]","[ 29  28 138 140 139 140 139 138 139 139 140 138 140 144 145 147 146 145
 147 144 135 129 129 129 132 127 118 109 103  99  95  92  92  91  90  87
  84  82  79  75  72  73  72  71  72  73  74  76  76  72  69  70  71  69
  66  64  65  65  70  76  79  80  79  77  76  75  76  76  76  76  76  77
  77  75  76  76  78  78  75  78  76  73  74  76  74  72  72  71  69  66
  64  60  57  58  58  57  56  52  49  49  51  52  51  50  48  47  51  55
  55  53  51  50  49  50  51  50  48  48  48  45  43  44  44  46  48  48
  48  48  39  59 104 159 183 191 190 190 189 190 191 192 193 193 194 194
 194 196 198 197 196 195 196 197 199 201 199 199 203 201 198 201 205 202
 203 203 206 208 207 209 209 209 209 208 208 208 208 209 211 211 212 212
 212 212 213 214 215 217 218 219 219 219 220 221 223 223 224 225 226 227
 220  29]","[ 30  28 138 141 142 144 142 139 142 142 144 140 139 142 143 145 146 146
 147 143 133 129 131 131 131 127 119 110 105 103 100  95  90  90  89  87
  83  81  79  76  73  75  74  73  73  73  73  75  74  73  72  72  72  71
  69  68  65  67  71  75  76  78  80  79  77  77  76  74  73  73  73  73
  72  68  70  71  72  75  74  74  75  73  73  73  71  72  72  71  69  67
  64  60  55  54  56  56  54  50  46  47  50  51  50  49  46  44  48  55
  55  51  48  48  50  47  45  46  48  49  49  47  47  42  41  45  44  41
  48  63  96 153 183 188 186 188 193 198 192 193 195 196 196 195 194 194
 194 196 199 199 198 197 197 197 202 203 200 200 203 202 200 202 206 204
 204 203 206 211 209 209 210 211 212 210 209 208 209 210 210 209 209 210
 211 211 211 211 215 217 218 218 219 221 222 223 224 224 226 226 225 226
 220  30]","[ 30  28 137 140 142 145 145 143 145 145 146 142 140 141 141 143 146 146
 146 140 130 130 133 133 128 127 121 113 108 107 103  98  90  87  87  85
  82  80  79  76  75  77  76  74  74  73  72  73  73  74  74  73  73  72
  71  70  68  71  74  76  76  80  82  80  76  75  73  71  72  74  73  71
  72  65  66  67  69  73  73  72  75  71  69  68  68  69  70  70  69  66
  64  59  53  51  52  52  53  50  48  48  50  51  50  49  47  44  46  51
  51  48  46  46  45  44  44  45  48  48  46  46  47  48  46  44  41  53
  91 134 171 191 191 191 195 188 183 191 195 195 195 196 196 196 196 196
 195 197 199 200 200 200 200 201 203 203 202 201 204 203 203 205 204 204
 206 205 206 208 206 208 210 211 212 212 210 209 210 211 207 207 207 209
 210 211 211 212 216 216 217 219 220 221 222 224 223 225 227 227 226 227
 220  30]","[ 29  29 139 140 141 145 145 145 145 145 147 144 143 144 142 144 146 146
 146 140 132 131 134 132 125 126 122 114 108 105 101  95  91  87  85  85
  82  80  79  77  79  80  78  75  75  74  72  73  75  76  77  76  74  72
  71  70  72  74  76  77  78  82  83  79  74  74  73  71  72  74  73  71
  72  64  63  64  66  71  71  70  73  66  64  66  66  66  67  66  64  61
  59  57  52  49  48  47  51  50  50  51  50  49  48  47  49  47  47  50
  48  46  45  43  41  44  45  44  44  44  46  51  46  52  45  44  74 125
 168 191 191 188 191 187 185 188 192 194 195 195 195 195 195 195 195 196
 196 196 197 198 199 201 202 203 203 203 202 203 204 205 205 207 205 203
 206 208 208 207 204 207 209 210 212 212 211 211 210 210 208 208 209 210
 212 213 216 217 219 217 218 221 222 221 221 224 225 226 229 228 227 227
 220  29]","[ 29  30 142 143 142 144 144 143 141 141 144 144 144 146 145 146 146 146
 147 143 136 134 133 129 122 122 118 111 105 102  98  93  91  86  85  85
  83  81  78  76  79  80  77  75  75  74  73  74  75  77  78  78  77  75
  74  73  74  74  74  76  78  82  82  77  74  76  78  75  72  71  72  73
  72  64  61  60  63  67  68  69  69  63  62  65  66  65  64  62  59  57
  56  55  52  49  49  47  48  49  51  51  49  47  46  46  49  46  47  48
  47  45  42  40  40  43  44  44  44  39  37  42  40  55  82 124 164 181
 185 191 193 185 191 190 190 190 190 192 194 194 195 195 196 196 195 195
 196 196 196 196 198 200 202 202 203 202 202 203 204 205 207 208 206 202
 204 208 209 208 205 207 209 210 211 211 212 211 210 209 208 209 210 211
 213 214 217 220 221 220 220 223 223 222 223 225 225 227 229 228 227 227
 219  28]","[ 28  31 142 143 141 143 142 141 138 138 142 143 143 145 145 147 147 145
 145 143 138 136 134 128 122 118 112 106 102 100  97  95  90  86  86  87
  85  80  77  76  79  79  76  74  75  75  74  74  75  75  77  80  80  78
  77  77  76  73  73  76  79  82  81  76  75  77  79  78  73  69  69  71
  70  65  60  57  59  62  63  68  68  64  64  64  63  63  61  58  60  57
  56  55  52  50  50  50  47  48  49  49  47  45  45  46  47  42  42  46
  45  42  40  39  39  42  44  47  46  38  39  51  78 124 164 181 188 188
 187 191 187 192 193 189 196 194 193 194 194 194 195 196 197 197 197 196
 198 197 196 197 199 201 201 201 202 201 202 203 203 204 205 206 206 204
 206 207 208 208 207 210 210 210 211 211 211 210 210 209 208 208 209 211
 212 214 216 218 220 222 222 222 223 225 226 225 225 226 227 226 226 228
 220  28]","[ 28  30 141 141 140 142 142 140 138 139 142 143 142 143 144 147 147 143
 142 141 137 136 135 130 126 119 110 103 100  99  97  95  89  86  87  89
  86  80  77  76  79  79  76  74  75  76  75  75  76  76  77  81  81  79
  77  77  77  74  74  77  81  83  82  78  75  75  76  76  72  68  66  67
  70  66  61  55  55  57  58  66  68  67  65  62  59  60  60  57  61  58
  57  55  50  48  49  50  46  46  47  47  46  44  45  46  46  39  38  43
  43  40  39  42  44  44  43  43  42  47  75 114 160 181 189 184 187 190
 190 191 193 195 193 192 195 192 197 191 195 194 194 195 197 199 199 200
 199 198 198 200 201 202 202 200 202 201 202 203 202 202 204 204 206 207
 210 207 205 207 209 214 211 211 211 210 209 209 209 210 208 208 209 211
 213 215 217 218 219 223 223 220 221 227 228 225 225 226 226 226 227 230
 222  30]","[ 28  30 144 142 141 140 142 139 142 144 146 147 147 145 145 146 143 144
 145 141 139 136 133 137 130 120 110 102  96  94  92  89  87  86  86  83
  80  79  79  77  75  75  74  74  79  83  81  77  77  79  81  81  81  80
  78  75  75  77  74  73  80  84  82  80  75  77  74  73  72  72  72  69
  74  65  57  56  58  57  56  57  64  67  66  60  56  57  56  54  53  51
  53  52  50  50  47  47  43  44  47  46  41  42  45  44  45  37  41  40
  42  40  39  41  43  48  35  37  66 117 158 181 191 189 187 187 187 188
 190 193 193 194 194 194 194 193 193 194 194 194 195 196 197 198 199 199
 198 200 201 200 201 200 198 200 199 201 202 203 203 203 204 203 206 206
 206 205 206 209 210 211 214 212 211 210 211 210 209 208 209 206 209 214
 215 214 216 217 219 219 222 222 218 219 224 225 225 226 227 228 228 229
 223  28]","[ 29  29 141 139 138 140 144 143 142 143 145 146 146 145 145 146 144 143
 144 143 143 139 131 129 127 121 116 110 102  96  92  88  88  85  84  81
  77  77  77  76  68  68  71  76  81  83  82  80  77  79  80  80  79  77
  76  75  77  77  74  75  81  84  82  79  80  80  75  73  72  71  71  68
  71  64  59  58  58  56  54  53  55  60  61  58  55  55  54  52  47  46
  48  46  46  46  41  39  38  39  43  44  40  40  43  43  42  43  37  42
  44  41  42  34  40  45  59  98 150 180 188 186 189 188 188 189 190 190
 191 193 193 194 194 194 194 193 194 194 194 195 196 197 197 197 196 196
 200 201 201 200 200 198 196 196 198 200 202 202 202 203 205 206 208 208
 207 207 208 209 211 211 213 212 211 211 212 212 211 210 206 206 207 211
 213 218 219 218 219 219 222 223 221 222 225 225 226 227 228 229 228 230
 224  29]","[ 30  28 140 137 137 140 145 145 142 143 144 145 146 145 145 145 145 145
 146 145 142 134 124 123 119 116 115 112 104  97  92  89  88  85  83  81
  78  77  77  75  75  73  75  80  81  76  72  72  75  76  78  79  78  76
  78  81  80  76  75  77  81  84  83  79  82  80  74  72  72  70  70  65
  66  64  61  60  58  55  51  49  48  53  56  54  52  52  52  51  48  47
  46  43  47  47  40  38  37  37  40  41  39  39  42  44  41  42  35  37
  41  40  31  40  46  91 142 174 190 186 188 189 187 188 189 190 191 191
 192 193 194 194 195 195 194 194 194 194 195 196 197 198 198 197 195 194
 199 201 201 200 201 200 198 199 200 201 203 203 203 204 206 208 208 208
 208 208 209 210 211 211 211 211 211 212 213 213 212 212 211 213 211 214
 213 222 222 219 219 219 222 224 223 224 225 225 226 228 228 229 228 229
 224  29]","[ 29  28 141 139 139 140 144 143 143 143 144 144 145 146 145 144 148 147
 148 146 141 132 122 122 114 111 110 107 100  94  91  88  87  85  85  84
  82  80  78  76  74  73  76  82  84  81  79  80  78  77  78  78  76  73
  75  80  81  76  76  79  81  83  83  80  79  79  75  73  73  70  69  64
  64  64  63  61  57  54  50  48  47  50  52  50  48  49  52  53  51  48
  43  41  47  47  39  40  40  39  40  39  40  41  42  42  46  41  40  40
  36  35  51  95 148 173 188 187 186 184 187 186 188 188 189 189 190 191
 192 193 193 194 194 195 194 194 195 195 195 196 197 198 199 198 197 197
 198 200 200 201 203 202 202 203 203 203 204 203 203 203 204 206 207 206
 207 209 210 211 212 212 211 211 211 211 212 212 212 212 212 215 212 215
 211 221 220 217 219 219 221 223 224 225 225 224 227 228 228 228 227 229
 223  28]","[ 29  28 142 142 141 141 143 142 144 143 142 141 143 146 146 145 151 148
 146 145 145 138 126 123 117 112 109 104  97  92  90  87  86  84  84  85
  84  83  82  80  82  81  81  84  86  86  84  83  77  75  74  75  74  73
  75  78  80  76  77  80  80  81  82  81  80  80  76  75  73  70  69  65
  64  65  64  61  56  52  49  47  48  49  49  47  46  48  51  54  52  47
  42  42  47  45  38  41  40  41  40  39  41  43  40  36  40  37  38  42
  48  80 142 172 184 185 181 183 184 186 188 189 189 189 190 190 190 191
 192 193 192 193 193 194 194 194 195 195 195 196 197 197 198 199 200 200
 200 201 201 201 202 201 201 202 204 203 202 203 203 203 203 203 206 206
 207 209 211 212 212 213 213 212 211 211 210 211 211 212 210 214 213 216
 211 220 219 220 219 220 221 222 225 226 226 226 228 230 229 230 228 229
 223  29]","[ 29  29 145 145 144 143 145 144 145 144 141 140 143 147 150 150 150 149
 149 147 144 137 126 121 117 112 107 104  98  94  91  88  86  82  82  84
  85  85  85  83  82  82  82  84  87  90  90  89  74  72  71  74  76  77
  79  80  78  76  77  79  80  80  81  82  82  81  76  74  71  67  67  65
  64  64  63  60  55  49  47  46  48  47  46  47  47  49  50  51  49  46
  44  43  45  42  37  40  39  41  40  40  43  43  39  35  31  35  40  67
 126 166 185 189 189 185 178 184 183 185 186 189 188 190 192 192 192 193
 193 193 191 192 193 193 193 194 194 195 196 196 196 196 197 199 200 201
 201 202 202 201 201 200 200 202 203 202 202 204 205 204 204 205 207 207
 208 211 212 211 212 213 214 214 213 211 211 211 212 213 213 216 216 219
 215 220 220 222 219 221 221 222 224 225 225 227 229 230 230 230 229 230
 224  29]","[ 29  30 147 147 146 144 146 145 145 145 144 144 146 150 151 150 148 151
 152 147 143 136 124 120 112 108 104 102  98  96  93  90  87  83  83  86
  86  86  85  84  83  84  84  85  86  87  88  87  80  78  76  77  79  80
  79  77  77  77  77  78  80  81  81  83  82  80  74  72  70  65  64  62
  63  62  61  60  55  49  46  46  49  46  45  46  48  49  48  47  45  44
  44  40  37  37  36  38  39  41  40  41  43  41  40  44  60  73 126 168
 183 189 187 188 185 186 185 188 187 187 190 190 189 191 192 192 192 193
 195 195 193 193 194 194 194 194 195 195 196 196 196 197 198 199 200 201
 200 202 203 202 202 201 202 204 203 203 205 207 206 205 205 206 207 207
 209 211 211 211 211 214 214 214 214 213 212 212 213 215 215 216 217 217
 214 217 219 218 221 223 223 222 224 224 223 226 227 228 229 230 229 230
 224  29]","[ 28  29 147 148 146 143 144 143 144 146 147 148 150 151 150 147 150 151
 151 146 145 141 129 122 109 105 102 100  96  94  93  91  89  85  86  89
  89  87  84  82  83  84  85  87  87  86  87  88  81  80  78  79  81  83
  81  78  76  78  76  77  81  82  81  83  79  77  72  72  70  66  63  60
  61  60  60  60  57  50  47  48  52  47  44  45  48  49  47  45  45  45
  45  38  32  36  39  40  39  40  39  40  40  37  42  54 101 152 179 187
 185 184 183 185 189 186 186 187 190 188 192 189 191 192 192 190 190 193
 195 197 195 195 195 195 195 195 195 196 196 196 197 198 199 200 200 201
 200 203 203 202 201 201 202 205 202 204 206 208 207 204 204 206 207 207
 209 211 211 210 211 214 213 214 214 213 212 212 214 215 215 216 218 215
 215 218 221 218 224 227 226 225 225 223 222 225 226 228 229 230 229 231
 225  30]","[ 29  29 146 146 146 144 143 144 145 145 144 143 146 150 152 150 150 151
 148 145 146 143 134 129 114 102  97  97  94  92  92  89  89  89  87  87
  89  88  84  82  84  86  87  88  90  89  87  88  81  79  78  79  82  82
  79  76  75  74  75  79  82  81  81  81  81  77  73  71  69  67  63  61
  58  60  58  60  59  53  51  52  53  50  47  46  46  46  46  47  46  47
  43  40  40  36  39  43  47  42  42  37  35  49  86 132 174 183 187 184
 180 182 186 188 187 187 188 188 187 189 190 189 190 192 192 190 189 191
 194 195 195 195 195 195 195 195 195 195 196 200 200 196 195 198 201 201
 200 200 201 202 202 202 204 205 204 204 204 206 208 207 206 208 209 210
 211 211 211 212 213 213 211 210 212 215 213 211 213 216 216 216 216 216
 217 217 218 219 223 222 224 226 228 227 227 228 228 229 230 231 230 232
 225  29]","[ 29  27 142 144 147 147 145 144 144 144 143 144 147 151 151 150 152 154
 150 146 146 141 132 127 121 113 105 102 100  95  89  88  92  90  88  86
  85  86  85  82  82  87  89  90  91  89  87  88  81  79  79  80  82  81
  78  75  77  77  78  79  79  79  79  80  78  77  76  74  70  64  60  58
  58  60  57  58  56  50  50  52  51  51  49  48  47  47  47  46  45  42
  45  41  36  35  39  45  42  45  39  47  81 131 173 184 186 187 186 184
 183 185 186 186 187 186 188 188 188 189 191 190 190 191 192 192 192 193
 194 194 194 195 195 195 195 195 196 196 196 198 198 197 197 200 202 202
 198 199 200 202 202 201 202 203 201 203 203 204 206 206 205 207 205 207
 209 210 211 211 212 213 213 212 214 216 214 213 214 216 215 218 219 218
 216 215 218 220 223 223 225 227 228 228 227 228 227 229 230 231 231 233
 225  29]","[ 29  29 146 146 146 145 145 146 145 144 145 146 149 151 151 150 150 152
 150 147 145 140 132 127 123 120 111 107 109 103  94  93  90  89  89  87
  83  83  82  77  76  84  89  90  90  90  88  88  84  81  77  75  76  77
  76  75  75  77  79  78  77  76  76  76  76  74  73  73  70  62  57  56
  56  58  56  56  54  50  50  52  50  50  49  46  44  43  44  44  41  43
  43  44  43  40  37  39  42  38  49  97 149 178 187 181 188 186 183 184
 185 186 186 186 187 186 187 188 187 190 192 191 189 189 190 193 194 194
 194 194 193 194 195 195 195 195 196 196 197 198 198 198 199 201 202 201
 197 198 199 201 201 201 202 204 201 205 205 205 207 208 209 210 205 206
 208 210 211 211 211 211 216 214 217 219 217 215 216 217 216 217 218 218
 218 219 221 223 223 223 225 227 228 228 229 229 229 230 231 233 233 235
 226  30]","[ 29  31 148 147 146 144 145 148 147 147 147 148 148 148 149 151 148 149
 148 146 144 140 134 129 126 124 116 111 109 104  94  89  89  88  89  87
  81  81  81  74  76  84  89  89  89  90  88  87  85  81  76  75  75  76
  75  73  69  74  77  77  75  75  74  73  74  68  65  67  66  61  56  55
  55  57  55  55  54  50  48  47  47  46  45  44  41  41  43  45  44  42
  36  45  42  35  40  46  39  72 123 163 187 188 175 177 184 184 184 185
 186 186 187 187 187 186 187 187 187 189 191 191 189 189 190 193 195 194
 194 195 193 194 195 195 194 195 196 197 200 199 200 200 201 200 200 200
 202 201 201 200 200 201 203 206 206 210 210 207 207 208 208 208 207 207
 209 211 211 211 210 211 216 215 217 219 217 216 217 217 216 216 216 217
 218 220 222 223 222 223 225 226 227 228 230 231 230 231 231 232 233 235
 227  29]","[ 29  28 144 144 147 147 146 146 148 148 148 147 145 144 147 151 151 151
 150 147 144 141 137 132 131 126 122 117 111 107 100  90  92  88  87  84
  79  82  84  80  82  89  91  89  88  88  85  83  81  79  78  80  81  80
  76  72  68  71  73  73  74  75  75  73  72  66  62  63  63  58  55  54
  56  58  54  54  53  49  46  42  43  40  41  43  44  42  44  48  48  41
  39  43  41  45  45  47  73 133 180 182 181 181 176 185 186 187 187 186
 186 187 188 187 187 186 187 187 187 188 190 189 190 190 192 194 194 192
 193 195 194 195 195 195 194 194 196 197 200 200 201 202 201 199 199 200
 205 204 203 202 200 200 201 203 204 207 207 205 206 207 208 209 209 209
 210 211 212 211 211 213 214 213 214 216 215 215 215 215 214 217 218 217
 215 215 219 223 223 224 225 225 226 228 230 231 231 231 230 231 232 234
 226  28]","[ 28  28 144 144 146 146 146 147 147 149 149 146 143 144 148 153 153 152
 152 149 144 143 141 136 132 125 124 122 115 112 107  97  91  87  85  84
  83  85  86  83  85  89  89  87  87  85  82  80  80  79  79  80  81  80
  77  74  72  71  70  70  71  73  74  73  69  67  66  65  62  57  54  55
  57  58  53  51  52  51  48  44  40  39  41  45  46  43  42  45  45  43
  46  44  44  42  35  75 145 178 183 179 182 179 179 184 188 188 186 184
 185 188 188 186 187 187 187 187 187 188 189 188 190 191 193 193 191 190
 191 193 195 195 195 195 195 195 196 197 197 198 200 201 201 200 200 202
 201 202 203 203 202 201 202 203 202 205 204 203 206 208 209 210 209 208
 209 211 211 210 212 215 214 213 213 214 214 214 215 214 214 216 218 217
 216 217 220 222 224 225 226 226 226 228 230 231 232 232 231 231 232 234
 226  28]","[ 29  30 147 146 146 146 147 150 147 149 150 147 144 146 150 153 152 153
 153 150 143 142 142 138 132 128 124 121 116 110 102  96  92  87  83  84
  86  86  84  82  83  86  88  87  87  84  81  81  81  80  78  76  75  75
  76  76  74  71  68  66  67  68  69  70  65  65  66  65  61  57  54  54
  56  58  52  49  51  50  49  45  39  41  43  45  45  42  41  40  41  42
  44  46  40  38  63 144 174 184 179 179 185 183 182 183 186 185 184 184
 185 187 187 187 187 187 188 188 187 188 189 187 189 192 193 192 190 190
 191 192 195 195 196 196 196 196 196 196 196 197 198 199 200 201 201 201
 198 200 202 204 204 204 204 205 209 208 206 205 206 207 206 207 209 208
 209 211 210 209 211 215 216 214 214 214 214 215 216 215 214 216 217 219
 220 222 223 223 224 226 227 227 228 230 232 232 233 233 233 233 233 235
 227  30]","[ 30  28 144 145 149 151 151 151 146 149 150 147 145 147 150 151 152 153
 155 150 141 138 139 137 134 133 126 122 121 112 101  98  97  90  82  81
  85  85  83  84  83  87  90  91  90  86  83  83  80  81  80  77  73  71
  72  74  74  70  66  65  65  64  64  66  62  61  60  60  59  57  54  52
  57  59  53  49  48  46  44  39  37  42  45  44  43  44  43  40  39  47
  45  43  40  82 141 181 184 178 181 183 185 184 180 184 184 184 186 188
 187 184 185 188 187 187 188 188 187 188 189 187 189 192 193 192 191 193
 194 194 194 195 196 197 197 197 196 196 196 196 197 198 199 201 201 199
 201 202 203 204 204 204 205 207 207 205 203 204 208 209 208 210 210 210
 211 212 210 208 210 214 217 215 214 214 213 214 216 214 213 217 222 223
 221 220 222 224 223 226 228 229 230 232 234 234 232 233 233 234 234 236
 227  30]","[ 31  26 147 145 150 149 147 148 146 148 150 150 149 150 151 152 153 153
 153 152 147 140 137 138 138 136 130 123 119 115 107 100 100  96  89  86
  83  86  81  83  83  83  86  89  88  86  83  79  76  79  81  77  71  68
  70  74  74  71  66  64  65  65  63  60  58  58  55  52  54  55  53  51
  54  53  50  46  44  43  41  40  40  41  44  46  44  44  45  44  41  39
  41  41  63 133 169 176 179 182 182 182 183 183 181 181 185 187 189 188
 187 185 185 185 186 188 189 190 190 190 189 189 192 193 193 194 194 195
 195 194 194 196 196 195 197 198 197 197 196 196 196 196 199 199 200 201
 203 204 205 206 206 207 206 206 206 207 207 206 207 207 207 209 211 211
 211 210 210 212 215 218 217 216 216 216 217 216 216 216 213 215 221 221
 219 220 219 220 220 224 227 227 229 230 230 231 232 232 233 234 234 237
 229  29]","[ 30  29 147 147 149 151 143 148 147 149 150 149 148 150 152 154 151 151
 152 152 148 141 139 141 138 136 131 125 123 121 117 112 104  97  93  89
  87  82  78  82  82  81  82  83  84  85  82  76  77  78  77  73  68  66
  68  71  73  70  65  64  65  65  60  55  56  55  51  49  51  51  49  48
  53  52  49  46  44  42  40  38  41  41  43  45  46  47  47  45  45  42
  35  39 121 163 178 179 179 182 182 182 184 184 184 184 186 187 188 188
 188 187 186 185 186 187 188 189 189 189 189 189 193 193 194 194 195 195
 194 193 193 195 195 195 196 196 197 200 198 199 198 197 200 201 200 200
 201 204 206 207 207 206 206 205 207 208 207 206 208 208 208 210 212 212
 212 213 213 214 216 218 216 216 216 216 217 216 216 215 216 217 221 221
 220 221 219 219 226 230 231 230 230 229 228 229 231 235 230 234 237 235
 226  31]","[ 30  29 144 149 151 147 151 143 147 150 153 154 153 152 152 153 152 152
 154 153 148 141 138 139 140 138 134 128 124 123 121 118 107 101  98  90
  90  83  80  82  82  82  82  82  82  84  82  75  74  76  77  75  73  70
  69  70  65  65  65  64  62  62  61  60  59  56  52  50  52  51  48  48
  51  52  53  51  48  46  43  41  42  40  40  43  45  47  46  43  41  43
  41  72 149 165 172 179 180 182 182 182 184 184 184 186 186 186 186 187
 188 188 186 185 185 186 187 188 189 190 191 192 192 193 193 193 194 194
 194 193 195 196 195 195 196 195 197 203 195 197 196 196 199 201 200 199
 200 203 204 204 203 204 205 206 207 207 206 206 207 207 207 208 212 212
 213 214 215 215 216 216 217 218 219 218 219 220 219 218 219 219 222 222
 223 225 223 223 226 229 230 230 231 231 231 232 233 232 236 230 235 235
 227  29]","[ 29  26 150 145 146 146 146 148 145 149 153 155 153 151 150 149 151 151
 151 151 148 142 137 136 138 138 135 129 124 122 120 119 110 107 103  92
  92  90  86  82  81  81  83  83  81  80  78  73  73  74  75  74  71  68
  65  64  65  67  67  62  57  55  58  60  58  55  51  51  53  51  48  49
  47  49  51  51  49  46  44  42  44  41  40  41  42  43  43  40  43  48
  51 106 145 163 177 186 181 184 184 183 184 185 184 186 186 185 185 186
 187 188 186 185 185 186 188 189 190 191 192 192 194 194 195 194 194 195
 195 195 195 195 194 194 195 193 195 201 192 197 197 196 199 202 201 200
 200 202 204 204 204 205 206 206 208 209 208 208 209 209 208 209 212 213
 213 215 216 216 216 215 214 216 216 215 216 219 219 217 220 219 222 222
 223 226 225 226 224 227 227 227 229 231 232 235 234 238 230 230 237 229
 229  30]","[ 30  32 145 145 150 151 147 150 145 148 151 151 151 150 151 152 149 149
 149 149 148 144 140 138 136 136 134 129 125 123 123 123 114 111 103  97
  96 101  94  91  85  81  82  83  82  79  76  74  74  74  73  70  67  65
  65  66  66  66  63  59  55  53  54  55  57  55  52  52  54  51  48  49
  48  49  50  49  47  46  45  44  45  41  39  38  38  39  39  37  33  48
  61 118 150 166 180 182 179 182 182 182 184 184 184 185 184 185 185 186
 186 186 186 186 187 188 189 189 189 189 189 189 191 193 193 192 191 192
 194 196 197 196 195 196 198 197 198 202 196 201 202 200 201 203 203 203
 200 202 205 207 209 209 207 206 209 210 210 210 210 209 208 208 210 210
 211 213 215 216 215 215 214 216 216 215 217 220 220 219 218 217 220 218
 218 221 222 224 226 227 226 226 227 228 230 233 231 238 232 233 232 239
 230  27]","[ 30  26 148 146 150 148 153 148 144 147 150 152 152 152 153 153 153 151
 149 148 147 143 138 135 138 137 134 129 124 122 122 123 123 115 105 103
 100 100  91  91  90  83  80  82  83  82  79  76  74  74  73  69  64  60
  59  59  61  62  62  59  54  52  53  53  59  59  56  55  54  51  48  47
  49  49  47  44  41  42  43  44  45  43  41  40  38  39  40  39  43  52
  72 130 157 168 178 180 177 180 181 181 184 184 184 185 185 186 187 187
 187 187 187 188 188 189 190 191 191 191 191 191 193 195 195 194 192 193
 196 198 196 195 195 196 199 200 200 202 196 201 202 201 202 203 203 204
 203 203 203 204 205 207 208 207 209 211 211 210 210 209 207 208 210 210
 210 212 214 215 216 216 214 215 215 214 215 218 218 218 218 219 222 221
 221 224 225 228 226 227 226 227 229 230 232 235 233 233 234 234 237 234
 226  29]","[ 30  31 150 150 151 153 146 146 146 148 151 153 154 154 153 152 155 153
 151 150 147 144 140 138 137 136 133 129 125 123 123 124 123 115 109 105
 101  96  88  89  87  81  79  80  81  81  80  78  76  76  75  71  66  61
  57  54  59  61  62  59  54  51  51  52  58  59  56  54  53  51  48  48
  47  47  45  42  40  41  43  44  42  40  40  40  38  39  40  39  41  45
  75 136 165 177 179 176 180 181 181 181 183 183 183 185 185 185 186 186
 186 186 186 186 186 186 186 187 187 188 189 189 192 193 193 192 190 191
 192 194 192 194 194 194 196 197 197 197 195 197 197 197 199 199 200 200
 201 201 198 198 198 201 202 203 205 207 206 205 205 204 204 205 205 205
 206 207 208 209 209 209 211 210 210 210 212 212 212 212 212 212 215 214
 214 216 217 218 220 221 221 222 225 226 226 230 229 222 222 230 225 226
 224  29]","[29 31 26 29 28 30 30 28 29 29 29 28 28 29 29 29 29 29 29 29 29 29 28 28
 29 29 30 30 29 29 29 29 29 28 31 27 31 29 28 29 29 29 30 30 28 28 29 28
 29 29 29 29 29 29 29 29 29 29 29 28 29 29 29 28 28 31 30 28 29 29 29 29
 29 30 30 29 28 29 29 29 30 28 29 30 29 30 30 29 30 28 31 27 32 26 29 29
 28 30 29 27 28 29 29 30 29 29 29 29 29 29 29 29 30 30 30 29 29 29 29 30
 29 29 29 29 29 29 29 28 28 30 29 28 29 30 29 29 29 29 28 28 30 29 28 29
 28 29 30 30 29 29 29 29 28 30 30 29 28 28 28 31 29 29 29 29 29 29 29 29
 30 29 28 29 30 29 28 29 28 29 31 29 29 30 28 29 29 29 29 29 30 28 27 29
 28 32 28 29 28 30 29 28]"
