"[31 30 30 31 31 27 29 30 29 27 30 30 30 31 28 29 29 29 29 29 30 29 28 30
 28 30 30 29 29 28 28 30 29 29 29 30 29 28 29 30 30 31 30 28 28 30 30 30
 28 28 30 28 30 29 31 28 31 28 29 30 27 33 28 29 29 28 30 30 27 28 30 29
 29 30 28 28 29 29 30 28 29 30 30 29 29 29 29 29 28 30 28 29 33 29 28 31
 30 29 29 30 29 28 29 29 30 28 31 28 29 30 28 30 28 31 29 29 28 30 28 29
 29 28 28 30 29 30 31 30 29 31 29 28 32 28 30 28 29 29 30 30 28 28 29 29
 29 28 29 28 31 29 29 31 28 30 29 29 29 29 28 29 29 28 28 29 30 29 29 29
 29 30 31 29 28 29 29 29 29 28 29 30 29 28 29 30 28 29 29 29 30 30 29 30
 29 30 29 30 29 30 28 29]"
"[34 27 29 27 24 32 27 29 29 28 29 26 27 31 30 31 28 30 30 29 29 29 28 30
 30 29 27 28 30 29 28 29 31 29 28 29 29 27 28 29 27 28 29 30 31 28 26 28
 31 28 29 29 30 26 27 29 25 29 28 31 26 28 30 29 30 29 29 29 29 30 30 27
 29 30 29 30 30 29 31 29 28 29 30 30 30 30 29 29 30 30 30 27 27 30 31 27
 27 30 30 26 27 31 31 28 27 29 30 28 31 30 30 27 28 29 27 29 28 30 28 30
 31 30 31 30 27 29 31 27 31 30 28 30 32 27 29 29 29 27 27 29 29 30 30 29
 28 31 29 28 30 28 30 27 31 30 29 28 30 30 29 30 30 29 29 28 29 29 29 29
 28 27 27 28 29 30 29 28 30 29 30 30 28 29 30 28 30 30 29 28 27 28 29 31
 29 30 28 26 31 27 32 28]"
"[ 28  28 115 113 107 110 110 113 117 118 118 114 112 114 112 111 110 113
 115 115 115 116 117 118 122 121 119 120 121 117 115 117 125 123 125 133
 142 147 153 157 164 166 165 163 162 161 160 162 155 147 145 146 151 154
 166 177 210 220 226 244 246 244 247 245 245 247 246 245 247 247 246 246
 245 246 244 246 246 245 247 246 248 248 248 248 246 245 246 246 240 216
 206 204 190 176 167 159 152 148 142 138 133 122 118 123 125 136 137 132
 133 134 140 133 135 135 131 130 130 131 129 130 130 122 114 100  81  65
  46  25  33  29  24  25  22  23  26  25  27  25  24  22  18  18  17  15
  17  17  18  21  22  14  23  69 107 102  95  90  85  80  75  72  70  75
  79  80  78  74  68  63  60  54  50  50  51  53  57  61  61  60  58  56
  56  60  61  57  58  59  60  62  63  63  65  66  72  71  76  85  99 120
 131  30]"
"[ 29  33 108 109 110 110 111 118 114 116 117 115 113 113 112 111 112 112
 114 115 113 110 110 109 109 111 113 116 116 112 112 118 127 122 119 121
 121 120 119 121 133 142 147 148 151 157 158 156 162 158 157 154 152 146
 148 151 145 154 161 177 181 190 222 244 244 250 252 251 252 252 251 253
 251 253 252 253 253 251 253 252 253 250 251 253 252 251 253 253 254 254
 254 250 243 242 227 197 190 182 168 161 161 154 145 145 144 133 130 135
 136 124 123 123 128 131 129 126 127 132 132 130 127 123 123 123 120 120
 116 104  92  71  44  30  23  33  33  23  23  22  23  22  22  23  23  18
  16  18  16  22  18  39  82 107 106 100  92  86  79  74  71  69  70  75
  79  78  75  70  65  60  58  54  53  54  53  51  53  58  60  60  58  55
  56  64  67  62  62  63  65  67  68  68  69  70  68  73  90 105 127 132
 122  31]"
"[ 30  24 118 113 117 110 106 106 110 110 109 109 107 105 107 110 116 113
 115 118 115 110 108 107 104 105 107 109 110 107 110 117 118 116 115 117
 118 116 116 118 117 123 123 119 123 132 138 140 136 144 154 156 160 159
 161 159 154 152 153 153 148 146 154 161 176 188 201 217 236 249 251 252
 253 253 251 252 251 250 253 254 252 251 252 253 252 251 251 250 251 251
 252 252 253 254 254 251 254 249 244 240 222 187 167 170 161 147 146 144
 139 129 126 130 124 125 124 124 127 129 129 128 122 120 123 124 121 124
 130 130 119 115 108  95  69  59  46  31  24  21  24  28  26  23  23  25
  23  19  19  19  40  92 108  99  94  87  81  75  67  65  68  70  68  72
  75  73  69  66  64  61  64  60  59  60  58  53  52  55  57  59  59  57
  59  67  70  65  65  64  66  68  69  70  71  74  77  91 108 127 128 128
 130  26]"
"[ 28  32  73  84  88  95  91  99 101 102 101 104 101  98 101 105 109 106
 110 114 110 108 108 105 105 103 101 102 104 103 105 110 117 116 116 116
 115 111 109 109 110 114 117 119 119 115 110 108 119 125 129 125 129 136
 147 149 143 147 161 157 153 152 148 148 142 150 153 149 149 159 176 190
 215 222 232 246 253 253 254 253 253 255 254 252 253 253 253 253 252 253
 251 250 252 252 253 254 253 254 254 253 255 255 250 245 231 223 212 180
 161 157 150 140 135 127 123 123 126 119 117 119 117 118 120 122 121 120
 121 122 125 116 116 116 111 116 120 120 110  76  44  31  25  20  21  26
  25  33  31  57  96 112 107  98  92  83  77  70  62  61  67  71  71  73
  73  70  68  67  65  63  75  71  66  64  62  59  58  57  61  63  66  65
  65  68  68  63  64  65  67  70  70  70  74  79  90 105 126 131 124 127
 120  32]"
"[ 31  24  67  66  69  78  79  77  81  85  86  90  90  88  94  97 102 102
 106 106 102 102 104 100 100 100  98  99 102 103 105 109 111 112 112 111
 109 105 102  99 105 107 109 113 115 112 108 108 109 110 111 105 106 109
 119 125 126 125 138 140 150 158 158 157 162 161 157 152 149 152 153 151
 148 153 161 179 197 213 229 238 241 250 251 251 254 254 250 252 253 253
 252 252 253 253 251 249 253 252 251 252 253 253 254 254 255 250 251 245
 239 229 210 187 170 156 142 132 131 122 119 118 118 115 108 106 112 115
 115 115 115 107 111 108 104 106 113 117 116 106  99  93  81  64  51  44
  30  35  64  89 102 105  99  93  83  74  71  70  66  68  75  76  75  70
  64  61  62  64  66  67  71  73  73  68  64  61  60  58  66  68  71  72
  69  68  68  66  67  68  70  71  70  73  83  94 115 127 122 123 123 124
 125  29]"
"[ 28  31  75  74  80  81  83  73  71  75  73  74  73  75  83  86  88  91
  97  95  91  96 101  96  95  98 100 100 100  99 100 104 105 107 109 108
 107 106 102  97 103 105 105 105 108 109 107 105 108 108 111 110 109 104
 110 117 119 114 122 124 128 130 136 143 145 152 159 157 150 151 155 154
 151 148 143 144 145 146 152 155 162 186 205 223 244 253 251 254 254 254
 254 253 251 253 254 253 254 253 253 253 251 251 253 252 252 252 253 254
 253 252 254 244 234 216 191 166 159 152 147 139 142 137 121 107 108 109
 106 105 112 104 106  98  98 102 107 108 109  99  89  87  95  99  85  65
  64  76  97 104 103  97  95  84  78  69  69  73  71  73  75  73  66  60
  56  58  63  66  65  63  66  71  71  61  53  54  59  62  64  65  69  71
  68  67  70  72  70  70  70  70  72  83 106 125 130 125 120 126 127 124
 127  29]"
"[ 29  26 100  96  93  90  88  85  77  72  75  74  74  77  74  73  69  66
  71  78  83  90  95  91  83  90  94  96  99  96  92  96 106 104  96  98
 105 107 106 104 104 105 102 105 104 102 107 106 109 110 110 107 107 106
 106 113 116 112 112 114 113 112 117 125 126 121 117 122 130 133 140 151
 155 153 153 148 152 160 153 151 148 148 151 153 153 161 186 212 228 237
 247 251 251 253 253 250 254 252 254 251 253 250 252 251 252 253 252 253
 252 252 255 253 254 255 253 255 248 220 202 182 164 152 143 139 144 133
 123 115 105 100  96  92  88  87  94 103  99  88  85  88  87  90  75  81
  98 101 100  98  97  93  83  75  75  74  74  74  77  77  71  64  59  57
  58  61  63  62  62  64  65  65  62  57  55  57  62  65  66  66  68  70
  69  67  69  74  76  76  79  84  95 114 129 132 127 124 123 123 126 128
 130  29]"
"[ 29  30 112 113 114 110 105  98  91  88  90  85  81  81  77  75  76  72
  75  80  79  79  77  71  71  77  79  82  87  86  86  91  91  94  91  92
  97 102 105 103 104 105 106 110 109 105 103 102 103 103 100  98 100 102
 104 110 112 110 107 107 109 110 109 108 114 113 112 114 117 118 122 129
 122 127 135 132 135 144 149 159 158 159 162 162 154 144 143 149 154 163
 175 187 204 224 242 252 250 251 253 254 253 254 254 252 252 253 250 250
 250 251 254 254 252 250 251 253 255 252 253 251 245 232 212 191 177 158
 146 139 124 127 123 108  93  89  91  93  93  88  87  82  81  81  78 101
 109 109 105  97  89  81  74  72  74  74  73  72  72  70  63  56  56  57
  59  60  58  56  58  62  59  61  63  65  65  63  63  65  63  69  71  67
  67  71  73  71  82  80  89 108 123 129 129 129 128 126 126 125 126 127
 129  28]"
"[ 30  29 108 107 109 111 109 105 104 105 107 101  94  93  90  88  86  81
  81  82  80  78  76  72  72  74  73  72  74  74  75  81  89  83  82  91
  92  89  96 103 100 104 111 110 104  98  97 102 106 104  98  95  97 101
 105 109 108 109 110 112 113 114 112 110 109 109 112 112 110 111 114 115
 114 116 120 116 115 121 125 134 132 137 148 157 159 156 152 152 152 152
 147 143 148 158 172 184 194 212 235 251 250 253 254 253 252 252 251 254
 254 252 250 252 254 252 255 252 254 254 253 255 254 254 254 253 252 239
 219 203 172 152 140 143 139 122 111 111  91  86  84  76  81  91  95 110
 109 104  98  91  83  76  75  77  74  74  72  71  68  63  55  49  53  56
  59  59  56  56  59  62  66  66  68  71  71  68  67  69  75  71  70  71
  72  71  72  74  78  96 117 129 131 128 126 128 127 128 129 127 127 127
 129  28]"
"[ 31  28 102  96  97 101 103  99 103 106 109 105 101 102 103 100  97  93
  90  87  83  83  84  82  83  83  78  73  71  70  72  78  79  75  73  73
  71  72  81  82  78  77  84  88  91  92  88  90  95  97  96  97 100 103
 106 106 103 102 105 110 109 105 102 104 104 104 107 108 106 109 112 110
 109 107 107 106 108 111 109 113 112 115 119 122 127 135 145 152 149 157
 156 152 152 149 145 146 148 148 151 158 167 190 210 218 222 240 248 251
 253 251 252 254 251 251 252 251 252 253 253 251 252 253 252 250 253 254
 254 254 253 239 223 206 179 148 133 133 143 130 114 103 103 109 108 101
 104  95  88  84  80  75  74  75  75  73  71  69  66  61  55  50  52  54
  56  58  61  64  65  63  73  73  73  73  71  70  72  75  74  74  73  73
  76  80  82  81  93 117 132 131 128 127 126 125 126 129 130 128 128 128
 130  29]"
"[ 29  29 105 100 100 101  97  91  95  98 100  98  97 100 103 101  99 100
 100  96  92  91  91  90  87  87  86  83  79  78  80  84  83  78  71  67
  65  69  75  72  64  63  71  75  79  81  76  76  92  97  97  98  99 101
 105 101 103 101 102 105 105 102 101 103 101  98 100 104 104 106 107 104
 102 101 101 102 105 106 104 106 103 109 114 113 110 109 109 108 112 123
 128 130 139 146 149 151 151 152 155 151 150 150 152 148 159 170 183 206
 229 237 240 244 252 254 252 253 251 251 255 253 253 253 253 253 253 253
 251 253 252 254 254 254 247 233 219 210 203 191 152 133 118 113 109 102
  97  86  80  79  76  73  72  72  73  70  67  67  66  63  59  57  55  57
  58  61  67  71  70  65  67  73  76  76  74  75  76  76  75  74  75  77
  79  82  89  96 116 125 128 125 124 123 123 126 127 129 130 128 127 128
 130  29]"
"[ 28  28 106 104 104 104 101  95  97  99  98  97  95  97 101  98  95  99
 100  98  95  95  95  94  89  91  92  92  89  86  86  86  91  84  75  72
  72  73  74  70  64  66  68  64  59  57  54  54  69  81  89  96  98 100
 104  97  95  98 100  97  95  97 101 104 101  99  99 102 104 104 102  97
 103 102 100 100 101 100  98  99 104 107 109 108 107 107 106 103 106 109
 107 103 110 118 124 127 131 144 160 160 159 153 155 156 154 151 145 145
 145 142 152 166 186 208 226 247 253 252 255 251 253 253 250 252 253 254
 252 251 252 250 250 254 254 253 253 255 254 246 184 144 120 109 102  96
  85  78  77  77  74  74  76  75  69  66  64  65  66  64  64  64  64  66
  68  70  74  76  75  72  68  75  80  79  78  80  81  79  83  76  76  81
  82  83  97 117 123 125 125 123 122 121 125 131 130 130 130 129 129 128
 129  29]"
"[ 31  29 107 105 107 109 109 107 105 106 103 102 100 100 104 101  98  98
  96  95  94  90  89  92  94  93  95  96  94  91  90  88  94  98  90  83
  86  90  86  75  77  74  66  63  63  63  59  51  60  66  63  61  59  66
  78  74  77  85  90  87  83  84  90  96  96  99  98  96  98  99  95  91
  98  98  96  96  99  99  98  98  99 101 102 101 101 102 100  97  96  99
 103 107 109 108 102  98 103 108 108 108 118 129 144 158 158 163 158 149
 143 140 139 134 129 136 136 144 152 172 198 215 225 239 248 254 253 254
 253 254 255 255 253 251 251 253 253 250 252 223 165 129 112 105  95  82
  78  76  78  78  73  73  74  69  63  61  62  65  66  65  67  70  72  74
  76  77  78  80  81  80  78  82  83  82  80  82  82  82  79  79  80  85
  93 105 118 126 126 125 124 124 126 131 133 131 131 128 128 129 130 128
 129  29]"
"[ 28  28 108 109 111 112 111 109 106 107 105 105 103 102 107 105 102  99
  97 101 101  94  91  95  95  92  92  94  94  95  95  93  97 100  96  97
 103 100  93  87  86  87  79  78  80  80  76  64  66  73  71  69  63  64
  70  61  51  57  65  71  72  72  76  82  91  98  96  90  92  95  93  91
  94  98  97  96  95  93  93  94 101 101  99  95  94  96  98  99  98  94
  96 102 106 105 104 102 103 112 110 108 105 104 105 117 108 110 119 134
 139 137 142 145 138 139 139 137 128 130 129 135 139 151 159 172 189 216
 234 245 245 250 254 254 253 253 251 251 224 162 122 114 106  98  89  73
  74  73  76  77  73  73  70  59  56  57  60  65  65  64  67  73  75  75
  76  77  79  82  84  84  84  84  84  83  82  81  81  81  79  77  83 100
 116 123 123 123 123 122 125 126 125 128 132 133 128 124 124 128 130 128
 128  29]"
"[ 27  30 110 107 111 108 118 116 109 109 106 105 105 105 105 108 106 100
 100 104 104 102  98  94  89  90  92  95  97  97  95  94  94  94  91  88
  90  97  98  95  91  88  90  96  98  98  95  91  83  83  79  77  71  69
  74  64  56  60  65  61  63  64  58  65  60  61  69  80  84  85  88  90
  93  96  97  94  96  90  87  87  89  98  95  94  96  97  99  98  96  94
  97 101 103 102  98  94 101 104 105 107 107 104 104 104 103 105 104 103
 106 113 120 123 137 150 146 136 133 133 136 133 132 135 133 128 128 133
 147 161 182 218 242 251 253 254 245 206 155 116 105  96  97  85  73  75
  75  73  72  72  71  67  62  59  54  58  60  64  70  70  68  71  75  81
  82  78  78  81  85  89  86  86  85  84  82  82  85  89  84  85 100 120
 129 129 128 128 125 124 123 123 126 130 131 130 126 125 125 129 134 130
 128  29]"
"[ 30  28 107 105 109 109 115 112 108 107 104 106 106 107 106 109 106 105
 106 108 106 103 102 102  95  97  98  98  96  94  95  97  97  95  88  82
  83  90  95  94  90  89  92  95  95  96  98  98  95  95  88  85  82  85
  88  74  69  75  75  63  67  73  63  57  60  56  58  63  68  71  73  74
  82  88  94  92  94  92  92  90  82  83  77  82  94  97  97  97  96  95
  95  97  99  98  97  97  99 102 105 105 104 102 103 104 106 104 101  98
  96  97  99 101 104 109 108 111 115 118 127 135 138 137 134 133 132 130
 130 133 136 153 166 182 197 199 179 140 110 101 103  91  82  81  76  76
  73  70  67  66  66  64  62  60  64  65  66  68  73  72  70  73  76  83
  86  85  86  88  89  89  90  91  89  83  84  89  91  89  89 105 124 131
 127 124 125 127 124 123 123 125 127 129 130 130 131 132 132 132 136 133
 130  29]"
"[ 30  26 112 110 110 112 114 110 105 105 104 109 111 112 109 111 108 108
 107 109 111 110 105 103 104 104 102  99  97  96  96  95  98 100  99  96
  95  96  96  93  94  93  94  94  94  94  93  89  94  95  90  89  90  95
  99  88  89  87  83  76  79  83  74  72  74  68  65  65  66  66  62  57
  55  58  63  61  65  69  74  71  68  72  71  79  88  86  89  99  99  99
  97  98 101  98  94  96 100 101 102 100  98  99 102 102 101  98  97  97
  96  95  97 100 105 105 100 101 102 102 107 112 122 118 120 127 134 139
 143 143 144 145 148 153 158 151 132 111 100  94  91  85  78  80  78  74
  71  68  65  64  65  65  65  65  68  69  68  70  73  72  72  74  77  84
  88  90  93  94  91  89  89  89  87  85  87  92  99 104 114 124 131 130
 129 129 126 123 125 125 126 128 129 130 131 132 133 135 135 134 135 133
 131  29]"
"[ 30  28 128 124 116 113 109 105 106 108 110 111 115 114 110 108 109 111
 109 108 110 108 105 106 105 104 101 100 101 103 102 100  99 101 100  97
  96  97  97  97  99  97  96  94  92  93  92  87  87  87  86  90  90  91
  96  94  94  90  91  94  98  98  96 103  98  90  81  73  69  66  62  56
  59  60  65  61  57  51  49  42  49  58  64  71  76  69  71  85  98 104
 106 104 100  91  87  93  98  96  97  93  91  96  98  97  94  94  94  95
  95  96  98 101  98  98  97  98  99  98  98  98  97  89  86  88  92 103
 118 126 138 141 147 145 138 125 109 104 104  90  80  80  81  79  77  71
  65  63  62  62  63  63  64  65  71  70  71  73  75  75  76  78  79  85
  88  90  93  93  90  88  91  91  89  87  85  89 101 112 128 131 130 128
 129 128 128 131 130 129 129 131 132 131 131 132 131 132 134 133 134 132
 131  29]"
"[ 29  30 149 146 136 132 126 122 130 129 126 114 118 116 119 116 121 118
 110 107 112 113 111 111 108 108 106 103 101 102 103 103 104 104 103 101
 100 102 106 108 107 105 102  95  90  91  94  94  89  90  90  93  91  88
  90  91  92  94  96  95  94  94  93  94  92  88  85  82  80  81  81  78
  76  73  76  72  67  62  65  64  55  57  57  60  64  59  52  56  70  68
  65  74  88  91  88  90  87  90  95  91  88  90  90  90  89  91  91  90
  91  93  95  95  94  90  92  99 100  96  93  95  89  87  91  93  87  85
  87  88  88  92 100 102 103 102  90  88  81  79  79  76  75  71  74  66
  60  60  59  59  59  59  62  64  69  68  70  73  75  76  77  78  81  86
  88  89  91  91  88  87  84  89  90  89  94 108 120 125 128 130 129 129
 130 128 128 134 132 131 130 131 132 132 132 133 132 131 132 133 133 132
 132  30]"
"[ 29  29 164 163 159 159 157 154 146 147 147 136 138 134 133 127 126 123
 117 115 115 113 110 108 116 113 110 106 104 101 101 101  99 101 104 106
 106 106 106 106 110 107 103  98  93  93  94  94  93  94  95  95  95  95
  93  91  91  93  93  90  91  95  96  94  90  90  91  91  88  88  86  83
  86  81  82  82  82  74  69  64  68  66  64  61  63  62  56  58  56  53
  48  48  52  53  57  65  73  81  90  88  86  85  81  86  81  84  84  83
  84  87  89  89  89  86  90  92  92  93  90  89  87  88  90  90  85  82
  82  82  87  87  90  86  86  87  81  77  71  72  79  73  70  62  65  58
  58  57  56  56  55  57  61  65  64  63  67  72  74  77  81  82  83  87
  89  90  91  90  87  85  85  87  91  99 112 124 128 128 131 130 128 128
 131 133 132 132 134 133 131 131 132 134 135 135 135 130 131 132 132 130
 131  29]"
"[ 30  28 175 171 169 169 171 170 168 166 158 152 151 154 156 157 145 147
 150 146 133 124 123 125 124 121 119 118 115 109 104 104 105 105 106 107
 107 105 105 105 105 101 101 101 100  99  97  95  94  94  95  95  97  97
  94  94  96  94  91  90  88  89  91  90  91  89  88  88  87  88  90  89
  90  86  85  88  99 101 102 101  91  89  88  80  71  67  64  65  59  53
  49  50  52  53  57  63  62  67  73  70  74  76  72  81  81  82  82  82
  81  82  83  83  88  89  95  92  88  91  86  80  83  86  87  86  86  84
  81  80  78  79  84  83  79  80  80  77  76  69  72  69  66  58  57  53
  54  53  52  53  55  58  63  66  67  65  68  74  77  81  87  88  85  87
  88  89  91  91  88  87  81  86  97 112 123 128 130 132 131 132 133 133
 130 132 135 136 135 136 135 132 132 136 138 137 136 132 132 131 131 132
 133  27]"
"[ 30  28 182 176 173 173 179 179 179 179 174 180 178 180 173 175 176 168
 165 161 152 143 139 135 136 136 138 136 125 112 105 105 108 108 109 110
 108 104 101 100 107 105 105 104 100  97  97  98  98  95  96  97  97  91
  89  94  93  95  96  95  93  92  92  88  92  89  90  92  93  93  92  90
  85  88  89  86  91  90  91  92 101  96  99  95  89  89  84  82  78  73
  73  73  69  63  62  64  55  54  51  47  59  66  63  75  67  67  67  69
  68  66  67  69  68  68  81  87  86  86  81  80  79  83  82  79  80  81
  80  81  81  73  71  71  69  71  75  74  67  63  66  64  58  57  55  54
  54  53  54  57  61  65  69  72  72  68  70  74  75  80  86  87  88  89
  88  89  92  93  91  90  89 106 122 128 127 128 130 132 133 130 133 138
 136 135 136 136 136 138 137 133 132 136 138 138 138 135 134 132 132 135
 137  29]"
"[ 30  26 186 180 176 181 182 181 183 186 181 178 177 178 182 179 179 174
 173 172 166 166 168 164 162 156 153 151 151 143 143 137 128 117 121 119
 111 111 111 112 112 112 109 109 106 111 106  99 103  96 100 100  95  88
  91  90  93  98  97  95  97  97  94  93  93  97  89  88  92  90  91  92
  90  90  89  88  86  82  80  83  92  87  86  88  88  89  89  88  94  96
  94  86  82  82  80  76  74  71  65  60  60  63  61  56  55  55  57  57
  51  47  48  51  44  52  58  66  78  81  75  72  78  83  81  76  72  73
  77  75  76  70  69  65  62  65  67  65  60  61  63  59  53  55  58  56
  55  53  54  58  64  71  75  78  75  73  73  73  76  82  87  88  85  88
  89  86  91  92  88  97 111 122 130 130 128 130 133 133 131 134 136 136
 137 137 137 139 140 136 133 134 137 138 138 137 138 137 137 137 136 137
 137  27]"
"[ 28  31 152 149 157 162 170 176 187 189 185 184 182 180 185 186 184 183
 183 179 172 172 175 172 171 165 163 167 170 167 167 162 154 142 142 141
 139 139 132 127 111 115 116 119 117 120 116 113 106 101 104 108 106  96
  94  85  92  99  99  95  96  97  96  96  89  86  88  92  92  91  90  92
  94  93  90  88  87  85  83  84  87  83  82  83  82  82  83  83  84  90
  92  87  86  90  91  88  81  82  80  74  72  73  73  70  60  58  58  58
  51  45  43  42  48  48  45  45  52  57  58  60  68  70  72  74  69  63
  65  69  66  60  60  62  63  66  66  66  56  54  54  54  54  56  59  59
  59  59  59  61  67  73  76  75  79  76  76  78  81  85  88  88  88  84
  85  89  93  92  98 119 134 135 133 128 128 131 134 134 132 135 137 137
 138 138 138 139 140 138 136 137 139 139 138 138 138 138 138 138 137 137
 138  28]"
"[ 28  32 131 128 131 129 129 132 144 147 151 158 162 163 171 177 188 187
 189 187 182 184 188 186 183 178 172 177 177 176 174 171 177 173 175 173
 171 168 157 153 149 149 143 137 131 132 128 123 122 120 118 120 115 104
 109 102  99 104 103  98  97  98  96  94  94  83  90  94  92  94  93  95
  95  96  94  91  87  86  87  88  87  84  83  83  81  80  81  80  82  89
  92  87  84  87  88  84  83  84  84  82  84  86  86  83  74  72  72  72
  67  59  53  48  49  45  40  39  39  41  43  45  46  42  40  46  48  46
  52  59  53  50  52  53  53  55  54  53  49  47  45  47  51  53  56  60
  62  63  64  66  69  72  74  76  87  85  86  88  89  86  83  80  81  83
  89  93  98 105 117 134 137 136 133 131 133 136 137 137 135 137 138 138
 139 138 137 138 138 137 138 139 140 140 139 139 138 139 139 140 138 138
 139  29]"
"[ 28  31 151 154 151 152 146 144 139 140 143 146 146 145 146 148 142 142
 147 157 165 173 180 181 180 182 180 183 177 178 179 178 181 181 181 174
 174 175 172 176 173 171 168 167 163 157 150 148 159 150 137 139 139 129
 133 124 106 105 103 104 107 109 107 105  98  93  99 103 103 104 100  98
  95  97  99  98  96  95  94  90  88  85  84  83  81  81  80  79  82  89
  91  85  80  82  83  80  82  82  80  78  79  80  78  74  79  77  79  83
  82  77  70  64  60  57  58  57  52  46  43  43  48  44  38  38  37  34
  33  32  27  32  39  39  39  45  47  48  42  45  44  45  48  50  54  60
  63  64  67  70  69  68  72  79  84  87  88  90  91  89  84  81  89  91
  93  94 104 121 132 136 135 137 139 140 138 135 135 135 140 141 139 138
 139 137 136 136 137 137 139 140 140 139 139 139 139 139 138 139 139 139
 140  30]"
"[ 30  28 163 164 161 163 158 155 149 149 149 148 148 148 146 144 144 139
 138 142 142 139 137 137 137 149 157 165 166 177 186 189 189 189 187 180
 182 185 179 182 181 173 171 176 178 170 169 178 176 169 158 160 159 145
 148 142 144 135 128 125 123 118 114 112 122 123 114 109 110 109 108 105
 103 102 103 104 102 100  94  86  91  87  84  83  82  84  85  83  86  91
  92  86  82  84  85  83  83  84  82  77  73  72  72  72  74  72  74  80
  83  83  80  75  74  72  73  72  64  55  52  52  51  51  46  43  39  34
  33  30  27  29  34  32  30  31  31  35  40  46  47  47  52  55  58  62
  65  67  69  70  69  70  74  79  81  87  88  87  89  90  89  89  94  94
  97 109 124 136 140 138 140 143 145 145 141 137 138 140 143 143 141 139
 140 138 137 137 140 140 141 141 140 139 138 139 139 137 136 137 138 139
 140  29]"
"[ 29  30 160 160 165 163 163 162 162 161 160 155 155 159 157 154 155 151
 150 150 146 138 135 137 141 143 138 137 138 146 150 145 158 163 171 175
 183 189 185 188 182 182 181 182 191 189 184 180 179 179 175 176 173 164
 175 181 177 168 161 158 151 146 145 146 141 141 123 111 110 109 113 112
 103 102 103 104 101 103 106 104  97  93  89  87  87  90  92  90  89  91
  91  87  85  86  87  86  86  85  82  79  77  78  78  78  76  72  72  74
  77  79  78  76  73  73  74  74  71  65  64  66  62  58  51  49  46  40
  39  37  31  26  26  28  31  28  27  35  39  44  47  50  56  63  64  64
  67  70  70  68  71  77  79  77  84  92  94  93  94  94  92  94  95 107
 119 132 142 145 145 144 145 146 146 146 144 144 144 145 143 143 142 140
 141 140 139 139 141 141 141 142 141 140 141 142 140 137 136 136 137 138
 139  28]"
"[ 28  30 159 160 165 161 161 162 163 164 164 159 158 163 162 162 166 166
 164 163 160 155 152 154 151 146 139 136 140 143 145 137 132 135 141 140
 142 149 152 161 172 179 176 166 179 190 194 189 195 190 182 177 179 174
 179 179 183 177 174 173 169 167 167 165 154 155 154 153 150 144 142 141
 136 130 129 125 117 115 117 115 106 103 100  98  96  96  96  93  88  89
  89  89  89  90  90  89  89  85  80  78  79  81  79  76  77  74  73  72
  72  73  73  72  68  70  71  73  76  73  70  72  66  62  57  59  59  53
  49  45  39  33  29  29  32  31  28  35  38  40  46  51  56  62  65  64
  68  70  71  72  76  82  85  85  89  96  99 101 104 101 100 106 114 134
 140 140 143 144 147 148 147 148 147 147 146 146 145 143 142 144 143 143
 144 143 142 143 141 141 141 142 142 142 143 144 141 140 138 138 138 138
 139  28]"
"[ 30  28 167 167 164 164 161 162 163 164 168 163 161 164 163 165 160 162
 161 160 164 165 164 163 160 160 162 159 156 146 147 142 142 139 139 130
 124 125 127 136 140 150 151 140 146 153 165 174 180 182 183 182 187 186
 185 182 188 184 184 186 186 188 186 178 173 171 186 195 187 176 166 167
 168 159 157 158 153 147 137 125 118 117 116 113 108 105 101  96  94  93
  92  93  93  92  90  88  88  86  83  81  81  82  82  81  76  74  75  75
  74  74  75  73  69  71  68  68  73  69  63  63  67  65  58  53  50  48
  49  47  46  46  41  33  32  34  32  35  36  38  46  53  53  56  62  64
  69  69  73  79  83  84  89  97  99 101 100 103 106 103 105 117 128 143
 143 142 148 149 148 146 147 148 148 146 146 147 147 146 144 146 146 146
 148 146 145 146 145 144 143 143 143 142 142 142 143 143 142 141 139 139
 139  30]"
"[ 30  30 188 183 175 168 171 170 168 170 172 170 167 165 163 162 164 162
 161 162 162 162 162 164 161 162 163 162 163 163 163 162 164 165 165 164
 163 161 152 140 133 130 131 131 133 133 129 128 130 131 139 149 157 166
 171 169 175 180 176 182 185 183 188 188 187 194 196 192 188 189 188 185
 182 176 176 172 172 173 169 171 165 155 153 139 121 117 106 102  98  95
  93  94  97  99  96  92  89  84  88  89  88  88  85  87  81  80  77  81
  83  78  75  73  75  71  68  66  65  63  60  59  61  61  56  49  45  43
  44  47  45  47  45  40  36  35  36  36  38  39  43  49  56  60  59  63
  67  71  75  84  87  89  96  96 101 103 104 107 112 113 121 134 141 146
 151 152 153 154 153 150 151 150 149 147 144 145 148 147 146 147 147 146
 146 147 147 147 143 142 142 143 143 143 142 143 141 142 142 144 143 143
 144  29]"
"[ 27  29 191 190 185 184 190 193 188 183 178 177 179 177 171 165 164 163
 162 163 164 164 163 164 167 162 159 159 160 159 159 160 159 159 159 160
 163 169 169 164 162 158 157 156 155 152 143 139 136 135 137 140 139 138
 135 129 135 149 154 155 154 154 163 166 184 184 187 193 193 189 188 189
 192 195 195 195 194 193 191 187 179 169 162 153 139 128 116 104 102  99
  94  91  93  96  99 100  91  94  99  95  92  94  94  93  86  85  83  87
  87  83  80  78  75  76  73  68  63  61  60  59  57  56  54  51  48  43
  41  43  43  44  43  40  36  35  37  38  39  39  42  45  53  59  61  67
  73  76  79  85  86  86  96 100 106 107 110 112 115 123 134 141 150 154
 157 158 160 161 159 156 151 149 148 149 146 146 147 148 147 149 149 147
 146 147 147 145 143 142 143 145 145 143 143 143 142 143 143 144 143 143
 144  29]"
"[ 31  29 192 190 189 190 190 191 190 187 187 189 190 186 180 175 179 177
 175 175 175 173 171 170 167 161 158 161 160 156 155 159 158 159 160 159
 159 161 160 156 160 159 161 159 158 159 160 164 158 154 153 152 147 141
 135 130 131 139 142 137 134 134 137 140 139 137 144 158 168 171 174 180
 184 194 197 201 202 199 197 188 179 170 161 156 146 133 123 110 102 100
  95  91  89  89  92  95  95 103 107 102  94  94 100 102  95  90  87  90
  89  86  86  81  79  80  76  70  67  67  65  61  58  56  55  56  55  48
  44  45  43  42  42  40  37  34  34  36  37  39  44  48  55  61  63  69
  73  76  79  85  86  89  98 105 110 112 116 118 122 139 153 153 158 160
 162 162 163 164 163 160 156 152 152 153 150 147 148 149 149 152 151 148
 147 147 147 145 142 143 145 147 147 145 144 144 145 146 145 145 143 143
 144  29]"
"[ 30  27 193 192 192 193 188 188 189 188 189 190 188 186 188 192 194 192
 190 188 185 183 182 181 185 183 182 180 172 160 156 158 162 161 160 157
 155 157 158 156 163 158 158 159 163 164 159 157 155 153 154 159 161 159
 158 158 158 153 148 145 145 145 142 146 140 135 131 130 129 127 126 127
 134 143 150 162 173 181 186 183 186 176 168 158 145 128 117 107  98  96
  94  91  87  85  85  86  89  98 109 123 122 114 114 112 110 105 103 102
  93  87  87  81  82  82  79  75  74  74  71  67  61  57  56  58  58  51
  46  48  45  43  43  44  41  36  34  35  39  43  49  53  59  64  66  71
  77  79  79  82  87  94 102 107 114 119 125 127 134 151 162 161 166 168
 169 168 167 168 167 165 164 161 159 158 154 150 150 149 150 153 153 149
 147 148 148 146 144 145 146 149 149 147 145 146 146 147 146 145 142 142
 144  29]"
"[ 28  27 195 195 193 193 191 194 192 191 191 192 190 189 191 195 195 194
 193 190 188 188 189 190 188 190 193 194 189 183 181 182 174 173 172 169
 165 165 166 165 166 160 157 155 157 161 161 162 159 157 156 159 161 159
 156 156 162 155 150 148 150 151 151 155 152 150 146 142 139 138 139 140
 130 125 125 125 131 137 137 138 144 136 138 130 126 116 105 101  96  93
  90  88  87  86  85  85  86  84  90 110 121 121 123 122 119 119 121 119
 106  96  95  90  87  87  86  84  80  76  73  72  66  62  60  61  61  55
  50  52  45  43  44  47  45  40  37  38  43  47  52  55  60  65  68  75
  80  81  79  79  90 103 109 113 116 128 137 145 158 169 174 175 173 175
 175 173 171 170 169 169 169 167 165 160 156 154 153 150 151 153 152 149
 148 150 150 148 148 147 148 150 150 148 147 147 147 148 146 144 142 142
 144  28]"
"[ 30  29 193 193 191 191 192 193 191 192 195 196 194 191 190 191 194 194
 192 190 190 191 193 194 191 193 193 193 194 195 195 194 195 194 194 191
 185 181 180 178 170 172 177 174 168 164 162 165 170 166 160 158 159 159
 157 159 159 158 153 149 151 153 154 154 153 152 152 152 151 149 149 152
 154 146 142 137 135 134 125 124 121 111 113 105 108 103  95  93  93  90
  88  88  87  85  84  83  82  80  83  95 106 115 125 128 133 131 130 129
 121 114 112 106 101  98  95  92  89  83  78  75  73  72  69  68  67  62
  57  57  48  46  45  47  46  41  38  38  42  47  54  56  61  66  69  75
  79  82  84  85  98 110 113 116 129 144 155 163 173 176 175 177 178 178
 178 175 173 171 170 169 170 169 167 162 158 158 157 152 152 153 152 151
 151 152 152 151 151 150 149 150 150 148 147 148 148 149 147 145 143 144
 145  29]"
"[ 31  29 189 192 193 194 196 195 194 195 195 193 191 191 194 197 196 195
 194 193 193 194 194 193 194 194 194 193 195 196 196 195 195 192 191 190
 186 186 189 191 194 190 189 187 188 188 185 185 183 178 168 162 163 163
 160 161 161 163 157 155 155 153 155 153 151 149 149 151 151 150 151 154
 153 152 151 149 146 144 138 134 130 120 115 102 105  99  94  91  89  88
  88  88  86  82  80  80  82  79  79  79  84 100 118 130 139 138 134 132
 129 123 120 115 114 109 103  99  98  95  88  82  82  83  80  76  73  70
  65  63  58  54  51  49  47  44  42  42  42  48  55  57  62  67  70  75
  81  87  93  97 107 115 117 125 135 149 163 172 177 180 183 185 184 183
 182 180 178 176 173 172 171 169 168 164 161 160 159 155 153 153 153 154
 154 153 152 151 151 149 148 149 150 149 149 149 149 150 147 145 144 146
 147  29]"
"[ 29  30 191 194 194 193 198 196 196 196 195 194 194 196 197 196 195 195
 194 193 194 196 194 191 193 195 196 195 193 190 189 189 193 192 194 195
 193 191 191 191 196 192 191 190 191 192 189 188 189 189 183 180 183 182
 177 176 175 177 170 171 165 154 158 161 160 157 152 149 149 152 153 153
 154 158 153 148 143 139 140 135 128 123 117 105 106  95  94  88  88  88
  87  87  84  80  80  83  80  76  82  83  86  94  99 107 116 125 129 131
 127 120 118 118 117 115 110 103 101 101  98  93  93  95  91  84  80  78
  75  73  68  63  57  54  52  51  50  50  47  51  55  55  60  67  72  79
  81  87  97 103 114 124 132 149 160 168 179 182 177 180 186 185 187 185
 182 181 180 178 174 171 173 170 169 168 164 162 160 157 153 151 151 154
 155 152 150 149 149 147 146 148 150 151 150 151 148 149 146 145 144 146
 146  28]"
"[ 30  27 159 171 180 198 200 197 199 196 198 200 197 199 195 197 197 197
 195 193 196 200 199 194 195 195 195 195 194 193 193 192 194 195 195 194
 193 192 191 189 194 193 193 194 193 192 191 190 189 191 192 191 190 188
 187 185 189 186 190 194 190 181 175 173 163 157 156 155 149 147 150 152
 153 153 152 152 145 143 136 131 128 125 123 113 105 101  95  95  91  90
  86  81  81  83  82  80  78  79  80  82  86  92  96  97 105 112 116 111
 115 120 115 117 115 115 116 113 108 105 105 105 101  97  95  92  87  85
  84  80  81  75  72  72  68  61  57  58  52  51  51  60  64  66  77  82
  83  91 100 106 119 135 148 162 170 180 185 184 184 186 187 187 188 185
 183 181 180 180 179 178 178 173 171 170 167 163 161 159 155 152 151 153
 154 152 150 149 148 148 147 147 148 149 150 149 148 148 146 148 146 145
 144  28]"
"[ 30  30 106 114 122 141 175 181 190 196 197 198 199 202 197 202 199 199
 198 198 198 198 196 194 194 194 195 196 196 195 194 194 194 196 197 196
 194 192 191 190 193 193 193 194 194 192 190 189 191 192 193 192 190 189
 189 189 190 188 188 190 192 191 183 172 165 164 160 155 147 136 139 154
 153 159 157 152 147 147 137 127 131 128 122 111 107 107 101  96  98  96
  90  83  81  83  86  86  81  81  81  81  83  88  93  97  99 106 110 110
 114 115 113 116 119 119 120 116 110 109 111 112 107 104 102 102  99  94
  87  82  86  86  83  78  75  72  67  62  59  56  52  57  66  72  79  81
  96 103 109 123 139 152 166 171 175 182 185 186 190 192 190 188 186 185
 184 184 184 184 182 181 179 174 172 171 168 164 161 159 158 157 157 158
 157 155 153 153 149 150 150 150 151 151 151 150 150 150 148 149 147 146
 145  29]"
"[ 29  33  97 103 108 119 137 149 178 196 196 195 197 198 193 194 196 195
 197 200 200 196 194 195 194 195 196 197 198 198 197 197 196 197 197 196
 194 193 193 193 194 194 194 195 195 195 193 192 192 194 195 193 191 190
 192 193 191 190 188 183 181 179 172 161 156 147 147 148 134 122 119 119
 124 143 156 162 161 159 147 140 133 125 116 108 109 112 106 101 101 100
  95  88  84  85  87  87  84  82  80  79  80  83  87  91  97 107 114 121
 125 121 118 118 130 131 131 128 120 116 114 113 110 111 111 109 105  98
  96  99  86  90  90  85  82  81  73  64  61  60  57  57  67  76  82  90
 102 115 126 146 157 161 175 177 179 183 186 189 193 194 192 189 188 187
 187 187 187 187 186 185 184 178 175 173 169 165 162 159 160 161 162 162
 159 156 155 155 151 151 151 151 151 151 151 150 151 151 149 149 147 146
 146  29]"
"[ 27  28 106 107 108 113 106 119 149 177 187 192 193 194 194 194 193 193
 196 200 200 196 195 198 197 197 198 200 201 201 201 200 198 197 196 195
 194 193 195 196 196 196 195 195 195 195 196 196 193 195 195 194 192 192
 193 193 189 185 182 178 170 163 158 154 151 136 133 124 103  93  93  86
  81  95 112 139 161 167 157 154 144 131 118 113 113 111 107 105 103 102
  97  91  87  86  87  87  85  81  79  79  81  82  82  83  93 104 111 125
 136 140 147 150 145 145 144 140 134 129 125 120 118 115 108 106 109 107
 102 101 104 103  96  87  83  84  83  81  73  71  69  65  73  82  87 100
 108 123 140 158 161 160 173 176 178 183 187 189 191 190 190 192 192 191
 188 187 187 187 187 187 185 180 177 175 172 169 166 163 163 163 162 160
 158 156 155 154 153 153 151 149 149 150 150 150 151 151 149 148 146 146
 146  29]"
"[ 31  31 108 107 105 103 105 113 118 143 169 193 196 193 194 195 196 198
 200 201 200 199 199 199 200 200 200 201 202 203 203 202 201 198 196 196
 196 195 196 196 196 197 197 195 194 194 196 196 194 195 196 196 195 194
 192 190 188 180 174 172 166 157 148 142 124 110  98  92  90  89  88  86
  84  85  88 109 129 138 136 141 145 135 123 117 113 109 108 108 106 102
  96  89  87  88  89  89  86  83  82  82  82  81  82  84  93 102 108 119
 129 134 142 143 143 141 139 140 141 145 146 142 129 132 128 120 116 111
 106 103 104 107 105  98  94  95  94  91  90  85  81  78  86  93  98 112
 124 130 144 156 159 163 171 177 179 183 186 188 189 189 190 193 195 193
 190 188 187 186 186 186 182 179 177 176 174 173 172 170 167 164 160 158
 158 158 156 154 155 154 152 151 150 150 149 148 150 151 148 147 146 147
 147  28]"
"[ 29  28 111 109 105  98 103 104 114 117 133 163 176 183 189 198 197 199
 200 200 200 201 202 201 202 201 201 201 202 203 203 202 203 201 201 202
 201 199 198 197 198 200 201 199 197 197 197 196 195 196 197 198 198 197
 192 188 185 179 173 168 162 153 139 125 113  91  80  85  89  88  83  77
  79  82  81  89  97 107 114 125 130 130 122 115 110 110 112 110 106 101
  95  91  91  91  90  87  86  87  87  84  81  80  84  88  94 103 113 124
 131 135 138 137 143 140 137 135 136 139 139 134 131 132 128 126 131 136
 131 123 122 127 123 111 104 105 106 102 106 101  96  93  95  99 107 122
 134 136 147 154 159 166 172 178 181 184 186 188 190 191 191 193 195 195
 194 192 191 189 187 186 184 181 180 178 176 175 174 173 171 167 161 158
 158 159 157 154 154 155 154 153 153 152 149 148 150 152 149 148 147 149
 149  29]"
"[ 30  26 116 110 105 101  98 100 106 108 116 138 159 176 182 192 194 197
 199 199 199 200 201 202 202 201 201 201 203 203 203 202 203 203 204 206
 205 202 200 201 202 204 204 202 201 201 200 198 197 198 199 200 201 198
 193 188 180 178 173 165 157 148 134 120 111  93  87  90  84  82  84  81
  81  82  80  84  88  97 103 107 116 121 118 113 109 108 112 109 105 101
  97  95  96  95  91  87  89  90  90  85  81  80  84  87  96 100 113 124
 131 136 141 146 145 144 143 140 137 138 137 133 133 134 133 130 129 133
 134 131 123 129 132 128 126 128 127 124 121 118 112 107 102 103 116 127
 136 143 149 155 161 166 174 180 183 187 189 191 193 193 192 192 194 194
 195 195 193 191 188 187 187 185 184 181 177 176 176 174 174 171 165 161
 159 159 158 156 155 155 155 154 154 153 151 150 153 154 151 149 150 152
 151  30]"
"[ 29  30 114 110 106 102 100 102  95 104 102  98 113 144 163 184 195 197
 200 201 199 198 200 202 202 202 201 202 203 204 203 202 201 202 204 206
 204 201 201 204 204 204 203 201 201 203 202 200 199 199 201 202 202 200
 195 190 181 175 168 160 151 140 126 113 107  99  89  86  89  87  83  84
  82  82  80  79  74  79  87  95 100 106 107 109 108 105 110 109 110 105
  99  96  97  97  95  93  93  93  90  86  83  83  83  82  86  91 112 128
 138 145 150 159 168 166 162 152 143 141 140 138 139 136 135 133 130 133
 133 128 124 123 124 124 124 123 125 129 126 123 115 112 111 117 132 137
 142 151 148 154 162 166 178 182 185 191 195 195 195 194 193 193 192 193
 193 193 192 190 188 187 188 187 186 183 179 179 179 178 175 174 171 165
 162 160 159 158 158 157 155 154 154 154 154 154 154 155 152 151 151 154
 152  30]"
"[ 30  29 115 111 109 105 101  98  94  96  95  96 104 119 143 167 182 187
 196 201 199 199 200 199 202 202 202 203 203 202 201 200 199 201 203 203
 204 204 203 202 202 203 204 204 203 201 201 201 199 201 198 201 202 198
 196 189 178 172 166 155 148 136 117 111 104  96  97  94  88  89  89  89
  84  88  87  76  65  66  77  83  89  95 104 106 102 104 109 110 111 107
 103 100  97  94  94  96  94  91  88  87  86  84  82  81  80  91 110 124
 138 148 158 168 173 170 166 167 168 171 174 168 166 155 148 147 144 141
 137 132 128 125 126 127 123 122 126 127 128 126 124 121 117 131 136 139
 146 150 152 156 161 168 178 182 183 192 196 195 194 193 194 195 196 194
 192 191 192 193 191 190 187 188 187 184 182 180 179 178 175 172 169 167
 161 154 154 158 160 157 156 154 153 155 157 157 159 156 152 147 148 150
 152  29]"
"[ 29  28 114 111 107 102 100  98  99  94  90  92  95  98 112 132 169 175
 186 193 196 199 202 201 203 202 201 201 202 202 201 201 200 201 202 202
 203 203 203 202 199 198 198 200 202 202 201 200 198 200 198 201 201 197
 196 190 181 173 164 150 141 133 119 113 107 100 102 100  94  94  93  92
  86  87  87  81  73  70  74  77  81  82  90 100 103 106 110 112 109 107
 104 103 101  97  94  93  92  89  86  83  82  80  80  81  84  85  97 117
 134 145 153 166 169 172 173 174 174 173 173 173 173 165 160 158 156 151
 147 144 144 139 136 134 129 127 129 129 129 129 128 126 126 137 141 143
 147 152 155 160 166 171 179 181 182 189 193 193 194 195 194 194 195 195
 195 193 193 193 193 192 187 188 187 186 184 182 181 179 173 173 172 170
 167 164 162 161 161 159 157 157 156 157 159 159 158 155 151 146 148 150
 151  28]"
"[ 30  30 114 114 109 106 104 100  97  98  97  96  96  95  95  99 125 164
 185 184 192 199 199 200 202 201 200 200 201 202 201 200 202 203 203 203
 203 203 203 203 196 196 197 201 203 201 201 201 199 197 194 197 200 198
 194 186 177 171 164 152 139 129 119 114 108 103 105 104  99  97  95  94
  90  89  89  88  83  79  77  75  68  72  80  89  98 107 111 109 107 105
 103 103 103 100  96  93  91  90  87  84  81  79  80  81  81  82  91 112
 126 139 146 161 170 171 171 171 174 173 169 172 170 167 164 163 162 159
 155 154 156 151 147 142 137 138 139 137 135 136 134 132 134 143 145 148
 149 154 156 162 167 171 178 181 182 186 188 190 194 196 195 194 195 196
 196 194 192 191 191 191 187 187 187 186 185 183 181 179 175 177 176 173
 170 169 165 160 162 160 159 159 158 159 160 159 160 157 154 150 152 154
 154  30]"
"[ 29  28 112 115 110 109 105  99 100 100  98  94  94  96  97  95 103 128
 160 178 186 196 203 202 202 203 203 203 204 206 205 204 203 203 203 203
 203 204 203 202 199 201 204 207 205 200 200 203 200 200 199 200 199 195
 190 186 180 172 164 152 135 124 119 116 109 106 107 106 101  98  97  95
  97  93  92  90  87  84  79  74  63  68  74  82  90  99 105 105 105 103
 101 101 102 101  97  94  93  91  88  85  82  80  79  79  81  85  87 100
 111 134 146 161 170 167 168 170 173 173 170 171 168 168 165 164 166 163
 159 160 156 153 147 142 140 142 142 140 139 140 137 133 137 145 147 152
 154 157 157 162 165 169 178 183 185 187 186 187 192 195 196 196 195 196
 197 194 192 190 190 190 188 188 187 186 185 183 181 179 179 180 178 174
 171 170 167 162 163 161 161 160 159 159 159 158 158 155 153 151 153 154
 153  29]"
"[ 28  28 119 120 113 111 107 102 103  98  96  97  96  95  95  97  95 106
 124 147 168 181 192 203 199 201 202 201 202 204 205 204 202 203 203 203
 203 203 202 200 199 201 203 204 199 192 189 189 192 190 192 199 204 201
 190 181 177 166 158 150 134 120 115 112 109 108 109 110 107 102  99  97
 100  98  94  89  85  82  77  70  68  63  66  78  87  89  95 104 105 103
 101 100 101 100  97  94  93  91  86  82  81  80  79  77  75  79  79  88
 100 126 138 152 163 163 170 173 171 172 171 168 170 170 166 163 165 163
 158 157 156 154 149 143 142 143 141 138 136 137 136 132 139 146 150 155
 158 159 160 163 166 169 179 186 187 189 188 188 191 194 195 196 196 197
 197 196 194 194 193 192 190 189 188 187 186 185 183 181 179 179 178 176
 174 173 171 170 165 164 163 163 161 160 160 158 156 154 152 151 153 153
 153  29]"
"[ 29  31 134 129 119 114 111 110 103 100 100 101  99  97  95  93  91  88
 104 129 145 168 190 193 193 197 199 198 198 200 202 203 202 203 203 203
 203 202 200 198 198 196 195 192 188 181 173 169 165 157 156 162 175 186
 188 189 180 168 155 147 133 117 110 106 106 107 108 111 111 105 101  97
  97  97  95  89  84  82  77  70  71  66  64  72  82  86  92 101 104 104
 103 102 100  99  97  95  96  92  85  81  81  82  82  79  72  73  75  82
  90 109 124 143 162 167 170 173 172 173 174 167 170 169 165 161 161 160
 156 152 156 155 150 145 145 145 141 138 135 137 139 136 141 147 151 155
 158 159 161 167 169 170 179 185 187 189 190 190 192 193 193 195 194 195
 196 196 196 196 195 194 190 190 189 187 186 186 185 184 178 177 178 179
 177 174 173 174 167 166 165 165 162 162 161 159 157 155 154 153 154 154
 153  30]"
"[ 28  29 142 134 125 119 113 113 107 104 101  98  95  97  98  94  92  85
  88 111 139 158 173 188 188 195 201 202 201 202 204 204 204 204 204 203
 203 201 198 195 195 193 188 183 177 171 162 155 149 139 129 116 112 122
 138 155 164 161 149 139 126 112 108 107 102 104 103 108 110 105 102  98
  96  95  95  91  86  83  80  76  73  73  69  67  75  83  89  94  99 101
 102 100  97  96  96  96  98  95  89  85  85  86  85  82  82  79  79  79
  80  90 109 133 154 172 171 172 176 176 179 173 173 171 169 165 163 163
 160 155 153 153 148 145 146 145 141 141 140 140 145 141 143 147 153 155
 158 159 162 169 172 172 177 182 186 189 190 190 191 192 192 195 194 196
 197 197 196 195 194 193 192 192 191 189 188 187 187 187 182 181 180 180
 178 175 173 173 169 167 167 166 163 162 161 158 156 154 154 153 153 152
 151  29]"
"[ 30  27 146 136 131 125 116 115 111 103 103 106 102  98  96  95  92  95
  91  91 106 130 153 170 181 191 201 204 203 203 203 203 204 204 203 202
 201 199 195 192 186 186 181 173 165 159 151 145 121 112 105  95  89  89
  92 100 105 122 130 131 123 110 105 104 101 103 100 105 108 105 103 100
  98  96  95  93  87  83  81  79  76  76  71  68  70  73  80  91  92  95
  97  94  91  91  95  97  98  97  93  89  88  89  86  82  80  79  81  80
  80  81  89 104 131 166 168 170 177 175 179 179 177 175 174 171 165 165
 163 157 155 155 151 148 149 147 144 145 142 141 147 143 143 146 154 156
 160 160 163 171 174 172 176 179 186 188 188 188 190 191 192 195 197 199
 200 199 197 195 194 193 194 194 193 191 190 189 189 189 188 186 184 181
 179 177 175 174 172 170 169 167 164 162 160 158 158 156 156 154 154 152
 151  29]"
"[ 30  28 158 150 136 129 130 120 114 111 110 108 105 104 100 100  97  97
  96  96  94 114 130 156 172 176 190 200 203 203 201 203 202 200 201 201
 197 196 196 193 186 178 178 167 156 151 148 130 105 101  96  90  81  74
  77  86  87  80  79  90 100  99  98 102 101  99  99 103 105 104 102 100
 100  96  95  95  92  89  85  82  79  74  71  65  63  64  67  73  86  92
  97  97  95  96  99 100  99  98  97  95  93  90  88  86  85  88  90  88
  86  85  87  88  91 126 152 164 175 174 182 181 179 178 178 176 170 166
 168 160 159 157 154 154 156 153 147 145 146 147 147 146 146 147 151 156
 158 162 167 171 175 179 182 183 185 185 188 191 192 192 194 197 197 196
 196 197 196 194 194 195 193 194 194 193 192 192 190 188 186 187 187 186
 183 179 176 175 173 173 172 169 165 163 161 159 159 157 159 156 155 155
 153  28]"
"[ 29  28 163 153 143 135 126 124 119 117 115 110 106 104  99  98  99  96
  95  97  93 103 110 133 166 169 178 192 195 205 202 200 200 199 201 200
 196 195 193 187 186 178 172 161 154 142 130 117 103 104 103  98  91  86
  88  91  88  85  74  65  70  84  90  91  96  96  97 100 101 100 100 100
  99  97  96  95  93  93  91  87  74  70  70  68  66  65  65  69  81  87
  93  96  96  97  99 100 101  99  97  96  96  96  94  92  90  89  89  90
  90  88  87  87  83  94 112 130 143 153 175 179 176 179 177 174 173 175
 170 165 161 161 158 155 153 149 147 149 149 151 150 148 147 148 152 158
 161 166 172 174 175 177 181 184 186 187 190 192 193 193 195 196 196 195
 195 196 196 195 194 195 193 194 194 193 194 194 192 189 186 186 187 185
 183 180 178 177 172 172 170 167 164 163 161 160 161 159 161 158 157 156
 154  29]"
"[ 29  28 174 159 149 139 120 123 123 122 119 111 107 108 104 101  99  96
  97  99  95  97  96 109 140 152 175 189 191 199 202 201 200 200 199 197
 195 196 193 186 181 174 162 154 150 133 118 114 104 103 100  96  96  97
  95  92  86  83  72  62  66  76  83  84  88  91  95  98  98  97  97  98
  96  96  96  94  92  94  94  89  81  75  73  70  67  66  65  69  80  84
  91  96  97  97  97  99 101 100  98  97  97  97  97  97  95  91  89  92
  94  91  87  86  89  86  91 102 108 118 153 175 171 183 182 177 171 172
 164 165 160 159 157 156 155 151 148 148 152 153 152 150 149 149 153 161
 163 168 173 175 176 178 182 185 186 190 193 193 194 195 196 196 196 194
 194 195 196 195 194 194 194 194 193 193 194 193 190 186 187 187 187 186
 183 181 180 180 176 175 173 169 166 165 164 163 162 161 162 160 158 157
 155  29]"
"[ 29  28 181 169 161 153 133 130 130 127 121 110 105 107 103 100  96  97
  97  97  96  99  94  97 107 117 152 171 188 193 201 199 199 198 196 196
 196 196 191 184 179 171 160 155 148 127 112 112 105 104 101  98  99 100
  97  92  91  86  79  76  77  76  75  77  80  86  93  97  97  96  96  96
  94  94  94  92  91  91  91  87  89  84  79  74  72  72  72  75  80  83
  90  97  98  97  97 101 102 102 102 100  97  96  98 100 102 100  98  98
  98  96  93  91  88  89  85  84  82  80 105 136 147 167 173 181 174 172
 167 166 165 162 156 154 155 154 151 150 152 153 153 152 151 151 157 165
 167 168 170 173 176 179 181 183 185 191 194 194 194 196 196 195 195 195
 195 196 196 195 194 194 195 194 194 193 193 192 190 187 189 190 189 187
 184 182 181 181 181 180 178 174 170 168 166 165 163 163 163 161 160 158
 157  29]"
"[ 31  28 184 179 173 167 150 134 129 124 118 108 105 107 102  99  96  96
  95  94  95  99  95  95  96  98 126 149 171 179 194 200 199 197 196 197
 198 194 186 179 176 165 158 158 146 128 114 111 108 111 113 111 106 101
  99  98  98  94  84  77  75  75  73  70  73  81  89  94  95  96  96  96
  95  92  92  91  88  87  88  87  86  85  85  81  80  82  80  80  80  82
  89  96  98  97 100 105 105 105 105 103 101 101 101 101 104 107 106 101
  97  97  97  96  93  95  91  89  86  81  87 100 110 129 142 170 169 166
 167 163 159 160 157 155 155 154 153 153 153 154 154 154 154 154 160 168
 170 170 171 173 175 176 179 181 185 190 194 193 193 196 197 195 195 196
 197 197 195 195 195 195 194 194 194 195 194 194 193 193 192 192 191 188
 185 183 181 181 181 180 178 175 172 170 167 165 164 164 162 162 161 158
 158  29]"
"[ 30  30 190 189 180 171 161 144 130 122 115 110 110 110 105 102 102  99
  95  95  96  96  94  97  98  97 108 131 147 164 179 197 202 202 199 196
 196 192 185 181 178 162 153 153 140 130 122 118 117 117 117 115 109 102
 100 102 101  97  88  80  78  76  71  66  70  76  82  86  90  93  95  94
  93  91  90  89  85  84  87  89  84  84  86  83  81  83  82  82  83  84
  89  95  97  97 101 105 107 106 104 105 106 107 104 102 103 107 107  99
  94  96  98  98 100  96  95  97  92  95  95  90  82  83  90 131 153 164
 170 162 161 162 160 157 157 155 154 155 155 155 154 155 155 155 160 168
 171 173 175 176 175 176 180 186 186 190 193 192 193 196 196 195 195 197
 198 197 195 195 195 196 195 195 195 195 194 194 194 195 193 193 191 189
 186 183 181 180 178 178 177 175 173 171 169 167 165 164 161 162 162 158
 158  28]"
"[ 28  29 194 197 190 180 173 165 146 131 121 116 115 112 105 103 105 103
  98  97  97  95  96  97  97  94  92 106 124 149 162 179 196 203 202 195
 193 191 186 183 181 168 156 149 134 129 126 126 128 123 117 113 110 106
 103 103 105 101  96  93  89  81  71  67  72  76  79  82  87  92  92  89
  89  89  90  89  85  84  87  89  87  85  86  84  82  81  80  85  87  87
  89  94  97  99 102 104 107 106 105 107 108 108 106 104 104 107 105  98
  96  99 102 101 101  98  97  98  93  98  98  95  95  87  82  89  95 109
 137 161 160 163 162 158 156 155 157 160 157 155 153 154 155 155 159 166
 171 173 177 179 178 178 183 189 189 191 192 192 193 195 196 195 194 196
 198 197 196 196 196 196 196 195 195 195 194 193 192 193 193 192 191 190
 188 185 182 180 179 178 176 174 173 173 172 171 168 167 161 162 163 160
 160  28]"
"[ 30  29 193 195 198 187 173 170 157 138 124 119 118 114 108 108 102 105
 101  95  96  97  97  95  97  99  96  92 104 125 146 166 180 196 202 195
 193 192 185 179 172 170 160 151 136 132 131 135 133 129 124 119 115 111
 107 105 104 103  99  95  94  89  81  77  77  79  81  83  89  94  91  85
  84  89  93  91  87  87  89  87  90  87  89  90  87  82  82  88  87  86
  88  93  98 102 105 106 108 109 110 110 109 108 107 107 105 104 100  96
  97 100 102 101  96 100  97  97  95  95  89  95  93  88  90  86  83  78
  79  98 124 141 157 163 160 156 157 161 159 156 153 154 155 155 159 166
 174 174 177 180 180 179 182 186 191 192 192 192 194 195 196 196 193 195
 196 196 196 197 197 195 195 193 193 194 195 194 193 193 193 192 192 191
 189 187 183 181 182 180 177 174 173 173 173 172 172 170 164 165 166 162
 162  30]"
"[ 29  28 197 194 196 196 188 178 166 155 144 139 130 119 114 110 107 101
 100  99 100 102  99  96  98  97  96  90  93 100 116 150 162 178 192 192
 195 195 191 180 176 168 160 155 146 136 131 132 133 132 128 123 121 119
 113 106 104 103 102  99  94  92  89  84  84  86  84  89  94  94  93  91
  96  98  98  96  92  89  88  91  91  94  96  93  88  86  88  90  89  89
  90  94 100 104 105 105 108 112 113 111 110 111 108 104 105 101  99  98
  98 101 101  97  96 101 104 101  96  94  93  92  94  91  90  89  87  84
  82  82  85  94 114 138 152 155 156 159 163 159 156 158 152 157 161 164
 172 174 175 179 180 181 186 185 188 191 193 193 194 195 195 195 196 197
 200 201 198 197 197 194 192 192 193 196 195 193 193 195 193 193 193 192
 191 189 187 185 185 182 179 177 176 176 174 173 171 168 166 166 163 163
 162  29]"
"[ 30  29 198 196 197 199 194 188 178 173 164 151 140 130 120 113 110 105
 104 102 101 102 100  99  98  96  97  93  94  95  98 117 147 159 182 187
 196 190 191 184 176 171 164 159 154 147 139 133 133 132 130 128 127 126
 121 115 111 106 103 102  98  95  91  87  87  90  91  95  97  95  98 100
 106 106 103  98  95  93  92  93  96  98  97  93  89  88  91  94  95  95
  97  98 101 103 105 106 107 110 112 111 111 112 109 105 105 101  99  99
 100 102 102 100  99 103 104 102  98  96  95  95  97  96  95  94  92  89
  86  85  89  86  83  84  88 103 130 154 159 158 158 161 161 163 161 159
 170 174 178 183 184 185 188 187 188 191 193 194 194 195 195 195 198 198
 198 197 194 194 194 193 193 193 194 195 195 193 192 194 192 193 193 192
 192 191 189 187 184 183 181 181 180 178 175 172 170 166 165 165 164 163
 162  28]"
"[ 30  29 200 198 198 199 197 195 186 182 173 156 146 140 129 127 122 114
 110 107 106 107 102  98  97  94  96  95  96  98  98 108 128 145 166 177
 193 193 189 180 178 177 170 161 157 157 151 142 143 139 134 130 130 129
 127 124 114 107 103 103 101  97  94  92  93  98 101 105 105 100  99 100
 107 106 102  98  98  97  96  97 100 101 100  97  94  94  97  99  98  97
  97  97  99 101 103 105 106 107 108 110 111 111 108 105 104 100 100 101
 101 101 102 102 102 103 103 101  99  97  98  99  98  97  96  96  95  93
  91  91  89  89  90  86  77  74  83  95 122 137 153 157 158 157 161 167
 169 175 179 183 184 184 187 186 188 191 193 194 195 195 195 195 197 197
 197 196 194 194 196 195 194 195 194 194 193 193 193 193 192 193 193 193
 193 193 192 190 187 185 182 179 177 176 175 174 171 167 166 166 166 166
 163  29]"
"[ 29  29 201 201 199 197 195 195 186 184 181 169 163 153 135 135 131 121
 116 111 110 110 103  98  99  96  97  94  92  97 100 105 105 117 137 164
 176 190 187 179 176 179 175 164 158 159 159 154 155 148 139 134 132 131
 127 124 115 110 108 106 101  98  97  96 101 106 108 111 113 110 107 103
 106 105 102 100 101 100  98  98  99 100 101 101 101 101 101 101 101  98
  96  97 101 104 105 105 105 104 105 108 110 109 107 105 104 100 100 102
 101 100 101 102 102 101 101 101 101 100 101 103  99  98  96  95  94  94
  94  94  88  87  87  87  86  82  81  83  87 107 132 145 159 161 164 165
 173 180 181 181 182 183 186 187 189 191 194 195 195 195 195 195 196 196
 197 197 195 196 196 195 195 195 194 192 192 193 193 193 192 193 193 193
 194 194 194 192 189 187 183 179 176 175 175 176 174 170 169 170 169 169
 165  30]"
"[ 29  29 201 201 199 196 194 195 195 193 190 178 172 162 141 139 129 124
 121 115 110 108 105 103  99  97  97  95  92  95  97  97  92  85 106 143
 154 170 181 180 174 178 178 170 163 162 162 160 159 152 144 141 140 136
 128 122 119 119 117 111 102  99  99  99 105 111 111 111 116 119 121 117
 115 114 109 104 102  99  96  95  96  98 101 102 104 104 102 101 102 100
  98  98 100 102 104 104 105 104 104 107 108 107 106 105 103  99 100 101
 100  99 100 101 100 100 100 102 104 104 104 105 102 101  99  98  96  96
  94  93  92  89  87  88  89  87  83  81  84  90  99 108 131 146 159 164
 173 180 180 179 181 183 187 189 191 192 194 195 195 194 194 194 196 196
 197 197 195 195 195 193 196 196 194 192 191 192 193 194 192 193 194 194
 194 195 194 193 189 188 186 183 181 178 177 176 176 172 172 172 171 170
 166  30]"
"[ 29  29 199 199 197 197 197 197 201 200 194 181 175 170 155 148 136 129
 124 118 112 110 106 104  99  97  96  96  97 100  98  93  90  83  91 112
 141 154 169 178 178 179 179 174 169 167 167 167 164 159 151 147 145 141
 133 125 123 123 122 115 106 102 103 102 105 114 115 115 117 120 123 122
 122 118 111 104 101  98  96  96  96  97  99 101 102 103 102 100 101 100
 100  98  97  97  98  99 102 102 102 104 105 104 102 102 100  98  98  99
  97  97  97  97  97  98 100 103 105 106 105 104 102 103 103 103 102 101
  99  97  93  93  91  88  85  84  85  86  82  84  88  95 113 132 149 158
 166 178 181 181 184 186 190 192 192 193 195 196 195 194 194 195 196 195
 196 196 195 196 197 195 198 197 195 193 191 191 192 194 193 194 194 194
 194 195 194 193 190 188 186 184 182 180 179 178 177 174 173 173 171 168
 164  29]"
"[ 29  28 199 197 197 199 199 199 198 199 198 193 189 183 170 159 151 140
 131 122 117 115 108 103 103 101  97  97  99  99  95  90  88  91  92  93
 123 136 153 168 176 179 179 176 172 171 171 172 168 165 158 153 150 147
 140 132 129 126 123 119 113 109 107 104 103 112 116 119 121 120 122 123
 125 120 111 104 101  99  97  97  97  98  97  98 100 101 101 100 102 101
 100 100 100  99  99  98  97  99 101 101 101 100  99  98  98  97  97  97
  96  96  97  95  95  98 102 104 106 107 105 102 101 102 104 104 105 105
 104 102  95  97  96  91  85  82  84  87  86  80  75  83  98 120 137 146
 161 178 184 185 187 188 191 194 193 193 194 195 195 194 194 196 195 194
 196 196 196 198 200 198 197 196 196 194 192 190 192 195 195 194 194 193
 193 194 194 194 193 190 187 185 183 182 181 180 178 175 175 174 170 167
 164  29]"
"[ 29  29 199 198 199 202 201 199 200 198 197 199 195 185 177 169 159 148
 139 128 120 117 111 108 104 106 103 102 103  99  95  90  91  90  98  98
  95 105 132 147 167 174 180 179 175 172 171 171 165 165 164 160 156 153
 145 136 139 130 125 124 120 115 109 105 104 109 113 120 125 125 128 131
 132 126 116 108 104 101  97  96  97  96  96  96  98  99 100  99 101  98
  95  98 102 103 100  96  94  98 100 100  99  98  97  96  98  98  98  98
  97  98  98  96  96 100 104 106 107 108 105 101 101 102 102 102 103 104
 104 103 101 101  99  93  88  87  88  90  88  82  79  88  95 114 128 136
 155 175 183 183 183 183 186 190 193 193 194 195 195 194 195 196 195 195
 197 198 197 198 198 196 196 195 196 196 193 190 192 195 196 195 193 192
 192 194 195 195 195 193 192 191 190 187 182 179 178 176 177 175 171 167
 165  31]"
"[ 29  29 200 201 201 200 201 199 199 200 200 200 197 192 186 181 173 157
 147 140 128 119 116 113 111 106 106 105 103  99  90  88  81  88  93  95
  95  98 118 146 151 168 172 180 179 174 169 173 167 169 168 165 161 155
 147 140 145 139 132 127 122 118 112 105 101 104 111 120 124 125 127 129
 130 131 118 109 108 102  97  95  96  96  96  96  95  94  96  99  94  97
  98  97 100 103 101  98  95  98 100 100  97  94  93  94  93  96  97  97
  98  97  96  96  97 100 103 105 107 107 105 103 103 102 101 100 102 104
 104 102 103 100  97  97  97  92  89  90  89  86  82  89  96 108 126 134
 150 166 180 183 182 184 188 193 192 194 196 197 196 195 195 195 197 196
 196 195 195 196 196 196 197 195 194 195 195 194 194 192 194 192 190 189
 190 192 194 196 194 192 192 192 190 186 181 179 179 177 176 174 170 167
 171  29]"
"[ 30  29 197 198 198 199 201 201 201 201 202 201 200 196 191 187 185 169
 156 148 136 127 122 117 111 108 107 103 100  97  90  87  90  93  95  96
  97  97 108 128 143 152 164 178 174 171 171 168 168 170 171 169 166 161
 155 151 151 145 139 134 130 123 114 103  96  98 105 115 122 125 127 130
 133 135 124 115 110 104 100 100  98  97  96  94  92  92  93  95  96  97
  97  96  98  99  99 100  99  98  97  96  94  91  89  89  90  93  93  94
  97  97  95  95  97 100 104 104 105 106 106 105 105 105 103 102 104 106
 105 102  98  95  94  96  95  91  88  87  86  84  80  82  90 103 122 131
 144 162 177 180 184 189 191 190 192 193 193 194 195 196 196 196 196 196
 196 196 196 196 196 196 197 195 195 196 195 195 194 193 194 193 191 191
 191 193 194 195 194 193 192 192 190 187 183 181 180 179 178 177 174 171
 173  29]"
"[ 30  28 197 196 197 198 201 201 201 202 202 202 201 199 196 194 188 176
 165 155 140 130 126 123 114 112 110 103 100  99  95  93  95  94  92  94
  95  90  90  99 121 137 151 167 170 169 168 168 167 169 171 171 169 165
 161 159 157 151 146 142 136 129 117 105  98  96  98 104 112 118 123 128
 131 134 127 120 114 106 101  99 101 100  98  95  93  93  93  92  98  99
  99  97  96  94  94  97  97  94  92  93  93  92  89  86  88  90  91  92
  96  96  95  95  96 101 104 104 103 103 105 106 106 106 104 103 105 107
 104  99  96  92  95  97  94  91  88  85  87  88  84  83  87  99 116 124
 138 157 175 182 186 188 190 191 193 191 190 191 194 196 196 195 195 196
 196 197 196 196 196 197 197 195 195 196 195 195 195 193 194 193 193 192
 192 192 193 193 195 193 192 192 191 188 186 184 182 180 180 180 178 174
 174  28]"
"[ 30  29 197 198 198 197 199 199 199 201 201 201 200 199 198 196 190 182
 174 165 153 142 135 130 118 115 112 105 100  98  96  97  97  96  95  97
  98  93  87  89 104 124 141 155 165 168 168 169 164 164 165 168 169 167
 164 161 160 155 150 145 138 130 120 111 109 104 100 102 107 114 120 124
 130 132 126 123 119 112 105 101 101 101  99  96  94  94  92  90  95  97
  97  95  93  90  88  90  89  87  87  89  91  90  87  83  87  89  90  91
  94  94  93  95  98 102 104 104 102 102 103 104 105 106 105 104 104 106
 103  97  96  93  97 100  95  93  93  90  91  94  93  91  91  96 108 117
 135 149 168 182 187 186 187 193 194 192 190 191 193 194 195 194 194 195
 196 196 196 195 196 197 198 195 195 196 194 194 195 194 194 194 194 193
 192 191 192 192 194 193 193 193 192 191 188 186 184 182 182 181 180 177
 176  28]"
"[ 30  29 198 198 197 195 197 196 199 200 200 200 199 199 198 196 193 185
 177 171 165 156 142 129 125 120 117 112 105  99  95  97  97  98 100 103
 104  99  95  94  97 103 122 141 153 162 166 163 162 160 160 165 169 169
 165 162 160 157 154 148 139 131 125 119 116 111 105 104 106 108 110 112
 123 126 125 124 121 114 108 103  98  98  97  96  95  93  90  87  89  93
  93  90  89  89  87  85  84  83  82  84  86  85  82  80  84  87  88  89
  90  89  89  93  99 101 102 101 101 102 103 103 104 106 107 104 103 104
 102  99  97  95 100 101  96  95  97  95  90  94  97  96  95  95 102 115
 134 143 159 176 187 188 188 191 193 193 192 193 194 194 194 194 195 195
 196 195 195 195 196 198 198 195 195 195 193 194 195 195 194 194 194 193
 193 192 193 193 194 194 194 194 193 192 189 187 187 185 183 182 181 178
 177  29]"
"[ 30  29 197 196 196 195 197 196 197 198 198 198 198 198 197 195 198 194
 188 182 177 167 150 137 129 122 120 117 111 103  96  97  97 100 103 105
 103 100  97  95  94  91 101 121 147 155 157 161 164 161 160 163 167 168
 165 161 160 159 158 153 144 136 131 126 122 116 109 103  99  98  98  98
 110 116 122 126 123 115 109 103  97  97  97  97  95  91  88  86  89  93
  91  87  87  88  86  83  81  80  80  81  82  82  81  81  81  83  85  86
  86  84  86  90  97  97  96  96  98 101 102 102 103 105 106 104 102 101
 101 101 101  99 101 100  95  94  95  94  88  91  95  96  96  96 102 117
 132 145 161 174 185 188 188 188 190 192 193 194 194 194 194 194 195 195
 195 195 195 195 196 197 198 195 195 195 193 193 195 195 195 194 194 194
 194 194 195 196 194 195 195 194 194 192 190 187 189 186 184 181 180 178
 177  29]"
"[ 30  28 195 196 198 198 199 197 196 196 196 196 196 197 196 195 194 196
 193 186 180 170 157 147 134 127 122 117 112 105  98  98 102 103 105 106
 104 102 100  96  97  95  94 105 138 147 144 156 160 159 158 158 160 163
 163 161 161 160 159 156 149 143 138 133 128 123 115 106  99  96  96  97
 100 103 108 116 117 113 110 104 100  98  98  98  94  88  85  86  89  90
  88  84  83  82  80  79  78  77  77  78  79  80  79  80  76  78  80  82
  83  82  84  89  93  94  94  96  99 102 102 101 102 103 103 102 100  99
 101 103 103 101  99  98  96  95  93  91  91  93  95  95  98 100 104 118
 130 147 165 177 184 186 187 187 188 190 193 195 195 194 194 194 195 195
 195 195 195 196 196 197 198 195 195 196 194 194 195 194 195 195 194 194
 195 195 195 196 195 195 195 194 194 193 191 188 189 187 184 180 177 176
 176  29]"
"[ 30  27 195 197 201 202 201 197 195 195 194 194 196 197 197 196 194 196
 194 189 186 179 167 158 148 139 130 120 114 111 105 104 103 103 104 105
 105 106 104  99 100  97  96  96 118 130 133 138 150 153 153 152 153 158
 162 163 162 160 158 155 152 148 143 137 122 121 117 110 103  99  97  98
  93  89  86  92 100 104 106 101 101  98  97  96  91  84  81  84  82  82
  81  80  79  76  73  73  74  74  74  76  76  75  73  73  73  74  76  79
  81  81  83  88  90  93  97 100 103 105 103 100 102 101 102 102 100  99
 101 105 101  99  96  96  98  98  94  92  95  97  98  95 100 103 104 115
 128 142 161 179 188 187 186 188 188 190 194 196 196 195 194 194 195 195
 195 196 196 196 196 196 197 196 196 197 195 194 195 194 195 195 194 194
 195 195 194 194 194 195 194 193 194 194 193 190 189 187 184 180 177 175
 176  29]"
"[ 29  30 195 199 199 201 199 199 196 195 194 195 196 196 196 196 195 196
 194 194 192 187 180 168 157 146 133 125 121 119 115 112 108 110 109 109
 108 103 103 110 105 103  99  97 104 117 125 127 132 139 143 145 143 146
 152 153 160 161 158 155 154 153 151 142 128 124 122 116 108 104 103  99
  95  85  90  86  83  87  81  78  82  82  87  87  80  78  78  73  72  78
  80  76  71  64  62  66  66  63  66  69  64  61  66  70  70  72  75  79
  82  82  83  86  87  90  93  98 102 104 104 102 103 103 101  99  99 100
  98  96  97  98  97  97  98  98  97  96  98 103 100  91  91  96 101 111
 126 139 157 174 181 188 185 187 191 195 196 195 195 195 195 195 195 196
 196 196 196 197 196 194 196 196 197 197 196 195 193 193 192 193 194 194
 194 194 194 195 195 195 195 194 194 194 193 191 187 187 184 184 179 178
 178  29]"
"[ 29  29 195 197 197 198 197 197 196 196 196 196 196 197 197 197 195 196
 195 195 192 189 185 177 164 155 143 134 128 124 120 119 115 115 112 111
 109 103 101 106 107 106 102  98  99 106 113 118 117 117 121 123 125 133
 143 149 154 156 157 161 158 153 147 138 130 126 124 121 115 110 105  98
  95  87  89  85  81  85  79  73  72  63  62  65  67  71  69  61  65  70
  71  65  60  57  56  57  52  48  47  49  50  53  60  67  69  72  75  78
  81  81  82  85  83  86  90  93  94  97  99 101 100 101 101 101 101 101
  99  97  97  98  98  98  97  97  97  96  96 101  99  91  90  94 100 112
 129 139 156 169 181 182 187 191 192 194 194 193 194 195 194 195 194 195
 196 195 196 196 196 195 195 196 196 196 196 195 195 194 192 193 193 192
 191 191 192 192 195 196 196 194 194 195 194 193 189 188 185 186 182 181
 179  30]"
"[ 28  29 194 196 195 197 195 196 196 196 197 196 195 195 196 197 195 197
 196 196 193 192 192 187 175 167 157 148 139 130 126 125 118 116 112 112
 112 108 106 109 111 109 105 102 100 100 103 107 106  98 107 115 111 106
 110 126 142 154 158 160 151 151 146 137 132 128 125 123 117 111 105 100
  93  90  90  88  85  84  77  65  69  64  63  60  51  47  49  48  55  58
  60  57  53  54  54  51  48  49  47  44  43  44  52  61  67  69  71  72
  74  75  77  81  81  84  87  88  88  91  94  96  97  99 101 101 102 101
  99  97  99 101 102 100  98  97  97  97 100  99  97  92  94  97 101 111
 126 138 153 171 188 183 187 189 192 194 192 191 193 195 195 195 194 195
 195 195 195 196 196 196 196 196 195 196 196 196 195 195 194 194 193 192
 191 191 192 193 195 196 196 195 195 195 195 194 193 191 188 189 185 183
 178  29]"
"[ 29  29 195 196 196 197 195 195 195 196 196 195 194 194 194 194 195 197
 196 196 194 193 196 192 187 181 173 166 156 145 138 135 133 126 119 116
 116 114 112 113 112 108 105 103 104 103 101  99  89  77  86  94  89  79
  78  96 113 133 145 153 145 149 145 139 136 134 131 128 120 112 105 100
  97  96  92  92  89  85  80  68  70  67  66  63  55  49  49  50  47  48
  53  54  53  56  58  54  48  51  49  43  42  42  48  57  67  69  69  69
  70  71  74  78  80  82  84  86  89  92  94  94  95  96  98  99 101 100
  98  97 100 103 105 103  98  96  97  99 100  97  94  92  94  97  99 108
 122 134 138 164 181 181 182 186 191 193 192 191 194 196 196 196 195 195
 195 195 195 196 196 197 197 196 195 195 196 196 195 194 193 193 192 191
 191 192 194 196 194 195 196 195 194 195 195 194 193 191 189 188 183 180
 174  29]"
"[ 29  30 197 198 197 197 195 195 196 195 195 195 195 195 195 195 196 196
 195 195 194 194 197 194 192 187 182 178 170 159 150 145 142 132 122 117
 115 115 115 114 111 108 105 102 103 104 101  96  92  85  91  91  88  84
  74  74  83  93 105 130 136 144 144 144 138 138 136 134 130 123 114 109
 107 103  94  94  93  88  89  83  84  78  73  71  65  58  52  48  47  45
  49  53  54  57  58  57  54  54  47  42  43  45  47  52  65  68  68  67
  67  67  68  71  74  78  83  87  91  95  96  96  95  95  95  97  99  99
  98  96  99 103 105 102  97  95  97 100  96  93  93  90  88  89  95 107
 117 130 136 162 178 179 179 184 188 192 192 192 194 196 195 196 195 195
 195 195 196 196 196 197 197 196 195 195 195 195 195 194 192 192 191 191
 190 191 194 196 194 196 196 194 194 194 194 194 191 190 188 185 178 174
 169  29]"
"[ 28  30 197 198 196 196 194 194 195 194 193 194 195 196 196 196 196 195
 194 195 195 195 197 194 193 190 187 183 176 166 156 151 144 134 124 119
 116 116 117 116 113 113 110 105 103 103 102 101  95  91  95  94  90  85
  74  69  79  81  87 113 133 148 149 144 143 143 139 135 135 132 124 117
 112 108 101 101 100  95  97  96  91  86  81  78  74  69  63  61  56  51
  51  53  54  54  56  56  59  58  55  51  48  47  47  48  59  63  66  66
  67  65  64  65  68  75  82  86  88  90  94  97  96  95  96  98 101 101
 100 100  98 101 103 101  98  97  98 100  99  94  93  90  87  89  95 106
 115 129 146 164 182 180 183 185 187 191 192 192 193 194 194 195 196 195
 194 195 196 196 196 196 196 195 194 194 195 195 195 195 193 193 192 191
 191 191 193 195 196 196 196 195 194 195 195 194 194 192 188 182 174 169
 164  29]"
"[ 28  30 196 197 195 195 193 193 194 194 194 194 195 195 196 196 197 196
 194 195 195 195 197 193 195 195 193 187 180 172 165 160 156 146 137 130
 123 121 120 116 116 116 114 111 107 104 104 105 102  97  99 103 100  97
  98 103  89  83  72  74  87 110 127 129 143 147 143 136 135 132 124 117
 113 114 111 111 110 106 105 104 106  98  87  83  85  82  73  66  65  62
  58  56  56  55  54  55  54  56  59  58  51  47  48  49  53  58  62  64
  66  66  65  65  67  72  78  80  81  84  89  93  94  95  97 101 102 103
 103 104 101 101 102 101 100 100 100  99 102  96  95  94  93  95  98 104
 117 127 143 156 172 179 187 189 189 191 190 190 192 194 193 193 195 193
 193 195 196 196 195 195 195 195 195 195 195 195 195 195 191 192 192 192
 191 192 193 195 196 196 196 195 194 195 195 194 195 189 183 175 169 166
 162  29]"
"[ 30  30 196 196 194 193 192 192 194 195 195 195 194 194 195 196 199 197
 195 196 195 194 196 193 191 195 195 188 180 175 171 169 161 152 144 137
 128 123 120 115 116 114 114 115 112 107 105 106 104 103 102 105 105 103
 105 104  97  95  90  84  82  90 107 115 126 139 144 141 139 136 128 123
 118 120 120 117 116 114 112 112 112 106  95  90  90  87  79  72  68  69
  63  59  59  57  54  54  58  56  57  57  51  48  49  48  44  49  53  55
  60  63  64  65  66  68  71  73  76  81  87  90  90  93  97 101 102 102
 103 106 104 102 100 100 101 102 100  97  97  95  99  99  96  95  97 102
 114 124 137 154 168 184 186 187 191 192 190 189 191 193 193 193 194 192
 192 194 196 196 195 195 196 196 196 195 195 194 194 194 187 188 189 190
 190 191 192 194 195 196 195 194 194 196 195 194 189 181 173 167 165 165
 162  29]"
"[ 29  29 196 198 196 194 192 193 193 196 197 196 194 194 196 196 198 197
 196 196 195 192 188 184 189 193 194 190 185 182 176 171 164 159 145 139
 137 126 117 114 116 111 114 116 108 104 107 109 109 108 106 105 105 104
 104 104 101  96  97  91  79  88 105 107 116 132 138 143 146 138 131 126
 125 124 125 125 122 123 122 116 114 109 104  99  94  92  88  82  72  68
  65  64  62  58  54  54  53  54  56  57  54  48  47  48  44  43  47  53
  54  56  62  67  66  67  71  74  76  80  86  88  91  94  97  99  99 100
 101 103 107 104 101  99  97  97  97  96  98  97  98  99  95  92  95 102
 110 123 139 154 169 177 191 185 189 191 192 190 190 192 193 191 192 194
 195 195 194 194 195 194 197 196 196 196 195 194 193 192 186 186 188 192
 193 193 193 195 195 196 196 195 196 196 192 187 171 168 167 168 164 161
 162  29]"
"[ 29  29 196 197 196 194 193 194 193 195 197 195 194 194 195 196 197 196
 196 196 195 193 189 187 189 192 194 192 189 185 180 176 168 164 153 143
 140 132 120 117 115 112 114 114 109 107 111 115 111 112 111 110 107 105
 104 104 101  98 102 100  88  88  97  99 106 122 129 135 141 138 134 131
 127 128 132 133 129 128 128 125 120 115 108 101  97  97  94  89  84  80
  75  68  63  60  60  61  60  59  57  55  51  48  48  50  46  45  49  54
  54  56  63  69  70  73  74  76  82  85  88  91  91  92  94  96  98 100
 102 104 107 103 101  99  97  97  97  95  97  96  94  94  94  91  96 106
 116 123 136 151 169 178 188 187 188 191 192 190 189 190 191 190 190 191
 192 193 194 194 194 194 195 195 195 196 196 196 195 194 191 190 191 193
 194 193 193 194 196 191 186 188 193 192 180 167 167 165 164 164 162 161
 163  30]"
"[ 29  29 196 197 195 195 193 194 195 197 197 196 195 196 196 197 195 195
 194 195 194 193 191 190 192 193 193 192 190 188 185 184 171 168 161 147
 142 137 123 119 116 116 115 112 109 109 114 119 115 116 117 115 111 107
 105 105 106 101 103 103  96  91  93  95 101 110 114 122 135 139 135 130
 131 133 138 141 137 133 133 133 130 124 114 105 100  99  98  93  89  87
  81  71  64  63  65  67  68  66  62  57  53  52  52  53  52  49  50  52
  51  53  60  66  70  74  75  77  86  90  93  97  97  96  96  96  98 100
 102 104 105 102 100  99  96  95  95  93  94  93  90  91  91  87  89 101
 112 121 135 145 161 174 183 188 188 191 192 190 188 190 191 191 190 190
 191 193 194 195 195 194 194 195 195 196 197 196 195 194 193 192 191 191
 193 195 195 193 194 194 192 187 181 174 166 159 163 162 161 161 160 161
 164  30]"
"[ 29  29 194 196 195 195 193 194 197 197 197 197 196 196 197 197 194 194
 194 194 194 194 193 193 195 195 194 194 193 190 188 187 175 170 166 152
 146 141 126 123 122 121 118 114 112 112 115 119 117 118 118 116 113 109
 106 105 103 100  99  98  93  88  88  91  87  96 104 114 124 129 133 137
 131 133 137 140 138 135 136 139 136 128 118 109 102  99  97  94  90  88
  83  76  70  68  69  70  73  72  70  65  61  60  59  58  55  50  48  49
  49  50  57  62  69  72  77  81  87  94 100 102 104 102 100 100 101 103
 104 104 103 101  99  98  95  94  94  92  92  93  91  91  93  84  81  91
 106 120 136 139 154 174 180 186 188 189 190 188 188 190 192 192 192 192
 192 194 195 195 194 194 194 194 195 196 196 196 195 194 192 192 190 188
 191 194 194 192 191 193 191 180 167 159 160 162 161 162 161 161 160 162
 164  29]"
"[ 29  29 194 196 195 194 193 194 196 195 195 196 195 195 195 195 196 196
 196 196 195 195 195 195 195 195 195 196 195 192 189 187 184 177 174 162
 153 146 132 130 127 125 120 117 117 117 118 120 118 117 116 114 113 110
 108 106  99 100  98  93  88  84  83  85  85  88  96 107 116 122 129 138
 131 132 135 137 137 137 139 143 138 128 120 115 108 101  98  96  94  89
  85  82  79  74  71  71  74  76  77  74  70  68  66  65  62  56  54  57
  58  59  63  66  70  74  85  92  92  99 107 105 105 104 102 103 104 105
 105 105 100  98  98  97  96  95  96  94  95  96  93  94  96  89  85  94
 110 122 136 139 154 176 178 183 188 188 187 187 189 192 193 193 193 193
 193 194 194 193 193 193 192 192 193 195 196 197 196 196 194 193 190 189
 191 194 193 190 188 181 171 164 161 161 161 160 160 161 161 162 162 163
 164  28]"
"[ 29  29 194 196 195 195 193 193 194 194 194 195 194 193 193 194 196 196
 196 196 195 195 195 195 196 195 193 191 191 192 191 190 192 186 182 173
 163 154 142 137 131 126 121 120 121 121 122 122 122 120 117 116 115 114
 111 109 106 102  94  86  83  83  81  78  80  74  78  89 102 111 116 122
 132 137 139 138 137 138 139 141 141 132 126 122 115 106 101  98  95  88
  83  83  81  77  74  73  75  77  78  77  74  72  72  73  71  65  65  68
  69  68  69  69  70  77  93 101  99 104 111 108 107 106 105 105 105 104
 103 102  98  97  97  97  96  97  98  97  96  95  92  93  97  94  95 103
 112 121 136 143 153 172 176 184 188 188 187 188 191 194 195 194 193 191
 191 192 192 192 192 194 193 193 194 195 196 196 195 195 196 195 193 192
 194 195 192 188 182 172 161 158 162 165 162 158 159 160 161 164 163 163
 164  28]"
"[ 29  28 194 196 196 195 193 194 193 193 194 195 195 193 193 194 195 195
 195 195 195 195 195 195 196 195 191 187 188 192 193 192 192 190 187 180
 171 163 153 145 137 129 125 126 124 125 126 126 127 125 122 121 120 118
 114 111 111 104  94  86  81  82  80  75  73  71  77  81  87  96 106 116
 123 136 142 138 136 137 137 138 139 134 129 124 117 109 102  97  92  88
  83  82  81  79  77  76  76  76  77  77  75  74  75  77  77  72  71  74
  73  72  73  74  76  88 100 104 104 106 110 112 113 112 111 109 106 104
 103 102 102 101 100 100  97  97  98  97  96  95  93  94  96  96  98 103
 108 118 132 142 148 166 176 186 188 188 189 190 193 194 194 193 192 190
 189 190 192 192 193 195 196 195 195 195 195 195 194 194 195 195 194 194
 193 190 184 178 173 169 165 163 163 162 161 160 159 160 162 165 164 162
 163  28]"
"[ 29  28 195 197 196 196 194 194 192 193 194 196 195 193 192 193 195 195
 194 195 195 195 195 194 194 195 193 191 192 195 194 190 189 191 188 183
 176 170 162 150 146 135 132 132 128 127 130 129 130 128 126 124 122 119
 115 111 109 108 107  99  88  83  83  81  76  73  74  71  71  80  87  93
 109 128 139 136 134 135 136 137 131 129 126 120 114 109 103  95  94  92
  88  84  82  81  80  78  76  75  75  76  76  75  76  78  84  79  78  79
  79  80  84  87  87 102 106 104 108 107 107 114 118 118 116 113 109 107
 106 105 110 107 106 103 100  98  98  97  97  96  96  97  97  96  96  96
 105 115 127 137 145 169 182 186 186 187 189 191 192 192 191 190 192 188
 186 188 191 192 192 194 196 195 195 195 195 196 196 196 195 195 193 192
 188 181 171 163 164 163 163 163 162 160 158 157 160 161 162 166 165 162
 162  29]"
"[ 29  29 194 196 196 196 196 196 195 195 194 195 196 196 195 194 195 195
 194 194 193 194 194 195 195 192 191 192 194 194 192 190 190 190 188 184
 180 175 167 159 157 149 141 138 137 137 134 128 131 129 127 124 123 121
 117 111 109 108 110 109 103  95  89  84  80  77  75  72  66  66  71  75
  81  98 120 131 134 138 138 132 132 126 120 116 110 106 104 102 104 102
  96  92  90  84  80  80  82  78  77  80  80  77  76  78  83  82  79  84
  91  92  95  95 103 110 111 109 110 108 108 114 120 118 118 116 115 114
 110 109 108 110 111 107 101  98  99 100  97  98  98  96  96  95  93  89
  99 116 127 140 148 163 178 183 184 187 188 188 188 190 191 190 193 191
 189 189 190 191 193 195 196 196 195 195 195 197 196 194 194 194 191 186
 179 171 164 162 160 161 161 161 161 159 157 155 158 161 162 164 162 159
 160  29]"
"[ 29  29 193 195 195 195 196 196 195 195 195 195 195 195 195 194 196 195
 194 194 193 194 195 195 195 193 192 193 193 193 192 191 189 190 189 186
 184 181 175 169 160 153 149 148 144 139 136 135 132 129 124 122 123 124
 121 118 109 106 105 104 100  97  94  91  84  80  78  77  73  72  72  72
  67  74  96 124 141 146 140 129 129 124 119 112 106 104 104 103 107 106
 102  99  98  92  85  82  86  82  79  81  80  78  78  81  82  86  86  89
  95 100 104 104 111 116 115 114 115 113 113 119 121 118 117 115 115 115
 111 109 108 109 108 105 102 100  99  99  98  97  94  92  92  93  92  90
 104 119 125 136 147 163 175 180 184 186 187 188 189 191 193 193 191 190
 190 192 193 192 193 193 194 194 194 194 195 196 195 193 190 190 187 180
 173 166 161 161 161 160 160 162 161 159 157 158 159 160 161 164 164 162
 162  29]"
"[ 29  29 194 194 195 195 196 195 195 196 196 195 194 195 195 195 195 194
 194 194 194 194 195 195 194 193 193 193 192 192 192 193 192 193 192 191
 189 186 181 176 169 161 156 154 148 142 141 144 140 134 127 124 123 121
 119 116 117 111 106 103 100  99  96  93  90  85  81  79  77  76  74  72
  70  69  73  86 104 123 133 134 125 122 116 109 104 106 109 108 106 108
 107 105 106 103  96  91  91  85  81  81  80  79  82  86  98 104 104 105
 107 107 111 114 120 122 122 121 122 118 117 121 124 121 120 115 114 113
 106 101 102 103 105 106 105 103 100  96 102 100  97  95  96  97  98  97
 106 120 124 133 145 162 172 180 187 187 189 190 191 191 191 192 190 189
 190 192 193 193 193 193 195 195 194 192 193 193 192 189 189 183 173 165
 164 162 161 161 163 161 160 162 162 159 159 161 161 160 159 163 164 164
 163  29]"
"[ 31  29 192 194 195 195 195 195 194 194 194 194 193 194 194 193 193 193
 193 194 194 194 194 194 192 193 194 194 193 192 192 193 195 196 196 194
 192 188 184 180 176 165 158 155 150 145 143 143 139 135 129 126 123 120
 118 116 114 107 103 103 103 102  99  94  92  87  83  81  78  77  76  73
  68  72  77  80  88 102 116 123 123 118 112 106 102 103 105 104 109 113
 113 111 112 110 104  98  93  87  82  80  80  80  85  91 101 104 106 111
 113 110 116 124 127 130 129 128 129 126 122 120 122 121 121 117 115 115
 107 101 102 104 105 106 106 104 100  96 101  99  97  97  99 100 101 100
 104 122 127 133 144 159 172 186 189 188 190 192 192 190 189 190 192 191
 190 190 191 193 193 194 195 194 193 192 194 195 194 191 181 173 163 157
 159 161 162 162 164 163 162 162 161 160 161 163 162 161 159 161 163 163
 162  28]"
"[ 29  29 194 195 195 195 195 194 193 193 192 192 193 193 191 189 191 192
 193 194 195 194 194 193 192 193 194 195 194 193 192 191 194 195 195 195
 193 189 185 183 179 172 167 163 157 153 148 142 138 136 132 127 122 119
 117 116 115 108 103 102 100  97  90  84  86  85  86  85  81  79  77  75
  72  72  74  77  79  80  87  95 107 102  99 100  98  97  97  96 107 115
 118 117 116 112 105  99  95  89  84  82  82  84  89  94 102 106 109 118
 123 124 131 139 136 138 137 134 135 134 128 122 122 122 123 119 117 117
 111 106 108 109 109 107 104 101  99  98  99  97  95  96  98 100 100 100
 107 123 130 134 142 158 172 191 187 187 188 191 191 190 190 191 194 192
 190 189 190 192 193 194 194 193 192 192 192 190 183 177 165 165 163 160
 160 160 160 162 163 164 163 160 158 160 161 162 163 162 159 160 161 161
 162  28]"
"[ 29  29 194 195 196 196 196 195 195 195 194 193 194 193 191 188 191 192
 193 194 195 194 193 192 193 193 194 195 195 193 191 190 194 194 194 194
 192 189 185 183 183 181 178 170 162 158 155 149 144 142 137 128 120 116
 114 113 111 105 101 101 100  98  94  89  84  85  87  85  81  80  82  81
  80  81  79  77  76  73  71  72  76  73  76  83  84  82  81  80  90 100
 108 111 112 109 102  97  96  91  87  87  89  92  95  98 104 112 115 119
 126 131 138 139 141 142 140 137 135 134 130 124 124 123 123 119 116 116
 112 109 106 109 111 110 105 101  98  97 100  98  96  96  97  98  99 100
 111 121 128 133 141 156 169 188 188 188 188 189 190 191 192 194 193 192
 190 189 190 192 192 191 193 194 194 191 186 178 167 158 160 162 162 161
 161 160 160 161 162 164 163 159 156 158 160 160 163 163 160 160 161 161
 163  29]"
"[ 29  29 194 195 195 196 197 197 196 196 196 195 195 195 193 192 193 193
 194 195 194 194 192 192 192 193 193 194 193 192 192 192 195 194 193 192
 191 188 186 184 184 184 181 172 164 160 158 153 145 145 139 129 122 119
 117 115 112 107 103 102 100  97  94  89  88  87  87  84  80  82  85  86
  84  88  83  73  72  75  75  74  73  71  74  78  77  75  74  73  75  83
  90  94  98  99  96  94  94  91  90  93  98 101 101 102 106 115 118 122
 130 137 142 141 143 142 142 140 135 131 128 126 122 120 120 118 117 117
 113 111 103 106 110 111 108 105 100  97 100  97  95  95  94  94  95  97
 107 115 127 136 142 154 165 182 188 189 189 189 189 191 193 194 192 191
 190 189 190 192 192 190 192 192 191 186 179 172 165 161 161 161 160 159
 161 161 160 161 161 163 163 159 157 158 159 160 162 163 161 161 161 162
 163  30]"
"[ 29  30 194 195 195 196 198 198 196 196 196 196 195 195 195 194 195 195
 195 195 194 193 192 192 191 192 193 193 192 192 193 195 193 192 191 191
 191 189 188 188 186 186 184 179 172 166 161 155 146 147 142 132 124 122
 118 114 106 102 100 100  98  96  94  90  89  88  88  86  83  84  85  84
  85  89  86  83  83  80  76  76  74  73  74  73  71  70  72  72  77  80
  80  80  84  87  88  89  92  90  91  97 104 107 106 104 108 114 118 126
 134 138 142 143 143 142 145 146 138 130 128 129 124 121 121 120 119 116
 109 106 108 109 108 108 107 106 104 101  99  98  97  97  96  94  94  96
 101 111 129 142 145 153 163 180 184 187 189 189 189 191 193 193 192 191
 189 188 189 192 192 190 190 189 184 174 166 162 162 163 157 161 163 162
 160 158 158 161 162 162 162 161 158 157 159 162 162 163 161 161 162 163
 163  29]"
"[ 30  29 194 195 195 194 195 195 195 196 196 196 195 194 193 193 194 195
 195 195 194 193 192 191 190 191 193 193 193 192 191 190 190 190 190 189
 188 188 187 187 187 185 180 176 172 167 161 156 152 150 146 135 131 127
 123 114 106 102 104 105  97  95  97  96  93  91  88  87  87  86  84  82
  83  86  87  86  86  85  80  75  75  74  73  72  71  71  72  73  78  81
  83  83  82  82  83  84  88  86  87  94 104 106 104 103 107 116 124 130
 136 141 142 142 140 142 145 145 138 129 127 130 130 126 120 118 118 118
 116 113 112 109 106 106 107 107 105 102 100  99  98  98 100 100  97  95
  99 113 125 135 145 152 165 183 182 187 188 187 188 190 191 193 192 189
 187 187 187 189 192 192 187 177 168 164 162 162 162 161 160 159 161 162
 162 159 158 160 160 162 163 162 160 159 159 160 160 159 160 161 161 161
 161  30]"
"[ 29  29 194 195 195 194 195 195 193 195 195 194 192 191 191 191 194 195
 196 195 194 194 193 192 190 192 193 194 192 190 189 189 189 189 188 188
 188 188 188 188 187 185 180 176 174 170 163 156 156 152 149 139 134 127
 124 116 107 104 105 103  95  92  92  90  89  87  86  86  86  85  83  81
  82  85  86  86  87  87  83  77  74  74  73  73  72  73  73  74  76  80
  83  84  82  81  81  81  80  80  83  91 100 106 109 113 110 118 125 131
 139 144 145 144 141 140 141 142 140 135 131 130 130 126 122 119 118 118
 117 116 113 110 106 105 106 106 103 100 102 100  97  97  98  99  98  97
  99 110 123 137 147 151 160 177 184 187 188 188 190 192 192 194 192 190
 189 188 186 186 187 185 169 163 160 160 159 159 159 158 155 155 157 159
 159 157 157 158 160 161 161 161 159 159 159 160 160 159 160 160 160 159
 159  29]"
"[ 28  29 195 195 194 193 194 195 193 195 196 194 191 189 189 191 193 194
 195 195 194 192 192 191 190 192 194 194 192 190 189 189 190 189 188 188
 188 188 189 190 189 186 181 178 177 174 167 159 157 152 150 143 138 130
 126 120 111 106 103  97  88  88  90  89  89  87  86  87  87  86  85  84
  85  86  87  88  89  88  84  79  75  76  77  77  77  77  77  77  77  81
  84  84  82  81  80  80  81  83  86  91  98 103 110 117 118 124 129 134
 141 146 146 146 143 141 141 141 141 138 134 130 130 128 124 121 119 118
 117 116 112 108 105 104 105 105 102 100 101  98  96  97  98  98  99 100
 102 109 122 139 150 151 158 173 183 185 186 187 190 192 193 195 192 189
 187 186 184 180 175 169 161 159 161 162 161 159 160 159 155 155 156 158
 159 158 158 159 159 160 160 160 160 159 159 159 160 159 160 159 158 158
 159  29]"
"[ 29  29 195 195 193 192 193 194 195 196 196 195 192 190 190 191 190 191
 193 194 192 190 189 189 189 191 193 193 191 190 189 189 190 189 188 188
 188 189 189 190 190 187 183 180 179 176 170 163 158 154 151 144 140 133
 127 119 112 107 102  94  87  89  93  93  91  89  88  90  90  88  87  88
  88  88  89  89  89  88  83  78  79  80  82  82  82  80  79  78  81  82
  83  83  83  83  83  82  84  86  88  92  98 104 110 117 123 129 133 137
 142 146 147 148 144 145 145 142 140 137 134 131 130 128 126 122 119 117
 114 113 110 107 105 105 105 103 101 100  98  96  96  97  96  95  96  99
 104 110 122 139 150 153 159 171 183 185 186 186 188 190 191 194 193 190
 187 184 177 170 164 158 159 158 160 162 159 158 159 159 158 158 159 160
 161 160 160 161 159 159 159 160 160 160 159 159 160 159 159 159 159 159
 160  29]"
"[ 29  29 194 193 191 191 193 194 195 195 195 194 193 192 191 190 189 190
 192 193 193 190 188 187 188 188 189 189 190 190 189 189 188 188 188 188
 188 188 188 188 190 188 185 182 180 177 172 167 162 158 154 145 141 135
 127 115 109 107 103  98  94  94  95  94  92  91  91  92  91  89  87  87
  88  88  88  88  89  88  84  80  83  83  83  82  82  81  81  81  84  83
  83  83  85  86  86  84  86  86  86  90  98 104 108 111 122 129 136 141
 145 147 147 148 145 146 146 143 140 139 136 133 129 127 124 120 118 115
 113 112 110 108 106 106 105 102 100  99  98  97  96  94  91  89  91  94
 102 109 122 137 148 153 159 166 184 187 188 187 187 187 188 191 195 191
 186 178 168 161 158 156 155 154 156 158 157 156 158 159 159 159 159 160
 160 160 159 159 158 158 159 159 160 160 160 159 162 160 159 159 159 160
 160  29]"
"[ 29  28 192 191 190 190 192 193 192 191 191 191 192 191 190 188 188 188
 191 193 193 190 188 187 187 187 187 187 189 189 189 189 187 187 188 188
 188 188 188 188 190 190 188 184 181 179 175 171 163 161 158 147 143 137
 130 117 111 109 104 100  99  98  97  96  93  94  95  95  94  90  86  84
  86  86  87  88  90  91  89  86  88  87  84  82  81  82  85  86  86  86
  85  86  88  90  88  86  88  87  85  89  98 105 109 111 125 133 141 147
 150 148 146 146 146 146 145 144 144 143 140 136 130 127 123 119 117 116
 116 116 108 106 105 106 105 102 101 102 100  98  95  91  88  88  92  95
  98 107 121 135 145 151 155 158 180 185 187 186 186 187 187 188 193 184
 174 166 161 159 157 154 154 154 156 159 158 157 158 158 159 159 159 159
 159 159 159 158 158 159 159 160 161 161 161 160 163 161 159 159 160 160
 160  28]"
"[ 29  28 191 190 189 188 189 190 187 187 188 189 190 190 188 187 186 186
 187 191 192 190 188 187 187 187 187 187 188 188 188 188 187 188 188 189
 189 189 188 188 190 190 188 185 183 181 177 173 164 162 160 151 145 138
 132 122 115 111 106 104 104 102 100  99  98  99  99  97  95  93  89  85
  86  86  87  88  91  92  91  90  91  89  86  84  83  84  87  89  87  87
  88  88  89  89  88  87  86  86  86  89  97 107 115 120 131 138 145 149
 151 149 146 146 147 146 146 145 146 144 141 138 130 129 125 121 117 115
 116 117 108 105 104 105 105 103 102 104 100  98  94  89  89  93  96  97
  96 106 122 135 143 149 153 155 174 180 183 183 186 188 186 184 180 171
 162 158 159 161 158 153 154 153 156 158 157 156 157 157 160 160 159 158
 158 159 158 157 158 158 159 160 160 160 160 160 161 160 160 159 159 159
 159  28]"
"[ 30  29 191 190 188 186 187 187 184 185 186 188 189 189 188 187 184 183
 184 188 190 188 187 186 186 187 187 187 187 186 186 187 188 188 188 188
 188 187 187 187 188 188 187 185 183 181 177 172 167 164 163 154 147 136
 131 124 116 113 110 110 112 109 103 101 103 104 101  97  95  95  92  88
  87  86  86  88  90  90  90  89  90  89  87  85  83  84  85  87  86  88
  88  87  86  86  86  87  89  90  89  89  94 103 113 121 135 139 143 147
 149 149 147 148 147 147 147 146 144 140 138 137 130 130 127 123 117 114
 113 114 112 107 104 104 104 102 101 101 100  98  93  89  90  95  96  94
  98 106 122 136 143 149 154 157 173 180 183 183 186 188 184 178 165 162
 161 160 159 159 159 157 154 153 156 157 156 156 159 160 160 159 158 157
 157 157 156 155 156 157 158 159 159 159 159 159 159 159 160 159 157 157
 158  29]"
"[ 29  28 188 190 186 185 189 187 183 182 185 188 186 187 187 183 182 182
 184 186 187 187 187 187 185 186 187 187 186 185 184 185 190 192 191 188
 186 185 185 186 187 188 184 181 184 182 175 171 168 168 160 156 141 127
 129 121 118 115 116 115 114 111 106 106 103 107 103  96  96  96  93  91
  88  86  84  86  88  89  89  89  89  89  90  91  91  89  87  86  88  87
  86  84  83  83  84  84  87  88  90  90  91  97 109 119 130 136 141 144
 146 146 145 146 144 148 149 145 139 136 137 139 132 129 126 123 119 114
 113 114 109 106 105 103  99  97  99 100  97  96  95  92  89  91  95  95
  96 109 121 131 143 152 158 163 176 178 181 184 185 182 174 165 161 161
 161 160 160 159 157 155 157 155 154 156 159 161 160 158 159 159 159 157
 156 155 155 155 155 157 158 159 159 159 159 159 158 159 158 155 154 155
 156  29]"
"[ 29  28 183 182 180 180 182 181 181 179 183 187 184 181 181 182 179 181
 185 187 188 187 185 184 186 187 187 187 185 183 183 183 179 183 183 182
 181 179 178 179 184 187 185 182 183 180 174 171 168 165 160 159 149 137
 136 130 127 124 124 122 119 116 110 108 106 101  96  96  97  96  95  96
  91  88  86  85  87  88  88  88  88  90  93  96  96  95  94  93  91  90
  89  87  86  86  85  85  87  87  88  91  95 102 111 118 126 133 139 143
 145 145 144 145 146 146 144 140 137 136 136 136 131 128 126 125 122 117
 114 113 109 106 105 103  99  97  97  97  95  95  94  91  89  90  92  94
  97 107 119 133 148 157 160 164 169 175 180 179 175 170 165 161 161 161
 161 160 159 159 158 157 158 157 157 158 159 160 160 159 161 159 157 155
 154 153 154 154 154 157 160 162 161 160 159 158 157 158 157 156 155 155
 156  29]"
"[ 29  28 174 171 171 172 172 171 170 171 175 178 173 169 170 173 174 176
 176 175 174 175 177 178 179 179 178 177 176 175 175 175 176 179 180 180
 179 176 173 173 175 178 180 181 181 177 172 172 170 164 161 162 157 147
 141 137 134 130 127 120 116 116 113 112 109  99  93  94  96  96  95  93
  91  89  87  88  88  88  88  88  88  91  95  98  98  97  95  94  91  90
  90  89  89  90  89  88  86  88  91  93  96 102 111 119 121 129 137 142
 146 146 145 146 147 145 142 138 136 136 136 136 128 125 123 122 120 116
 112 110 109 106 104 103 100  98  97  95  94  95  92  89  90  88  87  91
  97 102 113 132 150 159 161 164 165 171 175 172 165 160 159 159 161 161
 160 159 159 158 158 158 157 157 158 158 159 159 159 160 159 157 155 155
 155 154 155 157 157 158 159 158 157 157 158 159 156 158 158 158 157 156
 156  29]"
"[ 29  28 168 164 166 167 165 163 163 167 170 169 166 167 168 168 170 170
 167 162 160 163 168 170 168 168 167 167 166 166 168 169 168 169 169 169
 170 167 164 163 163 166 170 173 172 169 166 166 169 163 163 162 159 153
 143 141 136 135 134 127 124 122 116 112 110 103  97  93  94  99  97  87
  87  87  88  90  90  89  87  86  87  90  94  96  98  97  94  92  92  91
  91  91  92  93  92  91  88  90  92  93  95 101 111 119 121 129 137 142
 146 147 146 147 146 146 145 141 138 138 138 138 130 126 122 120 118 116
 113 111 109 106 104 104 102 101  99  96  97  96  91  88  90  87  83  87
  96 100 110 128 146 156 160 161 165 166 166 163 161 159 159 159 158 158
 158 158 158 158 158 158 157 158 158 158 158 158 158 158 157 157 156 155
 156 158 158 158 159 159 158 156 154 154 156 159 158 159 159 159 158 156
 156  29]"
"[ 30  30 166 163 166 167 164 162 161 165 165 164 166 169 170 170 168 169
 168 163 161 163 166 166 165 165 165 164 164 165 167 168 166 165 163 165
 168 168 166 166 167 167 170 172 171 168 166 165 166 163 165 161 159 157
 147 145 144 142 138 129 125 125 120 116 112 107 101  96  95 100  99  90
  85  87  89  91  90  88  86  85  87  89  91  94  97  99  98  96  96  95
  93  92  93  94  93  91  91  90  89  92  97 104 111 115 122 130 137 141
 144 145 145 147 145 146 146 144 143 141 139 137 131 128 123 119 116 114
 112 111 109 106 104 103 102 102 101  98  98  96  89  87  91  88  83  86
  94  99 110 125 140 151 156 156 160 159 158 158 160 161 160 158 156 155
 155 157 159 159 158 158 160 159 158 158 158 157 156 154 158 159 158 154
 155 158 159 156 158 159 159 158 156 155 156 157 159 159 159 159 157 155
 155  28]"
"[ 29  29 165 165 166 168 166 165 162 161 161 163 168 169 169 172 170 170
 169 167 166 167 168 168 167 166 166 166 166 166 167 167 166 164 161 163
 166 166 165 166 166 165 167 168 167 166 165 163 166 166 167 162 160 158
 150 148 148 143 135 123 119 122 121 122 115 109 103 100  97  97  96  94
  91  91  91  91  89  87  86  87  89  90  90  91  94  98  98  97  97  96
  94  94  95  95  94  92  89  88  89  92  98 104 111 115 123 130 136 139
 142 142 143 145 146 145 145 146 147 145 140 135 130 128 125 122 118 114
 111 109 107 105 103 101  99 100  99  97  96  94  89  87  91  90  87  88
  93  99 112 125 136 146 152 152 155 156 157 159 161 161 159 157 156 155
 156 159 160 160 159 159 159 157 155 156 157 157 156 154 157 158 156 153
 153 157 159 157 158 158 157 156 155 155 156 158 158 157 157 157 155 153
 154  28]"
"[ 29  29 165 168 166 167 167 167 166 167 166 166 170 169 169 172 170 169
 167 167 167 167 168 168 166 166 166 166 166 166 166 166 168 167 165 166
 167 165 163 165 167 166 167 168 167 169 170 166 167 168 167 164 163 159
 153 153 148 144 140 131 126 125 120 118 114 110 106 104 101  94  91  94
  95  95  93  91  88  87  88  90  91  92  91  90  91  95  97  97  98  98
  97  97  97  98  96  94  88  87  88  90  94 101 108 114 121 128 134 137
 140 142 144 147 148 146 145 146 147 145 140 134 132 131 129 126 123 119
 114 110 106 104 102 100  97  97  96  94  93  92  90  89  90  90  90  89
  96  98 110 123 131 140 148 151 153 155 158 161 161 159 157 156 155 155
 157 159 160 158 158 159 157 155 154 155 157 158 156 154 155 155 155 155
 155 157 158 158 158 156 154 152 152 153 156 158 156 155 155 155 154 153
 154  29]"
"[ 30  30 166 170 165 167 168 169 167 173 172 167 168 169 167 168 169 167
 167 168 169 167 166 165 165 165 165 166 166 167 167 166 166 167 166 167
 167 163 162 164 166 165 167 167 165 168 170 165 164 166 165 165 166 161
 157 158 154 150 146 137 130 125 117 113 110 110 108 107 105  97  91  93
  95  94  93  91  88  87  88  90  91  93  93  90  90  94  98 100 103 103
 102 101 101 100  97  95  91  87  84  86  92  99 106 110 118 126 133 137
 141 144 147 150 147 147 147 146 144 142 138 135 130 129 127 125 123 119
 114 109 107 106 104 101  97  96  95  92  92  93  93  91  89  90  90  88
  99  97 106 119 128 136 146 151 152 154 156 159 159 157 155 154 153 154
 156 158 157 154 155 157 160 158 156 156 158 157 155 153 156 155 157 160
 159 156 155 157 155 155 154 154 154 154 154 154 154 153 153 154 155 153
 155  30]"
"[ 29  29 169 170 169 168 168 168 170 171 171 168 167 168 169 168 168 169
 169 169 169 170 168 165 164 166 167 167 168 168 167 169 168 167 167 168
 169 167 164 162 160 163 165 163 163 168 170 166 161 163 165 166 165 162
 159 158 155 151 147 144 139 132 123 117 116 117 117 111 102  98  96  93
  93  95  94  88  83  86  90  89  90  89  90  91  92  94  97 100 104 105
 105 104 102 100  99  99  97  90  86  87  89  95 105 112 120 125 130 138
 143 145 148 147 146 145 145 146 143 139 137 138 133 129 126 123 120 118
 113 106 102 105 103 101  96  91  92  91  92  90  88  88  90  89  88  90
  91  98 110 122 130 138 145 151 153 153 155 156 156 155 154 154 154 154
 155 157 155 152 153 157 159 157 155 156 158 157 155 152 153 155 156 155
 154 154 154 154 155 158 158 155 154 155 152 149 150 153 155 153 154 153
 152  30]"
"[ 29  30 171 171 171 169 169 167 167 167 166 165 167 169 170 170 169 170
 171 170 170 170 171 170 168 167 166 167 171 171 168 166 167 168 169 171
 171 169 166 165 160 159 162 164 165 167 167 165 165 166 167 167 165 162
 160 158 155 154 150 145 141 138 130 122 123 119 116 112 109 108 104  98
  95  95  95  92  88  89  92  93  90  88  87  90  94  97  99  99 102 102
 102 102 102 101 101 101 100  93  87  86  89  95 104 113 117 124 130 138
 142 143 147 146 144 144 146 147 145 141 137 136 136 131 127 123 119 117
 113 107  99 101 100  99  94  89  89  89  91  89  87  87  88  86  85  87
  88  96 109 119 126 133 141 147 153 153 154 155 155 154 153 154 154 155
 155 154 153 153 155 157 156 155 154 155 155 155 154 154 153 154 155 155
 154 154 154 154 155 156 155 154 153 154 153 151 151 152 153 151 152 151
 150  29]"
"[ 30  30 170 171 172 170 169 167 168 165 163 164 165 166 167 167 168 169
 169 167 167 168 170 171 168 169 168 168 169 168 168 169 168 169 171 172
 171 169 167 167 163 158 161 168 170 168 167 167 167 167 167 166 166 164
 162 161 158 156 152 148 146 143 137 131 126 122 118 115 113 113 110 106
 100  99  99  98  94  92  93  95  93  90  88  89  92  95  96  97 100  99
  98  98  99 101 102 102 102  97  89  86  90  94 102 113 117 124 131 138
 140 140 143 143 137 139 141 142 142 140 138 137 130 127 124 122 119 117
 113 107 100 101  98  98  94  89  90  91  90  89  88  88  88  85  83  85
  90 100 113 122 127 132 140 147 153 152 152 153 154 153 153 153 154 155
 155 153 153 155 157 157 155 154 154 154 154 153 153 154 154 154 154 154
 154 154 154 154 155 154 154 153 154 153 153 152 152 152 151 149 151 150
 150  29]"
"[ 30  29 168 169 170 169 168 166 166 163 162 164 167 168 169 170 170 169
 168 167 167 168 169 170 168 169 167 165 165 166 168 171 170 169 169 169
 169 168 168 169 167 161 162 170 172 168 166 167 168 167 166 165 165 164
 163 161 161 155 151 152 150 144 139 137 130 125 121 118 116 115 113 109
 105 103 102 101  97  93  94  94  93  92  90  88  86  87  92  97 100  98
  96  96  98 101 102 103 102 101  93  89  92  94  99 110 115 123 130 136
 138 139 142 142 139 139 139 137 136 135 134 133 128 125 122 119 116 115
 113 108 104 102  97  97  94  91  93  94  89  90  89  89  89  87  85  87
  90 101 114 123 127 132 140 145 153 152 152 153 153 153 152 152 154 156
 156 155 155 157 158 157 155 154 155 154 153 152 152 153 155 155 154 153
 153 154 154 153 154 153 154 155 154 152 151 152 155 152 150 148 151 151
 151  30]"
"[ 29  28 166 166 167 167 168 167 167 165 165 167 169 169 169 170 168 167
 166 166 166 167 167 167 169 167 164 163 166 167 167 168 168 167 167 167
 168 168 169 170 166 162 163 168 168 165 165 166 170 168 166 165 165 163
 161 159 161 155 152 154 152 146 140 139 135 127 122 121 120 118 114 109
 106 104 103 101  97  96  95  94  91  91  90  88  85  85  91  96  99  99
  98  99 101 103 103 102 103 104  99  96  96  93  95 104 111 119 125 132
 136 139 143 142 141 141 139 136 135 135 135 134 136 132 126 120 116 115
 114 110 106 102  96  96  95  92  93  91  88  89  90  90  90  88  87  88
  90 100 113 122 129 135 141 145 152 152 152 153 153 152 150 150 153 154
 155 156 157 156 155 155 153 152 152 153 153 153 152 153 155 155 154 153
 152 153 153 153 152 152 153 153 152 150 151 154 155 152 149 147 150 151
 151  30]"
"[ 29  28 165 164 166 166 168 168 169 168 167 168 168 167 166 165 165 164
 164 165 166 165 164 164 167 167 165 165 167 167 166 167 168 167 167 167
 168 167 166 166 166 163 164 166 166 165 166 166 168 167 166 166 166 165
 163 162 161 160 158 155 154 152 146 140 137 131 126 125 121 117 114 112
 110 107 105 103  99  96  95  93  93  92  92  91  90  90  92  93  95  97
 100 103 104 104 103 102 105 106 104 102 100  95  94 100 110 116 121 127
 132 136 141 140 138 137 137 137 137 137 136 136 138 134 130 125 120 117
 114 109 105 103  98  98  97  95  93  89  88  90  90  90  90  89  88  89
  89  99 111 122 130 139 145 148 151 151 151 152 152 150 148 147 149 150
 152 154 154 153 152 152 150 148 148 150 152 153 153 153 153 153 153 152
 151 152 152 152 150 150 150 150 148 148 150 154 153 150 147 146 149 148
 148  28]"
"[ 30  28 166 165 166 166 168 167 166 165 165 166 169 170 168 165 166 166
 166 168 168 166 164 164 164 167 168 168 168 167 167 169 169 168 168 168
 167 165 164 164 166 164 165 167 167 166 166 166 166 165 165 165 166 167
 167 166 163 164 161 158 157 157 151 144 140 134 131 129 122 117 115 116
 114 109 107 106 102  97  95  94  96  95  95  95  95  94  92  92  93  96
 100 103 104 104 104 105 108 107 107 107 104  99  98 100 108 114 117 121
 126 131 137 137 138 137 137 137 136 133 131 131 131 129 126 123 119 117
 112 106 104 104 100  98  97  96  94  89  88  90  90  89  90  90  89  90
  88  97 108 118 128 138 145 148 150 150 151 152 151 148 146 146 145 148
 150 151 151 152 151 150 149 147 146 147 150 151 152 153 151 152 152 151
 150 150 150 150 149 149 148 148 147 148 150 152 150 148 146 146 149 147
 147  28]"
"[ 29  29 167 166 166 166 167 166 168 167 166 167 170 172 169 165 165 166
 167 168 167 164 162 163 165 166 165 166 169 170 169 169 169 169 169 168
 166 166 167 169 166 163 164 167 167 166 165 164 167 166 165 165 166 166
 167 167 165 162 160 160 160 157 152 148 145 137 131 130 126 121 118 116
 115 109 107 109 106 100  97  98  95  95  96  96  95  94  93  93  95  97
 100 102 102 104 106 108 111 107 107 108 106 103 102 101 103 110 113 117
 122 129 137 138 137 135 135 137 136 133 131 131 129 125 120 115 112 112
 111 107 103 104  99  95  94  94  94  90  87  89  88  87  89  89  89  90
  90  99 109 119 128 138 146 149 151 151 152 152 150 147 146 145 146 150
 152 150 151 154 155 152 151 148 146 146 148 149 151 152 150 151 152 150
 148 148 148 148 148 148 149 149 149 149 148 148 147 146 146 147 150 148
 149  30]"
"[ 28  28 167 167 168 168 168 166 165 164 162 162 165 166 165 165 164 165
 167 167 165 163 162 161 164 165 166 166 165 166 167 168 168 168 170 170
 168 165 167 170 167 167 166 164 164 165 165 165 168 167 166 164 163 164
 165 165 163 164 163 161 158 155 151 147 147 142 134 132 129 125 125 125
 120 115 107 108 112 108 102 102 102  97  97  97  93  88  87  94  99 103
 104 102 101 102 105 109 109 108 108 109 108 106 105 107 110 106 109 117
 121 124 127 129 132 133 134 134 134 132 131 130 126 121 115 113 113 112
 109 106 103 100  98  97  95  92  91  90  89  90  89  87  86  87  89  91
  93  98 108 118 124 132 143 145 150 152 152 152 151 147 145 147 149 151
 151 149 147 148 149 150 151 148 146 148 148 147 148 152 153 151 148 146
 146 146 146 145 145 150 153 150 148 148 148 147 148 146 145 146 147 148
 146  29]"
"[ 29  29 167 166 167 167 168 167 166 167 165 163 165 166 166 167 168 167
 167 167 165 162 163 165 167 167 167 165 164 165 167 167 168 168 168 168
 167 166 166 168 166 166 166 166 166 165 164 164 165 166 166 164 162 163
 164 164 167 166 164 161 159 158 153 149 147 145 139 136 133 130 130 128
 123 119 112 111 113 109 104 104 103  99  99  98  96  94  92  97  99 100
  99  98  99  99 101 105 109 108 109 110 108 106 106 108 109 110 115 119
 119 121 126 130 129 130 131 133 135 134 132 130 125 120 115 113 111 109
 107 105 101  99  97  97  95  91  87  84  88  88  87  86  87  89  91  91
  94  97 103 115 124 131 141 146 148 151 153 152 150 147 146 149 150 151
 151 148 146 146 147 147 147 147 146 147 148 149 150 151 149 148 146 145
 145 146 146 146 146 148 149 149 146 145 145 146 147 145 145 146 146 146
 145  29]"
"[ 30  29 167 166 167 167 168 167 166 167 166 164 165 165 165 167 169 168
 167 165 162 161 163 167 168 167 166 164 164 165 165 165 165 166 167 166
 166 166 166 165 164 164 166 169 169 166 165 164 164 166 167 165 163 163
 164 165 167 167 165 162 160 158 154 150 148 149 145 142 139 136 136 131
 127 125 119 115 114 110 105 104 102  99 100  98  98  97  96  97  97  96
  95  97 100 100 101 103 106 107 109 109 106 104 106 109 112 115 119 121
 120 122 126 126 127 126 128 131 134 134 131 128 121 118 114 111 109 107
 105 104  96  94  94  95  94  91  87  85  88  87  88  90  93  95  94  92
  95  97 101 114 125 131 139 146 145 151 154 152 149 146 146 149 150 150
 150 148 146 146 146 146 147 148 149 148 148 150 150 148 147 146 146 146
 146 146 146 146 146 146 146 147 145 143 143 145 147 146 146 146 144 144
 143  29]"
"[ 29  29 168 168 168 167 167 165 166 167 166 164 165 165 165 166 166 167
 167 163 161 162 165 168 165 165 165 165 166 166 165 163 162 164 166 166
 166 166 166 164 162 163 166 170 170 167 166 167 166 167 168 166 165 165
 166 166 163 165 166 164 161 158 154 150 147 149 146 144 141 137 136 132
 131 130 126 120 115 110 105 103 103 100 101  99  98  97  95  98  98  97
  97 101 105 103 101 103 103 105 106 105 102 101 103 107 112 115 120 123
 123 124 124 123 124 123 123 125 127 127 124 121 117 114 111 110 109 107
 104 103  98  96  95  94  92  88  85  84  85  83  83  86  90  92  91  91
  95  99 102 114 126 130 137 143 145 152 155 152 149 145 144 146 148 149
 149 148 147 147 147 148 148 149 149 148 148 149 148 146 146 146 147 146
 145 145 145 145 145 145 146 147 146 144 144 145 147 146 146 145 141 141
 141  29]"
"[ 28  29 168 167 167 166 167 165 166 168 167 166 167 167 165 165 165 169
 169 165 163 165 168 168 165 165 165 166 167 167 165 163 162 166 169 169
 168 167 166 165 163 164 167 169 168 165 166 169 168 168 168 167 166 166
 165 164 164 164 164 163 162 160 154 148 150 150 147 148 146 140 138 136
 134 132 130 125 118 112 107 104 105 102 104 103 100  97  96 101 104 103
 103 105 107 103 100 101 102 103 103 101  98  96  99 102 105 109 117 123
 123 122 123 124 122 121 119 119 119 118 117 115 115 112 110 110 109 107
 103 101  99  98  96  95  91  88  86  87  84  82  80  81  84  88  91  93
  96 102 104 113 124 129 136 142 146 152 154 152 150 147 145 144 147 148
 148 148 147 146 147 149 147 146 146 147 147 147 146 146 146 146 147 146
 145 143 143 143 144 147 148 147 146 147 146 144 146 146 145 143 139 139
 140  28]"
"[ 29  29 166 165 165 165 167 166 167 168 167 166 168 167 165 164 164 169
 170 167 165 168 168 166 165 165 165 165 166 166 165 164 165 168 170 170
 168 167 167 166 165 166 167 167 166 164 165 168 170 169 168 167 167 166
 165 163 167 164 160 160 162 161 155 148 154 152 148 150 149 144 142 140
 135 132 131 129 123 117 113 109 108 104 105 106 104 101 100 105 107 107
 105 105 105 103 101 102 103 103 102 100  97  95  96  97  99 100 108 117
 121 122 124 125 123 121 119 118 117 116 115 114 115 113 111 111 110 106
 101  98  96  96  96  96  93  90  88  89  85  84  85  88  90  92  94  97
  98 103 105 112 121 129 138 143 147 149 150 150 151 150 147 145 148 147
 147 147 146 145 146 147 149 147 145 146 146 145 145 145 145 146 146 146
 144 143 143 143 143 147 148 146 145 147 146 144 146 145 145 143 140 141
 142  29]"
"[ 29  29 166 164 164 165 167 167 167 168 166 165 166 165 163 162 163 165
 167 167 167 167 166 165 164 165 166 166 165 165 165 165 168 167 167 166
 165 164 165 166 167 167 166 165 165 164 165 165 167 168 168 167 166 166
 164 163 164 163 162 161 162 161 157 153 154 151 146 146 146 144 142 138
 135 130 130 130 126 122 119 115 110 106 105 105 106 107 105 106 106 106
 105 104 105 105 104 104 104 104 103 101 100  99  98  97  97  97 101 107
 114 121 125 124 123 122 120 118 117 116 114 113 113 112 111 110 108 104
  99  96  98  97  95  95  92  89  86  86  85  86  88  92  94  94  95  96
 101 102 105 114 121 128 139 143 146 146 145 148 151 150 148 148 147 146
 145 145 146 146 146 147 150 149 147 145 145 146 145 144 144 145 145 145
 144 144 143 143 142 144 144 143 142 143 144 144 145 143 144 144 142 144
 143  29]"
"[ 29  29 167 166 166 166 168 167 167 168 167 165 165 164 162 161 162 161
 163 166 167 166 165 165 162 165 167 168 167 166 166 165 168 165 162 161
 161 161 163 166 168 167 165 164 165 166 164 162 162 164 166 166 165 164
 163 162 159 164 167 166 163 160 159 159 157 155 148 146 147 147 145 139
 136 129 128 131 128 124 122 119 112 107 105 104 108 111 108 105 105 106
 105 105 106 106 104 104 105 105 104 104 104 103 101  98  95  97 100 102
 105 114 122 123 121 119 117 116 116 114 111 109 110 110 109 109 106 102
  99  97  96  94  91  91  91  90  89  88  90  89  89  91  93  94  96  99
 101  99 104 116 122 127 137 141 144 143 142 145 149 149 148 149 147 144
 142 144 147 148 148 149 146 148 146 144 144 148 148 145 143 143 143 143
 143 143 142 142 140 140 140 140 140 140 142 145 142 141 142 143 143 145
 144  29]"
"[ 29  28 167 168 168 167 168 168 166 165 166 167 164 162 163 162 163 164
 165 166 166 166 166 167 165 166 166 165 166 167 167 165 166 165 165 166
 165 164 165 168 168 169 168 166 165 164 163 161 161 163 163 161 162 165
 164 161 162 164 165 164 162 161 161 161 158 155 150 148 149 149 146 143
 138 136 134 133 130 124 120 119 118 111 108 109 109 108 106 104 104 104
 104 105 107 109 108 104 110 107 105 107 108 106 102  99  96  98  99 100
 103 107 113 117 117 115 115 116 115 111 108 108 110 108 108 108 106 100
  98  99  96  95  93  92  93  95  94  92  89  89  90  93  96  96  96  98
 101 100 102 109 120 131 138 140 143 142 140 142 147 148 147 148 146 144
 143 142 143 145 146 147 144 144 143 143 144 146 145 142 141 140 142 143
 144 142 142 142 140 138 138 138 140 141 142 143 143 141 139 142 143 144
 144  28]"
"[ 30  28 166 166 166 164 165 166 166 165 165 164 161 161 162 161 162 163
 164 164 164 164 165 165 164 165 165 164 163 165 165 165 166 166 167 168
 168 167 165 165 168 168 168 165 163 163 164 164 166 164 160 157 158 161
 163 164 163 165 167 166 163 162 161 161 159 156 152 150 151 151 149 146
 146 142 138 135 132 126 121 119 119 114 111 109 109 109 109 107 105 104
 104 105 107 110 109 108 109 107 105 105 105 106 105 105  99 100 101 103
 104 106 106 106 109 112 114 114 112 109 108 106 106 106 106 105 103 101
 100 100  98  97  96  95  96  97  95  93  92  93  93  97 102 102 100 100
 101 101 103 109 118 127 135 139 137 139 138 138 141 145 146 147 147 144
 142 141 141 141 142 143 141 142 142 143 144 145 144 142 137 139 141 142
 143 143 143 142 141 139 137 137 138 140 142 143 143 141 139 143 144 146
 146  30]"
"[ 29  28 166 166 166 165 167 168 166 165 165 163 160 162 163 162 161 162
 163 164 164 163 163 164 165 166 166 164 162 163 165 165 166 166 167 167
 167 167 164 162 165 166 166 164 161 162 164 165 167 163 160 159 159 160
 161 163 163 165 167 167 165 163 162 162 161 159 156 154 154 154 153 150
 147 144 140 138 135 130 125 122 120 117 114 110 109 111 113 111 108 105
 104 105 107 107 107 107 107 107 106 104 104 106 108 108 106 104 102 101
 103 105 105 105 101 105 109 110 109 109 107 105 103 105 105 103 103 103
 103 101 100 100  99  99  99  99  97  94  95  99 102 103 104 104 103 105
 104 102 103 106 111 116 124 130 133 139 139 137 139 143 145 147 145 142
 140 140 140 138 138 138 138 140 142 143 144 145 144 143 140 142 143 141
 141 142 142 141 139 138 138 139 140 142 142 142 143 142 140 143 144 146
 147  30]"
"[ 29  28 166 166 166 165 167 168 165 165 165 163 162 165 167 165 162 162
 162 164 165 165 164 163 166 168 168 165 162 162 164 165 165 166 165 163
 162 163 163 161 164 165 165 164 162 162 163 164 164 163 162 162 162 162
 162 162 163 163 164 165 164 163 162 162 160 159 157 154 153 153 152 150
 145 144 143 142 140 136 130 127 123 120 117 114 113 114 114 112 109 105
 103 105 107 106 105 104 105 108 108 106 106 108 109 109 110 106 101  99
 101 104 105 105  99 101 102 104 107 108 107 104 103 103 104 104 104 104
 102 100 101 100 100 100 101 101  99  96  99 104 107 105 104 104 103 104
 102 100 100 104 108 112 121 128 132 138 140 138 139 141 143 145 143 141
 141 143 143 141 139 139 139 140 141 143 144 145 144 143 144 144 142 140
 138 139 140 141 137 137 137 138 141 143 143 142 142 143 142 143 144 146
 146  29]"
"[ 29  28 166 164 163 161 161 161 164 164 165 164 164 167 168 165 162 161
 162 164 167 168 166 164 165 167 168 165 162 162 163 165 165 166 165 162
 160 162 163 164 164 165 166 166 165 164 163 162 164 164 162 160 161 163
 165 165 164 162 162 163 164 164 162 161 160 160 158 155 153 152 152 151
 148 149 148 145 143 139 135 132 129 124 121 121 118 116 114 111 108 105
 104 106 109 108 105 104 105 107 108 107 108 110 110 109 108 105 103 102
 102 102 100  99 101 100 100 102 103 103 103 105 103 101 101 103 103 101
  99 100 100 100 100 101 102 103 102 100 105 106 104 102 104 105 102 101
  99  97  97 101 105 110 118 125 131 134 136 137 139 139 140 143 139 137
 137 139 141 139 138 138 139 139 139 141 143 143 143 141 141 138 137 137
 137 135 137 140 139 138 137 137 139 142 143 143 142 144 144 144 143 145
 146  29]"
"[ 29  28 165 164 162 160 160 160 164 163 164 164 164 166 166 162 161 160
 161 163 166 168 167 165 164 166 167 164 162 162 164 165 164 166 167 165
 162 162 163 165 165 164 165 166 166 164 162 161 163 163 162 160 161 164
 166 166 166 163 161 163 165 164 162 161 162 161 160 157 155 153 152 152
 150 151 149 145 143 142 140 137 134 128 125 126 123 118 113 110 111 109
 108 109 110 108 105 103 104 105 104 104 106 108 110 109 107 107 106 105
 104 103 101  99 101 101 101 100  97  95  98 103 103 100  99 101 101  99
  99 102 100 101 101 102 103 104 104 103 106 106 103 100 102 102 101 101
  99  97  97 100 103 108 115 121 130 132 134 136 139 139 141 145 139 135
 133 135 137 136 135 137 138 137 136 138 140 140 139 139 138 135 135 138
 138 135 134 137 139 140 141 141 142 143 142 140 140 143 143 143 143 146
 147  28]"
"[ 29  28 165 164 164 162 164 164 165 163 164 165 164 164 163 160 161 160
 161 162 164 166 166 166 166 167 167 164 162 163 164 165 164 165 167 167
 164 162 163 164 166 165 164 165 165 163 162 162 162 162 162 163 163 163
 164 164 166 164 163 164 165 164 163 162 159 159 158 155 153 152 151 150
 151 150 147 143 143 144 143 139 135 132 130 130 126 122 118 114 115 115
 113 111 108 106 104 102 103 102 101 102 104 106 108 109 109 108 107 107
 107 107 106 105 102 102 102 100  96  95  96  98 102 100 100 101 101 100
 101 102 101 102 103 103 104 105 105 105 104 105 103 102 101  99  99 102
  99  99 100 102 105 111 118 124 127 131 135 137 140 142 142 144 144 140
 137 138 139 137 136 138 137 136 136 137 139 138 138 138 138 136 137 139
 140 137 136 136 139 142 144 143 143 143 141 139 140 143 142 142 144 149
 149  28]"
"[ 30  28 165 164 163 163 165 166 167 164 164 166 165 164 162 159 161 161
 161 161 162 164 166 168 169 169 167 163 161 162 163 164 165 165 167 167
 165 162 162 165 168 166 165 164 164 163 164 165 165 162 161 163 163 161
 163 166 165 163 164 166 166 164 163 164 161 161 159 157 155 154 153 152
 152 151 147 143 144 145 142 136 136 135 135 133 129 127 124 119 115 116
 115 110 105 104 104 103 104 102 102 103 104 105 107 109 107 107 108 109
 109 108 106 104 105 105 102 100 100 101  99  95  99 101 102 102 101 102
 101 100 101 103 104 104 104 104 105 105 106 104 101 101 102 100  98 100
 100 101 102 102 102 107 113 118 121 130 136 138 141 142 141 140 145 140
 138 140 140 137 134 134 137 136 137 138 139 138 138 139 139 138 138 139
 141 141 140 139 141 143 141 138 138 140 142 142 142 144 143 144 147 152
 151  29]"
"[ 30  29 163 162 160 163 165 168 167 165 164 166 166 164 161 160 163 163
 162 160 159 161 165 168 168 166 163 158 156 157 161 165 161 163 165 166
 165 163 163 163 163 162 162 163 165 165 162 160 163 163 162 163 164 165
 165 166 165 165 164 164 164 164 162 161 160 160 160 160 157 155 154 154
 153 150 147 146 146 144 142 140 139 139 138 135 132 129 125 123 121 118
 114 110 106 104 103 103 103 102 105 107 105 103 104 105 107 108 108 109
 108 107 106 105 105 105 101 100 103 104 102 100 104 103 102 100  98  98
 101 104 106 104 103 101 100 100 101 102 104 103 103 100 100 102  98  96
 100 101 101 100 101 103 109 117 123 128 136 140 138 139 141 139 141 142
 141 138 136 136 136 136 139 138 138 139 140 139 138 138 137 138 141 143
 144 142 140 139 142 143 143 140 138 139 142 143 143 145 146 150 152 153
 158  29]"
"[ 30  29 164 163 162 163 161 161 163 164 166 167 166 164 162 162 161 162
 162 162 162 163 164 166 165 164 162 159 157 158 160 162 161 161 162 162
 162 161 161 162 163 163 164 165 165 164 161 160 163 162 161 162 164 165
 165 165 165 165 165 166 165 164 161 158 160 161 162 162 160 158 158 159
 153 150 146 145 145 144 143 142 141 141 140 139 136 131 127 124 127 123
 117 112 108 107 107 107 104 105 108 109 106 104 104 105 108 108 108 107
 107 106 105 104 104 104 103 103 106 107 105 104 104 104 104 102 100  99
 100 103 103 103 101 100 100 100 101 102 103 103 103  99  98 100  99  99
 101 101  99  98  99 101 106 113 115 122 133 139 140 140 139 137 140 143
 144 141 137 136 138 140 142 142 142 142 143 143 143 144 141 141 141 142
 143 143 143 142 142 143 146 147 147 146 146 147 147 149 151 156 159 159
 161  29]"
"[ 29  29 163 164 164 164 161 160 162 164 165 165 165 165 163 162 163 164
 165 166 166 166 166 166 166 166 165 163 162 162 163 163 161 161 161 161
 161 161 161 162 163 165 166 166 165 163 162 161 162 161 161 162 164 165
 165 164 165 165 165 166 165 163 160 158 160 162 163 163 161 159 160 162
 157 154 150 148 147 145 144 143 145 143 142 142 140 135 131 128 129 126
 120 115 111 110 111 112 108 108 110 110 105 103 104 104 107 106 105 105
 104 104 103 103 102 104 103 104 107 108 106 105 105 106 106 105 102 101
 101 102 102 101 101 101 101 102 103 104 102 102 103  99  98  99  99 100
 101 101  99  99 100 101 105 110 111 121 132 139 142 142 139 138 140 143
 145 143 140 140 142 145 145 145 145 145 144 143 144 146 145 144 143 142
 143 145 144 143 144 144 148 152 152 148 146 147 150 152 154 159 163 163
 163  29]"
"[ 29  29 163 164 164 166 164 165 166 165 163 163 165 167 165 162 165 165
 166 166 166 166 166 166 166 166 165 163 163 163 163 162 162 162 163 164
 163 162 162 163 164 165 166 165 164 164 164 164 162 162 162 163 164 165
 164 164 167 166 165 164 164 164 163 163 162 163 163 162 160 160 161 161
 160 157 155 153 151 148 145 143 145 142 141 142 142 138 135 133 131 129
 126 120 114 111 111 113 112 111 111 109 104 103 104 105 104 105 105 104
 103 103 103 104 103 104 102 103 107 107 105 105 104 106 107 106 104 102
 102 102 101 102 102 103 103 104 104 104 101 101 103 100  99  99  97  98
 100 101 101 102 103 102 104 108 115 125 132 138 143 143 140 140 140 142
 143 142 142 144 145 145 145 144 144 144 144 143 144 145 144 145 145 143
 143 145 144 141 146 146 148 150 150 147 147 148 152 152 152 157 162 164
 164  30]"
"[ 29  29 163 164 164 165 165 168 168 167 165 164 165 167 165 162 162 163
 164 164 163 163 164 165 165 165 163 162 162 163 164 163 164 164 165 165
 164 163 164 165 165 164 163 162 162 163 165 166 163 164 165 164 164 164
 165 166 166 166 165 164 164 165 165 165 165 164 162 160 160 162 162 162
 160 159 158 157 154 150 145 143 143 141 141 143 144 141 138 136 135 133
 129 126 122 117 112 109 112 111 110 109 105 105 105 104 103 105 107 106
 104 103 104 105 107 105 102 103 106 107 106 105 104 106 107 106 104 104
 104 104 103 103 104 104 104 104 102 101 100  99 100  98  98  99  96  96
  99 101 101 101 101  99 101 106 115 123 130 135 140 141 139 139 140 142
 142 141 142 143 144 143 142 142 142 143 144 144 144 144 141 144 144 143
 142 144 144 142 146 148 150 149 148 149 151 152 152 152 152 156 161 163
 164  30]"
"[ 29  29 164 165 164 163 161 164 166 167 168 167 165 164 163 162 160 162
 164 164 163 162 163 164 166 166 165 164 164 166 167 167 166 165 164 164
 164 164 164 165 165 163 162 161 161 162 163 164 163 164 165 165 164 163
 164 165 164 164 164 165 165 165 164 164 165 164 161 159 160 163 164 163
 162 162 162 161 157 151 146 143 145 144 145 146 147 146 143 139 138 133
 129 128 128 125 117 111 110 109 110 109 106 105 104 102 102 105 107 107
 105 103 103 105 108 105 102 103 107 108 107 107 106 107 108 107 107 107
 107 106 106 105 105 105 105 104 101 100 100  97  96  95  96  98  97  97
 100 101 100  98  97  96  98 103 109 117 125 132 137 139 139 138 140 143
 144 142 140 140 142 143 143 142 141 142 143 142 141 140 141 142 143 141
 141 143 145 146 146 149 150 149 148 149 151 151 153 155 155 158 161 162
 163  29]"
"[ 29  29 165 166 165 163 160 162 165 166 168 168 165 162 162 163 163 164
 165 165 164 163 163 164 165 165 165 164 164 165 166 166 167 164 163 164
 166 166 164 162 162 163 163 163 163 162 162 161 162 163 165 166 165 164
 164 165 164 164 165 166 166 166 165 165 164 164 161 159 159 162 163 162
 164 164 163 163 160 155 152 150 153 153 151 149 149 150 148 144 140 136
 132 130 129 127 121 116 111 111 112 109 105 104 103 100 102 104 106 106
 105 104 104 104 106 105 103 104 107 107 107 108 107 109 109 108 109 110
 110 108 106 105 105 105 105 104 102 101  99  96  96  95  96  98  97  98
  98  99  98  98  98  97  98 102 104 111 122 130 134 138 140 139 140 142
 142 141 140 141 142 143 143 143 142 142 141 140 139 139 142 142 142 142
 143 144 146 148 147 148 148 149 149 149 149 149 153 156 156 158 159 160
 162  29]"
"[ 30  29 164 167 166 165 162 164 168 166 166 167 166 165 164 164 165 165
 164 163 163 162 162 162 167 167 167 166 165 166 166 166 167 164 164 167
 170 169 164 159 160 162 165 166 165 163 162 161 162 164 166 168 168 167
 166 165 166 167 167 168 169 169 169 169 165 165 163 160 159 161 161 160
 161 161 161 162 161 160 159 160 160 159 154 148 147 150 150 148 144 142
 138 133 127 123 121 120 116 116 115 110 105 103 103 101 102 103 104 105
 106 106 105 105 105 105 105 106 108 107 107 109 107 108 108 108 109 111
 110 108 104 103 102 102 103 104 103 102  99  96  98  98  98  99  96  97
  95  96  97  99 101 100  99 102 104 109 120 129 132 137 141 140 140 139
 137 137 139 142 142 141 142 142 143 143 142 141 141 142 144 143 143 144
 145 145 146 148 148 145 145 149 151 151 151 152 153 156 156 156 156 158
 161  29]"
"[ 29  29 165 166 167 165 166 166 166 166 166 165 165 165 165 166 165 164
 163 161 160 161 163 165 169 169 168 165 165 167 168 166 166 166 167 167
 168 170 170 170 170 167 166 166 168 167 165 163 163 166 169 169 169 170
 168 166 167 169 171 172 174 175 174 171 170 171 172 173 175 174 172 169
 168 169 169 169 168 169 170 170 167 164 159 155 153 153 150 147 146 146
 144 138 131 126 122 121 120 119 115 110 107 106 105 105 102 102 105 109
 109 109 109 109 106 107 110 111 109 105 105 107 108 109 109 108 108 110
 110 108 106 105 104 104 103 102 103 104 101  98 101 100  98  99  98  98
  96  97  99 101 103 103 101  98  99 106 118 124 129 137 139 139 139 139
 139 139 141 144 144 142 142 143 144 144 142 140 140 143 145 144 143 143
 143 144 144 145 144 145 147 149 151 151 150 149 152 154 154 155 156 158
 161  30]"
"[ 30  30 165 165 166 165 165 165 166 168 170 170 168 167 167 167 168 165
 161 160 162 164 165 165 165 168 170 169 168 169 170 171 167 166 166 169
 171 171 170 171 173 172 171 172 172 171 169 168 170 171 172 171 171 173
 173 172 174 174 175 175 177 178 176 173 173 173 174 175 177 178 176 174
 171 172 172 172 172 172 171 170 170 168 164 160 157 154 149 145 147 146
 143 138 133 128 124 121 118 118 116 114 112 110 107 106 103 102 105 107
 107 108 111 111 108 107 107 108 106 104 105 107 107 109 110 109 108 108
 107 106 105 105 105 105 105 103 102 101  98  98 102 101  98  98  96  96
  96  97  99 100 101 101  99  96  94  99 112 122 130 137 140 141 138 139
 141 142 143 145 145 144 141 140 141 141 141 141 142 144 146 145 145 145
 144 144 144 144 143 143 144 145 147 149 151 152 152 154 153 155 156 158
 161  29]"
"[ 29  27 164 163 165 165 165 164 166 169 172 172 170 168 168 169 169 166
 163 162 165 167 168 168 165 167 171 173 172 171 171 171 171 168 169 173
 176 175 174 175 177 176 177 177 177 176 175 175 175 176 176 174 174 176
 178 178 180 179 178 178 179 180 179 177 176 176 175 176 178 180 179 177
 174 174 174 174 174 173 171 170 170 169 166 164 161 158 152 148 152 151
 148 143 137 131 126 122 116 116 115 114 112 111 109 107 104 103 105 105
 103 105 110 114 108 106 106 106 106 105 105 106 106 109 111 111 111 110
 109 107 105 105 105 105 105 104 102 100  98  98 103 101  98  98  97  97
  95  96  97  97  98  99  99  99  96  97 109 123 131 136 138 140 138 139
 142 144 145 144 144 144 141 140 140 141 142 143 143 144 144 145 145 146
 145 145 144 143 143 142 143 144 146 148 151 154 154 155 154 156 159 161
 163  29]"
"[ 30  29 170 170 171 172 172 171 173 175 176 176 174 174 176 178 179 178
 177 176 176 178 180 181 179 178 180 183 185 182 179 178 175 174 175 178
 180 180 179 180 178 178 178 180 180 180 179 178 176 178 179 179 178 179
 179 179 180 179 178 178 178 179 179 179 179 178 176 176 178 179 178 176
 175 175 175 174 173 172 171 172 174 173 171 170 168 166 162 159 153 154
 151 146 139 132 126 122 118 117 115 112 110 109 110 110 106 104 102 101
 101 104 109 110 106 105 106 107 108 107 107 107 106 109 112 113 114 114
 112 110 107 106 104 104 105 105 104 103 101  98 100 100  98  97  96  99
  96  96  96  95  95  97 100 101 100 100 111 123 131 134 135 138 138 139
 141 143 142 140 140 142 142 142 141 142 142 142 141 141 141 143 145 146
 146 145 144 143 143 143 145 147 148 149 151 153 157 158 156 158 161 162
 163  29]"
"[ 29  30 176 176 176 177 177 176 179 179 179 179 179 179 181 182 180 180
 179 179 178 178 179 180 183 180 181 184 184 181 178 178 177 179 181 181
 181 182 181 180 178 177 177 179 180 179 178 177 176 178 180 180 180 179
 179 179 178 178 178 177 177 176 177 178 179 178 177 176 176 177 177 175
 175 175 176 176 174 172 172 173 173 171 170 169 168 166 162 160 157 155
 152 148 144 137 129 123 118 118 116 113 111 111 112 113 110 104 100  99
 101 105 106 104 104 105 106 107 108 108 109 110 108 110 111 114 115 114
 112 109 108 107 105 104 104 106 106 105 103  96  96  98  96  93  91  95
  98  98  97  96  95  96  97  98  98 100 111 120 127 133 135 138 139 139
 141 141 139 136 137 139 140 142 143 143 142 141 139 138 140 143 145 146
 145 145 145 144 144 144 147 150 151 151 151 153 157 157 156 159 161 162
 163  28]"
"[ 29  28 178 179 177 180 179 177 178 178 178 179 179 180 180 180 183 182
 180 181 181 181 179 178 182 182 183 184 182 180 180 182 180 183 184 182
 181 182 181 179 179 177 177 178 178 178 176 175 178 179 179 179 179 179
 179 180 179 179 180 179 178 176 176 177 178 177 176 175 175 175 175 174
 174 175 178 179 176 173 172 173 173 172 172 173 172 169 166 164 162 158
 152 149 146 140 129 120 115 116 116 115 114 113 111 110 108 106 105 102
  99 101 104 104 104 105 106 107 108 110 113 115 113 113 113 114 114 112
 109 106 108 108 107 105 105 105 105 104 103  95  95  96  93  89  86  89
  95  96  98  98  97  97  96  96  96 100 111 118 123 132 135 138 140 141
 141 141 139 137 137 138 139 141 144 144 143 141 140 139 141 144 146 146
 145 145 145 145 144 144 147 150 152 152 153 154 155 156 156 159 161 162
 163  29]"
"[ 30  30 181 182 180 184 183 180 180 180 180 180 180 180 180 180 183 182
 182 182 182 182 180 179 180 181 183 183 181 179 180 182 181 183 183 182
 181 181 180 179 180 179 178 179 179 178 177 177 180 179 178 178 178 178
 179 180 180 179 179 180 179 178 177 178 177 177 177 176 175 175 175 175
 175 175 176 177 176 173 172 172 170 169 169 170 170 168 166 166 162 158
 153 148 143 137 128 121 119 118 116 114 114 112 108 105 104 106 109 105
  98  98 102 105 105 106 107 108 110 113 115 116 115 116 116 116 113 110
 106 104 106 108 108 105 104 104 104 103 104  97  97  95  91  89  87  88
  91  93  96  97  97  97  96  95  95  98 108 116 122 130 134 137 139 141
 142 142 142 142 141 140 140 142 144 144 143 143 142 142 143 146 147 145
 144 144 146 146 145 144 146 151 153 153 153 155 154 157 158 160 162 162
 163  30]"
"[ 30  29 179 180 179 185 184 181 181 181 180 179 179 178 179 179 179 182
 184 184 182 181 181 183 182 182 182 183 182 181 180 179 181 180 180 181
 181 181 180 179 180 180 180 180 180 179 179 180 180 179 178 178 178 178
 178 179 178 176 176 177 179 178 177 177 178 179 180 179 177 176 176 176
 177 174 173 173 173 172 171 172 172 170 168 168 168 168 168 169 161 162
 160 153 145 138 134 133 128 123 117 113 112 111 107 103 105 105 105 103
 100 101 103 101 103 105 107 109 111 114 115 114 115 116 117 116 112 107
 105 104 106 108 107 104 102 103 104 104 104 100  98  93  88  89  89  90
  91  93  94  95  96  96  95  94  93  95 105 114 122 130 134 137 138 141
 143 144 145 145 144 142 141 143 143 142 142 143 143 142 143 146 147 144
 143 144 146 146 145 144 147 152 155 153 153 154 154 157 158 161 161 161
 163  29]"
"[ 29  28 179 178 179 182 185 185 183 182 181 180 179 179 180 181 179 180
 182 182 183 182 182 182 184 181 182 183 182 180 180 178 180 180 181 181
 180 180 180 180 179 178 179 180 179 177 178 182 182 179 177 177 178 179
 178 177 177 175 174 176 178 179 179 178 178 179 180 179 179 178 178 178
 177 176 175 174 172 171 172 173 171 171 171 171 172 171 170 169 165 163
 160 155 151 146 141 136 132 125 120 114 110 110 108 106 103 102 100  98
  99 102 102  99 103 105 108 111 113 113 112 111 115 116 115 111 108 106
 104 103 106 106 105 102  97  97 100 102 100  96  94  95  95  92  90  91
  91  93  96  97  96  95  95  96  95  97 102 111 121 127 132 138 139 143
 146 146 145 144 143 142 140 143 144 144 143 143 143 143 143 143 143 145
 145 146 147 148 147 146 148 152 154 153 153 154 153 156 157 159 161 161
 162  29]"
"[ 29  28 180 179 180 181 183 182 184 183 181 180 179 179 179 180 179 180
 181 181 182 182 183 183 181 179 181 182 181 179 179 179 180 181 181 180
 179 179 181 182 180 180 179 179 178 179 180 182 183 181 179 179 179 179
 178 178 175 174 174 176 178 179 179 179 178 179 179 178 177 177 177 177
 177 176 176 175 173 172 172 172 173 172 172 173 173 173 171 169 165 164
 161 156 151 146 141 137 130 125 122 117 112 110 106 103 102 100  96  94
  96 101 103 102 105 106 108 110 110 109 108 107 111 114 115 111 107 105
 105 106 105 106 107 104  97  94  94  95  91  90  90  92  94  95  92  90
  92  93  95  97  97  97  97  97  95  98 104 112 121 126 131 137 138 142
 145 144 143 142 141 140 139 141 142 142 141 141 142 143 143 142 142 143
 144 145 146 146 146 145 145 146 148 149 151 153 154 156 157 159 161 161
 163  29]"
"[ 28  30 182 182 182 181 182 181 183 182 182 181 181 181 180 179 179 179
 179 179 180 181 182 183 183 182 185 186 184 181 180 179 179 181 181 181
 179 179 181 182 182 180 177 176 176 177 179 179 181 180 179 179 179 179
 179 179 178 177 177 178 179 179 179 180 179 179 179 177 176 176 177 177
 176 177 176 175 174 173 172 172 174 173 173 174 175 175 173 171 169 167
 162 155 149 145 141 138 130 127 124 117 113 110 103 100  98  97  93  92
  94  99 101 101 102 103 106 109 110 108 108 110 112 114 113 110 107 106
 106 105 101 103 105 103  96  92  92  92  87  89  89  89  90  91  90  87
  90  91  93  95  96  96  97  96  96  98 103 110 119 126 131 137 141 143
 144 142 141 140 140 139 139 140 141 140 140 141 143 145 143 141 140 140
 143 145 145 143 145 145 145 144 145 147 151 152 154 156 156 158 160 161
 162  29]"
"[ 29  31 184 183 182 182 182 182 181 181 181 182 183 183 181 179 180 179
 178 179 180 181 181 182 181 181 185 188 186 183 180 178 179 180 182 183
 182 181 182 182 183 179 177 176 175 174 175 176 179 178 178 179 179 179
 179 179 180 180 180 181 180 179 179 180 181 180 178 176 175 176 176 176
 177 176 176 175 174 173 173 172 173 172 172 174 175 176 174 172 166 167
 165 160 154 148 142 137 133 130 126 118 114 111 103  99  94  95  95  94
  95  96  97  96  96  97 102 107 109 108 109 112 114 112 109 107 107 108
 106 103 100  99 100  99  95  94  95  94  88  91  91  88  85  85  86  87
  88  89  91  93  95  96  96  96  97  98 100 107 117 126 132 138 142 144
 143 141 139 139 139 139 139 140 141 140 140 142 145 147 143 142 141 140
 142 145 145 143 142 145 147 146 146 149 152 152 153 154 154 157 159 160
 162  29]"
"[ 28  30 182 182 181 181 183 183 182 181 180 180 182 183 183 182 182 181
 180 180 180 181 181 181 180 179 182 186 187 185 183 181 179 180 181 182
 183 183 182 182 183 180 178 179 177 173 173 176 179 179 179 180 180 179
 178 179 178 179 180 180 180 179 180 181 180 179 177 176 175 176 177 177
 177 176 175 174 174 173 173 173 172 171 172 173 174 174 173 171 168 168
 165 160 156 152 147 142 137 133 127 120 118 114 103  98  95  96  96  95
  93  93  93  93  94  96 101 105 106 106 107 109 110 108 105 103 103 105
 104 101 101  98  97  96  95  95  95  94  89  89  89  88  86  85  86  88
  89  90  91  92  93  94  95  95  97  98 100 106 118 127 133 138 140 142
 143 141 139 139 139 138 141 141 141 140 140 142 145 147 144 144 143 142
 142 144 144 144 141 145 147 146 147 149 151 151 152 154 154 157 159 161
 163  29]"
"[ 28  29 181 181 180 181 184 185 186 183 180 179 181 184 186 186 184 183
 182 181 181 181 182 182 182 179 180 183 184 184 184 182 181 180 179 179
 180 181 181 180 181 180 180 181 179 175 175 178 179 179 179 180 179 178
 177 176 179 179 180 180 180 179 179 179 179 178 177 176 177 178 178 178
 177 176 174 173 173 173 174 174 173 172 172 172 173 173 172 171 172 170
 166 161 158 155 150 143 138 134 127 121 121 115 101  97  98  97  94  92
  90  89  91  92  94  98 102 104 105 106 107 108 107 107 106 102  98  98
  99  99  98  95  94  94  94  95  94  90  89  88  87  89  90  89  88  87
  89  89  90  90  89  89  90  91  94  96  99 106 118 126 131 135 138 142
 145 144 142 141 140 139 142 143 143 141 140 141 143 144 145 144 144 144
 143 142 142 143 143 146 147 146 146 149 151 152 154 155 155 158 161 162
 164  30]"
"[ 29  30 182 182 182 183 186 187 187 184 181 180 181 184 187 188 185 184
 182 181 180 181 182 183 183 180 180 182 181 181 181 179 181 180 179 179
 178 179 179 179 180 181 181 180 179 179 179 180 177 177 178 179 180 178
 177 177 181 180 180 180 180 179 178 178 179 179 179 178 179 180 180 179
 177 175 174 173 173 173 174 174 174 173 173 173 173 172 172 171 168 169
 169 168 166 162 152 141 139 134 126 121 121 113 100  98  98  96  92  90
  89  88  88  88  92  96  99 101 102 105 108 108 106 108 107 102  97  95
  96  97  95  92  91  93  93  94  93  90  90  90  90  90  90  91  90  88
  88  89  90  88  86  86  87  88  90  94  98 104 115 124 130 135 138 142
 146 145 143 142 142 142 144 145 145 143 142 142 143 144 144 142 142 144
 143 140 140 143 145 146 147 146 146 149 152 154 155 157 157 160 162 163
 164  29]"
"[ 29  30 183 183 184 185 187 188 184 183 181 181 182 184 185 186 185 183
 182 180 179 180 182 184 185 184 185 187 186 185 184 183 182 183 183 182
 180 179 179 179 180 183 182 178 178 182 183 180 175 175 177 180 181 181
 180 180 179 178 178 180 181 180 179 179 179 179 179 179 179 179 179 178
 176 175 173 173 173 174 174 174 174 174 174 173 173 172 173 173 171 170
 167 165 166 167 161 152 142 135 126 120 120 112 101 102  96  94  92  91
  91  88  85  82  88  93  95  95  97 102 105 105 104 105 104 101  98  98
  98  97  96  93  93  93  93  94  94  91  89  94  95  91  88  90  93  92
  89  90  91  90  87  86  88  90  89  93  97 102 112 122 131 138 138 142
 145 144 142 142 144 145 145 146 147 146 145 145 145 145 142 140 140 143
 143 140 140 142 145 146 146 147 148 150 153 155 156 158 158 160 162 163
 163  29]"
"[ 28  29 185 186 187 188 186 186 182 181 181 183 183 185 186 184 186 182
 181 183 182 181 181 184 186 185 184 184 184 185 184 183 183 183 181 179
 179 180 179 178 181 182 182 181 180 180 179 179 174 177 180 181 181 181
 180 178 177 178 180 181 180 178 176 176 178 179 179 178 179 180 179 176
 173 171 171 173 174 174 174 174 175 173 172 173 173 172 172 173 170 171
 171 169 168 167 163 159 146 139 131 123 116 112 108 103 100  95  92  90
  90  89  86  80  87  91  96  96  95 100 103 102 106 103  99  97  98  99
  98  96  95  94  94  95  96  95  91  88  91  92  92  91  91  92  94  95
  95  91  89  89  89  88  88  89  90  94  96 101 110 123 133 141 143 142
 143 145 144 142 143 147 147 145 144 144 144 143 143 143 145 141 138 140
 142 141 140 140 140 144 146 145 147 151 154 154 154 155 156 159 162 163
 164  29]"
"[ 29  29 184 184 186 188 186 184 182 181 181 183 184 187 188 187 182 182
 183 185 186 183 182 182 185 185 185 185 185 186 185 184 183 183 182 181
 180 180 180 179 181 182 183 182 181 180 179 178 178 179 180 180 181 182
 181 179 180 180 180 180 178 176 176 176 175 176 178 179 179 179 177 175
 173 172 172 173 173 173 173 174 173 173 173 174 173 173 173 175 174 174
 172 169 167 167 164 161 156 146 137 131 124 117 112 108 104 100  97  93
  90  89  88  85  85  88  93  96  95  98 102 103 103 103 102 102 102 101
  98  95  96  96  96  97  97  96  94  92  92  93  92  91  91  93  96  98
  95  90  86  86  87  88  89  90  90  94  97 101 111 122 132 140 142 143
 145 147 146 143 142 144 145 144 144 145 143 140 139 139 142 140 140 142
 144 143 142 143 144 147 147 146 147 151 154 154 154 157 157 159 161 163
 164  29]"
"[ 28  30 186 185 183 184 184 186 184 182 183 184 185 187 189 188 184 183
 182 182 183 183 184 184 184 185 185 185 185 186 185 184 181 182 183 182
 182 182 181 181 180 181 181 181 181 181 180 180 179 180 180 181 181 182
 181 179 179 179 180 180 179 178 179 180 175 176 178 180 179 178 176 175
 174 173 173 174 174 174 174 175 173 174 174 174 173 172 173 175 174 174
 172 169 167 167 165 162 160 152 146 143 136 126 117 113 104 104 104 100
  94  89  86  84  87  89  93  97  96  96  98 100 101 101 101 101 100  99
  97  96  97  97  98  97  97  96  97  98 100  98  95  91  88  88  90  91
  93  89  86  86  88  89  90  91  90  94  97 101 110 121 131 137 140 143
 146 147 146 146 145 144 143 143 144 144 142 139 139 140 139 139 141 143
 144 143 144 145 146 148 148 147 148 152 154 154 155 158 158 158 159 162
 164  29]"
"[ 28  30 186 184 181 182 183 186 186 184 184 184 183 185 186 186 187 186
 183 180 180 182 184 184 183 184 184 184 184 185 184 184 181 181 182 182
 182 183 183 182 180 181 181 180 179 180 180 180 178 180 181 182 182 181
 179 178 174 175 177 178 178 178 178 180 179 178 178 179 178 176 176 177
 175 175 174 175 176 177 176 176 173 173 174 173 173 172 173 174 172 172
 171 170 168 167 165 162 158 154 152 151 146 138 132 128 120 116 112 105
  97  93  93  93  92  93  97 100  99  98  98  98 101 101 101 100  98  98
  98  99  98  98  97  96  95  97  99 101  99  97  94  91  90  90  90  91
  91  90  89  90  91  91  91  92  92  95  97 101 111 123 131 137 140 144
 146 146 145 146 147 146 145 144 143 142 140 140 141 142 138 139 141 143
 143 142 143 145 145 146 146 146 148 152 154 154 155 158 157 156 157 161
 163  29]"
"[ 30  29 182 182 183 185 184 183 186 184 184 183 182 182 184 184 185 186
 185 183 183 184 183 181 182 183 183 183 183 184 184 184 182 182 181 181
 182 183 182 181 183 182 181 179 177 177 178 178 178 180 182 182 181 179
 178 178 178 178 178 178 177 176 177 179 179 178 177 178 177 176 177 179
 176 175 175 176 178 179 178 176 172 172 172 172 172 173 173 173 173 173
 172 171 170 168 166 164 161 158 155 150 143 139 137 135 129 123 116 109
 101  97  95  94  93  94  98 102 103 105 104 101 102 103 104 103 101  99
  99 100 100  97  94  93  95  97  99 101  96  94  93  93  94  95  95  95
  92  93  94  94  93  91  92  93  95  96  96 101 112 124 132 136 142 146
 147 145 144 145 145 144 146 145 143 141 141 142 142 142 140 141 142 142
 142 142 142 143 145 145 146 146 149 152 153 152 154 157 155 154 155 160
 163  29]"
"[ 30  29 183 183 184 186 185 184 185 184 185 184 183 184 186 186 185 187
 187 186 185 185 184 182 183 183 183 182 183 184 184 184 183 183 182 181
 181 181 180 179 181 182 181 179 178 179 179 179 179 180 181 181 180 178
 179 180 182 180 179 177 176 177 179 180 178 178 178 178 178 178 178 179
 176 176 175 175 177 178 177 174 170 171 171 171 173 174 175 174 174 174
 173 172 170 169 167 167 164 162 159 153 146 141 139 137 136 131 127 122
 115 107 101  96  95  96  99 102 104 106 106 101 103 102 101 101  99  97
  98 100 101  98  94  93  96  98  99  99  98  96  95  96  97  96  96  96
  96  98  98  96  92  91  92  94  93  94  94  98 109 121 129 133 140 144
 146 146 145 145 145 143 144 143 143 143 145 146 144 142 142 142 142 141
 141 142 142 142 146 146 147 147 149 151 151 151 153 156 154 154 156 160
 163  29]"
"[ 29  30 186 186 185 185 185 187 186 185 186 186 184 185 188 188 187 188
 187 186 185 185 186 186 182 182 182 182 182 183 183 182 182 183 183 182
 181 180 179 178 179 181 182 182 182 181 180 180 179 178 178 179 179 179
 179 180 178 176 175 174 175 176 178 179 178 178 178 178 178 179 180 179
 178 177 176 174 174 175 175 173 172 173 173 173 173 174 175 174 174 173
 173 172 171 169 168 168 163 162 163 162 157 153 150 148 143 137 131 126
 118 111 106 103 101  99 100 102 102 103 102 101 102 100  98  97  97  96
  98 102 103 100  96  96  99 101 100  98  96  95  96  97  97  97  98 100
 101 102 102  98  93  91  91  93  92  94  95  99 108 118 126 132 137 141
 144 145 145 145 145 145 142 143 143 144 146 147 145 142 141 141 140 140
 140 141 142 142 146 146 146 147 148 150 151 152 154 155 155 157 159 161
 163  29]"
"[ 29  30 185 186 187 189 187 186 186 186 187 187 184 185 187 187 187 187
 188 187 186 185 185 186 181 181 181 181 182 183 182 180 180 183 184 183
 181 179 179 179 180 183 185 185 184 182 179 177 178 176 176 179 180 180
 178 177 176 175 175 177 178 179 179 179 178 178 177 175 176 178 179 178
 179 179 178 174 172 173 173 172 175 177 177 175 173 173 173 173 171 172
 173 174 174 171 169 168 166 162 161 163 159 154 152 152 145 141 138 135
 126 116 110 107 107 102 102 104 103 100 101 103 100  99  99 102 102 101
 101 103 104 101  99  99 101 102 100  98  97  97  98  99  97  95  97 101
 104 105 104 100  95  92  91  91  94  98 100 103 110 119 128 134 138 141
 143 143 143 143 144 144 144 145 144 143 144 144 141 138 139 140 140 140
 140 142 142 143 144 144 145 146 148 150 152 153 154 156 156 159 162 162
 163  28]"
"[ 29  28 186 186 187 186 188 187 186 184 184 186 187 186 187 188 186 187
 185 184 185 185 185 186 180 182 183 182 182 182 182 183 183 183 184 185
 184 181 179 179 181 183 186 187 183 179 178 180 176 178 178 177 176 176
 176 176 176 175 175 176 178 180 180 178 176 178 179 178 178 178 178 179
 179 179 179 177 176 174 171 169 174 177 178 175 175 175 174 174 174 174
 174 174 173 172 170 168 168 163 163 164 161 161 162 160 151 147 145 139
 131 124 114 110 107 108 108 104  99  99 101 100 100 102 104 104 103 100
  98  97  99 101 102 101 100 101 102 102 100  98  97  96  98 101 103 105
 105 104 103 101  99  97  96  94  95  95 100 105 114 126 133 140 138 143
 145 147 146 142 143 145 146 146 146 146 145 145 142 140 137 137 139 142
 143 142 140 140 140 146 149 148 148 150 153 154 154 155 156 158 160 161
 163  30]"
"[ 30  29 187 186 186 185 187 187 188 186 186 186 187 187 187 187 187 187
 185 184 185 185 185 186 182 184 185 184 183 182 181 181 183 185 186 183
 182 183 182 179 181 182 184 184 182 179 178 179 178 179 179 178 176 176
 176 176 177 177 177 177 178 179 179 178 176 178 178 178 177 177 177 177
 178 179 179 179 178 177 176 174 176 179 178 175 174 174 173 173 174 174
 174 174 174 173 171 170 170 166 165 165 163 161 159 156 154 151 149 143
 135 128 119 116 109 107 107 107 104 102 101 100 101 102 103 103 102 100
  98  97  97  99 100 100 101 102 103 102 103 100  96  94  95  97  98  98
 101  99  98  99 101 102 100  96  96  96 100 102 110 122 130 136 141 145
 146 147 146 142 142 142 144 144 145 144 144 143 141 139 139 138 138 141
 143 142 141 141 141 145 147 146 146 148 151 152 151 153 154 157 159 160
 162  29]"
"[ 30  29 188 186 186 185 187 187 188 188 187 187 187 187 187 186 186 186
 184 182 183 183 182 183 181 183 185 186 185 184 183 182 182 184 183 182
 183 186 185 183 183 183 183 183 181 179 178 179 179 180 180 179 177 177
 178 178 180 179 179 178 179 179 178 178 178 179 179 179 178 178 178 179
 179 180 180 179 178 178 178 177 179 180 178 175 174 174 173 173 173 173
 174 174 174 174 172 171 171 169 165 162 162 160 155 152 154 151 151 144
 135 129 122 119 113 106 104 108 108 104 102 101 102 102 102 102 102 101
 100  99  99  99 100 100 101 102 101  99  99  95  91  91  94  97  99 101
  99  98  97  99 102 103 100  96  96  97  98  98 106 118 126 132 142 145
 145 147 148 145 144 142 143 144 145 144 143 141 140 139 138 135 135 138
 141 143 143 142 144 146 147 145 145 147 150 151 151 152 153 156 159 160
 162  29]"
"[ 29  30 189 187 187 186 188 187 186 187 187 186 187 188 187 186 186 186
 183 182 183 182 181 182 182 183 185 187 187 186 185 184 184 182 181 184
 186 186 186 187 186 185 184 183 181 179 179 179 179 180 180 179 179 179
 179 180 181 179 178 179 179 179 179 178 178 179 179 179 179 179 180 181
 179 179 179 178 177 177 178 178 179 179 177 174 175 175 174 175 174 174
 174 175 174 174 172 171 171 171 164 159 160 159 155 153 152 150 150 143
 133 128 123 120 116 107 102 104 105 104 103 103 100 100 100 101 102 102
 101 100  99 100 101 101 102 102 100  98 100  97  95  96  98  99  99  99
  98  99 100 101 101 100  98  96  95  96  96  96 104 115 123 132 141 145
 144 146 148 146 146 145 144 146 146 144 142 141 140 140 137 134 133 136
 141 142 142 142 145 146 146 144 145 148 151 152 153 153 152 155 157 159
 162  29]"
"[ 29  30 189 188 188 186 187 186 184 187 188 187 187 188 187 186 186 186
 185 184 185 185 184 185 185 185 186 188 188 186 185 184 186 184 183 185
 187 186 185 185 186 186 186 184 181 180 180 180 180 180 180 179 179 180
 179 179 178 176 175 177 179 179 178 177 176 177 178 177 178 179 180 180
 178 178 178 176 176 178 179 180 178 178 176 174 175 176 175 176 175 175
 175 175 174 173 172 171 172 172 167 161 161 160 157 157 154 151 151 144
 133 130 126 122 117 109 104 103 103 104 105 104 100 100 100 101 102 102
 101  99  97 100 102 102 102 102 101 100 101 100 100 102 101  99  96  95
  98  99 101 101 100 100  98  97  94  93  92  95 104 112 119 132 142 147
 146 146 146 145 146 146 146 147 146 144 142 141 141 141 140 137 136 139
 142 142 142 141 145 145 145 144 145 148 151 152 154 154 151 153 154 157
 160  28]"
"[ 29  30 190 188 188 187 187 185 186 187 188 189 188 188 187 186 186 187
 186 186 188 188 187 188 186 185 185 187 187 186 185 186 183 185 185 184
 185 187 186 183 184 185 186 184 182 181 181 181 181 181 180 179 179 180
 178 176 175 173 173 175 177 177 176 176 177 178 178 178 179 180 180 180
 179 179 179 177 176 177 178 179 179 179 177 175 177 176 176 177 176 175
 175 175 174 173 172 171 172 172 170 167 164 162 160 159 157 152 153 145
 133 131 128 122 117 113 109 107 105 107 108 106 103 103 103 103 104 103
 101 100 100 103 105 104 102 102 102 102 100  97  94  94  94  94  95  98
 101 100  99  99 100 100  98  96  95  93  91  94 104 109 115 131 141 146
 146 145 144 143 146 147 146 146 145 143 142 141 141 141 139 138 138 141
 143 143 143 143 145 145 145 145 146 149 151 152 154 154 151 152 153 155
 159  28]"
"[ 29  30 190 188 189 189 190 187 187 188 188 189 188 187 187 188 187 188
 188 188 189 189 187 187 187 184 183 185 186 185 185 186 182 185 185 184
 184 187 187 185 185 185 184 183 182 183 183 182 181 180 179 179 180 180
 177 174 174 173 174 177 178 176 176 176 178 179 180 180 180 181 180 180
 179 179 179 177 175 175 176 176 179 179 178 177 177 176 175 176 175 175
 174 174 174 174 173 172 172 171 172 171 167 164 162 161 160 154 153 145
 134 132 129 121 117 113 111 110 108 108 109 108 105 105 105 105 105 105
 104 103 104 106 106 103 101 101 102 102 103  97  91  89  89  90  93  97
 102 101  99  98  98  99  99  98  99  97  94  95 104 109 115 130 137 144
 144 144 143 143 146 148 145 145 144 143 142 142 140 139 136 137 139 142
 143 142 144 145 145 145 146 146 147 148 149 150 151 153 152 154 155 156
 160  29]"
"[ 29  30 190 189 191 191 193 190 188 187 187 188 188 186 187 189 189 190
 189 189 190 189 186 186 189 186 183 183 184 183 183 184 187 186 186 187
 187 185 185 187 186 186 184 182 183 184 184 182 181 179 178 178 180 180
 177 173 175 175 177 180 179 177 177 179 177 178 179 179 180 180 179 178
 175 176 177 176 175 175 175 175 177 178 176 176 176 175 173 174 174 174
 174 174 175 175 174 174 174 171 172 172 168 165 165 163 164 156 155 147
 135 134 130 122 115 111 109 109 107 107 108 108 104 104 104 105 106 106
 106 105 104 104 103 100  99 100 102 103 101  96  93  94  96  96  96  97
  97  99  99  98  96  97 100 103 102 102  98  96 105 112 117 131 136 143
 144 143 143 142 145 146 146 145 144 143 142 142 139 137 138 139 142 143
 142 141 142 144 144 144 145 146 146 146 146 147 149 151 152 155 156 157
 161  29]"
"[ 29  31 194 190 189 193 195 192 188 187 187 188 188 187 188 188 189 188
 189 189 189 187 187 188 186 186 186 185 184 185 186 186 188 186 186 187
 188 186 184 184 186 183 182 182 182 182 184 183 181 180 178 178 179 179
 178 176 175 176 178 180 181 180 179 178 178 177 177 178 178 178 176 175
 178 177 176 175 176 178 179 177 179 177 176 177 178 177 175 173 173 174
 174 174 175 176 175 173 171 172 173 171 168 167 167 164 161 161 155 145
 141 139 132 126 119 114 112 110 106 106 108 107 105 103 103 107 108 107
 105 104 104 103 101  99 100 101 102 100 101  99  98  97  97  97  98  98
  97  97  99 100  99  96  98 101 102 101  97  97 100 114 119 128 135 141
 144 144 142 142 143 142 143 143 142 141 140 141 142 142 139 139 139 141
 142 141 139 138 143 143 143 143 145 146 146 145 146 151 154 153 154 157
 159  30]"
"[ 29  28 191 189 191 195 194 189 189 188 187 187 187 187 187 187 189 188
 188 189 189 187 187 188 188 188 187 186 186 187 188 188 187 186 186 187
 188 187 186 187 186 183 183 183 181 182 183 183 182 181 180 179 179 179
 178 177 179 178 179 180 181 181 180 179 175 175 174 175 177 177 176 175
 177 175 175 177 179 178 178 178 177 177 177 178 178 177 175 173 175 176
 175 175 175 176 176 174 171 171 172 172 170 169 167 163 160 159 154 145
 139 136 132 127 120 114 111 107 103 104 109 111 107 105 104 107 109 109
 107 106 105 102 101 102 103 103 101 100 102 104 103  98  98 100  99  95
  95  96  98  99  99  98  99 101 103 100  96  98 102 112 117 128 136 140
 143 143 142 143 142 141 144 145 144 141 138 138 139 141 137 138 138 139
 141 143 140 137 141 143 144 144 145 146 145 143 146 151 154 154 154 155
 155  27]"
"[ 30  28 191 191 193 195 194 190 190 188 187 187 187 187 187 187 188 187
 188 189 189 189 188 188 189 189 188 187 187 188 188 188 189 188 188 188
 187 186 186 187 187 185 185 184 181 181 182 182 182 181 180 179 179 178
 177 176 176 175 175 176 178 180 180 179 176 175 175 176 178 179 179 178
 179 175 175 179 181 177 175 176 176 176 178 179 178 176 174 174 176 176
 176 175 175 176 175 175 173 171 172 173 172 169 166 162 160 157 154 148
 140 137 134 130 124 119 114 108 102 103 108 111 108 105 104 106 108 108
 106 105 105 102 102 104 105 103 103 105 108 109 107 102 101 101  99  94
  95  97  98  99 100 101 101 102 103  98  95 100 104 110 115 128 133 136
 139 141 143 144 143 140 143 145 146 143 139 139 142 144 140 141 141 141
 144 147 144 140 139 142 144 145 146 146 145 143 145 148 151 153 154 154
 155  28]"
"[ 30  30 194 195 195 194 194 193 192 189 188 187 188 188 188 188 187 187
 188 189 190 190 189 189 189 190 190 189 187 187 188 188 190 189 188 187
 186 185 185 186 187 186 187 185 182 182 184 183 182 181 180 179 179 178
 176 174 173 173 174 175 176 177 178 178 177 177 177 177 178 179 179 179
 178 174 174 178 179 176 174 176 175 176 178 179 178 176 175 174 176 176
 175 175 175 175 175 175 175 172 172 173 171 167 164 161 161 155 154 151
 143 139 137 131 125 121 117 111 106 104 106 108 108 106 104 105 105 105
 104 104 103 103 105 105 104 103 106 111 111 108 105 105 103 100  98  97
  96  97  98  99 101 102 102 101 101  97  98 102 107 111 116 126 130 134
 138 141 144 146 143 139 140 143 146 145 142 142 144 146 142 141 140 141
 143 144 143 141 139 141 144 146 146 146 146 146 146 145 146 149 152 153
 156  30]"
"[ 30  29 193 194 194 194 194 194 193 191 189 188 188 188 188 188 188 188
 189 189 190 190 190 189 189 191 192 190 188 187 187 188 188 187 185 185
 186 186 186 185 185 186 187 186 183 184 186 186 182 181 180 179 180 178
 175 173 176 177 178 178 178 177 178 178 177 178 179 178 176 176 176 177
 173 172 172 174 176 177 177 178 175 176 178 179 178 176 175 175 175 175
 175 175 175 175 174 175 174 172 172 172 168 164 163 161 160 155 154 153
 146 141 137 130 123 121 116 112 110 107 106 107 109 108 107 105 103 102
 103 104 102 104 106 105 105 106 109 111 108 105 104 105 104 101  98  98
  96  97  97  98 100 102 102 100  99  99 102 104 110 114 117 124 130 136
 142 145 146 146 142 138 138 141 143 144 143 142 142 143 141 138 138 140
 141 139 139 142 139 141 143 144 145 145 147 148 147 145 144 147 151 152
 154  28]"
"[ 30  27 189 191 193 195 195 193 194 192 190 189 188 187 186 186 189 190
 191 190 189 189 189 189 188 190 192 190 187 186 186 187 189 188 187 186
 187 187 186 184 182 183 185 184 182 184 186 186 183 182 180 180 181 179
 176 174 176 177 179 180 180 179 179 179 177 179 180 180 177 175 175 175
 174 175 174 173 174 177 179 179 177 176 176 177 177 176 176 176 174 174
 174 174 174 173 173 174 173 172 173 172 168 165 165 164 161 157 156 154
 148 142 136 129 126 123 117 113 112 109 106 106 109 110 109 105 102 100
 102 104 104 105 106 107 109 110 109 106 104 106 107 105 104 104 102  98
  97  97  97  98 101 102 102 101  99 101 105 104 110 115 118 121 128 135
 142 145 146 146 143 141 138 140 141 142 143 144 143 141 139 136 136 139
 139 135 137 143 140 140 141 143 143 144 146 148 147 146 145 148 152 153
 154  28]"
"[ 30  28 189 188 191 194 195 193 194 193 191 190 189 188 187 187 189 191
 191 189 188 188 189 189 188 189 190 188 186 186 187 187 190 191 190 189
 188 188 186 184 182 183 185 184 182 183 185 184 183 183 182 181 180 179
 177 176 174 175 177 179 180 180 179 178 178 179 181 181 179 177 176 175
 176 178 178 176 175 177 178 178 179 177 175 174 175 176 176 176 174 173
 173 173 172 171 171 173 173 173 175 174 170 168 167 165 162 161 158 153
 148 143 137 132 128 125 118 113 112 109 105 106 110 110 109 105 101 100
 101 103 105 105 106 109 111 110 108 106 106 108 107 105 104 104 103 102
 100  98  97 100 102 102 102 102 100 101 105 102 108 111 115 119 126 132
 139 143 145 146 146 145 141 141 140 141 142 143 142 141 135 134 134 137
 136 133 135 140 139 139 140 142 143 143 145 147 146 146 147 148 150 152
 155  29]"
"[ 29  29 190 187 187 190 193 193 194 193 192 191 190 189 188 189 188 190
 190 188 187 188 189 190 189 189 189 187 187 187 188 188 188 189 190 189
 189 188 187 185 185 187 188 186 183 184 185 184 182 183 183 181 179 178
 178 178 176 176 176 179 181 181 178 176 176 177 179 180 180 179 176 174
 176 177 178 177 176 177 178 179 180 177 173 173 174 175 176 177 176 175
 174 173 172 171 171 173 172 173 175 174 171 169 167 163 161 162 158 152
 148 143 138 135 125 123 117 112 112 109 106 107 110 111 109 106 102 101
 102 103 105 105 108 110 110 107 107 110 111 107 105 104 102 100 102 106
 102  98  97 100 102 101 100 101 101 100 102  99 104 107 112 117 128 133
 138 141 143 146 147 146 145 143 140 138 139 139 138 136 137 137 138 139
 138 136 137 140 138 138 140 142 144 144 145 147 146 147 147 146 146 148
 153  28]"
"[ 30  29 189 192 189 190 194 190 192 190 189 190 191 189 190 191 189 189
 189 189 188 188 191 194 188 188 187 188 189 189 190 190 189 189 188 188
 187 187 187 186 183 186 187 186 184 183 184 185 184 183 181 180 178 178
 178 178 177 177 177 178 180 181 179 177 176 176 177 179 180 179 177 176
 175 177 178 176 173 174 177 179 177 174 171 171 174 177 177 175 175 175
 175 174 173 172 172 173 171 172 172 173 171 168 165 164 164 163 161 155
 148 145 139 132 127 120 115 115 113 108 106 109 112 111 109 106 105 105
 104 103 103 104 105 106 106 107 108 108 109 106 105 105 105 103 102 102
 101  99  98 100 102 102  99  97  98  99 101 103 104 106 110 114 126 132
 138 140 142 146 147 146 145 145 143 141 138 136 136 136 137 139 139 137
 136 137 138 138 136 137 139 142 144 144 143 144 142 146 148 150 149 152
 152  29]"
"[ 30  26 191 188 193 197 187 188 189 191 192 190 188 188 191 193 189 189
 189 190 190 190 189 190 189 189 189 189 190 191 191 191 187 187 187 187
 187 187 187 187 184 186 187 187 186 186 185 185 183 182 180 179 178 177
 176 176 177 178 179 179 180 180 179 177 174 175 177 179 179 178 176 176
 176 178 178 176 173 174 176 177 177 176 174 174 175 176 176 174 173 173
 173 172 172 172 172 172 171 171 172 172 171 168 166 165 167 165 163 158
 151 145 140 134 128 122 117 113 111 109 109 109 108 108 109 109 108 107
 105 103 106 105 105 105 107 108 108 108 105 104 105 106 107 107 105 103
 100 101 102 104 103 101 100  99 101 102 104 105 106 107 111 115 125 133
 140 141 142 145 145 142 143 143 143 142 140 138 136 135 137 138 137 136
 135 136 137 137 137 137 139 141 144 145 145 145 149 143 147 145 148 151
 152  29]"
"[ 28  29 189 193 187 192 189 190 188 193 194 189 187 190 192 192 190 189
 190 191 192 191 189 188 187 187 187 188 189 190 190 189 188 187 187 187
 187 187 186 186 186 187 187 187 187 185 183 180 182 180 179 178 178 177
 176 175 177 178 180 180 180 179 177 176 174 175 175 176 176 176 178 180
 178 179 178 176 175 175 176 177 178 178 178 178 177 177 176 175 172 172
 171 171 172 172 173 173 172 172 172 172 171 169 168 167 165 163 162 160
 153 147 141 137 133 130 123 116 112 111 109 106 108 108 109 110 110 108
 107 108 106 104 103 103 106 107 107 105 103 104 104 105 107 108 106 103
 102 103 104 104 104 102 102 102 102 102 103 104 105 106 110 113 118 127
 136 140 143 147 147 145 140 140 141 141 140 137 135 133 139 138 138 137
 136 135 137 138 137 138 138 138 141 144 146 145 141 147 143 148 156 149
 151  32]"
"[ 32  27 193 190 192 192 191 188 191 192 191 189 190 192 192 189 191 190
 189 190 191 191 190 189 188 188 188 190 191 192 192 191 189 188 187 187
 188 188 187 186 187 187 187 187 187 186 183 180 180 179 178 178 178 177
 176 174 175 177 178 178 177 176 175 174 174 174 175 176 176 177 178 179
 179 178 177 176 175 176 176 176 174 175 176 176 176 175 174 173 171 170
 169 169 170 171 171 172 170 170 170 171 170 168 167 166 167 164 162 159
 153 147 141 135 129 127 123 118 115 113 111 108 108 106 107 109 109 107
 106 107 106 105 103 104 107 108 107 106 106 107 107 106 109 111 110 107
 105 103 100 101 102 103 104 104 103 104 104 104 105 107 111 114 116 123
 132 139 144 146 145 144 139 139 139 140 140 140 138 137 140 138 138 138
 137 135 135 137 139 140 140 138 140 144 146 146 148 150 145 148 145 150
 155  25]"
"[ 29  30 189 191 191 192 195 193 195 193 192 193 194 195 192 190 189 189
 189 189 189 189 189 189 188 188 188 189 190 190 190 189 187 186 186 186
 187 188 187 187 186 187 187 187 186 186 184 183 182 181 180 180 180 179
 177 176 174 176 178 177 176 176 176 176 174 175 177 179 180 179 177 176
 179 178 176 175 176 177 176 175 175 175 175 175 176 176 175 174 173 172
 171 171 171 172 173 173 172 172 172 173 171 169 167 167 164 162 160 157
 153 151 145 136 133 129 125 121 117 113 110 108 108 107 108 111 112 108
 104 103 104 104 104 105 106 107 107 106 106 107 108 108 110 112 111 108
 106 103 100 100 101 102 104 105 104 105 104 103 104 106 110 113 112 116
 127 140 148 148 146 146 138 137 136 137 138 140 140 140 139 137 137 138
 136 134 133 135 136 139 141 139 140 142 144 144 143 141 147 148 146 148
 149  32]"
"[ 32  26 189 193 187 193 195 189 191 190 191 193 192 189 188 189 189 190
 191 192 192 191 190 191 189 189 189 189 189 189 188 187 188 188 187 187
 188 188 188 187 187 187 187 186 185 184 183 183 183 182 181 181 180 179
 178 177 175 176 177 176 175 175 176 177 179 177 176 177 178 177 176 176
 178 177 176 175 175 175 175 174 175 175 174 174 175 175 174 173 172 172
 171 171 171 171 172 172 172 172 172 172 171 168 166 166 162 161 159 156
 154 154 150 141 136 130 125 122 117 111 109 110 112 110 109 111 111 109
 107 105 104 104 105 106 106 107 106 106 106 107 108 108 109 109 106 104
 103 104 104 103 101 100 102 105 105 106 105 103 103 105 107 109 113 116
 126 140 148 147 144 143 143 141 138 137 137 139 139 139 137 137 137 137
 136 135 134 134 134 138 142 143 142 142 142 141 144 145 145 144 148 145
 153  26]"
"[ 28  31 189 190 194 192 190 192 189 189 191 192 191 188 188 190 186 187
 188 189 189 188 187 189 187 189 188 188 187 187 186 186 187 187 186 186
 185 185 184 185 185 185 184 184 183 183 181 180 179 179 179 178 178 178
 178 176 176 176 178 176 176 176 177 178 179 178 176 175 175 176 177 179
 177 177 177 175 175 175 175 175 174 174 173 173 173 174 173 172 171 171
 171 171 171 171 171 172 172 171 171 171 170 169 168 168 164 162 160 157
 155 154 151 146 142 136 130 124 118 110 106 106 111 110 108 107 107 107
 108 108 106 106 106 107 108 108 108 107 108 108 109 109 108 106 104 103
 102 104 105 105 102 101 102 104 106 107 107 105 105 106 107 108 110 115
 123 134 142 145 146 146 144 142 139 137 137 137 137 137 135 135 135 135
 134 134 134 133 135 137 140 141 141 140 139 139 140 145 147 148 144 147
 147  29]"
"[29 29 28 27 30 28 30 27 28 28 29 30 30 29 28 28 30 29 29 29 30 29 29 29
 28 29 29 29 28 28 29 29 29 29 29 29 29 29 29 29 29 29 29 29 30 30 29 28
 29 29 29 29 29 29 29 29 28 30 30 29 28 28 29 29 27 28 29 30 29 28 28 29
 29 29 29 28 28 29 29 29 29 29 29 29 29 29 29 29 29 29 29 29 29 29 29 30
 29 29 29 29 29 28 28 29 30 28 28 30 29 29 30 28 29 28 28 29 29 29 28 29
 28 30 30 29 28 28 29 29 29 29 28 28 29 30 29 29 29 29 29 30 29 28 29 30
 29 29 29 29 29 29 28 29 28 29 30 29 28 29 30 29 27 29 30 29 29 29 29 28
 30 29 28 28 29 29 29 29 28 30 30 28 29 30 30 28 30 28 28 29 30 29 29 29
 29 30 28 27 30 29 26 31]"
