"[29 32 27 31 28 31 27 29 30 29 28 28 29 29 30 30 30 29 28 29 29 29 29 30
 30 29 29 30 30 28 29 30 29 30 29 29 29 29 29 28 29 29 29 28 29 29 29 29
 29 29 28 29 29 29 31 28 31 29 29 28 29 29 28 30 29 30 29 28 28 29 29 29
 29 29 29 30 30 30 29 28 29 30 29 28 30 30 29 28 29 29 29 30 30 29 29 30
 28 29 29 28 30 31 30 29 29 29 28 29 30 30 29 28 29 30 29 29 29 29 29 29
 29 28 29 29 29 30 31 30 29 29 28 31 28 30 28 28 28 28 31 28 28 30 29 31
 30 29 31 30 28 28 30 28 29 29 29 29 29 30 29 28 30 29 29 29 29 28 28 30
 30 29 29 29 30 29 29 29 30 29 28 29 29 28 28 28 29 31 27 30 31 29 30 29
 28 29 30 29 29 31 29 30]"
"[28 28 31 25 30 27 31 29 28 28 29 30 30 29 28 26 27 29 30 29 29 29 29 28
 28 29 29 29 29 29 29 28 29 28 28 28 28 28 30 32 29 30 30 31 31 30 29 27
 28 30 29 31 30 28 29 30 28 30 33 30 28 31 29 29 29 29 28 28 30 31 30 28
 29 29 29 28 27 27 29 31 29 29 29 28 27 28 30 31 31 29 27 28 28 28 28 28
 31 29 28 29 28 27 27 28 29 30 30 28 27 28 29 29 31 29 28 29 29 28 29 31
 29 28 30 31 29 28 28 27 30 30 30 28 25 28 30 30 30 28 30 28 29 31 28 27
 30 28 28 30 28 28 30 30 27 28 29 29 29 29 30 30 28 28 28 29 30 30 29 29
 29 28 27 28 29 29 29 29 28 28 28 29 30 30 30 30 28 31 28 29 30 28 30 30
 29 30 27 31 30 26 32 29]"
"[ 30  27 123 116 111 119 117 123 117 118 119 118 115 114 116 118 116 117
 117 115 115 117 119 119 119 122 123 123 123 124 123 122 121 121 124 129
 133 137 141 146 146 147 148 150 152 152 151 149 136 136 132 134 140 142
 148 155 158 180 208 225 234 240 243 246 245 247 248 247 246 246 245 245
 244 245 246 246 246 246 246 246 247 246 248 248 248 248 244 237 216 204
 186 169 156 148 144 141 136 129 126 123 117 115 117 118 123 119 122 130
 134 134 135 137 134 128 123 123 123 119 116 116 116 105  92  78  60  44
  33  26  14  13  16  17  18  17  18  16  16  16  16  13  12  14  15  17
  13  17  13  15  20  13  25  61  94  91  86  77  68  60  56  55  60  60
  60  60  58  55  50  47  40  38  38  39  40  40  40  41  41  41  42  43
  44  45  45  45  44  47  45  45  46  46  50  52  56  57  61  72  84 105
 106  28]"
"[ 30  31 106 108 115 113 119 114 114 115 117 116 115 113 113 113 116 116
 114 112 112 113 115 116 116 119 121 121 121 122 122 122 121 118 117 120
 121 119 117 118 126 130 138 147 153 154 151 147 150 151 143 142 144 137
 130 128 133 137 146 150 154 166 185 204 226 235 246 250 250 250 252 254
 252 252 251 252 252 252 251 250 251 251 252 252 250 251 254 253 253 253
 252 247 234 212 187 171 167 152 142 140 138 138 136 128 123 118 120 123
 120 119 125 131 130 132 136 137 131 123 121 123 119 112 109 109 106  99
  93  88  69  51  37  23  19  13  16  17  15  16  17  15  13  13  14  16
  16  13  13  14  13  28  61  90  87  82  74  67  60  56  54  53  58  60
  62  62  59  54  48  45  41  39  37  38  38  39  38  38  42  43  43  44
  44  45  46  46  44  47  47  45  46  48  52  55  51  56  69  92 105 105
 102  31]"
"[ 28  30 103 109 111 111 107 109 113 110 108 109 112 114 113 112 112 111
 113 116 117 115 114 116 114 114 116 118 117 116 117 119 121 117 116 120
 123 121 117 116 118 117 117 120 125 130 132 133 135 142 141 144 150 148
 142 138 137 134 135 135 134 133 134 139 143 155 171 186 200 217 236 248
 251 252 252 251 251 250 251 251 252 253 253 253 253 253 253 252 253 252
 253 254 255 254 254 252 245 232 216 193 167 152 143 133 135 128 126 125
 120 117 114 109 110 113 116 119 121 123 126 129 129 121 114 111 107 104
 104 105 100  94  92  83  73  53  37  22  16  14  12  14  16  17  16  14
  18  17  13  15  35  69  86  83  82  74  65  59  57  57  56  56  55  57
  59  57  53  50  49  48  46  44  42  41  41  40  40  40  44  46  48  48
  48  48  48  47  45  47  49  47  48  50  51  54  60  73  90 101 107 105
 101  30]"
"[ 33  28  81  86  79  89  99 101 110 110 109 108 107 107 107 108 110 108
 109 113 114 111 110 111 111 110 110 112 112 110 111 113 116 112 110 114
 117 117 114 112 114 114 115 117 119 118 114 111 111 119 118 118 123 129
 136 139 135 136 140 141 142 144 141 140 138 136 133 131 133 140 148 154
 181 193 211 227 238 245 250 254 252 253 252 250 251 252 252 253 253 252
 251 251 252 252 253 254 254 253 254 254 253 249 236 219 198 171 150 140
 130 125 127 128 119 117 113 112 114 117 116 114 118 118 122 124 119 113
 110 109 103 106 108 102  98  96  95  89  74  63  44  31  24  19  19  17
  11  18  18  39  79  92  81  79  73  65  57  54  55  56  56  56  59  59
  56  51  48  48  49  50  50  49  47  45  44  43  42  42  44  48  52  53
  51  51  49  48  47  48  51  51  53  55  55  61  77  86 104 109 103 103
 102  29]"
"[ 27  34  83  81  78  76  73  72  82  87  93  98 102 106 108 110 110 107
 105 107 108 106 105 105 109 109 109 110 110 110 111 111 112 111 110 111
 112 111 109 108 113 113 113 115 116 116 114 111 112 116 114 109 106 106
 112 115 117 123 133 137 138 140 140 142 146 143 140 139 140 140 136 132
 128 131 137 144 155 171 189 201 220 234 244 249 253 252 251 255 251 251
 252 253 253 252 251 252 251 252 252 252 254 255 254 252 251 240 236 227
 201 173 155 145 135 132 128 123 118 112 109 108  99  99 101 104 103 103
 103 103 103 105 105 100  92  92  92  91  92  89  81  77  68  52  40  29
  22  25  46  77  89  81  74  74  64  59  55  55  56  56  57  58  59  56
  50  45  46  50  53  53  50  49  48  47  46  44  44  45  46  51  55  54
  51  51  51  51  49  48  51  52  56  62  68  80 100 107 103  99 102 104
  98  28]"
"[ 30  29 101  98  96 102  92  81  75  67  60  60  67  76  80  81  90  90
  92  97 102 105 104 102 105 107 108 107 108 110 111 109 107 110 113 113
 111 110 110 110 110 111 112 113 115 114 111 109 112 114 114 113 110 109
 114 115 113 112 118 122 121 120 122 130 138 136 136 139 143 145 143 139
 135 133 131 129 130 131 131 131 135 147 159 183 218 238 243 250 252 252
 253 254 254 252 252 252 253 254 253 251 251 251 251 253 254 253 254 254
 251 251 245 225 208 183 154 138 131 125 118 113 118 110 102  98  96  96
  94  89  89  88  90  96  89  84  81  83  81  75  66  69  73  69  64  56
  47  65  87  92  83  77  73  67  52  50  51  54  55  55  56  59  57  52
  44  41  45  51  51  48  48  48  48  47  46  45  45  46  49  53  55  52
  49  49  51  53  53  50  53  55  61  72  86 104 112 104  98 105  99  98
 102  29]"
"[ 29  28 113 110 108 111 107 105 107 107  97  83  82  86  83  76  74  72
  77  81  81  87  96  96 104 105 104 102 103 105 103 100  99 103 106 107
 107 108 109 108 110 110 111 109 108 107 103 106 106 108 113 110 105 109
 113 109 112 113 112 113 113 113 114 114 118 115 119 121 116 115 123 129
 126 127 128 140 143 134 136 137 131 133 130 125 131 135 140 159 187 209
 225 237 250 252 248 254 254 252 254 254 253 252 250 253 252 251 253 250
 254 253 255 253 255 253 254 244 213 183 160 142 128 127 114 118 116 112
 108  94  91  87  86  83  77  76  75  75  73  64  59  62  64  65  66  68
  79  88  90  81  73  70  63  54  49  52  53  55  56  55  53  49  45  41
  40  41  44  47  48  46  47  45  45  47  48  48  49  51  51  51  54  51
  47  50  51  50  53  52  58  67  77  93 104 105 105 103 100 101 101 103
 103  28]"
"[ 28  32 122 123 123 124 120 117 115 113 107 102 100  97  93  91  94  88
  87  88  87  89  87  79  71  76  82  88  96 101  99  95  91  94  98 101
 101 102 106 111 113 108 105 105 108 108 105 109 106 105 105 104 103 106
 108 106 102 105 108 110 110 109 108 108 108 105 107 110 111 112 112 109
 109 111 110 118 122 121 130 132 139 137 134 132 137 134 124 127 127 133
 140 152 172 193 214 231 242 244 248 249 251 254 252 251 253 253 253 251
 252 251 252 250 254 252 253 253 252 253 248 236 228 206 170 147 133 122
 120 109 114 104  95  88  77  70  64  62  61  55  63  66  65  66  73  81
  86  84  80  73  66  61  55  50  53  56  56  58  57  52  47  40  39  38
  40  41  41  44  46  46  41  44  47  49  50  50  50  49  55  55  53  48
  48  49  48  53  58  55  64  82  97 104 105 102 105 103 101 102 101 103
 103  28]"
"[ 29  29 116 115 116 123 126 129 126 122 117 113 108 104 102 103 103 100
  98  95  91  93  95  90  81  82  81  75  71  70  70  70  76  79  85  89
  89  89  97 108 109 105 105 106 107 105 103 108 105 104 104 105 107 105
 102 102 105 104 104 106 108 109 109 107 103 104 105 105 107 111 112 107
 106 109 105 106 106 106 112 112 128 127 129 132 138 140 136 139 129 125
 122 121 119 122 132 142 154 166 186 204 224 242 250 252 250 253 253 254
 251 253 252 253 252 253 254 255 253 252 252 253 252 253 251 242 231 206
 177 145 121 112 106 102  98  93  88  83  71  54  56  61  71  78  82  81
  85  80  72  64  57  52  52  54  57  59  58  58  53  45  39  34  35  36
  38  40  41  44  47  48  44  47  49  48  48  51  53  52  54  55  52  49
  53  52  51  61  64  69  85 102 108 106 104 103 105 104 103 103 101 103
 103  29]"
"[ 30  28 113 109 108 112 113 114 116 119 120 117 114 113 111 108 104 105
 105  99  93  95 101 103  95  97  97  90  83  79  78  78  73  71  72  74
  72  70  71  75  78  83  94 103 108 107 103 106 103 105 102 101 103 101
 100 103 103 104 106 103 100 101 103 107 104 106 107 104 103 105 107 105
 104 108 106 105 103 103 106 105 105 103 104 104 104 109 116 124 125 123
 125 131 134 131 126 122 126 123 123 123 127 141 157 173 198 209 221 241
 245 251 249 253 254 254 251 251 254 254 252 253 254 254 253 251 252 252
 251 244 237 217 187 156 129 108 101  95 102  89  77  77  82  85  87  84
  78  74  65  56  52  53  55  56  59  60  57  54  48  41  39  38  37  37
  39  42  45  50  53  52  53  53  52  50  50  52  54  55  52  53  54  54
  57  57  59  71  75  92 108 110 104 102 103 104 105 105 104 104 102 103
 103  29]"
"[ 30  29 116 115 113 114 109 107 104 107 109 106 104 108 109 104 104 107
 108 105 102 103 104 103 101 102 103 102 100  97  93  89  92  87  81  79
  80  77  68  60  66  65  66  68  76  83  85  89  91 100 101  99 101 100
 100 105 104 103 106 104 103 103  99  99 102 101  99 100 102 102 100  97
  98 101 101 102 102 103 106 108 108 105 103 101  98  98 102 104 100 108
 112 115 119 120 122 128 133 134 135 130 123 120 120 124 122 125 130 152
 164 186 203 222 230 246 252 251 252 254 253 254 253 251 251 254 253 251
 250 251 246 245 245 236 214 181 171 166 159 141 102  90  88  85  83  78
  74  66  57  52  54  57  56  53  57  55  49  47  46  43  45  44  41  42
  46  49  51  55  57  56  55  55  55  57  57  56  55  55  56  54  58  59
  58  62  70  81  92 104 110 105 101 103 104 104 105 105 105 105 103 103
 103  29]"
"[ 29  29 116 116 117 120 117 116 117 112 110 107 103 104 108 108 105 106
 107 108 109 108 107 107 105 105 104 104 104 105 106 106 101 100  96  92
  91  89  81  70  72  73  74  71  71  71  65  64  72  81  84  82  85  86
  89  96 106 103 105 104 105 107 100  99 100  97  94  95  98  97  95  95
  96  97  98  99  99  98  98  99 100 100 100 102 100  98 100  97  98 107
 109 103  99  97 102 114 114 120 127 126 126 131 129 127 125 120 114 120
 115 117 118 129 141 162 186 208 227 237 239 242 247 252 251 254 250 249
 246 241 239 240 246 248 239 220 233 245 246 208 142 103  88  77  77  76
  66  58  53  56  59  57  54  54  51  46  39  42  47  48  49  46  44  50
  56  57  54  56  58  58  55  54  55  59  60  58  57  58  60  57  60  61
  62  72  84  93 100 102 100  98 101 104 104 104 105 105 105 105 103 104
 103  29]"
"[ 29  29 118 119 119 120 116 115 116 112 115 118 112 108 109 108 108 108
 107 107 107 106 106 107 104 106 107 106 104 103 103 104 105 107 106 102
 100 101  98  92  87  88  89  85  82  78  73  74  67  68  64  60  62  67
  74  83  87  87  93  88  85  88  89  97  99  99  96  93  92  89  89  93
  95  94  94  93  93  94  93  92  95  97  96  98  98  96  98  96  98  97
  98 102 103 101  99  99  96  99 101  96  98 106 109 110 119 119 118 125
 121 117 110 111 105 104 107 113 117 123 142 164 173 191 205 222 229 233
 240 234 237 236 239 241 242 232 245 247 239 176 115  80  79  74  72  64
  58  56  56  59  59  55  52  53  46  43  38  43  49  50  52  50  51  56
  61  59  55  56  59  60  58  58  59  59  59  59  61  63  60  61  64  66
  77  90  97 101 100  99  97  97 102 104 103 106 105 105 104 105 104 104
 104  29]"
"[ 30  30 117 117 117 119 118 120 118 116 121 122 115 112 113 110 114 111
 109 110 113 111 108 110 107 106 105 105 104 104 103 103 104 104 103 104
 110 116 116 112 112 107 104 100  97  92  84  84  79  76  72  73  74  73
  73  77  69  64  66  65  68  76  74  78  91  96  97  96  96  94  94  97
  97  94  89  83  84  90  93  94  93  94  90  93  97  97  98  96  95  90
  96 103  99  96  97  95  88  93 102 103 100  99  95  96  96  98 101 110
 113 118 116 117 118 111 109 111 110 103 102 107 105 109 115 133 145 150
 182 198 210 217 225 232 247 246 246 226 171 112  90  71  77  68  66  58
  57  57  57  57  58  56  51  44  47  46  45  50  52  52  56  57  58  60
  60  57  54  57  61  61  62  65  66  64  62  62  64  64  60  66  69  74
  92 105 102 102 100 102 100  99 104 105 104 105 104 104 104 105 104 105
 104  29]"
"[ 30  30 117 117 118 120 121 122 122 120 121 121 118 115 116 115 114 112
 111 113 115 112 110 111 110 107 106 108 107 104 102 103 101 100 100 101
 103 104 106 108 111 113 113 109 107 106 104 102  94  93  91  88  83  78
  79  82  70  67  66  66  67  68  68  65  63  67  71  80  86  88  97 100
 100  94  90  85  81  85  88  82  80  80  83  94  97  96  99  94  90  88
  89  94  94  93  93  92  94  89  95 101 100  94  91  93  94  96  96  97
  98  93  91  96 102 104 111 111 104 104 109 108 100  98 101 103  98  96
 107 120 135 161 192 206 218 227 207 151 102  79  77  79  68  60  57  58
  55  57  58  56  53  51  48  45  48  51  50  49  52  56  57  57  60  59
  59  59  59  58  61  65  67  71  70  63  61  65  67  64  70  75  83  94
 104 106 102 100 101 102 103 103 102 105 107 104 105 104 104 105 104 102
 106  28]"
"[ 28  29 120 118 118 119 120 121 122 122 123 122 119 117 116 114 113 112
 111 114 116 113 110 110 111 110 109 109 108 107 104 103 102 102 101 100
 100 100 103 105 105 106 105 102 102 106 108 108 104 104 103 101  95  90
  89  92  90  88  80  68  64  70  72  67  68  67  62  64  66  66  67  64
  63  70  81  84  80  84  88  85  76  78  80  85  86  87  92  92  96  90
  89  90  89  88  90  92  93  92  97  98  96  95  92  91  94  96  94  92
  92  89  87  90  87  88  94  96  93  97 104 105  97  98  97  94  92  90
  88  86  94 101 111 120 137 148 133  89  78  70  72  67  57  55  55  55
  54  54  51  46  43  42  44  45  47  50  51  51  53  55  55  56  58  59
  60  62  62  62  64  66  63  69  71  67  63  64  66  67  74  87  99 104
 105 103 101 101 102 102 103 103 102 105 108 106 105 104 104 105 105 103
 106  29]"
"[ 30  29 124 118 115 116 119 121 119 120 121 120 118 118 118 115 114 113
 112 114 115 114 112 112 111 112 111 109 109 109 107 104 104 104 105 104
 101 100 101 104 106 105 101  97  97 100 103 103 100 100 102 102  99  95
  94  96  96  99  96  87  83  85  81  71  67  66  62  61  64  65  64  57
  60  57  61  65  64  67  72  72  71  72  72  69  69  73  79  88  95  92
  93  94  90  87  87  89  88  90  97  98  95  94  90  87  90  93  92  90
  90  89  89  89  87  88  92  92  86  83  81  76  82  89  89  87  91  95
  96  96 100 100  98  98 109 109  97  73  74  70  66  57  53  57  56  53
  51  49  46  43  41  40  43  47  47  51  51  51  53  54  55  56  57  60
  62  64  65  66  66  66  64  66  66  64  62  65  71  77  90 101 106 104
 102 102 102 102 102 102 103 103 102 105 108 107 106 105 105 105 105 104
 108  29]"
"[ 29  26 130 123 119 116 118 118 121 122 122 118 115 117 119 116 115 114
 115 117 115 114 113 112 114 114 112 110 110 110 108 105 105 107 109 110
 108 104 103 103 103 102 100  98  99 100 100  99  94  95  97  98  99  98
  97  98  97  96  97  97  96  96  93  88  79  80  79  78  76  72  67  62
  63  58  60  63  56  49  52  59  56  54  54  52  54  58  60  72  87  90
  94  94  90  88  88  88  86  84  88  88  85  84  86  90  84  87  88  87
  88  89  88  87  87  86  86  86  83  82  81  77  76  81  79  75  75  74
  77  85  97 101 102  97  98  87  76  70  69  63  55  51  54  56  52  49
  45  41  40  40  40  40  43  47  49  51  51  50  52  54  56  58  59  62
  64  65  65  66  66  64  66  67  67  64  65  73  85  94 105 107 105 100
 101 103 103 104 103 103 105 105 104 106 108 107 107 106 106 106 106 106
 109  29]"
"[ 30  31 148 144 141 135 132 128 128 129 128 121 115 116 116 113 117 118
 121 121 117 115 116 115 117 116 114 112 112 110 109 108 109 110 112 113
 112 108 104 102 101 101 101 102 103 104 102  99  99  98  97  98  99  99
  99  98  97  93  92  94  96  98  98  96  89  90  93  95  94  90  85  83
  80  74  71  70  64  59  60  64  58  52  52  52  54  51  44  51  59  67
  77  80  80  83  86  85  80  79  84  83  78  76  77  81  84  84  84  84
  82  82  81  79  81  81  81  81  80  80  79  76  73  75  73  72  74  70
  67  73  71  75  76  72  74  65  57  57  50  51  50  52  55  54  50  48
  44  39  36  38  39  40  43  47  48  50  51  51  54  56  58  60  62  64
  65  65  65  66  66  64  64  69  73  75  79  89 100 107 104 105 104 103
 103 104 105 107 105 105 107 108 107 108 109 108 108 107 107 107 108 107
 109  29]"
"[ 28  28 157 155 154 149 147 142 145 146 144 139 133 132 131 126 124 122
 123 120 114 114 118 118 118 116 115 114 114 113 112 112 113 112 112 113
 113 110 106 103 103 103 102 103 105 105 102  99 101  99  97  96  97  97
  97  97  97  94  93  92  94  98  97  93  94  91  94  96  96  94  89  88
  89  90  89  87  87  84  75  66  63  56  52  55  58  54  48  48  56  58
  56  50  49  57  65  66  67  72  83  85  83  82  80  79  76  73  74  77
  77  77  78  79  73  77  80  82  81  79  75  73  71  73  71  70  72  69
  65  65  60  60  60  55  59  56  51  49  46  51  52  52  53  51  50  46
  42  39  37  39  41  40  41  43  46  50  53  55  57  58  59  62  65  66
  66  65  65  66  67  67  68  70  74  81  93 103 108 107 102 103 102 103
 106 106 107 111 107 107 108 110 109 109 109 108 109 108 108 108 109 109
 110  28]"
"[ 29  30 164 162 163 160 163 161 156 155 154 151 148 148 146 141 138 135
 135 131 123 122 124 122 122 122 120 118 117 116 114 111 113 112 111 113
 113 111 109 107 104 104 103 105 106 107 106 104 101 101  99  97  96  97
  98  98  99  98  95  92  92  96  97  93  93  91  94  94  95  96  93  94
  90  95  94  88  85  86  86  85  88  81  74  74  72  68  65  60  52  52
  52  51  51  54  55  51  49  50  57  62  64  68  70  71  82  74  73  76
  72  66  64  64  74  78  80  79  77  73  70  70  66  66  65  64  64  63
  63  63  60  58  61  54  53  53  52  49  50  52  48  47  46  45  45  40
  37  36  37  39  39  39  40  41  49  55  60  61  60  58  60  64  66  66
  67  67  66  66  68  70  76  75  79  90 103 109 107 103 106 106 104 103
 107 110 111 111 109 107 108 109 109 109 110 109 109 109 109 109 110 110
 111  28]"
"[ 28  29 169 167 168 165 170 168 170 166 163 162 161 163 161 156 157 156
 160 160 151 144 139 131 131 132 129 122 118 116 112 106 109 109 110 112
 113 112 110 109 110 109 108 108 109 109 107 105 102 102 102  99  96  96
  97  98  97  96  97  97  94  94  92  89  90  91  94  90  88  90  87  88
  90  89  86  84  84  82  81  83  87  87  87  90  90  90  92  83  81  71
  62  57  56  57  58  57  55  47  50  55  55  52  50  53  48  41  45  55
  54  49  48  50  52  62  70  73  72  68  64  64  63  58  56  58  58  57
  58  58  56  52  57  49  46  49  52  50  47  46  44  46  44  39  41  39
  39  38  37  37  38  41  46  50  54  61  65  64  61  58  61  67  67  66
  67  68  67  66  68  71  81  85  94 106 111 108 105 104 108 111 111 108
 110 113 112 110 111 108 107 108 109 110 111 111 108 108 109 109 111 111
 111  29]"
"[ 28  31 172 166 172 165 170 170 170 166 167 164 165 167 162 162 165 168
 168 167 161 160 157 156 150 154 155 139 130 135 132 126 125 124 126 123
 114 112 112 106 108 106 107 108 110 111 109 104 105 104 104 103 100  96
  97  99  99  98  96  94  94  94  92  90  91  92  93  93  92  90  88  88
  86  90  88  82  81  81  80  82  81  80  81  84  85  84  85  87  88  84
  83  81  76  77  78  74  64  57  55  56  54  54  54  51  47  42  41  43
  41  35  33  36  40  41  45  56  62  58  57  66  64  60  58  58  56  52
  50  50  47  49  50  48  47  47  47  46  42  43  43  41  39  39  40  40
  40  39  38  39  42  46  51  54  55  57  61  64  64  62  63  66  68  67
  65  67  71  71  72  77  93  98 105 108 109 109 110 110 112 112 113 113
 113 112 112 112 110 109 108 108 110 112 110 107 110 110 109 108 110 112
 112  28]"
"[ 28  28 141 146 150 153 167 166 170 168 172 173 174 175 168 167 167 168
 167 168 162 160 160 165 157 157 161 158 158 161 154 148 145 142 142 139
 132 129 126 119 119 113 110 107 109 111 113 110 108 107 106 105 105 103
 101 100  98  99 102 103  99  94  92  93  95  94  93  94  96  92  88  87
  86  88  87  85  83  81  79  80  83  80  79  80  81  80  80  81  83  81
  81  80  77  79  82  80  81  80  78  73  66  62  58  53  52  46  42  44
  45  40  34  32  37  36  35  35  35  31  31  37  47  48  53  59  58  50
  42  37  41  44  46  47  47  46  43  40  40  39  37  35  35  38  40  41
  37  39  42  45  48  51  53  55  53  56  60  63  64  65  66  66  69  67
  66  69  69  71  81  95 103 106 108 108 108 109 111 113 114 114 114 113
 112 111 110 110 112 112 111 111 112 114 113 111 111 111 111 110 112 113
 113  28]"
"[ 32  30 137 142 138 136 145 140 147 151 156 155 153 156 160 167 170 171
 169 171 168 169 170 173 171 168 167 163 161 163 161 159 159 154 154 154
 152 151 149 142 143 137 135 130 130 124 121 114 113 114 115 112 110 110
 111 111 111 105 101 103 102  98  95  96 101 101  97  97  99  95  90  91
  90  88  88  89  86  82  81  80  81  78  76  76  77  78  78  79  80  80
  79  77  76  76  78  78  82  85  84  79  79  81  80  77  77  70  64  61
  58  51  42  36  40  39  35  30  28  28  30  33  29  26  25  27  30  30
  31  32  31  33  36  39  41  41  37  32  33  33  33  32  34  38  40  40
  36  41  47  51  52  52  53  53  53  57  60  60  63  68  69  67  63  66
  70  72  75  84  96 103 106 108 109 110 110 111 113 113 114 115 115 114
 112 111 111 112 113 113 113 113 114 115 114 113 111 111 111 111 113 114
 113  28]"
"[ 28  27 163 160 155 145 144 142 137 136 137 138 140 141 140 140 146 154
 156 158 158 164 163 160 165 167 169 166 164 166 165 161 166 162 161 161
 161 161 160 157 157 153 155 153 153 145 140 133 133 133 129 122 117 117
 117 116 114 106 102 107 112 110 102  97 103 106 102  98  99  99  96  97
  93  89  89  90  87  84  84  81  84  82  79  77  76  76  77  77  80  80
  78  76  75  74  72  73  77  80  76  73  78  81  78  75  82  81  78  73
  68  62  57  54  53  51  45  37  32  28  26  25  29  26  24  25  26  24
  22  21  26  26  27  29  32  33  32  30  26  29  31  33  35  38  41  41
  41  46  52  54  52  51  52  53  58  59  60  60  62  67  68  67  68  66
  69  75  85 100 110 109 108 109 111 112 113 114 114 114 114 115 116 115
 114 113 114 115 113 113 114 114 114 114 113 112 111 111 111 111 113 113
 113  28]"
"[ 30  29 184 180 181 175 174 177 172 170 163 152 141 134 134 135 138 142
 141 139 137 145 146 145 143 146 151 156 160 164 167 164 167 164 164 165
 163 161 161 161 164 159 159 158 158 155 157 156 158 154 147 139 138 138
 135 129 130 123 116 114 115 116 113 110 113 117 113 107 108 110 107 103
  98  95  95  95  92  92  90  85  83  83  81  78  77  78  79  80  79  79
  77  77  78  76  73  72  77  78  76  76  79  77  71  68  71  74  74  71
  67  66  66  67  69  64  58  53  47  42  38  35  33  28  24  22  23  24
  24  25  19  17  16  16  17  19  20  21  25  28  31  32  34  38  43  45
  48  51  54  53  52  53  56  59  62  61  61  63  65  66  67  68  72  68
  76  93 104 109 112 113 115 115 114 114 114 115 116 116 115 116 117 116
 115 114 114 115 114 114 115 115 115 114 112 112 112 113 112 111 113 114
 113  29]"
"[ 29  29 175 178 179 181 182 181 182 182 182 187 190 189 184 178 171 164
 154 151 146 143 136 132 139 137 136 139 138 137 143 147 154 155 158 162
 163 163 166 171 168 164 164 165 161 159 160 163 166 165 161 158 157 158
 155 150 151 153 152 148 146 145 139 133 134 135 130 124 123 125 119 108
 106 104 103 102  99  98  94  89  81  82  82  79  78  81  83  83  80  78
  78  80  81  79  76  74  69  70  71  72  73  71  69  70  70  71  69  66
  64  65  65  64  63  58  56  56  55  54  54  52  44  40  37  35  33  30
  26  23  25  23  21  19  18  17  19  21  23  28  33  35  36  39  42  45
  49  52  53  52  53  57  62  65  63  61  64  69  70  68  69  73  71  79
  95 111 116 113 112 113 116 116 117 117 117 117 116 114 114 115 116 117
 116 116 116 117 115 115 116 117 117 115 114 113 115 115 114 113 114 115
 114  29]"
"[ 30  31 173 177 175 180 180 177 176 179 179 181 181 179 181 179 181 178
 176 183 184 180 169 163 161 158 154 153 144 135 136 135 135 135 137 140
 143 144 149 156 153 154 157 164 158 157 155 160 162 164 165 164 162 162
 160 157 161 162 160 157 158 162 162 159 154 150 148 144 139 139 135 124
 124 120 115 111 109 103  98  96  95  95  91  85  83  85  84  82  82  79
  81  84  82  80  79  76  78  75  74  74  72  71  72  73  70  69  67  65
  64  63  61  59  59  54  53  52  50  50  52  50  45  43  40  39  40  39
  37  34  29  27  26  24  21  19  20  22  22  28  35  38  39  40  42  42
  48  50  52  53  56  61  65  66  64  63  67  73  74  72  75  82  86  98
 109 112 113 115 117 119 115 117 119 119 120 119 117 114 114 115 117 118
 118 117 117 118 117 115 116 117 117 117 116 116 116 116 116 115 116 116
 115  30]"
"[ 28  29 180 177 173 177 176 176 174 176 174 176 177 175 178 176 176 179
 179 180 177 180 181 183 186 185 179 176 172 167 164 154 148 142 136 133
 131 128 131 138 135 137 138 148 139 143 145 154 158 159 161 163 166 167
 165 162 160 163 163 162 162 164 166 165 168 164 165 163 155 156 158 153
 149 143 133 127 123 115 109 111 109 107 101  95  93  94  92  88  84  80
  84  87  83  82  82  79  79  74  74  76  76  77  77  73  73  72  70  68
  66  63  60  58  54  51  51  48  45  47  49  46  44  41  38  38  39  39
  37  35  31  30  29  27  25  23  23  25  26  31  35  36  38  40  43  44
  48  50  53  55  59  63  65  64  65  65  69  73  75  75  81  89 102 108
 112 114 117 117 118 122 122 122 121 120 119 119 119 118 117 118 119 120
 119 118 117 116 117 115 114 116 117 117 117 118 117 117 117 116 117 116
 114  29]"
"[ 30  28 183 182 183 181 182 178 180 178 177 177 177 176 175 173 173 177
 179 176 173 174 175 175 176 176 176 177 179 181 182 182 185 180 178 180
 180 173 162 154 146 142 138 136 135 136 136 133 139 134 129 131 137 143
 157 151 156 156 159 165 170 172 173 172 171 171 170 167 167 167 166 163
 163 156 155 154 148 146 144 139 127 123 122 116 101 100 105 101  95  90
  94  90  89  91  83  83  83  77  75  76  77  77  76  74  76  73  73  71
  66  63  63  62  57  51  49  48  45  41  40  40  39  36  32  31  35  36
  34  33  31  32  31  28  25  24  25  26  23  28  32  35  36  39  43  47
  52  57  58  61  58  55  62  65  67  72  74  75  79  87  97 106 109 113
 117 118 119 122 124 125 122 123 122 121 119 119 119 120 123 122 122 122
 120 119 117 117 116 115 115 117 118 118 118 119 119 118 117 118 117 117
 118  28]"
"[ 29  29 187 186 188 187 189 186 186 184 183 182 181 180 177 175 174 178
 178 173 171 172 173 173 172 174 175 175 174 174 176 178 177 175 173 175
 177 178 180 182 180 177 173 168 162 157 152 145 139 138 136 134 130 127
 137 131 127 129 133 138 143 148 152 154 163 166 169 169 168 167 167 167
 166 162 160 162 163 163 160 153 156 144 139 134 128 123 121 113 114 108
 106  99  96  94  89  90  83  79  77  78  78  80  82  81  76  77  76  72
  68  68  66  61  61  58  54  50  45  42  40  39  36  35  33  33  35  35
  32  30  28  29  29  27  25  24  24  24  24  26  29  32  36  40  45  49
  54  57  55  59  62  63  66  64  69  74  78  82  89  97 106 114 116 119
 121 122 122 124 125 125 124 122 120 119 119 120 122 123 123 122 122 122
 121 120 119 119 118 116 116 116 116 116 117 119 120 118 117 118 117 116
 117  28]"
"[ 28  29 189 189 189 188 189 188 188 187 186 186 187 186 184 182 180 182
 181 175 173 175 177 175 172 172 174 175 173 171 171 174 172 170 170 172
 174 174 173 172 179 177 177 177 177 179 180 178 174 173 170 165 157 147
 148 140 135 134 131 129 128 128 126 124 126 131 138 143 146 150 156 161
 164 163 161 160 164 165 162 158 160 155 157 154 150 138 135 132 122 120
 118 116 113 109 106 105  99  95  91  88  84  82  81  79  81  81  80  76
  73  74  73  67  64  63  58  52  47  44  42  40  38  38  38  37  37  35
  31  28  25  25  26  25  24  24  24  24  23  24  27  32  37  43  47  51
  54  55  55  59  61  61  66  68  71  77  84  92 102 109 115 119 121 122
 123 124 125 127 128 127 129 125 122 120 121 122 123 123 123 123 122 122
 122 121 121 120 120 120 119 119 118 117 118 119 119 118 117 118 116 116
 117  28]"
"[ 29  29 190 188 188 187 187 186 187 187 187 188 189 189 188 187 185 187
 186 182 181 183 184 182 178 175 175 179 180 178 174 174 173 170 168 169
 172 173 172 172 174 172 171 170 170 172 175 175 175 174 175 177 178 176
 181 176 172 169 163 159 157 154 148 142 141 131 123 124 129 130 126 122
 126 136 141 145 153 157 156 158 159 159 165 162 161 146 141 137 138 136
 134 135 132 124 120 117 108 106 105 104 100  99  98  96  91  87  84  81
  77  75  74  72  69  67  63  58  56  53  49  47  45  44  42  40  38  36
  33  29  26  25  24  24  24  24  24  24  24  26  30  37  42  45  47  49
  52  56  58  58  59  64  71  75  75  83  93 103 113 119 121 123 126 126
 125 126 128 130 130 130 130 127 124 122 123 123 123 122 123 123 123 123
 123 122 122 121 121 122 123 123 122 120 120 119 118 118 118 118 117 117
 118  29]"
"[ 29  29 191 188 188 189 188 188 188 187 187 188 188 188 187 186 186 188
 188 187 187 188 188 186 185 181 180 185 188 185 181 179 182 180 177 173
 171 169 168 169 173 173 174 174 173 174 173 171 171 170 172 171 173 171
 175 173 173 173 171 171 172 173 171 169 171 165 158 151 143 135 131 130
 121 129 128 124 125 125 123 126 131 136 144 140 145 139 142 142 141 137
 132 131 129 124 122 120 120 119 118 115 110 107 106 103 105 100  97  93
  86  81  79  76  73  70  65  64  64  59  53  53  49  45  42  39  35  36
  35  30  29  27  25  25  25  24  23  23  25  28  34  41  45  46  47  49
  52  58  60  58  64  77  83  81  89  97 106 115 123 127 129 131 134 132
 130 130 131 132 133 133 129 127 125 123 123 124 123 123 124 125 124 123
 123 123 123 122 121 122 122 123 123 122 121 119 119 119 120 120 119 119
 119  29]"
"[ 30  29 191 188 188 189 187 188 188 188 187 187 187 186 186 185 186 187
 188 189 189 189 188 187 186 185 186 189 189 186 184 183 185 186 186 187
 187 185 180 177 173 173 175 176 175 175 174 171 173 170 169 169 173 170
 169 167 167 168 169 168 166 166 169 172 177 174 171 173 175 173 169 165
 159 159 149 139 135 128 121 120 123 128 130 121 122 124 132 136 138 135
 131 128 128 127 125 124 122 120 119 117 114 113 113 111 111 112 110 104
  97  94  90  84  80  76  70  69  71  65  57  57  51  47  43  38  34  36
  38  33  32  29  28  28  27  25  23  22  24  26  32  40  44  46  50  53
  56  56  60  65  73  81  85  89 105 111 117 123 128 132 136 139 138 136
 134 134 135 136 136 137 134 131 128 126 125 125 125 125 124 125 125 123
 123 124 123 122 123 122 121 120 121 122 122 120 121 122 122 122 121 121
 121  29]"
"[ 30  29 192 189 187 188 186 189 189 188 188 187 187 187 187 187 187 187
 188 190 190 188 187 188 187 187 188 188 187 186 185 186 189 187 185 186
 188 189 186 182 181 180 181 182 182 184 185 183 176 172 172 173 179 176
 172 169 172 170 170 169 165 161 162 166 162 164 166 166 166 166 165 164
 169 171 171 172 176 172 164 160 154 150 142 131 129 128 124 117 116 115
 119 117 118 123 121 122 121 120 119 118 117 117 117 114 108 110 110 107
 103 102  98  91  91  89  82  79  81  76  67  66  60  56  53  47  41  43
  45  40  38  35  32  31  29  27  25  25  24  25  31  38  44  47  52  56
  59  57  65  73  78  83  90 103 117 122 126 129 133 136 138 142 139 138
 137 138 138 138 138 140 139 137 134 131 130 128 126 125 124 125 125 123
 123 124 124 123 124 124 123 121 121 122 122 121 122 123 122 122 122 122
 121  29]"
"[ 28  29 194 190 188 189 188 192 191 190 189 189 188 188 188 188 189 187
 188 191 190 188 187 190 189 188 188 187 187 188 188 188 187 188 188 187
 187 188 188 188 184 183 185 186 186 187 187 185 187 187 189 186 187 182
 178 179 178 174 172 173 171 166 163 164 167 168 167 165 164 166 166 166
 167 166 164 165 168 166 162 161 162 165 168 166 162 162 158 152 143 140
 140 128 121 122 114 114 111 111 113 114 115 117 117 113 111 108 108 109
 108 105 101  98  95  96  89  84  85  82  74  71  71  67  65  58  50  50
  52  47  46  41  36  34  31  29  30  32  29  30  34  41  46  48  51  54
  58  65  75  75  80  94 105 114 123 128 132 135 137 139 139 141 142 141
 141 141 140 138 138 139 139 137 136 135 134 132 129 126 123 125 125 123
 123 124 124 123 124 125 126 124 122 122 121 120 122 122 121 121 121 122
 122  29]"
"[ 29  28 191 191 191 192 193 192 193 193 191 190 190 189 188 190 189 187
 187 189 190 189 189 189 188 188 188 188 189 190 189 187 187 189 190 189
 188 189 189 189 186 186 186 187 187 187 187 186 186 185 186 187 188 187
 185 184 181 181 181 181 181 180 179 178 173 172 172 170 169 167 165 164
 165 165 165 165 164 163 161 160 160 160 161 163 162 160 159 160 161 161
 158 151 145 147 145 137 129 120 116 120 114 107 110 107 107 104 104 106
 106 105 104 102 103  98  94  87  87  88  81  81  81  78  74  69  64  59
  57  56  53  50  46  44  40  36  34  30  29  33  37  39  45  49  49  54
  62  69  77  86  96 107 116 122 127 131 135 138 140 139 139 143 143 143
 144 144 142 140 139 140 140 138 136 135 136 135 131 126 126 126 125 124
 123 122 123 124 126 126 126 124 122 122 122 123 122 121 121 121 120 122
 122  28]"
"[ 30  29 192 193 193 193 194 193 195 194 193 191 192 190 188 189 188 189
 190 191 189 187 188 190 190 190 191 191 192 192 192 190 188 189 189 189
 189 190 190 189 187 187 187 187 187 187 187 187 187 186 186 187 188 187
 185 185 186 186 185 185 184 183 182 181 180 180 179 178 177 175 173 172
 171 170 168 167 165 164 162 161 163 162 162 162 160 156 154 154 152 153
 152 149 147 150 154 155 150 148 147 150 143 138 139 134 123 115 111 111
 106 100 100 103  99  97  97  97  98  96  91  90  85  81  76  72  70  67
  62  58  53  52  50  49  47  45  46  42  36  33  33  37  45  49  53  63
  68  76  86  97 110 120 125 127 132 136 140 143 144 141 140 141 143 144
 145 146 145 143 143 143 143 141 139 138 138 137 133 129 127 127 126 125
 124 124 124 125 125 126 126 124 124 124 124 124 123 122 122 123 122 123
 123  29]"
"[ 29  29 193 194 195 194 194 193 196 195 193 192 193 190 188 188 190 190
 192 193 191 189 189 191 190 191 192 192 191 192 191 191 190 189 189 189
 190 191 190 188 188 188 188 188 188 187 187 187 187 187 186 187 187 186
 186 187 189 188 187 187 186 185 183 182 180 181 181 182 182 182 182 181
 177 176 175 173 172 170 168 167 168 167 165 165 162 158 155 154 152 153
 153 153 151 146 143 144 141 142 145 148 146 147 150 144 145 146 148 147
 140 133 127 123 124 115 104 102 102  98  94  91  96  91  83  78  77  75
  67  59  59  60  57  55  51  49  49  44  40  35  34  38  47  53  57  67
  76  87 100 110 119 125 129 132 135 139 142 145 146 143 140 141 143 144
 146 147 146 145 144 145 144 143 141 139 138 137 135 132 130 129 128 127
 126 126 125 125 126 126 125 125 125 125 125 124 123 123 123 123 122 123
 123  29]"
"[ 28  29 193 195 195 195 195 194 195 195 193 192 193 192 189 190 193 190
 190 192 194 194 192 191 190 192 192 191 190 189 190 190 190 190 189 190
 191 191 189 188 188 189 188 188 187 186 186 186 186 186 186 186 186 186
 187 189 188 187 186 186 186 185 184 182 182 182 182 182 181 181 181 181
 180 180 180 180 179 178 176 175 175 173 172 171 170 167 165 164 159 157
 153 152 154 149 145 146 141 143 145 144 141 142 146 145 145 146 146 142
 141 146 151 150 148 147 140 135 123 110 108 105  98  95  89  85  86  88
  83  77  73  73  70  68  65  62  59  50  51  47  42  40  48  58  65  73
  87  98 108 115 121 126 130 135 136 139 141 142 144 143 142 143 144 144
 146 146 146 145 145 145 145 144 142 140 138 137 136 135 133 132 130 129
 129 128 127 125 126 125 125 125 125 125 124 123 124 123 123 123 121 122
 122  28]"
"[ 29  30 194 195 195 195 196 195 195 195 193 192 194 193 191 192 193 190
 190 192 195 194 193 191 192 193 193 191 190 190 191 192 191 192 192 193
 192 191 190 189 190 190 190 189 187 186 186 187 186 186 187 187 187 187
 187 189 187 187 186 186 186 186 184 183 184 183 183 182 181 181 182 182
 181 180 181 181 181 181 180 179 179 178 176 176 176 176 174 174 174 173
 168 163 162 158 151 150 147 148 150 146 140 137 139 141 146 142 142 144
 143 141 141 142 140 139 136 140 139 136 134 124 120 119 114 107 103 101
  97  91  87  86  82  80  78  75  68  55  58  57  56  56  64  74  80  88
  97 104 111 117 124 130 135 138 137 140 141 142 145 145 144 145 146 146
 146 146 146 145 145 146 146 145 144 142 140 139 138 137 137 135 133 131
 130 129 128 126 125 125 124 125 126 126 124 122 125 124 123 123 121 122
 123  29]"
"[ 29  29 193 195 194 194 195 195 196 196 194 193 195 194 193 195 194 193
 193 194 194 193 193 194 193 194 194 192 192 192 193 193 193 193 194 195
 194 192 191 191 192 192 192 191 189 188 188 189 187 187 189 189 189 188
 187 188 188 188 187 187 186 186 185 184 184 183 183 183 183 184 185 186
 183 182 180 179 179 180 180 181 180 179 178 178 178 178 178 177 172 176
 176 173 171 167 163 161 156 153 154 154 155 153 148 148 150 144 141 140
 139 139 140 139 136 134 133 131 128 129 132 128 117 119 118 114 110 107
 105 103 100  98  93  92  91  87  81  69  65  62  62  66  73  78  82  93
 102 109 115 119 125 130 135 139 139 142 144 145 147 146 145 145 147 146
 146 146 146 146 146 147 146 146 144 143 142 141 140 138 137 135 132 131
 130 129 128 127 124 124 125 126 127 127 126 124 125 124 124 123 121 122
 122  29]"
"[ 28  29 193 194 194 194 195 195 195 196 195 194 196 195 194 196 196 195
 195 196 195 193 193 195 194 194 194 193 194 194 194 193 193 193 194 195
 194 193 193 194 194 194 194 192 191 190 191 192 189 189 191 192 191 190
 189 189 189 189 189 188 187 186 186 186 187 187 186 185 184 184 184 183
 184 183 181 180 180 180 180 180 179 179 179 179 179 179 178 177 177 176
 175 172 168 168 170 170 167 162 161 161 165 166 159 157 156 152 148 145
 144 144 142 138 137 130 131 131 128 129 127 122 116 117 116 114 111 110
 109 108 107 104 100 101 101 100  99  94  93  86  80  77  81  84  89 101
 104 112 118 120 123 127 133 139 139 143 145 146 148 147 146 146 146 146
 146 146 146 146 146 146 146 145 145 144 144 143 141 139 136 134 132 130
 129 129 128 128 125 126 127 128 129 129 127 125 125 125 125 125 122 123
 122  29]"
"[ 29  29 193 195 194 194 195 195 194 195 194 195 196 195 195 196 199 196
 194 194 196 195 194 194 195 195 194 194 195 195 194 192 193 192 192 194
 194 193 193 195 194 194 194 193 192 191 192 193 190 190 192 193 193 192
 191 191 190 190 190 189 188 187 187 188 187 187 187 187 187 186 186 185
 182 182 182 182 182 182 181 180 179 180 180 180 181 181 179 178 178 174
 175 176 174 173 172 169 166 166 166 161 161 163 161 164 163 157 157 162
 163 159 157 157 152 147 152 147 134 129 126 127 124 120 115 112 110 108
 106 105 105 102  97  97  95  94  97  96  94  94  93  90  95  98  97 102
 107 112 115 118 124 130 135 140 140 144 146 146 147 148 148 148 147 147
 146 147 147 146 146 146 146 146 145 145 146 145 142 139 137 135 132 130
 130 130 130 130 127 128 129 130 131 130 128 126 126 126 127 127 125 124
 124  29]"
"[ 30  29 194 195 195 197 196 196 195 194 195 196 196 195 196 199 199 198
 196 195 195 195 194 194 195 194 194 195 196 196 194 193 194 194 193 192
 193 196 196 194 194 194 194 194 194 193 193 193 192 193 193 192 193 193
 192 190 190 191 192 191 189 189 188 188 188 188 187 186 186 186 187 187
 187 186 185 185 186 186 185 183 181 181 180 181 180 179 179 180 179 180
 178 175 174 175 174 172 169 166 165 164 163 164 165 163 163 160 159 159
 159 157 157 158 156 155 154 153 152 153 150 143 132 127 124 121 117 113
 108 103 105 101  99  96  94  94  95  94  93  93  94  94  96 102 108 107
 109 111 114 117 123 130 136 138 140 142 145 146 147 149 151 151 148 147
 147 146 146 146 146 146 147 146 146 145 145 144 142 140 139 136 132 131
 132 131 130 129 130 130 129 129 129 129 127 125 126 127 129 128 127 125
 128  29]"
"[ 29  28 194 195 195 196 195 196 195 194 194 195 195 195 195 197 198 197
 196 195 195 195 195 195 196 196 195 195 195 195 194 194 195 195 194 192
 193 195 195 194 193 193 193 193 193 193 193 193 193 194 194 193 193 193
 192 190 190 191 193 192 190 189 188 188 187 187 188 187 187 186 186 186
 186 186 186 186 187 188 187 186 182 181 181 181 181 181 181 181 181 181
 179 177 176 177 175 172 170 167 166 166 165 164 165 163 161 161 162 161
 158 154 154 156 157 155 154 153 153 154 151 146 142 138 134 130 127 124
 120 114 112 108 105 101  97  96  97  97  98  97  97  98 101 108 112 110
 110 114 118 121 125 131 137 140 142 144 146 147 148 150 150 149 149 148
 148 147 147 146 146 146 146 146 146 147 148 146 143 141 140 137 134 133
 133 132 131 130 129 129 130 130 131 131 129 127 128 128 129 129 130 129
 130  29]"
"[ 29  28 194 195 194 195 194 195 194 195 195 194 194 195 195 196 196 196
 196 196 195 196 196 196 197 197 196 195 195 195 195 196 196 195 194 193
 193 195 195 194 193 193 194 194 194 194 194 194 193 194 193 193 193 192
 191 189 189 191 193 193 192 190 189 188 186 187 187 187 186 185 185 185
 185 186 187 187 187 188 188 187 186 184 183 182 182 181 180 180 181 180
 179 178 178 178 176 173 170 167 166 166 165 163 163 161 160 161 163 164
 161 158 158 160 159 157 156 154 153 153 151 146 146 143 138 135 132 132
 128 121 117 114 112 108 103 101 102 101 103 101 101 101 105 112 115 113
 114 118 122 123 125 130 136 140 143 145 146 147 149 150 149 147 148 148
 148 148 148 148 146 146 146 146 146 147 148 147 144 142 143 141 139 138
 138 137 136 136 132 131 130 130 131 131 130 130 130 128 128 128 130 130
 131  28]"
"[ 29  29 194 196 194 195 194 195 195 196 195 194 194 195 195 195 196 196
 196 196 196 196 196 197 197 196 195 195 195 196 197 197 196 196 195 195
 195 196 195 194 194 194 194 195 195 195 195 195 194 194 193 193 192 191
 191 190 189 190 191 193 193 192 190 190 186 187 188 188 187 185 185 185
 186 187 187 186 186 186 187 187 189 186 184 183 182 181 179 179 180 180
 179 179 179 179 177 175 173 169 167 168 165 163 162 161 161 161 162 163
 164 163 162 162 159 157 155 154 152 152 151 148 146 143 138 134 132 133
 130 122 117 115 115 113 109 107 106 104 103 102 102 103 105 111 115 114
 119 121 123 124 125 128 135 140 141 143 146 147 148 149 148 146 147 147
 148 149 150 150 148 147 149 147 146 146 146 146 144 143 143 142 141 140
 139 138 137 138 137 134 132 130 130 130 130 131 131 128 126 126 129 130
 131  29]"
"[ 29  30 196 196 195 195 195 196 195 196 196 195 195 196 195 195 197 197
 197 197 196 196 196 197 196 195 194 194 196 198 198 197 194 195 195 195
 196 196 195 194 194 194 195 195 196 196 195 195 196 195 194 193 192 192
 192 192 192 190 190 192 193 193 191 190 188 188 189 188 187 187 186 186
 188 189 188 187 186 187 188 188 187 185 183 183 182 182 181 181 179 180
 181 181 180 180 179 178 178 174 172 171 168 166 165 164 163 162 162 162
 162 162 161 161 158 156 155 154 153 153 153 151 148 145 140 136 134 135
 132 125 118 116 115 114 112 110 108 104 101 101 103 103 104 109 115 116
 122 124 125 127 128 131 135 139 139 143 146 146 146 147 147 146 146 147
 148 150 151 151 150 149 150 149 147 147 147 147 145 144 144 144 143 143
 141 139 138 138 139 136 134 132 131 130 130 131 131 129 128 128 130 130
 131  29]"
"[ 29  30 196 197 196 196 195 197 196 195 195 195 195 195 195 195 198 198
 198 197 197 196 196 196 196 194 193 194 197 198 198 196 193 194 195 195
 196 195 195 194 194 194 195 195 195 195 195 195 196 195 194 194 193 192
 193 194 194 192 190 192 194 193 191 190 189 189 189 189 188 188 188 188
 189 189 188 187 187 188 188 188 188 186 184 184 183 182 181 181 179 181
 182 182 181 180 179 179 180 176 174 172 169 168 168 165 163 164 165 164
 161 160 161 163 161 159 158 157 155 154 154 153 150 147 142 137 134 133
 131 126 123 119 116 114 112 110 108 105 101 102 104 105 105 110 117 121
 122 123 127 130 132 134 136 139 141 144 147 146 146 146 147 147 146 147
 149 151 151 150 149 148 148 148 148 149 149 148 146 145 146 146 146 145
 143 141 140 139 137 136 135 135 134 131 130 130 130 129 130 130 131 130
 130  28]"
"[ 29  29 196 197 196 196 195 197 197 195 195 196 197 196 196 196 198 198
 197 197 197 196 195 195 196 195 194 195 196 197 196 195 195 194 195 195
 195 195 195 195 195 195 195 196 196 196 195 195 195 194 194 195 194 193
 193 195 196 193 192 193 194 193 192 192 191 191 190 190 191 191 190 190
 189 189 188 188 188 189 188 187 188 187 186 186 185 183 182 182 181 181
 182 182 181 180 179 179 179 177 176 173 170 171 170 166 163 165 167 167
 165 164 165 166 164 162 162 161 157 156 156 155 152 148 144 139 134 132
 130 127 124 120 118 115 112 111 109 107 105 104 104 106 108 114 121 123
 122 124 127 131 133 135 137 140 144 146 147 146 146 147 148 148 147 149
 151 152 151 150 149 149 148 149 149 149 149 148 148 147 146 146 145 145
 143 140 138 137 136 135 135 136 135 133 132 133 132 130 130 130 131 130
 130  27]"
"[ 28  29 196 197 196 197 195 196 198 196 195 198 198 197 196 198 198 197
 197 197 197 196 195 194 197 196 195 195 195 195 195 195 196 195 195 195
 195 195 195 196 195 196 196 197 197 196 196 195 195 194 195 196 196 194
 194 196 196 194 193 195 195 193 193 194 194 193 192 193 194 194 193 192
 190 189 189 189 190 190 188 186 187 186 186 187 186 186 185 186 184 183
 183 183 183 181 180 179 179 179 178 175 173 174 173 168 164 165 166 167
 168 168 166 164 162 161 162 162 159 158 159 159 157 152 148 143 137 133
 132 130 121 119 118 117 113 112 111 109 109 105 104 107 111 117 122 123
 124 125 128 131 133 134 138 143 145 146 147 146 146 148 148 148 148 150
 153 153 153 151 151 151 151 151 150 150 149 149 150 150 148 148 148 147
 145 142 139 139 138 135 135 135 134 133 133 135 135 132 130 128 130 130
 131  29]"
"[ 28  28 194 196 195 196 195 196 197 196 195 196 196 196 196 196 196 197
 197 197 197 196 196 195 196 195 195 196 195 195 195 196 195 195 195 195
 195 196 196 197 195 195 196 197 197 196 195 195 195 196 196 196 195 195
 194 194 195 194 193 194 194 193 192 192 192 191 190 189 190 191 192 193
 191 190 190 190 189 189 188 188 187 187 187 187 186 186 185 185 183 183
 183 183 182 181 180 179 180 180 179 179 177 175 173 171 167 168 167 167
 166 165 165 165 164 162 161 161 162 163 163 160 159 155 153 150 143 137
 134 134 125 122 122 122 118 114 113 112 112 111 109 110 114 116 119 124
 126 128 131 133 135 138 141 145 146 147 147 147 146 147 149 151 149 151
 154 155 153 153 153 151 152 153 152 151 150 150 150 150 149 148 147 146
 146 144 142 140 139 137 137 137 136 134 135 137 135 133 132 131 130 130
 132  28]"
"[ 29  29 195 196 196 196 195 196 197 196 196 196 197 196 196 196 195 195
 195 196 198 198 196 195 197 196 196 196 196 195 194 195 197 197 196 196
 196 196 196 196 196 195 195 195 196 196 196 197 195 195 195 195 195 195
 195 195 195 194 194 195 195 194 193 193 194 193 192 191 192 193 194 194
 191 190 189 189 189 188 188 189 189 189 188 187 187 186 185 185 183 183
 184 184 183 182 181 181 180 180 180 180 179 178 176 175 171 170 169 168
 167 166 166 166 166 165 165 165 163 163 162 159 159 156 154 152 145 140
 138 136 130 125 123 121 117 114 112 110 114 114 113 112 114 115 118 123
 126 128 131 134 135 137 141 145 145 146 147 148 148 148 150 152 149 150
 153 153 152 152 153 151 152 153 152 152 151 152 152 152 149 147 145 146
 146 146 144 143 140 139 139 138 137 135 135 137 137 135 134 132 130 130
 132  29]"
"[ 29  29 195 197 196 197 196 197 197 196 196 196 196 196 195 195 194 193
 193 196 199 199 198 195 196 196 195 196 196 196 196 197 198 197 197 196
 196 195 195 195 196 195 194 195 196 196 196 196 195 195 195 195 195 195
 195 195 195 194 194 195 195 194 193 193 194 193 192 193 193 194 194 194
 193 191 190 189 190 190 191 192 191 191 190 189 188 187 186 186 184 185
 186 186 185 183 182 182 179 180 181 181 180 180 179 179 174 173 171 169
 168 167 167 167 167 166 166 165 162 161 162 160 160 157 156 154 148 143
 141 139 134 129 124 121 118 118 116 111 114 116 116 115 114 114 117 124
 127 129 132 136 137 137 141 146 146 146 147 148 149 150 151 152 150 151
 152 153 152 153 153 152 151 152 151 151 152 153 153 153 151 149 147 147
 147 147 145 145 143 142 141 139 138 137 136 135 137 135 136 133 130 129
 131  29]"
"[ 28  29 195 197 196 197 197 198 198 197 196 196 196 195 195 195 195 194
 194 196 199 200 199 197 197 196 195 196 197 197 197 198 197 196 196 196
 196 196 196 196 194 194 195 196 197 196 195 195 196 196 195 195 195 195
 194 194 194 194 194 195 196 195 195 195 193 193 193 193 194 194 194 194
 193 192 191 191 192 193 194 195 193 192 191 189 188 187 186 186 187 186
 186 187 186 184 182 181 180 181 182 182 181 180 179 179 177 175 172 170
 168 168 167 167 167 166 165 163 160 162 164 164 162 160 159 157 152 147
 144 141 138 133 128 124 121 121 119 114 113 116 116 115 114 114 119 126
 130 131 135 139 139 138 141 145 147 147 147 148 149 150 151 152 152 151
 152 153 152 154 154 152 152 151 151 150 151 153 154 153 153 152 151 150
 149 147 147 147 145 144 142 139 138 138 137 135 137 135 136 134 132 130
 131  28]"
"[ 28  29 195 197 197 198 198 199 200 198 197 197 197 196 196 197 196 196
 196 196 198 199 199 199 199 198 196 196 196 196 195 196 196 195 195 195
 195 196 196 196 194 194 195 196 197 197 196 196 197 196 195 195 195 195
 195 194 194 194 194 195 196 195 195 196 194 194 194 195 195 195 195 194
 193 192 191 192 192 193 194 194 194 193 192 190 188 187 187 186 188 186
 186 187 187 186 183 181 183 183 183 182 181 180 179 179 179 177 174 172
 170 169 168 168 168 166 165 163 163 165 167 166 165 162 161 160 155 151
 147 143 140 136 132 127 123 122 120 115 114 116 115 115 115 115 120 127
 130 132 136 139 139 138 140 143 147 146 146 147 148 150 151 152 151 150
 151 151 151 153 154 152 154 153 151 150 151 153 154 154 151 152 153 152
 151 149 149 150 147 145 143 140 138 138 137 136 137 135 135 135 135 134
 134  29]"
"[ 29  29 195 197 197 198 198 199 199 198 197 197 197 197 196 197 197 196
 196 196 196 197 198 199 199 197 196 196 196 196 196 196 196 196 195 195
 195 195 195 196 194 193 193 194 195 196 197 199 197 196 195 195 196 196
 196 196 193 193 194 194 194 194 195 196 195 195 195 196 196 196 195 195
 194 193 192 192 193 192 192 193 194 193 192 190 188 187 187 187 188 186
 185 187 188 187 185 183 184 184 184 183 182 181 181 180 180 178 176 173
 171 170 169 168 168 167 166 167 166 168 168 166 164 162 161 160 156 153
 149 145 139 136 133 129 124 123 121 118 117 118 116 115 116 116 120 126
 130 132 136 138 138 138 140 142 146 146 146 148 149 151 152 152 150 149
 150 151 151 154 155 153 154 154 152 150 150 152 153 153 151 152 154 154
 152 149 148 149 148 146 144 141 139 138 138 138 138 135 135 135 136 136
 135  29]"
"[ 29  29 196 197 197 198 197 198 197 197 196 197 197 196 195 195 196 196
 196 195 196 196 197 197 197 195 194 195 196 196 197 197 196 196 196 195
 195 195 195 196 195 195 194 194 194 195 197 200 196 195 194 195 196 196
 196 196 195 194 194 194 193 193 194 195 194 194 194 195 195 195 195 194
 195 194 193 193 193 193 193 193 194 193 191 190 188 188 187 188 187 186
 186 187 188 187 185 185 186 185 184 184 183 182 182 181 179 179 177 175
 173 171 170 169 170 169 169 169 168 168 167 165 164 162 161 160 157 155
 152 147 142 137 133 130 126 124 123 122 118 119 118 117 117 118 121 127
 132 134 136 137 138 141 143 143 145 146 148 150 151 152 152 152 151 151
 152 152 152 154 155 154 154 154 153 151 150 151 151 151 152 153 154 155
 153 150 149 149 149 147 146 144 141 138 139 141 140 136 135 135 136 136
 135  29]"
"[ 29  29 195 196 196 196 195 196 196 196 197 198 198 197 195 195 197 196
 195 195 196 197 197 196 198 196 194 195 195 196 196 196 196 196 196 196
 196 196 196 196 197 197 198 197 196 196 197 199 197 196 194 194 195 196
 196 195 197 196 195 195 194 193 194 195 194 194 194 195 195 195 195 194
 195 193 193 193 193 193 193 194 194 193 191 189 188 188 188 188 188 187
 187 188 187 186 186 186 186 185 184 183 183 182 182 181 180 180 179 178
 175 173 172 171 172 171 171 169 167 168 168 166 166 164 163 162 159 157
 154 149 149 142 136 132 127 123 123 122 118 119 119 118 119 119 123 129
 134 136 138 137 139 143 146 146 146 147 150 151 152 152 152 152 153 152
 153 153 153 154 155 153 154 154 154 153 151 151 151 151 152 152 153 155
 155 153 152 151 149 148 147 146 142 139 140 143 143 138 137 136 137 136
 135  30]"
"[ 29  29 198 198 195 196 197 198 201 197 197 198 198 197 197 196 197 196
 196 198 200 200 198 196 197 195 194 194 195 197 197 197 196 196 195 195
 195 195 195 195 196 196 195 195 196 196 196 196 197 196 196 195 195 195
 195 196 196 196 196 196 196 196 196 196 194 194 195 195 195 195 195 195
 195 195 194 193 194 195 196 196 195 193 191 190 190 190 190 190 191 190
 188 188 189 189 187 185 188 186 183 183 183 181 181 181 180 179 180 181
 178 176 175 173 172 172 172 171 170 169 167 165 165 165 164 161 161 159
 154 148 146 143 139 135 130 127 125 122 121 123 121 119 120 120 123 131
 136 138 138 137 140 143 145 147 147 149 150 151 151 152 152 153 152 151
 154 155 154 154 155 154 156 154 153 153 154 154 153 153 155 154 153 154
 154 154 153 152 150 149 148 147 146 145 144 142 143 139 137 138 137 137
 137  28]"
"[ 29  29 198 199 197 197 198 199 199 196 196 198 197 197 197 196 197 197
 198 199 199 199 198 197 199 198 196 195 195 195 195 194 195 195 195 196
 196 195 195 196 195 195 195 195 196 195 195 195 195 195 195 195 195 195
 195 195 195 195 195 195 195 195 194 194 194 194 194 194 195 196 195 195
 193 193 194 195 195 195 195 195 195 193 192 191 190 190 190 190 190 189
 188 188 189 188 187 185 184 187 185 182 180 181 182 181 183 180 179 180
 179 178 175 171 172 171 170 169 168 167 166 166 166 166 166 164 164 162
 157 151 148 144 140 136 132 131 128 124 123 124 123 122 123 122 124 130
 136 138 138 137 140 144 145 147 148 149 151 152 152 152 152 153 153 151
 152 154 153 153 155 154 154 153 153 153 153 153 153 154 154 154 154 154
 153 153 154 154 152 152 151 150 150 148 146 144 143 140 138 139 139 138
 138  29]"
"[ 29  29 197 200 199 200 199 200 199 197 197 198 197 197 197 196 196 198
 199 199 198 197 197 197 198 197 195 195 195 195 195 194 194 195 195 196
 195 194 194 195 194 194 195 195 195 195 194 194 195 195 196 196 196 196
 195 195 195 195 195 195 195 195 195 194 195 194 193 194 195 196 195 195
 192 193 195 195 195 194 194 195 196 194 193 193 192 190 190 191 190 190
 189 189 189 188 187 187 185 184 182 182 184 186 184 182 179 180 180 180
 179 178 177 176 172 170 169 169 168 166 166 166 165 166 165 164 164 163
 159 155 151 145 140 136 134 133 129 124 123 124 123 123 123 122 123 128
 136 138 138 138 141 144 146 147 148 150 152 152 151 151 152 153 154 152
 153 154 153 153 155 154 153 153 154 154 154 153 153 154 153 154 154 153
 152 152 153 154 153 152 150 149 148 147 145 144 142 140 139 140 139 138
 138  29]"
"[ 29  29 197 201 200 201 200 199 199 197 197 197 196 196 196 195 196 198
 199 199 197 196 196 196 195 195 195 195 196 196 196 195 195 195 195 195
 194 192 192 193 194 194 194 195 194 194 194 194 195 196 196 196 196 196
 195 195 196 196 196 196 196 196 195 195 194 194 194 194 195 195 194 194
 194 195 195 194 193 193 194 195 195 194 194 193 192 190 190 191 190 190
 190 190 189 188 187 187 187 186 186 184 183 183 182 183 180 183 184 182
 180 179 178 178 173 170 169 171 170 166 165 166 166 165 164 163 162 162
 160 158 154 148 142 138 135 133 129 124 124 124 124 124 124 123 124 126
 136 139 139 140 143 145 146 147 147 149 151 152 151 151 152 153 153 152
 154 156 154 154 155 154 155 154 154 154 154 154 154 155 153 154 154 153
 153 153 154 155 156 154 151 150 150 149 148 147 142 141 140 141 140 139
 139  28]"
"[ 30  29 197 201 200 201 200 199 199 197 197 197 195 196 196 195 197 198
 198 198 197 196 196 196 196 196 195 195 195 195 194 194 195 195 195 194
 193 191 191 192 195 195 194 194 194 194 194 194 195 195 195 195 195 194
 194 194 196 196 196 196 195 195 195 195 193 194 195 195 194 194 193 193
 195 195 195 195 193 193 194 195 194 194 193 193 191 189 188 188 188 189
 190 189 188 187 187 187 188 185 185 184 187 191 187 185 183 184 181 178
 180 182 180 178 176 173 171 170 169 166 165 166 168 167 166 165 164 163
 161 159 156 151 146 141 136 134 131 126 128 126 126 126 126 125 126 127
 136 140 141 142 145 146 147 148 147 149 151 152 152 152 153 154 153 153
 155 156 154 154 156 157 157 155 154 154 154 154 154 154 154 154 154 154
 154 154 155 155 156 154 153 152 152 151 149 147 143 143 143 143 141 140
 140  29]"
"[ 30  29 197 200 199 200 200 199 199 198 198 198 197 198 199 197 197 197
 197 197 197 196 196 195 196 196 195 195 195 195 195 195 196 195 195 194
 193 192 193 194 196 195 195 194 194 194 194 195 195 195 195 194 194 194
 195 195 195 195 195 195 195 195 195 195 193 195 196 196 194 193 193 194
 194 195 196 196 195 194 194 194 195 194 194 193 191 189 187 186 188 189
 190 190 188 187 187 187 189 183 188 190 187 181 174 180 181 186 184 179
 180 181 179 179 179 175 171 169 167 166 166 167 168 168 168 167 165 162
 159 157 155 152 149 144 138 135 132 129 129 126 126 128 127 126 127 127
 134 140 143 144 146 148 148 149 149 150 152 153 153 153 154 154 154 153
 155 155 153 154 157 159 159 156 154 153 154 154 154 154 154 154 154 155
 155 155 155 155 154 153 153 153 153 151 148 144 144 144 144 144 142 141
 140  29]"
"[ 29  29 196 199 197 199 200 200 200 199 200 199 197 198 200 198 196 197
 197 197 197 196 196 196 196 196 195 195 195 195 196 196 195 195 195 195
 194 194 194 194 196 195 195 195 194 194 194 194 194 194 194 195 195 195
 195 195 195 195 195 196 196 195 195 195 194 195 195 195 194 194 194 195
 194 195 195 195 195 195 194 194 195 195 194 194 193 190 188 187 189 190
 190 190 189 188 187 187 187 189 194 174 142 121 122 142 156 171 178 177
 179 179 178 181 180 177 173 170 168 167 167 167 168 168 168 167 165 162
 159 157 155 153 151 146 140 136 134 131 130 126 127 129 127 127 128 126
 132 139 144 146 148 149 149 150 150 151 152 153 154 154 154 154 154 153
 154 156 155 156 158 159 159 157 155 155 155 154 154 155 155 156 156 155
 155 155 156 156 157 156 155 155 155 153 149 146 146 146 146 144 142 141
 140  29]"
"[ 29  28 196 198 197 199 200 201 200 199 199 198 196 197 198 196 197 198
 199 198 197 196 197 197 198 197 196 195 195 195 195 195 195 195 195 195
 195 194 194 194 195 195 195 195 195 194 194 194 191 192 193 194 195 195
 195 195 195 195 195 195 195 195 195 195 196 195 194 194 194 195 196 196
 197 196 195 194 193 194 195 195 194 194 194 194 194 191 189 188 188 189
 190 190 189 188 187 187 186 191 179 128  82  70  75  88 109 131 149 161
 173 180 180 182 179 178 175 172 170 169 168 166 169 168 167 166 165 162
 161 162 157 155 153 148 142 139 136 133 132 128 129 131 130 130 130 128
 130 138 144 147 149 149 149 151 151 151 152 153 153 154 153 153 153 152
 154 158 159 159 159 157 158 158 157 157 156 155 155 156 157 158 158 157
 156 155 157 159 160 157 154 153 152 152 150 148 147 148 147 146 143 142
 141  30]"
"[ 29  28 198 200 200 199 200 199 200 200 200 199 198 197 196 196 197 199
 200 200 198 197 197 197 198 198 196 195 195 196 196 196 195 195 194 194
 195 196 197 197 195 196 196 196 195 195 194 194 191 192 193 194 194 194
 194 195 195 196 195 195 195 195 195 196 195 195 195 195 195 195 195 195
 194 195 196 195 194 194 194 194 195 195 195 195 194 192 191 190 191 190
 192 191 196 187 177 177 178 180 151  89  62  66  76  82 105 116 121 134
 152 171 176 182 179 177 176 177 172 167 168 168 167 167 166 166 166 166
 164 162 160 157 152 147 144 142 140 137 131 130 129 130 131 130 129 129
 134 138 144 146 149 150 150 154 151 152 152 153 154 154 154 153 153 152
 154 157 159 159 158 158 157 158 159 158 158 157 156 155 157 158 158 156
 154 154 157 159 157 155 154 154 153 152 150 149 148 147 147 147 146 146
 144  28]"
"[ 29  28 198 199 200 199 200 199 199 200 200 200 199 197 196 196 196 198
 199 199 198 198 198 197 198 198 197 195 195 195 196 196 196 196 195 195
 196 196 196 196 195 196 196 196 195 194 193 193 192 193 193 194 194 194
 194 195 195 195 196 195 195 195 195 196 195 195 195 195 195 195 194 194
 194 195 196 196 195 195 195 194 193 193 194 195 195 193 192 192 190 191
 197 200 171 131 113 115 140 151 123  74  62  68  73  86  96 107 108 108
 110 123 142 165 174 177 177 176 174 173 173 168 168 168 167 165 165 165
 165 165 163 161 157 151 147 143 140 138 131 129 128 129 131 130 130 130
 135 139 146 147 148 148 147 151 153 154 154 154 154 155 155 154 153 153
 154 156 158 158 158 158 157 158 158 158 158 158 157 156 155 155 155 155
 155 156 158 160 159 156 154 154 155 154 152 151 150 148 147 146 144 146
 145  29]"
"[ 30  28 199 199 199 198 200 199 199 200 201 201 200 198 196 196 197 197
 198 197 197 198 198 197 197 197 197 196 195 195 195 195 196 196 196 196
 196 196 195 194 195 195 195 195 194 193 193 194 193 193 194 194 194 194
 194 194 194 195 196 196 196 195 196 196 196 195 195 195 195 194 193 192
 194 195 196 196 195 195 194 193 192 192 193 195 195 194 193 192 192 195
 186 165 113  80  82  93 114 125 113  86  71  68  68  80  90 103 110 110
 105 108 123 144 156 168 177 179 176 172 172 168 168 168 167 166 164 165
 166 167 163 162 160 155 149 144 140 139 133 130 128 130 131 131 131 132
 134 138 146 147 147 146 146 150 153 154 155 154 154 155 155 155 154 153
 154 156 157 158 157 157 158 158 158 157 158 158 158 156 157 156 155 155
 156 157 158 159 159 156 153 154 155 155 153 152 151 149 148 147 146 147
 145  30]"
"[ 30  28 197 198 199 198 200 199 199 200 200 200 200 198 197 196 197 197
 197 196 197 198 197 197 196 197 197 196 195 194 194 194 195 195 195 196
 196 195 194 193 194 195 194 194 193 193 194 194 194 194 194 194 194 194
 194 193 193 194 195 196 196 196 196 196 196 195 194 194 195 194 193 192
 192 194 195 195 194 194 193 192 193 193 193 194 193 192 191 191 187 197
 182 137  88  74  83  88 106 119 121 113  90  71  60  67  81  92 101 105
 105 107 116 128 138 154 169 180 180 174 171 170 167 168 167 166 165 166
 166 166 162 162 160 156 150 145 141 139 135 132 131 131 131 131 131 132
 132 134 143 147 147 147 147 150 152 153 154 154 154 154 155 155 154 154
 154 155 156 157 157 157 158 158 157 156 157 157 156 155 158 157 156 156
 156 157 158 158 157 155 153 154 155 155 154 152 152 151 151 151 150 149
 146  29]"
"[ 29  28 198 199 199 198 200 199 199 199 199 199 199 198 197 196 197 197
 196 196 197 198 198 197 196 197 197 196 195 194 194 193 194 194 195 195
 195 195 195 195 195 195 194 194 193 193 194 194 193 193 193 194 194 194
 193 192 193 194 195 196 196 195 195 195 196 195 194 195 195 195 194 193
 192 193 194 194 194 194 193 191 194 193 192 192 192 191 189 189 188 191
 169 110  77  77  81  85 100 121 125 124 114  89  62  61  73  83  95  99
 103 109 119 127 131 138 147 162 176 178 176 173 171 170 168 166 166 166
 166 166 162 162 160 156 152 148 143 140 135 133 132 131 130 129 129 131
 131 132 141 147 147 149 150 151 152 153 153 153 153 154 154 154 154 154
 154 154 156 157 157 156 157 157 156 155 155 156 156 155 155 155 156 156
 156 157 157 158 157 156 155 156 156 155 154 154 153 152 153 153 152 151
 147  29]"
"[ 29  29 199 199 200 199 200 199 199 198 198 198 198 197 197 197 196 196
 196 196 197 198 198 198 195 196 197 196 194 194 194 193 194 194 195 195
 195 195 196 196 195 195 195 194 193 192 192 193 193 193 193 194 194 194
 193 192 193 194 195 195 195 195 195 195 195 195 195 195 195 195 194 194
 193 194 194 194 195 195 193 192 194 193 192 192 192 191 190 189 190 188
 166 105  80  83  82  84  99 117 127 134 133 119  90  67  64  73  87  95
 104 110 119 122 127 129 128 139 159 173 177 176 176 174 170 167 166 166
 166 165 163 162 160 157 154 149 145 141 136 134 132 132 130 129 130 131
 133 132 141 148 148 150 151 152 153 154 154 153 153 154 154 153 154 154
 154 154 155 157 157 156 157 157 157 156 156 157 157 157 156 157 158 157
 157 156 157 158 158 158 158 158 157 156 155 155 154 153 153 152 151 151
 147  30]"
"[ 29  29 199 200 201 199 200 199 198 197 197 197 197 197 197 197 197 197
 197 196 197 197 197 197 195 196 197 196 195 194 194 194 195 195 196 196
 195 195 196 196 196 196 196 195 193 192 192 192 192 193 193 194 194 194
 193 193 194 194 195 195 195 195 195 195 195 195 195 195 195 195 194 194
 194 195 195 195 195 195 194 193 194 193 193 194 194 193 191 190 192 192
 171 116  79  77  77  80  96 107 124 135 138 137 125  95  78  73  76  82
  96 106 115 116 119 123 121 127 142 153 164 171 176 175 172 169 167 166
 165 164 163 163 161 158 155 150 145 142 138 135 132 131 131 131 131 132
 133 131 141 148 147 149 151 153 154 155 154 154 154 154 154 153 154 154
 154 154 156 157 157 156 157 159 159 158 158 158 158 159 159 159 159 158
 157 157 158 159 160 159 159 159 159 157 155 154 155 153 152 152 150 150
 147  30]"
"[ 29  29 199 201 201 200 200 199 197 197 196 196 197 197 197 196 198 198
 198 197 197 197 196 195 195 197 197 196 195 194 195 195 195 196 196 196
 195 195 195 195 195 196 196 195 194 193 192 192 192 193 194 194 194 194
 194 194 194 195 195 195 195 195 195 195 195 195 196 196 195 195 194 194
 195 195 195 195 195 195 195 193 194 193 194 196 196 195 192 191 190 193
 182 143  92  72  71  76  84  97 111 121 132 135 140 130  95  78  69  71
  87  97 107 108 108 112 113 120 129 130 140 154 172 173 173 171 168 166
 163 162 162 163 163 160 156 151 147 143 140 135 131 130 131 131 131 131
 131 129 140 147 146 148 152 154 154 154 154 154 154 155 155 154 153 154
 154 154 156 157 157 155 157 159 160 158 157 157 157 158 158 158 157 157
 157 158 160 161 161 160 160 160 161 159 156 154 154 153 152 152 151 151
 147  29]"
"[ 29  30 199 202 202 201 197 196 196 194 194 197 199 198 197 197 198 197
 196 195 195 195 195 195 195 195 195 195 195 194 194 193 196 195 195 196
 196 194 194 195 195 194 195 195 194 192 191 190 193 193 194 194 194 194
 194 194 193 194 194 194 194 194 195 195 196 195 195 195 194 194 193 193
 195 195 196 196 195 194 194 195 193 194 195 195 195 194 193 192 193 193
 195 174 134  86  64  67  79  89 100 115 123 130 133 141 130 100  67  65
  71  91  97  99  94  97 106 114 122 131 135 140 151 157 165 168 168 166
 165 163 163 163 162 161 159 156 152 148 143 137 135 134 131 131 132 129
 131 130 138 145 146 146 149 154 154 153 152 153 154 155 155 154 154 153
 153 154 156 157 158 159 159 159 159 160 160 159 158 158 158 159 159 158
 159 160 161 161 160 160 159 159 159 159 158 157 157 155 153 152 153 151
 153  29]"
"[ 29  29 197 199 199 198 196 195 195 195 195 197 198 198 197 198 197 197
 196 195 195 194 195 195 196 196 196 195 195 195 195 195 196 195 195 195
 195 194 194 195 197 196 195 194 193 191 189 189 194 193 193 194 195 196
 195 194 195 195 194 194 194 195 195 195 194 194 194 194 194 194 194 194
 196 196 196 195 194 194 194 195 194 194 195 196 195 195 194 193 191 192
 198 195 174 130  90  65  77  83  91 102 113 126 135 139 141 127  96  73
  66  78  86  82  84  90 101 110 116 124 130 137 144 147 154 164 169 168
 165 162 162 162 161 160 159 157 152 149 145 140 137 135 131 130 130 128
 130 128 133 145 147 147 149 154 154 153 153 153 154 154 154 153 154 154
 154 155 156 157 157 156 157 158 158 159 159 159 158 158 159 159 158 158
 159 160 160 160 159 158 158 159 159 159 158 157 157 156 153 152 153 151
 153  28]"
"[ 29  29 196 197 197 197 195 195 196 197 198 197 197 197 198 198 197 197
 196 195 195 195 195 195 196 196 195 195 195 195 195 195 196 195 195 195
 195 195 195 196 195 195 194 193 192 191 191 191 194 193 193 194 196 196
 195 194 195 194 193 193 193 193 194 194 193 193 194 194 194 194 194 194
 196 196 195 195 194 194 195 195 194 195 195 195 195 195 194 194 195 193
 192 195 194 170 132  88  73  73  82  94 107 119 132 136 139 141 123  92
  68  58  64  66  73  81  95 105 113 120 124 129 137 137 142 154 163 166
 163 162 162 162 161 160 160 158 155 152 148 142 138 135 131 130 130 127
 130 129 129 146 150 148 149 153 154 154 153 154 154 155 154 154 155 155
 155 157 158 158 157 155 157 158 159 160 160 160 159 159 160 160 159 159
 160 161 161 159 159 158 158 158 159 159 159 158 159 158 156 155 154 153
 155  29]"
"[ 30  29 196 196 196 197 195 196 197 199 199 197 196 197 198 197 197 197
 196 196 195 195 195 196 196 195 195 195 195 195 195 195 195 195 195 195
 195 194 194 194 194 194 194 193 192 193 193 194 194 193 192 193 194 193
 193 193 194 193 193 192 192 192 193 193 193 193 194 195 195 195 195 195
 195 195 195 195 195 195 195 196 194 195 195 195 195 195 194 194 193 195
 192 193 198 193 173 131  93  75  75  84  96 103 118 126 134 138 140 128
  98  67  58  72  73  77  89  99 108 116 118 122 128 131 135 141 150 159
 163 163 163 162 161 160 160 159 157 154 149 144 139 134 131 130 130 128
 130 130 127 146 151 148 149 152 154 153 154 154 155 156 155 155 155 155
 156 158 159 159 158 156 158 159 160 161 160 160 160 160 161 161 161 160
 161 161 161 159 160 159 158 158 159 160 159 158 160 159 158 157 156 156
 158  29]"
"[ 30  29 196 197 196 197 196 196 197 197 197 196 196 197 197 196 197 197
 196 196 195 195 195 196 196 196 196 196 196 196 195 195 195 195 195 195
 195 194 193 193 195 196 195 193 192 193 193 193 194 193 192 192 191 189
 190 192 194 194 193 193 193 193 193 192 194 194 195 195 195 195 195 195
 194 194 195 195 195 195 195 195 195 195 195 195 195 195 195 195 193 196
 195 194 196 195 194 171 134 100  82  83  95 102 113 117 121 121 135 147
 129  96  63  69  74  76  83  90  98 106 111 117 120 128 133 133 139 152
 162 164 163 162 161 160 159 158 156 154 151 147 140 134 132 131 130 130
 129 131 127 143 151 148 150 152 153 153 154 154 155 155 155 155 155 155
 156 157 159 159 158 157 158 159 161 161 160 159 159 160 160 162 162 161
 160 160 160 160 161 160 159 159 160 161 160 159 160 159 159 159 158 159
 160  29]"
"[ 30  28 195 197 196 197 195 196 195 195 195 195 196 197 197 196 196 196
 195 195 195 195 195 195 196 196 196 196 196 196 195 195 194 195 196 195
 194 194 193 191 194 195 195 194 193 193 194 194 194 193 192 192 190 188
 189 192 194 194 193 193 194 194 193 192 194 195 196 196 195 195 195 195
 194 194 195 195 196 195 194 194 195 195 195 195 195 195 195 195 196 194
 194 194 193 189 195 192 170 135  99  80  83  95 102 100 113 114 127 147
 147 131  86  67  64  68  78  83  89  97 103 111 114 125 131 130 133 145
 155 159 161 162 162 161 160 158 156 154 154 152 144 137 135 134 132 132
 130 132 130 139 150 150 152 154 153 153 154 154 154 154 154 154 155 155
 156 157 157 157 157 156 158 160 162 162 160 159 160 161 161 162 163 162
 161 161 161 162 161 160 160 160 161 161 161 161 161 160 161 162 161 163
 163  29]"
"[ 30  29 195 196 196 196 194 195 195 195 195 196 196 196 196 196 196 195
 195 195 194 194 195 195 196 196 196 195 195 195 195 194 194 195 195 195
 194 194 193 192 190 193 194 193 193 194 195 194 194 192 192 193 192 190
 190 192 193 192 192 192 192 193 192 192 193 195 196 196 195 195 195 195
 194 194 194 195 195 195 194 194 194 194 195 195 195 195 195 195 195 194
 197 197 198 192 193 193 196 178 140 100  78  82  90  94 103 112 121 136
 144 143 113  81  63  67  76  81  85  91  96 103 106 110 117 124 130 137
 145 150 156 159 162 162 161 159 157 156 155 154 147 140 138 137 133 132
 131 132 132 133 149 151 153 153 153 153 154 154 154 154 154 154 154 155
 157 157 157 156 156 155 159 161 163 163 161 160 161 162 162 163 163 162
 162 162 163 163 161 161 161 161 161 161 162 162 162 161 163 164 164 167
 166  29]"
"[ 30  29 196 197 196 196 194 194 196 196 197 198 197 195 195 197 196 196
 195 195 195 195 195 195 197 196 196 195 195 195 195 195 194 195 195 194
 194 194 194 192 189 192 194 193 192 193 193 192 192 191 191 193 194 191
 191 192 193 192 191 191 192 192 192 192 193 194 195 195 195 194 195 195
 194 194 193 194 195 195 195 194 193 194 194 194 195 195 194 194 194 195
 197 191 194 195 193 190 184 194 177 135  90  78  82  91  94 110 118 129
 136 138 132 105  77  75  77  79  83  89  93  99  94  92  99 114 126 132
 138 146 151 155 160 162 162 160 158 157 153 153 146 139 139 136 132 131
 131 131 132 127 146 151 152 150 153 153 154 155 155 155 155 155 154 156
 157 158 158 157 156 156 158 160 163 163 161 160 161 162 162 162 162 161
 162 163 163 163 162 162 162 161 160 160 161 162 163 161 164 165 165 168
 166  28]"
"[ 30  29 196 198 198 197 195 196 196 195 197 199 197 195 197 198 196 195
 195 195 195 196 196 196 195 195 195 195 195 196 195 194 195 195 195 194
 194 195 195 195 189 192 194 194 193 193 193 193 190 191 193 194 193 191
 190 188 192 192 192 192 193 193 191 189 194 194 194 194 195 195 195 194
 193 193 194 195 196 195 195 196 194 193 193 193 194 195 194 193 196 195
 194 194 195 194 192 189 186 192 196 173 132  90  75  83  90 103 114 122
 130 136 141 128  96  81  81  81  84  90  91  96  92  88 104 112 114 124
 132 141 146 152 157 160 162 161 160 160 158 155 153 143 137 137 133 132
 131 130 129 130 143 151 151 153 151 153 154 155 156 156 156 155 156 156
 157 158 157 155 156 159 160 161 162 162 161 161 161 162 162 162 162 162
 163 163 162 161 160 162 163 161 160 161 161 160 162 164 165 166 166 166
 166  29]"
"[ 29  28 196 198 198 198 196 197 196 195 197 198 196 195 196 197 196 195
 195 194 195 195 195 195 195 195 195 195 195 196 196 195 194 194 195 194
 194 194 194 193 191 193 195 195 194 193 193 192 192 192 193 194 194 193
 190 189 190 190 191 192 193 193 192 190 192 192 193 194 194 194 194 193
 193 193 194 194 195 194 194 195 193 194 194 194 194 194 194 194 194 194
 194 194 194 193 191 188 190 187 193 196 180 137  99  77  84  94 103 117
 126 130 132 130 124  97  89  86  81  86  89  88  89  82  83  91 101 114
 124 130 145 148 149 152 157 160 159 158 156 155 155 148 142 140 135 134
 130 131 131 132 141 148 149 151 152 154 155 156 156 156 156 155 155 155
 155 156 157 157 158 160 161 161 161 161 161 161 162 162 163 162 162 162
 162 162 161 160 159 160 160 159 159 161 162 163 163 164 164 165 164 164
 165  28]"
"[ 29  28 195 198 199 199 197 198 197 196 197 197 195 195 197 197 196 196
 195 195 195 195 195 194 195 195 196 195 195 195 195 195 193 194 195 194
 194 195 194 193 192 194 196 195 195 194 193 193 194 193 193 194 195 194
 192 190 189 189 189 191 192 193 192 191 190 191 192 193 194 193 193 193
 193 193 193 194 194 194 194 195 192 194 196 195 194 193 194 195 194 194
 195 195 194 194 192 190 194 190 188 192 195 175 139  96  83  89  99 113
 123 129 126 130 126 107  87  86  96  90  77  77  79  78  78  87  96 103
 115 122 136 143 147 148 152 156 157 158 158 157 157 152 146 141 135 134
 132 133 133 132 137 145 146 150 152 153 155 155 155 155 155 155 154 154
 154 154 155 158 159 159 161 160 159 159 161 162 162 161 163 163 162 162
 162 161 160 159 159 158 158 159 160 161 163 165 165 165 164 165 163 163
 164  28]"
"[ 29  29 196 198 199 200 198 198 198 197 197 197 195 195 198 198 197 197
 196 196 196 196 195 195 195 196 196 195 194 194 194 193 193 194 194 194
 194 195 195 195 193 194 195 195 194 194 194 194 194 194 194 194 195 194
 192 191 190 189 189 190 191 191 191 191 189 190 192 192 192 193 194 195
 193 192 192 193 194 194 195 195 192 194 196 196 194 194 194 195 195 195
 196 195 195 195 194 193 192 196 192 188 193 193 175 133  89  86  97 107
 117 126 125 126 127 119  88  79 104 106  83  69  77  76  78  82  89 101
 113 116 127 137 144 145 147 151 155 157 159 158 157 154 148 141 136 135
 136 135 133 131 133 143 146 151 151 152 153 154 155 155 155 154 153 154
 155 154 156 158 159 157 161 160 159 159 161 162 162 162 162 162 162 163
 163 162 162 161 160 159 159 161 162 163 164 166 166 166 165 165 163 163
 165  29]"
"[ 29  29 196 198 199 201 199 199 200 198 197 196 195 196 199 199 198 197
 196 196 196 196 195 195 195 196 197 196 195 195 194 194 193 193 193 193
 193 194 195 195 194 195 194 194 193 194 194 194 193 194 194 194 193 192
 192 192 191 190 189 190 190 190 190 190 189 190 191 191 191 192 194 196
 194 193 193 193 194 194 194 194 193 194 195 196 195 195 195 195 195 195
 195 194 194 194 194 194 194 195 193 193 197 197 193 168 122  91  93 101
 116 121 121 119 117 112  94  81  95 122 119  86  73  69  78  78  78  93
 105 109 121 130 136 138 142 148 151 153 157 157 157 155 150 142 139 137
 137 136 132 131 131 144 148 152 152 152 153 153 155 156 155 153 153 156
 158 157 158 159 159 157 160 160 161 160 161 161 163 164 162 162 162 162
 163 163 162 162 161 161 162 164 166 165 166 167 166 166 165 165 163 164
 165  30]"
"[ 29  30 197 198 198 200 199 199 200 198 198 197 195 197 199 199 197 196
 196 195 195 195 195 195 195 196 197 196 196 196 196 195 195 195 194 193
 193 194 195 195 195 195 194 193 193 193 193 192 193 194 194 194 192 192
 193 194 193 190 189 189 190 189 189 189 189 190 190 189 189 191 193 195
 195 195 195 195 195 194 194 194 194 193 194 195 196 196 196 195 195 195
 194 193 193 194 195 195 196 194 192 192 194 193 198 190 165 106  87  93
 118 121 120 115 110 105 104  93  87 109 126 118  94  71  72  77  79  85
  91 103 112 123 133 137 140 143 145 147 154 157 157 157 152 144 140 136
 137 135 132 132 131 145 149 151 152 152 152 153 154 155 154 152 154 156
 158 158 159 159 159 158 159 160 161 161 160 161 162 164 162 162 162 162
 163 163 162 162 162 163 164 166 167 167 167 167 165 165 164 165 163 164
 165  29]"
"[ 29  30 197 198 197 199 198 198 198 197 198 197 196 198 199 197 197 196
 195 194 195 195 195 195 195 196 196 196 196 196 196 195 195 196 195 194
 194 195 195 195 194 195 194 194 193 193 193 192 193 193 193 193 192 192
 193 194 193 190 188 189 189 188 188 189 189 190 190 190 190 190 191 192
 194 194 195 196 195 194 194 194 193 193 193 194 195 196 196 195 196 195
 194 193 193 194 195 195 193 195 196 193 195 194 197 196 183 136 101  87
 106 116 117 113 105 101 100  97  93  95 112 143 137 101  73  69  78  84
  86  97 102 113 123 128 131 132 134 138 146 152 154 155 152 145 143 138
 138 136 132 132 129 144 147 149 150 152 153 153 154 155 155 154 156 155
 156 157 158 158 158 158 159 160 161 161 161 161 162 164 162 162 162 163
 163 163 163 162 164 165 166 166 166 166 167 166 164 165 165 165 164 164
 165  29]"
"[ 28  31 197 198 197 198 197 197 197 196 197 197 196 198 198 196 197 196
 195 194 195 195 196 196 195 195 195 195 195 196 195 193 194 195 194 194
 194 195 195 194 193 194 194 194 194 194 193 192 192 192 191 190 191 191
 192 192 192 189 187 188 189 188 189 190 190 191 191 192 191 191 190 190
 191 191 193 194 194 194 193 194 193 192 192 193 195 196 196 195 195 195
 194 193 193 194 194 194 195 193 195 193 196 194 193 195 192 178 139  94
  89 101 108 108 102  99  96  98 105  93  88 121 148 137  99  69  70  79
  84  89  98 102 105 109 115 121 125 128 136 144 148 151 150 147 148 143
 142 139 133 131 126 142 146 148 149 151 154 155 155 156 157 158 159 156
 155 156 158 158 158 159 161 162 163 163 163 163 164 165 163 163 163 164
 164 165 164 164 165 167 167 165 164 165 165 165 165 165 165 167 165 165
 165  29]"
"[ 29  29 198 198 197 200 199 197 197 197 197 197 197 197 196 196 195 195
 194 194 194 195 195 196 195 195 195 195 194 193 194 196 195 195 196 196
 193 190 190 192 190 191 194 195 194 192 192 193 193 191 190 190 190 190
 191 192 192 190 187 187 190 191 190 189 189 188 189 192 192 189 188 190
 189 190 192 193 194 193 193 192 193 192 193 193 194 194 194 194 194 195
 195 195 194 195 195 195 195 196 195 194 193 193 193 192 193 187 171 137
 101  91  98 100  99 104  99 101 104 103  90  86 122 147 130  87  61  72
  74  83  90  84  86  93 104 116 121 126 129 133 140 146 150 150 148 145
 142 141 134 128 131 139 146 151 148 151 154 155 155 155 156 157 157 156
 155 155 157 158 159 159 160 160 161 162 162 162 162 162 162 161 160 161
 163 165 166 166 166 166 166 165 164 165 165 165 166 166 165 166 165 165
 165  29]"
"[ 29  30 199 200 199 201 200 198 198 198 197 197 197 196 196 195 195 195
 195 195 195 195 195 196 195 195 195 196 195 195 196 197 196 196 196 196
 193 190 190 191 191 192 193 194 194 193 192 192 192 191 190 190 190 189
 190 190 193 191 190 189 190 190 189 188 186 186 187 189 189 187 187 189
 189 190 191 192 192 192 193 193 193 192 191 191 192 192 193 194 194 195
 195 194 194 194 195 195 195 195 195 194 193 193 193 193 195 194 189 170
 132  97  91 101 104 102  98 104 103 113 107  87  89 113 133 103  61  66
  72  69  73  73  74  82  98 110 113 120 123 125 129 135 144 148 149 151
 146 140 132 130 133 139 144 146 148 150 153 155 155 155 156 157 155 155
 155 156 157 158 159 159 160 160 161 163 163 163 163 164 162 161 161 162
 164 166 166 166 166 167 167 166 165 166 166 166 166 166 165 166 165 165
 166  29]"
"[ 29  30 199 201 199 201 200 198 199 198 197 197 197 197 197 196 195 195
 195 195 195 195 195 196 195 194 195 195 195 195 196 197 195 195 195 195
 194 193 192 193 191 190 190 192 194 194 193 193 192 191 191 191 190 189
 189 189 191 191 191 190 189 188 187 187 187 188 188 188 187 187 187 188
 188 189 189 190 190 190 191 192 193 190 188 188 189 190 191 193 193 194
 195 194 194 194 194 194 195 195 195 194 194 194 194 194 193 193 195 197
 179 138 104  94 103 105 103 102  92 114 121  99  78  67  87  78  50  53
  65  68  68  70  68  71  89 100 104 115 118 121 124 131 140 144 146 152
 147 141 137 137 136 138 144 148 148 150 153 154 154 155 156 157 154 155
 156 157 158 159 159 160 159 160 162 163 163 163 163 164 163 163 163 164
 165 166 166 165 166 167 167 166 165 165 166 166 165 165 165 165 165 165
 165  29]"
"[ 29  29 198 200 198 200 199 198 198 197 197 197 197 197 197 196 195 195
 195 195 195 195 195 195 195 195 194 195 195 195 195 196 195 195 195 195
 195 194 194 193 190 189 188 190 192 193 192 192 193 192 192 191 190 189
 189 189 190 190 190 189 188 187 188 188 190 192 192 190 188 189 189 188
 188 188 189 189 188 189 190 191 192 190 187 187 187 188 190 192 192 194
 194 194 194 194 194 194 194 195 195 195 195 195 195 195 196 193 190 193
 197 182 145 111  96 105 102  91  81 111 123 114  90  63  52  46  50  60
  64  65  69  70  68  68  80  89  94 105 112 116 118 126 135 140 141 147
 143 139 138 138 135 136 143 148 149 151 153 154 154 154 155 155 155 156
 158 158 158 158 159 160 160 161 163 163 163 161 161 162 163 164 165 166
 166 166 166 165 166 166 166 165 165 165 166 166 165 165 165 166 165 166
 165  29]"
"[ 29  28 197 198 197 198 198 197 196 196 196 196 197 196 195 194 195 195
 195 195 195 195 195 195 196 195 195 195 196 195 195 196 196 196 195 195
 194 193 192 190 190 189 189 189 190 190 190 190 193 192 191 191 189 188
 189 190 191 190 189 189 189 189 189 189 191 193 193 191 190 190 190 189
 188 189 189 189 189 189 190 190 192 190 189 188 188 189 190 192 192 194
 195 194 194 194 194 193 193 195 196 196 196 196 195 195 195 196 195 191
 193 197 180 150 112 102  92  79  78 111 121 123 118  92  60  57  66  61
  57  67  67  67  71  72  75  81  87  96 105 109 109 118 126 136 136 139
 142 140 138 137 135 136 142 147 150 152 153 155 155 155 155 155 155 156
 157 157 156 156 158 160 162 163 164 164 163 161 161 162 164 165 166 166
 166 166 166 166 166 167 167 166 165 165 166 166 165 166 166 168 167 167
 166  29]"
"[ 29  29 197 198 195 196 197 198 197 197 197 197 197 196 195 194 195 195
 195 195 196 196 196 195 195 195 195 195 195 194 195 196 194 194 194 194
 193 193 192 190 189 188 188 189 189 189 190 190 191 191 190 190 188 188
 188 190 191 190 189 188 188 189 189 189 189 191 191 190 189 190 190 189
 189 189 189 189 189 189 189 189 190 190 190 190 190 189 190 192 193 194
 194 194 193 193 193 193 193 195 196 196 196 196 196 195 195 195 198 197
 191 195 194 182 154 121  94  75  75 103 118 126 130 131 101  75  67  66
  64  61  67  65  69  70  68  70  79  89 101 108 111 115 115 127 129 131
 140 144 144 140 135 133 139 149 151 152 154 156 156 156 156 156 156 157
 158 157 156 157 159 162 162 162 163 163 163 162 162 163 165 165 166 166
 166 166 166 166 166 166 166 165 164 165 165 165 165 166 167 168 168 167
 166  29]"
"[ 29  29 197 198 195 196 196 198 197 197 198 198 197 196 195 195 194 195
 195 196 196 196 196 196 195 195 195 195 194 193 193 194 192 193 194 194
 194 194 194 193 189 188 188 189 190 190 190 191 189 189 189 189 188 187
 188 190 190 189 189 188 188 189 189 188 188 188 188 188 189 190 191 190
 189 189 188 188 189 189 188 188 189 190 191 191 190 189 190 191 194 194
 193 192 192 192 193 194 194 195 196 195 195 195 196 196 199 194 193 194
 192 193 196 197 187 160 114  77  75  89 108 120 130 138 125  95  81  72
  70  65  66  64  64  63  60  59  66  82  97 104 104 103  98 117 126 127
 132 142 145 141 134 126 132 150 150 152 154 156 156 156 155 155 158 159
 159 159 158 158 160 162 161 161 161 162 162 163 164 165 165 165 164 164
 165 165 166 166 166 166 166 165 164 164 164 164 165 166 166 167 166 166
 166  29]"
"[ 29  28 196 198 195 195 196 197 195 196 197 196 195 194 195 196 194 195
 195 196 196 196 196 196 196 196 196 195 194 192 193 194 193 195 196 195
 194 195 194 193 192 191 190 190 191 190 189 188 188 189 189 190 189 188
 189 190 189 189 189 190 189 189 189 190 190 188 187 188 189 191 192 192
 191 189 188 188 189 189 189 188 188 190 192 193 191 189 190 192 195 194
 193 191 190 192 193 194 195 196 195 195 194 195 196 196 193 195 195 196
 197 194 191 194 194 190 133  80  81  83  97 107 123 135 131  96  87  81
  76  68  66  67  65  64  65  60  62  80  93  91  82  79  80 112 129 127
 130 140 143 142 138 127 131 151 150 152 154 155 156 155 154 153 159 160
 160 159 158 158 159 161 161 161 161 162 163 164 166 167 165 164 163 163
 164 165 165 166 167 167 167 165 164 164 164 164 166 166 166 167 166 166
 166  30]"
"[ 29  30 197 197 196 198 198 197 196 197 198 198 196 195 195 196 196 196
 195 195 195 195 195 195 195 196 196 195 194 193 193 193 192 193 194 195
 195 195 194 193 191 190 190 189 189 190 189 188 188 188 188 188 188 188
 188 189 188 188 189 191 191 190 190 191 189 188 187 189 191 192 192 192
 190 190 189 189 189 189 188 187 188 189 192 193 192 190 190 191 194 191
 189 191 192 192 192 194 191 195 197 196 195 196 196 196 197 195 196 195
 195 194 195 199 195 184 136  87  80  84  86 101 111 126 122  95  91  83
  78  72  73  74  69  65  64  62  66  77  80  70  66  67  89 119 126 125
 125 130 137 141 140 135 138 146 148 151 153 154 156 156 156 157 160 160
 160 159 159 159 160 161 162 163 163 163 164 166 166 166 165 164 164 165
 165 165 166 168 167 165 165 164 164 163 164 165 165 166 166 167 167 167
 167  29]"
"[ 29  29 197 197 196 198 198 197 197 197 197 197 196 195 195 196 196 196
 195 195 195 195 195 195 196 196 195 194 193 193 193 193 194 194 195 195
 195 195 194 193 192 192 191 189 189 190 190 190 188 188 189 188 188 188
 190 191 189 189 190 192 192 192 192 192 190 189 188 189 190 190 190 190
 190 190 190 190 189 188 188 188 189 190 192 194 193 191 190 191 191 190
 190 192 192 192 193 195 191 194 196 195 194 195 195 195 194 192 194 194
 194 197 203 192 177 136  90  71  76  78  77  88 101 108 106  93  91  82
  78  77  81  82  78  78  81  77  73  78  71  57  56  69  98 123 124 123
 124 132 140 143 141 135 135 140 147 151 153 155 158 158 158 160 159 159
 159 158 157 157 159 160 161 163 164 165 165 165 165 164 165 164 164 165
 165 164 164 165 165 165 164 164 164 164 164 165 167 167 167 168 167 167
 166  29]"
"[ 29  28 197 198 197 197 198 198 198 197 197 197 196 195 195 196 196 195
 195 194 194 195 196 196 195 195 195 194 193 193 193 194 194 194 194 194
 194 194 193 192 193 193 192 190 189 190 190 190 188 189 189 189 188 189
 190 192 190 190 190 192 192 192 192 192 188 188 189 190 191 190 190 190
 189 190 191 191 189 188 188 188 189 189 191 192 191 190 190 191 189 189
 191 192 192 191 193 196 193 195 196 195 195 195 195 194 195 195 197 196
 196 202 194 153 104  74  61  66  69  68  67  70  84  91  96  93  88  80
  79  82  82  84  85  89  93  89  83  83  84  72  71  80  99 115 117 120
 122 130 137 141 141 138 137 141 148 152 154 156 159 160 161 162 162 162
 160 159 157 158 159 161 162 163 164 165 165 165 165 164 165 164 165 165
 165 164 163 163 164 164 164 165 165 165 165 166 167 169 168 168 167 167
 166  29]"
"[ 30  28 197 198 197 197 197 198 199 198 197 196 196 195 194 194 195 195
 195 195 195 195 196 196 195 194 194 193 193 194 194 195 194 193 193 193
 194 193 192 191 193 193 193 191 189 189 189 189 188 189 190 189 188 188
 190 191 189 189 189 190 190 190 190 189 189 189 190 191 191 190 190 190
 188 189 191 190 189 188 188 189 187 187 188 188 188 188 189 190 189 190
 191 192 191 190 192 194 195 195 196 195 195 196 195 194 193 195 196 195
 197 200 159  99  74  58  55  57  56  62  68  68  72  82  90  90  83  81
  81  82  83  87  91  96  99  96  93  94  95  92  92  90  97 108 113 115
 118 123 129 135 138 137 136 138 148 153 156 157 159 160 160 162 162 160
 158 156 156 157 159 160 164 164 164 163 163 164 165 165 163 163 163 164
 165 165 165 164 164 164 165 166 166 166 166 166 167 168 168 168 167 167
 166  29]"
"[ 30  28 197 199 197 197 196 197 197 196 196 196 196 196 194 194 194 194
 195 195 195 195 195 195 194 193 193 193 193 194 195 195 195 194 193 193
 194 194 193 193 193 194 193 192 190 189 188 187 188 189 190 190 190 189
 190 190 189 189 188 188 189 189 189 188 191 191 192 192 191 189 188 188
 188 189 189 189 189 189 189 188 187 187 187 187 187 189 190 192 192 192
 192 192 192 192 193 194 195 195 195 195 195 195 195 194 195 194 194 195
 200 191 123  71  66  61  62  62  60  62  62  64  69  74  80  81  79  82
  83  79  83  87  92  96  98  96  95  97  95  97  97  94  97 105 106 104
 104 107 112 121 130 133 134 137 147 152 156 156 158 159 159 160 161 159
 156 156 157 160 161 162 165 165 163 162 162 163 164 164 162 162 162 163
 164 165 166 165 166 165 166 167 167 166 166 166 166 167 167 168 167 167
 167  29]"
"[ 30  29 198 198 196 196 196 196 194 194 194 195 196 195 195 194 193 194
 194 195 195 195 194 194 193 193 192 193 193 194 195 195 195 194 193 193
 193 193 193 193 192 193 193 191 190 189 188 187 187 188 189 190 190 190
 190 190 189 189 188 188 189 190 190 189 190 190 191 191 190 188 188 188
 189 188 188 188 189 189 189 188 188 189 189 188 189 190 193 194 194 193
 193 192 193 194 195 195 196 195 195 195 195 195 195 195 197 193 194 199
 202 172  93  64  63  65  65  59  58  60  59  63  64  64  69  72  73  75
  79  80  80  82  87  92  95  95  95  94  97  96  96  96  97  98  98  97
  95  95  96 103 115 125 132 137 143 150 155 156 157 158 159 160 161 159
 158 159 161 164 165 165 164 164 163 162 161 162 161 161 162 162 163 163
 164 166 167 166 167 166 166 167 167 166 166 167 165 166 166 167 167 168
 167  29]"
"[ 29  29 198 198 196 197 196 195 193 193 193 194 194 194 194 194 193 193
 194 194 194 194 193 193 193 193 192 193 193 194 194 194 194 193 192 191
 191 191 191 191 191 191 191 190 189 189 188 187 187 187 188 189 190 190
 189 189 189 189 188 187 189 190 190 189 187 187 188 189 189 189 189 190
 190 189 188 188 188 188 188 187 188 190 190 189 189 191 192 193 193 194
 194 193 194 195 195 195 196 195 195 196 196 195 195 196 194 191 194 196
 199 153  79  64  69  68  65  60  64  67  59  53  56  58  65  65  68  65
  71  76  74  77  83  88  91  93  94  93  96  95  94  96  95  94  95  97
  96  97  95  95 106 120 129 133 139 147 153 155 157 159 159 160 159 159
 160 162 163 163 163 162 162 163 163 162 162 162 161 161 162 164 165 165
 165 167 167 167 167 166 166 166 166 166 166 167 166 166 165 167 167 169
 168  29]"
"[ 29  29 198 197 195 197 196 195 193 193 193 193 193 192 192 193 193 193
 193 193 193 193 192 192 193 193 193 193 193 194 193 193 193 193 192 190
 189 189 189 189 189 189 188 188 188 188 188 187 187 187 187 187 188 188
 187 187 189 188 187 186 187 189 189 187 188 188 188 189 189 189 189 189
 190 189 188 187 187 187 187 187 186 189 190 189 188 189 190 190 192 194
 194 194 193 194 194 194 195 195 195 195 195 194 195 196 195 193 195 190
 197 148  87  74  71  66  64  64  66  65  59  58  53  56  62  60  67  63
  66  65  68  71  79  83  83  85  88  89  93  94  93  93  93  92  92  89
  90  97  98  98 109 125 134 134 137 146 153 155 157 159 160 160 161 163
 165 167 166 164 162 161 162 162 162 161 162 162 163 163 161 164 165 165
 165 166 167 166 166 166 165 166 166 166 166 167 166 166 165 167 168 169
 168  29]"
"[ 29  29 196 196 193 197 193 195 192 194 195 192 189 189 191 194 193 192
 192 192 193 194 193 193 194 194 194 194 194 194 192 189 192 191 189 189
 189 189 189 189 189 188 188 188 188 187 187 188 187 187 186 186 186 187
 187 187 187 188 188 187 188 189 190 190 188 189 189 188 187 187 188 189
 190 191 191 189 187 187 188 189 186 187 189 190 191 191 192 192 193 192
 192 194 194 193 193 194 194 194 194 195 195 195 194 195 195 195 192 195
 195 163  89  72  71  72  65  69  71  67  66  65  64  60  61  60  61  61
  59  61  64  64  69  76  77  78  80  82  86  88  87  87  89  88  86  86
  89  91  97 103 107 120 134 137 138 146 152 154 156 160 162 163 164 165
 166 164 164 164 163 162 162 162 164 164 162 161 161 164 165 165 166 166
 166 166 167 167 168 168 168 167 166 167 167 167 168 169 168 167 166 168
 168  30]"
"[ 29  28 190 190 188 192 191 192 190 193 194 192 188 186 186 187 187 187
 189 191 191 190 190 190 192 193 195 195 194 193 190 188 190 190 190 190
 190 189 188 188 185 186 187 188 188 187 185 184 186 186 186 187 187 187
 187 187 186 187 186 186 186 187 187 187 186 188 188 187 186 186 188 189
 190 190 190 188 187 188 189 190 188 189 191 191 190 190 190 191 191 192
 192 190 190 192 192 191 193 193 194 195 194 193 191 191 193 198 194 195
 194 179 123  86  81  80  75  73  72  70  69  66  70  68  68  63  56  51
  46  47  55  55  58  61  64  67  71  71  75  78  79  80  82  81  80  81
  83  85  93  99 106 115 135 139 136 142 150 155 157 160 163 163 163 164
 164 163 163 163 163 162 162 162 163 164 164 162 163 165 165 165 165 166
 166 167 167 167 168 168 167 167 167 167 166 166 166 167 167 167 166 167
 167  30]"
"[ 30  28 181 180 179 180 182 181 179 181 181 180 178 178 179 180 180 179
 181 183 183 182 182 184 183 185 187 187 185 183 182 181 182 182 183 183
 182 182 181 180 184 186 187 187 186 186 185 182 180 180 181 182 183 183
 183 182 185 185 185 185 184 185 185 184 183 184 186 188 187 185 187 189
 187 187 186 186 187 187 187 186 190 191 192 191 189 189 190 192 189 192
 192 187 187 191 192 188 188 189 191 194 194 192 191 190 190 197 193 194
 188 189 161 114  85  79  80  80  75  73  72  71  72  73  76  72  65  57
  47  43  43  47  52  53  53  58  65  67  68  72  74  75  76  76  75  77
  80  82  89  96 107 115 141 144 138 138 149 159 159 162 166 164 162 162
 163 162 163 164 164 164 162 162 163 164 165 164 165 166 165 164 164 165
 166 167 167 167 168 168 168 167 167 167 166 165 166 166 166 166 166 167
 167  29]"
"[ 30  29 175 174 174 173 177 173 173 174 175 174 175 176 177 178 178 176
 175 177 176 175 177 180 177 178 178 177 175 174 174 174 176 175 175 175
 175 175 175 175 176 178 177 174 173 175 175 173 174 174 175 176 177 178
 177 176 174 175 175 174 174 175 174 174 173 173 176 178 177 174 173 175
 176 177 178 179 179 178 176 174 175 176 176 176 175 175 177 178 183 186
 186 182 182 186 186 183 179 181 184 187 188 187 186 186 186 188 187 190
 182 188 182 151 112  89  84  83  81  74  70  72  71  72  76  77  77  74
  62  54  38  39  40  39  38  45  56  63  66  70  72  72  72  72  73  75
  77  81  87  97 105 112 144 151 143 138 148 162 161 163 167 164 161 162
 162 163 163 164 164 164 163 162 162 164 165 165 166 167 165 165 165 165
 166 167 167 167 166 167 167 167 166 166 166 165 166 166 165 166 165 166
 166  29]"
"[ 29  29 174 175 177 176 179 175 174 176 178 180 180 179 177 175 180 177
 175 176 176 176 177 179 178 178 178 176 176 175 175 174 176 175 174 175
 177 177 176 175 178 179 177 174 173 175 175 174 174 174 174 175 176 176
 175 175 174 175 175 175 175 175 175 175 177 176 176 177 176 172 171 172
 174 175 176 175 175 174 172 170 174 173 173 173 174 175 175 176 173 174
 174 172 172 174 174 173 169 171 173 175 175 174 174 174 174 172 173 177
 171 176 179 170 148 112  89  78  80  75  71  73  73  72  73  73  77  79
  73  68  52  40  29  24  25  33  45  53  62  66  67  67  68  69  70  73
  71  78  84  96 100 110 143 155 149 141 147 160 161 163 165 162 161 161
 162 163 164 164 163 163 164 162 161 163 164 164 165 166 166 166 165 165
 166 166 166 166 164 166 166 165 164 165 166 166 167 166 164 164 164 165
 165  29]"
"[ 28  30 175 177 180 178 180 178 177 178 179 180 180 180 178 176 179 178
 177 177 178 178 178 178 179 179 179 178 178 178 176 174 176 176 176 178
 180 179 177 175 178 179 178 176 175 176 175 174 175 175 175 175 175 175
 175 175 173 174 174 174 175 175 176 175 178 176 175 175 175 174 174 176
 179 179 178 176 176 175 175 174 176 175 174 174 175 176 176 175 177 176
 176 176 176 175 175 176 174 175 176 177 177 176 177 178 176 175 175 174
 174 177 176 176 168 142 108  77  76  74  73  72  73  72  73  72  74  76
  75  75  68  55  40  31  25  27  34  40  52  57  61  64  67  68  69  71
  71  75  79  94 102 118 146 154 153 147 149 156 161 162 162 161 162 162
 163 165 165 164 164 164 165 163 161 162 163 164 164 165 166 166 166 165
 165 165 165 165 165 166 166 165 164 165 166 167 167 165 163 164 162 163
 164  29]"
"[ 28  30 178 177 179 178 178 177 180 180 179 178 178 180 181 180 178 178
 177 176 176 177 178 177 178 178 178 178 177 177 176 174 175 176 177 179
 179 178 176 174 178 178 179 179 179 177 176 175 174 175 175 175 174 174
 175 175 174 175 175 174 175 176 176 176 176 177 177 177 176 176 178 179
 178 177 176 175 175 176 175 174 175 174 174 174 174 175 175 175 177 176
 176 176 176 175 175 176 174 174 175 175 175 176 177 179 178 179 177 175
 176 175 174 173 179 169 128  80  75  71  71  69  69  68  71  71  70  72
  72  75  73  66  58  46  33  26  26  28  39  46  54  62  68  71  70  70
  70  71  79  91 106 125 148 153 155 155 152 154 162 163 160 162 162 162
 163 165 165 164 164 165 165 163 162 163 164 163 163 164 166 166 166 165
 164 164 164 165 166 165 165 164 164 165 165 166 165 164 162 163 161 161
 163  29]"
"[ 28  30 180 178 180 179 177 179 179 179 178 178 178 179 179 178 179 180
 179 175 174 176 179 179 180 180 179 177 177 177 177 177 178 179 180 180
 179 178 177 177 177 177 178 179 179 177 176 176 173 175 176 176 175 174
 175 176 175 175 175 175 175 176 177 177 174 178 180 179 176 175 175 175
 177 176 175 176 178 179 176 173 174 175 176 176 176 176 177 178 179 179
 177 176 175 175 176 176 175 175 176 176 175 175 177 178 177 180 176 176
 177 173 175 174 179 174 125  72  72  70  71  68  67  64  64  64  64  66
  68  73  75  72  65  53  39  30  26  22  28  38  49  60  69  72  69  67
  63  66  82  89 104 121 146 153 155 159 154 153 162 163 159 164 162 161
 162 164 164 163 164 165 164 163 162 164 164 164 163 164 165 165 166 165
 163 163 164 165 165 164 162 162 163 164 163 162 163 162 161 162 160 160
 162  28]"
"[ 29  29 179 178 179 178 179 179 179 179 178 178 178 178 178 178 177 178
 178 177 176 176 177 178 178 178 178 178 178 178 178 178 176 177 179 179
 178 178 178 178 177 176 176 179 179 176 175 175 175 176 176 175 175 177
 178 178 179 177 176 177 178 178 177 177 176 177 178 179 179 178 177 175
 177 176 175 176 178 178 176 174 175 176 178 178 178 178 179 180 177 178
 179 179 178 177 177 177 176 177 178 177 175 175 176 178 177 181 179 176
 177 176 174 175 182 158  94  71  75  80  80  78  70  66  63  58  59  63
  64  71  70  74  67  53  46  41  33  27  28  33  45  55  65  69  67  65
  66  65  75  89 102 124 145 152 158 158 156 155 158 160 161 162 163 164
 164 164 164 164 164 163 161 161 162 165 164 162 161 163 164 164 164 163
 162 161 161 161 161 162 162 161 161 161 162 163 162 162 161 161 161 159
 159  30]"
"[ 29  29 178 178 179 179 179 180 176 177 177 178 178 178 178 178 178 178
 178 178 178 178 178 179 179 178 178 178 178 178 178 178 174 176 177 178
 177 177 178 178 178 178 179 180 178 175 174 175 177 178 178 178 178 178
 178 178 178 178 178 178 178 178 177 178 178 178 179 179 178 177 176 176
 176 177 178 178 177 176 177 178 175 177 178 179 179 178 179 179 178 178
 179 179 179 178 177 176 176 177 178 178 177 176 177 178 177 179 178 176
 177 176 176 179 174 129  81  71  75  80  85  88  83  75  67  58  57  58
  58  64  68  68  62  54  48  45  43  43  38  37  45  57  65  65  63  65
  65  68  77  89 101 116 136 151 156 158 157 155 156 158 160 162 163 164
 163 163 163 164 164 163 163 162 162 164 165 163 163 163 164 164 163 162
 162 161 161 162 162 162 161 160 160 161 161 162 161 161 160 159 160 160
 159  29]"
"[ 29  29 178 178 180 180 180 179 175 176 177 178 179 179 178 178 179 178
 178 178 178 179 178 178 179 179 179 179 178 178 178 177 175 176 178 178
 178 178 178 179 179 179 179 180 178 175 175 176 179 179 179 179 179 179
 178 176 177 178 179 179 178 177 178 179 179 180 180 179 178 176 177 178
 176 178 179 179 177 177 179 181 176 177 179 179 179 179 179 179 179 179
 179 179 180 179 177 176 176 178 179 180 179 178 178 178 178 179 177 176
 176 174 175 179 159  99  74  71  68  70  79  86  95  99  93  73  60  57
  55  55  63  61  58  55  53  52  51  47  46  43  47  59  65  66  67  69
  65  70  76  88 103 113 127 145 154 158 159 156 155 155 158 162 163 163
 162 162 163 164 164 164 163 162 161 162 163 164 163 162 162 162 162 161
 161 161 161 161 162 161 159 158 158 159 159 159 161 160 159 158 159 160
 159  28]"
"[ 29  29 179 179 180 180 179 179 176 176 177 178 179 179 178 178 178 178
 178 178 178 178 178 178 178 178 179 179 178 178 178 177 178 179 180 180
 179 179 178 179 178 178 178 178 177 176 176 178 179 178 177 178 179 179
 177 176 177 178 179 180 179 177 178 179 178 179 180 179 178 177 178 180
 179 178 178 178 179 180 180 179 177 178 179 180 179 179 179 179 179 179
 179 179 179 178 177 176 177 178 180 180 179 179 178 178 178 178 176 175
 174 174 174 176 145  88  83  76  68  71  79  86  93  98 102  95  79  61
  54  59  61  57  55  53  52  56  58  53  50  49  50  61  65  71  73  72
  68  71  76  86 100 109 122 138 152 159 162 159 155 154 157 161 162 162
 161 161 163 164 164 163 163 162 161 160 161 163 163 161 160 160 160 160
 161 161 160 160 160 159 158 158 158 158 157 157 159 160 159 157 157 159
 159  29]"
"[ 29  29 180 179 180 179 178 179 177 177 177 178 178 178 177 177 177 178
 178 178 177 177 178 178 177 177 178 178 178 178 178 178 179 179 180 179
 179 178 178 178 179 178 177 177 177 177 178 179 178 176 176 177 178 177
 177 176 178 178 178 179 179 178 178 178 177 179 180 179 178 178 179 180
 180 178 177 178 180 181 180 178 179 179 179 179 179 179 180 180 179 179
 179 179 178 178 178 178 178 178 179 179 179 178 178 178 177 177 176 173
 173 176 175 172 133  88  90  77  71  71  73  79  86  92  98 102  96  79
  66  63  56  52  52  53  54  57  60  57  52  50  50  64  66  71  74  72
  72  73  78  84  91 103 121 134 151 160 165 162 157 154 154 158 160 161
 161 161 163 164 163 162 162 162 161 160 160 161 162 161 159 159 159 160
 160 160 159 159 158 158 158 159 159 158 156 155 156 158 157 155 155 155
 157  29]"
"[ 29  29 179 178 179 178 178 178 177 177 176 176 176 176 177 177 176 178
 179 179 178 178 179 180 176 177 177 178 178 178 178 178 178 178 179 179
 179 178 178 178 179 179 178 177 178 179 179 179 178 176 176 177 177 176
 177 178 178 177 177 178 179 178 178 178 178 179 179 179 178 178 178 178
 177 178 179 179 179 179 179 179 180 179 179 179 179 179 180 180 179 179
 180 179 178 178 179 180 179 179 179 179 179 179 179 179 179 179 177 174
 173 176 175 167 131  93  92  79  77  75  69  74  81  92  96  97  99  96
  86  74  65  54  47  49  53  54  54  53  50  44  45  67  69  70  73  73
  70  71  76  85  93 105 120 129 149 159 165 165 160 155 153 154 158 159
 160 161 162 163 162 161 161 161 160 160 159 159 159 159 158 159 159 159
 159 159 158 158 156 157 158 158 158 157 155 154 154 155 155 154 153 152
 155  29]"
"[ 29  29 177 177 179 179 178 178 177 177 176 176 176 176 176 176 178 179
 179 179 179 178 178 178 176 177 178 178 179 179 178 178 178 178 178 178
 179 179 178 178 178 179 179 179 179 179 179 179 179 178 178 178 177 175
 176 178 178 177 177 178 178 178 178 178 179 178 178 178 178 178 177 177
 175 177 179 179 179 178 179 179 179 179 179 179 179 179 179 180 179 179
 179 179 178 178 178 178 178 178 178 179 180 180 180 180 181 179 177 175
 173 175 173 167 129  96  88  77  77  75  70  73  77  81  83  90  93  89
  90  90  90  78  60  48  48  50  49  47  44  39  41  67  69  70  73  72
  69  70  74  84  96 104 113 125 144 154 162 164 162 158 154 153 156 158
 159 160 161 162 161 160 160 159 159 160 159 157 157 158 158 158 158 157
 157 157 157 157 157 157 157 157 156 155 154 153 154 153 153 153 152 151
 153  29]"
"[ 30  28 176 176 179 180 179 178 178 178 177 177 176 176 176 176 180 179
 179 179 179 178 177 176 177 177 178 179 179 179 179 178 177 177 178 178
 178 178 178 178 175 178 180 179 179 179 179 179 179 179 179 179 176 174
 174 177 178 178 178 178 178 177 178 179 179 178 176 176 178 178 177 176
 176 176 177 178 179 180 179 179 179 179 179 179 179 179 179 179 179 179
 178 178 178 178 176 175 176 176 176 177 179 180 180 179 178 175 175 175
 173 174 175 171 138 110  96  83  79  78  75  74  75  80  79  82  83  81
  85  87  98 103  91  68  56  53  46  39  40  39  41  65  66  70  72  67
  71  75  74  79  91  94 103 125 140 150 159 163 163 160 156 154 156 157
 159 160 160 161 160 159 160 158 158 160 160 158 156 157 158 157 157 155
 154 154 155 156 158 158 157 156 155 154 154 154 155 152 151 153 153 151
 153  29]"
"[ 30  29 179 178 178 178 179 178 178 178 177 175 174 174 175 176 178 178
 179 179 179 179 179 178 176 177 178 180 180 178 178 178 183 179 176 176
 178 178 178 177 175 177 178 179 179 179 179 179 179 179 177 176 175 175
 175 175 179 179 180 180 179 178 178 178 180 179 178 177 178 179 178 177
 176 176 177 177 178 179 179 178 177 178 180 181 179 179 180 179 178 178
 178 178 179 178 177 177 176 176 176 177 178 179 179 180 176 175 174 173
 172 172 172 173 152 114  93  88  80  74  73  76  73  76  79  77  75  76
  79  87  96 100  96  90  69  59  51  39  39  38  44  63  64  64  71  69
  68  72  75  81  86  91 103 120 136 146 157 162 163 162 160 157 154 155
 156 158 160 160 158 156 157 157 157 157 157 156 155 155 155 156 155 155
 154 154 154 155 157 158 157 155 154 154 154 154 153 155 153 152 150 149
 147  29]"
"[ 29  29 179 178 179 179 180 178 179 179 177 176 175 175 176 176 177 177
 178 178 178 178 178 178 176 177 179 180 180 179 178 178 179 177 175 175
 177 177 178 178 175 176 178 179 179 179 179 179 178 178 177 176 176 176
 176 176 178 179 180 180 179 179 178 178 180 179 178 178 178 178 178 177
 177 178 178 178 178 178 178 178 177 177 179 179 177 177 178 177 178 177
 177 179 179 177 176 176 175 175 176 177 178 179 179 179 176 176 175 174
 173 173 172 172 161 112  87  86  80  78  77  72  73  70  69  67  66  66
  72  86  95  99  97  95  85  76  64  47  39  38  44  57  64  67  69  68
  70  69  71  79  88  93 105 121 136 145 155 160 161 161 160 159 155 154
 154 157 159 160 158 156 155 155 155 156 156 155 154 154 155 155 155 154
 154 154 154 154 155 156 155 154 153 153 154 153 153 154 151 150 147 147
 147  29]"
"[ 29  29 180 179 179 179 180 178 179 179 178 177 176 177 177 178 177 177
 177 177 178 178 178 178 175 176 178 180 180 178 177 177 177 176 176 176
 177 177 178 179 177 177 178 179 179 179 179 180 178 178 178 178 178 178
 178 178 178 179 180 180 179 179 179 179 178 179 179 178 178 178 178 177
 178 178 179 178 178 178 178 178 177 176 177 177 176 176 176 175 178 176
 177 179 179 176 175 176 175 175 176 177 178 178 177 177 176 175 175 174
 174 173 171 170 171 126  94  83  76  72  68  65  71  68  67  65  65  65
  69  80  87  94  96  94  94  89  81  70  54  50  44  48  59  65  67  69
  68  66  69  79  89  95 107 124 136 143 152 158 160 160 160 160 156 154
 153 155 158 160 158 155 154 154 154 155 155 155 154 154 155 155 154 154
 154 154 154 154 152 153 153 152 152 153 153 153 150 151 148 148 146 146
 146  30]"
"[ 29  29 180 179 179 179 179 177 177 178 178 178 178 178 179 179 178 178
 177 177 177 178 178 178 176 176 178 179 179 178 177 177 178 178 179 178
 177 177 177 178 179 179 179 179 179 179 179 179 178 179 179 179 179 179
 179 178 179 179 180 180 179 178 178 178 177 178 179 179 178 179 179 179
 178 178 178 178 179 179 178 177 176 175 177 178 177 177 177 176 177 175
 176 178 177 175 174 175 175 175 175 176 176 176 175 174 175 174 173 173
 174 173 170 168 167 146 114  89  82  76  65  65  65  65  64  61  62  66
  67  72  79  84  84  80  88  88  90  91  87  78  51  49  56  60  64  69
  66  67  73  81  87  94 108 124 134 139 148 156 159 159 159 161 156 154
 152 153 156 158 156 154 154 154 154 154 155 155 154 154 154 154 153 153
 153 153 153 153 151 151 152 151 151 152 152 151 147 148 147 148 146 146
 146  29]"
"[ 29  29 180 179 178 177 178 176 176 177 178 179 179 179 179 178 178 178
 177 177 177 177 178 178 177 177 178 179 178 178 178 179 179 179 180 179
 177 176 176 177 179 179 179 179 179 179 179 179 178 178 178 178 178 178
 178 177 179 179 180 179 179 178 178 178 177 178 179 179 178 179 179 179
 178 177 177 178 180 180 178 175 175 175 177 179 178 178 178 176 177 175
 175 176 176 174 174 175 175 175 175 175 175 175 174 174 173 172 172 172
 173 172 170 167 168 161 132  92  77  76  69  66  61  59  57  54  58  64
  65  68  74  73  69  66  77  81  88  96 103  91  51  54  55  57  63  70
  71  73  76  80  83  91 106 119 128 134 143 152 156 158 159 160 156 154
 153 153 154 155 154 153 153 153 153 153 154 154 154 153 153 152 152 152
 152 152 152 151 150 150 150 150 150 150 150 149 146 147 146 148 146 146
 146  29]"
"[ 29  29 179 177 176 176 177 176 177 177 178 179 179 179 178 177 179 178
 178 178 178 178 179 179 178 178 178 178 178 177 178 179 179 179 180 179
 178 176 177 178 179 179 179 179 179 180 180 180 179 179 179 179 178 178
 178 178 177 178 179 179 179 178 179 179 178 179 179 179 178 178 178 178
 177 176 176 178 180 181 178 176 175 175 178 179 178 178 177 175 176 175
 175 174 174 173 174 175 175 174 174 175 175 175 175 174 173 172 171 171
 172 172 170 168 172 168 152 110  75  72  73  64  58  54  52  54  58  60
  59  63  64  65  65  63  71  77  84  97 106  87  49  55  54  54  63  71
  75  74  75  76  79  90 106 116 124 130 140 149 155 159 160 161 158 157
 155 154 154 154 154 154 153 153 153 154 154 154 154 154 153 153 152 152
 152 152 151 151 150 149 149 148 148 149 148 148 147 147 145 147 145 145
 145  29]"
"[ 29  29 178 176 175 176 178 178 178 178 178 178 179 178 177 177 179 179
 179 179 179 179 179 179 178 177 178 178 178 177 178 179 179 179 179 180
 179 178 178 179 179 179 179 179 180 180 180 180 179 179 179 179 179 179
 179 179 177 178 179 179 179 179 179 179 178 179 179 178 178 178 178 178
 178 177 177 178 179 180 179 177 175 175 178 179 177 176 176 174 174 175
 175 174 173 174 174 174 173 174 174 175 176 175 175 174 173 172 171 170
 171 170 169 167 166 166 170 146 104  85  77  64  56  54  55  56  57  55
  49  50  54  59  62  62  66  75  80  90  98  74  53  56  56  56  63  69
  75  72  73  74  76  87 104 115 123 130 139 148 155 160 162 162 161 159
 156 154 153 154 154 154 154 154 153 154 154 154 154 154 152 152 152 152
 151 151 151 151 148 148 147 146 146 147 147 146 146 146 145 147 145 145
 145  29]"
"[ 29  28 178 176 175 176 178 179 179 178 178 178 178 178 178 178 179 179
 179 179 179 179 179 179 178 178 179 179 179 178 178 179 180 179 179 179
 179 179 179 180 179 179 179 179 180 180 179 178 179 179 179 178 178 179
 179 179 178 179 179 179 179 179 179 179 178 179 178 177 177 178 178 178
 178 178 178 178 179 179 179 179 175 175 178 179 176 176 176 175 173 175
 176 173 173 174 174 173 173 173 174 175 175 175 173 172 173 172 170 169
 169 169 168 167 168 166 172 160 126  96  77  66  60  62  63  58  56  53
  46  43  50  54  55  55  59  73  73  75  72  48  48  53  60  61  65  68
  73  72  75  77  74  81  99 112 123 130 139 146 153 160 162 161 162 159
 155 152 152 152 153 153 153 153 153 153 153 153 153 153 151 151 151 150
 150 149 149 149 147 147 145 144 144 145 146 145 142 143 144 148 147 145
 145  28]"
"[ 29  28 178 176 176 175 176 176 177 177 176 176 178 180 179 177 177 178
 179 178 177 178 178 178 178 178 178 178 178 179 179 179 179 179 179 179
 180 181 180 179 180 179 179 179 180 180 179 179 180 179 178 179 179 178
 179 179 179 179 180 179 179 178 179 180 178 179 179 179 178 179 178 178
 178 178 179 179 179 178 177 176 176 179 180 179 178 178 177 175 174 175
 175 174 174 174 174 173 173 173 173 173 173 172 171 172 172 172 171 169
 168 168 168 168 166 166 167 164 141 101  74  68  69  64  65  64  59  54
  46  46  52  53  51  52  57  62  62  62  61  55  51  55  61  64  66  68
  71  71  73  76  78  82  95 111 121 131 139 144 151 158 161 163 162 159
 154 150 150 152 153 152 150 151 152 153 154 154 153 151 146 147 148 148
 147 147 147 147 147 146 146 145 144 146 146 143 144 145 145 147 146 145
 145  29]"
"[ 30  29 179 178 178 177 178 178 178 177 177 177 179 179 179 178 177 178
 179 178 178 179 179 178 178 178 179 179 179 179 179 179 179 179 179 179
 180 181 181 179 178 178 179 179 180 180 180 180 180 179 179 179 179 178
 178 179 179 179 179 179 179 179 178 178 177 178 179 179 179 179 179 178
 178 179 179 179 178 177 176 176 176 178 180 179 178 178 177 175 174 174
 174 174 174 174 174 173 172 172 172 172 172 171 170 170 172 171 170 169
 168 167 166 165 164 169 167 167 158 122  84  72  72  69  65  65  62  55
  48  50  56  55  52  50  54  59  60  61  59  55  53  54  59  64  68  70
  73  72  72  75  78  82  95 110 124 132 138 141 148 155 159 162 163 160
 156 152 151 151 150 148 148 149 150 151 152 152 150 148 145 146 147 147
 147 146 146 146 145 144 145 145 143 143 144 143 141 142 143 146 145 145
 145  29]"
"[ 29  28 179 178 179 179 180 179 178 178 178 179 179 178 178 179 176 177
 178 178 178 178 178 178 177 178 179 180 179 179 179 179 179 178 178 178
 179 180 179 178 178 178 179 179 180 180 180 180 180 179 179 178 178 177
 177 177 179 179 178 179 179 179 178 177 176 177 178 179 179 179 179 177
 178 178 179 178 177 176 176 175 175 177 178 178 177 177 176 175 174 174
 173 173 173 174 173 172 171 171 170 171 171 171 171 170 172 171 169 168
 167 166 165 164 166 169 165 163 164 146 110  84  70  71  66  67  64  59
  56  61  60  59  54  49  52  56  59  61  61  58  54  53  58  66  70  70
  71  71  71  74  77  80  91 103 121 130 137 139 142 148 154 159 162 161
 157 153 150 149 148 146 148 148 149 150 150 150 148 146 145 146 146 147
 147 146 145 144 143 142 144 145 143 142 143 143 142 143 143 146 145 145
 145  28]"
"[ 29  28 179 179 180 180 180 179 179 178 179 180 178 176 176 178 175 176
 177 178 177 178 178 178 177 178 179 179 178 178 178 179 179 179 178 178
 179 179 178 176 178 179 179 180 179 179 179 179 179 179 179 179 179 177
 177 177 179 179 179 179 179 178 177 176 177 178 178 179 179 178 177 175
 176 176 177 177 176 175 175 175 175 175 176 176 176 176 176 175 174 174
 173 173 174 174 173 171 171 170 169 169 170 172 172 171 171 169 168 167
 166 166 165 164 166 164 164 161 159 160 140 106  78  73  73  69  66  62
  62  65  62  62  56  51  52  56  60  63  66  63  57  53  58  68  71  69
  67  68  70  72  75  77  84  95 109 122 132 134 135 139 146 152 158 159
 158 153 149 147 147 146 147 148 149 149 149 148 147 145 146 146 146 146
 146 145 144 143 141 139 142 145 144 142 142 142 143 144 144 145 145 146
 146  29]"
"[ 30  29 179 180 180 180 180 179 179 178 179 180 178 176 176 178 177 177
 178 179 178 178 178 178 178 179 179 179 178 178 179 180 179 179 179 179
 180 180 179 177 178 179 179 179 179 178 178 179 178 178 180 181 181 180
 179 179 178 179 180 180 179 178 177 177 178 179 179 179 179 178 176 174
 174 175 176 176 176 175 175 175 176 175 175 175 176 176 176 176 175 174
 174 173 174 174 172 170 171 170 168 167 169 171 172 171 169 167 165 165
 165 165 165 165 164 161 164 163 159 162 154 132 101  77  77  72  69  61
  60  60  62  63  59  53  54  59  62  64  66  65  59  54  57  65  69  68
  65  66  66  68  70  73  82  93 102 113 123 127 130 133 138 143 149 154
 156 154 150 147 146 145 146 148 149 148 147 146 146 146 146 146 145 144
 144 143 142 141 141 138 138 142 142 142 143 143 141 142 142 143 144 146
 147  30]"
"[ 30  29 179 179 179 179 180 178 178 178 179 180 179 177 177 179 177 177
 178 179 179 178 178 179 178 179 179 178 178 178 178 179 178 178 179 179
 180 181 180 178 177 178 179 179 179 179 179 179 176 177 179 181 182 181
 180 180 178 179 180 180 179 178 178 178 179 179 179 179 179 179 178 176
 174 175 176 177 177 177 176 175 176 175 174 174 175 176 175 175 175 175
 174 173 173 173 172 170 171 171 169 167 167 169 170 169 168 166 165 165
 165 165 165 165 164 163 161 162 162 158 154 154 125  88  77  74  74  63
  59  60  63  65  61  56  57  61  64  65  61  62  60  56  55  58  64  67
  67  66  64  64  67  73  83  94 106 113 119 123 128 130 132 133 139 146
 153 154 152 149 146 145 146 148 149 148 146 146 146 147 147 146 145 144
 144 143 142 142 144 139 138 139 140 142 144 145 142 143 142 143 144 146
 147  29]"
"[ 29  28 179 178 178 178 179 179 178 178 178 179 179 179 178 178 176 176
 178 179 179 178 178 179 178 178 178 178 178 178 178 178 178 178 178 178
 179 180 180 179 177 178 178 179 179 180 180 180 176 177 178 180 181 181
 180 180 179 179 179 179 179 179 179 179 179 179 179 179 179 179 178 176
 176 176 177 178 179 178 177 175 175 173 172 173 175 175 174 173 175 174
 173 172 172 172 172 171 171 171 170 167 167 168 169 168 167 167 166 166
 165 165 164 164 165 164 161 160 161 157 156 161 144 116  86  81  78  69
  66  67  66  68  64  58  59  63  65  65  61  61  62  61  59  59  62  66
  68  66  64  65  69  73  80  88 103 110 117 122 125 127 128 130 132 138
 146 150 152 152 150 147 147 147 147 146 146 146 147 147 147 147 146 146
 145 144 143 143 145 142 140 140 141 143 145 144 144 145 144 145 146 148
 147  29]"
"[ 29  29 179 179 179 179 180 180 177 178 178 177 178 179 178 176 177 177
 178 180 180 180 180 181 179 179 179 179 179 179 178 178 180 179 178 177
 178 180 180 180 178 178 178 179 180 180 180 179 179 179 179 180 181 180
 180 180 180 179 179 179 179 180 179 179 179 179 178 178 179 179 178 176
 176 176 177 179 180 179 177 175 175 173 173 174 176 175 174 173 174 174
 173 171 171 172 172 173 171 172 171 168 167 169 169 168 166 167 166 166
 165 163 162 161 164 162 164 163 159 161 162 155 159 150 104  90  80  73
  72  71  70  71  67  60  60  64  66  66  66  64  64  66  66  64  64  66
  66  66  66  69  73  74  74  77  89 101 113 119 122 122 126 131 129 133
 140 145 151 154 153 151 146 146 145 144 145 146 146 145 145 146 146 146
 145 144 143 143 143 142 143 142 141 143 144 142 142 145 145 146 147 150
 149  30]"
"[ 28  28 180 179 179 178 180 180 178 178 178 178 178 178 178 178 178 178
 178 179 181 181 181 180 179 179 179 179 179 179 180 181 180 181 180 178
 178 180 180 179 179 179 179 179 178 178 178 178 177 179 180 181 180 179
 178 178 181 180 179 179 180 179 179 179 179 178 177 178 179 179 177 176
 177 177 177 178 178 178 177 176 176 175 174 173 174 175 175 174 176 174
 173 173 172 171 170 171 171 171 171 169 168 168 168 167 168 166 165 163
 163 162 161 161 162 162 161 161 162 162 159 157 160 158 139 111  86  73
  74  72  73  72  67  64  61  61  66  69  68  65  65  67  68  72  73  70
  68  67  68  71  73  74  76  79  86  97 107 113 116 119 122 127 130 130
 132 139 147 153 157 152 154 146 142 144 147 146 145 146 146 146 145 145
 145 145 145 145 145 144 144 144 144 144 144 144 144 149 150 152 153 153
 157  28]"
"[ 29  29 180 179 179 178 180 180 180 180 179 179 179 179 179 179 178 178
 178 179 180 181 181 180 181 181 181 181 180 179 179 179 181 181 180 179
 179 181 181 180 180 180 180 180 179 178 178 178 177 179 180 182 181 180
 180 180 180 179 179 179 180 179 179 180 178 178 178 179 179 179 178 178
 178 178 178 178 176 175 175 175 173 174 174 174 174 175 175 175 174 173
 173 174 173 172 171 172 171 171 171 169 168 168 169 168 167 166 164 162
 161 161 162 162 161 160 158 157 158 160 160 158 157 157 149 135 107  79
  72  73  73  73  72  66  61  65  69  69  69  68  68  69  70  73  77  77
  74  72  72  73  74  76  79  81  89  95 103 110 115 116 120 126 130 130
 128 131 137 146 155 156 158 153 149 149 149 148 147 148 148 148 147 147
 146 146 146 147 146 146 145 146 146 147 148 148 149 152 153 156 158 158
 160  30]"
"[ 29  29 180 179 179 178 180 179 181 180 180 179 179 179 180 180 178 178
 179 180 180 180 180 180 179 180 181 182 182 181 181 180 181 180 179 179
 180 181 181 180 180 181 181 180 180 179 179 179 179 180 181 181 181 179
 179 180 180 179 178 179 180 179 179 180 178 178 179 179 179 178 178 179
 178 179 179 177 175 173 174 175 175 177 179 178 176 175 175 175 175 175
 175 175 174 172 171 171 170 171 171 170 169 168 168 168 168 167 165 163
 161 161 162 163 162 160 158 157 158 160 161 160 157 155 154 155 139 109
  88  78  75  73  76  67  59  64  69  70  67  67  69  71  72  75  80  81
  79  79  78  78  78  80  82  83  89  91  96 104 110 112 116 124 125 128
 127 127 131 139 150 153 159 157 154 151 149 147 147 147 150 150 149 148
 147 146 147 148 146 146 146 147 148 149 151 152 153 154 154 158 161 162
 163  29]"
"[ 29  29 180 179 179 179 180 179 180 180 180 180 180 180 181 181 180 180
 180 181 181 180 180 180 178 179 181 182 182 182 182 182 181 180 179 179
 180 181 181 181 181 181 181 181 180 180 180 180 180 180 180 181 180 179
 179 180 181 180 179 179 179 179 179 179 178 178 178 179 179 178 178 179
 178 178 179 177 176 175 175 176 176 178 179 177 175 174 173 173 170 171
 172 173 172 171 171 172 170 171 172 171 169 169 168 168 168 168 167 164
 161 160 161 162 162 161 160 160 160 161 161 159 161 157 154 158 156 138
 110  86  79  70  76  74  67  71  71  72  66  66  68  71  73  75  78  78
  80  83  84  84  83  85  85  83  85  88  91  96 101 104 110 119 121 128
 128 128 131 138 147 150 156 156 155 151 147 146 146 147 149 149 149 148
 147 147 147 148 147 147 147 147 148 149 152 153 153 154 154 159 162 163
 164  28]"
"[ 30  29 180 179 179 179 180 180 180 180 181 181 181 181 181 181 182 182
 182 181 181 181 181 181 180 180 181 181 181 181 182 182 183 181 180 180
 181 182 182 182 181 182 182 181 180 180 180 180 180 179 179 180 180 180
 180 182 181 180 179 180 180 179 179 179 179 178 178 179 179 179 178 178
 179 179 179 178 177 176 176 176 175 176 176 176 175 175 174 173 172 173
 173 173 172 172 171 171 169 171 171 171 170 169 168 167 166 167 167 166
 164 162 161 162 162 162 162 161 162 162 160 159 161 160 159 158 160 157
 139 120  92  77  81  81  73  71  69  74  69  66  67  70  72  75  76  75
  81  86  89  88  86  86  84  82  82  87  90  91  92  95 102 110 122 130
 130 129 132 139 147 150 153 156 156 153 149 147 148 148 147 148 149 149
 148 147 147 148 147 147 147 147 147 149 151 152 153 153 155 160 162 164
 165  29]"
"[ 30  29 179 179 180 180 181 181 182 182 182 183 182 182 181 181 182 182
 181 181 181 181 181 181 180 180 181 181 182 183 184 184 183 182 181 181
 181 181 182 183 182 182 182 181 180 180 180 181 183 181 180 180 180 180
 180 182 182 180 180 180 180 180 179 179 180 179 179 180 180 180 180 180
 180 179 179 177 176 175 174 174 176 175 175 174 175 175 174 172 174 174
 174 173 173 173 173 172 171 171 171 171 170 170 169 168 167 167 168 169
 168 167 167 166 166 166 165 164 164 164 164 163 162 162 163 161 163 166
 162 157 147 117  98  88  81  78  72  72  72  67  65  68  71  75  79  80
  84  89  92  90  86  84  83  82  81  87  89  87  85  87  92  98 114 129
 132 132 135 139 145 148 151 154 156 154 150 148 148 148 146 147 148 149
 148 148 147 148 147 147 147 146 146 148 150 151 153 154 157 161 162 164
 167  29]"
"[ 29  28 179 179 180 181 182 181 183 183 183 183 182 182 181 181 181 180
 180 180 181 182 181 181 179 180 181 182 182 183 185 186 183 182 181 181
 180 180 181 182 183 182 181 180 180 180 181 182 184 182 181 180 180 180
 181 182 183 182 181 181 180 180 179 179 179 179 180 180 180 180 181 182
 179 179 179 177 175 174 174 175 176 176 176 176 176 177 176 174 173 173
 173 173 175 178 180 180 178 177 176 174 174 174 174 173 172 171 171 172
 173 173 172 171 169 169 168 167 167 168 168 167 167 163 164 162 163 165
 162 162 162 152 138 117  93  80  77  78  76  71  68  68  69  73  80  84
  87  92  96  93  87  83  81  81  81  85  86  84  82  80  82  87 101 123
 135 136 138 139 143 145 149 151 153 153 151 148 146 146 147 147 148 148
 148 147 147 147 146 147 147 147 147 148 150 151 154 154 157 161 161 164
 167  29]"
"[ 29  28 179 179 180 181 182 182 182 182 182 182 182 182 181 181 179 179
 178 179 181 182 181 181 181 181 182 182 182 182 183 183 184 183 182 182
 181 179 181 183 183 183 182 180 179 180 181 182 181 180 179 179 180 182
 184 185 184 183 182 181 181 179 178 178 178 179 180 180 180 180 181 184
 179 180 180 178 176 175 177 180 181 182 183 184 185 186 186 185 187 186
 184 182 183 185 186 185 188 186 182 180 179 180 179 178 177 175 173 174
 175 175 174 172 169 169 169 169 169 169 167 166 168 164 165 164 165 166
 161 160 157 163 161 152 137 119  99  80  81  77  73  70  66  68  75  81
  88  94  98  96  89  83  81  81  82  82  82  83  81  76  76  80  94 121
 136 138 138 138 143 147 148 149 152 154 152 149 147 147 147 147 147 147
 147 147 146 146 146 147 148 148 148 149 152 153 155 154 158 162 161 165
 167  28]"
"[ 29  29 180 180 180 182 182 183 182 182 182 183 184 183 180 178 177 176
 178 182 185 184 184 185 180 183 185 184 182 183 184 184 184 185 185 185
 186 186 185 185 182 185 185 179 175 176 179 182 186 185 184 182 181 182
 185 187 186 186 186 184 182 182 185 188 185 186 186 187 187 188 190 191
 187 190 193 195 195 194 193 193 195 195 194 194 195 194 191 188 187 189
 190 188 187 187 187 186 187 186 184 182 181 180 179 179 178 176 175 174
 174 174 173 172 170 168 167 168 168 167 166 167 168 166 165 164 164 163
 162 162 159 161 161 160 162 157 135 112  95  85  77  70  67  65  68  79
  87  91  95  96  92  86  83  82  82  79  77  77  76  74  74  76  88 109
 139 144 143 141 145 146 147 148 150 152 152 152 151 146 145 147 147 146
 145 147 147 147 147 148 149 149 149 150 151 152 153 154 155 158 162 164
 169  29]"
"[ 29  29 182 182 181 183 184 186 182 182 182 181 181 181 182 183 180 180
 181 185 186 186 186 186 184 186 186 183 181 182 184 186 181 182 182 182
 185 189 190 189 186 184 181 180 184 188 189 186 191 192 193 193 193 194
 195 195 196 196 196 195 195 195 197 198 196 196 197 198 197 197 196 196
 193 194 195 196 195 194 192 192 194 194 193 193 194 194 192 189 187 189
 190 188 188 188 188 187 188 186 184 182 182 181 180 179 178 177 176 175
 175 174 173 172 171 169 168 169 168 167 166 166 167 165 164 164 164 163
 162 162 162 160 158 158 162 164 158 150 125 102  80  72  70  65  67  74
  79  83  87  90  88  85  82  81  80  78  77  76  74  72  71  72  80  94
 122 136 144 144 145 145 146 146 147 148 150 152 153 150 146 147 147 147
 147 147 147 146 146 146 147 148 150 151 152 153 154 154 155 158 162 164
 169  28]"
"[ 30  26 180 180 182 185 184 182 178 179 180 179 178 178 182 185 186 186
 187 189 189 188 188 189 190 191 191 190 188 190 193 196 193 194 193 192
 195 200 200 197 196 195 194 194 197 200 200 198 197 198 200 201 201 200
 199 199 199 199 199 199 200 200 200 199 199 200 200 200 199 197 196 195
 195 196 196 196 195 194 194 194 194 194 194 193 193 193 192 191 187 189
 190 189 187 188 188 187 188 186 184 182 182 181 180 179 178 178 177 176
 176 174 173 172 172 171 170 170 170 168 167 166 168 166 164 165 165 164
 163 162 164 162 159 159 159 159 159 160 147 130 102  85  74  66  66  64
  72  75  79  81  82  82  80  77  76  76  75  74  74  74  73  72  74  82
 106 126 142 146 147 148 147 145 145 147 148 151 153 151 146 145 146 147
 148 148 147 147 146 146 146 147 149 151 152 153 154 153 154 158 163 163
 168  28]"
"[ 31  28 188 189 192 194 193 190 197 198 200 199 198 199 201 204 200 201
 201 202 201 200 200 201 197 198 199 199 199 201 202 203 202 203 203 202
 202 204 203 200 200 203 204 202 200 200 200 201 200 200 201 200 199 199
 199 199 199 199 199 200 200 200 199 198 200 200 200 199 198 197 196 196
 195 195 195 195 195 195 195 195 195 195 195 193 192 191 191 190 188 190
 190 188 187 187 187 186 187 185 183 182 182 181 180 179 179 179 179 178
 177 175 174 173 172 172 171 171 171 170 169 168 168 166 165 166 166 166
 164 163 161 162 163 164 161 158 157 157 163 158 136 114  91  74  76  72
  70  72  74  75  76  77  75  72  72  73  74  73  75  77  77  74  74  79
  94 113 135 147 149 150 148 146 146 147 147 149 150 149 145 144 144 147
 148 148 147 147 147 146 146 147 149 150 151 152 154 154 155 160 163 163
 168  28]"
"[ 28  30 199 201 201 201 203 203 202 202 202 202 202 202 203 203 202 203
 203 203 202 201 202 203 203 202 202 203 204 204 203 202 202 202 202 203
 203 201 201 201 201 201 201 201 200 200 199 198 200 201 201 200 198 198
 199 200 200 200 200 200 200 199 199 199 201 201 200 199 199 198 198 198
 196 196 196 196 195 195 194 193 194 195 194 193 191 190 190 189 189 191
 191 189 187 187 187 187 187 186 184 183 182 182 180 179 179 179 179 178
 177 176 174 173 171 171 171 171 171 171 170 169 168 166 166 166 167 166
 163 162 162 163 164 163 162 161 160 160 158 161 159 156 133 102  86  73
  70  70  70  70  71  72  72  71  73  74  73  72  74  77  77  74  76  77
  81  95 122 146 150 151 149 146 146 146 145 147 150 151 149 146 145 147
 148 147 147 148 148 147 146 146 148 150 151 151 154 155 158 161 164 163
 168  29]"
"[ 28  29 202 204 203 202 203 203 206 205 203 202 203 204 204 203 203 204
 204 204 203 203 205 206 207 204 202 203 204 204 203 202 203 202 201 203
 202 200 201 204 202 201 201 201 202 201 200 199 200 201 202 201 199 198
 198 198 199 199 200 199 199 199 200 201 200 200 200 200 199 198 197 196
 196 196 196 196 196 196 195 194 194 195 195 193 191 191 191 191 190 192
 192 190 188 188 189 188 187 187 185 184 183 182 181 181 179 179 179 178
 177 176 175 174 171 171 171 171 171 171 170 169 168 167 167 167 167 166
 164 163 164 165 163 161 160 161 161 159 160 160 159 161 151 133 111  86
  76  73  69  68  68  69  71  73  74  74  73  72  75  78  78  75  75  77
  78  86 107 134 147 158 150 146 143 143 144 147 152 154 152 151 149 148
 148 147 147 148 149 148 146 147 148 150 152 152 153 156 160 162 164 164
 170  30]"
"[ 31  29 202 204 206 206 205 201 206 205 204 203 203 203 203 203 205 205
 205 205 204 205 207 208 207 205 204 205 206 205 204 204 203 202 202 201
 201 200 201 202 202 202 202 202 200 199 199 200 200 201 201 201 201 200
 198 197 200 200 200 200 199 200 201 202 201 201 200 200 199 199 197 196
 195 195 195 195 196 196 196 196 194 195 195 194 193 193 193 192 192 193
 193 190 189 189 189 188 187 187 186 185 184 183 182 182 181 180 179 179
 178 178 176 175 172 173 172 171 171 171 170 169 169 168 168 168 167 166
 165 165 164 164 164 163 162 163 163 162 160 161 161 159 158 158 139 108
  91  83  74  70  68  68  71  75  75  74  73  74  77  79  79  77  74  78
  80  86  96 115 136 162 155 148 142 142 143 147 150 150 151 151 150 148
 146 146 148 148 150 149 147 147 149 151 153 153 154 157 160 162 165 167
 171  29]"
"[ 29  28 202 205 207 207 209 207 206 207 208 207 205 204 204 204 206 207
 207 206 205 206 208 208 208 207 207 208 208 205 204 204 202 203 203 202
 203 203 202 201 203 202 202 202 201 200 200 201 200 199 199 201 203 203
 202 200 200 200 199 198 198 199 199 199 202 200 198 197 197 197 197 197
 196 195 195 195 195 196 195 195 194 195 196 195 194 193 193 193 192 194
 193 190 188 188 188 188 187 187 187 185 184 182 182 182 182 181 180 180
 180 179 178 177 175 175 174 172 171 171 170 169 169 169 168 167 166 165
 165 165 165 165 164 163 162 161 161 161 162 162 162 156 154 161 152 132
 107  95  81  74  69  67  70  74  77  75  74  75  77  79  77  75  78  79
  79  85  90 102 123 157 160 151 144 143 144 146 145 142 147 149 149 146
 144 146 148 149 151 150 149 148 149 151 153 154 154 158 160 161 165 169
 172  28]"
"[ 30  28 204 206 208 209 209 209 207 206 207 209 208 205 204 206 209 206
 202 204 206 207 209 208 208 208 207 206 205 205 205 205 207 204 202 203
 203 201 201 203 202 202 202 202 202 202 201 200 200 199 200 201 203 204
 202 200 200 199 198 198 197 197 198 200 199 198 197 197 196 197 197 197
 196 196 197 197 196 195 195 196 194 195 195 195 194 194 194 193 193 194
 194 192 190 189 187 185 187 187 187 186 184 183 182 183 181 181 181 181
 181 179 178 178 178 178 178 176 174 173 172 172 170 168 166 166 166 166
 166 167 167 167 166 164 163 162 162 162 162 161 161 160 159 157 154 151
 128 104  88  84  74  70  72  73  74  73  73  74  75  75  75  76  81  80
  79  82  88  94 113 140 161 157 147 144 140 143 141 142 143 145 147 147
 146 145 147 148 150 150 151 151 151 151 153 154 155 158 158 162 163 167
 170  29]"
"[ 29  27 203 206 207 208 209 208 207 207 207 209 208 205 205 206 208 205
 200 201 205 207 209 208 209 209 208 207 205 205 205 206 205 203 202 202
 202 201 202 203 201 202 202 202 202 201 201 200 200 200 200 201 203 203
 202 200 200 199 198 197 196 196 198 200 199 199 198 198 197 197 197 198
 196 196 196 197 197 196 195 195 195 196 195 195 194 195 195 194 193 194
 194 193 192 191 190 189 188 188 187 187 186 186 185 185 182 181 181 180
 180 179 178 178 180 179 178 177 175 174 173 172 170 168 167 167 167 167
 167 168 167 166 165 164 163 163 164 164 163 162 161 161 160 158 156 154
 146 123  97  87  80  77  73  73  74  73  73  74  76  77  78  81  80  82
  81  85  92  94 101 112 145 156 154 148 145 144 139 140 142 144 146 146
 145 144 146 147 149 150 151 150 149 149 152 154 157 159 159 162 163 166
 169  28]"
"[ 29  28 204 206 207 208 209 208 209 208 209 209 209 207 207 208 209 205
 200 201 206 209 211 209 210 210 209 207 206 205 206 207 204 203 202 201
 201 201 202 202 201 201 202 202 201 201 201 201 200 200 200 201 201 201
 201 200 201 200 199 198 197 196 198 200 200 199 199 198 198 198 198 198
 197 196 195 197 198 198 196 194 195 195 195 194 194 194 195 194 193 193
 193 193 192 192 190 189 188 187 187 187 187 187 187 186 185 183 182 181
 180 179 179 180 180 179 177 176 175 174 173 171 171 170 168 168 168 167
 168 168 166 166 165 163 162 162 164 165 163 162 161 161 161 160 158 157
 153 139 113  95  87  83  77  81  78  76  75  75  75  76  78  81  80  82
  81  81  85  88  97 109 133 154 158 146 144 140 137 141 144 145 146 146
 145 145 146 147 149 151 152 150 148 148 151 154 157 160 159 162 163 166
 169  28]"
"[ 29  29 205 207 207 207 208 208 210 210 210 210 209 208 207 208 210 207
 203 204 208 210 212 209 210 210 209 207 207 206 206 207 204 204 202 201
 201 201 201 201 201 202 203 202 202 201 201 202 201 201 201 201 201 201
 201 201 201 201 201 200 198 197 198 200 200 200 199 198 197 197 197 198
 197 196 196 197 199 198 196 195 195 195 195 194 193 194 195 195 193 193
 193 192 191 190 189 187 187 187 187 187 187 187 187 186 186 185 183 182
 181 180 180 180 180 178 176 175 175 175 173 172 173 172 171 170 169 168
 168 169 167 166 165 164 162 162 162 163 163 163 162 161 161 161 161 160
 157 151 134 108  95  82  79  80  79  77  75  75  74  75  77  79  81  82
  84  86  85  83  92 107 120 142 157 152 150 140 138 140 145 145 146 147
 147 147 146 146 150 151 152 152 150 150 152 155 158 160 160 163 163 167
 170  29]"
"[ 28  29 207 208 206 205 206 208 209 209 210 210 209 208 207 207 209 209
 206 207 209 210 211 209 209 208 207 207 208 208 207 206 204 204 203 201
 201 202 202 201 201 202 203 203 202 202 202 203 202 202 202 201 200 200
 201 201 200 201 201 201 199 198 198 199 201 200 199 197 196 196 196 197
 196 196 196 197 197 197 196 195 196 196 195 194 194 195 196 196 195 194
 193 192 191 190 189 187 187 188 188 188 187 187 187 187 186 185 184 184
 182 181 180 180 180 178 176 176 176 176 174 173 174 174 174 172 170 168
 169 171 168 168 166 165 163 163 163 163 164 163 162 162 162 162 162 162
 161 156 150 123 107  85  84  79  78  76  74  75  75  76  78  80  82  81
  83  87  88  87  92 101 107 121 145 153 150 140 141 140 144 145 146 147
 148 148 146 146 149 150 151 152 153 154 155 156 159 161 161 164 165 168
 171  30]"
"[ 28  30 207 209 206 205 207 209 209 210 211 211 210 209 208 208 208 210
 209 209 209 209 210 208 208 207 206 207 208 208 207 206 205 204 203 202
 202 203 203 203 202 203 203 203 203 202 203 203 203 203 202 201 201 201
 201 201 200 201 202 202 201 199 199 199 200 200 199 197 196 195 196 197
 195 195 195 196 196 195 195 196 196 196 196 195 194 195 196 195 195 194
 193 192 192 192 190 189 187 188 188 188 187 186 187 188 187 186 186 186
 184 182 181 181 180 179 177 177 177 176 175 174 173 173 173 172 170 169
 170 172 169 168 167 165 165 164 164 164 164 163 162 161 161 161 162 162
 162 159 161 138 121  92  88  83  79  77  76  76  77  77  77  79  80  80
  81  81  84  90  97 100 104 111 133 148 147 142 143 142 142 143 145 147
 149 149 148 148 146 147 149 151 154 156 157 157 159 161 161 164 165 168
 170  29]"
"[ 29  30 207 210 208 207 209 211 210 211 212 211 211 210 210 210 209 212
 210 209 209 209 210 208 208 208 207 207 207 207 207 207 206 204 203 203
 204 203 203 204 202 203 203 203 203 203 203 203 203 203 202 202 201 201
 201 201 201 201 202 202 202 200 200 200 199 200 200 199 197 196 196 197
 196 195 195 195 195 195 195 196 196 196 196 195 195 195 195 195 195 194
 193 192 193 193 192 191 188 188 189 188 188 188 188 188 188 188 187 187
 186 184 183 183 180 180 179 178 177 175 174 174 173 172 171 171 171 170
 170 171 170 168 167 165 165 166 166 165 164 164 163 162 161 161 161 162
 165 165 165 153 138 106  90  86  83  80  78  78  78  77  76  76  78  81
  84  85  84  87  92  94 102 111 128 143 146 146 144 142 140 141 143 146
 148 150 151 151 146 146 148 151 154 156 157 157 158 161 161 164 165 168
 170  28]"
"[ 29  30 206 210 209 209 210 211 210 211 211 211 210 210 210 210 209 212
 209 208 208 208 210 208 208 208 208 207 207 206 207 208 207 204 203 204
 204 203 202 204 203 203 202 202 203 202 202 202 203 203 202 202 202 202
 201 201 200 200 201 202 201 200 199 200 198 199 200 200 198 197 197 198
 197 196 195 195 196 196 196 196 197 197 197 196 196 196 196 195 195 194
 193 193 194 195 194 193 190 190 189 190 190 191 190 190 188 188 187 187
 186 184 183 183 181 181 181 180 178 176 175 174 176 173 171 172 173 173
 171 170 172 170 168 166 167 167 167 167 166 165 164 163 162 162 162 162
 164 164 160 161 156 126  96  91  84  81  79  79  79  78  76  76  81  80
  82  86  85  85  89  94  98 110 117 127 133 142 142 144 138 139 141 143
 147 149 151 152 147 147 149 151 153 155 156 157 158 161 162 166 167 169
 172  30]"
"[ 29  29 206 209 209 211 210 211 211 211 211 211 211 212 211 210 212 211
 210 210 210 210 209 208 209 209 208 207 207 208 209 209 208 204 203 204
 204 204 204 206 203 203 203 203 203 202 202 201 202 202 202 201 201 200
 199 199 201 201 201 201 201 200 200 200 201 200 199 198 196 195 196 197
 197 197 196 196 196 196 196 196 196 195 195 194 195 195 195 195 196 196
 195 194 194 194 193 191 191 190 190 190 190 190 190 189 189 188 187 186
 186 185 184 183 181 182 183 182 179 178 178 176 175 175 175 175 174 173
 172 171 171 171 170 170 169 168 167 167 166 166 164 163 162 162 162 161
 165 163 161 165 161 138 111  92  85  81  80  81  81  78  77  78  81  81
  83  86  86  85  88  92  96 105 114 122 130 139 143 142 141 138 139 143
 145 148 151 152 150 147 146 150 153 154 155 157 160 161 164 166 169 172
 175  29]"
"[ 29  29 207 209 209 211 210 212 211 210 209 208 209 210 212 212 212 211
 211 211 212 212 211 210 209 209 209 208 208 208 209 209 207 205 203 204
 205 204 204 206 204 204 204 204 203 202 201 201 201 201 202 202 201 201
 200 200 200 200 200 200 200 200 200 199 199 198 198 196 196 196 196 197
 197 197 197 197 197 197 196 196 196 195 195 195 195 196 195 195 196 196
 195 195 195 195 194 193 191 191 190 190 190 190 190 189 188 188 187 187
 187 186 186 185 183 183 184 183 180 179 179 178 178 178 178 178 176 175
 173 172 173 173 172 171 170 169 169 168 167 166 164 163 164 164 164 163
 163 168 164 161 161 154 128  96  87  85  83  83  81  80  80  80  81  82
  84  86  86  86  87  90  95 102 111 117 126 135 141 142 143 140 139 140
 142 145 148 150 150 149 148 149 150 153 155 156 160 161 164 167 169 169
 173  30]"
"[ 29  29 208 210 209 210 210 212 211 211 210 208 208 210 212 213 210 211
 211 211 211 210 209 209 210 210 210 209 209 209 209 208 207 206 205 205
 205 204 204 205 204 204 203 203 202 202 201 201 200 201 202 202 201 201
 201 202 200 200 200 200 199 199 199 198 198 197 196 196 196 197 198 199
 198 198 198 199 198 198 196 195 195 195 195 195 196 196 195 195 196 196
 195 195 196 196 196 195 193 192 192 191 191 191 191 190 188 188 188 188
 187 187 186 186 185 185 185 183 181 180 181 180 179 180 180 179 177 175
 174 173 174 174 173 172 171 170 169 169 167 166 165 164 165 166 165 164
 163 166 165 163 163 160 142 114  89  86  84  82  80  80  81  81  81  82
  84  85  86  87  87  88  94 101 108 114 121 131 139 142 142 141 139 138
 139 142 146 147 151 152 151 149 148 151 155 157 160 160 163 167 167 166
 171  29]"
"[ 29  29 209 210 209 210 209 211 211 212 212 211 210 210 210 210 212 213
 213 213 212 211 210 209 210 210 210 210 209 209 208 208 207 206 206 206
 205 204 203 203 203 203 203 203 202 202 201 201 201 202 202 202 201 201
 201 202 201 200 200 199 199 199 198 198 199 198 196 196 197 199 200 200
 200 199 199 199 199 198 196 195 195 195 195 196 196 196 195 195 196 196
 195 195 196 197 196 195 193 193 193 193 193 192 191 190 189 189 190 189
 188 187 186 186 186 185 185 184 182 182 182 181 179 180 180 178 176 174
 174 174 175 174 174 173 171 170 170 169 168 168 167 166 165 166 165 165
 166 164 164 166 163 159 151 134 106  96  90  88  83  80  79  78  80  82
  83  83  85  87  88  88  95 100 106 112 118 126 135 139 139 140 139 137
 138 142 145 147 152 154 153 150 148 150 154 157 159 160 164 166 167 167
 172  29]"
"[ 28  29 209 211 209 210 209 211 212 213 214 212 211 210 209 209 211 211
 212 212 211 211 210 209 210 211 211 210 210 210 209 207 206 206 206 206
 205 204 203 203 204 203 203 203 203 202 202 202 201 202 203 202 201 201
 201 202 202 201 199 199 199 200 200 200 200 198 196 195 196 198 199 200
 200 200 199 199 199 198 197 196 195 195 196 196 196 195 195 195 196 196
 195 195 195 196 195 195 193 193 193 194 193 192 191 189 191 191 191 190
 189 187 187 187 185 185 186 185 183 182 183 181 181 180 180 178 175 174
 175 175 176 175 175 174 172 171 171 170 170 171 170 168 166 166 166 165
 168 168 166 164 162 163 161 147 110  92  83  86  84  82  82  82  80  81
  82  82  83  86  87  88  93  98 104 110 115 122 130 135 137 141 139 136
 138 141 144 148 152 153 153 153 150 149 152 158 159 162 165 166 168 171
 175  29]"
"[ 28  29 209 211 210 210 210 212 214 215 214 213 212 212 212 212 207 208
 209 210 210 210 210 210 210 211 211 211 210 210 209 208 205 206 206 206
 206 205 204 203 204 204 203 203 202 202 201 201 202 203 203 202 201 200
 200 201 201 200 199 199 200 201 201 201 199 197 195 194 195 196 197 197
 200 199 199 198 197 197 197 197 196 196 196 196 196 195 195 196 196 196
 196 195 195 195 195 194 193 193 194 195 195 193 192 190 191 191 191 190
 189 188 187 187 186 185 186 186 184 184 183 181 182 181 180 178 176 175
 175 175 176 175 174 174 172 172 171 170 171 172 171 169 167 166 165 165
 168 169 168 165 161 162 165 159 132 106  90  90  87  83  82  81  81  82
  83  82  82  83  85  87  92  96 102 108 114 120 127 133 138 142 139 135
 136 137 140 147 152 152 154 155 154 151 153 158 158 162 165 166 169 173
 177  29]"
"[ 28  30 210 212 211 212 211 213 215 215 214 214 214 215 215 215 211 211
 211 212 213 214 214 213 210 211 211 211 211 211 210 209 207 207 207 206
 206 206 205 203 203 203 203 202 202 202 201 201 202 202 202 202 201 200
 200 200 200 199 199 199 200 201 200 200 198 197 196 196 196 196 196 196
 197 198 198 197 196 196 196 197 197 197 197 197 196 196 196 197 196 197
 196 195 195 195 195 195 195 195 195 195 195 195 194 193 192 191 191 191
 190 189 188 187 187 187 188 188 186 185 185 182 181 181 180 179 177 176
 176 176 175 175 174 173 173 172 171 171 171 171 170 168 168 167 166 165
 167 167 166 166 162 158 162 165 148 117  95  92  87  84  84  82  83  83
  84  84  82  81  83  87  91  94  99 106 112 118 125 132 138 142 140 136
 136 133 134 141 149 150 153 155 155 154 155 157 157 161 164 166 169 172
 175  29]"
"[ 29  30 210 213 212 213 212 214 213 214 214 214 215 216 215 214 213 213
 212 212 213 214 213 212 211 211 212 211 211 211 211 210 209 209 208 207
 207 206 205 203 203 203 203 203 203 203 203 203 202 202 202 201 201 201
 200 200 200 200 199 199 200 200 199 198 199 198 198 198 198 197 196 196
 195 196 197 196 195 195 196 197 198 198 198 197 197 196 197 198 196 197
 197 196 195 195 196 195 195 195 195 195 195 195 194 194 194 194 193 193
 192 191 190 189 189 188 189 189 187 186 186 183 181 181 180 180 179 178
 178 177 176 176 175 174 174 173 172 172 172 170 169 168 169 169 168 165
 167 167 163 163 164 161 162 162 163 130 105  96  89  87  86  82  83  83
  85  86  83  80  83  87  90  92  97 103 109 115 123 130 135 140 140 138
 137 131 129 136 145 148 151 152 153 154 155 154 157 160 164 168 170 171
 174  30]"
"[ 28  29 212 210 211 216 216 214 215 215 213 211 212 215 216 215 213 211
 212 214 214 213 213 214 213 214 214 212 211 211 211 210 210 210 209 207
 207 206 205 203 204 204 204 203 202 202 202 203 201 202 203 202 201 200
 200 201 199 198 198 199 199 200 199 199 197 198 199 197 197 197 197 195
 195 195 196 197 196 196 196 197 197 198 199 199 197 196 196 197 196 197
 198 196 195 195 195 195 195 195 195 195 195 195 195 194 194 193 193 193
 193 192 190 189 190 190 190 188 187 185 185 186 182 181 179 179 179 178
 178 178 177 176 175 175 174 174 173 172 170 170 170 171 171 170 169 167
 167 168 168 166 164 162 162 163 166 146 110  95  90  88  85  84  82  82
  83  85  84  81  81  84  88  85  92 100 106 114 119 126 130 137 138 138
 139 134 132 137 144 144 147 149 156 154 154 153 154 159 162 164 169 171
 174  29]"
"[ 28  29 213 211 212 216 216 213 214 213 211 210 211 213 213 212 213 212
 212 214 214 212 212 213 214 215 214 212 211 212 211 210 211 211 211 209
 209 208 207 206 206 206 206 204 203 202 203 204 201 201 201 201 200 199
 199 199 199 199 199 199 200 200 200 199 199 199 198 197 197 198 198 197
 196 196 197 197 197 196 197 198 198 199 200 199 197 196 196 196 194 195
 196 195 195 195 196 196 194 195 195 195 195 195 195 195 195 194 194 194
 193 192 191 190 189 189 188 188 187 186 185 184 183 182 181 180 180 179
 179 179 176 176 175 175 174 174 173 173 171 171 171 171 171 170 167 165
 166 167 167 166 163 161 161 161 164 163 137 101  89  92  88  86  82  81
  82  84  83  81  81  82  83  82  89  95 101 111 119 125 129 136 137 136
 137 133 130 135 136 139 143 146 154 154 155 156 154 155 158 163 169 171
 173  29]"
"[ 29  29 214 214 214 215 215 214 216 214 213 214 215 215 214 213 214 213
 213 214 214 213 213 213 215 215 214 213 213 213 212 211 211 211 211 210
 209 209 209 208 208 208 207 205 203 202 203 204 203 202 202 201 200 200
 200 200 200 200 199 200 200 200 200 199 200 199 197 196 197 199 199 198
 198 197 197 197 197 197 198 199 199 199 200 200 198 197 196 196 197 197
 197 196 196 196 196 196 195 196 196 196 195 195 195 196 196 195 194 194
 194 193 192 191 189 189 188 188 188 187 185 183 183 182 181 181 180 180
 179 179 177 177 177 176 176 175 174 173 172 172 171 171 171 169 166 163
 166 167 168 166 163 161 161 162 160 164 153 115  88  87  86  85  81  81
  81  82  83  82  81  80  81  82  88  90  94 105 113 118 130 135 137 136
 136 133 129 131 136 139 144 145 152 152 154 154 154 152 153 160 168 170
 172  30]"
"[ 29  29 214 216 215 215 214 214 216 213 213 215 216 214 213 212 214 214
 214 215 215 215 214 215 214 214 214 214 214 214 213 212 212 211 211 209
 208 208 209 210 210 210 209 207 205 203 204 204 204 203 203 202 201 201
 201 201 200 199 199 199 199 200 200 200 200 199 197 197 198 199 200 199
 198 197 197 197 197 197 198 199 198 198 199 199 199 198 197 197 199 199
 199 199 198 197 196 196 198 198 197 197 196 195 195 195 195 194 194 194
 194 193 191 190 191 190 189 189 189 188 186 184 184 184 183 181 181 181
 180 179 179 179 178 177 176 174 174 173 173 172 171 171 170 168 165 163
 165 167 168 167 164 162 162 163 161 157 160 140  96  90  92  87  81  81
  81  82  83  84  82  80  82  83  88  89  90  99 106 112 125 132 135 136
 137 135 132 131 134 137 141 143 152 154 156 155 155 151 149 154 163 167
 171  29]"
"[ 29  29 215 216 215 214 214 215 215 213 214 216 216 215 213 213 214 214
 215 216 216 216 215 215 213 214 214 215 215 214 213 213 214 213 212 210
 209 209 210 211 211 211 211 209 207 206 205 206 204 203 202 201 201 201
 201 201 200 199 198 198 198 200 201 201 200 199 199 199 199 199 200 201
 198 198 198 198 198 198 198 199 197 198 198 198 198 197 196 196 197 197
 198 199 199 198 197 197 199 198 197 196 197 196 195 194 194 194 194 194
 194 193 191 190 191 191 190 189 188 187 187 186 186 186 185 183 182 182
 181 180 180 179 178 176 175 174 173 173 173 172 171 170 170 168 166 164
 165 166 167 166 164 162 162 163 163 161 163 160 114  97  94  88  82  81
  80  81  83  84  82  80  80  81  87  89  90  96 103 110 119 126 132 134
 135 137 136 135 134 134 136 139 150 154 155 154 156 153 149 150 156 162
 169  28]"
"[ 29  29 214 216 215 215 215 215 215 215 215 217 217 216 215 215 215 215
 216 216 216 216 215 215 213 214 215 216 216 215 214 214 215 214 212 211
 210 210 210 212 211 211 211 210 209 207 206 206 204 204 203 202 202 201
 201 202 201 200 199 198 199 200 201 202 199 199 199 199 199 198 198 200
 199 198 199 200 199 199 199 199 199 199 200 199 198 197 196 197 198 197
 198 200 199 197 197 197 199 197 195 195 196 197 195 194 194 194 194 195
 195 194 192 191 191 191 190 189 187 186 186 187 186 186 185 183 183 183
 182 180 180 179 178 177 177 176 175 174 174 173 171 171 170 170 168 167
 167 168 168 167 165 163 163 163 163 163 159 167 135 101  84  89  83  80
  79  81  82  83  81  80  80  79  85  87  88  93 100 107 116 124 130 132
 133 136 138 137 137 134 135 138 148 152 154 154 158 156 153 150 152 157
 166  28]"
"[ 29  29 214 216 216 216 216 215 213 214 215 215 214 214 214 214 215 216
 217 217 217 217 216 216 214 215 217 218 217 215 214 215 215 213 213 213
 212 211 211 211 211 210 210 209 209 208 207 206 204 204 205 204 203 202
 202 203 201 200 199 199 199 200 200 200 199 197 197 198 198 197 196 197
 198 199 199 200 199 198 199 199 200 201 201 200 198 197 197 198 200 199
 199 200 199 197 196 198 199 197 196 196 196 196 195 194 195 194 194 194
 194 194 194 193 192 192 191 189 187 186 186 187 186 186 185 183 183 183
 182 180 180 179 179 179 179 178 176 174 174 173 173 172 172 171 170 168
 168 168 168 167 166 165 164 164 166 162 159 165 152 115  88  90  85  82
  80  81  82  81  80  80  81  81  84  83  83  89  95 100 110 120 129 132
 132 136 138 136 133 131 132 135 145 147 153 158 158 158 156 153 151 151
 163  29]"
"[ 29  30 215 216 216 217 216 215 215 217 218 216 215 215 216 216 215 216
 217 218 218 219 218 218 215 216 218 219 218 215 214 216 215 213 213 214
 214 212 211 211 212 211 210 209 209 208 207 206 202 203 204 203 202 201
 201 202 200 200 199 199 199 199 199 198 200 197 196 197 197 197 196 196
 198 198 199 199 198 197 198 199 199 200 200 199 197 196 197 199 199 198
 198 200 199 197 198 200 200 199 198 197 196 196 195 195 195 194 193 193
 194 194 194 194 193 193 192 191 189 188 188 188 186 187 186 184 183 184
 183 180 180 180 179 180 180 178 175 173 175 174 174 174 173 172 170 169
 168 167 167 166 165 165 165 165 165 159 162 159 158 133 103  89  87  83
  81  82  82  80  79  81  80  81  83  79  78  87  93  96 100 112 126 132
 133 137 139 136 133 131 132 133 139 138 145 153 157 157 157 155 150 147
 158  28]"
"[ 30  28 215 218 219 220 219 218 216 218 219 218 216 216 217 218 219 218
 218 219 219 219 218 217 218 218 218 218 217 216 215 216 216 215 214 214
 214 213 212 211 211 210 210 209 209 208 207 206 203 203 204 203 202 201
 201 201 202 200 199 199 199 196 197 199 200 199 197 196 196 197 196 196
 199 199 199 200 199 197 198 200 201 200 198 197 197 199 200 199 198 198
 199 198 198 197 197 197 198 198 198 197 197 197 197 196 196 195 195 194
 193 193 193 194 194 195 194 192 190 189 189 188 187 187 186 186 186 185
 183 182 180 180 180 179 178 176 175 174 174 175 175 174 173 172 171 171
 169 168 166 166 165 165 164 164 162 162 161 163 161 148 123  97  88  83
  82  83  80  83  80  80  79  81  81  80  79  83  88  92  99 109 120 127
 131 135 137 138 133 132 132 134 137 140 145 149 154 157 156 155 152 153
 151  31]"
"[ 29  29 215 219 218 219 219 219 218 218 218 217 217 218 218 219 221 219
 218 218 219 219 219 218 218 218 218 218 217 216 216 217 217 215 215 215
 214 213 211 210 210 210 210 210 210 209 208 207 204 204 204 203 202 201
 200 200 200 197 196 198 200 200 199 198 200 199 198 197 197 197 197 197
 198 198 198 199 199 198 198 199 198 198 198 197 198 199 199 199 198 198
 198 198 198 197 197 196 196 197 197 197 197 196 196 195 195 195 195 194
 193 193 193 194 193 194 193 191 189 189 188 187 187 186 186 186 186 185
 183 182 181 180 180 180 179 177 175 175 174 174 174 173 173 172 171 171
 169 168 168 166 165 164 164 163 162 162 161 162 162 156 138 112  96  88
  86  82  80  83  82  79  78  80  81  80  79  81  84  86  93 101 112 122
 130 136 138 136 133 131 129 130 133 138 144 149 152 156 156 156 155 154
 150  28]"
"[ 29  29 217 220 218 218 219 219 219 219 218 217 218 219 220 219 220 219
 217 218 219 219 219 218 218 217 217 217 217 216 217 218 217 216 216 216
 216 214 212 211 211 211 211 211 211 210 209 207 206 205 204 203 202 201
 199 197 198 198 197 198 199 201 200 198 200 200 199 197 196 196 196 196
 196 197 197 198 199 199 199 198 196 197 198 198 198 198 199 198 198 198
 198 199 198 198 197 196 195 196 197 198 198 197 196 195 195 195 195 195
 194 193 193 193 194 194 193 191 189 190 189 188 187 187 186 186 187 186
 184 182 182 181 180 180 179 177 176 175 174 174 173 173 172 172 171 171
 169 170 169 168 166 165 164 164 162 163 161 160 160 160 149 125 100  89
  88  81  80  81  84  80  80  82  82  80  79  80  81  83  89  96 106 115
 124 131 134 134 136 132 129 129 133 138 144 148 151 153 153 155 155 156
 151  29]"
"[ 29  29 216 220 218 218 219 219 219 219 219 218 219 220 220 219 218 219
 219 220 220 220 219 218 218 218 218 218 217 217 217 217 216 217 217 217
 218 217 215 213 213 213 212 211 211 210 208 207 207 205 204 203 202 200
 197 195 196 200 201 199 197 197 198 197 200 200 199 197 196 195 195 195
 196 197 197 197 198 200 200 198 197 198 199 199 198 197 197 197 199 199
 198 199 199 199 197 197 196 196 197 198 198 198 197 195 195 195 196 195
 195 194 193 193 194 195 194 191 190 190 190 189 188 187 186 186 187 186
 185 183 182 181 180 180 179 178 176 175 175 174 173 172 172 172 172 172
 170 171 171 170 168 167 166 165 163 163 162 161 159 161 156 136 106  90
  86  84  81  79  81  81  83  82  81  79  78  80  82  83  91  97 106 112
 118 125 131 135 136 133 131 131 134 139 142 144 149 150 149 151 153 155
 152  30]"
"[ 29  29 215 219 218 218 218 218 218 220 221 220 219 219 219 219 219 220
 221 222 221 220 219 219 219 218 218 219 218 217 217 217 216 217 218 218
 219 219 217 214 215 214 212 211 210 209 208 207 207 205 203 202 202 200
 197 195 195 200 201 199 197 197 198 197 199 200 200 198 196 195 196 197
 197 198 197 197 198 200 200 198 197 198 198 198 197 195 195 196 198 198
 198 198 198 198 197 197 197 197 196 197 198 198 197 195 195 196 196 196
 195 194 194 193 194 194 193 191 190 191 190 189 189 188 186 185 185 185
 185 184 182 181 180 180 179 178 177 176 175 174 173 173 172 172 172 172
 171 171 170 170 170 169 167 166 165 164 163 164 162 163 162 152 126 100
  86  88  85  82  78  81  82  81  79  77  78  80  81  81  87  93 100 107
 113 120 128 133 133 132 130 131 133 137 140 141 145 146 145 146 149 152
 151  30]"
"[ 29  28 215 219 219 219 219 217 218 221 222 222 220 218 219 219 220 221
 221 220 219 218 219 219 219 218 218 219 219 218 217 217 217 218 218 218
 218 219 217 214 215 214 212 210 210 209 209 209 207 205 203 202 202 201
 198 196 197 199 199 199 200 202 201 199 198 199 199 198 197 196 197 197
 198 198 197 197 198 199 199 197 196 196 197 197 196 195 195 196 197 197
 196 196 196 197 197 197 199 198 197 197 198 199 198 196 195 196 197 196
 196 195 194 194 193 194 193 192 191 192 191 189 189 188 186 185 184 184
 184 184 182 181 180 180 180 178 177 177 175 175 174 173 172 172 171 171
 171 170 170 169 169 168 167 165 165 165 162 163 162 161 163 161 146 114
  89  88  88  87  79  82  81  81  79  79  79  80  79  78  83  87  93 102
 110 117 123 127 130 130 129 129 131 134 138 139 142 144 144 146 147 150
 149  29]"
"[ 29  29 215 219 219 219 219 218 220 222 223 222 220 219 219 219 220 219
 219 219 219 219 219 219 219 218 218 219 219 219 218 218 218 219 219 218
 218 218 216 213 215 213 212 211 211 210 210 210 208 205 203 202 202 202
 201 199 199 199 200 200 201 203 202 200 198 198 198 198 197 196 197 197
 197 197 197 199 199 198 197 196 196 196 196 197 197 195 195 196 196 196
 196 195 195 196 197 197 200 199 198 197 199 200 198 196 196 196 196 196
 196 195 195 195 193 194 194 192 192 192 191 189 189 188 187 186 184 184
 184 185 182 181 181 180 180 179 178 178 176 175 175 174 173 172 171 171
 171 171 170 169 168 167 166 165 164 165 161 162 163 160 160 161 155 130
 100  86  88  89  83  82  81  81  81  80  80  80  78  76  81  85  92 100
 107 114 120 125 129 130 130 129 130 132 136 137 139 143 143 144 144 147
 147  29]"
"[ 29  29 216 220 219 220 220 219 222 223 224 222 220 219 219 219 219 219
 219 221 222 222 221 219 219 218 218 218 219 219 219 219 218 219 219 218
 218 219 217 214 215 214 213 212 212 211 211 210 208 206 203 202 203 203
 202 201 199 201 202 201 200 199 199 200 200 200 200 199 198 197 197 197
 196 196 197 199 200 198 196 196 196 196 197 199 198 196 196 197 196 196
 196 195 195 196 197 198 200 199 197 197 199 199 197 195 196 196 196 196
 195 195 195 195 192 193 193 192 192 192 190 188 189 189 189 187 185 185
 185 185 182 182 181 181 180 179 178 179 176 176 176 175 173 172 171 171
 172 172 171 169 167 166 165 165 163 167 162 163 167 163 160 161 158 141
 114  87  87  87  84  81  81  81  80  80  79  79  77  75  74  80  88  95
  99 106 116 124 128 131 132 131 130 131 133 134 137 140 141 141 141 144
 146  29]"
"[ 29  32 214 220 219 217 220 219 219 223 225 224 221 219 219 219 219 219
 219 220 221 221 221 220 218 218 218 219 220 219 219 219 219 219 218 218
 217 217 217 217 217 215 214 213 211 210 209 208 209 206 205 204 202 202
 203 202 202 202 202 202 201 200 199 200 199 200 201 200 199 198 197 197
 197 197 198 198 198 197 197 196 196 198 200 200 197 196 196 197 195 195
 195 195 195 196 197 197 195 195 196 196 195 196 196 197 196 196 195 195
 195 195 195 194 194 193 192 192 190 189 188 188 190 190 189 187 186 186
 186 185 182 182 181 180 179 179 180 181 178 177 176 176 174 172 172 173
 172 172 171 169 168 167 167 168 166 165 163 161 162 163 162 160 160 159
 125 102  88  88  83  82  81  81  81  80  80  78  77  76  77  79  83  89
  97 103 109 116 122 129 133 132 130 130 131 134 139 135 137 139 142 143
 141  31]"
"[ 31  26 212 217 221 222 222 217 218 221 224 223 221 220 221 221 219 220
 220 221 222 222 221 220 220 220 220 221 222 221 220 220 219 219 218 217
 217 216 216 216 215 215 214 213 212 212 211 210 210 208 207 206 203 203
 202 201 200 200 200 200 200 199 199 199 200 200 200 200 199 198 197 197
 198 199 199 198 198 197 196 196 196 197 198 198 196 195 195 196 195 195
 195 195 196 197 198 198 196 197 197 196 195 195 195 196 197 196 195 195
 195 195 194 194 194 193 192 192 192 191 191 191 190 190 190 189 188 188
 187 186 183 182 181 181 180 179 179 180 177 176 175 176 175 174 174 176
 172 172 171 170 168 167 167 167 166 166 165 162 161 162 162 161 154 159
 136 111  89  87  83  82  83  82  80  79  78  78  77  76  77  76  78  85
  92  96 103 113 119 127 132 133 132 131 130 131 130 137 133 135 138 140
 140  27]"
"[ 29  34 215 220 223 223 217 222 219 221 223 223 222 222 223 223 219 219
 220 220 221 220 219 218 218 218 219 220 221 221 220 219 219 219 218 218
 217 217 216 216 216 216 215 214 213 212 210 209 209 207 207 207 205 204
 204 201 202 202 201 201 200 199 198 199 201 201 201 201 200 200 198 198
 200 200 200 199 199 198 197 197 196 196 196 196 197 197 196 196 193 194
 194 194 194 196 196 196 198 198 198 197 196 196 196 196 198 197 196 195
 195 195 195 194 192 191 191 191 191 191 190 190 189 189 189 188 188 187
 186 184 184 184 183 183 182 180 180 181 179 178 177 176 176 175 175 176
 175 174 173 172 170 168 167 166 167 167 166 164 162 161 162 163 160 163
 150 128 101  94  85  86  83  81  79  79  81  81  81  79  78  75  76  83
  88  89  96 108 117 125 131 133 134 132 129 129 132 131 132 138 132 133
 136  30]"
"[ 28  27 217 220 224 217 223 214 219 220 221 220 220 221 221 222 221 221
 222 222 222 221 220 219 219 219 220 221 222 222 221 221 220 220 219 219
 219 218 218 217 217 217 216 215 214 212 210 209 207 206 206 206 205 204
 204 203 201 200 200 199 198 197 197 198 199 199 199 199 199 198 197 196
 197 197 197 197 197 196 196 196 194 194 194 194 195 196 197 197 196 196
 196 196 196 197 197 197 196 196 196 196 195 195 195 195 197 196 195 194
 194 194 194 194 193 192 192 193 193 192 191 190 188 188 188 187 188 187
 185 183 185 184 184 183 182 180 180 180 180 179 177 176 175 175 174 174
 173 172 171 170 168 166 165 164 165 166 165 163 161 161 161 162 159 158
 158 147 118 100  85  86  85  83  82  81  81  80  79  77  78  75  75  81
  84  84  90 100 111 120 128 132 133 132 129 129 131 129 136 136 137 140
 135  28]"
"[ 29  26 221 219 218 221 218 222 221 221 220 219 219 221 222 222 221 221
 221 220 220 219 219 219 219 218 218 218 219 219 219 219 220 220 219 219
 218 217 217 216 216 215 215 214 213 212 210 208 208 207 207 206 204 204
 204 202 200 199 199 199 199 198 199 200 200 199 199 199 200 199 198 197
 196 196 196 197 197 197 197 197 195 195 196 196 196 197 198 199 195 195
 195 195 195 196 196 195 197 197 196 196 196 196 196 196 197 196 195 195
 195 195 195 195 193 192 192 193 193 191 189 188 188 188 187 187 187 187
 186 184 185 185 184 182 181 179 179 180 180 179 177 176 176 176 175 175
 172 172 171 169 168 168 167 167 167 167 166 166 164 163 162 162 163 159
 163 155 129 108  91  88  85  84  83  81  79  79  79  79  77  77  76  78
  81  83  88  95 106 117 127 132 133 131 128 128 130 134 136 133 138 133
 130  31]"
"[ 30  31 214 222 220 223 220 220 220 220 219 219 219 220 221 222 224 223
 223 222 221 221 222 222 222 220 219 219 219 219 219 219 223 222 222 221
 220 219 219 218 219 218 217 216 215 213 211 210 210 209 208 207 203 202
 202 201 201 200 200 199 198 198 198 199 199 199 199 199 199 198 198 197
 196 196 196 196 196 196 196 196 195 195 196 195 195 195 196 197 195 196
 196 196 196 197 197 197 196 195 195 195 195 195 195 194 194 194 194 194
 194 195 194 194 193 193 193 194 193 192 189 188 189 188 188 187 187 188
 188 187 186 185 184 183 181 179 179 180 179 179 178 176 175 175 175 174
 172 171 170 169 168 167 166 166 166 165 164 164 164 162 160 159 159 157
 160 156 143 127 104  87  86  85  83  80  78  77  79  80  76  76  74  73
  76  80  85  90  93 104 116 124 129 129 129 129 128 132 134 138 137 133
 136  29]"
"[ 29  29 208 215 215 218 216 217 216 217 216 215 216 217 217 216 217 218
 217 217 216 216 216 217 217 215 214 214 214 214 214 214 215 215 215 214
 214 213 212 212 214 213 212 212 210 210 208 207 205 204 204 203 199 200
 199 199 198 198 197 197 195 195 194 196 195 195 196 196 195 195 195 195
 195 195 195 195 194 194 194 195 194 194 194 194 193 193 194 194 192 193
 193 193 193 194 194 193 195 194 193 193 193 193 193 192 193 193 193 193
 193 194 193 193 191 190 191 191 191 190 189 189 186 186 186 185 185 186
 186 186 183 182 182 181 181 179 179 180 179 179 179 177 176 176 175 174
 173 172 171 170 169 168 167 166 167 166 165 166 166 164 162 162 161 161
 161 160 153 136 113  89  87  85  82  79  76  75  75  75  75  76  74  72
  75  78  80  83  94 103 112 119 126 129 130 131 131 133 132 131 127 131
 124  30]"
"[29 30 27 30 29 27 31 27 28 29 29 29 29 29 29 28 29 29 30 29 29 28 29 29
 30 29 28 29 29 29 29 29 29 29 30 30 30 30 29 29 29 29 29 29 29 30 29 29
 29 28 29 30 28 28 29 28 29 29 29 29 29 29 29 30 28 29 30 30 29 28 28 29
 29 29 29 28 28 28 29 29 29 29 28 29 29 29 29 29 29 29 29 29 29 29 29 29
 30 30 29 29 29 29 29 28 29 29 29 29 29 29 29 28 29 29 29 29 29 29 29 29
 29 29 29 29 29 29 30 29 30 30 30 30 30 28 28 29 28 30 30 29 29 29 30 29
 29 28 28 29 30 30 29 28 29 28 28 29 29 28 28 29 29 29 26 29 30 27 31 29
 28 28 28 29 29 30 29 29 28 29 28 28 30 30 29 30 27 30 29 28 30 30 28 28
 29 29 28 30 30 29 31 29]"
