"[29 32 29 30 29 29 28 31 30 29 29 30 30 29 28 28 28 30 28 28 30 30 29 29
 28 29 30 29 28 28 29 31 29 29 28 28 30 29 29 31 29 30 28 28 29 30 29 30
 30 29 29 29 30 30 29 29 29 29 28 30 31 29 28 31 31 29 29 30 28 28 29 31
 29 30 30 29 28 29 29 29 29 29 29 29 29 29 29 29 29 30 30 30 30 29 29 28
 30 31 28 28 30 28 29 30 28 31 29 29 29 29 30 29 30 29 30 30 28 29 31 29
 29 28 31 28 28 30 28 29 29 28 28 29 29 29 30 30 28 30 30 28 28 30 30 27
 29 29 29 28 30 29 27 32 29 29 30 30 28 28 29 29 29 29 29 29 29 29 29 29
 30 29 28 29 29 30 29 29 29 29 29 29 29 29 29 28 29 29 30 29 28 28 30 29
 31 28 31 29 29 30 30 29]"
"[29 26 30 28 31 27 31 26 30 30 29 29 29 29 30 31 30 31 29 29 29 30 28 29
 30 29 28 29 29 29 28 27 27 30 31 30 30 29 28 28 30 31 32 30 29 29 29 27
 30 29 29 30 29 28 28 29 28 31 30 26 27 29 29 28 27 30 30 29 30 31 30 26
 29 28 28 29 31 30 30 29 30 30 29 28 27 28 29 29 30 30 29 27 27 28 30 31
 26 28 30 30 29 29 28 28 31 30 29 28 29 29 28 29 30 27 28 30 29 29 30 28
 29 28 29 29 30 32 30 29 30 29 30 31 30 30 30 27 30 27 27 30 31 29 29 32
 29 29 34 31 27 31 31 26 31 28 28 29 30 31 31 28 29 28 29 29 30 30 29 27
 29 29 28 29 29 29 29 29 28 28 28 28 29 30 30 29 29 29 29 30 29 30 30 29
 25 30 29 31 32 25 31 28]"
"[ 30  27 118 116 111 120 111 117 118 118 117 115 114 116 116 115 114 114
 113 115 112 116 116 117 119 118 117 117 118 117 115 113 121 124 122 120
 124 134 143 149 149 150 152 150 145 146 149 147 132 131 131 132 134 138
 145 151 161 184 206 222 233 241 244 245 246 246 245 245 246 243 243 248
 246 245 245 246 246 245 245 245 247 246 247 248 248 248 243 238 215 200
 180 160 149 143 139 135 143 134 130 122 117 120 116 112 111 115 127 133
 140 143 136 133 129 125 123 122 117 116 117 119 114 112 101  84  63  45
  35  29  21  19  19  19  16  15  19  22  17  16  15  15  16  15  14  15
  15  14  13  12  11   9  31  74  93  86  78  73  67  62  57  51  56  56
  57  58  57  54  50  46  32  32  32  32  34  36  38  40  41  41  41  41
  43  45  46  45  48  46  44  45  46  47  47  47  55  51  53  64  74 105
 111  29]"
"[ 28  31 106 109 115 113 116 118 118 119 117 114 114 115 116 115 117 116
 114 116 110 114 114 114 115 116 117 116 115 113 113 113 112 118 120 120
 120 120 119 118 124 128 140 147 146 148 152 150 146 146 146 144 139 136
 136 139 136 140 144 147 155 168 185 199 216 236 247 248 251 254 251 251
 252 251 251 250 252 251 252 253 251 252 253 251 250 250 252 254 254 253
 249 245 235 216 191 173 158 147 146 137 132 136 127 118 117 115 118 111
 113 125 122 121 127 129 133 135 132 125 119 115 117 116 107 105 103  99
  98  93  72  50  30  23  21  18  17  17  15  15  14  12  13  16  17  16
  17  14  14  13  17  36  64  90  89  81  74  68  63  60  59  57  57  58
  60  59  55  49  43  40  40  39  37  34  34  36  39  42  43  44  45  45
  45  47  49  49  50  47  43  44  46  47  48  50  56  64  69  90 107 110
 100  30]"
"[ 30  28 109 110 102 104 111 118 111 113 113 111 111 114 116 115 114 113
 113 114 109 112 113 111 115 115 116 115 114 114 114 115 116 116 115 115
 116 115 115 116 113 111 117 121 119 123 133 138 140 142 145 147 147 146
 148 151 144 142 139 138 139 139 137 137 141 153 165 180 198 212 228 246
 251 252 253 253 253 254 252 250 254 253 253 253 252 252 252 251 251 252
 253 254 254 254 254 253 242 228 217 189 162 153 143 139 132 132 138 128
 118 119 114 113 111 113 115 120 126 129 128 126 124 123 115 114 113 109
 110 105 104  96  91  85  71  53  37  28  12   9   9  13  15  14  14  16
  14  15  14  13  35  72  91  92  83  74  66  61  57  56  58  58  60  61
  61  57  51  45  42  41  43  43  41  38  36  36  39  41  46  48  49  48
  47  48  50  51  51  49  44  45  48  48  49  54  58  72  91 108 108 106
 100  28]"
"[ 28  29  86  86  89  91  92 101 111 113 114 111 108 106 104 102 108 109
 111 112 112 113 115 114 113 111 109 110 112 113 112 111 114 113 112 114
 116 114 111 111 112 112 117 119 114 110 111 112 112 112 114 117 119 122
 127 132 135 137 136 137 143 146 143 139 138 142 137 129 133 140 144 146
 165 182 203 221 233 243 249 252 253 251 250 250 252 254 253 252 252 252
 252 251 251 251 252 252 254 251 253 254 254 252 233 216 194 171 154 141
 136 136 128 121 125 122 116 110 108 106 107 110 116 122 125 123 116 109
 107 105 102 102 101  98  96  95  89  79  69  57  40  25  18  15  14  13
  16  13  19  45  81  90  78  76  76  66  58  56  56  57  59  59  63  61
  58  52  46  43  43  44  45  45  46  45  43  43  44  44  45  47  49  47
  46  46  47  49  50  49  47  48  51  51  54  63  80  93 106 108 104 100
  95  30]"
"[ 31  27  82  81  75  80  81  79  88  90  92  92  92  93  96 100 102 104
 109 107 111 108 109 108 113 111 109 109 112 113 112 111 109 109 108 108
 110 109 107 106 106 109 112 113 112 112 113 112 109 109 111 113 114 113
 112 113 114 119 125 130 138 142 142 143 151 143 135 133 132 131 130 132
 130 132 137 142 150 164 185 201 221 232 245 250 251 251 251 253 251 251
 251 252 252 253 252 252 253 253 253 252 253 254 254 254 255 245 234 217
 193 173 156 140 134 129 124 123 123 115 110 112 101 100 103 105 107 107
 100  96 100 103 102  93  84  86  92  94  90  86  74  61  56  53  41  27
  17  26  56  83  87  82  76  75  69  61  56  57  58  59  60  60  60  55
  50  46  45  45  45  45  49  49  49  48  46  44  43  43  46  47  48  47
  46  46  47  47  48  49  47  49  54  58  67  83  97 104 100  96 102 103
  98  28]"
"[ 29  29 103  97  90  99  86  88  86  81  73  66  62  65  73  82  92  96
 103 100 109 103 106 105 108 108 108 107 107 107 108 108 106 109 107 105
 107 109 107 106 102 109 111 108 109 111 109 106 105 104 104 107 110 112
 113 115 111 109 109 115 121 121 122 128 139 135 133 133 135 140 143 144
 137 128 122 124 125 123 126 131 129 140 160 186 213 234 245 249 252 254
 253 252 251 252 252 252 251 253 252 252 253 251 252 253 251 254 255 255
 253 253 244 222 203 177 147 135 134 126 119 122 119 111 105  97  95  96
  91  90  90  91  95  95  88  82  81  81  79  73  67  66  71  70  60  49
  42  67  88  89  83  75  66  66  60  56  56  58  57  56  57  59  50  45
  41  41  45  49  48  46  49  49  49  48  47  47  47  48  47  48  48  48
  49  49  48  48  50  52  51  53  61  69  85 106 102 101  97  98  98  94
  99  29]"
"[ 30  29 114 113 109 105 103 103 101  95  88  91  89  84  76  76  70  65
  65  73  83  90  95  99 102 105 109 108 103 101 102 103 101 103 104 101
 103 107 107 111 115 111 108 105 103 105 106 105 105 102 103 106 109 106
 104 109 109 107 106 108 111 112 111 109 114 114 113 117 115 113 122 127
 129 131 133 134 137 137 130 127 124 124 123 123 133 137 139 155 182 210
 225 236 253 251 252 252 253 253 252 253 254 253 252 251 253 252 253 255
 254 253 253 253 255 255 252 237 208 185 166 145 131 123 118 116 115 114
 107  95  87  81  80  77  76  76  78  71  67  63  61  61  61  58  57  65
  83  89  89  82  75  67  58  52  50  54  54  57  58  58  56  45  36  37
  38  41  44  46  45  44  44  45  47  48  47  46  48  52  53  52  51  52
  51  49  49  50  49  53  54  58  73  94 105 106 101 100  98  98  96  98
 101  30]"
"[ 28  29 117 122 122 119 114 112 108 107 103 103 100  98  92  92  86  86
  88  89  86  80  75  73  77  76  77  80  85  93 100 102 102 101 101 100
 102 105 101 102 106 105 106 106 104 104 104 102  98 102 105 103 104 106
 104 105 105 106 106 104 106 108 108 104 107 106 107 113 113 108 109 106
 102 105 110 111 116 122 126 132 132 129 131 131 132 131 125 124 119 133
 140 146 165 182 208 232 241 246 250 250 250 251 253 254 252 250 250 251
 250 252 254 255 250 253 254 254 251 252 248 235 229 199 171 154 137 120
 109 104  97  99  95  87  80  76  75  70  60  60  60  61  62  65  75  87
  89  89  83  74  67  61  53  49  52  54  53  56  55  51  45  33  32  35
  38  39  39  40  42  44  43  46  48  48  48  48  49  50  50  53  56  54
  51  50  52  54  60  65  75  88  99 104 105 104 101 101 100 102 101 102
 102  29]"
"[ 31  30 116 120 123 125 123 121 124 125 119 114 108 106  98  95  95  95
  94  92  90  88  88  89  88  80  71  66  64  67  67  65  80  84  89  87
  85  87  94 106 109 105 103 102 101 102 103 101 104 104 105 103 102 101
 100 105 104 107 107 104 100 101 103 104 103 102 102 108 111 108 106 104
 105 107 109 105 103 104 107 111 126 122 128 130 128 132 133 128 125 126
 125 126 126 126 129 142 158 168 183 201 221 240 248 249 252 252 253 253
 252 251 252 252 254 252 251 252 254 254 254 252 252 253 251 245 231 210
 178 149 133 118 107 102  91  86  88  79  64  62  55  58  67  75  85  87
  83  81  74  65  58  53  50  51  58  58  57  58  54  47  41  33  33  35
  37  38  38  41  45  48  46  49  50  49  48  50  51  50  52  57  59  53
  48  49  53  57  67  76  90 103 107 103 100 101 101 101 101 102 102 103
 103  28]"
"[ 28  25 107 107 109 113 113 113 116 118 114 114 115 118 113 110 107 105
 101  97  97  97  94  91 100  95  90  86  83  82  81  78  65  67  71  73
  73  71  68  71  79  78  82  89  95  99 100  97  94  94  98  99  99  97
  95 100 101 101 100  99  98  98 102 105 103 103 102 104 104 102 103 105
 100 100 103 102 101 104 104 105 104 101 105 106 102 108 118 120 121 118
 122 131 132 130 119 122 126 125 123 121 128 144 163 175 189 201 218 234
 246 251 252 253 252 253 254 254 254 251 250 254 254 253 253 251 251 252
 249 244 232 214 187 159 135 104  96  95  90  95  81  76  79  80  85  85
  75  71  63  55  52  50  52  57  62  60  57  54  46  40  39  39  38  36
  36  39  44  49  51  53  50  52  52  51  51  53  54  54  52  56  57  54
  50  52  60  67  81  91 101 104 100  98  99 100 102 101 100 101 100 103
 103  29]"
"[ 30  29 114 114 114 114 113 111 115 115 111 112 111 111 106 105 107 106
 104 103 104 106 103  99 103 101 100  99  97  97  96  92  90  85  82  80
  81  79  73  73  71  68  67  70  73  80  87  89  90  94  97  95  97 100
  97  98 102 100  97  96  97  99 100  98  99 100 101 101 101  98  97 101
 102  97  99  97  96  99 100 100 101 101 101 100  96  95 100 107 109 106
 108 113 113 121 121 129 130 130 130 128 122 117 118 121 123 128 133 142
 160 182 203 218 229 241 250 249 251 254 252 254 253 252 253 254 253 249
 248 249 248 243 244 237 213 178 176 164 155 144 105  86  91  87  82  76
  73  64  53  49  51  54  56  59  63  56  52  48  41  38  40  44  43  41
  42  46  51  54  54  53  54  54  54  56  56  56  56  58  55  57  60  59
  56  57  68  79  97 103 106 102  98  97  99  99 102 102 101 101 100 103
 104  30]"
"[ 28  30 118 119 118 117 115 112 112 113 111 112 108 105 101 105 110 109
 106 103 103 105 106 106 106 103 102 101 101 103 103 100  99 100 102  97
  90  81  72  72  80  78  77  75  69  65  65  65  67  72  82  90  96  95
  89  89  96 102 102  97  94  98 100  98  97  97  97  96  99  97  93  97
  99  95  98  97  93  95  97  98  96  98  96  99 102  98  99 104 101 100
  98  95  92  96  99 105 118 118 120 126 128 126 124 124 121 121 115 108
 110 114 118 124 140 158 185 203 223 237 238 244 245 250 250 245 244 246
 244 243 247 242 242 245 244 219 231 242 249 208 142 104  94  83  74  71
  63  59  54  53  57  57  56  56  56  47  45  44  44  45  46  48  46  47
  51  54  54  53  52  53  57  56  58  61  61  58  58  59  60  60  61  62
  62  67  82  97 106 102  99  99  99  99  99 100 100 102 103 104 102 104
 104  29]"
"[ 28  30 118 119 118 118 117 115 114 116 115 116 113 110 108 112 106 107
 107 105 104 103 103 103 106 103 102 101 101 103 106 106 106 105 104 101
 102 102  98  98  90  84  81  79  74  71  71  70  72  65  64  67  68  64
  63  71  79  84  88  86  84  86  93  98  97  97  96  94  96  94  87  91
  94  89  94  94  90  91  91  90  88  89  86  91  96  95  96  97  93  97
  96  95  96  96 100 101  96  95  94  94  96 100 108 115 117 122 122 121
 124 121 114 111 109 104 107 109 117 128 137 152 178 191 208 223 232 233
 233 237 237 232 235 246 238 225 243 250 239 173 109  86  81  74  65  58
  52  55  57  58  59  56  52  50  45  39  41  44  46  49  49  51  50  52
  55  56  54  52  54  57  60  61  62  63  62  61  60  60  60  58  61  68
  78  89 100 109 106 100  96  99 102 101 101 103 101 103 103 104 104 106
 105  29]"
"[ 28  31 118 119 118 119 117 115 116 117 114 116 114 114 110 111 112 110
 109 108 107 107 106 106 102 102 103 101  98  99 104 105 105 105 105 104
 109 112 108 107 103  96  94  97  98  96  90  83  72  72  74  76  76  71
  66  68  70  63  61  66  67  67  72  81  92  96 100  99 101  98  91  96
  93  86  88  89  87  89  89  87  87  88  86  89  89  89  92  89  87  94
  95  93  96  89  93  93  98  96  94  96 100 102 100  96  92  97  96  99
 111 116 114 114 115 111 113 106 103 104 101 108 105 115 123 132 142 155
 175 195 207 220 222 237 240 244 243 229 170 107  75  77  74  65  59  55
  53  54  53  54  56  54  48  44  42  40  47  49  49  50  50  53  55  54
  54  55  55  55  59  64  63  65  65  62  61  62  63  62  62  61  66  80
  97 106 106 101 101 100 101 103 103 101 100 101 103 104 104 104 105 108
 107  30]"
"[ 29  31 119 118 118 118 118 118 117 117 116 114 113 113 113 114 113 112
 111 108 108 110 108 105 105 106 105 102 100  99 100 101 101 100 100 103
 104 103 103 105 105 104 104 104 105 104 102  99  97  86  84  82  80  79
  74  69  72  70  63  68  68  59  58  54  58  63  64  69  82  88  89  93
  95  89  90  90  86  85  83  82  83  84  88  88  89  89  87  89  88  86
  86  87  87  86  90  92  96  94  95  95  95  96  98  97  97  96  93  93
  96  94  93  98 102 107 114 111 107 111 108 102 104 101  99  97  95  95
 104 114 134 152 173 204 212 228 210 155 101  76  72  76  66  56  54  60
  56  55  54  53  51  49  45  42  45  48  50  51  52  52  52  54  58  57
  56  57  59  62  64  66  65  66  65  65  66  64  61  61  66  67  78  98
 109 107 102 102 102 102 103 104 102 102 103 102 103 103 104 106 107 108
 109  29]"
"[ 29  30 119 117 115 117 117 119 119 117 115 114 115 115 115 115 113 114
 116 115 112 109 105 105 107 107 105 103 102 103 103 103 102 101 101 101
 101 100 100 102  99  99  98  98  99 101 102 103 101  98 103 104 101  99
  95  92  90  86  77  78  75  65  65  61  64  64  59  58  62  60  57  60
  72  68  73  78  83  88  86  81  81  78  76  75  82  89  87  87  90  90
  88  86  84  83  86  87  90  92  93  92  93  95  96  96  91  93  95  95
  95  92  88  86  85  84  90  93  93  96  97  98  98  99 102 105 104  98
  94  93  93 108 111 121 129 146 127  84  72  65  69  65  57  58  59  57
  56  53  50  48  46  44  44  45  49  52  54  55  54  52  51  54  54  56
  58  61  63  66  68  69  67  67  66  66  66  65  64  65  76  86  98 103
 103 102 102 103 104 103 104 104 103 103 105 104 104 104 104 105 106 106
 109  29]"
"[ 27  29 123 121 116 118 117 118 119 119 117 116 115 115 116 116 114 114
 115 116 115 112 112 114 114 112 109 106 105 105 104 102 104 104 102 101
 100 100 101 101  98  97  96  95  95  97  99 101  96  96 101 100  97  98
  97  97  97  95  89  90  87  79  77  74  68  67  63  62  63  58  53  56
  57  57  59  56  55  64  72  77  64  70  71  63  59  62  72  89  92  90
  88  88  87  83  81  85  86  91  92  90  90  91  91  90  89  90  93  93
  89  86  86  86  87  84  85  81  78  80  79  76  78  84  92  98  99  98
  97  97  94 100  95  98 103 104  83  67  72  66  65  60  54  57  58  55
  56  51  46  42  40  40  43  48  49  52  54  55  53  50  49  52  56  59
  62  64  66  68  69  68  68  69  67  63  64  70  74  74  91 100 106 103
 100 101 102 101 106 104 103 103 103 104 106 106 106 106 106 105 105 105
 108  29]"
"[ 31  28 125 121 112 117 116 119 117 118 119 118 117 117 118 120 116 115
 114 115 115 114 115 116 116 114 111 108 108 109 108 106 106 104 101 100
 101 103 103 101 100 100  99  98  97  96  96  96  99  97  97  95  95 100
 100 100  96  96  93  96  95  89  88  86  84  84  82  80  77  68  61  60
  60  58  58  57  58  58  51  46  50  53  52  47  47  46  52  71  90  91
  90  90  89  88  81  82  84  88  86  82  85  91  94  95  88  86  88  91
  87  84  85  85  84  83  84  80  80  84  82  78  76  75  72  68  66  72
  80  87  95  95  96 102 101  88  68  73  70  60  57  55  51  51  54  54
  51  44  39  37  37  38  43  49  49  52  54  55  55  52  52  56  63  65
  65  65  66  69  69  67  71  67  66  67  67  70  83  96 103 102 101 101
 102 103 104 104 105 103 103 103 104 106 108 107 108 108 108 108 107 106
 109  29]"
"[ 29  30 143 144 137 135 126 121 116 116 116 117 118 118 117 115 115 119
 119 119 118 117 119 117 116 116 114 111 110 111 110 107 104 101  97  96
  99 103 102 100 101 101 101 101 101  99  98  96  96  96  96  93  95  99
  97  96  97  97  94  94  93  91  91  91  87  90  91  90  88  85  79  75
  75  67  62  62  67  67  59  54  57  55  48  44  50  48  41  44  51  60
  68  72  75  86  85  86  87  89  86  82  81  82  79  75  79  79  83  86
  86  88  87  80  83  79  79  80  80  78  75  77  77  77  74  70  68  67
  63  60  70  71  75  74  69  63  52  56  52  53  54  51  47  48  50  46
  40  34  31  32  35  38  42  46  46  49  51  53  55  55  57  62  66  66
  65  65  67  69  69  66  67  69  72  72  72  82  98 108 106 103 101 102
 103 105 107 109 105 103 103 105 106 108 109 108 108 109 110 110 110 108
 110  29]"
"[ 30  29 152 151 149 150 147 143 149 145 139 136 134 129 121 115 118 125
 124 122 118 115 121 120 113 116 116 113 111 111 108 105  97  94  91  91
  94  97  98  97 101 101 102 102 103 102 100  99  98  98  98  95  95  95
  92  94  96  96  94  93  91  89  88  87  89  93  94  93  93  93  90  86
  88  87  87  85  81  74  66  67  59  63  59  51  52  54  50  50  49  49
  55  58  49  51  49  59  72  72  75  79  81  83  81  75  72  78  79  71
  69  77  80  74  76  77  78  76  77  76  72  74  72  72  69  67  65  64
  62  60  59  57  60  57  53  54  51  51  51  54  54  51  47  45  45  39
  35  31  29  32  36  39  41  43  43  46  48  49  53  56  60  64  65  64
  65  66  68  68  66  64  69  71  75  79  86 100 108 104 105 105 103 102
 104 107 109 108 106 104 105 106 107 109 110 109 108 109 110 111 110 109
 110  29]"
"[ 28  29 163 163 165 164 165 160 157 155 154 154 154 152 148 144 139 142
 135 132 125 119 123 122 114 118 119 116 114 112 106 100  87  86  85  86
  87  88  92  95 102 103 104 105 104 103 101 100 101 100  98  95  94  92
  88  92  93  94  94  92  91  90  87  85  86  87  90  91  91  92  92  88
  88  88  89  88  90  88  82  83  77  77  75  67  64  63  57  56  58  48
  53  60  47  47  47  59  57  48  49  55  57  62  69  68  74  80  76  64
  60  66  70  70  71  79  81  74  73  75  70  68  66  66  66  64  61  58
  57  57  58  52  54  55  53  51  51  52  52  52  49  49  45  39  39  36
  37  35  34  36  39  43  45  46  49  51  51  51  56  61  63  65  65  65
  66  69  69  67  66  66  77  71  81  99 105 104 104 104 104 105 105 105
 106 109 109 107 108 106 106 108 108 109 110 109 109 110 110 110 110 109
 109  28]"
"[ 29  29 168 165 167 164 167 163 163 166 167 166 162 159 158 159 161 160
 152 153 150 141 140 134 128 130 129 123 116 109  98  88  78  79  81  83
  81  81  87  94 101 103 107 108 106 104 103 102 100  98  97  96  99  96
  89  91  96  95  94  90  89  90  88  88  88  87  88  90  89  87  85  82
  82  83  82  79  82  83  79  80  81  80  87  92  91  85  78  79  77  68
  69  69  54  62  57  57  54  42  43  49  45  45  48  45  47  49  48  48
  54  56  53  51  53  61  67  67  69  69  64  67  62  58  54  54  55  57
  57  58  53  51  51  50  47  43  45  47  46  52  51  48  40  33  34  33
  37  36  36  38  43  48  52  54  53  56  54  53  57  63  64  64  66  65
  67  71  71  69  70  74  72  84 102 109 105 106 108 103 103 106 109 111
 110 109 110 111 110 109 109 109 109 110 111 110 111 111 110 109 109 108
 110  29]"
"[ 31  27 173 171 166 163 159 167 169 167 167 167 168 162 159 166 164 162
 159 157 152 151 157 159 154 148 149 141 134 106  94  89  79  79  79  79
  77  78  83  90  96 100 103 106 108 109 107 104 100  99  99  98  97  94
  94  95  97  95  92  94  92  92  89  89  89  88  87  86  85  84  83  81
  79  80  81  80  79  79  77  76  77  78  82  89  84  84  84  84  84  80
  81  81  76  76  76  71  72  67  61  57  53  50  50  51  45  39  39  41
  39  41  39  31  34  40  42  48  52  52  56  56  56  57  57  56  54  52
  50  47  45  43  44  46  44  40  41  46  44  42  41  41  37  34  34  37
  41  39  37  39  45  52  55  55  57  56  53  52  58  63  64  65  65  68
  70  68  73  72  75  76  83  98 108 107 106 109 109 106 109 109 110 111
 111 110 110 110 111 110 109 109 110 110 112 114 112 111 111 110 110 109
 110  28]"
"[ 29  28 145 145 150 150 153 158 167 169 170 167 170 170 166 166 166 163
 162 161 157 156 158 160 161 157 160 162 143  99  86  82  75  73  72  74
  76  77  80  84  88  91  98 104 107 107 106 105 103 101 100 100  99  97
  95  95  96  97  96  97  93  93  90  91  85  88  91  90  87  84  81  79
  84  84  84  83  81  79  78  76  76  77  78  83  79  79  79  82  81  79
  81  83  81  82  82  80  82  79  74  71  67  64  62  60  53  48  48  46
  40  39  37  30  27  28  25  27  30  30  35  38  44  47  49  49  46  42
  38  35  38  37  37  38  38  36  36  37  38  34  31  32  34  33  33  34
  40  41  42  44  48  52  54  54  56  57  57  57  61  64  65  66  65  64
  69  72  75  71  79  92  98 107 111 109 108 109 110 112 112 111 111 112
 112 111 110 110 111 110 109 109 109 110 112 114 114 114 114 112 111 109
 110  29]"
"[ 31  30 140 138 139 140 140 138 142 144 147 148 151 156 160 169 174 168
 171 171 169 169 167 170 164 164 162 164 132  86  79  77  72  72  73  73
  72  71  74  78  79  83  91  99 103 103 104 106 107 105 104 105 105 103
 102 101  99 101  99 100  97  97  91  87  83  89  94  92  89  87  86  86
  89  87  85  83  84  83  80  76  76  77  76  78  75  74  72  76  77  77
  78  79  78  75  74  74  79  78  77  77  78  78  76  74  75  67  62  57
  51  47  40  31  35  35  32  33  33  28  27  27  23  25  25  24  24  25
  27  28  32  31  30  31  33  34  33  31  32  27  25  28  31  33  34  35
  39  43  47  49  51  52  53  53  55  58  60  61  64  65  65  65  65  68
  70  69  75  81  96 107 111 113 112 110 109 109 111 115 115 113 112 112
 112 111 111 110 113 112 111 110 110 111 113 115 115 116 116 114 113 110
 111  29]"
"[ 29  27 165 158 147 148 144 139 135 135 138 141 139 139 136 141 133 118
 116 116 124 142 157 174 161 169 167 153 106  73  73  72  73  73  73  72
  69  68  71  75  76  80  86  92  96  97  99 102 105 104 105 107 109 109
 111 113 104 103 100 103 108 114 109 104 100 103 103  98  93  92  91  91
  91  90  88  87  88  89  85  81  78  80  77  79  78  75  70  73  74  74
  75  75  75  72  71  74  76  75  74  73  75  77  75  72  79  73  69  66
  64  62  57  50  49  45  39  37  34  28  24  25  27  27  26  25  24  23
  23  23  24  23  24  26  28  28  28  28  27  26  27  29  31  33  35  38
  40  44  49  51  52  53  54  55  55  59  62  64  66  66  64  65  63  68
  70  69  82  97 108 109 112 113 112 111 111 111 112 115 115 114 114 114
 114 113 112 113 114 114 114 113 112 113 114 115 115 115 115 114 114 112
 112  30]"
"[ 28  29 187 180 177 183 183 183 168 163 155 150 142 138 120 108  91  77
  75  75  82  97 106 120 132 150 158 140  91  72  73  73  72  70  67  66
  67  69  71  73  76  80  85  87  89  91  92  91  96  97 100 104 107 111
 117 122 123 123 117 115 113 116 113 111 109 109 108 104 103 103 102 100
  95  96  94  92  92  92  89  85  80  81  78  81  81  79  74  76  75  75
  74  74  75  73  72  75  75  74  72  71  72  73  70  66  67  68  68  68
  66  66  66  65  58  54  49  47  44  38  33  34  30  29  27  25  25  24
  23  21  18  17  18  20  21  19  21  25  23  25  28  31  33  34  36  39
  43  46  49  51  52  55  57  58  59  61  63  65  67  66  65  66  66  68
  77  89 106 110 111 109 112 114 113 112 113 114 114 115 115 115 116 116
 115 114 114 115 115 116 116 115 114 114 114 114 114 114 114 114 115 115
 113  29]"
"[ 28  31 180 172 179 178 177 178 183 181 182 183 165 143 108  87  78  73
  80  86  90  93  90  91  92 103 116 111  81  69  67  66  67  66  64  63
  63  66  69  72  75  80  84  84  85  85  85  83  88  90  94  99 103 109
 117 124 131 139 144 144 137 137 136 138 137 134 131 128 125 120 113 107
 107 103  98  96  98  98  92  83  84  83  79  82  81  81  78  81  79  78
  76  74  72  72  72  71  72  73  73  74  74  74  70  66  64  65  65  64
  63  62  61  61  58  55  54  53  52  48  42  43  45  41  36  32  30  28
  25  22  21  18  17  19  18  15  17  22  22  23  26  30  34  37  37  38
  43  45  49  51  54  57  59  60  62  63  63  65  67  67  67  70  77  80
  92 106 119 116 114 114 113 116 115 113 114 117 116 116 115 116 117 117
 115 114 114 115 115 116 116 115 115 115 114 113 115 115 115 114 116 116
 114  29]"
"[ 29  31 176 174 179 176 176 176 176 176 178 173 138 107  83  80  83  77
  77  82  88  94  99 101  91  88  90  96  79  65  64  63  61  63  63  61
  60  62  67  70  74  78  82  83  83  82  82  82  86  88  91  95  99 106
 114 121 127 136 146 154 153 154 153 155 149 147 145 145 143 137 131 127
 125 120 113 109 110 111 103  94  95  92  88  88  82  81  81  83  82  79
  77  75  73  76  77  73  74  74  75  77  76  73  69  67  65  65  63  63
  64  63  59  56  59  55  53  48  48  48  44  47  40  40  40  40  41  40
  36  33  30  26  22  21  20  19  20  23  23  23  26  30  35  38  39  39
  43  46  51  55  58  60  61  62  63  64  65  66  68  70  74  80  86  95
 105 109 116 116 117 115 116 118 117 114 116 118 118 119 117 116 116 116
 116 115 114 115 114 115 115 114 115 116 115 113 114 115 116 115 117 117
 115  29]"
"[ 30  26 180 181 173 173 174 174 171 175 172 151 104  80  73  83  80  77
  76  82  89  95 102 102  95  87  80  87  72  51  56  58  57  58  58  59
  60  63  66  67  74  76  80  83  82  80  83  87  87  87  89  93  98 103
 111 117 126 128 132 144 153 161 160 160 163 160 158 159 158 154 151 150
 140 140 136 128 123 121 119 115 106 103  99  97  86  83  82  83  84  80
  79  77  74  78  79  72  73  73  75  77  77  74  72  72  67  69  68  65
  64  60  57  56  53  52  53  48  47  45  38  38  40  39  37  36  37  39
  39  39  36  32  26  23  23  24  24  24  23  25  27  31  34  37  40  41
  43  48  55  60  63  64  64  64  63  66  67  69  72  75  81  89  95 105
 114 114 118 117 118 117 117 118 117 116 118 119 120 122 120 118 116 117
 118 118 117 117 114 115 115 114 115 117 116 114 113 115 116 115 117 117
 115  30]"
"[ 30  28 184 180 177 179 176 174 172 173 167 122  98  87  85  80  80  76
  74  78  88  96 101 102  99  95  88  81  64  47  47  54  52  53  54  59
  62  63  63  67  73  74  77  80  79  78  81  84  83  86  88  91  96 100
 106 112 122 123 124 131 138 151 159 166 170 173 172 166 163 162 161 168
 157 155 150 146 147 144 143 137 126 123 119 115 111 108 102  94  95  85
  84  83  82  88  87  78  71  73  75  76  77  76  74  72  72  75  74  72
  69  62  56  57  53  52  49  46  45  43  37  31  34  34  32  32  32  32
  31  30  30  30  28  25  24  23  24  24  24  25  27  29  32  36  40  43
  51  54  58  59  61  64  65  66  66  67  72  75  80  80  94 104 108 111
 116 120 122 122 122 122 122 121 120 121 122 121 121 121 122 121 120 119
 119 119 119 118 115 113 114 117 119 118 117 117 117 117 116 117 118 118
 119  28]"
"[ 30  29 187 184 183 186 183 182 178 181 149 103  94  89  82  81  78  76
  76  80  89  98 102 101  98  98  93  87  75  59  51  46  45  51  53  54
  57  61  63  65  68  71  75  77  77  78  79  80  80  84  87  90  94  98
 104 111 117 121 123 128 128 133 137 143 161 166 169 165 164 163 162 166
 165 166 165 164 166 162 162 157 148 144 141 136 130 127 122 116 110 102
 102  99  94  97  95  87  77  76  74  76  79  81  78  74  75  76  75  74
  73  69  66  66  59  54  49  47  46  45  42  40  37  36  34  32  31  30
  27  24  24  25  24  23  23  24  24  24  25  25  26  29  33  39  45  49
  54  54  54  57  61  66  67  67  69  72  76  80  91 100 112 114 114 117
 120 123 124 124 124 123 122 121 122 123 122 121 121 121 122 121 121 120
 119 119 119 120 117 116 116 119 119 117 117 117 117 116 116 118 117 117
 118  28]"
"[ 28  28 186 185 184 186 183 182 183 183 131  94  89  87  81  81  76  76
  76  78  86  95  99  98 100 102  98  93  85  73  58  42  37  43  49  53
  58  61  61  60  63  67  70  71  73  75  77  76  78  83  87  90  93  96
 102 109 113 119 124 128 123 122 121 124 126 129 130 130 138 147 152 160
 158 161 165 167 168 163 163 159 168 162 156 151 145 140 135 130 126 120
 120 115 108 109 106 101  89  86  82  80  82  82  79  76  78  75  74  74
  73  72  70  68  63  57  53  52  52  48  45  43  41  38  35  32  31  30
  27  23  24  24  24  25  25  24  24  23  24  24  26  29  34  41  47  51
  53  54  55  56  58  62  67  70  76  80  84  89 101 109 117 114 120 122
 124 125 126 125 125 125 124 124 124 124 123 122 122 123 121 122 122 121
 119 119 120 121 118 118 119 120 120 118 118 119 119 118 117 119 118 116
 118  29]"
"[ 30  29 188 187 186 187 184 183 185 177 123 104  88  84  85  80  78  76
  75  76  81  88  94  97 100 102  98  95  92  86  72  55  42  37  39  46
  54  57  60  61  61  63  64  65  67  71  74  75  77  82  86  89  93  95
 100 106 109 114 120 127 123 121 118 121 121 119 118 119 126 129 126 129
 130 133 136 140 146 147 155 157 158 154 153 154 152 149 143 138 135 131
 132 127 120 121 120 117 110 108 105 101  97  95  94  93  88  83  82  81
  77  75  73  68  65  61  58  58  59  57  52  49  44  42  37  34  32  31
  30  28  24  24  24  24  23  22  21  21  23  25  28  32  37  42  47  49
  53  54  56  57  58  62  69  75  79  87  95 104 112 115 121 122 127 127
 128 129 129 129 129 129 128 127 125 124 124 125 124 124 122 122 123 122
 120 120 120 121 118 118 119 120 121 120 120 120 121 118 117 118 117 115
 117  30]"
"[ 29  29 188 189 188 190 187 187 189 172 121 114  95  87  87  81  81  78
  77  79  80  83  90  97  99 100  97  96  96  94  88  76  57  42  38  41
  51  55  61  61  59  58  58  61  64  67  71  75  76  79  83  87  92  95
  98 101 104 106 109 118 118 119 117 120 123 121 122 127 134 133 130 135
 129 126 121 116 117 116 125 128 135 136 141 145 144 142 140 137 139 136
 135 129 122 122 120 117 115 115 114 110 107 105 105 105 100  96  94  92
  86  81  77  72  74  69  63  60  60  59  53  47  47  45  41  37  34  32
  31  30  26  26  26  26  24  22  22  23  24  27  31  35  39  43  46  48
  55  54  55  60  64  69  76  81  87  98 108 116 119 122 127 130 130 130
 130 130 130 130 131 131 130 128 126 126 127 127 125 123 122 122 122 122
 122 122 121 121 118 118 118 120 122 122 121 121 121 119 117 117 115 114
 117  29]"
"[ 28  28 188 189 188 189 186 186 194 175 121 112 104  94  87  84  83  79
  79  82  82  81  87  95  98 100  98  98  98  96  94  88  75  58  47  38
  42  46  56  56  54  53  55  59  62  65  69  73  72  75  78  84  90  93
  94  96 100  99 100 108 108 110 111 118 125 124 125 127 131 133 139 152
 155 153 147 137 130 122 122 118 121 123 126 126 124 125 130 134 134 132
 131 126 123 123 120 118 118 118 117 115 114 114 113 112 109 105 103 101
  96  91  86  81  81  77  72  67  66  63  56  47  48  48  46  43  39  36
  34  32  33  31  30  29  27  24  24  25  26  28  32  36  40  44  47  50
  55  56  59  65  69  73  81  89 103 114 118 122 122 129 133 131 134 133
 132 131 131 131 131 132 131 130 129 128 129 129 125 122 122 122 122 123
 124 124 123 122 120 119 119 120 122 123 122 121 122 120 118 118 116 116
 118  29]"
"[ 30  30 190 191 190 190 187 187 193 179 131 109 105  97  88  87  84  81
  80  82  81  80  83  90  95  98  97  98  98  97  97  93  93  77  65  46
  37  33  46  50  51  51  53  56  59  62  66  69  69  72  76  81  87  89
  89  91  94  94  95  99  96  97 103 114 120 125 129 130 132 133 136 147
 155 162 167 167 167 162 161 155 146 144 141 134 126 125 126 126 122 120
 120 116 116 119 118 118 119 118 116 114 115 115 114 113 114 111 107 105
 105 102  97  95  86  84  81  80  79  76  70  65  57  57  55  52  48  45
  41  38  39  35  31  30  28  25  23  22  25  29  33  37  41  45  49  52
  54  58  65  73  76  81  92 103 116 123 123 127 129 137 140 138 140 138
 137 136 136 136 136 136 135 134 132 130 129 129 127 125 124 123 122 123
 123 124 123 122 121 121 121 121 122 123 122 121 122 122 121 120 119 120
 120  29]"
"[ 29  29 190 192 191 191 187 188 188 180 144 110 100  94  90  88  86  82
  80  79  79  79  82  85  90  95  96  98 100 101 102  98 101  92  92  78
  59  36  39  42  50  52  53  53  55  60  65  66  69  72  75  80  85  86
  86  87  86  88  90  93  86  86  95 110 115 122 128 128 129 130 128 132
 135 146 156 159 163 162 163 157 164 163 163 162 160 159 153 145 139 135
 130 121 117 118 116 116 117 117 115 114 113 114 114 115 113 110 104 102
 106 105 101 100  95  90  86  84  81  77  74  74  70  68  64  60  55  51
  46  42  45  39  34  33  34  31  28  26  25  30  36  40  44  47  51  54
  55  58  66  78  87  95 106 117 122 124 123 131 132 136 138 139 140 139
 137 136 137 137 137 137 139 137 134 130 128 129 130 130 126 125 124 123
 122 122 122 122 121 122 123 123 122 122 122 122 122 123 122 121 120 122
 121  28]"
"[ 29  29 192 190 189 189 189 187 190 192 168 123  92  92  88  88  88  84
  79  80  79  76  77  79  83  86  92  98 100  99 100 103 102 100 100  92
  80  56  36  41  44  48  47  47  51  55  59  65  65  67  75  78  81  84
  82  82  81  78  77  79  80  82  90 100 106 114 124 128 129 129 130 130
 129 127 126 132 146 159 162 159 157 157 157 157 156 156 157 159 162 159
 156 154 152 145 136 128 125 125 123 116 109 108 108 105 103 101  99 103
 108 107 105 100 100  99  94  87  83  83  81  77  75  71  68  66  63  61
  56  51  47  46  45  43  40  37  33  30  28  29  33  35  41  48  51  55
  59  65  75  85  96 108 118 122 124 128 131 134 137 138 138 139 143 142
 140 137 137 139 140 138 138 139 138 134 131 130 131 132 130 130 128 124
 123 124 124 121 121 123 126 125 122 123 124 122 122 124 120 119 121 121
 122  29]"
"[ 28  29 191 189 188 189 189 187 188 197 188 150 100  94  91  89  85  84
  82  78  77  74  70  76  80  82  86  92  96  99  99  99 101 101 105 106
 103  91  64  41  35  40  43  43  47  54  58  60  65  67  74  75  76  77
  74  75  72  70  70  72  76  80  85  90  97 105 115 122 126 128 128 127
 128 130 129 123 121 127 137 145 155 155 156 157 157 156 155 157 153 149
 145 144 146 148 148 147 148 147 145 141 136 136 136 133 126 117 109 112
 115 110 106 102  98  99  99  95  88  82  86  92  82  79  76  71  68  65
  62  55  51  52  53  53  49  43  39  37  36  33  32  34  40  47  51  59
  66  75  88  98 107 115 122 126 133 136 138 141 143 143 142 143 143 144
 143 142 142 143 142 140 141 140 139 136 134 132 131 130 128 129 128 125
 124 126 127 126 120 122 124 124 122 123 125 125 123 125 122 122 122 122
 122  29]"
"[ 29  29 191 190 190 191 191 190 189 192 194 184 132  99  80  84  91  82
  78  79  77  75  74  72  71  76  81  85  89  93  97  99 103 102 105 107
 106 108  95  65  44  36  34  39  46  52  57  59  62  65  71  71  71  72
  71  72  65  64  64  67  73  79  82  83  87  94 104 113 120 124 125 124
 124 127 129 129 129 129 128 127 148 156 163 162 158 156 155 154 155 151
 146 144 144 146 146 146 142 140 141 142 142 143 145 144 146 139 134 140
 141 131 124 120 114 112 111 108 100  92  92  97  89  83  81  76  76  71
  73  70  63  61  59  57  54  50  47  45  43  37  33  34  42  47  52  67
  73  84 100 110 116 121 127 130 136 138 139 141 143 143 142 142 143 144
 144 144 145 146 144 142 143 142 140 138 137 136 133 130 130 130 128 125
 124 125 126 125 123 123 124 124 122 121 123 125 125 127 125 125 124 123
 123  28]"
"[ 29  29 192 192 192 193 195 194 194 192 193 201 179 139  97  86  86  84
  79  80  77  73  75  66  64  68  75  80  84  88  95 101 101 103 106 110
 106 108 110  95  72  51  36  35  40  48  56  58  57  59  65  66  66  67
  65  66  63  61  61  65  72  77  80  81  85  90  97 105 111 115 118 119
 121 125 129 132 132 131 128 126 130 148 167 172 165 159 160 165 159 156
 152 149 147 145 143 141 144 141 141 143 143 142 141 140 139 137 137 145
 148 145 147 148 145 142 136 131 124 117 110 105  99  89  89  85  85  74
  76  77  76  71  65  60  59  58  53  49  46  42  37  37  46  50  57  74
  83  94 108 118 122 125 130 134 137 138 139 140 143 143 143 144 144 145
 144 144 145 146 146 145 143 143 142 141 140 139 135 133 132 132 129 125
 124 124 124 123 127 125 126 126 123 121 123 125 127 129 127 128 126 125
 125  29]"
"[ 29  28 192 192 193 194 195 195 195 197 194 195 201 188 150 113  84  85
  86  84  80  77  71  66  64  63  66  74  81  86  92  98 102 103 104 110
 110 109 113 110  96  82  59  38  30  39  50  50  53  55  59  58  57  57
  54  54  59  57  58  64  70  72  76  80  86  90  96 101 104 107 110 112
 115 119 124 126 127 128 130 131 127 130 143 163 175 175 171 171 171 169
 165 161 159 157 155 153 152 148 147 148 146 142 139 136 138 139 138 141
 142 141 143 141 140 140 139 139 137 132 127 123 116 109 112 108 108  97
  97  95  89  87  81  75  73  73  68  61  61  60  55  53  60  66  73  90
  97 104 113 120 124 127 132 136 138 139 139 140 143 144 145 146 146 146
 145 145 145 147 147 147 142 143 143 142 141 139 137 135 132 131 129 127
 126 127 127 125 127 125 127 129 127 126 128 130 128 128 128 129 126 125
 125  29]"
"[ 29  29 192 193 193 194 195 195 193 192 194 192 194 195 188 162 123  82
  84  87  81  83  72  68  66  63  65  73  78  80  86  94 101 104 103 106
 110 110 111 113 108 103  86  59  38  36  42  44  51  52  56  53  51  51
  48  48  54  53  57  64  68  69  72  78  83  87  93  98 100 101 105 109
 111 113 116 121 127 131 133 134 137 131 128 138 159 175 176 170 173 171
 169 167 165 162 159 157 157 154 154 155 153 150 148 145 141 143 141 141
 143 143 141 134 133 131 131 135 134 128 123 122 116 115 117 110 111 109
 112 107  96  97  93  85  81  81  80  77  74  73  68  63  67  74  82  96
 103 107 112 117 121 126 132 137 138 139 139 140 143 144 145 146 146 146
 146 146 147 147 147 147 142 144 144 143 140 139 137 136 132 131 129 128
 128 128 127 126 126 125 127 129 128 128 130 130 127 127 126 128 125 125
 126  28]"
"[ 29  29 193 195 195 194 195 195 196 191 192 196 191 187 196 196 175 115
  94  86  79  83  76  69  68  67  69  73  75  77  83  90  95  99 106 109
 111 110 107 108 107 107 100  84  67  53  45  42  46  48  51  49  46  47
  46  49  51  53  57  62  64  65  70  76  78  82  87  91  93  94  99 105
 109 111 114 116 118 122 128 133 135 139 137 131 134 150 166 174 171 171
 171 172 171 169 165 162 161 159 159 159 156 155 153 151 154 154 147 142
 142 143 144 138 131 126 125 128 131 128 123 119 117 115 113 108 105 106
 107 104 104 104 101  96  92  91  94  96  87  83  80  75  77  83  91 102
 104 106 109 114 120 125 132 137 140 142 143 144 146 147 147 148 147 147
 147 147 146 146 146 146 144 145 145 143 141 140 138 137 134 134 133 131
 129 127 127 126 128 127 128 128 127 128 129 127 127 125 126 129 126 127
 128  29]"
"[ 29  29 193 195 195 194 195 195 194 197 191 193 195 194 195 195 200 179
 127  89  82  81  78  75  73  70  69  71  75  79  83  86  93  91 101 105
 104 105 103 105 100 106 103  95  91  79  57  39  38  41  46  43  40  41
  43  48  50  53  56  57  58  61  68  74  78  80  82  84  84  85  91  97
 102 104 109 113 117 120 123 126 132 133 135 137 135 139 154 170 173 172
 171 171 170 169 167 165 162 161 161 160 158 158 158 157 156 160 157 155
 154 155 157 154 156 153 147 140 138 135 127 118 119 115 114 115 110 105
 102 102  99  97  96  97  96  93  92  95  94  88  86  85  87  91  97 106
 108 109 112 117 122 127 133 138 139 142 144 145 147 147 146 148 149 148
 147 146 146 145 146 147 146 146 145 144 143 142 140 139 137 138 138 136
 132 130 129 130 130 129 129 128 127 129 129 126 127 125 126 130 127 128
 129  29]"
"[ 30  28 194 195 195 196 194 195 195 195 195 195 195 195 194 193 196 205
 181 128  90  80  80  81  73  72  70  73  75  76  76  80  85  91  96  99
 101 101 101 102 101 101 101  98 100 102  86  61  46  38  39  36  38  39
  46  48  51  51  52  56  59  62  66  71  73  77  77  76  79  85  91  95
  97 100 104 109 115 118 120 123 125 130 133 137 140 138 142 155 170 176
 172 174 173 170 171 162 165 163 161 160 159 159 158 159 157 159 160 160
 157 155 154 154 155 154 154 151 146 143 141 139 128 132 128 121 117 111
 104 101 102 101  99  95  93  93  92  90  91  94  89  88  96 101 103 107
 106 109 112 120 124 125 132 137 141 144 145 145 146 147 146 147 148 147
 147 148 147 146 145 146 147 147 147 147 146 144 141 139 139 138 136 134
 132 129 129 130 129 129 129 128 127 127 127 128 128 128 129 127 127 126
 129  30]"
"[ 29  29 194 195 195 196 194 195 196 196 195 196 196 196 195 195 194 193
 203 187 130  89  83  83  78  76  72  72  76  78  77  78  83  88  91  93
  96  98  97  97  95  98 102 102 106 110 100  82  62  45  38  31  35  40
  47  49  49  50  53  57  61  64  67  68  72  72  70  70  76  83  86  89
  94  96  98 103 110 113 115 117 122 130 134 134 135 134 136 141 147 169
 175 172 173 171 168 170 166 165 164 163 161 159 157 156 157 159 161 161
 160 159 157 157 155 154 154 153 149 148 147 144 140 140 136 131 129 124
 115 108 108 107 103  99  97  96  95  93  96  99  96  93 100 105 106 109
 109 112 115 121 124 125 133 139 144 145 145 144 146 146 146 146 148 148
 148 148 148 147 146 147 147 147 147 147 147 146 145 143 143 141 138 136
 133 131 131 132 131 130 129 129 129 129 130 130 130 129 129 127 127 126
 128  28]"
"[ 29  29 195 195 195 196 195 195 196 196 195 196 196 196 196 195 195 197
 199 203 189 144  98  78  86  81  76  74  74  70  71  76  76  81  85  88
  92  92  89  87  87  92  99 102 107 113 112 104  87  70  57  41  33  33
  43  52  53  52  54  59  60  59  60  63  67  66  64  66  73  78  81  83
  88  91  95 101 107 109 109 110 113 119 126 130 132 135 138 140 141 147
 166 174 172 173 172 170 169 165 162 162 163 161 159 158 157 158 160 161
 162 161 159 157 155 154 154 153 151 151 150 148 147 144 140 136 133 130
 124 115 117 114 109 105 102 102 101  99  99 103 100  97 102 106 107 108
 111 115 118 122 123 125 134 141 145 146 144 143 145 146 146 146 151 151
 151 150 148 146 146 146 146 146 146 146 147 147 146 145 144 143 141 138
 136 134 133 134 133 131 130 129 130 131 131 130 131 130 130 128 128 127
 128  28]"
"[ 29  29 195 196 195 196 195 195 195 195 195 196 196 196 196 196 195 197
 196 198 204 192 149 105  90  89  85  78  78  74  74  74  72  77  81  82
  84  83  81  80  82  88  94  98 104 111 115 114 111  93  75  54  40  34
  35  40  49  51  53  56  58  59  61  63  60  62  63  67  71  73  76  81
  82  88  94  99 102 103 104 108 110 110 117 125 129 132 138 143 145 144
 145 156 173 179 173 171 173 169 165 164 163 161 159 158 157 158 160 161
 161 160 158 157 155 153 153 152 151 151 150 147 146 143 141 136 130 129
 127 122 119 115 110 106 104 104 102 101  99 103 102  99 103 107 109 109
 114 118 119 123 124 126 135 142 145 145 143 143 146 147 147 147 151 152
 152 151 149 147 146 146 146 146 146 146 146 146 145 145 144 143 143 142
 140 137 135 134 133 133 132 131 131 131 131 130 131 130 130 129 130 129
 130  29]"
"[ 29  29 194 196 196 196 195 195 196 196 196 196 196 196 196 197 195 195
 199 198 197 204 194 166 116  94  79  77  84  74  70  70  71  76  78  76
  74  74  75  78  80  85  91  97 104 111 114 115 117 108  94  76  58  44
  35  36  41  48  53  53  56  61  63  60  57  59  62  64  67  68  71  76
  79  82  86  90  95  97 100 103 104 103 109 116 122 128 136 142 144 147
 136 138 156 171 179 176 172 172 171 169 166 163 161 161 160 161 161 162
 161 161 160 160 157 155 155 154 152 152 150 147 147 144 143 138 132 130
 130 127 122 117 112 108 106 106 104 103 100 104 105 103 105 110 113 114
 118 121 121 124 126 128 137 142 144 145 143 143 146 148 147 147 147 148
 150 150 149 149 149 150 148 148 148 147 146 146 146 146 145 145 145 144
 143 140 137 136 134 135 135 134 133 132 131 130 130 129 130 130 131 130
 131  29]"
"[ 29  29 195 197 196 196 195 195 195 195 196 196 195 196 196 196 197 199
 195 193 198 200 200 201 180 137  99  82  86  76  71  70  66  72  74  72
  69  67  68  71  77  83  90  97 106 111 111 112 113 116 112  99  80  64
  47  45  38  38  43  51  55  54  53  55  57  58  57  57  61  64  67  70
  73  74  75  81  89  92  91  91  92  97 103 107 114 124 133 138 138 140
 136 136 135 147 174 181 178 176 173 169 168 168 166 163 162 162 162 162
 162 162 162 162 160 159 158 158 156 155 153 150 150 146 144 141 137 135
 131 126 124 119 114 110 108 106 104 103 101 104 106 105 107 111 116 117
 120 123 123 126 128 130 137 140 144 145 145 145 147 147 146 147 146 148
 149 149 150 150 151 150 149 149 148 148 147 147 147 147 147 146 145 144
 142 139 138 137 135 136 137 136 134 132 130 130 131 130 130 130 131 130
 130  28]"
"[ 30  29 195 197 196 196 195 196 195 195 195 195 195 195 196 196 197 195
 196 196 193 193 197 199 206 188 153 107  91  83  78  66  62  67  69  67
  65  64  63  64  75  82  88  95 103 106 106 108 113 114 111 108 100  90
  65  53  43  33  32  42  48  46  48  55  55  56  54  53  57  62  64  65
  68  67  67  71  77  80  80  81  88  95  99 100 106 115 123 131 131 138
 134 135 137 133 146 168 180 181 178 172 169 169 166 161 164 163 162 162
 163 163 163 162 162 161 161 161 159 158 156 152 151 149 144 141 140 136
 130 126 123 119 114 110 108 105 102 101 102 103 106 107 107 110 115 117
 120 123 124 128 130 132 138 140 144 146 146 146 146 146 146 148 149 151
 151 150 150 150 149 148 148 148 148 148 147 147 147 147 147 146 145 144
 142 140 138 137 136 136 136 136 135 133 131 130 131 131 132 132 132 131
 131  29]"
"[ 30  29 195 197 196 196 195 196 195 196 196 196 195 195 196 197 196 193
 195 197 196 195 195 195 195 203 197 157 121  89  81  77  67  67  64  60
  61  62  64  66  76  83  88  91  98 101 102 104 109 114 114 114 110 104
  80  67  55  45  34  31  37  44  48  50  51  54  54  53  56  60  63  64
  66  65  61  59  62  67  73  80  85  91  93  95 102 107 116 129 133 130
 135 139 138 135 133 138 162 175 183 180 173 170 169 167 165 163 161 161
 163 164 162 161 161 161 162 162 159 158 156 153 153 152 147 142 140 136
 130 130 127 122 118 115 112 108 105 104 104 104 107 109 108 109 114 117
 119 123 126 130 132 134 140 143 144 147 147 146 146 146 146 148 151 152
 152 151 150 150 149 147 147 148 148 148 147 147 147 148 146 146 145 145
 144 142 139 137 137 137 136 136 136 135 133 131 132 132 133 133 134 132
 132  30]"
"[ 30  28 194 196 196 197 195 195 198 200 200 197 195 196 196 195 195 195
 195 195 195 195 195 195 194 195 202 203 189 145  96  82  71  69  68  57
  59  64  69  69  75  81  82  83  91  97  99 100 105 108 112 114 115 113
 109 104  82  64  51  32  29  36  44  46  45  53  55  52  54  57  57  55
  56  54  52  52  53  56  65  74  79  88  88  85  92 100 107 115 123 129
 134 137 139 140 138 135 138 157 172 176 176 175 171 168 165 162 162 163
 165 164 163 162 162 162 161 161 161 160 158 157 157 154 149 145 143 141
 136 130 128 125 120 117 114 112 111 110 108 110 110 110 111 111 114 119
 123 123 125 130 135 138 140 140 141 147 148 146 146 147 147 148 151 152
 152 151 151 152 151 148 148 149 150 150 149 148 147 147 148 147 147 147
 147 146 143 140 140 139 137 137 137 136 136 136 136 134 132 130 131 135
 136  30]"
"[ 29  29 195 196 196 197 195 196 196 198 198 195 194 195 196 195 195 195
 195 195 195 195 195 195 197 195 197 201 201 194 161 116  83  78  77  73
  76  69  68  76  75  76  77  82  87  90  93  97  97 102 108 112 114 113
 110 108  97  83  69  47  35  35  38  39  44  49  52  55  58  57  53  51
  51  49  49  51  53  58  65  73  75  80  79  78  86  95 102 109 115 122
 128 133 137 141 142 142 139 143 152 167 177 176 171 171 171 165 163 165
 165 162 161 163 162 162 162 162 161 160 160 159 158 156 152 148 146 143
 139 134 129 126 122 119 117 115 112 111 108 109 109 109 110 112 115 120
 122 123 126 130 134 138 140 142 140 145 147 147 147 148 147 148 150 152
 152 151 151 152 152 150 150 150 151 150 149 148 147 147 148 147 147 147
 147 146 144 143 139 138 138 139 140 140 139 138 136 134 133 131 131 132
 133  28]"
"[ 29  29 196 196 196 196 195 196 196 197 197 195 195 195 196 196 194 194
 195 195 195 195 195 196 193 194 196 199 196 203 201 173 123  89  81  85
  82  80  81  73  77  75  77  81  83  85  90  93  94  98 104 108 109 109
 107 105 103  96  84  65  45  39  35  34  38  42  48  55  57  53  50  52
  50  48  48  51  55  58  62  66  69  72  70  72  80  88  95 102 107 114
 121 126 132 138 142 145 144 144 145 154 170 179 178 175 174 172 168 164
 162 163 165 167 163 163 164 163 162 161 161 161 159 159 156 152 148 145
 141 138 133 129 125 122 120 118 115 112 111 111 109 109 111 112 116 122
 124 126 128 132 134 137 140 142 143 147 147 146 147 147 146 147 149 151
 151 151 151 152 153 152 152 152 152 151 150 149 149 149 150 149 148 147
 147 146 146 145 141 140 140 141 142 140 138 137 136 134 134 133 131 131
 131  28]"
"[ 29  29 196 196 195 196 195 196 196 197 197 196 195 196 197 196 194 194
 194 195 195 196 196 197 197 196 192 194 194 194 200 204 189 143 104  89
  87  83  76  74  74  74  76  76  75  80  86  85  88  92  97 101 105 106
 106 105 106 104  94  81  62  51  38  32  33  35  40  49  55  53  51  53
  53  51  51  54  57  59  59  60  65  66  65  68  76  82  88  95 101 108
 113 119 127 133 138 142 144 148 146 145 155 169 175 175 173 172 171 168
 167 167 166 165 164 164 165 164 163 162 162 161 161 161 159 154 149 145
 142 139 137 132 127 124 123 121 117 115 116 114 112 111 113 113 117 122
 128 129 131 133 135 137 139 142 146 148 146 145 146 147 147 148 149 151
 151 151 151 152 153 153 153 153 152 151 151 151 152 152 153 152 151 149
 147 146 145 146 144 142 141 141 141 139 136 135 136 134 135 134 132 130
 131  29]"
"[ 28  29 196 196 195 195 195 197 196 196 196 195 195 195 195 195 195 195
 195 195 196 196 196 196 198 197 194 191 197 198 194 201 200 186 153 114
  94  90  81  77  73  72  73  73  72  77  83  82  87  88  91  96 100 102
 103 102 105 106  98  92  80  69  53  43  37  32  29  38  50  54  52  50
  53  52  53  56  59  60  59  58  61  62  64  68  73  77  83  89  96 103
 107 113 123 129 132 138 141 143 145 146 148 150 159 169 181 175 169 168
 168 167 166 166 166 165 165 165 165 164 162 160 162 162 160 155 150 146
 143 141 138 134 128 125 124 123 120 117 116 115 114 114 115 115 118 123
 130 131 132 134 136 138 140 142 145 146 145 145 148 149 150 151 150 151
 152 152 152 152 153 153 153 153 152 151 151 152 152 153 152 152 151 150
 148 146 146 146 144 142 141 140 140 139 138 137 136 134 136 135 133 130
 131  29]"
"[ 28  29 196 196 195 196 195 197 196 196 195 195 195 194 195 195 196 196
 196 196 196 196 196 196 194 194 199 195 193 197 194 195 202 203 192 159
 117  96  84  80  77  73  72  75  75  75  79  84  87  87  88  92  96  98
  97  97  99 101  94  93  89  81  67  56  47  37  26  26  35  43  47  50
  52  53  55  58  59  59  58  58  60  62  66  69  71  74  81  86  94 100
 103 108 118 122 124 130 135 138 143 147 145 140 143 152 175 178 176 168
 164 168 170 168 167 166 166 166 166 165 162 160 163 163 161 157 154 150
 147 144 140 135 129 126 125 124 121 119 115 115 115 117 119 119 121 127
 131 132 133 136 139 141 143 144 145 147 147 149 151 151 149 150 151 151
 152 152 152 152 153 153 153 152 151 150 150 151 152 152 150 151 151 151
 150 149 149 149 147 145 143 142 140 139 139 139 138 137 138 136 134 132
 132  29]"
"[ 29  29 195 196 195 196 196 197 196 195 195 195 195 195 195 196 196 196
 196 196 196 196 196 196 199 194 197 198 195 197 198 195 195 196 199 201
 181 141 100  93  85  80  76  76  76  74  75  80  82  81  84  88  92  94
  95  95  95  97  92  90  90  80  70  59  54  45  33  26  25  28  36  45
  50  52  56  58  58  57  58  58  62  64  67  67  67  71  78  82  88  96
  98 102 110 112 114 121 127 134 137 137 139 139 137 136 148 162 173 173
 170 171 169 164 167 167 167 167 166 165 163 162 163 163 162 160 158 155
 150 146 143 138 132 128 127 125 122 119 115 116 116 119 121 121 123 130
 131 133 136 138 139 140 142 145 146 148 149 151 153 152 149 149 151 151
 152 153 153 153 153 153 152 151 150 150 150 151 152 152 151 152 152 153
 153 152 151 151 149 148 147 145 142 140 139 139 139 139 139 137 135 135
 135  30]"
"[ 30  29 195 196 196 197 196 198 196 195 195 195 195 195 195 196 196 196
 196 196 196 197 197 197 194 196 194 197 196 193 197 194 196 193 195 197
 193 193 156 110  94  93  86  80  79  77  75  77  81  81  83  87  89  89
  88  89  87  92  91  89  91  80  73  64  56  49  41  34  29  24  27  34
  46  50  55  57  57  57  59  62  65  65  66  65  63  67  74  77  81  90
  93  96 104 105 108 118 124 130 132 131 136 142 141 137 135 138 150 166
 172 168 165 168 167 168 168 168 166 165 164 164 164 164 163 162 161 158
 152 147 147 142 136 132 129 126 122 119 116 116 117 120 121 120 122 129
 131 133 136 138 137 137 139 142 147 148 149 151 153 152 151 152 151 151
 152 153 154 154 153 153 151 151 150 150 151 152 153 153 152 153 153 153
 153 152 151 150 149 148 148 147 144 141 140 140 139 138 138 136 135 137
 136  30]"
"[ 29  29 196 198 196 197 197 196 195 195 195 196 196 196 195 194 196 196
 197 197 197 197 196 195 197 196 196 196 196 196 195 194 195 196 196 189
 188 200 191 162 117  89  86  83  83  74  77  74  77  81  82  81  82  81
  80  82  82  85  87  89  84  76  72  66  60  53  47  42  36  31  27  25
  38  45  52  57  58  59  62  65  66  66  65  65  66  66  65  66  74  81
  86  91  98 101 105 112 122 124 124 128 132 135 139 139 139 136 137 148
 157 165 166 164 165 168 170 169 166 164 165 165 162 163 162 162 162 160
 154 148 146 143 138 132 128 126 124 123 119 119 119 121 120 119 120 123
 130 137 136 138 142 142 143 144 147 148 150 152 152 152 152 151 151 151
 152 153 154 153 153 153 153 152 151 152 153 154 154 153 152 153 154 154
 154 153 152 151 151 150 148 147 145 144 143 142 139 138 137 137 136 137
 139  29]"
"[ 29  29 196 198 196 197 197 196 196 196 197 197 197 196 196 196 196 196
 196 197 197 197 196 195 196 196 196 197 197 197 196 195 196 192 194 195
 192 197 201 198 181 120  91  88  84  80  75  74  73  73  75  78  79  75
  76  81  80  82  82  84  80  74  70  64  63  57  53  50  45  38  32  26
  28  36  46  54  57  58  62  67  64  61  60  63  68  65  61  60  69  75
  80  85  90  93  98 105 111 115 118 124 128 130 135 136 138 134 131 133
 133 143 155 165 169 165 164 167 167 164 164 166 163 164 164 163 162 161
 155 149 145 141 138 135 132 128 125 125 122 121 122 122 121 119 119 122
 132 139 138 140 144 144 146 147 147 148 149 151 152 152 151 151 151 151
 152 154 154 154 154 154 153 153 152 152 153 153 152 151 152 153 154 154
 154 154 153 152 153 152 150 149 148 146 145 144 141 140 140 140 140 140
 140  30]"
"[ 29  30 197 199 196 197 197 197 196 196 197 197 196 196 196 196 196 196
 195 196 196 196 196 195 195 196 197 197 197 196 196 195 197 194 194 194
 192 193 197 198 198 175 122  95  86  84  74  73  80  73  68  69  73  76
  77  78  79  78  76  77  75  72  71  65  63  59  57  57  53  47  38  30
  26  30  40  51  57  58  60  63  61  60  61  65  67  63  59  61  68  73
  78  83  88  92  96 102 104 108 112 118 123 124 128 128 130 129 129 134
 131 132 135 140 162 166 169 168 164 162 163 163 163 164 164 163 162 160
 156 151 145 141 139 138 134 128 125 126 124 123 123 123 122 120 120 122
 131 138 138 139 143 144 146 148 147 147 148 150 151 152 152 151 151 152
 153 154 154 154 155 156 154 154 153 153 153 152 151 150 151 152 153 153
 154 154 154 153 153 152 152 151 149 148 146 145 145 144 143 143 142 141
 140  27]"
"[ 30  30 198 199 197 198 198 197 196 196 196 196 196 195 196 196 196 195
 195 195 195 196 196 196 195 196 196 196 195 195 194 194 194 196 196 194
 195 197 194 189 196 199 177 130  90  83  73  81  76  73  71  72  72  73
  76  78  77  74  70  70  70  70  72  68  63  59  59  60  58  54  47  39
  29  27  31  44  54  58  58  59  61  62  63  64  64  61  61  66  66  69
  74  79  84  87  90  93 102 103 104 110 114 114 117 117 117 117 122 132
 133 133 131 132 142 154 164 165 163 164 165 164 164 165 165 163 162 161
 158 155 148 145 142 139 135 129 126 125 123 123 124 123 122 121 122 123
 131 138 138 139 143 144 146 147 147 147 149 151 152 153 153 153 152 152
 153 154 154 154 155 156 155 154 154 153 153 152 151 151 152 152 153 153
 154 155 155 154 152 152 152 151 150 148 147 145 147 146 144 144 143 142
 140  27]"
"[ 29  30 198 199 197 198 198 197 198 197 195 195 196 196 196 195 195 195
 194 194 195 196 196 196 196 196 196 195 194 194 194 195 195 195 194 195
 196 193 192 194 186 198 194 187 153 105  82  78  83  76  74  75  73  72
  74  76  72  69  64  65  65  66  69  67  63  62  63  64  63  60  54  48
  38  31  28  35  43  47  50  52  58  61  61  60  61  62  62  63  65  66
  70  75  78  81  81  79  93  94  94  97  98  97 102 104 106 109 117 128
 127 130 132 137 135 137 145 156 162 163 163 164 165 167 166 164 162 162
 160 157 152 150 145 139 134 131 128 125 123 123 123 123 123 123 123 124
 132 141 142 142 144 145 147 148 147 149 152 153 153 153 153 154 153 153
 153 153 153 153 154 155 156 155 154 154 153 153 152 152 152 153 153 154
 155 156 155 154 152 152 152 152 151 149 147 146 147 145 143 143 143 144
 143  30]"
"[ 29  28 196 198 196 198 198 197 198 197 196 196 196 196 196 195 196 195
 194 195 195 196 196 196 196 195 195 195 195 195 195 196 196 195 193 193
 193 189 188 191 190 191 191 190 193 163 112  84  81  76  75  73  70  72
  74  69  68  66  63  63  62  62  66  64  64  65  67  69  66  62  57  50
  47  40  33  31  31  33  38  44  50  57  61  60  60  60  60  61  64  64
  67  71  74  77  76  72  78  81  81  83  82  82  90  96 102 108 117 127
 125 127 129 133 136 134 136 144 153 158 160 162 165 167 166 164 162 162
 160 158 153 152 146 139 135 133 131 126 125 124 122 122 123 124 124 124
 131 142 144 144 145 144 146 147 149 151 154 155 154 153 153 154 154 153
 152 153 153 154 154 155 157 155 154 154 154 154 154 153 152 153 153 153
 155 155 155 153 152 152 153 152 151 149 148 148 147 145 143 143 143 143
 142  30]"
"[ 29  28 196 198 197 199 198 197 197 197 197 197 196 196 196 195 196 195
 195 195 196 196 196 196 196 195 195 195 195 196 196 196 194 195 195 193
 193 194 192 189 190 190 189 191 194 193 167 107  82  76  76  76  69  67
  68  67  66  65  62  61  59  59  64  64  66  67  70  72  69  66  60  53
  48  44  39  33  29  29  33  38  41  50  57  59  59  57  58  61  60  59
  61  63  64  67  68  65  65  66  67  71  74  75  82  86  98 102 107 115
 116 123 128 132 130 132 135 137 142 149 157 162 163 165 165 164 163 162
 160 157 155 153 147 141 138 136 132 129 128 125 123 122 123 125 125 124
 126 139 144 144 145 144 146 147 150 152 154 155 154 153 153 154 154 152
 152 152 154 155 155 156 158 156 154 153 154 154 154 154 153 154 154 154
 155 156 154 153 153 153 154 153 152 150 150 150 148 146 145 144 143 142
 140  28]"
"[ 29  29 196 198 198 200 200 198 198 199 200 199 197 196 197 197 196 196
 196 196 196 197 197 196 196 195 195 195 195 195 195 194 196 195 196 195
 193 192 192 192 193 190 191 191 189 194 195 177 132  92  69  75  75  65
  62  66  66  65  61  58  55  57  65  67  70  71  73  74  73  70  65  57
  50  48  44  38  32  28  27  28  36  41  47  54  58  58  57  59  59  57
  58  57  56  58  60  57  59  56  54  62  70  73  77  77  89  93  97 103
 104 114 122 128 130 129 132 138 137 135 144 156 161 163 165 164 164 164
 162 159 158 154 149 145 143 139 134 132 129 127 123 122 124 126 126 125
 123 138 144 145 146 146 149 150 150 151 153 154 154 154 154 154 154 152
 151 152 154 156 156 157 159 156 154 153 154 154 154 154 155 156 156 156
 157 157 156 154 155 155 156 155 153 152 152 152 148 147 146 147 146 144
 142  29]"
"[ 28  29 197 199 199 199 199 200 198 198 200 200 197 197 198 198 196 196
 197 197 198 197 196 194 196 196 195 195 195 195 195 195 195 195 195 196
 195 195 194 194 192 192 191 190 191 194 195 195 179 135  92  83  73  62
  68  63  66  67  60  56  57  58  62  70  72  73  73  74  76  75  69  64
  55  49  43  39  36  35  32  27  25  32  44  50  47  48  52  54  55  55
  53  51  50  52  54  54  57  59  61  63  69  76  80  80  88  90  93  97
 101 106 113 119 122 125 130 133 135 138 141 144 152 160 161 160 163 164
 160 160 158 157 153 147 144 142 137 131 130 128 125 123 124 126 126 125
 124 137 144 144 146 148 148 150 150 151 153 154 153 153 154 155 152 153
 154 154 154 154 156 158 154 154 154 154 154 154 154 154 154 153 153 154
 155 157 157 157 155 156 156 154 152 151 150 150 149 149 146 146 145 145
 145  28]"
"[ 29  30 197 199 198 198 196 197 198 198 200 200 197 197 198 197 196 196
 196 197 197 197 197 196 196 196 195 195 195 195 195 194 195 195 195 196
 195 195 195 195 194 193 192 191 192 194 194 193 197 185 134  95  76  61
  65  73  64  64  58  57  59  62  63  67  71  73  74  74  76  76  74  72
  59  52  46  42  38  36  33  29  26  26  29  30  30  37  47  52  49  50
  50  49  49  51  52  52  56  61  65  66  69  75  81  85  85  86  90  94
  99 104 109 113 112 121 130 133 133 134 137 138 143 150 159 164 163 161
 162 162 160 159 154 148 145 143 138 132 129 127 125 125 126 128 128 128
 128 138 143 143 146 148 150 152 152 153 154 154 153 152 153 153 153 153
 154 154 155 155 156 157 157 156 155 154 154 154 154 154 154 154 154 155
 156 157 157 157 158 157 156 154 154 154 153 151 154 153 150 148 146 146
 146  28]"
"[ 29  30 196 199 198 198 196 197 197 197 199 199 196 196 197 196 196 196
 195 195 195 196 196 196 196 196 196 196 195 195 194 193 194 194 195 195
 195 195 195 196 195 194 192 192 193 194 193 191 187 195 187 156 106  81
  82  71  70  58  55  64  60  64  65  64  67  70  73  74  75  77  77  76
  66  58  51  47  43  39  36  34  25  23  24  27  31  39  45  46  45  47
  50  50  51  51  52  52  55  60  65  65  66  70  76  81  80  81  85  90
  96 102 107 110 108 115 122 124 126 132 136 136 135 138 151 163 162 162
 164 163 160 159 154 149 146 145 140 134 130 130 128 128 129 130 131 131
 131 138 143 144 146 149 151 153 153 153 154 154 153 153 153 154 155 154
 153 154 155 156 156 156 158 157 155 154 154 154 154 154 154 154 154 155
 156 156 156 156 158 157 156 155 155 155 154 153 155 154 150 148 146 146
 147  30]"
"[ 28  29 195 198 197 198 198 199 196 196 197 197 195 195 196 196 197 197
 196 195 195 195 195 195 196 196 195 195 195 194 192 191 193 194 196 196
 195 195 195 196 195 194 193 193 194 194 193 191 190 191 194 193 159 112
  90  81  80  72  68  71  64  66  64  64  63  67  71  73  74  75  75  74
  70  61  54  51  46  40  38  37  32  26  23  26  34  42  47  48  47  49
  52  54  55  56  57  58  62  63  65  66  67  70  72  73  75  78  81  86
  91  97 103 106 103 107 111 113 117 124 130 133 133 131 139 151 159 164
 165 162 160 159 155 150 148 147 142 137 130 129 128 126 126 127 128 128
 130 136 142 146 148 149 150 152 152 152 153 153 153 154 155 155 155 154
 153 154 155 156 156 155 158 157 156 155 154 154 154 154 154 154 154 154
 155 155 155 155 156 157 158 156 155 155 155 155 154 153 149 148 145 146
 146  29]"
"[ 28  28 194 196 196 198 198 199 196 195 197 197 195 196 197 196 198 198
 197 197 196 196 196 196 196 196 195 195 195 194 192 191 192 194 196 197
 196 196 196 196 194 193 192 193 194 194 193 192 189 190 186 196 197 164
 120  90  83  88  83  74  70  69  60  66  63  67  70  71  73  73  72  71
  70  60  54  51  46  41  39  38  37  33  29  33  43  50  52  52  51  53
  55  57  58  60  61  63  63  64  64  65  66  67  66  65  71  75  79  82
  85  89  93  96  93  99 105 109 111 114 121 128 132 132 130 136 151 161
 162 161 161 160 157 153 151 150 145 139 131 130 128 125 125 126 127 128
 128 133 142 147 148 148 150 152 151 152 152 153 153 154 154 155 155 154
 154 154 154 155 155 156 157 158 157 156 155 154 154 155 154 154 154 154
 155 156 157 157 158 159 159 158 158 158 157 156 155 154 151 150 148 147
 146  28]"
"[ 29  29 194 195 195 196 195 196 195 195 196 196 195 195 197 196 197 197
 197 197 196 196 196 197 197 196 196 196 195 195 193 192 190 192 194 195
 195 195 195 196 193 192 192 193 194 194 193 193 190 189 187 187 191 196
 178 138  97  82  80  78  73  69  64  63  64  66  68  69  69  70  70  68
  67  58  52  50  47  42  40  39  38  40  43  50  59  61  56  54  54  54
  55  57  59  60  62  63  58  59  61  61  60  58  59  60  63  70  76  78
  79  82  85  87  90  92  97 105 110 114 120 125 128 132 128 127 139 151
 158 163 161 161 158 154 152 150 145 140 133 132 129 126 125 127 129 130
 129 132 140 147 147 147 150 153 153 153 154 154 154 154 154 154 154 155
 155 154 154 154 155 156 158 159 159 157 156 155 155 156 155 155 155 155
 156 157 159 160 161 159 158 159 161 162 159 155 155 155 152 152 152 151
 149  30]"
"[ 29  29 195 196 195 196 194 194 195 194 196 196 194 195 196 195 196 196
 197 196 196 196 196 197 197 197 196 196 196 195 194 193 192 192 193 194
 194 194 194 195 193 193 193 193 194 193 193 193 191 190 189 191 193 194
 193 188 144 107  94  85  80  72  68  62  64  66  68  68  68  67  66  65
  62  54  49  48  46  43  41  39  39  44  48  53  60  60  56  55  55  53
  52  55  57  58  59  59  56  58  59  58  56  53  54  56  58  64  70  72
  73  77  81  83  89  86  87  95 106 113 115 115 117 123 125 124 128 140
 154 163 159 160 159 155 152 150 145 140 134 132 128 125 124 125 127 128
 129 130 138 147 147 146 149 150 153 153 154 154 154 155 154 154 154 155
 154 154 154 155 156 157 159 158 158 157 156 156 157 157 157 157 157 157
 157 158 159 160 160 159 158 159 160 161 158 155 155 154 152 154 154 154
 151  31]"
"[ 29  29 195 197 196 197 194 194 196 195 196 196 195 195 196 195 197 197
 197 196 196 195 196 197 197 196 196 195 195 195 194 194 196 195 195 194
 194 194 194 194 194 193 193 194 193 192 192 193 191 189 189 191 191 191
 193 193 193 166 131  90  91  79  66  68  63  67  70  70  68  66  64  62
  57  50  45  45  43  42  40  38  38  45  50  54  58  56  52  53  54  52
  51  53  56  57  56  56  57  56  55  54  52  50  50  51  59  63  66  65
  66  71  77  81  81  81  81  87  96 103 102  99 106 112 120 122 121 133
 151 159 158 160 159 156 153 151 146 141 139 136 132 127 126 126 127 127
 128 128 136 146 147 145 146 146 150 151 152 153 154 154 154 154 155 154
 154 154 155 155 156 157 159 157 155 155 156 158 158 158 158 158 159 158
 157 157 158 158 158 160 161 160 158 158 158 158 157 156 153 154 155 154
 150  29]"
"[ 31  28 195 197 196 195 194 196 196 195 195 195 195 195 195 194 195 196
 196 196 195 195 196 197 196 196 196 195 195 195 195 194 196 196 196 196
 195 194 194 195 194 193 193 193 192 191 189 188 191 192 194 193 191 189
 188 188 193 193 185 146 104  90  83  76  66  65  68  69  63  57  63  55
  46  43  44  44  38  36  39  40  42  47  49  48  47  47  48  50  51  49
  50  54  57  57  56  54  55  52  50  52  52  49  48  50  54  61  59  59
  64  64  64  73  76  81  80  82  86  82  77  81  96 102 111 120 125 129
 138 149 155 159 160 157 155 151 147 147 141 138 133 129 127 127 128 129
 129 130 138 145 147 147 149 150 151 152 153 153 154 154 154 153 155 155
 155 154 155 156 156 156 157 158 157 156 156 158 159 159 160 159 158 157
 157 157 157 158 158 159 160 160 159 159 159 160 161 159 158 154 154 155
 153  29]"
"[ 29  29 195 198 198 197 195 195 197 196 195 195 195 196 195 195 195 195
 196 195 195 195 196 197 197 197 197 195 195 195 195 195 195 195 195 195
 195 194 194 194 194 193 193 193 193 191 190 189 192 192 191 191 191 190
 190 190 186 196 196 185 164 122  86  82  73  65  63  64  63  56  53  44
  42  37  37  39  38  37  38  37  42  46  45  42  42  44  45  47  47  48
  52  58  61  59  55  52  54  53  54  55  55  52  50  49  52  56  60  61
  63  65  66  66  74  79  77  75  74  66  62  68  86  95 107 119 127 132
 138 146 153 157 157 155 155 154 149 146 144 140 135 131 129 129 130 130
 127 128 133 143 146 148 149 151 152 153 153 153 153 154 154 153 154 154
 154 154 155 157 158 158 157 157 156 155 156 159 160 160 159 159 159 159
 158 158 158 158 158 159 159 159 158 158 158 158 160 159 159 156 156 156
 154  30]"
"[ 29  29 195 197 198 199 197 197 196 196 195 195 195 196 196 196 195 196
 196 196 195 195 196 197 196 197 197 195 194 194 195 196 195 195 195 195
 194 193 193 194 193 192 193 193 192 191 191 191 192 191 189 190 192 193
 192 191 190 192 190 193 196 179 139  98  79  73  72  64  60  56  53  48
  40  36  36  38  38  38  39  38  45  47  44  39  40  44  45  45  43  45
  50  55  58  56  51  48  48  50  53  54  55  55  54  53  55  50  54  59
  59  62  64  61  66  71  70  66  62  55  54  62  81  92 106 118 127 131
 135 139 147 153 155 154 155 156 153 148 145 141 136 131 128 128 128 129
 128 127 129 141 145 149 149 152 153 154 154 153 153 154 154 153 152 153
 154 154 154 156 157 158 158 158 157 156 157 160 161 161 159 159 160 161
 161 160 159 159 160 160 160 159 159 159 158 159 158 157 158 156 155 155
 154  28]"
"[ 29  29 195 194 196 200 200 199 195 195 195 195 195 195 195 196 196 197
 197 196 196 195 196 197 193 195 196 195 193 194 195 196 196 195 195 195
 194 193 194 194 192 192 192 192 192 191 191 192 191 190 189 191 193 194
 193 191 190 186 190 193 186 189 186 157 100  80  74  65  59  57  52  45
  39  38  38  37  35  35  37  39  43  46  43  38  39  43  43  42  43  43
  45  47  48  49  49  49  51  52  52  52  52  54  57  59  57  49  50  60
  63  62  58  52  49  50  46  43  44  47  57  70  84  96 109 119 127 132
 134 137 139 148 154 155 156 156 154 153 149 144 138 133 130 129 130 130
 131 129 128 140 144 148 146 151 152 153 153 153 153 154 154 153 152 153
 154 153 153 154 155 156 159 158 158 157 158 161 161 161 158 159 161 162
 162 161 160 160 161 161 161 160 160 160 160 159 161 159 159 159 158 159
 158  29]"
"[ 29  30 195 194 195 200 199 198 195 195 195 195 195 195 196 196 197 197
 197 196 195 195 195 196 192 194 196 195 194 194 195 195 195 195 195 195
 194 193 193 194 193 193 192 192 191 191 191 192 190 190 190 190 192 192
 191 190 193 190 187 191 189 190 196 190 161 116  88  70  63  60  55  45
  39  40  39  37  35  35  37  41  41  45  44  40  40  41  41  40  41  41
  42  43  45  48  51  53  52  51  52  57  62  68  77  85  84  75  62  58
  64  63  55  51  47  45  40  39  44  51  62  74  80  94 107 117 125 130
 134 137 135 142 150 155 156 155 154 155 151 147 140 134 130 129 130 130
 131 130 129 138 144 147 145 150 151 152 153 153 154 154 154 153 152 153
 154 153 152 153 154 156 157 157 158 158 159 160 160 160 158 159 161 161
 161 161 161 161 160 160 160 160 160 160 160 160 162 159 158 158 160 161
 162  29]"
"[ 29  30 196 196 196 199 197 195 195 195 195 195 195 195 196 197 197 196
 196 195 195 194 194 194 194 195 196 196 195 195 194 194 195 194 194 194
 193 193 193 194 195 194 193 193 192 191 191 192 191 191 190 189 189 190
 190 191 187 193 192 190 189 188 192 195 197 165 129  89  66  59  56  47
  41  41  38  36  37  38  38  40  40  43  43  40  40  40  39  39  38  41
  45  47  49  52  54  56  58  56  57  62  66  71  80  88  94  99  88  78
  84  80  62  52  47  43  38  40  48  56  66  74  76  89 103 113 121 126
 130 133 135 139 145 152 157 156 154 155 152 147 141 134 130 129 129 129
 129 130 130 136 146 147 148 152 151 152 153 154 154 155 154 153 152 154
 155 154 153 154 156 157 157 157 158 159 160 160 161 161 160 161 162 162
 161 161 162 163 160 160 160 160 159 159 160 160 160 157 155 158 160 162
 164  28]"
"[ 29  30 196 197 196 197 195 195 195 195 195 195 195 195 196 197 196 196
 195 195 194 194 194 194 195 196 196 195 196 196 195 193 195 194 194 194
 194 193 194 195 193 192 193 194 193 192 191 191 192 192 191 191 190 190
 190 190 192 186 188 191 189 187 188 192 191 186 153 105  82  69  62  54
  48  47  42  40  42  42  39  40  39  41  39  38  38  38  39  42  43  49
  55  58  59  60  60  61  64  63  66  70  76  81  88  94  96 104  96  87
  92  92  83  80  81  72  61  56  56  60  66  72  78  89 100 110 117 121
 125 129 133 137 141 147 154 155 154 155 155 151 145 139 135 132 131 131
 129 129 131 132 147 148 151 153 152 153 154 154 155 155 155 154 153 154
 155 155 154 156 157 158 157 158 159 160 160 160 161 162 161 162 162 162
 161 161 163 164 161 161 161 161 160 160 160 161 162 160 159 164 165 166
 168  30]"
"[ 29  29 195 196 195 197 196 197 194 195 195 195 194 195 195 196 196 195
 195 195 195 195 195 195 195 195 194 194 196 196 195 194 195 195 195 195
 194 194 195 196 189 190 191 193 194 193 191 190 193 193 194 194 193 192
 190 189 192 188 190 189 189 189 185 188 186 172 122  85  86  75  66  64
  61  61  56  52  52  49  46  46  44  43  40  40  42  43  45  50  55  61
  66  67  67  67  67  67  66  67  69  72  76  82  88  91  98 102  96  89
  90  90  90  95  97  92  87  84  82  79  77  78  77  84  93 101 109 114
 119 124 127 134 140 143 148 152 154 155 154 151 146 140 136 133 131 129
 129 128 130 129 147 147 151 151 154 154 155 154 155 155 155 155 154 155
 156 155 155 156 157 158 158 159 160 160 159 159 160 161 161 161 162 161
 160 160 161 163 161 162 162 161 160 160 160 161 162 162 162 167 167 167
 168  29]"
"[ 29  28 194 196 197 197 196 196 196 195 195 196 196 196 195 195 195 195
 195 195 195 195 195 195 195 195 196 196 195 195 195 196 196 194 193 192
 192 193 195 196 189 191 192 192 192 191 191 191 192 192 193 192 192 191
 191 191 189 193 191 190 190 187 187 187 189 138 101  85  82  81  76  63
  66  66  63  60  59  60  57  53  53  49  45  43  45  47  51  57  61  64
  67  69  71  72  71  69  69  71  72  73  75  80  86  90  96  95  91  87
  90  94  92  90  90  87  86  88  90  90  88  86  88  89  91  94  98 104
 113 121 127 131 140 143 141 150 158 153 155 150 147 145 136 130 132 129
 130 129 132 132 143 146 147 151 153 155 155 155 157 156 156 157 156 156
 155 155 156 157 158 159 159 160 162 162 162 161 161 161 161 160 160 161
 162 162 161 161 161 161 161 161 162 162 162 162 165 166 166 167 166 166
 166  29]"
"[ 29  28 194 196 196 196 195 196 194 194 195 196 197 197 196 196 196 196
 195 195 195 195 195 194 195 196 196 196 195 194 194 194 193 192 190 190
 191 191 192 192 190 191 192 193 193 192 192 192 192 192 192 191 190 189
 190 190 192 192 188 188 189 188 189 189 174 106  92  85  83  81  79  74
  69  68  66  65  65  64  63  63  62  58  52  50  53  54  56  60  61  64
  67  69  71  73  74  72  70  71  72  72  74  77  81  84  89  89  87  86
  90  94  93  91  90  88  88  89  90  89  89  89  94  93  93  93  93  94
  97 100 115 118 121 117 114 128 149 159 164 159 148 144 142 137 133 129
 129 129 132 131 141 145 147 151 154 155 154 153 155 155 155 158 156 156
 156 156 156 157 158 158 160 160 161 161 162 162 162 162 162 161 161 161
 162 162 162 162 160 160 161 161 162 163 163 163 165 166 166 167 166 166
 166  29]"
"[ 29  29 195 196 195 195 194 195 194 195 196 197 197 197 197 196 196 196
 196 195 195 195 195 194 195 195 195 195 194 194 194 194 193 191 190 191
 191 191 189 188 190 191 193 193 194 194 194 194 193 193 192 191 189 189
 189 190 190 192 190 191 190 188 191 191 163  98  96  87  86  80  82  80
  77  74  72  72  70  65  65  69  71  67  61  58  58  58  60  64  68  69
  71  72  73  74  75  75  72  73  74  74  75  76  79  81  86  87  85  85
  89  92  91  91  90  89  88  89  89  89  90  92  97  95  93  92  91  89
  88  87  86  89  90  87  84  88  96 102 119 138 148 150 146 135 131 134
 129 130 132 129 137 143 147 150 153 154 153 152 153 154 154 157 155 155
 155 155 155 156 157 157 159 159 159 159 160 161 162 162 162 161 160 160
 161 161 161 161 159 159 160 162 164 165 165 164 166 166 165 166 165 166
 166  29]"
"[ 29  29 196 197 196 196 194 196 196 196 197 198 197 197 197 197 195 195
 195 195 195 195 195 195 195 195 195 195 195 195 195 195 194 193 193 193
 192 191 189 188 191 191 192 193 193 194 194 195 194 193 193 191 190 190
 190 190 193 193 191 190 187 186 189 188 135  99  96  83  86  80  83  79
  76  74  73  75  73  69  69  72  71  70  66  60  57  56  61  68  73  74
  74  74  74  75  75  75  75  75  75  75  75  76  78  80  85  86  83  83
  86  88  88  89  88  87  87  88  88  88  90  93  96  93  90  89  89  90
  89  89  91  92  91  91  93  90  87  88  92 103 111 123 136 139 134 127
 130 131 132 128 133 143 147 149 150 152 152 153 154 154 154 155 154 154
 155 155 155 156 156 157 157 158 158 159 159 160 161 162 162 161 160 160
 161 161 161 160 159 159 161 162 164 166 166 165 166 166 165 165 165 165
 166  29]"
"[ 28  29 196 199 198 198 196 197 197 197 197 197 196 196 197 197 195 195
 195 195 195 195 195 195 195 195 195 195 195 195 195 195 194 194 194 194
 192 190 190 190 190 191 192 192 192 193 194 194 193 193 193 192 191 190
 190 190 190 190 189 189 188 188 189 184 129 107 103  90  86  81  78  70
  73  72  72  73  73  71  70  70  67  68  66  61  58  58  62  68  70  71
  72  73  74  74  74  75  76  75  75  75  75  75  78  80  81  81  81  81
  84  85  85  86  85  84  84  86  87  88  90  91  93  91  87  85  86  87
  89  90  90  92  91  91  95  93  92  97 100 102 105 113 122 133 140 135
 132 131 131 128 132 144 148 148 149 151 152 153 155 155 154 155 154 155
 155 155 155 155 156 157 157 158 160 160 159 159 161 162 162 161 161 162
 163 162 161 161 161 161 162 163 165 166 166 165 166 165 164 165 164 165
 166  29]"
"[ 28  29 196 200 200 199 197 197 196 196 196 195 195 196 196 197 196 196
 196 195 195 195 195 195 196 196 195 195 195 195 195 195 193 194 194 194
 193 191 192 193 192 192 192 192 192 193 194 195 192 193 193 193 192 191
 190 189 190 190 188 185 180 182 186 179 130 100 101  94  83  84  77  73
  73  72  71  71  71  71  68  65  65  66  64  63  64  64  64  65  67  66
  67  70  71  72  72  72  75  75  75  76  75  75  77  80  78  79  79  81
  82  81  79  81  83  82  81  84  86  87  88  89  90  89  86  84  84  85
  88  89  89  92  92  94  97  95  93  97 102 102 106 112 117 127 136 130
 132 131 130 129 131 144 148 149 150 152 152 152 154 153 153 155 154 154
 155 154 154 154 155 156 157 159 160 161 160 159 160 162 161 161 161 162
 163 162 162 161 163 163 164 164 165 165 166 166 166 165 164 165 165 166
 166  29]"
"[ 29  29 197 200 201 200 197 197 196 195 195 195 195 196 196 196 196 196
 196 195 195 195 195 195 196 195 195 195 195 195 195 195 194 194 194 194
 193 192 193 194 193 193 193 192 192 192 193 194 193 193 194 193 192 190
 189 188 188 189 188 186 184 187 184 169 121 105 105 100  89  85  78  76
  71  69  68  68  69  70  69  66  65  65  64  64  66  67  65  64  66  64
  64  66  68  68  68  67  72  73  75  77  76  75  76  79  77  77  77  78
  78  76  75  78  81  79  79  81  82  83  84  86  87  86  84  82  82  85
  87  88  91  90  89  91  95  96  96  98 100 104 106 111 116 124 134 136
 132 131 130 130 130 142 147 148 150 152 153 153 155 154 153 154 154 154
 154 154 154 154 156 157 158 159 160 160 161 161 161 161 160 161 161 162
 162 162 162 163 165 165 166 166 165 165 166 167 166 165 164 165 165 166
 166  29]"
"[ 29  29 197 200 200 200 197 197 196 195 195 195 196 196 196 196 195 195
 195 195 196 196 196 196 195 194 194 194 195 196 196 195 195 194 194 194
 193 192 192 192 192 192 192 191 191 191 192 192 192 193 193 192 191 189
 187 187 186 187 189 191 186 169 131  87  82  98  99  97  95  86  83  77
  75  72  68  67  67  66  65  64  65  66  65  63  64  65  65  66  64  62
  62  64  66  66  65  65  67  69  72  76  75  73  74  77  74  74  72  73
  74  72  73  78  79  78  78  79  79  79  81  83  85  84  81  78  79  83
  86  87  89  89  89  91  93  95  97  98 101 105 102 105 117 124 131 135
 133 131 131 132 129 140 145 147 149 153 155 157 158 157 155 155 154 155
 155 155 155 156 159 161 160 160 160 161 162 163 163 162 161 161 162 163
 163 162 163 165 166 166 167 166 165 165 166 168 166 165 164 166 166 167
 167  30]"
"[ 29  29 197 199 198 199 197 195 195 196 196 194 195 197 197 195 195 195
 196 196 195 195 195 195 196 195 194 194 195 196 196 195 196 196 195 193
 193 194 193 193 193 193 192 191 192 192 193 192 190 193 194 192 190 189
 188 186 187 189 191 188 151 105  78  65  67  82  95  99  93  87  84  77
  75  73  71  68  66  64  63  62  62  61  61  64  65  65  64  65  65  61
  58  58  60  62  64  66  64  65  69  71  70  71  72  71  72  71  68  67
  67  68  71  73  72  74  74  73  72  75  79  81  82  81  80  81  80  81
  84  88  87  88  89  89  91  95  96  95  97  98 101 105 112 121 130 136
 136 135 132 128 133 135 147 148 150 152 154 155 156 157 156 153 153 155
 155 154 153 155 158 159 160 160 160 161 161 161 161 161 159 160 162 163
 163 162 163 166 166 166 166 165 164 164 165 166 167 167 165 166 165 166
 166  28]"
"[ 29  29 197 199 198 198 197 195 195 196 196 194 195 197 197 195 195 195
 196 196 195 195 195 195 195 194 194 194 195 196 196 195 196 196 195 195
 194 194 193 192 191 191 191 191 192 192 192 192 190 192 192 191 190 189
 188 187 187 195 187 141  93  74  70  75  66  71  82  95  95  88  85  82
  75  73  71  69  68  65  61  58  60  59  61  63  65  65  65  65  64  62
  60  58  57  56  58  61  65  65  65  66  68  69  71  73  68  66  64  63
  63  63  65  67  69  72  73  72  72  73  75  76  79  79  79  80  80  80
  81  83  87  88  87  86  88  91  93  92  94  97 101 104 109 117 128 136
 140 139 136 132 132 133 145 147 150 153 154 155 156 157 156 154 155 155
 156 155 155 156 158 159 159 159 160 161 161 160 160 159 161 161 162 163
 164 164 165 167 166 166 165 165 165 165 165 166 166 166 165 166 166 167
 167  29]"
"[ 29  29 198 199 197 197 196 196 196 196 196 195 196 197 197 195 195 195
 195 195 195 195 195 195 195 194 194 194 195 196 195 195 194 195 196 195
 195 194 192 190 189 189 190 190 190 191 192 193 192 191 190 190 189 188
 187 188 192 187 146  93  80  81  73  74  68  61  63  79  90  88  84  79
  75  72  68  65  64  62  58  55  56  57  58  59  59  59  58  57  59  60
  59  58  55  54  56  59  59  59  60  62  64  62  62  66  64  61  59  59
  58  58  60  63  67  70  72  72  71  71  71  70  73  74  75  77  78  78
  80  81  84  84  83  83  86  89  91  90  92  95 100 105 110 118 129 138
 145 142 140 135 131 132 145 148 149 152 154 154 155 156 156 155 155 154
 155 155 155 155 156 158 159 159 160 161 161 160 159 159 161 161 162 164
 165 165 166 166 167 166 165 165 166 166 166 165 166 166 165 165 166 167
 167  29]"
"[ 29  29 197 200 197 197 196 195 196 196 196 196 197 198 197 195 195 195
 195 195 195 195 195 195 195 195 195 195 195 195 195 194 194 195 196 196
 195 194 192 190 190 189 189 188 189 190 193 194 193 192 191 190 188 186
 187 190 196 160 100  74  83  80  76  72  71  63  59  69  81  87  87  80
  78  74  68  64  62  61  60  58  57  58  59  57  56  57  56  54  56  57
  57  56  55  55  57  59  56  58  58  60  60  56  55  60  64  59  56  56
  55  56  60  65  66  69  72  72  71  70  68  67  72  72  73  74  75  77
  78  80  80  80  80  82  85  88  90  89  91  93  98 106 114 122 132 140
 147 141 138 134 130 132 143 147 147 150 153 155 155 156 157 157 156 154
 154 156 156 154 155 157 159 160 161 161 160 159 159 160 162 163 165 166
 167 166 165 164 166 166 165 165 166 166 166 166 166 166 165 166 166 167
 166  28]"
"[ 28  29 199 200 197 197 196 196 197 196 196 196 197 198 197 196 196 196
 195 195 195 195 195 195 196 196 195 195 195 195 194 194 194 195 195 195
 195 194 192 190 189 190 190 189 190 191 192 194 193 192 192 191 188 186
 188 192 179 118  82  80  77  69  76  71  69  67  65  66  70  76  82  80
  75  72  68  65  63  61  60  59  55  57  57  55  55  56  57  57  57  56
  55  55  56  57  57  57  56  56  55  53  50  47  50  57  61  57  54  55
  55  57  60  64  65  68  70  70  69  68  68  67  73  73  73  74  74  75
  76  75  77  77  78  80  83  85  86  86  90  91  96 104 112 121 133 144
 149 140 135 133 130 133 139 145 147 150 153 156 156 157 158 158 158 156
 156 157 157 155 156 158 159 160 161 161 159 157 159 161 163 165 166 167
 166 166 166 165 166 166 166 166 165 165 166 166 166 166 165 166 166 167
 166  28]"
"[ 29  29 199 200 198 197 197 196 196 196 196 196 197 197 197 197 197 196
 195 195 195 195 195 195 196 196 195 195 195 194 194 194 194 194 194 194
 193 193 192 190 188 189 190 190 190 190 190 189 189 190 190 189 187 186
 188 190 154  90  82  83  78  76  73  69  69  68  66  66  64  63  68  68
  66  66  67  66  64  61  58  57  55  55  54  53  52  54  56  57  56  55
  53  53  55  58  58  56  52  50  51  48  42  41  47  52  55  53  53  54
  56  57  59  60  62  65  67  67  66  67  68  68  69  70  71  72  74  75
  73  72  73  73  74  77  80  82  84  85  88  90  96 102 107 115 132 148
 156 146 138 136 133 135 137 146 148 150 153 155 156 156 157 158 159 158
 157 158 157 156 157 158 161 161 162 161 160 158 160 162 164 165 166 165
 164 165 166 167 165 166 166 166 165 165 166 167 165 166 165 166 166 168
 167  29]"
"[ 29  29 198 199 197 197 197 198 196 196 196 196 196 196 197 198 197 196
 195 195 195 195 195 195 196 195 195 194 194 194 194 194 193 194 194 193
 193 193 192 190 188 189 189 189 189 189 188 187 186 188 188 187 187 187
 187 187 135  88  88  79  76  75  68  74  75  72  69  69  67  63  63  58
  60  60  61  62  61  59  58  56  57  55  53  52  51  52  53  55  53  53
  52  52  53  56  56  55  51  47  49  47  39  41  49  51  51  51  51  51
  54  56  56  54  60  63  66  65  64  64  66  67  64  66  68  69  72  74
  74  72  70  70  70  72  75  78  82  85  87  90  96 102 105 112 130 148
 160 152 142 139 137 137 136 149 149 150 152 153 154 155 156 157 158 158
 158 157 155 155 157 158 161 160 161 162 162 162 163 164 164 165 164 163
 163 165 165 165 165 165 165 165 165 165 166 166 166 166 165 167 167 168
 167  29]"
"[ 30  29 197 198 196 197 198 198 195 195 195 195 195 195 196 198 197 196
 195 195 195 195 195 195 195 195 194 194 194 194 194 195 195 195 195 194
 194 194 193 192 191 190 189 189 188 188 188 188 187 188 188 187 187 188
 187 184 124  86  90  85  78  72  72  77  75  75  73  71  68  67  66  59
  54  52  51  50  51  52  53  54  52  49  47  47  47  47  49  52  52  53
  53  51  51  52  52  51  53  45  44  40  31  38  50  51  50  51  50  49
  52  55  55  51  59  63  66  65  63  63  64  65  66  66  67  68  71  73
  74  72  71  70  70  70  71  75  80  84  86  88  94 103 108 114 129 145
 158 153 143 139 136 135 133 150 152 151 152 153 154 154 156 157 158 159
 159 156 155 155 157 158 158 158 158 161 164 165 165 165 165 165 165 165
 165 166 165 162 166 165 165 165 166 166 166 165 167 167 166 167 167 168
 167  29]"
"[ 29  29 195 196 197 198 197 196 198 197 196 195 194 195 196 196 197 196
 194 194 195 195 195 194 194 194 195 195 194 194 194 195 197 195 193 192
 193 194 194 194 193 191 189 188 189 189 189 189 189 190 189 187 187 188
 187 184 122  95  89  86  81  77  79  79  79  77  75  74  72  70  67  65
  57  53  49  44  38  39  42  39  42  39  38  39  39  39  40  40  47  47
  48  48  46  43  41  40  44  45  35  32  32  34  46  46  47  48  49  50
  50  51  52  53  59  63  66  62  58  57  61  63  65  64  65  68  71  73
  72  72  70  71  72  69  68  69  73  82  88  89  98 106 110 117 131 145
 153 151 145 143 139 133 130 146 150 153 154 154 156 158 158 157 159 159
 158 156 156 157 158 158 157 159 161 164 165 165 165 166 166 167 167 164
 163 165 165 165 165 166 166 165 165 166 166 166 166 168 168 168 166 166
 166  29]"
"[ 28  29 195 195 195 196 196 197 198 198 197 195 195 194 195 195 196 195
 194 194 195 195 195 195 195 195 195 194 194 193 194 194 194 193 192 192
 193 193 193 193 192 191 189 188 188 189 189 189 189 189 188 187 187 187
 187 186 122  97  95  85  81  79  80  82  82  81  78  77  75  73  71  68
  63  58  53  46  39  37  34  27  31  29  30  33  34  34  34  34  36  38
  39  39  39  38  37  36  37  38  30  29  30  33  44  44  45  47  49  48
  47  48  51  55  58  61  62  60  57  57  59  61  62  61  62  65  68  70
  71  71  72  72  71  67  66  67  72  82  89  92  99 104 109 117 128 140
 148 149 145 145 143 138 130 140 149 153 154 154 156 158 158 158 159 159
 158 156 155 156 157 159 159 160 163 165 165 165 165 166 164 165 165 164
 164 164 165 165 166 167 166 166 165 166 166 165 167 168 168 167 166 166
 166  29]"
"[ 28  30 196 196 194 195 196 197 198 198 197 196 195 194 195 195 196 196
 195 195 196 195 195 195 196 195 195 194 194 194 194 194 192 192 193 193
 193 193 192 192 193 191 190 188 188 189 190 190 188 188 188 187 186 186
 188 190 132  95  96  88  86  83  80  83  84  83  81  80  79  77  75  74
  70  65  60  55  49  44  37  29  27  25  27  31  33  33  33  31  29  31
  32  32  31  31  31  30  31  32  26  26  28  32  40  40  41  44  46  44
  42  42  47  53  55  55  57  57  56  55  56  57  57  58  60  64  67  68
  69  69  70  69  69  65  65  67  72  81  88  92  98 101 109 117 124 135
 146 148 147 149 148 143 132 136 149 153 154 154 157 159 160 160 158 159
 158 155 153 154 157 160 162 162 164 165 165 164 164 164 162 162 163 164
 164 164 165 166 167 167 167 166 166 166 166 165 168 168 167 167 166 167
 167  29]"
"[ 29  30 197 197 195 196 196 197 197 197 198 197 196 195 195 195 195 195
 196 195 195 194 194 194 194 194 193 194 194 195 195 195 191 192 193 193
 193 193 192 191 193 192 191 190 189 190 190 191 188 187 187 188 187 186
 189 194 145  96  98  93  91  88  85  86  86  85  84  83  81  79  77  76
  70  68  65  61  57  52  45  38  29  25  24  28  31  32  31  28  27  29
  30  28  27  28  29  29  30  29  24  24  26  28  33  33  31  35  38  38
  37  39  44  48  51  51  52  54  54  51  50  51  53  56  60  65  67  66
  66  65  64  65  66  65  66  69  72  80  89  95 100 105 114 122 129 141
 151 151 149 152 151 147 136 138 148 153 155 155 158 160 160 160 159 159
 158 155 154 155 158 161 163 163 164 164 164 163 162 163 161 161 162 164
 164 164 164 165 165 166 166 166 166 167 167 167 168 168 166 166 166 167
 167  29]"
"[ 29  30 198 197 196 197 195 196 195 196 197 197 196 196 196 196 194 194
 194 194 194 194 193 193 192 192 192 192 193 194 194 194 190 191 192 193
 193 193 193 192 193 193 192 191 190 190 189 189 188 187 188 189 187 186
 190 195 157 102  95  92  89  89  90  89  91  90  88  86  83  80  78  76
  73  73  71  67  63  57  51  48  36  29  24  26  28  29  29  26  26  28
  29  27  25  26  29  31  30  28  23  22  24  26  29  28  26  27  29  31
  33  37  42  45  47  46  46  48  48  47  47  49  54  57  61  65  66  65
  64  64  64  64  67  66  68  70  73  80  89  94 100 107 117 123 131 146
 155 153 151 153 152 148 138 139 146 152 155 156 158 160 159 159 160 159
 158 157 157 159 162 163 164 164 164 164 164 162 162 162 162 161 162 164
 165 163 163 164 165 166 166 166 166 168 168 168 168 168 166 166 166 168
 167  29]"
"[ 29  30 196 197 197 198 196 195 194 195 195 196 196 196 196 195 193 193
 193 194 194 195 195 194 192 192 192 193 193 194 193 193 192 192 192 193
 194 194 195 194 193 192 192 191 191 190 189 188 188 187 188 189 188 187
 189 193 184 125  96  96  97  94  95  95  92  91  89  87  85  82  80  78
  79  80  77  72  68  62  56  55  47  38  31  29  29  30  30  28  28  30
  30  26  24  26  29  30  29  27  24  23  25  27  28  28  29  28  26  26
  29  33  38  40  39  38  38  40  42  46  50  54  57  59  62  64  65  65
  65  66  68  68  69  67  68  69  72  79  87  90  98 107 115 121 130 145
 154 153 152 154 153 151 140 138 145 152 156 157 159 160 159 159 160 159
 159 159 161 163 165 165 164 164 165 165 164 163 163 164 164 163 163 164
 165 164 164 164 165 166 166 166 166 167 168 167 168 168 166 166 166 168
 167  29]"
"[ 29  30 197 197 197 197 196 195 194 194 194 195 196 196 195 194 193 192
 192 193 194 195 195 195 192 193 194 194 194 194 193 193 193 193 192 193
 194 194 194 193 192 191 191 190 190 190 189 188 188 187 188 188 188 187
 188 190 195 155 106  97  99  95  94  95  95  93  90  88  86  85  83  82
  80  80  76  73  72  66  60  59  55  47  39  35  31  30  30  29  30  31
  28  24  23  26  29  29  29  26  25  25  27  29  29  29  31  29  26  25
  26  29  33  36  32  32  33  35  41  47  53  55  57  59  61  64  65  65
  66  67  68  69  70  68  68  69  71  79  87  90  99 108 115 124 133 146
 153 154 155 155 155 157 146 138 145 151 156 157 160 161 160 160 160 161
 161 162 164 165 165 165 164 164 165 165 165 164 165 166 165 165 165 164
 165 165 165 164 166 167 166 166 166 167 167 167 167 168 167 167 166 168
 167  29]"
"[ 29  29 196 196 195 196 195 195 194 193 193 194 195 195 194 193 192 191
 191 191 193 194 194 193 192 193 194 195 195 194 193 193 193 192 191 192
 192 192 191 190 190 189 188 188 189 189 188 187 187 187 188 188 187 187
 187 188 192 189 133 102 101 105 107 104 101  97  93  90  88  87  85  83
  83  81  77  75  76  72  64  62  62  55  48  42  35  31  31  31  28  28
  25  22  23  28  30  29  28  25  25  25  27  29  28  28  27  27  26  25
  24  27  31  34  31  32  33  35  41  47  50  50  53  56  60  63  65  64
  64  64  65  66  69  68  68  70  72  79  85  88  98 106 113 125 136 145
 153 157 158 157 158 164 152 140 144 151 155 157 159 161 161 161 161 162
 164 164 165 165 164 163 164 164 165 165 165 165 166 167 166 167 166 165
 165 166 166 164 166 166 166 166 166 167 167 167 166 167 167 167 167 168
 167  29]"
"[ 28  30 194 194 197 195 195 195 194 193 192 193 194 194 193 193 191 189
 191 191 193 194 193 194 190 191 193 195 195 194 193 191 189 190 192 191
 189 190 190 188 189 189 188 188 188 188 188 189 187 188 189 189 188 187
 187 187 188 194 177 124 107 110 104 108 105  98  93  92  90  88  87  86
  82  79  76  75  76  75  71  67  65  64  57  50  43  34  28  30  30  26
  22  22  25  29  31  32  30  26  24  26  28  27  25  25  27  27  24  23
  26  29  32  36  32  33  31  33  36  39  42  40  45  47  52  59  63  64
  64  65  65  64  65  65  68  71  72  78  82  91  98 105 117 125 136 149
 154 157 156 155 161 170 166 146 146 150 153 154 156 159 161 161 162 164
 165 163 164 165 165 162 162 162 164 165 165 164 165 167 166 166 166 167
 168 168 167 166 165 165 166 168 168 166 166 168 168 169 168 168 167 167
 167  28]"
"[ 29  30 190 190 194 194 194 195 188 190 191 191 192 194 193 191 191 188
 187 185 186 189 190 194 194 193 195 196 195 194 193 190 191 190 190 189
 187 187 188 186 187 187 187 186 186 187 186 186 186 186 187 187 187 187
 187 188 187 186 187 169 131 107 114 110 106 101  98  98  95  91  88  86
  82  79  76  75  75  75  73  72  71  68  64  60  56  47  36  29  28  26
  24  26  30  32  33  32  29  25  24  26  28  27  25  24  24  25  24  24
  26  29  33  37  34  34  30  29  31  35  41  42  44  45  50  56  62  64
  65  66  65  64  65  64  66  69  72  79  84  92  97 104 116 125 136 148
 155 160 159 158 161 169 170 157 148 149 151 155 158 159 161 162 164 164
 164 162 162 163 163 161 162 163 164 164 164 164 164 166 166 165 165 166
 167 167 166 165 165 165 167 168 168 167 167 167 168 168 167 167 166 167
 167  29]"
"[ 28  27 181 179 180 179 179 179 181 184 185 182 180 182 181 178 181 180
 182 181 181 182 181 184 185 184 184 185 184 183 182 179 185 182 182 183
 182 183 185 185 186 185 184 184 184 184 183 183 179 179 180 180 180 180
 181 181 183 178 188 188 163 131 120 115 112 107 104 102  98  93  90  88
  82  80  77  76  76  76  75  74  73  69  67  66  63  56  44  32  28  25
  23  25  29  32  32  31  28  25  23  26  28  28  26  25  24  25  25  26
  28  30  34  39  37  37  33  31  31  36  45  48  49  50  52  57  62  64
  64  65  66  65  66  64  66  69  72  81  85  91  96 103 113 124 135 148
 153 159 160 158 157 164 170 166 155 151 152 158 162 161 161 164 165 164
 162 161 161 161 162 163 164 164 164 165 165 165 165 165 165 165 165 166
 167 167 166 165 165 167 168 168 167 167 167 167 167 167 166 166 166 166
 167  29]"
"[ 31  28 177 174 173 172 172 171 171 174 174 172 171 174 175 175 174 175
 179 179 177 176 174 177 178 176 175 176 176 177 176 173 174 171 172 173
 173 174 177 179 177 176 174 173 173 173 172 171 173 173 173 173 172 172
 172 172 176 176 177 175 174 156 131 112 112 109 108 105 101  98  95  91
  82  81  79  79  79  78  76  74  74  71  70  69  64  62  56  47  34  29
  25  26  30  31  31  30  26  24  23  26  29  30  28  27  25  26  26  26
  27  29  33  39  40  43  40  38  38  41  50  54  57  58  60  62  64  65
  65  65  64  64  65  63  64  68  72  81  86  92  98 103 113 123 136 149
 154 161 162 160 158 162 170 171 163 157 157 162 165 163 162 163 165 163
 161 161 162 162 163 165 164 164 164 165 166 165 165 165 165 165 165 165
 166 166 166 165 165 167 168 167 166 167 167 166 166 166 166 166 165 166
 166  29]"
"[ 29  28 176 176 175 175 176 176 179 180 180 178 176 174 175 177 177 177
 179 176 174 174 175 179 179 176 175 176 176 178 178 176 176 174 175 176
 175 175 178 180 179 177 175 174 174 174 174 173 173 173 173 172 172 170
 169 168 167 173 169 173 172 169 168 131 110 110 109 106 103 101  96  89
  84  82  80  80  80  79  76  73  75  73  72  70  66  66  64  58  46  39
  33  31  32  31  30  29  25  24  23  26  29  30  29  28  25  26  24  23
  24  25  30  38  42  46  46  45  44  46  53  56  58  60  64  65  66  67
  68  68  65  66  67  66  67  71  75  84  89  95 102 108 114 124 138 150
 156 161 162 161 160 160 166 168 166 162 160 162 164 163 162 161 164 163
 162 162 162 162 163 165 163 163 163 165 165 165 164 165 165 165 165 165
 166 166 165 165 165 167 167 166 165 166 166 165 165 165 165 166 165 165
 165  29]"
"[ 28  28 175 177 175 176 176 175 171 173 176 178 178 177 178 179 179 178
 178 176 174 174 175 179 179 176 175 175 176 178 178 176 175 174 175 176
 174 175 177 178 178 177 176 175 175 176 176 175 175 175 175 175 174 173
 172 171 171 169 171 172 167 170 178 151 121 116 111 107 104 102  97  90
  88  85  82  80  80  79  77  74  74  71  70  70  69  69  66  61  59  51
  41  35  31  28  28  29  26  26  26  27  29  30  29  28  27  26  25  23
  24  24  30  38  44  48  48  48  47  49  55  56  56  60  64  66  66  66
  68  69  66  66  68  67  70  74  78  86  91  97 105 111 116 125 139 149
 156 161 160 161 161 159 161 163 165 164 162 162 163 163 163 161 164 164
 163 162 162 161 162 162 162 162 164 165 165 165 165 165 166 166 166 166
 166 166 166 166 165 165 165 164 164 164 165 165 164 164 163 165 164 164
 164  29]"
"[ 30  30 175 179 177 177 176 173 177 179 181 181 180 180 179 177 178 177
 178 176 175 175 173 176 179 176 176 177 177 178 178 176 176 175 176 176
 177 179 180 178 179 178 178 177 177 176 176 175 175 175 175 175 176 175
 174 173 173 168 174 173 177 180 171 153 114 104  99 103 105 104 100  97
  92  89  85  83  81  79  76  74  72  71  69  69  71  69  67  67  68  62
  56  50  43  34  29  28  27  28  29  30  30  30  28  26  28  27  25  24
  24  24  29  36  43  48  49  50  51  52  57  57  58  61  65  65  65  66
  67  67  65  64  65  65  68  72  75  83  91  96 105 113 119 127 139 147
 157 162 162 163 164 161 161 163 163 163 162 162 162 163 163 163 163 164
 163 162 161 162 162 161 163 163 164 166 165 165 165 166 166 166 166 166
 167 167 167 167 165 164 164 163 163 162 164 165 164 163 162 163 162 162
 163  28]"
"[ 29  29 173 179 180 181 179 175 176 178 179 177 178 180 180 177 179 177
 178 176 175 175 174 176 178 176 177 178 178 179 178 176 178 177 176 176
 177 180 180 176 179 179 179 178 177 176 175 174 176 175 175 176 176 176
 176 175 175 176 174 177 178 164 141 105  78  69  72  90 101 101  98  98
  93  91  89  86  82  78  74  72  68  68  65  64  65  64  65  71  72  73
  75  75  65  49  33  26  26  28  30  31  30  29  26  24  26  26  24  24
  23  22  25  33  41  46  49  53  55  56  58  57  59  62  65  65  66  68
  68  68  70  68  67  66  69  73  76  82  90  94 104 114 121 130 141 146
 154 160 160 161 163 159 160 162 162 161 162 162 162 161 163 165 162 163
 163 161 161 164 164 163 162 163 165 165 165 164 164 165 165 165 165 165
 165 165 165 166 165 164 162 163 162 161 163 165 164 163 161 161 160 160
 162  28]"
"[ 29  30 178 178 178 178 182 180 179 178 178 178 178 178 178 178 178 179
 177 175 177 179 179 177 179 180 179 177 176 177 178 178 178 177 176 177
 178 179 179 179 178 178 178 178 178 177 176 176 174 175 176 177 178 177
 177 176 176 175 178 179 160 128 101  80  73  73  75  80  87  96  98  94
  99  93  90  89  84  80  75  70  67  67  69  68  65  66  70  72  75  75
  76  80  83  75  54  34  25  28  29  29  31  27  24  25  24  24  23  23
  23  22  25  32  39  47  54  56  58  62  63  61  61  63  66  68  69  69
  68  67  69  71  72  72  73  74  76  78  87  99 105 115 125 131 140 144
 153 158 162 164 164 162 160 161 161 162 162 161 161 162 162 162 162 162
 162 161 162 164 165 163 162 162 162 163 163 162 162 162 161 162 162 162
 163 163 164 165 164 162 160 162 162 162 162 162 162 163 162 160 160 160
 159  29]"
"[ 29  29 178 177 177 177 180 177 177 177 177 177 178 178 178 178 178 179
 178 177 178 179 179 178 179 179 179 177 177 177 178 178 178 177 177 178
 179 179 179 179 179 179 179 179 179 178 178 177 176 176 177 178 179 178
 178 177 176 180 181 163 130 103  94  88  80  77  75  75  76  82  92  98
  98  97  94  88  84  82  77  70  69  69  71  70  67  67  70  71  71  77
  81  81  84  86  78  65  35  29  29  31  28  29  29  22  26  25  24  24
  24  23  25  30  35  43  51  56  59  61  63  62  63  65  67  69  71  72
  69  65  66  68  70  70  70  72  76  78  87  96 105 112 123 132 136 141
 153 157 161 164 165 163 161 161 161 161 161 160 161 162 162 161 162 162
 161 161 163 165 165 164 162 162 162 162 162 162 162 162 162 163 163 163
 163 163 163 163 163 162 161 162 162 162 161 161 161 162 161 161 161 160
 159  29]"
"[ 29  30 178 178 178 177 179 176 175 176 177 178 178 179 179 178 178 178
 178 179 178 178 178 179 179 180 180 179 178 178 178 178 178 178 178 179
 179 179 179 178 179 179 179 179 179 179 179 178 177 178 179 179 179 178
 178 177 174 173 164 134  99  86  84  81  83  79  77  72  65  66  80  93
  98  96  93  91  88  82  75  73  71  71  71  70  66  67  69  69  70  73
  76  80  83  85  86  87  75  47  24  24  32  29  24  25  24  24  23  24
  25  25  27  32  34  39  48  55  59  60  62  64  66  67  68  70  73  74
  70  64  63  66  68  68  68  70  74  79  81  89 102 110 124 137 139 146
 153 158 161 164 166 164 162 161 162 161 159 159 161 162 162 161 162 161
 161 162 163 163 163 164 162 162 162 162 162 162 162 162 162 162 162 162
 162 162 161 161 161 162 162 162 161 161 161 159 159 159 160 160 160 159
 158  29]"
"[ 29  29 178 178 179 178 180 177 176 177 178 179 179 179 179 178 177 176
 176 178 178 177 177 179 179 179 180 179 179 178 178 177 177 178 179 179
 179 178 178 177 177 177 178 179 179 179 179 178 178 179 179 179 179 177
 176 175 172 174 163 125  88  83  85  85  82  80  80  75  66  62  70  79
  95  96  94  91  88  81  75  75  73  72  71  68  66  67  69  69  74  71
  72  78  81  81  84  88  88  81  56  31  26  29  27  26  24  25  24  24
  25  26  29  34  36  39  46  54  58  58  61  64  66  67  67  68  71  74
  70  65  64  65  66  66  66  68  74  79  83  93 104 111 124 135 139 146
 154 158 162 165 167 165 162 161 162 161 160 160 161 162 162 162 162 160
 160 162 163 162 161 162 162 162 162 161 161 161 161 161 160 160 161 162
 162 162 161 160 160 162 162 161 161 161 160 158 156 156 157 157 158 156
 156  28]"
"[ 29  28 177 178 179 178 180 178 178 179 179 179 179 179 178 177 176 174
 173 176 178 177 177 179 177 178 179 179 178 177 176 176 178 178 179 179
 179 178 178 177 176 176 177 178 179 180 179 178 178 178 179 179 178 177
 175 175 173 173 152 114  82  82  84  83  82  81  82  79  73  69  68  67
  80  94  97  88  83  82  78  74  73  72  72  70  68  70  72  70  71  71
  71  73  77  80  82  81  88  89  79  54  32  30  30  20  27  29  27  24
  24  25  29  33  37  39  46  55  59  59  60  63  65  66  65  65  67  70
  70  68  66  65  65  65  66  69  74  80  87 100 106 113 123 131 140 145
 154 158 161 164 166 165 161 160 163 162 161 161 161 161 162 162 162 161
 161 162 163 161 161 162 162 162 161 161 160 160 160 160 160 160 160 161
 162 162 161 160 159 161 162 160 160 160 159 157 156 155 154 155 155 154
 155  28]"
"[ 30  29 177 179 179 177 179 178 179 179 179 178 178 177 177 177 177 174
 173 176 177 177 177 178 178 178 178 179 178 177 176 177 179 179 179 179
 179 179 179 178 176 176 177 178 179 180 179 179 178 178 178 178 178 177
 175 174 182 170 131 101  85  91  89  84  84  83  82  80  77  76  71  63
  58  76  89  89  84  81  78  74  71  71  73  72  71  73  73  70  68  68
  69  71  72  73  75  78  85  88  96  95  70  38  26  30  27  29  27  23
  23  26  29  33  36  40  46  54  59  61  61  62  64  64  64  64  64  66
  68  70  68  66  64  64  65  69  75  81  86 101 106 113 122 130 144 150
 152 156 159 162 165 164 161 160 162 162 162 161 161 160 161 162 161 161
 161 162 162 162 162 162 162 161 160 159 159 159 159 159 160 160 161 161
 161 161 160 159 159 159 159 159 159 159 158 157 157 154 153 154 154 152
 154  29]"
"[ 30  29 177 179 178 176 179 178 180 179 178 177 177 177 177 178 178 176
 176 177 178 178 178 178 179 178 179 180 179 178 178 178 180 179 178 177
 178 179 179 179 178 178 178 178 179 179 179 179 178 178 178 178 177 175
 174 173 178 165 118  96  89  93  94  92  89  87  86  84  82  80  75  67
  52  59  71  80  81  80  78  76  71  72  74  72  71  72  72  69  69  66
  68  71  70  67  69  75  73  80  87  96  97  72  39  24  27  29  27  23
  24  28  31  34  37  40  45  49  55  61  63  62  65  64  64  64  63  63
  66  70  70  68  66  65  65  68  76  83  89 101 107 111 119 130 141 150
 152 155 159 161 164 163 160 160 161 160 160 161 161 160 160 161 160 161
 160 160 160 161 161 161 160 159 158 158 157 158 158 159 159 159 160 160
 160 159 158 158 159 158 157 157 158 157 157 157 158 154 153 154 154 151
 153  29]"
"[ 29  28 176 177 177 175 178 178 180 179 178 177 177 178 179 179 179 179
 179 180 179 179 178 179 179 178 179 180 180 178 178 179 179 178 176 176
 177 178 179 179 180 179 178 178 178 178 179 179 179 178 178 177 176 173
 171 170 175 163 113  99  98  98  96  96  95  94  93  91  87  84  79  72
  64  59  58  63  71  80  82  76  74  75  74  71  69  71  71  68  64  66
  67  66  65  66  66  66  74  77  79  81  89  95  77  46  31  32  28  25
  27  31  32  33  39  42  43  44  50  60  65  63  66  65  65  65  63  62
  65  70  72  70  68  67  66  68  76  84  88  97 107 108 116 130 138 149
 153 156 159 162 164 163 160 160 161 159 158 160 161 160 160 160 159 160
 160 158 158 159 160 159 158 158 157 156 156 157 158 159 157 157 158 158
 158 157 157 157 159 156 155 156 157 156 156 157 158 154 153 154 153 150
 152  29]"
"[ 30  28 176 175 178 178 178 178 177 178 178 178 178 178 179 180 179 179
 179 179 179 179 179 179 179 179 179 180 180 179 179 179 179 178 176 176
 177 179 179 178 175 175 177 180 179 178 178 177 178 178 178 178 177 175
 173 172 169 164 114  99 100 104  97 100  96  94  94  94  92  90  86  81
  76  72  61  50  53  67  75  74  76  75  76  71  69  73  71  69  65  64
  65  60  58  62  64  69  72  73  76  76  80  91  95  88  59  33  30  31
  30  33  33  36  40  43  47  50  51  53  59  64  69  68  67  66  63  63
  66  71  72  70  68  67  67  71  79  85  88  92 102 109 116 128 138 145
 151 154 157 161 164 163 160 159 159 158 158 159 159 158 158 160 160 160
 158 158 157 157 157 157 156 157 158 157 155 155 157 158 156 156 156 156
 157 158 157 155 155 154 154 153 154 155 155 154 154 154 151 152 153 152
 150  30]"
"[ 29  28 176 175 178 178 177 177 178 179 179 179 178 177 178 178 179 179
 178 178 178 178 179 179 177 178 178 179 179 179 179 179 179 178 177 178
 178 177 177 177 178 177 178 179 177 177 178 179 178 179 179 178 176 174
 173 172 175 163 113 103 104 102 104 101 100  98  97  95  92  90  87  84
  80  76  67  58  51  52  62  72  75  74  76  72  70  73  72  70  67  65
  64  58  57  62  64  68  74  73  76  79  79  81  86  91  98  71  43  30
  35  31  37  44  43  46  50  52  53  55  59  64  68  67  66  65  64  64
  66  67  70  70  70  70  69  71  76  81  85  86  96 105 115 124 132 143
 150 156 160 161 163 164 162 161 158 158 158 159 159 158 158 159 159 159
 158 157 155 155 155 156 155 156 157 156 155 154 155 156 155 155 155 155
 156 156 156 154 154 154 154 153 154 154 154 153 152 153 151 152 151 150
 148  29]"
"[ 29  29 178 177 179 179 178 178 179 179 179 179 178 177 177 177 179 179
 178 177 177 178 179 179 177 178 179 179 178 178 179 179 177 177 177 179
 178 176 175 176 179 178 179 179 176 176 178 178 178 179 179 178 176 174
 174 174 175 166 124 104 103 100 104 101 103 101  99  97  93  90  88  85
  82  78  74  69  60  52  54  61  65  66  71  70  69  72  70  68  69  66
  64  61  62  67  70  73  78  78  79  81  78  74  77  87 109 100  72  35
  38  42  46  49  48  50  53  55  55  56  60  63  66  66  66  65  65  66
  65  64  67  69  71  73  73  73  77  81  85  88  95 102 113 123 128 138
 147 155 160 161 163 165 163 160 157 158 158 157 157 158 158 157 158 159
 159 157 155 153 154 156 154 155 156 156 155 154 154 154 155 155 154 154
 155 155 155 154 153 154 153 153 153 154 153 152 149 150 150 151 149 149
 147  29]"
"[ 29  29 179 178 180 179 178 178 178 179 179 179 178 178 177 177 179 179
 178 178 178 178 179 180 179 179 179 178 177 177 178 179 177 175 176 178
 178 176 176 178 177 177 179 180 177 175 176 176 177 177 178 177 176 176
 175 175 174 174 147 112 104 109 104 108 105 103 102 101  97  94  90  86
  83  81  79  76  71  64  57  52  53  54  61  64  66  69  66  63  67  64
  64  65  69  74  76  76  80  83  82  82  83  80  79  82 103 113 111  66
  44  55  51  51  52  53  55  56  56  57  60  63  64  64  65  66  67  66
  65  65  66  67  68  71  72  74  77  81  82  89  93  95 108 121 126 132
 143 152 158 160 163 164 161 159 157 157 156 155 155 157 158 156 157 158
 158 157 154 153 154 155 154 154 155 155 155 155 154 154 155 154 154 153
 154 155 154 153 152 153 153 152 152 153 152 151 146 148 147 149 148 148
 147  29]"
"[ 28  29 178 178 179 179 178 178 178 178 178 178 178 178 178 178 178 178
 178 178 178 179 179 180 180 180 179 177 176 176 177 178 179 175 174 177
 178 177 177 180 177 177 179 180 178 176 177 177 177 177 176 177 177 177
 176 175 174 177 162 130 107 112 109 112 108 105 105 104 101  98  93  88
  85  84  80  76  73  69  62  56  50  48  51  53  55  60  60  60  60  60
  61  67  74  77  77  75  78  82  82  83  88  89  87  87 100 113 130 107
  53  56  56  59  56  56  57  57  58  59  61  64  64  63  65  68  68  65
  65  67  68  66  65  66  68  71  75  79  80  87  92  95 108 123 128 135
 144 150 154 158 162 162 160 160 158 157 155 153 154 157 157 156 156 156
 156 155 154 154 154 154 153 153 153 154 154 154 154 154 154 153 152 152
 153 153 153 152 151 152 151 151 151 151 151 150 146 147 145 147 147 148
 147  29]"
"[ 29  29 179 178 180 179 178 178 179 179 178 178 178 178 178 177 177 177
 178 178 178 178 178 179 180 179 178 177 176 176 178 179 180 177 175 177
 178 178 178 179 178 178 179 180 178 177 179 179 179 178 178 178 179 178
 176 175 174 176 170 157 117 103 111 111 112 109 107 105 101  98  94  89
  88  84  79  77  75  70  65  62  58  51  48  45  44  49  52  55  52  53
  55  65  76  80  80  77  76  78  80  82  86  89  91  95  98 113 130 134
  63  58  65  64  60  60  60  60  61  61  62  64  65  66  69  72  70  67
  67  68  68  66  63  64  66  70  75  79  84  88  94 101 112 122 129 140
 147 150 154 157 161 161 160 161 158 157 154 153 155 157 157 156 155 154
 154 154 155 155 154 154 154 154 153 153 153 154 154 154 153 153 152 152
 152 153 152 151 151 150 149 149 149 150 149 148 147 147 145 146 146 147
 147  28]"
"[ 29  29 179 178 180 179 178 179 179 179 179 179 179 178 178 177 177 178
 178 177 177 177 177 178 179 179 178 177 177 178 179 179 179 178 177 178
 178 178 178 178 179 178 179 180 178 178 180 180 179 179 179 180 180 179
 177 176 175 176 177 176 146 113 112 112 114 112 110 106 101  97  93  89
  87  82  79  79  78  73  68  66  66  58  54  47  42  42  45  49  48  48
  49  62  74  79  82  79  77  76  79  81  82  86  92  96 103 121 132 144
  73  68  71  65  66  65  65  65  64  64  63  63  66  70  73  73  71  70
  68  67  66  65  65  66  68  70  74  78  84  86  95 103 109 116 124 134
 144 150 154 157 160 161 160 161 158 155 153 153 155 156 155 155 154 154
 154 154 154 154 154 153 154 154 154 153 153 153 153 153 152 152 152 152
 152 153 152 150 150 149 147 146 147 149 148 146 146 146 145 146 146 146
 146  28]"
"[ 29  29 178 178 179 178 178 178 179 179 179 179 180 179 178 177 178 179
 178 177 176 176 177 178 178 178 177 177 177 178 178 178 177 178 179 179
 179 179 178 178 178 177 179 180 179 179 179 179 178 178 179 180 179 178
 177 176 174 173 175 178 176 137 110 111 115 114 113 109 102  96  92  89
  83  83  80  77  75  74  73  72  69  64  62  55  46  42  41  45  49  48
  46  57  69  75  79  77  76  76  79  80  81  88  94  94 106 121 131 140
  78  76  71  72  70  69  68  68  68  66  64  63  65  71  74  72  70  71
  68  63  63  64  66  68  67  67  69  72  80  85  96 102 106 114 122 129
 137 148 155 157 160 162 160 158 157 153 151 153 155 154 154 153 153 153
 153 153 153 152 152 152 153 153 153 152 151 151 151 151 151 151 151 151
 151 152 151 149 150 148 145 145 146 148 147 145 143 146 146 147 146 146
 146  29]"
"[ 29  30 179 176 175 174 176 178 179 178 178 179 180 179 178 177 177 177
 179 179 178 178 178 177 178 177 177 178 178 178 179 180 178 179 180 180
 179 178 177 178 177 178 179 179 179 178 178 179 177 175 174 177 180 180
 178 176 173 175 175 171 179 168 126 108 116 116 111 109 102  99  90  85
  83  82  80  79  77  74  73  74  74  71  68  64  58  52  46  41  44  42
  46  53  62  69  72  77  77  77  81  82  80  86  92  88 101 120 130 142
  85  75  74  76  77  75  73  72  71  70  68  67  68  69  69  69  69  70
  68  65  65  64  66  66  66  67  68  72  77  80  89  97 104 113 119 126
 135 143 152 158 159 159 159 159 159 156 153 152 153 154 154 154 153 152
 153 154 154 154 153 153 153 153 154 153 152 151 151 152 150 150 149 149
 149 149 148 148 148 147 146 145 144 145 146 146 144 144 142 144 143 144
 145  29]"
"[ 29  29 178 175 175 174 175 177 179 178 179 179 180 179 179 179 177 177
 178 179 177 178 179 179 176 176 176 177 178 178 179 179 178 179 179 179
 178 177 178 178 178 178 179 179 178 178 178 178 178 177 176 178 179 179
 178 177 177 177 176 173 175 181 160 123 114 108 109 110 103 100  91  86
  84  82  79  78  78  76  75  75  76  73  71  69  67  65  57  48  39  39
  45  49  54  63  68  70  75  81  82  81  83  81  81  87 104 123 127 141
  82  73  80  78  81  80  78  75  73  72  72  72  74  73  71  69  70  71
  69  66  66  63  65  65  66  68  68  72  76  80  88  94  99 108 116 124
 132 141 152 157 158 157 156 156 158 155 153 152 152 152 152 153 153 152
 152 153 153 152 151 150 150 151 152 152 151 150 150 151 150 149 149 148
 148 147 146 145 146 145 145 145 145 145 145 145 145 144 143 145 144 144
 145  30]"
"[ 29  28 177 175 176 175 176 177 178 178 179 179 179 178 178 179 176 175
 176 176 175 176 178 178 176 176 177 178 178 178 178 179 178 178 178 178
 177 177 178 179 179 179 179 179 178 178 178 178 179 178 178 179 179 178
 178 178 179 177 176 179 175 180 181 153 125 106 111 112 105 100  93  88
  88  84  80  79  80  78  76  74  74  75  75  72  69  68  63  56  47  41
  41  39  43  56  65  67  70  78  79  81  84  77  75  85 101 119 126 130
  74  72  82  81  81  82  81  78  74  73  74  75  78  77  74  71  71  71
  69  66  66  64  65  66  67  69  69  72  76  80  89  93  97 104 113 123
 130 140 151 156 158 158 157 157 156 155 154 153 152 151 151 152 153 153
 153 154 154 152 150 148 148 150 151 151 150 149 148 148 149 148 148 147
 146 145 143 143 142 142 142 143 144 144 143 142 146 145 144 146 145 143
 144  29]"
"[ 29  29 178 177 178 177 176 176 177 178 178 178 177 176 177 178 176 175
 176 175 173 175 178 178 178 178 178 179 180 179 178 178 177 178 178 178
 177 177 178 179 180 180 180 179 179 178 179 179 179 179 179 180 180 179
 179 179 178 179 176 181 177 172 179 176 137 103 106 107 103 100  96  92
  91  88  84  82  82  80  77  75  74  75  76  72  66  65  65  63  59  52
  46  40  41  46  52  59  64  68  75  80  78  73  74  80  98 114 128 110
  66  72  79  82  81  82  82  80  77  75  76  77  77  78  76  73  72  71
  68  64  65  63  65  66  67  69  69  72  76  80  90  94  98 104 112 121
 129 137 147 153 156 159 160 159 154 154 154 153 152 151 151 152 153 152
 152 154 154 152 149 147 148 149 149 149 148 147 145 145 147 147 146 146
 145 143 142 142 140 140 140 142 143 143 141 140 144 143 143 146 145 143
 143  28]"
"[ 29  29 179 178 179 178 176 175 178 178 179 178 176 175 176 178 179 178
 178 177 175 176 179 180 179 179 179 180 180 179 179 179 177 178 179 179
 178 178 178 179 179 179 179 179 179 179 179 180 179 179 179 180 181 180
 179 179 178 181 179 178 178 175 175 177 154 110 103 104 103 101  97  93
  92  90  87  85  83  81  79  77  79  77  76  73  68  65  66  67  61  59
  54  46  41  35  36  51  57  64  71  72  68  67  73  81  94 109 114  84
  64  74  79  82  81  82  83  83  82  80  79  79  77  78  77  74  71  69
  66  63  62  62  65  65  65  65  66  70  75  78  87  91  96 102 109 117
 125 133 141 148 153 157 159 158 152 152 153 153 152 151 151 152 152 151
 151 152 152 150 147 146 147 147 148 147 146 145 145 144 145 145 145 145
 144 144 143 143 140 140 140 141 143 142 141 140 141 140 141 145 145 144
 144  30]"
"[ 29  29 178 178 179 178 176 175 179 179 179 178 176 175 176 178 180 178
 178 177 176 177 179 179 179 179 179 180 180 179 178 179 177 178 180 180
 179 179 179 179 178 178 178 178 178 178 179 180 179 178 178 180 181 181
 179 178 180 177 181 179 177 178 175 175 170 125 108 107 106 103  96  93
  90  90  89  86  83  81  81  80  79  77  76  74  67  62  63  65  65  66
  64  59  55  44  34  40  49  64  68  65  65  66  74  90 100 108  93  69
  71  77  84  80  80  82  83  84  84  83  82  81  79  80  78  74  70  68
  66  64  62  62  65  64  63  63  64  68  74  76  82  86  91  99 106 113
 123 130 139 145 151 156 157 154 152 151 151 151 151 151 151 152 152 151
 151 151 150 148 146 146 146 146 146 146 145 145 145 145 144 145 145 145
 145 144 144 144 142 142 142 143 143 143 142 141 142 142 141 144 144 145
 145  28]"
"[ 29  28 178 177 179 178 178 177 179 179 180 178 176 175 177 179 179 177
 177 177 176 177 179 178 179 179 179 180 179 178 178 178 178 179 180 181
 180 179 179 179 179 179 179 178 178 178 179 180 179 179 179 180 181 180
 179 179 180 176 180 181 177 176 175 176 174 135 109 108 107 103  96  96
  92  92  90  86  82  81  81  81  78  75  74  72  68  66  67  68  64  64
  66  66  67  64  49  36  46  58  63  64  67  71  80  93 102  96  73  67
  77  79  81  79  80  81  83  84  83  82  82  83  81  82  80  76  74  72
  69  66  64  63  65  63  62  63  63  67  70  72  79  83  89  97 103 110
 121 129 137 142 147 152 154 153 152 150 149 149 150 150 150 150 151 150
 150 149 148 146 146 146 146 146 146 145 145 146 146 146 145 145 146 146
 145 144 144 144 143 143 144 144 144 144 144 143 144 145 144 145 145 147
 147  28]"
"[ 30  29 177 176 179 179 179 180 179 179 179 178 176 175 177 179 179 177
 177 178 178 179 180 179 181 180 180 180 179 178 177 178 178 180 181 181
 180 179 179 179 180 180 179 179 179 179 180 180 180 179 179 180 180 179
 179 179 179 180 179 177 178 178 177 176 181 147 115 111 108 103  95  97
  95  95  92  86  82  81  81  81  80  75  71  71  75  80  80  76  76  71
  72  70  76  96  98  82  48  49  59  67  68  75  85  87  80  62  49  59
  72  80  77  84  82  83  84  84  83  83  84  86  81  82  81  80  79  77
  72  67  66  63  63  62  61  62  62  66  66  69  77  83  89  96 101 108
 118 126 134 137 141 148 152 152 150 148 146 146 147 148 148 148 148 148
 148 147 146 145 145 147 147 147 146 146 146 146 146 146 145 146 146 146
 145 144 143 143 143 143 144 144 144 144 144 144 144 146 145 146 147 151
 151  32]"
"[ 30  29 179 178 178 179 180 179 178 179 179 179 179 179 179 179 178 178
 178 179 179 178 179 180 181 180 179 178 177 178 178 179 178 179 181 181
 180 179 179 179 179 180 179 176 176 178 180 180 179 179 179 179 179 179
 179 179 180 178 178 179 178 176 175 176 178 160 114 103 102  97  98  95
  96  97  90  87  85  83  84  80  79  77  73  78  86  88  89  87  82  79
  77  78  79  94 114 115  85  60  58  68  64  69  73  63  54  48  46  55
  69  76  80  85  84  84  84  83  84  86  85  83  79  80  82  82  79  77
  72  66  65  63  62  61  59  59  61  64  65  65  72  79  85  91  99 110
 117 128 133 138 140 144 146 152 153 146 144 146 147 147 148 148 149 148
 146 146 146 147 147 147 146 147 146 146 146 147 147 146 146 146 146 146
 146 145 143 142 143 143 145 147 146 144 145 147 146 144 146 149 153 155
 161  28]"
"[ 29  28 179 178 178 178 179 179 178 178 178 178 178 178 179 179 178 177
 177 178 178 178 178 180 182 181 180 179 178 179 179 180 181 180 180 180
 180 180 180 180 178 180 179 178 177 179 180 180 179 179 179 179 179 179
 179 179 181 180 179 179 178 176 175 175 181 171 125  96  96  92  94  98
  95  97  92  89  86  83  84  81  81  81  81  90  97  94  90  88  88  86
  82  81  78  90 116 130 121  86  68  67  65  66  65  59  57  51  49  57
  71  78  81  84  87  87  87  86  86  85  83  81  83  82  82  80  78  76
  73  67  64  62  58  57  56  57  58  60  63  64  72  78  83  89  96 107
 114 126 133 139 142 145 145 149 151 147 145 146 148 149 150 150 150 149
 148 148 149 149 149 148 151 151 150 149 148 148 148 147 147 147 147 147
 147 147 146 145 144 146 147 146 145 145 146 146 149 148 152 155 160 160
 164  30]"
"[ 29  29 180 179 178 178 179 179 179 179 179 179 179 179 179 179 179 178
 178 178 178 178 179 179 180 180 179 179 179 180 181 181 181 180 178 177
 178 179 179 179 178 180 180 179 179 180 180 179 179 179 179 179 179 179
 179 179 181 180 180 179 179 177 176 175 176 178 147 107 101  98  97  93
  93  95  94  92  88  84  84  82  81  82  88 101 104  96  92  92  88  86
  85  89  91  97 118 136 140 102  69  61  62  61  57  58  57  52  49  55
  69  79  84  87  88  87  87  87  87  85  83  82  84  82  81  79  77  76
  72  67  65  62  58  56  57  58  59  59  62  64  72  78  82  87  94 104
 109 121 130 137 141 145 145 150 151 148 146 147 150 152 153 152 152 151
 151 152 152 153 151 150 152 152 152 151 150 150 150 149 147 147 147 147
 148 148 148 147 147 150 150 147 146 147 149 148 152 153 156 159 163 162
 165  30]"
"[ 29  29 181 180 179 179 180 179 179 179 179 180 180 180 180 179 180 179
 179 179 179 179 179 179 178 178 179 179 180 180 181 181 181 179 178 177
 177 178 179 179 179 180 181 180 179 179 179 178 180 179 179 179 179 179
 179 180 180 180 179 179 179 179 178 176 173 179 173 138 106  93  94  92
  91  93  94  93  90  86  84  83  82  84  93 109 112 103  97  95  95  91
  88  93  98 101 116 135 147 119  72  64  63  59  54  58  57  54  52  57
  70  80  85  87  89  87  86  87  87  85  84  84  82  81  80  80  78  76
  72  66  66  64  61  60  60  62  61  60  60  63  72  79  83  87  94 104
 109 121 128 134 137 142 144 151 155 151 147 148 152 153 153 153 154 154
 153 154 155 155 153 152 151 152 153 152 151 151 150 149 147 146 146 146
 147 147 148 148 150 151 151 148 147 148 150 151 155 155 157 159 161 161
 164  29]"
"[ 29  29 181 180 179 179 179 179 178 179 180 180 180 180 180 179 179 179
 179 179 179 179 178 178 178 179 180 180 181 181 181 180 180 180 180 180
 179 179 179 180 179 180 180 179 179 179 179 179 180 180 179 179 179 179
 179 180 179 179 179 178 179 180 179 177 178 176 181 170 135 109  91  83
  90  90  91  93  92  90  86  85  82  82  91 110 119 113 104  94  91  93
  95  97 100 103 117 137 151 134  74  69  65  61  58  60  60  60  60  64
  75  82  85  86  91  88  87  88  87  84  82  81  82  80  80  79  77  75
  72  66  65  65  64  63  62  61  60  60  60  63  72  79  82  87  93 104
 112 123 129 133 133 138 142 151 159 153 146 147 153 154 153 155 155 155
 154 154 154 154 153 152 152 154 154 153 152 150 148 147 147 147 146 146
 146 147 147 147 149 148 148 147 147 146 149 152 155 155 157 158 161 161
 164  29]"
"[ 28  29 180 179 179 178 179 178 179 180 181 181 181 181 181 181 180 180
 180 180 180 180 179 178 181 181 182 182 182 181 181 180 180 181 182 182
 181 180 180 180 179 179 179 179 179 179 179 180 181 180 180 179 179 179
 180 180 179 179 179 179 179 179 178 177 174 174 177 183 179 165 130 102
  90  87  89  91  93  91  86  85  82  79  83  99 114 121 116 102  89  93
  96  96  99 105 118 137 151 135  72  68  65  64  64  64  64  64  62  65
  72  80  86  90  89  88  88  89  88  85  82  80  82  80  79  76  73  72
  71  67  65  65  65  64  61  58  58  60  61  64  73  79  82  87  93 104
 109 121 127 131 132 137 141 149 160 155 147 146 152 153 153 156 154 154
 153 152 152 151 151 150 150 152 153 152 150 149 147 146 147 147 146 146
 146 147 147 147 147 146 146 147 146 146 148 152 152 154 158 159 162 162
 165  29]"
"[ 29  29 179 178 178 179 179 178 180 181 182 182 181 181 182 183 181 182
 182 180 179 180 181 180 182 183 183 183 183 182 182 181 181 181 182 182
 182 181 180 180 179 179 179 180 179 179 180 181 182 181 180 179 179 179
 180 180 180 179 179 180 180 178 177 178 175 179 179 177 176 175 153 120
  94  88  89  91  93  91  85  85  87  85  84  90 101 116 123 112 106  99
  93  86  87  97 112 131 147 127  73  67  66  65  65  67  66  64  62  62
  68  75  84  92  87  88  88  89  89  87  84  81  81  80  78  75  70  70
  71  69  68  66  64  63  59  55  57  62  64  66  74  79  82  86  92 102
 106 117 123 128 132 137 140 147 160 160 151 144 148 151 151 152 152 152
 152 151 150 150 149 150 148 150 151 150 149 148 147 147 147 146 146 146
 146 146 146 146 146 147 147 147 147 147 150 152 152 154 158 160 163 163
 166  29]"
"[ 30  29 180 179 179 180 180 179 180 181 181 181 180 180 182 184 182 182
 181 179 178 180 181 181 183 183 183 183 183 183 183 183 182 182 181 182
 182 182 181 180 180 180 180 180 180 179 179 180 182 181 180 180 179 179
 180 180 180 179 179 181 180 178 177 179 175 171 179 181 178 181 177 144
 100  92  93  93  94  92  85  85  85  89  88  84  85 102 115 108 109  99
  92  83  82  91 105 123 133 110  72  64  66  63  64  69  65  65  65  66
  70  73  80  88  90  90  89  87  87  87  86  83  81  80  80  76  72  71
  73  72  71  66  63  61  58  55  58  65  65  66  73  78  80  84  90 100
 108 117 121 127 131 137 138 144 161 164 155 143 144 149 148 148 151 152
 152 151 150 149 149 150 150 151 152 151 149 147 147 146 147 147 146 146
 147 147 147 147 145 148 148 147 146 149 151 151 155 156 159 160 163 163
 166  29]"
"[ 28  29 180 180 181 182 181 182 180 183 183 182 182 181 181 183 182 182
 181 180 180 181 183 185 184 182 181 182 182 180 181 182 179 182 183 182
 180 181 181 180 181 182 183 183 182 181 180 178 185 181 179 182 185 185
 184 184 186 185 185 187 188 188 187 187 187 186 186 187 188 188 187 186
 139 107 104 101  94  90  83  77  82  85  88  88  88  92  99 105 110  95
  81  73  76  88 101 114 118  89  76  71  63  63  67  67  64  64  66  69
  72  74  78  83  88  90  90  88  87  88  85  81  79  80  80  77  75  73
  72  72  70  67  63  59  57  57  59  61  64  67  74  80  83  85  93 103
 111 117 123 127 131 134 140 147 160 164 160 149 144 145 146 145 149 151
 152 151 149 151 153 151 151 151 150 149 148 147 148 148 148 147 146 147
 147 147 146 145 146 145 145 146 148 149 151 152 154 156 158 160 162 165
 167  30]"
"[ 29  29 181 181 182 182 180 180 183 186 187 187 186 184 181 181 181 182
 184 184 183 184 185 186 184 183 183 184 185 184 185 187 184 186 186 182
 180 180 181 180 182 183 184 185 187 188 189 188 194 190 189 191 193 192
 190 190 195 194 193 195 196 196 195 195 196 195 195 194 194 195 197 198
 166 117  98  96  98  91  81  81  80  84  87  87  87  91  96 101 101  87
  75  69  75  89  99 108  96  79  76  74  66  65  69  71  68  67  67  70
  72  75  79  83  89  89  88  87  87  88  85  80  80  81  81  78  75  73
  72  71  67  65  61  59  56  55  56  58  62  65  73  82  87  89  93  97
 111 117 123 126 129 133 139 147 158 162 159 150 145 144 143 143 149 151
 153 153 151 152 154 152 152 151 150 150 150 149 149 149 150 149 147 147
 148 148 148 147 147 146 146 147 148 150 152 154 154 156 158 160 162 165
 166  30]"
"[ 30  28 181 180 182 184 184 185 180 182 183 185 186 184 181 181 180 183
 187 188 187 186 186 188 193 192 192 193 192 191 192 194 188 191 193 193
 194 197 200 201 199 199 198 197 197 198 197 196 198 197 196 198 199 198
 196 196 198 196 195 197 198 198 197 196 196 196 196 195 194 195 197 200
 195 160 111  96 100  87  87  84  84  85  86  85  85  88  92  95  93  82
  73  70  77  88  94  99  87  78  76  72  64  63  66  71  72  70  69  71
  73  76  80  84  88  88  87  86  87  88  85  81  81  82  82  78  74  71
  69  68  65  62  59  58  55  52  53  57  61  66  74  82  87  91  95  98
 112 118 122 125 127 131 137 146 157 161 160 153 147 142 140 140 144 147
 150 152 151 152 153 152 152 151 151 151 151 151 150 149 150 149 148 148
 149 149 148 147 147 147 147 148 148 149 152 154 154 157 158 160 161 164
 166  29]"
"[ 30  28 186 186 190 193 194 195 198 199 197 196 197 196 193 193 196 199
 202 203 202 201 201 202 201 201 202 202 200 198 198 199 201 203 204 203
 201 201 200 200 201 200 198 197 198 198 197 196 197 197 198 200 201 200
 199 199 199 197 196 197 198 198 197 196 194 195 196 196 195 194 195 196
 202 197 146 101  95  91  94  88  90  88  85  82  82  85  87  88  84  74
  69  69  73  77  78  83  82  76  72  67  66  68  70  73  72  70  69  71
  74  76  80  84  85  86  86  86  86  86  85  82  80  81  80  77  72  68
  65  64  63  60  57  56  53  49  52  57  60  68  77  83  87  92  99 104
 112 117 121 123 125 128 136 145 153 158 160 157 152 144 140 139 141 142
 147 151 151 151 151 150 152 151 151 151 151 150 150 150 148 148 149 150
 151 151 148 146 147 147 148 148 148 148 150 153 154 157 159 161 161 163
 165  29]"
"[ 28  29 198 199 202 202 201 201 205 204 201 199 200 200 200 201 201 202
 203 204 204 204 203 203 201 202 204 204 203 201 201 201 200 201 202 202
 201 200 200 200 201 201 200 199 200 200 199 198 197 197 198 200 200 200
 201 201 200 198 197 198 199 198 197 197 195 195 196 196 196 196 195 195
 197 197 181 119  93 102  95  92  92  89  84  81  82  83  83  82  78  69
  66  67  67  66  68  75  78  74  71  68  70  73  72  73  71  69  69  71
  73  74  76  79  83  86  87  86  85  83  82  80  77  78  78  74  70  66
  63  62  60  57  56  56  53  50  52  57  58  67  78  85  90  96 102 105
 111 116 119 121 123 127 135 144 148 154 159 160 156 149 143 141 141 142
 146 151 151 151 151 150 152 152 152 151 150 149 150 151 148 149 149 151
 151 151 149 148 147 148 149 150 149 148 150 152 155 158 160 161 161 163
 165  29]"
"[ 28  30 202 204 205 203 202 203 203 203 202 201 203 203 204 205 204 203
 203 203 204 205 205 205 202 203 204 204 203 202 202 201 205 204 203 202
 201 200 200 200 201 201 200 199 199 199 198 197 199 199 199 200 200 200
 200 200 199 198 197 198 198 198 197 197 196 195 194 194 196 196 196 195
 195 191 200 158 113 102  95  93  90  88  85  84  84  84  81  78  76  67
  65  66  65  65  69  80  79  76  74  70  69  72  71  72  73  72  72  73
  73  72  73  75  81  84  87  87  84  81  79  78  76  76  76  73  69  66
  64  62  59  58  59  59  57  53  54  57  61  67  75  84  91  98 103 106
 110 115 118 120 123 127 134 142 146 152 157 159 158 152 145 142 140 139
 142 148 150 151 152 152 152 153 153 152 150 149 151 153 151 151 150 150
 150 150 150 150 148 149 151 151 151 150 150 152 156 158 160 161 162 164
 165  29]"
"[ 29  30 203 203 204 202 204 205 207 208 206 204 204 203 203 205 209 208
 207 207 208 208 208 208 206 206 206 204 203 203 202 202 204 202 201 201
 202 202 202 202 200 201 201 201 201 202 202 201 199 200 200 200 200 200
 200 200 201 200 199 200 199 199 199 199 198 197 196 196 196 197 197 197
 196 196 202 192 152 106  93  91  91  91  91  90  89  86  81  78  72  65
  64  64  65  67  72  81  80  76  74  70  68  72  74  76  75  74  74  75
  73  71  70  72  76  80  84  86  84  81  78  77  76  76  75  72  70  67
  65  63  59  60  61  61  58  56  56  58  65  69  76  84  91  97 103 106
 110 114 118 121 124 127 132 139 145 151 154 156 158 156 150 147 142 137
 138 143 146 148 150 152 152 152 153 152 151 150 151 153 153 152 151 150
 148 148 149 150 148 149 151 152 151 151 152 154 156 159 160 162 163 165
 166  29]"
"[ 29  30 206 207 208 206 207 207 207 208 207 204 204 203 204 207 209 208
 207 207 207 207 207 207 207 206 205 203 203 203 204 203 203 202 201 202
 203 202 200 199 201 201 201 200 200 201 201 201 199 200 200 200 201 202
 201 200 199 199 199 199 199 198 198 199 197 197 197 196 196 196 196 195
 194 196 195 198 183 124  86  90  95  96  97  96  92  87  83  79  71  67
  66  65  67  72  75  80  81  75  75  72  70  73  74  74  75  74  74  75
  72  69  68  70  72  76  81  84  85  82  80  78  77  77  75  72  70  68
  65  63  61  61  60  58  56  56  57  59  63  70  80  89  94  96 100 104
 109 114 118 122 125 127 131 137 142 147 150 153 158 160 157 154 149 141
 139 142 143 145 147 148 151 151 151 151 151 151 152 152 152 153 152 150
 148 147 147 148 148 149 150 151 152 152 153 155 157 159 160 162 163 166
 167  30]"
"[ 29  29 205 207 208 208 208 207 209 208 208 208 207 206 205 206 206 204
 205 208 209 207 206 207 208 207 206 206 207 206 206 205 208 206 204 202
 201 201 200 200 200 201 201 202 202 202 201 199 199 199 200 200 200 201
 201 202 200 200 200 199 199 199 198 198 199 198 196 196 196 197 196 195
 195 195 195 197 197 165 114  93  96 100  97  94  91  88  86  82  79  70
  68  69  67  71  78  80  80  80  78  75  73  72  73  75  73  72  72  73
  72  70  68  67  71  76  81  82  80  79  80  80  77  77  76  71  67  66
  65  63  62  58  55  56  56  55  56  58  62  71  78  82  89  97 101 102
 108 113 119 122 124 126 132 137 138 141 146 153 158 158 157 159 155 152
 146 143 142 143 144 143 151 150 150 151 152 152 152 151 151 152 152 150
 148 148 149 149 151 151 150 150 151 153 154 154 157 160 160 160 162 165
 171  28]"
"[ 29  29 204 207 207 208 208 208 208 208 208 208 208 206 205 205 206 204
 205 206 207 207 207 207 209 209 208 208 206 205 205 204 207 206 204 203
 202 202 202 201 201 201 202 201 202 202 201 199 199 199 199 199 199 199
 199 200 200 200 200 199 199 199 198 198 199 198 197 197 197 197 196 195
 199 195 195 195 196 192 156 112  87  94 101  96  92  88  82  87  79  72
  72  74  73  75  80  80  81  80  77  74  72  71  72  74  71  70  70  72
  71  69  67  66  70  73  75  75  74  74  74  74  74  74  73  69  66  66
  65  63  62  59  57  58  58  57  57  58  62  67  73  80  88  95 101 107
 110 114 119 122 122 124 129 134 137 141 145 150 155 156 157 159 160 155
 150 146 143 141 141 142 144 146 148 150 151 152 152 153 153 153 152 150
 149 149 149 149 152 152 152 152 151 152 153 155 159 161 161 161 164 167
 171  28]"
"[ 29  29 205 208 207 208 209 209 208 208 209 209 208 208 207 207 207 206
 205 205 205 207 208 208 209 209 209 208 206 204 204 204 205 204 204 203
 203 203 203 203 202 202 202 202 202 202 201 200 199 199 199 199 199 199
 199 199 201 200 200 199 199 199 199 199 200 199 198 198 198 197 196 195
 200 194 195 196 196 202 190 153 112  88  91  95  91  92  88  87  81  75
  76  78  77  78  81  80  82  80  78  75  73  72  72  73  69  67  68  71
  71  67  65  65  70  71  72  71  72  74  75  74  75  75  73  70  67  66
  64  61  62  59  57  58  59  59  60  61  63  64  70  80  88  91  98 108
 111 115 119 121 120 121 126 130 136 140 143 147 151 153 156 160 163 159
 155 153 148 142 139 139 140 143 147 151 151 151 152 153 154 153 152 150
 150 151 151 150 151 153 153 152 150 150 152 155 158 159 160 161 166 169
 172  29]"
"[ 29  30 206 209 208 208 209 209 210 210 208 207 208 209 209 209 207 208
 206 204 204 207 209 208 208 208 208 207 206 206 205 205 204 203 203 203
 203 203 203 203 202 202 201 201 201 202 201 201 200 200 200 200 200 200
 201 201 201 201 200 199 199 199 200 200 201 200 199 198 197 197 196 195
 196 197 195 196 195 195 198 189 156 109  90  91  88  89  87  86  84  79
  79  80  78  79  80  80  83  81  78  76  74  73  72  72  69  67  67  70
  69  65  63  64  65  66  66  66  68  72  73  73  74  74  72  70  68  66
  63  60  61  58  56  56  57  59  62  64  64  65  70  80  87  88  94 104
 111 114 117 118 117 117 121 125 133 137 140 142 146 149 153 157 160 160
 159 159 155 149 141 136 138 141 146 151 152 152 152 152 154 154 153 151
 151 152 152 151 152 153 153 152 150 150 152 155 158 159 161 163 167 169
 172  28]"
"[ 29  30 207 209 208 207 208 208 210 209 208 207 207 209 209 209 207 208
 206 203 203 207 209 208 208 207 207 207 208 208 207 206 204 204 203 203
 203 203 203 204 201 201 201 200 201 202 202 201 202 201 201 201 201 201
 201 201 200 200 200 199 199 198 199 200 200 199 198 197 196 196 196 196
 195 200 195 193 195 194 198 196 187 153 109  88  92  92  88  89  85  83
  82  82  80  79  80  81  83  82  79  77  75  73  70  69  71  68  67  69
  68  65  63  64  63  64  63  63  65  68  70  70  67  67  67  67  66  65
  61  59  59  57  56  56  57  58  60  61  64  67  71  79  85  87  94 102
 108 111 114 115 113 113 117 121 128 132 135 137 141 144 149 154 156 159
 161 161 162 159 149 138 136 137 141 148 152 152 152 153 154 154 153 152
 151 152 152 153 153 153 153 152 152 153 154 156 160 161 163 165 167 167
 170  27]"
"[ 29  30 207 210 209 208 209 208 209 210 209 209 209 210 209 207 208 209
 207 205 205 207 209 208 208 207 206 207 208 208 207 205 205 205 204 204
 203 203 204 204 202 202 201 201 202 203 203 203 202 201 201 200 200 200
 200 200 199 199 200 199 198 198 198 199 198 197 196 195 196 196 197 198
 196 195 195 196 195 196 197 192 196 189 150 109  92  89  89  87  84  85
  85  85  83  81  81  82  84  83  81  78  76  72  69  67  71  69  68  68
  68  66  66  66  68  68  66  65  65  67  67  67  65  64  64  65  65  63
  61  59  58  58  58  58  58  57  57  56  64  68  71  75  81  87  95 103
 105 109 112 114 112 112 116 120 125 129 132 134 139 143 147 151 153 158
 160 160 163 165 157 147 139 138 139 145 149 151 151 152 153 154 153 152
 151 152 153 153 153 153 153 152 153 154 155 157 158 160 163 165 168 168
 171  29]"
"[ 29  30 207 211 210 210 210 210 210 211 211 209 210 211 210 207 208 209
 209 208 207 208 209 209 208 207 207 207 207 207 205 204 205 205 205 204
 204 203 203 204 203 203 203 203 203 204 204 203 202 201 200 200 200 200
 200 199 199 200 201 200 199 199 199 199 197 196 195 195 195 196 197 198
 196 192 195 198 195 195 195 193 194 200 192 155 115  92  83  81  86  89
  89  88  86  83  82  84  85  84  82  79  76  73  69  67  69  69  68  67
  67  68  68  68  69  68  65  63  63  65  65  63  65  64  64  64  64  63
  61  61  60  60  60  59  58  57  56  55  60  65  68  71  76  82  89  96
 101 105 109 111 110 110 113 117 121 124 126 129 135 140 144 147 151 155
 159 159 161 164 160 155 147 143 141 143 146 148 150 152 153 153 152 151
 152 153 153 153 154 153 153 153 153 154 156 157 157 158 160 164 168 169
 172  30]"
"[ 29  30 207 210 210 210 211 211 212 212 210 208 209 210 210 208 208 209
 209 209 208 208 208 209 208 208 208 208 207 206 205 204 204 204 205 205
 204 203 203 203 202 203 203 202 203 203 203 202 202 201 201 201 201 201
 201 201 200 201 202 202 201 200 200 200 196 196 196 195 195 196 197 197
 195 195 197 192 194 198 194 196 194 194 201 194 170 128  88  83  91  93
  93  90  87  85  84  87  83  82  81  78  75  72  70  68  67  68  68  67
  67  70  70  69  69  67  64  62  64  66  66  64  63  62  62  62  63  63
  63  64  63  62  61  58  57  57  57  56  56  60  64  66  70  74  79  85
  95  99 104 106 105 105 108 112 115 118 119 122 129 135 139 141 148 153
 158 159 159 160 160 158 150 145 141 142 144 146 150 154 153 152 151 151
 152 154 154 153 154 155 154 154 153 154 156 158 159 160 161 165 169 169
 172  29]"
"[ 29  29 208 210 209 210 209 211 209 210 210 210 210 210 210 208 209 210
 210 210 210 210 209 208 209 209 208 208 208 206 205 204 203 203 205 206
 205 204 203 204 202 202 202 202 202 202 201 201 201 201 200 201 202 201
 200 199 201 201 202 201 201 200 201 201 197 197 196 195 195 195 195 196
 196 195 195 195 196 197 196 195 195 193 195 197 195 184 150 111  91  94
  86  90  88  88  87  85  84  83  82  77  72  71  70  67  69  69  68  68
  69  70  69  67  64  65  64  61  61  64  65  64  64  63  62  62  62  63
  63  63  64  63  61  61  61  60  58  57  56  56  60  62  66  72  75  80
  88  96 101  99  98 102 106 109 112 116 118 120 125 129 134 138 144 150
 152 157 159 157 159 156 153 146 141 140 142 144 148 152 154 153 152 151
 152 153 153 152 153 153 154 155 155 156 157 158 159 160 162 164 167 168
 171  29]"
"[ 29  29 208 210 210 210 209 210 210 210 210 209 210 211 210 208 210 211
 211 211 210 211 210 210 209 209 209 209 209 208 207 206 204 204 204 204
 204 202 201 201 203 203 203 202 202 201 200 200 201 200 200 201 202 202
 201 201 199 200 200 201 201 201 200 200 197 197 196 196 195 195 196 196
 196 195 195 196 197 197 196 196 196 195 195 195 195 197 189 172 129 105
  83  87  85  88  92  86  87  85  83  79  74  72  72  69  70  68  67  66
  67  69  68  67  65  64  64  62  62  62  64  65  65  65  64  64  64  64
  63  62  61  61  60  60  61  60  58  57  54  54  59  61  62  66  73  81
  84  90  95  94  94  97 102 105 111 115 117 119 123 126 130 133 139 145
 148 154 156 155 158 156 154 150 146 144 142 142 146 151 153 152 151 151
 152 153 153 152 154 155 156 156 156 157 158 158 160 161 163 165 168 169
 172  29]"
"[ 29  29 208 211 211 211 209 209 210 210 210 210 211 213 212 210 209 211
 211 211 211 211 211 211 209 209 210 210 209 209 208 208 207 205 204 204
 205 204 201 200 203 203 203 202 201 200 199 199 199 198 198 199 200 201
 201 200 199 199 199 200 201 201 199 198 197 197 197 196 195 195 195 196
 196 196 196 196 196 196 196 196 196 196 196 193 191 196 200 197 188 154
 110  96  92  91  93  92  88  86  84  80  75  74  73  71  71  68  66  65
  66  67  67  66  65  64  64  64  62  61  62  65  64  65  65  64  65  65
  63  60  58  58  59  59  58  57  57  56  56  54  57  60  63  68  73  80
  82  87  90  91  90  91  94  96 107 112 115 117 121 124 127 131 136 142
 147 152 155 156 159 158 156 154 151 147 141 139 143 149 151 151 150 150
 151 152 153 152 154 155 157 157 157 157 158 159 160 162 164 166 169 170
 172  29]"
"[ 29  29 208 211 211 212 210 209 210 210 210 211 212 213 213 212 209 210
 211 211 210 210 211 211 210 210 210 210 209 208 207 207 207 205 204 205
 206 205 204 202 202 203 202 202 201 200 199 199 198 198 197 197 199 200
 200 199 199 199 199 199 199 199 198 198 197 197 198 197 196 195 195 195
 197 197 197 197 196 195 195 195 195 195 197 196 193 194 195 192 196 195
 161 119  94  91  96  94  90  87  85  81  77  75  75  73  73  70  66  65
  66  67  66  66  66  65  64  63  62  61  61  62  62  64  65  64  64  66
  63  59  58  58  57  56  55  54  55  55  56  55  57  59  65  72  75  77
  81  84  88  90  90  88  89  90 103 108 113 115 119 123 126 130 133 139
 146 151 153 155 158 158 158 157 154 148 141 137 141 147 148 148 148 148
 149 151 153 153 152 154 156 156 156 156 158 160 160 162 164 167 170 170
 172  28]"
"[ 29  29 208 211 211 212 211 212 209 210 210 211 211 211 211 212 209 210
 211 210 210 210 211 211 210 210 210 210 209 208 207 207 204 204 204 205
 205 204 204 204 203 203 203 202 201 201 200 201 200 200 199 199 200 200
 200 200 200 200 200 199 198 198 199 199 197 198 199 199 198 197 196 195
 196 197 197 197 195 195 195 195 197 195 196 197 196 195 194 192 192 200
 200 175 129  98  98  97  92  89  86  83  79  78  78  77  75  71  66  65
  66  66  65  65  65  65  64  62  62  63  62  60  62  64  65  64  64  65
  64  60  59  58  56  54  53  54  55  57  54  56  59  57  62  71  75  76
  77  79  83  87  88  88  90  92 100 106 110 113 117 121 125 130 130 136
 143 147 149 151 153 155 158 157 155 150 144 140 141 144 146 146 146 147
 148 150 152 153 152 153 155 155 155 156 158 160 161 162 164 167 171 171
 172  28]"
"[ 29  29 208 211 211 212 212 213 211 211 211 212 211 210 211 212 210 211
 211 210 210 210 211 211 211 210 210 210 210 210 209 208 204 204 204 205
 204 203 203 204 204 204 204 204 203 202 202 203 202 202 201 201 201 201
 201 200 199 200 200 199 198 198 199 201 196 197 198 199 198 197 196 194
 195 196 196 196 196 195 195 196 196 195 195 195 194 193 193 194 197 191
 197 206 181 129 101  89  95  91  87  85  81  79  80  79  77  72  67  65
  65  64  64  64  66  67  66  63  64  66  64  61  62  64  65  64  63  64
  63  61  60  58  56  55  55  56  58  60  57  57  58  56  62  72  75  74
  76  77  79  82  84  86  90  93  99 104 108 111 116 120 124 128 130 134
 141 143 145 148 150 153 155 155 155 153 150 146 143 141 143 144 146 146
 147 150 152 153 153 154 155 155 155 156 159 161 162 163 165 168 172 172
 173  29]"
"[ 29  30 209 211 210 211 211 213 213 212 211 213 213 212 212 213 211 211
 211 210 210 210 211 210 211 211 210 210 211 211 210 208 207 206 206 206
 206 205 204 204 204 205 205 204 203 202 203 203 203 202 201 202 202 202
 201 200 200 199 199 199 199 199 199 200 198 197 198 198 198 198 196 195
 196 196 196 196 196 196 196 196 194 195 195 195 196 195 195 197 195 196
 192 196 204 180 144 109  99  93  90  87  83  81  81  81  80  74  68  66
  64  63  63  64  66  67  66  65  65  65  63  61  59  61  62  62  61  61
  61  61  60  58  56  56  57  59  60  61  60  58  58  59  65  73  73  72
  75  76  78  79  81  84  87  89  95 100 104 107 113 118 122 126 130 131
 138 138 140 145 147 151 154 153 154 154 154 150 145 141 140 143 146 147
 148 150 151 152 153 154 154 155 156 157 159 161 162 163 165 168 172 172
 173  29]"
"[ 29  30 209 211 210 211 211 213 213 211 210 212 214 214 213 213 211 211
 210 210 210 210 210 210 212 211 209 210 211 211 209 208 209 208 207 207
 207 206 205 205 204 205 205 204 203 202 202 203 203 203 202 202 203 202
 201 200 200 200 199 199 199 199 198 198 200 199 198 199 200 200 198 197
 197 197 197 197 197 196 196 196 196 197 196 196 197 196 194 195 195 197
 195 191 197 198 187 153 102  96  92  89  85  83  83  83  82  76  70  66
  64  63  63  65  66  65  64  65  63  60  59  59  55  57  59  60  59  58
  59  60  59  57  56  57  59  60  60  60  57  56  61  64  66  68  68  72
  71  74  76  78  80  83  85  86  89  94  99 103 110 115 120 124 125 126
 132 131 133 139 141 147 154 153 152 153 154 151 146 142 139 142 146 148
 149 150 151 151 152 153 154 155 157 158 160 161 162 162 164 167 171 171
 173  29]"
"[ 30  27 210 211 212 213 213 214 214 212 211 211 212 213 213 213 210 211
 212 212 211 209 210 211 210 210 211 211 211 211 211 211 211 208 205 206
 207 207 205 204 204 204 203 203 202 202 202 202 202 203 203 203 203 202
 200 200 200 199 199 200 200 198 198 200 199 199 198 198 198 199 199 199
 198 198 198 197 197 197 197 196 196 196 196 197 197 196 195 195 194 195
 195 194 194 196 199 200 169 119  88  94  87  87  82  83  81  77  70  66
  66  65  63  64  63  62  61  62  63  61  58  56  55  55  56  56  55  53
  55  58  60  63  61  57  57  58  58  58  56  58  62  66  67  67  68  68
  73  74  75  77  80  81  82  85  87  88  93 101 107 113 118 119 124 127
 130 129 127 132 140 142 146 150 154 154 153 152 150 147 137 138 146 152
 151 151 152 151 153 153 154 155 157 159 161 162 161 164 166 167 170 171
 173  30]"
"[ 30  28 212 214 214 214 213 214 213 212 212 212 212 212 213 214 214 214
 214 214 213 211 211 211 213 213 213 212 211 211 211 212 211 209 207 207
 208 207 206 204 204 205 205 204 203 202 202 203 201 201 201 202 202 201
 200 199 199 199 199 200 199 197 197 198 199 199 198 197 197 198 199 200
 199 198 197 197 196 197 198 200 196 196 197 197 197 197 197 196 195 196
 195 194 194 196 197 197 198 160 101  94  91  86  85  78  79  76  70  67
  66  64  65  68  63  62  61  61  61  59  56  54  54  54  54  56  55  54
  55  57  60  62  60  57  57  58  58  59  62  62  64  65  66  67  69  72
  72  73  73  75  79  80  81  84  85  87  91  98 106 112 116 119 121 124
 129 130 130 135 139 140 141 145 150 151 153 153 153 151 144 140 144 150
 151 150 151 152 151 152 154 155 157 159 160 161 162 165 166 167 170 171
 173  30]"
"[ 30  29 214 216 216 215 213 213 213 213 213 213 212 212 213 215 216 215
 215 215 215 213 212 211 213 214 213 212 210 210 212 213 212 210 209 209
 210 208 206 205 205 206 206 205 204 203 202 203 202 202 201 201 202 201
 200 200 198 198 198 198 198 197 197 198 199 198 197 196 196 198 199 200
 198 196 196 196 196 196 197 200 197 197 196 196 197 198 198 197 196 196
 195 195 195 196 196 195 199 192 142 102  87  91  87  82  80  78  75  73
  70  66  64  64  62  61  59  59  58  56  54  52  55  55  56  58  58  57
  56  56  59  60  58  57  57  56  57  60  64  65  67  68  68  68  69  71
  72  72  70  71  76  79  80  82  84  87  89  94 103 108 112 118 118 121
 125 129 131 135 138 137 139 143 147 150 151 153 153 153 150 141 140 147
 150 148 149 151 151 153 155 157 158 159 161 162 164 166 167 167 170 171
 174  30]"
"[ 29  28 213 216 215 214 213 214 215 215 215 214 213 212 214 215 215 214
 214 215 216 216 214 213 213 213 213 212 212 212 213 214 212 211 210 210
 211 209 207 206 205 206 207 206 204 203 202 202 203 203 202 202 201 200
 200 200 197 197 197 197 197 198 199 199 197 198 197 196 196 197 199 199
 198 196 196 198 198 196 196 197 197 197 196 195 196 198 198 197 197 197
 196 196 196 196 196 195 197 198 191 150  97  87  85  82  81  79  78  77
  75  72  69  64  62  60  58  57  56  54  53  53  56  57  59  61  61  59
  58  57  58  58  57  57  56  54  55  59  63  65  67  69  68  68  69  70
  72  71  70  71  74  77  78  81  82  87  87  90  98 103 107 116 117 119
 123 127 130 134 137 137 138 142 146 148 150 152 152 152 152 143 139 144
 148 147 148 150 153 153 155 157 159 161 162 162 164 166 167 168 170 171
 173  29]"
"[ 29  28 213 215 215 214 215 217 217 216 215 215 214 213 214 215 215 213
 213 215 217 217 216 214 213 213 213 214 215 215 214 213 212 211 211 211
 211 209 208 207 206 207 207 207 205 203 202 201 202 203 203 202 200 199
 199 200 199 199 198 197 197 198 199 200 197 198 198 197 197 198 198 199
 200 197 197 198 199 198 197 196 198 198 197 195 196 197 197 196 197 197
 197 197 196 195 196 197 196 198 200 192 149 100  78  81  82  81  80  77
  72  71  70  65  62  60  57  57  56  55  55  55  56  58  61  63  62  60
  59  58  57  57  57  57  56  52  53  58  64  64  65  65  65  66  69  71
  72  72  71  71  74  75  77  80  81  87  88  89  94  98 104 114 117 119
 123 127 129 133 137 138 136 139 143 146 148 150 151 152 151 147 142 142
 144 146 148 151 153 153 154 156 159 161 162 162 164 166 167 168 171 171
 173  29]"
"[ 30  29 213 215 215 215 216 219 218 216 215 214 214 214 214 214 215 214
 213 215 216 216 215 215 214 214 213 214 215 215 214 212 213 212 211 211
 211 210 209 209 207 207 208 207 206 204 203 202 202 202 203 202 201 200
 200 200 201 200 199 197 197 198 199 198 198 199 199 198 197 198 198 199
 200 198 196 196 198 199 198 197 198 199 199 196 196 197 197 196 196 196
 197 197 196 195 197 199 195 195 193 196 194 156 107  93  81  79  80  78
  71  68  67  63  62  59  56  55  55  55  55  55  55  58  60  62  61  60
  60  59  58  58  58  57  55  51  52  56  60  61  63  64  65  65  67  69
  72  73  72  71  73  74  76  79  80  86  89  91  94  97 104 113 115 117
 122 126 128 131 136 137 137 139 142 145 146 147 148 149 150 150 144 139
 140 143 147 151 154 153 154 156 159 161 162 162 163 165 167 168 171 172
 173  28]"
"[ 30  29 213 215 216 216 217 218 218 216 215 215 215 215 215 216 217 215
 215 215 215 215 215 215 215 215 214 214 214 214 213 212 216 214 213 212
 211 210 210 211 209 209 208 208 207 206 205 204 203 203 203 202 202 201
 200 200 200 200 198 197 197 198 198 197 199 200 199 198 197 197 197 198
 198 198 197 196 197 199 199 197 198 200 199 196 195 196 197 195 195 195
 196 197 197 196 196 197 202 193 198 197 197 197 168 126  93  81  78  79
  74  69  68  66  61  58  55  54  54  54  53  52  54  55  56  57  58  59
  60  60  59  60  59  56  53  50  51  55  55  56  59  62  64  65  65  66
  72  72  70  70  73  74  75  78  80  85  91  95  97 100 106 112 114 115
 120 124 126 130 135 137 138 140 143 145 146 145 146 146 149 151 147 140
 139 140 143 148 152 153 154 156 158 160 162 162 162 164 166 167 171 172
 173  29]"
"[ 30  29 213 216 216 216 216 217 218 217 216 216 216 216 217 218 218 217
 217 216 216 216 216 217 216 216 215 214 214 214 214 215 218 216 214 213
 211 210 211 212 211 210 209 209 209 208 206 205 203 202 201 201 202 201
 199 197 197 197 197 196 197 199 199 198 199 199 199 197 195 195 196 197
 196 199 200 198 198 199 199 196 196 199 199 196 194 195 196 195 194 194
 194 197 197 196 195 196 193 202 192 195 196 194 198 173 123  97  81  80
  75  69  66  65  62  59  55  54  53  53  52  51  52  51  51  52  54  57
  59  59  60  61  59  55  51  49  50  54  54  53  55  57  61  63  66  68
  72  71  68  69  72  74  75  77  82  85  92  98  99 102 108 111 116 115
 118 122 125 130 136 139 138 140 143 146 146 146 146 147 148 152 150 144
 141 139 140 146 149 151 154 156 157 158 160 161 162 164 165 166 170 171
 174  29]"
"[ 29  29 215 218 216 216 217 217 219 217 216 216 217 218 218 219 218 217
 217 218 218 217 216 217 218 217 216 215 215 214 214 215 217 213 209 209
 211 213 214 213 211 211 211 211 210 208 207 207 204 203 202 202 203 201
 198 196 196 197 198 197 198 200 199 197 196 197 197 197 196 196 196 197
 198 198 199 199 200 199 198 197 198 197 197 196 196 196 196 195 196 196
 195 195 195 196 195 195 196 196 195 195 195 196 198 199 188 141  91  73
  74  68  62  66  63  59  60  52  52  51  51  49  49  50  50  50  53  57
  58  57  57  57  57  55  52  50  50  51  52  52  50  52  57  61  64  67
  72  69  68  70  71  72  75  80  81  87  92  96 102 107 112 117 116 119
 121 123 126 130 134 136 137 140 143 143 143 145 146 146 146 145 147 149
 146 142 140 139 146 152 156 154 154 158 160 159 163 163 165 167 171 171
 173  29]"
"[ 29  29 215 218 216 217 218 219 218 218 217 217 217 218 218 218 218 218
 218 218 217 217 217 218 217 216 216 215 216 216 217 217 217 216 214 213
 214 214 214 213 211 210 210 210 209 207 205 204 202 202 201 201 201 201
 199 198 196 197 197 198 199 202 202 200 198 198 198 197 196 196 196 197
 197 197 198 199 200 200 198 197 197 197 196 197 198 198 198 197 195 196
 196 196 195 195 195 196 197 197 196 195 195 195 195 196 200 194 163 115
  81  71  72  71  66  61  58  51  53  48  45  48  47  47  48  48  51  55
  57  57  56  55  54  53  51  48  48  48  50  52  52  52  54  56  61  67
  71  69  69  70  72  72  74  77  81  85  90  95 103 110 114 117 118 120
 123 124 126 129 133 135 138 141 142 142 142 144 145 145 146 146 149 149
 146 144 143 141 146 151 155 155 155 158 160 159 162 163 165 168 171 171
 173  29]"
"[ 30  29 215 218 217 218 219 220 217 218 218 218 219 219 219 219 220 219
 219 218 217 217 218 219 218 217 216 216 217 219 219 219 217 217 216 216
 215 215 214 213 212 211 211 211 211 209 205 203 205 204 203 201 201 200
 199 198 195 196 197 197 200 202 202 201 199 199 199 198 197 196 196 196
 196 197 198 199 200 200 198 197 197 196 196 198 199 200 199 198 196 197
 198 197 196 195 196 197 197 197 198 197 196 195 194 194 195 195 194 181
 148 108  83  73  65  54  58  56  48  45  48  45  47  48  48  48  49  51
  54  55  55  54  53  52  50  48  47  47  48  51  51  50  52  54  59  65
  67  68  70  72  73  74  75  77  81  83  86  94 105 113 117 119 122 123
 125 127 128 129 132 135 138 140 142 141 141 142 144 145 147 149 151 151
 148 147 146 143 146 150 154 155 156 158 160 160 161 163 165 168 171 171
 173  29]"
"[ 29  29 216 219 218 218 220 220 216 217 219 220 220 220 220 220 220 221
 221 219 218 218 218 219 218 217 217 217 218 219 219 219 218 217 216 215
 215 215 215 215 212 210 210 211 211 209 206 203 207 206 204 201 201 200
 198 196 195 196 197 198 200 202 201 200 200 200 200 199 197 196 196 197
 197 198 199 199 199 199 198 197 198 197 196 197 198 199 199 198 198 198
 198 197 196 195 196 197 195 196 198 198 197 197 196 195 193 192 195 198
 195 183 157 130 103  63  50  59  57  48  45  46  48  49  49  48  47  48
  52  55  55  54  53  52  50  48  47  47  49  50  48  48  52  56  58  60
  63  67  71  74  74  74  75  76  81  81  83  90 103 112 118 122 125 125
 127 129 129 129 132 135 137 139 141 141 142 143 145 145 147 150 153 153
 151 151 148 142 144 146 149 152 155 157 160 162 162 163 165 167 170 170
 172  29]"
"[ 29  29 216 219 218 218 219 218 216 217 219 220 220 220 220 220 220 221
 221 219 218 218 218 217 218 217 217 217 218 219 218 217 219 217 215 214
 215 216 216 216 211 209 208 209 209 208 204 202 206 204 202 201 201 202
 199 195 196 196 197 199 201 202 201 199 200 200 200 199 197 196 196 197
 198 199 199 198 198 199 199 198 198 197 196 196 197 197 197 197 197 196
 196 196 196 196 196 196 195 196 197 197 197 196 196 196 199 191 189 193
 195 196 196 193 180 134  80  56  59  57  45  46  46  47  48  48  47  48
  53  58  55  54  53  52  50  48  48  49  50  50  48  48  52  55  56  56
  62  68  73  75  74  74  75  76  81  81  81  87  98 108 116 123 127 128
 130 131 130 130 132 135 136 138 141 143 144 144 145 145 145 148 152 154
 154 155 150 142 140 141 145 150 154 157 159 160 162 164 165 166 168 168
 171  29]"
"[ 29  29 216 220 219 219 218 217 218 218 219 220 220 219 219 219 219 220
 220 219 218 219 219 217 218 218 218 218 219 219 219 218 218 216 215 215
 216 216 215 214 214 211 209 209 209 208 205 203 206 205 203 202 202 203
 200 195 197 196 197 199 201 202 200 199 199 200 200 199 197 196 196 197
 197 199 199 197 197 199 200 199 197 196 195 195 195 196 197 197 196 195
 195 195 196 197 197 197 196 197 197 197 196 195 195 195 194 196 198 195
 191 191 193 193 190 183 143  91  65  67  57  48  48  47  47  48  47  48
  52  58  57  56  55  53  51  49  49  51  49  52  51  49  50  52  54  55
  60  65  71  74  75  75  77  80  82  81  81  85  93 101 110 118 125 128
 131 132 132 133 134 135 137 138 140 143 144 145 145 145 146 148 153 156
 158 159 154 146 140 142 145 149 154 157 159 159 162 164 165 165 167 166
 170  28]"
"[ 29  29 216 219 219 219 219 218 219 219 219 219 219 219 219 218 218 219
 219 218 219 221 221 219 220 219 218 218 218 219 219 219 217 217 216 216
 216 215 215 214 216 214 212 212 211 210 207 206 207 207 206 204 203 204
 201 197 198 197 196 198 200 201 200 199 199 200 199 198 197 196 196 196
 197 199 199 197 197 199 199 198 196 196 196 196 195 195 196 196 195 196
 196 196 196 196 197 197 197 197 197 197 196 195 195 195 195 195 193 193
 194 192 190 190 193 194 183 144  90  67  61  60  56  52  49  50  51  51
  53  57  60  58  56  54  51  50  50  51  50  53  52  49  50  52  54  57
  59  61  67  72  75  76  78  82  81  81  81  85  91  96 103 110 118 125
 131 133 134 136 137 136 138 137 138 141 144 145 146 146 148 150 154 157
 159 160 159 154 147 146 146 147 151 156 159 160 161 163 165 165 167 166
 170  28]"
"[ 29  29 215 219 219 219 219 219 220 219 218 218 219 219 219 219 219 219
 219 218 220 223 224 222 220 219 218 217 216 216 217 218 219 218 217 216
 215 216 217 217 215 213 212 212 212 210 208 207 204 206 206 204 203 205
 204 202 201 199 197 198 201 201 201 200 199 199 199 198 196 195 195 196
 197 199 199 197 196 198 198 197 196 197 197 196 196 195 195 196 195 196
 196 196 195 194 195 196 195 195 195 195 195 195 195 195 195 196 194 193
 196 194 190 191 188 188 193 186 147 106  74  66  63  57  52  54  57  57
  58  60  62  59  55  53  51  50  50  50  52  54  52  49  51  55  57  59
  62  62  65  71  74  75  77  80  79  80  81  85  91  94  99 105 113 122
 131 134 136 139 139 137 138 136 136 139 142 145 147 148 150 151 154 156
 157 159 160 158 153 150 145 143 145 153 158 160 160 162 165 166 167 166
 170  28]"
"[ 28  30 215 219 218 219 220 221 219 219 219 219 219 219 219 219 219 220
 219 219 221 223 221 218 219 219 218 217 217 217 217 218 219 219 218 218
 218 217 216 216 215 215 213 212 211 211 208 206 205 206 206 205 203 202
 203 203 201 200 198 199 200 200 198 196 198 200 200 197 195 195 196 195
 195 196 197 197 196 196 197 197 198 198 197 196 196 195 195 195 195 195
 195 195 195 195 195 195 196 196 196 196 195 195 195 195 195 195 194 193
 192 192 192 192 191 189 195 188 174 140  91  72  64  64  61  59  56  55
  59  62  63  59  55  54  53  52  50  49  51  53  54  53  51  53  57  60
  61  61  65  71  75  76  78  80  79  79  83  87  88  92  98 103 108 117
 127 134 137 137 137 139 137 135 133 135 140 145 147 148 150 152 154 156
 158 159 159 158 155 149 148 143 139 151 162 158 161 160 164 163 166 166
 166  28]"
"[ 31  26 217 217 218 220 218 218 219 219 220 220 220 220 220 219 219 222
 223 221 219 219 221 222 219 219 218 217 217 217 218 218 219 219 218 218
 218 218 217 216 214 214 213 212 212 212 210 207 206 206 205 204 203 203
 202 202 201 199 197 198 199 199 198 196 198 199 199 197 196 197 196 194
 196 197 197 197 196 196 196 197 196 196 196 195 195 194 194 194 195 195
 195 195 194 194 194 194 196 196 196 196 196 196 195 195 196 195 195 194
 194 193 192 191 191 189 187 185 183 170 131  89  82  69  63  63  62  60
  58  57  59  57  54  54  56  55  53  51  49  52  54  54  53  54  55  57
  60  63  68  72  74  77  80  82  82  82  84  86  89  91  96 100 105 113
 121 127 134 137 136 134 137 135 134 136 140 144 147 148 149 151 153 155
 157 159 159 159 156 152 153 151 146 150 158 158 162 159 166 165 162 165
 166  33]"
"[ 27  36 214 221 222 219 221 225 219 220 221 221 222 221 220 220 220 224
 226 223 219 219 221 223 220 220 219 218 218 218 219 219 218 218 218 219
 219 218 217 217 214 214 213 212 212 211 209 206 207 206 204 203 203 204
 203 201 202 200 198 198 199 200 199 197 199 200 199 198 198 199 197 195
 195 195 195 195 195 195 195 195 197 196 196 196 196 195 195 195 196 196
 196 195 195 195 195 195 195 195 195 195 194 194 194 194 195 194 194 194
 194 193 191 190 192 193 189 188 188 190 171 123  82  72  73  68  61  61
  60  59  59  58  55  54  56  57  54  50  50  54  57  58  57  56  55  55
  57  62  67  71  75  79  81  82  81  84  85  87  92  93  94  98  99 109
 116 123 131 137 137 136 138 137 136 138 141 144 147 148 151 153 154 155
 156 156 157 157 160 155 153 151 143 141 148 156 154 160 157 164 170 165
 163  27]"
"[ 30  26 216 218 223 219 224 216 219 219 220 221 221 221 220 220 221 223
 224 223 221 220 219 218 220 219 219 219 219 219 218 218 219 219 219 219
 219 219 218 217 215 215 214 213 212 211 210 208 207 206 204 203 203 203
 203 202 201 199 198 198 198 198 197 196 198 198 198 197 198 198 197 195
 196 196 196 196 196 196 196 196 195 195 195 195 195 195 195 195 194 194
 195 195 195 195 195 195 196 196 196 196 196 196 196 196 196 195 195 195
 196 196 194 193 190 192 190 190 185 187 186 159 107  85  79  73  66  66
  60  58  60  59  57  54  55  57  55  52  54  56  59  59  59  58  56  54
  58  61  65  71  77  81  82  81  82  86  86  89  95  95  93  96  98 106
 113 118 124 129 131 133 138 138 138 139 140 143 145 147 148 149 152 154
 155 155 157 158 159 158 158 158 151 142 142 150 152 158 162 162 161 164
 172  28]"
"[ 30  30 217 219 219 218 223 222 221 221 222 222 222 222 222 222 223 223
 223 223 223 222 220 218 221 221 221 221 222 221 220 219 218 218 218 218
 218 217 216 215 215 214 213 212 212 212 211 211 209 208 206 204 203 202
 202 201 202 201 200 200 200 199 197 196 199 199 199 198 198 198 198 198
 196 196 195 195 195 195 195 194 195 195 195 195 195 195 196 196 195 195
 196 196 196 196 196 196 194 194 195 195 195 195 195 195 195 194 193 194
 194 194 193 192 194 192 192 192 189 189 190 186 149 104  82  77  72  66
  59  62  58  59  58  56  56  59  59  57  57  58  58  57  56  56  54  53
  56  57  61  68  72  75  77  80  83  87  86  87  93  94  93  96  96 101
 108 115 123 127 132 138 137 137 138 138 140 141 143 145 147 149 151 154
 155 155 156 157 157 160 160 159 154 146 143 148 155 153 164 163 165 164
 163  27]"
"[ 30  28 215 220 217 221 218 222 221 221 221 221 221 221 221 221 221 222
 222 221 219 218 219 220 220 220 221 221 222 222 220 219 221 220 220 220
 220 219 218 217 217 215 214 213 212 211 211 212 210 210 208 205 203 201
 200 200 201 200 200 200 199 198 197 196 197 197 197 196 196 196 197 197
 199 198 197 196 196 196 195 195 194 194 194 194 194 195 195 195 194 194
 194 195 194 194 194 194 196 196 196 196 196 196 196 196 196 195 194 194
 194 194 194 193 192 189 191 190 189 189 186 189 170 125  94  85  81  73
  62  59  59  60  62  61  61  61  61  59  61  60  59  57  56  56  55  54
  54  56  60  65  67  69  76  84  82  84  83  84  89  93  94  98  98  98
 100 108 117 121 124 129 137 137 138 139 140 141 143 144 145 146 149 152
 153 153 154 155 159 161 159 155 152 147 145 146 146 153 159 163 164 162
 168  31]"
"[ 29  30 209 215 212 214 214 214 217 217 215 216 216 216 216 216 217 217
 217 216 215 214 216 217 217 217 217 217 217 218 217 216 214 213 213 213
 212 212 212 211 212 210 209 209 208 206 206 207 204 205 203 202 200 200
 199 198 197 197 197 197 197 196 194 194 194 194 194 194 194 194 194 195
 195 194 193 193 193 193 192 192 194 194 193 193 193 194 194 194 193 193
 193 193 193 193 192 192 193 193 193 193 193 193 193 193 193 193 192 191
 191 191 191 191 188 187 190 188 186 186 184 186 184 149 108  83  77  77
  72  65  60  60  61  62  61  60  59  58  60  60  59  58  57  57  57  56
  56  57  60  62  63  66  71  77  81  82  82  83  85  89  92  93  96  97
 100 106 116 122 126 129 135 135 136 136 137 138 139 139 143 143 146 150
 152 153 155 157 158 160 162 160 157 154 150 147 148 149 153 160 157 163
 157  28]"
"[31 28 28 29 29 30 30 28 29 29 29 29 29 29 29 28 29 29 29 29 30 29 29 29
 29 28 28 28 29 30 29 29 31 30 29 29 29 29 29 29 30 29 28 29 29 28 29 30
 29 29 29 29 29 29 29 28 29 29 29 29 29 28 28 29 29 28 29 29 30 29 29 29
 29 29 29 29 29 29 29 30 29 29 29 28 28 28 29 29 28 29 29 29 29 29 29 29
 29 29 29 29 29 29 29 29 29 29 29 29 29 29 29 29 30 27 29 31 28 29 31 27
 28 30 29 30 29 28 29 28 30 29 28 29 30 29 29 29 28 29 29 29 29 29 29 29
 28 28 28 28 29 30 30 29 28 29 30 30 28 29 31 29 28 30 29 28 28 29 29 30
 29 29 29 29 29 29 29 30 30 28 28 30 30 28 28 29 29 29 30 29 28 29 30 28
 28 27 31 27 31 27 31 29]"
