"[33 31 29 29 29 31 27 31 30 30 30 29 28 29 29 30 28 29 29 30 30 30 29 28
 29 28 29 28 29 30 29 29 29 30 30 29 28 28 29 29 29 29 29 29 30 29 29 29
 27 29 30 30 29 28 28 28 30 29 28 29 29 29 29 30 29 29 30 30 30 29 28 28
 29 29 29 29 29 29 29 29 28 29 29 29 29 29 29 29 29 29 29 29 29 29 29 30
 28 28 29 29 29 29 30 30 29 28 29 30 28 28 29 28 28 30 30 29 28 28 29 30
 29 30 30 29 29 30 30 29 30 29 29 29 28 28 29 29 29 30 29 29 29 29 30 29
 30 29 29 29 29 28 29 30 28 29 29 29 28 29 29 28 30 29 29 29 29 29 30 30
 29 29 29 29 29 29 29 29 28 28 29 29 30 29 29 28 29 29 29 30 29 29 29 30
 29 28 31 29 31 30 29 29]","[32 28 28 30 30 23 35 26 30 30 30 30 30 30 29 28 30 30 29 28 26 27 29 31
 29 30 32 29 28 30 29 31 28 27 27 29 30 30 29 29 29 29 29 28 28 29 29 29
 31 29 27 26 28 31 32 31 29 29 30 30 28 27 28 29 28 28 28 28 29 28 29 29
 30 29 29 29 29 29 29 28 30 30 30 29 29 29 30 29 31 29 28 30 29 27 26 27
 30 30 30 30 30 29 29 29 30 29 30 31 29 29 30 30 29 29 29 29 30 30 29 27
 28 28 28 28 29 29 29 28 29 28 29 30 30 29 30 28 28 29 29 29 29 29 29 28
 28 28 28 29 29 28 28 28 30 29 29 29 29 29 29 28 29 29 28 28 29 29 29 29
 29 29 29 29 29 29 29 30 30 30 30 29 28 28 29 30 29 27 27 28 30 30 29 28
 31 27 28 31 28 26 35 26]","[ 30  30 111 114 115 117 113 116 113 111 109 107 109 112 114 115 122 130
 140 147 151 152 153 154 152 157 163 161 158 157 154 154 155 154 154 154
 151 147 145 146 151 153 154 154 154 154 153 151 150 150 150 149 147 145
 144 143 143 144 146 146 144 142 143 145 145 144 143 143 142 141 140 140
 138 138 137 137 138 137 136 134 129 128 126 124 122 121 120 119 113 110
 110 113 113 110 109 111 108 108 108 108 108 108 107 106 101 101 101 100
  97  96  97  97  97  96  94  92  92  92  92  91  92  90  88  87  85  83
  81  80  82  80  81  81  80  79  79  77  78  79  80  80  81  82  81  79
  78  77  78  79  79  78  77  77  81  77  74  73  72  69  66  66  63  62
  60  59  58  57  55  54  53  53  53  53  52  51  49  48  48  49  49  48
  46  46  47  49  53  53  55  58  62  66  70  72  73  76  75  81  81  83
  79  29]","[ 31  27 117 114 114 116 118 117 116 116 115 115 115 116 116 115 114 115
 115 114 113 115 119 123 131 135 140 141 145 154 158 161 159 159 161 160
 155 149 149 153 155 156 155 152 151 153 154 153 151 151 151 150 148 148
 150 153 150 150 151 150 147 145 144 145 144 144 144 145 146 145 144 144
 143 142 141 141 141 141 139 137 140 140 139 138 137 137 136 135 136 132
 128 126 122 116 111 110 117 116 115 115 115 114 113 111 110 110 111 109
 105 104 104 104 102 103 102  99  95  93  94  94  94  92  90  90  90  88
  86  86  85  83  81  80  79  80  81  79  79  79  80  80  80  80  79  77
  78  76  75  75  74  73  75  77  82  78  75  76  77  74  72  72  75  73
  70  68  66  63  61  59  54  55  57  59  59  58  55  53  51  52  53  52
  50  49  49  50  44  44  44  42  40  41  46  52  56  60  62  73  73  70
  71  28]","[ 29  29 115 117 119 117 125 116 118 118 117 116 115 116 117 118 114 115
 117 117 116 115 115 115 118 117 117 114 116 122 123 123 129 130 135 140
 142 142 146 151 155 158 160 161 161 161 160 158 157 154 152 152 153 153
 152 152 152 152 152 151 150 148 147 148 148 147 147 147 148 148 148 148
 149 148 146 147 147 147 145 143 145 145 146 146 146 146 145 143 143 142
 140 138 137 136 133 130 129 128 126 124 123 122 120 118 115 115 117 116
 112 111 111 111 105 108 109 108 104 101  99  98  98  97  96  97  97  96
  94  93  91  90  89  88  87  88  90  88  85  85  84  82  81  80  79  77
  80  79  77  77  75  73  76  80  77  74  73  76  78  77  76  77  79  77
  75  74  73  73  71  70  72  72  72  70  68  63  59  55  57  57  57  56
  54  53  52  52  54  53  51  46  41  39  42  46  46  44  41  45  48  51
  55  31]","[ 29  28 138 130 125 126 122 121 124 121 117 113 111 112 115 117 117 116
 116 116 117 118 118 117 117 115 116 115 116 116 112 110 115 112 112 115
 117 116 115 115 118 123 131 139 145 149 152 154 154 153 154 157 158 156
 156 156 156 155 154 154 154 153 151 151 156 154 153 151 150 149 150 151
 152 151 150 150 150 150 149 148 149 150 150 150 150 149 148 146 146 146
 144 142 142 144 142 139 141 140 138 137 136 135 134 133 123 122 123 121
 118 116 116 115 116 115 113 113 113 112 110 108 108 108 107 105 104 102
  99  96  97  97  98  96  94  94  93  90  89  89  87  85  84  84  83  83
  83  81  81  81  79  76  77  81  78  76  75  76  76  75  75  75  77  76
  75  75  75  75  75  74  74  73  73  72  72  70  68  67  68  66  63  61
  60  60  59  58  57  55  54  53  52  51  51  51  44  49  49  41  38  39
  42  27]","[ 29  31 160 157 154 154 152 145 142 141 138 136 133 129 124 121 118 116
 115 114 115 115 114 113 117 114 116 115 116 116 115 116 115 113 113 114
 116 116 114 112 115 114 113 114 115 117 122 127 130 130 132 135 137 140
 146 152 154 154 155 157 158 158 158 158 155 155 155 155 154 152 152 153
 155 154 153 152 153 153 153 153 150 150 150 151 152 154 154 153 149 149
 147 146 147 148 147 146 146 145 143 142 142 142 143 143 139 137 137 134
 131 129 130 129 124 122 118 117 117 116 114 111 111 113 114 112 111 110
 108 104 106 107 107 104 100  99  98  95  94  94  94  92  91  91  92  93
  89  87  87  88  87  83  82  85  83  82  81  79  78  78  79  80  79  78
  77  76  75  75  74  74  78  76  75  74  74  73  72  72  72  70  68  66
  65  65  65  65  67  65  64  64  62  59  56  53  55  49  47  49  52  51
  49  31]","[ 27  31 181 179 173 172 173 165 162 161 160 159 159 156 151 146 142 139
 135 133 131 130 128 127 117 117 120 121 118 114 109 111 114 116 118 119
 119 119 119 119 117 115 115 117 117 114 115 118 117 114 112 114 114 114
 114 115 117 120 126 134 142 147 151 153 159 160 163 163 161 157 154 153
 154 153 152 152 152 153 154 154 154 154 152 152 153 155 156 156 156 154
 152 152 152 152 151 152 152 150 149 147 146 146 146 147 146 144 143 141
 139 139 140 140 136 137 138 136 132 127 122 119 116 120 121 118 117 118
 116 112 113 114 114 111 107 107 107 104 101 101 101  99  97  97  97  98
  97  93  92  94  93  90  89  90  90  90  88  83  80  80  81  82  83  82
  81  79  77  76  75  75  75  74  73  74  75  75  75  74  73  73  72  72
  71  71  71  70  69  70  70  71  69  66  65  65  57  61  62  59  56  57
  57  27]","[ 31  28 191 188 187 187 182 180 185 182 178 176 173 171 172 174 171 167
 164 161 160 158 156 155 146 143 142 142 140 137 136 134 124 125 125 124
 125 127 126 123 128 125 121 119 121 124 124 122 122 124 123 121 120 119
 115 110 113 111 111 114 113 110 111 115 117 123 127 128 129 135 147 153
 154 157 159 159 156 155 159 158 162 162 157 153 157 160 159 159 157 157
 155 154 153 154 155 154 154 156 155 154 155 151 149 153 151 150 148 148
 148 148 147 145 144 144 145 145 142 138 137 139 136 135 132 131 131 132
 128 124 121 120 118 117 114 111 109 109 109 110 112 112 108 107 109 109
 105 104 103 102 101 101  99  97  96  95  93  91  90  91  91  89  87  86
  84  84  83  81  79  78  79  76  76  77  76  75  75  74  74  76  74  72
  74  72  68  68  67  71  72  70  71  72  70  66  66  64  69  70  67  66
  66  29]","[ 31  30 195 195 195 195 190 188 191 188 187 186 185 184 185 187 186 183
 179 178 176 175 173 171 176 171 166 161 158 158 158 155 155 151 147 143
 140 136 134 132 130 131 131 129 129 130 131 131 131 130 129 129 129 126
 123 122 123 121 120 121 119 115 115 117 117 116 114 117 116 111 113 115
 116 120 123 128 132 136 142 143 144 150 155 158 161 161 162 166 161 158
 155 154 155 156 157 157 155 155 155 156 158 157 154 154 154 153 153 153
 153 153 153 153 150 148 146 148 149 149 147 146 143 142 141 141 143 143
 140 137 135 133 131 129 127 125 124 123 122 119 118 117 116 114 113 109
 109 108 107 107 107 107 106 106 103 102 100  97  96  97  96  95  94  93
  93  92  90  88  86  85  88  84  83  82  80  80  79  77  79  81  78  76
  77  75  72  72  71  73  74  73  72  73  72  69  68  64  66  68  70  70
  68  29]","[ 29  29 196 198 199 199 196 195 197 196 195 196 195 193 193 194 191 189
 187 187 186 185 183 182 183 181 178 175 174 177 177 172 172 171 172 173
 170 164 159 158 155 155 153 149 145 141 139 138 134 132 133 136 134 128
 123 122 129 129 129 128 126 124 123 124 121 124 122 123 121 117 116 113
 113 114 110 111 113 111 113 113 114 116 119 122 127 130 134 141 149 153
 158 161 161 160 161 164 162 160 159 157 155 155 155 152 154 154 155 157
 157 154 154 156 153 152 150 149 149 150 152 153 151 148 146 146 148 149
 149 148 144 143 142 140 140 139 138 137 134 132 132 130 127 125 124 122
 119 116 114 114 114 111 110 111 111 110 108 106 106 106 106 104  99 100
 100 100  98  95  94  94  95  92  90  88  86  87  86  83  83  84  82  80
  80  79  77  76  75  76  76  75  74  73  72  71  69  68  68  69  70  67
  66  29]","[ 29  29 194 196 196 198 197 197 197 197 197 197 196 195 194 194 197 196
 195 195 196 195 194 194 191 191 192 191 190 190 188 183 184 183 182 182
 181 179 178 179 182 179 174 170 168 166 164 161 162 156 151 150 148 145
 146 149 138 139 138 135 133 132 131 130 128 131 129 128 128 129 129 124
 124 124 118 119 120 118 119 120 113 113 113 115 116 114 112 111 110 116
 124 130 132 135 142 150 154 155 159 159 155 158 162 161 158 158 159 161
 159 155 153 156 154 156 156 155 155 155 154 154 154 152 152 154 155 154
 153 152 152 152 151 150 149 148 146 144 144 143 144 142 138 137 137 137
 135 131 129 130 128 123 121 122 119 118 116 115 114 113 112 110 108 108
 109 109 108 107 106 106 102 101 100  97  95  96  96  93  87  88  87  87
  86  85  83  81  82  81  80  79  77  75  74  74  73  74  72  71  71  67
  66  29]","[ 29  29 194 195 194 196 196 196 194 195 196 196 196 195 195 195 195 194
 194 196 196 196 196 195 196 194 194 194 191 190 190 189 189 190 189 187
 185 186 186 186 185 183 180 179 179 180 179 179 173 173 172 171 170 168
 166 165 162 162 159 155 151 148 146 144 142 136 130 133 137 135 133 130
 128 128 124 124 124 123 125 125 117 117 115 114 114 117 119 117 114 115
 116 115 112 110 111 113 115 119 128 132 134 139 145 145 157 152 151 156
 161 162 161 161 161 159 157 155 157 158 157 154 158 155 154 155 155 154
 154 155 153 153 152 152 153 153 152 151 152 150 149 148 146 145 145 143
 144 141 141 143 142 137 134 135 129 128 127 125 122 119 116 114 117 116
 115 115 114 114 113 113 111 111 111 108 105 105 105 103  97  98  99  98
  97  95  93  89  92  90  89  88  85  82  81  81  79  79  75  75  77  75
  73  29]","[ 28  29 195 196 195 196 195 195 195 195 196 196 196 196 196 196 196 195
 195 196 196 196 196 195 195 194 195 196 194 193 194 195 190 193 194 193
 192 193 193 191 189 190 191 190 188 186 187 190 187 187 184 180 179 181
 181 180 181 180 178 175 172 170 169 168 166 163 155 152 150 147 143 136
 137 137 135 134 131 130 132 129 131 129 127 125 125 127 123 115 117 120
 121 120 118 116 115 115 119 116 114 112 111 112 113 111 116 120 125 125
 121 121 130 141 148 152 157 162 165 165 163 162 159 158 157 156 155 154
 154 154 157 156 154 152 152 154 154 153 153 152 153 152 149 149 150 150
 147 146 147 149 148 145 143 143 140 139 138 137 135 131 128 127 126 123
 120 119 118 117 117 117 118 117 118 116 113 112 113 111 110 109 110 109
 106 104 102  98 101  99  97  96  95  92  90  89  87  87  84  84  84  83
  81  29]","[ 29  29 194 196 195 196 195 195 196 197 197 197 196 195 195 194 195 194
 194 195 195 195 194 194 194 194 196 196 193 192 192 191 195 194 193 191
 191 192 194 194 189 191 193 193 191 189 190 192 190 192 192 190 189 188
 186 183 185 184 183 182 182 182 183 183 178 183 180 177 176 179 179 173
 170 167 166 163 155 154 155 145 147 138 132 129 130 133 132 125 127 129
 128 124 122 125 129 131 125 121 116 113 114 114 115 118 122 117 112 111
 114 115 115 114 111 112 113 115 116 121 131 140 148 152 157 159 160 158
 156 153 160 160 158 155 154 155 155 154 154 155 156 155 151 151 154 155
 153 153 153 154 153 151 150 150 149 148 148 148 147 145 143 143 140 137
 134 132 130 129 130 130 128 126 125 124 122 120 120 119 118 115 116 115
 112 112 112 108 108 107 106 106 105 103 101  98  98  99  97  97  93  93
  89  30]","[ 29  29 194 195 195 196 195 196 194 195 196 196 196 196 195 195 196 195
 195 196 196 196 196 196 194 195 195 194 192 195 196 193 193 192 194 196
 196 194 193 193 194 193 193 193 193 192 192 193 193 193 192 190 189 190
 191 191 190 189 187 187 187 187 187 189 187 186 181 182 184 182 182 178
 181 178 180 180 174 176 178 166 168 163 162 161 157 153 150 145 145 144
 140 133 131 131 127 122 127 128 125 123 123 120 119 124 123 122 120 119
 119 118 117 115 115 115 117 118 115 111 110 112 111 114 117 118 122 129
 134 136 145 148 151 153 156 160 162 161 160 157 156 155 154 155 155 153
 154 155 155 154 154 154 154 154 155 154 153 154 153 151 151 151 150 149
 146 144 142 142 143 144 143 138 135 134 131 128 127 126 121 118 119 118
 116 118 120 117 115 115 114 114 114 113 110 107 109 106 103 105 104 106
  99  30]","[ 30  30 193 197 196 195 195 196 196 196 196 195 195 196 197 197 196 195
 195 195 195 195 195 195 195 195 195 195 196 195 194 193 194 194 194 194
 193 193 193 193 192 192 193 194 194 193 192 193 192 193 193 193 192 192
 192 192 190 190 190 189 191 193 193 192 188 188 188 189 189 188 187 187
 186 188 187 185 182 181 181 181 183 180 176 174 174 173 168 164 165 167
 168 166 164 160 152 145 144 140 136 137 140 137 130 122 124 123 122 121
 120 120 118 117 119 118 118 118 117 116 116 118 116 119 118 117 115 114
 113 109 122 118 114 115 120 127 130 130 139 147 156 160 159 157 157 158
 158 159 158 156 155 155 155 155 154 155 156 158 158 157 155 154 156 151
 150 150 150 150 151 152 151 151 149 145 141 139 138 137 135 133 132 131
 130 130 130 128 126 123 119 117 118 120 118 114 118 112 112 112 110 111
 109  29]","[ 29  30 193 196 196 195 196 197 196 196 196 196 196 196 197 196 196 196
 195 196 196 195 195 195 195 195 196 196 195 195 195 195 194 194 194 194
 194 194 194 193 192 192 193 194 194 193 193 193 193 193 193 193 192 192
 192 193 190 191 190 189 190 192 193 191 190 190 190 191 192 192 191 191
 190 191 190 188 187 187 187 187 189 188 186 185 185 185 183 181 178 182
 183 180 176 174 173 172 170 170 169 165 161 158 156 156 150 145 138 132
 130 130 130 130 130 125 122 124 126 126 122 119 118 122 121 121 121 121
 122 119 117 116 115 115 116 115 113 110 109 107 109 116 122 126 133 141
 145 151 156 158 159 161 160 157 159 159 160 159 158 156 156 157 157 154
 155 157 155 153 153 153 154 155 154 152 150 148 148 149 148 146 146 144
 143 144 143 139 137 134 130 128 129 129 127 123 119 115 117 118 117 116
 113  27]","[ 29  29 193 196 197 196 197 198 197 197 198 197 197 197 197 197 196 196
 196 196 196 195 195 195 195 196 196 196 195 195 195 196 195 195 195 195
 195 194 194 194 193 193 193 194 193 192 192 192 193 193 193 192 192 192
 192 192 192 192 191 190 190 193 193 192 192 191 191 192 193 192 191 191
 190 190 189 188 188 188 189 189 188 189 189 189 189 189 189 188 186 187
 187 184 183 184 185 185 186 185 182 179 176 174 174 174 177 172 166 162
 160 160 159 158 152 145 141 142 145 143 137 131 128 130 129 129 128 126
 125 121 127 126 124 122 121 120 119 117 119 115 114 116 115 111 110 112
 112 115 120 124 129 134 137 139 138 143 150 156 158 158 158 160 158 157
 159 160 158 156 157 158 154 154 154 154 153 152 153 154 154 153 152 148
 145 147 149 148 147 144 140 138 138 137 134 131 133 130 131 129 128 127
 123  28]","[ 29  29 193 197 197 197 199 199 198 199 200 199 199 200 199 198 198 197
 197 197 197 196 196 196 195 195 196 196 195 195 195 194 196 196 195 195
 195 194 194 194 195 194 194 194 194 192 191 192 193 192 192 191 190 191
 191 192 193 193 192 191 191 192 193 192 191 191 191 191 192 191 191 191
 192 192 191 190 190 191 190 190 188 189 190 189 189 189 189 189 188 187
 187 186 187 188 188 186 191 188 186 186 188 188 185 182 182 181 179 178
 179 179 178 177 179 174 170 168 165 159 152 149 145 146 143 141 138 133
 130 124 122 124 125 126 126 125 123 121 124 125 124 121 118 117 116 116
 111 109 109 112 111 108 107 108 110 110 111 114 119 128 138 146 148 151
 157 162 160 159 159 158 161 161 159 156 155 155 156 156 152 153 154 152
 151 154 155 153 150 149 147 147 147 147 146 145 141 140 140 139 138 138
 135  31]","[ 29  29 194 197 197 197 199 200 200 201 202 202 202 202 201 200 201 200
 200 199 199 199 199 200 196 196 195 196 197 197 196 195 196 196 196 195
 195 194 194 194 196 195 195 195 195 194 193 193 193 192 191 191 190 191
 191 192 192 192 192 192 192 192 191 191 190 190 190 192 193 193 193 193
 192 192 191 192 192 191 190 189 190 190 190 189 189 189 189 188 187 189
 190 189 188 188 188 188 185 186 187 187 188 188 187 186 188 188 187 187
 187 188 189 190 182 181 181 182 181 178 177 177 173 172 167 166 164 160
 157 152 159 155 147 140 136 134 132 130 125 126 125 122 121 122 123 122
 124 121 119 119 120 119 117 117 116 115 115 115 113 109 106 106 109 109
 111 112 114 121 130 136 142 146 150 153 157 161 162 161 163 160 157 154
 152 155 155 151 155 154 154 153 151 150 151 151 151 151 151 149 148 146
 142  28]","[ 29  30 193 196 195 195 197 200 201 202 203 203 203 203 203 202 203 202
 202 202 201 201 201 202 198 197 196 197 199 200 199 197 197 197 197 197
 196 195 195 195 195 195 194 195 195 195 194 194 194 194 193 192 192 192
 193 193 192 193 193 193 193 192 192 191 192 191 191 192 192 192 191 191
 190 190 190 191 191 190 189 188 189 189 189 188 189 189 189 188 189 188
 188 188 189 189 188 187 187 188 189 189 188 188 189 189 187 188 189 189
 188 188 190 191 189 188 187 188 187 184 183 183 185 183 178 177 177 176
 176 174 172 171 169 166 165 162 158 154 154 149 146 144 141 134 127 123
 121 121 119 116 118 123 123 119 122 119 119 120 119 117 115 115 114 115
 116 116 112 110 110 110 109 108 106 106 111 122 130 133 135 140 150 156
 157 158 160 160 156 156 156 156 155 153 153 154 153 152 150 149 150 150
 150  30]","[ 29  29 192 193 191 191 195 199 200 201 202 202 203 204 203 203 203 203
 203 204 204 203 203 203 201 200 199 198 199 200 200 199 200 199 199 199
 198 197 197 196 197 196 195 196 196 195 195 195 196 195 194 193 194 194
 194 194 194 193 194 194 194 193 193 193 194 193 192 192 192 191 190 190
 192 192 192 193 193 191 190 190 190 191 191 190 190 191 190 190 191 189
 187 189 191 191 190 188 189 188 187 187 188 188 188 187 187 189 191 192
 192 191 190 190 189 188 187 188 188 187 187 187 188 188 184 184 183 182
 185 185 182 181 178 176 177 178 178 178 175 170 165 164 162 159 155 153
 150 150 147 143 139 134 127 121 122 119 118 119 119 118 119 121 123 122
 123 121 118 117 118 116 113 111 110 111 110 107 104 103 109 109 112 113
 113 119 129 136 143 144 147 151 155 157 158 159 158 156 154 153 153 152
 154  29]","[ 29  29 191 191 188 188 194 198 199 200 201 201 202 203 203 203 204 204
 205 206 206 205 204 204 204 202 200 199 198 199 199 200 201 201 201 200
 200 199 198 198 200 198 197 198 198 197 196 196 196 195 194 194 195 195
 194 194 194 193 193 194 194 193 193 193 194 193 193 194 194 194 193 194
 193 192 192 192 192 190 189 190 190 191 192 191 190 190 190 190 188 189
 190 191 190 189 189 191 188 189 189 189 189 189 189 189 189 189 190 190
 190 190 189 189 189 189 189 189 187 186 187 189 186 188 187 188 187 184
 187 187 186 186 186 185 186 187 187 186 181 183 182 178 177 179 179 176
 173 167 164 166 163 155 153 155 151 147 145 143 139 134 131 132 125 124
 125 124 122 122 123 122 124 118 116 119 119 115 114 116 114 108 108 111
 111 110 107 105 102 103 106 113 120 122 122 122 128 131 137 145 152 153
 157  29]","[ 29  30 188 190 192 191 195 196 198 197 198 200 202 203 203 203 204 204
 205 206 206 204 203 203 203 203 202 199 198 198 200 202 202 202 202 202
 201 200 200 199 201 200 199 198 199 199 199 199 198 198 196 194 194 195
 196 195 195 195 195 195 195 195 195 195 195 195 194 194 194 194 194 194
 192 193 194 193 193 192 191 190 191 191 191 191 190 189 190 191 192 192
 192 191 191 190 191 191 190 189 188 188 188 188 189 190 189 189 189 189
 190 190 189 189 190 189 189 188 188 188 188 187 186 187 188 188 187 187
 187 187 187 187 187 187 187 187 187 187 186 184 182 182 182 182 182 182
 180 181 181 178 174 173 175 177 173 171 167 164 160 157 155 154 151 150
 146 141 138 137 133 129 122 118 115 116 118 120 120 119 120 119 117 116
 117 117 115 113 113 113 112 112 112 112 110 109 107 106 104 105 112 110
 115  32]","[ 29  30 188 190 191 191 195 195 196 195 196 198 200 201 202 203 203 203
 204 205 205 204 203 203 203 203 202 200 199 199 201 202 203 203 203 202
 202 201 200 200 200 200 199 200 201 201 201 200 198 198 196 195 195 197
 197 197 195 195 195 195 195 196 195 194 195 195 195 195 194 194 194 194
 194 195 195 194 194 194 193 192 191 192 193 192 190 189 190 191 193 193
 193 192 191 191 192 193 191 190 189 190 190 190 190 190 192 191 190 189
 189 189 189 189 190 190 190 190 190 189 188 188 187 187 187 187 187 187
 187 188 187 187 187 187 187 187 187 187 188 186 184 185 185 186 186 186
 186 186 185 183 181 181 182 183 181 180 179 178 178 177 176 176 172 171
 167 162 160 159 157 152 147 143 138 135 132 129 125 122 122 123 122 120
 119 118 119 119 120 119 118 117 116 115 114 114 110 111 110 109 108 103
 107  26]","[ 29  30 189 190 191 191 194 195 195 195 196 197 198 199 201 202 202 202
 202 204 204 204 203 204 203 203 202 201 201 201 202 202 203 203 203 202
 202 201 200 200 200 200 200 201 201 201 201 200 199 198 197 196 196 197
 198 198 197 196 195 196 197 197 196 195 196 196 196 195 195 195 194 194
 195 196 196 195 195 195 195 194 193 194 195 193 192 190 191 192 193 193
 192 192 191 192 193 193 192 192 191 192 192 192 191 191 193 193 192 191
 190 189 189 189 189 190 190 190 190 189 189 188 187 187 187 187 187 188
 188 188 187 187 187 187 187 187 187 187 187 185 184 185 186 186 186 186
 187 187 186 186 186 186 186 185 181 181 181 181 181 181 181 180 181 180
 178 174 173 174 172 169 172 169 166 164 162 159 156 154 153 152 148 143
 138 136 134 133 129 124 119 116 118 121 123 124 123 121 118 118 116 114
 114  31]","[ 29  30 188 189 191 191 194 194 195 195 196 197 197 197 199 201 202 201
 202 203 203 203 203 204 204 204 203 202 203 203 203 202 201 201 201 201
 201 200 200 199 200 200 200 200 200 200 199 199 200 199 198 197 197 197
 197 197 198 197 197 197 197 197 196 196 197 197 196 196 196 195 195 195
 195 196 196 195 195 196 195 195 195 195 195 195 194 193 193 193 194 193
 193 193 193 193 194 194 194 193 193 194 194 193 192 192 193 193 194 193
 191 190 189 189 189 190 191 191 190 190 189 189 188 188 187 187 188 189
 189 189 188 188 187 187 187 187 187 187 185 184 184 185 185 185 185 185
 186 185 185 185 186 186 185 185 185 185 184 184 183 183 182 181 181 181
 180 179 180 181 181 179 180 178 177 177 176 174 172 171 172 168 162 160
 161 160 156 152 153 148 143 141 141 138 130 123 130 126 121 121 118 120
 118  27]","[ 29  29 188 189 190 190 193 193 193 194 195 195 195 196 197 200 201 201
 201 202 203 203 203 204 204 204 204 203 204 204 203 202 200 200 200 201
 200 200 200 200 200 199 199 198 198 198 198 198 200 199 198 197 197 197
 197 197 197 197 198 198 197 196 196 196 197 197 197 197 196 196 196 196
 196 196 197 196 196 196 195 194 196 195 195 195 196 196 195 194 194 195
 195 195 195 195 195 195 195 194 194 194 194 194 193 193 194 194 194 193
 192 191 191 191 191 192 193 193 192 191 190 190 189 189 188 188 189 190
 190 190 189 188 187 187 187 187 187 187 187 186 186 186 186 186 186 186
 186 186 187 187 186 186 186 186 185 184 183 183 182 182 182 181 183 184
 184 184 185 186 185 184 183 182 181 182 181 180 179 178 179 176 174 175
 180 182 179 174 171 166 161 160 161 162 159 157 153 150 146 144 137 137
 134  29]","[ 29  29 188 188 190 189 192 192 191 192 193 194 195 195 197 199 200 200
 200 201 202 202 202 203 204 204 204 204 204 204 203 202 200 201 201 201
 201 201 200 200 199 199 198 197 197 197 198 198 198 197 196 197 197 197
 197 197 197 198 199 198 197 196 196 196 197 197 197 197 197 197 197 198
 197 198 198 197 197 196 195 194 196 195 195 196 197 197 196 195 195 195
 195 196 196 196 195 195 196 194 194 194 194 194 194 194 196 195 194 192
 192 193 194 195 192 193 193 193 193 192 191 191 191 191 190 190 191 191
 191 191 190 189 187 187 187 188 187 187 188 187 187 187 187 186 186 187
 186 187 188 188 187 186 186 186 187 187 186 185 185 185 185 184 184 185
 185 185 185 185 184 182 181 180 180 181 182 182 181 181 180 180 180 181
 182 183 181 179 174 176 177 178 177 174 172 170 174 170 168 168 164 162
 158  31]","[ 29  29 187 188 189 188 190 190 190 191 192 194 194 195 196 198 197 197
 198 200 201 201 202 202 204 204 204 203 203 203 203 202 202 202 202 202
 201 201 200 200 198 198 197 197 196 197 198 199 197 196 195 197 197 197
 198 199 198 199 199 199 198 197 196 196 196 196 196 197 197 198 198 199
 199 199 199 198 197 197 196 195 195 195 196 196 196 196 196 195 195 195
 195 195 196 196 195 195 196 195 194 195 195 195 195 195 196 195 194 193
 194 194 195 196 194 194 193 193 193 193 192 192 192 193 193 193 192 192
 192 193 192 190 189 188 189 189 189 188 188 187 187 187 186 186 186 187
 187 187 188 187 187 187 187 187 187 187 186 186 186 185 184 184 185 185
 185 185 185 185 184 183 185 184 183 184 185 185 184 183 182 183 184 183
 183 183 183 182 182 182 182 180 179 179 181 182 181 177 177 179 179 179
 177  30]","[ 29  29 187 187 188 187 189 189 189 189 191 192 193 193 194 195 195 195
 197 199 200 201 201 202 203 204 203 203 202 203 202 202 202 202 202 202
 201 200 199 199 197 197 197 196 196 196 197 198 197 195 195 197 198 197
 198 199 198 198 198 198 198 197 196 195 196 196 196 196 197 198 199 199
 200 200 199 198 197 196 196 195 194 195 197 197 196 195 195 195 196 195
 195 195 196 196 196 196 196 195 195 195 196 195 195 195 195 195 195 196
 196 196 196 195 196 195 194 194 194 194 193 193 193 194 194 194 194 193
 193 193 194 192 191 190 191 191 190 190 189 188 187 187 187 187 187 188
 188 188 188 188 188 188 188 188 188 188 188 188 188 188 187 186 186 185
 185 186 186 186 186 186 185 184 184 185 187 186 185 184 185 185 185 184
 184 184 184 184 183 183 182 183 184 184 182 181 182 181 183 182 180 179
 182  27]","[ 29  29 184 186 187 188 187 188 187 188 189 191 192 193 194 194 195 195
 197 198 199 200 201 202 202 203 203 202 202 202 202 203 202 202 202 202
 202 202 201 200 199 198 197 197 197 197 198 200 196 197 198 198 198 198
 199 199 197 197 197 197 197 197 196 196 196 196 196 196 196 196 197 197
 199 199 199 198 197 196 195 195 195 195 195 195 196 196 196 196 195 195
 195 195 195 195 196 196 196 196 196 195 195 195 195 195 194 194 195 196
 197 197 196 195 195 195 195 195 196 195 194 193 194 195 195 195 195 195
 194 194 192 192 191 189 190 192 192 190 191 190 189 189 189 189 189 189
 189 189 189 188 188 188 187 186 187 187 187 187 187 187 187 187 187 187
 187 187 186 186 186 186 186 186 186 186 186 186 186 186 185 185 185 183
 182 183 184 185 183 183 183 184 185 185 184 184 182 183 183 183 182 180
 180  29]","[ 29  30 185 186 187 187 186 187 186 187 188 189 190 192 192 193 195 195
 196 196 197 199 200 202 201 201 202 201 201 201 202 202 200 201 201 201
 201 201 201 200 201 199 198 197 197 197 197 198 196 197 197 197 197 197
 197 197 196 196 197 197 197 196 196 196 196 196 196 196 196 196 196 196
 198 198 197 197 196 196 195 195 195 195 195 195 195 195 195 195 195 195
 195 195 195 196 196 196 196 196 195 195 195 195 195 195 195 195 195 196
 197 197 196 196 195 195 195 196 195 195 194 194 195 195 196 196 196 195
 195 194 193 193 192 190 191 193 193 191 191 191 191 190 191 191 191 190
 192 192 192 191 190 190 189 187 188 187 187 187 187 187 188 188 187 187
 187 187 187 187 186 186 187 187 187 187 187 187 186 186 185 185 185 183
 183 184 185 185 183 183 183 184 185 185 184 184 182 183 182 182 182 181
 181  29]","[ 29  30 185 186 186 187 185 186 186 186 187 188 189 190 191 192 195 195
 195 194 195 196 198 200 201 201 201 201 201 201 201 201 201 201 202 201
 200 201 201 201 201 199 197 197 197 197 197 197 197 198 198 198 197 196
 196 196 196 196 197 197 197 197 197 197 196 196 196 195 195 196 196 196
 196 196 196 195 195 195 196 196 196 196 195 195 195 195 195 195 195 195
 195 195 195 195 196 196 195 195 195 195 195 195 195 195 195 195 195 196
 196 196 196 195 195 196 196 196 195 195 195 195 195 195 196 196 196 196
 195 195 194 194 193 192 192 194 194 193 192 193 193 193 193 193 193 193
 194 194 194 193 192 192 191 190 189 189 188 188 188 188 189 190 188 188
 188 188 188 188 188 187 187 187 187 187 187 187 187 187 186 186 185 185
 185 186 186 186 183 183 184 185 186 185 184 184 183 183 182 182 182 182
 181  29]","[ 29  30 184 186 186 187 186 186 186 186 187 187 188 190 191 191 194 194
 194 194 194 195 196 197 200 201 201 201 201 200 200 200 201 202 202 201
 200 200 201 202 200 198 196 197 198 198 198 197 198 198 198 198 197 196
 195 195 196 196 196 197 197 197 197 197 196 195 195 195 195 196 196 197
 196 195 195 195 195 195 196 196 196 196 196 195 195 195 195 195 196 196
 196 195 195 195 195 195 195 195 195 195 195 195 195 195 195 195 195 195
 195 195 195 195 195 195 196 195 195 195 195 196 195 195 195 196 196 195
 195 195 194 195 194 193 193 194 194 194 193 194 195 195 195 194 194 194
 195 195 194 193 193 193 193 192 191 191 190 190 190 190 191 191 190 190
 190 190 190 190 189 189 187 188 188 188 189 189 189 189 188 188 187 187
 187 188 187 187 185 185 185 186 186 185 184 184 184 184 183 183 183 183
 181  29]","[ 29  30 184 186 186 187 186 186 186 186 187 187 188 189 189 190 192 193
 194 194 195 195 195 195 198 198 198 199 199 199 199 199 200 201 202 200
 199 200 201 201 200 197 196 196 198 198 198 198 197 197 197 196 196 196
 195 195 195 195 195 195 195 196 196 196 195 195 195 195 195 196 197 197
 196 195 195 195 195 195 195 195 195 195 195 195 195 195 195 195 196 196
 196 195 195 195 195 195 195 195 195 195 195 195 195 195 196 196 196 195
 195 195 195 195 195 195 195 195 194 194 195 196 195 195 195 195 195 195
 195 195 194 194 194 194 194 194 194 194 193 194 195 196 195 195 195 195
 195 195 194 193 192 193 193 193 193 193 193 193 193 192 192 192 192 192
 192 192 192 192 191 191 190 190 190 190 191 191 191 191 191 191 190 189
 189 189 189 188 187 186 186 187 187 185 184 183 184 186 186 185 184 183
 181  29]","[ 29  30 185 186 186 187 185 186 186 186 186 187 187 187 188 188 190 192
 194 195 195 195 195 195 196 196 196 197 198 199 200 200 200 201 201 200
 200 200 201 201 201 198 196 196 197 198 197 197 197 197 196 196 196 196
 196 195 195 195 195 195 195 195 195 195 195 195 194 195 195 196 197 197
 196 196 195 195 195 195 195 195 194 194 194 194 194 195 195 195 195 195
 195 195 195 195 195 195 195 195 195 195 195 195 195 195 196 195 195 195
 195 195 195 194 194 194 194 194 194 195 195 196 195 195 194 194 194 195
 195 195 194 194 194 194 194 194 194 194 194 194 195 195 195 194 194 194
 196 196 195 193 192 193 193 193 194 194 194 194 194 194 193 193 193 193
 194 194 193 193 192 192 192 193 193 193 193 193 193 193 193 193 192 190
 189 190 189 189 189 188 188 188 188 186 185 184 186 188 187 187 186 185
 183  29]","[ 29  30 185 186 187 187 186 187 186 187 187 187 187 187 187 187 189 190
 192 193 193 194 194 195 196 195 195 196 197 198 199 199 199 200 200 200
 200 201 201 201 201 199 196 196 196 197 197 197 198 197 196 196 196 196
 196 196 195 195 195 195 195 195 195 195 195 195 194 194 194 195 196 196
 195 195 195 195 195 195 194 194 194 194 194 194 194 195 195 195 195 195
 195 195 196 196 196 196 195 195 195 195 195 195 195 195 195 195 194 195
 195 195 194 193 194 193 193 194 194 195 195 195 195 195 194 194 194 195
 195 196 194 193 193 194 194 194 194 194 194 194 194 194 194 194 194 193
 195 195 194 193 193 193 193 192 193 193 193 193 194 194 194 194 193 194
 194 194 194 193 192 192 193 193 194 194 194 194 194 194 194 194 192 190
 189 190 190 190 191 191 191 191 191 189 187 187 187 189 188 188 189 189
 184  29]","[ 29  29 184 186 187 188 187 188 187 187 187 188 187 187 187 186 188 189
 189 190 191 192 194 195 196 195 194 194 195 196 197 197 197 198 199 199
 200 201 201 201 201 199 196 196 196 196 197 198 197 196 195 194 195 195
 195 195 195 195 195 194 194 194 194 194 195 195 194 194 194 194 195 196
 194 195 195 195 195 195 194 193 195 195 195 195 195 195 195 195 195 195
 195 195 196 195 195 195 195 195 195 195 195 195 195 195 196 195 195 195
 196 196 195 193 194 193 193 194 195 195 195 195 195 195 195 194 194 195
 195 196 194 193 193 194 195 195 194 194 195 194 194 194 194 194 193 193
 193 193 194 193 193 193 193 192 192 192 192 192 193 194 194 195 193 193
 193 194 193 193 192 191 192 192 193 193 194 194 194 194 193 193 192 190
 189 190 190 191 194 193 193 194 194 192 190 190 188 189 188 189 191 192
 186  29]","[ 29  29 183 185 185 186 186 187 186 186 186 186 186 187 186 186 188 189
 190 190 191 191 192 193 194 194 193 194 194 195 196 197 198 197 197 197
 198 199 200 201 199 199 198 197 197 197 198 198 196 195 194 195 195 194
 194 195 194 194 194 194 194 195 195 195 195 195 195 195 194 194 193 193
 194 194 194 194 194 194 194 194 194 195 195 195 195 195 195 196 196 195
 195 195 196 196 195 195 195 195 195 195 195 195 195 195 195 195 195 194
 195 195 195 195 194 193 193 194 194 195 195 196 196 195 194 195 196 196
 196 195 195 195 194 194 195 196 195 195 194 195 195 194 193 193 193 194
 194 194 193 193 193 193 193 192 192 192 192 193 193 193 193 193 194 194
 194 193 193 193 192 191 191 190 191 193 192 193 194 193 192 192 193 193
 192 191 190 190 193 194 194 192 192 193 194 193 190 192 193 193 193 191
 189  29]","[ 29  29 182 183 183 184 183 184 185 186 186 186 187 187 187 186 187 188
 189 190 190 190 190 191 193 193 194 194 195 196 196 196 197 197 197 197
 197 197 199 200 200 199 198 197 196 197 197 197 196 195 195 195 196 195
 195 196 194 194 194 194 194 195 195 195 195 195 195 195 195 195 195 195
 195 195 194 194 194 194 194 194 195 195 195 195 195 195 195 195 195 195
 195 195 196 196 195 195 196 196 195 195 195 195 195 195 195 195 195 195
 195 195 195 195 194 194 194 194 195 195 196 196 195 194 194 194 195 195
 194 194 195 196 195 195 196 196 196 195 195 195 195 195 194 194 194 194
 194 193 193 193 193 193 192 192 191 191 192 193 193 194 194 193 193 193
 193 192 192 192 191 190 190 189 190 192 192 193 193 191 191 191 192 193
 192 191 190 189 191 192 193 192 192 194 194 192 192 193 193 192 194 192
 190  28]","[ 29  29 182 182 182 182 181 183 184 185 186 186 186 187 186 185 185 186
 188 188 189 189 189 189 191 191 193 194 195 195 195 194 196 197 197 197
 196 196 197 199 200 199 197 196 196 196 196 196 195 194 194 195 196 196
 195 195 193 193 193 194 194 195 195 195 195 195 195 196 196 196 196 196
 195 195 195 194 194 195 195 195 196 196 196 195 195 195 195 195 195 195
 195 195 196 196 196 195 195 195 195 195 195 194 195 195 195 195 195 195
 195 195 195 194 194 194 194 194 194 195 195 196 195 195 195 195 194 194
 194 195 195 195 195 195 196 196 196 195 195 195 195 195 195 194 195 195
 194 193 193 193 193 193 192 192 191 191 192 194 194 194 194 194 193 193
 193 193 193 192 191 190 191 189 190 191 191 192 192 190 189 190 191 192
 191 190 188 187 188 190 190 190 192 193 193 191 192 192 192 191 193 193
 190  28]","[ 30  30 182 183 182 183 182 183 185 186 186 186 185 185 184 183 184 185
 186 187 187 188 188 188 189 190 192 193 194 194 194 194 195 196 196 196
 196 196 198 199 199 198 196 195 195 196 195 195 194 194 194 195 195 195
 195 194 193 193 193 193 194 195 195 196 196 196 196 196 196 196 196 196
 196 195 195 195 195 195 195 195 196 196 195 195 195 196 195 195 195 195
 195 195 195 196 196 196 194 195 195 194 194 194 194 194 195 195 195 196
 196 195 195 195 195 195 194 194 194 195 195 195 195 196 196 195 194 194
 194 194 194 195 195 195 195 195 195 194 194 194 194 194 194 194 194 194
 195 194 194 193 193 193 193 193 191 192 193 194 195 195 194 194 194 194
 194 194 194 194 193 191 192 190 190 191 191 192 192 190 190 190 190 191
 191 190 188 187 187 188 188 189 190 192 192 190 190 190 190 190 192 191
 190  29]","[ 30  30 183 184 183 183 183 184 185 186 185 184 184 184 184 183 184 185
 186 186 187 187 188 189 189 190 192 193 193 193 194 194 195 195 195 196
 196 197 197 197 197 197 196 195 195 196 196 196 195 195 195 195 195 195
 195 194 193 193 193 193 194 195 195 196 197 196 196 196 195 195 195 195
 195 195 196 196 196 195 195 195 195 195 195 195 195 196 195 195 195 195
 195 195 195 195 195 196 195 196 196 196 195 195 195 196 195 195 196 196
 196 196 196 196 196 195 195 195 195 195 195 196 196 195 195 194 194 194
 194 193 194 195 196 195 195 195 195 194 194 194 194 194 194 194 194 193
 195 194 194 193 193 193 193 194 192 193 194 194 195 194 194 193 194 195
 195 195 195 195 194 193 193 190 189 190 190 192 192 190 190 190 190 191
 191 191 191 191 188 187 187 187 189 190 191 190 189 190 190 189 191 190
 190  29]","[ 29  30 184 184 183 183 182 183 183 184 184 183 184 185 185 185 185 186
 186 186 187 187 189 189 189 190 191 192 192 192 193 193 194 194 194 195
 196 196 196 195 196 196 196 195 195 196 197 197 197 197 197 196 195 196
 196 195 194 194 194 194 194 195 195 196 196 196 196 195 195 195 195 195
 194 195 195 196 196 195 195 194 195 195 195 195 195 196 195 195 195 195
 195 195 194 194 195 195 196 196 197 197 196 196 196 196 195 195 195 196
 196 196 196 196 195 195 195 195 195 195 195 195 196 196 195 195 195 195
 194 193 194 195 195 195 194 195 195 195 195 194 194 194 194 194 194 193
 194 193 193 192 192 192 193 194 193 194 194 194 194 194 193 193 193 194
 194 195 195 195 194 192 192 190 189 190 190 191 192 191 189 189 189 190
 192 193 193 193 190 188 187 187 188 189 190 191 190 191 192 190 191 190
 189  29]","[ 28  30 184 185 183 182 181 182 181 182 183 183 184 186 186 186 186 186
 187 187 187 187 188 188 188 189 191 191 191 191 191 192 193 194 194 195
 195 195 195 195 196 196 196 196 196 196 198 199 198 199 199 196 195 195
 195 195 195 195 195 195 195 195 196 196 196 196 195 195 195 195 195 195
 194 194 195 195 195 195 195 195 195 195 196 195 195 195 195 195 195 195
 195 194 194 194 194 195 195 196 196 196 195 195 195 196 195 195 195 195
 195 195 195 195 195 195 194 194 194 194 195 195 196 196 196 196 195 194
 194 194 194 195 195 194 194 194 195 195 195 195 194 194 194 194 194 193
 193 193 192 192 191 192 193 194 194 194 194 194 194 193 193 193 192 193
 194 194 194 193 192 190 191 189 190 191 190 192 192 191 188 188 188 190
 192 193 193 193 191 190 189 188 189 190 191 192 192 192 192 191 192 191
 190  29]","[ 28  29 185 185 184 182 181 182 180 181 183 184 185 186 187 187 186 187
 188 188 187 187 187 187 188 190 191 192 191 191 191 191 192 193 195 195
 195 195 196 197 196 197 197 197 196 196 198 200 199 200 199 196 194 194
 195 195 196 196 195 195 195 195 196 196 196 196 195 195 195 195 195 195
 194 194 194 194 195 195 195 195 196 196 196 196 195 195 195 195 195 195
 195 194 193 193 194 194 194 195 196 196 195 194 195 195 196 196 195 195
 194 195 195 195 195 195 195 195 195 195 195 195 195 196 196 195 194 193
 193 194 195 196 196 195 194 195 196 197 195 195 194 194 194 194 194 193
 193 193 192 192 191 192 193 194 194 194 194 193 193 193 193 193 192 193
 193 193 193 192 190 189 190 189 191 192 192 192 193 191 189 189 189 191
 192 193 193 192 192 191 190 190 190 190 192 193 192 191 191 191 193 192
 190  29]","[ 29  29 182 183 183 184 182 181 181 181 182 184 185 185 186 186 185 186
 187 187 187 186 187 187 188 189 189 189 189 189 189 190 192 193 194 194
 194 194 194 194 196 196 196 197 197 197 199 200 200 199 198 197 196 195
 195 195 196 196 195 195 194 195 195 195 196 196 195 195 195 194 194 194
 194 193 193 193 195 196 196 195 195 195 195 195 195 195 195 195 195 195
 194 193 192 192 193 194 194 195 195 195 195 195 195 195 195 195 195 195
 195 194 195 196 197 196 194 194 194 195 195 195 195 195 195 194 194 194
 194 195 194 194 194 195 195 195 195 195 195 194 193 193 194 194 194 193
 193 193 193 193 193 193 194 194 194 194 194 194 195 194 193 192 193 193
 193 192 190 190 190 189 189 189 190 191 192 193 193 193 193 193 192 191
 192 192 193 194 194 192 191 191 191 192 193 193 193 193 192 192 193 192
 190  29]","[ 29  28 182 183 183 184 182 182 181 182 183 184 184 184 185 185 185 186
 186 186 186 187 187 188 188 188 188 188 188 188 189 190 191 192 193 193
 192 193 194 195 195 195 195 195 196 196 197 198 199 199 198 197 196 195
 195 195 195 195 195 195 195 195 195 195 195 195 194 194 194 193 193 193
 193 192 191 192 193 194 194 194 195 195 195 196 196 196 196 196 195 195
 194 193 192 192 193 194 195 195 195 195 195 195 195 195 195 195 195 195
 195 195 195 196 196 195 194 194 194 195 195 195 195 195 195 195 194 194
 195 195 195 194 194 194 194 194 194 194 195 194 194 193 194 194 194 194
 193 193 193 193 193 193 193 193 194 194 194 195 195 194 193 193 192 192
 193 192 190 190 190 189 189 189 190 191 192 193 194 194 193 193 192 192
 192 193 193 194 194 193 193 192 193 193 193 193 193 193 193 192 194 193
 191  30]","[ 29  29 183 183 183 184 182 183 182 183 184 185 185 185 185 185 186 186
 186 186 186 187 188 189 187 188 188 188 188 188 189 190 189 191 192 192
 191 191 193 194 195 195 195 195 195 196 197 197 197 197 197 197 196 196
 196 195 195 195 195 195 195 195 195 195 195 195 194 194 193 193 193 193
 192 191 190 191 192 193 194 194 195 195 195 195 195 195 195 195 195 195
 194 193 193 193 194 195 195 195 195 196 195 195 195 195 195 195 195 195
 195 195 195 195 195 194 194 194 194 195 195 196 196 196 195 195 194 194
 194 195 195 195 194 194 194 194 194 194 195 194 194 194 194 194 194 194
 193 193 194 194 194 193 193 193 194 194 194 195 195 194 193 194 191 191
 192 191 189 189 190 188 190 190 191 191 192 193 193 194 193 193 193 193
 193 193 193 193 194 194 193 194 194 194 194 194 193 193 193 192 194 193
 191  29]","[ 29  30 184 185 184 184 182 183 183 184 185 186 185 185 186 186 187 186
 186 186 186 187 187 188 188 188 188 188 188 188 190 191 190 191 192 191
 190 190 192 193 194 194 194 194 195 196 196 196 196 196 197 197 197 197
 196 196 195 195 195 195 195 195 195 195 196 196 195 195 194 194 194 194
 193 192 191 191 192 194 195 195 195 195 195 195 195 194 194 194 195 195
 194 193 193 194 195 195 195 195 195 195 195 195 195 195 195 195 195 195
 195 195 195 195 194 193 193 193 194 195 195 196 195 195 195 195 194 194
 194 194 195 195 194 194 194 194 194 194 195 195 195 195 195 195 195 195
 194 194 194 194 194 194 193 193 194 194 195 195 194 193 193 194 192 191
 191 190 189 190 191 190 191 192 192 192 192 192 193 194 193 193 193 193
 193 193 193 192 193 193 193 193 194 194 194 195 193 192 192 192 193 192
 190  29]","[ 29  30 185 186 185 185 182 182 182 183 184 185 185 185 185 185 186 186
 186 186 187 187 187 187 187 187 187 187 187 188 189 190 190 190 190 189
 190 191 192 191 192 192 192 193 194 195 196 196 196 196 197 197 197 197
 196 196 196 196 195 195 195 195 196 196 196 196 196 195 195 195 195 195
 194 193 192 192 193 194 195 196 196 196 196 196 195 195 194 194 195 194
 193 193 193 194 195 195 195 195 195 195 195 195 195 195 195 195 195 195
 195 195 195 194 192 192 193 193 193 194 195 196 196 195 195 195 195 194
 194 193 193 194 194 194 195 194 194 194 195 195 195 195 195 195 195 195
 195 195 195 194 194 194 194 194 194 194 194 195 194 193 193 194 194 192
 192 191 189 191 192 191 192 192 192 192 193 193 194 194 193 193 193 194
 193 193 192 192 193 193 192 192 192 192 193 193 193 193 193 192 194 193
 191  29]","[ 28  29 184 186 185 185 183 183 183 183 184 185 185 184 184 183 185 185
 185 185 186 187 187 187 186 187 187 187 187 187 188 188 189 189 188 188
 190 192 192 191 192 192 192 193 194 195 196 196 197 197 197 197 197 196
 196 195 197 197 196 195 195 195 196 196 196 196 196 195 195 195 195 195
 194 194 193 193 193 194 195 195 195 195 195 195 195 195 194 194 194 194
 193 193 194 194 195 195 194 194 195 195 195 195 195 195 195 195 195 195
 195 195 194 193 192 192 192 193 193 194 195 195 196 195 195 195 195 195
 194 193 193 193 194 195 196 195 195 194 195 195 195 195 195 195 195 195
 196 196 195 194 194 194 194 195 194 194 194 194 194 193 193 194 194 192
 191 190 189 191 193 191 190 190 190 191 193 193 193 193 193 193 193 193
 193 193 192 192 193 193 192 192 191 191 191 192 193 193 193 192 194 193
 190  29]","[ 28  28 183 184 184 184 182 182 183 183 183 184 185 185 183 182 184 184
 183 184 184 185 186 186 186 186 187 187 186 186 187 187 187 187 188 188
 189 190 191 190 192 192 193 193 194 195 196 196 196 196 197 197 197 196
 196 196 198 197 197 196 196 195 195 195 195 195 195 195 195 195 195 195
 195 194 194 193 193 194 194 195 194 194 195 195 195 194 194 194 194 194
 193 193 194 195 195 195 194 194 194 195 195 195 195 196 195 195 195 195
 195 194 193 192 192 192 193 193 193 194 195 195 195 195 195 195 195 194
 194 193 193 193 194 195 195 195 195 194 194 195 195 195 195 195 195 195
 196 195 195 195 194 194 194 194 194 193 193 194 194 193 193 193 193 192
 191 191 190 191 192 191 189 189 189 191 192 193 193 192 193 193 193 193
 193 193 192 192 193 193 193 192 192 191 191 192 193 193 193 192 194 193
 189  29]","[ 29  29 182 182 183 183 181 181 181 180 181 182 184 184 183 182 184 183
 182 182 183 184 184 184 186 187 187 187 187 187 187 187 185 187 188 188
 188 188 189 189 191 192 192 193 193 194 194 195 195 195 196 196 196 197
 197 197 198 197 197 197 196 195 195 195 195 195 195 195 195 195 195 195
 195 195 194 194 194 194 194 195 195 195 196 195 195 194 194 193 195 194
 193 193 194 195 195 195 193 194 194 195 195 196 196 196 195 195 194 195
 195 194 193 191 192 192 193 193 193 194 195 195 194 194 194 194 194 194
 193 192 192 192 192 192 193 193 193 193 194 194 195 195 195 194 195 195
 195 195 195 195 195 194 194 194 194 193 192 193 194 193 193 193 194 193
 193 193 192 193 193 191 190 190 190 191 194 194 193 191 193 193 193 193
 193 192 192 192 192 192 193 194 193 193 193 193 193 193 194 193 195 194
 190  29]","[ 29  30 182 182 182 181 182 181 181 181 181 183 185 185 183 182 182 182
 182 182 181 182 183 183 186 185 185 186 187 187 186 185 186 187 187 187
 188 189 190 190 192 192 192 192 192 192 194 195 195 195 195 196 196 196
 196 195 197 197 198 197 195 194 195 195 195 195 195 195 195 195 195 195
 196 196 195 195 195 195 195 195 195 195 195 195 195 195 195 195 195 194
 194 194 194 194 194 195 194 195 195 196 196 195 195 195 197 196 195 196
 196 195 193 191 193 192 192 193 194 195 195 195 195 194 193 194 195 194
 193 191 189 190 190 190 190 191 192 193 194 194 194 195 195 195 195 195
 195 195 196 195 194 193 194 195 194 194 194 194 193 192 192 192 193 193
 193 192 192 193 193 193 192 192 192 193 193 193 193 193 192 192 193 193
 193 192 192 192 192 192 191 192 193 194 194 194 194 194 194 194 195 193
 190  29]","[ 29  30 181 181 181 181 181 181 181 181 181 183 184 184 183 182 183 182
 182 181 181 182 183 184 185 183 183 184 186 187 186 185 186 187 188 188
 188 189 189 189 190 190 190 190 191 192 194 194 195 195 195 196 196 196
 196 196 196 197 197 197 196 195 195 196 195 195 195 195 195 195 196 196
 196 195 195 195 194 195 195 195 195 195 195 195 195 195 195 194 195 195
 194 194 194 194 195 195 194 194 195 195 196 196 195 195 196 195 195 195
 196 195 194 192 193 193 193 193 194 195 195 195 195 194 193 193 193 192
 190 189 190 190 190 191 191 192 193 193 194 194 194 195 195 195 195 195
 195 195 196 196 195 194 194 194 194 194 193 193 193 193 192 192 193 193
 193 192 193 194 194 194 193 192 192 192 192 192 192 193 192 192 192 193
 193 192 192 193 192 191 191 191 192 193 194 194 192 193 194 194 195 194
 190  30]","[ 29  29 180 181 181 181 181 180 181 181 181 182 183 184 183 183 184 183
 181 181 181 182 183 184 185 183 182 183 184 184 183 181 185 186 188 188
 188 189 189 188 189 188 189 189 191 192 193 194 194 194 194 195 196 196
 196 197 196 197 197 197 196 195 196 196 195 195 195 195 195 195 196 196
 196 196 196 195 195 195 196 196 195 195 195 195 195 195 195 195 195 195
 195 195 195 195 195 195 193 194 194 195 196 196 196 196 195 195 195 195
 195 195 195 194 193 193 193 194 195 195 194 194 193 193 193 194 194 194
 193 191 192 192 193 193 194 194 194 193 194 194 194 194 195 195 195 195
 195 195 196 196 196 195 194 194 194 194 193 193 194 194 193 193 192 193
 193 193 193 194 195 195 194 192 191 192 192 192 192 192 192 191 191 191
 192 193 192 192 191 191 191 191 192 192 192 192 191 192 193 194 195 193
 191  30]","[ 29  29 180 181 182 182 182 181 182 182 182 182 183 184 184 183 183 183
 182 181 182 182 182 182 184 183 182 182 182 182 181 180 184 185 186 187
 187 188 188 188 188 189 189 190 190 191 192 193 193 193 193 194 195 195
 196 197 197 197 197 197 196 196 196 196 196 196 196 195 195 195 195 196
 197 197 196 196 196 196 196 196 195 195 195 195 195 195 195 195 195 195
 195 195 195 195 195 195 194 194 194 195 195 195 195 195 195 195 195 195
 195 195 195 195 193 193 194 194 195 195 194 193 192 192 193 194 195 195
 195 194 195 195 195 195 195 194 193 192 194 194 194 194 194 195 195 195
 195 195 195 195 195 195 194 194 195 194 193 193 194 195 194 193 192 193
 193 193 193 194 195 195 194 192 191 192 192 192 192 191 190 190 190 190
 192 193 192 190 189 190 191 192 192 191 189 188 190 191 193 193 194 193
 189  29]","[ 30  29 180 181 182 182 183 182 183 182 182 182 183 183 184 184 183 183
 183 184 184 183 181 180 181 181 181 182 183 183 184 185 185 186 186 186
 186 187 188 188 187 188 189 189 189 189 191 192 193 193 193 194 195 195
 196 197 197 197 197 197 196 195 195 195 196 196 196 195 195 195 196 196
 197 197 196 195 195 195 195 195 195 195 195 195 195 195 195 196 196 195
 195 195 195 195 195 196 195 195 195 195 195 195 195 195 196 195 195 195
 195 195 195 194 193 193 194 195 195 194 193 192 193 193 193 193 194 194
 194 193 195 195 195 195 195 194 193 192 194 194 194 194 194 195 195 195
 195 195 195 194 194 194 194 194 194 193 192 193 194 194 194 193 192 193
 194 194 194 194 194 194 194 193 192 192 193 192 191 190 190 190 190 191
 192 193 192 189 189 190 191 191 190 189 188 187 189 191 193 193 194 192
 190  29]","[ 29  29 180 181 181 181 182 181 182 182 182 182 182 183 183 183 182 183
 185 186 185 184 182 180 180 181 182 184 184 185 186 187 186 187 187 186
 186 186 187 187 186 188 189 190 189 189 191 193 193 193 194 195 196 196
 196 197 197 197 197 196 196 195 195 195 195 195 195 195 195 196 197 197
 197 197 196 196 195 195 195 195 195 195 195 195 195 195 195 196 195 195
 195 195 195 195 195 195 195 195 195 195 195 195 194 194 195 195 195 195
 195 195 194 194 193 193 194 194 195 194 193 192 191 191 191 191 193 194
 194 194 195 195 195 195 195 195 194 193 194 194 194 194 194 194 194 195
 195 195 194 194 193 193 193 194 193 192 192 192 192 193 192 192 193 195
 196 195 194 195 195 195 195 194 193 193 193 191 190 189 190 191 191 192
 193 194 192 189 190 190 190 189 189 189 189 189 189 190 192 192 194 193
 191  29]","[ 29  29 180 180 180 180 181 181 182 182 182 182 182 182 181 181 181 182
 184 185 185 184 182 181 182 181 182 184 185 185 185 185 185 186 186 186
 186 186 187 187 187 188 188 189 190 191 192 192 192 192 194 195 195 195
 195 196 196 196 196 196 196 196 195 195 195 195 195 195 195 196 197 197
 197 196 196 196 195 195 196 196 195 195 195 195 195 196 196 196 195 195
 195 195 195 195 195 195 196 196 196 195 195 195 195 194 194 195 195 195
 195 194 194 193 193 193 194 194 195 195 194 193 191 190 189 190 192 194
 196 196 195 195 195 195 195 195 195 195 194 194 194 193 193 194 194 194
 194 194 194 194 193 192 193 193 193 193 192 192 192 192 192 192 194 195
 195 194 194 194 195 195 194 194 193 193 193 191 190 190 191 192 192 192
 193 194 193 190 190 190 191 190 190 189 190 190 190 190 191 192 194 193
 191  29]","[ 29  29 181 180 180 180 181 181 181 181 181 181 181 181 180 180 180 181
 183 183 183 183 182 182 181 180 181 183 185 186 184 183 182 184 185 185
 185 186 187 187 187 187 187 188 190 191 191 190 190 191 193 194 194 194
 194 195 195 195 195 196 196 196 196 195 196 195 195 195 195 196 197 197
 195 195 195 195 195 195 195 196 196 196 196 196 196 197 197 198 195 195
 195 195 195 195 195 195 196 196 196 195 195 195 195 195 193 194 195 195
 195 194 193 193 193 193 194 195 195 195 194 193 192 190 189 189 191 193
 194 194 195 195 195 195 195 194 195 195 194 194 193 193 193 193 193 193
 193 194 195 194 193 192 192 193 194 193 193 192 192 192 192 192 194 195
 194 193 192 193 195 196 194 193 193 193 192 192 192 192 191 192 192 192
 192 194 193 190 190 191 192 193 192 190 189 189 191 191 192 192 194 193
 190  29]","[ 30  30 179 178 180 180 180 181 180 180 181 181 181 181 181 181 181 181
 182 183 183 183 182 182 182 182 183 183 183 184 184 184 182 182 182 184
 185 186 187 187 188 188 188 188 188 188 189 189 190 191 193 193 194 194
 194 195 194 195 196 196 196 196 196 196 196 196 196 196 195 195 196 196
 195 195 195 195 195 195 195 195 197 196 196 196 196 196 196 196 197 196
 195 195 196 197 196 195 196 196 196 197 197 196 195 195 195 196 196 196
 195 194 194 194 194 194 195 195 195 195 194 194 193 192 192 191 192 193
 195 196 197 196 196 195 195 195 195 195 194 194 194 194 194 193 193 193
 192 193 194 195 194 193 193 193 193 193 193 193 192 192 193 194 196 194
 193 193 194 195 194 193 193 194 194 194 193 192 192 192 192 192 192 193
 193 192 190 190 192 192 192 192 192 192 190 189 190 192 192 193 191 192
 189  29]","[ 29  29 179 178 180 180 180 181 180 180 181 181 181 181 181 181 180 180
 181 182 182 182 182 182 182 182 182 182 183 184 184 184 183 182 183 183
 185 186 187 187 187 187 187 187 188 188 189 189 190 191 193 193 193 193
 194 194 194 195 195 196 195 195 194 194 195 195 196 196 196 196 196 196
 195 195 195 195 195 195 195 195 196 195 195 195 195 195 195 195 195 195
 195 195 195 196 195 195 195 195 195 196 196 195 195 195 195 195 196 196
 195 195 195 195 195 195 195 195 195 194 193 193 194 194 193 193 193 194
 194 194 196 196 196 195 195 195 195 195 194 194 194 194 194 193 192 192
 193 194 195 195 194 193 193 193 194 193 193 193 192 192 193 194 194 194
 193 193 194 194 193 193 194 194 195 194 193 192 192 192 192 192 192 193
 192 191 190 190 191 191 191 192 193 192 192 191 191 193 191 192 191 193
 189  29]","[ 28  29 179 178 180 179 180 181 180 180 180 181 181 181 181 181 180 180
 180 181 181 181 182 183 182 182 182 182 182 183 184 184 183 183 182 183
 184 185 186 187 186 186 187 187 188 188 189 189 190 191 192 192 192 192
 192 193 194 195 195 195 195 195 195 195 195 195 196 197 197 196 196 196
 195 195 195 195 195 195 195 195 195 195 195 196 196 196 195 195 194 195
 195 195 195 195 195 195 195 195 195 195 195 195 195 195 195 195 196 196
 196 196 196 196 196 196 195 195 194 194 193 193 194 194 194 194 194 194
 194 194 195 195 195 195 195 195 195 195 194 194 195 195 194 193 192 192
 193 194 195 195 194 193 193 193 193 193 193 193 192 192 193 194 194 194
 194 194 194 194 193 193 194 194 195 194 194 193 192 192 193 192 193 193
 193 192 191 191 191 191 191 192 192 193 193 192 193 193 190 191 191 193
 189  28]","[ 28  29 179 178 179 179 180 181 180 180 180 181 181 181 181 181 180 180
 180 181 182 182 182 183 182 182 182 182 182 183 184 184 183 182 182 182
 183 184 185 185 187 187 187 187 187 187 188 189 188 190 191 191 191 191
 192 193 193 194 194 194 194 194 195 196 195 195 196 196 196 195 195 195
 195 195 195 195 195 195 195 195 195 195 196 196 196 196 195 195 194 194
 194 194 195 195 195 195 196 195 195 195 195 195 195 196 195 195 196 196
 196 196 196 196 195 194 194 194 194 194 194 195 194 194 194 194 194 194
 194 194 194 194 195 195 195 195 195 195 195 195 195 195 194 194 193 192
 194 194 194 194 194 193 193 193 193 192 192 193 193 192 193 194 194 194
 195 194 194 194 194 194 194 194 194 194 193 193 192 192 193 192 192 193
 193 192 192 193 192 192 192 192 192 193 193 192 192 191 189 191 192 193
 189  28]","[ 29  29 179 178 179 179 179 180 180 180 180 181 181 181 181 181 179 179
 180 181 181 181 181 182 182 182 183 183 183 183 183 183 182 182 182 182
 183 183 184 184 185 186 186 186 186 187 187 188 187 188 189 190 190 190
 191 192 192 192 192 191 192 192 194 195 194 195 195 195 194 194 194 195
 195 195 195 195 195 195 195 195 194 195 195 195 195 195 195 195 195 194
 194 194 195 196 196 195 196 196 195 195 195 195 196 196 196 196 196 196
 196 196 195 195 194 194 193 193 193 194 195 195 194 194 193 193 193 193
 193 194 193 194 194 195 195 195 195 194 195 195 195 194 194 193 193 193
 193 193 193 193 193 193 192 192 192 191 191 192 193 193 193 194 193 194
 194 193 193 193 193 194 194 194 194 193 193 192 192 192 192 192 192 192
 193 192 192 193 193 193 192 192 192 193 192 192 191 191 189 192 193 193
 189  28]","[ 29  29 178 178 179 179 179 179 179 180 180 181 181 181 181 181 180 180
 180 181 182 181 181 181 181 182 183 183 183 183 182 182 182 183 183 183
 183 183 184 184 183 184 185 185 185 186 187 188 186 187 188 189 189 190
 191 192 192 192 191 190 190 191 192 194 194 194 195 195 195 195 196 196
 195 195 195 195 195 195 195 195 195 195 195 195 195 195 195 195 196 194
 193 194 195 196 195 194 195 195 195 195 195 195 195 195 195 196 196 195
 195 195 195 195 195 194 194 193 193 194 194 195 194 194 192 192 191 192
 192 193 193 194 194 194 194 194 194 194 194 194 194 193 193 193 193 193
 192 192 192 192 192 192 192 192 191 191 191 192 193 193 193 193 193 193
 193 193 192 193 194 195 194 194 192 192 192 192 192 192 193 192 193 193
 193 192 192 192 193 193 193 192 193 193 192 192 191 191 189 193 193 193
 189  29]","[ 29  29 178 178 180 180 179 179 179 179 180 181 181 181 181 181 181 180
 180 181 181 181 181 182 182 182 182 182 182 182 182 181 182 182 182 182
 182 182 183 184 182 183 184 185 184 185 186 187 187 187 187 188 189 190
 190 190 191 191 191 190 190 190 191 192 193 194 195 196 196 196 196 197
 195 195 195 195 195 195 196 196 196 196 196 196 196 196 196 196 195 194
 194 194 194 195 194 194 195 195 195 195 195 195 195 195 195 195 196 195
 195 194 195 195 195 195 194 194 194 194 194 194 194 193 192 191 191 192
 193 194 194 194 194 193 193 194 194 194 193 193 193 193 193 193 192 192
 192 191 191 191 191 192 192 192 192 191 191 192 193 193 192 192 193 193
 193 193 193 193 194 195 194 193 191 190 190 191 192 192 193 193 193 194
 194 193 192 192 193 193 193 193 193 192 191 191 190 190 189 192 191 191
 188  29]","[ 29  28 177 178 180 181 180 179 179 179 180 181 181 181 181 181 180 180
 179 180 180 180 180 181 182 182 182 181 181 181 181 181 182 182 181 181
 180 181 182 184 183 184 185 185 185 185 186 187 187 187 187 188 189 190
 190 189 189 189 189 189 189 190 190 191 192 193 194 195 195 195 194 194
 195 195 195 195 195 195 196 196 196 196 196 195 195 195 196 196 194 194
 194 194 193 193 194 194 195 195 195 195 196 196 195 195 194 195 196 195
 195 194 195 196 195 195 195 194 194 194 194 194 193 192 192 192 192 193
 194 195 194 194 193 193 193 193 193 194 193 193 193 194 194 193 193 192
 191 191 190 190 191 192 192 192 193 192 192 192 193 192 191 191 191 192
 192 192 193 193 194 194 194 193 190 189 190 191 192 192 192 192 192 193
 193 193 192 192 193 193 193 193 192 191 190 189 190 190 189 191 189 189
 186  28]","[ 30  29 179 178 180 180 179 179 179 179 180 180 181 181 181 181 181 181
 180 179 179 180 181 181 181 181 180 181 181 181 181 181 183 182 181 181
 181 181 182 182 183 184 184 184 184 185 186 187 186 187 188 188 188 188
 188 188 188 189 189 189 189 190 191 192 191 193 195 195 195 195 196 196
 195 194 194 195 195 195 195 196 196 196 196 195 195 195 195 196 195 193
 193 193 193 193 193 194 195 195 195 195 195 194 195 195 195 195 195 195
 195 195 195 195 194 195 196 196 195 195 194 193 193 193 193 193 194 194
 195 195 195 193 192 192 193 193 193 194 193 194 194 193 193 193 193 192
 192 191 190 191 193 192 192 192 193 192 192 192 193 193 192 191 192 193
 193 193 193 194 193 192 193 192 191 190 190 191 192 193 192 193 193 193
 193 193 193 193 191 193 194 192 191 192 191 189 190 190 189 191 189 189
 187  28]","[ 29  29 179 178 180 180 180 180 179 179 180 180 180 180 180 180 180 180
 180 179 179 180 181 181 181 180 180 180 181 181 181 181 182 182 181 180
 181 181 181 182 183 183 184 184 184 185 186 187 186 186 187 187 187 187
 187 187 188 188 189 189 189 189 190 190 192 193 194 194 194 194 195 195
 196 195 195 195 195 195 195 195 196 196 196 195 195 195 195 195 194 193
 193 193 193 192 193 193 195 195 195 195 194 194 194 195 195 195 195 195
 195 195 195 195 195 195 195 195 195 195 194 194 193 193 193 194 194 194
 194 194 194 193 191 191 191 191 192 193 194 194 195 194 194 194 194 193
 191 190 190 192 193 193 192 192 192 191 190 191 192 193 193 193 193 193
 193 193 193 194 193 192 192 192 191 189 189 189 191 193 192 193 193 193
 193 193 193 193 192 192 192 192 192 191 190 188 190 191 190 192 190 190
 187  29]","[ 28  29 179 179 181 180 180 181 180 180 180 180 181 180 180 180 179 180
 180 179 180 180 181 180 180 180 180 180 180 181 181 180 182 181 180 180
 181 181 181 181 181 181 182 182 182 183 184 185 186 186 187 187 186 186
 187 187 187 188 188 188 188 188 188 188 191 192 193 193 192 193 194 194
 195 195 195 195 195 194 194 194 196 196 195 195 195 195 195 194 194 193
 193 193 193 192 192 193 195 195 194 194 194 194 194 194 195 195 195 195
 195 195 195 195 195 195 195 194 194 194 194 194 193 193 193 194 194 194
 194 194 193 191 190 189 189 189 190 191 193 193 194 194 194 194 194 193
 192 191 191 193 193 193 191 191 191 191 191 191 192 193 193 194 193 193
 193 192 193 193 193 192 192 192 191 190 189 189 191 193 192 193 194 193
 193 193 193 193 192 191 190 191 192 191 189 187 189 190 190 192 191 190
 188  29]","[ 28  29 179 179 180 180 180 181 180 180 180 180 180 180 180 180 179 180
 180 180 180 180 180 179 180 180 179 179 180 180 180 180 182 181 180 180
 181 181 181 180 180 180 180 181 181 181 182 183 185 185 186 186 186 186
 187 187 187 187 188 188 188 188 187 187 190 191 191 191 191 192 193 194
 194 194 194 195 195 194 194 194 196 195 195 195 195 195 194 194 194 193
 193 193 193 193 193 193 196 195 194 193 194 194 194 194 195 195 195 195
 195 195 195 195 195 195 195 194 194 194 194 194 193 193 194 194 194 194
 194 194 193 192 190 189 188 188 189 191 192 192 193 192 193 194 194 194
 193 192 192 192 193 192 190 190 190 191 192 193 193 193 192 192 192 192
 192 192 192 193 193 192 193 192 191 190 190 190 192 193 192 193 194 193
 193 193 193 193 192 191 190 191 192 190 188 188 189 190 190 192 191 190
 188  29]","[ 29  29 179 178 179 179 179 180 179 179 179 180 180 180 179 179 179 179
 180 180 180 180 179 179 180 179 179 179 180 180 180 180 181 180 180 180
 181 182 181 180 181 181 181 181 181 181 181 182 183 183 184 184 184 185
 186 186 186 187 187 188 188 188 187 187 189 190 190 190 190 192 193 193
 193 194 194 196 196 195 195 195 196 195 195 195 196 195 194 193 194 193
 193 193 193 193 194 195 195 195 194 194 194 194 194 194 195 195 195 195
 195 195 195 195 195 195 195 194 194 194 194 193 193 193 194 194 195 195
 195 195 194 193 191 190 189 189 190 192 193 193 193 192 192 193 194 194
 194 192 191 191 192 191 190 189 190 190 192 192 193 192 192 191 190 190
 191 191 192 193 193 192 194 192 191 190 191 191 192 192 191 193 193 193
 193 193 193 192 192 191 191 192 191 189 188 189 189 191 190 193 191 191
 188  30]","[ 29  29 178 177 178 178 178 179 179 179 179 180 179 179 179 179 178 179
 180 179 179 179 179 179 180 180 179 179 179 180 179 179 180 180 180 181
 181 181 181 180 181 181 181 181 181 181 181 182 181 181 182 182 182 183
 184 185 185 185 186 186 187 187 187 187 189 190 190 190 190 191 191 191
 193 193 194 196 196 196 196 197 196 195 195 195 195 195 194 194 194 193
 193 193 193 193 194 195 195 194 194 194 194 194 194 194 195 195 195 195
 195 195 195 195 194 195 195 194 194 194 194 193 193 194 194 194 194 195
 195 196 194 192 191 189 188 188 189 191 193 193 192 191 191 192 193 193
 192 191 190 190 191 191 190 190 189 189 189 189 190 191 192 193 189 189
 190 190 191 193 193 192 193 192 190 189 190 191 191 190 191 192 193 193
 192 193 192 192 192 192 192 192 191 190 189 190 189 190 190 192 190 190
 188  29]","[ 29  29 177 176 177 177 178 178 179 179 179 178 178 177 177 176 176 178
 180 179 179 179 180 180 181 180 179 179 179 180 179 179 179 180 180 181
 181 181 180 179 180 180 180 180 180 180 180 181 180 180 180 180 181 181
 182 183 184 184 184 185 186 187 187 187 188 189 189 189 189 190 190 190
 193 193 194 195 196 196 196 197 195 195 195 195 194 194 194 194 195 194
 193 194 193 193 193 193 193 194 194 194 194 194 194 194 195 195 195 195
 195 195 195 195 195 195 195 194 194 194 195 194 195 194 194 194 194 194
 195 196 193 191 189 188 188 188 188 189 192 192 192 191 191 191 192 191
 191 190 189 190 191 190 189 189 189 188 187 188 190 192 193 193 189 189
 189 189 190 192 193 193 192 191 190 189 189 190 190 189 190 191 192 192
 192 192 192 192 192 192 192 192 192 192 191 189 189 190 189 191 189 189
 187  28]","[ 29  28 176 175 177 177 178 179 177 177 177 176 175 174 174 173 175 178
 179 179 178 179 181 182 181 180 180 179 180 180 179 179 179 179 180 181
 181 180 180 179 179 179 179 179 179 179 180 181 179 179 179 179 178 179
 180 181 183 183 183 184 186 187 187 187 187 187 188 188 189 190 190 190
 193 192 193 194 194 194 195 196 195 195 195 195 194 193 194 194 195 194
 194 194 194 192 192 192 192 193 194 194 194 194 194 194 195 195 195 195
 195 195 195 195 195 195 194 193 193 194 195 195 195 195 194 193 193 194
 194 195 193 191 190 189 189 189 189 189 191 191 192 192 192 192 193 192
 191 190 189 190 190 190 189 188 188 188 188 189 191 193 193 192 190 190
 189 188 189 191 193 193 192 191 190 189 189 189 189 189 190 191 192 192
 192 192 192 191 192 193 192 191 192 193 192 189 190 190 189 191 189 189
 187  29]","[ 28  29 175 176 176 176 176 176 177 175 175 176 175 172 172 174 174 177
 179 179 179 180 180 180 180 180 179 179 179 180 179 179 180 181 181 181
 182 181 180 178 179 179 179 179 179 179 180 180 179 179 179 179 179 179
 179 179 180 182 182 181 183 186 187 186 186 186 187 187 188 189 189 190
 190 191 192 194 195 195 195 195 195 195 195 194 193 194 194 195 194 193
 194 194 194 193 192 192 193 193 193 193 194 194 194 195 195 195 195 195
 195 195 195 195 195 195 194 194 194 194 195 195 195 195 194 193 193 193
 193 194 192 191 189 188 188 189 189 190 190 190 190 190 190 190 190 190
 190 189 189 190 190 190 189 188 188 188 189 190 190 190 189 188 190 190
 190 189 189 189 192 194 192 191 190 189 189 189 188 189 190 190 191 191
 191 190 190 189 191 191 191 191 190 190 190 190 189 189 189 188 188 189
 185  29]","[ 29  29 174 175 175 176 176 176 176 175 175 175 174 172 171 173 174 177
 179 178 178 179 179 179 181 181 180 180 180 180 180 179 180 180 180 180
 180 180 180 179 180 180 180 180 179 179 179 180 181 181 181 180 180 180
 180 180 179 180 180 180 182 185 186 185 185 185 186 187 188 188 188 189
 189 190 191 193 194 195 195 195 195 195 195 195 195 195 195 196 193 193
 193 194 194 193 192 192 192 192 193 193 194 194 195 195 195 195 195 195
 195 195 195 196 195 195 195 195 195 195 195 195 194 194 193 193 193 193
 193 194 191 190 188 187 187 188 188 188 189 189 189 189 189 189 190 190
 189 189 190 190 189 189 189 189 188 188 188 189 189 189 189 189 190 190
 190 190 189 189 190 192 193 191 190 190 190 190 189 190 188 190 192 193
 193 192 191 191 190 190 190 190 189 189 190 190 190 190 189 188 188 189
 185  29]","[ 29  29 173 175 175 176 176 175 175 175 175 175 174 172 172 173 175 177
 178 178 178 178 179 178 181 181 181 181 180 180 180 180 180 181 180 180
 179 180 180 180 180 180 180 180 180 179 180 180 182 182 181 180 180 179
 179 179 178 179 180 180 181 183 184 183 182 183 185 186 186 187 187 187
 188 189 190 191 193 194 195 195 195 195 195 195 195 195 195 196 194 193
 193 194 194 193 192 192 192 193 193 194 194 194 195 195 196 195 194 193
 193 194 195 195 195 195 195 195 195 195 195 194 193 193 192 192 193 193
 193 192 191 190 188 188 188 188 188 188 189 189 189 189 189 189 189 189
 189 189 189 189 189 189 189 189 188 188 188 188 188 188 188 189 190 190
 190 190 190 190 190 190 192 190 190 190 190 189 189 189 188 190 192 193
 193 193 192 192 190 190 189 188 188 189 189 189 189 190 189 189 188 189
 185  30]","[ 29  30 174 176 175 176 176 175 175 175 176 176 174 173 173 174 175 177
 178 179 179 179 179 179 179 180 180 180 180 180 180 181 181 181 182 181
 180 181 181 182 179 179 180 180 180 180 180 180 182 181 181 180 179 179
 179 179 179 180 180 181 182 183 182 181 181 183 184 185 186 186 187 188
 187 188 189 190 191 192 193 194 194 194 194 195 195 195 195 195 194 193
 193 194 195 194 193 193 193 193 194 194 194 194 194 194 196 195 194 193
 192 193 193 193 194 194 194 195 194 194 194 194 193 193 192 192 193 193
 192 191 191 190 189 189 189 189 189 188 188 188 188 188 188 188 188 188
 189 188 188 187 188 188 188 188 187 187 188 188 187 188 188 189 190 190
 190 190 191 191 190 190 191 189 189 189 189 188 188 188 190 190 190 191
 191 192 191 191 190 189 188 188 188 188 188 188 189 189 188 188 188 189
 185  30]","[ 28  30 176 177 176 175 175 176 175 176 176 176 175 174 174 175 175 176
 177 178 179 179 179 180 179 179 180 180 180 180 180 181 181 182 182 182
 181 181 182 181 178 179 180 180 180 180 180 180 182 181 181 181 180 180
 180 180 180 181 181 182 182 183 182 181 183 184 185 186 186 187 188 188
 187 188 188 189 189 190 191 192 193 193 193 194 194 194 194 194 194 193
 193 194 195 194 193 193 194 194 194 194 194 194 194 194 195 195 193 193
 193 193 192 192 193 193 194 194 194 194 194 193 193 192 192 193 193 193
 192 191 189 189 188 188 188 188 188 188 188 187 187 187 188 188 187 187
 189 187 186 186 187 188 188 187 187 187 188 188 188 188 188 189 190 189
 189 189 190 191 190 190 190 189 189 190 190 190 190 190 192 191 189 190
 191 191 190 188 188 187 187 188 188 188 188 187 188 188 188 188 188 189
 185  29]","[ 28  30 177 178 176 175 175 176 175 176 176 176 176 175 175 175 175 175
 176 178 179 178 179 179 180 180 180 181 180 180 180 180 180 181 182 181
 181 181 181 180 179 179 180 180 179 179 179 179 181 181 181 181 181 181
 181 181 181 181 181 182 183 183 183 183 185 185 185 185 186 186 187 187
 187 188 188 188 188 188 189 190 192 192 192 192 193 194 194 193 193 193
 193 194 194 193 193 193 194 195 195 195 194 194 194 194 195 194 193 193
 194 194 193 193 192 193 193 194 195 194 194 194 192 192 192 193 193 193
 192 192 189 188 188 187 187 188 188 187 188 187 187 187 187 187 187 186
 188 187 185 186 187 188 188 186 187 187 188 188 188 188 188 188 189 188
 188 188 189 190 190 189 189 188 188 190 191 191 192 192 192 191 190 191
 191 191 188 185 186 186 187 188 188 189 188 188 188 188 188 188 188 189
 184  29]","[ 28  30 176 178 176 175 175 175 176 176 176 176 176 176 176 175 175 175
 176 178 178 178 178 179 180 180 180 181 181 181 180 179 180 180 181 180
 181 181 180 179 179 179 179 179 179 179 179 180 180 180 181 182 182 182
 181 181 181 180 181 182 183 183 183 183 183 183 183 184 186 186 186 186
 186 187 188 188 188 188 189 190 191 191 191 191 192 193 193 193 193 193
 193 194 193 192 192 193 194 194 195 195 195 195 194 194 194 194 193 193
 194 194 194 193 190 191 192 193 194 194 194 193 192 192 192 193 193 193
 192 192 190 189 188 187 188 188 188 188 188 187 186 187 187 187 186 185
 187 187 186 187 187 187 187 187 187 187 187 187 187 188 188 188 189 189
 189 189 189 189 189 189 188 187 188 190 191 191 191 192 190 190 190 190
 191 190 188 186 187 187 187 188 188 188 188 188 188 188 188 188 188 189
 185  29]","[ 29  30 175 176 176 176 175 175 176 177 177 177 177 178 177 175 176 175
 176 178 179 178 178 179 179 179 179 180 181 181 180 179 180 180 180 180
 180 181 180 179 178 179 179 179 179 179 180 181 180 181 181 182 182 182
 181 181 181 180 180 181 182 182 182 182 182 182 182 184 186 187 187 186
 186 187 188 188 188 188 189 190 191 190 189 190 191 192 192 192 193 193
 194 194 193 192 192 194 194 194 194 195 195 195 195 195 195 194 193 193
 194 194 193 192 188 189 191 192 193 193 193 192 193 193 193 193 192 192
 192 192 190 189 188 187 188 188 189 189 188 187 186 186 187 187 186 185
 186 187 188 188 187 187 188 188 188 187 186 186 187 188 188 188 190 190
 190 190 190 190 189 189 189 188 188 190 191 191 191 191 190 190 189 189
 188 188 188 188 188 188 188 188 187 187 187 188 188 189 188 188 188 189
 185  29]","[ 29  29 174 176 175 175 175 176 175 175 175 175 176 176 175 175 175 176
 177 177 177 176 176 176 179 179 179 178 179 181 181 180 180 180 180 180
 179 179 179 179 179 179 179 179 180 180 180 180 181 181 181 181 181 180
 181 181 181 182 182 183 183 183 182 182 182 182 183 183 184 184 184 186
 185 186 187 188 188 188 189 189 189 190 190 190 191 192 192 192 193 194
 194 194 193 193 193 193 194 193 193 194 195 195 194 193 193 193 193 193
 193 193 192 191 190 190 191 193 193 192 192 193 192 192 192 191 190 190
 190 191 189 191 189 187 189 189 188 190 187 187 187 186 188 187 183 186
 188 184 186 186 186 189 187 187 188 186 185 187 187 186 186 187 187 188
 189 190 189 189 188 189 188 188 188 188 190 190 191 191 190 190 189 189
 188 188 189 189 188 188 188 188 188 188 188 188 188 189 188 188 187 187
 184  30]","[ 29  29 174 176 175 175 175 175 176 176 176 176 176 175 175 175 175 176
 176 176 176 176 176 176 179 180 180 179 179 180 180 180 180 180 180 180
 179 179 179 179 179 179 179 179 180 180 180 180 181 181 181 180 180 180
 180 180 180 181 181 182 182 182 182 181 181 182 182 183 183 182 182 183
 183 183 184 185 186 187 187 188 188 188 188 189 189 190 191 191 193 194
 194 194 193 193 193 193 194 193 193 194 194 194 194 193 194 193 192 193
 194 193 192 190 189 189 191 192 192 191 191 192 191 191 191 190 189 189
 189 189 189 188 186 187 190 189 187 187 189 185 188 188 184 187 190 185
 182 182 187 188 187 187 185 185 181 184 186 186 186 187 188 188 186 187
 188 188 188 188 187 187 186 187 187 188 189 189 189 188 188 188 188 188
 188 188 188 188 188 188 188 188 188 188 187 187 188 188 188 188 187 187
 184  29]","[ 29  29 174 175 174 174 174 174 175 175 175 176 175 174 174 174 176 176
 176 175 175 175 176 176 179 180 180 179 179 180 181 180 179 179 179 179
 179 179 179 179 179 179 179 179 180 180 180 181 182 181 181 180 180 180
 180 180 181 181 181 181 182 182 182 182 181 181 182 183 182 181 181 182
 183 183 184 185 186 187 187 187 188 188 188 188 189 189 190 190 193 193
 193 193 193 193 193 192 194 193 193 193 193 193 193 193 195 193 192 193
 195 194 192 189 189 190 191 192 192 191 191 191 191 191 191 190 189 189
 189 189 187 188 189 188 185 186 188 189 186 186 186 189 187 182 182 187
 180 182 181 181 187 187 182 187 186 187 187 185 184 184 185 186 186 187
 188 188 188 187 187 187 186 187 188 189 189 189 188 187 187 187 187 187
 187 187 187 187 187 187 187 187 187 187 187 187 188 188 188 188 187 187
 184  29]","[ 29  29 173 175 173 173 173 174 174 174 175 175 174 174 174 175 176 175
 175 174 173 174 176 177 178 179 179 179 180 180 181 181 179 179 179 179
 179 179 179 179 180 179 179 179 179 180 181 181 182 181 181 180 180 181
 181 181 181 181 181 181 181 181 181 181 180 180 181 182 182 181 182 183
 185 184 185 185 187 187 187 187 187 187 188 188 189 189 190 190 192 192
 192 192 193 194 193 193 194 194 194 193 193 193 193 193 194 193 192 193
 194 194 192 189 189 190 191 192 192 191 190 190 190 190 190 189 189 189
 189 189 190 185 187 189 186 183 186 187 186 190 188 186 186 181 181 188
 194 189 187 186 186 186 184 186 184 181 180 183 186 187 187 188 186 187
 187 188 188 188 187 187 188 188 189 189 190 189 188 187 187 187 187 187
 187 187 187 186 187 187 187 187 187 187 187 187 187 188 188 188 187 187
 183  29]","[ 29  29 173 174 173 173 173 173 175 175 175 175 175 174 175 176 175 174
 173 173 173 174 176 177 178 178 179 179 179 179 180 180 180 180 180 180
 180 180 180 180 180 179 179 179 179 180 181 181 181 180 180 180 179 180
 180 181 180 180 180 179 179 179 179 179 179 179 180 180 180 181 181 183
 185 184 184 185 186 187 187 187 187 187 187 187 188 188 189 189 191 190
 191 192 193 194 194 193 194 194 194 193 193 193 193 193 193 193 193 193
 193 192 190 189 188 189 190 191 190 190 189 189 189 188 188 188 189 189
 188 188 188 185 187 187 180 179 190 199 198 195 185 177 185 212 237 236
 227 206 198 193 186 187 186 178 179 179 180 182 185 187 187 185 186 186
 186 187 187 187 187 186 188 188 188 188 189 188 188 187 187 187 187 187
 187 187 186 186 187 187 187 187 187 187 187 187 187 188 188 188 187 187
 184  29]","[ 29  29 173 174 173 173 173 173 176 175 175 175 174 174 174 175 175 175
 174 174 174 175 177 178 179 178 178 179 179 179 179 179 179 179 179 179
 179 179 179 179 179 179 179 179 179 180 180 180 180 180 180 179 179 179
 179 180 180 180 180 180 180 179 179 179 180 180 180 180 180 180 181 182
 183 183 183 184 185 186 187 187 187 187 187 187 188 188 189 189 189 189
 190 191 192 193 193 193 193 193 193 193 193 193 193 193 193 194 194 193
 191 189 188 188 188 190 190 190 190 190 190 189 189 188 188 188 189 190
 189 187 185 190 187 178 183 206 229 236 229 227 214 211 222 238 242 226
 221 215 206 196 190 182 176 181 185 189 187 181 180 185 188 186 186 186
 186 187 187 188 187 187 189 188 188 188 188 188 187 187 187 187 187 187
 187 186 185 185 187 187 187 187 187 187 187 187 187 188 188 188 187 187
 183  29]","[ 29  29 173 174 172 172 173 173 174 174 174 174 175 174 173 174 176 176
 176 175 175 176 177 178 178 176 176 178 180 179 179 179 179 179 179 179
 179 178 178 178 179 179 179 179 179 179 179 179 180 180 180 179 177 177
 178 179 180 179 179 179 179 180 180 180 180 180 180 180 180 179 180 181
 182 182 182 183 184 184 185 186 186 187 187 187 187 188 188 188 188 188
 189 190 190 191 191 192 192 192 193 193 194 194 193 192 192 193 193 192
 190 189 188 189 189 190 190 189 189 190 190 190 190 189 188 189 190 190
 188 187 186 185 180 185 212 239 242 229 224 225 213 218 230 223 204 184
 175 189 194 188 183 177 183 208 231 227 217 203 192 188 186 186 186 186
 186 187 188 188 188 188 189 188 188 187 188 188 187 187 187 187 188 188
 187 187 186 185 187 187 187 187 188 187 187 187 187 187 187 188 187 187
 183  29]","[ 30  29 173 174 172 172 172 173 173 173 174 175 176 175 174 174 176 176
 176 175 175 175 176 176 176 175 175 177 180 181 180 180 180 180 180 180
 180 179 179 179 179 179 179 179 179 179 179 179 179 180 179 178 175 174
 176 177 177 177 176 176 177 178 179 180 179 179 179 180 179 179 179 179
 181 181 182 182 182 182 183 184 185 185 185 186 186 187 187 187 187 188
 189 189 189 189 190 190 192 192 192 193 194 194 193 191 191 192 192 192
 190 190 189 190 189 190 190 188 188 189 190 190 190 189 188 188 189 189
 187 185 182 176 183 211 232 220 190 171 162 166 171 190 203 202 189 163
 163 152 153 156 161 186 219 239 240 229 219 212 202 190 185 186 185 185
 185 186 187 188 188 187 188 187 187 187 187 187 187 187 187 187 188 188
 188 188 187 186 186 187 187 187 188 187 187 187 186 187 187 188 187 187
 184  29]","[ 31  30 171 171 169 168 169 171 171 172 173 173 174 175 175 174 176 175
 174 175 176 176 176 177 177 176 176 177 178 179 179 178 181 179 179 179
 179 179 179 179 179 179 179 179 178 178 179 180 180 180 181 180 178 176
 175 175 176 176 175 175 176 178 178 177 177 178 179 179 178 178 179 179
 180 181 181 181 181 181 183 184 184 184 184 185 187 187 187 186 187 187
 188 189 189 189 190 190 192 193 193 193 194 194 193 192 192 192 193 192
 191 190 189 189 190 188 188 190 191 189 188 188 188 190 186 185 188 188
 186 185 179 181 201 221 215 186 153 139 130 133 158 170 190 194 183 163
 152 133 131 138 150 202 233 230 215 195 190 190 187 181 188 187 184 185
 186 188 188 187 187 188 189 188 187 186 186 187 187 187 187 187 188 187
 187 187 188 188 187 187 187 187 187 188 187 186 187 187 187 189 188 187
 184  28]","[ 30  29 171 169 165 162 163 166 170 171 172 173 174 175 175 175 175 174
 174 175 176 176 176 177 176 175 175 175 176 177 178 179 180 178 177 178
 179 179 178 178 181 181 181 180 180 181 181 182 181 180 180 180 179 178
 177 177 175 175 174 174 176 178 177 175 174 175 177 177 176 176 177 178
 180 180 181 181 180 181 182 183 182 183 184 185 186 187 187 187 187 187
 188 188 189 190 190 191 192 193 193 194 194 194 193 192 191 192 192 191
 190 189 188 188 189 188 188 189 189 190 190 190 188 188 185 188 189 186
 184 182 180 194 210 219 203 179 145 129 130 154 194 213 213 202 192 165
 152 137 131 132 149 202 228 219 199 182 167 159 156 158 180 182 185 185
 186 187 187 187 186 187 188 187 186 186 186 187 187 187 187 187 186 186
 187 188 188 188 188 188 187 186 187 187 187 187 188 188 188 189 188 188
 184  29]","[ 29  29 171 167 161 157 157 162 168 170 172 173 174 174 174 174 174 174
 174 175 175 175 175 176 176 176 175 175 176 177 178 180 179 177 176 177
 178 178 177 176 179 179 178 178 179 179 179 179 181 180 179 179 180 180
 179 178 176 176 176 176 177 178 177 175 173 175 177 177 175 175 175 176
 179 180 180 180 180 180 181 182 181 183 185 186 185 185 185 186 187 187
 187 188 188 189 190 190 191 192 193 193 194 194 192 191 190 191 191 191
 190 189 189 188 187 189 189 189 189 189 188 187 185 187 189 189 183 180
 191 201 212 222 223 219 202 185 154 140 162 225 245 243 248 246 229 195
 167 153 138 135 158 207 229 224 209 196 178 155 139 137 169 176 183 183
 183 185 186 186 186 187 186 186 185 185 186 187 187 187 187 186 185 186
 187 188 188 187 188 188 187 186 186 187 188 188 188 187 187 188 187 187
 184  29]","[ 29  30 171 168 162 157 158 162 168 169 171 172 172 173 173 173 174 174
 175 175 175 175 175 176 176 176 176 176 176 176 178 179 178 177 176 176
 177 177 176 176 179 178 178 178 179 179 179 179 179 179 178 179 179 179
 179 179 178 178 178 179 179 178 177 176 175 177 178 178 176 175 175 176
 179 180 180 180 180 180 181 182 182 184 186 186 185 184 184 184 187 187
 187 187 187 187 188 188 190 191 192 192 193 193 191 190 189 191 191 191
 190 190 190 190 187 189 189 188 188 189 188 185 191 186 182 184 187 202
 226 239 239 235 225 216 206 190 165 157 194 231 241 245 247 248 249 245
 228 222 211 207 220 242 249 248 241 227 209 173 142 128 157 176 182 182
 182 184 185 185 185 186 185 184 184 184 185 186 186 187 187 186 186 186
 187 187 187 186 187 188 188 187 186 187 188 188 188 187 186 187 186 186
 184  29]","[ 29  29 171 168 165 162 162 165 168 170 172 172 172 172 172 172 174 174
 175 175 175 174 175 176 175 175 176 176 175 175 176 177 176 176 177 177
 176 175 176 177 177 177 177 177 177 178 178 177 178 178 179 179 179 179
 179 179 178 179 180 180 178 177 176 176 177 178 179 179 178 176 176 176
 179 179 180 180 180 180 181 181 181 183 185 185 184 183 183 184 187 187
 187 186 187 187 187 188 189 190 191 191 192 192 190 189 189 190 191 190
 190 190 190 190 188 188 187 185 187 189 189 187 185 182 184 200 219 234
 236 224 202 195 191 190 197 186 172 169 187 194 185 187 206 232 242 249
 249 251 251 249 251 250 247 245 239 213 198 166 141 125 142 173 185 185
 184 185 185 184 183 182 183 182 182 183 184 185 185 185 185 186 187 187
 187 186 186 186 187 188 188 187 186 187 187 187 188 187 186 187 186 187
 184  29]","[ 29  28 169 168 167 166 165 167 170 171 172 172 171 172 172 172 173 173
 174 175 175 174 174 174 174 175 176 176 176 175 175 175 175 176 177 177
 175 174 175 177 176 176 175 176 176 176 176 176 177 178 179 179 179 179
 179 180 179 179 180 179 178 176 176 177 177 178 179 179 179 178 178 178
 178 179 179 180 180 180 180 180 180 182 183 184 184 183 184 184 186 186
 186 186 187 187 188 188 189 189 190 190 190 191 190 189 188 189 189 189
 188 188 188 188 187 187 187 187 188 188 186 183 180 198 218 234 236 220
 190 158 129 123 127 134 160 166 162 156 159 148 127 123 140 158 172 210
 242 247 249 246 248 242 229 211 179 152 146 141 138 126 123 153 184 184
 184 184 184 182 181 181 181 181 181 182 183 184 184 184 183 184 186 187
 186 186 187 187 186 187 187 186 186 186 187 186 187 186 186 187 186 186
 184  29]","[ 29  28 169 168 167 166 166 167 170 171 172 171 170 171 172 172 172 172
 172 173 174 173 173 173 174 174 174 175 176 176 175 175 175 176 176 176
 175 174 175 176 177 177 178 178 178 178 178 178 176 177 178 179 180 180
 180 180 180 179 178 179 178 177 177 178 177 177 178 178 178 178 178 178
 177 178 178 179 179 180 180 180 180 181 181 182 183 183 184 184 184 184
 185 186 186 186 186 186 187 187 188 188 188 189 189 188 187 188 188 187
 187 187 187 187 186 187 188 189 189 187 185 184 202 221 232 228 209 179
 144 116  99  91  92  97 123 139 141 132 127 101  92  96 106 127 149 175
 208 213 213 207 205 194 175 145 114  98 100 118 132 124 112 140 180 181
 182 183 183 182 181 181 181 181 181 182 183 183 184 183 183 184 184 185
 186 186 187 187 187 187 186 185 185 186 186 186 186 185 185 186 186 186
 184  28]","[ 30  28 169 168 167 166 165 167 169 170 170 170 169 170 171 172 171 171
 171 172 173 173 172 172 172 172 172 173 174 175 174 174 175 175 175 175
 175 174 174 175 175 176 177 177 176 176 176 177 175 176 177 178 180 180
 180 179 180 177 176 177 178 178 178 178 176 176 176 176 176 177 176 176
 177 177 178 178 179 179 179 179 181 180 180 181 182 183 183 183 183 184
 184 185 185 185 184 184 185 186 186 185 186 187 187 187 186 187 187 187
 186 187 187 187 189 187 187 187 187 187 190 194 220 218 203 189 179 159
 130 105  89  83  81  81  95 112 115 110  89  82  80  83  94 108 124 145
 150 154 155 146 138 128 122 102  85  78  79 103 121 118 112 145 180 181
 183 184 183 181 180 180 180 180 181 181 183 183 183 183 185 184 183 184
 185 186 186 186 187 186 185 184 185 186 186 186 186 186 186 187 187 187
 184  29]","[ 29  28 169 165 166 166 164 166 166 167 168 168 168 168 169 171 171 170
 169 170 171 172 172 173 169 172 172 171 173 173 172 173 173 173 172 172
 173 174 174 173 175 176 175 174 174 175 175 175 176 176 176 176 176 177
 177 178 178 176 176 177 177 179 180 179 175 174 175 177 177 176 176 177
 174 174 175 176 176 175 174 175 175 178 179 179 180 179 179 179 182 181
 181 181 182 181 181 182 183 185 185 188 185 186 185 188 186 186 187 187
 187 187 186 186 186 187 187 189 191 184 196 212 203 177 152 157 152 133
 117  93  86  83  83  77  75  90  95  87  72  64  57  64  68  64  68  70
  72  84  92  90  87  88  86  81  78  73  76  86 106 118 121 155 182 186
 184 182 180 182 181 180 180 182 182 182 182 182 183 184 183 183 183 184
 184 183 183 184 184 186 186 185 184 185 185 185 185 187 186 185 186 187
 184  29]","[ 31  30 165 166 165 164 165 165 167 166 166 166 166 166 167 168 172 171
 172 173 172 171 170 170 170 172 172 172 172 170 170 173 171 171 170 170
 171 171 171 171 171 173 174 174 174 175 176 177 176 176 176 176 176 176
 177 178 177 175 176 177 177 177 177 174 175 174 174 176 179 179 176 174
 175 174 173 174 174 173 173 174 177 177 175 175 179 180 180 180 178 178
 179 179 180 180 182 183 184 185 184 187 184 185 184 185 186 186 187 187
 188 188 189 189 187 187 189 188 190 192 203 205 175 143 129 139 141 128
 112  97  89  83  81  75  71  80  84  79  66  58  52  56  59  56  59  63
  60  66  72  75  78  82  82  80  77  74  75  80  98 117 128 164 178 184
 182 183 181 183 182 182 182 182 183 183 182 181 181 182 183 182 182 183
 183 183 182 182 183 184 184 183 183 183 183 182 183 184 182 182 183 184
 182  29]","[ 30  28 161 165 164 163 165 164 164 164 165 166 167 167 167 168 166 168
 171 172 171 169 170 172 168 168 168 169 170 170 170 172 171 171 171 171
 170 170 170 170 171 172 173 173 172 172 173 174 175 175 175 175 175 176
 176 177 176 175 176 177 177 178 178 176 176 174 173 174 175 176 175 174
 175 173 172 173 172 172 172 173 173 176 177 177 179 178 177 178 179 180
 180 179 179 180 182 182 184 184 183 186 185 186 184 184 186 186 186 186
 186 187 187 187 185 185 188 185 188 199 208 195 159 124 120 132 135 125
 104  97  92  83  80  74  67  70  72  71  64  55  51  51  52  51  53  59
  62  64  66  69  71  73  74  74  72  73  75  75  89 109 125 164 177 184
 182 183 183 183 182 184 185 185 185 185 184 183 182 182 183 182 182 183
 184 184 183 181 184 184 184 183 183 183 182 181 182 183 182 182 183 184
 183  30]","[ 30  29 164 164 164 163 163 160 163 164 165 166 166 165 165 166 166 166
 166 167 167 167 168 170 168 168 167 167 170 172 171 171 170 170 171 170
 169 169 169 169 171 171 172 173 173 173 173 173 173 174 174 174 174 174
 174 175 177 176 176 175 173 173 174 174 172 172 172 174 175 174 174 176
 173 172 171 172 173 172 171 172 171 174 177 179 181 180 179 181 179 180
 180 178 178 179 180 180 180 181 180 183 182 183 181 182 184 184 183 183
 183 184 185 185 184 183 183 184 196 209 209 186 144 111 109 124 128 119
 102  98  92  83  80  74  66  66  67  67  59  51  48  44  43  45  45  53
  59  61  64  65  65  66  68  69  72  75  78  78  84  99 119 160 174 183
 179 182 182 182 183 184 184 184 184 184 184 183 183 182 180 180 180 182
 183 183 182 181 183 183 183 182 181 180 180 179 179 181 182 183 184 184
 182  29]","[ 28  28 165 159 164 165 164 162 160 161 163 164 165 166 168 171 167 164
 161 163 167 169 168 167 165 169 168 165 167 170 170 169 169 170 171 171
 171 171 171 171 170 169 169 170 171 170 168 167 171 172 173 174 174 173
 173 173 175 175 176 175 173 173 175 175 172 171 172 175 176 172 170 171
 173 171 171 172 173 172 172 173 175 173 171 173 178 179 177 177 178 178
 178 178 178 179 179 178 180 181 180 183 181 182 180 182 181 180 179 180
 181 182 183 184 182 180 181 191 211 217 202 174 136 108 104 119 121 110
 100  95  87  82  80  73  65  65  65  65  57  49  45  39  37  39  39  45
  50  52  54  54  57  62  66  67  72  73  77  80  81  88 108 152 169 181
 176 179 181 181 182 184 184 183 183 183 184 184 183 183 181 181 181 183
 183 182 182 182 183 183 183 182 180 179 179 180 179 181 182 184 184 183
 181  29]","[ 29  31 158 152 159 160 159 159 153 153 153 154 155 158 162 166 165 165
 166 166 166 165 165 166 162 168 170 167 166 168 170 172 171 171 172 173
 174 174 174 175 168 167 167 170 173 172 170 169 169 170 172 173 173 173
 173 174 173 173 175 176 174 173 174 173 173 169 167 171 174 174 174 175
 175 173 172 172 173 173 174 175 176 176 175 177 181 180 178 179 180 180
 179 180 181 180 179 180 178 179 179 181 179 180 178 179 181 180 180 180
 180 181 180 180 184 186 190 199 208 197 175 148 127 104  98 116 118 104
  96  88  84  82  79  71  64  64  63  62  58  52  45  38  35  36  37  39
  41  41  40  41  48  58  64  65  68  70  76  81  78  78  92 129 161 180
 176 179 180 179 181 182 183 182 182 182 182 183 183 182 181 181 182 182
 182 181 181 182 183 182 182 182 180 179 179 180 180 182 182 183 183 181
 180  29]","[ 27  28 131 128 131 127 127 129 130 128 125 123 123 124 125 127 131 134
 135 133 128 125 126 129 131 134 135 135 136 137 137 139 143 143 144 145
 146 146 146 145 149 148 151 157 161 162 161 161 162 162 163 164 164 165
 165 166 168 166 165 165 163 161 160 157 152 152 151 152 156 161 166 168
 169 167 167 168 169 169 168 168 158 161 165 168 170 168 169 173 175 174
 174 176 175 173 173 176 178 178 178 182 181 183 181 182 182 182 182 183
 183 181 179 177 177 180 188 192 189 176 161 138 117  91  84 103 108  97
  91  85  82  79  76  68  62  60  58  59  56  51  41  35  33  32  33  31
  29  26  25  30  40  50  59  64  68  73  78  81  78  77  82 105 147 173
 176 179 181 179 181 181 181 181 181 181 182 182 182 182 181 180 179 179
 179 179 179 179 180 179 179 181 181 180 179 179 179 180 181 182 181 180
 178  28]","[ 29  31 115 119 118 113 114 118 118 116 114 114 115 115 115 114 114 114
 115 116 117 118 120 121 122 118 115 118 123 121 117 117 118 118 118 118
 118 118 117 116 117 117 119 123 125 124 122 123 124 124 124 124 124 124
 125 126 128 125 123 124 125 127 126 124 123 129 132 128 125 128 131 131
 130 130 131 134 135 132 130 128 129 130 130 131 131 130 131 135 133 132
 134 137 135 133 136 141 137 138 138 143 144 148 147 147 154 155 156 158
 159 157 154 151 153 153 166 176 179 184 184 162 138 102  86  96  97  87
  82  81  80  76  72  65  59  56  53  56  54  50  38  33  31  30  32  27
  26  23  24  29  36  43  52  61  68  74  76  76  74  77  79  94 130 163
 172 178 181 180 183 184 185 186 187 187 188 188 188 188 185 183 182 182
 183 184 183 183 183 181 181 184 186 186 184 182 181 183 185 188 187 184
 182  31]","[ 29  28 120 120 119 117 117 118 119 118 117 116 116 118 120 122 119 118
 118 121 122 120 121 123 123 122 122 121 122 122 121 121 119 120 121 122
 122 122 121 121 121 121 120 119 122 125 125 123 124 124 125 125 124 123
 123 124 124 123 123 124 127 128 127 125 123 124 125 124 123 124 127 130
 128 127 128 130 131 129 129 130 129 130 131 131 132 132 132 132 131 131
 131 130 129 130 133 135 133 132 131 130 131 132 132 132 130 131 131 130
 129 128 127 127 129 136 153 165 179 181 188 178 156 112  90  95  94  85
  81  80  74  74  71  66  54  51  45  49  48  42  33  27  28  30  28  24
  24  23  22  26  33  39  49  60  65  68  71  75  76  74  78  86 114 140
 145 142 144 143 144 144 144 146 148 151 154 155 155 154 154 154 153 155
 161 169 172 171 172 171 167 164 163 165 168 169 164 168 166 170 170 172
 169  30]","[ 30  29 121 121 119 117 117 118 118 117 116 116 116 117 120 121 120 119
 119 120 121 120 121 122 121 121 122 122 123 122 121 120 118 119 120 121
 122 122 122 122 122 123 122 121 122 125 125 123 123 123 124 124 123 122
 123 124 125 125 125 125 126 126 126 126 124 125 127 127 128 128 129 130
 130 129 130 131 132 130 130 131 130 131 132 132 133 133 132 132 131 132
 132 131 131 132 133 135 135 134 133 133 133 133 133 134 135 135 135 134
 134 133 133 134 132 137 159 171 186 189 185 170 143 107  86  88  86  81
  78  74  74  72  67  58  47  43  41  45  37  34  29  25  24  25  25  24
  21  21  21  25  31  37  47  57  58  65  71  75  78  79  81  85  99 125
 138 139 135 131 133 135 137 137 137 137 136 135 134 133 135 135 134 133
 133 133 132 131 131 133 134 135 136 137 135 133 138 133 130 135 131 129
 137  26]","[ 30  29 121 120 119 117 117 118 118 118 117 117 117 118 119 120 121 121
 120 120 121 121 122 122 121 122 122 123 123 122 120 119 118 119 120 121
 122 122 122 122 122 123 123 122 122 123 124 123 123 123 123 123 122 122
 123 124 126 126 126 126 125 125 126 127 126 126 127 129 130 131 130 130
 131 130 130 131 131 129 129 130 130 131 132 133 133 133 132 132 130 131
 132 132 133 133 133 133 136 135 135 134 133 133 133 134 134 134 133 132
 132 132 133 134 130 139 167 175 181 181 168 147 116  91  80  82  78  73
  72  70  66  62  58  47  39  35  34  35  36  27  20  20  24  25  21  19
  19  25  30  33  35  37  43  50  56  65  72  75  78  80  79  78  83 105
 128 139 136 132 135 137 138 138 138 138 139 139 139 139 138 138 138 139
 138 135 136 137 138 138 138 140 142 142 140 137 137 135 136 139 138 135
 138  30]","[ 29  29 120 119 118 117 118 119 120 120 120 119 119 119 119 120 121 122
 121 121 121 122 122 122 123 122 122 122 121 121 120 120 120 121 121 122
 122 122 122 121 121 123 123 122 122 123 124 124 124 124 124 124 123 122
 123 124 126 126 126 126 125 125 127 128 128 127 126 126 127 129 129 129
 130 130 130 130 130 128 128 128 130 130 131 132 132 132 131 131 130 130
 131 133 134 134 134 133 134 134 134 133 133 132 133 133 134 133 132 131
 131 131 132 132 129 147 174 178 177 174 159 130 103  78  67  71  66  59
  59  60  55  48  44  34  34  31  29  28  21  22  25  25  21  19  27  37
  51  59  65  64  59  55  56  61  64  72  76  77  78  77  73  70  68  82
 108 129 134 135 139 137 137 137 137 137 137 138 138 139 138 138 137 136
 134 134 137 140 140 139 137 137 138 139 138 137 139 140 140 136 139 143
 139  27]","[ 29  29 120 118 117 117 120 120 121 121 121 121 120 120 120 121 122 122
 122 121 121 121 121 120 121 121 121 121 121 120 120 120 122 122 122 122
 122 122 122 121 121 123 124 123 122 123 124 125 124 124 125 125 123 122
 122 123 126 125 125 125 126 127 128 129 129 128 126 125 125 127 128 129
 129 130 131 131 130 128 128 128 129 130 131 131 131 131 131 131 131 131
 132 134 135 136 136 135 133 134 134 133 133 133 133 134 134 133 132 131
 131 131 131 131 131 155 173 176 173 169 157 122 106  79  61  61  60  56
  51  47  47  36  30  24  29  29  27  24  22  15  14  27  48  71  90 102
 107 109 105  97  90  85  84  86  78  81  81  80  79  75  70  68  64  69
  90 112 124 132 136 135 137 137 138 138 138 137 137 138 138 138 135 131
 129 132 135 136 138 137 138 139 139 139 139 138 138 136 138 135 138 140
 135  31]","[ 29  29 119 117 116 117 119 119 120 121 121 121 121 121 121 122 123 123
 123 122 121 120 119 118 118 119 121 122 122 120 119 119 121 122 122 122
 122 122 122 122 122 123 123 123 122 122 123 124 123 124 124 124 123 122
 122 122 125 125 124 125 126 128 129 129 129 129 128 128 127 127 128 128
 128 130 131 131 130 129 128 128 130 130 130 131 131 132 132 132 132 132
 132 134 135 136 136 136 132 132 133 133 133 133 133 133 133 132 131 130
 130 130 129 129 131 159 171 174 172 170 166 139 130 103  74  55  48  49
  47  42  37  27  23  23  28  28  24  22  15  26  47  75 101 119 126 128
 128 121 109 101  98  94  90  89  89  88  84  81  77  71  66  66  67  71
  84  99 115 130 136 138 135 136 137 137 138 138 138 138 137 138 136 133
 133 137 139 138 137 137 138 138 138 137 137 138 137 137 139 139 141 141
 136  31]","[ 29  28 119 117 117 117 118 117 120 121 121 122 121 121 122 122 123 121
 121 122 121 119 118 119 118 120 121 122 122 120 119 118 120 120 121 121
 122 122 122 122 122 122 122 122 122 121 122 122 123 123 123 123 122 121
 122 123 125 125 125 125 126 127 128 129 129 129 129 130 130 129 129 128
 128 129 130 130 129 129 129 129 130 130 130 130 131 132 133 133 131 131
 132 132 133 134 134 134 132 132 132 132 132 132 132 131 133 132 131 131
 131 131 131 131 133 159 170 175 177 180 183 171 164 139 104  72  51  45
  45  43  31  24  23  26  27  27  25  30  40  64  96 122 137 143 142 139
 131 122 110 105 104  99  92  90  89  87  82  78  74  68  63  64  66  72
  79  88 111 131 135 139 138 138 139 138 138 137 137 137 138 138 137 136
 136 137 137 136 141 140 140 140 139 138 138 140 139 139 138 135 136 139
 138  28]","[ 29  29 119 117 118 119 119 117 121 122 122 122 121 121 122 122 122 120
 119 121 121 119 119 121 121 122 123 122 121 120 119 119 120 120 120 120
 121 121 121 121 123 122 121 122 122 122 122 122 123 123 123 123 122 122
 123 124 125 126 126 126 126 126 127 129 129 129 129 129 130 130 129 128
 128 129 131 130 129 129 130 130 130 130 130 130 131 132 133 133 131 131
 131 132 132 132 132 132 132 132 132 132 132 132 131 131 131 130 129 129
 130 131 131 131 137 154 162 166 172 178 177 174 174 158 136 114  90  68
  53  43  33  27  24  26  22  25  30  44  79 102 126 139 142 143 140 136
 129 121 111 105 101  94  88  88  83  82  79  75  72  69  65  65  64  72
  76  83 111 133 134 136 135 136 137 137 137 137 138 139 139 138 138 139
 138 137 137 138 137 137 138 141 141 139 137 137 138 138 139 139 138 137
 138  29]","[ 28  29 117 116 118 118 120 119 120 121 122 121 120 121 122 122 121 119
 117 116 116 116 117 118 121 121 121 121 121 120 119 119 121 121 121 120
 121 121 121 120 121 123 123 122 121 122 122 122 123 123 123 123 123 123
 123 123 125 125 125 126 126 127 128 128 127 127 128 129 130 129 127 127
 127 130 129 128 129 130 130 130 129 130 130 130 130 131 132 132 131 132
 132 132 132 131 131 131 131 131 131 131 132 133 132 131 131 130 129 129
 130 130 131 131 139 147 155 159 164 171 174 173 174 168 153 146 141 115
  83  64  52  47  37  33  36  42  61  86 113 130 139 140 140 141 138 131
 125 116 108 100  94  89  85  81  80  78  75  73  73  74  73  71  70  76
  76  88 118 135 135 136 135 136 136 136 136 137 138 139 138 137 138 138
 138 137 136 137 137 137 138 139 139 138 138 137 138 139 138 138 138 137
 137  29]","[ 29  29 117 115 117 116 119 118 117 118 119 119 120 122 122 121 121 119
 117 116 116 117 117 118 120 119 119 119 119 119 119 119 121 121 122 121
 122 122 121 119 120 122 123 122 122 123 124 124 123 123 123 123 123 123
 123 124 126 126 126 126 126 126 128 129 128 127 127 128 128 127 126 126
 128 130 129 128 130 130 129 129 129 130 130 130 130 131 131 131 131 131
 132 132 131 131 131 131 131 130 130 130 131 132 132 131 131 130 129 130
 130 130 130 131 134 141 147 151 155 162 169 173 172 171 171 168 155 129
 101  85  71  56  42  44  57  73  95 117 134 141 142 142 143 140 133 123
 118 111 103  94  87  83  80  76  76  76  74  73  73  75  75  76  77  76
  81  99 123 135 136 136 136 136 137 137 136 137 137 138 138 137 137 138
 138 136 136 137 138 138 138 138 138 138 138 138 138 139 138 138 137 136
 137  29]","[ 29  29 116 114 115 115 118 117 116 116 117 118 119 120 120 119 119 118
 117 117 117 117 118 118 119 118 117 118 118 119 119 120 120 120 121 121
 121 121 120 118 119 121 122 122 122 123 123 124 123 123 123 122 122 122
 123 123 125 125 126 125 124 124 126 128 127 126 126 127 127 127 127 127
 128 130 129 129 131 131 129 128 129 130 130 130 130 130 130 130 129 130
 131 131 130 130 130 130 130 130 130 130 130 131 131 131 131 130 130 130
 130 130 130 130 129 131 134 139 145 154 164 171 174 173 176 164 142 125
 113 110  87  69  60  72  90 106 124 138 139 140 137 137 135 128 122 115
 107 101  93  86  81  78  77  74  73  74  74  74  74  76  78  81  82  80
  95 117 128 133 137 136 137 137 137 137 137 137 137 137 137 137 137 137
 137 136 136 136 138 138 138 137 137 138 138 138 138 139 138 138 137 136
 137  29]","[ 29  29 116 114 115 115 117 117 117 117 117 117 117 117 117 116 117 116
 116 116 117 117 117 118 119 118 117 117 118 119 119 119 119 119 119 119
 119 120 119 118 120 121 122 122 122 122 122 123 123 122 122 122 122 122
 122 122 124 124 124 124 123 123 124 125 125 125 125 127 128 128 128 128
 128 129 128 128 130 130 128 128 129 130 130 130 130 130 130 129 128 128
 129 129 129 129 130 130 130 130 130 130 130 130 130 130 130 130 130 130
 130 130 129 128 126 122 121 127 138 149 160 167 172 177 175 144 121 122
 117 115  97  86  91 108 117 124 134 141 142 139 134 132 126 116 111 105
  98  90  84  81  78  76  76  76  74  75  77  77  77  78  81  85  85  92
 113 130 132 131 135 137 137 137 136 137 137 137 138 138 137 136 136 136
 136 136 136 136 137 137 138 138 138 138 137 137 137 138 138 137 137 136
 137  30]","[ 29  29 116 115 116 115 117 117 116 117 117 116 114 114 115 116 117 116
 116 116 117 117 116 117 116 116 116 117 118 118 118 119 120 120 119 118
 118 119 119 119 120 121 122 122 122 121 121 122 122 122 122 122 122 122
 122 122 124 124 123 123 124 124 123 123 123 123 124 126 127 128 127 128
 126 126 125 126 128 128 127 128 129 130 130 129 129 130 129 128 127 128
 129 129 129 130 130 130 130 130 130 130 130 129 129 128 130 130 130 129
 129 129 128 127 122 115 113 120 132 143 154 161 169 175 159 119 109 125
 120 112 107 105 116 129 128 128 135 140 139 134 128 124 117 108 102  94
  90  80  76  78  77  74  74  76  78  79  80  80  80  81  85  89  94 111
 128 133 133 131 133 137 136 135 135 135 136 138 138 139 136 135 135 135
 135 136 136 135 136 136 137 137 138 137 137 137 136 137 136 136 136 135
 136  29]","[ 29  29 116 115 116 115 117 116 114 115 115 114 113 112 114 117 118 117
 116 117 117 116 115 115 114 115 116 117 118 118 118 119 121 121 120 119
 119 120 120 119 119 120 121 123 122 121 122 123 123 123 123 122 122 122
 122 122 123 122 122 122 123 124 122 121 122 122 123 125 126 126 125 125
 124 125 125 125 127 127 126 128 129 129 129 129 129 129 129 128 127 128
 129 130 130 130 131 131 130 130 130 130 130 129 128 128 129 130 129 128
 127 128 127 125 116 112 110 116 125 135 145 153 165 153 126 102 107 119
 116 116 111 113 124 131 127 124 128 129 125 120 115 111 102  95  91  83
  80  71  69  74  76  74  75  77  80  80  81  82  82  84  90  97 111 127
 133 130 132 133 133 135 135 134 133 134 136 137 137 137 135 135 134 134
 135 136 136 136 135 134 134 134 134 135 136 137 136 137 136 136 136 136
 136  28]","[ 29  29 116 114 115 114 116 115 114 113 114 114 113 113 114 117 117 116
 115 116 116 115 115 115 114 115 116 117 116 116 116 117 118 119 119 119
 119 120 119 118 117 118 120 122 122 121 121 122 123 123 122 121 121 121
 122 122 122 121 121 122 122 122 122 121 122 122 122 123 124 124 123 123
 123 124 125 126 127 125 125 128 128 128 128 128 128 128 129 128 128 129
 129 130 130 129 130 130 130 129 129 129 130 130 129 128 128 129 128 126
 125 126 125 123 115 110 108 112 119 128 137 143 146 129 110 106 114 116
 114 116 112 117 126 127 121 118 117 113 112 106 101  98  88  81  80  74
  71  67  68  73  75  76  78  80  81  82  83  84  85  89 100 110 123 132
 132 128 131 133 132 133 134 133 132 133 135 136 135 134 133 133 133 133
 134 136 137 136 133 133 132 132 133 134 135 136 135 135 134 135 136 136
 137  29]","[ 29  29 115 113 113 113 115 115 115 114 114 115 115 114 114 115 115 114
 114 114 115 115 114 115 114 115 115 115 114 113 113 114 114 115 117 118
 119 119 118 117 116 117 119 121 121 119 119 121 123 122 120 119 119 120
 121 122 122 122 122 122 122 122 122 122 123 122 122 122 123 123 123 123
 121 123 124 125 125 123 123 126 128 128 128 127 127 128 128 128 128 128
 129 129 129 128 128 128 129 129 128 129 130 130 130 129 127 128 127 124
 124 125 124 121 117 110 104 108 117 126 132 135 128 122 113 109 110 116
 120 113 118 124 130 126 118 114 109 102  99  88  82  85  82  79  78  72
  69  69  72  74  75  78  80  80  82  84  86  87  88  95 109 122 128 130
 131 130 130 131 132 132 133 132 132 133 134 134 132 131 133 133 132 132
 134 136 137 136 132 132 133 134 134 135 135 135 132 132 131 132 135 136
 137  29]","[ 29  29 112 112 113 114 113 114 114 114 114 114 115 115 114 113 113 114
 115 115 115 114 114 114 114 114 114 114 114 114 115 115 115 115 115 115
 117 118 117 116 116 116 118 119 119 118 118 119 121 122 121 119 118 120
 121 120 122 122 121 121 121 122 122 122 123 123 123 123 122 122 123 123
 122 123 123 124 124 125 125 125 125 127 128 126 125 125 126 126 128 128
 128 128 128 128 128 128 128 128 128 128 128 128 128 127 125 126 126 126
 126 125 124 122 116 105 105 108 110 122 131 132 127 123 116 110 111 119
 120 114 122 122 122 117 109 103  96  89  84  80  76  74  73  73  74  74
  70  71  72  75  78  79  81  85  87  85  88  91  96 109 124 130 130 130
 131 131 131 131 131 131 132 132 132 133 133 132 131 131 132 133 134 134
 134 135 135 135 136 133 132 133 135 135 135 135 134 132 131 132 135 136
 135  30]","[ 29  29 112 112 112 113 112 113 114 114 114 113 113 113 113 112 114 114
 113 113 113 113 114 115 113 113 114 114 114 114 113 113 113 114 114 115
 117 118 117 116 116 116 117 117 117 117 117 118 119 120 120 117 117 118
 119 118 117 119 120 121 121 122 122 122 122 122 122 122 122 122 122 122
 122 122 123 124 124 124 124 123 124 126 127 126 124 125 126 126 126 126
 126 126 126 126 126 126 126 126 126 125 125 125 125 125 125 125 125 125
 125 125 124 122 116 108 102 103 117 134 135 132 123 119 113 107 108 115
 121 122 122 118 115 110 102  95  89  84  79  74  70  69  70  72  72  73
  73  73  72  76  81  84  84  85  87  84  87  96 109 125 132 129 131 131
 131 131 131 131 130 130 132 131 131 132 132 132 132 132 134 135 135 135
 134 134 134 135 135 134 132 132 133 135 135 135 135 133 133 132 135 136
 134  30]","[ 29  29 112 112 112 112 111 113 112 113 113 112 111 111 111 112 113 113
 112 112 111 111 112 113 112 113 114 115 114 113 113 113 112 113 115 115
 116 117 117 117 117 116 116 117 117 117 117 117 119 119 119 118 118 119
 119 117 117 119 121 121 121 121 121 120 123 122 121 121 122 123 123 122
 122 122 123 123 123 123 122 121 123 125 126 125 124 124 125 125 125 125
 125 126 126 125 125 125 125 126 125 124 123 124 124 124 125 125 125 124
 124 125 124 123 118 113 108 112 132 143 132 124 114 113 112 111 112 115
 119 121 121 115 110 105  97  89  83  79  74  69  65  65  68  70  72  72
  73  75  76  79  83  85  86  88  89  84  92 111 125 130 131 129 131 131
 131 131 131 131 130 130 132 131 131 131 131 131 132 133 134 135 135 135
 133 133 133 134 134 134 133 132 132 134 135 135 136 135 134 133 134 134
 133  29]","[ 29  29 112 110 110 110 109 111 111 112 112 111 110 110 111 111 110 111
 112 112 111 110 110 111 112 113 115 115 115 114 114 114 113 114 115 115
 115 116 117 117 117 117 117 117 118 117 117 117 118 118 118 118 119 120
 119 118 119 120 120 119 119 119 120 119 122 122 121 121 121 122 122 122
 122 122 123 123 123 122 122 121 122 123 124 124 123 123 123 124 125 125
 126 126 126 126 125 125 126 126 126 125 124 124 125 125 125 125 124 124
 124 125 124 124 122 117 117 124 137 134 117 109 107 107 106 105 108 112
 115 118 116 112 107 102  94  86  81  76  74  69  66  65  68  70  72  72
  74  77  80  83  85  86  86  88  86  92 108 124 129 127 127 130 130 130
 131 131 131 131 131 131 131 130 131 131 131 130 131 132 132 133 133 133
 133 133 133 133 133 135 135 132 131 133 135 134 135 134 134 133 133 133
 132  29]","[ 28  28 110 109 108 108 108 109 110 110 110 110 110 111 110 109 109 110
 111 111 111 111 111 112 112 112 113 114 114 114 114 114 114 115 115 114
 114 115 116 117 117 117 117 118 118 117 117 117 116 116 117 118 119 119
 119 118 118 117 117 117 119 120 120 118 121 121 121 120 119 119 120 121
 122 122 122 122 122 122 122 122 122 122 123 123 122 122 122 123 124 124
 125 125 125 125 125 124 125 126 126 125 124 124 124 124 125 125 124 123
 124 124 124 124 124 118 120 124 126 120 105  96  99 105 105 103 105 108
 110 112 110 110 107  99  90  86  81  75  73  71  69  68  69  71  73  75
  80  80  80  83  87  86  84  84  90 108 123 125 125 128 130 130 130 130
 130 131 131 131 130 130 130 130 131 132 131 130 130 130 131 131 131 132
 133 133 132 131 132 135 135 132 131 132 133 132 133 133 133 131 132 131
 131  29]","[ 29  28 110 109 109 109 108 109 110 110 110 110 110 110 109 107 110 110
 111 110 110 111 113 115 111 111 111 112 112 113 113 113 114 115 115 114
 114 115 116 116 115 115 116 117 117 116 116 116 115 115 116 117 118 118
 118 118 117 117 117 118 120 121 119 116 120 121 121 120 118 118 120 121
 122 122 122 122 122 122 123 123 122 121 121 122 122 122 122 123 124 124
 124 125 125 125 124 124 124 125 126 125 124 124 124 124 125 124 124 123
 123 124 124 123 123 120 122 121 120 116 103  91  95 104 106 101  99  98
  99 102 108 109 106  98  89  87  84  79  73  72  71  70  70  72  75  78
  82  82  82  84  84  82  84  90 110 122 126 124 125 130 131 129 130 130
 130 130 130 130 130 129 129 130 131 132 131 130 129 129 130 130 131 132
 133 133 131 130 131 132 132 131 131 132 131 130 132 132 132 131 131 131
 131  29]","[ 30  28 109 108 109 109 108 108 109 110 110 109 109 109 109 108 109 110
 110 109 109 109 112 114 111 110 110 110 111 112 112 111 113 114 114 114
 114 115 115 115 114 114 116 116 116 115 115 117 115 115 116 117 118 118
 118 118 117 118 118 119 120 120 119 116 119 120 120 120 119 119 121 122
 121 122 122 122 122 122 122 122 122 120 119 120 122 122 122 123 124 124
 124 124 124 124 125 125 124 125 126 125 124 124 124 124 124 124 124 123
 123 123 123 122 122 122 122 119 120 114  97  89  94  97  91  83  82  84
  89  97 103 103 102  96  89  88  86  81  73  72  72  71  72  73  77  81
  82  82  84  84  82  81  92 109 125 126 124 125 129 129 127 129 129 129
 130 130 130 130 129 129 130 130 130 131 131 130 129 129 129 131 132 133
 132 131 130 130 131 130 130 130 131 132 132 131 132 132 132 130 131 131
 132  29]","[ 29  27 108 107 108 108 107 107 108 109 109 108 108 108 109 109 108 109
 110 109 108 108 109 110 111 110 109 110 111 112 111 110 112 113 114 114
 114 115 114 114 113 114 116 116 115 114 115 117 115 116 116 117 117 117
 117 118 115 116 117 117 118 120 121 120 119 119 119 119 119 120 121 122
 121 121 122 122 122 122 121 121 122 119 118 120 122 122 123 124 124 124
 123 123 123 124 124 125 123 124 124 123 122 122 123 124 124 124 123 123
 123 123 122 121 121 121 117 114 116 103  86  88  89  86  78  74  80  83
  87  96  96  95  95  93  88  86  83  79  75  74  72  72  73  75  79  83
  84  83  82  84  85  88 104 125 123 125 124 124 129 129 127 129 128 128
 129 130 130 130 130 130 131 130 129 129 130 130 130 130 128 130 132 132
 131 130 130 131 132 129 128 130 132 133 133 133 132 132 132 131 131 132
 132  29]","[ 29  31 105 106 105 105 105 105 107 107 106 105 106 107 108 109 107 108
 108 108 107 107 109 110 112 111 111 111 110 109 109 112 112 112 112 113
 114 115 114 112 112 113 113 114 114 115 116 117 116 115 115 117 117 116
 116 117 116 117 117 117 117 119 120 120 118 118 117 117 119 120 120 120
 119 120 122 122 122 121 121 121 122 120 119 119 121 123 123 123 123 123
 122 122 123 124 123 122 123 124 124 122 122 124 124 122 121 121 121 121
 122 122 122 122 124 120 117 114 107  94  85  85  84  79  75  76  81  88
  93  96  95  96  93  88  84  82  81  78  76  76  75  76  77  79  81  81
  81  81  84  82  85 104 119 123 124 123 123 125 127 127 126 125 127 128
 129 130 129 129 129 129 129 129 130 131 130 129 129 129 131 131 132 131
 130 130 131 132 131 130 130 130 131 131 131 131 129 130 132 131 131 131
 131  28]","[ 29  30 104 106 105 105 106 106 107 106 106 105 105 105 106 107 107 107
 107 107 108 109 109 110 111 110 109 109 108 108 109 112 110 111 112 112
 114 114 113 112 113 114 114 114 114 113 114 114 114 113 114 116 117 115
 115 116 116 116 115 115 116 117 118 118 117 117 117 117 118 119 120 120
 119 119 120 121 121 120 119 119 121 121 121 121 122 123 123 123 122 122
 123 122 123 124 124 123 123 123 123 121 122 124 124 123 122 122 122 122
 122 123 122 122 122 121 117 111 103  93  86  84  78  76  75  78  84  90
  94  96  98  97  93  88  84  81  78  75  75  75  74  75  76  78  80  81
  81  80  81  87 101 115 122 123 124 123 124 125 126 126 127 127 128 128
 129 129 129 128 128 128 129 129 130 131 130 130 130 130 130 131 131 131
 130 129 130 131 131 130 129 130 131 131 130 131 130 130 131 130 131 131
 131  28]","[ 28  30 103 105 105 106 106 106 106 106 106 106 105 104 105 105 107 106
 106 106 108 109 109 109 109 108 108 108 108 108 109 111 109 109 110 110
 111 111 110 109 108 110 112 113 112 112 112 113 112 112 113 115 116 115
 115 115 115 115 114 114 115 117 117 117 117 117 117 117 117 118 119 120
 119 119 119 120 120 119 118 117 118 120 121 122 122 122 122 122 120 121
 122 122 122 123 123 123 123 123 122 122 122 123 123 124 123 122 122 122
 122 122 122 122 121 123 118 106  94  86  81  77  72  72  73  77  83  88
  92  94  96  93  89  86  83  80  77  74  75  75  75  75  76  78  80  81
  81  79  80  95 116 123 123 124 124 124 124 125 125 126 127 128 128 128
 129 129 128 128 128 128 128 129 129 130 130 130 130 131 129 130 131 130
 130 129 129 129 130 129 129 130 130 130 130 130 130 130 130 130 131 131
 131  29]","[ 29  29 103 105 106 106 105 105 106 106 107 106 105 105 105 106 106 105
 104 105 107 108 108 107 107 107 108 109 110 109 108 108 109 109 108 108
 108 109 108 107 104 106 110 111 112 111 111 112 111 111 112 114 115 114
 114 115 116 115 115 114 116 117 117 117 117 117 118 118 117 117 117 118
 119 119 118 119 119 119 118 118 117 119 121 122 122 121 121 121 120 121
 122 122 122 122 122 122 123 122 122 122 122 122 122 123 123 122 121 121
 121 122 122 122 122 123 118 104  88  79  75  71  70  70  71  75  79  83
  88  90  90  88  85  84  82  79  76  75  76  76  76  76  76  77  78  79
  80  78  83 104 119 121 123 124 124 123 124 125 125 126 127 128 128 128
 128 127 127 127 128 128 129 128 129 130 130 129 129 130 129 130 130 130
 129 129 129 129 129 128 129 129 130 129 129 130 130 129 129 129 130 130
 131  29]","[ 29  30 103 105 106 105 104 103 105 105 106 105 104 103 104 105 104 104
 104 104 105 105 105 105 106 107 108 109 109 108 107 106 109 109 108 107
 107 108 108 108 106 108 111 112 112 111 110 110 111 111 111 113 114 114
 114 115 116 116 115 116 117 118 117 116 116 117 118 118 117 116 117 118
 119 118 117 117 118 118 119 119 119 119 120 121 122 122 121 120 121 123
 123 123 122 122 122 122 122 122 122 122 122 121 121 122 121 120 119 119
 120 121 121 122 120 120 117 104  87  78  73  69  69  69  70  74  77  81
  85  87  87  86  84  83  79  76  74  74  75  75  75  75  75  75  76  77
  78  75  89 112 118 119 123 123 124 123 123 124 126 126 126 126 127 127
 126 126 125 126 128 129 128 128 128 129 129 129 129 129 130 130 130 130
 129 129 129 129 128 128 128 129 129 129 129 129 130 129 129 128 129 129
 130  29]","[ 29  30 103 104 104 104 103 101 103 104 104 103 102 102 102 102 103 103
 104 104 103 103 104 105 107 108 108 108 107 107 107 107 107 107 107 106
 107 108 109 109 108 109 111 112 112 111 110 110 110 110 111 112 113 114
 114 115 115 115 115 116 116 117 116 115 115 117 118 118 117 117 117 118
 118 117 117 116 117 117 118 118 119 119 119 120 121 122 121 120 122 123
 123 122 122 122 122 121 121 121 121 121 121 121 122 122 120 119 118 118
 118 120 121 121 120 118 116 106  90  80  76  71  68  69  71  75  78  81
  83  84  83  83  83  80  76  73  73  74  74  74  74  74  74  75  76  76
  77  74  96 117 119 122 124 122 123 122 122 124 126 126 125 124 125 125
 125 125 125 125 127 128 127 127 127 128 129 129 129 129 130 130 130 130
 129 130 130 130 128 128 128 129 129 128 128 129 129 128 128 128 129 128
 129  29]","[ 30  29 102 103 102 102 102 101 102 102 103 103 103 102 101 101 103 103
 104 104 104 104 104 105 107 109 109 108 107 107 107 107 105 106 106 106
 107 108 109 109 108 109 110 111 112 111 111 110 109 110 111 112 113 114
 114 114 114 114 115 115 115 115 115 114 115 116 117 118 117 117 117 118
 117 117 117 117 117 117 117 117 119 118 118 119 121 122 121 121 121 122
 122 121 121 121 121 120 121 122 121 120 119 121 122 122 121 119 118 117
 118 119 120 121 119 118 118 110  96  89  85  77  73  73  74  77  80  82
  82  82  79  81  80  77  74  73  74  74  74  73  73  73  74  74  75  75
  75  77 104 118 119 123 121 122 123 122 123 124 125 124 124 123 123 124
 125 125 125 125 125 126 126 125 125 126 127 127 127 128 129 129 129 130
 130 130 130 130 128 128 129 129 129 128 128 129 128 127 128 129 128 126
 128  28]","[ 29  29 101 101 101 101 101 101 101 102 103 104 105 104 103 102 103 103
 103 104 105 105 105 105 105 107 109 108 107 107 106 105 105 107 107 108
 108 109 110 109 110 110 110 110 111 111 110 109 109 110 111 112 113 114
 114 113 114 114 115 114 114 114 114 114 115 116 117 117 117 117 117 117
 117 117 118 118 117 117 117 117 119 119 120 120 121 122 122 122 121 121
 121 121 122 122 121 120 121 123 122 119 118 120 122 122 121 120 118 117
 118 119 120 121 118 118 120 113 102  99  96  87  80  78  77  79  81  83
  82  82  80  82  81  76  73  73  74  73  73  72  72  72  72  73  73  72
  74  82 110 117 117 121 117 124 122 122 123 124 124 123 123 123 122 123
 125 125 125 124 124 124 125 124 124 125 125 125 125 125 128 128 129 130
 130 130 130 129 128 128 129 130 129 128 128 129 128 127 129 129 128 126
 127  28]","[ 28  30 100 101 101 100 101 101 101 101 102 103 104 104 102 101 104 104
 103 102 103 104 105 104 105 106 107 108 108 107 106 107 107 106 106 108
 108 106 107 108 109 110 110 109 108 109 109 109 108 109 111 113 113 113
 113 114 115 115 114 114 114 114 114 115 114 115 117 117 117 116 117 117
 117 119 120 119 117 116 117 118 119 119 120 120 121 121 120 119 120 120
 120 119 119 118 119 120 119 120 120 118 118 121 123 123 121 119 118 118
 119 119 118 117 118 119 116 110 105 105 102  96  88  80  80  82  83  84
  82  83  83  81  79  77  74  73  74  75  73  72  71  72  72  71  70  70
  73  85 110 116 120 119 121 122 121 122 123 123 123 122 122 122 122 123
 124 124 124 124 124 125 123 123 124 124 123 123 124 126 128 127 127 127
 127 127 128 128 128 128 129 129 129 129 128 126 127 129 129 128 125 126
 125  30]","[ 29  30  98  99 100 100 101 101 101 100 100 102 103 104 102 101 102 103
 104 103 103 104 105 105 105 105 107 108 108 107 107 108 106 105 106 108
 108 106 106 108 109 110 110 109 108 108 109 109 109 110 111 112 112 112
 112 112 113 113 113 113 113 114 114 114 113 115 116 117 116 116 116 116
 116 118 119 119 117 116 117 118 117 118 119 119 120 120 120 119 117 118
 119 119 119 118 118 118 118 119 119 117 117 119 121 120 118 117 117 117
 118 118 117 116 117 118 118 114 111 113 111 104  97  90  89  90  89  88
  86  87  86  83  80  78  76  74  74  74  74  73  72  71  71  70  70  71
  73  84 107 114 119 119 120 121 121 122 122 122 122 122 122 122 122 123
 124 125 124 124 124 124 123 123 123 123 123 123 125 126 128 127 127 126
 126 126 127 127 128 128 127 127 127 127 126 125 127 128 128 127 125 127
 125  29]","[ 29  29  96  97  99  99 101 100 102 101 100 101 102 102 101 100 100 102
 104 103 103 103 104 105 104 104 105 107 107 106 107 107 105 105 106 107
 107 106 106 107 108 110 110 109 108 108 109 109 110 110 111 112 112 111
 111 111 113 113 113 113 113 113 114 114 113 114 116 116 116 116 115 114
 116 117 118 117 117 116 116 117 116 117 118 118 118 119 119 119 118 119
 119 119 119 118 118 118 118 119 119 118 117 118 119 118 116 116 117 117
 117 117 116 116 115 117 118 116 115 118 118 113 105  98  97  95  93  91
  88  89  89  86  82  79  78  76  74  74  76  74  72  71  70  70  72  73
  76  86 106 114 119 119 120 120 119 120 120 121 122 122 122 122 122 123
 124 125 125 124 124 124 123 123 122 122 123 123 125 126 126 126 125 125
 125 125 125 125 127 127 127 126 125 126 125 124 127 126 125 126 126 127
 125  28]","[ 30  29  96  96  98  98 100 100 101 101 101 101 101 100 100  99 100 101
 102 102 102 103 104 104 103 103 104 105 106 105 105 105 105 105 105 106
 105 105 105 107 107 109 110 109 108 108 108 109 109 109 111 112 112 111
 111 112 113 114 114 114 114 114 114 114 114 114 115 116 116 115 114 114
 115 115 116 116 115 115 115 116 116 117 117 116 116 117 118 119 120 119
 118 117 117 117 118 119 118 119 119 118 117 117 117 116 116 117 117 117
 116 116 116 117 116 117 117 115 116 120 123 119 110 101  99  96  93  92
  90  90  90  87  83  80  78  77  76  76  76  74  72  71  70  71  73  75
  80  90 107 117 119 119 119 119 117 118 119 120 122 122 122 122 122 123
 124 124 124 124 123 123 123 122 122 122 123 123 124 126 124 124 124 124
 124 124 124 124 126 127 126 125 125 125 124 124 126 124 124 125 125 126
 124  28]","[ 29  30  97  97  97  96  98  98  99 101 102 102  99  98  98  99 101 102
 102 101 102 103 103 103 102 102 103 105 105 104 104 104 105 105 105 104
 104 104 105 107 106 108 109 108 108 108 108 108 108 109 111 112 113 112
 111 112 113 113 114 114 114 114 114 114 114 114 114 114 114 114 114 114
 115 115 115 114 114 114 115 115 116 117 117 116 116 118 119 120 119 118
 117 116 115 116 116 117 117 118 118 117 117 116 115 114 117 117 117 116
 115 115 116 117 118 118 118 117 118 123 125 122 113 104 100  96  94  94
  92  91  90  88  85  82  79  77  78  79  77  75  73  71  71  71  73  75
  78  91 107 119 119 118 119 119 118 118 119 121 122 122 122 121 122 122
 122 123 123 123 123 122 122 122 122 123 123 123 124 125 124 124 124 124
 124 124 124 123 125 126 127 126 125 125 124 124 124 123 124 125 124 124
 123  29]","[ 29  30  98  97  97  95  97  97  98 100 102 102  99  98  99 101 102 102
 101 101 102 103 103 103 102 102 103 104 105 104 103 103 105 105 105 104
 103 104 105 106 106 107 108 108 108 108 109 108 109 110 111 112 112 111
 110 111 111 112 113 114 114 114 114 114 113 113 113 113 113 113 113 114
 115 115 115 114 114 114 114 115 115 116 116 116 117 119 120 121 117 117
 117 117 117 117 116 115 118 118 118 118 117 116 115 114 117 117 116 115
 114 114 115 116 117 117 118 118 121 125 126 122 116 107 102  98  95  95
  93  93  90  89  87  84  80  78  80  82  80  77  73  71  71  71  72  74
  77  90 105 119 119 118 120 121 121 121 121 121 121 121 121 120 122 122
 121 121 122 122 122 122 121 121 122 123 122 122 123 124 124 124 124 124
 123 123 122 122 124 126 127 126 125 124 125 125 124 123 123 124 123 123
 123  29]","[ 29  30  97  96  96  95  97  97  97  99 101 100  99  98  99 101 100 101
 101 101 101 102 102 102 102 102 102 103 104 104 104 104 104 105 105 104
 104 104 105 105 105 106 107 107 108 109 109 108 110 110 110 111 110 110
 110 110 110 111 113 114 114 114 114 114 112 113 114 113 113 113 113 114
 114 115 116 116 115 114 114 114 115 115 115 115 116 117 118 118 116 116
 116 117 118 117 117 116 118 118 118 118 118 117 116 115 116 115 115 114
 113 114 115 116 115 115 116 118 121 126 127 123 116 109 105 100  96  95
  94  94  92  91  89  86  83  80  81  82  82  78  73  71  70  71  72  73
  78  91 103 118 118 118 120 122 122 121 120 119 119 119 120 121 121 121
 121 121 122 122 122 121 121 121 122 122 121 120 122 124 124 124 124 124
 123 122 121 121 123 124 125 124 123 123 124 125 125 123 123 124 122 122
 122  29]","[ 29  29  96  95  96  96  97  96  97  98  98  97  97  96  97  98  97  99
 101 100 100 100 101 101 102 101 100 101 102 103 104 104 104 105 105 105
 104 105 105 105 105 106 106 107 109 110 109 108 110 110 110 109 109 109
 109 111 110 112 114 115 114 114 114 114 112 113 114 115 114 114 114 115
 114 115 117 117 116 114 114 113 115 115 114 114 114 115 115 115 113 113
 113 113 114 115 115 115 118 117 117 118 118 117 116 115 115 114 114 114
 114 114 115 115 117 115 115 117 122 128 129 126 115 110 107 102  96  95
  94  95  94  93  91  88  85  82  81  82  82  78  72  70  70  71  72  73
  82  93 102 117 116 116 119 120 121 120 119 117 117 118 120 121 121 121
 121 122 123 123 122 121 121 121 122 122 120 119 121 124 124 124 124 124
 124 123 122 121 122 123 124 123 122 122 124 126 126 123 122 123 122 122
 122  29]","[ 29  29  94  94  98  97  97  96  97  98  98  98  97  98  99  99  97  97
  99 100 101 101 101 101 101 101 101 100 100 101 103 104 103 104 105 105
 105 105 105 105 105 106 108 108 108 108 108 109 110 110 110 109 109 110
 111 110 110 111 113 115 115 114 114 114 115 114 114 114 114 114 114 113
 115 116 117 117 116 114 114 114 115 114 114 114 114 113 113 114 114 115
 115 116 116 116 116 116 118 118 118 116 115 116 116 115 115 114 114 114
 115 115 115 115 113 113 114 117 123 129 129 125 119 113 106 103 100  98
  97  97  95  96  94  91  86  82  81  82  81  75  70  69  69  68  70  73
  77  87 104 115 117 117 119 119 120 117 115 116 117 118 119 121 119 120
 121 122 122 122 122 121 122 122 122 122 121 120 122 123 123 123 123 123
 124 123 122 121 121 122 123 123 123 122 122 123 124 123 122 123 122 123
 123  29]","[ 28  29  94  93  96  95  95  96  97  97  98  99 100 100 100  99 100  99
  99  99 100 101 102 103 103 102 102 101 101 101 103 104 103 103 104 104
 104 104 104 105 104 106 107 108 107 107 108 108 110 110 110 110 110 111
 111 110 110 111 113 115 115 114 113 113 113 113 113 114 114 114 114 114
 115 115 116 116 116 115 114 114 115 114 114 114 114 113 113 114 114 115
 115 116 116 117 117 117 116 117 117 115 115 115 115 114 115 114 114 114
 115 116 116 116 113 113 113 116 122 128 128 125 120 115 109 105 102  99
  98  99  97  96  93  90  87  85  84  85  81  76  71  69  68  68  70  73
  74  84 101 114 117 117 118 118 118 117 117 119 120 119 118 119 119 121
 121 122 122 122 122 121 121 121 122 121 121 121 122 123 123 124 124 124
 125 124 123 122 122 123 124 124 124 123 123 124 125 123 123 124 123 124
 123  29]","[ 29  29  95  93  95  95  95  96  97  97  97  99 101 101  99  98 101 100
 100 100 100 101 102 103 103 103 102 102 101 102 103 105 105 104 104 104
 104 105 105 105 104 106 107 108 107 107 107 108 109 109 109 109 110 111
 110 109 110 111 113 115 115 114 113 113 114 114 114 114 114 114 114 114
 114 114 115 115 115 115 114 114 115 114 114 115 115 114 114 114 116 116
 116 117 117 117 118 118 116 116 116 116 116 116 116 115 115 115 114 114
 115 115 116 116 114 114 113 116 122 127 128 125 121 117 112 107 104 101
 100 101 102  98  93  89  87  86  85  85  82  77  72  70  68  67  70  73
  74  84 101 113 117 118 119 120 119 119 119 121 122 120 119 120 121 122
 122 122 122 122 122 122 121 122 122 122 122 122 123 124 123 124 125 125
 125 125 124 123 123 124 125 125 125 124 125 125 125 123 124 126 125 125
 124  29]","[ 29  29  94  93  96  95  96  97  97  96  96  98  99  99  98  97  99  99
 100 101 101 101 101 101 101 101 102 102 102 103 104 105 105 105 104 104
 105 105 106 106 105 106 108 108 107 107 108 109 109 109 109 109 110 111
 110 109 110 111 112 114 114 113 112 112 114 114 114 114 113 113 113 114
 114 115 115 115 115 115 114 114 114 114 115 115 115 114 114 115 118 118
 117 117 117 116 115 115 115 115 116 116 117 117 116 116 116 115 114 114
 114 115 116 116 115 114 114 116 121 127 128 125 122 118 113 110 106 103
 102 103 104 100  94  89  87  86  86  85  83  78  73  72  70  68  70  73
  76  85 101 113 116 117 120 121 122 121 121 122 121 121 121 122 122 123
 122 122 122 122 123 122 123 123 124 124 123 123 123 123 123 124 125 124
 123 124 124 124 124 124 125 125 125 125 125 125 125 123 124 126 125 126
 124  29]","[ 30  28  93  92  96  96  96  96  97  96  96  96  96  97  97  98  98  99
 100 101 101 100 100 100  98  99 101 102 103 103 104 104 104 104 104 104
 104 104 105 105 105 106 107 108 107 107 107 108 109 109 109 109 109 111
 111 110 110 110 110 111 112 111 111 111 111 111 112 112 113 113 115 116
 116 116 116 116 116 116 115 115 114 114 115 115 115 114 114 115 117 117
 117 117 116 115 113 111 114 114 114 115 116 117 116 116 116 115 114 114
 115 116 116 116 115 115 114 116 121 127 128 125 121 118 115 112 108 105
 105 106 104 101  95  90  87  86  87  88  84  79  74  72  71  69  69  71
  75  85 102 113 116 117 120 122 122 122 122 121 121 120 121 122 123 123
 123 122 122 122 123 123 123 124 124 124 123 123 122 122 123 124 124 123
 122 123 124 125 123 124 124 124 124 124 124 124 125 123 123 124 124 125
 124  29]","[ 29  28  93  93  97  97  97  96  96  97  97  96  96  96  98  99  99 100
 100 100 100 100 101 101  98  99 101 102 103 103 103 103 103 104 104 104
 103 104 104 105 105 105 106 106 107 107 107 107 108 109 109 109 109 110
 110 110 109 109 110 110 110 110 111 112 112 113 113 113 113 114 115 116
 117 116 116 116 116 116 115 114 115 115 115 115 115 114 115 116 117 117
 117 117 117 116 115 113 115 114 114 116 117 117 116 116 116 115 115 115
 116 117 117 117 116 115 115 116 121 127 128 126 121 119 116 113 110 108
 107 107 108 104  98  92  88  87  88  89  87  79  73  71  70  68  68  69
  73  84 102 115 118 118 121 122 121 122 123 122 121 120 121 121 123 123
 122 122 121 122 122 122 122 123 123 123 123 122 122 122 123 123 123 122
 122 123 124 125 123 123 123 123 123 123 123 123 124 122 122 123 123 124
 123  29]","[ 29  29  95  94  97  97  97  97  96  97  97  97  96  96  97  98  99 100
 101 100 100 100 101 102  99 100 101 102 102 103 103 104 104 105 105 104
 103 104 105 107 106 106 106 107 108 109 108 107 107 109 111 111 111 111
 111 111 110 110 111 112 112 112 113 114 116 116 116 115 114 114 115 116
 117 117 117 117 117 117 116 115 117 117 117 117 116 116 117 119 119 118
 118 119 120 120 120 119 119 117 117 118 119 118 117 118 117 117 117 117
 117 118 117 117 117 117 116 118 123 128 129 127 123 120 118 116 113 110
 109 109 110 106 100  93  90  89  90  91  91  81  72  69  69  69  69  70
  73  83 100 113 117 119 121 122 120 122 123 122 121 120 121 121 122 122
 122 121 121 122 122 121 122 122 122 122 122 122 122 122 122 122 122 122
 122 123 124 123 122 122 122 122 122 122 122 122 123 121 121 123 122 123
 123  29]","[ 28  29  95  94  97  95  96  96  96  97  98  98  97  97  96  96  98  99
 101 101 101 100 101 101 100 101 102 102 102 103 104 105 105 106 106 104
 103 104 106 108 108 108 107 109 111 111 110 109 108 111 113 114 114 113
 113 112 111 112 114 114 114 114 115 116 116 117 117 116 115 115 117 118
 119 119 118 118 119 119 118 118 119 119 119 119 118 118 119 121 120 119
 118 119 121 122 122 122 122 120 118 119 120 119 118 118 120 119 119 118
 118 118 117 116 118 118 118 120 125 130 131 129 125 122 119 117 115 112
 110 110 109 104  98  93  91  92  94  96  95  83  71  67  68  69  70  71
  75  82  96 109 115 118 121 121 120 122 122 120 119 119 120 121 121 122
 121 121 121 121 121 121 122 122 122 122 122 122 122 122 121 121 121 122
 122 123 123 122 123 122 122 122 122 122 122 122 122 121 121 123 122 123
 122  29]","[ 30  28  96  95  95  96  96  95  95  96  97  97  96  96  97  97  97  98
 100 101 102 103 102 101 101 102 103 104 104 104 104 105 106 106 107 107
 108 110 111 112 110 110 111 113 113 113 115 116 116 116 116 116 116 116
 116 115 118 118 118 117 117 118 119 119 119 119 119 119 119 120 121 122
 122 122 122 122 122 121 119 118 121 122 122 122 122 122 122 122 122 121
 120 121 121 122 122 123 121 121 120 120 119 119 119 119 119 118 117 118
 119 118 117 117 119 120 120 121 126 131 131 129 125 122 119 118 115 113
 111 110 109 106 101  97  95  96  96  96  96  88  79  71  67  69  72  71
  73  81  96 110 115 118 120 121 122 121 121 121 119 118 119 121 122 122
 122 121 121 121 120 120 121 120 119 120 121 122 121 121 121 121 121 122
 123 123 122 120 122 122 123 122 122 121 122 122 121 121 121 122 122 121
 121  29]","[ 29  27  96  95  95  97  98  98  98  99 100 100  99  99  99  99 102 103
 103 103 104 105 105 105 106 107 108 109 109 109 109 109 111 111 111 111
 112 114 116 117 114 113 114 115 115 115 116 116 116 116 116 117 117 117
 118 118 120 120 120 120 120 120 121 121 121 121 121 121 120 121 121 122
 122 122 122 122 122 122 121 120 121 122 123 122 122 121 122 122 123 122
 122 122 123 122 122 122 119 119 119 119 119 119 118 118 119 119 119 119
 119 117 117 118 118 118 118 120 126 131 132 129 127 123 120 117 114 111
 110 110 112 110 106 101  97  98  99 100  97  88  79  73  70  71  73  72
  70  79  95 109 114 117 120 121 122 121 121 121 120 119 120 121 122 122
 122 121 121 121 120 120 122 122 121 121 122 122 122 121 120 120 120 122
 123 123 122 121 122 122 122 122 122 121 122 122 121 121 121 122 122 122
 121  30]","[ 29  29 100 100 100 101 102 102 103 104 105 105 104 104 104 105 108 108
 107 106 107 108 109 109 111 112 113 114 114 113 113 113 113 113 113 113
 114 116 118 119 117 116 115 116 117 117 117 116 117 117 118 118 118 118
 119 120 120 121 121 122 122 122 121 121 122 122 122 122 121 121 121 122
 122 122 122 123 123 123 122 122 121 122 123 123 121 121 121 122 122 122
 122 122 122 121 120 119 118 119 119 119 119 119 118 118 118 119 120 120
 119 117 117 119 116 116 116 119 126 133 133 130 125 122 119 117 116 114
 114 115 114 114 110 105 100  99 101 103  97  87  78  75  72  71  71  71
  70  79  95 109 114 116 119 120 120 119 119 120 120 120 120 120 121 121
 121 121 121 121 120 120 123 122 122 122 122 123 122 121 118 119 120 121
 122 122 121 121 121 122 122 122 122 122 122 122 121 121 121 122 122 121
 121  30]","[ 29  31 104 105 105 104 104 104 105 106 107 108 107 108 108 109 111 111
 110 109 108 109 110 110 112 113 113 113 113 113 112 113 113 113 113 113
 114 115 117 118 116 116 116 116 117 117 117 117 117 118 119 118 118 117
 118 119 119 119 120 122 123 122 121 121 121 121 122 122 121 121 121 121
 122 122 123 123 124 124 123 123 122 123 123 123 121 121 121 122 121 121
 121 122 121 120 118 118 119 119 119 119 119 119 118 118 117 118 120 120
 119 118 118 119 117 116 116 120 128 135 136 132 130 127 124 121 118 115
 114 115 116 116 114 109 103 101 102 103  97  87  79  76  72  69  69  70
  72  80  96 110 115 116 118 119 118 118 118 119 120 121 120 119 120 120
 121 122 122 121 121 120 122 122 121 122 122 122 122 121 120 121 122 122
 121 121 121 121 122 122 122 122 122 122 122 122 122 121 121 121 121 121
 121  30]","[ 29  30 104 105 104 104 104 104 104 106 107 108 108 108 109 110 110 110
 110 110 110 110 111 110 111 111 111 111 111 111 112 113 114 114 114 115
 115 116 116 116 115 115 116 116 116 116 116 117 118 119 119 119 118 118
 118 119 118 119 120 122 123 122 122 122 119 120 121 121 122 121 122 122
 123 123 123 123 124 123 123 122 122 123 123 123 122 121 122 122 122 122
 122 122 121 120 119 119 119 119 119 118 118 118 118 118 117 117 118 119
 119 119 118 118 118 118 118 122 130 137 137 134 130 128 126 124 121 117
 115 115 118 118 116 113 109 106 105 104  98  88  80  78  73  69  68  70
  72  79  94 109 115 116 118 119 118 118 118 119 120 121 120 118 119 120
 121 121 122 122 121 121 121 121 121 121 122 122 122 121 123 123 123 122
 121 121 121 122 122 122 122 122 122 122 121 121 123 122 121 121 120 120
 120  30]","[ 29  30 103 103 103 104 105 107 105 106 108 108 107 107 108 108 109 109
 109 109 110 111 111 111 110 110 110 110 111 112 113 114 114 115 115 115
 116 116 116 116 116 116 117 117 116 115 115 116 117 118 119 120 119 119
 119 119 118 118 120 122 122 121 121 123 119 120 121 122 122 122 122 123
 123 123 123 123 123 123 122 122 122 123 123 122 122 122 122 122 122 122
 122 122 121 120 120 120 119 119 118 118 118 119 119 120 119 118 117 118
 119 118 117 116 117 117 118 122 129 135 136 133 128 126 125 124 122 120
 119 120 120 119 118 115 113 110 108 105  99  89  82  79  74  70  70  71
  71  76  90 107 115 116 117 118 118 118 118 118 119 119 119 117 119 119
 120 121 121 121 121 121 121 121 121 122 122 122 122 122 122 122 121 120
 120 120 121 122 121 121 121 121 121 121 120 119 121 120 119 119 118 119
 119  28]","[ 30  30 103 104 104 105 107 108 107 108 108 108 107 107 107 107 109 108
 107 107 108 111 111 111 110 110 110 110 111 112 113 114 114 114 115 115
 115 115 116 116 117 117 117 118 117 116 116 116 117 118 119 120 120 120
 120 119 118 118 120 121 120 119 120 122 120 121 122 122 122 122 122 123
 122 122 122 122 123 123 122 122 122 122 122 122 122 122 122 122 122 122
 122 122 120 119 119 119 118 118 118 118 119 119 120 120 119 118 117 117
 118 117 116 116 116 117 119 121 127 133 134 132 131 129 127 125 123 121
 121 122 124 123 119 116 113 111 109 106 103  92  84  80  77  74  73  73
  73  76  89 105 114 116 117 116 116 118 119 118 118 119 119 118 121 120
 120 120 120 120 121 122 121 121 122 122 122 122 122 121 120 120 120 119
 119 120 121 122 121 121 121 121 121 121 119 118 119 119 118 119 118 119
 119  28]","[ 29  29 104 105 105 106 106 107 107 108 108 108 107 106 106 107 110 108
 105 104 106 109 110 110 110 110 110 110 110 110 111 112 115 115 115 115
 116 117 117 117 118 117 117 118 118 117 116 116 116 117 119 120 121 120
 119 119 119 119 120 121 120 118 119 123 122 122 122 122 122 121 122 122
 122 122 122 122 123 123 122 122 122 121 121 121 122 122 122 122 122 122
 122 122 121 119 118 118 118 118 118 118 118 118 118 118 118 117 117 117
 117 117 117 117 116 118 120 123 128 133 135 134 130 128 126 125 124 124
 127 130 129 126 122 116 113 111 109 107 108  96  86  82  80  78  76  74
  76  78  89 106 115 117 116 115 116 118 119 119 118 120 121 121 122 121
 120 119 118 120 121 122 121 121 122 122 122 121 121 120 121 120 120 120
 120 121 121 122 122 122 122 122 122 121 119 118 119 119 119 120 120 120
 120  29]","[ 30  30 103 105 105 105 106 106 106 107 106 104 105 106 107 107 108 108
 108 107 107 108 109 109 111 111 111 112 110 109 110 112 113 114 115 116
 115 115 116 118 118 118 118 118 119 119 118 116 117 118 119 118 118 119
 119 119 117 120 122 121 120 121 121 122 122 122 122 122 122 122 122 122
 121 121 122 123 122 121 121 122 123 120 118 120 123 123 122 121 123 122
 122 122 121 119 117 117 118 119 118 117 116 115 117 119 117 117 117 117
 116 116 117 118 121 119 120 123 128 132 132 130 128 127 126 126 128 130
 131 130 130 128 123 117 113 112 111 109 108  98  88  83  81  79  77  77
  79  81  92 106 113 116 117 117 117 118 119 118 118 118 119 120 120 120
 121 121 121 121 120 119 121 122 122 122 120 120 120 122 121 122 121 121
 120 120 121 122 122 121 121 122 122 121 119 118 119 118 118 120 120 119
 119  29]","[ 29  29 103 104 104 105 105 106 104 104 104 104 105 107 107 106 107 108
 108 109 109 109 110 111 111 111 112 112 111 109 110 112 113 113 115 116
 116 115 117 118 118 118 118 118 119 119 119 117 117 119 119 119 120 120
 120 118 117 120 122 122 121 121 122 122 122 122 122 122 122 122 122 122
 122 122 122 122 122 121 121 122 123 121 120 122 123 122 122 122 122 121
 121 121 120 119 119 119 119 118 118 117 116 116 117 117 117 118 118 118
 118 118 118 119 121 120 120 123 128 132 132 131 130 129 129 129 130 131
 131 130 131 129 125 119 115 114 112 110 107  99  89  85  83  81  81  81
  80  82  92 105 112 115 116 117 116 117 118 118 118 118 119 120 120 120
 120 120 121 121 121 120 121 121 121 121 120 120 120 120 120 121 121 121
 121 120 120 121 121 120 120 121 122 122 121 119 119 119 118 120 120 119
 119  29]","[ 29  30 102 103 103 103 104 105 103 103 103 104 106 107 106 105 105 106
 107 108 109 109 110 111 111 111 111 112 111 110 111 112 113 112 113 114
 115 115 116 117 118 118 117 117 118 119 119 118 119 120 121 121 122 122
 120 117 117 120 122 122 122 122 123 123 122 122 122 122 122 122 122 122
 122 123 122 121 120 122 122 122 122 122 122 123 122 121 122 123 122 122
 122 120 119 118 118 119 120 119 118 118 118 118 117 117 117 118 118 118
 118 119 119 119 119 119 121 124 128 131 131 131 132 132 132 131 132 133
 132 131 131 130 127 121 117 114 112 110 105  98  90  85  82  81  82  83
  83  85  93 105 111 114 116 116 116 116 117 117 118 118 119 120 119 119
 118 119 119 120 121 121 121 121 121 121 121 120 119 119 119 120 121 121
 121 120 120 119 120 119 119 120 122 122 121 120 121 120 119 120 119 118
 119  29]","[ 30  30 102 102 101 102 103 103 104 104 104 104 104 105 105 104 104 105
 106 107 107 108 108 109 111 110 110 111 111 111 112 112 113 112 112 113
 115 116 116 116 117 117 116 116 117 118 119 118 120 120 122 122 122 121
 119 117 117 119 121 122 122 122 122 122 122 122 122 122 122 122 122 122
 121 122 122 119 119 122 123 122 121 122 122 122 122 121 121 122 122 122
 121 120 118 118 118 118 119 119 118 118 118 118 118 117 117 117 118 118
 118 118 118 118 116 118 121 125 129 131 132 132 133 133 132 133 135 136
 135 134 131 130 127 122 118 115 112 111 107 102  94  88  84  82  84  86
  87  88  95 106 112 115 116 116 117 117 117 117 118 119 119 119 120 119
 118 117 118 119 121 121 121 121 121 121 121 121 119 118 118 119 120 120
 120 120 119 119 119 118 118 120 121 121 119 118 121 119 118 119 117 116
 117  28]","[ 30  29 101 101 100 101 102 103 103 104 104 103 102 102 104 105 106 106
 106 106 106 107 107 108 110 110 109 109 110 111 112 113 112 110 110 112
 115 116 117 117 116 116 116 116 117 118 118 118 118 119 120 121 120 119
 119 119 118 119 120 121 122 122 122 122 122 122 122 122 122 122 122 122
 121 122 121 119 119 121 122 120 121 121 121 121 121 122 122 122 120 120
 120 119 118 118 118 118 117 117 118 118 117 117 117 117 117 117 118 118
 118 118 117 116 116 118 121 125 130 133 135 135 134 133 132 133 136 138
 137 135 132 131 128 123 119 115 113 112 109 104  96  88  83  81  82  84
  88  89  96 106 112 116 117 117 118 117 117 118 118 119 118 118 120 119
 118 118 118 120 121 122 120 121 122 122 121 121 120 119 118 118 118 119
 119 119 120 120 120 119 119 120 121 120 118 116 118 117 117 118 117 116
 117  28]","[ 29  28  99  99  99 101 102 103 102 103 104 104 103 102 104 107 107 107
 107 106 106 106 107 107 109 109 108 108 110 112 112 112 108 107 108 110
 114 116 117 117 116 117 117 117 118 118 119 118 116 116 117 118 118 118
 119 120 119 119 119 121 122 121 121 121 122 122 122 122 122 122 121 121
 122 122 121 120 119 120 120 119 122 121 121 120 121 122 122 121 121 122
 121 119 118 118 118 116 116 117 117 117 117 117 117 118 118 118 118 118
 118 117 117 116 117 118 119 123 129 134 137 138 135 134 133 134 137 139
 137 135 133 132 129 125 120 116 113 112 108 104  97  89  83  81  81  83
  86  87  94 104 111 116 118 118 118 118 117 118 119 119 118 118 119 118
 117 117 118 120 121 121 119 120 121 122 121 121 120 120 119 118 118 118
 119 120 120 121 121 120 120 121 122 120 117 116 114 114 114 117 117 117
 118  29]","[ 30  27  97  97  98 100 101 100 100 101 103 105 104 103 104 106 106 106
 107 106 106 106 107 107 108 108 108 108 110 111 111 109 106 106 107 110
 114 116 116 116 116 117 117 117 117 118 118 118 117 115 115 117 119 120
 120 121 121 119 119 121 121 121 121 121 121 121 122 122 121 121 121 120
 122 121 121 121 121 121 120 119 122 122 121 119 119 121 121 121 123 123
 121 118 118 119 118 116 117 117 116 116 117 117 117 117 118 118 117 117
 117 117 116 116 117 117 118 124 130 135 136 136 135 135 135 135 137 138
 137 135 133 132 129 126 122 117 113 112 108 105  99  93  88  86  86  86
  84  85  92 101 109 115 118 117 117 117 117 118 119 119 119 119 118 117
 117 117 118 119 119 119 119 119 120 120 121 121 121 120 119 118 118 118
 119 120 121 122 122 120 120 121 122 120 118 116 112 112 113 117 118 118
 119  29]","[ 31  28  96  96  97  99  99  98  97  98 101 104 104 102 102 102 105 106
 107 107 107 107 107 107 107 108 108 108 110 111 110 107 107 107 109 112
 115 116 116 115 116 117 117 116 117 117 118 118 120 117 115 118 121 122
 121 121 122 120 119 121 121 121 121 121 121 121 121 121 121 121 120 120
 121 120 121 122 123 122 121 120 122 122 121 118 117 119 120 120 122 121
 119 117 119 121 122 120 118 116 115 115 116 117 117 116 118 117 117 117
 117 117 116 116 115 116 120 126 133 137 136 134 133 134 136 137 137 137
 137 136 133 131 129 126 122 117 113 110 105 102  98  92  89  87  86  86
  85  85  91 100 108 114 117 117 116 117 117 118 119 119 119 119 119 118
 118 118 118 119 118 118 119 118 118 119 121 122 121 120 119 118 118 118
 120 121 122 122 121 120 119 120 121 120 118 117 113 112 114 118 119 119
 119  29]","[ 29  27  97  95  98  95  99  96  94  96 100 104 104 104 104 102 104 104
 104 104 104 104 105 105 108 108 109 110 109 108 107 107 108 109 111 112
 114 115 116 117 117 117 117 118 118 119 119 119 119 118 118 119 119 119
 119 119 119 121 121 120 119 119 119 118 121 121 120 119 118 118 118 119
 120 122 122 122 122 122 123 123 123 122 120 117 118 119 120 119 119 119
 118 118 119 120 121 121 117 117 117 117 117 116 116 116 117 117 117 116
 116 116 116 117 117 116 119 125 131 133 133 132 133 134 135 136 136 136
 135 133 131 129 128 126 121 115 111 110 105 101  97  94  91  87  86  87
  85  87  90  98 108 113 115 118 118 118 118 119 118 118 118 119 118 119
 119 119 118 118 118 118 118 120 122 123 122 121 121 121 118 118 119 122
 122 122 121 122 120 120 120 120 120 118 117 116 116 115 115 118 119 119
 119  28]","[ 30  28  95  95  98  96  97  94  95  94  97 101 103 105 105 104 104 104
 104 104 104 104 105 105 107 107 108 109 109 108 108 108 109 110 111 112
 114 115 116 116 117 117 117 118 118 119 119 119 119 119 119 120 120 119
 118 118 119 121 121 120 118 119 119 119 121 121 121 120 119 119 119 119
 121 122 122 121 121 122 122 122 122 121 120 118 119 120 120 119 119 119
 119 118 119 119 119 118 118 117 117 117 117 117 117 117 116 116 116 115
 115 115 115 115 117 116 118 123 129 132 132 131 133 135 136 137 137 136
 134 132 132 130 128 126 121 115 111 109 105 102  98  95  92  89  89  89
  87  88  90  97 107 114 116 118 117 117 118 118 118 117 118 119 118 119
 119 119 119 118 119 119 120 122 123 123 122 122 122 122 120 120 121 122
 123 122 122 122 121 121 121 120 120 119 118 117 117 117 118 120 120 120
 119  28]","[ 30  29  94  95  96  96  95  93  94  94  98 102 103 103 103 104 103 103
 103 104 104 105 106 106 107 107 108 109 109 108 109 109 111 111 111 112
 114 115 115 115 117 117 117 118 118 119 120 120 119 119 120 120 120 118
 118 118 119 120 121 119 118 119 120 121 122 122 122 122 121 120 121 121
 123 122 121 121 121 121 122 122 122 122 121 120 120 121 121 120 119 119
 119 119 119 119 118 117 119 119 118 117 117 117 117 117 117 116 116 116
 116 116 115 115 117 116 117 122 128 131 133 133 134 136 137 138 137 136
 132 130 131 130 127 124 120 115 110 109 105 102  98  93  91  90  89  88
  88  88  90  97 108 115 116 117 116 117 118 118 118 117 119 120 119 120
 120 120 119 119 119 119 122 122 122 122 122 122 122 122 122 122 122 123
 123 122 122 122 122 122 121 120 120 119 118 118 118 120 121 122 120 119
 119  29]","[ 29  30  95  95  93  94  93  95  96  96  97 100 103 102 101 102 101 102
 102 103 104 105 106 106 108 108 108 109 109 108 109 110 111 111 110 111
 113 114 114 114 116 117 117 118 119 120 120 121 118 118 119 120 119 119
 119 119 120 120 120 119 119 120 121 121 122 122 123 122 122 122 122 122
 122 121 120 119 120 120 121 121 123 122 121 121 121 122 121 121 120 120
 120 119 119 120 119 118 121 120 119 117 117 116 116 117 117 117 117 116
 116 116 116 116 116 116 117 122 127 132 134 135 135 137 138 138 138 136
 132 129 130 128 126 123 120 115 111 108 104 102  98  92  89  89  88  87
  86  88  90  97 108 114 115 116 117 118 119 119 118 117 119 121 121 121
 122 121 120 119 119 119 122 121 121 120 120 121 122 122 123 122 122 122
 122 122 122 122 123 122 122 121 120 120 119 119 119 121 122 122 121 120
 120  29]","[ 28  30  92  92  92  93  92  96  98  97  94  95 100 101 100 101 100 101
 102 103 104 105 105 105 107 107 108 108 108 108 109 110 111 110 110 111
 112 113 113 113 115 115 117 118 119 120 120 120 118 118 118 119 119 118
 119 121 121 120 119 119 121 121 121 121 121 121 122 122 121 121 121 121
 120 118 117 118 119 119 119 120 122 121 120 120 121 122 122 122 122 121
 120 118 118 119 119 119 121 120 119 117 116 116 116 117 117 117 117 117
 117 116 116 116 116 116 118 122 127 131 133 135 136 137 138 138 137 136
 133 131 129 128 126 124 121 116 111 107 104 102  98  92  90  89  88  87
  85  88  90  95 105 112 115 116 118 119 119 119 118 117 118 120 121 121
 122 122 121 120 120 120 121 121 120 119 120 121 122 122 122 122 121 121
 121 121 122 122 122 122 122 122 121 121 120 120 122 122 122 122 121 122
 121  29]","[ 29  29  90  88  92  93  92  94  93  99 100  97  98  97  97 101 101 102
 103 104 104 105 105 105 105 105 106 107 108 108 109 111 111 111 111 112
 113 114 114 114 114 115 116 118 119 119 119 119 118 118 118 118 118 118
 119 121 122 119 118 119 121 122 121 121 121 121 122 122 121 121 121 122
 119 117 117 119 119 119 119 121 120 119 118 119 121 122 122 122 123 122
 120 118 118 118 119 119 119 119 118 117 117 117 117 117 117 118 118 118
 117 117 117 117 118 118 120 124 128 131 133 134 136 137 138 137 137 136
 134 131 130 129 127 124 121 117 111 106 103 101  97  93  91  89  89  87
  86  88  88  92 102 111 116 118 118 118 119 119 118 117 118 119 119 120
 121 122 122 121 121 121 122 121 121 120 121 122 122 122 121 121 121 120
 120 121 122 122 122 122 122 122 122 121 121 121 122 122 121 121 121 123
 122  29]","[ 29  30  93  88  93  91  93  96  99 108 108 100  98  96  96  99 100 101
 102 104 105 105 105 105 105 105 106 107 108 108 109 111 111 111 112 113
 114 115 114 114 114 115 116 117 117 117 117 117 118 118 118 119 118 118
 119 121 122 120 119 119 120 120 121 122 122 122 122 122 121 121 122 122
 119 118 119 121 122 120 120 122 120 119 119 121 122 122 122 122 123 122
 120 119 119 119 119 119 119 118 118 117 117 117 117 117 117 119 120 119
 118 117 117 118 119 120 122 125 129 131 134 135 136 137 137 137 136 135
 133 131 131 129 127 124 121 118 112 107 103 100  97  94  91  89  87  87
  87  88  88  91 102 112 117 119 118 118 119 119 119 118 118 118 118 119
 120 121 122 122 122 122 122 122 122 122 122 122 122 121 121 122 122 121
 121 122 122 122 122 122 122 122 122 122 122 122 122 122 121 121 121 122
 122  28]","[ 28  31  98  91  94  89  93  99 116 118 108  97  97  99  97  97  97  98
 100 102 103 104 105 105 106 106 107 108 108 109 109 110 109 110 111 112
 113 113 113 113 115 115 116 116 116 116 116 116 117 117 118 119 119 119
 120 121 121 120 119 119 119 118 120 123 122 122 122 121 120 120 121 122
 119 119 120 123 122 120 120 121 122 121 121 122 123 122 121 121 122 122
 121 121 121 121 120 119 119 118 118 118 117 117 117 117 116 118 119 119
 117 116 117 118 119 120 121 125 128 131 134 136 136 136 137 137 136 135
 133 131 131 130 127 124 122 119 114 109 104 101  98  95  92  89  87  87
  86  87  88  92 104 114 117 117 118 118 119 120 120 119 118 119 118 119
 120 121 122 122 122 122 122 123 123 122 122 122 121 120 121 122 122 121
 122 123 123 122 122 122 121 121 121 122 123 123 123 124 123 122 122 123
 122  28]","[ 31  28  96  94  87  88 115 129 139 119 101  97  98  97  96  96  98  98
 100 101 101 102 104 104 105 107 108 109 109 110 110 109 108 109 111 113
 113 112 113 115 115 115 115 115 116 117 118 118 118 117 118 119 121 121
 120 120 120 120 120 119 120 120 120 121 121 121 121 121 120 119 119 119
 119 121 121 121 121 122 122 122 123 122 122 123 122 122 122 123 122 121
 120 121 121 120 119 119 119 119 119 118 118 118 118 116 117 117 118 119
 119 118 117 117 118 120 122 123 127 133 137 138 136 136 136 136 137 135
 133 131 132 130 127 125 122 117 112 109 106 100  97  95  91  88  87  87
  88  88  87  95 100 113 118 119 118 119 121 121 121 120 119 119 119 120
 121 122 122 122 122 122 123 123 122 122 122 122 121 121 121 121 121 121
 121 122 122 122 121 121 121 121 121 122 123 123 123 123 121 122 122 123
 121  29]","[ 31  25  88  92 113 137 146 143 124 108  96  96  94  91  92  97  97  95
  96 100 101 101 102 103 104 105 106 107 108 109 110 109 109 110 112 113
 112 111 111 114 114 114 114 114 115 117 119 120 120 118 117 117 118 119
 120 121 121 121 121 121 121 121 122 122 121 121 121 121 120 120 120 121
 119 120 120 121 121 122 122 123 122 122 122 123 122 121 121 122 122 121
 121 121 121 120 119 119 120 119 118 118 118 118 118 118 120 120 119 118
 118 118 118 118 118 120 121 123 127 133 135 134 134 134 134 134 134 133
 131 130 129 127 125 124 121 116 111 108 105  99  96  93  88  86  87  87
  86  86  87  94 100 111 117 117 119 119 119 120 120 121 120 119 120 120
 121 121 121 122 122 122 122 123 123 123 122 122 122 122 122 122 122 121
 121 121 122 122 121 121 121 121 121 121 122 122 122 122 121 121 122 122
 121  29]","[ 28  30 111 124 144 146 130 115  92  93  95  95  94  94  95  94  96  97
  97  94  95 101 103 102 104 105 105 105 106 108 109 109 109 111 112 113
 111 110 111 113 113 114 114 114 116 118 120 121 121 119 118 118 117 118
 119 121 120 121 121 122 122 122 122 122 122 122 122 121 121 121 121 122
 120 119 120 121 122 122 122 123 122 122 122 122 121 120 120 121 122 122
 121 121 121 120 119 119 121 119 118 119 119 119 119 119 122 121 120 119
 118 118 117 117 118 119 120 123 128 132 133 132 133 133 133 132 132 131
 130 129 129 127 125 124 121 116 111 108 104 100  97  94  89  87  88  88
  86  85  88  92 100 110 117 117 120 119 117 118 120 122 121 119 120 120
 119 119 120 121 121 121 122 122 123 123 122 122 122 122 123 122 122 122
 122 122 122 122 120 121 121 121 121 121 122 123 123 122 121 122 122 122
 122  29]","[ 30  32 133 137 132 108  95  83  81  87  94  96  95  96  94  89  91  95
  95  94  96 101 103 102 105 105 104 104 105 107 109 109 110 110 111 111
 111 112 113 114 113 114 115 115 117 119 121 121 121 120 120 120 119 118
 119 120 119 120 121 122 122 122 122 122 122 122 122 122 121 121 122 122
 122 120 120 121 122 122 122 122 122 122 122 122 121 119 119 120 122 122
 122 121 121 121 120 120 122 119 118 120 120 119 119 121 120 120 119 119
 119 118 117 116 117 118 120 123 127 131 132 131 132 132 132 132 131 130
 130 130 131 129 126 124 121 116 111 108 103 100  99  97  93  90  89  88
  87  85  87  88  98 107 118 119 121 119 118 119 121 122 122 120 120 120
 119 119 120 121 121 121 121 122 123 123 122 121 121 121 123 123 122 122
 122 122 122 122 120 121 122 121 121 121 122 123 124 123 122 123 122 122
 121  29]","[ 29  26 148 138 132 125 129 121 110 104 103 102  92  77  65  60  65  63
  69  86 100 101 100 105 106 106 105 104 105 107 109 110 110 110 109 110
 111 113 114 114 114 115 116 117 118 120 121 120 121 121 121 121 120 118
 118 119 119 120 121 122 122 121 121 121 121 121 122 122 121 121 121 122
 122 121 121 122 122 122 122 122 122 122 122 121 120 119 119 121 122 122
 121 120 120 121 122 122 122 120 119 120 121 119 120 122 119 118 118 118
 119 119 118 118 117 118 120 122 126 129 131 132 133 132 132 131 131 130
 130 130 130 128 126 124 121 116 110 107 102 100 100  98  94  91  90  88
  86  83  86  86  96 105 116 118 120 120 120 121 122 122 122 121 121 121
 121 121 122 122 122 121 121 122 123 123 122 121 121 122 122 122 122 122
 123 123 123 123 121 122 123 122 122 121 122 123 123 123 122 122 122 122
 121  29]","[ 28  33 167 162 152 141 120 104  92  80  70  64  57  51  47  46  43  41
  44  64  90 102 103 104 104 105 105 105 105 107 109 110 111 110 109 110
 112 114 115 114 115 116 117 118 119 120 120 120 121 120 119 118 118 117
 118 119 119 120 121 121 120 120 120 120 120 120 121 121 121 121 121 121
 121 121 121 120 121 122 122 122 121 121 122 122 120 119 120 121 122 122
 121 119 119 121 123 123 122 120 120 121 121 121 121 122 121 119 118 117
 118 120 121 121 119 119 120 122 124 127 130 132 133 132 131 131 130 130
 130 129 129 127 125 123 121 116 111 108 104 102 100  98  94  92  91  89
  84  83  85  87  94 105 115 118 120 120 121 122 123 122 121 120 121 121
 122 122 123 122 122 121 121 122 123 123 123 122 123 123 122 122 122 122
 122 123 123 123 123 123 124 123 122 121 121 122 122 123 122 123 122 122
 122  30]","[ 29  29  96  84  66  51  27  21  15  19  27  36  43  48  48  44  46  48
  44  49  75  99 104 100 103 104 105 105 105 106 108 109 109 110 111 111
 113 115 115 114 114 115 116 117 118 120 120 120 121 119 118 117 117 117
 118 119 120 121 121 121 120 119 119 120 121 121 121 120 120 119 119 120
 119 121 121 119 119 121 121 120 120 121 122 123 121 120 120 121 121 122
 121 119 118 120 122 122 122 122 121 121 122 122 122 122 122 120 118 118
 119 121 122 122 119 119 120 121 123 126 129 132 133 132 131 130 130 130
 129 128 127 126 124 123 121 117 113 110 105 103 101  99  95  93  92  89
  83  83  83  87  92 104 114 118 120 120 121 123 123 122 120 118 121 121
 122 122 122 122 122 121 122 122 122 123 123 123 123 124 122 122 122 122
 122 122 122 123 123 123 123 123 122 122 121 121 122 123 123 123 123 123
 122  30]","[ 30  29  23  17  16  22  21  24  27  26  32  41  44  44  45  46  44  49
  44  44  67  92 101 101 102 104 106 105 104 105 106 108 107 110 112 113
 113 115 115 114 113 114 115 116 118 120 121 121 120 118 117 118 118 118
 118 119 121 122 122 122 120 119 120 120 123 122 121 120 118 118 118 118
 118 121 121 117 117 119 120 117 119 120 123 124 122 121 120 121 121 122
 121 119 118 120 122 121 122 122 122 122 122 123 123 121 122 120 119 119
 120 121 121 121 119 118 118 120 123 126 130 132 133 132 131 131 131 130
 129 128 127 125 124 123 121 117 113 110 103 102 102 100  97  94  91  87
  83  83  81  85  88 103 113 119 120 120 121 122 123 122 119 117 121 122
 123 123 123 122 122 122 123 123 122 122 122 122 123 123 122 122 121 121
 121 121 122 122 122 122 122 122 122 122 122 122 122 122 122 122 122 121
 121  29]","[ 31  28  33  28  25  32  30  32  34  36  37  39  41  43  44  44  43  44
  47  48  51  78 101  97 102 102 104 105 106 106 107 108 109 109 110 112
 114 114 114 113 112 114 115 116 117 118 120 121 121 120 119 119 118 118
 119 121 121 121 122 122 121 121 122 122 123 122 120 119 118 118 118 119
 121 121 120 119 118 118 119 120 120 121 122 122 121 121 122 123 121 122
 122 121 120 121 121 121 122 122 122 122 122 122 122 122 122 122 121 120
 120 120 119 118 116 117 119 121 124 126 129 131 132 132 132 131 131 130
 127 125 126 126 125 123 120 117 114 112 107 104 101  99  97  93  90  87
  83  83  82  83  89 101 113 119 119 119 118 117 120 122 122 122 123 122
 122 122 122 122 122 123 123 123 123 122 122 122 122 122 122 122 122 123
 122 122 121 121 121 121 121 121 122 122 123 123 123 121 121 122 124 120
 122  29]","[ 30  29  37  34  34  37  37  39  39  40  40  40  40  41  41  40  41  40
  43  44  40  55  91 103 102 103 104 106 107 107 108 109 111 111 112 113
 114 114 114 114 113 114 115 115 115 116 117 118 120 119 118 119 119 119
 119 119 118 119 119 120 120 120 121 122 121 120 119 118 117 117 118 118
 121 121 120 119 118 119 120 121 121 122 122 122 121 121 121 121 122 123
 123 122 121 122 122 122 122 122 122 122 122 122 122 122 121 122 121 121
 121 121 119 118 117 117 118 120 124 128 132 134 135 134 133 132 131 130
 128 126 126 126 125 124 122 118 113 110 106 103 100  98  96  92  88  86
  82  82  82  85  92 103 112 117 118 119 118 118 120 121 120 121 121 120
 120 121 121 120 120 121 123 123 122 122 122 122 121 121 122 122 122 122
 122 122 121 121 122 122 121 121 122 122 123 123 121 123 125 119 121 125
 120  28]","[ 29  29  41  40  41  39  38  38  41  41  40  38  37  36  34  33  31  24
  23  26  24  34  84 108 103 104 105 107 108 108 109 111 108 109 110 111
 112 113 114 114 114 114 115 116 117 119 120 120 121 119 119 120 121 121
 120 119 119 119 120 121 121 121 122 122 121 121 120 119 119 119 119 119
 122 121 121 119 118 118 120 122 123 123 123 123 123 122 122 121 123 124
 124 124 123 123 123 123 122 122 122 122 122 122 122 122 122 122 122 122
 122 121 120 119 120 119 118 120 124 128 131 132 136 135 134 131 130 129
 127 126 126 124 123 122 122 118 114 110 106 104 100  98  97  94  90  87
  86  84  82  83  90 101 111 116 117 119 117 116 118 119 119 120 122 122
 122 123 123 123 123 123 123 123 123 123 122 122 122 122 122 122 122 123
 123 122 122 122 122 122 122 122 122 122 123 123 123 120 120 123 119 117
 122  31]","[ 29  29  42  40  42  34  34  33  31  31  29  26  24  23  21  20  16  18
  20  20  16  23  79 107 104 104 106 107 108 108 109 111 108 110 111 112
 112 113 114 115 112 112 113 114 116 118 119 120 121 119 119 120 121 120
 119 118 120 121 121 121 121 121 121 121 121 121 121 121 121 120 119 118
 122 122 121 119 117 117 119 120 122 121 121 122 122 122 122 121 122 123
 123 123 123 123 122 121 121 121 121 122 122 122 122 122 122 122 121 121
 120 119 118 118 118 116 116 119 125 131 135 135 137 137 135 133 131 129
 129 128 130 128 125 123 121 117 113 109 108 105 100  97  95  92  88  85
  85  82  79  79  86  97 110 117 121 121 120 117 118 119 120 122 119 120
 121 121 121 121 121 121 121 122 122 122 122 122 122 122 121 121 122 122
 122 122 122 122 121 121 121 121 121 121 121 121 121 119 119 120 123 124
 124  27]","[ 31  29  38  34  33  25  27  25  23  23  21  18  17  16  16  16  16  18
  17  15  13  22  80 109 104 105 106 108 108 109 110 111 110 112 113 113
 113 112 113 113 116 116 116 117 119 120 121 120 122 121 121 121 120 119
 119 120 122 122 122 122 122 121 121 121 122 122 122 123 123 122 120 118
 122 122 121 120 119 119 121 122 122 122 121 122 123 123 123 122 122 123
 124 124 124 124 123 122 122 122 122 123 123 123 123 123 123 122 121 121
 120 119 119 120 119 117 115 118 125 132 136 138 137 138 137 134 132 130
 129 129 129 129 127 125 122 118 114 112 108 105 101  97  96  94  92  89
  86  84  83  83  88  97 108 115 117 119 117 116 116 116 117 119 120 121
 121 121 121 122 122 121 122 122 122 123 123 123 123 123 122 122 122 123
 123 123 123 123 122 122 122 122 122 122 122 122 123 120 123 114 121 120
 117  30]","[ 31  28  29  22  19  14  16  15  17  16  15  14  13  14  15  15  15  16
  17  19  16  24  75 107 105 105 106 108 109 109 110 112 111 113 114 115
 115 114 115 116 116 115 116 117 118 120 120 120 120 120 120 120 118 117
 118 119 121 121 120 121 121 121 121 120 120 120 120 121 121 120 118 116
 118 118 118 118 118 120 121 122 122 122 121 122 122 122 122 121 122 122
 123 123 123 123 122 121 121 121 121 121 121 122 122 122 121 120 119 119
 119 118 119 121 119 116 114 116 122 130 135 138 140 140 140 138 136 134
 133 132 130 130 130 128 123 117 113 110 109 107 103  98  96  94  92  89
  82  82  81  83  87  95 106 114 116 119 119 118 119 118 117 117 119 121
 121 120 120 121 121 120 120 121 121 121 122 122 121 121 121 121 121 121
 121 122 122 122 122 122 122 122 122 122 122 122 119 119 117 118 119 119
 127  28]","[ 29  28  26  21  17  15  18  15  15  15  15  14  14  15  15  15  14  15
  16  17  13  26  73 106 105 105 105 106 107 107 108 109 110 111 112 113
 113 114 115 115 115 115 115 116 117 119 119 119 121 121 121 121 120 119
 119 121 122 121 121 121 122 122 122 122 121 120 120 121 121 121 119 118
 119 118 118 119 120 121 122 122 123 123 122 122 122 122 122 122 122 122
 122 122 123 123 123 121 121 121 121 121 122 122 122 122 122 120 120 121
 120 119 121 123 119 118 117 120 125 131 136 138 140 140 140 139 138 137
 136 135 134 134 133 130 125 119 115 112 109 108 104  99  95  93  90  87
  83  83  83  85  90  97 106 113 117 119 119 119 120 119 118 118 119 120
 120 119 119 120 120 119 120 121 121 122 122 122 122 121 121 121 121 121
 122 122 122 122 122 122 122 122 122 122 122 122 121 126 118 120 117 119
 122  29]","[30 30 29 29 27 29 31 27 28 29 29 29 29 29 29 29 31 28 27 31 29 27 30 27
 29 29 29 29 29 28 29 30 29 29 29 29 28 28 29 29 29 29 28 28 28 29 29 29
 29 29 29 29 29 28 28 29 29 29 28 29 29 30 29 29 30 29 28 28 29 29 29 28
 29 29 28 29 29 30 29 29 29 29 29 28 29 29 29 29 29 29 29 29 29 30 29 28
 28 28 29 29 29 29 29 29 30 28 28 29 29 27 28 31 29 28 28 28 29 29 29 29
 29 30 30 29 29 29 29 29 28 28 28 29 29 29 29 29 28 30 30 28 28 30 30 28
 30 29 29 29 29 28 29 30 29 30 29 28 29 29 29 29 29 30 30 28 28 30 30 28
 28 28 28 29 29 29 29 29 29 29 29 29 29 29 29 29 29 29 29 29 29 29 29 29
 28 28 29 30 28 27 29 30]"
