"[31 29 31 28 29 31 27 30 30 29 29 30 30 30 29 28 29 30 29 28 30 30 29 29
 29 29 29 29 29 29 29 30 29 30 29 28 29 29 28 29 28 29 29 28 28 29 30 30
 30 29 29 30 29 29 29 29 29 29 29 28 28 29 29 29 29 29 29 29 29 29 29 29
 29 29 30 29 29 29 29 30 30 28 28 29 29 28 28 30 29 30 28 29 29 28 30 30
 29 29 29 29 29 29 29 29 29 29 29 29 30 30 29 28 29 29 28 28 29 29 29 30
 30 28 29 29 28 28 29 28 29 28 28 29 30 30 29 29 29 29 29 28 29 29 29 29
 29 29 29 29 29 29 29 30 29 29 29 29 29 29 29 29 29 30 30 29 29 30 30 28
 28 29 30 29 29 29 31 30 29 29 29 30 30 28 28 29 29 28 29 29 30 30 29 28
 28 31 28 30 30 31 29 29]","[28 31 27 29 30 29 31 30 28 28 28 28 28 28 29 31 27 30 31 30 29 28 27 29
 31 30 28 27 28 30 30 28 28 29 29 29 30 29 28 30 31 31 31 30 29 30 29 27
 28 28 28 30 30 30 29 29 28 29 30 29 29 29 28 28 29 29 29 29 29 29 29 29
 28 29 29 29 28 28 28 29 30 30 30 29 29 29 30 29 28 29 27 29 30 29 30 28
 30 30 29 29 29 29 28 28 31 30 29 28 28 30 30 29 29 30 29 29 30 29 28 28
 29 28 29 29 28 29 30 29 29 29 29 29 30 29 29 29 30 30 30 29 29 30 30 29
 28 29 30 30 29 28 28 28 29 28 28 28 29 29 29 29 29 28 27 29 29 28 28 29
 31 29 28 29 29 28 28 30 30 29 29 29 28 27 28 30 31 30 29 28 28 28 29 31
 28 28 29 30 26 25 36 29]","[ 31  28 113 114 111 115 111 109 116 114 114 113 110 107 107 110 125 131
 136 141 147 151 155 158 156 158 158 156 156 157 158 157 155 155 154 153
 152 148 147 149 151 151 150 149 151 152 153 153 150 148 147 147 147 146
 144 144 143 143 142 141 141 142 144 145 139 138 138 138 139 139 139 138
 139 139 138 136 134 132 131 131 128 130 128 124 122 123 121 118 119 116
 111 110 110 109 110 108 106 106 106 106 107 107 107 106 101 100  98  96
  96  96  96  95  93  94  93  93  93  91  88  87  88  86  86  86  84  82
  82  80  82  81  80  79  78  76  76  77  79  79  78  77  77  77  76  75
  76  77  78  78  76  75  76  77  78  77  75  74  73  72  70  69  64  60
  58  61  61  56  54  55  52  50  48  48  48  49  49  50  47  46  46  45
  43  42  44  46  44  49  58  67  71  70  70  72  77  72  75  78  84  82
  78  28]","[ 30  27 119 111 116 115 116 119 117 116 116 117 115 112 112 114 111 113
 114 115 118 119 118 120 127 133 140 145 146 148 154 160 158 157 156 156
 154 150 149 153 155 155 155 155 154 154 154 154 155 152 150 149 149 149
 149 148 146 147 148 148 147 145 144 143 144 144 143 143 144 145 145 144
 141 141 141 140 139 138 137 137 138 139 139 137 135 135 134 132 132 129
 123 122 121 119 119 116 115 114 113 112 112 112 110 110 108 108 107 106
 105 105 103 101 100 101  99  98  97  94  91  90  91  89  90  90  89  88
  88  86  87  85  83  82  81  79  79  79  81  80  79  78  77  77  76  75
  76  77  77  76  75  75  77  78  77  76  75  75  76  77  77  78  74  71
  70  72  70  64  60  59  58  60  59  54  54  57  56  52  51  51  50  49
  48  47  48  48  48  46  44  44  44  44  49  54  56  59  74  74  74  74
  74  28]","[ 29  31 114 115 114 113 114 112 120 118 117 118 117 114 114 116 114 115
 114 113 113 112 112 114 112 115 119 122 119 117 120 127 128 129 131 135
 139 140 143 150 148 152 157 159 158 157 157 157 157 155 153 153 154 153
 152 151 151 150 150 150 149 148 148 149 146 145 144 145 146 146 146 145
 148 148 147 147 146 146 145 145 142 141 141 141 141 139 138 138 137 138
 137 139 139 136 134 131 129 127 124 121 119 117 115 113 114 115 115 114
 113 112 110 109 107 107 105 104 103 101  98  98  97  96  96  96  95  94
  94  92  93  91  89  89  89  88  86  86  83  83  82  80  79  79  78  77
  76  76  76  76  76  76  76  76  74  74  74  74  75  77  80  82  78  77
  77  77  76  73  70  69  66  70  70  65  63  63  61  56  57  56  55  54
  54  53  51  50  52  50  49  49  47  46  46  48  42  36  43  45  46  49
  51  30]","[ 30  24 138 132 122 126 124 125 121 119 116 115 115 115 115 115 113 115
 115 114 113 112 114 119 119 116 116 117 117 115 116 119 113 114 114 115
 116 114 115 119 125 129 134 138 139 142 147 152 154 153 154 157 159 158
 157 155 154 153 153 153 152 150 150 151 151 150 150 150 151 151 151 150
 153 152 151 150 150 149 148 147 149 148 147 148 147 144 143 144 143 144
 143 145 145 141 141 139 139 137 135 134 133 133 131 130 123 123 121 118
 115 114 113 112 115 115 113 111 112 110 108 109 106 104 104 104 101 100
  98  95  96  95  94  94  93  91  89  88  89  89  88  86  85  85  85  85
  81  81  82  82  82  81  79  77  77  76  75  73  72  73  74  75  76  77
  76  74  74  75  74  73  72  73  74  74  72  69  68  68  65  65  64  62
  61  60  58  56  60  57  54  52  50  49  49  50  48  45  47  43  38  40
  39  28]","[ 30  31 158 149 156 150 146 146 147 144 138 132 127 123 119 116 115 115
 115 115 115 113 113 116 118 117 116 116 118 119 118 117 114 117 118 119
 119 117 116 117 113 114 115 116 116 117 123 129 131 132 134 139 142 144
 144 143 149 151 156 160 160 156 153 152 151 151 151 151 152 151 151 151
 152 152 152 152 153 153 153 153 150 151 151 152 153 153 154 154 152 151
 147 147 146 144 145 144 142 141 140 141 142 143 143 142 139 138 136 132
 127 126 125 125 124 124 120 118 118 116 114 115 110 109 111 112 111 110
 108 105 103 104 104 104 102  98  96  96  93  93  93  91  89  89  89  89
  87  87  87  87  86  84  82  80  80  79  76  75  75  76  76  75  76  77
  77  75  74  75  75  73  73  72  72  74  74  72  71  73  71  71  70  68
  66  65  64  63  65  65  63  60  58  57  56  54  53  55  51  46  45  49
  48  30]","[ 29  27 173 175 169 171 169 165 162 163 161 158 155 154 151 147 139 134
 130 129 130 126 121 119 116 120 121 120 121 123 122 119 116 120 122 123
 122 119 116 115 115 116 117 116 113 110 111 114 115 114 114 115 116 117
 116 116 122 122 126 132 138 143 149 155 154 155 155 155 155 155 154 154
 154 153 153 153 154 154 153 153 150 153 153 152 152 155 155 154 153 153
 150 152 153 152 153 152 151 149 147 146 147 147 145 144 146 147 146 143
 139 138 138 139 137 136 132 129 127 125 122 123 115 115 117 119 118 116
 113 109 106 108 110 111 109 106 105 105 102 103 102  99  97  96  96  97
  95  95  94  92  90  89  89  89  90  87  85  84  85  86  84  82  76  78
  80  80  79  78  76  76  77  76  74  72  72  74  74  72  71  72  71  68
  65  65  66  67  68  70  70  67  65  65  64  61  59  61  56  57  56  53
  54  29]","[ 29  26 190 188 187 187 183 182 180 180 179 179 179 177 174 171 169 170
 167 162 158 157 156 155 152 148 142 139 138 138 138 137 130 125 121 123
 127 130 128 125 123 130 128 126 130 127 122 125 122 122 121 120 121 122
 120 116 117 118 117 112 110 111 112 113 122 124 129 133 133 137 146 153
 154 159 164 159 157 160 158 158 154 154 155 154 153 154 156 154 158 153
 153 155 153 153 155 154 154 153 153 153 151 150 149 150 150 150 150 149
 148 146 145 145 143 146 144 142 141 137 135 139 139 136 134 132 129 130
 124 123 121 122 121 117 114 115 115 113 111 112 113 111 108 106 104 102
 104 103 102 101 101 100  97  94  95  94  93  93  94  93  90  88  87  86
  85  86  84  81  79  79  80  78  77  77  77  75  74  73  73  73  72  69
  67  66  68  69  72  70  70  70  70  70  70  68  68  70  67  73  72  69
  66  28]","[ 30  28 194 193 191 190 188 188 189 189 188 187 186 186 185 185 183 182
 181 179 176 173 173 173 169 168 166 164 162 158 155 152 150 148 146 144
 141 138 134 133 131 134 131 129 132 129 125 127 133 133 131 127 125 125
 126 126 122 121 120 118 117 116 116 115 115 115 115 114 112 114 115 114
 116 118 122 121 126 136 139 139 146 151 156 158 158 158 159 160 158 155
 156 158 155 154 156 155 154 153 153 153 153 153 153 154 154 154 154 153
 152 152 152 151 145 147 148 148 148 145 142 143 143 142 140 139 138 143
 139 138 138 137 134 130 128 127 124 121 118 119 119 118 116 114 111 109
 113 110 108 109 109 106 103 103 106 103 100  98  97  97  96  95  94  92
  91  90  90  88  87  86  86  84  83  83  82  81  79  78  74  74  73  70
  68  68  71  73  72  71  73  74  72  72  73  71  69  70  68  71  70  71
  69  30]","[ 29  30 197 197 195 194 193 194 195 195 194 193 193 193 194 195 189 187
 187 188 186 183 183 185 187 186 184 182 180 177 176 175 179 174 170 170
 170 167 160 155 150 148 146 146 145 142 139 137 128 128 128 129 129 131
 134 136 130 126 125 126 127 125 122 120 116 116 114 112 113 115 115 112
 113 114 115 112 113 117 113 110 115 117 117 119 125 129 135 143 148 150
 157 162 161 159 158 158 159 158 157 156 154 153 153 154 155 157 156 155
 154 155 154 152 153 152 152 152 151 152 151 148 149 149 147 145 143 148
 144 143 144 144 144 143 141 138 135 132 134 133 131 129 126 123 120 117
 118 113 112 116 117 113 111 114 113 110 106 104 104 104 104 103 101  99
  97  95  95  95  93  91  94  93  91  90  89  87  86  85  83  82  80  77
  76  75  76  77  74  73  76  76  74  73  73  73  72  71  70  68  67  70
  67  28]","[ 29  30 197 198 196 196 196 198 195 196 196 196 196 195 195 195 196 195
 195 196 195 193 194 195 194 192 189 187 186 187 187 188 183 182 181 181
 180 178 177 177 175 171 171 173 169 165 162 158 161 158 155 154 151 146
 141 138 138 133 130 132 132 129 125 123 129 129 127 124 124 124 123 123
 121 121 120 115 112 114 115 115 115 115 110 110 115 113 110 116 117 119
 125 130 134 139 146 151 151 154 158 162 163 162 160 159 157 160 161 159
 157 158 157 154 154 153 154 154 152 154 154 150 149 150 152 154 152 154
 148 147 152 151 150 148 145 143 145 147 146 144 142 141 140 140 139 139
 134 129 128 129 128 122 120 122 120 118 116 115 114 113 111 110 110 109
 107 105 105 106 105 102 102 100  98  97  96  94  92  92  90  89  88  87
  88  88  87  86  81  79  79  80  77  75  75  75  76  73  74  70  67  70
  68  28]","[ 29  29 196 197 196 196 196 197 196 196 196 197 197 196 195 194 195 196
 196 194 194 195 195 194 196 194 193 192 192 192 190 189 189 189 189 189
 189 188 188 189 188 183 185 187 182 179 177 174 177 175 173 172 171 167
 163 160 160 154 151 151 150 145 142 141 140 138 135 135 136 132 129 131
 125 128 128 127 125 122 119 116 114 115 114 117 122 117 112 115 113 114
 114 113 111 111 114 117 115 117 121 127 132 137 141 145 155 159 160 159
 158 160 161 160 160 158 158 157 154 156 158 156 157 154 153 155 152 154
 152 156 152 152 152 152 151 150 151 152 148 146 145 145 144 144 144 145
 144 142 141 141 138 134 132 131 129 128 127 125 123 120 117 114 116 117
 115 113 113 114 115 113 111 110 108 107 106 105 104 103 102  99  96  96
  97  96  95  93  91  87  85  85  84  82  82  81  82  78  80  77  75  75
  74  31]","[ 30  29 196 196 196 196 195 196 196 196 195 195 196 196 196 195 195 197
 196 194 194 196 196 195 196 195 194 194 195 195 193 191 193 191 190 191
 193 193 190 188 190 186 188 188 185 184 185 184 187 186 185 183 180 180
 181 182 180 176 173 173 172 169 168 169 163 159 153 153 155 147 138 137
 139 137 131 130 130 129 129 127 125 126 124 124 124 119 117 121 115 119
 120 120 120 118 115 115 119 115 109 105 104 105 109 113 113 116 119 121
 124 130 136 138 144 148 156 163 163 162 162 161 160 158 157 158 154 155
 152 156 154 153 153 154 156 155 153 151 153 152 152 152 150 148 146 147
 145 146 147 145 144 144 142 141 141 140 138 137 134 132 129 127 126 125
 123 119 117 117 118 118 116 115 115 115 114 113 112 112 113 110 106 104
 104 104 104 102 101  95  93  93  93  92  91  89  90  88  87  85  85  82
  81  29]","[ 30  29 196 197 196 197 195 196 196 196 196 196 195 195 196 196 194 194
 194 194 194 195 195 194 196 195 193 193 194 195 195 194 192 194 196 195
 193 190 191 193 193 192 192 191 190 191 192 192 191 192 190 187 185 186
 188 188 184 182 181 181 181 180 180 182 183 182 177 178 183 179 171 171
 165 165 161 161 158 152 149 143 135 135 135 134 130 125 122 123 126 127
 123 121 123 123 122 124 120 120 120 120 118 115 114 114 117 116 114 111
 110 110 111 112 111 111 111 115 119 124 133 142 146 151 158 162 160 162
 156 156 159 158 156 153 152 154 156 155 153 151 151 152 153 151 150 151
 152 153 154 152 150 149 148 147 151 151 150 150 149 147 145 144 139 138
 136 134 132 129 127 127 123 122 122 121 120 118 116 116 116 115 114 113
 113 114 115 116 110 104 103 105 104 102 101  99 100 100  96  93  95  92
  90  27]","[ 29  29 196 198 197 197 195 196 196 197 199 199 197 196 196 196 195 194
 194 197 197 196 196 197 195 195 196 195 195 194 193 192 195 193 192 193
 193 193 192 192 192 193 192 192 192 193 192 191 189 190 189 188 189 192
 190 187 191 189 189 188 188 186 186 187 185 187 183 181 184 181 178 180
 179 182 180 181 177 171 170 168 167 163 161 159 155 151 148 146 146 144
 136 130 129 126 122 121 125 125 125 124 123 120 119 119 119 118 116 116
 116 116 115 115 114 114 113 113 114 111 111 119 115 119 120 118 118 129
 132 135 138 146 153 155 154 155 157 157 161 157 154 154 155 154 154 154
 154 154 155 155 154 153 154 154 153 153 154 154 153 151 149 148 145 144
 146 147 146 142 138 137 137 136 135 134 131 128 125 125 123 124 124 122
 119 116 116 116 118 113 113 115 114 111 109 107 107 109 103 100 105 104
 101  30]","[ 30  29 193 196 198 198 197 196 197 196 196 197 198 198 197 196 197 196
 195 195 195 195 195 195 194 196 197 195 192 190 191 193 193 193 192 192
 192 192 192 192 194 192 190 190 191 192 193 192 191 190 189 190 192 192
 192 192 193 192 191 190 190 189 188 188 188 188 189 190 189 187 187 187
 188 187 186 184 183 182 180 179 179 177 175 173 172 170 166 163 164 162
 159 156 155 152 148 146 140 134 132 129 120 118 120 116 117 117 116 116
 119 122 122 119 117 121 118 114 116 115 115 118 111 112 112 109 107 109
 110 108 108 114 114 113 116 120 124 129 138 145 155 156 157 161 161 158
 158 159 159 156 151 152 154 154 152 155 154 155 155 153 154 153 155 153
 151 150 149 148 147 146 145 147 148 146 143 140 138 138 137 135 132 130
 130 129 127 125 122 119 117 116 117 116 114 112 113 111 110 111 110 110
 111  29]","[ 29  29 193 197 199 199 198 197 200 198 197 197 197 197 196 196 195 195
 195 195 196 196 195 195 195 196 196 195 194 193 193 194 193 193 193 193
 192 192 192 192 193 192 191 191 191 192 192 191 192 191 191 191 192 192
 192 192 192 191 190 189 189 189 189 189 188 189 190 191 190 189 188 188
 188 188 188 188 189 189 188 187 188 187 186 185 184 183 181 179 179 178
 177 176 176 175 173 172 174 170 169 167 159 156 156 152 148 142 138 138
 137 134 130 128 129 124 119 117 125 119 120 125 117 118 121 121 118 117
 118 118 115 114 111 112 116 116 111 107 108 107 109 110 116 129 137 139
 145 146 150 155 159 162 161 158 158 159 157 156 156 156 159 158 157 156
 155 155 155 155 154 153 153 152 150 148 147 147 148 150 146 146 145 143
 141 138 137 136 134 132 129 128 127 126 124 122 124 122 119 119 116 114
 114  28]","[ 29  29 193 198 199 199 199 198 201 200 199 198 198 198 197 196 196 196
 197 197 198 197 197 196 196 196 195 195 195 195 195 194 194 194 195 194
 193 193 193 194 193 193 192 192 193 193 192 191 192 192 192 192 192 192
 192 192 191 190 190 190 190 190 190 190 189 190 191 192 192 191 190 190
 190 190 190 190 191 191 190 188 188 189 189 188 188 188 188 187 185 185
 184 184 184 184 183 182 182 180 182 181 177 175 175 171 172 166 162 162
 162 159 155 152 149 144 141 136 138 125 121 122 122 120 122 124 124 122
 122 122 122 118 116 117 118 120 119 117 116 112 111 108 107 110 109 107
 110 112 115 117 119 123 131 138 144 149 152 156 159 160 161 157 161 159
 157 157 158 158 157 156 154 154 154 154 153 152 151 151 150 149 147 146
 146 145 146 146 142 141 139 139 139 138 137 135 131 129 127 127 126 124
 123  29]","[ 29  29 193 198 199 199 200 199 200 200 201 201 201 200 199 197 200 200
 200 199 199 199 198 197 197 196 195 195 195 195 195 195 195 195 195 195
 194 194 194 195 195 194 194 194 194 194 192 192 192 193 192 192 191 191
 191 191 191 191 191 191 192 192 191 191 190 190 191 192 192 191 190 191
 190 190 190 190 190 190 189 186 188 188 188 188 188 188 188 188 189 189
 189 188 187 187 186 186 184 184 186 186 184 184 184 182 183 182 180 178
 178 178 176 171 172 175 175 168 167 160 153 148 142 137 133 132 130 129
 126 122 118 117 121 124 121 120 122 121 123 120 121 119 116 117 116 117
 115 112 109 108 108 108 108 111 108 110 108 110 117 128 138 140 144 153
 162 165 162 159 161 163 164 161 158 154 152 152 153 154 153 151 150 151
 153 153 152 149 147 147 147 147 148 147 147 146 145 143 142 141 140 136
 132  28]","[ 29  30 194 198 198 199 201 202 202 202 203 204 204 203 201 200 202 202
 201 200 200 199 198 198 198 198 197 196 196 196 196 196 197 196 196 195
 194 194 194 195 196 195 195 194 194 194 193 193 193 194 193 192 191 192
 191 190 191 191 192 193 193 193 192 192 191 190 190 190 190 190 190 190
 190 191 190 190 191 191 190 188 188 188 187 187 188 188 188 187 186 186
 187 187 186 186 186 187 188 187 187 187 186 185 185 184 185 186 186 184
 184 185 184 182 180 183 179 177 177 183 178 173 175 172 167 163 159 159
 157 152 150 144 143 141 134 128 125 121 118 117 123 125 124 124 122 121
 118 116 113 114 116 115 113 116 112 114 112 111 111 110 109 105 107 104
 104 108 115 122 126 126 133 136 142 149 154 158 162 164 158 157 155 154
 153 153 152 152 151 151 151 152 151 150 149 149 147 145 146 146 146 144
 142  31]","[ 29  30 194 197 196 197 201 204 204 204 203 203 203 203 203 203 203 203
 202 202 201 201 201 200 200 200 200 199 198 197 198 198 199 198 197 196
 195 195 194 194 196 195 195 195 194 194 194 194 194 195 195 193 193 193
 193 191 190 191 192 193 194 193 193 193 193 192 191 191 191 190 191 191
 191 192 191 191 190 191 190 189 188 188 187 187 188 188 187 186 187 187
 188 188 188 189 189 189 191 190 189 188 188 187 187 187 185 184 186 188
 188 187 187 190 187 188 183 186 181 186 183 183 180 182 183 179 175 176
 177 175 172 168 164 162 159 158 158 157 155 147 141 134 129 128 125 123
 119 120 116 113 114 115 117 124 121 121 117 116 114 113 114 113 113 115
 116 114 109 104 102 102 104 104 105 106 110 116 123 128 136 143 151 156
 156 155 155 156 152 153 153 154 154 155 154 154 153 151 152 149 149 148
 148  30]","[ 29  30 194 194 193 193 199 203 204 203 203 203 203 203 204 204 204 204
 204 204 204 204 203 203 202 202 202 201 200 200 200 200 201 200 199 199
 199 198 197 196 196 196 196 196 195 195 195 195 195 196 195 194 194 195
 194 191 191 192 193 193 193 193 193 193 194 193 192 192 192 192 192 192
 192 192 192 190 189 189 189 189 190 190 190 190 190 189 188 188 187 187
 187 187 187 188 188 188 189 189 187 186 188 188 187 188 189 187 188 189
 188 186 187 189 189 190 190 193 186 186 185 188 184 185 186 184 180 180
 181 180 177 180 179 177 176 174 172 171 173 168 166 162 157 156 150 146
 147 145 137 131 133 130 122 120 123 122 119 119 118 116 119 120 119 118
 117 116 115 114 113 112 110 110 109 107 107 107 107 107 106 107 109 110
 114 121 131 138 145 145 146 148 151 155 157 158 158 157 159 155 153 151
 150  26]","[ 29  30 193 192 189 190 196 201 201 202 203 203 203 203 203 203 204 204
 205 205 206 205 204 203 204 203 202 201 201 201 201 201 202 201 201 202
 203 202 201 199 197 197 197 197 197 196 196 196 195 196 195 194 194 195
 194 191 194 194 194 194 193 193 193 193 193 192 191 192 192 192 192 192
 192 192 192 191 190 191 192 192 190 191 191 191 189 188 188 188 187 187
 187 187 188 189 189 189 189 190 188 187 189 188 187 188 187 188 188 186
 187 189 189 188 188 187 188 188 186 187 188 187 189 186 185 186 185 185
 186 185 186 189 186 183 185 186 185 187 181 180 181 178 175 177 176 176
 168 171 166 161 162 158 153 154 148 147 144 144 138 129 126 124 122 121
 120 120 122 123 122 121 121 119 117 116 116 116 115 115 113 112 110 108
 107 105 104 102 103 103 103 106 111 116 120 122 128 131 141 145 149 153
 156  31]","[ 29  30 191 194 194 192 195 198 199 199 200 201 203 203 203 203 203 203
 204 205 206 206 204 202 204 204 203 201 201 202 203 203 203 203 203 203
 203 202 201 200 200 201 201 200 199 198 199 199 199 196 195 195 195 195
 195 195 195 195 196 195 195 194 194 194 194 194 193 193 193 192 192 192
 192 192 192 192 192 192 192 192 192 191 191 190 190 189 189 189 187 189
 189 188 188 190 190 188 189 189 189 188 188 188 188 188 188 188 188 187
 187 188 189 189 188 189 189 189 189 188 188 187 186 187 187 187 186 186
 186 186 188 187 187 186 186 186 186 187 185 184 182 182 182 182 181 181
 180 178 177 176 176 175 172 170 166 165 164 163 162 159 154 150 144 145
 143 137 132 130 128 126 122 120 120 121 119 117 117 116 118 118 117 115
 114 113 112 112 112 107 105 107 109 107 104 103  99 103 107 108 110 111
 118  30]","[ 28  29 190 193 194 192 195 197 198 198 199 200 201 202 203 203 203 203
 204 204 205 206 205 204 203 203 202 200 200 201 203 203 204 203 203 203
 203 202 200 200 200 201 201 201 201 200 201 201 200 198 197 197 196 196
 195 196 195 196 196 196 195 195 195 195 195 195 195 195 194 194 193 193
 193 193 193 193 193 193 193 193 192 191 190 190 189 189 189 189 190 191
 191 190 190 191 191 190 189 189 189 188 188 189 189 189 188 188 188 187
 188 188 188 188 189 189 189 189 189 189 188 188 187 187 187 187 187 187
 187 187 188 188 188 187 187 187 187 187 186 185 183 182 182 183 183 183
 182 181 181 182 183 182 180 178 179 178 178 177 176 174 172 170 168 167
 164 159 154 152 150 148 144 141 139 136 131 126 123 121 118 120 122 119
 114 113 117 122 123 119 115 115 115 115 114 114 116 110 109 111 109 103
 108  28]","[ 29  29 189 192 194 193 196 197 195 196 197 198 199 201 202 203 203 203
 203 203 203 204 204 204 203 203 202 200 200 202 203 203 203 203 202 203
 202 201 200 199 200 201 201 201 201 201 201 201 200 199 199 198 197 196
 196 197 196 197 197 196 196 195 195 195 195 196 196 196 195 195 195 194
 194 194 195 195 195 195 195 195 193 192 191 190 190 190 190 191 192 193
 192 191 191 192 191 190 189 189 189 189 189 190 190 190 188 189 189 189
 188 189 189 188 189 189 189 189 189 189 188 188 188 187 187 187 188 188
 188 187 188 188 188 187 187 187 187 187 186 185 183 182 182 183 184 185
 184 185 185 186 186 185 183 182 181 181 181 181 180 180 180 179 179 178
 176 172 171 170 169 168 166 164 162 161 158 155 154 151 153 146 139 135
 134 133 129 125 117 116 115 114 116 119 121 122 122 119 118 120 117 114
 113  29]","[ 30  30 189 192 194 193 195 195 194 195 195 196 197 199 201 202 201 202
 202 202 202 202 203 204 203 202 201 201 202 202 203 202 203 202 202 202
 202 200 200 200 201 201 201 201 201 200 200 199 200 199 199 199 198 197
 197 197 197 197 197 196 195 195 195 195 196 196 196 195 195 195 195 195
 195 195 195 195 195 195 195 195 195 194 193 192 192 192 193 193 193 193
 192 191 191 191 191 191 190 190 190 190 190 191 191 191 190 191 190 190
 190 190 190 189 189 189 189 189 189 189 189 188 189 188 187 188 188 189
 188 187 187 187 187 187 187 187 186 186 186 186 184 183 183 183 184 185
 185 186 186 186 186 184 183 182 181 181 181 181 181 181 181 181 180 180
 180 178 179 179 179 178 176 173 173 173 171 170 169 167 166 163 159 158
 158 157 154 151 150 150 147 142 138 137 136 133 126 122 117 115 113 118
 119  29]","[ 30  29 188 190 193 192 194 193 194 194 195 195 196 197 199 201 201 202
 202 202 202 202 203 203 203 202 202 202 203 203 202 202 202 201 201 202
 201 200 200 200 201 200 200 200 199 199 198 198 200 199 198 199 199 199
 198 198 197 197 197 197 196 195 196 196 197 196 195 195 195 195 196 197
 195 195 195 195 195 195 195 195 196 195 194 194 194 194 195 195 194 194
 193 193 193 193 193 193 192 192 191 191 191 191 192 192 192 192 192 191
 190 191 191 191 190 190 190 189 189 189 189 189 190 189 188 188 189 189
 188 187 187 187 187 187 187 187 187 187 187 186 185 185 184 184 184 184
 185 185 186 186 186 185 185 184 184 183 183 182 183 183 183 182 181 182
 182 182 182 181 181 181 183 181 181 180 178 178 177 175 176 177 177 175
 172 169 168 168 167 167 164 160 158 157 155 152 150 144 141 143 141 140
 134  27]","[ 29  29 187 188 191 191 193 193 194 194 194 194 195 196 198 198 200 201
 203 203 203 203 204 204 205 204 203 204 204 203 203 203 202 201 201 201
 201 200 200 200 200 200 199 199 198 198 198 199 199 198 196 197 199 199
 199 198 198 198 198 197 197 197 197 198 197 197 196 195 195 196 197 198
 196 196 196 196 196 196 195 195 196 195 195 194 194 195 195 195 194 194
 194 194 194 194 194 194 193 193 193 193 193 193 193 193 194 194 193 191
 191 192 192 192 192 191 191 190 190 190 190 190 191 189 188 188 189 189
 188 187 187 187 187 187 187 187 187 187 188 188 187 187 186 186 185 185
 185 185 186 186 185 185 185 184 185 184 183 183 183 183 182 181 180 181
 182 182 182 181 180 180 180 180 181 181 180 181 182 180 183 181 179 180
 182 184 182 180 180 180 177 175 174 176 175 173 178 173 166 162 160 162
 160  33]","[ 29  29 187 187 189 190 193 192 193 193 193 194 195 196 196 197 198 199
 200 202 202 203 204 204 205 204 204 204 203 202 202 204 203 202 202 202
 201 200 200 200 199 199 199 198 197 197 198 199 198 197 196 197 197 198
 198 198 199 199 198 197 197 196 197 197 196 196 196 196 196 197 197 197
 197 197 197 197 196 196 196 195 195 195 195 195 195 195 195 195 194 194
 195 195 195 195 194 194 194 194 194 194 194 194 194 194 195 195 195 194
 193 194 194 194 194 193 192 192 191 191 191 192 191 190 190 190 190 190
 189 188 188 188 188 188 188 188 188 188 189 188 187 187 188 187 187 186
 186 186 186 186 186 185 184 183 185 185 184 184 183 184 184 184 183 182
 183 184 184 184 183 183 183 183 184 183 181 182 184 182 183 183 182 182
 181 181 182 183 178 179 178 178 179 182 183 183 179 181 179 176 176 178
 176  28]","[ 29  29 186 186 187 188 191 190 192 192 192 193 194 195 196 195 195 196
 197 199 200 202 203 203 205 203 202 202 201 200 200 202 204 203 203 202
 201 200 200 200 199 199 198 197 195 196 197 199 198 197 197 197 197 197
 198 199 200 200 199 197 196 195 195 195 195 195 196 196 196 196 196 196
 197 197 196 196 195 195 194 194 195 195 195 196 196 196 196 195 195 195
 196 197 197 195 195 195 195 195 194 194 194 195 195 195 196 196 196 196
 195 196 195 195 195 194 194 193 192 192 192 193 193 193 192 192 192 192
 192 191 190 190 190 189 189 190 190 190 188 188 187 187 188 188 187 186
 186 186 187 188 188 187 186 185 185 185 185 184 183 184 185 186 187 185
 184 185 185 185 183 182 183 184 185 184 181 182 184 183 183 182 182 182
 183 183 182 181 180 181 182 182 182 182 182 182 183 179 178 180 181 177
 180  30]","[ 30  30 187 188 187 188 189 190 191 191 191 192 194 195 195 195 196 197
 197 199 200 202 203 204 203 203 203 203 202 201 201 202 203 204 204 203
 202 202 201 199 200 198 197 197 196 197 198 200 199 198 197 197 197 197
 198 199 199 199 198 197 196 196 196 197 196 196 196 196 196 196 196 196
 197 197 197 196 195 195 195 196 195 195 195 195 195 195 194 194 195 195
 196 195 195 194 195 196 195 195 196 195 194 194 195 196 196 195 195 195
 195 195 195 195 195 195 195 194 194 193 192 192 192 193 193 193 193 194
 194 193 192 191 190 189 189 190 190 190 189 188 187 186 186 187 188 188
 186 186 188 187 186 187 188 185 187 186 185 185 186 187 187 187 186 186
 186 186 185 184 185 185 185 185 186 185 185 185 185 186 186 187 186 184
 182 182 182 181 181 181 182 184 185 185 184 184 182 181 179 180 181 181
 181  28]","[ 29  29 187 187 186 187 188 188 189 189 190 191 193 194 194 194 194 195
 195 196 198 199 201 202 202 202 202 202 202 201 201 202 203 203 203 202
 202 201 201 200 198 197 196 196 195 196 197 198 199 198 199 199 198 197
 198 199 199 198 198 196 196 195 196 196 195 195 195 195 195 195 195 195
 196 196 196 195 195 195 195 195 195 195 195 195 195 195 195 194 195 194
 194 194 195 195 195 195 195 195 195 195 195 195 195 195 194 194 194 195
 196 196 195 195 195 196 196 196 195 194 194 193 194 195 195 195 195 195
 195 194 193 192 191 191 191 191 191 190 190 190 190 190 189 189 188 187
 189 189 190 188 186 187 188 186 186 186 185 186 186 187 187 187 187 187
 187 187 186 184 184 185 186 186 186 186 186 186 185 185 186 186 186 184
 183 183 182 182 182 182 183 185 186 185 184 184 184 184 182 182 182 182
 181  29]","[ 29  29 186 187 186 187 187 187 187 187 189 190 192 192 192 192 194 194
 194 195 196 198 199 200 201 201 201 202 201 200 201 201 202 203 203 202
 202 202 201 200 199 198 196 196 196 196 196 197 198 198 199 199 198 197
 197 198 198 198 197 196 195 195 195 195 195 195 195 195 195 195 195 195
 196 195 195 195 195 195 195 195 195 195 195 195 195 195 195 195 195 193
 192 193 195 196 195 194 195 194 194 194 195 195 195 194 194 194 194 195
 196 196 195 194 194 195 195 195 195 194 194 194 194 195 195 195 195 195
 195 194 194 193 193 193 193 193 192 192 192 193 193 192 191 191 190 190
 192 192 192 190 188 188 189 188 186 187 187 188 188 188 188 188 188 188
 188 188 187 185 185 185 187 187 186 187 187 187 186 185 186 186 186 185
 184 184 184 183 183 183 184 185 186 185 184 183 185 185 184 183 182 181
 181  29]","[ 29  29 187 188 187 187 187 187 187 187 188 189 190 191 192 192 194 194
 195 195 196 197 198 199 200 200 200 200 200 199 199 199 201 202 202 202
 202 202 202 201 200 199 198 197 197 197 197 197 196 197 198 198 197 195
 196 197 197 196 195 195 195 195 195 195 195 195 195 195 195 195 195 195
 196 195 195 195 195 196 195 195 195 195 195 195 195 195 195 195 194 193
 192 193 194 195 195 194 195 195 194 194 195 195 194 193 194 194 194 194
 195 195 194 194 192 193 194 193 193 193 193 194 194 194 194 193 193 194
 194 194 193 193 193 193 193 194 194 194 194 194 194 193 192 192 193 194
 193 192 193 192 190 190 191 190 188 189 190 190 190 189 189 190 189 189
 189 189 189 187 187 187 189 188 187 188 189 188 187 186 187 187 187 186
 186 186 185 184 183 183 184 185 185 184 183 182 184 185 184 183 181 180
 181  29]","[ 29  29 187 188 187 188 187 187 187 187 188 188 189 190 191 191 192 193
 194 195 195 196 196 197 199 199 199 199 199 199 198 199 200 201 201 201
 201 202 201 201 200 198 197 197 197 197 197 197 196 196 196 196 196 195
 195 196 196 195 195 195 196 196 195 195 195 195 195 195 195 195 195 195
 196 195 195 195 195 196 195 195 195 195 195 195 195 195 195 195 194 194
 193 193 193 194 194 195 195 195 195 195 194 194 194 194 194 194 193 194
 194 194 193 193 193 193 193 193 192 193 194 195 194 194 193 192 192 193
 193 193 193 193 193 192 193 193 194 195 194 194 194 193 193 194 195 196
 193 192 193 193 191 191 192 191 190 191 192 192 192 191 191 191 191 191
 191 191 191 190 190 191 191 190 188 189 190 190 189 187 188 189 188 188
 187 187 187 186 185 184 185 186 186 185 183 182 184 186 185 184 182 182
 181  30]","[ 29  29 186 187 186 187 187 186 187 187 187 187 187 188 189 190 191 192
 194 195 195 195 195 196 198 197 198 199 199 199 199 199 199 200 200 200
 200 200 200 200 200 198 197 197 197 197 197 197 197 196 196 196 195 195
 195 196 195 195 195 195 196 196 196 195 195 195 195 195 195 195 195 195
 195 195 194 194 195 195 194 194 194 194 194 194 194 194 194 194 194 194
 194 194 193 193 194 195 195 195 195 194 194 194 194 194 194 194 193 193
 193 193 193 192 193 192 192 192 193 193 194 195 193 193 192 191 191 192
 192 192 193 193 192 192 191 192 193 194 193 193 194 195 195 194 194 194
 193 192 192 193 191 191 191 190 189 190 191 192 192 192 192 192 194 194
 193 193 192 191 191 192 192 191 189 190 191 192 191 190 190 191 190 189
 188 188 188 188 188 187 188 188 188 187 185 184 185 187 186 185 184 184
 183  30]","[ 29  29 184 186 186 187 187 186 187 187 187 187 187 187 188 189 189 191
 193 194 194 195 195 196 196 196 196 198 199 199 198 199 199 199 199 199
 199 200 200 200 200 198 196 196 197 197 197 197 199 197 196 196 196 195
 195 195 194 195 195 196 195 195 195 195 195 195 195 195 195 195 196 196
 194 194 195 194 194 194 194 194 194 194 194 195 194 194 193 193 194 194
 194 194 193 193 195 196 196 195 194 193 193 194 194 194 194 193 193 193
 194 193 193 192 192 192 191 192 193 194 194 194 193 193 193 192 192 192
 192 192 193 193 193 192 191 191 192 193 193 193 193 194 194 194 194 193
 194 191 190 191 190 190 190 189 189 190 190 191 192 192 193 193 194 194
 194 194 192 191 191 191 192 191 190 190 191 192 192 192 192 193 192 190
 189 188 189 189 190 190 190 191 191 189 187 186 186 188 187 187 187 187
 184  29]","[ 30  29 184 186 186 187 187 187 187 187 188 187 187 187 188 188 187 189
 191 192 193 194 196 197 196 195 195 197 198 197 197 197 199 200 200 200
 200 200 200 200 199 197 196 196 196 197 197 197 200 198 196 196 196 195
 194 193 194 195 196 196 195 194 194 194 194 194 194 194 194 195 195 195
 194 195 195 195 194 194 194 194 193 194 194 195 194 194 193 192 194 194
 194 194 194 194 196 197 197 195 192 192 193 194 194 193 193 193 193 194
 194 194 193 192 192 192 192 193 195 195 194 193 194 195 195 194 194 194
 194 193 192 192 193 192 192 192 192 193 194 193 192 192 193 194 194 194
 193 190 189 190 189 189 190 189 190 190 190 191 192 192 192 192 193 193
 193 193 192 190 190 190 192 191 190 190 191 193 193 193 193 194 194 191
 189 188 189 190 192 192 192 192 192 190 188 187 187 189 188 188 188 189
 185  29]","[ 29  30 186 187 185 186 186 186 187 187 187 187 186 186 187 187 187 189
 190 189 190 193 195 195 195 195 195 195 195 196 196 197 199 199 199 199
 199 199 199 199 198 197 197 197 198 197 196 196 196 196 195 195 195 195
 194 194 193 194 194 195 194 194 194 195 193 194 195 195 195 195 194 194
 195 194 192 193 194 194 194 194 194 195 194 194 193 194 194 193 196 195
 194 193 194 194 195 195 195 194 193 192 193 193 193 193 193 194 194 194
 194 194 193 192 192 193 193 194 194 194 195 195 195 195 195 194 193 193
 193 193 193 193 193 193 193 194 194 193 195 194 193 192 193 193 193 193
 192 190 189 190 191 191 190 190 190 190 190 191 191 192 193 193 193 194
 193 193 191 191 190 190 191 190 190 190 191 193 194 193 192 193 192 190
 189 190 190 190 193 192 191 192 194 194 192 189 189 189 189 190 189 190
 187  29]","[ 29  29 186 187 186 186 186 186 186 187 187 187 187 186 187 187 186 188
 189 188 189 192 194 195 194 194 195 195 195 196 196 197 198 198 198 197
 197 198 198 198 198 197 197 197 197 197 196 195 196 195 195 195 195 195
 194 194 194 195 195 195 195 195 194 194 194 194 195 195 195 195 195 195
 194 193 192 193 194 193 193 193 195 195 195 194 194 195 195 195 196 195
 194 194 195 195 195 195 195 194 193 193 193 193 193 193 193 194 194 194
 194 194 193 193 193 193 193 194 194 194 194 194 195 195 194 193 193 193
 193 192 194 194 194 194 194 194 194 193 193 193 193 193 193 193 193 193
 194 193 192 191 191 191 190 190 190 191 191 192 192 193 192 191 194 194
 193 193 192 191 190 190 190 190 190 189 190 192 192 192 191 192 191 189
 188 189 189 189 190 190 191 192 194 194 193 191 191 189 190 191 191 193
 188  29]","[ 29  29 186 187 185 186 187 186 186 186 187 187 187 186 186 187 186 187
 187 186 187 190 192 193 192 193 194 195 195 195 195 196 197 197 196 196
 196 196 197 197 197 196 196 196 196 196 196 195 195 195 195 195 195 195
 195 194 194 194 194 194 194 194 194 194 195 195 195 195 195 195 195 195
 194 193 193 194 194 194 194 194 195 195 194 194 194 195 195 195 196 195
 195 195 195 195 195 195 195 194 194 193 194 193 193 193 193 194 194 195
 195 194 194 193 193 193 193 193 194 195 194 194 196 195 194 193 193 194
 194 193 194 195 195 194 194 195 195 194 192 193 194 194 194 193 193 193
 194 193 192 193 192 192 192 193 191 191 192 193 194 193 192 191 193 193
 193 193 193 192 191 191 190 190 189 189 190 191 191 190 190 190 190 189
 188 188 188 188 188 188 189 191 192 193 193 193 192 190 190 192 193 194
 188  29]","[ 29  29 185 184 183 185 186 187 186 186 186 187 186 186 186 185 187 187
 187 186 186 188 190 191 191 192 193 194 194 193 194 195 196 196 196 195
 195 196 196 197 196 196 196 196 196 196 196 196 195 195 195 195 195 195
 194 194 193 193 193 194 194 195 194 194 195 195 195 195 195 195 195 195
 194 194 194 195 195 194 194 194 195 195 195 194 194 195 195 195 195 195
 195 195 195 195 194 194 194 194 194 194 193 193 193 193 193 194 194 195
 195 195 194 194 194 193 192 192 194 194 194 194 195 194 193 192 193 194
 194 193 193 194 194 194 194 194 195 194 191 193 194 194 194 193 193 193
 193 193 193 194 193 193 193 194 191 192 193 194 194 194 192 191 192 192
 193 193 194 194 193 192 190 190 190 189 189 190 190 190 190 190 190 190
 190 189 189 188 188 188 187 188 190 191 192 193 192 190 190 192 192 194
 188  29]","[ 29  29 184 183 181 183 184 185 186 186 186 186 186 185 185 185 187 187
 187 187 187 188 189 189 190 191 193 193 193 193 194 195 196 196 196 195
 196 196 197 197 196 196 196 196 195 196 196 197 195 195 195 195 195 194
 194 194 194 194 193 194 195 195 195 194 195 195 195 195 195 195 195 195
 193 194 194 195 195 194 194 194 195 196 196 195 195 196 195 195 195 195
 195 195 195 195 194 194 194 194 194 194 194 193 193 193 193 194 194 195
 195 195 195 194 195 193 192 192 193 194 195 195 193 193 192 191 192 193
 193 192 193 194 194 193 193 193 193 193 192 192 193 194 193 193 193 193
 194 194 194 194 193 192 192 193 192 192 193 194 194 194 193 192 193 193
 193 194 195 194 193 192 190 191 191 190 190 190 190 190 190 190 190 191
 191 190 190 190 190 188 186 186 188 190 191 192 192 191 191 191 190 191
 187  29]","[ 29  29 185 185 183 184 184 183 185 185 185 185 185 185 185 185 186 187
 187 187 187 188 189 189 190 191 192 193 193 193 194 195 195 195 196 196
 196 196 197 197 197 197 196 196 195 195 196 197 196 196 196 196 195 194
 194 194 194 194 194 194 194 194 194 194 195 195 195 195 195 195 195 195
 194 194 194 195 195 195 194 194 195 195 196 195 195 195 195 194 195 195
 195 195 195 195 194 194 194 195 195 195 194 194 194 194 193 194 194 194
 195 195 195 194 195 193 192 192 192 194 194 195 194 194 193 192 192 193
 192 191 193 193 193 192 192 192 192 191 192 192 193 193 193 192 192 193
 192 192 192 192 192 191 191 192 192 192 193 193 194 194 193 193 193 193
 194 194 194 193 192 191 190 191 191 191 190 190 190 190 189 189 189 190
 191 191 191 191 192 190 187 186 187 189 191 191 192 191 191 191 189 190
 186  29]","[ 29  29 185 186 184 185 185 184 184 184 184 184 185 186 186 186 187 187
 187 187 187 187 188 190 190 190 191 191 192 193 194 194 194 195 195 196
 196 196 196 196 196 196 196 195 195 196 197 198 197 197 197 197 196 195
 194 195 194 194 194 194 194 194 194 194 195 195 194 194 194 194 194 194
 195 194 194 195 195 195 195 195 194 194 195 194 195 195 195 195 195 195
 194 194 194 194 194 193 194 195 195 194 194 194 194 195 193 193 194 194
 194 194 194 194 194 193 193 192 193 194 194 195 195 195 195 194 194 194
 193 192 193 193 193 192 192 192 192 192 192 192 192 192 192 192 192 192
 190 190 190 191 191 191 192 192 192 192 192 193 193 193 192 192 192 193
 194 194 193 192 191 190 189 190 191 191 190 190 190 189 189 188 188 190
 191 191 192 192 193 191 188 187 188 190 192 193 193 192 193 193 190 191
 187  29]","[ 29  28 184 183 182 184 185 184 183 183 183 183 185 186 187 187 188 188
 187 187 187 186 188 189 189 189 189 190 190 192 193 193 193 194 195 196
 196 196 196 196 195 195 195 195 195 196 198 199 198 198 198 197 196 195
 195 195 194 195 195 195 195 195 195 196 195 195 194 193 193 194 194 195
 194 193 192 193 194 194 194 194 194 194 194 194 195 196 196 196 194 194
 193 193 193 193 193 193 194 194 194 194 193 193 194 194 193 193 194 194
 194 194 194 194 193 193 193 193 193 194 194 194 194 195 195 195 194 194
 193 192 191 192 192 192 193 193 194 193 192 192 192 192 193 192 192 191
 192 192 192 192 192 191 191 192 192 192 192 193 193 193 191 190 191 192
 194 194 193 191 190 189 188 190 191 190 190 190 189 189 189 188 188 190
 192 192 193 194 192 191 190 189 189 190 193 194 195 193 194 194 192 192
 187  29]","[ 29  28 182 182 183 185 185 186 185 185 185 185 185 186 186 186 188 187
 187 187 187 188 188 187 187 188 188 188 189 190 192 193 193 193 193 194
 195 196 195 194 195 195 195 195 196 197 199 200 198 198 197 196 196 196
 195 194 195 196 196 196 196 195 196 196 196 196 195 194 194 194 194 194
 192 192 192 193 193 193 194 194 194 194 194 194 194 195 195 195 194 194
 192 191 190 190 191 192 194 194 194 194 193 193 193 194 193 194 194 193
 193 194 193 193 193 193 194 193 192 193 194 196 195 195 195 195 195 194
 193 192 193 193 194 194 194 194 193 193 193 193 194 193 192 193 193 192
 192 192 193 192 192 192 191 190 189 192 194 192 190 191 191 190 190 190
 190 190 189 188 188 188 190 189 190 190 191 191 190 189 189 190 191 191
 192 193 193 193 193 192 192 191 190 192 194 193 193 194 195 194 194 192
 189  28]","[ 28  28 183 183 184 185 183 183 184 185 185 185 185 186 186 186 187 186
 186 186 187 187 187 187 188 188 189 189 189 189 190 191 191 192 193 194
 194 194 195 195 196 195 195 195 195 196 198 198 197 197 196 196 196 196
 196 195 195 195 195 195 195 195 195 195 194 194 194 194 193 193 192 192
 191 191 191 191 191 192 193 194 194 194 194 194 194 194 195 195 195 194
 193 191 190 190 191 192 193 193 194 193 193 193 193 194 194 195 194 193
 193 193 192 191 192 192 193 193 193 193 195 195 195 195 194 194 194 194
 193 193 192 193 193 193 193 194 194 193 193 193 194 193 193 193 193 193
 192 193 193 192 192 192 191 189 190 193 194 193 191 192 192 191 190 190
 190 189 189 188 188 188 190 190 190 190 190 191 191 192 191 192 192 191
 190 190 192 193 194 193 193 192 191 193 194 192 192 193 194 193 194 192
 190  29]","[ 29  29 184 186 186 186 183 182 184 184 184 184 185 186 187 187 186 186
 186 186 186 187 187 187 188 188 189 189 189 189 189 189 190 191 193 193
 193 193 194 195 196 195 195 195 195 196 196 197 196 196 196 196 196 197
 196 196 195 195 195 195 195 195 195 195 194 194 195 195 194 193 192 192
 191 191 190 190 190 192 193 194 194 194 195 194 194 193 194 195 195 194
 193 192 191 191 192 193 193 193 193 193 193 193 194 194 195 195 194 193
 192 192 192 191 192 192 193 193 194 194 194 195 194 194 193 193 193 193
 193 193 192 193 193 192 192 193 194 193 193 194 194 193 193 193 193 193
 193 194 193 193 192 192 190 189 190 193 194 194 192 192 192 191 189 189
 189 189 189 189 188 188 189 189 189 190 190 190 191 191 192 193 194 192
 190 189 191 193 194 193 193 193 192 193 193 190 191 192 193 192 194 192
 190  29]","[ 29  30 184 186 186 186 183 182 183 184 185 184 185 186 187 187 187 187
 187 187 187 187 187 188 187 187 188 188 188 189 189 190 189 190 191 192
 191 191 192 194 194 194 194 195 195 195 196 196 196 196 196 196 196 196
 196 196 195 195 195 195 195 195 195 195 195 195 195 195 195 194 193 193
 193 192 191 190 191 192 194 195 194 195 195 195 194 193 194 194 195 194
 194 193 192 192 192 193 193 193 194 194 193 193 194 194 194 194 193 192
 192 193 193 193 192 192 191 192 192 193 193 193 194 194 193 193 193 193
 193 193 193 193 193 192 192 193 193 192 193 194 194 193 193 193 194 193
 194 194 194 193 193 193 191 190 190 192 194 194 193 192 192 191 189 189
 189 189 189 189 189 189 188 189 190 190 190 190 190 190 190 193 195 194
 192 191 191 192 193 191 192 192 192 192 191 189 190 191 192 192 194 192
 191  29]","[ 29  28 183 183 184 184 182 182 183 184 185 185 185 186 187 187 188 188
 187 187 187 187 187 187 187 187 187 187 188 189 190 190 189 189 189 190
 190 191 191 191 192 193 194 195 195 196 195 195 196 196 196 196 196 197
 196 196 196 195 195 195 195 195 195 195 195 195 195 195 194 194 194 193
 194 193 192 192 192 192 193 194 194 195 195 195 194 193 193 194 194 194
 194 193 192 192 192 193 194 194 194 194 194 193 193 194 194 194 193 193
 192 193 193 193 191 190 189 190 191 192 192 192 194 194 194 193 193 192
 192 191 192 193 193 193 193 193 193 192 193 193 194 193 193 193 193 193
 194 194 194 194 194 194 193 191 190 191 193 193 192 191 191 191 189 189
 189 189 189 190 190 190 189 190 190 190 190 190 190 191 191 192 194 194
 193 193 192 191 192 190 190 192 191 192 191 189 191 192 192 192 194 193
 190  29]","[ 29  28 183 183 184 185 183 183 183 185 186 186 185 186 186 187 187 187
 187 187 186 186 186 187 187 187 186 186 187 188 189 189 189 188 187 188
 189 190 190 190 191 192 193 194 195 196 195 195 195 195 195 196 197 197
 197 196 195 195 194 194 195 195 195 195 195 195 194 194 194 194 194 194
 194 193 193 192 192 192 193 193 194 195 195 195 194 193 193 193 193 193
 193 192 192 192 192 193 194 194 194 194 193 193 193 193 194 194 194 193
 192 193 192 192 191 190 189 189 191 192 193 194 194 194 193 193 192 191
 191 190 190 191 192 192 193 194 193 193 192 193 194 193 193 193 193 193
 193 194 194 194 194 195 194 192 190 190 191 192 191 191 190 190 189 189
 189 190 190 190 190 190 190 190 189 188 189 190 192 193 193 193 192 191
 192 193 193 191 191 189 190 192 192 192 192 191 192 192 193 193 194 193
 190  29]","[ 30  29 183 185 186 186 184 184 183 185 186 186 185 185 186 185 186 187
 187 186 186 186 186 187 187 186 186 186 187 187 188 188 188 187 187 187
 189 190 190 190 191 192 192 193 194 195 195 195 195 195 195 196 196 197
 196 196 195 195 194 194 194 195 195 195 195 195 195 194 194 195 195 195
 194 193 193 192 192 193 193 193 194 194 194 194 194 193 193 193 192 192
 192 191 191 191 192 193 192 193 193 193 193 193 193 193 193 194 193 193
 192 192 191 190 190 190 189 190 191 192 194 194 193 193 192 192 191 190
 190 190 188 189 190 191 192 193 193 193 192 193 194 193 192 193 193 192
 193 193 194 194 194 194 193 192 190 190 190 191 191 190 190 190 189 190
 190 190 191 191 191 191 190 189 188 188 189 190 192 192 193 192 191 190
 191 192 192 191 191 189 190 193 192 192 193 192 192 192 193 193 194 193
 190  29]","[ 29  29 184 185 186 186 183 182 183 185 187 186 185 185 185 185 186 186
 186 186 186 186 187 188 186 185 185 186 187 187 187 187 187 187 187 187
 189 190 191 191 191 192 192 192 193 194 195 195 195 195 195 196 196 196
 196 195 196 195 194 194 195 195 195 195 195 195 195 195 195 195 195 195
 194 193 193 192 193 193 194 194 194 194 194 194 193 193 193 192 192 192
 191 190 190 191 192 194 191 192 193 193 192 192 192 193 192 193 193 192
 192 191 190 189 189 189 189 190 190 191 192 192 193 192 191 190 190 190
 190 190 188 189 189 189 190 192 192 192 192 193 193 193 192 192 192 192
 192 193 193 193 194 194 193 192 190 190 190 191 190 190 190 190 190 190
 190 191 191 191 192 192 190 189 190 190 191 191 191 190 190 190 190 190
 191 192 191 190 190 189 191 193 192 192 192 192 192 192 193 193 194 193
 191  29]","[ 28  30 183 184 183 181 183 183 185 186 186 185 184 183 183 184 183 186
 187 185 184 185 187 187 184 185 185 186 187 187 187 187 187 187 187 187
 188 189 190 191 192 191 190 190 192 194 195 195 196 195 195 195 196 197
 197 197 198 196 195 195 195 195 195 195 194 194 194 194 194 195 195 196
 195 193 193 193 193 193 193 194 194 194 194 194 194 193 192 192 193 192
 191 190 190 191 192 193 192 193 194 194 194 194 193 192 192 193 193 193
 191 190 189 189 188 189 189 190 191 191 192 192 192 192 191 190 189 189
 188 188 189 189 189 189 190 190 191 192 194 193 192 192 192 192 192 192
 192 193 193 193 194 194 193 192 192 191 190 189 189 190 190 190 189 190
 190 190 190 192 192 192 189 190 190 190 190 190 190 191 190 189 189 190
 191 192 191 191 189 189 189 190 192 193 193 193 190 192 192 194 193 194
 190  29]","[ 29  30 183 183 183 181 182 182 182 182 183 183 184 184 183 182 182 185
 185 184 183 184 185 185 184 184 184 184 185 186 186 187 187 187 187 187
 188 189 190 191 190 189 189 189 191 192 193 193 195 195 195 195 196 196
 197 197 197 196 195 195 195 194 194 194 195 194 194 193 193 194 195 195
 196 194 194 194 194 194 193 194 194 194 194 194 194 193 193 193 194 194
 193 192 192 193 193 194 192 193 194 195 195 194 193 193 191 192 192 192
 191 190 190 190 190 190 191 191 192 193 193 193 193 193 192 192 191 190
 189 188 188 189 189 190 190 190 190 191 192 192 192 192 191 191 192 193
 193 193 193 193 193 193 193 192 192 191 190 190 190 191 190 189 191 191
 190 189 189 190 190 190 191 191 191 190 190 190 190 190 189 189 189 190
 191 191 191 190 189 190 190 191 192 192 191 190 189 191 191 194 193 194
 190  29]","[ 29  29 182 182 182 181 182 182 182 181 181 183 185 185 184 182 183 184
 184 183 183 183 184 183 184 183 182 182 182 183 185 186 186 186 187 187
 188 188 189 190 190 189 190 190 191 191 192 192 194 195 195 196 196 196
 196 196 198 197 196 196 196 195 195 195 195 195 194 193 193 193 194 195
 196 195 194 195 195 194 194 194 194 194 194 194 194 194 194 194 194 194
 194 194 194 193 193 193 192 192 193 194 194 194 193 193 191 192 192 192
 192 192 192 192 192 192 192 192 193 193 193 192 193 192 192 192 192 191
 190 189 189 190 191 191 191 190 190 190 191 192 193 192 190 190 192 194
 194 194 193 192 192 193 193 192 192 191 190 190 191 192 190 189 190 190
 190 189 190 192 192 191 192 192 191 190 189 189 189 189 189 188 188 189
 190 190 190 189 189 190 190 191 191 190 188 187 188 190 189 192 192 193
 189  29]","[ 29  29 181 182 183 183 183 182 183 183 183 184 185 185 184 183 183 184
 183 183 183 183 182 181 183 183 182 181 181 182 184 185 184 185 186 187
 187 187 188 188 189 190 190 191 191 191 192 192 194 195 195 196 196 196
 196 196 199 198 197 197 196 196 195 196 195 195 194 194 193 194 194 195
 194 194 194 195 196 195 195 195 195 195 194 194 194 194 194 194 193 194
 194 194 194 193 193 193 191 192 193 194 194 193 193 192 192 192 192 193
 193 193 193 193 193 192 192 192 193 193 191 190 190 190 190 191 192 192
 191 189 191 191 192 192 191 191 191 191 191 192 193 192 190 189 191 193
 195 194 193 192 192 192 193 192 192 191 190 190 191 191 191 190 190 190
 189 190 191 193 193 193 192 191 191 189 188 188 189 189 189 188 188 189
 190 190 189 189 188 189 189 190 189 189 188 187 189 190 188 190 190 192
 190  30]","[ 29  29 181 182 183 183 184 183 183 183 183 184 184 184 184 184 184 183
 183 183 183 183 182 180 182 182 182 182 182 182 184 185 183 184 186 187
 187 187 187 187 188 189 190 190 190 190 191 191 194 194 195 195 195 195
 196 196 198 197 197 197 196 195 195 195 194 194 194 194 195 195 195 195
 194 194 194 195 195 195 195 195 195 195 194 194 194 194 194 194 194 194
 194 194 194 194 193 193 192 193 193 194 194 193 193 192 193 193 193 193
 193 193 192 192 192 191 191 192 193 192 191 189 189 188 189 190 192 192
 191 190 192 192 192 191 191 190 191 191 192 192 192 191 190 190 191 193
 195 195 193 192 192 192 192 192 191 191 190 190 189 189 189 190 190 191
 190 190 191 192 192 191 192 191 191 190 189 189 190 191 190 189 189 189
 190 190 190 189 189 188 188 188 187 187 188 188 190 190 189 191 192 194
 191  30]","[ 29  29 181 182 182 181 182 181 182 183 183 183 183 183 184 185 185 184
 184 184 185 184 183 182 180 181 182 183 183 184 185 186 184 184 185 186
 187 188 187 187 188 188 189 189 189 189 190 191 194 194 194 194 195 195
 196 196 197 197 197 197 196 195 195 196 194 194 195 195 195 195 195 195
 195 195 195 195 195 194 194 194 195 195 195 194 194 194 194 194 194 194
 193 193 193 193 193 193 192 193 193 193 193 193 192 192 193 193 193 192
 191 191 191 191 191 191 191 192 193 193 191 190 189 188 188 189 191 192
 192 191 193 193 193 192 192 191 191 192 192 191 191 190 190 191 192 193
 194 194 193 192 192 192 191 190 189 190 190 189 188 187 188 189 189 191
 191 192 192 193 193 192 192 191 191 190 190 190 191 192 191 190 189 190
 191 191 190 189 189 189 188 187 187 187 188 188 188 190 190 193 194 195
 190  29]","[ 29  29 181 181 181 180 180 180 181 182 183 183 183 183 184 185 185 184
 184 185 186 185 183 183 179 181 183 184 184 184 185 185 185 184 184 185
 186 187 188 188 188 188 188 188 188 189 190 191 193 193 193 193 194 195
 195 196 196 196 196 197 196 195 195 196 194 195 195 195 195 195 195 195
 196 196 195 195 194 193 194 195 195 195 195 195 195 195 195 195 194 194
 193 193 193 193 193 193 193 193 193 193 193 192 191 191 193 193 193 192
 190 190 190 190 190 191 192 193 193 192 191 190 188 188 188 188 189 191
 192 193 193 194 194 194 193 193 192 193 191 191 190 190 190 190 192 193
 193 193 193 192 192 192 190 189 189 189 189 189 188 188 187 187 189 191
 192 193 193 193 193 193 191 191 191 190 190 190 191 192 192 191 190 190
 191 191 191 190 189 189 189 189 188 188 188 189 188 190 190 193 194 194
 190  28]","[ 29  29 181 181 181 181 181 181 181 182 182 183 183 182 182 183 183 183
 183 184 185 184 182 182 180 182 183 184 184 183 184 184 186 184 183 183
 185 187 188 188 187 187 187 187 188 189 190 191 193 193 192 192 193 194
 195 195 194 194 195 196 195 194 194 195 195 195 195 195 195 195 195 195
 196 196 195 195 194 194 194 196 194 194 195 195 196 196 195 195 194 195
 195 194 194 194 193 193 194 194 194 194 193 193 192 191 193 193 193 192
 190 190 190 191 190 191 192 193 192 191 190 189 187 187 186 187 188 191
 193 195 192 193 194 194 193 193 192 192 191 191 191 190 189 189 191 193
 192 193 193 192 192 191 190 188 190 190 190 190 190 189 188 187 190 192
 194 193 192 191 190 190 190 190 190 190 189 189 190 190 192 191 191 191
 191 192 191 190 188 189 190 191 190 190 189 190 191 191 190 192 192 194
 190  29]","[ 30  28 179 180 181 181 181 179 178 180 182 183 183 183 183 184 182 182
 182 182 182 182 182 182 183 184 185 185 184 184 184 184 183 183 183 184
 185 186 187 187 187 187 187 188 188 188 189 189 191 191 190 190 192 194
 195 195 196 195 194 195 196 197 196 195 195 196 196 196 195 195 195 195
 195 194 194 194 194 194 194 193 195 194 194 194 195 196 195 194 193 193
 193 193 193 194 194 194 194 194 194 193 193 193 193 193 194 193 192 192
 193 193 193 192 192 192 192 192 193 192 190 189 187 187 188 188 188 189
 191 193 193 193 194 194 194 193 192 192 192 193 193 192 190 188 189 190
 191 191 191 192 192 192 190 189 189 190 190 190 190 190 190 191 193 194
 193 191 190 190 190 190 190 191 192 193 192 191 191 192 192 192 192 192
 192 191 190 190 191 190 189 190 191 191 191 190 190 190 191 192 191 192
 187  30]","[ 29  29 180 180 180 180 181 180 181 182 183 184 184 183 183 183 182 182
 181 181 181 182 182 183 184 184 185 185 184 184 184 184 182 183 183 184
 184 185 185 185 187 187 187 187 187 188 188 188 190 190 190 190 191 193
 194 194 195 195 194 195 196 196 196 195 195 196 197 197 196 195 195 195
 195 194 194 194 194 194 194 194 194 194 194 194 195 195 195 194 193 193
 193 193 193 193 194 194 194 194 193 192 192 192 192 192 193 193 192 192
 193 193 192 191 192 192 192 192 192 191 190 188 188 189 189 189 188 189
 190 192 193 193 193 192 191 191 191 191 192 193 193 192 190 188 189 190
 190 190 191 192 192 191 190 190 190 190 190 190 190 190 191 192 193 194
 193 191 189 190 190 189 189 191 192 192 192 191 191 191 191 191 191 191
 191 191 190 190 190 190 189 190 191 191 190 190 190 189 190 191 190 191
 187  29]","[ 29  29 180 179 178 178 181 182 183 183 183 183 184 183 182 181 182 182
 181 180 180 181 182 183 184 184 184 184 184 183 183 182 181 182 183 184
 183 183 184 184 186 186 186 187 187 187 187 187 189 189 190 190 191 192
 193 193 194 194 194 194 194 195 195 195 195 196 197 197 196 195 195 195
 194 194 194 194 194 194 194 194 193 194 194 194 195 194 194 193 193 193
 192 192 192 193 193 194 195 194 193 192 192 193 193 193 194 193 193 193
 193 193 192 192 191 191 192 192 192 191 190 189 189 190 190 189 188 188
 189 190 193 193 192 191 190 189 190 191 192 192 193 191 190 189 189 189
 189 190 191 191 191 191 191 190 191 190 190 189 190 191 192 193 193 194
 193 191 190 191 191 190 189 191 192 192 192 191 190 190 190 190 190 190
 190 190 190 189 190 190 190 190 190 190 190 190 190 189 189 190 189 191
 187  29]","[ 29  29 180 179 178 179 181 182 183 182 182 182 183 183 182 181 182 181
 180 180 180 180 182 182 183 182 182 182 183 183 182 182 181 182 183 183
 182 183 184 185 186 186 186 187 187 187 187 187 188 189 190 190 190 191
 192 192 193 193 193 193 192 193 194 195 195 195 196 196 196 195 194 194
 194 194 193 193 194 194 194 194 193 193 194 194 194 193 193 193 193 193
 192 192 191 192 192 193 194 194 193 193 193 194 194 194 194 194 193 193
 193 193 192 192 189 190 190 191 191 191 190 190 190 190 189 188 187 187
 188 189 192 192 192 191 190 190 191 192 192 192 192 191 190 189 189 189
 188 189 190 191 191 190 190 190 190 190 189 189 189 191 192 193 191 192
 192 191 191 191 192 191 190 191 191 191 191 190 190 190 189 189 189 189
 190 190 190 189 189 190 190 190 189 189 189 190 190 189 189 190 189 190
 187  29]","[ 29  29 180 179 179 180 181 181 182 181 181 182 183 183 182 181 181 180
 180 180 180 180 181 181 182 181 181 182 183 184 183 182 182 183 183 182
 181 182 184 185 186 186 186 187 187 187 187 187 187 189 190 190 190 191
 191 191 192 192 191 190 190 192 194 196 195 195 196 195 195 195 195 195
 194 193 193 193 193 194 194 194 193 194 194 194 193 193 193 193 193 193
 192 192 192 192 192 192 193 193 192 193 193 193 193 193 193 193 192 192
 192 192 192 191 189 189 189 189 190 190 189 189 191 190 189 188 188 188
 189 190 190 190 190 190 190 190 191 192 191 191 191 191 190 189 189 189
 189 190 190 190 190 189 189 189 189 189 189 189 190 190 191 192 189 191
 192 191 191 191 192 191 190 190 190 190 189 189 189 190 189 189 189 189
 190 190 190 189 189 190 190 190 189 189 189 190 190 189 189 190 189 190
 187  29]","[ 29  28 179 179 180 180 181 180 180 180 180 181 182 183 182 181 180 180
 180 180 180 180 180 180 182 181 181 182 183 184 184 183 184 183 183 182
 181 181 183 184 185 185 186 187 187 187 187 187 187 188 189 189 189 190
 190 190 190 190 189 189 189 190 193 195 195 196 196 195 195 195 195 196
 194 194 193 193 193 194 194 194 194 194 194 194 193 192 193 193 193 193
 193 193 192 192 192 192 193 193 192 193 193 193 192 192 193 193 193 193
 193 193 192 192 191 190 190 190 190 190 189 188 190 189 188 187 187 188
 189 190 189 190 190 190 191 192 192 192 190 190 190 190 190 190 189 189
 189 190 190 190 190 189 189 189 189 189 189 189 190 190 190 190 190 192
 193 192 192 192 192 191 190 189 189 188 188 188 189 189 189 189 190 190
 190 190 190 190 190 190 190 190 189 189 189 190 190 189 189 190 189 190
 187  29]","[ 29  28 179 180 180 180 181 180 180 180 179 180 181 181 181 180 180 180
 180 180 180 179 179 179 182 181 181 181 183 183 183 183 184 183 182 181
 181 182 183 183 183 184 185 186 186 187 187 187 187 188 188 188 189 190
 190 189 189 189 189 188 188 190 191 192 194 195 195 195 195 195 195 196
 195 194 193 193 194 194 195 195 195 194 194 193 193 193 193 193 194 193
 192 192 191 192 192 192 193 192 192 192 193 193 192 192 193 193 193 194
 194 193 193 193 193 192 190 190 191 191 190 188 188 188 187 187 188 188
 189 189 191 190 189 190 191 191 191 191 190 189 189 190 190 191 190 189
 189 189 189 190 190 190 189 189 190 189 189 189 190 190 190 189 190 192
 193 192 192 192 192 191 190 189 188 188 188 188 189 189 190 190 191 190
 189 189 190 190 190 190 190 190 189 189 189 189 190 189 189 190 189 191
 186  29]","[ 29  28 180 180 180 180 181 181 181 181 181 181 181 181 181 180 181 180
 180 180 179 179 179 179 181 181 181 181 182 182 182 182 182 182 181 181
 181 182 183 183 182 183 184 185 186 186 186 186 187 187 187 187 188 189
 189 189 189 189 188 188 188 189 190 190 193 194 195 195 195 195 195 195
 195 195 194 193 194 195 195 195 195 195 194 193 193 193 193 193 193 192
 191 190 190 190 191 191 192 191 190 190 191 192 192 192 192 193 193 193
 193 193 193 193 193 191 189 189 191 191 190 188 188 188 188 188 189 189
 189 189 191 190 188 188 189 190 190 189 189 189 189 190 191 191 190 189
 189 189 189 189 190 190 189 189 190 190 189 189 190 190 190 189 187 190
 191 191 191 191 191 190 190 190 189 189 189 189 189 189 190 191 191 191
 189 189 190 190 190 190 190 189 189 189 189 189 189 189 189 190 189 191
 186  29]","[ 30  28 179 180 180 179 179 179 179 179 180 181 181 181 181 182 181 180
 180 180 180 180 180 181 181 181 181 181 182 182 182 181 181 181 181 181
 181 181 182 182 182 182 181 182 183 184 185 185 185 186 187 187 187 187
 188 189 189 188 188 188 189 189 190 190 190 192 193 194 195 195 195 195
 195 194 194 194 194 193 194 195 195 194 194 194 194 194 194 194 193 193
 192 191 189 189 191 193 192 191 191 191 191 192 192 192 192 192 194 194
 193 192 192 193 191 191 190 191 191 191 189 187 187 188 189 190 189 189
 190 191 191 190 188 188 188 188 188 188 189 188 188 190 191 191 190 188
 188 188 188 189 189 188 188 188 189 189 189 189 189 189 189 190 189 190
 190 189 189 191 192 190 190 189 189 189 189 189 189 189 191 191 192 192
 192 191 189 189 192 192 191 190 189 188 189 189 188 189 189 189 189 190
 185  29]","[ 29  27 178 179 180 179 179 179 178 178 179 179 180 179 180 180 180 180
 180 180 180 180 180 180 181 181 181 182 182 183 183 182 182 182 181 181
 181 181 182 182 182 182 182 182 182 183 183 183 185 186 187 187 186 186
 187 188 189 189 188 188 188 188 189 189 190 191 193 194 194 194 194 194
 194 194 194 194 194 193 193 194 195 194 194 195 195 194 193 193 192 193
 192 190 189 188 190 191 192 191 191 191 192 192 192 192 192 192 193 193
 192 191 191 192 190 190 190 190 190 190 189 188 188 188 188 189 190 189
 189 190 190 189 188 187 187 187 188 188 189 189 191 192 193 192 190 188
 188 188 188 189 188 188 188 188 189 189 189 189 188 188 188 188 189 189
 189 188 188 190 192 192 191 190 190 190 190 190 190 190 191 192 192 192
 192 191 190 189 190 190 190 189 188 188 188 188 188 188 188 189 189 190
 185  29]","[ 29  28 179 180 180 179 180 179 179 178 178 179 180 180 180 180 180 180
 180 180 180 180 180 180 181 181 181 182 183 183 183 183 183 182 182 181
 181 181 182 182 183 183 183 182 182 182 182 182 185 186 187 187 186 186
 187 188 188 188 188 188 188 188 188 189 189 190 192 193 193 193 193 193
 194 194 194 194 194 194 194 193 194 194 194 195 195 193 191 190 192 192
 192 190 188 188 188 189 190 190 191 190 191 191 191 192 192 192 192 192
 192 191 190 191 189 190 190 190 189 188 189 189 189 188 188 189 190 190
 190 190 190 190 189 187 187 187 188 189 188 189 190 191 191 190 189 188
 187 189 189 188 187 188 188 188 188 189 189 189 189 189 189 188 190 190
 190 189 188 189 190 191 190 190 190 190 190 190 190 190 191 191 191 191
 191 190 190 189 190 190 190 189 189 188 188 189 188 188 188 188 189 190
 185  29]","[ 29  29 180 180 180 179 180 180 179 179 179 180 181 181 181 181 180 180
 180 180 180 180 181 181 181 181 181 182 182 183 183 182 182 182 181 181
 181 182 182 183 183 183 183 182 182 181 181 182 184 185 185 185 185 185
 186 187 187 187 187 187 188 188 189 189 188 189 190 191 192 192 192 192
 194 194 194 195 195 195 194 194 194 193 193 194 194 192 190 189 191 191
 191 190 189 188 188 189 189 190 190 190 190 190 191 191 192 192 192 192
 192 192 191 191 191 191 191 190 190 189 189 189 189 188 188 189 190 190
 190 189 190 190 189 188 187 187 188 190 191 191 191 190 190 189 190 190
 188 189 189 188 188 189 189 188 183 184 185 185 185 187 188 188 189 189
 189 190 189 188 188 189 190 189 189 189 189 189 190 190 191 190 190 190
 190 190 190 189 189 190 190 190 189 189 188 188 188 188 187 188 189 191
 186  29]","[ 29  29 179 179 179 179 180 179 179 178 178 179 180 180 180 181 180 180
 180 180 180 180 181 182 181 181 181 181 181 182 181 181 181 181 181 181
 181 182 182 183 182 183 183 182 182 181 182 182 182 182 183 183 184 184
 185 186 186 187 187 187 187 188 188 189 187 188 189 190 190 191 191 192
 193 194 195 194 195 195 195 194 195 194 193 194 193 191 190 189 190 191
 191 190 189 189 189 189 190 190 190 190 190 190 191 191 192 191 191 192
 192 192 192 192 192 192 192 192 192 191 190 189 189 189 189 190 190 189
 189 190 190 189 188 187 186 186 188 189 190 190 189 188 187 187 188 190
 189 189 189 189 190 190 187 184 180 180 180 180 181 183 187 190 188 187
 187 188 189 189 189 189 189 189 189 189 189 189 190 190 191 191 191 190
 190 190 190 190 189 189 189 189 189 188 188 187 188 188 187 188 189 191
 186  30]","[ 29  29 180 179 178 178 180 179 179 178 178 179 179 179 179 180 179 180
 180 179 179 180 181 183 181 181 181 181 181 181 180 179 180 180 180 180
 181 181 182 182 182 182 182 182 181 181 181 182 181 182 182 183 183 184
 184 185 185 186 187 187 187 187 187 188 187 187 188 189 189 190 190 191
 191 193 194 193 193 194 194 193 195 194 193 193 192 191 190 190 190 190
 190 190 189 189 190 190 190 190 190 190 190 190 190 190 190 190 190 191
 191 191 192 192 193 192 192 193 193 192 191 190 190 190 190 191 191 191
 191 191 190 189 188 187 187 187 188 188 188 188 188 188 187 187 187 188
 188 187 189 190 190 185 178 173 167 165 164 164 165 168 176 185 189 188
 187 186 187 188 188 189 189 189 188 188 188 188 189 189 191 191 190 190
 190 190 190 190 190 189 189 189 189 189 188 188 188 188 188 188 189 191
 186  30]","[ 29  30 180 179 178 178 180 179 179 178 178 178 178 177 177 178 178 178
 179 179 179 180 181 183 182 181 181 181 181 180 180 179 179 179 180 180
 180 180 180 180 181 181 181 181 181 181 181 180 181 181 181 181 182 182
 183 183 184 185 186 186 186 186 186 187 187 187 188 188 188 188 189 189
 189 192 193 192 192 193 194 194 194 193 192 192 192 191 190 190 190 190
 190 189 189 189 190 190 190 189 189 189 190 190 190 189 189 190 190 191
 190 190 191 192 193 193 193 193 192 191 191 191 191 190 190 191 192 192
 191 191 191 190 189 188 188 188 188 188 187 187 186 186 186 186 187 187
 186 186 189 190 185 173 161 154 151 147 146 146 146 150 163 177 186 188
 188 187 186 187 188 188 188 188 188 187 187 187 188 188 190 190 190 190
 189 189 189 189 190 189 188 189 189 190 190 189 189 189 189 189 189 190
 185  29]","[ 28  29 180 178 177 178 179 178 179 178 178 177 176 175 175 176 177 178
 179 179 179 179 181 182 182 181 181 181 181 181 180 179 179 179 180 180
 180 180 179 179 180 180 180 180 180 180 180 179 180 180 179 180 180 180
 180 180 182 183 185 185 185 185 186 187 187 187 188 188 187 187 188 188
 189 192 193 192 191 193 194 194 194 193 192 193 192 191 190 190 190 190
 189 189 189 189 189 190 191 190 190 190 190 191 190 190 189 190 190 191
 190 189 191 192 193 194 194 192 190 189 190 191 191 189 188 190 192 192
 191 190 190 189 188 188 187 187 187 186 182 181 179 178 178 179 181 182
 185 185 189 190 180 162 146 139 127 123 121 122 122 127 143 160 179 184
 188 188 188 189 189 189 189 189 189 188 187 187 188 189 190 190 190 190
 190 189 189 189 188 188 187 187 188 189 190 190 190 190 189 189 188 189
 184  29]","[ 29  29 178 177 178 177 177 178 179 178 177 177 176 175 174 174 174 176
 178 179 180 180 180 180 182 182 182 181 181 181 179 178 180 180 180 180
 180 179 179 179 178 179 179 179 179 179 180 180 180 180 180 180 179 179
 179 179 181 180 180 180 182 184 186 186 187 186 186 186 188 188 188 187
 188 188 189 191 192 193 193 194 194 193 192 192 192 192 191 189 189 189
 189 189 189 190 191 191 190 190 190 190 190 190 190 190 189 190 190 189
 188 190 191 192 190 192 193 192 191 190 189 189 188 188 188 188 189 191
 191 190 190 190 187 186 186 187 185 177 172 168 162 160 161 162 166 173
 179 185 188 179 167 144 124 111  89  83  82  86  92  98 115 141 162 181
 187 187 188 187 186 189 189 189 188 188 188 188 189 189 190 190 189 189
 189 189 189 189 190 189 188 188 188 189 189 190 189 189 189 190 189 189
 186  29]","[ 29  28 177 176 177 177 177 177 177 176 176 176 175 173 172 172 174 176
 178 178 179 180 180 181 181 181 181 181 182 182 181 181 181 181 180 180
 180 180 180 180 180 180 180 180 179 180 180 181 180 180 180 179 179 179
 179 179 180 180 179 180 181 182 183 183 185 185 185 186 187 188 188 187
 187 187 188 190 191 192 192 193 192 193 192 192 192 192 192 191 190 190
 190 189 189 189 189 189 190 190 191 191 190 190 190 190 191 192 191 189
 189 190 191 191 191 191 192 191 191 190 190 190 189 189 189 188 188 188
 189 188 187 187 187 187 186 181 176 165 154 151 147 146 147 147 150 157
 169 177 182 170 150 115  87  75  59  53  49  47  50  59  81 109 138 165
 179 184 188 187 187 189 189 189 189 189 189 189 189 190 190 190 190 189
 189 189 189 189 189 189 188 188 187 187 188 188 189 189 189 189 189 189
 186  29]","[ 29  28 177 176 177 176 176 176 175 176 176 176 175 173 172 172 174 176
 178 178 178 179 180 181 180 180 181 181 182 182 182 182 182 181 180 180
 180 181 180 180 180 180 180 179 179 179 180 181 180 180 180 179 179 179
 179 180 180 180 180 180 181 181 181 181 183 183 184 185 186 187 187 186
 186 186 187 189 190 190 191 192 192 193 193 192 192 192 192 192 188 189
 189 189 189 189 189 189 190 190 191 191 190 189 190 190 192 192 191 189
 189 189 190 189 190 191 190 190 190 191 191 190 189 189 189 188 188 188
 188 188 188 187 188 187 186 176 167 152 140 130 122 122 122 120 127 140
 153 169 176 159 129  88  64  59  52  52  53  52  50  51  58  72 108 145
 169 180 189 189 188 186 189 189 189 190 190 190 190 189 189 189 190 190
 190 190 189 189 188 189 189 188 186 186 186 187 188 188 188 189 188 189
 184  29]","[ 29  29 177 176 176 175 175 176 176 176 178 178 177 174 173 173 174 176
 178 178 178 179 180 180 180 180 181 181 182 181 181 181 181 180 179 179
 180 181 181 181 180 180 180 179 179 179 179 180 181 181 180 180 179 179
 180 180 180 181 181 182 182 182 182 182 181 182 183 185 185 186 186 186
 186 186 187 188 188 189 189 190 192 193 194 192 191 191 191 191 188 189
 189 190 190 190 190 190 190 190 191 190 189 189 189 190 191 190 190 189
 189 189 189 188 189 189 189 190 191 192 191 190 188 188 188 187 188 189
 189 188 188 186 185 181 180 166 151 130 110  94  83  84  82  77  86 105
 125 150 162 140 106  71  57  60  51  50  52  51  50  50  48  51  68 110
 146 167 185 189 190 187 188 188 189 189 189 189 189 188 188 189 190 190
 190 190 189 189 188 189 189 189 187 186 186 187 187 188 187 188 188 188
 184  29]","[ 30  29 178 176 177 176 175 176 177 178 179 180 179 176 175 175 175 177
 178 179 178 179 179 179 179 180 181 181 181 181 180 179 181 180 179 179
 180 181 181 180 179 180 180 180 179 179 179 179 182 181 181 180 179 179
 179 180 180 181 182 183 184 184 183 183 181 182 183 185 186 186 186 186
 187 186 187 188 188 188 188 189 191 192 193 191 190 190 190 190 192 191
 191 191 190 190 189 189 190 190 190 190 189 189 189 189 189 189 189 190
 190 190 189 188 189 189 189 190 192 193 192 190 189 188 188 188 189 190
 189 187 188 187 187 183 176 154 127  99  75  65  58  60  58  52  56  69
  90 121 137 117  90  65  56  55  52  48  47  45  46  49  49  50  45  77
 115 147 179 187 188 189 187 187 188 189 189 189 188 188 188 188 189 190
 190 190 189 188 188 188 188 188 188 188 187 187 187 187 187 187 187 187
 185  29]","[ 30  29 178 176 177 176 176 176 177 178 179 180 179 177 176 176 175 177
 178 178 179 179 179 178 178 179 180 181 181 180 180 180 182 181 180 180
 181 181 180 180 179 180 180 180 180 179 179 179 181 181 181 180 179 179
 179 179 180 181 182 183 184 184 183 183 182 183 184 185 186 186 186 186
 186 186 187 188 188 187 187 188 190 191 191 190 189 189 190 190 191 191
 190 190 190 190 189 189 190 190 189 189 189 189 189 189 188 188 189 190
 191 190 189 189 189 190 190 191 192 193 192 190 188 188 188 188 190 190
 188 186 183 186 187 187 170 138 101  71  62  62  59  58  57  56  55  57
  62  86 104  97  86  75  68  59  51  48  49  49  47  48  47  47  48  55
  83 119 171 190 187 188 187 187 188 188 188 188 188 188 187 188 189 190
 190 189 188 187 187 187 187 187 188 188 187 186 187 187 187 187 187 187
 185  29]","[ 29  29 178 176 177 176 175 176 177 177 178 179 179 177 176 175 176 176
 177 177 178 179 179 179 179 179 180 180 180 180 180 181 182 181 181 181
 181 180 180 179 179 180 180 180 179 179 179 180 179 180 180 180 180 179
 179 180 180 181 182 183 183 182 182 182 183 182 183 183 184 185 185 184
 185 185 186 187 188 187 187 187 189 189 188 188 189 190 190 189 189 189
 190 190 190 190 190 190 190 190 189 189 190 190 190 189 189 188 189 190
 190 189 189 190 189 189 189 190 191 192 191 190 187 188 187 186 184 182
 179 176 170 172 173 176 150 114  77  58  60  62  60  56  56  58  56  55
  48  60  80  90  95  92  87  76  59  50  49  49  48  49  49  50  49  46
  64  87 147 187 188 187 187 187 187 188 188 188 187 187 187 188 188 189
 189 188 187 186 186 186 187 187 187 187 187 187 187 188 188 188 187 187
 184  30]","[ 29  28 177 175 176 175 175 176 176 177 177 179 178 177 176 175 176 176
 176 176 178 180 180 179 180 180 180 180 179 179 181 181 180 180 181 181
 180 180 179 179 179 179 179 179 178 179 179 180 179 180 181 181 181 181
 181 181 181 182 183 183 182 181 181 181 182 181 181 182 183 184 183 183
 184 184 185 187 188 188 187 187 189 188 187 187 189 190 189 188 191 191
 192 192 192 191 189 189 191 190 189 189 190 191 190 189 189 188 189 189
 189 187 188 189 188 188 188 188 189 190 190 189 188 188 187 182 176 170
 165 162 161 160 157 162 131  96  67  61  62  61  58  56  57  55  53  55
  49  54  78 101 112 108 102  90  72  56  50  49  48  49  47  47  48  53
  70  70 123 177 187 186 187 187 187 187 187 187 187 187 187 187 188 188
 188 187 186 186 185 187 188 187 186 186 186 187 188 188 188 188 187 187
 184  30]","[ 29  30 175 176 175 176 176 176 175 176 176 176 176 176 175 175 175 177
 178 179 178 178 179 180 180 180 180 179 179 179 180 181 182 181 180 180
 180 180 181 181 179 179 180 180 180 180 179 179 180 180 180 180 181 181
 182 182 181 181 181 182 182 181 181 181 181 181 182 182 182 182 183 183
 182 183 185 187 187 187 187 186 187 187 187 187 187 187 188 188 189 189
 190 190 190 189 189 189 190 189 189 190 191 191 191 190 189 190 190 189
 188 187 187 187 188 187 189 188 187 189 188 187 187 187 179 170 165 156
 155 146 144 143 151 146 109  83  70  62  60  60  56  55  56  60  57  48
  58  77 101 120 125 119 109  97  83  68  56  49  47  48  47  49  51  54
  62  61  93 166 188 187 187 187 187 186 187 187 187 186 187 187 187 187
 187 186 186 186 185 186 187 187 186 186 186 187 186 187 187 188 187 187
 185  29]","[ 29  30 175 176 175 176 176 176 175 176 176 176 176 176 175 175 176 177
 179 179 179 178 178 178 180 180 179 179 179 179 181 182 182 181 180 180
 180 181 181 181 179 179 179 179 179 179 179 179 180 180 179 179 179 180
 180 180 181 181 182 182 182 181 180 180 180 181 181 181 181 181 181 181
 181 182 183 185 186 187 187 187 186 186 186 186 186 187 187 188 188 188
 189 189 189 188 189 189 189 189 188 189 190 190 190 189 188 188 188 188
 187 187 187 187 187 186 187 187 188 188 187 186 185 179 167 155 149 142
 133 120 118 116 118 111  83  68  64  62  58  60  61  61  55  54  64  71
  92 108 126 132 132 129 116 100  76  69  66  59  50  46  45  48  47  52
  60  58  72 145 187 187 186 186 187 187 187 187 187 187 187 187 187 187
 187 187 187 187 186 187 187 187 186 185 186 186 187 187 187 188 187 187
 184  29]","[ 28  29 174 176 175 176 176 176 176 176 176 176 176 176 176 176 176 177
 179 180 179 178 177 176 179 179 179 179 179 180 181 182 181 181 180 180
 181 181 181 180 179 179 179 179 179 179 180 180 181 180 180 179 179 179
 179 179 180 180 181 182 181 180 180 180 180 181 181 181 181 181 181 181
 182 181 182 183 185 186 187 187 186 186 186 186 187 187 188 188 187 188
 188 189 188 189 189 190 189 189 188 188 189 189 189 189 188 188 188 188
 188 188 188 187 187 188 187 187 189 187 184 185 180 169 153 134 118 109
  97  89  81  82  84  86  76  69  60  55  60  59  56  59  58  63  86 103
 114 128 142 137 133 134 119 102  82  74  70  63  55  51  48  48  51  53
  59  62  61 124 188 189 184 185 186 187 187 187 187 187 187 187 187 187
 188 188 188 188 187 187 186 186 185 185 185 186 187 187 187 187 186 186
 184  28]","[ 28  29 174 176 175 176 176 176 176 176 175 175 175 176 176 177 176 177
 178 179 178 177 176 175 177 178 178 179 179 180 181 181 181 180 180 180
 180 181 180 180 180 180 179 179 179 180 180 180 180 180 180 180 179 179
 180 180 179 179 179 180 180 180 179 180 180 180 181 180 180 181 181 182
 183 182 182 183 183 184 186 186 186 186 186 186 187 187 187 187 187 188
 188 188 188 189 190 190 190 189 188 188 189 189 189 189 188 188 188 188
 189 189 188 187 187 189 187 188 189 186 185 186 173 152 131 107  81  69
  60  62  65  63  59  64  67  68  64  64  72  75  82  90  93  97 113 119
 125 136 150 139 127 124 107  95  86  75  69  64  61  59  53  49  52  51
  56  65  61 102 176 189 184 184 186 187 187 187 187 187 187 187 187 187
 187 187 187 187 187 187 186 186 186 186 186 185 186 187 187 187 186 186
 184  28]","[ 28  29 174 176 175 176 176 176 176 176 175 175 175 176 177 177 176 176
 177 177 177 176 176 176 176 177 178 179 180 180 180 180 181 180 179 179
 179 180 180 180 180 180 180 180 180 180 180 180 179 179 179 179 179 179
 180 181 180 179 179 179 179 179 179 180 179 180 179 179 179 179 180 181
 182 183 183 182 182 182 184 186 186 186 186 186 186 186 186 186 186 186
 187 187 188 188 189 190 190 189 188 188 188 189 189 188 188 188 188 188
 188 188 187 186 185 189 187 188 189 187 189 188 163 129 105  87  69  58
  56  64  76  80  83  94  98  93  85  89 101 107 127 132 125 120 131 134
 137 142 151 135 114  99  82  77  74  69  69  68  65  63  56  52  50  52
  58  63  62  81 154 187 184 184 185 187 187 187 187 187 187 187 187 187
 187 186 186 186 187 186 186 186 187 187 186 186 186 186 186 187 186 186
 184  29]","[ 29  29 175 176 175 175 175 175 176 175 175 175 175 176 176 177 176 176
 176 176 176 176 176 176 176 176 177 178 179 180 179 179 180 179 178 178
 179 180 180 181 181 180 180 180 180 180 180 180 179 180 180 179 178 178
 179 180 180 179 179 180 179 179 179 179 180 180 179 179 179 179 180 180
 182 183 183 183 182 183 184 186 185 186 186 186 185 185 185 185 185 186
 187 187 187 188 189 189 189 188 187 187 188 188 188 187 188 188 188 188
 188 188 187 186 186 189 187 189 187 186 189 183 143 104  82  73  66  57
  66  78  94  95  95 105 109 104  97 103 109 116 153 162 146 134 139 140
 139 138 138 119  94  76  64  64  64  62  65  66  65  65  61  59  56  59
  60  57  63  71 130 183 186 185 185 186 187 187 187 187 187 187 187 186
 186 186 186 186 186 186 186 187 187 187 187 186 185 186 186 186 186 186
 184  29]","[ 29  29 174 176 175 175 175 175 175 175 175 175 175 175 176 176 176 176
 175 175 175 176 176 176 177 177 177 178 179 179 179 179 180 179 178 178
 179 180 180 180 181 181 180 180 180 180 180 180 180 180 180 179 177 177
 177 178 178 178 179 180 180 179 179 179 178 179 179 179 179 179 179 179
 181 181 181 182 182 183 183 183 183 185 186 186 185 184 184 185 184 185
 186 187 187 188 188 189 188 187 187 187 188 188 187 186 187 188 188 188
 188 188 187 187 188 189 187 189 185 186 189 176 133  96  78  71  68  59
  81  97 107 106 103 112 117 113 106 110 119 118 160 164 147 142 146 143
 128 123 114  97  77  67  65  64  65  60  61  61  62  66  65  64  62  62
  61  57  63  64 102 173 189 186 185 186 187 187 187 187 187 187 187 186
 186 186 186 186 186 186 186 186 187 187 186 186 186 186 186 186 186 186
 184  29]","[ 29  29 174 175 174 175 175 175 174 174 174 174 175 175 175 175 176 176
 175 175 176 176 176 176 179 178 178 178 179 179 179 179 179 179 179 179
 180 180 180 180 182 181 180 179 179 179 180 180 180 180 179 177 175 174
 175 176 175 176 177 179 180 180 179 179 175 176 178 178 178 178 178 178
 179 179 178 179 181 182 181 179 181 183 185 185 183 182 183 184 183 184
 185 186 186 186 187 187 188 188 187 187 188 188 187 186 186 187 188 188
 187 187 187 187 187 187 186 189 186 188 192 174 121  87  71  67  71  64
  96 113 109 111 109 116 118 116 111 114 121 121 169 168 149 146 141 125
 113 108  94  77  66  64  67  64  65  61  61  60  60  63  63  64  65  63
  66  66  64  57  83 170 191 187 185 186 187 187 187 188 187 187 187 186
 186 186 186 186 187 186 186 186 186 186 186 186 186 187 186 186 186 186
 183  29]","[ 29  30 174 175 173 171 170 172 175 175 175 175 175 175 175 176 177 177
 177 178 178 178 178 178 178 178 179 179 179 179 179 179 179 180 180 180
 180 180 180 179 179 180 180 180 179 179 180 181 179 180 180 179 178 177
 176 176 174 176 178 178 177 176 177 178 175 174 175 178 178 176 176 177
 177 179 180 179 179 181 180 178 180 182 185 186 185 183 183 184 183 184
 185 186 187 187 187 187 187 187 187 188 187 187 187 187 189 188 188 189
 189 187 187 188 188 186 187 188 186 186 191 171 110  85  72  71  72  64
 107 118 111 113 110 117 123 124 114 114 121 127 154 164 143 129 123 108
  98  89  80  73  67  65  65  63  65  65  63  60  59  62  64  65  67  70
  69  66  66  56  69 158 189 183 183 186 187 187 187 188 187 188 186 185
 186 186 186 187 186 186 187 186 186 186 187 187 186 186 186 187 188 187
 183  30]","[ 30  29 173 172 169 166 165 169 173 173 174 175 175 175 176 176 176 176
 177 178 179 178 178 178 178 179 179 179 179 179 179 179 179 179 179 180
 180 180 179 179 179 179 180 179 178 178 179 180 179 179 179 179 178 177
 176 176 176 177 178 178 177 176 176 176 175 174 175 177 177 175 174 176
 176 178 179 178 179 180 180 179 179 181 184 184 183 182 183 183 182 183
 184 185 186 186 187 187 187 187 188 188 188 187 188 189 188 187 188 189
 188 187 186 187 188 186 187 188 188 189 189 165 109  85  73  75  75  62
 105 118 114 114 111 116 123 120 110 107 108 114 136 145 127 113 105  90
  85  79  74  70  67  66  67  66  66  66  65  62  61  62  64  64  66  69
  71  70  68  58  63 146 188 184 184 185 185 187 188 187 186 187 186 185
 186 185 185 186 186 186 186 185 185 185 186 186 185 186 186 187 187 186
 183  29]","[ 30  30 172 170 166 162 161 166 171 172 174 174 175 175 176 176 175 175
 176 178 179 178 178 178 179 179 179 179 179 179 179 179 179 179 179 179
 180 180 179 178 178 179 179 179 178 178 179 179 179 179 179 179 179 179
 178 178 179 179 178 178 179 178 176 175 175 175 175 176 175 173 173 175
 175 177 178 177 177 179 180 179 179 181 182 182 181 181 182 183 182 182
 182 183 184 185 186 186 187 187 188 188 188 188 188 189 187 187 187 188
 188 187 187 187 187 186 187 186 186 187 184 158 104  86  72  73  73  64
 108 121 109 100  88  81  84  81  76  75  85  88 100 102  92  86  83  74
  75  73  72  71  68  67  67  66  68  69  68  66  64  64  64  64  64  65
  69  72  69  66  68 143 186 184 182 182 184 187 187 185 185 186 185 185
 186 185 184 185 187 186 186 186 186 186 186 186 185 186 185 187 187 186
 183  29]","[ 30  30 172 170 165 160 161 165 171 172 173 174 175 175 175 175 174 175
 176 177 178 178 178 178 179 179 179 179 179 179 179 179 179 179 179 179
 180 180 179 178 179 179 180 179 179 179 179 179 179 179 179 179 180 180
 179 179 180 179 179 179 179 178 177 175 174 175 175 176 175 173 173 175
 176 177 178 177 177 178 178 178 180 180 181 181 180 181 182 182 182 182
 182 182 182 184 185 186 187 187 187 188 188 187 187 188 187 187 187 187
 187 187 187 187 187 188 188 182 178 177 173 150  96  85  72  69  70  66
 106 111  89  81  72  67  73  71  70  70  70  71  73  71  67  69  73  72
  71  70  71  72  70  67  67  65  68  70  71  69  67  66  65  64  62  62
  66  71  70  73  74 138 180 183 183 183 183 184 184 184 184 185 185 185
 186 185 184 185 187 187 186 186 186 187 187 186 185 186 186 187 187 185
 182  29]","[ 28  29 172 170 166 162 162 166 171 172 173 174 174 174 175 175 175 175
 175 176 177 177 177 177 178 178 178 179 179 179 179 179 179 179 179 179
 179 179 179 178 179 179 180 180 179 179 179 179 178 178 178 178 179 179
 179 179 179 179 179 179 178 177 176 175 174 175 176 176 175 174 175 175
 178 178 179 178 178 178 178 178 180 180 180 180 180 181 182 182 183 182
 182 181 182 183 184 185 186 186 187 187 187 186 186 187 187 187 187 186
 186 187 188 188 185 183 181 172 165 160 153 131  89  82  73  70  71  66
  93  91  79  74  70  66  69  65  64  63  64  66  66  63  62  64  68  68
  66  66  68  71  70  69  68  66  69  71  72  70  68  67  65  63  62  60
  65  70  70  75  73 119 167 177 184 185 183 180 181 185 183 185 186 186
 187 186 185 186 187 186 185 186 186 187 187 186 186 187 186 187 186 185
 182  29]","[ 29  29 172 172 169 166 166 169 171 172 173 174 174 174 175 175 176 175
 175 176 176 176 176 177 177 177 178 178 178 178 178 178 178 179 179 179
 179 179 179 179 179 179 179 179 179 179 178 178 178 178 178 178 179 179
 179 179 179 179 180 179 178 177 175 175 174 175 176 177 176 176 176 176
 178 178 178 179 179 179 179 179 179 179 179 180 181 181 182 182 182 182
 182 181 182 182 183 183 186 186 186 186 186 185 185 186 186 187 186 186
 186 187 187 187 182 174 169 160 153 145 133 114  85  74  69  69  72  66
  81  80  75  70  66  63  62  60  62  63  59  62  63  62  61  61  63  64
  65  64  67  70  70  71  71  70  71  73  74  72  71  69  66  64  63  61
  63  66  67  72  73 102 146 161 172 178 182 182 181 183 183 185 186 186
 187 186 185 186 186 186 185 185 186 186 186 186 186 187 186 187 186 184
 181  29]","[ 29  29 172 172 171 169 168 171 172 173 173 174 174 174 174 175 175 175
 175 176 176 176 176 176 176 176 177 178 178 178 177 177 177 178 179 179
 179 178 179 179 179 179 179 179 179 178 178 178 178 179 179 179 179 179
 179 180 179 180 180 180 179 178 177 176 174 175 176 176 176 176 176 176
 176 175 176 177 178 178 178 177 178 178 179 180 181 181 181 181 181 181
 181 181 181 181 181 181 183 183 184 184 184 183 184 184 185 186 186 185
 186 186 186 185 179 166 157 144 134 122 111  97  77  64  62  63  68  67
  76  77  73  69  65  64  59  58  57  57  57  58  59  60  60  61  63  64
  66  65  67  68  67  68  71  71  73  74  75  74  73  73  70  67  66  64
  63  62  64  67  71  84 113 136 154 162 173 181 182 181 183 185 186 185
 186 184 184 185 185 185 185 185 184 184 184 185 184 186 185 186 185 184
 181  29]","[ 29  28 170 171 171 169 168 170 173 174 174 174 173 173 173 174 174 174
 175 176 176 176 175 176 175 176 177 178 178 178 177 177 177 178 179 179
 178 178 178 179 179 179 179 179 179 179 178 178 178 178 179 179 178 178
 179 179 179 178 179 179 180 179 177 176 175 175 175 175 175 176 176 176
 174 173 173 175 177 177 176 175 177 177 178 179 181 181 181 180 180 180
 181 181 181 181 180 180 181 181 181 182 182 182 182 183 183 185 186 185
 185 186 185 184 171 154 142 124 108  92  82  74  64  56  59  57  65  69
  73  70  68  65  60  61  55  57  57  59  56  55  57  59  59  59  61  62
  64  63  65  65  63  64  68  71  72  73  74  74  75  75  73  70  68  67
  66  62  62  59  60  61  81 116 142 151 162 174 180 183 183 185 186 185
 185 183 182 184 184 184 184 183 182 182 182 183 183 185 185 185 185 184
 181  29]","[ 29  30 170 172 169 170 170 170 173 174 174 172 171 171 173 175 173 174
 174 176 176 175 176 175 175 174 176 175 176 177 175 176 175 176 177 178
 177 176 177 177 179 179 178 178 178 179 179 178 178 179 179 178 178 179
 180 179 178 178 178 179 179 179 177 176 175 174 174 174 175 177 175 173
 173 172 172 173 174 175 175 175 176 174 174 176 179 179 177 174 176 175
 176 179 180 179 179 180 181 181 181 181 180 180 180 181 179 181 184 184
 187 183 182 180 157 136 118  97  73  63  64  65  58  58  54  56  65  69
  68  69  65  62  61  60  57  55  55  54  56  53  54  57  56  55  57  59
  60  61  59  55  56  62  67  69  72  73  73  74  77  77  74  73  70  68
  64  61  59  57  54  51  58  75 109 126 139 163 176 183 183 183 183 182
 184 184 183 184 184 183 182 183 182 181 181 181 182 183 182 183 183 182
 181  28]","[ 29  29 169 169 172 173 170 172 171 171 171 171 172 172 171 169 173 174
 173 174 174 174 175 175 176 174 174 173 174 176 174 175 174 175 176 176
 176 176 176 177 178 179 180 181 181 179 177 176 178 179 179 177 177 178
 179 179 180 179 179 179 179 178 177 176 174 175 176 175 174 174 174 175
 175 174 173 173 172 172 171 172 175 173 173 174 176 177 177 176 174 175
 176 178 178 178 178 179 179 180 180 180 179 179 180 181 182 182 183 183
 184 181 181 174 148 115  91  79  70  66  65  63  58  57  53  54  61  66
  66  66  64  62  61  61  58  57  56  55  55  52  53  55  54  54  55  55
  55  56  55  52  54  60  64  65  70  73  75  76  76  75  73  74  71  69
  65  60  57  55  54  53  51  53  69  92 113 137 160 176 185 184 182 182
 183 181 181 181 182 181 181 182 182 181 180 181 182 182 182 183 183 182
 181  29]","[ 31  30 169 166 172 172 166 168 172 171 170 171 172 173 174 174 173 173
 173 173 175 175 175 174 174 173 174 173 173 175 172 171 172 173 174 175
 174 174 175 176 176 176 177 178 178 177 177 177 175 178 179 179 179 179
 179 180 175 177 179 179 176 175 177 181 176 174 173 175 176 175 174 174
 173 173 172 172 171 171 171 171 170 171 173 175 176 176 175 175 175 176
 176 176 176 177 179 179 180 181 181 181 180 180 181 182 182 181 182 183
 183 179 178 163 127  94  74  72  71  68  64  62  57  57  53  51  57  63
  64  65  63  61  61  61  58  56  56  54  51  50  50  51  51  52  52  50
  52  52  51  49  51  58  64  66  67  72  74  75  76  75  73  74  73  71
  67  62  58  56  55  54  51  50  50  61  77 101 139 169 181 182 179 181
 183 182 183 183 182 182 182 183 183 182 181 181 180 181 181 182 182 181
 181  28]","[ 29  28 168 166 171 170 166 166 167 168 169 169 168 168 170 172 169 170
 173 173 174 174 173 173 172 171 173 172 173 176 174 174 174 174 175 175
 175 175 176 176 174 175 178 180 179 177 175 175 176 176 175 174 173 174
 176 179 178 176 175 175 176 175 175 175 175 171 169 172 174 173 171 171
 172 172 171 170 170 171 171 171 171 172 174 177 178 177 176 176 176 176
 175 172 173 176 179 179 178 178 178 178 179 179 179 179 178 178 180 182
 180 172 166 145 108  84  73  75  73  68  63  63  59  58  53  50  53  60
  65  66  64  62  61  59  55  54  53  50  46  45  45  46  47  50  50  46
  46  45  42  39  41  49  58  64  66  69  71  73  76  76  74  73  73  72
  68  64  62  60  57  55  52  53  51  50  53  66 103 143 178 185 179 181
 182 181 182 181 181 181 181 181 180 179 179 179 180 180 180 182 182 181
 181  29]","[ 31  29 169 169 167 166 166 162 164 166 169 172 171 169 168 169 170 170
 175 174 173 174 173 175 175 172 172 170 170 172 171 173 172 173 173 173
 173 173 173 174 175 175 175 175 174 173 173 176 174 175 176 176 175 174
 173 173 173 174 175 175 173 171 172 175 172 170 170 172 173 171 172 174
 174 173 171 170 171 172 170 168 169 170 171 173 174 175 175 176 175 175
 173 172 174 177 177 176 178 177 177 178 180 180 179 177 179 179 181 181
 177 161 145 123 100  83  74  73  71  68  64  63  62  60  55  51  51  57
  64  66  66  64  61  57  53  52  51  49  42  40  40  42  44  48  48  44
  41  40  37  33  33  39  49  58  63  68  71  72  74  74  73  73  74  71
  68  65  63  62  59  56  53  48  51  52  50  49  66 104 166 185 180 181
 180 179 180 179 181 182 181 180 179 179 179 179 180 180 180 182 182 182
 181  29]","[ 30  29 160 164 162 163 168 165 161 159 160 164 167 167 166 165 159 160
 166 166 167 171 172 178 174 173 177 178 178 177 175 177 176 177 178 179
 178 178 179 179 174 174 174 175 175 174 177 181 172 173 176 179 179 177
 175 175 174 176 177 176 172 169 172 176 175 173 171 173 174 173 173 173
 174 173 172 171 173 174 172 169 168 170 173 176 177 177 176 176 176 176
 176 177 178 179 178 176 175 174 173 175 178 179 177 175 175 175 177 177
 176 155 129 112  92  83  78  74  72  71  67  65  64  61  58  53  49  53
  61  65  67  65  63  58  54  53  53  50  42  38  36  38  41  45  45  42
  38  37  35  31  29  32  41  49  57  66  72  71  70  69  70  73  75  72
  67  64  64  63  60  57  56  50  52  50  50  48  50  72 143 181 179 180
 180 179 180 180 181 181 181 180 179 179 179 179 179 180 179 181 181 181
 179  28]","[ 29  29 139 139 137 135 136 135 136 131 128 130 133 135 136 136 141 139
 143 138 135 136 132 136 135 135 143 150 151 149 146 150 156 157 159 160
 160 160 160 161 156 158 163 168 167 164 163 164 168 166 164 165 166 168
 170 173 171 164 158 159 160 159 155 153 147 145 146 152 160 166 168 167
 165 166 165 166 168 169 168 165 158 160 163 166 166 165 165 167 170 170
 171 172 173 172 172 172 175 174 174 176 178 180 180 179 185 182 182 179
 180 149 109  96  86  83  82  77  74  73  69  67  65  62  60  56  50  51
  59  65  66  66  64  61  57  56  55  51  44  37  33  35  38  40  40  38
  34  32  29  26  23  25  31  38  46  58  67  68  67  67  69  72  74  71
  68  65  64  63  60  57  55  55  53  46  45  48  49  56 123 179 181 180
 181 179 178 179 179 181 181 179 178 178 178 177 179 180 179 181 181 180
 179  28]","[ 29  31 126 125 129 128 126 129 133 129 126 125 124 122 122 124 120 120
 128 127 128 132 128 132 124 121 125 129 127 123 121 127 124 126 128 129
 130 130 130 131 130 129 128 129 127 125 128 133 130 130 131 133 134 132
 130 129 132 130 129 129 127 125 128 132 129 129 128 127 128 129 129 128
 127 128 129 129 130 132 131 128 132 131 130 129 127 128 134 139 131 130
 131 131 131 130 132 135 137 137 137 138 140 142 144 145 153 152 157 160
 171 142  96  89  85  81  79  74  73  74  69  67  65  61  61  58  51  50
  58  65  66  66  66  63  59  58  56  51  45  36  31  33  35  36  35  34
  33  29  25  22  21  22  28  34  38  50  60  63  65  67  69  71  71  70
  68  66  64  61  58  54  53  54  49  49  50  48  51  53 105 173 179 180
 183 182 182 183 184 186 187 185 183 182 181 181 181 181 181 182 182 182
 181  29]","[ 29  28 126 128 127 128 129 129 130 129 130 129 127 124 125 127 128 128
 129 129 129 129 129 128 128 129 129 129 130 130 130 128 129 130 130 131
 130 130 131 131 130 130 130 129 129 129 130 131 130 130 131 131 130 129
 127 125 124 125 125 126 125 125 126 126 130 130 130 130 129 130 129 129
 129 128 128 128 128 127 125 124 124 126 128 128 127 125 125 126 126 127
 129 131 131 130 130 129 130 129 128 129 130 130 130 130 128 129 132 144
 162 132  83  86  81  81  80  77  75  74  72  71  66  62  59  58  54  51
  55  62  64  66  66  63  60  57  53  48  44  37  30  28  31  33  32  31
  29  25  23  22  22  23  25  29  34  47  57  60  62  64  67  71  72  70
  67  64  63  61  58  55  55  53  51  48  47  51  54  52  97 145 152 148
 157 165 169 168 161 164 165 163 163 165 167 167 164 159 164 168 167 175
 168  31]","[ 29  28 126 127 127 127 127 128 129 129 129 129 128 126 126 127 127 128
 129 129 128 128 127 126 128 129 130 129 129 129 129 128 129 129 130 130
 130 130 130 130 130 130 130 130 130 130 131 131 130 130 130 130 129 129
 128 127 129 129 129 129 128 129 129 130 130 130 130 130 130 130 131 130
 131 130 129 130 131 130 128 128 128 129 130 130 129 128 129 129 130 130
 130 130 130 130 131 131 131 130 130 131 131 131 131 131 134 135 136 146
 162 131  83  85  81  81  80  79  77  75  73  71  67  64  61  61  56  51
  52  57  62  65  64  61  58  56  52  48  43  35  27  24  26  28  28  27
  26  24  24  24  24  24  28  32  35  46  55  58  60  62  65  68  72  71
  68  66  63  61  57  54  54  53  53  52  51  53  56  55  88 131 136 130
 131 132 131 130 131 133 135 134 133 133 132 130 131 130 131 131 126 128
 134  26]","[ 29  29 127 128 128 128 128 128 129 129 130 130 129 128 128 129 127 128
 129 129 128 128 128 127 128 130 130 130 129 129 129 129 129 129 130 130
 129 129 129 130 130 130 130 130 130 130 130 131 130 130 129 129 128 128
 128 129 129 128 128 128 127 128 129 130 129 129 129 129 129 131 131 131
 131 130 130 131 131 130 129 129 130 130 130 130 129 129 130 131 131 131
 131 130 130 130 131 132 131 131 131 131 132 131 131 131 132 134 138 149
 161 131  83  80  82  81  81  81  80  77  74  72  69  65  64  63  59  52
  49  51  54  56  58  56  55  54  52  50  42  34  25  22  23  25  25  24
  24  24  25  26  26  27  31  36  38  47  54  57  59  61  64  66  71  71
  70  67  65  62  58  55  55  54  55  56  55  54  56  60  95 132 137 135
 136 135 136 138 136 138 139 140 140 139 137 134 136 136 134 137 140 137
 136  31]","[ 29  29 127 129 129 129 129 129 129 129 130 130 130 130 129 130 125 127
 128 129 129 129 130 130 128 129 130 130 129 130 130 130 130 130 130 130
 130 130 130 130 130 130 130 130 130 130 130 130 131 130 129 128 128 128
 128 128 128 129 129 129 129 129 130 131 128 128 128 128 128 130 131 131
 131 130 129 130 130 129 128 128 130 130 129 129 129 129 129 130 129 130
 131 131 131 131 131 131 130 129 129 130 130 130 129 129 131 135 141 150
 158 129  85  79  79  79  80  81  80  77  74  72  70  67  65  65  61  54
  49  47  51  53  54  52  50  49  47  45  40  32  24  21  22  24  24  24
  24  25  27  30  32  34  37  40  45  52  57  59  61  62  64  66  68  69
  69  68  66  63  60  57  56  56  56  58  57  56  62  71 107 135 136 131
 131 133 134 137 137 137 137 137 138 138 137 135 134 138 137 136 140 138
 136  29]","[ 29  29 127 129 128 129 129 129 128 129 130 130 129 129 129 129 126 127
 127 127 128 129 130 130 129 129 129 128 129 130 129 128 129 130 130 130
 130 130 130 130 130 130 130 131 131 131 131 130 131 130 129 128 127 126
 126 126 127 128 129 131 131 130 130 130 128 128 128 127 128 129 130 130
 131 129 129 129 130 129 128 128 130 129 129 129 130 130 130 129 128 129
 131 131 131 131 130 130 129 129 129 130 130 129 128 128 134 137 142 147
 147 120  83  75  74  75  78  80  79  76  74  73  73  69  66  64  62  56
  49  45  49  51  51  49  47  45  43  41  36  29  22  19  20  22  23  24
  26  28  32  36  39  42  44  46  51  58  62  63  63  63  64  66  65  67
  68  68  67  65  63  61  58  57  57  59  60  61  72  88 110 131 129 125
 127 133 136 137 138 138 137 137 137 137 136 134 134 138 140 138 136 138
 140  30]","[ 29  29 127 128 127 128 128 129 128 129 129 128 128 128 128 128 128 128
 128 127 128 129 129 129 129 129 128 127 128 128 128 126 128 128 129 129
 129 129 130 130 130 130 130 130 131 131 130 130 130 129 128 127 126 126
 125 124 125 126 128 130 130 129 129 128 129 129 129 128 128 129 130 130
 130 128 128 128 129 129 129 129 130 130 130 130 130 130 130 130 130 130
 131 131 130 130 130 131 130 130 129 130 130 130 129 129 132 138 144 145
 137 111  80  70  70  72  75  78  79  76  75  75  74  70  66  64  62  57
  49  43  43  44  45  45  43  41  40  38  31  27  21  19  20  22  24  25
  30  33  37  42  46  49  51  51  56  61  64  64  64  64  64  67  64  65
  66  66  66  66  65  64  62  61  59  60  63  66  81 102 120 133 131 129
 130 136 135 134 135 135 135 136 137 136 135 134 137 135 136 139 139 139
 138  25]","[ 30  29 127 128 127 128 129 130 128 130 130 128 127 127 128 128 129 129
 128 128 129 130 130 129 129 129 129 128 127 127 127 126 126 127 127 128
 128 129 129 130 129 129 129 130 130 130 130 129 130 129 127 127 127 127
 126 125 128 129 130 130 130 130 130 130 130 130 130 129 130 130 130 130
 130 128 127 128 129 129 129 129 129 130 130 130 130 130 130 130 131 131
 131 130 130 130 131 131 131 130 130 130 131 130 130 130 131 138 144 141
 128 104  80  71  68  68  71  75  78  77  76  75  73  70  65  63  61  57
  48  41  39  40  40  40  38  35  32  31  28  25  21  20  20  23  27  30
  35  39  45  49  53  55  56  56  61  64  65  65  66  66  66  68  66  66
  66  65  65  66  66  65  64  64  61  62  66  72  89 113 125 133 132 135
 136 140 138 137 134 135 137 138 138 138 138 138 140 139 139 139 137 136
 138  31]","[ 29  29 126 128 127 129 130 131 129 131 131 128 126 127 128 128 127 127
 127 127 129 130 130 129 129 130 130 129 128 128 128 128 125 126 127 128
 128 129 129 130 130 130 130 130 131 131 130 129 131 129 127 127 128 129
 128 127 129 129 129 128 128 128 129 129 130 130 130 130 130 131 131 130
 131 129 128 129 129 129 129 129 129 130 130 130 130 130 130 130 129 129
 130 131 130 130 131 131 131 130 129 130 130 130 130 130 133 137 138 130
 113  93  77  73  65  64  66  72  77  77  75  74  72  68  65  63  61  57
  48  40  32  33  34  36  35  34  32  30  26  24  21  20  21  25  30  34
  41  46  52  56  57  58  59  59  64  65  65  66  68  68  68  70  68  68
  66  65  64  65  65  65  62  64  63  64  70  78  97 122 130 133 133 138
 138 138 135 135 136 137 137 138 137 136 137 138 136 139 136 135 139 140
 138  29]","[ 29  29 126 127 127 128 127 129 128 129 129 128 127 127 128 129 127 126
 126 127 129 130 130 131 130 129 129 129 129 128 128 129 128 128 128 129
 130 129 128 128 125 127 128 128 129 130 130 128 130 129 128 128 129 128
 127 125 128 128 127 126 126 128 129 129 130 130 130 130 130 130 130 129
 130 130 130 130 129 127 128 129 129 130 131 130 130 130 130 131 130 129
 130 130 130 129 129 129 130 130 130 130 130 131 131 132 131 134 136 121
 100  82  77  71  64  60  60  65  71  75  76  77  69  67  64  60  57  52
  45  39  31  30  31  32  33  32  31  31  27  25  23  22  24  27  34  40
  47  51  55  57  59  60  61  62  63  65  66  66  65  65  67  69  70  69
  66  65  65  65  65  65  64  63  64  68  73  83 104 126 131 134 136 137
 137 137 137 137 136 136 137 138 138 138 138 137 136 137 136 135 136 137
 138  29]","[ 29  29 126 126 127 127 126 128 127 128 128 127 126 127 128 128 127 126
 126 127 129 129 129 129 129 128 127 127 127 127 127 128 129 128 128 128
 128 127 126 126 126 127 128 128 128 128 128 127 128 127 127 127 128 127
 126 125 126 127 126 125 126 127 128 128 130 130 130 130 129 129 129 128
 130 130 130 130 129 128 128 129 129 129 130 129 129 129 129 129 130 130
 130 130 129 129 129 129 130 130 130 130 130 130 130 130 131 132 129 111
  93  79  76  73  65  61  59  62  67  69  71  71  69  66  61  56  52  47
  42  36  30  29  29  31  32  32  30  30  26  25  24  25  27  33  41  48
  49  53  58  61  62  62  61  61  64  65  65  65  64  65  66  68  69  68
  66  65  65  65  64  64  63  65  68  70  79  94 112 129 132 134 136 136
 136 136 136 136 135 136 137 138 138 137 136 136 137 137 136 135 136 136
 137  28]","[ 29  29 126 126 127 127 125 126 125 126 125 124 124 126 127 127 126 125
 125 126 128 128 127 127 126 125 125 125 126 126 126 126 128 127 127 128
 127 126 126 127 127 128 128 127 126 126 126 126 126 125 125 125 126 126
 125 124 125 126 126 125 126 127 127 127 129 129 129 128 128 127 127 126
 129 129 129 129 129 128 128 129 130 129 129 129 129 129 129 128 130 130
 129 129 128 127 128 129 129 130 130 130 129 128 128 128 129 130 125 106
  93  80  76  73  66  62  59  59  62  64  65  66  65  62  56  50  46  44
  40  36  30  27  26  28  31  31  30  30  28  27  27  29  32  39  47  53
  56  59  62  64  65  64  63  62  65  64  64  65  65  65  65  65  67  67
  66  65  64  64  64  64  63  66  69  69  82 106 120 131 133 134 135 134
 134 134 134 135 135 136 137 137 137 136 135 134 136 137 136 136 136 136
 136  28]","[ 29  29 125 125 127 127 125 125 124 123 122 122 123 125 126 126 126 125
 125 126 126 125 124 124 125 124 124 125 126 126 125 125 125 125 126 126
 126 126 127 129 126 127 127 127 125 124 125 125 124 123 123 123 124 124
 124 124 126 126 126 126 126 126 126 126 128 127 126 126 125 125 125 125
 128 128 128 128 128 127 128 129 129 128 128 128 129 129 129 129 129 129
 129 128 126 126 126 128 129 130 130 130 129 128 127 127 128 130 122 104
  94  83  77  73  67  63  59  58  59  61  62  62  59  57  52  46  43  42
  39  36  31  27  24  25  29  31  31  31  30  30  32  35  40  47  54  58
  64  64  65  65  65  64  64  64  63  64  65  66  66  65  64  63  66  65
  65  65  64  64  64  64  65  66  68  66  84 112 123 130 133 133 134 132
 132 132 133 134 135 135 136 136 136 135 135 134 135 136 135 136 136 136
 137  29]","[ 29  29 124 125 126 127 125 124 123 123 122 121 122 124 125 125 125 125
 124 125 125 124 123 122 124 124 124 126 127 126 125 124 123 124 124 125
 125 125 127 129 125 125 126 125 124 123 124 124 124 123 123 123 124 124
 125 125 126 126 126 126 126 126 126 126 127 126 125 124 124 124 125 126
 127 126 126 127 127 126 126 127 127 126 125 126 128 129 129 129 129 129
 129 128 127 126 126 127 128 129 130 130 129 128 127 127 128 128 120 102
  93  83  77  74  68  64  60  58  57  57  56  56  54  52  48  44  41  40
  37  34  31  27  24  26  29  30  30  30  31  32  36  42  50  57  62  64
  66  65  65  65  66  65  65  65  63  64  66  66  66  65  65  65  65  65
  65  65  64  64  64  64  67  67  68  72  91 115 125 129 132 132 132 131
 131 131 133 134 135 135 135 134 135 135 135 135 135 135 135 136 136 135
 136  29]","[ 29  28 124 124 125 126 124 124 123 123 122 122 123 124 125 125 125 124
 124 125 125 124 123 122 123 122 123 125 126 125 123 123 123 123 123 124
 123 122 123 125 124 123 123 124 123 122 123 124 124 124 124 124 124 125
 125 126 125 124 124 125 125 125 125 126 126 125 124 123 123 124 125 126
 125 125 125 125 125 125 125 126 126 125 124 125 127 128 129 129 128 129
 129 129 128 126 126 127 127 128 128 128 128 128 127 127 127 127 122 108
  98  85  77  72  68  65  60  57  55  52  50  48  45  45  43  41  40  39
  37  33  30  27  26  28  31  31  29  28  33  36  42  49  56  62  65  66
  65  64  65  68  69  67  66  66  65  65  65  65  64  64  66  67  66  65
  64  64  64  64  64  64  68  70  73  85 104 120 128 130 131 132 132 131
 131 132 133 133 134 134 133 133 133 134 135 135 135 135 135 136 136 134
 135  29]","[ 29  28 123 123 123 124 123 123 123 123 122 122 122 123 124 124 123 122
 122 123 124 124 123 122 122 121 122 123 123 123 122 122 122 122 123 123
 122 121 121 122 123 122 122 122 122 122 122 124 124 123 123 123 123 124
 124 125 124 123 123 123 123 123 123 124 125 124 124 124 123 124 124 125
 124 124 124 124 124 124 124 124 125 125 124 124 125 127 127 127 128 128
 128 128 128 126 126 126 127 126 126 126 127 127 126 125 126 125 125 115
 102  86  78  72  68  65  60  56  53  51  47  44  39  39  38  38  39  40
  37  34  32  30  29  31  32  31  30  30  36  42  50  55  60  63  65  65
  66  65  67  70  71  69  66  65  65  65  65  64  64  65  65  66  64  64
  63  63  64  64  64  64  68  73  77  95 114 123 130 130 131 132 133 132
 132 132 133 133 132 132 132 132 132 133 134 134 134 134 134 136 136 134
 135  28]","[ 29  28 123 122 122 122 121 122 122 122 122 121 121 122 122 122 121 120
 120 122 123 123 123 123 122 122 122 123 123 122 122 122 122 122 122 123
 122 121 121 122 123 121 121 121 122 121 122 123 123 122 122 121 122 122
 123 124 124 123 122 122 122 120 121 122 124 124 124 123 123 123 123 123
 124 123 123 123 123 123 123 123 125 124 123 123 123 124 124 124 127 127
 126 127 127 126 125 125 127 126 125 125 126 126 125 124 127 124 124 114
 100  85  79  74  68  64  60  56  54  52  48  44  39  38  37  37  38  39
  36  33  35  33  32  32  32  32  32  33  38  46  54  60  62  64  66  66
  68  67  67  70  71  68  65  65  65  64  64  65  66  65  64  62  63  62
  61  62  63  65  65  65  67  75  78  99 117 123 131 129 131 132 134 133
 132 132 133 132 131 131 131 131 131 132 132 133 133 133 134 136 136 134
 135  29]","[ 29  31 120 122 122 122 122 121 120 120 120 121 122 122 121 121 118 118
 120 122 123 122 122 123 121 121 121 122 122 122 122 122 122 121 121 121
 122 122 122 121 122 122 123 122 121 121 122 122 122 122 122 123 123 124
 123 122 122 122 122 122 121 121 122 123 125 124 124 123 123 123 122 122
 122 123 124 123 122 122 122 123 123 124 124 124 123 123 123 124 125 126
 127 126 125 124 124 126 126 126 125 124 124 125 126 128 126 123 122 116
 104  90  80  75  73  66  60  58  55  51  48  44  36  35  35  35  37  38
  38  37  35  34  33  35  35  34  35  38  46  53  58  60  62  66  69  68
  67  68  68  68  67  66  65  65  65  65  64  64  65  65  64  62  63  61
  63  66  65  65  65  63  67  74  87 106 118 124 130 128 131 132 132 132
 132 133 133 133 132 133 134 133 132 132 132 133 132 131 132 132 133 132
 132  29]","[ 29  30 118 121 121 122 121 119 119 119 119 120 121 121 122 122 118 119
 120 122 122 122 121 121 120 121 122 123 122 121 120 119 120 119 119 119
 121 122 122 122 121 122 122 120 120 120 121 122 122 122 121 121 122 122
 122 121 121 122 122 121 121 121 122 122 123 123 123 122 122 122 122 122
 122 123 123 123 122 122 123 124 124 124 123 124 124 124 124 124 122 123
 124 125 123 123 123 125 127 126 125 124 124 125 126 128 127 124 123 118
 106  92  82  76  71  65  62  61  57  53  48  44  40  37  35  34  36  38
  38  37  36  36  37  39  39  38  40  43  50  56  61  63  65  68  70  70
  72  70  69  67  65  65  65  65  66  66  65  65  65  65  64  62  63  63
  65  66  65  65  65  64  67  79  95 114 124 128 132 131 131 132 132 131
 131 132 132 131 132 132 133 133 132 132 133 133 132 131 131 131 132 131
 131  28]","[ 28  30 117 120 121 122 120 118 118 119 119 119 119 120 121 122 118 118
 119 120 120 119 119 119 120 120 121 122 121 120 119 118 118 117 117 118
 120 122 122 122 120 120 120 119 118 119 120 121 122 121 120 120 120 120
 120 120 120 120 121 121 122 122 121 121 122 122 122 122 122 123 123 123
 122 123 123 123 122 122 123 124 124 123 122 123 124 125 124 123 121 122
 123 123 122 122 122 124 127 126 125 124 123 124 126 127 126 123 122 118
 107  93  82  75  69  65  63  62  58  53  48  44  44  40  37  36  38  39
  38  38  37  40  43  44  43  43  46  50  56  61  65  66  68  70  71  71
  73  71  69  66  65  64  65  65  65  66  65  65  65  65  63  61  62  64
  66  65  65  65  66  65  67  83 104 122 129 129 132 132 131 132 132 131
 130 131 131 130 132 132 132 132 132 132 133 133 133 132 131 131 131 130
 130  28]","[ 29  30 116 119 121 122 120 118 118 118 119 118 117 117 118 119 118 117
 117 118 117 117 117 117 119 119 119 118 118 119 119 119 117 117 117 118
 119 120 120 120 118 119 119 117 117 117 118 119 120 120 120 119 119 119
 119 119 119 119 120 121 122 122 121 120 121 121 122 122 122 122 123 124
 122 122 123 122 122 122 122 123 123 122 121 121 123 124 123 122 122 122
 123 124 123 122 123 124 126 125 124 123 123 123 125 125 124 122 121 117
 105  92  83  77  72  66  63  61  58  54  50  47  44  42  40  40  41  40
  38  38  40  43  47  48  46  46  50  55  61  65  69  69  69  70  71  71
  69  69  68  67  66  65  65  65  65  65  65  65  64  64  63  61  62  65
  66  65  66  67  66  66  70  89 109 125 130 129 131 131 132 132 132 131
 131 131 131 130 132 131 130 130 131 132 132 132 133 132 131 130 131 130
 130  29]","[ 29  29 115 117 119 121 119 116 116 117 118 117 116 115 116 117 118 117
 116 116 115 115 116 117 118 118 117 117 117 117 118 118 116 116 117 118
 119 119 118 117 117 118 118 118 117 117 118 118 118 119 119 119 119 119
 119 119 118 118 119 121 122 122 121 120 121 121 121 121 121 122 122 122
 122 122 123 123 122 122 122 122 122 121 121 121 122 122 122 122 123 123
 124 125 124 123 123 124 124 123 122 122 122 122 123 123 123 122 121 117
 104  92  85  81  75  69  65  63  60  57  54  50  45  44  43  44  43  41
  40  40  42  46  49  49  47  48  53  59  65  68  70  71  71  72  72  72
  69  68  67  67  66  65  65  65  65  66  65  64  64  64  64  63  62  65
  65  65  68  69  68  70  79  98 114 125 130 129 130 131 131 131 131 130
 130 131 131 131 131 130 129 129 130 131 131 131 132 131 130 130 130 130
 131  30]","[ 29  29 114 116 118 119 117 115 115 116 117 116 115 115 116 117 118 117
 115 115 114 114 115 116 116 116 117 117 116 116 115 115 117 117 117 118
 119 119 118 117 117 118 119 118 117 117 117 117 116 117 118 119 119 119
 118 118 117 118 119 120 121 122 122 121 122 121 121 121 121 122 122 122
 122 122 122 122 122 122 122 122 121 122 122 122 122 122 122 122 122 122
 124 125 124 123 123 124 123 122 122 122 122 122 122 122 123 122 122 118
 105  92  86  84  76  71  68  66  63  60  56  53  50  48  47  47  45  43
  44  47  46  49  51  50  49  51  57  62  66  69  71  72  72  73  73  73
  72  70  68  66  65  64  65  65  65  65  64  63  63  63  63  63  62  64
  63  64  68  69  70  74  91 108 119 125 129 129 130 131 130 130 130 129
 130 130 131 130 130 129 129 129 129 130 130 130 130 130 130 129 130 129
 130  30]","[ 29  30 115 116 116 116 115 113 113 114 114 114 114 114 115 116 117 116
 115 115 114 113 113 114 116 116 116 116 116 115 115 115 117 117 117 118
 119 118 117 116 116 118 118 117 116 116 116 117 115 116 117 118 117 117
 118 118 117 117 118 119 120 121 122 123 122 120 119 119 121 121 121 120
 122 121 121 121 121 121 122 122 122 122 122 122 122 122 122 122 121 122
 123 124 124 123 122 123 122 122 122 122 123 123 122 121 122 121 122 118
 105  92  84  81  75  71  70  68  64  61  59  57  55  52  50  50  48  47
  48  51  49  51  53  53  53  57  62  66  68  69  71  73  73  73  73  73
  73  71  68  65  64  64  65  65  65  64  63  61  61  61  62  62  62  64
  63  64  69  69  72  82 101 116 123 126 129 129 129 130 129 130 130 129
 129 130 130 130 130 130 129 129 130 130 130 130 130 129 130 129 130 129
 130  29]","[ 28  29 114 115 113 113 112 111 112 112 112 112 112 112 113 114 116 115
 115 114 113 112 112 112 116 115 115 114 114 115 116 117 116 116 115 116
 116 116 114 113 116 117 117 116 115 115 115 116 115 116 116 116 116 116
 117 117 117 117 118 118 119 120 122 123 120 118 117 117 119 120 119 118
 121 120 119 119 119 121 122 123 122 122 121 121 122 122 122 121 122 122
 123 123 123 121 121 121 122 122 122 123 124 123 122 121 121 120 121 118
 106  92  83  78  76  73  71  69  64  62  62  62  56  53  50  51  50  48
  48  50  51  53  54  55  57  61  66  69  69  70  72  73  72  72  72  72
  70  69  67  65  64  64  65  65  66  65  63  61  60  61  61  62  63  66
  65  66  70  70  75  88 106 121 126 127 130 128 128 129 130 130 130 129
 129 130 130 130 130 130 130 130 130 130 130 130 131 130 131 130 130 129
 130  29]","[ 29  31 111 112 114 113 111 110 112 111 110 110 111 113 113 113 115 114
 114 114 113 112 112 112 114 114 114 114 114 113 114 114 116 114 114 116
 117 115 113 113 113 115 116 116 115 114 114 114 116 117 117 117 117 117
 117 116 116 116 116 117 118 119 120 120 121 119 118 118 119 119 119 118
 118 118 119 119 119 119 120 121 122 122 122 123 122 121 121 121 122 121
 121 123 123 122 121 122 122 122 122 123 124 124 123 122 120 123 120 121
 109  89  84  80  77  74  71  69  68  66  64  62  57  54  53  52  51  51
  52  51  52  51  51  54  59  63  66  69  69  71  72  73  72  72  72  73
  71  68  66  66  66  65  65  65  64  61  60  61  61  60  61  64  65  62
  64  66  67  68  77  94 110 120 129 130 128 128 128 128 130 130 130 130
 130 130 129 129 128 128 129 130 130 130 130 130 131 129 130 130 130 129
 130  29]","[ 29  30 110 111 113 112 111 110 111 111 111 110 111 112 113 112 111 110
 111 112 113 113 114 114 114 114 114 114 114 113 113 114 114 113 113 115
 116 115 114 113 113 115 116 116 116 115 115 115 117 117 117 117 117 117
 117 117 116 116 116 117 118 118 118 117 118 118 117 117 117 117 118 119
 118 118 118 118 118 118 119 119 121 121 121 122 122 122 121 122 122 121
 121 122 122 122 122 121 122 122 122 122 123 123 122 122 122 124 121 121
 109  89  80  78  77  75  73  71  69  68  66  64  60  56  55  54  52  52
  54  54  53  53  52  54  58  63  67  70  71  72  73  73  72  71  71  71
  71  69  68  68  68  66  64  63  59  60  60  61  61  61  63  64  65  64
  66  67  69  73  83 100 117 123 129 129 128 129 130 130 130 130 130 130
 129 129 128 128 128 128 128 129 130 130 130 130 130 129 130 130 130 128
 129  28]","[ 28  30 109 109 112 111 110 111 110 111 111 110 111 112 112 111 110 109
 109 110 111 112 112 113 113 114 114 114 113 112 112 112 112 111 112 114
 115 114 113 113 113 114 116 116 116 115 114 115 115 115 116 116 116 116
 115 115 116 115 115 116 117 117 116 114 116 116 117 116 116 116 117 119
 118 117 117 117 117 117 118 118 119 119 119 120 121 121 121 122 121 122
 122 120 120 121 122 121 122 122 122 122 122 122 122 122 121 122 121 121
 113  95  82  81  77  75  73  72  70  68  66  66  61  58  56  55  52  53
  55  56  55  55  54  54  57  63  69  71  73  73  72  72  72  71  71  71
  71  69  68  68  68  67  64  62  61  62  63  61  60  62  64  65  65  65
  68  67  69  77  90 107 121 124 127 127 128 130 131 130 128 129 129 129
 129 128 127 127 128 128 129 129 129 130 130 130 130 129 130 130 130 128
 129  28]","[ 28  29 108 108 111 110 110 111 110 111 110 110 110 111 111 110 111 110
 109 109 110 110 110 110 112 113 114 114 112 111 110 109 111 111 111 112
 113 113 112 111 111 112 114 114 114 113 113 113 114 114 114 114 114 114
 114 114 115 115 115 116 116 116 114 113 115 116 116 116 116 116 117 118
 119 117 116 116 116 117 117 117 117 117 117 118 119 119 120 121 121 123
 122 119 118 121 122 122 122 122 122 122 122 122 122 122 122 121 122 121
 118 103  85  82  78  76  74  73  71  68  66  66  60  57  56  54  52  53
  56  58  56  56  54  52  55  62  68  71  72  72  71  72  73  73  73  73
  72  69  66  65  65  66  65  65  64  64  63  61  61  63  65  67  67  69
  70  67  70  82  98 114 121 124 126 127 128 129 129 128 126 127 128 129
 129 129 128 127 128 128 129 129 129 128 129 129 129 128 129 129 129 127
 129  29]","[ 29  29 107 107 110 110 110 110 110 110 110 109 109 110 110 110 110 109
 108 108 110 110 110 110 112 113 114 114 112 110 109 108 110 111 111 111
 112 112 111 110 110 111 112 113 113 113 112 112 114 114 114 114 114 114
 114 114 114 115 115 115 114 114 114 115 115 115 116 116 117 117 117 117
 119 117 116 116 117 117 117 116 117 116 117 118 118 118 119 120 121 122
 121 118 118 121 122 121 121 121 122 122 122 122 122 122 123 122 121 121
 120 107  87  79  79  76  74  74  72  69  66  65  60  57  56  54  52  52
  56  58  57  57  55  51  53  59  67  70  71  71  71  71  73  73  73  73
  73  70  66  63  63  65  66  66  64  61  60  61  63  64  66  68  70  72
  73  69  74  89 106 121 123 125 127 127 127 128 128 127 126 127 128 129
 130 129 128 127 128 128 129 128 127 127 127 127 127 126 127 126 126 125
 128  29]","[ 29  29 106 106 109 109 109 108 109 109 109 108 108 109 110 110 110 109
 108 109 109 109 109 109 111 112 113 113 112 110 109 108 110 110 111 111
 111 111 111 110 110 110 111 112 113 113 113 113 115 115 115 115 114 114
 114 114 113 114 115 115 114 113 114 116 115 115 115 116 117 117 117 116
 118 117 116 116 117 118 117 117 117 117 117 118 118 118 118 119 121 121
 119 118 118 120 121 120 119 120 120 121 121 121 121 121 123 121 120 121
 120 112  96  82  79  76  74  73  72  68  65  64  61  58  57  55  52  52
  55  56  58  58  56  53  53  58  64  68  70  70  71  71  72  72  71  70
  73  70  67  64  64  65  65  64  64  61  61  64  66  64  64  65  70  72
  74  72  81  97 112 125 125 126 127 126 125 125 126 127 127 128 129 129
 129 128 127 127 129 129 129 128 127 126 126 126 127 126 127 126 125 124
 127  29]","[ 29  28 105 105 108 108 107 106 107 108 108 107 107 108 109 109 110 109
 109 109 109 108 108 108 110 110 111 111 110 110 110 110 109 110 111 110
 110 111 111 111 111 111 112 112 113 113 113 113 114 114 114 114 114 114
 114 114 114 114 114 114 113 114 114 115 115 115 114 115 116 116 117 117
 116 116 116 116 117 118 117 117 117 117 117 118 118 118 118 118 120 118
 117 117 118 119 119 119 118 118 119 119 120 120 121 122 122 121 118 121
 119 116 109  90  79  75  72  73  72  68  65  63  61  59  58  56  53  53
  54  55  58  59  58  56  55  57  62  67  69  70  71  72  72  71  69  68
  71  70  67  64  64  65  65  63  65  64  65  66  67  65  64  64  68  71
  74  76  87 103 114 124 124 125 126 125 124 124 125 126 128 128 128 128
 128 128 128 127 129 129 128 127 126 125 126 127 128 128 128 127 126 124
 127  29]","[ 29  27 104 104 108 108 106 104 106 107 108 107 107 107 108 108 107 107
 108 109 110 109 109 109 109 109 108 108 108 109 110 111 109 111 111 110
 110 111 111 110 113 113 112 112 112 112 112 112 115 114 114 114 114 114
 114 114 114 114 114 114 114 114 114 114 114 114 114 114 114 115 117 118
 115 115 116 116 117 118 117 117 116 116 116 117 118 117 117 117 119 116
 115 117 119 119 118 118 118 118 118 119 119 120 121 123 122 122 118 120
 118 117 116  95  79  75  72  74  74  70  66  64  63  60  59  58  56  55
  56  56  59  59  60  59  57  57  61  66  67  69  71  72  72  71  69  68
  70  68  65  63  63  65  65  63  64  66  66  65  65  67  67  66  67  70
  74  79  92 107 115 122 122 123 125 126 126 125 125 126 128 127 127 126
 127 127 128 129 128 127 126 125 123 123 125 127 128 128 129 128 126 124
 126  28]","[ 28  28 102 104 104 104 104 104 105 105 106 108 108 106 106 108 107 105
 104 108 110 108 107 108 107 108 108 107 105 105 108 111 110 109 109 109
 110 111 112 112 112 112 111 111 111 111 111 111 113 113 113 113 112 113
 113 114 112 111 111 112 113 115 114 114 113 114 114 114 115 116 116 116
 116 116 116 116 116 116 116 117 116 116 117 117 118 117 116 115 116 117
 117 117 117 117 118 119 119 119 119 119 119 120 121 121 122 119 118 119
 119 119 114 106  90  80  72  72  73  71  67  63  64  61  59  58  58  57
  57  57  58  60  61  60  58  58  61  64  67  67  69  70  71  72  71  68
  67  66  65  65  65  64  64  64  65  64  65  67  67  67  68  70  72  69
  73  79  99 112 119 123 124 125 126 126 126 126 125 125 127 127 127 125
 125 126 127 126 126 125 124 124 124 125 127 129 129 129 128 127 125 125
 124  29]","[ 29  29 102 103 102 102 102 103 104 104 105 106 106 105 105 106 106 105
 104 106 108 107 107 107 108 108 107 107 105 105 107 109 109 109 108 109
 109 111 111 112 111 111 111 111 111 111 112 112 112 111 111 111 112 112
 112 111 112 112 112 113 114 114 113 111 113 114 114 114 115 115 116 115
 116 116 116 116 116 116 116 117 115 115 116 117 118 117 116 115 116 116
 116 116 117 118 119 121 118 118 118 118 119 120 121 122 121 119 118 118
 118 119 116 111  95  84  77  77  76  71  68  67  65  62  59  59  59  57
  57  58  60  62  63  62  60  60  62  64  66  66  68  69  70  71  71  68
  66  65  65  65  65  65  65  65  66  66  66  67  67  67  69  71  72  71
  78  84 103 115 121 122 123 124 125 125 125 125 125 125 126 127 126 125
 125 126 127 126 125 124 124 123 123 125 126 128 127 127 127 126 124 124
 123  29]","[ 30  29 101 101 101 101 101 102 104 104 105 106 106 105 105 106 105 105
 104 104 105 106 106 105 108 108 107 106 105 105 106 108 107 107 107 107
 108 108 109 110 109 110 110 110 110 110 111 112 112 111 110 111 113 113
 112 110 112 112 113 113 114 113 112 110 113 114 114 114 114 115 115 115
 116 116 116 115 116 116 116 116 116 116 116 117 118 117 116 115 117 117
 117 117 116 117 118 119 117 117 118 118 118 119 121 122 121 119 118 118
 117 118 118 115 105  90  79  79  79  74  69  66  65  62  60  59  59  58
  58  58  61  62  64  64  63  62  63  64  65  65  67  68  68  68  68  66
  65  64  64  65  66  66  65  65  66  66  67  67  66  67  68  70  72  73
  83  92 109 120 123 123 123 123 123 123 123 123 125 125 125 126 126 125
 125 125 126 125 124 124 124 124 124 124 126 127 125 125 125 125 123 123
 123  29]","[ 29  29 100 101 100 101 101 103 104 104 105 105 105 105 105 106 104 105
 104 103 103 104 105 104 107 106 106 105 105 105 106 107 107 107 108 107
 107 107 107 108 107 108 109 110 109 109 110 110 111 110 110 111 113 114
 113 112 112 112 112 113 114 114 113 112 113 114 114 114 114 115 115 115
 116 116 116 115 116 116 116 116 116 116 116 116 117 117 116 116 117 118
 118 117 116 116 116 116 116 117 118 119 118 119 120 121 121 119 118 118
 118 119 119 117 114  97  83  78  78  75  70  64  64  62  60  59  59  59
  58  59  60  62  63  64  64  64  64  65  65  65  68  68  67  68  69  67
  66  65  65  66  66  66  65  65  66  67  67  67  67  67  68  70  72  72
  85  98 114 121 123 122 122 122 122 122 122 123 124 125 124 124 124 124
 124 124 123 123 124 125 125 124 124 125 125 126 124 124 124 124 122 122
 122  29]","[ 29  28 100 101 101 101 102 103 103 103 104 104 104 104 104 104 104 104
 104 103 103 104 104 104 105 105 104 104 104 104 105 106 108 109 109 109
 107 107 107 108 106 107 109 110 110 110 110 110 111 110 110 111 112 113
 113 114 113 112 112 112 113 114 114 114 112 114 114 114 114 114 114 114
 115 115 115 115 115 116 116 116 115 114 114 114 114 115 115 115 114 115
 116 116 116 116 116 116 116 117 119 119 119 118 118 119 120 117 118 119
 119 119 119 117 116 105  91  80  74  74  72  68  64  62  60  61  61  60
  60  60  60  61  63  64  65  65  65  66  64  65  68  70  69  71  72  72
  67  66  67  68  68  67  66  66  67  68  69  69  68  68  69  70  71  70
  86 103 117 121 122 121 122 122 122 122 122 122 124 124 124 124 124 123
 123 122 122 122 124 124 125 124 124 124 125 126 125 124 123 124 122 121
 121  28]","[ 29  29 100 101 100 100 100 101 102 103 103 103 103 103 104 104 103 103
 103 103 103 103 104 104 105 105 105 105 105 105 106 107 108 109 109 109
 108 107 107 107 106 107 108 110 111 111 111 111 111 111 111 111 111 112
 113 114 115 113 111 112 113 114 114 114 112 113 114 114 113 114 114 114
 115 115 115 115 115 115 115 115 115 114 113 113 114 114 115 115 113 114
 115 115 115 115 114 114 117 118 119 119 118 117 117 117 118 116 116 118
 119 119 119 117 116 109  97  83  75  75  74  69  65  63  62  63  63  62
  61  61  60  62  64  65  65  66  67  67  67  68  70  70  69  70  72  71
  69  69  69  70  69  69  68  68  67  68  69  69  69  70  70  70  71  72
  91 108 119 121 122 122 122 122 122 122 122 122 123 124 124 124 123 123
 123 122 122 122 123 123 123 123 123 123 124 124 125 123 122 123 122 122
 121  28]","[ 29  28  99  99  98  98  99 100 102 103 103 102 102 103 103 103 102 101
 101 103 103 103 103 104 105 105 105 105 105 105 106 107 106 107 108 108
 108 107 107 107 107 107 107 109 111 112 111 111 110 111 111 111 111 111
 112 113 115 113 111 112 113 114 114 112 112 113 114 114 113 113 114 114
 114 114 114 114 114 114 114 114 115 114 114 114 114 115 115 114 114 114
 114 114 114 113 113 113 117 117 118 118 117 117 117 117 117 115 116 118
 117 117 118 118 117 112 103  91  81  77  74  69  67  65  64  65  65  63
  61  61  59  61  63  65  66  66  68  69  70  70  71  71  69  70  70  69
  70  71  71  71  70  68  68  69  67  68  69  69  70  71  71  70  71  76
  99 113 120 121 123 122 122 123 123 122 122 122 123 124 124 123 122 123
 123 122 122 123 122 122 122 122 122 122 123 124 125 122 121 123 122 122
 122  29]","[ 29  27  98  97  96  97  98  99 100 102 102 101 100 102 102 102 101 100
 100 102 104 102 103 104 103 103 104 104 104 103 104 105 106 107 108 108
 108 108 107 107 108 107 107 108 110 111 111 110 108 108 109 109 110 111
 111 112 113 112 110 112 114 115 113 111 112 113 114 114 113 113 113 114
 113 114 114 114 114 114 114 114 114 114 114 114 115 115 114 113 112 113
 113 113 113 113 115 115 117 117 117 116 117 117 117 117 118 116 117 117
 115 114 116 118 116 116 112 100  85  76  73  72  67  66  65  66  65  63
  60  60  56  59  62  65  66  67  68  69  71  70  71  72  71  72  73  71
  72  72  72  71  69  67  67  68  68  69  69  69  70  73  73  71  69  79
 104 115 118 120 124 121 123 123 123 122 122 122 123 124 123 121 121 122
 122 121 122 124 122 122 122 121 121 121 123 123 124 121 120 122 122 122
 122  29]","[ 29  29  97  97  98  96  99 100 101 101 101 101 101 101 101 102 100 102
 103 103 102 103 104 105 104 105 105 104 103 102 103 104 105 108 109 108
 108 110 110 108 108 108 108 107 108 110 110 109 107 108 108 108 109 110
 110 110 111 110 110 111 113 114 113 111 112 113 114 112 111 112 113 114
 112 114 115 114 113 112 112 113 114 114 114 115 115 116 115 115 113 115
 116 116 115 114 114 115 117 116 115 115 115 116 116 116 116 117 119 118
 116 114 115 118 117 116 114 105  81  75  75  72  69  67  65  65  65  64
  63  62  60  60  63  66  69  72  72  72  72  72  73  72  72  72  73  74
  71  72  71  71  70  70  69  69  68  69  68  68  69  70  68  66  64  75
 104 116 120 123 123 120 122 123 123 123 122 121 122 122 122 122 122 122
 122 122 121 121 122 122 122 122 122 122 123 124 124 123 122 122 122 123
 122  28]","[ 29  29  96  97  98  97  99  99 100 100 101 101 102 102 102 102 100 101
 102 102 102 102 103 104 102 103 103 103 102 102 102 103 104 106 107 107
 106 107 108 108 108 108 108 107 107 108 109 109 108 108 108 107 108 109
 109 109 109 109 109 111 112 113 112 111 111 112 112 112 111 111 112 113
 113 114 116 115 113 112 113 114 115 114 114 114 115 116 116 115 114 115
 116 116 115 114 114 114 116 115 115 115 115 116 115 115 116 116 117 118
 117 115 115 116 117 117 115 106  87  78  75  72  68  67  65  64  64  64
  64  65  61  62  65  69  71  72  72  71  73  73  74  74  73  73  73  73
  69  70  71  71  71  72  71  70  69  70  69  68  68  69  68  67  66  77
 108 120 121 120 121 122 122 122 122 122 122 122 122 122 122 122 122 123
 123 122 121 120 122 122 122 122 122 122 123 123 123 122 121 121 121 122
 122  29]","[ 30  29  95  96  98  98  98  97  97  98  99 100 101 101 101 101 100 101
 101 101 102 102 103 103 102 102 103 103 103 103 103 103 103 105 106 106
 105 105 106 108 107 107 107 105 104 106 108 109 110 109 108 108 108 109
 109 108 108 109 110 111 111 111 111 110 111 110 111 113 113 112 111 112
 113 114 115 113 112 111 113 115 115 114 114 114 115 115 115 115 115 115
 115 115 115 115 114 114 115 114 114 114 116 116 115 114 116 116 116 117
 117 117 116 115 116 116 116 108  96  82  76  73  70  68  66  65  64  65
  66  67  64  66  69  71  72  72  72  72  73  74  74  74  73  73  72  72
  70  71  71  71  72  72  70  68  70  71  71  69  69  69  70  69  66  73
 104 121 123 122 122 122 122 122 122 123 124 124 123 122 122 123 124 124
 125 124 122 121 122 122 122 122 123 123 123 122 122 122 121 121 121 121
 121  30]","[ 29  28  94  95  97  96  97  96  96  96  97  98  98  99  99  99 100 100
 100 100 101 102 102 102 103 103 103 103 103 104 104 104 104 104 105 106
 105 105 106 108 107 106 105 104 104 106 109 110 111 110 109 108 109 110
 109 108 109 110 112 112 111 111 110 111 110 109 111 114 115 113 112 113
 114 114 113 112 111 111 113 114 114 114 114 114 114 114 114 114 115 114
 114 114 115 115 114 113 115 114 113 114 115 116 116 115 115 115 116 117
 117 117 116 117 116 114 114 109 104  85  76  75  72  69  66  65  65  65
  66  66  68  69  71  72  72  73  74  74  73  74  74  74  73  72  71  71
  71  71  71  71  71  71  69  67  70  71  71  71  71  71  71  69  65  70
 102 120 124 124 124 123 123 122 123 124 124 124 123 122 122 123 124 125
 125 124 123 122 122 122 122 122 123 122 122 121 122 122 122 122 121 120
 121  30]","[ 29  28  95  96  97  95  96  96  97  96  96  96  96  97  97  98 100  99
  99  99 101 102 102 101 102 102 102 102 102 103 104 104 105 104 104 105
 105 105 105 106 108 106 105 104 106 107 109 111 109 109 108 108 109 109
 109 107 109 110 111 112 111 111 111 111 110 109 110 114 116 114 113 114
 115 113 112 112 112 113 114 114 112 113 113 114 114 114 113 113 114 113
 113 113 113 114 113 112 115 114 113 113 115 116 116 115 116 116 117 117
 117 117 118 119 118 113 112 111 109  88  76  75  73  69  65  64  65  65
  65  64  69  71  73  74  74  74  75  76  74  74  73  73  73  72  72  71
  71  71  70  70  71  71  70  68  69  70  71  71  72  72  70  67  66  73
 106 122 122 122 125 123 122 122 123 123 123 123 122 121 122 122 123 123
 123 123 122 122 122 121 121 122 122 122 121 120 121 122 121 121 119 118
 119  29]","[ 29  29  97  97  97  95  97  97  98  97  97  96  96  97  98  98 100  99
 100 100 102 102 102 102 102 102 102 102 102 103 104 104 104 103 103 104
 105 105 105 105 107 105 104 105 107 108 109 109 108 108 108 107 108 108
 108 108 109 109 110 111 111 112 112 112 111 110 111 114 115 114 114 114
 115 113 112 112 113 114 114 113 113 113 114 115 115 114 114 114 114 114
 113 114 114 115 115 114 115 115 114 114 115 115 116 116 117 118 119 119
 118 117 118 120 120 116 113 114 112  95  80  76  72  69  65  64  65  66
  65  65  67  70  74  76  77  76  75  75  75  74  74  73  73  73  72  72
  72  72  71  70  70  70  70  69  69  70  71  71  72  72  69  66  67  71
 102 119 121 122 124 121 122 122 123 123 123 122 122 121 122 122 122 122
 122 122 122 122 122 122 121 121 122 122 121 120 120 120 120 120 118 117
 117  28]","[ 29  29  96  96  97  96  97  97  98  98  97  97  98  98  99 100  99  99
 100 101 102 102 102 101 102 102 103 103 103 103 104 104 103 104 105 104
 105 107 107 105 105 104 105 107 108 108 108 109 109 110 109 108 108 109
 110 110 110 110 110 111 112 114 114 113 112 113 113 114 114 115 115 114
 113 113 113 113 114 115 114 114 115 115 116 116 116 115 115 116 116 116
 116 116 116 117 118 118 116 116 116 116 116 117 118 118 119 120 121 120
 119 118 118 120 120 120 116 116 113 105  88  79  72  69  66  65  65  66
  66  67  68  70  74  77  78  77  76  75  75  75  74  74  74  73  72  71
  72  72  71  69  68  69  68  68  69  70  71  70  71  71  70  67  67  66
  95 116 120 122 123 119 122 122 122 122 123 123 122 121 122 122 122 122
 122 122 122 122 123 122 121 121 121 121 120 120 120 119 119 120 118 117
 117  28]","[ 29  29  95  96  97  96  96  96  97  97  97  98  99  99 100 100  97  98
  99 100 101 100 100 100 101 103 104 105 104 103 104 104 103 106 107 106
 106 108 108 107 104 104 107 109 110 109 110 112 112 113 112 110 109 111
 113 114 113 112 111 112 114 116 115 114 114 115 115 114 114 115 115 115
 113 114 115 116 116 115 116 116 117 117 117 117 117 117 117 117 117 117
 117 117 118 118 119 120 117 118 119 119 119 119 119 120 121 121 122 121
 120 118 118 118 119 122 119 118 114 113  96  81  71  69  67  65  64  64
  66  68  69  71  74  77  77  77  76  76  75  74  74  74  74  73  71  69
  68  69  68  68  68  68  69  69  67  68  69  68  69  70  70  70  68  66
  97 118 119 118 122 122 122 120 119 120 122 123 122 121 120 121 122 121
 121 121 121 121 121 120 119 118 119 119 119 118 119 119 119 120 118 117
 118  29]","[ 31  28  97  94  97 100  97  98  97  98  98  97  97  99 100 100  97  99
 100 101 101 101 102 102 102 106 108 105 103 103 104 105 104 106 109 109
 109 109 110 112 110 110 111 113 114 114 113 113 116 115 115 114 114 114
 115 115 116 115 115 115 116 117 117 118 117 117 117 116 115 115 115 116
 116 116 118 121 122 119 116 115 115 116 116 117 119 120 118 116 119 118
 117 118 118 118 119 121 121 120 120 120 119 119 120 122 122 121 122 122
 121 118 118 120 121 120 117 117 118 114 102  84  77  75  71  68  65  65
  67  63  67  71  74  75  75  75  76  75  75  75  75  74  73  71  69  67
  68  68  68  68  69  69  69  69  68  67  68  68  69  69  70  71  71  64
  84 117 118 118 121 121 122 120 119 119 121 121 121 120 121 122 122 121
 121 120 120 120 121 119 118 119 119 119 119 118 116 118 119 120 120 118
 118  29]","[ 30  28  99  97  99 101  98  98  97  98  99  99 100 101 102 101 102 103
 105 106 107 108 110 111 112 113 114 113 112 112 112 112 109 110 112 113
 114 114 115 116 115 115 115 117 117 116 115 115 116 116 116 116 116 116
 117 117 118 117 117 117 118 118 119 119 118 118 117 117 116 116 116 116
 117 117 118 121 122 120 118 116 117 117 117 118 120 121 121 119 119 118
 118 118 119 119 120 122 121 120 120 119 119 119 120 121 121 120 121 122
 120 119 119 121 122 120 116 116 117 114 105  89  83  78  74  68  65  65
  66  65  67  71  74  75  75  76  76  76  75  74  74  73  73  71  68  66
  68  69  69  70  69  69  68  68  68  68  68  69  69  68  69  70  70  67
  82 116 117 119 120 121 122 121 120 120 120 120 120 120 121 122 122 122
 121 120 119 119 118 118 118 119 120 120 119 118 115 117 118 118 118 117
 117  29]","[ 29  29 104 104 102 103 102 102 101 102 104 106 107 107 107 106 108 109
 109 110 111 112 113 113 115 113 113 114 115 115 114 114 113 113 114 115
 117 117 117 117 117 117 117 118 117 116 116 116 117 117 117 117 117 117
 118 118 118 118 118 118 118 119 119 119 119 119 119 119 118 118 118 118
 120 118 118 120 122 121 119 117 118 118 118 118 119 120 120 120 119 118
 118 118 119 119 120 121 121 120 119 118 118 118 118 119 120 119 119 120
 119 118 119 121 122 121 117 116 117 115 109  97  87  78  74  68  64  65
  63  65  67  70  73  74  74  75  76  76  75  74  73  73  72  70  67  65
  68  69  70  70  69  68  67  66  67  68  68  69  69  68  68  69  69  69
  79 113 118 121 119 123 123 122 121 120 119 119 120 121 121 122 122 122
 121 119 119 118 117 118 119 121 122 121 119 117 116 118 118 118 117 116
 117  29]","[ 29  30 109 109 105 106 106 106 106 108 110 111 112 113 112 111 110 111
 112 112 112 112 112 112 114 112 112 114 116 115 114 114 114 114 114 115
 116 117 116 116 116 116 116 116 116 115 116 116 117 117 117 117 117 117
 117 117 117 117 117 117 118 119 119 119 118 119 121 121 120 119 119 119
 121 120 119 120 120 120 119 118 119 119 118 117 117 118 119 119 119 118
 118 119 119 119 119 120 121 119 118 118 118 117 116 116 118 118 118 119
 118 118 118 119 121 121 118 118 118 118 115 105  89  77  75  69  65  66
  62  66  67  70  72  73  74  75  75  74  75  74  73  72  71  70  67  65
  67  68  69  69  68  67  65  64  67  67  68  68  68  68  68  68  69  69
  75 106 119 121 120 123 122 122 121 120 119 120 121 122 122 122 122 121
 120 119 118 118 119 119 119 121 122 120 118 116 117 119 118 118 117 116
 117  30]","[ 29  30 109 110 105 107 108 107 108 109 110 112 112 112 112 111 109 110
 112 114 115 115 114 113 112 111 112 114 115 114 113 114 115 115 115 115
 116 116 115 115 115 115 115 116 115 115 116 117 117 117 117 117 117 118
 118 118 118 118 117 118 118 119 119 119 117 119 121 121 119 118 118 118
 120 120 120 119 119 118 118 118 119 119 118 117 116 118 119 119 120 120
 120 121 120 119 119 119 119 118 118 119 119 119 117 116 117 118 118 119
 118 118 118 118 119 120 119 119 119 118 117 109  93  80  79  73  70  70
  64  67  67  70  72  74  75  76  76  75  75  74  72  71  70  68  66  65
  66  66  67  68  68  67  66  65  66  66  67  67  67  67  68  69  70  70
  73  99 120 119 120 121 122 121 120 119 120 121 122 122 122 122 121 120
 119 119 119 119 120 119 119 119 120 118 117 116 117 118 117 117 116 115
 117  29]","[ 28  30 107 108 106 108 108 108 108 107 108 109 109 109 109 109 108 110
 112 114 115 114 113 112 110 110 111 112 113 112 112 113 114 114 114 114
 114 114 114 114 116 115 115 116 116 115 116 116 117 117 117 117 118 119
 119 119 119 119 118 117 117 118 118 118 117 120 122 121 119 117 117 118
 119 120 120 119 118 118 118 118 118 118 118 117 116 118 119 120 122 122
 122 122 122 120 119 119 118 117 117 119 120 120 119 118 118 119 119 120
 119 119 118 118 118 119 119 120 119 118 117 111  97  86  81  76  73  72
  67  67  67  69  72  74  76  77  76  75  74  73  71  69  67  66  65  65
  66  66  66  67  68  68  67  66  65  65  66  67  67  68  69  70  73  71
  72  95 120 118 121 120 121 120 119 119 120 121 121 122 122 121 121 119
 119 119 119 120 120 119 118 119 119 118 117 117 116 117 116 116 116 115
 117  29]","[ 29  30 105 105 107 110 108 109 107 106 106 107 107 107 107 108 109 110
 110 112 112 112 111 110 110 111 112 111 112 113 114 113 113 113 113 113
 114 114 114 114 116 115 115 116 116 116 116 116 117 117 117 117 118 119
 120 120 120 118 117 116 116 116 117 117 119 120 120 120 119 118 118 119
 118 119 119 118 118 118 118 117 116 117 118 117 116 117 119 119 122 121
 121 121 120 119 118 118 117 117 117 118 120 120 120 120 120 120 120 120
 119 119 118 118 117 118 118 119 118 118 119 114 104  93  84  78  74  73
  71  69  68  70  72  73  75  76  76  74  73  72  70  68  66  65  65  66
  66  65  65  66  68  69  69  67  65  65  66  67  68  68  69  70  71  71
  72  96 118 117 121 120 121 121 121 120 119 119 120 120 121 121 120 119
 119 119 120 120 120 119 118 119 120 119 118 117 117 117 115 116 116 116
 117  29]","[ 29  30 103 103 108 111 107 108 107 106 106 107 107 106 107 108 110 109
 110 110 112 112 112 112 110 110 110 109 109 112 113 112 115 114 113 114
 115 116 116 116 116 116 116 117 117 117 117 117 117 117 117 117 117 118
 119 120 119 118 116 115 115 116 117 118 119 118 117 117 118 119 119 119
 117 118 118 118 119 120 119 117 116 118 118 118 117 117 118 119 120 119
 119 118 118 117 116 117 118 117 116 117 118 119 119 119 121 121 121 119
 118 118 117 116 117 118 117 119 118 119 121 117 110  99  86  80  76  75
  75  72  72  73  73  74  75  76  75  73  74  73  71  68  66  65  66  67
  67  65  64  65  68  69  69  67  65  65  67  68  69  68  69  69  68  70
  70  96 114 117 121 120 122 122 122 121 119 118 118 119 120 120 120 119
 119 119 120 120 119 118 118 120 120 119 117 116 116 116 114 115 117 117
 117  29]","[ 29  29 103 106 108 107 107 107 107 106 106 107 108 108 108 107 108 109
 109 109 110 111 111 110 110 110 110 110 110 111 111 112 112 112 113 115
 116 116 115 115 115 116 118 118 118 117 117 118 119 119 119 119 119 118
 117 116 119 119 118 117 117 119 120 120 119 119 118 118 119 120 119 118
 117 118 119 119 119 119 119 119 117 116 115 116 118 119 119 118 118 119
 119 118 117 116 115 115 115 117 118 119 118 118 118 119 122 121 121 120
 119 118 118 118 115 117 119 120 119 118 119 119 113 103  89  82  81  79
  75  74  73  74  75  76  77  76  75  75  73  74  74  72  69  67  66  66
  65  65  66  66  66  67  67  65  63  65  66  68  70  69  68  70  71  71
  67  91 111 117 118 121 122 122 121 120 119 118 118 118 117 117 118 119
 119 119 119 119 118 118 119 119 118 118 117 117 117 117 115 115 116 115
 117  30]","[ 30  30 104 106 107 106 106 107 105 105 106 107 107 107 107 108 108 109
 110 110 111 112 113 112 112 111 111 111 112 113 113 113 112 112 113 115
 115 115 116 117 117 118 119 119 118 117 117 117 120 119 118 118 118 117
 117 116 117 118 118 118 117 118 119 120 118 118 118 118 119 120 120 119
 118 118 118 118 118 118 119 119 119 118 117 117 119 119 118 117 117 118
 118 117 116 116 116 117 117 117 118 118 118 117 118 119 120 120 119 119
 119 119 119 119 118 119 119 119 119 118 118 118 115 106  93  84  82  80
  77  75  73  73  74  76  76  75  74  74  73  74  74  73  70  69  68  69
  64  63  65  65  65  65  66  64  66  67  67  68  70  70  70  72  71  70
  66  88 108 116 119 121 122 122 122 121 119 119 119 120 117 118 119 119
 119 118 118 118 118 118 119 119 119 118 118 118 118 118 116 116 115 114
 116  29]","[ 29  30 103 105 105 105 105 105 104 105 106 108 107 107 107 109 109 110
 110 110 111 112 113 113 111 111 111 111 112 113 113 113 114 114 114 115
 115 115 117 118 117 118 119 119 118 117 117 116 118 118 117 117 116 116
 116 116 116 118 119 118 117 117 118 118 118 118 118 118 119 120 120 119
 119 119 118 117 117 118 118 118 119 118 118 118 119 119 118 117 116 117
 118 118 117 117 117 118 118 118 118 118 117 117 117 118 119 118 118 118
 118 119 120 120 120 120 119 119 118 118 117 117 118 112  98  85  81  80
  77  75  73  73  74  75  75  74  74  74  74  74  74  73  72  71  70  71
  65  63  65  66  65  65  65  66  67  68  67  68  70  71  70  72  70  68
  66  86 105 114 119 120 122 122 122 121 119 119 120 122 118 118 119 119
 118 117 117 117 117 118 118 118 118 118 117 117 118 119 117 117 115 114
 115  28]","[ 28  29 103 105 104 104 104 105 105 105 107 108 108 107 108 108 109 110
 110 109 108 109 111 112 110 110 110 110 111 112 112 113 115 114 114 114
 114 115 116 118 116 117 117 117 118 117 117 117 117 117 117 117 117 117
 117 117 117 119 120 119 118 118 118 118 118 118 118 118 118 119 119 118
 119 118 117 116 117 117 117 117 118 117 117 118 118 118 118 117 116 118
 120 120 119 118 117 117 118 118 118 117 117 117 117 118 118 118 117 117
 118 118 119 119 120 120 119 119 118 118 118 117 118 114 102  87  80  79
  78  75  74  73  73  73  74  74  74  74  75  75  74  73  72  71  71  71
  67  65  66  68  67  66  67  68  67  67  67  69  71  71  69  70  68  67
  67  85 105 115 119 118 121 121 121 120 119 119 121 122 118 118 118 117
 116 116 116 116 117 117 118 118 118 117 116 115 116 117 117 117 116 114
 115  29]","[ 29  30 104 105 104 104 105 105 105 105 105 107 107 107 107 107 109 110
 109 107 106 107 109 110 110 111 111 110 110 110 112 114 113 112 111 112
 114 115 116 116 116 116 116 117 117 117 117 117 117 118 119 119 120 119
 119 118 119 119 119 119 120 121 121 120 118 118 118 117 118 119 119 118
 119 118 117 116 116 117 117 117 116 117 117 117 118 118 118 117 117 119
 121 121 119 118 116 116 118 118 118 117 117 117 117 117 118 117 117 117
 118 118 118 118 118 119 120 119 118 117 117 118 116 115 105  89  81  81
  80  79  76  74  72  72  73  73  74  75  76  75  74  73  72  71  70  69
  68  66  67  70  69  67  67  68  67  67  67  68  71  70  69  69  69  68
  69  82 105 117 120 119 120 120 120 119 118 118 120 122 119 119 118 117
 116 116 116 117 118 118 118 119 119 118 116 114 114 116 116 116 116 114
 116  29]","[ 29  30 103 102 102 103 103 103 105 104 103 105 106 106 106 105 108 109
 108 107 106 107 109 110 111 112 112 111 109 109 111 112 111 110 110 112
 114 115 116 116 117 117 118 118 117 117 117 117 117 118 119 120 120 119
 118 118 118 117 117 117 119 121 121 120 117 117 117 117 117 118 119 118
 117 117 117 117 117 117 116 116 117 117 118 118 117 117 117 118 119 119
 119 118 117 117 117 117 117 117 117 117 117 117 117 117 117 117 117 117
 118 119 118 117 118 119 120 119 118 117 117 118 118 119 109  93  84  82
  80  79  77  74  72  72  73  74  75  76  75  75  74  73  72  71  69  69
  69  67  68  71  70  69  69  68  67  67  65  66  68  68  68  70  70  69
  68  76 102 117 120 119 120 119 119 118 118 118 119 120 120 119 118 117
 116 116 117 118 118 118 118 119 119 117 115 113 113 115 115 116 116 115
 116  29]","[ 29  29 100  99  99 101 103 103 103 102 102 103 104 105 105 106 107 108
 108 108 108 108 110 110 111 111 111 110 110 110 110 110 109 109 111 112
 114 114 115 116 118 118 118 118 117 116 116 117 116 117 118 118 118 117
 116 116 116 116 116 116 117 119 119 119 117 117 117 117 117 118 118 118
 116 116 117 118 118 117 117 116 117 118 118 117 117 117 117 118 118 118
 117 117 117 118 119 119 118 117 117 116 116 116 116 117 118 117 116 117
 118 118 118 118 119 119 119 118 117 117 117 117 120 121 112  96  85  80
  78  76  76  74  72  72  73  74  76  76  74  74  74  74  73  71  70  70
  69  68  69  71  71  71  70  67  66  66  65  65  67  67  67  69  70  71
  67  72 102 117 118 119 120 119 118 118 118 119 119 119 119 119 118 118
 117 117 118 118 117 117 117 117 117 116 114 113 113 114 114 116 116 115
 116  28]","[ 29  28  98  96  97 101 103 104 102 102 103 103 103 104 106 108 106 108
 109 109 109 109 109 109 110 110 110 111 112 113 111 110 109 110 111 112
 112 112 113 115 117 118 118 118 117 116 116 117 114 115 116 117 117 116
 116 117 116 117 117 117 117 118 118 118 117 118 117 117 116 117 117 117
 114 116 118 119 119 118 117 117 117 117 117 117 116 116 117 118 116 116
 116 118 119 121 121 121 119 118 116 115 115 115 116 117 119 118 116 116
 117 118 118 118 119 118 117 117 117 117 117 117 118 119 111  96  85  80
  77  76  76  74  72  73  74  75  76  76  73  73  74  74  73  72  71  71
  69  68  70  71  71  72  70  66  65  66  66  67  69  68  67  69  70  73
  69  72 104 119 118 119 121 119 118 118 119 119 119 119 117 118 118 118
 117 117 117 118 118 117 117 117 117 117 115 114 112 113 114 116 117 116
 117  29]","[ 30  29  99  96  95 101 103  99  98  99 101 102 103 103 104 104 104 105
 106 107 107 108 108 108 109 110 110 110 109 110 110 110 109 110 110 111
 111 112 114 115 115 117 118 117 117 117 117 115 113 115 116 117 116 116
 116 116 116 116 116 117 118 118 119 119 119 118 118 118 118 118 117 117
 115 114 115 117 119 118 117 116 116 115 115 115 116 117 117 117 116 117
 117 118 119 121 121 120 119 117 115 115 116 116 117 117 118 118 117 116
 117 117 118 117 117 118 118 118 119 119 119 118 119 115 110  97  84  82
  78  74  74  73  72  70  72  75  77  76  75  74  73  72  72  72  72  72
  71  70  70  72  71  71  70  67  67  65  66  69  68  68  69  69  71  71
  71  69 101 115 116 119 118 118 119 119 119 119 120 121 119 118 117 118
 118 119 118 116 117 118 118 117 117 117 116 114 113 115 116 117 118 117
 117  29]","[ 28  28  98  95  93  96 100  98  98  98  99 100 101 102 104 104 104 105
 106 106 106 106 107 107 108 109 109 108 108 110 111 111 111 112 112 113
 112 113 114 115 115 116 116 116 116 117 116 115 114 115 116 116 116 116
 116 116 116 116 116 117 118 119 119 119 119 117 117 117 118 118 118 117
 115 114 115 116 117 117 116 116 115 115 115 116 117 118 118 118 117 118
 118 118 119 120 120 119 119 117 116 116 116 116 117 117 117 117 117 116
 116 117 117 116 118 119 119 119 120 120 119 118 118 115 111  96  82  79
  77  74  73  73  73  72  73  75  76  75  77  75  74  72  72  72  71  71
  71  69  70  71  70  70  70  69  68  65  67  69  68  67  68  68  70  70
  70  69 100 114 114 117 119 119 119 119 120 120 120 120 119 119 119 120
 120 120 118 117 118 119 119 118 118 118 117 116 114 117 117 119 119 118
 118  29]","[ 29  30  97  97  95  95 100  98  96  97 100 102 100 101 104 105 106 106
 107 107 107 107 107 108 108 108 108 107 107 109 111 112 112 113 114 114
 114 114 114 115 115 115 115 115 116 117 117 116 116 117 117 117 117 117
 117 117 117 117 117 118 118 119 119 118 119 117 116 117 118 119 118 117
 115 115 115 116 116 116 116 116 115 116 116 117 117 117 117 116 117 117
 117 117 118 119 119 118 118 118 118 118 118 117 118 119 117 117 117 117
 116 116 116 116 118 120 121 121 120 120 119 118 117 117 114  97  80  79
  78  75  73  74  74  74  74  75  75  75  77  76  74  73  72  72  71  71
  71  70  70  71  69  70  71  71  69  67  68  70  68  67  68  69  72  71
  71  70 100 117 118 120 120 120 120 120 121 122 121 120 120 121 122 122
 122 121 120 119 119 119 119 119 119 119 118 117 117 119 120 120 120 118
 117  29]","[ 28  29  94  96  96  94  98  97 100 100 101 101 100 101 104 104 106 106
 107 107 106 107 107 108 108 108 108 107 107 108 110 111 111 112 114 114
 114 114 114 114 115 115 115 115 116 117 118 118 118 117 117 117 118 118
 118 118 117 117 117 117 118 118 117 117 118 117 117 117 118 118 117 116
 116 116 116 116 116 115 116 116 117 117 117 117 117 116 115 115 116 116
 117 116 117 118 118 118 117 117 118 118 118 117 118 119 117 117 117 117
 117 116 116 116 118 119 120 120 120 120 119 118 118 119 117  99  82  80
  79  75  75  75  74  73  72  73  75  76  75  75  74  74  73  73  72  72
  72  71  71  71  70  71  72  72  68  67  68  70  68  68  69  71  71  69
  68  67  95 116 119 121 121 121 121 122 122 122 122 121 121 122 123 123
 122 121 120 119 120 120 120 120 120 120 119 118 120 122 121 120 118 116
 116  28]","[ 30  29  93  95  97  95  96  96 102 102  99  97 100 103 104 103 104 105
 105 105 104 104 105 105 106 107 108 107 107 108 109 110 109 111 113 114
 114 113 113 114 114 115 116 116 116 116 117 119 117 117 117 117 117 118
 118 118 117 117 116 116 117 116 116 115 117 117 118 117 117 116 115 114
 116 117 118 117 117 116 116 117 117 117 117 117 117 117 117 116 116 117
 117 116 117 117 118 118 116 117 118 119 117 116 116 117 117 117 117 118
 117 116 116 118 119 120 120 119 119 119 119 118 119 121 120 102  85  82
  80  75  75  75  74  73  72  72  73  75  74  74  75  75  74  74  73  72
  73  71  71  71  71  72  72  70  67  65  67  69  67  67  69  71  69  68
  66  66  91 115 119 120 120 121 122 122 122 122 122 122 120 121 122 121
 120 119 119 120 121 121 121 121 121 121 120 119 121 122 120 119 117 115
 116  29]","[ 31  29  96  94  97  97  94  96  92 102 102  98 101 102 101 104 104 104
 105 104 104 104 104 104 105 106 107 107 108 109 110 110 108 110 112 113
 113 113 114 115 114 115 117 117 116 116 118 120 117 117 117 117 117 117
 118 118 118 117 116 116 116 116 116 116 118 119 119 118 116 115 115 115
 117 118 119 118 117 117 118 117 117 117 117 118 119 119 119 119 118 118
 118 117 117 117 118 118 118 119 119 120 118 116 116 117 117 117 117 118
 117 116 117 119 121 120 119 118 118 119 119 118 120 122 122 105  88  83
  80  76  74  74  75  74  73  71  71  72  74  75  76  75  75  73  72  72
  72  70  70  71  71  72  72  70  68  66  67  69  67  66  68  70  70  71
  70  69  92 117 120 120 121 122 123 123 122 121 122 122 122 122 122 121
 120 120 121 121 121 121 121 121 121 121 120 119 120 121 119 118 117 117
 117  29]","[ 28  27  99  93  94  96  91  97 100 115 112  99 100  99  97 103 103 103
 104 105 105 105 105 105 104 106 107 107 108 109 109 109 108 110 111 112
 112 113 115 116 115 115 117 118 117 116 117 119 118 119 119 118 118 117
 117 117 118 117 117 116 117 117 118 118 121 120 120 118 117 116 116 116
 118 119 119 117 117 118 119 118 117 117 117 118 119 120 119 119 118 119
 118 117 117 117 118 118 119 119 120 120 119 117 117 118 117 116 117 118
 118 117 118 121 122 121 119 118 119 120 120 118 120 122 123 107  89  83
  80  77  74  74  74  74  73  71  70  71  75  75  76  75  74  73  72  72
  71  70  70  71  70  72  72  71  69  67  67  68  67  66  68  69  70  71
  70  70  90 116 119 120 122 122 122 122 122 122 122 122 123 122 122 122
 121 122 122 123 121 121 120 119 118 119 119 118 119 120 119 119 120 119
 118  29]","[ 29  30 105  97  96  99  94 103 128 136 118  96  98  99  95 101  99 100
 102 103 104 104 105 105 105 106 107 107 107 108 108 108 108 109 110 111
 111 113 114 116 115 115 115 117 117 116 116 118 118 119 119 118 117 116
 115 116 119 118 117 117 118 119 120 120 122 120 119 117 117 117 117 117
 118 119 118 117 117 118 119 119 117 118 118 119 119 118 117 116 117 118
 118 117 116 117 118 118 117 117 118 119 118 117 117 118 118 117 117 119
 118 118 120 123 122 121 119 119 120 121 121 119 119 121 122 107  88  80
  78  77  75  74  73  73  72  70  70  72  75  75  75  74  73  72  72  73
  71  70  71  71  70  72  74  73  69  66  66  68  66  66  67  68  71  72
  71  70  89 116 121 123 123 122 121 121 122 122 122 122 122 122 121 121
 121 122 122 122 122 121 119 118 117 118 119 119 118 120 120 121 122 120
 119  28]","[ 28  31 100  95  97  96 116 137 150 131 107  98 101  99  95  99  99 100
 101 101 100 102 106 104 104 105 105 106 106 106 108 111 110 109 109 110
 112 114 114 115 114 114 114 115 116 117 117 116 117 117 117 117 116 115
 116 116 118 118 118 118 119 121 121 121 121 121 119 117 116 116 117 118
 118 118 119 119 118 118 118 119 119 119 120 121 119 116 115 117 118 119
 120 119 118 117 117 118 119 117 118 120 119 117 118 119 120 119 117 118
 119 121 121 121 120 119 118 119 120 121 121 121 122 121 121 104  87  84
  79  80  77  75  74  73  72  71  72  73  75  76  76  75  72  71  71  72
  72  72  71  71  71  72  72  72  71  67  65  67  68  67  66  67  71  71
  71  65  93 113 120 122 121 121 122 123 123 123 122 121 122 122 122 122
 122 122 122 122 122 122 121 120 120 120 120 120 120 121 121 122 122 121
 120  28]","[ 28  27  95  97 111 141 153 157 134 111  97  99  98  96  96  96  99 101
  99 100 104 105 104 103 104 106 107 108 107 106 108 110 111 110 110 112
 113 113 114 114 116 116 116 116 117 117 118 118 117 117 118 117 116 116
 116 117 118 119 119 119 120 120 120 119 118 118 117 116 115 116 117 118
 117 117 118 119 118 117 118 119 119 118 120 121 119 116 116 117 117 118
 118 118 118 118 118 118 119 117 119 121 119 118 119 120 121 120 119 118
 118 119 119 120 120 119 118 118 119 120 121 122 121 122 124 106  86  82
  78  78  77  76  74  73  73  72  73  74  73  74  75  74  73  72  72  73
  71  70  70  70  71  72  72  72  72  68  66  67  67  67  67  68  70  69
  70  67  94 112 118 121 122 122 123 123 123 123 122 122 122 122 122 122
 122 122 122 122 122 122 122 120 120 120 120 119 120 120 120 121 121 121
 121  29]","[ 30  29 118 132 148 150 137 122 100  96  99 102  96  94  96  97  99  97
  98  99 100 103 105 106 106 107 109 109 107 107 108 110 112 112 112 113
 114 113 114 115 116 116 116 116 116 117 118 118 117 118 118 118 116 116
 116 117 119 119 120 120 120 120 119 117 117 118 118 117 116 117 118 118
 117 117 118 118 118 118 118 119 119 119 120 121 120 118 117 118 118 118
 117 118 119 119 119 119 119 119 121 121 119 119 121 120 122 122 120 119
 118 118 119 120 120 119 119 118 118 120 121 122 120 123 128 109  85  81
  79  77  78  76  74  74  74  74  74  75  73  74  74  74  74  73  72  72
  70  70  69  70  71  71  72  72  72  69  67  67  67  67  68  70  69  68
  70  70  96 112 116 121 123 123 123 123 123 123 122 122 122 122 122 122
 122 122 122 122 122 123 122 121 120 119 119 118 120 120 119 120 120 120
 120  29]","[ 27  31 143 154 147 115 102  95  90  95  98 102 105  99  90  90  94  90
  98 103  98 100 104 105 108 108 108 108 107 107 109 111 110 111 112 113
 113 113 114 116 115 115 115 115 116 117 117 118 118 119 119 118 116 115
 116 117 118 119 119 120 120 120 119 118 117 118 118 118 117 118 118 118
 118 118 118 118 118 118 118 118 119 119 120 120 120 119 119 119 119 119
 119 119 119 119 119 119 121 121 123 122 119 120 121 120 121 122 122 120
 119 119 121 122 120 121 121 120 120 120 121 122 121 123 129 113  88  81
  81  78  78  76  74  74  74  74  74  74  74  75  75  75  74  73  72  72
  72  71  71  71  71  72  71  71  72  70  67  66  66  66  68  70  69  69
  70  70  97 115 118 122 123 123 123 123 123 122 122 122 122 122 122 123
 122 122 122 121 121 122 122 121 119 119 119 119 120 120 119 119 118 119
 119  28]","[ 30  31 157 154 143 133 133 127 117 112 108 111 104  80  60  58  67  66
  76  89 101 105 102 104 107 106 106 107 108 108 109 109 109 110 111 112
 111 112 113 116 115 115 114 115 117 118 118 118 118 118 118 117 116 115
 116 117 117 117 118 118 119 119 118 117 116 117 118 118 117 117 117 117
 118 117 117 117 117 116 116 116 119 119 119 119 119 119 119 120 119 120
 120 119 118 118 119 120 120 120 122 121 119 120 121 120 120 121 122 121
 121 120 121 123 121 122 122 122 121 120 121 122 123 121 125 114  90  80
  81  79  78  76  74  74  74  74  73  73  75  75  75  75  74  73  72  71
  72  72  72  72  72  71  71  70  71  69  67  66  65  65  67  68  68  69
  68  68  95 117 120 122 123 123 123 123 122 122 122 122 122 122 122 122
 122 122 121 121 121 122 122 120 119 119 120 120 121 120 119 119 118 118
 119  28]","[ 29  28 170 160 157 148 142 113  99  85  77  72  58  48  46  46  44  47
  49  62  97 112 102 106 105 105 106 108 109 109 108 108 110 110 111 112
 111 112 113 115 115 115 115 116 117 118 119 118 118 118 117 117 117 117
 117 118 117 117 117 116 117 117 117 116 116 117 118 118 117 117 117 117
 118 117 117 117 117 115 115 116 117 117 117 117 117 118 119 119 117 118
 119 118 117 117 119 120 119 118 120 120 119 120 121 120 120 120 121 121
 121 121 121 121 121 122 123 123 122 121 121 121 123 120 122 112  91  79
  78  77  78  76  74  74  74  73  73  73  74  74  74  74  74  74  73  73
  72  72  71  71  71  71  71  71  70  69  67  65  64  65  66  66  66  68
  66  67  92 117 120 121 123 123 123 123 122 122 122 122 121 122 122 122
 122 121 121 120 121 121 121 120 119 120 121 121 121 121 119 119 118 118
 119  29]","[ 31  28 105  81  69  49  46  31  25  23  27  34  39  47  49  42  49  49
  45  49  82 107 104 105 104 105 106 108 108 108 108 108 110 111 111 112
 112 112 113 115 114 115 115 116 116 117 118 119 118 118 117 117 118 118
 118 119 117 117 117 117 117 117 117 115 117 118 119 118 118 118 117 117
 117 117 117 117 116 115 115 116 116 117 117 117 117 118 118 118 117 117
 117 117 117 118 119 120 119 117 119 121 121 121 122 122 122 121 121 121
 121 121 121 120 121 122 123 123 122 122 122 122 123 123 121 112  93  80
  78  76  77  76  75  75  74  74  73  74  74  74  74  74  74  74  74  74
  73  72  70  69  70  71  72  73  70  69  67  65  64  64  65  65  64  67
  66  68  92 116 118 122 122 122 123 123 123 122 122 122 121 121 122 122
 122 121 120 119 121 122 121 121 121 121 122 122 122 121 120 120 118 118
 119  29]","[ 29  31  20  19  17  21  20  25  26  33  35  37  42  44  45  49  49  47
  51  48  64  97 107 102 105 106 107 107 106 106 108 110 109 109 110 111
 112 112 112 113 115 116 117 116 115 115 117 120 119 118 118 117 118 119
 119 119 118 118 118 118 118 118 118 116 118 119 119 118 118 117 116 116
 116 116 117 117 116 114 115 116 115 116 117 118 118 119 118 117 117 117
 117 117 117 119 119 120 121 118 119 122 123 122 123 123 124 122 121 121
 122 122 121 120 122 122 123 123 123 123 124 124 122 125 123 112  95  83
  80  77  77  76  75  75  75  74  74  75  75  75  75  75  74  75  75  76
  75  73  70  69  69  71  73  74  71  70  67  64  64  64  65  65  65  67
  67  72  94 115 117 124 122 122 123 123 123 123 122 122 121 121 122 122
 122 121 120 119 121 122 122 122 122 122 122 122 123 123 121 121 118 118
 119  28]","[ 29  31  28  32  31  32  31  34  37  37  37  40  44  47  46  45  46  48
  48  47  58  82 108 105 105 107 108 108 108 108 109 110 111 111 111 111
 112 113 113 113 113 114 116 116 115 116 118 120 121 119 118 119 118 117
 116 118 119 118 118 118 118 118 118 118 119 119 119 118 117 117 117 118
 116 117 117 116 116 116 116 115 116 117 118 120 118 116 115 117 118 119
 119 118 117 117 119 121 123 122 121 121 122 123 123 123 123 122 122 121
 121 122 122 122 121 121 122 123 124 123 122 122 122 124 126 111  95  90
  82  79  79  76  75  75  75  75  74  74  74  74  75  75  75  75  75  74
  74  74  72  69  69  71  72  71  73  71  70  68  65  65  65  64  64  66
  65  68  95 113 117 121 124 123 123 123 122 122 122 123 122 122 122 122
 122 122 121 121 120 120 121 123 123 121 121 121 122 120 123 119 121 119
 118  30]","[ 30  31  35  39  39  39  38  41  38  39  41  42  42  43  44  45  41  42
  44  44  46  60  93 106 104 106 107 108 108 108 109 110 110 111 113 114
 114 114 114 114 114 115 116 116 115 115 117 118 120 118 118 118 118 116
 117 120 119 118 117 117 118 118 117 116 118 118 118 117 116 116 116 116
 117 118 118 117 117 117 117 116 115 116 119 120 119 117 116 117 120 121
 121 120 119 119 120 122 122 122 121 121 122 122 123 123 123 122 122 121
 121 122 122 122 124 123 123 124 124 123 122 122 121 124 128 116  99  89
  82  81  78  76  74  75  75  74  74  75  74  75  75  75  75  75  75  75
  73  73  72  69  69  71  71  71  70  68  68  67  65  65  66  65  64  67
  64  64  91 111 118 122 122 122 122 122 121 122 122 122 122 122 122 122
 122 121 121 120 120 120 120 121 122 121 120 119 118 125 120 116 118 118
 119  26]","[ 29  30  43  45  44  43  41  41  43  43  42  41  38  37  38  39  32  27
  26  28  28  39  79 104 104 105 107 108 108 109 109 110 109 111 113 114
 114 114 114 114 114 115 116 116 116 116 118 120 120 118 118 118 117 117
 119 122 120 119 118 117 118 118 117 116 118 118 118 118 117 117 117 117
 117 118 118 117 117 117 116 116 116 118 119 121 120 119 119 120 120 121
 121 121 119 119 120 121 123 122 122 122 123 123 124 124 124 123 123 123
 123 123 123 123 125 124 124 124 124 123 122 123 121 122 127 115  98  87
  78  78  78  77  76  77  77  76  75  75  74  74  75  75  75  76  76  75
  73  73  72  70  70  71  71  71  71  69  69  68  66  66  66  65  62  62
  60  64  94 114 118 120 122 122 122 122 122 122 123 123 121 121 121 121
 121 120 120 119 121 121 120 120 121 122 121 118 122 121 121 122 117 116
 120  31]","[ 29  28  46  46  43  40  38  37  37  34  30  28  27  27  25  23  19  20
  23  25  20  28  71 103 104 105 107 108 108 108 108 108 110 111 113 113
 113 114 115 117 114 115 116 116 116 117 119 120 119 117 116 117 117 118
 120 121 120 119 117 117 118 118 116 115 115 116 116 116 116 115 116 116
 118 118 118 118 117 117 116 116 117 118 118 119 118 119 120 121 121 122
 122 122 121 121 121 122 121 121 121 121 121 122 122 123 123 122 122 122
 122 122 122 122 122 122 122 122 122 121 121 121 123 123 126 114  98  89
  81  80  79  78  78  80  79  77  74  73  73  74  74  74  75  75  76  75
  72  73  72  71  70  70  71  71  71  69  68  67  64  64  64  62  66  62
  60  66  93 110 116 122 121 121 121 122 122 122 122 122 123 123 123 123
 123 122 122 121 121 121 119 118 119 122 121 118 122 120 124 121 122 122
 118  25]","[ 30  28  42  38  33  31  30  29  26  22  18  18  20  22  20  18  19  17
  18  19  17  26  74 111 104 106 107 109 110 110 110 110 109 111 112 113
 113 114 115 117 116 117 118 118 118 119 120 122 121 120 119 119 120 120
 120 120 121 120 119 119 119 119 118 118 118 119 119 119 118 117 117 118
 116 116 116 117 116 116 116 116 118 119 120 120 120 121 122 122 118 119
 121 121 120 120 120 120 121 121 121 121 122 122 122 123 123 123 122 122
 122 122 122 122 122 122 123 124 124 123 122 123 123 126 129 114  96  88
  81  79  80  79  79  79  78  76  73  73  74  75  75  75  75  76  76  75
  73  73  72  71  70  70  71  72  72  70  69  67  65  65  66  65  62  63
  65  69  92 110 118 121 121 121 122 122 122 122 122 122 121 121 121 121
 121 121 120 120 122 123 121 118 119 121 122 121 117 121 123 117 123 118
 119  33]","[ 30  28  32  26  19  18  17  17  17  16  15  15  16  17  17  17  18  15
  16  20  19  26  71 111 106 107 108 110 111 111 111 111 109 111 113 114
 114 114 115 115 114 114 116 117 117 119 120 121 121 120 119 118 119 119
 118 116 118 117 117 117 117 117 117 117 118 118 118 118 117 116 115 115
 116 115 116 117 117 117 117 118 116 118 121 121 121 121 120 119 120 121
 122 122 122 122 122 122 121 121 121 121 121 121 122 122 122 122 122 122
 121 122 122 122 122 122 123 124 124 123 122 122 119 125 130 114  95  87
  81  80  80  78  76  75  74  72  72  73  74  74  74  73  73  73  73  72
  73  72  72  71  70  70  71  72  72  69  68  66  64  64  65  64  65  66
  67  68  93 116 123 119 120 120 121 121 122 122 121 121 123 123 123 123
 123 123 122 122 121 122 121 118 117 119 120 120 120 123 121 122 121 115
 123  25]","[ 29  29  26  23  17  17  16  17  15  16  16  16  16  15  16  16  15  16
  16  16  15  25  71 108 105 106 107 108 108 109 109 108 109 110 112 113
 113 113 113 112 115 116 117 118 119 120 121 122 121 121 121 120 119 119
 119 118 119 119 119 118 118 118 118 119 116 117 117 117 116 115 114 114
 114 113 114 115 115 115 115 116 118 120 122 122 122 122 121 120 120 120
 121 121 121 121 121 121 122 122 122 122 122 122 122 123 123 122 122 122
 122 122 122 122 123 122 123 124 124 123 122 122 127 127 129 114  97  88
  80  78  78  76  75  74  74  72  73  74  74  75  74  73  73  73  73  73
  74  73  73  73  73  73  73  73  72  70  69  68  65  65  66  65  65  64
  64  65  89 113 123 122 121 122 122 122 122 122 122 122 121 121 121 122
 122 122 122 122 122 122 121 121 120 119 120 120 117 119 117 118 116 120
 117  31]","[28 32 28 30 28 30 29 29 29 29 29 29 30 30 29 28 29 30 28 29 31 26 31 29
 29 29 29 29 30 29 29 28 29 29 29 29 29 29 29 29 29 29 29 29 28 28 28 29
 28 29 30 29 28 28 29 29 29 29 29 29 28 28 28 29 28 29 30 30 29 29 28 28
 30 29 29 30 30 29 29 30 28 29 30 29 28 29 29 28 29 29 29 29 29 29 29 29
 28 29 29 29 28 28 29 29 29 29 29 29 29 28 29 29 29 29 29 29 30 29 29 29
 29 26 31 29 28 31 28 29 30 29 29 30 30 28 28 29 28 29 29 28 29 29 29 29
 29 28 28 29 30 29 28 28 30 29 29 29 28 29 30 29 29 28 31 28 31 29 27 28
 28 29 29 29 29 29 29 28 29 29 29 29 29 29 29 29 29 29 29 30 30 29 28 29
 30 30 27 31 31 26 29 29]"
