"[33 32 30 30 29 31 30 28 28 28 29 29 28 30 30 28 29 30 28 28 30 30 28 29
 28 30 29 29 30 30 29 30 29 30 29 30 30 28 28 31 30 30 29 29 29 29 29 29
 30 29 28 29 29 28 29 29 29 30 29 28 30 29 29 30 29 29 30 30 30 29 29 28
 29 30 29 28 28 30 29 28 29 29 29 29 28 29 30 30 29 29 30 29 29 29 28 28
 29 29 28 29 29 29 29 30 29 29 30 30 29 29 29 29 30 28 29 30 29 29 30 29
 29 29 29 29 29 29 29 29 30 30 29 29 29 29 29 29 29 28 29 29 29 28 29 30
 28 29 29 30 30 29 29 28 28 28 29 28 29 30 30 29 29 29 29 30 29 28 28 29
 29 30 30 29 28 28 29 29 30 29 29 30 29 29 29 29 30 30 29 28 29 29 28 29
 32 27 30 30 30 29 30 29]","[30 32 25 26 30 28 27 30 30 30 31 30 29 30 30 28 27 30 31 29 29 29 28 28
 29 29 28 28 29 29 29 31 28 29 28 28 30 31 29 30 27 28 29 29 29 29 29 29
 28 28 29 30 30 29 29 29 28 29 29 29 30 29 27 28 29 29 28 28 28 29 30 31
 28 30 30 30 29 30 30 29 29 29 29 29 30 30 29 28 28 28 29 28 28 29 30 31
 31 29 28 30 31 30 30 29 30 29 28 28 28 28 29 29 30 29 30 30 29 29 29 28
 29 28 27 28 29 29 29 29 28 28 29 29 30 30 29 29 30 29 29 30 30 28 28 29
 30 29 29 29 29 29 29 29 32 31 30 28 29 29 29 28 29 30 30 30 29 28 29 31
 28 29 29 30 29 29 29 30 29 28 28 28 28 28 29 29 27 29 30 30 30 29 28 30
 28 31 29 29 29 27 34 27]","[ 31  26 125 124 122 122 123 128 122 119 116 114 113 116 119 119 126 134
 142 147 152 156 160 163 168 168 167 169 169 166 163 164 163 165 163 161
 160 160 158 158 163 163 163 162 161 160 161 162 160 160 160 160 159 158
 156 156 155 155 153 152 154 155 154 155 153 152 151 149 148 148 148 148
 149 149 149 148 147 147 148 148 139 139 138 137 135 132 128 125 120 121
 121 120 119 118 118 118 117 114 113 114 116 116 114 112 108 107 105 105
 105 104 104 103 103 103 103 101  99 100 101  99  98  94  93  95  95  93
  90  89  89  88  87  87  87  86  85  85  85  84  84  85  85  85  84  84
  86  84  83  83  84  85  86  86  80  81  83  83  82  78  73  68  71  71
  71  69  65  63  63  65  61  59  59  60  59  57  57  59  57  55  52  50
  50  49  49  49  57  61  63  64  68  72  77  82  84  85  81  85  87  91
  85  28]","[ 33  26 125 124 123 126 122 123 127 125 125 124 123 123 122 120 120 123
 123 123 124 126 130 136 139 140 145 153 159 160 161 165 166 168 168 165
 163 161 161 164 162 163 164 164 163 163 163 164 162 162 161 160 161 161
 161 161 157 158 157 157 158 156 153 152 154 155 155 155 155 155 154 154
 153 152 150 148 147 148 149 149 149 149 150 149 147 144 141 138 136 137
 136 135 133 131 127 125 129 126 124 124 124 122 119 117 117 116 116 116
 115 114 112 111 108 107 106 103 101 103 104 102  99  97  97 101 102  98
  95  95  96  93  90  90  89  89  88  89  87  86  84  84  85  85  84  83
  84  82  80  80  82  84  85  84  83  83  84  84  85  84  83  80  84  83
  81  78  75  71  70  71  70  67  66  66  63  60  59  62  59  57  54  52
  53  54  55  55  51  52  50  48  49  50  53  58  68  72  76  83  74  72
  76  31]","[ 28  35 122 121 126 120 127 126 126 124 125 126 125 126 126 125 125 124
 123 124 125 122 122 127 124 122 122 125 129 128 129 133 137 137 139 143
 147 148 151 157 168 169 171 171 169 166 163 161 164 163 161 160 161 163
 162 160 161 161 160 159 161 160 158 158 155 156 158 159 159 159 158 157
 159 157 155 154 154 155 155 154 153 154 155 155 153 152 151 150 149 148
 147 147 146 144 141 137 140 137 135 133 131 127 124 123 124 124 124 123
 122 120 119 120 118 116 114 111 109 112 114 111 103 100 100 103 102  99
  97  99  99  97  95  96  97  96  96  96  94  92  89  88  87  87  87  86
  86  84  82  81  83  84  83  82  80  81  81  81  82  83  83  83  83  82
  81  81  80  78  77  77  76  74  73  74  72  67  66  67  67  65  62  59
  59  60  61  60  57  58  55  52  50  47  44  44  46  57  53  44  46  53
  56  28]","[ 31  26 146 136 140 135 140 129 132 128 126 124 122 123 125 126 124 123
 122 125 128 125 123 124 126 125 123 124 125 124 122 125 129 124 121 124
 127 124 123 127 130 133 138 145 152 159 164 166 167 167 167 167 168 169
 168 166 162 163 162 161 163 162 160 160 162 162 162 163 162 161 161 160
 160 159 158 160 161 160 159 159 159 160 160 158 156 156 155 154 158 156
 154 153 154 154 152 150 152 150 149 148 146 144 143 144 138 136 134 131
 129 127 127 128 127 125 122 120 119 122 122 120 117 114 112 111 109 106
 106 108 104 103 103 105 105 102 101 101  98  98  96  94  93  94  95  95
  93  91  89  88  88  87  85  83  82  83  83  82  82  81  80  79  80  80
  80  81  82  81  81  80  77  77  79  81  80  76  74  74  74  73  70  66
  65  64  63  61  61  61  59  58  58  57  54  54  59  58  56  54  52  47
  44  30]","[ 27  32 167 167 164 161 157 152 152 150 148 145 139 134 132 130 134 130
 124 120 123 125 126 127 123 124 124 125 128 127 125 125 127 125 123 124
 126 124 123 125 123 122 122 122 124 127 129 129 137 141 143 144 146 150
 152 152 155 159 164 168 170 168 163 161 161 161 162 162 163 163 162 162
 162 161 162 163 164 163 163 164 163 162 161 160 161 162 162 161 161 160
 159 157 157 158 158 157 155 154 153 153 153 153 153 155 152 149 145 143
 141 139 138 137 134 131 129 129 128 128 126 123 122 121 120 119 118 117
 118 119 113 111 111 112 111 107 104 105 103 104 103 100  98  99 100 101
  99  98  96  95  95  93  91  89  91  88  84  82  82  85  87  87  84  83
  82  82  82  81  80  80  79  80  82  83  83  81  79  78  77  78  77  75
  74  74  73  71  73  72  69  66  65  63  61  61  61  58  59  57  52  54
  53  26]","[ 30  28 189 184 186 179 178 174 175 172 171 169 164 160 161 161 155 154
 147 140 139 139 135 131 125 125 123 121 123 123 122 122 127 129 130 129
 127 125 125 129 128 128 128 128 128 126 123 121 118 121 123 122 121 124
 127 129 126 130 134 140 149 156 161 165 169 170 170 170 169 168 166 165
 162 162 162 162 161 161 164 167 167 165 162 162 164 166 165 163 160 161
 161 161 160 161 161 161 161 158 157 157 157 157 157 158 157 154 152 153
 154 153 149 147 147 143 142 143 142 139 135 131 129 129 129 128 127 125
 123 122 124 121 120 120 118 114 113 114 112 114 112 108 104 103 104 104
 105 103 102 102 102 101  99  97  99  96  92  91  92  93  92  89  90  89
  88  87  85  83  83  83  81  82  81  80  79  79  78  78  79  81  81  79
  78  78  76  74  78  79  78  76  75  71  67  66  67  67  65  65  62  56
  53  30]","[ 30  27 198 196 194 194 193 191 190 187 188 193 193 186 180 177 175 174
 173 172 169 168 167 165 160 158 155 152 150 148 146 145 145 141 135 137
 138 136 137 135 134 136 136 135 137 139 138 134 131 133 132 127 125 129
 132 132 133 132 128 124 121 121 121 121 130 132 134 136 140 146 154 160
 163 170 171 169 168 166 166 170 172 170 165 167 165 168 166 168 168 166
 165 167 163 164 163 163 161 161 160 159 160 162 162 161 161 160 159 158
 157 155 154 153 152 149 151 154 152 149 151 153 152 144 142 143 141 139
 138 134 132 130 124 119 122 126 124 121 122 122 122 121 119 117 114 114
 115 115 111 108 111 113 108 102 105 104 103 101  99  97  97  98  97  95
  95  95  91  88  88  88  86  83  81  82  82  82  80  79  80  78  76  77
  79  80  79  78  77  78  78  76  73  73  74  76  75  75  75  74  69  77
  76  29]","[ 30  28 201 202 202 202 201 199 197 196 196 197 196 193 190 190 189 188
 189 188 185 184 183 181 180 178 176 174 172 168 164 162 163 159 152 151
 149 145 143 140 140 140 139 138 139 140 139 137 141 141 141 139 137 136
 136 136 132 133 132 130 129 129 128 126 125 120 118 121 123 121 121 123
 125 128 132 137 144 147 146 145 146 157 165 170 169 175 174 172 171 172
 169 168 164 169 167 164 164 164 164 165 165 164 163 163 165 163 162 162
 163 162 161 160 155 154 157 160 158 154 152 151 155 151 152 155 154 153
 151 148 146 148 145 140 138 137 135 134 130 128 125 122 121 121 122 123
 122 121 119 118 120 118 115 113 114 112 109 107 106 106 105 104 105 102
 102 102  99  96  96  95  93  90  87  88  89  88  87  86  85  84  82  80
  81  81  80  77  78  78  78  76  75  74  74  74  77  75  72  73  72  79
  78  30]","[ 29  30 204 207 207 207 207 205 202 204 204 202 200 200 201 202 198 197
 197 197 195 195 195 194 194 193 192 191 190 188 184 182 177 177 176 180
 180 175 171 166 160 158 155 153 153 151 148 146 143 139 137 138 138 137
 139 143 142 140 137 135 135 136 135 132 131 129 129 131 129 123 119 119
 123 123 123 122 120 121 122 121 123 127 131 137 137 141 144 147 153 163
 172 176 172 173 171 168 169 165 162 163 165 166 167 170 167 165 164 164
 165 165 163 162 163 161 161 161 160 159 159 158 161 159 158 158 156 157
 158 157 155 155 153 150 150 150 150 151 151 148 144 140 136 132 130 129
 127 126 125 127 127 122 121 124 121 120 117 115 114 114 114 114 113 109
 108 108 105 103 101  99 103  99  96  96  97  95  94  95  91  92  91  89
  89  90  88  85  84  83  80  79  80  80  78  76  77  77  73  73  71  74
  74  29]","[ 28  29 205 208 206 206 207 206 203 205 206 205 203 203 204 206 207 205
 204 204 203 205 207 207 200 198 196 196 197 196 195 194 193 193 192 193
 193 190 191 190 185 182 181 180 179 175 171 169 171 167 165 165 161 154
 149 148 146 143 139 137 140 143 141 137 140 142 141 139 137 137 139 141
 138 133 132 133 131 130 125 117 118 117 118 121 120 118 118 121 120 123
 128 136 135 142 151 161 164 163 164 168 173 174 173 171 170 170 168 167
 167 168 167 166 165 165 166 166 165 165 165 163 160 161 162 162 161 162
 162 161 162 161 158 157 158 158 158 159 152 152 153 153 152 149 146 144
 141 141 140 139 136 131 128 131 127 128 128 125 122 120 122 124 120 117
 116 117 115 113 112 111 110 106 103 104 104 101  99 100  97  97  97  97
  97  95  93  92  89  87  83  82  83  84  83  81  81  81  77  75  73  72
  73  28]","[ 29  30 204 206 204 204 205 205 204 205 206 207 205 203 203 206 204 202
 203 203 202 203 205 205 204 202 200 199 200 200 199 198 199 201 199 198
 196 193 195 195 195 193 193 194 195 192 190 189 186 185 183 183 181 178
 175 172 173 169 164 161 162 160 153 146 149 150 149 145 143 142 139 136
 144 140 139 139 138 139 136 130 128 130 129 124 122 124 128 129 126 123
 122 127 123 122 120 120 129 130 131 132 136 144 149 151 160 163 167 169
 169 169 167 165 169 170 172 171 167 166 166 164 166 166 165 163 163 162
 162 161 160 163 164 164 164 162 160 161 161 160 159 158 156 153 150 149
 150 152 151 149 147 145 143 144 141 141 140 135 129 124 122 123 125 123
 123 124 123 122 123 123 119 116 114 115 115 112 110 110 109 106 105 107
 105 100  97  97  96  95  92  91  92  92  91  89  89  87  81  80  81  81
  81  29]","[ 30  29 203 205 203 204 205 204 206 205 206 206 205 202 203 205 203 203
 204 205 204 204 204 203 204 203 203 202 202 202 201 200 197 201 203 204
 202 198 198 197 196 194 194 195 196 196 196 198 196 195 191 188 188 190
 191 190 192 189 185 183 186 187 183 178 170 170 170 169 163 155 151 151
 145 144 142 140 138 140 144 146 135 135 138 138 139 136 135 132 131 131
 129 130 126 127 124 120 120 127 130 126 120 119 120 119 127 128 129 129
 132 140 148 153 158 163 171 176 174 173 172 170 168 170 169 167 166 163
 161 161 163 165 164 164 165 164 162 161 163 162 161 161 161 159 158 157
 153 157 157 154 155 156 155 153 154 152 150 148 145 142 138 135 133 131
 131 131 129 128 128 128 126 125 124 125 124 123 121 119 119 116 115 116
 115 110 107 107 105 105 105 105 105 103 100  97  96  95  91  89  89  88
  88  28]","[ 29  29 202 205 204 205 205 204 205 206 207 206 204 203 204 205 203 202
 204 204 203 204 204 203 202 202 202 203 202 202 201 201 202 204 201 201
 199 198 200 200 200 199 198 198 199 199 200 201 195 195 195 195 196 197
 196 194 198 195 192 189 190 192 191 190 189 189 188 185 181 179 182 188
 181 178 173 170 170 167 161 156 156 146 143 142 144 138 138 138 131 133
 133 134 130 132 132 132 129 132 133 128 123 123 125 127 121 124 126 125
 122 121 119 116 121 119 119 119 122 130 140 146 154 160 165 169 172 168
 165 168 168 169 166 164 167 168 165 163 164 163 163 163 163 161 159 158
 163 166 165 161 161 162 159 157 158 157 157 159 162 163 161 158 149 146
 144 144 142 140 139 138 133 134 133 132 131 130 127 124 123 122 121 121
 121 121 119 117 115 115 114 114 113 112 108 105 105 106 106 102  98  96
  97  28]","[ 29  29 203 206 206 206 206 204 203 207 209 207 205 206 207 206 204 203
 203 203 202 204 206 206 204 204 203 203 202 201 201 201 201 203 201 202
 202 201 201 198 200 200 200 200 200 201 201 202 202 201 199 199 200 199
 199 198 195 196 196 195 194 195 195 195 196 198 197 193 192 193 192 189
 191 193 190 187 187 184 179 179 179 176 175 168 167 160 159 156 154 148
 144 145 140 138 137 139 138 138 138 137 135 133 131 130 130 131 131 129
 127 128 128 126 124 122 123 123 121 119 120 120 122 124 124 126 130 132
 139 149 157 163 166 166 168 170 170 169 169 167 164 163 163 163 163 163
 163 166 165 164 165 165 163 162 162 162 162 162 161 160 158 157 159 154
 153 154 153 152 151 150 147 148 146 143 141 140 137 132 129 130 129 127
 128 131 130 125 126 125 123 122 121 120 117 114 116 116 115 112 110 110
 108  30]","[ 29  30 201 206 208 207 207 206 206 207 208 208 207 207 207 208 208 207
 206 203 203 204 205 205 204 203 202 203 204 203 203 202 201 202 202 201
 200 200 200 199 201 201 201 200 201 201 202 202 201 201 202 202 201 201
 200 199 199 198 198 197 197 197 197 197 197 197 197 197 196 196 195 195
 195 195 195 195 194 194 195 195 193 189 187 186 183 180 179 177 175 174
 176 174 171 168 161 159 155 153 147 141 139 138 136 133 133 133 130 128
 129 132 132 130 130 129 131 128 127 125 127 124 123 124 124 126 123 117
 117 118 126 129 126 128 130 136 138 147 153 153 160 166 173 170 168 166
 169 169 169 167 165 165 164 163 165 164 164 165 166 165 164 163 163 161
 161 160 159 160 161 160 157 159 157 154 154 152 148 146 145 145 143 140
 137 137 137 138 135 134 131 127 123 122 122 124 124 121 122 122 119 118
 116  29]","[ 30  30 199 203 206 206 208 208 208 208 208 208 207 207 207 208 208 208
 207 205 204 205 206 206 203 203 204 204 204 203 203 203 202 203 203 203
 202 202 202 202 201 201 201 201 201 201 201 201 201 201 201 202 201 201
 200 200 201 201 200 200 200 200 199 199 197 197 198 199 199 199 199 198
 197 197 197 197 196 196 196 197 198 197 198 199 199 198 198 195 190 189
 190 189 187 186 181 180 179 178 174 170 168 166 164 160 160 158 152 147
 144 143 141 138 133 130 129 126 127 128 134 133 130 130 129 130 128 126
 128 130 123 125 122 119 117 116 116 122 124 117 117 122 130 132 140 146
 152 156 160 163 167 171 172 172 170 170 170 169 169 167 166 165 167 166
 167 166 164 165 165 163 162 164 162 159 160 160 158 158 155 154 153 152
 152 151 150 149 147 144 141 139 139 137 133 130 129 127 128 127 124 124
 122  30]","[ 30  29 198 202 205 206 209 208 208 208 208 208 208 208 208 208 208 209
 208 206 206 206 206 206 202 203 205 205 203 202 202 204 204 205 205 204
 203 203 203 203 201 201 201 201 201 200 200 200 201 201 201 201 201 201
 201 201 201 200 200 200 200 200 200 200 197 198 198 199 201 201 200 199
 199 199 199 199 198 198 199 200 196 197 198 199 199 200 200 197 196 194
 195 194 194 195 192 193 192 193 191 189 187 186 183 180 179 179 177 174
 171 168 165 161 158 154 151 145 143 140 140 136 137 136 132 132 132 130
 133 133 129 132 132 128 129 124 124 128 126 121 121 121 123 117 115 115
 116 120 124 129 135 139 142 142 151 155 161 165 167 168 168 168 172 171
 170 168 165 166 166 164 164 165 164 162 163 164 163 163 162 161 158 157
 157 158 156 155 155 153 150 148 146 145 145 144 138 138 139 138 135 134
 129  27]","[ 29  29 199 204 207 207 208 207 207 208 208 209 210 210 209 209 209 209
 208 207 206 207 207 206 204 205 206 206 204 202 203 204 205 206 206 204
 203 203 203 202 203 203 202 202 201 201 200 200 201 201 201 201 201 201
 201 201 199 199 199 199 200 200 200 200 200 199 199 199 200 200 199 198
 199 199 200 200 200 200 200 201 200 200 199 197 196 199 200 197 196 194
 195 194 194 196 194 195 194 195 196 195 194 193 191 190 187 189 191 191
 191 191 189 187 179 176 176 173 172 168 167 161 153 151 146 146 145 142
 141 139 131 133 135 132 136 131 131 133 131 131 133 129 131 128 127 122
 124 122 120 117 116 115 114 114 111 113 116 119 125 133 142 147 154 158
 165 169 171 174 174 172 172 173 171 167 166 165 162 161 161 161 161 162
 162 162 161 159 157 158 158 157 155 153 154 155 160 157 152 147 145 146
 143  32]","[ 28  29 200 205 207 207 208 206 207 208 209 211 212 212 211 211 211 211
 210 208 208 209 209 208 208 207 207 207 206 204 204 205 206 207 207 205
 204 204 203 203 204 203 203 202 202 202 201 201 201 202 202 202 201 200
 200 201 200 200 200 200 201 201 201 201 202 201 200 200 200 200 200 199
 199 199 200 200 200 199 199 199 199 198 198 196 194 197 199 197 196 195
 196 195 195 197 195 196 195 196 197 197 197 196 196 195 195 195 195 195
 195 196 197 197 199 195 194 189 189 186 186 181 181 180 175 175 174 170
 169 165 162 161 158 151 151 141 136 134 135 135 134 128 130 130 132 129
 128 125 123 122 123 124 126 126 122 123 123 121 120 119 120 120 118 118
 117 116 117 125 132 134 137 144 151 158 166 170 171 172 168 168 167 165
 163 162 162 162 162 162 160 159 159 160 161 162 161 160 155 153 154 156
 153  31]","[ 29  30 200 203 204 204 207 207 208 209 211 213 213 213 213 213 213 213
 212 211 211 212 212 211 210 209 208 207 207 206 205 205 208 208 208 207
 206 206 205 205 203 203 202 202 202 202 202 203 202 203 203 202 201 200
 201 201 202 202 202 202 202 202 202 201 201 200 200 200 200 201 201 201
 199 200 200 200 199 198 198 197 200 199 200 199 198 200 201 198 196 194
 196 196 196 197 195 195 196 196 196 197 196 196 196 196 197 197 196 196
 195 195 195 196 197 195 196 194 195 195 197 194 192 191 187 187 188 186
 187 184 180 179 176 172 174 169 165 164 160 156 154 150 147 138 134 131
 137 134 131 130 130 130 129 129 129 127 124 121 121 123 125 125 124 125
 125 121 116 116 116 113 116 116 115 114 120 128 136 141 141 148 157 164
 167 168 168 168 168 169 169 166 163 160 160 160 163 162 159 159 160 160
 157  27]","[ 29  30 199 201 201 201 205 207 208 210 211 212 212 213 213 214 215 215
 214 214 214 215 215 213 211 210 209 208 208 207 207 208 210 210 210 209
 207 207 207 207 204 204 204 204 204 204 204 204 203 203 203 203 202 201
 202 203 203 202 202 203 203 202 202 201 200 200 200 200 200 200 201 201
 200 200 200 200 199 198 198 198 200 199 200 200 198 198 198 197 197 196
 199 198 199 199 197 197 197 196 197 198 198 197 197 197 195 195 196 198
 198 197 195 195 196 195 198 196 196 195 197 194 196 196 193 193 194 194
 196 195 192 192 188 187 188 186 182 184 181 174 173 172 174 168 166 164
 157 153 149 147 145 141 137 136 132 132 132 131 132 132 129 124 128 129
 129 126 122 124 124 121 118 120 119 115 114 111 108 107 115 117 118 118
 121 127 134 139 143 150 159 165 167 167 167 168 169 166 161 159 160 161
 163  31]","[ 29  29 199 200 198 198 203 205 208 209 210 211 211 212 213 214 215 215
 215 215 216 217 215 213 213 212 211 210 209 209 210 212 212 212 211 210
 208 208 208 207 208 208 208 208 208 207 206 205 203 203 204 203 202 202
 203 204 202 202 202 203 203 203 202 201 201 201 201 201 200 200 200 200
 200 200 200 199 199 199 200 201 202 200 200 201 200 199 200 199 198 197
 199 199 199 200 196 196 195 195 196 198 198 198 197 196 197 196 196 196
 196 196 196 196 198 197 199 195 195 194 197 196 195 196 193 194 194 193
 195 193 194 196 191 193 193 195 191 195 195 189 186 183 188 189 188 184
 183 179 174 173 171 167 163 161 159 157 151 147 146 144 138 132 128 130
 132 130 126 127 127 123 125 127 126 124 123 123 122 122 119 122 123 122
 120 118 117 117 115 114 114 116 120 125 128 129 136 141 146 153 158 160
 163  28]","[ 29  30 194 198 199 199 202 204 206 207 209 210 210 210 210 211 214 214
 214 214 215 216 216 216 213 212 211 209 209 210 211 211 213 212 211 210
 210 210 210 209 209 209 208 209 211 212 211 211 207 206 205 204 203 203
 203 203 203 203 203 203 202 202 203 203 202 202 201 201 201 201 201 201
 200 201 201 201 200 200 200 199 200 201 201 201 200 199 198 198 197 198
 199 200 200 200 198 196 195 196 198 199 199 198 198 197 197 197 197 197
 197 197 196 196 196 198 199 198 196 195 195 194 195 195 195 195 195 195
 195 195 196 195 195 194 194 195 195 195 195 194 192 191 190 190 189 188
 187 186 185 185 186 187 188 187 183 183 180 176 172 169 165 162 156 154
 153 152 148 144 139 137 137 137 136 134 133 131 129 127 126 123 124 128
 129 124 122 123 120 121 117 117 121 119 112 112 112 109 108 112 113 120
 121  27]","[ 29  29 193 197 199 200 202 204 206 206 206 206 206 207 209 211 210 211
 213 214 215 216 215 214 214 213 212 210 210 210 211 212 212 211 211 211
 211 210 210 210 210 209 209 210 211 212 211 211 208 207 207 207 207 206
 204 203 203 204 205 205 204 204 204 204 203 203 203 203 203 202 202 202
 203 203 203 202 202 202 201 201 200 201 201 201 200 199 198 197 199 200
 200 200 201 200 199 197 197 198 199 199 199 199 199 199 197 197 198 198
 198 198 198 197 196 198 199 198 197 196 196 196 195 195 195 195 195 195
 195 195 196 196 196 195 195 195 195 196 195 195 194 193 193 193 192 192
 193 191 190 189 189 189 189 188 186 185 186 187 188 186 185 185 177 175
 174 172 168 163 160 158 155 154 152 149 145 141 137 134 134 130 126 125
 125 125 125 125 124 126 126 126 127 125 121 121 119 116 114 115 111 112
 117  29]","[ 30  29 192 196 198 200 202 203 204 204 204 203 203 205 207 210 209 210
 212 213 214 215 215 213 214 213 212 211 210 210 211 211 211 211 211 211
 211 211 210 210 209 209 209 210 211 211 210 209 209 208 208 208 209 209
 206 204 205 206 207 207 207 206 206 205 206 206 206 206 205 204 204 203
 205 205 204 203 203 203 202 202 201 202 202 202 201 200 199 198 201 202
 201 201 201 201 200 199 199 199 199 199 199 199 199 200 198 198 198 199
 200 200 200 199 198 199 200 199 198 197 197 196 196 196 196 196 196 196
 196 196 196 195 195 195 195 195 195 195 195 195 194 194 194 194 194 193
 193 192 191 191 192 192 192 192 193 190 190 192 193 189 187 188 189 188
 187 186 184 182 180 180 175 175 174 172 170 167 164 161 158 157 154 151
 149 146 138 130 131 130 130 129 128 129 130 130 126 124 125 130 128 123
 124  30]","[ 29  29 192 196 197 198 200 201 201 202 203 203 203 204 206 207 210 210
 210 210 211 213 214 214 214 213 212 211 210 210 211 211 210 211 212 212
 211 210 210 210 208 208 209 209 210 210 209 209 210 208 206 207 208 209
 208 207 207 207 208 208 208 207 207 207 207 207 207 207 207 206 206 205
 206 206 205 204 203 204 204 203 203 203 203 203 203 202 202 202 203 202
 202 201 202 202 202 201 201 201 200 200 200 200 201 201 200 199 199 200
 201 201 201 200 200 200 200 199 197 197 197 197 196 196 196 197 197 197
 197 197 196 196 195 195 195 195 195 195 195 195 194 194 194 193 193 193
 192 192 191 192 193 194 194 194 194 192 191 193 193 191 189 189 188 188
 188 188 188 187 188 189 188 188 187 185 183 182 180 178 174 173 172 171
 172 173 170 164 164 157 153 151 147 147 148 144 136 132 127 130 128 125
 128  27]","[ 29  29 193 197 196 196 198 198 199 200 201 202 202 203 205 206 208 209
 208 208 209 211 213 213 214 214 213 212 211 211 212 212 210 211 212 212
 211 209 209 208 208 208 209 209 210 210 209 209 210 208 206 205 207 209
 209 208 208 208 208 207 207 207 207 207 207 207 207 207 207 207 208 208
 207 207 206 205 205 206 206 205 205 205 204 204 204 204 204 204 203 203
 202 202 202 203 203 202 202 202 202 202 201 201 202 202 201 200 200 200
 201 202 201 200 201 201 200 198 197 197 197 197 197 197 196 197 197 197
 197 196 197 197 196 195 195 195 195 196 196 196 195 195 194 194 193 193
 194 194 193 193 193 194 193 193 192 192 192 192 193 194 194 193 189 189
 189 189 189 188 188 189 190 190 188 187 186 186 186 186 187 184 181 179
 179 179 178 178 184 177 177 175 169 168 167 161 162 160 153 149 144 142
 146  30]","[ 29  29 193 197 196 195 196 197 198 198 199 199 200 202 204 205 206 207
 208 208 209 210 211 211 213 213 212 211 211 211 211 211 211 211 211 211
 210 209 208 208 207 208 208 208 208 208 208 208 209 208 207 207 208 208
 208 207 209 209 208 208 208 208 207 207 206 206 206 206 207 208 208 209
 208 208 207 206 206 207 206 205 206 205 204 204 203 204 203 203 203 203
 203 203 203 204 204 203 202 202 202 202 202 201 202 202 202 202 201 201
 202 202 202 201 201 201 200 198 198 198 199 199 198 197 197 197 198 198
 197 196 197 197 197 196 196 196 195 195 195 195 196 195 195 194 194 194
 195 194 194 194 194 194 194 194 193 194 193 191 191 193 193 192 191 191
 191 191 190 189 188 189 189 190 190 189 190 192 194 194 193 192 193 194
 193 190 189 190 188 185 188 188 182 182 185 183 178 179 178 177 174 171
 167  29]","[ 29  29 193 196 195 195 195 196 197 197 197 197 199 201 203 204 203 205
 207 208 209 210 211 211 211 211 211 211 211 211 211 211 211 211 211 210
 210 209 208 207 207 207 207 207 206 206 206 207 208 208 207 207 207 207
 208 208 209 209 208 208 208 208 207 206 204 204 205 206 207 208 208 208
 208 207 206 206 206 206 205 203 205 204 204 204 204 204 203 202 204 204
 205 205 205 205 204 203 203 203 203 202 202 202 203 203 203 203 202 202
 203 203 203 203 202 202 202 200 200 200 200 199 200 199 198 199 199 199
 198 197 197 197 197 197 197 196 195 195 194 195 195 196 195 195 195 195
 193 194 194 194 194 195 195 195 194 194 194 194 194 194 194 195 192 191
 192 193 193 191 190 190 192 192 193 192 192 193 193 193 193 192 192 192
 190 188 188 191 190 189 190 189 185 185 189 189 188 186 185 187 187 189
 183  30]","[ 29  30 191 195 195 195 196 195 195 195 196 198 200 202 202 202 202 203
 205 206 207 209 210 211 211 211 211 211 211 211 211 211 211 211 210 210
 209 209 208 207 209 208 208 207 206 206 206 206 207 207 207 206 205 206
 208 210 208 208 207 207 207 206 205 204 203 204 205 206 207 207 207 207
 208 207 206 206 206 205 204 202 203 203 203 204 204 204 203 202 205 206
 206 206 206 206 204 203 205 205 205 204 204 204 205 205 203 203 203 203
 203 203 204 204 204 204 203 202 202 201 200 199 202 201 200 200 201 201
 199 198 197 197 198 199 198 197 196 194 195 196 196 196 196 195 195 195
 195 195 195 195 195 195 195 195 195 194 194 196 196 193 194 196 194 193
 194 195 195 194 192 191 191 193 194 194 193 193 193 193 192 192 193 193
 192 191 191 193 192 191 192 193 193 193 193 191 193 190 190 192 188 190
 185  30]","[ 29  28 193 195 195 196 195 195 195 196 196 197 198 199 200 201 201 202
 203 204 205 207 209 210 211 211 211 211 211 211 211 211 210 211 211 211
 210 210 209 208 210 209 208 206 205 205 206 207 207 207 207 206 206 206
 207 208 206 207 208 207 206 204 204 204 203 204 206 207 207 207 207 207
 207 206 205 205 205 205 204 203 203 204 204 203 203 204 204 204 205 205
 206 206 206 205 204 203 205 204 204 204 204 204 204 204 204 203 203 203
 203 203 203 203 203 203 203 203 203 202 201 201 201 202 202 203 203 203
 201 199 201 200 199 199 198 197 197 196 198 197 195 194 195 196 196 195
 195 195 195 195 195 195 195 195 195 196 196 196 195 194 194 195 194 194
 195 195 195 195 194 194 194 193 193 193 194 194 193 194 192 192 192 192
 191 191 192 192 192 192 192 193 193 193 192 192 193 192 189 190 189 189
 188  29]","[ 29  28 193 195 194 195 194 195 196 196 196 196 197 198 199 200 200 201
 201 202 203 206 208 209 211 211 211 211 211 211 211 211 211 211 212 212
 211 211 210 209 208 208 208 207 207 207 208 209 209 208 207 206 206 206
 207 207 208 208 208 207 205 204 203 203 204 205 206 207 207 207 207 207
 204 204 203 203 203 204 204 204 204 204 204 203 203 203 203 203 205 205
 204 205 206 205 204 203 204 204 204 203 203 203 204 204 204 204 203 203
 203 203 203 202 202 202 203 203 203 203 202 202 203 203 203 203 203 203
 202 201 202 201 200 200 200 200 199 199 201 200 198 197 198 198 197 197
 196 197 197 197 197 197 196 196 194 196 196 196 195 195 195 196 194 195
 195 195 195 195 195 194 196 195 195 195 195 195 195 195 194 193 193 193
 192 192 192 193 192 192 193 194 194 194 193 193 194 193 191 192 190 190
 188  29]","[ 29  29 193 194 194 195 194 195 196 196 196 195 195 196 197 198 199 200
 200 200 202 204 206 208 209 209 209 210 210 210 211 211 211 212 212 212
 211 211 210 209 208 208 207 207 207 208 208 209 210 209 208 207 206 206
 207 207 208 208 207 205 204 203 203 203 203 204 204 205 205 206 206 205
 203 203 202 202 203 204 204 205 205 205 204 203 203 203 203 203 205 204
 202 203 205 206 204 203 203 203 203 203 203 203 203 203 204 204 203 203
 203 203 203 202 202 202 202 202 203 203 203 203 204 204 203 203 203 203
 203 203 202 201 201 201 201 201 201 201 202 202 201 201 200 200 200 199
 199 199 200 200 200 199 198 197 195 196 197 197 196 195 195 196 195 195
 195 195 195 195 195 195 197 196 195 196 196 195 195 195 194 194 194 194
 194 194 194 194 193 193 193 194 195 194 193 193 194 194 192 192 191 191
 188  28]","[ 30  30 193 194 193 194 193 194 195 195 195 195 195 195 196 196 200 200
 201 200 201 203 205 205 206 206 207 208 209 209 210 211 211 212 212 211
 211 210 210 209 209 208 207 207 207 207 208 209 209 208 208 207 207 207
 206 206 206 205 205 203 203 202 203 204 203 202 202 203 204 204 204 204
 204 204 203 203 203 204 204 204 205 205 204 203 203 204 204 204 205 203
 202 202 204 204 204 202 203 203 203 203 203 203 202 202 203 202 202 203
 203 203 203 203 203 202 202 201 202 202 202 202 203 203 202 202 202 203
 203 203 202 202 201 201 201 201 201 201 201 202 202 202 201 201 201 201
 201 201 202 201 201 200 199 199 198 199 199 198 197 197 197 197 197 197
 196 196 196 196 196 196 197 196 196 196 197 196 196 196 195 195 194 194
 195 196 196 196 194 193 194 194 194 193 193 193 193 194 192 193 192 192
 188  28]","[ 29  30 193 194 193 193 193 194 194 194 195 195 195 195 195 195 199 200
 200 200 201 202 203 203 203 204 206 207 207 208 209 209 211 211 211 211
 211 211 210 209 209 208 207 206 206 207 208 209 207 207 207 207 207 206
 205 204 205 204 204 203 202 203 204 205 203 203 203 203 204 204 204 204
 203 204 204 204 203 203 203 203 204 204 204 203 203 204 204 204 204 203
 202 202 202 202 202 202 203 203 203 202 202 202 202 202 202 202 202 202
 203 203 203 203 202 202 201 201 201 201 201 201 202 202 201 201 201 201
 202 202 202 202 201 201 201 202 201 201 201 201 202 202 202 201 201 202
 202 202 202 201 201 200 200 200 201 201 200 199 199 199 199 200 200 200
 199 198 198 199 199 199 199 198 198 198 199 198 198 199 198 197 196 195
 196 196 196 195 196 195 194 194 194 193 193 193 194 195 194 195 194 194
 190  29]","[ 29  29 193 194 192 193 193 194 193 194 195 195 195 195 195 195 196 197
 198 199 199 201 202 202 203 204 205 206 206 206 207 208 208 209 209 209
 209 210 210 209 208 206 205 204 205 206 207 208 206 206 206 206 206 205
 204 203 205 204 204 203 203 203 204 204 203 203 203 203 204 204 204 204
 203 203 204 204 203 203 203 203 203 203 203 203 203 203 204 203 203 203
 203 202 202 202 202 203 203 203 202 202 202 202 202 202 203 202 202 202
 202 202 202 202 201 200 200 200 201 202 202 201 201 201 201 201 201 201
 201 201 201 201 200 200 201 201 201 201 201 202 202 202 202 201 201 201
 202 201 201 200 200 200 200 200 200 200 199 199 199 200 201 201 201 201
 200 200 200 200 200 201 200 199 199 199 200 200 200 200 201 200 198 197
 196 195 195 194 196 195 195 195 194 193 193 193 194 196 195 195 194 195
 191  29]","[ 29  29 193 194 192 193 193 194 194 195 195 195 195 195 195 196 195 196
 196 197 197 199 200 201 202 203 204 204 204 204 206 207 206 207 207 207
 208 209 209 209 207 205 204 204 205 206 207 207 207 207 206 205 204 204
 203 203 204 204 204 204 203 203 203 203 202 202 203 203 203 203 203 203
 203 203 204 204 203 203 203 203 202 203 203 203 203 203 203 203 203 203
 203 203 202 202 203 203 204 203 202 201 201 201 202 202 203 203 202 202
 202 202 202 202 200 200 200 200 202 203 203 202 201 201 201 201 201 201
 201 202 202 201 200 200 200 201 201 201 201 201 202 202 201 201 202 202
 200 200 200 199 199 200 200 200 199 199 199 199 200 200 201 201 201 200
 200 200 200 200 200 200 200 199 199 200 200 200 200 200 202 201 200 198
 197 196 196 196 197 197 197 197 197 195 194 194 195 197 196 195 194 195
 191  29]","[ 29  29 193 194 192 193 193 195 195 195 196 195 195 195 195 196 195 196
 196 196 196 198 199 200 201 202 202 202 202 203 205 207 206 207 208 207
 208 209 209 209 208 207 206 206 206 207 208 208 208 207 206 205 203 203
 203 203 203 203 203 203 203 203 202 202 201 202 203 203 203 203 203 203
 203 203 203 203 202 202 202 203 203 204 204 204 204 204 203 203 203 203
 203 203 203 204 204 204 204 203 201 200 200 201 202 203 203 202 202 202
 203 203 203 202 200 200 200 201 202 203 203 202 202 202 202 202 201 201
 202 203 204 203 202 201 201 201 201 201 200 200 201 201 201 202 202 203
 199 199 199 199 200 200 200 200 199 199 200 201 201 201 201 201 200 200
 200 200 200 200 200 200 201 200 199 200 200 200 199 200 200 200 200 199
 198 198 199 199 199 199 200 201 200 199 198 197 197 199 197 196 195 195
 191  29]","[ 30  29 190 192 192 192 194 194 193 194 194 194 194 194 194 195 194 194
 194 194 195 196 198 200 199 200 202 203 203 203 204 204 207 208 208 208
 208 209 209 209 209 207 206 207 206 206 206 208 207 206 204 203 203 202
 202 203 202 203 204 204 203 202 202 202 203 203 203 203 203 203 203 203
 203 203 203 203 203 203 203 203 204 203 203 203 203 203 203 202 203 203
 204 205 204 203 202 203 203 202 201 201 201 202 202 202 201 201 201 202
 202 203 203 202 200 202 202 201 201 203 203 202 202 202 202 201 200 200
 201 203 203 203 203 202 201 200 201 201 200 200 200 200 200 200 200 200
 200 200 199 200 200 200 200 200 199 199 199 199 201 201 200 200 200 200
 200 200 200 200 199 199 198 199 200 198 197 198 199 200 202 200 199 199
 199 200 199 199 200 200 201 201 201 201 201 199 199 200 200 199 196 195
 195  29]","[ 29  28 190 191 191 191 193 194 195 195 194 193 193 193 193 193 194 194
 195 195 195 196 197 198 198 199 201 203 203 203 203 203 205 206 206 207
 207 208 208 208 208 207 207 207 207 206 206 207 206 204 203 203 203 203
 202 201 202 202 203 202 202 201 201 202 203 203 203 203 203 203 203 203
 202 202 202 202 202 202 202 202 204 203 203 203 203 203 203 202 203 203
 203 204 204 203 203 203 203 202 202 201 201 201 201 200 201 201 202 202
 203 203 203 202 201 202 201 200 200 203 204 203 203 203 202 201 200 200
 201 202 203 203 203 202 202 202 202 202 201 201 201 201 201 200 200 200
 200 199 199 199 200 200 199 199 199 199 199 200 201 202 201 200 200 200
 200 200 199 199 199 199 199 200 200 198 198 198 200 200 200 199 198 198
 198 199 199 198 199 199 200 200 201 201 200 198 199 199 199 199 198 197
 195  28]","[ 29  29 191 191 191 191 193 194 195 194 193 192 192 192 192 192 193 194
 195 195 195 195 195 195 195 197 199 201 202 202 202 202 203 204 205 205
 206 207 207 206 207 206 206 207 207 207 206 205 204 202 201 203 204 203
 202 200 202 202 202 202 202 202 202 203 203 203 203 203 203 203 203 203
 203 203 203 203 202 202 202 202 203 203 204 204 203 203 203 203 204 203
 203 204 204 203 203 203 204 203 203 203 203 202 201 201 202 202 203 204
 204 204 203 202 201 201 200 198 199 201 203 203 203 203 202 201 201 200
 201 201 202 202 202 203 203 203 202 202 202 202 201 201 201 201 200 200
 200 200 200 200 200 200 199 199 200 199 200 201 202 202 201 200 200 200
 200 200 200 199 199 198 200 200 199 198 197 198 199 199 199 198 197 196
 197 197 197 196 198 199 199 200 200 201 200 199 199 198 197 199 199 199
 196  28]","[ 30  29 191 192 191 191 192 192 192 192 191 191 192 193 193 193 193 194
 195 196 195 195 195 195 194 195 197 199 200 200 200 200 201 203 204 204
 205 206 205 205 205 204 204 205 206 206 205 204 202 201 201 203 204 203
 202 201 203 202 202 202 202 202 203 203 203 203 203 203 203 203 204 204
 204 204 204 203 203 202 202 202 203 203 204 204 203 203 203 204 206 205
 203 203 203 203 203 203 204 204 204 204 204 203 203 202 203 203 203 203
 204 204 203 202 201 201 199 198 198 200 202 203 203 202 201 201 201 201
 201 201 201 201 201 202 202 202 202 201 202 201 201 201 201 201 200 200
 201 201 201 201 200 200 200 200 201 201 201 202 202 202 200 199 201 201
 201 201 200 200 199 199 200 199 198 197 197 198 199 198 199 198 197 197
 198 197 196 195 198 198 198 198 198 199 199 199 198 197 197 198 199 199
 196  29]","[ 30  29 191 192 192 192 191 190 190 190 190 191 192 193 193 193 193 194
 195 195 195 195 195 195 195 195 196 197 198 199 199 199 201 202 203 203
 204 205 204 204 204 203 203 203 205 205 205 204 203 203 203 204 203 202
 202 202 202 202 201 201 201 202 202 203 203 203 203 203 204 204 204 204
 204 203 203 203 202 202 202 202 203 204 204 204 203 203 204 205 207 205
 204 203 203 203 202 203 204 204 203 203 203 203 203 203 203 202 202 202
 203 203 202 202 201 201 200 199 199 201 202 203 203 202 201 201 201 201
 201 200 199 199 200 201 202 202 201 201 201 200 200 200 201 201 200 200
 201 201 201 201 200 200 200 200 201 201 201 202 202 201 200 199 201 201
 202 202 202 201 200 200 200 199 198 197 197 198 198 198 199 199 199 199
 200 199 197 196 197 196 195 195 195 197 198 198 198 198 197 198 198 198
 196  29]","[ 29  28 190 192 193 193 192 191 189 190 190 191 192 193 193 193 193 194
 194 195 195 195 196 196 196 196 196 197 198 199 199 200 200 201 202 202
 203 204 204 203 203 203 203 203 204 206 207 206 206 206 206 205 204 202
 202 203 203 202 201 201 202 202 203 203 204 204 204 204 203 203 203 203
 203 203 203 202 202 202 203 203 203 203 204 203 203 203 204 205 205 204
 203 203 203 202 202 203 203 203 203 203 203 203 204 205 204 203 203 203
 203 203 203 203 202 201 201 201 201 202 202 203 203 202 201 201 201 201
 200 199 199 200 200 201 201 201 201 201 200 199 199 200 200 200 200 199
 200 200 200 200 200 200 200 200 200 200 201 201 201 201 200 200 200 201
 201 202 202 201 201 200 200 200 199 198 198 199 199 198 196 197 198 199
 200 200 198 197 197 197 195 194 194 197 198 199 200 199 199 198 198 197
 195  28]","[ 29  29 191 192 192 192 193 192 191 191 192 192 192 193 193 193 192 193
 194 194 195 195 195 196 196 196 196 197 198 199 200 200 199 200 200 201
 202 203 203 203 203 204 204 204 205 207 208 208 207 207 207 206 205 204
 203 203 204 203 202 202 203 203 203 203 204 203 203 203 203 203 203 203
 202 202 202 202 202 203 203 203 203 203 203 202 202 203 204 205 204 203
 202 202 202 201 201 202 203 203 204 204 203 203 204 204 204 203 203 203
 204 204 204 204 202 202 201 202 202 202 202 202 203 202 202 202 201 200
 200 199 200 200 201 201 201 201 201 201 200 200 199 200 200 200 199 198
 198 199 199 199 199 199 200 200 200 200 200 200 200 200 200 200 199 199
 200 201 201 201 200 200 200 200 199 199 199 199 199 198 195 195 196 198
 199 199 198 197 199 198 196 194 195 198 199 200 201 200 199 199 199 198
 195  28]","[ 29  29 191 192 190 190 192 193 192 192 193 192 192 192 193 194 192 193
 194 194 194 194 195 195 194 195 195 197 198 199 199 199 197 198 199 200
 201 202 203 203 202 204 204 204 205 207 208 208 208 207 206 207 207 205
 204 203 203 203 202 202 202 203 203 203 203 203 203 203 203 203 203 202
 201 201 201 201 201 202 203 203 203 203 202 201 201 202 204 205 203 203
 202 202 201 200 200 201 201 202 203 203 203 202 202 202 202 202 202 203
 204 204 203 203 202 201 201 201 201 201 201 202 202 202 202 202 201 201
 200 200 200 200 201 200 200 200 200 201 201 200 200 200 200 200 198 197
 198 198 199 199 199 199 200 201 200 200 200 199 199 199 199 199 197 198
 199 200 200 200 199 199 199 199 199 199 199 199 199 198 196 196 196 198
 199 200 199 199 199 198 196 195 196 198 200 200 200 200 199 200 201 200
 196  28]","[ 29  28 191 193 191 189 190 193 192 191 190 190 190 191 193 194 193 193
 194 194 194 194 195 195 195 196 196 196 197 197 197 197 197 197 198 200
 201 201 202 203 202 202 203 204 207 208 208 208 208 209 208 207 207 207
 206 203 204 203 202 202 202 203 203 203 205 204 203 203 202 202 201 201
 202 201 201 201 201 201 202 203 203 203 203 202 202 203 204 205 204 203
 202 201 200 201 201 201 202 202 203 203 203 203 202 202 201 202 203 204
 203 203 203 203 202 202 201 200 200 201 202 202 203 203 202 201 201 201
 200 200 199 201 201 200 199 199 200 201 201 201 201 200 200 201 200 197
 199 200 201 201 200 199 200 201 201 200 200 199 199 199 199 199 198 198
 197 198 198 197 197 196 196 197 198 199 199 199 199 200 199 200 200 199
 199 199 199 200 200 200 199 198 198 199 200 200 200 200 200 201 201 200
 196  29]","[ 30  29 190 192 191 191 192 193 192 191 190 190 190 191 193 193 194 194
 194 194 194 195 195 195 195 195 195 196 196 196 196 196 196 196 197 199
 200 200 201 202 201 201 201 203 205 207 207 207 209 210 209 207 207 207
 206 204 204 204 203 203 203 204 204 203 203 202 202 201 201 201 201 202
 202 201 201 201 201 201 202 203 204 204 203 203 202 202 203 204 203 203
 202 200 200 201 201 201 203 203 203 204 204 203 203 203 201 201 202 202
 202 202 202 202 201 200 200 200 201 201 202 203 204 203 202 202 201 201
 201 200 200 201 201 200 200 200 201 201 201 202 202 201 200 200 199 198
 200 201 201 201 200 199 199 200 199 200 200 200 200 199 199 200 198 197
 197 196 196 196 196 196 195 195 196 198 199 199 199 200 200 200 200 200
 199 199 199 200 199 199 199 199 200 200 201 201 200 200 200 201 201 200
 196  28]","[ 30  29 190 191 191 193 194 193 192 191 190 190 191 192 193 193 194 193
 193 193 193 194 195 195 195 195 195 195 195 196 196 196 195 195 196 198
 199 199 199 200 201 201 201 202 204 206 207 207 208 209 208 207 206 206
 205 204 204 203 203 203 204 204 203 203 203 203 202 202 202 202 202 203
 202 201 200 201 201 200 201 202 204 204 204 203 203 202 202 203 203 203
 202 200 200 201 202 202 202 202 203 203 203 203 202 202 201 202 202 202
 202 201 202 202 200 200 200 200 201 202 202 202 203 203 202 202 201 200
 200 200 199 200 200 200 200 201 201 201 201 203 203 202 201 201 200 200
 201 201 201 201 200 199 199 198 198 199 200 200 200 200 200 200 199 198
 196 195 195 196 196 196 195 194 195 197 198 199 200 200 200 200 200 200
 199 199 199 200 200 200 200 200 200 201 201 201 200 199 199 200 200 199
 196  28]","[ 29  29 191 190 190 192 194 192 192 191 190 190 191 192 193 192 193 193
 193 192 193 194 194 195 195 195 195 195 195 195 195 195 195 195 195 197
 197 197 198 199 202 202 202 203 204 205 205 205 206 207 207 206 206 207
 206 205 204 204 204 203 204 204 204 204 204 204 204 203 203 203 203 203
 202 201 201 201 201 200 201 202 202 203 203 203 203 202 202 202 203 203
 202 202 201 202 202 202 202 202 202 202 202 202 202 202 202 202 202 202
 201 201 201 201 199 199 199 200 200 201 201 202 202 202 202 201 200 199
 199 199 199 200 200 199 200 201 201 201 201 202 202 202 201 201 201 202
 201 201 201 201 201 200 199 198 197 198 200 200 200 199 199 199 199 198
 197 196 196 196 196 196 197 196 195 197 199 199 200 200 200 200 200 200
 200 199 200 200 201 201 201 200 200 200 200 200 200 199 199 200 200 199
 196  28]","[ 29  29 191 191 190 191 193 192 192 191 190 191 192 193 193 193 194 194
 193 193 193 194 195 196 195 195 195 195 195 195 195 195 195 195 195 196
 197 196 197 197 200 200 201 202 203 204 203 203 204 206 207 207 207 208
 208 207 205 205 204 204 203 203 204 204 203 203 203 204 203 203 203 202
 202 201 201 201 201 201 201 202 202 203 203 203 202 202 201 201 203 203
 203 202 202 202 202 201 202 202 202 202 202 202 202 202 202 202 201 201
 200 200 200 200 199 198 198 198 199 200 201 201 202 201 201 200 199 199
 198 198 199 200 200 199 200 201 201 201 201 200 200 201 201 201 201 201
 201 201 201 201 202 201 200 199 196 197 199 199 199 199 198 198 198 198
 197 197 197 197 197 197 198 196 196 197 199 200 200 199 200 200 200 200
 200 200 201 201 202 201 200 200 199 199 199 199 200 199 199 200 200 199
 197  29]","[ 29  29 191 192 191 191 192 192 192 191 191 191 192 193 193 193 194 193
 193 193 193 194 195 196 195 195 195 195 195 195 195 195 196 195 195 196
 196 196 196 197 197 198 200 201 203 203 203 203 203 205 207 207 207 208
 208 206 206 205 204 203 202 202 203 204 202 203 203 203 204 204 204 203
 203 202 202 202 202 201 202 202 203 203 204 203 202 201 201 201 202 203
 203 202 201 201 201 200 201 201 201 201 201 201 202 202 202 202 201 201
 201 200 199 199 197 197 197 197 198 200 201 202 202 201 200 200 199 199
 198 197 199 199 200 199 200 201 201 201 202 201 200 201 202 201 201 201
 201 201 201 201 202 202 201 200 197 197 198 198 199 198 198 197 197 197
 197 197 198 198 197 197 197 196 196 197 199 200 200 199 200 200 200 200
 200 200 200 201 201 200 199 199 199 199 199 200 200 199 199 200 200 200
 197  29]","[ 30  28 190 192 192 191 191 191 191 191 191 192 193 193 193 193 193 192
 192 192 193 194 194 195 195 195 195 195 195 194 195 195 195 194 194 195
 196 196 197 198 196 197 199 201 202 203 203 203 202 205 206 206 206 207
 207 206 207 206 206 204 203 202 203 203 204 204 203 203 204 204 204 205
 203 203 203 203 203 202 202 203 203 203 204 203 202 202 201 202 203 203
 202 201 201 201 201 201 201 201 201 201 201 201 201 201 202 202 202 201
 201 200 199 198 197 197 197 198 198 200 200 201 201 200 199 199 199 198
 197 196 197 198 199 198 198 199 200 200 202 201 200 201 201 201 201 202
 201 201 201 201 201 201 201 200 198 197 197 197 198 199 199 198 197 197
 197 198 198 199 199 198 197 196 196 198 200 200 200 200 200 200 200 200
 199 199 200 200 199 199 199 199 199 200 200 200 200 199 199 200 200 199
 197  29]","[ 30  27 190 192 193 191 191 190 190 191 191 192 192 193 193 194 193 193
 193 193 193 194 195 195 195 195 195 194 194 194 194 194 194 193 194 195
 195 196 197 198 196 197 199 200 201 202 202 203 203 205 206 206 206 208
 208 208 209 209 208 207 205 204 204 204 205 205 204 203 203 203 204 205
 204 203 203 203 203 203 203 204 203 203 203 203 203 202 203 203 204 204
 202 201 201 202 202 202 202 202 201 201 201 201 201 202 202 201 201 201
 201 200 198 197 197 197 198 198 199 199 200 200 200 199 197 197 198 198
 196 194 195 196 197 197 196 197 198 198 199 199 199 200 200 199 200 202
 201 201 201 201 201 201 201 201 199 198 197 197 198 200 200 199 197 197
 197 198 199 200 200 200 197 197 197 199 200 200 200 200 200 200 200 200
 199 199 199 199 199 199 199 200 200 200 200 200 200 199 199 200 200 199
 196  29]","[ 30  29 190 192 192 190 189 190 190 191 192 192 192 192 192 192 194 193
 192 192 192 192 193 195 195 194 194 194 193 193 194 195 194 194 195 195
 196 196 196 196 197 196 197 199 201 202 201 200 202 203 203 203 204 205
 207 207 206 208 209 208 205 204 204 204 205 204 203 203 203 204 204 204
 204 203 203 203 203 203 204 204 203 203 203 203 203 202 202 201 201 202
 202 201 200 201 201 202 202 202 201 201 201 201 201 200 201 201 201 201
 201 200 198 197 197 197 197 197 198 199 200 199 198 198 197 197 196 196
 195 195 195 196 196 196 196 196 197 198 199 199 199 199 199 199 200 200
 201 201 200 200 200 200 200 199 197 197 198 199 199 200 200 199 199 198
 198 198 199 200 200 200 196 197 199 200 200 200 200 200 200 200 200 199
 199 199 199 199 200 199 199 199 199 200 200 200 198 200 200 200 202 201
 195  28]","[ 29  28 188 190 191 190 189 190 190 191 192 192 192 192 193 193 192 192
 192 193 193 193 193 194 194 193 193 192 192 192 193 194 194 194 195 195
 195 195 196 196 197 196 196 198 200 201 201 202 202 203 204 204 204 206
 207 208 206 208 209 207 206 205 206 206 204 203 202 202 203 203 204 204
 204 204 203 203 204 205 206 206 205 204 204 204 203 203 202 202 202 202
 202 202 202 202 203 203 203 202 201 202 202 202 202 201 201 201 201 201
 201 201 199 198 198 198 198 199 199 200 200 199 199 199 199 198 198 197
 195 194 195 196 196 196 196 196 196 197 198 199 200 199 199 199 199 200
 201 200 200 199 199 199 199 199 199 199 199 199 200 200 199 199 198 198
 198 199 199 200 200 199 198 199 200 200 200 200 200 200 199 200 199 199
 199 199 200 199 198 199 199 200 200 199 199 199 199 201 200 201 202 201
 196  29]","[ 29  28 188 189 190 190 189 190 190 190 191 191 191 192 193 193 191 192
 192 193 192 192 193 194 193 193 192 192 192 192 194 195 195 194 194 194
 194 195 195 196 196 195 195 197 198 199 201 202 202 203 204 204 204 206
 207 207 207 208 208 207 206 207 207 207 204 203 202 202 203 204 204 204
 204 204 203 203 203 204 205 206 205 204 204 203 203 203 203 203 202 202
 202 202 202 203 204 203 202 201 201 201 202 203 202 201 201 201 201 202
 202 201 200 199 199 200 200 200 200 200 199 198 200 200 200 200 199 198
 197 196 197 197 198 198 197 197 197 198 198 199 200 200 199 199 199 200
 201 201 200 199 199 199 199 200 200 200 199 199 199 199 199 198 198 198
 198 199 200 200 199 199 199 200 200 200 200 199 199 199 198 198 198 197
 197 199 199 199 197 198 200 200 200 199 199 199 199 201 200 200 201 200
 195  29]","[ 29  28 188 189 190 191 190 191 190 191 191 190 191 192 193 193 193 192
 191 191 190 190 191 193 192 192 192 193 193 193 194 196 194 194 193 193
 194 194 195 196 196 195 196 197 197 198 200 202 201 202 203 203 203 204
 206 206 207 208 208 207 207 207 206 205 204 203 203 202 203 204 204 204
 204 203 203 202 202 203 204 204 203 203 203 203 203 203 203 203 202 202
 202 201 202 203 203 202 201 200 200 201 202 203 202 201 201 201 201 202
 201 201 200 199 199 200 200 200 200 200 199 197 199 198 199 199 200 199
 199 198 199 200 200 200 200 199 199 199 197 199 200 200 199 199 200 201
 201 201 201 200 199 199 200 201 200 200 199 199 199 199 199 199 198 198
 199 200 200 200 199 199 200 200 200 200 199 198 198 197 197 197 197 196
 196 197 198 198 197 197 199 199 199 199 198 197 199 200 199 199 200 199
 195  28]","[ 29  28 188 189 190 191 190 190 192 192 192 191 191 192 193 193 193 192
 191 191 190 189 189 190 190 190 192 193 193 193 193 194 193 193 193 192
 193 194 195 196 196 196 197 198 198 198 199 201 200 201 202 202 202 203
 204 205 206 207 208 207 207 207 205 204 204 203 203 203 203 203 203 203
 203 203 203 203 203 204 204 204 203 203 203 204 204 204 203 203 203 202
 201 201 202 203 202 201 201 201 201 201 202 203 202 201 201 201 201 201
 201 200 199 198 199 199 200 201 201 201 199 197 197 197 197 197 198 199
 200 200 200 200 200 200 200 200 199 199 196 198 199 199 198 198 199 201
 201 201 200 200 200 200 200 200 199 199 198 199 199 200 200 200 198 199
 200 201 201 201 200 200 200 200 200 200 199 198 197 197 198 198 198 197
 197 197 198 198 197 197 197 197 198 198 197 196 199 201 199 199 200 200
 195  29]","[ 29  28 189 188 189 190 189 189 191 191 191 190 191 192 193 192 191 191
 192 192 192 190 189 188 189 190 191 193 193 192 192 193 193 192 192 192
 193 194 195 196 196 196 196 197 196 196 197 198 199 201 202 202 202 202
 204 204 205 206 207 208 208 207 206 204 203 203 203 203 203 203 203 202
 203 203 203 204 204 204 204 204 203 203 203 204 203 203 203 203 203 203
 202 202 203 203 203 201 201 201 201 201 201 201 201 201 200 200 200 200
 201 200 200 199 199 200 201 201 201 201 200 198 197 196 195 195 196 198
 200 200 201 200 200 200 200 200 199 199 196 197 198 198 197 197 199 200
 200 199 199 199 199 200 199 199 197 197 197 197 198 199 199 198 199 200
 201 201 201 201 200 200 200 200 200 200 199 198 198 198 200 200 199 198
 198 199 199 198 199 198 197 197 199 199 198 196 198 200 199 199 200 200
 195  29]","[ 29  29 188 187 187 188 189 189 190 190 189 189 190 192 192 191 190 190
 191 193 194 192 190 189 191 192 193 194 193 192 192 192 193 193 192 192
 192 193 194 195 195 195 195 195 195 195 195 196 198 200 202 202 201 202
 203 204 203 205 206 206 206 206 205 204 203 203 204 204 205 204 203 203
 203 203 203 204 204 204 204 204 203 203 203 203 203 203 203 203 203 203
 202 202 203 204 203 202 201 201 201 200 200 200 200 200 200 200 200 200
 200 200 199 199 199 200 200 200 201 201 199 198 197 196 194 194 195 197
 199 200 201 200 199 199 200 200 200 200 198 198 198 197 197 197 198 199
 199 198 198 198 199 200 199 197 196 196 196 197 198 198 197 197 199 200
 200 201 201 200 200 200 200 200 200 200 199 199 199 200 200 201 200 200
 199 200 199 199 200 199 199 199 199 199 198 197 197 199 198 199 201 200
 195  29]","[ 29  29 188 186 186 188 188 189 189 189 189 189 191 192 192 192 190 190
 190 192 194 194 193 192 193 193 193 194 193 191 191 191 193 193 192 192
 192 193 193 194 195 195 194 195 195 195 195 196 198 200 201 201 200 201
 202 203 202 204 205 205 204 204 204 203 203 204 205 206 207 206 205 204
 205 204 204 204 204 204 204 204 204 204 203 203 204 204 205 205 202 202
 202 202 203 203 203 202 202 202 202 201 200 200 200 201 201 201 201 200
 200 200 199 198 199 199 200 200 200 200 198 197 196 195 194 194 195 198
 200 201 201 200 199 198 199 200 200 200 200 199 199 198 197 198 199 200
 198 198 197 198 200 200 199 197 198 198 198 199 199 198 197 197 199 200
 200 200 200 200 200 200 199 200 200 200 199 199 199 200 200 200 200 200
 200 200 200 199 199 199 199 199 199 198 197 197 198 199 199 200 202 201
 197  30]","[ 28  28 187 188 189 187 189 188 190 189 189 190 190 190 190 190 189 189
 190 191 192 193 193 193 193 194 194 193 193 193 192 192 193 193 193 193
 194 193 194 194 195 196 196 196 195 195 196 196 196 198 200 200 200 201
 202 202 202 203 204 204 204 204 204 204 204 205 206 208 208 206 204 203
 204 204 205 204 203 202 202 202 203 203 203 203 203 203 204 204 203 203
 204 203 203 203 203 204 203 202 201 200 200 200 200 201 199 200 200 200
 200 199 199 199 199 200 199 198 198 199 198 197 197 196 195 194 195 197
 200 201 201 198 198 198 196 199 201 199 201 199 199 199 197 198 199 200
 199 200 200 200 199 198 197 197 197 198 200 201 200 199 199 199 199 199
 199 199 198 199 200 200 199 199 199 200 200 200 200 200 201 201 201 199
 198 198 198 197 199 199 199 199 199 199 198 197 197 198 200 200 201 202
 196  30]","[ 29  29 187 187 189 188 190 190 191 190 190 190 190 190 189 189 188 188
 189 189 189 190 192 193 193 193 193 192 192 192 192 192 192 191 192 192
 192 192 193 193 194 194 195 195 195 195 195 196 195 197 199 199 200 201
 202 202 202 202 203 203 203 203 203 203 204 204 205 206 207 205 204 204
 204 204 205 204 204 203 202 202 203 203 203 203 203 203 203 203 202 202
 203 202 202 202 203 203 202 202 201 201 201 201 201 201 201 201 201 201
 201 200 200 200 199 199 198 198 198 199 198 197 195 195 196 197 196 196
 197 199 199 199 200 199 198 199 200 199 202 200 200 200 197 197 197 197
 200 199 199 198 197 197 197 198 197 198 198 199 199 199 199 200 199 199
 199 199 199 200 200 200 199 199 199 199 200 200 200 200 200 201 200 200
 199 199 199 198 198 199 199 199 199 199 198 197 197 198 199 199 200 200
 195  29]","[ 30  29 186 186 188 188 192 192 191 190 190 190 190 189 189 188 189 189
 188 188 188 189 191 193 192 193 192 191 191 192 193 193 192 192 192 192
 192 191 192 193 194 194 194 195 195 195 195 196 194 196 197 198 199 200
 201 201 201 202 203 203 203 202 203 203 203 203 204 205 205 204 204 204
 204 204 204 204 204 203 202 201 203 203 203 203 203 203 202 202 202 202
 202 202 202 202 203 203 202 202 202 201 201 201 201 201 201 201 201 201
 201 201 200 200 199 198 198 197 198 198 197 196 201 198 195 196 196 195
 196 197 196 198 198 197 197 197 197 198 198 198 200 201 199 197 196 195
 198 198 197 197 197 197 198 198 197 197 196 196 197 198 199 200 199 198
 198 198 200 201 201 199 199 199 199 199 199 199 199 200 199 199 199 199
 199 200 200 199 198 199 199 199 199 199 198 197 198 199 200 199 199 199
 194  29]","[ 29  28 186 186 188 188 191 191 189 189 189 189 189 189 188 187 189 189
 189 188 188 189 191 193 192 192 192 191 191 192 193 193 194 193 192 192
 190 190 191 192 194 194 194 195 195 195 195 195 195 196 196 197 198 199
 200 199 200 201 201 202 202 202 203 203 203 203 203 203 203 203 204 205
 204 203 203 203 203 203 202 201 203 203 203 203 203 203 202 201 202 202
 202 202 202 202 202 202 202 202 202 202 202 202 201 201 201 201 201 201
 201 200 200 200 200 198 197 196 197 198 197 196 194 194 194 196 197 197
 197 196 198 200 198 196 197 196 195 197 198 197 198 198 197 198 198 196
 195 196 196 198 199 199 198 197 197 196 195 195 196 198 198 199 196 197
 197 198 199 200 200 199 200 199 199 199 199 199 199 199 197 198 198 198
 198 199 199 199 200 200 200 199 199 199 197 196 200 200 200 199 199 198
 194  29]","[ 29  28 186 187 189 188 190 189 188 188 188 188 189 189 189 187 187 187
 188 188 188 188 189 190 191 192 192 192 192 192 193 193 194 193 191 190
 189 189 191 192 194 194 194 194 194 194 194 194 195 195 195 195 197 199
 199 198 198 199 199 200 200 201 202 202 203 203 203 203 203 203 204 206
 205 204 202 202 203 203 203 202 202 202 203 203 203 203 202 202 201 201
 202 202 202 201 200 199 201 202 202 202 202 201 201 200 200 200 201 201
 200 200 200 199 200 199 197 196 197 198 198 197 197 198 198 196 194 195
 196 195 195 198 196 196 198 198 196 197 197 197 199 200 200 199 197 192
 195 196 196 198 199 199 198 197 197 196 195 195 196 197 197 197 195 196
 197 197 198 199 199 199 199 198 198 198 198 198 198 199 197 197 198 198
 198 199 199 198 200 200 200 199 199 199 198 196 200 199 200 198 199 198
 193  29]","[ 29  29 187 188 189 188 189 187 187 188 188 188 188 190 189 188 186 187
 187 188 188 189 188 188 190 191 192 192 192 192 192 192 193 191 190 190
 191 191 192 194 194 194 194 194 194 194 193 193 194 194 194 195 196 198
 199 198 197 197 198 198 199 200 201 202 203 203 203 203 203 203 204 205
 206 205 203 202 203 204 204 203 202 202 203 203 203 203 202 202 201 201
 201 202 201 200 199 198 201 201 201 201 201 201 200 200 200 200 201 201
 201 200 200 200 201 199 197 196 197 199 199 198 196 195 193 193 195 198
 198 196 196 198 198 198 199 198 196 195 200 200 200 200 199 200 201 198
 197 197 197 197 197 197 197 197 197 196 195 195 196 196 196 195 195 196
 197 197 198 199 199 200 197 197 197 197 198 198 199 199 197 198 198 198
 199 199 199 199 200 200 200 199 199 199 198 197 199 198 198 198 198 196
 192  29]","[ 30  29 187 187 189 187 188 186 187 188 188 187 188 190 190 189 188 187
 187 188 189 189 189 189 190 191 191 191 191 191 191 191 192 191 190 192
 193 193 193 194 194 193 193 194 194 194 194 193 193 194 195 195 196 197
 197 197 197 197 197 197 197 198 200 201 202 202 203 203 203 202 203 205
 206 205 204 203 204 204 204 204 203 203 203 203 203 203 202 202 202 201
 201 201 201 200 200 199 200 200 200 200 201 201 201 201 200 200 200 201
 201 200 200 200 200 199 198 198 198 199 200 199 199 196 196 198 197 195
 194 196 192 193 195 195 194 197 200 200 196 196 196 194 192 195 198 198
 196 196 196 196 196 196 197 197 197 196 195 196 196 196 196 195 196 196
 197 197 198 199 200 199 197 197 197 197 197 198 198 198 197 198 198 199
 199 200 200 199 199 199 199 199 199 199 199 198 198 197 198 198 198 196
 192  29]","[ 29  28 185 186 187 186 188 186 188 189 189 187 188 191 191 189 188 187
 186 187 188 189 190 189 189 190 190 190 190 190 190 190 190 190 190 192
 193 194 193 192 192 192 192 193 194 194 193 193 193 194 195 196 196 196
 196 195 196 196 196 196 196 197 198 199 201 202 203 203 203 202 203 204
 205 205 204 203 204 204 204 203 203 203 203 203 203 202 202 202 201 200
 199 199 199 200 199 199 199 199 199 200 200 201 201 201 200 200 200 200
 200 200 200 200 199 199 199 199 199 200 200 199 197 196 196 197 195 199
 217 238 241 235 229 217 203 197 196 194 193 204 217 223 219 211 202 194
 193 195 196 197 197 197 197 196 196 196 196 196 196 196 196 196 197 196
 195 196 197 199 199 198 198 197 197 197 196 197 197 197 196 197 198 198
 199 200 200 200 200 200 199 199 199 199 198 197 197 196 198 198 198 196
 193  30]","[ 29  29 185 187 187 188 187 187 187 187 188 189 190 191 190 189 189 188
 188 188 189 189 188 188 189 190 191 191 191 190 190 190 190 191 192 193
 193 193 193 193 191 192 193 194 193 192 193 194 194 194 195 196 197 197
 196 195 195 196 197 197 196 196 197 199 201 202 202 203 203 203 204 204
 205 205 204 204 204 204 205 205 203 203 203 203 203 203 202 202 201 200
 200 199 199 199 199 199 199 199 199 199 199 200 201 202 200 200 199 199
 200 200 199 198 198 200 201 196 196 196 193 193 190 191 196 196 201 219
 236 244 249 247 243 240 224 204 196 196 205 232 246 245 246 237 231 212
 197 192 197 199 193 198 199 195 196 196 197 197 196 194 195 196 196 196
 196 196 197 197 198 199 199 197 196 195 196 198 199 199 196 196 196 197
 199 200 200 200 199 198 198 197 198 198 197 197 197 198 199 198 199 199
 194  28]","[ 29  29 185 187 186 187 187 187 187 186 187 188 189 189 189 188 188 188
 188 189 189 188 188 189 189 189 190 190 190 190 190 190 190 192 193 193
 193 192 192 191 193 193 195 196 195 194 194 194 195 195 195 195 195 195
 196 196 195 196 196 196 196 196 197 199 200 201 201 201 201 202 202 203
 204 204 204 203 203 204 204 204 203 203 203 203 202 202 201 201 200 200
 200 199 199 198 198 198 199 199 199 199 199 200 200 201 200 200 200 200
 200 200 199 198 199 201 199 194 197 209 218 226 226 218 200 194 211 225
 233 244 236 225 217 219 222 219 210 204 223 237 244 244 244 240 232 217
 206 201 194 194 196 197 198 201 196 196 196 197 196 196 196 197 197 197
 196 197 197 198 199 199 200 199 197 197 197 199 200 200 197 197 197 197
 198 199 199 199 198 197 197 197 197 197 197 196 197 197 199 197 198 198
 194  29]","[ 29  29 185 187 186 187 187 187 187 186 186 187 188 188 187 186 188 189
 190 190 189 189 189 190 188 188 189 189 190 190 190 190 190 192 193 193
 192 192 191 191 190 191 193 194 193 192 191 192 194 194 194 194 193 194
 195 196 196 196 196 195 195 195 197 198 199 199 200 200 200 200 201 201
 203 203 203 203 203 203 203 203 204 203 203 202 202 201 200 200 199 199
 200 199 197 196 196 197 199 199 199 199 199 200 200 200 199 199 199 199
 199 199 198 197 200 197 196 203 225 247 251 251 250 249 230 217 228 236
 227 218 197 180 168 162 166 178 197 219 240 242 235 220 200 191 188 187
 189 200 199 194 197 195 193 197 196 195 196 196 196 196 197 198 199 198
 197 197 198 199 200 200 200 199 197 197 197 198 199 199 198 198 198 198
 198 198 198 197 197 197 197 197 197 197 196 196 196 197 197 196 197 198
 194  29]","[ 29  30 186 187 186 186 187 187 188 187 187 187 188 188 188 187 188 188
 189 190 189 188 188 189 188 188 188 188 189 190 190 189 189 190 192 192
 192 192 192 192 191 191 192 193 193 192 191 192 192 192 192 192 192 193
 194 195 195 195 195 195 195 195 196 197 197 198 199 199 199 199 200 201
 202 202 203 203 204 204 203 203 204 203 203 202 202 201 200 200 200 200
 200 198 196 195 196 197 198 198 198 199 199 200 200 199 199 199 199 199
 199 198 198 197 200 200 203 212 231 245 242 237 237 227 225 231 236 242
 233 209 184 164 157 148 139 143 169 211 239 241 231 208 181 173 159 145
 144 172 200 199 195 196 196 197 197 196 196 196 196 196 197 198 199 198
 196 196 198 199 199 199 198 198 197 196 196 197 197 197 197 197 198 198
 199 198 198 197 197 197 197 197 197 197 196 196 196 196 196 196 197 197
 194  29]","[ 29  29 185 187 185 186 186 187 187 187 187 187 187 188 188 188 187 187
 187 188 188 188 187 187 188 188 188 188 189 189 189 189 188 189 190 190
 190 191 192 192 191 191 192 192 192 191 190 191 191 191 191 191 193 194
 194 194 195 195 195 195 195 195 196 196 196 197 197 198 198 199 200 200
 200 201 202 203 203 203 203 203 203 203 203 203 202 202 201 201 202 202
 201 198 196 195 196 198 197 198 198 199 199 199 199 199 199 199 199 200
 199 199 199 198 201 199 203 212 224 220 199 184 177 173 182 201 219 241
 236 198 182 162 156 147 135 134 159 203 244 246 237 206 173 169 154 132
 123 139 187 200 195 195 197 197 197 196 196 197 197 197 198 198 198 197
 196 196 197 198 198 198 197 197 198 198 197 197 197 197 196 197 198 199
 199 199 198 197 198 198 198 198 197 197 196 196 196 195 196 196 197 197
 193  29]","[ 29  29 185 186 185 186 186 187 186 186 186 186 186 186 187 187 187 186
 186 188 189 188 187 187 188 188 188 189 189 189 189 189 188 188 188 188
 188 190 191 191 191 191 190 190 190 189 188 189 190 190 190 191 193 194
 194 193 194 194 195 195 196 196 196 196 195 195 196 197 197 198 199 199
 199 200 201 201 202 202 203 203 203 203 203 203 202 202 202 202 202 201
 200 198 196 196 196 197 197 198 198 199 198 198 198 198 198 198 199 200
 200 199 199 199 195 198 208 215 211 191 168 160 186 221 240 235 232 245
 247 224 189 172 164 162 168 183 208 238 245 248 250 236 202 181 162 139
 126 116 159 192 201 195 193 196 195 195 196 197 197 197 198 198 197 196
 195 195 196 197 197 196 196 197 198 198 197 197 197 197 196 197 199 200
 199 199 198 197 199 199 199 198 197 196 196 196 196 195 196 196 197 196
 192  28]","[ 29  29 184 186 185 186 186 186 185 186 186 185 184 184 185 186 186 186
 186 188 188 188 188 188 188 189 189 190 190 189 189 189 188 188 187 187
 189 190 190 189 192 191 191 192 191 191 190 190 189 189 189 190 191 192
 192 192 193 193 193 194 195 195 196 196 195 195 196 197 197 197 198 199
 199 199 200 201 202 202 203 203 203 203 203 203 202 202 202 202 201 200
 198 198 197 197 197 197 197 198 199 199 197 196 196 197 196 197 199 199
 199 199 200 200 205 200 204 208 198 175 158 159 216 246 251 251 251 251
 253 251 245 233 225 229 240 249 249 248 249 235 221 213 201 188 168 130
 114  99 121 164 200 197 195 197 194 195 196 196 196 196 196 197 196 196
 196 196 196 196 196 196 196 196 197 197 196 196 196 197 197 198 199 199
 199 198 198 198 199 199 199 198 197 196 196 197 197 196 196 196 196 195
 192  29]","[ 29  28 184 185 185 186 186 186 185 186 186 185 183 182 184 185 183 184
 185 187 187 186 187 188 188 189 190 191 190 189 189 189 188 188 188 188
 190 191 191 189 188 188 189 190 190 190 189 189 187 188 189 189 189 189
 190 191 192 192 192 192 193 194 195 195 196 196 197 197 197 197 198 198
 199 199 200 201 202 203 203 204 203 202 202 202 202 202 201 201 201 200
 199 199 200 200 199 198 197 198 200 199 197 195 195 195 196 197 199 200
 200 200 201 201 200 202 212 213 192 163 153 167 217 242 247 249 252 251
 253 252 253 253 253 253 253 252 251 249 225 194 156 139 156 182 178 125
  97  93  97 133 186 192 195 194 195 195 196 197 196 195 195 196 196 196
 196 197 196 196 196 196 196 196 196 196 196 196 197 198 197 198 198 199
 199 198 199 199 199 199 198 197 196 196 197 198 199 196 196 196 196 195
 191  29]","[ 29  29 183 185 184 184 187 186 186 186 186 186 183 180 179 181 180 182
 185 187 187 187 187 188 188 188 189 189 190 190 189 188 190 189 188 188
 190 191 191 189 186 187 188 189 190 190 189 187 188 189 189 188 187 187
 189 190 191 191 190 190 190 192 194 195 195 195 195 195 195 197 197 197
 199 199 199 200 201 201 202 203 202 201 200 200 202 202 201 201 200 199
 199 199 200 200 198 197 196 197 198 198 196 195 195 196 195 199 201 200
 195 192 193 194 194 200 215 221 207 171 157 164 193 200 195 191 204 217
 230 245 250 252 253 253 251 250 236 202 157 118  94  89 105 146 172 142
  94  89  88 107 171 195 192 196 195 195 195 195 195 195 195 195 194 195
 196 197 197 196 196 196 196 196 196 196 196 196 197 198 196 197 199 200
 200 198 197 197 199 198 197 196 195 196 196 197 199 197 196 195 195 195
 192  28]","[ 29  29 183 186 185 186 187 184 185 185 187 187 184 180 178 178 182 184
 186 188 188 187 187 188 189 189 189 189 190 189 188 188 189 189 189 190
 191 192 191 189 188 188 188 189 189 189 188 188 189 189 189 188 188 188
 189 189 188 188 188 187 188 189 191 192 194 194 195 195 195 196 197 197
 197 197 197 198 199 200 201 202 202 201 201 200 201 201 201 200 200 200
 199 199 199 199 198 197 196 198 198 198 197 196 197 198 199 200 198 195
 201 217 232 239 236 224 220 221 219 189 167 161 170 163 142 127 137 158
 180 199 233 239 242 238 226 208 176 139 112  92  79  75  81 109 146 156
 118  85  87  94 154 196 196 192 195 195 194 194 194 195 195 195 195 195
 196 196 196 196 196 196 196 196 197 196 196 196 197 198 197 197 199 200
 199 198 196 196 197 196 196 195 195 196 196 197 198 196 195 195 195 195
 192  29]","[ 29  29 183 186 187 187 186 183 185 185 186 187 185 181 179 179 183 184
 186 187 187 187 187 187 190 189 189 189 189 189 189 188 189 189 190 191
 192 192 191 189 189 189 189 189 188 188 188 189 190 189 189 189 190 190
 189 188 189 189 189 189 189 190 191 192 191 192 193 193 194 196 196 196
 195 195 196 197 199 199 201 202 202 201 201 201 201 201 201 201 201 200
 199 199 199 199 197 196 197 198 199 198 197 197 198 199 201 198 196 205
 223 242 249 247 243 235 230 221 217 186 165 158 149 132 110 104 117 141
 165 183 194 192 182 168 153 135 115  94  88  82  78  79  79  87 115 153
 144 100  86  91 143 196 197 193 195 194 193 193 194 195 195 195 195 196
 196 196 196 196 196 196 196 196 197 197 196 196 197 197 197 197 198 199
 199 197 196 195 195 195 195 195 195 195 196 196 197 195 195 194 195 195
 192  29]","[ 29  29 183 186 186 186 186 183 185 184 184 185 184 183 183 184 183 184
 186 187 187 187 187 188 188 188 188 188 188 189 189 189 189 190 191 191
 192 191 190 189 189 189 189 189 188 187 188 189 191 190 189 189 190 190
 189 188 188 189 190 190 190 190 190 190 190 191 192 193 194 195 195 195
 195 195 195 197 198 198 199 200 200 200 201 201 201 201 201 201 201 200
 200 199 199 198 197 196 199 199 199 198 197 197 197 198 198 201 204 210
 222 228 219 204 185 181 182 185 198 182 163 147 128 111  95  89  85  83
  93 105  96 102 103 106 106  98  89  82  82  80  77  82  82  80  86 121
 154 134  91  93 140 194 194 196 194 193 192 192 194 195 195 195 196 196
 196 196 195 195 196 196 195 196 196 197 196 196 196 197 197 197 197 198
 199 197 196 195 195 195 195 195 195 195 195 195 196 195 195 195 195 195
 192  29]","[ 29  29 183 185 185 185 186 184 186 184 184 184 183 183 184 185 184 185
 186 186 187 187 188 188 188 188 187 187 187 188 188 189 189 190 191 191
 190 190 189 189 188 189 189 189 188 188 189 190 191 190 190 189 189 188
 188 188 188 190 191 192 192 191 190 190 191 192 193 193 193 194 195 194
 195 195 195 196 196 196 197 198 198 199 201 201 201 200 200 200 201 200
 200 199 199 198 197 196 199 200 199 198 197 196 196 196 196 206 211 209
 207 197 167 135 115 107 110 125 159 166 153 132 120  97  79  75  75  71
  66  62  73  76  73  75  79  77  78  80  81  80  78  80  80  81  79  98
 142 160 117  99 132 188 194 194 193 193 192 193 195 196 195 195 196 196
 196 196 196 196 196 197 196 196 197 197 197 196 197 197 197 196 197 198
 198 197 196 195 195 195 195 196 195 195 195 195 196 195 196 195 195 194
 191  29]","[ 29  29 184 185 183 183 185 185 185 185 185 185 184 182 182 183 187 187
 187 187 187 187 187 188 188 188 188 188 187 187 187 188 189 190 190 189
 189 189 189 188 187 188 189 188 188 188 189 190 190 190 190 189 188 188
 188 189 190 191 193 194 194 193 192 192 193 193 193 193 194 195 195 195
 196 195 195 196 196 196 196 196 198 199 200 200 199 199 198 198 200 200
 200 200 199 198 198 197 199 199 199 198 196 195 195 195 201 209 218 216
 197 161 123  98  89  82  81  90 113 131 132 117 101  91  79  70  66  69
  72  72  73  75  71  72  74  72  74  77  76  77  76  75  75  79  79  81
 112 152 157 121 130 182 197 191 193 193 193 194 195 196 195 195 196 196
 197 196 196 196 196 197 197 197 197 197 197 197 197 198 196 196 196 197
 198 197 196 196 195 195 195 195 196 196 196 196 196 195 196 195 195 194
 191  28]","[ 29  29 184 185 183 183 185 185 185 185 186 186 184 182 182 183 187 187
 186 186 186 187 187 187 187 188 188 188 188 187 187 188 188 188 189 188
 189 189 189 188 187 187 188 188 187 188 189 189 189 190 190 189 189 189
 189 189 189 190 191 192 192 191 191 191 193 193 193 193 193 194 195 195
 195 195 195 196 196 196 196 196 197 198 198 198 197 197 197 197 200 200
 200 200 199 199 198 198 199 199 198 197 196 196 196 196 204 211 220 211
 174 126 102 101  92  84  78  79  85 105 112 103  91  82  69  59  56  58
  59  58  59  64  64  67  68  67  68  68  75  77  78  77  79  80  81  75
  85 116 164 151 146 181 197 192 193 193 193 194 194 195 195 195 196 196
 197 197 196 196 196 196 197 197 197 196 196 196 197 198 195 195 196 197
 197 196 195 195 195 195 195 195 195 195 196 196 195 195 196 195 195 194
 191  29]","[ 29  29 183 185 184 184 186 184 185 185 186 186 185 183 184 186 186 186
 185 185 186 186 187 187 187 187 188 189 188 188 188 189 187 187 188 188
 189 189 189 188 187 187 187 187 187 187 188 189 189 189 190 190 190 190
 189 188 191 192 192 192 192 193 193 194 192 192 192 192 192 194 195 195
 193 193 194 195 195 195 195 196 197 196 196 196 196 196 197 197 199 199
 200 200 200 199 199 199 199 199 198 197 197 197 198 199 201 205 206 190
 157 120  99  94  89  84  81  79  72  90  99  92  84  74  63  56  54  50
  50  53  56  60  61  61  61  61  65  65  72  76  78  79  81  77  82  79
  77  84 140 167 165 185 194 194 193 193 193 193 194 194 195 195 195 196
 196 197 196 196 196 196 196 196 196 195 195 195 196 197 195 195 196 196
 196 195 194 195 196 195 195 195 195 195 195 195 194 194 195 195 195 194
 192  29]","[ 29  29 184 184 183 183 183 185 187 184 182 182 184 186 185 184 186 186
 187 186 185 185 186 187 186 187 188 188 188 188 188 188 188 188 188 188
 189 188 187 187 188 188 187 187 187 187 188 189 189 190 190 190 189 189
 189 189 189 191 192 192 192 191 192 192 193 192 192 193 194 194 192 190
 191 192 194 195 195 194 195 196 197 196 196 196 196 196 197 197 198 198
 199 200 200 199 198 197 198 197 195 197 198 197 197 201 205 197 189 168
 148 126 108  95  91  86  83  79  75  82  88  85  79  72  63  54  48  47
  48  50  51  53  57  57  53  53  58  63  71  75  77  78  80  82  80  79
  80  77 100 155 182 195 191 192 192 191 191 192 193 194 194 194 196 196
 196 196 196 196 196 195 195 195 195 195 195 196 196 196 195 195 195 195
 195 195 195 195 196 195 195 195 195 196 196 195 194 195 195 195 196 195
 191  29]","[ 29  29 183 184 183 183 182 185 186 184 183 182 183 184 183 183 183 184
 185 186 186 186 187 188 187 188 188 189 188 188 188 188 188 188 188 188
 189 188 188 187 187 187 187 187 187 187 189 189 190 190 191 190 190 189
 190 190 189 190 191 191 191 191 191 192 191 190 191 192 193 193 191 189
 190 192 193 194 194 194 195 196 195 195 195 195 195 195 195 195 197 197
 198 199 199 198 197 197 197 197 195 195 197 197 196 196 197 178 161 152
 144 128 113 102  92  87  83  78  73  77  81  78  75  70  62  54  48  45
  47  51  51  50  48  44  39  42  52  60  66  72  76  78  81  82  80  78
  75  76  79 112 157 194 196 192 189 192 191 187 191 195 192 194 194 194
 195 195 195 195 195 195 195 195 195 195 195 195 195 195 195 195 195 195
 195 195 195 195 195 194 195 195 196 196 196 195 195 195 196 195 196 194
 191  29]","[ 29  29 183 184 182 182 182 184 184 184 183 183 182 183 182 182 181 182
 183 185 185 186 187 187 187 187 188 188 188 188 187 187 188 188 189 189
 188 188 187 187 188 187 187 187 187 188 189 189 190 191 191 190 190 189
 189 190 190 190 191 191 190 191 191 192 189 189 190 192 193 193 191 190
 191 191 193 194 194 195 195 195 194 194 194 195 195 195 195 195 196 196
 197 197 197 197 196 196 196 197 197 197 199 200 201 201 201 173 142 139
 135 123 112 101  93  87  82  76  69  70  74  73  74  70  64  57  49  43
  44  49  47  45  43  38  32  33  43  53  61  69  75  77  79  79  78  77
  80  82  81  88 122 172 197 194 189 189 190 188 190 196 193 194 194 194
 194 195 195 195 195 195 195 195 195 195 195 195 195 195 195 195 195 195
 195 195 195 195 194 194 195 196 196 196 195 194 195 196 196 195 196 194
 190  28]","[ 29  29 183 183 181 181 181 184 184 184 183 183 183 183 183 182 182 182
 183 184 184 185 185 185 187 187 187 187 187 187 187 187 187 188 188 188
 188 187 187 187 189 188 187 187 188 189 189 189 190 190 190 189 188 188
 188 189 189 190 191 191 191 191 191 192 189 189 190 191 192 192 191 190
 191 191 192 193 194 194 194 194 193 193 194 195 195 195 195 195 195 196
 196 197 196 196 196 196 198 198 198 197 196 197 201 203 204 172 133 130
 126 117 109 100  91  85  80  73  65  65  69  72  72  68  64  59  49  41
  40  44  47  43  37  31  28  29  35  44  56  65  72  73  74  74  74  75
  73  77  81  77  91 128 174 195 194 188 188 193 192 193 197 194 195 195
 195 195 195 195 195 195 195 195 195 195 195 195 195 195 195 195 195 195
 195 195 195 195 194 194 195 196 196 195 193 192 195 195 196 194 196 194
 191  29]","[ 29  29 183 183 181 181 181 184 185 184 183 183 183 183 183 182 183 182
 182 183 183 184 184 184 187 187 187 187 187 187 187 187 187 187 188 188
 187 187 187 187 190 189 188 188 188 189 189 189 190 190 189 188 187 187
 188 188 188 189 190 190 190 190 190 190 189 189 189 189 190 190 190 189
 190 190 190 192 193 194 194 193 193 193 194 194 194 194 195 195 194 195
 196 196 196 196 196 197 198 196 198 198 196 199 208 214 206 169 128 126
 121 110 103  98  87  83  79  73  65  61  64  69  66  62  60  56  48  39
  37  39  40  38  33  31  31  30  33  40  47  57  65  68  70  72  73  75
  78  80  78  71  78  88 126 168 189 195 188 191 194 192 197 194 195 195
 195 195 195 195 195 195 195 195 195 195 195 195 195 195 195 195 195 195
 195 195 195 194 194 194 195 195 195 194 193 193 194 195 195 194 196 195
 191  29]","[ 29  29 183 182 182 182 182 184 186 184 182 182 183 183 182 181 182 182
 182 183 183 184 185 186 187 187 187 187 188 188 188 188 187 187 187 187
 187 187 187 188 190 190 189 188 188 189 189 189 190 189 189 188 187 187
 188 189 187 188 189 189 189 189 189 188 190 189 189 189 188 188 189 189
 189 189 190 191 193 194 194 194 194 194 194 194 194 194 194 194 194 195
 195 195 195 196 196 196 196 194 198 200 200 208 220 226 214 169 127 124
 120 105  95  91  84  81  78  74  66  58  57  61  62  59  56  52  46  38
  34  35  34  36  34  31  27  22  26  37  43  52  60  65  70  74  76  78
  78  74  73  73  77  74  96 126 165 194 190 185 194 193 193 195 194 194
 195 195 195 195 195 195 195 195 195 195 195 195 195 195 195 195 195 195
 195 194 194 194 193 193 194 195 194 194 194 194 194 195 195 195 196 195
 191  30]","[ 30  28 182 181 181 181 181 182 185 184 182 182 182 183 183 183 182 183
 184 184 184 185 186 187 186 186 186 187 188 188 188 188 188 187 187 187
 188 188 188 188 190 189 189 188 188 188 189 190 190 190 189 187 186 186
 187 187 187 187 188 188 188 188 188 188 189 189 189 189 188 188 189 189
 189 189 190 191 192 193 193 193 193 193 193 194 194 194 194 194 194 194
 193 194 194 195 195 196 197 195 198 198 200 210 219 217 208 164 127 116
 115 104  94  89  82  78  75  73  67  56  50  53  57  55  52  47  41  35
  32  32  36  36  31  29  29  27  29  40  49  54  58  63  71  78  79  80
  75  69  71  72  69  64  74  87 128 170 191 188 192 194 191 194 194 194
 194 195 195 195 195 195 195 195 195 195 195 195 195 195 195 195 195 195
 195 194 193 193 192 193 194 195 195 194 194 195 195 195 196 195 196 195
 191  30]","[ 30  28 181 180 180 180 179 180 183 183 183 182 182 183 185 186 183 184
 185 186 185 185 186 187 185 185 185 186 187 188 188 187 188 188 187 188
 188 189 189 189 189 189 188 188 187 188 189 190 191 191 189 187 185 184
 185 185 186 186 186 186 187 187 187 187 187 188 188 188 187 187 187 188
 189 189 189 189 190 190 190 189 190 190 192 193 194 194 193 193 193 193
 192 193 194 195 195 195 196 195 197 196 200 213 218 209 195 159 126 106
 105 101  94  85  82  76  71  70  66  55  48  49  49  48  45  41  35  31
  30  30  27  25  27  42  62  64  54  50  59  59  57  60  70  78  80  80
  73  74  67  65  71  70  73  88 100 141 191 196 189 195 192 193 195 195
 195 195 195 195 195 195 195 195 195 195 195 195 195 195 195 195 195 195
 194 194 193 193 192 193 195 195 195 194 194 194 195 196 196 195 196 195
 191  29]","[ 30  29 180 180 180 178 177 178 181 181 182 182 182 183 185 187 185 185
 185 186 186 186 186 187 185 185 185 185 186 188 188 188 187 188 187 187
 186 186 187 188 188 188 188 188 189 190 189 189 188 189 189 188 187 186
 186 187 187 187 187 186 186 186 186 186 187 186 186 188 188 186 186 188
 188 188 188 188 188 188 188 188 188 190 193 194 193 193 193 194 193 192
 191 193 194 195 194 194 195 195 196 197 198 202 213 224 216 194 162 118
  99  97  88  81  80  77  73  69  61  50  44  44  48  47  40  35  33  29
  27  24  29  53  72  95 106  97  88  80  79  79  76  74  79  85  84  78
  75  74  69  63  69  76  70  86  88 131 186 192 191 194 194 194 195 195
 195 195 196 195 195 194 194 194 194 195 196 196 196 196 195 196 196 196
 194 193 193 192 193 193 194 194 194 194 194 194 194 194 195 195 194 193
 191  28]","[ 29  29 180 179 177 174 173 176 180 180 182 182 183 184 185 186 185 185
 186 187 187 187 186 187 186 186 185 185 185 187 187 187 187 187 187 187
 187 187 187 188 187 187 187 188 188 188 188 188 189 189 190 189 188 187
 187 188 187 187 187 186 186 186 186 186 187 186 186 187 187 185 184 186
 186 187 187 188 188 188 188 188 188 190 193 193 193 192 192 192 192 191
 192 194 195 195 194 194 195 196 197 196 195 196 201 207 210 205 184 148
 113  94  83  79  78  72  68  64  56  44  38  38  38  38  39  35  31  26
  23  31  65 100 121 131 130 121 115 108  96  89  84  85  86  83  80  79
  77  72  68  68  72  72  74  82  81 133 187 194 194 194 193 193 194 194
 194 195 195 195 194 194 193 192 193 194 195 195 194 195 195 195 195 195
 195 194 194 195 194 194 194 194 194 194 194 194 194 193 195 194 195 193
 191  29]","[ 29  29 180 177 173 168 168 172 179 180 181 182 183 184 184 184 183 183
 185 187 187 186 186 186 187 187 185 184 185 186 187 187 186 186 187 187
 187 187 187 187 187 187 187 187 187 188 187 187 188 189 189 189 188 187
 187 188 188 187 187 186 186 186 186 186 186 185 186 187 186 184 183 185
 186 186 187 187 188 188 188 187 188 190 192 193 192 191 190 190 190 191
 192 194 195 195 194 194 195 196 196 196 195 194 195 196 197 194 168 135
 101  86  81  77  72  66  61  57  49  39  33  34  36  36  40  32  25  30
  52  94 125 148 154 148 138 127 120 110 104  94  88  89  88  81  78  80
  76  71  72  74  77  76  83  80  90 147 192 195 194 193 193 195 192 193
 193 195 195 195 194 194 193 192 193 194 195 195 195 195 195 195 195 195
 195 195 196 196 195 195 194 194 194 194 193 193 194 193 194 194 194 194
 191  29]","[ 30  30 180 176 172 166 166 169 179 180 181 182 183 183 182 182 183 183
 184 185 186 186 185 186 187 187 185 184 184 186 187 187 186 186 186 186
 187 187 187 186 187 187 187 187 187 187 187 186 187 188 188 188 187 187
 187 188 188 188 187 187 187 187 187 186 185 185 186 186 186 185 185 186
 187 187 187 187 187 187 187 187 188 190 192 192 192 190 190 190 189 190
 192 193 193 193 192 192 194 195 195 195 195 197 196 195 185 174 145 110
  89  84  80  72  65  61  56  50  43  35  32  33  39  38  37  30  39  64
 102 147 166 168 158 147 138 127 117 108 100  94  88  86  84  81  78  77
  76  76  78  76  79  82  84  78 114 168 196 193 193 192 194 196 191 192
 193 195 195 195 194 193 193 192 193 195 196 196 196 196 195 195 195 195
 194 194 195 196 195 195 194 193 193 193 193 193 193 192 193 193 194 193
 191  28]","[ 30  30 179 176 173 168 168 171 180 180 180 182 183 183 182 182 184 183
 183 184 185 185 186 187 187 187 186 185 185 186 187 187 187 187 186 186
 187 188 188 188 187 187 186 186 187 187 186 186 187 188 188 188 188 188
 188 188 188 188 187 187 187 187 187 186 185 186 186 187 187 186 186 187
 187 187 187 187 187 187 187 187 188 189 191 192 191 190 190 190 190 190
 191 192 191 190 190 191 194 194 193 193 195 196 195 193 189 172 150 108
  87  76  70  65  59  59  54  45  36  32  31  31  34  44  44  44  67 106
 145 169 169 165 155 145 134 121 112 106  95  92  87  83  80  79  77  76
  76  79  81  80  86  93  88  96 140 182 195 192 193 194 194 194 192 192
 193 195 195 195 194 193 192 191 192 193 195 195 195 195 195 195 194 194
 193 193 194 195 195 195 194 193 193 193 194 194 194 193 194 193 193 192
 191  28]","[ 30  28 177 176 175 172 172 174 180 180 180 182 183 184 183 183 183 183
 182 183 183 184 185 187 187 187 187 185 185 185 186 186 187 186 186 186
 187 187 187 188 187 186 186 186 186 186 186 186 186 187 187 187 187 187
 187 187 187 187 187 187 187 187 186 186 186 187 187 187 187 187 186 186
 185 186 186 186 187 187 188 188 188 189 190 190 190 190 190 190 191 191
 191 191 190 189 189 190 192 192 192 194 195 196 195 194 182 167 156 116
  94  73  63  61  58  58  53  44  35  31  30  30  37  37  41  69 115 153
 172 171 161 157 149 137 124 111 102  96  89  85  82  81  79  77  76  78
  78  78  80  84  92  97  97 126 169 192 193 190 191 194 195 195 193 193
 194 194 195 194 193 192 191 190 190 192 193 193 194 194 194 194 193 193
 193 193 194 195 196 195 195 194 194 194 194 194 195 194 195 194 193 192
 191  28]","[ 30  28 177 176 176 174 174 176 179 179 180 181 182 183 183 183 182 181
 181 182 183 183 184 185 186 187 187 186 185 185 186 186 185 186 186 186
 186 186 186 187 187 186 186 186 186 187 187 186 186 186 187 187 187 187
 187 187 187 187 187 187 187 186 186 186 186 186 186 186 187 187 186 184
 183 183 185 186 187 188 188 188 188 188 189 189 189 189 189 190 191 190
 190 190 189 188 188 189 190 190 190 193 194 195 196 198 195 188 180 150
 129  98  71  50  56  54  50  45  38  33  33  34  31  38  68 111 148 170
 174 170 161 151 140 128 117 107  97  90  82  80  79  79  78  77  78  81
  81  81  81  86  93  93 110 151 188 194 190 190 190 194 194 195 194 194
 194 194 193 193 192 191 190 189 189 190 192 192 193 194 192 192 192 192
 192 193 193 194 196 195 195 194 194 194 193 193 194 193 194 193 192 191
 190  28]","[ 29  28 177 176 176 174 174 176 178 179 180 181 181 181 181 181 181 181
 182 183 184 184 184 184 185 186 186 185 185 186 186 186 185 186 187 187
 187 186 186 187 187 187 186 186 187 187 187 187 186 187 187 187 188 188
 187 187 187 187 188 188 187 187 187 187 186 186 185 185 186 186 185 183
 181 182 184 186 187 188 187 187 188 188 188 188 188 188 189 189 190 189
 189 189 188 187 187 187 190 188 188 190 191 192 195 200 209 212 205 186
 175 153 121  83  53  49  46  45  42  36  36  39  43  60 103 136 158 175
 171 165 159 143 130 120 110  98  87  81  80  81  80  79  78  79  81  82
  81  83  85  90  97  99 134 178 187 187 187 193 191 194 192 192 195 194
 193 193 193 192 191 190 190 189 188 189 190 191 192 193 192 192 192 192
 192 192 193 194 195 195 195 194 193 193 192 192 192 192 193 192 191 190
 189  28]","[ 28  30 176 175 175 173 172 177 177 179 179 178 179 180 181 179 181 182
 181 182 183 183 185 182 183 184 182 184 183 186 183 183 185 184 185 184
 185 187 186 186 186 185 186 186 187 187 187 187 184 186 187 187 187 187
 186 186 187 186 187 188 188 187 187 187 187 185 185 186 186 185 184 184
 181 182 183 184 183 183 183 185 184 183 184 186 188 187 186 186 185 187
 189 188 187 186 187 188 187 189 186 187 187 186 191 196 198 201 200 195
 185 176 165 147 114  73  55  55  54  48  50  50  66  99 130 155 163 167
 161 156 144 130 118 106  95  88  81  79  78  79  80  81  81  82  83  84
  82  85  93  92  93 123 167 190 187 188 189 191 191 191 192 193 192 192
 192 191 191 190 189 189 189 189 190 191 192 192 192 192 193 192 191 190
 190 192 193 194 192 192 193 193 194 194 192 191 191 192 192 192 191 191
 186  30]","[ 30  29 175 175 177 176 173 175 173 175 177 180 180 179 179 179 179 181
 181 184 184 181 181 180 182 183 180 182 181 184 182 182 184 183 183 182
 182 183 182 183 186 186 186 186 187 188 188 188 188 188 187 185 185 187
 188 188 188 187 186 185 185 186 186 186 186 184 183 183 186 188 187 185
 182 182 182 182 182 181 180 181 184 184 184 187 188 187 186 186 185 185
 186 187 188 187 186 185 184 188 186 185 183 180 185 189 193 197 201 202
 196 190 180 165 147 103  77  68  61  54  53  70  98 130 152 163 163 165
 156 144 130 116 105  95  87  82  77  76  77  78  79  81  81  82  83  84
  89  95  95  95 115 154 182 190 190 188 186 188 191 192 192 191 190 190
 190 190 190 190 189 189 191 192 192 192 192 192 191 191 191 191 191 190
 190 191 191 191 189 190 191 192 193 192 191 190 191 191 190 191 191 191
 186  29]","[ 30  27 175 172 175 174 172 173 179 176 175 176 175 175 177 180 180 179
 177 179 179 177 181 184 182 182 180 181 180 182 181 182 180 180 181 181
 181 182 182 183 185 186 186 184 184 185 185 184 184 185 187 187 188 187
 185 184 187 188 188 187 188 189 188 187 186 185 183 183 184 186 185 183
 183 183 182 182 182 181 180 179 181 181 182 185 187 187 186 185 186 186
 186 186 187 187 187 186 187 190 187 184 179 173 175 178 189 195 197 197
 196 193 186 171 143 118 100  88  76  69  65  94 115 140 155 160 155 152
 142 128 118 105  95  87  81  80  77  77  76  77  79  81  83  84  85  86
  88  96  92  98 134 173 186 185 187 187 188 189 190 190 190 190 190 190
 190 191 191 192 192 193 194 194 194 194 193 192 191 190 192 193 193 192
 192 192 192 192 190 191 192 192 192 191 190 189 191 191 190 191 192 193
 187  30]","[ 30  28 177 172 173 172 173 174 174 173 174 176 176 175 175 176 178 180
 179 181 180 177 178 177 179 179 178 179 179 181 182 184 182 183 183 183
 182 179 179 178 181 183 183 183 183 186 187 186 184 185 186 185 185 185
 185 185 183 184 185 184 185 187 187 185 182 181 181 182 181 181 181 183
 181 181 180 179 179 179 178 178 180 181 182 185 186 187 186 186 185 185
 185 184 183 183 185 187 184 183 181 182 176 163 165 174 174 187 194 195
 194 188 170 146 127 121 112  98  90  92  99 123 131 144 154 158 150 138
 128 119 107  95  87  81  77  76  76  77  76  78  80  82  84  86  87  89
  94  94  94 116 157 183 187 185 184 187 189 189 187 187 187 188 188 188
 189 190 191 192 192 192 192 192 192 192 190 190 189 190 191 191 191 190
 189 190 191 191 189 190 190 190 188 187 186 187 188 189 189 190 191 192
 186  28]","[ 29  28 172 170 172 171 172 171 174 175 175 175 176 177 176 175 176 178
 177 177 178 180 182 179 181 180 180 180 180 179 180 182 179 182 181 184
 183 180 181 178 181 182 182 180 180 181 181 180 180 182 184 183 182 182
 182 183 184 184 183 182 181 182 183 184 185 181 180 182 182 179 178 180
 181 181 181 179 179 179 180 180 179 180 182 183 184 184 183 183 184 183
 182 182 181 182 183 183 185 181 181 186 171 146 145 161 171 181 185 186
 185 174 153 131 123 120 114 104 103 111 127 132 135 138 142 144 134 120
 112 105  96  87  82  77  74  75  75  78  78  80  82  83  85  86  89  90
  96  91 103 139 174 188 187 184 186 186 186 185 185 186 187 187 187 188
 189 190 191 192 192 192 192 192 192 190 190 189 190 191 190 190 190 189
 189 189 189 189 190 190 190 189 187 186 187 188 187 188 190 192 192 192
 186  29]","[ 30  30 163 167 174 177 177 174 166 167 167 165 165 169 171 171 177 178
 174 172 174 180 186 184 182 181 183 183 184 182 184 186 185 188 186 188
 187 184 185 182 184 184 183 183 183 182 181 180 180 183 187 187 186 185
 183 183 180 182 185 187 187 186 186 187 182 177 175 180 183 183 182 182
 181 182 182 181 181 182 182 181 180 183 186 186 186 186 187 187 186 184
 182 183 186 187 184 182 181 180 182 186 164 132 130 148 160 168 176 183
 178 155 131 115 115 114 114 111 112 117 132 128 131 130 130 124 115 105
 102  93  86  80  79  77  75  76  77  80  81  83  84  86  86  88  91  93
  91  96 122 157 179 186 186 183 183 186 188 188 187 187 187 187 187 187
 188 189 190 190 191 191 192 191 190 189 188 188 189 190 188 189 189 189
 189 189 188 186 188 189 189 188 187 187 188 189 186 188 190 191 191 191
 186  30]","[ 30  28 142 140 140 138 136 132 128 132 136 138 138 139 141 143 144 147
 145 145 144 144 144 140 142 142 146 147 152 150 154 155 154 158 156 161
 164 165 171 170 168 166 168 171 174 173 173 173 173 173 173 171 171 173
 174 175 174 174 175 175 170 162 157 157 160 158 158 161 166 170 172 173
 172 173 175 175 177 178 176 172 168 172 176 176 174 174 175 176 179 178
 177 178 180 181 180 178 183 181 180 178 157 127 123 135 151 159 162 161
 150 129 115 109 113 114 114 113 113 121 133 131 125 121 117 106  96  88
  87  76  76  73  76  76  75  76  76  79  82  84  86  88  89  91  94  96
  97 116 146 170 181 186 188 187 180 184 187 187 186 187 188 188 185 185
 185 185 186 187 188 189 190 189 188 187 187 187 188 189 187 186 185 185
 187 188 188 187 187 187 188 187 186 185 186 186 185 186 186 187 188 188
 185  27]","[ 28  29 133 129 127 127 130 130 128 129 129 128 125 123 127 133 133 135
 134 135 134 132 133 131 132 130 132 132 135 130 131 130 134 135 129 131
 132 130 136 134 134 132 132 137 140 138 136 137 138 138 138 138 139 140
 139 138 135 134 136 138 136 133 134 139 141 144 144 139 137 139 143 144
 137 139 141 144 147 149 144 138 137 141 143 142 139 137 137 137 139 140
 140 139 138 139 141 144 142 142 140 143 136 122 122 130 137 151 154 145
 130 114 106 102 111 115 115 112 114 129 129 126 119 113 109  99  91  82
  82  72  74  73  77  79  77  77  77  80  80  82  86  88  90  92  95  98
 107 129 154 169 179 184 184 183 184 182 178 177 181 187 190 188 188 187
 187 187 188 190 191 193 194 193 192 192 193 194 194 194 192 190 187 186
 189 192 194 194 193 193 193 192 191 189 188 188 190 189 188 189 190 192
 187  31]","[ 29  28 133 133 132 131 131 130 130 131 132 134 133 132 132 134 135 136
 136 137 137 137 136 136 137 137 136 136 136 136 136 136 136 136 137 138
 135 134 134 134 136 137 138 138 138 138 137 137 138 138 138 138 138 138
 138 138 136 136 137 139 140 140 139 139 140 141 141 139 138 138 139 139
 137 139 142 144 144 143 141 140 137 138 140 140 140 139 138 138 139 138
 137 136 137 137 138 138 138 137 137 138 133 122 119 125 127 134 136 128
 126 120 104 100 109 121 114 113 121 125 127 120 115 109 100  90  83  80
  77  73  74  75  76  76  76  77  79  81  81  86  88  86  90  94  94  97
 112 127 140 143 141 143 145 146 146 142 139 139 142 145 147 147 151 150
 149 150 152 154 153 152 153 153 155 158 161 163 162 162 158 159 157 157
 163 172 176 174 175 174 175 177 174 168 167 170 172 170 177 178 176 183
 178  31]","[ 30  28 133 133 133 132 132 132 131 132 133 135 135 134 134 135 134 134
 135 135 136 136 136 137 136 136 136 136 136 136 136 137 137 136 138 139
 137 136 137 136 137 137 138 139 139 138 138 138 139 138 138 137 137 138
 138 138 137 137 138 139 140 139 139 139 139 141 141 140 139 139 140 139
 138 139 140 141 142 141 139 138 139 140 141 141 140 140 139 139 140 139
 138 138 138 139 139 140 138 138 138 137 133 124 118 118 122 131 134 127
 124 118 107 106 109 121 117 115 120 121 120 112 105 100  93  86  79  77
  77  75  74  75  76  76  76  78  80  81  85  86  89  89  89  93  97 108
 120 130 139 141 141 142 143 143 144 143 143 143 144 144 144 143 145 145
 144 145 145 145 145 145 143 143 144 145 146 146 145 145 147 145 144 144
 143 141 140 140 144 141 140 140 139 139 141 144 144 139 139 138 138 142
 146  23]","[ 30  28 132 133 133 133 133 132 131 131 132 134 135 135 135 135 134 134
 135 135 136 137 138 138 136 136 136 136 136 135 136 137 137 136 137 138
 136 136 137 137 138 138 138 138 138 138 138 138 138 138 137 137 137 137
 138 139 138 138 139 139 139 139 139 139 139 140 140 140 140 140 140 139
 140 140 139 140 140 140 139 138 139 139 140 140 139 139 138 138 139 139
 138 138 139 139 139 139 137 139 139 137 134 128 119 114 117 131 136 126
 121 117 105 101 104 117 117 115 118 117 114 105  99  93  87  82  76  74
  75  75  74  75  75  76  78  80  83  84  87  86  89  92  87  94 104 120
 131 135 139 141 142 143 142 141 140 142 144 145 145 145 144 144 145 146
 146 146 145 145 145 146 147 147 147 147 147 148 148 148 148 147 147 148
 145 142 142 145 149 147 145 146 146 147 147 147 145 145 145 146 149 144
 145  33]","[ 30  28 132 132 132 132 132 131 131 131 130 132 133 134 135 135 135 135
 136 136 137 137 138 138 135 136 136 136 136 135 135 136 137 135 136 137
 135 135 136 136 137 137 137 137 138 138 138 138 138 138 137 137 137 137
 138 138 138 138 139 139 139 138 138 139 139 139 139 139 139 140 139 138
 140 140 139 139 139 139 139 140 137 138 138 138 138 138 138 138 138 138
 138 138 139 139 139 139 137 139 138 137 137 133 125 120 130 143 140 123
 116 115 103  93 100 112 115 114 115 114 110 102  96  90  84  80  75  74
  75  76  75  75  75  77  80  84  87  88  89  88  89  92  88 102 116 130
 137 137 138 141 143 143 142 141 140 141 142 144 144 145 145 146 145 146
 147 147 146 145 146 147 145 145 145 145 145 146 147 147 144 147 146 140
 138 142 146 146 146 147 147 147 148 148 145 143 145 147 145 144 148 145
 144  29]","[ 30  28 132 132 132 132 132 131 133 132 131 131 132 134 135 135 135 136
 136 136 136 136 136 135 134 135 136 137 136 135 135 136 137 135 136 136
 135 135 137 137 138 137 137 137 137 138 138 138 137 137 137 137 137 137
 137 138 138 138 138 138 138 138 138 140 139 138 137 138 138 138 138 138
 137 138 139 138 137 137 138 139 138 138 138 138 138 138 138 138 139 138
 138 139 139 140 139 139 138 138 137 137 138 136 132 131 145 146 129 107
 103 104  99  92 100 109 112 111 111 110 106 100  95  88  82  79  76  75
  76  77  76  75  76  78  82  86  88  90  90  89  90  89  93 114 129 137
 139 138 139 141 142 143 142 142 143 143 143 143 143 144 144 144 143 144
 145 145 145 146 146 146 146 147 147 146 146 146 146 146 145 149 146 138
 136 143 147 145 146 147 147 146 147 148 148 147 148 146 145 144 147 147
 149  29]","[ 29  28 133 134 133 132 132 132 133 133 133 132 132 133 135 135 135 136
 136 136 136 135 134 134 134 134 136 137 136 136 136 136 136 135 135 136
 135 136 137 137 138 138 137 137 137 138 138 138 137 137 137 137 138 138
 137 137 138 137 138 138 138 138 138 139 140 138 137 138 138 138 138 138
 137 138 139 139 138 137 137 138 139 139 138 138 138 138 138 138 139 139
 139 139 139 139 139 139 139 138 137 138 139 137 136 138 142 131 106  91
  93  95  95  94  96  99 102 104 104 105 103 100  97  90  84  81  78  77
  78  76  77  77  77  79  82  85  87  88  88  88  88  87 100 124 137 139
 140 140 141 142 143 143 143 143 143 143 143 144 144 144 143 142 144 145
 145 146 147 147 147 146 146 146 146 147 147 147 146 146 145 146 146 144
 144 146 147 147 145 146 146 145 145 146 146 146 145 142 145 148 147 144
 147  28]","[ 29  29 135 135 134 132 132 132 132 134 135 133 132 133 135 135 136 136
 136 136 136 135 135 135 134 134 135 136 136 136 136 137 136 134 135 136
 135 135 136 136 137 137 137 137 137 137 138 138 137 137 137 137 137 137
 138 138 138 137 137 138 138 138 138 138 139 138 137 138 139 138 138 138
 138 138 139 139 140 139 139 139 140 139 139 139 139 139 138 137 139 139
 138 138 138 138 138 138 138 139 138 138 139 137 136 138 135 123  97  87
  92  95  94  92  87  85  89  94  98 100 100 100  98  94  88  83  79  79
  80  78  79  79  79  80  81  83  85  85  86  85  90  93 115 131 139 139
 140 142 143 143 143 144 144 144 142 143 144 145 145 145 144 143 143 144
 144 145 146 146 146 145 146 146 146 146 147 148 148 147 147 146 147 147
 147 145 145 145 146 147 147 148 148 147 145 145 148 146 147 146 146 143
 147  31]","[ 29  29 135 135 133 131 131 131 132 135 136 135 133 134 135 136 135 135
 135 135 135 135 135 135 136 135 135 135 135 135 136 137 137 135 136 137
 135 135 136 135 136 136 136 137 137 137 137 137 137 137 137 137 137 137
 138 138 139 138 138 138 139 138 137 137 137 137 137 139 139 138 137 138
 138 138 138 139 141 142 141 140 140 140 139 140 140 140 139 138 139 139
 138 138 138 138 138 137 137 139 138 137 138 137 135 136 135 125  99  84
  89  93  91  83  81  77  81  89  94  98  99 100  96  93  89  84  80  81
  83  81  80  80  80  81  82  83  84  84  85  85  95 103 130 138 141 140
 140 142 143 142 143 144 145 144 144 145 145 145 144 144 143 143 142 143
 145 146 146 146 146 146 148 147 146 146 147 147 146 145 147 148 147 146
 145 145 146 147 147 145 145 146 146 146 146 146 144 147 146 144 148 147
 146  28]","[ 29  29 136 135 130 130 132 131 131 133 135 134 133 133 135 136 132 132
 133 132 131 132 135 137 136 135 134 134 134 134 134 135 136 135 134 135
 136 137 136 135 135 136 136 136 136 137 137 136 136 136 137 137 137 137
 138 139 139 138 137 137 138 138 138 138 137 138 138 139 139 138 138 138
 138 138 139 141 142 141 140 139 139 139 139 139 139 139 139 138 138 138
 138 138 138 138 138 137 137 138 137 136 136 136 135 134 133 122  92  84
  87  88  81  79  78  79  81  86  92  97  96  94  90  88  85  83  81  79
  80  82  81  81  81  82  82  81  82  83  84  86  94 111 137 140 138 141
 140 140 140 141 142 143 143 143 143 143 144 144 145 145 144 144 143 144
 146 146 145 145 145 146 145 145 146 146 146 146 146 146 146 146 146 145
 145 146 146 146 146 146 146 147 147 147 146 146 147 147 145 147 146 145
 145  28]","[ 29  29 135 134 130 130 132 131 131 132 133 133 132 131 132 132 131 131
 132 131 131 132 134 136 135 134 134 134 134 134 134 134 134 133 132 133
 135 135 134 133 135 135 136 135 135 136 136 136 136 136 136 136 136 136
 137 138 138 137 137 137 138 137 137 138 137 138 138 137 137 137 138 139
 138 137 138 140 141 141 139 139 139 138 138 139 139 139 138 137 138 138
 138 138 138 138 138 138 138 138 137 136 135 134 133 132 125 113  88  83
  84  81  76  76  76  79  84  90  95  97  95  92  88  85  82  81  79  77
  77  79  81  81  81  82  81  81  83  84  85  86 104 124 138 139 139 140
 139 139 140 142 143 143 143 142 142 143 143 144 145 145 145 145 143 144
 145 145 144 144 144 145 145 146 146 146 146 146 146 146 146 146 146 146
 146 146 146 146 145 145 145 146 146 146 146 146 146 146 145 147 146 146
 145  29]","[ 29  29 134 133 130 131 132 131 131 132 133 132 132 131 131 130 130 131
 131 131 131 131 133 135 134 133 133 134 134 134 133 133 133 133 132 134
 135 135 135 133 134 135 135 134 133 133 134 134 136 135 135 135 134 135
 136 137 136 136 137 137 137 136 136 137 137 137 137 136 136 136 138 139
 137 137 137 139 141 140 139 138 138 138 138 138 138 138 137 137 137 137
 138 138 138 138 138 138 138 137 137 136 135 134 132 131 119 106  88  85
  82  79  76  75  77  81  87  93  96  97  94  91  88  84  81  80  79  77
  77  77  80  81  81  81  81  81  82  84  86  85 112 134 138 137 140 139
 138 138 140 141 142 142 142 141 141 142 142 143 144 144 144 144 143 144
 144 144 144 144 144 145 145 146 146 146 145 145 146 146 145 145 145 146
 146 146 145 145 145 145 145 145 145 145 145 146 144 144 144 146 146 146
 146  29]","[ 29  29 133 132 131 131 132 130 131 132 133 132 132 132 131 130 131 132
 132 131 130 130 131 133 133 132 132 133 133 133 132 132 133 133 132 133
 134 135 134 133 134 135 135 133 131 131 132 132 135 135 134 134 133 134
 136 137 135 136 137 137 136 135 135 136 137 137 136 135 135 136 137 139
 137 136 137 139 140 140 138 138 138 137 137 137 138 138 137 137 137 137
 137 138 138 138 137 137 136 135 135 135 136 135 133 132 118 103  90  85
  80  77  76  73  78  83  88  92  93  93  92  91  88  84  81  80  80  79
  79  79  80  80  81  81  80  80  81  82  86  87 117 136 138 138 140 137
 139 139 139 139 140 141 141 142 142 142 143 143 142 142 142 142 143 143
 144 144 144 144 144 144 145 145 145 144 144 144 145 145 143 144 144 144
 145 145 144 144 146 145 145 144 144 144 144 144 143 143 143 146 145 145
 145  29]","[ 29  29 133 131 131 131 130 129 131 132 131 131 131 131 131 130 131 132
 132 131 130 130 131 132 133 132 131 131 132 132 132 132 132 131 131 131
 132 132 132 132 133 134 134 133 132 132 132 132 135 135 134 133 133 133
 134 135 134 135 136 137 136 135 135 136 136 136 136 136 136 136 137 138
 137 136 137 138 139 139 138 138 137 137 137 137 137 138 137 137 137 137
 138 138 138 138 137 137 134 133 133 134 135 134 134 133 117  96  84  80
  76  70  70  70  78  82  86  89  89  90  90  90  86  82  79  80  81  80
  79  79  79  80  81  81  81  80  80  81  84  93 123 135 137 138 139 138
 139 139 139 139 140 140 141 142 142 143 143 143 142 142 142 142 141 142
 143 144 143 143 143 143 144 144 144 143 144 144 144 144 143 143 143 143
 143 144 144 144 145 145 144 143 143 143 143 143 143 144 144 146 145 145
 145  29]","[ 29  29 132 130 131 130 129 129 131 131 131 130 130 130 130 129 131 131
 131 130 130 130 131 131 132 131 131 131 131 130 131 132 132 131 130 130
 130 131 132 132 132 133 133 133 132 133 133 134 135 135 134 133 132 132
 132 133 132 133 134 134 133 132 133 134 134 135 136 136 136 136 136 137
 136 136 136 138 138 138 137 137 136 136 136 136 137 137 137 137 137 137
 137 138 138 138 137 137 134 132 132 133 134 133 133 133 116  88  75  74
  73  65  65  72  76  80  85  87  88  88  88  88  84  80  78  78  80  80
  79  79  79  79  79  80  80  80  80  81  79  95 129 137 137 137 136 138
 137 138 139 139 139 139 139 139 140 141 141 141 141 140 141 142 142 142
 143 143 143 143 143 143 144 143 142 143 144 144 144 143 142 142 143 143
 143 143 144 144 143 143 143 143 143 143 144 144 144 144 144 146 145 145
 145  29]","[ 29  29 131 128 129 128 128 129 130 131 131 130 130 130 130 129 130 130
 130 129 129 129 130 131 129 129 130 130 129 128 129 130 131 130 129 130
 130 131 132 132 131 132 132 131 131 132 133 133 133 133 133 132 131 131
 131 132 131 131 132 132 132 131 131 132 132 133 135 136 136 136 136 136
 135 135 136 137 137 136 136 137 137 136 136 136 136 136 136 136 134 135
 135 136 136 137 137 137 135 133 132 133 133 132 133 134 122  94  79  73
  73  67  68  75  75  79  83  85  85  86  86  85  82  79  77  78  80  79
  78  78  78  77  77  77  78  79  79  80  77  92 128 137 135 136 135 136
 136 137 138 138 138 137 137 137 138 139 139 139 139 139 140 141 142 142
 142 142 142 143 143 143 142 141 141 141 143 144 143 142 141 142 142 143
 143 143 143 143 142 142 142 143 143 143 144 144 143 144 144 146 144 144
 145  29]","[ 29  30 130 126 127 127 127 129 128 129 130 130 130 130 130 130 130 130
 129 128 128 128 128 129 127 128 129 129 128 126 126 128 127 127 127 128
 129 129 130 130 132 131 130 129 129 130 131 131 131 131 131 131 130 131
 131 132 132 132 132 132 132 131 132 132 131 132 134 135 135 135 135 135
 134 134 135 136 136 135 136 137 137 136 136 136 136 136 135 135 132 132
 133 134 135 136 136 136 137 135 134 134 134 133 133 135 132 109  91  75
  74  71  70  73  76  78  80  81  82  82  82  82  82  79  77  78  79  79
  78  77  78  76  74  75  76  76  77  78  80  87 124 137 135 137 137 135
 137 137 137 136 136 136 137 138 137 138 139 139 138 138 139 141 142 141
 141 140 141 142 143 143 141 140 139 140 142 143 142 140 140 140 141 142
 143 143 142 142 142 142 143 143 143 143 143 143 142 143 143 144 143 143
 144  28]","[ 30  30 127 127 128 128 126 126 128 129 128 127 127 129 129 128 129 127
 126 125 126 127 128 128 128 127 125 125 126 126 125 124 124 125 127 128
 129 129 128 127 129 130 129 129 128 128 129 130 132 132 131 130 130 130
 130 131 130 130 129 129 130 131 132 131 130 130 131 131 132 132 133 133
 133 133 135 136 136 134 134 135 135 135 134 134 134 133 133 133 132 131
 131 133 133 133 133 135 133 132 133 135 137 137 134 132 128 116 101  88
  77  70  71  77  80  80  81  82  83  83  82  81  81  79  77  76  76  77
  77  77  76  74  73  74  75  75  76  79  82  93 122 130 136 139 136 135
 135 135 135 135 135 136 136 137 137 138 138 138 138 139 138 138 140 140
 140 140 139 139 139 139 140 140 140 140 140 140 140 139 139 139 140 142
 143 143 143 142 142 142 142 142 143 143 143 142 143 143 142 143 142 142
 141  29]","[ 29  29 125 126 126 126 125 125 124 125 126 126 126 127 126 125 125 125
 125 124 125 126 128 129 128 127 126 125 125 126 126 125 125 126 127 128
 129 129 128 127 128 128 128 129 129 129 130 130 130 131 131 130 130 129
 130 130 130 130 130 130 131 132 132 131 130 130 130 130 131 132 133 133
 133 133 135 136 135 134 133 133 132 132 132 132 132 131 131 130 131 131
 131 132 133 132 132 133 132 132 132 133 134 134 133 131 129 120 107  95
  85  77  75  78  78  80  82  84  83  82  81  80  80  78  76  75  76  77
  77  76  76  75  75  75  75  75  76  77  81  95 122 132 136 138 136 136
 135 135 135 135 136 136 136 137 137 138 138 137 137 138 138 138 139 139
 139 139 138 138 139 140 140 139 139 139 139 139 140 140 141 140 140 141
 142 143 143 142 142 142 142 142 143 143 142 142 142 141 141 142 142 142
 141  29]","[ 29  29 125 125 125 125 125 126 124 124 125 125 125 125 125 124 123 124
 124 125 125 125 127 128 128 127 126 125 125 125 126 126 127 127 127 128
 128 129 128 128 126 126 127 128 129 129 129 129 129 129 130 130 130 130
 130 130 130 130 130 130 131 131 131 130 131 131 130 129 130 131 132 132
 132 133 134 135 134 132 131 131 130 130 131 131 131 131 130 130 131 130
 130 131 132 132 131 131 132 132 131 132 132 132 132 131 129 123 114 104
  94  86  81  80  80  82  84  85  83  81  81  81  79  77  74  74  76  77
  76  75  75  75  76  76  76  77  77  76  79  99 120 133 135 137 136 136
 135 136 136 136 136 136 136 136 137 137 138 137 137 138 139 138 139 139
 138 138 138 138 139 140 140 139 139 138 139 140 141 142 143 141 140 140
 142 143 143 142 141 142 142 142 142 141 142 142 141 140 140 142 142 142
 141  28]","[ 29  29 125 124 124 124 124 125 125 125 124 123 122 123 124 124 124 124
 124 124 124 124 125 125 125 125 125 125 124 124 125 126 127 126 126 126
 127 127 128 127 126 126 126 126 127 127 127 127 127 128 130 130 130 130
 130 130 130 130 130 130 130 131 130 130 131 131 129 129 129 129 130 130
 131 131 132 133 132 131 130 130 130 130 131 131 131 131 131 131 131 130
 130 130 131 131 131 130 132 132 132 132 131 131 131 132 129 126 119 111
 102  94  89  86  86  86  86  84  82  81  80  81  79  77  74  73  74  75
  75  75  73  75  76  75  76  78  79  78  79  99 116 131 133 135 134 135
 136 136 136 136 136 136 136 136 135 136 137 137 137 138 139 139 138 138
 138 138 138 138 139 140 140 139 138 138 139 140 141 142 143 141 140 139
 140 142 142 142 141 141 141 141 140 140 140 141 141 140 140 141 141 141
 140  28]","[ 28  28 124 123 123 123 122 123 124 123 121 121 121 121 122 123 123 123
 123 123 123 123 122 121 123 123 124 124 123 123 123 124 124 124 124 124
 125 125 126 125 126 126 125 125 125 126 126 126 126 127 128 129 129 129
 129 129 129 130 130 130 130 130 130 129 130 129 129 128 129 129 129 129
 130 130 131 131 131 130 130 130 130 130 130 130 130 131 132 132 132 131
 130 130 131 131 131 130 131 132 132 132 131 131 131 132 132 129 124 117
 108 100  95  92  91  90  87  85  84  83  81  80  79  78  76  74  72  73
  74  76  73  75  76  75  77  79  80  80  79  95 110 128 130 132 132 133
 135 134 134 134 134 135 136 136 135 136 137 137 137 137 137 137 137 138
 139 139 139 139 139 139 138 138 138 138 138 139 140 141 141 140 140 139
 139 139 140 140 140 140 140 140 139 139 139 140 142 141 140 140 140 140
 140  29]","[ 29  28 123 122 122 122 120 121 121 120 121 122 122 121 121 122 122 122
 122 122 122 122 121 121 121 122 123 123 123 122 122 122 122 122 122 123
 124 125 125 125 126 125 125 124 124 125 125 125 124 125 126 127 127 127
 128 129 129 129 130 129 129 130 130 130 128 128 128 129 130 130 130 129
 130 129 130 130 130 129 130 131 130 130 130 130 130 131 131 132 132 132
 131 130 130 131 131 131 130 131 132 132 131 130 131 131 133 130 127 121
 112 103  97  95  93  91  88  87  87  85  83  80  80  79  77  75  73  73
  74  76  75  76  76  76  77  79  81  81  81  89 108 125 129 132 132 132
 132 132 132 132 133 134 135 135 136 138 138 137 137 137 137 137 137 138
 139 139 139 139 139 139 138 138 138 138 139 139 140 140 140 140 140 139
 139 138 139 140 139 139 139 138 138 138 139 139 142 141 140 140 139 139
 139  29]","[ 30  28 121 120 120 121 119 119 119 119 120 121 122 121 121 121 119 121
 122 122 121 121 122 122 122 122 122 122 122 121 121 121 121 121 122 124
 125 126 125 125 124 124 124 124 124 124 124 124 124 124 125 125 125 126
 127 128 127 128 128 128 128 128 129 129 129 128 128 129 130 131 130 129
 130 130 130 130 130 129 129 130 131 130 130 130 130 130 131 131 131 131
 131 130 130 131 131 130 130 130 131 131 131 130 131 131 131 130 129 126
 117 105  97  95  94  91  89  88  87  86  84  82  80  80  78  77  75  75
  76  77  76  76  76  77  78  79  81  82  83  83 107 124 129 131 132 132
 132 132 132 132 132 133 134 134 136 137 137 136 135 136 137 138 137 137
 138 138 138 138 138 139 139 139 139 139 139 139 139 140 140 140 140 139
 139 139 139 140 139 138 138 138 138 139 139 139 141 140 140 139 138 138
 139  29]","[ 30  27 119 118 118 119 117 118 118 117 117 118 118 118 118 120 117 119
 121 121 120 119 121 123 122 122 122 122 122 121 121 121 119 120 122 124
 126 126 125 125 123 124 124 124 123 122 122 122 124 124 124 124 125 126
 128 129 126 127 127 126 126 127 128 128 130 129 129 129 130 130 129 128
 130 130 130 131 130 129 129 130 130 130 130 130 130 130 130 130 130 131
 131 130 129 130 130 129 130 131 131 131 131 131 131 132 130 130 131 130
 121 107  98  96  95  92  89  87  86  86  85  84  81  80  79  78  77  77
  77  77  77  75  76  78  79  79  81  83  83  78 107 124 128 129 131 131
 133 133 133 133 133 133 133 133 134 135 135 133 133 134 136 138 137 137
 137 137 137 137 138 139 140 139 138 138 138 138 138 139 140 139 137 137
 137 138 138 138 139 138 137 137 138 139 139 139 139 139 139 139 138 138
 138  28]","[ 30  30 115 117 118 120 118 117 117 118 118 117 117 118 119 119 120 119
 119 119 119 120 122 123 123 123 123 122 121 121 121 121 122 121 122 122
 122 124 126 124 122 122 123 124 124 123 122 121 122 124 124 123 123 124
 126 126 126 126 126 127 127 126 127 129 130 129 128 128 128 128 128 127
 130 130 130 130 129 129 129 130 130 129 129 129 129 130 130 131 128 128
 129 130 130 128 128 129 130 131 131 131 131 131 131 130 130 131 131 131
 125 113 103 101  94  92  90  88  88  87  86  87  85  81  79  80  80  81
  79  76  76  76  74  75  79  81  80  81  80  83 101 123 126 131 130 131
 131 131 132 132 132 132 133 135 134 135 135 134 133 133 135 138 136 136
 136 136 137 138 138 137 138 137 137 138 138 138 139 140 138 138 138 138
 138 138 138 138 138 138 138 138 137 137 138 139 137 138 138 137 137 137
 137  29]","[ 29  29 114 116 117 118 118 117 116 116 116 115 115 116 117 118 117 117
 118 118 118 119 120 122 123 122 121 121 121 121 121 121 120 121 123 122
 121 122 123 122 122 123 123 124 124 123 122 122 122 123 124 123 122 122
 123 124 123 124 126 128 128 127 126 127 126 126 126 126 127 128 128 128
 129 129 130 130 130 129 128 128 128 129 129 130 130 129 129 129 128 129
 129 130 129 128 128 129 131 130 129 128 129 130 131 131 130 131 132 132
 126 114 104 102  98  95  91  89  89  88  87  86  86  82  80  81  81  80
  79  76  76  76  74  74  77  79  79  80  80  81  99 119 125 129 128 130
 132 133 133 134 133 133 134 135 134 134 134 134 133 134 135 136 137 136
 136 136 137 138 138 138 138 137 137 138 138 138 138 139 138 138 138 138
 138 138 137 137 137 137 138 138 138 138 139 139 138 139 138 138 138 137
 138  29]","[ 29  29 114 115 115 116 116 116 115 115 114 114 114 114 116 117 116 117
 117 117 117 117 119 120 121 120 119 118 118 119 119 118 117 119 122 122
 120 120 122 122 122 123 123 123 123 123 123 123 121 123 124 123 122 122
 122 123 123 123 125 127 127 126 125 126 124 124 124 125 127 128 129 129
 128 129 131 131 130 128 127 126 126 127 129 130 129 128 128 128 129 129
 130 130 129 128 128 129 130 130 128 128 128 130 131 130 128 129 131 131
 126 114 104 103 100  96  92  90  91  91  90  89  86  83  81  81  81  81
  80  78  76  76  74  73  75  77  77  79  80  78  98 114 125 130 128 130
 132 132 133 133 132 132 132 134 135 135 135 135 135 135 135 135 138 137
 136 136 137 138 139 138 138 137 137 138 138 138 138 139 138 138 138 138
 138 137 137 136 136 137 138 138 138 138 138 138 138 139 138 138 138 137
 137  29]","[ 29  29 114 115 113 114 114 114 115 114 114 114 113 114 115 117 117 117
 118 117 116 117 118 119 119 118 117 117 117 118 117 117 115 116 119 120
 119 120 122 123 122 122 122 122 122 122 122 123 122 123 124 124 123 122
 123 124 125 124 123 124 124 123 123 125 125 124 124 124 125 127 128 128
 128 129 130 130 128 127 125 124 125 126 128 128 128 128 128 128 130 130
 129 129 129 128 128 129 128 129 129 129 129 129 129 128 127 128 130 131
 127 115 105 103 102  97  92  91  93  93  92  91  86  82  81  81  81  82
  82  81  78  78  75  73  75  76  76  79  79  75  96 110 126 131 129 132
 131 131 131 131 130 130 131 133 134 135 135 135 135 135 135 135 137 137
 136 136 137 138 137 137 138 137 136 137 137 138 138 138 139 138 138 137
 137 137 137 137 137 137 138 138 138 138 137 137 137 138 138 138 137 136
 137  29]","[ 30  29 114 113 112 112 113 114 114 114 114 114 114 113 115 116 117 117
 117 116 116 116 118 119 118 117 117 118 119 119 118 117 115 115 117 118
 118 119 121 121 122 122 122 122 121 121 122 123 123 123 123 123 123 123
 124 125 125 124 123 123 122 121 122 124 125 124 123 122 123 125 127 127
 127 128 128 127 126 125 125 125 125 126 126 126 127 127 129 130 130 129
 127 127 128 128 128 127 126 127 128 128 127 127 126 125 128 129 130 132
 129 117 107 105 104  99  94  92  93  93  91  90  86  82  81  81  81  82
  83  83  81  80  77  74  75  76  77  79  78  75  92 107 125 130 129 131
 131 131 130 130 130 130 131 133 132 133 134 134 134 134 134 134 135 135
 135 136 136 137 136 136 138 136 135 135 136 137 137 138 138 137 137 136
 136 137 137 138 137 137 138 138 138 138 137 136 137 137 137 138 137 136
 136  29]","[ 30  28 113 112 111 112 113 114 113 113 114 114 114 112 113 116 116 116
 115 115 115 116 117 119 117 117 117 118 119 119 118 117 118 115 116 117
 117 118 119 118 121 122 122 121 121 121 122 122 123 122 122 122 122 122
 123 124 123 123 123 124 123 121 122 123 125 123 122 122 124 126 127 128
 126 126 126 125 125 125 126 127 125 125 125 125 126 127 129 129 128 127
 126 125 126 127 126 124 126 126 126 125 124 124 125 126 129 128 129 132
 130 120 110 107 104 100  95  93  93  93  92  91  87  83  81  81  80  81
  83  82  82  80  76  73  74  75  75  77  79  77  89 106 124 129 128 130
 131 130 130 130 130 130 131 133 130 131 133 133 133 133 133 134 133 134
 135 135 135 135 136 136 137 135 134 134 135 136 136 137 137 136 135 135
 135 136 137 137 136 137 137 137 138 138 137 136 136 137 137 138 137 135
 136  30]","[ 30  28 112 111 110 111 112 113 111 111 113 114 113 111 112 115 115 114
 114 114 114 115 116 117 115 115 116 116 117 117 117 116 117 115 116 117
 117 116 117 116 120 120 121 120 119 119 120 121 121 120 119 121 122 122
 122 122 121 122 124 125 124 122 122 124 125 124 123 124 125 126 127 128
 125 125 125 125 125 125 126 127 126 125 125 125 127 127 128 127 126 127
 126 125 126 126 126 124 125 126 126 123 122 123 125 127 129 128 128 132
 131 122 112 109 105 101  98  96  95  95  94  94  89  84  82  81  80  81
  82  82  81  79  75  72  73  74  74  75  79  79  84 105 121 126 128 130
 130 129 129 129 130 130 130 130 129 130 131 132 133 133 133 134 133 134
 135 135 134 134 135 136 135 134 133 134 135 135 135 135 136 136 136 136
 136 136 136 136 136 136 136 136 137 137 136 136 135 135 136 137 137 134
 135  29]","[ 29  28 111 111 110 111 112 112 110 111 112 114 113 111 112 114 115 114
 113 114 114 115 115 115 114 115 115 115 115 116 116 116 115 113 115 117
 116 116 117 117 118 119 119 119 118 117 118 119 119 118 118 120 123 122
 122 122 122 123 124 125 123 121 123 125 125 125 124 124 125 125 125 125
 125 125 125 125 125 125 126 126 125 125 125 126 127 128 126 125 125 127
 128 126 125 126 126 125 124 126 126 125 123 123 126 128 130 128 129 133
 133 125 115 112 108 105 101  99  97  96  95  95  90  85  82  81  80  81
  82  82  82  80  75  73  74  74  74  75  77  79  79 102 118 124 128 129
 130 129 129 130 131 130 129 128 129 128 129 130 132 133 133 132 134 136
 137 136 134 133 134 135 134 133 133 134 135 135 134 133 136 136 137 137
 137 136 136 136 137 136 136 136 136 136 135 135 133 134 134 136 135 133
 134  28]","[ 28  29 111 111 111 110 110 109 110 112 113 113 111 110 112 114 115 114
 114 114 114 114 114 113 115 114 114 114 114 114 115 117 116 116 115 115
 115 116 117 118 118 119 119 118 116 116 118 119 119 118 117 119 122 123
 123 122 122 122 123 123 122 123 123 124 124 124 124 124 124 124 124 125
 125 124 123 124 125 125 125 124 123 124 124 125 126 126 125 125 126 128
 128 125 124 124 126 127 125 124 124 124 124 125 126 128 130 129 131 136
 136 126 116 113 110 109 105 101  98  96  96  96  88  87  84  79  79  82
  83  82  80  78  77  75  72  73  74  74  76  82  87  97 115 127 129 129
 128 129 130 130 130 130 130 130 129 129 130 130 131 132 133 133 134 135
 135 134 132 132 132 133 132 132 133 135 136 135 134 132 135 136 137 137
 136 135 134 135 135 135 135 134 133 133 134 134 133 133 133 133 135 135
 134  30]","[ 29  29 109 110 111 110 110 109 109 111 112 112 111 110 112 114 113 113
 113 113 114 114 114 114 114 114 113 113 113 113 115 116 116 116 117 117
 117 117 116 116 116 118 118 117 116 117 118 119 119 118 117 119 121 122
 122 122 122 122 122 122 122 122 122 122 123 123 124 124 124 124 125 125
 126 124 123 124 125 125 124 123 122 122 123 124 125 126 125 125 125 127
 127 125 123 124 125 126 125 124 124 124 124 124 126 128 127 125 127 135
 138 129 119 117 114 111 106 102  98  97  97  98  92  89  85  83  82  82
  82  82  81  78  76  74  72  73  74  73  75  79  84  96 114 124 128 131
 129 130 130 130 130 130 130 130 127 128 128 128 129 131 132 133 134 134
 134 133 131 131 131 131 131 131 132 133 135 135 134 133 133 134 136 136
 135 134 133 133 134 135 134 134 134 134 135 136 134 133 132 132 134 135
 134  30]","[ 29  29 108 108 110 110 110 108 108 109 111 111 109 109 110 112 111 112
 112 113 114 114 115 115 114 114 113 114 113 114 115 116 116 116 117 117
 117 116 116 115 115 116 117 117 116 117 119 120 120 119 119 120 121 121
 121 122 122 122 122 122 122 122 121 121 122 123 123 124 124 124 125 126
 126 125 123 124 125 125 124 123 122 123 123 124 125 126 125 125 123 125
 125 124 123 124 125 126 125 124 123 123 123 123 124 126 127 123 125 133
 138 129 119 116 114 112 107 102  99  97  97  97  94  90  86  85  85  83
  83  84  82  78  75  74  72  73  73  72  74  76  81  95 112 121 124 129
 129 130 130 130 130 129 129 129 128 128 129 129 129 131 132 132 131 131
 131 130 130 131 132 132 131 130 130 131 132 133 133 133 131 132 134 134
 134 133 132 132 134 134 134 134 134 135 136 137 135 133 132 131 133 133
 133  29]","[ 29  28 107 106 108 108 109 108 109 110 111 110 109 109 109 110 111 111
 112 112 113 113 114 115 114 113 113 114 114 114 115 116 116 115 115 114
 115 116 117 118 115 116 116 116 116 118 120 121 121 121 121 122 122 121
 121 122 122 122 122 122 122 122 122 121 122 122 123 123 124 124 125 125
 126 124 123 124 125 126 125 125 124 124 125 125 126 126 125 125 122 123
 124 124 124 124 125 125 125 124 124 124 123 123 123 124 126 125 126 132
 136 129 119 114 112 110 107 104 101  98  97  96  95  91  87  86  86  86
  86  86  83  78  75  73  72  71  72  71  72  75  79  93 111 120 122 125
 128 129 129 129 129 129 129 129 130 130 130 129 129 130 131 130 130 130
 129 129 130 131 132 131 130 130 129 130 130 130 130 130 129 131 132 133
 133 132 131 131 132 133 133 134 135 135 136 136 135 133 132 130 132 133
 132  28]","[ 29  28 106 105 105 105 108 109 110 111 111 111 110 110 110 110 110 110
 111 111 111 111 112 112 113 112 113 113 113 113 114 115 115 115 114 113
 114 115 117 119 117 117 116 116 116 118 119 120 120 120 121 121 121 120
 121 122 121 121 121 122 122 122 122 122 122 122 123 123 123 123 124 124
 124 123 122 123 125 125 125 126 125 125 125 126 126 126 125 125 122 122
 123 124 124 124 125 125 126 125 125 125 125 124 124 124 124 125 127 131
 135 131 122 115 111 110 108 105 102 100  99  98  98  96  91  87  87  89
  90  89  84  79  75  73  70  68  69  69  71  74  77  88 107 121 124 124
 126 127 128 128 128 128 129 130 130 130 130 129 129 130 130 129 131 131
 130 129 130 130 130 129 130 130 130 130 130 130 129 128 129 130 132 132
 132 132 132 131 131 132 133 134 134 134 134 133 135 134 133 132 133 133
 132  28]","[ 29  28 106 104 104 104 107 108 109 109 110 110 110 109 109 109 108 109
 110 109 109 108 109 110 112 112 112 113 113 113 113 114 115 115 114 114
 115 116 117 117 118 118 117 116 116 117 118 118 117 117 118 119 119 119
 120 122 120 120 121 121 122 122 122 121 122 123 123 123 123 123 123 123
 123 122 122 123 123 123 123 124 124 124 124 125 125 125 125 124 122 122
 122 123 124 124 124 124 126 125 124 125 125 124 123 123 121 125 128 132
 135 131 122 116 113 111 108 104 102 101 101 102 101 100  95  89  88  90
  91  89  86  80  76  73  68  65  65  66  69  73  74  82 103 122 127 126
 125 126 127 127 128 128 129 130 130 130 130 129 129 130 130 130 130 130
 130 129 130 130 130 129 130 130 130 131 131 130 130 129 129 130 131 132
 132 132 132 132 131 131 132 133 133 133 132 132 134 134 134 133 134 133
 132  29]","[ 29  28 106 105 105 105 106 106 107 107 108 108 108 108 107 106 107 108
 109 108 108 108 108 109 111 111 112 113 113 112 113 114 114 114 115 115
 115 115 116 116 117 116 116 115 116 117 117 116 116 117 118 119 119 119
 120 121 120 121 121 122 121 121 121 121 122 122 123 123 122 122 123 123
 123 123 123 122 122 121 122 124 124 124 124 124 124 124 124 123 122 121
 121 122 123 123 123 123 125 123 123 123 123 122 122 122 121 123 128 135
 139 133 123 118 114 113 110 106 103 102 103 104 103 101  97  92  90  90
  91  90  88  81  76  73  69  66  65  65  67  72  74  81 101 120 126 127
 125 125 126 127 127 128 129 130 130 130 130 129 129 130 130 129 128 129
 129 130 130 131 131 130 129 130 130 131 131 131 130 130 130 130 131 131
 131 132 132 131 131 131 131 132 132 132 132 132 132 133 134 132 132 132
 132  29]","[ 29  28 106 105 106 106 106 104 107 107 107 107 107 107 105 104 106 107
 108 109 108 108 109 110 110 110 111 112 112 111 112 113 114 114 113 113
 114 114 115 116 114 114 115 115 116 117 117 116 118 118 119 120 120 119
 120 121 121 122 122 122 122 121 121 121 122 122 123 122 122 122 123 123
 123 123 123 123 122 121 122 124 125 124 124 124 124 124 123 122 123 121
 120 121 122 122 122 123 125 123 122 121 122 122 122 122 121 121 127 139
 145 137 126 123 116 115 113 110 106 104 104 105 104 101  98  95  93  91
  92  94  90  82  76  74  71  68  66  66  66  71  74  82 101 117 123 124
 125 126 127 127 128 128 129 130 130 130 129 128 128 128 128 127 128 129
 130 130 130 130 129 128 129 129 130 130 130 130 130 130 130 130 130 130
 131 131 131 131 132 131 131 131 132 132 132 132 130 131 132 131 131 130
 130  28]","[ 29  31 105 107 106 105 105 105 106 107 107 107 106 105 104 104 105 106
 108 109 109 109 109 110 110 110 110 109 109 110 112 114 112 112 111 112
 114 115 115 114 113 115 116 115 114 116 118 117 118 118 119 118 118 119
 120 121 122 122 122 122 122 122 122 122 121 122 122 122 122 122 122 121
 122 123 123 122 120 119 120 122 122 123 123 123 123 122 122 121 122 121
 121 122 123 122 123 123 124 122 122 122 122 122 123 123 122 122 126 136
 141 138 129 122 119 118 115 112 110 106 104 106 104 102  98  94  93  93
  93  92  89  85  80  76  72  69  68  67  71  70  74  81  97 115 121 122
 123 124 124 125 127 128 128 129 129 130 129 127 126 126 127 127 129 130
 131 130 129 128 129 129 129 130 130 130 130 130 130 130 130 130 130 130
 130 130 130 131 131 131 131 131 132 132 132 131 131 131 132 132 132 130
 130  29]","[ 29  29 103 104 104 104 104 106 106 106 105 105 106 106 106 106 107 107
 107 109 109 109 109 110 109 109 108 109 111 112 114 114 112 112 111 111
 113 114 114 113 114 115 115 114 114 116 118 118 118 118 118 118 118 118
 119 120 120 121 121 122 123 123 123 122 123 123 122 121 121 122 122 122
 122 122 122 122 121 119 120 121 122 122 123 123 122 122 122 122 122 122
 122 123 123 122 122 123 123 122 121 121 121 121 122 122 122 122 126 134
 139 136 129 123 120 119 116 114 112 108 106 108 106 104 101  97  96  96
  94  92  88  84  79  75  73  71  71  71  70  71  75  80  95 114 121 122
 124 124 125 125 125 126 126 126 127 127 127 127 126 127 127 128 129 129
 129 129 129 129 129 129 130 130 130 130 130 130 130 130 130 130 130 130
 131 131 131 131 131 131 131 131 132 133 133 133 132 132 133 132 132 130
 130  29]","[ 29  29 101 102 102 103 105 106 106 105 104 105 106 107 107 107 108 107
 106 107 108 109 109 109 109 109 108 110 113 114 115 114 111 111 110 110
 111 113 113 112 115 115 114 112 112 115 117 117 117 117 118 119 119 120
 121 122 122 122 122 121 121 121 121 121 123 122 121 121 120 120 121 122
 121 121 122 122 121 120 120 120 121 122 122 122 122 122 122 122 123 123
 123 124 124 123 122 122 122 122 122 122 122 121 122 122 122 122 127 135
 140 137 130 125 122 120 117 114 114 111 109 110 110 108 103  99  97  97
  95  93  91  86  80  76  73  72  71  71  70  74  79  82  95 114 122 124
 125 125 126 126 126 125 125 125 126 127 128 128 129 129 129 129 130 129
 129 129 131 131 131 130 130 130 130 130 130 130 130 130 130 131 131 132
 132 132 132 132 132 131 131 131 132 133 133 133 134 133 133 132 132 130
 130  28]","[ 30  29 101 102 103 104 105 106 106 105 105 105 106 107 107 106 107 106
 105 106 108 108 109 110 111 110 110 111 113 114 113 112 111 110 110 110
 111 112 113 113 116 116 114 112 112 115 116 117 117 118 118 119 120 121
 121 122 122 121 120 119 119 120 121 121 122 121 120 121 121 121 121 123
 122 122 122 122 122 121 120 121 122 122 122 122 121 121 122 123 123 123
 123 124 123 122 122 122 121 121 121 122 122 121 122 123 121 122 127 136
 141 138 130 124 123 121 117 115 115 114 112 113 114 110 104  98  96  97
  96  94  93  88  82  77  74  72  71  71  72  75  81  86  99 116 123 126
 127 127 128 128 128 128 127 127 128 129 130 131 131 131 130 130 130 129
 130 131 133 133 132 131 131 131 131 131 131 130 130 130 131 131 132 132
 133 133 132 132 131 131 131 131 131 132 132 132 134 132 132 131 131 129
 130  28]","[ 29  29 102 103 103 104 104 105 104 105 106 106 106 106 105 105 104 105
 106 107 108 108 110 111 111 111 111 111 110 111 111 111 111 111 110 110
 112 114 115 115 117 116 115 114 114 115 116 117 118 119 119 119 119 119
 119 118 118 118 118 119 119 120 121 122 122 121 121 122 122 122 122 123
 123 122 122 123 123 122 121 121 122 122 123 122 122 121 122 122 122 122
 122 123 123 122 122 122 120 120 120 121 122 122 122 123 121 121 126 135
 140 137 129 123 122 122 119 118 119 117 115 114 114 110 104  99  97  98
  97  95  91  87  82  78  76  74  73  73  73  73  80  89 103 116 122 126
 129 129 129 130 130 130 129 129 128 130 131 131 131 130 130 129 129 130
 131 133 133 133 132 131 131 131 131 131 131 131 130 130 131 131 131 131
 131 131 131 131 130 131 131 131 130 130 129 129 132 130 130 129 130 129
 130  28]","[ 29  29 102 104 103 103 103 104 101 103 105 106 106 105 105 105 103 104
 106 107 108 108 109 111 110 110 110 109 108 108 109 110 110 110 110 111
 112 114 116 116 116 116 116 115 115 115 116 116 116 117 117 118 119 119
 119 118 117 118 120 121 121 121 120 119 122 123 123 122 122 122 122 121
 122 121 121 122 122 121 121 122 122 122 122 122 122 121 121 121 122 122
 122 123 124 123 122 122 122 121 121 123 124 124 123 123 123 122 125 133
 137 135 128 123 121 123 123 122 123 121 117 114 112 110 106 102 100  99
  97  94  90  87  83  79  77  75  74  74  74  72  79  90 103 115 120 125
 129 129 130 130 130 129 129 128 127 129 131 130 130 130 130 130 129 131
 132 132 132 131 130 130 131 131 131 131 131 131 130 130 131 130 130 130
 130 130 130 130 130 130 131 131 130 129 128 128 130 129 129 129 129 129
 130  29]","[ 29  29 102 103 102 102 103 104 102 103 104 105 106 106 106 106 104 104
 105 107 108 108 108 109 110 110 110 109 108 108 109 110 110 110 111 112
 113 115 116 116 116 116 117 117 116 116 116 117 116 117 118 119 121 122
 122 121 120 121 122 123 122 121 120 119 123 125 125 123 123 125 124 122
 123 122 122 122 122 122 122 123 123 123 123 124 124 124 123 122 123 124
 125 127 127 126 124 124 125 124 124 125 126 126 125 124 125 125 128 134
 137 134 128 125 123 125 125 124 124 122 118 115 112 111 107 103 101  99
  96  93  90  88  84  80  77  74  73  74  75  74  80  88 101 113 120 125
 128 128 129 129 129 128 127 127 128 129 131 130 128 128 130 130 130 130
 131 131 130 130 129 129 130 130 131 131 130 130 130 130 130 130 130 129
 129 130 130 130 130 131 131 131 130 129 128 128 129 129 130 129 130 129
 130  29]","[ 29  29 102 103 102 102 104 106 105 105 105 105 107 108 108 108 107 106
 106 107 108 108 108 108 111 111 111 110 110 109 110 110 111 112 113 113
 115 116 117 117 118 118 119 119 118 117 117 119 120 121 121 122 123 123
 123 122 122 122 122 122 122 122 122 122 124 127 128 125 125 128 128 125
 125 125 125 125 124 124 125 126 126 126 126 127 128 128 127 125 125 126
 128 130 130 128 126 125 127 125 125 126 127 127 125 124 124 126 130 136
 137 133 128 125 125 127 125 123 123 121 118 117 114 113 108 103 100  97
  95  92  89  87  84  80  77  74  75  76  75  76  81  86  97 111 119 124
 126 127 128 128 128 128 127 126 128 129 130 129 127 127 128 130 130 130
 130 130 130 130 130 130 130 130 130 130 130 130 130 130 129 129 128 128
 128 129 129 130 131 131 131 130 130 129 129 129 129 129 130 130 130 129
 130  30]","[ 30  27 106 102 102 104 104 105 103 106 106 106 106 108 108 107 109 109
 108 108 108 109 110 110 111 111 111 113 113 114 115 116 114 115 116 116
 116 117 119 121 121 122 122 121 121 122 122 123 123 124 125 126 126 126
 126 125 124 126 128 129 128 127 127 127 127 127 128 128 129 130 130 130
 129 127 126 128 129 129 127 127 128 128 127 126 127 129 130 130 130 129
 129 129 130 129 126 124 126 126 125 126 126 125 125 125 125 127 129 136
 135 134 129 129 125 125 125 126 124 122 119 117 115 113 109 105 102  98
  94  91  89  85  82  80  76  74  75  76  75  76  81  80  99 107 117 125
 125 125 125 126 128 125 125 128 128 129 129 129 128 127 128 128 128 129
 130 130 130 131 131 130 130 131 130 130 130 130 130 130 129 129 129 128
 128 128 129 130 130 131 131 130 129 128 129 130 128 128 130 130 130 129
 130  29]","[ 29  27 107 104 106 107 106 106 106 107 108 108 109 110 111 109 111 112
 112 113 114 115 116 117 117 117 117 118 118 118 119 120 121 122 122 123
 123 123 125 126 124 125 125 125 125 125 126 126 124 125 126 126 127 128
 128 128 126 128 130 130 130 129 128 128 128 128 128 129 129 130 130 130
 130 128 128 129 130 129 128 127 128 128 127 126 127 129 130 130 130 129
 128 128 129 129 127 125 126 125 124 125 126 125 124 124 125 126 129 137
 138 137 131 129 127 127 127 127 125 121 118 116 114 113 110 106 102 100
  96  94  90  85  83  80  76  74  75  75  76  77  81  80  97 105 114 122
 125 124 123 125 128 127 126 128 127 127 128 128 128 128 128 128 128 129
 129 129 129 129 129 128 129 130 130 130 130 130 130 129 128 129 129 128
 128 128 129 130 130 130 130 130 130 129 130 130 128 128 129 129 129 128
 130  29]","[ 29  28 110 109 111 112 111 110 112 113 114 113 114 115 115 114 116 116
 117 118 119 120 120 121 122 122 121 122 122 121 121 122 122 123 124 124
 124 124 125 126 125 126 126 127 127 127 127 127 126 127 127 127 127 128
 129 130 129 130 130 131 131 130 130 129 129 129 129 129 130 130 130 130
 130 129 129 130 130 130 129 129 128 129 128 127 128 129 130 130 130 128
 126 126 128 128 127 125 125 124 124 125 126 126 125 124 125 125 127 136
 138 138 132 130 130 129 129 129 127 123 119 116 114 115 112 107 103 100
  98  95  91  86  83  80  77  75  75  75  77  77  81  81  96 104 114 122
 125 125 124 125 128 129 128 128 127 128 129 129 129 129 128 128 129 129
 129 129 128 128 128 127 128 130 131 131 130 130 130 129 128 128 129 129
 128 128 129 129 131 130 129 130 130 130 130 130 128 128 129 128 129 128
 129  29]","[ 30  30 114 113 114 115 113 113 116 117 117 117 117 117 117 117 118 118
 119 120 120 121 121 122 123 123 122 122 122 122 121 122 123 125 126 126
 126 125 125 125 124 124 125 126 126 126 126 127 127 128 128 127 127 128
 128 129 130 130 130 130 130 130 130 129 130 130 130 130 130 130 130 130
 130 130 130 131 131 130 130 130 129 129 129 129 129 129 130 131 130 128
 126 125 127 127 126 124 124 124 125 125 126 127 127 126 125 125 127 135
 137 137 132 131 129 129 128 128 127 123 120 118 115 116 113 107 102 100
  97  93  91  86  82  81  78  77  77  76  78  78  82  83  95 103 113 121
 126 127 125 125 128 129 128 127 129 129 130 130 129 129 128 127 129 130
 130 129 129 129 128 127 128 129 130 130 129 129 129 129 129 129 129 129
 128 129 129 130 131 130 130 129 130 130 129 129 128 128 128 128 129 128
 129  28]","[ 28  30 115 114 114 115 114 116 116 117 117 116 116 117 117 116 117 118
 118 119 121 121 122 123 123 122 122 122 122 121 121 122 123 125 127 128
 127 125 125 124 124 124 124 125 126 126 126 127 127 128 128 128 128 128
 128 128 129 129 129 129 130 130 129 129 130 130 130 130 130 130 130 130
 129 130 130 130 130 130 130 130 129 129 129 129 129 129 130 130 129 127
 125 125 126 126 125 123 123 125 126 126 125 126 126 126 125 126 128 136
 137 136 131 130 128 127 126 126 125 123 119 118 115 114 111 106 102 100
  96  92  89  84  81  80  79  78  78  77  78  77  82  83  91 100 110 120
 124 126 125 124 126 127 126 126 129 128 128 128 128 127 126 126 129 129
 130 129 129 129 129 128 128 129 130 129 128 128 129 129 129 129 129 129
 128 129 130 131 129 129 130 129 129 129 129 129 128 128 128 128 129 128
 129  28]","[ 28  30 115 115 114 115 115 117 116 116 116 116 116 117 117 118 119 119
 119 120 120 121 121 122 122 121 121 122 122 121 121 122 121 123 125 125
 125 124 123 123 125 124 124 126 127 126 126 127 126 128 128 129 129 129
 129 128 128 128 128 129 130 130 130 129 130 130 130 130 130 130 130 130
 130 130 131 130 130 130 130 129 129 128 127 128 129 129 129 129 128 127
 126 125 126 126 125 123 124 125 126 125 124 125 125 124 123 126 131 139
 138 136 130 129 128 127 126 126 125 122 119 117 114 112 108 105 102 100
  96  93  87  82  80  80  78  78  77  76  75  75  80  83  89  99 111 122
 123 125 124 124 125 125 126 127 126 126 126 126 126 126 125 125 128 129
 129 129 129 129 129 128 129 130 130 129 129 129 129 129 129 129 129 129
 129 129 130 131 128 128 129 129 128 129 129 130 128 127 128 128 129 128
 129  28]","[ 28  30 115 114 115 116 115 116 116 115 115 116 117 117 118 119 120 120
 120 119 119 120 120 121 121 120 120 121 121 121 121 121 121 123 124 125
 124 124 124 124 124 124 125 128 129 127 126 126 128 128 128 129 130 130
 129 127 127 127 128 129 130 130 130 130 130 130 130 130 130 130 130 131
 130 131 131 130 130 130 130 128 128 126 126 128 129 129 128 128 128 127
 126 125 125 126 125 125 124 125 125 124 124 126 125 123 123 126 130 138
 138 136 131 130 129 128 128 128 127 123 119 116 114 111 108 106 103  98
  95  94  87  83  81  81  79  77  76  75  74  73  79  82  86  97 110 123
 123 123 123 124 126 125 125 128 125 125 126 126 127 127 126 125 128 128
 129 129 129 129 129 129 130 131 131 130 130 130 130 129 128 129 130 130
 130 129 129 130 128 128 128 128 129 129 129 129 129 127 127 126 127 127
 129  28]","[ 29  30 114 113 114 115 114 113 115 114 114 115 115 115 116 117 118 118
 118 118 119 120 121 122 121 121 120 121 121 121 121 121 121 122 123 123
 122 122 123 124 124 124 126 129 130 128 126 126 129 129 128 129 130 130
 128 126 126 127 128 129 130 130 130 130 130 130 130 130 130 130 131 131
 129 130 130 130 130 131 130 129 128 126 125 128 130 130 129 128 127 127
 126 125 125 126 126 127 124 124 124 124 125 128 126 123 124 125 128 136
 136 136 132 132 129 128 128 129 128 124 118 115 115 112 109 107 103  97
  94  94  88  85  83  82  80  77  76  74  76  75  79  82  82  92 105 118
 123 122 121 123 125 124 124 128 126 127 127 128 129 129 127 126 128 129
 129 129 129 130 130 129 129 130 130 130 129 129 128 127 127 129 130 130
 130 129 129 129 129 128 127 128 129 130 129 128 129 127 126 124 126 126
 129  29]","[ 29  31 113 115 115 113 114 116 114 113 112 113 114 116 116 115 118 118
 119 119 120 120 120 120 119 121 121 120 121 121 121 122 122 123 124 123
 123 125 125 124 124 127 129 130 129 127 126 128 129 128 128 129 130 129
 126 124 124 126 128 129 130 130 130 130 130 130 130 131 130 130 130 130
 129 129 130 130 130 129 129 130 129 128 128 128 129 129 129 128 129 128
 126 125 126 127 127 126 126 126 125 124 124 125 125 125 125 122 127 137
 139 136 133 132 131 131 130 127 125 123 119 115 115 114 111 106 101  98
  96  95  90  87  84  82  81  79  77  75  75  77  76  79  86  94 102 123
 126 124 123 124 126 126 124 123 125 126 129 130 129 128 128 129 127 127
 129 130 130 129 128 128 128 129 130 129 129 129 129 128 125 127 129 131
 130 129 128 128 128 127 126 126 126 126 127 128 129 127 125 125 125 127
 125  29]","[ 28  29 112 114 115 114 114 115 112 112 112 112 112 113 115 116 117 117
 117 118 120 121 121 120 118 121 122 122 123 123 122 124 123 124 124 123
 124 125 126 125 126 128 129 129 128 126 126 128 130 129 129 129 129 128
 127 126 126 127 129 130 130 130 130 129 130 130 130 130 130 130 130 130
 130 130 130 130 130 130 130 130 130 129 128 128 129 129 129 128 128 127
 126 125 125 127 128 128 127 126 125 124 124 124 124 123 124 122 127 135
 139 137 135 133 133 131 129 127 126 124 120 116 114 114 113 109 103  99
  96  94  89  87  84  82  81  79  76  75  74  77  76  80  86  93 100 119
 126 125 125 126 127 127 126 125 126 128 129 130 130 129 129 129 127 127
 128 129 129 128 127 127 129 129 130 129 129 130 129 129 125 126 127 129
 130 130 129 129 127 126 126 126 126 126 126 127 127 125 124 125 125 127
 126  30]","[ 28  29 111 113 114 113 113 113 112 113 113 113 112 113 115 118 117 116
 115 116 119 121 121 120 117 120 122 122 123 123 122 123 124 124 124 123
 124 126 127 127 128 129 128 128 128 126 126 129 130 130 130 129 128 128
 128 129 129 129 129 130 130 130 129 129 129 129 129 129 130 130 130 130
 131 130 130 130 130 130 130 130 130 129 128 127 128 128 127 127 126 126
 124 124 124 126 128 128 128 127 126 125 126 126 125 124 123 122 127 134
 137 138 136 133 132 131 128 126 126 125 121 116 114 115 114 109 103  98
  95  93  87  85  82  81  80  78  76  74  75  77  77  82  87  93  98 114
 124 125 126 127 128 128 126 126 126 127 128 129 130 129 129 128 127 127
 128 129 129 128 127 127 129 129 128 129 130 130 130 129 127 127 127 128
 129 130 129 129 127 126 126 126 126 126 126 127 124 124 124 125 124 126
 125  30]","[ 29  30 111 112 112 111 112 111 112 113 114 114 113 113 115 117 116 115
 115 116 118 119 119 119 118 121 122 122 123 122 121 122 124 122 121 121
 123 126 127 127 128 128 128 127 128 127 126 128 129 129 130 129 128 128
 129 130 130 130 129 130 130 130 129 129 129 129 129 129 130 130 130 130
 130 129 129 129 129 130 130 130 129 128 126 126 125 125 125 125 124 124
 124 123 124 125 127 127 127 126 125 125 127 127 127 126 124 124 127 132
 136 138 137 133 131 130 128 126 126 124 121 117 116 115 112 106 101  97
  94  92  86  84  81  80  79  78  76  76  76  78  78  82  86  93  97 111
 122 124 126 127 128 128 127 126 126 126 127 128 129 129 129 128 127 126
 127 129 129 129 128 127 127 127 126 127 129 130 130 128 130 129 128 128
 128 128 128 128 127 126 126 126 126 126 126 126 124 124 124 125 123 125
 124  29]","[ 29  30 110 110 110 109 111 111 112 113 114 114 114 114 114 114 115 115
 116 116 117 118 118 119 119 121 121 121 122 122 121 122 122 119 117 118
 122 125 126 125 127 128 128 128 129 127 125 127 126 127 128 129 129 129
 129 129 130 129 129 129 130 130 130 129 129 129 129 130 130 130 130 130
 129 129 128 128 129 130 130 130 129 128 126 125 125 125 125 124 124 125
 125 124 124 125 126 126 124 123 122 123 125 126 126 125 125 125 128 131
 135 138 137 132 130 130 129 128 126 124 121 118 116 114 109 105 101  98
  93  90  87  85  82  80  79  79  79  79  79  78  78  82  85  92  97 110
 121 124 127 128 128 128 128 127 125 125 126 127 129 130 129 129 127 126
 127 128 129 129 128 127 126 125 125 125 128 130 129 128 129 129 129 128
 128 128 128 129 126 125 125 125 125 125 124 124 123 124 124 124 123 124
 123  28]","[ 29  29 108 107 107 108 111 111 112 113 114 115 115 114 113 112 113 115
 116 117 117 117 118 119 118 120 119 119 121 121 121 122 120 117 115 117
 121 123 124 123 126 128 128 129 129 127 124 125 125 126 127 129 130 130
 129 128 129 129 129 129 130 130 130 130 129 129 129 129 129 129 129 129
 129 129 129 129 129 129 130 130 130 129 127 126 126 126 126 126 126 126
 126 125 125 126 126 125 124 122 121 122 123 124 124 124 126 125 127 130
 134 137 136 130 128 129 129 127 125 123 120 117 115 113 109 106 104 100
  94  88  88  85  82  80  79  79  79  80  79  78  77  80  82  91  98 111
 119 122 126 127 127 128 128 127 124 124 125 126 128 129 129 129 127 126
 126 127 128 127 126 126 126 125 125 125 127 129 129 128 125 126 128 128
 128 128 128 129 126 125 125 125 126 125 124 124 123 123 123 124 123 124
 124  29]","[ 29  28 106 105 106 108 110 109 110 111 113 115 115 115 113 113 114 115
 116 117 117 117 117 117 117 118 118 118 120 121 121 122 121 119 118 120
 122 122 123 124 126 128 128 128 128 126 124 125 125 127 128 129 130 130
 129 129 128 128 129 130 130 130 130 130 129 129 129 128 128 128 128 129
 129 129 129 129 128 128 128 128 130 129 128 126 126 126 127 127 127 127
 126 125 125 126 126 125 125 123 122 122 123 124 124 125 126 124 126 130
 133 136 134 129 128 128 128 126 124 122 119 116 113 112 110 108 105 101
  94  89  88  85  82  80  79  78  79  79  78  76  76  79  80  90  98 110
 117 121 124 125 126 127 127 126 124 124 125 126 127 128 128 128 126 125
 125 127 128 127 126 125 127 127 126 126 127 128 128 127 123 124 126 128
 128 128 127 127 126 125 125 125 126 125 124 123 122 122 122 123 122 125
 124  30]","[ 30  28 105 103 106 108 109 107 106 108 111 113 114 114 114 114 115 115
 116 116 117 117 116 114 117 119 119 119 121 122 122 122 122 121 122 123
 123 123 123 125 126 127 128 128 128 126 125 127 126 128 129 129 129 129
 129 130 127 128 129 130 130 130 130 130 130 130 130 129 129 129 129 129
 129 129 129 129 127 126 126 126 129 128 127 126 125 126 127 127 128 127
 125 124 125 126 126 125 125 124 122 122 122 123 125 125 125 124 125 129
 132 135 133 128 129 128 127 125 124 123 119 115 113 112 110 108 105 101
  95  90  89  86  83  81  80  79  78  79  76  75  75  78  79  89  98 110
 117 121 124 125 125 127 127 126 125 125 126 126 127 128 128 129 126 125
 125 127 128 127 126 126 128 127 126 126 126 127 127 126 124 125 126 128
 129 129 126 125 126 124 124 125 125 124 123 122 122 122 122 122 122 124
 124  29]","[ 29  28 105 104 107 107 106 106 103 105 111 114 113 113 114 114 115 115
 115 115 116 116 115 115 116 116 117 119 120 121 121 122 121 122 123 123
 123 124 124 123 124 124 124 125 127 128 128 127 128 129 129 128 129 130
 130 129 128 127 127 128 130 131 130 130 129 130 130 130 130 129 127 125
 126 127 128 129 129 128 127 125 127 127 126 126 125 125 126 126 124 125
 125 125 124 124 125 125 124 124 123 122 122 122 123 123 123 124 124 130
 130 136 133 129 127 127 125 123 120 118 116 114 114 110 109 107 104 100
  95  90  88  85  82  81  80  79  78  77  75  74  73  75  81  82  87 107
 117 121 124 125 125 125 124 126 125 125 126 127 128 128 128 127 128 126
 126 128 129 127 126 126 127 127 127 126 126 128 128 127 123 125 129 130
 129 127 126 126 127 126 125 126 127 126 123 120 123 123 123 123 125 125
 127  29]","[ 29  28 106 104 106 105 105 105 107 106 107 110 111 112 113 112 114 114
 114 114 115 115 115 114 115 115 116 118 119 120 121 122 121 122 122 123
 124 125 125 125 125 125 124 124 126 128 129 128 128 129 129 129 129 130
 129 128 126 126 126 127 129 130 130 130 130 130 130 129 129 129 128 127
 128 128 128 129 129 128 127 126 126 127 128 128 128 128 127 127 125 125
 125 125 126 126 126 126 126 125 124 123 123 123 123 123 123 123 123 128
 131 134 132 130 128 127 124 122 120 119 117 115 114 111 109 107 104 100
  95  90  87  85  83  82  82  80  78  76  77  75  73  75  82  83  88 105
 119 123 124 124 124 123 124 126 125 125 126 127 128 128 128 128 129 127
 127 128 128 126 124 125 127 128 127 126 127 128 128 127 125 126 129 130
 129 128 127 126 128 128 127 127 127 126 124 123 123 124 124 124 126 125
 127  29]","[ 30  28 104 103 106 106 105 104 104 105 108 110 109 108 110 112 113 113
 113 114 115 115 115 114 114 114 115 117 118 119 121 122 122 122 122 122
 123 125 125 125 126 125 124 123 124 127 129 130 128 129 129 129 129 129
 129 128 126 125 125 126 128 129 130 130 131 131 130 129 129 129 130 129
 128 128 128 128 128 128 127 126 124 126 128 130 130 128 127 126 126 125
 124 125 127 128 128 128 127 126 125 124 124 124 123 123 123 122 122 125
 133 132 130 130 130 127 124 121 121 120 118 116 114 110 108 107 104 101
  96  91  87  85  83  82  82  80  78  76  79  77  75  75  82  85  88 101
 116 122 125 124 123 123 125 127 126 126 127 127 128 128 129 129 130 128
 128 129 128 127 126 126 128 128 128 127 128 129 129 128 127 128 129 129
 129 129 128 127 127 128 128 127 126 125 125 125 124 124 125 125 126 125
 126  28]","[ 30  28 105 103 105 105 105 105 103 107 110 110 108 107 108 112 111 112
 113 114 114 115 115 115 114 114 115 117 118 119 120 121 122 122 121 121
 122 123 123 123 126 125 124 124 124 126 128 129 127 128 128 127 127 128
 128 129 128 127 127 127 128 129 129 130 131 131 130 129 129 129 129 128
 126 126 127 128 128 128 128 128 125 127 129 130 129 128 126 126 126 126
 125 125 126 128 128 128 128 126 125 124 124 124 124 123 123 122 122 124
 135 132 130 131 130 127 124 121 120 120 118 116 113 110 108 107 105 103
  98  93  89  86  83  81  81  80  79  79  79  78  77  76  82  85  88  97
 111 119 124 124 124 125 126 128 127 128 128 128 128 128 129 129 128 127
 128 128 129 128 128 129 129 129 128 128 129 129 129 129 129 129 129 129
 129 129 129 128 126 127 127 126 125 124 125 125 125 126 126 125 127 125
 126  28]","[ 28  28 106 103 102 101 103 106 107 109 108 106 108 109 109 111 110 110
 111 112 113 113 113 113 114 114 115 117 119 120 121 122 122 122 121 121
 121 122 122 122 125 125 125 124 124 125 126 126 126 126 126 126 126 126
 128 129 130 129 128 128 128 129 129 130 130 130 130 129 129 129 128 126
 126 126 128 129 129 129 129 129 129 129 129 129 128 127 126 126 126 126
 126 126 126 126 127 128 128 127 125 125 126 126 125 125 124 123 123 125
 136 132 130 131 128 127 125 122 120 119 117 116 113 110 109 108 106 103
 100  95  89  86  83  82  82  81  81  80  77  77  78  77  81  85  87  95
 107 117 123 124 124 125 126 128 128 128 128 127 126 127 127 128 127 127
 127 127 128 128 129 130 129 128 128 128 129 129 129 129 129 129 128 127
 128 128 128 127 127 126 126 125 125 126 126 127 127 127 127 126 128 126
 128  29]","[ 30  27 102 100 101 101 101 101 103 110 109 105 108 110 109 111 110 111
 111 111 111 112 112 113 113 114 115 118 119 120 121 122 121 122 121 121
 121 122 123 123 124 125 125 125 125 125 125 124 125 125 125 125 125 126
 127 129 129 129 128 128 128 129 129 130 129 130 130 130 129 129 127 126
 126 127 128 129 129 128 128 128 130 130 129 127 126 125 126 126 126 126
 127 126 126 125 126 127 127 126 126 125 126 126 126 125 124 124 125 127
 134 133 131 131 128 127 126 123 120 118 117 115 112 109 108 107 104 102
  98  94  88  86  83  83  82  81  80  79  76  75  77  77  80  83  86  92
 107 117 123 123 123 124 126 128 128 128 127 126 125 125 126 127 128 128
 128 127 127 127 128 129 129 128 128 129 129 129 129 129 128 128 127 127
 127 127 127 127 128 127 126 126 126 127 127 127 128 127 126 125 128 127
 128  29]","[ 31  28 103 100 101 101 101 101 113 120 117 107 105 108 108 110 110 110
 111 111 111 111 112 113 113 114 116 118 119 119 120 120 119 121 122 121
 121 122 123 124 125 125 125 124 125 126 126 125 125 125 126 127 126 126
 127 129 129 128 128 128 129 129 130 130 130 130 130 130 130 130 128 127
 127 127 128 128 127 126 126 126 129 129 128 127 126 125 126 127 126 126
 126 126 126 126 126 126 127 126 126 126 126 126 125 125 125 126 125 129
 131 134 132 130 129 128 125 122 120 119 116 114 110 108 107 106 102 100
  97  93  89  86  84  83  82  81  79  78  77  75  76  76  78  81  83  89
 105 115 123 123 124 125 126 128 128 127 126 125 125 125 126 127 129 129
 128 127 126 127 128 129 129 128 128 129 129 129 129 129 128 128 128 128
 128 128 128 128 129 128 128 127 127 127 127 128 127 126 125 125 128 128
 128  28]","[ 27  31 110 105 100  97 102 108 137 138 123 104 102 107 107 108 108 109
 109 109 110 111 113 114 114 114 116 118 119 118 117 117 118 120 122 121
 121 122 123 124 126 125 124 124 125 127 127 126 126 126 127 128 128 126
 127 128 129 129 129 129 129 129 130 130 130 130 130 129 130 130 130 129
 128 128 128 127 127 126 126 127 129 129 128 127 127 127 127 128 126 126
 126 126 127 127 126 125 128 127 127 127 126 126 126 126 126 126 126 130
 129 134 132 130 130 128 124 122 120 119 116 113 110 108 107 106 103 100
  98  95  93  89  85  83  82  82  81  81  80  75  75  75  76  79  81  86
 101 113 122 125 126 127 127 128 129 127 126 125 126 126 127 128 127 127
 127 126 125 127 128 129 129 128 128 129 129 129 128 129 129 129 129 130
 130 130 129 129 130 130 130 129 128 127 128 128 127 126 124 125 129 129
 129  28]","[ 29  27 111  97  96 102 133 146 157 136 114 103 103 104 105 106 107 104
 109 110 110 111 109 114 113 114 116 117 117 115 116 118 117 121 122 122
 123 123 123 125 125 124 124 125 127 128 128 127 126 127 129 129 127 126
 126 127 128 129 130 130 130 130 130 130 130 131 130 130 129 129 129 129
 127 129 130 129 127 126 126 125 128 129 129 128 128 129 128 127 126 126
 126 127 128 128 127 125 128 128 128 127 125 125 126 125 124 125 126 128
 130 133 133 132 131 128 125 124 122 119 116 114 115 111 109 108 104 101
  98  94  94  91  87  84  83  81  81  80  79  75  73  73  76  79  81  89
 102 111 121 125 126 126 127 128 127 129 129 127 125 125 127 129 128 128
 126 125 124 126 128 129 130 129 129 128 128 127 128 129 130 131 131 130
 130 130 130 129 128 128 128 129 129 128 129 130 129 129 127 129 129 129
 128  29]","[ 29  30  94  99 118 143 159 155 134 120 108 106 105 103 104 108 105 108
 108 107 111 112 109 111 114 114 115 116 115 115 115 117 117 120 122 122
 123 123 122 123 124 124 125 126 128 129 129 128 126 127 127 128 128 127
 126 126 128 128 129 130 130 129 130 130 129 129 129 129 128 128 128 129
 128 129 129 127 126 126 126 126 128 130 130 128 128 128 128 127 125 125
 125 126 127 127 126 125 129 128 128 127 125 126 127 126 124 125 125 126
 130 134 135 135 131 129 127 126 124 119 115 113 114 111 110 109 105 103
 100  96  94  91  87  84  82  81  80  80  77  75  75  74  76  78  81  89
  99 110 121 124 125 126 127 126 125 128 129 129 128 128 129 129 127 127
 127 125 125 126 128 129 129 129 129 129 129 128 129 130 130 129 129 128
 129 130 129 128 129 129 129 129 129 129 129 129 129 129 127 129 130 130
 129  30]","[ 29  28 120 133 159 157 141 124 102 103 103 102 104 106 107 106 103 104
 102 104 110 114 115 112 114 113 113 114 114 114 115 116 119 121 121 121
 123 123 123 123 123 124 125 127 128 129 129 129 128 127 127 128 129 129
 127 126 128 128 129 129 129 130 130 130 130 130 130 129 128 128 129 129
 130 130 129 128 127 127 127 126 128 129 129 128 127 127 126 126 126 126
 127 127 128 127 127 126 129 128 127 126 125 126 128 127 126 125 124 125
 128 132 134 134 132 131 130 128 125 121 118 116 116 113 111 110 107 104
 101  97  92  89  86  84  82  80  79  78  75  75  77  76  76  78  81  89
  96 109 121 124 125 128 128 126 125 127 129 130 130 130 129 128 125 126
 127 126 126 127 128 129 128 128 128 129 129 128 128 129 130 129 128 127
 128 129 129 128 129 128 129 129 130 129 128 128 129 130 128 130 130 130
 129  30]","[ 30  30 157 156 155 122 104  96  97 101 105 108 109 107 104 101 102 101
 102 109 109 109 113 107 114 113 113 114 115 116 116 116 119 121 120 119
 121 123 123 125 124 124 124 125 127 128 128 128 129 128 128 128 129 129
 128 127 128 128 128 129 130 130 131 131 130 131 131 130 129 129 129 129
 130 131 131 130 130 129 127 126 128 129 129 128 127 125 125 125 127 128
 129 129 129 128 128 128 129 127 126 126 125 127 128 127 127 126 125 126
 129 133 134 134 134 133 131 129 126 124 123 122 120 117 114 111 107 104
 101  96  91  88  86  84  82  80  78  77  76  76  78  77  77  78  81  89
  96 108 120 125 127 129 129 127 125 126 127 128 129 129 127 125 124 126
 127 127 126 127 128 128 129 128 128 128 128 128 128 128 130 130 129 128
 128 128 129 128 128 127 127 129 129 129 128 128 129 130 128 130 129 129
 127  28]","[ 28  27 164 159 153 145 144 139 125 116 115 119 110  86  68  65  66  72
  80  99 112 112 113 114 114 113 114 114 116 117 117 117 118 120 120 119
 121 122 123 125 125 124 123 124 125 127 128 129 129 129 128 128 127 128
 128 128 128 127 127 128 129 130 130 130 129 130 130 130 129 128 127 127
 129 129 129 128 129 129 128 126 128 129 129 129 127 126 125 124 127 128
 129 129 129 128 128 129 128 127 127 127 126 128 129 127 125 126 127 128
 131 135 137 137 134 134 133 131 128 127 126 126 122 119 116 112 108 105
 101  96  90  88  86  85  83  80  78  76  78  77  78  77  78  79  81  88
  97 105 116 124 128 129 129 129 127 126 126 126 127 128 127 125 125 127
 128 128 128 128 129 129 130 129 129 129 129 129 129 130 130 131 130 128
 126 127 128 129 128 127 127 129 129 129 128 128 129 129 128 129 128 128
 126  28]","[ 30  30 176 168 164 157 134 123 103  87  75  72  65  53  48  52  52  59
  56  74 108 114 106 111 114 114 114 115 116 118 118 117 118 121 122 122
 123 123 122 123 125 125 124 123 124 126 128 130 129 129 129 128 128 128
 128 129 128 127 126 127 128 129 129 129 129 129 130 130 129 127 127 126
 129 128 126 125 126 128 129 129 130 129 130 130 129 127 126 125 127 128
 129 129 129 128 129 129 128 128 129 129 128 129 129 127 126 127 128 129
 131 135 137 137 135 136 135 134 131 130 128 127 124 121 117 114 110 107
 103  97  91  89  87  86  84  81  79  77  79  78  78  77  78  81  81  86
  95 102 113 123 127 128 128 129 128 127 126 125 126 127 127 126 127 129
 129 129 129 130 130 130 129 128 128 128 129 129 130 131 129 130 130 128
 125 125 127 129 129 128 128 129 129 128 128 128 128 129 127 128 127 128
 127  28]","[ 32  26 111  85  69  50  31  33  26  27  30  36  44  50  54  55  58  59
  52  59  93 112 110 112 114 115 115 114 115 117 118 117 118 121 121 121
 123 123 122 122 125 125 125 125 125 126 127 128 128 129 129 129 129 129
 129 130 129 127 126 126 128 129 129 128 129 129 130 129 129 128 128 128
 129 128 126 124 125 127 129 130 131 130 129 130 130 128 127 126 128 128
 129 129 129 129 130 130 128 128 130 130 128 129 129 128 128 129 128 127
 128 132 136 138 138 138 138 136 134 133 131 130 127 124 120 115 111 108
 104  97  92  90  87  85  84  81  79  78  79  79  79  77  79  81  80  84
  92 101 113 122 125 127 128 128 128 128 127 126 126 127 128 127 129 130
 129 129 129 130 130 129 128 127 127 128 129 130 130 131 129 130 129 127
 125 125 127 129 129 129 129 129 129 128 128 129 128 129 127 128 127 127
 127  29]","[ 28  27  18  20  23  21  26  24  30  34  40  45  48  50  52  54  55  56
  59  57  72 101 113 112 115 115 115 114 114 116 117 117 118 119 118 118
 120 122 122 122 125 125 125 126 126 126 126 126 127 127 128 129 130 130
 129 129 130 128 126 127 128 130 129 129 129 129 129 128 128 128 129 130
 129 128 127 125 125 126 127 128 131 129 129 130 131 129 126 126 128 128
 128 129 129 129 130 130 128 128 129 129 128 128 129 127 128 128 127 126
 127 132 138 142 141 141 139 137 135 135 135 134 130 127 122 116 111 108
 103  96  93  90  86  84  82  81  79  79  79  79  80  78  79  81  79  82
  90 102 115 121 124 127 128 128 128 128 127 126 126 127 127 127 130 129
 128 128 128 129 129 129 129 128 128 129 130 130 130 130 129 130 129 126
 125 126 128 129 128 128 128 128 128 128 128 130 130 130 128 128 127 127
 127  29]","[ 29  28  33  34  37  34  37  40  45  44  45  47  48  50  52  51  52  52
  52  56  56  80 113 113 113 114 115 115 115 115 117 118 119 118 117 118
 122 124 125 124 124 125 125 126 127 127 126 124 126 127 128 130 130 130
 129 129 129 129 128 128 128 128 129 130 129 130 131 130 128 127 128 130
 130 129 128 126 125 125 127 129 128 128 128 128 128 128 128 128 128 129
 129 129 128 128 129 130 130 129 128 128 128 129 129 128 129 129 128 128
 131 136 140 141 142 140 138 136 136 136 136 136 130 127 124 120 114 109
 102  96  93  90  87  85  81  78  77  79  76  77  78  78  77  79  83  87
  94 102 111 118 122 126 127 127 128 128 129 128 127 127 127 128 128 127
 127 128 129 130 129 128 131 129 128 128 129 129 129 128 130 129 129 128
 128 128 127 127 130 128 126 127 128 128 128 129 131 128 126 124 127 125
 126  30]","[ 30  30  44  45  49  47  48  48  50  48  47  48  48  50  52  50  49  48
  48  49  43  57 101 115 113 113 114 115 116 117 118 118 121 120 119 120
 123 125 125 125 125 125 126 128 129 128 127 125 127 127 128 130 130 130
 129 129 130 130 130 129 128 128 129 129 129 130 130 130 129 128 129 130
 129 129 128 127 126 125 126 127 127 127 128 128 128 129 129 128 129 129
 129 129 129 129 129 129 130 130 129 129 130 130 130 130 129 129 129 129
 131 135 138 139 142 141 140 139 138 137 135 134 131 128 125 121 114 108
 102  98  96  93  89  86  81  77  76  77  76  77  76  76  76  78  83  87
  97 103 110 115 121 126 130 131 129 130 131 130 129 127 126 126 129 128
 127 127 128 128 128 128 129 128 127 129 130 130 130 130 127 128 128 128
 127 126 127 127 128 127 127 128 129 129 129 129 127 134 126 124 126 125
 125  25]","[ 29  30  50  49  52  52  53  51  47  45  46  47  47  47  45  41  38  33
  29  29  27  39  92 114 113 113 113 115 117 119 119 119 122 122 121 122
 123 124 125 125 124 124 125 127 129 129 127 125 125 125 126 128 130 129
 128 127 130 130 130 130 129 128 128 128 128 129 130 130 129 129 128 129
 128 129 129 129 127 126 126 127 126 127 128 128 128 128 128 128 128 128
 128 128 128 128 128 128 129 129 130 130 130 130 130 131 128 129 129 130
 133 136 139 139 137 137 136 137 137 136 134 133 127 124 122 118 111 106
 104 101  96  93  89  86  82  78  77  78  76  76  76  76  76  79  82  85
  94 100 108 114 120 124 126 127 128 128 129 129 128 127 126 125 129 129
 128 127 127 128 129 130 126 126 126 128 129 130 130 130 127 129 130 130
 128 127 128 129 130 130 130 129 129 129 128 126 125 124 124 127 123 122
 126  32]","[ 29  28  51  46  46  47  46  42  40  38  38  38  35  32  28  23  23  27
  28  27  25  33  89 114 112 112 113 114 116 118 119 119 121 121 121 121
 121 121 122 123 124 124 124 126 128 129 128 127 124 124 125 128 130 130
 129 128 129 130 130 130 129 129 129 129 129 129 129 130 129 129 128 128
 125 126 128 129 127 125 126 127 128 128 129 129 129 129 128 128 128 128
 127 128 128 129 129 129 128 129 130 130 129 129 129 130 128 129 129 130
 133 137 139 140 140 139 138 137 137 136 133 131 130 126 122 116 109 104
 103 101  98  95  91  86  82  78  76  76  75  75  75  76  77  78  80  81
  88  96 106 114 120 124 126 127 128 128 128 128 128 128 128 128 127 126
 125 125 126 128 128 129 127 127 128 129 130 130 130 130 127 128 129 129
 128 127 127 127 130 130 129 127 126 127 126 124 129 125 128 125 126 129
 124  26]","[ 30  28  47  40  36  36  32  27  26  24  23  22  19  18  18  17  21  23
  21  19  20  31  87 117 113 114 116 117 118 120 121 122 120 121 122 122
 122 122 123 124 124 124 124 126 127 129 129 129 125 125 126 129 131 131
 130 129 128 129 130 130 130 129 129 129 130 130 130 130 130 129 128 127
 127 128 129 130 129 127 128 129 129 129 130 130 130 130 129 129 128 128
 128 128 129 130 130 130 129 130 130 130 129 128 129 130 130 131 130 130
 132 136 139 139 140 139 138 138 138 136 132 129 128 124 120 115 109 105
 102  99  97  94  90  86  82  79  77  76  76  75  75  75  77  79  80  81
  86  94 104 111 116 121 125 128 129 129 129 129 129 129 129 129 126 125
 125 125 128 129 129 128 126 126 126 128 128 128 127 127 127 127 127 128
 129 129 129 128 127 129 129 128 128 129 129 127 125 126 126 121 128 125
 123  33]","[ 31  27  35  27  21  23  21  19  18  18  19  19  17  18  20  20  19  19
  18  18  20  30  80 117 111 112 114 116 117 118 119 121 118 119 120 121
 121 122 123 124 124 124 124 124 126 127 128 128 126 126 127 128 129 129
 128 127 128 129 129 129 129 128 128 128 130 130 129 129 129 129 128 127
 128 128 129 129 128 127 127 128 128 128 128 129 129 129 129 129 128 128
 128 128 129 130 130 130 129 130 130 130 129 128 128 129 130 130 129 129
 131 136 139 140 139 139 139 140 138 135 129 126 124 121 118 115 110 105
 101  96  97  94  91  87  84  81  79  78  77  76  74  74  75  78  81  82
  83  92 103 110 116 121 126 128 127 128 129 129 128 127 125 125 126 125
 124 125 127 128 127 126 128 128 128 130 130 130 129 129 126 126 125 127
 128 129 129 128 126 127 129 130 130 129 127 125 125 125 125 127 127 125
 128  26]","[ 30  28  27  23  17  21  21  22  17  17  18  19  17  16  15  13  17  19
  19  18  18  32  76 116 115 115 116 117 118 119 120 120 119 120 121 121
 121 121 122 123 126 126 126 126 126 127 128 129 128 127 128 128 128 128
 127 127 129 129 130 130 129 128 128 128 129 129 130 129 129 129 129 129
 126 126 126 127 126 126 125 126 128 128 128 129 129 129 129 129 129 129
 129 129 129 129 130 130 130 130 130 129 129 129 129 130 129 129 129 129
 131 134 136 137 141 141 140 139 137 133 128 125 120 118 116 114 109 105
 101  97  95  93  90  87  83  81  78  77  78  76  75  74  75  77  79  81
  87  94 103 110 115 120 123 124 126 128 129 129 128 126 125 124 124 124
 125 125 125 125 125 125 125 125 125 126 126 126 126 126 125 125 125 125
 126 127 127 127 126 126 127 128 128 126 124 123 124 124 124 124 122 128
 121  31]","[29 31 29 31 27 30 27 28 29 28 29 29 29 30 30 29 29 29 29 30 30 29 27 31
 29 28 28 29 29 30 29 28 28 29 29 29 29 28 29 29 28 29 29 29 28 28 29 30
 29 29 29 29 29 29 29 29 29 29 30 29 29 28 28 28 29 29 29 29 29 29 29 29
 29 28 28 29 30 29 29 29 29 29 29 29 28 28 29 29 29 29 30 29 29 29 29 30
 29 29 29 29 28 28 29 30 29 30 29 28 28 30 30 29 28 28 29 29 30 30 29 28
 30 28 29 29 28 29 30 29 29 29 29 29 29 30 30 29 29 29 29 29 29 29 29 29
 28 30 30 28 28 29 29 29 29 29 30 29 29 28 29 29 28 29 30 29 28 28 29 30
 29 29 29 30 29 29 29 29 29 29 29 29 28 29 29 30 30 29 28 29 29 28 29 30
 30 28 28 30 30 29 29 29]"
