"[30 32 29 30 29 29 28 32 29 29 30 30 29 29 29 29 30 28 29 29 28 29 30 28
 29 30 29 29 30 29 29 30 29 27 29 30 29 29 29 29 30 30 29 29 29 29 29 29
 28 28 29 29 29 29 29 28 29 29 29 28 29 30 30 29 29 29 29 29 29 29 29 29
 29 29 29 29 29 29 30 30 29 29 29 29 29 29 29 29 30 30 29 28 28 29 29 29
 29 29 29 30 29 28 28 29 29 29 29 30 29 28 28 29 29 28 29 29 29 28 28 30
 29 29 29 29 29 29 29 29 29 29 28 28 29 29 30 29 29 29 29 29 30 30 29 28
 29 30 29 28 28 29 29 29 30 29 29 29 29 29 30 29 29 28 29 30 30 28 28 29
 29 29 29 30 30 29 29 29 29 30 29 28 29 30 30 29 30 29 29 29 29 28 29 29
 29 29 30 28 32 33 27 31]","[32 27 26 31 25 30 30 27 30 29 28 28 29 29 30 30 27 27 30 31 29 28 28 27
 28 29 28 28 29 29 28 29 31 29 29 30 30 28 28 29 27 28 29 29 29 30 30 29
 30 30 29 29 29 29 29 29 29 30 30 29 28 28 28 28 30 30 29 29 29 29 28 28
 29 30 30 30 29 29 28 28 28 29 29 29 29 29 29 29 27 28 30 30 30 29 29 29
 29 28 28 29 29 29 30 30 30 29 28 29 29 29 29 29 29 28 29 30 30 29 29 29
 28 28 29 29 29 29 29 28 30 29 29 29 29 29 29 29 30 29 29 29 29 30 30 30
 29 29 30 29 29 29 29 29 29 29 29 29 29 29 29 29 30 28 28 28 29 29 29 30
 29 28 27 27 28 28 29 30 29 28 29 30 30 28 28 30 27 28 29 30 30 29 29 29
 30 28 30 28 25 24 33 28]","[ 31  30 106 105 109 108 103 102  99  98  97  98 101 104 106 106 117 121
 131 140 145 151 157 160 158 159 158 157 158 157 156 156 152 153 151 150
 148 142 140 145 156 156 155 153 151 151 151 152 151 150 148 147 147 147
 146 146 139 141 142 140 138 138 138 138 134 132 130 130 130 130 129 127
 126 125 123 122 121 121 120 120 116 115 113 110 108 105 103 101  98  98
  97  95  93  93  93  94  97  95  94  93  93  92  90  90  88  87  86  87
  87  86  84  83  83  83  82  83  82  81  80  80  82  82  81  81  81  81
  81  81  81  82  82  82  81  81  80  80  81  80  80  81  81  82  82  81
  81  82  83  83  83  82  82  82  81  81  80  78  75  73  71  71  73  71
  68  66  66  67  66  65  66  65  64  64  64  64  65  66  63  59  56  56
  55  53  57  64  66  67  68  70  73  75  79  82  78  80  82  83  88  91
  85  27]","[ 30  28 105 107 104 106 109 109 107 105 103 102 103 105 106 107 100 102
 106 109 109 111 113 114 122 128 137 145 152 154 152 152 155 159 157 154
 150 141 139 148 149 151 153 154 153 152 153 154 156 154 153 152 152 152
 150 149 151 152 152 150 147 145 145 144 142 141 139 138 138 138 137 137
 140 138 134 132 130 130 129 129 130 129 127 125 122 120 117 116 115 112
 109 106 104 103 103 102 102 100  99  99  99  98  96  95  94  94  94  94
  93  91  89  88  90  88  86  85  84  83  82  81  84  83  81  79  79  80
  80  81  80  81  81  81  81  80  80  80  78  78  79  80  81  81  80  79
  80  81  82  82  82  81  81  81  82  83  84  83  81  79  79  79  81  80
  77  73  71  72  71  68  66  66  66  67  66  64  64  64  64  62  62  63
  61  57  57  60  59  58  58  58  59  61  65  68  71  74  77  78  75  77
  80  30]","[ 29  29 109 110 110 112 113 110 111 110 108 106 105 105 106 107 111 108
 107 106 104 105 106 105 108 108 106 106 109 112 115 118 122 128 132 136
 140 139 141 151 159 160 160 159 157 154 154 156 154 153 153 154 155 155
 155 154 152 153 153 152 150 150 149 149 147 146 146 146 146 146 146 147
 149 147 145 143 142 141 140 139 139 138 137 136 134 133 131 129 126 124
 123 123 122 120 117 114 111 109 107 107 108 106 103 101 101 101 100  99
  97  95  95  95  94  93  91  89  88  88  87  86  87  86  84  82  81  82
  83  84  82  83  83  83  82  82  81  80  80  80  80  80  81  81  80  80
  80  81  81  80  79  79  79  79  77  79  81  82  81  81  83  84  82  83
  82  80  79  79  79  77  74  74  75  75  73  70  69  68  67  67  66  66
  65  62  60  59  61  61  61  60  58  57  57  58  56  57  57  61  59  66
  66  29]","[ 29  27 130 121 126 124 120 120 113 113 112 111 109 109 110 110 112 108
 105 104 105 108 110 109 108 109 107 105 105 103 102 103 103 105 105 108
 114 115 114 117 115 122 133 145 151 153 154 156 160 159 159 158 158 158
 157 156 157 157 157 156 154 153 152 151 149 150 150 151 151 151 152 153
 154 155 155 155 154 153 151 150 150 149 147 146 145 144 142 140 142 140
 138 138 138 137 134 131 129 126 124 123 122 120 116 114 113 112 109 105
 102  99  99 100 100 100 100  99  99  99  98  97  91  91  90  89  88  87
  88  88  87  86  85  85  84  83  82  81  83  82  80  80  80  80  81  81
  82  81  80  79  78  77  77  77  77  78  79  79  78  78  79  80  78  80
  81  81  81  81  80  80  81  81  80  79  76  74  74  74  76  75  71  67
  67  68  68  67  65  65  64  63  61  60  60  61  57  61  59  57  53  61
  59  29]","[ 28  33 135 142 138 137 135 127 129 128 125 123 120 118 117 116 120 115
 111 110 110 113 114 112 111 111 109 107 107 108 108 110 108 107 105 105
 108 109 107 105 103 102 103 106 109 112 117 123 129 130 133 137 142 147
 151 153 153 156 158 159 158 158 158 158 155 155 155 155 155 155 155 154
 154 155 157 158 158 157 155 154 155 154 154 154 155 154 153 152 152 150
 148 146 145 145 144 143 140 137 134 134 134 133 131 130 130 127 124 120
 116 113 111 111 107 108 106 104 102 102 102 101 101 101 101  99  96  95
  95  96  94  92  91  90  90  89  87  86  87  86  84  83  83  83  83  83
  84  83  81  81  80  80  80  79  76  77  78  77  76  76  77  78  79  79
  80  81  82  81  80  80  82  82  81  79  77  75  76  77  77  77  76  75
  75  76  74  72  73  71  69  67  65  64  64  65  64  60  59  65  65  61
  57  29]","[ 30  28 160 153 153 151 152 149 145 143 140 138 136 134 132 131 132 127
 123 122 121 122 121 119 117 118 117 115 116 115 113 114 114 113 112 110
 108 110 110 108 106 107 109 111 110 106 104 104 104 104 103 103 104 107
 110 112 114 121 130 138 145 151 157 160 163 161 160 160 160 159 157 155
 156 157 158 159 159 158 158 159 159 158 158 158 159 159 158 157 157 157
 157 156 155 154 153 153 152 149 145 143 143 142 140 138 139 137 136 135
 133 129 126 124 124 123 119 113 110 110 110 110 109 109 107 104 100  99
 100 101  99  97  95  94  94  94  92  91  88  88  88  88  87  86  84  83
  86  84  83  83  83  84  83  82  82  82  82  80  79  78  79  79  78  76
  76  78  80  79  79  79  80  80  80  79  77  76  76  77  78  77  75  74
  74  76  77  77  74  74  74  74  73  70  68  67  67  67  65  64  66  65
  66  29]","[ 29  28 168 166 165 164 161 160 158 157 155 154 153 153 152 151 147 147
 145 142 140 138 135 134 131 129 129 128 126 124 123 121 116 118 120 119
 119 122 123 122 119 116 115 117 117 115 113 113 114 115 115 113 109 107
 106 106 106 105 105 105 105 104 105 108 119 123 128 131 136 146 154 154
 160 163 167 165 160 159 161 161 162 161 160 161 161 161 161 161 160 157
 160 160 158 160 161 160 160 157 154 153 154 153 151 150 150 152 150 147
 145 143 140 139 139 137 136 135 135 132 129 126 125 121 118 118 116 113
 112 108 107 107 106 103 101 100 101 101  98  98  97  96  95  92  90  90
  92  89  88  88  89  88  86  85  84  84  83  80  80  82  81  79  79  78
  76  76  77  79  78  77  79  78  77  77  77  76  77  78  77  77  75  73
  74  77  77  76  77  76  75  75  74  74  73  73  74  72  72  73  73  72
  72  29]","[ 30  28 170 168 168 168 166 166 165 165 164 163 162 162 161 160 158 158
 157 156 154 153 151 150 147 145 144 143 140 139 138 135 133 135 134 131
 130 130 129 127 126 123 122 124 126 126 125 125 121 121 121 120 118 117
 115 114 115 114 114 115 115 112 110 110 107 102 101 105 107 108 110 111
 118 121 127 133 137 145 153 155 153 156 160 165 166 165 164 164 164 160
 161 163 164 164 161 160 165 162 159 159 161 161 161 161 158 159 157 155
 156 156 154 153 148 148 147 146 145 143 139 136 138 135 131 131 129 128
 129 127 123 121 118 114 111 108 106 106 105 103 101 101 100 100 100 100
  96  97  97  96  94  91  90  91  86  86  85  84  86  87  86  84  82  83
  83  82  82  81  78  75  80  79  78  78  78  78  77  77  77  76  75  73
  74  75  75  74  77  76  75  75  75  75  74  73  73  73  74  75  74  75
  75  30]","[ 30  29 171 170 171 172 171 172 171 171 170 170 170 170 169 169 168 168
 168 167 166 165 164 163 164 161 159 158 155 153 153 151 148 148 147 144
 142 141 140 138 139 136 133 134 135 134 132 131 129 127 124 123 124 126
 128 128 121 118 116 116 117 116 114 114 112 109 108 109 110 112 112 109
 111 108 105 102 102 107 111 111 114 116 120 125 130 137 146 153 160 159
 163 166 169 169 168 172 164 163 163 163 163 161 159 157 163 163 160 159
 161 160 157 155 156 157 156 155 154 153 152 149 147 146 147 147 146 144
 143 142 141 136 131 127 124 122 122 124 122 118 114 112 111 109 108 107
 103 105 105 104 101  98  96  96  96  96  95  94  94  94  92  88  86  86
  86  85  85  84  83  81  83  82  81  81  82  82  80  79  79  79  78  77
  76  76  75  74  76  75  74  74  75  74  73  72  71  73  73  74  73  74
  75  29]","[ 29  29 171 171 172 173 173 174 173 172 172 172 173 172 172 171 171 171
 171 170 169 169 168 168 170 168 167 165 163 163 163 161 160 160 160 158
 157 156 155 154 152 150 148 147 145 142 140 139 144 140 136 132 131 132
 132 132 133 129 126 125 125 125 125 125 122 122 122 121 120 121 121 119
 114 113 114 114 112 110 106 100 108 108 108 106 102 100 100 102 108 114
 126 137 146 147 146 153 159 161 164 166 168 168 167 167 163 163 162 163
 166 166 162 161 160 161 161 159 158 160 160 159 156 155 154 153 154 155
 153 155 154 149 144 142 140 138 137 138 135 132 129 128 127 124 121 119
 116 115 113 112 112 110 106 102 102 102 102 102 102 101  99  97  95  94
  93  92  91  91  90  89  86  85  84  83  83  83  82  80  81  81  81  80
  79  77  76  75  76  75  75  76  77  77  75  73  72  72  72  73  73  73
  73  28]","[ 29  29 171 171 171 172 172 173 173 172 172 172 173 172 171 171 172 172
 172 171 171 171 170 169 171 169 169 169 168 168 169 167 168 168 167 166
 166 165 164 164 162 163 163 162 160 157 155 154 154 153 152 150 148 144
 142 140 142 140 138 136 134 132 130 129 132 127 127 130 127 122 122 125
 125 123 122 120 117 117 117 113 112 111 109 108 108 108 109 110 108 104
 102 103 108 109 108 114 125 127 130 134 139 145 150 153 163 163 162 164
 168 170 170 170 161 163 163 162 161 161 161 161 160 159 159 157 159 159
 155 157 157 155 154 154 154 151 149 148 148 146 144 143 141 139 136 133
 133 131 128 127 127 126 122 117 112 112 111 109 107 105 103 102 100 101
 101 101 101 100  99  97  97  96  95  92  91  90  89  88  87  87  87  86
  85  83  82  81  80  79  78  79  80  80  79  77  75  74  74  75  75  74
  74  29]","[ 29  29 172 172 172 172 171 172 172 172 172 172 172 172 171 171 171 172
 172 171 171 171 171 171 171 170 171 171 171 172 172 171 168 168 168 168
 168 168 168 168 168 170 171 171 169 167 166 166 161 162 163 162 161 158
 157 156 157 156 154 151 149 147 147 147 142 138 137 138 136 134 132 130
 126 127 129 129 127 127 126 123 117 117 119 121 121 117 113 110 115 113
 114 114 114 110 104 106 106 107 106 104 104 105 106 106 113 114 117 124
 135 143 150 155 162 164 167 168 169 169 169 169 168 166 165 160 161 161
 157 162 162 160 159 158 158 158 156 155 156 154 152 151 149 147 146 145
 146 146 145 142 141 140 137 134 131 130 128 124 120 116 113 112 109 108
 107 105 104 104 103 102 102 103 102  99  97  97  97  96  94  93  93  93
  92  90  89  88  83  82  81  81  82  82  81  80  79  78  77  78  78  78
  76  30]","[ 29  29 172 172 172 172 171 172 172 172 171 171 171 172 171 171 171 171
 171 171 171 171 171 171 171 170 171 171 171 171 172 170 169 168 169 170
 171 171 172 172 171 172 172 172 171 170 170 169 171 170 169 168 166 165
 164 164 166 165 163 161 160 161 162 163 158 159 158 154 152 154 153 147
 145 143 142 138 135 135 137 136 131 127 124 122 123 124 125 125 119 118
 121 121 118 117 115 116 110 113 114 113 113 113 113 111 112 109 105 104
 105 103 102 103 102 105 112 121 129 135 141 146 152 157 166 167 170 167
 157 160 165 165 163 160 159 160 159 157 156 155 155 155 154 154 155 156
 153 155 154 152 151 151 149 147 146 144 142 141 140 138 135 134 131 128
 123 118 115 113 112 110 108 109 107 104 103 103 102 100 101  99  98  98
  97  95  94  94  91  90  89  88  88  87  87  86  85  86  85  83  82  83
  80  29]","[ 29  30 173 173 172 172 171 171 172 172 171 171 172 172 172 172 172 172
 172 171 171 171 171 171 171 170 170 170 169 169 170 168 169 168 168 170
 171 171 170 171 172 172 171 170 171 172 172 171 170 171 171 171 171 170
 169 168 168 168 168 168 168 168 167 166 163 164 166 167 164 164 166 167
 160 161 162 160 156 154 153 150 146 142 139 138 138 138 137 137 128 124
 127 129 128 128 125 121 121 122 121 117 116 116 116 114 116 114 111 112
 114 112 109 108 110 107 106 106 105 103 104 108 113 115 118 115 122 130
 133 148 154 158 161 162 165 168 167 163 160 160 160 159 157 156 156 157
 157 158 158 157 158 159 157 153 156 153 151 152 152 150 147 145 145 143
 140 138 137 136 133 130 130 129 127 123 121 120 117 113 110 107 106 106
 105 103 102 102 102 101 100  98  97  96  95  95  91  95  93  88  87  89
  84  29]","[ 30  28 174 173 171 173 171 173 171 172 172 173 173 172 171 171 172 172
 171 171 172 172 172 171 171 171 171 171 171 170 169 168 169 170 171 171
 171 171 171 171 171 171 171 172 172 172 172 172 172 171 171 171 171 171
 170 170 170 171 172 172 173 172 172 172 170 170 169 169 170 171 170 168
 169 169 168 166 164 162 161 160 156 159 159 156 153 151 149 147 145 146
 147 145 142 137 133 130 130 129 128 127 126 124 121 119 124 120 116 114
 116 117 116 113 113 116 115 113 114 112 111 113 113 111 109 107 105 104
 106 108 110 110 116 121 122 125 135 144 148 151 156 160 162 163 163 161
 163 165 161 157 159 160 157 156 157 158 158 158 157 158 158 157 154 153
 152 150 148 145 144 145 142 146 144 137 134 133 130 128 127 125 121 121
 118 115 114 110 105 104 104 106 106 103 101 101  97 100  99  98  96  94
  94  30]","[ 29  28 174 173 173 174 173 174 174 174 173 173 173 172 172 172 172 171
 171 172 172 173 173 172 171 171 171 171 171 171 170 170 170 171 171 171
 171 171 171 171 172 171 171 171 171 171 172 172 172 171 171 171 171 171
 171 171 171 171 171 171 171 171 171 171 171 171 170 170 171 172 171 169
 169 170 170 170 169 169 169 169 166 168 169 167 165 164 163 161 161 162
 163 162 159 156 152 150 150 148 147 145 143 141 138 135 132 131 128 125
 123 122 122 122 120 120 119 119 121 121 119 118 117 117 116 114 112 110
 110 111 111 107 106 106 105 106 107 106 103 106 110 114 120 126 132 135
 146 151 156 161 166 166 163 164 166 164 161 160 161 163 162 159 161 159
 157 156 155 154 154 155 155 155 154 153 152 148 145 146 143 141 138 138
 135 132 131 127 125 123 121 119 117 113 110 108 107 106 102 102  99  97
  98  29]","[ 29  28 174 174 174 176 174 175 175 174 174 173 173 173 173 173 172 172
 172 172 173 173 173 173 172 172 172 172 172 172 172 171 171 171 170 170
 171 171 171 171 172 171 170 170 170 170 171 172 172 172 171 171 172 172
 171 171 172 171 171 171 171 171 171 171 172 172 172 171 172 173 172 171
 171 171 172 172 171 171 171 171 169 170 171 170 169 170 169 168 169 170
 170 170 168 166 164 163 162 161 159 158 156 154 151 149 148 148 145 142
 140 139 138 137 136 132 129 129 129 128 124 119 120 122 124 123 121 118
 117 117 116 115 113 112 110 111 111 108 110 109 107 104 102 103 105 107
 110 112 115 121 128 133 139 147 150 153 157 160 163 166 167 166 163 163
 163 163 161 159 160 162 161 159 155 154 155 154 154 157 154 152 149 150
 148 146 146 143 141 139 136 133 131 129 127 124 121 117 114 115 110 109
 109  28]","[ 29  28 175 175 174 176 174 175 175 174 174 173 173 174 174 174 174 174
 173 173 174 174 173 173 173 173 173 173 173 173 172 172 172 171 171 171
 171 172 171 171 171 171 170 170 170 171 172 173 172 172 172 171 171 171
 171 171 172 172 172 171 171 171 171 171 171 171 172 172 172 172 172 172
 172 172 172 171 171 171 170 170 170 171 171 170 171 172 172 170 171 171
 171 171 170 169 168 168 168 167 166 166 165 164 163 161 163 161 159 158
 159 159 157 155 155 149 146 145 142 140 137 130 129 130 131 130 128 126
 124 123 122 121 121 119 116 117 118 116 115 115 114 113 112 112 111 110
 105 104 102 101 100 100 101 105 105 109 113 116 121 130 140 146 151 157
 165 168 166 163 163 165 161 164 163 160 160 159 157 155 158 156 154 154
 152 152 154 152 152 151 148 145 143 144 142 140 140 137 135 136 130 129
 126  27]","[ 29  29 175 175 174 176 175 176 175 175 175 175 175 175 175 175 175 175
 174 175 175 175 174 174 175 175 174 174 173 173 173 173 174 173 173 172
 172 172 172 171 172 171 172 172 172 173 173 173 173 173 172 172 171 171
 171 171 172 172 172 172 172 172 172 172 171 171 171 172 172 171 172 172
 172 172 172 172 172 172 172 172 172 171 171 171 172 172 172 171 172 172
 171 171 171 171 171 171 171 171 171 171 171 171 171 170 169 168 166 166
 168 169 167 165 165 162 162 161 158 158 158 154 151 150 148 145 143 141
 139 137 139 135 133 131 128 127 126 125 123 122 122 121 121 120 117 113
 114 114 114 112 111 111 110 108 101 104 107 107 106 106 104 103 105 106
 108 112 117 127 140 150 146 151 154 155 159 164 167 169 161 162 160 159
 157 156 158 155 155 154 153 151 151 153 154 152 149 148 147 146 142 144
 142  29]","[ 29  29 176 176 174 176 176 178 177 178 178 178 177 177 176 176 175 175
 175 176 177 177 177 176 176 176 175 174 174 173 173 173 175 175 174 173
 173 172 171 170 172 172 172 173 173 172 172 172 173 173 173 172 171 171
 171 172 172 172 172 172 172 172 172 172 172 171 171 172 172 171 172 172
 173 172 172 172 172 172 171 171 172 171 170 171 171 171 170 170 171 171
 171 171 171 171 171 171 171 171 171 171 171 171 171 170 170 171 171 170
 169 169 169 170 170 169 170 169 167 166 167 167 167 166 162 158 157 157
 156 154 152 149 148 145 140 138 138 139 138 136 132 129 128 127 124 121
 122 120 119 116 114 116 117 114 114 115 115 112 110 110 111 111 109 106
 103 103 102 101  99  98 104 104 105 109 114 119 127 136 148 152 155 158
 158 160 165 163 163 162 160 158 157 156 155 154 155 154 151 149 146 149
 150  29]","[ 29  29 177 176 173 175 176 179 179 179 179 179 179 178 178 177 176 176
 177 177 178 179 178 178 176 176 176 175 174 174 174 174 175 175 175 175
 174 173 172 171 173 173 173 173 173 173 172 172 174 174 174 173 172 172
 173 173 173 172 172 172 172 172 172 172 172 171 171 172 172 171 171 172
 173 173 172 171 171 171 170 170 172 172 171 172 172 171 171 171 171 171
 171 171 172 172 172 171 172 172 172 171 171 171 171 171 170 171 171 170
 169 170 170 171 172 172 171 170 169 167 166 167 168 168 166 163 162 163
 164 163 162 162 163 160 154 153 154 153 151 148 144 140 137 136 134 132
 128 126 126 125 122 122 123 120 119 121 122 120 118 117 116 114 115 113
 112 114 115 114 110 106 105 104 103 104 103  98  98 103 101 107 111 116
 117 122 129 130 145 146 150 154 157 159 161 163 155 156 153 153 151 152
 152  27]","[ 29  30 177 175 172 173 174 178 179 179 179 180 180 179 179 178 178 178
 178 179 179 179 179 178 176 176 176 175 175 174 175 176 175 176 177 177
 176 175 174 174 174 174 174 175 175 175 174 174 174 174 174 174 173 173
 174 175 174 174 173 172 172 172 172 172 172 171 170 171 172 171 171 172
 173 172 172 171 172 173 173 172 171 170 171 172 172 171 170 171 170 169
 170 171 171 172 171 170 170 171 171 171 171 171 171 171 171 170 169 169
 171 172 172 170 171 173 171 170 172 171 168 169 169 171 170 167 166 167
 168 168 166 166 166 165 165 169 168 162 161 161 160 158 156 156 155 154
 153 147 145 144 138 136 138 137 135 131 124 120 121 123 121 118 115 116
 117 119 119 118 116 115 113 115 113 110 110 109 109 110 103 106 105 101
  96  95 100 100  99 101 106 112 116 117 120 123 135 139 142 151 155 155
 155  31]","[ 29  30 177 174 174 173 176 176 178 178 177 178 179 179 179 179 179 179
 179 179 179 179 179 179 178 176 175 174 175 175 175 175 174 175 177 176
 174 174 175 176 174 174 174 174 174 174 175 176 175 174 174 175 175 174
 175 175 174 174 174 173 173 174 173 173 173 173 172 172 172 172 171 171
 171 171 172 172 172 172 172 172 172 172 172 172 172 171 171 172 171 172
 172 173 173 172 172 171 172 171 170 171 172 172 171 171 171 172 172 170
 169 169 170 170 171 171 171 171 172 171 170 168 170 171 171 169 167 167
 168 169 168 168 167 167 167 167 167 166 167 166 165 163 162 162 162 162
 159 159 159 157 155 153 152 152 147 146 143 140 139 138 135 131 132 130
 127 124 122 124 124 121 121 118 116 115 116 117 118 118 114 113 113 112
 110 109 109 109 108 107 106 105 104 103 101  99  99  99 103 108 115 122
 121  31]","[ 29  30 176 175 175 174 176 176 177 177 176 176 177 178 179 178 178 178
 178 179 179 179 179 179 179 177 176 175 175 176 176 175 175 177 178 177
 176 175 175 176 175 175 175 176 176 175 176 177 176 175 175 176 176 175
 176 176 175 176 176 175 175 174 175 174 175 174 174 174 174 173 173 173
 172 172 172 172 172 172 172 173 173 172 172 173 173 172 172 172 172 172
 172 173 173 172 172 172 172 171 171 171 172 172 171 171 171 171 171 170
 170 171 171 170 171 171 172 172 172 171 169 169 169 170 170 169 168 169
 169 170 169 168 167 167 167 168 168 169 168 167 166 165 165 165 165 165
 163 163 163 163 163 163 163 163 162 161 159 156 155 154 152 148 146 145
 144 140 136 135 134 130 131 128 125 123 122 123 122 121 118 118 119 119
 118 117 116 115 116 116 114 113 112 111 109 107 108 102 103 102  98  98
 101  26]","[ 29  29 176 175 176 175 177 176 177 176 175 175 177 178 178 178 176 177
 178 178 179 179 179 179 180 178 177 176 176 177 176 176 175 176 177 177
 177 176 175 175 175 175 175 176 176 176 175 176 175 174 174 175 175 175
 176 176 176 178 179 177 176 175 176 176 177 176 176 175 174 174 174 174
 173 174 174 174 173 173 173 174 173 173 173 174 174 173 172 172 173 173
 172 172 172 172 173 173 173 172 171 171 172 172 171 171 171 171 170 170
 171 172 171 170 172 172 172 172 171 170 170 169 170 170 169 168 168 169
 169 169 168 168 167 167 168 169 169 169 168 167 166 166 166 167 167 166
 166 166 166 166 165 165 166 166 165 165 164 163 163 164 163 161 159 160
 161 158 154 152 152 149 148 145 142 140 139 138 136 135 127 127 127 127
 126 124 122 122 123 122 121 120 119 119 118 117 119 112 116 116 114 108
 106  29]","[ 29  29 175 175 177 177 178 176 177 176 175 175 177 177 177 176 176 177
 177 178 179 179 178 178 180 179 178 177 177 177 177 176 176 176 177 177
 178 177 176 176 174 174 174 175 176 176 175 174 174 173 173 174 175 175
 176 177 178 179 179 177 176 176 176 176 177 177 177 176 175 174 174 175
 175 176 176 176 175 174 175 175 174 174 175 175 175 174 173 173 174 174
 173 172 172 173 174 174 174 173 172 172 172 173 172 172 172 172 172 171
 171 172 172 171 172 172 173 172 171 170 170 170 171 171 169 168 168 169
 169 169 167 167 167 168 168 169 168 168 168 167 166 165 166 167 167 166
 166 166 166 165 164 163 164 164 164 165 165 165 165 166 166 165 163 163
 164 162 160 160 161 160 158 156 154 153 152 151 150 149 146 144 142 141
 139 137 136 135 132 131 129 127 127 127 126 125 123 117 118 115 118 119
 116  30]","[ 29  29 175 175 178 178 179 176 177 176 175 176 176 176 175 175 176 177
 177 178 178 178 178 178 178 177 177 177 178 178 178 178 178 177 177 178
 178 178 177 176 175 175 175 176 177 176 175 174 174 173 174 175 176 177
 178 179 179 179 178 177 176 177 177 177 177 177 177 177 176 175 176 176
 176 177 178 178 177 176 176 176 176 175 176 176 176 175 174 174 175 174
 174 173 173 174 174 175 175 174 174 173 174 174 174 174 175 175 174 173
 172 172 172 172 172 172 172 172 172 171 171 171 173 172 170 169 169 170
 171 170 169 168 168 168 168 168 168 168 169 168 166 166 166 167 167 167
 166 166 166 166 165 166 166 167 167 167 167 167 166 166 165 165 165 163
 163 163 161 162 163 162 161 160 160 159 160 160 159 158 159 157 156 155
 154 152 151 151 148 147 144 141 139 139 138 138 135 132 132 124 125 128
 127  30]","[ 29  29 175 176 178 178 179 176 176 176 176 176 176 175 174 174 176 176
 176 177 177 177 177 177 176 176 177 177 178 179 179 179 179 179 178 178
 178 178 176 175 175 175 175 176 176 175 175 175 174 174 174 175 176 177
 178 179 179 179 178 177 177 178 178 177 176 176 177 177 178 178 178 178
 177 178 178 178 177 176 176 176 176 176 176 176 176 175 175 175 176 175
 175 175 175 175 175 176 176 175 175 175 175 175 175 176 176 176 175 173
 171 171 172 173 173 173 173 173 172 172 172 172 173 173 171 170 170 171
 172 171 172 171 169 168 168 168 170 171 170 169 167 167 167 167 167 167
 166 167 167 167 167 167 168 168 167 167 167 166 166 165 165 165 166 164
 165 165 165 165 165 163 163 163 162 163 163 164 164 163 160 160 161 162
 162 161 160 160 160 159 157 154 153 153 153 153 147 146 149 146 145 142
 139  27]","[ 29  29 176 176 179 178 179 176 176 176 176 176 175 175 175 175 176 176
 176 176 176 177 177 178 176 177 177 178 179 179 179 179 179 179 178 178
 178 177 175 174 175 175 175 175 175 174 174 174 175 174 174 175 175 176
 176 177 177 178 178 178 177 177 177 177 176 176 177 178 179 179 179 179
 178 178 178 177 176 176 176 176 176 176 176 176 176 176 176 177 176 176
 176 176 176 176 176 176 176 176 176 175 176 176 177 177 176 176 175 173
 173 173 174 174 175 174 174 173 173 173 173 173 173 173 173 172 172 172
 172 171 172 172 171 170 169 169 171 172 169 169 168 168 168 168 167 167
 167 168 168 168 167 167 167 167 167 167 167 167 167 167 166 166 165 163
 164 165 164 164 164 163 163 163 162 163 163 164 164 164 162 163 164 165
 166 165 164 165 162 163 162 161 161 161 161 161 159 157 157 157 158 156
 156  31]","[ 29  29 176 176 179 178 178 176 176 177 177 176 176 176 177 177 177 177
 177 177 178 179 179 180 178 178 179 179 179 178 178 178 179 179 179 179
 179 178 176 174 175 175 175 175 174 173 173 174 175 175 174 175 175 175
 175 176 175 177 178 178 177 176 176 176 176 176 177 178 179 179 179 178
 179 178 177 175 175 175 176 176 176 176 175 176 176 176 176 177 176 176
 177 177 177 177 176 176 176 176 176 176 176 177 177 178 177 176 175 175
 175 177 177 176 176 175 175 174 174 174 174 173 174 175 175 175 174 173
 172 170 170 171 172 172 170 170 170 171 169 169 170 170 169 169 168 167
 168 169 169 169 169 168 168 168 169 168 167 167 167 166 165 165 168 166
 166 166 164 164 165 165 166 165 165 165 165 165 165 165 165 165 165 165
 164 163 164 165 163 164 165 164 163 163 162 161 160 162 162 161 161 161
 163  27]","[ 29  29 174 176 177 178 177 175 176 176 177 177 177 176 175 176 175 176
 178 178 178 178 179 180 177 178 179 178 177 176 177 179 178 179 179 179
 179 178 177 175 175 176 177 176 175 174 174 175 175 175 175 175 175 175
 175 174 176 177 178 178 175 174 174 175 176 176 177 178 179 179 179 179
 177 177 177 176 176 176 176 176 176 176 176 175 175 176 177 177 176 176
 176 177 178 178 177 176 176 176 176 176 176 177 178 178 176 177 177 176
 176 177 178 178 178 176 175 175 175 175 175 175 174 175 175 175 174 173
 173 173 172 172 172 172 172 172 172 172 171 171 171 171 170 170 169 169
 170 171 171 171 170 169 169 170 168 168 167 167 167 167 166 165 166 167
 167 166 166 166 166 166 167 167 166 166 165 166 166 166 167 166 165 164
 163 163 164 165 165 164 164 165 165 164 163 163 162 163 162 162 161 162
 163  28]","[ 29  29 174 176 176 177 176 174 175 175 175 176 177 176 175 175 176 177
 178 179 179 179 179 179 178 178 179 178 177 177 177 178 178 179 179 179
 179 179 178 177 177 177 177 177 176 175 175 175 175 175 175 175 175 175
 175 175 175 176 177 176 174 173 173 173 175 176 177 178 178 178 178 178
 177 177 176 176 176 176 175 175 175 175 175 175 175 176 176 176 176 176
 176 177 178 178 177 176 176 175 175 175 176 176 177 177 176 177 177 177
 177 178 179 178 178 177 176 176 177 176 176 176 176 176 176 176 175 175
 174 174 175 174 174 173 173 172 172 172 171 171 171 171 171 171 171 171
 172 172 172 172 171 171 170 170 169 169 169 169 169 168 167 166 167 168
 168 167 167 167 167 167 167 167 167 167 167 167 167 167 166 165 164 162
 162 163 163 164 164 164 164 165 165 165 164 164 164 164 164 164 162 162
 164  28]","[ 29  29 175 176 176 176 175 174 175 174 174 175 177 176 175 175 175 176
 177 178 179 179 179 179 178 178 178 178 177 177 177 178 178 179 179 179
 179 179 179 178 179 178 177 176 176 176 176 176 175 175 175 175 175 175
 176 176 175 175 176 175 174 173 173 173 175 175 176 176 177 177 177 176
 176 176 176 176 176 175 175 175 174 175 175 175 175 176 176 175 176 176
 175 176 177 178 177 177 175 175 175 175 175 175 176 176 176 177 176 176
 178 179 179 178 177 176 176 176 177 176 176 176 176 177 177 176 176 175
 175 175 177 176 175 174 174 173 174 174 172 173 173 173 173 173 173 173
 173 173 173 172 172 172 171 171 170 170 171 171 171 170 169 168 169 170
 170 169 169 169 169 169 167 167 168 169 169 169 168 168 167 166 164 163
 164 165 165 165 164 163 164 165 166 166 165 165 165 166 165 165 163 163
 164  29]","[ 29  30 175 176 175 175 175 175 175 174 174 176 177 176 176 176 175 175
 176 177 177 178 178 179 178 178 177 177 177 176 176 176 177 178 179 178
 178 179 179 179 179 177 176 176 176 177 177 176 176 175 175 175 175 175
 176 176 176 175 175 175 174 174 174 174 174 174 175 175 176 176 175 175
 176 176 176 176 176 175 175 174 174 175 175 175 175 176 176 176 176 176
 175 175 176 176 176 176 175 175 175 175 175 175 175 175 176 176 175 176
 177 178 177 176 175 174 174 175 176 175 175 176 176 176 176 175 175 175
 175 175 176 175 174 174 173 174 174 175 174 174 174 174 174 174 174 174
 174 173 173 173 173 173 172 171 172 172 172 173 173 172 171 170 171 172
 172 171 171 171 171 171 169 169 170 170 170 170 170 169 168 167 166 166
 167 168 168 168 165 164 165 166 167 166 165 165 166 166 166 166 164 164
 165  29]","[ 29  30 175 177 176 176 176 176 175 175 176 177 177 176 177 178 176 176
 176 176 176 177 178 178 178 177 176 176 176 176 176 175 177 178 179 179
 179 179 179 179 178 176 175 175 176 177 177 176 175 175 175 175 175 175
 175 175 175 175 175 175 174 174 174 173 173 174 174 175 175 175 175 175
 176 176 176 176 176 176 175 175 175 175 175 175 175 176 176 176 177 176
 175 174 175 175 175 175 176 176 175 175 175 175 175 175 175 175 174 174
 175 176 175 174 174 174 174 175 175 175 176 176 175 175 175 175 174 174
 175 175 174 173 173 173 173 173 174 175 174 174 174 174 174 174 174 174
 175 174 173 173 173 173 172 172 172 173 173 173 173 172 172 172 171 172
 172 171 171 171 171 171 171 171 171 171 171 171 171 171 170 169 169 169
 170 170 169 168 167 167 167 168 168 167 165 165 165 166 166 167 165 164
 165  29]","[ 29  30 175 177 176 177 177 177 176 176 177 177 177 176 177 179 179 178
 176 176 176 177 178 178 177 177 177 176 176 176 176 175 177 178 179 179
 179 179 179 179 176 175 174 174 175 176 176 176 175 175 175 175 175 175
 174 174 175 175 175 175 175 174 174 173 173 173 173 174 174 175 175 175
 176 176 176 176 176 176 175 175 175 176 175 175 175 176 176 176 177 176
 175 175 174 175 175 175 176 176 176 175 175 175 175 175 175 175 174 174
 174 175 174 173 173 173 174 175 175 175 176 177 175 175 174 174 173 173
 174 174 173 173 173 173 173 173 173 174 172 173 173 173 174 174 174 174
 175 175 174 174 174 173 173 173 172 173 173 173 173 172 172 172 172 173
 173 172 172 172 172 172 173 173 172 171 171 171 172 172 172 172 171 171
 171 170 169 168 169 168 168 169 169 167 165 165 166 167 166 167 166 166
 165  29]","[ 29  30 175 177 176 177 177 177 176 176 176 176 176 176 177 178 179 178
 176 176 176 177 178 178 178 178 178 177 177 176 176 177 177 178 179 178
 177 178 178 178 177 176 175 175 176 176 176 175 175 175 175 175 175 174
 174 173 174 175 175 175 175 174 173 173 172 172 173 173 174 175 175 175
 176 176 176 175 175 175 175 176 175 176 176 175 175 176 176 175 176 176
 176 175 175 175 176 176 176 176 176 175 175 175 175 175 175 175 175 175
 175 175 175 174 173 173 173 174 174 175 176 177 175 175 174 173 173 173
 174 174 174 174 174 174 174 174 174 174 172 173 173 174 174 174 174 174
 175 175 174 174 173 173 173 173 172 173 174 174 173 173 172 172 173 174
 174 173 173 173 173 173 173 173 172 172 172 172 173 173 174 173 173 172
 171 171 171 170 170 170 170 171 171 169 167 167 168 168 168 169 168 167
 166  29]","[ 30  30 175 176 176 177 177 176 176 175 175 175 176 176 176 177 177 176
 175 175 176 177 178 179 179 179 179 178 178 177 177 178 177 178 178 177
 176 176 177 178 177 176 176 176 176 176 175 175 175 176 176 176 175 174
 173 173 173 173 174 175 174 173 172 171 172 172 172 173 174 175 175 176
 176 175 175 174 174 175 175 176 175 175 176 176 176 176 176 175 176 176
 176 176 176 176 177 177 176 175 175 175 175 175 175 175 175 176 176 176
 176 176 176 175 173 173 173 174 174 175 176 178 176 176 175 174 174 174
 175 176 175 175 175 175 176 175 175 175 174 174 174 174 175 175 174 174
 174 174 174 173 172 172 172 172 171 173 174 174 174 173 172 172 173 173
 174 173 173 173 173 173 173 173 172 172 172 173 173 174 174 173 172 171
 171 171 172 172 172 172 172 173 173 172 171 170 170 170 169 170 170 169
 167  29]","[ 28  29 174 176 176 177 177 176 177 177 177 176 176 177 177 176 176 177
 178 178 177 176 177 178 178 179 180 179 179 179 179 179 180 178 177 176
 176 176 177 177 175 176 176 175 175 176 177 177 176 176 176 176 174 173
 173 173 173 172 172 173 173 172 172 172 172 173 173 174 174 174 174 175
 175 175 175 175 175 175 175 176 175 176 178 179 178 176 175 175 175 177
 177 177 176 177 178 177 176 176 176 176 175 175 176 177 177 177 176 176
 175 175 176 176 174 174 174 175 174 175 177 179 179 177 176 176 175 174
 174 175 176 177 177 177 176 176 176 175 176 176 177 176 175 174 174 175
 176 175 174 173 173 173 172 172 171 172 173 173 173 173 173 174 173 175
 176 175 174 174 174 175 174 175 174 173 170 171 175 172 172 174 173 171
 171 171 171 172 170 171 172 173 172 174 173 170 171 171 171 171 172 170
 171  29]","[ 29  30 174 176 175 176 175 175 175 176 176 175 174 175 175 175 175 176
 177 177 176 175 175 176 176 177 178 177 177 177 178 178 179 177 176 176
 176 176 176 177 177 177 176 175 175 176 178 178 176 176 176 175 174 174
 173 173 173 172 172 173 173 172 172 173 173 173 174 175 175 174 174 175
 174 174 174 174 175 175 176 176 177 177 178 178 178 177 176 175 176 177
 177 176 176 177 178 177 176 176 176 175 174 174 175 175 178 178 178 178
 177 176 176 175 174 175 175 175 175 175 176 178 178 177 176 176 176 175
 174 175 175 176 177 176 176 176 176 176 176 176 176 175 174 174 174 174
 175 174 173 172 172 172 171 171 171 172 173 173 173 173 173 174 174 175
 175 174 173 172 172 173 172 173 170 171 175 173 172 174 172 171 170 172
 174 170 168 171 172 172 173 172 171 172 173 172 172 172 171 171 172 170
 172  29]","[ 30  29 173 175 174 175 175 174 175 176 177 176 174 174 175 175 176 176
 177 177 175 175 175 175 177 178 178 178 178 179 179 179 177 176 176 176
 176 176 177 177 177 177 176 176 176 177 177 177 176 175 175 175 175 174
 174 174 173 172 172 173 173 173 173 174 174 174 175 176 176 175 175 175
 174 174 174 174 175 175 176 176 179 178 177 177 178 178 177 176 178 179
 178 177 177 178 178 177 176 177 177 176 175 174 175 176 178 178 178 178
 178 177 175 174 175 175 176 176 175 175 176 177 176 176 176 176 176 175
 175 176 176 177 178 178 178 178 178 178 178 177 177 176 176 176 176 176
 175 174 174 174 174 173 172 172 172 173 174 175 175 174 174 174 173 174
 175 175 174 173 172 172 173 175 177 175 175 175 172 172 176 176 173 172
 173 172 171 173 170 170 171 174 175 175 173 171 173 173 172 171 172 170
 172  29]","[ 29  28 172 174 174 176 176 175 175 176 177 176 175 176 176 176 176 176
 177 177 176 175 175 175 176 176 176 176 176 177 178 178 177 177 176 177
 177 177 177 177 177 178 178 178 178 178 177 175 175 175 175 176 176 176
 175 174 173 172 172 173 173 173 174 175 174 174 176 177 177 176 176 177
 175 175 175 175 175 176 176 176 179 178 178 178 178 178 178 177 179 180
 179 178 178 179 179 177 176 177 178 177 177 176 177 178 177 177 177 178
 178 177 176 175 177 176 175 175 175 175 175 176 175 175 176 176 176 176
 176 177 178 180 180 179 178 178 179 179 179 178 176 176 176 177 176 176
 175 175 175 175 175 174 174 173 173 174 175 176 176 175 175 174 174 175
 175 176 175 174 173 173 176 173 178 178 175 179 179 174 174 174 172 170
 172 173 170 169 174 173 171 171 173 174 174 175 174 173 171 171 172 171
 172  29]","[ 29  29 173 174 174 176 176 176 175 175 175 175 176 177 176 175 175 176
 176 176 176 175 175 175 176 176 176 176 177 178 178 178 178 177 177 177
 177 176 176 177 178 178 178 178 178 178 176 175 175 176 176 177 178 177
 175 174 174 173 173 173 174 174 175 176 175 175 177 178 178 177 177 177
 176 175 175 175 176 177 177 176 177 177 178 178 178 178 178 179 179 179
 179 178 178 179 178 176 175 177 178 179 178 178 178 179 178 178 178 178
 179 179 179 178 178 176 175 174 174 174 175 176 176 176 177 176 176 176
 176 177 178 179 179 178 177 177 177 178 178 176 174 174 175 175 175 174
 175 175 175 175 175 174 174 173 173 174 175 176 176 175 174 173 176 175
 175 176 176 176 175 176 177 183 186 181 179 183 181 176 177 177 175 173
 173 171 170 171 169 170 168 167 169 171 172 176 173 172 171 171 172 171
 173  29]","[ 29  29 174 175 175 175 176 176 175 175 175 175 177 178 177 175 175 176
 176 176 176 176 176 176 177 177 177 178 179 180 180 179 177 177 176 176
 176 175 176 176 179 178 177 176 177 178 178 177 176 177 178 178 178 177
 175 174 174 174 174 174 175 175 175 176 176 176 177 178 177 176 176 176
 175 175 175 176 177 178 178 177 176 177 178 179 178 178 179 179 179 179
 179 178 178 178 177 176 178 178 179 180 179 179 179 179 180 179 178 178
 179 180 179 179 179 177 175 174 174 175 175 176 177 178 178 177 175 175
 176 176 176 177 178 177 176 176 177 177 177 176 175 174 175 175 175 174
 174 175 175 175 175 174 174 174 174 174 175 176 176 176 175 174 175 174
 175 177 179 178 178 179 182 183 181 192 197 181 172 178 197 217 233 231
 221 206 188 176 173 172 166 163 169 172 171 172 173 173 171 171 173 172
 173  29]","[ 29  30 175 176 174 175 175 175 175 175 175 176 177 177 177 176 176 176
 176 177 177 177 176 176 175 175 176 176 177 178 178 177 177 176 176 176
 175 175 175 177 178 177 176 176 177 178 179 178 178 178 179 178 177 176
 175 174 175 175 175 175 176 175 175 176 176 176 177 177 176 175 175 175
 175 175 174 175 177 178 178 177 177 177 178 179 179 179 179 179 179 180
 179 177 177 178 178 177 180 179 179 179 179 179 179 179 180 179 178 178
 179 179 179 178 179 177 175 175 176 176 176 176 177 178 179 177 176 176
 176 175 175 177 177 176 175 176 177 178 178 177 176 176 176 177 176 176
 175 176 176 176 175 175 175 175 175 175 175 176 177 176 175 174 173 173
 176 180 181 178 174 172 171 179 196 216 194 160 179 216 245 251 249 241
 227 212 198 190 175 176 169 163 168 172 172 174 174 173 172 172 174 172
 173  29]","[ 28  30 175 176 174 174 175 175 175 176 176 176 176 176 176 175 176 176
 176 176 176 176 175 175 175 176 177 177 178 179 178 177 177 176 176 176
 175 175 176 178 176 176 176 176 178 180 179 178 179 179 179 178 177 175
 175 175 175 175 175 176 176 176 176 176 176 176 176 176 176 175 175 176
 175 175 174 175 176 177 177 176 178 178 178 178 179 180 179 179 179 179
 178 176 175 176 178 178 180 179 178 177 178 178 179 178 179 179 178 178
 179 180 179 178 179 177 176 176 177 177 177 177 175 178 179 178 177 177
 177 176 175 176 177 176 175 175 177 178 176 176 176 176 176 176 176 175
 175 176 176 176 175 175 175 176 175 175 175 175 176 176 175 174 173 174
 179 184 182 173 163 157 177 202 224 217 178 177 220 230 214 175 137 122
 118 111 112 122 138 157 167 169 171 171 171 174 175 174 173 173 175 173
 173  28]","[ 29  29 177 176 174 175 173 175 175 175 175 176 176 176 176 176 176 177
 178 178 177 177 177 178 178 178 179 179 178 178 177 175 175 176 176 175
 176 177 178 179 176 176 176 177 178 179 179 179 178 179 179 178 177 176
 176 176 176 178 179 178 177 177 176 175 176 176 176 176 175 175 174 174
 174 174 174 175 175 176 176 176 178 179 178 177 178 179 180 179 179 178
 177 175 175 175 176 176 178 178 178 178 178 179 179 179 179 179 179 179
 180 179 179 179 179 179 179 179 178 179 179 179 179 179 179 178 178 177
 177 177 177 177 177 178 179 179 178 177 175 176 177 177 176 176 176 176
 177 176 176 177 177 177 176 175 178 174 176 178 177 175 173 180 181 188
 192 190 177 155 147 156 188 209 219 203 164 179 188 157 121 103  93  87
  83  81  75  73  84 105 141 164 173 171 172 172 174 174 175 175 175 173
 174  28]","[ 28  29 176 176 174 175 173 175 175 175 175 175 176 176 176 176 176 176
 177 177 176 176 178 179 179 180 180 179 179 179 178 176 176 176 176 176
 177 178 178 178 176 176 176 177 178 179 179 179 179 180 180 179 177 176
 176 176 176 178 179 178 178 178 178 177 176 176 176 176 175 175 175 175
 175 174 173 173 175 176 176 176 177 178 178 178 178 179 179 179 179 178
 176 174 174 175 176 176 177 178 178 179 179 179 179 179 179 179 179 179
 179 179 179 179 178 178 178 178 178 178 179 179 179 179 179 178 178 178
 178 178 177 177 178 178 179 179 178 178 177 178 178 179 178 178 178 178
 178 178 178 178 178 177 176 176 175 177 175 174 175 178 183 184 188 190
 184 171 155 140 139 151 174 190 197 185 152 147 134 108  90  83  85  85
  82  80  77  78  74  80 102 138 171 176 171 176 173 174 175 175 175 174
 175  28]","[ 29  29 177 176 175 176 175 176 175 175 175 175 175 176 176 176 176 176
 176 176 175 176 178 179 179 179 179 179 179 179 178 176 176 177 177 177
 178 179 178 177 176 176 176 177 179 179 179 178 179 179 179 178 177 176
 176 176 176 177 178 177 177 178 179 179 176 176 176 176 175 175 175 175
 176 174 172 172 174 176 176 176 176 177 178 178 178 178 179 178 179 178
 176 174 174 176 177 177 177 178 179 179 180 180 179 179 178 179 179 178
 178 178 178 179 177 177 178 178 178 179 179 179 179 179 179 179 178 178
 178 179 179 179 179 179 179 179 179 178 178 178 179 179 179 179 179 178
 178 178 179 178 177 177 176 176 175 177 173 177 181 183 182 170 160 165
 160 149 140 133 133 140 149 154 146 133 117 116 103  95  81  79  83  83
  78  75  75  78  80  79  80 106 155 178 172 173 174 174 174 174 175 174
 175  29]","[ 29  30 177 177 176 177 176 177 175 175 175 175 176 176 176 176 178 178
 177 176 176 176 178 179 179 179 179 178 179 179 177 175 177 177 177 177
 178 179 178 176 175 176 176 178 179 179 178 178 179 179 179 178 177 176
 177 177 177 177 177 177 177 177 178 178 177 177 177 176 176 175 175 175
 176 174 172 172 173 175 176 176 176 177 179 179 178 178 178 179 179 178
 176 175 175 177 178 178 178 178 179 179 180 179 179 179 178 179 179 178
 177 177 178 179 178 178 178 178 178 179 179 179 180 180 180 179 178 178
 178 179 179 179 179 179 179 179 179 179 179 178 178 179 179 179 179 178
 178 178 178 178 178 178 177 176 176 174 174 178 176 167 154 140 143 144
 138 130 128 128 128 129 135 132 117  97  90  94  83  82  83  81  82  81
  79  78  78  80  81  84  76  87 130 174 175 172 174 174 174 174 175 175
 175  29]","[ 29  29 176 176 175 177 176 177 176 176 176 177 178 178 178 177 179 179
 178 178 178 178 179 180 180 180 179 179 179 180 178 176 177 177 176 176
 177 178 177 176 175 175 176 177 178 178 177 176 179 179 179 179 178 178
 179 179 179 179 178 178 177 177 177 178 179 178 178 177 176 176 176 175
 175 175 174 173 173 174 176 177 176 178 179 179 179 178 178 179 178 178
 176 175 176 177 178 178 179 179 179 179 179 179 179 179 179 179 179 178
 177 177 178 180 179 178 177 177 178 179 179 180 180 180 180 179 178 178
 178 178 179 179 179 179 179 179 179 179 179 179 179 179 180 180 179 179
 180 179 178 178 179 179 178 177 177 176 182 172 157 144 132 132 135 133
 127 121 119 117 115 113 110 107 100  88  85  89  82  81  80  81  80  81
  82  82  81  80  78  81  79  87 114 165 176 175 175 174 175 175 176 176
 175  29]","[ 29  29 176 176 176 177 176 177 176 176 176 178 179 179 178 177 177 177
 178 178 178 179 179 179 179 179 179 179 179 179 178 177 176 176 175 175
 176 176 176 175 175 175 176 177 177 177 176 176 178 178 178 178 178 179
 179 180 180 179 179 178 177 176 176 177 179 179 178 178 177 177 177 176
 175 175 175 175 174 175 176 178 178 178 179 179 179 178 177 178 177 177
 176 176 176 178 178 178 178 178 178 178 178 179 179 179 179 179 179 179
 178 178 179 179 179 178 176 176 177 178 179 179 179 179 179 179 179 179
 178 178 178 178 179 179 179 179 179 179 179 179 179 179 180 180 179 179
 180 179 178 178 179 179 178 177 174 177 178 150 127 120 111 118 118 120
 122 120 115 110 105 101  96  91  89  87  84  83  81  81  80  84  81  80
  81  79  80  80  80  81  83  86  99 158 177 174 176 175 175 176 177 177
 176  29]","[ 29  29 176 176 175 177 175 176 175 175 176 177 178 178 177 176 176 176
 177 177 178 178 179 179 178 178 178 178 178 178 178 177 175 176 176 176
 177 177 177 176 176 176 176 176 177 177 176 175 178 178 178 178 178 178
 179 179 179 178 178 179 178 177 176 178 179 179 179 178 178 178 178 178
 176 176 176 176 176 176 177 178 179 178 178 179 178 177 177 177 176 176
 176 175 176 177 177 177 177 177 178 178 179 179 179 179 179 179 179 179
 179 179 179 179 178 176 175 175 177 178 179 179 179 179 178 179 179 179
 177 176 176 177 179 179 179 179 179 179 179 179 179 179 179 179 179 179
 179 179 179 179 179 179 178 178 182 183 168 130 109 106  98 102 111 115
 117 114 108 104 100  95  86  83  84  87  86  80  80  79  80  84  80  79
  80  79  82  83  78  79  81  80  88 157 180 174 176 175 175 177 179 178
 177  29]","[ 28  28 175 175 174 176 174 175 176 175 175 177 178 179 178 177 178 178
 177 178 178 179 179 179 177 178 178 178 177 178 177 177 176 177 178 178
 178 178 178 177 176 176 176 176 176 176 176 175 179 178 178 178 178 179
 179 179 179 178 179 180 179 178 178 179 179 179 179 178 178 179 179 179
 178 177 176 175 176 178 178 179 179 178 178 178 178 176 176 177 175 175
 175 175 176 177 177 176 176 176 177 178 179 179 179 179 179 179 179 179
 179 179 178 178 177 176 175 175 177 179 180 180 179 179 178 179 179 178
 176 174 175 177 178 180 180 179 179 179 179 179 180 179 179 179 179 179
 178 179 180 180 179 179 180 181 179 177 150 113 100  99  98 102 105 108
 110 107 102  99  93  84  82  84  81  83  85  80  82  80  78  84  79  79
  82  81  81  79  80  80  81  83  91 160 180 175 175 174 175 177 179 179
 177  29]","[ 29  29 174 175 175 176 175 175 175 176 176 176 175 175 177 178 178 177
 176 175 176 178 178 179 176 176 176 177 177 176 176 176 177 177 178 178
 179 179 178 177 176 175 176 178 179 178 176 175 177 177 178 178 179 179
 179 179 179 179 179 179 179 179 178 178 180 178 177 177 177 177 178 179
 179 178 177 176 176 177 178 179 178 178 179 179 179 178 176 175 175 175
 175 176 176 176 176 176 177 177 178 178 179 179 179 179 179 179 179 179
 179 178 176 175 176 176 176 177 178 179 179 179 180 179 179 179 178 176
 175 175 175 176 176 177 178 179 179 180 180 179 179 179 179 179 179 179
 179 180 179 180 179 179 181 177 180 174 120  96 100  97  96 102 101 105
 105 100  95  92  88  83  82  81  81  80  80  79  79  79  81  79  79  80
  79  78  80  81  82  80  82  83 114 173 176 175 176 176 176 176 177 178
 177  29]","[ 29  29 174 175 175 175 175 175 175 176 177 176 176 175 176 176 176 176
 176 175 175 176 177 178 176 176 176 177 176 176 176 176 177 178 178 178
 178 179 178 177 176 175 175 177 178 178 177 177 178 178 178 179 179 179
 179 179 179 179 179 179 179 179 179 179 179 177 175 175 176 177 178 179
 179 179 178 178 178 178 179 179 178 178 179 179 179 179 178 177 176 176
 177 177 177 177 177 177 178 178 178 179 179 179 179 179 179 179 179 179
 179 178 177 176 176 176 177 177 178 179 179 179 180 179 179 179 178 177
 176 177 175 176 177 177 178 179 180 180 180 179 179 179 179 180 179 179
 180 181 179 178 179 180 180 176 180 162 111 102 100  94  92  94  98 100
  99  94  89  87  85  82  82  81  80  79  77  76  77  78  77  79  81  80
  80  81  81  78  79  86  79  88 139 179 176 176 177 178 178 178 179 179
 178  30]","[ 29  29 174 175 174 175 175 174 174 175 176 176 176 176 175 175 175 176
 176 176 175 175 175 176 176 176 175 176 175 175 175 176 176 177 178 178
 178 178 178 178 176 175 175 177 178 178 178 178 178 178 178 179 179 179
 179 179 179 179 179 179 179 179 179 179 178 176 175 175 175 176 178 179
 179 179 179 179 179 179 179 178 178 178 178 178 179 179 178 178 178 178
 178 178 179 179 179 179 178 178 178 179 179 179 179 178 179 179 179 179
 179 179 178 177 177 177 177 178 179 180 179 179 179 178 178 178 178 177
 177 178 177 177 178 178 179 179 180 180 179 179 179 179 179 180 179 179
 180 180 180 178 179 181 177 177 179 145  99 103  94  88  90  91  94  95
  93  89  86  83  82  82  81  80  79  77  75  75  76  78  81  79  78  79
  79  78  79  81  81  81  86 114 173 183 173 177 177 178 179 179 179 178
 177  29]","[ 29  29 174 175 174 174 174 174 173 174 175 176 177 177 176 175 175 176
 176 176 176 175 175 175 175 175 174 175 175 174 175 176 176 176 176 176
 177 179 179 178 177 176 176 178 179 178 178 178 178 179 179 179 179 179
 179 179 180 179 179 179 179 179 179 179 178 177 176 176 177 178 179 180
 179 179 179 179 179 179 178 178 178 177 177 178 178 179 179 179 179 179
 179 179 179 179 179 179 178 178 178 179 179 179 179 179 179 179 179 179
 179 179 179 179 178 178 178 179 179 180 179 179 179 178 178 178 178 178
 178 179 179 179 179 179 179 179 179 179 179 179 179 179 179 180 180 179
 179 179 181 179 180 179 175 179 173 126  95 101  88  84  89  90  90  90
  90  89  86  82  81  81  80  79  78  77  76  76  77  78  74  78  81  82
  82  81  81  83  79  73 124 165 180 179 178 174 175 177 179 178 178 178
 176  28]","[ 29  29 174 175 174 174 174 173 173 173 174 175 176 177 177 176 177 176
 176 176 177 177 175 174 175 174 174 175 175 175 176 177 176 176 175 176
 178 179 179 178 178 178 178 179 179 178 177 177 179 179 179 179 179 179
 179 179 180 180 180 179 179 179 179 179 177 177 177 178 179 179 179 179
 180 180 180 179 179 179 179 179 179 179 178 178 179 179 179 179 179 179
 179 179 179 179 179 179 178 178 178 178 179 180 179 179 179 179 179 179
 179 179 179 179 178 178 178 179 180 180 179 179 180 179 178 178 179 179
 179 180 180 180 180 179 179 179 179 179 179 178 178 179 179 180 180 180
 180 179 180 181 179 176 176 182 160 115 102  99  86  84  87  87  88  88
  88  88  85  82  80  80  78  77  76  77  77  77  76  76  78  81  79  78
  82  83  79  76  80 114 169 187 178 174 175 176 175 177 179 179 179 179
 177  29]","[ 29  29 174 175 174 174 174 173 174 174 174 174 175 176 176 176 177 176
 176 177 178 178 176 174 174 174 174 175 176 176 177 178 178 177 176 176
 178 179 179 178 179 179 179 180 179 177 176 176 178 179 179 179 179 179
 179 179 179 179 179 179 179 179 179 180 177 177 177 178 179 179 179 179
 180 180 179 179 179 179 179 180 179 179 178 178 178 179 179 178 179 179
 179 179 179 179 179 179 178 178 178 178 179 180 179 179 179 179 179 179
 179 179 179 180 179 178 179 179 180 179 179 178 179 178 176 177 178 179
 179 180 180 180 179 179 179 179 179 179 179 178 178 178 179 180 180 180
 181 180 179 181 177 175 179 178 146 112 106  93  84  84  86  87  87  86
  86  85  84  82  81  80  77  75  74  75  76  76  75  74  73  78  82  83
  80  73  76  90 125 171 180 176 178 175 172 176 176 178 179 179 180 179
 178  30]","[ 29  29 174 175 174 174 174 173 175 174 174 174 175 175 175 175 177 176
 176 176 177 177 176 174 174 174 175 176 176 176 177 177 178 178 177 176
 177 178 179 179 179 178 178 179 178 177 176 176 178 178 179 179 179 179
 179 179 179 179 179 179 179 179 179 179 178 177 177 179 179 179 179 179
 180 179 179 179 179 179 179 180 179 178 178 178 178 178 178 178 178 179
 179 179 179 179 179 179 178 178 178 178 179 179 179 178 178 179 179 179
 179 179 179 179 179 179 179 179 180 179 179 178 177 175 174 175 176 178
 179 180 180 180 179 179 179 179 179 180 179 179 178 179 179 180 181 181
 180 181 177 180 177 176 179 166 128 113 101  86  82  85  87  88  86  85
  84  83  83  83  81  80  75  74  73  74  74  74  74  74  74  78  80  80
  80  88 119 158 177 184 175 176 173 175 180 172 177 178 179 179 180 179
 178  29]","[ 29  29 174 175 174 174 174 173 174 174 174 174 174 175 175 175 175 175
 176 176 176 176 175 175 174 173 174 175 176 176 176 176 176 177 177 176
 175 177 178 179 178 177 177 177 177 176 176 177 178 178 179 179 179 179
 179 179 179 179 179 179 179 179 178 178 179 178 178 179 179 179 179 179
 180 180 180 180 180 180 180 180 179 179 178 178 179 179 178 178 178 178
 179 179 179 179 179 179 179 178 178 178 179 179 178 177 177 178 179 180
 179 179 179 179 179 179 179 179 180 179 179 178 176 174 173 174 176 178
 179 180 180 180 179 179 179 179 179 179 179 179 178 179 180 181 181 181
 177 181 176 181 177 177 179 153 111 111  94  85  84  87  87  85  83  83
  83  83  83  83  81  78  74  73  72  72  73  74  75  77  80  80  75  85
 117 150 171 183 181 179 177 178 176 174 175 177 178 179 179 179 180 179
 178  29]","[ 29  30 174 175 173 174 174 174 173 175 176 176 175 175 177 178 175 176
 176 177 177 176 176 175 174 174 175 175 176 177 177 177 177 177 177 177
 176 176 176 177 176 177 179 179 178 176 175 176 177 178 178 179 179 179
 179 179 179 179 179 180 180 178 177 177 178 178 179 179 179 179 179 179
 179 178 178 179 179 180 179 179 179 178 178 178 178 179 178 178 178 179
 179 178 179 179 180 179 179 179 178 177 178 179 179 178 178 178 178 179
 179 179 179 179 179 179 179 179 179 179 178 178 178 176 175 175 177 179
 179 179 180 180 179 179 179 179 179 179 179 179 180 179 180 180 180 180
 178 181 180 179 177 182 169 134 111 104  95  86  80  83  87  84  82  82
  82  82  82  82  81  79  75  72  74  72  73  77  77  76  80  76  82 140
 174 183 183 181 177 178 178 178 178 178 179 179 179 179 179 179 180 180
 178  29]","[ 29  29 174 175 173 174 174 174 173 174 174 174 174 174 175 176 174 174
 175 175 175 175 175 175 174 174 174 175 175 175 175 175 175 176 176 176
 176 176 177 177 177 177 177 178 178 177 176 177 177 178 178 179 178 178
 178 178 179 179 179 179 179 178 177 177 178 178 179 179 179 179 179 179
 178 178 178 179 179 179 179 179 178 178 178 178 178 179 178 178 178 179
 179 179 179 179 179 179 179 179 178 178 178 179 179 178 178 178 178 179
 179 179 179 179 179 179 179 179 179 179 179 178 178 177 176 176 178 179
 179 179 180 180 179 179 179 179 179 179 178 179 179 179 179 179 178 177
 178 179 177 179 178 181 151 127 103  98  91  82  77  80  85  84  81  81
  80  80  80  81  80  79  75  76  75  73  76  75  76  79  73  82 138 178
 183 177 178 177 178 179 179 179 178 178 179 179 179 179 179 178 180 180
 178  29]","[ 29  29 174 175 174 174 174 173 174 174 174 174 174 175 175 175 173 173
 173 173 173 174 175 175 175 175 175 175 175 175 175 175 175 175 176 176
 176 176 177 178 178 177 177 177 177 177 177 177 177 178 178 178 178 178
 178 178 179 178 178 178 177 176 177 178 178 178 178 179 179 179 179 179
 178 178 178 178 179 179 179 178 178 178 178 178 179 179 179 178 177 178
 179 179 179 179 179 179 179 179 179 179 179 179 179 179 179 179 179 179
 179 179 179 179 179 179 179 179 179 179 179 179 178 178 177 178 178 179
 179 179 180 180 180 179 179 180 180 180 178 179 180 179 179 179 178 177
 178 179 176 179 180 177 135 121  99  95  89  80  74  76  80  80  80  79
  78  77  78  79  79  78  76  76  76  75  79  78  79  78  72 113 174 180
 181 180 178 179 180 180 179 179 179 179 179 178 179 179 179 178 180 180
 178  29]","[ 29  29 173 174 173 174 173 173 175 175 175 175 175 175 175 174 173 173
 173 173 173 174 175 176 175 175 175 175 175 175 175 175 175 176 176 176
 176 176 176 177 179 178 177 177 177 176 176 176 177 176 177 177 178 178
 178 177 178 178 178 177 176 175 176 178 178 178 178 179 179 179 179 179
 179 178 178 178 179 179 179 179 178 178 178 179 179 179 179 179 177 178
 179 179 178 178 179 179 179 180 180 179 179 179 179 179 179 179 179 179
 178 179 179 180 180 179 179 179 179 179 179 179 179 178 178 178 178 179
 179 179 179 179 179 179 180 180 180 180 179 180 180 180 180 180 180 179
 178 180 178 176 180 162 123 116  95  94  90  81  74  74  76  76  76  75
  74  74  75  76  77  77  78  74  77  77  74  78  74  70  88 155 183 176
 176 180 178 182 180 180 179 179 179 179 179 178 179 179 179 178 180 180
 178  29]","[ 29  29 172 173 172 173 173 173 175 174 174 174 174 174 174 173 172 172
 173 173 174 174 175 175 175 175 175 175 175 175 175 175 175 175 175 175
 175 175 175 176 178 178 178 179 178 177 176 176 176 175 174 176 178 179
 178 177 178 178 177 176 175 175 176 178 178 178 178 179 179 179 179 179
 179 178 178 179 179 179 179 179 179 179 179 179 179 179 179 180 178 178
 178 177 177 178 179 179 179 180 179 179 179 179 179 179 179 179 179 179
 179 179 179 180 179 179 179 179 178 178 179 179 179 179 179 178 178 178
 179 179 179 179 179 179 179 179 179 180 179 179 179 179 179 179 180 180
 179 178 179 177 178 138 115 110  89  91  88  80  75  74  73  73  73  73
  72  72  73  74  75  75  77  74  76  77  74  79  72  91 144 178 180 181
 178 180 179 178 180 179 179 179 180 180 179 179 179 179 179 179 180 180
 178  29]","[ 30  29 173 173 173 174 174 174 174 174 173 174 174 174 173 172 171 172
 172 173 173 174 174 174 175 175 175 175 176 176 176 176 175 175 175 175
 175 175 176 176 177 177 178 179 179 178 177 178 177 175 174 176 178 180
 179 178 178 177 177 176 175 175 176 178 178 178 179 179 179 179 179 179
 179 179 178 179 179 179 179 179 179 179 179 179 179 179 179 180 178 178
 177 176 176 177 178 178 180 180 180 179 179 180 180 179 178 179 179 179
 179 179 179 180 179 179 178 178 178 178 179 179 179 179 178 178 178 178
 179 179 179 179 179 179 179 179 179 179 179 179 179 178 178 179 179 179
 180 176 180 182 171 122 116 109  85  88  86  80  76  73  71  70  72  72
  72  72  72  73  74  74  73  75  73  74  76  74  79 132 185 181 176 176
 180 182 180 178 179 179 179 179 179 180 180 179 179 179 179 178 180 180
 178  30]","[ 30  30 173 174 173 175 175 175 174 174 174 174 174 174 173 173 171 172
 172 173 173 173 173 173 175 176 176 176 176 176 176 176 175 175 176 175
 175 176 176 177 176 176 177 178 179 178 177 177 176 176 175 176 178 179
 179 178 179 177 176 176 175 175 176 178 179 179 179 179 179 179 179 179
 179 179 178 178 179 179 179 179 179 179 179 179 179 179 179 180 178 178
 177 176 176 177 177 177 179 179 179 178 179 180 180 179 177 178 179 179
 179 179 179 180 179 179 178 178 178 178 179 179 179 179 178 178 178 179
 179 179 179 179 179 179 179 179 179 179 179 179 179 178 178 179 179 179
 178 176 179 179 148 114 117 103  83  87  84  78  76  72  68  66  70  70
  70  70  71  73  74  74  74  76  72  72  73  66  96 161 179 179 181 176
 180 179 177 181 179 179 179 179 179 179 179 179 179 179 179 178 179 179
 178  29]","[ 29  28 172 173 173 174 174 173 173 174 174 174 174 174 174 173 172 172
 172 173 173 173 173 173 175 175 175 175 175 175 175 175 175 175 175 175
 175 175 175 176 176 175 175 176 178 177 175 174 174 175 175 175 175 176
 177 177 179 177 176 175 175 176 176 178 179 179 179 179 179 179 179 179
 179 178 178 178 179 179 179 179 179 179 179 179 179 178 179 179 178 177
 176 176 177 178 177 175 177 177 176 176 177 179 178 177 176 177 179 179
 179 178 179 179 179 179 178 178 178 178 179 179 178 178 178 178 179 179
 179 178 179 179 179 179 179 179 179 179 177 178 178 178 178 179 180 179
 175 177 176 170 122 109 113  89  79  84  81  76  75  72  67  66  66  66
  67  67  68  70  72  73  74  73  74  75  73  71 127 181 179 178 178 180
 180 179 179 180 179 179 180 179 179 179 179 179 179 179 178 178 179 179
 178  29]","[ 29  30 172 172 173 175 174 174 174 174 175 175 175 175 174 174 173 172
 172 172 173 174 174 174 174 175 176 176 175 175 175 176 174 175 175 175
 175 175 176 176 176 175 175 176 176 176 176 175 175 175 176 176 176 176
 176 176 177 176 175 175 175 176 177 177 178 179 180 180 179 179 179 180
 179 179 178 178 179 179 179 179 180 179 179 179 179 179 179 179 179 179
 178 176 176 176 176 176 176 176 175 175 175 177 178 178 178 179 180 180
 180 179 179 179 178 178 178 179 179 179 179 179 178 177 177 178 179 179
 179 179 178 180 179 177 179 180 179 178 178 177 179 181 180 178 178 178
 177 173 180 149 109 113 110  79  76  79  79  74  71  71  68  65  63  64
  64  66  69  72  72  71  73  70  76  73  70  86 159 183 176 177 178 179
 179 179 180 180 180 180 180 179 179 179 179 179 179 179 179 178 179 179
 177  29]","[ 29  30 172 172 173 174 174 174 174 174 174 175 174 174 173 173 173 173
 173 173 173 174 173 173 174 174 174 174 175 175 175 175 175 175 175 175
 175 175 175 175 175 175 175 176 176 176 175 174 176 176 176 176 176 176
 176 177 176 175 175 174 174 175 176 176 177 178 179 179 179 179 179 180
 178 178 178 178 179 179 179 179 179 179 179 179 179 179 179 179 178 178
 177 176 175 175 176 176 176 176 176 176 176 177 178 178 178 178 179 179
 179 179 179 179 178 178 179 179 179 179 179 179 177 177 177 178 179 179
 179 179 179 179 177 176 179 181 181 181 179 179 180 179 176 178 180 180
 176 181 169 125 104 116 104  74  74  76  75  72  70  71  72  71  68  66
  65  65  67  70  72  72  71  74  72  72  68 119 174 182 178 178 179 179
 180 180 181 181 180 180 180 179 179 179 179 179 179 179 179 179 179 179
 177  29]","[ 28  29 172 171 172 174 173 174 174 174 175 175 174 174 173 173 174 173
 173 173 174 174 173 173 174 173 173 173 175 175 175 175 175 175 175 175
 175 175 175 175 175 175 175 175 175 175 175 174 177 176 176 176 176 176
 176 176 175 175 175 175 175 175 175 175 176 177 178 178 178 178 178 178
 178 178 178 178 179 179 179 179 179 179 179 179 179 179 179 179 177 176
 176 175 175 175 176 176 177 177 177 177 177 177 178 177 178 178 179 179
 179 179 179 179 178 178 178 178 178 178 178 179 177 176 176 178 179 180
 179 179 179 179 177 176 177 177 176 178 179 179 179 179 180 183 185 185
 180 177 153 116 110 116  95  69  74  74  72  69  67  67  69  70  70  68
  65  65  67  70  72  72  70  72  73  76  84 159 182 179 179 179 179 180
 180 181 181 180 180 180 180 179 179 178 178 178 179 179 179 179 179 179
 178  29]","[ 28  29 172 172 173 174 173 173 173 174 174 174 174 174 174 174 173 173
 173 173 174 174 174 174 174 173 173 173 174 175 175 175 175 174 174 174
 175 175 176 175 175 175 175 175 174 174 174 174 176 176 176 176 176 176
 175 175 176 176 176 176 176 176 176 176 176 176 177 177 176 176 176 176
 178 178 179 179 179 179 179 179 179 179 179 179 179 179 178 178 177 176
 175 175 175 175 175 176 178 178 178 177 177 178 178 177 177 178 179 180
 179 179 179 179 178 178 178 177 176 176 178 179 178 176 176 178 179 180
 179 179 177 178 177 176 176 175 175 178 182 178 180 185 188 187 183 178
 173 166 158 140 124 114  93  72  72  70  67  65  64  65  66  68  68  67
  66  66  68  70  71  72  73  70  72  69 105 177 181 179 179 179 178 179
 180 180 180 179 180 179 179 178 178 178 177 177 179 179 179 179 179 179
 178  29]","[ 28  30 173 173 173 174 173 173 171 172 172 173 173 173 173 174 173 173
 173 173 173 173 173 173 173 173 173 173 173 173 174 175 175 174 173 173
 174 175 176 176 176 175 174 174 173 174 174 174 175 176 176 176 176 176
 175 175 176 176 176 177 177 176 176 176 176 176 176 176 176 176 176 176
 178 179 179 179 179 179 179 179 179 179 179 179 179 178 178 178 177 177
 176 175 175 175 175 176 179 179 178 178 177 177 177 176 176 177 179 179
 179 178 178 177 179 179 178 176 175 175 177 179 178 177 177 178 179 179
 179 179 178 179 177 175 175 175 177 181 188 187 188 187 178 162 141 123
 109 103 105 109 112 116 105  84  75  70  66  63  62  62  63  64  66  65
  65  67  68  69  70  71  71  72  69  82 141 183 179 177 179 179 178 179
 179 180 179 179 180 179 179 179 178 178 178 178 179 179 179 179 179 179
 178  29]","[ 28  30 172 172 173 174 173 173 170 171 172 172 172 172 173 173 173 173
 174 173 173 173 172 172 172 173 173 173 172 172 173 174 174 173 173 173
 173 174 175 175 175 175 174 173 173 173 174 174 174 175 175 175 176 175
 175 175 175 175 176 176 176 176 176 175 176 176 176 176 177 177 177 177
 178 179 179 179 179 179 179 179 179 179 179 179 179 178 177 177 178 177
 176 175 175 175 176 176 179 179 178 177 177 177 177 176 176 177 179 179
 179 178 178 177 179 179 178 176 175 175 176 178 179 178 178 179 180 179
 179 179 179 180 178 177 181 185 187 188 186 181 168 147 125 107  86  67
  67  66  61  57  59  68  79  87  76  71  65  61  59  58  60  61  64  64
  65  66  67  67  68  71  70  71  69 122 178 181 176 178 180 179 179 179
 179 180 180 180 180 180 180 179 179 179 179 179 179 179 179 179 179 179
 178  29]","[ 29  30 172 171 172 173 172 173 171 172 172 172 171 170 170 171 172 173
 173 173 173 172 172 172 173 173 173 173 173 172 172 172 173 173 173 173
 173 173 173 173 173 174 174 173 173 172 173 173 173 173 173 173 173 174
 174 174 174 174 175 175 176 175 175 175 176 175 175 176 177 177 177 177
 177 177 178 178 179 179 179 178 179 179 179 179 178 177 176 176 177 177
 176 175 175 175 176 176 179 179 178 176 176 176 176 176 177 178 179 179
 179 179 178 179 179 179 178 177 177 176 176 176 179 179 179 180 179 179
 179 180 178 180 179 182 190 192 184 175 155 138 113  90  76  71  68  63
  63  65  62  62  61  53  50  56  65  63  61  58  57  57  60  62  61  62
  64  66  66  65  67  70  73  67  86 153 182 174 175 181 179 179 179 179
 179 179 180 180 180 180 179 179 179 179 179 179 179 179 179 179 179 179
 177  29]","[ 29  29 171 170 170 172 172 173 171 172 172 171 169 168 168 168 171 172
 173 173 173 172 172 173 174 174 173 173 174 174 173 172 172 173 174 174
 173 172 172 172 172 173 173 173 173 172 172 172 172 171 171 171 171 172
 173 174 174 174 175 175 175 175 175 175 176 175 175 175 176 176 176 176
 176 176 176 177 178 179 179 178 178 179 179 179 178 177 176 175 176 176
 175 175 175 175 176 177 179 179 177 176 175 175 176 175 177 178 178 178
 178 178 178 179 179 179 179 179 178 177 176 175 178 178 179 180 179 179
 179 180 180 181 180 182 187 179 156 134 112  92  77  75  74  71  68  67
  66  64  61  60  57  53  54  56  57  59  60  58  55  55  57  58  58  60
  63  67  66  64  65  69  71  68 119 173 178 178 179 177 179 179 179 179
 179 179 179 180 179 179 179 179 179 179 179 179 179 179 179 178 179 179
 177  29]","[ 29  29 170 170 170 171 171 172 172 172 172 171 168 166 165 166 167 170
 172 173 172 172 172 173 174 173 173 173 173 173 173 173 174 175 175 175
 174 173 173 172 171 172 173 173 174 173 172 170 171 172 172 171 170 170
 171 173 173 174 174 174 173 173 173 174 174 174 174 175 175 175 175 175
 175 175 176 177 178 177 178 178 179 178 178 179 178 176 175 176 179 177
 175 174 174 175 175 175 179 177 176 175 175 176 177 177 179 180 179 173
 176 180 176 179 178 179 181 179 178 179 179 177 177 178 178 179 179 179
 179 179 182 178 172 162 153 139 114  95  80  72  64  62  64  65  65  65
  64  63  61  58  55  54  54  55  56  56  57  56  54  52  53  56  58  55
  63  66  64  67  70  70  62  82 156 178 175 176 180 179 179 179 179 179
 179 179 179 179 179 179 179 179 179 179 179 179 180 179 178 177 179 179
 178  29]","[ 29  29 171 171 171 172 171 172 172 172 172 172 169 166 165 166 168 170
 172 173 172 172 173 173 174 174 173 173 174 174 174 174 174 174 174 174
 174 174 173 173 173 173 173 173 173 173 172 171 173 173 173 172 172 172
 173 173 173 173 172 172 173 174 174 174 173 173 173 174 174 174 175 175
 175 175 175 176 177 177 177 177 178 177 177 178 178 177 177 177 178 177
 175 175 175 175 175 175 177 176 175 175 176 177 178 178 177 178 179 176
 178 180 176 178 179 178 179 179 179 179 179 180 177 176 175 177 180 180
 178 175 170 159 148 145 137 118  93  74  61  61  61  60  60  60  62  63
  63  63  62  59  57  55  55  55  55  55  55  55  53  52  54  58  55  60
  59  61  66  66  67  69  72 120 175 182 176 176 180 176 179 180 180 180
 180 179 179 179 180 180 179 179 179 179 179 178 180 179 178 178 179 180
 178  29]","[ 29  30 172 172 172 172 171 172 171 172 172 172 170 168 167 167 170 171
 172 172 172 173 173 173 174 173 173 174 174 175 174 174 173 173 174 174
 174 174 174 174 175 174 173 173 173 173 173 173 173 173 173 172 172 172
 172 173 173 172 171 171 173 174 174 174 173 173 173 173 173 174 175 175
 175 174 175 175 176 175 175 176 176 177 177 177 177 178 177 177 176 176
 175 175 175 175 176 176 177 176 175 175 177 178 179 179 179 179 179 175
 175 176 174 176 177 178 179 180 180 178 178 181 185 184 187 193 193 187
 180 178 172 175 168 159 143 117  90  64  50  53  56  56  55  56  58  60
  63  63  63  61  59  57  57  57  56  55  55  53  51  50  53  57  54  61
  56  59  66  67  69  66  85 151 180 176 175 174 180 177 179 179 180 180
 180 180 179 179 180 179 179 179 179 179 179 179 179 179 179 178 180 180
 178  29]","[ 29  30 172 172 173 172 171 171 170 171 171 172 171 169 168 169 171 171
 171 171 172 172 173 173 172 172 173 173 174 174 174 173 173 173 174 174
 175 175 174 174 174 173 173 172 173 173 174 174 173 173 172 172 172 172
 172 172 173 173 172 172 172 173 173 173 173 173 173 173 173 174 175 176
 175 174 174 175 175 175 175 175 176 177 177 176 176 177 177 176 176 176
 176 176 176 176 176 176 178 177 176 176 177 178 179 179 179 179 177 176
 176 176 177 180 180 181 180 179 181 183 187 194 200 200 196 185 169 154
 140 133 128 128 115 115 124 128 115  87  60  55  51  50  53  55  57  58
  61  62  62  61  60  59  58  57  57  56  55  53  50  49  50  54  56  55
  57  61  65  70  73  67 119 173 177 174 177 174 177 179 179 179 179 180
 180 180 179 179 178 178 178 179 179 179 179 179 179 179 179 178 179 179
 178  29]","[ 29  29 172 171 172 172 171 171 171 170 171 171 170 169 169 170 171 171
 171 171 171 172 173 172 172 172 172 173 173 174 173 173 173 174 174 174
 174 174 174 174 173 173 172 172 173 173 173 173 174 173 173 173 173 173
 173 173 173 173 174 174 173 172 172 172 173 173 174 174 174 175 176 176
 175 174 174 175 175 174 175 175 175 176 177 175 175 177 177 175 176 176
 176 177 177 177 177 177 178 177 176 176 177 178 178 178 178 177 177 177
 177 177 180 181 179 182 183 183 186 189 187 183 176 171 153 127 112 106
  95  82  69  70  61  62  67  73  86  87  72  59  48  47  51  54  56  58
  60  61  61  60  59  58  57  57  57  56  56  55  51  48  49  51  55  52
  58  61  65  69  69  79 154 182 175 175 179 177 176 180 179 179 179 179
 179 180 180 180 178 178 178 178 178 178 178 178 179 179 178 177 179 179
 178  29]","[ 29  29 171 171 171 171 170 171 172 171 171 171 170 169 169 170 171 171
 171 170 171 172 172 172 172 172 172 173 173 174 173 173 173 174 174 174
 174 173 173 173 173 173 172 172 172 172 172 171 173 173 174 173 173 173
 173 173 172 174 175 175 174 173 173 173 174 174 174 175 175 175 176 176
 175 174 174 175 175 174 175 175 174 175 175 175 175 176 176 176 175 176
 176 176 176 176 175 176 176 176 175 176 176 177 178 178 178 178 177 178
 179 182 188 188 191 189 186 184 182 177 162 144 137 118  95  81  78  77
  70  63  65  65  61  62  60  58  66  71  72  60  49  47  50  54  58  62
  62  62  62  61  60  59  58  57  57  57  57  56  53  49  49  50  52  54
  58  57  67  65  67 106 170 180 175 177 177 179 177 180 179 179 179 179
 179 179 180 180 179 178 178 178 178 177 177 177 179 179 178 177 178 178
 177  30]","[ 29  29 171 171 171 171 170 171 172 171 171 171 171 170 169 169 170 171
 171 171 171 172 172 172 172 172 172 172 173 173 173 173 173 173 173 173
 173 173 173 173 173 172 172 172 172 172 171 171 172 173 173 173 173 172
 172 173 173 174 174 174 174 174 173 173 174 174 175 175 175 175 175 174
 174 173 173 174 174 174 175 175 175 175 175 175 176 175 175 176 176 176
 176 176 175 174 174 175 176 176 176 176 177 178 178 178 179 180 179 180
 180 182 188 184 179 169 161 153 143 134 118  97  95  77  65  69  74  72
  69  70  66  66  64  62  62  63  65  65  67  60  52  48  50  55  60  64
  65  65  65  64  63  62  61  60  59  58  58  57  54  50  49  49  51  55
  57  59  68  61  78 142 179 179 177 179 177 179 179 179 179 179 179 179
 179 178 178 177 179 179 179 178 178 177 177 177 178 179 179 178 179 179
 177  29]","[ 29  29 171 171 171 171 170 171 171 171 171 172 172 171 170 170 170 171
 171 171 171 172 172 172 172 172 171 171 172 173 173 173 172 172 172 172
 172 172 172 172 173 172 171 171 172 172 172 172 172 173 173 173 172 172
 172 173 175 174 174 174 174 174 174 173 173 174 174 175 175 175 174 173
 173 173 173 174 174 174 174 175 176 175 175 176 176 174 174 175 177 178
 177 177 176 175 175 175 177 177 177 177 178 178 179 179 180 182 182 180
 173 166 162 150 146 137 138 135 121 109  94  74  73  70  69  72  72  70
  69  71  70  68  66  62  61  64  65  66  65  61  55  49  51  58  63  64
  65  65  66  66  66  65  64  63  63  61  60  57  53  49  48  49  52  54
  57  65  67  60  96 169 179 175 173 177 177 177 180 179 179 179 179 179
 178 177 176 175 179 179 179 179 178 178 178 178 178 179 179 179 179 179
 177  29]","[ 30  29 170 170 170 170 170 172 171 171 171 171 171 172 171 170 172 171
 170 171 171 171 171 171 172 171 171 171 172 173 173 173 172 172 172 172
 173 173 172 172 172 172 171 172 172 173 172 172 175 174 173 173 173 173
 173 173 174 174 173 174 174 174 174 173 173 173 173 173 174 174 174 173
 173 173 173 173 173 173 174 174 174 174 175 175 175 175 175 176 179 177
 176 176 175 175 175 175 177 179 179 179 181 180 178 179 178 176 171 163
 152 144 136 128 127 120 111 103  97  88  77  70  72  71  71  71  72  74
  74  73  70  68  66  65  65  66  66  66  65  64  58  51  51  57  62  63
  65  68  69  66  65  65  66  64  61  63  61  59  57  53  49  48  51  51
  57  59  63  60 129 178 176 175 175 176 178 179 179 179 179 178 178 177
 176 175 175 176 178 179 179 178 178 179 179 179 180 178 178 178 179 177
 177  30]","[ 29  28 169 169 169 169 169 171 171 171 171 171 171 171 171 171 172 171
 171 171 172 171 171 172 171 171 171 171 172 172 172 172 172 172 172 172
 173 172 172 172 172 172 172 172 172 173 172 172 173 173 173 173 173 173
 173 173 174 174 173 174 174 174 174 173 173 173 173 173 173 174 174 174
 173 173 173 173 173 173 173 174 173 174 174 174 175 175 175 176 177 176
 175 175 176 176 175 175 174 178 179 179 180 180 173 168 161 156 148 138
 132 129 123 114 105 103  96  85  78  76  73  69  70  70  70  71  72  74
  74  72  71  69  66  65  65  66  66  66  66  65  59  52  50  56  62  64
  66  68  69  67  65  65  65  65  64  64  62  59  57  52  48  47  47  50
  54  58  53  86 158 182 176 176 175 176 177 178 179 179 178 178 177 177
 176 175 175 176 178 178 178 177 177 177 178 178 179 177 177 178 179 177
 176  30]","[ 29  28 169 169 169 169 169 171 170 171 171 171 171 171 171 172 172 171
 171 171 172 171 171 171 171 171 171 171 171 172 172 171 172 172 172 172
 172 172 172 172 172 172 172 172 172 173 172 172 172 172 173 173 173 173
 172 172 174 173 173 174 174 174 174 173 172 172 172 172 172 172 173 173
 172 172 172 173 173 173 173 173 173 173 173 173 174 175 175 175 175 175
 175 174 173 174 176 177 180 180 181 181 176 164 154 152 156 154 154 154
 154 154 148 139 132 112  87  71  65  65  66  68  69  70  70  71  73  74
  74  73  73  71  68  66  66  66  67  67  66  65  60  52  50  55  62  65
  68  68  68  67  66  65  65  65  65  65  62  59  57  52  47  46  46  48
  51  55  49 105 177 180 176 175 176 176 177 178 179 179 179 178 177 177
 177 176 176 177 178 178 178 177 176 176 177 177 177 177 177 178 179 178
 176  29]","[ 29  28 170 169 169 169 169 170 170 171 171 171 170 170 171 171 172 171
 170 171 171 171 170 170 171 171 171 171 171 171 171 171 171 172 172 172
 172 172 172 173 173 172 172 172 172 173 172 172 171 172 173 173 173 173
 173 173 174 174 174 174 174 173 173 173 171 171 172 172 171 171 172 172
 172 172 172 173 173 173 173 173 172 172 173 173 174 174 174 173 172 174
 175 176 176 177 177 176 176 170 164 162 160 152 148 149 157 155 150 140
 126 120 124 128 135 131 113  87  70  67  67  63  70  71  72  73  74  75
  75  74  72  70  67  65  64  64  64  64  66  65  60  53  50  54  61  65
  68  68  68  68  67  65  65  65  66  65  62  60  57  52  48  48  47  46
  49  51  54 113 177 176 175 175 176 176 177 178 179 180 178 177 177 177
 177 176 176 176 178 178 178 177 176 176 177 177 176 176 177 178 179 178
 176  28]","[ 29  28 169 169 169 169 168 170 171 171 171 170 169 169 170 171 170 170
 170 170 171 171 171 171 171 171 171 171 171 171 171 171 171 171 172 172
 171 171 172 172 173 172 172 172 172 173 172 172 172 172 173 172 172 172
 173 173 173 174 174 173 173 172 172 171 170 171 172 172 171 171 171 171
 172 172 172 172 173 173 173 173 171 172 173 174 174 173 173 172 174 174
 174 175 176 175 170 165 166 166 162 160 165 165 152 140 123 106  89  78
  70  65  66  69  71  82  87  79  68  63  64  66  72  73  73  73  74  74
  74  74  72  70  68  66  65  65  64  63  65  64  60  54  51  54  61  65
  68  68  68  69  68  66  65  65  66  65  63  60  57  52  48  48  48  47
  50  49  55 124 179 176 175 176 176 177 178 179 180 180 178 177 176 176
 176 176 175 175 176 177 177 176 176 176 176 176 175 176 177 177 178 178
 176  28]","[ 29  28 169 169 169 169 168 170 171 171 171 170 168 168 169 171 169 169
 169 170 171 172 172 172 171 171 171 171 171 171 171 171 171 171 171 171
 171 171 172 172 173 172 172 172 173 173 172 172 173 173 172 171 171 171
 172 173 173 173 173 173 172 171 171 171 171 171 172 172 172 171 171 171
 171 172 172 172 172 172 172 172 171 172 173 174 174 173 173 173 173 175
 176 174 173 173 173 172 169 173 173 170 163 144 116  95  76  71  70  71
  66  61  62  66  68  63  65  73  71  61  61  69  72  73  74  74  73  73
  73  72  71  69  68  67  67  66  65  64  64  63  60  55  53  57  62  66
  68  69  69  69  67  66  65  65  66  65  63  61  57  50  46  48  48  48
  51  47  55 144 184 174 176 176 176 177 177 178 179 179 178 177 177 177
 177 176 175 175 175 176 177 176 176 176 176 176 177 177 178 177 179 179
 177  29]","[ 30  28 169 168 168 168 169 171 170 170 170 169 168 168 169 171 169 168
 169 170 171 171 171 171 170 171 171 171 171 171 171 172 172 171 171 171
 171 171 172 171 172 172 172 172 173 173 173 172 173 173 172 171 170 170
 171 172 171 172 172 172 172 171 171 171 172 171 171 170 171 171 171 171
 171 171 171 172 172 172 171 171 171 172 174 174 173 173 173 174 171 175
 177 176 176 177 177 176 172 169 160 147 125  98  77  70  71  68  70  73
  72  68  65  63  65  66  67  67  63  59  58  60  71  73  75  75  74  73
  72  71  68  67  66  65  66  66  66  66  65  64  60  56  56  59  65  68
  70  71  71  68  66  66  66  65  65  65  64  62  57  49  45  47  49  48
  51  48  74 163 183 173 176 176 175 176 177 178 178 178 178 177 177 177
 177 176 176 176 176 177 177 176 176 176 176 176 178 178 178 177 178 179
 178  30]","[ 29  27 168 167 167 167 168 170 170 170 169 168 168 168 170 171 169 168
 168 169 170 169 169 169 170 170 171 171 171 171 171 172 172 171 171 171
 171 172 171 171 172 172 172 172 173 173 173 173 173 173 172 170 169 169
 170 171 170 171 172 172 171 171 171 171 172 171 169 169 169 170 171 171
 171 171 171 171 171 171 171 170 171 172 173 173 172 172 174 176 176 175
 175 176 178 173 159 146 140 135 121 101  83  71  67  69  72  72  73  72
  68  67  67  65  65  65  66  67  64  60  58  59  71  74  76  77  75  74
  72  70  71  70  69  69  70  71  72  72  66  64  60  57  57  61  66  70
  71  73  72  68  65  66  66  65  64  64  64  62  56  48  44  47  49  48
  51  50 102 176 178 176 175 175 174 175 177 178 178 178 175 175 176 176
 176 175 175 176 176 177 176 175 175 175 175 175 177 177 177 175 176 177
 177  29]","[ 29  28 167 167 167 164 163 166 167 168 169 168 168 169 171 172 171 170
 169 170 171 171 170 171 171 171 171 171 171 171 171 172 171 171 172 171
 170 170 171 171 172 172 172 172 172 172 172 171 172 172 173 172 171 169
 168 168 168 169 170 170 170 170 170 171 171 171 171 170 169 168 169 170
 170 170 170 171 171 171 170 171 172 173 171 175 175 173 178 180 182 176
 173 167 157 151 137 114 109  99  87  79  73  68  67  69  74  76  75  72
  70  69  68  66  67  65  64  65  65  62  60  60  71  75  79  80  78  75
  73  71  72  72  73  73  71  71  72  72  67  66  61  57  58  65  70  71
  73  72  70  67  65  65  65  65  64  65  62  61  56  48  46  45  49  47
  48  60 135 179 180 174 176 176 176 176 177 178 177 177 177 177 177 176
 176 175 176 176 176 176 175 175 175 176 177 178 176 176 176 176 176 175
 175  29]","[ 29  29 167 166 163 157 157 161 165 167 168 168 168 169 170 171 172 171
 170 171 172 171 171 171 171 171 171 171 171 171 171 171 171 172 172 172
 171 171 171 171 172 171 171 171 172 172 171 171 171 172 172 172 171 170
 169 168 168 169 169 169 168 168 168 168 170 170 170 169 168 167 168 168
 169 168 169 171 172 172 171 171 170 175 175 176 178 180 185 184 176 158
 147 141 131 122 111  98  90  84  76  71  68  65  67  71  75  77  77  75
  73  72  71  68  67  66  66  67  66  64  62  63  71  76  81  82  81  80
  77  75  75  74  75  75  72  71  72  71  69  68  63  58  58  64  70  72
  70  70  69  66  65  65  65  65  65  65  62  62  55  46  43  42  46  47
  47  73 158 184 176 176 176 176 176 176 176 176 176 175 176 177 177 176
 176 175 176 176 177 177 176 176 176 176 176 176 176 176 176 176 176 175
 175  29]","[ 30  30 167 165 159 150 151 157 163 165 167 168 167 168 169 170 171 171
 171 172 172 172 171 171 171 171 171 171 171 171 171 171 171 172 172 171
 171 171 171 171 172 172 171 171 172 172 171 171 171 171 171 171 171 171
 170 169 169 170 170 169 168 167 168 168 168 168 168 168 167 167 167 168
 170 170 169 169 169 169 169 169 172 176 175 175 172 168 165 159 146 131
 123 115  99  85  80  77  81  78  74  72  69  67  70  74  76  78  79  78
  77  75  73  71  69  68  69  69  68  66  65  66  69  75  81  82  82  82
  80  77  77  76  76  76  74  73  73  71  67  65  61  56  54  57  63  68
  66  67  66  65  63  63  64  63  65  64  61  62  55  44  41  40  43  45
  48  90 175 182 173 176 175 175 176 175 175 175 175 175 175 175 176 175
 175 175 175 175 177 176 176 176 176 176 176 175 176 176 176 176 176 175
 174  28]","[ 31  29 166 164 158 150 151 158 162 165 168 168 168 168 168 169 170 169
 170 171 172 171 171 171 171 171 171 171 171 171 171 171 171 171 171 170
 170 170 171 170 171 171 171 171 172 172 171 170 171 171 171 171 171 171
 170 169 169 170 171 171 170 168 168 169 166 167 168 168 168 168 168 169
 169 170 170 168 167 168 166 163 163 160 157 155 149 140 135 132 119 107
  98  91  84  82  82  79  79  77  75  73  71  69  70  73  75  77  79  78
  77  76  74  72  72  71  71  71  70  68  66  66  66  74  80  82  82  82
  80  77  77  75  76  76  75  75  74  72  67  66  63  58  54  54  59  65
  64  65  64  63  63  63  64  64  64  63  60  62  55  43  39  39  42  44
  53 105 176 174 175 174 173 174 175 175 175 175 175 176 175 175 175 175
 175 176 176 176 176 176 176 176 176 176 177 177 177 176 176 175 175 174
 174  28]","[ 29  29 164 163 159 153 155 161 163 166 168 168 168 168 168 168 168 168
 169 170 171 171 171 171 171 171 171 171 171 171 171 171 171 171 170 169
 169 170 171 171 168 169 170 171 171 171 170 169 171 171 171 171 171 171
 170 169 169 170 171 171 170 169 168 168 166 167 168 169 169 169 169 169
 168 169 168 168 170 169 161 151 140 137 137 134 128 118 108 104 102  96
  91  85  80  80  80  76  77  75  73  73  73  72  72  72  74  76  77  76
  76  75  74  73  73  71  70  70  70  69  66  64  64  73  81  83  82  81
  80  79  77  75  75  76  76  76  75  72  68  67  64  59  53  52  56  60
  63  63  63  62  62  63  64  65  64  63  60  61  54  41  38  38  43  50
  58 112 175 172 176 173 172 173 174 174 175 175 176 177 176 176 176 176
 176 177 177 177 176 176 175 175 176 176 177 177 177 176 175 174 174 174
 174  29]","[ 30  28 164 163 162 158 159 163 164 166 167 168 167 168 168 168 168 168
 169 170 170 170 171 171 171 171 171 171 171 171 171 171 171 171 170 169
 170 171 171 171 169 169 170 171 171 171 171 170 171 171 171 171 171 171
 170 170 169 170 171 171 171 169 168 168 168 168 169 170 170 169 169 168
 170 168 168 170 170 160 144 131 127 126 124 115 106  98  87  80  79  80
  83  85  81  78  78  78  77  75  74  74  75  75  74  74  75  75  76  76
  75  75  75  75  74  72  71  71  71  70  67  64  63  71  80  83  82  81
  80  80  79  76  75  76  76  76  74  71  67  65  61  54  49  48  50  53
  58  58  58  58  58  60  62  63  64  63  61  60  51  39  37  37  43  56
  59 116 179 175 174 173 172 173 173 174 174 175 176 176 175 175 175 175
 176 176 176 176 177 176 176 175 175 175 176 176 177 176 175 174 174 174
 174  29]","[ 30  29 165 163 163 161 161 163 165 166 166 166 167 168 168 168 168 168
 169 169 169 169 169 171 170 170 171 171 171 171 171 171 171 171 171 170
 171 171 171 170 171 171 171 171 172 172 171 171 171 171 171 171 171 171
 171 171 170 170 170 171 171 171 170 169 169 169 169 169 169 169 168 168
 170 167 169 171 160 138 121 115 119 112 104  91  83  83  80  80  85  81
  78  79  80  80  79  78  76  75  73  73  74  75  74  73  76  76  76  76
  76  76  77  78  76  75  73  73  72  71  68  65  61  67  76  81  82  80
  80  81  80  76  74  75  74  74  72  68  68  65  58  49  45  46  48  48
  50  51  52  52  54  56  58  59  61  62  59  57  49  39  38  39  44  53
  58 127 181 175 171 172 172 172 173 173 174 175 175 175 175 174 174 175
 176 176 176 175 177 176 176 175 175 175 174 174 176 175 175 175 175 174
 174  29]","[ 29  28 164 161 162 161 161 162 165 165 165 165 166 168 168 168 168 168
 168 168 168 168 168 169 170 170 170 171 171 171 171 171 170 171 171 171
 171 171 170 169 172 171 171 170 171 171 171 171 170 171 171 171 171 171
 171 172 170 169 169 170 171 171 171 171 169 169 168 168 168 168 168 168
 165 164 168 169 148 117 105 111 102  94  90  83  79  78  76  80  79  82
  84  82  80  80  80  81  76  75  75  75  76  77  77  77  76  76  76  77
  77  77  78  79  77  77  75  74  72  70  67  64  60  65  72  80  82  81
  80  81  79  75  73  73  72  72  70  66  66  62  53  43  39  41  44  43
  44  46  48  49  51  54  56  57  57  59  58  55  47  39  40  41  48  46
  59 138 179 171 171 173 172 172 172 172 174 175 175 175 176 175 175 176
 177 177 177 176 176 176 176 175 175 174 174 173 175 175 175 175 176 175
 174  28]","[ 29  28 165 162 162 163 159 164 162 163 164 165 165 166 166 167 167 167
 169 170 167 167 169 169 168 169 170 171 171 170 169 168 169 169 169 169
 170 170 169 167 170 169 171 170 168 169 168 171 170 171 171 171 171 171
 171 171 170 168 169 171 171 171 171 169 169 169 169 167 167 168 168 167
 166 164 166 152 115 106 103  97  88  84  80  80  79  78  78  80  81  82
  83  82  81  81  81  80  80  78  77  76  75  77  77  75  78  78  78  78
  79  78  78  78  76  77  78  77  74  72  68  62  62  60  70  82  81  82
  84  80  81  76  74  74  72  71  70  67  64  55  47  40  36  37  40  40
  42  41  44  45  48  48  45  53  51  52  55  55  46  39  41  40  46  44
  68 155 173 169 173 171 173 172 172 172 172 173 173 174 174 175 175 175
 174 173 174 174 174 175 175 175 174 174 173 173 173 174 173 175 174 173
 172  30]","[ 31  31 162 163 160 161 159 160 160 161 163 165 165 166 166 167 170 167
 167 168 168 168 168 166 168 168 168 167 168 168 169 169 167 167 168 167
 168 169 169 168 169 167 168 168 169 170 168 168 167 168 169 169 169 170
 171 171 173 170 170 171 169 169 170 169 167 167 167 168 168 168 168 167
 167 162 163 137 110 102  96  91  81  78  77  78  79  79  80  82  83  84
  84  83  83  82  82  81  81  79  78  77  76  77  78  77  78  79  79  80
  80  80  79  78  79  79  79  77  74  72  69  64  60  58  68  80  81  82
  83  79  81  77  74  73  71  69  67  63  57  49  43  40  38  39  40  40
  41  44  47  44  45  46  44  43  49  50  50  50  43  38  41  41  45  43
  74 160 178 173 173 172 173 173 174 174 173 173 173 174 176 176 176 175
 175 174 174 174 175 175 174 175 175 174 173 172 172 173 172 175 174 174
 172  30]","[ 28  28 159 164 160 162 161 158 162 162 162 162 162 162 163 164 164 164
 165 166 165 166 168 168 168 168 168 168 167 166 165 165 168 168 168 167
 166 167 167 167 169 168 170 169 170 171 169 169 168 169 169 168 167 168
 170 170 170 170 172 172 170 170 170 168 169 168 168 170 170 169 167 167
 165 160 159 121 107  97  87  81  81  80  79  80  81  80  80  81  85  85
  86  85  85  84  82  81  80  79  79  79  77  78  79  79  79  80  81  82
  83  82  80  79  80  80  79  77  74  73  70  65  60  58  67  79  82  84
  84  81  81  76  73  72  69  66  62  56  50  42  38  40  41  42  44  44
  50  49  48  48  45  40  41  41  44  45  47  49  44  40  43  43  45  45
  88 167 175 168 168 174 173 174 175 175 174 173 173 173 174 174 174 174
 174 174 173 172 174 174 174 174 174 174 172 171 171 172 171 174 174 174
 172  29]","[ 30  29 162 163 160 161 160 158 159 159 160 161 162 163 164 164 163 164
 166 166 163 164 166 166 164 164 165 166 166 166 165 165 164 166 166 166
 166 166 167 168 167 167 169 168 167 167 165 167 167 168 168 167 167 167
 168 168 166 167 169 169 167 166 167 166 164 161 161 164 166 165 165 166
 164 161 147 105  96  89  83  79  78  78  79  81  82  82  82  83  86  86
  87  86  86  85  83  81  77  77  78  79  78  78  80  80  80  80  81  83
  83  83  81  80  80  79  78  76  74  74  71  66  61  59  68  79  83  84
  84  81  80  75  71  69  67  64  58  51  47  40  37  42  45  47  49  50
  50  52  55  64  64  56  50  39  43  46  49  51  44  35  36  40  46  38
  91 167 176 174 173 173 172 173 175 175 174 173 173 173 172 173 174 174
 174 173 173 172 173 173 174 174 173 172 171 171 171 172 171 174 174 174
 171  28]","[ 29  26 161 158 158 159 160 161 157 157 157 159 160 161 160 159 160 160
 161 162 162 164 165 163 165 164 163 163 163 164 165 166 165 167 167 166
 166 165 165 165 167 166 168 166 166 167 165 166 164 165 165 165 165 167
 167 167 167 167 169 167 164 165 167 167 167 163 161 162 163 163 163 164
 162 161 134  96  88  81  79  77  75  75  77  79  80  81  82  83  85  86
  86  86  86  85  83  81  76  75  78  80  79  79  80  81  81  81  81  82
  82  81  80  79  80  78  78  76  75  75  71  66  60  59  66  77  81  81
  81  80  79  74  69  67  66  63  57  48  46  40  41  46  49  51  53  55
  51  56  60  68  77  82  78  59  48  47  46  50  47  37  36  39  39  37
 104 171 172 171 172 169 172 173 174 173 173 172 172 173 172 173 175 175
 174 173 173 174 171 172 173 173 171 170 170 170 171 173 172 175 174 174
 173  29]","[ 29  30 159 159 161 161 160 161 160 157 154 153 154 157 160 162 165 167
 169 169 167 168 170 169 165 165 165 166 167 168 169 169 167 167 167 167
 167 167 166 164 165 162 162 162 165 167 164 163 166 166 166 166 165 166
 166 165 165 167 169 169 166 167 169 168 166 162 159 159 161 162 162 163
 165 159 122  90  80  75  77  77  77  77  77  78  80  81  83  83  83  84
  85  85  84  84  82  81  77  75  77  80  80  80  81  81  84  84  84  83
  82  81  80  79  80  78  78  76  75  75  72  66  61  59  65  75  80  81
  81  80  78  74  71  68  66  63  57  48  45  43  46  52  54  54  55  56
  58  58  57  60  69  83  94  96  72  61  50  53  57  49  39  32  34  48
 121 171 166 166 171 175 171 172 172 172 171 171 171 172 172 172 173 173
 172 171 171 172 171 172 172 172 170 169 170 170 170 171 171 174 173 173
 172  29]","[ 28  30 137 139 137 135 133 130 132 131 129 128 128 132 137 141 138 141
 144 140 134 134 137 139 141 143 147 150 152 154 154 154 154 154 155 157
 160 163 163 162 160 158 160 161 163 165 163 163 161 163 163 161 160 160
 161 161 158 160 162 160 157 158 160 159 151 149 147 149 153 157 159 159
 160 141 104  78  73  74  78  82  77  77  76  76  78  81  83  83  80  82
  83  83  82  82  82  81  78  75  76  80  81  82  82  82  85  85  85  85
  83  81  80  80  80  79  77  76  75  75  72  65  60  58  62  72  80  82
  81  80  77  76  74  70  65  61  55  48  45  47  52  56  55  54  56  57
  58  55  56  59  62  66  79  98 106  90  64  51  54  63  74  80  81  91
 136 163 169 172 170 172 172 172 172 172 171 171 171 171 172 171 171 171
 171 172 171 171 172 172 171 171 170 170 170 170 169 171 170 173 171 171
 171  29]","[ 30  29 112 115 109 110 112 110 108 111 114 113 109 106 105 106 108 110
 111 110 108 111 115 116 111 111 112 112 112 113 113 113 115 114 113 115
 118 121 121 119 115 117 122 121 120 121 121 124 122 125 126 125 123 124
 127 129 133 131 127 121 117 120 125 126 124 123 121 122 126 130 130 129
 133 111  90  75  78  79  77  77  81  79  75  73  72  73  74  74  79  80
  81  81  81  81  81  80  78  74  74  79  81  82  83  83  83  84  85  84
  83  81  81  81  81  79  77  75  74  74  71  64  58  55  57  68  79  82
  80  79  76  76  76  72  65  59  54  47  47  50  55  57  54  54  57  59
  59  57  59  57  57  57  60  75  93  99  87  66  51  51  65  78  90  97
 118 129 148 161 161 168 175 175 174 174 173 173 172 172 174 173 171 172
 174 175 174 173 173 172 170 170 171 171 171 170 170 172 172 173 171 171
 171  29]","[ 28  30 113 111 110 110 111 114 110 109 110 110 109 108 107 109 108 110
 111 111 111 111 112 112 114 113 111 110 110 111 113 115 111 110 110 111
 111 110 112 114 113 114 114 114 114 114 116 118 113 113 111 111 113 113
 111 112 110 111 112 113 114 115 115 115 114 115 116 115 114 114 114 114
 114  97  83  77  79  81  78  79  80  78  76  74  74  74  72  69  69  72
  76  79  79  78  77  77  75  75  76  77  81  84  84  83  83  83  83  83
  82  82  81  80  81  81  79  76  74  75  72  66  59  55  57  66  77  81
  80  78  77  75  75  72  67  60  51  48  49  54  56  56  57  58  58  59
  58  58  58  57  56  56  58  60  74  87  95  83  59  43  46  56  61  69
  73  77  97 104 110 117 125 143 162 165 166 161 161 159 159 157 156 154
 155 159 162 162 162 163 164 164 164 163 162 162 161 163 162 162 162 169
 168  31]","[ 28  29 112 111 110 110 110 113 111 110 110 111 111 109 110 111 113 113
 112 111 110 111 113 114 114 114 114 114 114 114 114 114 112 111 112 114
 114 113 114 116 115 115 115 115 115 115 115 116 115 114 113 113 115 114
 113 114 113 114 114 115 115 115 116 116 115 116 116 116 116 115 115 116
 114  93  79  76  78  80  78  80  80  81  80  78  77  76  74  72  65  60
  58  62  69  74  75  73  73  73  74  77  81  83  82  81  82  83  83  83
  83  83  82  80  81  81  80  77  76  76  73  67  61  55  53  60  71  78
  81  81  79  75  74  71  67  61  52  48  49  55  58  58  60  60  60  61
  59  58  58  58  58  57  58  59  61  67  74  73  61  48  45  48  50  50
  47  47  64  67  65  63  64  75  89  98 106 110 117 123 121 123 121 120
 123 121 118 121 122 122 121 120 119 118 119 120 121 121 120 124 123 122
 130  25]","[ 29  29 112 110 110 110 110 111 112 111 111 111 111 111 112 113 116 115
 114 112 111 112 114 115 114 114 114 114 114 114 114 114 112 112 113 115
 115 114 114 115 115 114 114 115 115 114 113 113 113 113 111 112 114 113
 112 114 115 115 115 114 114 114 115 116 114 114 115 115 115 115 116 116
 114  87  74  75  77  78  78  79  78  80  82  81  78  76  75  75  73  68
  62  60  63  66  67  66  66  66  69  76  81  82  80  79  81  82  84  85
  86  86  84  82  81  80  80  78  76  76  72  66  61  56  54  61  71  79
  81  81  80  75  73  70  66  61  52  48  51  56  60  61  62  63  62  63
  62  60  60  62  62  60  59  60  62  62  65  65  56  44  40  43  48  47
  47  48  58  61  60  57  58  57  55  56  56  62  77  96 110 123 126 124
 128 125 120 125 128 127 125 124 123 123 124 125 123 126 125 123 125 122
 124  31]","[ 29  29 111 111 111 111 110 111 112 111 111 111 111 111 112 114 114 115
 115 114 114 114 114 113 114 114 113 112 113 113 114 114 113 113 113 114
 115 114 113 114 114 114 114 114 115 114 113 113 111 111 110 111 113 112
 112 113 115 115 115 114 113 113 114 116 113 113 114 114 115 115 115 115
 109  83  73  76  76  77  76  75  75  77  79  79  78  76  76  76  77  76
  73  69  65  62  62  62  58  58  63  72  78  79  78  78  80  82  84  86
  88  89  87  85  82  81  81  79  76  75  71  65  60  56  56  62  72  79
  80  79  81  77  74  70  66  61  53  49  53  58  61  62  64  65  65  67
  65  62  63  65  66  64  62  63  65  65  66  63  53  42  40  45  43  45
  48  49  51  54  58  59  54  55  54  58  51  47  48  60  83 107 119 118
 121 124 124 126 126 126 126 126 125 125 125 125 123 127 129 124 129 130
 126  28]","[ 29  29 111 111 112 113 112 113 112 112 112 111 110 111 113 113 113 114
 114 115 115 115 114 113 114 113 112 112 112 113 114 114 114 114 114 114
 114 114 114 114 114 114 114 114 114 113 114 115 113 113 112 113 114 114
 113 114 115 116 116 115 114 114 115 116 115 114 114 114 115 115 114 114
  99  80  74  75  74  75  74  71  71  72  74  75  76  76  76  77  79  79
  78  75  73  69  63  59  56  56  61  70  76  78  77  76  79  82  85  87
  89  89  87  86  84  83  82  80  77  76  72  66  62  57  54  58  67  75
  79  79  81  77  76  72  67  62  54  52  55  60  63  63  65  67  68  70
  68  66  66  69  69  67  65  65  64  65  65  63  56  47  42  41  45  45
  46  47  47  51  53  52  56  54  49  52  49  49  47  53  60  81 100 107
 113 121 125 123 124 124 125 125 126 125 125 125 124 121 126 124 125 125
 123  29]","[ 29  29 111 111 113 114 113 114 113 113 113 111 111 112 113 113 113 113
 113 113 114 115 115 114 112 112 111 112 113 113 113 113 113 113 112 113
 113 114 115 115 114 114 113 113 112 112 113 114 115 115 114 114 115 114
 113 114 113 114 115 114 114 114 114 115 115 115 114 115 115 115 113 111
  93  79  76  76  74  75  73  70  67  67  67  70  72  73  74  75  79  79
  79  78  77  74  68  62  61  61  64  70  76  79  78  77  80  82  85  87
  88  88  87  85  85  83  81  79  76  75  72  67  64  58  54  56  65  74
  78  79  79  76  75  72  68  63  55  53  55  60  64  65  67  69  70  72
  71  71  71  72  72  71  70  69  67  68  68  65  58  50  44  41  43  44
  44  47  47  53  55  55  53  53  50  50  49  48  47  49  49  58  75  94
 109 121 125 121 124 124 124 124 124 125 125 125 128 123 127 126 124 123
 125  29]","[ 29  29 111 111 112 114 113 115 113 114 113 112 111 112 113 113 114 114
 113 113 113 114 114 113 111 111 111 112 113 114 113 112 112 112 111 111
 112 114 114 114 115 113 112 112 112 111 112 112 113 114 113 113 114 113
 112 113 113 113 113 113 113 113 113 114 115 114 114 114 115 114 111 109
  92  81  77  75  75  75  72  72  68  66  66  68  70  70  71  73  71  73
  75  75  74  74  71  68  65  64  65  69  75  80  81  80  80  83  85  87
  87  88  88  87  86  82  80  77  75  74  71  67  64  60  55  58  66  75
  79  79  78  75  75  73  69  64  55  52  53  59  65  68  71  72  72  73
  73  75  76  75  75  76  76  75  72  72  72  69  62  53  49  49  45  48
  48  50  49  54  55  58  54  56  56  51  49  47  49  52  51  52  60  81
 107 122 125 125 125 124 124 124 125 126 126 126 123 124 126 124 125 126
 127  28]","[ 29  29 111 110 112 113 113 114 112 113 113 111 111 112 113 113 114 114
 114 114 114 114 113 112 113 112 111 112 114 115 114 114 112 112 112 111
 112 114 114 113 115 113 111 112 112 113 112 112 112 113 112 113 114 113
 113 114 114 114 114 114 114 114 114 115 114 114 113 114 115 114 111 108
  94  83  76  74  75  74  71  72  72  70  70  71  71  71  71  73  72  73
  74  73  73  74  71  67  63  63  63  66  73  79  81  81  80  83  86  87
  88  89  89  90  87  84  80  77  74  73  71  67  65  60  54  55  64  74
  79  80  81  77  77  74  71  66  56  51  51  59  66  70  73  74  73  73
  73  76  77  76  76  78  79  79  81  78  77  75  67  55  47  47  49  52
  50  53  52  57  56  58  57  57  56  51  52  48  49  50  52  54  52  66
  97 116 120 123 123 123 124 125 126 126 125 124 124 127 127 125 126 123
 124  30]","[ 28  31 112 111 112 113 113 110 113 113 113 112 112 113 113 113 113 114
 114 112 112 114 114 113 111 111 111 113 114 115 113 112 111 111 112 112
 111 110 111 113 112 112 111 112 111 111 111 111 110 110 111 112 114 114
 113 112 113 114 115 115 115 114 114 115 114 114 114 115 112 114 114 103
  87  80  75  73  71  71  72  71  72  72  72  73  73  73  72  72  74  73
  73  74  73  70  67  66  61  58  59  65  73  80  83  81  81  83  85  87
  88  89  90  90  88  86  83  79  75  73  70  68  65  61  56  57  65  74
  80  80  80  79  77  73  68  63  57  54  53  56  65  71  73  74  73  70
  71  72  75  77  79  79  80  82  81  82  83  80  72  60  53  54  55  56
  55  54  56  60  61  60  58  58  57  54  51  50  50  51  52  56  55  61
  80 102 117 122 121 122 124 126 126 125 124 123 125 126 125 125 125 125
 123  30]","[ 28  30 111 110 111 112 112 111 113 113 113 112 112 112 112 111 111 112
 112 111 111 112 112 111 111 111 111 112 113 113 112 111 110 110 111 111
 109 109 110 111 112 111 111 111 111 111 111 112 111 111 111 113 114 114
 113 112 112 112 112 112 111 111 113 114 115 115 114 115 114 115 114 102
  85  78  73  70  68  68  70  71  73  74  75  76  76  76  75  75  74  74
  73  72  73  72  68  65  61  56  53  56  65  77  82  80  82  83  86  88
  90  91  91  90  89  87  83  78  75  73  72  70  66  61  56  57  64  74
  79  80  79  78  75  71  67  62  57  54  51  55  63  69  71  72  73  71
  68  69  71  75  77  79  80  80  81  83  85  83  76  64  57  57  56  58
  58  59  61  64  65  63  60  60  59  57  54  53  53  54  55  56  58  61
  71  93 115 120 120 121 123 124 125 124 124 124 124 125 124 124 124 124
 123  29]","[ 28  30 110 109 110 111 112 111 112 112 112 111 111 111 111 110 110 111
 111 110 110 111 111 111 111 111 111 111 112 112 111 111 109 109 111 111
 109 108 109 111 111 110 110 111 111 111 111 112 111 111 112 113 113 112
 112 111 112 112 111 111 111 111 112 113 114 113 112 114 114 115 112  99
  82  77  73  71  69  69  71  72  73  73  74  75  77  77  76  75  75  75
  73  72  73  74  70  64  59  56  52  50  56  69  78  79  80  82  85  88
  90  90  90  90  89  88  84  80  77  75  73  72  66  61  56  57  65  74
  78  79  77  75  72  69  65  61  56  52  51  54  61  67  69  71  73  72
  67  66  67  70  73  75  76  77  78  81  83  82  76  66  59  58  59  61
  62  63  65  67  68  66  63  63  62  60  59  58  58  59  60  58  63  62
  61  82 109 118 121 121 123 123 123 123 124 125 124 124 123 124 124 124
 123  29]","[ 29  30 110 109 110 111 112 112 111 111 110 110 109 110 110 110 110 110
 110 110 110 110 110 109 110 110 110 110 110 110 110 110 108 109 111 111
 110 109 110 111 109 109 110 111 111 111 111 111 111 111 112 112 111 111
 111 111 111 112 113 114 114 112 111 111 111 112 110 111 112 113 108  96
  81  76  73  73  73  73  74  73  77  75  74  76  79  80  78  76  75  75
  74  73  74  74  70  65  57  57  56  51  50  58  70  76  79  81  83  86
  88  90  90  90  88  88  85  82  79  76  73  70  66  61  56  58  65  74
  78  78  76  74  71  68  65  61  56  52  51  52  58  64  67  71  73  72
  69  67  65  66  67  69  71  72  74  76  77  75  71  63  58  59  63  63
  64  64  66  69  70  70  66  66  65  64  63  63  63  63  65  62  65  63
  58  73  98 115 120 121 123 123 122 122 123 124 123 124 123 123 123 124
 123  29]","[ 29  29 109 109 110 110 111 110 110 110 109 108 108 109 109 109 110 110
 109 109 108 108 108 108 109 109 110 109 108 108 108 109 108 109 111 111
 110 109 109 110 108 108 110 111 112 111 111 111 111 111 112 111 111 110
 110 110 110 111 112 114 114 113 111 110 110 111 109 110 111 110 105  93
  81  75  72  72  73  75  75  74  79  78  79  79  79  78  76  75  76  75
  74  74  74  71  67  65  58  57  57  53  48  51  63  73  80  81  83  86
  88  90  91  91  89  88  86  83  80  77  74  71  67  62  58  60  67  73
  76  76  75  73  71  68  65  62  57  53  50  50  54  60  65  69  71  70
  70  69  67  66  65  65  66  67  69  70  69  67  65  61  59  61  65  65
  65  66  68  70  71  72  69  69  68  68  67  67  67  67  67  65  66  63
  62  67  83 108 116 119 122 122 121 121 122 122 122 122 122 122 122 123
 122  29]","[ 28  28 109 109 110 109 109 109 110 110 109 108 108 109 109 109 110 109
 109 109 108 107 107 108 108 109 109 109 108 108 108 108 109 109 110 110
 110 108 108 109 108 108 109 111 111 111 110 110 111 111 111 111 110 110
 110 111 110 110 111 112 113 112 112 112 109 111 109 108 109 107 100  88
  82  75  70  70  71  73  75  75  77  80  83  82  79  75  74  75  76  74
  74  74  71  67  64  63  59  55  52  50  48  53  64  73  79  81  82  85
  87  89  90  91  90  88  86  82  79  77  74  72  67  63  60  62  68  73
  74  74  72  71  69  67  64  61  56  52  49  47  50  55  60  65  68  67
  68  69  69  69  67  65  64  64  65  65  63  62  61  60  61  64  64  65
  67  69  71  72  72  72  73  72  71  71  71  72  71  71  70  69  66  63
  67  65  71  99 113 117 121 122 122 122 122 122 121 122 122 122 122 122
 122  29]","[ 29  29 109 109 109 108 108 108 109 110 110 109 109 109 109 108 109 108
 107 108 108 107 107 108 107 108 108 109 108 107 107 106 108 108 108 109
 108 108 108 108 109 109 109 110 110 110 109 110 110 110 110 110 110 110
 110 110 110 110 110 111 112 112 111 111 108 111 108 107 109 105  94  81
  81  74  70  69  69  70  72  72  73  74  76  75  74  73  73  73  71  71
  69  67  65  62  59  57  54  49  46  45  46  55  67  75  78  79  81  84
  86  88  89  89  90  88  86  82  78  75  72  69  66  62  61  64  70  73
  73  73  71  70  68  65  62  58  54  51  48  46  48  51  55  61  65  65
  67  67  68  69  68  66  65  64  63  64  63  61  62  62  63  66  66  67
  69  71  73  73  74  74  76  74  73  73  74  74  73  73  72  71  69  64
  68  65  65  88 111 116 121 122 122 122 122 122 122 123 123 123 122 122
 122  30]","[ 30  29 109 109 109 108 108 108 106 107 108 108 109 109 108 107 107 106
 106 107 107 106 106 107 105 106 106 107 106 106 105 104 105 105 105 106
 107 107 107 108 110 109 109 109 109 109 109 110 109 109 109 109 109 109
 109 110 110 109 110 111 111 110 109 108 109 112 108 107 109 104  91  77
  77  73  71  70  67  67  68  68  65  61  58  59  63  66  66  65  65  65
  63  59  57  57  55  51  46  44  42  40  43  54  68  75  77  78  81  83
  85  87  88  88  89  88  86  82  77  73  68  64  64  61  61  66  71  73
  73  73  72  71  68  64  60  57  53  50  48  46  47  50  53  58  63  65
  66  65  66  67  67  67  66  65  64  66  65  64  65  65  65  67  70  70
  71  73  74  75  76  77  77  75  74  74  75  75  74  73  73  71  70  64
  66  65  62  80 110 116 121 122 121 121 121 121 121 122 122 122 121 122
 121  29]","[ 29  30 108 110 109 110 108 109 106 106 106 106 106 107 106 105 106 106
 106 106 106 106 106 105 107 107 107 106 105 105 106 107 103 104 105 106
 107 107 108 108 110 109 108 108 108 109 109 110 110 109 108 108 107 106
 107 109 110 109 107 106 107 108 108 108 109 111 109 107 106 100  87  77
  76  74  72  70  69  70  71  72  67  66  65  65  66  66  65  63  62  61
  60  57  55  53  52  51  47  44  41  41  39  53  64  75  76  78  80  81
  80  80  82  83  84  84  81  76  72  70  68  65  63  62  65  70  73  72
  71  72  71  69  67  64  61  56  53  51  46  44  46  50  55  61  64  63
  66  65  65  65  66  66  65  64  65  67  67  66  65  66  67  71  73  73
  75  75  76  77  78  79  78  78  77  76  75  74  73  73  72  72  70  64
  65  65  63  73 100 114 118 118 122 122 121 125 120 122 122 122 122 122
 121  29]","[ 29  29 106 107 107 108 106 107 107 107 106 104 103 103 104 104 105 105
 105 105 105 105 105 103 106 105 105 105 104 104 104 104 106 106 105 105
 105 105 106 107 107 106 106 105 105 106 108 110 109 108 106 106 105 105
 106 107 108 108 108 108 108 108 107 106 107 109 108 106 104  97  85  77
  76  75  73  71  71  72  73  73  73  72  72  71  70  69  67  66  64  63
  61  59  58  57  56  54  52  48  44  44  43  55  66  74  76  77  77  79
  80  80  80  80  81  80  77  73  70  68  66  63  59  59  63  68  72  72
  72  72  69  68  67  64  59  54  50  49  46  44  48  54  58  61  63  61
  62  62  63  64  65  66  66  66  66  68  69  68  69  68  69  72  74  74
  75  77  78  79  80  80  80  79  79  77  76  74  73  72  73  74  72  67
  66  65  62  69  95 110 116 116 121 121 118 120 122 122 122 122 122 122
 122  29]","[ 29  29 105 105 105 107 105 106 105 105 104 102 101 103 105 106 105 105
 105 104 104 105 104 103 104 104 104 105 105 105 104 104 106 106 105 105
 104 104 105 106 105 105 105 104 105 106 108 110 109 107 106 105 105 105
 105 106 107 108 108 109 108 107 106 106 106 107 106 106 102  93  82  77
  76  75  73  73  73  74  75  75  78  79  79  77  75  72  71  70  69  68
  66  64  63  62  60  58  55  51  47  47  47  57  68  75  75  74  74  75
  77  78  76  74  76  74  71  69  67  66  63  60  57  60  65  69  72  73
  72  71  65  66  66  63  58  52  48  47  46  46  51  59  63  63  63  61
  59  60  62  64  65  66  67  68  67  70  71  72  73  72  71  72  74  75
  76  78  79  80  81  81  81  81  80  79  77  75  73  71  72  73  73  69
  69  66  63  68  90 108 118 118 122 123 120 120 122 122 120 121 121 122
 122  30]","[ 30  29 103 104 104 106 104 105 104 104 103 102 102 103 105 105 105 105
 104 104 104 104 103 102 102 103 104 105 105 104 104 104 103 104 105 105
 105 105 104 104 105 105 105 105 106 107 108 109 109 107 105 105 105 105
 106 106 107 108 107 107 105 105 106 107 106 105 105 106 102  90  80  77
  76  74  73  72  73  74  75  76  78  80  81  80  77  74  73  73  72  71
  69  67  65  64  62  61  57  54  49  48  48  56  68  74  75  73  72  73
  74  74  72  70  70  69  67  66  65  63  60  57  60  65  69  71  72  73
  71  68  63  64  64  62  58  53  50  47  48  47  54  62  65  65  64  63
  60  60  61  63  64  65  66  68  68  71  72  73  75  73  72  72  73  74
  76  77  78  79  80  80  81  81  80  78  76  74  72  71  71  73  73  71
  70  68  65  67  81 102 116 117 120 121 119 119 121 120 118 119 120 121
 121  29]","[ 29  28 102 102 103 104 103 103 103 103 103 102 102 102 101 100 103 103
 103 102 102 103 102 101 100 102 104 104 102 101 101 102 101 103 104 105
 105 105 104 104 104 104 104 105 107 107 107 106 106 105 104 104 104 104
 105 105 107 107 107 105 104 104 105 107 106 104 104 105 101  89  78  76
  75  73  72  71  72  73  74  75  75  78  80  80  77  75  74  74  73  73
  71  69  66  64  63  62  60  57  51  48  46  51  66  72  75  74  74  73
  73  72  69  67  67  66  65  65  63  60  56  55  61  66  71  71  71  71
  69  65  64  64  63  61  59  56  52  49  48  48  54  62  65  65  65  64
  62  59  59  61  63  64  65  67  69  71  72  72  74  73  71  71  72  74
  75  75  75  76  78  80  80  79  78  77  75  74  73  72  73  75  74  73
  71  68  67  66  75  97 114 116 117 119 119 118 119 118 118 119 119 120
 120  29]","[ 29  28 102 102 102 103 101 101 101 102 102 102 102 102 101 100 102 102
 101 101 101 102 102 102 102 103 104 104 102 100 100 101 102 102 103 103
 103 103 104 104 104 104 104 105 106 106 105 103 104 103 103 104 104 104
 104 104 105 105 106 106 105 104 105 106 106 104 103 103  98  86  76  75
  74  73  72  71  72  72  73  73  73  76  79  79  77  75  74  74  73  73
  73  70  67  65  65  64  59  57  50  46  46  49  67  73  75  75  74  73
  71  69  67  66  67  65  63  62  59  54  52  53  62  66  70  71  71  71
  68  65  66  65  64  61  59  57  53  49  48  50  56  62  64  66  66  65
  62  59  57  58  60  61  63  66  68  70  70  70  71  71  70  71  72  73
  74  74  74  74  77  79  78  77  76  75  74  73  73  72  73  74  73  73
  72  70  71  69  72  94 112 117 117 119 119 119 119 119 118 120 119 119
 118  28]","[ 29  29 103 102 101 101  98  98  98 100 102 102 101 101 101 101 101 101
 100 100 101 102 102 102 104 104 104 104 103 102 102 102 101 101 102 102
 102 102 103 103 104 104 104 104 104 103 103 103 102 102 103 104 105 104
 104 104 104 105 105 106 105 105 105 105 105 104 102 100  94  82  75  75
  73  73  73  73  73  74  74  73  73  75  78  79  77  75  75  74  74  74
  73  70  68  66  65  64  57  55  49  45  46  49  68  72  73  73  73  72
  70  68  65  64  66  64  61  59  53  49  50  54  64  67  70  71  72  71
  69  67  65  65  64  61  58  56  52  48  47  51  58  63  65  67  67  64
  61  57  54  54  54  55  59  64  66  68  68  68  69  69  69  71  72  72
  73  73  74  75  76  77  76  76  76  75  75  74  73  73  72  74  72  73
  73  72  75  71  67  87 107 115 116 118 118 118 119 118 118 120 119 118
 118  28]","[ 29  28 102 101  99  99  95  95  98 101 102 101  98  98  99 100  99  99
  99  99  99 101 102 101 103 102 101 101 102 102 102 101  98 100 102 103
 103 103 102 101 103 103 103 102 101 101 102 104 101 101 103 105 105 104
 104 104 104 105 105 105 104 105 106 107 105 105 102  99  91  80  74  76
  73  73  74  75  75  75  75  74  73  75  77  78  78  76  75  75  74  74
  72  69  67  66  64  62  59  56  48  44  45  47  65  68  73  73  73  72
  70  68  66  64  65  63  59  55  49  45  49  56  66  68  71  72  72  71
  69  67  63  65  64  61  57  55  51  48  46  51  59  63  65  67  66  61
  58  54  51  50  48  48  54  60  65  67  67  67  68  68  68  71  71  71
  71  73  75  76  76  76  76  76  76  76  75  74  73  72  74  76  73  74
  73  72  75  70  65  84 104 114 118 120 120 118 118 118 118 119 118 117
 118  29]","[ 29  31 100 101 101  98  98  96  98  97  97  97  98  99  98  97  97  97
  98  99 100 100 100  99 101 101 101 101 101 102 103 103 100 101 101 102
 102 102 102 102 101 101 101 101 102 102 102 103 102 102 102 103 103 103
 104 105 105 104 104 105 105 106 106 105 104 103 101  97  90  82  75  73
  72  71  72  75  75  74  73  75  74  76  79  80  78  76  75  75  73  72
  72  69  66  65  63  60  56  52  46  43  43  49  59  68  71  73  73  70
  68  67  66  65  64  62  61  55  50  46  50  66  69  71  72  72  72  71
  70  68  66  65  63  60  57  53  50  49  48  51  59  65  66  68  67  63
  59  57  53  50  48  47  48  50  59  63  65  66  69  69  69  70  71  71
  72  74  74  74  74  76  75  76  76  76  75  73  73  73  74  75  75  75
  74  74  73  73  69  70  94 110 114 120 118 118 117 118 117 117 117 115
 116  29]","[ 28  30  98  98  99  97  97  97  97  97  97  97  98  98  98  97  96  97
  97  98  99 100 100  99  99  99 100 100 100 100 101 101 101 101 101 102
 102 102 102 102 101 101 102 101 101 101 101 101 102 102 102 103 103 103
 104 105 104 104 104 105 105 105 105 104 104 104 101  95  88  80  75  72
  70  70  71  74  75  73  73  74  74  76  78  79  78  77  76  76  74  73
  73  71  67  64  62  59  53  49  45  42  43  48  58  66  72  73  73  70
  68  67  66  66  68  67  65  59  52  48  51  64  69  70  71  70  69  67
  66  65  65  65  64  62  59  54  51  50  51  53  60  66  68  70  71  68
  67  63  58  52  48  45  45  46  48  52  56  62  67  67  67  69  68  69
  72  75  75  74  73  73  72  73  75  75  75  74  75  75  75  75  75  75
  75  74  73  71  67  67  87 105 112 116 115 117 117 118 117 117 116 115
 116  29]","[ 28  29  97  97  97  96  97  98  96  96  96  96  96  97  97  97  96  97
  97  97  97  98  99  99  97  97  98  98  97  97  98  98  99  99 100 100
 101 101 101 101 100 101 102 102 101 100 101 101 101 101 102 102 102 102
 102 103 103 104 104 105 104 104 104 103 103 103 100  93  86  81  77  73
  68  69  70  73  73  73  73  75  76  77  78  79  79  78  77  76  74  74
  74  71  66  62  60  56  50  47  44  43  44  49  58  65  71  73  73  72
  71  72  73  73  73  72  68  59  53  50  53  63  68  69  70  68  65  63
  63  63  63  64  64  62  58  54  52  51  52  56  65  72  76  80  82  80
  76  72  65  57  51  46  45  45  40  42  47  57  64  64  64  66  65  66
  69  71  70  68  67  67  73  74  75  75  75  74  75  75  77  76  76  75
  76  75  73  71  69  68  80 100 114 116 115 118 117 118 116 116 115 114
 116  29]","[ 29  30  97  97  97  96  97  97  96  97  97  96  96  97  97  97  96  97
  98  97  97  97  98  98  96  97  97  97  97  97  97  97  97  97  99 100
 100 100 100 100  99 100 102 102 101 101 101 101 101 101 101 102 101 100
 100 101 102 103 104 105 104 104 103 103 103 102  97  89  84  81  77  72
  68  68  69  70  71  72  74  77  77  78  79  79  79  77  77  76  75  73
  72  68  62  58  56  54  49  47  46  46  47  51  59  65  70  71  72  73
  76  79  80  80  76  73  67  57  51  52  57  65  66  68  68  66  64  62
  61  61  61  61  61  59  54  51  51  52  55  62  71  79  85  89  90  88
  82  77  70  63  56  51  48  47  40  38  41  52  60  60  58  61  61  63
  64  65  65  65  66  67  74  75  76  76  75  75  75  76  78  78  78  77
  77  76  74  71  71  69  72  92 112 117 117 117 117 118 116 116 115 114
 116  29]","[ 29  30  97  97  97  96  96  96  97  98  97  97  96  97  97  97  96  97
  98  98  97  97  97  97  97  97  98  98  98  98  98  98  96  97  99 100
 100 100  99  98  99 100 101 101 101 100 101 101 101 101 102 102 101 100
 100 101 101 102 103 104 104 104 104 104 104 102  95  87  82  79  74  69
  68  67  67  67  68  71  74  77  77  79  80  80  78  76  76  76  75  71
  68  63  57  54  54  53  51  49  47  48  50  53  59  64  69  70  71  74
  78  81  81  79  77  72  66  55  50  54  60  66  65  66  66  64  63  62
  60  59  58  58  56  53  49  48  51  54  61  68  76  81  86  89  88  86
  80  77  72  66  60  54  50  48  43  37  37  47  56  55  53  56  59  61
  63  64  65  67  70  73  72  73  74  75  75  76  77  78  79  79  79  78
  77  76  74  72  69  68  66  81 105 117 117 114 117 117 116 116 115 114
 116  29]","[ 29  29  95  95  96  95  95  94  96  97  96  95  96  96  96  96  95  96
  97  97  97  97  97  96  96  97  98  98  98  97  97  97  96  97  99  99
  99  98  97  95  99  99 100 100 100 100 100 101 100 100 101 101 101 100
 101 102 101 101 103 103 104 104 104 104 103 100  94  87  83  80  76  71
  69  68  66  66  67  70  73  76  76  78  80  79  77  75  75  75  74  69
  64  60  56  54  55  55  54  51  49  50  52  54  57  60  66  68  71  75
  80  83  82  79  75  70  65  56  51  55  60  62  65  65  64  63  62  60
  58  56  55  54  51  48  46  47  53  59  65  72  77  79  83  85  84  83
  76  73  69  65  60  54  49  47  45  38  36  44  52  51  49  52  57  61
  64  65  66  68  71  73  71  73  74  75  75  76  77  79  79  80  80  79
  77  76  74  73  71  70  68  75  97 114 117 115 115 116 115 115 115 114
 116  29]","[ 29  28  93  93  95  95  96  95  95  95  95  94  95  96  96  95  94  95
  96  96  96  97  96  96  95  96  97  97  97  97  96  96  96  97  97  98
  98  97  96  95  98  98  98  99  99  99 100 100 100 100 100 100 100 100
 101 102 101 101 102 103 103 104 103 103 101  99  94  88  83  79  76  74
  69  68  67  67  69  72  75  75  76  77  79  78  76  74  73  73  71  66
  63  62  59  58  59  59  57  55  53  54  55  55  56  56  60  65  71  76
  80  82  81  79  73  67  63  57  53  57  61  62  65  65  64  62  60  58
  57  56  53  51  49  46  44  48  55  62  66  74  78  79  83  84  82  81
  74  71  68  64  60  54  50  48  46  41  39  45  50  47  44  47  55  59
  63  64  64  66  68  69  72  73  74  75  75  76  78  79  80  80  80  79
  78  77  75  73  74  71  71  70  84 104 111 115 113 114 114 115 115 114
 116  29]","[ 30  27  92  91  94  95  97  96  96  95  95  95  96  97  98  97  95  95
  95  94  95  96  95  94  95  96  97  98  98  97  97  97  96  96  97  97
  97  97  97  97  96  96  96  97  98  99 100 100 101 101 101 101 100 100
 101 102 102 102 101 102 103 103 103 103 101  99  95  89  81  75  72  71
  68  68  68  69  72  75  77  76  77  77  78  77  76  74  71  70  69  65
  64  64  63  62  62  61  61  58  56  57  58  57  55  55  56  62  70  74
  77  78  77  75  73  65  62  57  54  59  64  65  65  65  64  62  59  58
  57  58  52  50  48  45  44  48  56  63  67  76  81  81  84  84  80  78
  75  72  68  65  60  56  52  51  47  44  43  47  49  43  39  41  52  57
  61  62  63  65  68  70  70  71  73  75  77  79  81  83  81  81  80  80
  80  79  77  74  71  68  69  64  71  90 100 110 112 113 113 115 115 114
 116  29]","[ 28  30  92  93  94  94  93  92  93  92  93  95  97  97  96  95  94  95
  95  95  95  96  96  95  94  96  97  97  97  97  97  97  98  96  96  97
  97  96  96  97  96  96  97  97  97  97  98  99 101 101 101 101 101 101
 101 100 102 102 102 102 103 103 103 103 101 102  93  87  86  79  73  71
  67  66  67  71  74  73  74  76  76  75  75  76  75  72  69  69  67  66
  65  65  64  63  63  63  62  62  62  62  60  57  53  51  54  58  63  68
  73  76  75  72  69  63  58  57  59  62  65  64  65  63  61  61  64  66
  64  60  62  58  48  44  45  50  59  63  69  79  82  84  87  87  88  84
  79  75  70  67  62  56  52  51  47  44  46  49  48  46  42  37  46  53
  61  65  65  68  71  71  73  73  74  76  79  81  82  83  81  81  80  80
  81  80  78  75  73  69  66  63  67  76  89 105 107 112 113 114 114 113
 114  28]","[ 29  30  90  91  92  92  91  90  90  90  91  93  95  96  95  95  94  95
  95  95  95  95  95  95  96  96  97  97  97  97  96  96  97  96  96  97
  97  96  96  97  97  97  97  97  97  97  98  98  99  99  99  99 100 101
 101 100 102 102 102 102 102 102 102 102 101 101  91  86  86  80  75  72
  66  65  67  71  74  74  74  76  78  77  77  76  75  73  70  69  70  69
  68  67  66  65  64  65  63  62  62  61  60  57  55  54  54  55  57  61
  66  70  71  70  61  57  55  56  58  61  64  65  64  64  64  67  72  74
  73  71  70  63  55  44  45  56  61  65  68  79  84  87  89  90  90  86
  80  75  71  68  63  57  53  52  50  45  45  49  52  52  47  41  45  50
  60  66  67  70  73  74  75  75  76  79  81  82  82  83  83  82  80  79
  79  79  77  74  72  69  67  63  63  66  77  96 105 111 113 114 114 113
 114  29]","[ 30  29  88  88  89  90  90  88  88  88  89  91  93  94  94  93  92  93
  94  95  94  95  95  95  97  96  96  96  97  97  96  95  97  96  96  97
  97  97  97  98  96  96  95  95  96  96  97  97  97  97  97  98  99 100
 101 101 102 102 102 102 102 102 101 101 102 100  89  86  86  81  73  69
  66  66  68  72  74  74  75  76  78  79  78  76  75  74  73  70  72  71
  70  69  68  66  65  65  63  62  61  60  58  57  57  57  58  56  53  52
  52  52  50  48  41  43  52  61  65  66  66  65  67  69  72  75  77  78
  76  74  69  61  55  41  44  59  60  63  69  79  84  88  92  93  93  89
  81  77  73  69  65  58  54  52  50  46  46  51  55  57  54  48  45  49
  57  65  68  71  74  74  77  77  79  81  81  81  81  82  82  81  80  79
  79  79  77  74  72  69  66  63  61  58  64  85 101 109 112 112 114 113
 114  29]","[ 29  29  87  88  89  90  90  88  88  88  89  91  92  93  93  91  90  92
  93  94  94  94  95  95  96  95  95  95  95  96  96  95  96  96  96  96
  97  97  98  98  96  95  95  95  96  97  97  97  97  97  97  97  99 100
 101 102 101 102 103 103 103 102 101 101 101  98  89  87  87  81  73  67
  68  68  69  72  74  75  76  77  77  79  79  76  75  77  76  73  74  73
  72  70  68  66  65  65  63  61  60  59  59  58  58  58  59  57  55  52
  50  46  42  38  38  42  52  62  64  65  67  68  72  75  78  79  78  75
  71  67  61  55  50  40  43  56  58  60  69  78  82  88  94  95  94  90
  82  78  73  70  65  57  52  50  47  48  52  56  58  60  60  59  51  51
  56  63  67  70  72  73  76  77  79  81  81  80  80  80  79  79  79  79
  80  79  77  73  74  69  64  61  63  59  60  74  95 106 110 110 112 112
 113  29]","[ 28  29  88  88  89  90  90  89  88  89  90  91  92  94  93  91  90  92
  93  93  93  94  94  94  93  93  94  94  93  93  94  94  94  95  95  95
  96  97  97  98  97  96  96  96  97  98  98  98  97  97  96  97  98  99
 100 101 101 102 103 103 103 102 102 102  99  96  89  88  87  82  77  72
  71  71  71  73  74  75  77  78  77  80  80  77  76  78  78  75  74  73
  73  71  69  67  65  66  64  62  59  59  60  60  60  59  56  57  57  56
  53  49  45  42  39  44  54  63  65  65  68  70  74  77  81  81  78  73
  68  64  61  56  47  43  45  51  57  59  67  75  80  88  95  96  94  88
  81  77  73  70  65  57  51  49  47  50  57  62  62  64  66  65  59  56
  56  61  65  68  71  71  74  75  78  81  82  81  81  81  79  79  78  78
  79  78  76  74  73  69  64  61  63  62  60  68  89 104 109 109 111 111
 112  29]","[ 29  29  89  89  89  90  89  89  88  89  90  90  92  94  93  91  91  92
  93  93  92  92  93  94  92  93  94  94  93  92  93  94  93  94  95  95
  96  97  98  97  97  97  97  97  97  98  98  97  97  96  96  97  97  98
  99  99  99 100 102 102 102 102 102 103 101  97  89  88  85  81  79  75
  74  73  73  73  74  75  77  79  79  81  81  78  77  79  78  76  73  72
  72  71  68  65  64  64  63  60  59  59  60  61  60  60  59  59  58  57
  53  49  44  42  39  44  55  65  66  65  68  71  76  79  82  82  78  73
  69  65  61  54  44  42  43  47  57  62  67  74  79  87  94  95  92  86
  82  79  75  72  66  59  53  50  49  52  58  64  66  68  68  66  64  60
  59  60  61  65  69  71  73  74  77  79  81  81  82  82  80  80  78  77
  76  76  76  75  70  68  67  62  61  61  60  63  84 103 110 109 112 111
 111  29]","[ 29  29  88  88  88  89  89  87  87  88  89  89  91  92  92  89  89  91
  92  91  90  91  93  94  92  92  93  93  93  93  93  93  93  94  95  94
  95  97  98  97  96  96  97  97  97  97  96  96  97  96  96  97  97  98
  98  97  98  99 100 100 100 100 101 102 103  97  90  88  85  80  78  74
  74  74  74  74  74  75  77  79  79  81  81  79  78  78  77  75  73  73
  72  70  67  63  61  61  60  59  58  59  59  60  60  61  63  61  59  58
  57  53  49  47  48  49  56  62  62  62  67  72  79  80  81  79  76  72
  68  65  60  51  42  38  40  47  55  63  67  73  76  82  87  89  89  86
  83  80  76  73  68  60  53  51  49  52  59  64  67  70  70  66  67  65
  64  61  60  64  70  72  74  74  75  76  78  79  80  81  80  80  79  77
  75  75  74  73  68  65  67  64  59  59  58  57  80 102 111 110 112 110
 111  29]","[ 29  28  86  86  88  89  88  86  87  88  89  88  89  91  89  87  86  88
  89  89  89  90  92  94  90  90  91  92  93  93  93  92  92  93  94  93
  94  96  97  96  95  96  97  97  97  97  97  97  97  97  97  97  98  98
  98  97  97  98  98  98  98  98 100 101 101  96  90  90  87  82  79  75
  73  73  73  74  74  75  77  78  78  80  80  78  77  76  75  74  76  75
  74  71  66  62  59  59  58  58  59  59  59  59  61  63  65  61  59  59
  59  55  50  47  44  47  56  64  65  64  68  72  79  79  78  75  72  69
  67  65  62  50  45  38  40  50  54  63  66  71  71  74  78  81  85  87
  83  79  76  72  67  58  51  49  48  53  60  66  68  70  72  70  69  69
  69  65  61  65  72  75  76  74  73  73  74  75  77  78  78  80  80  79
  77  74  73  72  69  62  64  64  59  59  57  52  77 102 111 110 112 110
 110  29]","[ 30  29  84  85  87  87  87  86  86  88  89  90  89  89  88  87  88  89
  90  89  89  91  92  93  89  88  89  91  93  95  94  93  92  92  92  93
  93  94  95  96  95  95  96  96  97  96  96  96  96  96  97  98  99  98
  97  98  96  97  98  99  98  98  98  99  98  94  90  91  88  82  80  76
  73  73  73  73  73  73  76  79  79  78  78  78  77  77  76  75  75  75
  74  71  67  64  62  60  60  59  58  58  60  61  63  64  67  66  64  62
  61  60  54  48  46  47  51  57  61  64  68  71  76  77  77  75  72  69
  66  63  59  52  46  44  45  47  52  57  66  68  70  70  69  68  68  67
  69  69  68  65  60  54  50  49  52  56  62  67  70  71  72  71  73  72
  73  72  66  62  67  75  78  76  75  74  73  72  73  76  77  79  79  77
  76  76  73  70  67  64  64  66  61  58  58  50  77 104 108 109 111 110
 112  30]","[ 30  29  83  84  87  86  87  86  85  87  89  89  89  88  87  86  87  88
  89  88  89  90  92  93  89  89  89  90  93  94  94  93  92  91  91  93
  95  95  96  96  96  96  96  96  96  95  95  95  96  96  98 100 100  99
  98  98  96  97 100 101 101 100  99  99  98  94  89  90  87  81  79  74
  73  72  73  73  73  74  76  79  76  77  78  78  77  76  76  75  75  75
  73  70  67  64  63  61  63  62  62  63  64  64  64  65  67  68  66  64
  63  61  55  50  47  45  46  50  55  61  67  72  75  75  75  73  71  68
  66  64  60  54  49  47  48  49  53  57  61  63  66  66  66  66  65  64
  66  65  62  59  54  51  50  51  55  59  64  67  69  71  72  72  75  75
  75  75  70  65  66  70  76  76  76  77  76  75  75  76  77  79  79  78
  76  75  73  70  67  65  65  63  60  60  57  53  80 105 108 109 110 110
 110  29]","[ 30  29  83  84  87  87  87  86  85  87  89  89  88  88  87  86  88  88
  88  88  89  90  92  92  91  90  90  91  93  94  94  93  91  90  91  93
  96  97  96  96  96  96  96  95  95  95  95  95  96  97  98 101 102 101
  99  98  96  97 100 101 101 101 100  99  98  95  90  89  86  81  79  73
  73  72  73  74  74  75  76  79  76  78  80  81  79  77  76  76  75  74
  72  69  66  64  63  62  64  64  64  65  65  65  65  66  68  69  68  67
  66  63  57  52  50  47  46  48  52  58  66  71  71  71  72  70  69  66
  63  61  58  54  52  52  53  53  55  57  57  59  62  63  63  63  62  60
  60  59  57  55  53  53  56  59  60  64  67  69  70  71  73  74  76  77
  78  78  75  71  67  66  72  75  77  78  78  77  77  76  77  78  79  78
  76  74  71  68  66  64  64  60  60  63  59  61  85 106 108 109 111 110
 110  29]","[ 29  28  83  84  87  87  87  86  86  87  88  88  88  88  88  87  89  89
  89  88  89  90  91  91  91  90  90  90  92  93  93  93  91  90  91  93
  95  96  96  96  96  96  96  95  95  95  96  96  97  97  98 100 102 101
  99  97  97  97  98  98  99 100 100 101  99  96  91  90  87  83  81  74
  75  73  73  74  74  74  76  78  78  80  82  82  81  79  77  76  75  74
  71  67  65  64  64  64  65  64  64  64  64  64  66  68  68  68  68  67
  67  64  59  54  49  47  45  46  49  53  58  62  63  64  66  66  65  63
  59  56  54  54  55  58  60  59  59  60  59  60  61  60  60  60  59  57
  55  55  56  57  58  59  62  64  65  69  72  72  72  73  75  76  77  79
  80  80  79  76  72  68  69  73  76  76  77  78  77  76  77  77  77  76
  75  72  68  65  66  63  64  60  61  62  58  69  89 106 107 109 110 110
 110  29]","[ 29  29  83  84  87  87  87  86  87  87  88  87  87  87  87  87  88  89
  89  88  89  90  91  91  89  89  89  89  90  91  91  92  91  91  91  93
  94  94  95  96  96  96  95  95  95  95  96  96  96  96  96  98  99  99
  97  96  98  98  97  97  98  99 100 101  98  96  92  91  88  84  81  75
  75  73  72  72  73  74  75  77  79  80  80  81  81  80  77  75  74  73
  71  67  65  64  64  65  65  65  66  66  66  66  68  70  69  68  66  66
  66  64  59  54  49  47  46  46  48  50  52  54  56  57  59  60  60  59
  57  55  56  56  59  62  65  65  65  66  64  63  62  59  58  58  57  56
  55  56  58  60  61  61  63  64  68  71  74  75  75  76  77  78  79  80
  81  81  80  79  76  73  69  72  73  74  75  77  77  76  76  75  74  73
  73  72  68  64  66  63  65  61  60  56  54  73  93 105 106 107 108 109
 109  29]","[ 29  29  83  84  86  85  86  86  86  87  87  86  86  86  87  87  87  87
  88  88  88  90  90  90  89  89  89  89  89  90  91  91  92  92  92  92
  93  93  94  96  96  96  95  95  95  95  95  95  95  95  95  96  97  97
  96  96  98  98  99  99 100 100 100 100  97  94  91  91  88  82  80  74
  74  72  71  71  72  73  75  78  80  79  80  80  81  80  77  75  73  72
  70  67  64  64  64  64  66  67  69  70  68  67  68  70  70  68  66  65
  65  62  57  54  51  50  48  48  49  51  52  53  55  57  58  58  58  59
  60  60  60  60  62  64  67  68  70  71  69  68  66  62  60  60  60  59
  59  59  61  63  64  65  66  68  69  72  75  76  77  78  79  80  81  81
  81  81  80  80  79  78  72  72  72  72  74  76  77  77  75  73  71  71
  72  71  68  65  66  64  65  62  60  55  59  80  97 105 106 107 106 108
 107  29]","[ 29  29  83  83  84  83  85  86  86  87  87  87  86  87  87  86  86  88
  89  89  88  89  89  89  89  90  90  90  90  90  91  92  94  93  92  92
  93  94  95  96  96  96  96  96  96  96  96  96  95  95  96  97  98  98
  97  98  99  99 100 101 102 101 100  99  96  94  91  93  88  81  78  74
  74  73  72  73  73  74  76  79  80  80  81  81  81  79  77  75  73  72
  71  68  66  65  65  65  68  69  71  71  69  67  67  68  70  68  67  65
  64  60  56  54  52  51  49  49  51  53  54  54  59  61  62  61  61  62
  63  64  63  64  65  67  69  71  72  73  73  72  71  68  66  65  66  66
  65  65  66  67  68  69  71  73  72  74  77  77  78  79  81  81  82  81
  80  80  81  81  81  80  76  74  72  73  75  76  76  77  74  72  70  70
  69  68  66  65  65  65  64  62  59  57  68  88 101 106 107 107 106 107
 107  29]","[ 29  29  83  81  82  82  85  86  86  87  88  88  87  87  87  87  88  89
  90  90  89  88  88  88  89  89  90  90  90  90  91  92  95  93  92  93
  94  95  95  95  95  96  96  97  97  97  97  97  96  96  98  99 100 100
 100 100 101 100 100 101 101 101 100 100  97  95  93  94  89  81  78  74
  76  75  74  75  75  75  77  79  80  81  82  82  80  78  75  74  74  74
  73  70  68  67  67  66  71  72  72  71  67  65  66  68  69  68  68  66
  63  59  56  55  54  54  53  54  56  58  59  58  61  64  66  66  64  63
  63  63  64  66  69  72  73  74  73  73  73  74  73  71  70  70  71  71
  72  72  72  72  72  72  73  74  76  77  78  79  79  80  81  81  82  80
  79  80  81  81  81  81  78  74  72  74  76  76  75  76  74  72  70  68
  67  65  64  64  66  67  63  61  57  58  74  90 103 106 107 107 105 106
 106  29]","[ 30  27  83  83  84  86  85  84  87  88  88  87  88  89  89  89  88  91
  92  90  89  90  90  89  89  89  91  93  93  92  92  93  96  94  94  95
  95  96  97  96  97  97  96  97  99 101 100  99 100 100 100 101 102 102
 101 100 103 103 102 102 102 102 102 102 100  97  92  95  92  83  80  77
  76  75  75  75  75  75  77  79  81  81  81  81  80  79  76  73  72  73
  73  73  72  71  70  70  71  71  71  71  68  65  66  68  68  67  67  65
  63  60  57  55  57  57  57  56  59  63  64  63  63  64  65  65  65  65
  65  65  66  69  72  73  73  73  72  72  73  74  75  76  76  75  74  73
  74  74  75  75  75  76  77  78  80  80  81  79  78  78  81  83  82  81
  79  77  78  80  81  81  77  74  73  74  77  77  76  74  73  72  71  69
  66  65  65  64  66  63  64  63  57  65  87 101 104 105 106 106 105 106
 104  28]","[ 30  28  86  86  88  89  89  88  87  88  89  89  89  90  90  89  92  93
  93  91  90  92  94  94  94  94  95  96  96  95  96  97  98  96  97  98
  98  98  99  98  99 100 100 101 101 101 101 101 101 101 101 102 103 104
 103 102 104 104 103 103 103 103 103 103 101  97  92  94  91  83  80  77
  75  75  74  74  74  75  77  79  81  81  82  82  82  81  79  76  73  73
  73  73  72  72  72  72  72  71  70  70  68  65  66  68  68  68  67  66
  64  61  58  56  56  58  60  61  64  66  65  62  63  64  65  65  65  65
  66  65  67  69  72  74  74  74  74  74  75  77  78  79  79  78  77  76
  77  77  78  78  79  79  80  80  80  80  81  80  79  79  81  82  82  82
  79  77  77  78  79  79  77  74  73  73  75  75  75  75  73  71  70  68
  64  64  65  64  65  65  66  62  62  79  99 105 104 105 106 106 104 105
 104  29]","[ 28  29  89  90  91  91  91  91  89  90  92  93  93  94  93  92  95  95
  94  93  93  95  97  97  98  99  99  98  97  98  99  99  99  98  99 100
  99  99 100  99 100 101 102 102 101 100 101 102 102 102 102 103 104 104
 104 103 104 104 104 103 104 104 104 104 102  98  91  91  89  83  80  76
  75  75  74  74  74  74  76  78  79  79  80  81  81  81  80  78  74  74
  73  72  72  73  73  74  72  71  70  70  68  66  67  69  69  68  68  67
  65  63  60  58  56  58  61  64  67  68  65  60  65  66  66  65  65  66
  67  67  68  70  72  74  75  75  75  76  76  77  79  80  80  79  78  78
  79  79  80  81  81  82  82  81  80  81  81  81  80  80  80  81  83  82
  79  77  76  77  77  77  76  74  72  72  72  72  74  75  75  73  71  68
  64  64  65  65  66  64  64  65  74  93 107 106 104 106 106 106 104 105
 104  29]","[ 28  30  92  94  93  93  92  92  92  93  94  95  96  97  96  95  96  97
  96  95  96  96  96  96  99 100 100  98  98 100 100 100  99  98  99 100
 100 100 100  99  99 100 101 100  99  99 100 101 103 103 102 103 104 104
 104 104 104 104 104 104 104 104 104 104 105  99  91  88  86  83  80  76
  75  75  75  75  74  74  75  76  76  77  78  79  80  80  79  78  76  75
  74  73  73  73  74  74  73  72  71  71  69  68  68  70  69  69  69  69
  68  66  63  62  60  61  62  64  67  68  66  63  67  67  67  66  66  67
  68  68  68  70  72  74  74  75  75  75  75  77  79  80  80  79  79  79
  80  80  80  81  83  83  83  83  82  81  81  81  81  80  80  80  81  80
  78  76  75  75  75  75  76  75  74  73  71  71  73  74  72  70  69  68
  64  63  65  65  67  62  64  75  88 101 106 103 105 106 106 106 104 105
 105  29]","[ 29  31  93  95  95  94  93  93  92  93  94  95  96  97  97  96  97  97
  97  97  97  97  96  95  98 100 100  99  99 100 101 100 100  98  99 101
 100 100 101 100 100 100 100 100 100 101 101 102 102 102 102 102 103 103
 104 104 104 104 104 105 105 105 105 105 105  99  92  85  82  82  78  76
  74  74  74  75  74  74  74  75  76  76  77  78  79  79  79  78  76  75
  74  74  74  74  74  74  73  73  73  72  71  70  70  71  71  71  71  71
  70  68  65  64  64  64  64  65  68  69  68  67  68  68  68  66  66  67
  68  68  68  69  71  72  73  74  74  74  75  77  79  80  80  79  80  80
  80  80  80  81  82  83  83  83  82  81  81  81  81  81  81  81  79  78
  76  75  74  74  74  74  76  76  76  75  73  71  71  73  70  69  71  70
  67  65  67  67  65  65  74  88  99 103 104 104 105 106 106 106 104 105
 105  30]","[ 28  30  92  94  94  94  93  93  92  93  93  93  94  95  96  96  97  97
  97  97  97  97  97  97  97  98  99  99  99 100 100 100 100  98  98 100
 100 101 101 100 101 100 100 100 101 103 103 103 102 101 101 101 102 103
 104 105 104 104 105 105 105 105 105 105 105 100  94  84  80  80  77  76
  72  72  73  74  74  73  74  74  75  75  76  78  79  78  77  77  75  74
  74  74  75  75  75  74  73  73  73  72  71  71  71  71  72  72  72  72
  71  69  66  65  64  64  64  66  68  69  68  67  69  69  69  69  68  69
  69  69  69  70  71  72  73  73  74  74  76  77  79  79  79  79  80  80
  80  80  80  80  80  80  80  80  81  80  80  80  81  81  81  81  78  77
  77  77  76  75  75  75  75  75  75  75  72  70  69  70  70  70  71  71
  66  64  66  68  66  76  89  98 102 104 105 106 106 107 106 106 104 106
 105  29]","[ 28  29  90  92  93  94  93  93  92  93  93  93  94  95  95  95  96  96
  97  97  97  96  97  98  96  96  97  98  98  98  98  99  99  97  97  99
 100 101 101 100 100 100 101 101 102 103 103 103 103 102 102 101 102 103
 104 105 104 104 105 105 105 104 104 104 104 102  98  87  80  80  77  76
  73  73  73  73  73  73  74  75  75  75  76  78  79  77  76  77  76  75
  74  74  75  75  75  74  72  73  72  71  70  70  71  71  72  72  72  72
  71  69  67  65  63  64  66  68  70  69  68  67  69  70  71  71  71  71
  71  71  71  71  72  73  74  75  75  76  78  78  79  79  79  79  79  79
  80  80  80  79  79  78  78  78  80  81  81  81  81  80  80  80  79  78
  78  79  78  76  75  76  74  74  73  73  71  69  68  68  68  68  69  69
  64  64  69  73  82  91  99 103 104 104 105 107 107 106 105 105 104 106
 105  29]","[ 30  30  90  92  93  94  94  93  92  92  93  93  93  94  95  94  95  95
  97  98  97  96  96  97  97  96  96  98  98  97  97  99 100  96  96  98
 100 101 102 100 100 100 102 103 103 103 103 103 105 104 103 102 102 102
 103 104 105 105 105 105 105 105 105 104 104 104 102  89  81  81  78  77
  76  75  75  74  73  73  74  75  75  75  77  79  79  77  76  77  77  76
  74  74  75  75  75  74  72  72  71  69  69  70  71  71  70  70  71  71
  71  70  68  66  66  67  69  71  72  71  70  70  68  70  71  72  72  72
  72  71  72  73  73  74  75  76  77  78  80  80  79  79  79  79  79  79
  79  80  81  81  80  79  78  78  81  81  82  82  81  80  79  78  78  78
  79  79  78  75  74  74  74  73  73  72  71  69  69  69  70  69  71  72
  70  73  82  89 102 103 103 104 107 106 105 106 107 106 105 104 104 106
 105  28]","[ 29  30  89  89  90  93  94  93  94  93  93  93  94  95  94  94  94  95
  96  97  96  96  96  97  97  97  96  95  95  96  98 100  99  99  99 100
 100 101 101 102 100 100 100 101 101 101 102 102 104 104 103 103 102 102
 103 103 104 104 104 104 104 105 105 106 105 103 102  90  81  81  77  75
  75  76  76  75  73  73  73  74  74  75  76  78  78  77  76  76  74  75
  76  75  75  74  74  74  72  71  70  69  68  69  70  71  72  71  71  71
  70  69  68  67  68  69  70  72  75  77  75  72  69  71  71  72  73  73
  73  73  73  74  75  74  74  76  78  79  81  80  79  79  80  80  79  78
  78  79  80  80  79  79  79  79  79  80  81  81  80  79  78  78  79  79
  79  79  78  77  74  73  70  72  72  71  70  70  69  68  69  73  75  75
  80  89  98 102 105 105 104 104 105 105 106 106 108 107 105 105 104 105
 105  30]","[ 29  30  89  89  89  90  91  91  91  92  94  95  94  94  93  93  94  95
  96  96  95  94  95  96  96  97  97  97  97  98 100 101  99  99 100 101
 101 101 101 102 102 102 102 102 101 101 101 101 102 103 103 103 103 103
 103 104 104 104 104 104 104 105 106 106 108 105 104  94  81  77  76  76
  74  74  75  74  73  72  73  73  73  74  75  77  77  76  75  75  74  74
  75  75  75  74  74  74  72  72  71  70  70  70  71  71  69  70  72  72
  72  71  71  71  70  71  73  75  78  78  76  73  71  72  73  73  74  75
  75  75  73  74  74  74  74  75  77  77  79  79  79  80  81  81  79  78
  78  79  80  81  80  80  80  80  80  80  81  81  81  80  78  77  79  79
  79  78  78  76  74  73  72  71  71  71  72  71  69  67  70  75  81  86
  95 103 107 107 106 105 105 104 105 105 105 105 106 105 104 105 103 104
 104  29]","[ 28  29  89  90  89  88  88  90  88  91  94  95  95  93  93  93  94  95
  96  95  94  94  95  96  95  96  97  98  98  99 100 100  98  99  99 101
 102 102 102 103 104 104 103 103 102 102 101 101 102 103 103 104 103 103
 103 104 104 104 104 104 104 105 105 106 106 104 104  99  83  73  75  76
  73  73  73  73  72  73  73  73  73  73  75  76  75  74  74  75  74  74
  74  74  75  75  74  74  72  72  72  71  71  70  70  69  70  72  74  74
  73  72  72  72  72  74  76  78  79  78  75  72  72  72  73  74  74  75
  76  76  75  76  76  75  75  76  76  76  77  78  79  81  81  80  79  78
  76  78  80  80  81  81  81  80  81  80  79  80  81  80  78  76  77  77
  77  76  76  74  73  72  71  70  70  71  72  71  72  73  80  88  96 101
 103 106 106 104 106 105 104 104 105 105 105 104 105 104 104 104 103 103
 103  29]","[ 29  28  88  89  89  87  87  88  86  89  93  95  95  94  93  93  93  94
  95  95  94  94  96  97  96  96  97  97  98  98  98  98  97  97  98  99
 101 102 103 104 104 104 104 103 103 103 103 103 103 104 104 104 104 103
 103 103 104 104 104 104 104 105 105 105 104 103 105 104  86  72  75  74
  74  73  72  72  72  73  73  73  73  74  75  75  74  73  74  76  74  74
  74  75  75  75  73  72  71  71  71  71  71  70  69  69  72  73  74  74
  73  73  73  73  75  77  79  80  79  77  75  72  73  73  73  74  75  76
  76  77  79  79  79  78  78  78  77  77  76  77  79  80  80  80  79  78
  76  78  79  80  80  81  81  80  80  79  78  79  80  79  77  76  75  75
  75  75  74  73  72  71  70  70  71  71  70  70  76  83  90  97 104 106
 105 105 105 105 105 104 104 104 105 106 105 104 104 104 104 105 103 104
 103  29]","[ 30  28  86  88  89  87  87  87  87  89  91  93  94  94  94  93  93  94
  94  94  93  93  95  97  96  96  96  97  97  97  97  96  96  96  96  97
  99 100 102 104 104 104 104 104 104 103 103 103 104 105 105 104 104 103
 103 103 104 104 104 104 105 105 105 105 106 104 104 105  90  75  75  74
  75  74  73  72  73  73  73  72  74  74  75  74  73  72  74  76  76  75
  75  76  76  75  73  71  71  71  71  71  71  71  71  71  72  72  71  72
  73  74  75  75  78  79  81  81  80  79  77  76  74  74  75  76  77  78
  78  80  81  81  80  80  79  80  79  79  77  78  79  79  79  79  79  78
  78  80  80  79  79  81  81  81  80  80  79  79  79  78  76  75  74  74
  75  75  74  73  72  71  68  68  68  69  69  72  81  90 100 101 103 104
 106 107 106 105 105 104 104 104 105 106 105 104 103 103 104 105 103 104
 103  29]","[ 30  28  85  86  87  88  87  87  89  89  90  91  93  94  93  92  94  94
  95  94  94  94  95  96  96  96  96  97  97  97  97  97  96  96  95  96
  97  98 100 102 103 103 104 104 104 104 103 103 104 104 104 104 104 104
 104 104 105 105 105 105 105 105 105 105 105 103 102 102  94  83  79  78
  76  75  74  73  73  73  73  72  73  74  74  74  72  72  73  75  76  76
  76  77  77  75  73  71  70  70  70  71  72  73  73  74  74  72  70  70
  72  74  75  76  78  80  81  81  81  81  80  79  75  75  76  78  79  79
  80  81  80  81  80  80  80  80  81  81  80  80  79  80  80  79  79  78
  78  80  80  77  77  79  80  80  81  81  80  79  78  77  75  75  73  73
  73  73  73  72  72  72  73  73  74  79  84  91  98 104 104 105 105 105
 104 105 105 104 106 105 105 105 105 105 104 103 102 102 103 104 103 104
 103  29]","[ 30  28  86  84  85  87  88  87  88  88  88  89  91  93  93  93  95  95
  95  95  96  96  96  96  95  95  96  97  98  98  98  97  96  96  95  96
  97  98  99 101 102 103 104 105 105 104 103 102 102 103 104 104 104 104
 105 105 105 105 105 105 105 105 104 104 102 103 103 100  98  91  81  80
  77  76  74  73  73  73  73  73  73  73  74  75  73  72  72  74  74  74
  74  74  75  74  73  71  71  71  72  72  73  74  74  75  75  73  71  71
  72  74  76  76  79  80  81  81  81  80  80  79  75  74  76  79  80  79
  79  81  80  81  80  79  79  80  81  82  82  81  80  80  80  79  78  77
  77  79  79  76  74  77  79  80  80  80  79  79  77  76  75  75  72  72
  72  72  71  72  72  73  72  75  80  87  94 100 104 106 103 105 106 105
 104 104 106 107 105 105 105 105 105 104 104 103 102 102 102 104 103 104
 103  29]","[ 29  29  86  83  83  86  87  87  86  86  87  88  90  92  94  94  94  94
  94  95  96  96  96  96  95  95  96  97  98  98  97  97  96  95  95  96
  97  98  99 101 101 102 104 105 105 104 103 103 101 102 104 105 105 104
 104 104 104 104 104 104 104 103 103 103 103 105 107 102 102  96  80  79
  77  76  74  73  73  73  73  73  73  74  75  76  75  73  72  73  71  71
  71  72  72  73  72  72  74  74  74  75  75  75  75  75  73  72  71  71
  72  75  78  80  81  82  82  82  81  79  78  77  75  74  76  79  80  79
  79  81  81  81  81  79  78  79  80  81  82  81  80  80  80  79  77  76
  76  79  79  76  74  76  79  80  78  78  77  77  77  76  75  75  73  73
  72  71  71  72  74  75  77  84  92  99 102 104 105 105 109 107 105 105
 105 106 105 104 104 105 105 105 105 104 104 104 102 102 102 104 104 105
 104  29]","[ 30  29  85  83  84  85  86  87  84  84  86  87  88  92  94  92  93  93
  94  95  96  96  95  95  96  96  96  96  96  96  96  96  96  97  97  97
  98  98  99 100 100 101 103 103 103 103 103 104 103 103 103 104 104 103
 103 103 104 104 105 105 105 104 104 104 104 104 105 103 102  99  89  75
  75  75  75  74  73  73  73  73  73  74  76  75  74  73  72  72  73  72
  72  72  72  72  72  72  73  73  74  75  75  75  75  75  75  73  72  73
  74  75  77  79  79  80  81  81  80  80  79  78  73  73  74  77  78  78
  80  82  82  82  81  79  78  78  79  81  81  81  81  80  80  78  76  75
  75  76  76  75  75  76  76  75  75  74  73  73  74  74  74  74  73  72
  72  75  75  75  76  79  90  96 102 104 104 106 107 106 107 106 105 105
 105 106 105 104 104 106 107 107 106 105 104 103 102 104 104 105 104 105
 104  29]","[ 30  29  85  83  85  86  86  87  83  83  85  87  88  89  90  88  92  92
  93  95  95  95  94  94  95  95  96  96  96  96  96  96  97  96  96  97
  99 100 101 100 100 101 103 103 103 102 103 104 102 102 102 103 104 103
 103 104 104 105 105 105 105 104 104 105 105 105 105 104 103 101  91  78
  76  75  74  74  74  74  74  74  72  72  73  73  74  75  74  74  72  72
  72  72  72  72  72  72  73  74  75  76  76  76  76  76  76  75  75  75
  75  76  77  79  81  81  82  82  82  82  81  80  76  75  75  77  79  79
  80  81  81  81  80  79  78  78  80  81  81  81  80  80  79  78  77  75
  74  75  75  74  74  75  75  74  74  73  73  73  73  74  73  73  74  74
  74  76  78  80  85  91  98 102 106 107 108 109 109 107 107 107 107 107
 108 108 108 106 106 107 107 107 107 107 107 106 104 105 106 106 105 107
 105  29]","[ 29  28  84  82  84  85  85  86  84  85  87  89  90  90  90  90  90  91
  92  93  94  93  93  94  94  95  96  96  96  96  96  96  97  96  96  98
 101 102 102 101 100 101 102 102 102 103 103 104 102 101 101 103 104 104
 104 105 105 105 105 105 105 105 105 106 106 105 104 104 104 102  94  82
  78  76  75  74  74  75  75  75  74  73  71  72  74  75  74  73  71  71
  72  72  72  73  73  73  74  74  75  76  77  77  77  76  77  76  76  75
  75  76  78  80  81  81  82  81  81  82  82  81  79  77  75  78  80  81
  80  80  80  80  79  78  78  79  80  81  82  81  79  79  79  78  76  75
  73  73  73  72  73  73  73  72  72  72  72  72  73  73  73  73  75  75
  76  80  85  91  97 103 104 106 107 107 108 109 109 107 107 108 109 109
 109 109 108 107 107 107 107 106 106 106 107 106 104 105 106 106 105 106
 105  29]","[ 29  27  82  81  82  83  83  84  85  87  87  88  88  87  87  89  88  89
  90  91  92  92  92  93  94  95  96  97  96  96  96  96  96  96  96  98
 101 102 102 101 101 101 101 102 102 103 104 105 103 102 101 103 104 105
 105 105 105 105 105 105 104 104 105 105 105 104 104 104 104 103  95  85
  81  79  76  75  75  75  75  75  75  73  71  72  74  75  74  72  72  72
  72  72  73  74  74  74  75  75  75  76  76  76  76  75  75  74  74  74
  74  75  78  80  80  81  81  81  81  81  81  81  79  77  76  78  80  80
  80  79  78  78  77  77  78  79  80  80  82  80  79  78  78  77  75  74
  73  72  71  70  71  71  71  70  70  71  72  72  73  73  75  76  76  76
  80  88  96 102 105 107 107 107 107 107 108 108 108 107 108 109 110 110
 109 109 108 107 108 107 106 105 105 105 105 104 105 106 106 106 104 105
 104  28]","[ 30  28  83  80  81  82  82  84  85  89  89  88  87  85  84  87  88  88
  89  90  90  90  90  91  94  94  96  96  96  96  96  96  95  96  97  98
  99 100 101 101 101 101 101 101 102 104 105 106 104 102 102 103 105 105
 105 105 105 105 105 104 104 104 104 105 105 104 104 104 104 103  96  87
  83  80  77  75  75  75  75  75  73  72  72  73  74  76  75  75  74  72
  71  71  73  75  75  74  75  75  75  75  76  76  75  75  74  73  72  72
  72  74  77  80  80  81  83  82  82  82  81  81  78  76  76  78  79  78
  77  77  77  76  76  76  76  77  77  78  79  78  77  76  76  76  75  74
  73  72  69  69  69  69  69  68  70  72  73  73  72  73  76  78  80  84
  90  97 103 106 107 108 109 109 109 108 108 108 109 109 109 110 110 109
 108 108 108 107 108 108 108 106 106 106 106 105 107 107 107 106 104 106
 105  29]","[ 29  29  84  81  81  81  82  85  84  90  91  89  89  87  85  87  88  89
  89  90  89  88  89  90  94  94  95  95  96  96  96  96  95  96  97  97
  97  98 100 101 102 101 100 101 102 104 105 105 104 103 103 104 105 105
 105 105 105 105 105 105 104 104 104 104 105 105 105 105 105 103  98  91
  82  80  77  75  74  75  75  76  74  73  73  73  74  75  75  75  75  73
  72  72  74  75  75  74  76  76  75  76  77  77  77  76  74  73  72  72
  73  74  76  78  80  81  83  83  82  82  81  81  79  77  77  78  78  76
  75  76  76  76  75  75  75  75  75  75  75  75  74  75  75  75  75  74
  73  71  68  67  67  67  67  68  70  72  72  72  72  74  79  82  90  95
 102 105 105 105 107 109 109 109 109 108 107 107 108 109 109 109 108 107
 107 108 108 107 108 109 109 108 107 107 107 107 108 109 108 107 105 107
 106  30]","[ 28  29  87  84  82  81  83  87  89  96  95  89  88  86  84  86  89  89
  90  90  90  89  90  91  94  94  93  94  95  96  95  95  95  96  97  96
  96  97  99 101 101 101 100 101 103 103 103 102 103 103 103 104 105 105
 104 104 105 105 105 105 105 104 105 105 105 105 106 106 104 104 100  94
  82  80  77  75  74  74  74  75  75  74  73  73  73  74  75  76  76  75
  75  75  75  75  75  75  77  76  76  76  77  78  77  76  75  74  72  73
  74  75  76  77  79  81  82  82  81  81  81  81  80  78  76  77  76  75
  75  76  75  75  75  74  73  72  72  73  71  72  73  73  73  74  74  74
  72  69  66  65  65  65  67  69  71  72  72  74  77  83  89  93 101 105
 108 108 106 106 108 109 108 108 108 108 108 107 108 108 108 108 107 107
 107 108 108 107 108 109 109 108 107 107 107 108 108 109 108 108 106 107
 106  30]","[ 28  31  89  87  84  83  85  90 103 109 103  92  88  85  83  85  88  89
  90  91  90  90  91  93  94  93  93  93  95  96  95  94  95  96  96  96
  96  97  99 101 101 100 101 102 103 103 101  99 102 102 103 105 105 104
 104 104 104 105 105 106 105 105 105 106 105 104 105 105 104 103 101  97
  83  81  78  75  73  72  73  73  73  72  71  72  73  75  77  78  76  77
  78  78  77  76  76  76  78  77  76  76  77  77  77  76  75  73  73  74
  75  76  76  76  78  80  81  81  81  81  82  82  79  76  74  74  75  74
  75  75  73  74  73  72  70  69  69  69  70  71  72  73  72  72  73  73
  71  68  65  64  64  65  67  70  73  73  73  77  85  94 101 105 108 109
 109 108 108 109 108 108 109 108 108 109 110 109 109 110 109 109 108 108
 108 109 109 108 108 109 110 108 106 106 107 108 108 109 109 110 107 108
 106  30]","[ 31  27  97  85  79  88  95 109 119 110  94  89  87  83  84  85  87  89
  90  90  90  90  90  93  92  93  92  92  95  96  95  95  96  96  95  95
  96  98 100 102 102 102 102 102 102 102 102 101 102 102 103 103 103 103
 104 106 105 105 105 105 105 105 105 104 105 105 105 104 104 103 101  99
  86  80  78  74  74  75  71  73  71  71  71  71  72  73  75  75  77  78
  78  77  76  74  75  76  78  76  75  77  79  79  79  78  77  76  76  76
  76  77  77  76  76  78  80  80  81  81  81  81  76  75  75  76  75  73
  72  72  71  72  73  71  68  66  65  65  67  68  69  70  70  70  70  71
  68  67  65  65  66  65  67  72  75  79  82  88  99 108 109 107 109 110
 110 110 109 109 108 107 110 109 109 109 110 111 111 111 110 109 108 108
 109 109 109 109 108 109 109 107 107 107 108 108 109 109 109 109 109 108
 109  28]","[ 28  34  77  81  96 113 129 124 110  98  85  86  88  81  80  82  81  87
  89  91  92  90  90  91  91  93  92  92  95  95  95  96  97  96  96  96
  98  99 100 101 101 101 102 102 103 102 102 101 103 103 104 103 103 103
 104 105 105 105 105 105 104 105 106 107 105 105 104 104 104 103 102 100
  89  80  77  75  73  73  71  71  73  73  72  72  72  73  74  74  75  76
  76  76  75  75  74  75  77  75  75  77  79  79  79  79  79  79  79  78
  79  79  79  78  77  79  80  81  81  81  81  81  77  75  75  75  75  73
  71  69  68  69  69  68  66  65  65  65  66  66  66  67  67  67  67  67
  66  67  66  66  69  71  71  72  80  87  95 101 108 112 110 108 110 110
 110 110 110 109 109 109 109 110 110 109 109 110 111 111 110 109 108 108
 109 109 109 109 109 109 109 108 107 108 109 109 109 109 110 110 110 109
 110  29]","[ 30  29  84 106 122 122 117 104  94  89  81  81  84  83  82  81  82  85
  83  86  90  89  91  89  92  95  95  94  95  96  96  97  96  96  96  97
  98  99 100 100 100 100 102 103 103 103 102 102 104 104 104 104 103 103
 104 105 105 105 104 103 102 103 105 107 106 105 104 104 104 104 103 101
  92  79  76  75  72  72  71  70  71  71  71  71  71  71  72  72  74  74
  74  74  75  75  75  74  75  75  75  77  79  79  80  80  79  80  81  80
  80  80  79  79  79  80  80  80  80  81  81  80  79  76  74  75  75  73
  70  67  65  65  65  64  64  64  65  64  65  64  64  64  65  64  64  64
  67  69  69  68  70  73  76  80  93 100 106 108 110 111 110 110 110 110
 110 110 110 109 110 110 109 110 111 110 109 109 110 110 110 109 109 109
 110 110 109 109 109 109 109 109 108 109 110 110 109 109 109 109 110 109
 110  29]","[ 28  31 118 124 123 109  92  82  81  81  80  80  82  80  78  78  83  86
  81  86  89  87  90  88  94  96  96  96  97  97  96  96  96  96  96  97
  97  98  99 100 100 100 101 102 103 103 103 103 103 104 104 104 103 103
 105 106 106 105 104 102 101 102 104 106 106 106 105 104 105 105 104 102
  94  78  73  75  72  71  72  69  69  68  68  68  68  69  71  72  74  74
  74  75  75  76  75  75  74  75  77  78  79  79  80  80  79  81  82  81
  80  80  80  79  81  81  81  81  80  80  80  80  80  77  74  74  74  73
  70  69  67  66  65  63  63  64  65  65  64  64  64  64  64  64  64  66
  69  71  73  73  73  75  83  94 103 107 109 108 108 109 110 111 110 110
 110 110 109 110 110 111 110 111 111 110 110 110 110 110 109 109 109 109
 110 110 109 109 109 110 109 109 109 110 110 110 109 109 109 109 109 109
 110  29]","[ 29  31 128 121 124 115 109 106  95  90  90  94  87  69  57  58  59  64
  68  79  87  87  89  89  92  95  95  95  97  97  95  95  95  96  97  97
  97  98  99 101 100 101 101 102 103 104 104 104 103 104 104 104 103 103
 104 105 108 106 104 103 104 104 105 105 105 105 105 105 105 105 104 102
  95  78  71  75  73  72  73  69  68  67  66  66  66  67  70  72  74  75
  75  76  76  76  76  76  75  76  77  79  79  78  79  80  80  82  84  83
  82  82  81  81  82  83  82  81  81  81  80  80  79  77  74  73  73  72
  72  72  72  70  67  65  64  65  65  65  62  63  64  65  64  64  66  68
  69  73  75  76  79  84  93 103 104 107 108 108 110 111 111 111 110 110
 110 110 109 109 110 111 111 111 111 110 111 111 110 109 109 109 109 110
 110 110 109 109 109 110 109 109 109 109 110 109 110 109 109 109 110 109
 110  30]","[ 31  28 146 148 144 136 123 107  95  81  68  59  52  42  35  39  36  38
  44  58  78  90  91  90  91  93  94  94  97  97  96  95  95  96  97  97
  97  97  99 101 101 101 102 102 103 104 104 105 104 104 104 104 103 103
 103 104 106 105 103 103 104 105 105 105 104 104 104 104 105 105 104 102
  96  80  71  74  74  72  74  71  68  66  65  65  64  65  68  72  74  74
  75  76  76  76  77  77  76  77  78  79  79  78  78  79  81  82  84  84
  83  83  84  84  83  83  82  81  81  81  80  78  78  77  75  74  73  72
  73  74  73  72  69  66  65  65  64  63  61  62  64  65  65  65  67  69
  71  74  73  73  82  96 104 107 108 109 107 107 110 111 110 111 110 110
 109 109 109 109 109 109 111 111 111 111 111 112 111 109 109 109 110 110
 110 110 109 109 109 109 109 109 109 109 109 109 109 109 109 109 109 108
 110  29]","[ 28  26 100  83  61  58  46  30  21  21  23  24  31  38  36  38  39  36
  38  43  64  88  90  88  90  93  93  93  95  95  95  95  95  95  96  96
  97  98  99  99 101 101 102 103 103 104 104 104 103 104 104 103 102 102
 103 104 105 104 103 103 104 104 104 104 104 104 104 104 104 105 104 102
  98  85  72  73  74  72  75  72  69  67  66  65  65  65  68  72  74  74
  74  75  77  78  78  78  78  78  79  80  80  79  79  80  81  82  84  84
  84  85  85  85  83  83  83  82  82  81  80  78  79  78  77  77  76  74
  73  73  73  72  71  69  67  66  65  63  63  63  64  65  66  66  67  68
  73  73  73  79  91 103 109 111 111 111 109 107 109 110 110 112 111 110
 109 109 109 109 108 108 110 110 111 111 111 112 111 110 109 109 110 109
 109 109 109 110 109 109 109 109 109 110 110 109 108 108 108 108 108 108
 109  29]","[ 31  28  18  15  23  18  19  23  26  27  32  33  36  38  34  38  36  38
  42  37  53  81  87  89  90  93  93  92  92  92  92  94  96  95  95  97
  99 100 100  99 101 101 102 103 104 104 103 103 102 103 103 103 102 102
 103 104 105 105 105 105 104 104 104 105 106 105 104 104 105 105 105 103
 101  88  73  72  74  72  74  73  71  69  67  67  67  66  69  73  74  73
  74  75  78  79  79  79  79  79  80  81  81  80  81  82  81  82  84  84
  85  86  87  87  85  85  85  84  84  83  82  80  80  80  80  80  79  76
  74  73  73  74  74  73  71  70  67  65  65  65  65  66  68  68  68  68
  71  71  77  93 106 107 107 111 108 110 110 110 111 111 112 115 111 110
 109 109 109 109 108 107 108 110 111 111 111 111 111 111 110 110 109 109
 109 109 109 110 109 109 109 109 110 111 111 110 108 108 108 108 109 108
 110  29]","[ 29  28  27  27  24  30  29  33  33  34  36  37  37  38  38  38  39  35
  38  37  43  70  88  86  92  92  92  92  93  93  94  95  95  95  95  96
  98  99  99  98 100 101 102 103 103 102 102 102 105 104 103 102 103 104
 105 106 105 105 104 104 104 103 103 103 105 105 104 104 105 105 105 105
 101  95  76  72  74  72  75  73  74  70  70  72  70  68  69  71  74  74
  75  76  78  80  81  80  78  78  79  80  80  81  81  81  81  82  83  84
  85  85  86  87  88  87  86  86  86  85  83  81  81  81  81  81  81  79
  76  74  75  76  76  74  71  69  69  70  68  68  66  66  67  67  67  69
  67  74  88 103 109 109 109 109 110 110 110 111 111 111 111 111 110 109
 109 109 109 109 108 108 109 110 111 111 111 110 110 111 108 110 111 110
 109 108 108 109 109 109 108 109 110 110 110 110 110 109 111 108 108 109
 109  29]","[ 29  30  33  33  33  36  35  37  37  38  38  38  39  41  41  40  34  35
  38  33  31  49  76  87  93  93  93  93  93  93  95  96  96  97  98  99
  99 100 100 100  99 100 102 102 103 103 103 103 104 103 102 102 103 104
 104 105 104 104 104 104 104 103 102 103 106 105 105 105 105 105 105 104
 101  97  80  74  76  73  75  72  75  71  71  72  70  69  69  70  71  71
  72  73  76  79  80  80  80  80  80  81  81  81  81  80  81  83  85  87
  87  87  88  89  90  89  88  87  86  85  84  82  82  81  80  80  80  79
  77  76  76  76  75  74  72  71  71  72  68  69  67  66  68  69  66  65
  72  81  95 106 111 111 110 111 111 111 111 111 111 111 111 111 110 110
 110 110 110 110 110 109 110 111 111 111 110 110 111 112 109 109 110 110
 110 110 110 109 109 109 110 110 110 110 110 110 109 113 108 108 109 110
 111  28]","[ 29  30  37  37  37  37  35  36  38  36  33  32  33  33  32  30  31  28
  28  29  29  33  66  89  93  94  95  94  94  94  95  97  94  96  98  99
  98  97  97  98  99 100 101 102 103 103 104 104 104 103 103 103 104 104
 104 104 103 104 105 105 104 103 103 103 105 105 105 105 105 105 104 103
 101  98  81  73  74  74  76  75  73  72  71  72  70  70  70  68  71  72
  72  74  76  79  81  82  78  78  78  79  80  81  81  81  80  82  85  86
  86  86  87  89  89  88  87  85  84  83  82  82  83  83  82  81  80  79
  77  75  75  75  74  73  73  72  71  70  69  71  69  65  66  68  68  67
  76  90 102 107 111 111 109 110 109 109 109 109 109 109 109 109 110 109
 109 109 110 110 109 109 110 110 110 109 109 109 110 111 109 108 108 109
 110 110 110 109 109 109 110 109 109 108 109 109 111 108 107 111 106 107
 111  31]","[ 28  30  38  35  36  33  32  31  34  32  29  26  26  25  23  21  21  20
  20  18  19  17  58  91  90  92  93  94  93  93  94  95  95  96  97  97
  96  95  97  98  99 100 102 103 104 103 103 103 104 103 103 103 104 104
 104 104 103 104 105 106 105 103 103 103 103 103 104 104 104 104 103 102
 103 101  85  75  73  73  75  74  73  72  72  71  70  72  72  69  69  70
  71  72  73  76  77  78  77  77  77  78  80  82  82  82  80  81  83  84
  84  85  85  86  87  87  86  84  82  81  81  81  81  81  81  81  80  78
  75  73  72  73  73  73  73  71  70  69  69  69  66  64  65  65  65  65
  82  99 109 109 112 112 109 111 110 110 110 110 109 109 109 109 111 110
 110 110 110 110 110 109 111 111 110 110 109 109 110 111 110 110 109 110
 111 111 111 110 110 110 110 110 110 109 109 109 109 107 111 108 108 114
 109  24]","[ 30  30  36  31  30  26  25  25  22  22  21  19  19  19  18  17  14  18
  19  17  22  23  63  92  91  93  95  96  96  95  96  97  97  97  97  97
  97  98 100 101 100 101 103 105 105 104 103 103 103 103 103 103 104 104
 103 103 104 104 105 106 104 103 102 103 103 103 104 104 105 105 104 103
 100  99  87  76  74  74  73  73  71  70  70  68  68  70  71  68  68  69
  70  72  73  75  76  77  77  77  77  78  80  81  82  82  80  80  80  81
  82  83  83  82  84  84  84  83  82  81  81  81  80  80  80  80  79  77
  74  73  71  72  72  71  70  70  70  71  70  67  65  67  70  67  64  65
  89 105 112 110 111 111 109 110 110 110 110 110 109 109 109 109 111 110
 110 110 110 109 109 108 109 109 110 110 110 110 110 111 111 110 110 110
 110 110 110 110 110 109 109 109 109 109 108 107 107 110 110 106 111 108
 110  34]","[ 31  29  30  24  20  17  15  16  16  17  18  17  16  16  17  16  19  16
  15  15  17  18  56  92  91  93  95  96  96  95  95  96  97  96  95  95
  97  98 100 102 101 102 104 105 105 104 102 102 103 103 103 103 104 104
 103 103 104 104 105 105 104 103 102 103 104 104 105 105 106 106 105 105
 103 100  88  76  73  72  71  72  73  72  72  70  69  71  72  69  66  68
  70  71  73  74  76  76  75  75  76  78  80  82  83  83  82  81  79  80
  81  82  82  81  81  82  82  82  81  81  80  81  82  81  80  78  76  74
  73  72  71  70  68  65  63  63  64  66  67  65  65  67  66  62  66  75
  97 107 112 110 110 111 110 110 110 110 110 109 109 109 109 109 110 110
 109 109 109 109 108 107 108 109 110 110 111 111 111 111 111 112 112 111
 110 110 110 111 111 109 108 109 110 110 108 107 110 110 107 113 109 102
 110  25]","[ 29  28  27  23  19  19  16  17  15  16  16  16  15  15  15  14  17  14
  16  19  16  21  56  94  93  94  95  96  96  95  96  96  98  97  97  98
  98  99 100 101 102 103 104 104 104 103 103 102 104 104 103 104 104 104
 104 103 104 104 104 105 104 103 103 104 105 104 104 105 105 105 105 104
 103  99  88  78  74  72  70  73  71  69  70  69  68  69  69  68  68  69
  70  71  71  73  74  74  76  77  78  80  81  83  83  84  83  82  81  81
  82  83  82  81  81  81  82  82  82  81  81  81  81  81  79  77  76  74
  73  73  73  72  69  67  65  65  65  66  65  66  67  66  64  62  69  80
 105 108 111 110 109 110 110 109 110 110 110 109 109 109 109 110 109 109
 109 109 109 109 108 108 109 109 110 110 111 111 111 111 111 111 111 111
 110 110 110 110 110 109 109 109 110 110 109 108 109 111 108 111 107 112
 108  29]","[29 29 28 29 26 31 28 30 29 29 29 29 29 30 30 29 30 28 29 29 27 31 29 29
 29 29 29 29 29 29 29 30 28 29 29 29 29 28 28 29 28 29 29 29 29 29 29 29
 29 29 29 29 29 30 29 29 29 29 29 29 30 29 29 29 30 29 29 29 29 29 29 28
 29 30 29 27 30 30 27 30 29 28 29 30 29 29 29 29 29 30 30 29 28 29 29 30
 28 29 29 29 29 29 29 29 29 29 29 29 29 30 29 29 29 29 29 29 29 29 29 29
 28 28 29 30 29 29 29 29 29 28 28 29 30 30 29 27 29 29 28 29 30 28 27 30
 29 28 29 30 28 28 29 28 30 30 29 29 29 29 29 29 29 28 28 29 29 29 29 28
 28 29 29 29 29 29 29 28 29 29 29 28 28 29 29 29 29 29 29 29 30 29 29 28
 27 32 29 29 28 29 29 30]"
