"[26 23 20 18 18 20 23 25 21 21 21 20 20 20 19 19 21 21 20 20 19 19 19 19
 19 19 19 19 19 20 20 20 18 18 18 18 18 18 18 18 19 19 20 21 22 24 25 25
 20 20 20 22 25 26 25 24 21 27 29 26 25 32 42 46]","[21 19 17 14 11  9  8  9  9  9  9  9  9  9  9  9  7  8  8  7  7  7  7  6
  6  6  6  6  6  6  6  6  7  7  7  7  7  7  7  7  7  8  8  9 10 11 12 12
  9 10 11 13 15 16 16 15 24 19 16 22 39 55 57 51]","[25 25 24 22 19 15 11  9 10  9  8  7  6  5  4  4  5  5  5  5  4  4  4  3
  2  2  2  2  2  2  3  2  2  2  2  2  2  2  2  2  6  7  7  8  8  9  9 10
  9 10 12 14 15 16 16 16 18 18 23 36 56 69 66 55]","[28 29 30 30 30 28 27 26 25 24 23 21 17 15 14 14 13 12 11 10  9  8  7  6
  8  8  7  7  7  7  6  6  6  6  6  5  5  5  5  5 12 12 12 13 13 13 14 14
 16 17 19 19 19 20 21 22 13 31 52 62 64 64 60 56]","[20 20 20 21 22 24 25 27 30 29 28 27 26 25 24 24 17 16 14 13 11 10  8  7
  8  8  8  7  7  6  6  6  6  6  6  5  5  4  4  4  9 10 10 11 12 12 14 14
 17 17 18 17 16 17 21 24 29 48 67 70 64 59 58 57]","[18 17 15 15 15 14 15 16 19 20 21 22 23 24 25 26 24 24 23 22 20 19 18 17
  9  9  8  8  7  6  6  5  7  7  6  6  4  4  4  3  6  7  8  9 11 12 12 14
 15 16 17 16 15 19 27 34 55 58 59 59 62 66 64 59]","[30 29 28 25 22 19 16 14 13 14 15 16 17 18 19 20 24 24 25 25 25 26 26 26
 17 16 16 15 14 13 13 12 11 10 10  9  8  7  6  6  7  7  9 11 12 14 16 16
 17 19 20 20 22 30 43 53 64 60 54 54 63 71 68 60]","[41 41 41 40 35 29 23 19 18 18 17 16 16 15 15 14 10 11 12 14 16 18 20 21
 24 23 23 22 21 20 19 19 12 12 11 10  9  8  7  7  5  6  8 10 12 15 16 17
 17 19 21 22 26 37 54 66 56 59 61 62 66 69 66 59]","[60 91 90 86 82 72 70 59 42 41 37 33 27 21 17 15 19 19 19 18 16 15 13 12
 17 15 12 12 14 15 16 15 12 23 13  6 22 22 12 17  8  6 10  9  7 17 23 13
 20 18 20 32 48 59 60 58 60 65 67 67 67 70 68 64]","[49 82 85 86 89 85 89 81 91 88 83 75 66 57 50 46 24 24 23 22 20 17 15 15
 16 15 14 15 16 18 18 17 15 22 13 10 20 16  7 15 28 21 23 21 13 14 18 12
 13 21 34 47 56 59 57 55 61 64 66 65 68 71 68 63]","[46 78 79 79 83 80 85 79 75 76 79 81 84 85 86 87 85 82 77 69 60 52 45 41
 29 26 22 19 15 12  7  5  7 11  9 13 21 13 10 24 53 40 39 38 22 13 15 16
 23 36 52 60 60 57 56 58 63 64 63 64 69 73 69 61]","[48 78 75 72 73 69 74 67 68 69 70 71 72 72 71 71 82 82 82 82 81 80 79 79
 68 65 60 55 49 42 34 29 20 19 23 32 31 19 23 40 67 49 47 49 30 14 19 29
 47 54 60 60 57 55 59 64 65 64 62 64 71 75 70 60]","[46 77 75 73 75 73 79 73 80 79 77 75 71 68 65 63 63 64 66 68 70 71 72 72
 75 74 74 74 74 73 69 66 58 54 59 62 46 31 38 53 70 49 46 51 35 21 30 45
 57 57 56 55 56 58 62 65 66 65 63 65 72 77 71 61]","[49 79 77 75 77 74 80 74 71 72 73 75 75 76 76 75 77 76 74 71 67 62 59 57
 59 58 59 61 64 66 65 64 70 68 78 75 51 40 54 67 69 48 43 46 34 28 42 56
 49 49 50 55 60 63 63 60 67 67 67 68 73 77 72 64]","[51 82 80 78 79 75 79 72 79 78 77 75 73 70 68 66 65 66 67 68 68 69 68 68
 67 65 63 62 63 63 62 61 59 62 77 71 43 42 64 74 73 51 41 40 31 32 47 57
 50 50 53 58 63 65 64 61 66 70 71 71 73 76 74 68]","[47 80 81 81 85 83 89 82 81 81 82 82 83 82 81 81 76 75 75 73 71 69 67 65
 71 68 64 63 63 64 63 63 60 65 80 68 35 38 64 70 77 55 42 36 28 34 49 54
 61 61 60 60 61 63 65 67 66 71 74 73 74 76 75 70]","[47 81 83 82 85 82 89 84 85 85 85 84 83 81 80 79 83 80 77 77 78 78 75 72
 73 69 70 67 60 65 68 59 57 73 79 64 44 40 55 70 78 52 43 32 32 39 38 54
 63 60 58 61 64 66 68 71 72 69 74 77 76 81 81 68]","[47 80 82 82 84 82 88 83 86 86 87 86 86 85 83 83 86 83 81 80 81 81 78 76
 75 72 75 74 66 69 69 58 64 75 79 66 49 45 58 72 71 49 44 35 36 42 38 51
 64 62 61 63 66 68 70 72 73 70 75 78 76 81 81 68]","[49 82 84 84 86 84 90 85 88 88 89 89 89 89 88 87 89 87 85 85 85 85 83 81
 79 76 81 80 73 74 72 59 56 61 63 56 46 45 56 69 66 48 46 37 39 47 38 45
 63 64 65 66 68 71 73 74 76 73 78 80 78 82 82 68]","[52 86 88 88 90 87 94 89 88 89 90 91 91 91 91 90 91 90 89 88 88 87 86 85
 82 79 83 83 77 79 77 63 44 42 44 46 44 45 55 68 65 51 48 37 40 49 39 41
 61 65 68 67 69 72 75 74 79 76 80 82 79 84 83 69]","[52 86 88 88 90 87 94 89 88 88 90 91 91 92 92 91 91 92 92 91 90 89 89 89
 86 80 82 82 78 83 82 69 45 37 38 47 50 48 56 69 69 56 51 35 38 52 42 39
 58 65 70 68 69 73 76 74 81 78 82 84 81 86 85 71]","[51 85 87 87 89 86 93 88 88 89 90 91 92 92 92 91 92 93 94 93 91 90 91 92
 90 83 83 83 80 85 84 71 48 37 38 50 53 45 49 63 70 59 53 33 37 56 46 40
 55 66 73 70 70 75 77 74 82 79 83 86 83 88 87 74]","[53 87 89 89 91 88 95 90 90 91 92 93 93 92 92 92 93 95 97 96 93 92 93 95
 94 87 88 89 85 88 83 67 46 34 36 51 53 41 43 57 67 58 54 34 40 62 52 42
 55 69 76 73 72 78 80 76 82 79 84 87 85 90 90 77]","[57 91 93 93 95 92 99 94 92 93 93 94 94 93 93 92 95 97 99 98 95 93 95 98
 97 91 93 94 90 89 81 62 44 32 36 54 56 42 44 60 62 56 54 36 44 67 55 43
 56 71 79 75 74 80 82 77 82 79 84 88 86 92 92 79]","[ 52  96  95  90  96  93  95  94  95  95  95  96  96  96  97  97  98  98
  98  98  98  98  98  98  98 100  98  95 101 104  88  65  45  35  47  52
  53  50  37  47  55  53  46  40  49  63  61  49  53  75  83  78  80  80
  77  80  78  90  95  94  80  89 105  75]","[ 52  96  96  90  97  94  97  96  96  96  96  97  97  97  98  98  97  97
  98  99 100 101 102 102 100 102 100  99 104 105  87  64  49  34  44  50
  50  46  37  53  56  53  44  39  47  61  60  49  51  73  82  78  82  83
  80  83  90  79  78  99  95  90  99  76]","[ 52  96  97  92  99  96 100  98  97  97  98  98  98  99  99  99  97  98
  99 101 102 104 105 106 102 104 103 104 108 106  86  63  51  33  43  51
  50  43  36  58  59  54  44  39  47  60  60  50  50  73  82  79  84  86
  84  87  89  85  88 101  89  91 118 112]","[ 53  97  97  93 100  98 102 101  99  99  99 100 100 100 101 101  99  99
 100 101 103 104 105 105 104 106 106 109 112 106  83  60  51  34  48  60
  56  42  32  56  61  55  45  42  50  61  61  53  52  75  84  81  86  88
  86  89  89  98  97  93  92 127 165 147]","[ 54  98  98  94 101  99 103 102 100 100 100 100 101 101 101 102 101 101
 101 102 102 102 103 103 107 107 108 111 114 104  79  57  46  37  57  69
  62  44  29  49  61  55  48  48  57  65  63  56  55  78  86  84  88  89
  87  90  93  92  88 106 137 181 195 146]","[ 55  99  99  94 101  99 102 101 100 100 100 100 101 101 102 102 103 103
 103 103 103 103 102 102 109 107 107 112 113 100  75  53  40  39  63  70
  61  45  31  45  58  52  49  55  65  69  64  56  57  80  88  86  89  91
  89  92  89  91 111 156 181 192 188 143]","[ 56 100  99  94 101  98 101  99  99  99 100 100 100 101 101 101 103 103
 103 104 105 105 106 106 110 106 105 110 111  96  71  51  36  41  63  61
  51  45  36  48  52  48  50  60  71  72  63  55  56  79  88  86  91  94
  93  96 107 130 162 193 188 182 183 150]","[ 56 100  99  94 100  97 100  98  99  99  99 100 100 101 101 101 102 103
 104 105 107 108 109 110 111 106 104 109 109  94  68  49  34  42  60  51
  41  45  41  53  47  45  49  62  73  73  62  53  54  77  88  87  93  96
  96  99 150 177 192 190 179 191 195 148]","[ 55  98  97  91 100  98 101  99  99  99 100 101 101 101 100 100 101 103
 105 105 104 104 105 107 112 105 105 113 113  94  69  54  37  49  55  46
  37  36  41  44  45  45  46  49  58  65  62  54  45  78 102 101  88  87
 122 171 183 185 184 190 186 194 196 153]","[ 59 102 101  95 102  98 101  98 101 102 103 103 104 103 103 103 104 106
 107 107 106 107 108 110 113 109 111 117 113  94  70  55  35  45  51  47
  43  46  51  53  48  48  47  49  57  64  63  57  61  87  91  84 105 143
 171 185 183 186 185 191 187 195 196 153]","[ 57 101 100  94  99  94  96  94  98  99 100 101 102 102 101 101 102 104
 105 106 105 105 107 109 109 110 113 115 105  83  61  48  44  48  50  47
  45  47  48  47  48  49  47  47  52  58  58  53  56  85 100 113 151 186
 190 180 183 187 187 194 190 196 196 152]","[ 58 103 105  99 104  99 101  99 103 104 105 106 107 107 107 107 107 109
 111 112 111 112 113 115 115 119 121 116  99  75  54  43  54  52  48  46
  47  47  46  43  48  50  51  49  51  55  54  50  51  92 136 169 187 183
 175 180 184 188 190 197 192 198 197 152]","[ 67 115 119 116 121 117 119 118 120 121 122 124 125 125 125 125 125 127
 129 130 130 130 133 134 135 138 137 124 102  78  59  49  55  48  41  41
  45  47  47  46  41  48  52  52  54  57  56  54  60 116 168 189 186 174
 177 195 186 190 192 198 194 199 198 153]","[ 71 122 129 127 132 128 131 131 132 133 135 136 137 138 138 138 138 140
 142 143 143 144 146 148 149 151 144 124 100  79  64  55  62  50  38  34
  34  33  32  33  29  38  44  45  45  49  51  51  47 124 179 182 179 185
 188 188 189 193 193 199 194 200 200 155]","[ 68 120 128 127 132 127 131 131 133 134 136 138 139 140 140 140 140 142
 144 145 145 146 149 151 151 150 138 115  92  76  65  57  80  64  46  37
  31  26  25  28  32  38  41  36  33  36  41  44  35 115 176 184 185 191
 187 180 192 195 194 199 194 200 201 157]","[ 67 120 129 127 132 126 129 129 134 135 136 138 140 140 141 141 140 143
 145 146 146 147 150 152 152 149 134 109  87  76  67  60  93  76  58  49
  43  39  41  47  48  52  49  38  30  31  37  41  49 113 171 192 190 181
 184 198 194 196 194 198 194 200 202 159]","[ 64 128 125 127 127 133 127 135 134 134 136 137 139 140 141 142 142 143
 144 145 147 148 149 150 154 146 130 108  88  72  60  53  90  82  64  47
  46  56  56  49  53  57  56  46  32  26  31  39  48  95 178 187 188 184
 190 187 194 192 198 194 201 198 205 155]","[ 66 130 127 129 129 135 128 136 134 135 136 137 139 141 142 142 144 144
 145 146 147 148 149 149 150 141 125 104  84  67  55  48  62  78  86  70
  47  40  53  68  58  58  58  54  49  42  38  36  44  91 175 186 188 185
 192 189 195 193 199 195 202 199 206 156]","[ 67 132 128 131 130 137 130 138 135 135 136 138 140 141 142 143 145 146
 146 147 147 148 148 148 148 138 122 102  82  64  51  45  39  53  71  80
  72  58  53  55  63  59  58  61  64  61  49  38  40  87 173 185 189 186
 193 191 196 194 200 196 203 200 207 157]","[ 68 132 128 131 131 137 130 138 135 136 137 139 140 142 143 144 147 147
 147 147 148 148 148 148 150 139 122 104  83  64  51  47  43  37  42  63
  77  74  65  61  73  66  60  62  67  67  60  51  42  89 175 186 189 186
 193 190 196 194 200 196 203 200 207 157]","[ 67 131 128 130 130 136 129 137 136 137 138 140 141 143 144 145 148 148
 148 148 149 149 149 149 152 138 122 105  84  62  50  47  52  46  44  46
  47  53  76 100  88  81  72  65  62  63  64  65  50  97 180 188 190 186
 192 190 196 193 199 196 203 200 207 157]","[ 67 132 128 131 130 136 130 138 137 138 139 140 142 144 145 145 148 148
 148 149 149 150 150 151 151 136 119 104  83  59  46  45  42  46  49  46
  40  46  68  91  96  93  86  73  61  57  61  67  62 106 186 192 191 187
 193 192 197 195 201 197 204 201 208 158]","[ 69 133 130 132 132 138 131 139 138 138 139 141 143 144 145 146 147 147
 148 149 150 151 152 152 151 135 118 103  82  57  44  45  37  43  49  51
  56  63  68  69  81  87  89  81  68  58  57  60  72 114 192 195 193 189
 197 196 200 197 203 200 207 204 211 161]","[ 70 135 131 134 134 140 133 141 138 139 140 141 143 144 146 146 146 147
 148 149 151 152 153 154 153 136 119 105  84  58  45  46  46  55  56  51
  54  71  86  90  59  71  84  85  75  62  54  52  77 118 194 197 195 192
 200 200 202 200 206 202 210 206 213 163]","[ 64 141 133 138 134 135 137 138 142 143 144 145 146 147 148 149 152 153
 154 156 158 159 161 161 162 137 115 102  85  60  46  46  50  59  57  50
  60  85  98  94  81  65  64  69  61  55  56  53  58 147 186 195 201 189
 191 200 202 203 209 202 209 209 216 163]","[ 68 146 137 143 140 141 143 144 146 146 147 148 149 150 151 152 155 156
 157 158 160 161 162 163 163 139 116 102  83  58  44  44  49  52  52  57
  76  98 103  95  79  71  68  65  60  60  57  47  63 157 194 194 198 196
 201 203 203 204 210 203 211 210 217 164]","[ 71 148 140 146 144 145 148 149 149 150 151 152 153 154 155 156 159 160
 161 161 162 163 164 164 164 140 116 101  81  56  42  44  53  48  51  70
  96 110 106  96  80  78  70  61  58  60  54  43  91 175 203 195 196 200
 208 203 204 205 212 206 213 213 219 166]","[ 70 147 140 146 143 145 149 150 151 152 153 154 155 156 157 157 162 162
 162 163 164 164 165 165 164 140 116 101  80  56  45  48  61  52  58  85
 109 114 106  98  89  80  67  61  59  51  46  52 139 193 205 198 198 199
 207 202 206 207 215 209 217 216 222 168]","[ 69 147 139 146 143 145 149 150 151 152 152 154 155 156 157 157 162 162
 162 163 163 164 164 165 163 140 117 102  81  58  50  55  63  59  69  96
 116 115 107 104  96  78  61  62  61  39  45  83 185 202 197 203 205 198
 206 206 208 210 218 212 220 220 225 171]","[ 72 149 142 147 145 146 149 150 150 151 152 153 154 155 156 157 161 161
 162 163 164 164 165 166 166 143 120 104  83  61  54  61  62  64  79 104
 119 118 110 107  91  73  54  59  59  38  62 132 207 202 192 207 210 200
 211 212 209 212 220 216 224 223 228 174]","[ 73 150 142 148 144 145 148 149 150 151 152 153 154 155 156 157 160 161
 162 163 165 166 167 168 171 148 124 107  85  62  57  65  63  70  87 109
 123 121 109  97  75  69  53  51  55  48  94 183 205 203 197 211 210 204
 217 212 210 213 222 218 226 225 230 176]","[ 72 149 141 146 142 143 146 146 151 151 152 153 154 156 157 157 160 161
 162 164 166 168 169 170 175 152 128 109  86  63  57  66  68  77  93 112
 125 123 104  84  60  68  53  44  51  59 120 216 198 207 207 214 207 206
 220 207 211 214 223 219 228 227 231 177]","[ 70 146 138 145 145 149 153 154 152 153 154 156 157 158 158 158 161 162
 164 167 168 169 168 168 172 170 132 109  82  61  75  68  68  88 108 116
 120 116  98  77  55  47  46  37  43  77 186 205 204 205 207 209 211 213
 214 214 215 213 226 223 224 225 236 179]","[ 77 153 145 152 151 154 156 156 153 154 156 157 158 159 159 159 162 164
 166 169 171 171 172 172 172 167 130 110  91  76  85  75  72  89 105 111
 112 107  88  67  58  55  41  39  48 143 195 209 203 204 207 209 211 212
 213 214 213 210 223 220 223 224 234 174]","[ 74 151 143 150 149 149 150 149 152 153 154 156 157 158 158 158 159 160
 163 165 168 169 170 170 176 165 129 106  89  78  80  68  75  89 101 105
 103  96  78  59  43  37  33  32  80 196 205 205 202 204 206 208 210 212
 212 213 222 218 230 229 235 236 241 179]","[ 78 155 148 156 154 155 154 153 158 159 161 163 164 165 165 165 161 163
 165 168 170 173 174 175 185 174 143 112  92  85  86  79  75  84  92  93
  90  82  65  49  42  30  49  62 152 209 215 201 208 209 211 214 216 217
 218 218 215 209 220 221 228 230 234 169]","[ 74 151 145 153 153 154 154 153 154 155 157 158 159 160 160 160 157 158
 159 162 164 167 169 170 177 171 150 111  84  82  85  89  79  83  86  84
  78  67  51  38  38  35  60 126 205 195 205 196 203 204 206 209 211 212
 213 213 222 216 227 228 235 237 239 176]","[ 77 155 147 155 155 157 158 157 158 159 160 162 163 164 164 164 164 165
 166 167 170 172 175 176 180 179 168 119  83  80  79  88  90  90  88  83
  74  61  47  36  32  45  71 190 221 203 204 215 211 213 215 217 219 221
 222 222 220 215 227 227 232 232 238 177]","[ 82 158 149 156 154 156 158 158 160 161 162 164 165 166 166 166 168 168
 168 169 171 173 176 177 179 180 179 129  91  88  80  89  88  85  81  77
  69  57  45  38  41  49 100 198 208 206 203 214 210 211 213 216 218 219
 220 220 225 222 235 233 234 235 243 186]","[ 54 129 118 123 121 122 124 124 122 123 124 126 127 128 128 128 130 129
 129 130 131 133 136 137 131 136 145 102  72  75  64  72  70  67  64  62
  57  47  39  34  35  24 108 142 160 159 160 155 159 160 162 165 167 168
 169 169 166 164 177 174 175 176 187 130]"
