"[34 36 34 44 40 37 52 42 50 51 49 44 37 32 30 31 32 30 29 31 37 46 55 61
 58 59 61 61 60 60 61 63 61 61 61 60 60 60 59 59 58 58 58 60 63 67 71 74
 73 80 88 91 89 86 86 88 82 87 82 88 91 95 95 62]","[ 40  46  44  52  48  45  57  48  58  61  64  65  64  65  68  71  54  52
  48  45  43  43  43  44  68  73  80  87  94 102 109 114 101 102 105 109
 113 117 119 121 119 120 120 121 121 121 121 121 144 150 158 162 164 167
 173 178 184 187 176 177 175 177 177 145]","[ 43  57  55  58  55  51  61  52  52  54  56  57  57  57  59  61  70  70
  69  68  66  64  61  59  44  47  51  53  56  58  62  65  97  97  99 100
 102 104 105 106 104 106 110 113 116 116 116 115 111 115 119 123 127 133
 142 149 149 159 160 171 174 176 174 139]","[ 44  68  66  65  64  59  65  57  60  60  59  57  55  53  52  52  54  56
  60  63  65  65  65  65  73  73  72  69  65  62  61  62  40  43  49  58
  67  75  81  85 100 103 106 110 114 116 118 118 127 126 124 120 116 114
 116 118 124 135 137 149 154 159 160 129]","[ 50  86  84  79  81  76  78  72  71  70  69  69  68  67  66  65  59  59
  59  59  59  60  60  60  59  61  64  65  66  67  70  72  78  76  73  68
  62  57  53  51  43  47  55  65  77  89  99 105 105 108 112 116 119 122
 125 127 126 129 119 117 115 120 127 101]","[ 61 108 107  99 104 100  99  94  87  85  83  82  81  80  78  75  80  78
  75  73  71  70  70  71  59  61  63  64  65  66  68  70  62  63  66  69
  72  75  77  78  83  79  73  66  60  56  54  53  66  71  79  88  97 103
 107 109 113 123 122 127 125 127 129  99]","[ 66 122 123 112 121 117 115 111 117 113 109 107 106 104 100  97  91  90
  88  86  85  83  83  82  81  81  80  76  72  68  67  67  69  69  68  67
  66  65  64  64  66  68  70  74  78  82  86  88  73  72  71  70  68  64
  60  57  76  92  99 112 114 116 117  87]","[ 65 126 127 115 126 123 120 117 122 119 117 117 119 119 117 114 119 118
 116 114 110 106 102 100  93  94  94  92  90  88  88  89  83  83  82  81
  80  79  78  78  72  73  75  76  76  75  74  73  83  83  84  87  90  92
  92  92  72  75  65  63  60  68  81  59]","[ 66 133 129 128 127 134 124 126 123 123 123 123 123 123 123 123 124 124
 124 124 124 124 124 124 122 121 119 116 113 111 109 108 100 100  98  96
  94  91  90  89  87  87  87  87  87  86  86  86  80  80  80  80  79  79
  79  79  91  92  87  94  87  79  80  59]","[ 67 134 130 129 128 134 125 127 127 127 127 127 127 127 127 127 127 127
 127 127 127 127 127 127 127 127 127 128 128 128 128 128 129 127 124 121
 117 113 110 109 105 104 103 100  98  96  94  93  92  91  90  89  88  87
  86  85  88  88  81  88  82  76  80  59]","[ 67 135 132 131 129 135 126 130 131 131 131 131 131 131 131 131 131 131
 131 131 131 131 131 131 130 131 132 133 135 136 137 138 136 136 136 135
 134 134 133 133 129 128 127 124 121 119 117 116 113 112 110 108 106 104
 102 102  98  97  88  92  86  82  86  64]","[ 68 136 134 133 130 137 128 133 131 131 131 131 131 131 131 131 134 134
 134 134 134 134 134 134 134 134 134 134 135 135 135 135 132 133 134 135
 137 139 140 140 140 139 139 139 138 138 138 138 133 132 131 129 127 126
 125 124 122 122 112 114 107 102 103  76]","[ 68 138 137 135 132 138 131 136 133 133 133 133 133 133 133 133 136 136
 136 136 136 136 136 136 139 139 139 138 138 137 137 137 139 139 138 138
 137 136 136 135 138 138 139 140 141 142 143 143 143 143 143 143 142 142
 142 142 142 145 137 140 134 130 127  95]","[ 69 140 139 138 133 140 133 140 138 138 138 138 138 138 138 138 138 138
 138 138 138 138 138 138 138 138 139 139 139 140 140 140 139 139 139 139
 139 139 139 139 142 142 142 143 143 143 144 144 145 145 146 147 148 148
 149 149 149 154 149 154 152 150 147 113]","[ 70 141 141 139 135 141 135 142 141 141 141 141 141 141 141 141 140 140
 140 140 140 140 140 140 138 138 139 139 140 141 141 142 138 138 139 140
 142 143 144 145 147 147 147 147 147 147 147 147 146 146 147 148 149 150
 151 151 152 157 151 155 155 157 155 121]","[ 70 142 142 140 135 141 136 143 141 141 141 141 141 141 141 141 142 142
 142 142 142 142 142 142 144 144 144 144 144 144 144 144 152 151 150 148
 146 144 143 142 145 145 145 146 147 148 148 148 149 149 149 150 151 151
 152 152 156 160 151 152 152 156 155 121]","[ 68 146 138 144 140 141 143 143 143 143 143 144 144 144 145 145 144 144
 144 145 145 145 146 146 146 146 148 148 148 147 146 145 153 141 152 156
 149 148 145 147 151 147 151 152 147 150 153 145 149 149 149 150 151 152
 152 153 154 155 153 160 153 157 160 122]","[ 68 146 138 144 141 141 143 144 144 145 145 145 146 146 146 147 144 145
 145 145 146 146 146 147 148 148 149 150 150 149 148 147 149 145 149 147
 145 150 156 166 154 149 153 156 150 153 156 148 151 151 152 153 154 154
 155 155 157 157 156 162 156 160 163 125]","[ 69 147 139 145 141 142 144 144 146 146 146 147 147 148 148 148 146 146
 146 146 147 147 148 148 150 150 151 152 152 151 151 150 153 162 154 153
 167 163 149 146 156 149 153 157 153 155 157 150 154 155 155 156 157 158
 158 158 160 160 159 166 159 163 167 128]","[ 70 147 140 145 142 143 145 145 146 146 147 147 147 148 148 148 147 147
 148 148 148 149 149 149 151 151 152 152 152 152 152 152 134 167 161 182
 227 214 171 153 158 148 150 156 153 154 156 150 156 156 157 158 158 159
 160 160 161 162 161 167 161 166 169 131]","[ 71 148 141 146 143 143 145 146 146 146 146 147 147 147 148 148 149 149
 149 150 150 150 151 151 151 151 151 152 152 153 153 154 181 234 214 223
 251 217 161 153 164 150 150 156 154 154 157 152 156 157 157 158 159 159
 160 160 162 162 161 168 162 167 170 132]","[ 71 149 141 147 144 144 146 147 146 146 146 147 147 148 148 148 150 150
 151 151 152 152 152 152 152 152 152 152 153 154 155 156 173 247 218 219
 251 213 191 231 174 156 152 158 156 156 159 157 157 157 157 158 159 160
 160 161 162 162 161 169 163 168 172 133]","[ 72 150 142 148 144 145 147 147 147 148 148 148 149 149 149 150 151 152
 152 152 153 153 153 154 154 154 153 153 154 156 158 159 192 253 212 201
 239 184 176 243 181 159 152 157 155 154 159 159 158 158 159 159 160 161
 162 162 163 163 163 170 165 169 173 135]","[ 72 150 142 148 145 145 147 147 149 149 150 150 150 151 151 151 152 152
 153 153 153 154 154 154 156 156 155 155 156 158 160 161 199 252 196 190
 239 182 168 238 184 159 150 154 152 151 157 158 159 159 160 161 161 162
 163 163 164 165 164 171 166 171 175 137]","[ 72 150 143 149 145 145 146 145 150 149 149 149 149 150 151 152 153 153
 153 154 154 155 155 155 152 157 154 157 156 151 228 227 237 247 204 186
 240 183 148 213 158 116 164 156 153 155 155 158 158 158 159 159 160 161
 162 162 163 162 161 168 164 170 173 133]","[ 73 151 143 149 145 145 146 146 150 149 149 149 149 150 151 152 153 153
 153 154 154 155 155 155 153 152 153 158 158 171 247 230 219 251 225 200
 239 167 133 218 163 121 165 163 160 159 157 158 158 159 159 160 161 162
 162 163 164 163 161 169 165 170 173 134]","[ 73 151 144 149 146 145 146 146 149 149 149 149 149 150 151 151 153 153
 153 154 154 155 155 155 159 151 154 157 154 189 253 210 215 250 218 180
 226 151 123 227 184 133 159 158 153 157 160 164 159 160 160 161 162 163
 163 164 165 164 162 170 166 171 174 135]","[ 73 151 144 150 146 146 146 146 149 149 148 148 149 149 150 151 153 153
 153 154 154 155 155 155 162 150 156 159 153 207 252 185 222 249 192 157
 229 165 125 222 177 125 141 156 153 157 158 159 160 160 161 162 163 163
 164 164 166 165 163 171 167 172 175 135]","[ 74 152 144 150 146 146 147 147 149 148 148 148 148 149 150 151 153 153
 153 154 154 155 155 155 158 149 157 161 157 224 249 168 223 244 181 158
 241 187 134 215 165 116 128 165 164 164 157 150 160 160 161 162 163 163
 164 164 166 165 163 171 167 172 175 135]","[ 74 152 145 151 147 146 147 147 148 148 147 147 148 149 150 150 153 153
 153 154 154 155 155 155 159 155 158 158 155 226 229 148 230 239 166 137
 222 176 143 229 215 151 134 168 160 162 160 157 159 160 160 161 162 163
 163 164 165 164 162 170 166 171 174 135]","[ 74 152 145 151 147 147 148 147 148 148 147 147 148 148 149 150 153 153
 153 154 154 155 155 155 157 159 158 155 158 231 221 153 234 220 133  96
 175 151 151 241 248 181 136 166 152 157 162 163 158 159 159 160 161 162
 162 163 164 163 161 169 165 170 173 134]","[ 74 152 145 151 147 147 148 148 148 147 147 147 147 148 149 150 153 153
 153 154 154 155 155 155 148 158 156 158 171 250 240 186 224 197 109  77
 161 148 155 240 236 166 127 170 158 160 158 153 158 158 159 159 160 161
 162 162 163 162 161 168 164 170 173 133]","[ 73 151 143 149 145 144 145 144 146 146 147 148 149 151 151 152 154 154
 154 155 155 155 156 156 152 171 152 160 189 246 234 212 244 206 182 167
 195 224 219 242 211 142 133 162 154 154 165 159 158 159 159 159 160 161
 161 161 162 161 159 166 162 168 170 131]","[ 74 152 145 150 146 146 147 146 147 148 149 150 151 152 153 154 153 153
 153 153 154 154 155 155 153 161 154 153 204 249 251 235 213 216 198 205
 239 251 250 250 240 168 127 160 159 156 158 151 161 161 161 162 162 162
 163 163 163 162 160 168 163 168 171 131]","[ 73 151 144 150 147 146 147 147 146 146 147 148 150 151 152 152 151 151
 151 152 152 153 153 153 152 152 158 160 228 253 251 236 197 223 187 198
 238 243 249 243 249 200 126 158 163 162 160 159 160 160 160 160 161 161
 161 161 164 162 160 167 163 168 170 130]","[ 73 151 144 150 147 147 149 149 145 145 146 147 148 149 150 151 153 153
 154 154 154 155 155 155 154 153 164 189 249 252 235 201 192 206 175 191
 240 247 239 230 229 214 140 153 151 151 153 158 159 159 159 159 159 159
 159 160 164 163 160 167 162 166 169 129]","[ 76 154 148 154 152 152 154 154 152 152 153 154 156 157 158 158 162 162
 162 163 163 164 164 164 166 165 169 219 252 252 201 168 173 169 176 196
 239 233 158 125 182 216 182 173 164 162 161 165 166 166 166 166 166 166
 165 165 169 167 164 171 165 169 171 131]","[ 81 159 153 160 158 159 161 161 164 164 165 166 167 169 169 170 171 171
 172 172 173 173 173 173 180 177 176 234 251 246 187 168 195 187 218 234
 247 244 147  87 119 163 181 167 177 183 178 178 177 177 176 176 176 176
 175 175 175 173 170 176 170 174 176 135]","[ 82 161 155 162 160 161 164 164 168 168 169 170 171 173 173 174 173 174
 174 174 175 175 175 176 182 177 191 237 252 227 188 185 182 195 223 235
 246 249 203 124  79  78 119 108 159 180 174 174 180 180 179 179 178 178
 178 177 177 176 172 178 172 175 176 136]","[ 80 158 153 160 158 160 162 163 164 165 166 167 168 169 170 171 170 171
 171 171 172 172 172 173 175 172 205 237 252 212 191 195 206 242 249 250
 244 250 242 146 107  52  88  73 153 186 179 180 176 176 175 175 174 174
 173 173 176 174 170 176 170 173 174 133]","[ 80 159 153 160 158 159 162 162 164 165 165 166 167 167 168 168 170 171
 171 172 173 173 174 174 175 171 189 252 248 222 217 232 241 253 254 250
 253 252 237 196 131 120 182 155 153 176 182 168 174 174 174 174 173 173
 172 172 171 171 169 176 171 174 174 133]","[ 79 158 152 159 157 159 161 161 162 162 163 164 164 165 166 166 168 168
 169 170 170 171 172 172 176 175 190 252 249 232 229 240 254 254 251 245
 249 253 252 243 236 230 242 211 155 181 174 178 173 173 172 172 172 171
 171 171 169 168 166 174 168 171 172 131]","[ 78 157 151 158 156 157 159 159 159 160 160 161 162 162 163 163 165 166
 166 167 168 168 169 169 173 176 190 250 249 244 243 248 252 249 249 253
 253 252 252 250 248 238 215 186 112 164 152 172 170 170 170 169 169 168
 168 168 167 165 163 170 164 167 168 127]","[ 77 156 149 156 154 155 157 157 157 158 158 159 160 161 161 162 163 164
 164 165 166 167 167 168 166 174 188 246 250 251 250 250 253 252 254 254
 255 249 236 231 185 162 121 120  91 168 164 179 167 167 167 166 166 166
 165 165 165 164 161 167 161 164 165 125]","[ 76 154 148 154 152 152 154 154 156 157 157 158 159 160 160 161 162 163
 163 164 165 166 166 167 162 172 187 246 249 252 252 250 253 253 250 246
 237 213 173 139  91  79  64  80  97 158 160 161 165 165 164 164 163 163
 163 163 164 162 159 164 158 162 163 123]","[ 74 153 146 153 150 150 152 152 155 155 156 156 157 158 158 159 161 161
 162 162 163 164 164 165 162 170 184 243 246 247 250 251 249 247 242 232
 214 174 114  66  76  91 109 127 150 173 175 169 163 163 163 162 162 161
 161 161 163 161 156 161 155 159 161 121]","[ 73 151 145 151 148 148 150 150 152 152 153 154 154 155 156 156 158 158
 159 160 160 161 162 162 163 165 176 234 234 232 241 249 242 225 205 190
 167 131  97  79  87 118 135 151 159 163 161 159 162 162 162 161 161 161
 160 160 160 158 153 158 151 155 157 117]","[ 73 151 144 150 147 148 149 149 150 150 151 151 152 153 153 154 156 156
 157 157 158 159 159 160 162 160 168 224 221 217 230 245 216 169 121  94
  72  59  77 110 128 155 151 165 162 169 161 163 162 162 161 161 161 160
 160 160 158 156 150 155 148 152 154 115]","[ 72 148 139 145 144 146 148 148 148 148 149 151 152 153 154 155 154 154
 155 156 157 158 158 159 164 155 165 194 203 173 211 223 213 126  52  57
  62  77 115 127 159 158 158 158 157 157 157 157 153 153 153 152 151 150
 150 149 141 147 140 142 138 139 140 109]","[ 71 147 138 144 143 145 147 146 147 147 148 149 151 152 153 153 153 153
 154 154 155 156 157 157 158 155 158 169 186 176 212 211 181 136  71  50
  56  83 128 143 153 153 153 152 152 152 151 151 149 149 148 147 146 146
 145 145 141 146 140 141 138 139 139 108]","[ 70 146 137 143 141 143 145 145 145 146 147 148 149 150 151 151 151 151
 151 152 153 154 154 154 152 156 155 150 177 187 208 188 167 167 105  47
  52  86 137 154 149 149 149 148 148 147 147 147 146 146 146 145 144 143
 143 142 140 145 139 140 137 138 139 108]","[ 69 145 136 142 140 141 143 143 144 144 145 146 147 148 148 149 149 149
 149 150 150 151 151 151 146 152 155 154 200 219 224 199 193 209 137  49
  57  85 132 153 149 149 149 148 148 147 147 147 148 147 147 146 145 145
 144 144 139 145 138 139 136 137 138 107]","[ 69 145 135 141 139 140 142 141 143 144 144 145 146 146 147 147 147 147
 147 148 148 148 148 149 145 144 151 162 227 249 248 239 231 233 151  52
  67  81 125 150 149 149 148 148 147 147 147 147 148 148 147 147 146 145
 144 144 139 145 138 139 136 137 138 107]","[ 69 145 135 141 139 140 141 141 143 144 144 144 145 145 146 146 146 146
 146 147 147 147 147 147 154 143 146 154 226 251 251 251 244 235 153  55
  72  76 124 151 147 147 146 146 146 145 145 145 147 146 146 145 144 143
 143 142 140 145 139 140 137 138 139 108]","[ 70 146 136 141 139 140 141 141 144 144 144 145 145 145 146 146 146 146
 146 146 146 146 146 146 153 146 149 144 217 250 244 249 245 235 163  61
  70  69 126 149 147 146 146 146 145 145 145 144 146 146 145 144 143 143
 142 142 141 146 140 141 138 139 139 108]","[ 71 146 136 142 139 140 141 141 144 144 145 145 145 145 146 146 146 146
 146 146 146 146 146 146 139 145 155 146 222 254 251 252 244 238 177  69
  66  63 126 144 148 148 148 147 147 147 146 146 147 147 146 146 145 144
 143 143 141 147 140 142 138 139 140 109]","[ 71 139 136 135 133 143 138 145 141 141 141 142 142 142 143 143 144 144
 144 144 144 144 144 144 140 143 144 153 221 248 254 253 250 237 202  80
  64  70 118 139 144 145 145 146 145 145 144 143 144 144 144 144 144 144
 144 144 141 144 137 142 139 136 137 109]","[ 73 142 140 138 136 144 138 144 144 145 145 145 146 146 146 146 149 149
 149 149 149 149 149 149 151 152 152 162 229 251 254 250 252 239 201  83
  65  75 127 155 150 150 151 151 150 149 148 147 149 149 149 149 149 149
 149 149 147 149 142 147 143 141 142 113]","[ 68 137 136 135 132 139 132 137 139 139 140 140 141 141 141 141 144 144
 144 144 144 144 144 144 146 146 149 165 234 253 254 248 251 237 199  88
  63  69 115 148 147 147 147 147 145 144 143 142 144 144 144 144 144 144
 144 144 143 146 139 143 139 136 136 108]","[ 71 141 141 141 139 146 138 143 144 144 144 144 145 145 146 146 148 148
 148 148 148 148 148 148 149 147 152 175 245 254 254 251 252 239 206 108
  77  76 112 147 151 151 151 150 149 147 145 144 148 148 148 148 148 148
 148 148 147 149 142 146 142 139 140 111]","[ 66 137 137 138 137 144 137 142 142 143 143 143 144 144 144 144 145 145
 145 145 145 145 145 145 149 146 153 179 247 253 248 244 248 232 198 114
  81  80 110 151 148 148 148 147 146 144 142 141 145 145 145 145 145 145
 145 145 143 146 139 143 139 136 137 109]","[ 68 138 138 138 136 144 138 143 145 145 146 146 146 147 147 147 146 146
 146 146 146 146 146 146 150 147 159 190 254 254 254 254 252 237 196 121
  84  83 107 151 149 149 149 149 148 146 145 144 146 146 146 146 146 146
 146 146 144 146 140 144 141 139 140 112]","[ 75 144 141 139 136 143 137 143 145 145 145 146 146 147 147 147 147 147
 147 147 147 147 147 147 147 145 160 191 252 251 248 253 248 228 190 131
  95  91 104 146 149 149 149 149 148 147 146 146 147 147 147 147 147 147
 147 147 143 146 139 145 142 141 142 114]","[ 50 117 112 109 105 111 105 111 111 111 112 112 112 113 113 113 114 114
 114 114 114 114 114 114 117 112 124 150 203 191 185 191 187 171 147 107
  79  74  79 117 115 115 116 116 116 115 114 114 114 114 114 114 114 114
 114 114 109 112 106 112 110 109 110  83]"
