"[33 36 34 42 36 34 52 44 52 51 49 45 40 34 29 26 27 26 25 27 33 42 51 57
 56 57 60 61 62 61 60 59 62 62 62 62 61 60 58 57 56 57 58 59 60 64 70 74
 79 83 89 91 90 87 85 84 81 86 81 87 90 94 94 61]","[ 38  46  44  51  45  42  56  49  58  59  62  64  66  67  68  68  54  52
  49  45  43  43  43  44  67  70  76  84  94 102 109 113 101 103 105 108
 112 115 118 120 118 119 120 120 119 119 120 122 146 150 156 162 166 170
 175 178 184 186 176 176 175 177 177 144]","[ 40  56  55  59  54  49  59  51  48  50  52  55  57  59  60  60  68  68
  68  67  65  62  60  58  44  44  45  48  52  57  63  66  98  98  98  98
  99 102 104 105 103 106 110 112 113 113 115 116 110 113 117 122 129 136
 145 151 150 160 161 172 175 177 174 140]","[ 40  67  67  66  64  57  63  55  56  56  56  55  53  52  51  50  51  53
  56  60  62  62  62  62  73  71  68  65  62  60  60  59  42  44  48  54
  62  72  80  85  99 102 106 109 111 114 117 119 128 127 124 120 116 114
 116 118 125 136 138 150 155 160 162 130]","[ 46  85  85  80  81  74  76  70  70  69  68  67  65  64  63  63  58  58
  58  58  59  59  59  59  60  61  63  64  65  65  65  64  81  77  71  64
  58  55  52  52  42  47  55  64  75  87  98 105 105 108 113 116 118 121
 124 127 128 131 120 119 116 121 129 102]","[ 58 107 108  99 103  98  98  94  88  86  84  80  78  76  74  74  77  75
  73  70  68  67  67  68  59  61  64  66  67  66  64  63  65  65  66  67
  70  74  77  79  82  79  73  65  58  53  53  54  62  68  78  88  96 102
 108 112 114 124 122 127 126 127 129 100]","[ 65 122 123 111 118 115 114 112 116 114 111 107 103 101  99  99  87  86
  84  82  80  79  78  78  82  81  79  76  73  70  68  66  72  71  70  68
  67  66  65  64  65  67  70  73  76  80  85  89  69  71  72  70  66  62
  60  59  76  92  99 111 113 116 117  86]","[ 65 126 126 113 122 120 119 119 120 119 117 116 116 117 119 120 119 118
 117 114 110 106 103 101  94  93  91  90  90  91  93  95  86  85  85  84
  83  81  79  78  70  72  75  75  74  73  73  74  84  86  88  88  87  87
  88  89  70  74  64  62  59  67  79  58]","[ 65 130 127 127 123 127 120 129 120 120 120 120 120 120 120 120 122 122
 122 122 122 122 122 122 120 124 121 111 110 115 113 103 107 114  84 100
  83  89  99  89  85  85  85  85  85  84  84  84  79  79  79  79  78  78
  78  78  87  88  85  94  88  79  81  59]","[ 66 131 128 128 125 128 121 130 126 126 126 126 126 126 126 126 125 125
 125 125 125 125 125 125 120 122 133 142 133 122 137 163 206 194 146 121
 130 111  98  96 103 102 101  98  96  94  92  91  91  90  89  88  87  86
  85  84  85  85  80  87  82  77  80  59]","[ 67 132 130 130 127 131 123 132 130 130 130 130 130 130 130 130 129 129
 129 129 129 129 129 129 135 129 130 133 126 129 163 205 234 245 218 133
 142 134 132 148 127 126 125 122 119 117 115 114 112 111 109 107 105 103
 101 101  96  96  87  92  86  82  85  62]","[ 68 134 132 133 130 133 126 134 131 131 131 131 131 131 131 131 132 132
 132 132 132 132 132 132 133 132 127 125 139 169 200 218 121 164 214 191
 193 171 130 128 138 137 137 137 136 136 136 136 132 131 130 128 126 125
 124 123 121 121 112 114 107 101 101  74]","[ 69 136 134 136 133 137 129 136 133 133 133 133 133 133 133 133 134 134
 134 134 134 134 134 134 133 134 136 140 146 149 146 140  96  87 155 232
 242 234 163 130 136 136 137 138 139 140 141 141 142 142 142 142 141 141
 141 141 141 144 137 140 134 129 125  93]","[ 70 137 136 139 136 139 131 139 137 137 137 137 137 137 137 137 136 136
 136 136 136 136 136 136 145 134 137 145 124  83  64  71  86  53  67 120
 135 193 181 140 140 140 140 141 141 141 142 142 144 144 145 146 147 147
 148 148 147 153 148 153 151 150 146 112]","[ 71 139 138 141 138 142 133 140 139 139 139 139 139 139 139 139 138 138
 138 138 138 138 138 138 143 132 137 145 123  80  64  76  56  53  50  61
  70 118 157 141 145 145 145 145 145 145 145 145 145 145 146 147 148 149
 150 150 148 155 150 154 155 157 156 121]","[ 72 139 139 142 140 143 134 141 139 139 139 139 139 139 139 139 140 140
 140 140 140 140 140 140 142 145 149 145 123  88  55  35  62  41  31  56
  74  39  94 140 143 143 143 144 145 146 146 146 148 148 148 149 150 150
 151 151 151 156 149 152 152 157 156 122]","[ 69 145 135 141 139 141 142 142 142 142 142 143 143 143 144 144 141 142
 142 143 144 145 146 147 153 137 144 152 118  68  47  48  58  42  32  39
  40  31  57 108 147 150 142 152 155 148 153 145 151 151 150 150 151 152
 154 155 153 154 152 159 152 156 159 121]","[ 69 145 136 142 140 141 143 142 142 142 143 143 143 144 144 144 143 143
 143 144 145 145 146 146 143 144 145 142 121  82  47  31  59  41  28  38
  46  38  52  89 148 156 146 151 153 148 154 149 152 152 151 151 152 153
 155 156 156 156 155 161 155 159 162 124]","[ 70 146 136 142 140 142 143 143 143 143 143 144 144 144 145 145 145 145
 145 145 145 145 146 146 146 146 116  87  88  79  50  34  54  36  23  34
  50  45  46  65 142 160 151 150 153 148 156 153 154 153 153 153 154 156
 157 158 159 159 158 165 158 162 166 127]","[ 71 147 137 143 141 143 144 144 144 144 144 144 145 145 145 146 147 147
 147 146 146 146 146 146 150 136  77  38  59  70  50  44  45  33  20  27
  44  44  38  45 122 158 155 150 154 151 156 156 155 155 155 156 157 158
 158 159 160 161 160 166 160 165 168 130]","[ 72 147 138 144 142 143 145 144 144 145 145 145 146 146 146 146 148 148
 148 148 148 147 147 147 148 121  61  36  66  70  43  35  40  37  25  21
  32  35  30  32  93 149 156 150 157 154 156 156 155 156 157 158 158 159
 159 160 161 161 160 167 161 166 169 131]","[ 72 148 139 144 143 144 146 145 145 145 146 146 146 147 147 147 148 148
 149 149 149 149 149 149 155 112  53  37  62  63  38  27  37  44  34  20
  25  32  29  28  67 142 157 149 158 155 154 155 155 156 157 159 160 160
 160 159 161 161 160 168 162 167 171 132]","[ 73 149 139 145 143 145 146 146 146 146 146 147 147 147 148 148 148 148
 149 149 150 151 151 151 162 108  47  26  42  55  44  27  29  45  38  23
  30  43  42  37  51 139 158 147 157 155 153 156 155 156 158 159 160 160
 159 159 162 162 162 169 164 168 172 134]","[ 73 149 140 145 144 145 147 146 146 146 147 147 147 148 148 148 147 148
 149 150 151 152 152 153 156 105  52  29  40  61  53  23  20  40  37  25
  38  57  57  49  46 140 159 145 156 154 152 157 154 156 157 159 160 160
 159 158 163 164 163 170 165 170 174 136]","[ 72 150 143 149 145 145 146 146 148 147 147 147 147 148 149 150 148 149
 150 151 151 151 151 150 156 109  39  15  43  51  29  20  18  26  26  24
  41  62  57  37  47 118 159 162 155 152 157 154 157 157 158 158 159 160
 161 161 163 164 163 171 166 171 176 138]","[ 72 150 143 149 145 145 146 146 148 147 147 147 147 148 149 150 148 149
 150 151 151 151 151 150 154 108  41  13  33  38  24  20   9  22  29  28
  34  45  46  37  40 111 158 161 153 154 159 155 157 158 158 159 160 161
 161 162 164 164 164 171 166 171 175 137]","[ 72 150 143 149 145 145 146 146 147 147 147 147 147 148 149 149 149 149
 150 151 151 151 151 151 158 113  50  22  30  33  26  26  28  33  38  41
  44  46  40  32  33 101 157 160 151 157 161 156 158 159 159 160 161 162
 162 163 165 165 164 171 165 170 174 135]","[ 72 150 143 149 145 145 146 146 147 147 146 146 147 147 148 149 149 150
 151 151 152 152 151 151 161 114  59  34  37  37  32  30  47  39  38  50
  66  68  52  36  31  89 155 162 151 160 160 156 159 159 160 161 162 162
 163 163 165 165 164 171 165 169 172 134]","[ 72 150 143 149 145 145 146 146 147 146 146 146 146 147 148 149 149 150
 151 152 152 152 152 151 157 107  61  45  44  43  36  29  38  33  37  54
  74  78  66  52  36  76 149 163 152 161 157 157 159 159 160 161 162 162
 163 163 165 165 164 170 164 168 172 134]","[ 72 150 143 149 145 145 146 146 146 146 145 145 146 147 148 148 150 150
 151 152 153 153 152 152 154 105  68  58  52  47  42  31  31  43  56  62
  66  68  64  57  41  59 138 163 154 161 153 159 158 159 159 160 161 162
 162 163 163 164 163 170 164 169 172 134]","[ 72 150 143 149 145 145 146 146 146 146 145 145 146 146 147 148 150 151
 152 152 153 153 152 152 151 104  76  67  51  43  43  36  33  52  64  61
  58  61  58  49  44  42 123 161 155 160 149 162 157 158 158 159 160 161
 161 162 162 162 162 169 164 169 173 135]","[ 72 150 143 149 145 145 146 146 146 145 145 145 145 146 147 148 150 151
 152 153 153 153 153 152 144 100  76  66  41  31  37  34  26  41  48  47
  56  69  62  42  44  29 113 159 155 159 147 165 157 157 158 158 159 160
 161 161 161 162 161 169 164 169 174 136]","[ 72 151 144 150 146 145 145 144 146 146 147 147 148 149 150 150 153 147
 151 154 148 150 157 155 134  95  63  46  31  27  31  30  33  34  31  25
  30  47  63  70  69  55  93 160 146 159 159 152 157 158 158 158 159 160
 160 160 161 160 158 166 163 168 171 132]","[ 71 150 143 149 145 144 144 144 146 146 147 148 149 149 150 150 151 146
 151 154 148 150 155 151 106  70  43  36  31  31  34  29  38  40  35  22
  16  24  36  43  36  38  69 156 150 158 154 155 160 160 160 161 161 161
 162 162 162 161 159 167 164 169 172 133]","[ 69 147 141 147 144 143 143 143 144 144 145 145 146 147 147 148 148 144
 150 154 148 150 152 145  78  45  26  27  30  34  36  29  44  53  53  38
  19  11  14  19  17  30  45 142 158 154 152 162 159 159 159 159 160 160
 160 160 162 162 159 167 163 168 171 131]","[ 68 147 140 147 144 144 144 144 143 143 144 145 145 146 147 147 149 147
 154 157 152 154 154 143  65  37  24  27  28  32  36  33  49  64  75  65
  40  19  12  14  21  28  33 110 165 146 155 161 158 158 158 158 158 158
 158 159 163 162 160 167 162 167 169 130]","[ 72 151 145 153 150 150 151 151 152 152 152 153 154 155 155 156 158 157
 164 166 161 164 162 147  59  37  28  29  24  27  38  42  53  68  80  73
  48  24  16  18  22  18  31  74 169 151 167 159 165 165 165 165 165 165
 164 164 168 166 164 171 166 170 172 132]","[ 79 158 152 160 157 158 159 159 164 164 165 166 166 167 168 168 168 168
 174 174 170 175 171 154  52  35  29  30  23  26  41  50  60  66  71  64
  43  23  18  22  23  14  37  53 158 172 184 168 176 176 175 175 175 175
 174 174 174 173 170 176 171 175 176 136]","[ 80 159 154 162 160 160 162 162 167 167 168 169 170 170 171 171 171 172
 176 175 172 178 174 154  52  34  29  33  29  32  45  51  66  68  71  69
  55  37  29  30  32  22  39  34 112 183 184 176 179 179 178 178 177 177
 177 176 176 175 172 178 172 176 177 137]","[ 77 156 151 159 157 158 160 160 162 163 163 164 165 166 166 167 169 169
 173 171 168 175 171 151  56  36  31  36  35  38  46  48  69  72  81  87
  79  60  44  40  42  30  32  13  57 174 168 173 175 175 174 174 173 173
 172 172 175 173 170 176 170 173 175 134]","[ 79 158 152 159 157 158 161 161 163 164 164 165 166 166 167 167 167 167
 168 170 172 170 164 159  60  35  32  30  33  40  43  65  83  90  89  76
  61  51  40  31  24  23  37  15  40 135 175 170 173 173 173 173 172 172
 172 171 170 170 169 174 167 171 174 135]","[ 78 157 151 158 156 158 160 160 161 161 162 163 163 164 165 165 165 165
 165 168 170 168 164 160  60  35  33  32  39  53  57  74  81  83  77  63
  49  40  31  23  25  18  27  15  55 150 182 167 171 170 170 170 169 169
 169 168 168 168 166 172 165 168 171 132]","[ 77 156 150 157 155 156 158 158 158 159 159 160 161 161 162 162 163 163
 163 164 166 166 165 163  64  37  37  39  49  69  73  81  71  68  58  44
  33  28  23  18  27  12  27  51 101 163 177 167 167 167 166 166 166 165
 165 165 165 165 163 169 161 165 167 129]","[ 76 155 148 155 153 154 156 156 156 157 157 158 159 160 160 161 162 162
 161 162 164 165 166 166  74  40  41  46  55  76  76  72  53  48  39  29
  22  20  19  18  30  23  58 117 157 166 163 169 164 164 164 164 163 163
 163 162 163 163 161 166 159 162 164 125]","[ 75 153 147 153 151 151 153 153 155 156 156 157 158 159 159 160 161 161
 161 161 162 163 166 167  87  39  38  46  50  65  60  48  36  31  24  18
  15  14  18  22  36  67 113 161 178 164 158 164 163 163 163 163 162 162
 161 161 162 162 159 165 157 159 162 123]","[ 73 152 145 152 149 149 151 151 154 154 155 155 156 157 157 158 158 159
 160 160 160 161 163 165 105  37  28  39  38  46  38  24  24  20  17  14
  12  15  25  36  60 125 156 163 164 162 165 156 162 162 162 161 161 161
 160 160 160 160 157 162 154 157 159 120]","[ 72 150 144 150 147 147 149 149 151 151 152 153 153 154 155 155 154 156
 159 158 157 156 158 161 125  37  19  33  28  31  26  15  18  16  15  16
  18  27  48  69 104 159 163 157 160 158 166 157 160 160 160 160 159 159
 159 158 157 157 154 159 151 153 155 116]","[ 72 150 143 149 146 147 148 148 149 149 150 150 151 152 152 153 151 154
 157 157 154 153 155 157 141  40  15  31  24  26  24  18  15  14  16  20
  26  41  72 100 144 166 149 161 173 154 159 163 159 159 158 158 158 157
 157 157 155 154 152 156 148 150 153 113]","[ 71 147 138 144 143 145 147 147 147 148 148 149 150 150 151 151 152 152
 153 153 154 154 154 154 155  52  13  32  16  30  10  25  17  16  13  25
  53  75  99 127 158 158 157 157 156 156 155 155 152 152 152 151 150 149
 149 148 140 146 139 141 137 138 139 108]","[ 70 146 137 143 142 144 146 145 146 146 147 148 148 149 150 150 151 151
 151 152 152 152 153 153 156  71  15  25  19  29  13  19  17  17  14  25
  50  72 101 134 151 151 151 150 150 149 149 149 148 148 147 146 145 145
 144 144 140 145 139 140 137 138 138 107]","[ 69 145 135 141 140 142 144 143 144 144 145 145 146 147 148 148 148 149
 149 149 150 150 150 151 155 102  25  17  22  26  17  13  17  17  15  23
  44  66 102 143 146 146 145 145 145 144 144 144 145 145 145 144 143 142
 142 141 139 144 138 139 136 137 138 107]","[ 67 143 134 140 138 140 141 141 142 142 143 143 144 145 145 146 146 146
 146 147 147 147 148 148 150 131  45  14  23  19  19  12  15  17  15  21
  36  58 100 150 146 146 145 145 145 145 145 145 147 146 146 145 144 144
 143 143 138 144 137 138 135 136 137 106]","[ 67 142 133 139 137 138 140 139 140 140 141 142 142 143 144 144 144 144
 144 145 145 145 146 146 144 149  71  17  21  14  21  14  14  16  14  19
  30  49  95 150 146 146 146 146 146 147 147 147 147 147 146 146 145 144
 143 143 138 144 137 138 135 136 137 106]","[ 67 142 133 138 136 137 139 138 139 139 140 141 142 142 143 143 143 143
 143 143 144 144 144 145 141 152  96  23  21  16  22  17  15  16  14  19
  28  43  89 146 144 144 145 145 145 145 146 146 146 145 145 144 143 142
 142 141 139 144 138 139 136 137 138 107]","[ 67 143 133 138 136 137 138 138 139 139 140 141 141 142 143 143 142 142
 142 143 143 144 144 144 143 145 113  29  22  24  23  18  18  18  16  22
  29  41  85 141 143 143 143 144 144 144 145 145 145 145 144 143 142 142
 141 141 140 145 139 140 137 138 138 107]","[ 68 143 133 139 136 137 138 138 139 139 140 141 141 142 143 143 142 142
 142 143 143 144 144 144 146 138 120  32  24  32  24  17  21  19  18  24
  32  41  82 138 143 143 143 144 144 145 145 146 146 146 145 145 144 143
 142 142 140 146 139 141 137 138 139 108]","[ 67 133 132 136 136 141 132 139 136 136 137 137 138 139 139 140 141 141
 141 141 141 141 141 141 144 149 122  38  27  27  22  21  27  19  23  19
  25  41  73 133 144 144 144 144 143 142 141 140 143 143 144 145 145 144
 143 143 139 142 136 141 138 136 138 110]","[ 70 136 134 138 138 143 134 141 141 141 141 142 143 144 144 145 146 146
 146 146 146 146 146 146 137 143 119  40  31  32  26  24  21  16  24  21
  26  40  72 133 149 149 149 149 148 147 145 145 148 148 149 149 149 149
 148 148 142 145 139 143 140 138 140 112]","[ 66 131 129 133 132 137 129 136 136 137 137 138 139 140 140 141 142 142
 142 142 142 142 142 142 142 147 124  45  36  33  24  21  18  17  27  24
  26  38  69 131 144 145 145 144 144 142 141 140 143 143 144 145 145 144
 143 143 139 142 135 139 136 133 134 106]","[ 73 138 135 138 138 143 135 142 140 141 141 142 143 144 144 144 145 145
 145 145 145 145 145 145 145 146 121  43  35  30  21  19  22  21  32  27
  25  35  67 130 148 148 148 148 147 146 144 144 146 146 147 148 148 147
 146 146 146 148 141 145 141 138 139 111]","[ 72 136 133 135 135 140 132 140 138 138 139 139 140 141 141 142 143 143
 143 143 143 143 143 143 143 140 113  38  32  30  23  25  23  22  32  26
  25  36  69 132 145 145 145 145 144 143 141 141 142 143 144 144 144 144
 143 142 143 145 138 142 138 135 136 108]","[ 74 138 134 136 135 140 133 141 140 140 141 142 142 143 144 144 145 145
 145 145 145 145 145 145 153 147 117  42  36  31  24  26  20  18  29  26
  27  39  70 131 147 147 147 147 146 145 143 142 144 144 145 146 146 145
 144 144 141 144 137 142 138 136 136 108]","[ 77 141 136 138 136 142 135 143 141 141 142 142 143 144 145 145 146 146
 146 146 146 146 146 146 145 139 111  40  36  31  23  25  19  17  29  28
  30  38  63 118 147 147 147 147 146 145 144 143 144 145 145 146 146 145
 145 144 141 144 137 142 139 137 138 110]","[ 48 112 107 108 107 112 105 114 108 108 109 110 111 111 112 112 113 113
 113 113 113 113 113 113 112 108  88  26  30  30  24  28  22  20  32  31
  32  35  53 103 114 115 115 114 114 112 111 110 111 112 112 113 113 112
 112 111 109 112 106 111 108 107 108  80]"
