"[ 37  59  48  51  60  47  48  54  53  53  55  58  62  67  72  74  65  73
  86 100 111 116 118 119 117 115 114 112 106  95  81  70  64  60  57  59
  63  64  60  55  35  30  22  19  24  30  28  21  50  48  47  47  47  44
  39  35  51  49  42  48  44  46  66  59]","[ 54  83  78  82  93  87  97 110  96  97  98  98  99 101 105 108 120 122
 128 140 160 183 204 217 236 243 250 249 249 247 231 220 203 181 149 120
 104  99 101 103 109  96  75  48  21  14  36  65  89  83  77  73  73  73
  70  67  58  79  79  75  78 106 136 120]","[ 37  72  69  67  68  57  63  74  78  80  83  83  83  86  91  96  94  95
  97 101 107 113 118 121 131 143 164 189 213 235 251 254 246 248 249 238
 215 179 144 122  92  86  92 104 100  83  80  90  82  74  65  62  65  69
  69  68  67  77  73  84 110 143 155 117]","[ 52  91  87  80  78  63  62  64  66  69  71  70  68  69  74  79  77  82
  91  97  99  96  90  86 104 104 105 107 116 132 152 166 199 213 233 250
 254 253 245 240 206 175 138 115  98  86  83  88  69  64  59  60  67  73
  74  73  82  79  83 120 146 151 145 109]","[ 42  82  77  71  78  74  78  77  67  67  67  63  58  57  58  61  64  64
  65  68  73  78  83  86  73  79  85  90  93  97 103 109 106 108 112 124
 143 171 198 216 221 237 234 192 135  94  73  65  72  71  72  76  80  83
  83  81  80 102 126 154 152 142 145 127]","[ 55  94  85  72  79  82  87  84  85  84  82  80  80  80  81  81  73  69
  64  60  57  58  60  62  67  71  77  81  81  80  78  77  88  88  90  93
  97 100 103 104 108 141 154 122  81  66  68  71  71  74  77  78  78  78
  80  82 101 132 145 145 138 144 150 117]","[ 67 116 114  99  98  92  91  82  83  78  74  73  76  77  75  72  71  73
  75  75  74  71  67  65  57  56  56  59  65  70  74  76  79  77  75  76
  80  82  81  79  84  92  92  79  68  65  62  57  74  79  82  82  81  88
 101 111 144 155 147 144 146 158 156 113]","[ 81 145 161 155 154 143 136 124 118 109  99  93  92  89  81  74  80  79
  78  76  74  73  72  72  78  74  70  67  65  62  55  50  57  52  48  52
  61  69  72  72  70  63  59  64  68  66  63  61  69  74  78  79  83  98
 123 142 146 146 142 153 149 143 148 129]","[ 63 147 134 136 141 144 147 155 155 155 154 151 142 131 120 113 101  95
  87  83  81  78  71  65  71  75  79  80  77  73  71  71  71  66  60  55
  51  47  44  41  38  36  41  52  60  64  67  70  82  79  76  84 106 130
 143 144 146 148 148 152 143 147 154 119]","[ 79 164 151 150 148 146 141 145 132 135 141 148 153 156 158 159 167 159
 147 138 131 123 114 107  86  84  80  74  70  70  74  78  69  66  61  58
  57  55  53  51  52  41  34  41  54  65  74  80  81  88  99 113 132 149
 155 153 149 150 149 154 146 150 156 121]","[ 83 173 165 166 165 161 155 156 153 150 147 143 139 137 135 135 137 135
 136 143 153 162 167 168 159 151 136 118 101  90  86  86  78  74  69  65
  62  59  55  53  53  41  33  40  55  69  78  84  84 103 126 143 153 158
 157 152 152 153 151 156 148 152 158 122]","[ 85 179 175 177 178 178 174 174 174 171 166 160 156 153 151 150 155 149
 142 136 133 131 128 126 152 150 145 138 128 119 111 108  98  93  85  77
  69  61  54  49  45  39  39  49  62  72  80  87 107 129 152 162 161 157
 153 149 155 155 152 157 150 154 159 122]","[ 92 188 182 180 178 179 176 176 174 175 175 176 177 177 178 178 160 158
 154 152 152 152 153 153 131 132 135 136 135 131 125 121 119 113 105  96
  88  79  70  64  57  53  51  53  60  73  93 111 143 159 172 172 165 160
 160 159 157 156 152 158 151 156 160 122]","[ 89 187 182 177 176 179 178 178 180 180 180 178 176 172 169 167 183 181
 178 174 170 167 165 164 167 164 159 153 149 143 138 134 134 131 126 122
 117 111 105 101  96  85  72  62  63  82 117 147 163 172 177 173 167 166
 168 169 160 157 153 158 153 158 161 122]","[ 82 184 182 179 178 184 184 183 181 182 182 183 183 183 182 182 171 172
 174 175 175 174 174 174 173 169 165 163 163 162 160 158 151 149 147 145
 143 140 135 132 129 118 105  95  95 108 136 160 166 172 175 173 172 173
 172 168 163 160 155 161 156 161 163 123]","[ 87 190 189 185 183 186 183 181 183 182 180 179 179 179 179 180 176 178
 180 181 179 176 174 174 177 175 173 174 174 172 166 161 166 164 161 159
 157 153 147 143 140 136 133 134 134 136 144 153 167 172 177 179 181 181
 174 165 166 162 157 163 158 163 165 125]","[ 87 185 183 184 184 184 181 182 183 183 183 182 182 181 181 181 175 175
 176 177 178 178 178 177 168 169 172 173 169 163 166 174 172 163 157 159
 161 157 151 147 151 146 140 137 139 145 151 155 167 171 176 181 182 180
 176 173 169 166 162 167 160 163 165 125]","[ 88 185 183 183 183 183 181 183 182 182 182 182 182 181 181 181 184 183
 182 181 180 179 178 176 180 182 178 171 175 179 169 152 147 156 167 171
 163 153 155 163 152 148 142 139 141 147 153 157 168 171 177 181 182 180
 177 174 171 168 163 168 161 164 165 125]","[ 90 186 182 182 181 182 181 184 181 181 181 181 181 181 182 182 184 181
 178 177 177 177 176 174 171 168 152 136 149 169 155 123 116 132 154 166
 164 156 158 165 155 151 146 143 144 150 157 161 169 173 178 182 183 181
 178 175 174 171 166 170 162 165 166 126]","[ 91 186 182 181 180 182 181 184 180 180 180 180 181 181 181 181 177 175
 173 174 177 178 177 175 171 157 129 108 116 136 133 113 110 113 128 151
 169 171 163 157 157 154 150 147 147 153 161 166 171 174 178 182 183 182
 179 177 177 174 169 173 165 167 167 127]","[ 92 187 182 181 180 181 181 183 179 179 179 180 180 180 180 180 178 175
 174 177 181 181 177 172 180 158 134 120 114 113 119 127 125 118 123 146
 171 178 168 157 159 157 154 151 150 155 164 171 173 175 179 183 184 183
 181 179 180 177 171 175 167 169 170 129]","[ 91 187 183 182 181 182 180 182 180 180 180 179 179 178 178 178 178 176
 175 178 179 173 162 153 150 132 125 131 120 102 110 136 133 127 128 143
 159 166 165 162 160 160 157 153 152 157 167 175 174 177 180 183 185 184
 182 181 181 178 173 177 170 172 173 133]","[ 90 187 184 184 182 182 179 180 181 181 180 179 178 177 176 175 176 175
 175 177 176 165 148 134 120 107 111 128 124 103 108 133 128 121 120 132
 148 159 163 165 161 161 159 155 153 158 169 177 176 178 181 184 185 185
 183 182 181 179 174 179 172 174 176 136]","[ 89 187 184 185 183 182 178 179 182 181 180 179 177 176 174 174 177 177
 178 181 180 166 145 129 133 119 120 134 132 114 113 129 126 111 105 122
 150 167 170 167 161 161 160 156 154 159 169 178 177 178 181 184 185 185
 184 183 181 179 174 179 173 176 178 138]","[ 91 187 184 183 181 182 179 181 178 178 177 176 175 175 174 174 172 185
 167 149 140 142 150 133 130 122 125 123 105  94  94  92  92 100 108 118
 137 158 168 166 162 164 159 159 163 160 164 181 178 179 181 182 183 183
 182 181 174 182 183 184 174 177 177 133]","[ 89 186 182 182 180 180 178 180 178 178 178 177 176 175 175 174 168 176
 158 144 134 133 145 136 135 118 118 124 103  75  73  85 108 132 141 131
 137 163 170 158 163 164 158 157 162 160 163 178 178 179 180 182 183 183
 182 182 184 184 179 180 174 181 183 138]","[ 89 185 181 181 179 180 177 179 179 179 178 177 177 176 175 175 171 173
 157 151 142 134 149 151 137 103 102 138 150 127 114 124 126 148 158 147
 142 154 166 166 165 165 157 155 161 161 162 174 178 179 180 181 182 183
 183 182 187 184 176 180 177 183 180 133]","[ 89 186 182 181 180 180 178 179 179 179 179 178 177 176 176 175 176 173
 160 164 156 140 156 165 143 104  87 120 151 141 128 136 142 146 159 166
 153 137 149 175 165 167 158 155 162 162 162 172 178 178 180 181 182 183
 183 183 182 181 179 185 178 175 167 118]","[ 90 187 183 182 181 181 179 181 179 179 178 177 177 176 175 175 173 168
 158 170 163 143 155 165 143 114  82  91 126 134 127 133 134 142 162 176
 161 135 137 157 162 167 161 157 163 164 163 170 178 178 179 180 181 183
 184 185 183 183 181 183 168 161 156 113]","[ 91 188 184 183 182 182 180 181 178 178 177 176 175 175 174 174 171 166
 156 170 166 146 154 159 150 125  85  91 143 158 123  97  99 129 156 162
 156 149 141 133 155 166 164 159 163 163 162 169 178 178 178 179 181 183
 185 186 189 183 174 171 154 150 154 121]","[ 90 187 183 182 181 181 179 180 177 176 176 175 174 173 173 173 173 167
 153 164 163 148 154 154 158 135  88  83 128 133  92  67 104 127 144 145
 148 153 147 132 145 162 166 160 161 160 160 167 178 178 178 179 181 183
 185 187 184 172 159 159 148 148 155 123]","[ 89 185 181 181 179 180 177 179 176 176 175 174 173 173 172 172 171 164
 147 155 156 145 151 147 134 131  91  65  81  90 103 139 153 146 142 146
 148 145 143 144 138 159 166 160 159 157 157 165 178 178 178 179 180 183
 186 187 172 158 146 153 149 151 154 117]","[ 86 188 185 179 176 180 179 177 174 174 174 174 173 171 170 169 169 165
 154 144 146 155 156 151 176 138  91  81 109 132 142 153 155 153 152 154
 156 157 153 150 149 156 163 165 163 162 164 167 178 175 174 177 181 181
 175 168 146 147 146 152 144 148 153 117]","[ 83 183 180 174 172 175 174 172 173 173 173 173 172 171 170 169 163 161
 155 148 150 157 160 157 169 152 127 125 143 149 148 154 164 163 161 160
 158 155 150 147 153 158 163 164 161 160 162 165 171 176 182 183 177 167
 157 151 145 146 145 151 143 147 152 115]","[ 86 185 180 176 174 177 175 174 173 173 173 173 172 171 170 169 166 166
 161 152 145 144 144 142 147 152 151 157 167 164 159 165 170 169 167 163
 157 153 150 150 159 162 164 163 161 159 162 164 170 178 183 178 163 149
 142 141 144 145 144 149 141 145 150 114]","[ 87 183 177 174 173 175 172 173 171 171 171 171 170 169 168 167 169 171
 168 158 146 137 135 135 146 157 160 163 169 166 164 174 166 166 163 158
 152 150 154 157 162 163 163 162 160 160 163 165 172 174 171 160 146 138
 140 145 144 145 144 149 141 144 149 113]","[ 80 172 165 164 163 164 161 162 164 164 164 164 163 162 161 160 162 165
 168 166 157 151 151 154 170 177 173 168 170 166 163 169 159 158 154 148
 144 146 153 159 157 157 156 155 155 156 159 162 164 161 154 146 140 140
 145 150 144 145 144 149 141 144 149 112]","[ 77 166 157 158 158 158 154 157 156 156 157 156 155 154 153 152 156 159
 164 167 164 158 160 165 175 183 179 172 175 171 163 163 154 151 146 141
 139 142 148 153 149 148 147 147 147 149 151 152 147 146 144 144 145 146
 146 145 143 144 143 147 139 142 147 110]","[ 80 167 157 159 160 159 155 158 154 155 155 154 153 152 151 150 156 156
 161 167 165 160 161 166 168 179 177 171 173 169 159 157 147 144 142 141
 143 144 145 145 146 145 144 143 144 144 144 143 137 139 141 144 145 144
 141 139 141 141 140 144 136 139 143 106]","[ 82 167 157 159 160 159 155 158 157 157 157 157 156 155 154 153 155 154
 160 169 171 169 170 176 174 186 182 170 167 161 151 150 139 138 139 143
 148 150 147 143 149 147 146 145 144 143 141 140 137 139 141 141 138 137
 137 138 138 139 137 142 133 136 140 104]","[ 83 166 161 163 158 159 161 159 157 157 157 156 156 155 155 155 151 150
 159 173 177 172 173 181 187 186 184 179 171 164 159 156 142 140 142 147
 149 147 146 148 144 143 143 142 141 140 140 139 140 140 140 140 139 139
 139 139 135 138 133 138 135 133 134 106]","[ 81 164 158 161 156 157 159 156 156 156 155 155 154 154 154 154 155 152
 157 169 174 173 179 190 190 188 184 178 170 163 158 156 142 140 141 146
 148 145 144 146 140 140 139 138 137 137 136 136 138 138 137 137 136 136
 135 135 134 137 131 137 134 132 133 105]","[ 79 162 156 159 154 155 156 154 154 154 154 154 153 153 152 152 158 152
 153 161 167 171 182 195 192 189 182 175 168 162 158 156 143 139 138 142
 145 143 142 143 138 138 137 136 135 135 134 134 137 136 136 135 134 133
 132 131 131 134 128 133 131 130 131 103]","[ 78 161 156 158 153 155 156 154 155 154 154 154 153 153 153 152 156 151
 150 155 160 166 179 192 189 184 177 170 164 161 158 157 144 138 136 139
 141 140 139 140 138 138 137 136 135 135 134 134 136 136 135 133 132 130
 129 129 126 129 123 129 127 126 129 101]","[ 79 162 157 159 154 156 157 155 156 155 155 155 154 154 154 153 154 152
 151 154 159 165 176 185 183 177 169 164 161 160 158 157 146 138 133 136
 139 138 136 137 136 136 135 135 134 133 132 132 133 132 131 130 128 127
 126 125 123 126 120 125 124 124 127 101]","[ 80 163 158 160 155 156 158 156 156 156 155 155 154 154 154 154 153 153
 154 156 160 167 176 182 178 172 164 160 160 160 158 155 149 139 132 134
 137 136 135 135 133 133 132 131 131 130 129 129 129 128 127 126 125 124
 123 123 123 126 119 125 124 125 129 103]","[ 80 163 157 160 155 156 157 155 154 154 154 154 153 153 152 152 150 151
 153 154 159 167 177 182 177 171 163 160 160 160 156 152 152 140 132 132
 136 136 134 134 133 133 132 131 130 130 129 129 129 128 128 127 127 126
 126 126 126 128 121 127 126 128 133 107]","[ 79 162 156 159 154 155 157 154 153 153 153 152 152 151 151 151 145 147
 149 149 155 165 176 183 178 172 165 161 161 160 155 150 153 141 131 132
 136 136 134 134 135 135 134 134 133 132 131 131 132 132 132 131 131 131
 131 131 128 131 124 130 129 131 136 110]","[ 73 163 155 156 155 155 154 159 157 156 155 154 153 153 153 153 152 150
 151 154 158 164 177 189 175 174 171 168 163 159 155 152 145 148 142 132
 132 141 140 131 135 133 132 132 133 133 131 129 131 131 130 129 129 128
 128 127 123 127 122 129 129 130 134 108]","[ 80 171 163 164 163 163 161 166 167 166 165 164 163 163 163 163 163 161
 159 160 161 163 174 185 178 177 174 170 165 161 158 157 148 149 142 132
 132 140 140 133 135 134 132 132 132 132 130 128 129 129 128 128 127 126
 126 125 123 127 122 129 129 130 134 108]","[ 86 177 169 170 170 169 167 172 169 168 167 166 165 165 165 165 169 166
 164 164 162 163 171 181 182 180 176 172 168 165 163 162 151 151 144 133
 132 139 140 135 137 135 132 132 132 131 129 127 128 128 127 126 125 124
 124 123 123 127 122 129 129 130 134 108]","[ 86 177 170 171 171 170 168 172 167 166 165 164 163 163 163 163 163 161
 161 162 161 162 169 179 184 182 178 174 171 168 167 166 156 154 146 135
 132 137 140 138 138 136 134 132 132 131 129 126 129 128 128 127 125 124
 124 123 123 127 122 129 129 130 134 108]","[ 85 176 170 171 171 169 167 171 169 168 167 166 165 165 165 165 160 159
 160 162 161 161 167 176 183 182 179 176 173 170 168 168 159 156 148 138
 134 136 139 140 139 137 135 134 133 132 130 128 131 131 130 128 127 126
 125 124 123 127 122 129 129 130 134 108]","[ 85 177 171 173 173 171 168 171 169 168 167 165 165 164 164 165 164 162
 163 164 162 159 164 171 181 181 180 178 175 172 170 168 161 158 151 143
 136 135 138 140 140 138 136 135 135 135 132 130 133 133 132 130 129 127
 126 125 123 127 122 129 129 130 134 108]","[ 85 177 172 174 174 172 168 171 167 166 165 164 163 163 163 163 165 164
 165 165 162 158 162 168 181 181 182 182 179 175 171 169 162 159 154 146
 139 135 136 140 141 139 137 137 137 137 135 133 134 133 132 130 129 127
 126 125 123 127 122 129 129 130 134 108]","[ 84 176 171 173 173 171 167 170 170 169 168 167 166 165 166 166 161 160
 162 164 161 158 161 168 180 182 184 184 182 178 173 170 163 160 155 149
 141 135 136 139 141 139 138 138 139 139 137 136 134 133 132 130 128 127
 125 125 123 127 122 129 129 130 134 108]","[ 86 180 172 170 170 172 170 172 169 168 166 166 167 166 163 161 162 162
 161 161 161 160 160 160 176 183 186 183 179 176 172 167 162 156 153 152
 146 137 135 140 142 139 136 136 138 138 135 132 132 131 130 130 131 129
 126 123 118 122 118 126 127 130 134 109]","[ 86 180 174 173 173 174 172 173 172 171 170 170 170 169 166 164 164 164
 164 163 163 163 162 162 176 183 187 185 182 179 174 168 165 160 158 157
 152 143 140 143 147 144 142 141 142 141 138 135 135 134 133 133 134 132
 129 126 122 126 122 130 131 133 136 110]","[ 82 177 172 172 173 174 171 171 171 169 168 168 168 167 165 162 161 161
 161 160 160 159 159 159 169 177 183 183 180 177 171 165 160 156 155 154
 149 140 135 134 142 140 138 137 136 134 130 128 131 130 129 128 129 128
 125 123 118 122 119 127 127 128 130 103]","[ 88 183 179 180 181 181 177 177 175 174 172 172 172 171 169 166 164 164
 163 163 163 162 162 162 168 177 185 186 185 182 176 170 165 163 161 159
 154 145 137 132 144 144 142 141 139 136 132 130 136 134 133 132 133 132
 130 128 124 128 124 132 132 131 133 106]","[ 84 180 175 176 176 177 172 172 170 169 167 167 168 167 164 162 158 158
 158 157 157 157 156 156 160 170 178 181 180 178 173 167 165 163 161 157
 152 144 134 126 139 140 140 139 136 132 130 128 132 130 128 127 128 127
 126 124 120 124 120 127 126 126 129 101]","[ 90 184 180 179 179 179 175 176 176 174 173 173 173 172 170 167 164 164
 163 163 163 162 162 162 163 173 181 184 184 184 181 176 168 167 164 158
 155 150 139 129 137 140 142 142 139 136 134 134 133 130 128 126 127 127
 126 124 121 124 119 125 125 126 129 103]","[ 95 187 182 180 179 179 176 177 177 176 175 174 175 174 171 169 166 165
 165 165 164 164 164 163 162 171 179 181 182 184 182 178 167 167 163 158
 157 156 147 135 134 138 142 143 141 139 138 139 136 133 130 129 129 129
 128 127 125 127 120 126 126 128 133 108]","[ 59 153 144 141 140 141 138 139 137 136 134 134 135 134 131 129 126 126
 125 125 125 124 124 124 120 128 136 138 140 142 142 139 132 132 129 124
 125 127 119 108  99 104 109 111 110 108 108 109 107 104 101 100 100 100
 100  99  97  98  91  96  96  99 106  82]"
