"[44 65 51 52 44 54 44 43 38 37 37 38 38 37 34 31 34 33 32 33 34 33 31 29
 27 27 28 28 28 26 25 24 26 26 25 25 26 28 30 32 35 37 40 43 47 50 52 54
 52 55 59 59 57 57 59 61 52 46 49 50 50 63 74 69]","[ 64 108 110 114  99  98  88  89  81  79  75  73  71  67  63  59  55  50
  45  41  39  38  36  35  34  34  34  34  34  35  35  36  30  29  28  26
  26  26  27  28  32  34  38  42  48  54  58  61  71  75  82  87  91  97
 103 108 108 104 107 107 102 106 108  97]","[ 53 112 115 124 119 125 122 123 118 114 108 102  97  93  88  84  80  77
  72  68  66  63  59  56  52  50  45  40  35  32  30  30  34  33  31  29
  27  26  26  26  25  25  25  25  27  30  32  34  39  43  48  55  61  70
  78  83  85  86  95 101  99 102 101  89]","[ 49 106  86  89  93 106 107 101 117 115 113 114 117 120 121 121 114 113
 110 106 100  90  80  73  79  77  75  71  68  65  63  62  53  52  50  48
  46  44  42  42  40  38  35  32  30  29  29  29  25  25  26  27  29  34
  38  41  59  61  74  84  86  96  99  89]","[ 68 143 114 104  98  95  90  77  83  82  83  87  93  98 101 103 110 110
 112 116 120 122 122 120 108 107 104 100  94  87  81  78  74  73  70  66
  62  58  55  53  53  51  49  47  45  44  44  45  45  43  39  36  34  34
  35  35  35  33  39  42  42  52  59  51]","[118 231 230 225 209 193 189 179 146 140 130 121 111 102  94  89  94  90
  87  88  93 100 106 109 121 121 122 122 121 119 117 116 104 103 101  97
  93  88  85  82  71  70  67  65  61  58  56  54  56  53  48  46  44  44
  42  40  50  44  44  43  39  47  53  45]","[107 242 252 253 253 242 247 241 253 248 237 224 210 196 184 176 158 149
 135 121 108  98  90  85  85  86  88  92  98 104 110 114 118 119 120 121
 121 120 118 118 107 107 106 103  99  94  90  87  81  77  73  71  71  69
  65  62  62  58  59  58  52  58  61  51]","[118 246 245 249 252 250 253 249 246 246 248 251 253 254 252 251 248 245
 239 232 221 207 193 183 158 149 134 118 104  95  91  89  81  84  89  94
 100 103 106 107 116 118 121 123 123 121 119 117 109 106 101  98  96  92
  85  81  82  79  83  81  74  75  72  59]","[113 250 252 249 251 250 252 252 252 251 251 251 252 252 252 251 251 251
 251 251 252 252 252 252 248 246 242 234 221 205 191 183 157 149 134 119
 107 100  97  97  93  92  92  94 100 109 118 123 123 126 130 133 133 130
 125 122 122 117 109 108  96  98 107  75]","[113 251 253 249 251 250 252 252 251 251 251 251 252 252 252 251 250 250
 250 250 250 251 251 251 253 253 254 254 253 250 246 244 250 246 239 227
 213 199 186 179 153 147 137 124 112 101  93  89  95  95  97 101 108 116
 124 129 130 132 133 141 134 136 140 103]","[113 250 252 249 252 252 252 252 252 252 252 252 252 252 252 251 250 249
 249 249 250 250 250 251 249 249 249 249 251 253 253 254 248 251 254 254
 254 254 251 247 254 250 243 232 220 206 195 189 163 155 142 127 115 107
 103 102 114 113 110 117 116 129 141 108]","[113 250 252 249 253 252 252 252 252 252 252 252 252 252 252 252 250 250
 250 250 251 250 251 251 253 252 252 250 249 250 251 252 248 248 248 249
 249 250 250 251 249 251 253 254 253 251 249 247 255 253 246 234 221 208
 198 192 167 159 143 135 121 122 123  81]","[113 251 253 249 253 251 252 252 252 251 251 252 252 252 252 252 252 252
 252 252 252 252 252 252 253 253 254 254 254 254 254 254 254 253 253 251
 249 249 250 251 251 251 252 253 253 253 254 254 245 248 253 255 255 255
 252 250 254 254 250 247 231 222 206 149]","[113 251 253 249 253 252 252 252 252 251 251 252 252 252 252 252 252 252
 252 252 252 252 252 252 245 246 248 250 251 251 250 250 243 245 248 251
 253 253 254 253 252 252 251 250 249 249 249 250 254 254 255 254 254 254
 255 254 246 250 250 254 254 254 249 195]","[113 250 252 249 254 252 252 252 252 252 252 252 252 252 252 252 252 252
 252 252 252 252 252 252 255 255 255 255 254 253 252 251 254 254 254 254
 253 250 248 246 251 251 252 253 253 254 254 254 254 253 251 249 249 251
 253 255 254 254 250 250 248 254 251 199]","[113 249 251 249 254 252 251 251 252 252 252 252 252 251 252 252 252 252
 252 252 252 252 252 252 251 251 250 250 250 251 252 253 254 252 250 249
 250 251 254 254 250 251 252 253 252 250 247 246 249 250 252 253 254 254
 254 253 247 251 248 253 253 254 247 188]","[114 250 252 249 253 252 252 251 252 252 252 252 252 252 252 252 252 252
 252 252 252 252 252 252 252 252 252 252 252 252 252 252 252 252 252 252
 252 252 252 252 252 252 252 252 252 252 252 252 252 252 252 252 252 252
 252 252 254 248 254 252 253 251 254 191]","[114 250 252 249 252 251 252 251 252 252 252 252 252 252 252 252 252 252
 252 252 252 252 252 252 252 252 252 252 252 252 252 252 252 252 252 252
 252 252 252 252 252 252 252 252 252 252 252 252 252 252 252 252 252 252
 252 252 254 248 254 252 253 251 255 191]","[114 250 252 249 252 251 252 251 252 252 252 252 252 252 252 252 252 252
 252 252 252 252 252 252 252 252 252 252 252 252 252 252 252 252 252 252
 252 252 252 252 252 252 252 252 252 252 252 252 252 252 252 252 252 252
 252 252 254 248 254 252 253 251 255 191]","[114 250 252 249 252 251 252 251 252 252 252 252 252 252 252 252 252 252
 252 252 252 252 252 252 252 252 252 252 252 252 252 252 252 252 252 252
 252 252 252 252 252 252 252 252 252 252 252 252 252 252 252 252 252 252
 252 252 254 248 254 252 253 251 255 191]","[114 250 252 249 252 251 252 251 252 252 252 252 252 252 252 252 252 252
 252 252 252 252 252 252 252 252 252 252 252 252 252 252 252 252 252 252
 252 252 252 252 252 252 252 252 252 252 252 252 252 252 252 252 252 252
 252 252 254 248 254 252 253 251 255 191]","[114 250 252 249 252 251 252 251 252 252 252 252 252 252 252 252 252 252
 252 252 252 252 252 252 252 252 252 252 252 252 252 252 252 252 252 252
 252 252 252 252 252 252 252 252 252 252 252 252 252 252 252 252 252 252
 252 252 254 248 254 252 253 251 255 191]","[114 250 252 249 252 251 252 251 252 252 252 252 252 252 252 252 252 252
 252 252 252 252 252 252 252 252 252 252 252 252 252 252 252 252 252 252
 252 252 252 252 252 252 252 252 252 252 252 252 252 252 252 252 252 252
 252 252 254 248 254 252 253 251 255 191]","[114 250 252 249 252 251 252 251 252 252 252 252 252 252 252 252 252 252
 252 252 252 252 252 252 252 252 252 252 252 252 252 252 252 252 252 252
 252 252 252 252 252 252 252 252 252 252 252 252 252 252 252 252 252 252
 252 252 254 248 254 252 253 251 255 191]","[114 250 252 249 252 251 252 251 252 252 252 252 252 252 252 252 252 252
 252 252 252 252 252 252 252 252 252 252 252 252 252 252 254 236 254 253
 255 251 255 251 247 254 246 237 254 254 241 254 252 246 252 254 250 249
 254 254 254 248 254 252 253 251 255 191]","[114 250 252 249 252 251 252 251 252 252 252 252 252 252 252 252 252 252
 252 252 252 252 252 252 252 252 252 252 252 252 252 252 250 254 255 253
 243 255 255 255 247 245 254 254 227 242 254 248 253 249 252 254 250 250
 254 254 254 248 254 252 253 251 255 191]","[114 250 252 249 252 251 252 251 252 252 252 252 252 252 252 252 252 252
 252 252 252 252 252 252 252 252 252 252 252 252 252 252 245 254 250 250
 250 255 227 214 251 242 206 121  52  93 198 254 254 253 253 251 249 251
 253 253 254 248 254 252 253 251 255 191]","[114 250 252 249 252 251 252 251 252 252 252 252 252 252 252 252 252 252
 252 252 252 252 252 252 252 252 252 252 252 252 252 252 240 254 241 254
 255 188  97  57  65 162 101  12  35  22  49 193 250 254 253 247 250 253
 252 252 254 248 254 252 253 251 255 191]","[114 250 252 249 252 251 252 251 252 252 252 252 252 252 252 252 252 252
 252 252 252 252 252 252 252 252 252 252 252 252 252 252 254 254 251 251
 252 101  28  18  24  26  27  22  13  20  55  95 239 254 254 245 251 254
 250 252 254 248 254 252 253 251 255 191]","[114 250 252 249 252 251 252 251 252 252 252 252 252 252 252 252 252 252
 252 252 252 252 252 252 252 252 252 252 252 252 252 252 244 248 254 246
 226  45  13  34  22  24  19  30  43  27  23  55 223 254 254 244 253 254
 249 253 254 248 254 252 253 251 255 191]","[114 250 252 249 252 251 252 251 252 252 252 252 252 252 252 252 252 252
 252 252 252 252 252 252 252 252 252 252 252 252 252 252 254 254 237 219
 200  55  25  19  26  20  19  20  15  15  38  68 206 252 254 245 254 254
 247 254 254 248 254 252 253 251 255 191]","[114 250 251 249 252 252 252 251 252 252 252 252 252 252 252 252 252 252
 252 252 252 252 252 252 252 252 252 252 252 252 252 252 251 190  79  38
  55  18  30  18  21  28  21  18  27  27  29  45 196 250 255 246 254 254
 246 254 254 248 254 252 253 251 255 191]","[117 249 250 252 251 246 254 248 251 251 252 252 251 251 253 253 251 251
 252 252 253 253 254 254 249 254 253 249 253 252 250 254 224  81  12  26
  18  16  28  16  23  21  19  19  22  28  34  38 162 251 245 255 244 249
 255 250 251 253 248 250 250 254 250 192]","[111 242 250 253 252 249 254 250 253 254 253 254 254 254 255 254 252 252
 252 251 251 251 251 251 249 250 246 249 254 254 244 237 128  42   8  22
  18  21  32  22  22  21  19  19  22  26  31  34  61 228 254 253 252 254
 250 255 249 252 249 252 250 254 246 189]","[131 246 251 253 251 247 253 250 248 249 249 249 250 250 251 251 253 253
 253 254 254 254 254 254 254 255 255 255 250 217 165 127  50  26  19  22
  17  20  27  23  20  20  19  20  22  24  27  28  32 123 215 254 253 244
 243 251 252 254 254 255 255 255 249 194]","[ 75 163 149 144 138 140 146 146 160 160 161 162 162 163 163 164 168 169
 171 173 176 178 180 181 182 177 184 191 175 133  76  31  24  28  26  20
  16  13  15  23  18  19  19  20  20  21  22  23  41  22 109 213 230 236
 245 248 233 235 234 239 234 239 234 184]","[ 55 114  93  89  85  93  95  94  93  93  94  95  96  97  97  98  97  98
 100 103 106 108 110 111 114 104 111 113  90  63  39  16  14  18  13  14
  20  13   9  23  16  17  17  18  18  18  18  18  37  28  40  64 113 137
 126 122 142 143 140 145 140 147 148 106]","[ 52  97  85  90  89  99  95  92 101 102 103 104 105 106 107 107 106 106
 107 108 109 110 111 111 118 108 117 110  67  36  28  16  16  12   9  18
  27  17   9  16  15  15  15  15  16  16  16  16  15  21  33  29  51  89
 134 131 125 124 121 126 121 128 134  97]","[ 51  90  89  99  94 103  98  99  98  98  99 100 102 103 104 104 105 105
 106 107 107 108 108 109 108 102 122 115  61  26  24  17  21  18  18  21
  22  18  13  11  13  13  13  12  13  14  15  16  25  15  35  43  25  34
 124 130 129 129 128 134 127 132 139 104]","[ 53  90  92  98  86  95  92 100  98  98  99 101 102 103 104 105 103 104
 105 107 109 111 112 113 120 108 121 108  46  14  24  24  16  17  19  14
   7  15  21  14  13  12  11  11  11  13  15  16   9  38  20  16  39  27
 101 132 129 130 130 137 129 131 136 102]","[ 52  93  92  90  97  92  97  99  97  97  99 100 102 103 104 105 106 106
 107 108 109 111 112 112 114 108 122  99  29  24   6  22  19  19  17  16
  15  14  14  15   9  10  10  11  12  13  14  14  20  13  13  35  18  31
 110 137 130 135 129 133 132 134 134 102]","[ 52  93  92  90  97  92  97  99  97  98  99 100 102 104 105 105 106 107
 108 109 110 111 112 112 119 112 121 103  45  20   9  17  17  16  15  14
  13  13  13  13  10  11  11  12  13  14  15  15  18  15  24  17  17  64
 116 138 133 139 132 136 136 138 138 105]","[ 52  93  92  90  97  92  97  99  98  98  99 101 103 104 105 106 107 108
 108 110 111 112 113 113 120 115 119 110  68  15  16  14  15  14  13  12
  11  11  11  11  12  13  13  14  15  15  16  16  19  17  31   7  35 108
 127 140 136 141 135 138 138 140 140 107]","[ 52  93  92  90  97  92  97  99  98  99 100 102 103 105 106 107 108 109
 110 111 112 113 114 114 115 115 118 118  90  14  21  16  14  14  13  12
  11  11  11  12  14  15  15  15  16  16  17  17  20  17  22  28  79 135
 139 141 135 141 134 138 138 140 140 107]","[ 52  93  92  90  97  92  97  99  99 100 101 103 104 106 107 108 110 110
 111 112 113 114 115 116 114 118 121 125 104  22  19  16  15  14  14  13
  13  13  13  14  16  16  16  16  17  17  17  17  19  16  13  70 127 138
 143 138 137 142 136 140 139 142 141 109]","[ 52  93  92  90  97  92  97  99 100 101 102 103 105 107 108 108 111 111
 112 113 114 116 116 117 120 122 124 129 112  44  15  13  16  15  15  14
  14  14  15  15  16  16  17  17  17  17  17  17  17  22  36 113 150 132
 142 135 140 145 139 143 143 145 145 112]","[ 52  93  92  90  97  92  97  99 101 101 102 104 106 107 108 109 112 112
 113 114 115 116 117 118 125 120 119 129 120  79  18  15  15  15  14  14
  14  14  15  16  16  16  16  16  16  16  16  16  19  40  92 141 143 136
 143 138 140 146 139 143 143 145 145 112]","[ 52  93  92  90  97  92  97  99 101 102 103 104 106 107 109 109 112 112
 113 115 116 117 118 118 126 115 112 127 126 107  25  20  15  14  14  13
  13  14  15  15  16  16  16  16  16  16  16  16  23  58 144 154 129 145
 146 143 138 143 137 141 140 143 143 110]","[ 57  91  94  96  99  96 103  98 103 103 104 105 106 107 108 109 113 113
 114 115 117 118 119 119 122 130 125 117 130 131  78  10  13  21  13  10
  20  14   7  21  16  16  14  14  14  16  17  19  40 108 130 114 122 125
 114 116 114 112 114 112 108 113 108  89]","[ 57  91  94  94  97  94 101  95 103 103 104 105 106 107 108 109 109 109
 110 111 112 114 114 115 108 117 114 108 118 124  92  47  14  19  15  12
  15  13  11  16  16  15  15  15  15  17  19  21  61 104 111  98 107 106
  98 109 108 106 108 106 103 108 104  85]","[ 54  87  89  89  91  87  94  89  92  93  94  95  96  97  98  99  97  97
  98  99 100 101 102 103  97 103 102  99 104 111 102  86  27  17  15  16
  12  13  17  14  16  15  15  15  17  19  22  23  79 101 101  95 104  99
  92 105 103 101 104 103 100 106 102  83]","[ 48  81  82  81  82  79  85  80  83  83  84  85  87  88  89  89  89  90
  90  92  93  94  95  95  95  96  96  96  96  99 101 100  56  19  11  21
  14  12  20  18  15  15  15  16  18  21  24  26  72  96 104 102 108 105
  98 102 103 101 104 104 101 108 105  86]","[ 46  78  78  77  78  74  81  76  84  84  85  86  87  88  89  90  91  92
  93  94  95  96  97  97  97  94  94  97  98  95  95  97  85  29   9  22
  17   9  16  20  15  15  15  17  19  22  25  27  50  86 106 101 100 106
 104  98 103 101 105 104 102 109 106  87]","[ 47  79  79  77  78  75  83  78  84  84  85  86  88  89  90  90  90  91
  92  93  94  95  96  97  95  93  94  98 100  98  94  93 100  52  20  19
  15   8  11  18  15  15  15  16  19  22  25  26  40  78 104  98  92 103
 109 101 103 101 104 104 102 108 105  86]","[ 47  79  78  76  78  76  84  80  81  82  83  84  85  86  87  87  88  88
  89  90  92  93  94  94  94  95  96  96  97  98  98  96  99  85  50  19
  13  14  13  14  15  15  15  16  18  20  23  25  33  62  94 103  97 102
 110 106 104 102 105 105 102 108 105  86]","[ 44  76  76  74  76  74  83  79  82  83  83  85  86  87  88  88  90  91
  92  93  94  95  96  97  95  99  99  94  93  97 100 100  95 111  76  21
  12  23  19  13  16  15  15  15  17  20  22  24  21  41  81 109 106 101
 105 105 107 105 108 107 104 110 106  87]","[ 48  76  76  78  81  76  83  80  82  82  83  84  86  88  89  91  91  91
  92  93  95  96  97  97  97  97  98  98  99 100 101 101 105  98  97  61
   4  25  15  19  12  14  16  16  16  18  21  24  25  31  72 108 108 105
 111 106 107 110 104 110 109 109 112  85]","[ 46  74  73  75  79  74  81  78  82  82  82  83  85  87  89  90  96  96
  97  98 100 101 102 102 100 101 101 102 103 104 104 105 101 100 107  82
  29  19  12  13  13  15  16  17  17  18  21  24  21  25  57  96 111 110
 109 108 111 114 108 114 113 113 116  89]","[ 48  76  75  77  81  76  83  80  84  84  85  86  87  89  91  92  90  91
  92  93  94  95  96  96  97  98  98  99 100 101 101 102 103 104 113 104
  63  15  18  16  13  15  17  17  17  18  21  24  24  26  43  83 118 119
 110 114 108 111 105 111 110 110 113  86]","[ 49  77  76  79  82  77  84  81  85  85  85  86  88  90  92  93  96  97
  98  99 100 101 102 103 104 105 105 106 107 108 108 109 108 105 107 110
  88  17  25  20  13  14  16  16  16  17  19  22  28  27  30  66 116 124
 110 116 115 118 112 118 117 117 120  93]","[ 48  76  75  77  81  76  83  80  85  85  86  87  88  90  92  93  97  98
  98 100 101 102 103 103 103 104 104 105 106 106 107 107 113 106 102 113
 107  33  24  12  12  13  15  15  14  15  18  20  25  23  19  48 102 122
 114 118 113 116 111 117 115 116 119  92]","[ 51  79  78  80  84  79  86  83  91  91  91  92  94  96  98  99  97  97
  98  99 100 102 102 103 107 107 108 108 109 110 111 111 117 113 109 122
 123  65  26   7  13  14  15  15  14  15  17  20  24  23  20  39  83 119
 126 122 117 120 114 120 119 119 122  95]","[ 49  77  77  79  82  77  84  81  87  87  88  89  91  93  94  96 102 102
 103 104 105 106 107 108 112 113 113 114 115 116 116 117 111 111 108 115
 116  90  29  15  15  16  17  17  16  17  19  21  24  25  26  30  57 105
 127 114 123 126 120 126 125 125 128 101]","[ 40  68  67  69  72  68  75  72  74  74  74  75  77  79  81  82  82  83
  84  85  86  87  88  88  86  86  87  88  88  89  90  90  96  99  95  93
  93  94  28  23  17  18  19  19  18  18  21  23  21  23  26  19  31  84
 115  96  96  99  93  99  98  98 101  74]"
