"[34 71 57 73 59 66 83 76 85 83 81 79 79 80 81 82 81 80 78 77 75 73 72 71
 72 72 72 71 68 65 62 60 58 58 63 66 58 46 46 54 53 50 49 51 48 44 48 57
 50 49 46 42 39 39 43 47 42 34 38 44 43 46 50 45]","[ 79 135 123 130 116 116 122 116 135 136 138 142 148 155 160 164 162 162
 162 161 161 160 160 160 162 161 157 153 147 142 138 135 144 130 114 109
 113 118 115 109 103  94  91  95  96  89  80  76  81  84  88  88  84  76
  68  63  68  59  61  64  59  59  60  53]","[ 94 181 172 170 163 158 153 152 133 132 130 128 127 127 127 128 127 129
 133 138 143 148 152 154 158 159 159 161 163 165 167 168 153 155 152 143
 137 135 131 125 124 117 113 114 114 110 107 107  94  92  88  85  83  81
  78  75  80  71  72  73  66  66  64  53]","[ 94 208 204 196 200 198 188 194 192 189 183 175 168 161 157 155 143 141
 138 133 128 124 120 118 129 130 132 135 140 145 150 152 156 163 173 177
 171 163 163 167 157 160 161 153 139 129 128 132 131 124 114 107 105 105
 106 106  95  87  88  88  82  83  79  64]","[ 90 215 213 202 211 212 201 211 202 202 200 199 198 197 197 197 198 196
 191 184 177 170 165 163 146 143 137 132 127 123 121 120 135 118 114 129
 141 139 142 151 152 159 165 164 161 159 160 162 151 149 146 143 138 131
 124 119 119 112 112 108 101 101  94  75]","[ 89 209 207 196 204 205 195 201 196 197 197 198 199 200 200 200 191 192
 193 194 195 197 198 198 199 196 191 185 179 173 170 168 155 144 138 138
 128 115 116 128 132 128 124 124 135 149 155 155 161 163 165 165 163 161
 162 163 155 149 147 142 134 133 123 100]","[101 209 209 206 212 214 206 206 209 208 207 204 202 199 196 195 203 202
 201 199 196 194 193 192 193 193 194 195 195 194 194 193 186 195 187 152
 111  90  90  96 133 142 147 142 133 124 113 104 116 122 128 131 131 135
 143 151 164 161 162 160 157 161 152 129]","[ 96 197 201 206 213 217 212 208 206 207 207 207 207 206 205 204 200 199
 199 199 199 199 199 199 197 198 199 200 199 198 196 195 194 195 161 100
  63  64  65  54  79 131 186 199 172 131  96  77  90 107 126 135 131 123
 119 119 118 118 124 128 132 144 139 117]","[ 96 198 200 200 202 209 212 214 213 212 210 208 206 205 205 205 197 209
 207 201 205 205 199 199 192 196 197 196 200 205 203 196 209 145  83  66
  75  77  72  68  65  73 152 196 129  73  74  69  60  61  81 189 171 174
 169 155 156 147 137 139 128 127 126  85]","[ 95 197 198 198 200 207 210 211 212 211 210 209 207 206 205 204 203 208
 203 200 205 207 204 205 209 202 201 195 165 126 115 127 127  88  58  63
  80  82  77  74  71  61 101 129  92  64  72  71  63  53  74 118 190 187
 199 188 196 190 182 186 178 178 177 135]","[ 93 196 196 196 197 204 206 208 209 209 210 210 209 207 205 204 205 203
 201 204 207 204 202 204 203 196 168 122  84  70  68  68  68  50  45  63
  81  83  79  80  83  59  57  69  68  70  77  77  68  57  62  56 174 195
 200 199 196 193 188 193 188 191 190 147]","[ 92 194 194 193 194 200 201 203 205 207 209 210 209 208 205 204 202 197
 202 209 205 199 199 199 206 173 121  79  71  83  86  77  75  60  54  65
  76  77  76  79  83  67  48  50  70  81  79  76  65  69  55  51 120 196
 185 196 191 191 188 194 190 194 193 148]","[ 91 193 193 191 191 197 198 199 202 204 206 208 208 207 205 204 203 194
 201 206 197 197 205 203 191 125  83  96 108  90  78  87  88  71  57  60
  68  71  72  75  71  68  52  49  69  76  68  67  58  64  62  62  69 176
 193 203 196 199 197 201 196 203 201 153]","[ 91 192 192 190 189 194 195 196 199 200 202 204 205 205 205 204 209 195
 199 199 190 201 212 198 136 100  82  97 104  87  74  78  71  57  47  50
  59  63  64  65  61  61  51  47  57  61  57  58  58  51  68  52  46 133
 203 201 193 197 194 197 192 200 198 149]","[ 92 192 192 189 188 193 193 194 197 198 199 200 202 203 204 205 211 195
 199 200 193 207 202 160  96 108 107  95  94 103  98  82  58  49  43  44
  47  49  50  51  53  45  39  41  46  49  49  47  53  44  55  41  50 112
 202 194 196 201 197 198 194 204 203 153]","[ 92 193 192 189 188 192 192 193 196 196 197 198 200 202 204 205 209 194
 201 206 202 210 184 117  78  90 102 106 104  98  86  74  65  59  50  44
  38  35  36  38  42  26  24  34  38  41  41  33  39  44  34  48  67 128
 204 200 194 199 195 195 191 203 203 153]","[ 92 190 188 189 189 190 189 190 201 184 192 203 192 192 206 209 204 197
 191 196 205 186 126  66  65  75  85 101 113  99  80  79  67  67  65  63
  58  53  49  46  35  32  36  46  51  48  47  49  47  50  46  42  58 170
 208 192 200 196 201 195 201 196 203 153]","[ 92 189 187 189 189 190 188 190 194 187 190 196 197 199 195 183 179 171
 165 164 155 130  96  72  57  65  74  92 108  99  82  79  74  73  71  68
  65  62  60  59  48  45  49  58  63  61  59  61  67  63  61  47  91 198
 193 198 200 196 200 195 201 196 202 153]","[ 91 189 187 188 189 190 188 190 187 191 187 187 198 192 163 140 138 123
 113 111 101  82  73  76  61  66  69  86 107 103  86  80  88  87  85  83
  81  80  80  80  62  60  64  71  76  76  75  76  87  78  77  52 118 216
 183 202 199 196 200 194 200 196 202 152]","[ 91 189 187 188 188 190 188 190 187 192 185 186 193 163 117 100 106  87
  73  76  84  86  84  84  80  79  76  88 110 110  92  83  96  96  95  94
  93  92  90  90  69  70  73  80  86  88  88  88  93  90  84  57 110 196
 193 201 199 196 200 194 200 196 202 152]","[ 91 188 186 188 188 189 187 189 190 189 185 192 182 129  85  88  92  87
  79  80  95 109 107  95  93  89  79  87 110 114  97  86  91  93  94  94
  93  90  87  85  76  78  81  86  93  98 100  98  92  98  88  67  81 146
 206 199 199 195 199 194 199 195 201 151]","[ 90 188 186 187 187 189 187 189 191 184 188 195 166 106  80  98  90 100
 103  97 100 110 110 100  94  89  77  81 105 115 102  91  90  91  92  93
  92  90  88  86  85  88  91  93  99 106 108 105  96 101  95  81  68  98
 192 196 198 195 199 193 199 195 201 151]","[ 90 188 186 187 187 189 187 189 190 182 191 190 144  95  89 107  98 103
 106 105 103 103 104 104  97  92  78  80 104 116 107  98  92  92  91  90
  91  92  94  95  95  98  99  98 102 109 109 105 106 100 104  93  82  70
 141 192 198 195 199 193 199 194 201 151]","[ 90 187 185 187 187 188 187 188 189 182 193 181 126  90  96 107 114 101
  96 106 112 109 108 113 104 100  85  84 106 119 111 104  90  88  85  83
  85  90  95  99 100 104 103 100 102 108 107 102 115  96 109  98 101  61
  93 188 198 194 199 193 199 194 201 151]","[ 90 186 183 182 182 184 183 186 187 184 195 167 102  80  97  97 102  99
 102 111 117 117 113 112 103 107  89  82 108 119 108 106 101  96  81  76
  85  86  87  96 100  95  94 100 104 103 107 113 108 106 110 112  96  78
  86 108 212 188 207 183 201 192 201 146]","[ 89 186 182 182 182 184 183 186 191 184 170 132  88  85 105 111 105 101
 102 110 117 117 114 113 108 111  93  85 107 118 110 109  99  95  79  72
  82  86  82  85  92  90  94 101 103 100 100 103 112 110 111 112 101  85
  82  90 152 213 194 203 194 190 210 147]","[ 89 185 182 182 181 183 183 185 191 186 149  99  82  92 106 112 107 102
 103 112 120 121 119 118 111 112  96  87 102 114 112 110  99  96  78  68
  81  89  82  76  71  70  72  78  83  88  98 107 113 113 114 113 108  98
  84  74  89 191 198 205 193 189 209 149]","[ 88 184 181 181 181 183 182 184 184 192 147  92  89  99  95  97  96  92
  95 108 120 123 121 119 112 110  97  87  95 108 111 108  97  93  72  59
  74  84  75  65  50  55  62  70  77  86  98 107 111 117 118 115 114 109
  93  74  65 114 198 191 201 187 199 150]","[ 87 184 180 180 180 182 181 184 178 196 152  97  97 102  89  89  80  77
  82  98 114 120 118 116 113 109 100  89  87 100 109 105  95  87  63  50
  63  70  59  49  36  50  67  77  82  88  95 100 112 121 124 118 114 112
  99  83  70  58 149 190 204 183 201 147]","[ 86 183 179 179 179 181 180 183 179 192 150  97  96 102  94  98  83  77
  80  95 113 121 121 120 116 110 105  92  80  90 101  95  93  82  60  52
  62  60  45  39  27  37  45  47  53  71  94 109 114 121 123 118 113 109
  99  88  78  59  75 185 197 182 211 144]","[ 86 182 179 179 178 180 180 182 182 184 142  95  92 101 101 106  99  88
  83  93 109 119 122 123 117 109 106  90  69  75  87  78  75  64  50  54
  65  54  37  36  29  34  32  25  28  53  87 109 108 110 112 114 113 108
  98  89  80  70  47 137 188 190 206 147]","[ 85 182 178 178 178 180 179 182 185 176 137  96  91 100 103 105 107  92
  80  85  99 109 115 118 115 106 104  87  59  63  74  63  48  38  33  49
  63  47  29  32  40  52  56  49  45  55  73  85 100  97 100 109 115 110
  99  90  82  65  65  75 185 201 189 153]","[ 85 174 175 182 179 183 184 181 178 178 120  89 102 101 104 110  96  89
  82  81  88  99 108 112 103 106  98  80  70  69  66  59  26  25  24  26
  30  37  44  49  60  64  67  67  66  68  74  80  94 103 113 118 115 108
 100  97  85  75  63  68 170 189 195 150]","[ 88 175 174 180 177 180 182 180 185 180 119  86  98  99 104 110 106  97
  84  76  75  80  87  92  91  76  59  58  72  80  70  53  36  36  37  40
  46  53  60  64  72  76  79  79  77  79  84  90  86  96 108 115 113 106
  97  92  84  77  62  65 165 191 195 141]","[ 92 176 172 177 173 176 178 177 173 168 113  87  98 100 104 104  99  91
  79  68  62  66  74  81  79  55  37  44  61  66  52  37  49  50  54  59
  65  72  77  80  86  89  91  91  90  91  95  99  88  97 108 114 112 103
  94  87  83  77  65  74 167 198 201 145]","[ 69 148 141 146 142 143 146 146 145 144 105  91 102 103 104  95  90  85
  77  66  59  59  67  74  66  57  54  58  55  46  42  46  61  63  68  74
  80  84  87  89  94  96  98  98  97  98 100 103 103 108 113 115 111 103
  93  87  85  78  75  96 167 184 185 139]","[ 60 135 125 131 127 127 129 131 129 129 102  94 101 103 108  95  97  93
  86  74  63  57  58  60  58  65  76  79  66  53  59  74  74  76  81  86
  90  92  93  93 100 101 103 103 103 103 105 106 114 114 114 112 108 102
  96  91  87  80  86 117 155 149 148 118]","[ 71 143 132 139 136 134 136 138 133 131 107  97  96 101 114 102 101  98
  91  82  73  67  64  64  68  75  83  83  74  67  71  81  86  88  92  96
  99 100  99  99 104 105 107 108 109 110 110 110 113 111 108 106 104 101
  97  94  82  84 100 134 147 135 137 115]","[ 65 135 124 133 130 127 128 130 134 133 115 106  97 100 117 105 101  97
  91  86  83  82  81  80  82  87  88  80  73  74  78  81  93  95  98 101
 103 104 104 104 106 106 108 110 113 113 113 112 111 108 104 102 101  98
  94  90  87 104 122 145 143 143 148 118]","[ 65 135 124 134 132 128 128 130 125 129 120 115 103 103 117 102 108 101
  93  88  87  88  87  85  85  96  97  82  73  80  93  99  94  95  98 102
 104 106 106 106 105 105 107 110 113 114 113 112 112 109 105 103 101  96
  89  83 104 130 144 149 135 146 148 104]","[ 71 128 126 129 123 130 125 125 123 126 121 109 101 102 104 103 105 102
  99  96  94  92  90  89  91  95  92  84  83  90  97  99  99 100 102 104
 106 107 108 108 107 109 112 114 113 112 111 110 110 105 103 103  94  84
  89 101 135 141 135 138 136 138 140 109]","[ 69 126 124 127 120 128 123 123 122 125 121 109 101 102 103 103 103 102
 100  98  96  93  91  89  93  96  94  88  89  97 101 101 101 102 105 107
 109 110 111 111 111 112 114 114 113 110 109 108 112  98  94 100  95  87
 100 126 135 141 135 138 136 138 140 109]","[ 66 122 120 123 116 124 119 120 120 122 119 110 102 101 102 102 102 102
 101 100  97  95  93  91  97  97  94  94  99 105 106 103 105 107 109 111
 113 115 116 116 115 115 115 114 112 109 107 105 109  99  90  89  92 101
 121 141 135 141 135 138 136 138 140 109]","[ 63 119 116 118 112 119 115 116 117 119 117 110 103 100 101 102 104 103
 102  99  97  96  96  97 100  97  95  99 107 112 110 105 110 111 113 115
 117 118 119 119 116 115 113 112 111 109 106 103 101 102  93  83  94 121
 137 136 134 140 134 137 135 137 139 108]","[ 60 115 112 114 107 115 112 113 114 115 115 111 104  99  99 102 105 105
 102  98  95  96 100 104 102  97  96 102 112 115 111 106 114 115 116 118
 119 119 120 119 114 112 109 108 109 107 104 101  98  92  88  96 115 132
 136 133 132 138 133 135 133 135 137 106]","[ 57 113 109 110 104 112 109 111 112 112 112 112 105  98  97 101 105 105
 104 100  97  98 103 108 105  99  98 106 115 116 112 109 116 117 118 118
 118 118 117 117 112 109 105 104 105 104 100  97  98  79  85 119 138 130
 128 139 130 136 130 133 131 133 135 104]","[ 56 111 107 108 102 111 108 110 110 109 111 112 106  98  96 101 101 104
 106 105 101 100 104 108 108 102 102 110 117 116 113 114 117 118 118 117
 116 115 114 113 113 107 102 100 100  99  94  90  91  91 105 129 138 131
 129 135 128 134 128 131 129 131 133 102]","[ 56 110 106 107 101 110 107 109 109 108 110 112 107  97  96 101  97 103
 108 109 105 102 103 106 111 105 105 113 118 116 115 117 118 118 117 116
 115 113 111 110 114 108 101  98  98  95  90  85  82 115 132 124 123 137
 137 122 127 133 127 130 128 130 131 101]","[ 59 105 106 101 106 102 106 105 107 105 107 110 108 101  97  97 102 103
 106 108 104  99 102 108 107 108 109 111 112 114 115 116 116 115 114 112
 110 108 107 106 107  99  96 100  98  88  84  87 120 123 126 129 130 130
 129 129 129 132 125 130 128 127 129 102]","[ 57 103 105 100 105 101 105 104 107 105 106 109 107 100  96  96  98 100
 104 107 105 101 103 110 113 113 114 115 115 116 116 116 116 115 114 112
 109 107 106 105 103  99  96  94  90  88  94 103 122 124 126 128 129 129
 129 128 129 131 125 130 127 126 128 101]","[ 57 103 104  99 105 101 105 104 109 107 107 110 107 100  95  95  97  99
 104 109 108 105 108 113 119 119 119 120 120 119 118 118 118 116 115 112
 109 107 105 104  97 100  96  86  82  92 110 122 125 126 126 126 127 127
 128 128 128 131 124 129 126 125 127 100]","[ 59 105 107 102 108 104 108 108 112 109 110 112 110 102  97  97 100 101
 105 111 111 109 111 116 121 122 123 123 124 123 122 121 121 119 117 114
 111 107 105 104  96 100  94  82  84 103 122 130 127 127 126 125 125 126
 126 127 127 129 123 128 125 124 126  99]","[ 62 109 111 106 112 109 113 112 114 112 113 116 113 106 101 101 103 102
 104 109 110 109 111 116 120 122 124 126 126 126 125 124 124 123 120 116
 112 108 105 104 100  98  90  84  95 116 127 127 128 127 126 125 125 125
 125 126 126 128 121 126 124 123 125  98]","[ 63 110 112 107 113 110 115 114 115 114 115 118 116 109 105 105 103 100
 100 105 107 108 111 116 121 123 126 128 129 128 127 126 126 124 121 117
 112 108 104 102 103  95  87  92 109 126 128 122 126 126 126 126 125 125
 125 125 125 127 120 125 123 122 124  97]","[ 61 107 110 105 112 109 113 113 114 113 114 118 117 111 107 108 105 100
  99 103 108 111 117 123 125 127 129 131 131 130 127 126 126 124 120 115
 110 105 102 100 103  91  86 100 119 129 128 123 123 124 125 127 127 126
 125 124 124 126 119 124 122 121 123  96]","[ 58 105 107 102 109 106 110 110 113 111 113 117 117 111 107 108 108 102
 100 105 111 116 124 131 129 131 133 134 133 130 127 125 125 122 119 114
 108 103  99  97 103  89  87 105 124 129 127 127 121 123 125 127 128 127
 125 124 123 126 119 124 121 120 122  95]","[ 52 104 108  96 104 109 114 109 110 114 115 114 115 117 113 106 102  99
  97  99 106 115 124 129 132 131 131 132 133 131 127 124 122 123 121 115
 106 100  98  99  99  87  76 120 122 126 127 123 125 125 125 125 125 125
 125 125 123 126 119 124 121 120 122  95]","[ 58 102 102 110 113  95 103 108 112 116 117 117 118 120 116 110 112 107
 101 100 104 114 124 130 134 134 134 134 135 132 128 125 123 123 122 116
 107 101  99 100  98  87  78 123 126 130 132 128 128 128 128 128 128 128
 128 128 127 129 123 127 125 124 126  99]","[ 45 100  95 109 113  92 112 113 106 109 111 112 114 116 113 107 114 109
 101  96  98 106 116 123 129 128 128 128 128 125 121 117 117 118 117 111
 102  96  94  95  92  83  75 120 122 126 127 124 124 124 124 124 124 124
 124 124 123 126 119 124 121 121 123  95]","[ 78 146 125 111 103  90 114  99 109 113 115 116 119 122 119 113 122 118
 112 107 107 112 120 126 133 132 131 131 130 127 123 119 122 123 122 116
 107 102 100 101  97  89  82 127 127 130 130 127 131 131 131 131 131 131
 131 131 129 131 125 130 127 126 128 101]","[ 71 123  99  81  74  66  95  95 105 109 111 112 115 119 116 110 115 116
 115 114 113 114 119 123 128 127 126 126 125 122 118 114 116 117 116 110
 102  96  95  96  89  83  78 125 126 128 129 126 129 129 129 129 129 129
 129 129 126 128 121 126 124 123 125  98]","[ 34  48  37  41  46  37  64 107 106 110 113 114 117 120 117 111 113 118
 122 123 121 120 123 125 128 127 126 127 126 124 119 116 114 115 114 109
 101  95  94  96  84  80  79 127 129 131 133 132 130 130 130 130 130 130
 130 130 127 129 122 127 125 124 126  99]","[ 45  35  35  34  37  26  33  92 111 115 117 118 120 123 120 114 117 123
 128 129 127 125 127 129 130 130 130 130 131 129 124 121 119 121 120 114
 107 101 100 102  89  86  86 133 133 134 135 133 131 131 131 131 131 131
 131 131 130 133 126 131 128 127 129 102]","[ 29  22  34  17  21  28  20  72  84  88  90  90  93  95  92  86  91  96
 101 101  98  96  98 102 102 102 102 103 103 102  98  95  96  97  96  91
  83  78  77  78  68  65  63 108 104 102 101  99 101 101 101 101 101 101
 101 101 102 104  98 102 100  99 101  74]"
