"[34 71 57 73 59 66 83 76 83 83 82 81 80 80 81 81 82 81 80 79 77 76 74 74
 72 71 70 68 66 64 62 61 62 60 58 55 54 54 55 56 51 51 51 51 51 52 52 52
 48 48 48 47 45 41 38 35 42 34 38 44 43 46 50 45]","[ 80 136 124 131 117 117 123 117 134 135 139 144 149 155 160 162 163 163
 163 163 163 163 163 163 156 157 158 157 152 144 136 131 128 126 124 120
 115 111 107 105 103 101  98  93  88  83  80  78  86  85  84  82  80  79
  79  78  68  59  61  64  59  59  60  53]","[ 96 183 174 171 165 160 155 154 132 131 130 128 128 127 127 127 128 130
 134 139 145 151 155 157 154 157 161 165 168 168 167 166 161 160 158 154
 148 141 134 130 126 124 122 118 115 111 109 107 102  98  92  86  81  77
  75  75  80  71  72  73  66  66  64  53]","[ 95 209 205 197 201 199 189 195 192 189 183 175 168 162 157 155 143 141
 138 134 130 126 122 121 132 131 131 133 138 146 153 157 160 161 162 163
 164 163 162 161 159 157 153 147 140 135 130 128 122 120 116 113 110 108
 107 106  95  87  88  88  82  83  79  64]","[ 89 214 212 201 210 211 201 210 203 202 200 199 198 197 197 197 198 195
 191 185 178 172 167 165 149 144 137 129 124 123 124 125 131 132 134 137
 141 146 150 152 159 160 161 162 164 165 166 167 154 152 149 144 137 130
 124 121 119 112 112 108 101 101  94  75]","[ 88 207 205 194 202 203 193 199 197 197 197 197 198 199 201 201 191 191
 193 194 196 198 199 200 196 195 192 188 182 175 170 167 144 141 137 133
 130 128 128 129 123 125 129 134 140 145 149 151 165 166 166 166 164 161
 157 155 155 149 147 142 134 133 123 100]","[100 207 208 205 211 213 205 205 210 209 206 203 200 198 197 196 202 201
 200 198 197 195 194 193 190 191 194 196 196 195 194 192 200 197 192 185
 179 173 169 166 150 147 142 136 129 123 118 116 116 119 125 133 141 148
 153 156 164 161 162 160 157 161 152 129]","[ 96 197 201 206 213 217 212 208 208 207 206 205 205 205 206 206 198 199
 199 199 199 199 200 200 200 198 195 194 193 195 197 199 192 193 196 197
 198 197 196 195 195 193 189 184 179 174 171 169 154 150 144 136 129 124
 121 119 118 118 124 128 132 144 139 117]","[ 94 196 198 199 201 209 211 213 213 212 210 209 208 207 207 207 205 204
 204 203 202 201 200 199 197 197 197 197 197 197 197 197 193 195 196 196
 195 196 196 194 191 195 197 193 189 188 190 191 190 189 186 182 177 172
 168 166 155 148 138 137 124 123 125  88]","[ 94 196 198 198 199 206 208 210 211 211 210 209 208 207 206 205 205 204
 204 203 203 202 202 201 201 201 201 201 201 201 201 201 204 200 198 200
 204 205 199 192 198 195 193 195 200 202 196 189 192 192 192 191 189 188
 186 185 193 189 183 186 176 175 175 136]","[ 94 197 196 195 196 202 203 205 209 209 209 209 208 206 204 202 204 204
 204 203 203 203 203 203 203 203 203 203 203 203 203 203 202 199 196 197
 200 201 200 199 197 197 197 195 192 189 189 191 191 192 193 194 194 195
 194 194 191 191 189 196 189 189 187 144]","[ 94 196 195 193 193 198 198 199 205 206 207 208 207 205 202 200 202 202
 202 202 202 202 203 203 201 201 201 201 201 201 201 201 205 205 205 202
 197 195 200 208 206 202 198 197 196 196 199 204 193 194 195 195 195 194
 194 193 188 189 188 195 190 194 191 146]","[ 93 194 193 191 190 194 194 195 201 203 204 206 205 204 201 200 199 199
 200 200 200 200 200 200 199 199 199 199 199 199 199 199 199 196 197 201
 199 194 193 196 201 190 185 193 203 204 199 196 199 200 200 200 199 198
 197 196 197 198 195 198 194 201 200 153]","[ 92 193 192 189 188 192 192 193 198 199 201 202 203 203 202 201 199 199
 199 199 199 198 198 198 200 200 200 200 200 200 200 200 196 190 192 203
 208 204 201 202 194 196 202 207 201 190 189 196 197 198 199 199 200 199
 199 199 196 197 191 192 189 199 198 149]","[ 91 192 191 188 187 191 191 192 195 196 197 199 201 202 203 204 201 200
 200 199 199 198 198 197 200 200 200 200 200 200 200 200 206 205 203 194
 175 165 182 207 204 197 195 199 198 193 198 209 194 194 195 196 196 196
 195 195 197 200 194 195 193 204 202 151]","[ 90 191 191 188 187 191 191 192 194 194 195 197 199 202 204 206 203 202
 201 200 199 198 198 197 199 199 199 199 199 199 199 199 195 200 190 146
  85  62 103 159 195 147 114 133 179 205 201 189 197 197 197 197 196 195
 193 193 193 196 193 195 194 205 201 148]","[ 93 191 191 191 189 190 188 192 194 194 194 195 196 198 200 201 199 201
 204 206 202 197 196 198 193 201 200 192 198 207 192 166 124 121 106  81
  63  63  70  75 117  69  46  63 106 194 196 196 198 197 197 196 196 195
 195 194 198 194 199 193 199 194 201 151]","[ 92 190 190 191 189 189 188 191 193 193 193 194 195 197 198 199 204 202
 202 201 200 199 200 202 200 202 202 205 208 190 139  90  66  66  60  52
  52  58  62  61  63  65  61  44  63 159 205 200 197 197 196 196 196 196
 195 195 198 194 199 193 199 194 201 151]","[ 92 190 190 190 188 189 188 191 191 191 191 191 193 194 196 197 203 202
 202 201 200 201 201 201 205 197 192 193 187 156 109  73  64  59  52  50
  57  64  62  54  45  50  61  52  51 102 187 200 195 195 196 196 196 196
 197 197 198 194 199 193 199 194 201 151]","[ 91 189 189 189 187 188 187 190 189 189 189 189 190 192 193 194 195 201
 205 203 201 201 201 199 191 196 206 207 176 125  84  68  78  66  51  44
  46  48  44  37  46  43  57  62  65  87 183 194 194 195 195 196 196 197
 197 198 198 194 199 193 199 194 201 151]","[ 90 188 188 188 187 187 186 189 188 188 188 188 189 190 191 192 192 200
 203 200 198 202 206 206 217 207 195 174 129  80  63  71  71  62  51  46
  46  45  42  39  33  53  65  54  65 106 200 199 194 195 195 196 196 197
 197 198 198 194 199 193 199 194 201 151]","[ 89 188 187 188 186 186 185 188 188 187 187 187 188 189 190 190 194 198
 197 191 193 201 202 197 206 169 128  97  69  53  62  84  71  67  66  69
  68  63  58  56  47  58  66  63  65  90 168 214 195 195 196 196 196 196
 197 197 198 194 199 193 199 194 201 151]","[ 89 188 187 187 185 186 185 188 188 188 187 187 187 188 189 190 194 193
 190 189 195 196 175 149 121 101  85  80  74  64  61  67  74  67  65  69
  70  64  58  56  69  61  66  80  71  68 106 198 197 197 196 196 196 196
 195 195 198 194 199 193 199 194 201 151]","[ 89 188 186 187 185 185 184 187 188 188 187 187 187 188 189 189 189 189
 187 192 201 189 144  96  93  86  83  83  77  66  64  68  82  69  60  63
  67  66  63  64  60  72  75  75  68  81  81 160 198 197 197 196 196 195
 195 194 198 194 199 193 199 194 201 151]","[ 87 187 185 184 181 182 183 188 186 186 186 186 186 186 186 186 192 184
 191 184 194 182 118  91  87  95  86  80  84  70  59  72  79  79  63  49
  57  65  67  71  74  72  74  77  76  75  83  95 204 191 191 193 188 196
 202 191 197 198 194 198 193 199 198 152]","[ 87 186 184 183 181 182 183 187 186 186 186 186 186 186 186 186 185 180
 189 184 183 159  99  81  80  84  84  85  85  74  66  71  72  77  68  59
  64  62  51  48  60  61  66  74  76  74  77  83 154 189 201 192 194 197
 193 193 197 197 194 198 193 199 197 151]","[ 87 186 183 182 181 182 182 186 186 186 186 186 186 186 186 186 183 179
 188 187 173 131  79  73  71  70  81  91  86  79  74  67  77  77  63  50
  53  50  43  42  49  53  62  75  82  81  78  77  92 169 202 193 200 197
 186 195 196 197 193 197 192 198 197 151]","[ 87 185 181 181 180 182 182 185 185 185 185 185 185 185 185 185 187 182
 187 193 173 117  71  71  66  59  76  92  83  79  75  59  70  68  52  41
  44  42  37  40  41  45  56  72  84  86  81  75  57 126 181 196 198 195
 192 194 195 196 192 197 192 197 196 150]","[ 87 184 180 180 180 182 181 183 185 185 185 185 185 185 185 185 190 184
 183 195 175 112  72  72  66  55  69  84  76  72  67  49  47  49  44  42
  47  39  25  24  33  37  45  59  73  80  77  71  56  77 147 199 192 192
 203 192 194 195 192 196 191 197 195 149]","[ 87 183 178 178 180 182 180 182 184 184 184 184 184 184 184 184 187 185
 177 191 172 107  75  73  68  57  59  68  67  62  54  42  43  41  32  31
  38  33  26  31  39  43  47  55  67  76  76  71  67  52 123 198 191 189
 205 191 194 194 191 195 190 196 194 149]","[ 87 182 177 177 180 182 180 181 184 184 184 184 184 184 184 184 181 186
 176 188 164 100  76  74  69  61  49  49  57  52  41  40  47  39  25  23
  34  38  43  57  56  59  61  63  69  78  78  73  69  59 119 192 198 188
 195 193 193 194 190 194 190 195 194 148]","[ 87 182 176 177 179 182 180 180 184 184 184 184 184 184 184 184 176 189
 178 186 159  95  78  76  69  64  42  37  52  46  33  40  36  34  29  36
  51  54  56  68  66  70  71  68  71  77  77  72  65  75 126 187 205 188
 183 194 193 193 190 194 189 195 193 148]","[ 84 173 174 181 178 182 183 180 185 185 185 185 184 184 184 183 183 179
 180 186 161 102  67  76  68  62  53  46  44  45  46  47  34  39  47  56
  62  66  68  68  71  72  71  70  77  83  78  67  63 114 168 191 191 189
 189 187 191 194 190 193 188 195 194 147]","[ 87 174 173 179 176 179 181 179 177 177 177 178 179 180 180 181 187 183
 182 185 161 105  71  78  72  67  61  56  54  54  53  52  44  49  55  62
  67  70  70  70  80  77  78  79  74  68  69  77 120 156 190 199 194 193
 192 190 187 189 186 189 184 190 190 144]","[ 92 175 171 176 173 175 178 176 174 175 176 178 180 182 183 184 182 179
 176 177 159 112  81  84  76  72  67  64  63  62  60  58  59  62  67  71
  74  75  74  73  78  75  79  84  74  64  81 110 164 181 192 189 184 186
 187 185 189 190 188 192 186 191 192 149]","[ 69 148 141 145 142 143 146 146 146 147 148 150 151 153 154 155 157 156
 154 155 146 113  86  86  77  73  68  64  64  64  63  62  69  71  74  77
  79  79  78  77  75  74  78  80  74  77 105 138 178 182 181 178 179 184
 187 184 177 177 175 181 174 179 181 141]","[ 60 135 126 131 127 127 130 131 128 129 129 129 130 130 131 131 132 134
 132 132 131 110  86  80  79  73  66  62  62  64  67  68  73  74  77  79
  81  81  80  79  76  79  77  72  75  95 122 141 140 139 137 137 141 146
 146 142 150 150 148 155 148 151 155 118]","[ 71 143 133 139 136 135 136 138 136 135 135 135 134 134 133 133 129 134
 129 127 131 118  94  81  81  76  68  64  65  68  72  74  74  75  77  79
  79  79  78  78  70  73  72  73  90 118 138 143 148 147 146 147 149 149
 146 142 139 138 137 145 138 139 145 111]","[ 66 136 125 133 131 128 129 131 131 131 130 130 129 129 129 128 131 139
 133 129 136 129 103  86  81  77  71  69  70  72  75  76  76  77  77  78
  77  76  75  74  71  69  74  92 117 136 144 146 145 145 145 146 145 142
 141 141 143 141 140 150 141 142 149 117]","[ 66 136 125 135 133 129 129 131 130 130 130 130 130 130 130 130 125 134
 129 124 134 130 105  84  78  75  72  71  73  74  74  74  79  78  78  77
  76  74  72  71  88  77  85 116 139 140 137 140 140 141 142 143 141 140
 144 149 140 138 138 147 139 139 146 116]","[ 71 130 130 133 123 129 126 129 126 127 127 127 128 128 128 128 128 128
 132 131 127 129 115  87  73  75  76  75  73  74  78  82  83  82  81  80
  78  77  76  75  77  93 110 130 144 138 132 141 139 139 140 140 140 141
 141 141 138 141 136 142 140 139 140 112]","[ 68 127 126 129 120 126 123 126 125 125 125 125 126 126 127 127 128 126
 129 129 126 128 117  91  77  76  75  74  75  78  82  84  85  84  83  81
  80  78  77  76  79 103 123 134 140 134 132 141 138 139 139 139 140 140
 140 140 138 141 136 142 140 139 140 112]","[ 65 122 121 123 115 122 119 121 122 122 122 122 123 123 124 124 127 123
 126 126 123 127 120  98  82  77  73  73  78  83  86  87  88  87  85  83
  81  79  77  76  81 116 138 137 134 131 132 140 137 137 137 138 138 139
 139 139 137 141 136 142 140 138 139 111]","[ 63 119 116 119 112 119 116 117 118 118 119 119 120 120 120 120 125 120
 122 123 121 125 122 105  86  78  70  71  78  86  89  88  88  87  85  83
  80  77  75  74  84 123 143 134 130 132 133 136 135 135 135 136 136 137
 137 137 136 139 134 141 138 137 138 110]","[ 62 117 113 115 109 118 114 115 115 116 116 116 117 117 117 117 123 117
 119 121 119 124 123 111  90  80  70  70  78  86  88  86  86  85  83  80
  78  75  73  72  87 123 138 129 129 135 133 131 133 133 133 134 134 135
 135 135 134 137 132 138 136 135 136 108]","[ 61 114 109 112 107 116 112 112 113 114 114 114 115 115 115 115 122 114
 117 121 118 122 123 114  93  84  74  73  79  85  86  84  83  82  80  78
  76  74  72  71  90 120 131 125 129 135 132 129 131 131 131 132 132 133
 133 133 131 135 130 136 134 132 133 105]","[ 59 112 106 108 104 114 109 109 112 112 113 113 114 114 114 114 120 113
 116 121 118 120 123 115  97  89  81  77  80  83  84  83  81  80  79  77
  76  74  73  72  93 118 129 126 129 130 128 130 130 130 130 130 131 131
 131 132 129 132 127 133 131 130 131 103]","[ 58 110 103 106 102 112 108 107 112 112 112 113 113 113 114 114 120 112
 116 121 118 120 122 116 100  93  85  81  82  83  83  82  80  80  79  78
  76  75  74  73  94 119 130 128 128 125 125 132 129 129 129 130 130 130
 131 131 127 131 126 132 130 128 129 101]","[ 57 104 106 102 107 103 106 105 107 107 108 109 110 112 112 113 115 115
 115 116 116 116 117 117 100  93  88  87  87  83  82  83  83  79  79  80
  78  73  71  73  96 126 126 127 128 121 128 125 129 129 129 129 129 129
 129 129 129 132 126 131 128 127 128 101]","[ 55 102 105 100 106 102 105 104 105 105 106 107 108 110 110 111 114 114
 114 115 115 115 116 116 102  94  87  86  86  83  83  85  84  80  79  81
  79  73  71  72  97 126 127 128 129 122 129 127 129 129 129 129 129 129
 129 129 127 130 124 129 127 125 127  99]","[ 55 102 104 100 106 102 105 105 106 107 107 109 110 111 112 112 116 116
 116 117 117 118 118 118 106  95  86  85  85  84  84  86  86  82  81  82
  79  73  70  72  97 127 127 129 130 123 130 128 128 128 128 128 128 128
 128 128 125 128 122 127 125 123 125  97]","[ 57 104 107 103 109 105 109 108 111 112 113 114 115 116 117 118 120 121
 121 121 122 122 122 122 109  97  86  83  84  84  85  87  88  84  82  82
  79  72  69  71  96 125 126 128 129 123 129 127 127 127 127 127 127 127
 127 127 124 127 121 127 124 123 124  97]","[ 61 107 110 107 113 109 113 113 115 115 116 117 119 120 121 121 122 122
 123 123 123 124 124 124 112  99  86  83  85  85  86  87  89  85  83  82
  78  71  67  68  93 123 124 126 127 121 128 126 127 127 127 127 127 127
 127 127 125 128 121 127 124 123 124  97]","[ 62 109 112 108 114 111 115 115 114 115 116 117 118 119 120 121 121 121
 121 122 122 122 123 123 114  99  86  84  87  87  86  86  89  85  82  82
  77  69  65  66  92 122 123 125 126 121 128 126 126 126 126 126 126 126
 126 126 124 127 121 126 124 122 124  96]","[ 59 106 109 106 113 109 113 113 114 114 115 116 118 119 120 120 121 121
 121 122 122 123 123 123 114 100  87  85  88  88  86  85  89  85  82  81
  75  67  63  63  92 122 123 125 127 121 129 127 125 125 125 125 125 125
 125 125 122 125 119 124 122 120 122  94]","[ 56 103 107 103 110 107 111 110 115 116 116 118 119 120 121 121 123 123
 124 124 124 125 125 125 114 100  87  86  90  89  86  84  89  85  81  80
  74  66  61  62  93 123 124 126 128 123 130 128 125 125 125 125 125 125
 125 125 120 123 117 123 120 119 120  92]","[ 51 113 101 100 107 102 122 107 113 114 115 116 118 119 120 121 121 122
 122 123 123 122 122 121 117 102  88  87  91  91  88  87  91  84  80  81
  77  67  60  60  88 127 125 122 129 124 126 127 127 127 126 126 126 125
 125 125 122 125 118 124 121 121 123  96]","[ 59 107  99 111 115  92 107 108 115 116 117 119 121 122 124 124 124 124
 125 126 126 125 124 124 116 101  88  86  89  89  86  85  88  82  79  79
  75  64  57  55  88 128 127 125 132 126 129 129 129 129 129 128 128 128
 127 127 126 128 122 127 125 125 127 100]","[ 48  98  98 108 111  95 110 116 109 110 111 114 116 118 120 121 119 119
 120 121 121 120 119 119 116 103  90  89  91  89  87  86  88  84  82  81
  77  66  58  54  81 122 123 121 127 121 124 125 124 124 124 124 123 123
 122 122 122 125 118 124 122 121 123  96]","[ 82 138 132 108 100  97 108 103 112 113 115 118 120 123 125 126 123 124
 124 125 125 124 124 123 114 101  90  88  90  88  85  85  87  85  84  82
  77  68  58  52  83 127 129 128 134 127 129 131 130 130 130 129 129 129
 128 128 128 131 124 129 127 127 129 102]","[ 74 114 105  77  70  73  89 100 108 109 111 114 116 119 121 122 119 120
 120 121 121 120 120 119 110  99  90  88  89  87  85  85  84  84  82  79
  74  67  57  50  78 123 127 126 132 124 127 129 128 128 127 127 127 126
 126 126 125 127 121 126 124 124 126  99]","[ 33  43  38  38  44  40  63 110 110 111 112 115 117 119 121 122 120 120
 121 122 122 121 120 120 111 101  94  93  93  91  90  91  85  86  84  79
  75  70  62  54  75 122 128 129 133 125 128 130 129 129 129 128 128 127
 127 127 126 128 122 127 125 124 127 100]","[ 42  35  30  33  37  23  37  93 115 116 117 119 120 122 123 124 124 124
 125 125 125 125 124 124 103  95  89  89  89  87  87  89  81  83  81  75
  71  69  62  54  75 123 131 132 136 127 130 132 131 131 131 130 130 129
 129 129 129 132 125 130 128 128 130 103]","[ 23  26  24  17  23  21  29  72  88  89  90  91  92  94  95  95  96  96
  97  97  97  97  96  96  87  80  74  75  75  74  74  76  71  73  70  63
  60  60  54  46  44  93 101 102 107  97 100 103 102 101 101 101 100 100
 100  99 101 104  97 102 100 100 102  75]"
