"[29 33 28 30 30 30 29 29 29 30 29 29 30 29 28 29 30 28 29 30 29 28 29 29
 29 29 29 29 29 29 29 29 29 28 28 30 29 29 29 29 28 30 29 29 30 30 29 29
 28 28 31 28 28 30 28 29 29 30 28 30 29 27 31 28 29 30 28 28 29 30 29 30
 29 31 29 28 29 29 28 29 29 28 28 29 29 29 29 29 30 30 29 29 29 30 29 29
 28 29 29 29 30 28 28 29 29 29 28 31 31 28 30 31 29 29 29 28 30 30 28 30
 29 28 31 30 29 30 28 30 30 28 29 30 30 29 28 30 28 29 30 28 29 31 28 29
 28 28 30 29 30 30 32 28 29 30 29 28 29 31 30 28 30 29 28 29 29 28 29 30
 29 29 31 29 27 28 28 30 29 29 28 28 29 28 28 30 27 30 29 28 29 30 30 30
 30 28 30 29 31 31 28 30]"
"[31 26 33 29 27 28 31 27 29 31 29 27 28 28 29 31 29 28 30 31 30 29 29 29
 28 30 30 28 28 31 31 29 29 30 30 29 28 29 29 29 29 29 28 27 27 28 28 27
 28 29 29 29 31 31 29 29 29 29 27 29 29 28 31 29 30 29 28 29 31 29 27 28
 29 30 29 28 30 30 29 29 30 29 29 28 28 28 29 30 27 28 28 29 28 28 29 30
 32 30 28 27 28 30 30 29 29 31 28 27 29 31 31 25 30 30 29 28 30 30 28 28
 29 29 31 28 27 28 28 31 28 30 31 28 27 30 32 27 29 28 29 30 29 27 28 30
 32 28 31 28 30 25 31 31 28 29 30 31 30 26 26 30 27 29 30 30 29 30 29 28
 30 28 28 28 30 32 29 28 28 29 29 29 30 29 28 29 30 31 30 29 29 28 27 29
 27 33 29 27 30 25 31 29]"
"[ 30  32 113 118 119 121 114 116 118 120 118 115 115 115 116 118 117 116
 116 116 117 119 122 123 117 119 121 121 122 124 127 129 125 128 130 131
 136 144 151 154 154 153 157 159 157 156 157 155 149 148 144 145 146 151
 170 189 210 219 231 243 246 244 246 248 245 247 246 245 245 244 244 246
 246 244 244 244 244 245 246 245 245 246 246 247 247 246 244 243 228 216
 199 182 168 158 150 145 145 146 147 143 136 135 135 132 129 134 141 148
 150 149 151 148 131 132 132 130 127 128 130 129 130 122 103  83  63  48
  38  31  33  27  23  27  24  21  25  20  22  19  18  20  19  19  20  17
  19  18  17  16  18  24  20  61 105 106  96  87  89  88  77  66  70  78
  79  75  74  73  69  66  55  52  52  53  56  58  54  52  45  48  49  50
  54  58  59  60  61  60  59  60  60  58  59  63  71  72  71  74  85 116
 125  27]"
"[ 30  30 111 114 115 113 113 111 117 118 115 110 109 111 113 115 117 117
 115 114 116 118 119 120 118 117 118 121 118 115 118 126 125 124 120 116
 118 125 131 132 137 137 145 153 150 151 158 161 159 157 151 154 154 146
 145 146 149 157 169 183 195 207 227 245 246 251 251 251 251 254 253 251
 253 250 253 254 252 252 254 251 251 251 251 251 251 252 253 253 254 252
 250 248 241 228 209 196 183 174 167 159 152 151 147 136 129 130 133 136
 131 126 132 136 137 136 135 135 133 134 135 130 127 130 125 125 122 112
 100  84  59  49  42  44  29  15  25  27  18  19  29  26  18  19  18  16
  15  18  21  15  13  29  69  97 103 103  94  84  78  71  64  64  70  78
  76  70  69  65  57  54  52  51  53  53  54  54  52  52  50  53  53  52
  55  60  62  64  62  61  59  60  61  60  60  64  69  82  84  96 118 129
 128  29]"
"[ 32  28 106 101 104 110 104 113 116 117 114 108 108 111 115 118 116 117
 116 116 119 119 116 116 117 115 117 118 114 109 113 122 125 124 119 115
 117 123 125 124 125 122 128 134 129 130 142 151 156 159 155 155 156 153
 155 153 149 145 142 142 145 150 161 175 187 197 209 224 239 248 250 251
 254 251 252 252 250 250 252 252 253 253 252 251 251 252 252 251 253 253
 253 252 252 252 253 253 247 239 229 210 188 175 165 153 153 154 154 146
 129 122 128 129 134 129 125 128 133 139 144 137 132 132 125 125 127 125
 122 112 114 108  97  91  73  56  50  33  23  15  24  21  18  24  19  19
  17  19  16  19  31  80  96 104  95  95  89  77  69  66  70  78  76  78
  72  67  68  63  56  55  54  55  59  59  58  57  54  54  57  60  58  56
  58  62  63  64  64  65  64  62  62  60  58  60  75  85 104 122 126 122
 125  30]"
"[ 29  25  74  80  92  98 100 100 112 115 113 108 107 108 108 109 116 116
 113 113 115 113 110 113 112 114 116 114 110 110 114 120 121 121 119 118
 119 120 118 114 124 121 124 125 119 116 123 131 124 123 123 132 139 138
 141 146 145 148 155 160 164 158 151 155 155 151 148 150 157 167 184 202
 219 225 237 249 254 254 253 252 249 251 253 252 252 253 253 252 250 252
 253 253 253 253 252 251 255 253 253 254 254 253 246 235 225 203 177 159
 144 140 143 138 131 129 123 124 123 121 124 119 120 122 122 124 126 125
 123 118 121 118 113 115 115 114 107  87  77  50  36  21  17  21  16  20
  16  19  14  45  96 102  99  95  93  88  77  65  62  69  73  71  72  69
  62  59  61  59  56  57  58  59  64  66  66  64  58  55  54  57  58  58
  60  62  62  62  65  68  68  67  66  65  66  69  84 108 126 123 119 122
 123  28]"
"[ 29  27  79  77  76  78  76  84  87  91  92  92  97 105 110 112 112 114
 112 112 113 107 105 111 112 114 114 112 109 109 112 115 117 116 116 115
 114 113 110 108 114 115 117 118 117 116 116 117 110 113 122 128 123 114
 115 129 135 136 140 145 153 154 149 155 159 156 150 144 139 137 143 153
 152 156 166 182 202 218 231 241 244 250 253 253 251 252 252 252 254 253
 250 250 251 253 253 252 251 252 253 252 252 253 253 253 251 247 245 238
 213 189 176 163 146 146 138 137 132 121 119 116 115 115 119 122 124 125
 122 121 122 118 113 109 106 107 110 109 111  99  86  74  64  52  36  25
  26  23  51  90 105  98  86  92  86  75  70  70  66  64  68  71  67  62
  58  59  61  61  60  59  61  62  66  68  68  67  60  58  60  62  62  63
  64  63  61  62  64  67  69  70  71  74  83  94 121 123 118 119 120 117
 115  30]"
"[ 29  31  84  88  85  81  81  82  81  80  73  66  68  78  86  92  88  96
 103 109 112 105 102 110 107 104 104 106 107 106 108 113 113 112 110 108
 107 106 107 108 108 112 111 110 114 117 115 111 112 116 121 116 115 116
 113 116 126 119 113 116 130 140 139 146 152 156 157 156 160 161 156 149
 146 143 137 138 144 147 149 155 175 195 221 240 249 253 252 251 252 253
 254 254 253 252 252 253 252 252 252 251 253 252 251 253 254 253 254 254
 252 254 249 228 216 200 169 154 147 137 138 137 131 122 118 113 113 116
 113 115 112 108 107 105 106 106 102 100 102  97  78  77  91  97  88  65
  50  62  91  96  98  95  89  83  75  69  71  73  69  70  71  65  62  60
  60  63  64  64  62  58  61  63  67  67  66  65  62  62  64  64  64  65
  66  64  63  65  68  69  71  73  75  82 100 120 127 127 121 124 120 122
 123  29]"
"[ 31  26 104 105 102  97  92  88  85  88  91  87  80  80  76  65  59  66
  76  81  87  88  89 102  99  95  90  85  93 103 101 100 101 103 103 104
 107 109 108 105 109 111 111 110 110 112 113 112 110 109 114 113 110 112
 113 112 117 118 117 113 118 126 126 124 118 121 131 132 136 143 142 146
 154 153 153 155 155 153 151 151 149 149 147 143 148 170 196 211 227 241
 250 253 254 253 252 254 254 250 253 252 250 253 252 252 251 253 250 252
 254 254 255 253 254 254 255 251 233 203 180 166 150 149 137 139 136 127
 128 113 105  97  97  94  97 102  98  94  92  83  78  77  79  81  81  80
  87  97 103  97  94  94  81  68  67  68  67  66  68  70  66  60  53  54
  59  65  67  64  61  61  62  65  66  65  64  65  65  64  64  68  64  63
  66  66  67  69  70  70  69  72  85 105 121 128 123 123 122 122 121 124
 124  29]"
"[ 29  30 110 109 111 114 111 102  98 101  99  93  88  84  82  80  73  76
  78  77  75  69  65  73  81  76  79  87  98 102  97  99  96  93  94  96
  97 105 111 104 104 109 113 112 111 111 111 110 112 110 113 111 108 110
 111 110 109 109 112 114 117 120 116 114 114 115 121 117 119 125 120 120
 122 125 130 136 139 142 148 155 152 156 154 147 141 142 144 145 156 163
 176 199 222 233 240 248 251 250 255 254 252 254 252 250 251 253 252 253
 253 250 252 253 249 252 251 253 254 254 251 244 239 219 183 170 162 143
 133 127 131 115 105 100  89  94  94  90  83  82  79  76  81  82  82  94
 104 104 105  98  89  81  71  68  67  67  67  67  69  68  58  47  48  51
  55  58  58  58  59  61  61  62  63  64  66  67  66  63  64  66  66  68
  69  65  67  74  75  77  82  91 106 120 124 122 121 122 122 122 121 124
 124  30]"
"[ 29  30 112 112 117 123 122 112 109 112 109 106 105  98  92  95  95  97
  93  91  89  81  78  81  79  71  67  68  70  70  71  78  86  85  89  90
  89  93  99 101 108 109 108 107 109 113 115 114 108 106 108 108 107 110
 109 108 109 104 107 111 113 115 115 116 112 112 116 113 115 122 117 114
 111 114 116 117 116 119 126 133 136 140 142 145 149 147 146 150 148 145
 140 141 145 150 164 182 198 213 237 248 250 253 253 254 251 251 251 250
 254 253 251 251 253 253 251 252 252 253 253 251 253 254 254 247 231 222
 204 168 150 139 133 136 115 108  99  88  79  84  81  73  82  92  95 103
 104  98  95  88  78  70  67  72  73  72  69  67  66  61  50  39  45  48
  51  50  52  56  59  60  60  64  67  67  65  64  63  62  63  66  68  68
  68  67  66  67  81  90 102 111 118 123 122 118 119 121 122 122 121 123
 124  30]"
"[ 29  28 109 112 115 115 115 112 113 112 110 111 114 110 103 101 100 100
  94  96  96  89  90  90  90  88  84  78  76  75  73  74  81  85  82  79
  80  74  75  89 101 105 106 102 100 101 104 104 106 105 108 109 109 110
 107 106 108 104 108 110 109 110 109 108 108 108 111 110 111 115 112 110
 110 114 117 117 116 115 113 110 114 112 113 124 137 138 140 150 152 155
 153 150 150 146 141 141 145 145 148 155 169 191 209 219 233 243 254 252
 252 253 251 253 252 252 250 252 252 250 253 253 253 249 253 255 254 253
 252 253 251 231 204 188 155 136 128 121 117 115  98  88  98 110 111 104
  98  93  88  78  70  67  67  71  71  70  68  65  63  58  51  45  45  48
  49  48  53  61  65  63  64  68  72  71  68  65  65  65  65  68  73  73
  72  73  73  76  94 105 116 118 116 116 117 118 119 120 122 122 121 123
 123  28]"
"[ 30  28 109 112 110 107 109 111 114 108 106 106 106 107 106 101 101 101
  97 100 101  96  97  95  89  91  90  91  96  96  88  79  81  86  83  80
  80  71  64  70  77  74  72  75  87  98  99  94  98  99 103 103 105 105
 102 103 106 106 109 106 105 107 106 105 108 107 109 110 110 110 108 109
 110 111 108 102 103 111 115 113 111 108 106 112 121 117 112 116 125 129
 129 131 143 151 150 147 152 150 144 140 142 144 145 143 151 160 180 198
 218 234 240 247 250 254 254 253 251 252 254 251 252 253 255 250 250 255
 254 253 254 254 253 253 237 210 191 179 174 165 120 100 106 106 105  95
  91  87  82  73  69  70  68  68  67  67  66  65  63  59  54  50  48  52
  54  55  60  68  71  70  68  69  71  72  73  73  72  71  71  67  72  74
  69  67  74  90 113 118 120 118 116 116 118 120 121 121 121 122 122 125
 124  28]"
"[ 29  30 113 112 110 108 111 112 113 109 108 106 101 103 105 100  99  98
  97 100 101 100 100  98  97  96  91  95 100  99  96  92  85  90  94  89
  82  79  75  67  73  75  73  66  64  69  74  75  73  75  79  84  90  95
  95  99 107 109 109 104 104 106 106 110 105 102 103 106 106 104 104 107
 106 110 109 104 104 108 110 107 106 107 105 105 110 111 106 104 107 110
 110 111 117 120 122 126 133 142 146 147 147 147 148 148 140 137 136 136
 137 140 152 170 190 213 237 253 253 251 252 252 254 251 254 254 250 252
 253 252 252 253 252 252 255 252 253 254 251 237 164 116 111 103  98  90
  84  80  78  74  73  73  69  67  68  64  61  62  65  65  63  61  58  63
  66  67  67  70  73  74  70  71  73  75  75  75  76  77  78  71  74  74
  74  82  93 107 122 122 122 120 119 120 122 122 123 122 122 123 123 126
 125  29]"
"[ 28  30 114 114 113 113 114 112 114 113 111 109 106 104 103 101  99  97
  99 100  99  99  97  97 101 101  97 100 102  98 100 100  96  96  99  95
  86  88  90  83  74  78  78  75  75  78  78  75  63  64  68  72  80  85
  84  88 101 103 106 107 109 104 101 111 109 104 101 103 105 105 105 104
 104 103 101  97  96  98 101 103 103 105 104 102 104 107 109 109 107 108
 106 109 116 116 111 110 114 117 110 108 114 122 130 133 142 140 138 141
 140 131 126 125 126 130 134 143 151 165 194 217 226 242 247 250 254 254
 249 254 253 254 254 253 251 254 251 251 249 216 151 109 101  99  94  87
  81  80  80  77  75  74  68  65  63  58  57  61  67  71  73  74  68  70
  73  74  72  71  74  77  75  77  79  78  76  75  77  79  71  69  75  77
  88 109 116 118 121 122 123 122 122 122 123 123 124 124 123 123 123 126
 125  30]"
"[ 29  29 112 116 117 115 114 111 116 115 110 108 111 108 103 104 103 100
 105 104 103 105 102 103 101 102  97  98 101 100 101  99 102 103 104 108
 110 104  96  92  96  96  92  87  88  90  87  80  81  80  79  79  82  80
  73  74  68  67  69  76  83  79  81 103 107 102  97  99 104 108 108 105
 103  98  94  96  97  96  97 100  96  97 101 104 101  99 101 105 104 106
 104 104 111 113 110 109 108 115 110 106 106 105 110 111 117 123 121 123
 127 129 132 130 128 130 129 130 130 129 130 128 137 154 166 179 200 221
 238 246 251 251 254 254 247 253 250 246 217 156 114 103  97  91  83  75
  72  76  78  72  70  72  67  62  58  57  59  63  66  67  68  70  70  69
  71  74  75  74  76  80  82  81  80  81  81  80  79  79  74  74  87  95
 108 126 127 124 122 122 122 123 124 125 124 123 124 124 124 123 122 124
 124  29]"
"[ 31  29 113 113 115 116 113 111 115 115 112 108 111 113 107 105 104 104
 108 107 109 111 104 101 102 102 100  97  98 102 103 100  99  97  97 100
 102 104 106 108 110 110 108 104 103 100  98  98  94  90  86  85  85  81
  76  76  80  78  79  77  71  66  65  65  73  75  85  96  99 104 112 111
 101  99  99 103  94  95  94  93  91  91  89  95 100  98 101 104 107 101
  98 100 103 103 103 105 103 107 105 103 104 104 105 103 110 115 113 111
 111 114 121 126 130 128 128 133 137 134 127 124 121 119 116 115 124 132
 144 171 187 206 237 253 253 251 244 195 143 112 102 103  93  82  72  69
  73  72  70  68  66  63  59  55  54  59  63  65  67  71  73  71  73  72
  69  71  79  82  82  87  85  82  82  82  80  82  83  74  72  87  98 113
 128 130 128 122 124 125 125 124 124 124 125 125 127 126 122 124 123 123
 124  28]"
"[ 28  30 115 116 118 118 114 110 116 113 113 113 116 115 110 110 108 107
 110 108 109 110 105 104 101 103 103 102 102 103 102  99 100  98  96  97
  98  99 100 101 102 103 101  98 100 103 104 103 100  94  88  87  89  88
  87  90  87  81  76  75  73  73  75  75  71  69  75  77  70  68  76  83
  88  94  91  96  93  89  85  98  92  91  88  89  94  96  99 101  98 100
  98  95  96 100 101 100  97  98  97 102 105 102 103 106 105 107 105 106
 106 102 102 103 110 106 104 109 119 123 122 122 121 122 121 116 118 117
 117 129 132 139 160 180 189 203 182 130  96  87  90  88  79  75  72  70
  65  67  67  64  59  55  53  52  59  62  66  67  70  74  75  75  73  73
  71  74  83  85  83  85  81  78  81  81  79  80  84  76  83 103 117 127
 130 126 125 123 122 123 124 125 125 126 126 126 128 128 125 126 124 123
 124  29]"
"[ 28  30 115 112 111 113 113 113 113 109 110 111 112 114 113 114 107 107
 111 112 111 109 106 106 106 106 106 105 103 102 101 101 103 100  98  99
 101 101 101 100 102 103  99  94  97 101 102 101 103  98  92  92  95  96
  97 101  94  87  83  84  86  86  84  81  80  70  75  77  69  62  61  68
  65  72  65  67  72  76  74  84  88  87  82  74  74  81  88  95  99  94
  94  98  98  95  95  99  97 100  98 100 103 102 103 102  98  99  97 101
 104 101 101 103 101 102 101 101 104 105 105 105 108 107 108 112 122 129
 127 126 130 132 135 143 146 149 113  93  84  84  85  78  72  74  72  68
  64  66  65  62  57  55  56  59  64  65  67  70  72  75  77  78  79  79
  75  76  83  87  85  85  85  85  81  78  86  81  80  88 102 114 121 124
 124 122 122 121 120 122 124 125 125 125 125 124 128 129 127 128 125 124
 125  29]"
"[ 31  28 118 115 115 115 113 113 114 110 112 112 112 117 119 119 121 118
 117 114 109 106 106 110 110 108 107 107 106 104 105 107 103 101 101 103
 105 105 104 102 103 103  99  96  99 101 102 102 101 100  98  99 101 101
 100 102 104 101 101 104 106 105 100  94  87  75  79  82  79  72  63  67
  64  66  64  56  50  47  51  57  62  70  76  70  64  64  66  73  86  91
  96  97  98  98  98  97  94 100 102 102 102 100  99  98  95  97  96  98
 100  99 101 102  97 102 103  99  97  95  93  93  91  93  97 100 105 111
 115 116 125 136 138 137 125 113  84  89  87  84  78  72  72  73  69  66
  64  61  58  55  55  57  61  64  66  66  68  70  71  73  77  81  82  83
  81  81  87  90  88  87  85  88  82  82  88  88  92 114 132 132 128 125
 124 124 122 120 121 123 125 126 126 124 124 125 129 130 129 129 126 126
 126  29]"
"[ 27  31 153 156 150 138 128 126 137 127 124 120 115 115 115 116 114 113
 111 111 109 106 109 113 111 109 108 109 108 105 103 103 106 105 106 108
 109 109 106 103 104 103 101 101 102 100  99 102  98 101 103 105 105 101
  98  99 101  99 101 103 103 103 103 101  97  89  92  91  89  89  86  93
  82  72  70  68  72  57  55  56  56  62  66  62  56  54  59  68  72  83
  95 101 103 103 102 101 101  99  96  98  96  88  88  93  95 100  99 100
 102 101  99  94  93  96  94  90  90  92  91  91  92  90  89  89  85  83
  83  81  89  93  94  89  76  78  78  78  76  76  71  68  69  67  63  61
  59  55  50  49  51  56  61  65  66  66  67  69  70  71  76  81  79  83
  86  89  92  93  90  87  88  87  90  93  88 103 115 128 126 126 126 125
 125 126 125 123 123 125 128 129 128 127 127 129 130 131 129 129 128 129
 128  29]"
"[ 30  30 166 164 161 153 150 152 152 144 146 149 143 129 116 113 118 116
 112 113 112 110 113 115 114 111 109 108 108 106 106 107 108 109 110 110
 111 110 108 105 106 103 101 102 102  97  94  96  96 100 103 104 103  99
  96  97  99  99 100 101  99 100 102 102 100  96  97  93  93  97 100 107
 103 102  97  85  86  65  59  64  65  66  63  62  60  56  59  63  66  59
  54  56  62  69  78  87  90  84  80  90  99  96  90  85  85  89  87  88
  93  94  90  83  91  94  93  89  88  88  88  89  96  88  81  83  85  83
  81  75  73  72  70  75  74  73  72  63  71  73  68  66  65  63  61  56
  53  51  49  49  50  53  59  64  65  65  66  68  69  71  76  80  82  85
  89  90  90  90  88  87  88  88  92  95  98 122 124 122 124 123 127 127
 126 127 124 122 123 124 127 129 129 128 129 131 129 130 127 128 129 130
 128  28]"
"[ 32  25 177 173 178 177 170 162 174 165 160 159 159 155 149 152 151 145
 132 126 121 116 117 116 113 111 108 105 104 104 107 109 109 110 110 109
 108 108 107 106 105 101  98 100 102 100  97  98  98 100 100  99  98  96
  95  96 100  99 101 102 101 101 100  98 101 100  96  94  95  97  97  99
 104 107 101  94 100  98  94  92  87  84  71  71  73  69  73  71  67  64
  56  49  54  64  67  63  66  59  49  56  72  82  85  82  80  83  79  78
  80  80  79  75  80  87  93  94  92  89  87  87  86  85  81  82  81  78
  80  80  79  77  70  74  77  70  65  67  69  69  63  63  61  59  59  55
  50  49  48  49  50  52  59  66  68  67  67  69  72  76  79  82  87  86
  87  86  84  84  86  87  83  87  96  99 116 130 125 122 123 119 123 125
 126 131 130 128 125 125 126 129 130 129 129 130 129 130 127 128 129 130
 129  28]"
"[ 28  29 198 184 177 176 182 185 182 179 173 166 170 174 170 169 171 170
 163 163 160 153 147 139 139 137 132 126 119 114 112 112 115 116 114 111
 108 108 108 108 108 104  99  99 103 104 101 100 100 100  98  96  96  95
  95  96 101  99 100 102 103 104 102  97  97  99  95  94  96  96  98  98
  99  97  97  98  91  93  91  87  99 103  96 104 106  96  93  81  81  78
  72  66  62  62  65  68  64  61  58  65  67  59  57  59  69  73  72  70
  68  64  65  67  70  77  85  91  94  91  85  82  79  81  78  80  82  79
  78  74  74  73  72  73  66  64  64  65  67  66  63  66  60  52  53  52
  53  50  48  50  53  58  65  71  72  71  70  72  77  82  84  84  85  83
  84  85  83  82  85  87  92  94 117 122 131 129 130 132 129 125 130 129
 128 131 131 130 130 128 128 131 133 132 129 129 131 132 129 130 130 131
 130  30]"
"[ 28  31 184 181 183 182 180 188 187 182 181 184 182 178 177 177 175 174
 175 170 167 166 161 160 154 154 154 154 145 138 137 127 127 126 130 129
 118 112 111 108 110 109 113 108 109 111 103 104 104  99  99  96 101 102
  95 103 104 102  97 101 101  96  98  99  99  96  95  93  97  97  91  97
  95  97  95  96  90  89  85  85  92  88  90  98 102  97  90  88  85  87
  89  87  86  88  87  81  75  70  70  73  68  58  56  61  60  62  62  53
  55  56  61  60  60  57  56  72  81  83  88  79  78  77  76  77  77  74
  69  65  67  65  67  65  65  66  62  61  66  66  63  57  55  55  54  52
  51  52  52  53  56  62  67  70  74  73  74  77  83  87  85  86  84  85
  85  84  85  89  88  97 102 112 122 125 126 128 131 133 132 131 130 130
 130 131 132 132 131 128 127 131 134 133 132 132 132 132 130 129 129 130
 133  28]"
"[ 30  29 156 160 166 171 183 184 191 189 187 187 185 180 178 178 178 180
 183 177 171 170 172 178 173 168 164 168 164 163 159 149 152 146 144 140
 133 130 127 123 120 122 124 115 111 113 106 106 111 114 108 103 105 107
 105 102 102 104 101 102  99  96  99  98  97  93  93  93  94  96  96  97
  95  97  96  98  92  91  88  90  87  82  82  88  92  90  88  87  86  87
  88  88  89  92  92  88  81  80  81  81  75  65  61  63  58  59  59  53
  53  52  55  53  50  48  45  46  42  44  55  54  63  62  65  70  69  63
  59  60  54  54  58  58  58  58  55  54  55  54  51  49  48  51  54  55
  52  54  56  58  63  68  72  72  72  72  77  81  86  86  82  83  85  86
  87  89  91  97  97 107 114 120 126 128 127 128 130 132 132 131 130 129
 130 132 133 133 129 127 126 129 132 132 132 133 133 133 133 133 133 132
 134  27]"
"[ 30  27 142 140 137 137 147 147 151 156 160 165 172 174 174 177 189 187
 186 181 179 179 179 182 187 185 183 186 179 177 177 174 172 170 174 175
 177 175 162 154 152 146 140 130 131 136 129 123 114 118 111 116 116 109
 109  99  98 102 104 108 109 105 102  96  98  94  95  98  96  99 104  99
  99 100  99  99  94  92  91  94  93  88  85  86  87  87  86  86  84  83
  84  85  85  87  86  83  81  84  88  88  85  81  80  80  73  72  74  69
  64  59  58  53  49  46  47  43  33  33  38  34  34  32  34  42  47  47
  45  45  45  47  52  52  51  51  50  52  50  48  46  45  46  48  53  56
  55  59  63  66  68  71  72  71  71  73  79  84  86  84  80  83  90  92
  93  95  97 105 111 123 128 130 131 133 132 131 133 135 137 136 134 133
 133 135 137 137 132 130 130 131 133 134 135 138 136 136 136 136 135 134
 135  28]"
"[ 29  27 162 156 150 148 144 148 143 148 146 144 147 147 144 145 144 153
 167 172 175 178 180 182 183 184 188 188 185 181 183 183 183 179 178 173
 176 179 169 166 167 164 163 158 155 155 146 139 143 141 129 132 131 125
 128 116 120 117 113 113 113 112 111 110 103 104 102 104 103 104 108 102
 100 102 103 102  99  97  95  94  94  91  89  89  90  90  89  88  87  85
  86  87  84  83  82  80  83  86  88  86  83  82  83  84  84  82  85  85
  77  70  67  61  60  52  53  49  40  40  40  34  34  39  41  35  29  28
  32  34  38  38  41  39  38  39  41  46  45  44  45  45  45  45  50  56
  59  65  70  71  70  70  71  72  73  76  81  84  86  86  83  86  91  91
  90  95 101 114 123 134 133 132 133 134 134 133 134 137 138 137 135 133
 133 135 136 136 133 132 132 132 132 133 135 138 137 136 133 132 132 132
 134  28]"
"[ 32  29 179 173 173 170 159 162 163 161 148 137 137 139 138 140 138 142
 145 140 138 144 146 148 154 160 176 178 181 178 186 191 186 186 187 183
 185 189 185 186 182 178 179 179 177 175 170 165 161 161 153 149 149 153
 152 139 132 132 127 118 113 115 118 120 115 120 113 111 111 109 110 107
 100 103 105 104 105 104 100  95  93  92  91  91  92  93  92  91  91  89
  89  89  85  83  84  85  88  88  87  84  79  77  78  80  81  78  82  86
  80  77  76  72  70  63  65  63  54  51  49  46  40  45  45  38  31  29
  33  36  32  31  31  28  25  27  31  37  40  42  45  48  48  49  57  65
  67  70  71  71  70  72  76  78  77  79  83  83  86  89  87  90  90  90
  93 106 117 129 135 137 136 136 137 138 137 136 137 139 138 137 136 134
 134 135 135 135 136 136 136 136 135 134 136 138 139 137 133 132 132 133
 135  29]"
"[ 29  28 175 173 178 177 175 178 178 181 177 174 175 173 167 162 156 155
 153 145 142 142 136 130 124 129 142 143 150 150 154 156 150 158 168 175
 181 186 191 192 191 182 178 180 179 179 180 177 176 176 176 174 177 179
 171 163 162 167 165 151 144 145 138 130 136 140 133 126 125 121 119 120
 116 115 114 109 111 110 109 104  97  95  93  92  93  93  92  92  94  92
  91  88  85  84  87  89  88  88  88  86  83  80  81  83  80  76  76  80
  76  76  75  75  71  70  75  79  74  67  63  59  56  52  50  50  47  41
  36  35  33  30  30  26  24  25  28  34  40  42  47  50  51  55  64  73
  73  72  69  68  71  76  79  80  79  81  84  85  88  90  90  93  92 101
 112 128 132 136 138 138 140 141 142 142 140 138 138 140 140 140 139 138
 138 138 137 137 138 139 140 139 137 137 137 138 139 137 135 135 136 136
 137  30]"
"[ 29  30 174 173 173 171 172 175 174 174 172 170 172 176 177 175 171 172
 173 167 162 162 163 167 156 151 148 146 151 154 143 136 139 142 142 147
 148 155 171 175 178 178 183 185 179 177 183 184 187 187 186 186 188 185
 179 180 181 182 182 174 174 180 174 166 158 158 158 151 147 144 140 141
 131 126 123 118 118 113 112 110 103 100  97  97  97  96  95  95  96  94
  93  90  87  88  89  89  88  89  89  87  84  82  82  83  83  80  76  77
  74  73  69  68  71  72  68  71  72  67  67  64  55  54  56  57  52  44
  41  44  38  34  32  29  27  27  29  34  38  40  44  47  49  53  60  67
  69  70  70  71  74  78  81  81  82  81  85  88  91  92  93 100 105 116
 128 141 137 135 137 138 142 143 142 140 138 137 137 137 140 140 139 137
 137 137 136 135 136 137 137 137 136 136 135 135 135 135 134 135 137 137
 136  28]"
"[ 29  30 176 178 176 177 169 173 175 174 173 171 170 172 173 171 172 170
 172 172 171 171 170 173 173 177 173 168 157 162 153 155 151 150 143 145
 137 133 144 141 135 138 146 154 155 162 173 173 176 188 189 190 194 192
 189 187 188 184 184 181 181 183 180 181 171 169 176 173 165 163 159 157
 149 145 147 146 145 134 129 126 120 115 110 108 105 100  97  96  92  91
  91  90  89  89  88  85  89  90  90  88  86  86  86  86  86  85  80  81
  79  77  69  68  72  77  67  64  64  60  62  59  58  57  57  56  54  51
  49  48  45  39  36  32  30  30  31  36  36  39  43  46  49  52  56  60
  59  65  72  76  78  81  83  84  86  83  87  92  95  94  97 109 126 130
 134 143 139 139 143 142 146 146 144 141 140 140 140 138 142 141 140 138
 137 137 136 135 136 137 137 137 137 137 137 136 136 135 135 137 139 139
 139  30]"
"[ 28  28 187 180 181 178 173 179 179 175 173 170 166 167 173 174 173 173
 173 171 168 170 172 171 173 172 170 167 168 174 179 180 176 172 165 164
 160 154 152 150 143 138 131 132 125 120 133 138 141 147 144 149 161 164
 167 173 171 175 181 185 188 190 192 193 196 192 194 192 184 184 185 179
 177 180 182 178 173 165 155 155 154 146 143 141 129 124 116 111 106 105
 104 101  95  92  95  99  95  94  93  90  85  85  87  87  88  88  82  84
  86  80  74  71  74  77  74  67  62  59  58  59  57  57  56  52  47  47
  47  44  43  39  38  36  33  35  37  34  30  34  40  43  47  51  57  60
  61  71  76  73  77  84  87  85  90  90  93  97  95  94 105 120 134 136
 142 147 148 148 148 145 150 148 146 145 145 145 146 146 145 143 141 139
 138 137 136 136 134 135 136 137 138 138 137 137 139 140 138 136 137 137
 138  29]"
"[ 31  30 190 189 193 194 188 188 186 181 180 180 178 177 174 168 177 175
 176 176 174 173 173 172 170 171 171 170 170 172 172 172 172 172 170 171
 170 168 171 172 172 167 160 160 152 142 145 143 144 144 137 134 135 133
 138 145 146 144 148 157 163 166 172 179 180 183 190 190 185 188 191 184
 182 186 193 189 183 181 176 170 163 163 164 158 145 145 137 130 122 115
 110 112 113 108  99  93  93  93  93  92  89  89  92  94  91  92  87  86
  87  81  78  77  77  77  75  70  66  62  60  58  55  56  54  48  46  48
  46  42  38  35  35  34  33  35  36  33  32  31  33  40  48  54  60  63
  73  78  80  80  82  84  87  90  89  91  98 107 110 113 124 136 138 141
 147 152 152 152 152 151 149 149 148 147 146 146 146 146 143 143 142 140
 138 137 138 139 136 136 136 137 137 138 138 138 140 140 138 136 137 138
 138  29]"
"[ 28  27 191 192 196 200 196 192 192 189 190 194 196 196 190 183 181 184
 184 179 176 179 177 169 166 168 169 167 167 167 167 166 169 168 163 164
 165 165 166 164 168 171 173 174 167 161 167 169 171 168 158 150 145 142
 143 141 140 134 133 142 148 147 144 143 144 146 155 163 169 180 187 183
 185 185 197 200 195 197 195 188 193 180 174 172 163 162 157 157 151 144
 137 133 128 120 114 113 112 104 100 101 101 100  97  93  96  98  94  93
  90  83  80  79  81  78  77  74  68  63  61  58  57  57  52  47  47  46
  43  40  36  34  34  33  31  31  31  29  32  30  32  41  51  57  63  68
  71  76  81  86  89  89  90  94  97  96 100 111 123 132 140 146 147 150
 155 158 156 155 155 154 152 152 152 150 148 146 145 145 144 144 145 143
 141 140 142 144 141 139 138 138 139 139 140 140 140 140 137 136 137 139
 139  29]"
"[ 29  29 196 195 193 197 198 195 192 192 193 195 195 194 192 190 190 195
 195 191 191 197 196 186 180 182 182 179 176 173 171 169 165 164 159 160
 164 167 168 163 166 169 170 174 174 171 173 171 170 171 168 166 166 171
 174 165 161 155 151 151 154 152 145 139 135 132 137 141 138 138 142 144
 145 146 160 172 175 181 189 195 185 186 186 182 171 172 170 171 165 155
 149 149 149 142 135 133 130 125 124 122 116 109 106 105 108 109 105 102
  95  86  84  82  84  79  81  80  71  66  66  62  59  57  53  50  50  46
  42  42  38  37  36  34  31  30  29  28  31  34  40  48  53  57  65  73
  72  76  78  81  87  92  98 103  99 100 107 120 136 147 153 156 155 157
 160 162 160 158 157 155 154 155 154 152 149 146 146 146 145 146 146 145
 144 143 145 147 145 143 141 141 141 140 140 140 139 139 137 137 139 140
 139  28]"
"[ 30  30 198 197 192 196 198 195 197 198 197 195 193 193 195 198 197 194
 194 196 196 196 196 194 190 193 196 196 193 188 184 181 184 185 180 176
 174 173 173 169 167 167 163 163 166 168 171 172 169 171 172 172 168 170
 173 167 168 167 163 160 160 162 165 166 160 153 152 155 154 151 147 142
 133 136 141 141 137 137 145 158 167 171 176 177 172 174 170 171 173 163
 156 158 159 153 146 143 140 137 137 139 135 129 125 123 121 118 113 109
 102  94  92  89  85  80  81  83  77  72  68  62  57  59  58  55  52  49
  44  41  39  40  39  36  34  33  32  33  32  39  47  51  54  58  66  73
  76  78  79  83  89  93  99 104 109 118 131 141 147 151 154 155 160 161
 163 165 164 163 161 159 154 154 153 151 149 147 147 148 146 146 146 145
 145 145 146 146 147 144 143 143 141 139 138 138 139 140 139 139 142 142
 141  29]"
"[ 28  28 196 198 196 198 199 195 198 198 195 194 196 197 199 202 202 199
 197 198 196 195 194 193 190 192 195 197 196 195 194 193 193 194 190 188
 187 187 187 183 181 181 176 171 168 166 167 171 168 166 168 176 174 169
 169 165 165 163 163 164 165 165 167 170 175 170 166 166 170 173 167 157
 150 154 154 146 143 141 139 143 139 132 131 138 142 146 141 143 156 153
 151 153 151 146 145 147 147 140 138 143 147 145 139 132 130 128 125 125
 119 111 107 101  96  90  89  91  89  84  74  63  60  66  68  60  53  52
  47  37  42  44  41  38  36  34  33  34  35  41  46  50  55  61  68  72
  75  75  80  89  95  94  97 105 115 126 141 151 156 159 163 166 167 166
 168 170 168 166 164 160 158 157 155 153 150 149 148 148 147 146 145 145
 145 146 146 146 146 145 144 144 142 139 137 138 141 142 142 142 145 145
 142  30]"
"[ 29  29 197 201 200 202 201 200 200 201 198 197 200 201 199 200 197 198
 199 196 194 197 197 193 196 195 194 194 194 194 195 197 196 197 193 194
 194 194 194 190 191 191 190 192 194 189 180 178 175 173 173 180 180 175
 171 165 171 169 166 167 168 168 165 162 163 168 170 167 165 168 169 167
 165 165 167 163 163 166 162 158 152 155 153 147 139 138 129 126 131 128
 129 135 140 140 139 138 142 140 141 143 142 141 140 137 136 135 135 138
 134 126 121 112 112 108 105 104 105 100  89  79  75  76  77  71  60  59
  57  47  53  53  48  43  42  38  34  34  38  40  46  52  58  63  68  71
  76  76  79  88  94  99 109 123 134 140 149 156 160 163 166 168 172 171
 173 173 170 167 164 160 163 161 158 156 154 151 149 146 148 147 146 146
 146 146 147 147 146 145 144 145 143 140 139 142 143 144 144 144 145 145
 142  30]"
"[ 30  30 197 200 199 200 200 203 197 199 198 198 201 201 198 200 198 197
 198 199 197 195 195 195 195 194 195 196 196 196 196 197 194 197 197 197
 195 192 194 194 191 193 195 195 195 191 187 192 193 196 193 190 188 187
 187 181 178 177 169 160 162 170 173 169 166 167 168 170 173 173 169 165
 168 164 168 167 161 165 171 172 165 165 166 166 162 159 150 152 149 141
 133 130 130 131 132 133 139 137 136 137 137 139 138 136 136 132 131 132
 128 123 121 115 114 114 111 108 109 106 100  95  91  82  82  81  71  68
  71  66  63  62  55  50  50  46  39  37  38  40  47  57  63  65  67  71
  73  79  86  92 100 110 123 136 145 152 161 167 167 167 169 172 171 172
 174 174 171 167 165 162 162 160 158 157 157 154 151 148 147 147 147 146
 146 146 147 147 146 144 144 145 143 141 142 145 144 145 144 144 145 144
 141  29]"
"[ 30  27 200 199 199 203 203 203 199 198 199 202 204 202 200 200 199 199
 199 199 199 199 199 199 196 196 195 195 195 196 196 197 195 195 196 196
 194 195 195 194 194 195 196 196 194 194 194 194 191 194 196 197 201 203
 198 191 190 189 193 189 178 181 187 180 179 175 174 175 174 174 171 164
 165 168 169 166 164 166 167 166 166 163 163 166 167 167 167 167 167 156
 153 155 148 142 141 139 138 137 130 123 124 127 124 120 119 122 128 131
 129 128 123 114 117 117 116 114 113 112 107 102  96  87  85  90  87  84
  87  83  72  68  63  59  56  53  48  44  41  39  46  56  62  65  66  72
  75  92 100 107 109 130 138 142 158 161 165 167 169 170 172 172 173 173
 173 173 173 172 168 164 160 160 159 156 154 154 153 152 148 147 145 144
 144 145 146 145 144 144 145 146 145 144 145 145 145 146 146 144 143 141
 139  30]"
"[ 30  28 203 204 205 210 210 210 206 205 204 205 204 203 202 202 202 202
 202 201 201 201 202 202 200 197 194 194 197 200 200 198 197 195 195 197
 196 196 197 195 194 195 195 196 195 195 195 195 188 192 195 195 197 200
 198 195 193 190 191 191 190 195 198 191 195 191 189 187 185 184 182 177
 171 172 172 171 171 172 170 166 162 161 161 162 164 166 165 162 162 155
 157 165 164 162 161 158 156 156 151 145 146 148 146 143 127 125 122 120
 122 126 122 113 111 114 115 115 115 114 111 111 108 105  98  96  93  89
  86  80  77  74  69  65  64  62  58  52  49  49  54  58  61  64  69  77
  92  99 107 122 130 143 148 153 161 164 167 169 170 172 173 174 175 174
 173 172 172 172 170 169 168 166 162 157 156 156 155 153 152 150 147 145
 145 147 148 148 146 145 146 146 145 145 147 147 147 146 143 141 141 140
 139  29]"
"[ 29  29 204 208 209 212 212 213 212 210 207 206 204 203 203 203 203 203
 203 203 203 203 202 202 206 202 198 197 199 200 199 196 201 197 197 199
 200 199 200 200 197 197 196 196 196 195 195 194 188 191 192 193 195 199
 199 197 197 193 192 193 196 201 201 197 195 193 193 194 193 195 196 195
 199 195 189 184 182 182 178 173 163 166 167 164 162 161 161 160 164 160
 162 163 158 155 156 155 153 153 153 153 155 157 156 155 151 151 146 139
 137 137 133 128 128 126 121 117 117 114 111 114 113 113 104 100 100  96
  90  87  89  83  74  68  66  65  62  58  59  55  54  54  59  65  74  85
 102 108 121 135 142 147 154 162 166 168 169 170 172 174 174 174 177 176
 175 174 173 173 173 172 173 170 165 160 159 158 156 154 153 151 149 147
 147 148 148 148 147 145 146 146 144 145 147 148 149 145 141 139 140 141
 141  29]"
"[ 29  29 205 208 208 211 210 210 212 210 208 206 204 203 203 203 203 203
 204 204 204 204 202 201 202 202 202 202 201 201 201 201 205 200 200 203
 203 202 202 203 201 199 197 197 197 197 196 195 193 193 192 192 196 200
 200 196 196 196 194 193 195 195 195 196 194 193 194 195 195 196 196 195
 198 196 192 190 192 195 195 193 195 197 195 188 178 171 168 167 159 158
 158 157 154 154 157 157 155 153 153 154 154 152 150 148 149 153 153 151
 151 150 149 152 162 154 142 136 136 130 124 125 122 117 109 108 105  98
  96  96  90  85  81  79  78  74  70  68  60  58  57  56  58  63  75  94
 106 117 133 140 146 149 159 166 170 171 171 172 173 174 175 174 178 178
 177 176 174 174 173 172 173 171 168 165 162 160 157 155 153 153 152 151
 151 150 149 147 149 146 146 146 145 145 147 148 149 146 143 142 142 144
 144  30]"
"[ 29  29 205 209 209 211 210 210 210 209 208 207 206 205 204 203 205 206
 207 208 209 207 205 203 203 204 204 203 201 201 203 205 208 204 203 205
 204 202 202 203 202 200 199 199 200 200 200 200 197 197 195 195 198 201
 200 197 195 196 196 195 195 194 195 198 200 198 196 196 196 194 192 192
 194 195 195 194 195 195 194 193 194 194 195 197 199 198 198 199 200 195
 189 185 181 175 167 159 159 153 152 155 154 153 153 151 159 155 148 147
 150 149 148 153 158 152 146 147 151 148 143 143 135 129 125 125 119 114
 117 113 103  97  95  95  92  85  83  86  74  64  59  66  79  86  91 104
 119 125 138 143 154 158 167 169 172 172 172 173 174 176 176 176 180 179
 177 175 174 174 173 171 171 171 170 168 165 161 159 157 156 155 154 153
 153 153 151 149 148 146 146 147 146 146 148 148 148 147 147 147 145 145
 145  30]"
"[ 29  28 205 210 211 213 212 212 210 211 211 210 209 209 207 205 207 208
 210 211 212 211 208 206 209 206 204 202 202 204 205 206 211 207 207 208
 206 204 203 203 204 203 202 202 202 202 202 202 198 200 200 200 199 200
 200 199 197 198 198 198 200 200 199 200 199 197 195 194 196 195 195 197
 195 196 196 196 195 195 195 195 196 195 195 196 195 193 192 194 195 193
 190 189 189 187 181 176 178 170 165 163 159 157 158 156 161 154 146 146
 149 148 148 151 151 147 145 146 145 142 141 142 139 136 136 137 131 132
 136 127 117 112 110 110 103  92  89  93  97  92  87  85  88  89  98 120
 132 133 140 147 158 160 166 168 172 172 173 174 176 178 179 179 180 179
 176 174 173 174 173 172 171 171 170 168 165 162 160 160 158 156 154 152
 151 152 152 151 148 146 146 147 146 147 149 149 150 150 153 152 147 147
 146  29]"
"[ 29  28 205 210 211 213 211 211 210 211 212 212 212 211 209 206 208 208
 210 211 212 211 209 207 207 205 203 203 205 208 209 210 210 208 208 209
 208 208 206 204 207 207 207 206 205 203 202 202 200 202 203 202 202 201
 201 200 201 201 201 201 202 203 202 200 198 198 196 195 197 195 194 199
 200 198 196 195 194 194 194 194 193 194 196 195 194 193 194 197 196 196
 194 192 191 189 187 188 188 181 179 178 173 174 177 177 172 169 167 166
 162 160 159 159 147 143 144 143 137 135 139 140 137 137 134 133 132 132
 132 124 123 124 127 129 122 112 107 108 106 102  95  90  95 102 114 135
 137 138 144 150 156 156 161 167 171 172 173 174 176 178 179 179 180 180
 178 176 175 175 175 174 172 171 170 169 167 163 162 162 159 158 154 152
 151 152 153 152 150 148 148 148 148 149 150 150 152 152 155 154 148 147
 146  29]"
"[ 30  28 206 210 211 211 208 208 209 210 211 211 211 212 210 207 207 207
 208 210 211 210 208 206 208 207 207 207 207 208 208 208 208 206 207 209
 210 210 209 205 206 207 209 208 207 205 203 203 204 203 202 203 204 204
 202 199 202 202 204 204 202 203 203 200 199 201 200 200 201 197 196 201
 197 195 195 196 198 198 197 195 195 196 195 193 193 195 194 193 195 195
 192 191 191 190 187 188 188 184 185 185 179 179 182 181 180 180 182 181
 175 174 173 168 169 163 164 160 147 141 141 136 139 137 129 131 135 132
 129 127 123 123 122 119 115 112 114 117 117 115 106  99 106 114 122 138
 137 140 146 151 155 159 164 167 171 172 173 174 176 177 178 178 180 181
 182 180 178 176 175 175 173 172 171 172 170 167 164 163 162 160 158 155
 155 156 155 154 155 152 151 151 150 151 152 151 152 152 155 153 146 147
 147  29]"
"[ 30  29 207 212 209 209 208 208 210 210 210 212 214 214 211 209 211 210
 211 211 210 207 206 207 207 209 211 212 210 208 208 209 210 209 208 208
 209 210 208 207 207 207 211 211 209 206 204 206 202 206 206 204 206 211
 210 204 201 202 204 204 204 203 202 202 203 203 202 202 201 199 201 204
 200 197 195 196 199 200 199 198 196 195 195 196 196 195 193 193 194 195
 196 195 194 193 191 190 188 186 185 184 183 182 182 182 179 180 179 178
 176 175 175 175 176 177 174 170 170 168 165 162 163 156 148 143 143 132
 128 131 123 121 121 116 112 113 112 115 112 112 109 107 110 118 129 136
 139 141 146 152 154 156 162 170 171 173 173 174 177 179 179 180 182 183
 183 180 176 174 174 175 174 174 173 171 169 168 165 164 162 162 159 157
 155 155 155 155 155 154 153 152 152 153 152 150 151 151 151 154 151 148
 147  29]"
"[ 30  29 207 211 209 209 209 209 209 209 210 211 214 214 213 211 210 210
 211 211 210 209 208 209 210 209 209 210 211 210 209 208 211 209 208 209
 210 210 209 207 207 206 207 207 206 206 204 205 207 207 206 204 205 206
 205 202 203 204 205 206 205 204 203 203 202 203 204 204 202 202 203 204
 201 199 199 200 201 201 201 201 198 196 194 195 196 196 194 192 195 196
 196 195 195 194 194 192 189 188 186 186 185 183 181 181 180 180 180 179
 178 178 178 177 178 179 176 175 176 175 170 166 172 171 168 161 160 152
 150 152 137 131 129 124 119 114 111 113 115 115 114 113 115 123 131 136
 140 142 146 151 153 156 162 168 169 172 173 174 176 177 178 180 181 182
 182 181 179 177 176 176 176 176 174 172 171 170 168 167 165 165 162 159
 156 155 154 153 153 153 153 153 153 153 153 153 152 151 151 153 151 150
 148  28]"
"[ 30  29 207 210 208 210 210 210 208 208 209 211 212 213 212 212 211 210
 211 211 211 209 209 210 212 210 209 209 210 210 209 208 210 209 208 208
 209 209 209 208 207 204 204 203 204 206 205 206 208 205 203 204 204 204
 203 203 204 205 206 206 206 205 204 203 203 205 207 207 206 206 207 207
 202 202 203 203 203 203 204 205 203 201 199 200 202 202 200 198 197 197
 197 195 195 195 195 194 190 189 188 188 188 187 185 183 179 179 179 180
 180 180 180 179 180 180 176 174 175 176 173 172 170 170 169 163 164 161
 158 154 152 143 139 137 132 124 119 122 127 127 127 127 129 135 140 142
 142 144 147 150 153 157 163 167 169 173 175 175 176 176 178 181 180 180
 180 180 180 179 177 175 176 176 175 173 171 171 170 170 168 168 166 163
 160 158 156 154 154 154 154 153 153 152 153 153 153 153 152 152 149 149
 148  29]"
"[ 30  29 206 211 209 211 210 210 209 209 210 210 211 211 211 211 211 211
 211 211 210 209 209 209 210 211 211 210 209 209 209 209 209 208 207 207
 208 209 208 207 207 204 204 204 206 209 208 209 208 205 204 205 206 205
 205 206 205 206 206 206 206 206 205 205 201 204 206 205 205 206 206 205
 203 203 204 204 204 204 205 206 204 201 200 202 204 204 203 201 201 201
 199 197 197 196 196 195 190 189 188 188 188 187 185 183 179 180 181 182
 181 181 181 181 180 180 176 172 172 172 173 174 170 170 169 164 167 165
 161 155 155 146 142 140 137 131 126 129 128 129 128 128 130 135 139 140
 143 146 148 150 153 159 165 169 172 176 177 177 177 177 178 180 180 180
 179 180 180 179 177 174 176 176 175 173 172 171 171 171 169 169 169 167
 165 164 161 159 159 157 156 154 153 152 152 152 152 155 155 153 147 147
 148  30]"
"[ 29  29 207 212 210 211 211 211 211 211 211 211 211 211 211 211 212 212
 211 211 210 210 209 208 210 211 211 210 210 210 210 209 209 208 207 207
 208 208 207 207 208 207 208 207 208 211 209 210 210 209 209 208 208 207
 207 206 207 207 207 207 207 207 207 207 203 205 206 205 204 205 206 205
 204 204 204 203 202 203 204 205 203 201 201 202 204 204 203 202 203 202
 201 200 200 199 199 197 197 196 193 191 190 189 187 184 182 184 186 185
 184 182 181 182 180 180 177 175 176 175 172 172 169 169 171 167 165 161
 160 157 155 148 143 139 136 133 129 130 130 130 129 129 131 136 141 144
 144 148 150 151 153 160 167 171 174 176 177 176 177 178 178 179 180 180
 180 179 179 177 176 175 176 177 176 174 173 173 173 172 170 170 170 170
 169 168 165 163 163 159 156 155 154 154 153 153 153 155 155 153 149 149
 150  30]"
"[ 29  29 208 213 211 212 211 211 210 211 211 211 211 210 211 211 212 212
 212 211 211 211 210 209 211 210 210 210 213 214 212 209 210 209 208 208
 208 208 208 207 207 207 210 209 209 211 208 208 209 210 210 209 208 208
 208 207 207 207 207 207 207 208 208 208 208 208 208 207 206 206 207 207
 205 205 204 202 202 203 204 204 204 203 203 204 204 203 203 204 201 201
 201 201 201 202 201 200 202 201 199 196 195 194 193 190 186 188 189 188
 185 183 183 183 184 180 176 175 179 179 174 172 175 171 172 170 169 164
 163 160 156 151 148 141 138 136 132 130 129 130 130 129 131 137 143 147
 147 150 153 153 155 160 167 172 174 175 174 174 177 178 178 178 179 180
 180 179 177 176 176 176 177 177 176 175 174 174 174 173 171 172 171 171
 170 169 166 163 162 157 153 153 155 155 155 155 155 153 152 153 152 153
 151  29]"
"[ 29  30 209 214 211 211 211 211 210 210 211 211 210 210 210 209 211 212
 212 211 211 212 211 209 210 210 210 210 212 214 212 209 210 209 209 208
 209 209 209 209 207 208 210 210 210 212 208 207 207 208 209 208 208 208
 208 208 207 206 207 207 208 209 208 208 208 207 206 205 205 204 205 206
 204 205 205 204 203 205 206 206 205 203 202 202 202 202 203 204 201 201
 201 201 202 204 203 202 201 201 199 196 195 195 194 192 190 190 189 188
 187 187 186 187 187 184 179 178 182 181 178 176 177 171 172 170 170 167
 165 159 155 152 150 145 141 138 132 130 132 134 135 134 135 140 147 150
 150 152 154 155 157 162 168 172 175 176 174 174 177 179 179 179 179 180
 180 179 177 176 175 176 177 176 174 174 174 175 174 173 172 172 172 171
 170 169 167 164 161 157 153 153 154 154 154 155 155 153 152 155 154 153
 150  29]"
"[ 29  30 210 214 211 211 211 211 211 211 211 211 211 210 209 209 210 211
 211 211 211 212 210 208 208 211 212 210 209 210 210 209 209 208 208 208
 209 209 210 210 209 209 211 211 212 214 211 209 209 209 209 209 208 207
 207 208 207 207 208 209 210 210 209 208 210 208 206 206 206 204 205 207
 203 205 206 205 205 207 209 210 207 205 202 202 203 204 205 206 204 203
 202 202 204 205 204 203 203 204 202 198 197 197 195 193 193 191 189 189
 190 191 191 191 187 188 188 187 187 183 180 179 177 175 178 174 171 168
 169 163 158 156 155 151 146 140 133 131 133 137 139 138 138 141 147 150
 153 154 155 157 160 164 170 174 177 178 176 175 178 180 180 180 181 181
 181 180 178 176 176 176 177 176 174 173 174 176 176 174 172 172 171 171
 171 170 168 166 163 159 156 156 155 153 153 155 154 154 155 158 153 150
 149  30]"
"[ 28  30 208 212 212 213 211 212 212 214 214 212 210 209 209 209 210 212
 213 213 211 209 208 207 210 211 211 210 210 211 211 210 210 211 211 210
 210 209 209 209 208 209 210 211 212 211 210 209 205 209 210 208 207 208
 209 209 207 207 207 207 207 207 208 210 210 209 208 208 209 209 207 204
 205 204 203 205 208 209 208 206 204 205 205 203 202 203 204 205 204 203
 202 202 204 206 206 205 204 202 200 200 201 199 197 196 195 192 190 192
 195 196 195 194 189 188 187 189 191 190 186 181 181 181 181 178 174 173
 170 166 162 159 157 156 151 145 140 137 139 141 137 138 139 140 147 151
 153 155 157 159 162 169 173 175 177 178 179 180 179 178 179 180 179 179
 180 181 180 179 178 179 177 176 175 174 174 176 176 174 173 172 171 169
 168 168 168 166 164 161 158 158 158 157 155 154 155 157 156 156 157 153
 152  30]"
"[ 30  30 207 210 210 212 210 210 207 209 210 210 210 209 210 210 208 210
 212 213 213 212 210 208 210 211 212 211 211 212 212 211 211 211 211 210
 210 210 210 211 210 210 211 211 211 211 211 211 210 211 211 209 208 210
 210 209 207 207 206 205 206 207 209 209 209 209 209 208 208 209 208 207
 206 205 204 204 206 207 206 204 204 206 207 206 204 202 202 203 203 203
 202 204 207 209 207 204 203 203 202 202 202 201 199 197 195 192 191 193
 195 196 195 194 193 191 189 189 190 191 188 184 185 184 184 181 177 176
 174 170 165 161 158 158 155 151 145 140 141 145 143 143 142 140 146 151
 153 157 160 161 164 169 173 175 175 177 179 181 179 176 174 173 179 179
 180 181 181 181 180 180 179 179 177 175 174 175 176 175 174 174 173 172
 171 170 169 168 166 164 161 160 159 158 157 157 156 156 154 154 157 154
 152  28]"
"[ 30  29 204 207 208 210 209 209 209 209 211 212 212 210 210 212 205 207
 209 211 213 213 211 210 209 210 211 211 210 211 211 210 211 210 210 209
 209 210 211 212 211 211 210 210 210 210 211 212 212 211 209 208 208 210
 209 208 209 208 206 205 206 209 210 209 208 209 208 207 206 206 207 208
 207 206 204 203 204 205 206 205 207 209 210 207 204 203 202 203 202 201
 201 204 207 209 207 204 202 204 204 203 202 201 199 197 195 193 192 193
 195 195 195 195 194 192 189 187 188 189 189 187 186 186 185 182 179 178
 177 174 169 164 161 160 159 156 151 145 142 146 146 146 143 141 147 153
 156 159 162 163 165 169 173 175 176 177 178 179 178 178 179 180 179 178
 179 181 182 182 182 182 180 180 178 175 173 174 174 174 174 174 174 175
 175 172 171 172 168 165 162 160 160 160 159 159 158 157 154 154 156 153
 153  28]"
"[ 30  29 204 208 208 210 209 209 211 210 210 211 210 206 205 207 204 205
 206 208 210 212 212 210 211 212 213 213 212 212 211 211 210 210 210 209
 209 209 211 212 210 210 210 209 209 210 211 211 211 209 207 207 208 209
 208 206 208 208 206 204 205 207 208 207 208 209 208 207 205 205 206 206
 207 206 205 204 205 206 208 208 210 210 209 205 203 203 204 205 203 202
 201 202 204 206 205 203 202 205 205 202 200 200 199 198 196 195 194 194
 194 195 196 196 195 193 190 187 187 188 189 189 187 185 185 183 180 179
 178 175 171 166 163 161 160 158 154 149 144 147 147 146 143 142 147 155
 160 162 163 164 165 170 174 177 178 177 176 175 175 176 179 182 180 178
 178 180 182 182 182 181 179 179 178 175 173 173 174 174 173 173 175 177
 176 172 170 171 168 166 163 161 162 162 161 159 158 158 156 155 154 152
 154  30]"
"[ 29  29 208 211 210 211 209 209 212 210 210 210 208 205 204 206 208 207
 206 206 208 211 212 211 211 211 212 212 211 210 209 209 210 210 210 209
 209 209 210 210 209 209 209 209 209 209 210 211 209 209 208 207 207 208
 207 207 208 208 208 207 207 209 210 209 209 208 208 207 207 207 206 206
 207 208 207 206 207 208 210 211 210 208 205 203 202 203 204 204 203 203
 203 203 204 204 204 203 203 205 205 202 200 201 202 201 199 198 196 194
 194 194 195 196 196 195 193 190 189 189 190 190 188 187 186 185 182 180
 178 175 170 167 164 161 158 156 156 153 151 151 150 147 145 145 149 157
 162 163 163 164 167 172 175 178 175 175 176 178 178 178 179 180 180 179
 179 180 181 181 180 180 179 180 178 175 174 174 174 173 173 173 175 177
 175 170 166 166 168 166 164 163 165 165 162 158 159 157 155 154 154 153
 155  29]"
"[ 29  30 208 212 210 210 208 208 211 210 210 211 211 210 210 212 213 211
 209 208 209 211 212 212 208 207 207 208 207 206 205 205 210 210 209 209
 208 208 209 210 207 208 208 207 207 207 208 209 209 209 209 208 207 206
 206 207 207 207 208 208 209 209 210 210 208 207 206 207 208 208 207 206
 208 209 209 208 208 209 210 210 208 207 204 203 204 205 204 204 203 204
 205 205 204 204 203 202 203 204 203 201 200 201 203 203 202 201 199 196
 194 194 195 195 196 195 194 191 189 189 188 188 190 188 187 186 183 180
 177 174 169 167 165 161 157 157 158 156 155 152 151 149 148 149 152 161
 161 161 163 166 169 172 174 175 174 175 177 180 181 181 180 181 180 180
 180 180 180 179 179 179 180 180 178 175 174 174 174 172 172 172 174 176
 175 172 169 168 168 167 165 165 166 166 163 158 161 156 154 154 156 157
 158  28]"
"[ 29  30 207 211 210 210 207 206 207 207 208 209 210 211 212 212 213 212
 211 210 210 211 211 210 209 207 207 208 208 207 207 207 209 209 208 207
 207 207 208 209 207 207 206 205 204 204 206 208 209 208 208 208 207 206
 207 208 205 203 203 205 206 205 205 206 208 206 206 208 208 208 207 206
 207 209 209 209 208 208 207 206 208 207 206 204 204 205 205 204 203 203
 204 204 204 204 204 203 204 203 202 201 201 202 202 203 203 202 200 197
 196 196 196 195 195 194 193 191 189 188 188 188 190 188 187 187 184 181
 179 175 172 169 166 163 160 160 160 157 154 152 152 151 151 151 151 160
 161 162 165 168 171 173 175 177 180 179 178 178 178 176 176 176 179 180
 181 181 180 179 178 179 180 179 177 174 175 176 175 173 172 173 174 176
 176 175 174 173 170 170 168 166 166 166 163 160 161 157 156 157 156 158
 159  28]"
"[ 29  29 205 210 210 210 208 207 207 209 209 209 210 211 211 210 211 211
 212 211 211 210 209 207 209 206 206 207 208 208 207 207 208 207 206 205
 205 206 208 209 209 208 206 204 202 203 206 208 209 208 207 207 207 207
 208 210 208 204 203 206 208 206 205 206 209 208 208 209 209 207 207 207
 206 208 209 209 208 207 205 204 208 208 206 204 203 204 204 204 204 203
 202 202 203 205 206 206 205 204 203 204 204 203 202 202 201 201 200 198
 197 198 197 196 195 195 194 191 190 190 191 191 190 187 187 188 186 184
 181 178 175 171 168 165 163 164 162 157 156 154 155 153 151 149 147 155
 165 166 168 171 173 175 178 181 180 180 180 181 181 179 178 178 179 180
 182 182 181 179 179 180 181 179 176 175 176 178 178 175 174 174 175 174
 175 176 175 173 173 174 172 168 166 166 165 163 159 158 160 159 155 154
 157  29]"
"[ 29  29 206 212 212 210 210 210 208 208 209 210 210 210 209 210 209 210
 209 209 209 210 209 208 209 208 208 209 208 207 208 210 208 208 207 205
 205 206 207 208 207 206 204 203 202 203 205 208 210 208 207 208 208 207
 207 208 204 205 207 207 205 202 204 207 208 211 210 207 207 209 208 208
 208 208 207 206 207 208 207 205 210 207 204 202 203 203 204 205 204 203
 204 204 203 203 206 209 209 207 204 203 203 203 202 202 202 202 202 202
 200 198 196 196 195 194 192 192 193 193 193 193 189 188 187 187 187 186
 183 181 178 174 169 166 165 165 162 159 159 157 158 155 152 151 149 152
 166 168 169 168 169 173 178 181 180 180 180 181 180 179 179 179 179 181
 185 186 185 182 181 181 181 179 176 175 176 177 178 177 176 175 176 176
 176 175 174 172 173 172 170 169 169 169 167 165 161 160 161 161 158 155
 157  30]"
"[ 29  29 203 208 207 208 210 212 210 209 208 209 208 207 206 205 208 208
 207 206 207 209 209 208 209 208 208 209 209 208 209 210 208 208 207 205
 204 205 205 205 204 203 203 203 203 205 208 210 208 206 204 205 205 204
 204 205 205 205 206 207 205 203 204 207 208 211 208 204 205 207 208 209
 208 208 207 207 207 208 208 207 208 206 203 202 203 203 203 204 205 204
 203 203 202 200 201 203 207 206 204 203 203 203 202 202 201 201 201 202
 200 198 196 195 196 195 193 192 192 192 192 190 189 188 187 187 188 187
 186 184 182 178 173 168 165 163 162 160 159 157 159 158 156 153 149 149
 167 168 168 169 172 176 179 179 180 180 181 181 180 179 179 180 181 183
 186 187 186 183 182 181 180 179 178 177 178 178 177 176 174 174 175 176
 177 176 174 172 174 173 172 170 169 168 166 164 164 162 163 164 161 159
 158  29]"
"[ 28  29 204 209 209 210 211 211 209 208 207 208 209 208 207 206 208 207
 206 206 207 209 209 209 207 206 206 208 208 208 208 209 208 208 207 206
 205 204 203 204 204 204 204 204 204 204 207 209 207 205 204 205 205 205
 205 206 205 204 204 205 204 203 204 206 206 208 206 202 203 205 206 206
 207 208 207 207 207 208 208 208 207 205 204 204 204 204 203 203 204 203
 203 203 203 202 202 203 206 204 203 203 203 203 203 202 196 196 197 200
 201 199 197 196 194 194 193 192 192 193 192 190 188 188 187 187 187 188
 188 187 183 181 176 169 165 163 163 163 160 158 160 159 158 156 151 151
 168 169 170 172 175 178 179 180 180 180 180 180 179 179 180 181 180 181
 182 184 183 182 181 181 181 181 180 179 179 179 178 176 175 174 175 176
 176 176 174 172 172 173 173 172 170 169 168 167 166 165 166 167 165 162
 160  29]"
"[ 29  30 206 209 209 211 211 210 208 207 207 208 209 209 209 209 208 207
 206 208 209 210 209 208 207 205 205 206 207 207 207 207 207 207 207 207
 205 204 203 203 205 204 203 203 202 202 204 206 207 206 206 207 207 206
 206 206 204 203 202 202 203 203 203 205 207 209 209 207 207 207 205 204
 206 206 206 206 205 206 207 207 207 205 205 205 205 204 204 204 202 203
 203 203 203 203 204 205 204 203 202 202 203 204 203 202 201 200 200 202
 202 201 198 197 193 194 193 192 192 193 192 189 188 188 187 187 187 187
 187 187 182 180 176 171 167 165 166 166 161 158 159 159 158 158 156 157
 167 171 175 176 176 177 180 182 180 180 180 180 179 179 180 182 182 181
 182 183 183 183 184 184 183 182 180 179 178 179 178 176 177 176 175 175
 176 175 174 173 171 172 172 171 170 170 168 167 166 166 167 168 166 163
 161  29]"
"[ 29  30 204 205 204 207 209 209 207 207 207 208 208 207 206 206 208 206
 206 207 208 209 209 209 209 207 206 206 206 207 207 206 205 205 206 206
 205 203 203 204 204 203 202 201 201 202 204 206 205 204 204 206 206 205
 204 204 204 203 201 201 202 202 203 204 204 206 206 205 205 203 200 198
 204 204 205 205 204 205 206 207 205 204 203 203 203 203 202 203 202 203
 203 202 201 200 201 202 203 203 202 203 203 204 203 203 203 201 201 201
 202 201 199 197 196 196 195 193 191 191 189 187 188 188 188 187 187 186
 186 186 181 180 176 172 170 169 168 168 162 160 161 159 158 158 158 162
 167 170 175 177 177 178 180 183 181 181 180 180 179 179 180 182 182 181
 182 184 185 185 184 184 184 183 181 179 178 178 177 176 177 177 176 176
 177 176 175 174 173 172 172 171 170 169 167 165 165 165 167 167 165 163
 161  29]"
"[ 29  29 204 207 206 206 207 207 207 207 208 208 207 205 204 204 206 204
 203 205 206 207 208 210 211 209 207 206 206 206 206 206 203 203 204 206
 204 202 202 203 206 204 202 201 201 202 204 206 203 202 203 205 205 204
 203 203 204 204 203 202 202 203 204 205 208 210 208 207 207 206 203 203
 203 203 204 204 205 205 206 207 204 203 203 203 202 202 202 202 202 204
 204 202 200 199 200 201 202 202 202 202 203 203 203 203 201 200 199 200
 201 201 201 200 197 197 195 194 192 191 189 189 188 188 189 188 188 187
 187 186 181 180 177 174 172 171 168 166 164 162 163 161 159 159 158 162
 166 168 172 176 179 180 181 182 183 182 181 181 180 179 179 180 180 180
 182 185 187 186 183 181 182 182 182 180 180 178 177 175 175 176 177 178
 178 177 175 174 174 173 172 171 172 172 170 168 165 166 167 166 164 163
 161  30]"
"[ 28  29 206 211 210 208 207 206 207 207 208 209 209 207 206 205 205 203
 204 205 206 205 207 210 210 209 207 206 206 206 205 204 203 203 204 205
 204 201 201 203 206 205 203 202 201 201 202 203 203 202 202 204 204 203
 203 203 205 205 205 204 203 203 204 205 206 207 205 204 205 204 203 203
 203 203 203 204 204 204 204 205 204 204 203 204 203 202 202 202 202 204
 205 203 202 202 202 202 202 202 202 202 202 202 203 204 206 204 203 203
 203 202 200 200 199 197 195 195 193 191 190 191 189 189 189 188 188 187
 187 186 181 179 177 174 173 171 168 165 164 162 163 162 160 160 159 162
 166 168 173 177 180 181 181 183 185 183 182 182 181 180 180 180 182 182
 183 186 189 188 184 182 183 182 182 180 179 178 177 175 175 176 178 178
 178 176 175 174 173 173 173 172 173 173 173 172 167 167 167 167 165 164
 162  30]"
"[ 30  30 204 210 209 207 208 208 209 208 209 210 211 209 207 205 204 204
 206 208 208 206 206 208 210 209 208 206 206 206 205 204 204 204 205 206
 204 201 200 202 203 202 200 200 200 200 201 202 203 201 201 202 203 202
 202 203 204 206 206 204 203 203 204 205 203 204 202 202 204 203 202 203
 204 203 203 204 204 202 202 203 204 204 204 204 204 202 202 202 202 203
 204 203 203 203 202 200 201 202 202 202 201 201 203 204 204 202 201 201
 202 201 200 200 202 198 196 196 194 189 188 190 190 190 189 188 188 187
 186 185 180 179 177 175 174 172 169 166 164 161 161 161 161 162 161 164
 166 170 177 181 180 179 181 184 184 183 182 182 182 182 181 181 181 180
 180 182 185 185 184 182 184 183 181 179 178 178 178 177 177 177 177 176
 175 175 175 176 174 174 174 172 172 172 172 171 170 168 168 167 167 166
 163  29]"
"[ 28  30 205 208 209 209 209 210 210 209 208 206 205 208 209 208 206 205
 206 208 209 209 208 209 207 207 206 204 203 202 203 203 205 206 206 206
 204 203 202 202 200 201 202 201 198 200 202 201 201 200 200 202 203 201
 202 204 203 203 203 203 203 203 203 202 204 202 201 202 203 203 203 203
 203 203 204 204 203 202 200 199 203 203 202 202 204 204 202 202 201 201
 202 204 204 203 201 201 202 202 202 201 201 201 202 203 202 202 203 201
 201 200 198 201 197 198 197 195 196 189 190 195 195 188 188 189 187 186
 185 187 183 180 179 177 172 168 166 165 162 159 159 161 163 163 162 162
 162 170 176 180 181 179 180 182 183 183 182 182 181 180 180 181 181 180
 180 181 182 181 181 181 184 183 181 180 179 180 179 178 179 177 176 177
 177 177 176 175 175 175 174 173 173 173 172 171 171 170 170 169 165 166
 167  28]"
"[ 29  30 204 207 207 207 208 209 209 208 208 207 206 207 208 206 206 207
 207 208 208 208 208 208 207 206 206 205 203 203 203 203 205 205 204 204
 204 204 203 203 201 201 202 201 199 200 202 202 202 200 200 202 203 202
 203 204 203 202 202 202 202 202 202 202 202 201 200 201 202 203 203 203
 202 202 203 203 203 202 201 200 204 204 202 201 203 203 202 202 200 200
 201 202 202 202 202 202 202 202 202 201 200 200 201 202 203 202 203 200
 200 200 197 199 197 199 201 189 177 169 175 185 196 191 189 184 184 188
 189 188 187 181 178 177 174 171 168 165 161 159 159 160 162 162 162 162
 165 170 174 177 179 179 180 182 182 181 181 180 180 179 180 182 181 181
 181 181 181 180 179 179 183 182 181 179 178 179 180 180 178 176 175 177
 178 178 176 175 177 177 177 175 174 173 172 171 172 171 171 170 167 168
 168  29]"
"[ 29  29 202 204 204 204 205 207 206 206 207 208 207 208 208 206 206 208
 208 206 206 207 207 206 205 205 205 204 203 203 203 203 205 204 203 203
 204 204 204 203 200 199 200 199 197 198 199 198 201 200 200 200 202 202
 203 202 203 202 202 201 202 202 203 203 201 200 199 200 201 202 202 202
 202 202 202 203 203 202 201 200 203 203 201 201 202 202 201 201 200 201
 201 200 201 203 204 203 201 202 202 201 199 199 199 200 202 201 202 200
 200 199 196 199 208 184 164 131 109 104 111 124 157 177 195 192 185 189
 188 183 186 181 177 177 175 173 170 166 161 161 160 160 161 162 163 162
 166 169 174 178 180 179 180 181 183 182 181 180 180 180 181 183 182 182
 182 181 180 179 179 179 182 182 181 179 178 179 179 180 178 176 176 177
 179 179 176 175 177 177 177 176 175 175 174 174 173 172 172 172 169 170
 169  29]"
"[ 29  29 201 203 203 204 204 206 204 204 206 207 206 206 206 205 205 207
 207 204 203 205 205 204 202 203 203 203 203 203 203 203 207 206 204 204
 203 203 203 203 203 202 202 201 198 198 198 197 199 200 201 200 201 202
 203 203 203 202 202 201 202 202 203 203 203 201 201 202 202 202 202 202
 203 202 202 203 203 202 201 199 201 202 201 202 203 202 199 199 200 202
 202 200 201 203 204 202 200 201 201 201 200 199 199 200 199 199 201 200
 200 199 197 200 185 145 127 109 101 101 100 109 124 148 179 189 187 187
 186 186 182 180 179 178 175 173 171 168 163 163 162 160 161 163 163 162
 164 167 176 182 183 182 180 180 186 185 184 182 181 181 182 182 182 182
 182 182 181 180 180 181 180 181 181 180 179 179 179 178 179 178 177 178
 179 178 176 175 176 177 176 176 176 176 176 174 173 172 172 173 171 172
 170  29]"
"[ 30  30 202 204 205 205 205 207 204 204 205 206 204 203 203 202 205 206
 206 203 201 203 203 202 202 202 203 203 203 202 202 203 206 206 205 203
 202 202 202 203 203 202 203 202 199 198 197 196 198 200 202 201 201 201
 203 203 201 201 201 201 201 202 202 203 203 203 203 203 204 203 203 203
 202 201 201 202 202 202 201 199 200 201 200 201 203 202 199 199 199 201
 202 200 200 202 201 199 199 200 201 202 201 201 200 199 196 197 201 201
 201 199 197 202 176 127 112 107 106 106 107 122 124 126 147 174 189 190
 187 189 182 180 180 179 176 173 170 166 163 163 162 160 161 163 163 162
 160 163 176 183 184 183 181 181 186 186 185 184 183 182 181 180 181 180
 181 181 181 180 181 182 181 182 182 180 179 179 179 179 180 179 178 178
 176 175 174 175 178 177 176 175 176 177 175 173 173 172 172 173 172 172
 170  29]"
"[ 29  29 202 204 205 205 205 206 204 203 205 207 205 204 204 204 207 207
 206 204 203 203 203 202 202 203 203 203 203 202 203 203 204 204 204 202
 201 201 202 203 201 200 201 201 199 197 197 196 197 199 201 201 200 199
 200 201 200 201 201 201 201 202 202 203 202 201 201 202 202 201 201 202
 200 199 200 201 201 202 201 200 200 200 199 199 201 201 200 201 200 202
 203 201 200 200 200 199 200 200 201 201 202 201 200 199 197 198 201 201
 201 199 197 201 172 124 112 110 107  99  98 114 126 124 136 157 177 188
 187 185 184 181 179 178 176 174 169 163 163 163 161 160 161 162 163 162
 159 159 174 181 182 184 182 184 184 185 186 185 185 185 183 181 180 180
 180 180 180 180 181 182 183 183 181 179 178 179 180 180 179 179 178 176
 174 172 173 174 177 176 175 175 176 178 177 175 173 173 173 174 172 172
 170  29]"
"[ 29  29 201 203 203 204 204 205 204 204 207 208 207 205 206 206 207 206
 205 204 204 204 203 203 203 203 203 203 202 202 202 203 203 203 202 202
 202 202 202 203 203 201 202 203 201 200 201 200 197 197 199 201 200 197
 196 197 200 201 201 201 201 201 202 203 201 200 200 199 199 199 199 200
 199 199 200 201 201 202 202 201 199 199 198 198 200 201 201 202 201 202
 203 201 199 198 199 200 200 199 199 199 201 201 200 199 200 199 201 201
 201 199 196 200 173 131 117 112 107  98  95 108 121 128 136 140 153 176
 187 186 184 181 179 177 175 174 171 166 165 163 161 161 162 161 161 161
 161 159 173 180 180 183 181 183 181 183 185 185 186 186 184 181 182 181
 180 180 180 180 180 181 182 182 181 180 179 180 180 180 179 178 177 175
 174 173 174 175 175 175 175 175 176 178 179 179 175 174 174 175 172 172
 170  29]"
"[ 29  29 200 202 203 203 204 204 207 206 208 210 207 204 204 203 204 202
 202 203 203 203 203 203 203 203 203 202 202 201 201 202 204 203 202 202
 203 203 203 202 204 201 201 202 201 200 201 201 198 197 198 200 200 196
 194 194 200 200 199 199 199 200 202 203 204 202 201 199 199 198 199 200
 200 201 201 202 202 202 202 202 197 198 198 199 201 202 201 201 202 202
 202 200 197 196 198 201 200 198 197 197 200 201 201 200 202 199 200 200
 201 199 196 199 169 136 123 116 111 101  97 105 115 122 131 135 147 168
 181 185 182 181 180 177 173 174 174 172 168 164 162 162 162 161 160 160
 163 159 173 180 180 183 180 181 178 180 183 184 185 186 184 181 184 183
 181 181 181 180 180 180 180 181 181 181 182 181 180 178 179 177 176 176
 175 175 175 176 175 176 176 175 175 176 178 179 177 176 176 176 173 172
 170  29]"
"[ 30  29 201 202 203 205 207 203 201 204 204 202 204 204 203 203 203 203
 203 203 203 202 202 202 203 203 202 200 198 199 202 205 203 202 201 200
 201 203 202 199 201 201 201 201 201 201 200 200 198 197 197 199 200 198
 197 196 198 200 201 201 201 201 202 201 199 200 200 200 200 200 200 199
 201 203 204 202 200 200 199 198 196 197 199 201 201 200 200 200 202 200
 200 201 200 197 196 199 200 197 196 198 201 201 201 202 201 201 200 199
 199 200 199 197 178 139 128 112 110 101  95 105 108 116 128 128 137 159
 172 187 184 182 181 179 176 175 175 173 169 166 163 162 162 161 160 159
 160 162 171 179 181 181 183 181 180 182 184 185 182 180 181 182 184 181
 180 183 185 184 182 181 183 182 180 180 180 180 179 179 180 179 177 176
 176 176 176 175 174 176 177 178 176 175 176 177 176 176 176 176 174 175
 172  28]"
"[ 30  29 201 203 202 203 205 203 199 202 202 202 203 204 204 205 203 203
 203 202 201 200 201 202 203 203 203 202 201 201 201 202 203 202 201 200
 201 202 201 199 200 200 199 199 198 198 198 198 197 195 196 198 199 198
 197 196 198 199 200 201 201 200 200 200 201 201 201 201 201 202 202 201
 200 201 202 201 200 200 199 199 196 196 198 200 201 201 200 200 198 197
 198 201 200 197 196 197 199 197 197 199 200 200 199 199 198 200 200 200
 199 199 198 196 195 156 137 123 114 103  99 104 110 114 124 128 134 144
 160 183 183 182 181 179 177 177 176 174 167 164 160 159 159 160 160 160
 163 164 171 178 179 180 182 181 182 183 185 185 182 180 180 182 183 181
 180 183 185 185 183 181 182 181 180 179 180 180 180 180 180 179 177 177
 178 179 178 177 177 178 179 179 177 174 173 173 176 177 177 176 174 174
 171  28]"
"[ 29  29 201 204 202 200 203 203 201 202 202 202 202 201 201 204 203 203
 203 201 199 198 201 203 203 203 202 202 202 202 201 200 202 201 200 201
 202 201 199 199 199 199 198 197 196 195 196 197 196 196 197 199 201 200
 197 196 194 195 197 200 201 200 201 202 200 200 200 200 200 201 201 201
 200 199 200 200 201 200 199 199 199 198 199 201 202 201 200 199 195 195
 196 199 198 196 195 196 198 199 200 200 200 199 198 196 196 198 199 199
 197 197 196 195 196 160 134 128 123 112 105  97 109 111 114 123 131 134
 148 171 177 179 179 177 176 176 175 173 171 167 162 160 159 159 160 160
 163 163 168 174 176 179 181 181 183 183 184 183 182 181 180 181 181 181
 181 182 185 186 184 181 181 180 179 179 179 180 180 181 180 179 177 178
 180 181 180 179 176 177 177 177 176 175 174 174 176 177 176 176 173 173
 171  29]"
"[ 29  29 200 204 202 199 202 202 203 203 201 201 201 199 198 201 202 202
 202 200 199 199 201 203 202 202 201 201 201 201 201 201 202 200 200 202
 202 200 199 199 198 198 198 197 196 195 196 197 197 197 198 201 202 201
 199 197 198 197 197 200 199 197 196 197 198 198 198 197 197 199 200 200
 199 198 198 200 201 200 199 200 202 201 201 201 200 198 197 196 196 195
 195 196 196 195 195 196 197 199 200 199 198 198 197 195 196 196 197 196
 196 195 195 195 196 177 143 129 117 106 107 102 106 110 110 117 125 126
 136 153 169 175 178 177 176 176 175 174 174 171 167 164 161 159 160 161
 160 160 164 170 175 179 181 181 182 182 182 181 181 181 181 180 179 181
 182 182 184 186 185 183 181 181 180 179 178 178 180 181 180 179 178 179
 180 181 180 179 176 175 174 174 175 176 178 178 176 175 175 175 173 174
 171  30]"
"[ 29  28 199 204 202 200 202 201 202 201 199 200 202 201 200 202 203 202
 201 200 200 200 201 202 201 201 200 199 199 199 199 200 201 200 200 202
 202 200 199 199 197 198 199 198 197 197 197 197 198 198 198 198 200 200
 200 199 200 199 198 200 199 196 194 195 198 198 197 197 197 198 199 199
 199 197 197 200 201 200 199 200 200 200 200 199 197 196 195 196 197 196
 195 196 196 195 194 195 196 198 199 197 196 196 196 195 196 196 196 196
 197 196 196 195 195 193 161 140 128 113 108 101 100 108 113 121 127 128
 138 151 163 174 180 179 178 178 176 176 172 171 169 166 162 159 160 162
 160 160 163 169 176 180 180 181 181 182 182 181 180 181 181 181 180 182
 184 183 182 183 184 183 182 182 181 180 179 179 180 181 179 180 180 179
 179 178 178 178 178 177 175 174 174 177 178 177 177 174 173 174 173 174
 171  29]"
"[ 29  28 199 202 201 200 202 200 202 202 200 200 202 202 202 203 204 203
 201 200 200 201 201 200 200 200 201 200 199 198 198 198 200 200 200 201
 200 199 198 198 196 197 198 198 197 197 197 197 198 198 197 196 196 198
 200 201 199 198 198 199 199 198 197 198 198 198 198 197 197 198 199 199
 199 198 198 199 200 200 200 199 196 197 198 198 197 196 197 199 196 196
 196 198 198 196 195 194 197 198 198 196 195 196 196 197 196 196 197 199
 200 198 196 194 194 193 163 136 129 120 114 106 101 102 110 123 130 133
 140 151 155 171 179 179 179 177 175 175 171 171 170 167 162 158 158 159
 162 162 163 169 177 179 178 179 182 184 184 182 181 181 181 181 182 184
 185 184 182 181 182 182 182 182 182 181 181 181 182 183 180 180 180 179
 177 176 177 178 178 178 177 176 176 177 176 174 177 174 172 173 172 172
 170  28]"
"[ 29  28 199 199 199 199 202 200 201 203 202 201 201 202 202 203 204 202
 201 200 200 200 200 200 201 201 201 201 200 200 199 198 199 200 201 199
 198 198 197 196 196 196 196 197 196 196 196 196 197 198 198 196 196 197
 198 199 199 199 198 197 197 197 196 196 198 198 198 197 197 198 198 198
 199 199 198 197 198 200 200 199 196 196 197 197 197 196 198 200 196 196
 197 198 198 197 196 195 197 197 197 198 197 196 197 198 195 195 197 199
 199 197 195 195 193 196 187 158 141 128 122 115 107 100 108 118 125 131
 133 139 149 166 175 176 177 177 174 174 173 171 169 166 162 159 157 158
 162 162 161 166 175 179 178 179 183 186 186 183 181 181 181 181 182 183
 184 184 183 181 181 182 181 181 181 181 182 182 183 184 181 181 180 179
 178 177 178 178 177 178 178 176 176 177 176 174 175 172 171 172 170 170
 169  29]"
"[ 29  29 199 198 196 198 202 200 197 201 202 200 200 201 202 204 202 201
 200 199 198 199 199 200 202 201 200 200 201 201 201 200 199 201 201 198
 197 196 196 195 196 196 196 195 195 196 196 195 195 198 200 198 197 196
 195 194 195 195 195 195 196 198 198 198 197 198 197 197 197 197 197 197
 200 200 198 196 196 199 200 199 197 197 196 196 196 195 196 197 198 198
 197 197 197 197 196 196 197 196 197 198 198 196 196 197 195 195 196 197
 197 195 194 196 195 192 192 162 142 128 123 115 106 100 112 118 122 133
 137 141 146 163 173 174 178 179 176 176 172 169 166 164 162 160 159 159
 162 161 159 164 175 179 179 181 183 186 187 184 181 180 181 181 181 181
 182 184 184 182 181 182 181 181 181 181 182 182 183 183 182 181 180 179
 179 179 179 179 179 180 178 175 175 176 176 174 172 171 171 171 169 168
 168  30]"
"[ 29  28 200 200 200 200 200 200 202 201 201 201 202 202 203 204 204 203
 202 201 201 201 201 200 200 198 197 200 202 202 202 202 202 200 200 201
 200 196 194 195 194 197 198 197 196 196 196 195 195 196 197 197 197 196
 196 195 195 195 195 195 197 200 200 198 197 197 196 195 195 196 196 196
 199 198 198 198 197 196 197 199 198 197 196 195 195 196 195 195 197 199
 199 198 197 196 197 197 196 195 195 195 196 196 196 196 195 195 194 195
 196 196 196 195 194 194 197 181 141 123 125 115 104 103 107 115 122 125
 131 138 145 157 170 179 177 176 175 176 172 169 169 168 164 162 162 162
 162 162 161 163 171 177 179 179 179 184 186 184 181 181 182 181 182 182
 182 181 181 180 181 181 181 182 182 182 183 184 183 183 182 180 179 179
 177 176 176 178 176 176 176 178 177 175 171 169 168 168 168 168 168 170
 169  31]"
"[ 29  29 201 201 202 201 201 201 201 201 201 202 202 203 204 204 203 203
 202 201 200 200 200 199 199 198 198 200 202 202 202 202 199 199 199 199
 199 196 195 196 194 197 198 197 196 196 196 196 196 197 196 196 195 195
 195 194 195 195 195 195 196 197 197 196 196 196 196 195 195 195 195 195
 196 196 197 197 196 196 196 197 198 198 197 196 196 196 196 195 196 197
 197 196 196 196 196 196 196 195 194 194 194 195 196 196 195 195 194 195
 196 196 196 196 195 195 195 189 152 128 127 117 104 100 101 108 116 121
 128 134 147 160 169 181 178 176 175 177 175 171 170 169 165 161 161 161
 162 161 160 162 168 175 179 179 179 183 184 183 181 182 182 181 184 184
 183 182 181 180 181 181 182 183 183 182 182 182 182 181 180 179 179 179
 179 178 177 178 175 174 174 175 175 172 168 165 166 167 167 167 167 168
 167  29]"
"[ 29  28 201 202 202 201 201 201 200 200 200 201 202 203 203 203 203 203
 203 201 199 199 199 200 200 200 200 200 202 203 202 200 196 197 198 198
 197 196 196 196 197 199 200 199 197 196 196 196 197 196 195 194 195 196
 196 195 196 196 196 196 195 195 195 196 195 196 196 196 196 195 195 194
 195 195 196 197 197 196 196 196 198 198 197 197 197 197 196 195 195 196
 195 195 195 196 196 196 198 196 194 194 195 196 196 196 195 195 195 195
 196 196 197 196 196 194 195 196 172 133 128 117 112 106 103 106 112 118
 123 127 134 148 156 178 177 176 175 176 174 171 170 169 166 163 163 162
 163 160 161 163 166 174 180 179 179 181 182 181 181 183 183 181 182 182
 182 181 181 182 183 184 181 182 182 182 182 183 183 183 179 179 179 179
 179 179 177 175 174 173 173 174 174 171 167 164 167 168 168 168 167 167
 166  28]"
"[ 29  28 201 202 202 202 201 201 201 200 200 201 202 203 202 202 202 203
 204 202 200 200 200 200 202 202 202 201 202 203 201 198 195 197 199 198
 197 197 197 196 198 199 200 199 197 197 197 198 198 198 196 195 195 196
 196 195 196 195 195 196 196 195 195 196 195 196 197 197 196 196 195 195
 196 196 196 197 197 197 196 196 196 197 197 197 196 196 195 194 196 196
 195 195 195 197 197 197 199 198 196 195 196 196 196 196 195 195 195 195
 196 196 196 196 197 193 198 198 194 146 132 124 112 107 103 105 110 115
 121 126 132 145 148 176 176 175 174 173 172 170 171 170 167 165 164 163
 163 160 161 163 164 172 181 180 179 180 181 181 181 182 183 182 180 180
 181 181 182 182 183 184 181 182 182 181 181 182 183 183 179 180 179 178
 178 178 176 173 172 171 171 172 172 170 168 166 167 169 169 169 168 168
 167  29]"
"[ 29  29 202 203 203 203 202 202 203 202 202 203 203 203 202 202 201 203
 204 202 201 200 199 199 201 201 201 200 201 202 200 196 197 199 201 200
 199 198 197 196 195 196 196 196 197 197 199 200 201 200 199 197 196 195
 194 193 195 194 194 195 196 195 195 196 196 197 197 196 195 195 195 195
 198 197 197 197 197 196 196 196 195 196 196 196 196 195 195 194 197 197
 196 195 196 197 197 196 197 196 195 195 195 196 196 195 195 195 195 195
 195 195 196 196 196 195 199 199 205 166 136 132 112 108 104 104 106 110
 118 125 136 145 145 172 175 178 177 176 174 172 173 173 169 166 164 161
 162 159 160 162 162 171 180 180 179 180 181 181 181 182 182 182 183 182
 182 182 182 181 181 181 183 183 183 181 180 180 180 180 180 180 179 178
 177 178 176 173 170 169 168 169 169 168 167 167 167 168 168 169 167 168
 167  29]"
"[ 29  29 201 202 203 202 202 202 203 203 203 203 202 202 202 201 202 203
 203 202 201 200 199 198 199 199 199 199 200 200 199 197 198 199 200 200
 199 198 197 196 197 196 195 196 196 196 197 199 199 200 200 199 197 196
 195 194 195 194 194 195 196 196 196 196 198 198 197 196 195 194 195 195
 198 197 197 197 196 195 195 196 195 196 196 196 196 196 195 195 197 197
 196 195 195 196 196 195 195 195 195 195 195 196 196 195 195 195 195 195
 196 196 196 195 196 198 196 198 200 180 140 132 116 110 105 103 102 103
 112 121 130 140 143 168 175 181 181 178 174 173 174 175 172 170 168 164
 162 160 161 162 163 171 178 179 179 180 181 181 181 181 182 182 183 183
 183 183 182 182 181 180 183 184 184 182 181 181 181 181 179 179 179 178
 178 177 176 174 168 167 167 167 167 166 167 167 167 168 167 168 167 167
 167  29]"
"[ 29  28 200 201 202 202 201 202 203 203 203 202 201 200 201 201 203 202
 201 201 201 202 201 199 199 198 197 199 200 200 199 198 199 198 198 199
 199 197 197 198 199 197 196 197 197 196 195 195 196 199 200 199 197 196
 196 196 195 196 196 195 195 196 196 195 197 197 197 196 194 194 195 196
 196 196 196 196 195 194 195 196 195 196 196 196 196 196 196 196 196 196
 196 195 195 195 195 195 195 195 196 196 195 195 195 196 195 195 195 195
 196 197 196 196 195 197 194 195 194 188 156 131 118 110 105 105 105 104
 110 119 129 139 146 163 171 180 180 177 174 173 175 175 174 173 171 168
 163 163 162 162 165 171 176 178 179 179 180 181 182 182 182 181 181 181
 181 181 182 182 182 181 181 183 183 183 182 182 183 183 179 178 179 179
 178 175 173 172 168 168 168 168 167 166 167 169 168 169 168 168 167 168
 168  29]"
"[ 29  29 200 201 202 202 202 203 203 203 203 202 201 200 201 202 203 202
 200 200 202 204 203 202 200 198 198 200 201 200 199 199 200 198 198 200
 200 198 198 200 197 195 195 196 197 196 195 195 196 200 202 200 196 194
 194 194 193 196 197 195 193 194 194 194 194 195 195 194 193 193 194 195
 195 195 195 196 195 194 194 196 195 195 196 196 195 195 196 197 195 196
 196 195 195 195 195 195 196 196 197 196 195 194 194 195 195 195 194 195
 197 197 197 196 195 193 197 194 197 194 178 137 130 120 114 115 115 111
 112 118 130 138 144 153 161 174 179 180 175 175 175 175 173 172 171 167
 163 164 162 161 165 170 174 177 179 178 179 180 182 183 182 180 180 180
 180 180 181 181 181 180 181 182 183 182 181 180 180 180 179 178 179 180
 177 172 168 167 168 168 169 169 168 167 169 171 170 170 168 168 168 169
 168  30]"
"[ 29  29 202 203 203 201 200 201 202 203 203 201 199 198 200 202 203 199
 197 197 199 202 202 199 200 200 200 201 201 200 199 199 199 199 199 198
 198 198 197 196 195 194 194 195 196 197 196 196 197 199 200 199 197 195
 194 193 193 192 192 192 192 192 193 195 197 196 196 196 194 193 193 194
 195 195 195 195 195 195 195 195 196 196 196 195 195 195 196 196 194 194
 195 195 195 195 195 195 195 196 196 196 196 196 196 197 195 196 196 196
 195 195 195 195 195 196 198 198 196 197 189 143 135 124 116 114 112 111
 114 116 130 143 144 150 161 173 183 178 175 175 174 173 173 173 171 167
 165 165 161 164 165 166 173 175 179 181 181 181 182 183 183 182 180 181
 180 178 176 177 180 182 182 183 182 181 181 180 180 181 182 181 180 179
 173 167 164 165 167 167 168 169 169 169 168 168 167 167 168 169 168 170
 170  29]"
"[ 29  29 203 205 205 203 201 201 201 202 202 201 199 199 200 201 201 199
 198 199 200 202 203 200 200 199 198 198 198 198 199 199 197 197 197 196
 196 196 197 197 196 195 194 194 195 195 195 195 194 196 197 197 196 195
 195 195 194 195 195 194 193 192 194 195 195 195 196 195 194 192 193 194
 195 195 195 195 194 194 194 194 195 195 194 194 194 194 193 191 194 194
 194 195 195 195 195 195 196 196 197 196 196 196 196 197 196 197 197 197
 196 196 195 195 194 195 196 197 197 198 191 148 135 128 121 116 113 112
 115 121 132 144 147 152 160 171 183 181 178 177 175 173 173 174 171 167
 165 164 160 160 159 162 174 179 180 181 182 182 182 183 183 182 180 181
 181 179 178 179 181 182 183 184 182 180 180 180 179 181 182 179 176 172
 168 165 165 167 167 167 168 168 168 168 168 168 163 166 169 170 168 168
 168  28]"
"[ 29  29 204 206 206 204 202 202 201 201 202 201 201 200 200 200 200 199
 200 200 200 202 203 201 200 198 197 197 199 199 200 200 197 198 197 195
 194 194 194 195 197 195 194 194 194 194 195 196 195 196 197 196 195 195
 195 195 195 195 196 196 194 193 193 195 194 195 195 195 193 192 193 194
 195 195 195 195 194 194 193 193 193 193 193 194 195 194 192 189 194 193
 193 194 195 195 195 195 196 196 196 195 195 195 195 196 197 197 197 198
 198 197 196 195 195 195 195 196 196 197 191 154 139 135 126 118 115 112
 114 121 127 138 145 151 156 166 180 180 180 179 176 174 174 174 171 168
 167 164 162 162 160 163 173 176 180 181 182 182 183 183 183 182 180 180
 180 179 180 181 181 181 182 182 180 179 180 180 179 181 177 175 173 172
 170 167 166 167 167 167 167 167 167 166 167 167 165 166 169 171 169 169
 169  29]"
"[ 28  29 203 205 205 204 202 203 202 202 202 202 202 202 201 200 200 200
 201 200 198 199 200 199 197 197 197 199 201 201 200 199 200 200 199 198
 197 196 196 195 196 196 195 195 194 194 195 196 196 197 197 196 195 194
 194 194 195 195 195 195 194 193 194 195 194 195 195 195 193 192 193 194
 195 195 195 195 195 194 193 192 193 192 193 194 195 194 193 192 195 193
 192 194 195 195 195 194 196 195 195 195 195 195 195 195 196 196 196 197
 198 198 197 196 196 195 194 194 195 196 192 165 141 138 127 119 117 113
 113 119 125 133 143 153 156 162 175 180 180 179 177 175 173 173 171 169
 170 165 164 165 163 166 172 173 179 180 181 182 182 183 183 183 180 179
 179 179 181 182 181 180 180 180 180 180 182 180 178 179 171 170 170 172
 172 170 168 166 168 168 167 167 165 165 166 166 169 168 168 170 170 172
 170  29]"
"[ 29  28 201 203 203 203 202 204 203 203 202 202 202 202 201 200 200 200
 201 199 196 196 198 198 197 197 198 200 201 200 198 197 201 201 200 200
 201 201 199 197 194 194 195 195 195 194 194 195 193 195 196 195 195 195
 196 196 196 194 193 194 194 194 194 194 194 194 195 195 193 192 192 193
 195 195 195 195 194 193 192 191 192 192 192 193 193 193 194 196 196 194
 193 195 196 196 195 195 195 195 195 196 196 196 196 196 195 195 195 196
 196 197 196 196 195 195 195 194 196 196 197 180 137 136 127 119 116 111
 111 118 125 129 138 150 154 157 168 179 180 180 179 177 173 171 170 169
 170 165 164 162 160 164 172 178 180 180 180 181 181 181 182 182 182 181
 180 180 181 182 180 178 179 180 181 182 182 177 173 173 170 168 167 167
 168 168 168 168 168 168 168 167 165 165 165 166 168 167 169 171 170 171
 169  29]"
"[ 30  29 201 202 203 202 203 204 203 202 201 201 201 201 201 200 201 201
 201 200 197 197 199 199 198 198 199 199 198 197 196 197 200 200 200 201
 201 200 197 195 192 193 194 195 194 193 193 193 193 195 196 195 195 195
 196 196 195 193 191 191 192 193 193 192 194 194 195 195 194 192 192 193
 194 194 194 194 193 192 191 191 191 191 191 191 191 190 193 196 196 193
 192 194 195 194 194 194 195 195 195 195 196 196 196 195 195 195 195 195
 195 195 195 195 196 195 195 194 195 194 196 188 139 136 129 120 111 104
 105 114 119 123 130 142 150 153 163 177 181 181 181 179 175 171 170 169
 168 168 169 163 158 160 168 180 181 181 181 181 181 180 180 180 182 181
 180 180 180 180 178 175 179 180 180 180 177 170 166 167 169 167 165 165
 165 166 167 167 167 167 167 166 165 164 165 166 165 167 172 174 170 168
 167  29]"
"[ 29  29 201 203 203 202 202 203 202 201 200 200 201 201 201 200 201 201
 201 200 197 198 200 199 199 200 200 199 197 195 196 197 197 199 200 200
 199 197 195 192 192 192 193 194 194 193 192 192 194 195 196 196 195 195
 195 194 193 191 189 189 191 191 192 192 194 194 195 195 195 194 194 194
 195 195 194 194 193 192 191 191 192 190 190 191 191 191 193 196 194 191
 191 193 195 194 194 195 195 195 194 195 195 195 195 194 195 195 195 195
 195 195 195 195 196 195 195 193 194 192 194 191 152 143 132 122 110 100
 100 107 113 121 128 137 148 154 162 176 181 182 182 181 179 175 172 171
 168 172 173 166 162 161 163 176 181 181 182 183 183 181 180 180 181 181
 180 179 179 179 178 176 178 178 177 175 171 164 162 165 166 166 166 165
 165 166 166 166 165 166 167 166 165 165 166 168 167 168 171 174 170 168
 167  29]"
"[ 28  28 201 203 203 202 201 202 201 200 200 200 201 201 201 201 200 199
 200 198 196 197 198 197 197 199 200 200 197 195 195 197 195 198 200 200
 199 197 196 195 193 193 193 194 194 193 192 192 192 194 195 195 194 194
 194 194 191 189 189 190 191 191 192 193 195 195 195 196 197 196 196 196
 196 196 195 195 194 193 192 192 192 190 190 192 193 193 194 196 194 191
 191 194 195 195 195 197 197 196 195 195 195 195 195 195 194 194 196 196
 196 195 195 195 195 193 193 192 195 192 194 193 166 149 134 124 112 103
 101 104 108 121 129 134 147 153 157 170 182 182 182 183 182 179 175 173
 170 172 171 164 165 164 163 175 180 180 182 184 184 182 181 181 180 180
 180 180 180 180 179 178 178 177 176 173 168 162 163 168 165 165 165 163
 163 165 167 168 166 167 168 168 167 167 169 170 171 168 167 170 170 169
 168  28]"
"[ 29  29 199 199 200 200 201 200 199 200 200 199 199 199 201 202 200 198
 197 198 198 197 195 194 196 200 202 198 195 194 195 194 197 201 201 198
 197 198 196 192 193 192 193 195 196 194 192 192 190 191 192 192 191 191
 192 193 194 192 192 193 193 192 193 193 194 193 193 196 197 196 195 195
 195 195 195 195 194 192 190 190 189 191 192 195 196 194 192 193 195 194
 192 192 193 195 196 196 195 195 196 197 198 197 196 196 195 195 194 195
 195 196 195 195 195 195 196 195 195 193 190 193 171 144 138 123 115 106
 105 105 109 116 127 128 139 152 159 165 171 178 182 181 177 182 179 179
 172 170 173 170 168 166 166 175 178 181 183 183 183 182 181 181 180 180
 181 180 178 180 181 179 175 173 171 169 167 165 164 165 165 164 163 164
 165 166 167 167 166 167 168 169 169 168 166 166 167 169 169 168 167 169
 168  29]"
"[ 29  29 199 200 199 198 200 199 201 201 200 199 198 197 197 197 200 198
 196 198 199 200 200 201 197 199 199 198 196 196 196 196 196 198 198 196
 195 196 195 193 192 191 192 194 195 194 193 193 192 192 193 193 193 193
 193 194 194 194 196 197 194 193 195 197 194 193 192 194 195 194 194 194
 195 195 196 196 194 192 190 189 191 193 193 195 197 195 194 195 195 194
 193 192 193 195 195 195 195 195 195 196 196 197 196 196 194 194 194 194
 195 195 195 194 195 195 195 194 194 193 190 193 173 144 135 122 116 108
 108 107 105 112 125 130 142 152 159 165 173 181 182 182 181 184 182 181
 175 173 174 171 168 164 161 167 178 181 183 183 184 183 182 182 180 180
 181 180 178 177 176 173 170 169 169 168 166 164 165 167 166 165 164 164
 166 168 168 167 168 168 168 168 168 167 167 167 169 171 171 170 168 168
 167  29]"
"[ 29  30 201 201 200 198 200 201 200 200 200 201 201 200 199 198 203 201
 200 200 200 200 200 200 197 197 196 197 197 197 197 197 197 197 196 195
 194 195 195 194 194 193 193 194 195 194 194 194 195 194 193 193 193 194
 194 194 193 193 195 196 193 192 195 196 194 193 193 194 194 193 193 193
 194 194 196 196 195 192 190 190 192 193 192 193 195 194 194 196 194 194
 193 193 194 195 195 195 195 195 194 194 195 195 196 196 194 194 194 195
 196 196 195 195 195 195 195 193 194 193 191 194 181 148 136 126 121 114
 114 111 111 110 115 122 140 151 160 166 171 183 181 182 183 185 184 183
 178 176 176 174 172 166 161 165 177 181 183 182 183 183 182 182 182 183
 185 183 177 173 172 170 166 167 167 167 165 164 166 168 167 165 164 165
 167 168 167 166 167 168 168 168 167 167 167 168 169 172 172 170 167 167
 167  29]"
"[ 29  30 201 202 201 200 201 202 203 203 202 202 202 200 198 196 199 199
 199 201 201 200 199 200 197 195 195 196 197 197 196 197 198 197 196 196
 195 195 195 195 197 196 196 196 196 195 195 194 196 195 194 193 193 194
 194 194 194 191 191 192 193 193 193 191 191 193 195 196 195 193 192 192
 193 193 194 195 194 192 191 190 192 192 191 190 192 192 192 194 194 193
 193 193 194 195 196 195 194 194 193 193 194 195 195 195 194 194 195 196
 196 196 196 195 195 195 196 194 194 194 192 195 185 152 139 131 123 115
 113 109 103 103 113 124 147 156 160 160 165 184 181 181 183 183 184 182
 180 179 178 177 175 170 165 166 176 181 182 182 183 183 182 182 180 182
 184 179 170 165 167 168 166 166 167 166 165 165 166 167 167 165 164 165
 166 167 166 165 166 167 168 168 167 166 166 166 167 170 170 168 165 166
 167  30]"
"[ 30  29 199 201 201 199 200 200 201 200 200 200 200 199 197 196 198 197
 198 200 199 198 197 197 196 195 195 196 196 195 195 196 197 196 195 196
 195 194 194 196 196 196 196 196 196 195 194 192 195 195 194 194 194 194
 194 195 195 193 192 193 194 195 193 190 189 192 195 195 193 192 192 193
 192 192 193 194 194 193 192 192 193 193 192 190 192 192 192 194 194 194
 193 193 193 195 196 196 195 194 194 194 195 195 195 195 193 194 195 196
 196 196 195 195 195 196 197 194 195 195 192 194 187 155 142 137 125 115
 113 107 108 107 109 110 129 140 157 163 160 184 183 182 182 183 184 182
 182 181 178 177 175 169 165 164 174 179 181 181 182 183 182 181 181 180
 178 173 165 162 165 167 166 166 166 166 165 165 165 165 165 165 165 165
 165 166 166 166 166 167 167 167 167 166 166 166 166 168 168 166 163 163
 165  30]"
"[ 31  29 199 201 201 198 198 197 197 196 195 196 197 198 198 197 199 198
 197 198 197 195 194 195 195 195 195 195 195 195 195 195 195 195 195 195
 195 194 195 196 195 196 196 196 196 195 194 192 192 193 194 194 194 194
 195 195 193 193 194 194 192 193 193 192 191 193 193 192 191 192 194 195
 193 193 193 194 195 195 194 193 193 194 193 191 193 193 193 194 195 195
 194 193 193 194 195 195 196 196 195 195 195 195 195 194 194 195 196 196
 196 195 195 195 197 198 199 196 196 196 193 194 189 156 141 139 126 116
 115 109 108 108 108 107 124 134 152 156 159 180 183 183 181 182 183 182
 182 182 178 178 176 170 167 166 172 178 181 180 182 183 182 181 181 175
 170 167 164 164 166 165 165 165 166 165 165 166 165 165 164 164 165 165
 166 166 167 168 169 168 167 166 165 166 167 167 167 168 167 165 162 162
 164  29]"
"[ 30  29 199 202 201 197 197 197 197 196 195 194 194 195 195 195 195 194
 194 196 196 195 195 196 193 194 195 195 196 197 196 195 195 195 196 195
 194 194 195 196 194 195 195 195 195 195 194 192 191 191 192 193 194 194
 193 192 189 191 194 193 191 192 194 193 193 193 191 190 191 193 194 194
 193 192 192 193 195 194 192 191 191 193 193 192 194 194 194 194 195 195
 195 194 194 194 195 195 195 195 195 195 195 195 195 194 195 196 196 196
 195 195 195 195 197 198 198 195 195 196 193 195 190 153 134 134 122 116
 117 111 107 107 111 114 135 140 157 160 161 173 179 183 181 182 180 182
 182 184 180 181 179 172 171 169 171 177 180 179 181 182 180 178 174 168
 164 163 163 163 163 162 164 165 166 166 165 165 166 165 164 165 166 167
 167 167 167 166 169 168 166 165 165 166 166 166 166 167 166 165 162 162
 163  28]"
"[ 29  29 201 202 201 196 197 198 194 193 193 193 194 195 196 196 195 195
 195 197 196 193 191 191 192 194 194 194 197 199 198 195 194 196 196 194
 192 192 194 195 194 195 195 194 194 195 193 191 190 190 191 192 193 193
 190 188 188 189 192 193 192 193 195 194 193 191 189 189 191 194 193 191
 191 189 189 191 193 192 189 187 189 192 192 192 194 195 194 194 194 194
 195 194 194 195 195 195 193 193 193 193 194 195 195 195 195 195 195 195
 194 194 194 195 195 195 196 193 193 195 193 194 195 155 132 132 122 119
 122 116 108 109 116 119 136 137 155 161 165 169 176 184 183 183 179 182
 182 186 183 183 180 173 171 168 170 177 179 178 179 180 177 175 169 166
 165 165 164 163 163 163 163 166 168 166 165 165 166 166 165 165 166 167
 168 168 166 164 168 166 165 165 165 165 165 164 164 165 165 165 163 163
 164  29]"
"[ 29  30 199 197 195 192 192 199 197 194 193 193 194 193 194 196 194 194
 193 194 197 196 193 191 192 192 193 193 195 196 196 195 196 195 192 190
 192 194 193 189 192 189 194 196 193 192 191 191 189 189 189 191 193 192
 190 189 190 191 191 192 191 191 193 194 192 191 190 191 192 192 191 190
 190 187 188 192 193 190 188 189 190 190 190 193 195 195 194 192 193 194
 194 194 194 194 194 194 191 191 192 193 194 195 196 194 194 196 194 194
 196 194 192 193 193 193 195 191 187 189 194 192 193 175 130 135 121 118
 116 116 110 111 117 123 131 138 146 159 163 164 178 178 183 182 178 180
 181 183 185 185 182 180 174 166 170 174 178 180 179 176 172 172 172 169
 166 165 164 165 165 162 163 165 166 165 167 167 165 165 166 165 165 166
 167 169 169 168 168 168 167 167 166 164 164 164 164 165 165 165 165 164
 165  30]"
"[ 28  29 193 192 195 192 192 196 193 195 196 195 189 186 189 194 188 193
 195 195 195 194 196 201 194 195 196 196 195 195 195 194 195 196 196 194
 191 189 188 187 192 189 192 194 194 194 192 191 193 192 192 191 190 188
 187 188 188 189 190 189 188 188 189 191 189 187 187 189 192 192 190 189
 188 187 189 193 194 191 188 188 191 189 188 190 191 191 190 190 189 190
 191 191 192 192 192 192 193 192 194 195 194 195 196 196 196 196 194 192
 191 190 191 194 193 190 190 190 190 191 189 195 196 179 139 137 130 119
 113 113 111 109 111 115 121 130 142 158 163 161 176 178 180 180 179 178
 182 183 185 186 184 183 178 171 166 172 177 178 176 171 167 167 167 164
 163 163 164 166 166 164 164 167 168 168 169 167 165 164 164 164 164 166
 168 168 167 166 166 166 166 167 166 165 165 166 165 166 165 166 165 163
 163  29]"
"[ 30  29 181 180 184 179 176 176 179 180 182 182 179 177 179 182 179 181
 181 181 182 183 183 185 186 189 190 189 186 185 186 187 185 186 187 186
 184 181 180 182 186 184 184 183 186 187 182 180 179 182 186 187 186 184
 183 185 183 185 187 187 185 184 185 187 186 184 184 187 190 191 189 187
 188 187 186 187 188 189 189 189 189 186 186 191 194 193 190 188 188 189
 190 191 192 193 193 193 195 193 193 194 193 193 194 194 196 194 194 193
 189 188 188 189 193 189 194 195 177 173 164 160 165 161 140 129 130 122
 119 118 112 108 107 109 115 124 137 155 161 157 172 177 176 179 181 179
 181 181 183 184 183 183 180 175 168 170 170 170 170 167 165 164 166 163
 163 165 165 166 165 163 163 163 164 165 166 167 167 166 165 165 165 166
 167 166 165 164 164 163 164 165 166 165 165 165 165 165 164 166 165 162
 162  29]"
"[ 29  29 173 173 178 173 170 169 173 171 170 173 175 175 175 174 175 174
 171 171 175 175 171 168 171 173 175 174 172 172 174 175 177 174 173 174
 174 174 174 175 177 178 176 173 177 179 172 171 164 168 172 174 172 169
 168 169 169 171 174 175 174 172 172 173 172 170 170 172 175 176 174 172
 174 174 173 172 173 176 177 177 178 178 180 183 183 180 180 181 177 177
 178 178 179 180 181 180 178 177 180 186 190 192 193 191 190 195 200 196
 185 182 187 189 189 190 183 164 123 109 102  95  97 109 122 127 130 121
 115 111 111 107 108 111 117 124 133 147 160 159 170 175 175 177 178 179
 180 180 182 183 181 181 181 179 173 170 164 163 168 168 165 163 163 161
 163 166 166 166 166 165 165 163 163 165 167 168 167 165 165 165 164 164
 165 165 165 165 162 162 162 164 164 164 164 164 164 164 163 166 166 162
 162  30]"
"[ 29  31 172 173 176 173 173 172 173 173 174 174 173 173 173 175 174 175
 174 173 174 173 171 172 172 173 174 173 173 174 176 177 177 173 170 171
 172 172 172 173 173 175 175 172 175 178 173 173 173 173 174 173 171 169
 170 171 170 170 171 172 172 172 171 172 172 171 171 173 174 173 171 170
 168 171 172 173 174 175 173 171 172 173 175 172 165 163 169 177 170 169
 168 168 168 169 169 169 168 168 170 173 172 171 169 166 171 167 165 164
 164 169 169 163 175 175 144 126 107 100  96  95  93  93 105 116 116 117
 118 115 108 106 110 115 121 126 130 140 157 162 167 169 172 172 170 174
 176 176 177 177 173 172 174 175 172 168 163 163 168 169 164 161 163 163
 165 166 164 164 165 166 165 161 163 167 169 169 167 163 163 163 163 163
 164 165 165 166 163 162 163 164 164 163 163 163 163 163 162 166 165 162
 162  30]"
"[ 29  31 174 174 173 172 173 173 173 174 175 173 171 170 171 173 174 176
 174 173 172 172 173 176 173 173 172 172 173 174 174 174 175 175 175 175
 174 173 173 174 173 174 176 173 174 176 173 173 173 173 173 173 172 172
 172 173 173 171 170 170 170 170 171 172 174 174 174 174 173 172 171 171
 169 170 172 172 173 173 172 170 173 173 173 170 167 166 170 175 173 172
 171 170 170 171 171 169 167 169 171 171 171 174 176 174 171 171 171 171
 169 169 169 167 173 151 113 104  97  94  97  98  99  96 102 112 113 126
 124 105 106 107 111 115 121 126 130 138 148 160 161 163 167 168 164 169
 168 168 169 168 164 162 164 166 167 166 162 160 163 163 162 163 165 165
 165 165 164 166 169 169 168 163 163 166 166 167 168 164 164 164 165 165
 166 165 164 163 163 163 163 163 163 162 162 163 163 163 162 165 164 162
 162  29]"
"[ 28  29 175 175 173 175 176 177 175 175 173 172 172 173 173 172 176 176
 173 172 173 173 173 175 175 175 174 174 175 175 175 174 173 175 177 176
 174 174 174 175 174 172 174 171 170 172 171 171 173 173 173 173 172 170
 169 169 173 172 171 171 171 171 172 173 172 172 172 172 172 171 170 171
 173 172 172 171 171 172 172 173 172 172 170 170 171 173 173 171 172 172
 171 171 171 172 171 169 169 171 171 169 169 170 164 155 155 152 153 162
 170 168 165 165 161 120  97  89  73  74  88  94  96 100 106 115 123 141
 143 121 105 107 111 112 116 124 130 139 143 155 158 161 162 166 164 165
 166 164 165 166 163 161 163 166 166 165 161 158 159 161 162 164 161 162
 163 164 165 169 170 167 168 162 164 166 163 164 166 165 165 166 166 166
 165 163 162 161 162 163 163 163 162 161 163 165 162 163 162 163 163 162
 162  28]"
"[ 29  27 175 175 171 175 175 175 176 175 174 173 173 173 172 171 174 175
 174 173 174 174 173 175 174 174 175 175 175 176 175 174 176 177 177 175
 174 175 175 174 175 171 173 171 169 172 173 173 175 174 172 172 171 171
 172 174 171 172 174 175 174 173 173 174 174 173 173 174 174 174 173 174
 173 173 173 174 174 172 172 172 170 173 172 169 168 170 171 171 171 172
 172 173 174 175 173 172 171 171 171 168 164 154 130 105  96  93 100 123
 144 151 155 164 138  91  79  82  83  90  92  94  99 101 104 116 124 133
 145 141 102 107 111 109 112 121 129 139 145 156 160 164 161 166 166 162
 163 161 162 165 163 162 165 167 166 165 162 161 164 164 162 162 162 163
 164 163 162 163 159 151 146 145 154 162 161 161 165 164 163 163 163 162
 162 162 162 162 163 163 164 163 162 162 164 167 161 163 162 162 162 162
 162  28]"
"[ 29  31 175 174 172 175 177 176 176 175 174 173 173 173 173 174 176 177
 174 173 174 175 174 173 175 178 178 175 173 175 176 175 174 175 176 176
 175 173 172 173 172 168 167 169 171 172 173 174 174 174 174 174 173 173
 174 175 172 173 175 174 172 171 172 173 173 173 173 173 172 174 176 175
 174 173 173 174 174 172 171 172 172 172 172 171 171 171 171 170 174 173
 172 173 175 176 174 172 171 170 175 169 149 132 107  97  93  89  92 100
 120 139 145 151 120  83  79  86  88  90  88  92  95 104 108 112 120 130
 150 151 118 104 110 112 110 115 130 133 145 156 161 171 168 169 168 163
 164 163 162 161 161 162 163 164 166 162 162 164 162 162 164 163 161 165
 160 163 162 143 125 110 106 114 129 146 152 162 162 160 162 162 162 162
 162 162 161 160 162 161 160 160 161 162 163 163 164 162 161 160 162 162
 160  29]"
"[ 28  30 174 173 172 173 174 174 176 175 174 174 174 174 174 173 172 171
 169 170 173 174 174 175 177 179 179 175 172 173 175 175 175 176 176 176
 175 173 172 173 172 171 171 173 174 173 172 172 174 174 174 174 174 174
 175 175 171 173 175 175 174 173 173 174 173 173 174 174 173 174 175 174
 173 172 173 173 173 172 172 172 174 173 171 171 172 173 174 173 174 174
 173 173 173 173 173 172 171 169 167 154 129 117 105  98  97  94  95  99
 115 135 143 148 108  73  81  87  87  87  85  89  93 100 108 117 123 132
 158 166 135 111 112 112 114 119 130 130 137 145 148 160 164 167 168 166
 165 164 163 162 161 162 163 163 162 161 162 163 162 163 165 165 164 161
 169 165 132 104  97  97 102 111 125 142 150 159 161 162 162 162 162 162
 162 163 162 162 160 160 159 159 160 161 162 162 162 162 161 160 160 160
 159  29]"
"[ 29  30 175 175 173 174 174 173 175 174 174 175 175 175 175 174 173 171
 170 173 176 174 173 175 177 179 180 176 173 173 174 175 175 175 175 175
 174 173 172 173 173 173 175 176 175 172 171 171 174 174 175 175 174 174
 174 174 169 171 174 175 174 173 173 173 173 173 174 174 173 174 174 172
 171 172 173 172 172 172 172 172 174 173 171 171 173 175 175 173 174 174
 174 173 171 171 171 172 173 168 158 143 119 111 107  97  95  96  99 101
 114 132 141 144 111  67  81  83  83  83  86  90  99 106 114 119 126 138
 160 162 140 110 112 110 110 114 126 130 132 138 138 153 165 166 164 164
 166 165 163 162 161 161 162 162 159 162 162 161 162 163 164 166 167 161
 161 131  90  80  88  97 105 116 129 144 152 156 157 160 161 161 161 161
 161 162 161 160 159 159 160 160 160 160 161 162 161 161 160 158 157 156
 156  29]"
"[ 29  30 175 175 174 175 175 174 173 173 174 174 174 174 174 174 176 175
 174 176 178 175 172 173 174 177 179 177 175 175 175 174 173 173 173 174
 174 174 174 174 175 175 175 175 174 172 172 173 175 174 174 174 174 173
 172 171 169 171 173 174 174 173 173 172 173 172 173 173 172 173 173 170
 171 173 174 172 172 173 173 173 173 173 173 173 174 175 173 171 173 174
 174 173 171 170 171 172 171 168 149 137 122 112 108  99  95  98 102 104
 112 128 141 147 127  66  78  79  84  87  91  95 103 104 110 115 124 140
 161 163 146 113 115 113 108 106 117 129 131 134 131 147 165 164 160 161
 164 164 163 162 161 161 161 161 159 162 162 161 162 161 162 165 162 160
 138  95  73  78  83  90 104 119 134 148 158 162 161 163 160 160 161 161
 161 161 159 157 159 160 161 161 160 160 161 162 160 160 159 157 156 155
 156  29]"
"[ 29  29 173 174 174 175 175 174 173 173 174 173 172 172 172 173 174 175
 174 173 175 175 173 173 174 176 177 177 176 176 175 174 174 173 173 174
 175 175 175 176 177 176 175 174 174 174 175 176 174 174 174 174 174 173
 171 170 171 172 173 174 174 173 173 173 174 173 173 173 171 172 173 171
 172 174 175 173 172 173 174 173 172 174 175 174 174 173 173 171 174 174
 174 174 173 172 171 171 166 165 142 132 123 110 105 106 103 103 105 106
 110 123 142 152 138  66  78  85  93  95  96  98 100  99 112 129 140 145
 161 168 161 123 114 114 108 100 103 114 124 127 123 139 162 162 160 163
 162 162 162 162 161 161 161 160 160 162 161 161 163 161 161 165 165 148
 113  89  86  85  86  97 109 126 141 150 159 161 159 158 161 161 161 161
 161 161 160 158 158 159 161 161 160 160 160 161 160 159 158 157 156 155
 156  29]"
"[ 29  28 172 173 173 175 175 174 175 176 176 175 173 172 172 173 174 175
 173 171 172 174 174 175 175 175 175 175 175 175 175 175 175 174 175 175
 175 174 174 175 174 174 174 174 174 175 175 175 174 174 173 174 174 174
 172 170 171 172 173 173 173 172 173 174 174 174 174 173 171 172 174 173
 173 174 174 173 172 172 172 172 173 174 175 173 173 173 174 174 175 175
 175 175 174 173 171 170 165 160 137 133 129 114 105 106 105 105 107 110
 112 123 143 153 143  69  80  89  95  94  95  98  99 101 117 136 152 155
 161 164 167 131 109 111 103  95  92 102 112 119 121 137 162 163 162 161
 161 161 161 162 161 161 161 161 160 160 160 161 164 164 163 162 156 120
  88  85  89  88  92 101 106 122 140 150 160 164 164 162 161 160 159 159
 160 161 161 160 157 158 159 159 158 157 158 159 157 156 155 155 155 154
 155  28]"
"[ 30  28 172 173 174 175 175 174 175 175 176 176 175 175 174 173 175 176
 175 174 174 173 172 174 174 175 175 174 174 174 175 175 174 174 175 175
 174 172 172 173 172 173 173 173 173 174 174 174 175 174 173 173 174 174
 173 171 171 172 174 173 172 171 172 173 174 174 175 174 171 172 174 174
 174 173 173 173 172 170 170 171 174 174 174 173 173 174 174 174 174 175
 175 175 174 173 171 170 166 155 137 137 133 121 109 104 102 105 108 112
 114 125 143 148 143  72  79  86  89  88  91  95  99 104 113 123 144 155
 161 163 166 139 107 106  95  89  87  97 101 111 118 134 157 160 161 159
 161 160 160 160 160 160 160 161 159 160 160 160 163 167 163 155 132  97
  83  86  89  93  95 100 113 123 142 154 162 161 160 156 158 158 158 159
 160 161 159 157 155 156 156 156 155 155 155 156 154 153 153 153 153 152
 153  28]"
"[ 30  28 171 173 174 174 174 173 173 172 173 174 176 176 174 173 172 173
 175 177 176 172 170 173 172 173 175 176 174 174 174 175 174 174 175 175
 173 171 171 172 173 174 173 172 172 173 174 175 175 174 173 173 174 174
 172 170 172 174 175 174 172 171 171 172 173 173 175 174 171 172 174 174
 176 174 173 173 173 171 170 171 173 173 173 173 174 174 173 172 172 173
 174 174 173 172 171 171 165 152 139 139 128 119 112 106 104 106 107 109
 111 124 142 143 138  71  76  83  85  86  90  92  99 107 118 127 144 149
 152 158 166 145 103  99  86  83  79  87  94 105 112 124 146 153 161 160
 160 159 159 158 158 159 160 160 159 160 161 159 162 168 162 147 104  81
  81  80  81  91  95 108 114 121 142 158 165 160 158 153 154 156 158 161
 162 161 157 153 154 155 155 154 154 154 154 154 152 152 153 154 153 152
 154  29]"
"[ 29  29 172 173 174 175 172 172 173 172 171 173 176 177 175 172 174 175
 174 174 174 173 171 173 173 173 174 175 174 173 173 173 175 175 175 174
 172 171 171 171 175 175 174 173 172 173 174 174 175 174 173 173 173 171
 169 168 172 172 172 171 171 171 172 172 173 174 175 176 175 174 174 174
 175 175 174 172 172 173 173 171 173 173 172 173 175 175 172 172 170 176
 171 173 170 171 171 171 160 145 144 134 125 121 117 107 105 105 108 112
 115 131 139 143 140  69  79  81  86  89  88  92 102 115 125 128 139 152
 155 158 167 135 104  98  88  80  78  80  84  92 103 116 142 160 155 156
 160 160 161 161 161 159 159 160 165 163 161 159 155 163 161 119  80  80
  79  81  85  88  94 102 115 124 140 161 161 158 155 155 154 156 158 160
 159 157 154 152 155 155 154 154 154 154 153 152 148 151 152 153 153 154
 151  29]"
"[ 29  30 173 173 174 174 172 172 172 172 173 173 174 174 173 172 173 173
 172 171 172 171 171 173 172 173 174 174 173 172 172 173 172 172 172 172
 172 173 174 174 176 175 173 171 171 172 174 175 173 173 173 174 173 172
 171 170 170 171 172 171 171 172 173 173 174 175 175 175 174 174 175 176
 175 176 175 174 173 173 173 173 174 173 171 171 172 172 170 171 173 171
 169 170 157 160 168 167 152 135 126 120 115 114 114 109 105 106 108 111
 118 135 140 140 137  71  75  79  86  89  91  94 107 115 122 124 137 152
 158 162 165 130 103  95  86  78  81  82  85  87  93 109 133 158 155 157
 158 159 159 160 160 159 159 160 160 160 157 157 156 158 147 102  77  79
  81  83  85  89  96 105 117 128 146 165 162 158 154 152 154 155 156 156
 156 156 155 155 154 154 154 154 154 154 154 153 151 151 150 152 152 152
 149  29]"
"[ 28  30 174 174 173 173 172 173 174 174 174 174 174 174 174 173 174 174
 173 172 173 173 172 174 173 173 174 174 173 172 172 174 174 173 172 172
 173 173 174 174 175 175 173 172 172 173 175 175 174 174 175 175 174 172
 171 171 170 172 173 173 173 173 174 174 175 175 174 173 173 174 175 176
 176 176 176 175 173 172 173 175 175 173 171 172 172 172 171 172 171 171
 162 154 140 131 126 124 118 111 102 105 110 115 114 109 106 109 108 111
 121 140 142 141 135  75  70  77  85  88  91  94 106 114 123 130 142 156
 159 161 162 122 100  94  91  83  82  75  86  90  95 105 121 153 159 160
 159 159 160 159 158 157 157 159 160 162 157 157 155 151 124  84  78  80
  80  82  86  91  97 105 116 130 151 167 163 159 156 155 154 154 155 155
 155 155 156 157 153 154 154 154 154 154 155 155 153 151 149 151 150 149
 147  29]"
"[ 29  30 174 174 174 173 172 173 176 174 172 173 175 177 175 173 172 173
 172 173 174 173 171 172 174 174 174 173 172 172 173 175 176 175 173 173
 173 173 172 172 171 172 172 172 173 174 174 174 175 175 176 176 174 172
 171 171 171 173 174 174 173 173 173 173 175 174 173 172 173 174 175 176
 173 173 174 175 174 172 172 174 174 172 172 173 172 172 171 170 167 155
 130 112 103  98  96  99 101 102  85  84  93 107 110 104 103 107 107 110
 123 141 145 148 137  83  68  76  86  87  90  91 104 111 122 130 141 153
 158 161 152 117 105 101  88  80  82  79  87  96 103 103 114 148 162 160
 159 159 159 158 157 156 157 158 154 158 155 156 151 146 106  81  81  80
  78  79  85  92  98 103 122 136 158 168 161 157 154 153 152 153 155 155
 155 155 156 156 154 154 155 154 153 153 153 154 151 151 148 148 147 147
 146  29]"
"[ 29  29 172 173 174 174 172 172 175 173 171 171 173 175 175 174 172 173
 172 173 175 174 172 173 173 173 173 172 172 172 173 175 175 174 173 173
 173 173 172 171 170 171 171 172 172 173 173 173 172 172 173 174 174 172
 172 172 171 173 174 173 172 171 171 170 174 173 173 172 172 173 174 175
 171 170 171 173 174 172 172 173 174 172 172 172 170 169 168 163 156 136
 123 113 104 102 104  99 102 106  87  80  87 101 106 104  98 103 105 112
 123 138 143 151 140  92  69  79  89  89  91  90 100 109 125 136 144 153
 157 161 146 113 103 101  83  79  81  82  86  94 103 100 115 142 159 157
 156 156 156 157 157 157 158 159 156 157 156 158 150 142  91  81  80  80
  79  81  87  93  99 105 124 137 161 168 161 156 153 153 151 152 154 155
 154 154 155 155 154 154 154 152 150 149 149 150 149 151 150 147 145 146
 146  28]"
"[ 29  29 171 172 173 174 172 171 171 172 173 172 171 172 174 176 174 173
 172 172 174 174 173 175 172 171 171 171 171 172 174 175 176 175 175 174
 174 173 172 172 173 173 172 172 172 173 173 173 171 171 172 172 172 171
 170 170 171 172 173 173 173 173 172 171 173 172 171 171 171 171 172 173
 171 171 171 173 174 174 174 173 174 172 172 170 168 169 167 157 145 130
 122 111 104  99  98  99  98 103  92  87  94 101 103 106 100 104 109 115
 121 132 137 145 143  98  71  82  89  92  94  93  95 105 126 140 147 153
 155 157 146 110  97  98  83  80  75  71  79  87  97  99 117 131 151 161
 157 156 156 157 158 158 158 159 156 154 151 155 146 124  73  71  76  80
  84  86  89  92 101 112 121 133 158 165 161 156 153 153 152 153 154 153
 153 153 154 156 154 154 153 151 149 147 147 147 150 153 152 149 146 148
 148  29]"
"[ 29  29 171 171 173 173 170 170 170 173 175 174 172 171 173 174 172 172
 170 170 172 171 170 171 172 171 170 171 171 172 173 174 176 176 175 174
 173 172 172 171 174 174 174 173 172 173 173 173 173 172 171 172 171 170
 169 170 172 172 173 174 174 175 174 173 172 172 171 170 169 170 171 172
 173 173 172 172 173 174 174 172 172 172 172 170 167 168 162 147 132 126
 121 109 105  95  91  98 100 103  95  83  88  93  96 103 103 106 110 115
 117 129 134 139 143 100  72  82  85  90  94  95  95 100 117 131 140 148
 154 157 138 108 101  97  79  70  66  66  73  83  90  97 115 122 141 163
 158 156 156 157 158 158 157 156 156 155 153 159 150 108  73  76  77  81
  86  90  90  92 103 117 126 133 157 161 158 153 149 149 153 154 153 152
 150 150 151 153 153 153 152 150 148 147 147 148 151 152 150 149 147 148
 148  30]"
"[ 29  29 171 171 172 172 169 169 171 173 174 174 173 172 172 171 175 175
 174 174 175 173 171 170 174 172 171 171 172 172 173 173 173 173 173 172
 171 171 172 172 172 173 174 173 173 173 172 171 172 171 171 171 172 172
 172 172 172 172 173 173 175 176 175 174 174 174 173 171 170 170 172 173
 173 173 172 170 170 172 172 170 170 171 172 169 164 164 153 133 131 120
 123 115 106  99 100 103 105 108 103  83  85  92  96 100 102 103 107 110
 113 129 137 140 143 100  72  80  79  86  92  95  96  99 116 132 143 151
 155 157 138 105  97  89  78  68  65  65  71  82  82  90 111 120 133 157
 155 153 153 155 157 157 156 155 153 156 154 157 146  87  68  74  81  83
  86  89  90  92 103 119 130 133 155 158 157 153 151 153 152 153 153 151
 148 146 146 147 150 150 150 149 148 147 148 148 149 148 145 147 147 147
 147  29]"
"[ 28  29 172 171 170 170 170 171 173 173 173 173 173 173 173 172 173 172
 172 173 174 173 172 172 171 172 173 172 171 171 171 172 173 172 173 173
 173 172 172 173 173 172 173 174 173 173 173 171 172 171 171 172 173 173
 171 170 172 173 173 175 175 175 175 174 174 173 173 172 172 173 174 175
 173 172 171 170 170 170 171 171 171 171 169 165 160 154 146 139 132 126
 120 116 111 104 103 108 114 111 107  85  79  90  99 101 105 106 107 107
 114 131 142 140 140  98  72  79  80  85  91  94  95 104 119 131 149 144
 150 151 130  94  92  88  75  68  64  65  67  81  79  90 109 116 132 151
 152 152 151 154 155 154 155 154 155 153 154 155 137  90  76  77  80  82
  84  89  92  89  98 119 127 140 149 161 157 147 150 152 152 152 152 152
 150 146 145 147 148 147 147 146 146 147 149 151 149 147 146 148 148 148
 147  28]"
"[ 29  30 172 172 171 171 172 174 175 175 174 173 174 173 172 171 172 172
 172 173 173 173 173 174 171 172 172 171 170 170 171 171 172 171 171 172
 172 172 172 173 173 172 173 173 172 173 174 172 170 171 172 173 173 173
 173 173 171 171 171 172 173 173 173 173 173 173 172 172 172 173 174 175
 173 173 173 172 171 171 171 172 171 169 165 160 157 154 148 141 136 130
 121 116 112 106 105 109 112 117 119  96  80  89 101 103 102 103 106 109
 115 127 137 139 140  99  74  81  81  84  89  93  95 104 113 123 140 141
 144 139 118  97  89  74  67  66  65  65  65  73  81  94 111 114 120 143
 154 154 152 154 155 153 155 153 155 152 151 152 126  89  81  80  80  82
  88  92  92  94 106 120 131 140 151 161 161 151 150 149 149 149 149 150
 149 146 145 147 146 146 145 145 145 147 149 150 150 148 147 148 146 146
 147  29]"
"[ 29  30 172 171 171 172 172 174 173 172 172 172 173 173 172 170 171 171
 172 171 170 170 170 172 172 172 172 171 171 171 172 172 173 172 172 173
 174 174 173 173 173 172 172 171 171 173 174 173 172 173 174 174 172 171
 172 173 171 171 171 172 173 173 172 172 170 171 172 173 173 173 173 173
 172 173 173 172 171 170 170 171 170 168 163 157 155 155 150 143 137 130
 120 114 111 107 105 107 113 123 129 107  79  83  95  97  99 102 106 112
 119 124 130 136 137  95  69  78  83  87  89  91  99 109 115 122 132 140
 145 144 115 100  82  62  62  64  65  64  68  67  80  92 106 110 111 140
 152 155 153 153 154 154 155 154 153 152 149 151 110  83  81  76  77  79
  87  90  89  97 113 123 135 142 160 165 167 156 151 149 148 147 147 149
 148 147 146 147 146 145 144 144 145 147 149 150 151 149 146 147 144 145
 146  29]"
"[ 29  29 171 171 172 173 172 172 170 170 171 171 172 172 171 171 170 170
 171 171 170 169 169 170 172 172 172 171 171 172 173 172 173 173 174 175
 176 175 175 175 174 172 172 171 170 172 173 172 173 174 175 174 172 171
 172 173 171 171 172 173 174 173 172 170 167 169 172 174 174 173 172 172
 172 172 172 172 171 170 169 168 168 168 164 157 154 154 150 144 139 133
 124 118 115 110 107 109 116 125 132 118  87  83  94  96  98 102 106 113
 121 123 124 130 131  90  64  74  81  85  87  91  98 108 114 121 127 137
 142 143 115  92  70  58  64  64  65  64  67  65  77  85  98 105 109 135
 148 155 153 153 154 153 153 151 153 152 150 152  95  72  72  66  69  74
  82  87  89  97 111 121 132 142 167 168 168 157 150 150 148 147 147 147
 148 147 146 146 146 145 144 145 146 148 148 148 148 146 144 145 143 145
 147  29]"
"[ 30  29 171 172 174 174 171 170 171 172 173 173 172 171 171 171 170 170
 171 173 173 172 171 170 171 171 171 171 171 172 172 172 172 173 175 176
 176 175 175 176 175 173 173 172 170 171 172 171 173 173 174 174 173 173
 173 174 171 172 172 173 173 173 172 171 168 170 173 174 174 173 172 172
 172 171 171 171 171 171 169 168 167 168 165 158 152 151 148 145 141 137
 129 121 116 112 110 111 121 128 136 130 101  82  89  93  97 100 101 107
 117 121 122 125 125  90  67  73  75  77  81  89  95 103 108 117 126 143
 140 132 101  73  60  60  66  65  66  64  60  65  75  82  92 100 108 124
 141 153 154 153 153 151 149 148 153 154 153 148  84  65  65  61  59  67
  74  82  89  92  98 110 126 138 166 165 165 156 148 149 147 146 145 145
 146 146 145 145 146 145 145 145 146 147 146 146 145 143 141 143 144 147
 148  28]"
"[ 29  29 171 172 173 173 170 168 171 172 173 173 172 172 172 172 172 172
 172 173 174 172 170 169 170 171 171 171 172 172 173 173 172 173 174 175
 176 176 176 177 174 174 174 173 170 171 172 171 173 173 173 173 173 173
 172 172 173 173 172 172 173 174 175 175 173 173 173 173 173 173 173 173
 171 169 168 169 170 171 169 167 167 167 163 156 150 148 146 145 144 141
 132 122 115 112 111 113 123 131 139 140 117  81  81  88  95  94  93  98
 109 117 120 121 120  88  64  68  71  74  78  85  94 102 107 112 124 148
 147 135  85  62  61  65  65  65  65  60  58  67  74  80  87  96 108 116
 129 147 152 151 152 150 149 149 150 151 151 134  76  64  65  65  65  71
  74  80  90  91  96 109 125 137 161 162 163 158 149 147 146 145 144 144
 145 145 145 145 146 145 145 145 146 145 144 143 143 142 141 143 145 149
 149  28]"
"[ 29  29 171 171 171 171 169 169 170 171 171 172 173 173 172 171 173 173
 172 172 171 169 168 168 169 171 172 172 172 173 173 173 175 174 173 174
 175 176 176 176 173 173 175 173 170 171 173 173 174 174 174 174 173 173
 172 171 174 174 173 173 174 175 175 175 173 172 171 171 172 173 173 173
 171 169 167 167 168 169 168 167 167 164 158 154 150 148 146 145 146 143
 134 123 117 115 114 116 119 128 136 143 134  87  82  91  93  88  87  95
 105 114 117 116 116  83  58  62  70  77  78  83  88  95 106 110 120 142
 148 144  82  64  68  66  63  62  59  56  58  64  71  77  82  90 102 110
 118 140 149 149 150 150 151 153 155 157 155 125  82  80  80  83  81  81
  82  88  96 102 110 120 128 140 159 162 162 160 152 148 146 146 145 145
 145 146 146 146 146 145 144 144 144 144 143 143 144 144 143 145 146 150
 150  29]"
"[ 29  30 172 171 170 170 170 172 173 172 171 172 173 172 170 168 171 171
 170 170 169 168 169 171 167 170 172 172 172 172 173 173 178 174 171 172
 174 175 175 174 172 173 175 173 170 171 174 175 173 174 175 176 175 175
 175 175 173 174 174 175 175 174 173 171 171 170 170 171 172 173 172 171
 173 171 169 168 168 168 167 167 166 161 155 153 153 150 146 144 142 139
 131 122 117 115 113 114 116 124 128 137 138  88  79  87  92  84  86  96
 106 112 115 113 113  83  58  62  70  77  79  84  83  88 104 115 122 134
 141 145  87  68  69  63  60  58  52  54  53  55  67  75  78  85  93 102
 115 139 148 147 148 148 151 154 146 150 146 108  77  82  81  82  83  81
  87  95 101 109 118 121 128 143 159 163 160 159 153 150 147 147 146 145
 145 146 146 146 147 146 145 144 144 144 144 143 146 146 146 147 147 150
 150  29]"
"[ 30  29 173 173 173 173 173 173 171 171 171 171 171 171 169 168 171 171
 172 171 169 172 173 170 170 171 172 171 172 172 173 173 173 174 174 173
 172 173 172 171 171 170 171 171 170 171 174 174 173 173 174 175 175 174
 174 174 173 173 173 174 174 173 171 169 169 169 170 171 172 171 171 171
 172 170 170 169 168 167 164 162 164 159 152 151 151 147 143 144 141 137
 130 128 123 117 117 112 115 119 121 133 135 107  72  81  87  79  78  88
 104 115 115 109 112  93  58  61  74  78  84  85  87  90 107 113 126 134
 146 145  88  64  66  59  57  51  45  48  47  53  63  69  74  81  89 101
 112 128 144 144 147 152 149 151 148 150 136  95  78  82  86  85  83  85
  89  99 103 105 118 125 136 145 159 163 162 159 153 151 148 148 148 148
 147 147 147 147 146 146 146 147 146 146 146 147 147 148 149 150 149 147
 150  27]"
"[ 28  29 175 176 173 172 171 170 173 172 172 173 173 172 171 170 171 172
 173 173 172 175 176 174 173 172 171 170 171 173 173 173 173 172 172 172
 172 171 171 172 173 172 172 172 171 172 173 172 173 173 173 174 174 174
 174 175 174 173 173 173 173 172 171 169 171 171 170 171 171 172 171 171
 171 172 172 171 171 170 165 161 162 154 148 147 146 143 140 138 141 138
 131 129 125 118 116 113 110 111 115 130 134 122  79  74  77  76  77  84
  97 112 116 112 111  95  56  61  75  79  82  81  86  86  97 105 120 134
 147 149  98  58  57  53  52  49  44  46  53  52  58  66  73  77  82  94
 108 120 137 145 148 148 144 147 148 153 135  83  80  83  81  84  85  85
  88  98 103 106 117 122 138 147 160 162 161 159 155 153 152 151 150 150
 150 150 149 149 146 147 148 150 151 151 152 154 153 154 155 157 158 156
 158  31]"
"[ 29  32 178 178 175 173 172 172 173 173 173 174 173 173 172 171 171 172
 173 173 173 175 176 174 171 170 170 171 173 174 173 171 174 171 171 172
 172 170 170 172 173 171 172 173 173 173 174 172 173 173 174 174 174 173
 173 175 175 174 174 173 173 173 172 171 171 170 169 170 171 173 173 172
 167 170 171 171 172 172 168 163 158 151 144 135 124 122 130 136 137 140
 136 134 130 120 111 106 104 107 115 131 130 134  87  63  71  76  78  80
  89 104 111 109 113  98  52  56  70  77  81  81  84  85  95 107 119 132
 141 142 107  52  52  54  53  54  52  55  59  59  64  68  71  73  77  90
  98 113 137 149 147 145 146 151 151 155 135  73  75  80  80  84  87  89
  93 102 108 113 125 131 143 151 161 160 158 158 157 158 154 153 151 150
 150 150 150 149 147 148 150 152 153 153 153 154 153 154 154 155 158 159
 158  29]"
"[ 29  30 175 174 171 171 172 173 173 174 174 174 174 173 172 172 171 171
 172 173 172 173 174 172 170 169 169 171 174 176 175 172 173 172 172 173
 173 172 172 173 173 172 173 174 174 174 174 172 175 174 174 174 173 172
 173 174 175 174 174 174 174 174 173 172 170 170 170 171 172 172 173 172
 170 172 171 170 170 168 167 164 156 149 145 139 127 122 124 123 129 139
 140 135 130 119 107 102  99 104 110 124 123 135 100  59  66  74  78  80
  88 102 109 109 111 101  50  52  65  75  80  82  82  84  93 107 117 130
 143 148 114  49  53  58  55  57  56  58  60  64  68  66  65  68  72  80
  94 108 132 149 154 156 154 149 149 153 132  76  69  74  82  82  88  92
  98 104 107 114 128 138 144 154 163 160 156 157 156 157 155 153 151 150
 150 150 149 148 150 150 151 152 153 152 152 152 155 155 153 153 156 159
 159  28]"
"[ 29  29 173 173 171 172 173 173 174 174 174 174 174 173 173 173 172 171
 173 173 172 172 173 171 173 172 171 171 174 176 176 174 172 174 174 173
 174 176 176 174 174 174 176 176 174 174 174 173 175 175 174 174 173 173
 173 174 174 174 173 173 173 173 172 172 172 173 173 173 172 170 170 170
 172 172 169 172 171 167 169 169 155 148 144 138 127 123 123 121 123 136
 139 131 125 117 107 104 102 104 104 115 121 136 123  72  68  75  79  84
  94 103 107 108 106 101  56  54  63  74  78  80  79  81  89 106 117 129
 146 152 121  54  59  66  63  68  67  65  64  66  68  64  64  66  65  68
  83  97 124 149 159 159 155 149 152 158 129  89  80  83  90  88  93  96
 104 108 109 116 127 136 143 155 166 162 156 155 152 151 154 153 152 151
 151 151 149 148 151 151 151 153 153 153 154 154 156 156 154 153 156 159
 160  30]"
"[ 30  30 174 175 174 175 174 173 173 174 174 174 173 173 172 172 173 172
 173 174 173 173 173 172 173 174 174 175 176 176 173 170 173 175 176 173
 172 175 174 171 173 173 174 175 173 174 175 175 174 173 173 173 174 174
 174 175 175 175 174 174 173 173 172 172 171 172 173 173 171 170 170 170
 172 171 168 174 173 166 168 167 149 147 147 143 132 127 126 124 119 130
 137 132 125 118 107 103 103 106 106 114 121 129 134  87  70  76  80  86
  97 103 104 105 104 103  65  55  60  73  78  79  77  78  86 104 117 127
 144 149 123  56  57  66  67  73  72  68  68  68  70  69  67  63  60  63
  63  79 111 146 158 153 153 155 153 153 107  84  84  85  86  91  95  98
 108 114 119 128 136 141 149 160 168 160 152 152 151 151 153 152 152 152
 152 152 151 150 152 151 150 151 152 153 153 154 152 154 153 153 156 159
 159  29]"
"[ 28  28 172 174 173 173 173 172 173 173 174 174 173 172 172 172 173 172
 173 173 172 172 173 173 171 174 176 178 178 176 172 169 174 176 175 173
 172 173 173 171 173 172 173 173 173 174 176 176 174 173 172 173 174 175
 175 175 176 176 175 174 173 173 173 174 171 171 171 171 171 171 173 174
 175 174 169 174 173 164 163 159 151 143 133 126 124 123 123 122 116 121
 131 133 128 120 106 102 100 104 108 114 118 123 137 104  65  72  76  83
  96 104 105 106 103 103  74  57  60  75  81  80  81  81  88 101 112 118
 143 152 131  68  64  71  72  72  71  67  68  70  73  72  70  64  58  60
  59  67  90 132 158 157 153 152 155 138  89  78  83  84  84  94  94  97
 109 116 124 137 143 148 159 167 170 159 149 151 152 153 152 152 151 151
 151 151 150 150 150 149 148 149 150 150 151 152 153 153 154 155 158 160
 160  29]"
"[ 29  29 173 174 173 174 174 174 174 174 175 174 174 173 173 174 174 172
 173 173 172 172 173 172 174 175 175 175 175 175 176 175 174 174 174 174
 175 176 176 177 177 175 174 174 173 174 175 174 174 172 172 173 174 175
 174 174 176 175 174 172 172 173 174 175 175 174 172 171 172 173 175 176
 171 170 165 171 173 168 167 160 145 143 136 128 123 119 116 117 114 111
 121 128 127 120 108 105 104 103 106 114 121 131 148 127  65  74  77  81
  93 101 103 104 100 102  81  62  64  79  82  78  84  88 100 109 114 110
 133 143 128  71  66  73  72  66  67  67  71  74  75  73  75  74  64  57
  60  68  86 123 153 157 153 150 152 121  82  79  80  82  82  90  98 102
 114 119 125 137 145 152 160 170 174 161 151 152 151 151 152 152 151 151
 150 149 149 149 147 146 146 147 149 150 152 152 154 154 153 155 158 160
 159  29]"
"[ 29  31 172 174 173 173 173 173 177 172 173 177 174 172 173 173 174 169
 164 164 169 173 173 172 175 175 175 174 174 175 177 178 175 179 179 175
 175 180 180 176 174 177 176 171 169 173 178 179 178 176 175 177 178 176
 174 174 177 176 178 180 180 178 177 178 177 179 180 181 183 186 185 181
 174 176 179 178 182 180 169 164 146 138 131 125 120 117 116 114 108 101
 120 129 123 121 109 103 102 107 105 109 120 132 142 142  88  74  80  79
  81  95  99 101 100  98  66  52  62  74  76  85  91  97 107 116 128 127
 122 134 132  71  70  69  67  67  70  71  73  74  75  77  81  82  75  65
  63  67  82  99 146 151 148 155 151 110  81  77  78  79  88  95  97 102
 118 125 131 137 141 155 161 170 166 154 152 153 152 152 152 150 150 153
 153 150 148 149 148 147 146 148 150 150 151 153 155 154 156 157 157 158
 159  30]"
"[ 28  29 171 172 173 173 173 173 173 169 172 176 176 176 176 174 171 174
 177 177 175 174 174 176 178 179 179 177 176 177 179 181 179 181 179 174
 171 174 179 184 181 183 184 180 179 181 183 183 184 182 181 184 185 183
 182 182 186 185 186 188 188 186 185 186 183 184 184 185 186 189 188 185
 184 181 181 179 183 180 176 161 142 133 125 122 119 115 110 104  96  89
 103 127 126 121 111 102 100 104 104 111 121 130 144 150 100  71  74  78
  79  84  92  96 100 101  73  50  52  65  77  88  94  99 105 119 142 144
 128 126 138  77  64  65  67  70  71  70  71  72  74  80  87  89  82  73
  68  61  73  90 128 148 153 145 123 100  85  82  77  78  87  96  97 100
 115 125 135 141 143 154 165 170 164 153 153 155 153 152 149 149 150 153
 153 150 149 150 147 146 147 148 150 150 151 153 154 153 154 155 157 158
 159  29]"
"[ 28  28 173 174 174 174 173 172 175 172 174 178 179 180 178 175 175 177
 178 178 176 175 175 176 179 181 182 181 181 182 183 185 190 189 187 186
 185 185 189 193 188 190 190 189 188 188 188 187 189 188 188 190 190 189
 188 188 189 187 187 189 189 187 187 188 186 187 187 186 187 188 188 187
 188 182 181 180 182 176 171 144 134 127 122 120 116 111 104  98  87  77
  82 115 125 118 116 109 103 103 105 115 124 130 144 154 119  70  72  79
  81  80  92  93  92  93  74  52  53  65  79  85  93 100 103 114 141 150
 135 128 141  84  58  61  65  69  70  71  75  73  75  81  88  90  84  77
  68  55  57  69 102 131 134 113  94  85  79  77  73  78  91  99 103 103
 114 125 136 144 150 163 171 171 162 153 154 157 155 152 148 148 151 154
 154 151 148 149 148 148 149 150 151 152 152 154 155 153 153 155 158 160
 160  28]"
"[ 31  28 173 170 170 172 176 179 178 177 178 180 183 187 188 187 190 188
 186 185 186 187 186 184 186 187 189 190 190 191 191 190 188 187 188 190
 191 191 190 191 191 191 192 192 191 189 189 189 192 192 192 193 192 190
 189 189 189 187 187 187 187 187 187 188 187 187 187 185 185 187 187 187
 186 182 181 178 180 175 160 133 135 129 124 119 113 106  99  91  78  71
  75 105 129 120 116 110 109 105 106 116 125 133 144 153 139  73  72  79
  81  82  88  85  80  77  66  54  58  66  82  87  90 100 108 117 137 151
 143 130 137  92  59  62  65  68  70  74  75  72  73  80  87  89  87  84
  80  83  79  76  88  99  95  88  90  87  87  90  92  97 103 104 102 106
 119 131 140 146 151 164 173 170 160 153 155 158 155 152 151 150 151 154
 154 151 148 146 150 150 151 152 152 152 153 153 154 153 154 156 159 160
 160  28]"
"[ 28  30 187 188 188 186 186 186 194 193 189 185 185 187 188 189 191 192
 193 193 191 189 187 186 192 193 194 195 196 195 192 190 188 190 192 192
 191 192 193 194 189 190 192 193 192 189 188 188 192 193 194 194 192 190
 189 189 190 188 187 187 187 187 187 187 188 188 187 186 186 187 188 189
 188 186 183 178 179 181 156 139 140 132 124 119 116 112 103  93  81  75
  75  90 128 123 115 111 109 103 105 111 119 132 145 152 147  72  64  75
  83  87  88  88  82  69  58  54  58  63  83  95  96 100 106 113 127 146
 148 129 128  96  64  67  69  71  72  76  74  73  75  81  86  87  88  88
  86  99  97  96 100 100  95  99  95  93  94  98 103 109 115 119 116 119
 128 137 145 150 155 165 171 166 158 152 154 156 155 153 154 152 151 153
 154 152 148 146 150 151 152 152 152 151 151 151 152 153 156 157 158 160
 160  28]"
"[ 30  30 189 187 186 186 191 194 193 193 190 186 187 190 193 197 194 196
 197 196 194 191 190 190 192 193 194 195 195 195 192 190 189 191 191 190
 191 194 192 189 188 189 192 194 193 190 188 187 190 192 193 193 191 190
 189 189 190 189 188 188 188 187 187 186 188 188 187 186 186 187 188 188
 187 187 186 181 180 184 154 142 144 137 129 124 120 116 110 103  91  84
  79  78 118 124 118 113 105 101 103 104 110 127 142 148 151  79  58  80
  91  96  96 104  97  74  56  56  62  66  83  95  99  98 100 105 114 135
 145 128 116  94  67  70  74  75  75  75  75  76  80  84  87  88  89  91
  99 100 100 107 110 109 107 104 108 107 106 108 109 115 126 138 137 136
 136 140 148 154 161 168 167 162 155 152 153 154 155 153 154 152 150 152
 154 153 151 149 150 151 152 152 151 151 151 150 151 154 157 158 159 160
 160  29]"
"[ 30  30 193 192 191 190 193 193 194 195 192 189 189 189 190 194 197 195
 194 193 192 192 192 192 194 195 195 194 194 195 195 195 194 194 193 193
 195 196 193 188 190 191 192 192 192 191 189 188 190 191 191 191 190 189
 189 189 191 191 190 190 190 190 189 188 187 186 186 186 186 186 186 187
 185 183 184 182 179 181 158 144 147 142 136 129 121 115 110 104  93  90
  86  82 107 122 121 112 105 100 104 105 111 129 142 145 152  98  60  88
  95  96  96 106 107  81  57  59  65  71  79  86  92  97 100 105 113 125
 129 116 102  89  72  74  79  81  80  80  77  80  84  88  91  94  96  98
 101 102 106 112 110 110 117 114 115 117 120 121 121 120 125 134 140 142
 143 146 153 157 161 163 167 161 155 153 152 153 154 153 153 152 151 152
 153 154 153 152 149 151 151 151 152 153 153 152 153 155 158 158 159 160
 161  30]"
"[ 29  29 193 193 193 192 194 194 193 195 193 192 193 190 189 192 194 194
 194 193 193 193 194 195 196 196 195 192 191 192 194 196 195 196 195 193
 192 192 193 193 193 192 190 189 189 190 190 188 190 191 191 190 189 189
 189 189 189 189 189 189 190 191 189 188 188 187 186 187 187 186 186 186
 186 181 182 181 178 180 169 152 141 137 131 126 122 119 113 105  96  95
  91  85  92 115 126 119 107 101 106 110 120 139 147 146 142 109  59  88
  91  91  93  97 105  84  59  58  60  67  74  80  92  97  94  97 107 112
 110 101  94  88  80  80  83  86  88  88  87  89  90  92  94  96  99 101
 105 107 108 110 115 116 123 118 119 119 121 125 129 130 132 136 142 148
 149 150 154 159 166 169 169 162 157 155 153 153 154 153 153 153 152 152
 152 153 153 152 149 150 151 151 152 154 155 153 153 155 157 157 158 160
 161  29]"
"[ 29  29 193 193 192 193 194 193 195 193 193 193 193 193 194 194 196 195
 193 193 193 194 195 196 197 198 195 193 195 195 194 195 197 196 195 195
 193 192 192 192 193 192 189 189 189 190 190 190 190 191 193 193 191 189
 188 188 189 189 189 190 190 190 189 189 188 188 187 186 186 187 188 188
 186 181 182 184 181 177 176 156 141 137 132 127 123 122 117 109  98  96
  95  87  86 109 129 126 106 107 109 115 122 136 150 152 132 116  59  78
  88  90  87  95 101  89  62  55  55  60  70  74  80  85  84  87  95  99
  99  95  91  86  89  91  88  90  95  94  93  94  96  97  96  96  99 103
 109 111 111 111 116 121 122 122 122 121 126 134 136 133 137 145 148 150
 151 153 159 165 167 166 165 159 155 154 153 153 153 151 153 152 151 151
 152 152 152 152 151 152 152 152 152 153 154 153 154 159 156 155 159 161
 161  29]"
"[ 29  29 193 193 193 193 194 193 194 193 193 193 193 193 193 194 197 195
 193 193 193 194 196 197 196 197 194 193 194 195 195 196 196 195 195 194
 193 192 191 191 195 193 191 190 191 192 193 193 193 193 193 193 191 188
 187 187 185 186 188 189 190 189 188 188 187 188 188 187 187 187 187 187
 187 187 184 185 184 181 185 162 142 139 135 130 126 123 117 109 101  99
  97  91  89 105 123 125 113 108 117 128 129 132 145 156 136 120  71  73
  81  89  90  92  97  89  69  62  54  52  60  68  76  80  80  83  91  97
 100  99  93  90  95  98  94  94  95  93  95  95  96  97  96  97 100 104
 111 114 114 115 121 126 128 129 125 129 136 144 146 146 148 152 155 154
 154 156 161 167 169 167 166 159 154 153 152 153 153 152 152 152 152 152
 152 152 152 152 152 153 154 154 154 154 154 154 154 158 156 156 160 161
 162  29]"
"[ 29  29 194 194 194 194 195 195 195 194 194 194 194 194 194 195 197 195
 193 191 192 194 196 197 196 196 194 192 194 195 194 195 195 194 194 195
 194 193 192 192 195 194 192 191 191 192 194 196 195 193 193 194 192 188
 186 187 189 189 190 190 189 187 186 187 187 188 188 187 187 187 187 187
 185 189 182 183 182 180 184 158 143 140 137 133 129 126 119 111 104 103
 102  95  88  94 112 125 117 109 125 137 131 126 134 149 148 121  76  67
  78  84  87  88  87  83  69  65  56  51  58  69  73  80  83  88  97 102
 106 105 100  98 100 101  97  97  97  95  95  96  98  99  98  98 101 104
 112 116 117 119 124 130 133 135 130 136 143 147 149 150 150 150 152 153
 154 156 161 167 171 172 163 158 154 153 153 153 154 154 152 153 153 154
 153 153 153 152 152 154 155 155 154 154 154 154 154 158 157 158 161 162
 162  29]"
"[ 29  29 194 195 195 195 196 197 196 196 196 196 195 195 196 197 197 196
 193 192 192 193 195 196 198 198 195 193 194 194 194 195 195 195 195 195
 196 195 194 194 193 193 192 191 190 190 193 195 194 193 192 193 191 188
 188 191 193 193 192 190 188 187 187 189 189 188 187 186 186 187 188 188
 186 189 186 185 185 182 182 158 147 143 138 134 132 130 125 118 110 108
 105  98  89  86 101 121 114 109 128 137 130 127 131 142 148 122  75  64
  76  77  78  81  76  73  63  63  60  60  66  74  85  92  94  98 103 105
 107 106 104 101 101 101  98  97  98  97  96  97 100 101 101 101 103 106
 115 119 121 122 127 132 135 138 141 146 149 149 149 151 152 152 153 156
 158 158 159 163 167 171 161 156 154 155 154 154 155 154 154 155 155 155
 155 154 154 154 154 155 155 154 154 154 154 154 156 159 158 159 161 163
 163  29]"
"[ 29  29 194 195 195 194 195 196 197 196 196 196 195 195 196 197 198 197
 195 194 194 196 196 196 199 199 197 194 195 195 194 195 196 195 195 195
 195 194 194 195 192 192 192 191 190 189 190 192 192 191 191 191 189 187
 189 193 190 190 189 189 188 188 189 191 189 189 188 186 186 187 187 187
 187 186 188 186 187 186 180 163 153 146 139 134 131 131 128 122 116 109
 102  99  95  89  95 109 114 109 124 130 125 125 125 131 143 128  75  63
  73  73  73  73  69  71  68  75  79  86  89  93 101 105 103 101 101 100
 101 101 100 100 101 101 100  99  98  96  99  99 101 103 104 105 108 111
 119 124 125 126 130 135 139 142 149 151 153 153 153 156 159 160 156 158
 161 161 162 164 167 169 160 156 155 155 154 154 155 155 156 156 156 155
 154 154 154 154 157 157 156 154 153 154 155 155 156 158 158 159 160 162
 164  28]"
"[ 29  29 194 195 194 193 194 195 197 196 195 195 195 195 195 196 197 197
 196 195 196 197 198 197 197 198 196 195 196 196 195 195 195 195 194 194
 193 192 192 193 191 191 191 191 190 189 189 189 189 190 191 190 188 187
 190 192 187 187 188 189 188 188 188 189 188 189 190 189 188 187 186 186
 187 182 186 182 183 182 175 164 154 146 138 133 129 129 127 123 116 108
 102 102  99  90  89  97 112 109 118 124 122 120 118 123 138 117  60  53
  64  65  63  65  62  70  76  85  91  96  96  98 101 105 103 103 102 101
 101 100 101 101 101 100 101 101 101 101 100 100 101 104 106 109 113 117
 123 127 129 129 133 139 144 147 151 153 156 157 158 159 161 163 159 158
 159 161 165 167 168 167 161 157 155 154 153 153 155 155 156 155 154 153
 153 153 154 154 157 156 155 153 153 154 154 155 154 156 157 159 160 162
 165  29]"
"[ 30  29 194 195 195 193 194 196 197 196 196 196 197 196 195 196 196 197
 196 195 195 197 197 196 195 196 195 195 196 196 195 195 194 194 195 194
 193 191 192 193 192 192 192 191 191 190 189 188 189 190 191 190 189 190
 190 190 188 188 188 189 188 187 187 187 189 190 192 190 188 187 186 186
 187 185 186 183 184 182 178 168 150 145 140 135 130 128 126 124 117 110
 105 104  99  91  87  89  99 106 115 121 121 116 112 112 118  94  56  57
  66  70  71  74  75  84  91  98  98  98  94  97  99 104 103 104 106 104
 103 102 103 104 102 100 101 102 102 102 100 101 103 107 111 114 118 121
 125 129 130 130 135 141 147 151 155 159 162 163 163 163 163 162 163 161
 160 162 163 164 162 160 159 156 155 155 153 153 154 154 155 154 153 152
 152 153 153 154 155 154 154 153 154 155 154 153 153 155 157 160 160 163
 165  28]"
"[ 30  29 194 197 196 195 196 198 198 197 198 199 199 198 197 196 196 197
 196 194 195 197 197 195 193 195 194 194 196 196 194 194 193 194 196 195
 194 193 194 195 195 194 193 193 193 193 191 190 189 191 191 190 191 193
 192 189 190 188 187 187 187 187 187 188 190 192 192 190 188 187 187 188
 184 187 185 185 187 184 185 172 146 144 142 138 133 130 129 127 124 113
 106 104 101  94  88  83  86 103 112 114 112 102  93  88  74  66  58  61
  66  76  81  80  85  91  97 103 102 101  98 103 107 109 105 103 104 102
 102 101 101 103 103 102 104 102  99  97 100 101 106 113 118 120 121 123
 127 130 131 131 136 143 149 153 156 162 166 166 165 166 164 161 160 161
 162 163 162 161 162 163 155 153 155 156 155 154 153 153 154 153 152 151
 152 153 154 154 153 153 154 154 156 156 155 153 154 155 158 162 161 164
 166  28]"
"[ 29  29 196 196 196 198 197 197 197 196 196 200 201 199 197 196 196 197
 196 195 193 194 194 195 195 195 195 195 195 195 195 194 195 195 194 194
 193 193 193 194 195 195 193 192 192 193 193 193 190 189 187 189 193 192
 190 189 189 188 188 188 188 187 187 188 188 188 189 188 188 187 186 186
 186 186 186 185 185 183 182 181 159 145 144 140 138 134 130 129 125 113
 107 107 103  96  91  86  88  87  88  85  82  88  89  80  75  73  74  81
  87  88  87  87  89  96 101 104 107 103 101 109 111 109 107 107 108 105
 101 100  98 102 105 105 104 103 102 101 100 102 110 115 114 117 122 123
 126 131 133 133 136 139 146 155 160 163 166 167 167 166 164 162 159 160
 160 158 157 159 161 158 155 154 154 154 153 153 153 153 153 152 152 153
 153 152 154 156 157 156 155 155 156 156 155 154 155 159 162 163 162 164
 166  29]"
"[ 29  29 196 196 196 196 196 197 197 196 196 196 199 200 199 197 197 198
 198 197 195 195 196 196 193 193 194 195 195 195 194 193 194 195 195 195
 193 193 193 194 195 194 193 191 191 192 193 193 189 189 188 188 190 190
 188 190 187 187 188 188 188 187 186 187 187 187 187 187 187 187 187 187
 186 185 184 184 184 183 182 180 167 147 149 145 144 136 130 129 128 121
 117 115 109 103 100  96  96  92  91  89  84  87  90  85  88  86  84  87
  93  97  98  96  96 102 104 106 110 108 105 109 112 112 110 110 111 109
 105 104  99 102 105 105 104 104 103 103 101 103 110 114 115 120 124 123
 125 130 134 137 140 142 146 152 158 161 165 167 167 166 164 162 163 159
 155 152 150 151 154 154 153 154 154 154 154 153 153 153 154 154 154 154
 153 152 154 155 159 158 157 156 157 156 155 154 155 158 160 161 161 163
 165  29]"
"[ 29  29 196 197 196 196 195 196 196 196 196 195 197 200 199 196 197 198
 199 198 198 198 198 197 196 195 195 195 195 195 194 194 193 195 197 196
 194 193 193 194 195 193 191 190 190 191 191 191 188 190 189 189 189 188
 187 190 187 188 188 188 187 187 187 188 187 187 187 187 187 187 187 188
 186 184 183 182 182 182 182 181 166 140 147 146 146 138 132 131 129 127
 125 120 113 109 109 107 102  96  94  94  91  91  94  93  97  98  97  96
  96  98 101 102 102 107 109 110 113 111 110 112 114 115 113 111 112 111
 106 104  99 102 104 105 105 105 105 105 105 107 111 113 116 122 126 123
 126 128 135 141 143 146 150 153 159 162 164 165 164 162 159 157 156 151
 149 148 147 147 150 150 153 153 154 154 154 154 153 152 152 154 154 153
 151 152 153 154 157 157 156 157 157 157 156 155 157 158 159 160 159 161
 163  29]"
"[ 29  30 197 198 197 197 195 196 195 197 198 198 199 199 197 195 194 196
 198 199 199 199 198 198 199 198 196 194 194 194 194 194 194 195 196 197
 196 195 195 195 195 193 192 190 190 191 191 191 189 191 191 190 190 188
 186 188 189 189 189 187 187 188 189 190 188 188 187 186 186 186 187 187
 186 185 184 183 183 183 184 184 169 140 148 147 146 138 133 132 129 127
 124 120 115 112 112 113 106 100  98  99  98  98  99  98  97  99 101  99
  96  96  99 101 104 112 115 114 113 112 113 115 114 116 113 110 110 111
 107 104 102 103 105 106 106 107 109 109 109 109 111 114 117 122 124 124
 127 128 136 145 148 150 154 155 159 161 162 162 159 157 154 152 148 144
 143 144 145 147 150 151 153 154 155 155 155 154 152 151 151 153 154 152
 151 152 154 154 154 155 155 156 157 158 158 158 159 159 158 159 159 160
 163  29]"
"[ 29  29 198 199 200 200 198 197 196 197 199 201 200 197 196 196 194 196
 198 199 199 199 197 196 198 197 195 194 194 194 194 194 195 195 195 195
 196 196 196 196 195 195 193 193 193 194 193 192 190 192 192 192 192 189
 186 186 188 189 190 188 188 188 189 190 189 188 187 186 185 186 186 187
 187 187 187 186 185 185 185 186 169 143 148 146 144 139 137 134 130 126
 122 120 118 115 114 116 114 109 104 102 101 102 101  98  98  96  96  99
 100 100 101 103 112 118 120 117 114 113 113 114 114 116 113 109 110 111
 110 108 105 105 105 106 107 108 110 111 109 108 110 114 118 120 123 129
 131 133 142 151 153 154 154 152 156 158 158 157 154 152 151 150 147 144
 140 137 139 146 153 153 154 155 155 156 155 154 153 152 151 153 154 152
 151 153 154 155 154 154 155 156 157 158 158 159 160 158 157 159 159 160
 163  29]"
"[ 28  29 198 199 201 202 200 200 199 198 199 200 199 196 196 198 197 198
 199 199 199 198 196 194 195 195 195 196 196 196 195 194 195 194 193 194
 194 195 195 195 195 195 194 194 194 195 194 192 192 193 193 194 195 192
 188 187 185 188 190 190 189 189 188 187 187 187 186 185 185 185 186 187
 188 188 188 187 185 184 185 185 171 150 147 146 142 141 140 138 133 129
 123 122 123 119 116 117 118 113 106 101 101 102 101  99 101  99  99 101
 101 101 104 109 121 123 123 120 118 116 113 109 115 118 115 110 109 109
 108 106 105 104 104 105 106 106 107 108 108 107 108 115 120 121 126 136
 141 143 148 152 153 153 154 153 155 156 155 153 150 148 147 146 145 143
 141 138 139 148 154 155 154 154 155 155 155 154 154 153 152 152 152 151
 151 153 154 154 155 155 155 155 155 156 157 158 159 158 157 159 160 162
 165  30]"
"[ 28  29 198 199 199 200 199 201 201 200 200 199 198 197 197 197 200 200
 200 198 198 197 197 196 196 196 196 197 197 197 195 194 196 195 194 194
 194 194 194 194 195 194 193 193 194 195 194 192 192 192 192 193 194 192
 189 189 185 188 191 190 188 188 188 186 187 186 186 185 185 186 187 187
 187 187 186 185 185 185 185 184 182 163 150 151 145 142 141 138 135 133
 128 126 127 123 117 116 116 112 106 101 102 103 102 102 102 103 104 103
 101 101 105 111 122 122 122 122 119 117 113 108 114 117 116 111 108 106
 104 103 104 102 101 102 103 103 104 105 106 106 108 114 120 123 129 139
 144 148 150 150 152 153 154 155 154 155 154 151 148 146 145 145 144 144
 145 146 148 152 156 156 154 154 154 154 154 154 154 154 151 149 149 150
 152 152 153 153 155 155 155 155 154 155 156 158 159 160 160 160 162 165
 166  29]"
"[ 29  30 199 198 196 197 198 201 202 202 201 199 198 198 197 194 200 200
 198 197 197 198 198 198 199 198 197 196 195 195 195 195 196 196 196 195
 194 193 193 193 195 194 192 192 194 195 194 193 190 190 189 190 192 191
 189 189 186 189 190 188 187 188 188 188 188 187 187 186 186 186 187 187
 188 186 184 184 186 187 187 185 184 165 146 151 145 143 141 140 136 138
 134 129 129 125 118 115 115 112 107 105 105 104 103 104 100 102 103 103
 102 105 107 109 116 118 121 122 118 116 114 112 110 114 114 112 109 106
 103 103 103 101 100 101 102 103 104 105 104 106 107 111 119 123 129 138
 137 146 151 152 155 156 153 153 151 152 152 150 148 146 146 146 148 147
 150 153 154 155 157 157 155 154 154 153 153 152 153 153 151 148 147 150
 153 153 154 154 154 155 155 155 154 156 158 160 161 163 162 162 163 166
 167  28]"
"[ 30  28 199 196 197 199 201 201 200 200 200 198 197 196 197 197 198 198
 198 198 199 199 199 199 200 198 197 197 195 195 196 195 195 196 197 195
 193 194 195 196 195 194 194 193 191 192 193 191 192 190 187 185 186 188
 189 188 189 189 189 187 187 188 188 187 188 188 188 187 187 187 187 187
 187 186 185 185 186 187 186 185 188 172 148 149 142 142 142 144 138 139
 139 135 130 124 119 116 114 112 110 109 108 107 103  99 100 100 100 102
 104 103 105 111 116 118 119 121 120 116 114 111 112 112 114 113 110 107
 104 100 101 100 100 101 103 105 105 105 103 107 110 112 120 131 137 137
 144 151 154 154 154 155 154 153 153 148 146 147 146 145 146 147 150 153
 156 157 157 156 156 156 154 155 154 153 153 153 153 152 149 150 151 152
 153 154 155 155 155 155 155 156 157 159 161 161 166 165 164 165 164 164
 164  29]"
"[ 30  29 201 199 200 201 201 200 199 200 200 199 199 198 198 199 197 197
 198 199 201 203 203 203 198 198 199 198 195 194 195 195 196 196 195 193
 192 194 196 196 195 195 196 193 190 191 192 192 192 191 189 187 187 188
 190 190 189 190 189 188 187 187 188 188 188 188 188 188 187 187 187 187
 187 186 185 185 186 187 187 186 189 173 151 148 145 147 144 143 140 138
 137 134 129 122 117 115 115 114 112 110 108 106 102  99  99 101 103 105
 106 103 103 108 111 117 123 123 119 115 113 112 113 114 113 110 107 104
 101  99 100  98  97  98 102 105 105 104 105 111 113 111 114 125 135 139
 142 149 152 152 153 154 153 153 148 146 146 147 145 144 148 151 155 156
 158 158 158 157 157 156 153 153 153 153 153 153 152 151 151 151 152 152
 153 154 154 154 154 155 155 156 158 160 161 161 162 162 162 163 162 163
 165  29]"
"[ 31  28 201 201 202 202 201 199 200 200 200 200 200 199 198 198 198 198
 198 200 202 203 202 201 201 198 197 197 196 196 195 193 195 195 194 192
 192 194 195 196 195 196 197 194 189 189 193 194 192 193 192 189 187 187
 189 191 190 191 191 188 186 186 186 187 187 187 187 187 187 187 186 186
 187 185 184 185 186 187 187 186 183 176 162 149 145 148 144 142 142 139
 135 133 129 123 118 117 116 115 114 112 109 106 102 100 101 103 105 106
 105 102 103 107 111 115 121 117 113 114 112 114 113 115 111 107 105 102
  98  99  99  97  95  96 101 106 107 107 108 113 115 112 113 124 135 140
 143 148 150 150 150 150 149 150 147 143 142 144 146 150 156 159 158 158
 158 157 158 158 157 156 154 152 152 154 155 154 152 151 151 151 151 151
 152 151 152 152 153 154 155 157 158 160 160 160 160 162 162 162 161 163
 165  28]"
"[ 31  28 201 200 200 201 200 201 202 201 201 201 200 199 198 196 197 198
 199 201 201 201 200 199 201 198 196 196 196 197 197 194 195 195 195 195
 195 196 195 195 195 195 196 194 190 190 193 196 194 194 193 190 187 186
 187 189 190 190 190 188 187 186 185 185 186 186 187 187 187 186 185 185
 186 185 185 185 186 187 187 187 186 183 172 148 140 144 144 146 143 140
 136 132 130 127 123 121 116 115 114 112 109 106 104 103 105 106 104 103
 102 101 103 108 111 111 116 109 109 115 111 112 112 115 110 105 104 101
  96  98  98  97  95  95 100 105 109 109 110 111 113 114 119 127 136 140
 146 149 149 148 147 146 145 146 144 142 143 146 150 154 159 160 158 158
 158 158 158 159 159 158 157 154 153 156 157 155 152 151 150 149 150 151
 151 151 151 152 154 155 156 157 158 158 158 157 159 162 163 162 161 163
 165  28]"
"[ 29  29 203 202 201 200 201 202 203 202 201 201 201 200 198 197 195 197
 200 202 202 201 200 200 197 198 200 199 196 195 197 197 196 196 196 196
 197 197 196 195 196 195 195 194 191 191 194 195 194 194 192 189 187 187
 187 187 187 187 187 188 189 188 187 187 186 186 187 187 187 186 185 184
 186 185 185 186 186 187 187 187 188 187 179 155 143 145 143 142 142 141
 137 132 130 130 127 123 116 114 112 111 109 107 105 105 106 106 104 102
 102 101 101 104 107 108 115 110 112 118 110 108 110 113 109 104 104 100
  94  95  97  95  93  93  96 100 105 107 109 108 111 117 123 129 137 142
 146 147 146 145 144 142 141 143 146 150 157 159 158 158 160 161 159 160
 161 160 160 161 161 161 160 156 154 156 156 153 150 149 149 148 149 151
 152 152 152 153 156 156 157 157 157 158 157 155 157 161 162 162 162 165
 167  30]"
"[ 29  30 204 206 204 202 202 203 202 201 200 200 201 201 200 199 197 199
 202 202 201 200 200 200 196 198 201 202 200 198 197 196 197 196 195 195
 196 195 195 195 196 195 195 195 193 192 194 194 194 193 191 189 189 189
 189 188 187 186 187 188 190 189 188 187 187 187 187 187 187 186 185 184
 185 186 186 186 186 186 186 187 185 187 183 165 145 141 139 139 142 141
 138 134 131 131 128 124 119 115 112 110 109 107 105 105 104 105 104 103
 103 101  98  99 104 108 116 113 114 117 111 108 106 108 106 104 105 102
  98  97  96  92  90  91  92  94  98 103 108 108 111 118 124 130 138 146
 146 146 144 143 142 139 139 142 153 155 158 159 157 159 161 160 160 162
 162 162 161 161 161 161 160 157 154 154 153 150 148 146 148 147 148 151
 153 152 152 154 157 157 157 157 157 158 157 156 159 161 162 163 163 165
 166  30]"
"[ 29  30 206 207 206 203 202 203 204 203 201 200 201 201 201 201 201 202
 202 202 201 200 199 198 198 197 200 202 202 202 199 195 197 196 195 196
 196 195 195 195 196 194 195 196 194 193 194 194 194 193 190 189 189 190
 189 188 189 188 187 188 189 188 187 187 188 188 188 188 187 186 185 184
 185 186 187 187 185 184 186 187 187 187 183 173 145 138 141 144 142 141
 139 137 134 131 128 126 122 117 113 112 111 108 106 105 103 104 104 103
 103 101 100 101 106 111 114 114 114 115 114 111 104 104 104 105 106 106
 103 101  96  90  88  90  92  92  96 101 104 106 110 116 122 130 139 146
 146 146 144 144 145 143 144 149 167 164 161 160 161 167 169 165 162 162
 161 161 160 160 160 159 158 156 153 151 150 149 148 147 147 146 148 152
 153 152 152 154 158 158 157 156 156 157 158 157 161 162 163 164 164 164
 165  28]"
"[ 29  29 204 206 206 203 202 203 208 207 204 203 202 202 202 202 203 203
 201 201 201 201 200 199 198 198 200 202 201 201 201 199 198 198 198 200
 199 197 195 196 194 193 195 197 195 194 194 194 194 192 191 189 189 190
 189 188 188 187 186 187 187 186 187 188 189 189 189 188 187 186 185 185
 185 187 188 187 185 184 185 187 186 186 184 187 160 146 144 140 144 141
 140 141 138 132 129 129 125 119 114 113 113 110 107 105 104 105 103 101
 101 102 104 108 108 112 113 115 117 117 116 111 106 105 105 106 107 107
 106 101  97  90  87  92  95  94  97 103  99 103 107 112 121 131 138 141
 146 145 145 148 151 152 155 161 165 164 162 160 159 163 164 160 163 162
 160 160 160 160 159 157 156 155 153 150 150 150 151 151 148 147 149 153
 154 153 152 154 158 157 156 155 155 156 157 156 160 160 160 163 164 164
 164  28]"
"[ 29  27 204 207 207 205 203 202 206 205 205 204 203 202 203 204 202 202
 201 200 200 201 201 200 201 201 202 202 201 200 201 201 200 201 201 200
 199 199 198 197 195 195 196 195 194 194 194 194 193 193 192 190 189 189
 188 187 186 187 187 186 187 189 191 190 191 189 187 187 186 185 186 188
 189 187 186 186 186 186 186 186 189 184 186 184 171 153 139 143 141 144
 142 144 142 133 130 129 123 117 114 112 112 112 109 109 108 107 105 104
 105 108 111 112 111 112 113 115 118 117 114 110 107 107 106 107 111 114
 112 107 100  98  94  94  96  98  98  97  99  99 107 110 116 128 133 138
 143 146 145 148 153 156 160 162 167 165 164 162 162 162 161 161 163 162
 160 159 160 160 160 158 158 153 153 153 154 152 149 150 147 147 149 151
 152 153 153 153 153 155 155 153 154 157 158 157 159 160 160 161 162 162
 163  28]"
"[ 29  28 204 207 206 204 203 202 205 204 202 202 202 202 202 202 203 203
 202 200 200 201 201 200 201 201 202 202 202 201 201 200 200 201 202 201
 199 198 198 198 197 197 197 195 194 194 195 195 194 194 192 190 189 189
 188 186 185 186 187 187 188 190 190 190 190 188 187 187 187 186 187 189
 188 186 185 186 187 187 186 185 186 188 185 180 177 162 141 138 142 144
 140 141 140 132 128 126 122 116 113 112 112 112 109 110 112 111 109 108
 108 108 109 110 109 110 112 114 117 117 115 112 112 111 109 110 113 118
 120 120 113 109 102  97  95  96  97  97  97  97 103 110 116 124 130 134
 141 150 153 157 160 163 165 165 165 164 163 163 162 162 162 161 163 163
 163 162 161 162 161 160 159 156 154 153 153 152 149 147 146 146 147 150
 151 151 149 149 153 154 154 153 154 157 158 157 157 159 159 161 162 162
 163  29]"
"[ 30  29 205 207 206 205 205 204 203 202 200 201 203 205 205 204 205 205
 204 203 201 201 201 201 203 202 202 203 203 203 201 200 200 202 203 201
 198 198 198 199 198 198 197 196 195 195 195 196 195 194 192 190 190 189
 188 186 185 187 189 189 189 190 190 190 189 188 187 187 187 187 188 189
 186 185 185 186 187 187 186 184 182 185 184 182 185 179 159 144 143 145
 140 139 139 133 128 127 121 116 114 112 112 112 109 110 111 111 110 109
 108 109 110 112 111 111 112 114 115 117 116 115 115 113 112 113 116 123
 131 137 134 130 122 112 105 101  99  97  95  93  96 107 118 126 135 138
 146 158 163 165 166 167 167 165 164 164 164 164 163 163 162 161 162 163
 163 162 161 161 161 160 159 157 154 152 152 153 150 146 147 146 147 148
 150 150 149 149 153 154 154 154 155 158 159 158 157 159 159 161 161 162
 163  29]"
"[ 29  29 206 207 206 206 207 207 204 203 202 203 206 209 208 205 206 206
 206 204 203 203 203 203 204 204 204 204 204 203 202 202 201 202 201 199
 197 196 197 198 196 196 196 195 195 195 195 195 194 192 190 189 189 188
 186 184 185 188 190 189 188 189 190 190 189 189 188 187 187 187 187 187
 186 185 185 185 187 187 186 184 184 181 185 186 183 184 171 146 142 144
 141 139 138 134 130 130 122 117 115 113 112 111 108 109 109 109 109 108
 108 109 112 115 115 115 115 114 114 115 115 115 116 114 113 114 116 122
 132 142 146 144 139 132 123 115 105  98 105 104 105 117 124 128 139 143
 158 166 167 167 167 166 167 165 164 164 165 165 165 164 162 162 161 161
 161 160 160 160 159 158 157 157 154 153 153 152 152 149 149 148 147 148
 149 151 152 154 154 155 155 155 156 158 159 158 158 160 160 162 162 162
 163  29]"
"[ 29  29 206 207 206 206 207 207 206 207 207 207 208 209 207 204 204 205
 205 204 203 203 204 204 205 205 204 204 203 202 203 203 203 202 200 198
 196 196 196 197 197 196 195 194 195 195 195 195 191 190 189 189 188 187
 184 182 186 189 190 188 186 187 189 190 189 189 188 187 187 186 186 186
 187 186 185 185 186 187 186 184 186 183 187 188 182 184 178 157 141 142
 143 141 137 132 128 127 122 118 117 113 111 111 108 108 110 111 111 110
 109 109 112 114 117 117 116 114 113 114 114 114 116 114 114 114 114 117
 126 135 143 144 143 140 136 128 116 106 108 112 117 128 133 139 154 161
 165 167 164 165 167 166 168 169 165 166 166 166 165 164 163 162 162 161
 160 159 159 159 158 157 157 157 154 156 154 151 153 153 150 150 150 150
 150 150 153 156 154 155 155 155 156 157 157 157 158 160 160 162 162 162
 163  30]"
"[ 29  29 205 206 205 206 206 206 205 207 208 208 209 209 207 203 202 203
 204 203 202 203 204 204 204 204 204 203 202 201 202 203 204 203 201 199
 198 198 198 198 200 197 194 193 194 195 196 196 192 190 189 190 189 187
 185 184 187 189 190 188 187 188 190 191 188 188 188 187 187 187 187 186
 187 187 186 185 185 187 187 185 182 186 187 187 187 186 183 176 146 141
 145 144 137 131 126 123 122 119 118 114 112 111 108 108 109 111 113 112
 111 110 110 110 115 115 114 112 111 112 114 114 115 114 114 115 114 116
 123 130 140 142 143 142 141 137 128 119 123 122 122 128 136 148 162 167
 168 167 163 164 167 166 168 169 166 167 167 166 165 164 163 162 162 161
 159 158 159 159 158 156 157 157 154 156 153 148 152 154 151 151 152 152
 150 149 150 151 154 155 156 157 157 157 157 157 157 159 160 161 162 162
 163  30]"
"[ 29  30 206 207 206 206 207 205 204 206 208 208 209 211 208 204 204 205
 205 203 202 202 203 203 204 203 203 202 202 202 202 203 202 203 202 201
 199 199 199 199 199 197 195 194 195 196 196 195 193 191 191 191 190 189
 187 187 188 189 189 189 190 191 191 190 186 187 188 187 187 187 187 186
 185 186 186 184 184 186 186 185 182 187 185 186 186 184 183 180 155 141
 144 145 137 134 131 125 122 119 118 114 112 112 109 109 108 110 112 113
 111 110 109 108 112 112 111 110 110 111 112 113 114 113 113 114 115 118
 123 128 137 142 145 143 142 140 136 130 130 127 128 131 143 161 170 171
 168 169 166 166 167 165 166 167 166 166 166 165 164 163 162 162 161 161
 160 159 159 159 159 157 157 159 154 155 153 148 154 153 152 152 152 152
 150 149 148 148 153 154 157 158 158 157 157 157 158 159 159 161 162 162
 163  29]"
"[ 29  30 206 207 207 208 208 206 207 208 208 208 210 211 208 203 208 208
 207 205 204 203 202 202 204 203 203 203 203 204 203 202 198 200 202 201
 199 198 198 199 196 195 195 195 197 197 195 194 193 191 190 190 190 188
 188 189 187 186 186 188 191 193 191 187 186 187 188 187 187 187 187 186
 183 184 184 183 183 185 186 185 186 185 187 190 186 186 190 181 163 141
 141 143 136 138 138 131 122 120 119 115 112 112 109 108 110 111 112 112
 110 109 108 108 111 111 110 109 109 110 111 111 116 114 113 112 114 116
 120 123 130 138 145 144 141 140 138 134 135 139 148 147 153 165 167 166
 166 170 168 166 165 164 167 167 166 166 165 164 162 162 162 162 160 161
 162 161 160 160 160 159 157 161 154 155 153 152 158 155 153 151 150 150
 150 150 149 149 151 153 156 158 158 156 156 157 159 160 160 161 162 162
 163  28]"
"[ 29  30 208 208 208 206 209 210 210 208 207 209 210 209 208 207 209 208
 208 208 206 203 202 203 203 203 202 201 202 204 204 203 201 201 200 200
 200 200 200 201 194 196 197 196 196 197 197 195 194 193 192 192 191 190
 189 188 187 186 187 188 190 189 188 188 188 188 187 187 188 188 186 184
 184 183 183 183 183 184 185 186 186 187 186 185 187 189 183 175 165 140
 136 141 135 132 130 125 123 118 114 112 109 108 108 107 106 110 114 114
 113 112 111 109 111 111 111 111 110 110 109 109 113 115 114 112 112 117
 122 124 131 137 142 141 139 139 140 142 139 144 147 147 161 166 173 178
 172 172 171 168 166 166 166 167 165 165 163 163 164 163 161 160 159 160
 160 159 158 158 158 158 158 158 157 154 153 154 155 155 150 151 152 152
 151 151 151 152 151 152 155 158 160 158 158 158 158 160 159 161 160 164
 162  28]"
"[ 32  25 209 208 211 213 210 208 211 210 209 210 210 209 208 209 207 206
 206 207 206 204 202 202 203 204 203 202 201 203 203 203 201 201 201 202
 202 203 203 203 196 198 198 196 196 196 195 193 194 194 195 194 193 191
 189 188 188 187 187 188 189 189 188 187 187 188 188 188 188 188 187 185
 186 186 185 185 185 185 185 186 187 187 186 185 187 189 186 180 172 151
 145 143 136 132 129 125 117 114 114 113 110 108 108 107 111 111 113 115
 117 118 117 115 114 113 111 111 111 110 109 108 110 110 110 111 114 119
 123 125 128 133 137 140 141 144 147 149 141 145 147 149 163 168 172 176
 175 174 173 170 168 167 167 167 167 167 165 163 164 162 161 162 160 160
 160 159 158 158 159 159 158 158 157 154 153 153 152 152 148 149 150 151
 150 150 151 152 152 152 152 154 155 156 158 159 158 155 160 158 157 160
 163  32]"
"[ 27  35 204 210 210 209 210 215 209 209 208 209 207 206 206 207 208 208
 207 206 206 206 204 202 205 205 205 203 202 202 204 204 202 202 202 202
 202 201 199 198 198 200 200 198 196 196 195 194 192 193 193 192 190 188
 187 187 188 187 187 188 189 188 187 186 186 188 189 188 187 187 186 185
 186 186 186 186 186 185 185 185 185 186 185 183 184 187 187 184 183 161
 148 142 138 134 126 120 119 117 116 115 111 110 111 111 111 111 114 119
 122 121 118 116 114 113 111 110 110 110 109 108 114 112 111 113 117 120
 122 123 130 133 136 137 140 145 149 150 149 151 152 154 166 170 171 171
 174 173 171 171 170 168 166 166 167 167 164 162 162 161 161 162 161 161
 161 159 158 158 159 160 158 158 156 155 154 153 151 150 147 148 150 151
 151 151 152 153 155 155 154 153 153 155 156 156 155 160 154 160 168 161
 160  28]"
"[ 31  28 209 211 209 207 211 207 210 209 210 210 209 207 206 207 209 210
 208 206 205 206 205 202 206 206 205 204 203 203 204 205 203 203 202 202
 201 200 197 195 196 197 198 196 195 194 194 194 194 194 192 191 190 189
 189 189 188 187 187 188 188 188 187 187 187 189 189 188 186 185 184 184
 184 184 184 185 185 184 184 184 184 186 186 184 184 186 186 185 183 168
 154 143 137 134 128 127 118 116 116 115 112 110 112 112 112 113 116 121
 123 120 116 115 115 114 112 112 112 112 112 112 110 107 107 112 117 120
 122 124 132 134 136 138 141 146 150 152 150 152 154 157 167 172 171 170
 173 170 170 172 172 169 168 169 169 169 166 163 163 162 162 163 162 162
 162 160 159 158 159 159 158 157 156 155 155 154 153 151 146 147 148 149
 149 150 151 151 152 154 154 153 153 154 154 152 152 159 158 161 153 157
 163  27]"
"[ 29  29 209 212 207 207 209 209 212 210 210 210 210 208 207 208 208 210
 209 205 203 204 204 203 207 205 204 203 203 203 203 203 203 203 202 202
 203 202 201 200 197 198 199 197 196 195 195 195 194 193 190 189 189 189
 188 187 186 186 186 187 187 187 187 187 187 189 189 187 184 183 183 184
 183 183 184 184 184 183 182 182 183 185 187 186 185 186 185 184 186 178
 163 144 136 137 132 127 117 115 116 117 115 115 115 113 114 114 116 121
 123 120 115 112 112 112 111 110 110 110 111 113 110 107 108 113 118 121
 124 128 128 133 137 139 142 145 147 149 151 153 155 159 164 170 170 169
 170 168 167 169 171 169 169 170 170 169 166 163 163 162 160 161 161 162
 162 161 159 158 158 158 156 155 154 154 154 154 153 151 148 147 147 147
 147 147 148 149 147 150 152 153 154 156 156 155 158 155 160 162 159 160
 157  29]"
"[ 31  30 206 210 206 213 207 211 212 209 207 207 207 207 208 208 208 210
 209 206 204 205 206 206 205 203 202 202 202 202 202 202 202 201 201 201
 202 202 201 200 199 199 199 197 196 194 194 194 194 192 191 191 191 190
 187 185 187 186 186 187 188 187 187 188 188 189 189 187 185 185 186 186
 186 186 186 186 186 184 184 183 182 185 187 187 187 187 186 184 182 184
 173 147 136 140 136 127 118 113 111 110 110 111 113 112 115 114 117 123
 128 126 117 110 108 109 109 108 107 106 108 109 108 107 109 112 115 117
 120 124 125 131 138 143 145 148 149 149 154 157 158 163 165 171 172 172
 172 170 169 171 172 172 171 172 172 171 167 166 166 164 162 161 162 163
 163 162 161 160 159 158 155 153 152 152 153 152 151 151 148 147 146 145
 145 146 147 147 147 148 149 151 152 154 156 156 153 154 154 156 160 158
 165  29]"
"[ 29  29 199 204 202 204 205 207 206 204 202 204 205 204 204 205 203 204
 204 204 203 204 204 204 200 200 199 200 200 199 199 200 199 199 199 199
 199 198 198 197 197 197 195 195 194 194 193 194 190 189 189 189 190 189
 187 186 185 185 185 186 186 186 186 186 186 186 186 185 185 185 186 186
 186 185 185 186 186 184 184 184 182 184 185 185 185 185 185 183 179 184
 183 159 138 134 133 130 120 115 111 109 109 111 113 113 111 112 115 120
 124 123 115 108 108 108 108 107 106 106 107 108 108 109 110 113 115 117
 119 121 125 130 137 141 144 147 149 150 153 156 158 163 164 170 171 171
 170 170 169 169 170 170 170 169 169 169 167 166 166 165 163 163 161 161
 161 160 160 160 160 159 155 154 153 154 154 154 153 153 150 149 148 147
 147 148 148 149 150 150 150 150 151 151 152 154 157 155 153 157 158 164
 158  28]"
"[29 30 29 29 30 28 31 29 29 28 28 30 30 29 29 29 29 29 29 29 30 30 29 28
 29 28 29 30 29 28 28 30 29 29 30 30 30 29 29 29 30 29 28 29 29 28 28 29
 29 29 29 29 29 29 29 29 29 29 29 29 29 29 29 30 29 29 29 29 29 29 29 29
 29 28 29 29 29 29 28 29 29 29 29 29 29 29 29 28 31 26 29 30 28 29 29 28
 30 28 28 29 29 29 29 28 27 29 30 29 29 30 30 28 30 29 29 28 28 28 28 28
 29 29 29 29 29 29 28 28 28 30 30 29 28 29 30 30 28 29 29 31 27 31 29 27
 29 30 30 29 29 30 29 28 29 30 29 29 29 29 28 29 30 29 28 28 29 30 29 28
 29 28 28 29 30 29 28 29 30 29 29 28 28 29 29 29 30 29 28 29 30 29 29 31
 28 30 29 29 29 29 29 29]"
