"[30 29 31 30 31 30 29 31 29 29 29 29 29 29 29 29 29 30 30 29 29 29 29 28
 29 29 29 28 29 29 29 29 29 28 28 29 29 29 29 29 29 29 29 30 30 30 29 29
 30 29 29 29 29 30 29 29 29 29 29 29 29 29 29 29 29 30 28 29 29 30 29 29
 29 29 29 29 29 29 29 29 30 29 29 29 29 29 29 29 29 29 29 29 29 29 29 29
 29 29 29 29 29 29 29 29 29 29 29 29 29 29 29 29 29 29 29 29 29 29 29 29
 28 29 29 29 29 29 29 29 30 29 29 29 29 29 29 28 30 30 30 29 29 29 29 29
 28 29 29 29 30 30 29 29 30 29 28 28 29 30 30 29 30 29 29 29 29 29 29 28
 29 29 29 29 29 29 29 29 30 29 28 29 29 28 28 29 28 30 30 28 28 29 30 29
 31 29 30 28 30 31 28 31]","[28 30 26 29 31 29 28 27 30 30 30 29 29 29 29 29 29 30 29 29 29 30 30 30
 29 29 29 29 29 29 30 30 30 29 29 30 30 29 29 30 29 29 29 29 29 29 29 29
 28 28 29 29 29 29 29 29 29 29 29 29 29 29 29 29 30 29 29 29 29 30 29 29
 29 29 29 29 29 29 29 29 29 29 29 29 29 29 29 29 29 29 29 29 29 29 29 29
 29 29 29 29 28 29 29 29 29 29 29 29 29 29 29 29 29 29 29 30 29 28 28 29
 29 29 29 29 29 28 28 29 29 29 29 29 30 30 30 30 29 29 28 28 29 29 29 30
 30 30 29 29 29 29 29 29 30 29 29 28 28 28 29 29 28 28 28 29 30 30 29 29
 29 29 29 29 29 29 29 29 28 29 29 30 30 30 30 29 28 29 29 29 29 30 29 29
 26 28 28 29 26 29 33 27]","[30 29 13  8  9  8 10 11  9  8  8  8  8  8 10 11 10  9  8  8  8  8  9  9
  7  7  7  7  7  7  7  7  7  7  7  7  8  7  7  7  7  7  7  7  7  7  7  7
  7  7  7  7  7  7  7  7  7  7  7  7  7  7  7  7  7  7  7  7  7  7  7  7
  7  7  7  7  7  7  7  7  7  7  7  7  7  7  7  7  7  7  7  7  7  7  7  7
  7  7  7  7  7  7  7  7  7  7  7  7  7  7  7  7  7  7  7  7  7  7  7  7
  7  7  7  7  7  7  7  7  7  7  7  7  8  8  8  8 10 10 10 10 10 11 12 13
 13 13 12 12 11 11 11 11 10 10 11 11 10 10 11 12 13 13 14 15 16 16 16 15
 16 16 16 16 16 15 15 15 15 18 18 17 17 19 19 17 21 19 19 19 19 19 21 23
 33 40 48 66 71 72 68 29]","[29 31  9  9  9  9  9  9  9  8  8  9  9  9 10 10  9  9  8  7  7  7  8  8
  8  8  8  7  7  6  6  6  5  5  7  8  8  7  7  8  8  7  6  5  4  4  4  4
  3  4  4  4  4  4  3  3  3  3  3  3  3  3  3  3  3  3  3  3  3  3  3  3
  3  3  3  3  3  4  4  4  4  4  4  4  4  4  4  4  3  3  3  3  4  4  4  5
  5  5  4  4  3  3  3  3  2  2  3  3  3  3  3  3  4  3  4  4  4  3  2  3
  3  4  4  4  4  4  5  5  3  4  5  6  7  8  9  9 10  9  9  9 10 11 12 13
 13 12 12 11 11 10  9  9  8  9 10 10 10 11 13 14 13 13 14 15 16 16 15 15
 16 16 16 16 16 16 16 16 17 18 17 16 17 19 19 19 20 19 20 20 19 19 24 31
 39 48 54 66 65 65 68 29]","[27 30  9 12 12 12 11 11 10  8  8  9  9  9  8  8  9  9  8  7  6  7  7  6
  8  7  7  6  6  5  5  5  4  5  7  8  8  8  8  9  8  8  7  6  6  6  6  6
  5  4  4  4  5  5  3  2  3  3  3  3  3  3  3  3  3  3  3  4  4  4  4  4
  3  3  3  3  3  3  3  4  3  3  3  3  4  4  3  3  3  3  3  3  4  4  4  5
  5  5  5  5  4  4  4  3  3  3  2  2  2  3  3  4  4  4  4  5  4  3  3  3
  4  4  4  4  4  4  5  5  5  5  5  6  7  8  9  9 11 11 11 11 11 12 12 13
 13 12 12 11 11 10 10  9  9 10 11 12 14 16 16 16 14 15 15 15 16 16 16 16
 16 16 16 17 17 17 17 17 17 15 14 17 19 19 18 18 18 19 21 23 22 24 34 45
 54 62 66 67 64 60 59 29]","[31 32 13 10 10 12 14 16 15 13 12 13 13 11 10 10 10 10 10  9  9  9  9  9
  9  9  8  8  8  8  8  8  5  6  7  8  8  8  8  9  7  7  7  7  8  8  8  8
  8  6  5  5  6  6  5  4  4  4  4  4  3  3  3  3  2  3  3  4  3  3  3  3
  3  2  2  2  2  3  3  3  4  4  3  4  4  4  4  3  3  3  3  3  3  4  4  4
  4  4  4  5  5  4  4  3  4  3  2  2  2  3  3  4  4  4  4  5  5  4  3  3
  5  5  4  4  3  3  4  5  6  6  7  8  8  9  9 10 10 10 10 10 10 10 10 10
 11 11 11 10 10 10  9  9 10 10 10 12 15 16 16 15 15 15 16 16 15 15 15 16
 16 16 16 17 17 18 18 18 16 14 15 19 22 21 19 19 23 22 24 26 28 36 51 65
 72 67 62 58 62 62 59 30]","[29 27 17 13 13 15 17 17 16 14 12 13 13 11 10 11 10 10 10  9  9  9 10 10
  9  9  9  9  8  8  8  9  7  7  8  8  7  6  7  8  6  6  7  8  8  8  8  8
  8  7  6  6  7  8  7  7  6  6  5  5  5  4  4  4  3  4  4  4  3  2  2  2
  3  3  2  2  2  2  3  3  4  4  4  4  4  4  4  3  3  3  3  3  3  3  3  3
  3  3  3  4  4  4  4  3  3  3  2  2  2  2  3  3  4  3  4  5  5  4  3  3
  4  4  3  3  3  4  4  5  6  7  8  9  9  9 10 10 11 11 12 12 11 11 10 10
 11 11 11 11 11 11 11 11 12 11 12 13 16 17 16 15 14 15 15 16 15 15 15 15
 16 16 16 16 17 17 17 17 16 17 18 20 21 21 20 19 24 24 26 31 38 48 60 70
 69 66 63 60 62 61 60 28]","[30 27 22 17 17 18 19 17 17 14 13 14 14 13 13 13 13 13 12 10 10 11 12 12
 12 12 11 11 11 10 11 10 10 10 10  9  7  7  7  7  7  7  7  8  8  8  8  7
  7  7  6  6  6  7  8  9  8  8  7  7  7  6  6  6  5  6  6  6  4  3  3  3
  4  4  3  3  3  3  4  4  3  3  3  4  4  4  3  3  4  4  4  3  3  3  4  4
  3  3  3  3  4  4  4  4  3  3  2  2  2  2  3  3  4  3  4  5  6  5  3  3
  3  3  3  3  3  4  6  7  7  8  9  9  9  9 10 10 10 10 11 11 10 10  9  8
  8  9  9  9  9 10 10 10 11 11 11 13 14 16 16 15 14 15 16 17 16 16 15 15
 16 16 16 16 16 16 16 16 17 20 20 18 17 19 19 19 21 24 32 43 53 59 62 63
 61 59 60 62 64 63 66 29]","[29 29 37 26 23 20 25 18 17 20 19 16 16 17 16 16 14 15 15 15 15 13 13 15
 15 15 14 13 13 14 13 13 12 10  8  8 10 12 10  8 10  9  6  8  8  7  8  7
  8  7  5  4  4  4  7  9  7  8  8  8  7  6  6  6  6  6  6  6  6  5  4  4
  4  4  3  3  4  5  4  4  4  4  5  4  4  4  4  4  4  4  3  4  4  5  4  4
  4  4  4  4  4  4  3  2  2  2  2  2  3  3  4  5  3  3  4  5  5  5  4  3
  4  4  4  3  3  4  6  8  8  8  9 10 10 10 10 10 12 10 10 10 10  9  8  8
  8  8  9 10 10 10 10 11 11 13 14 14 15 16 17 16 15 15 15 16 16 16 16 17
 16 16 16 16 16 16 17 19 19 18 22 20 18 21 21 23 22 29 44 58 65 63 59 56
 58 60 60 65 65 62 61 29]","[30 30 38 37 43 44 43 34 33 32 28 24 25 24 18 15 17 15 15 16 14 13 15 17
 15 18 11  9 10 13 17 13 10 11 11 11 12 13 11  8 10 10  8  9  8  7 10 10
  7  7  6  6  5  5  6  8  8  8  8  7  6  6  6  6  5  6  6  7  7  8  8  8
  8  6  5  4  4  4  5  5  4  5  6  5  5  4  4  5  4  4  3  3  4  4  4  4
  4  4  3  3  4  4  3  3  3  3  3  3  3  3  3  4  4  4  5  5  5  4  4  3
  4  4  4  4  6  7  8  8  8  9 10 10 10 10 11 13 12 11 10 10  9  9  8  8
  9  9  9 10 10 10 11 11 13 14 15 15 16 16 16 15 14 14 15 15 15 15 15 16
 15 15 16 17 17 16 16 16 18 19 22 21 23 22 20 27 35 43 56 65 65 60 57 58
 58 62 64 65 61 58 58 29]","[29 28 28 32 40 44 41 36 43 43 39 37 39 37 32 27 27 18 17 18 18 16 17 16
 15 19 12 15 16 15 18 10 13 13 13 11 11 12 12 11  9 11 11 11 10  8 10 10
  9  8  7  8  8  9  9 10  8  8  8  7  7  7  7  7  7  7  7  7  8  8  8  9
  9  8  6  5  5  5  5  5  5  6  7  7  6  5  5  5  5  4  3  3  3  4  4  4
  4  4  3  3  3  4  4  4  4  4  4  3  3  2  3  4  5  5  5  5  5  5  4  4
  5  4  4  5  8  9  8  7  7  9 10 10  9  9 11 14 13 12 11 10 10  9  9  9
  9  9  9 10 11 12 12 13 15 16 17 17 17 17 15 14 13 14 15 16 16 16 16 16
 17 17 17 19 20 18 16 15 15 18 19 20 25 23 25 40 57 62 68 69 64 58 56 58
 58 62 62 63 61 61 61 29]","[29 30 22 24 27 28 26 27 30 32 32 32 33 34 32 32 40 31 30 32 30 29 29 25
 21 17 13 16 18 14 17 17 15 15 15 15 15 14 12 11  9 13 14 16 14 11 11  9
  9  8  7  8 10 11 12 13 10  9  9  8  7  7  7  8  8  8  7  7  7  7  8  8
  6  7  8  8  8  7  5  4  5  7  8  8  7  6  6  6  5  5  4  4  4  4  4  4
  4  4  3  3  3  4  4  4  3  4  4  3  3  3  3  4  4  4  5  5  5  5  5  4
  6  5  4  5  7  8  8  7  8  8 10 10 10 10 12 14 13 12 11 11 10  9  9  9
  9  9  9 11 13 14 15 15 17 17 18 18 18 17 15 14 13 15 17 17 18 18 17 17
 19 19 20 21 21 19 18 17 18 20 22 24 28 32 42 59 69 67 65 63 60 58 57 57
 59 62 61 62 62 64 64 30]","[28 32 22 25 24 23 17 20 23 25 25 24 25 26 27 29 36 37 43 47 45 48 52 51
 43 36 34 32 28 24 19 22 23 18 15 17 16 14 12 13 12 15 16 17 17 14 13 11
  9  7  7  8 10 12 12 12 11 10 10  9  9  9  9  9  7  7  7  7  7  8  9  9
  6  7  8  9  9  8  6  6  5  6  8  8  7  6  5  5  5  6  6  6  6  5  5  5
  4  4  4  4  4  4  4  4  4  4  4  3  3  3  3  3  3  4  5  5  5  5  4  4
  5  5  5  5  6  7  8  8  9  9  9 11 12 12 12 13 11 10 10 10  9  8  8  8
  9 10 11 13 14 16 16 16 17 17 18 18 17 16 16 15 15 17 19 19 19 19 18 17
 18 19 20 20 20 19 19 20 20 18 21 27 31 41 56 63 65 60 56 54 55 57 58 58
 61 65 64 64 63 63 64 31]","[28 29 17 21 22 20 17 18 19 19 16 15 17 19 17 19 17 20 28 32 33 37 41 40
 37 35 43 40 40 44 37 39 35 28 23 24 24 19 15 15 16 17 15 14 14 13 15 11
 11 10 10 11 12 12 11 10 12 12 11 11 11 11 10 10  9  9  9  8  8  8  8  8
  8  8  9  8  8  7  6  7  5  6  6  6  6  5  4  4  6  6  7  7  7  6  6  5
  4  4  5  6  5  4  4  4  5  4  4  4  3  3  3  3  4  4  5  5  5  4  4  3
  5  5  5  5  6  7  9 10  9  8  8 10 12 12 11 10  9  9  9  9  9  8  8  8
 11 12 13 14 15 16 16 16 18 17 17 17 17 16 16 16 16 19 20 19 19 19 18 17
 17 18 19 20 20 21 22 23 24 22 29 40 47 59 70 65 58 57 55 54 55 57 58 59
 61 64 63 64 64 64 63 30]","[31 29 15 16 19 17 19 18 18 18 15 15 17 17 15 16 17 17 18 20 21 22 20 18
 23 23 27 25 27 34 34 36 44 43 44 47 48 42 34 28 27 27 22 18 16 16 18 16
 17 15 14 14 13 12 12 12 13 13 12 12 12 12 11 10 12 11 10  9  9  8  7  7
 10 10  9  9  8  7  8  8  6  6  6  6  6  5  5  4  6  6  7  7  7  6  6  6
  5  6  7  7  6  5  4  4  5  4  4  4  4  4  3  3  4  4  4  4  4  4  4  4
  5  5  5  5  6  8  9 10  9  8  7  8 10 10  9  9  8  8  9  9  9  8  9 10
 12 13 14 15 15 16 16 16 18 16 16 16 16 15 15 17 16 18 19 18 18 20 20 19
 18 18 19 22 23 23 24 25 25 31 41 55 61 65 68 61 58 59 59 58 57 57 58 59
 59 60 59 63 64 64 61 28]","[30 29 17 16 17 15 18 16 15 16 16 16 17 16 16 18 16 16 15 17 19 17 16 19
 18 17 18 21 23 22 23 24 31 32 32 33 35 38 36 33 40 41 35 29 25 24 26 24
 22 19 16 14 13 13 14 15 13 13 13 13 13 13 11 10 10 10 10 10  9  9  9  9
 10 10 10 10  9  8  8  9  7  7  6  6  6  6  5  5  5  6  7  6  6  5  6  6
  6  7  7  7  6  5  5  4  5  4  3  4  5  5  5  4  4  4  3  3  3  4  5  6
  5  5  4  4  6  7  8  8 10  8  7  8  9  9  9  9  8  7  8  8  8  8  9 10
 12 13 14 15 15 16 16 17 17 16 16 16 16 15 15 16 15 17 18 17 18 21 23 23
 18 18 20 22 24 25 24 24 30 44 57 68 70 64 62 58 57 58 58 57 57 57 58 58
 55 58 60 64 61 58 58 28]","[28 29 18 16 18 16 17 13 15 15 16 18 19 18 17 16 16 16 15 15 16 16 16 16
 16 16 17 18 17 17 17 17 19 22 24 21 19 21 27 32 35 38 38 34 32 35 37 36
 32 31 31 30 27 23 20 19 17 16 15 15 15 13 11 10  8 12 11 10 12 11  9 11
 10  9  9 10 10 11 11  9  9  8  8  7  7  7  6  6  8  6  5  7  6  4  5  8
  8  7  7  8  8  7  7  8  7  6  5  5  6  7  6  6  6  5  5  4  4  5  6  7
  5  4  4  4  5  7  8  9 10  9  9  9  9  9  9  8  9  9  9  9 10  9 10 11
 13 15 16 16 17 16 17 19 19 17 17 18 18 16 16 18 17 17 16 16 19 22 23 22
 16 17 19 21 25 23 23 34 45 54 64 67 65 62 59 58 60 57 59 63 63 63 63 62
 58 59 62 63 62 58 61 29]","[29 31 20 18 19 16 19 18 19 18 19 21 22 20 18 16 16 16 16 16 16 16 16 16
 16 16 16 16 16 15 15 16 16 16 15 14 14 16 17 17 19 20 23 24 26 30 34 37
 38 38 40 44 43 37 33 32 24 22 21 21 20 17 14 11 18 16 12  9  9  9  9 11
 11 10 12 13 12 11 11 10 10  8  8  9 10  8  8  8 10  9  8  8  8  6  5  6
  8  7  6  6  6  6  6  7  7  6  5  5  6  6  5  5  8  7  6  5  5  5  6  6
  4  4  3  4  5  6  7  8  9  9  9  9  8  8  8  8  9  9 10 11 11 11 11 12
 15 17 17 16 17 17 16 18 19 17 16 17 17 17 17 18 18 18 17 17 19 21 22 21
 19 17 18 20 24 28 36 53 58 60 60 59 58 59 60 60 57 57 61 66 66 63 62 61
 59 61 63 64 63 61 62 28]","[28 30 23 23 22 19 21 21 19 20 19 21 22 21 17 15 17 17 17 17 17 17 18 18
 16 15 15 16 15 15 15 16 17 16 14 13 15 17 16 14 16 15 15 18 18 17 19 23
 23 21 23 28 30 27 26 29 37 34 31 31 31 31 31 31 20 17 15 14 12 11 11 10
 11  9 12 13 11  8  9  9  7  8  7  7  8 10  9  6  8  8  8  8  8  8  7  5
  9  7  6  5  6  6  6  7  7  6  6  6  5  5  5  5  8  7  7  6  5  5  5  5
  4  4  4  4  4  5  7  8  7  8  8  8  7  7  7  8  9 10 11 12 13 14 14 14
 16 17 16 16 17 16 15 16 17 16 15 14 14 16 17 17 18 18 18 18 19 21 22 21
 20 18 20 24 31 42 53 64 64 61 58 56 58 59 58 57 52 55 61 66 66 62 59 59
 61 64 65 64 65 65 66 28]","[29 28 25 27 26 23 23 23 19 19 20 21 22 20 18 16 20 19 18 18 18 18 18 17
 16 16 16 16 16 15 15 16 16 16 15 13 13 14 15 15 17 15 15 16 15 12 13 15
 17 14 13 16 19 20 22 25 31 30 30 32 34 37 40 42 41 36 34 32 27 25 22 16
 19 16 16 18 15 11 11 11 12 11 10 10 11 10  9  8  6  8  9  8  8 10  9  7
 10  8  7  6  7  8  8  8  8  7  7  7  6  5  5  5  7  7  6  6  5  5  5  5
  6  6  6  5  5  5  6  7  7  7  7  7  7  7  8  8  9 10 11 12 14 15 15 15
 16 16 15 15 17 16 16 16 16 16 15 12 13 16 18 18 19 19 19 19 21 22 23 22
 20 21 28 34 45 59 63 62 61 59 58 60 61 60 57 54 51 54 59 64 64 60 57 58
 62 64 65 62 64 68 69 29]","[29 27 26 29 29 27 27 26 24 23 24 25 24 22 21 20 25 22 19 18 19 18 16 14
 16 16 16 16 16 15 14 14 15 16 16 14 12 13 13 13 15 15 15 15 14 14 14 15
 14 13 13 14 15 17 17 16 15 17 22 26 27 28 29 30 31 30 29 28 29 36 38 33
 29 24 23 26 25 21 18 16 13 10  9 13 13 10  8 11  8 10 11  9  8 10 10  8
 10  9  8  8  9 10 10  9  9  9  9  8  7  6  6  7  7  7  7  6  6  6  6  6
  8  8  7  6  5  5  6  7  7  6  6  7  8  9  9  8  9 10 11 11 13 15 16 15
 16 17 15 15 17 17 16 17 16 17 16 14 13 16 19 19 21 20 20 21 22 23 23 23
 24 27 37 48 58 66 64 60 58 57 58 60 61 59 57 57 57 58 59 62 64 61 58 60
 62 63 62 59 62 66 68 29]","[30 27 28 30 30 30 31 29 28 27 27 27 26 25 24 23 26 23 21 20 21 22 20 18
 16 16 16 16 16 15 13 13 16 17 17 17 17 17 15 13 14 15 16 15 14 15 15 15
 14 15 14 13 14 16 16 14 14 15 18 20 19 18 17 20 23 23 23 22 25 31 33 29
 32 29 31 35 36 34 31 28 22 24 23 18 14 13 11  9  8 10 11  9  9 10 11 10
 11 11 10  9 10 11 11 10 10 10 10  9  8  7  7  8  8  8  8  8  7  7  7  7
  9  8  8  6  6  5  6  6  8  6  6  7  9 11 10  9 10 11 11 11 12 14 16 15
 16 17 15 15 17 17 16 16 16 17 17 16 15 16 18 19 20 20 20 21 22 22 23 25
 32 35 49 62 68 63 57 58 56 56 58 62 62 59 58 60 62 62 60 60 63 61 59 62
 64 63 61 59 62 65 66 28]","[29 29 33 33 29 30 31 29 28 26 25 27 28 28 27 26 27 25 24 23 24 25 24 23
 19 18 17 17 17 16 15 14 16 17 18 18 19 19 16 13 12 14 15 15 15 16 17 16
 14 13 12 12 12 13 15 15 17 16 15 15 14 13 14 15 16 17 17 19 21 20 17 16
 18 17 20 23 23 24 25 24 35 44 42 29 21 23 20 12 12 12 12 11 13 14 14 12
 12 12 11 10  9 11 11 10 10 10 10 10  9  8  8  9 10  9  9  8  8  8  8  8
  9  9  8  7  6  6  6  6  8  8  7  8 10 10 10  9 11 13 12 11 12 14 16 15
 15 16 15 14 16 16 15 16 16 16 16 17 17 16 16 17 18 19 21 22 22 24 29 34
 45 49 58 64 66 58 50 53 54 54 59 64 65 60 58 59 62 62 59 59 63 61 59 64
 64 63 62 62 65 64 65 29]","[28 31 39 38 31 30 30 28 26 24 23 26 31 33 31 30 30 29 27 26 24 24 23 23
 22 21 20 19 19 18 17 17 19 21 22 20 18 16 16 15 14 15 15 16 16 16 16 16
 17 15 15 15 15 13 13 14 15 14 14 14 14 15 15 15 14 15 15 18 21 16 11 14
 13 13 14 13 11 13 17 18 23 27 30 27 24 22 23 24 20 18 17 17 18 19 17 15
 14 14 12 10 10 10 11 11 10 10 10 10 10  9  9  9  9  9  8  8  8  8  9  9
 10  9  8  7  7  8  7  7  9  9  9  9  9 10 10 10 13 14 13 12 12 15 16 15
 15 16 15 15 16 16 16 17 18 16 16 18 19 18 16 16 16 19 23 24 25 28 36 45
 59 62 61 55 56 54 48 50 55 54 58 64 66 62 59 60 59 61 58 58 62 61 60 66
 63 61 62 65 67 64 64 29]","[31 26 71 63 56 55 51 45 39 43 45 41 28 30 44 34 32 29 25 27 25 22 23 26
 24 20 23 24 21 16 20 20 17 19 22 22 18 18 18 16 15 13 13 13 16 18 15 17
 17 14 14 13 15 15 11 15 16 16 16 16 14 12 12 13 14 14 16 17 16 15 13 11
 10 11 11 10 10 12 16 17 16 16 16 17 17 17 19 22 17 18 20 22 24 25 23 19
 17 17 16 15 15 15 13 11 10 10 11 11  9  9  8 10 10  8  8  9  9  8  9 11
 11  9  8  8  9 10  9  7 10  9  8  8  7  8 11 14 15 12 11 13 15 15 16 17
 16 16 17 17 16 16 16 17 17 18 18 19 20 19 16 16 18 22 21 24 27 37 46 56
 62 62 53 49 53 51 48 53 56 58 59 62 66 61 56 57 57 60 61 62 65 64 62 61
 62 63 64 64 66 64 63 29]","[27 30 83 80 74 77 80 81 79 77 75 76 64 55 56 45 37 33 32 31 27 24 25 28
 25 25 25 23 27 23 23 24 22 23 25 24 19 17 20 23 20 17 17 15 16 18 17 18
 16 15 17 15 15 16 14 19 17 16 16 15 15 15 16 17 14 14 15 16 16 15 13 12
 11 12 12 11 12 14 16 16 14 14 15 17 17 16 15 15 16 16 17 18 20 23 23 22
 20 21 21 22 23 23 21 18 13 14 15 15 15 12 11 10 11 11 11 12 11 10 10 12
 12 11  9  8  9 10  9  9 10  9  9  9  8  8 11 13 13 12 12 14 16 16 15 15
 16 17 18 17 16 16 16 17 16 19 20 20 19 18 18 21 23 20 19 25 40 51 58 63
 59 58 53 50 53 51 49 52 57 59 60 64 66 61 56 55 56 61 63 64 65 64 61 61
 63 65 65 65 67 67 66 29]","[29 31 86 88 87 92 95 94 86 83 81 87 84 79 81 76 80 71 67 60 54 48 38 37
 33 32 32 25 21 20 23 23 21 26 29 28 22 19 20 23 22 18 19 18 16 20 21 20
 17 17 18 16 16 16 15 16 17 17 17 16 16 16 16 14 16 15 15 15 15 15 14 13
 13 13 12 13 14 15 15 13 13 13 14 15 16 15 13 13 14 14 13 13 14 16 17 17
 15 16 18 19 21 22 21 19 19 19 19 20 21 20 17 16 15 14 15 15 13 11 11 12
 14 13 10  9  8  9 10 10  9  9  9 10  9  9 10 12 12 12 13 15 17 17 16 16
 16 17 17 17 16 16 16 17 17 19 19 19 19 19 20 23 25 23 30 41 61 65 64 60
 59 58 57 58 58 57 56 57 59 60 60 61 63 59 56 56 58 64 67 67 66 64 63 63
 65 67 67 65 68 70 69 29]","[30 29 81 86 90 97 96 92 94 96 92 88 85 86 91 89 87 77 76 72 73 76 69 72
 69 60 63 55 40 39 45 32 26 30 29 23 19 20 21 22 23 18 21 20 18 23 23 20
 15 16 17 16 18 18 16 16 16 17 17 15 16 18 18 16 18 17 15 14 14 14 14 14
 13 13 13 14 15 15 13 12 13 13 13 13 13 12 12 13 13 13 12 11 11 11 10 10
 12 12 13 14 16 17 17 16 20 18 18 19 21 22 22 22 19 19 18 18 15 12 12 13
 15 14 11 10  8  8  9 10 10 10 10 10  9  9  9 10 12 13 13 15 16 17 17 17
 16 16 16 16 16 16 17 18 20 19 17 18 21 22 21 23 25 32 43 53 63 64 61 58
 55 55 58 61 59 57 58 58 58 58 58 59 60 58 56 55 61 67 69 68 67 66 65 66
 66 67 68 67 68 70 70 29]","[29 28 81 84 85 90 90 88 88 95 94 90 89 94 98 97 94 91 97 93 91 90 83 86
 81 72 78 80 77 79 78 60 48 48 43 39 37 31 24 22 21 18 19 19 18 23 22 16
 21 23 22 21 20 18 18 19 22 23 21 17 17 19 20 19 18 17 16 15 15 15 14 13
 13 13 13 14 14 13 13 13 14 13 13 12 11 10 10 11 12 12 12 12 11 10 10 10
 10 11 11 12 13 14 13 12 13 13 13 13 15 16 18 19 19 19 19 18 17 15 15 16
 16 15 14 12 10 10 10 10 11 11 11 10  9  9  9  9 10 11 13 14 15 16 16 15
 16 16 16 16 16 17 18 19 20 20 18 19 22 24 25 27 28 43 53 57 55 56 55 57
 53 54 60 62 57 55 57 56 55 56 58 60 60 59 57 55 60 66 68 67 68 67 65 63
 65 65 68 68 67 67 68 29]","[ 30  29  81  82  80  81  82  81  81  83  84  86  89  93  95  93  91  92
 100 100  98  96  87  85  85  85  85  84  90  87  81  75  73  70  70  77
  82  72  61  59  64  58  54  45  40  40  32  23  21  24  22  22  20  18
  21  26  25  25  24  22  22  21  20  17  16  17  18  19  19  18  16  14
  14  14  15  15  14  15  14  16  12  12  13  14  13  12  12  13  13  13
  12  11  10   9   9  10   9  10  11  12  12  12  10   8   9  10  10  11
  11  11  11  13  15  15  16  16  16  16  17  17  17  17  16  15  14  13
  12  12  12  12  11  10  10  10  10  10   9  11  14  15  16  16  15  14
  16  16  16  15  15  16  17  18  18  19  19  19  22  25  31  38  47  58
  61  59  52  52  51  54  56  57  62  64  58  56  57  58  58  56  57  58
  58  59  61  61  58  63  64  65  68  68  64  60  65  64  68  68  66  66
  68  29]","[29 28 80 82 80 82 82 81 81 77 78 81 86 91 90 87 81 81 82 83 87 90 90 88
 85 90 89 85 92 87 86 94 95 89 81 83 88 84 77 79 79 74 68 59 56 58 53 48
 49 48 40 38 34 25 23 24 26 25 24 25 27 26 22 20 19 20 21 22 23 22 20 19
 19 18 18 18 17 15 15 17 12 12 13 15 16 15 15 14 14 13 12 12 10  8  8 10
 10 11 11 12 13 13 12 10 10 10 11 11 11 10 10 10 10 11 12 13 14 15 15 14
 16 15 15 15 15 14 13 12 12 12 12 11 12 13 13 12 10 12 15 15 15 16 16 16
 16 16 16 16 17 17 17 17 17 18 18 19 24 31 43 53 65 64 59 54 50 50 53 58
 57 57 60 62 59 57 58 59 60 58 58 59 58 61 65 65 60 63 64 65 69 71 67 62
 67 66 69 69 66 69 71 28]","[29 29 81 82 78 79 80 81 80 76 77 77 79 84 81 75 77 81 82 83 82 81 82 80
 80 81 83 82 86 81 85 92 97 95 84 79 87 91 90 90 93 90 83 73 73 78 76 74
 81 75 65 68 68 58 51 46 41 34 28 25 26 25 22 19 25 24 24 24 24 25 24 24
 24 22 20 20 19 17 17 16 16 14 14 15 15 15 13 12 13 13 14 15 13 11 11 12
 10 10  9  8 10 12 12 12 11 10 10 11 11 10 10 11 10 11 12 12 12 13 12 10
 11 11 12 12 12 12 11 10 11 13 13 13 13 15 15 13 12 13 14 12 12 14 17 18
 16 17 18 19 19 20 19 19 20 19 17 19 28 40 53 64 58 53 52 51 56 52 54 58
 57 57 59 61 61 60 61 62 56 57 61 64 62 64 65 62 64 66 66 65 70 74 72 68
 69 69 72 70 68 72 74 29]","[29 30 79 80 78 74 75 78 79 76 74 76 79 79 77 75 75 76 78 79 80 81 81 80
 81 79 74 75 79 76 73 79 78 80 76 76 81 81 80 86 93 94 89 86 90 89 84 82
 83 80 78 79 81 81 79 76 74 73 72 69 60 45 36 37 43 26 29 27 24 27 24 30
 23 24 24 23 21 19 18 17 16 16 17 16 14 14 15 14 13 16 15 15 13 11 14 14
 10 11 11 11 11 11 13 14 13 12 12 13 14 13 12 10 10 10 11 12 12 11 11 10
 10 10 10 10  9  9 10 11 10 11 12 12 12 11 11 11 11 13 13 11 10 14 17 19
 17 16 17 19 20 21 22 23 23 22 16 28 44 55 63 58 57 55 50 52 56 56 57 58
 54 54 56 58 62 65 65 63 58 58 60 62 62 61 62 63 64 66 69 72 73 70 68 69
 67 69 71 71 73 76 76 29]","[29 29 76 77 77 75 74 74 78 76 74 74 75 77 77 77 75 75 76 77 79 80 79 77
 78 77 73 74 78 76 73 76 71 72 68 67 73 75 73 75 76 80 81 82 85 85 82 82
 85 83 83 85 87 87 85 83 80 79 78 81 83 81 79 80 70 65 57 55 49 44 46 36
 25 23 24 20 24 18 19 16 19 17 18 19 18 16 16 15 16 16 15 17 16 12 12 11
 14 13 12 12 12 12 12 12 12 11 11 11 13 13 12 11  9 10 12 13 13 12 10  9
 11 10 10 10 10 10 10 10 10 11 11 10  9 10 10  9 10 12 13 11 12 14 16 17
 18 17 18 20 20 18 19 21 23 26 31 48 57 54 58 58 58 56 50 51 55 57 59 60
 56 55 55 58 61 63 64 63 62 60 60 62 63 63 61 61 61 63 66 70 72 70 68 66
 68 70 70 70 71 74 75 28]","[30 28 73 74 76 76 74 72 74 76 76 75 73 73 73 72 73 75 75 75 77 78 76 72
 73 74 72 73 77 76 73 75 71 74 72 71 73 73 73 78 71 73 76 77 76 76 78 81
 82 82 83 85 86 86 84 84 86 85 82 83 86 86 81 79 81 84 75 76 73 70 74 59
 51 48 52 41 40 24 25 23 19 17 17 16 17 19 19 16 14 17 17 20 18 13 15 16
 16 15 16 16 15 14 15 15 14 12 11 11 12 13 12 12 10 11 12 13 13 12 11 11
 12 11 10 10 10 10 10  9 10 10 11 11 11 11 10  9 11 13 15 15 15 17 17 17
 17 15 16 19 19 18 21 26 32 40 50 64 62 50 51 55 58 56 48 47 52 56 59 60
 57 55 55 58 61 62 63 64 62 60 58 59 61 62 60 58 56 59 63 67 70 70 67 63
 66 68 69 69 69 72 75 29]","[30 29 73 73 74 76 75 73 71 74 76 75 74 74 74 74 72 74 74 73 74 75 73 69
 69 71 70 70 73 75 73 74 73 73 73 72 70 65 66 73 76 75 76 76 72 71 73 76
 78 78 78 79 78 78 78 79 76 77 78 80 84 84 83 84 83 83 86 85 83 83 79 73
 73 74 84 80 83 70 74 75 59 58 51 38 32 35 33 24 17 20 19 20 18 16 18 17
 17 16 17 17 13 12 14 14 17 16 13 13 13 13 13 12 12 12 13 13 13 13 12 12
 12 11 11 11 10 10 10  9 10 10 12 14 15 13 11  9  9 12 14 15 15 16 16 15
 16 14 15 18 20 22 29 37 47 56 61 63 55 46 49 52 54 55 48 46 50 54 58 58
 57 55 55 59 63 63 63 64 64 63 61 60 61 61 60 59 57 60 63 66 69 70 68 64
 66 68 68 68 68 70 73 29]","[29 29 75 73 73 74 76 76 79 79 78 74 72 73 74 74 73 74 74 71 71 72 73 71
 69 70 69 68 70 72 73 72 72 72 72 72 72 72 72 74 75 73 74 76 74 72 71 71
 76 75 74 73 72 72 74 76 76 75 74 75 77 75 75 79 81 81 90 85 81 83 74 73
 80 79 84 86 89 83 82 82 80 80 74 63 57 62 62 55 57 50 36 27 25 26 25 19
 24 19 16 17 15 15 19 18 16 15 13 12 13 13 12 11 11 12 12 12 13 13 13 14
 12 13 13 13 12 11 12 12 10 10 11 14 14 13 10  8 10 12 13 15 15 16 16 16
 17 15 15 19 24 30 39 47 55 60 59 55 49 47 51 52 52 54 51 50 52 55 58 59
 59 57 58 62 65 65 63 63 63 64 64 61 59 59 60 59 61 64 66 67 68 69 68 66
 68 69 69 68 67 69 71 28]","[29 29 75 73 72 72 74 77 81 80 79 77 74 73 72 71 74 74 72 70 70 72 74 76
 74 73 71 70 70 72 73 73 65 71 74 71 70 75 78 76 72 71 69 70 71 71 70 70
 74 73 72 72 71 71 73 75 77 75 72 74 75 72 70 72 71 76 76 69 68 73 75 74
 81 80 80 83 82 81 80 81 80 79 78 75 72 73 73 71 87 83 74 67 63 57 49 38
 41 29 23 23 21 22 23 18 19 17 16 15 16 16 15 14 11 11 12 13 13 13 12 12
 12 14 15 15 14 13 15 16 13 12 11 12 12 11 10  9 11 12 13 14 15 15 16 17
 16 15 16 22 30 39 47 53 57 56 54 53 51 48 48 49 50 54 53 54 57 57 59 60
 60 59 60 64 66 65 63 61 58 62 64 61 59 61 64 64 64 66 66 66 65 65 65 65
 68 69 70 70 69 70 72 29]","[29 28 74 73 72 70 73 76 73 74 76 78 78 75 73 73 75 74 73 73 73 73 74 76
 77 74 73 73 72 73 74 74 71 77 80 76 70 71 74 73 72 72 68 65 68 68 68 70
 71 71 71 72 73 72 73 74 72 71 69 69 69 67 64 63 68 70 63 59 60 64 70 70
 70 72 71 72 70 72 72 75 77 75 78 81 81 80 80 80 85 81 74 71 70 69 72 72
 72 60 56 55 48 43 40 32 25 23 21 19 18 17 15 13 17 17 16 15 15 15 13 13
 14 15 16 16 15 15 16 16 16 13 12 13 13 11 11 11  9 10 11 12 12 13 14 16
 16 18 22 30 41 49 53 53 55 52 52 52 51 48 47 49 52 54 53 57 59 58 58 58
 59 58 59 61 63 63 61 59 59 64 66 65 66 69 70 69 65 65 66 66 65 64 64 66
 67 69 71 72 72 73 74 30]","[31 28 73 73 72 70 72 75 76 75 75 77 76 72 71 74 75 73 74 77 77 75 73 73
 76 74 73 74 73 73 74 74 75 73 74 76 72 68 69 71 69 74 71 67 69 68 66 68
 69 70 72 74 75 74 73 72 72 73 70 66 64 65 66 68 69 66 63 65 67 66 63 65
 65 65 64 66 67 70 70 70 72 72 74 76 75 76 74 71 75 73 71 76 79 76 76 76
 75 70 74 77 68 61 58 52 51 48 44 40 37 34 31 29 28 26 22 19 17 17 16 17
 15 16 16 16 16 15 15 15 16 14 13 15 15 13 12 12 11 12 14 15 14 15 17 19
 21 24 30 39 50 56 55 50 52 51 51 49 47 48 50 53 54 55 53 57 60 58 57 56
 57 57 57 57 59 61 60 57 61 65 67 66 67 70 69 65 68 67 68 69 69 68 68 70
 70 71 73 75 74 73 73 28]","[28 29 72 68 71 75 76 76 77 78 75 72 72 73 72 72 74 74 76 80 75 70 72 71
 72 75 73 76 77 75 78 76 76 77 74 74 71 68 69 69 72 71 70 71 72 75 72 65
 71 72 74 76 74 71 71 72 71 68 67 65 70 69 63 70 68 66 63 65 69 70 65 59
 62 60 59 60 62 64 66 68 70 68 68 70 70 67 63 62 67 68 69 73 74 73 75 75
 72 69 69 74 77 77 73 71 67 66 63 58 55 54 52 50 48 40 39 34 36 30 26 24
 20 15 15 18 16 15 17 14 16 17 15 13 14 13 12 14 12 15 16 15 16 18 20 24
 26 34 43 51 56 58 53 46 48 51 52 50 48 48 51 57 57 55 55 58 59 57 55 55
 54 54 55 57 58 58 59 60 64 66 66 65 65 64 64 66 67 68 69 71 71 71 72 73
 74 73 74 75 72 68 70 28]","[29 30 74 71 72 75 77 77 74 75 72 70 72 73 72 73 73 73 75 79 75 72 74 72
 73 74 75 78 79 77 76 74 78 80 78 76 73 72 72 70 71 72 71 68 68 72 73 69
 70 71 74 75 74 71 69 69 69 67 65 64 70 71 66 70 67 66 64 65 67 69 66 61
 61 61 59 57 59 62 64 65 66 64 65 67 68 65 61 60 64 63 61 64 68 68 67 64
 64 64 65 67 68 66 66 68 68 69 68 66 65 65 64 63 67 69 73 64 54 46 43 45
 41 33 29 27 22 21 22 19 18 19 17 14 15 16 15 14 14 15 15 16 17 19 21 25
 37 44 51 54 54 53 49 45 47 50 51 52 51 50 50 52 56 55 54 54 55 57 58 58
 56 56 56 57 58 58 58 58 61 64 65 65 65 64 64 65 67 69 71 72 72 72 73 73
 73 71 71 72 71 70 72 29]","[29 30 75 74 74 75 77 78 75 76 73 72 74 74 73 73 71 73 74 77 75 74 75 72
 71 70 73 76 77 75 70 70 76 80 79 76 74 74 74 70 71 73 75 72 69 72 74 71
 70 72 74 75 74 72 70 69 70 69 66 64 69 71 67 67 67 67 66 64 65 66 65 64
 61 62 60 57 57 62 65 65 64 63 63 65 65 64 62 61 65 64 60 63 66 66 65 61
 61 62 63 64 63 61 62 64 60 63 65 65 65 65 65 64 66 72 77 72 64 62 61 64
 57 49 45 43 38 36 33 28 22 25 23 18 18 20 21 20 17 17 16 16 17 20 27 35
 46 51 54 52 48 47 47 46 47 49 50 52 54 54 52 53 53 54 53 52 53 58 60 60
 59 58 58 59 60 59 58 58 59 63 65 66 67 66 65 66 68 70 71 70 70 72 73 74
 72 70 68 69 70 72 74 29]","[29 29 76 77 77 77 79 79 76 76 75 75 78 78 75 74 73 76 76 77 76 76 77 74
 71 67 72 74 75 73 67 69 74 77 75 74 72 72 74 73 70 70 72 71 68 69 70 69
 71 72 74 75 75 73 72 71 71 72 69 65 68 71 67 64 66 67 66 64 63 64 65 65
 61 62 61 59 59 62 66 67 66 64 62 62 63 64 65 66 64 63 60 62 64 64 65 62
 60 59 58 59 60 59 58 57 56 58 60 61 61 61 59 58 60 61 62 63 60 66 64 66
 65 59 57 58 57 57 53 47 30 33 34 33 34 32 27 23 22 22 21 21 23 25 33 44
 48 50 50 46 42 43 46 49 49 50 49 50 53 55 54 54 52 54 55 56 57 59 60 60
 60 59 59 61 62 61 60 59 59 63 65 66 67 66 66 68 69 71 71 69 69 71 74 75
 72 72 70 70 71 74 75 29]","[29 28 77 79 78 79 81 80 74 76 76 78 81 80 77 76 76 80 80 79 79 78 80 78
 76 72 76 76 75 74 69 72 74 74 73 73 71 69 72 74 74 69 67 68 68 68 70 70
 72 73 73 73 73 73 72 72 72 74 72 69 70 71 69 64 65 66 66 65 64 64 65 65
 62 61 62 62 61 61 63 66 65 64 62 62 63 64 66 68 63 61 57 59 62 63 64 62
 60 57 55 55 56 57 56 55 57 57 58 59 60 59 56 54 56 54 53 55 54 58 57 61
 65 60 58 59 61 63 62 58 54 51 46 45 45 40 33 29 27 26 26 29 34 36 40 47
 47 47 45 43 42 44 47 49 52 53 51 49 51 52 52 53 54 55 58 61 61 59 58 59
 59 59 60 62 62 62 61 61 61 63 64 64 66 66 67 69 69 71 72 71 71 72 74 74
 73 74 73 73 73 75 76 30]","[29 29 79 80 78 80 83 81 78 79 80 81 83 81 78 77 78 83 81 81 81 80 81 81
 81 78 79 78 77 74 73 75 76 75 72 74 72 68 71 74 76 70 69 72 73 73 72 71
 73 74 74 73 72 72 72 72 74 77 75 72 71 72 72 65 64 66 66 65 65 65 66 65
 65 64 64 65 64 62 63 65 65 65 64 64 64 64 65 65 65 60 55 59 63 62 62 60
 60 58 55 53 53 55 56 58 57 56 55 57 58 57 55 53 50 47 47 50 51 54 52 56
 57 55 54 54 56 57 55 52 50 49 48 48 49 48 50 56 61 54 46 45 47 46 43 42
 42 42 42 43 45 48 49 49 51 54 53 50 51 53 53 55 56 56 58 60 60 58 57 59
 59 60 62 63 63 62 62 64 65 66 64 64 66 66 67 69 66 68 71 73 73 72 71 70
 72 74 75 75 74 74 75 29]","[29 30 80 79 74 77 83 81 83 83 82 83 84 82 79 80 79 83 80 80 82 80 80 81
 81 81 78 79 78 76 76 75 77 76 73 75 76 74 75 74 73 71 72 74 75 75 72 68
 72 74 75 74 73 72 72 71 73 75 71 70 70 71 72 65 64 67 68 67 65 65 65 65
 66 66 65 64 63 63 64 65 65 66 66 64 63 62 62 61 64 60 57 61 61 56 56 57
 58 57 55 53 52 53 54 54 55 54 54 56 57 56 55 54 53 48 49 48 52 54 51 50
 51 52 52 51 53 52 50 48 44 49 53 52 48 43 44 49 56 51 45 45 49 50 47 45
 40 41 42 44 46 49 50 50 50 53 53 52 53 55 57 58 57 57 56 56 57 57 59 61
 63 64 65 64 62 61 63 66 68 68 65 65 66 67 67 68 65 65 69 73 74 71 68 68
 73 75 76 77 75 74 74 28]","[28 30 80 77 70 74 82 81 81 81 80 80 82 81 81 83 81 83 79 80 82 80 80 81
 81 82 78 79 80 78 80 76 76 76 74 77 80 80 80 76 76 76 76 74 74 77 76 71
 69 73 76 75 74 73 71 70 67 67 63 64 66 69 72 65 66 69 70 68 65 64 64 65
 62 63 62 59 59 63 65 65 66 67 65 63 60 59 59 59 65 64 63 66 61 51 52 58
 59 58 56 56 56 56 53 50 51 51 52 54 54 52 51 52 52 50 53 48 51 52 52 50
 47 49 48 46 47 49 50 51 48 48 45 40 39 39 39 40 41 44 46 48 51 50 46 45
 43 44 44 44 45 47 49 51 51 54 54 51 52 55 57 59 57 58 57 55 56 59 62 62
 65 66 67 64 60 59 62 66 69 68 65 65 67 67 65 65 66 65 67 72 73 70 68 68
 77 77 78 79 78 76 75 29]","[30 30 81 81 79 81 82 82 82 80 79 82 83 81 80 81 82 81 82 81 79 79 81 81
 81 81 82 84 82 80 80 81 81 77 75 78 80 80 79 80 80 79 78 76 76 77 77 76
 76 77 77 76 75 75 74 72 72 69 65 66 69 69 68 70 68 68 67 66 66 65 64 62
 61 62 62 62 65 65 65 66 64 65 66 65 63 61 60 61 65 62 63 68 66 59 57 61
 58 56 58 60 57 54 54 54 50 52 53 55 55 52 51 54 55 55 53 54 56 53 49 50
 46 48 48 48 48 50 53 54 52 48 44 41 38 37 39 41 42 44 46 48 51 51 49 45
 45 45 45 45 44 45 49 53 56 55 53 51 52 54 56 59 57 60 60 57 56 58 63 66
 65 67 67 65 62 61 64 67 68 66 65 65 66 67 67 67 68 69 70 69 69 70 71 70
 76 77 75 78 77 74 75 28]","[28 30 82 83 81 83 83 83 81 80 81 83 83 81 80 81 86 85 86 85 82 81 83 83
 87 86 86 86 85 83 83 84 82 80 81 85 85 82 79 78 79 80 81 79 79 80 80 79
 80 81 80 77 75 74 74 73 75 75 74 73 74 74 73 74 70 68 67 66 67 66 63 60
 62 64 63 62 65 67 65 63 61 64 66 64 63 64 65 64 63 64 63 64 66 67 64 60
 57 54 57 61 60 57 54 53 52 52 52 53 54 53 54 56 58 57 55 54 54 53 52 53
 49 50 49 48 48 51 53 54 52 48 43 40 38 37 38 39 40 43 46 48 50 50 47 44
 43 44 45 45 44 45 48 51 54 56 57 56 57 57 57 59 58 62 63 58 56 59 63 64
 65 65 65 64 63 63 65 67 66 67 66 65 65 67 70 72 70 69 68 68 70 73 74 74
 75 76 75 77 77 74 75 29]","[29 30 82 83 82 83 84 85 82 82 84 86 86 83 83 85 87 86 87 87 84 83 84 84
 87 87 86 86 85 85 85 86 85 84 83 84 84 80 78 78 78 82 84 82 81 81 81 80
 83 83 82 79 75 74 74 75 73 77 78 75 75 74 73 73 72 69 65 65 66 66 63 60
 65 67 64 62 64 67 65 61 61 66 67 65 63 65 66 65 62 62 59 57 60 65 64 59
 58 56 60 65 64 59 56 55 53 54 54 54 54 55 55 55 55 55 54 52 51 53 55 54
 50 51 49 47 47 49 51 51 52 47 42 40 40 39 38 38 38 40 43 46 47 48 48 47
 48 47 47 47 46 47 48 50 53 57 59 59 59 57 55 56 57 62 63 58 56 59 62 62
 64 64 64 64 65 65 65 65 65 69 70 67 66 69 73 76 72 70 67 67 69 72 74 74
 73 75 74 76 76 75 75 28]","[30 29 80 81 81 82 83 84 82 83 86 88 86 84 85 89 85 84 85 86 85 85 86 85
 84 84 84 85 85 86 87 87 87 84 81 81 80 78 77 77 79 84 86 84 82 81 82 81
 82 83 83 80 77 76 77 79 75 79 81 79 78 76 75 76 76 71 66 64 64 65 65 65
 71 71 68 65 67 68 66 64 63 66 67 64 61 61 60 58 58 57 56 58 59 59 59 60
 57 59 64 65 62 59 58 57 55 57 58 58 56 56 55 52 53 53 54 52 49 52 55 53
 51 51 49 47 47 48 49 48 48 44 41 40 40 40 39 39 40 41 43 45 46 47 48 48
 50 49 47 46 45 45 47 48 54 56 57 57 56 54 53 54 54 59 61 59 58 59 61 61
 64 65 65 66 66 65 64 64 67 70 71 69 69 72 74 74 72 69 67 67 69 72 73 73
 74 76 75 77 78 77 77 29]","[30 28 79 81 81 82 82 82 81 83 85 85 83 81 84 88 86 83 83 85 87 89 89 86
 85 85 84 84 84 86 88 89 87 84 81 80 81 81 79 78 81 85 87 86 83 82 83 83
 82 83 84 83 81 80 81 83 80 81 82 83 83 79 78 80 79 76 72 68 66 67 69 72
 75 75 73 72 72 69 66 67 68 70 70 68 65 61 59 58 55 55 58 64 66 63 61 61
 57 60 62 60 57 58 59 57 57 59 61 60 57 56 55 51 54 54 56 53 49 51 54 51
 52 52 50 48 47 48 47 46 44 41 40 40 40 39 40 41 44 46 47 48 48 47 47 47
 51 49 48 48 48 49 50 51 55 56 55 55 56 56 55 55 55 57 59 61 60 58 58 60
 67 67 68 67 66 66 67 69 71 72 71 69 71 75 74 71 69 68 69 70 72 73 74 75
 78 80 79 80 81 81 81 31]","[29 28 81 84 83 82 81 81 83 84 85 86 83 80 83 87 87 84 83 86 89 91 89 85
 86 86 84 82 82 84 86 88 90 85 81 80 82 83 82 81 81 82 85 86 85 84 84 86
 83 83 83 84 83 82 82 84 82 81 81 83 83 80 79 82 82 80 78 75 72 71 74 77
 76 77 77 77 76 70 66 67 73 73 73 73 71 67 65 64 61 60 61 62 65 67 65 62
 60 59 58 56 57 61 62 57 58 57 59 58 54 54 54 51 53 52 52 51 49 51 52 51
 52 52 51 49 48 48 47 46 43 42 41 41 41 40 41 43 45 46 49 51 51 50 48 48
 50 49 50 52 54 55 56 56 56 57 56 56 59 60 59 60 60 59 60 63 63 60 58 60
 69 70 70 69 67 68 71 75 75 73 71 70 72 76 75 72 71 70 71 73 73 73 74 75
 78 82 80 81 82 82 81 30]","[28 29 83 86 84 82 81 83 84 85 88 89 86 83 85 88 87 84 84 87 89 90 87 82
 83 85 86 84 83 83 85 86 90 86 81 80 81 83 83 83 80 79 81 86 88 86 86 88
 84 83 83 84 83 82 82 83 84 84 83 83 84 82 81 84 82 80 78 77 76 75 77 80
 76 78 78 77 76 72 69 70 72 73 73 72 71 70 68 66 66 66 64 61 62 66 68 66
 63 59 58 59 62 65 65 62 59 54 55 57 54 54 55 51 49 50 49 50 51 51 51 51
 53 53 53 50 48 48 48 48 46 44 43 43 43 42 43 45 45 46 48 50 51 50 50 51
 49 48 49 51 54 56 58 59 59 60 59 58 61 62 62 64 64 62 62 64 65 63 62 63
 69 71 72 71 68 67 70 73 72 72 73 72 73 74 75 76 75 73 72 73 72 71 73 75
 77 81 79 80 81 82 81 29]","[28 30 85 87 83 81 82 85 83 85 88 90 89 85 86 88 86 84 84 88 90 90 86 81
 80 85 88 88 87 87 87 86 86 84 83 83 84 84 82 80 80 78 81 87 90 88 88 90
 86 84 83 84 84 83 83 83 82 85 84 81 82 82 82 82 81 77 75 75 77 77 79 81
 78 80 78 76 75 75 74 74 74 76 75 72 71 73 71 68 65 68 69 68 66 67 69 71
 65 61 61 65 66 66 67 68 61 54 55 59 57 57 56 52 50 52 51 53 56 53 48 49
 55 55 55 52 50 50 51 51 47 45 44 44 44 43 44 45 48 47 46 47 47 47 49 51
 52 51 50 51 53 56 60 63 63 63 61 59 59 60 61 64 65 64 63 63 65 67 66 66
 67 70 73 72 69 66 65 65 66 69 73 74 73 72 74 77 76 73 71 72 72 72 75 78
 78 82 80 81 82 84 83 30]","[30 28 83 84 83 81 83 83 82 83 85 88 88 86 87 90 86 83 83 87 90 89 88 88
 89 89 89 89 88 88 88 89 86 83 82 84 84 82 81 82 81 81 84 91 93 91 90 92
 89 88 89 86 84 83 80 81 85 85 83 80 81 84 84 81 82 77 77 78 79 74 75 76
 78 79 77 74 75 77 77 75 76 73 72 71 70 71 73 72 67 69 70 70 70 73 73 72
 68 65 63 63 65 67 67 67 62 60 58 60 58 55 57 55 51 52 54 58 59 54 53 59
 56 54 55 55 53 50 51 55 53 48 45 45 44 44 45 45 47 46 45 45 43 42 46 51
 52 50 52 52 51 54 59 59 61 64 66 62 57 56 58 60 64 63 63 65 65 65 65 66
 66 65 69 71 65 62 65 67 69 73 74 73 73 74 76 80 76 76 73 73 73 73 76 81
 80 83 83 83 82 83 82 29]","[29 28 84 85 85 82 83 82 83 80 80 84 86 85 84 87 84 84 84 86 89 91 92 92
 89 89 88 87 85 85 87 88 88 85 84 86 86 84 84 85 86 86 88 90 91 91 90 88
 90 88 88 84 82 82 79 79 84 86 89 87 84 83 84 86 81 79 80 78 79 74 76 76
 78 79 78 76 76 79 79 77 77 75 74 72 70 70 71 71 70 71 72 73 73 73 73 72
 63 64 65 67 66 66 66 67 67 66 65 65 61 58 61 60 60 60 59 59 59 57 55 56
 56 57 57 56 53 52 53 55 52 49 49 49 47 46 46 44 47 47 48 48 47 46 50 54
 51 51 52 54 55 57 59 58 58 61 62 61 59 59 61 63 66 64 64 65 66 68 69 70
 69 67 67 67 66 68 70 68 68 71 73 74 75 74 75 77 79 78 74 73 74 74 76 81
 82 84 83 83 82 82 81 29]","[28 28 84 86 86 83 82 80 82 77 77 82 86 84 82 83 82 83 84 85 87 91 92 92
 87 88 88 87 85 85 87 88 87 86 87 89 89 88 88 88 88 90 89 87 88 90 89 85
 83 83 84 82 83 86 84 83 84 88 92 92 87 82 83 86 87 88 89 83 82 78 80 80
 79 80 80 79 79 81 81 80 79 77 76 74 71 70 71 70 72 72 73 73 72 72 71 72
 69 68 68 70 71 70 68 67 67 68 68 68 64 63 68 69 65 64 63 61 61 62 61 57
 56 58 59 56 54 54 54 53 55 55 55 53 49 47 47 44 46 48 49 49 49 50 53 56
 53 53 52 53 56 56 55 55 57 58 59 61 61 62 63 65 67 65 63 64 66 68 70 71
 69 69 67 65 66 73 76 72 70 73 74 75 76 75 74 75 77 76 75 76 79 78 77 79
 82 82 81 82 81 80 80 28]","[29 28 84 86 88 86 84 80 80 78 79 83 87 86 83 81 81 82 83 85 87 88 88 87
 86 88 89 89 88 89 89 88 86 87 90 92 92 89 87 87 87 89 88 85 86 89 89 87
 86 86 88 85 86 90 87 84 85 88 92 92 88 84 82 83 86 88 89 82 81 80 82 80
 81 81 81 80 81 82 82 82 81 79 79 78 74 74 74 73 73 74 74 72 70 72 73 74
 71 68 66 68 70 71 71 71 72 73 72 71 66 65 69 68 65 62 61 60 60 63 64 58
 56 59 60 59 57 55 54 53 57 57 57 54 50 50 50 48 46 48 51 51 50 52 54 56
 49 50 48 49 55 57 56 59 58 58 60 63 64 63 64 65 67 66 64 63 65 67 69 69
 68 70 69 65 65 71 76 75 75 76 75 74 75 75 74 75 76 76 76 78 81 80 77 76
 80 80 78 81 81 79 79 28]","[30 28 83 86 88 88 87 82 79 81 82 83 85 87 85 83 84 82 82 85 87 86 85 86
 88 89 89 89 91 92 91 89 88 91 93 93 91 88 86 84 86 86 86 86 86 88 91 93
 92 92 92 88 89 93 90 87 86 90 92 91 89 88 86 84 82 84 84 79 80 81 84 81
 82 81 80 80 80 80 80 81 82 81 81 80 77 76 77 75 75 78 79 75 74 76 78 78
 72 71 70 70 68 67 70 74 74 74 72 72 68 66 68 66 64 59 58 58 57 59 61 60
 60 61 63 63 61 57 54 54 53 54 54 53 51 53 54 52 49 52 54 54 53 54 56 57
 50 51 50 51 56 56 56 59 60 61 63 66 66 64 64 66 66 66 65 65 66 69 69 69
 68 71 70 66 65 68 72 75 76 76 74 74 75 75 74 75 81 79 75 75 77 77 75 75
 78 78 78 81 81 80 79 28]","[29 28 83 84 87 88 88 84 81 83 83 82 83 86 87 86 87 84 84 86 88 86 87 89
 90 90 89 87 89 92 92 89 89 92 94 92 89 89 89 88 87 86 86 87 86 87 91 96
 92 90 89 85 87 93 93 93 85 90 93 91 89 90 90 89 86 85 84 80 84 84 86 84
 84 82 80 81 81 80 80 81 81 80 81 81 78 77 76 75 76 80 82 80 79 80 81 80
 74 71 70 71 70 68 69 72 72 70 68 71 69 67 68 66 66 60 58 58 58 58 61 63
 62 62 64 65 63 58 55 54 52 53 55 54 53 54 55 54 54 55 56 56 55 54 55 57
 56 57 57 59 60 57 56 57 60 61 64 65 65 64 64 65 63 65 65 65 67 70 71 71
 72 72 69 68 68 68 69 71 74 75 75 75 76 75 75 76 79 78 75 74 77 77 76 75
 79 80 79 82 82 81 80 28]","[28 29 84 84 85 86 88 86 84 82 82 84 86 87 87 87 89 88 88 88 88 86 87 89
 89 89 88 86 88 91 91 89 88 92 93 91 89 90 92 92 90 89 88 88 87 88 92 96
 93 89 88 85 86 89 89 91 87 90 91 90 89 89 90 90 89 84 83 82 85 83 85 85
 87 83 81 82 83 82 81 82 81 80 81 82 80 79 78 75 76 78 81 82 80 78 78 79
 72 67 64 68 72 72 71 71 73 70 68 72 71 67 68 66 66 65 63 64 65 63 62 63
 61 63 65 64 63 61 58 57 56 56 57 56 52 52 55 56 56 56 56 55 54 52 53 55
 56 56 59 63 64 63 64 64 61 63 64 63 63 63 64 64 63 65 66 65 67 70 72 72
 72 74 71 70 71 71 69 71 72 74 75 75 76 75 74 76 74 75 75 76 79 79 77 76
 80 82 80 82 82 83 82 29]","[29 30 87 85 84 85 89 89 86 82 82 87 91 89 87 87 88 91 92 90 87 86 86 86
 86 88 88 87 88 91 91 88 88 92 94 92 89 90 91 90 94 93 91 89 88 90 94 96
 93 90 90 88 89 91 90 91 92 90 89 89 90 88 87 87 88 83 82 83 87 85 87 89
 88 83 80 82 83 82 82 82 83 82 83 84 83 82 81 79 77 76 78 81 78 73 74 79
 80 75 72 73 74 72 71 71 73 69 68 74 75 72 74 74 67 69 69 69 70 66 59 58
 59 63 65 63 63 64 63 60 58 56 56 55 50 50 55 60 57 55 55 55 53 50 51 54
 59 56 59 64 64 66 68 68 65 65 65 63 62 64 64 63 66 67 68 66 66 70 72 72
 70 75 74 72 72 72 72 75 71 74 74 73 73 72 73 76 75 76 75 75 77 79 78 79
 81 82 81 81 81 83 83 29]","[29 29 81 84 89 87 89 89 87 83 82 87 90 88 87 88 88 90 91 90 89 89 89 88
 85 80 78 82 87 89 89 89 86 90 90 87 86 89 89 87 87 90 93 95 94 93 93 93
 90 89 89 90 91 90 90 94 93 93 91 91 93 90 86 89 86 84 85 87 87 89 89 87
 86 84 83 84 85 83 82 83 83 83 83 84 85 83 81 80 75 75 77 79 78 74 74 77
 80 80 79 78 76 75 75 76 76 74 73 73 75 76 76 77 74 69 69 70 72 69 62 61
 62 64 63 66 66 63 62 60 57 63 58 54 54 54 57 59 61 57 54 53 52 52 53 55
 59 63 64 64 65 68 68 65 65 65 64 63 65 66 65 63 68 68 68 66 66 69 72 74
 71 73 76 71 70 74 72 72 72 73 72 72 72 72 72 75 80 79 77 75 77 80 82 81
 81 83 83 83 82 85 85 30]","[29 29 82 84 89 88 90 91 90 88 87 90 90 88 87 88 91 90 90 89 89 90 90 89
 90 87 85 86 89 89 88 88 88 90 91 89 88 89 89 86 85 89 93 93 92 92 93 94
 85 87 88 90 92 90 91 94 95 94 90 90 93 92 90 93 93 90 90 90 88 88 89 89
 87 86 86 87 87 87 86 85 86 83 82 82 82 80 80 80 80 79 79 79 77 74 74 76
 80 81 82 82 80 78 77 77 75 75 74 73 74 76 76 75 73 70 70 70 70 68 64 64
 64 66 65 66 65 63 63 60 61 64 59 56 58 57 57 55 57 57 55 54 55 57 59 59
 62 64 65 64 63 63 62 61 64 65 65 64 65 68 68 67 66 67 67 66 67 69 72 73
 73 71 72 68 68 73 71 71 73 74 73 72 72 72 72 75 81 81 79 77 79 83 84 83
 81 82 82 83 84 87 86 30]","[29 29 83 85 88 88 90 90 86 87 88 88 88 87 88 89 90 88 87 87 88 88 89 89
 88 88 87 88 89 90 90 89 86 87 89 90 90 89 87 86 83 88 91 90 88 89 91 92
 88 89 89 88 89 88 90 95 96 93 88 88 92 93 93 96 96 91 90 90 89 89 90 91
 90 90 89 88 88 88 87 86 88 83 81 82 81 79 79 81 82 82 82 81 80 79 79 79
 80 81 82 81 77 74 73 73 73 74 74 72 73 76 76 73 70 70 72 71 69 68 66 67
 63 66 65 65 64 64 66 64 62 65 61 60 61 59 56 53 53 56 56 54 56 62 63 61
 63 65 67 67 65 63 61 59 64 65 66 65 66 68 70 69 66 67 67 68 69 71 72 73
 75 72 71 70 72 76 74 74 74 74 73 72 73 72 73 75 81 81 80 79 81 84 84 83
 81 81 81 83 85 89 87 30]","[30 29 85 85 87 87 87 87 82 85 87 86 86 87 88 87 88 87 86 87 87 87 88 89
 86 87 87 88 90 92 93 92 85 85 87 91 91 89 87 86 85 89 90 88 86 88 90 90
 92 93 91 89 89 90 91 93 95 93 90 90 91 92 93 95 95 89 88 90 91 91 91 91
 93 93 90 87 86 87 87 86 86 84 83 85 84 81 80 82 78 80 81 81 80 79 79 79
 81 81 80 77 73 70 71 72 73 74 74 74 75 77 77 75 69 71 74 73 71 70 68 69
 66 68 66 65 65 66 68 66 60 64 64 64 62 58 57 55 53 56 57 57 58 62 63 62
 61 64 68 70 68 65 63 63 65 67 67 66 67 69 69 68 67 67 68 69 71 72 74 74
 72 70 70 72 74 75 75 75 76 75 74 73 75 75 76 78 80 80 79 79 81 83 83 81
 81 81 80 83 84 87 85 28]","[30 28 88 87 87 87 86 85 85 88 89 87 86 88 87 84 88 88 88 89 88 88 88 89
 89 89 89 89 91 93 93 91 89 88 90 93 92 88 86 86 87 89 90 88 88 89 91 90
 91 94 94 94 95 95 92 91 94 93 94 94 93 92 92 92 92 89 91 93 92 91 90 90
 93 92 90 88 88 90 89 87 86 86 87 88 86 81 81 84 82 84 84 82 79 78 78 79
 82 81 79 76 74 74 77 79 76 75 75 77 78 78 78 79 74 74 77 75 73 72 70 72
 74 73 68 66 67 67 68 65 62 64 65 66 62 57 57 55 56 57 59 61 61 61 62 64
 60 62 66 68 68 66 65 65 65 67 68 69 70 71 70 67 68 68 68 70 71 73 75 76
 72 72 73 74 74 74 76 78 77 77 75 76 78 79 79 81 79 79 80 80 82 83 82 81
 82 82 81 83 82 84 83 27]","[29 28 90 89 87 89 87 86 88 90 90 87 88 89 87 84 89 91 91 90 89 88 88 88
 91 90 88 88 89 90 90 89 95 93 93 93 91 86 84 85 87 88 89 89 89 90 91 91
 93 96 95 94 95 95 92 90 91 91 95 96 92 90 90 88 85 88 93 94 90 89 91 92
 89 89 89 90 92 93 91 89 89 89 90 89 85 82 83 85 88 88 87 85 82 80 81 83
 82 81 80 78 78 79 80 81 77 75 75 78 78 76 76 78 78 76 77 74 72 72 71 73
 77 75 69 68 69 68 69 66 66 65 65 67 64 59 58 54 58 56 58 62 62 60 61 65
 62 63 64 65 65 66 65 64 64 66 68 69 70 71 70 67 68 68 69 70 72 73 75 77
 75 77 76 76 74 73 78 82 77 77 76 77 80 81 80 81 78 79 81 83 84 84 83 83
 85 85 85 86 83 83 83 29]","[29 28 92 90 87 90 89 88 87 88 88 86 88 90 90 87 90 92 91 89 88 90 90 88
 90 88 87 88 89 88 88 89 96 94 93 92 89 85 85 87 90 90 91 91 90 88 89 90
 95 98 96 91 90 90 90 89 89 90 94 95 92 91 90 87 83 87 92 92 89 90 94 95
 90 88 87 90 92 92 90 88 89 90 91 89 87 86 86 86 85 83 83 83 83 81 81 83
 84 82 80 80 80 81 81 80 79 77 77 78 77 75 74 75 77 75 75 74 71 70 69 73
 74 72 68 70 71 69 70 68 68 66 66 69 65 60 60 57 59 55 55 60 62 60 60 63
 63 64 65 65 66 68 66 62 64 67 69 68 68 69 69 68 68 68 69 71 73 73 75 78
 76 78 75 74 73 72 79 80 79 78 77 78 81 81 79 80 79 81 83 85 85 84 83 83
 86 87 87 88 85 84 83 30]","[31 28 92 90 87 90 89 88 88 88 87 87 88 91 92 90 91 92 90 87 88 92 92 89
 91 89 89 90 90 88 88 90 94 93 92 90 88 87 89 92 93 93 94 94 91 86 86 88
 91 96 96 91 88 88 87 87 91 91 95 97 95 95 94 90 88 90 92 91 91 95 97 95
 95 90 87 89 91 90 88 86 87 89 91 90 90 90 89 87 83 80 81 85 86 83 81 82
 86 84 81 81 83 84 84 83 82 82 82 81 79 77 76 74 74 72 75 75 73 70 69 73
 73 71 68 72 73 70 70 70 65 66 69 72 65 60 63 62 59 55 53 58 61 61 61 61
 61 64 65 67 69 71 67 61 66 69 71 68 66 66 68 68 69 69 71 73 74 74 76 79
 78 80 77 77 76 77 82 81 81 80 79 80 82 82 79 79 80 82 84 86 85 82 81 81
 84 85 86 87 84 83 82 29]","[30 28 89 86 88 88 89 89 88 89 89 86 93 91 90 89 90 90 90 89 88 92 95 94
 90 93 94 91 89 92 94 90 93 94 94 90 87 89 93 95 93 94 93 91 89 88 87 86
 92 92 93 94 93 92 92 93 91 92 94 96 97 96 95 94 93 93 91 89 91 94 96 95
 94 92 90 90 90 90 90 89 87 89 92 93 92 90 88 87 85 84 83 86 88 85 82 83
 85 82 83 86 87 87 88 87 86 87 84 81 81 79 76 74 75 74 75 76 75 73 72 73
 78 73 69 71 75 74 71 71 70 70 70 70 69 67 65 64 61 61 63 65 65 64 61 56
 62 64 66 67 68 69 68 66 69 71 74 74 72 73 73 70 74 74 74 74 74 74 76 77
 78 79 78 77 79 79 80 81 81 81 81 82 83 83 82 81 79 81 86 86 81 82 85 80
 87 85 86 88 87 83 85 28]","[29 28 91 89 92 91 91 91 89 88 87 86 95 95 93 90 89 88 91 94 93 91 93 94
 94 95 97 96 93 93 95 93 95 95 95 92 91 90 91 91 90 92 92 92 92 93 92 90
 88 90 93 95 95 94 96 98 94 94 96 98 98 96 95 95 95 94 92 90 91 93 93 93
 92 92 92 93 93 92 90 88 89 93 96 95 93 92 90 90 90 88 86 88 90 87 85 87
 87 86 87 89 88 88 87 86 89 89 85 81 81 80 77 76 76 76 76 76 76 75 75 76
 78 76 74 73 73 70 68 70 72 70 69 70 70 67 65 64 62 64 68 68 65 64 64 62
 62 65 68 68 67 67 67 67 71 72 75 74 72 74 75 74 73 75 77 78 78 77 76 76
 78 79 77 76 78 78 78 79 81 81 81 81 83 83 82 82 83 82 85 84 79 81 87 87
 87 85 85 88 88 85 87 29]","[28 28 93 93 95 93 92 91 88 88 88 89 97 98 95 92 89 88 92 98 95 90 91 95
 97 97 98 97 93 92 95 95 98 96 95 94 94 93 91 90 92 93 94 95 97 98 96 94
 88 90 93 94 93 93 94 97 93 93 94 97 98 96 96 97 98 97 95 94 93 94 94 93
 92 93 94 95 95 93 90 88 90 95 98 97 95 94 94 94 93 91 88 88 90 89 88 90
 84 84 87 90 89 89 89 89 89 89 87 83 82 80 78 77 76 76 77 79 79 79 79 79
 74 75 74 73 73 71 70 71 73 69 68 69 69 67 65 65 64 65 65 65 64 63 62 60
 62 66 69 68 67 68 70 71 75 75 75 74 72 74 77 76 74 77 79 80 79 78 76 76
 79 79 77 76 77 78 77 78 81 81 80 81 82 83 82 82 82 82 85 85 80 80 85 87
 87 86 86 88 89 88 89 29]","[28 30 96 95 96 93 91 90 88 89 91 93 96 96 95 94 91 90 93 97 93 88 91 96
 97 97 97 94 90 91 95 97 97 94 93 94 95 94 94 94 96 96 96 96 98 98 97 94
 92 93 94 93 92 91 92 94 94 93 93 96 97 96 97 99 99 99 98 97 97 97 96 95
 94 93 94 95 96 95 93 91 90 94 97 97 96 97 97 97 95 93 90 90 92 90 89 91
 87 87 89 90 89 88 88 86 87 89 88 87 85 82 79 78 75 76 79 82 83 82 81 81
 74 73 71 71 74 75 73 73 71 68 66 67 68 69 67 66 68 68 67 66 65 64 61 60
 64 67 69 68 67 69 72 74 74 73 73 73 73 76 78 77 77 78 79 78 77 77 77 77
 79 79 77 76 78 79 79 80 81 80 80 81 82 83 82 81 81 81 84 86 82 80 83 85
 86 87 87 89 90 89 90 29]","[28 30 97 95 95 91 91 91 92 91 91 92 92 93 94 94 93 92 94 94 90 87 91 95
 97 98 96 90 86 91 96 97 95 93 93 94 94 94 95 97 98 98 98 96 95 96 95 94
 96 95 94 94 93 93 94 95 99 96 96 97 97 96 97 99 97 97 97 97 98 97 96 96
 96 95 94 96 98 98 97 95 93 94 96 96 97 98 98 97 95 95 93 93 95 93 91 91
 91 90 91 91 90 90 90 87 87 89 89 88 87 84 81 81 77 79 81 82 83 83 82 81
 79 77 73 71 75 75 73 72 69 69 68 66 68 70 69 66 67 71 71 67 65 62 61 63
 67 69 69 67 66 69 72 73 71 69 70 73 75 79 80 77 78 78 78 76 75 76 78 79
 79 79 77 77 79 80 80 81 81 80 81 82 83 83 81 80 82 81 83 85 83 82 84 87
 85 87 89 89 90 89 90 28]","[ 28  30  96  94  94  91  91  93  98  93  89  90  89  93  94  94  94  94
  95  94  89  88  90  92  97  97  95  89  86  92  97  96  94  95  96  97
  96  95  95  96  97  98  98  95  94  95  96  96  98  96  95  94  95  95
  96  96  99  98  97  97  97  97  98  99  96  96  96  97  97  96  96  96
  97  97  97  99 101 101  99  98  98  96  95  97  98  97  96  96  95  96
  95  96  98  96  93  92  93  92  92  93  93  94  93  90  89  89  88  86
  86  84  83  85  84  83  82  81  80  81  82  81  80  79  75  73  73  72
  71  72  71  72  71  69  69  70  69  66  66  70  68  65  64  62  60  63
  67  68  67  66  67  70  72  73  71  70  71  74  76  78  77  75  76  77
  77  76  76  78  80  80  80  80  78  78  80  80  79  80  81  81  81  82
  83  84  83  82  80  81  83  86  86  85  85  88  86  90  91  90  90  91
  92  28]","[ 29  29  93  91  93  91  91  92  98  94  90  93  89  93  94  95  95  94
  95  94  90  89  92  94  96  96  94  91  89  93  96  94  94  96  98  98
  97  96  96  95  95  97  97  96  95  96  97  98  98  97  96  96  95  95
  95  96  97  98  98  97  97  98  99  98  96  96  96  97  98  96  96  96
  97  98 100 100 100 100 100 101 101  96  95  97  98  95  94  96  96  97
  96  97  99  98  95  94  97  97  98  97  95  94  91  87  91  90  88  87
  87  85  85  87  88  86  83  80  79  81  82  81  79  78  75  74  74  71
  71  74  74  73  73  72  71  69  67  67  71  72  67  64  67  66  63  65
  66  68  69  68  68  70  72  73  74  73  75  76  76  75  75  74  75  77
  78  76  76  78  80  81  80  81  80  79  81  80  79  80  81  81  81  82
  84  85  85  84  80  82  85  86  86  84  84  86  88  91  92  89  90  93
  94  29]","[ 30  27  91  89  92  91  91  90  94  93  94  97  90  92  94  97  96  93
  93  94  91  91  94  98  96  95  95  95  94  94  95  93  93  96  97  96
  95  96  96  95  94  96  96  96  96  97  97  97  96  97  97  97  96  95
  96  98  98 100 100  98  97  98  97  95  96  96  96  98  98  97  97  97
  97  99 101 100  98  98 100 103 101  95  94  97  98  95  94  97  97  98
  97  98 100 100  97  96  95  97 100 101  98  96  93  89  93  92  91  90
  90  88  87  89  88  87  84  81  80  82  82  81  81  78  75  75  77  74
  73  75  75  72  73  75  73  67  65  68  70  74  70  65  66  64  63  67
  69  71  72  71  69  69  70  70  74  74  76  78  76  75  76  77  77  78
  77  75  75  78  80  81  80  82  81  81  82  81  80  81  82  81  81  82
  84  86  87  87  86  87  86  83  82  81  83  87  88  91  90  87  89  93
  94  29]","[ 30  26  87  90  93  94  92  94  94  96  96  94  93  94  96  96  94  95
  92  89  92  95  96  96  96  98  96  93  95  96  94  91  89  91  97  99
  98  96  92  92  94  96  98 101  97  98  97  98  97  97  97  98  98  98
  97  97  98 101 102 100  98  98  98  97  98  96  96  96  96  97  98  96
  97  98  98  97  96  96  97  99 101 101 103 104 103 100  99 100  98  97
  98 100 100  99  97  97  97  98 100 100  98  95  94  93  92  93  94  94
  92  89  88  89  88  87  87  85  82  82  83  81  81  80  80  80  79  78
  76  75  78  72  68  69  71  71  69  68  68  68  69  68  64  62  64  67
  72  72  72  72  71  70  71  72  73  74  77  79  79  77  77  79  81  82
  81  79  78  79  80  81  82  82  81  81  81  81  82  83  83  82  83  85
  87  87  87  88  86  90  89  86  88  89  88  90  88  90  92  86  84  93
  89  28]","[ 30  28  91  93  95  94  90  91  94  96  96  95  94  95  95  95  93  95
  94  92  94  97  96  96  99  98  93  90  93  95  93  91  95  94  98  98
  99  99  96  97  97  96  97  98  95  95  96  97  99  99  99  99  99  98
  97  96  96  99 100  98  97  97  97  96  98  96  97  97  96  98  99  98
  97  97  98  97  96  96  98  99 102 103 104 104 102 100 100 101 102 102
 102 103 101  99  97  97  99 100 100  99  98  97  96  96  91  93  95  96
  94  91  90  91  89  88  88  87  84  84  85  85  81  81  81  82  82  82
  80  77  75  73  71  71  73  74  73  71  67  66  66  65  65  65  68  72
  71  72  73  72  72  72  72  72  73  76  78  78  77  76  77  77  79  81
  80  78  78  79  81  81  82  81  81  82  81  81  81  82  81  81  82  85
  87  87  88  89  90  88  87  90  93  89  86  88  92  92  88  87  89  81
  91  29]","[ 29  29  93  95  95  93  89  90  94  96  97  96  96  96  96  94  92  95
  94  93  95  96  96  96  95  96  95  95  96  94  89  87  95  94  97  97
  98  99  96  97  96  94  99 101  98  94  93  90  94  96  98 100 100  98
  97  95  97  98  99  98  97  98  98  97  97  97  98  98  98  98 100  99
  98  99 100  99  98  98 100 101 103 104 105 103 101 102 103 104 101 102
 103 104 102 100  99 101 103 103 101  97  95  96  96  95  92  94  97  98
  97  94  93  94  92  89  90  90  88  86  87  88  87  87  85  84  84  84
  81  77  76  76  74  74  74  75  75  74  68  67  65  64  65  69  73  74
  73  74  74  75  75  74  74  74  73  78  80  78  75  76  77  77  79  81
  80  78  78  81  82  81  80  80  80  81  81  81  82  84  83  83  84  86
  87  87  87  87  84  86  87  86  86  88  91  93  95  93  92  93  93 101
 137  30]","[ 29  30  94  95  94  93  90  92  95  96  97  97  96  96  96  96  95  96
  95  94  95  95  95  96  98  98  97  97  96  92  90  92  96  95  97  95
  95  97  96  97  97  91  94  97  95  92  93  91  97  99 100  99  98  97
  98  99  97  99  99  99  99  99  99  99  97  96  99 100  98  98  99  98
 100 101 101 101 100 100 102 103 103 104 104 102 101 104 106 107 104 103
 102 102 100  97  97  99 104 104 101  96  94  96  97  95  96  97  99 100
  99  97  96  95  94  91  91  93  91  88  87  88  91  90  87  84  84  84
  81  77  78  76  75  74  74  74  75  75  72  72  69  67  67  71  73  74
  75  75  75  76  76  76  76  76  75  78  80  78  75  75  77  78  79  81
  81  79  79  83  84  82  79  79  80  81  81  82  84  87  87  87  87  87
  87  86  84  83  83  87  88  85  87  94  94  88  95  93  87  87 107 149
 184  26]","[ 28  30  94  95  94  94  92  94  94  96  97  96  95  94  96  98  97  98
  97  95  95  94  93  95  94  94  93  95  96  93  91  92  96  95  94  89
  88  92  94  98  98  92  94  96  89  84  80  74  77  85  93  98  99  97
  97  97  96  97  97  98  98  99 100 101  96  97  99 101 100  99 100  98
 100 101 100 100 100 101 103 104 103 104 104 102 102 105 108 109 104 102
 100 100  99  99  99 100 103 104 102  98  98 100 101 100 100  99  99  99
 100 100  98  96  94  90  91  95  92  88  87  87  87  87  87  85  84  84
  82  80  79  75  73  74  74  73  74  77  75  76  74  71  70  71  72  72
  74  74  74  74  75  75  76  76  76  78  80  80  77  75  77  80  80  82
  82  79  80  83  83  82  80  81  82  83  82  82  84  86  87  87  86  86
  86  86  83  82  86  88  89  88  90  92  94  95  95  96  90 119 167 184
 181  31]","[ 28  30  95  96  96  95  93  93  93  95  96  95  93  93  95  97  96  97
  97  96  95  92  90  93  96  94  94  98 104 103  98  95  93  94  95  90
  88  92  94  97  96  93  95  96  80  72  62  52  51  63  79  91  96  96
  96  96  96  96  96  96  97  99 101 103  98  98 101 103 103 103 103 102
 100 100 100 100 101 102 104 104 104 104 103 102 103 105 107 108 103 100
  99 101 103 104 105 105 103 105 104 102 101 103 103 102 102 100  99  99
 100 102 101  98  94  90  92  95  93  89  87  87  86  88  89  88  84  81
  79  79  80  78  76  77  76  74  75  77  76  77  77  75  73  72  72  73
  74  73  73  73  73  74  75  76  78  78  80  81  80  77  78  82  80  81
  81  80  80  82  82  82  82  84  86  86  84  82  82  84  83  84  84  85
  86  87  86  85  86  90  90  88  90  89  90  95  99 107 137 178 188 184
 180  28]","[ 28  30  94  95  95  95  92  93  94  95  96  96  94  92  93  95  96  96
  96  96  95  91  90  94  97  93  88  89  95  97  97  97  95  97 101  99
  97  98  96  97  94  93  90  89  66  65  59  54  54  61  71  80  87  92
  97 100  98  97  97  96  96  97 100 102 101 100 102 104 104 105 106 105
 102 101 101 102 104 104 104 104 104 103 102 103 105 105 105 106 106 104
 103 105 107 106 104 103 104 105 105 104 103 103 103 103 103 102 101 100
 101 103 103 101  96  93  94  96  94  91  90  89  88  89  89  84  75  67
  66  69  75  79  81  80  79  78  77  75  77  76  76  76  74  72  72  73
  73  74  73  73  73  74  75  77  79  80  81  81  81  80  81  81  80  80
  81  81  81  81  82  83  85  86  87  86  84  82  83  85  83  84  84  86
  89  91  91  90  88  91  88  90  96  93  88  94 114 159 179 177 176 178
 178  29]","[ 29  30  92  92  92  94  92  93  95  96  97  97  96  94  93  94  97  97
  96  96  95  92  93  97  97  97  94  93  95  96  96  97  97  98 102  99
  98  99  97  96  95  96  92  90  61  62  57  53  51  58  68  79  87  93
  95  97  99  99  97  96  94  94  97 100 102 100 101 102 102 104 105 104
 104 103 103 104 105 105 104 102 104 102 102 104 106 105 104 105 104 104
 105 108 110 108 105 104 102 103 105 106 105 105 105 106 104 104 103 102
 102 104 104 103 100  97  97  98  96  93  92  90  87  86  83  75  61  51
  51  57  65  75  81  81  80  81  80  76  78  76  75  75  74  72  72  73
  73  73  73  73  73  73  75  77  79  81  82  81  81  83  82  81  81  80
  81  82  82  81  82  84  87  87  86  84  82  81  85  89  86  87  87  89
  92  95  95  93  89  91  89  92  93  85  99 134 165 184 189 184 181 179
 182  29]","[ 28  29  95  92  90  89  93  96  95  95  97  98  97  94  93  93  97 100
  97  95  99  97  94  97  97  97  97  97  95  94  95  97  98  99  98  98
 100 101  99  97  96  96  95  91  75  66  56  48  45  45  51  59  87  94
  96 100 103 101 100  99  97  96  97  98 102  99 100 101 100 100 103 105
 107 104 105 105 104 105 105 106 104 102 100 108 104 106 108 107 107 104
 110 111 110 110 104  98 102 105 109 106 105 105 104 109 106 106 105 104
 106 107 105 103 101  97  97 101  97  95  96  92  90  83  75  61  53  52
  54  59  61  71  88  84  81  79  80  79  79  78  77  77  76  74  73  73
  73  72  72  72  72  72  73  74  78  80  82  81  80  82  82  77  81  82
  84  85  83  81  81  82  83  85  86  85  83  82  85  88  87  87  87  88
  91  92  94  96  95  94  88  81  84  97 140 175 181 181 181 181 180 181
 182  28]","[ 29  30  96  94  92  91  94  95  96  97  98  98  98  97  95  93  98 103
 101  97 101 101  98  97  97  97  97  96  96  96  97  98  99  99  97  97
 102 103 100  97  95  97  94  89  77  70  59  51  44  39  41  54  82  90
  97 100 101 101 100 101 101 100 100 101 101 101 103 103 101 102 105 105
 101 103 105 103 101 100 102 107 107 106 100 103 104 110 109 104 105 104
 105 109 108 105 107 108 105 107 111 107 102 105 108 108 109 110 110 110
 111 110 108 106 102 101  99 101 101  97  97  98  92  75  62  55  54  56
  55  55  58  72  88  83  81  80  79  79  79  78  77  76  73  72  73  74
  73  73  73  73  72  72  75  77  80  81  82  81  80  82  82  79  82  81
  82  83  84  84  83  82  84  86  89  90  89  88  88  88  91  91  89  87
  89  96  98  92  97  91  83  86 121 166 180 184 181 180 180 181 180 180
 182  29]","[ 29  30  96  95  94  93  94  95  95  97  97  97  98  98  95  91  93 101
 100  96 100 103  99  95  96  96  97  97  97  98  98  97  97  98  97  97
 100 101  99  97  99 101  96  89  79  71  56  47  45  41  44  59  79  83
  95  98  99  99 101 102 103 103 103 102 101 103 106 104 102 104 106 104
 103 104 102 100 101 101 103 110 105 107 101 100 101 105 106 104 103 109
 107 111 112 108 111 109 108 108 109 109 104 105 109 107 107 110 113 113
 113 112 110 109 107 108 103 102 103  98  95  96  85  66  55  54  55  56
  55  57  57  74  87  83  81  78  76  76  77  77  76  73  70  69  72  75
  77  77  76  74  71  71  74  77  82  81  81  82  80  81  82  81  82  81
  81  82  83  84  84  84  85  87  89  90  91  90  88  87  87  89  89  91
  95  92  89  94  91  89 100 131 173 181 186 181 181 179 179 181 180 180
 181  29]","[ 28  29  96  95  95  94  95  95  95  94  94  96  98  99  96  92  91  98
  99  97  99 101  97  93  94  95  97  98 100 101  99  96  95  99  99  97
  97  98  98  99  99 102  96  90  82  70  52  43  45  40  37  48  63  72
  96 102  96  98 100 101 102 102 102 102 103 104 106 106 105 105 105 102
  98 104 103 101 100  96 101 111 106 107  99  98  98  99 105 113 109 102
  90  88  93  97 104 113 113 111 107 107 107 104 107 107 106 109 112 113
 112 111 111 112 107 108 105 104 104 102  99  92  71  57  54  56  54  54
  55  58  61  79  90  85  84  81  78  79  77  77  76  72  69  70  73  76
  80  80  79  76  72  71  75  80  84  81  81  82  82  83  84  84  81  82
  82  82  81  81  84  87  89  89  89  89  88  88  88  88  93  93  95  95
  92  93  93  88  92 109 155 177 185 178 181 178 182 180 179 182 181 180
 181  29]","[ 29  29  95  95  95  94  95  95  95  93  93  97 101 101  99  98  96  99
 101 100 100  98  96  94  94  95  96  98 100 101 100  98  97 100 100  98
  98  99 100 101  97 100  97  96  88  75  55  46  44  37  31  38  50  65
  90  95  94  98 101 101 100 100 102 103 105 102 103 106 106 105 103 101
 102 104  98  99 103 100 100 104  97  96  91  95 103 102 100  97  90  61
  42  36  40  45  57  85 106 113 109 106 108 106 106 111 110 112 113 113
 112 111 113 114 116 114 113 109 103 103  97  76  61  51  50  52  53  54
  53  53  66  82  88  86  85  84  81  82  80  79  77  74  73  75  77  79
  80  81  80  78  74  74  79  84  86  82  81  84  86  87  88  88  84  84
  83  82  81  81  85  88  92  92  91  89  88  89  90  91  95  99  94  93
  98  89  84  97 119 173 172 181 185 181 180 183 182 181 180 183 182 182
 182  29]","[ 30  30  96  95  95  94  95  94  95  92  93  98 102 101 101 102  98  97
  99 101 100  98  98  99  95  94  95  96  98  98  99 100 100 101  99  97
 100 102 101 100  97 100  99  99  90  76  55  43  43  40  36  39  45  58
  79  84  93  97 100 101 100 101 102 103 103  99 100 103 104 103 102 101
 101 105 102 105 100  79  61  49  47  46  46  59  84  94  87  70  46  31
  36  40  44  44  41  59  76  96 108 105 108 112 109 114 114 114 113 113
 112 111 112 114 112 110 112 112 108 110 102  73  58  53  51  50  51  53
  51  54  76  87  87  87  84  83  82  82  82  81  78  76  76  79  81  81
  80  81  81  78  75  75  79  83  86  82  81  84  86  88  89  89  88  85
  82  82  84  85  87  87  91  91  92  91  90  90  91  93  92  96  91  92
  94  85 102 145 170 183 176 180 177 180 177 182 182 181 182 184 184 185
 184  29]","[ 30  30  97  95  95  93  94  94  94  93  94  97  98  98  99 101  97  94
  94  97  97  97  98  99  97  95  96  97  97  95  96  98 101 101  98  97
 100 101  98  97  96  98  98  97  88  79  58  40  42  39  35  33  34  47
  66  80  88  93  98 100 101 103 103 102 100  98  99 101 101 102 103 101
  99 104 101  97  79  56  50  47  38  33  29  32  49  60  65  54  48  41
  42  38  38  44  42  45  47  64  90  96 101 111 110 113 113 112 112 113
 114 113 112 113 112 111 112 113 109 106  91  63  56  55  53  50  51  51
  50  59  90  94  89  91  87  86  86  85  83  82  79  76  77  80  81  80
  81  81  81  79  76  75  77  80  84  81  82  83  84  86  88  86  87  84
  82  84  86  88  88  88  89  90  91  92  92  92  92  92  97  90  98  97
  89 118 164 180 181 182 178 180 182 178 182 180 181 183 184 185 185 187
 186  29]","[ 28  29  96  95  95  93  94  93  94  94  95  95  95  95  96  98  98  94
  93  94  94  96  96  96 100  98  99 101  99  95  94  97 100 102 100  98
  98  98  95  95  96 100 101 101  94  91  72  50  46  39  34  32  32  40
  51  64  84  89  95  98 101 104 103 101 100 101 101 100 100 102 104 102
 100 101  95  92  76  55  51  45  38  36  37  33  31  32  46  48  47  41
  40  40  42  47  45  39  38  39  69  83  88 103 106 111 111 110 111 115
 117 117 115 114 111 111 110 111 109 100  80  56  55  55  51  48  53  51
  49  59  94  93  86  90  86  87  89  87  83  82  79  76  77  80  81  80
  80  80  81  80  79  78  79  81  83  82  83  84  83  85  86  85  83  83
  84  85  86  87  88  89  90  91  92  93  94  94  94  93  94  91  95 105
 127 165 186 178 179 177 182 182 177 185 179 181 181 184 185 185 185 187
 186  28]","[ 29  29  94  94  96  93  90  90  95  96  96  95  96  97  98  97  97  96
  95  95  94  94  97 101 102 101 100  98  96  95  95  97  99 100 100  98
  97  97  96  96  96  99  99 102  98  92  86  66  52  44  35  34  33  37
  48  50  73  84  87 100 102 102 104 102 100 104 102 105  97 102 107 102
  98 101  94  79  60  60  55  46  45  42  44  40  33  32  38  46  47  45
  44  45  46  44  41  38  39  49  66  74  81  95 105 107 109 109 111 114
 116 116 114 113 114 113 110 107 106  94  69  54  55  53  51  54  52  52
  48  74  95  91  90  91  92  90  87  85  83  85  84  82  80  80  80  78
  80  81  82  81  79  80  81  80  80  82  83  83  86  87  85  84  85  87
  85  83  85  87  88  89  94  92  95  94  94  93  94  92  87  96 113 154
 180 187 183 180 180 181 181 181 182 184 186 187 186 184 186 185 183 186
 185  29]","[ 28  28  94  94  95  93  94  96  96  97  96  95  95  98 100 100  96  96
  97  97  96  95  97  99 102  99  99 100 100  97  96  97  98  99 100  99
  98  98  99 100  97  98  97 101  99  96  92  76  63  53  39  32  30  32
  38  40  63  79  83  95  97 101 104 102  98 101 107 110  95  85  86  86
  85  87  81  68  55  56  57  55  48  46  46  38  28  27  37  51  55  50
  45  45  44  41  40  41  41  48  64  73  79  91 101 105 110 112 114 114
 114 115 116 117 116 116 113 107 100  80  61  49  56  56  54  53  50  49
  52  88  97  95  93  95  95  92  89  87  85  87  86  84  82  81  81  82
  82  81  82  81  79  80  83  83  80  82  81  81  85  88  87  86  86  86
  83  81  84  87  88  90  94  94  93  94  93  96  94  91  90 125 156 180
 182 181 179 179 181 181 181 181 183 185 186 187 186 185 186 187 186 188
 186  29]","[ 28  29  95  93  94  94  97 101  98  98  97  95  95  96  98  99  96  96
  96  97  96  95  96  99  99  97  97 100 101  99  97  97  99 101 102 101
  99  98  98  98  98  98  97 100  99  97  95  82  72  63  45  35  34  34
  38  41  47  68  80  98  97  99 100 103 102  98  95  78  58  44  36  28
  24  30  40  48  58  58  55  51  52  50  50  42  33  33  43  58  60  55
  50  49  46  41  39  40  40  46  61  72  79  88  97 104 110 113 115 114
 114 115 117 118 114 116 116 112 100  76  67  61  60  62  58  55  50  48
  53  96 102 100  99 100 100  98  94  91  90  90  90  87  84  81  82  85
  83  82  84  87  85  83  83  82  82  82  80  80  84  87  87  86  87  87
  83  82  85  89  91  93  96  96  98  99  95  95  99 102 147 174 188 188
 179 178 179 179 181 181 181 181 183 185 186 186 185 185 185 187 188 190
 187  29]","[ 29  29  94  92  94  94  97 101  96  97  97  97  96  95  96  96  99  97
  95  95  95  95  97  99  97  97  98  99 101 101  99  96  99 101 103 103
 101  99  97  95  97  97  96 100 100  97  94  85  80  74  53  39  36  33
  32  35  36  52  67  94  99 100  96 101  97  89  81  58  51  52  47  37
  33  31  35  43  59  58  56  56  51  47  45  39  36  39  46  59  60  57
  54  52  49  45  41  38  41  46  58  67  74  83  92 100 108 112 114 113
 114 117 117 116 115 117 117 113  95  66  65  62  64  64  58  56  52  48
  51  95 106 105 104 103 104 103 100  96  93  92  91  90  87  84  85  87
  85  82  85  90  90  85  82  80  83  83  82  81  84  86  86  86  89  89
  86  85  87  90  92  95  98  93  99 101  98  96 122 150 173 178 177 177
 178 181 180 179 179 180 181 181 182 184 186 186 185 186 186 188 189 190
 188  29]","[ 29  29  93  91  94  95  96  97  93  94  95  96  96  96  96  97 102  98
  95  95  96  96  97  97  96  99 100  99 100 102 101  97  98  99 100 101
 101 101  99  97  95  96  96  99  99  97  95  90  91  87  65  46  39  33
  30  33  34  38  45  74  92 103  99  99  93  80  72  58  54  49  46  45
  38  37  41  49  62  57  55  55  51  47  43  38  38  40  45  57  57  56
  54  51  49  48  45  41  44  50  58  60  66  77  84  91 103 109 113 113
 114 117 119 118 118 118 117 110  85  57  58  57  62  62  55  54  51  47
  52  97 109 109 107 105 106 107 105 100  94  92  91  92  91  88  88  89
  88  83  84  89  90  86  82  81  83  86  85  84  85  86  87  88  91  92
  91  90  89  89  90  93  95  96  95  95 101 128 160 181 179 178 178 180
 183 180 177 179 179 181 182 182 182 183 185 187 186 188 187 190 189 190
 190  29]","[ 29  28  92  91  95  97  97  96  95  94  94  95  96  96  97  98 101  97
  95  96  98  97  95  94  95  99  99  97  97 100 100  97  97  98  97  97
  98  99  99  98  97  97  97  97  97  96  94  93  91  89  68  47  38  30
  28  29  30  34  39  57  81 100 102  99  97  82  72  65  59  49  43  45
  43  39  38  45  57  59  56  53  53  53  52  46  42  40  42  54  52  53
  53  51  50  49  44  40  41  51  60  60  65  74  77  80  94 103 111 113
 113 116 120 122 116 116 116 109  78  56  59  60  58  58  54  52  47  46
  54 101 109 112 112 109 109 111 109 105  98  97  95  94  93  91  88  87
  87  84  87  92  92  88  84  82  83  87  88  87  87  87  89  92  93  96
  96  94  91  88  89  92  93  95  92 116 135 175 180 180 176 175 179 177
 181 180 180 183 180 182 183 183 183 184 186 188 186 190 188 190 189 189
 190  29]","[ 30  28  91  90  95  98  97  96  97  95  93  94  95  96  96  97  98  96
  96  98 100  99  97  95  95  96  97  97  97  98  98  97  97  98  98  97
  96  96  97  97  98 100 100  97  97  97  96  97  97  97  79  61  49  40
  34  32  31  38  46  53  71  88  96  97  92  82  66  61  58  54  49  46
  46  40  37  46  58  67  61  51  52  55  54  47  40  36  39  53  53  53
  53  54  51  45  40  39  43  53  60  58  62  69  69  72  83  92 104 112
 116 118 119 120 114 114 115 105  67  51  53  57  55  56  54  53  46  43
  49  91 106 114 118 114 112 114 114 111 104 103 100  97  94  92  88  85
  86  86  91  96  94  89  85  83  83  88  88  86  86  88  91  95  95  96
  96  94  92  89  89  93  99 100 115 161 179 189 179 181 179 178 182 178
 184 184 181 179 182 183 183 183 184 185 187 187 187 190 187 190 190 190
 191  28]","[ 30  28  90  88  94  96  97  95  95  93  92  94  96  97  97  98  96  96
  97 100 102 101 100 100  98  96  96  99 100  99  98  99  95  98 100  99
  97  97  97  98  96 100 102  99 100 101 101 102  98 100  88  73  62  52
  45  39  39  43  50  49  63  75  87  93  89  82  64  62  58  55  53  52
  49  44  39  46  53  66  61  51  54  55  50  40  34  33  41  60  60  56
  54  53  47  39  37  41  52  57  57  51  53  59  63  69  75  83  96 111
 120 121 117 113 113 114 116 103  59  47  47  53  55  54  54  55  46  40
  40  73 101 113 120 118 115 116 117 115 105 105 102  98  95  93  90  87
  87  88  92  94  90  86  85  85  84  88  87  85  85  88  92  96  94  94
  94  93  91  89  90  94 105 134 168 183 181 179 180 179 178 178 182 178
 182 181 180 182 183 183 183 183 185 186 187 186 188 191 187 191 192 193
 193  29]","[ 30  29  91  91  92  96  96  95  96  95  95  95  96  96  96  95  97  96
  98 100 100  98 100 104  99  96  94  96  99 101 101 100  97  98 102 100
  99 100  99 101  96  99 100  99  99 101 103 104 100  95  97  84  65  59
  54  50  49  53  56  55  59  74  88  92  88  85  72  69  65  55  56  54
  53  48  41  42  55  74  67  57  55  53  48  36  32  32  35  56  59  55
  49  48  43  38  39  38  50  59  52  46  42  46  51  58  68  80  90 104
 114 120 116 118 118 119 110  90  45  49  44  51  53  55  55  55  51  51
  49  66 103 122 122 121 122 119 121 116 116 109 103 102  99  94  90  90
  90  90  96  94  89  88  84  83  85  85  88  85  86  93  93  95  98  99
  96  95  92  87  88 114 159 172 181 182 178 176 180 179 179 178 180 183
 181 180 181 182 182 183 183 182 183 185 187 187 189 190 193 193 193 193
 192  29]","[ 29  29  92  94  95  98  97  96  98  99  99  98  96  95  95  96  99  97
  97  99  99  98  99 101  95  93  92  94  98 100  99  98  96  97 102 101
 101 103 102 104 102 100  98  96  98 101 103 103 100  97  97  90  78  67
  57  57  58  55  55  59  63  68  76  80  86  82  73  74  72  62  58  55
  53  49  41  39  48  66  65  60  58  53  46  35  31  30  33  53  60  55
  48  46  42  38  37  34  45  55  48  38  32  35  42  51  58  75  86  96
 104 114 114 114 117 119  97  67  46  50  54  56  56  55  54  54  56  60
  56  68 107 123 123 123 123 121 122 119 121 117 112 109 103  97  94  94
  96  93  95  93  92  92  87  83  87  84  85  85  90  96  97  98  95  97
  99  95  85  95 126 170 179 179 177 179 180 179 179 176 179 179 181 184
 184 182 182 184 185 185 185 184 186 188 190 190 192 192 195 194 194 193
 193  29]","[ 29  29  94  97  98  99  97  97 100 101 101  99  96  96  98 100 101  98
  96  98  99  98  97  98  93  93  94  97 100 101  99  98  97  98 102 102
 102 102 101 102 103 101 100 100 101 102 102 101 100  98  97  97  93  81
  70  71  61  55  55  60  63  63  64  64  73  79  80  76  74  71  63  54
  51  48  40  35  41  60  65  65  58  54  49  38  31  27  33  57  58  53
  45  44  42  39  38  34  44  50  39  30  27  32  37  43  51  62  73  90
 103 113 114 116 115 117  90  60  48  50  58  55  54  52  55  53  56  63
  60  75 110 122 122 124 125 122 123 122 123 121 118 114 109 103  99  97
  98  95  97  95  93  92  88  85  87  84  86  88  92  96  95  95 100  99
  95  96 111 147 172 183 180 176 173 177 180 179 179 179 178 180 180 181
 184 182 181 185 187 187 187 187 188 190 192 192 192 193 195 194 194 193
 192  28]","[ 29  29  95  99  99  99  97  97  98  99  99  98  98  99 101 103 102  99
  96  97  98  98  97  97  94  95  98 101 103 103 100  99  99  99 103 103
 102 101  98 100 100 102 104 106 104 102 101 102 100  99  99 100  99  92
  83  78  61  60  61  61  62  63  60  55  57  71  81  76  71  72  64  53
  50  46  38  33  39  58  64  65  58  54  49  41  32  27  35  58  54  52
  44  41  40  38  38  37  42  43  30  26  27  31  33  38  43  50  59  77
  94 110 115 117 118 117  95  70  48  52  60  56  58  55  59  55  58  66
  68  90 115 121 121 125 128 126 127 126 127 125 123 121 120 117 110 104
 101  98  97  96  94  94  90  86  86  87  90  91  92  94  95  96  97  98
  97 121 158 176 174 181 179 178 176 180 180 177 179 181 180 183 181 180
 184 183 182 187 187 187 188 188 189 191 192 192 191 192 194 194 194 193
 192  28]","[ 29  29  95  99  99  98  96  96  94  95  96  98 100 102 102 101  99  97
  96  97  97  97  97  98  97  97  99 101 102 101 100 100  98  98 102 103
 102 101  99 101 102 104 106 106 104 102 102 102 100 100 101 100  96  96
  89  74  64  66  67  65  63  65  64  58  54  62  75  77  72  69  61  54
  51  46  37  35  42  61  64  63  60  52  44  39  34  30  35  51  52  53
  45  39  36  34  35  36  37  36  25  24  25  25  26  33  32  43  48  56
  72 100 113 112 116 116  95  64  45  51  58  61  59  51  53  49  54  61
  71  97 124 124 124 127 130 129 129 129 129 128 126 125 125 123 119 114
 110 103  96  95  97  98  94  86  86  90  92  91  91  94  97  98  98 100
 131 172 181 180 176 170 179 178 175 177 179 179 182 181 179 182 181 180
 184 184 183 187 187 187 187 188 189 190 191 192 191 192 195 196 196 195
 193  29]","[ 29  30  96  99  97  97  95  95  92  93  97 100 102 102  99  97  95  95
  96  96  96  96  97  99 100  98  98  98  99  99 100 101  98  98 102 102
 101  99  97 100 104 105 105 105 105 104 101  97  98 101 103 101  96  98
  93  73  65  64  65  65  64  66  67  66  59  65  73  76  74  73  66  52
  50  45  38  37  47  65  66  64  61  52  43  39  34  29  34  46  48  52
  45  37  35  32  34  36  38  35  23  23  25  23  22  27  28  35  40  49
  66  96 110 110 112 112  85  47  46  50  54  59  57  52  52  50  54  58
  76 107 128 126 127 129 131 130 129 129 129 129 127 124 122 121 121 121
 117 110 101  99  98  97  95  87  86  92  94  96  95  94  98  99 108 150
 178 187 180 174 172 176 171 174 174 178 182 184 186 183 180 183 183 184
 188 187 185 187 187 187 188 189 190 191 191 193 192 193 195 196 196 195
 194  29]","[ 30  31  97  98  96  97  95  94  92  95  99 101 100  99  97  97  96  97
  98  97  97  96  97  98 100  99  98  99 100 101 101 102 101 100 103 102
  99  97  95  99 104 105 105 103 103 104 101  96  99 103 103 102 100 101
  98  84  68  64  63  64  65  68  70  71  64  73  76  75  73  77  73  51
  50  46  39  38  45  62  64  64  60  53  44  39  32  28  34  44  47  51
  44  38  37  36  37  38  41  38  23  21  23  24  21  23  29  29  34  50
  67  92 107 112 113 106  69  44  52  53  55  58  52  52  51  49  54  57
  82 112 126 125 128 130 129 129 129 129 131 131 130 128 126 125 126 128
 122 121 114 110 103  97  95  89  87  93  98 103 101 101 115 126 158 178
 177 175 174 175 175 178 174 178 181 184 186 186 187 185 186 188 189 190
 191 191 190 189 188 188 188 190 191 191 192 193 193 193 194 195 195 194
 193  28]","[ 29  31  98  98  96  97  96  94  94  97 101 100  97  96  98 100  98  99
 100  99  97  96  96  97  98  98 100 102 104 103 102 101 101 101 104 103
  99  97  97 101 105 108 105  99  97 101 104 103 102 106 102 102 104 101
  99  94  77  72  68  66  68  72  74  71  68  75  75  77  74  74  74  55
  51  48  41  36  39  53  56  58  58  49  38  34  31  29  34  39  49  54
  46  40  42  41  39  39  38  40  26  19  17  19  20  24  26  29  34  44
  56  82 103 112 115  96  52  48  50  52  57  60  56  56  52  53  62  66
  92 116 121 121 127 130 129 129 130 131 132 130 130 131 131 131 130 129
 130 130 125 122 114 104  99  89  89  95 100 107 107 113 144 171 176 182
 175 177 179 180 179 180 178 179 178 182 184 185 188 187 188 187 188 188
 187 188 188 187 188 188 189 191 192 192 192 194 193 193 194 193 194 194
 193  29]","[ 30  28  99 100  97  95  96 102 100 104 104 100  99 101 103 102  96 104
 109 106  99  96  98 100  97  96  99 104 105 103 101 101 107 106 106 107
 106 101 101 105 110 111 107 100  99 106 111 111 105 105 104 106 106 106
 106 100  88  77  71  72  73  72  72  71  64  73  76  73  77  78  69  64
  56  54  41  37  37  45  54  56  54  48  42  34  28  26  30  43  50  53
  49  48  42  41  39  36  37  35  26  18  18  18  20  25  27  29  34  37
  37  64  95 112 117  96  45  46  51  57  59  65  61  59  56  60  62  74
 101 115 124 127 127 128 130 131 131 132 131 131 134 136 135 133 132 132
 136 135 133 131 128 120 106  94  90  99 100 102 119 148 171 174 171 178
 180 179 176 176 179 179 180 180 181 182 183 185 186 187 187 187 187 186
 187 188 190 190 189 190 191 191 192 192 193 193 194 194 195 195 196 195
 194  29]","[ 28  29 107 111 111 109 109 113 117 120 121 116 112 111 110 107 109 114
 117 117 117 118 120 120 120 117 113 112 113 115 116 115 114 115 116 116
 115 110 108 111 116 119 119 115 115 120 122 122 116 117 115 116 115 115
 115 109 104  89  78  75  74  74  73  69  64  66  73  75  77  77  71  64
  59  55  41  36  36  44  51  53  53  46  41  36  31  27  29  39  49  55
  53  51  42  38  36  35  35  33  26  21  22  23  24  29  33  30  33  39
  33  48  83 115 113  78  35  44  50  53  55  58  60  59  56  56  56  84
 109 123 122 126 130 130 132 131 132 134 135 133 133 134 133 135 138 138
 138 140 138 134 135 134 121 105  95  95 105 134 162 175 177 173 173 179
 180 180 179 179 182 180 181 181 181 182 182 183 184 185 186 187 187 187
 187 189 191 192 193 193 193 192 192 192 194 195 195 194 195 195 195 195
 194  29]","[ 29  30 113 120 121 119 118 119 116 120 122 120 120 120 120 119 124 125
 124 123 122 123 123 122 129 128 124 121 123 128 128 124 123 126 127 127
 125 122 120 122 128 132 135 135 135 136 136 134 126 128 128 130 130 129
 129 124 119  99  83  78  76  76  74  67  61  57  65  72  74  76  71  63
  58  54  40  35  35  44  51  56  57  50  46  42  38  30  27  33  46  55
  54  51  41  37  37  38  37  32  26  23  23  23  25  30  32  34  35  39
  39  51  72  94  97  61  37  48  51  50  51  50  52  56  56  56  54  96
 117 126 133 136 140 134 134 128 131 133 134 133 134 136 139 143 145 143
 137 142 143 140 142 145 140 131 129 137 151 170 179 178 178 179 175 178
 178 178 179 180 183 181 182 183 183 183 183 183 184 185 186 187 188 187
 187 189 192 193 195 194 193 192 190 191 193 195 196 196 197 196 197 196
 194  29]","[ 29  30 116 121 122 121 120 122 119 120 120 120 122 124 125 124 125 127
 127 124 122 121 123 124 127 128 127 126 128 131 130 125 129 131 131 130
 131 131 130 131 128 131 134 136 135 134 132 130 130 133 135 138 138 138
 138 132 125  99  82  80  77  74  72  68  61  55  59  66  72  73  66  58
  53  50  39  34  33  41  49  60  63  57  54  49  43  33  27  32  45  58
  59  57  48  43  40  41  41  33  24  21  20  20  23  28  30  37  35  35
  39  49  50  49  47  33  34  44  46  48  52  53  54  56  54  52  53 105
 139 152 160 161 164 156 158 152 158 160 162 161 161 161 161 162 159 153
 158 159 161 163 165 165 167 169 166 172 174 176 174 173 178 179 176 178
 176 177 178 180 183 181 185 185 186 186 185 185 186 187 187 188 188 188
 188 190 192 194 192 193 192 191 190 190 192 194 195 196 198 197 198 198
 195  29]","[ 29  29 117 120 121 122 123 124 126 124 122 122 123 124 123 123 122 124
 126 125 123 124 126 128 131 131 129 128 129 130 129 128 129 131 130 129
 132 133 133 133 134 134 136 136 135 134 133 132 132 134 135 137 136 136
 137 133 127  98  80  79  76  69  69  71  66  63  60  61  69  71  59  52
  48  47  38  33  30  34  43  62  65  60  56  49  41  34  30  36  48  66
  70  69  60  52  44  40  41  31  23  19  18  19  23  27  28  34  31  31
  32  35  31  33  33  35  43  46  48  48  49  53  54  57  56  59  65 108
 150 161 159 160 163 158 164 160 163 163 166 164 164 165 168 174 175 171
 170 166 166 172 174 173 173 176 174 171 169 174 176 175 176 177 178 179
 177 177 178 180 184 183 186 186 187 187 187 187 187 187 188 188 187 188
 189 192 193 193 190 191 193 193 192 193 194 196 194 195 196 195 196 197
 195  30]","[ 29  28 120 121 121 121 123 124 123 122 121 123 123 123 122 122 125 124
 123 124 124 125 124 124 131 131 131 131 130 129 129 130 132 133 132 132
 134 135 133 133 137 137 137 136 136 137 137 137 135 136 135 135 134 135
 139 136 132 107  85  79  73  66  66  71  64  64  59  56  65  69  58  53
  48  46  40  36  31  31  40  65  66  61  55  44  36  32  30  36  47  71
  76  72  63  57  48  43  40  32  25  21  18  19  22  24  24  30  29  28
  27  29  29  36  32  36  40  43  49  50  49  55  61  60  59  60  72 107
 151 162 160 162 166 164 170 166 165 162 168 167 166 167 168 171 172 170
 167 169 171 173 174 172 172 172 171 172 173 177 177 173 177 180 179 180
 178 178 179 181 184 184 186 186 186 187 187 187 187 186 187 186 186 187
 190 192 193 192 190 192 194 195 195 195 196 197 195 195 196 194 195 197
 196  31]","[ 29  28 122 122 121 121 123 124 124 124 125 126 125 123 123 125 126 124
 124 126 128 129 128 128 129 129 131 132 132 131 131 132 136 136 135 134
 135 135 134 135 137 138 139 138 138 139 139 138 136 137 136 137 136 137
 141 140 137 120  95  79  72  67  64  65  56  54  53  51  58  64  61  58
  53  48  42  40  34  30  36  64  64  61  54  43  37  36  32  33  40  69
  78  72  62  56  48  45  39  32  26  21  17  19  22  22  25  29  28  27
  25  29  29  31  34  40  42  46  50  52  53  55  55  57  61  64  84 121
 156 162 160 162 165 165 169 168 167 166 170 169 170 171 169 169 169 167
 165 170 175 175 173 173 173 172 172 175 174 174 175 177 180 179 180 180
 178 180 182 183 186 185 185 185 185 187 188 188 188 187 187 188 188 189
 191 193 193 193 192 193 194 195 195 195 196 196 195 197 198 196 197 199
 196  31]","[ 29  27 124 123 122 123 127 129 125 126 128 128 125 123 126 131 125 125
 126 128 129 129 130 131 131 132 131 131 131 133 135 135 138 137 135 133
 133 132 133 136 133 135 137 136 137 137 136 133 135 137 138 138 137 137
 140 137 138 130 104  79  72  70  63  59  51  46  49  50  51  59  63  60
  59  50  42  40  35  27  30  58  61  59  53  45  43  43  36  32  31  68
  83  77  65  56  46  41  37  30  24  19  16  19  24  24  27  26  25  30
  30  32  31  34  31  44  50  53  50  54  57  55  59  57  57  53  77 126
 159 168 164 165 164 162 162 164 165 168 169 168 170 171 169 169 170 170
 170 171 173 174 175 174 173 172 173 175 176 178 179 179 181 179 180 180
 178 181 184 185 187 185 185 185 185 187 189 190 190 189 190 191 193 193
 194 195 195 195 195 195 195 195 195 195 195 196 194 197 201 200 201 201
 196  28]","[ 29  29 122 123 124 125 127 127 124 124 128 128 124 124 130 132 129 126
 123 125 129 131 131 131 132 132 132 132 132 133 134 135 138 137 135 132
 133 137 139 138 136 135 136 138 139 137 135 134 137 140 140 138 137 139
 139 138 136 136 116  70  67  61  60  55  47  46  48  51  56  62  65  62
  61  56  47  40  34  26  32  50  58  64  60  57  50  47  41  33  30  63
  81  84  70  52  45  38  37  27  23  19  18  22  25  25  31  31  30  30
  33  36  38  38  41  49  54  53  51  53  55  55  52  55  57  55  82 131
 163 166 165 166 164 163 164 165 164 165 165 167 170 171 169 169 172 173
 172 173 172 172 175 176 174 173 173 175 177 178 178 179 179 180 178 181
 183 182 183 184 185 184 184 184 185 187 189 189 189 189 188 192 194 193
 192 192 192 193 191 195 197 196 195 195 195 194 195 195 195 198 200 198
 197  30]","[ 28  29 123 123 123 123 124 124 125 124 126 128 128 129 131 131 132 129
 127 127 129 130 131 132 136 134 131 131 132 134 136 136 136 137 136 134
 135 137 138 137 138 137 137 138 138 136 136 137 137 139 139 138 139 141
 140 138 135 138 120  71  68  62  59  54  48  47  48  52  57  64  67  64
  64  58  47  41  37  30  32  45  58  65  63  63  57  51  41  35  38  65
  85  90  78  57  46  39  30  25  24  21  21  25  27  29  34  35  36  38
  41  44  43  42  44  51  56  54  51  52  52  52  50  54  55  61  87 134
 169 172 166 167 166 165 166 167 167 167 167 167 170 170 169 169 171 172
 173 173 171 171 174 176 175 175 175 177 179 179 178 178 178 178 181 183
 185 183 182 182 183 183 185 185 186 187 188 188 189 189 190 194 195 193
 192 190 189 190 191 194 197 195 194 195 196 196 196 195 194 196 199 198
 197  29]","[ 29  30 123 123 123 121 122 122 124 125 125 127 130 131 129 130 133 132
 130 129 129 129 131 133 137 134 130 130 132 135 135 135 135 136 135 133
 134 137 140 139 136 137 138 139 138 136 137 138 138 138 138 139 140 141
 139 136 135 139 126  78  71  67  62  60  58  54  50  51  55  63  68  69
  65  58  46  39  37  32  31  39  55  66  66  67  63  54  41  37  35  47
  77  88  65  49  47  36  26  25  25  23  25  29  32  37  40  40  42  45
  49  51  49  47  49  54  57  55  52  51  50  48  47  55  63  73  98 135
 170 168 165 166 166 166 167 168 168 168 169 168 169 170 169 171 172 172
 174 173 170 170 173 175 175 177 174 177 179 179 179 178 179 179 179 183
 185 184 183 184 185 185 186 186 186 187 188 188 189 189 189 193 195 193
 192 191 190 190 191 194 196 195 194 195 196 197 198 197 196 197 200 200
 197  29]","[ 29  29 121 121 122 122 123 122 122 126 127 127 128 126 126 129 132 132
 131 130 129 128 130 132 134 133 131 132 135 136 135 133 132 133 133 132
 134 136 137 136 134 135 138 140 140 138 137 138 138 138 138 139 140 140
 139 136 136 137 129  92  73  71  67  67  65  58  52  49  51  58  66  69
  66  60  49  40  36  31  30  33  52  68  69  69  65  56  43  38  33  34
  60  69  45  38  42  32  24  23  23  24  29  32  35  45  48  47  47  49
  52  55  55  53  54  56  57  55  52  50  49  48  51  56  68  69  94 131
 167 165 164 164 165 166 167 168 169 168 168 168 169 170 170 171 173 173
 174 173 170 170 172 174 175 177 174 177 180 181 180 180 180 180 177 180
 184 185 186 187 187 187 186 186 186 187 188 188 189 190 189 193 194 193
 194 193 192 192 193 195 195 195 194 195 195 195 199 199 198 199 201 200
 197  29]","[ 29  28 120 121 124 124 124 123 123 127 127 127 127 125 125 130 130 130
 130 130 129 129 129 130 133 133 134 136 137 137 136 135 132 132 133 134
 136 136 133 130 136 136 137 140 140 139 139 139 138 138 138 139 139 139
 138 139 138 133 130 109  77  73  68  67  61  56  52  50  49  53  60  64
  67  65  58  49  40  33  31  33  48  68  70  68  63  55  41  33  26  26
  33  33  29  29  27  25  22  22  26  33  40  42  43  53  55  54  53  53
  55  57  58  57  57  56  54  52  50  48  48  48  53  54  64  68  94 143
 167 166 163 162 164 166 166 168 170 168 167 168 170 171 169 171 173 173
 172 172 170 171 174 175 175 178 178 181 184 184 182 181 180 179 179 180
 182 184 185 186 186 185 186 186 186 188 188 189 190 191 190 194 194 194
 194 194 192 192 195 195 195 195 196 196 195 194 197 199 199 200 201 199
 197  28]","[ 29  29 122 124 127 127 127 125 127 127 127 127 128 128 128 130 130 129
 129 130 131 130 130 130 132 133 134 135 135 135 136 137 135 134 134 134
 136 137 137 136 139 138 137 138 139 138 139 140 139 139 139 139 137 135
 135 137 141 134 134 125  87  75  69  66  62  57  54  51  48  50  57  63
  64  65  65  59  48  38  35  36  47  68  73  70  63  56  41  29  26  25
  22  20  21  24  26  23  24  26  36  45  52  53  52  57  57  57  58  57
  57  57  57  57  57  54  50  48  48  47  47  48  50  50  55  76 104 161
 163 162 163 161 164 166 165 168 171 168 168 169 173 173 171 171 173 173
 171 171 171 173 176 176 176 179 180 182 184 184 183 182 181 180 181 180
 180 181 183 185 186 186 186 186 186 187 189 189 190 190 190 193 193 192
 194 194 192 192 195 195 195 196 197 197 196 196 197 201 202 202 202 201
 198  30]","[ 31  29 123 124 127 128 129 129 129 127 127 128 128 129 131 131 130 129
 129 130 131 130 130 130 131 132 133 133 132 133 135 136 137 136 135 134
 135 138 141 143 140 139 138 139 138 138 139 141 140 138 138 139 137 134
 134 136 142 138 136 130  99  78  74  70  67  60  56  53  50  51  58  65
  65  68  71  66  54  42  38  37  48  67  73  72  64  56  43  30  27  23
  20  21  17  20  30  24  34  38  47  51  53  57  56  56  56  58  59  59
  57  55  55  55  55  50  46  46  47  47  48  50  52  48  50  86 119 166
 161 163 164 162 165 167 166 169 172 169 168 170 174 175 173 172 173 173
 171 172 172 175 178 177 176 178 179 180 181 181 181 182 182 181 181 180
 180 181 183 185 186 187 186 185 185 187 189 189 189 189 189 191 191 191
 193 194 194 194 195 195 196 196 196 196 197 198 199 202 202 203 203 202
 199  31]","[ 30  29 121 121 123 126 130 133 129 127 128 129 127 128 131 131 131 130
 130 130 130 130 129 130 132 133 134 134 133 133 135 136 135 136 138 139
 137 137 138 139 139 140 141 141 140 139 140 143 137 136 137 140 140 138
 139 141 139 139 135 127 105  79  78  76  63  58  56  57  55  55  60  65
  75  75  76  71  56  43  37  36  43  58  65  65  56  49  38  28  24  24
  17  22  30  34  44  43  52  55  61  57  54  61  63  59  56  58  60  59
  55  54  54  55  53  48  44  45  47  49  50  52  53  51  60 105 146 171
 165 167 167 164 167 169 168 171 175 171 167 168 172 174 173 172 172 171
 172 172 173 175 177 175 174 176 179 179 178 178 179 180 180 180 181 182
 183 184 185 185 185 185 187 185 185 187 189 189 188 187 190 192 192 191
 193 194 193 193 194 195 196 196 195 195 196 199 198 200 200 200 202 201
 198  29]","[ 30  28 118 120 126 128 127 126 127 128 128 128 130 129 127 129 128 131
 132 131 130 130 130 130 133 133 136 137 136 133 134 136 136 134 136 139
 138 136 137 137 138 136 139 138 137 140 141 142 136 137 139 141 140 139
 141 144 138 137 136 129 114  90  82  78  73  67  62  58  56  55  59  65
  75  82  82  73  59  45  36  34  30  46  59  59  50  40  31  25  24  22
  24  32  40  45  50  54  60  60  57  56  59  60  60  60  56  57  59  58
  56  53  52  51  52  47  45  44  51  48  50  53  56  53  82 129 159 166
 165 167 166 166 166 169 172 175 175 174 168 169 171 172 173 174 174 174
 172 175 178 178 177 176 178 180 180 179 178 178 179 180 181 180 183 183
 184 186 186 185 185 187 186 186 186 186 187 188 188 188 193 193 193 194
 194 195 194 194 194 195 196 196 195 196 197 197 198 200 202 202 201 200
 198  28]","[ 30  29 119 120 124 124 124 124 127 129 130 131 132 129 125 125 128 130
 132 131 130 130 130 130 132 133 134 135 134 132 133 135 134 133 133 135
 135 137 137 135 137 136 140 138 137 140 143 144 139 138 137 137 137 137
 138 141 139 136 136 130 116  96  78  77  76  71  65  60  57  55  57  62
  68  79  82  71  56  44  37  34  29  36  42  42  39  36  32  28  27  29
  34  39  44  49  55  61  60  62  61  59  60  60  58  56  55  57  58  57
  54  51  51  51  50  46  44  42  48  47  53  58  54  85 123 152 168 169
 166 166 167 167 167 169 172 174 174 173 170 170 171 172 173 174 174 173
 174 173 173 174 176 178 179 178 179 178 178 178 180 182 182 182 183 183
 184 185 186 185 185 185 186 186 185 186 188 190 189 188 193 195 194 192
 191 194 196 195 195 195 196 195 195 196 196 196 200 201 202 202 201 200
 198  28]","[ 29  29 121 121 122 121 121 123 129 128 127 126 126 126 125 127 129 131
 132 131 130 131 130 130 131 132 133 133 132 131 133 135 134 133 132 131
 131 136 138 135 135 137 142 139 137 140 142 143 142 140 138 137 137 138
 138 139 137 136 137 133 122 105  77  76  78  73  68  64  60  57  58  62
  67  80  83  72  59  48  39  32  35  37  38  38  38  38  39  39  37  43
  49  52  54  58  63  66  62  65  65  64  65  64  59  56  55  57  58  57
  53  51  52  54  48  47  47  47  53  54  57  61  82 131 160 167 170 167
 167 168 167 168 168 170 171 172 171 171 171 171 171 172 173 174 174 174
 175 173 172 174 177 180 179 178 179 179 179 180 182 184 184 184 184 185
 186 186 187 187 186 185 187 185 185 187 190 192 191 189 191 194 195 191
 190 194 196 195 195 195 195 195 196 197 197 197 201 202 202 201 201 201
 199  29]","[ 28  30 122 123 124 123 123 124 130 128 124 121 122 123 125 129 130 132
 133 131 131 131 130 129 131 132 134 133 132 132 134 135 137 135 134 132
 130 133 137 137 136 139 144 142 140 143 144 144 143 141 139 139 139 140
 140 141 140 141 142 142 137 118  87  80  79  76  72  68  64  60  60  62
  66  73  73  63  54  47  38  31  35  39  42  43  40  38  40  44  49  53
  59  64  68  70  70  69  67  68  66  66  67  65  60  57  56  57  58  57
  54  52  52  54  53  48  48  53  54  52  66  86 131 163 169 166 167 164
 167 168 167 168 169 170 170 170 170 170 171 171 172 173 173 174 175 175
 174 175 176 177 178 178 178 179 180 181 181 181 182 184 184 183 184 187
 188 187 186 187 187 185 187 186 186 188 191 192 191 190 190 193 195 194
 193 195 195 194 195 195 195 195 197 199 199 198 202 202 201 201 201 202
 200  29]","[ 28  30 123 124 127 126 126 128 130 130 128 126 125 124 124 127 130 131
 132 131 130 130 130 129 131 133 135 134 132 133 135 135 135 135 137 137
 133 132 136 139 135 137 141 140 139 143 143 143 141 140 139 138 138 140
 141 143 141 144 143 144 146 124  98  83  81  78  75  71  66  62  61  61
  65  66  61  53  48  44  41  40  45  49  54  54  50  47  49  54  55  58
  65  72  76  76  73  72  72  68  64  64  65  62  57  57  58  57  56  56
  53  50  49  50  55  51  53  59  56  58  89 130 161 169 164 165 167 164
 167 165 167 168 169 170 171 171 171 171 172 173 174 174 174 174 175 177
 174 175 176 176 176 176 177 179 180 181 181 181 181 182 182 181 182 185
 187 185 184 184 185 184 187 187 188 189 190 191 191 191 192 192 194 196
 196 196 195 195 195 195 195 195 197 198 199 198 201 201 200 201 201 202
 200  30]","[ 28  30 123 125 128 128 129 130 130 131 130 129 129 127 127 129 128 130
 131 130 130 130 130 129 129 133 134 132 131 132 134 134 131 132 138 140
 137 134 136 140 139 137 140 138 137 139 139 139 140 140 140 138 137 139
 142 144 141 143 140 139 144 126 104  84  78  77  75  72  68  64  63  63
  64  64  61  57  52  47  47  51  54  55  56  57  56  56  58  60  62  66
  72  78  78  74  72  72  73  69  64  63  64  61  58  60  60  57  55  53
  51  47  46  47  53  57  56  55  62  90 127 159 162 164 161 164 167 167
 169 165 169 169 170 171 172 172 172 172 173 174 175 175 175 174 175 176
 176 175 174 174 176 177 179 179 179 180 180 180 181 182 183 182 182 184
 186 186 185 185 185 185 187 188 189 189 189 189 190 191 193 191 191 194
 195 194 194 196 195 196 196 195 196 197 198 198 200 201 201 201 202 203
 200  29]","[ 28  30 123 123 126 126 128 131 129 130 130 129 129 129 129 132 127 129
 130 130 130 131 131 130 129 133 133 130 129 132 134 134 131 133 137 139
 138 137 138 138 139 137 141 142 140 140 138 138 139 141 141 140 140 142
 143 144 144 144 143 141 144 135 111  90  76  75  74  72  69  66  65  65
  62  64  63  61  58  54  53  56  62  61  60  61  64  66  67  66  69  74
  78  79  76  74  72  72  71  71  67  63  61  60  59  60  59  55  52  50
  48  46  48  51  55  60  58  65  89 130 156 166 160 162 163 165 167 169
 169 169 171 171 171 172 172 173 172 172 173 174 174 175 175 175 175 174
 176 175 175 176 177 179 180 180 179 180 180 181 181 183 184 184 184 184
 185 187 187 187 187 187 187 188 189 189 189 189 191 192 192 191 191 192
 192 193 194 195 195 196 197 196 195 196 197 198 200 201 202 203 203 203
 200  29]","[ 28  30 122 122 123 123 126 130 129 131 131 131 131 129 128 130 127 128
 129 130 131 133 133 132 131 134 134 131 130 133 135 135 135 135 136 136
 136 139 140 137 130 130 137 142 141 139 136 137 137 140 142 143 144 144
 143 142 144 143 145 144 144 143 114  95  77  77  76  73  70  67  65  64
  65  64  61  60  61  61  61  64  65  65  64  66  69  72  72  69  72  76
  78  76  75  76  75  73  70  74  70  62  58  57  56  54  56  52  48  47
  45  46  50  57  55  59  71 106 140 163 164 162 162 165 166 167 172 171
 167 171 172 172 172 172 172 172 172 171 172 172 172 173 175 175 174 173
 173 175 178 179 179 179 179 179 178 179 180 180 181 183 184 185 184 182
 183 186 188 187 186 187 187 188 188 188 189 190 191 192 190 192 194 193
 192 193 195 195 195 197 198 197 195 196 198 200 200 202 203 204 204 203
 200  29]","[ 29  30 123 120 121 126 128 129 131 130 129 129 129 128 129 130 129 130
 131 130 129 129 131 132 133 136 134 130 130 135 138 137 135 134 134 135
 136 138 138 139 137 136 137 141 143 142 141 141 140 141 143 144 145 145
 143 141 142 145 146 144 146 142 122 100  79  77  75  73  73  73  69  65
  65  64  63  63  64  65  65  64  65  67  69  70  73  75  75  73  73  76
  75  73  72  73  76  74  71  73  70  63  56  54  54  53  52  48  48  47
  50  49  55  55  51  64 108 147 162 168 166 164 162 164 165 167 171 172
 171 171 171 171 172 172 172 172 171 171 171 172 173 174 175 175 174 172
 173 175 178 179 179 179 178 178 179 178 178 180 182 183 184 185 183 182
 182 184 186 186 186 187 188 187 188 189 190 189 191 194 193 194 195 195
 196 196 195 194 194 195 196 197 196 197 199 202 202 200 201 203 203 203
 200  28]","[ 28  29 125 124 124 126 124 124 127 126 126 126 126 126 127 128 130 130
 131 130 129 129 131 133 132 134 134 132 132 135 138 138 136 136 135 135
 136 137 137 136 135 135 137 140 142 142 142 141 140 142 144 144 145 145
 144 142 142 145 146 145 147 145 130 113  88  80  81  75  75  73  71  66
  66  66  66  65  65  66  66  66  66  69  73  76  79  80  78  76  77  78
  74  72  72  73  75  72  70  71  69  63  57  54  52  51  48  45  42  44
  49  54  54  59  68 107 150 163 160 160 162 165 162 164 164 165 168 168
 167 167 172 172 172 172 171 171 170 169 171 172 174 174 175 175 175 174
 175 176 178 178 178 178 178 178 178 178 179 182 184 184 184 184 182 181
 182 185 186 186 186 187 188 188 189 190 190 190 191 192 194 195 195 195
 194 194 195 195 196 196 196 196 196 196 199 201 200 200 200 200 201 204
 202  30]","[ 29  29 126 127 127 126 122 122 126 126 126 127 127 127 128 129 128 129
 130 132 131 130 132 135 132 133 133 133 134 136 138 138 138 138 137 137
 137 137 137 137 135 138 140 141 142 143 144 143 142 144 145 145 145 145
 145 144 142 144 145 145 147 146 139 129 102  80  82  77  80  78  76  69
  70  71  70  66  64  65  66  66  69  73  78  81  82  82  80  78  80  80
  75  74  75  75  75  70  70  70  67  61  55  52  49  47  43  43  42  48
  53  57  60  81 107 146 166 163 161 164 163 161 162 164 165 165 167 167
 167 169 170 170 171 172 172 171 171 171 171 173 174 174 174 174 175 175
 177 177 177 176 177 178 179 179 179 180 181 183 183 182 181 181 182 182
 184 186 187 186 186 187 186 188 189 189 189 190 190 189 192 195 196 195
 193 193 195 196 196 196 196 196 197 197 198 199 199 201 201 200 200 204
 202  29]","[ 30  29 125 126 126 124 123 125 129 129 128 129 129 129 129 130 127 128
 130 132 132 132 134 138 135 133 133 134 136 137 137 137 137 138 138 139
 139 139 139 139 139 142 143 141 140 143 144 144 145 145 145 145 145 145
 145 144 144 144 144 144 145 145 142 139 114  79  79  79  81  79  75  72
  72  73  70  64  61  64  68  69  73  76  80  81  81  80  79  78  79  79
  76  75  75  74  73  69  68  65  60  56  52  50  48  46  45  43  45  50
  54  55  67 103 138 160 163 161 163 163 165 163 163 166 167 167 168 168
 169 172 170 170 171 172 172 172 172 172 171 173 173 173 174 174 175 175
 177 177 176 176 176 178 180 180 182 181 182 182 182 182 181 181 182 184
 186 187 187 186 186 186 185 187 188 188 189 191 191 189 190 193 195 196
 195 194 194 194 195 195 196 198 199 200 199 198 200 202 204 203 202 205
 202  28]","[ 29  28 124 125 124 123 123 128 131 130 129 129 129 128 129 129 130 129
 129 130 130 131 134 138 138 134 131 132 135 137 137 136 136 136 137 138
 138 138 139 139 141 144 144 139 137 140 143 144 146 145 144 145 146 146
 145 144 145 144 143 144 144 144 143 142 130  90  81  82  80  79  74  77
  71  72  71  66  64  68  72  75  77  79  81  83  82  80  78  77  75  76
  73  71  69  68  68  66  64  60  55  53  52  50  48  46  43  42  45  50
  65  77 104 142 156 161 161 166 167 164 165 162 165 168 168 167 167 167
 168 171 172 172 172 172 171 171 170 170 172 172 172 173 174 175 175 174
 175 176 176 176 177 179 180 181 181 181 182 183 183 183 183 183 182 184
 186 187 186 186 186 186 185 187 188 189 191 193 194 192 191 192 194 195
 195 195 194 193 194 195 196 197 200 202 201 199 200 201 203 205 204 204
 201  29]","[ 28  29 126 127 126 124 125 129 132 130 130 129 129 129 129 130 135 133
 130 127 127 129 132 135 137 133 130 132 135 137 137 136 136 137 138 138
 137 137 138 139 141 143 142 138 136 139 143 144 144 143 144 145 146 145
 144 144 145 144 144 145 145 144 143 143 142 105  83  78  78  81  75  76
  72  73  74  72  71  73  75  77  77  79  82  86  86  83  79  77  76  75
  70  66  63  62  65  64  63  60  57  55  52  48  46  45  43  46  50  53
  71  94 131 157 164 160 161 166 167 166 166 159 164 167 167 167 167 167
 168 171 170 170 170 171 171 170 170 170 172 171 171 171 173 174 174 173
 175 176 177 177 178 179 181 181 180 180 182 184 184 182 181 181 182 184
 186 186 185 186 186 187 186 187 187 189 192 195 195 194 194 194 194 193
 194 195 195 194 194 195 195 195 197 200 201 201 200 199 200 202 202 203
 201  30]","[ 29  30 128 129 129 129 128 130 133 132 131 130 130 130 130 132 136 135
 132 129 128 131 132 131 135 134 133 134 136 138 138 137 137 139 139 139
 137 137 138 140 139 141 141 139 138 141 143 144 143 143 144 145 144 142
 141 142 143 144 145 146 146 145 144 145 143 123  97  75  76  80  76  72
  74  74  75  76  76  75  76  78  77  78  81  86  88  85  80  77  77  74
  66  63  61  60  62  61  61  59  57  54  49  43  42  44  43  47  53  69
  89 118 153 166 159 160 165 164 161 162 164 165 164 166 166 166 168 168
 169 171 168 168 169 170 170 171 171 171 171 172 172 172 173 173 173 173
 177 178 178 178 178 179 180 180 180 181 182 183 183 182 181 181 184 185
 186 185 185 187 188 188 188 187 187 190 193 195 195 194 195 195 195 194
 195 196 196 195 196 197 196 195 196 199 201 201 200 200 201 203 203 205
 202  30]","[ 29  30 127 129 131 131 130 131 134 132 130 129 129 129 130 131 133 135
 134 132 132 134 133 129 134 135 136 136 137 138 138 138 138 139 140 139
 137 137 138 140 138 140 141 140 140 141 143 143 142 143 145 146 143 140
 139 140 142 144 146 147 147 145 145 145 146 146 125  86  81  80  82  77
  74  73  74  77  77  76  78  80  76  76  79  84  86  84  80  77  75  71
  63  61  60  59  59  56  54  53  53  50  44  38  40  45  49  45  49  82
 105 132 157 156 157 159 164 162 162 163 160 163 166 168 167 167 168 168
 167 169 169 169 170 170 171 171 171 171 172 173 174 174 174 174 174 174
 179 180 180 179 178 178 179 180 180 180 181 183 183 184 185 187 186 188
 187 186 186 188 189 189 190 188 188 192 195 195 194 195 194 195 196 196
 196 197 197 196 199 200 201 199 199 201 203 202 203 206 207 207 207 209
 204  29]","[ 30  29 127 127 131 129 129 129 132 132 133 130 128 130 130 134 131 134
 133 131 133 136 136 136 135 136 138 138 136 137 139 138 139 140 141 140
 138 138 140 142 143 141 139 138 140 142 143 143 144 144 146 147 146 143
 145 148 146 146 146 146 147 149 148 146 147 147 138 107  85  79  81  79
  76  74  76  76  76  78  77  81  80  72  73  81  83  82  79  72  73  69
  62  58  59  61  58  54  52  49  47  46  44  41  40  42  45  43  52  87
 114 135 162 159 159 161 161 161 162 164 165 163 169 170 169 166 166 166
 167 168 170 170 171 171 171 170 171 172 174 173 172 173 176 177 176 174
 179 179 179 179 179 180 180 179 179 180 183 187 188 187 186 187 189 189
 188 187 187 188 189 189 189 189 190 193 194 194 195 196 195 197 199 199
 199 199 200 200 200 201 203 204 204 203 203 203 207 208 208 208 209 210
 204  28]","[ 29  29 127 127 130 130 131 132 134 132 133 130 129 131 131 134 135 134
 133 133 133 135 137 137 137 138 139 139 139 139 137 137 138 139 139 139
 138 137 138 139 142 142 141 140 139 140 141 142 145 145 146 148 147 146
 146 148 147 147 147 147 148 150 149 148 145 145 141 116  90  78  81  82
  78  73  75  79  79  74  73  81  80  74  75  80  81  81  80  77  76  72
  67  63  63  62  57  52  47  46  47  49  47  44  41  41  41  40  50  94
 123 139 162 160 160 160 161 161 163 164 164 163 168 170 169 168 169 169
 168 169 171 170 171 172 172 172 172 172 172 173 174 175 176 178 179 178
 178 179 180 179 180 181 182 183 183 184 186 189 191 190 189 189 189 190
 189 189 190 191 192 192 192 192 193 195 196 196 196 197 197 199 200 200
 200 201 201 202 202 203 204 204 204 204 203 203 204 207 211 211 209 208
 203  30]","[ 28  29 128 127 130 129 131 132 132 131 133 131 130 131 130 133 135 130
 131 135 135 135 137 137 137 139 138 136 139 138 135 136 139 138 138 138
 139 141 142 143 145 145 145 142 139 139 141 143 143 144 145 146 147 147
 147 146 145 145 144 144 146 148 148 146 147 148 148 138 121  93  81  80
  81  80  79  78  81  80  77  81  78  77  78  81  81  80  81  82  78  74
  68  65  63  60  54  50  44  44  47  50  49  45  42  41  41  41  46  92
 121 139 161 161 163 162 162 164 166 167 167 167 167 169 169 169 171 171
 171 171 172 171 171 173 174 174 173 173 176 178 180 178 177 176 177 178
 179 180 181 181 181 182 185 186 186 186 188 190 191 190 189 189 189 189
 189 190 191 193 194 193 194 193 194 196 197 196 197 199 198 199 199 199
 199 201 202 202 203 204 204 204 204 203 203 203 203 205 208 209 208 208
 204  30]","[ 29  29 129 128 130 127 127 128 131 133 138 137 133 132 132 135 133 126
 130 138 137 136 137 136 139 142 139 136 139 139 137 140 143 140 137 138
 140 144 147 147 145 145 144 140 137 136 138 141 142 144 145 146 146 147
 146 145 146 146 145 146 148 151 150 148 147 149 147 148 145 113  86  81
  83  84  80  74  78  81  77  76  75  77  79  81  82  80  79  81  78  72
  66  62  59  56  51  48  46  46  48  49  49  47  45  44  46  49  48  87
 112 136 160 164 164 162 162 165 167 168 168 168 168 169 168 168 171 173
 173 174 174 173 173 175 177 177 176 175 177 179 181 180 178 177 179 180
 179 181 183 183 183 184 186 187 187 187 187 188 189 189 188 188 189 189
 189 189 191 193 193 193 194 193 193 194 195 195 197 200 199 200 199 199
 199 201 201 201 202 203 204 203 202 202 203 205 205 203 202 204 207 210
 205  29]","[ 29  30 129 128 129 126 127 128 131 132 137 136 134 134 132 134 134 127
 130 137 136 135 135 134 137 142 139 137 139 137 136 140 146 142 139 138
 141 143 144 144 145 145 143 142 139 137 138 141 143 145 147 146 146 146
 147 146 146 146 146 146 148 151 151 150 149 150 147 146 147 129 110  91
  85  83  81  77  77  77  73  75  72  75  76  78  80  80  78  79  76  71
  65  61  58  55  51  49  49  49  50  50  50  49  48  47  43  47  46  78
 100 123 148 161 166 164 164 167 170 171 171 172 171 172 170 170 173 175
 174 175 176 175 175 176 178 178 177 177 177 178 179 179 178 178 179 180
 179 181 183 184 185 186 186 186 187 187 187 187 188 188 188 187 189 189
 189 189 191 192 193 193 194 193 192 193 193 194 197 200 200 201 201 200
 200 201 201 201 201 203 204 203 202 202 204 206 207 204 202 204 208 212
 205  28]","[ 29  30 128 126 128 127 129 132 133 131 132 132 134 135 132 132 137 130
 130 133 132 132 133 132 136 140 140 138 138 136 135 138 143 141 139 140
 142 143 142 141 145 144 145 146 145 142 141 142 144 145 146 146 145 145
 146 147 145 146 146 146 147 149 150 149 152 150 151 149 146 147 135  95
  81  82  84  80  76  76  75  76  73  73  74  75  78  80  80  78  74  71
  66  63  60  57  53  50  50  51  51  51  51  50  48  47  48  48  49  75
  93 112 140 167 168 168 169 172 174 175 175 175 174 175 174 174 177 177
 175 174 176 175 174 175 176 176 175 175 179 179 179 179 180 181 181 180
 179 181 183 184 186 187 187 186 188 188 187 187 188 189 189 187 188 189
 190 190 191 193 194 194 196 194 194 194 194 194 197 200 200 201 201 200
 200 201 201 201 203 204 204 204 203 203 205 207 207 207 207 209 210 212
 205  29]","[ 29  29 128 127 130 129 131 133 135 133 134 135 137 138 135 134 137 134
 130 129 130 133 134 135 140 142 143 141 139 138 139 139 139 138 138 140
 143 145 144 142 142 142 143 145 145 143 142 143 146 145 145 146 146 146
 148 150 151 151 151 150 150 152 152 152 150 150 152 152 152 154 146 107
  82  78  81  79  74  75  75  73  75  73  74  75  76  80  81  77  73  72
  69  65  63  61  57  53  52  53  53  52  51  49  48  46  49  47  50  64
  80  97 125 160 164 166 168 171 173 174 173 171 174 175 175 175 177 177
 175 175 175 174 174 174 174 174 175 176 177 177 178 179 183 186 186 185
 180 182 184 184 184 185 186 187 187 187 187 187 188 190 189 188 187 189
 191 191 192 193 194 194 196 195 195 196 195 195 197 200 200 200 200 200
 200 201 202 203 204 204 204 204 205 206 207 207 207 208 210 210 210 211
 205  29]","[ 28  29 129 129 132 130 130 131 130 131 137 137 137 136 133 134 136 136
 132 129 132 136 138 139 142 140 140 138 136 137 139 139 139 138 138 140
 143 145 145 144 143 142 143 145 146 145 146 148 150 147 146 148 150 150
 152 154 154 155 155 153 153 153 154 153 151 156 152 151 156 152 150 136
  97  79  78  83  79  74  73  74  76  73  75  76  76  80  81  73  74  73
  70  66  64  64  61  57  57  56  55  53  51  49  48  47  47  47  53  58
  71  88 113 147 162 165 169 171 173 174 172 169 173 174 173 173 175 176
 176 176 175 175 175 175 175 175 177 178 180 179 179 180 183 186 186 185
 181 183 185 183 182 183 186 188 187 187 187 187 189 191 190 188 188 190
 193 193 193 194 194 194 195 194 195 196 196 196 197 200 200 201 201 200
 200 202 204 206 204 203 202 204 207 209 208 207 208 207 207 208 209 211
 205  30]","[ 29  29 129 131 132 132 134 130 131 135 138 138 138 136 135 137 134 135
 138 141 140 139 139 141 142 142 139 137 138 142 142 140 138 138 140 142
 144 144 145 145 146 146 147 148 148 149 151 153 151 150 150 152 153 153
 153 154 154 157 159 158 156 154 154 153 155 155 154 154 155 155 155 155
 128  90  86  80  81  76  75  74  74  79  79  77  79  79  76  73  74  72
  70  68  66  64  64  65  61  61  56  55  58  56  51  51  48  46  49  55
  66  79  97 121 150 164 167 172 172 171 169 169 171 174 176 177 177 178
 178 176 177 175 174 175 178 179 179 179 181 177 176 180 183 183 184 186
 185 184 183 184 185 185 187 189 189 187 189 190 188 190 193 191 191 189
 190 192 194 194 195 196 196 196 196 197 197 196 198 201 201 202 202 201
 200 202 203 203 204 203 203 205 207 208 208 207 207 208 208 209 209 211
 208  30]","[ 29  30 132 134 135 135 138 136 135 137 138 137 137 137 136 138 136 136
 138 141 142 141 141 142 144 144 143 142 143 145 146 146 145 145 145 146
 147 146 146 146 151 151 150 150 150 150 152 154 153 153 153 153 153 153
 154 155 155 156 158 157 156 155 156 156 159 158 157 156 156 157 158 159
 142 104  81  74  77  78  76  72  67  71  75  78  81  79  76  74  73  73
  71  68  66  65  64  63  62  61  56  55  59  57  52  50  49  48  50  52
  57  64  83 108 136 160 168 172 174 173 171 173 170 171 173 175 177 179
 179 177 177 176 175 176 178 179 180 181 180 179 180 183 184 183 182 183
 186 185 186 187 187 187 189 193 190 188 189 191 192 194 194 192 192 191
 192 194 194 194 195 196 196 196 197 199 199 199 200 202 200 202 203 201
 202 203 204 204 204 204 204 205 206 207 208 208 208 209 209 210 210 211
 207  29]","[ 29  30 136 138 139 137 140 140 139 141 141 140 141 140 139 140 138 137
 137 141 144 144 145 146 144 145 145 145 145 146 148 149 148 148 148 149
 149 149 149 149 153 152 152 152 151 151 153 155 154 154 155 155 154 153
 154 155 156 157 158 157 157 157 157 157 159 159 159 157 157 157 159 161
 152 129  95  80  75  74  73  68  67  70  73  79  82  79  75  75  72  75
  74  68  64  65  66  65  63  61  57  56  58  57  52  48  48  47  49  53
  58  62  75  95 115 146 163 173 177 177 171 170 170 168 168 172 176 178
 177 176 177 177 178 177 177 178 180 182 181 181 183 186 186 184 183 184
 186 186 187 187 185 184 187 191 191 190 188 189 194 195 193 192 191 192
 194 195 195 194 195 196 196 196 197 198 199 200 201 202 201 203 203 203
 203 204 205 205 205 205 206 206 206 206 207 208 209 210 210 211 210 212
 206  28]","[ 29  30 139 141 141 136 138 139 140 143 145 145 145 143 141 141 145 142
 141 142 144 144 145 146 145 145 145 146 146 146 146 147 147 147 149 150
 151 151 151 152 153 152 152 152 152 151 153 155 154 154 155 156 156 155
 154 154 157 158 158 158 158 158 157 156 158 158 159 158 158 158 159 160
 153 148 114  90  79  72  72  69  71  73  75  79  81  78  75  75  73  74
  72  67  65  67  68  67  65  63  60  58  58  57  53  50  48  48  49  50
  54  58  64  77  98 136 168 179 172 170 172 176 174 172 172 176 180 180
 179 178 178 179 179 178 178 179 181 183 182 182 182 184 185 185 185 187
 188 188 189 189 187 186 188 191 192 192 188 188 192 192 191 192 191 192
 195 196 196 195 196 197 197 196 196 196 198 200 202 204 203 204 204 203
 203 204 205 205 205 206 206 207 206 207 208 209 210 211 210 211 211 212
 208  28]","[ 29  29 141 141 142 136 137 139 140 144 146 147 146 144 142 143 144 143
 144 146 147 146 147 149 147 145 145 146 147 147 146 146 147 147 149 151
 153 153 152 151 152 152 153 153 152 151 152 154 156 154 154 155 156 156
 155 154 155 157 158 159 159 159 158 156 159 158 158 159 159 160 160 160
 160 158 128 105  92  74  73  72  69  73  75  76  77  77  75  74  74  71
  67  65  67  68  67  65  66  65  63  60  57  56  55  52  50  51  50  45
  47  53  60  71  87 112 145 165 166 174 178 176 177 176 177 180 181 180
 179 179 179 180 180 179 179 181 182 183 182 180 180 183 185 186 186 187
 186 187 188 189 189 189 190 192 190 193 191 190 191 191 190 193 192 194
 196 197 197 198 199 199 198 198 198 198 199 201 203 204 204 204 204 203
 202 203 204 204 206 206 207 208 208 208 209 209 210 211 210 212 211 213
 208  29]","[ 29  29 143 141 143 137 139 140 141 145 147 146 145 143 143 145 141 142
 145 149 150 148 148 149 147 146 145 146 148 149 147 146 146 146 147 150
 153 153 153 152 149 150 151 152 152 153 154 155 158 154 151 151 152 154
 155 155 155 156 158 160 161 161 161 159 160 159 157 158 159 161 162 162
 164 162 148 130 106  74  62  63  65  72  75  74  75  76  73  71  68  69
  70  68  66  65  66  66  63  63  63  59  54  53  53  50  49  51  50  47
  51  58  61  69  83 104 139 161 164 175 178 175 175 176 178 179 179 178
 178 179 180 181 181 180 181 183 184 183 182 181 182 184 186 187 187 187
 185 184 185 187 188 187 187 188 187 191 193 193 192 191 191 193 193 195
 196 197 198 199 199 198 198 199 200 200 201 202 203 203 204 204 203 203
 203 203 203 204 207 208 209 209 209 209 209 209 210 211 211 213 213 214
 208  30]","[ 29  29 143 139 142 139 141 141 143 146 146 145 145 143 143 145 146 146
 148 150 149 146 144 144 147 147 146 146 148 150 149 146 145 144 145 148
 152 154 154 153 149 149 151 152 153 154 156 158 157 154 151 150 151 153
 155 156 157 158 159 160 160 161 162 161 160 159 158 158 159 161 163 164
 161 160 161 154 130 101  69  57  65  72  75  73  74  74  73  71  68  73
  74  71  66  66  68  68  63  63  64  60  54  54  54  49  51  49  49  48
  53  55  53  58  67  86 115 140 161 182 181 175 176 179 180 180 180 180
 181 181 180 182 182 182 182 184 185 183 184 184 185 186 187 188 188 188
 189 187 187 188 188 187 187 189 187 188 191 192 191 192 193 193 194 195
 195 196 198 199 199 197 197 199 200 200 201 202 202 202 203 204 205 205
 206 205 206 206 209 210 211 210 209 208 209 210 211 212 213 215 215 216
 209  30]","[ 29  28 142 136 140 138 141 142 143 145 145 144 145 143 141 142 146 144
 145 148 148 147 146 147 147 148 147 146 148 150 149 146 148 146 145 148
 152 154 153 152 153 154 154 154 154 154 155 157 156 154 153 153 154 155
 157 158 160 160 159 158 158 159 160 160 159 160 161 161 162 162 164 165
 166 159 162 169 164 155 104  69  63  70  73  72  73  74  74  75  75  77
  74  69  69  73  72  67  66  66  67  64  59  58  57  51  51  50  49  49
  49  47  47  56  61  85 107 125 149 173 174 176 176 179 180 179 178 180
 181 180 179 182 184 183 183 185 185 184 185 186 186 186 186 187 189 190
 188 187 187 187 187 187 189 191 191 188 189 191 190 193 196 194 195 195
 195 196 198 201 200 198 197 199 200 200 200 202 203 204 203 204 206 208
 209 208 209 209 210 212 212 211 208 207 209 211 211 213 214 217 217 217
 210  29]","[ 30  30 140 139 136 139 140 138 142 143 144 145 144 144 144 144 146 143
 140 145 144 144 143 146 146 147 148 149 148 149 150 151 151 150 149 150
 152 153 152 152 153 153 153 153 153 154 155 157 155 155 156 155 154 155
 157 159 160 160 159 159 159 159 158 157 159 161 161 159 159 161 163 163
 163 162 164 167 165 164 147 113  80  67  69  73  71  75  78  76  81  80
  78  76  74  74  73  72  67  69  69  66  63  61  58  55  51  49  47  47
  47  46  48  51  57  72  87 106 150 166 172 177 178 176 179 180 178 179
 183 182 182 181 184 183 183 185 186 186 186 185 185 187 187 187 187 188
 188 187 187 189 188 187 189 192 193 190 189 191 192 192 194 195 194 195
 195 195 197 200 199 196 194 199 201 200 201 201 202 203 203 204 206 207
 208 209 209 209 210 210 210 210 211 211 211 211 212 214 216 217 219 216
 211  29]","[ 28  28 139 139 137 140 142 141 140 140 140 141 142 143 144 144 143 141
 139 145 146 147 146 148 147 148 148 149 149 150 150 150 152 151 150 150
 151 152 152 153 153 153 153 154 154 155 156 157 159 160 160 158 156 155
 157 159 161 160 160 160 160 160 159 159 157 159 161 162 162 163 163 163
 166 165 163 164 165 169 163 143 109  77  65  74  80  78  77  81  82  80
  78  78  78  77  75  73  70  71  71  69  66  63  59  56  53  50  49  49
  47  45  44  45  53  63  74  87 134 160 174 177 175 175 179 182 180 180
 180 178 180 181 185 185 184 186 185 185 185 185 186 187 188 188 187 187
 187 186 187 189 189 189 191 194 194 192 192 193 194 194 194 195 196 197
 197 196 196 197 196 194 197 200 202 202 203 202 202 204 203 205 206 207
 208 209 209 209 209 210 210 211 212 214 214 214 214 216 217 218 220 218
 212  28]","[ 29  28 139 140 139 140 140 141 141 140 140 141 143 144 145 145 145 143
 141 144 145 148 146 147 148 147 148 149 151 152 151 150 152 152 152 152
 152 152 153 154 154 153 153 154 155 156 157 157 159 160 160 159 157 157
 159 161 161 161 161 161 162 161 161 160 156 158 160 163 163 163 162 162
 165 166 165 164 165 169 169 159 147 110  77  69  77  81  78  81  82  80
  79  80  81  80  76  74  71  71  71  71  69  65  60  56  54  52  50  50
  50  48  46  47  53  64  69  78 108 144 169 182 176 176 179 181 180 181
 181 179 181 183 188 187 185 185 183 184 184 184 185 187 188 187 186 185
 186 186 188 190 191 191 192 195 195 194 194 195 195 195 195 195 197 199
 200 198 197 197 197 195 201 202 202 203 205 204 203 205 204 205 207 208
 209 210 210 210 209 210 211 211 213 215 216 217 216 217 217 219 222 221
 215  29]","[ 30  29 139 142 142 141 139 141 144 144 144 144 145 146 146 146 148 147
 142 142 141 146 145 146 146 146 147 149 152 153 152 151 149 151 153 154
 153 153 153 154 154 153 153 154 155 156 157 156 157 157 157 157 157 158
 160 161 160 161 161 162 162 161 161 160 159 158 160 162 163 161 161 163
 163 167 166 166 167 165 163 158 162 140 104  77  78  87  85  83  80  80
  81  82  83  82  78  74  71  70  71  72  72  68  62  57  56  53  50  50
  50  50  51  54  54  65  64  74  84 121 152 181 178 179 179 179 179 181
 183 182 182 184 187 186 186 186 183 184 185 185 185 186 187 187 186 185
 187 188 190 192 192 192 193 194 194 194 195 195 195 195 195 195 197 200
 201 200 200 201 200 198 203 203 202 203 205 204 203 205 206 207 208 209
 210 211 212 211 211 212 213 213 214 216 217 217 218 219 220 221 223 223
 217  30]","[ 29  29 139 143 145 144 141 143 145 146 147 147 147 146 145 144 146 147
 143 143 140 144 145 147 146 147 148 150 152 152 152 151 149 151 153 153
 152 151 152 153 154 153 153 154 156 157 157 157 158 157 156 157 158 159
 159 159 160 161 161 162 162 161 161 161 163 161 161 163 163 162 162 163
 165 169 166 166 168 165 164 161 159 150 124  92  82  84  79  78  77  81
  83  82  82  83  80  75  73  72  72  74  75  72  66  62  58  55  52  50
  49  49  51  55  56  58  58  70  78 106 139 172 178 182 182 180 180 182
 182 182 182 183 184 182 186 188 185 187 187 187 186 186 188 190 190 189
 189 190 192 193 193 193 193 194 194 194 194 194 194 195 196 196 196 199
 201 201 202 203 202 199 205 204 202 203 205 203 202 204 207 208 209 210
 211 212 213 213 214 216 217 217 217 217 218 218 221 222 224 224 223 223
 217  29]","[ 29  29 138 142 145 143 139 141 144 146 147 147 146 145 144 144 145 147
 145 146 142 145 145 146 149 149 150 151 153 153 152 151 150 151 151 151
 150 150 151 153 154 153 153 154 156 158 158 158 158 157 156 156 158 159
 159 159 160 161 162 162 162 162 163 163 163 163 163 163 164 163 162 162
 167 168 166 167 169 168 167 165 165 160 139 104  83  83  83  83  76  82
  84  83  82  83  81  77  75  75  74  74  75  75  71  66  60  57  55  54
  52  50  51  53  57  54  60  67  80  94 128 159 178 184 184 181 180 182
 183 184 185 185 183 181 186 188 184 186 187 187 186 186 189 192 194 193
 191 192 193 193 193 193 194 195 194 195 195 194 194 195 197 197 197 200
 202 202 203 204 203 200 206 206 205 205 206 205 204 205 209 209 210 210
 211 213 213 213 215 216 218 218 217 218 218 218 219 220 223 223 223 224
 219  29]","[ 29  30 138 139 143 143 139 141 144 144 144 144 144 145 146 146 146 147
 146 148 145 147 146 147 151 150 149 150 152 153 151 149 151 151 152 152
 151 151 152 152 154 153 153 154 156 157 157 157 157 156 156 156 158 159
 160 160 160 160 161 162 162 163 164 165 163 164 163 163 163 164 163 162
 165 167 166 168 168 167 167 164 162 160 147 115  88  86  89  87  81  83
  85  85  84  82  81  80  78  77  74  71  72  75  72  67  62  59  57  57
  55  53  51  51  51  54  58  62  70  78 106 136 170 180 184 181 181 183
 185 186 186 188 186 184 188 188 183 185 187 188 187 187 190 194 195 194
 193 194 194 193 193 193 195 196 196 197 197 196 196 197 198 198 198 201
 203 203 203 204 204 202 205 207 208 208 209 209 208 208 209 210 210 210
 211 212 213 213 214 216 217 217 217 218 218 219 217 217 221 222 223 226
 222  30]","[ 28  30 137 138 144 145 142 144 145 143 141 140 142 144 147 148 147 147
 145 148 147 149 149 151 149 147 146 147 150 151 149 147 150 151 153 154
 155 154 153 152 154 154 153 154 154 155 155 155 158 158 158 158 158 158
 159 160 159 159 160 161 162 163 165 166 165 165 163 162 163 165 166 165
 164 166 166 167 165 165 167 165 167 166 167 146 112  97  94  88  86  85
  86  87  86  81  80  81  80  79  74  68  69  74  73  68  64  60  56  56
  55  52  48  47  48  56  53  58  57  72  90 117 157 172 181 183 185 186
 184 184 184 188 188 187 191 191 185 188 188 189 189 189 192 196 196 194
 195 195 194 193 192 193 195 196 197 199 199 197 197 198 199 199 198 201
 203 203 202 204 204 204 201 206 209 209 211 211 210 210 209 210 210 210
 210 212 213 213 215 217 218 217 217 218 219 220 219 219 222 223 224 227
 222  29]","[ 30  29 138 140 140 139 140 145 144 144 143 143 143 143 145 146 145 147
 145 145 146 149 152 149 147 147 146 148 150 150 148 149 152 153 153 153
 154 154 153 152 153 153 153 154 154 155 155 155 159 159 158 156 157 160
 160 159 160 160 161 161 162 162 164 166 166 167 165 161 161 165 166 165
 163 163 166 168 166 163 164 168 168 169 168 155 130 108  96  93  90  83
  84  85  88  83  83  81  80  78  75  72  70  70  71  72  68  62  57  56
  55  52  50  49  54  52  54  57  57  60  77  96 142 165 179 183 185 184
 187 185 186 188 188 189 189 189 189 188 189 191 192 193 193 194 195 195
 196 195 195 194 194 195 196 198 199 199 199 199 200 201 202 201 202 202
 203 204 204 203 206 209 208 209 209 209 208 208 207 207 208 207 209 212
 210 210 213 215 216 216 217 218 216 216 218 219 221 225 224 224 227 226
 220  29]","[ 29  28 138 140 140 140 140 144 144 144 144 144 144 145 146 146 145 146
 145 146 147 147 149 149 147 147 146 148 151 150 148 148 151 152 154 154
 154 154 154 153 152 153 154 155 155 154 155 155 159 159 159 158 158 159
 159 159 159 160 161 163 163 164 164 165 165 166 165 163 163 166 167 166
 164 164 166 167 166 165 164 166 166 168 167 159 138 111  93  90  92  91
  88  84  84  84  86  84  81  79  77  75  73  72  71  72  72  68  63  59
  57  55  52  49  52  53  56  57  54  58  75  94 125 159 181 182 185 184
 187 183 186 188 190 191 191 192 192 192 192 192 192 191 192 194 195 195
 195 196 197 197 196 196 198 199 200 201 201 201 202 203 203 203 204 203
 204 205 204 203 204 206 207 209 210 209 208 208 209 209 210 209 211 212
 211 212 215 216 216 216 218 220 218 219 221 222 223 226 225 225 227 227
 220  29]","[ 29  29 140 142 143 142 142 145 145 144 144 145 146 147 146 146 146 147
 146 149 149 147 149 150 147 148 148 150 152 151 148 147 149 151 154 154
 154 154 154 154 153 154 155 155 154 154 155 157 161 160 160 160 159 159
 160 161 161 162 163 165 166 165 164 164 164 166 166 164 164 167 167 166
 165 166 166 167 168 167 166 165 165 168 167 164 152 120  93  88  90  97
  93  91  88  86  88  86  83  82  81  79  76  74  73  72  74  73  69  64
  61  59  55  51  49  50  52  53  52  54  63  73  93 130 164 182 192 188
 187 188 186 188 191 192 192 193 194 194 194 195 194 192 193 195 196 195
 195 198 200 199 197 196 198 201 201 202 203 203 203 204 205 204 203 203
 204 206 206 205 205 205 208 209 210 209 208 208 210 212 211 211 211 211
 210 213 217 217 217 217 219 221 220 221 223 223 224 227 225 226 227 227
 221  28]","[ 29  30 141 144 144 144 143 146 145 144 144 145 146 146 144 143 143 145
 145 146 145 143 146 147 147 149 150 152 153 150 147 147 149 151 153 153
 151 151 152 153 154 154 154 154 154 155 157 159 162 160 159 160 161 160
 161 163 164 164 163 164 165 165 164 164 163 165 165 165 165 167 168 167
 166 167 167 167 168 169 168 166 165 169 168 170 165 135 102  90  89  97
  94  97  91  85  86  88  86  85  84  82  79  76  74  73  74  73  72  68
  65  62  57  52  47  48  48  50  52  55  60  65  80 110 148 181 188 184
 180 183 187 189 190 190 191 193 194 195 194 196 197 195 195 197 197 195
 195 198 200 199 197 197 198 200 201 203 204 203 203 204 204 204 203 204
 206 207 207 207 207 207 209 210 210 209 208 209 211 212 211 211 211 210
 210 214 217 217 217 217 220 222 221 221 223 223 224 225 224 225 227 228
 222  28]","[ 28  29 141 143 144 144 143 145 144 143 143 144 145 145 144 142 142 145
 144 143 142 143 146 145 147 150 151 152 151 148 146 147 151 153 153 152
 150 150 151 153 153 153 153 153 155 157 159 159 161 158 157 159 160 161
 162 164 165 163 162 162 163 164 164 164 164 166 166 166 166 168 169 170
 167 167 167 166 167 168 168 168 166 171 170 171 173 153 118  99  91  96
  93  96  88  84  85  88  86  85  84  82  79  76  75  74  73  72  72  72
  69  63  57  55  52  51  49  48  48  54  62  67  68  92 129 171 178 193
 194 194 191 191 190 190 191 194 195 195 194 196 197 196 195 196 196 194
 196 197 198 199 198 199 200 201 202 203 204 203 203 203 203 203 205 207
 208 208 207 206 207 207 211 210 209 208 209 210 211 211 211 211 212 211
 210 214 217 216 218 217 220 222 221 221 223 223 225 225 224 226 228 229
 223  29]","[ 28  30 141 143 143 144 143 145 145 144 144 145 146 147 146 144 144 148
 146 144 143 145 150 149 149 151 152 152 151 148 147 149 153 154 154 152
 151 151 152 153 150 151 152 155 158 159 159 159 160 158 157 158 160 161
 163 164 164 162 161 161 163 164 165 165 166 167 167 167 167 169 170 171
 168 168 167 167 167 167 168 168 168 172 170 170 174 165 138 112  95  96
  97  95  89  88  86  84  85  85  84  81  78  75  75  75  76  74  73  74
  71  65  59  57  57  54  49  48  50  55  60  63  64  73 101 146 164 190
 190 186 192 192 190 190 191 194 195 195 196 197 197 196 195 195 196 197
 196 197 198 199 200 201 202 203 203 204 204 203 203 203 203 203 204 206
 208 208 206 207 208 209 211 210 209 209 210 211 211 210 210 210 211 211
 210 212 215 215 218 218 220 222 221 221 224 224 227 226 226 228 228 229
 224  29]","[ 29  31 141 143 143 144 143 145 146 145 145 145 146 147 147 146 145 147
 145 144 144 145 149 150 152 153 153 152 151 149 149 151 153 154 154 153
 153 153 153 153 150 151 152 154 157 158 158 158 159 159 160 159 159 161
 162 162 162 161 162 163 165 165 165 165 167 167 168 168 168 169 170 172
 171 169 168 169 169 168 169 170 171 171 170 168 170 171 154 126 102  93
  99  96  91  92  88  84  85  86  86  83  79  77  77  79  79  78  75  74
  71  67  62  60  58  52  48  50  56  61  63  62  66  68  85 122 155 186
 188 187 189 191 191 192 192 193 194 195 197 196 195 196 197 197 197 198
 196 198 200 201 202 203 203 203 203 203 203 202 202 203 204 203 204 206
 208 207 207 208 209 209 209 210 210 210 210 211 211 210 209 208 210 211
 210 212 215 217 218 218 220 221 221 222 225 225 229 227 227 229 228 229
 224  29]","[ 29  30 141 141 142 143 142 144 146 145 144 144 145 145 145 145 146 146
 144 146 146 145 149 151 154 154 152 151 151 150 149 151 151 153 154 154
 155 155 154 153 153 153 153 153 154 155 157 158 157 160 162 160 158 159
 160 160 160 161 162 165 166 166 164 164 166 167 168 168 167 168 169 171
 172 169 168 170 172 171 170 171 173 170 170 167 167 173 163 136 111  90
  96  93  91  91  89  89  87  89  89  86  82  80  81  83  82  80  77  72
  70  68  65  62  59  54  49  49  52  55  58  60  62  71  83  98 135 174
 186 189 187 190 193 194 193 194 194 195 195 192 193 197 200 199 198 198
 197 199 201 203 203 202 202 202 203 203 202 201 202 203 204 204 206 208
 209 208 208 209 208 207 208 209 210 210 210 211 211 211 209 208 209 212
 211 212 217 220 219 218 220 221 220 222 224 225 228 227 227 229 227 229
 224  29]","[ 30  28 143 139 137 138 142 144 144 145 146 146 146 147 146 146 145 151
 151 147 149 151 151 151 153 151 151 154 154 150 150 153 153 153 153 154
 154 154 155 158 157 155 153 153 155 157 158 159 158 159 159 159 159 160
 161 161 160 159 159 159 161 164 166 166 168 168 166 165 167 168 167 167
 169 170 170 171 172 170 168 169 170 172 165 168 173 170 167 153 129  89
  93  95  88  90  87  90  91  91  90  87  84  83  83  82  84  77  75  73
  71  71  67  65  61  55  51  50  51  56  60  61  65  70  71  88 111 136
 180 187 192 193 195 193 197 197 191 196 197 195 194 197 200 200 199 199
 197 199 199 200 203 204 203 203 203 202 202 204 206 206 205 205 208 208
 209 209 209 209 210 211 212 212 212 211 211 212 211 210 210 210 210 212
 214 215 216 217 220 220 219 218 218 223 226 225 225 228 230 230 229 231
 225  29]","[ 28  28 145 144 143 143 143 142 144 145 145 144 144 145 146 146 146 151
 149 146 149 152 152 152 148 150 152 154 153 152 152 153 153 153 153 154
 154 154 155 157 158 157 156 157 158 158 159 159 158 159 159 159 160 160
 161 161 160 160 159 160 161 164 166 167 167 168 166 166 168 169 168 168
 169 171 171 171 172 171 170 170 171 171 168 171 174 172 170 162 145 103
  89  93  90  91  91  92  88  88  87  87  86  85  83  82  82  76  76  75
  72  69  65  64  60  57  55  53  50  51  55  58  60  63  66  83 106 127
 167 187 193 193 194 194 195 196 195 197 196 194 193 196 198 198 197 197
 197 199 200 201 203 204 202 202 201 201 203 206 208 208 208 207 208 209
 210 210 209 209 210 211 211 211 211 211 211 212 212 212 211 210 210 212
 214 216 217 219 221 221 222 221 220 224 227 226 225 228 229 230 229 231
 224  29]","[ 29  28 145 145 145 146 145 143 145 145 146 146 146 146 146 147 147 150
 149 147 150 153 152 150 147 152 154 153 153 154 154 153 154 154 153 153
 154 154 155 157 159 158 158 159 159 159 159 160 159 159 160 160 161 161
 162 162 161 161 161 161 162 164 166 167 167 168 167 167 170 171 170 170
 169 172 171 171 172 173 172 172 171 171 171 174 175 173 172 172 159 119
  87  89  87  87  88  89  86  85  86  88  89  87  84  82  81  76  78  78
  74  70  66  66  61  59  58  57  52  50  52  55  61  63  65  77  93 104
 137 173 193 196 197 196 194 194 197 195 197 195 194 196 197 198 197 196
 196 199 201 202 204 203 202 202 200 201 202 205 207 208 208 207 207 209
 211 210 209 209 209 210 211 211 211 211 211 212 213 213 210 210 211 213
 215 217 218 219 220 222 223 222 221 223 225 226 227 228 229 232 232 232
 225  30]","[ 31  28 143 140 140 143 145 146 144 146 148 149 148 147 147 147 149 151
 151 151 152 153 152 150 151 154 154 153 152 153 154 153 155 155 154 154
 154 155 155 156 157 157 157 158 158 157 158 160 161 159 158 159 159 160
 161 162 162 163 164 163 163 163 164 164 165 167 167 168 171 172 171 171
 168 171 171 169 171 172 172 172 173 172 174 174 173 174 173 176 173 138
 102  90  89  87  89  90  87  85  86  89  90  88  85  85  81  79  80  78
  74  73  70  68  65  60  58  57  55  53  54  56  62  62  64  73  87  93
 115 157 186 199 197 193 193 194 196 193 198 197 196 196 198 199 198 198
 195 199 200 201 203 203 202 203 201 201 201 202 203 205 205 204 206 209
 211 211 209 209 210 210 211 212 212 211 211 211 212 212 210 211 214 216
 217 218 219 218 219 222 223 222 223 224 224 225 226 226 227 230 231 231
 223  28]","[ 30  28 142 139 138 141 144 146 144 145 147 149 148 147 147 147 149 150
 152 152 152 152 153 152 155 153 151 152 153 152 153 153 154 155 155 155
 156 156 157 157 154 154 156 158 158 157 158 160 160 158 156 156 157 158
 160 162 162 164 165 165 163 163 163 163 165 167 168 168 171 172 171 171
 167 170 170 168 170 172 172 172 174 174 175 173 173 175 174 175 175 147
 116  88  89  89  89  90  90  88  88  90  89  87  86  87  82  80  80  74
  72  75  73  70  67  61  57  56  53  52  55  56  59  58  59  66  82  90
 101 138 171 195 194 187 192 194 195 194 197 197 196 197 198 199 199 198
 196 199 200 200 202 203 202 204 201 202 203 202 203 203 203 201 205 209
 211 211 210 210 211 210 210 212 213 212 211 211 211 211 212 214 216 217
 219 220 219 218 221 223 223 224 226 226 225 226 228 228 228 230 231 232
 224  28]","[ 28  29 147 145 143 143 145 146 146 146 147 148 147 147 148 150 148 148
 150 151 149 150 153 153 155 150 148 151 153 152 153 155 153 154 156 156
 157 158 159 159 154 155 158 161 161 159 159 161 160 157 155 156 157 159
 161 163 161 163 165 165 164 164 164 164 166 169 169 170 172 172 171 171
 167 170 170 169 170 171 172 173 172 173 172 172 173 175 175 173 178 158
 135  94  95  97  95  95  92  91  91  90  88  86  86  88  84  81  79  73
  71  76  75  72  67  63  60  55  50  50  53  55  54  57  61  64  73  81
  89 119 157 185 192 186 191 195 194 196 196 196 196 197 198 200 200 198
 198 200 200 200 201 202 202 203 201 203 205 206 206 206 204 202 204 208
 210 209 208 209 210 209 209 212 214 213 212 212 212 212 213 215 216 216
 217 219 219 219 221 223 222 223 227 226 224 226 230 230 230 230 231 232
 226  30]","[ 28  30 149 149 147 146 147 147 148 147 148 149 149 148 150 153 147 146
 149 151 149 149 152 153 153 150 149 152 154 153 153 155 153 155 156 157
 157 159 160 160 159 158 160 163 163 160 161 164 161 158 157 159 161 161
 162 164 161 163 164 165 165 165 166 166 166 169 169 170 172 172 171 172
 168 170 170 170 171 171 171 173 172 172 169 173 175 173 175 172 175 167
 150 107  98  96  93  93  94  94  93  91  89  88  88  88  86  81  80  76
  73  76  75  74  69  66  63  57  53  53  55  54  52  57  61  64  67  77
  85 107 140 165 187 191 192 195 194 195 196 197 197 197 199 200 200 198
 199 201 200 199 201 202 202 203 202 205 206 207 207 208 208 206 205 209
 210 208 208 209 210 208 210 212 214 214 213 213 214 215 213 215 216 216
 216 218 219 219 220 223 222 222 226 225 223 227 228 229 228 227 227 231
 225  28]","[ 29  29 147 147 146 146 147 147 147 147 149 151 150 149 150 153 148 147
 151 155 153 152 153 151 153 151 152 154 155 153 153 154 154 156 157 157
 157 158 160 160 162 161 160 161 161 159 161 165 162 160 160 162 163 162
 161 162 161 163 164 164 165 166 167 167 164 167 168 168 171 171 171 172
 168 170 170 171 172 170 170 173 172 173 168 176 177 172 175 173 175 179
 165 123 102  95  91  93  95  95  94  92  90  90  89  89  87  81  81  79
  76  74  73  75  73  69  64  60  59  61  59  54  56  55  54  58  62  73
  77  89 122 144 180 193 192 195 194 193 195 196 197 197 198 200 199 197
 199 201 200 200 202 203 203 203 203 205 206 205 206 209 210 209 208 211
 212 210 209 211 211 209 211 213 215 215 213 213 215 216 212 216 218 218
 218 220 220 219 221 225 224 223 226 225 224 230 229 231 230 227 226 232
 226  29]","[ 28  29 147 144 143 144 147 147 145 147 150 150 150 150 151 150 152 151
 152 154 154 152 151 152 152 152 154 155 156 155 154 154 157 158 159 159
 160 161 160 158 161 161 160 160 161 163 164 164 161 160 160 162 162 160
 160 160 161 162 162 164 165 166 167 165 163 166 168 170 172 171 169 171
 171 171 171 171 171 171 172 174 176 172 168 169 174 179 178 175 175 174
 171 141 108  99  95  96  96  95  94  93  92  89  88  88  84  81  80  80
  79  75  74  75  74  69  64  62  61  59  57  56  57  56  57  57  60  67
  73  80 105 130 152 177 198 196 193 197 197 199 199 198 199 200 199 196
 199 200 202 203 202 202 202 202 203 203 205 208 210 209 208 207 207 208
 210 211 211 211 212 213 212 217 218 217 213 211 214 214 214 216 218 219
 219 219 220 221 222 225 226 226 227 227 228 232 231 231 231 227 229 231
 226  29]","[ 29  30 147 146 144 145 147 147 146 149 151 150 150 151 150 149 152 152
 152 153 153 152 152 153 154 154 155 155 155 154 154 155 158 159 159 159
 160 162 161 160 161 161 160 159 160 162 164 165 162 161 161 162 161 160
 158 158 159 161 160 163 167 168 171 169 166 168 169 170 171 170 169 171
 171 171 171 172 173 173 173 174 176 176 174 173 175 178 178 177 176 176
 177 153 119 100  90  94  94  94  95  95  95  93  91  90  83  80  80  82
  81  78  75  75  71  69  66  65  63  61  59  59  58  56  58  58  61  66
  70  76  98 115 136 164 192 191 193 197 197 199 199 198 199 200 200 198
 199 200 202 202 202 202 203 203 203 204 206 208 210 210 209 208 207 208
 210 211 211 211 211 212 215 218 216 215 212 211 213 211 215 216 217 218
 219 219 220 220 225 227 228 227 227 227 228 231 232 233 232 228 229 230
 225  29]","[ 30  29 146 147 146 146 146 146 146 148 149 149 149 150 149 147 152 153
 153 152 151 152 154 154 155 154 154 154 154 153 154 155 158 159 159 159
 159 160 160 159 158 159 159 159 159 160 161 163 162 161 161 161 160 158
 157 157 157 158 157 161 166 168 171 169 168 169 168 168 169 168 168 170
 171 171 172 174 175 175 175 175 176 176 176 175 176 177 178 177 178 178
 180 164 133 103  88  95  94  94  96  97  97  96  93  91  85  83  82  83
  81  77  72  70  68  69  69  67  65  63  61  60  59  56  58  58  60  63
  64  68  90 105 127 152 186 191 195 196 197 198 199 199 199 200 201 200
 200 201 202 202 202 202 203 204 205 206 207 208 209 209 209 208 208 209
 210 212 212 212 211 211 215 217 215 214 214 214 216 214 217 217 217 218
 220 221 220 220 223 225 225 226 227 228 230 233 233 233 234 230 231 231
 226  29]","[ 30  28 146 148 148 147 146 146 145 147 148 148 149 149 148 146 151 153
 153 152 152 154 156 156 154 154 154 153 153 153 155 157 159 160 160 159
 159 160 160 158 157 157 159 160 161 160 160 159 161 161 161 160 159 158
 158 158 158 160 159 162 165 166 168 167 167 169 168 167 167 167 168 171
 171 171 172 174 175 176 175 175 175 175 174 174 176 178 178 176 177 175
 178 173 150 112  89  95  95  96  97  97  98  96  93  91  87  86  85  84
  80  75  71  68  69  70  70  67  66  64  61  58  58  56  59  59  59  60
  60  64  74  93 113 132 165 186 195 195 196 198 200 199 199 200 201 201
 202 203 203 203 202 202 203 204 206 206 206 206 207 207 207 207 208 209
 210 212 212 212 212 211 213 215 214 216 217 217 219 217 216 215 214 216
 219 220 219 218 221 223 224 225 228 229 231 233 233 233 234 232 234 234
 227  29]","[ 30  28 146 149 150 149 148 147 148 149 150 150 150 151 150 149 150 153
 154 153 153 155 156 156 156 156 155 155 154 154 157 159 160 161 161 161
 161 162 162 161 159 158 159 161 163 163 161 160 162 163 162 161 159 159
 160 161 162 165 165 166 166 165 167 166 165 169 169 167 166 167 169 173
 172 172 172 174 175 175 175 175 175 176 175 175 176 178 178 177 173 173
 177 180 167 128  94  90  96  97  97  97  97  97  94  92  86  86  85  82
  79  77  75  73  71  70  68  66  66  65  61  56  55  54  58  59  58  58
  59  64  72  90 102 117 142 173 189 199 196 198 200 200 200 200 200 201
 203 203 203 203 202 202 203 205 206 207 206 204 204 206 207 207 208 209
 209 210 211 211 211 211 212 215 215 216 216 215 216 213 215 215 215 217
 221 222 221 219 223 226 227 228 229 230 230 232 233 232 233 233 236 235
 228  29]","[ 29  28 146 148 150 150 149 147 151 152 152 152 151 152 152 151 152 153
 154 153 153 154 155 155 157 156 156 155 155 155 157 159 159 160 161 160
 160 161 162 161 159 157 157 159 161 162 162 162 163 164 164 162 160 159
 161 162 163 167 167 168 166 164 166 165 164 168 168 166 167 168 170 173
 172 172 172 173 174 174 174 175 175 178 179 177 175 175 177 178 176 176
 176 181 176 144 106  88  95  96  96  96  96  97  96  94  86  86  83  80
  79  78  77  75  73  70  66  65  66  65  62  58  50  49  53  54  54  55
  57  64  68  79  89 107 123 152 173 198 196 197 199 200 200 200 200 200
 202 203 203 203 203 203 204 206 207 208 207 205 205 208 209 209 209 209
 210 211 212 212 213 213 211 215 215 216 215 214 215 212 214 214 215 218
 221 222 221 220 224 227 228 229 230 230 230 232 234 232 233 233 237 235
 228  28]","[ 29  28 146 147 148 149 148 146 150 152 152 151 150 152 152 152 153 153
 153 154 154 153 154 155 155 155 154 154 154 155 156 158 157 159 159 158
 158 159 160 159 160 157 156 158 160 160 160 161 162 164 165 163 160 160
 161 162 161 165 165 166 165 163 165 164 165 168 167 166 167 169 170 172
 172 172 172 173 174 174 174 175 176 179 180 178 175 175 177 178 179 180
 178 179 178 157 120  90  92  94  95  95  96  97  97  95  90  88  84  80
  80  81  78  74  73  70  66  66  66  65  63  61  51  49  51  51  51  52
  54  62  64  68  81 101 115 137 163 196 196 197 198 200 200 200 200 201
 202 202 203 203 203 204 205 206 207 209 209 207 207 209 210 210 210 210
 211 212 213 214 214 214 214 216 215 216 216 215 216 214 210 212 214 216
 217 218 219 219 222 226 228 229 230 230 231 233 234 232 233 233 235 234
 227  29]","[ 29  30 147 147 147 149 149 146 148 150 150 149 149 151 152 153 153 152
 152 153 154 153 154 155 153 153 153 153 154 155 156 157 159 160 160 158
 158 158 159 158 161 160 160 161 162 160 160 161 162 165 166 164 162 161
 162 162 161 163 163 164 164 164 166 164 168 169 168 166 169 172 172 171
 171 172 173 174 174 174 174 175 177 178 178 178 178 179 179 178 176 181
 180 180 181 166 128  90  89  92  94  95  95  97  96  94  94  91  86  82
  83  85  81  74  73  70  68  67  66  64  64  65  57  53  53  52  52  52
  54  61  65  64  75  89 102 119 146 181 196 196 198 199 200 200 201 202
 202 203 204 204 203 204 204 205 206 208 209 207 207 208 209 208 209 210
 211 213 214 215 215 214 218 219 216 216 216 216 217 214 213 215 217 219
 219 220 221 223 223 227 228 229 229 229 230 233 233 232 233 232 233 232
 227  31]","[ 30  28 147 147 150 151 147 147 148 149 147 146 149 153 154 153 153 154
 154 154 152 151 151 152 150 152 154 155 154 154 155 157 158 160 161 161
 159 157 158 159 162 162 162 162 163 163 162 162 164 165 164 163 161 161
 163 164 163 163 163 165 165 165 166 168 171 169 167 168 170 172 172 170
 171 172 173 173 174 175 175 174 177 177 176 176 177 179 179 178 175 178
 175 176 178 176 153 109  93  96  94  93  97  99  95  94  93  92  90  89
  89  86  81  75  75  73  71  68  65  63  63  64  59  56  56  57  55  52
  55  61  59  66  66  76  99 110 124 156 188 204 198 199 200 202 195 201
 200 202 204 204 203 204 205 207 207 207 207 207 207 208 210 212 211 208
 209 212 213 213 215 217 218 217 216 216 216 216 216 217 218 217 217 218
 220 222 224 226 227 226 226 227 228 230 232 232 236 231 235 231 231 233
 230  28]","[ 28  33 144 148 149 148 151 152 152 152 150 147 148 151 153 152 155 155
 155 154 153 151 151 152 154 154 155 155 155 155 157 159 161 162 163 162
 160 160 160 162 163 162 161 161 161 161 161 161 165 165 164 162 161 160
 161 162 161 162 163 163 161 162 166 170 172 170 168 168 170 171 171 170
 171 171 173 174 174 175 175 175 176 176 177 177 178 179 179 179 177 178
 176 175 174 178 165 124  90  95  97  95  95  96  95  93  93  92  91  90
  89  86  82  79  80  77  72  66  62  61  61  62  59  58  58  58  55  52
  55  60  62  62  65  74  92 104 114 133 164 191 201 201 201 200 199 202
 200 201 202 203 204 205 206 207 208 208 208 208 208 209 210 212 211 210
 210 211 211 212 214 214 215 215 215 216 216 216 218 220 219 218 219 221
 222 222 222 223 226 226 227 228 230 231 231 231 234 234 229 237 234 230
 229  29]","[ 31  28 149 147 152 149 154 150 155 154 153 150 150 153 155 155 154 154
 154 154 154 153 154 155 156 156 156 156 156 156 158 159 158 159 160 160
 159 160 161 162 161 161 160 160 160 161 162 163 163 163 162 162 162 162
 162 163 161 162 163 162 161 162 165 169 171 170 170 170 171 172 172 173
 171 171 173 174 174 173 174 176 175 177 178 179 178 179 180 180 180 180
 179 177 173 181 179 146 105  98  96  98  97  96  96  94  96  96  95  93
  89  86  83  81  79  77  74  71  67  65  64  64  59  59  59  57  54  52
  54  57  61  57  62  71  84 100 113 123 138 173 198 202 200 198 202 202
 202 201 201 203 205 206 206 205 207 207 208 208 209 209 210 211 208 209
 210 210 210 213 215 213 214 215 216 216 215 215 216 218 216 216 218 221
 223 222 221 220 223 224 226 229 231 232 232 231 231 236 240 233 236 235
 227  28]","[ 28  25 147 145 151 150 155 154 154 154 152 150 150 152 154 154 153 153
 153 154 154 155 158 160 156 156 157 158 158 158 158 158 158 158 158 160
 161 162 163 162 160 160 160 160 160 161 162 164 161 161 161 161 162 163
 163 163 161 160 160 161 163 163 163 162 167 168 169 169 169 169 170 171
 171 171 172 174 173 171 172 174 174 177 179 178 177 177 178 179 180 181
 180 177 174 181 182 163 109  97  96 101  98  95  95  93  97  97  96  93
  89  86  82  80  79  78  76  74  71  67  65  63  60  60  58  55  53  53
  53  54  58  55  62  68  75  88 103 114 121 149 176 193 200 202 203 199
 203 203 202 203 205 205 203 202 208 209 210 210 210 210 211 211 209 210
 213 214 214 215 217 216 216 216 216 216 216 215 215 216 217 218 220 224
 226 225 223 222 223 224 226 229 231 232 233 232 234 232 236 239 235 233
 227  29]","[ 30  33 143 148 154 156 152 153 152 153 152 151 150 151 152 152 154 153
 152 152 153 155 158 160 157 157 157 158 158 158 158 158 160 159 158 160
 162 163 162 159 162 163 163 162 161 161 161 161 162 161 160 161 161 161
 161 160 162 162 163 164 166 166 164 163 168 169 171 171 170 170 170 171
 172 171 172 174 173 171 172 174 174 177 179 179 177 177 178 179 179 181
 178 175 176 179 179 177 123 107 100  98  93  95 101  99  98  98  97  95
  92  89  86  82  81  79  77  74  71  69  67  66  62  60  56  53  53  54
  54  54  57  58  62  66  70  74  82  95 108 132 160 189 195 198 198 201
 203 203 203 204 204 204 203 202 209 209 210 210 209 209 209 209 212 211
 214 217 217 216 216 217 215 214 214 216 217 217 216 216 218 218 219 221
 223 223 222 221 228 228 228 229 231 232 232 232 230 233 232 237 235 240
 222  31]","[ 31  25 153 149 149 154 153 155 149 150 151 151 152 152 153 154 153 153
 152 153 154 156 159 161 160 159 158 158 158 158 159 160 159 158 157 160
 163 164 162 160 164 164 164 164 164 163 163 163 163 162 162 162 163 163
 163 163 161 163 165 164 163 164 165 166 165 167 169 170 170 170 170 171
 172 172 173 174 174 173 173 175 175 178 179 179 178 178 179 180 179 181
 176 175 179 179 179 185 144 112  94  97  99  99  99  97  97  97  95  94
  92  89  85  82  82  81  80  77  74  70  67  65  62  59  55  53  54  55
  55  55  57  58  59  62  71  74  78  91  97 115 139 177 191 198 199 204
 202 202 203 204 204 204 204 205 206 207 208 209 209 210 210 211 212 210
 213 218 218 217 218 219 217 216 216 217 219 219 218 217 219 219 219 222
 223 224 225 225 228 228 228 229 230 232 233 233 232 232 232 237 234 233
 229  29]","[ 28  31 149 153 153 153 153 155 148 149 150 152 153 153 154 155 155 154
 154 155 157 158 159 161 160 159 158 158 158 158 159 161 159 159 159 161
 163 164 164 162 161 161 162 162 163 163 163 163 161 161 161 161 162 163
 163 164 164 166 167 166 165 166 168 169 166 167 169 170 170 171 172 172
 174 175 175 175 175 176 176 176 177 178 179 179 178 178 179 180 179 179
 177 177 179 179 179 183 169 130 101  97  98  97  98  98  97  97  96  94
  93  91  89  86  84  83  82  81  77  72  67  64  59  57  55  55  55  55
  55  56  57  56  56  58  65  72  75  83  97 104 117 152 182 198 199 198
 200 200 200 200 200 200 201 202 202 203 204 204 205 206 208 209 206 205
 207 210 209 210 211 212 212 211 210 211 211 211 209 209 212 212 213 215
 216 217 218 218 222 221 221 222 224 226 227 227 225 227 222 227 226 226
 227  28]","[30 28 29 28 28 31 28 30 29 28 29 30 30 29 29 29 29 29 28 29 29 29 29 29
 29 29 29 30 29 29 29 30 29 29 29 29 29 29 29 29 29 29 29 29 30 30 29 29
 30 29 29 28 28 29 29 30 28 29 29 28 29 30 30 28 29 29 29 29 29 29 29 29
 29 29 29 29 29 29 29 28 29 29 29 28 28 28 29 28 29 27 29 30 29 29 28 28
 29 28 30 29 27 30 31 27 28 29 29 29 29 30 29 28 29 29 28 28 29 29 29 29
 30 29 28 30 30 28 29 30 30 29 30 28 27 30 30 29 27 31 28 28 30 28 28 29
 29 29 29 29 28 28 29 30 29 29 30 29 29 29 29 29 30 29 29 29 28 30 31 28
 29 29 29 29 29 29 29 30 29 29 29 30 29 29 29 29 29 29 28 29 29 29 29 28
 28 30 29 29 30 27 28 30]"
