"[32 79 58 70 67 66 72 74 79 78 77 77 77 77 78 78 79 79 78 77 76 75 74 74
 70 70 71 70 69 66 64 62 64 63 63 62 61 60 60 60 57 57 56 55 54 54 53 53
 54 53 52 50 47 44 41 40 39 33 36 39 38 46 51 45]","[ 84 148 135 141 131 128 131 131 136 136 137 139 142 144 147 148 150 150
 151 152 153 154 155 156 160 159 156 153 149 144 141 139 133 132 130 127
 123 119 115 113 116 114 111 107 103  99  96  95 103 102 100  97  93  89
  86  84  75  69  69  68  62  65  66  55]","[ 97 184 182 182 169 166 167 164 147 146 145 143 142 141 140 140 142 142
 142 142 143 143 143 143 147 147 148 149 151 154 156 157 152 152 151 150
 147 143 140 138 128 127 126 125 123 122 120 120 107 106 105 103 101  98
  96  94  95  89  89  85  77  78  74  59]","[ 93 196 199 196 189 192 190 185 193 190 187 182 178 174 172 171 155 153
 151 147 144 141 138 137 136 136 137 139 142 146 149 152 150 150 151 153
 155 156 158 159 158 156 152 148 143 138 135 133 131 130 129 126 123 120
 117 116 111 107 109 106  99 101  95  77]","[ 90 200 200 194 197 205 200 194 195 194 193 192 192 192 192 192 197 196
 193 190 186 183 180 179 161 158 152 146 140 136 134 132 144 143 141 139
 140 143 146 148 156 156 157 158 159 160 160 161 152 151 149 146 142 138
 135 133 128 126 127 123 117 120 112  90]","[ 88 200 193 185 193 200 192 190 194 194 194 194 195 196 198 199 193 193
 194 194 194 194 194 194 198 196 193 188 183 180 177 176 161 157 151 145
 141 139 138 138 128 130 133 136 141 145 148 149 156 157 158 160 161 161
 161 161 151 150 149 142 136 140 130 104]","[ 96 204 200 191 200 201 192 199 196 196 195 193 193 193 193 193 192 193
 194 195 196 197 198 199 191 192 194 196 198 199 200 200 201 199 196 192
 188 184 181 179 168 165 160 154 147 141 137 134 134 135 136 138 139 140
 140 141 162 161 162 156 152 160 152 125]","[ 90 202 199 191 199 196 188 201 195 195 195 194 195 196 197 197 196 196
 195 194 193 192 191 190 195 195 196 196 195 193 191 190 189 191 195 198
 199 197 194 192 195 194 192 189 185 182 180 179 167 165 161 155 149 142
 137 134 131 132 135 133 135 148 143 117]","[ 93 195 196 195 194 197 196 196 196 196 196 196 196 196 196 196 195 194
 194 193 193 194 194 195 195 195 195 195 195 195 195 195 194 194 194 194
 194 194 194 194 193 193 192 192 192 191 191 191 192 192 190 188 185 183
 182 181 168 168 162 161 149 149 145  99]","[ 93 196 196 195 194 197 196 196 196 196 196 196 196 196 196 196 196 195
 195 194 194 195 195 196 195 195 195 195 195 195 195 195 195 195 195 195
 195 195 195 195 194 194 193 193 192 192 192 192 192 192 191 190 189 188
 188 187 192 194 190 192 184 187 185 140]","[ 93 196 196 194 193 197 196 196 196 196 196 196 196 196 196 196 197 196
 195 195 195 195 196 197 195 195 195 195 195 195 195 195 196 196 196 196
 196 196 196 196 195 195 194 194 194 193 193 193 192 193 193 193 194 194
 194 194 189 192 189 193 187 193 193 148]","[ 92 195 195 194 193 197 196 196 195 195 195 195 195 195 195 195 196 195
 195 194 194 195 195 196 195 195 195 195 195 195 195 195 196 196 196 196
 196 196 196 196 196 196 196 195 195 194 194 194 194 194 195 195 196 196
 197 197 193 195 192 196 189 194 194 149]","[ 92 194 195 193 193 196 195 195 195 195 195 195 195 195 195 195 194 193
 193 192 192 193 193 194 195 195 195 195 195 195 195 195 194 194 194 194
 194 194 194 194 196 196 196 196 195 195 194 194 196 196 195 195 195 195
 195 195 197 199 196 199 192 197 196 152]","[ 92 193 195 193 192 196 195 195 194 194 194 194 194 194 194 194 193 193
 192 191 191 192 193 193 195 195 195 195 195 195 195 195 194 194 194 194
 194 194 194 194 196 196 196 195 195 194 194 194 196 196 195 195 194 194
 193 193 189 191 189 193 187 193 193 149]","[ 91 193 194 193 192 196 194 194 194 194 194 194 194 194 194 194 194 193
 193 192 192 193 193 194 195 195 195 195 195 195 195 195 195 195 195 195
 195 195 195 195 195 195 195 195 194 194 194 193 195 195 195 195 194 194
 194 194 194 197 195 199 193 199 199 155]","[ 91 193 194 193 192 195 194 194 194 194 194 194 194 194 194 194 195 194
 194 193 193 194 194 195 195 195 195 195 195 195 195 195 196 196 196 196
 196 196 196 196 195 195 194 194 194 193 193 193 194 194 195 195 195 195
 195 196 196 198 195 198 191 196 195 151]","[ 92 191 189 191 193 195 194 196 195 195 195 195 195 195 195 195 193 197
 196 192 193 197 195 188 193 193 193 193 194 195 196 197 200 197 195 194
 196 197 196 195 195 195 195 195 195 195 195 195 195 195 195 195 195 195
 195 195 196 197 193 197 192 198 197 151]","[ 92 190 189 191 192 194 193 195 195 195 195 195 195 195 195 195 193 198
 198 193 191 194 195 192 194 194 193 192 191 191 191 191 195 194 192 191
 193 195 197 198 195 195 195 195 195 195 195 195 195 195 195 195 195 195
 195 195 196 196 193 197 192 198 196 151]","[ 92 190 188 190 191 193 192 194 194 194 194 194 194 194 194 194 192 197
 199 195 192 195 198 198 196 196 195 194 193 193 192 192 193 193 193 192
 191 193 195 198 195 195 195 195 195 195 195 195 195 195 195 195 195 195
 195 195 195 196 193 197 192 198 196 150]","[ 91 189 187 189 190 192 190 192 193 193 193 193 194 194 194 194 193 195
 196 196 197 199 200 199 194 194 195 196 196 197 196 196 193 195 197 196
 194 192 193 194 194 194 194 194 194 194 194 194 194 194 194 194 194 194
 194 194 195 196 192 196 192 197 196 150]","[ 90 188 186 188 189 190 189 190 191 191 192 192 193 193 194 194 196 193
 192 195 199 198 195 192 192 192 193 194 195 194 193 193 190 193 196 197
 196 193 192 191 194 194 194 194 194 194 194 194 194 194 194 194 194 194
 194 194 195 195 192 196 191 197 195 149]","[ 90 188 186 187 187 189 187 189 190 190 191 191 192 193 193 194 199 193
 190 192 194 193 192 193 201 202 202 202 200 198 195 194 191 191 191 193
 195 195 193 190 193 193 193 193 193 193 193 193 193 193 193 193 193 193
 193 193 194 195 191 196 191 196 195 149]","[ 89 187 185 186 186 188 186 188 189 189 190 191 192 193 193 194 196 193
 192 192 190 192 203 216 227 228 229 228 227 224 221 219 208 200 192 190
 193 196 194 191 193 193 193 193 193 193 193 193 193 193 193 193 193 193
 193 193 194 195 191 195 190 196 195 149]","[ 89 187 185 186 186 187 185 187 188 189 190 190 191 192 193 193 192 192
 194 194 190 195 218 243 251 251 251 251 252 253 251 251 228 214 198 191
 193 196 194 190 193 193 193 193 193 193 193 193 193 193 193 193 193 193
 193 193 194 194 191 195 190 196 195 149]","[ 91 187 184 184 185 187 186 189 188 188 188 189 189 190 190 190 191 195
 185 193 199 182 246 246 250 247 236 214 198 164 163 238 244 250 241 210
 205 193 185 192 190 190 191 192 192 193 194 194 193 193 194 194 194 193
 192 192 193 194 190 194 189 195 194 148]","[ 89 186 182 183 183 185 185 188 188 188 188 189 189 189 190 190 186 193
 180 196 194 207 250 253 250 173 111  87  83  75  66  89 154 187 205 214
 215 195 191 209 191 191 191 192 192 192 192 193 192 193 193 194 194 193
 192 192 193 193 190 194 189 195 193 147]","[ 87 184 181 181 181 184 183 186 188 188 188 188 189 189 189 190 187 191
 180 197 193 235 252 252 189 101  74  84  85  89  80  72  84  88  89 110
 173 228 215 171 192 192 192 191 191 191 190 190 191 192 192 193 193 193
 192 192 192 193 189 193 188 194 193 147]","[ 87 184 181 181 181 183 183 186 187 187 188 188 188 189 189 189 193 189
 190 194 203 250 252 244 127  74  73  81  71  71  72  79  71  73  76  69
 111 191 219 204 193 192 192 191 190 189 188 188 190 190 191 192 192 192
 192 191 191 192 188 193 188 193 192 146]","[ 88 184 181 181 182 184 184 186 187 187 187 188 188 188 189 189 195 185
 199 193 223 251 254 226 104  86  85  79  77  71  58  72  81  69  81  63
  45  72 128 194 192 192 191 190 189 188 187 187 188 189 190 191 192 192
 191 191 190 191 188 192 187 193 191 145]","[ 87 184 181 181 181 184 183 186 186 187 187 187 188 188 188 188 189 184
 199 203 244 252 255 211  60  73  88  79  85 100 102 121 168 148 134  75
  40  62 107 179 191 191 190 189 188 187 187 186 187 188 189 190 191 191
 191 191 190 190 187 191 186 192 190 145]","[ 86 183 179 180 180 182 182 184 186 186 187 187 187 188 188 188 184 191
 192 226 251 252 252 199  83  88 109  89  81 136 184 201 193 210 193  85
  32  66 110 184 190 190 189 189 188 187 187 187 186 187 188 190 191 191
 191 191 189 190 186 190 186 191 190 144]","[ 84 181 178 178 178 181 180 183 186 186 186 187 187 188 188 188 182 201
 186 246 252 253 245 190  64  57 101 102  93 164 208 180 183 192 176  88
  50  67  87 166 189 189 188 188 188 187 187 187 186 186 188 189 190 191
 191 191 189 189 186 190 185 191 189 144]","[ 82 176 178 180 176 183 186 182 180 181 182 183 185 186 187 187 187 181
 216 254 247 250 241 128  47  77  77  88 147 187 187 189 184 199 175  77
  53  64  98 133 188 188 188 188 188 188 188 188 188 188 188 188 188 187
 187 187 189 188 187 194 188 190 189 147]","[ 87 179 179 181 177 183 187 183 184 185 186 187 188 189 190 191 191 195
 242 246 227 254 230 113  55  69  72 102 165 190 182 186 182 191 163  79
  70  71  89 123 188 188 188 188 188 188 188 188 188 188 188 188 188 189
 189 189 184 184 182 190 183 185 185 143]","[ 86 174 172 173 169 174 178 176 177 177 178 179 180 181 182 183 183 198
 251 221 208 254 215  93  54  57  70 123 187 197 184 192 190 194 152  61
  57  64  97 156 187 187 187 187 187 187 187 187 187 187 188 188 189 189
 190 190 188 187 186 193 187 189 189 148]","[ 77 161 156 158 153 158 161 160 159 160 160 161 162 163 164 164 162 180
 218 205 212 254 200  76  46  51  70 117 163 169 161 172 174 186 150  65
  71  80  99 144 176 176 176 176 176 176 176 176 175 176 176 177 178 179
 180 181 182 181 179 186 180 183 184 143]","[ 71 152 145 148 144 147 150 149 149 149 150 150 151 152 152 152 146 159
 169 200 231 242 184  63  41  52  66  86 110 128 143 158 148 153 114  34
  55  88 112 142 159 159 159 159 159 159 159 159 159 159 160 161 162 163
 164 164 162 161 158 165 159 163 164 124]","[ 73 151 143 149 145 146 148 148 150 150 151 151 152 152 152 153 146 151
 141 191 240 232 169  55  37  50  62  71  93 133 172 191 222 218 179  76
  49  65 107 147 155 155 155 155 155 155 155 155 155 155 156 156 157 158
 158 158 156 154 151 158 153 157 159 119]","[ 74 151 143 151 148 147 148 148 150 150 151 151 151 152 152 152 150 152
 144 170 226 236 157  53  39  44  56  71  92 127 155 161 109 116 137  92
  67  70 114 154 158 158 158 158 158 158 158 158 158 159 159 159 159 159
 159 159 159 158 154 161 156 160 163 123]","[ 71 148 141 149 147 146 146 146 146 146 146 146 147 147 147 147 150 154
 157 148 205 245 150  54  49  40  48  64  73  77  71  55  68  40  68  73
  83  94 127 149 156 156 156 156 156 156 156 156 157 157 157 156 156 156
 156 156 155 153 150 156 151 156 159 119]","[ 75 146 146 147 145 151 142 147 145 145 146 146 146 147 147 147 146 153
 144 153 187 251 134  50  47  44  46  54  64  65  57  48  45  54  65  74
  91 115 138 150 154 154 154 154 154 154 154 154 154 154 154 154 154 154
 154 154 152 158 151 154 153 155 155 122]","[ 73 144 144 144 142 148 140 144 143 143 143 144 144 145 145 145 138 148
 140 148 175 224 112  46  46  43  43  50  61  65  60  53  53  63  74  85
 102 124 142 150 153 153 153 153 153 153 153 153 153 153 153 153 153 153
 153 153 152 157 150 154 153 155 154 122]","[ 71 141 141 141 138 145 137 142 140 140 141 141 142 142 142 142 139 149
 140 146 162 187  88  43  45  41  39  45  56  64  64  61  66  76  89 102
 118 136 147 150 150 150 150 150 150 150 150 150 152 152 152 152 152 152
 152 152 151 156 149 153 152 153 153 120]","[ 70 140 139 138 135 142 134 139 139 139 139 139 140 140 140 141 142 147
 137 142 152 159  77  40  44  39  36  42  54  65  70  71  79  91 105 118
 133 145 150 148 148 148 148 148 148 148 148 148 150 150 150 150 150 150
 150 150 149 154 148 151 150 152 152 119]","[ 70 139 137 136 133 140 133 138 137 138 138 138 139 139 139 139 141 137
 131 138 145 152  93  46  45  40  38  43  56  69  78  81  90 103 118 131
 141 148 149 146 146 146 146 146 146 146 146 146 148 148 148 148 148 148
 148 148 148 153 146 149 149 150 150 117]","[ 69 138 135 133 130 137 130 136 136 136 136 136 137 137 138 138 141 131
 134 141 144 164 131  62  46  43  42  48  61  75  85  90  97 112 129 138
 143 146 146 144 145 145 145 145 145 145 145 145 146 146 146 146 146 146
 146 146 146 151 144 148 147 149 148 116]","[ 67 135 132 130 127 134 127 133 133 133 133 134 134 135 135 135 141 130
 143 143 135 170 162  68  48  46  48  55  68  81  91  95 103 120 137 142
 142 142 143 143 144 144 144 144 144 144 144 144 145 145 145 145 145 145
 145 145 145 150 143 147 146 148 147 115]","[ 65 133 130 127 124 131 125 131 131 131 131 132 132 132 133 133 136 125
 145 139 119 162 167  58  49  49  52  60  72  85  94  98 106 124 141 144
 140 139 142 144 144 144 144 144 144 144 144 144 144 144 144 144 144 144
 144 144 144 149 143 146 145 147 147 114]","[ 62 131 128 126 123 131 124 130 128 129 129 130 131 132 132 133 135 134
 132 138 140 138 156  67  52  43  57  56  61  86  93  96 104 129 139 136
 138 138 136 140 139 140 140 140 141 142 142 142 141 142 142 142 143 144
 144 144 140 145 139 143 142 145 145 112]","[ 62 130 128 126 123 131 124 130 127 127 127 128 129 130 130 131 135 133
 130 131 134 142 178 112  51  39  52  54  61  86  93  98 106 131 141 138
 140 140 138 142 142 142 142 143 143 144 144 144 144 144 144 145 145 146
 146 146 144 149 143 147 146 149 149 116]","[ 60 128 126 125 122 130 123 129 129 130 130 131 132 133 133 134 136 135
 136 133 135 146 193 152  59  41  49  52  61  84  90  96 108 133 144 142
 144 144 141 145 145 145 145 146 146 146 147 147 147 147 147 147 148 148
 148 148 146 151 145 149 148 150 150 118]","[ 66 135 134 133 130 138 130 136 138 138 139 140 140 141 142 142 140 140
 148 145 146 149 186 159  76  49  51  53  61  80  84  91 110 135 147 145
 147 147 144 148 147 147 147 147 147 147 147 148 148 148 148 148 148 149
 149 149 145 150 143 147 146 148 148 115]","[ 77 147 146 145 143 150 143 148 145 145 146 146 147 148 149 149 149 145
 155 151 153 148 172 155  94  57  51  53  62  79  83  92 110 136 149 147
 150 149 146 149 147 147 147 147 147 147 147 147 148 148 148 148 148 148
 148 148 144 149 142 146 145 146 146 113]","[ 77 147 147 147 145 152 145 150 146 146 147 148 149 149 150 150 157 146
 154 146 152 146 166 164 110  63  49  52  63  80  85  97 109 136 149 148
 151 150 147 150 148 148 147 147 147 147 146 146 148 148 148 148 147 147
 147 147 146 150 144 147 146 147 146 114]","[ 73 144 144 145 143 150 142 146 145 145 146 147 148 148 149 149 155 144
 155 145 152 146 166 179 124  69  49  50  61  77  82  96 108 134 148 147
 150 150 146 149 149 149 149 148 148 147 147 147 149 149 149 148 148 147
 147 147 146 151 144 147 145 147 146 113]","[ 76 146 147 148 146 153 144 149 145 145 146 147 148 148 149 149 150 142
 159 150 156 147 165 187 136  76  50  49  58  72  77  92 107 133 147 147
 150 149 146 148 150 150 150 149 149 148 148 148 150 150 150 149 149 148
 148 148 145 149 142 145 144 145 144 111]","[ 74 146 147 143 141 150 142 147 144 144 144 144 145 147 148 149 149 150
 152 152 145 146 163 184 138  91  57  52  57  69  84  89 103 129 149 149
 145 147 150 148 149 149 149 149 149 149 149 149 148 147 147 147 146 146
 146 146 143 147 140 143 142 144 145 113]","[ 78 143 135 143 144 145 145 153 149 149 149 149 150 151 153 153 154 154
 156 156 151 152 165 181 127  83  53  51  55  65  78  82 101 127 149 152
 149 151 153 152 152 152 152 152 152 152 152 152 152 152 152 151 151 150
 150 150 148 152 145 148 147 149 150 118]","[ 68 151 140 152 151 146 146 135 145 145 145 145 146 147 148 149 150 149
 150 150 149 149 155 164 116  77  52  53  57  65  76  80  93 118 142 148
 146 147 147 145 147 147 147 147 147 147 147 147 148 148 147 147 147 146
 146 146 144 148 141 144 143 145 146 113]","[ 75 168 149 146 138 140 152 139 148 148 148 148 149 150 152 152 154 152
 152 153 154 154 154 155 106  70  49  52  55  62  74  79  97 121 145 154
 153 152 150 148 152 152 152 152 152 152 152 152 153 153 152 152 152 151
 151 151 148 152 145 148 147 149 149 117]","[ 68 126  92  87  75  80 118 152 145 145 145 145 146 147 149 149 150 149
 149 149 151 151 147 142  97  63  45  48  49  57  71  78  90 112 137 150
 152 151 150 148 150 150 150 150 150 150 150 150 152 151 151 151 150 150
 150 150 145 149 142 145 144 146 147 115]","[ 39  52  28  46  38  28  63 147 147 147 147 147 148 149 150 151 151 152
 152 151 152 153 147 139  93  63  48  51  51  57  71  79  85 105 131 148
 154 154 154 155 153 153 153 153 153 153 153 153 154 154 153 153 152 152
 152 152 147 152 144 147 146 149 149 117]","[ 32  30  27  44  40  33  41 130 148 148 147 148 149 150 151 152 150 154
 154 152 152 152 147 138  85  59  48  53  52  55  67  74  90 107 131 149
 154 153 153 155 153 153 153 153 153 153 153 153 153 152 152 152 151 151
 151 151 148 153 145 148 147 150 150 118]","[ 31  32  30  17  15  34  26  99 115 115 115 115 116 117 118 119 116 122
 123 119 118 119 114 106  71  48  41  48  46  47  56  61  67  82 103 119
 123 119 118 119 119 119 119 119 119 119 119 119 118 118 118 117 117 116
 116 116 115 120 113 116 115 117 117  85]"
