"[30 71 54 67 60 65 75 68 78 78 78 78 78 78 78 78 76 75 74 73 72 71 70 70
 70 68 66 65 65 64 62 60 65 62 59 57 58 59 59 59 54 54 53 53 53 53 52 52
 52 52 50 48 46 44 42 42 42 36 38 40 37 44 49 41]","[ 80 137 128 135 121 123 130 122 131 131 133 135 138 140 142 143 145 145
 146 147 149 150 151 151 158 155 151 148 145 142 138 135 132 129 125 123
 120 117 112 109 111 110 107 104 100  96  94  92  97  96  94  90  87  84
  81  80  73  66  67  66  60  63  64  54]","[ 94 173 173 176 159 158 163 154 139 138 137 136 135 133 132 132 136 136
 136 137 137 137 137 137 143 143 143 145 149 151 152 151 148 147 146 145
 144 140 135 131 122 122 121 120 119 117 117 116 102 101  99  97  94  92
  90  89  89  84  84  81  73  74  70  55]","[ 93 187 192 192 181 184 186 177 185 183 180 176 172 168 165 163 148 146
 144 141 137 134 131 130 131 130 131 135 140 143 144 144 145 145 146 149
 153 154 153 151 153 151 148 143 138 134 131 129 128 127 124 121 117 114
 111 110 107 104 104 101  93  95  88  69]","[ 92 190 191 191 189 196 194 186 188 188 188 187 187 186 186 186 190 188
 186 182 179 175 173 172 155 151 146 141 137 133 128 124 140 138 136 137
 139 141 142 142 153 153 154 154 155 156 157 157 147 145 142 138 134 130
 127 125 125 122 123 118 112 114 106  83]","[ 88 186 182 181 185 189 185 182 186 187 187 188 189 190 191 191 186 186
 186 187 187 187 187 187 193 190 185 182 179 175 171 168 158 153 147 142
 139 137 135 133 125 127 130 133 137 141 144 145 152 153 153 154 155 155
 156 156 144 143 143 138 132 137 128 102]","[ 96 192 188 189 194 192 187 194 190 190 189 188 188 187 187 186 186 187
 187 189 190 191 192 192 186 186 186 188 191 193 193 193 198 195 190 186
 183 180 176 174 164 161 156 150 143 136 131 128 131 132 133 134 136 137
 138 139 154 154 155 150 148 157 149 123]","[ 92 191 189 192 196 190 186 201 191 191 191 192 192 192 193 193 190 190
 189 188 187 186 185 185 191 189 187 187 187 187 185 183 186 186 187 189
 192 192 189 187 191 189 187 183 179 175 173 171 159 157 153 147 141 136
 132 129 126 127 130 127 129 141 136 111]","[ 95 192 189 190 190 192 191 193 192 192 192 191 191 190 190 190 193 193
 192 191 191 192 193 193 188 188 188 188 188 188 188 188 189 189 189 189
 189 189 189 189 188 188 188 187 187 186 186 186 186 185 184 182 179 177
 175 175 162 161 155 153 142 143 140  94]","[ 94 192 189 190 190 192 191 193 192 192 192 191 191 190 190 190 192 192
 191 190 190 191 192 192 190 190 190 190 190 190 190 190 190 190 190 190
 190 190 190 190 188 188 188 187 187 187 186 186 188 188 187 186 185 184
 184 183 187 188 184 185 177 182 181 136]","[ 94 191 188 189 189 191 190 192 191 191 191 191 190 190 190 190 191 190
 189 189 189 189 190 191 190 190 190 190 190 190 190 190 191 191 191 191
 191 191 191 191 188 188 188 188 187 187 187 186 188 188 189 189 189 190
 190 190 184 186 184 187 182 188 189 145]","[ 93 190 188 188 189 190 189 192 191 190 190 190 190 190 190 190 189 189
 188 187 187 188 189 189 188 188 188 188 188 188 188 188 191 191 191 191
 191 191 191 191 189 189 188 188 188 187 187 187 187 187 188 188 189 189
 190 190 188 190 187 190 184 190 190 146]","[ 92 189 187 188 188 190 188 191 189 190 190 190 190 190 190 190 188 188
 187 187 187 187 188 188 188 188 188 188 188 188 188 188 189 189 189 189
 189 189 189 189 189 189 189 188 188 188 187 187 188 188 188 188 188 188
 188 187 192 193 190 193 187 192 192 148]","[ 91 188 186 187 187 189 188 190 189 189 189 189 190 190 190 190 188 188
 187 187 187 187 188 188 190 190 190 190 190 190 190 190 189 189 189 189
 189 189 189 189 190 189 189 189 188 188 188 188 191 191 190 189 189 188
 188 187 183 185 182 186 181 187 188 145]","[ 91 188 185 186 187 188 187 189 188 188 188 189 189 190 190 190 189 188
 187 187 187 187 188 189 190 190 190 190 190 190 190 190 190 190 190 190
 190 190 190 190 190 190 189 189 189 188 188 188 190 189 189 189 189 188
 188 188 187 189 186 190 185 192 193 149]","[ 90 188 185 186 186 188 187 189 188 188 188 189 189 190 190 190 189 188
 188 187 187 188 188 189 188 188 188 188 188 188 188 188 191 191 191 191
 191 191 191 191 190 190 190 189 189 188 188 188 186 186 186 187 187 187
 187 187 187 189 186 189 182 188 188 144]","[ 88 186 183 185 186 188 187 190 189 189 189 189 189 189 189 189 189 189
 189 189 189 189 189 189 189 189 189 189 189 189 189 189 190 190 190 190
 190 190 190 190 189 189 189 190 190 191 191 191 187 187 187 187 187 187
 187 187 189 187 192 186 191 187 194 146]","[ 88 185 183 184 185 187 187 189 189 189 189 189 189 189 189 189 189 189
 189 189 189 189 189 189 189 189 189 189 189 189 189 189 190 190 190 190
 190 190 190 190 189 189 189 190 190 191 191 191 188 188 188 188 188 188
 188 188 189 187 192 186 191 186 194 146]","[ 88 185 182 184 184 186 185 188 188 188 188 189 189 189 189 189 189 189
 189 189 189 189 189 189 189 189 189 189 189 189 189 189 190 190 190 190
 190 189 189 189 189 189 189 189 190 190 190 190 188 188 188 188 188 188
 188 188 188 186 192 186 191 186 194 145]","[ 87 184 182 183 183 185 184 186 187 188 188 188 188 189 189 189 189 189
 189 189 189 189 189 189 189 189 189 189 189 189 189 189 190 190 190 189
 189 189 189 188 189 189 189 189 189 189 189 190 189 189 189 189 189 189
 189 189 188 186 192 186 190 186 193 145]","[ 86 183 181 181 182 183 182 184 186 187 187 188 188 189 189 189 189 189
 189 189 189 189 189 189 189 189 189 189 189 189 189 189 190 190 190 189
 189 188 188 187 189 189 189 189 189 189 189 188 189 189 189 189 189 189
 189 189 187 186 191 185 190 185 193 145]","[ 86 183 180 180 180 182 180 183 186 186 186 187 188 188 189 189 189 189
 189 189 189 189 189 189 189 189 189 189 189 189 189 189 190 190 189 189
 188 187 187 187 189 189 189 189 188 188 188 188 188 188 188 188 188 188
 188 188 187 185 191 185 189 185 193 144]","[ 85 182 179 180 179 181 179 181 185 185 186 187 188 188 189 189 189 189
 189 189 189 189 189 189 189 189 189 189 189 189 189 189 190 190 189 189
 188 187 186 186 189 189 189 188 188 187 187 187 188 188 188 188 188 188
 188 188 187 185 191 185 189 185 192 144]","[ 85 182 179 179 179 180 179 181 184 185 186 186 187 188 189 189 189 189
 189 189 189 189 189 189 189 189 189 189 189 189 189 189 190 190 189 188
 187 187 186 185 189 189 189 188 188 187 187 187 187 187 187 187 187 187
 187 187 187 185 190 184 189 185 192 144]","[ 87 179 173 176 178 178 176 181 183 183 184 185 186 186 187 187 186 186
 186 187 187 188 188 188 189 189 189 188 188 187 187 187 187 187 187 187
 187 187 187 187 187 187 187 187 187 187 187 187 187 187 187 187 187 187
 187 187 188 189 186 189 183 188 189 145]","[ 87 179 173 176 178 177 176 181 183 183 184 184 185 186 187 187 185 185
 185 186 186 187 187 187 189 189 189 188 188 187 187 187 187 187 187 187
 187 187 187 187 187 187 187 187 187 187 187 187 187 187 187 187 187 187
 187 187 187 189 186 189 182 188 188 144]","[ 86 178 173 176 177 177 176 181 182 182 183 184 185 185 186 186 184 185
 185 185 186 186 186 186 188 188 188 188 187 187 187 187 187 187 187 187
 187 187 187 187 186 186 186 186 186 186 186 186 186 186 186 186 186 186
 186 186 187 188 185 188 182 187 188 144]","[ 85 177 172 175 177 177 176 181 181 182 182 183 184 185 185 185 185 185
 185 186 186 186 187 187 188 187 187 187 187 187 187 187 187 187 187 187
 187 187 187 187 186 186 186 186 185 185 185 185 185 185 185 185 186 186
 186 186 186 188 184 188 181 187 187 143]","[ 84 176 171 175 177 177 176 181 181 181 181 182 183 184 184 185 185 186
 186 186 187 187 187 187 186 187 187 187 187 187 187 187 187 187 187 187
 187 187 187 187 186 186 185 185 184 184 183 183 183 183 184 184 185 185
 186 186 185 187 184 187 180 186 186 142]","[ 83 175 171 174 176 177 176 181 180 180 181 181 182 183 184 184 184 185
 185 185 186 186 186 187 186 186 186 186 187 187 187 187 187 187 187 187
 187 187 187 187 186 185 185 184 183 183 182 182 182 182 183 183 184 185
 185 186 184 186 183 186 180 185 185 142]","[ 83 175 170 174 176 177 176 181 179 179 180 181 182 182 183 183 182 182
 182 183 183 184 184 184 185 185 185 186 186 187 187 187 187 187 187 187
 187 187 187 187 186 185 185 184 183 182 181 181 181 181 182 183 184 185
 185 186 184 185 182 185 179 184 185 141]","[ 82 175 170 174 176 177 177 182 179 179 180 180 181 182 183 183 180 180
 180 181 181 181 182 182 185 185 185 186 186 187 187 187 187 187 187 187
 187 187 187 187 185 185 184 183 182 182 181 180 180 181 182 182 183 184
 185 185 183 185 182 185 179 184 185 141]","[ 85 167 165 173 170 172 177 180 179 179 179 179 179 179 179 180 184 184
 183 183 183 183 183 183 182 182 183 183 183 184 184 184 189 171 183 194
 181 183 193 182 182 182 183 183 181 179 180 183 184 170 180 192 181 177
 183 177 182 183 182 188 180 182 183 143]","[ 90 171 168 176 173 174 178 181 182 182 182 183 184 184 184 185 184 184
 184 184 184 184 184 184 182 183 183 183 184 184 184 184 183 183 182 186
 189 184 185 197 220 202 193 199 198 186 179 181 183 186 190 184 175 181
 189 185 178 179 177 183 176 178 179 139]","[ 85 166 161 168 164 165 169 170 173 173 174 175 176 177 178 178 179 179
 179 179 179 179 179 179 179 179 179 179 180 180 180 181 177 190 180 177
 191 183 187 226 231 250 251 248 246 245 225 196 176 180 175 173 180 181
 175 175 182 182 181 187 179 181 183 144]","[ 71 150 143 149 146 146 149 150 152 153 154 155 157 158 159 160 160 160
 160 160 161 161 161 161 162 162 163 163 163 164 164 164 164 174 169 164
 170 176 203 249 252 250 234 202 191 208 230 238 204 188 163 168 191 186
 174 184 175 176 174 180 172 175 178 139]","[ 64 141 133 138 135 136 138 138 139 139 140 141 143 144 145 146 142 142
 143 143 144 144 145 145 144 144 145 145 145 146 146 146 149 144 153 152
 144 174 227 252 229 152  97  94  83  67 106 174 226 213 175 150 154 149
 141 151 156 155 153 159 152 155 158 120]","[ 68 144 134 139 137 138 140 139 139 139 140 141 142 143 144 144 142 142
 143 144 144 145 145 146 142 142 143 143 143 144 144 144 146 135 147 151
 152 200 250 250 179 110  72  91  93  63  63  96 103 138 152 141 141 154
 161 162 149 149 146 152 145 149 153 115]","[ 71 145 135 140 139 140 141 140 140 140 140 141 142 142 142 143 144 144
 145 146 147 148 148 149 146 146 146 147 147 147 148 148 145 148 147 152
 187 240 252 239 128 102  77  68  69  68  63  58  73 106 153 176 165 150
 143 136 153 152 150 155 148 153 157 119]","[ 67 141 130 136 135 137 138 137 137 137 137 137 137 138 138 138 137 137
 138 139 140 141 141 142 142 142 143 143 144 144 144 144 140 158 143 147
 215 253 248 222 110 100  87  74  60  49  50  58  62  52 104 174 178 150
 147 159 149 148 145 150 144 148 153 115]","[ 74 134 135 139 132 138 133 135 133 133 134 134 134 135 135 135 136 137
 137 138 139 140 140 140 140 140 141 142 143 143 144 144 146 143 157 201
 237 252 251 209 104 109  77  44  55  75  81  87  74  31  46  95 136 151
 142 148 143 150 145 148 146 147 148 117]","[ 71 131 132 136 129 135 130 132 132 132 133 133 133 134 134 134 135 135
 136 136 137 138 139 139 138 138 139 140 141 141 142 142 152 134 169 232
 253 249 245 197  97  87  78  93 125 142 145 151  99  47  49  90 131 150
 144 149 143 149 144 147 145 147 148 117]","[ 68 127 127 132 124 131 127 128 130 131 131 131 132 132 132 133 132 133
 133 134 135 136 136 137 136 136 137 137 138 139 139 140 146 134 194 251
 253 249 248 184 106  74  78 121 147 144 140 141 106  54  53  89 129 151
 144 146 141 148 143 146 144 146 147 116]","[ 66 124 124 128 121 128 124 126 128 128 129 129 129 130 130 130 130 130
 131 131 132 133 134 134 134 135 135 136 137 138 138 138 140 159 230 251
 251 252 252 161  99  68  86 132 142 134 138 142  84  46  58  96 131 150
 141 140 140 147 141 145 143 144 145 114]","[ 65 123 123 126 119 126 123 125 126 126 126 127 127 127 128 128 128 128
 129 129 130 131 132 132 134 134 134 135 136 137 137 138 140 176 244 253
 243 251 246 133  84  80 110 141 137 133 143 145  61  42  69 104 130 145
 139 140 138 145 140 143 141 142 144 112]","[ 64 122 121 124 117 124 122 124 123 124 124 124 125 125 125 126 127 127
 127 128 129 130 130 131 132 133 133 134 135 135 136 136 132 156 211 253
 253 251 218 119  78  98 128 143 139 137 135 125  58  51  84 111 126 139
 138 144 137 143 138 141 139 141 142 111]","[ 62 120 119 121 114 122 120 123 122 122 122 123 123 123 124 124 126 126
 127 128 128 129 130 130 130 130 131 131 132 133 134 134 127 134 163 251
 254 252 189 102  71  92 108 124 148 155 136 117  58  59  96 121 130 140
 136 141 136 142 137 140 138 140 141 110]","[ 61 118 117 119 112 120 118 121 121 121 121 122 122 122 123 123 126 126
 127 128 128 129 130 130 128 128 129 129 130 131 132 132 138 137 139 232
 245 251 165  75  73  80  72  86 128 136 102  76  52  59 102 129 137 144
 134 132 135 142 136 140 138 139 140 109]","[ 62 112 109 117 112 117 112 117 117 118 119 120 121 122 123 124 124 124
 125 126 127 128 129 129 128 128 129 129 130 130 131 131 128 132 138 199
 252 243 114  56  58  80  83  67  69  89  91  74  83  93 108 123 134 138
 137 136 134 140 134 136 133 135 136 106]","[ 63 114 112 119 114 119 115 119 116 116 117 118 119 121 122 122 123 124
 124 125 126 127 128 128 128 128 128 129 129 130 130 130 137 127 125 187
 252 176  88  57  57  69  78  75  73  77  81  81  98 106 119 131 139 140
 138 136 138 144 138 140 138 139 141 110]","[ 60 114 112 118 112 118 114 118 119 120 121 122 123 124 125 125 127 128
 128 129 130 130 131 131 132 132 132 132 133 133 133 133 131 135 135 165
 234 109  60  53  59  63  78  92  89  80  86 103 112 119 129 138 143 143
 140 137 140 146 140 142 140 141 143 112]","[ 63 120 119 124 117 124 121 124 128 129 130 131 132 133 134 135 136 136
 136 137 137 138 138 138 139 139 139 140 140 140 140 140 133 148 148 143
 231 144  76  51  58  62  80 102 105  98 105 122 120 125 132 139 143 143
 141 139 138 144 138 140 137 139 140 110]","[ 72 132 133 137 129 137 134 136 136 137 138 139 140 141 142 142 141 141
 142 142 142 142 143 143 144 144 144 144 143 143 143 143 149 145 142 135
 245 229 104  58  54  64  81  99 109 113 117 122 129 132 137 141 142 142
 140 138 136 142 136 139 136 138 139 108]","[ 74 137 139 141 133 142 139 140 138 139 140 141 142 143 144 144 142 142
 142 142 142 142 143 143 143 143 142 142 142 142 141 141 145 135 144 143
 228 235  96  63  60  73  89 101 113 122 125 121 141 142 143 143 142 140
 138 136 137 143 137 140 137 139 140 109]","[ 69 134 138 138 129 139 137 137 138 138 139 140 142 143 144 144 142 142
 142 142 142 142 142 142 141 141 141 140 140 139 139 139 135 137 149 146
 211 214 106  67  67  80  98 111 119 125 130 133 144 144 144 143 142 140
 138 137 137 143 137 140 137 139 140 109]","[ 68 135 139 139 130 140 138 138 138 139 139 141 142 143 144 144 144 144
 143 143 143 143 143 143 141 141 141 140 140 139 139 138 142 147 140 138
 227 243 159  74  66  77  98 117 122 121 130 144 139 139 140 140 140 140
 140 140 136 142 136 138 135 137 139 108]","[ 73 133 131 137 137 140 129 139 137 136 136 137 137 139 140 141 143 143
 142 142 142 141 141 141 140 140 140 140 140 140 139 139 139 139 138 140
 224 246 229 134  70  86 104 113 120 129 138 142 140 140 140 140 140 140
 140 140 137 143 137 139 137 138 140 109]","[ 65 140 131 130 129 138 140 140 141 141 141 141 142 143 144 145 147 147
 147 146 146 145 145 145 144 144 144 144 144 144 144 144 143 146 149 152
 235 252 248 166  80  94 108 115 121 130 140 144 145 145 145 145 145 145
 145 145 140 146 139 142 139 141 142 112]","[ 54 148 139 140 134 136 140 125 136 136 136 136 137 138 139 140 142 142
 141 141 140 140 140 140 139 139 139 139 140 140 140 140 139 143 148 150
 231 252 251 176  82  94 105 110 115 125 135 140 141 141 141 141 141 141
 141 141 135 141 135 138 135 137 138 108]","[ 72 157 137 141 130 123 139 137 139 139 139 139 140 141 142 143 144 144
 144 144 143 143 143 142 142 142 143 143 143 143 144 144 145 146 149 151
 231 252 247 170  86  97 109 116 123 134 143 146 144 144 144 144 144 144
 144 144 141 147 141 144 141 143 144 114]","[ 69 115  78  81  72  69 106 147 136 136 136 136 137 138 140 140 141 141
 141 141 140 140 139 139 139 140 140 141 141 142 142 142 144 141 144 151
 234 251 242 160  77  90 104 115 125 136 143 144 142 142 142 142 142 142
 142 142 139 145 139 141 139 140 142 111]","[ 33  50  24  34  30  29  61 133 139 139 139 139 140 141 143 143 144 144
 143 143 143 142 142 142 142 142 143 144 144 145 146 146 146 143 149 160
 244 253 247 166  77  90 105 117 128 139 144 144 144 144 144 144 144 144
 144 144 139 145 139 141 139 140 142 111]","[ 24  30  28  37  35  35  39 118 141 141 141 141 142 143 144 145 145 145
 145 145 144 144 144 143 144 144 145 146 147 147 148 148 147 145 152 160
 238 249 238 160  89  99 110 119 129 139 144 144 145 145 145 145 145 145
 145 145 140 146 140 142 139 141 142 112]","[ 28  25  28  24  18  25  17  99 109 109 109 109 110 111 112 113 113 113
 113 113 112 112 111 111 112 112 113 114 115 116 116 117 115 114 120 122
 190 196 185 111  69  77  84  89  97 107 113 113 112 112 112 112 112 112
 112 112 109 115 109 112 109 111 112  81]"
