"[34 70 50 67 59 60 72 71 77 77 77 76 77 78 79 79 74 73 72 71 69 68 67 67
 67 65 63 63 63 63 61 59 59 57 55 54 54 54 52 50 49 49 48 48 47 46 46 46
 48 48 47 45 42 39 35 33 36 31 35 38 36 42 46 37]","[ 74 128 118 130 115 112 119 115 124 124 126 128 131 134 137 138 146 146
 145 145 144 143 143 143 150 147 142 138 134 129 125 121 120 117 114 111
 108 105 101  98 103 101  97  93  88  84  80  78  83  83  82  80  78  74
  71  69  64  58  59  59  53  55  56  45]","[ 87 165 167 173 155 151 153 145 129 128 127 125 124 124 124 124 118 120
 123 127 132 136 140 141 145 144 143 145 147 149 148 147 147 144 139 135
 132 128 123 120 114 113 111 108 105 103 101 100  86  86  85  84  82  80
  77  76  76  70  70  67  60  61  59  45]","[ 92 186 192 193 182 183 183 173 179 177 173 168 164 161 158 157 141 139
 136 131 126 121 117 116 122 122 123 127 132 136 138 137 144 143 143 144
 146 147 147 146 148 146 142 136 130 125 121 119 120 119 116 112 107 103
 100  98  91  87  88  84  79  82  79  61]","[ 93 192 191 189 187 195 194 186 186 185 184 183 183 182 183 183 187 185
 181 175 169 163 159 157 141 138 133 129 125 121 116 113 120 120 122 126
 131 135 136 136 146 147 147 148 149 150 151 151 143 141 137 132 127 123
 119 118 113 110 110 105  99 104  97  76]","[ 91 190 183 178 182 190 187 183 186 185 185 185 186 187 188 189 176 177
 179 182 185 187 190 191 191 188 182 178 174 169 164 160 140 137 132 129
 126 123 119 116 113 115 119 123 128 132 135 137 145 145 145 146 148 150
 151 152 140 138 137 129 123 127 117  92]","[ 97 198 193 189 193 195 190 194 190 189 188 186 185 184 184 184 191 190
 189 188 187 186 185 185 182 181 180 181 183 184 184 182 195 191 184 178
 172 166 160 156 153 150 145 139 132 125 120 118 121 121 122 123 125 128
 131 133 147 147 149 144 141 149 141 114]","[ 88 192 192 192 195 191 185 194 193 192 191 191 190 191 191 191 184 184
 185 185 185 185 185 185 187 186 184 184 185 185 184 182 182 181 180 181
 184 185 184 183 184 183 180 175 171 167 164 162 151 148 142 135 128 123
 120 118 112 114 120 120 124 137 132 106]","[ 94 192 192 193 193 194 193 197 193 193 193 192 192 191 191 191 190 190
 190 190 190 190 190 190 188 188 188 188 188 188 188 188 186 185 184 183
 182 181 180 180 182 182 181 181 180 180 180 180 182 181 178 175 171 167
 163 161 150 148 139 136 125 127 127  82]","[ 93 193 192 193 192 193 193 196 193 193 192 192 192 191 191 191 189 189
 189 189 189 189 189 189 188 188 188 188 188 188 188 188 189 189 188 187
 187 186 186 185 183 183 183 182 182 181 181 181 179 179 178 178 177 175
 174 173 179 179 174 174 167 172 172 129]","[ 93 191 191 193 192 193 192 196 193 192 192 192 191 191 191 191 188 188
 188 188 188 188 188 188 188 188 188 188 188 188 188 188 190 190 190 190
 190 190 189 189 185 185 185 184 184 184 183 183 180 181 182 183 183 183
 183 182 179 180 178 182 176 182 183 140]","[ 92 191 191 192 191 192 192 195 192 192 192 191 191 191 190 190 187 187
 187 187 187 187 187 187 188 188 188 188 188 188 188 188 187 187 188 188
 189 189 189 190 187 187 187 187 186 186 185 185 187 187 187 187 186 185
 184 183 181 184 182 185 179 184 184 140]","[ 91 190 190 191 190 191 191 194 192 192 191 191 191 190 190 190 187 187
 187 187 187 187 187 187 188 188 188 188 188 188 188 188 186 186 187 187
 188 189 189 190 189 189 189 188 188 187 187 187 189 189 189 188 187 186
 184 183 186 188 186 190 183 188 188 143]","[ 90 189 189 190 189 190 190 193 191 191 191 191 190 190 190 189 187 187
 187 187 187 187 187 187 188 188 188 188 188 188 188 188 188 188 189 189
 190 190 191 191 190 190 189 189 189 188 188 188 186 186 187 188 188 187
 186 186 182 183 181 185 179 186 187 144]","[ 90 189 189 190 189 190 189 193 191 191 191 190 190 190 189 189 188 188
 188 188 188 188 188 188 188 188 188 188 188 188 188 188 190 190 190 190
 190 191 191 191 190 190 190 189 189 188 188 188 185 185 186 187 188 188
 187 187 189 190 186 190 184 192 194 152]","[ 89 189 188 189 188 190 189 193 191 191 191 190 190 189 189 189 188 188
 188 188 188 188 188 188 188 188 188 188 188 188 188 188 189 189 189 189
 189 189 189 189 190 190 190 189 189 188 188 188 187 187 188 188 187 187
 186 185 190 190 185 186 180 187 189 147]","[ 92 190 187 187 187 189 188 190 188 193 193 188 188 193 191 184 195 167
 146 151 169 183 190 195 200 168 187 206 180 176 193 182 187 187 187 188
 188 189 189 189 187 187 189 190 191 192 192 191 189 189 189 188 188 187
 187 186 186 185 191 185 190 186 194 146]","[ 91 188 185 186 187 189 188 190 186 186 190 193 191 186 188 192 169 149
 132 130 132 131 135 141 169 195 191 176 188 198 193 193 187 187 187 188
 188 189 189 189 187 188 190 191 192 192 192 192 190 190 189 189 188 188
 188 187 187 185 191 185 190 186 194 146]","[ 88 186 184 185 186 188 188 190 189 189 189 191 195 193 179 163  71  66
  67  72  72  71  80  94  70 109 172 201 189 185 189 178 188 188 188 188
 189 189 189 189 189 190 191 192 193 193 193 193 191 191 190 190 190 189
 189 189 187 186 191 186 191 186 194 146]","[ 86 183 181 183 185 187 187 190 191 193 187 184 194 191 146  92  48  47
  51  54  49  43  50  63  63  54 119 195 194 178 192 200 188 189 189 189
 189 189 189 189 190 191 192 193 193 193 193 193 191 191 191 191 191 191
 191 191 188 186 192 186 191 187 194 146]","[ 84 182 180 182 183 186 185 188 187 185 186 190 186 153  93  43  64  58
  56  57  51  43  45  54  80  72  68 125 204 206 180 192 190 189 189 189
 189 189 189 189 191 191 192 193 193 193 192 192 191 191 191 191 191 192
 192 192 189 187 193 187 191 187 194 146]","[ 84 181 179 180 181 184 183 186 187 180 189 199 165  97  54  49  49  40
  37  43  46  44  46  53  48  62  55  71 141 197 198 183 190 190 190 190
 189 189 189 189 190 191 192 192 192 192 191 191 190 190 191 191 191 192
 192 192 190 188 193 187 192 187 194 146]","[ 84 181 178 179 180 182 181 183 186 186 187 170 117  60  43  59  53  43
  39  44  46  42  41  46  54  51  55  51  60 121 191 218 191 191 191 190
 190 189 189 189 190 190 191 191 191 191 190 190 189 189 190 190 191 191
 191 192 191 189 194 188 192 187 194 146]","[ 84 181 178 179 179 181 179 181 179 192 175 120  66  45  44  45  37  31
  32  42  47  46  48  54  54  53  41  54  68  47  86 192 191 191 191 190
 190 189 189 189 189 190 190 191 191 190 189 189 188 189 189 190 190 191
 191 191 191 189 194 188 192 187 194 145]","[ 84 178 174 177 176 176 178 186 187 181 120  79  57  41  51  45  44  43
  38  40  47  46  53  72  79 120 103 103  65  38  50  83 157 194 193 191
 195 185 188 193 189 189 189 190 190 191 191 192 189 189 189 190 190 191
 191 191 190 191 187 191 186 192 191 145]","[ 84 177 173 175 174 174 175 183 181 160  97  64  51  42  54  51  54  43
  39  49  56  51  62  89 170 193 196 194 129  47  34  52 148 188 189 189
 196 187 189 190 189 189 189 190 190 190 191 191 189 189 189 190 190 190
 191 191 190 190 187 191 186 192 190 145]","[ 84 177 172 173 173 173 173 179 181 137  72  50  47  43  54  54  50  41
  45  59  62  66 101 148 185 183 197 202 122  37  41  70 155 194 191 186
 193 188 190 189 188 188 189 189 189 190 190 190 189 189 189 189 190 190
 190 191 189 190 187 191 186 192 190 144]","[ 86 177 171 173 173 173 172 177 184 119  59  46  47  45  49  49  38  40
  53  60  60  85 145 196 194 179 181 181  74  28  47  88 167 207 198 185
 189 187 192 190 188 188 188 188 188 189 189 189 188 188 189 189 189 190
 190 190 189 190 186 190 186 191 190 144]","[ 87 178 171 173 174 174 173 177 174  99  52  47  47  47  44  43  34  39
  51  54  64 114 171 192 193 193 189 182  50  43  47  74 149 198 197 185
 189 189 192 187 188 188 188 188 188 187 187 187 188 188 188 189 189 189
 190 190 189 189 186 190 185 191 189 143]","[ 87 176 169 172 175 175 174 177 148  75  47  46  44  49  45  44  33  31
  40  51  81 149 191 179 172 186 184 154  33  55  58  70 110 175 190 185
 191 192 193 183 188 188 187 187 187 186 186 186 187 188 188 188 189 189
 189 189 188 189 185 190 185 190 189 143]","[ 84 173 166 170 174 175 173 176 124  57  47  46  39  51  50  51  34  23
  32  47  75 145 193 184 189 193 189 114  26  48  66  73  96 170 191 186
 189 191 194 184 187 187 187 186 186 186 185 185 187 187 188 188 188 189
 189 189 188 189 185 189 184 190 189 143]","[ 82 171 163 168 172 175 173 175 113  52  50  48  37  52  54  56  38  24
  33  40  47 106 173 188 184 178 183  83  29  39  73  77 109 182 199 185
 184 187 195 189 187 187 187 186 186 185 185 184 187 187 187 188 188 189
 189 189 188 188 185 189 184 190 189 143]","[ 81 163 174 168 170 169 179 158  78  57  41  42  46  47  53  62  52  34
  30  42  43  45  79 125 180 197 140  57  39  55  67  83 149 173 191 188
 182 184 188 187 188 187 186 185 184 184 184 184 188 188 188 188 187 187
 187 187 190 188 185 191 186 188 187 144]","[ 87 166 174 168 171 170 177 154  72  55  42  44  48  47  50  56  65  43
  37  56  73  78  90 108 120 135  94  40  39  58  75  98 168 183 192 188
 186 191 192 188 186 186 185 184 184 184 184 185 185 185 185 185 185 185
 185 186 188 186 183 190 184 186 186 144]","[ 83 158 162 155 161 159 162 134  65  52  43  46  49  46  46  50  59  42
  35  49  68  76  75  74  67  74  53  34  47  63  84 116 182 186 185 180
 183 190 189 181 185 184 184 184 184 185 186 187 184 185 185 186 187 187
 188 188 190 188 186 192 185 188 189 148]","[ 69 140 139 132 140 138 137 104  62  51  44  44  46  45  44  47  46  43
  38  34  37  45  50  51  54  55  48  49  59  66  90 130 165 165 162 158
 161 167 165 158 166 166 166 166 167 169 170 171 169 170 170 171 172 173
 174 174 175 174 172 178 171 174 176 137]","[ 62 130 127 119 128 125 121  86  63  53  44  42  42  43  45  48  46  51
  48  37  34  41  48  49  59  58  59  66  68  68  95 135 135 138 139 137
 137 139 139 137 139 139 139 140 141 142 144 145 143 143 144 145 146 147
 148 148 148 148 146 152 144 148 151 113]","[ 64 132 129 121 129 126 122  86  64  56  47  41  40  43  47  50  47  48
  46  44  50  58  56  47  60  60  67  73  72  79 106 135 127 132 136 136
 134 133 135 136 135 135 135 135 136 138 139 140 136 137 137 138 138 139
 140 140 139 140 139 144 136 140 145 108]","[ 65 133 131 123 130 127 123  89  64  59  50  43  42  45  48  50  46  46
  45  48  56  62  59  53  67  68  76  80  84 100 123 133 134 135 137 138
 138 137 139 141 142 142 141 141 142 143 144 145 143 143 143 143 143 143
 143 143 142 144 143 148 139 143 150 114]","[ 60 130 128 120 126 123 120  87  63  60  53  46  44  46  49  49  53  55
  57  57  55  58  64  71  79  80  86  89  96 120 137 131 136 132 130 132
 134 135 136 137 137 136 136 136 136 137 138 139 139 139 139 139 139 139
 138 138 137 139 138 143 134 139 145 111]","[ 65 126 127 121 122 119 120  83  60  59  53  45  39  41  50  59  57  55
  57  62  63  61  65  74  83  92 105 117 125 129 132 133 132 132 133 134
 135 136 136 137 137 137 137 137 137 137 137 137 139 139 138 138 138 138
 138 138 136 142 136 139 137 139 141 110]","[ 63 123 123 119 119 117 119  82  65  63  58  50  44  46  55  62  62  61
  63  67  68  69  77  88 104 110 118 125 128 129 129 129 130 130 131 132
 133 134 134 135 135 135 135 135 135 135 135 135 137 137 137 137 138 138
 138 138 135 142 136 139 136 138 140 110]","[ 61 119 119 115 116 114 116  81  67  65  60  53  48  50  57  64  67  67
  70  73  75  81  94 107 120 124 128 129 129 127 127 127 128 129 129 130
 131 131 132 132 133 133 133 133 133 133 133 133 135 135 135 136 137 137
 138 138 134 140 135 137 135 137 139 108]","[ 60 116 116 113 115 111 115  83  66  64  59  53  49  50  56  61  68  70
  72  75  81  92 108 121 121 123 126 126 126 126 127 128 128 128 128 129
 129 130 130 130 132 132 132 132 132 132 132 132 132 133 133 134 135 136
 137 137 133 139 133 136 134 136 137 107]","[ 60 114 112 111 113 109 114  85  65  63  58  53  50  52  55  59  65  68
  70  74  84  99 115 126 118 120 122 122 123 124 127 129 128 128 128 129
 129 129 129 130 132 132 132 132 132 132 132 132 131 131 132 133 134 135
 135 136 131 137 131 134 132 134 136 105]","[ 59 111 109 109 111 107 113  86  67  64  60  56  54  55  57  59  62  64
  67  73  87 106 118 123 120 121 122 122 122 122 125 127 128 128 128 128
 128 128 128 128 131 131 131 131 131 131 131 131 130 130 131 131 132 133
 133 133 130 136 130 133 131 133 134 104]","[ 57 107 105 106 109 103 111  86  68  65  61  58  57  57  58  58  61  63
  65  73  92 112 120 118 120 122 123 122 121 121 123 125 126 126 126 126
 126 126 126 126 129 129 129 129 129 129 129 129 130 130 130 130 131 131
 131 131 128 135 129 131 129 131 133 103]","[ 55 104 102 104 106 101 109  85  66  63  59  57  56  56  57  56  62  62
  64  74  96 116 121 114 117 119 121 121 120 120 122 124 124 124 124 124
 124 124 123 123 127 127 127 127 127 127 127 127 130 130 130 130 130 130
 129 129 128 134 128 131 129 131 133 102]","[ 59 105 104  97 105 103 100  91  74  68  60  57  57  58  57  56  64  65
  69  78  96 113 118 114 116 117 117 118 119 120 121 121 122 122 122 123
 123 123 124 124 125 125 125 125 125 125 125 125 129 129 129 129 129 129
 129 129 129 132 127 132 131 130 132 104]","[ 57 103 103  97 105 103 101  92  75  68  60  56  57  58  57  56  62  64
  68  79  98 115 119 115 116 117 117 118 119 120 120 121 123 123 123 124
 124 124 125 125 127 127 127 127 127 127 127 127 130 130 130 130 130 130
 130 130 129 132 127 132 130 129 131 104]","[ 55 103 104  98 106 105 104  96  76  69  60  56  56  58  57  56  60  63
  69  82 101 118 122 117 120 120 121 122 122 123 123 124 125 125 125 126
 126 126 127 127 130 130 130 130 130 130 130 130 131 131 131 131 131 131
 131 131 129 132 127 132 130 129 131 103]","[ 57 106 109 103 111 110 110 103  77  69  61  56  56  57  57  56  59  63
  71  85 106 123 126 122 126 126 127 127 128 128 129 129 126 127 127 127
 128 128 128 129 130 130 130 130 130 130 130 130 131 131 131 131 131 131
 131 131 129 132 126 132 130 128 130 102]","[ 61 111 115 109 116 115 117 111  78  70  61  55  55  56  57  56  59  64
  72  87 108 126 130 125 129 129 129 129 130 130 130 130 128 128 128 129
 129 129 130 130 130 130 130 130 130 130 130 130 129 129 129 129 129 129
 129 129 130 133 126 132 129 127 129 101]","[ 64 115 119 113 119 118 120 116  79  71  61  55  54  56  57  56  60  63
  71  86 107 126 131 127 128 128 128 128 128 128 128 128 128 128 129 129
 129 130 130 130 129 129 129 129 129 129 129 129 129 129 129 129 129 129
 129 129 130 133 126 131 128 127 128 100]","[ 63 115 120 113 118 117 119 115  80  71  61  54  54  55  56  56  59  62
  68  82 103 123 129 126 128 127 127 127 127 127 127 127 128 128 129 129
 129 130 130 130 130 130 130 130 130 130 130 130 130 130 130 130 130 130
 130 130 130 133 126 131 128 126 127  99]","[ 62 113 118 111 116 114 117 113  80  72  61  54  53  55  56  56  58  60
  66  79 100 120 127 125 129 129 129 129 129 129 129 129 128 128 128 129
 129 130 130 130 131 131 131 131 131 131 131 131 131 131 131 131 131 131
 131 131 130 133 126 131 128 126 127  99]","[ 52 118 108 106 116 114 128 103  85  73  61  57  55  53  54  56  57  64
  68  73  91 116 126 123 125 125 125 126 126 126 127 127 127 127 127 128
 128 128 129 129 130 130 130 130 130 130 130 130 130 130 130 130 130 130
 130 130 126 129 123 128 126 125 126  98]","[ 72 119 107 113 118 101 116 112  82  70  59  55  53  51  52  54  54  61
  65  70  88 113 127 126 128 128 129 129 130 130 130 130 129 129 130 130
 130 131 131 131 132 132 132 132 132 132 132 132 132 132 132 132 132 132
 132 132 130 133 127 133 130 129 130 102]","[ 51 105 109 119 124 107 116 114  83  72  61  57  56  54  54  56  56  62
  65  69  85 110 126 129 125 125 125 125 126 126 126 127 125 125 125 126
 126 126 127 127 127 127 127 127 127 127 127 127 127 127 127 127 127 127
 127 127 128 131 124 130 127 126 127 100]","[ 73 135 135 117 111 107 112 103  83  72  62  59  58  55  55  57  58  62
  63  66  79 102 120 128 130 130 130 131 131 131 132 132 131 131 131 132
 132 133 133 133 133 133 133 133 133 133 133 133 133 133 133 133 133 133
 133 133 133 136 130 136 133 132 133 106]","[ 73 110  96  65  60  69  92 110  81  70  61  58  57  55  54  56  55  58
  61  64  75  95 116 128 126 126 127 127 127 128 128 128 129 129 130 130
 130 131 131 131 131 131 131 131 131 131 131 131 131 131 131 131 131 131
 131 131 130 133 127 132 130 128 130 102]","[ 32  37  29  28  32  29  57 112  83  73  64  62  61  58  57  59  56  59
  63  67  77  95 118 134 127 127 127 128 128 128 129 129 130 131 131 131
 132 132 132 133 132 132 132 132 132 132 132 132 132 132 132 132 132 132
 132 132 130 133 127 132 129 128 129 102]","[ 34  28  27  35  36  16  29  88  80  70  62  60  60  57  56  57  55  58
  62  64  70  84 106 123 130 130 130 131 131 131 132 132 133 133 133 134
 134 135 135 135 134 134 134 134 134 134 134 134 134 134 134 134 134 134
 134 134 132 135 129 134 132 130 132 104]","[ 24  23  20  15  19  15  30  82  70  61  52  51  50  48  46  48  48  50
  52  52  54  63  82 100 101 102 102 102 103 103 103 104 104 104 104 104
 105 105 105 106 105 105 105 105 105 105 105 105 105 105 105 105 105 105
 105 105 103 106 100 105 103 101 103  75]"
