"[28 29 30 30 30 28 29 30 29 29 29 30 29 29 29 29 29 29 29 29 29 29 29 30
 29 28 28 29 30 30 29 28 28 28 28 29 29 30 30 30 29 29 29 29 29 29 29 29
 28 28 29 29 29 29 30 30 30 30 30 30 29 29 29 29 29 29 29 29 29 29 29 29
 30 29 29 29 29 29 29 29 29 29 29 29 29 29 29 29 29 29 29 29 29 29 29 29
 29 29 29 29 29 29 29 29 29 29 29 29 29 29 29 29 29 29 29 29 29 29 29 29
 28 28 29 30 29 29 29 29 30 29 29 29 30 29 29 29 29 29 29 29 29 29 29 29
 28 29 29 29 29 29 29 30 28 30 30 29 29 30 29 27 29 31 30 30 29 30 30 29
 29 29 29 29 29 29 29 29 29 29 29 29 29 29 29 29 29 30 29 28 29 29 29 30
 29 29 29 29 30 30 30 30]"
"[30 31 26 28 29 28 29 28 29 29 29 29 29 29 29 29 28 28 28 28 28 28 28 29
 30 29 29 30 30 30 29 29 30 30 30 30 29 29 28 28 28 29 29 29 29 29 29 29
 30 30 29 29 29 29 29 29 29 29 29 29 29 29 29 29 29 29 29 29 29 29 29 29
 30 29 29 29 29 29 29 29 29 29 29 29 29 29 29 29 29 29 29 29 29 29 29 29
 29 29 29 29 29 29 29 29 29 29 29 29 29 29 29 29 29 29 29 29 29 29 29 29
 29 30 30 29 29 28 29 29 30 29 29 29 30 30 30 30 29 29 29 29 29 29 29 29
 29 29 29 29 29 28 28 28 30 30 30 29 30 30 30 29 28 29 29 29 29 30 30 30
 29 29 29 30 30 30 30 29 29 29 29 29 29 29 29 29 29 30 30 29 30 30 28 28
 29 30 28 29 29 28 30 28]"
"[29 28 13 10 10  9 10 11 11 10 10  8  8  7  8  8  9  9  9  8  9  9  9  9
  9  9  9  8  8  7  7  8  8  9  9  9  8  7  7  7  7  7  7  7  7  7  7  7
  7  7  7  7  7  7  7  7  7  7  7  7  7  7  7  7  7  7  7  7  7  7  7  7
  7  7  7  7  7  7  7  7  7  7  7  7  7  7  7  7  7  7  7  7  7  7  7  7
  7  7  7  7  7  7  7  7  7  7  7  7  7  7  7  7  7  7  7  7  7  7  7  7
  7  7  7  7  7  7  7  7  7  7  7  7  7  7  7  7  9 10 10 10 10 10 10 10
 10 11 11 11 10  9  8  9  9  8  8  9  9  9  9 10 11 12 12 13 14 15 15 14
 12 12 12 12 13 13 12 11 16 15 15 16 16 17 16 16 18 17 16 16 16 16 17 19
 19 35 45 56 59 55 49 31]"
"[29 31  8  9  9  9  8  8  9 10 10 10  9  9  9  9  8  8  8  8  8  7  6  6
  7  7  8  7  7  7  8  9  7  8  9  9  8  8  8  9  8  8  8  7  6  5  5  5
  4  4  4  3  4  4  4  4  4  4  3  3  4  4  4  3  1  1  2  2  2  2  3  3
  4  4  4  4  4  3  3  4  3  3  3  2  2  3  3  3  2  2  2  2  2  2  2  2
  2  2  2  2  2  2  2  3  3  3  3  3  3  3  3  2  3  3  4  4  4  4  4  4
  4  4  4  3  3  3  4  5  6  5  5  4  6  7  8  9  8  9  9  9  9  9  9  9
 10 10 10  9  8  8  7  6  8  7  8 10 11 10 11 13 12 12 13 14 16 17 17 16
 13 13 13 14 14 14 12 10 16 16 16 16 17 17 17 16 18 17 17 17 15 16 21 25
 40 56 57 57 55 54 51 28]"
"[28 30  9 12 13 12 11 10  9 10 10  9  9  9  8  9  9  9  9  9  9  9  7  6
  7  7  7  6  6  6  6  7  6  7  7  7  6  6  8  9  9  9  8  6  5  4  4  5
  4  4  4  5  5  5  5  4  4  4  4  4  4  4  4  3  2  2  2  2  2  3  3  3
  3  4  4  4  3  3  3  3  3  3  2  1  2  2  3  4  3  2  2  2  2  2  2  2
  2  2  2  3  3  3  3  2  3  3  4  4  4  3  3  3  4  4  4  4  4  4  4  3
  2  3  3  2  2  2  3  4  4  5  5  5  7  9 10  9 10 10 10 10 10 10 10 11
 10 10  9  9  9  9  8  8  6  7  9 11 11 10 11 13 13 12 12 14 16 17 17 16
 17 17 17 17 17 16 14 12 15 15 15 16 16 16 16 15 16 16 18 18 15 19 28 34
 49 60 59 58 53 51 50 28]"
"[30 30 12 11 11 11 10 10 11 11 11 10 10 10 10 10  9  9  9  9  9  8  7  6
  9  9  9  8  8  7  8  8  8  9  9  8  6  6  7  8  8  7  6  5  5  5  5  5
  5  5  6  6  6  5  5  4  5  5  5  5  4  4  4  4  2  2  2  2  2  2  3  3
  3  3  3  3  3  3  3  3  3  3  2  1  2  3  4  4  3  3  3  3  3  3  2  2
  1  2  2  3  3  3  2  2  4  4  4  4  4  4  4  4  4  4  4  3  3  3  3  2
  3  3  3  3  3  3  3  3  3  5  5  6  7 10 10 10  9 10 10  9  8  8  9 10
  8  8  7  7  8  8  8  8  8  9 11 13 13 12 12 13 12 12 11 13 14 15 15 15
 16 16 16 16 16 14 13 11 15 15 15 16 16 16 15 15 17 16 18 19 19 30 45 52
 57 58 53 52 46 43 44 29]"
"[30 26 14 10 10 12 13 14 11 11 10  9 10 10 10 10 12 11 10 10 10 10  9  7
  8  8  8  8  8  8  8  8  8  8  7  6  6  6  6  6  7  6  5  5  5  6  5  5
  6  6  6  6  5  5  5  5  5  6  6  6  5  4  4  5  2  2  2  2  2  2  2  3
  3  3  3  3  3  3  3  3  3  3  2  2  2  2  3  3  2  2  3  3  4  3  3  2
  1  2  2  2  2  2  2  2  3  3  4  4  4  4  4  4  3  3  3  3  3  2  2  2
  3  3  4  4  3  3  4  4  5  6  7  7  8 10 10  9 10 10 11 10  9  8  9  9
  8  8  8  8  9  9  9  9  8  8  9 10 12 13 12 10 12 12 12 15 16 16 16 16
 16 16 16 16 15 15 13 13 15 16 17 17 16 16 16 16 19 19 23 28 33 46 58 60
 56 53 52 52 49 49 47 32]"
"[31 26 20 17 18 17 16 13 14 13 12 11 10 11 12 13 13 11 10  9 10 10  9  8
  9  9  9 10 11 12 12 11 10  9  9  9  9  9  9  8  7  6  6  5  5  6  5  4
  6  6  6  5  6  6  6  7  6  7  7  7  5  4  5  6  4  4  4  3  3  3  4  4
  4  3  3  4  5  5  4  3  3  3  3  3  3  2  2  2  1  2  3  4  4  4  3  3
  3  3  3  3  3  4  4  4  3  3  3  4  4  4  4  4  3  3  3  3  3  3  3  3
  2  3  3  3  3  4  5  5  8  9  9  8  9 11 11  9  9 10 10 10  9  8  8  8
  8  8  8  9 10 10  9  8  9  9  8  9 13 17 15 12 11 10 12 15 16 16 15 16
 16 16 16 16 16 15 15 14 16 17 18 18 17 16 17 17 18 21 32 42 49 58 60 51
 53 52 52 48 46 52 47 28]"
"[30 28 37 35 24 26 22 23 17 17 16 13 16 17 16 16 15 12 10 11 13 12 10  9
  9  9 10 11 12 12 12 13 12 10  9  8  9 10 10  8  9  9  8  7  8  8  7  6
  7  7  7  7  8  8  7  5  5  6  7  7  6  5  4  4  5  4  4  4  4  4  5  6
  5  5  5  5  4  3  4  5  4  4  4  4  4  3  2  2  2  2  3  3  4  4  5  5
  4  4  4  4  4  4  4  4  4  3  3  4  4  4  4  4  4  4  4  4  4  4  4  4
  3  3  4  5  5  5  6  6  8  8  8  9  9 10 10 10  9 10 10 11  9  8  8  9
  8  8  8  8  8  9 11 11 10 10  9 10 13 16 14 10 10 11 12 14 15 15 15 15
 13 13 14 15 16 16 16 16 17 16 17 17 17 19 20 19 25 32 43 53 57 56 53 50
 54 54 53 50 47 50 52 29]"
"[30 29 32 33 28 33 32 33 29 28 24 19 15 16 19 21 16 14 13 13 14 12 10  9
 12 12 13 13 12 11 10 10 10 11 12 12 11 10  8  6  9  9  8  8  8  8  8  8
  9  9  8  8  9 10  9  8  5  5  6  6  5  5  5  5  6  5  5  4  4  5  6  6
  5  5  5  6  6  5  5  5  5  4  4  4  4  3  2  1  2  2  2  2  3  3  4  4
  4  4  4  4  4  4  4  4  4  3  3  3  4  4  4  4  3  3  3  4  4  4  4  4
  3  4  5  5  5  5  6  7  6  7  7  8  8  9  9 10 10 10 10 10  8  7  7  8
  8  8  8  8 10 11 12 12 11 11 11 12 14 14 12 10 10  9 10 12 14 14 15 16
 15 15 15 16 16 16 16 16 16 15 17 18 17 19 23 25 34 42 52 57 57 54 51 50
 49 49 51 50 50 52 52 29]"
"[29 29 23 24 25 30 31 32 32 34 38 37 31 30 30 28 27 24 19 14 12 12 13 14
 14 14 12 12 12 12 12 12 11 11 12 13 12 11 12 14  8  8  8  9  9  9 10 11
  9  9  8  8  8  9  9  8  7  6  5  5  6  6  7  7  6  6  5  5  5  5  5  6
  5  5  5  6  7  6  5  6  5  5  5  5  4  4  3  2  2  2  2  2  3  3  3  3
  3  3  3  3  3  3  3  3  4  4  3  3  3  4  4  4  2  2  3  3  3  3  3  3
  3  4  4  4  4  5  5  6  6  6  6  7  7  8  9  9 10 10  9  8  7  6  6  7
  8  8  8  9 11 13 13 13 13 12 13 14 14 13 11 11 10 10 11 12 14 14 16 17
 16 15 15 15 16 15 15 15 14 14 16 16 14 18 29 37 46 51 55 56 54 53 51 49
 47 46 48 51 52 53 52 29]"
"[29 30 15 16 19 20 23 23 22 20 23 26 24 27 29 26 31 32 31 27 24 23 23 21
 21 19 16 15 16 15 15 15 11 11 13 15 14 12 12 14 12 11 11 11 11  9  9 10
  9  9  8  7  8  9  9  8 10  8  7  7  7  8  8  8  7  6  6  5  5  5  4  4
  5  4  5  6  7  6  5  5  6  6  5  5  5  5  4  3  3  3  3  4  4  4  4  3
  3  3  4  4  4  3  3  3  4  4  3  3  4  4  3  3  3  3  3  3  3  3  2  2
  3  4  4  4  4  4  5  5  7  7  7  7  7  7  8  8  9  9  8  8  7  6  6  7
  8  7  8 10 11 12 13 13 13 13 14 16 15 13 13 14 13 13 13 14 15 15 15 16
 16 15 14 15 15 15 15 15 18 17 17 18 19 27 42 53 54 55 54 52 51 51 50 48
 48 46 47 49 50 51 51 29]"
"[29 31 14 14 17 17 20 20 21 15 15 17 16 21 25 23 21 24 25 25 25 27 28 29
 31 28 24 24 24 24 22 20 22 19 17 17 16 12 12 12 11 11 11 12 11 11 10 10
  8  9  8  9 10 10 10  9 11 10  9  9  9  9  9  8  8  8  7  7  7  6  4  4
  5  5  5  6  6  6  5  5  6  6  5  6  6  6  5  4  4  4  4  4  4  4  4  4
  4  4  4  4  4  4  4  4  4  4  4  4  4  4  3  3  3  3  3  3  3  3  2  2
  4  4  5  5  5  5  6  6  8  8  7  7  7  7  8  8  8  8  8  9  8  7  7  7
  7  7  8 10 10 10 11 13 14 14 15 16 15 14 14 16 15 15 16 16 16 15 15 15
 16 16 15 15 15 15 15 16 16 14 16 22 30 40 49 54 54 56 57 53 49 48 49 50
 49 48 49 50 49 50 50 29]"
"[29 31 16 15 17 17 17 17 16 14 16 17 14 14 16 15 21 21 20 19 20 23 28 31
 27 25 24 27 30 30 28 26 29 26 23 23 23 19 15 13 15 15 13 12 12 12 11  9
  8  9  9  9  9 10 10  9 10 10 10 10 10  9  9  9  9  9  8  8  8  8  7  6
  7  6  6  7  7  6  5  5  6  6  6  6  6  6  6  5  4  4  4  5  5  5  4  4
  4  4  4  5  5  5  4  4  4  4  4  5  5  5  3  2  3  3  3  3  3  3  3  3
  4  4  4  4  4  5  5  6  8  8  8  8  8  8  8  8  8  8  8  9  8  7  7  7
  8  8  9 10 10  9 11 13 16 16 16 16 15 15 15 16 15 15 16 16 16 15 15 15
 17 17 17 16 15 14 14 16 19 18 25 37 51 59 58 53 50 51 52 52 51 51 51 51
 50 50 53 54 52 52 52 30]"
"[29 29 16 15 15 15 15 15 15 14 14 14 12 11 11 14 14 15 16 17 17 16 16 16
 17 17 18 22 25 26 26 26 30 31 34 38 40 37 30 24 27 26 23 19 19 20 17 13
 13 13 12 11 10 10 10 10 10 11 12 11  9  8  9 10 10  9  8  8  9  9  9  8
  9  8  8  7  7  6  5  6  6  6  6  6  6  6  5  5  4  4  5  5  5  5  5  4
  4  4  5  5  5  5  5  5  5  5  5  5  5  5  4  3  4  3  3  3  3  3  4  4
  3  3  4  4  4  4  5  6  8  8  8  8  8  7  7  7  8  7  7  8  8  8  8  8
 10  9 10 11 11 11 12 15 16 16 16 16 16 16 16 15 14 14 15 16 16 16 15 16
 17 17 18 18 16 14 15 16 18 24 35 48 57 61 57 49 47 45 45 48 51 51 50 50
 50 51 54 53 53 54 53 30]"
"[29 27 17 15 15 17 16 16 15 15 13 14 13 12  9 11 13 13 13 15 16 15 15 16
 17 16 16 17 17 17 18 19 23 22 20 21 24 28 29 27 30 30 27 26 30 36 36 32
 21 20 18 15 13 13 13 12 11 12 13 12  9  7  8 10 10  9  7  7  9 10 10 10
  9  9  8  7  6  5  5  7  6  6  6  6  6  5  5  4  4  4  5  5  5  5  5  5
  4  4  4  5  5  5  5  5  5  5  5  5  5  5  4  4  5  4  3  3  2  3  3  4
  3  4  4  4  4  4  5  6  8  8  8  8  7  7  6  6  7  6  7  7  8  8  9 10
 12 10 10 12 13 13 14 16 15 16 16 16 16 17 16 14 14 14 14 15 16 16 16 17
 17 18 20 19 17 15 16 19 19 31 46 54 55 56 55 51 48 45 45 47 47 46 47 50
 49 50 51 50 50 53 53 28]"
"[29 31 15 15 16 16 16 15 17 16 14 13 12 12 12 12 12 13 14 13 13 14 15 15
 18 17 16 15 16 16 16 16 16 15 15 16 17 18 19 21 24 24 25 26 29 32 33 33
 33 35 32 26 23 23 22 18 16 15 13 10 10 10 10 11  8 10  9  9 10 10 11 13
  9 10 10  8  8  9  9  8  9  7  7  6  6  5  5  5  6  6  6  6  6  6  6  6
  5  5  5  5  6  6  5  4  5  5  5  5  5  6  5  5  6  5  4  3  3  3  4  4
  4  4  4  4  4  6  7  7  8  8  8  7  7  6  6  6  9  8  7  7  9 10 10 10
 10 12 13 13 12 13 14 15 16 16 17 17 17 16 16 15 15 14 15 15 15 15 15 16
 18 16 16 18 18 18 22 27 41 50 53 49 48 51 52 50 46 46 46 46 47 46 47 47
 48 49 49 49 50 52 54 28]"
"[28 30 15 15 15 16 17 17 15 16 15 15 13 12 12 12 13 14 15 14 13 13 14 14
 16 15 14 14 14 15 15 15 15 14 14 15 15 15 15 15 16 17 19 20 22 24 24 24
 24 28 30 27 27 30 32 31 27 30 27 21 14 12 13 17 11 11  9  9 10 10  9 11
 13 13 12 11 10 10  9  8 11 10  9  9  9  8  8  9  7  6  5  6  7  8  8  7
  5  5  5  5  5  5  4  4  5  5  5  6  6  6  5  5  6  6  5  5  5  5  5  5
  4  4  4  4  5  6  7  6  8  8  8  8  8  8  7  7  8  8  7  8  9 10 10 10
 12 13 13 13 12 13 14 15 15 16 16 16 16 15 15 14 13 13 15 16 17 16 16 16
 16 16 17 18 20 24 32 40 52 53 49 42 39 43 47 47 47 46 45 46 45 44 45 46
 45 46 47 49 51 54 56 30]"
"[29 30 18 17 16 15 16 17 17 17 18 16 15 13 13 13 14 15 15 14 13 12 12 12
 14 13 13 13 13 14 15 15 14 13 13 14 14 12 11 11 11 13 14 16 16 16 16 15
 15 20 23 23 24 27 30 30 28 33 37 36 33 27 21 20 21 21 18 17 17 14 12 12
 12 12 11 10 10 12 12 12  9  8  9  9  9  8  8  9  8  6  5  5  7  9  9  8
  6  6  6  5  5  4  4  4  5  5  5  5  5  5  5  5  5  5  5  5  6  6  5  5
  5  5  5  4  5  6  6  5  6  6  7  7  8  8  7  6  8  8  8  9 10 11 11 11
 12 13 13 12 11 12 14 14 15 15 15 15 15 15 14 14 13 13 14 16 17 17 16 16
 15 17 19 22 27 34 43 49 49 47 46 43 40 44 48 46 48 45 44 45 46 45 46 48
 47 48 49 50 52 55 56 30]"
"[28 29 21 18 18 17 17 16 19 20 20 19 16 15 15 15 15 15 16 15 13 12 11 12
 13 13 13 13 14 14 14 14 13 13 13 13 14 12 11 11 10 11 12 14 14 12 12 11
 12 14 16 16 16 17 18 17 20 22 22 24 28 28 25 23 24 24 23 24 24 21 17 16
 15 15 15 14 11 11 11 12 12 10  9  9  9  9  9  9  8  7  6  6  8  9  8  7
  6  7  7  7  7  6  6  6  6  5  4  4  5  5  6  5  6  5  4  5  6  6  6  5
  5  5  5  5  5  6  6  5  5  4  4  5  7  7  7  6  8  8  9 10 10 11 12 13
 12 13 12 12 12 13 14 14 14 15 15 15 15 15 14 14 16 15 14 15 16 16 16 16
 16 20 25 32 41 49 51 49 45 43 47 49 45 46 47 42 47 46 46 46 48 49 51 52
 50 51 51 51 52 53 54 29]"
"[30 28 23 20 21 20 21 20 23 21 20 18 18 17 16 15 16 16 16 16 15 13 12 13
 13 13 14 14 14 13 14 13 13 12 13 13 14 13 12 11 10 10 12 13 12 10  9 10
 11 12 12 12 13 13 12 10 12 14 12 11 14 16 19 23 24 24 25 27 31 30 27 27
 26 29 31 29 24 19 16 15 18 15 12 11 11 10  9  9  9  9  9  8  8  8  8  7
  6  7  8  9  8  8  8  8  8  7  6  5  6  6  7  7  7  6  5  4  5  6  7  7
  5  5  5  5  6  6  6  5  5  4  4  5  7  8  8  8  9  9 10 10 10 11 12 14
 13 13 13 12 12 13 13 13 13 14 15 15 16 16 16 16 18 17 16 16 16 16 17 17
 19 26 36 44 52 57 54 47 44 42 46 48 44 43 45 42 46 48 49 48 50 54 55 53
 49 51 51 51 50 52 54 30]"
"[31 27 24 20 21 21 23 21 24 23 20 19 19 19 18 17 17 17 17 17 16 14 14 15
 13 14 14 14 13 13 12 12 13 13 13 14 14 12 12 12 11 11 12 13 12 10  9 10
 12 11 11 12 13 12 11 10 10 13 14 13 13 13 13 16 15 15 15 17 21 23 22 23
 26 28 31 31 28 26 27 30 25 21 18 16 15 14 13 12 12 12 11 11 10  9  8  8
  7  8  9  9  9  9  9  8  9  8  6  6  6  7  8  8  8  7  5  5  5  6  6  6
  6  6  6  5  6  6  6  5  5  5  4  5  7  8  9  9 10 10 10 10  9 10 12 13
 12 12 12 11 12 13 12 11 12 13 14 15 17 17 18 18 16 16 17 17 17 18 19 21
 27 37 47 51 52 53 50 45 41 40 44 46 44 44 46 46 48 50 50 50 52 54 54 52
 52 53 52 51 51 52 55 30]"
"[30 26 28 24 25 25 26 24 25 24 22 22 22 21 20 19 20 18 18 19 19 17 16 17
 15 15 15 14 13 13 13 14 13 14 15 15 14 12 12 13 14 12 13 14 14 12 11 12
 13 12 12 13 13 11 10 10 12 13 12 11 12 12 11 12 13 12 11 12 15 16 15 16
 14 15 16 17 17 19 24 29 25 23 21 20 20 19 19 20 17 16 15 14 14 13 12 11
 11 10 10 10  9  9  9  9  9  8  7  7  7  7  8  7  7  7  7  7  7  6  6  5
  7  7  7  6  6  6  6  5  5  5  5  6  7  8  9  9 11 11 11 11 11 11 12 13
 11 11 10 10 11 13 13 12 13 13 14 15 16 17 17 17 15 16 17 18 18 21 26 30
 37 45 50 50 48 47 45 43 43 44 46 48 48 47 47 48 50 49 49 51 53 53 53 53
 55 55 54 53 52 54 55 29]"
"[30 30 38 36 39 37 38 36 25 24 25 24 24 23 22 23 23 21 21 22 22 20 19 20
 16 16 15 14 14 14 15 16 14 15 16 16 15 13 13 13 15 14 14 16 16 14 13 13
 13 12 13 14 13 10 10 11 11 13 12 11 12 12 10 11  9 10  9 11 13 12 10 11
 14 13 14 14 13 12 13 15 16 16 17 17 17 18 20 22 22 20 18 18 18 18 16 15
 15 13 11 10 10  9  9  9  9  9  8  8  8  8  8  8  8  8  9 10  9  8  6  5
  9  9  7  6  6  6  6  5  5  6  6  7  8  8  9 10 10 11 11 12 13 13 14 15
 11 10 10 10 13 15 16 15 14 14 15 15 16 16 15 15 16 17 17 18 19 24 33 40
 43 46 48 47 46 46 46 45 44 46 47 48 50 52 52 53 51 47 47 52 54 52 52 55
 55 54 52 53 54 56 56 29]"
"[29 30 56 55 56 51 51 51 44 40 41 26 31 38 32 28 26 28 24 25 22 24 22 23
 16 16 17 18 16 14 15 15 15 17 18 16 15 14 15 16 15 15 13 14 16 15 14 16
 16 14 12 12 11  9  9 12 10 10 12 13 12 10 10 10 10  9  9 10 11 12 11 10
 11 11 11 12 12 13 13 13 11 12 14 15 15 16 17 17 19 18 17 18 19 19 19 18
 17 16 16 16 14 12 11 12  9  9  9  9  8 10  8  8  7  9 10 10  9  8  7  7
  8  8  8  7  7  7  7  8  6  7  8  8  8  8  9 11 12 13 13 12 12 13 14 14
 12 11 10 11 12 14 16 16 15 16 16 15 13 13 15 17 16 17 19 20 24 32 41 47
 47 45 48 49 44 42 45 45 46 48 48 47 50 55 54 50 48 50 50 52 53 51 50 52
 56 56 55 54 53 56 57 28]"
"[29 30 75 73 71 68 66 63 62 63 65 56 57 58 49 44 39 38 33 28 22 20 19 20
 23 20 19 21 22 21 19 17 16 17 17 18 18 17 15 13 16 16 14 14 16 16 16 16
 14 14 15 16 15 13 13 14 11 11 10 11 11 10 10 10 12 12 11 12 12 12 12 11
 11 11 11 12 13 13 12 12 10 10 10 10 11 13 14 14 15 14 14 14 15 17 17 17
 17 16 16 17 18 17 16 17 13 14 14 13 12 11 11 11 10 10 10  9  9  9  9 10
  9  9  9  8  7  7  7  8  7  8  8  8  8  8  8  9 12 12 12 12 14 15 14 12
 13 13 12 12 12 13 14 15 14 15 16 15 13 12 13 16 17 21 24 27 34 44 48 47
 47 46 46 45 43 42 44 45 46 47 48 48 51 54 53 50 49 53 54 54 54 51 50 52
 57 58 57 57 56 58 58 28]"
"[29 31 94 88 84 83 82 81 73 77 76 72 70 70 66 64 63 60 56 51 49 48 52 54
 43 39 37 36 31 26 22 20 21 21 24 23 18 17 20 19 16 19 20 18 19 18 17 16
 17 18 18 16 15 12 13 13 13 11 10 10 12 13 13 13 15 15 14 14 13 12 12 12
 10 11 12 12 12 11 11 11 10  9  7  7  8 10 11 12 11 10 10 10 11 12 13 14
 14 13 13 15 17 17 17 17 16 17 18 17 15 14 14 15 14 14 13 12 11 10 10 10
 10  9  9  9  8  8  8  8  8  9  9  9  9  9  8  8 11 12 14 15 15 16 14 13
 15 15 15 14 13 13 13 14 15 15 17 18 17 15 15 17 21 22 28 38 46 48 48 48
 48 49 46 43 43 43 44 45 46 47 49 51 52 52 51 49 50 56 59 57 55 53 52 54
 56 57 58 59 58 59 58 28]"
"[28 27 85 81 80 82 81 85 83 87 79 81 79 81 83 83 80 74 71 66 69 68 72 72
 63 59 57 55 48 40 36 34 30 22 21 22 21 22 21 14 16 21 21 17 17 19 20 20
 17 19 19 17 15 15 16 17 14 12 11 12 14 15 14 14 16 16 16 15 13 12 12 12
 11 12 12 12 11 10 10 10 11 10  8  8  9 10 11 11 11 10 10  9  9 10 10 10
 11 12 11 12 12 12 12 12 15 15 15 15 15 15 16 17 17 17 16 16 14 13 11 10
 10 10 10  9  9  9  9  8  8  8  9 10 10 10  9  8 10 13 16 16 14 13 15 16
 16 16 17 16 14 13 14 15 15 14 15 18 19 17 16 17 23 28 37 47 49 46 45 47
 47 51 48 44 44 45 44 45 46 48 51 54 54 51 50 49 50 57 59 57 54 53 53 54
 55 56 58 59 58 60 59 29]"
"[32 30 72 74 79 80 76 81 81 84 77 82 82 82 82 81 88 83 81 76 77 74 76 75
 70 65 64 66 65 62 60 58 53 47 48 51 48 45 41 32 32 31 23 16 15 19 18 17
 17 19 19 17 16 15 16 16 18 17 17 18 18 17 16 15 15 16 16 15 14 14 13 13
 13 13 13 12 11 10 10 10 10 11 11 11 10 10 10 11 11 11 11 10 10 10 10 10
 10 11 11 11 10 10 11 11 11 11 10 11 13 14 15 15 14 15 15 15 15 15 14 13
 12 12 12 11 11 10  9  9  7  8  9 10 11 11 10 10  9 12 15 13 11 12 14 16
 15 16 16 16 14 14 15 17 16 15 15 17 17 16 19 24 29 40 49 49 47 48 47 44
 45 51 51 46 46 46 45 46 47 49 52 54 54 51 49 49 50 55 56 54 52 52 51 52
 55 56 57 58 58 60 60 30]"
"[29 30 66 70 72 68 66 72 77 80 75 79 81 80 80 77 79 79 80 78 77 74 77 79
 81 78 79 82 81 79 80 82 71 72 75 74 66 61 61 60 58 54 43 36 37 38 33 26
 19 18 16 15 15 17 19 21 20 20 19 20 20 19 17 17 15 15 16 16 15 15 15 15
 14 15 13 12 11 11 10 11 10 11 12 12 12 11 10 10 10 10 10 10 10 11 11 11
  9 10 11 10 10 10 11 12 10 10  9 10 11 12 12 12 12 12 12 12 12 12 13 13
 13 14 14 13 12 10 10  9  8  9 10 11 12 12 12 13 12 11 11 10 11 13 14 14
 14 15 15 15 14 14 15 17 16 16 17 16 15 17 25 35 40 46 50 49 48 49 48 45
 45 51 52 50 48 48 48 47 47 49 51 53 53 51 50 50 52 55 55 53 53 52 51 52
 56 56 57 57 57 59 59 29]"
"[28 30 72 72 69 63 64 68 71 72 71 69 72 72 74 73 73 73 73 75 74 75 76 80
 79 77 79 81 76 73 77 82 81 77 74 74 74 73 71 71 72 72 69 66 68 69 65 61
 48 43 37 33 30 27 25 26 28 25 22 21 20 20 19 19 17 17 18 18 18 17 16 15
 14 14 13 13 13 13 12 12 11 12 13 13 13 12 11 11 10  9  8  8  9 10 10  9
  8  9  9  9  9 10 11 11  9  8  8  9 10 11 10 10 12 12 12 11 10 10 10 10
 12 13 14 13 11 10 10 10 10 11 12 12 12 12 13 13 12 11 10  9 11 13 14 13
 14 15 16 16 15 14 15 16 14 14 14 15 18 25 35 42 47 44 44 46 47 46 46 47
 46 49 52 51 49 50 50 49 48 49 50 52 53 53 53 52 54 56 55 55 55 54 53 55
 56 57 57 57 56 58 58 29]"
"[31 26 72 68 66 63 65 62 67 69 70 64 66 65 68 70 71 68 65 70 72 76 74 76
 73 70 71 74 73 72 76 80 77 76 74 76 78 76 75 77 73 77 77 74 73 74 77 80
 66 62 61 62 61 56 51 49 46 41 35 31 28 26 25 24 20 20 21 20 19 18 16 15
 16 15 15 15 16 16 15 14 14 14 13 13 14 14 13 12 12 10  9  8  9  9  9  8
  9  9  9  8  9 11 11  9  8  9 10 10 10 10  9  9 10 11 13 13 12 10  9  9
  9 10 12 12 11  9 10 11 10 11 12 12 11 11 11 12  9 10 10 10 10 11 12 12
 14 16 17 17 16 15 15 16 17 15 15 20 30 40 47 49 45 44 42 41 42 44 46 45
 47 47 50 50 48 50 51 49 48 49 50 51 53 56 55 54 54 56 56 56 57 56 55 57
 57 57 58 58 57 60 60 31]"
"[30 29 66 66 64 65 65 65 64 64 66 65 63 64 67 67 69 62 59 63 68 70 71 72
 68 64 65 68 66 64 67 72 72 68 69 72 72 71 74 76 72 75 74 73 77 79 78 78
 76 74 71 67 70 75 73 72 73 66 68 61 55 64 62 50 42 33 24 23 19 17 20 19
 17 15 17 17 17 16 15 18 16 15 15 16 14 15 14 14 15 13 12  9 11  9 10  8
  9  9  8  9 10 10  8  9  8 10 11 10  9 10 10  9 10 10 10 10 11 10  9  8
  9  9 10 12 12  9  8  9  8  8  9  9  9  9 10 12 13 11 10 12 13 14 13 14
 11 15 16 15 16 15 14 17 19 19 20 32 48 50 47 49 49 45 42 41 42 44 45 45
 45 48 49 48 50 51 51 52 48 47 49 49 46 48 52 55 55 54 54 54 55 56 57 59
 61 57 57 62 59 60 62 28]"
"[29 28 66 65 63 63 64 65 64 64 65 66 67 67 67 68 69 64 61 63 65 67 67 68
 66 65 66 67 65 64 64 64 66 62 62 65 66 67 69 70 69 70 68 66 68 71 73 73
 73 71 70 70 77 85 83 83 76 71 74 71 67 72 71 64 57 55 50 49 46 42 42 39
 31 25 23 22 21 19 15 18 16 17 16 17 13 15 16 16 15 14 14 11 12 12 13 13
 11 11  9 10 10 10 10 11 10 10 10  9  9  9 10  9 10 10 10 10 11 11 10 10
  9  9 10 10 10  9  9 10  9  8  8  8  8  8  8  9  9  8  9 11 13 14 14 14
 12 14 14 14 17 17 15 17 16 25 33 42 49 46 44 48 45 44 43 44 44 43 44 46
 44 47 48 48 51 52 52 53 47 48 50 49 44 44 49 52 55 55 55 55 55 55 58 60
 60 59 60 64 61 61 62 29]"
"[28 29 67 65 61 61 62 65 64 65 64 66 69 67 64 65 67 65 63 62 62 62 63 64
 63 64 65 64 63 65 64 59 64 61 60 61 62 64 65 64 65 65 65 64 64 67 68 67
 67 65 66 69 78 84 79 78 73 70 72 72 71 73 74 74 68 69 66 67 72 72 68 60
 58 49 44 42 41 38 32 32 17 18 17 18 15 18 17 15 12 15 18 16 18 15 15 15
 13 13 11 10  9  9 10 11 11 10 10 10 11 10 10 10 10  9  9  9  9 10 10 10
 10 11 10 10  9 10 10 10 10  8  7  8  9  8  7  7  9  9 10 12 13 12 11 12
 17 18 16 16 16 15 15 19 28 38 46 47 45 40 40 46 42 42 43 46 46 44 43 44
 44 46 47 48 51 53 53 53 52 50 51 51 50 51 54 54 55 55 56 56 56 56 57 59
 59 61 60 62 61 60 60 29]"
"[29 29 67 65 61 61 62 64 65 66 64 65 69 64 58 62 65 65 64 61 59 61 62 63
 62 62 62 61 61 64 65 62 63 60 59 60 61 64 64 61 63 62 64 64 62 64 66 63
 64 61 62 64 69 71 67 66 67 65 65 65 67 68 69 72 77 81 75 74 80 83 77 68
 67 61 59 58 61 63 59 57 50 46 42 45 42 41 34 27 20 19 17 12 16 15 16 17
 15 14 13 11  9 10 12 13 11 10 10 12 13 11 10 11 11 10  9  8  9  9  9 10
 11 12 12 10  9 10 11 11  9  8  8  9  9  9  8  7 10 11 12 13 12 10 10 11
 14 16 17 16 15 17 24 31 43 48 49 46 42 38 38 41 40 38 39 44 48 47 44 43
 45 47 47 47 50 51 51 53 54 50 49 51 53 55 56 54 54 54 56 58 58 57 57 57
 60 62 59 59 59 59 59 29]"
"[29 29 67 66 63 63 63 64 65 66 64 65 67 62 57 61 66 66 64 60 59 60 62 62
 61 60 60 61 60 62 65 65 63 61 61 62 64 67 67 64 62 59 59 59 58 60 64 62
 63 61 60 59 62 64 63 66 65 65 62 62 65 64 64 65 64 72 70 68 73 77 78 75
 72 70 69 65 67 71 66 61 62 57 56 64 64 64 57 54 49 47 41 33 34 28 24 22
 19 17 17 15 13 14 16 14 13 12 12 14 15 14 14 15 13 12 10  9  9  9 10 10
 12 13 12 10  9 10 10  9  8  8  8  9  9  9  8  9  9 10 11 13 12 11 12 14
 13 13 15 15 16 23 33 40 45 47 46 44 43 41 38 36 37 36 38 44 48 48 47 46
 47 48 48 48 49 49 49 51 53 51 51 52 51 53 55 55 55 54 55 58 59 59 57 56
 61 63 59 59 60 62 61 29]"
"[29 28 66 66 65 65 65 65 65 66 65 66 67 63 61 65 66 66 63 60 58 59 59 59
 61 59 60 62 60 60 62 64 65 64 64 65 66 68 68 65 59 57 57 58 58 60 60 59
 58 59 61 59 61 63 62 65 64 66 62 62 63 61 60 57 57 63 62 60 61 63 64 62
 62 64 66 64 66 72 70 66 69 66 65 70 67 67 65 66 58 61 60 57 63 55 48 44
 31 27 26 23 19 18 18 12 17 15 13 13 14 15 15 15 12 11 10 10 10 11 11 10
 12 12 12 10  9  9  9  9 10  9 10 10 10  9  9  9  9  9 11 12 11 10 12 14
 16 15 16 19 24 34 40 40 44 44 43 42 41 41 39 37 39 41 44 45 44 44 46 48
 48 48 48 49 51 50 49 50 52 50 51 53 53 54 56 56 55 54 54 55 58 58 58 57
 59 61 59 61 62 65 64 29]"
"[29 28 65 65 64 65 65 65 64 65 65 66 66 65 65 65 64 64 63 61 59 58 58 58
 58 57 59 62 61 61 63 64 65 62 62 62 62 63 63 62 58 58 58 60 62 61 58 57
 55 57 59 57 60 63 60 61 64 64 60 61 60 56 56 53 52 54 55 58 59 60 62 59
 59 60 61 59 59 62 60 60 63 63 63 65 63 68 69 70 72 75 73 67 70 65 62 65
 61 56 54 51 45 44 40 32 28 25 20 19 20 21 18 15 12 12 12 13 13 13 13 12
 14 13 12 12 11 10 10 11 13 11 11 11 12 11 10 10 10 10 11 12 11 10 11 13
 15 16 21 27 35 46 48 40 42 41 41 41 39 39 40 40 43 47 48 45 42 42 45 48
 48 48 47 50 55 54 51 50 50 48 49 52 54 56 56 54 54 54 55 57 58 58 58 59
 59 60 61 62 62 65 66 28]"
"[31 29 66 65 63 63 64 65 64 63 65 65 64 65 65 64 63 63 63 63 61 59 59 60
 56 55 58 60 61 63 66 67 64 62 61 62 61 61 63 64 60 60 57 57 61 61 58 59
 59 58 56 51 55 62 62 62 66 63 58 60 57 53 56 55 52 54 58 61 56 54 58 57
 58 56 57 57 57 57 57 59 60 61 59 59 58 66 66 63 60 66 66 61 66 63 65 72
 72 67 66 65 60 59 55 45 48 44 39 36 38 37 30 22 15 15 15 16 17 16 16 15
 16 15 14 14 13 12 13 15 15 13 11 12 14 14 12 12 10 10 11 13 13 12 13 15
 16 20 28 34 40 48 46 36 38 37 40 42 41 40 41 40 44 46 46 43 42 45 48 48
 48 47 46 51 58 58 53 51 50 51 55 57 55 54 55 56 53 55 58 60 61 60 60 60
 61 62 62 63 60 65 67 29]"
"[30 28 66 66 65 66 66 66 64 65 66 68 67 64 64 65 63 62 62 64 65 65 63 61
 62 61 60 60 63 66 67 66 62 58 57 60 64 64 65 66 65 61 58 60 61 59 59 60
 59 61 58 55 59 61 62 65 66 63 59 57 57 58 57 56 58 59 56 56 57 54 53 57
 55 55 55 55 54 53 52 52 55 56 57 58 60 62 60 57 54 56 58 58 59 60 61 60
 59 58 60 64 64 59 56 58 59 60 59 58 57 54 47 40 39 35 35 34 29 27 24 19
 23 20 18 17 15 14 15 16 16 13 12 12 14 14 13 12 10 11 12 13 14 14 15 17
 18 25 33 38 41 42 39 36 38 39 40 41 41 42 43 44 44 44 46 47 47 46 47 50
 49 47 47 51 54 55 53 51 51 55 55 54 55 56 56 58 57 58 59 60 61 61 61 60
 61 65 65 64 66 67 69 28]"
"[28 28 68 71 71 70 66 65 67 67 69 70 68 64 63 63 63 63 63 64 65 65 64 63
 64 63 62 62 64 65 65 65 60 58 57 61 63 64 64 65 65 63 63 64 64 62 60 60
 63 66 63 58 60 62 62 63 64 63 61 59 56 56 57 59 57 58 57 58 60 56 53 55
 54 54 55 55 54 51 49 50 52 52 53 54 57 59 58 56 54 54 53 53 57 60 60 58
 54 53 56 60 60 55 53 54 57 57 57 57 57 57 56 55 57 49 47 49 46 40 38 40
 32 30 29 27 25 21 18 17 17 16 15 15 15 13 14 15 11 11 11 12 13 15 19 22
 29 34 38 38 38 39 40 39 42 43 45 44 43 43 44 44 44 45 48 50 50 49 49 50
 53 51 50 52 54 55 53 51 48 53 54 54 54 54 55 58 60 61 61 61 61 62 61 60
 61 65 64 63 66 68 70 29]"
"[30 28 68 71 70 69 67 68 70 70 71 71 68 65 63 64 65 65 65 65 65 65 65 64
 63 62 61 61 64 66 67 67 63 62 62 63 65 66 66 65 63 64 65 66 65 64 64 64
 63 66 65 62 62 62 59 58 59 59 59 58 56 56 58 61 59 58 57 58 60 57 53 52
 55 53 53 54 54 51 49 49 49 49 50 51 54 57 58 57 56 53 50 51 56 60 59 55
 51 51 54 57 56 51 49 50 50 51 54 57 56 53 53 55 61 56 53 56 56 50 49 54
 47 44 41 39 36 32 28 27 23 19 17 17 18 18 17 17 17 16 14 14 15 18 22 26
 31 36 38 35 34 38 41 42 43 45 45 44 44 45 44 42 43 45 48 51 52 51 51 52
 54 53 51 51 51 52 52 50 48 50 52 53 56 56 56 59 62 63 64 64 63 63 62 61
 62 65 64 64 67 69 70 29]"
"[31 28 66 69 68 67 66 68 71 71 72 72 69 66 65 67 66 65 64 65 66 66 65 64
 64 61 59 59 62 65 68 69 65 65 63 61 62 63 64 63 64 63 64 65 64 62 64 68
 63 62 60 61 63 63 60 58 59 57 56 57 59 60 61 60 60 59 58 58 58 56 54 54
 57 51 48 51 54 53 51 50 48 48 49 50 52 55 56 57 56 53 50 50 54 57 55 51
 51 52 53 54 52 47 46 47 45 47 50 52 50 47 46 47 53 55 53 51 52 52 49 50
 49 47 46 47 48 46 44 43 38 34 29 27 25 22 19 18 18 17 16 17 19 23 28 32
 31 35 36 33 32 36 39 39 41 42 41 40 42 45 43 39 43 44 46 49 50 51 53 54
 53 53 52 50 50 52 53 52 51 50 50 54 60 61 60 60 61 63 64 64 64 63 62 61
 64 66 64 64 67 67 69 29]"
"[29 28 68 71 70 67 65 65 69 69 71 72 70 67 66 67 66 65 64 65 67 68 67 65
 67 64 62 61 63 64 65 66 68 68 65 61 61 63 64 64 65 63 63 64 61 58 60 65
 67 59 55 59 63 65 64 64 62 60 59 60 62 64 63 61 61 61 61 60 58 58 58 58
 55 50 48 50 52 52 52 52 51 50 50 50 51 52 53 54 54 52 49 48 50 53 52 50
 50 51 52 51 47 44 44 46 47 48 48 46 45 46 47 47 49 54 52 46 46 47 44 42
 44 44 47 51 52 50 46 43 47 48 49 46 40 34 31 32 27 26 26 27 28 29 31 33
 37 39 37 33 31 34 36 34 39 41 42 39 39 42 42 40 43 44 46 47 48 50 52 54
 54 54 54 52 52 53 55 55 54 53 53 57 63 63 61 61 62 62 62 61 61 62 62 62
 64 65 64 64 65 64 66 28]"
"[28 29 69 71 70 69 66 66 67 68 71 73 72 69 66 66 68 67 66 68 70 71 70 69
 68 66 65 67 68 67 65 65 73 72 70 66 66 67 68 68 64 63 63 65 62 58 59 63
 65 58 56 63 67 67 65 63 59 60 61 62 62 63 64 64 63 64 66 65 60 58 58 57
 54 55 56 56 53 52 53 55 55 54 54 53 53 52 53 54 54 53 51 49 50 53 54 54
 49 50 50 48 46 45 46 47 49 50 48 45 44 47 48 48 47 48 46 44 42 41 40 41
 41 41 42 45 46 44 41 39 38 41 45 46 43 37 34 34 40 40 39 39 37 35 33 33
 38 38 35 33 33 37 39 38 42 46 48 44 41 42 45 46 43 45 47 47 46 47 49 50
 54 54 54 54 53 53 54 55 55 58 59 60 60 59 59 62 65 64 61 59 60 62 64 64
 65 65 63 64 65 63 65 28]"
"[29 30 68 68 68 70 71 71 70 70 72 73 73 70 69 69 71 71 71 72 73 73 72 72
 67 66 67 70 72 71 70 69 72 72 71 70 70 69 67 66 64 66 66 65 64 63 63 64
 61 59 61 66 66 66 64 59 55 58 61 62 61 61 63 64 63 63 65 64 59 57 57 55
 57 60 61 58 54 53 55 56 57 56 55 54 53 52 53 55 57 56 54 53 54 56 55 53
 48 49 49 47 45 45 47 48 47 48 48 47 46 45 45 45 43 41 43 44 42 39 39 40
 37 36 36 38 41 41 41 41 41 40 41 42 41 37 33 31 38 38 38 39 38 37 35 35
 35 34 33 33 36 39 41 43 45 47 47 46 44 45 47 50 45 47 47 45 44 45 47 48
 54 53 54 56 55 52 52 54 55 60 62 60 58 56 57 61 64 63 61 61 62 64 65 64
 66 64 62 64 66 65 67 29]"
"[28 30 69 68 68 73 74 74 75 73 72 73 73 72 72 73 73 74 75 74 73 72 71 72
 67 65 67 71 74 73 72 73 72 73 73 74 73 70 67 64 68 71 70 66 64 66 66 65
 62 62 64 64 61 63 64 60 59 60 62 62 62 61 61 61 58 58 61 61 56 57 58 56
 59 60 58 53 51 53 54 53 54 53 52 52 51 51 52 55 57 57 57 57 58 57 53 48
 44 46 46 44 43 44 45 45 47 46 45 46 45 43 43 46 43 42 46 48 44 41 41 39
 39 38 38 40 41 39 37 37 39 37 37 36 33 31 31 32 37 37 37 38 38 37 36 36
 36 35 34 35 37 37 39 41 46 43 41 42 45 48 48 48 48 49 48 44 42 44 48 51
 56 54 55 59 57 53 52 55 55 60 60 58 57 57 57 59 60 60 61 63 65 66 64 61
 65 62 59 62 67 66 68 29]"
"[30 27 75 68 71 72 73 75 73 72 71 72 73 74 74 74 75 75 74 74 74 73 72 72
 69 68 70 71 71 71 69 71 72 71 73 74 74 73 71 66 72 74 75 70 66 67 67 67
 68 68 71 72 69 65 64 62 61 60 61 63 61 58 57 59 57 56 57 60 60 58 56 56
 57 58 55 52 52 56 57 55 54 51 51 52 50 53 56 55 55 57 58 58 57 56 51 46
 45 45 44 42 43 44 46 45 44 45 46 46 45 43 43 45 46 45 45 46 44 41 39 39
 39 37 37 40 41 40 38 37 38 35 33 33 33 32 32 33 37 39 40 39 38 37 37 38
 37 37 37 34 33 39 42 40 45 43 41 39 41 44 46 47 47 48 47 45 45 48 51 53
 55 55 55 57 57 55 54 55 57 60 60 57 57 57 58 59 62 62 63 64 63 63 63 65
 65 61 60 62 68 68 65 30]"
"[29 29 78 72 74 73 72 73 73 73 73 73 74 75 76 77 73 73 73 74 74 75 75 76
 72 70 72 71 70 70 70 74 72 72 73 74 73 74 75 73 73 73 76 74 71 71 69 71
 76 73 72 72 71 69 66 63 63 61 62 67 66 58 54 54 54 56 60 62 59 56 55 56
 58 56 53 52 54 58 58 56 54 50 50 52 51 53 55 55 55 56 56 55 54 53 50 46
 45 46 46 46 47 47 45 43 43 45 46 46 44 43 43 44 46 46 46 45 45 43 41 39
 40 40 40 40 39 39 40 42 39 36 34 34 34 33 33 33 36 38 40 39 38 38 38 37
 35 37 36 32 31 34 38 39 42 42 41 40 39 41 44 46 45 45 46 47 48 50 53 54
 55 54 54 56 57 56 54 54 59 61 59 57 58 59 60 63 63 63 63 64 65 64 64 64
 66 63 62 64 69 67 65 29]"
"[28 29 78 73 74 71 70 71 70 72 74 75 74 74 75 76 75 74 74 74 75 76 78 80
 77 74 75 74 71 70 72 79 77 76 76 75 73 74 76 76 74 73 76 77 76 74 71 74
 73 72 73 73 71 69 69 68 62 60 63 72 74 67 61 61 55 59 64 64 60 55 55 58
 56 55 55 54 54 55 57 59 57 53 53 55 54 52 53 53 54 55 54 52 51 50 49 47
 47 48 48 50 51 50 47 43 45 46 45 44 42 43 45 45 45 46 45 44 45 46 44 40
 39 41 41 39 38 40 42 43 39 36 34 34 33 32 32 33 31 34 36 35 36 38 37 34
 35 37 34 31 32 33 35 39 43 45 45 43 40 41 44 47 45 44 46 50 52 53 53 54
 55 54 54 55 57 57 56 55 60 59 57 56 57 57 59 63 63 63 63 64 65 66 65 65
 65 64 64 66 69 67 66 29]"
"[30 29 75 71 72 71 70 71 70 72 73 72 70 71 74 77 80 78 76 75 75 76 78 81
 79 75 76 77 74 73 74 81 81 79 78 77 75 75 76 76 76 74 76 77 77 76 73 75
 74 74 74 73 70 69 72 73 67 66 69 74 76 70 65 64 60 63 65 65 62 59 59 62
 59 58 58 59 57 55 56 60 61 57 56 59 57 53 50 51 54 54 54 52 51 50 50 49
 50 50 50 51 52 52 50 48 48 47 45 42 41 44 47 49 44 43 42 42 44 46 44 40
 38 40 39 38 39 42 42 40 39 36 33 33 32 31 31 31 29 32 33 31 32 35 36 33
 38 37 32 30 36 37 36 41 45 47 48 46 43 43 45 47 48 46 47 51 54 53 53 54
 55 54 54 55 56 57 57 57 60 59 57 57 58 57 58 61 63 61 60 62 65 66 66 66
 64 64 64 66 69 68 69 29]"
"[30 29 71 71 72 73 73 73 75 75 72 69 66 69 75 80 81 79 77 75 75 76 79 82
 77 73 75 77 77 76 76 81 79 77 78 79 79 79 78 77 78 76 77 75 76 77 74 74
 74 71 70 71 70 72 75 75 69 69 70 71 70 69 67 66 67 66 65 64 64 65 65 65
 65 61 59 62 64 62 60 60 60 58 57 60 60 54 50 51 53 54 55 54 53 52 52 52
 52 51 51 51 52 52 52 51 50 48 46 43 42 44 47 49 44 41 39 41 44 43 41 40
 39 41 40 37 37 40 40 37 37 35 33 32 32 30 30 31 34 35 34 31 32 36 37 35
 38 38 32 32 38 39 38 43 45 46 47 47 46 46 47 48 51 48 48 51 53 53 52 53
 53 54 55 55 55 56 58 59 61 61 60 61 63 61 60 61 61 59 57 59 63 66 67 67
 65 66 65 67 69 70 72 29]"
"[29 29 69 72 73 74 73 73 77 76 75 73 72 72 75 78 77 76 75 75 75 76 79 82
 75 71 73 76 79 80 78 81 77 75 77 80 81 80 79 77 77 75 76 74 74 76 73 73
 70 69 72 74 73 73 73 72 66 68 69 68 68 70 72 73 74 71 68 66 66 67 66 65
 64 61 60 64 65 63 62 63 62 61 58 59 60 55 51 52 55 55 56 55 54 53 53 53
 51 51 51 51 51 50 50 51 50 48 47 47 46 46 46 46 46 42 40 42 44 42 41 40
 42 45 44 38 34 35 38 39 36 34 33 33 32 31 32 34 39 40 38 34 35 38 38 37
 36 38 36 35 38 38 39 44 45 46 46 47 49 50 51 50 51 49 48 50 52 53 53 54
 53 55 56 56 56 57 59 59 60 61 62 63 65 64 62 62 60 58 58 60 63 65 66 66
 68 69 67 69 70 72 75 29]"
"[28 29 67 71 71 72 72 73 75 76 77 78 78 76 75 74 73 73 74 75 75 76 77 79
 75 71 72 75 78 80 79 80 78 76 78 81 80 78 78 77 75 72 74 74 75 75 72 72
 71 70 71 72 70 69 68 67 68 71 72 71 70 71 72 74 75 74 72 69 67 66 65 65
 62 62 63 65 64 62 63 67 67 65 60 58 59 57 54 56 58 57 57 56 55 55 55 55
 53 51 50 51 52 51 51 51 50 48 48 51 51 48 46 47 48 46 44 44 45 45 44 43
 46 47 45 39 34 34 37 39 36 35 35 34 33 32 33 36 39 40 39 38 38 39 38 37
 36 38 38 38 38 40 41 43 45 45 45 47 50 53 52 51 49 49 49 51 54 56 56 55
 53 56 58 59 59 60 61 60 60 62 63 62 64 64 63 63 60 60 61 63 65 65 65 64
 69 71 70 72 71 72 76 28]"
"[30 30 67 70 69 70 72 74 75 75 75 76 76 76 75 73 73 74 75 76 76 75 75 76
 77 73 72 72 75 78 77 78 78 76 78 80 78 77 77 78 74 70 73 76 78 75 71 73
 66 58 52 53 57 64 68 68 68 70 73 74 73 71 72 74 68 71 73 70 67 65 66 67
 67 64 64 66 66 65 65 67 69 67 61 58 60 61 61 63 61 59 58 57 56 55 56 57
 56 53 51 52 54 54 55 55 51 48 49 52 53 50 48 50 49 49 47 46 47 49 48 46
 47 47 44 39 37 36 37 37 37 36 36 35 33 31 33 36 36 37 39 40 40 40 38 37
 38 37 38 40 41 44 44 42 44 43 44 45 49 51 51 49 48 49 51 53 57 59 58 56
 55 58 60 61 63 64 63 61 62 65 64 62 63 64 64 65 60 62 64 67 68 66 63 62
 68 72 72 73 71 72 77 28]"
"[29 29 65 62 66 68 72 73 72 74 76 76 77 77 76 73 74 74 77 79 76 76 76 73
 73 73 74 74 73 76 77 75 75 75 77 74 74 77 76 76 75 72 77 78 74 72 66 59
 44 24 16 15 23 49 69 71 70 73 73 74 71 72 76 71 68 67 69 71 70 69 68 66
 66 68 65 65 65 67 70 69 69 63 59 61 62 61 61 63 62 62 60 57 57 58 57 54
 55 54 55 57 58 58 56 54 53 51 49 52 55 54 50 51 50 47 47 50 51 50 50 52
 50 48 46 42 41 41 40 37 35 38 41 39 37 37 37 37 37 38 39 41 40 38 38 39
 38 40 42 45 45 44 42 41 40 41 44 46 48 48 48 47 46 46 48 53 56 57 57 56
 58 59 60 63 63 63 61 61 65 65 65 62 62 64 65 64 63 62 63 66 70 71 71 71
 74 72 71 71 71 71 73 31]"
"[29 30 68 66 71 72 75 75 75 76 76 76 77 78 76 74 74 75 80 82 79 79 79 75
 74 76 77 75 74 75 78 81 77 76 77 76 77 80 78 78 77 77 79 79 76 73 63 48
 26 18 17 20 26 40 55 69 72 75 74 75 73 72 75 70 69 69 73 76 73 73 71 66
 69 62 54 61 61 66 70 74 70 65 62 64 65 63 63 65 65 65 63 60 58 59 58 57
 59 58 57 59 61 61 60 58 54 54 53 55 58 58 56 55 52 50 50 52 52 49 48 49
 50 49 48 46 45 44 42 39 36 38 40 40 40 40 40 40 39 39 40 40 39 38 39 40
 39 42 45 45 42 40 40 42 43 44 45 47 49 49 49 48 49 48 48 51 54 56 56 56
 56 56 58 60 63 64 64 64 62 64 64 62 62 64 64 64 65 65 66 68 71 73 74 76
 73 73 74 74 72 71 71 26]"
"[29 30 72 72 75 76 77 75 76 76 75 74 75 76 75 74 77 78 81 80 78 80 82 80
 77 80 78 74 74 75 78 84 81 78 78 77 79 81 77 76 76 80 79 79 78 76 64 39
 21 20 21 23 27 28 40 63 74 77 74 75 76 75 76 75 71 71 76 77 74 74 69 58
 38 31 30 50 58 70 72 70 71 67 65 65 66 65 64 65 65 66 65 62 61 62 62 62
 61 60 59 60 62 64 63 62 57 56 54 54 55 56 55 54 54 52 52 53 51 48 47 49
 53 52 51 48 47 46 44 42 41 42 41 41 41 41 41 40 40 41 40 39 38 39 41 42
 42 44 46 45 42 39 41 44 45 46 46 48 50 51 52 52 53 51 50 51 53 56 57 56
 56 56 57 60 62 63 62 61 64 66 67 66 65 66 66 66 67 68 69 72 73 74 75 77
 75 75 73 70 68 69 71 27]"
"[29 30 76 75 76 76 75 72 74 74 74 73 73 74 74 75 79 81 80 77 76 79 82 81
 82 82 76 73 77 77 76 80 79 76 76 76 77 79 75 75 74 81 78 80 79 76 66 40
 28 24 22 24 25 23 30 51 70 76 75 73 76 78 79 80 75 72 74 74 73 72 61 42
 24 19 15 23 32 55 72 72 72 69 66 65 65 65 65 66 65 65 65 64 64 65 65 65
 60 59 59 60 62 63 64 64 61 57 55 55 54 54 55 55 54 54 53 53 52 50 51 52
 57 56 52 48 46 46 46 45 46 45 43 42 41 41 40 40 41 42 40 38 38 40 43 44
 47 46 45 45 44 43 45 46 47 46 46 48 50 52 54 55 55 54 53 54 56 58 59 58
 57 58 59 61 63 63 61 59 65 66 67 66 65 64 64 64 66 67 70 73 74 73 72 72
 76 76 72 67 65 69 74 31]"
"[29 29 78 77 76 75 72 69 71 73 74 74 73 73 74 76 77 80 81 79 78 79 79 79
 81 82 77 76 81 79 74 75 75 73 75 74 75 77 76 77 78 82 79 81 78 74 68 49
 30 21 22 25 24 23 27 38 61 73 78 75 76 79 80 81 79 74 72 73 76 74 54 27
 19 21 26 24 28 43 65 65 73 71 67 65 65 66 68 69 67 66 65 65 65 66 65 63
 60 61 61 62 62 62 64 65 59 54 54 57 56 55 56 57 55 55 56 55 54 53 54 55
 58 57 54 49 46 47 47 47 47 46 44 43 42 42 43 43 42 43 41 38 38 41 45 46
 47 46 44 44 43 44 46 48 48 47 46 47 49 51 53 54 54 55 56 57 59 60 59 57
 57 59 61 62 64 65 65 63 65 66 67 66 66 66 66 66 66 66 68 71 73 72 70 69
 72 74 73 71 70 72 75 30]"
"[29 29 79 77 75 76 73 70 69 71 74 75 74 73 75 77 79 81 80 79 79 78 78 80
 78 80 80 81 83 80 75 75 77 78 79 76 76 78 77 79 80 81 80 82 78 75 73 63
 36 24 24 26 22 24 29 33 53 68 82 81 79 81 80 81 79 75 72 74 80 75 48 19
 21 20 26 24 31 41 66 71 73 71 69 66 66 69 71 72 67 66 65 65 66 66 65 64
 63 64 65 64 63 63 64 66 58 54 57 61 59 58 58 56 55 57 58 57 56 55 53 53
 57 57 55 51 49 48 48 47 49 47 45 45 45 45 45 46 42 42 41 38 38 40 43 45
 44 44 44 43 41 41 44 48 49 48 48 47 48 49 49 50 52 54 56 57 58 59 58 55
 59 61 62 62 62 64 65 66 66 66 68 70 71 72 72 73 69 67 67 69 72 72 71 70
 73 74 74 74 74 74 75 30]"
"[30 28 79 77 74 76 74 72 70 71 74 76 76 75 76 78 81 81 79 77 78 76 76 80
 78 78 80 81 81 79 77 77 81 82 83 78 76 79 79 79 80 79 80 81 78 78 78 73
 47 33 27 25 23 26 30 34 44 59 79 83 80 79 79 81 79 79 74 73 78 71 43 18
 22 21 23 24 32 41 62 70 72 72 70 68 68 71 72 73 68 68 67 67 66 65 66 67
 65 65 65 65 65 65 66 66 63 60 63 65 62 63 63 58 57 59 60 58 56 56 55 53
 57 58 57 53 50 49 48 48 49 47 46 47 49 48 46 45 42 41 40 39 39 39 41 44
 43 44 44 43 42 42 45 48 49 49 49 50 50 50 49 48 51 53 55 56 56 58 58 56
 60 64 65 63 61 62 64 65 63 64 66 69 72 73 73 73 72 70 69 70 72 73 74 73
 75 74 73 74 74 74 75 30]"
"[31 28 79 77 73 76 75 74 73 73 75 77 78 78 79 80 78 80 79 79 80 75 71 74
 81 77 76 77 77 77 78 78 79 81 82 76 75 80 81 80 81 78 80 80 78 80 79 76
 52 37 27 25 27 28 29 33 37 48 71 79 75 74 75 80 81 82 75 72 75 65 39 20
 20 26 27 27 28 38 58 71 72 73 73 71 70 72 73 72 72 72 71 68 65 63 64 67
 65 64 64 64 65 66 66 66 63 62 64 62 60 65 67 59 60 62 61 58 57 58 58 57
 58 59 58 54 51 49 49 48 47 45 44 48 51 50 48 45 43 41 41 41 41 40 42 45
 46 44 43 44 46 47 47 48 47 49 51 53 53 53 51 49 50 53 55 55 56 58 60 59
 59 65 68 67 64 64 65 65 63 63 66 70 73 74 73 72 75 73 71 72 73 74 74 75
 74 73 73 75 75 74 73 28]"
"[30 29 79 78 75 73 73 75 74 73 74 77 80 80 79 79 79 80 81 79 77 76 76 76
 80 77 74 74 75 72 73 79 79 80 80 78 78 80 82 83 78 75 80 83 80 79 79 75
 59 41 32 24 24 25 31 32 33 47 63 75 74 68 72 77 80 79 77 75 75 69 46 22
 24 24 27 32 32 33 47 68 75 75 74 73 73 73 73 72 67 70 71 72 66 60 63 67
 65 67 67 64 63 65 66 66 61 62 63 64 65 65 64 62 62 63 63 62 60 59 58 56
 58 59 56 51 50 49 49 51 47 45 46 50 53 52 49 47 43 41 40 41 40 39 42 45
 47 46 45 47 48 48 47 47 49 48 50 52 53 55 55 52 54 55 55 52 52 57 61 63
 59 62 67 70 70 66 63 62 61 64 66 68 72 73 72 73 75 73 73 73 73 73 73 74
 73 75 76 76 75 76 75 29]"
"[29 28 79 78 76 76 76 78 78 77 77 79 81 81 80 80 78 78 79 80 81 80 80 80
 82 79 76 76 75 71 71 76 80 82 82 79 78 78 81 82 79 75 78 82 81 81 79 73
 72 49 32 28 31 28 27 23 31 43 60 74 75 71 74 76 78 79 79 76 78 75 52 25
 24 24 25 28 30 33 47 66 73 76 78 77 75 73 71 70 70 72 72 74 71 65 65 66
 64 66 68 67 66 65 67 69 65 65 65 65 65 65 64 63 61 62 63 65 64 63 60 58
 56 58 56 53 52 51 51 52 52 52 53 54 53 50 47 47 44 44 43 42 39 38 40 42
 44 44 45 48 49 50 51 53 50 49 51 54 56 58 57 53 55 56 55 51 51 55 61 65
 60 61 64 67 68 66 65 65 64 66 66 69 72 73 71 71 73 72 71 71 71 71 72 73
 75 76 75 76 76 77 76 29]"
"[29 28 78 78 76 77 79 81 81 79 78 79 80 80 80 80 77 76 78 81 83 83 82 82
 82 78 74 75 75 70 70 76 80 83 83 80 77 78 80 82 77 76 80 83 81 80 81 79
 83 58 31 29 31 28 26 23 30 38 54 72 76 74 77 77 78 81 82 80 82 82 60 29
 28 26 24 26 28 33 47 64 72 76 80 80 77 73 71 71 73 73 72 75 74 69 68 66
 65 67 70 71 69 67 68 72 69 68 66 65 65 65 64 64 61 61 62 64 65 62 59 57
 57 59 59 57 56 54 53 54 54 54 53 53 52 48 45 45 44 46 46 44 41 41 43 46
 44 45 47 48 48 49 52 55 51 50 52 55 58 59 58 54 54 57 58 56 54 56 61 64
 64 64 64 65 65 65 65 66 65 65 65 68 74 75 73 73 73 72 71 71 71 71 72 73
 75 74 74 76 77 77 75 28]"
"[29 28 78 77 76 78 79 81 81 80 79 79 80 80 80 80 78 77 78 82 84 82 81 81
 79 75 72 74 75 72 73 79 80 82 83 80 78 78 80 81 76 77 81 83 80 79 82 83
 85 68 37 31 27 24 26 27 31 34 48 69 76 74 78 79 79 83 84 83 83 82 62 29
 27 26 24 24 27 34 49 64 73 76 80 81 78 74 73 74 75 74 72 75 76 72 70 67
 66 68 71 71 69 67 68 70 69 69 68 67 65 65 65 66 66 64 64 64 63 59 57 58
 58 61 61 59 56 54 53 55 55 52 50 51 52 50 48 46 45 47 47 45 44 46 49 51
 47 48 48 48 47 47 50 53 52 51 53 56 58 59 57 52 53 57 60 59 57 58 60 62
 67 67 66 66 64 64 65 67 65 65 65 68 73 75 75 75 74 74 73 73 73 73 73 74
 74 73 74 77 78 77 75 28]"
"[29 28 78 78 76 78 80 81 81 81 80 79 80 81 80 80 78 78 80 83 83 82 80 81
 78 76 75 77 78 75 75 79 80 82 82 80 79 80 80 80 81 80 81 82 81 82 83 84
 81 77 50 40 30 24 23 25 31 31 43 67 77 75 77 80 79 83 85 86 83 78 58 24
 23 23 23 23 26 34 50 66 76 78 80 81 79 76 74 74 75 75 74 77 78 74 71 67
 66 69 70 68 67 68 67 66 67 68 69 69 67 65 66 68 68 65 64 63 61 56 55 57
 60 62 61 58 54 51 50 54 57 53 51 52 53 52 51 50 48 48 47 45 46 49 51 52
 50 50 49 48 47 48 51 53 52 51 53 57 58 59 57 53 56 58 59 58 57 57 60 63
 66 67 69 68 66 65 67 69 69 69 68 68 71 72 72 73 76 75 75 74 73 73 73 75
 77 77 76 78 78 77 76 30]"
"[29 29 79 79 78 80 81 81 81 81 81 80 80 80 79 78 77 79 81 82 82 81 81 81
 79 79 79 80 81 77 74 74 81 82 81 80 80 81 80 78 81 81 81 80 78 78 79 82
 80 81 59 42 35 28 24 25 31 31 40 62 77 77 78 81 81 85 87 89 85 78 58 21
 22 24 24 25 26 32 47 64 80 79 81 82 80 77 74 73 74 75 75 79 79 75 72 68
 68 71 71 69 68 70 69 66 65 65 67 68 67 65 66 68 67 66 65 65 63 60 58 59
 62 62 60 57 54 51 51 54 57 56 56 55 52 49 50 51 50 49 47 47 49 52 53 53
 52 52 50 48 47 48 50 51 52 52 55 58 59 60 59 55 57 59 61 61 60 59 60 62
 66 68 71 70 67 65 66 68 70 71 70 69 71 71 71 73 76 75 75 74 73 72 73 74
 82 81 79 77 76 77 77 31]"
"[29 29 80 80 79 81 81 80 80 81 81 80 80 80 78 76 78 80 81 81 81 82 82 81
 80 82 81 80 81 79 76 75 82 82 82 81 81 81 80 78 76 79 80 78 74 72 75 80
 81 81 62 41 38 33 28 29 30 32 34 51 72 78 79 81 83 86 85 86 83 80 62 23
 24 26 27 28 28 31 45 61 81 80 80 81 80 77 75 75 76 77 76 78 78 75 74 72
 72 73 73 73 72 72 71 69 66 64 65 66 67 66 66 68 69 69 68 68 68 67 65 64
 63 61 59 58 59 57 56 57 57 57 57 56 52 49 48 50 51 49 48 50 52 54 55 55
 53 54 52 49 47 48 50 51 53 54 58 60 60 60 60 58 57 61 65 66 63 60 60 61
 67 68 70 69 67 65 65 66 70 71 70 70 72 72 72 73 74 74 74 74 74 73 74 76
 82 82 80 78 78 80 79 30]"
"[29 30 81 80 79 81 80 78 79 80 81 80 80 80 78 76 81 83 83 81 81 84 84 81
 81 82 81 79 81 82 81 81 82 83 83 82 81 82 81 79 79 81 80 80 81 80 80 83
 82 81 66 43 42 35 28 31 28 31 27 39 64 77 79 80 82 85 81 79 77 80 65 24
 23 25 27 29 30 32 45 61 81 79 79 80 80 78 78 79 80 80 77 77 76 76 78 77
 75 75 75 76 75 73 71 71 69 66 64 66 69 68 68 69 68 67 64 64 65 67 65 62
 62 60 58 59 63 62 60 59 58 57 57 57 55 52 50 50 53 51 50 52 54 53 53 54
 52 54 53 50 48 50 53 54 54 56 60 61 60 60 60 58 60 63 65 65 61 59 61 64
 65 65 66 67 67 66 66 66 72 72 72 71 73 73 71 72 72 73 74 75 75 75 77 79
 80 82 81 80 81 83 80 28]"
"[29 29 81 79 76 80 82 78 76 77 78 79 79 80 80 79 81 83 83 81 82 84 83 80
 82 80 80 81 82 82 82 83 84 84 84 83 81 81 81 81 82 80 77 77 79 82 81 79
 79 78 74 55 40 37 33 31 33 29 34 41 57 76 81 80 83 84 79 81 80 82 72 26
 27 27 31 27 28 37 48 71 79 78 80 80 76 77 78 75 81 79 75 73 75 79 81 80
 77 75 76 76 75 74 74 73 71 68 66 68 70 70 69 69 66 66 65 66 66 65 63 61
 64 60 59 63 65 63 60 59 58 57 58 59 59 57 54 52 53 52 52 52 50 49 51 52
 48 51 52 51 50 53 54 55 56 60 62 60 57 57 60 62 61 64 64 62 61 62 62 61
 66 64 65 67 68 68 69 71 70 72 73 73 74 73 71 70 72 74 75 74 75 79 81 81
 81 82 81 82 81 81 80 28]"
"[29 28 79 79 78 82 83 81 75 76 78 78 79 80 81 81 83 84 84 83 85 86 84 81
 81 81 81 83 82 81 82 83 85 83 82 82 82 82 82 83 82 80 78 77 78 80 80 79
 83 79 75 59 44 38 35 35 38 36 38 41 53 74 83 81 82 83 80 82 80 81 70 29
 26 25 31 30 31 34 45 70 77 79 84 84 80 80 81 78 81 80 78 77 79 81 81 79
 78 77 78 78 76 76 77 77 80 78 75 74 73 70 67 67 67 67 68 67 66 65 66 66
 71 67 65 64 63 60 60 62 60 60 59 59 59 58 55 53 51 50 52 52 49 48 49 50
 48 50 53 55 54 53 54 55 56 60 61 59 56 56 60 62 61 63 65 64 63 63 62 61
 62 64 67 69 70 71 72 72 71 73 73 73 74 74 73 74 73 77 80 79 79 79 80 80
 81 82 81 82 81 80 79 28]"
"[29 29 79 80 80 81 79 80 80 80 80 80 79 80 81 81 83 83 83 84 85 85 83 81
 81 82 84 85 83 81 81 82 88 85 83 83 82 81 81 81 80 80 80 80 81 82 82 81
 81 79 80 73 57 42 34 33 36 38 39 38 44 65 83 82 83 84 82 82 79 77 60 26
 29 28 31 30 32 35 44 65 77 81 86 86 82 81 82 81 80 80 80 81 81 82 81 79
 79 78 79 80 79 79 80 81 82 81 80 78 74 71 68 67 66 68 68 66 64 64 67 70
 72 68 64 62 60 57 58 60 61 60 59 58 58 59 57 54 51 51 52 53 51 49 50 49
 50 52 55 59 57 53 52 54 55 58 60 57 54 56 59 62 62 65 67 67 66 66 64 62
 59 65 69 71 72 75 75 74 73 74 73 72 73 73 74 76 75 78 80 79 77 77 80 82
 80 82 81 83 81 79 79 29]"
"[28 30 81 82 82 78 73 75 78 79 80 80 81 83 85 87 83 82 82 82 83 82 82 82
 83 84 86 86 84 82 81 81 87 86 85 83 82 82 81 81 80 81 82 83 85 86 85 83
 81 79 80 75 58 42 33 32 31 34 33 34 39 59 82 83 85 87 85 82 78 75 51 22
 30 30 30 26 31 40 48 62 80 82 84 83 81 81 82 81 80 81 81 80 80 80 80 79
 79 78 79 81 81 81 81 80 77 77 77 76 75 73 70 69 67 68 67 66 64 64 67 70
 71 67 63 63 64 63 61 60 59 59 57 54 55 58 58 56 54 53 55 56 55 54 53 52
 51 53 56 59 58 54 53 54 55 57 58 57 56 58 61 62 65 66 68 68 68 67 65 63
 63 67 72 73 74 75 76 77 75 75 73 72 73 73 73 74 75 76 77 77 76 76 78 80
 81 82 82 84 83 80 80 29]"
"[28 30 81 82 81 77 73 75 78 79 80 80 80 82 84 85 84 83 82 81 80 80 82 83
 86 87 87 87 86 84 82 81 83 85 84 81 80 83 86 85 83 82 82 82 84 85 85 83
 82 82 82 77 61 45 38 37 32 30 27 32 38 54 78 86 84 87 87 83 80 78 47 22
 25 28 28 26 30 39 49 62 84 84 83 82 83 83 82 81 81 82 82 82 81 79 79 80
 79 77 79 82 83 82 80 77 75 75 75 75 75 74 73 71 70 69 68 67 67 67 67 68
 68 67 65 66 67 66 63 61 59 59 56 53 54 58 59 58 57 55 55 57 57 57 56 54
 50 53 55 57 57 57 57 58 57 58 58 58 60 62 63 62 64 65 65 65 65 65 65 64
 68 69 71 73 74 74 76 79 76 75 73 74 76 76 74 75 74 75 77 80 79 77 75 75
 81 81 81 85 85 83 81 29]"
"[28 29 81 82 81 80 79 81 82 83 83 81 79 79 80 80 84 84 83 81 80 81 83 84
 87 88 89 88 87 85 84 82 83 85 84 80 79 83 87 88 88 85 82 80 81 83 83 82
 81 83 84 80 65 49 43 40 31 29 28 31 32 42 68 89 85 87 88 84 82 79 41 22
 22 25 27 29 30 31 43 61 83 85 85 85 88 88 85 83 83 84 86 86 84 82 81 81
 80 79 81 84 84 83 80 76 75 76 75 75 76 76 74 73 73 72 70 70 71 70 69 68
 66 68 68 66 63 62 61 60 61 60 58 55 54 57 58 59 57 55 55 56 56 56 56 55
 53 54 56 57 57 57 58 58 59 59 59 60 62 63 63 61 64 64 63 63 64 64 66 67
 69 68 69 71 72 72 74 78 75 74 73 75 79 78 76 77 75 73 74 79 81 80 78 78
 80 81 81 84 84 84 82 28]"
"[29 28 81 84 83 84 84 84 80 82 83 82 81 81 81 82 82 83 82 80 81 83 84 84
 85 88 89 89 87 86 85 84 86 85 84 83 81 82 84 86 89 87 84 81 81 83 83 83
 82 82 80 76 60 43 40 39 29 29 32 32 31 35 57 87 87 87 89 86 83 75 31 20
 23 25 26 29 30 30 42 60 81 86 88 89 91 90 87 87 86 87 88 89 87 83 82 83
 83 82 84 86 86 85 83 80 80 80 79 77 76 76 75 73 73 73 73 74 74 73 71 70
 69 71 71 68 64 62 62 62 61 60 59 57 55 55 56 57 57 55 55 54 52 52 54 55
 55 55 56 59 60 58 57 57 59 60 61 61 63 64 64 62 65 65 64 64 64 64 66 68
 68 68 68 70 72 73 74 75 74 73 73 76 79 78 76 78 77 73 72 76 80 81 81 82
 81 83 83 83 83 84 83 28]"
"[30 29 83 86 85 87 86 82 82 84 85 83 82 80 80 80 81 83 83 81 83 86 86 83
 83 87 90 90 88 87 87 86 86 84 84 87 86 82 81 83 87 87 86 84 84 84 84 84
 79 81 82 82 65 41 33 30 34 31 32 34 38 41 54 82 88 86 89 88 84 72 25 19
 23 25 23 26 31 35 48 62 79 87 90 91 92 90 88 90 88 88 88 88 86 84 83 84
 86 86 87 89 87 86 86 85 86 86 84 80 76 74 73 72 73 75 76 77 76 75 74 74
 69 70 69 66 65 64 63 60 59 58 58 57 55 53 53 55 57 56 56 54 50 50 53 56
 54 52 55 62 64 60 58 60 60 62 63 64 64 66 66 65 66 66 66 65 64 64 66 68
 69 70 71 71 74 77 76 74 74 74 74 76 78 76 75 78 78 74 74 79 82 81 79 79
 83 87 86 85 84 86 85 31]"
"[28 30 83 84 83 84 83 82 81 82 81 80 80 82 83 83 84 84 84 83 83 85 86 85
 84 86 87 87 86 84 84 85 84 84 86 89 90 88 85 84 86 88 87 84 82 85 86 86
 86 85 81 84 65 37 29 30 30 33 28 32 38 44 56 80 86 90 88 86 90 73 23 19
 21 27 23 29 32 41 45 68 89 89 89 90 90 91 92 95 95 90 88 91 93 90 87 87
 86 87 89 90 90 89 88 86 85 84 86 86 79 75 75 75 75 76 77 76 74 73 74 73
 72 68 67 68 70 69 67 65 63 64 62 60 60 59 57 56 57 56 55 56 56 55 54 54
 51 51 53 58 60 61 61 62 61 61 63 64 66 66 64 62 65 66 66 66 65 65 67 69
 72 75 76 74 75 75 75 75 74 76 76 75 76 76 77 79 80 80 80 81 83 81 80 82
 83 88 90 84 87 86 89 30]"
"[29 30 81 81 80 82 82 83 80 80 80 80 80 81 83 83 84 85 85 83 83 84 86 87
 84 84 84 85 84 81 82 85 85 86 87 87 87 86 86 85 85 87 87 85 84 84 85 85
 84 84 83 86 72 43 33 29 27 25 23 28 44 54 55 81 90 90 86 87 90 72 22 17
 20 25 25 30 34 41 47 71 85 86 89 92 92 92 94 96 96 91 88 90 92 91 90 90
 89 89 89 90 90 88 87 87 85 83 84 83 80 80 80 76 78 77 79 78 76 76 75 73
 71 69 69 71 74 73 71 70 64 65 64 62 62 61 61 63 60 58 57 58 60 59 56 55
 57 56 56 58 60 62 63 64 64 65 65 64 64 64 62 59 63 65 66 66 66 68 68 68
 71 74 75 75 75 73 72 74 74 75 75 74 77 78 78 78 77 82 83 83 81 80 81 80
 83 86 84 89 86 83 87 29]"
"[ 29  29  80  79  78  80  81  82  82  81  81  82  82  81  82  84  84  84
  83  80  79  81  84  87  82  80  81  83  83  81  84  88  87  89  89  85
  83  84  86  86  84  85  86  87  86  84  83  83  84  86  87  84  71  42
  35  33  28  25  27  27  43  54  48  76  86  88  85  87  84  61  19  17
  23  25  26  29  34  37  48  72  86  89  93  95  94  91  92  94  94  92
  91  92  93  94  94  94  90  89  89  91  91  89  89  91  89  86  82  81
  81  84  83  78  81  80  80  81  80  79  77  73  72  71  71  73  75  74
  72  71  68  68  66  64  64  62  64  68  64  61  58  60  63  63  60  58
  62  61  60  60  61  63  64  63  62  64  63  61  61  64  64  61  60  64
  67  67  69  72  71  69  70  73  74  74  75  73  72  74  75  75  74  75
  79  81  80  80  81  83  80  81  80  80  86  83  84  84  88  86  82  88
 132  29]"
"[ 28  29  81  81  80  81  81  80  83  82  82  83  83  82  83  85  86  84
  81  77  76  79  84  88  86  85  84  82  81  80  81  84  87  88  88  85
  83  83  84  85  82  82  84  87  87  84  82  83  85  85  87  83  74  45
  39  38  29  27  29  25  35  47  44  67  80  89  90  93  79  53  23  25
  23  24  25  27  35  41  56  81  88  92  96  97  94  90  89  91  91  93
  94  95  96  97  96  95  92  90  91  93  93  91  91  93  93  88  83  81
  83  87  86  83  83  82  82  82  80  80  79  76  72  72  72  74  74  73
  72  72  73  70  66  65  65  63  62  65  65  62  60  61  63  63  62  61
  61  62  63  62  62  63  62  59  59  60  60  59  61  65  66  64  61  64
  67  69  69  70  70  68  71  74  74  72  74  76  76  76  74  75  75  76
  80  82  82  82  82  81  79  85  84  80  83  79  85  82  80  83 115 162
 175  30]"
"[ 29  29  81  82  81  82  81  80  81  81  81  82  82  83  85  87  87  85
  82  80  80  81  85  88  87  88  87  82  80  82  82  81  85  84  85  86
  85  84  84  85  83  82  84  88  88  85  84  84  84  81  84  86  86  59
  44  39  32  29  28  27  31  47  54  65  76  88  90  94  75  49  28  29
  24  22  23  25  33  40  56  80  88  90  94  96  93  90  89  91  91  93
  95  95  95  96  95  93  94  92  93  96  95  91  90  91  91  87  84  84
  87  88  88  88  86  85  84  82  79  79  79  78  74  73  74  74  74  72
  72  74  74  70  66  66  68  65  62  63  63  62  62  63  62  60  59  60
  57  61  63  63  62  61  60  58  60  59  59  61  63  64  65  66  65  66
  69  70  68  65  65  66  72  75  73  70  73  78  79  77  73  76  76  76
  79  80  80  81  81  82  81  86  86  84  85  82  80  87 102 134 164 174
 174  28]"
"[ 30  29  81  81  81  82  81  80  82  83  84  83  82  83  84  85  85  84
  84  84  84  83  83  84  84  87  87  83  82  85  86  84  83  82  83  87
  88  86  85  86  85  84  85  88  89  88  86  86  83  81  84  86  88  63
  44  37  31  31  30  29  27  40  55  61  74  85  84  89  69  46  32  25
  25  23  23  26  30  39  52  72  91  91  93  94  93  91  91  93  93  94
  95  94  93  92  92  92  92  92  93  96  96  93  92  92  91  89  87  89
  91  89  87  88  88  87  86  83  79  79  80  80  79  78  77  76  73  71
  71  72  74  70  67  67  70  68  65  64  61  63  65  66  63  60  59  59
  59  62  64  64  62  62  62  62  60  59  60  63  64  63  64  66  66  67
  69  72  69  65  66  69  74  77  74  70  73  78  79  77  76  79  79  78
  79  79  80  81  82  83  82  82  87  87  83  80  87  99 148 169 180 172
 167  31]"
"[ 30  29  81  81  81  82  81  80  83  86  87  85  84  85  85  84  82  83
  85  87  86  83  82  82  87  90  89  85  83  85  85  83  83  83  85  86
  87  88  88  88  86  86  86  88  90  89  88  87  85  86  84  82  81  63
  42  35  27  29  28  27  22  29  42  50  70  87  86  87  59  38  32  25
  24  24  24  29  33  47  60  80  96  94  94  95  95  93  93  93  95  95
  95  95  93  92  92  93  91  92  93  95  96  96  96  96  94  94  91  91
  94  92  88  88  89  88  88  85  81  81  83  82  82  81  80  78  75  71
  70  71  73  73  70  68  68  67  65  65  63  63  64  66  65  63  61  62
  64  64  64  65  64  63  62  63  59  59  61  63  64  64  65  66  66  67
  70  73  72  70  71  74  76  77  75  73  74  76  77  78  78  81  81  81
  81  81  80  82  81  81  85  86  89  85  79  90 119 162 176 173 171 176
 170  28]"
"[ 29  29  81  83  82  83  81  80  81  86  88  86  85  88  88  86  83  85
  87  89  87  84  83  84  88  89  88  86  86  87  87  87  84  86  87  86
  86  88  89  89  87  87  87  88  89  89  88  87  86  88  83  80  81  69
  43  32  28  28  25  26  27  33  36  46  62  86  89  84  47  24  26  24
  23  25  24  30  32  49  63  83  98  95  93  94  95  95  94  94  96  96
  97  98  97  95  95  96  93  94  95  95  96  97  98  98  97  97  92  90
  94  96  93  91  89  88  89  87  84  84  85  84  82  81  80  79  77  74
  74  75  74  76  73  68  65  63  63  64  64  62  61  62  64  64  64  65
  67  65  64  65  64  62  60  60  61  63  64  63  64  65  66  65  67  69
  72  73  73  73  74  74  77  77  76  77  77  75  75  79  79  81  81  81
  82  82  81  82  84  83  89  88  88  86  98 139 167 171 174 174 174 172
 173  30]"
"[ 30  27  82  82  85  85  83  82  80  83  86  89  89  88  87  88  87  87
  89  89  86  85  84  82  86  87  87  86  86  86  87  89  88  87  87  88
  88  90  90  88  86  89  88  87  89  87  86  89  87  87  89  88  84  71
  45  26  25  24  25  27  28  29  33  37  47  71  92  67  32  24  23  24
  23  24  25  29  36  46  65  84  92  94  93  93  95  96  95  96  97 101
 101  98  97  96  97  99  96  95  96  97  99 100  99  96  98  96  94  95
  96  96  94  93  93  90  88  89  87  83  83  85  85  83  82  79  74  75
  77  74  75  76  76  72  68  64  63  64  67  64  62  63  64  62  61  61
  66  64  65  65  61  58  59  60  61  64  65  64  64  67  69  68  68  69
  70  73  75  75  75  75  76  78  78  75  74  75  79  81  82  80  84  80
  84  83  81  82  83  91  85  84  88 105 145 173 177 174 171 171 172 172
 174  27]"
"[ 30  29  86  86  87  85  81  80  81  82  85  87  87  86  86  88  87  86
  86  84  81  81  84  84  86  88  89  88  85  85  87  90  89  88  88  88
  88  90  91  89  88  88  88  89  89  87  86  88  90  88  86  80  66  44
  28  26  23  22  22  23  26  29  31  33  37  51  65  48  24  20  19  20
  18  22  24  25  29  41  64  86  95  97  97  96  97  97  95  96 100 103
 102  98  98  98  98  99  96  96  97 100 102 102 100  99 100  99  98  98
  97  95  94  94  94  92  91  91  90  88  86  87  86  84  83  80  78  78
  78  75  76  76  75  72  69  66  66  67  66  64  62  61  61  62  61  60
  64  64  65  64  61  59  60  60  62  65  67  67  69  72  71  69  67  68
  70  73  74  75  75  76  78  79  78  77  75  76  79  81  79  86  85  80
  86  84  80  82  84  83  81  95 129 162 175 172 173 171 171 172 172 172
 174  28]"
"[ 29  30  88  87  87  84  81  81  82  82  84  86  85  84  84  87  88  87
  85  82  79  81  85  86  86  88  89  87  85  85  87  89  90  88  89  89
  88  89  90  89  89  87  88  90  90  89  90  89  88  84  68  47  31  21
  19  24  22  22  21  21  25  30  32  30  33  38  48  39  23  19  17  19
  15  18  21  25  34  51  71  86  92  95  97  96  97  97  96  96 101 103
 101  98  98  99  99 100  96  95  97 102 104 102 100 100 101 101 101 100
  97  94  94  95  95  95  94  94  93  92  90  89  87  86  83  81  81  81
  78  76  77  77  75  72  70  69  69  70  68  66  63  60  61  63  63  61
  63  64  64  63  59  60  63  63  65  66  68  69  72  74  72  69  66  67
  70  72  73  74  75  76  78  78  77  77  77  77  79  79  81  81  81  84
  80  80  83  85  86  78  98 138 168 174 168 170 170 171 172 173 173 173
 175  29]"
"[ 28  29  86  85  85  83  81  83  83  82  84  86  86  83  83  86  88  87
  86  84  82  84  86  86  86  87  87  86  87  88  88  87  89  88  89  90
  88  87  88  87  88  87  89  90  90  93  95  91  89  79  53  31  27  28
  27  24  24  24  22  21  25  31  32  29  31  32  38  35  26  22  17  16
  18  18  21  26  38  58  77  86  88  92  95  96  98  97  96  96  97 101
 100  96  97  99 100 100  99  96  97 102 104 102 100 101 100 101 101 100
  97  95  95  97  98  98  97  96  96  96  93  90  88  89  85  82  83  82
  79  78  78  77  75  73  71  71  71  71  71  69  65  63  63  64  64  64
  65  65  65  61  58  61  66  68  67  68  68  68  70  71  70  68  68  68
  70  72  74  74  74  75  76  76  76  77  79  79  79  79  80  82  83  83
  79  83  81  81  86 101 144 174 170 169 175 172 171 171 173 174 174 173
 175  29]"
"[ 29  28  85  84  84  83  81  82  82  82  84  87  87  85  85  86  85  84
  84  84  84  85  86  83  85  87  88  87  87  88  88  87  87  87  89  91
  89  87  87  87  88  90  91  90  90  96  97  90  89  65  34  26  30  29
  27  27  25  25  22  20  24  29  31  30  30  28  30  31  32  31  23  16
  17  19  20  20  26  46  71  84  88  93  96  98 100  99  97  97  96  99
  98  97  97  97  97  99 101  98  97 101 103 102 101 102 102 102 101 100
  99  98  99 100 100 101 100  98  98  99  97  93  91  93  89  85  85  84
  81  81  79  78  76  74  74  73  73  72  73  69  66  66  66  64  64  66
  67  67  66  62  59  62  67  69  68  69  70  70  69  69  68  67  71  71
  71  73  74  74  74  74  76  76  77  80  82  82  81  81  83  86  84  86
  89  82  73 100 121 165 176 169 172 171 170 169 172 172 173 174 175 174
 174  28]"
"[ 29  29  87  86  86  84  81  81  82  83  85  87  87  87  87  88  83  82
  82  83  84  85  86  84  83  87  89  87  84  85  86  86  85  85  89  92
  91  89  88  87  89  92  93  89  89  95  95  88  86  57  29  29  32  27
  31  33  27  26  24  22  22  25  28  31  31  32  32  32  35  36  31  25
  23  24  27  24  26  45  72  86  87  92  95  97  99  99  98  99  98  98
  98  98  99  97  96  97 101  98  98  99 101 100 101 102 104 102 101 102
 102 101 101 102 101 102 101 100 100 100  99  97  94  95  92  89  88  87
  85  84  80  79  78  77  77  76  76  75  74  69  67  69  69  65  65  68
  68  68  69  66  62  63  65  65  67  69  72  73  72  70  69  69  73  72
  72  73  73  73  73  74  78  78  79  82  84  83  82  82  85  85  85  86
  86  85 102 148 163 173 170 171 172 170 175 171 173 172 174 175 177 176
 176  29]"
"[ 29  30  88  88  88  85  82  82  85  86  86  86  86  88  89  89  85  84
  85  86  85  87  88  87  84  87  87  85  84  85  85  84  84  84  89  93
  92  89  87  85  89  92  91  88  89  92  90  87  76  53  32  34  34  30
  33  29  29  28  28  26  21  19  23  29  31  35  36  34  33  32  32  31
  25  23  24  24  27  47  71  82  85  91  95  96  97  97  98 102 100  97
  95  98 102  99  96  98  99  99 100 100  99  98 100 101 103 102 102 103
 104 104 103 103 103 103 103 103 102 102 100  99  97  96  95  93  92  92
  90  86  84  83  82  80  80  79  79  79  75  71  70  71  70  67  66  68
  70  69  70  69  65  63  64  64  66  68  71  73  73  72  71  71  73  73
  72  72  72  72  75  77  79  79  80  83  83  82  82  84  82  87  88  88
  96 119 156 174 174 171 168 172 172 170 173 173 174 174 175 177 178 177
 177  30]"
"[ 28  29  88  88  88  86  85  86  88  89  88  84  84  87  89  88  87  88
  89  89  87  88  89  88  88  87  85  83  86  90  88  84  84  84  89  94
  93  89  85  82  87  90  88  87  90  90  88  88  81  55  32  35  34  31
  37  31  31  30  30  28  20  14  18  27  33  36  35  34  34  33  33  32
  34  28  25  24  29  50  75  85  89  95  98  97  95  95  97 102 100  95
  92  98 104 102  98  99  98 101 103 102  99  97  99 101 103 102 103 105
 106 106 105 105 106 106 106 106 104 103 101 101 101  97  97  97  95  96
  95  89  88  86  85  83  82  81  81  81  76  74  72  70  69  67  66  66
  72  70  71  71  67  64  65  66  66  67  68  70  71  71  71  72  74  74
  74  73  72  73  77  82  80  80  81  83  83  82  83  86  87  85  80 105
 137 153 176 172 171 169 172 171 168 169 171 173 174 174 176 178 178 176
 176  29]"
"[ 29  29  87  87  89  88  87  87  87  86  86  86  86  89  90  88  88  87
  86  88  89  86  84  87  83  84  86  86  87  87  86  84  88  87  87  89
  90  90  88  85  87  92  89  87  89  89  88  86  86  57  36  35  36  36
  35  31  31  30  31  28  27  14  14  25  30  30  32  33  33  36  37  36
  36  35  34  30  33  50  63  86  93  94  95  94  95  96  97 101  96  95
  93  95 101 104 101  99  99  98 100 103 102  99  99 102 103 103 103 105
 106 107 108 109 110 106 104 105 105 103 101 100 102 101 100  98  97  97
  97  96  92  84  82  83  80  80  82  82  79  77  75  74  72  69  69  69
  71  71  69  66  65  64  64  66  69  68  68  69  69  70  71  73  75  75
  73  71  74  78  81  80  79  80  81  83  82  79  81  83  79  86 112 145
 168 166 167 172 170 171 171 171 171 171 171 171 174 174 175 177 177 176
 178  28]"
"[ 29  29  87  88  90  88  86  85  87  86  88  88  87  89  89  86  87  87
  88  89  90  86  84  86  82  84  86  87  87  87  85  84  85  85  87  88
  89  89  86  85  90  89  89  90  88  86  85  77  71  47  32  32  31  31
  32  31  32  31  29  27  26  15  11  17  23  24  28  32  34  37  37  33
  36  35  36  37  41  47  65  87  98  99  97  93  95  98  97  97  97  96
  95  96 100 102 101 101  99  98  99 102 103 102 102 104 103 101 102 104
 105 106 107 108 109 105 103 104 105 104 103 103 103 102 101 100 100 100
  98  96  93  87  87  88  84  81  81  79  83  81  77  72  70  71  72  73
  71  72  69  67  66  64  65  68  70  68  68  69  71  72  73  73  74  75
  75  74  76  80  82  82  82  79  81  82  79  82  85  77  89 124 156 168
 173 170 167 169 171 171 171 172 173 173 174 174 175 175 175 177 178 178
 180  29]"
"[ 29  29  86  87  89  87  83  82  87  88  89  89  86  86  86  84  83  88
  91  93  93  89  85  83  81  83  86  87  87  87  86  86  86  87  88  89
  89  87  85  84  87  85  86  88  84  84  81  65  47  32  24  24  23  23
  27  30  33  31  26  26  25  19  10  11  16  18  23  28  33  37  37  32
  32  32  33  37  42  40  63  87  93  96  96  96  97  98  97  97  97  98
  97  97  99 100 100 102 101 100 100 101 103 105 106 106 103 102 102 103
 105 105 105 106 108 105 103 103 104 104 104 105 104 104 103 103 103 103
 100  98  95  92  91  92  88  84  82  81  82  83  81  77  74  75  74  73
  75  75  73  71  69  66  67  72  72  69  68  69  72  73  74  73  74  75
  76  75  77  80  82  82  83  84  80  82  85  79  84 104 144 169 177 172
 170 170 167 172 172 172 171 172 174 176 176 176 178 177 176 178 180 180
 181  29]"
"[ 29  28  85  86  88  87  83  82  88  88  90  89  85  83  83  83  84  88
  90  91  92  90  85  83  80  83  86  87  87  87  87  87  86  86  86  87
  87  86  85  85  85  87  87  86  83  82  73  52  37  28  24  25  23  23
  27  30  31  30  24  25  25  23  13  10  15  16  20  24  28  35  37  34
  34  32  33  35  38  37  57  83  91  93  93  97  99  96  96  97  97  98
  98  98 100 100 100 101 102 103 103 102 102 104 105 105 105 104 105 105
 104 103 103 104 109 106 105 105 105 105 105 105 105 105 105 105 105 104
 103 101 100  97  95  93  90  88  87  88  87  86  82  77  74  75  78  79
  79  77  75  74  72  68  68  72  72  70  69  70  72  73  74  74  74  76
  76  75  76  78  80  81  82  80  87  85  76  87 123 156 172 175 168 167
 168 171 168 172 171 171 172 173 174 176 177 178 179 179 178 179 180 180
 181  29]"
"[ 30  29  86  86  88  88  85  84  85  86  89  89  85  83  83  83  87  89
  87  85  87  88  86  85  81  83  85  85  84  85  86  86  85  83  82  83
  86  88  88  88  85  89  87  86  82  70  53  36  36  31  28  30  28  25
  24  24  28  28  23  25  24  25  17  12  14  15  18  20  24  30  35  35
  34  31  33  33  31  35  42  65  89  94  93  96  98  96  96  95  96  97
  98  99 101 101 100 100 101 103 104 102 101 103 104 103 105 106 107 107
 104 101 102 104 107 107 107 108 108 108 107 106 106 106 107 105 104 104
 104 104 105 102  98  95  93  92  92  93  91  87  83  80  77  75  77  81
  79  77  74  73  72  69  68  70  73  72  72  72  73  74  75  75  76  77
  77  76  76  78  81  83  83  78  82  80  89 129 164 173 166 168 168 170
 167 173 173 171 170 171 172 173 173 175 176 177 178 179 179 180 179 179
 181  29]"
"[ 30  29  85  85  88  88  86  86  80  82  87  88  85  83  84  84  88  89
  88  87  89  89  87  85  84  86  86  85  84  84  85  86  88  85  83  85
  88  91  90  88  85  86  85  87  79  55  37  31  33  31  30  32  32  28
  22  18  25  25  24  24  23  23  19  15  12  12  14  18  19  23  29  32
  31  30  33  32  28  31  27  41  66  86  95  97  96  95  99  95  97  97
  97  99 102 103 101 100 101 104 105 104 103 104 105 105 104 106 108 107
 104 101 102 104 105 105 107 108 109 109 109 108 106 107 108 106 105 105
 106 107 107 106 102  99  98  95  93  94  91  87  85  84  81  75  74  77
  79  77  74  73  74  72  70  71  72  72  73  74  75  75  76  77  78  79
  79  79  79  80  83  85  84  82  95 115 145 173 175 169 169 166 169 172
 168 172 174 170 171 171 172 173 174 175 175 176 176 178 179 180 180 180
 181  29]"
"[ 29  28  85  85  87  87  86  87  82  83  86  88  84  83  84  86  86  89
  90  91  91  89  86  85  88  89  89  87  85  86  87  88  91  89  88  89
  92  92  89  85  85  84  85  85  68  44  37  38  34  34  32  33  34  30
  25  22  20  21  24  23  23  22  22  18  12  10  11  15  16  19  25  30
  31  32  34  33  33  32  29  36  49  74  90  98  98  95 100  99  99  99
  98  99 102 103 102 102 104 105 105 105 105 105 106 106 105 106 107 107
 105 103 103 106 105 106 107 108 109 110 110 110 107 109 110 109 108 108
 109 109 108 108 105 103 104 101  97  97  98  93  88  84  80  77  78  80
  80  80  76  73  74  74  74  74  70  70  71  74  76  77  77  77  79  80
  81  81  82  82  83  84  80  92 132 161 167 170 168 168 168 162 165 170
 174 173 173 170 172 172 173 174 176 177 177 176 176 179 179 181 181 182
 182  29]"
"[ 29  28  85  85  87  87  86  87  88  87  88  88  84  82  85  88  86  88
  88  87  86  85  85  87  89  89  89  87  86  87  88  89  89  88  89  91
  93  91  86  82  80  80  82  75  51  34  37  40  38  37  33  30  30  28
  25  24  17  18  24  23  25  22  24  21  14   9  10  14  16  18  25  31
  31  32  32  31  37  33  37  42  57  71  82  97 102  97 100  99 101 100
  98  98 101 103 103 104 106 105 105 105 105 105 105 105 107 107 106 106
 105 104 105 106 108 109 109 109 109 110 111 111 109 110 112 112 112 112
 111 111 109 111 108 107 109 107 103 103  99  97  94  90  87  84  82  80
  80  81  77  72  72  74  74  74  69  68  69  73  76  77  77  76  79  80
  81  83  83  82  81  82  98 136 167 166 166 168 162 170 168 170 172 169
 175 174 176 177 174 173 173 175 178 179 178 176 177 179 180 181 182 183
 182  28]"
"[ 30  28  85  84  86  86  87  90  91  91  90  87  84  86  88  86  88  88
  87  87  89  91  91  90  88  85  84  85  87  87  87  87  88  88  88  87
  87  87  86  86  82  83  80  64  40  42  37  40  40  40  37  32  30  29
  29  29  22  19  20  20  25  25  25  23  17  10   8  10  14  20  22  25
  29  31  34  36  39  39  38  46  52  66  87  99 100 100  99  99 101 101
 100 102 105 105 103 103 106 105 102 101 104 105 105 105 104 105 106 106
 106 105 106 106 110 110 109 107 107 108 110 111 108 110 111 110 111 114
 115 115 112 111 110 111 113 112 110 107 105 102  98  96  93  90  85  82
  80  79  78  74  71  73  75  74  74  66  69  74  73  78  82  76  80  83
  87  87  81  77  90 111 147 165 169 162 166 168 167 170 170 172 173 173
 174 175 175 174 174 173 174 176 179 180 179 178 179 179 179 181 182 184
 183  28]"
"[ 30  28  82  80  82  84  87  90  89  88  86  83  80  83  86  86  85  85
  86  88  90  91  90  87  84  82  82  85  87  86  85  86  87  88  89  89
  87  86  86  87  85  83  74  54  38  40  40  41  39  41  40  35  31  30
  31  32  24  20  20  21  25  23  24  24  20  11   9  11  15  22  26  30
  31  33  36  36  38  38  38  46  52  67  86  94  96  98  99  99 101 101
 100 102 105 105 103 103 105 105 103 103 105 105 104 105 106 106 105 104
 104 105 108 110 110 110 108 107 107 108 108 108 105 108 110 110 110 112
 113 113 114 113 113 114 115 114 113 111 108 107 104 101  97  93  88  85
  83  80  77  74  74  76  76  73  71  75  76  76  78  79  81  83  84  89
  86  78  80 101 134 159 161 169 168 163 167 169 167 170 170 172 173 173
 173 174 175 175 175 174 175 177 179 180 180 179 180 181 182 183 183 183
 184  30]"
"[ 30  29  83  80  82  85  88  89  90  88  86  84  81  82  86  88  85  85
  85  87  90  92  89  86  83  82  84  88  89  88  87  88  87  89  91  90
  88  86  87  89  86  81  64  47  40  38  40  37  39  40  40  38  34  32
  32  31  27  22  21  21  24  21  23  25  20  13  12  15  19  25  28  31
  33  35  37  37  38  38  39  47  60  76  89  93  93  97 100  99 100 100
 100 102 104 104 103 103 104 104 103 104 106 106 104 104 107 106 105 104
 104 106 109 112 111 110 108 108 109 110 109 107 109 112 114 113 112 114
 115 116 115 115 116 116 116 116 116 115 111 112 110 104 100  97  93  89
  87  84  81  79  78  79  78  74  75  74  74  77  82  81  80  82  86  86
  81  82 105 138 160 166 168 168 166 165 168 169 169 172 171 172 173 173
 172 173 175 176 175 174 175 177 180 181 181 180 180 181 183 184 182 182
 183  29]"
"[ 29  30  86  83  85  88  88  87  86  85  86  86  83  83  86  88  88  86
  84  85  88  91  90  88  86  87  88  89  90  91  92  92  90  91  92  92
  89  87  88  90  90  79  53  44  43  38  37  32  38  39  40  40  40  37
  32  29  30  26  24  20  22  21  25  26  24  18  16  16  20  29  31  31
  35  36  37  35  37  38  40  48  69  82  90  91  92  96 100 100 101 100
 101 103 104 105 105 104 105 105 104 106 109 109 105 104 104 105 106 107
 108 108 109 110 109 109 109 109 110 111 111 109 113 114 113 111 111 112
 114 116 116 115 115 115 116 116 117 117 115 116 113 107 103 102  99  95
  91  90  89  85  81  80  79  76  74  72  77  82  80  82  85  81  85  83
  96 127 158 168 166 166 166 165 167 168 167 168 171 173 172 173 174 173
 173 173 175 177 175 176 176 178 181 182 182 182 179 182 183 184 182 182
 183  29]"
"[ 28  30  87  84  86  88  86  84  82  83  87  90  88  88  88  89  87  85
  83  83  86  89  89  88  85  88  88  86  86  90  93  92  93  92  91  91
  90  88  88  89  92  74  41  41  41  38  35  33  34  36  40  44  45  42
  36  32  33  31  28  20  21  23  28  28  31  25  20  14  18  30  35  35
  37  37  37  34  37  40  42  51  71  82  86  89  93  95 101 102 103 101
 102 105 105 106 107 105 107 106 105 107 111 111 107 105 104 106 108 110
 110 109 108 108 108 109 110 110 111 112 112 111 114 113 111 110 110 112
 114 115 116 115 114 113 114 116 117 117 118 119 117 112 110 109 106 101
  97  95  92  87  82  80  80  77  76  76  79  81  83  89  88  79  86 108
 137 160 171 170 166 166 165 166 169 169 167 168 171 171 173 174 175 174
 174 174 176 178 179 179 179 181 183 184 183 183 181 183 184 185 184 185
 185  29]"
"[ 29  29  86  85  86  87  86  85  83  84  88  90  89  89  88  86  84  83
  83  84  87  89  88  86  83  86  86  82  82  87  91  91  94  91  89  90
  91  89  88  88  85  64  34  40  41  38  32  31  27  30  37  43  45  43
  40  39  36  35  30  21  21  26  31  30  32  28  25  18  20  32  37  36
  36  37  37  36  40  45  49  58  74  86  88  91  96  97 102 104 104 101
 103 106 104 105 107 105 107 107 105 106 109 109 106 105 107 108 109 110
 110 109 108 107 110 112 113 113 112 112 112 112 112 112 111 112 114 115
 116 116 116 115 114 114 115 116 116 117 119 120 120 118 117 115 111 107
 104 100  95  90  85  84  82  78  77  79  77  80  87  84  84  93 126 152
 169 168 166 170 170 165 166 166 167 168 168 171 173 172 174 174 175 175
 176 176 178 179 181 181 181 182 183 183 183 182 182 184 185 186 186 187
 186  29]"
"[ 29  30  87  86  87  87  87  87  86  84  84  84  83  85  85  82  84  85
  87  88  89  89  87  85  84  86  87  85  84  86  89  91  93  89  88  90
  92  90  88  87  78  57  35  40  40  36  32  30  25  25  29  36  42  44
  42  41  37  35  31  22  23  26  31  31  30  29  29  24  23  30  34  35
  36  39  40  38  41  46  50  60  76  92  93  95  99 100 105 105 102  99
 103 107 105 106 107 104 107 107 106 105 106 105 104 104 108 108 108 109
 109 109 109 109 112 114 115 115 114 112 111 110 111 110 111 113 114 114
 114 114 115 116 116 116 116 116 116 117 118 119 120 120 119 117 115 113
 111 108 105 100  94  91  87  82  72  78  81  84  84  82  99 132 162 162
 164 167 170 168 166 168 167 167 167 168 170 173 174 175 175 174 174 176
 178 178 179 180 180 180 180 181 182 182 182 181 183 185 187 187 186 187
 186  29]"
"[ 30  29  87  88  89  88  87  89  89  87  84  82  82  87  90  87  87  89
  91  91  91  89  87  85  88  88  89  90  88  86  88  92  92  88  88  91
  93  91  88  88  79  57  40  38  37  35  35  33  28  23  22  29  40  45
  43  39  37  33  29  22  24  25  30  31  31  29  30  26  22  26  32  37
  38  42  43  39  39  41  45  54  71  91  94  95  99 101 106 105 101  99
 104 109 107 108 110 106 108 109 108 105 104 103 103 105 107 107 108 109
 110 111 111 111 112 114 116 116 114 112 110 108 114 114 114 115 114 113
 114 115 115 116 118 118 116 115 116 116 117 118 118 118 118 117 118 119
 114 116 117 113 104  96  91  86  76  77  79  81  86 106 137 161 162 164
 163 164 166 167 167 170 168 169 170 172 172 171 173 177 176 174 174 176
 179 179 179 180 179 180 180 181 182 182 182 182 184 187 188 188 186 187
 186  29]"
"[ 29  29  96  91  92  95  92  94  97  94  91  93  96  99  99  98  89  90
  92  93  94  92  91  94  89  87  87  84  81  84  92  96  90  87  89  95
  98  98  95  92  81  54  40  39  38  35  34  33  31  24  19  23  33  41
  41  36  36  36  30  23  21  27  33  34  33  32  32  30  25  29  36  36
  42  44  43  40  39  43  47  48  71  89  96  95 101 106 106 108 100 101
 103 107 112 113 110 106 104 108 113 112 104  97  99 105 108 110 111 110
 110 113 115 116 115 114 118 118 116 114 112 116 118 118 117 116 115 114
 114 114 114 117 122 121 118 117 116 119 117 117 120 122 121 120 120 120
 118 123 124 120 115 110 100  91  82  80  81  96 125 153 167 168 165 165
 166 168 170 169 169 169 170 173 174 172 170 172 174 174 174 175 177 179
 180 179 179 180 180 180 181 182 182 181 182 183 179 182 186 186 188 187
 187  29]"
"[ 29  30 102 101 104 106 102 102 105 105 106 106 105 106 109 112 108 107
 105 105 105 104 103 105 108 109 110 109 105 105 109 111 108 108 111 114
 112 109 106 101  97  62  44  40  34  31  32  31  26  21  17  18  25  32
  37  37  37  39  36  28  23  26  30  32  33  32  30  26  25  33  40  39
  43  42  41  39  40  45  51  56  76  93  99 102 111 121 117 118 121 121
 121 123 126 127 124 121 114 113 115 120 122 120 117 116 115 115 111 108
 108 112 115 116 122 121 123 121 117 114 113 117 123 123 122 119 116 114
 112 112 117 119 123 122 120 119 116 117 123 122 124 127 126 124 123 121
 120 124 125 122 123 124 119 112  85  82 102 141 167 167 163 166 166 166
 167 169 170 170 169 169 171 174 176 174 173 174 175 175 174 175 176 178
 179 179 179 179 181 181 182 182 181 182 184 186 183 184 187 186 188 187
 187  28]"
"[ 28  30 105 106 111 113 109 108 107 108 109 109 108 109 111 114 114 112
 109 108 109 109 108 110 115 116 119 119 115 113 114 114 112 115 119 120
 117 114 111 108 107  65  46  44  34  30  29  28  25  23  20  19  21  27
  35  41  39  42  41  33  25  24  27  29  30  28  26  24  28  39  44  40
  42  40  39  40  42  46  53  59  80  92  96 104 118 137 130 131 133 133
 132 132 134 135 134 133 129 130 133 136 134 133 134 138 137 137 136 134
 136 139 140 138 134 131 132 133 134 135 132 132 137 138 138 138 137 136
 136 137 139 137 136 132 130 129 126 126 127 125 125 128 128 127 126 123
 122 124 130 137 138 135 137 142 128 139 156 167 167 163 163 167 167 167
 167 169 171 171 170 169 171 174 176 175 175 176 176 175 176 176 177 178
 179 179 180 180 181 183 183 181 180 182 185 186 186 186 187 186 188 188
 187  28]"
"[ 29  29 104 106 110 114 112 111 109 110 110 110 109 110 111 112 113 111
 109 109 111 111 111 113 115 115 116 116 113 113 114 114 112 115 119 120
 117 117 117 115 110  64  42  42  32  28  26  25  24  23  21  19  19  23
  31  37  38  41  41  34  27  23  24  24  24  24  24  27  35  44  46  41
  40  39  38  38  41  45  50  53  72  86  96 106 122 141 135 139 139 139
 137 137 138 139 139 138 141 139 138 139 140 139 138 138 139 142 144 145
 147 149 147 144 144 141 143 144 147 147 142 140 149 150 152 152 152 152
 153 154 150 148 148 148 150 153 154 156 155 152 152 154 155 156 157 156
 155 154 158 165 163 155 158 168 168 164 162 163 166 168 166 163 168 168
 168 169 171 172 171 170 170 172 174 174 175 176 177 177 178 178 178 179
 180 180 181 181 181 183 183 180 179 182 184 184 187 186 188 186 188 188
 187  29]"
"[ 30  29 105 107 110 114 114 114 111 114 116 114 111 111 113 115 114 114
 112 112 114 113 114 117 119 117 116 116 115 117 119 119 118 120 122 123
 121 122 122 119 116  70  40  40  32  30  29  29  26  24  21  19  18  21
  26  31  37  39  40  36  31  26  22  21  20  21  25  33  42  48  47  46
  41  39  36  34  37  43  48  48  63  83 102 113 128 137 135 141 144 142
 140 139 140 141 140 138 140 138 137 141 144 143 138 135 143 145 146 145
 145 147 146 144 144 145 150 149 147 146 144 146 148 149 150 151 151 151
 152 153 153 152 154 153 153 153 150 150 154 152 152 154 154 156 158 158
 163 161 159 157 156 158 160 161 161 161 162 166 167 166 166 169 169 169
 169 169 171 173 173 172 172 172 173 173 174 176 178 178 179 178 177 178
 180 180 181 181 182 183 183 181 182 184 185 183 185 186 188 186 188 187
 187  29]"
"[ 29  29 107 111 112 115 115 114 114 115 116 115 114 115 114 114 113 113
 112 112 115 115 117 121 120 119 119 119 118 119 121 121 120 119 120 122
 123 123 121 117 116  77  38  39  36  34  33  32  30  25  19  18  19  21
  24  27  34  36  38  37  34  28  23  20  20  24  29  37  46  49  48  49
  45  43  37  32  34  43  49  51  67  83  99 114 132 137 137 140 142 141
 140 140 141 142 141 139 138 141 144 145 143 142 142 144 146 147 147 146
 146 147 147 146 144 145 149 148 147 148 149 152 147 148 149 149 150 152
 153 154 154 154 157 155 154 155 153 155 157 156 158 160 159 160 161 160
 160 159 158 158 159 161 163 163 163 165 165 164 165 168 168 165 170 171
 171 171 172 174 174 174 175 175 175 175 176 177 178 179 179 178 178 179
 180 181 181 181 183 184 184 183 185 187 186 185 186 186 189 187 188 187
 187  29]"
"[ 29  28 109 113 113 116 116 115 116 116 115 115 117 119 117 113 112 112
 111 114 118 119 120 122 119 119 121 122 119 119 121 122 121 117 117 120
 122 124 122 119 113  82  34  34  37  33  32  31  29  23  17  16  18  20
  22  24  29  31  32  33  30  26  24  24  25  30  34  39  47  48  47  48
  46  44  39  36  36  41  47  50  69  83  91 115 135 140 139 140 141 142
 142 142 143 144 144 143 143 143 142 142 142 143 144 145 144 146 146 146
 147 149 149 147 150 147 148 146 148 151 149 150 152 152 151 151 152 152
 153 153 156 155 156 153 153 155 156 159 158 158 160 162 161 161 162 161
 161 160 161 164 164 160 160 163 162 161 163 166 168 168 167 167 170 172
 173 172 172 174 175 174 176 176 176 177 177 177 178 179 180 179 178 180
 181 182 182 182 183 183 183 184 185 186 186 186 187 187 188 187 189 188
 187  29]"
"[ 30  30 111 116 115 117 118 117 113 116 117 116 116 117 116 115 111 111
 111 115 119 119 118 118 116 117 121 121 117 117 120 121 122 116 114 117
 121 123 123 121 122  95  36  33  38  34  34  34  28  23  19  19  21  22
  22  23  25  26  26  26  23  22  25  29  30  37  40  42  47  49  46  45
  43  42  41  40  39  38  41  45  60  80  90 122 138 140 138 141 142 143
 144 143 143 143 142 142 142 144 145 146 145 144 145 145 147 146 145 144
 147 150 151 149 151 150 151 150 150 152 151 152 153 152 151 151 153 154
 155 155 155 154 156 155 155 157 157 159 159 157 158 160 161 162 163 162
 162 161 161 161 163 165 164 161 163 164 166 167 168 169 168 166 168 171
 173 172 172 174 174 173 174 175 176 178 177 177 177 179 180 179 179 180
 182 182 182 182 183 183 183 183 183 183 184 186 188 187 188 187 190 190
 189  29]"
"[ 28  29 114 115 115 116 115 114 115 116 116 115 117 119 120 118 111 112
 113 115 116 120 120 116 117 119 122 121 119 119 121 121 119 118 117 118
 121 123 123 121 122 102  34  33  39  31  38  34  29  25  22  22  23  22
  21  21  24  22  24  23  17  17  25  31  34  38  42  45  46  47  47  48
  42  40  38  38  40  40  41  45  56  84  90 120 136 140 140 142 143 143
 144 145 145 144 143 143 144 143 144 145 144 144 145 145 148 147 146 146
 146 145 147 149 151 151 152 152 152 152 152 151 151 154 154 153 153 154
 154 153 156 158 157 155 155 155 156 158 154 155 157 160 161 161 161 163
 161 161 161 163 164 165 165 165 166 165 166 169 170 168 168 169 171 171
 171 172 173 174 174 174 174 177 178 178 177 176 176 178 178 178 179 181
 181 182 184 186 185 183 182 182 183 184 185 186 187 186 187 189 188 189
 188  29]"
"[ 29  29 113 113 113 115 115 115 113 115 116 117 118 118 117 116 113 113
 114 115 116 120 122 120 116 118 122 124 122 121 121 118 120 120 120 120
 121 122 122 122 124 111  47  33  40  40  38  36  32  30  28  26  24  23
  24  27  27  24  25  24  19  20  28  34  34  36  40  44  47  48  48  48
  45  42  39  39  40  38  41  49  62  82  89 118 132 134 140 144 143 143
 144 145 146 145 144 143 144 142 143 144 143 144 147 147 145 145 145 146
 146 145 145 147 151 152 152 153 153 154 154 154 153 155 156 155 155 156
 156 155 155 157 156 155 156 155 155 157 152 154 157 159 161 161 162 162
 161 161 161 163 164 164 165 166 167 166 168 171 172 171 170 171 170 171
 173 174 174 174 174 173 174 177 178 178 178 177 177 179 178 179 179 180
 181 183 185 186 185 183 182 182 182 183 185 187 187 187 188 188 187 188
 187  29]"
"[ 29  29 113 114 113 115 115 116 115 115 117 118 118 117 116 116 116 115
 115 115 115 119 123 123 116 117 121 124 123 122 120 116 120 122 124 124
 122 121 122 123 125 123  64  37  45  43  36  34  33  33  32  29  25  23
  26  30  31  29  28  26  22  23  32  39  37  37  39  44  48  49  48  47
  48  44  41  41  40  38  44  55  66  79  89 118 137 136 141 143 142 142
 143 145 145 145 144 143 142 141 142 144 144 145 147 147 146 146 146 146
 146 146 148 151 151 151 152 153 153 153 154 154 154 156 157 156 156 157
 157 156 155 156 156 157 158 155 155 157 153 154 157 160 161 162 162 162
 161 161 161 163 164 164 165 166 166 166 167 171 173 172 171 172 171 173
 175 175 175 175 175 175 175 178 179 179 179 178 177 179 179 180 180 179
 181 184 185 185 184 184 184 183 183 183 185 188 187 188 189 188 186 187
 187  29]"
"[ 29  29 114 115 114 115 115 116 118 117 117 117 116 114 115 117 116 116
 117 116 115 118 122 122 118 117 120 122 122 123 121 117 119 122 125 124
 122 121 122 123 124 130  81  44  50  42  37  34  34  35  34  31  27  25
  27  30  33  32  32  28  24  25  33  41  42  40  41  45  49  48  46  45
  48  46  43  41  40  39  47  60  64  73  80 107 138 137 138 137 141 141
 141 143 144 144 143 142 141 140 143 146 146 147 146 145 145 146 148 149
 149 150 152 154 151 151 151 152 152 152 152 152 155 156 156 156 155 156
 156 156 155 156 156 158 159 157 156 158 156 157 159 160 161 162 162 161
 162 161 161 163 164 165 166 167 166 166 167 169 171 172 171 171 173 174
 175 175 175 176 176 177 176 179 179 179 180 178 177 178 179 180 180 179
 181 184 184 182 184 184 184 185 185 184 185 187 188 188 188 187 185 187
 187  28]"
"[ 29  29 113 114 113 114 114 116 118 116 116 116 114 112 113 116 116 116
 118 118 116 117 120 121 119 119 120 122 122 123 122 119 119 122 124 124
 123 123 123 124 122 129 100  51  49  45  40  38  39  38  37  34  31  30
  29  29  31  33  32  29  26  27  33  41  46  44  44  46  48  46  44  42
  43  44  43  39  38  40  49  60  69  79  79  99 137 140 139 142 141 140
 140 142 143 143 143 142 141 140 143 146 147 147 147 145 143 146 149 151
 152 152 151 151 152 152 152 152 152 153 153 153 155 155 155 154 153 154
 155 155 153 155 156 158 159 158 157 159 158 159 160 160 160 161 161 161
 163 162 161 163 166 167 167 167 168 167 167 169 170 171 171 171 172 172
 173 174 175 176 176 176 176 178 178 178 179 178 177 178 178 180 181 181
 183 184 183 179 184 183 184 185 186 186 186 186 187 186 186 186 186 189
 188  28]"
"[ 30  28 111 112 111 112 113 115 115 116 117 117 115 114 114 115 115 116
 119 120 118 118 120 121 119 119 121 122 121 122 122 119 122 123 124 124
 125 125 125 125 123 125 119  64  42  48  40  39  42  40  38  36  35  34
  31  28  30  33  33  32  31  31  35  41  46  46  46  45  44  43  41  39
  38  41  40  37  36  40  48  56  68  81  82  97 131 136 137 142 142 141
 140 141 143 143 143 143 142 141 143 145 146 147 148 148 147 148 149 149
 149 150 151 151 152 152 152 152 153 153 153 153 154 154 154 153 153 153
 154 155 154 156 157 158 160 160 159 160 158 159 159 159 159 161 162 161
 164 162 162 164 167 168 168 167 168 168 168 168 170 171 171 171 172 172
 173 175 176 176 175 174 175 176 176 176 179 179 178 179 180 182 183 184
 185 186 184 181 183 183 184 186 188 187 187 186 186 187 187 188 188 192
 190  29]"
"[ 30  28 112 114 113 112 112 113 113 115 117 117 117 117 116 116 115 116
 120 121 119 118 119 120 119 119 121 121 119 120 122 121 126 126 125 125
 125 126 126 125 124 123 126  89  41  44  40  38  41  41  39  38  37  36
  34  31  32  35  35  35  38  37  36  39  44  47  47  44  41  40  40  39
  38  40  39  37  37  39  46  54  67  79  87 104 130 136 139 141 143 141
 140 141 143 143 144 144 143 142 144 145 145 147 149 149 151 150 149 147
 147 150 151 151 152 152 152 152 152 152 152 152 153 153 153 154 154 153
 154 155 156 159 159 158 160 161 161 160 158 160 160 159 160 162 162 160
 163 163 164 166 167 167 167 168 168 168 168 169 170 171 171 171 173 173
 173 174 175 175 174 174 175 176 175 176 178 179 179 180 182 182 183 185
 186 186 185 184 184 184 185 186 187 186 186 186 187 188 190 190 190 193
 190  29]"
"[ 29  28 114 117 117 115 112 112 112 114 116 115 116 118 118 117 116 117
 120 121 118 117 118 119 120 121 122 120 117 119 123 124 127 126 125 123
 123 124 124 123 122 122 123 112  47  39  45  40  40  41  41  40  39  39
  38  36  34  36  36  37  42  41  36  36  41  46  48  44  39  39  40  40
  41  40  39  39  40  40  45  53  64  71  82 104 124 133 139 137 144 141
 140 140 142 143 143 143 144 143 145 147 146 146 148 148 148 150 150 150
 151 152 150 148 153 153 153 152 152 152 152 152 151 152 153 154 155 154
 154 155 157 160 160 157 159 162 161 160 159 160 161 160 161 163 162 160
 162 163 165 167 167 166 167 168 167 169 169 170 170 171 172 172 174 174
 173 172 171 172 173 175 176 176 175 175 178 179 179 180 181 180 181 183
 184 184 184 184 185 186 186 186 186 185 185 186 186 189 191 191 189 192
 189  27]"
"[ 30  28 114 116 116 114 111 111 113 115 116 116 116 117 117 117 116 116
 117 118 118 119 120 118 121 122 122 121 121 120 121 122 123 123 123 123
 123 123 123 122 123 121 125 124  77  40  45  43  42  40  42  40  39  41
  40  40  38  37  36  38  40  36  33  37  40  42  45  43  38  37  39  38
  39  41  41  39  38  41  45  48  54  66  81 102 130 135 138 140 143 141
 139 140 142 144 143 142 142 144 145 145 145 146 146 146 147 148 150 151
 152 152 150 147 153 154 153 150 150 151 152 153 154 153 154 155 156 156
 156 156 157 156 156 157 159 161 162 162 162 161 160 161 162 162 162 161
 163 161 163 167 168 166 165 166 169 169 170 170 171 172 172 172 173 173
 172 170 172 176 177 175 177 178 177 177 180 181 180 180 180 181 183 183
 183 183 184 184 187 187 186 186 186 187 186 185 187 188 189 190 191 188
 189  28]"
"[ 29  28 113 116 115 113 110 110 115 114 114 115 117 119 119 118 117 116
 117 118 118 120 121 119 121 121 122 122 121 122 123 123 124 125 125 124
 123 123 123 123 123 121 121 120  94  45  44  48  42  40  40  40  41  41
  40  40  39  37  34  36  40  38  34  35  39  40  41  40  38  40  41  40
  40  41  41  39  38  40  44  46  53  60  75  93 120 134 140 140 140 140
 140 142 143 144 143 141 142 143 144 144 145 146 146 145 148 150 151 151
 152 153 152 150 155 154 151 148 148 151 153 153 154 154 154 155 157 157
 157 157 157 156 156 157 159 161 161 161 162 161 161 162 162 162 162 162
 163 163 164 168 170 168 166 166 169 169 168 169 170 170 171 171 174 175
 174 172 173 176 176 175 176 177 176 176 179 180 179 180 180 181 182 182
 182 182 183 183 184 185 186 186 187 187 187 187 187 187 188 189 190 188
 189  28]"
"[ 29  29 115 117 116 114 112 111 115 116 116 115 115 117 119 119 119 117
 117 118 119 121 122 120 122 122 122 122 123 123 124 125 125 125 125 124
 125 126 125 124 125 124 123 122 114  64  38  41  42  43  39  38  37  36
  39  42  39  37  35  36  40  40  37  36  40  40  42  43  43  44  44  41
  40  41  41  39  39  41  45  47  53  58  73  86 114 136 140 137 139 140
 142 144 144 144 143 143 144 144 145 145 145 146 147 146 150 151 151 151
 152 154 154 153 154 151 148 147 149 152 155 155 154 154 154 156 157 158
 158 158 158 157 157 158 160 161 161 161 161 162 163 164 164 163 163 163
 165 165 167 170 171 169 167 168 170 169 169 169 170 171 171 171 175 176
 175 173 173 175 176 175 175 177 177 177 179 179 179 180 180 181 181 181
 182 182 182 183 181 184 187 188 187 187 188 189 188 187 187 188 189 188
 189  29]"
"[ 29  29 116 118 117 116 114 114 116 118 119 117 113 113 116 118 119 117
 118 119 118 120 121 121 123 123 123 123 124 124 125 125 126 124 123 125
 128 130 128 124 124 122 125 127 128 101  53  40  37  42  41  42  43  41
  41  41  40  40  39  39  40  41  41  41  41  44  48  50  49  48  46  42
  40  40  39  38  40  43  46  48  53  58  69  80 112 139 138 138 141 142
 144 145 145 144 145 145 145 146 146 145 145 146 147 148 150 150 150 151
 151 152 153 153 152 151 149 150 151 153 154 154 154 154 155 156 158 158
 158 158 159 159 159 160 161 161 161 161 162 163 164 165 165 165 164 164
 164 165 167 170 171 169 168 168 170 170 169 170 172 173 173 173 173 175
 175 173 173 174 175 174 176 178 178 178 179 180 179 180 180 180 180 180
 181 181 182 182 181 184 187 189 188 187 187 188 188 187 187 188 190 189
 190  29]"
"[ 29  29 115 117 116 115 115 115 119 121 121 119 115 114 115 116 117 116
 118 119 118 118 121 122 124 124 123 123 123 123 124 124 125 125 125 127
 129 130 128 124 123 122 122 125 128 121  83  41  43  45  43  43  45  45
  44  41  44  43  42  41  41  43  44  42  42  46  52  53  50  48  47  43
  42  40  38  37  39  41  44  45  51  56  61  74 111 139 137 143 143 144
 145 146 146 145 145 144 145 146 146 145 144 144 146 148 149 149 149 149
 149 149 150 150 154 154 153 153 153 152 152 152 154 154 154 156 157 157
 157 157 159 159 160 161 161 162 161 161 162 162 163 164 166 167 166 164
 163 164 166 168 168 167 167 168 168 169 169 171 172 173 173 173 173 174
 175 174 173 174 174 174 176 179 180 179 180 180 179 180 180 180 180 180
 181 181 181 181 182 183 186 188 189 188 187 187 188 187 187 189 192 191
 190  29]"
"[ 30  30 115 115 114 114 115 115 121 121 121 120 120 119 117 115 116 116
 119 121 120 119 122 123 123 123 123 122 122 122 123 123 123 126 129 129
 127 126 126 126 123 125 124 124 128 122 110  51  46  43  46  45  44  45
  45  46  47  43  42  41  42  44  45  43  44  47  51  51  48  48  48  46
  45  43  40  39  39  40  41  43  48  56  59  75 112 138 136 141 142 143
 145 146 146 145 143 142 145 146 146 145 145 146 148 149 149 148 148 148
 148 148 147 148 153 153 154 154 153 152 152 154 154 154 154 156 157 157
 156 156 158 158 159 160 161 161 161 161 162 162 162 162 164 166 166 163
 164 165 166 167 166 166 168 169 167 168 170 171 172 173 173 173 174 175
 175 175 174 174 174 174 176 179 179 179 180 180 179 180 180 181 181 182
 182 182 182 182 183 183 184 187 189 188 187 188 188 188 188 190 193 191
 191  29]"
"[ 29  30 115 114 112 113 115 116 118 119 120 121 121 121 119 118 118 117
 119 122 122 121 122 122 121 122 122 122 122 123 124 125 122 125 128 128
 126 126 127 127 124 128 128 129 130 126 128  91  53  39  46  50  48  49
  45  47  45  42  43  43  40  42  47  47  49  49  49  48  47  48  49  46
  44  44  44  43  41  40  42  45  49  54  57  75 106 135 138 137 142 143
 145 145 145 144 143 143 145 146 146 147 149 151 151 150 150 148 148 148
 149 148 147 148 149 149 151 153 153 153 154 156 154 154 154 156 157 157
 157 156 157 158 159 159 160 161 161 161 162 163 163 162 163 165 165 164
 165 166 167 167 166 166 167 169 168 169 171 172 172 172 173 174 174 174
 175 175 174 174 174 174 175 178 178 179 180 180 179 180 180 181 182 183
 183 182 182 183 183 182 184 186 188 187 187 188 188 188 189 190 193 191
 191  29]"
"[ 28  29 113 112 110 112 115 117 113 117 121 121 119 118 119 120 119 117
 119 122 122 120 119 118 120 121 122 123 123 124 125 127 122 122 124 125
 127 129 129 128 128 128 130 129 124 128 130 126  88  52  45  45  45  49
  42  44  40  41  45  45  39  39  48  53  53  50  47  47  47  49  48  43
  39  42  45  45  43  41  44  48  50  50  51  68  94 129 143 139 143 144
 145 144 143 143 144 146 146 145 146 148 152 154 153 150 151 149 148 149
 149 149 148 149 147 147 150 153 154 153 153 154 154 154 155 157 158 158
 157 157 157 158 158 159 160 161 162 162 163 164 164 162 162 164 165 164
 165 166 167 166 165 165 166 167 169 170 171 172 171 171 173 174 172 173
 173 174 174 174 174 174 174 177 178 178 181 181 180 180 179 180 182 182
 182 181 182 182 183 182 184 186 186 185 186 188 188 188 189 190 192 191
 190  29]"
"[ 27  30 113 111 111 114 115 116 117 117 118 118 116 114 113 114 117 118
 120 121 121 120 119 119 122 122 122 123 124 126 129 130 124 121 123 125
 125 128 131 129 128 129 130 128 126 128 131 134 126  78  49  55  47  43
  47  43  40  44  42  40  40  38  42  54  55  53  48  47  51  52  47  42
  38  40  43  46  44  42  44  49  51  51  51  68  84 122 135 143 145 145
 144 144 145 144 144 146 146 146 146 148 150 152 149 146 150 150 150 150
 151 151 148 146 150 152 153 154 154 155 156 155 153 155 156 157 159 158
 156 157 160 161 161 161 162 162 161 161 163 165 166 164 163 164 165 164
 165 166 167 166 166 167 167 167 169 170 171 172 171 171 172 173 171 173
 175 175 175 175 175 175 174 176 180 181 180 180 180 180 180 180 181 182
 183 183 184 185 184 185 185 185 187 188 188 186 189 190 192 192 191 190
 191  29]"
"[ 29  29 112 110 111 115 117 118 118 117 117 116 115 114 115 116 121 121
 121 122 122 121 120 120 121 122 123 124 125 126 126 126 122 120 123 126
 127 129 130 128 125 127 129 127 126 126 129 131 136 125  81  57  46  43
  45  47  45  45  41  38  41  40  43  52  55  55  52  50  50  48  43  40
  40  41  42  42  42  43  46  49  51  46  48  70  71  98 140 140 143 144
 145 146 145 145 146 148 146 145 145 146 149 150 148 146 148 149 150 149
 148 148 149 149 151 153 154 154 154 154 155 154 155 156 156 157 159 159
 158 160 160 162 162 162 163 162 161 161 161 163 164 162 162 164 165 165
 165 167 167 166 166 167 168 169 169 170 170 171 172 172 172 171 172 174
 175 175 174 175 176 177 176 178 180 181 181 180 181 182 181 182 183 185
 185 184 185 186 185 186 186 186 187 189 189 189 191 190 192 192 193 193
 193  30]"
"[ 29  29 111 110 113 117 117 117 117 117 116 116 116 117 117 118 123 122
 121 122 122 122 122 121 122 123 124 125 126 126 125 124 121 121 124 128
 129 130 130 126 124 126 128 128 127 126 128 129 129 140 115  80  55  40
  46  46  47  45  39  38  42  43  44  50  52  53  52  52  51  47  41  40
  41  42  42  40  41  45  48  49  50  48  48  66  72  84 129 141 141 142
 145 145 142 142 144 146 146 146 145 146 148 150 148 146 146 146 146 146
 146 148 149 151 152 153 154 154 154 154 154 154 156 156 156 156 158 159
 159 161 162 162 161 161 163 162 161 161 161 163 163 163 163 165 166 166
 166 167 168 167 166 167 169 170 170 169 169 171 173 174 173 171 172 174
 175 174 173 174 176 178 177 178 179 180 180 180 181 182 182 182 183 186
 186 184 183 184 184 186 187 187 188 189 189 188 191 190 191 192 193 193
 193  29]"
"[ 29  29 113 114 116 118 115 113 115 117 119 120 120 120 120 119 122 122
 121 121 122 122 123 123 125 124 124 124 125 125 125 125 122 122 124 127
 129 129 128 126 124 126 129 130 129 128 128 130 128 130 129 104  71  37
  43  47  48  45  41  40  44  44  44  46  49  50  50  53  53  47  41  39
  40  40  41  40  41  44  48  51  51  51  51  57  71  77 105 139 142 143
 146 146 143 144 146 147 146 146 146 146 147 149 148 147 147 144 142 144
 148 151 151 151 152 153 154 154 154 154 154 154 155 156 156 157 158 157
 156 157 162 162 160 159 161 161 161 162 163 164 164 164 165 166 166 165
 166 167 167 167 166 167 168 169 169 169 169 171 174 175 174 173 174 175
 175 174 173 174 176 177 178 178 178 179 179 180 181 181 182 181 183 186
 186 182 180 181 183 185 187 188 188 188 187 185 189 189 190 192 193 193
 193  28]"
"[ 28  30 115 116 117 117 114 113 114 118 122 123 122 121 120 119 121 121
 122 121 121 121 123 124 125 124 124 124 125 125 125 125 124 125 125 126
 128 128 128 128 126 127 129 130 130 129 129 130 130 131 138 134 113  70
  42  49  47  46  45  45  45  43  42  43  48  50  52  54  52  45  39  39
  40  40  40  40  39  41  48  55  57  49  52  54  54  63  85 123 139 142
 144 143 142 145 147 146 145 146 146 146 146 147 148 148 147 145 145 147
 150 152 151 151 151 153 154 154 154 155 155 155 155 156 155 156 158 156
 155 155 159 160 159 159 161 161 161 162 162 163 164 164 165 165 164 163
 165 165 165 166 167 167 168 168 170 170 170 171 173 174 175 175 176 176
 175 174 174 175 176 176 178 178 178 179 180 181 181 181 181 181 183 186
 186 183 181 182 183 185 187 186 186 187 187 186 190 190 193 194 195 194
 193  29]"
"[ 28  30 114 115 117 117 115 115 115 119 122 122 122 121 120 118 119 120
 121 121 120 120 121 123 122 123 124 125 125 125 124 123 126 128 128 128
 129 130 130 132 128 128 129 131 131 130 130 131 130 130 130 135 122 101
  51  44  43  44  45  45  44  43  43  44  45  50  54  53  49  44  42  45
  44  43  42  42  40  42  49  58  62  56  51  55  49  54  70  95 132 142
 145 142 142 144 144 143 145 146 147 147 147 148 149 150 147 148 149 151
 150 148 148 150 151 152 153 154 154 155 155 155 155 155 154 155 157 157
 156 157 155 157 158 160 162 162 160 161 161 162 163 164 165 164 164 163
 164 164 164 165 166 167 167 168 171 171 171 171 172 173 174 175 175 175
 174 173 173 174 175 175 177 178 178 179 180 181 181 181 181 182 183 185
 186 186 185 185 185 186 187 186 187 189 191 191 191 192 194 195 196 194
 193  29]"
"[ 29  29 113 114 116 117 115 116 117 120 121 121 121 122 120 118 117 118
 120 120 119 120 121 122 122 124 126 126 126 124 123 123 126 130 131 130
 131 130 130 133 127 127 128 130 131 130 130 132 128 128 131 139 127 125
  77  46  44  43  44  44  42  43  44  45  43  48  50  49  47  46  47  50
  48  47  46  45  44  46  50  54  63  67  54  54  54  53  56  75 118 139
 148 143 144 146 144 145 146 146 146 147 149 151 151 150 148 149 152 152
 149 146 147 150 151 152 153 153 153 154 154 154 155 155 154 155 158 158
 157 158 155 158 159 160 162 161 160 161 161 162 163 164 164 164 165 165
 165 165 166 166 166 166 167 169 171 171 171 172 172 173 174 174 173 174
 174 173 172 173 175 176 178 178 179 180 180 181 182 182 183 184 184 185
 186 188 188 187 188 189 189 189 190 193 195 194 194 193 195 195 196 195
 193  29]"
"[ 29  28 112 115 117 118 115 115 117 119 120 121 123 124 122 118 116 117
 119 120 121 122 122 122 124 125 127 127 126 124 124 124 125 130 131 130
 131 128 127 130 124 124 125 129 130 130 130 132 130 128 131 131 130 136
 111  77  52  48  46  44  41  42  44  43  46  47  46  44  46  48  49  49
  48  48  48  47  48  49  48  46  63  70  61  51  50  49  49  68 100 130
 144 140 143 145 143 146 147 145 145 146 150 153 152 150 151 151 151 153
 151 149 149 151 151 153 153 153 153 153 153 152 153 154 154 157 160 159
 157 157 158 160 160 160 160 159 159 161 162 162 163 164 164 164 165 166
 168 168 169 168 166 165 167 171 171 171 171 171 173 174 174 174 173 175
 175 174 172 173 176 179 179 180 180 181 181 182 183 184 185 186 186 185
 186 189 190 188 189 190 191 192 194 196 196 195 197 195 195 195 196 196
 194  29]"
"[ 29  29 115 118 117 117 116 113 114 116 118 119 121 123 122 119 119 118
 120 122 122 123 124 122 123 125 127 128 127 126 124 124 124 128 130 130
 127 126 125 125 125 128 130 130 130 130 129 127 129 133 133 132 132 134
 126 103  62  48  44  49  45  48  48  48  49  46  45  46  46  45  46  48
  48  46  46  47  49  49  49  48  57  69  72  59  53  55  54  57  87 103
 130 137 142 144 146 148 148 147 145 146 149 151 150 149 151 151 151 152
 154 155 153 151 153 154 154 154 154 154 154 153 153 154 156 157 157 156
 155 154 155 157 159 160 160 159 160 161 162 162 162 162 165 165 164 164
 167 169 171 171 170 169 169 168 169 172 173 172 172 174 175 174 174 176
 177 176 176 179 181 180 180 179 180 184 186 186 186 187 187 187 187 187
 188 188 190 194 193 194 195 195 195 194 194 194 196 195 195 196 198 198
 194  28]"
"[ 29  29 117 120 119 119 118 114 114 115 116 116 119 122 122 120 121 120
 121 122 121 123 125 125 127 128 129 128 127 125 125 125 126 125 123 123
 125 126 125 123 128 129 130 130 129 129 130 130 133 133 135 139 135 132
 131 122  86  48  51  51  52  52  56  53  50  48  47  48  48  47  47  48
  50  51  51  50  47  46  48  50  54  66  74  66  59  59  59  62  72  89
 125 138 141 144 148 148 146 146 146 147 150 151 151 150 149 149 149 150
 153 154 154 153 154 155 155 155 155 155 155 154 155 156 157 158 158 157
 156 154 156 158 160 161 161 161 161 162 162 163 163 165 168 168 167 168
 168 170 172 172 173 174 174 174 172 174 175 174 174 176 177 177 176 178
 179 179 181 183 183 182 183 183 185 187 188 186 186 187 189 188 187 187
 188 188 190 193 192 193 194 195 195 195 195 195 195 194 195 195 197 198
 195  30]"
"[ 29  29 118 120 118 120 120 117 115 117 117 118 120 123 123 123 122 122
 124 123 122 125 127 127 127 128 130 129 128 127 127 128 129 126 123 123
 127 129 127 124 129 129 130 130 129 129 131 134 134 131 132 138 134 130
 133 133 122  75  56  52  52  54  55  53  51  50  50  52  52  51  50  50
  53  53  52  49  45  43  46  50  49  59  71  70  63  61  60  62  66  71
 108 137 145 145 146 146 147 148 149 150 151 152 152 151 152 152 152 152
 153 155 155 155 156 157 157 157 157 157 157 156 158 158 160 160 160 159
 157 156 159 160 163 164 164 164 164 165 163 165 166 168 172 173 171 172
 171 172 173 173 173 175 175 176 175 176 176 176 176 178 179 179 178 179
 180 182 184 186 185 182 181 182 184 187 187 187 187 189 189 187 187 186
 187 187 189 191 190 191 192 193 193 194 194 195 196 195 195 194 195 196
 194  29]"
"[ 30  30 116 116 115 118 120 118 117 119 121 122 123 124 124 123 123 124
 126 125 124 127 129 127 125 127 130 131 131 130 129 129 130 130 129 129
 130 130 129 127 128 128 130 131 130 129 132 136 133 130 130 132 133 134
 135 132 133 108  63  49  56  55  56  54  52  52  53  54  54  53  51  50
  54  52  49  47  46  45  46  47  46  51  64  68  63  61  57  55  59  58
  90 126 147 151 146 147 147 148 150 151 152 152 153 153 152 153 152 152
 152 153 154 154 158 158 158 158 159 160 160 160 160 161 161 162 162 161
 160 160 161 163 165 166 166 166 166 167 163 165 166 169 173 174 173 173
 173 174 173 172 173 174 174 174 175 176 177 177 177 178 179 179 179 180
 180 181 183 184 182 180 179 180 182 184 186 186 187 188 188 187 187 187
 187 188 189 190 189 189 191 192 193 193 194 194 196 195 195 194 194 194
 193  28]"
"[ 30  30 115 115 113 117 119 118 117 119 122 123 123 123 123 123 126 125
 125 125 124 127 128 126 127 127 129 130 131 131 129 128 129 130 131 131
 130 130 129 129 128 129 131 133 131 130 130 133 133 131 131 131 134 138
 135 130 131 124  87  52  60  57  60  53  53  54  54  55  55  52  49  48
  52  49  47  47  47  47  46  45  46  48  59  65  65  64  58  53  53  60
  82 109 138 154 149 147 146 148 150 151 152 153 155 156 152 153 154 155
 156 157 158 158 160 160 159 159 159 161 162 162 161 161 162 162 162 162
 162 162 163 164 166 166 166 166 166 166 163 165 166 168 172 173 171 172
 172 173 173 173 173 175 175 175 174 176 177 177 178 178 179 179 180 180
 181 181 180 180 179 179 183 182 182 183 185 185 186 186 188 189 189 190
 190 191 191 191 191 191 192 193 194 195 195 195 194 194 196 195 196 196
 194  30]"
"[ 29  29 116 118 117 118 119 118 120 121 123 123 123 123 124 126 128 125
 123 122 121 123 126 125 125 124 123 125 127 129 129 128 129 129 129 130
 131 132 131 130 131 132 133 133 132 130 130 130 131 129 130 131 134 136
 133 131 134 131 113  73  53  59  58  54  56  56  57  57  55  53  50  47
  49  48  48  48  47  46  45  45  48  49  57  62  66  68  62  57  57  63
  73  93 126 154 152 153 152 153 154 154 155 156 157 158 157 158 159 160
 161 162 163 163 161 161 160 160 160 161 162 163 161 161 161 162 162 162
 163 163 165 165 167 167 167 166 166 167 166 167 167 168 171 172 171 172
 172 173 174 173 174 175 175 175 175 176 177 178 179 179 179 179 181 182
 182 181 179 178 179 180 185 185 184 184 185 186 186 186 189 190 191 192
 192 193 193 193 193 193 194 194 195 195 195 195 194 195 196 196 196 196
 194  29]"
"[ 29  28 116 121 121 121 120 120 123 124 124 124 123 123 125 127 126 122
 122 123 122 122 125 126 123 122 121 121 124 127 130 130 129 130 130 130
 131 132 132 131 133 134 133 133 132 133 133 132 132 130 131 129 133 137
 134 134 136 134 131 104  56  59  56  58  58  58  58  58  57  55  52  50
  49  48  48  48  47  46  46  46  49  53  57  58  63  68  64  61  60  59
  61  74 104 142 154 161 158 157 157 157 158 158 159 159 158 159 160 160
 161 161 161 161 161 161 161 160 161 162 162 162 162 162 162 163 163 164
 164 164 165 166 167 168 168 167 167 168 169 170 168 169 171 172 172 173
 174 175 175 174 174 174 175 176 176 177 178 179 179 179 179 180 182 181
 181 180 179 179 180 182 185 186 186 185 185 185 187 188 188 191 192 192
 192 193 193 192 194 194 194 194 195 195 195 195 195 195 196 196 196 196
 193  27]"
"[ 30  28 116 122 123 122 122 123 123 124 125 125 122 121 123 125 124 121
 123 127 126 125 127 129 126 125 124 124 126 128 130 131 126 129 132 132
 131 130 130 131 135 134 133 131 133 136 137 136 137 137 135 130 135 144
 140 138 138 138 146 128  74  53  53  55  57  58  58  58  58  57  55  52
  52  49  47  47  49  49  48  47  51  56  58  55  60  67  64  63  62  63
  60  57  74 121 147 156 156 155 155 156 158 159 159 159 159 159 160 160
 161 162 162 161 159 160 161 161 161 162 162 162 163 163 164 165 165 165
 164 164 165 166 167 167 167 168 168 168 170 170 168 168 171 172 172 173
 174 175 175 175 175 176 178 179 177 177 178 179 179 179 180 181 181 180
 180 180 180 180 181 183 185 188 189 187 185 184 186 188 189 191 192 192
 191 192 193 192 195 194 194 195 195 195 195 195 195 195 196 196 197 197
 195  30]"
"[ 29  28 119 119 119 121 125 122 122 123 123 122 123 123 123 123 125 127
 128 127 128 130 131 130 129 128 125 124 127 131 132 131 132 135 137 136
 133 131 133 136 133 134 133 133 135 140 142 142 138 138 138 139 141 143
 144 143 141 143 144 145 110  65  49  55  54  58  60  57  59  61  56  57
  55  51  48  47  46  48  51  52  51  49  49  53  59  62  62  61  59  61
  63  59  63  85 124 161 160 158 161 154 160 161 159 161 159 159 159 160
 161 162 162 162 158 158 159 161 162 163 163 165 166 164 165 166 167 167
 165 166 165 166 167 169 168 167 168 170 171 171 171 171 172 174 174 173
 175 176 176 176 177 178 178 178 178 179 180 180 179 179 180 181 181 183
 183 181 181 183 184 184 185 186 186 186 186 186 187 188 189 191 193 193
 192 191 192 192 194 194 195 195 196 196 196 196 195 194 194 195 197 198
 198  30]"
"[ 30  29 120 119 120 123 128 127 122 123 124 124 124 124 125 125 124 126
 128 130 133 136 137 136 131 132 132 132 134 136 135 134 136 137 138 137
 136 135 135 136 135 135 134 135 137 140 142 143 141 141 142 142 143 143
 143 142 145 144 145 147 124  89  55  52  61  60  62  59  59  56  56  58
  56  52  49  48  48  49  51  50  47  45  45  48  53  56  57  57  59  55
  58  60  65  73 100 149 160 159 160 156 158 160 161 164 162 161 159 159
 159 161 162 162 160 159 160 163 164 164 164 165 165 163 163 166 167 166
 165 165 167 168 168 167 168 169 170 170 171 172 172 171 172 174 175 175
 175 175 176 176 177 178 178 177 178 179 179 178 178 180 181 181 181 183
 183 182 182 183 184 183 183 185 187 188 188 188 188 189 190 192 193 192
 191 191 191 192 194 194 194 195 195 195 196 196 195 195 195 197 199 199
 197  28]"
"[ 30  29 123 123 123 126 130 130 128 129 130 130 129 129 131 132 130 131
 133 133 135 136 135 133 134 136 138 138 139 139 138 137 138 137 136 136
 137 137 137 136 137 137 138 139 140 140 141 143 142 143 144 143 143 142
 141 140 140 143 148 146 131 109  62  50  58  59  62  62  62  56  60  62
  63  58  55  53  52  52  51  48  47  45  44  46  50  53  54  55  57  52
  56  59  64  61  73 126 159 164 161 159 157 160 163 164 164 162 160 159
 160 162 163 163 161 161 162 165 166 165 165 165 165 165 162 168 170 166
 168 166 168 169 168 166 168 171 172 171 173 173 173 172 172 174 175 175
 174 174 175 176 177 178 178 177 179 179 178 178 179 181 181 180 181 183
 184 184 184 185 185 184 183 185 187 189 189 189 189 190 191 192 193 192
 191 192 193 193 194 194 194 194 195 195 196 196 197 198 199 201 202 201
 199  28]"
"[ 29  29 127 128 128 129 131 131 131 132 133 132 130 129 131 133 130 132
 134 135 135 136 136 134 137 139 139 139 138 137 138 138 138 137 137 136
 137 137 138 138 139 140 141 143 142 140 140 141 142 144 145 144 143 142
 142 141 145 146 144 143 139 135  85  50  54  62  63  63  63  60  63  66
  67  63  59  58  57  57  54  50  48  46  45  47  50  52  54  55  54  55
  57  58  63  60  66 101 143 164 163 160 159 162 162 161 162 162 161 162
 164 165 164 163 162 161 162 164 166 165 164 164 166 166 162 170 172 167
 170 168 167 167 167 167 168 171 172 172 174 174 173 172 173 174 175 175
 174 174 175 176 177 179 179 179 178 179 180 180 181 181 181 180 181 183
 185 185 186 187 187 187 185 187 188 189 190 190 190 190 191 193 194 194
 193 194 195 195 195 195 195 195 195 195 196 197 199 200 200 202 203 203
 201  30]"
"[ 29  29 129 131 130 131 130 131 132 132 133 132 130 128 130 132 130 133
 135 136 136 136 137 137 139 139 139 138 136 135 136 138 138 139 140 139
 137 137 139 141 141 141 141 142 141 139 139 141 144 145 146 146 145 145
 145 146 147 148 144 145 143 149 114  66  56  68  64  60  60  62  61  64
  63  60  58  58  58  60  58  54  48  47  46  47  49  51  52  54  53  58
  57  58  62  65  73  85 115 153 163 161 160 162 160 161 161 161 162 164
 165 166 165 164 163 162 162 163 164 164 164 164 167 168 163 170 172 167
 171 168 167 166 168 170 171 169 170 172 174 173 171 171 173 176 176 175
 176 176 176 176 178 179 180 179 179 180 182 181 181 181 182 182 182 183
 185 185 186 187 188 188 188 188 188 189 189 189 190 191 191 193 195 195
 195 195 195 195 195 195 195 195 195 195 196 197 200 200 199 200 202 203
 201  30]"
"[ 29  29 130 131 130 131 130 132 133 133 133 133 131 130 131 133 135 137
 138 138 136 136 136 137 138 138 138 138 136 135 135 135 139 141 142 141
 138 137 140 142 143 142 140 139 138 138 141 143 144 145 146 145 144 145
 146 147 143 146 146 147 143 150 136  93  58  61  63  59  61  65  61  60
  59  57  56  56  56  59  58  54  50  49  47  48  48  49  51  52  54  57
  52  54  56  61  72  72  91 135 160 164 161 161 160 162 162 162 162 163
 163 164 164 164 165 164 164 165 165 165 166 167 169 170 167 171 172 169
 171 170 170 169 171 175 174 171 170 172 172 171 171 172 174 177 177 176
 177 177 177 177 177 178 178 177 181 182 182 181 180 181 183 185 184 185
 186 186 187 187 188 188 188 188 188 189 189 190 192 193 192 194 195 195
 195 195 195 194 195 195 196 196 195 196 197 198 201 201 199 199 200 202
 200  29]"
"[ 30  29 130 132 131 132 129 132 132 130 130 130 130 129 130 132 134 134
 134 135 136 137 138 139 138 137 137 138 138 136 135 135 138 140 141 140
 139 139 141 143 143 143 142 139 139 140 143 144 143 144 144 144 144 145
 146 147 148 146 145 147 149 154 152 121  72  53  63  62  65  65  65  58
  59  57  57  56  56  58  59  55  55  52  48  47  47  48  50  51  55  54
  49  47  49  56  65  67  79 107 145 162 162 160 161 162 163 163 162 162
 162 162 164 165 166 166 166 167 166 166 167 170 171 171 171 171 171 171
 171 171 172 171 172 175 176 174 172 173 171 172 172 173 175 177 178 178
 176 176 177 177 178 178 177 176 180 181 182 182 182 183 185 185 186 186
 187 188 188 187 188 188 188 188 189 190 191 192 193 193 193 194 195 195
 195 195 195 195 195 196 197 197 197 197 198 199 201 202 200 200 202 204
 201  29]"
"[ 29  28 131 132 132 132 128 131 133 131 130 131 131 130 131 132 132 131
 130 132 134 136 137 138 139 138 137 139 139 138 137 138 138 138 139 140
 141 142 143 144 143 145 144 142 141 143 143 143 144 145 145 145 145 146
 147 148 147 146 149 147 148 148 156 145  98  56  67  63  65  62  68  59
  59  59  59  58  58  61  62  60  57  53  48  45  44  45  48  50  54  53
  49  43  47  57  63  72  72  80 126 156 161 160 164 161 163 163 163 162
 162 163 164 165 165 165 166 166 166 165 167 169 171 171 173 170 169 171
 170 170 171 171 171 173 174 175 174 172 171 173 174 174 175 176 177 178
 175 176 178 179 180 180 179 177 179 180 182 183 185 186 185 184 185 185
 186 187 188 187 187 188 188 189 190 192 193 193 193 193 194 195 195 195
 196 196 197 197 196 198 199 199 199 199 200 201 200 201 201 201 203 205
 202  30]"
"[ 30  28 129 131 134 131 130 130 129 132 132 131 131 131 131 132 132 128
 128 130 132 134 136 137 137 137 138 139 140 140 139 138 138 138 141 145
 146 144 143 144 145 144 143 143 144 143 143 143 145 146 147 146 147 148
 148 147 147 148 148 147 148 149 150 149 116  54  60  68  62  66  62  63
  59  61  61  59  60  63  64  61  58  54  50  47  45  47  49  48  50  50
  49  47  46  49  58  67  76  81  96 147 162 163 167 164 167 163 162 164
 164 162 164 167 168 167 166 165 165 166 167 168 170 171 172 171 169 169
 170 172 171 170 171 173 173 172 171 172 174 174 174 174 175 175 177 178
 176 175 178 179 176 178 180 179 180 179 180 183 186 187 186 186 187 187
 187 187 186 186 187 188 186 188 191 192 193 193 194 195 195 196 195 194
 196 200 199 196 197 199 201 201 200 200 201 203 202 203 201 202 202 203
 202  29]"
"[ 30  28 128 129 131 129 131 131 130 132 132 132 133 132 131 133 135 131
 130 130 130 133 137 139 139 139 138 138 139 141 140 138 138 138 141 145
 146 145 143 144 144 143 143 144 144 144 144 144 145 147 149 148 147 148
 148 148 148 148 148 147 148 149 149 148 144  83  61  65  66  65  65  63
  61  61  61  61  60  60  59  58  60  58  56  51  47  46  49  49  51  51
  50  48  45  46  51  57  68  79  75 113 147 167 169 164 168 167 167 166
 164 163 166 169 168 168 167 167 167 167 168 168 168 169 170 170 170 170
 171 172 172 172 173 175 175 173 173 174 176 176 176 176 176 176 176 176
 177 177 179 180 177 179 181 180 181 180 181 183 185 186 186 186 187 188
 189 189 188 187 186 186 187 188 190 191 193 194 194 195 194 195 195 194
 196 199 200 198 200 201 201 201 201 201 202 203 203 204 203 203 203 204
 203  29]"
"[ 29  28 128 129 131 129 130 131 131 132 132 132 134 134 134 136 135 133
 132 132 131 133 137 139 138 138 137 136 138 141 141 139 138 138 140 144
 146 145 143 144 143 142 142 144 145 145 144 145 145 148 149 149 147 148
 149 149 148 147 146 146 148 149 149 147 150 108  60  65  66  61  64  64
  60  61  62  63  62  60  59  60  61  59  57  54  49  48  49  48  50  50
  51  49  47  46  48  51  59  71  75  89 123 166 164 165 164 166 167 165
 162 161 163 166 166 166 166 166 167 167 167 167 168 168 170 171 172 172
 172 171 172 173 174 175 174 172 173 175 175 174 175 177 177 177 176 175
 178 178 179 180 179 181 183 184 183 183 184 184 185 186 186 187 186 187
 188 188 187 187 188 188 189 189 190 192 193 195 195 195 195 195 195 195
 197 199 201 202 202 202 201 201 202 202 202 203 204 206 204 205 205 206
 204  29]"
"[ 29  29 131 132 132 129 130 129 130 132 131 130 133 136 137 137 134 134
 135 136 135 136 138 138 137 138 136 135 137 142 142 140 138 138 140 143
 144 143 143 144 142 142 143 144 145 145 145 145 145 148 149 149 148 149
 150 150 149 148 147 147 149 150 149 148 148 129  67  68  66  65  65  68
  63  65  66  66  65  63  64  65  64  59  56  54  52  51  51  49  50  50
  51  51  50  50  50  51  55  55  69  79 107 154 166 164 164 167 169 168
 166 165 165 165 163 163 165 166 168 168 168 167 170 170 171 173 174 174
 172 171 172 172 174 174 173 172 173 175 175 175 176 178 179 178 177 177
 179 178 179 181 182 184 185 186 186 186 187 186 186 186 187 187 187 188
 188 187 187 187 190 192 193 193 193 194 194 195 195 195 196 195 195 196
 198 200 201 202 203 202 202 202 202 203 203 203 205 207 206 207 208 208
 204  29]"
"[ 29  30 131 132 132 129 130 130 131 134 131 127 130 136 137 136 133 133
 136 138 137 138 139 137 138 138 137 137 139 142 143 141 139 139 140 141
 142 141 141 144 144 144 144 146 146 146 146 146 146 147 148 148 149 151
 151 150 151 149 148 149 151 151 151 150 155 143  80  60  64  67  65  66
  68  71  71  67  65  66  67  66  66  61  58  56  54  53  53  51  52  51
  51  51  51  51  52  52  54  56  59  77  92 114 160 164 167 166 167 169
 169 168 167 168 165 165 167 169 171 172 171 171 171 171 172 173 174 174
 172 171 172 173 174 174 173 173 174 176 178 179 179 180 180 179 179 180
 180 179 178 181 185 186 185 186 186 188 189 188 187 187 188 188 191 192
 191 190 189 189 190 192 194 195 195 195 195 195 196 196 197 196 195 197
 199 201 201 201 201 202 202 203 203 203 204 204 206 207 206 208 209 210
 205  30]"
"[ 29  29 129 128 129 128 131 131 132 135 132 126 128 134 135 133 132 132
 134 135 135 136 138 137 138 138 138 138 139 141 142 142 141 139 139 140
 141 140 141 144 145 145 145 146 147 146 146 146 145 145 146 146 148 150
 151 150 149 148 147 148 149 150 150 150 151 144  98  54  63  63  65  63
  68  70  70  66  64  67  67  66  65  62  61  58  52  49  50  51  51  50
  50  51  52  53  54  54  54  59  62  74  81  85 132 159 165 163 162 165
 167 167 167 168 168 168 169 171 172 173 172 171 170 171 172 173 173 173
 172 172 173 174 174 174 174 175 176 177 179 178 179 179 180 180 181 182
 181 181 180 182 186 185 184 185 185 188 189 188 187 188 189 189 190 192
 193 193 192 191 192 193 194 195 195 195 195 195 196 197 199 198 197 198
 200 203 203 201 199 201 203 203 203 203 205 206 207 208 207 209 211 211
 205  30]"
"[ 29  29 127 125 127 128 131 132 131 133 131 128 129 132 133 132 133 133
 134 134 132 134 136 136 138 137 137 138 139 140 141 143 142 139 138 140
 141 141 142 143 146 145 145 146 146 146 146 146 145 145 145 145 146 149
 150 150 147 146 147 148 148 148 149 151 147 150 123  70  68  63  66  66
  65  67  66  65  65  67  67  66  64  63  63  61  55  49  49  50  51  50
  51  52  54  54  53  52  52  50  58  66  77  88 107 141 163 163 164 165
 167 168 169 169 170 170 170 170 172 172 171 171 171 172 173 173 173 173
 174 174 174 174 174 174 175 177 178 178 179 178 177 178 180 181 182 183
 182 183 181 182 185 183 182 186 185 188 190 189 188 189 190 189 189 190
 192 193 193 194 194 195 194 194 195 195 196 196 195 195 199 199 199 198
 199 203 204 202 200 202 203 204 204 204 206 208 208 209 208 210 211 211
 205  29]"
"[ 29  29 127 125 127 127 131 131 129 130 129 130 132 132 132 134 134 136
 138 136 132 134 137 137 139 137 137 139 140 140 142 145 143 139 137 140
 143 143 143 143 146 146 145 146 147 147 147 147 146 147 147 146 147 149
 151 151 148 148 149 151 150 150 151 154 153 162 139  88  70  66  65  67
  67  66  66  67  68  67  66  66  67  64  65  65  60  55  52  50  52  52
  52  54  53  51  48  46  45  47  54  64  67  82  94 122 158 163 167 167
 167 169 170 169 172 171 171 171 172 173 172 171 173 174 175 174 173 173
 175 177 175 175 174 174 177 179 180 179 184 181 179 180 183 184 183 182
 182 183 182 183 184 182 182 187 187 190 192 190 190 190 190 189 192 192
 192 193 193 194 195 196 196 195 194 195 196 196 195 193 197 198 198 196
 197 201 203 202 202 203 203 204 204 205 207 209 209 210 208 210 212 211
 206  29]"
"[ 29  30 130 126 126 126 130 130 131 131 129 129 133 135 134 134 132 135
 137 136 135 135 136 136 136 136 138 140 137 133 136 142 137 141 139 138
 142 141 140 146 146 147 144 145 145 145 147 147 145 146 149 150 149 147
 148 151 147 147 149 150 151 151 151 152 154 156 147  94  57  63  64  68
  70  67  65  67  69  69  67  66  65  65  66  66  62  55  52  53  53  53
  51  51  54  52  48  48  43  47  50  56  66  76  89 103 143 166 172 168
 166 167 169 166 171 170 171 173 173 173 173 172 173 173 173 174 175 176
 176 177 178 180 179 178 179 180 180 181 182 182 181 182 184 185 185 184
 183 183 183 184 185 185 186 186 188 188 190 193 193 191 191 192 193 193
 194 194 195 195 196 196 197 198 197 196 195 195 197 198 200 198 197 196
 197 198 201 203 203 205 206 206 205 206 208 210 210 210 210 212 212 212
 207  29]"
"[ 29  30 130 128 130 130 132 132 129 130 131 131 134 134 133 132 133 136
 138 137 136 135 136 137 137 138 139 139 137 135 135 137 137 140 139 139
 143 141 140 145 146 146 144 145 146 146 148 147 144 146 149 151 149 146
 145 146 146 146 148 149 150 151 151 152 152 155 149 104  56  59  66  68
  67  65  64  67  69  68  66  65  66  64  63  64  64  61  57  54  52  51
  50  50  52  51  50  50  49  48  49  54  63  72  80  87 115 155 168 161
 162 165 168 170 172 171 172 174 173 173 173 172 172 173 174 174 174 175
 176 177 178 180 180 180 181 182 181 182 183 183 183 183 183 185 185 184
 183 182 182 184 187 188 188 188 188 188 190 193 194 192 192 193 194 194
 194 195 195 195 196 196 199 199 199 198 196 196 197 197 199 199 200 200
 200 200 200 201 203 205 206 205 205 207 209 210 210 209 209 211 212 212
 207  28]"
"[ 28  29 129 129 131 131 132 131 130 130 130 130 131 133 134 135 133 136
 138 137 135 135 135 135 136 138 138 137 138 139 138 137 137 139 138 139
 142 140 139 143 144 144 141 144 146 146 147 145 145 146 147 148 147 145
 147 149 146 146 147 149 150 150 151 151 149 151 155 138  80  58  63  66
  65  64  65  69  71  68  65  65  70  67  64  63  64  63  59  55  52  50
  49  49  49  51  53  53  47  45  48  53  59  67  78  84  86 130 159 163
 164 166 168 170 172 171 173 175 174 174 174 172 172 173 174 175 175 175
 177 179 178 180 180 180 182 182 181 182 183 185 186 184 183 185 186 185
 184 183 184 186 189 190 190 189 188 188 189 192 194 193 192 193 194 195
 195 195 195 196 196 196 199 200 200 198 197 196 196 196 199 200 201 201
 201 200 200 200 204 205 206 205 205 207 209 211 211 210 208 211 213 214
 207  28]"
"[ 29  29 129 129 130 129 130 129 131 129 128 129 131 133 136 137 134 136
 137 136 135 134 133 133 137 137 137 137 139 141 141 140 138 138 138 140
 142 139 138 143 144 143 141 144 146 147 148 145 146 145 145 146 145 146
 148 151 148 147 147 149 150 151 151 151 152 151 154 152 100  56  58  65
  65  64  66  70  70  67  64  65  70  69  66  61  60  60  59  57  54  50
  50  50  48  51  55  55  51  48  50  52  54  63  76  83  82 104 142 170
 173 171 174 173 172 171 173 176 175 175 175 173 174 174 175 177 177 177
 178 180 179 180 180 180 182 181 180 181 183 185 186 184 184 186 187 186
 185 185 186 188 190 190 190 190 190 189 190 192 194 193 192 192 194 194
 195 195 195 196 196 196 199 199 199 198 197 197 197 197 199 199 199 198
 198 199 201 202 205 206 207 207 207 208 210 210 211 210 210 212 214 215
 209  29]"
"[ 30  30 130 130 131 130 132 132 129 126 128 132 134 136 137 135 136 137
 138 137 136 136 135 135 139 138 138 138 139 140 140 140 140 140 141 142
 141 139 140 144 145 145 144 146 148 148 149 147 146 146 147 148 147 146
 145 147 149 149 149 151 152 153 153 153 153 154 154 151 117  66  59  63
  65  64  65  68  67  64  62  63  65  66  65  61  60  61  61  58  55  51
  50  50  49  51  55  54  56  51  50  51  53  61  73  79  83  83 113 151
 168 170 171 170 173 172 174 176 176 175 176 175 176 175 175 178 179 179
 180 181 181 181 181 181 182 182 181 183 184 185 185 184 184 187 187 185
 186 187 188 190 190 189 190 191 192 191 192 193 195 195 194 193 195 195
 195 195 196 196 196 196 200 201 200 199 198 198 198 198 197 198 198 197
 197 199 203 204 206 208 209 208 208 209 210 210 211 212 212 213 213 215
 209  30]"
"[ 29  29 129 130 132 132 135 137 132 127 128 132 132 135 137 136 136 137
 138 137 137 138 138 137 138 138 138 138 138 139 140 141 141 141 142 142
 141 140 141 142 146 147 146 147 148 147 149 149 148 147 148 148 148 146
 147 148 150 150 151 152 154 154 155 156 153 155 155 155 142  86  62  64
  65  64  64  65  65  64  63  64  66  66  65  64  65  66  63  58  56  53
  50  50  49  50  52  51  51  50  51  52  52  57  67  74  82  81  96 129
 162 175 171 172 174 173 176 177 175 174 175 175 177 175 175 178 180 180
 180 181 182 182 180 181 183 182 183 186 187 186 186 185 186 187 187 186
 187 188 190 191 191 190 191 193 192 192 192 193 195 195 194 193 196 196
 196 196 196 196 196 196 201 201 200 199 198 198 198 198 195 197 199 198
 199 201 204 205 207 208 209 209 209 210 210 210 212 214 214 215 214 214
 209  30]"
"[ 29  28 127 128 132 132 136 138 135 128 128 130 129 132 138 138 137 137
 137 137 137 138 138 138 135 137 138 137 138 141 142 141 142 142 143 142
 141 142 142 140 144 147 147 147 145 143 147 148 148 147 148 148 148 148
 150 153 151 151 152 153 153 154 154 155 156 153 151 154 151 101  65  68
  65  65  65  64  65  66  67  67  68  67  65  65  67  67  64  60  58  54
  50  49  50  50  49  49  49  53  54  52  50  50  56  64  71  76  86 106
 141 167 170 170 173 173 176 177 174 173 175 176 177 175 175 178 180 179
 180 182 182 181 180 180 182 182 182 186 188 187 187 187 186 185 185 187
 188 189 191 191 191 191 192 193 192 192 193 193 194 195 194 193 195 195
 196 196 196 197 197 197 200 201 200 200 199 199 198 198 195 199 200 200
 200 203 205 206 207 208 209 209 209 210 211 211 212 215 215 215 214 215
 209  30]"
"[ 30  28 126 128 131 132 135 136 133 127 129 132 129 132 137 137 139 139
 138 137 137 138 138 137 135 139 139 136 137 142 143 139 143 143 143 142
 142 144 143 138 143 147 147 146 143 141 145 147 145 146 149 151 151 149
 149 150 152 152 152 152 152 151 152 153 152 155 153 153 153 115  70  65
  64  65  65  64  65  68  70  69  67  65  64  63  64  64  65  64  59  56
  50  48  51  51  47  48  51  53  51  50  50  49  51  57  67  71  82  92
 118 155 172 171 172 173 176 176 174 173 176 177 177 176 176 179 180 179
 180 182 182 181 180 181 182 181 182 185 187 186 186 187 185 183 183 186
 189 189 189 190 190 190 191 192 194 194 194 194 194 195 194 193 194 194
 195 196 197 198 199 199 200 201 201 201 201 201 200 199 197 200 201 200
 200 203 205 206 206 207 208 208 209 210 211 211 211 213 213 214 214 215
 209  29]"
"[ 30  29 125 129 133 130 127 130 128 131 131 130 133 136 138 139 139 138
 137 137 137 138 139 139 136 138 139 139 140 141 141 140 138 142 146 147
 146 145 145 147 146 146 147 148 148 147 147 147 147 147 149 150 148 146
 147 151 151 153 155 155 153 152 152 152 152 155 154 155 154 135  86  62
  65  64  65  67  63  70  67  65  65  66  65  63  64  66  65  62  64  56
  51  52  54  52  50  50  49  52  54  50  47  47  48  54  57  66  70  75
  91 119 164 175 175 172 172 172 177 174 176 176 179 178 178 178 179 179
 180 180 181 182 185 183 183 186 185 187 186 187 187 188 188 187 187 187
 188 190 191 190 190 190 191 191 190 195 197 195 194 195 196 194 195 195
 195 196 197 199 200 200 198 199 201 202 202 201 199 197 197 199 201 202
 202 203 204 205 207 207 207 208 210 211 211 211 212 213 214 212 213 216
 213  29]"
"[ 28  29 126 129 132 132 130 132 132 134 134 134 136 137 138 139 138 138
 138 138 138 138 138 137 138 139 140 141 141 141 140 139 137 140 144 145
 144 143 144 146 146 147 147 147 146 146 146 147 147 146 147 148 148 147
 148 150 151 152 154 155 154 153 153 153 155 155 151 152 157 150 101  58
  62  63  64  65  63  68  67  66  63  64  63  63  65  68  68  66  61  55
  51  52  54  54  53  53  49  49  50  48  49  50  49  52  54  57  63  68
  79  93 131 168 179 173 174 173 173 174 182 178 179 178 178 179 179 179
 179 180 182 183 186 184 184 186 185 187 186 187 187 188 188 188 188 189
 189 189 190 190 191 192 191 190 188 192 194 194 193 195 195 194 195 195
 195 197 198 199 199 199 199 200 201 201 200 199 199 199 199 200 202 202
 203 204 206 206 207 207 208 209 210 211 212 212 213 214 216 215 217 219
 214  30]"
"[ 28  31 129 130 131 133 133 134 135 136 136 137 138 137 137 139 139 139
 139 138 138 139 139 138 141 142 143 143 142 142 141 140 139 141 143 144
 143 142 144 146 147 147 147 147 147 147 148 148 148 146 145 146 148 150
 150 149 151 152 153 154 153 153 154 154 154 157 154 154 156 159 122  65
  63  66  63  65  65  68  68  66  64  64  64  63  65  67  67  65  62  58
  55  53  54  54  53  52  51  50  49  47  49  50  49  52  54  52  60  68
  80  83 103 148 177 173 172 176 181 179 180 175 178 178 178 179 179 179
 179 179 181 183 187 185 184 185 185 187 187 187 187 187 188 188 189 189
 190 189 189 190 192 194 192 190 189 191 193 194 194 195 195 195 195 195
 196 197 199 200 199 199 200 201 202 201 199 198 200 201 200 201 201 202
 204 206 207 207 208 208 209 210 210 211 212 213 211 212 215 215 217 218
 212  27]"
"[ 29  31 130 131 131 132 133 135 136 136 136 137 138 137 136 139 139 140
 138 136 136 140 141 141 142 143 144 143 143 144 144 143 142 143 144 144
 142 143 145 147 147 147 148 148 149 149 150 150 149 148 147 147 150 152
 151 149 152 152 152 153 153 155 156 156 152 158 159 158 154 160 141  86
  65  68  65  66  68  69  68  63  67  67  66  65  65  66  65  64  64  63
  59  55  54  54  52  50  52  52  53  49  47  47  47  54  57  52  55  59
  73  79  88 121 161 178 175 170 179 180 179 179 177 178 178 179 179 178
 179 180 181 182 185 185 184 186 185 186 187 187 187 187 188 188 188 188
 190 189 190 191 193 195 194 192 192 193 193 195 195 195 195 195 195 195
 196 197 199 201 201 200 200 201 202 201 200 199 201 203 201 200 200 201
 204 206 208 207 208 209 210 210 210 211 212 214 214 215 217 217 218 218
 212  29]"
"[ 29  29 129 133 131 131 132 136 137 137 136 137 138 136 136 139 139 139
 137 135 136 139 141 142 143 143 143 143 142 143 145 145 144 145 145 144
 142 142 144 146 147 148 149 150 150 150 150 150 150 150 149 149 151 152
 150 148 153 153 152 152 153 155 157 158 157 157 157 158 154 159 154 111
  65  66  66  65  67  67  67  63  70  69  69  68  67  68  67  67  65  65
  62  57  55  54  53  50  50  51  54  51  48  47  46  53  54  54  54  58
  64  71  79  94 115 166 185 181 180 180 178 175 178 178 179 180 179 179
 180 182 184 183 186 186 186 187 185 186 187 187 187 188 188 189 188 188
 189 189 190 190 192 194 194 194 194 193 194 195 195 195 195 195 196 196
 197 198 199 200 201 201 200 201 201 201 201 201 202 203 201 201 200 201
 203 206 208 208 209 210 211 211 211 211 213 214 215 216 218 217 217 217
 212  31]"
"[ 29  28 131 136 133 131 133 136 138 139 138 137 138 137 137 139 138 139
 140 140 139 140 141 142 143 144 143 142 141 142 144 145 145 146 146 144
 143 143 144 146 148 149 151 152 151 150 149 149 150 149 149 150 151 151
 150 148 152 151 151 151 152 154 156 157 159 157 157 157 154 155 159 135
  72  63  65  65  66  66  68  68  71  71  71  70  69  67  67  68  67  66
  64  59  56  54  52  50  49  49  52  52  52  50  48  52  52  55  54  62
  63  66  75  80  90 136 168 183 178 174 180 180 179 180 181 181 180 180
 181 184 188 185 187 187 188 188 185 186 187 186 187 188 189 190 190 189
 188 189 190 190 191 192 194 194 194 194 194 194 195 196 196 195 197 197
 198 199 199 200 201 201 201 201 201 202 202 203 202 201 202 202 201 202
 203 206 208 208 209 210 211 211 211 211 213 215 213 214 216 215 215 215
 211  29]"
"[ 30  30 133 137 133 133 134 134 138 139 138 137 138 138 137 138 139 140
 142 145 144 141 141 143 144 144 144 142 141 142 144 145 146 147 147 146
 144 144 145 147 149 150 152 152 152 150 149 148 149 148 148 150 152 151
 150 150 150 150 151 151 152 153 154 155 157 158 158 156 154 152 159 153
  94  64  63  66  68  68  68  70  70  71  72  71  68  65  65  67  68  67
  64  61  57  54  52  50  50  49  51  51  52  51  48  52  55  55  49  53
  53  58  68  77  80 106 134 172 182 176 178 178 179 181 182 182 180 179
 181 183 187 184 186 186 187 187 185 186 187 187 187 188 189 190 190 189
 189 190 190 190 191 192 193 193 194 196 196 195 195 197 197 196 196 198
 199 200 199 199 200 202 201 201 201 202 202 202 201 200 202 202 202 202
 203 205 207 208 209 210 210 211 211 212 213 215 214 214 216 217 218 218
 212  30]"
"[ 29  30 134 137 132 132 133 131 135 138 138 136 137 138 137 137 139 139
 143 146 145 142 142 146 144 145 145 143 142 143 145 146 145 146 147 146
 145 145 146 147 148 149 151 151 151 150 148 148 149 146 146 150 152 151
 151 151 150 151 152 153 153 154 154 155 156 159 158 153 155 153 159 159
 115  68  61  65  72  72  67  69  67  69  71  70  67  65  66  68  67  66
  64  61  58  55  53  52  51  50  51  49  48  47  47  54  52  55  51  50
  48  52  57  72  81  98 108 146 175 180 178 179 179 181 182 182 180 178
 179 181 184 182 184 184 185 185 184 187 188 187 186 187 188 189 189 189
 191 191 191 191 192 193 193 191 194 197 197 195 194 197 197 196 195 197
 200 201 200 200 201 202 202 202 202 202 202 201 200 199 201 202 203 202
 202 204 206 207 209 209 210 210 211 212 213 215 213 213 215 217 220 220
 212  29]"
"[ 29  31 135 133 132 133 134 132 131 136 138 137 138 138 138 139 142 141
 141 143 145 146 146 146 145 146 146 144 144 146 146 146 146 147 147 148
 148 148 147 146 147 147 150 151 150 149 149 147 147 149 149 149 150 153
 152 150 148 150 153 155 155 155 156 157 156 158 159 159 157 156 156 156
 133  90  62  66  69  68  68  65  65  66  68  67  65  64  64  64  64  64
  64  64  62  59  56  54  51  52  52  50  48  48  50  52  54  54  51  49
  47  45  52  65  70  91  95 113 152 179 188 175 180 185 180 182 181 182
 182 185 185 184 184 186 186 185 185 186 187 187 187 188 189 188 188 188
 190 190 190 191 191 192 193 193 194 194 194 195 197 197 197 196 196 197
 199 201 202 201 201 201 202 202 201 200 200 201 202 204 204 202 201 201
 202 204 206 208 209 209 210 212 213 214 215 216 215 215 216 218 218 218
 214  29]"
"[ 28  29 135 134 133 134 135 134 136 139 139 137 137 138 139 141 143 144
 142 141 141 143 144 142 144 145 146 146 146 147 147 145 148 148 149 148
 147 147 146 146 147 147 150 151 151 151 152 151 150 149 150 151 152 152
 150 148 148 151 154 155 154 154 155 156 159 159 159 158 157 157 158 160
 154 104  60  67  68  66  65  64  65  66  67  66  66  65  64  64  65  65
  65  65  63  60  58  57  53  55  57  56  54  53  51  50  51  51  49  47
  45  42  46  56  67  75  81  92 110 148 182 184 178 180 178 182 180 180
 181 180 182 183 184 185 185 186 186 186 187 187 187 188 188 188 189 189
 189 190 190 191 191 192 193 193 196 195 195 195 196 196 196 196 196 196
 198 200 202 201 200 200 201 201 201 201 201 202 203 203 204 203 202 203
 204 206 209 212 209 209 210 213 214 215 215 215 216 216 216 217 218 218
 214  28]"
"[ 28  29 135 136 136 136 137 137 141 143 141 138 137 138 138 140 143 145
 144 141 141 142 142 139 143 144 145 146 147 148 147 146 147 148 148 147
 146 146 147 148 147 146 148 149 149 151 153 153 150 149 149 152 153 150
 147 146 147 151 155 154 153 154 155 155 159 159 158 158 157 157 159 160
 164 120  65  72  71  68  64  65  66  66  65  65  66  66  66  66  65  64
  63  63  62  59  58  57  56  57  57  55  54  54  52  49  49  50  49  48
  47  46  48  53  56  62  74  85  86 120 160 181 181 183 181 182 178 181
 182 178 180 183 186 185 185 187 188 187 188 188 188 189 189 189 190 191
 189 190 190 191 193 193 194 194 196 195 195 195 196 197 198 198 196 196
 197 200 201 201 201 201 201 201 202 202 203 203 203 203 203 203 203 203
 205 207 210 213 209 210 211 213 214 214 215 216 217 216 216 217 218 218
 214  28]"
"[ 30  29 135 136 136 136 137 138 139 142 141 139 139 138 137 138 140 142
 144 144 144 143 141 139 145 144 144 144 146 147 148 147 147 149 149 148
 146 146 147 148 147 146 147 147 147 149 152 152 150 149 149 151 151 150
 148 146 146 151 154 153 153 156 157 155 157 158 158 158 157 156 157 157
 160 138  80  71  72  68  66  69  68  66  64  64  66  68  68  68  65  62
  60  59  59  59  58  57  56  56  54  52  53  55  54  50  48  49  48  47
  48  48  48  50  53  61  69  79  81 102 130 169 182 185 179 180 180 181
 181 181 181 184 186 186 186 187 188 187 188 188 189 190 189 189 190 191
 189 190 191 192 193 194 194 194 195 195 195 195 196 197 198 198 196 195
 195 197 200 201 201 201 202 202 203 204 205 204 203 202 203 203 203 203
 204 205 209 212 211 211 212 213 213 214 216 217 216 215 215 216 218 218
 214  29]"
"[ 30  28 133 134 135 135 136 137 136 139 138 137 138 139 138 138 138 139
 142 146 146 143 142 142 146 145 143 143 145 146 147 147 149 151 152 150
 148 148 148 148 148 146 146 146 146 148 151 151 150 152 151 149 150 152
 151 148 148 152 154 154 155 158 158 156 157 158 158 158 157 157 157 157
 160 157 102  65  67  65  67  71  70  67  64  64  66  69  70  69  66  62
  59  59  61  62  61  60  56  56  55  54  56  58  55  51  52  51  50  48
  47  48  48  46  49  56  59  66  73  88 101 136 170 181 177 178 181 180
 178 183 183 183 184 186 187 187 186 187 187 187 188 189 189 188 189 189
 190 190 191 192 193 194 195 194 195 196 196 196 196 195 195 194 196 194
 194 196 198 200 201 201 201 203 204 206 206 205 203 202 203 203 203 204
 204 205 207 210 210 211 213 214 214 215 216 218 217 215 215 216 218 218
 214  29]"
"[ 29  28 133 133 134 136 138 138 138 139 138 136 137 138 138 138 140 140
 141 144 144 141 142 145 146 145 144 145 146 146 145 145 147 149 150 150
 150 150 151 150 148 146 146 147 147 149 151 151 150 153 152 148 148 152
 153 150 152 154 155 155 157 159 159 157 158 158 157 157 157 157 158 158
 160 165 125  68  65  66  67  67  69  67  65  65  67  69  69  69  67  64
  61  62  64  65  64  62  58  56  54  54  55  56  56  55  56  54  53  52
  49  49  49  47  51  58  61  66  73  88  94 108 140 174 185 181 178 181
 181 184 183 182 182 185 187 186 186 187 187 187 188 189 190 189 189 189
 192 192 192 193 194 195 195 195 194 195 197 197 197 196 196 195 197 196
 196 198 199 201 202 202 200 202 204 205 205 204 203 203 202 202 203 204
 204 205 207 209 208 210 214 216 216 216 216 218 218 217 217 218 218 219
 214  28]"
"[ 29  29 134 133 135 138 139 138 140 141 138 136 138 139 139 139 143 142
 142 142 141 140 142 146 145 145 145 146 147 145 145 145 145 146 147 149
 151 152 152 151 150 147 147 149 150 152 152 150 150 153 153 150 149 152
 153 152 154 154 155 155 156 157 158 157 158 158 158 158 158 158 158 158
 157 160 143  83  67  67  66  65  66  66  66  68  70  70  68  66  66  64
  64  64  65  63  62  61  59  56  53  52  52  52  55  58  55  52  52  53
  50  48  49  47  50  54  56  58  64  77  84  90 111 144 170 183 180 181
 183 184 183 183 184 186 186 187 188 188 187 187 188 190 191 191 191 191
 193 193 192 192 194 195 195 195 193 194 197 198 198 198 198 198 199 199
 199 201 202 202 202 202 200 202 204 205 204 203 203 203 202 202 203 205
 206 207 208 210 207 210 214 216 216 216 217 219 219 218 218 219 220 219
 215  29]"
"[ 28  29 134 134 135 138 139 137 138 139 138 137 140 143 143 143 144 145
 144 142 140 141 143 145 146 145 145 146 146 145 145 146 147 147 147 149
 151 152 151 150 153 150 150 152 153 154 154 151 150 152 153 152 152 153
 154 155 153 153 154 155 155 155 156 157 158 159 160 160 160 159 157 156
 157 155 153  96  67  66  66  68  63  65  67  70  71  70  66  63  65  65
  66  66  64  61  58  57  57  55  54  54  54  52  54  57  58  54  55  56
  51  49  48  46  45  51  53  57  65  68  73  81  97 102 134 180 188 179
 178 184 184 187 188 187 186 188 190 190 187 187 187 189 191 191 192 192
 193 192 190 191 192 193 193 193 193 194 196 197 197 197 196 196 199 200
 201 202 202 201 201 201 201 203 205 206 204 203 203 203 203 203 205 207
 209 209 210 211 209 211 213 215 215 216 219 222 219 218 219 220 221 220
 216  30]"
"[ 30  28 135 135 138 135 140 137 138 138 139 140 140 141 143 145 145 142
 141 140 140 143 146 147 146 146 145 145 145 146 146 147 147 148 150 152
 151 149 149 149 151 152 152 153 154 154 153 152 149 148 149 152 154 155
 154 153 154 153 152 153 154 153 153 156 156 158 159 159 159 159 158 157
 157 157 164 133  83  67  69  69  66  67  70  73  73  73  69  64  65  65
  67  66  60  56  55  53  52  54  56  57  56  54  54  56  58  56  55  54
  53  51  47  45  48  46  46  53  63  69  75  81  93 102 107 152 186 178
 181 180 185 187 187 185 185 187 188 189 186 187 188 190 191 192 192 193
 192 192 193 193 193 192 192 193 196 196 196 197 197 197 198 199 199 201
 201 201 200 200 201 202 202 204 206 207 205 203 203 203 202 205 207 208
 209 208 208 211 212 210 212 213 210 213 219 220 222 219 223 222 223 221
 220  28]"
"[ 29  32 134 139 140 136 139 137 139 140 141 141 141 141 142 144 144 142
 142 143 143 145 147 146 145 145 145 145 146 148 149 150 147 148 150 152
 152 150 148 147 150 151 152 153 153 152 150 148 150 148 147 148 151 153
 153 152 152 153 152 152 154 153 152 154 156 158 159 159 159 159 158 157
 160 158 161 152 115  67  65  66  69  69  72  73  73  73  70  66  64  65
  68  67  64  61  58  54  56  56  56  56  55  53  54  55  54  54  53  53
  51  49  46  44  45  45  46  52  60  65  71  78  88 100 102 117 159 185
 179 180 179 181 182 184 187 188 187 188 188 188 190 191 192 193 193 193
 192 192 193 194 194 193 193 194 196 196 196 197 197 197 197 198 197 199
 201 201 201 202 203 203 204 205 206 206 205 203 203 204 202 205 207 208
 209 208 208 210 212 212 215 216 213 215 219 221 222 218 217 224 224 220
 216  29]"
"[ 32  25 139 138 139 139 140 136 138 141 143 143 141 141 142 144 144 143
 143 145 145 146 147 145 145 145 145 146 147 150 152 153 150 149 150 152
 153 152 149 147 148 148 149 150 151 152 151 151 154 151 149 149 151 153
 153 151 151 154 154 154 156 157 156 157 156 158 159 159 159 159 159 157
 160 164 163 163 135  64  61  65  68  68  69  70  69  69  68  65  65  66
  67  67  65  65  63  58  58  57  56  55  54  53  54  55  52  52  53  53
  51  48  46  46  45  46  49  53  58  62  68  75  78  90 100 104 135 176
 176 187 182 185 184 182 184 187 188 189 188 188 189 189 190 191 191 191
 193 193 194 195 196 195 195 196 195 195 196 197 197 196 196 197 197 199
 201 202 203 203 203 203 206 205 205 205 204 202 202 203 204 207 208 209
 210 210 210 212 211 213 216 216 213 212 214 215 216 216 224 215 223 227
 214  28]"
"[ 30  28 142 141 138 138 139 140 138 142 145 145 143 143 144 146 147 146
 146 146 144 145 146 146 144 145 146 147 148 149 150 151 151 150 148 149
 150 150 149 148 147 146 146 146 148 151 153 154 153 152 151 151 152 152
 151 149 150 154 154 154 156 157 156 156 157 158 158 158 159 159 160 159
 157 160 156 158 144  77  59  63  67  67  67  67  65  65  65  63  66  67
  67  65  64  68  69  66  58  56  55  55  55  54  54  55  51  52  53  53
  51  48  47  48  47  49  50  52  55  56  60  66  78  83  88  96 102 136
 163 187 183 184 183 184 187 188 187 188 191 191 191 191 191 192 192 193
 192 192 193 194 195 195 195 196 195 195 197 198 198 198 197 198 199 200
 202 203 203 203 203 202 206 204 203 203 202 202 202 203 203 207 208 208
 210 210 210 212 211 213 217 218 217 216 217 218 221 218 219 222 223 221
 219  30]"
"[ 29  34 133 143 140 139 137 137 137 141 144 144 142 142 144 145 145 144
 145 144 141 141 143 143 144 145 147 148 148 148 148 148 150 149 148 149
 150 150 150 150 150 149 148 148 150 152 153 154 151 152 153 152 152 151
 150 149 151 154 155 155 156 157 156 155 157 157 157 157 158 159 160 160
 165 161 159 159 152 103  66  73  66  65  66  66  64  64  64  62  64  64
  64  61  60  65  69  67  60  57  55  53  53  53  54  54  54  55  55  54
  52  49  49  51  49  50  51  52  54  55  56  60  71  77  85  96  96 119
 149 176 190 184 181 185 189 186 185 189 189 189 190 190 191 192 192 193
 193 193 193 194 195 195 196 197 196 196 197 199 199 199 199 200 200 201
 202 202 202 203 203 203 206 204 203 203 203 203 204 205 203 206 207 208
 209 210 210 212 212 213 215 216 217 217 217 217 217 221 216 220 221 225
 210  29]"
"[ 31  27 139 140 136 138 142 142 140 144 146 145 143 144 145 145 145 145
 147 147 144 143 144 144 142 144 146 147 147 146 145 145 146 147 149 150
 151 151 151 151 151 151 151 151 152 153 153 153 149 152 152 151 149 150
 151 152 151 153 154 155 158 158 158 158 159 159 159 158 159 160 162 162
 161 159 164 161 159 133  79  69  68  68  69  68  67  67  67  65  65  66
  67  64  63  65  68  67  63  59  55  53  52  53  54  55  55  55  55  54
  52  49  49  50  49  50  51  53  58  60  61  63  70  75  82  88  91 103
 118 152 179 186 189 186 186 187 188 189 187 188 189 190 191 192 193 193
 193 192 192 193 193 194 195 196 195 195 196 197 197 197 198 199 199 200
 201 201 202 203 204 204 205 204 203 203 203 203 204 205 204 208 208 208
 210 211 211 211 212 214 213 214 217 218 216 217 220 219 224 221 220 223
 216  29]"
"[ 28  31 138 141 139 138 141 141 141 144 144 142 141 142 143 143 143 143
 145 145 144 143 144 142 145 147 148 148 148 147 147 147 147 148 149 151
 152 151 151 151 150 150 151 152 153 154 153 153 149 152 152 150 149 151
 152 152 151 152 152 154 157 157 156 158 160 160 160 159 159 160 161 161
 162 161 163 159 159 147  96  69  67  67  68  68  66  67  67  65  66  66
  67  67  65  65  67  66  62  59  55  54  54  54  55  56  53  53  52  52
  51  49  48  49  48  50  51  53  57  59  60  61  61  67  80  88  95  97
  97 121 163 180 189 186 185 187 186 183 186 186 187 188 189 189 190 190
 193 192 191 192 193 193 192 193 195 195 196 196 196 196 197 197 197 198
 198 199 199 200 201 201 200 199 199 200 200 199 200 201 201 204 204 203
 204 206 205 205 206 209 208 209 213 214 214 215 214 215 214 212 215 217
 215  26]"
"[30 27 30 28 29 30 28 31 29 30 30 28 27 29 30 29 30 29 29 29 29 29 30 28
 28 29 30 29 28 28 29 30 29 28 28 28 29 29 29 29 30 29 28 28 29 29 29 29
 27 29 30 28 28 29 29 28 30 29 28 29 30 28 27 30 29 30 30 29 29 29 29 28
 29 29 31 30 28 31 27 29 29 29 29 30 29 30 30 28 30 29 30 30 29 28 29 29
 30 29 28 28 29 29 29 29 29 29 29 30 29 28 28 28 28 29 29 29 31 30 28 29
 28 28 30 28 29 29 28 29 28 29 29 28 29 29 28 29 28 28 29 29 30 29 29 29
 30 29 28 29 29 29 29 29 28 28 29 30 29 29 29 29 28 29 29 28 29 29 29 29
 29 29 29 29 29 28 29 29 27 30 30 28 29 30 29 29 29 31 29 28 30 29 27 29
 27 32 28 27 32 28 26 32]"
