"[33 30 29 29 27 33 27 32 29 28 29 30 29 28 28 29 28 29 30 29 29 29 29 29
 30 29 28 29 29 28 29 30 29 29 29 29 29 29 29 29 29 29 29 29 28 29 30 28
 30 30 29 28 28 29 29 29 30 28 29 30 28 28 30 31 28 29 30 30 29 29 29 28
 28 29 30 29 28 28 29 29 29 30 30 28 28 29 30 29 28 29 29 28 29 29 29 28
 29 29 29 29 29 29 29 29 28 30 29 29 30 29 29 30 29 29 30 31 30 29 29 29
 29 30 29 28 28 30 30 29 29 29 29 29 30 30 29 29 29 29 29 29 30 30 29 29
 29 29 29 29 30 29 29 29 28 30 29 28 29 31 30 29 29 30 28 28 30 30 28 29
 29 28 29 29 30 30 29 28 29 29 29 29 29 29 29 29 28 29 30 29 29 29 30 30
 30 28 28 31 30 30 28 29]"
"[28 31 29 30 32 26 29 28 28 29 29 29 28 28 29 30 30 30 29 28 29 29 29 29
 29 28 28 29 30 30 29 28 29 29 29 29 29 28 29 29 29 29 30 29 28 29 31 30
 25 28 30 31 31 30 30 29 31 28 28 29 29 30 29 26 28 29 29 28 28 29 30 30
 29 29 29 29 30 30 30 29 28 28 29 29 29 29 28 28 30 30 30 30 30 30 30 28
 29 29 29 29 29 29 29 28 29 29 28 28 29 29 28 28 30 29 28 28 28 29 29 30
 28 29 31 31 30 29 27 27 30 30 29 29 28 28 29 29 28 28 29 29 28 28 29 30
 29 29 30 30 30 29 29 30 29 31 30 28 28 28 27 28 29 29 28 28 30 29 28 29
 30 29 29 29 28 28 29 30 30 30 29 28 29 30 29 28 29 29 28 27 28 29 29 28
 27 34 30 25 31 26 30 29]"
"[ 32  25 125 124 122 120 125 116 115 116 114 111 109 108 108 107 103 100
  97  98  98  96  95  94  88  87  85  83  82  81  77  73  76  73  72  72
  70  67  67  68  66  66  67  66  62  59  57  54  57  58  57  55  52  52
  52  53  50  50  51  49  47  48  49  47  47  47  46  45  43  42  42  41
  41  40  38  37  38  40  39  38  39  38  38  39  40  39  37  37  36  36
  36  35  36  36  35  34  32  32  32  32  32  32  31  30  30  30  28  27
  29  29  27  26  28  26  24  24  25  25  25  25  26  29  34  40  43  44
  46  49  53  55  58  60  61  63  65  66  67  70  73  74  74  75  77  79
  80  81  82  81  80  80  81  83  85  86  87  88  90  91  95  98  96  98
  97  98 100 101 101 103 107 107 108 108 107 107 108 111 108 106 102  99
  96  93  90  87  89  86  82  81  84  89  92  93 107 111 120 123 121 131
 135  28]"
"[ 31  27 133 132 126 131 129 130 129 129 126 122 120 120 119 117 114 111
 109 109 109 105 103 102 103 103 101  98  98  97  93  88  87  84  82  82
  79  74  72  74  66  66  68  71  70  69  67  65  60  62  64  64  62  61
  59  58  54  55  56  52  49  50  53  52  48  49  50  50  49  48  47  46
  47  45  41  39  39  41  41  41  40  38  37  39  40  37  36  36  37  38
  38  38  37  37  38  38  36  35  35  35  36  36  35  34  32  33  32  32
  33  32  29  28  31  29  28  28  28  27  25  24  25  24  25  27  27  25
  26  29  37  40  43  45  47  50  54  58  53  56  60  62  63  64  66  67
  73  74  75  75  76  78  81  82  78  78  81  83  83  83  85  87  90  92
  92  93  95  96  97  99  99 101 104 106 106 106 107 108 106 106 106 105
 105 105 105 104 103 102 100  99  98  96  92  89  92  88  95  96 103 107
 108  30]"
"[ 29  35 144 145 148 143 143 142 140 139 136 133 132 134 132 129 128 125
 123 123 122 119 117 117 112 112 111 109 109 110 107 103 100  97  95  96
  94  90  88  90  87  83  80  78  76  74  73  71  70  70  70  69  69  69
  68  66  63  62  61  59  58  61  61  57  54  55  55  54  53  52  51  49
  52  50  47  45  44  45  45  45  47  44  42  44  44  42  39  39  38  39
  40  39  37  37  38  39  38  38  37  36  36  36  36  36  35  36  37  37
  37  36  34  34  34  34  34  34  32  30  29  29  29  26  25  26  27  27
  28  32  29  29  28  26  24  26  32  36  42  44  46  50  53  56  59  61
  60  62  64  65  68  70  71  71  74  74  78  83  83  83  84  84  84  86
  86  86  88  89  89  91  93  95  98 101 102 102 103 103 105 107 109 109
 108 108 109 109 110 112 114 115 116 115 114 113 107 107  96  95  97  92
  99  26]"
"[ 31  27 174 171 169 161 168 162 161 159 155 152 150 148 144 140 140 137
 133 131 130 127 126 125 125 125 122 119 118 118 116 113 112 110 108 108
 107 104 103 104 101  96  94  94  92  91  90  88  88  84  78  73  72  72
  73  73  71  72  73  72  69  68  68  65  66  65  63  60  57  56  54  53
  59  59  59  57  56  55  54  54  52  49  48  48  48  46  44  43  43  44
  45  43  41  41  41  42  40  39  38  37  36  36  36  35  34  37  37  37
  38  37  36  37  37  36  36  35  34  34  34  35  34  32  30  30  30  30
  30  31  30  31  30  28  24  23  25  27  25  25  25  27  30  34  37  39
  46  49  53  57  60  63  64  62  64  62  64  67  67  71  76  76  79  81
  82  84  87  88  88  90  89  88  89  91  93  94  95  96  96  99 102 103
 103 104 106 107 111 111 110 109 109 112 116 118 118 117 116 109 108 106
  98  33]"
"[ 28  31 143 157 162 166 170 173 174 173 172 172 170 167 164 161 157 154
 150 147 146 144 141 138 138 137 135 133 131 129 128 128 127 125 123 121
 119 117 117 117 112 109 109 110 108 106 104 102  98  97  96  94  92  90
  88  86  80  81  82  80  75  72  72  72  73  72  70  68  67  67  66  65
  64  64  63  62  61  60  59  58  56  55  54  54  54  53  50  48  48  48
  47  46  45  45  45  44  44  43  41  41  40  39  39  38  38  39  38  37
  38  38  37  38  40  38  38  38  39  39  40  40  40  39  38  37  35  34
  33  33  32  33  34  34  31  29  28  28  30  29  27  26  25  25  26  26
  26  30  33  36  40  44  46  46  59  56  58  57  54  58  64  64  66  69
  72  76  81  83  84  85  85  84  84  84  86  87  89  90  94  96  98  98
  97  98 100 101 102 104 106 107 107 109 110 111 111 116 113 115 116 117
 115  26]"
"[ 30  29 103 103 114 119 124 138 153 155 161 168 172 173 173 174 172 170
 168 167 168 167 162 156 154 152 150 147 143 140 139 140 137 136 133 130
 128 128 128 129 124 121 120 120 117 114 114 114 109 110 109 107 105 104
 102 101  99  95  93  91  87  85  85  84  80  80  79  77  76  76  74  72
  72  71  68  66  65  65  65  63  60  61  61  61  61  60  57  54  54  53
  51  50  51  52  51  48  47  47  46  45  45  44  44  43  44  43  41  39
  41  41  39  40  39  38  37  39  41  41  40  40  39  41  42  41  39  39
  40  40  40  39  38  35  33  32  33  34  32  32  33  32  31  30  29  28
  29  30  29  25  23  25  27  27  28  32  41  46  46  51  57  54  54  57
  60  64  70  73  73  75  80  80  80  80  81  82  84  86  86  88  89  89
  90  92  95  96  97  99 100 101 102 104 105 105 110 110 112 114 114 115
 118  28]"
"[ 28  29  91  94  97 105 101  98  97 100 107 121 122 119 137 151 156 158
 162 169 173 171 170 173 170 169 171 164 166 164 158 156 155 147 149 149
 145 144 140 136 138 135 132 131 130 129 126 124 124 124 122 119 117 115
 113 114 114 109 105 104 103 102 100  98  97  94  92  90  88  86  83  82
  80  78  76  77  77  75  72  71  67  67  69  68  66  66  66  65  66  63
  61  59  57  60  61  56  53  52  51  52  53  52  50  48  48  50  49  45
  44  46  46  44  46  43  41  40  39  39  40  40  38  39  39  40  40  40
  39  39  40  41  42  41  40  39  40  40  44  42  41  39  37  34  32  31
  33  32  32  32  31  30  30  32  27  26  24  23  24  26  28  29  32  35
  41  46  49  51  56  60  62  67  71  73  74  76  78  80  83  82  85  87
  86  89  92  90  91  92  92  94  99 102 102 102 105 105 104 105 109 108
 110  29]"
"[ 30  30  90  92  94  97  94  92  97  99  96 101 101 103 109 106 109 111
 114 119 125 131 138 145 156 159 166 165 167 168 167 171 171 170 172 169
 164 165 161 155 153 152 149 146 143 140 139 140 138 136 132 129 129 127
 125 126 119 117 117 118 116 112 110 111 108 106 104 102 101  99  97  97
  95  92  89  87  85  82  80  79  79  78  77  77  75  75  74  71  72  73
  74  71  67  66  66  65  64  62  59  57  56  56  56  55  55  56  55  52
  50  50  49  47  45  44  44  44  45  45  45  45  42  43  43  42  41  40
  39  39  39  40  39  39  39  40  42  43  45  44  44  43  42  40  40  41
  38  37  36  36  34  32  31  32  33  32  30  30  30  29  28  27  25  26
  28  30  31  32  35  38  41  47  54  59  63  67  72  74  71  74  78  81
  81  83  87  88  84  88  89  88  90  94  96  98 100 101 103 101 102 101
 105  29]"
"[ 28  27  90  91  93  94  93  92  91  93  90  97  94  93  92  87  92  97
 102 104 103 102 102 103 105 111 118 124 126 129 128 133 138 148 163 168
 170 173 173 174 175 170 165 163 163 161 158 155 148 147 145 145 146 143
 138 136 134 132 131 132 129 124 122 123 119 118 116 115 113 110 107 106
 110 108 106 103 100  98  98  98  94  89  85  83  81  81  80  77  78  81
  81  79  76  74  73  75  73  74  72  68  66  65  63  61  60  60  60  60
  59  57  56  54  55  54  53  52  50  49  48  47  49  49  48  46  45  43
  42  42  44  43  42  41  41  42  43  45  46  46  45  45  43  42  42  43
  41  39  39  39  38  37  37  38  41  38  36  36  36  35  32  30  30  29
  29  29  28  27  27  28  27  28  30  31  33  39  46  51  61  65  67  67
  69  73  79  85  91  90  89  88  88  87  86  88  89  87  90  93  95  97
  99  26]"
"[ 32  29 104  97  96  93  91  88  89  91  87  96  89  89  88  89  87  87
  89  89  87  88  92  96  94  96  94  97  97 102  99 101 100 104 113 118
 123 125 129 137 141 148 158 166 168 168 169 170 168 167 165 165 164 159
 153 152 150 147 145 145 144 140 134 129 134 132 130 130 129 128 126 126
 121 120 118 116 114 111 110 109 111 106 102  99  96  95  93  88  86  85
  82  81  83  81  78  80  76  79  79  76  74  75  75  73  74  73  72  72
  71  67  65  64  65  64  61  59  58  58  57  56  56  54  53  52  52  51
  49  47  48  48  47  47  47  47  46  46  46  45  44  44  43  42  41  41
  41  41  41  41  40  40  42  46  46  43  40  39  39  40  40  39  37  37
  36  36  35  33  30  28  22  24  26  26  27  28  31  33  34  39  40  41
  46  51  58  66  74  72  74  79  83  81  82  89  89  82  82  84  87  90
  92  28]"
"[ 28  29 139 134 133 130 124 115 120 118 107 106  96  99  95  92  89  85
  85  85  83  83  87  90  90  93  89  91  91  94  90  89  99  95  95  96
  99 100 100 106 109 108 110 118 129 138 143 145 153 156 160 165 169 168
 167 168 169 167 163 160 159 159 155 149 151 147 143 141 140 138 136 134
 133 131 130 128 127 126 125 124 122 121 121 119 116 112 108 103 103 101
  97  95  97  94  89  89  88  89  87  81  78  79  82  82  81  79  78  79
  79  76  73  73  71  71  70  68  67  67  66  65  62  60  59  59  59  59
  56  53  52  52  52  52  53  52  51  50  48  47  46  47  47  46  45  44
  44  44  43  42  39  39  42  47  47  45  42  41  41  43  45  46  46  46
  45  45  44  43  40  38  33  33  34  35  33  31  30  31  30  33  31  30
  32  31  30  31  39  45  51  56  59  62  70  80  79  82  86  86  86  88
  87  28]"
"[ 30  28 173 162 158 157 154 146 144 139 133 135 129 129 125 124 118 110
 105 101  94  91  92  91  93  94  87  84  82  84  87  89  86  87  91  90
  91  94  95  97  95  97 100 103 103 103 105 107 110 111 112 115 121 127
 136 146 152 157 164 169 172 174 173 171 167 165 164 164 162 158 153 149
 149 147 144 141 140 140 139 138 133 133 132 130 126 124 122 119 119 119
 117 114 113 109 105 104 103 104 101  95  90  89  89  88  86  84  83  84
  83  80  78  78  77  78  77  75  75  75  73  71  70  68  67  67  68  67
  64  61  62  61  60  59  59  58  58  57  56  54  53  53  53  52  51  50
  48  48  47  45  42  41  44  48  47  46  44  43  43  44  45  46  48  49
  49  49  50  52  52  52  47  45  44  43  41  39  37  38  39  39  37  35
  36  35  32  30  23  30  31  27  28  35  40  42  52  63  71  70  75  83
  81  30]"
"[ 29  31 219 218 211 207 199 189 183 177 176 178 170 161 155 156 148 147
 148 145 138 136 132 123 113 115 114 114 110  96  92  91  91  89  90  87
  82  84  87  88  96  92  89  90  93  95  95  94  97 101 105 108 108 103
 102 106 105 106 109 113 120 128 140 149 156 157 161 166 170 172 172 172
 171 170 168 164 161 161 160 158 155 153 151 147 142 141 141 140 133 132
 131 128 124 123 121 119 115 116 116 114 111 108 106 105 105 103 101  99
  96  92  88  86  85  86  84  82  82  83  83  81  79  79  78  77  76  75
  73  72  74  72  71  69  68  67  66  66  66  64  62  61  59  58  57  58
  55  54  53  53  52  51  51  53  52  50  48  47  47  46  46  45  44  45
  46  46  47  50  52  52  49  49  51  55  56  53  51  50  52  49  47  44
  41  40  39  36  37  40  36  31  32  36  35  32  29  32  33  32  40  49
  55  26]"
"[ 29  28 238 242 238 238 237 233 231 228 226 218 210 205 200 195 189 185
 179 168 158 161 162 153 153 146 140 137 135 121 122 125 122 110 109 109
 105 100  94  90  91  89  88  88  89  89  89  90  93  93  93  92  91  89
  91  97 100  98 100 104 104 102 104 109 111 112 115 121 129 140 151 158
 166 169 170 170 170 171 172 172 173 172 171 168 162 159 156 153 152 148
 144 140 136 137 138 133 132 131 129 126 122 119 117 116 115 115 113 112
 111 109 105 103 101  99  94  89  86  87  87  85  86  86  87  85  82  81
  81  81  78  78  77  77  76  75  74  74  72  71  69  67  64  63  64  66
  62  60  60  61  61  59  57  56  59  56  53  51  51  50  48  46  48  50
  51  49  48  49  50  50  50  47  47  50  53  53  53  54  55  54  57  57
  53  52  52  49  47  48  47  46  45  42  40  40  41  39  38  39  41  36
  42  31]"
"[ 29  28 234 240 239 240 239 239 240 240 239 238 237 237 237 238 235 232
 227 223 218 212 204 198 189 182 173 169 167 163 155 149 153 147 139 138
 138 133 128 122 122 115 106  99  96  95  93  91  93  91  89  85  83  86
  87  92  91  91  92  97  98  96  96  94  95  95 101 105 103 103 107 108
 115 117 125 124 127 131 143 154 168 172 175 174 173 174 174 173 171 167
 168 168 161 156 154 151 145 140 132 130 132 131 128 128 127 127 126 124
 123 123 122 122 116 114 111 107 106 106 103  99 101  97  94  92  90  90
  90  88  88  82  81  81  80  81  83  81  81  79  79  79  77  75  74  72
  68  68  68  68  67  66  65  64  62  61  60  59  58  58  57  57  59  57
  54  53  53  52  51  52  51  50  51  51  50  50  53  56  55  55  56  58
  57  55  54  56  57  57  58  58  57  56  53  52  50  46  45  44  46  41
  44  29]"
"[ 29  29 235 240 240 240 239 239 238 238 237 236 236 238 240 242 244 243
 242 242 243 243 241 239 240 236 229 223 217 212 207 204 201 195 185 179
 174 167 162 157 153 149 146 145 143 138 132 128 119 115 112 106 101  97
  91  89  85  82  82  89  90  89  91  91  95  90  86  87  90  95  98  98
  95  92  96  96 101 102 106 109 105 114 124 129 133 140 147 150 157 161
 167 171 170 172 173 169 168 166 162 161 160 155 150 149 144 144 142 139
 137 136 134 132 130 131 129 126 124 123 121 118 115 114 113 109 105 103
 104 103  96  92  91  92  90  88  84  78  81  83  86  87  83  81  81  80
  79  78  77  76  75  75  75  75  71  70  69  67  66  65  64  64  65  64
  63  62  61  60  58  57  56  55  55  55  54  54  55  57  56  57  57  57
  56  55  55  55  58  60  61  62  63  63  63  63  66  61  64  65  64  59
  58  29]"
"[ 31  29 237 243 243 243 241 241 242 241 239 238 238 239 242 244 242 241
 240 241 242 242 242 242 245 245 244 243 242 242 243 245 238 237 231 227
 221 213 208 202 198 190 182 177 172 165 160 159 154 149 147 142 139 136
 129 126 121 113 105 105 101  95  95  94  87  88  88  88  89  89  87  85
  86  87  94  93  95  93  94  97  98 100  99  96  96 101 108 112 118 115
 122 135 138 137 142 150 158 162 166 169 171 170 169 171 167 166 163 160
 156 152 147 143 141 142 141 139 137 135 132 129 127 125 125 125 124 124
 120 114 116 111 108 107 103 100  96  92  92  92  94  94  91  89  90  90
  88  86  83  81  82  82  82  81  80  79  77  75  73  72  71  71  72  71
  72  72  72  70  68  65  67  66  65  65  65  64  64  64  64  62  60  60
  59  57  56  56  55  57  60  61  61  62  64  66  65  61  68  71  71  71
  70  30]"
"[ 30  30 238 245 245 245 243 243 245 244 243 241 240 241 242 244 244 243
 243 243 243 243 243 243 243 241 239 239 241 242 242 241 242 246 246 247
 247 246 246 244 237 235 233 231 225 214 202 195 188 183 180 175 170 165
 155 151 154 149 144 144 140 132 127 122 107 111 108 101  97  94  90  90
  88  83  84  83  89  91  93  95  88  90  91  89  89  92  96  99  96  96
  96  98  99 102 105 107 113 119 125 132 140 148 156 164 167 169 170 170
 169 169 168 166 162 160 157 154 153 151 147 143 144 142 140 137 134 134
 134 131 131 127 124 121 118 117 117 117 113 110 108 107 104 103 101  97
  95  92  88  87  88  89  89  88  87  86  84  82  81  81  81  82  79  79
  79  79  80  78  75  72  74  74  73  72  71  70  69  69  70  65  63  67
  67  63  61  64  60  62  63  64  64  64  65  66  65  62  65  67  67  70
  70  29]"
"[ 29  29 238 245 246 245 244 243 243 244 244 243 243 243 244 244 244 244
 244 244 244 244 244 245 243 242 241 242 244 245 245 244 243 245 243 242
 242 243 245 242 245 245 244 244 246 247 246 243 243 241 241 237 232 225
 214 209 202 196 185 178 172 170 170 165 152 154 149 142 140 135 126 119
 120 117 117 108 102  94  93  95  92  94  94  91  88  88  89  90  89  91
  90  90  94  99 100  99  93  97 100 101 103 102 102 103  98 106 119 132
 142 150 154 156 161 163 166 169 170 170 167 165 162 158 157 158 157 157
 153 148 140 138 136 135 135 132 129 128 126 124 124 123 122 122 119 115
 116 112 108 106 105 103 100  98  97  95  93  92  91  91  92  93  90  90
  89  88  88  87  85  82  80  81  81  79  76  74  74  74  72  70  69  72
  74  72  71  71  66  66  66  66  66  65  65  64  66  67  66  66  68  67
  67  29]"
"[ 29  29 239 245 246 245 244 244 243 243 245 245 245 244 245 245 244 245
 245 245 244 243 243 243 245 245 246 245 244 243 243 243 244 244 243 244
 245 244 245 244 242 244 244 243 243 245 244 240 242 242 246 246 246 245
 240 239 243 243 237 231 224 219 215 205 200 197 187 178 175 172 165 159
 148 140 138 136 139 134 127 122 118 113 107 103 103 103 100  96  93  91
  87  88  92  94  94  97  90  93  94  94  96  96  94  95 102 102 101 100
 101 105 111 114 113 115 118 121 127 136 149 158 162 160 163 167 168 168
 167 165 164 162 157 155 156 151 145 142 142 141 140 136 132 132 132 131
 131 128 125 122 119 116 113 111 110 108 105 102 100  98  97  96  96  96
  95  94  94  95  93  90  90  91  91  88  85  83  83  83  79  81  80  79
  80  82  79  75  75  75  74  74  75  74  73  71  66  70  70  71  73  70
  68  29]"
"[ 29  30 240 247 246 246 245 245 245 246 246 246 246 245 245 245 244 245
 245 246 246 245 245 245 243 245 246 246 245 245 246 246 246 246 245 245
 245 243 243 241 242 243 242 242 243 244 244 242 243 242 243 242 243 245
 244 245 244 245 244 244 243 243 245 240 238 238 237 232 224 218 213 207
 200 192 187 176 170 163 159 158 149 143 137 135 134 130 121 113 115 116
 108  97  95  96  93  89  89  89  84  81  83  88  93  97  92  94  96  97
  97  97  95  94  99 102 105 106 105 104 105 107 111 114 124 131 131 134
 149 163 169 171 170 169 170 168 166 169 164 162 159 153 147 146 146 145
 139 138 136 134 133 132 131 130 127 125 122 120 117 114 110 108 106 106
 104 103 103 104 102  98  99 100  99  97  94  94  93  93  92  92  91  90
  91  90  88  84  84  83  82  81  81  80  79  77  78  80  81  82  80  76
  75  28]"
"[ 29  30 240 247 247 247 246 247 246 247 247 247 246 246 246 246 245 246
 246 246 245 244 244 244 247 246 246 245 245 245 246 246 246 245 243 244
 245 243 246 246 246 245 244 244 244 244 244 244 245 243 245 244 244 245
 242 243 243 243 243 244 243 241 244 241 242 242 245 245 241 242 245 243
 238 234 234 228 225 218 213 212 206 202 196 186 177 169 164 161 149 147
 143 141 140 134 128 130 116 117 115 110 106 102  97  95  91  91  90  90
  92  95  95  94  92  91  91  93  96  97  98  99 102  98 101 108 108 104
 105 108 109 121 131 136 141 143 149 159 169 169 171 172 172 174 172 167
 164 162 159 154 151 148 147 146 141 140 139 139 138 136 132 129 128 127
 124 121 120 118 114 110 107 107 107 105 104 104 104 103 101  96  96 101
 102  97  95  97  98  96  94  92  91  89  88  87  87  85  87  88  82  82
  83  29]"
"[ 29  29 243 248 248 248 248 248 249 248 248 247 247 247 247 247 247 246
 246 246 247 247 246 246 247 247 247 247 247 247 246 246 246 246 246 246
 246 246 247 246 247 246 246 245 245 245 245 245 245 245 244 244 244 244
 245 245 244 244 244 244 243 242 241 241 241 240 239 239 240 240 240 239
 238 238 239 242 245 245 244 244 244 242 239 233 228 221 213 207 196 192
 186 180 175 169 163 160 147 146 142 136 135 134 129 122 116 116 109 109
 104  97  98  94  95  93  93  96  97  94  93  95  95  92  94  99 100  98
  99 105 102 103 104 106 103 104 104 111 116 130 135 143 145 153 161 162
 169 170 173 170 169 165 171 170 167 165 162 158 154 151 147 143 145 143
 139 137 136 135 132 129 127 124 120 118 120 118 116 116 112 103 104 106
 106 107 106 104 103 101  99 100 101 100  99  99  97  94  97  95  95  93
  92  29]"
"[ 30  29 244 249 250 249 249 249 250 250 249 249 248 248 248 248 248 248
 248 248 247 247 247 247 247 247 247 247 247 247 247 246 247 246 246 246
 246 247 247 247 247 247 247 247 247 247 247 247 247 246 246 246 246 246
 246 246 245 245 245 244 244 243 242 242 243 242 242 242 242 242 241 240
 238 238 238 240 242 242 242 242 243 243 244 244 245 247 248 247 246 243
 238 232 225 218 213 210 195 192 183 170 161 157 154 152 153 150 142 144
 143 136 133 126 120 113 106 102  98  93  91  92  92  90  90  93  95  94
  96 101  98  97 100 104 102 104 103 109 108 110 105 107 107 111 116 116
 123 129 141 147 155 161 172 176 174 173 173 172 172 171 170 169 168 164
 159 153 150 149 147 146 136 140 140 138 137 135 133 133 128 123 124 123
 120 118 115 113 115 110 105 104 105 106 105 104 106 103 104 102 104 104
 101  29]"
"[ 29  29 245 250 250 250 250 250 251 251 251 251 251 250 250 250 249 249
 249 249 249 249 249 249 248 248 248 248 248 248 248 248 248 247 247 247
 247 247 247 247 247 247 247 247 247 247 247 247 247 247 248 247 247 247
 247 247 247 247 246 245 245 244 244 244 244 244 243 243 244 244 243 243
 242 240 240 241 242 242 242 242 244 244 242 240 238 238 239 239 242 243
 244 245 245 245 246 246 244 243 241 236 230 223 216 210 199 197 186 181
 172 161 160 157 154 150 147 146 142 134 126 122 122 117 111 105 100  96
  96  98  96  93  93  98  97  98  96 100  97  96  94  97 102 103 106 105
 101 101 109 107 107 109 110 112 114 121 133 147 156 160 162 163 171 173
 176 178 176 172 168 165 161 159 152 147 150 153 151 147 148 143 143 140
 138 138 136 134 130 129 127 126 124 121 118 116 114 112 114 112 113 114
 113  30]"
"[ 29  29 245 249 251 250 250 250 251 251 251 252 252 252 252 251 250 250
 250 250 250 250 250 250 250 250 250 249 250 249 250 250 249 249 249 249
 249 248 248 249 247 247 247 247 247 247 248 247 248 248 248 248 248 248
 247 247 248 248 247 246 246 246 246 246 245 244 244 245 246 246 246 245
 246 244 243 244 244 244 244 245 242 243 244 243 244 244 245 245 244 244
 244 244 243 243 242 242 243 243 244 246 246 243 239 236 239 237 232 232
 229 221 217 211 202 193 182 173 167 163 160 158 151 151 149 144 137 132
 128 126 121 113 107 107 104 104  98 101  99  96  95  91  93  91  95  96
  98  94 102 101 103 109 107 109 108 106 106 109 111 114 119 124 126 132
 141 152 160 166 171 174 173 175 175 173 174 174 171 169 165 161 159 155
 155 156 151 147 145 145 144 142 140 137 134 133 128 127 128 125 122 121
 122  27]"
"[ 29  29 245 251 251 251 250 251 250 251 251 251 252 252 252 252 251 251
 251 251 251 251 251 251 251 251 251 251 251 251 251 251 250 249 250 249
 250 250 250 250 250 249 249 249 249 249 249 249 249 249 249 249 249 248
 248 247 248 248 248 247 247 247 247 247 246 246 246 247 247 247 246 246
 246 246 245 245 246 245 245 246 245 246 247 247 247 247 246 245 246 245
 243 243 244 244 244 243 243 243 244 244 242 240 241 244 240 241 241 244
 244 241 240 239 240 236 230 226 222 216 210 206 200 196 187 174 164 160
 160 160 153 147 143 143 139 135 124 122 122 119 116 107 104 100 100  97
  98  95 100  97  94  98  93  95 100 100 102 105 106 104 104 106 106 107
 111 115 118 123 128 132 137 141 148 158 168 172 174 177 180 180 181 178
 177 176 171 169 171 166 159 155 154 154 152 150 150 147 146 143 140 137
 139  30]"
"[ 29  29 245 250 251 250 250 250 250 250 251 251 252 251 252 252 251 251
 251 251 251 251 251 251 252 251 251 251 251 251 251 251 251 251 250 250
 251 251 251 251 251 250 251 250 250 250 250 250 250 250 250 250 250 250
 250 249 249 249 249 249 248 248 248 248 248 248 248 248 248 247 247 247
 246 246 246 246 246 246 246 246 246 246 246 247 247 247 247 247 248 247
 246 246 247 247 247 246 245 245 245 246 245 242 241 241 241 241 241 239
 235 234 238 243 244 244 244 244 246 247 245 243 237 238 235 228 222 217
 214 212 201 193 183 176 170 170 162 161 155 152 149 141 139 136 130 126
 123 121 123 117 106 104  97  98  98  96  95  95  96  97  99 101 105 104
 105 107 107 106 107 109 113 109 107 113 123 128 131 136 138 144 151 154
 158 164 169 177 179 179 179 178 178 177 176 174 172 167 163 162 160 158
 156  27]"
"[ 29  29 243 249 250 250 250 250 250 250 250 250 251 251 251 251 251 250
 250 250 250 251 251 251 251 251 251 251 251 251 251 251 251 251 252 251
 252 252 252 252 252 252 252 251 251 251 251 251 251 252 251 251 251 251
 251 251 250 250 250 250 250 250 249 249 249 249 249 249 249 248 248 248
 248 248 248 248 248 247 247 248 248 248 249 248 248 248 249 249 248 247
 246 246 246 246 246 246 248 247 245 245 247 248 247 245 241 238 237 239
 243 244 241 240 242 243 244 244 245 245 244 241 244 244 244 243 243 244
 243 242 240 239 236 233 227 223 210 203 200 192 184 177 171 170 162 160
 155 153 149 147 139 139 134 131 126 122 117 113 110 108 105 103 102 100
  97  97  97  97  99 102 101 103 104 104 105 105 108 113 109 113 117 118
 119 121 125 135 145 153 162 166 168 171 176 179 183 182 181 181 180 180
 176  30]"
"[ 30  29 244 250 250 250 250 250 250 250 250 250 250 250 250 250 251 251
 250 250 251 251 251 251 251 251 251 251 251 251 251 251 251 251 251 251
 251 252 252 252 252 252 252 252 252 251 252 251 252 252 252 252 252 252
 252 251 251 251 251 251 251 251 250 250 251 251 251 251 251 250 250 250
 250 250 249 249 249 248 249 250 248 249 249 249 248 248 248 249 250 250
 250 249 249 248 248 248 247 249 250 249 248 247 246 244 246 243 242 242
 242 243 243 245 246 248 248 246 245 245 244 241 241 240 239 241 243 244
 243 241 244 245 246 246 246 250 246 243 244 238 235 232 224 220 208 209
 199 191 177 176 171 170 163 155 152 152 152 150 148 144 136 129 123 118
 113 110 106 102 100 101  96  98  99 101 104 106 105 105 104 106 110 111
 113 110 106 111 111 114 116 116 120 131 143 151 154 162 169 173 177 184
 183  30]"
"[ 28  29 244 250 250 250 250 250 250 250 250 250 250 250 250 250 250 250
 250 250 251 251 251 251 251 251 250 250 250 250 250 250 251 251 251 251
 251 251 251 251 251 251 251 251 251 251 251 251 251 251 252 252 252 252
 252 252 252 252 252 252 252 251 252 251 252 252 252 252 252 252 251 251
 251 251 251 251 251 251 251 251 251 251 251 251 251 251 251 251 251 251
 251 251 250 250 249 249 249 249 249 249 248 248 247 247 247 245 245 245
 244 241 242 245 247 247 247 247 247 247 246 244 244 243 242 243 244 244
 244 243 242 243 243 243 243 241 239 238 240 242 244 245 244 244 245 245
 244 244 242 240 236 230 218 208 198 188 180 179 174 164 158 158 158 151
 147 147 145 137 130 127 127 123 116 108 113 109 107 105 106 101 106 104
 110 105 111 111 111 110 116 115 115 110 114 115 117 117 121 121 129 122
 136  30]"
"[ 29  29 244 250 250 250 250 250 250 250 250 250 250 250 250 250 251 251
 251 251 251 251 251 251 251 251 251 251 251 251 251 251 251 251 251 251
 250 250 250 250 251 251 251 251 251 251 251 251 251 251 251 251 252 252
 252 253 253 253 253 253 252 252 252 252 253 253 253 253 253 252 252 252
 252 252 252 252 252 252 252 252 252 251 251 251 251 251 251 251 251 251
 251 251 251 251 251 250 250 250 250 250 250 249 249 249 249 247 247 247
 245 242 243 245 247 247 247 246 247 248 247 246 246 245 244 244 245 245
 244 243 244 244 244 244 244 243 242 241 240 241 243 243 243 243 243 243
 245 246 248 249 251 250 246 241 242 246 244 235 230 227 219 209 209 196
 183 179 178 173 164 159 157 154 152 146 147 142 141 139 132 123 121 114
 114 107 111 110 106 105 109 108 109 107 111 111 114 116 121 115 118 113
 123  30]"
"[ 29  29 244 250 250 250 250 250 250 250 250 250 250 250 250 250 250 251
 251 251 251 251 251 251 251 251 251 250 250 250 250 250 250 250 250 250
 250 250 250 250 250 250 250 250 250 250 250 250 250 251 251 251 251 251
 252 252 253 253 252 252 252 252 252 252 252 252 253 253 253 253 252 252
 252 252 252 252 252 252 252 252 252 252 252 252 252 252 252 252 252 252
 252 252 252 252 252 251 251 251 251 251 251 251 251 250 250 250 250 250
 248 246 246 248 249 249 248 247 248 249 249 248 249 248 247 247 248 247
 247 246 246 245 245 244 245 245 244 244 243 243 244 245 245 245 244 244
 242 243 244 244 245 246 246 244 242 247 250 249 250 252 251 248 251 246
 240 236 232 224 215 208 203 195 190 184 180 172 165 159 158 154 157 154
 151 140 135 129 128 124 121 115 113 112 112 109 110 112 117 111 111 108
 108  26]"
"[ 29  29 244 250 250 250 250 250 250 250 250 250 250 250 250 250 250 250
 251 251 251 251 251 250 250 250 250 250 250 250 250 250 251 250 250 250
 250 250 250 250 250 250 250 250 250 250 250 250 250 251 251 251 251 251
 252 252 252 252 251 251 251 251 252 252 252 252 252 252 253 253 252 252
 252 252 252 252 252 252 252 252 253 253 253 252 253 252 252 252 252 252
 252 252 252 252 252 252 252 252 252 252 252 252 252 252 252 251 251 251
 251 250 250 251 251 251 250 249 249 250 250 250 250 249 249 249 250 250
 249 249 249 248 247 246 246 246 246 246 246 246 247 247 248 248 248 247
 248 248 247 246 246 247 248 247 251 247 247 249 248 245 245 249 247 250
 252 252 250 250 251 252 249 243 244 245 241 232 223 214 210 202 198 190
 184 175 173 169 168 162 155 147 143 143 142 136 130 124 125 119 120 121
 113  30]"
"[ 28  29 244 250 250 250 250 250 250 250 250 250 250 250 250 250 250 251
 251 251 251 251 251 250 250 250 250 250 250 250 250 251 251 251 250 250
 250 250 250 250 251 251 251 251 251 251 250 250 251 251 251 251 251 252
 252 252 251 251 251 251 251 251 251 251 252 252 252 252 252 252 252 252
 251 251 252 252 252 252 252 252 252 252 252 252 252 252 252 252 253 253
 253 253 253 253 253 253 253 253 253 253 253 253 253 253 252 252 252 252
 251 251 251 252 252 252 251 251 251 251 251 251 250 250 250 250 251 251
 251 251 250 250 250 249 250 250 249 249 249 248 248 249 250 250 249 249
 249 248 248 248 249 249 249 249 248 247 248 248 249 249 248 248 251 250
 249 247 246 247 248 248 248 244 243 245 242 244 249 252 249 246 246 243
 240 232 227 222 211 206 199 191 185 184 178 170 170 159 158 153 152 150
 137  29]"
"[ 28  29 244 250 250 250 250 250 250 250 250 250 250 250 250 250 250 250
 251 251 251 251 250 250 250 250 250 250 250 250 250 251 251 251 251 250
 250 250 251 251 251 251 251 251 251 251 250 250 250 251 251 251 252 252
 252 252 252 252 252 252 252 252 252 252 252 252 252 252 252 251 251 251
 251 251 251 251 252 252 252 252 253 253 253 253 253 253 253 253 253 253
 253 253 253 253 253 253 253 252 252 252 252 252 252 252 252 253 253 253
 253 252 252 252 252 253 253 252 252 252 252 251 252 251 252 251 252 252
 252 251 251 251 251 251 251 251 251 251 251 250 250 250 250 250 250 249
 250 249 249 249 250 249 249 249 250 250 249 249 250 250 250 249 250 250
 250 250 250 250 248 245 243 244 245 248 246 247 247 249 247 245 247 249
 251 252 252 252 253 252 248 245 238 237 229 221 216 203 197 188 181 179
 173  27]"
"[ 29  29 244 250 250 250 250 250 251 251 251 251 251 252 251 251 250 250
 250 250 250 250 250 250 250 250 250 250 250 251 251 251 251 251 251 250
 250 251 251 251 252 252 252 252 251 251 251 250 250 251 251 252 252 252
 252 252 252 252 252 252 252 252 252 252 252 252 252 252 252 252 251 251
 251 251 251 251 252 252 252 252 253 253 253 253 253 253 253 253 253 253
 253 253 253 253 253 253 253 253 252 252 252 252 252 252 253 253 253 253
 253 253 253 252 252 253 253 253 253 253 253 252 253 252 253 252 253 253
 253 253 252 252 251 252 252 252 252 251 251 251 251 251 251 251 251 251
 250 249 249 249 250 250 250 250 251 250 249 249 249 249 249 250 250 250
 250 250 250 250 250 250 251 251 248 249 249 250 248 249 248 246 246 247
 248 250 250 249 249 251 251 253 252 253 252 248 251 248 252 251 245 239
 225  33]"
"[ 29  29 244 250 250 250 250 251 252 252 251 252 252 252 252 252 251 251
 251 251 250 250 250 250 251 251 251 251 251 251 252 252 251 251 251 250
 250 251 251 251 252 252 252 252 252 252 251 251 249 250 251 252 252 252
 252 252 252 252 252 252 252 252 252 252 252 252 252 252 252 252 252 252
 252 252 252 252 252 252 252 253 252 252 252 252 252 252 252 252 253 252
 252 252 252 252 252 252 253 253 252 252 252 252 252 252 252 252 253 252
 252 253 252 251 253 253 253 253 252 252 252 252 252 252 252 252 252 252
 252 252 253 253 253 253 253 253 253 252 252 252 252 251 252 251 252 252
 251 251 251 251 251 251 251 251 250 251 252 251 251 251 251 251 252 251
 250 251 251 250 250 250 248 251 250 250 250 251 249 251 251 250 249 251
 250 252 251 249 252 252 251 252 249 252 251 251 251 248 251 251 251 251
 246  26]"
"[ 29  29 244 251 251 251 251 251 252 252 252 252 252 253 252 252 252 251
 251 251 251 251 251 251 252 251 252 251 252 251 252 252 252 252 252 251
 251 251 251 251 252 252 252 252 252 252 251 251 251 251 250 251 252 252
 252 252 252 252 252 252 252 252 252 252 252 252 252 252 252 252 252 252
 252 252 252 252 252 252 252 252 253 253 252 252 252 252 253 253 253 253
 253 253 252 252 252 253 253 253 253 253 252 252 252 252 252 253 253 253
 253 253 252 252 253 253 253 253 253 253 253 253 253 253 253 253 253 253
 253 253 252 252 252 252 252 252 252 252 252 252 252 252 253 252 253 252
 252 252 252 252 252 252 252 252 251 251 251 251 251 251 251 251 252 252
 251 251 251 251 251 251 251 251 251 251 251 251 251 251 251 251 251 251
 251 251 251 251 251 251 251 251 251 251 251 251 251 251 250 250 250 250
 243  29]"
"[ 29  29 244 250 251 251 251 251 252 252 252 252 253 253 252 252 252 252
 252 252 252 252 252 252 252 252 252 252 252 252 252 252 252 252 252 252
 252 251 252 252 252 252 253 253 252 252 252 251 252 251 251 252 252 252
 252 252 252 252 252 252 252 252 252 252 252 252 252 252 253 253 253 253
 252 252 252 252 252 252 252 252 253 253 252 252 252 252 253 253 253 253
 253 253 252 252 252 252 253 253 253 253 252 252 252 252 252 252 253 253
 253 252 252 252 252 253 253 253 253 253 252 252 253 253 253 253 253 253
 253 253 252 252 252 252 252 252 252 252 252 252 252 252 253 253 253 253
 253 253 253 253 253 253 253 253 253 253 253 253 253 253 253 253 253 253
 253 253 253 252 252 252 252 252 252 252 252 252 252 252 252 252 252 252
 252 252 252 252 251 251 251 251 251 251 251 251 251 251 250 251 250 250
 243  28]"
"[ 29  29 243 250 251 251 251 252 252 252 252 251 252 253 252 252 252 252
 252 252 252 252 252 252 253 253 252 252 252 253 253 253 252 252 252 252
 252 251 251 251 253 253 253 253 253 252 252 252 252 252 252 252 252 252
 252 252 252 252 252 252 252 252 252 252 252 252 252 252 252 252 252 252
 253 253 253 252 252 252 252 252 253 253 253 252 252 253 252 252 252 252
 252 252 252 252 252 252 253 253 253 253 253 253 253 253 252 252 252 252
 252 252 252 251 252 252 252 252 252 252 252 252 252 252 253 253 252 252
 252 252 252 252 252 252 252 252 252 252 252 252 252 252 252 252 253 253
 252 252 252 252 252 252 252 252 252 252 252 252 252 252 252 252 253 253
 253 253 253 253 253 253 253 253 253 253 253 253 253 253 253 253 252 252
 252 252 253 252 252 252 252 252 251 251 251 251 251 251 252 251 250 251
 243  29]"
"[ 29  29 243 249 251 251 252 252 253 253 252 252 253 253 252 252 252 252
 252 252 253 253 253 253 253 252 252 252 252 252 253 253 253 253 253 252
 252 252 252 252 253 253 253 253 253 252 252 252 252 252 252 252 252 252
 252 252 252 252 253 253 253 253 253 253 252 252 252 252 252 252 252 252
 253 253 253 253 253 252 252 252 253 253 252 252 252 253 252 252 252 252
 252 252 252 252 252 252 253 253 253 253 253 253 253 253 252 252 252 252
 252 252 252 251 252 252 252 252 252 252 252 252 252 252 253 252 252 252
 252 252 252 252 252 252 252 252 252 252 252 252 252 252 252 252 252 252
 252 252 252 252 252 252 252 252 252 252 252 252 252 252 252 252 252 252
 252 252 252 252 252 252 252 252 252 252 252 252 252 252 252 252 252 252
 252 252 252 252 252 252 252 252 252 252 252 252 251 252 252 252 251 252
 244  29]"
"[ 29  29 244 250 251 251 252 252 253 253 252 252 253 253 252 251 252 252
 252 252 252 252 253 253 253 253 253 253 253 253 253 253 253 253 253 253
 252 252 253 253 253 252 252 252 252 252 252 252 253 253 253 253 253 253
 253 253 253 253 253 253 253 253 253 253 253 253 253 253 253 253 253 253
 253 253 253 253 252 252 252 252 252 252 252 252 252 252 253 253 253 253
 253 253 253 253 253 253 253 253 253 253 253 253 253 253 252 252 252 252
 253 253 252 252 252 253 253 253 253 253 253 253 253 253 253 252 252 252
 252 252 252 252 252 252 252 252 252 252 252 252 252 252 252 252 252 252
 252 252 252 252 252 252 252 252 252 252 252 252 252 252 252 252 252 252
 252 252 252 252 252 252 252 252 252 252 252 252 252 252 252 252 252 252
 252 252 252 252 252 252 252 252 252 252 252 251 252 252 253 252 251 252
 245  29]"
"[ 29  29 245 251 252 251 252 253 253 253 252 252 252 252 251 250 252 252
 252 252 252 252 253 253 253 253 253 252 252 252 253 253 251 251 251 251
 251 251 251 251 253 252 252 252 252 252 252 252 252 253 253 253 253 252
 253 253 252 252 252 252 252 252 252 252 253 253 253 253 253 253 253 253
 253 253 253 252 252 252 252 252 252 252 252 252 252 252 252 252 252 252
 252 252 252 252 252 252 253 253 253 253 253 253 253 253 252 252 252 252
 253 253 252 252 252 252 252 252 252 252 252 252 253 253 253 252 252 252
 252 252 252 252 252 252 252 252 252 252 252 252 252 252 252 252 252 252
 252 252 252 252 252 252 252 252 252 252 252 252 252 252 252 252 252 252
 252 252 252 252 252 252 252 252 252 252 252 252 252 252 252 252 252 252
 252 252 252 253 252 252 252 252 252 252 252 252 252 252 253 253 252 252
 244  29]"
"[ 28  29 246 252 252 251 252 253 252 252 251 251 252 251 251 251 251 252
 252 252 252 252 252 252 252 252 252 252 252 252 252 252 253 253 253 253
 252 252 253 253 253 253 252 252 252 252 252 252 252 252 253 253 253 253
 253 253 253 253 253 253 253 253 253 253 252 252 252 252 252 252 252 252
 252 252 252 252 252 252 252 252 252 252 252 252 253 253 253 252 253 253
 253 253 253 253 253 253 252 252 252 252 252 252 252 252 252 252 252 252
 252 252 252 252 252 252 252 252 252 252 252 252 252 252 252 252 252 252
 252 252 252 252 252 252 252 252 252 252 252 252 252 252 252 252 252 252
 252 252 252 252 252 252 252 252 252 252 252 252 252 252 252 252 252 252
 252 252 252 252 252 252 252 252 252 252 252 252 252 252 253 252 252 252
 252 252 252 252 252 252 252 252 252 252 252 252 252 252 252 252 251 251
 244  29]"
"[ 28  30 246 252 251 252 252 253 253 253 252 252 252 252 252 252 252 252
 252 252 252 252 252 252 252 252 252 252 253 253 253 253 253 253 253 253
 252 252 253 253 253 253 252 252 252 252 252 252 252 252 253 253 253 253
 253 253 252 252 252 252 252 252 251 251 252 252 252 252 252 252 252 252
 252 252 252 252 252 252 252 252 252 252 252 253 253 253 253 253 253 253
 253 253 253 253 253 253 252 252 252 252 252 252 252 252 252 252 253 252
 252 252 252 252 252 252 252 252 252 252 252 252 252 252 252 252 252 252
 252 252 252 252 252 252 252 252 252 252 252 252 252 252 252 252 252 252
 252 252 252 252 252 252 252 252 252 252 252 252 252 252 252 252 252 252
 252 252 252 252 252 252 252 252 252 252 252 252 252 252 252 252 252 252
 252 252 252 252 252 252 252 252 252 252 252 252 252 252 252 252 251 251
 244  29]"
"[ 29  29 246 253 252 252 253 252 252 252 252 252 252 252 252 251 252 252
 252 252 252 252 252 252 252 252 253 253 252 252 252 252 252 252 252 252
 252 252 252 252 253 253 253 253 253 252 252 252 252 252 252 252 252 252
 252 252 252 252 252 252 252 252 252 252 252 252 252 252 252 252 252 252
 252 252 252 252 252 252 252 252 252 252 252 252 252 252 252 252 252 252
 252 253 253 253 253 252 252 252 252 252 252 252 252 252 252 252 252 252
 252 252 252 252 252 252 252 252 252 252 252 252 252 252 252 252 252 252
 252 252 252 252 252 252 252 252 252 252 252 252 252 252 252 252 252 252
 252 252 252 252 252 252 252 252 252 252 252 252 252 252 252 252 252 252
 252 252 252 252 252 252 252 252 252 252 252 252 252 252 252 252 252 252
 252 252 252 252 252 252 252 252 252 252 252 252 252 252 252 252 251 252
 244  29]"
"[ 29  29 246 253 252 252 253 252 252 252 252 252 253 253 252 252 252 252
 252 252 252 252 252 252 253 253 253 253 253 253 253 253 252 252 252 252
 253 253 253 253 253 253 253 253 253 253 252 252 252 252 252 252 252 252
 252 252 252 252 252 252 252 252 252 252 252 252 252 252 252 252 252 252
 252 252 252 252 252 252 252 252 252 252 252 252 252 252 252 252 252 252
 252 253 253 253 253 252 252 252 252 252 252 252 252 252 252 252 252 252
 252 252 252 252 252 252 252 252 252 252 252 252 252 252 252 252 252 252
 252 252 252 252 252 252 252 252 252 252 252 252 252 252 252 252 252 252
 252 252 252 252 252 252 252 252 252 252 252 252 252 252 252 252 252 252
 252 252 252 252 252 252 252 252 252 252 252 252 252 252 252 252 252 252
 252 252 252 252 252 252 252 252 252 252 252 252 252 252 252 252 251 252
 244  29]"
"[ 29  29 246 253 252 252 253 252 253 253 252 252 253 253 252 252 252 252
 252 252 253 253 253 253 253 253 253 253 253 253 253 253 252 252 252 252
 253 253 253 253 253 253 253 253 253 253 253 253 252 252 252 252 252 252
 252 252 252 252 252 252 252 252 252 252 252 252 252 252 252 252 252 252
 252 252 252 252 252 252 252 252 252 252 252 252 252 252 252 252 252 252
 252 253 253 253 252 252 252 252 252 252 252 252 252 252 252 252 252 252
 252 252 252 252 252 252 252 252 252 252 252 252 252 252 252 252 252 252
 252 252 252 252 252 252 252 252 252 252 252 252 252 252 252 252 252 252
 252 252 252 252 252 252 252 252 252 252 252 252 252 252 252 252 252 252
 252 252 252 252 252 252 252 252 252 252 252 252 252 252 252 252 252 252
 252 252 252 252 252 252 252 252 252 252 252 252 252 252 252 252 251 252
 244  29]"
"[ 29  29 246 253 252 252 253 252 252 252 252 252 252 252 252 252 252 252
 252 252 253 253 253 253 252 252 252 252 252 252 252 252 252 252 252 252
 252 252 252 252 253 253 253 253 253 253 253 253 252 252 252 252 252 252
 252 251 252 252 252 252 252 252 252 252 252 252 252 252 252 252 252 252
 252 252 252 252 252 252 252 252 252 252 252 252 252 252 252 252 252 252
 252 252 253 252 252 252 252 252 252 252 252 252 252 252 252 252 252 252
 252 252 252 252 252 252 252 252 252 252 252 252 252 252 252 252 252 252
 252 252 252 252 252 252 252 252 252 252 252 252 252 252 252 252 252 252
 252 252 252 252 252 252 252 252 252 252 252 252 252 252 252 252 252 252
 252 252 252 252 252 252 252 252 252 252 252 252 252 252 252 252 252 252
 252 252 252 252 252 252 252 252 252 252 252 252 252 252 252 252 251 252
 244  29]"
"[ 29  29 246 253 252 252 253 252 253 253 253 253 253 253 253 253 252 252
 252 252 252 252 252 252 252 252 252 252 253 253 253 253 252 252 252 252
 252 252 253 253 252 252 252 253 253 253 253 253 253 253 253 253 253 253
 252 252 252 252 252 252 252 252 252 252 252 252 252 252 252 252 252 252
 252 252 252 252 252 252 252 252 252 252 252 252 252 252 252 252 252 252
 252 252 252 252 252 252 252 252 252 252 252 252 252 252 252 252 252 252
 252 252 252 252 252 252 252 252 252 252 252 252 252 252 252 252 252 252
 252 252 252 252 252 252 252 252 252 252 252 252 252 252 252 252 252 252
 252 252 252 252 252 252 252 252 252 252 252 252 252 252 252 252 252 252
 252 252 252 252 252 252 252 252 252 252 252 252 252 252 252 252 252 252
 252 252 252 252 252 252 252 252 252 252 252 252 252 252 252 252 251 252
 244  29]"
"[ 29  29 246 253 252 252 253 252 253 253 253 253 253 253 253 253 253 253
 253 253 253 253 253 253 252 252 252 252 253 253 253 253 253 252 252 252
 252 252 253 253 252 252 252 252 252 252 252 253 253 253 253 253 253 253
 252 252 252 252 252 252 252 252 252 252 252 252 252 252 252 252 252 252
 252 252 252 252 252 252 252 252 252 252 252 252 252 252 252 252 252 252
 252 252 252 252 252 252 252 252 252 252 252 252 252 252 252 252 252 252
 252 252 252 252 252 252 252 252 252 252 252 252 252 252 252 252 252 252
 252 252 252 252 252 252 252 252 252 252 252 252 252 252 252 252 252 252
 252 252 252 252 252 252 252 252 252 252 252 252 252 252 252 252 252 252
 252 252 252 252 252 252 252 252 252 252 252 252 252 252 252 252 252 252
 252 252 252 252 252 252 252 252 252 252 252 252 252 252 252 252 251 252
 244  29]"
"[ 29  29 246 253 252 252 253 252 252 252 252 252 252 252 253 253 253 253
 253 253 253 253 253 253 252 252 252 252 252 252 252 253 252 252 252 252
 252 252 252 252 252 252 252 252 252 252 252 252 252 252 252 253 253 252
 252 252 252 252 252 252 252 252 252 252 252 252 252 252 252 252 252 252
 252 252 252 252 252 252 252 252 252 252 252 252 252 252 252 252 252 252
 252 252 252 252 252 252 252 252 252 252 252 252 252 252 252 252 252 252
 252 252 252 252 252 252 252 252 252 252 252 252 252 252 252 252 252 252
 252 252 252 252 252 252 252 252 252 252 252 252 252 252 252 252 252 252
 252 252 252 252 252 252 252 252 252 252 252 252 252 252 252 252 252 252
 252 252 252 252 252 252 252 252 252 252 252 252 252 252 252 252 252 252
 252 252 252 252 252 252 252 252 252 252 252 252 252 252 252 252 251 252
 244  29]"
"[ 29  29 246 253 252 252 253 252 252 252 252 252 252 252 253 253 252 252
 252 252 252 252 252 252 252 252 252 252 252 252 252 252 253 252 252 252
 252 252 253 253 252 252 252 252 252 252 252 252 252 252 253 253 253 253
 252 252 252 252 252 252 252 252 252 252 252 252 252 252 252 252 252 252
 252 252 252 252 252 252 252 252 252 252 252 252 252 252 252 252 252 252
 252 252 252 252 252 252 252 252 252 252 252 252 252 252 252 252 252 252
 252 252 252 252 252 252 252 252 252 252 252 252 252 252 252 252 252 252
 252 252 252 252 252 252 252 252 252 252 252 252 252 252 252 252 252 252
 252 252 252 252 252 252 252 252 252 252 252 252 252 252 252 252 252 252
 252 252 252 252 252 252 252 252 252 252 252 252 252 252 252 252 252 252
 252 252 252 252 252 252 252 252 252 252 252 252 252 252 252 252 251 252
 244  29]"
"[ 29  29 246 253 253 252 253 252 252 252 252 252 252 252 252 252 252 252
 252 252 252 252 252 252 252 252 252 252 252 252 252 252 253 252 252 252
 253 252 252 252 251 252 252 252 252 252 252 252 252 252 252 252 252 252
 252 252 252 252 252 252 252 252 252 252 252 252 252 252 252 252 252 252
 252 252 252 252 252 252 252 252 252 252 252 252 252 252 252 252 252 252
 252 252 252 252 252 252 252 252 252 252 252 252 252 252 252 252 252 252
 252 252 252 252 252 252 252 252 252 252 252 252 252 252 252 252 252 252
 252 252 252 252 252 252 252 252 252 252 252 252 252 252 252 252 252 252
 252 252 252 252 252 252 252 252 252 252 252 252 252 252 252 252 252 252
 252 252 252 252 252 252 252 252 252 252 252 252 252 252 252 252 252 252
 252 252 252 252 252 252 252 252 252 252 252 252 252 252 252 252 251 252
 244  29]"
"[ 29  29 246 253 252 252 253 252 252 252 252 252 252 252 252 252 252 252
 252 252 252 252 252 252 252 252 252 252 252 252 252 252 252 252 252 252
 252 252 252 252 252 252 252 252 252 252 252 252 252 252 252 252 252 252
 252 252 252 252 252 252 252 252 252 252 252 252 252 252 252 252 252 252
 252 252 252 252 252 252 252 252 252 252 252 252 252 252 252 252 252 252
 252 252 252 252 252 252 252 252 252 252 252 252 252 252 252 252 252 252
 252 252 252 252 252 252 252 252 252 252 252 252 252 252 252 252 252 252
 252 252 252 252 252 252 252 252 252 252 252 252 252 252 252 252 252 252
 252 252 252 252 252 252 252 252 252 252 252 252 252 252 252 252 252 252
 252 252 252 252 252 252 252 252 252 252 252 252 252 252 252 252 252 252
 252 252 252 252 252 252 252 252 252 252 252 252 252 252 252 252 251 252
 244  29]"
"[ 29  29 246 253 252 252 253 252 253 253 253 253 253 252 252 252 252 252
 252 252 252 252 252 252 252 252 252 252 252 252 252 253 253 253 253 253
 253 253 253 253 253 253 253 253 253 253 253 253 253 253 252 252 252 252
 252 252 252 252 252 252 252 252 252 252 252 252 252 252 252 252 252 252
 252 252 252 252 252 252 252 252 252 252 252 252 252 252 252 252 252 252
 252 252 252 252 252 252 252 252 252 252 252 252 252 252 252 252 252 252
 252 252 252 252 252 252 252 252 252 252 252 252 252 252 252 252 252 252
 252 252 252 252 252 252 252 252 252 252 252 252 252 252 252 252 252 252
 252 252 252 252 252 252 252 252 252 252 252 252 252 252 252 252 252 252
 252 252 252 252 252 252 252 252 252 252 252 252 252 252 252 252 252 252
 252 252 252 252 252 252 252 252 252 252 252 252 252 252 252 252 251 252
 244  29]"
"[ 29  29 246 253 253 253 253 252 253 253 253 253 253 252 252 252 252 252
 252 252 252 252 252 252 252 252 252 252 252 253 253 253 253 253 253 253
 253 253 253 253 253 253 253 253 253 252 252 252 253 253 253 252 252 252
 252 252 252 252 252 252 252 252 252 252 252 252 252 252 252 252 252 252
 252 252 252 252 252 252 252 252 252 252 252 252 252 252 252 252 252 252
 252 252 252 252 252 252 252 252 252 252 252 252 252 252 252 252 252 252
 252 252 252 252 252 252 252 252 252 252 252 252 252 252 252 252 252 252
 252 252 252 252 252 252 252 252 252 252 252 252 252 252 252 252 252 252
 252 252 252 252 252 252 252 252 252 252 252 252 252 252 252 252 252 252
 252 252 252 252 252 252 252 252 252 252 252 252 252 252 252 252 252 252
 252 252 252 252 252 252 252 252 252 252 252 252 252 252 252 252 251 252
 244  29]"
"[ 29  29 246 253 252 252 253 252 252 252 252 252 252 252 252 252 252 252
 252 252 252 252 252 252 252 252 252 252 253 253 253 253 252 252 252 252
 252 252 252 252 252 252 252 252 252 252 251 251 253 253 253 252 252 252
 252 252 252 252 252 252 252 252 252 252 252 252 252 252 252 252 252 252
 252 252 252 252 252 252 252 252 252 252 252 252 252 252 252 252 252 252
 252 252 252 252 252 252 252 252 252 252 252 252 252 252 252 252 252 252
 252 252 252 252 252 252 252 252 252 252 252 252 252 252 252 252 252 252
 252 252 252 252 252 252 252 252 252 252 252 252 252 252 252 252 252 252
 252 252 252 252 252 252 252 252 252 252 252 252 252 252 252 252 252 252
 252 252 252 252 252 252 252 252 252 252 252 252 252 252 252 252 252 252
 252 252 252 252 252 252 252 252 252 252 252 252 252 252 252 252 251 252
 244  29]"
"[ 29  29 246 253 252 252 253 252 253 253 252 252 253 253 252 252 252 252
 252 252 252 252 252 252 252 252 252 253 253 253 253 253 252 252 252 252
 252 252 252 253 253 253 253 253 252 252 252 252 253 253 252 252 252 252
 252 252 252 252 252 252 252 252 252 252 252 252 252 252 252 252 252 252
 252 252 252 252 252 252 252 252 252 252 252 252 252 252 252 252 252 252
 252 252 252 252 252 252 252 252 252 252 252 252 252 252 252 252 252 252
 252 252 252 252 252 252 252 252 252 252 252 252 252 252 252 252 252 252
 252 252 252 252 252 252 252 252 252 252 252 252 252 252 252 252 252 252
 252 252 252 252 252 252 252 252 252 252 252 252 252 252 252 252 252 252
 252 252 252 252 252 252 252 252 252 252 252 252 252 252 252 252 252 252
 252 252 252 252 252 252 252 252 252 252 252 252 252 252 252 252 251 252
 244  29]"
"[ 29  29 246 253 253 253 253 252 252 252 252 252 253 253 252 252 252 252
 252 252 252 252 252 252 253 253 252 252 252 252 252 252 253 253 252 252
 252 253 253 253 253 253 252 252 252 252 252 252 252 252 252 252 252 252
 252 252 252 252 252 252 252 252 252 252 252 252 252 252 252 252 252 252
 252 252 252 252 252 252 252 252 252 252 252 252 252 252 252 252 252 252
 252 252 252 252 252 252 252 252 252 252 252 252 252 252 252 252 252 252
 252 252 252 252 252 252 252 252 252 252 252 252 252 252 252 252 252 252
 252 252 252 252 252 252 252 252 252 252 252 252 252 252 252 252 252 252
 252 252 252 252 252 252 252 252 252 252 252 252 252 252 252 252 252 252
 252 252 252 252 252 252 252 252 252 252 252 252 252 252 252 252 252 252
 252 252 252 252 252 252 252 252 252 252 252 252 252 252 252 252 251 252
 244  29]"
"[ 29  29 246 253 252 252 252 252 252 252 252 252 252 252 252 252 252 252
 252 252 252 252 252 252 253 253 252 252 252 252 252 252 252 252 252 252
 252 252 253 253 252 252 252 252 252 252 252 251 252 252 252 252 252 252
 252 252 252 252 252 252 252 252 252 252 252 252 252 252 252 252 252 252
 252 252 252 252 252 252 252 252 252 252 252 252 252 252 252 252 252 252
 252 252 252 252 252 252 252 252 252 252 252 252 252 252 252 252 252 252
 252 252 252 252 252 252 252 252 252 252 252 252 252 252 252 252 252 252
 252 252 252 252 252 252 252 252 252 252 252 252 252 252 252 252 252 252
 252 252 252 252 252 252 252 252 252 252 252 252 252 252 252 252 252 252
 252 252 252 252 252 252 252 252 252 252 252 252 252 252 252 252 252 252
 252 252 252 252 252 252 252 252 252 252 252 252 252 252 252 252 251 252
 244  29]"
"[ 29  29 246 253 252 253 252 252 252 252 251 252 253 253 253 252 253 253
 252 252 252 252 252 252 252 252 252 252 252 252 252 252 252 252 252 253
 253 253 253 253 253 253 253 253 253 253 253 253 253 253 252 252 252 252
 252 252 252 252 252 252 252 252 252 252 252 252 252 252 252 252 252 252
 252 252 252 252 252 252 252 252 252 252 252 252 252 252 252 252 252 252
 252 252 252 252 252 252 252 252 252 252 252 252 252 252 252 252 252 252
 252 252 252 252 252 252 252 252 252 252 252 252 252 252 252 252 252 252
 252 252 252 252 252 252 252 252 252 252 252 252 252 252 252 252 252 252
 252 252 252 252 252 252 252 252 252 252 252 252 252 252 252 252 252 252
 252 252 252 252 252 252 252 252 252 252 252 252 252 252 252 252 252 252
 252 252 252 252 252 252 252 252 252 252 252 252 252 252 252 252 251 252
 244  29]"
"[ 29  29 246 252 252 252 252 252 253 253 252 253 253 253 253 252 253 253
 253 252 252 252 252 252 252 252 252 252 252 252 252 252 252 252 252 253
 253 253 253 253 253 253 253 253 253 253 253 253 253 253 252 252 252 252
 252 252 252 252 252 252 252 252 252 252 252 252 252 252 252 252 252 252
 252 252 252 252 252 252 252 252 252 252 252 252 252 252 252 252 252 252
 252 252 252 252 252 252 252 252 252 252 252 252 252 252 252 252 252 252
 252 252 252 252 252 252 252 252 252 252 252 252 252 252 252 252 252 252
 252 252 252 252 252 252 252 252 252 252 252 252 252 252 252 252 252 252
 252 252 252 252 252 252 252 252 252 252 252 252 252 252 252 252 252 252
 252 252 252 252 252 252 252 252 252 252 252 252 252 252 252 252 252 252
 252 252 252 252 252 252 252 252 252 252 252 252 252 252 252 252 251 252
 244  29]"
"[ 29  29 246 252 253 252 252 252 253 253 252 253 253 253 252 252 253 253
 253 253 253 252 252 252 252 252 252 252 252 252 252 252 252 252 252 252
 252 252 253 253 252 252 252 252 252 252 252 252 252 252 252 252 252 252
 252 252 252 252 252 252 252 252 252 252 252 252 252 252 252 252 252 252
 252 252 252 252 252 252 252 252 252 252 252 252 252 252 252 252 252 252
 252 252 252 252 252 252 252 252 252 252 252 252 252 252 252 252 252 252
 252 252 252 252 252 252 252 252 252 252 252 252 252 252 252 252 252 252
 252 252 252 252 252 252 252 252 252 252 252 252 252 252 252 252 252 252
 252 252 252 252 252 252 252 252 252 252 252 252 252 252 252 252 252 252
 252 252 252 252 252 252 252 252 252 252 252 252 252 252 252 252 252 252
 252 252 252 252 252 252 252 252 252 252 252 252 252 252 252 252 251 252
 244  29]"
"[ 29  29 246 253 253 253 252 252 252 252 252 252 253 252 252 251 252 253
 253 253 253 253 252 252 252 252 252 252 252 252 252 252 252 252 252 252
 252 252 252 252 253 253 253 253 253 253 253 253 253 252 252 252 252 252
 252 253 253 253 253 252 252 252 252 252 252 252 252 252 252 252 252 252
 252 252 252 252 252 252 252 252 252 252 252 252 252 252 252 252 252 252
 252 252 252 252 252 252 252 252 252 252 252 252 252 252 252 252 252 252
 252 252 252 252 252 252 252 252 252 252 252 252 252 252 252 252 252 252
 252 252 252 252 252 252 252 252 252 252 252 252 252 252 252 252 252 252
 252 252 252 252 252 252 252 252 252 252 252 252 252 252 252 252 252 252
 252 252 252 252 252 252 252 252 252 252 252 252 252 252 252 252 252 252
 252 252 252 252 252 252 252 252 252 252 252 252 252 252 252 252 251 252
 244  29]"
"[ 29  29 246 253 253 253 252 252 253 253 252 252 253 253 252 252 252 252
 253 253 253 253 252 251 252 252 252 252 252 252 252 252 252 252 252 252
 252 252 252 252 253 253 253 253 253 253 253 253 253 253 252 251 251 252
 253 253 253 253 253 252 252 252 252 252 252 252 252 252 252 252 252 252
 252 252 252 252 252 252 252 252 252 252 252 252 252 252 252 252 252 252
 252 252 252 252 252 252 252 252 252 252 252 252 252 252 252 252 252 252
 252 252 252 252 252 252 252 252 252 252 252 252 252 252 252 252 252 252
 252 252 252 252 252 252 252 252 252 252 252 252 252 252 252 252 252 252
 252 252 252 252 252 252 252 252 252 252 252 252 252 252 252 252 252 252
 252 252 252 252 252 252 252 252 252 252 252 252 252 252 252 252 252 252
 252 252 252 252 252 252 252 252 252 252 252 252 252 252 252 252 251 252
 244  29]"
"[ 29  29 246 252 253 252 252 252 252 253 252 252 253 253 252 252 252 252
 253 253 253 253 252 252 252 252 252 252 252 252 252 252 252 252 252 252
 252 252 252 252 252 252 252 252 252 252 252 252 253 253 252 252 252 252
 253 253 253 253 253 252 252 252 252 252 252 252 252 252 252 252 252 252
 252 252 252 252 252 252 252 252 252 252 252 252 252 252 252 252 252 252
 252 252 252 252 252 252 252 252 252 252 252 252 252 252 252 252 252 252
 252 252 252 252 252 252 252 252 252 252 252 252 252 252 252 252 252 252
 252 252 252 252 252 252 252 252 252 252 252 252 252 252 252 252 252 252
 252 252 252 252 252 252 252 252 252 252 252 252 252 252 252 252 252 252
 252 252 252 252 252 252 252 252 252 252 252 252 252 252 252 252 252 252
 252 252 252 252 252 252 252 252 252 252 252 252 252 252 252 252 251 252
 244  29]"
"[ 29  29 246 252 252 252 252 252 252 252 252 252 251 251 252 251 252 252
 253 253 253 253 252 252 252 252 252 252 252 252 252 252 252 252 252 252
 252 252 252 252 253 253 253 253 252 252 252 252 252 252 252 253 253 252
 252 252 253 253 252 252 252 252 252 252 252 252 252 252 252 252 252 252
 252 252 252 252 252 252 252 252 252 252 252 252 252 252 252 252 252 252
 252 252 252 252 252 252 252 252 252 252 252 252 252 252 252 252 252 252
 252 252 252 252 252 252 252 252 252 252 252 252 252 252 252 252 252 252
 252 252 252 252 252 252 252 252 252 252 252 252 252 252 252 252 252 252
 252 252 252 252 252 252 252 252 252 252 252 252 252 252 252 252 252 252
 252 252 252 252 252 252 252 252 252 252 252 252 252 252 252 252 252 252
 252 252 252 252 252 252 252 252 252 252 252 252 252 252 252 252 251 252
 244  29]"
"[ 29  28 246 252 251 252 252 252 252 252 252 252 251 251 251 251 252 252
 253 253 253 253 253 253 252 252 252 252 252 252 252 252 252 252 252 252
 252 252 252 252 253 253 253 253 252 252 252 252 252 252 253 253 253 253
 252 251 253 253 252 252 252 252 252 252 252 252 252 252 252 252 252 252
 252 252 252 252 252 252 252 252 252 252 252 252 252 252 252 252 252 252
 252 252 252 252 252 252 252 252 252 252 252 252 252 252 252 252 252 252
 252 252 252 252 252 252 252 252 252 252 252 252 252 252 252 252 252 252
 252 252 252 252 252 252 252 252 252 252 252 252 252 252 252 252 252 252
 252 252 252 252 252 252 252 252 252 252 252 252 252 252 252 252 252 252
 252 252 252 252 252 252 252 252 252 252 252 252 252 252 252 252 252 252
 252 252 252 252 252 252 252 252 252 252 252 252 252 252 252 252 251 252
 244  29]"
"[ 29  29 245 251 252 251 251 251 252 252 251 252 252 251 251 251 252 252
 252 252 252 252 252 252 252 252 252 252 252 252 252 252 252 252 252 252
 252 252 252 252 253 253 253 253 253 253 252 252 252 252 252 252 252 252
 252 252 253 253 252 252 252 252 252 252 252 252 252 252 252 252 252 252
 252 252 252 252 252 252 252 252 252 252 252 252 252 252 252 252 252 252
 252 252 252 252 252 252 252 252 252 252 252 252 252 252 252 252 252 252
 252 252 252 252 252 252 252 252 252 252 252 252 252 252 252 252 252 252
 252 252 252 252 252 252 252 252 252 252 252 252 252 252 252 252 252 252
 252 252 252 252 252 252 252 252 252 252 252 252 252 252 252 252 252 252
 252 252 252 252 252 252 252 252 252 252 252 252 252 252 252 252 252 252
 252 252 252 252 252 252 252 252 252 252 252 252 252 252 252 252 251 252
 244  29]"
"[ 29  29 245 251 251 251 251 251 251 252 251 251 251 251 251 250 251 252
 252 252 253 253 253 253 253 253 253 253 252 252 252 252 252 252 252 252
 252 252 252 252 253 253 253 253 253 253 252 252 253 253 253 253 253 253
 253 253 253 253 253 253 253 253 252 252 252 252 252 252 252 252 252 252
 252 252 252 252 252 252 252 252 252 252 252 252 252 252 252 252 252 252
 252 252 252 252 252 252 252 252 252 252 252 252 252 252 252 252 252 252
 252 252 252 252 252 252 252 252 252 252 252 252 252 252 252 252 252 252
 252 252 252 252 252 252 252 252 252 252 252 252 252 252 252 252 252 252
 252 252 252 252 252 252 252 252 252 252 252 252 252 252 252 252 252 252
 252 252 252 252 252 252 252 252 252 252 252 252 252 252 252 252 252 252
 252 252 252 252 252 252 252 252 252 252 252 252 252 252 252 252 251 252
 244  29]"
"[ 29  29 245 251 251 251 251 251 251 251 251 251 251 251 250 250 252 252
 252 252 252 252 253 253 253 253 252 252 252 252 252 252 252 252 252 252
 252 252 252 252 252 252 252 252 252 253 253 253 253 253 253 253 253 253
 253 253 253 253 253 252 252 252 252 252 252 252 252 252 252 252 252 252
 252 252 252 252 252 252 252 252 252 252 252 252 252 252 252 252 252 252
 252 252 252 252 252 252 252 252 252 252 252 252 252 252 252 252 252 252
 252 252 252 252 252 252 252 252 252 252 252 252 252 252 252 252 252 252
 252 252 252 252 252 252 252 252 252 252 252 252 252 252 252 252 252 252
 252 252 252 252 252 252 252 252 252 252 252 252 252 252 252 252 252 252
 252 252 252 252 252 252 252 252 252 252 252 252 252 252 252 252 252 252
 252 252 252 252 252 252 252 252 252 252 252 252 252 252 252 252 251 252
 244  29]"
"[ 29  29 245 251 251 251 251 251 250 250 250 250 250 250 250 250 252 252
 252 252 252 252 252 252 252 252 252 252 252 252 252 252 252 252 252 252
 252 252 252 252 252 252 252 252 252 253 253 253 252 252 252 252 252 252
 252 252 253 253 252 252 252 252 252 252 252 252 252 252 252 252 252 252
 252 252 252 252 252 252 252 252 252 252 252 252 252 252 252 252 252 252
 252 252 252 252 252 252 252 252 252 252 252 252 252 252 252 252 252 252
 252 252 252 252 252 252 252 252 252 252 252 252 252 252 252 252 252 252
 252 252 252 252 252 252 252 252 252 252 252 252 252 252 252 252 252 252
 252 252 252 252 252 252 252 252 252 252 252 252 252 252 252 252 252 252
 252 252 252 252 252 252 252 252 252 252 252 252 252 252 252 252 252 252
 252 252 252 252 252 252 252 252 252 252 252 252 252 252 252 252 251 252
 244  29]"
"[ 29  29 245 251 252 251 251 251 250 250 250 250 250 250 251 250 251 251
 251 251 252 252 252 252 253 253 253 253 253 253 253 253 252 252 252 252
 252 252 252 252 252 252 252 252 252 253 253 253 253 253 253 253 253 253
 253 253 253 253 253 253 253 253 253 253 252 252 252 252 252 252 252 252
 252 252 252 252 252 252 252 252 252 252 252 252 252 252 252 252 252 252
 252 252 252 252 252 252 252 252 252 252 252 252 252 252 252 252 252 252
 252 252 252 252 252 252 252 252 252 252 252 252 252 252 252 252 252 252
 252 252 252 252 252 252 252 252 252 252 252 252 252 252 252 252 252 252
 252 252 252 252 252 252 252 252 252 252 252 252 252 252 252 252 252 252
 252 252 252 252 252 252 252 252 252 252 252 252 252 252 252 252 252 252
 252 252 252 252 252 252 252 252 252 252 252 252 252 252 252 252 251 252
 244  29]"
"[ 29  29 245 251 252 251 251 251 251 251 251 251 250 250 250 250 249 250
 250 251 252 252 252 252 253 253 253 253 253 253 253 253 252 252 252 252
 252 252 252 252 252 252 252 252 252 253 253 253 253 253 253 253 253 253
 253 253 253 253 253 253 253 253 253 252 252 252 252 252 252 252 252 252
 252 252 252 252 252 252 252 252 252 252 252 252 252 252 252 252 252 252
 252 252 252 252 252 252 252 252 252 252 252 252 252 252 252 252 252 252
 252 252 252 252 252 252 252 252 252 252 252 252 252 252 252 252 252 252
 252 252 252 252 252 252 252 252 252 252 252 252 252 252 252 252 252 252
 252 252 252 252 252 252 252 252 252 252 252 252 252 252 252 252 252 252
 252 252 252 252 252 252 252 252 252 252 252 252 252 252 252 252 252 252
 252 252 252 252 252 252 252 252 252 252 252 252 252 252 252 252 251 252
 244  29]"
"[ 29  29 245 251 252 252 252 251 251 251 251 251 250 250 250 250 249 249
 250 251 251 252 252 252 252 252 252 252 252 252 252 252 252 252 252 252
 252 252 252 252 252 252 252 252 252 252 253 253 253 253 253 253 253 253
 253 253 252 252 252 252 252 252 252 252 252 252 252 252 252 252 252 252
 252 252 252 252 252 252 252 252 252 252 252 252 252 252 252 252 252 252
 252 252 252 252 252 252 252 252 252 252 252 252 252 252 252 252 252 252
 252 252 252 252 252 252 252 252 252 252 252 252 252 252 252 252 252 252
 252 252 252 252 252 252 252 252 252 252 252 252 252 252 252 252 252 252
 252 252 252 252 252 252 252 252 252 252 252 252 252 252 252 252 252 252
 252 252 252 252 252 252 252 252 252 252 252 252 252 252 252 252 252 252
 252 252 252 252 252 252 252 252 252 252 252 252 252 252 252 252 251 252
 244  29]"
"[ 28  29 245 251 252 252 252 251 251 251 251 251 250 250 250 250 250 250
 251 251 251 251 252 252 252 252 253 253 253 253 253 253 252 252 252 252
 252 252 252 252 252 252 252 252 252 252 252 252 253 253 253 253 253 253
 253 253 253 253 253 252 252 252 252 252 252 252 252 252 252 252 252 252
 252 252 252 252 252 252 252 252 252 252 252 252 252 252 252 252 252 252
 252 252 252 252 252 252 252 252 252 252 252 252 252 252 252 252 252 252
 252 252 252 252 252 252 252 252 252 252 252 252 252 252 252 252 252 252
 252 252 252 252 252 252 252 252 252 252 252 252 252 252 252 252 252 252
 252 252 252 252 252 252 252 252 252 252 252 252 252 252 252 252 252 252
 252 252 252 252 252 252 252 252 252 252 252 252 252 252 252 252 252 252
 252 252 252 252 252 252 252 252 252 252 252 252 252 252 252 252 251 252
 244  29]"
"[ 29  28 245 252 252 252 252 251 251 251 251 250 250 250 250 250 250 250
 250 251 251 251 252 253 252 252 252 252 252 252 252 253 253 253 253 252
 252 252 252 252 252 252 252 252 252 252 252 252 252 252 252 252 252 252
 252 252 253 252 252 252 252 252 252 252 252 252 252 252 252 252 252 252
 252 252 252 252 252 252 252 252 252 252 252 252 252 252 252 252 252 252
 252 252 252 252 252 252 252 252 252 252 252 252 252 252 252 252 252 252
 252 252 252 252 252 252 252 252 252 252 252 252 252 252 252 252 252 252
 252 252 252 252 252 252 252 252 252 252 252 252 252 252 252 252 252 252
 252 252 252 252 252 252 252 252 252 252 252 252 252 252 252 252 252 252
 252 252 252 252 252 252 252 252 252 252 252 252 252 252 252 252 252 252
 252 252 252 252 252 252 252 252 252 252 252 252 252 252 252 252 251 252
 244  29]"
"[ 30  28 245 252 252 252 252 250 251 251 251 250 250 250 251 250 250 250
 250 250 251 251 252 252 252 252 252 252 252 252 252 252 252 252 252 252
 252 252 252 252 252 252 252 252 252 252 252 252 252 252 252 252 252 252
 252 252 253 252 252 252 252 252 252 252 252 252 252 252 252 252 252 252
 252 252 252 251 251 251 252 252 252 252 252 252 252 252 252 252 252 252
 252 252 252 252 252 252 252 252 252 252 252 252 252 252 252 252 252 252
 252 252 252 252 252 252 252 252 252 252 252 252 252 252 252 252 252 252
 252 252 252 252 252 252 252 252 252 252 252 252 252 252 252 252 252 252
 252 252 252 252 252 252 252 252 252 252 252 252 252 252 252 252 252 252
 252 252 252 252 252 252 252 252 252 252 252 252 252 252 252 252 252 252
 252 252 252 252 252 252 252 252 252 252 252 252 252 252 252 252 251 252
 244  29]"
"[ 30  29 246 252 251 251 251 250 250 250 250 250 250 250 250 250 250 250
 250 251 251 251 251 251 251 252 252 252 252 253 252 252 252 252 252 252
 252 252 252 252 252 252 252 252 252 252 252 252 252 252 252 253 253 253
 252 252 252 252 253 253 253 253 253 253 253 253 253 253 253 253 253 253
 253 253 252 252 252 252 252 252 252 252 252 252 252 252 252 252 252 252
 252 252 252 252 252 252 252 252 252 252 252 252 252 252 252 252 252 252
 252 252 252 252 252 252 252 252 252 252 252 252 252 252 252 252 252 252
 252 252 252 252 252 252 252 252 252 252 252 252 252 252 252 252 252 252
 252 252 252 252 252 252 252 252 252 252 252 252 252 252 252 252 252 252
 252 252 252 252 252 252 252 252 252 252 252 252 252 252 252 252 252 252
 252 252 252 252 252 252 252 252 252 252 252 252 252 252 252 252 251 252
 244  29]"
"[ 29  29 246 252 251 251 251 250 250 250 250 250 250 250 250 250 250 251
 251 251 251 251 251 251 251 251 252 252 252 253 252 252 253 253 253 253
 252 252 252 252 252 252 252 252 252 252 252 252 252 252 252 253 253 253
 252 252 252 252 253 253 253 253 253 253 253 253 253 253 253 253 253 253
 253 253 253 253 253 253 253 253 252 252 252 252 252 252 252 252 252 252
 252 252 252 252 252 252 252 252 252 252 252 252 252 252 252 252 252 252
 252 252 252 252 252 252 252 252 252 252 252 252 252 252 252 252 252 252
 252 252 252 252 252 252 252 252 252 252 252 252 252 252 252 252 252 252
 252 252 252 252 252 252 252 252 252 252 252 252 252 252 252 252 252 252
 252 252 252 252 252 252 252 252 252 252 252 252 252 252 252 252 252 252
 252 252 252 252 252 252 252 252 252 252 252 252 252 252 252 252 251 252
 244  29]"
"[ 29  29 246 253 251 251 252 251 251 251 251 250 251 251 250 250 251 251
 251 251 251 251 252 252 251 252 252 252 253 253 253 253 253 253 253 253
 253 253 252 252 252 252 252 252 252 252 252 252 252 252 252 252 252 252
 252 252 252 252 252 252 252 252 252 252 253 252 252 252 252 252 252 252
 252 252 252 252 252 252 252 253 252 252 252 252 252 252 252 252 252 252
 252 252 252 252 252 252 252 252 252 252 252 252 252 252 252 252 252 252
 252 252 252 252 252 252 252 252 252 252 252 252 252 252 252 252 252 252
 252 252 252 252 252 252 252 252 252 252 252 252 252 252 252 252 252 252
 252 252 252 252 252 252 252 252 252 252 252 252 252 252 252 252 252 252
 252 252 252 252 252 252 252 252 252 252 252 252 252 252 252 252 252 252
 252 252 252 252 252 252 252 252 252 252 252 252 252 252 252 252 251 252
 244  29]"
"[ 29  29 246 253 252 252 252 251 251 251 251 251 251 250 250 250 251 251
 251 251 251 252 252 252 252 252 252 253 253 253 253 253 253 253 253 253
 253 253 253 253 253 253 253 253 253 253 253 253 253 253 253 253 253 253
 252 252 252 252 253 253 253 253 253 253 253 252 252 252 252 252 252 252
 252 252 252 252 252 253 253 253 252 252 252 252 252 252 252 252 252 252
 252 252 252 252 252 252 252 252 252 252 252 252 252 252 252 252 252 252
 252 252 252 252 252 252 252 252 252 252 252 252 252 252 252 252 252 252
 252 252 252 252 252 252 252 252 252 252 252 252 252 252 252 252 252 252
 252 252 252 252 252 252 252 252 252 252 252 252 252 252 252 252 252 252
 252 252 252 252 252 252 252 252 252 252 252 252 252 252 252 252 252 252
 252 252 252 252 252 252 252 252 252 252 252 252 252 252 252 252 251 252
 244  29]"
"[ 29  29 246 253 253 252 252 252 251 251 250 250 250 250 250 250 251 251
 251 251 251 251 252 252 252 252 253 253 253 253 252 252 252 252 252 253
 253 253 253 253 253 253 253 253 253 253 253 253 253 253 253 253 253 253
 252 252 252 252 252 252 253 253 253 253 253 253 252 252 252 252 252 252
 252 252 252 252 252 252 252 252 252 252 252 252 252 252 252 252 252 252
 252 252 252 252 252 252 252 252 252 252 252 252 252 252 252 252 252 252
 252 252 252 252 252 252 252 252 252 252 252 252 252 252 252 252 252 252
 252 252 252 252 252 252 252 252 252 252 252 252 252 252 252 252 252 252
 252 252 252 252 252 252 252 252 252 252 252 252 252 252 252 252 252 252
 252 252 252 252 252 252 252 252 252 252 252 252 252 252 252 252 252 252
 252 252 252 252 252 252 252 252 252 252 252 252 252 252 252 252 251 252
 244  29]"
"[ 30  29 246 253 253 252 252 252 251 251 250 250 250 250 251 250 251 251
 251 251 251 251 252 252 252 252 253 253 253 252 252 252 252 252 252 252
 252 252 252 252 252 252 252 252 252 252 252 252 252 252 252 252 252 252
 252 252 252 252 252 252 252 252 252 252 253 252 252 251 251 251 251 251
 251 251 251 252 252 252 252 252 252 252 252 252 252 252 252 252 252 252
 252 252 252 252 252 252 252 252 252 252 252 252 252 252 252 252 252 252
 252 252 252 252 252 252 252 252 252 252 252 252 252 252 252 252 252 252
 252 252 252 252 252 252 252 252 252 252 252 252 252 252 252 252 252 252
 252 252 252 252 252 252 252 252 252 252 252 252 252 252 252 252 252 252
 252 252 252 252 252 252 252 252 252 252 252 252 252 252 252 252 252 252
 252 252 252 252 252 252 252 252 252 252 252 252 252 252 252 252 251 252
 244  29]"
"[ 29  29 246 252 251 251 252 251 251 251 251 251 250 250 250 250 250 250
 250 251 251 251 251 251 252 252 252 252 253 253 253 253 252 252 252 252
 252 252 252 252 253 253 253 253 253 253 253 253 253 253 253 253 252 252
 252 252 252 252 252 252 252 252 252 252 252 252 252 251 251 251 251 251
 251 251 251 251 251 251 252 252 253 253 252 252 252 252 252 252 252 252
 252 252 252 252 252 252 252 252 252 252 252 252 252 252 252 252 252 252
 252 252 252 252 252 252 252 252 252 252 252 252 252 252 252 252 252 252
 252 252 252 252 252 252 252 252 252 252 252 252 252 252 252 252 252 252
 252 252 252 252 252 252 252 252 252 252 252 252 252 252 252 252 252 252
 252 252 252 252 252 252 252 252 252 252 252 252 252 252 252 252 252 252
 252 252 252 252 252 252 252 252 252 252 252 252 252 252 252 252 251 252
 244  29]"
"[ 29  29 246 252 252 252 252 252 251 251 251 250 250 250 250 250 251 251
 251 251 251 251 251 251 252 252 252 252 253 253 253 252 252 252 252 252
 252 252 252 252 253 253 253 252 252 253 253 253 253 253 253 253 252 252
 252 252 252 252 252 252 252 252 252 252 252 251 251 251 251 251 251 251
 251 251 251 251 251 251 252 252 253 253 253 252 252 252 252 252 252 252
 252 252 252 252 252 252 252 252 252 252 252 252 252 252 252 252 252 252
 252 252 252 252 252 252 252 252 252 252 252 252 252 252 252 252 252 252
 252 252 252 252 252 252 252 252 252 252 252 252 252 252 252 252 252 252
 252 252 252 252 252 252 252 252 252 252 252 252 252 252 252 252 252 252
 252 252 252 252 252 252 252 252 252 252 252 252 252 252 252 252 252 252
 252 252 252 252 252 252 252 252 252 252 252 252 252 252 252 252 251 252
 244  29]"
"[ 29  29 246 252 251 251 252 251 251 251 250 250 250 250 250 250 251 251
 251 251 250 250 250 250 251 251 251 251 252 252 252 252 252 252 252 252
 252 252 252 252 253 253 253 252 252 253 253 253 252 252 252 252 252 252
 252 252 252 252 252 252 251 251 251 251 252 252 252 251 251 251 251 251
 251 251 251 251 251 251 252 252 253 253 253 253 253 252 252 252 252 252
 252 252 252 252 252 252 252 252 252 252 252 252 252 252 252 252 252 252
 252 252 252 252 252 252 252 252 252 252 252 252 252 252 252 252 252 252
 252 252 252 252 252 252 252 252 252 252 252 252 252 252 252 252 252 252
 252 252 252 252 252 252 252 252 252 252 252 252 252 252 252 252 252 252
 252 252 252 252 252 252 252 252 252 252 252 252 252 252 252 252 252 252
 252 252 252 252 252 252 252 252 252 252 252 252 252 252 252 252 251 252
 244  29]"
"[ 29  29 246 252 251 251 251 251 251 251 250 250 250 250 250 250 251 251
 250 250 250 250 250 250 249 250 250 251 251 252 252 252 252 252 252 252
 252 252 252 252 253 253 253 253 253 253 253 253 252 252 252 251 251 251
 252 252 252 251 251 251 251 251 251 251 252 252 252 251 251 251 251 251
 250 250 251 251 251 251 252 252 252 252 253 253 253 253 252 252 252 252
 252 252 252 252 252 252 252 252 252 252 252 252 252 252 252 252 252 252
 252 252 252 252 252 252 252 252 252 252 252 252 252 252 252 252 252 252
 252 252 252 252 252 252 252 252 252 252 252 252 252 252 252 252 252 252
 252 252 252 252 252 252 252 252 252 252 252 252 252 252 252 252 252 252
 252 252 252 252 252 252 252 252 252 252 252 252 252 252 252 252 252 252
 252 252 252 252 252 252 252 252 252 252 252 252 252 252 252 252 251 252
 244  29]"
"[ 30  29 246 252 251 251 252 251 251 251 251 251 250 250 250 250 250 250
 250 250 250 250 250 250 250 250 250 251 251 251 252 252 252 252 252 252
 252 252 252 252 253 253 253 253 253 253 253 253 252 252 251 251 251 251
 251 251 251 251 251 250 250 250 251 251 251 251 251 250 250 250 250 250
 250 250 251 251 251 252 252 252 252 252 253 253 253 253 252 252 252 252
 252 252 252 252 252 252 252 252 252 252 252 252 252 252 252 252 252 252
 252 252 252 252 252 252 252 252 252 252 252 252 252 252 252 252 252 252
 252 252 252 252 252 252 252 252 252 252 252 252 252 252 252 252 252 252
 252 252 252 252 252 252 252 252 252 252 252 252 252 252 252 252 252 252
 252 252 252 252 252 252 252 252 252 252 252 252 252 252 252 252 252 252
 252 252 252 252 252 252 252 252 252 252 252 252 252 252 252 252 251 252
 244  29]"
"[ 29  29 246 252 251 251 251 251 251 251 251 251 251 250 250 249 250 250
 250 250 250 250 250 250 250 250 250 251 251 251 251 251 251 251 251 251
 251 252 252 252 252 252 252 252 252 252 252 252 252 252 252 251 251 251
 251 251 252 251 251 251 251 251 251 251 251 251 251 251 250 250 250 250
 250 250 251 251 252 252 252 253 252 252 253 253 253 252 252 252 252 252
 252 252 252 252 252 252 252 252 252 252 252 252 252 252 252 252 252 252
 252 252 252 252 252 252 252 252 252 252 252 252 252 252 252 252 252 252
 252 252 252 252 252 252 252 252 252 252 252 252 252 252 252 252 252 252
 252 252 252 252 252 252 252 252 252 252 252 252 252 252 252 252 252 252
 252 252 252 252 252 252 252 252 252 252 252 252 252 252 252 252 252 252
 252 252 252 252 252 252 252 252 252 252 252 252 252 252 252 252 251 252
 244  29]"
"[ 29  29 246 252 251 251 251 250 251 251 251 251 252 251 250 250 250 250
 250 250 250 250 250 250 250 250 250 250 250 250 250 251 251 251 251 251
 251 251 252 252 253 253 252 252 252 252 253 253 252 252 252 252 252 251
 251 251 251 251 251 251 251 251 251 251 251 251 251 251 251 251 251 251
 250 251 251 251 252 252 253 253 253 252 253 253 253 252 252 252 252 252
 252 252 252 252 252 252 252 252 252 252 252 252 252 252 252 252 252 252
 252 252 252 252 252 252 252 252 252 252 252 252 252 252 252 252 252 252
 252 252 252 252 252 252 252 252 252 252 252 252 252 252 252 252 252 252
 252 252 252 252 252 252 252 252 252 252 252 252 252 252 252 252 252 252
 252 252 252 252 252 252 252 252 252 252 252 252 252 252 252 252 252 252
 252 252 252 252 252 252 252 252 252 252 252 252 252 252 252 252 251 252
 244  29]"
"[ 29  29 246 253 252 251 252 251 250 251 251 252 252 252 251 250 251 251
 250 250 250 250 250 249 250 250 250 250 250 251 251 251 251 252 252 252
 252 252 253 253 253 253 253 253 253 253 253 253 253 252 253 252 252 252
 251 251 251 251 251 251 251 250 250 250 251 251 251 251 250 250 250 250
 250 251 251 252 252 253 253 253 252 252 253 253 253 252 252 252 252 252
 252 252 252 252 252 252 252 252 252 252 252 252 252 252 252 252 252 252
 252 252 252 252 252 252 252 252 252 252 252 252 252 252 252 252 252 252
 252 252 252 252 252 252 252 252 252 252 252 252 252 252 252 252 252 252
 252 252 252 252 252 252 252 252 252 252 252 252 252 252 252 252 252 252
 252 252 252 252 252 252 252 252 252 252 252 252 252 252 252 252 252 252
 252 252 252 252 252 252 252 252 252 252 252 252 252 252 252 252 251 252
 244  29]"
"[ 29  29 246 252 252 252 252 252 252 252 252 252 253 253 252 252 251 251
 251 251 251 250 250 250 250 250 250 250 251 251 250 250 251 251 251 251
 252 252 253 253 252 252 252 252 252 252 252 252 252 253 253 253 253 253
 252 252 251 251 251 251 250 250 250 250 251 251 251 251 251 251 251 251
 251 251 251 251 252 252 252 252 252 252 252 252 251 251 252 252 252 253
 253 252 253 254 254 250 252 251 251 254 253 251 252 251 251 251 252 252
 252 252 252 252 252 252 252 252 252 252 252 252 252 252 252 252 252 252
 252 253 252 252 252 252 252 252 252 252 252 252 252 252 252 252 252 252
 252 252 252 252 252 252 252 252 252 252 252 252 252 252 252 252 252 252
 252 252 252 252 252 252 252 252 252 252 252 252 252 252 252 252 252 252
 252 252 252 252 252 252 252 252 252 252 252 252 252 252 252 252 251 253
 244  29]"
"[ 29  29 246 252 252 252 252 252 251 251 252 252 252 252 252 252 251 251
 251 250 250 250 250 250 250 251 251 250 251 250 251 250 251 250 251 251
 251 251 251 252 253 253 253 253 253 252 253 253 253 253 253 252 252 251
 251 251 251 251 251 251 251 250 250 250 251 251 251 251 251 251 252 252
 252 252 252 252 252 252 253 252 252 252 252 252 252 252 253 253 253 252
 253 254 253 251 251 253 252 252 252 252 250 250 253 253 254 253 251 251
 252 253 253 253 252 252 252 252 252 252 252 252 253 252 252 252 252 252
 252 252 252 252 252 252 252 252 252 252 252 252 252 252 252 252 252 252
 252 252 252 252 252 252 252 252 252 252 252 252 252 252 252 252 252 252
 252 252 252 252 252 252 252 252 252 252 252 252 252 252 252 252 252 252
 252 252 252 252 252 252 252 252 252 252 252 252 252 252 252 252 251 253
 244  29]"
"[ 29  29 246 252 252 252 252 252 251 251 251 251 251 251 251 251 251 250
 250 250 250 250 250 250 250 250 250 250 251 250 250 250 250 250 250 250
 250 250 251 251 252 252 252 252 253 252 252 252 253 252 253 252 252 251
 251 251 251 251 251 250 251 250 251 251 250 250 250 251 251 252 252 252
 253 253 253 252 253 253 253 253 252 252 253 253 253 253 253 253 252 253
 253 253 253 252 252 252 253 252 252 252 251 252 252 251 250 250 251 253
 253 253 251 249 252 252 252 252 252 252 252 252 252 252 252 252 252 252
 252 252 252 252 252 252 252 252 252 252 252 252 252 252 252 252 252 252
 252 252 252 252 252 252 252 252 252 252 252 252 252 252 252 252 252 252
 252 252 252 252 252 252 252 252 252 252 252 252 252 252 252 252 252 252
 252 252 252 252 252 252 252 252 252 252 252 252 252 252 252 252 251 252
 244  29]"
"[ 29  28 245 252 252 252 252 252 252 252 251 251 251 251 251 251 250 250
 250 250 250 250 250 250 250 250 250 250 250 250 250 250 250 250 250 250
 250 251 251 251 252 252 252 252 252 252 251 252 252 252 252 252 252 252
 251 251 250 250 250 250 250 250 250 250 250 250 250 250 251 251 251 252
 252 252 252 252 252 253 253 253 252 252 252 252 252 252 253 253 250 253
 253 252 252 252 251 248 249 249 252 251 251 252 252 252 252 252 253 252
 252 252 252 254 252 252 252 252 252 252 252 252 252 252 252 252 252 252
 252 252 252 252 252 252 252 252 252 252 252 252 252 252 252 252 252 252
 252 252 252 252 252 252 252 252 252 252 252 252 252 252 252 252 252 252
 252 252 252 252 252 252 252 252 252 252 252 252 252 252 252 252 252 252
 252 252 252 252 252 252 252 252 252 252 252 252 252 252 251 252 251 252
 244  29]"
"[ 29  29 245 252 252 253 253 252 252 252 251 251 251 251 251 250 250 250
 250 250 250 250 250 250 250 250 250 250 250 250 250 250 250 250 250 250
 250 251 251 251 252 252 252 251 251 251 251 251 252 252 252 252 251 251
 251 250 250 250 250 250 250 250 250 250 250 249 249 250 250 250 250 250
 250 250 250 251 251 251 251 252 252 252 252 252 253 253 253 252 253 253
 252 252 251 250 250 251 252 251 253 252 250 251 251 252 252 252 252 251
 252 252 252 252 253 253 252 252 252 253 253 253 253 253 253 252 252 252
 252 252 252 252 252 252 252 252 252 252 252 252 252 252 252 252 252 252
 252 252 252 252 252 252 252 252 252 252 252 252 252 252 252 252 252 252
 252 252 252 252 252 252 252 252 252 252 252 252 252 252 252 252 252 252
 252 252 252 252 252 252 252 252 252 252 252 252 252 252 251 252 251 252
 243  29]"
"[ 29  29 246 252 252 253 253 252 251 251 250 250 250 250 250 250 250 250
 250 249 249 249 248 248 250 249 249 249 249 250 250 250 250 250 250 250
 250 250 250 250 251 251 250 250 250 250 251 251 252 252 252 252 251 251
 250 249 250 250 250 250 250 250 250 250 249 249 249 249 249 250 250 250
 250 250 250 250 251 251 251 251 252 252 252 252 252 252 252 252 251 250
 248 247 249 251 251 248 243 234 237 241 248 252 250 251 252 251 251 251
 252 252 251 251 253 252 252 252 252 252 253 253 253 253 253 253 252 252
 252 252 252 252 252 252 252 252 252 252 252 252 252 252 252 252 252 252
 252 252 252 252 252 252 252 252 252 252 252 252 252 252 252 252 252 252
 252 252 252 252 252 252 252 252 252 252 252 252 252 252 252 252 252 252
 252 252 252 252 252 252 252 252 252 252 252 252 252 252 251 252 251 252
 243  29]"
"[ 29  29 246 252 252 252 253 252 251 251 250 249 249 249 249 249 250 250
 250 249 249 249 249 249 249 249 249 249 249 249 249 250 250 250 250 250
 250 250 250 250 250 250 250 250 250 250 251 251 252 252 252 252 251 251
 251 250 250 250 250 250 250 250 250 250 250 249 249 249 250 250 250 250
 250 250 250 250 250 250 251 251 251 251 251 251 251 251 251 251 249 251
 252 251 251 244 219 192 154 134 129 136 159 189 209 226 241 245 251 253
 252 250 250 251 251 251 252 252 252 251 251 251 252 252 252 252 252 252
 252 252 252 252 252 252 252 252 252 252 252 252 252 252 252 252 252 252
 252 252 252 252 252 252 252 252 252 252 252 252 252 252 252 252 252 252
 252 252 252 252 252 252 252 252 252 252 252 252 252 252 252 252 252 252
 252 252 252 252 252 252 252 252 252 252 252 252 252 252 251 252 251 252
 243  29]"
"[ 29  29 246 252 252 252 253 253 252 251 250 249 249 249 249 249 249 249
 250 250 250 250 251 251 250 250 249 249 250 250 250 250 250 250 250 250
 250 250 250 250 250 250 250 250 250 251 251 251 251 251 251 251 251 251
 251 251 250 250 250 250 250 250 250 250 249 249 249 249 249 250 250 250
 251 251 251 250 250 250 250 250 250 250 250 250 250 250 250 250 250 249
 249 249 239 200 134  80  65  50  50  55  66  81  93 108 139 166 202 228
 240 243 246 250 251 251 251 252 252 252 251 250 251 251 252 252 252 252
 252 252 252 252 252 252 252 252 252 252 252 252 252 252 252 252 252 252
 252 252 252 252 252 252 252 252 252 252 252 252 252 252 252 252 252 252
 252 252 252 252 252 252 252 252 252 252 252 252 252 252 252 252 252 252
 252 252 252 252 252 252 252 252 252 252 252 252 252 252 252 252 251 252
 244  29]"
"[ 30  27 245 251 251 253 249 252 252 252 250 249 249 249 248 247 250 248
 247 248 249 250 250 250 247 250 250 249 249 251 251 248 250 250 251 251
 250 250 250 250 250 249 250 250 250 251 251 248 249 250 250 250 250 250
 250 251 249 250 250 249 249 250 249 247 249 248 248 248 249 249 249 250
 250 251 251 251 250 249 250 250 250 250 249 249 249 248 249 249 248 248
 243 218 156  96  63  40  41  41  43  42  41  43  44  49  57  69  75  85
 107 125 137 151 168 182 191 205 229 239 243 251 253 253 251 251 253 250
 249 252 253 251 253 252 253 253 249 252 252 253 253 253 253 253 252 251
 251 252 253 253 253 252 251 251 251 252 252 252 252 252 252 252 252 253
 253 252 251 252 253 252 252 252 251 251 252 253 252 251 251 252 253 253
 252 252 252 253 252 252 251 252 252 252 252 252 251 252 254 251 251 250
 246  29]"
"[ 29  30 243 252 253 252 254 253 252 251 249 248 246 247 249 249 249 249
 250 249 249 248 249 249 250 247 247 250 250 246 246 249 248 248 247 247
 248 249 249 249 250 248 248 249 248 248 250 250 251 250 249 248 248 249
 250 250 250 250 250 250 250 250 250 250 248 248 248 248 249 249 249 250
 248 249 249 249 250 250 251 251 249 249 249 250 249 248 249 249 248 240
 194 132  83  49  35  37  35  34  35  34  34  37  39  43  44  48  46  48
  58  63  63  68  66  75  81  92 110 129 157 186 213 236 250 249 249 252
 252 250 253 252 251 248 250 253 252 253 253 252 252 252 252 253 253 252
 253 252 251 251 251 252 253 253 253 253 253 253 252 252 252 252 251 252
 252 252 252 252 253 253 253 253 253 252 252 253 253 252 253 252 251 251
 252 252 251 250 252 252 252 252 252 252 252 252 253 251 251 252 253 254
 242  28]"
"[ 27  30 243 252 250 247 252 252 252 251 250 250 250 249 248 247 244 245
 246 247 246 247 248 249 247 248 249 247 247 249 249 247 247 247 246 246
 247 248 248 248 248 245 246 248 247 247 249 249 249 249 249 248 249 249
 249 248 248 246 246 248 249 248 247 246 247 247 248 248 248 248 249 249
 250 250 250 249 249 249 249 248 249 248 247 249 248 249 247 240 223 170
 109  66  45  38  34  33  30  28  28  27  27  31  33  37  31  31  31  34
  40  40  37  37  41  41  41  44  49  54  64  77  95 120 146 166 189 213
 233 243 250 251 250 252 254 250 251 253 250 250 251 251 250 250 251 252
 251 252 253 253 252 252 253 253 251 251 251 251 251 251 251 251 253 252
 252 253 253 252 252 252 251 252 252 252 251 251 252 252 252 251 251 251
 253 254 253 252 251 252 252 252 251 251 251 252 252 251 254 253 248 252
 245  30]"
"[ 31  29 238 246 251 253 251 251 254 252 251 250 249 249 248 247 249 249
 248 247 248 248 248 248 248 246 246 248 248 247 246 247 248 248 248 248
 248 248 247 247 249 248 249 249 249 248 248 248 248 249 249 248 248 249
 248 246 245 246 248 249 249 249 249 248 246 247 247 247 247 247 248 248
 247 248 249 250 250 250 250 249 248 248 247 248 247 239 218 187 138  77
  49  50  47  52  59  59  56  53  52  47  45  45  44  45  45  45  50  55
  56  55  53  52  49  48  47  45  45  46  48  48  45  53  64  72  76  83
  99 115 168 208 238 250 251 250 252 247 251 250 250 251 251 250 250 251
 252 253 253 253 253 252 252 252 253 253 252 252 252 253 253 253 253 253
 253 253 253 253 253 253 253 253 253 253 253 253 253 253 252 253 253 253
 252 251 252 252 251 251 252 252 252 252 252 252 252 252 253 253 251 253
 246  27]"
"[ 28  31 219 233 241 248 248 252 250 251 252 251 248 245 243 243 240 242
 243 244 244 245 245 245 247 248 248 248 249 249 248 247 243 244 245 243
 243 243 243 245 243 243 243 244 245 248 248 245 248 248 247 244 243 244
 246 246 244 249 250 248 245 247 248 248 248 248 248 248 248 249 249 249
 249 249 249 247 246 248 249 249 247 248 247 244 228 193 144 100  66  48
  49  58  61  64  65  68  65  64  67  67  71  77  80  83  82  81  86  90
  89  86  84  81  80  79  79  78  75  74  72  68  65  68  70  68  64  65
  71  76  82 102 133 180 220 241 251 253 250 248 247 250 252 252 251 250
 252 250 248 249 251 252 252 252 252 252 251 251 251 251 252 252 252 251
 251 251 251 251 251 252 251 251 251 250 251 251 251 250 251 252 252 252
 251 251 251 252 251 251 251 251 252 252 251 251 251 254 250 248 252 247
 243  31]"
"[ 29  30 159 162 169 182 204 217 227 227 225 214 194 174 162 158 166 172
 179 180 180 181 183 185 188 195 196 191 193 201 200 193 189 189 189 188
 188 189 192 194 195 195 196 196 199 206 208 204 207 205 202 198 197 201
 207 212 217 219 218 217 223 231 234 232 236 237 237 235 234 235 236 236
 236 240 243 245 243 239 232 227 231 234 229 213 174 122  79  54  44  50
  55  54  53  51  42  36  37  37  39  40  44  52  56  59  67  63  63  63
  61  57  53  48  48  47  53  60  62  61  64  66  72  80  89  90  86  86
  88  87  80  80  77  87 114 156 205 238 247 251 253 251 249 248 250 252
 252 253 253 253 252 250 250 251 252 252 252 251 251 251 251 251 252 252
 252 251 250 250 250 250 250 250 250 250 250 250 250 250 251 250 249 250
 251 252 251 250 251 251 251 252 252 252 251 250 250 251 253 253 251 250
 245  25]"
"[ 31  24 101 100 101 103 104 103 104 105 106 105 100  96  97 100  95 100
 104 103 102 103 104 104 101 100 101 105 107 107 107 107 108 108 107 107
 108 109 111 112 114 113 113 112 112 115 116 113 116 114 111 111 111 113
 118 123 124 121 116 115 121 127 126 120 125 126 125 122 121 123 124 124
 134 132 130 129 130 132 132 131 133 138 128 108  80  51  41  43  49  51
  50  44  36  34  34  28  26  26  28  26  28  34  35  37  34  34  33  34
  36  38  36  34  32  32  33  32  30  35  51  67  78  86  96  92  77  68
  68  68  69  76  88  92  89  89 107 133 172 184 196 201 203 210 218 224
 226 230 235 238 239 242 246 248 249 249 248 248 248 248 248 248 246 248
 248 245 243 245 246 246 248 250 251 249 248 248 249 250 250 250 251 251
 251 251 251 251 249 250 252 252 252 251 252 253 253 249 251 252 250 253
 240  34]"
"[ 29  29  98  99 100 104  96 101 102  98  96  97  98  98  98  99 103 103
 102 100 101 104 104 102 103 104 104 102 103 105 104 101 104 103 103 103
 105 106 105 104 102 102 103 104 104 104 105 103 105 103 103 105 105 103
 103 105 108 108 107 107 108 110 110 110 109 110 109 105 104 106 108 108
 110 108 106 107 110 112 110 108 109 109  88  64  51  43  42  46  50  48
  39  34  30  28  30  24  22  24  27  26  27  30  29  29  32  35  34  32
  32  32  33  33  34  34  33  34  43  56  68  77  79  70  59  46  42  48
  48  40  34  37  45  51  66  85  96 107 121 132 144 151 158 165 168 168
 159 153 146 144 148 153 154 154 156 156 156 157 157 157 158 158 153 157
 158 155 155 159 162 162 160 163 165 163 161 160 162 164 167 173 178 180
 180 181 187 193 195 198 201 201 200 200 201 203 205 208 195 186 182 180
 178  29]"
"[ 29  30  95  97  98  98  98 101  97  99 101 101  98  97  99 100  99  99
 100 101 101 100  98  98  99 101 102 101 102 103 103 102 101 101 102 103
 104 104 103 103 103 103 103 104 105 106 106 105 105 104 105 105 106 105
 105 106 106 106 106 107 109 111 112 112 112 112 110 109 110 109 109 111
 113 108 108 109 108 110 110 107  96  80  58  44  42  45  47  47  46  40
  33  29  26  24  24  24  25  24  24  24  25  27  27  28  30  31  31  32
  33  30  27  28  30  26  39  55  66  74  72  65  56  50  41  33  32  37
  40  41  32  29  28  27  26  32  46  56  61  63  63  71  86  94  99 107
 106 115 119 122 118 119 116 117 117 118 118 117 119 120 119 116 118 119
 120 122 121 121 121 123 123 124 124 122 120 118 117 118 120 120 121 122
 122 122 122 122 126 123 122 123 123 123 125 128 125 124 122 122 124 125
 123  30]"
"[ 29  30  94  97  97  97  96  99  97  98  98  98  97  97  97  98  97  97
  97  98  98  97  96  96  97  98  99  98  99 101 101 100 100  99  99 100
 102 103 103 103 103 103 103 104 105 105 105 105 106 105 104 104 104 104
 104 105 105 105 105 105 107 108 108 108 109 110 108 106 107 108 108 108
 108 109 110 108 107 107 100  89  70  60  47  39  41  48  50  49  40  35
  29  25  24  24  24  25  25  25  25  26  26  26  25  24  26  29  30  30
  32  35  42  51  73  78  88  82  68  59  49  38  36  37  35  32  31  32
  32  31  28  26  28  30  29  27  28  28  31  36  34  31  32  34  42  56
  67  65  81 107 118 122 122 121 123 124 124 122 122 124 123 121 122 123
 124 125 125 125 125 127 127 127 126 125 124 123 123 123 123 123 123 123
 123 123 123 122 122 120 119 119 119 119 120 123 127 126 123 123 123 123
 122  28]"
"[ 28  30  94  96  96  96  95  97  96  96  96  96  96  96  96  96  96  95
  96  96  97  96  96  96  97  97  98  97  98 100 100 100  99  98  97  98
 100 101 102 102 102 102 102 102 103 104 104 104 103 102 103 104 104 104
 104 105 105 105 105 105 106 107 107 106 105 106 106 106 107 109 109 107
 108 108 109 108 104  98  82  64  49  45  40  40  46  52  51  46  36  32
  26  24  23  24  24  24  23  24  24  25  26  26  26  26  30  33  37  41
  46  50  55  62  65  65  64  50  36  36  35  31  30  32  33  31  29  28
  28  27  30  26  24  26  26  27  28  28  33  37  36  34  33  32  37  47
  50  48  58  86 117 122 120 125 122 123 123 121 121 122 122 122 121 122
 122 123 123 122 123 125 125 124 123 122 122 122 122 123 123 123 123 123
 123 122 122 122 124 122 121 121 121 121 122 123 124 123 122 122 122 123
 122  29]"
"[ 28  30  93  94  94  95  94  95  96  95  95  95  95  96  96  96  96  96
  96  96  96  96  96  97  98  98  98  98  99 100 101 101 100  98  96  98
 100 100 101 101 100 100 100 101 101 102 102 102 100 101 103 105 106 105
 105 105 105 105 105 106 107 108 108 107 104 104 106 108 108 109 109 107
 108 107 106 102  91  75  58  46  42  40  41  47  53  54  46  38  34  30
  26  24  24  24  24  23  24  24  23  24  25  27  30  31  33  38  43  48
  51  49  46  47  41  32  28  24  23  28  29  29  28  29  29  27  25  24
  25  26  27  25  25  25  24  25  28  29  29  30  29  30  33  32  31  33
  42  47  49  63 102 117 119 125 121 122 122 121 121 122 122 122 122 122
 122 122 122 122 123 124 124 123 122 121 121 122 122 122 122 122 122 122
 122 122 122 121 123 122 121 122 122 122 122 123 121 121 121 122 122 123
 122  30]"
"[ 29  29  92  92  93  94  94  95  95  95  95  94  94  95  95  96  96  95
  95  96  96  96  97  97  97  97  98  98  99 100 100 100 100  98  97  99
 100 100 100 101 100 100 100 100 101 101 101 102 102 103 104 105 105 105
 105 106 104 104 105 105 106 108 108 107 106 104 106 109 107 106 107 108
 107 105  99  85  67  49  40  39  40  41  46  53  54  48  39  34  29  27
  25  24  25  25  24  24  25  25  24  24  25  28  32  34  36  39  41  42
  39  34  31  32  34  27  27  28  28  26  23  23  23  24  25  25  24  24
  24  24  24  23  25  26  24  25  27  27  30  29  27  27  29  29  29  29
  33  37  41  51  86 113 123 120 122 122 122 122 122 123 122 122 123 122
 122 122 122 122 123 124 124 123 122 122 123 123 122 122 122 122 122 122
 122 122 122 122 121 121 121 122 122 121 122 122 122 123 122 123 122 122
 122  29]"
"[ 29  29  92  91  92  94  93  95  94  94  94  94  93  94  95  96  96  95
  95  96  96  96  97  97  97  96  97  98  98  98  99 100 100  98  97 100
 101 101 100 101 100 100 101 102 102 102 102 102 103 103 103 103 103 104
 106 108 105 105 105 105 106 107 107 106 107 104 106 108 105 106 109 109
 105  97  81  62  49  39  36  37  40  45  51  53  46  36  31  31  27  25
  24  24  24  23  23  24  22  23  24  26  28  30  32  34  37  36  33  31
  30  27  26  27  25  24  25  23  22  24  23  26  24  24  24  24  25  25
  25  24  25  23  23  24  24  26  29  28  27  26  25  26  28  29  30  30
  33  36  36  49  86 112 119 119 122 121 121 121 121 121 120 120 122 121
 121 122 121 121 121 122 121 121 121 121 122 122 122 121 122 122 122 122
 122 122 122 122 123 123 123 123 122 122 122 122 122 122 122 122 122 122
 121  29]"
"[ 29  30  92  91  91  93  93  93  93  94  94  94  94  94  95  95  96  95
  95  96  96  96  96  97  97  96  96  97  98  98  98 100 100  98  97 100
 101  99  99 101 100 101 102 103 103 103 102 102 102 102 102 102 103 104
 106 109 107 107 106 105 105 106 106 105 105 104 106 107 105 107 108 102
  92  78  58  46  43  39  36  38  43  48  51  46  37  29  27  27  27  26
  25  24  24  23  24  25  23  25  28  30  31  32  32  32  31  29  25  25
  27  26  24  24  25  25  26  24  25  27  24  25  26  24  23  22  23  23
  24  24  24  23  24  25  24  24  24  21  27  26  26  27  27  28  29  27
  32  36  35  58  97 116 116 124 123 123 123 123 122 121 122 122 123 122
 122 123 123 122 122 123 122 122 122 122 123 123 122 122 122 122 122 122
 121 121 121 121 122 122 122 121 121 121 121 121 120 121 120 122 122 123
 122  29]"
"[ 29  30  92  91  91  93  92  92  94  94  94  94  95  95  95  95  95  95
  95  95  96  95  96  96  98  97  96  97  97  97  98 100 101  98  98  99
  99  98  98 100  99 101 102 103 103 103 102 102 103 104 105 105 105 105
 106 107 108 107 106 104 104 104 105 104 104 105 109 107 104 106 102  89
  72  58  43  40  40  34  33  42  45  49  47  38  31  29  27  24  25  25
  25  25  25  25  28  30  31  33  34  35  34  32  30  30  26  26  25  24
  24  23  22  25  25  24  24  24  26  26  22  24  23  23  24  26  27  26
  25  25  24  24  26  25  22  23  26  26  25  26  27  26  23  24  28  29
  32  32  42  76 105 120 120 122 122 122 122 122 121 120 122 124 122 121
 121 122 122 122 121 121 122 122 122 122 121 121 121 121 122 122 122 122
 121 122 122 122 122 122 122 122 122 123 123 123 122 122 121 122 122 123
 121  29]"
"[ 29  31  92  93  91  90  91  94  94  94  94  94  95  96  95  95  95  95
  95  95  96  96  96  97  97  97  97  97  97  98  99  99 100  99  98  98
  98  97  98  99 101 101 101 102 104 104 102 101 103 103 104 104 104 104
 105 106 107 108 106 104 105 104 104 106 104 104 107 107 102  96  82  62
  55  46  39  37  36  34  38  44  47  43  38  33  28  27  27  26  25  24
  25  28  32  34  35  35  34  34  33  32  30  29  27  26  25  24  23  25
  25  23  23  23  24  25  25  24  24  25  24  23  25  25  24  26  27  25
  23  25  25  24  24  25  25  24  24  26  23  25  24  24  26  25  26  31
  33  43  65  96 118 122 120 122 122 122 122 122 122 122 122 122 122 122
 122 123 123 123 122 122 122 122 122 123 124 124 123 122 122 122 123 121
 119 118 120 123 122 122 123 122 122 122 121 120 121 122 121 121 121 122
 121  28]"
"[ 29  30  90  91  91  91  92  93  93  93  93  93  94  95  96  96  95  94
  95  96  96  96  96  97  98  97  97  97  97  98  98  99  98  98  98  97
  96  96  98 100 102 102 101 102 103 103 103 102 102 103 103 104 104 104
 105 106 107 107 106 105 106 106 105 105 106 106 108 102  88  77  63  47
  44  40  36  35  36  38  41  44  45  36  31  30  29  28  28  28  31  33
  35  36  36  35  36  37  33  32  30  29  27  26  26  26  25  24  23  24
  24  23  24  25  26  24  23  25  25  22  24  27  21  25  25  24  23  22
  22  24  25  25  25  24  23  22  23  26  25  24  24  26  28  29  32  38
  44  64  91 113 122 121 120 123 122 122 122 122 122 122 122 122 122 122
 122 122 123 123 122 121 121 122 122 122 122 122 122 122 122 122 122 121
 120 119 120 121 121 122 123 122 122 122 121 121 121 121 121 121 121 122
 122  29]"
"[ 29  29  89  89  91  93  94  92  91  91  91  91  92  94  95  95  94  94
  94  96  96  96  96  97  98  97  97  97  97  97  98  98  97  98  98  97
  96  96  99 101 103 102 102 102 103 103 103 103 101 102 103 103 103 104
 105 105 105 105 105 105 105 105 104 103  99  99  97  83  62  50  47  44
  35  35  33  32  35  41  43  43  36  31  28  29  30  33  37  39  39  39
  39  38  36  33  31  31  30  28  27  25  24  24  25  26  24  25  25  24
  23  23  23  23  22  25  25  23  22  24  25  23  35  57  79  89  89  79
  63  51  46  37  26  20  21  23  24  24  26  23  24  26  26  29  41  53
  79  97 114 121 123 123 122 122 122 122 122 122 122 122 122 122 121 121
 122 122 123 123 123 122 121 122 122 122 121 121 121 121 123 122 122 122
 122 121 121 120 121 122 123 122 122 121 121 121 121 122 121 121 122 123
 122  29]"
"[ 29  29  88  88  90  93  94  91  91  91  90  90  91  93  94  93  93  93
  94  96  96  96  97  97  97  97  97  97  97  97  98  98  97  97  98  98
  98  98 100 102 103 102 101 102 103 103 104 104 102 102 103 103 103 104
 104 104 105 105 105 104 104 106 107 106 100  87  72  60  50  44  41  36
  32  32  30  30  34  40  41  38  30  31  30  30  34  43  48  45  40  36
  32  30  30  29  27  25  27  25  24  23  24  25  25  25  25  25  25  24
  24  25  24  24  24  22  23  24  21  23  41  61  84  99 112 119 123 124
 120 116 116 110  98  82  66  52  42  37  33  29  31  37  43  59  83  99
 112 119 122 120 121 123 122 121 122 122 122 122 122 122 122 122 121 121
 122 123 124 124 124 123 122 122 122 122 121 121 122 122 123 122 122 122
 123 122 121 121 122 123 123 123 122 122 122 122 122 122 122 122 121 122
 121  29]"
"[ 28  30  89  88  89  92  93  91  91  91  91  92  93  94  95  94  94  93
  94  95  96  96  97  98  97  97  96  97  97  97  98  98  97  97  97  99
 100 100 101 101 101 101 101 102 103 104 104 104 104 104 104 104 104 104
 104 104 105 103 103 104 103 104 102  95  78  66  54  48  46  43  37  31
  31  30  30  32  36  37  35  32  32  31  31  33  40  47  45  36  32  28
  24  24  25  26  26  25  25  24  23  24  27  28  27  25  26  25  24  23
  23  23  23  23  23  25  25  25  36  61  89 105 117 119 118 117 119 120
 121 122 123 121 120 123 125 123 115 107  92  91  97 104 109 116 120 118
 118 123 123 121 121 122 121 121 121 121 121 122 122 121 121 121 122 122
 122 123 123 124 123 123 122 122 122 122 121 121 122 122 121 121 121 122
 121 121 121 122 122 123 123 123 122 122 122 122 122 122 121 121 121 122
 121  28]"
"[ 28  30  89  89  89  90  92  91  91  91  91  92  93  95  95  95  94  94
  94  95  96  96  97  98  96  96  96  97  97  97  98  98  97  97  97  99
 100 101 101 100 100 101 101 102 103 104 104 104 106 105 105 105 105 105
 104 104 105 103 105 106 102  95  81  65  48  46  45  42  38  33  31  31
  28  29  33  37  39  36  32  29  30  28  30  37  40  38  32  26  25  24
  24  24  24  23  24  25  24  24  24  26  28  29  27  26  23  23  24  26
  26  25  25  27  23  29  45  70  92 104 113 119 117 116 115 116 120 120
 119 119 117 119 121 120 119 120 121 123 122 121 121 121 122 125 124 120
 120 122 122 122 123 122 121 123 121 121 122 122 122 122 122 122 122 122
 122 122 122 122 122 121 122 122 122 122 122 122 122 122 122 121 121 121
 121 121 122 123 123 123 123 123 123 123 123 122 121 122 121 121 121 122
 122  29]"
"[ 29  29  89  89  89  90  91  91  91  91  91  91  92  94  95  94  94  94
  95  96  96  96  97  97  97  97  97  97  97  97  97  98  98  98  98  99
 100 100 101 101 101 101 102 102 103 104 104 104 105 105 105 105 105 105
 104 103 106 105 106 100  86  73  59  44  44  42  37  35  34  30  26  25
  26  30  37  39  38  34  31  29  27  26  30  35  33  28  25  24  22  23
  24  25  24  22  23  24  24  25  26  27  28  28  27  26  28  26  25  25
  22  20  24  31  46  69  96 112 119 121 118 113 115 116 117 119 122 122
 118 117 119 119 118 117 118 119 119 117 118 120 120 119 120 120 120 122
 123 123 121 122 124 123 122 123 121 121 122 122 122 122 122 122 122 122
 122 122 122 122 121 121 121 121 122 122 122 123 122 122 123 122 122 122
 121 121 122 123 123 123 122 122 123 123 123 122 121 122 121 122 122 122
 122  29]"
"[ 29  28  88  90  90  90  90  91  93  93  92  91  92  94  94  94  94  94
  95  96  97  96  96  96  97  97  97  97  97  97  97  97  98  99  99 100
 100 100 101 102 101 102 102 102 103 103 104 104 104 104 104 104 105 104
 103 102 104 102  97  80  58  47  45  40  37  36  33  30  29  26  23  24
  24  32  38  38  34  30  29  29  29  29  29  29  27  27  25  22  22  21
  21  23  24  25  24  24  24  26  27  27  26  25  26  27  29  25  25  29
  36  49  70  89 107 113 117 117 116 116 118 118 118 119 118 116 119 121
 120 120 119 122 122 120 118 119 122 123 121 121 118 118 121 120 119 122
 120 122 123 122 122 122 122 124 120 121 121 122 122 122 122 122 122 122
 122 122 123 123 123 122 121 121 122 123 123 124 123 122 124 122 122 122
 121 121 121 121 123 123 122 122 123 124 123 121 122 123 122 122 122 122
 121  29]"
"[ 29  29  89  89  89  89  89  90  94  93  92  90  90  91  93  94  94  94
  94  95  96  96  96  97  97  97  97  97  97  97  97  97  97  98 100 100
 100 101 102 102 101 101 101 102 103 104 104 104 103 102 101 103 102 102
 105 103 105  86  62  47  43  42  40  37  34  31  29  28  27  25  24  25
  32  35  37  35  31  30  29  29  30  31  31  28  26  25  23  22  23  21
  21  22  24  24  24  23  25  27  26  26  26  23  23  28  30  27  28  59
  83 106 115 120 121 119 117 116 117 118 118 117 119 119 120 120 120 119
 119 119 121 121 121 120 121 121 121 122 122 122 121 121 122 122 122 123
 121 121 122 122 123 122 122 122 123 122 121 121 122 122 122 122 122 123
 122 122 121 121 122 122 122 121 122 123 124 124 123 124 122 122 122 121
 122 122 122 121 123 123 123 122 122 122 122 122 123 123 121 121 122 123
 122  29]"
"[ 29  29  89  90  89  89  90  90  91  92  91  91  91  93  95  95  94  93
  93  95  95  95  96  96  97  97  97  97  97  97  97  97  98  99 100 100
 100 101 101 101 101 101 101 102 103 103 103 102 101 103 101 100  99 101
 102  96  73  59  44  38  39  40  37  32  31  28  26  25  24  25  28  31
  37  37  36  33  30  28  28  28  29  30  30  27  25  24  23  22  23  22
  22  23  24  24  24  24  22  26  26  24  24  24  24  27  21  33  51  87
 107 119 117 116 118 118 117 117 118 118 118 117 119 119 120 120 120 120
 120 120 121 121 121 121 121 121 122 122 122 122 122 122 122 122 122 122
 121 121 122 122 122 122 122 122 123 122 122 122 122 122 122 121 121 122
 123 123 122 121 122 123 123 122 122 123 124 124 124 124 123 123 123 122
 122 122 122 121 123 123 123 122 122 122 122 122 123 124 123 122 122 122
 121  29]"
"[ 29  29  90  90  90  90  90  90  89  91  92  93  93  95  96  96  94  93
  93  95  96  96  95  95  96  96  97  97  97  97  97  97  97  98  99  99
 100 101 101 101 101 102 102 103 103 103 102 102 101 103 101 101 103 103
  93  74  50  47  44  40  35  31  30  31  28  25  23  23  25  29  34  39
  39  36  34  31  29  26  25  27  29  29  28  26  24  23  23  22  23  23
  24  24  24  23  23  24  25  27  23  20  22  25  23  20  38  60  84 112
 117 118 115 116 117 118 119 119 120 119 118 118 120 120 120 121 121 122
 121 121 121 121 121 121 121 121 122 122 122 123 123 123 123 122 122 122
 122 122 122 122 122 122 122 123 122 122 122 122 123 123 122 122 122 123
 124 123 122 121 122 124 124 123 123 123 124 124 124 124 124 124 124 123
 122 123 123 122 122 122 122 122 122 122 122 122 122 124 124 123 122 122
 121  29]"
"[ 29  30  90  90  90  90  90  89  90  92  93  94  94  95  96  96  95  94
  94  95  97  97  96  96  96  96  97  97  97  97  97  97  96  97  97  98
 100 101 101 101 102 102 103 103 103 103 103 103 102 103 101 103 103  96
  77  52  42  39  36  34  32  30  28  26  25  24  23  26  31  36  39  40
  35  32  31  30  27  24  24  26  30  29  27  25  24  23  23  23  24  24
  24  25  24  23  23  24  23  22  25  29  23  19  32  54  84 100 111 121
 116 115 116 119 118 118 119 120 121 120 119 117 121 120 120 121 121 121
 121 120 121 121 121 121 121 121 122 122 122 122 123 124 124 123 122 122
 123 123 122 122 122 122 122 123 122 121 121 122 123 124 124 124 125 124
 123 122 121 122 123 124 124 123 123 123 124 123 123 123 122 123 124 124
 124 124 124 123 122 122 122 122 122 122 122 122 122 123 123 124 123 123
 122  29]"
"[ 29  30  89  90  90  89  89  88  90  92  93  93  93  94  95  96  95  94
  94  96  97  97  96  96  96  96  97  97  97  97  97  98  97  97  98  98
 100 101 101 101 102 102 102 102 103 103 103 104 102 103 103 103  96  80
  61  42  36  33  29  28  27  27  25  24  24  23  25  31  37  41  40  37
  31  29  28  28  26  24  25  28  32  29  27  25  24  23  23  23  25  24
  24  24  25  24  23  23  25  23  23  23  26  42  74 101 113 117 116 118
 117 118 119 117 118 118 118 119 121 121 119 117 120 120 120 120 121 121
 120 119 121 121 121 121 121 121 122 122 121 122 123 124 124 124 123 122
 123 123 122 122 121 122 122 122 122 122 122 122 123 124 124 125 126 124
 123 123 123 124 124 123 123 122 122 123 124 123 122 122 121 123 124 125
 124 125 124 124 122 122 123 123 123 123 123 122 122 123 122 123 123 124
 122  28]"
"[ 29  29  89  90  90  89  89  88  90  91  92  91  91  92  94  95  95  94
  95  96  97  97  96  95  96  97  97  97  97  97  97  98  99  99 100 100
 100 101 101 101 101 101 101 101 101 102 103 103 102 101 102 104  91  68
  49  35  32  31  30  28  25  23  24  26  25  27  31  37  42  42  38  33
  30  28  27  25  24  24  28  32  32  29  26  24  24  24  24  24  25  24
  23  24  24  24  24  24  23  21  22  33  59  92 113 116 114 115 113 115
 117 119 119 115 118 118 118 119 121 122 121 119 120 120 121 121 122 122
 122 121 121 121 121 121 121 121 121 122 121 122 123 124 124 124 123 123
 123 122 122 121 121 121 122 122 124 123 122 122 123 123 124 124 124 123
 123 125 126 126 124 122 122 122 122 124 124 123 122 122 121 123 125 125
 124 124 124 123 122 123 123 123 123 123 123 123 123 123 122 123 123 124
 122  28]"
"[ 29  29  88  89  90  90  90  90  91  92  92  92  91  92  94  96  95  95
  96  97  97  97  96  96  97  97  97  97  96  97  98  99  99 100 100 100
 100 101 101 101 101 102 102 102 101 102 102 103 102 100 101 103  86  59
  40  30  27  24  22  23  26  27  26  24  28  33  38  40  40  38  34  31
  29  27  26  24  24  27  31  33  31  27  24  24  24  24  24  24  24  24
  24  24  24  24  25  26  24  28  51  84 106 115 118 118 115 117 116 117
 118 118 121 119 118 119 120 121 121 121 122 122 121 121 122 123 123 123
 123 123 121 121 121 121 121 122 122 122 122 122 123 123 123 123 123 122
 122 122 122 122 122 123 123 123 124 124 123 123 123 124 124 124 123 123
 123 125 126 126 124 123 123 122 123 124 125 124 123 123 123 124 125 125
 124 124 124 124 123 123 123 124 124 124 124 123 124 124 123 123 123 123
 122  28]"
"[ 29  29  88  89  90  91  91  91  92  93  94  93  92  93  94  96  96  96
  97  98  98  97  97  97  97  98  98  97  96  96  98  99  99 100 100 100
 100 100 101 101 102 102 103 103 102 102 102 102 102 102 102  98  76  48
  35  31  24  25  26  25  23  22  24  27  31  37  42  41  36  32  30  29
  26  26  25  24  26  30  32  32  29  26  23  23  24  24  24  25  24  24
  24  24  23  23  25  27  50  69  95 111 113 115 117 115 119 119 118 117
 118 117 119 117 118 119 121 121 120 120 121 122 121 122 122 123 122 122
 122 122 121 121 121 122 122 122 122 122 122 122 123 123 123 123 122 122
 122 122 123 123 124 125 125 125 124 123 123 123 124 124 124 124 124 124
 124 124 124 125 124 124 124 123 123 124 125 125 125 125 124 125 125 124
 123 123 124 125 123 123 124 124 124 124 124 124 124 125 125 124 122 122
 121  29]"
"[ 29  29  88  90  91  91  91  90  92  93  94  93  92  92  93  93  96  96
  96  96  96  97  97  97  97  97  97  97  97  97  98  99  98  99  99 100
 101 102 103 103 102 103 103 102 102 103 104 105 102 102 100  94  73  37
  29  27  24  23  24  26  25  23  26  31  33  40  42  37  31  31  30  27
  26  26  24  23  26  31  33  33  28  25  23  24  25  25  24  24  26  23
  22  24  26  21  29  63  97 111 120 118 116 117 117 117 116 118 119 119
 118 117 117 118 118 119 121 122 121 119 120 121 121 122 122 122 122 122
 122 122 122 122 122 122 122 122 122 121 121 121 122 122 123 123 123 123
 121 123 125 125 124 124 124 125 125 123 122 122 123 124 124 123 122 122
 123 123 123 123 123 123 123 124 125 126 126 124 123 123 122 123 125 125
 124 124 125 126 124 124 124 124 126 126 125 123 125 124 123 123 122 124
 124  29]"
"[ 29  29  88  90  91  91  91  90  92  93  93  93  93  92  93  93  95  96
  96  96  96  96  96  96  97  97  97  98  97  97  97  98 100 100 100 100
 101 102 103 102 102 103 103 102 102 102 102 103 103 102 102  90  64  33
  26  26  25  24  24  24  23  24  29  35  39  38  36  33  31  30  28  26
  24  24  25  26  29  31  30  28  27  25  23  24  24  24  24  24  23  24
  26  24  23  32  58  99 112 116 117 115 116 117 118 119 117 119 120 121
 120 118 118 118 119 119 121 122 122 121 121 122 121 122 122 122 122 122
 122 122 122 122 122 123 123 123 122 122 122 122 123 123 123 123 123 123
 122 124 125 125 124 124 124 125 124 124 123 123 124 124 124 124 123 123
 123 123 123 124 124 124 125 125 124 125 125 124 124 123 122 123 124 125
 125 125 126 127 126 125 124 123 124 125 125 125 125 124 123 124 123 125
 124  29]"
"[ 30  29  88  90  91  91  91  90  91  92  93  94  93  93  93  94  94  95
  96  96  96  95  96  96  96  96  97  98  98  97  96  97  99  99  99 100
 101 102 102 102 102 102 102 102 102 101 101 101 103 102 104  86  54  29
  24  25  25  24  24  23  24  29  35  39  43  37  32  31  31  29  26  25
  24  24  26  29  32  31  27  25  26  24  23  24  24  24  24  24  23  25
  26  22  21  46  77 111 118 117 115 116 118 117 116 118 118 120 121 122
 121 120 120 119 119 119 119 121 122 122 122 122 122 122 123 123 122 122
 122 122 123 123 123 123 123 123 123 123 123 123 123 124 124 124 123 123
 122 123 124 125 125 125 125 125 124 124 124 124 124 124 124 124 124 124
 124 124 124 125 125 126 127 125 124 124 124 124 124 124 123 124 125 125
 125 126 126 127 127 126 124 123 124 125 125 125 125 124 124 125 125 125
 124  28]"
"[ 30  29  89  91  91  91  91  91  92  93  94  94  94  93  93  93  93  94
  95  96  95  95  96  96  96  96  97  98  98  97  96  96  97  97  97  98
  99 101 102 101 100 101 102 102 102 102 102 102 103 101 105  81  46  30
  24  25  24  24  24  25  29  34  38  39  39  35  32  31  29  25  24  25
  24  24  27  30  31  29  26  25  25  24  24  24  24  24  24  25  24  23
  23  22  28  62  90 111 115 116 117 118 119 116 115 118 118 119 121 122
 122 121 121 120 119 119 120 121 122 122 122 122 122 122 123 122 122 122
 122 123 123 123 123 122 122 122 123 123 123 123 124 124 124 124 123 123
 121 122 123 124 125 125 125 125 123 124 125 125 125 124 124 125 125 125
 124 124 124 125 126 126 127 125 124 124 124 124 125 126 125 125 125 126
 126 126 126 125 125 126 126 125 125 126 125 124 125 124 125 126 125 126
 124  29]"
"[ 30  30  90  91  91  91  91  92  93  94  94  95  94  94  93  93  93  94
  95  95  95  95  96  96  97  96  96  97  97  97  96  97  95  96  96  97
  98 100 101 101 100 101 102 103 103 103 102 102 102 100 102  75  42  32
  25  24  24  24  24  26  32  38  39  37  33  31  29  28  26  24  23  24
  23  25  28  31  30  26  24  25  24  24  24  24  24  24  24  25  24  22
  23  23  35  74 100 115 116 118 117 116 116 116 117 120 118 118 119 121
 122 122 121 121 120 120 121 122 122 121 122 123 122 123 123 122 122 122
 122 123 123 123 123 122 121 121 122 122 123 123 124 124 124 124 123 123
 121 122 123 124 125 125 125 125 123 124 125 125 125 124 124 125 126 125
 124 124 124 124 125 126 126 126 126 125 124 124 126 128 126 126 126 126
 126 126 125 125 124 125 126 126 126 126 126 125 126 125 125 126 125 126
 124  29]"
"[ 29  30  90  92  91  91  92  93  94  94  94  94  94  94  94  94  93  94
  94  95  96  96  96  96  98  97  96  97  97  97  97  97  97  98  98  98
  99 100 101 101 101 102 103 103 103 103 102 102 102 101  96  67  36  32
  25  23  25  24  24  26  32  37  36  34  31  28  25  23  23  25  24  23
  22  26  30  31  28  24  23  24  24  24  24  24  24  24  24  25  25  23
  25  28  53  87 106 115 118 119 116 115 117 118 117 117 118 118 118 120
 121 122 122 121 120 121 122 122 121 120 121 122 123 123 123 122 122 122
 122 123 123 124 124 123 122 121 122 122 123 123 124 124 124 124 124 123
 123 123 124 124 124 125 124 124 124 125 126 125 125 125 125 125 125 125
 124 124 124 124 125 125 124 125 125 125 124 124 125 127 126 126 126 126
 126 126 125 125 125 126 126 125 125 126 127 127 127 125 125 125 124 126
 125  30]"
"[ 29  30  91  92  91  91  92  94  94  93  93  93  93  93  94  94  94  94
  94  95  97  97  97  96  98  97  96  97  97  97  97  98  99 100 100 100
  99 100 101 102 102 103 103 103 103 102 102 102 103 102  88  59  31  30
  25  24  25  25  26  29  33  34  33  31  29  26  23  22  23  24  24  23
  25  29  31  30  27  24  23  23  24  24  24  24  25  24  24  24  25  22
  28  39  79 105 113 117 116 117 116 115 118 119 117 116 119 118 118 119
 121 122 122 121 120 121 121 122 121 121 121 122 123 123 123 122 122 122
 122 123 123 124 124 124 123 122 123 124 123 123 124 125 125 125 125 124
 124 125 125 125 125 125 125 125 125 126 126 126 125 125 125 125 125 125
 125 125 125 125 126 126 125 124 123 124 124 124 125 126 125 126 126 126
 126 126 126 126 125 126 126 125 124 125 127 128 127 125 125 125 124 125
 124  30]"
"[ 29  30  90  92  91  91  92  94  93  93  92  92  93  93  94  94  94  94
  94  95  97  98  97  96  98  97  96  97  98  98  98  98 100 101 102 101
 100 101 102 103 102 103 103 103 103 102 102 102 104 103  84  53  28  28
  26  25  24  26  29  32  34  33  30  28  25  24  24  24  23  21  22  24
  29  32  32  29  25  25  25  25  25  24  24  24  25  24  24  24  25  23
  31  45  91 109 111 115 116 116 115 115 117 117 118 122 121 119 119 119
 120 122 121 121 122 121 121 122 123 122 122 122 124 123 123 122 122 122
 123 123 123 124 125 125 124 123 124 125 123 123 124 125 126 126 125 125
 125 125 126 126 126 125 125 126 126 126 126 126 125 125 125 125 125 125
 126 126 126 127 127 128 128 126 124 124 125 126 126 126 125 126 126 126
 126 125 126 126 124 126 127 126 125 125 126 126 126 125 125 125 124 125
 124  29]"
"[ 30  29  91  90  89  90  90  94  93  93  93  93  92  92  93  93  93  94
  95  95  96  96  97  98  96  97  99  99  98  96  96  98 101 101 101 101
 101 101 102 101 102 103 103 102 102 103 103 102 103  99  82  49  31  30
  27  27  26  26  29  33  34  32  27  25  23  23  23  22  21  21  22  24
  30  30  29  26  24  24  24  24  24  24  23  24  24  24  24  24  24  24
  34  67 104 110 113 115 116 115 115 116 116 117 119 120 120 119 118 119
 120 121 121 122 121 121 122 123 123 123 122 122 122 122 123 123 123 123
 123 123 121 123 124 122 121 123 124 124 123 123 123 124 125 126 125 125
 125 124 124 125 124 123 124 124 127 125 124 125 126 126 126 126 125 126
 128 128 127 126 125 124 126 125 125 126 125 125 126 124 125 125 126 128
 129 128 126 126 126 128 128 127 126 127 126 125 128 124 126 125 124 122
 126  29]"
"[ 28  28  90  90  89  89  88  90  91  91  91  91  91  91  92  93  93  94
  95  96  95  96  96  97  97  97  99 100 100  99  99 100  99  99  99  99
 100 101 101 100 101 101 102 102 102 103 102 102 102  92  71  38  30  30
  28  26  26  28  30  32  31  28  25  23  22  22  23  23  22  23  24  25
  29  29  27  25  24  24  24  24  24  24  24  24  24  24  24  23  24  28
  48  86 117 116 114 114 115 115 116 117 118 118 119 120 119 118 118 119
 121 122 122 122 122 122 122 123 123 123 123 123 121 122 122 123 123 123
 124 124 123 125 125 124 124 125 125 124 124 124 124 125 126 126 125 125
 125 125 125 125 126 126 126 127 127 126 126 126 126 125 125 124 125 126
 125 124 124 125 127 127 126 124 125 125 125 126 127 125 125 125 126 127
 127 127 127 127 126 127 127 126 125 125 126 126 129 125 126 125 126 124
 125  29]"
"[ 29  28  90  90  89  89  88  89  90  90  90  90  90  90  91  92  92  94
  95  96  96  96  96  97  97  97  97  99 100 101 101 101 100  99  99  99
 101 102 101 100 100 101 101 102 103 103 102 101  98  84  61  30  30  28
  28  26  26  30  32  30  26  24  23  22  20  21  21  22  23  24  25  25
  27  27  26  24  24  24  25  24  24  24  24  24  24  24  23  22  21  25
  51  90 116 113 114 115 115 115 117 118 118 118 119 120 118 117 117 119
 121 122 122 122 123 122 122 122 123 123 123 123 122 122 122 123 123 124
 124 124 123 124 124 123 124 125 124 123 124 124 124 125 125 126 125 125
 125 124 123 124 125 125 125 125 124 125 126 127 127 126 126 126 126 127
 127 126 125 125 126 126 128 126 126 126 125 126 126 125 125 126 127 128
 127 127 127 128 126 126 127 128 127 126 127 129 127 124 124 124 126 124
 123  28]"
"[ 30  29  90  90  90  91  90  91  90  91  91  91  91  91  91  91  93  94
  96  96  96  96  97  98  97  96  96  98  99 100 100 101 100 100 100 100
 101 103 103 102 101 102 102 103 104 104 102 100 101  87  60  35  31  27
  25  27  27  31  32  28  24  23  24  23  21  21  20  21  22  24  24  25
  26  26  24  24  24  24  24  24  24  24  24  24  24  24  23  22  23  25
  52  88 111 113 117 117 115 115 117 118 118 118 119 120 119 118 118 120
 121 121 121 121 122 122 122 122 122 122 123 123 123 123 123 123 123 123
 124 124 124 124 124 124 124 125 124 124 124 125 125 126 127 126 126 125
 125 124 123 124 125 126 125 125 125 126 127 127 126 124 124 125 126 127
 127 126 125 124 124 124 128 126 126 126 125 125 125 123 124 125 127 128
 127 125 125 125 124 122 123 124 125 124 125 127 129 127 126 125 126 124
 121  31]"
"[ 30  29  90  91  91  91  89  90  90  91  92  92  92  92  91  91  94  95
  96  96  96  96  97  97  97  97  97  98  98  98  99 100  99 100 101 100
 100 101 102 103 102 102 102 103 104 104 102  99  96  80  51  35  29  28
  25  30  29  31  30  26  23  23  24  23  22  21  20  21  22  24  25  25
  26  25  24  24  24  24  24  24  24  24  24  24  24  24  23  22  26  27
  55  89 111 116 118 115 116 116 117 118 118 118 119 121 121 121 120 121
 122 122 122 122 121 122 122 122 122 122 122 122 124 124 123 123 123 124
 124 124 124 124 124 123 123 123 124 124 123 123 124 125 125 124 124 124
 124 122 121 123 125 126 126 126 124 124 126 126 125 125 125 127 128 128
 126 124 124 126 128 129 126 125 126 126 125 126 126 124 126 127 128 128
 125 123 123 124 124 122 120 122 123 122 121 122 122 122 120 118 117 115
 111  29]"
"[ 29  28  91  92  92  91  87  87  88  90  91  93  93  93  92  92  95  95
  95  95  95  95  96  96  96  97  97  97  96  96  97  98  99 100 101 101
 100 101 102 103 102 102 102 102 103 103 100  98  88  67  36  31  26  29
  27  31  30  30  28  25  23  23  22  21  21  20  19  19  21  23  25  25
  26  25  24  24  24  24  24  24  24  24  24  24  24  23  22  21  21  22
  51  84 109 117 117 113 118 117 118 118 118 119 120 121 121 121 121 121
 122 122 122 123 122 122 122 122 122 122 122 122 124 124 124 124 124 125
 125 125 124 124 124 124 124 123 123 123 123 124 124 123 123 122 122 122
 125 123 122 123 124 124 124 123 124 124 124 124 124 124 124 125 124 124
 123 122 121 122 122 122 121 119 119 119 118 118 118 117 120 119 118 116
 113 112 112 114 112 109 107 107 107 106 104 103 104 105 103 103 103 102
 101  28]"
"[ 29  28  91  91  90  90  87  88  89  90  91  92  93  93  93  93  95  95
  95  95  96  96  96  96  96  96  97  97  96  96  96  97  98 100 102 102
 102 102 102 102 101 101 101 101 102 102 100  97  88  62  34  32  28  28
  28  28  30  28  26  24  23  22  21  20  19  18  18  19  20  22  24  25
  25  24  24  24  24  23  23  25  24  24  24  23  23  22  20  19  19  20
  48  81 108 116 117 118 118 118 118 118 118 118 120 121 120 120 120 121
 121 121 121 122 122 122 121 121 121 121 122 122 122 122 122 123 123 123
 124 124 124 123 123 124 125 124 122 121 123 122 121 119 118 117 118 119
 122 120 118 118 118 118 117 117 121 119 117 116 114 112 111 110 109 111
 112 111 110 108 106 105 108 106 105 105 103 104 104 103 103 102 102 101
  99  97  98 100 101 101 100  98  97  97  96  94  95  96  95  97  98  97
  96  30]"
"[ 29  28  89  88  88  88  88  90  90  91  91  92  92  93  93  94  94  94
  94  96  97  98  98  97  96  96  97  98  98  98  98  98  98 100 101 102
 103 103 102 101 100 100 100 101 101 101 100  98  79  53  32  33  30  26
  30  29  30  27  25  24  24  22  21  21  19  19  19  20  21  22  24  24
  24  23  24  24  24  23  23  25  24  24  23  23  22  21  19  17  19  20
  48  82 108 114 115 119 117 117 117 118 118 118 119 120 119 120 121 122
 122 121 121 121 121 121 120 120 120 120 121 122 119 119 120 120 120 120
 119 119 118 116 115 117 120 119 115 112 114 112 110 107 105 105 106 107
 107 105 104 105 105 105 105 105 106 105 103 103 103 102 101 100 102 103
 102 101 100 100 100 100 100  97  97  97  97  99 102 101  95  96  98  98
  98  96  96  97  95  97  97  96  95  95  95  94  96  96  94  96  97  95
  93  30]"
"[ 28  28  88  89  89  89  89  89  91  92  93  93  93  93  93  93  94  95
  97  97  97  96  95  94  95  96  97  97  97  97  97  97  97  98  99 100
 103 103 102 102 101 102 102 101 102 101  98  99  79  49  35  34  29  28
  30  30  29  26  23  23  24  23  21  20  18  17  17  20  23  24  23  23
  24  24  24  24  24  24  24  24  24  24  24  23  21  18  18  19  21  16
  50  91 112 114 115 117 117 116 114 115 116 117 118 117 118 118 118 118
 119 119 117 116 117 115 114 113 113 114 115 115 113 113 111 110 108 106
 107 109 107 103 103 103 104 103  98  98 102 101  98  95  95  99 102 102
 103 102 103 104 103 101 101 102 101 101 100  98  99 100 100 100 101 101
 100  99  99 100  99  98  97  97  96  97  97  97  97  96  97  97  98  96
  96  96  97  97  97  96  95  95  94  95  95  95  95  95  94  93  94  94
  93  28]"
"[ 29  29  88  89  89  90  91  92  91  92  93  93  93  93  92  92  93  95
  96  96  96  96  95  94  94  95  96  96  96  96  96  95  96  98  98  99
 101 100 100 101 102 102 102 102 103 101  96  94  75  46  33  32  29  29
  30  29  26  24  23  24  24  22  20  18  17  17  18  22  24  25  24  24
  24  24  24  24  24  24  24  24  23  23  23  23  21  18  18  19  20  21
  53  88 107 110 111 111 108 108 108 109 110 110 109 108 108 106 104 103
 104 105 106 106 106 105 103 102 102 102 102 102 102 101 101 101 101 100
 100 101  99  97  99 100 101 101  98  98  96  97  97  97  97  98  97  95
  96  97 100 101 100  99  99 100  98  98  98  97  97  98  98  97  97  97
  97  97  97  97  97  97  97  97  96  96  96  96  96  96  96  96  96  94
  94  94  95  95  96  96  96  95  95  95  95  95  94  95  94  93  93  93
  93  29]"
"[ 29  29  89  89  89  90  92  94  91  92  93  93  93  92  92  92  93  94
  95  95  95  95  96  95  94  95  96  96  97  98  97  97  97  99  99  99
 100 100 100 102 102 102 101 101 103 101  96  91  70  43  30  30  29  30
  30  27  24  24  24  25  25  22  19  17  16  16  19  22  25  25  24  24
  24  24  24  24  24  24  24  24  23  24  24  23  21  19  19  20  19  23
  50  79  99 101 101 103 100 100 101 102 102 102 100  99 103 100  98  97
  97  99 100 101 100 100 100  99  98  98  97  97  98  97  97  96  97  98
  99  99  95  96  99  99  99  99  95  94  97  96  95  95  96  98  99  98
  98  98  98  97  97  98  98  96  97  97  96  96  96  97  97  96  94  95
  96  96  96  96  97  96  97  96  96  96  96  96  96  95  96  95  94  93
  94  95  95  95  95  95  95  95  95  94  94  93  94  94  93  92  93  92
  92  29]"
"[ 29  29  89  89  89  90  92  93  91  92  93  94  94  93  93  93  93  94
  94  94  94  95  96  97  97  97  97  96  97  98  98  98  96  98  98  98
  98  98  98 101 102 101  97  97  97  96  93  86  63  40  30  29  29  31
  30  27  24  24  24  25  24  21  19  18  16  17  20  23  24  24  24  24
  24  24  24  24  24  24  24  24  24  24  24  23  21  19  19  19  24  24
  41  67  92  97  98  99  97  97  97  97  97  97  97  98  98  97  96  96
  97  97  98  97  97  98  98  98  97  97  97  97  97  97  96  95  95  95
  96  95  97  96  96  94  95  99  98  98  96  96  95  96  97  99  98  97
  95  97  97  96  95  96  96  95  97  97  96  96  96  97  96  96  94  95
  96  96  96  96  97  96  96  96  96  96  96  96  96  95  95  95  94  93
  94  96  96  95  94  94  94  94  94  93  92  92  93  93  92  91  92  91
  92  29]"
"[ 29  29  89  89  89  89  90  90  90  91  92  94  94  93  92  93  92  93
  92  91  91  92  94  96  96  96  94  93  92  92  93  93  90  92  92  92
  93  93  93  95  98  97  93  92  90  88  85  74  55  38  31  30  29  30
  29  28  26  24  23  23  21  19  18  18  18  20  22  24  24  24  24  25
  24  24  24  24  24  24  24  24  23  24  23  21  20  19  19  19  23  23
  29  48  79  93  98  95  96  95  95  95  95  96  97  97  96  96  96  96
  97  97  96  95  95  96  96  96  96  96  97  97  94  96  97  97  97  98
  99  98  98  97  99  98 100 102  97  94  93  91  89  90  92  95  98 100
 105 107 105 100  95  95  96  97  98  97  96  95  96  96  95  95  94  95
  96  96  96  96  96  96  95  95  96  96  97  97  96  95  95  94  93  92
  94  95  95  94  94  94  94  94  93  93  92  92  93  92  91  91  91  90
  91  29]"
"[ 29  29  88  88  88  88  88  88  88  88  89  91  90  88  87  88  88  89
  89  88  87  88  90  91  89  89  88  87  86  87  88  89  86  87  87  87
  89  89  89  90  91  92  90  91  88  86  81  66  46  35  32  31  30  30
  29  29  28  26  23  21  20  19  18  19  20  21  22  23  23  23  23  25
  24  24  24  24  24  24  24  24  23  23  22  20  19  20  20  20  21  23
  23  31  60  85  98  94  93  93  94  94  95  95  95  95  97  97  97  97
  97  97  97  97  96  96  96  96  96  97  97  98  99  99  97  95  95  97
  99  99 100  98  97  93  89  84  74  68  60  56  51  49  50  53  58  62
  73  79  87  95 100 100  96  92  97  96  95  95  95  95  95  95  94  95
  95  95  95  96  96  96  94  95  95  96  97  97  96  96  95  94  93  93
  93  94  93  92  94  94  94  94  93  93  93  93  93  92  91  91  91  89
  90  29]"
"[ 30  28  86  85  84  85  86  86  85  85  86  87  86  83  82  83  84  86
  87  86  85  84  85  85  82  84  84  84  83  84  86  87  86  86  85  85
  87  88  87  88  87  89  87  90  89  85  80  60  39  32  32  31  30  30
  28  28  27  25  22  21  20  20  20  21  21  21  22  23  23  22  23  24
  24  24  24  24  24  24  24  24  24  23  21  19  19  20  21  20  22  25
  23  25  44  68  92  96  93  93  93  94  95  96  95  94  96  96  96  96
  96  96  96  97  95  95  95  95  96  96  96  96  94  95  96  98 101 105
 105 103  84  76  67  57  51  46  41  40  39  37  35  33  30  27  26  26
  32  32  36  47  63  79  92 100  95  94  94  95  95  95  95  95  94  94
  94  94  95  96  96  96  95  94  94  95  95  96  96  95  95  95  95  94
  94  94  93  91  94  94  94  94  94  93  93  93  94  93  91  91  91  89
  90  29]"
"[30 27 83 81 81 83 84 84 84 84 85 87 85 82 81 81 81 84 86 85 84 82 82 82
 81 83 84 83 82 82 83 84 87 86 83 83 86 87 87 87 87 88 85 88 86 82 75 53
 34 30 30 30 30 30 28 28 24 22 20 20 20 21 21 22 22 22 23 24 24 23 23 24
 24 24 24 24 24 24 24 24 24 23 20 17 18 20 20 19 19 20 19 20 30 46 78 93
 95 94 94 94 95 96 96 95 96 96 97 98 98 97 97 97 95 95 95 96 96 97 97 96
 96 98 99 98 94 85 71 59 48 42 38 32 28 26 23 25 26 26 25 25 24 22 23 24
 23 24 26 29 35 49 69 86 93 92 92 94 95 94 94 95 93 93 93 92 94 95 96 95
 95 94 94 94 94 95 95 95 95 95 95 94 94 94 93 91 93 93 93 94 94 93 93 93
 95 93 92 91 91 89 90 29]"
"[29 29 81 82 80 82 82 82 81 83 84 83 82 81 81 82 82 82 82 82 81 80 81 81
 81 83 83 82 80 81 82 83 83 83 83 84 84 85 86 86 87 86 84 84 82 78 67 48
 33 32 30 29 29 29 27 24 24 22 20 20 22 23 23 22 21 22 24 25 24 24 24 24
 24 24 24 23 24 24 24 23 23 21 19 17 17 18 20 21 20 20 18 18 24 32 56 92
 99 97 95 93 94 95 95 94 94 98 97 96 98 96 95 96 95 94 96 97 96 99 98 92
 83 73 69 70 63 48 34 26 26 25 25 25 23 21 20 21 23 23 21 20 20 20 20 20
 22 20 21 26 26 26 40 62 85 88 92 93 93 95 96 94 94 94 94 93 94 94 95 95
 96 95 94 93 93 94 94 95 94 94 94 94 93 92 93 93 95 95 94 93 91 90 92 94
 94 92 90 90 89 88 89 29]"
"[ 29  29  80  81  80  82  81  81  80  80  81  81  81  81  81  80  81  81
  81  81  81  81  81  81  82  83  83  82  81  81  82  82  82  83  83  84
  84  84  85  86  86  86  83  81  81  76  61  41  33  32  31  30  30  29
  26  24  23  22  20  19  20  21  22  22  23  23  24  24  24  24  24  24
  24  24  24  24  24  24  23  22  20  19  18  18  18  19  19  19  19  18
  17  16  19  24  41  71  94 102 106 101  97  96  97  96  94  96  95  96
  98  96  95  98  98  97  97  98  98  95  81  65  45  36  33  36  36  32
  28  26  23  22  22  22  21  19  18  19  20  20  19  19  18  18  18  19
  20  19  20  23  24  23  30  42  65  82  92  92  94  94  93  94  94  94
  94  94  94  94  95  95  96  95  95  94  94  93  93  94  94  94  94  93
  93  92  93  93  94  94  93  93  92  91  92  94  94  93  91  91  91  90
  91  29]"
"[ 29  29  80  80  80  82  81  80  78  78  79  80  80  80  79  78  80  80
  80  81  81  82  82  81  82  82  82  81  82  83  82  81  81  83  84  84
  83  83  84  85  85  87  82  81  81  72  54  35  34  33  32  31  30  28
  26  24  23  22  21  20  19  20  22  23  24  24  23  23  23  24  24  24
  23  24  24  24  24  24  22  21  19  19  19  19  19  19  18  17  18  17
  16  15  16  17  25  46  72  78  84  85  87  91  95  96  98 102 101  98
  98  98  99 100 105 107 104  97  89  77  56  39  27  21  19  22  22  22
  21  20  19  19  19  19  18  17  17  18  17  18  18  18  17  17  17  18
  18  19  19  22  24  24  25  29  47  77  93  93  96  95  93  96  95  95
  95  95  95  95  95  94  95  95  95  94  94  93  93  92  93  93  93  93
  93  93  93  93  94  93  93  93  93  93  93  94  94  92  91  91  93  92
  92  28]"
"[29 29 79 79 79 81 80 78 78 78 79 80 80 79 78 77 80 79 80 81 81 82 81 81
 81 81 81 82 82 83 83 82 81 83 84 83 82 82 84 86 85 86 82 83 83 69 49 34
 35 33 31 30 29 27 25 24 23 23 22 21 21 22 23 23 24 23 23 23 23 24 24 23
 23 24 24 24 23 23 21 20 20 20 20 20 19 19 18 17 17 16 16 15 17 16 18 30
 35 48 63 68 60 51 53 61 66 71 78 84 87 86 86 89 92 93 85 74 64 51 36 28
 21 19 19 20 20 21 19 17 17 17 17 17 17 17 17 18 17 18 18 18 17 17 18 18
 18 19 19 21 25 26 27 29 34 67 88 91 93 93 92 95 96 96 96 96 96 95 95 94
 94 94 95 95 94 94 93 93 92 93 93 93 93 94 95 95 94 93 93 94 94 94 94 94
 93 93 92 93 94 93 92 28]"
"[30 28 78 78 78 80 79 77 78 79 80 81 80 79 79 79 79 79 79 80 81 82 81 81
 81 82 82 82 82 83 83 83 82 83 83 83 82 82 84 86 85 85 83 85 81 62 44 36
 35 32 29 28 27 25 24 24 24 23 23 23 23 24 23 23 22 22 22 23 24 24 24 23
 23 23 23 22 22 21 20 19 21 20 19 19 18 18 17 17 16 15 16 15 17 17 16 22
 26 25 31 47 60 62 53 46 44 35 34 44 52 57 66 76 73 65 51 44 41 33 24 22
 16 15 16 16 15 17 18 16 16 16 16 17 17 18 18 18 17 18 18 18 17 16 17 18
 19 19 19 21 23 23 25 29 30 56 82 91 92 93 94 92 95 95 96 96 96 96 95 95
 95 95 95 95 95 94 94 94 94 94 94 94 95 95 95 95 95 94 93 94 95 94 94 93
 94 94 94 94 94 93 92 29]"
"[30 28 78 78 79 81 80 78 78 80 81 81 80 80 80 81 79 79 79 80 81 82 82 82
 82 83 84 83 82 82 83 83 83 83 83 83 83 83 85 86 85 84 83 84 74 53 40 36
 34 30 27 26 25 24 23 24 24 23 22 23 24 24 23 22 21 21 22 23 24 24 24 23
 23 23 23 21 20 20 20 19 20 19 18 17 17 17 17 16 14 14 15 14 15 16 15 17
 23 21 21 28 42 55 58 54 47 40 38 44 54 63 65 61 57 45 33 30 30 25 19 18
 17 16 17 16 15 16 16 14 15 16 16 16 17 18 18 17 16 17 17 17 16 16 16 17
 17 18 19 22 24 22 23 29 31 53 79 92 94 95 96 93 93 94 94 95 96 96 96 96
 95 95 95 94 94 93 93 93 95 94 94 94 94 94 94 94 94 93 93 94 94 93 93 93
 94 95 95 94 93 92 92 29]"
"[30 29 79 79 79 81 81 80 80 80 81 81 81 81 81 82 79 80 80 80 80 81 82 82
 82 83 83 82 82 82 83 84 83 83 83 83 84 85 86 86 85 84 82 80 66 48 40 36
 33 28 25 24 24 23 23 24 24 23 23 23 24 24 23 22 21 22 23 24 24 24 24 23
 23 24 23 21 20 19 19 19 18 18 17 17 17 16 16 15 13 14 16 14 14 17 15 15
 16 22 24 22 24 34 43 46 44 42 40 40 45 56 56 47 37 29 25 25 24 20 18 18
 15 15 17 18 17 17 17 15 16 16 16 16 16 18 18 16 16 17 17 17 17 17 17 17
 17 18 20 22 25 24 25 29 33 57 80 89 92 93 92 92 93 94 94 95 95 96 96 96
 95 95 94 94 93 93 93 93 94 94 93 93 94 94 94 94 95 94 93 94 94 93 93 93
 94 94 93 92 92 92 92 28]"
"[29 28 78 78 78 80 80 79 82 81 81 81 81 81 81 81 81 81 81 80 80 80 81 82
 83 83 83 82 82 83 84 84 83 83 83 84 86 87 86 85 86 85 82 77 61 46 42 37
 32 27 23 23 24 23 23 23 25 24 23 23 24 24 23 23 22 22 23 24 24 23 24 24
 23 24 23 21 20 19 19 18 18 18 18 18 18 16 14 13 13 14 17 15 15 18 16 16
 17 18 18 17 18 22 28 31 35 31 34 39 37 34 34 32 27 22 22 23 20 18 17 15
 17 16 16 16 15 15 17 16 16 17 16 16 16 18 18 16 16 17 18 19 19 19 18 18
 19 20 20 21 24 25 25 26 39 67 85 89 93 93 91 96 95 95 95 96 96 96 96 97
 95 95 95 95 95 95 95 95 94 94 94 94 95 96 96 95 95 94 94 94 94 94 94 95
 95 95 92 91 93 93 93 29]"
"[31 28 77 79 79 80 79 79 79 79 79 79 79 80 80 79 80 80 80 81 81 81 80 80
 82 83 83 81 81 83 84 85 83 84 84 85 86 87 86 84 86 86 88 79 54 46 40 31
 27 25 23 23 24 24 24 24 23 23 23 24 25 25 24 24 23 23 23 23 24 24 24 23
 22 23 23 20 19 19 19 17 18 19 18 16 17 15 13 13 14 15 15 15 15 16 16 16
 16 16 17 16 16 17 20 23 25 25 25 27 29 28 24 20 19 19 18 18 18 17 16 15
 16 16 15 16 16 17 16 15 14 16 17 17 17 17 18 18 17 18 18 18 18 19 18 18
 19 20 19 21 25 22 23 33 54 76 89 91 94 95 93 94 95 95 96 96 96 95 95 95
 95 95 94 94 94 94 95 96 97 95 94 93 93 94 94 94 94 94 94 95 95 95 94 94
 93 93 94 95 94 93 93 29]"
"[29 28 78 79 79 80 78 77 78 78 79 79 79 80 80 80 79 80 80 81 82 81 81 80
 81 82 82 81 82 83 84 84 83 83 83 83 84 85 85 84 85 84 83 74 51 42 36 30
 25 24 23 24 24 24 24 24 24 24 24 24 24 24 23 23 23 23 23 23 24 24 24 24
 22 23 23 20 18 18 17 16 17 19 18 17 17 15 14 14 15 16 16 15 15 15 15 15
 16 16 16 15 14 15 17 19 19 19 19 20 22 22 20 18 18 18 17 17 17 17 16 16
 16 16 16 16 16 16 16 17 17 16 15 14 16 18 18 17 17 18 19 19 20 20 20 20
 18 22 22 21 22 21 29 44 72 87 94 93 95 96 95 96 96 96 96 96 96 96 95 95
 95 94 94 94 94 95 95 95 95 95 94 93 94 94 94 94 93 94 94 95 95 95 95 95
 95 94 95 95 94 93 93 29]"
"[29 28 78 78 78 80 78 76 77 78 79 80 80 81 80 80 79 80 81 82 82 82 81 81
 81 81 81 81 82 83 83 83 82 83 82 82 82 83 84 83 84 83 77 66 47 38 33 31
 25 24 24 24 25 24 24 24 24 24 24 24 24 24 23 22 22 22 23 23 23 23 23 23
 22 22 21 19 17 17 16 15 16 17 17 16 16 15 13 14 16 16 16 15 15 15 15 14
 16 16 16 14 13 13 15 16 16 15 15 16 17 18 18 18 17 17 17 17 17 17 17 17
 15 16 16 16 15 15 17 18 20 18 17 17 17 17 16 15 18 18 17 18 18 18 18 19
 17 20 19 18 22 33 56 80 85 92 94 93 96 98 96 98 96 96 96 96 96 96 96 96
 96 96 95 95 96 96 96 95 94 94 94 94 94 94 95 95 93 93 94 95 95 95 95 95
 97 96 95 94 94 94 94 29]"
"[29 29 78 76 76 80 80 78 78 80 81 81 81 80 80 80 80 80 81 82 82 81 81 81
 81 81 81 82 83 83 83 82 82 83 83 82 82 83 83 83 82 82 72 57 40 35 30 30
 26 25 25 25 24 23 23 24 25 24 23 23 23 23 23 23 22 23 23 23 23 23 23 23
 22 22 20 18 17 17 17 16 15 17 17 16 16 14 13 14 15 15 15 15 15 16 16 15
 16 16 15 14 13 13 14 16 17 16 16 15 16 17 18 19 17 17 17 17 18 18 17 17
 15 15 16 16 16 16 18 19 17 18 18 18 17 15 15 16 18 16 16 17 18 18 19 20
 20 21 26 40 59 73 84 92 89 92 93 94 98 98 96 96 96 96 96 96 96 96 97 97
 97 96 95 96 96 97 96 95 93 94 95 95 95 95 95 96 94 94 94 94 95 95 95 96
 98 96 95 95 94 95 95 29]"
"[29 29 79 77 76 80 80 79 79 80 81 81 80 80 80 79 81 81 81 81 81 80 81 81
 81 81 81 82 83 83 82 82 82 82 83 83 83 83 83 83 81 82 67 49 34 32 29 29
 26 25 25 24 24 23 24 24 24 23 22 22 22 23 24 24 24 24 25 24 24 24 24 25
 23 22 20 18 17 17 17 17 17 19 18 17 16 14 13 14 14 15 15 15 15 16 16 16
 16 16 15 14 14 14 15 16 17 17 16 16 16 16 17 18 18 18 18 18 18 18 18 17
 17 17 16 16 17 18 18 18 18 18 18 18 18 17 19 21 16 16 17 19 20 19 17 16
 31 40 56 76 91 95 94 94 93 95 96 97 99 97 95 95 95 95 95 95 96 96 97 97
 97 96 94 94 95 96 96 95 93 94 95 96 96 96 96 96 95 95 94 94 94 95 95 96
 97 96 96 95 96 96 96 29]"
"[ 29  29  80  79  78  80  79  77  78  79  79  79  79  80  80  80  81  82
  82  81  80  80  80  81  81  81  81  82  82  82  81  81  81  82  82  83
  83  84  83  82  82  79  62  44  31  32  30  29  26  25  24  24  24  24
  24  25  24  23  22  21  22  23  24  25  24  24  24  24  24  24  24  24
  24  22  20  18  17  17  17  17  18  19  17  16  15  13  12  13  15  15
  15  15  15  16  16  16  16  16  16  15  14  14  14  15  16  16  16  16
  16  16  16  17  19  18  18  18  18  18  17  17  18  17  16  15  16  17
  16  16  17  16  17  19  20  19  17  16  18  16  14  14  22  35  49  58
  81  88  97 100  96  93  94  96  96  96  96  97  97  96  96  95  95  95
  95  96  96  97  97  97  97  96  95  94  95  96  96  96  94  95  95  96
  96  96  96  96  96  95  95  94  94  95  96  96  96  96  96  96  96  97
  96  29]"
"[29 29 80 81 80 80 78 78 78 78 78 78 78 80 81 81 81 81 82 81 80 80 80 81
 82 81 81 82 82 80 80 81 81 81 82 82 83 84 83 82 82 73 54 40 30 32 31 30
 26 25 24 24 24 24 24 24 24 23 23 22 23 24 24 24 24 24 23 23 23 24 23 23
 24 22 19 18 17 16 17 17 18 18 16 14 14 13 12 13 15 16 16 15 16 16 16 16
 16 16 16 15 15 14 15 15 16 16 17 17 17 16 16 16 18 17 17 17 17 17 17 16
 16 16 16 16 16 16 15 15 15 15 17 19 18 16 16 18 18 29 43 54 66 79 90 95
 96 94 94 95 96 97 97 95 96 95 95 96 95 97 97 96 95 96 96 96 97 97 97 97
 96 96 96 96 96 97 97 97 95 95 95 96 96 96 96 96 95 95 95 96 96 96 96 97
 96 96 96 96 96 97 96 29]"
"[30 28 79 80 79 80 79 80 80 79 78 77 78 80 82 82 80 81 82 82 81 80 81 81
 82 81 81 82 81 79 79 81 81 81 82 82 84 85 84 83 80 65 45 36 29 31 30 30
 26 25 24 24 24 24 23 22 24 24 23 23 24 24 24 24 25 24 23 23 24 24 24 23
 23 20 18 17 16 16 17 17 18 18 16 14 14 13 12 13 15 16 16 15 16 16 17 16
 16 16 16 16 15 15 16 16 16 17 17 17 17 16 16 16 17 16 16 16 17 17 16 16
 16 16 17 17 17 16 17 18 19 20 22 21 17 18 26 36 55 71 88 95 96 96 94 91
 94 95 97 97 96 97 98 97 97 96 97 97 96 98 99 96 96 96 97 97 97 97 96 96
 95 95 96 96 96 97 97 97 96 96 95 95 96 96 96 96 95 95 96 97 97 97 97 97
 96 96 97 95 95 97 96 29]"
"[28 30 78 80 80 79 79 78 79 79 78 78 80 81 81 82 80 81 81 81 81 81 81 82
 81 80 80 80 80 80 80 81 80 82 80 81 82 82 84 83 78 59 44 34 31 32 30 30
 24 25 25 25 25 24 23 23 23 23 22 22 23 24 24 24 24 24 23 23 23 22 20 19
 19 18 18 17 16 15 15 17 16 16 16 15 13 13 14 15 15 15 15 15 15 15 16 16
 16 16 15 15 16 16 15 16 15 18 19 17 16 17 17 15 15 18 16 18 16 14 19 17
 18 18 18 18 19 19 18 17 20 20 22 27 38 55 75 90 96 96 95 95 95 95 96 96
 96 97 97 97 97 97 96 96 97 97 97 97 97 97 98 98 96 97 97 97 97 97 97 97
 96 97 97 97 97 97 97 97 97 97 96 96 96 96 96 96 96 96 96 96 96 96 97 98
 98 98 96 96 96 96 97 29]"
"[ 28  29  77  78  80  80  79  78  78  78  78  79  80  81  81  81  81  81
  81  81  80  80  80  80  82  81  81  81  81  81  82  82  81  82  80  81
  82  82  83  79  75  56  41  34  32  32  29  28  23  24  24  24  24  23
  23  23  22  22  22  22  22  23  23  23  24  23  22  21  20  19  19  18
  17  17  17  17  16  16  16  17  16  16  16  15  14  13  14  15  15  16
  17  17  17  16  16  16  15  16  15  15  17  16  15  15  16  18  20  20
  19  17  16  16  16  17  15  16  17  17  18  15  19  17  18  21  20  17
  19  24  39  51  67  80  89  95  98  98  97  96  96  95  95  96  96  96
  96  96  97  98  98  98  97  97  97  97  97  97  98  98  99 100  98  97
  97  98  98  98  98  98  98  98  98  98  98  97  97  96  97  97  97  97
  97  97  97  97  96  96  96  96  96  96  96  97  97  98  96  97  97  96
  97  29]"
"[ 29  29  75  76  78  78  78  78  77  77  78  80  81  81  80  80  81  81
  81  81  81  81  81  81  81  80  81  81  82  82  82  83  83  83  81  82
  83  83  83  77  68  49  37  33  32  31  27  26  24  24  24  24  24  24
  24  24  23  23  23  23  23  23  23  23  23  22  21  20  19  18  18  18
  17  16  16  16  17  16  16  16  16  16  16  15  14  14  15  16  15  16
  17  18  17  16  16  16  16  17  16  17  18  17  15  15  16  16  18  20
  19  16  16  18  19  20  20  17  18  18  17  22  18  17  19  24  32  46
  64  79  88  94  99  99  98  98  96  93  97  97  97  97  97  97  97  98
  96  97  97  99 100 100  99  98  98  98  98  99  99 100 100 101  99  99
  99  99 100 100  99  99  99  99 100 100 100 100  99  99  98  98  98  97
  97  97  97  97  97  97  96  96  96  96  97  97  96  97  96  97  97  97
  97  29]"
"[ 29  29  75  75  76  76  77  77  78  77  78  80  81  81  80  80  80  80
  81  81  81  81  82  82  81  80  80  81  82  82  82  83  84  84  82  83
  83  85  84  76  60  44  36  33  32  29  25  26  26  26  25  25  24  24
  24  24  24  24  24  24  24  24  24  23  22  22  21  20  19  19  19  20
  18  17  16  16  16  16  16  16  16  16  16  15  15  15  15  16  16  17
  18  18  17  16  16  16  17  18  17  17  18  18  16  16  17  16  16  17
  16  15  16  18  16  17  20  20  22  19  14  24  30  45  63  75  83  90
  93  93  95  97  97  94  93  95  98  99  98  98  98  98  98  99 100 100
  97  98  99 100 101 101 100 100 101 101 101 101 101 101 101 101 100 100
 100 100 101 101 101 100 100 101 101 102 102 101 100  99 101 100  98  97
  96  97  98  98  98  97  96  96  97  97  98  98  97  98  96  97  97  97
  97  29]"
"[ 29  29  76  76  75  75  77  79  78  77  77  80  81  80  80  80  78  79
  80  80  81  81  81  82  82  81  81  82  82  82  83  83  84  84  84  84
  83  85  85  75  53  41  37  34  30  27  24  26  26  26  25  24  23  23
  23  23  24  23  23  24  24  24  23  22  21  21  21  21  20  19  19  19
  19  17  16  16  16  16  16  16  17  16  15  15  15  16  16  16  17  18
  18  18  18  17  17  18  18  18  17  17  18  18  16  16  17  17  16  16
  16  17  17  17  21  18  19  20  27  33  42  63  77  87  97 100 100 100
  96  92  95  95  97  98  98  96  95  96  98  98  98  99 100 100 101 102
  99 100 101 102 101 101 102 102 102 102 102 102 101 101 101 101 101 101
 101 101 102 102 101 101 102 102 102 102 101 100  98  97 100  99  98  97
  97  97  97  98  98  97  96  96  97  98  98  98  98  98  96  97  97  96
  97  29]"
"[ 29  30  77  77  77  77  79  81  78  76  76  79  80  79  79  80  79  80
  81  81  81  81  81  81  81  81  81  81  82  82  82  83  85  85  85  84
  81  83  82  70  47  38  35  32  27  25  23  25  26  25  24  23  23  22
  22  22  23  23  22  23  23  23  22  22  22  22  22  21  20  19  18  18
  18  17  16  16  16  16  17  18  17  16  15  15  16  16  16  16  17  18
  18  18  18  18  18  18  19  20  19  18  20  19  18  18  17  17  17  17
  18  19  19  18  19  17  24  44  70  86  94 103  95  95  97  99  99  96
  96  98  98  97  96  97  98  97  98 100  98  98  98  99 100 101 102 102
 101 102 103 102 102 101 102 103 102 102 102 102 102 101 101 101 101 101
 102 102 102 102 102 102 101 101 101 101 101 100 100  99  97  97  97  97
  97  97  97  97  97  96  96  97  97  97  98  98  98  99  96  97  97  96
  97  29]"
"[ 29  29  76  77  78  79  80  80  78  76  77  80  81  79  79  81  81  81
  82  82  81  81  80  80  81  80  80  81  82  82  82  83  86  85  85  84
  81  83  80  64  42  35  32  29  26  26  24  24  25  25  24  24  23  23
  22  22  22  22  22  22  22  23  22  22  22  22  21  20  19  19  18  18
  17  16  16  16  16  16  17  19  18  16  15  15  16  16  16  16  17  18
  18  19  19  18  18  18  20  22  21  21  22  22  20  21  18  17  18  19
  19  20  23  26  25  48  76  96 101  97  96  96  97  95  97 101 101  98
  98 100 101 100  99  99 100 100 100 100  99  99  99 100 101 101 102 102
 102 102 102 103 103 103 103 103 102 102 102 102 102 102 101 101 100 101
 103 103 103 102 103 103 101 101 101 101 101 102 102 101  97  96  96  96
  96  96  96  97  97  97  98  98  98  97  97  97  97  98  96  97  97  97
  97  29]"
"[ 29  29  75  77  79  79  79  78  79  77  78  81  82  80  80  82  81  81
  82  81  81  80  80  80  81  81  81  82  83  83  84  84  86  84  85  85
  82  83  79  61  41  33  30  27  27  30  28  26  24  24  24  24  23  23
  22  22  22  21  21  21  21  22  22  22  21  20  19  18  18  18  18  17
  16  16  16  16  16  16  17  18  18  16  15  15  16  17  16  16  17  18
  19  20  20  20  19  19  20  22  22  22  24  23  21  21  20  18  18  20
  21  22  28  36  65  79  90  97  96  96 101  96  96  97  98  99 100 100
 100 100 100 102 102 100 101 102 101  97 100 100 100 101 101 102 102 102
 102 102 101 103 104 104 103 102 103 103 103 103 103 102 102 101 100 102
 103 103 103 102 103 104 103 103 102 101 100 100  99  99  98  97  95  94
  93  95  96  97  98  98  99  99  98  98  97  97  96  98  96  97  98  97
  98  29]"
"[ 30  29  76  78  79  78  76  76  78  79  80  81  81  81  81  80  81  81
  80  80  80  81  82  83  82  82  82  83  84  84  85  86  85  86  86  83
  83  80  78  58  40  33  28  27  28  28  27  26  25  24  23  23  22  21
  21  21  21  21  20  19  20  21  21  21  21  20  18  18  18  18  18  18
  16  16  16  16  16  16  16  17  16  16  16  16  16  16  17  17  18  19
  19  19  20  22  21  19  22  19  23  24  24  24  22  22  22  22  22  23
  20  22  46  78  98  97  96  97  99  99  98  97 100 100 100 100 101 101
 101 102 102 103 103 103 102 102 101 101 103 102 100 100 102 103 103 102
 104 103 103 103 103 102 102 103 103 104 104 105 105 104 103 102 102 102
 102 102 103 104 104 104 104 104 104 104 103 102 102 103 102  99  96  95
  95  95  96  97  97  98 100 101 101 100  99  97  97  98  97  98  97  98
  99  28]"
"[ 29  29  76  79  80  78  77  76  78  80  81  81  81  81  81  81  80  80
  81  80  80  81  83  84  83  83  83  84  85  85  85  86  87  88  87  83
  83  80  74  53  37  32  26  25  26  26  25  24  24  23  23  22  22  21
  21  21  22  22  21  20  21  22  22  22  20  20  19  19  18  18  18  17
  16  16  16  16  16  16  16  16  16  16  16  16  16  16  17  17  18  19
  19  19  20  22  21  19  18  19  23  21  20  23  21  19  23  21  20  28
  46  67  87 102 100 100 100 100 101 101 101 101 101 101 101 101 101 101
 102 102 101 102 103 103 103 103 103 103 104 103 102 102 102 103 103 103
 103 102 102 103 103 103 103 104 105 105 105 105 105 105 104 104 104 104
 104 103 104 105 105 104 105 105 105 104 103 103 102 102 101  99  97  96
  95  96  97  98  98  99 100 101 100 100 100  99 100 101 100 100  99 100
 100  29]"
"[ 29  29  77  79  80  79  78  77  79  80  81  81  81  81  81  81  80  81
  81  82  81  82  84  86  84  83  84  85  85  85  86  86  87  87  87  83
  84  81  72  51  34  29  25  24  24  23  23  23  24  23  23  22  21  21
  21  22  23  22  21  20  20  21  22  22  20  20  19  19  19  18  17  16
  16  16  16  16  16  16  16  16  16  16  16  16  16  17  17  17  17  18
  18  18  19  21  21  19  20  18  20  23  25  25  21  20  25  19  27  54
  81  96 100 100 101 102 102 102 101 101 102 103 103 102 102 102 102 102
 102 103 102 102 103 103 103 103 104 104 105 105 104 104 103 103 103 104
 104 103 102 103 104 104 104 104 105 105 105 104 104 104 105 105 106 106
 105 105 105 105 105 104 106 105 105 105 104 103 102 101 100  99  98  97
  96  96  96  98  98 100 101 101 100 100 101 102 101 102 100 101 100 101
 100  29]"
"[ 29  29  77  79  80  80  79  78  79  80  81  81  81  81  81  81  80  81
  83  83  83  84  86  87  84  83  84  85  87  87  87  87  85  86  86  84
  85  82  68  47  32  28  25  24  24  24  24  24  25  24  23  22  22  22
  23  23  24  23  21  19  19  20  20  20  20  20  19  19  18  18  17  16
  16  16  16  16  16  16  16  15  16  16  16  16  16  17  17  17  16  17
  17  17  18  20  20  19  20  19  22  23  22  20  20  25  19  25  52  87
 102 101  99  99 100 101 102 102 100 100 101 103 104 103 102 102 102 102
 103 103 104 104 103 103 102 103 104 105 105 105 105 105 104 104 104 104
 105 104 104 104 105 105 105 105 105 105 105 105 104 104 105 105 107 107
 106 105 105 105 105 104 106 105 105 105 105 104 103 101 101 100 100  99
  98  96  97  97  99 100 101 101 100 101 102 103 101 101 100 100 100 100
 101  29]"
"[ 28  29  77  78  80  80  80  79  79  80  81  80  80  81  81  81  80  82
  83  84  84  84  86  87  85  84  84  86  88  89  89  89  87  88  88  86
  85  79  59  39  31  28  25  24  24  24  24  25  24  24  23  22  21  23
  23  23  24  23  21  19  19  19  19  19  19  19  18  18  17  17  16  16
  16  16  16  16  16  16  15  15  16  16  16  16  17  17  17  18  17  17
  17  17  18  19  19  19  19  20  23  24  26  24  19  23  43  63  90 104
 101  99 102 103 101 102 102 102 102 102 102 103 104 104 103 102 102 102
 103 103 105 105 104 102 102 103 104 105 105 105 105 105 105 105 105 105
 105 105 105 105 105 105 105 105 105 106 107 107 107 106 106 106 108 107
 107 106 105 106 105 104 105 105 104 105 105 105 103 102 101 101 101 101
  99  98  98  99 100 100 101 101 102 102 103 103 103 102 100 100 100 101
 101  30]"
"[ 28  30  77  78  79  80  81  80  79  80  81  80  80  81  81  81  81  82
  84  84  84  84  85  86  85  84  84  86  89  90  89  89  88  88  87  87
  83  75  52  35  31  28  25  25  24  23  24  24  23  24  23  21  21  22
  23  22  22  22  20  19  18  19  19  18  18  18  17  17  17  17  16  16
  16  16  16  16  16  16  15  15  16  16  16  16  17  17  17  18  18  18
  18  18  19  19  20  20  21  20  22  25  25  21  28  47  87  98 106 103
  98 100 102 100 102 102 103 103 103 103 103 103 104 104 103 103 103 103
 103 103 105 104 104 103 103 103 105 106 105 105 105 105 106 106 105 105
 105 106 105 105 104 105 105 105 105 106 107 108 108 107 107 106 108 108
 107 107 107 107 107 106 105 105 104 105 105 105 104 103 101 101 101 101
 101 100 100 101 101 101 101 101 102 103 103 103 103 103 100 101 100 101
 101  29]"
"[ 28  30  78  78  79  80  81  80  80  81  81  81  81  82  82  82  82  83
  84  85  84  84  85  85  85  83  83  85  88  89  88  87  88  86  86  86
  81  72  46  33  31  27  25  24  24  23  23  24  23  24  23  21  21  23
  23  22  22  21  20  19  19  19  18  18  17  17  17  17  17  17  17  16
  16  16  16  16  16  16  15  15  16  16  16  16  17  17  17  18  18  18
  18  18  19  19  20  20  21  23  24  21  23  32  58  91 101 101  99  98
 102 105 104 102 102 102 103 103 103 103 103 104 104 104 104 104 104 104
 104 104 104 104 104 104 104 104 105 106 105 105 106 106 106 105 105 105
 105 106 106 105 105 105 106 106 106 106 106 107 107 107 107 106 108 108
 108 107 107 108 108 107 106 105 105 105 105 105 105 104 102 101 101 102
 102 102 102 102 102 102 102 102 102 102 103 104 103 102 101 101 101 102
 101  29]"
"[ 28  30  78  79  80  81  81  80  80  81  82  82  82  83  83  83  83  84
  85  85  85  85  85  85  86  84  83  86  88  89  88  87  89  87  85  86
  79  68  42  31  30  27  24  24  24  24  24  24  23  24  24  22  21  23
  23  22  23  22  21  20  20  20  19  18  16  16  17  17  18  18  17  16
  16  16  16  17  16  16  16  16  16  16  16  16  17  17  17  18  18  18
  18  18  18  18  19  20  21  26  24  25  50  82  95 100  98 102 102 101
 103 103 102 103 101 102 103 103 102 102 104 105 104 104 105 105 105 105
 105 105 103 104 105 106 106 105 105 105 104 106 107 107 105 104 105 106
 105 107 108 106 105 106 107 107 107 106 106 106 106 107 107 107 108 108
 107 107 107 108 108 107 106 106 105 105 105 105 105 104 102 101 101 102
 102 102 102 102 102 102 103 102 101 102 103 105 102 102 101 103 103 104
 102  30]"
"[ 31  28  80  80  79  77  83  80  80  80  81  81  82  82  83  84  83  85
  85  84  83  85  86  85  83  84  85  85  86  86  86  86  89  89  86  84
  86  65  34  32  31  27  24  23  24  24  24  24  23  24  23  22  22  22
  23  22  20  20  19  19  18  18  18  18  17  17  17  17  16  16  16  16
  16  16  16  16  16  16  16  15  16  16  17  17  17  16  15  15  16  18
  18  19  19  17  17  21  24  16  24  52  81  99 104 101 102 102 102 102
 103 103 103 104 102 104 105 105 104 103 104 104 105 105 105 105 105 105
 105 105 104 103 104 105 105 105 105 106 108 108 107 105 104 105 105 105
 105 106 107 107 107 107 108 109 109 108 107 107 106 107 108 110 110 110
 109 108 108 108 108 108 107 106 105 105 105 104 104 105 103 103 103 103
 103 101 100 100 100 101 102 103 103 103 104 105 104 101 106 103 103 102
 102  30]"
"[ 27  25  79  79  82  83  79  80  80  81  81  81  82  83  84  85  83  85
  85  84  84  85  86  85  84  85  86  88  88  89  89  88  85  87  86  85
  82  59  33  30  28  26  24  23  22  21  22  22  22  23  23  22  22  21
  20  19  20  20  19  19  18  18  18  18  18  18  17  17  17  17  16  16
  15  16  16  16  14  14  14  15  15  16  16  17  17  17  17  16  18  18
  17  18  19  18  19  24  22  23  45  80 103 106 103 103 102 102 103 103
 104 104 103 103 104 104 105 105 104 104 104 105 105 106 107 106 105 104
 104 104 106 105 106 106 105 104 104 105 107 107 106 105 104 105 105 105
 106 107 108 108 107 107 108 109 109 108 108 108 107 107 108 110 109 109
 109 108 108 108 108 108 108 106 105 106 105 105 105 105 104 103 104 104
 103 102 101 101 101 102 103 103 104 104 104 105 103 104 100 100 104 104
 104  26]"
"[ 31  32  81  79  80  81  78  82  80  81  81  81  81  82  84  85  85  86
  85  84  84  86  86  86  82  83  85  86  87  87  87  86  88  89  85  84
  75  50  32  28  26  26  25  23  21  20  21  22  22  23  23  22  21  21
  20  19  19  19  19  18  18  18  18  18  16  16  15  15  15  15  15  15
  15  16  17  15  13  12  13  15  16  16  17  17  18  18  18  18  17  20
  20  19  22  23  23  22  37  61  89 104 104 100 100 106 103 103 104 105
 105 105 104 104 105 105 105 105 105 105 105 105 104 106 107 107 106 105
 105 105 104 104 105 105 105 104 104 105 106 107 106 105 104 105 105 105
 106 107 108 108 107 107 107 108 108 108 108 108 107 107 108 109 110 110
 110 109 109 110 110 110 108 107 106 106 106 105 105 105 104 104 105 105
 104 103 102 101 101 102 103 104 104 104 104 105 106 101 101 106 101 100
 104  32]"
"[ 27  28  77  79  81  79  83  81  82  82  81  81  81  82  84  85  87  87
  86  85  85  86  87  86  84  85  86  87  87  88  87  87  87  86  81  81
  68  45  33  27  24  24  23  22  20  18  19  21  23  22  21  19  18  19
  19  19  18  18  18  17  17  17  17  17  17  17  17  17  17  17  17  17
  15  16  16  15  13  12  13  15  16  16  17  17  18  18  18  18  18  19
  19  18  17  18  28  40  72  93 105 102 100 103 104 104 103 104 104 105
 105 105 104 104 105 105 104 104 105 105 104 104 103 104 106 106 106 105
 106 106 105 105 106 107 106 105 106 108 109 109 108 107 107 107 107 107
 108 108 109 109 108 108 108 109 109 110 110 109 109 108 108 108 108 109
 109 109 109 110 110 110 110 109 108 108 108 107 107 107 104 104 104 105
 104 103 101 101 102 102 102 102 103 103 104 104 103 100 106 101 100 104
 102  25]"
"[ 32  26  80  80  82  81  84  78  81  81  81  81  81  82  84  85  85  84
  84  83  84  85  86  85  86  86  86  86  86  87  87  87  87  86  84  81
  63  41  33  26  26  24  23  22  21  20  20  21  23  23  22  21  20  20
  20  20  20  20  20  18  18  18  18  17  16  16  16  17  17  17  17  17
  17  17  17  17  16  16  17  17  17  17  17  18  18  19  19  19  18  17
  20  23  20  21  44  74  99 102 101 101 105 105 103 103 104 104 104 104
 104 104 104 105 105 104 104 105 105 105 104 103 105 105 105 105 106 107
 106 106 107 107 108 107 106 105 105 106 108 108 108 107 107 108 108 108
 108 109 109 109 109 109 109 109 110 111 111 110 109 109 108 108 108 109
 109 108 109 109 110 109 109 108 107 107 107 106 106 106 104 104 105 105
 105 103 102 102 103 103 102 102 103 104 104 105 103 104 103  99 104 102
 104  34]"
"[ 30  23  83  79  78  82  80  81  80  81  81  82  82  83  84  85  84  84
  84  84  85  86  87  87  88  87  87  86  86  87  87  88  89  88  85  74
  52  36  33  30  26  24  22  21  20  19  19  19  22  22  22  21  20  19
  18  17  18  17  17  16  16  15  15  15  16  16  16  16  16  16  16  16
  15  15  14  14  15  15  15  15  14  14  15  15  16  16  17  17  19  20
  19  20  27  44  72  97 103 103 104 105 105 102 101 105 105 104 104 104
 104 104 105 105 105 105 105 106 106 106 105 104 105 104 104 105 107 109
 109 109 107 107 107 107 106 106 106 107 107 108 108 108 108 109 110 109
 110 110 110 110 110 110 110 110 111 112 112 111 110 110 110 109 111 111
 111 111 110 111 111 110 109 108 107 107 107 106 106 106 106 105 105 106
 105 104 104 104 104 103 103 103 103 104 105 105 106 104 102 106 104  98
 106  27]"
"[ 29  33  76  79  79  82  79  82  81  81  82  82  83  83  84  85  84  84
  84  85  85  85  86  87  88  87  87  87  87  87  88  88  89  85  80  63
  43  32  28  27  24  23  22  22  21  20  20  20  21  22  22  22  21  21
  19  18  18  18  18  18  17  17  17  17  16  16  16  16  16  16  16  16
  17  16  16  16  17  17  17  16  16  16  16  16  17  17  18  18  19  22
  19  20  38  68  92 104 102 102 102 103 104 106 107 104 104 104 104 104
 104 105 105 105 105 105 105 105 106 106 105 105 104 103 103 105 107 108
 109 109 107 107 107 108 108 108 108 109 108 109 109 109 109 110 110 110
 110 110 110 110 110 110 110 110 110 112 112 110 109 110 111 110 110 110
 110 109 109 109 109 108 109 108 108 108 109 108 107 107 106 105 105 105
 105 104 104 105 104 103 103 103 104 104 104 104 104 105 104 106 102 107
 103  30]"
"[29 29 29 29 29 28 30 29 28 29 29 29 29 29 29 29 28 28 29 30 29 28 29 29
 28 28 28 28 29 29 29 29 28 28 33 29 27 31 29 29 29 29 30 30 29 28 29 30
 28 29 29 29 29 29 29 29 29 29 29 29 29 29 29 29 29 29 29 29 29 29 29 29
 28 29 29 29 29 29 29 28 29 29 29 28 28 29 29 29 29 30 28 27 30 31 29 29
 29 28 30 30 28 29 30 27 28 28 29 29 29 29 29 29 29 29 29 29 29 29 29 29
 29 29 29 29 29 29 29 29 30 29 29 29 29 28 28 29 29 29 29 29 29 29 29 28
 29 29 29 29 29 29 29 29 28 30 30 28 28 29 30 29 29 29 29 29 29 30 30 29
 30 29 28 29 29 29 28 28 30 29 29 29 29 28 28 29 29 29 29 29 30 30 29 28
 28 31 29 28 29 31 27 30]"
