"[31 31 30 32 29 28 29 28 30 29 29 29 29 29 29 28 29 28 29 30 29 29 30 29
 30 29 30 28 29 30 29 29 31 28 29 29 30 30 28 29 30 30 29 29 29 29 29 28
 28 29 30 29 28 28 29 30 29 29 27 30 30 28 31 30 31 28 28 30 29 29 30 30
 30 30 29 29 30 29 28 29 28 30 29 28 29 30 29 30 29 29 29 28 28 29 29 28
 28 30 31 30 29 29 29 29 29 29 28 28 28 29 29 28 29 29 29 30 29 29 29 29
 29 28 28 30 30 29 29 30 29 29 29 28 28 29 30 31 29 29 30 29 30 30 29 28
 28 28 29 30 30 29 29 30 29 29 29 28 29 29 29 28 29 29 29 28 29 30 30 29
 28 29 28 29 30 29 28 29 29 29 29 29 29 30 29 28 29 28 29 29 29 29 29 29
 32 28 29 32 29 29 32 29]"
"[30 27 29 29 29 29 31 30 28 28 29 30 29 29 30 29 30 29 28 28 29 29 28 28
 28 28 29 30 29 28 29 30 28 29 28 27 28 30 31 29 27 28 29 29 28 28 30 31
 30 30 30 29 30 30 29 28 28 32 28 30 32 27 27 28 28 30 30 29 29 31 29 27
 28 29 28 29 30 29 28 30 28 29 29 29 30 29 28 29 28 29 29 29 29 29 29 29
 27 27 27 27 28 29 29 28 29 30 30 29 29 29 29 29 28 28 28 29 29 29 29 30
 30 29 29 29 29 28 28 29 29 30 31 31 30 28 27 27 30 29 28 27 27 28 29 30
 29 30 29 27 28 30 30 27 28 30 30 30 29 29 30 30 29 29 31 32 31 28 27 29
 29 31 30 27 27 30 30 27 30 29 28 28 29 29 29 29 30 30 30 30 28 27 28 30
 27 24 35 26 30 29 28 32]"
"[ 29  34  60  61  55  50  52  54  58  60  64  68  69  71  73  73  76  82
  86  88  91  90  91  96  97 100 100 103  98  89  87  85  83  81  68  60
  57  56  55  46  52  50  48  48  49  49  46  43  45  46  46  46  45  44
  43  41  37  40  34  36  48  57  69  82  91 102 111 116 119 117 112 110
 109 113 117 119 119 117 116 117 120 120 119 119 122 122 122 124 122 123
 123 122 122 122 122 122 126 126 125 124 123 122 122 121 122 123 124 124
 123 123 123 123 127 126 126 126 126 126 126 126 125 124 122 120 118 117
 116 115 118 119 121 124 127 131 136 139 136 136 137 141 144 146 148 151
 165 175 182 181 182 188 194 195 196 196 195 194 193 190 185 181 183 181
 180 180 182 184 189 194 199 201 204 203 198 195 188 179 169 169 172 178
 187 196 205 211 210 206 199 192 189 190 195 200 204 209 199 197 189 188
 181  28]"
"[ 30  27  62  62  61  60  61  61  61  61  62  63  60  59  58  56  62  69
  72  72  75  73  74  80  83  89  90  98  97  89  92  90  98 101  94  94
  95  91  89  76  73  65  56  52  51  51  48  45  50  51  51  48  46  45
  47  48  48  50  47  45  45  42  40  43  47  47  45  53  68  77  80  87
  93  97  99 102 105 105 105 108 109 112 114 115 118 119 119 119 120 120
 120 121 123 124 124 124 122 124 124 121 117 115 115 116 120 121 123 123
 123 122 123 124 127 127 127 128 128 128 128 128 129 130 129 127 127 128
 128 127 125 124 122 118 117 118 122 125 129 128 130 134 137 139 142 145
 144 148 148 148 153 162 167 166 170 173 178 184 191 197 199 198 198 196
 194 192 193 193 189 185 187 182 184 189 190 195 202 203 202 199 194 190
 185 181 178 178 190 198 206 204 193 185 185 189 185 196 199 199 202 204
 192  28]"
"[ 32  27  63  59  59  60  62  63  61  60  61  62  62  63  63  60  60  60
  54  53  58  58  55  58  67  69  68  76  79  76  84  85  87  94  93  98
  98  95  99  96  96  96  96  94  90  82  72  66  64  60  52  44  42  45
  51  55  52  49  50  48  45  47  50  50  44  49  48  45  41  36  37  47
  49  54  63  73  85  93  98 102 109 113 113 110 111 114 114 114 118 116
 115 118 121 123 123 123 123 125 126 125 123 123 124 124 121 122 123 123
 123 122 123 125 125 125 127 129 130 130 131 131 129 130 131 129 130 131
 132 130 129 129 130 128 126 126 126 127 121 118 118 119 120 120 122 125
 131 138 144 144 144 146 152 156 152 156 159 159 158 160 167 172 183 184
 188 196 201 202 199 196 193 186 184 184 178 177 180 180 184 191 199 204
 204 199 192 187 178 174 171 172 177 182 186 188 195 193 186 187 188 196
 195  31]"
"[ 29  28  68  65  63  61  60  62  60  57  58  59  60  62  61  59  61  61
  58  59  63  64  61  60  62  62  58  61  61  58  62  62  71  72  69  72
  73  74  84  88  85  87  91  96 100 103 104 104  98  96  94  91  88  81
  72  65  63  55  56  54  47  51  53  49  50  52  49  46  49  49  47  45
  49  46  42  41  45  49  52  57  64  74  84  92 103 111 114 114 113 111
 110 113 116 116 116 116 119 120 121 122 123 125 125 124 123 121 121 122
 122 122 123 124 123 123 125 127 128 128 128 128 130 131 131 130 130 130
 130 129 128 130 132 132 131 130 130 130 138 137 135 134 130 124 119 118
 118 118 121 128 134 137 138 138 140 145 149 150 150 153 158 163 153 151
 156 165 169 169 173 180 186 190 197 202 200 200 199 194 185 186 185 183
 184 190 195 198 201 200 199 195 190 187 186 188 186 189 189 191 181 181
 182  26]"
"[ 31  28  62  63  65  66  63  62  62  61  62  63  64  65  66  64  60  62
  64  65  65  64  63  62  62  62  62  62  62  60  61  61  66  64  63  64
  64  63  62  62  66  67  71  75  80  83  86  87  91  91  92  94  98 100
  99  96  93  86  85  79  73  71  65  59  61  61  59  56  55  55  51  48
  46  48  50  53  55  52  48  47  41  41  40  44  53  64  73  79  93  94
  98 105 110 113 115 118 115 117 119 120 120 120 121 121 122 119 117 119
 120 121 122 124 123 123 123 123 123 123 123 123 125 125 127 129 131 131
 131 131 129 130 130 130 129 129 130 131 131 133 137 139 139 137 133 131
 127 125 123 122 123 126 130 134 131 134 137 140 143 145 146 146 148 149
 153 157 158 157 160 165 165 169 173 176 180 186 193 196 202 204 201 193
 188 189 189 186 185 186 191 196 201 201 198 196 192 191 186 188 191 201
 201  29]"
"[ 28  31  67  69  67  66  63  66  65  64  65  66  64  64  65  63  65  63
  62  63  63  64  65  64  64  64  65  62  61  61  61  63  64  64  67  67
  66  65  61  62  63  65  66  63  61  62  68  74  72  76  80  83  86  89
  93  94  93  95 102 103 104 101  88  81  80  73  68  67  64  60  57  55
  54  54  53  54  56  58  59  61  60  55  48  46  45  40  36  36  36  41
  52  66  77  85  94 100 108 114 118 117 113 112 115 118 117 113 110 112
 115 117 119 121 123 123 122 122 122 122 123 124 124 124 126 129 130 129
 129 130 129 130 130 130 130 130 130 130 131 132 132 132 132 133 134 133
 131 129 127 129 133 135 133 131 128 129 130 130 131 134 137 139 139 144
 146 144 146 152 155 152 159 159 160 162 162 159 160 167 175 184 190 191
 194 201 204 201 200 191 181 177 180 187 195 199 206 201 199 194 193 193
 192  29]"
"[ 28  29  74  71  69  70  68  67  66  66  66  66  67  67  67  67  63  63
  65  66  65  63  64  66  65  65  65  65  64  63  64  66  61  63  66  66
  66  65  63  61  65  65  66  66  64  62  64  68  68  69  71  73  73  72
  73  76  75  82  88  89  90  93  94  92  97  98  99  99  94  88  85  87
  80  79  74  68  63  60  61  66  64  61  59  59  56  54  53  51  53  51
  45  44  45  39  36  41  40  50  60  72  88  99 104 108 111 114 118 118
 115 112 112 112 115 115 117 117 120 117 123 121 123 124 124 125 126 126
 125 128 122 122 124 124 122 125 130 128 130 128 129 131 131 130 131 134
 132 132 133 135 136 136 136 138 133 140 144 143 139 135 131 127 126 128
 129 128 130 136 141 143 147 147 145 146 150 155 157 156 161 162 162 162
 162 164 170 177 182 187 194 198 198 196 191 186 181 180 185 189 192 194
 190  29]"
"[ 30  30  77  76  77  79  78  76  75  73  72  72  73  73  72  71  68  68
  69  70  68  65  64  65  67  66  65  65  65  66  65  65  65  66  66  66
  65  65  65  66  64  66  67  66  65  65  66  67  65  66  68  69  68  66
  66  67  67  71  75  75  74  73  74  75  84  83  85  87  88  90  93  97
 102 102 100  97  93  87  81  80  79  74  71  68  66  65  63  60  62  60
  53  50  53  52  50  51  52  52  50  46  44  45  47  50  54  58  68  83
  95 103 107 110 114 117 119 113 111 109 116 115 116 119 120 122 124 123
 123 126 126 125 124 123 122 124 128 128 126 129 129 128 128 131 132 131
 132 132 133 135 135 135 136 137 138 139 138 137 137 139 139 138 135 135
 133 129 127 128 129 129 135 139 142 142 143 147 151 154 152 154 159 161
 161 161 165 169 169 170 172 175 180 187 194 198 200 193 187 187 190 194
 192  29]"
"[ 27  29  83  85  85  86  83  81  81  79  78  78  79  81  81  80  76  75
  75  75  74  71  68  67  68  67  65  64  66  68  66  64  64  66  67  67
  66  65  65  64  67  69  69  67  65  67  67  67  67  68  68  68  66  64
  64  65  65  65  67  69  67  64  66  71  74  72  70  69  71  74  78  80
  83  84  86  90  95  95  93  93  98  97  96  92  87  84  81  76  69  73
  73  68  64  62  60  57  58  57  57  57  54  53  53  54  51  47  45  48
  52  54  56  58  70  81  96 105 114 119 124 118 113 115 116 116 116 116
 116 119 122 123 122 123 125 125 125 127 123 125 126 124 124 126 127 125
 131 130 130 130 130 131 132 134 134 135 136 137 138 138 137 136 136 137
 135 132 130 131 132 132 132 136 139 137 133 133 135 138 141 145 151 154
 155 155 158 161 164 164 165 168 170 172 177 181 188 189 189 191 189 190
 190  28]"
"[ 29  30  87  86  85  85  87  87  84  84  83  83  85  86  87  87  83  82
  81  81  80  78  76  75  72  72  70  69  71  73  71  67  67  69  71  71
  69  68  67  66  71  72  70  68  68  69  71  71  71  70  69  67  65  65
  66  67  66  65  65  67  66  65  68  73  74  73  71  69  68  69  70  69
  72  72  72  75  80  81  80  81  86  91  97  98  96  98 101 100 101 101
 101 100  98  95  87  77  72  66  64  64  61  59  57  54  53  54  56  57
  56  53  49  46  44  45  44  46  53  64  75  74  80  90 103 113 118 116
 113 112 115 118 120 123 126 124 122 125 126 123 122 123 123 122 124 128
 125 126 128 128 129 129 131 132 131 133 134 135 133 132 133 136 136 137
 136 135 134 136 138 138 137 138 139 138 136 136 135 134 131 133 136 137
 137 138 142 145 153 155 159 164 163 160 159 160 165 165 165 173 178 185
 187  30]"
"[ 30  29  90  89  88  88  88  88  88  89  89  89  88  88  88  88  88  87
  86  85  85  85  84  83  81  81  80  78  79  81  79  75  75  75  74  72
  70  70  71  71  72  71  71  72  72  72  73  75  73  72  71  69  68  68
  70  72  70  69  68  67  68  69  70  72  71  72  72  70  69  68  68  67
  70  72  73  74  75  74  73  74  77  79  81  80  78  82  87  87  91  92
  97 102 104 107 108 106 106 100  98  97  92  87  83  78  71  72  70  67
  64  64  61  58  57  57  54  54  51  51  53  50  53  57  61  67  75  82
  89  96  92  99 107 115 122 120 119 122 123 121 121 121 121 121 123 127
 124 126 128 129 130 129 128 127 127 129 132 132 131 130 133 136 133 133
 133 132 133 135 137 139 140 139 138 139 141 142 140 138 138 139 139 138
 136 136 138 140 139 140 142 146 147 146 149 153 153 158 159 160 153 156
 163  26]"
"[ 30  26  90  89  90  90  90  88  90  91  92  92  91  90  90  89  91  91
  90  89  89  89  90  89  87  87  86  84  84  84  83  81  80  81  80  79
  78  77  77  76  74  73  74  76  75  73  73  74  73  74  73  72  71  73
  74  75  75  74  73  71  72  74  74  72  73  74  75  74  72  70  70  71
  74  75  74  73  71  69  67  69  71  69  68  68  69  73  74  72  69  74
  80  81  78  76  81  89  94  95 100 104 104 105 106 107  97  93  86  78
  75  76  75  72  65  64  60  63  62  63  64  61  58  57  53  49  47  44
  43  45  56  57  59  63  72  83  95 104 115 121 126 126 125 124 122 119
 123 125 126 126 127 128 128 127 125 126 128 129 129 130 131 132 130 130
 129 130 131 133 135 136 137 137 137 137 138 138 138 138 140 141 143 142
 141 140 139 138 138 137 137 138 138 137 139 142 147 149 150 152 151 154
 155  29]"
"[ 32  29  95  91  89  89  93  95  94  94  94  94  94  94  91  90  92  94
  95  94  93  93  93  93  91  90  88  86  86  86  86  87  88  89  90  90
  89  88  85  83  80  80  81  80  79  77  77  77  74  75  74  73  72  74
  75  75  76  76  75  75  75  76  75  74  72  72  73  74  73  72  73  76
  75  75  73  72  73  73  74  76  73  71  71  72  72  72  71  69  71  73
  72  73  76  74  72  74  72  76  78  78  80  84  89  94  95  97 101 104
 103  98  92  89  90  85  75  74  70  74  75  71  70  69  66  63  62  58
  54  53  55  54  53  52  50  50  50  48  50  62  77  90 102 113 121 124
 128 130 131 131 131 129 126 123 126 127 127 125 124 125 128 130 131 130
 129 129 129 129 130 131 131 132 133 134 135 136 138 140 138 140 142 142
 143 143 142 140 139 140 140 141 141 139 137 136 136 138 139 138 135 135
 136  29]"
"[ 28  32 110 108 101  93  94  96 101  99  98  97  97  96  92  89  91  95
  97  97  96  96  96  95  95  93  90  89  89  90  92  93  92  91  91  90
  90  90  89  88  86  87  86  83  82  84  85  85  81  81  79  76  75  77
  79  80  79  79  79  80  79  78  77  76  76  75  75  76  76  74  75  77
  77  76  74  75  77  76  74  74  76  74  74  74  70  69  71  72  73  75
  71  70  74  74  71  73  70  75  77  76  78  76  73  73  76  78  83  89
  89  87  90  97  99 103 101 101  95  97  95  90  84  80  72  67  66  64
  62  62  64  61  60  58  55  56  56  51  46  47  49  51  52  55  63  70
  72  82  97 112 123 127 125 120 118 126 133 132 128 126 126 126 126 125
 126 127 128 128 129 130 129 129 129 131 132 132 133 135 138 139 139 139
 140 141 141 140 140 140 139 139 140 142 141 139 139 136 137 137 138 138
 133  30]"
"[ 30  28 126 124 123 121 126 125 121 117 112 108 107 105 101  96  95  96
  96  97  97  94  95  94  96  95  92  91  92  93  95  96  95  96  96  96
  94  91  90  92  90  90  90  91  91  91  90  90  88  88  87  85  84  83
  83  83  81  81  83  82  80  80  81  79  79  76  78  76  76  79  76  79
  81  80  79  79  80  78  75  77  76  76  76  76  75  75  74  73  76  75
  74  73  74  74  73  72  75  74  76  78  76  73  74  75  75  77  77  75
  75  76  77  79  81  83  88  92  94  95  98 103 103 103 102 102 101  99
  97  96  89  80  78  72  69  66  66  59  63  65  60  55  50  56  54  52
  51  48  50  60  68  71  75  81  97 102 114 126 131 129 129 131 130 126
 128 125 124 126 122 122 122 124 125 130 131 132 130 139 138 139 138 136
 136 138 138 137 138 139 138 138 141 143 140 137 139 137 138 138 138 138
 136  29]"
"[ 29  29 129 128 128 127 130 128 130 128 126 125 126 126 124 122 124 120
 112 107 102  99 102 102  96  95  93  93  92  92  92  92  93  93  94  95
  95  95  96  96  96  95  95  95  96  96  95  95  94  93  93  93  94  93
  90  88  89  88  89  89  87  86  85  82  82  80  83  82  83  83  78  77
  78  79  79  80  81  79  79  82  81  81  81  80  80  79  78  77  75  75
  76  76  77  77  77  76  75  73  75  77  76  74  74  74  75  77  76  75
  75  75  76  78  78  77  75  75  78  80  80  79  82  84  89  93  96 100
 102 104 109 105 107 107 103  99  97  90  86  81  74  75  72  72  68  68
  64  57  51  51  51  51  53  56  54  56  63  73  82  89 101 112 118 125
 132 131 131 129 122 125 120 118 115 118 124 133 132 138 141 137 135 136
 136 133 133 135 139 139 138 137 138 138 138 140 138 138 139 137 138 138
 139  29]"
"[ 29  28 129 130 130 129 131 129 129 129 129 130 130 131 131 131 131 132
 129 129 126 122 121 119 117 116 115 113 109 106 103 102 107 105 101  97
  96  96  95  93  97  96  97  98  99  99  98  97  95  95  96  97  98  98
  97  95  93  93  95  96  95  95  95  92  91  88  88  87  87  87  83  81
  84  85  84  83  82  79  78  81  81  82  82  82  82  82  81  80  78  79
  80  80  80  80  80  79  79  77  78  80  80  79  79  77  78  80  79  77
  78  79  79  81  82  80  76  74  77  80  78  74  73  76  80  82  82  83
  86  88  87  88  93 101 102 108 111 110 113 107 101 102  97  92  84  83
  83  78  73  70  68  64  60  58  63  59  58  59  58  56  58  62  65  73
  81  90 106 114 116 125 132 129 121 114 111 117 117 122 128 135 141 140
 136 134 132 131 132 132 134 138 139 135 134 137 136 136 137 135 137 136
 141  28]"
"[ 29  27 129 128 128 128 128 127 130 131 132 132 133 132 133 133 132 134
 133 134 134 131 132 131 128 129 129 129 127 125 123 122 121 120 116 112
 111 111 108 104  98  98  99 100 100  98  96  94  96  98 100  99  97  96
  98  99  96  97  99  99  97  97  97  95 100  97  95  94  94  94  92  90
  90  91  90  89  88  86  85  87  83  83  83  84  84  83  82  81  82  82
  83  83  83  83  82  81  80  78  79  81  81  81  81  79  80  81  80  79
  80  80  80  81  79  79  78  77  78  79  78  76  77  79  80  79  77  75
  76  78  75  75  76  82  81  88  92  93  94  99 104 107 109 112 112 112
 110 105  98  93  89  87  83  80  73  68  63  62  64  64  62  59  59  60
  58  55  53  52  58  71  80  88 100 107 107 106 100 100 105 121 136 140
 139 138 137 133 131 129 127 129 133 134 135 138 138 136 134 133 136 132
 139  27]"
"[ 30  28 132 131 130 129 128 126 128 128 128 130 131 130 130 131 134 134
 131 132 131 130 133 134 138 138 138 136 134 132 131 130 132 134 135 135
 136 135 130 124 122 121 118 115 111 106 101  99  99 101 102 102 100 100
 101 103 100 100 102 101  98  98 100  99 100 101 100 100 100  99  98  96
  97  98  96  95  95  94  93  95  91  91  90  91  90  88  86  86  86  85
  84  84  85  86  85  83  81  80  82  83  81  81  82  82  82  84  83  82
  83  83  82  82  84  82  82  82  82  81  81  81  79  80  80  80  79  79
  80  81  79  78  75  77  73  75  74  73  76  83  88  87  89  93  97  96
  99 103 107 111 114 115 111 106 105 102  95  90  89  89  84  76  73  65
  66  72  70  64  64  63  62  56  56  57  61  63  65  68  68  81 101 121
 133 138 140 142 138 137 133 128 127 125 122 120 123 123 125 131 138 132
 135  31]"
"[ 29  29 136 136 135 135 131 130 131 129 129 131 131 130 130 130 129 130
 130 132 132 130 132 132 134 135 135 136 137 137 138 139 132 133 134 133
 134 133 131 127 131 130 130 130 129 129 129 130 124 122 119 116 113 109
 105 101 105 105 105 104 100 101 103 103 100 102 101 102 101  99 101 101
  99 100  99  98  98  98  98  99  97  96  97  99  99  97  95  95  94  92
  89  88  89  90  88  86  84  84  86  86  83  83  85  85  82  84  83  84
  86  87  86  87  88  83  81  82  83  83  82  83  82  82  81  81  81  81
  82  82  83  82  79  79  79  82  81  82  81  81  81  79  81  81  84  84
  90  92  94  96  99 103 105 105 103 108 111 111 113 114 111 105 102  93
  92  92  80  72  77  76  73  63  63  64  67  64  61  59  55  55  56  61
  68  80  93 102 116 125 129 129 131 134 134 133 126 122 116 114 116 115
 119  29]"
"[ 30  29 139 139 139 139 136 136 135 133 132 133 132 130 130 131 133 133
 130 130 129 128 131 131 132 132 132 131 131 131 130 130 132 131 131 130
 130 131 132 133 135 135 136 135 134 134 135 137 136 133 131 131 132 131
 128 125 120 118 116 112 108 107 108 106 101 103 101 101  99  96  99  98
  98 101 101  99 100 101 102 104 100  99 101 103 105 103 102 103 102 100
  98  96  97  97  96  94  91  91  92  91  88  88  89  89  85  87  86  86
  89  90  88  88  89  87  85  86  87  88  88  88  86  86  86  86  86  86
  87  88  88  85  82  79  81  82  84  86  86  83  83  81  83  81  83  83
  82  85  88  89  90  91  91  91  96  99 103 105 107 110 112 112 116 115
 116 121 119 117 117 109 103  91  87  77  71  64  62  59  59  60  59  54
  51  53  56  59  58  68  74  78  88 101 111 116 123 128 127 124 121 117
 111  27]"
"[ 30  29 139 139 139 141 139 141 140 139 139 139 138 136 136 138 137 138
 136 136 135 133 135 135 132 132 132 133 133 132 131 130 128 129 131 132
 131 129 130 131 132 134 136 137 137 136 136 138 141 139 137 136 136 136
 136 135 136 133 131 128 125 125 125 122 120 124 122 124 121 116 115 111
 106 109 108 104 102 101 102 104 104 103 104 107 107 105 104 104 104 104
 103 103 104 105 106 105 103 102 102 100  97  97  98  97  97  98  96  94
  95  93  90  88  86  89  90  88  88  89  89  88  89  90  90  89  88  88
  90  91  89  88  87  83  87  86  89  90  85  86  89  86  87  84  86  85
  86  88  89  88  86  87  89  91  88  87  88  91  93  94  95  96 102 108
 105 105 108 114 121 120 126 123 129 125 121 113 106  97  97  89  82  80
  74  65  60  62  61  63  59  52  51  53  53  51  61  74  80  84  89 101
 102  30]"
"[ 30  29 142 142 142 141 143 143 142 141 140 139 138 138 139 141 140 142
 143 142 139 137 136 137 137 137 136 136 136 136 135 135 130 131 131 131
 130 129 130 130 128 130 131 131 130 131 134 136 140 137 135 136 138 139
 138 138 138 137 137 138 139 138 136 134 132 134 135 136 135 133 131 130
 129 126 123 121 119 116 112 110 105 110 111 108 108 108 107 107 108 109
 108 105 105 107 107 106 105 105 105 105 104 103 104 105 105 105 102  98
  97 100  99  95  93  95  96  94  92  91  91  89  92  93  93  90  89  91
  92  91  90  91  90  89  89  90  92  92  90  87  88  91  90  88  89  89
  89  89  91  91  90  90  91  92  90  89  88  90  91  90  88  88  89  90
  89  90  94  94  94  99 103 109 114 116 122 130 131 127 126 122 120 114
 109 104  94  88  76  74  66  64  68  66  59  58  58  52  50  53  51  60
  65  29]"
"[ 29  30 144 143 143 141 143 143 143 142 142 142 142 141 142 143 142 143
 143 143 141 140 140 140 140 139 139 138 139 139 139 139 139 139 137 136
 134 133 132 132 131 132 132 131 130 130 131 133 132 130 130 132 134 135
 136 136 136 137 138 140 141 141 141 141 140 141 141 140 139 138 138 139
 139 138 137 136 135 132 129 128 124 125 121 117 115 114 112 111 111 111
 108 106 106 109 110 110 110 110 109 109 109 109 108 108 106 106 105 102
 103 105 105 103 101 102 102 101 100  98  96  93  96  98  98  96  94  94
  94  93  92  94  96  97  96  96  95  93  93  91  92  94  93  92  93  93
  94  93  94  95  95  94  95  96  95  92  90  89  89  89  89  90  90  91
  89  89  89  86  83  85  89  89  89  90  94 102 109 112 115 117 122 122
 124 126 126 128 121 117 105  96  93  83  72  70  70  67  63  55  54  56
  51  30]"
"[ 28  30 145 144 143 140 142 142 142 141 142 144 144 144 143 143 144 144
 143 143 142 142 142 142 143 142 141 140 141 142 143 143 143 142 141 139
 138 138 138 137 138 137 136 135 133 132 133 133 131 131 131 132 133 133
 132 133 131 132 134 135 136 136 137 139 139 140 141 140 139 140 142 144
 143 143 144 143 141 138 136 136 136 135 132 130 131 131 130 130 124 123
 120 117 118 119 119 118 116 114 113 113 113 113 111 109 111 111 111 110
 110 111 111 110 108 108 107 108 109 109 107 104 104 105 104 101  99  99
 100 100  99  99  99  98  97  97  97  97  96  95  96  98  97  96  97  97
  97  96  96  97  97  97  96  96  96  93  90  90  92  94  95  96  94  94
  93  93  93  89  87  88  89  88  89  90  89  86  87  90  86  88  95  97
 102 109 113 118 124 125 124 127 130 125 119 120 110 107  95  82  77  72
  63  30]"
"[ 29  29 144 144 143 141 142 142 141 141 142 144 145 144 143 142 144 144
 143 142 141 142 143 143 144 143 141 141 141 142 143 144 143 142 141 140
 141 142 143 143 144 143 142 141 139 138 138 137 138 137 136 136 136 135
 133 133 133 133 134 134 133 133 134 136 133 134 136 136 136 137 138 139
 142 143 144 146 146 145 145 146 150 148 145 144 145 141 137 137 137 137
 136 135 134 133 130 127 125 123 122 121 120 118 115 113 113 113 112 112
 111 109 109 110 110 109 107 108 110 111 111 111 111 111 109 108 107 108
 108 108 106 105 103 100  99 100 102 103 101  99  99 101 100 100  99  98
 100 100 100 101 101 101 100 100 100  98  96  96  97  98  97  96  96  96
  95  96  97  96  95  96  95  94  95  96  93  89  89  92  93  90  89  86
  87  90  88  89  86  89  94 102 109 107 106 110 122 122 115 117 112 109
 102  29]"
"[ 28  29 143 144 145 144 144 142 143 143 143 145 145 144 142 142 143 144
 143 142 140 140 142 143 143 142 141 141 141 142 142 143 144 143 142 141
 142 143 144 144 145 144 144 144 143 142 141 141 141 139 138 139 140 140
 139 139 140 139 137 137 136 135 135 136 134 134 134 135 135 134 134 134
 137 137 138 140 141 142 142 142 142 143 144 146 149 148 146 146 145 146
 148 149 148 147 144 142 139 139 138 136 134 132 129 126 123 122 121 121
 118 115 114 115 116 115 113 112 112 112 112 113 112 112 112 113 115 115
 113 110 111 112 112 111 110 110 110 109 108 105 105 106 105 105 104 101
 102 102 103 104 103 102 102 103 102 101 101 101 101 101  99  97 101  99
  99  99  99  99  98  98  96  96  96  96  96  97  98 100  96  93  92  90
  92  94  92  92  91  89  88  89  88  85  85  90  93  93  95 106 107 115
 116  31]"
"[ 29  29 143 144 147 146 146 144 145 144 144 145 145 143 142 142 143 144
 144 143 141 140 142 144 143 143 142 142 142 143 143 142 144 143 142 142
 142 143 144 144 143 144 144 144 144 144 143 143 143 140 139 141 143 145
 144 144 143 142 140 139 139 139 138 138 140 139 137 137 137 138 138 137
 140 139 138 139 140 140 139 138 139 141 141 142 144 143 142 143 145 147
 149 151 152 152 152 152 151 151 151 150 148 146 143 142 142 141 140 137
 134 131 129 129 126 125 124 123 121 119 118 118 116 113 111 112 114 115
 114 113 114 116 117 118 117 116 115 114 115 113 113 114 113 112 111 109
 109 108 108 107 106 104 104 104 105 104 103 103 103 104 103 102 103 101
 102 103 102 103 103 100 100 101 102 102 102 102 101  99 102 100 101  98
  97  98  96  96  96  93  91  91  89  86  88  91  91  84  85  81  79  86
  87  25]"
"[ 29  29 144 145 147 146 147 145 145 145 145 145 145 143 143 143 144 145
 145 144 143 142 143 144 144 144 143 143 144 144 144 144 143 143 143 143
 143 143 144 145 145 145 145 145 144 144 145 145 145 144 142 143 145 146
 146 145 146 145 144 143 143 143 143 144 143 142 141 141 141 142 143 143
 140 140 140 142 143 142 141 141 140 141 140 139 141 142 142 142 142 142
 142 144 145 146 147 147 149 149 150 151 151 150 149 148 151 151 150 148
 147 146 145 144 139 138 136 135 133 130 129 129 127 124 122 121 122 122
 121 121 121 122 122 121 119 118 117 115 117 118 120 120 118 118 118 117
 120 118 116 115 114 114 114 115 115 115 113 110 108 108 107 105 105 103
 104 104 103 105 106 103 105 104 102 101 101 102 103 104 101 101 104 102
 102 103 101 102  96  95  96  97  95  93  94  94  90  85  90  86  84  84
  83  32]"
"[ 28  29 144 145 146 145 146 146 145 145 146 146 146 144 144 145 145 145
 145 145 145 144 144 144 145 144 144 144 144 145 145 145 145 145 145 144
 144 144 144 145 146 146 146 145 144 144 145 146 146 145 145 145 146 146
 146 146 146 145 144 144 144 143 144 145 145 145 145 145 144 143 144 144
 146 146 146 147 146 145 143 142 143 145 143 141 143 145 144 142 145 143
 142 142 143 143 142 141 141 141 142 145 147 148 148 147 149 150 152 152
 154 157 158 159 157 154 151 149 147 144 143 143 138 138 139 141 139 136
 132 129 129 130 131 129 125 121 118 115 117 119 123 123 120 120 122 122
 123 120 118 118 121 123 125 126 122 122 121 118 116 116 116 114 115 111
 109 107 104 105 107 104 107 105 104 104 103 102 103 106 106 105 106 105
 105 106 103 102 101 100 100  99  96  96  96  96  98  94  95  95  90  84
  86  26]"
"[ 29  29 146 145 145 145 145 146 145 145 146 146 146 146 146 146 145 146
 146 146 145 145 145 145 146 146 147 147 147 147 147 147 146 145 145 145
 146 145 146 146 146 147 147 146 146 147 147 146 147 146 145 146 146 146
 146 146 146 145 144 146 146 146 145 146 146 146 146 146 146 146 146 146
 147 147 147 149 149 148 147 146 146 146 146 146 146 145 145 145 146 146
 146 146 145 145 145 145 145 145 145 145 146 146 146 147 145 146 147 147
 147 147 147 147 149 152 157 159 158 157 156 156 160 154 151 152 153 150
 145 143 142 139 137 137 138 138 134 131 131 130 128 127 128 127 124 121
 122 123 122 124 125 125 127 125 124 124 123 121 121 122 123 123 125 123
 121 120 119 118 115 111 115 113 109 108 110 112 111 107 105 106 107 108
 107 106 106 107 104 101 101 104 106 104 102 101  98  97  97  95  93  91
  89  28]"
"[ 29  29 146 145 145 145 145 145 146 146 146 146 146 146 146 147 145 146
 147 147 146 146 146 147 146 146 146 146 146 146 147 147 146 145 145 146
 146 145 145 146 145 146 146 146 146 146 147 146 147 146 146 146 146 146
 145 145 146 145 145 147 147 146 146 148 146 146 146 146 146 146 146 146
 148 147 148 149 150 150 149 148 147 148 148 148 147 147 146 146 147 147
 147 147 147 147 147 147 146 146 147 147 147 147 147 146 146 145 145 146
 146 147 146 146 146 147 149 150 150 149 150 151 153 153 154 157 158 157
 157 159 157 156 154 153 152 149 146 143 139 138 137 137 138 137 135 132
 131 129 125 124 124 125 129 129 125 126 127 127 124 124 125 126 126 127
 127 126 124 124 124 124 121 122 122 122 122 121 118 115 113 111 108 108
 110 113 114 113 110 108 105 105 107 107 105 103 102 101 101 100  98  96
  94  30]"
"[ 29  29 146 145 146 146 145 146 147 147 146 146 146 146 146 146 146 146
 147 147 147 147 147 147 146 146 146 146 146 146 146 147 146 145 145 146
 146 146 146 146 146 146 146 145 146 147 147 147 148 148 147 147 147 147
 146 146 145 146 147 148 148 147 148 150 148 148 147 147 147 147 147 147
 148 148 148 149 150 151 150 150 149 150 151 151 150 149 148 148 148 148
 149 149 148 149 150 151 149 149 150 151 150 149 148 148 148 147 146 146
 147 148 147 146 147 148 148 148 147 147 147 147 145 146 149 151 150 150
 151 154 153 154 156 158 160 161 161 161 158 157 155 153 152 149 146 143
 147 146 141 139 136 132 132 130 129 130 132 133 131 128 128 129 123 123
 123 124 127 129 130 131 130 129 129 129 128 125 124 123 124 124 121 119
 120 121 119 116 114 113 110 107 108 108 107 103 103 103 102 101 101 100
  97  30]"
"[ 29  29 146 146 147 147 147 148 147 147 147 147 147 147 147 146 146 146
 146 147 147 146 146 146 146 146 146 146 146 147 147 147 146 146 146 147
 147 147 147 147 147 148 147 146 146 147 148 148 149 149 149 148 148 148
 147 146 147 147 148 149 149 150 151 152 151 150 149 149 148 148 148 149
 148 148 148 147 148 150 150 150 149 151 152 152 151 150 150 150 150 150
 150 150 150 150 151 152 152 152 153 153 152 151 150 150 150 149 149 149
 150 150 150 149 151 151 151 151 151 150 149 148 149 148 148 148 149 148
 147 147 149 149 150 150 150 150 149 149 153 155 156 158 160 161 161 160
 158 160 158 159 157 153 152 148 145 142 141 144 145 142 139 138 134 132
 130 129 130 130 130 129 130 128 127 128 129 129 129 130 128 132 134 132
 130 130 130 127 130 128 125 122 120 118 115 113 109 109 106 105 104 104
 101  29]"
"[ 29  29 146 146 147 147 147 148 146 147 147 147 148 147 147 147 146 146
 146 146 147 147 147 147 146 146 146 146 146 147 147 147 147 147 147 148
 148 148 148 149 147 147 147 146 146 148 149 149 148 149 149 148 147 148
 147 147 148 148 148 149 151 152 152 152 152 151 151 150 150 150 150 151
 150 149 148 146 147 149 150 150 149 151 153 153 152 151 150 150 150 150
 150 150 150 150 151 152 153 153 153 152 152 151 150 150 151 151 151 151
 151 151 151 151 151 151 152 152 152 152 150 149 148 147 146 147 149 150
 149 148 149 148 149 150 151 152 152 152 152 153 154 155 155 155 154 154
 158 160 159 161 161 160 162 161 167 162 159 159 157 154 150 149 146 147
 146 144 140 138 138 140 140 136 134 135 137 135 132 131 132 135 136 132
 129 131 133 133 137 135 135 137 134 130 128 129 122 122 119 117 115 113
 108  28]"
"[ 29  30 147 147 148 147 147 148 147 148 148 148 148 148 148 148 146 146
 146 147 147 148 149 149 146 146 146 146 146 146 147 147 147 147 148 149
 150 150 150 150 146 147 146 146 146 148 149 149 148 149 149 148 147 148
 148 148 149 149 149 149 151 153 153 152 151 151 151 151 151 152 152 152
 151 151 150 147 148 150 151 151 149 151 152 153 152 152 151 151 151 151
 151 151 151 151 151 152 153 153 152 151 151 151 151 151 151 152 152 152
 151 151 150 151 151 151 151 152 153 153 153 153 152 153 153 153 153 154
 155 155 153 151 150 151 151 152 151 150 151 152 153 153 153 153 153 153
 153 154 153 154 154 153 155 155 157 157 157 159 160 161 163 166 164 163
 161 159 156 152 151 151 151 148 145 146 148 150 149 147 143 142 139 136
 136 138 138 136 137 135 136 139 137 131 128 130 130 132 129 127 124 121
 114  29]"
"[ 29  30 147 148 149 149 149 149 150 150 151 150 148 148 149 150 148 148
 147 147 147 148 149 149 147 147 147 147 147 147 148 148 148 148 149 150
 151 151 151 151 147 147 147 147 147 148 148 148 149 151 150 148 147 148
 149 148 149 150 150 150 150 152 152 152 152 152 152 153 153 153 153 153
 152 152 152 150 150 152 152 152 150 151 152 153 153 153 152 152 151 152
 152 152 152 152 152 152 154 154 153 152 152 152 152 152 152 152 153 153
 153 152 151 150 152 152 153 153 154 154 155 155 154 155 156 155 154 154
 155 155 154 154 153 154 155 155 155 155 156 156 157 156 155 156 156 155
 152 154 154 155 155 154 155 155 155 155 155 155 154 155 157 159 160 158
 159 163 167 168 169 170 169 166 162 159 157 158 157 157 156 154 153 153
 155 156 154 151 149 146 145 146 143 136 131 130 135 137 133 131 126 124
 117  29]"
"[ 28  30 148 149 151 151 151 152 152 153 152 150 149 148 150 152 150 149
 147 146 147 147 148 148 148 148 148 148 148 148 149 149 148 148 149 151
 151 151 151 152 149 149 149 148 147 148 148 147 149 151 150 147 146 147
 148 147 149 151 151 150 149 151 152 152 154 154 154 154 154 153 153 152
 151 153 153 151 151 153 153 152 151 151 152 153 153 154 153 153 151 152
 153 153 153 153 153 153 154 154 153 153 153 152 153 153 154 153 153 154
 155 154 152 150 151 152 153 154 154 153 153 153 154 154 154 154 155 157
 157 156 154 154 154 155 154 154 154 153 155 155 156 155 156 157 157 157
 159 160 157 157 156 155 157 157 154 154 153 153 155 158 158 157 158 157
 158 159 159 158 160 163 162 165 168 168 168 170 171 171 168 165 163 162
 162 161 159 157 157 155 153 154 155 153 149 146 142 143 136 131 125 123
 118  29]"
"[ 30  28 150 148 151 151 151 151 152 152 152 151 151 151 151 151 152 151
 149 149 149 150 149 149 150 150 150 151 150 149 148 148 149 150 151 152
 152 152 152 153 152 151 149 149 149 150 150 150 150 150 150 150 150 150
 150 150 150 150 150 150 150 151 151 152 152 152 153 153 152 152 152 152
 153 153 153 152 153 154 154 153 153 153 152 152 152 154 154 153 154 154
 154 154 154 154 154 154 153 154 153 153 153 154 154 154 154 154 154 154
 154 154 154 154 155 154 154 154 154 154 154 154 153 154 155 156 155 154
 155 156 154 154 154 155 155 155 154 154 158 157 157 158 159 159 158 157
 159 159 160 160 159 159 158 158 159 158 158 158 158 158 159 160 157 158
 159 159 159 159 160 160 161 161 161 161 161 162 163 163 165 166 167 169
 170 172 172 171 174 171 166 162 161 161 159 157 154 152 151 143 144 138
 135  31]"
"[ 30  28 151 149 152 152 152 152 152 152 151 151 152 152 152 152 152 152
 151 151 152 152 152 152 152 152 152 152 151 151 151 151 150 151 151 152
 151 151 152 152 152 151 151 151 151 152 152 152 152 152 151 151 151 150
 151 151 151 151 151 150 150 151 151 151 152 153 154 154 153 153 153 153
 153 153 152 153 154 155 155 154 153 154 153 153 153 154 154 153 154 154
 154 154 154 154 154 155 154 155 155 154 154 155 155 154 154 154 154 154
 154 154 154 153 154 154 154 154 154 154 154 154 154 155 156 157 157 156
 156 157 155 155 155 155 155 155 155 155 158 158 157 158 158 159 158 158
 158 159 160 161 161 161 161 160 161 161 160 161 161 161 161 162 161 161
 162 162 162 162 162 163 161 161 161 161 161 162 162 162 162 162 162 163
 164 165 165 164 167 169 172 172 171 170 169 168 171 172 174 166 162 162
 155  28]"
"[ 29  28 151 150 153 152 152 152 152 152 151 152 152 153 152 152 152 152
 152 153 153 154 154 154 154 154 153 153 152 153 153 153 153 153 152 152
 151 151 152 152 152 152 152 152 153 153 153 153 154 153 153 153 152 152
 152 152 152 152 151 151 151 151 151 151 152 153 154 154 154 154 154 154
 154 153 153 153 155 155 155 154 154 155 155 154 154 154 154 154 155 155
 154 154 154 154 155 155 154 154 155 154 154 154 154 154 154 154 154 154
 154 154 154 154 154 154 154 154 154 154 154 154 154 155 157 158 158 157
 156 157 157 157 157 156 156 156 156 156 158 157 157 157 157 158 158 158
 157 158 159 161 162 162 162 161 162 161 161 162 162 162 162 163 161 161
 161 161 161 161 162 162 162 163 163 163 163 163 163 163 162 162 162 161
 162 162 162 162 161 162 162 164 166 166 165 163 169 171 176 174 172 178
 175  31]"
"[ 29  28 151 150 153 152 153 153 153 152 152 152 153 153 152 151 152 153
 154 154 154 154 154 154 154 154 154 153 153 153 154 154 155 154 154 153
 152 152 153 154 152 152 152 153 153 154 154 154 155 154 154 154 154 154
 153 153 153 153 152 152 152 152 153 153 153 153 153 153 154 154 154 154
 154 154 153 154 155 155 154 154 154 155 156 156 155 155 155 155 156 156
 156 156 155 155 154 154 154 155 155 154 154 154 154 153 154 154 154 154
 154 154 154 155 154 155 155 154 154 154 154 155 155 155 157 158 158 157
 157 158 159 159 158 157 157 157 157 157 157 157 157 157 157 157 158 158
 158 158 159 161 162 162 162 161 161 161 161 162 162 162 162 162 163 163
 163 163 163 164 164 165 165 165 165 165 165 165 165 166 165 166 166 165
 165 166 166 165 167 165 163 162 163 164 163 161 161 160 161 164 164 167
 169  26]"
"[ 29  28 151 149 152 152 153 154 154 153 152 152 153 153 152 151 152 153
 155 155 155 154 154 154 154 154 154 154 154 154 154 154 154 154 155 154
 154 154 154 154 153 153 153 153 154 154 154 154 155 155 155 155 156 156
 155 154 154 154 154 154 154 154 154 154 154 153 153 154 154 154 154 154
 154 153 153 154 154 154 154 154 155 156 157 157 156 157 157 157 156 157
 157 157 157 156 155 154 156 156 156 155 155 156 156 156 156 155 154 153
 153 154 154 155 154 155 155 155 155 155 155 156 157 157 157 158 158 158
 158 159 160 160 160 159 158 158 158 159 158 158 158 158 159 159 159 159
 161 160 160 161 162 162 162 162 162 162 162 163 164 164 163 163 164 163
 163 164 164 165 166 167 166 166 166 166 166 166 167 168 167 168 168 168
 168 168 168 167 164 166 168 167 165 164 163 163 167 166 163 166 166 163
 165  30]"
"[ 29  28 151 149 152 152 153 154 154 154 153 153 153 153 152 151 152 153
 154 154 154 154 154 154 154 154 154 155 155 154 154 154 153 154 154 154
 154 154 154 154 154 154 154 154 154 154 155 155 155 155 155 156 157 157
 156 155 154 154 154 154 154 154 154 154 155 154 154 154 155 155 156 156
 153 152 153 154 154 153 153 155 156 157 157 157 158 158 158 158 156 157
 158 158 158 157 156 155 158 158 157 157 157 157 158 158 158 157 156 154
 154 154 155 155 155 156 156 156 156 156 157 158 158 157 157 158 158 158
 158 159 159 160 160 159 158 158 158 159 159 159 159 159 159 159 159 159
 162 162 161 161 161 162 162 162 163 162 162 163 164 164 163 163 162 162
 162 163 164 165 165 165 165 166 166 165 165 166 167 169 168 169 170 169
 169 169 168 168 167 169 170 170 169 169 168 167 163 168 165 166 167 165
 165  30]"
"[ 29  29 152 150 152 152 153 154 154 154 154 154 154 153 153 152 153 153
 154 154 154 154 154 154 154 154 154 155 155 154 154 154 153 153 154 154
 154 154 154 154 154 154 154 154 154 155 156 157 156 155 156 156 157 157
 156 154 154 154 154 154 154 154 154 154 155 154 154 155 156 157 157 157
 155 154 155 155 154 152 154 156 157 158 158 158 158 159 159 159 157 158
 158 158 158 158 157 157 157 158 158 157 158 158 159 158 159 158 158 157
 157 157 157 157 157 158 158 158 157 157 158 159 158 158 158 159 159 159
 158 159 158 159 160 160 159 158 158 159 160 160 160 160 159 159 159 160
 162 162 162 162 162 162 162 163 163 162 162 163 164 164 163 163 164 164
 164 165 166 166 166 166 166 166 167 166 166 166 168 169 169 170 170 169
 169 169 169 169 170 169 167 167 168 169 168 166 167 170 170 168 168 170
 167  28]"
"[ 29  29 152 151 153 152 153 154 153 154 154 154 154 154 154 154 155 155
 155 155 155 154 154 154 154 154 154 154 154 154 154 153 153 154 154 154
 154 154 154 154 153 154 154 154 154 155 156 157 156 156 156 157 158 157
 155 154 154 154 155 155 155 156 156 156 154 154 154 154 156 157 158 158
 158 157 157 157 155 152 154 157 159 159 158 158 159 159 159 158 159 159
 159 158 158 157 157 157 157 158 158 158 159 159 159 159 159 159 159 159
 159 159 159 159 159 160 160 159 158 157 158 158 159 159 159 160 161 160
 159 159 159 160 161 161 160 160 160 160 161 161 161 160 159 159 160 161
 162 163 163 163 163 163 164 164 165 164 163 164 165 165 164 164 165 164
 164 165 166 166 166 165 167 167 168 168 167 167 168 169 168 169 169 168
 168 169 169 170 168 170 171 171 169 169 169 169 171 168 169 169 168 173
 171  29]"
"[ 29  28 154 153 154 153 154 154 156 156 155 155 155 154 153 153 154 154
 154 154 154 154 155 156 155 155 154 154 154 154 154 154 154 154 154 153
 154 155 154 154 154 154 154 154 155 155 156 157 158 158 157 157 157 156
 154 153 154 154 155 156 155 155 157 159 156 155 154 155 156 158 159 159
 160 160 159 158 155 153 155 157 158 159 158 158 158 160 161 161 160 160
 159 159 159 159 158 158 158 158 159 160 160 160 159 158 158 159 159 160
 160 160 161 161 161 161 161 160 158 157 158 159 160 160 160 160 161 161
 160 160 160 160 160 160 161 161 161 161 161 161 161 160 159 160 160 160
 162 162 162 163 163 164 165 165 164 164 164 164 163 162 162 163 163 164
 165 165 165 165 165 166 167 167 167 167 168 169 169 169 169 168 168 168
 168 168 169 171 169 169 169 169 168 168 168 169 170 168 168 169 171 169
 171  28]"
"[ 29  29 155 154 155 154 155 155 155 156 156 155 155 154 154 154 153 154
 154 154 154 155 156 157 157 156 156 156 155 155 154 154 154 154 154 154
 154 155 155 154 154 154 155 156 157 157 158 158 157 157 157 157 157 156
 155 154 154 154 154 155 156 156 157 158 157 156 156 156 158 159 159 159
 160 161 161 160 157 155 156 158 159 160 160 159 159 160 161 161 161 160
 160 159 159 160 160 159 160 160 160 160 160 160 160 160 160 160 161 161
 161 161 161 162 162 162 162 161 160 160 160 161 161 161 161 161 162 162
 161 161 161 162 162 162 162 162 162 162 161 162 162 160 160 160 161 161
 161 161 162 162 163 163 162 162 163 162 162 162 162 161 162 163 164 164
 165 165 165 165 166 167 167 168 168 168 168 168 169 169 170 170 170 170
 171 171 172 173 172 172 171 171 170 170 171 171 172 170 169 171 173 171
 173  29]"
"[ 29  29 155 154 155 154 155 155 155 155 156 155 155 154 154 155 154 154
 154 154 155 156 157 158 158 158 158 158 157 157 156 156 155 155 154 154
 155 155 155 154 153 154 155 157 158 159 159 158 157 157 158 157 155 154
 155 155 155 155 155 156 157 157 157 158 158 158 158 159 160 161 160 160
 160 161 161 161 159 157 157 158 160 161 161 161 161 161 162 162 162 161
 160 160 160 161 161 161 161 161 160 160 160 160 160 161 161 162 162 162
 162 162 162 163 163 163 162 162 161 161 162 162 162 162 162 163 162 162
 162 162 161 162 163 162 162 162 162 163 163 163 163 162 161 162 162 162
 162 162 162 162 161 162 162 162 164 163 162 163 163 163 164 165 164 165
 165 166 166 166 166 167 167 168 168 167 167 168 169 170 170 169 170 171
 172 172 173 173 173 172 171 171 171 172 172 172 172 171 170 171 173 172
 173  30]"
"[ 29  29 155 154 154 154 155 155 155 156 156 156 155 154 154 155 155 156
 156 155 155 156 157 157 158 158 159 159 159 159 158 157 156 156 156 156
 156 157 157 156 154 154 155 156 158 159 159 158 158 158 157 156 155 154
 154 155 156 156 156 157 158 158 158 159 159 159 159 159 160 160 160 159
 159 160 161 161 159 157 157 158 160 162 163 162 161 162 162 162 162 162
 161 161 162 162 162 162 162 161 161 160 160 160 161 161 162 162 163 163
 163 163 163 164 165 164 163 163 163 163 162 162 163 163 164 164 163 162
 162 162 161 162 163 163 163 163 164 165 165 165 165 164 164 164 165 165
 166 165 163 162 162 162 164 165 166 165 164 165 165 166 166 166 165 166
 166 166 166 167 167 167 167 168 168 167 167 168 169 171 170 169 169 171
 172 172 172 172 173 172 171 171 172 172 172 171 171 170 170 171 173 172
 173  29]"
"[ 29  29 155 154 155 154 155 155 154 155 156 156 155 154 155 156 156 156
 157 157 156 156 157 157 158 159 159 160 160 159 159 158 158 159 159 158
 159 160 159 159 156 156 156 157 158 159 159 159 159 158 156 155 155 155
 155 155 156 157 158 158 158 157 158 159 159 158 158 158 159 159 159 159
 161 161 161 161 160 159 159 160 160 162 163 162 162 162 162 162 162 161
 161 162 163 163 163 162 162 162 162 162 162 162 162 162 162 162 163 164
 164 164 165 165 166 165 164 164 164 165 164 164 164 165 165 165 165 164
 164 164 163 164 165 165 165 165 165 166 166 166 166 165 165 166 167 166
 167 166 165 165 165 165 166 167 167 166 165 166 166 166 166 166 166 166
 166 167 167 168 168 168 168 169 169 169 168 169 171 172 171 170 170 171
 172 172 172 172 173 172 171 171 172 173 173 172 172 171 171 172 174 172
 173  29]"
"[ 29  29 155 154 154 154 155 155 153 154 154 154 154 154 155 155 155 156
 157 157 157 157 157 158 159 159 159 160 160 159 159 158 159 159 159 159
 160 160 160 159 158 158 157 158 159 160 160 160 159 158 156 155 156 157
 157 157 158 159 159 159 158 157 158 160 160 159 159 159 159 160 161 161
 161 161 161 161 161 161 161 162 161 162 163 162 162 162 162 162 162 161
 162 162 163 163 162 162 162 162 162 162 162 162 162 162 162 163 164 164
 165 165 166 167 166 165 164 165 165 165 165 165 165 165 166 166 166 165
 165 165 164 165 166 166 165 165 165 166 166 166 166 165 165 167 167 167
 166 167 167 168 168 168 167 167 167 166 166 167 167 166 166 166 166 166
 167 168 169 170 170 170 171 171 171 171 170 170 171 172 172 171 171 172
 172 172 172 173 174 173 172 172 173 174 173 173 172 173 172 172 174 173
 174  29]"
"[ 29  28 154 154 154 153 155 154 154 154 154 154 154 154 154 154 154 155
 157 158 159 158 158 158 159 159 159 160 160 160 160 159 159 159 159 159
 160 161 160 159 159 159 159 159 160 160 161 161 159 158 158 157 157 158
 158 159 160 160 159 159 158 158 158 160 160 160 160 160 160 161 162 162
 161 161 160 161 161 161 162 162 162 163 163 162 162 162 162 162 162 162
 162 162 162 163 162 162 162 162 162 162 162 162 162 162 162 163 164 164
 165 165 166 167 166 165 165 165 165 165 165 165 165 166 166 167 167 167
 166 165 164 165 165 166 165 165 165 165 167 166 166 165 166 168 168 168
 167 168 168 169 169 168 168 167 168 167 168 168 168 168 168 169 168 168
 169 169 171 171 172 171 172 172 172 172 171 172 172 172 172 171 171 172
 172 172 173 174 174 173 173 173 174 174 174 174 173 174 173 173 175 174
 174  29]"
"[ 29  29 155 154 155 154 155 155 157 157 156 155 155 154 154 154 153 155
 157 159 159 159 158 158 158 158 159 159 160 160 161 161 160 160 160 160
 161 162 161 161 159 159 159 159 160 160 161 161 160 160 159 158 157 157
 158 159 161 159 158 158 158 158 158 158 159 159 159 160 160 161 162 162
 161 161 161 162 162 162 162 162 163 163 163 162 162 162 162 162 163 162
 162 162 162 162 162 162 162 162 162 162 162 162 163 163 162 162 163 164
 164 165 165 166 167 167 166 166 166 166 165 165 167 167 167 168 168 168
 168 167 165 165 166 166 166 166 166 166 167 167 166 166 167 168 169 169
 170 169 168 168 167 168 169 169 169 169 169 169 169 169 170 172 171 171
 170 171 172 172 172 171 171 171 171 171 172 172 172 172 172 172 172 172
 172 173 174 176 174 174 174 174 175 175 175 175 174 175 175 174 176 175
 175  29]"
"[ 29  29 154 154 155 154 155 154 157 157 157 155 154 154 154 153 154 155
 157 157 157 157 157 157 157 157 158 159 160 161 161 161 159 159 159 159
 159 160 161 162 161 160 160 160 160 161 161 161 159 159 159 159 160 160
 161 161 162 161 159 158 158 159 159 159 160 160 160 160 161 162 162 162
 162 162 162 162 162 162 162 162 162 161 162 162 161 162 164 165 161 164
 161 162 162 161 163 162 162 162 162 163 164 164 163 161 164 163 162 162
 163 164 165 166 167 168 168 167 166 167 167 166 169 168 167 167 167 168
 168 168 166 166 166 165 166 166 166 167 167 167 167 167 167 168 168 168
 168 168 168 168 168 169 169 170 170 171 172 172 171 171 172 173 172 172
 171 170 170 171 172 173 172 173 174 174 173 173 173 173 173 173 173 174
 175 176 175 174 174 175 175 176 175 176 176 176 176 175 177 177 178 180
 179  28]"
"[ 29  29 154 154 155 154 154 153 156 157 157 156 155 155 155 154 154 154
 154 154 155 156 157 158 157 157 158 159 159 160 160 160 159 160 160 159
 159 160 161 162 161 160 160 160 161 161 161 161 160 160 160 160 160 161
 162 162 162 161 161 161 161 161 161 162 162 161 161 162 162 163 162 162
 162 162 162 163 163 163 163 163 164 163 163 163 164 166 167 164 162 163
 161 165 165 160 162 164 163 163 162 161 162 165 165 163 160 163 165 165
 165 164 164 164 167 168 167 166 166 167 167 167 165 166 167 168 168 168
 167 167 166 167 168 167 167 166 167 168 167 168 168 168 168 169 170 170
 169 169 169 170 170 169 169 169 171 171 172 172 172 172 172 173 173 173
 172 172 172 172 173 173 173 173 174 174 174 174 174 174 174 174 174 174
 175 176 176 175 175 176 177 177 178 178 178 179 179 178 179 178 178 179
 178  28]"
"[ 29  29 154 154 156 155 155 154 156 156 156 155 155 155 155 154 155 154
 153 153 154 155 157 158 158 158 158 159 159 159 159 159 160 160 160 159
 159 160 161 162 161 160 160 160 161 162 162 161 160 160 160 160 161 161
 162 162 161 162 162 162 162 162 162 162 162 162 162 162 162 162 162 161
 162 162 162 163 164 164 164 164 165 164 164 162 160 163 165 164 162 161
 160 164 165 162 161 160 161 162 162 162 164 166 163 159 162 163 164 163
 162 162 162 162 164 166 167 168 168 169 168 167 168 167 166 167 168 168
 167 166 167 168 169 169 167 167 167 168 168 169 170 170 170 170 171 172
 171 171 170 170 169 169 169 169 170 171 171 171 171 171 171 172 173 173
 173 173 172 172 173 173 174 174 175 175 175 175 175 175 175 175 174 175
 175 176 177 177 176 177 178 179 179 179 180 180 180 180 180 179 179 180
 179  29]"
"[ 29  29 154 155 157 157 158 156 157 157 156 155 155 155 155 154 154 154
 154 155 156 157 157 157 159 159 159 160 160 160 160 160 161 161 160 160
 159 160 161 161 162 161 160 161 162 162 162 161 161 161 161 161 161 161
 161 162 162 162 162 162 162 162 162 162 163 163 162 162 162 163 162 162
 162 162 162 163 164 165 164 163 164 163 163 163 162 165 166 165 164 163
 161 160 163 168 168 163 157 158 159 162 165 166 165 163 163 163 163 162
 162 163 162 161 165 166 167 168 168 168 168 167 168 167 167 167 167 167
 167 167 168 168 169 169 168 168 169 169 169 171 171 171 170 171 172 172
 173 172 169 168 167 168 170 171 170 170 171 171 170 170 171 171 173 173
 174 174 173 172 172 172 174 175 175 176 176 176 176 176 176 176 175 175
 175 176 177 178 178 179 180 180 180 179 179 179 180 179 181 180 180 180
 179  29]"
"[ 29  29 155 156 157 157 158 157 159 158 157 155 156 157 157 157 155 155
 156 157 158 159 158 157 159 159 159 160 160 160 161 161 161 161 161 161
 160 160 161 161 162 161 161 161 162 162 162 161 162 162 162 162 162 162
 162 162 162 162 162 162 162 163 163 163 163 163 162 162 162 163 163 163
 163 163 163 164 164 164 164 163 165 161 161 163 164 165 164 162 159 163
 170 170 164 154 140 126 116 114 114 117 122 131 145 156 158 161 164 165
 164 162 161 162 165 165 166 167 166 166 167 169 164 166 169 169 167 165
 166 168 168 168 168 169 169 170 170 170 170 171 172 171 171 171 171 172
 173 171 170 168 168 169 171 172 172 172 172 172 172 172 172 173 173 174
 175 175 174 173 173 173 174 174 175 175 176 176 176 176 176 176 175 175
 176 177 178 179 179 180 180 181 180 179 179 179 179 179 181 182 182 182
 180  29]"
"[ 29  29 155 155 156 156 157 157 158 157 156 154 155 157 158 158 157 157
 157 158 158 159 159 159 158 158 159 159 160 160 160 160 161 162 162 162
 161 161 161 161 162 162 161 162 162 161 161 160 162 162 162 162 162 162
 162 162 162 161 161 162 163 163 163 163 162 162 161 161 162 162 162 162
 162 162 163 163 162 162 162 162 164 162 162 163 162 163 167 169 170 166
 169 164 145 124 108 100  96 100 106 112 114 117 125 133 141 142 144 148
 150 152 157 162 163 167 171 173 170 167 166 167 169 168 167 166 167 167
 166 165 167 167 168 168 169 169 169 169 171 172 172 171 171 171 171 171
 171 171 171 171 171 171 172 172 173 173 173 173 173 173 173 173 173 174
 175 175 174 173 173 173 174 174 174 175 175 175 175 175 176 175 175 176
 177 177 178 178 179 179 180 180 179 179 180 180 181 180 182 183 184 184
 181  29]"
"[ 29  29 155 154 155 155 157 157 157 156 155 154 155 157 158 158 158 159
 159 159 159 159 159 159 158 158 159 159 159 160 160 160 161 162 162 163
 162 161 161 161 162 162 162 162 161 160 160 160 161 161 162 162 162 162
 162 162 162 161 161 162 164 164 163 162 162 162 162 163 163 163 162 161
 162 162 163 162 161 161 161 162 161 162 164 164 163 167 168 166 157 139
 128 117 105 103 109 117 109 110 111 115 122 129 134 135 124 114 108 111
 117 122 127 132 135 141 150 157 159 161 166 172 166 165 165 166 167 167
 166 164 166 168 170 170 169 167 167 168 171 171 172 171 171 171 171 171
 171 171 172 172 172 172 172 172 172 172 172 172 172 172 172 172 172 173
 174 174 173 173 173 173 175 175 175 175 176 176 175 175 175 175 176 177
 178 179 179 178 178 178 179 179 179 179 180 181 181 181 182 183 184 184
 181  29]"
"[ 28  29 155 154 154 155 158 159 158 157 155 154 155 157 158 157 159 160
 161 161 161 160 159 159 159 159 159 159 160 160 160 160 161 162 163 163
 163 162 161 161 162 162 163 162 161 160 159 159 161 161 162 162 163 163
 163 163 164 163 163 164 166 166 164 162 163 164 164 165 165 165 163 162
 163 164 164 164 162 162 163 164 164 164 164 163 165 165 151 132 109  98
  99 101 104 114 120 124 126 124 122 125 135 140 131 118  83  68  60  74
  95 110 117 120 121 123 125 124 122 124 133 142 148 157 167 171 169 165
 165 166 166 170 173 173 170 168 167 168 170 171 171 171 171 172 172 171
 171 171 171 171 171 172 172 172 172 172 172 172 172 172 172 172 173 174
 175 175 174 173 174 175 176 176 176 176 177 177 176 176 175 175 176 178
 179 180 179 178 179 179 179 179 179 180 181 182 181 180 181 182 184 184
 181  29]"
"[ 30  28 155 154 156 157 157 158 157 156 155 154 153 153 155 158 160 161
 161 162 161 161 160 160 159 159 159 159 159 159 159 158 161 161 161 162
 162 161 160 159 162 162 162 162 161 161 162 163 162 161 161 161 161 162
 164 164 165 164 164 164 164 164 163 162 165 165 166 166 165 164 162 161
 163 166 166 164 163 162 163 166 165 163 165 168 166 145 114  97  97  96
  95 101 106 109 118 124 126 129 131 133 132 120  94  69  48  41  40  51
  69  89 101 103 107 113 120 122 118 125 140 142 150 155 157 147 118 110
 129 155 170 177 164 148 138 127 134 163 176 175 171 172 173 171 172 169
 171 171 172 172 172 171 172 173 172 172 171 172 172 172 172 172 173 173
 174 174 173 173 174 174 176 177 178 179 179 179 179 178 178 176 176 177
 179 179 179 179 179 179 179 179 180 181 181 181 180 180 181 184 183 182
 182  29]"
"[ 29  28 156 156 158 159 158 159 158 157 156 154 153 153 155 158 159 161
 162 162 161 160 160 160 160 160 160 160 160 160 160 159 160 160 161 162
 162 161 160 160 162 162 162 162 162 162 162 163 162 162 162 162 162 163
 163 163 165 164 164 164 164 164 163 162 165 165 166 166 166 165 163 163
 167 165 162 163 165 165 163 164 164 166 168 161 142 110  83  77  85  89
  91  98 105 113 124 129 136 132 121 107  93  78  59  44  40  33  28  35
  50  66  78  84  85  91  98 103 103 108 118 116 104 101  98  96  80  72
  80  97 132 129 106  91  89  97 105 124 165 176 172 171 172 171 173 171
 171 171 171 172 172 171 171 172 173 173 173 173 173 173 173 173 174 174
 175 175 174 174 174 175 174 176 177 178 178 178 178 177 176 176 176 177
 178 178 178 179 179 179 179 179 180 181 181 181 182 182 184 186 185 184
 183  29]"
"[ 29  29 158 158 159 160 159 159 159 158 157 156 155 155 157 159 159 160
 162 161 160 159 159 160 160 160 160 160 161 161 161 160 160 160 161 162
 162 161 161 161 162 162 161 161 161 162 162 162 162 162 162 163 163 162
 162 162 164 164 164 164 164 164 164 164 165 165 165 166 165 165 164 164
 164 162 161 163 165 164 163 163 161 161 151 124  98  81  74  79  85  94
 100 106 110 114 117 114 110 108 103  94  82  67  53  43  32  30  29  32
  39  44  52  61  69  72  78  84  87  92  96  92  82  80  72  66  53  48
  52  65  89  90  74  71  73  86  88  87 145 174 171 172 171 171 172 171
 172 171 171 171 172 171 171 172 172 173 173 174 174 174 174 174 174 175
 175 175 175 175 175 175 175 176 177 177 178 178 177 177 175 175 176 178
 178 178 179 180 180 179 179 180 181 181 181 181 182 183 184 186 185 185
 183  29]"
"[ 29  29 158 158 159 160 159 159 159 158 157 157 157 157 159 160 160 160
 161 161 161 160 160 160 160 160 160 160 161 161 161 161 160 160 161 162
 162 161 161 162 162 162 161 161 162 162 162 161 162 162 162 162 162 162
 162 161 163 163 164 165 165 165 165 166 166 166 166 165 165 165 165 164
 163 164 165 165 163 164 165 166 157 143 119  91  80  83  89  94  99 101
  97  92  88  85  85  81  83  77  70  64  58  48  38  32  26  27  32  35
  32  30  34  38  40  44  49  58  65  74  81  79  81  81  70  56  42  37
  37  45  68  71  55  54  53  65  82  79 129 171 171 173 172 172 172 171
 172 171 171 172 172 171 171 171 171 172 173 173 173 173 173 173 174 174
 175 175 175 175 176 176 176 177 177 177 177 177 177 177 175 175 177 178
 179 179 180 180 180 180 181 181 181 182 182 182 182 182 184 185 185 185
 183  28]"
"[ 29  28 157 157 158 158 158 159 158 157 157 157 157 157 158 159 160 160
 160 160 160 160 159 159 160 160 161 161 161 161 161 161 160 160 161 162
 162 162 162 163 163 162 162 162 162 163 162 162 163 163 162 162 162 162
 162 163 163 164 165 165 165 165 166 166 166 165 165 165 165 165 165 165
 165 165 165 163 162 165 164 159 138 119 105 102 108 111 107 105  89  84
  74  67  61  57  57  56  52  42  33  29  29  28  27  27  27  28  37  39
  27  24  28  25  32  34  34  36  37  40  46  46  43  43  37  37  37  38
  36  40  61  58  40  38  40  45  78  80 129 171 171 173 172 172 172 172
 172 172 172 172 172 171 171 172 171 172 172 173 173 173 173 173 174 174
 175 175 176 177 177 176 177 177 177 176 176 176 177 177 176 175 176 178
 180 180 180 179 180 180 181 181 182 182 182 182 182 183 184 185 185 186
 184  29]"
"[ 29  28 156 155 156 157 157 159 158 158 158 158 157 156 157 158 160 159
 159 159 160 160 159 158 160 161 161 161 161 161 161 161 161 161 161 162
 162 162 162 162 162 162 162 162 162 162 162 162 164 163 162 162 162 163
 164 165 164 165 165 166 165 165 165 165 165 165 165 165 165 165 166 166
 165 162 164 166 165 164 154 140 123 117 117 116 110 101  86  76  65  61
  55  55  51  44  41  39  33  29  25  25  25  23  24  25  27  37  51  47
  27  22  27  25  25  28  27  27  26  25  30  31  29  30  30  36  36  36
  37  46  58  50  35  38  47  48  81  91 144 173 170 171 170 171 172 172
 172 172 172 173 172 171 172 173 172 172 172 173 174 174 174 174 174 174
 175 176 177 177 177 177 178 178 177 176 176 177 178 178 177 176 176 178
 180 180 179 179 179 180 181 181 181 181 182 182 183 184 185 186 185 187
 185  30]"
"[ 29  28 156 155 155 156 157 159 159 159 159 158 156 156 157 159 159 160
 160 160 160 160 160 160 160 161 161 161 161 161 161 161 161 161 161 162
 162 162 162 162 161 161 161 161 161 161 162 162 163 163 162 162 162 164
 165 166 165 165 165 165 165 165 165 164 165 165 165 165 165 166 166 166
 165 164 167 166 155 142 129 116 108 111 113 100  85  77  68  59  55  50
  43  41  37  29  27  25  26  25  24  25  25  26  28  32  31  49  58  45
  26  21  24  24  23  26  25  25  25  23  26  28  25  28  31  36  33  39
  48  57  62  47  36  39  54  63  95 124 162 173 169 169 170 170 172 171
 171 172 173 173 172 171 172 173 173 172 172 172 174 175 175 175 174 174
 175 176 177 177 177 176 177 178 178 177 178 179 179 179 177 177 177 178
 179 179 179 179 179 180 181 182 182 182 182 182 184 185 186 186 186 187
 184  29]"
"[ 30  29 157 155 155 156 157 159 159 158 158 157 155 155 157 160 159 161
 162 162 161 160 161 162 162 162 163 162 162 161 161 162 161 161 160 161
 162 162 161 161 160 161 162 162 161 161 162 162 162 162 161 161 162 163
 165 166 165 165 165 165 165 165 165 164 165 165 165 165 165 165 165 165
 166 164 166 155 127 105  97  95  93  86  80  68  57  55  52  47  42  39
  33  31  28  23  23  23  24  23  23  25  27  30  34  38  44  59  55  35
  25  24  23  23  24  27  25  26  27  25  27  27  29  31  34  41  49  69
  78  77  61  52  57  63  77  89 111 153 174 173 169 170 172 171 173 170
 171 172 173 173 172 171 172 174 174 172 171 172 174 176 175 175 174 174
 174 175 176 176 176 175 175 176 177 177 178 179 179 179 178 178 178 179
 179 179 179 180 179 180 182 182 183 183 183 183 184 186 187 187 187 187
 184  28]"
"[ 30  28 157 157 157 158 159 158 157 157 157 157 157 156 157 158 160 161
 162 162 162 162 162 161 162 161 161 161 161 161 162 162 162 161 161 161
 162 162 162 161 161 161 161 161 161 161 161 161 161 162 162 163 163 163
 164 164 165 165 166 166 165 164 164 165 165 166 165 164 165 165 164 166
 162 171 155 115  89  84  81  77  73  68  59  49  45  46  43  38  33  30
  23  25  25  21  24  23  24  27  30  30  38  42  41  50  53  49  40  30
  25  24  23  25  26  28  28  29  30  30  31  34  33  33  39  51  71  94
  95  79  68  64  79  94  98 119 153 170 173 172 171 170 171 172 172 170
 170 172 173 173 172 172 173 174 174 173 172 172 174 175 175 175 176 176
 175 175 176 176 176 176 176 175 176 177 179 180 179 178 177 177 178 178
 179 179 179 179 181 180 181 182 183 184 183 183 186 187 187 187 187 188
 185  29]"
"[ 29  29 158 158 158 159 159 158 158 157 157 157 157 157 158 159 160 161
 162 162 162 162 162 161 162 161 161 161 161 161 162 162 161 162 162 162
 162 161 162 162 161 161 161 161 161 162 162 162 162 163 164 164 164 164
 164 165 165 165 165 166 165 164 164 165 164 166 166 166 166 166 165 166
 171 156 121  84  67  66  64  61  56  52  45  39  38  38  35  31  27  27
  24  25  25  25  27  28  30  36  43  45  45  46  49  55  52  45  38  40
  46  49  48  48  48  47  44  42  44  42  37  33  40  40  53  74  89  95
  88  73  70  81 102 122 139 159 174 177 171 171 170 169 170 171 171 170
 172 173 173 173 173 173 173 174 174 173 172 173 174 175 175 175 176 175
 175 175 176 176 176 176 176 176 176 177 178 178 178 177 177 177 178 178
 179 179 179 179 180 180 181 182 184 185 185 186 185 186 187 187 187 188
 185  29]"
"[ 29  29 159 159 159 160 159 158 158 157 157 158 158 158 159 161 159 160
 161 160 160 160 161 161 162 162 161 161 161 162 162 162 161 162 163 163
 161 161 162 163 161 161 161 161 162 162 162 163 164 164 165 165 165 164
 165 165 165 164 165 165 165 165 164 165 164 165 164 163 164 165 166 166
 158 126  83  57  52  50  45  42  40  37  34  32  31  31  28  25  25  24
  25  24  27  33  35  38  51  48  49  53  50  47  50  50  50  52  56  65
  78  86  83  80  81  87  88  82  77  73  72  73  73  75  86  93  87  78
  74  70  86 112 137 155 171 177 173 169 171 171 170 170 170 171 171 171
 172 173 173 173 172 172 173 174 174 173 173 173 175 175 175 175 175 175
 175 175 176 176 176 175 175 175 175 176 177 178 179 179 178 179 179 179
 180 180 180 179 180 181 181 182 183 185 186 187 185 186 187 188 187 188
 185  29]"
"[ 30  29 159 159 159 160 159 158 157 157 158 158 158 159 160 161 159 160
 160 159 158 159 160 160 162 162 162 162 162 162 162 162 160 162 163 163
 162 161 162 163 162 162 162 162 162 162 162 163 164 164 165 165 164 164
 164 165 165 164 164 165 165 165 165 165 165 164 163 163 165 165 161 154
 127  94  60  48  47  42  35  33  33  31  29  29  28  26  25  25  27  25
  29  33  41  51  53  58  56  57  52  50  48  48  54  52  55  55  54  57
  64  70  72  73  75  82  85  82  85  94 106 115 131 131 134 133 130 131
 134 133 148 163 172 175 178 174 170 173 171 172 171 171 170 171 172 172
 172 173 173 172 172 172 173 174 174 174 173 174 175 176 175 175 175 174
 174 175 175 176 176 176 175 174 174 175 176 178 179 179 180 180 180 180
 180 180 179 179 180 181 182 182 183 183 184 186 185 187 187 188 187 188
 185  29]"
"[ 30  29 159 159 158 159 159 158 158 158 159 160 160 160 160 161 161 161
 161 160 158 159 160 160 163 163 163 162 162 162 162 162 161 161 162 162
 162 162 163 163 162 162 162 162 162 163 163 163 164 165 165 165 165 164
 165 165 166 165 164 165 165 165 165 165 164 162 162 162 160 154 139 123
 100  73  49  42  40  35  30  30  29  28  27  26  25  24  26  29  31  30
  39  46  55  64  66  73  80  87  71  51  41  41  47  47  55  58  61  64
  65  63  63  67  72  81  86  85  89 106 130 149 172 174 175 173 172 175
 177 175 176 175 174 173 172 170 170 173 171 172 172 171 170 171 172 172
 173 173 173 173 173 174 175 175 174 174 174 174 175 176 175 175 174 173
 173 173 174 176 176 177 177 176 175 175 175 176 176 176 178 178 178 179
 179 179 179 179 180 181 182 183 182 182 183 184 187 187 187 188 187 188
 185  29]"
"[ 29  29 159 158 158 159 159 159 159 159 160 161 161 161 161 162 161 161
 161 159 158 159 159 160 162 162 162 162 162 162 162 162 162 162 162 162
 163 163 163 162 162 162 162 162 163 163 164 164 165 165 166 166 165 165
 165 166 166 165 165 165 165 165 164 165 163 164 163 155 141 130 116 100
  79  58  41  36  33  29  27  26  25  24  24  24  24  26  30  33  36  39
  47  56  64  73  79  84  95  84  58  41  39  39  46  57  70  88 101 102
 106 115 122 124 124 125 124 130 145 161 171 175 171 172 173 171 170 169
 171 173 170 170 171 172 173 175 174 170 172 173 173 172 171 172 172 173
 173 173 173 173 173 174 174 175 174 173 173 174 175 176 175 174 174 173
 173 173 174 175 176 177 176 176 175 175 175 175 176 176 177 178 178 178
 179 180 181 181 179 181 183 183 183 183 183 184 187 188 187 187 187 188
 185  29]"
"[ 29  29 159 159 158 159 160 159 160 160 160 161 161 161 161 162 160 161
 160 159 158 159 159 159 160 161 161 162 162 162 162 162 163 163 163 163
 163 163 162 162 162 162 162 163 163 164 165 165 164 165 166 166 166 165
 166 166 167 166 166 165 165 164 164 165 166 161 154 139 123 114 104  89
  65  49  38  35  31  27  24  23  22  23  23  25  27  31  35  38  39  47
  55  65  76  84  85  80  74  49  30  30  38  42  53  72  88 101 107 108
 123 148 165 169 171 173 172 173 176 176 174 174 178 173 167 167 171 172
 171 171 173 175 174 172 172 172 172 171 173 173 173 172 172 173 173 173
 173 173 173 173 173 173 173 173 173 173 173 174 175 176 175 174 175 174
 173 173 174 175 176 176 176 176 176 176 177 177 178 179 178 178 179 179
 180 180 181 182 180 181 182 183 183 183 183 184 186 187 187 187 187 188
 185  29]"
"[ 29  29 160 159 158 159 160 160 160 160 160 160 160 160 160 161 160 161
 160 159 159 160 160 160 159 160 161 162 162 163 163 163 164 165 165 164
 163 162 162 162 163 163 163 163 164 164 164 165 164 165 165 165 165 165
 166 166 167 167 166 166 165 164 164 165 162 146 131 119 113 110  95  72
  60  47  39  36  30  25  24  23  23  24  25  27  31  36  39  39  44  55
  62  73  84  84  71  48  36  25  28  35  41  53  71  91  97  95 102 125
 154 171 173 171 169 170 170 170 172 172 172 174 171 174 174 172 173 173
 173 173 170 173 171 172 176 174 171 175 171 172 172 171 172 172 173 173
 174 174 174 174 174 173 173 173 173 173 173 174 175 176 175 174 175 174
 174 174 174 175 175 175 178 178 178 178 178 178 179 179 179 179 179 179
 179 180 180 180 181 181 182 182 182 182 183 184 184 186 187 188 188 189
 185  29]"
"[ 29  29 161 160 158 158 159 160 160 160 160 160 160 160 161 161 161 161
 161 161 160 159 160 160 160 159 160 162 162 162 162 164 165 165 165 165
 164 163 163 163 163 162 162 162 162 162 163 164 165 165 165 165 165 165
 165 165 168 166 166 164 166 163 166 162 143 118 106 110 106  92  76  62
  49  42  35  32  29  25  23  24  25  29  32  35  38  37  38  45  52  55
  60  61  57  41  24  25  32  30  33  42  55  70  87  99 102 109 129 155
 171 171 170 172 169 169 169 169 170 171 171 171 172 171 171 171 171 172
 173 173 172 172 171 172 174 174 174 173 172 172 172 171 171 172 172 172
 171 171 172 172 172 172 173 173 172 173 174 175 175 175 174 174 176 176
 175 173 174 176 177 177 180 179 178 178 178 179 180 180 180 180 180 180
 179 179 180 181 180 181 182 183 183 183 183 183 185 185 186 187 187 188
 185  30]"
"[ 29  29 161 160 159 159 159 160 160 160 160 160 160 160 161 162 162 162
 162 161 161 160 160 161 161 160 160 162 162 162 162 163 164 165 165 165
 164 163 163 162 162 162 162 162 162 162 162 162 163 164 164 165 165 165
 164 164 164 165 171 170 163 164 170 141 112 108 105 103  96  82  63  49
  42  37  32  29  26  24  24  26  29  34  37  37  38  37  42  52  59  58
  55  51  51  44  33  33  33  31  35  49  67  82  97 109 116 137 160 170
 170 169 170 171 169 169 170 170 170 171 171 172 172 172 172 172 173 173
 174 174 173 172 172 172 173 173 173 173 173 172 172 172 171 171 172 172
 172 172 172 172 172 172 173 173 173 173 174 175 176 176 175 175 176 176
 176 175 176 178 178 178 178 178 178 177 178 178 179 180 180 180 181 180
 180 180 180 181 181 181 181 181 182 182 183 183 186 186 186 187 187 188
 185  30]"
"[ 29  29 161 161 159 159 160 160 160 160 160 160 160 160 161 162 163 162
 162 161 161 160 160 161 161 161 161 162 162 162 161 162 163 164 165 165
 164 163 162 162 162 162 162 162 162 162 162 161 162 162 163 165 165 165
 164 162 165 165 163 166 164 164 160 123  97 106 107 100  90  73  55  45
  36  33  30  27  25  24  26  31  33  37  39  38  38  41  49  59  62  62
  58  51  50  49  41  39  40  44  52  67  84  96 110 125 142 161 174 172
 168 171 173 171 170 170 171 171 171 172 172 172 172 172 172 172 173 174
 174 173 173 173 172 172 172 173 173 173 172 172 172 172 172 172 172 172
 173 173 173 173 172 173 173 173 173 173 174 175 175 176 176 176 175 176
 176 176 177 178 179 178 178 178 178 178 179 179 180 180 180 180 181 181
 181 181 181 181 182 182 181 181 181 182 183 184 186 186 186 187 186 187
 185  30]"
"[ 29  29 161 161 160 160 160 160 160 160 160 160 160 160 161 162 163 162
 162 161 160 159 160 161 161 161 162 162 162 162 162 162 162 163 163 163
 163 162 161 161 161 161 161 162 162 162 162 162 161 162 163 164 165 165
 164 162 166 167 162 164 169 166 146 107 102 102  98  89  76  60  47  41
  33  31  28  26  24  24  28  32  36  37  36  37  40  47  56  63  67  63
  55  47  49  54  51  49  63  72  81  91 102 111 126 145 165 167 168 167
 169 172 172 171 171 171 171 171 171 172 172 172 172 172 172 173 174 174
 173 173 173 172 172 172 173 174 174 174 172 172 172 172 172 172 173 173
 173 173 173 173 173 173 173 173 174 174 174 174 174 175 175 175 175 175
 175 176 177 179 179 178 178 178 179 179 179 180 180 180 180 180 180 181
 181 182 182 182 182 182 181 181 181 182 183 184 186 186 186 187 186 187
 185  30]"
"[ 29  29 161 161 160 160 160 160 160 160 160 160 160 160 161 161 162 162
 161 160 160 159 159 160 161 161 162 162 162 162 162 162 162 162 162 162
 162 161 162 162 163 162 162 162 162 162 162 163 162 162 163 164 165 165
 164 164 164 165 167 165 166 170 144 105 103  93  86  77  61  48  41  34
  31  29  26  24  24  25  29  32  38  37  36  35  39  49  60  65  65  51
  36  30  41  57  62  62  78  88 100 113 126 139 154 168 172 169 168 170
 171 170 170 171 171 171 171 171 171 172 172 172 172 172 173 174 174 174
 173 173 172 172 172 173 174 174 174 173 172 172 172 172 172 173 173 173
 173 172 172 172 172 173 174 174 175 175 174 174 174 175 175 175 176 175
 175 176 177 178 179 180 179 179 179 179 179 179 179 179 180 180 180 180
 181 181 182 182 181 181 181 181 181 182 182 183 185 185 186 187 187 188
 185  30]"
"[ 29  29 160 161 160 160 160 160 160 160 161 160 160 160 160 161 162 161
 161 160 160 159 159 160 161 162 162 162 162 163 162 162 162 162 162 162
 162 162 163 163 164 164 163 162 162 162 162 162 163 163 164 164 165 165
 165 165 164 163 165 165 164 156 121  97  93  85  79  68  52  44  40  31
  29  26  24  24  25  28  31  34  39  37  35  34  37  47  56  58  46  34
  25  25  39  58  67  70  78  88 109 134 154 166 172 174 170 170 170 170
 170 170 171 172 171 171 171 171 171 171 172 172 172 172 173 173 173 173
 172 172 172 173 173 174 174 173 173 172 173 173 173 173 172 172 172 172
 172 172 172 172 172 173 174 174 176 175 175 175 175 175 175 175 175 175
 175 175 176 177 178 180 180 180 180 179 179 179 179 179 180 180 180 180
 180 181 181 182 181 182 182 182 183 183 183 183 184 185 185 187 187 188
 185  30]"
"[ 29  29 160 160 160 160 161 160 160 160 161 161 161 161 161 161 161 161
 161 161 160 159 159 160 161 162 163 162 162 163 162 161 162 162 162 162
 162 162 163 164 165 164 163 163 162 162 162 162 163 164 165 165 165 165
 166 166 166 166 166 167 151 120  85  78  84  79  71  58  46  41  36  30
  26  25  24  24  27  31  35  37  38  34  33  34  38  46  48  41  27  26
  29  33  46  65  76  81  91  99 125 155 169 171 170 166 169 169 168 168
 169 172 173 173 171 171 171 171 171 171 172 172 171 172 173 173 172 171
 171 172 172 173 173 173 173 173 173 172 174 173 173 173 173 172 172 172
 172 172 171 171 172 173 174 174 174 174 174 175 175 175 175 175 175 175
 175 176 176 176 178 180 181 180 180 179 179 179 179 179 180 180 181 181
 180 180 181 181 182 182 183 183 183 183 184 184 185 185 185 186 186 187
 185  29]"
"[ 29  29 159 160 159 160 161 161 160 161 162 162 162 161 161 161 161 161
 162 162 161 160 160 160 161 163 163 162 162 163 162 161 160 161 162 162
 162 162 163 163 164 164 163 163 163 162 162 162 163 164 166 166 165 165
 166 167 166 165 167 161 117  87  81  83  84  77  63  50  44  37  32  32
  24  24  23  25  28  32  36  38  37  31  29  34  43  49  41  26  26  26
  32  37  52  76  92  98 107 113 141 168 171 166 169 171 169 169 170 170
 172 173 172 172 171 171 171 171 171 171 172 172 172 173 174 173 172 171
 172 172 172 172 172 172 172 173 173 173 173 173 173 173 173 173 172 172
 172 172 171 171 172 172 173 174 173 173 173 174 174 174 174 175 175 175
 176 177 176 176 178 181 180 180 179 179 178 179 179 179 179 180 181 182
 181 180 180 181 182 182 182 182 183 183 184 184 186 186 185 186 185 187
 185  29]"
"[ 29  30 160 160 160 160 160 161 161 161 161 162 162 161 161 161 162 162
 161 161 161 161 160 160 160 161 162 162 162 162 162 162 161 161 162 162
 162 162 162 161 162 162 162 162 162 162 162 162 162 164 165 165 166 166
 166 164 168 162 168 139  85  75  80  83  80  67  56  49  41  34  28  25
  23  23  25  27  28  35  39  37  32  29  32  41  46  42  32  24  24  30
  36  45  70  91 104 111 117 132 158 170 169 169 169 170 169 169 170 171
 171 172 173 174 173 173 172 172 171 171 172 173 173 173 173 173 173 172
 172 172 172 173 174 173 172 172 173 174 173 174 174 173 173 173 173 174
 174 174 174 174 174 174 174 175 173 173 173 174 175 175 175 174 175 175
 176 177 177 177 179 180 179 180 180 179 178 178 179 180 180 180 180 181
 182 181 181 181 182 181 180 180 182 183 183 183 186 186 185 185 186 188
 185  29]"
"[ 29  30 160 160 160 161 160 161 161 161 161 162 162 162 161 162 162 162
 161 161 161 161 160 160 160 161 162 162 162 162 162 162 161 161 161 161
 161 162 162 163 163 163 163 163 163 162 162 162 162 164 166 165 165 165
 165 164 163 165 158 108  76  79  81  80  75  62  51  45  38  31  27  25
  25  22  24  28  33  37  37  31  26  27  34  41  41  35  28  24  30  39
  51  67  89 105 113 117 131 146 166 171 168 169 169 169 170 170 171 171
 171 171 171 172 171 171 172 172 171 171 172 172 173 173 173 173 173 172
 172 171 171 172 173 173 173 172 173 174 173 173 173 173 172 172 173 174
 173 173 173 173 172 173 173 173 172 172 172 173 174 175 175 175 175 175
 175 176 176 177 178 179 179 179 179 179 179 179 179 179 179 178 179 180
 181 181 181 181 182 181 181 181 181 182 183 183 186 186 185 186 186 188
 185  29]"
"[ 28  29 159 159 160 161 160 161 161 161 162 162 162 162 162 162 162 161
 161 162 162 161 161 160 161 162 163 163 163 162 162 162 161 161 161 161
 160 161 162 163 162 163 163 163 163 163 162 162 163 165 166 165 164 164
 165 165 163 169 145  81  71  81  81  77  66  55  45  39  33  28  25  23
  25  23  26  32  35  36  32  25  25  31  38  41  36  29  28  30  41  51
  64  82  94 103 111 114 147 161 174 171 168 170 169 170 171 171 171 171
 172 171 171 170 171 172 172 173 173 173 173 173 174 174 173 173 172 172
 171 171 171 172 172 173 173 173 173 173 173 173 173 173 173 173 174 174
 174 174 173 173 173 173 173 173 173 172 172 173 175 176 175 175 175 175
 175 175 176 177 177 178 178 178 179 179 179 179 179 179 179 179 179 180
 181 180 180 181 182 182 182 182 182 183 184 185 186 186 186 186 186 188
 185  29]"
"[ 29  29 158 158 160 160 160 162 162 161 162 162 162 162 162 162 161 161
 161 162 162 162 161 160 161 162 163 163 162 161 160 160 161 161 161 160
 160 160 161 162 162 162 162 162 162 162 162 162 163 164 165 165 165 165
 164 164 164 162 122  70  72  77  76  73  58  49  40  34  28  24  22  21
  23  24  29  32  32  29  26  25  30  36  41  38  30  25  31  40  53  60
  68  80  85  93 102 110 159 169 175 170 170 172 170 172 171 171 171 172
 172 172 172 171 172 172 173 173 173 173 173 173 174 174 173 173 172 172
 171 171 171 171 172 173 174 174 174 173 174 174 174 174 174 174 174 175
 175 175 175 174 174 174 174 174 175 173 173 174 175 176 175 174 176 175
 175 175 176 177 177 177 177 178 179 179 179 178 178 179 179 179 180 180
 180 180 180 181 182 182 183 182 182 183 184 186 186 186 186 186 185 187
 185  29]"
"[ 29  29 158 157 159 160 160 161 162 161 161 162 162 161 161 161 161 161
 161 162 162 162 161 160 161 161 162 162 161 160 160 159 160 160 161 160
 160 160 161 161 162 162 162 162 162 162 162 162 163 163 163 164 165 165
 164 163 163 145  94  68  73  72  70  63  53  44  37  32  26  22  20  19
  21  24  27  28  26  23  24  27  33  38  37  31  24  23  32  46  56  59
  62  72  80  92  99 115 166 170 173 170 172 172 170 173 171 171 171 172
 173 173 172 172 172 172 172 172 172 172 172 172 174 173 173 172 172 172
 172 172 171 171 172 173 174 174 174 173 173 173 173 173 174 174 174 174
 175 175 174 174 174 173 173 173 174 173 172 173 175 176 175 175 176 175
 175 176 178 178 177 176 177 179 180 179 177 176 178 180 179 179 179 180
 180 179 179 180 182 182 183 182 182 182 184 186 186 186 185 185 185 187
 185  30]"
"[ 29  29 158 157 158 160 160 161 161 161 161 161 161 161 161 161 161 161
 161 161 162 162 161 161 160 161 161 161 161 161 161 161 159 159 159 160
 160 161 161 162 162 162 162 163 163 163 163 163 165 164 164 165 166 165
 165 164 166 132  79  74  75  72  68  55  49  41  34  30  25  22  20  18
  20  22  22  22  23  24  25  29  33  37  34  28  25  25  34  46  54  56
  58  69  84  96  98 128 172 171 172 172 173 172 169 172 171 171 172 172
 172 173 172 172 173 173 172 172 172 172 173 173 173 173 172 172 172 172
 173 173 171 171 171 172 173 173 173 172 173 173 173 174 174 175 175 174
 174 174 174 174 173 173 173 173 173 172 171 172 174 175 176 175 176 176
 176 177 178 178 177 176 177 178 179 177 176 176 178 180 179 179 180 180
 180 180 180 182 183 183 183 183 182 183 185 187 185 186 185 185 185 187
 185  30]"
"[ 29  29 158 158 159 160 159 160 160 160 160 161 161 161 161 162 162 161
 161 161 161 162 162 161 160 161 161 161 161 161 162 163 160 159 158 159
 160 161 162 162 162 162 162 162 163 163 163 163 166 165 165 165 165 164
 165 166 161 116  74  78  75  70  62  53  46  39  32  28  24  22  21  19
  21  23  21  20  24  28  29  31  35  38  34  28  29  29  33  42  52  55
  58  66  81  88  89 141 175 171 172 173 172 171 170 171 172 172 172 172
 172 172 172 173 173 172 172 172 172 173 173 173 173 173 172 172 172 172
 173 173 172 171 171 171 172 172 173 173 173 173 173 174 174 175 175 174
 174 174 174 174 173 173 173 173 172 171 171 172 173 175 175 176 176 176
 176 177 178 178 177 176 177 177 177 176 176 176 178 179 179 180 180 181
 180 180 181 182 182 183 182 182 182 183 185 186 185 185 185 185 186 188
 186  29]"
"[ 29  29 159 159 160 160 159 159 159 159 159 160 161 161 162 163 162 162
 161 161 161 162 162 162 160 160 160 160 160 160 161 162 161 160 158 158
 160 161 162 162 161 161 161 162 162 162 162 162 166 165 165 164 162 161
 163 166 144  97  68  75  69  61  53  52  44  37  30  26  23  23  22  20
  22  26  24  22  27  30  31  33  37  39  33  28  30  30  31  38  45  49
  53  56  65  68  73 145 175 170 173 172 170 171 172 172 171 171 171 171
 171 172 173 173 172 171 171 171 172 173 173 173 173 173 172 172 172 172
 173 173 173 172 172 172 172 173 173 173 172 172 172 173 174 174 174 174
 173 173 173 173 173 173 172 172 172 172 172 172 173 174 175 176 176 176
 176 177 178 178 177 177 176 175 175 175 176 177 178 178 179 180 180 180
 180 179 180 181 181 181 180 180 180 181 183 184 184 184 185 186 187 189
 186  29]"
"[ 29  29 160 160 160 161 161 160 159 159 160 162 162 161 161 161 162 160
 158 159 161 163 162 160 160 160 160 160 160 160 161 162 162 161 159 159
 160 161 161 161 161 161 162 162 162 162 163 163 166 166 165 164 166 163
 160 163 115  73  74  72  66  56  50  49  40  33  27  26  25  22  20  21
  23  22  26  30  30  31  36  38  39  37  34  31  30  30  32  33  40  43
  49  42  50  53  64 142 173 172 171 169 172 172 171 171 171 171 171 171
 172 173 173 174 173 172 172 172 173 173 173 173 174 173 172 172 172 173
 173 173 173 173 173 173 172 172 172 172 172 172 173 174 175 175 175 174
 173 173 173 173 173 173 173 173 173 173 173 173 173 175 176 176 177 177
 176 175 175 176 176 176 175 176 176 176 176 177 179 180 179 180 179 178
 179 179 179 180 181 181 181 181 181 181 182 183 182 185 185 186 186 187
 185  29]"
"[ 30  29 159 160 160 161 161 161 160 160 160 161 161 160 161 161 161 159
 158 159 161 162 162 161 160 160 160 159 159 160 160 161 161 160 160 160
 160 161 160 160 160 161 162 162 162 162 162 162 162 164 165 164 161 160
 169 153  94  68  72  67  62  54  49  42  36  31  26  24  23  21  21  22
  25  24  28  32  32  36  40  40  38  35  32  31  30  31  32  33  39  43
  46  43  45  45  61 122 175 174 171 170 171 170 170 170 171 171 171 171
 171 172 172 172 172 172 172 172 173 173 173 173 173 172 172 172 173 173
 174 173 174 173 173 173 172 172 171 171 172 172 173 174 175 175 174 173
 173 173 173 172 172 172 172 172 173 173 173 173 174 174 175 175 175 175
 175 175 175 176 176 176 176 177 176 176 176 176 177 177 178 179 178 178
 179 179 179 181 180 180 181 180 180 181 182 183 183 185 186 187 187 188
 186  29]"
"[ 30  29 158 159 159 161 162 161 161 160 159 160 160 159 160 161 159 158
 157 157 159 160 161 161 161 161 159 159 159 159 160 160 160 160 159 160
 161 161 160 160 160 161 162 162 162 162 162 162 164 164 167 165 161 162
 164 120  74  67  71  62  55  49  47  39  29  26  23  20  19  20  22  24
  25  25  31  37  38  44  48  44  38  34  31  29  30  32  34  36  40  44
  44  45  39  37  55  97 167 170 169 171 172 170 172 173 171 171 171 171
 171 171 171 171 172 172 172 173 173 174 173 173 172 172 172 172 173 173
 173 173 174 174 173 173 172 171 171 171 171 171 172 174 175 175 174 173
 172 172 172 172 172 172 173 173 174 174 174 174 174 174 174 174 173 174
 174 174 175 177 176 176 176 177 177 176 175 175 175 175 176 177 177 177
 178 178 179 181 180 180 180 180 180 181 182 182 183 184 186 187 187 188
 185  29]"
"[ 30  28 158 159 160 161 162 161 161 160 160 159 159 159 159 160 159 158
 158 158 158 159 160 160 162 161 160 160 160 160 160 160 159 159 159 160
 161 162 162 161 161 162 162 162 162 162 163 163 165 162 165 163 164 167
 144  93  76  73  67  55  50  44  41  31  24  23  20  19  19  21  23  24
  26  27  35  41  43  49  51  44  37  32  28  28  30  33  36  39  41  45
  45  46  39  34  48  81 161 171 169 173 172 170 171 170 170 171 171 171
 171 171 171 170 171 172 172 173 174 174 173 172 173 172 172 172 172 173
 173 173 174 174 173 173 172 171 171 171 171 171 172 173 174 174 173 173
 171 172 172 173 173 174 174 174 174 174 174 174 174 174 174 174 174 174
 174 174 175 176 176 175 175 176 176 176 175 175 175 175 174 176 176 175
 177 177 178 181 180 180 180 180 180 181 182 182 182 183 184 185 185 187
 185  29]"
"[ 29  28 159 159 160 161 162 161 161 161 160 160 160 159 159 160 161 160
 160 159 159 159 160 160 160 160 160 160 161 161 161 160 160 160 160 160
 161 162 163 163 162 163 162 162 162 162 163 164 165 163 165 160 163 161
 114  82  78  70  57  50  50  42  35  26  23  22  21  21  22  24  25  25
  28  31  40  45  46  49  46  37  32  28  26  28  31  33  35  37  40  45
  47  45  40  35  40  74 151 172 169 172 172 170 171 170 170 170 171 171
 171 171 171 171 171 171 172 173 173 173 173 172 173 172 172 171 171 172
 173 173 174 173 173 172 172 172 171 171 171 171 171 172 173 173 173 172
 171 171 172 172 173 174 174 174 173 174 174 174 174 174 174 174 175 175
 175 174 174 175 175 175 174 175 175 176 175 175 175 175 174 175 175 175
 176 177 178 180 180 180 181 181 181 181 182 183 183 183 183 184 184 185
 184  29]"
"[ 29  29 159 160 160 161 161 161 161 161 161 161 161 160 159 159 161 161
 161 160 159 159 159 159 158 159 159 160 161 161 160 160 161 161 161 161
 161 162 162 163 162 162 162 162 162 162 162 163 166 164 164 162 162 147
  90  76  70  64  54  50  47  37  30  26  22  21  21  22  23  24  25  25
  30  36  44  48  49  48  41  32  26  25  26  29  31  31  32  34  38  43
  47  43  39  35  35  67 135 172 169 170 171 171 173 173 169 169 170 171
 171 171 171 171 171 171 172 172 173 173 172 172 172 172 171 171 171 172
 173 174 173 173 172 172 172 172 172 172 172 172 171 171 172 172 172 172
 171 171 172 172 172 173 173 173 173 173 174 174 174 175 175 175 175 176
 175 175 174 175 176 175 175 175 176 176 175 175 175 176 175 176 175 175
 177 177 178 179 180 180 181 181 181 182 183 183 184 184 183 184 183 184
 184  29]"
"[ 29  29 159 159 159 159 160 161 161 161 161 161 161 160 160 160 161 161
 161 160 159 158 158 158 158 158 159 160 160 160 160 160 160 160 161 161
 162 162 162 162 162 163 163 163 162 162 162 162 162 160 160 166 155 122
  81  75  67  63  57  50  40  30  23  23  21  19  20  22  23  23  25  28
  34  42  48  51  52  46  35  29  25  24  26  29  30  28  29  31  35  41
  45  40  35  34  33  57 119 173 172 170 170 170 170 170 169 169 169 170
 170 171 171 171 171 171 171 172 172 173 172 172 172 172 172 172 172 172
 173 174 173 173 172 172 171 171 171 171 172 172 171 171 172 172 172 171
 171 171 172 172 172 173 173 173 174 174 174 174 174 174 175 175 175 176
 176 176 175 175 176 176 175 175 176 175 175 175 176 176 177 177 175 175
 177 178 178 179 179 180 180 181 181 182 183 183 184 184 183 184 184 184
 184  29]"
"[ 29  29 159 159 157 158 160 161 161 161 160 161 161 160 160 160 161 161
 161 161 160 159 158 157 158 159 159 160 160 160 160 161 159 159 161 162
 162 162 162 162 162 163 164 164 164 163 162 162 163 163 161 168 140  92
  75  73  66  60  52  43  36  32  25  23  19  18  19  22  22  23  27  32
  40  49  52  53  53  42  29  24  25  24  24  26  25  24  26  30  34  40
  43  38  31  31  34  48 102 168 171 170 172 171 171 171 169 169 169 169
 169 170 170 171 171 171 171 171 172 172 172 172 172 172 173 173 172 172
 173 174 174 173 172 172 171 171 171 171 172 172 172 172 172 172 171 171
 171 171 172 172 173 174 174 174 174 174 174 173 174 174 175 175 175 176
 177 176 175 175 175 175 175 175 175 175 175 176 177 177 178 178 176 176
 178 179 178 179 179 179 180 180 181 181 182 183 183 182 182 184 184 185
 184  30]"
"[ 28  29 159 159 159 159 160 161 161 160 159 158 158 159 159 160 161 161
 162 162 161 160 158 157 156 158 160 161 161 161 160 159 159 159 160 161
 162 162 162 162 162 162 163 164 163 162 162 163 161 161 168 161 117  80
  74  70  65  55  45  36  28  24  24  23  18  19  20  21  23  24  30  38
  47  54  55  50  45  33  24  24  25  24  24  24  24  23  24  26  27  32
  37  38  34  30  34  40  82 154 174 168 168 174 172 172 170 169 169 169
 169 170 171 171 172 171 170 171 171 171 171 170 170 172 169 171 171 170
 173 171 173 172 172 171 171 172 173 170 170 170 170 171 172 173 173 172
 171 172 172 172 172 172 173 173 172 173 173 173 174 175 175 175 175 176
 176 176 175 175 175 175 177 177 176 175 174 175 177 178 180 179 177 177
 178 179 179 179 180 180 181 181 181 181 182 183 182 184 185 184 183 186
 184  29]"
"[ 29  29 158 158 159 159 159 160 160 160 159 158 159 160 161 161 161 161
 161 162 161 160 158 157 156 158 160 161 161 161 161 160 160 160 161 161
 162 162 162 162 162 162 162 162 162 162 162 162 163 163 163 144  90  75
  73  70  62  51  40  33  27  24  23  22  21  20  19  21  25  30  39  49
  55  58  54  47  40  30  23  25  24  24  24  24  24  24  24  25  24  28
  34  36  34  31  33  37  66 138 171 167 168 169 170 172 172 171 170 169
 169 170 171 172 170 170 170 170 171 171 171 171 170 172 170 171 171 170
 172 171 171 170 171 172 170 170 171 171 170 171 172 173 172 171 171 171
 171 171 172 173 173 173 173 173 173 174 174 174 174 175 175 174 175 175
 176 176 175 175 176 176 176 176 175 175 175 176 178 179 178 177 176 177
 178 178 178 178 179 180 180 181 181 181 182 183 183 184 184 183 182 185
 184  29]"
"[ 29  29 158 158 159 159 159 160 160 159 159 159 159 160 161 161 161 161
 161 161 161 160 159 157 156 158 160 161 161 162 162 161 161 161 161 161
 161 162 162 162 162 162 161 161 162 162 162 161 160 165 155 116  73  73
  69  66  56  44  33  28  24  23  22  20  19  19  21  26  34  40  47  55
  59  59  52  42  36  28  24  25  24  24  24  24  25  24  24  24  22  25
  30  34  34  32  32  33  54 116 169 168 169 168 170 172 172 172 170 169
 169 170 171 172 173 173 173 172 171 171 171 172 172 173 172 173 172 171
 172 170 171 171 172 173 171 170 172 173 170 168 168 169 170 171 172 172
 171 171 172 173 174 174 174 173 173 174 174 174 174 175 175 175 174 175
 175 175 175 175 176 176 176 176 175 175 176 177 177 178 177 177 177 177
 178 179 179 178 179 179 180 180 181 181 182 183 183 184 183 182 182 184
 184  29]"
"[ 30  29 158 157 158 158 158 159 159 159 159 159 159 159 160 161 161 160
 160 160 160 160 158 156 157 159 161 162 162 162 162 161 162 162 162 162
 162 162 162 162 162 162 162 162 162 162 161 161 159 163 136  85  70  69
  64  61  48  37  28  24  22  21  20  18  17  20  24  32  41  47  51  55
  56  54  47  39  34  28  24  25  24  24  23  24  24  23  22  21  21  22
  26  31  34  33  32  31  47  90 164 170 169 169 171 171 171 170 170 169
 169 170 171 171 171 172 172 171 169 168 168 168 168 169 169 170 171 170
 170 169 171 170 171 171 169 170 171 171 173 171 170 169 169 169 170 172
 171 171 172 173 174 175 174 174 172 173 174 174 175 175 176 175 174 174
 174 174 174 174 174 175 176 176 175 175 176 177 177 176 177 177 177 178
 179 180 180 179 179 180 180 180 180 181 181 182 183 183 183 182 182 184
 184  29]"
"[ 29  28 158 157 156 157 157 159 159 159 159 159 159 160 161 161 160 160
 160 160 159 158 157 156 156 158 160 162 162 162 161 160 161 161 162 162
 162 162 161 161 161 162 163 162 162 162 161 160 163 151 107  65  66  64
  60  52  40  32  26  23  21  19  19  18  21  21  24  31  42  48  52  56
  51  48  42  36  31  27  24  23  24  24  23  23  23  21  19  18  20  21
  23  27  32  34  34  32  41  66 155 172 167 169 170 170 169 169 168 169
 169 169 170 170 169 170 171 170 169 167 167 168 168 168 169 169 169 169
 167 166 170 170 171 171 171 173 173 169 169 171 171 170 168 167 168 170
 171 171 171 172 173 174 174 174 172 173 174 174 174 175 175 174 174 174
 174 174 174 174 174 175 176 175 175 175 176 176 176 176 176 177 177 178
 179 179 179 179 180 180 181 180 180 180 181 181 183 183 183 183 182 184
 184  29]"
"[ 28  29 158 157 157 157 158 160 158 158 159 159 160 161 161 162 160 160
 160 160 159 158 157 156 156 158 160 160 160 160 159 158 160 160 161 161
 162 161 161 161 160 162 163 162 161 161 160 158 158 128  85  66  61  61
  56  42  33  28  25  24  21  19  19  19  21  22  24  32  43  50  52  54
  51  46  40  34  29  27  25  23  24  24  23  23  22  20  19  18  20  20
  21  25  30  34  36  36  40  55 139 174 169 168 168 168 167 167 168 168
 168 169 169 169 170 171 171 170 168 167 167 167 168 167 169 170 172 175
 175 176 176 176 178 178 177 178 176 172 173 173 171 168 168 170 170 168
 171 171 171 171 171 172 173 173 173 173 174 174 174 174 174 173 173 174
 174 174 174 174 175 176 175 175 175 175 176 177 177 177 176 177 177 178
 179 179 179 179 180 181 181 180 180 180 180 181 182 182 183 184 183 184
 183  29]"
"[ 30  29 157 156 158 159 159 159 157 157 158 159 159 160 160 161 160 160
 161 160 159 158 158 158 157 159 160 160 160 160 159 159 159 159 160 160
 161 161 161 161 161 161 160 159 160 161 158 155 134 100  74  67  60  55
  48  34  28  25  24  24  21  19  20  21  20  22  27  35  46  52  52  52
  51  45  38  32  28  26  25  23  22  22  22  22  22  20  19  19  20  20
  20  22  27  32  36  38  40  53 112 165 172 167 166 166 166 166 166 167
 167 167 167 167 168 168 168 167 166 165 166 166 169 170 175 172 165 154
 137 128 128 130 138 147 152 159 167 172 172 175 175 171 169 171 171 167
 171 171 171 171 171 172 172 172 173 173 174 173 173 173 173 172 173 174
 174 174 174 174 175 176 175 175 175 175 176 176 177 178 177 178 178 178
 179 179 180 180 179 180 180 180 180 180 180 181 182 182 182 184 183 183
 183  29]"
"[ 29  27 154 154 157 159 158 157 156 157 157 158 158 158 158 158 159 160
 161 160 159 158 159 160 160 160 161 160 159 160 160 160 158 159 159 159
 160 161 162 162 161 160 158 157 159 160 157 153 110  79  68  59  59  46
  39  32  25  22  22  23  20  18  20  21  22  24  28  36  47  52  53  52
  48  42  36  30  26  24  23  21  19  19  20  20  20  19  19  19  19  19
  19  19  23  28  33  36  37  48  84 150 171 166 166 164 166 166 165 165
 165 165 166 166 166 166 167 167 168 169 171 173 161 145 125 101  86  80
  75  76  73  73  80  89  93  98 111 124 145 162 175 173 167 166 169 169
 171 172 173 173 172 172 172 172 172 173 173 173 173 174 173 173 174 174
 174 173 173 173 174 174 176 176 176 176 175 176 177 178 178 178 178 178
 179 179 180 180 179 179 180 180 180 180 181 181 182 182 182 183 183 183
 183  29]"
"[ 31  26 156 156 155 158 158 158 157 157 158 159 159 160 160 160 162 161
 160 159 159 159 159 159 159 159 159 158 158 159 160 161 162 161 159 158
 158 160 160 160 159 166 157 154 154 156 153 124  81  71  62  57  48  38
  30  26  25  23  21  21  20  19  19  20  22  24  30  39  47  53  52  48
  43  37  30  26  25  23  22  21  19  19  20  19  19  19  18  18  19  19
  19  20  21  25  30  35  39  47  62 103 152 173 170 163 166 166 165 162
 165 168 166 165 168 164 171 171 169 165 152 119  90  75  63  55  52  53
  56  66  65  68  62  59  65  69  68  69  87 111 138 165 180 170 167 169
 170 171 172 172 171 172 172 172 171 173 174 174 174 173 173 172 174 173
 173 174 175 176 176 176 177 176 176 176 177 177 177 176 177 179 179 178
 178 179 179 179 180 179 179 179 180 181 180 180 181 181 182 184 184 184
 183  29]"
"[ 30  27 161 161 159 161 161 161 162 162 162 162 163 163 164 164 165 164
 163 163 163 164 164 164 163 163 162 161 160 160 161 161 161 161 161 161
 161 161 160 159 159 163 160 163 156 154 141  91  72  63  56  52  44  35
  28  24  24  21  20  19  19  18  19  21  23  26  33  41  47  51  50  45
  40  35  29  25  23  21  20  19  19  19  19  19  19  19  19  18  19  19
  19  20  21  24  28  32  36  42  46  62  91 133 156 173 171 170 166 163
 165 166 166 165 164 174 165 143 114  93  67  54  50  44  42  41  44  48
  49  53  45  48  45  45  51  53  53  57  53  60  76 111 150 174 173 165
 169 170 171 171 171 172 172 172 174 174 173 172 173 174 175 174 172 172
 172 173 175 175 175 174 176 176 176 176 177 177 176 176 179 180 180 179
 179 180 180 180 179 179 179 179 179 180 180 181 181 181 182 184 184 183
 183  29]"
"[ 29  29 166 168 165 165 164 165 169 168 168 168 168 168 169 169 168 168
 167 168 168 169 170 170 168 169 169 168 167 168 170 170 172 173 173 172
 172 172 171 170 173 171 173 175 170 160 124  69  65  57  51  47  40  32
  26  23  23  20  19  19  19  19  21  24  24  30  37  43  47  51  49  42
  35  32  27  24  21  19  18  17  19  19  19  18  19  19  19  19  19  19
  20  21  22  24  26  28  33  39  42  44  48  90 106 121 154 167 175 183
 187 185 186 183 181 160 116  72  46  37  29  40  40  40  42  40  41  43
  38  35  32  34  34  36  39  38  39  44  49  47  52  71 108 161 179 172
 177 178 178 178 179 180 180 180 179 177 175 174 175 178 178 177 180 179
 178 179 180 181 180 180 179 179 179 179 179 179 179 178 179 180 180 178
 178 179 180 179 180 180 180 180 179 179 181 182 181 182 183 184 183 182
 182  28]"
"[ 29  30 169 172 169 168 167 168 171 171 171 171 171 171 172 172 171 171
 171 171 172 173 173 174 172 173 175 175 176 178 179 179 180 180 180 178
 177 178 179 179 178 175 181 181 181 154  93  59  62  55  49  44  36  29
  26  23  21  19  18  18  19  20  22  25  23  30  40  45  48  50  46  38
  30  27  24  22  19  17  17  18  19  19  19  18  19  20  20  20  19  19
  21  23  24  24  24  25  30  34  37  38  32  61  69  72  79 105 128 154
 174 181 185 178 152  97  55  32  35  37  33  31  31  32  32  31  33  35
  33  30  28  30  30  32  33  32  33  37  39  43  47  51  74 135 187 190
 188 188 187 187 187 189 189 189 190 189 189 189 190 191 190 189 191 189
 187 186 187 188 188 188 187 187 187 187 187 187 187 187 185 186 185 184
 184 185 186 185 184 184 183 183 182 182 183 183 184 184 185 186 184 184
 183  28]"
"[ 29  30 169 172 170 170 169 169 169 170 171 171 172 172 172 172 173 173
 173 173 173 174 174 175 175 177 178 178 179 180 180 180 179 180 179 178
 177 178 180 180 178 176 179 180 167 120  70  60  59  52  45  39  31  26
  23  22  19  17  16  16  17  18  21  23  24  31  41  46  49  50  43  32
  26  24  22  19  17  16  17  18  18  19  19  19  20  21  21  20  19  20
  21  23  23  23  23  24  25  28  31  31  24  40  58  66  58  65  58  62
  74  82  85  73  56  27  27  29  30  28  28  27  28  27  24  22  22  22
  23  21  23  25  25  26  27  29  30  32  34  37  42  44  58 107 181 190
 191 190 189 188 188 190 191 191 189 190 191 192 192 191 190 189 194 193
 191 190 190 191 190 190 190 190 190 190 190 190 190 190 191 191 190 189
 189 190 190 189 188 188 187 187 187 187 186 186 187 188 188 188 187 186
 185  30]"
"[ 29  29 167 171 170 171 169 169 169 169 171 172 173 173 173 173 173 174
 174 174 174 174 174 174 177 178 179 179 179 179 179 179 179 180 180 180
 180 180 181 180 179 180 181 180 139  85  67  62  54  47  40  34  27  22
  21  20  19  17  16  16  17  18  20  23  28  35  44  49  50  48  39  28
  25  23  19  17  16  16  17  18  18  19  19  19  21  22  21  20  19  20
  21  23  23  22  22  23  25  29  32  29  24  25  45  57  60  65  60  60
  67  70  63  48  35  25  21  24  22  26  22  24  24  24  21  23  23  22
  25  24  22  23  23  23  24  26  28  29  29  31  39  46  55  94 181 197
 192 191 190 188 189 190 191 192 192 193 194 193 192 192 192 193 192 192
 193 193 193 192 192 191 191 190 189 189 189 189 189 189 191 192 191 189
 189 190 190 189 189 189 188 188 189 189 188 187 188 189 189 189 187 187
 186  30]"
"[ 29  29 167 170 170 171 170 169 170 170 171 172 173 174 174 174 174 174
 175 174 174 174 174 175 177 179 179 179 179 180 180 180 179 180 180 180
 180 181 180 179 176 178 183 167 107  65  62  51  47  41  35  29  23  21
  21  20  20  17  16  16  18  19  23  26  33  39  47  52  50  45  36  26
  24  21  18  16  16  16  17  18  18  19  19  20  22  22  22  20  19  21
  22  23  23  21  21  22  26  29  31  25  24  22  31  43  51  56  55  53
  53  50  41  31  25  25  19  18  18  22  20  22  23  24  21  22  21  19
  22  21  25  24  24  25  24  24  27  29  29  32  42  48  54  97 181 196
 193 193 193 192 192 193 194 194 194 195 195 194 193 193 194 194 193 193
 194 194 194 194 193 193 194 193 191 191 191 191 192 192 192 192 192 191
 191 192 192 191 189 189 188 188 188 188 187 187 188 188 188 188 187 188
 186  29]"
"[ 29  30 167 170 169 171 170 170 170 170 171 172 172 173 174 174 174 174
 175 175 175 174 175 175 178 179 179 178 178 179 179 179 181 181 180 180
 180 181 181 180 183 176 178 135  73  56  58  49  41  36  30  26  21  20
  20  20  19  17  15  16  18  21  26  30  34  40  48  52  48  41  33  25
  22  19  16  16  17  17  18  18  18  19  20  21  22  23  22  20  20  22
  24  24  23  21  21  22  22  27  32  23  25  25  21  32  40  38  35  30
  29  29  25  24  22  18  18  17  20  18  21  17  22  24  20  20  19  19
  24  23  24  21  22  25  24  22  26  31  30  35  45  51  63 120 192 194
 192 193 193 193 193 194 195 195 194 195 195 194 194 194 194 193 194 194
 194 193 192 192 193 194 193 192 190 189 189 190 191 191 189 190 190 190
 191 193 193 191 190 190 189 188 187 186 187 188 189 189 189 189 188 189
 187  30]"
"[ 28  30 170 170 170 169 170 169 169 170 171 172 173 173 174 174 173 174
 175 175 176 178 178 178 178 178 178 179 180 180 180 180 180 180 180 180
 181 181 181 180 179 182 167 107  65  52  55  47  40  34  27  23  21  19
  19  20  19  17  17  16  17  20  23  31  37  49  51  49  49  40  31  25
  21  18  16  15  16  17  18  18  18  19  20  20  21  22  23  23  22  22
  23  23  24  23  22  21  22  23  24  24  23  22  24  26  30  30  28  25
  23  22  22  22  18  21  18  18  17  17  21  18  23  24  21  25  21  20
  20  23  24  22  24  23  23  26  29  31  35  39  48  59  86 160 197 194
 192 192 193 194 194 194 194 194 194 194 193 194 194 194 194 193 192 192
 193 193 193 193 192 192 193 191 190 190 192 191 190 189 190 189 190 191
 192 191 190 190 189 189 189 189 188 187 188 188 188 188 188 189 188 189
 187  30]"
"[ 29  30 169 168 169 170 172 171 170 171 171 172 173 173 173 173 173 174
 175 175 176 178 178 178 178 178 178 179 179 179 179 179 178 180 180 179
 181 182 180 178 179 180 149  82  52  53  49  43  36  31  25  22  21  20
  19  20  18  17  18  16  18  20  23  31  39  48  50  49  45  34  27  24
  20  18  16  15  16  17  18  18  19  19  18  19  21  22  23  22  22  21
  20  21  22  23  22  21  20  22  23  23  21  19  20  22  24  24  23  22
  20  20  20  20  20  20  18  19  18  18  23  23  23  24  24  23  23  24
  25  24  22  24  26  26  24  26  33  36  38  43  57  83 154 190 198 193
 192 193 193 193 193 193 193 194 194 194 193 193 193 193 192 191 191 191
 192 192 192 192 192 191 193 191 189 190 191 191 190 190 190 189 189 190
 190 190 189 189 189 189 189 188 188 187 187 187 187 187 187 188 188 188
 186  30]"
"[ 29  30 169 168 169 170 172 172 171 171 171 172 172 173 173 173 174 175
 175 175 176 177 178 178 178 177 177 178 179 179 179 179 178 181 180 178
 181 182 179 178 181 169 109  57  46  49  42  37  31  27  23  21  21  20
  19  18  17  17  18  17  19  22  24  31  41  47  49  49  40  28  24  24
  18  17  16  16  17  17  18  18  19  18  17  17  20  23  23  22  21  20
  18  19  21  22  22  22  19  21  23  23  20  17  17  18  18  19  19  18
  18  18  19  19  20  18  18  21  19  19  24  24  24  23  26  23  25  21
  23  23  26  22  21  29  28  27  43  56  71  88 114 155 195 200 194 193
 192 192 192 192 191 191 192 193 193 193 192 192 192 191 191 190 190 191
 191 192 192 192 191 191 192 190 189 189 190 190 190 191 191 190 189 189
 190 189 189 189 188 188 189 188 188 187 187 187 187 187 187 188 188 188
 186  30]"
"[ 29  29 169 169 170 169 171 170 171 171 172 172 173 173 174 174 175 175
 175 175 175 177 178 178 177 177 177 178 179 179 179 179 178 181 179 178
 181 180 178 180 180 152  73  47  46  42  41  34  29  25  22  20  20  20
  18  17  15  16  19  18  20  24  26  32  42  47  49  47  35  25  24  23
  17  16  16  16  17  17  17  17  17  16  16  17  20  22  22  22  20  19
  18  18  19  21  22  22  20  22  24  23  20  17  16  17  17  18  18  17
  18  18  19  19  21  18  20  22  20  21  24  22  23  22  25  23  25  25
  26  25  24  28  31  44  49  62 104 136 155 164 176 201 193 193 193 192
 192 191 190 190 190 191 191 192 192 191 191 191 190 190 190 190 189 189
 190 190 191 191 191 191 190 189 189 189 189 189 189 190 190 189 189 189
 189 189 188 188 187 188 188 188 188 187 187 187 187 187 187 187 187 187
 186  29]"
"[ 28  28 168 168 169 169 170 170 171 172 172 173 173 174 174 174 175 175
 175 174 175 177 178 178 178 177 178 179 179 179 179 179 179 179 178 179
 180 178 178 183 174 126  56  43  43  39  40  30  26  24  22  20  20  19
  18  16  15  16  19  19  22  25  28  34  42  48  49  43  32  25  25  21
  17  16  16  17  17  17  16  16  16  16  17  18  19  20  21  20  19  19
  19  19  19  19  20  21  21  22  23  22  19  17  17  18  18  18  18  17
  18  19  20  20  23  21  22  22  22  25  26  24  26  29  30  24  21  30
  31  33  47  64  82 107 131 156 184 191 195 196 195 194 190 188 194 191
 191 190 188 188 190 191 191 190 191 191 190 190 190 189 189 190 187 187
 188 188 189 189 189 189 188 188 188 189 189 188 188 189 188 187 187 188
 189 188 187 187 187 187 188 188 187 187 186 186 186 186 186 186 186 187
 185  28]"
"[ 29  28 166 166 167 167 170 171 171 172 172 173 173 173 173 172 173 173
 174 174 175 176 178 178 178 178 178 179 179 179 178 178 179 178 179 180
 179 178 180 183 164  88  45  39  41  39  32  26  24  23  21  19  19  19
  18  16  16  17  20  20  22  25  28  36  43  49  46  37  30  27  25  19
  16  16  17  17  18  17  16  16  16  17  18  18  18  19  19  19  18  19
  20  20  19  19  19  20  20  20  20  20  18  17  17  18  18  18  18  17
  18  20  22  22  23  23  24  23  25  29  29  32  30  37  48  53  53  69
  86 109 133 156 177 191 193 194 197 191 187 188 190 187 191 189 193 192
 190 188 186 187 189 190 190 189 191 190 190 189 189 188 188 188 187 187
 187 188 188 188 188 188 187 187 187 188 188 187 187 188 187 187 187 188
 188 188 187 187 186 187 187 187 186 186 186 186 187 187 186 187 187 187
 186  29]"
"[ 30  28 165 165 166 166 169 171 170 171 172 173 173 172 171 171 172 173
 173 173 174 175 176 176 177 176 177 178 179 179 178 178 179 177 179 180
 178 179 180 175 141  56  41  37  40  35  26  25  23  23  21  18  18  18
  17  16  17  16  19  21  23  24  28  38  49  52  42  32  29  28  24  18
  16  16  17  18  18  17  17  17  17  17  17  17  18  19  19  18  19  19
  20  20  20  19  19  19  20  19  19  19  18  17  17  17  17  18  18  18
  20  22  23  23  23  24  28  31  35  36  36  47  55  60  77  88  99 120
 145 174 191 191 193 192 188 185 187 187 192 188 187 189 188 192 191 190
 189 188 187 187 188 189 189 189 189 189 189 188 187 187 187 188 187 187
 188 188 188 188 188 188 187 186 186 187 187 187 187 187 187 186 186 187
 187 187 187 187 186 186 186 186 185 185 186 186 187 187 187 187 187 187
 186  29]"
"[ 30  28 166 167 167 166 168 168 169 169 171 172 172 172 171 170 172 173
 173 173 173 174 174 174 175 175 176 177 179 179 179 179 178 176 179 178
 175 178 177 166 113  44  47  38  37  30  29  26  23  23  21  18  16  17
  17  16  17  15  18  21  23  24  28  40  54  55  40  29  29  28  24  18
  16  16  17  18  19  18  18  18  17  17  16  16  18  20  20  19  19  19
  19  20  20  20  19  18  20  19  19  19  19  19  18  18  18  18  19  20
  22  24  25  24  24  27  35  41  48  45  44  60  82  87 101 105 131 165
 186 194 189 188 190 187 186 188 187 186 184 187 190 187 188 189 185 190
 188 188 187 187 187 187 188 189 188 188 188 188 187 187 187 188 187 187
 187 187 187 187 187 187 187 186 185 186 186 186 187 187 187 186 185 185
 186 185 185 186 186 186 185 185 184 185 185 186 186 186 185 186 185 186
 185  28]"
"[ 29  28 166 166 169 169 169 169 169 170 171 170 170 170 172 172 172 172
 173 173 173 173 173 173 175 175 176 177 177 178 178 179 179 176 177 175
 177 181 179 147  72  38  41  38  29  33  25  26  24  23  20  18  17  16
  15  14  17  18  17  21  26  27  36  53  57  49  30  31  33  26  26  17
  16  16  17  17  18  18  18  17  18  18  17  18  19  20  20  20  20  20
  17  18  21  19  20  19  20  19  21  20  19  19  18  20  19  20  18  22
  25  23  27  34  35  40  44  59  69  81  94 107 115 124 140 161 181 191
 190 186 187 187 187 187 187 187 187 187 187 187 188 188 189 189 189 188
 187 187 187 187 186 187 188 189 188 188 188 187 187 187 187 188 186 187
 187 188 188 187 187 186 186 187 187 187 187 187 186 186 186 187 187 186
 185 185 185 184 186 185 185 185 185 185 185 184 186 186 186 185 186 187
 184  29]"
"[ 29  29 166 166 169 169 169 169 169 170 171 170 170 170 171 172 172 172
 172 173 173 174 174 174 174 175 175 175 176 176 176 176 175 175 176 174
 175 178 173 127  54  38  38  34  27  27  22  24  24  22  20  19  18  17
  17  17  16  18  19  24  30  36  45  57  51  38  34  36  32  29  25  17
  16  16  16  17  17  18  18  17  18  18  17  18  18  19  19  18  18  19
  17  20  23  22  23  23  24  21  24  25  24  23  18  18  22  23  22  25
  29  33  36  34  44  54  68  85  98 108 129 147 167 177 186 190 188 186
 187 190 187 187 187 187 187 187 187 187 187 187 187 188 188 188 188 187
 186 186 186 186 186 187 187 187 188 188 188 187 187 186 187 187 186 187
 187 187 187 186 185 185 186 186 186 186 187 186 185 184 184 185 185 183
 183 183 183 182 181 182 182 183 184 185 185 185 184 184 184 183 183 184
 181  28]"
"[ 29  29 166 165 168 168 169 169 169 170 171 170 170 170 171 172 172 172
 172 172 173 174 175 175 174 174 174 174 174 174 174 174 175 176 177 174
 175 177 161  99  36  38  33  29  27  23  22  22  21  20  19  18  17  17
  17  18  16  18  20  24  32  42  50  54  42  30  40  41  32  31  24  17
  16  17  18  18  19  19  19  19  19  18  18  18  18  18  18  18  18  20
  19  22  25  22  23  24  25  22  24  24  23  23  20  21  24  24  24  29
  32  39  53  60  76  85 102 120 141 152 171 184 187 187 187 186 186 186
 185 184 187 187 187 187 187 187 187 187 187 187 187 187 187 187 187 186
 187 186 186 186 187 187 187 186 188 187 187 187 187 186 186 185 186 186
 186 186 186 185 184 184 185 185 185 186 187 186 184 183 184 184 183 182
 182 182 182 181 181 182 182 183 183 184 184 184 183 183 183 182 182 182
 181  28]"
"[ 29  29 165 165 167 167 168 168 168 169 170 170 170 170 171 171 171 171
 172 172 173 174 174 175 174 174 174 174 174 173 173 173 173 173 173 172
 172 176 138  69  31  36  29  25  26  24  23  21  19  19  18  17  16  16
  17  18  17  18  20  24  34  46  50  44  34  34  47  43  32  32  25  17
  16  18  20  21  21  20  19  19  20  19  19  19  19  19  20  20  20  22
  22  26  28  25  25  25  29  30  31  27  26  26  24  26  25  26  26  33
  45  58  79  95 111 127 148 168 184 187 190 190 185 185 184 184 186 188
 188 188 187 187 187 186 186 186 186 187 187 187 187 187 187 187 186 185
 186 186 185 186 186 187 186 186 187 186 186 186 187 186 185 184 185 185
 185 184 184 183 183 182 184 184 184 184 185 185 184 183 184 183 182 181
 181 182 182 182 182 183 183 183 182 182 182 182 183 182 183 181 181 181
 181  29]"
"[ 29  29 165 164 166 166 167 168 168 169 169 169 169 170 170 170 171 171
 172 172 173 173 173 173 173 173 173 173 173 173 173 173 173 170 172 172
 172 173 112  52  34  32  29  25  24  25  24  22  20  20  19  18  17  17
  17  18  18  19  21  28  38  47  45  35  32  45  50  40  33  32  26  18
  15  18  21  23  22  20  19  18  20  20  20  20  20  21  22  23  21  23
  23  29  34  32  31  31  31  38  37  30  32  34  27  26  26  32  32  44
  68  83  98 114 138 161 178 188 187 185 184 184 183 185 186 185 184 184
 185 185 186 187 187 187 186 186 186 187 188 187 187 187 187 186 186 185
 185 185 185 184 184 184 185 186 185 185 184 185 186 186 185 184 183 183
 183 183 182 182 181 181 183 183 183 182 181 181 181 182 182 181 180 180
 181 181 181 181 181 181 182 182 181 181 182 182 182 181 181 180 179 180
 180  29]"
"[ 29  29 166 165 167 166 167 167 168 169 169 168 168 169 169 169 171 171
 172 172 172 172 172 171 172 172 172 173 173 173 173 173 173 171 172 172
 174 160  86  48  38  31  31  27  22  24  24  25  22  21  20  18  17  17
  17  18  19  21  24  30  37  40  35  28  37  54  48  37  36  33  26  20
  17  20  23  24  23  21  20  20  21  21  21  22  22  23  25  26  23  24
  24  34  41  39  36  33  33  46  40  29  40  48  39  37  43  50  56  74
  92  97 115 142 172 185 186 186 181 185 186 186 185 185 184 185 187 188
 187 185 186 187 187 187 187 186 186 187 187 187 186 186 186 186 185 185
 185 185 184 184 183 183 184 186 184 183 183 184 185 185 184 183 183 183
 183 182 182 182 182 181 183 183 183 181 179 179 179 181 180 179 179 180
 180 180 180 181 181 181 181 181 181 181 181 181 181 179 180 179 179 179
 179  29]"
"[ 29  29 166 165 166 166 166 167 167 168 168 168 168 169 169 169 171 171
 171 171 171 171 171 171 172 172 172 172 172 172 172 172 170 171 170 169
 174 136  60  45  37  32  30  26  24  24  23  24  22  21  19  18  17  17
  17  17  19  22  26  29  32  28  28  33  48  54  43  36  39  33  25  22
  21  23  24  24  22  21  21  22  22  23  24  24  25  26  28  29  26  26
  28  39  49  46  40  35  38  60  54  38  55  70  64  64  75  81  91 106
 113 120 148 177 182 186 181 181 184 186 185 180 182 184 186 185 184 184
 185 186 184 186 187 187 187 186 186 186 187 186 185 185 185 185 185 184
 185 184 184 183 183 183 184 185 183 182 182 182 183 183 182 182 183 183
 183 182 182 182 181 181 182 182 182 181 179 179 179 180 180 179 180 181
 180 179 179 180 182 181 181 180 180 180 180 180 180 178 179 179 179 179
 179  29]"
"[ 29  29 166 165 166 165 165 166 166 166 167 168 169 170 171 170 171 171
 171 171 171 171 172 172 172 172 172 172 172 172 172 172 170 175 172 168
 175 118  46  45  35  33  25  23  25  24  21  20  23  21  19  18  18  18
  17  17  18  23  25  27  27  23  29  45  58  51  39  37  40  33  22  23
  23  24  24  22  20  20  21  24  24  25  26  26  27  28  30  32  29  28
  31  45  56  53  45  38  40  72  69  51  68  85  79  82  97 102 110 116
 124 149 179 187 180 183 183 180 183 180 184 185 183 184 184 184 186 186
 185 183 183 185 186 187 186 185 185 185 186 185 185 185 185 185 184 184
 184 183 182 182 183 183 183 183 182 182 181 181 182 182 181 181 182 182
 182 181 181 180 180 180 180 180 179 179 179 179 179 179 180 179 180 181
 180 178 178 179 179 179 178 178 179 180 180 179 180 177 178 179 179 179
 179  28]"
"[ 29  30 163 165 164 165 165 166 166 167 168 167 167 168 170 171 170 170
 171 171 171 171 171 171 171 171 171 172 172 171 171 172 172 170 171 174
 166  97  39  35  31  28  26  26  24  23  23  20  21  20  19  18  16  16
  17  19  21  22  23  26  24  29  47  60  62  40  38  42  53  32  19  21
  24  23  27  24  19  20  22  25  26  28  25  27  31  30  33  37  34  31
  35  48  62  57  58  43  51  85  76  64  81 101  89  93 103 110 125 148
 171 184 186 183 182 181 181 180 180 181 181 182 182 183 183 183 183 183
 183 183 183 185 186 185 184 183 183 183 183 183 183 183 183 183 183 183
 183 182 182 182 182 182 181 181 181 181 181 181 181 180 181 181 180 180
 180 180 180 179 178 178 178 178 178 179 179 179 179 179 178 179 179 179
 178 178 179 179 179 179 179 179 180 179 178 177 177 178 180 178 178 177
 174  29]"
"[ 29  30 163 165 164 164 165 165 165 166 166 167 167 167 168 168 168 168
 168 169 169 170 171 171 171 171 171 172 171 170 169 169 168 167 168 170
 161  85  36  31  30  26  25  25  24  24  24  22  20  19  18  17  16  16
  17  19  22  23  22  24  27  37  56  65  48  31  34  44  48  29  19  21
  25  26  30  25  20  21  22  23  23  30  30  31  34  33  36  41  39  42
  45  57  74  70  69  49  65  96  92  90 109 131 133 146 164 169 178 183
 185 184 183 181 182 181 181 181 181 181 182 182 182 182 183 183 183 183
 182 182 182 184 185 184 183 182 182 182 182 182 182 182 182 182 181 181
 182 182 182 182 182 182 181 180 180 180 180 181 181 180 180 180 181 181
 180 180 179 179 179 179 179 179 179 179 179 179 180 180 179 179 180 180
 179 179 179 179 179 178 178 178 179 179 177 176 177 176 177 175 176 175
 173  29]"
"[ 29  30 162 164 163 163 164 164 164 165 166 167 168 167 166 165 166 166
 166 167 167 168 169 170 171 171 171 171 171 169 168 168 168 168 168 171
 158  74  37  32  29  25  24  24  23  24  24  22  19  18  18  17  17  17
  18  19  19  20  20  27  37  49  58  56  43  32  39  54  47  27  23  24
  25  28  32  27  22  23  23  25  29  35  34  33  35  35  39  43  39  52
  53  64  83  85  84  61  89 116 113 119 145 174 178 177 185 185 184 181
 178 178 178 180 180 180 180 181 181 181 181 181 182 182 183 183 183 182
 182 181 182 183 184 183 182 181 181 181 181 181 181 181 181 180 180 180
 181 181 181 182 182 182 180 179 179 179 179 180 180 180 179 179 180 180
 179 179 178 178 178 178 179 179 179 179 179 179 179 179 179 179 179 179
 179 179 178 178 177 176 176 176 177 177 176 174 176 174 175 172 173 173
 172  29]"
"[ 29  29 161 163 162 162 162 162 164 165 166 167 167 167 166 165 167 166
 166 166 166 167 168 169 169 169 169 170 170 169 168 168 168 167 167 170
 149  66  34  32  29  25  23  24  23  23  23  20  19  18  17  17  17  17
  18  19  20  23  28  37  47  54  55  48  43  38  46  63  44  25  23  23
  29  33  37  31  26  25  25  30  38  41  38  40  44  44  46  49  45  69
  69  79  87  92  94  79 115 139 148 166 178 181 181 182 179 178 177 179
 181 182 180 179 179 180 180 180 181 181 181 181 181 182 182 183 182 182
 181 180 182 183 183 182 181 181 181 181 180 180 181 181 180 180 180 180
 180 180 181 181 181 181 180 179 179 178 178 179 180 179 179 179 178 178
 179 179 179 178 176 175 178 178 178 178 178 178 178 178 178 178 178 179
 179 178 177 176 176 175 174 175 175 175 174 173 175 173 173 170 171 171
 172  29]"
"[ 28  29 161 162 162 162 162 161 163 164 166 166 166 166 166 167 167 166
 166 166 166 167 168 168 168 167 168 168 169 169 169 170 169 166 168 172
 142  62  30  29  28  24  24  25  24  23  22  19  19  18  17  17  17  17
  17  18  18  24  30  35  36  39  46  47  44  43  50  64  42  26  25  23
  35  40  43  36  32  32  33  39  44  47  46  52  58  57  59  64  71  96
  92 104 102 112 119 118 149 174 181 182 179 178 181 176 177 178 179 179
 179 178 178 179 179 180 180 181 181 181 181 181 181 181 182 182 182 181
 180 180 181 182 182 181 181 181 181 180 179 179 180 180 180 180 180 180
 180 180 180 180 180 180 180 179 180 178 178 179 179 179 179 180 179 179
 179 179 179 178 176 176 177 177 178 179 179 179 179 179 178 178 178 178
 178 178 176 175 175 175 174 174 175 175 174 173 174 172 172 170 171 171
 171  30]"
"[ 29  30 161 163 162 162 162 162 162 163 164 164 164 164 165 167 165 165
 165 165 166 166 167 168 167 167 167 167 168 168 168 169 169 167 171 175
 137  58  28  27  26  23  24  25  24  23  22  20  18  17  16  16  15  15
  16  17  22  27  31  32  32  37  48  53  47  47  53  61  44  31  27  26
  37  45  48  42  43  48  50  53  56  59  58  61  66  68  76  85  97 109
 101 118 124 148 160 166 182 181 176 178 178 175 179 181 181 181 180 178
 177 178 180 183 179 179 180 180 180 180 180 180 181 181 181 181 181 181
 180 180 180 181 181 180 179 180 180 179 178 178 179 179 179 179 179 179
 180 180 179 179 179 179 179 179 180 178 177 178 179 179 179 179 180 179
 178 177 177 177 177 177 176 177 178 179 179 179 178 178 177 177 177 177
 176 176 175 174 174 173 173 173 173 173 173 172 173 171 172 171 171 170
 171  29]"
"[ 29  29 161 162 162 162 162 162 162 162 163 162 162 163 164 166 164 164
 165 165 166 166 167 167 167 167 167 167 167 167 167 167 167 167 169 171
 130  48  29  26  25  23  24  25  24  23  23  21  18  18  17  16  15  15
  17  19  21  24  24  26  30  41  51  51  47  48  53  55  47  40  30  29
  41  55  58  50  57  70  70  67  74  79  76  75  79  85  95 103 113 119
 120 139 150 173 180 183 175 179 179 176 177 178 179 177 178 178 179 180
 180 180 178 177 179 179 179 179 179 179 179 179 181 181 181 181 180 180
 180 180 179 180 179 179 179 179 179 179 178 178 179 179 179 179 178 178
 179 179 179 179 179 179 179 179 179 178 177 177 178 178 178 178 178 177
 176 175 175 176 177 178 176 176 177 177 178 177 177 176 175 175 175 175
 174 173 173 173 173 172 171 171 172 172 172 171 172 170 171 170 170 169
 170  29]"
"[ 28  29 160 162 162 162 162 161 163 162 162 162 162 163 164 164 164 164
 165 165 166 166 167 167 166 166 167 167 167 166 166 166 167 168 167 167
 126  41  34  29  25  23  24  25  24  23  23  22  19  18  17  17  16  16
  18  21  21  24  23  23  29  44  56  54  46  49  54  53  54  51  38  37
  50  66  69  59  69  86  83  74  87  94  92  92  99 107 113 114 132 144
 162 178 178 181 177 174 180 178 179 178 180 179 177 178 178 178 179 179
 179 179 179 180 180 179 179 179 179 179 179 180 181 181 180 180 180 180
 180 180 179 179 179 178 179 179 179 179 179 179 179 179 179 178 178 178
 179 179 179 179 180 179 179 178 178 177 176 177 178 178 177 177 175 175
 175 175 176 176 177 177 176 176 176 177 176 176 176 175 175 175 175 174
 173 173 173 173 172 172 171 171 172 172 172 171 171 169 170 169 170 168
 169  28]"
"[ 29  31 160 161 162 160 162 161 161 162 162 162 162 162 162 163 164 163
 162 163 164 165 165 166 166 166 167 167 167 166 166 165 165 166 168 166
 116  41  32  27  23  23  23  23  23  22  22  21  20  20  18  16  16  17
  18  18  18  20  22  24  33  49  55  48  44  48  54  60  62  56  50  51
  60  73  75  73  82 102  89  87 103 104  98 104 106 125 140 150 172 175
 178 178 176 175 176 178 178 178 178 178 178 178 179 179 179 179 179 179
 180 180 179 179 179 179 179 179 179 179 179 179 178 179 179 179 179 179
 179 179 179 179 179 178 177 177 178 178 177 178 178 178 178 177 177 177
 176 178 179 179 179 179 178 177 178 177 176 176 175 175 175 175 176 175
 175 175 175 175 175 175 176 176 175 175 175 175 176 176 174 174 174 173
 172 172 172 172 172 172 171 171 171 172 171 170 171 169 166 168 166 165
 167  28]"
"[ 28  30 158 159 160 159 160 160 160 161 162 162 162 162 162 163 165 163
 162 162 163 163 163 164 164 165 166 166 166 166 165 164 165 165 165 162
 101  33  28  25  24  24  24  23  22  21  20  19  19  19  18  17  16  17
  17  17  18  20  23  28  40  53  54  45  48  52  57  62  66  64  63  65
  71  74  78  85  98 106 101  96 106 114 119 140 152 168 175 179 175 176
 176 175 174 174 176 177 178 177 177 177 177 178 178 179 178 178 178 178
 179 179 179 179 179 179 179 179 180 180 179 179 179 179 179 179 179 179
 179 178 178 178 177 177 177 178 177 177 175 175 176 176 176 176 176 176
 176 177 178 178 177 177 177 176 177 176 176 175 175 175 175 175 175 175
 175 175 175 175 175 175 175 175 175 174 174 174 174 174 175 174 174 173
 172 172 172 172 171 171 170 170 170 171 170 170 170 170 168 169 167 167
 168  29]"
"[ 28  29 157 157 159 158 160 159 159 160 161 161 161 161 162 162 165 164
 162 162 162 162 163 164 164 164 165 166 166 165 165 164 164 163 164 160
  85  30  27  27  25  24  24  23  22  20  18  17  17  17  17  16  16  16
  16  16  16  19  22  31  45  55  53  46  52  57  61  64  68  69  70  73
  81  78  84  91 103 101 107 102 128 155 170 180 177 178 174 173 176 175
 174 173 174 175 175 176 176 176 176 176 176 177 177 177 176 176 176 176
 177 178 179 179 178 178 178 179 180 180 179 179 179 179 179 179 179 179
 179 178 177 176 175 176 177 177 176 175 174 175 175 175 176 176 176 176
 176 177 177 177 176 176 176 176 175 175 175 174 175 175 175 175 175 175
 175 175 175 174 174 174 175 175 175 174 174 174 174 174 175 174 173 172
 171 171 171 171 170 170 170 169 169 170 170 169 167 168 168 168 166 167
 166  29]"
"[ 29  30 156 157 158 158 159 159 159 159 160 161 161 161 161 161 164 163
 162 162 162 162 163 164 164 164 164 164 164 164 164 164 162 160 165 159
  75  32  31  30  25  25  24  23  21  19  18  17  16  16  16  16  16  16
  16  16  19  23  26  34  48  54  52  51  49  56  62  66  71  74  76  78
  80  80  85  86  99 104 115 118 151 172 176 176 174 177 174 173 174 174
 174 175 175 176 175 174 176 175 175 175 176 176 176 177 176 175 175 175
 176 177 178 178 177 176 176 177 179 179 179 178 178 178 178 178 178 177
 177 177 176 176 175 175 176 176 176 175 175 175 175 175 175 175 175 175
 176 176 176 175 175 175 175 175 174 174 174 174 174 174 174 174 175 174
 174 174 173 173 173 173 174 174 173 173 173 173 174 174 173 172 172 171
 171 171 170 169 170 170 169 168 169 169 170 169 166 168 168 167 166 167
 165  29]"
"[ 30  30 156 156 157 157 159 159 159 159 159 160 160 160 160 160 161 161
 161 162 162 162 162 163 163 162 162 162 162 162 163 163 161 159 165 152
  65  34  33  30  26  25  24  23  21  20  18  18  18  17  16  16  16  16
  17  18  21  26  29  34  42  44  43  46  45  52  58  62  65  68  69  71
  75  78  82  79  90 102 113 131 169 173 167 170 172 172 172 176 173 174
 175 176 176 175 175 174 175 175 175 175 175 176 176 176 176 175 175 175
 176 176 177 176 176 175 175 176 177 178 178 178 176 176 176 176 175 175
 175 175 176 176 175 175 175 175 175 175 174 174 175 175 175 175 175 175
 174 174 174 173 173 174 174 174 174 174 174 174 174 174 174 174 174 174
 173 173 173 173 172 173 173 172 172 171 171 171 172 172 171 171 171 172
 172 171 169 168 169 169 168 167 168 169 169 168 168 167 166 165 166 167
 164  30]"
"[ 29  29 156 155 156 156 158 158 159 159 159 159 159 159 159 159 161 161
 161 162 162 161 161 162 162 162 162 161 161 162 162 163 162 159 165 139
  56  33  32  28  25  25  24  23  22  20  19  19  19  17  16  16  16  16
  17  19  20  24  29  32  34  34  36  40  43  49  52  54  57  58  59  60
  68  75  82  80  81  91 105 141 167 172 172 174 174 171 172 176 174 175
 175 175 174 174 174 175 174 174 175 175 175 175 175 175 176 175 175 175
 175 175 175 175 175 175 175 175 177 177 178 177 175 175 175 175 175 175
 174 174 175 175 175 175 174 174 175 175 174 174 174 174 174 175 175 175
 174 174 174 173 174 174 175 174 174 174 174 174 174 174 174 174 173 173
 173 173 173 173 173 173 173 173 172 171 171 171 171 171 169 170 170 171
 171 169 167 166 166 166 165 165 165 165 165 164 165 163 162 160 162 163
 159  30]"
"[ 28  29 156 155 156 155 157 158 159 158 157 157 158 159 159 159 160 160
 161 161 161 160 161 161 162 162 162 162 162 162 162 162 162 161 166 128
  51  31  32  26  24  24  24  24  23  21  19  18  19  17  16  16  16  15
  17  19  21  23  29  32  32  33  37  40  43  47  51  54  57  59  60  62
  63  73  83  87  86  96 122 161 172 174 171 169 171 173 175 171 174 174
 174 173 173 173 173 174 173 174 174 174 174 175 174 174 175 175 175 175
 175 174 174 173 173 173 174 175 176 176 176 176 175 175 175 175 175 175
 175 175 174 174 174 174 174 174 173 173 173 173 173 173 173 173 174 174
 174 174 173 173 173 174 174 173 173 173 173 173 173 173 173 173 171 172
 172 173 172 171 170 170 171 171 171 170 170 169 168 168 166 166 167 166
 165 164 163 162 160 160 160 160 160 160 160 159 159 156 157 155 157 156
 154  29]"
"[ 28  29 156 156 156 155 157 158 158 157 156 156 157 159 159 160 159 159
 159 159 159 159 160 161 161 161 162 162 162 162 161 161 161 161 167 122
  50  31  31  25  23  24  24  24  23  21  19  17  20  18  16  17  17  16
  17  19  22  22  26  29  28  31  37  39  46  49  53  56  59  59  59  61
  66  72  80  90  95 110 143 171 170 169 170 172 173 172 175 174 172 172
 172 173 173 174 173 173 173 173 173 174 174 174 174 174 174 174 174 174
 174 174 173 172 171 172 174 175 175 175 174 174 174 174 174 174 174 174
 174 174 174 173 172 173 174 174 172 171 173 172 172 172 171 171 171 171
 172 172 172 171 172 172 171 170 170 170 171 171 171 171 171 171 169 169
 170 170 170 168 165 164 165 166 166 167 166 165 164 163 163 163 163 161
 159 158 158 158 156 156 156 156 156 157 156 155 156 153 155 154 155 154
 152  30]"
"[ 29  29 155 155 155 154 157 157 157 157 157 158 158 158 158 159 158 158
 159 160 160 160 159 158 159 161 162 162 161 161 161 160 160 162 163 122
  40  32  33  29  25  24  24  24  22  21  21  18  19  18  17  16  15  16
  16  17  18  21  23  25  28  30  34  39  45  49  52  54  56  58  58  56
  63  71  80  97  96 120 154 170 170 171 172 172 172 173 173 173 172 172
 173 173 173 173 172 172 172 173 174 175 174 173 173 174 173 174 174 174
 174 174 174 173 172 173 173 174 174 174 174 174 174 174 173 174 175 175
 174 173 173 173 173 172 172 172 172 172 173 171 170 170 171 172 171 170
 170 170 169 169 168 168 168 168 167 167 166 165 164 164 165 165 164 164
 164 164 164 163 162 161 163 162 161 161 161 160 159 159 159 160 159 158
 157 156 155 154 155 155 154 154 154 154 154 154 154 154 154 151 152 152
 152  29]"
"[ 28  28 154 153 154 153 155 155 155 156 156 157 158 158 158 158 155 156
 157 158 159 159 159 159 159 160 161 160 160 160 160 160 159 161 162 122
  41  32  33  30  27  25  24  23  22  22  22  20  20  19  18  17  16  16
  16  16  17  20  21  24  28  31  35  39  46  47  49  51  54  58  59  58
  66  74  86 100 102 133 163 173 169 170 171 171 171 172 172 172 171 171
 172 172 172 172 172 172 172 172 172 173 173 173 173 173 173 173 173 173
 173 173 173 172 172 172 172 173 173 173 172 172 170 171 171 171 172 172
 172 171 170 170 170 169 169 169 169 169 167 167 167 167 168 168 168 167
 166 166 165 165 164 164 164 164 164 164 163 162 162 162 162 162 162 162
 162 162 162 162 161 160 159 159 158 158 158 158 158 158 157 157 156 155
 155 155 154 153 153 153 153 153 153 153 153 153 153 152 152 150 150 149
 150  28]"
"[ 29  29 154 153 154 153 155 154 154 155 156 158 158 158 157 156 155 156
 157 158 159 159 159 159 159 160 160 159 158 159 159 159 159 161 161 124
  44  32  34  31  29  26  24  23  22  23  23  22  21  20  19  17  16  16
  16  16  16  19  20  23  28  32  36  39  45  44  44  46  50  54  57  59
  62  74  93 102 104 140 163 170 169 171 172 172 171 172 171 171 171 171
 171 171 172 172 172 172 172 171 170 171 172 172 172 171 171 170 170 169
 170 171 171 170 171 170 171 171 171 171 170 168 167 168 168 169 168 168
 168 169 168 167 167 167 166 166 166 166 163 163 164 165 166 166 165 163
 163 163 163 162 162 162 162 162 162 162 162 161 161 161 161 161 161 161
 161 161 161 161 160 160 159 159 158 158 157 157 158 158 156 156 155 154
 154 155 154 153 153 153 153 153 153 153 153 153 153 151 151 150 150 148
 148  28]"
"[ 30  29 153 153 154 154 155 154 154 155 156 157 157 157 156 155 157 157
 157 157 157 158 158 159 159 159 159 158 157 158 159 159 159 160 159 128
  48  31  35  32  31  26  24  22  21  22  23  22  20  19  19  18  17  16
  16  16  17  19  20  23  29  34  37  40  42  39  39  42  45  47  51  55
  55  68  94 104 111 153 168 171 169 170 172 172 171 171 171 170 169 169
 169 169 170 170 171 171 170 170 169 168 168 169 170 169 168 167 166 165
 166 168 168 167 169 168 168 169 169 169 167 166 166 166 166 166 166 166
 166 165 166 165 165 165 165 164 164 164 162 162 162 163 164 164 163 162
 163 163 162 162 162 162 162 162 162 162 162 162 162 161 161 161 161 161
 161 161 161 161 160 159 159 160 159 159 158 158 158 158 157 157 155 154
 155 155 155 154 154 154 154 154 153 153 153 153 153 151 152 152 151 148
 148  29]"
"[ 29  28 152 152 153 153 155 154 153 154 154 155 155 155 155 154 158 157
 156 155 155 156 156 157 159 160 160 159 159 159 159 159 159 159 158 134
  54  32  35  33  31  26  24  23  21  22  22  21  21  20  19  19  18  17
  17  17  18  20  21  24  31  36  39  40  38  37  37  39  40  40  43  48
  54  64  91 105 122 165 169 166 166 168 169 169 168 168 168 167 166 166
 166 167 167 167 168 168 168 168 168 166 165 166 167 167 167 165 163 162
 163 165 166 165 166 166 166 167 168 167 166 165 166 165 164 165 165 165
 164 163 163 163 163 163 163 162 162 162 162 161 161 162 162 162 161 161
 162 162 162 162 162 162 162 162 162 162 163 163 163 162 161 161 162 161
 161 161 161 160 160 159 158 159 159 159 158 157 157 157 158 157 156 155
 154 155 155 154 154 154 154 154 153 153 152 152 153 151 152 152 151 148
 149  29]"
"[ 29  28 152 151 153 153 155 154 153 153 153 153 154 155 155 155 157 156
 155 154 154 155 156 157 159 160 161 160 160 160 160 160 160 158 158 142
  64  34  36  34  31  26  24  24  22  21  22  21  23  22  21  20  19  19
  19  19  21  22  22  25  32  37  39  40  36  36  37  38  37  35  38  42
  51  64  91 106 126 165 162 161 164 165 165 165 166 166 166 165 165 165
 165 165 165 165 166 166 166 167 166 164 163 164 165 165 166 165 163 161
 162 163 164 164 164 164 164 165 166 166 165 165 164 163 163 163 165 165
 164 162 162 162 162 162 162 162 162 161 162 162 162 161 161 161 161 161
 162 162 162 162 162 162 162 162 161 162 162 162 162 161 161 160 162 161
 161 160 160 160 159 159 158 158 159 159 158 158 157 157 158 158 157 155
 155 155 155 155 154 154 154 154 154 154 153 153 153 151 152 151 151 149
 150  29]"
"[ 30  28 153 151 152 152 154 154 152 152 153 153 154 155 155 156 156 155
 154 154 154 155 157 158 159 160 160 160 159 160 160 160 160 158 159 151
  73  37  36  33  30  26  24  24  23  22  22  22  24  23  22  21  20  21
  21  21  23  24  24  26  32  38  40  40  36  36  36  36  35  34  36  39
  46  67  96 109 130 165 162 164 163 163 163 163 164 165 165 163 164 164
 165 165 165 165 164 164 165 165 165 162 162 164 164 164 165 165 164 162
 162 163 163 162 162 163 163 163 164 164 165 164 163 163 163 163 164 164
 163 162 162 162 162 162 162 162 162 162 163 162 162 162 162 162 162 162
 162 162 162 162 162 162 162 162 161 161 161 161 161 161 160 160 161 161
 160 160 160 160 160 160 160 159 159 159 159 158 158 157 157 158 157 156
 155 155 155 155 154 154 154 155 154 154 153 153 152 152 152 151 151 151
 151  29]"
"[ 29  28 152 151 151 151 152 152 152 152 152 153 153 154 154 154 154 154
 154 154 155 156 157 157 157 158 159 158 158 158 159 159 159 156 158 154
  78  37  35  31  30  26  25  25  23  22  23  24  23  23  22  21  21  21
  22  23  24  25  25  26  32  38  39  39  36  36  35  35  34  34  36  37
  48  72  97 110 131 165 159 161 162 162 161 161 163 164 164 163 164 164
 164 164 164 164 163 163 164 164 163 161 162 164 165 163 164 164 164 163
 162 162 162 161 162 162 162 163 163 163 164 164 164 164 164 164 163 163
 162 162 162 162 162 162 162 162 162 162 162 162 162 162 161 161 162 162
 162 162 162 162 162 162 162 162 162 162 161 161 161 161 160 160 161 160
 160 160 161 161 161 161 160 159 158 158 157 157 156 155 155 157 157 156
 154 154 155 155 154 154 154 154 154 153 152 151 151 151 152 150 151 151
 151  28]"
"[ 28  29 152 152 152 154 153 154 153 154 154 153 153 153 153 154 154 154
 154 154 155 155 155 156 157 157 157 157 157 157 158 158 158 153 152 156
  92  35  32  31  28  25  23  22  24  24  23  22  22  20  20  20  20  20
  21  23  24  24  26  28  32  35  37  38  36  36  36  37  34  33  37  43
  52  77  96 104 134 162 160 161 162 162 162 162 163 163 162 162 162 162
 163 163 164 164 163 162 164 163 161 161 163 164 164 163 163 163 163 162
 162 163 162 161 160 161 161 162 163 163 164 164 162 163 164 163 162 162
 162 163 161 161 161 162 162 162 162 161 161 162 162 162 162 162 162 163
 162 162 162 162 162 162 162 162 162 162 161 160 160 160 160 159 160 160
 160 160 159 159 159 160 160 159 159 159 159 159 158 157 158 158 157 156
 155 154 154 154 153 153 152 151 151 152 152 151 152 152 153 151 151 151
 151  30]"
"[ 28  29 151 151 151 152 151 152 152 153 154 154 154 154 154 154 154 154
 154 154 154 155 155 155 155 155 156 156 156 156 155 155 156 153 155 155
 113  46  35  33  29  27  24  23  24  24  23  22  21  20  19  19  19  18
  20  22  22  23  25  28  31  34  36  37  37  36  37  37  35  33  36  40
  57  76  94 104 137 164 161 162 162 162 162 162 162 162 162 162 162 162
 162 163 164 164 164 163 164 163 161 161 163 164 164 163 163 163 163 162
 162 162 162 161 162 162 162 162 162 162 162 162 162 162 163 163 162 162
 162 162 162 162 162 162 162 163 162 162 162 162 162 162 161 161 161 162
 163 163 162 162 162 162 162 162 163 162 161 161 160 160 159 158 160 160
 161 161 160 160 160 160 160 159 159 159 159 158 157 157 157 157 156 156
 155 155 154 154 154 155 154 152 152 153 153 151 152 151 151 150 150 149
 150  29]"
"[ 29  30 151 151 151 152 150 150 151 152 153 154 154 154 153 153 154 154
 154 154 154 154 154 154 154 155 156 157 156 155 154 154 154 155 155 155
 131  58  32  32  30  28  25  24  24  24  23  22  21  20  19  18  18  18
  19  21  23  24  25  28  30  33  36  38  37  37  37  36  35  35  36  38
  59  77  96 109 138 160 158 163 162 162 162 162 162 162 162 163 162 162
 162 162 163 164 163 163 163 162 162 162 162 163 163 163 164 164 163 162
 162 162 162 162 163 163 162 162 162 162 161 161 162 162 162 162 162 162
 162 162 162 162 161 161 161 162 162 162 162 162 162 161 160 160 160 161
 162 162 162 162 162 162 162 162 162 162 161 161 161 160 159 158 159 159
 160 160 160 160 160 160 159 160 160 159 158 157 157 157 157 156 156 156
 155 155 155 155 154 154 154 153 153 153 152 151 152 151 151 149 149 149
 150  29]"
"[ 29  30 151 151 150 151 149 149 150 151 153 153 153 153 152 152 152 152
 152 153 153 153 153 154 154 155 157 157 156 155 154 154 154 155 151 155
 137  70  30  32  30  28  25  24  24  24  23  22  22  21  20  19  18  19
  20  21  24  24  24  26  30  34  37  39  36  36  36  36  36  37  38  38
  57  76  98 111 138 159 157 162 161 162 162 161 161 161 162 163 162 162
 161 162 162 162 162 162 162 162 162 162 162 162 163 163 164 164 163 162
 162 162 162 162 162 162 162 162 162 162 162 162 162 161 161 161 162 162
 161 161 162 161 161 161 161 162 162 162 162 162 162 161 160 160 160 161
 162 162 162 162 162 162 162 162 161 161 161 162 161 161 160 159 158 158
 159 160 160 160 160 160 160 160 160 159 157 157 157 158 156 156 156 156
 155 155 154 154 153 153 153 153 153 153 153 152 153 152 151 150 150 150
 151  29]"
"[ 28  29 150 149 149 151 149 149 151 151 151 152 152 152 151 151 150 150
 151 152 153 153 154 154 154 155 156 156 154 154 154 154 155 153 151 155
 142  82  35  35  31  29  26  24  24  24  24  23  22  22  21  19  19  20
  21  22  24  23  23  26  30  34  36  37  37  36  35  35  36  38  39  39
  58  75  96 110 137 162 159 160 161 161 161 161 160 161 161 162 163 162
 162 161 162 162 162 162 162 162 162 162 162 162 162 163 164 163 163 162
 162 163 162 161 162 162 162 162 162 162 162 162 162 161 161 161 161 162
 161 161 162 162 162 162 163 163 162 162 162 162 162 161 161 161 161 161
 162 162 162 162 162 162 162 162 161 161 162 162 162 161 160 159 158 159
 159 160 161 161 160 160 160 160 160 158 156 156 157 158 157 157 156 156
 155 154 154 154 153 153 153 154 154 154 153 152 153 152 152 151 151 151
 151  29]"
"[ 29  28 149 149 149 151 150 150 151 151 151 151 151 151 151 151 149 150
 151 152 153 154 154 154 154 155 155 154 154 153 154 155 155 150 154 153
 148  90  40  32  31  29  26  24  24  24  24  23  22  22  21  19  19  20
  22  22  23  23  24  27  32  35  36  36  38  36  36  36  37  39  40  42
  61  79 100 110 135 159 159 159 160 160 160 160 160 161 161 161 163 162
 162 162 162 163 162 162 161 162 162 162 162 162 162 162 163 163 162 162
 162 163 162 161 162 162 162 162 162 162 162 162 162 161 161 161 161 162
 161 161 162 162 162 162 162 162 162 162 162 162 162 161 161 161 162 162
 161 161 161 162 162 162 162 162 162 162 162 162 162 161 160 159 159 159
 159 160 160 160 160 159 160 160 159 158 156 156 157 158 157 157 157 156
 155 154 154 153 154 153 153 154 154 153 152 152 152 151 152 151 152 152
 151  28]"
"[ 30  29 149 148 149 151 151 151 151 151 151 151 152 152 152 152 151 151
 152 153 153 154 154 154 154 154 154 154 154 154 154 155 154 151 153 152
 152 102  42  30  32  29  27  24  24  24  23  23  22  22  21  19  19  21
  22  23  24  24  25  28  31  34  37  38  39  37  37  39  40  41  44  47
  60  79 103 113 134 157 158 160 160 160 160 161 161 161 161 160 161 161
 161 162 162 163 162 162 162 162 162 162 162 162 162 162 162 162 161 161
 161 162 162 162 162 162 162 162 162 162 162 162 162 162 161 161 162 162
 162 162 162 161 161 161 161 162 162 161 162 162 162 162 161 161 162 162
 161 161 161 161 161 161 161 161 162 162 162 162 162 162 161 160 160 159
 159 159 160 160 159 159 159 159 159 158 157 157 157 157 157 157 157 156
 155 155 154 154 154 153 153 153 153 152 152 152 152 151 152 152 153 152
 151  28]"
"[ 30  28 148 147 148 150 150 151 151 151 151 152 153 154 153 153 153 153
 154 154 154 154 154 153 154 154 154 154 154 154 154 154 153 154 150 153
 154 115  45  34  33  31  28  25  24  24  24  24  22  23  22  20  19  22
  23  24  24  24  25  26  28  32  37  40  39  38  39  42  43  44  47  52
  57  74  99 113 138 161 160 160 159 159 160 161 161 161 161 160 160 160
 160 161 162 162 162 162 162 162 161 162 162 162 162 162 162 162 161 160
 161 162 163 162 161 161 161 161 162 162 162 162 162 162 162 162 162 162
 162 162 162 162 161 160 161 162 162 162 162 162 162 162 161 161 161 162
 161 161 161 161 161 161 162 162 161 161 161 161 162 162 162 161 161 160
 160 160 160 160 160 159 158 159 159 159 158 157 157 157 157 157 157 156
 156 155 154 154 154 153 153 154 154 153 153 154 152 151 152 152 153 153
 152  29]"
"[ 29  30 149 150 150 150 151 153 151 151 152 153 154 153 153 153 152 153
 153 153 153 154 154 154 152 153 154 154 154 154 154 154 151 153 154 152
 153 120  44  30  31  32  32  29  26  24  24  24  22  22  22  22  22  22
  24  25  24  24  26  29  32  34  37  40  40  41  41  41  44  45  48  52
  54  78  97 110 140 160 159 160 160 160 160 161 161 161 161 162 160 160
 160 161 162 163 163 162 161 161 161 161 163 163 163 162 162 161 161 161
 162 162 162 162 162 162 162 162 161 161 160 160 161 161 162 162 162 162
 162 162 162 162 161 161 160 161 161 162 163 163 163 162 162 162 162 162
 162 162 161 161 160 160 160 160 160 160 159 160 161 161 161 161 160 160
 159 159 159 159 159 159 159 159 158 158 158 158 157 157 158 157 156 155
 155 155 154 154 154 154 154 154 154 154 153 153 152 151 152 151 151 151
 151  29]"
"[ 29  29 149 150 150 150 152 154 153 152 152 152 153 152 152 152 152 153
 153 153 153 154 154 154 153 153 154 154 154 154 154 154 155 155 153 153
 155 123  48  28  32  32  30  28  26  25  24  23  22  22  22  22  21  22
  23  24  24  24  26  30  32  33  35  38  39  40  40  41  44  46  49  53
  53  77  95 109 137 159 157 158 160 160 160 160 160 160 161 161 160 160
 160 161 162 162 162 162 161 160 160 160 161 161 161 160 161 160 160 161
 162 162 162 161 162 162 162 162 161 161 160 160 161 161 162 162 162 162
 162 162 161 161 160 160 160 160 161 162 162 162 162 161 161 161 161 161
 162 162 162 161 160 161 161 162 161 161 161 161 161 162 162 161 161 160
 160 159 158 158 158 158 160 159 158 158 157 157 156 155 157 156 155 155
 155 155 154 154 154 154 154 154 154 154 153 153 152 152 152 151 152 151
 151  29]"
"[ 28  29 149 151 151 151 153 154 154 153 152 152 152 152 151 151 152 153
 153 153 153 154 154 154 154 154 154 154 154 154 154 154 153 153 151 154
 157 130  58  31  32  31  29  27  25  24  23  22  21  22  22  22  21  22
  23  23  24  24  27  30  32  33  35  37  38  39  39  41  45  47  50  54
  55  77  96 112 136 161 157 158 159 159 160 160 160 160 160 160 160 160
 160 161 161 161 161 161 161 161 160 160 160 160 160 160 160 160 161 162
 162 162 162 162 162 162 162 161 161 161 161 160 161 161 162 162 162 162
 162 162 161 161 161 160 160 160 161 162 162 162 161 161 161 161 161 161
 161 161 161 161 160 161 162 163 162 162 161 161 161 162 161 161 162 161
 161 160 159 159 159 159 160 160 159 158 158 157 156 155 157 157 157 156
 156 155 155 154 154 154 154 154 154 154 154 153 153 152 152 151 152 151
 151  29]"
"[ 28  30 150 152 151 151 153 154 153 152 152 152 152 151 151 152 152 153
 153 153 153 154 154 154 154 154 154 154 154 154 154 154 155 155 152 155
 156 130  63  30  33  31  29  28  26  24  23  22  22  22  22  22  22  22
  23  23  23  24  27  30  32  33  35  36  38  39  40  42  46  49  51  55
  57  78  97 115 135 163 158 158 159 159 159 159 160 160 160 159 160 160
 160 160 160 160 160 160 161 161 161 160 160 160 161 161 160 160 161 161
 162 162 162 162 161 161 161 161 162 162 161 161 161 161 161 162 162 161
 161 161 160 161 161 160 160 160 161 161 162 162 161 161 161 161 161 161
 161 161 160 160 159 160 161 162 161 161 160 160 161 161 161 161 161 161
 160 160 160 160 160 161 160 160 159 159 159 158 158 157 159 158 158 157
 157 156 154 153 155 154 154 154 154 154 154 153 153 152 153 152 153 152
 152  29]"
"[ 28  30 151 152 152 151 152 152 151 152 153 153 152 151 152 154 153 153
 153 153 153 154 154 154 154 154 154 154 154 154 154 154 154 155 153 154
 154 130  65  31  33  32  31  30  29  26  25  24  22  22  22  22  22  23
  23  23  24  25  27  29  31  33  35  36  38  40  40  43  47  49  51  55
  57  75  97 113 131 161 157 158 158 158 158 159 159 159 159 159 159 160
 160 160 159 159 159 160 160 160 160 160 160 160 160 161 160 160 160 160
 160 161 161 162 161 161 161 162 162 162 162 161 161 161 161 161 161 160
 160 160 160 160 160 160 159 159 160 161 161 161 161 161 161 160 160 160
 161 161 160 160 159 159 160 161 160 160 159 160 160 161 161 161 159 159
 159 159 159 160 160 161 159 159 159 159 159 159 159 158 158 158 157 157
 157 156 155 154 155 154 153 153 153 154 153 153 153 152 153 152 153 153
 152  29]"
"[ 28  30 150 152 151 150 151 151 151 152 154 154 152 151 152 154 153 153
 153 153 153 154 154 154 154 154 154 154 154 154 154 154 152 153 152 153
 154 133  66  34  31  30  30  30  29  27  26  26  23  23  22  22  23  23
  24  24  25  26  27  28  30  32  34  36  38  39  40  42  46  48  51  56
  59  74  97 110 127 157 157 158 157 158 158 158 157 157 158 158 159 159
 159 159 159 159 159 159 160 160 160 160 160 161 161 160 160 160 160 160
 160 160 161 162 161 161 161 161 162 162 162 161 160 160 160 160 160 160
 160 159 160 160 161 160 160 160 160 161 161 161 161 161 161 161 161 161
 162 162 161 160 160 160 160 161 160 160 159 160 161 161 162 162 160 160
 159 159 159 159 160 160 160 160 160 160 160 159 159 159 158 158 157 157
 157 157 156 156 156 155 155 154 154 154 154 154 153 152 153 153 154 153
 152  29]"
"[ 28  30 150 151 150 150 151 151 152 152 153 153 152 151 152 153 153 153
 153 153 153 154 154 154 154 154 154 155 155 154 154 154 155 154 154 152
 155 135  62  32  31  28  27  28  28  26  24  24  24  23  22  22  22  23
  24  24  25  26  27  28  30  32  34  35  37  39  41  42  45  48  52  57
  63  73  97 105 122 152 157 158 157 158 157 156 155 155 156 157 158 159
 159 159 159 159 159 160 160 160 160 160 161 161 161 160 161 161 161 161
 160 161 161 162 161 160 160 161 162 162 161 160 160 160 160 160 160 160
 160 160 161 161 161 161 161 160 161 161 162 162 162 161 161 161 161 161
 161 161 161 161 160 160 160 161 161 160 160 160 161 161 162 162 161 161
 160 160 160 160 160 160 160 161 161 161 160 159 159 160 159 158 158 157
 158 158 158 158 157 156 155 154 154 154 154 154 154 153 153 153 154 154
 153  29]"
"[ 28  29 149 150 150 149 151 152 153 152 151 152 152 152 153 153 153 153
 153 152 153 154 154 154 154 154 154 155 155 155 154 154 154 152 152 152
 158 139  63  34  33  29  26  27  28  26  23  22  24  23  22  21  22  23
  24  24  24  25  27  28  30  33  35  36  37  40  41  43  46  48  53  58
  64  72  96 101 117 147 155 158 157 158 157 155 153 153 154 156 158 159
 159 159 159 159 159 160 160 160 160 161 161 161 160 159 160 161 161 161
 160 160 160 161 161 160 160 161 162 162 161 160 159 159 160 160 161 161
 161 161 161 161 161 161 160 160 160 160 161 161 161 161 161 161 161 161
 160 161 161 161 161 160 160 161 161 160 160 160 160 161 161 161 161 160
 160 160 160 160 160 160 159 160 160 160 159 159 159 159 159 158 157 157
 157 157 157 157 156 155 154 153 153 153 153 153 154 153 153 153 155 154
 153  29]"
"[ 29  31 151 152 151 151 152 153 153 152 152 152 152 152 151 151 154 154
 153 153 153 154 154 155 153 153 154 154 154 154 154 154 153 155 151 152
 153 138  68  29  33  32  30  29  27  25  24  23  24  24  24  23  22  22
  22  23  24  24  25  28  30  32  36  40  41  41  42  44  46  49  53  58
  64  74  94  99 114 145 156 158 158 158 158 157 156 154 155 155 158 158
 159 159 159 160 160 160 160 160 160 160 160 160 160 160 161 163 163 161
 159 159 160 161 161 161 161 162 162 161 161 161 160 161 161 162 162 162
 162 162 162 162 162 162 162 162 162 162 162 162 162 162 162 162 162 161
 161 160 160 160 161 161 161 161 161 161 161 161 161 161 161 161 162 161
 161 161 161 161 161 161 159 159 160 159 159 158 158 159 159 159 159 159
 159 159 158 157 156 155 154 154 155 155 154 154 154 153 155 153 153 154
 154  28]"
"[ 28  30 150 150 149 149 151 152 152 151 151 151 152 151 151 152 154 154
 153 153 153 153 153 153 154 154 154 154 154 154 153 153 153 153 151 151
 151 139  68  32  34  32  30  29  28  25  23  22  24  24  23  23  23  23
  23  23  25  24  25  27  30  33  36  39  41  41  43  45  46  48  53  57
  61  72  89  95 111 146 158 157 156 157 157 157 156 156 156 156 158 158
 159 160 160 160 160 160 160 160 159 159 159 160 160 160 161 162 163 161
 160 160 160 160 161 161 161 161 161 161 160 160 160 161 161 161 162 162
 162 161 162 162 163 162 162 161 161 162 162 161 161 161 162 162 162 161
 160 160 160 160 160 160 160 160 161 161 161 161 161 161 161 161 161 161
 161 160 160 160 160 159 160 160 160 160 159 159 159 159 159 159 159 159
 159 159 158 157 156 155 154 155 156 156 155 154 153 153 155 153 153 154
 154  29]"
"[ 28  30 149 149 148 148 150 152 150 150 151 151 151 152 152 152 153 153
 154 154 153 152 152 151 154 154 154 154 154 154 154 153 154 152 153 150
 149 139  67  34  37  33  30  31  31  27  24  23  23  23  23  23  24  24
  24  24  24  25  25  26  29  34  37  38  40  41  43  45  46  48  52  56
  61  71  86  94 106 139 154 156 157 157 158 158 158 158 158 158 158 158
 159 160 160 160 160 160 160 159 159 158 159 159 160 160 161 162 162 161
 160 160 160 160 161 162 162 162 161 161 161 160 161 161 161 162 162 161
 161 161 161 162 162 162 162 161 161 162 162 161 161 161 162 162 162 161
 160 160 160 160 160 160 160 160 161 161 161 161 161 162 162 162 162 162
 162 161 161 160 159 159 161 161 161 161 160 160 159 160 159 159 159 159
 159 159 158 157 156 155 155 155 157 157 156 154 154 153 155 153 153 154
 154  29]"
"[ 29  30 149 149 149 149 150 150 149 150 151 151 151 152 153 153 152 153
 153 153 153 152 151 151 153 153 154 154 154 154 154 154 155 152 154 149
 149 140  66  33  39  34  32  33  32  27  24  25  23  23  22  23  24  24
  24  24  24  26  27  27  30  34  37  37  38  39  41  44  46  48  52  56
  62  71  86  97 102 129 149 159 158 158 158 158 159 159 159 159 159 159
 160 160 160 160 160 160 160 159 159 158 158 159 160 160 161 161 161 161
 161 161 161 160 162 162 162 162 162 162 162 162 162 162 162 162 162 162
 162 162 160 161 162 162 162 162 162 162 163 162 162 162 163 162 161 160
 158 159 159 160 160 160 161 162 161 161 161 162 162 162 163 163 162 162
 162 162 161 161 160 159 161 161 161 161 161 160 160 159 159 159 159 159
 159 159 158 158 156 155 155 156 157 157 156 154 155 153 155 154 153 153
 153  28]"
"[ 30  29 148 149 150 150 149 148 148 149 150 150 151 152 153 153 151 152
 152 153 152 152 152 152 153 153 154 154 154 154 154 154 155 152 154 150
 151 141  65  32  38  34  32  33  31  25  23  25  24  23  22  22  23  24
  24  24  23  26  29  29  30  33  36  37  38  38  39  43  46  50  54  58
  61  72  86  98 101 125 152 161 159 158 158 158 158 159 159 159 160 160
 160 160 160 161 161 161 160 160 159 159 159 160 160 161 161 161 161 161
 161 162 161 161 161 161 161 162 162 162 162 162 162 162 162 162 162 162
 162 162 161 162 162 162 162 162 162 162 163 162 162 162 162 162 161 160
 158 158 159 159 159 159 160 161 161 161 161 162 162 162 162 162 161 161
 161 162 161 161 160 160 161 161 161 161 160 160 159 159 159 159 159 159
 159 159 158 158 156 155 155 156 157 157 155 154 155 153 154 153 153 153
 153  28]"
"[ 29  29 147 149 150 150 149 147 147 149 150 149 150 151 152 151 150 151
 152 152 151 152 152 153 154 154 154 154 154 154 153 153 153 151 152 151
 153 141  67  31  37  34  32  32  29  25  23  24  24  23  22  22  22  23
  24  24  24  27  29  30  30  32  35  36  39  39  40  44  48  51  56  60
  62  72  86  95 100 122 153 158 158 158 158 159 159 159 160 161 160 160
 160 160 160 161 161 161 160 160 160 160 160 160 161 161 161 161 161 160
 161 161 162 161 160 160 161 161 162 162 162 162 162 162 162 161 161 162
 162 162 162 163 163 163 163 162 162 162 161 161 161 162 162 162 161 160
 159 159 159 159 159 159 159 160 160 160 161 161 161 161 160 160 161 161
 161 162 162 162 161 161 161 160 160 160 160 160 159 159 159 159 159 159
 159 159 158 158 157 156 156 156 156 156 155 154 154 152 153 153 153 153
 153  29]"
"[ 29  29 148 149 150 150 149 148 147 149 150 149 150 151 151 150 150 151
 151 152 151 151 152 153 154 154 154 154 154 153 153 153 152 152 151 152
 153 140  69  33  38  35  32  31  29  26  25  24  24  23  23  23  23  23
  24  25  25  27  28  30  30  31  34  36  40  40  42  46  48  51  56  60
  64  70  84  93  98 112 149 158 157 158 160 160 160 160 161 161 160 160
 160 161 161 161 161 161 161 161 161 161 161 161 161 161 162 162 161 160
 160 161 162 162 161 161 161 161 162 162 162 162 162 162 162 161 161 162
 162 162 164 164 164 164 163 162 162 161 161 162 162 162 162 162 161 161
 161 160 160 160 160 160 160 160 160 160 160 161 160 160 160 159 162 162
 162 162 162 162 162 162 161 160 160 161 161 160 159 159 159 159 159 159
 160 159 158 158 158 157 157 156 155 155 154 154 154 151 153 153 153 152
 153  29]"
"[ 29  30 149 150 149 149 149 149 148 150 150 149 150 152 152 149 149 150
 151 152 151 151 152 152 153 153 153 154 154 153 153 153 151 153 151 152
 152 139  71  34  39  36  32  30  29  28  26  24  23  23  24  23  23  23
  24  25  27  26  27  29  30  30  33  36  39  41  44  47  48  50  55  60
  65  66  82  95  99 102 145 163 156 158 160 161 160 160 160 160 160 160
 161 161 161 161 161 161 161 161 161 162 162 161 161 161 162 162 161 160
 160 161 162 163 162 162 162 162 162 162 162 162 162 162 162 162 162 162
 163 163 164 164 165 164 164 163 162 162 162 163 164 164 163 162 162 162
 160 160 159 159 160 160 160 159 161 161 161 160 160 160 160 160 161 161
 161 161 161 161 161 161 161 160 160 161 161 161 160 159 159 159 159 159
 160 159 158 158 159 158 158 156 155 154 154 155 154 152 153 153 153 152
 152  29]"
"[ 29  29 148 150 150 151 151 150 152 152 151 151 151 152 151 149 149 150
 152 152 152 152 152 153 153 153 153 153 153 153 153 154 155 151 153 155
 149 139  65  36  41  36  33  32  29  27  26  25  24  24  24  24  24  24
  24  25  25  24  25  28  30  32  34  36  38  41  44  46  47  49  54  59
  66  67  79  95  95  97 145 161 156 158 159 160 160 159 160 160 160 160
 161 161 162 162 161 160 160 161 162 162 161 161 161 162 162 162 162 161
 161 160 161 161 161 161 162 162 162 162 162 163 162 162 162 162 162 162
 162 162 162 163 164 164 163 163 162 162 162 162 163 162 162 161 160 159
 158 157 157 157 159 160 161 160 160 161 162 162 161 161 161 161 160 160
 160 160 161 161 161 161 160 160 160 160 160 160 160 160 159 159 159 158
 158 158 158 159 157 157 157 156 154 153 153 154 154 153 154 153 153 152
 152  29]"
"[ 29  29 149 150 151 151 152 151 152 152 152 151 151 151 150 149 148 150
 151 152 152 152 153 153 153 153 153 153 154 154 154 154 154 154 153 153
 152 136  65  32  40  37  34  30  27  27  27  25  24  23  22  22  23  24
  24  24  25  24  24  27  30  32  33  34  37  39  42  44  45  47  52  57
  65  71  80  92  97  95 138 161 156 157 159 160 160 159 160 160 160 160
 161 162 162 162 162 162 161 162 162 162 161 160 160 161 162 162 162 161
 161 161 162 163 161 162 162 162 162 162 162 162 162 162 162 162 162 163
 163 163 162 163 163 164 163 162 162 162 161 162 162 162 162 162 161 160
 159 157 156 155 157 158 159 160 160 161 161 161 161 161 161 161 161 160
 160 161 161 162 162 161 161 161 161 160 160 159 158 158 158 159 159 158
 158 158 158 159 157 157 157 157 156 154 154 155 154 154 154 153 153 152
 152  29]"
"[ 29  29 148 149 149 149 150 149 150 151 152 151 151 151 151 150 149 150
 151 152 153 153 153 153 153 154 154 154 154 154 154 154 153 156 153 152
 157 136  68  33  39  37  34  28  25  26  27  25  25  23  21  21  23  24
  24  23  25  24  23  26  29  32  33  33  37  40  42  43  44  49  54  58
  65  75  80  90  98  94 128 160 156 157 159 160 160 159 160 160 158 160
 161 162 162 162 162 163 161 162 162 162 161 160 160 161 161 161 162 161
 161 161 162 163 162 162 162 162 162 161 161 162 162 162 162 162 162 162
 162 162 161 162 163 163 162 161 161 161 161 162 162 162 162 162 161 160
 159 157 155 154 155 157 158 159 159 160 160 160 161 162 162 161 160 159
 159 160 160 161 161 161 161 161 160 160 159 158 157 157 158 158 158 158
 158 158 158 159 157 157 157 157 156 155 154 154 155 154 154 153 153 152
 152  29]"
"[ 29  29 147 147 147 147 147 147 149 150 151 151 151 151 152 152 151 151
 151 152 152 152 152 152 154 154 154 154 154 154 154 154 153 156 152 152
 158 136  64  36  37  35  33  29  25  25  26  24  25  23  21  21  22  24
  24  23  25  24  24  25  28  31  32  33  37  40  42  43  46  51  57  61
  66  75  80  89  98  93 121 155 158 158 158 159 160 160 160 159 158 159
 161 161 161 161 162 162 161 161 161 161 161 160 161 161 161 161 161 161
 161 161 161 162 161 162 162 162 162 162 162 162 161 162 162 162 162 162
 162 162 162 162 163 163 162 161 161 161 162 162 162 162 161 161 160 159
 159 157 155 154 155 156 158 159 160 160 159 159 161 162 162 161 159 159
 159 159 160 160 160 160 160 160 160 159 159 159 158 158 158 158 158 158
 158 158 158 158 158 157 156 156 156 155 153 153 155 154 154 152 152 151
 151  29]"
"[ 29  29 147 147 147 147 148 147 149 150 152 152 151 152 152 153 151 151
 151 151 151 152 152 153 154 154 154 154 154 154 154 154 154 154 151 152
 154 135  55  35  37  33  31  31  27  24  24  24  24  23  22  21  21  22
  23  24  24  24  24  25  26  29  32  33  36  39  41  43  46  52  57  60
  66  72  79  90  95  92 117 148 161 159 158 159 160 161 160 159 160 160
 161 161 162 162 162 161 161 161 161 161 161 161 161 161 161 161 162 161
 161 161 161 161 161 162 162 162 162 161 162 162 162 162 162 162 162 162
 162 162 163 163 164 163 162 161 161 161 162 162 162 162 161 161 160 160
 159 158 157 156 157 158 159 160 160 160 159 159 161 162 161 160 160 160
 160 160 161 161 161 160 160 160 160 160 159 159 160 160 158 158 157 157
 158 158 158 158 158 156 155 155 155 155 154 154 154 153 154 152 152 151
 151  28]"
"[ 29  28 147 147 147 148 149 149 150 151 153 152 151 152 152 152 150 150
 150 151 151 152 153 154 154 154 154 154 154 154 154 154 155 153 151 153
 154 137  55  37  36  32  31  32  29  25  24  25  23  23  22  21  20  21
  22  23  22  23  24  24  25  28  31  33  36  38  40  44  47  51  55  58
  67  70  79  89  93  93 114 144 161 160 158 159 160 161 160 159 161 160
 160 161 162 162 161 160 162 162 161 161 160 160 160 160 160 161 162 162
 162 162 162 162 162 162 162 162 162 161 161 161 162 162 162 162 162 162
 162 162 162 162 162 162 161 161 161 161 161 161 162 161 161 161 161 160
 159 159 158 158 159 159 160 160 160 160 160 160 161 162 161 159 160 160
 159 160 160 160 160 160 160 160 159 159 158 158 159 159 158 157 157 157
 157 157 157 157 156 154 154 154 154 154 154 154 154 153 153 152 152 151
 151  29]"
"[ 29  28 147 147 148 149 150 151 151 152 153 152 152 152 152 152 149 150
 151 152 152 153 154 155 154 154 154 154 154 154 154 154 154 154 152 153
 157 139  63  37  36  31  30  30  28  25  25  25  24  23  23  21  21  21
  22  22  23  23  23  23  25  29  32  33  37  37  40  46  49  51  54  58
  66  72  80  87  91  93 110 142 158 159 159 160 160 160 160 160 160 160
 160 160 161 161 161 160 162 161 161 160 160 160 159 159 160 161 161 162
 161 161 162 162 162 162 162 162 161 161 161 161 162 162 162 162 162 162
 162 162 161 161 161 161 161 161 161 162 161 161 162 161 161 161 161 160
 160 160 160 160 160 160 160 160 159 160 160 160 161 162 161 159 160 159
 159 159 159 159 159 159 160 159 158 158 158 158 158 158 158 157 157 157
 157 157 157 156 154 153 153 154 154 154 153 154 154 153 153 152 152 151
 151  29]"
"[ 30  29 147 148 148 150 151 151 150 151 152 152 152 152 152 152 149 151
 152 153 153 153 154 155 154 154 154 154 154 154 154 154 153 156 152 152
 158 138  66  32  35  31  29  27  25  25  25  24  25  24  23  22  22  22
  22  22  24  24  23  23  26  30  33  33  36  36  40  47  51  51  54  59
  63  73  79  83  89  91 105 141 156 157 160 160 160 159 160 161 159 160
 161 161 161 161 161 162 161 160 160 160 160 160 160 160 160 160 161 161
 161 160 160 160 161 161 162 162 162 161 162 162 162 162 161 161 161 161
 161 161 161 161 162 162 162 162 163 164 161 162 162 161 161 161 161 160
 160 160 160 160 160 159 159 159 159 159 160 161 161 162 161 159 160 160
 159 159 159 159 159 159 160 160 159 159 158 159 159 159 158 157 157 157
 157 157 157 156 154 154 154 155 155 154 153 154 154 153 154 152 152 152
 152  29]"
"[ 30  27 150 147 150 151 151 151 151 151 152 152 152 152 152 151 150 151
 152 153 154 153 153 152 154 154 154 155 155 154 154 154 153 155 153 152
 156 137  66  32  35  33  31  29  27  25  24  24  24  24  23  23  22  22
  22  23  23  25  25  24  25  29  32  34  35  37  40  44  49  53  57  59
  64  70  77  81  86  88  96 139 161 157 160 160 159 162 160 159 159 159
 160 160 160 160 160 161 161 161 161 160 160 159 158 158 159 160 160 160
 160 160 159 158 161 161 162 162 161 161 161 161 161 161 161 161 161 162
 162 162 162 162 162 162 162 162 162 162 162 162 162 161 160 159 160 161
 160 159 159 159 158 158 158 159 158 158 159 160 161 161 160 159 158 159
 159 159 159 159 159 159 159 159 158 158 157 157 158 159 160 158 156 156
 157 158 157 156 154 154 154 154 154 154 154 153 154 151 151 152 152 149
 152  28]"
"[ 28  28 149 150 151 154 149 153 151 151 151 151 152 152 152 153 150 150
 151 152 152 151 151 151 152 152 153 153 154 154 154 154 155 156 152 152
 157 141  67  36  36  33  31  28  26  25  24  25  24  23  22  22  22  22
  22  23  23  24  24  24  25  29  32  33  34  35  38  41  46  50  55  59
  60  68  76  82  88  88  93 132 162 158 161 161 158 160 160 161 159 160
 160 160 160 160 160 160 160 160 160 160 160 160 159 159 160 160 160 160
 160 161 161 161 160 160 161 161 161 160 160 160 161 161 161 161 161 162
 161 161 161 161 162 162 161 161 162 162 161 162 162 161 160 159 160 160
 159 158 158 158 158 157 157 158 158 158 159 160 160 160 160 159 157 158
 158 158 159 159 158 158 157 157 157 157 157 157 158 158 158 156 155 154
 155 155 155 154 154 154 153 153 153 153 153 152 153 151 154 151 148 152
 151  28]"
"[ 31  30 147 152 152 150 156 148 152 152 152 151 152 152 153 154 150 151
 152 152 151 151 151 152 153 153 154 154 155 155 155 155 151 154 153 152
 155 137  59  30  36  33  31  28  26  24  23  24  25  23  22  22  22  23
  23  24  24  24  23  23  25  28  30  31  34  34  36  40  44  47  52  58
  63  70  79  84  88  88  90 122 163 158 159 160 159 159 159 161 159 160
 160 159 159 159 159 160 160 160 160 160 160 160 160 159 160 160 160 159
 159 160 161 161 160 160 161 161 161 160 160 160 161 161 161 161 162 162
 161 160 160 161 161 161 161 161 161 162 162 162 162 161 161 160 160 160
 160 160 159 159 159 158 158 159 159 159 159 160 160 160 159 158 157 158
 158 159 159 159 158 158 156 156 156 157 157 158 158 158 158 157 156 155
 155 155 155 155 155 155 154 154 154 154 154 154 152 155 147 151 156 150
 144  30]"
"[ 28  26 151 148 148 150 153 155 152 151 151 150 150 150 151 151 150 150
 151 151 150 150 151 152 153 154 154 154 154 154 154 154 156 156 153 153
 158 141  59  29  33  31  30  28  27  25  23  23  23  21  20  21  21  22
  22  22  25  24  24  23  24  27  29  31  32  32  35  41  45  48  54  60
  64  71  79  84  86  87  89 114 161 158 157 158 160 162 161 159 159 159
 159 159 158 158 159 160 160 160 160 160 160 160 160 160 160 160 160 159
 158 159 160 160 160 160 160 161 161 161 161 161 161 160 160 161 162 162
 161 160 160 160 161 161 160 160 161 161 162 162 162 161 161 160 159 158
 159 158 158 158 158 157 157 158 159 159 159 160 160 160 159 158 158 158
 159 160 160 159 159 158 157 157 157 158 159 159 158 158 157 156 155 155
 154 154 154 154 155 154 154 154 154 154 153 153 146 150 154 153 152 149
 149  29]"
"[ 28  32 148 150 154 153 149 150 152 152 151 151 151 151 151 151 151 152
 152 152 151 151 152 154 153 154 154 154 154 154 154 154 150 152 152 152
 154 136  60  35  32  30  28  27  26  25  24  24  23  22  21  22  23  23
  22  22  24  24  24  23  23  25  28  32  32  32  34  39  43  45  51  57
  65  72  79  83  83  85  87 105 154 157 157 156 159 161 161 158 158 158
 158 158 158 158 159 160 160 160 160 160 159 159 159 159 159 159 159 158
 158 159 159 159 159 159 159 159 160 160 160 159 159 159 159 160 161 161
 160 159 159 159 160 160 159 159 160 160 161 161 160 160 160 159 157 156
 159 158 157 157 157 157 157 157 159 158 158 158 159 158 158 157 156 157
 158 158 158 158 157 157 157 157 157 157 158 158 157 156 156 155 155 154
 154 153 154 154 154 154 153 153 153 153 153 153 157 150 155 145 150 152
 146  29]"
"[ 31  27 149 147 149 146 152 147 151 151 151 152 152 152 152 152 152 153
 153 152 151 151 152 153 152 152 153 153 154 154 154 154 155 153 151 151
 154 133  65  36  36  33  29  26  24  23  23  23  22  21  21  23  23  23
  22  22  23  23  23  23  22  23  27  31  34  33  34  38  42  46  53  59
  62  69  76  82  83  87  89 100 147 157 158 156 156 157 159 157 158 158
 158 158 158 159 159 160 160 160 160 160 159 159 159 159 158 159 159 159
 159 160 160 160 159 159 159 159 160 160 160 160 160 160 160 161 162 162
 161 161 160 160 161 161 160 160 161 161 161 161 160 160 160 159 158 157
 159 158 158 158 158 157 157 158 158 158 158 158 158 158 157 157 157 157
 158 158 158 158 157 157 157 157 157 157 157 157 156 156 156 155 155 155
 154 154 154 154 154 154 153 153 154 154 153 153 150 154 155 152 153 149
 149  28]"
"[ 29  29 148 149 149 152 149 151 150 151 151 152 152 152 152 152 152 152
 152 152 151 151 151 151 151 152 152 153 153 153 153 153 153 150 151 155
 159 131  67  29  37  33  29  27  26  25  24  24  22  22  22  23  23  23
  22  22  25  25  25  25  25  24  27  30  31  31  33  37  41  46  51  55
  62  67  73  80  82  88  89  94 149 159 158 156 156 156 158 157 158 158
 158 158 158 158 159 159 159 159 159 159 159 159 158 158 158 159 159 159
 159 160 160 159 160 159 159 159 160 160 160 160 160 160 160 160 160 160
 160 160 160 160 160 160 160 160 160 160 160 160 160 159 159 159 159 158
 157 156 156 156 156 156 156 156 158 158 158 158 158 158 158 157 158 158
 158 158 158 158 158 158 157 157 157 157 157 157 157 157 155 155 154 154
 154 154 154 154 153 153 153 153 153 153 153 153 154 152 148 152 146 148
 145  29]"
"[29 31 27 32 28 29 29 28 28 29 29 29 29 29 29 29 29 29 29 29 29 29 29 29
 28 29 29 29 29 29 29 29 28 30 31 25 30 29 26 31 31 29 28 28 29 29 29 28
 29 29 29 29 29 29 29 30 29 29 29 29 29 28 28 30 29 30 30 30 29 29 29 29
 28 29 29 30 28 31 29 29 27 32 28 27 30 29 30 28 28 29 29 29 29 29 29 29
 29 29 29 29 29 29 29 29 29 29 29 28 28 29 29 29 29 29 29 29 29 30 29 29
 29 29 29 29 29 28 29 29 29 29 29 29 29 28 28 29 29 29 29 29 29 29 29 29
 30 29 29 29 29 29 29 29 29 29 29 29 30 30 29 29 29 29 29 29 29 29 29 28
 28 29 29 29 29 29 29 29 30 30 29 29 29 29 29 29 29 29 29 29 29 30 29 29
 28 30 29 26 31 28 29 30]"
