"[31, 28, 31, 31, 29, 29, 30, 29, 29, 29, 28, 28, 29, 30, 30, 30, 29, 29, 28, 28, 29, 30, 29, 29, 29, 29, 29, 29, 29, 29, 29, 29, 29, 29, 29, 29, 29, 29, 29, 29, 28, 29, 29, 29, 29, 29, 29, 29, 29, 29, 30, 29, 29, 29, 29, 30, 29, 29, 30, 29, 29, 30, 30, 29, 29, 29, 29, 29, 29, 29, 29, 29, 29, 29, 29, 29, 29, 29, 29, 29, 29, 29, 29, 29, 29, 29, 29, 29, 29, 29, 29, 29, 29, 29, 29, 29, 29, 29, 29, 29, 29, 29, 29, 29, 29, 29, 29, 29, 29, 29, 29, 29, 29, 30, 30, 30, 29, 29, 28, 28, 29, 29, 29, 29, 29, 29, 29, 29, 28, 29, 29, 29, 29, 28, 29, 29, 29, 30, 29, 29, 29, 29, 29, 29, 29, 29, 29, 29, 30, 29, 29, 29, 29, 29, 29, 29, 29, 29, 29, 29, 29, 29, 29, 29, 29, 29, 29, 29, 30, 29, 29, 29, 29, 29, 29, 29, 29, 29, 29, 29, 29, 29, 29, 29, 29, 28, 28, 30, 30, 29, 28, 30, 30, 28, 30, 28, 29, 29, 30, 29]","[31, 29, 27, 29, 29, 29, 29, 30, 30, 30, 30, 29, 29, 29, 29, 29, 30, 30, 30, 30, 30, 30, 29, 29, 28, 28, 28, 29, 29, 29, 28, 28, 29, 29, 29, 29, 29, 29, 29, 29, 30, 30, 30, 29, 29, 29, 29, 29, 30, 30, 30, 29, 29, 29, 29, 29, 29, 29, 30, 29, 29, 29, 29, 29, 29, 29, 29, 29, 29, 29, 29, 29, 28, 28, 29, 29, 30, 30, 29, 29, 29, 29, 29, 29, 29, 29, 29, 29, 29, 29, 29, 29, 29, 29, 29, 29, 29, 29, 29, 29, 29, 29, 29, 29, 30, 30, 30, 29, 29, 29, 29, 29, 29, 29, 29, 29, 29, 29, 29, 30, 29, 29, 29, 29, 29, 29, 29, 29, 30, 30, 29, 29, 30, 30, 29, 29, 28, 29, 29, 29, 29, 29, 29, 29, 30, 29, 29, 29, 29, 29, 29, 29, 28, 28, 29, 29, 29, 29, 29, 29, 29, 28, 28, 28, 29, 29, 29, 29, 29, 29, 29, 29, 28, 28, 28, 30, 30, 29, 29, 28, 29, 29, 30, 30, 29, 30, 30, 29, 27, 27, 29, 31, 29, 29, 31, 30, 28, 27, 31, 25]","[28, 27, 15, 13, 10, 10, 10, 12, 10, 10, 10, 10, 8, 7, 7, 7, 8, 8, 9, 9, 9, 9, 10, 9, 9, 9, 9, 9, 9, 9, 9, 9, 9, 9, 9, 9, 9, 9, 9, 9, 8, 8, 8, 8, 7, 7, 7, 7, 7, 7, 7, 7, 7, 7, 7, 7, 7, 7, 7, 7, 7, 7, 7, 7, 7, 7, 7, 7, 7, 7, 7, 7, 7, 7, 7, 7, 7, 7, 7, 7, 7, 7, 7, 7, 7, 7, 7, 7, 7, 7, 7, 7, 7, 7, 7, 7, 7, 7, 7, 7, 7, 7, 7, 7, 7, 7, 7, 7, 7, 7, 7, 7, 7, 7, 7, 7, 7, 7, 7, 7, 7, 7, 7, 7, 7, 7, 7, 7, 7, 7, 7, 7, 7, 8, 8, 8, 10, 10, 11, 10, 11, 12, 12, 12, 12, 11, 11, 11, 11, 10, 10, 10, 9, 9, 10, 11, 12, 12, 13, 13, 15, 15, 15, 15, 16, 17, 16, 16, 15, 16, 16, 16, 14, 14, 16, 18, 17, 16, 15, 15, 17, 18, 19, 20, 21, 22, 22, 20, 20, 22, 22, 22, 22, 39, 55, 67, 76, 74, 65, 34]","[31, 31, 12, 13, 11, 12, 11, 13, 14, 12, 11, 10, 10, 10, 9, 8, 8, 9, 10, 10, 10, 9, 8, 8, 7, 7, 7, 8, 8, 8, 7, 7, 9, 9, 9, 9, 10, 10, 10, 9, 9, 9, 8, 8, 7, 7, 6, 6, 6, 5, 5, 5, 5, 4, 4, 3, 3, 3, 3, 3, 4, 4, 4, 3, 3, 3, 3, 2, 2, 2, 2, 2, 2, 3, 3, 3, 3, 3, 2, 2, 3, 3, 3, 4, 4, 4, 4, 4, 3, 3, 3, 2, 3, 3, 3, 3, 3, 3, 2, 2, 2, 2, 3, 4, 4, 4, 4, 3, 3, 4, 4, 4, 4, 3, 3, 2, 2, 3, 4, 4, 3, 3, 4, 4, 3, 3, 3, 3, 3, 3, 4, 5, 7, 9, 10, 11, 9, 9, 9, 9, 9, 11, 12, 12, 11, 11, 10, 10, 9, 8, 8, 9, 8, 8, 9, 10, 12, 14, 14, 15, 16, 15, 15, 16, 17, 18, 18, 18, 17, 16, 16, 16, 16, 16, 17, 19, 18, 17, 16, 17, 19, 21, 22, 23, 22, 23, 23, 22, 21, 23, 26, 28, 42, 66, 74, 73, 71, 70, 65, 27]","[28, 30, 13, 17, 16, 17, 15, 16, 15, 13, 11, 11, 12, 13, 12, 11, 9, 9, 10, 10, 10, 9, 8, 7, 8, 8, 9, 9, 9, 9, 8, 8, 7, 7, 7, 8, 8, 9, 8, 8, 6, 7, 7, 8, 8, 8, 7, 7, 8, 7, 6, 6, 6, 6, 5, 4, 3, 4, 4, 4, 4, 5, 4, 3, 3, 3, 3, 3, 3, 2, 2, 1, 4, 3, 3, 3, 3, 3, 3, 3, 3, 3, 3, 4, 4, 4, 4, 4, 4, 4, 3, 3, 3, 3, 3, 3, 2, 2, 2, 2, 2, 2, 2, 3, 4, 4, 3, 3, 3, 3, 3, 4, 4, 4, 3, 3, 3, 3, 3, 3, 2, 3, 4, 4, 3, 3, 3, 3, 4, 5, 6, 7, 7, 7, 9, 11, 10, 10, 10, 9, 9, 11, 12, 12, 12, 12, 11, 10, 9, 8, 8, 9, 8, 8, 9, 11, 13, 16, 17, 18, 17, 16, 16, 17, 18, 18, 18, 17, 18, 17, 16, 16, 16, 17, 18, 19, 19, 18, 18, 19, 21, 22, 23, 22, 22, 23, 23, 21, 18, 20, 34, 48, 65, 80, 79, 73, 70, 70, 68, 29]","[30, 30, 17, 19, 17, 18, 16, 17, 17, 14, 13, 14, 16, 18, 17, 16, 13, 13, 13, 13, 13, 12, 10, 8, 8, 9, 9, 10, 9, 9, 8, 7, 9, 8, 9, 9, 10, 10, 9, 9, 4, 5, 7, 8, 9, 9, 9, 9, 9, 8, 8, 8, 7, 7, 6, 5, 5, 5, 5, 5, 5, 5, 5, 4, 4, 4, 4, 4, 3, 3, 2, 2, 3, 3, 3, 3, 3, 3, 4, 4, 4, 4, 4, 4, 4, 4, 4, 4, 5, 4, 4, 4, 3, 3, 3, 3, 3, 3, 3, 4, 4, 4, 4, 3, 4, 4, 3, 3, 3, 3, 3, 4, 4, 4, 4, 4, 4, 3, 3, 2, 2, 3, 4, 4, 3, 3, 4, 5, 4, 6, 7, 8, 7, 7, 9, 11, 11, 11, 10, 8, 8, 9, 11, 11, 10, 10, 9, 9, 7, 7, 7, 8, 8, 8, 8, 10, 12, 15, 16, 17, 18, 17, 17, 17, 17, 17, 17, 16, 17, 16, 15, 16, 17, 17, 17, 18, 19, 19, 19, 20, 21, 21, 21, 21, 25, 23, 23, 25, 28, 36, 54, 71, 77, 75, 64, 63, 66, 68, 65, 28]","[30, 27, 23, 21, 18, 17, 17, 17, 14, 13, 13, 14, 16, 17, 17, 16, 14, 13, 13, 13, 14, 13, 11, 9, 11, 12, 12, 12, 12, 11, 10, 9, 8, 9, 8, 8, 10, 10, 9, 8, 7, 7, 7, 8, 9, 9, 9, 9, 8, 8, 8, 8, 7, 6, 6, 5, 7, 7, 7, 6, 5, 5, 6, 5, 5, 5, 5, 4, 4, 3, 2, 2, 2, 2, 2, 2, 3, 3, 3, 3, 4, 4, 4, 4, 4, 4, 4, 4, 4, 4, 3, 3, 3, 3, 3, 3, 3, 3, 4, 4, 4, 4, 4, 4, 3, 3, 3, 2, 2, 2, 3, 3, 4, 4, 4, 4, 4, 3, 3, 2, 2, 3, 3, 3, 3, 3, 4, 6, 4, 5, 7, 8, 8, 9, 10, 11, 12, 12, 11, 10, 9, 10, 10, 10, 9, 9, 9, 9, 8, 8, 9, 10, 11, 10, 10, 12, 14, 16, 17, 17, 17, 16, 16, 16, 16, 16, 16, 15, 16, 16, 16, 16, 16, 16, 16, 17, 18, 18, 19, 20, 20, 20, 20, 20, 24, 23, 27, 38, 51, 60, 67, 73, 66, 67, 65, 66, 66, 65, 62, 30]","[29, 28, 31, 29, 25, 19, 14, 12, 15, 15, 16, 17, 17, 17, 17, 17, 16, 15, 14, 15, 16, 16, 15, 13, 13, 13, 13, 13, 13, 12, 10, 10, 9, 9, 9, 9, 11, 11, 10, 9, 9, 9, 9, 9, 9, 8, 8, 8, 8, 8, 9, 8, 7, 6, 6, 6, 8, 8, 8, 6, 5, 6, 6, 6, 5, 5, 5, 5, 4, 4, 3, 2, 4, 4, 4, 4, 4, 4, 4, 4, 4, 4, 4, 4, 4, 4, 4, 4, 4, 3, 3, 3, 3, 3, 3, 4, 3, 3, 3, 3, 3, 3, 3, 3, 4, 3, 3, 2, 2, 2, 3, 3, 4, 4, 4, 4, 4, 4, 3, 3, 2, 3, 3, 3, 3, 3, 5, 7, 7, 8, 9, 9, 9, 9, 9, 9, 11, 11, 10, 9, 8, 8, 7, 6, 8, 8, 8, 8, 8, 8, 9, 11, 12, 12, 12, 13, 15, 16, 17, 16, 15, 16, 16, 16, 16, 16, 16, 16, 16, 16, 17, 17, 16, 15, 16, 18, 18, 18, 19, 19, 20, 21, 21, 21, 23, 29, 42, 59, 72, 75, 70, 65, 62, 64, 63, 61, 61, 66, 63, 29]","[30, 30, 44, 53, 46, 47, 41, 37, 32, 26, 21, 19, 19, 20, 20, 20, 19, 16, 15, 16, 17, 13, 13, 14, 15, 16, 14, 12, 14, 16, 15, 14, 11, 11, 11, 11, 10, 9, 8, 9, 9, 9, 9, 7, 7, 10, 10, 7, 10, 9, 8, 7, 6, 5, 6, 8, 7, 7, 6, 6, 7, 8, 6, 4, 4, 5, 5, 4, 5, 6, 6, 6, 4, 5, 5, 4, 3, 5, 5, 3, 4, 3, 2, 3, 4, 5, 5, 4, 4, 4, 4, 3, 3, 3, 3, 3, 4, 4, 4, 4, 3, 3, 3, 3, 3, 2, 2, 3, 3, 3, 3, 4, 3, 4, 4, 4, 4, 4, 3, 2, 3, 4, 3, 3, 4, 4, 5, 8, 8, 8, 8, 8, 8, 9, 10, 10, 11, 12, 12, 9, 8, 8, 8, 8, 6, 6, 7, 8, 8, 9, 11, 13, 14, 16, 16, 16, 16, 16, 16, 15, 16, 16, 16, 16, 15, 16, 15, 15, 15, 15, 16, 16, 16, 17, 18, 19, 19, 20, 21, 16, 21, 26, 20, 24, 26, 41, 56, 64, 68, 69, 64, 57, 55, 58, 61, 61, 62, 62, 64, 28]","[29, 30, 39, 47, 44, 49, 47, 47, 55, 52, 48, 44, 40, 34, 28, 25, 24, 21, 17, 15, 16, 17, 18, 17, 15, 15, 15, 15, 14, 15, 14, 12, 14, 14, 14, 13, 12, 11, 10, 10, 8, 10, 13, 12, 8, 8, 9, 7, 8, 7, 8, 9, 8, 7, 7, 9, 8, 8, 7, 7, 7, 8, 8, 7, 5, 7, 6, 6, 7, 8, 9, 8, 7, 8, 8, 6, 5, 5, 5, 4, 4, 4, 4, 4, 5, 5, 5, 4, 4, 4, 3, 3, 3, 3, 4, 4, 4, 4, 4, 4, 3, 3, 3, 3, 3, 3, 3, 3, 3, 2, 3, 3, 4, 4, 4, 4, 4, 3, 3, 3, 4, 4, 4, 4, 6, 6, 7, 9, 8, 8, 8, 8, 9, 10, 11, 11, 13, 13, 12, 10, 9, 9, 8, 8, 9, 9, 9, 9, 9, 10, 12, 14, 17, 18, 19, 18, 17, 16, 15, 15, 15, 15, 16, 16, 17, 17, 17, 16, 15, 16, 16, 17, 18, 19, 19, 20, 20, 19, 22, 20, 23, 24, 21, 32, 41, 55, 65, 66, 64, 66, 65, 62, 60, 61, 63, 63, 63, 63, 65, 29]","[29, 29, 32, 35, 35, 41, 40, 43, 50, 51, 50, 48, 47, 46, 43, 41, 40, 41, 41, 36, 31, 27, 21, 17, 18, 17, 18, 19, 16, 16, 18, 17, 15, 15, 15, 14, 14, 14, 14, 12, 10, 10, 10, 11, 11, 11, 12, 11, 12, 11, 11, 11, 10, 9, 9, 10, 10, 9, 9, 7, 7, 8, 9, 9, 6, 7, 7, 7, 7, 8, 9, 9, 8, 9, 9, 7, 5, 5, 5, 4, 4, 5, 6, 6, 6, 5, 5, 5, 5, 4, 4, 3, 3, 4, 4, 5, 4, 4, 4, 4, 3, 3, 3, 3, 4, 3, 3, 3, 3, 3, 3, 3, 4, 4, 4, 4, 3, 3, 3, 3, 3, 4, 4, 4, 6, 6, 6, 9, 8, 9, 9, 9, 9, 10, 11, 12, 13, 13, 12, 11, 10, 10, 10, 9, 9, 9, 10, 11, 11, 12, 13, 15, 18, 19, 19, 19, 18, 17, 16, 14, 14, 15, 16, 16, 18, 19, 18, 17, 16, 16, 17, 18, 19, 20, 20, 20, 20, 19, 21, 21, 24, 26, 30, 44, 64, 70, 71, 66, 64, 66, 66, 63, 64, 65, 65, 64, 64, 63, 65, 29]","[29, 29, 25, 24, 25, 28, 26, 28, 26, 28, 29, 28, 31, 35, 38, 38, 39, 45, 50, 49, 42, 37, 33, 32, 30, 25, 26, 25, 18, 17, 18, 16, 16, 16, 17, 18, 18, 16, 15, 16, 15, 10, 11, 13, 14, 14, 12, 11, 10, 10, 10, 10, 10, 10, 11, 12, 12, 12, 11, 9, 9, 9, 10, 10, 9, 9, 8, 7, 7, 7, 7, 7, 6, 7, 7, 6, 4, 4, 5, 5, 5, 6, 7, 7, 6, 6, 6, 6, 5, 5, 4, 4, 4, 4, 4, 4, 4, 4, 4, 4, 3, 3, 3, 3, 4, 3, 3, 4, 4, 4, 4, 5, 4, 4, 4, 4, 4, 4, 3, 3, 3, 4, 3, 4, 6, 6, 5, 7, 9, 9, 10, 10, 9, 9, 10, 11, 11, 10, 10, 9, 10, 10, 10, 9, 10, 10, 11, 12, 13, 13, 14, 15, 16, 17, 18, 18, 17, 17, 17, 16, 15, 16, 16, 17, 18, 19, 18, 17, 17, 18, 20, 21, 21, 20, 20, 20, 19, 17, 19, 23, 34, 47, 56, 67, 76, 73, 69, 65, 65, 65, 64, 61, 64, 64, 65, 65, 65, 64, 64, 28]","[29, 29, 21, 19, 20, 22, 20, 22, 20, 22, 23, 23, 25, 30, 31, 30, 31, 32, 34, 35, 34, 36, 43, 50, 47, 42, 44, 44, 38, 36, 37, 36, 23, 21, 22, 25, 23, 18, 16, 18, 13, 12, 14, 18, 17, 15, 14, 15, 13, 13, 13, 12, 12, 12, 12, 12, 12, 13, 13, 12, 10, 10, 11, 11, 13, 12, 10, 8, 7, 7, 7, 7, 6, 7, 7, 6, 5, 4, 5, 5, 5, 6, 7, 7, 6, 5, 6, 6, 5, 5, 5, 5, 5, 4, 4, 4, 4, 4, 4, 4, 4, 3, 3, 3, 3, 3, 3, 4, 4, 4, 4, 4, 3, 4, 4, 4, 4, 3, 3, 2, 4, 5, 4, 5, 6, 6, 5, 7, 8, 9, 10, 9, 9, 9, 9, 10, 10, 9, 8, 9, 9, 9, 9, 9, 11, 12, 12, 14, 15, 15, 15, 16, 15, 16, 16, 16, 17, 18, 18, 17, 17, 17, 17, 17, 18, 19, 18, 17, 19, 21, 22, 22, 21, 20, 20, 21, 20, 18, 21, 32, 49, 64, 69, 73, 71, 66, 63, 64, 65, 62, 60, 60, 60, 61, 63, 65, 66, 64, 65, 29]","[30, 30, 19, 17, 18, 21, 21, 22, 17, 17, 17, 17, 20, 23, 24, 23, 26, 23, 21, 23, 25, 28, 33, 38, 34, 34, 39, 44, 44, 46, 48, 48, 41, 38, 36, 36, 33, 26, 21, 21, 23, 18, 17, 18, 18, 17, 16, 15, 14, 15, 16, 15, 15, 13, 12, 11, 12, 13, 13, 12, 11, 11, 11, 11, 13, 13, 11, 9, 8, 8, 8, 8, 8, 8, 8, 7, 6, 6, 6, 7, 5, 6, 6, 6, 5, 5, 6, 6, 5, 5, 6, 6, 6, 5, 5, 5, 5, 5, 5, 6, 6, 6, 5, 4, 4, 3, 3, 4, 4, 3, 4, 3, 3, 3, 3, 4, 3, 3, 2, 2, 5, 5, 4, 4, 6, 6, 6, 7, 7, 8, 9, 9, 9, 9, 9, 10, 11, 10, 10, 10, 10, 9, 9, 9, 11, 12, 14, 15, 16, 16, 16, 17, 16, 16, 16, 17, 17, 19, 19, 18, 17, 17, 17, 17, 18, 19, 18, 17, 18, 20, 21, 21, 19, 19, 20, 21, 23, 22, 30, 48, 63, 67, 66, 65, 66, 60, 58, 64, 68, 65, 61, 60, 57, 58, 61, 64, 66, 65, 65, 30]","[30, 29, 19, 18, 18, 22, 23, 22, 20, 19, 17, 17, 18, 19, 20, 21, 17, 16, 16, 18, 21, 21, 19, 18, 21, 23, 26, 29, 33, 36, 37, 36, 39, 38, 40, 46, 52, 56, 57, 56, 43, 34, 27, 25, 26, 25, 22, 16, 15, 16, 16, 15, 15, 15, 14, 13, 12, 13, 13, 12, 12, 12, 11, 11, 12, 12, 11, 9, 9, 9, 9, 9, 10, 10, 9, 9, 8, 7, 7, 8, 7, 6, 6, 6, 6, 7, 7, 7, 6, 6, 6, 6, 6, 6, 6, 6, 6, 6, 7, 8, 8, 7, 6, 5, 5, 4, 4, 5, 5, 4, 4, 4, 3, 3, 3, 4, 3, 3, 2, 2, 4, 4, 3, 3, 5, 6, 5, 7, 8, 8, 8, 9, 9, 9, 9, 9, 11, 10, 10, 11, 11, 10, 11, 12, 12, 13, 14, 15, 15, 14, 15, 17, 16, 17, 17, 17, 18, 19, 19, 18, 18, 18, 18, 17, 17, 18, 18, 18, 17, 18, 18, 18, 19, 20, 21, 22, 29, 36, 49, 65, 71, 70, 68, 66, 65, 61, 59, 62, 66, 66, 62, 60, 59, 58, 60, 62, 64, 63, 64, 29]","[29, 29, 20, 20, 21, 25, 26, 23, 18, 18, 18, 19, 19, 17, 16, 16, 16, 17, 17, 17, 17, 19, 18, 16, 17, 19, 18, 18, 22, 25, 25, 24, 23, 24, 25, 29, 38, 47, 48, 44, 48, 43, 41, 41, 41, 39, 34, 28, 30, 29, 26, 21, 17, 16, 15, 14, 15, 15, 15, 14, 13, 13, 13, 12, 11, 12, 11, 11, 10, 10, 10, 9, 10, 9, 9, 9, 9, 8, 8, 9, 9, 8, 6, 6, 8, 9, 9, 9, 8, 8, 7, 7, 6, 6, 6, 6, 6, 6, 7, 7, 8, 7, 6, 4, 5, 5, 5, 6, 6, 6, 6, 6, 4, 4, 4, 4, 4, 4, 3, 3, 4, 4, 2, 3, 5, 6, 6, 8, 9, 9, 9, 9, 9, 8, 8, 8, 7, 7, 8, 10, 11, 10, 11, 13, 13, 13, 14, 14, 13, 12, 14, 16, 16, 17, 17, 18, 19, 19, 19, 17, 19, 19, 19, 17, 17, 17, 18, 18, 18, 17, 16, 17, 20, 22, 24, 24, 39, 53, 67, 73, 68, 65, 65, 62, 62, 63, 62, 61, 59, 60, 60, 60, 61, 60, 60, 61, 62, 61, 62, 28]","[30, 28, 21, 20, 23, 20, 25, 21, 20, 23, 23, 19, 16, 17, 17, 15, 18, 19, 19, 19, 18, 17, 16, 16, 15, 16, 16, 16, 15, 16, 17, 17, 18, 16, 18, 21, 24, 23, 23, 24, 30, 30, 32, 35, 36, 36, 37, 39, 49, 51, 52, 50, 45, 39, 30, 23, 17, 17, 17, 15, 15, 15, 16, 16, 13, 11, 11, 12, 13, 14, 13, 11, 9, 11, 11, 10, 9, 9, 9, 9, 10, 10, 10, 7, 8, 10, 10, 9, 9, 8, 6, 7, 8, 9, 8, 7, 7, 6, 6, 7, 8, 7, 6, 6, 6, 5, 5, 5, 6, 6, 6, 6, 6, 5, 5, 6, 6, 5, 4, 4, 3, 2, 2, 3, 4, 6, 7, 9, 8, 8, 9, 9, 8, 7, 7, 8, 9, 8, 7, 8, 11, 13, 14, 15, 15, 15, 15, 13, 12, 13, 16, 18, 17, 18, 18, 18, 18, 19, 19, 19, 18, 17, 17, 17, 17, 19, 22, 23, 20, 21, 20, 18, 20, 25, 32, 39, 61, 74, 74, 66, 65, 65, 63, 63, 63, 61, 59, 59, 59, 59, 61, 66, 66, 65, 62, 60, 62, 60, 61, 27]","[31, 28, 22, 19, 22, 22, 23, 24, 24, 25, 24, 22, 20, 18, 18, 18, 20, 20, 19, 17, 16, 16, 17, 16, 15, 15, 15, 14, 14, 15, 15, 15, 14, 13, 14, 17, 18, 17, 16, 16, 19, 19, 20, 22, 23, 23, 25, 26, 38, 39, 40, 42, 44, 47, 49, 49, 38, 33, 27, 25, 27, 26, 23, 18, 17, 14, 14, 17, 17, 12, 10, 13, 10, 12, 14, 13, 12, 11, 10, 8, 8, 9, 9, 9, 10, 10, 11, 12, 9, 9, 9, 9, 9, 9, 7, 7, 8, 8, 8, 9, 8, 7, 5, 5, 7, 6, 6, 6, 6, 7, 6, 6, 6, 5, 5, 6, 7, 6, 5, 5, 3, 3, 3, 4, 4, 5, 7, 9, 8, 8, 7, 8, 8, 8, 8, 9, 10, 9, 9, 11, 12, 14, 15, 15, 12, 14, 15, 15, 14, 14, 15, 16, 17, 17, 18, 18, 19, 19, 19, 19, 19, 17, 18, 18, 16, 18, 22, 23, 19, 19, 20, 22, 27, 33, 46, 60, 74, 74, 68, 65, 67, 64, 61, 65, 65, 64, 61, 58, 59, 61, 62, 65, 64, 64, 63, 62, 65, 64, 65, 30]","[28, 27, 24, 22, 25, 26, 22, 24, 25, 24, 23, 23, 21, 19, 18, 20, 20, 21, 19, 17, 15, 17, 18, 17, 17, 17, 16, 16, 16, 17, 17, 16, 17, 15, 15, 16, 16, 16, 15, 15, 15, 15, 15, 17, 17, 17, 18, 19, 17, 18, 21, 25, 29, 32, 36, 38, 38, 36, 35, 37, 37, 34, 29, 26, 26, 26, 28, 30, 26, 17, 12, 11, 10, 10, 11, 11, 11, 11, 10, 10, 12, 10, 10, 13, 13, 10, 10, 11, 11, 11, 10, 9, 9, 9, 10, 11, 8, 8, 8, 8, 8, 6, 6, 6, 7, 6, 6, 6, 6, 6, 6, 5, 7, 6, 5, 6, 7, 6, 5, 5, 4, 5, 6, 6, 5, 5, 6, 8, 7, 6, 6, 6, 7, 7, 9, 10, 10, 10, 11, 12, 13, 14, 14, 15, 13, 14, 15, 16, 16, 16, 15, 15, 16, 16, 17, 17, 17, 18, 18, 18, 18, 17, 18, 18, 17, 18, 22, 22, 20, 22, 21, 22, 34, 50, 64, 72, 71, 68, 63, 64, 65, 59, 57, 62, 62, 65, 63, 59, 58, 60, 62, 65, 64, 65, 66, 66, 68, 67, 66, 29]","[31, 32, 26, 25, 28, 29, 26, 28, 27, 26, 25, 26, 25, 24, 23, 23, 19, 20, 20, 18, 17, 19, 19, 19, 18, 16, 15, 16, 16, 17, 16, 16, 17, 16, 14, 14, 15, 15, 16, 17, 16, 16, 16, 16, 16, 16, 16, 16, 14, 16, 18, 21, 21, 19, 18, 19, 23, 27, 33, 38, 37, 33, 32, 34, 39, 47, 54, 52, 47, 40, 28, 16, 26, 23, 20, 17, 16, 14, 12, 11, 11, 10, 10, 12, 13, 12, 12, 13, 12, 11, 9, 8, 8, 9, 9, 9, 11, 10, 9, 9, 8, 7, 8, 9, 8, 8, 7, 7, 7, 7, 7, 7, 7, 7, 6, 7, 7, 6, 6, 5, 6, 6, 7, 7, 7, 6, 7, 8, 7, 6, 5, 6, 7, 8, 9, 10, 10, 12, 13, 14, 14, 14, 14, 14, 15, 15, 15, 15, 15, 15, 16, 17, 16, 16, 16, 16, 17, 17, 17, 17, 18, 18, 20, 20, 19, 20, 22, 21, 20, 21, 22, 30, 49, 66, 69, 66, 63, 64, 64, 64, 65, 62, 59, 62, 61, 63, 63, 61, 62, 63, 63, 63, 64, 65, 68, 69, 69, 67, 67, 28]","[27, 30, 27, 29, 32, 31, 31, 30, 29, 30, 28, 27, 27, 28, 27, 23, 20, 20, 20, 19, 19, 20, 20, 21, 20, 18, 16, 16, 17, 16, 16, 16, 16, 15, 14, 15, 15, 16, 16, 17, 16, 16, 16, 17, 17, 16, 16, 15, 17, 16, 16, 16, 15, 14, 14, 15, 15, 15, 16, 20, 21, 21, 23, 27, 28, 34, 35, 32, 38, 51, 57, 54, 39, 36, 33, 33, 33, 30, 26, 22, 19, 18, 16, 14, 14, 14, 13, 11, 10, 9, 9, 11, 12, 13, 12, 10, 12, 12, 11, 11, 9, 8, 9, 10, 10, 10, 10, 9, 9, 9, 9, 10, 9, 8, 8, 8, 8, 7, 6, 6, 6, 5, 5, 7, 8, 8, 8, 8, 7, 6, 6, 7, 8, 8, 9, 9, 12, 13, 15, 15, 15, 15, 15, 15, 16, 15, 14, 13, 13, 14, 15, 16, 15, 16, 16, 17, 18, 18, 18, 18, 19, 19, 20, 21, 20, 20, 21, 20, 25, 27, 37, 56, 72, 73, 65, 61, 60, 61, 61, 63, 64, 64, 61, 61, 63, 62, 62, 65, 69, 67, 63, 61, 62, 63, 67, 69, 68, 68, 69, 30]","[28, 29, 34, 32, 33, 30, 32, 31, 33, 32, 29, 26, 27, 29, 28, 24, 25, 23, 23, 22, 22, 21, 22, 24, 22, 20, 18, 18, 18, 16, 15, 15, 15, 15, 16, 16, 17, 17, 16, 16, 15, 16, 17, 17, 17, 17, 17, 15, 17, 17, 15, 14, 14, 15, 16, 17, 17, 15, 14, 15, 17, 18, 20, 23, 22, 23, 22, 20, 21, 25, 26, 25, 29, 29, 31, 37, 41, 41, 37, 34, 34, 32, 29, 25, 23, 23, 20, 15, 16, 13, 10, 9, 10, 12, 10, 10, 8, 9, 9, 10, 10, 10, 9, 10, 10, 10, 10, 9, 9, 8, 9, 9, 10, 8, 8, 8, 8, 7, 6, 6, 5, 4, 4, 6, 8, 9, 8, 8, 7, 6, 6, 6, 7, 8, 8, 9, 12, 13, 15, 15, 15, 15, 15, 15, 16, 16, 15, 14, 14, 15, 15, 16, 15, 15, 16, 17, 18, 19, 20, 20, 19, 18, 19, 19, 17, 19, 23, 25, 37, 45, 58, 70, 74, 67, 59, 57, 54, 55, 61, 66, 65, 60, 57, 58, 59, 62, 64, 67, 67, 63, 61, 63, 62, 62, 66, 68, 67, 68, 70, 29]","[32, 26, 42, 31, 28, 25, 27, 30, 37, 33, 28, 25, 28, 31, 32, 31, 30, 27, 27, 30, 28, 24, 23, 26, 23, 20, 20, 20, 20, 18, 17, 17, 17, 16, 17, 16, 15, 17, 16, 16, 15, 15, 15, 15, 15, 16, 15, 13, 13, 13, 13, 13, 13, 13, 13, 12, 15, 15, 15, 15, 16, 16, 16, 17, 15, 15, 15, 16, 15, 15, 16, 18, 18, 18, 20, 24, 28, 30, 29, 29, 32, 30, 29, 30, 32, 33, 30, 26, 25, 21, 17, 13, 12, 11, 10, 9, 11, 10, 10, 11, 11, 10, 10, 10, 10, 10, 10, 8, 7, 7, 7, 8, 10, 9, 8, 8, 8, 8, 7, 7, 6, 6, 5, 7, 8, 8, 8, 8, 7, 6, 6, 6, 7, 8, 9, 11, 12, 13, 14, 14, 15, 15, 16, 16, 16, 16, 16, 16, 16, 16, 16, 17, 16, 16, 17, 18, 19, 19, 20, 20, 18, 18, 18, 17, 17, 23, 34, 41, 48, 59, 66, 66, 63, 59, 53, 50, 51, 53, 62, 70, 69, 61, 58, 59, 58, 62, 65, 64, 62, 60, 61, 66, 66, 63, 65, 66, 66, 69, 70, 28]","[30, 27, 66, 58, 56, 53, 46, 49, 36, 29, 23, 23, 25, 30, 33, 36, 32, 30, 32, 37, 35, 28, 25, 27, 27, 25, 25, 27, 27, 24, 22, 22, 21, 20, 18, 17, 17, 18, 20, 22, 17, 18, 17, 16, 16, 16, 15, 13, 14, 15, 15, 15, 15, 17, 16, 14, 15, 15, 14, 14, 15, 17, 16, 14, 13, 14, 15, 16, 15, 15, 15, 16, 16, 14, 12, 12, 14, 17, 21, 25, 23, 21, 21, 27, 32, 31, 28, 26, 24, 25, 27, 28, 28, 27, 26, 25, 21, 19, 15, 13, 12, 11, 11, 11, 12, 12, 11, 10, 9, 8, 8, 9, 11, 10, 9, 10, 10, 10, 9, 9, 9, 8, 8, 8, 8, 7, 8, 8, 8, 8, 7, 8, 8, 9, 11, 14, 14, 14, 14, 15, 15, 16, 17, 17, 16, 16, 16, 16, 16, 16, 17, 18, 18, 19, 19, 19, 20, 20, 20, 20, 19, 19, 19, 18, 19, 29, 46, 58, 60, 63, 66, 67, 67, 62, 55, 52, 53, 52, 56, 64, 67, 66, 63, 60, 63, 64, 61, 59, 63, 66, 66, 66, 68, 63, 64, 65, 66, 71, 72, 28]","[30, 27, 91, 89, 80, 80, 76, 68, 66, 67, 66, 52, 49, 55, 49, 47, 47, 31, 36, 36, 35, 31, 28, 28, 27, 28, 28, 30, 32, 27, 22, 24, 22, 22, 20, 21, 17, 22, 23, 24, 21, 19, 18, 17, 15, 15, 16, 15, 13, 16, 17, 17, 16, 15, 16, 16, 17, 15, 13, 17, 17, 14, 17, 15, 14, 14, 15, 15, 15, 15, 16, 17, 15, 14, 13, 13, 13, 14, 16, 19, 17, 16, 16, 17, 18, 17, 17, 18, 21, 22, 23, 26, 30, 34, 33, 31, 31, 32, 30, 25, 20, 18, 16, 15, 16, 15, 14, 13, 10, 9, 10, 10, 12, 10, 10, 10, 9, 7, 8, 9, 11, 9, 8, 8, 9, 9, 8, 8, 9, 8, 7, 7, 7, 8, 11, 12, 13, 13, 14, 16, 16, 16, 16, 16, 15, 15, 15, 16, 18, 18, 18, 18, 17, 18, 21, 22, 20, 20, 20, 19, 18, 20, 17, 20, 32, 47, 59, 63, 63, 65, 63, 64, 60, 67, 64, 60, 58, 56, 57, 61, 81, 76, 56, 62, 63, 66, 65, 60, 61, 67, 68, 64, 64, 63, 62, 64, 67, 71, 74, 29]","[29, 31, 101, 104, 97, 98, 96, 90, 89, 91, 92, 82, 81, 84, 75, 71, 74, 57, 50, 43, 39, 40, 31, 25, 29, 26, 24, 29, 34, 32, 27, 24, 26, 25, 21, 24, 24, 29, 26, 25, 25, 24, 23, 21, 19, 20, 19, 16, 19, 19, 19, 19, 19, 19, 18, 17, 16, 16, 15, 19, 19, 16, 17, 15, 15, 16, 16, 16, 16, 16, 16, 15, 15, 14, 14, 14, 14, 13, 14, 15, 14, 13, 14, 15, 15, 14, 13, 14, 14, 15, 16, 17, 19, 21, 20, 18, 25, 26, 27, 24, 23, 23, 23, 23, 20, 20, 21, 21, 18, 15, 13, 13, 14, 13, 11, 11, 11, 10, 10, 10, 11, 10, 10, 11, 11, 10, 9, 9, 10, 9, 9, 9, 9, 10, 11, 11, 11, 12, 13, 13, 12, 12, 13, 14, 17, 16, 16, 17, 18, 18, 19, 19, 20, 20, 22, 22, 20, 19, 20, 20, 20, 26, 27, 33, 44, 55, 64, 66, 57, 59, 58, 59, 57, 65, 66, 64, 65, 60, 53, 65, 114, 114, 68, 55, 64, 66, 65, 61, 62, 66, 67, 64, 66, 65, 64, 64, 65, 69, 73, 29]","[28, 30, 101, 103, 98, 101, 103, 101, 103, 98, 92, 81, 82, 90, 89, 91, 101, 92, 84, 75, 67, 75, 68, 62, 50, 45, 43, 43, 40, 36, 34, 33, 29, 28, 23, 25, 28, 29, 25, 26, 23, 24, 25, 23, 21, 24, 26, 24, 20, 21, 22, 21, 19, 17, 17, 18, 19, 20, 16, 16, 16, 15, 15, 15, 16, 17, 16, 16, 16, 17, 16, 14, 16, 15, 15, 16, 15, 14, 13, 13, 13, 12, 13, 14, 14, 12, 12, 11, 11, 13, 14, 15, 15, 16, 16, 15, 14, 16, 16, 15, 15, 17, 18, 18, 20, 21, 23, 25, 25, 23, 21, 20, 18, 17, 15, 14, 14, 14, 13, 11, 12, 12, 12, 12, 12, 10, 10, 10, 9, 9, 9, 9, 10, 10, 10, 11, 13, 15, 16, 14, 12, 13, 14, 16, 16, 16, 16, 16, 17, 18, 20, 22, 18, 19, 21, 21, 20, 22, 27, 30, 32, 37, 37, 39, 45, 49, 53, 52, 55, 55, 53, 53, 52, 61, 67, 69, 66, 58, 54, 70, 126, 134, 85, 58, 64, 65, 64, 63, 64, 66, 67, 65, 66, 67, 67, 67, 66, 68, 71, 28]","[30, 30, 97, 97, 93, 98, 101, 101, 97, 97, 98, 96, 100, 103, 98, 97, 99, 96, 93, 87, 81, 87, 85, 82, 82, 82, 85, 82, 71, 62, 59, 58, 45, 43, 35, 33, 33, 29, 24, 28, 21, 21, 24, 25, 24, 25, 26, 24, 23, 23, 24, 23, 21, 20, 21, 22, 19, 21, 18, 16, 17, 18, 18, 19, 17, 17, 16, 15, 15, 17, 17, 16, 16, 16, 16, 17, 16, 15, 14, 14, 13, 12, 13, 13, 13, 13, 11, 10, 11, 12, 13, 13, 14, 14, 13, 13, 17, 17, 17, 15, 15, 15, 16, 16, 17, 16, 17, 19, 21, 22, 22, 22, 20, 20, 19, 17, 17, 17, 16, 14, 14, 13, 13, 13, 13, 11, 11, 10, 9, 9, 8, 8, 9, 10, 11, 11, 13, 15, 16, 14, 12, 13, 14, 15, 16, 16, 17, 17, 17, 19, 21, 23, 21, 20, 20, 19, 19, 25, 35, 41, 46, 48, 43, 41, 43, 45, 47, 45, 49, 47, 47, 50, 54, 62, 69, 71, 68, 54, 47, 63, 129, 145, 94, 60, 65, 65, 64, 64, 64, 64, 65, 64, 67, 69, 70, 70, 68, 69, 71, 27]","[29, 29, 95, 96, 95, 98, 98, 95, 92, 93, 94, 95, 99, 102, 100, 100, 100, 95, 97, 98, 105, 108, 108, 106, 96, 91, 88, 84, 77, 76, 79, 80, 84, 80, 72, 67, 67, 58, 51, 54, 54, 41, 29, 24, 22, 23, 25, 26, 30, 25, 21, 21, 23, 24, 23, 22, 22, 22, 22, 21, 21, 21, 18, 17, 17, 19, 19, 18, 17, 19, 18, 17, 16, 17, 16, 17, 16, 15, 14, 15, 13, 13, 13, 13, 13, 13, 12, 12, 12, 12, 12, 12, 12, 12, 11, 10, 14, 14, 14, 13, 12, 13, 14, 15, 16, 13, 12, 12, 14, 15, 16, 17, 18, 20, 19, 17, 17, 18, 18, 17, 17, 16, 16, 17, 17, 15, 12, 11, 10, 10, 10, 10, 11, 11, 12, 12, 14, 16, 16, 15, 14, 14, 14, 14, 17, 19, 20, 20, 20, 20, 22, 24, 23, 21, 20, 18, 20, 29, 44, 52, 54, 53, 46, 43, 44, 44, 44, 41, 36, 34, 39, 48, 59, 66, 71, 70, 64, 55, 44, 57, 135, 149, 91, 64, 66, 65, 65, 65, 65, 64, 64, 65, 69, 70, 70, 70, 69, 70, 72, 27]","[29, 28, 91, 91, 91, 94, 92, 89, 86, 89, 90, 92, 96, 98, 96, 95, 96, 90, 89, 91, 99, 97, 97, 96, 99, 97, 98, 100, 99, 98, 96, 93, 89, 85, 83, 85, 93, 89, 85, 84, 81, 68, 61, 65, 66, 60, 50, 42, 28, 25, 22, 21, 21, 21, 23, 25, 30, 26, 26, 24, 22, 23, 22, 20, 21, 22, 23, 24, 23, 21, 20, 19, 18, 18, 19, 19, 17, 15, 15, 16, 14, 14, 14, 13, 14, 14, 14, 14, 13, 12, 12, 13, 14, 13, 12, 13, 14, 13, 13, 13, 14, 14, 15, 16, 15, 13, 12, 11, 12, 13, 13, 13, 14, 16, 16, 16, 16, 17, 17, 17, 18, 18, 19, 20, 20, 17, 14, 12, 11, 12, 13, 13, 13, 13, 12, 12, 16, 16, 17, 17, 16, 15, 15, 16, 16, 19, 23, 25, 24, 24, 26, 27, 30, 26, 24, 21, 22, 32, 46, 55, 54, 54, 48, 46, 46, 43, 39, 34, 31, 26, 31, 43, 59, 66, 71, 69, 60, 55, 50, 58, 131, 142, 88, 66, 65, 65, 65, 66, 67, 68, 69, 71, 72, 71, 68, 67, 67, 70, 73, 29]","[31, 30, 89, 85, 85, 88, 87, 87, 87, 88, 86, 86, 91, 94, 93, 91, 87, 88, 88, 90, 94, 94, 96, 97, 98, 98, 96, 95, 96, 96, 96, 98, 94, 90, 91, 92, 97, 93, 90, 86, 87, 79, 77, 84, 88, 86, 80, 74, 69, 70, 68, 60, 48, 38, 36, 40, 39, 28, 27, 25, 21, 24, 26, 25, 24, 23, 24, 26, 27, 24, 21, 20, 17, 20, 22, 23, 20, 17, 16, 17, 16, 16, 16, 15, 15, 16, 16, 15, 11, 11, 12, 13, 13, 12, 12, 14, 13, 12, 12, 12, 12, 12, 13, 14, 13, 11, 11, 12, 13, 14, 13, 13, 13, 13, 13, 14, 15, 15, 15, 16, 16, 16, 17, 18, 16, 14, 13, 13, 13, 13, 13, 13, 13, 13, 14, 14, 15, 14, 15, 16, 15, 14, 16, 20, 21, 26, 32, 34, 33, 31, 31, 32, 39, 35, 31, 27, 25, 31, 41, 47, 50, 52, 49, 48, 48, 44, 40, 36, 33, 25, 29, 41, 59, 66, 71, 69, 66, 57, 53, 58, 127, 141, 88, 60, 65, 65, 65, 66, 67, 69, 72, 74, 73, 70, 66, 65, 65, 69, 73, 30]","[29, 28, 88, 83, 82, 85, 85, 86, 82, 84, 81, 83, 88, 90, 87, 82, 83, 89, 87, 88, 87, 91, 91, 90, 91, 90, 83, 81, 84, 87, 89, 94, 91, 89, 94, 96, 101, 99, 102, 100, 98, 91, 88, 87, 86, 86, 87, 88, 86, 91, 95, 94, 84, 75, 73, 76, 70, 55, 53, 49, 39, 40, 40, 37, 24, 20, 19, 23, 25, 23, 20, 20, 17, 19, 23, 25, 22, 18, 17, 18, 18, 18, 18, 15, 15, 16, 16, 15, 14, 14, 15, 15, 13, 11, 11, 13, 12, 11, 11, 12, 12, 12, 12, 13, 11, 10, 10, 10, 12, 12, 12, 12, 14, 12, 11, 13, 14, 14, 13, 13, 13, 13, 13, 12, 10, 9, 11, 14, 16, 14, 13, 12, 12, 14, 16, 18, 17, 15, 16, 18, 17, 16, 21, 28, 33, 38, 44, 45, 42, 37, 35, 35, 36, 34, 32, 30, 29, 34, 43, 48, 50, 53, 49, 47, 45, 40, 37, 35, 31, 25, 32, 46, 65, 69, 71, 68, 66, 67, 61, 59, 131, 141, 83, 61, 67, 67, 66, 64, 64, 66, 68, 70, 72, 69, 66, 64, 64, 68, 72, 28]","[29, 30, 85, 84, 83, 80, 82, 84, 81, 81, 82, 84, 85, 85, 84, 82, 83, 83, 86, 87, 85, 81, 81, 84, 86, 82, 79, 80, 80, 81, 84, 89, 88, 84, 82, 85, 89, 88, 85, 82, 86, 88, 90, 90, 92, 96, 94, 89, 88, 91, 92, 90, 90, 93, 96, 98, 95, 85, 81, 84, 80, 73, 72, 75, 57, 61, 44, 33, 29, 34, 35, 31, 24, 22, 23, 21, 23, 18, 19, 20, 22, 18, 23, 19, 16, 15, 19, 15, 16, 16, 16, 17, 17, 16, 14, 11, 12, 10, 12, 14, 12, 15, 17, 11, 12, 10, 10, 7, 12, 11, 14, 12, 11, 13, 14, 13, 13, 13, 13, 13, 11, 14, 14, 12, 11, 9, 9, 11, 13, 15, 14, 13, 15, 15, 16, 19, 20, 18, 17, 15, 14, 16, 26, 44, 54, 56, 53, 48, 46, 45, 41, 38, 35, 32, 31, 28, 32, 33, 44, 54, 57, 54, 50, 47, 45, 40, 35, 32, 30, 25, 25, 42, 70, 73, 67, 65, 60, 61, 57, 55, 132, 142, 83, 66, 70, 66, 65, 66, 63, 57, 59, 66, 68, 70, 66, 64, 67, 71, 72, 30]","[29, 30, 84, 83, 83, 81, 82, 82, 81, 80, 80, 80, 81, 82, 82, 82, 80, 81, 83, 84, 83, 81, 81, 83, 83, 81, 80, 81, 82, 83, 86, 90, 84, 81, 80, 83, 87, 86, 84, 82, 82, 83, 85, 87, 89, 90, 89, 87, 90, 89, 89, 91, 93, 94, 96, 99, 96, 94, 92, 90, 89, 91, 93, 92, 88, 83, 74, 78, 77, 69, 60, 60, 52, 42, 35, 30, 30, 23, 21, 21, 23, 18, 21, 22, 22, 19, 16, 15, 18, 20, 19, 18, 18, 16, 15, 15, 14, 13, 14, 13, 11, 13, 17, 15, 12, 11, 11, 10, 12, 12, 14, 15, 13, 13, 13, 12, 12, 12, 12, 11, 12, 13, 13, 12, 12, 12, 11, 9, 10, 13, 13, 14, 16, 19, 21, 24, 22, 23, 27, 25, 22, 22, 30, 46, 54, 57, 55, 50, 47, 44, 41, 39, 37, 35, 32, 27, 28, 32, 45, 57, 59, 55, 50, 47, 46, 43, 38, 34, 30, 24, 24, 45, 76, 78, 69, 63, 59, 58, 52, 63, 136, 144, 79, 64, 69, 70, 71, 71, 69, 66, 65, 65, 69, 71, 70, 71, 72, 71, 71, 29]","[30, 28, 80, 79, 80, 80, 81, 81, 82, 81, 81, 80, 81, 81, 81, 81, 80, 81, 82, 82, 81, 81, 81, 82, 82, 81, 80, 81, 79, 78, 79, 82, 86, 83, 81, 83, 85, 85, 84, 83, 84, 81, 79, 79, 79, 81, 84, 87, 87, 84, 83, 84, 88, 91, 92, 91, 94, 97, 100, 98, 97, 99, 97, 92, 101, 95, 88, 88, 85, 82, 78, 84, 86, 74, 65, 63, 66, 62, 59, 55, 41, 34, 27, 24, 23, 25, 20, 21, 17, 21, 23, 24, 25, 21, 16, 17, 16, 16, 16, 15, 15, 16, 16, 16, 13, 11, 10, 12, 13, 13, 10, 9, 13, 13, 12, 12, 13, 13, 13, 13, 11, 12, 15, 16, 16, 17, 16, 12, 12, 15, 17, 18, 22, 24, 24, 24, 24, 26, 31, 29, 26, 26, 33, 46, 51, 55, 56, 53, 49, 45, 43, 43, 43, 40, 32, 25, 22, 28, 39, 49, 56, 54, 51, 47, 45, 42, 39, 37, 32, 25, 25, 47, 75, 73, 64, 58, 56, 57, 52, 72, 132, 140, 80, 68, 70, 69, 68, 67, 65, 65, 64, 64, 69, 71, 73, 75, 75, 71, 71, 30]","[30, 27, 78, 76, 78, 79, 81, 81, 81, 82, 83, 83, 83, 82, 81, 81, 81, 82, 82, 81, 81, 83, 84, 83, 81, 81, 81, 82, 80, 78, 79, 81, 83, 80, 77, 77, 79, 80, 81, 81, 81, 81, 82, 82, 81, 79, 80, 82, 82, 82, 79, 76, 80, 86, 86, 80, 81, 80, 82, 83, 82, 82, 84, 84, 91, 96, 102, 100, 95, 96, 87, 88, 85, 83, 85, 92, 98, 94, 84, 75, 71, 75, 72, 67, 62, 58, 39, 30, 38, 35, 26, 20, 21, 20, 18, 21, 19, 17, 15, 14, 18, 19, 16, 16, 19, 16, 12, 15, 13, 15, 14, 17, 15, 14, 14, 14, 15, 15, 15, 15, 14, 18, 25, 27, 25, 25, 24, 21, 19, 25, 30, 34, 38, 39, 36, 34, 33, 32, 31, 29, 29, 31, 36, 46, 50, 54, 55, 54, 51, 46, 43, 44, 44, 40, 32, 28, 24, 34, 42, 48, 50, 53, 52, 47, 41, 38, 38, 38, 36, 31, 32, 51, 73, 67, 63, 61, 55, 58, 59, 74, 114, 128, 88, 72, 75, 70, 67, 67, 67, 64, 65, 67, 71, 72, 74, 75, 74, 71, 73, 31]","[30, 28, 80, 78, 79, 79, 81, 81, 79, 80, 81, 82, 82, 81, 80, 80, 81, 82, 82, 82, 83, 85, 86, 86, 82, 82, 82, 81, 79, 77, 77, 79, 77, 76, 74, 75, 76, 77, 78, 79, 75, 77, 78, 76, 75, 76, 77, 78, 82, 82, 79, 74, 77, 82, 82, 77, 78, 76, 79, 83, 81, 78, 79, 81, 83, 81, 84, 85, 81, 83, 80, 85, 86, 87, 86, 86, 87, 88, 85, 82, 81, 88, 85, 80, 79, 81, 69, 68, 73, 67, 55, 47, 46, 42, 35, 32, 32, 28, 24, 16, 16, 19, 16, 17, 15, 14, 13, 18, 15, 16, 14, 17, 16, 16, 17, 17, 17, 16, 16, 16, 21, 25, 31, 35, 35, 34, 33, 31, 29, 40, 48, 48, 46, 43, 40, 39, 41, 37, 34, 29, 27, 29, 34, 45, 51, 54, 56, 55, 52, 46, 41, 40, 41, 39, 33, 30, 25, 35, 44, 49, 50, 53, 53, 47, 42, 40, 39, 38, 33, 30, 32, 52, 71, 65, 66, 65, 57, 56, 61, 66, 93, 116, 100, 69, 74, 71, 70, 72, 72, 70, 68, 67, 73, 75, 75, 75, 73, 73, 74, 28]","[29, 29, 84, 82, 82, 79, 80, 80, 79, 79, 79, 79, 80, 80, 81, 81, 83, 83, 84, 84, 84, 84, 84, 84, 84, 83, 81, 80, 78, 77, 76, 75, 78, 78, 78, 78, 78, 78, 76, 75, 72, 72, 70, 68, 68, 73, 77, 80, 80, 78, 76, 76, 77, 78, 78, 77, 75, 77, 81, 83, 80, 75, 72, 69, 78, 77, 78, 78, 72, 75, 79, 85, 82, 86, 86, 85, 82, 83, 82, 81, 84, 87, 85, 84, 85, 84, 78, 84, 83, 77, 72, 71, 74, 75, 72, 68, 53, 52, 51, 38, 28, 27, 23, 24, 21, 17, 15, 18, 19, 19, 15, 15, 17, 17, 18, 20, 21, 20, 21, 22, 24, 26, 28, 33, 38, 38, 36, 38, 49, 63, 71, 66, 56, 48, 47, 49, 45, 42, 40, 33, 27, 24, 30, 44, 51, 54, 55, 55, 54, 49, 43, 41, 38, 37, 34, 29, 22, 30, 45, 53, 56, 56, 53, 48, 47, 47, 43, 38, 30, 27, 28, 51, 72, 68, 68, 62, 55, 50, 55, 56, 79, 109, 110, 69, 70, 72, 71, 70, 71, 73, 71, 67, 71, 72, 75, 75, 74, 75, 76, 28]","[28, 29, 83, 82, 82, 80, 81, 81, 84, 82, 81, 80, 80, 81, 82, 82, 84, 83, 84, 85, 84, 82, 81, 82, 83, 82, 81, 81, 83, 83, 83, 82, 79, 80, 80, 79, 79, 77, 75, 73, 72, 72, 72, 74, 75, 76, 77, 79, 77, 74, 74, 76, 76, 75, 75, 75, 75, 74, 76, 75, 73, 72, 73, 72, 72, 75, 74, 71, 63, 69, 77, 80, 80, 80, 76, 76, 72, 75, 77, 82, 79, 78, 78, 76, 81, 80, 81, 88, 86, 85, 89, 92, 89, 86, 81, 73, 70, 73, 79, 67, 54, 54, 49, 46, 42, 33, 24, 19, 21, 23, 25, 23, 25, 23, 24, 28, 31, 32, 32, 33, 31, 33, 31, 32, 37, 35, 36, 46, 58, 71, 79, 74, 65, 57, 54, 55, 51, 48, 45, 40, 31, 25, 29, 44, 49, 54, 56, 55, 56, 53, 48, 44, 37, 33, 33, 28, 25, 35, 54, 64, 61, 59, 54, 49, 50, 52, 47, 39, 33, 29, 30, 55, 78, 75, 72, 60, 51, 47, 52, 53, 69, 96, 107, 76, 71, 73, 72, 69, 69, 73, 74, 72, 70, 70, 74, 77, 75, 75, 76, 29]","[29, 29, 82, 80, 80, 80, 83, 84, 87, 86, 84, 83, 83, 83, 82, 81, 82, 81, 83, 85, 85, 82, 81, 83, 83, 81, 80, 81, 83, 84, 83, 81, 81, 81, 81, 81, 80, 80, 79, 78, 77, 74, 72, 74, 75, 74, 75, 78, 74, 76, 76, 76, 77, 78, 76, 74, 74, 71, 73, 75, 73, 70, 71, 73, 71, 72, 70, 74, 69, 71, 76, 74, 77, 74, 70, 73, 69, 69, 67, 72, 75, 73, 73, 68, 73, 75, 76, 78, 77, 75, 80, 81, 75, 78, 84, 82, 77, 80, 90, 81, 73, 80, 78, 74, 61, 60, 59, 50, 47, 44, 47, 48, 38, 35, 34, 37, 42, 43, 42, 42, 44, 48, 42, 38, 39, 33, 36, 53, 69, 78, 83, 79, 73, 66, 58, 53, 54, 47, 44, 40, 32, 25, 27, 41, 50, 56, 58, 57, 57, 55, 50, 45, 39, 32, 31, 26, 27, 36, 55, 62, 62, 61, 56, 50, 50, 51, 47, 40, 32, 29, 31, 56, 79, 76, 74, 60, 48, 50, 54, 55, 61, 79, 97, 81, 73, 72, 71, 71, 71, 72, 73, 74, 75, 73, 76, 80, 76, 74, 75, 29]","[29, 29, 80, 81, 82, 79, 83, 81, 81, 82, 82, 82, 83, 81, 80, 81, 82, 84, 86, 85, 83, 82, 83, 85, 83, 83, 83, 84, 85, 85, 83, 82, 82, 82, 81, 83, 83, 79, 76, 79, 80, 78, 78, 77, 76, 78, 79, 78, 77, 76, 78, 78, 75, 75, 76, 73, 71, 72, 73, 74, 76, 77, 75, 72, 71, 70, 70, 71, 72, 72, 71, 69, 72, 74, 73, 72, 70, 67, 65, 67, 68, 71, 69, 66, 67, 73, 74, 72, 66, 68, 71, 74, 73, 72, 75, 80, 80, 76, 75, 72, 71, 80, 84, 75, 70, 72, 74, 75, 73, 67, 61, 59, 62, 53, 48, 54, 56, 54, 57, 57, 60, 57, 45, 47, 43, 39, 37, 57, 88, 80, 84, 84, 74, 60, 60, 52, 52, 49, 42, 41, 31, 26, 29, 42, 52, 55, 59, 61, 60, 56, 50, 45, 38, 38, 32, 31, 25, 39, 59, 65, 63, 62, 55, 49, 48, 47, 43, 38, 31, 32, 32, 50, 74, 75, 72, 61, 51, 50, 51, 57, 53, 60, 84, 85, 76, 73, 72, 71, 72, 73, 73, 75, 75, 75, 76, 78, 77, 74, 73, 28]","[30, 30, 82, 84, 85, 81, 84, 84, 85, 84, 81, 81, 83, 82, 80, 81, 81, 85, 87, 86, 83, 82, 84, 86, 84, 82, 81, 83, 86, 88, 85, 83, 81, 82, 83, 85, 86, 82, 79, 80, 84, 82, 81, 81, 79, 78, 79, 78, 75, 74, 76, 77, 76, 78, 79, 75, 72, 75, 77, 77, 77, 77, 75, 74, 72, 72, 71, 72, 72, 71, 69, 67, 68, 70, 70, 70, 70, 67, 64, 63, 64, 67, 67, 66, 68, 73, 75, 73, 67, 67, 69, 72, 73, 72, 73, 75, 74, 72, 71, 69, 67, 72, 74, 67, 63, 65, 68, 72, 75, 74, 74, 78, 80, 75, 70, 70, 69, 67, 66, 61, 66, 65, 58, 57, 51, 44, 36, 56, 89, 90, 88, 83, 72, 59, 56, 54, 51, 48, 43, 41, 33, 28, 30, 47, 59, 62, 65, 64, 61, 56, 49, 43, 41, 37, 34, 31, 33, 46, 65, 69, 65, 57, 50, 48, 48, 45, 40, 35, 30, 29, 27, 45, 67, 69, 68, 63, 52, 51, 50, 54, 49, 48, 68, 84, 82, 77, 72, 71, 74, 76, 75, 74, 75, 74, 75, 76, 75, 73, 73, 29]","[29, 29, 83, 87, 88, 83, 86, 87, 89, 85, 81, 80, 83, 83, 80, 80, 81, 85, 88, 86, 82, 80, 81, 83, 84, 82, 81, 83, 85, 86, 84, 81, 81, 81, 83, 85, 86, 83, 81, 81, 80, 79, 80, 81, 79, 79, 80, 79, 78, 76, 77, 77, 78, 80, 80, 75, 74, 77, 80, 80, 77, 75, 74, 74, 74, 74, 73, 74, 74, 73, 70, 68, 67, 68, 68, 69, 72, 71, 67, 64, 65, 67, 67, 67, 69, 72, 71, 69, 66, 64, 65, 68, 71, 71, 70, 69, 69, 70, 70, 67, 65, 65, 64, 61, 63, 63, 64, 66, 68, 66, 68, 74, 79, 82, 81, 81, 80, 81, 79, 69, 66, 66, 65, 61, 54, 48, 37, 61, 89, 96, 87, 79, 74, 65, 55, 54, 50, 47, 44, 40, 33, 28, 30, 51, 58, 64, 67, 64, 59, 54, 47, 41, 40, 32, 31, 25, 35, 52, 67, 69, 68, 53, 46, 49, 48, 43, 37, 33, 27, 27, 24, 43, 60, 63, 64, 65, 56, 52, 47, 49, 51, 49, 58, 76, 84, 81, 74, 72, 75, 76, 75, 73, 75, 75, 75, 75, 73, 73, 74, 30]","[29, 29, 85, 89, 90, 85, 87, 89, 90, 87, 82, 82, 85, 84, 81, 80, 82, 86, 88, 86, 82, 79, 78, 79, 82, 82, 83, 84, 83, 82, 81, 80, 82, 81, 82, 83, 82, 82, 81, 80, 77, 77, 79, 80, 79, 80, 82, 81, 81, 81, 80, 80, 81, 82, 80, 77, 76, 78, 79, 78, 76, 74, 73, 73, 73, 73, 74, 75, 76, 75, 73, 71, 70, 71, 69, 68, 72, 73, 71, 69, 68, 68, 68, 68, 70, 70, 68, 65, 63, 63, 63, 65, 67, 68, 67, 65, 66, 70, 70, 67, 66, 62, 59, 60, 63, 62, 61, 64, 64, 60, 59, 65, 75, 82, 86, 86, 87, 89, 86, 74, 65, 64, 64, 57, 50, 47, 38, 69, 91, 96, 83, 77, 71, 66, 57, 56, 51, 46, 43, 38, 33, 27, 29, 52, 61, 67, 69, 65, 60, 56, 49, 42, 41, 34, 31, 23, 35, 59, 71, 71, 67, 52, 47, 50, 46, 40, 35, 30, 24, 26, 26, 43, 57, 63, 63, 66, 52, 48, 45, 44, 51, 55, 55, 63, 78, 81, 78, 74, 74, 74, 74, 74, 76, 76, 76, 75, 74, 74, 74, 29]","[29, 29, 87, 90, 90, 87, 87, 90, 89, 87, 85, 85, 87, 86, 83, 82, 84, 86, 88, 87, 85, 83, 82, 82, 83, 83, 82, 82, 82, 82, 82, 82, 82, 81, 82, 83, 82, 83, 83, 81, 80, 80, 82, 82, 80, 80, 82, 81, 80, 81, 81, 81, 82, 82, 81, 80, 77, 76, 76, 76, 76, 76, 75, 74, 72, 73, 74, 75, 76, 75, 73, 72, 72, 72, 69, 68, 71, 71, 70, 69, 67, 67, 67, 68, 70, 71, 69, 66, 63, 65, 66, 66, 65, 65, 65, 64, 64, 68, 68, 65, 65, 61, 57, 60, 60, 58, 58, 62, 63, 60, 59, 63, 73, 81, 86, 89, 90, 92, 90, 80, 72, 67, 63, 53, 46, 45, 38, 75, 96, 97, 88, 82, 70, 64, 60, 58, 51, 45, 42, 36, 33, 29, 36, 58, 66, 70, 70, 65, 60, 56, 48, 41, 41, 37, 29, 22, 33, 62, 71, 71, 63, 53, 50, 50, 43, 36, 32, 28, 23, 25, 24, 40, 57, 68, 65, 64, 50, 46, 49, 47, 48, 54, 54, 57, 67, 79, 78, 76, 76, 74, 75, 75, 74, 76, 76, 76, 75, 76, 76, 29]","[29, 30, 88, 88, 88, 86, 85, 87, 86, 86, 86, 87, 89, 88, 85, 85, 85, 87, 88, 88, 89, 89, 89, 88, 89, 86, 82, 81, 82, 83, 82, 81, 82, 82, 85, 86, 85, 87, 88, 83, 83, 83, 85, 85, 81, 80, 81, 81, 78, 79, 78, 79, 81, 79, 77, 78, 77, 75, 74, 75, 77, 77, 76, 75, 74, 74, 73, 73, 74, 73, 73, 72, 72, 72, 70, 70, 71, 68, 66, 66, 69, 69, 68, 68, 71, 74, 72, 68, 65, 69, 70, 67, 65, 65, 66, 66, 64, 67, 66, 63, 64, 62, 59, 61, 60, 58, 56, 59, 62, 60, 60, 64, 74, 80, 85, 90, 93, 94, 94, 86, 74, 66, 59, 51, 48, 47, 42, 82, 100, 97, 93, 92, 80, 70, 64, 56, 49, 44, 40, 36, 33, 31, 48, 66, 67, 69, 67, 62, 58, 54, 46, 39, 35, 34, 25, 21, 32, 59, 67, 65, 59, 54, 51, 48, 40, 34, 30, 26, 25, 22, 20, 35, 59, 73, 69, 64, 54, 46, 50, 50, 45, 48, 51, 53, 59, 75, 76, 75, 78, 77, 77, 75, 72, 74, 76, 76, 77, 78, 77, 29]","[29, 29, 87, 85, 86, 86, 84, 85, 85, 86, 86, 88, 91, 90, 89, 89, 88, 89, 89, 89, 90, 90, 90, 89, 91, 87, 83, 83, 85, 85, 83, 80, 82, 81, 85, 87, 85, 89, 90, 84, 83, 84, 87, 87, 83, 81, 82, 81, 78, 78, 76, 79, 81, 76, 73, 77, 78, 76, 76, 77, 78, 77, 76, 75, 76, 74, 72, 70, 70, 71, 73, 74, 72, 72, 71, 73, 73, 68, 64, 64, 70, 71, 70, 69, 71, 75, 72, 67, 65, 69, 70, 67, 64, 65, 66, 66, 66, 67, 64, 62, 63, 64, 62, 61, 61, 59, 57, 58, 61, 62, 64, 69, 78, 85, 91, 97, 98, 97, 93, 84, 74, 65, 55, 52, 51, 49, 46, 88, 101, 98, 95, 93, 86, 74, 65, 52, 47, 43, 39, 35, 30, 29, 54, 69, 70, 70, 68, 63, 59, 54, 47, 41, 33, 32, 24, 25, 39, 57, 65, 63, 56, 53, 49, 44, 37, 32, 28, 26, 24, 18, 18, 31, 58, 70, 68, 64, 57, 48, 47, 48, 45, 46, 48, 50, 55, 74, 76, 75, 78, 76, 76, 73, 73, 75, 76, 75, 77, 80, 79, 29]","[30, 29, 88, 84, 85, 87, 86, 86, 87, 87, 87, 89, 93, 94, 93, 94, 93, 93, 92, 90, 89, 89, 88, 88, 84, 84, 85, 86, 87, 87, 85, 83, 82, 81, 83, 84, 83, 88, 90, 85, 86, 87, 90, 90, 85, 83, 83, 82, 80, 78, 76, 80, 83, 78, 75, 80, 79, 79, 80, 81, 80, 77, 75, 75, 75, 72, 69, 67, 67, 70, 73, 75, 73, 71, 71, 73, 74, 69, 64, 66, 69, 70, 69, 67, 70, 74, 72, 66, 64, 67, 67, 64, 63, 66, 67, 65, 66, 65, 63, 61, 62, 64, 63, 59, 60, 60, 57, 57, 58, 59, 61, 65, 75, 84, 93, 100, 101, 98, 92, 80, 79, 69, 56, 53, 54, 50, 47, 88, 102, 102, 96, 85, 79, 67, 62, 54, 46, 43, 38, 33, 25, 23, 54, 67, 72, 71, 68, 63, 57, 51, 45, 40, 31, 30, 24, 29, 46, 55, 65, 62, 54, 51, 45, 39, 36, 30, 26, 24, 19, 14, 19, 31, 55, 62, 63, 64, 59, 55, 52, 51, 50, 50, 52, 53, 53, 75, 78, 76, 76, 72, 74, 72, 76, 77, 77, 75, 77, 81, 79, 29]","[29, 27, 86, 84, 86, 90, 89, 89, 88, 88, 87, 89, 93, 95, 94, 94, 93, 95, 94, 92, 89, 88, 89, 90, 90, 87, 86, 86, 87, 87, 86, 86, 87, 86, 86, 86, 86, 87, 87, 84, 84, 89, 91, 88, 87, 88, 87, 82, 82, 80, 81, 84, 85, 83, 81, 81, 80, 82, 83, 82, 78, 76, 74, 75, 76, 75, 72, 70, 70, 73, 75, 75, 72, 69, 70, 73, 73, 68, 65, 66, 68, 71, 72, 70, 69, 69, 68, 65, 67, 66, 67, 68, 67, 68, 69, 69, 65, 65, 64, 64, 63, 61, 60, 60, 58, 58, 57, 63, 65, 58, 69, 74, 82, 89, 97, 103, 103, 99, 92, 87, 83, 75, 59, 57, 54, 51, 62, 87, 105, 100, 98, 92, 77, 66, 60, 56, 51, 41, 37, 32, 24, 30, 59, 66, 70, 70, 67, 64, 56, 52, 51, 38, 33, 28, 24, 33, 45, 51, 57, 58, 48, 39, 37, 36, 30, 27, 26, 22, 19, 16, 18, 26, 45, 56, 63, 64, 64, 66, 58, 51, 51, 51, 52, 54, 53, 82, 78, 78, 75, 75, 72, 77, 78, 78, 76, 78, 78, 79, 80, 29]","[30, 29, 89, 87, 88, 90, 89, 89, 88, 88, 87, 88, 92, 95, 95, 95, 96, 96, 95, 93, 91, 90, 90, 90, 88, 89, 89, 88, 89, 91, 91, 89, 91, 91, 92, 91, 89, 88, 88, 85, 85, 88, 89, 87, 88, 90, 88, 84, 83, 84, 85, 86, 86, 85, 84, 83, 80, 81, 82, 83, 82, 80, 79, 79, 75, 74, 72, 71, 72, 75, 75, 75, 72, 71, 68, 65, 66, 68, 70, 69, 70, 72, 73, 74, 72, 70, 66, 63, 65, 64, 65, 67, 67, 68, 70, 69, 66, 66, 67, 66, 63, 61, 61, 62, 60, 61, 60, 62, 66, 65, 80, 87, 83, 87, 93, 100, 103, 101, 96, 92, 83, 79, 66, 57, 53, 55, 66, 91, 104, 101, 100, 94, 79, 66, 60, 56, 47, 43, 32, 26, 21, 34, 62, 75, 75, 73, 68, 63, 55, 51, 47, 38, 30, 26, 23, 32, 43, 49, 51, 48, 39, 33, 33, 35, 30, 26, 24, 19, 17, 18, 22, 31, 47, 57, 63, 65, 64, 64, 57, 52, 49, 44, 43, 47, 55, 80, 76, 79, 81, 83, 79, 82, 77, 77, 76, 78, 78, 79, 80, 28]","[29, 29, 90, 89, 88, 89, 87, 87, 87, 89, 88, 87, 91, 94, 95, 96, 97, 96, 94, 93, 92, 92, 91, 90, 89, 92, 91, 89, 90, 94, 95, 93, 91, 92, 94, 94, 91, 91, 91, 89, 90, 89, 87, 86, 89, 92, 92, 90, 86, 88, 89, 88, 87, 87, 86, 85, 82, 82, 82, 83, 83, 82, 81, 79, 76, 75, 75, 75, 76, 78, 77, 76, 75, 75, 73, 70, 71, 75, 76, 74, 71, 71, 72, 73, 72, 67, 63, 61, 63, 61, 62, 64, 65, 66, 68, 67, 66, 67, 68, 67, 65, 62, 61, 62, 63, 61, 61, 60, 67, 75, 89, 95, 92, 92, 95, 99, 102, 100, 98, 97, 88, 80, 69, 59, 53, 53, 62, 97, 103, 100, 99, 93, 78, 65, 59, 54, 47, 48, 34, 24, 17, 34, 62, 80, 76, 72, 68, 60, 53, 47, 39, 34, 26, 23, 23, 32, 41, 45, 46, 40, 32, 28, 30, 33, 29, 26, 22, 17, 16, 23, 31, 44, 56, 65, 65, 66, 64, 59, 52, 49, 47, 43, 46, 57, 75, 89, 79, 78, 80, 82, 77, 78, 76, 77, 77, 79, 79, 80, 80, 28]","[28, 28, 91, 91, 90, 90, 86, 86, 86, 89, 88, 87, 90, 93, 94, 95, 95, 95, 94, 93, 93, 93, 92, 91, 92, 92, 90, 87, 89, 94, 96, 96, 89, 90, 93, 94, 93, 92, 93, 91, 89, 88, 86, 86, 89, 91, 91, 90, 92, 92, 91, 89, 88, 88, 88, 88, 87, 86, 86, 86, 87, 86, 85, 84, 80, 79, 78, 79, 80, 80, 79, 76, 77, 76, 77, 78, 79, 78, 75, 74, 74, 74, 74, 73, 70, 67, 65, 64, 63, 61, 61, 63, 62, 64, 67, 68, 66, 66, 67, 67, 65, 62, 60, 59, 63, 60, 60, 57, 68, 81, 90, 91, 93, 93, 96, 101, 103, 102, 100, 99, 92, 80, 72, 60, 52, 50, 56, 97, 102, 97, 95, 88, 75, 64, 57, 52, 47, 43, 31, 24, 19, 36, 64, 75, 75, 70, 69, 61, 54, 46, 32, 29, 25, 22, 24, 36, 42, 43, 44, 40, 33, 29, 28, 30, 27, 24, 21, 17, 14, 24, 33, 48, 59, 68, 66, 66, 65, 59, 52, 49, 48, 46, 51, 65, 85, 92, 81, 79, 79, 80, 76, 75, 76, 78, 78, 80, 80, 81, 81, 29]","[29, 29, 92, 92, 93, 92, 88, 87, 87, 90, 90, 90, 92, 93, 94, 94, 95, 96, 96, 95, 94, 94, 94, 94, 93, 90, 88, 88, 91, 94, 96, 96, 91, 91, 93, 95, 94, 93, 93, 91, 88, 89, 90, 92, 93, 93, 91, 89, 96, 92, 90, 89, 89, 88, 89, 92, 88, 88, 88, 88, 88, 88, 88, 88, 83, 82, 81, 81, 82, 80, 78, 76, 78, 78, 78, 80, 80, 79, 77, 76, 75, 76, 76, 72, 69, 67, 66, 66, 67, 66, 66, 65, 63, 64, 68, 71, 68, 66, 65, 64, 64, 62, 60, 59, 63, 62, 62, 58, 67, 79, 87, 87, 85, 84, 88, 96, 104, 106, 102, 99, 90, 83, 76, 60, 52, 53, 56, 94, 103, 96, 91, 84, 73, 65, 59, 52, 51, 38, 31, 30, 31, 49, 79, 80, 75, 71, 70, 63, 56, 46, 31, 27, 25, 23, 29, 43, 46, 42, 43, 40, 35, 30, 27, 27, 26, 23, 19, 16, 16, 24, 30, 43, 54, 66, 67, 68, 65, 61, 58, 54, 51, 48, 48, 60, 81, 86, 82, 82, 82, 81, 76, 75, 78, 81, 80, 81, 80, 82, 82, 30]","[29, 28, 91, 92, 92, 92, 89, 89, 90, 92, 92, 93, 94, 94, 93, 94, 96, 98, 98, 97, 96, 96, 96, 96, 93, 90, 89, 91, 95, 96, 95, 94, 92, 92, 94, 96, 95, 94, 93, 92, 93, 93, 93, 93, 94, 95, 95, 94, 95, 91, 88, 89, 89, 88, 90, 93, 89, 89, 89, 88, 86, 85, 85, 86, 84, 83, 83, 84, 83, 81, 78, 77, 79, 81, 82, 80, 82, 84, 83, 79, 76, 78, 77, 74, 71, 69, 69, 68, 72, 70, 69, 67, 63, 64, 69, 72, 72, 69, 66, 64, 64, 63, 63, 64, 64, 66, 66, 61, 65, 72, 84, 88, 86, 80, 77, 83, 94, 102, 101, 97, 89, 82, 74, 61, 55, 52, 55, 96, 102, 94, 88, 82, 73, 67, 61, 53, 44, 30, 28, 28, 27, 44, 77, 76, 75, 71, 68, 62, 53, 43, 31, 26, 24, 24, 34, 49, 49, 42, 42, 37, 35, 32, 29, 29, 27, 23, 18, 16, 16, 24, 32, 43, 55, 65, 67, 68, 61, 58, 59, 56, 55, 54, 54, 67, 79, 80, 80, 80, 79, 77, 75, 75, 80, 83, 82, 82, 80, 82, 82, 30]","[28, 28, 90, 90, 89, 89, 88, 91, 93, 93, 93, 95, 96, 93, 91, 93, 96, 97, 98, 97, 97, 97, 97, 97, 95, 95, 94, 95, 96, 97, 95, 93, 92, 92, 96, 98, 97, 95, 94, 94, 94, 93, 92, 90, 91, 94, 96, 96, 93, 92, 91, 90, 90, 89, 90, 92, 92, 92, 92, 90, 87, 85, 85, 85, 83, 83, 84, 86, 85, 83, 80, 80, 80, 81, 81, 80, 81, 83, 82, 80, 81, 80, 79, 78, 77, 75, 75, 76, 77, 75, 73, 71, 67, 66, 70, 72, 74, 73, 72, 69, 67, 66, 67, 70, 68, 70, 68, 64, 66, 70, 85, 90, 91, 85, 79, 78, 86, 94, 96, 93, 89, 79, 70, 62, 56, 47, 52, 97, 97, 90, 86, 81, 73, 67, 60, 52, 40, 33, 29, 27, 25, 44, 73, 72, 71, 67, 63, 58, 48, 39, 33, 24, 22, 25, 37, 50, 49, 45, 45, 37, 34, 34, 33, 32, 29, 22, 17, 16, 15, 26, 39, 47, 57, 62, 64, 64, 61, 56, 57, 54, 57, 60, 64, 81, 79, 76, 76, 76, 76, 76, 78, 80, 83, 85, 84, 83, 81, 82, 82, 30]","[29, 29, 92, 91, 89, 88, 89, 94, 94, 94, 93, 95, 96, 92, 90, 93, 94, 95, 96, 96, 96, 97, 97, 97, 98, 100, 98, 95, 95, 97, 95, 91, 94, 95, 99, 102, 98, 95, 94, 94, 92, 94, 94, 94, 96, 99, 99, 96, 93, 95, 96, 94, 92, 92, 92, 92, 90, 90, 90, 89, 87, 86, 84, 83, 81, 82, 84, 87, 87, 84, 82, 82, 87, 82, 79, 80, 80, 79, 80, 84, 81, 76, 74, 76, 77, 76, 77, 80, 82, 79, 78, 75, 72, 71, 74, 75, 74, 77, 78, 76, 71, 68, 70, 73, 74, 74, 68, 67, 71, 72, 87, 90, 87, 88, 87, 84, 87, 92, 94, 93, 86, 82, 71, 59, 52, 46, 52, 93, 92, 88, 85, 81, 73, 67, 60, 50, 38, 34, 24, 25, 29, 54, 74, 70, 67, 65, 60, 57, 47, 38, 35, 23, 23, 27, 39, 50, 50, 50, 50, 40, 33, 35, 35, 33, 29, 21, 15, 16, 21, 34, 48, 52, 60, 62, 66, 68, 67, 59, 58, 55, 57, 59, 63, 82, 80, 75, 76, 78, 79, 79, 80, 81, 84, 87, 86, 85, 83, 83, 83, 30]","[29, 30, 93, 91, 90, 92, 91, 93, 93, 95, 96, 96, 98, 95, 89, 86, 94, 95, 95, 95, 96, 97, 96, 93, 96, 99, 100, 97, 95, 95, 96, 96, 98, 99, 101, 101, 100, 98, 97, 96, 95, 97, 100, 103, 102, 99, 97, 98, 94, 96, 97, 97, 96, 96, 95, 93, 91, 90, 91, 92, 88, 83, 82, 84, 85, 86, 87, 89, 90, 90, 88, 85, 87, 82, 80, 79, 78, 79, 81, 82, 80, 80, 79, 78, 78, 79, 80, 80, 82, 81, 77, 74, 74, 76, 76, 75, 73, 75, 77, 75, 73, 72, 72, 73, 75, 73, 72, 72, 72, 76, 85, 94, 90, 89, 86, 86, 91, 96, 93, 87, 85, 82, 65, 60, 52, 49, 63, 89, 92, 89, 85, 79, 73, 64, 53, 45, 43, 30, 25, 26, 41, 60, 65, 65, 64, 59, 52, 49, 46, 40, 32, 25, 24, 24, 45, 51, 53, 53, 48, 41, 38, 32, 33, 35, 29, 20, 15, 17, 24, 37, 48, 55, 63, 69, 71, 71, 69, 60, 55, 53, 54, 60, 72, 82, 78, 78, 80, 81, 81, 81, 82, 81, 84, 85, 89, 88, 86, 83, 85, 29]","[30, 30, 92, 91, 91, 93, 93, 94, 91, 94, 96, 98, 99, 96, 91, 90, 92, 94, 96, 96, 96, 97, 96, 95, 93, 95, 97, 96, 95, 95, 95, 95, 98, 98, 98, 98, 98, 97, 97, 97, 96, 98, 100, 102, 101, 99, 97, 98, 95, 96, 97, 96, 97, 97, 95, 93, 93, 93, 94, 93, 89, 85, 85, 88, 88, 89, 90, 90, 90, 90, 90, 89, 87, 83, 81, 81, 81, 82, 83, 82, 83, 83, 81, 79, 78, 79, 80, 80, 82, 81, 78, 75, 76, 77, 76, 74, 74, 74, 74, 74, 73, 73, 73, 74, 74, 74, 75, 75, 75, 77, 84, 91, 91, 88, 84, 82, 86, 90, 90, 87, 82, 79, 65, 63, 57, 54, 67, 92, 92, 91, 88, 81, 73, 63, 52, 43, 39, 31, 31, 29, 44, 56, 64, 65, 63, 56, 48, 43, 40, 36, 30, 26, 26, 32, 49, 53, 51, 45, 43, 38, 38, 33, 34, 32, 25, 19, 14, 15, 28, 36, 46, 56, 68, 74, 72, 69, 69, 65, 60, 54, 52, 59, 72, 79, 80, 80, 81, 82, 81, 84, 86, 85, 84, 85, 89, 88, 85, 83, 84, 27]","[29, 29, 91, 90, 91, 93, 93, 94, 92, 94, 96, 98, 99, 95, 93, 94, 92, 95, 97, 96, 95, 96, 97, 98, 94, 94, 94, 94, 95, 95, 96, 95, 98, 97, 97, 98, 97, 96, 96, 96, 97, 97, 98, 100, 99, 98, 96, 96, 97, 97, 96, 96, 96, 97, 95, 93, 92, 94, 94, 90, 86, 85, 86, 88, 92, 93, 93, 92, 89, 89, 89, 90, 88, 83, 82, 83, 85, 87, 87, 86, 86, 86, 84, 81, 79, 79, 80, 81, 82, 80, 77, 76, 77, 79, 78, 77, 77, 76, 75, 76, 76, 73, 72, 73, 74, 75, 76, 77, 77, 79, 84, 90, 90, 87, 81, 77, 78, 83, 87, 87, 84, 80, 67, 63, 56, 52, 63, 86, 94, 93, 89, 80, 70, 61, 50, 41, 35, 30, 32, 32, 51, 60, 65, 63, 63, 55, 45, 39, 35, 31, 27, 25, 24, 43, 62, 66, 60, 47, 43, 39, 36, 34, 34, 29, 23, 18, 14, 15, 27, 37, 48, 58, 66, 69, 67, 67, 68, 64, 59, 55, 54, 61, 71, 77, 80, 80, 81, 80, 81, 86, 89, 88, 86, 85, 87, 86, 84, 83, 85, 28]","[30, 29, 91, 91, 92, 94, 93, 94, 96, 96, 96, 97, 97, 94, 93, 96, 95, 96, 97, 95, 94, 95, 97, 100, 97, 97, 96, 95, 95, 95, 96, 97, 97, 97, 98, 99, 98, 96, 94, 94, 95, 95, 96, 97, 97, 96, 95, 94, 98, 97, 96, 95, 94, 94, 92, 91, 95, 96, 95, 91, 88, 88, 90, 90, 91, 93, 94, 92, 90, 89, 88, 89, 89, 85, 84, 85, 87, 89, 91, 91, 88, 87, 85, 83, 82, 82, 82, 81, 78, 77, 76, 76, 78, 80, 80, 80, 80, 78, 78, 80, 79, 74, 72, 73, 77, 76, 75, 76, 79, 83, 88, 93, 90, 86, 80, 75, 75, 80, 85, 88, 83, 77, 65, 59, 54, 52, 65, 86, 90, 87, 80, 71, 63, 55, 46, 40, 34, 30, 31, 38, 57, 66, 66, 62, 61, 53, 44, 38, 33, 28, 25, 24, 25, 58, 76, 79, 73, 57, 51, 45, 36, 34, 33, 28, 23, 18, 16, 19, 29, 40, 52, 58, 59, 58, 60, 64, 64, 57, 53, 53, 58, 66, 74, 77, 80, 80, 80, 80, 81, 86, 90, 88, 86, 83, 83, 82, 82, 83, 86, 30]","[30, 30, 92, 94, 95, 96, 94, 95, 98, 97, 96, 96, 97, 94, 93, 95, 97, 97, 97, 96, 95, 95, 96, 97, 99, 99, 99, 98, 96, 96, 97, 98, 96, 97, 99, 99, 97, 95, 94, 95, 95, 95, 95, 96, 97, 97, 95, 94, 96, 96, 95, 94, 93, 92, 92, 92, 97, 97, 95, 91, 90, 92, 92, 90, 89, 91, 92, 93, 93, 92, 91, 90, 89, 87, 87, 88, 88, 88, 90, 90, 89, 88, 86, 85, 85, 85, 83, 81, 76, 77, 79, 80, 80, 80, 80, 80, 78, 77, 79, 81, 79, 76, 75, 77, 79, 77, 75, 76, 80, 85, 91, 94, 90, 86, 80, 75, 75, 80, 84, 87, 83, 76, 67, 59, 56, 56, 69, 87, 87, 81, 73, 66, 61, 53, 46, 41, 33, 32, 33, 47, 61, 70, 67, 65, 56, 50, 42, 37, 32, 27, 25, 25, 32, 67, 79, 79, 74, 63, 57, 51, 42, 37, 32, 26, 21, 17, 17, 25, 36, 43, 49, 53, 56, 57, 58, 61, 59, 55, 51, 51, 59, 72, 80, 81, 82, 82, 81, 80, 81, 85, 88, 86, 84, 81, 81, 80, 81, 83, 86, 29]","[29, 29, 92, 94, 96, 97, 94, 95, 96, 98, 98, 97, 97, 96, 93, 94, 96, 96, 97, 98, 97, 96, 95, 95, 98, 100, 102, 101, 99, 96, 96, 98, 98, 99, 100, 100, 98, 97, 98, 99, 96, 97, 97, 97, 98, 98, 97, 96, 96, 96, 96, 96, 95, 94, 95, 95, 97, 96, 95, 92, 92, 94, 94, 92, 91, 92, 93, 94, 94, 94, 92, 90, 89, 89, 91, 91, 88, 87, 88, 88, 90, 88, 87, 86, 87, 87, 84, 81, 79, 81, 84, 86, 84, 81, 79, 79, 79, 78, 78, 79, 78, 75, 76, 78, 78, 77, 76, 77, 81, 85, 89, 91, 90, 86, 80, 75, 75, 78, 81, 83, 84, 78, 73, 61, 56, 57, 68, 82, 87, 81, 73, 66, 60, 52, 43, 36, 33, 30, 32, 56, 66, 75, 71, 68, 59, 52, 45, 39, 32, 26, 23, 24, 37, 68, 75, 74, 71, 64, 57, 52, 48, 41, 32, 23, 19, 17, 20, 32, 40, 44, 48, 50, 54, 57, 58, 59, 56, 58, 56, 52, 59, 77, 87, 85, 84, 82, 82, 81, 81, 83, 85, 83, 84, 81, 83, 83, 84, 85, 86, 27]","[28, 28, 92, 94, 95, 96, 94, 95, 96, 100, 100, 97, 96, 95, 94, 94, 94, 95, 97, 99, 98, 95, 95, 95, 98, 100, 102, 102, 99, 96, 95, 97, 100, 100, 100, 100, 100, 99, 99, 100, 97, 98, 98, 97, 97, 98, 98, 97, 96, 96, 96, 97, 98, 97, 97, 97, 98, 97, 96, 95, 96, 98, 98, 97, 95, 95, 95, 94, 93, 92, 91, 90, 90, 89, 91, 92, 89, 88, 89, 90, 92, 91, 90, 89, 88, 87, 86, 84, 83, 84, 85, 86, 85, 82, 80, 80, 81, 80, 80, 80, 79, 77, 76, 76, 76, 77, 78, 79, 81, 85, 89, 91, 90, 87, 82, 77, 75, 76, 79, 82, 81, 76, 73, 60, 56, 58, 69, 81, 84, 81, 73, 63, 56, 50, 40, 31, 33, 28, 35, 63, 72, 76, 74, 68, 66, 58, 48, 40, 31, 25, 24, 27, 48, 70, 73, 74, 71, 63, 52, 48, 46, 41, 31, 21, 20, 22, 26, 39, 43, 50, 53, 52, 53, 56, 57, 58, 57, 58, 59, 59, 67, 81, 89, 87, 85, 82, 81, 83, 82, 83, 84, 84, 86, 84, 86, 87, 88, 88, 87, 28]","[30, 29, 93, 94, 95, 95, 93, 95, 99, 103, 102, 96, 93, 94, 94, 95, 93, 94, 96, 97, 96, 95, 95, 98, 101, 101, 101, 100, 97, 95, 95, 97, 99, 99, 99, 100, 101, 99, 98, 96, 98, 98, 97, 96, 95, 97, 97, 96, 96, 94, 94, 96, 98, 97, 96, 96, 95, 95, 94, 94, 95, 96, 97, 98, 96, 96, 94, 92, 90, 90, 91, 92, 91, 89, 90, 91, 89, 90, 94, 95, 95, 95, 94, 91, 89, 88, 87, 86, 86, 84, 82, 82, 81, 80, 80, 82, 81, 81, 82, 83, 83, 82, 79, 76, 76, 78, 80, 81, 83, 87, 93, 96, 92, 89, 85, 80, 76, 77, 81, 84, 82, 77, 75, 58, 54, 58, 70, 80, 83, 83, 76, 64, 57, 55, 47, 36, 32, 29, 44, 69, 73, 70, 73, 68, 68, 59, 48, 39, 30, 25, 27, 32, 63, 76, 75, 74, 69, 59, 46, 45, 40, 38, 31, 21, 23, 28, 33, 44, 50, 57, 59, 57, 57, 58, 57, 56, 59, 54, 57, 67, 77, 85, 88, 87, 85, 81, 81, 84, 85, 85, 87, 87, 88, 86, 88, 89, 90, 89, 89, 30]","[30, 28, 94, 94, 96, 96, 97, 96, 100, 103, 103, 96, 91, 92, 94, 92, 91, 94, 97, 97, 96, 95, 96, 98, 100, 100, 99, 98, 97, 95, 95, 96, 98, 100, 99, 100, 102, 102, 99, 96, 98, 97, 96, 95, 95, 96, 97, 96, 95, 96, 97, 98, 98, 97, 96, 95, 96, 95, 95, 96, 96, 95, 95, 97, 98, 97, 95, 92, 91, 91, 93, 94, 89, 89, 90, 92, 94, 95, 94, 93, 94, 94, 94, 91, 89, 88, 88, 87, 88, 87, 85, 81, 80, 81, 81, 80, 82, 81, 81, 81, 81, 81, 81, 81, 83, 79, 79, 84, 86, 92, 101, 97, 98, 93, 88, 81, 73, 72, 77, 82, 78, 78, 73, 60, 52, 55, 67, 77, 82, 83, 78, 72, 62, 54, 51, 39, 34, 33, 56, 70, 75, 73, 67, 66, 58, 46, 47, 40, 33, 32, 29, 40, 68, 75, 75, 72, 70, 64, 46, 41, 39, 33, 26, 23, 26, 32, 40, 46, 57, 61, 65, 63, 58, 57, 57, 56, 52, 55, 56, 61, 85, 87, 88, 86, 84, 84, 84, 83, 84, 86, 87, 86, 88, 88, 89, 87, 90, 92, 90, 28]","[29, 28, 94, 93, 95, 96, 98, 98, 99, 99, 99, 97, 94, 94, 95, 93, 94, 95, 97, 98, 97, 96, 96, 97, 97, 97, 97, 97, 97, 96, 97, 98, 96, 99, 100, 101, 104, 104, 101, 99, 98, 97, 96, 96, 97, 97, 97, 96, 98, 98, 99, 99, 99, 99, 97, 95, 94, 95, 97, 98, 98, 97, 96, 97, 95, 97, 99, 98, 96, 94, 93, 91, 90, 89, 89, 91, 94, 95, 94, 93, 93, 94, 94, 93, 91, 90, 90, 89, 87, 88, 86, 83, 82, 82, 82, 81, 81, 81, 81, 81, 81, 80, 81, 83, 80, 84, 86, 86, 85, 92, 101, 97, 97, 94, 90, 84, 76, 73, 75, 79, 79, 78, 73, 65, 58, 61, 71, 80, 87, 85, 78, 73, 64, 55, 48, 37, 36, 38, 62, 74, 79, 75, 66, 60, 53, 45, 43, 37, 33, 27, 26, 49, 74, 79, 77, 73, 67, 59, 40, 34, 38, 34, 30, 30, 31, 36, 44, 52, 63, 65, 68, 66, 60, 58, 56, 52, 51, 53, 53, 61, 87, 89, 89, 87, 85, 83, 83, 85, 84, 81, 82, 85, 88, 88, 90, 89, 90, 91, 90, 29]","[29, 29, 95, 94, 95, 95, 98, 99, 98, 96, 98, 99, 97, 95, 97, 98, 97, 96, 98, 100, 100, 98, 96, 97, 96, 96, 97, 98, 99, 99, 99, 100, 96, 99, 100, 102, 104, 104, 101, 100, 99, 98, 97, 97, 98, 99, 97, 96, 99, 99, 99, 98, 98, 98, 97, 95, 93, 96, 99, 99, 99, 98, 97, 96, 96, 99, 100, 98, 97, 98, 97, 95, 94, 92, 91, 93, 96, 97, 96, 94, 93, 95, 96, 95, 93, 92, 91, 91, 92, 90, 88, 87, 89, 90, 87, 83, 82, 82, 83, 82, 81, 80, 82, 84, 82, 85, 87, 87, 88, 95, 103, 99, 97, 94, 89, 84, 77, 74, 77, 82, 81, 80, 79, 76, 71, 70, 76, 84, 86, 81, 71, 67, 64, 56, 49, 42, 36, 46, 72, 81, 82, 79, 71, 63, 53, 48, 43, 36, 34, 23, 23, 56, 78, 79, 75, 72, 67, 60, 44, 40, 35, 33, 32, 35, 39, 44, 52, 60, 66, 67, 69, 67, 61, 57, 53, 48, 49, 49, 47, 58, 85, 87, 86, 86, 85, 83, 85, 87, 84, 81, 81, 85, 87, 87, 90, 91, 90, 89, 89, 30]","[29, 29, 96, 95, 96, 95, 97, 98, 97, 97, 99, 99, 96, 95, 98, 101, 98, 97, 98, 102, 103, 100, 98, 97, 97, 98, 99, 100, 101, 101, 100, 101, 100, 101, 100, 100, 102, 102, 99, 99, 101, 100, 99, 100, 101, 100, 98, 96, 99, 99, 99, 97, 96, 96, 96, 96, 95, 99, 101, 100, 98, 98, 96, 95, 96, 98, 99, 97, 97, 100, 102, 101, 98, 96, 95, 95, 97, 98, 97, 96, 95, 96, 96, 96, 94, 93, 92, 91, 90, 89, 87, 88, 90, 91, 88, 84, 87, 86, 86, 85, 83, 82, 83, 85, 86, 85, 84, 86, 87, 91, 98, 98, 94, 92, 87, 81, 76, 73, 74, 78, 82, 83, 86, 89, 85, 79, 80, 87, 89, 84, 73, 66, 64, 57, 47, 43, 36, 56, 84, 87, 84, 81, 77, 72, 56, 51, 44, 35, 32, 22, 22, 49, 75, 75, 74, 72, 65, 58, 44, 41, 39, 37, 37, 40, 45, 52, 58, 63, 66, 67, 68, 65, 60, 56, 51, 46, 47, 48, 49, 64, 88, 87, 84, 84, 84, 86, 87, 86, 84, 85, 86, 87, 88, 88, 91, 92, 91, 89, 87, 28]","[29, 29, 96, 97, 98, 97, 97, 96, 95, 96, 98, 97, 96, 97, 98, 96, 97, 96, 98, 102, 104, 101, 98, 97, 99, 99, 100, 101, 102, 102, 101, 101, 103, 102, 99, 99, 101, 101, 100, 100, 102, 101, 102, 102, 102, 100, 97, 96, 98, 99, 99, 98, 96, 96, 98, 99, 99, 102, 102, 100, 98, 97, 97, 96, 96, 99, 100, 99, 100, 101, 101, 99, 98, 97, 97, 96, 96, 96, 96, 96, 96, 97, 97, 95, 94, 93, 93, 92, 88, 88, 88, 89, 91, 92, 90, 87, 90, 89, 87, 87, 86, 85, 85, 86, 87, 88, 86, 84, 82, 85, 94, 98, 98, 96, 91, 86, 81, 74, 70, 71, 81, 85, 92, 97, 93, 85, 85, 90, 89, 85, 74, 63, 58, 51, 41, 36, 40, 64, 90, 89, 83, 79, 77, 71, 55, 48, 42, 33, 26, 21, 20, 32, 58, 65, 71, 71, 60, 53, 42, 43, 47, 48, 47, 46, 48, 54, 60, 62, 65, 65, 66, 63, 58, 54, 51, 48, 47, 51, 59, 78, 97, 92, 86, 86, 85, 86, 85, 84, 84, 86, 88, 89, 90, 88, 91, 93, 93, 91, 88, 28]","[29, 29, 97, 98, 99, 98, 98, 97, 96, 96, 96, 95, 98, 102, 99, 90, 97, 97, 99, 102, 103, 101, 98, 96, 98, 98, 99, 100, 100, 100, 101, 102, 103, 102, 99, 99, 102, 102, 102, 103, 100, 100, 101, 102, 101, 97, 96, 96, 97, 99, 100, 98, 97, 97, 99, 101, 100, 101, 101, 99, 97, 97, 97, 97, 102, 102, 103, 102, 102, 101, 100, 98, 97, 97, 97, 97, 96, 95, 95, 96, 96, 97, 96, 95, 94, 94, 94, 94, 94, 91, 87, 89, 95, 98, 94, 88, 90, 88, 86, 87, 88, 87, 87, 86, 85, 89, 86, 84, 87, 95, 104, 104, 103, 100, 92, 85, 82, 75, 69, 70, 78, 86, 95, 100, 96, 89, 90, 94, 93, 88, 77, 61, 51, 46, 40, 38, 46, 68, 88, 86, 83, 78, 74, 66, 57, 47, 41, 33, 24, 20, 18, 20, 36, 48, 59, 59, 48, 46, 45, 52, 52, 55, 56, 52, 50, 53, 59, 63, 62, 61, 62, 60, 54, 50, 49, 48, 48, 52, 62, 81, 93, 90, 89, 89, 87, 83, 82, 84, 85, 84, 85, 89, 89, 88, 92, 94, 95, 93, 90, 29]","[29, 29, 97, 97, 99, 99, 100, 100, 99, 98, 97, 96, 99, 104, 100, 91, 97, 99, 101, 102, 103, 103, 101, 99, 99, 98, 97, 97, 97, 97, 100, 102, 102, 102, 101, 101, 103, 103, 102, 105, 98, 99, 101, 102, 100, 96, 95, 97, 98, 99, 99, 99, 98, 99, 101, 102, 102, 101, 100, 99, 98, 97, 97, 98, 105, 103, 101, 102, 102, 101, 101, 101, 99, 99, 99, 99, 98, 97, 96, 96, 97, 97, 96, 96, 95, 96, 96, 95, 98, 93, 88, 89, 96, 100, 96, 90, 92, 90, 88, 88, 89, 88, 87, 86, 85, 88, 85, 86, 95, 105, 111, 108, 103, 98, 87, 79, 78, 73, 68, 70, 74, 85, 96, 101, 97, 93, 92, 93, 90, 83, 76, 63, 49, 42, 35, 34, 56, 73, 85, 83, 82, 77, 72, 64, 58, 46, 40, 35, 28, 21, 20, 23, 32, 41, 50, 50, 44, 48, 51, 57, 57, 57, 58, 57, 56, 55, 59, 63, 61, 60, 60, 57, 52, 49, 48, 47, 49, 50, 61, 79, 86, 86, 89, 89, 88, 84, 84, 86, 87, 84, 85, 87, 88, 89, 93, 94, 96, 95, 92, 29]","[29, 30, 97, 97, 98, 98, 102, 103, 102, 101, 100, 98, 98, 101, 100, 95, 97, 100, 102, 102, 103, 105, 105, 103, 101, 99, 97, 95, 94, 95, 98, 101, 102, 103, 103, 103, 104, 102, 101, 104, 98, 100, 103, 104, 101, 97, 97, 100, 100, 100, 99, 99, 100, 102, 102, 102, 104, 102, 101, 101, 100, 98, 98, 100, 101, 98, 98, 101, 103, 102, 100, 101, 102, 101, 101, 100, 99, 98, 97, 96, 97, 97, 97, 97, 96, 97, 96, 96, 98, 98, 97, 96, 96, 98, 98, 98, 96, 94, 92, 92, 91, 89, 87, 86, 86, 88, 86, 90, 96, 99, 103, 104, 104, 100, 88, 81, 81, 75, 69, 70, 70, 83, 96, 100, 98, 94, 91, 89, 83, 79, 83, 79, 67, 56, 45, 42, 66, 79, 87, 82, 80, 74, 71, 65, 54, 43, 36, 36, 32, 22, 23, 34, 40, 45, 53, 58, 58, 67, 66, 65, 65, 59, 58, 61, 61, 58, 57, 60, 64, 61, 61, 59, 54, 51, 51, 49, 49, 50, 64, 84, 86, 87, 90, 87, 87, 88, 88, 88, 88, 88, 87, 86, 89, 91, 96, 96, 97, 96, 93, 30]","[29, 27, 97, 97, 97, 99, 101, 103, 101, 101, 101, 100, 99, 99, 98, 96, 97, 100, 103, 104, 105, 104, 103, 105, 103, 102, 100, 98, 98, 101, 102, 102, 102, 103, 103, 103, 103, 104, 104, 103, 101, 103, 103, 101, 98, 97, 99, 101, 101, 98, 96, 97, 100, 102, 104, 105, 106, 102, 101, 100, 98, 97, 100, 102, 102, 100, 98, 100, 101, 102, 102, 103, 101, 102, 103, 101, 99, 98, 97, 97, 97, 100, 101, 101, 99, 97, 97, 98, 98, 101, 101, 99, 97, 97, 97, 97, 96, 94, 93, 93, 93, 91, 89, 88, 90, 88, 87, 87, 90, 96, 101, 101, 104, 97, 87, 84, 79, 80, 73, 67, 67, 69, 85, 99, 94, 87, 90, 94, 92, 102, 98, 80, 75, 65, 53, 41, 71, 83, 87, 82, 78, 79, 75, 63, 51, 47, 38, 31, 30, 24, 28, 40, 50, 52, 58, 65, 69, 71, 71, 67, 65, 65, 64, 62, 59, 57, 57, 57, 61, 61, 62, 61, 53, 52, 49, 50, 54, 60, 72, 83, 88, 88, 88, 91, 88, 90, 90, 88, 88, 90, 90, 88, 89, 92, 94, 97, 95, 95, 97, 28]","[30, 28, 99, 99, 100, 101, 103, 103, 102, 102, 101, 101, 101, 100, 99, 97, 98, 101, 103, 103, 105, 104, 103, 105, 104, 104, 103, 101, 101, 103, 102, 101, 102, 104, 105, 105, 105, 105, 105, 104, 103, 104, 103, 101, 99, 98, 99, 100, 100, 99, 99, 101, 104, 104, 103, 103, 101, 100, 101, 103, 101, 101, 103, 104, 103, 101, 100, 100, 101, 102, 101, 100, 100, 103, 104, 103, 100, 98, 97, 98, 98, 99, 100, 100, 99, 98, 98, 98, 100, 101, 101, 99, 97, 96, 97, 96, 96, 95, 94, 95, 95, 93, 91, 90, 90, 88, 87, 87, 89, 95, 101, 102, 97, 92, 85, 82, 79, 80, 76, 70, 71, 63, 69, 82, 85, 85, 89, 92, 100, 107, 104, 78, 73, 64, 57, 48, 75, 91, 88, 83, 81, 76, 73, 63, 55, 42, 31, 32, 31, 27, 33, 51, 63, 63, 67, 70, 71, 73, 72, 69, 65, 65, 64, 63, 60, 58, 56, 56, 60, 59, 60, 59, 50, 48, 46, 51, 57, 66, 77, 85, 88, 88, 89, 89, 88, 90, 90, 89, 90, 93, 94, 93, 93, 94, 94, 96, 94, 93, 96, 28]","[29, 28, 100, 100, 101, 103, 103, 103, 100, 99, 100, 101, 102, 100, 99, 99, 102, 103, 103, 103, 105, 105, 104, 105, 103, 104, 103, 102, 103, 104, 103, 101, 101, 104, 106, 106, 106, 105, 105, 104, 102, 102, 101, 102, 102, 103, 104, 104, 103, 103, 103, 105, 106, 105, 104, 104, 101, 101, 103, 104, 103, 102, 103, 103, 102, 102, 100, 99, 101, 102, 100, 97, 100, 104, 106, 105, 102, 99, 99, 100, 100, 100, 100, 100, 100, 100, 99, 99, 101, 102, 101, 98, 97, 97, 98, 97, 98, 97, 97, 98, 97, 95, 93, 92, 90, 89, 89, 88, 88, 93, 99, 102, 98, 93, 90, 84, 83, 81, 80, 75, 73, 68, 66, 66, 69, 79, 88, 88, 97, 105, 106, 75, 68, 60, 56, 48, 63, 88, 85, 80, 77, 70, 69, 59, 51, 41, 32, 35, 29, 29, 40, 62, 72, 72, 74, 75, 74, 74, 73, 71, 66, 65, 64, 62, 59, 57, 54, 52, 50, 51, 57, 59, 49, 47, 48, 56, 61, 73, 84, 87, 87, 88, 88, 87, 87, 88, 88, 89, 91, 93, 95, 95, 96, 95, 95, 96, 94, 92, 95, 28]","[29, 29, 100, 101, 100, 102, 103, 104, 100, 98, 98, 101, 102, 100, 100, 101, 104, 104, 103, 103, 105, 105, 105, 106, 104, 104, 103, 102, 102, 103, 103, 101, 100, 103, 106, 106, 105, 103, 102, 102, 103, 103, 103, 103, 103, 104, 104, 104, 108, 107, 106, 105, 105, 105, 106, 107, 105, 103, 104, 104, 103, 103, 103, 102, 101, 103, 103, 101, 102, 103, 101, 98, 101, 105, 108, 107, 104, 102, 103, 104, 103, 102, 101, 101, 101, 101, 101, 101, 103, 103, 101, 98, 98, 100, 101, 101, 100, 98, 97, 97, 97, 94, 93, 93, 92, 91, 92, 90, 88, 91, 97, 100, 101, 97, 96, 88, 86, 82, 83, 78, 74, 74, 69, 61, 60, 72, 84, 86, 99, 108, 110, 78, 64, 59, 53, 48, 50, 80, 88, 83, 78, 74, 71, 58, 43, 41, 33, 33, 26, 40, 54, 69, 75, 76, 79, 79, 76, 74, 72, 68, 65, 63, 60, 59, 57, 55, 52, 50, 45, 47, 53, 55, 47, 47, 52, 64, 70, 80, 88, 88, 87, 88, 89, 88, 86, 85, 86, 89, 90, 90, 92, 94, 95, 95, 95, 98, 96, 94, 96, 28]","[29, 29, 101, 101, 99, 101, 103, 106, 103, 101, 100, 102, 103, 102, 102, 104, 104, 103, 101, 101, 104, 105, 104, 105, 106, 107, 106, 104, 103, 103, 102, 100, 100, 102, 105, 105, 103, 101, 100, 100, 101, 102, 103, 104, 104, 103, 104, 104, 110, 109, 107, 104, 103, 104, 106, 107, 104, 103, 104, 105, 106, 107, 107, 105, 102, 105, 107, 105, 104, 105, 104, 102, 102, 104, 106, 106, 105, 104, 105, 105, 102, 102, 101, 100, 100, 101, 102, 103, 104, 103, 101, 98, 98, 101, 103, 103, 100, 98, 96, 96, 95, 94, 94, 95, 95, 94, 95, 94, 91, 92, 96, 99, 99, 97, 97, 89, 86, 81, 82, 79, 76, 71, 68, 67, 69, 74, 83, 90, 108, 116, 110, 81, 59, 55, 50, 48, 45, 62, 80, 82, 77, 77, 70, 56, 47, 45, 34, 35, 41, 67, 77, 79, 81, 81, 82, 81, 77, 74, 70, 66, 63, 60, 57, 55, 54, 54, 52, 51, 49, 47, 49, 48, 42, 49, 59, 73, 81, 85, 89, 89, 87, 87, 89, 90, 88, 88, 89, 91, 91, 90, 90, 92, 96, 96, 96, 99, 97, 95, 97, 29]","[29, 29, 101, 100, 98, 100, 103, 105, 106, 104, 103, 103, 103, 103, 103, 104, 104, 104, 102, 101, 104, 105, 104, 104, 103, 105, 107, 106, 105, 105, 104, 102, 102, 103, 104, 105, 104, 102, 101, 100, 100, 101, 104, 104, 104, 104, 105, 106, 107, 107, 105, 104, 104, 105, 105, 105, 103, 104, 107, 109, 110, 110, 109, 106, 103, 106, 108, 107, 106, 105, 104, 103, 102, 104, 105, 105, 104, 105, 105, 105, 103, 102, 102, 102, 102, 104, 105, 106, 106, 105, 102, 99, 99, 101, 103, 103, 100, 98, 97, 97, 97, 97, 98, 100, 98, 97, 98, 98, 95, 95, 98, 100, 100, 99, 98, 92, 87, 83, 82, 79, 79, 77, 75, 76, 80, 84, 89, 93, 106, 111, 101, 81, 59, 54, 49, 45, 39, 39, 59, 71, 72, 73, 65, 56, 55, 54, 48, 55, 68, 86, 88, 84, 84, 83, 82, 80, 77, 74, 71, 67, 64, 60, 55, 52, 51, 50, 49, 48, 43, 43, 45, 47, 48, 62, 72, 81, 87, 87, 88, 88, 87, 87, 89, 91, 93, 93, 94, 95, 95, 93, 92, 94, 98, 99, 98, 99, 97, 97, 98, 30]","[29, 29, 100, 100, 99, 100, 102, 103, 105, 104, 103, 102, 102, 103, 103, 103, 105, 105, 103, 103, 105, 105, 103, 104, 100, 104, 106, 106, 106, 106, 106, 106, 105, 104, 104, 105, 105, 104, 103, 102, 108, 108, 107, 106, 104, 102, 102, 102, 104, 104, 104, 105, 106, 107, 106, 103, 103, 105, 110, 112, 110, 110, 109, 105, 105, 106, 107, 108, 107, 105, 103, 103, 104, 106, 106, 106, 105, 105, 106, 106, 106, 105, 105, 105, 107, 108, 108, 108, 107, 107, 105, 102, 101, 102, 103, 103, 103, 101, 101, 102, 101, 101, 101, 102, 99, 97, 98, 99, 98, 98, 100, 101, 103, 103, 101, 97, 89, 86, 84, 81, 80, 83, 82, 80, 83, 87, 90, 90, 97, 100, 91, 82, 68, 59, 55, 45, 39, 38, 51, 67, 75, 77, 73, 68, 64, 68, 71, 79, 87, 89, 84, 84, 85, 82, 80, 78, 75, 73, 70, 65, 63, 59, 55, 51, 50, 49, 47, 46, 40, 45, 51, 57, 64, 81, 86, 87, 88, 88, 88, 88, 87, 88, 89, 91, 95, 96, 97, 97, 96, 95, 95, 95, 98, 100, 100, 100, 98, 99, 100, 29]","[29, 29, 101, 101, 102, 102, 102, 102, 102, 102, 102, 101, 101, 102, 103, 102, 105, 105, 103, 103, 105, 104, 102, 102, 103, 106, 107, 106, 105, 105, 107, 107, 106, 104, 104, 105, 106, 106, 104, 104, 110, 109, 108, 106, 104, 102, 101, 101, 102, 103, 104, 105, 108, 110, 108, 104, 101, 105, 111, 111, 109, 108, 108, 107, 107, 107, 108, 109, 109, 107, 105, 104, 107, 109, 109, 108, 107, 106, 107, 107, 109, 107, 107, 108, 110, 111, 109, 107, 108, 108, 107, 104, 103, 103, 104, 103, 104, 104, 104, 104, 103, 101, 100, 101, 98, 96, 97, 99, 99, 100, 102, 103, 102, 102, 100, 98, 89, 89, 85, 83, 81, 79, 77, 78, 82, 82, 83, 85, 91, 91, 83, 79, 73, 60, 59, 45, 44, 52, 60, 72, 82, 84, 85, 82, 78, 85, 91, 94, 98, 91, 87, 90, 87, 83, 80, 78, 74, 71, 66, 60, 59, 57, 54, 52, 52, 51, 50, 49, 51, 56, 61, 66, 75, 94, 95, 89, 89, 90, 90, 89, 89, 90, 92, 93, 94, 95, 96, 96, 95, 94, 95, 95, 95, 99, 101, 101, 100, 101, 101, 28]","[30, 28, 98, 99, 101, 103, 103, 103, 103, 102, 101, 102, 103, 104, 105, 107, 104, 101, 100, 104, 106, 104, 102, 101, 104, 104, 104, 104, 104, 104, 105, 105, 106, 107, 107, 107, 106, 105, 106, 107, 111, 110, 108, 106, 105, 104, 104, 104, 106, 105, 105, 104, 106, 108, 108, 107, 105, 108, 110, 108, 107, 108, 109, 109, 109, 107, 106, 107, 107, 106, 106, 108, 109, 108, 109, 111, 111, 107, 105, 105, 110, 109, 110, 111, 111, 110, 110, 111, 110, 111, 109, 106, 104, 104, 105, 105, 108, 106, 104, 105, 106, 105, 101, 98, 97, 99, 102, 104, 104, 103, 103, 103, 101, 101, 99, 96, 91, 88, 87, 87, 81, 78, 78, 82, 82, 80, 80, 84, 85, 82, 82, 77, 65, 61, 60, 56, 64, 67, 73, 82, 89, 90, 90, 93, 89, 92, 94, 91, 92, 91, 91, 89, 86, 80, 77, 77, 73, 67, 62, 58, 55, 54, 52, 47, 49, 51, 50, 54, 54, 58, 69, 84, 93, 94, 91, 89, 90, 89, 89, 91, 93, 94, 93, 91, 95, 95, 96, 94, 97, 99, 95, 96, 97, 96, 96, 99, 98, 97, 90, 30]","[29, 28, 100, 101, 102, 103, 103, 103, 103, 102, 103, 104, 104, 104, 104, 106, 102, 103, 105, 106, 104, 102, 102, 104, 103, 105, 104, 102, 102, 105, 105, 104, 105, 107, 109, 109, 107, 107, 107, 108, 109, 108, 106, 105, 104, 103, 103, 103, 104, 104, 104, 104, 104, 106, 106, 106, 106, 108, 108, 105, 104, 105, 107, 107, 109, 107, 106, 105, 105, 106, 108, 110, 109, 108, 109, 111, 111, 109, 106, 105, 108, 110, 111, 111, 111, 113, 113, 112, 111, 109, 107, 106, 105, 105, 105, 104, 107, 106, 106, 108, 110, 108, 104, 100, 96, 98, 102, 105, 106, 105, 104, 104, 105, 104, 101, 97, 92, 88, 87, 87, 87, 82, 79, 82, 84, 83, 82, 84, 86, 85, 88, 86, 77, 72, 71, 68, 78, 81, 85, 91, 96, 97, 97, 99, 102, 99, 96, 89, 88, 87, 90, 89, 85, 81, 77, 73, 68, 64, 60, 55, 52, 52, 51, 48, 50, 51, 49, 53, 57, 61, 72, 85, 93, 93, 90, 89, 89, 90, 91, 93, 94, 94, 93, 93, 92, 92, 95, 97, 96, 94, 94, 96, 95, 98, 100, 96, 97, 92, 114, 29]","[29, 29, 102, 103, 103, 102, 103, 103, 102, 102, 103, 105, 105, 104, 104, 105, 104, 106, 108, 108, 104, 101, 102, 104, 104, 107, 106, 103, 104, 107, 108, 105, 104, 108, 111, 110, 108, 107, 107, 106, 106, 106, 105, 105, 104, 104, 105, 105, 106, 107, 106, 105, 104, 104, 105, 105, 107, 107, 107, 105, 104, 104, 106, 107, 109, 109, 108, 107, 107, 109, 111, 112, 109, 108, 109, 111, 112, 110, 108, 107, 107, 110, 112, 111, 112, 115, 115, 112, 110, 107, 105, 106, 107, 107, 107, 107, 107, 105, 105, 108, 110, 108, 105, 101, 99, 101, 103, 105, 106, 105, 104, 104, 104, 102, 99, 95, 92, 89, 88, 88, 90, 86, 83, 85, 86, 85, 85, 86, 91, 87, 87, 86, 80, 80, 87, 90, 93, 96, 98, 99, 101, 101, 101, 102, 102, 99, 97, 92, 92, 89, 90, 88, 82, 81, 78, 71, 65, 64, 60, 54, 52, 51, 50, 48, 51, 55, 59, 67, 74, 77, 84, 92, 96, 94, 91, 91, 90, 92, 94, 96, 96, 95, 94, 94, 93, 91, 94, 100, 100, 97, 98, 99, 97, 101, 97, 91, 93, 112, 169, 28]","[29, 29, 102, 104, 103, 102, 102, 102, 100, 101, 103, 105, 105, 103, 103, 104, 109, 108, 108, 108, 107, 104, 103, 103, 103, 105, 104, 103, 103, 105, 105, 104, 102, 106, 109, 108, 107, 108, 108, 106, 107, 107, 106, 105, 104, 104, 105, 105, 106, 107, 106, 105, 105, 105, 104, 104, 105, 106, 107, 106, 106, 106, 107, 108, 106, 109, 110, 109, 109, 110, 111, 110, 109, 109, 109, 110, 110, 109, 108, 108, 107, 109, 110, 110, 110, 112, 113, 111, 109, 106, 105, 108, 110, 110, 111, 112, 111, 110, 109, 109, 110, 109, 108, 107, 107, 106, 106, 106, 106, 105, 104, 104, 102, 101, 98, 95, 93, 91, 90, 90, 88, 87, 87, 87, 86, 85, 86, 89, 92, 91, 94, 97, 93, 91, 95, 99, 101, 105, 106, 104, 103, 103, 102, 102, 101, 99, 99, 96, 94, 86, 81, 77, 74, 74, 72, 66, 61, 60, 58, 52, 54, 52, 52, 51, 55, 63, 72, 82, 89, 89, 91, 93, 93, 91, 90, 90, 93, 94, 96, 97, 97, 96, 95, 95, 97, 97, 97, 99, 97, 96, 101, 99, 102, 99, 98, 107, 146, 185, 190, 29]","[29, 29, 102, 103, 102, 102, 101, 101, 100, 100, 103, 105, 104, 103, 103, 104, 109, 109, 108, 108, 107, 106, 104, 103, 107, 107, 107, 108, 108, 107, 107, 108, 102, 104, 105, 106, 108, 110, 110, 109, 109, 108, 106, 104, 103, 103, 103, 103, 103, 104, 104, 104, 105, 105, 105, 104, 104, 105, 105, 106, 106, 106, 107, 109, 105, 108, 110, 109, 108, 109, 109, 108, 108, 108, 108, 108, 108, 107, 108, 109, 108, 107, 107, 108, 109, 109, 110, 111, 110, 108, 108, 110, 111, 111, 112, 115, 112, 112, 111, 110, 109, 108, 109, 110, 111, 109, 108, 108, 107, 105, 103, 102, 104, 103, 101, 99, 97, 95, 93, 92, 88, 89, 88, 87, 85, 85, 88, 91, 95, 96, 101, 105, 101, 96, 96, 97, 104, 109, 110, 106, 105, 104, 104, 104, 103, 99, 97, 93, 89, 79, 74, 71, 71, 69, 66, 63, 58, 56, 55, 53, 53, 52, 56, 58, 61, 69, 77, 85, 93, 93, 93, 94, 93, 91, 91, 92, 94, 95, 96, 97, 97, 96, 96, 95, 97, 101, 102, 100, 97, 99, 102, 101, 95, 101, 109, 149, 186, 196, 191, 30]","[29, 29, 101, 103, 102, 101, 101, 100, 102, 102, 103, 105, 105, 103, 103, 104, 106, 108, 109, 109, 106, 105, 105, 106, 104, 103, 104, 106, 106, 104, 104, 107, 107, 106, 105, 106, 108, 109, 109, 108, 107, 106, 105, 104, 105, 106, 106, 106, 106, 107, 107, 106, 105, 105, 105, 104, 106, 105, 104, 104, 104, 105, 108, 110, 108, 109, 110, 109, 108, 109, 109, 109, 109, 109, 109, 108, 108, 108, 109, 110, 109, 107, 107, 109, 110, 110, 111, 113, 112, 112, 112, 112, 112, 110, 112, 114, 110, 110, 111, 111, 109, 108, 109, 111, 109, 108, 108, 108, 108, 106, 103, 101, 104, 104, 103, 102, 100, 98, 97, 95, 94, 92, 90, 87, 86, 88, 92, 94, 99, 99, 100, 100, 99, 97, 98, 102, 104, 109, 110, 107, 106, 106, 106, 106, 101, 94, 91, 88, 86, 76, 73, 73, 72, 67, 63, 60, 55, 53, 54, 56, 53, 54, 60, 63, 68, 77, 84, 89, 93, 94, 95, 96, 95, 94, 93, 94, 94, 95, 96, 96, 97, 97, 97, 97, 96, 101, 105, 103, 104, 104, 98, 97, 98, 124, 172, 196, 193, 187, 188, 27]","[29, 30, 103, 104, 102, 101, 101, 101, 104, 104, 105, 106, 107, 105, 105, 106, 106, 108, 110, 109, 106, 105, 106, 107, 104, 104, 105, 106, 105, 106, 108, 110, 110, 107, 106, 106, 106, 104, 104, 105, 106, 105, 105, 107, 109, 111, 111, 111, 112, 112, 111, 108, 106, 105, 105, 106, 106, 105, 104, 104, 104, 105, 108, 111, 111, 110, 110, 110, 109, 109, 110, 111, 110, 110, 110, 110, 110, 112, 112, 111, 110, 110, 110, 111, 112, 113, 114, 115, 114, 115, 115, 114, 112, 112, 113, 114, 113, 113, 114, 114, 114, 113, 113, 114, 109, 108, 107, 108, 108, 107, 104, 103, 103, 103, 103, 102, 101, 99, 97, 96, 95, 95, 93, 89, 87, 89, 94, 97, 97, 100, 102, 103, 104, 103, 103, 105, 105, 109, 109, 106, 105, 104, 104, 105, 103, 93, 88, 85, 83, 73, 69, 67, 65, 60, 57, 55, 52, 51, 53, 56, 56, 59, 68, 73, 78, 88, 93, 93, 91, 93, 94, 95, 94, 93, 93, 93, 95, 96, 98, 98, 97, 97, 98, 99, 101, 101, 105, 102, 103, 101, 98, 114, 141, 178, 196, 192, 191, 185, 190, 29]","[28, 30, 105, 105, 103, 101, 101, 102, 105, 104, 106, 108, 109, 108, 107, 108, 109, 110, 110, 109, 108, 108, 107, 106, 103, 105, 105, 104, 104, 106, 110, 111, 108, 105, 104, 105, 104, 101, 101, 104, 108, 107, 107, 109, 111, 112, 111, 110, 111, 112, 112, 108, 104, 104, 106, 109, 104, 103, 103, 105, 105, 106, 107, 110, 109, 108, 108, 109, 109, 108, 108, 109, 111, 110, 109, 110, 112, 114, 113, 112, 110, 112, 112, 111, 112, 115, 116, 114, 115, 115, 115, 114, 114, 115, 115, 115, 116, 114, 114, 114, 114, 114, 114, 115, 113, 111, 108, 108, 109, 108, 107, 107, 105, 105, 104, 102, 100, 97, 95, 94, 90, 94, 95, 91, 86, 87, 92, 97, 97, 101, 103, 103, 105, 104, 103, 104, 106, 108, 108, 105, 103, 101, 100, 102, 102, 90, 83, 80, 80, 70, 65, 64, 58, 55, 54, 54, 53, 54, 56, 57, 58, 64, 77, 85, 90, 98, 97, 92, 92, 93, 95, 95, 95, 95, 96, 96, 96, 98, 100, 100, 98, 97, 99, 101, 102, 100, 106, 100, 99, 103, 118, 162, 187, 192, 195, 189, 189, 192, 184, 30]","[29, 29, 105, 105, 104, 104, 102, 104, 104, 106, 106, 105, 106, 108, 108, 107, 111, 109, 107, 106, 104, 103, 104, 105, 104, 105, 104, 103, 104, 107, 109, 109, 107, 105, 104, 103, 104, 105, 104, 103, 108, 111, 112, 110, 110, 112, 112, 110, 108, 108, 107, 104, 103, 103, 105, 106, 108, 106, 105, 104, 104, 104, 105, 106, 105, 106, 109, 111, 110, 107, 105, 104, 108, 109, 109, 111, 114, 116, 115, 112, 110, 110, 112, 114, 114, 115, 117, 116, 115, 118, 118, 115, 114, 114, 114, 117, 114, 114, 113, 113, 113, 115, 117, 117, 114, 111, 112, 109, 110, 115, 112, 109, 105, 103, 104, 102, 99, 96, 93, 94, 92, 93, 96, 94, 89, 86, 88, 90, 94, 98, 102, 103, 103, 102, 101, 101, 107, 107, 107, 104, 101, 99, 98, 97, 97, 89, 82, 77, 70, 66, 64, 60, 58, 54, 54, 52, 54, 56, 55, 62, 64, 74, 78, 82, 90, 91, 91, 96, 95, 95, 94, 95, 96, 97, 97, 97, 97, 95, 98, 100, 101, 102, 101, 101, 101, 102, 99, 94, 103, 129, 175, 196, 196, 192, 189, 189, 190, 188, 190, 30]","[29, 29, 105, 106, 105, 105, 104, 106, 107, 108, 107, 106, 105, 108, 109, 109, 110, 109, 108, 107, 105, 103, 103, 104, 110, 109, 106, 104, 105, 108, 108, 108, 103, 105, 107, 106, 104, 103, 104, 106, 109, 111, 111, 110, 110, 110, 110, 108, 105, 107, 107, 104, 103, 105, 107, 109, 108, 108, 107, 106, 105, 104, 105, 107, 106, 106, 108, 110, 110, 108, 107, 106, 107, 109, 112, 114, 116, 118, 118, 116, 110, 110, 113, 115, 116, 118, 120, 119, 118, 120, 119, 116, 114, 113, 113, 115, 114, 115, 116, 116, 116, 117, 117, 116, 118, 114, 114, 110, 111, 116, 112, 108, 108, 105, 105, 103, 102, 99, 93, 91, 92, 94, 97, 96, 90, 86, 86, 87, 91, 98, 103, 102, 99, 97, 98, 102, 101, 101, 101, 99, 96, 94, 91, 89, 84, 78, 74, 72, 67, 64, 63, 59, 56, 53, 52, 50, 52, 56, 57, 65, 73, 81, 84, 86, 91, 91, 90, 94, 93, 93, 94, 95, 97, 98, 98, 97, 97, 101, 100, 98, 103, 102, 94, 96, 100, 97, 95, 109, 155, 187, 195, 191, 190, 189, 188, 189, 190, 189, 189, 28]","[29, 29, 105, 106, 105, 105, 105, 108, 108, 109, 107, 105, 104, 106, 108, 109, 108, 108, 108, 107, 105, 102, 102, 103, 110, 108, 106, 105, 106, 109, 110, 109, 104, 105, 107, 107, 104, 102, 104, 108, 110, 111, 111, 111, 110, 109, 108, 108, 108, 111, 111, 107, 104, 105, 108, 109, 108, 108, 108, 107, 105, 104, 105, 107, 107, 106, 107, 109, 110, 110, 109, 108, 109, 112, 115, 115, 115, 115, 115, 115, 111, 111, 112, 114, 114, 116, 117, 116, 117, 118, 117, 115, 115, 114, 113, 115, 115, 116, 118, 119, 119, 119, 118, 117, 118, 114, 115, 114, 115, 118, 112, 106, 105, 105, 107, 105, 102, 100, 95, 95, 92, 93, 96, 95, 90, 86, 86, 86, 89, 96, 99, 99, 100, 99, 98, 101, 100, 100, 99, 96, 93, 90, 86, 83, 78, 74, 70, 68, 64, 62, 60, 58, 57, 55, 54, 51, 54, 60, 65, 73, 81, 85, 89, 90, 90, 90, 89, 89, 90, 90, 91, 93, 96, 98, 97, 96, 97, 98, 100, 101, 103, 104, 96, 91, 93, 99, 133, 166, 188, 191, 186, 188, 187, 188, 189, 190, 192, 191, 191, 29]","[29, 29, 105, 105, 104, 105, 105, 108, 108, 107, 106, 104, 105, 106, 107, 107, 107, 108, 109, 108, 106, 104, 104, 105, 108, 107, 106, 106, 107, 109, 110, 110, 109, 106, 105, 105, 104, 103, 105, 108, 111, 110, 110, 110, 109, 108, 108, 108, 113, 114, 113, 110, 106, 105, 106, 107, 108, 108, 107, 106, 105, 105, 106, 108, 107, 107, 109, 110, 111, 111, 110, 109, 111, 113, 115, 114, 112, 111, 111, 112, 115, 113, 114, 115, 114, 115, 117, 116, 115, 117, 117, 116, 116, 116, 115, 116, 116, 118, 120, 120, 121, 121, 121, 121, 115, 114, 115, 116, 117, 119, 115, 109, 105, 105, 106, 104, 101, 101, 97, 97, 93, 93, 95, 94, 90, 88, 89, 90, 90, 95, 96, 97, 101, 100, 97, 99, 96, 96, 94, 92, 88, 84, 81, 78, 78, 74, 70, 66, 62, 59, 58, 57, 56, 56, 53, 51, 57, 65, 73, 80, 88, 89, 93, 94, 90, 90, 90, 88, 90, 89, 89, 92, 95, 97, 97, 96, 98, 99, 103, 101, 99, 103, 100, 94, 105, 134, 178, 196, 193, 190, 191, 191, 188, 190, 191, 190, 192, 193, 193, 30]","[29, 29, 103, 104, 103, 104, 104, 106, 107, 106, 104, 105, 106, 107, 107, 105, 105, 106, 108, 108, 108, 107, 108, 110, 110, 110, 110, 109, 109, 108, 108, 108, 110, 107, 105, 105, 106, 106, 106, 107, 109, 108, 108, 109, 108, 107, 108, 109, 113, 110, 109, 110, 109, 107, 106, 108, 111, 109, 107, 106, 107, 107, 107, 108, 107, 109, 112, 113, 113, 112, 111, 110, 111, 111, 112, 113, 113, 113, 113, 114, 114, 113, 113, 114, 113, 115, 117, 116, 115, 117, 117, 116, 117, 117, 115, 115, 118, 120, 121, 122, 122, 122, 122, 121, 118, 117, 117, 117, 117, 118, 118, 114, 111, 106, 104, 102, 103, 102, 95, 91, 94, 94, 96, 95, 92, 91, 93, 94, 92, 97, 98, 98, 99, 97, 94, 94, 89, 90, 88, 85, 81, 78, 76, 75, 73, 70, 67, 64, 62, 59, 57, 57, 57, 57, 55, 57, 65, 75, 83, 88, 95, 93, 95, 94, 89, 90, 93, 91, 94, 92, 91, 93, 97, 100, 101, 101, 96, 96, 100, 104, 102, 91, 95, 120, 166, 191, 196, 190, 189, 194, 192, 186, 189, 191, 192, 191, 193, 194, 193, 29]","[29, 28, 103, 103, 103, 105, 103, 105, 105, 104, 103, 104, 106, 107, 105, 103, 100, 101, 103, 105, 106, 107, 109, 112, 111, 111, 111, 111, 109, 107, 107, 107, 106, 107, 108, 108, 108, 107, 107, 108, 108, 108, 108, 108, 108, 109, 109, 110, 112, 109, 108, 110, 111, 109, 109, 109, 111, 109, 107, 107, 108, 108, 108, 108, 109, 112, 115, 116, 115, 114, 112, 111, 111, 111, 111, 113, 115, 115, 115, 115, 113, 112, 113, 113, 112, 112, 114, 114, 113, 115, 115, 115, 116, 116, 116, 116, 118, 120, 122, 123, 122, 121, 120, 119, 120, 122, 122, 125, 123, 121, 119, 114, 110, 104, 102, 101, 101, 99, 92, 89, 94, 94, 96, 96, 92, 91, 92, 93, 95, 95, 97, 99, 99, 99, 95, 90, 86, 85, 83, 78, 74, 71, 69, 68, 66, 66, 64, 64, 65, 62, 58, 57, 59, 61, 59, 65, 75, 83, 90, 93, 94, 91, 91, 89, 86, 89, 95, 95, 96, 94, 93, 94, 98, 101, 103, 104, 102, 100, 101, 100, 99, 106, 133, 170, 194, 198, 189, 189, 187, 187, 191, 189, 189, 191, 193, 193, 195, 195, 193, 28]","[30, 28, 102, 103, 104, 106, 104, 105, 104, 103, 103, 104, 105, 105, 104, 103, 99, 99, 101, 103, 104, 105, 106, 108, 110, 109, 109, 110, 109, 107, 107, 107, 106, 109, 111, 110, 109, 110, 109, 107, 108, 110, 110, 109, 109, 110, 111, 110, 111, 111, 110, 110, 111, 112, 111, 109, 109, 108, 108, 108, 109, 109, 109, 110, 110, 113, 114, 115, 115, 115, 113, 111, 111, 111, 112, 114, 116, 115, 114, 114, 115, 115, 117, 117, 114, 114, 115, 114, 114, 115, 115, 114, 115, 115, 116, 118, 118, 120, 122, 122, 121, 120, 119, 118, 120, 122, 124, 128, 127, 123, 121, 114, 105, 100, 99, 98, 96, 93, 90, 93, 93, 93, 95, 94, 90, 89, 92, 93, 96, 92, 94, 98, 99, 100, 97, 89, 82, 80, 76, 72, 68, 65, 62, 60, 63, 64, 63, 64, 66, 63, 59, 58, 61, 63, 63, 72, 81, 85, 90, 92, 91, 89, 89, 87, 87, 91, 96, 97, 96, 94, 94, 95, 98, 100, 102, 103, 100, 100, 99, 92, 107, 150, 182, 191, 192, 189, 188, 192, 185, 189, 191, 186, 192, 193, 194, 194, 197, 196, 193, 29]","[30, 28, 103, 104, 105, 107, 105, 106, 105, 105, 105, 105, 105, 104, 104, 105, 102, 103, 103, 104, 105, 104, 105, 105, 110, 109, 108, 109, 109, 108, 107, 107, 109, 111, 110, 109, 110, 112, 110, 106, 107, 110, 111, 110, 109, 111, 110, 108, 108, 111, 111, 108, 110, 113, 112, 108, 108, 108, 109, 111, 112, 112, 112, 113, 111, 112, 113, 113, 113, 114, 113, 111, 110, 110, 112, 115, 117, 115, 114, 114, 111, 112, 116, 117, 115, 114, 115, 115, 118, 119, 117, 114, 114, 115, 115, 118, 118, 120, 120, 119, 118, 118, 119, 119, 120, 120, 118, 122, 123, 121, 122, 117, 109, 99, 95, 94, 94, 92, 90, 94, 94, 93, 94, 93, 89, 89, 94, 96, 95, 91, 96, 99, 94, 95, 95, 88, 80, 77, 74, 71, 70, 69, 66, 63, 60, 61, 60, 61, 65, 63, 59, 60, 66, 70, 71, 81, 88, 88, 92, 93, 94, 94, 94, 93, 93, 94, 96, 97, 96, 96, 96, 97, 99, 100, 101, 102, 98, 93, 98, 124, 166, 191, 190, 187, 187, 188, 188, 188, 187, 192, 187, 194, 196, 194, 193, 193, 196, 195, 193, 30]","[29, 30, 107, 107, 104, 105, 105, 106, 106, 109, 108, 106, 107, 106, 104, 104, 103, 104, 103, 105, 105, 104, 106, 104, 106, 107, 108, 108, 106, 105, 107, 109, 110, 108, 108, 109, 110, 108, 107, 107, 108, 108, 109, 110, 111, 110, 109, 108, 109, 109, 109, 110, 112, 112, 110, 109, 108, 109, 109, 110, 112, 114, 115, 116, 115, 111, 111, 114, 114, 111, 110, 111, 111, 113, 115, 115, 114, 115, 114, 113, 112, 111, 113, 116, 116, 113, 112, 113, 115, 116, 116, 114, 113, 113, 115, 115, 117, 119, 119, 118, 118, 119, 120, 121, 121, 120, 119, 121, 124, 125, 124, 122, 119, 103, 93, 91, 92, 95, 94, 96, 95, 95, 96, 94, 90, 90, 93, 94, 90, 92, 95, 94, 90, 90, 92, 91, 84, 76, 72, 72, 69, 65, 62, 61, 61, 62, 62, 64, 62, 61, 58, 61, 64, 75, 83, 89, 92, 91, 93, 95, 95, 96, 95, 95, 95, 96, 96, 95, 95, 98, 97, 98, 100, 100, 101, 99, 93, 107, 139, 174, 193, 194, 189, 186, 189, 189, 188, 187, 188, 191, 194, 195, 195, 196, 195, 196, 197, 195, 194, 29]","[30, 29, 106, 106, 103, 105, 106, 107, 108, 111, 111, 109, 110, 111, 109, 106, 103, 105, 105, 108, 108, 107, 108, 106, 104, 104, 104, 105, 106, 107, 110, 113, 112, 109, 107, 107, 109, 109, 108, 108, 108, 108, 108, 109, 110, 111, 111, 112, 110, 109, 109, 110, 111, 111, 111, 110, 111, 111, 111, 112, 113, 115, 115, 115, 115, 114, 114, 116, 117, 115, 112, 111, 113, 114, 115, 114, 114, 115, 115, 114, 113, 113, 114, 116, 116, 114, 114, 114, 114, 115, 116, 116, 115, 115, 114, 113, 116, 118, 119, 119, 119, 119, 119, 119, 121, 121, 121, 122, 124, 126, 125, 123, 122, 107, 94, 88, 91, 96, 97, 99, 97, 97, 99, 98, 95, 93, 93, 92, 92, 94, 97, 97, 94, 93, 92, 90, 81, 76, 73, 72, 66, 60, 58, 58, 59, 59, 59, 61, 60, 60, 58, 64, 69, 86, 95, 96, 95, 95, 95, 92, 95, 95, 95, 97, 98, 97, 97, 96, 98, 98, 98, 102, 102, 98, 97, 94, 115, 149, 182, 193, 189, 187, 189, 189, 189, 189, 188, 187, 188, 191, 193, 194, 194, 195, 195, 197, 198, 196, 195, 29]","[29, 29, 106, 105, 103, 106, 107, 108, 107, 109, 109, 109, 109, 113, 112, 107, 105, 107, 107, 109, 110, 108, 108, 105, 104, 103, 104, 105, 107, 108, 111, 112, 111, 108, 106, 106, 108, 109, 109, 107, 108, 108, 108, 108, 109, 111, 113, 114, 112, 110, 109, 109, 110, 110, 110, 111, 113, 112, 111, 112, 114, 115, 115, 114, 114, 114, 115, 116, 117, 117, 114, 112, 112, 113, 113, 113, 113, 115, 116, 116, 115, 115, 115, 115, 116, 116, 116, 115, 116, 117, 117, 118, 118, 118, 116, 114, 117, 119, 120, 120, 120, 121, 122, 122, 121, 123, 123, 122, 124, 126, 126, 123, 125, 116, 100, 87, 88, 92, 93, 97, 97, 98, 101, 101, 97, 95, 94, 91, 91, 92, 95, 97, 94, 92, 90, 86, 79, 76, 74, 71, 62, 56, 55, 57, 55, 55, 55, 57, 56, 58, 58, 68, 80, 95, 101, 98, 95, 94, 95, 93, 96, 95, 94, 96, 98, 98, 98, 98, 96, 103, 104, 107, 103, 89, 99, 130, 174, 187, 192, 188, 185, 185, 187, 190, 190, 189, 188, 188, 190, 192, 193, 192, 194, 195, 196, 198, 200, 199, 197, 30]","[29, 29, 105, 105, 103, 106, 107, 108, 109, 108, 109, 109, 109, 115, 116, 109, 108, 109, 107, 109, 109, 107, 107, 105, 105, 105, 106, 108, 109, 109, 109, 110, 110, 108, 106, 106, 108, 110, 109, 107, 108, 107, 106, 106, 107, 110, 113, 115, 114, 111, 110, 110, 109, 108, 109, 111, 113, 111, 110, 111, 113, 114, 115, 114, 113, 114, 114, 114, 116, 118, 117, 114, 112, 113, 113, 112, 112, 113, 114, 114, 115, 116, 116, 115, 116, 117, 117, 116, 119, 119, 118, 118, 119, 120, 120, 119, 121, 121, 121, 121, 121, 123, 125, 126, 123, 125, 126, 123, 123, 126, 126, 124, 124, 122, 109, 91, 87, 88, 88, 93, 97, 99, 102, 101, 97, 95, 95, 93, 90, 91, 95, 97, 96, 94, 90, 86, 82, 78, 74, 69, 59, 52, 51, 53, 50, 51, 51, 53, 54, 57, 56, 70, 92, 97, 98, 98, 95, 90, 93, 97, 97, 97, 95, 95, 97, 100, 101, 100, 106, 100, 105, 106, 96, 111, 153, 179, 191, 190, 185, 185, 189, 186, 187, 194, 193, 191, 190, 190, 192, 194, 194, 193, 194, 196, 197, 199, 201, 200, 197, 30]","[30, 29, 105, 105, 103, 105, 105, 105, 107, 107, 109, 109, 110, 114, 114, 108, 109, 109, 106, 107, 107, 106, 108, 107, 104, 105, 107, 109, 109, 109, 109, 111, 111, 110, 109, 108, 108, 108, 109, 109, 108, 106, 104, 104, 107, 111, 113, 114, 114, 112, 111, 111, 110, 109, 109, 111, 112, 111, 110, 110, 112, 114, 115, 115, 113, 115, 115, 116, 118, 120, 119, 116, 115, 115, 114, 113, 112, 111, 111, 111, 115, 116, 116, 116, 116, 117, 117, 116, 119, 119, 119, 119, 119, 120, 121, 122, 122, 123, 122, 122, 122, 123, 125, 125, 125, 128, 128, 126, 125, 127, 128, 126, 122, 122, 112, 95, 90, 91, 88, 92, 96, 99, 103, 102, 97, 95, 94, 93, 88, 88, 91, 93, 93, 92, 90, 87, 84, 78, 72, 65, 56, 49, 46, 44, 46, 46, 49, 51, 54, 56, 55, 72, 102, 101, 98, 99, 98, 92, 93, 97, 98, 100, 99, 97, 99, 103, 103, 100, 97, 101, 102, 96, 109, 156, 192, 188, 181, 188, 189, 189, 192, 190, 188, 192, 194, 193, 192, 193, 195, 196, 195, 195, 195, 197, 196, 197, 199, 198, 196, 28]","[30, 28, 104, 104, 103, 106, 105, 104, 104, 105, 107, 109, 110, 111, 110, 105, 107, 108, 105, 105, 105, 106, 110, 110, 105, 106, 107, 108, 108, 107, 108, 110, 112, 110, 109, 107, 105, 104, 106, 109, 109, 107, 106, 107, 109, 112, 113, 113, 113, 113, 113, 112, 111, 110, 111, 111, 111, 111, 110, 110, 110, 111, 113, 114, 114, 115, 116, 117, 119, 121, 119, 116, 116, 116, 115, 115, 114, 113, 112, 113, 115, 115, 116, 116, 117, 117, 117, 117, 118, 120, 121, 121, 120, 120, 121, 122, 123, 124, 124, 124, 124, 124, 123, 123, 124, 127, 129, 127, 127, 128, 129, 128, 125, 121, 112, 98, 94, 94, 90, 91, 94, 98, 103, 103, 98, 93, 91, 88, 84, 83, 86, 88, 88, 88, 88, 86, 83, 75, 68, 63, 56, 50, 46, 42, 43, 43, 46, 49, 52, 55, 53, 73, 109, 108, 100, 98, 97, 96, 98, 98, 98, 101, 102, 101, 102, 104, 102, 97, 99, 98, 103, 139, 181, 190, 184, 187, 188, 190, 188, 187, 190, 192, 190, 190, 193, 192, 192, 193, 194, 195, 195, 195, 197, 199, 198, 197, 198, 197, 196, 28]","[30, 28, 103, 103, 104, 108, 107, 105, 106, 107, 108, 108, 110, 109, 107, 107, 106, 107, 105, 106, 105, 105, 109, 109, 108, 108, 108, 108, 108, 106, 106, 106, 109, 107, 106, 107, 105, 101, 103, 107, 109, 109, 109, 109, 110, 110, 110, 110, 111, 113, 113, 111, 110, 110, 111, 110, 110, 111, 111, 111, 110, 110, 111, 113, 114, 114, 114, 115, 117, 118, 118, 117, 116, 116, 116, 116, 116, 115, 115, 116, 115, 115, 115, 117, 117, 117, 117, 118, 119, 121, 123, 122, 121, 121, 121, 122, 123, 124, 124, 124, 124, 124, 122, 121, 123, 125, 128, 129, 129, 128, 128, 128, 128, 122, 115, 105, 97, 93, 89, 90, 93, 97, 102, 103, 98, 93, 88, 83, 85, 83, 85, 87, 86, 86, 88, 88, 82, 74, 66, 59, 54, 51, 49, 47, 45, 44, 46, 47, 51, 54, 51, 73, 107, 108, 101, 96, 96, 98, 102, 102, 100, 101, 102, 103, 103, 102, 100, 97, 94, 121, 157, 186, 192, 187, 187, 188, 187, 187, 188, 190, 190, 190, 191, 194, 193, 192, 193, 194, 194, 194, 195, 197, 199, 201, 199, 198, 198, 198, 197, 29]","[31, 28, 102, 104, 105, 110, 109, 108, 107, 107, 105, 104, 106, 104, 104, 108, 107, 109, 108, 108, 107, 105, 108, 108, 108, 107, 108, 109, 110, 108, 105, 104, 106, 104, 105, 108, 107, 102, 101, 104, 108, 109, 109, 109, 108, 106, 106, 106, 109, 112, 113, 109, 108, 109, 110, 108, 109, 111, 113, 112, 111, 110, 111, 113, 115, 113, 111, 111, 113, 116, 118, 119, 119, 117, 117, 117, 116, 115, 115, 116, 116, 115, 115, 118, 118, 116, 117, 119, 121, 122, 123, 121, 120, 121, 121, 122, 122, 122, 122, 122, 122, 122, 122, 121, 123, 125, 129, 131, 131, 129, 128, 127, 127, 123, 121, 112, 100, 93, 90, 93, 95, 97, 102, 102, 98, 93, 88, 82, 83, 82, 83, 84, 83, 83, 85, 86, 85, 76, 65, 56, 50, 49, 50, 50, 49, 47, 48, 48, 52, 55, 51, 74, 98, 102, 99, 99, 99, 100, 103, 104, 104, 102, 102, 104, 103, 100, 99, 100, 136, 168, 189, 189, 183, 185, 188, 185, 187, 189, 191, 190, 189, 192, 193, 191, 194, 194, 195, 196, 196, 195, 197, 200, 199, 202, 200, 198, 197, 197, 197, 29]","[29, 30, 104, 106, 105, 107, 110, 111, 110, 105, 104, 105, 104, 102, 104, 106, 108, 106, 108, 109, 107, 105, 105, 104, 108, 107, 107, 108, 109, 107, 106, 105, 104, 105, 106, 107, 108, 109, 110, 109, 111, 111, 111, 107, 103, 103, 108, 111, 115, 113, 111, 110, 110, 110, 109, 108, 107, 111, 114, 115, 114, 113, 113, 114, 115, 115, 114, 113, 113, 114, 118, 121, 120, 120, 119, 116, 115, 115, 115, 116, 114, 115, 117, 118, 119, 119, 118, 118, 120, 122, 122, 121, 122, 121, 121, 123, 122, 121, 120, 120, 122, 124, 125, 125, 124, 124, 127, 129, 126, 123, 124, 128, 129, 128, 121, 111, 106, 102, 98, 96, 97, 97, 99, 100, 99, 92, 83, 82, 82, 83, 83, 82, 82, 83, 83, 83, 80, 69, 60, 56, 53, 51, 50, 48, 50, 47, 48, 49, 52, 54, 53, 81, 100, 105, 100, 101, 101, 103, 103, 104, 105, 102, 107, 101, 97, 99, 112, 145, 189, 191, 189, 184, 183, 185, 187, 187, 188, 189, 190, 190, 190, 191, 191, 192, 194, 194, 195, 195, 195, 196, 197, 198, 199, 200, 200, 199, 200, 201, 198, 28]","[29, 29, 104, 105, 104, 106, 110, 112, 109, 104, 103, 104, 105, 106, 106, 106, 107, 103, 103, 106, 107, 108, 107, 105, 106, 105, 106, 107, 108, 107, 106, 105, 107, 108, 109, 109, 109, 110, 111, 111, 113, 113, 114, 113, 109, 108, 110, 110, 112, 110, 109, 109, 110, 110, 110, 110, 111, 112, 113, 112, 112, 112, 113, 115, 115, 114, 113, 113, 113, 114, 116, 118, 119, 119, 117, 115, 113, 112, 112, 112, 116, 116, 117, 119, 119, 119, 119, 121, 122, 123, 121, 121, 123, 123, 121, 122, 122, 122, 122, 123, 124, 125, 125, 125, 124, 123, 124, 126, 126, 125, 126, 128, 126, 126, 121, 115, 113, 111, 105, 101, 97, 100, 102, 98, 97, 94, 85, 81, 80, 81, 82, 81, 81, 82, 82, 81, 80, 71, 64, 60, 56, 53, 51, 48, 49, 47, 49, 50, 54, 58, 56, 79, 100, 110, 105, 101, 99, 104, 105, 106, 104, 102, 107, 99, 99, 127, 162, 186, 191, 189, 187, 186, 186, 186, 187, 188, 188, 189, 190, 191, 191, 191, 192, 192, 194, 195, 195, 195, 196, 197, 199, 200, 200, 202, 202, 202, 202, 202, 199, 29]","[29, 29, 104, 105, 104, 107, 111, 112, 108, 103, 100, 102, 106, 109, 110, 108, 105, 103, 105, 107, 105, 104, 105, 104, 105, 104, 105, 107, 109, 109, 108, 107, 109, 110, 111, 111, 110, 111, 112, 113, 114, 113, 114, 114, 112, 111, 111, 110, 109, 108, 107, 108, 110, 112, 113, 113, 114, 114, 113, 112, 112, 112, 114, 115, 115, 114, 113, 113, 114, 115, 116, 116, 116, 117, 117, 117, 118, 120, 121, 121, 118, 116, 117, 119, 120, 120, 120, 122, 122, 121, 117, 117, 122, 125, 125, 125, 125, 125, 124, 124, 124, 125, 126, 126, 126, 125, 124, 125, 127, 128, 129, 129, 128, 127, 121, 116, 116, 114, 109, 104, 101, 103, 104, 98, 97, 95, 86, 81, 82, 82, 82, 81, 80, 80, 81, 81, 78, 72, 67, 63, 58, 52, 49, 47, 46, 46, 47, 49, 55, 59, 56, 73, 104, 111, 105, 103, 102, 105, 104, 103, 104, 109, 103, 106, 136, 167, 182, 191, 188, 184, 183, 187, 188, 187, 188, 191, 187, 187, 188, 190, 192, 193, 194, 194, 195, 195, 195, 196, 198, 200, 201, 202, 201, 203, 204, 204, 204, 203, 199, 29]","[29, 29, 104, 106, 106, 108, 112, 112, 111, 104, 100, 102, 104, 106, 107, 106, 103, 103, 106, 109, 106, 104, 104, 104, 104, 104, 105, 107, 110, 110, 110, 109, 109, 110, 112, 112, 111, 112, 113, 113, 114, 111, 110, 110, 110, 111, 112, 110, 109, 107, 106, 107, 110, 113, 115, 115, 115, 114, 114, 114, 115, 115, 115, 115, 115, 114, 114, 115, 116, 116, 116, 117, 118, 118, 117, 118, 120, 122, 123, 123, 119, 117, 117, 120, 122, 121, 121, 122, 122, 121, 116, 115, 119, 125, 128, 130, 129, 127, 125, 123, 123, 125, 126, 126, 129, 129, 128, 127, 128, 131, 132, 131, 131, 128, 121, 114, 112, 112, 109, 107, 107, 104, 103, 100, 97, 91, 83, 82, 85, 85, 83, 80, 78, 79, 80, 81, 77, 71, 68, 64, 57, 50, 47, 45, 46, 45, 46, 50, 54, 57, 54, 69, 102, 115, 115, 112, 107, 108, 108, 108, 108, 104, 117, 155, 183, 187, 187, 185, 185, 182, 183, 187, 189, 188, 189, 192, 188, 188, 189, 191, 193, 194, 195, 194, 195, 196, 197, 199, 200, 202, 202, 202, 202, 204, 205, 204, 204, 203, 200, 29]","[29, 29, 104, 107, 108, 110, 111, 110, 107, 100, 99, 103, 104, 104, 105, 106, 103, 101, 103, 107, 109, 109, 108, 105, 105, 105, 106, 108, 110, 110, 110, 110, 109, 110, 111, 112, 113, 114, 114, 114, 115, 111, 108, 108, 109, 111, 112, 111, 109, 108, 107, 108, 110, 113, 114, 115, 114, 114, 114, 115, 117, 117, 116, 116, 115, 115, 115, 115, 115, 114, 115, 117, 120, 119, 117, 117, 119, 121, 122, 121, 121, 118, 117, 121, 124, 124, 122, 122, 125, 125, 121, 117, 119, 123, 127, 130, 129, 127, 124, 123, 124, 125, 126, 126, 128, 131, 131, 128, 127, 129, 131, 132, 130, 129, 123, 115, 112, 110, 109, 109, 109, 106, 104, 100, 97, 90, 82, 83, 86, 86, 85, 82, 79, 78, 78, 79, 76, 71, 68, 64, 56, 50, 48, 47, 49, 46, 47, 53, 55, 56, 55, 70, 96, 112, 112, 109, 107, 110, 108, 103, 108, 131, 159, 184, 189, 183, 186, 187, 186, 186, 187, 188, 188, 188, 189, 190, 193, 192, 192, 193, 195, 195, 195, 194, 195, 197, 199, 201, 203, 203, 202, 201, 203, 204, 204, 204, 203, 203, 200, 29]","[29, 29, 104, 108, 108, 110, 110, 107, 100, 97, 99, 104, 104, 103, 104, 105, 104, 102, 103, 106, 107, 108, 109, 108, 108, 108, 108, 110, 111, 111, 111, 110, 109, 110, 111, 111, 113, 114, 114, 113, 114, 111, 110, 110, 111, 112, 112, 110, 111, 110, 110, 111, 113, 114, 114, 114, 114, 114, 114, 115, 116, 116, 116, 116, 116, 117, 117, 117, 115, 113, 114, 116, 118, 117, 117, 117, 119, 122, 123, 123, 123, 121, 120, 122, 125, 125, 123, 121, 124, 126, 124, 121, 122, 124, 126, 128, 126, 125, 125, 126, 127, 128, 127, 126, 126, 129, 129, 128, 126, 127, 130, 131, 129, 130, 127, 120, 116, 113, 110, 109, 109, 109, 108, 103, 99, 94, 85, 84, 85, 87, 87, 85, 82, 80, 78, 77, 75, 71, 67, 64, 57, 51, 50, 49, 50, 47, 47, 54, 55, 55, 58, 73, 102, 109, 108, 111, 110, 110, 112, 118, 143, 181, 193, 187, 185, 186, 188, 187, 186, 188, 189, 189, 189, 190, 190, 191, 193, 193, 193, 194, 196, 197, 197, 196, 196, 197, 199, 202, 203, 203, 201, 200, 204, 204, 204, 203, 203, 204, 201, 30]","[28, 29, 105, 109, 108, 109, 109, 107, 106, 105, 106, 106, 104, 104, 105, 105, 106, 105, 107, 110, 109, 108, 109, 109, 110, 109, 110, 112, 113, 113, 113, 113, 111, 112, 112, 111, 111, 112, 113, 113, 113, 111, 112, 113, 114, 115, 113, 110, 111, 112, 114, 115, 116, 115, 115, 114, 113, 114, 115, 115, 115, 115, 115, 115, 117, 118, 119, 118, 116, 113, 113, 114, 118, 118, 119, 119, 120, 120, 119, 118, 123, 123, 123, 122, 123, 124, 124, 122, 124, 126, 125, 123, 126, 129, 129, 128, 125, 126, 127, 129, 129, 130, 130, 129, 127, 128, 128, 128, 128, 128, 129, 129, 130, 131, 127, 121, 118, 115, 111, 109, 109, 108, 109, 106, 102, 94, 84, 84, 87, 89, 89, 87, 84, 80, 78, 76, 75, 71, 68, 65, 58, 53, 51, 50, 49, 48, 47, 53, 53, 56, 61, 74, 96, 108, 112, 114, 107, 109, 130, 157, 183, 182, 186, 190, 185, 184, 187, 184, 186, 188, 190, 191, 192, 193, 193, 193, 192, 192, 193, 194, 196, 197, 198, 197, 196, 197, 199, 200, 201, 201, 202, 202, 203, 204, 203, 202, 203, 204, 201, 29]","[28, 30, 107, 110, 108, 108, 109, 107, 109, 110, 110, 107, 106, 112, 116, 114, 110, 107, 109, 113, 116, 115, 112, 108, 108, 108, 109, 111, 113, 114, 114, 114, 113, 114, 114, 112, 111, 112, 113, 114, 113, 112, 113, 115, 116, 117, 115, 112, 110, 112, 115, 117, 117, 116, 114, 113, 112, 114, 116, 117, 116, 114, 113, 112, 116, 117, 119, 119, 117, 114, 113, 113, 119, 121, 122, 124, 124, 124, 121, 119, 122, 124, 124, 122, 121, 123, 123, 122, 128, 129, 126, 125, 130, 133, 132, 129, 126, 127, 129, 130, 129, 130, 131, 133, 130, 129, 128, 129, 131, 131, 130, 128, 130, 129, 123, 117, 116, 117, 114, 113, 109, 104, 106, 109, 104, 90, 79, 83, 89, 90, 90, 86, 82, 79, 77, 76, 77, 72, 69, 67, 61, 55, 52, 50, 50, 50, 49, 53, 53, 58, 64, 74, 95, 113, 115, 111, 112, 133, 164, 187, 185, 183, 181, 185, 191, 186, 183, 190, 190, 190, 191, 194, 196, 195, 194, 193, 195, 195, 195, 195, 196, 197, 197, 196, 197, 198, 198, 199, 199, 201, 202, 203, 203, 203, 202, 202, 203, 204, 200, 28]","[30, 28, 116, 111, 112, 107, 112, 115, 114, 116, 120, 122, 121, 119, 119, 121, 114, 115, 111, 110, 114, 118, 114, 110, 114, 117, 116, 115, 115, 115, 114, 114, 116, 116, 115, 116, 117, 115, 114, 117, 107, 115, 119, 116, 118, 123, 121, 113, 113, 117, 118, 115, 115, 117, 113, 107, 104, 119, 120, 114, 115, 113, 110, 116, 115, 123, 126, 121, 115, 116, 121, 123, 122, 124, 129, 131, 130, 126, 121, 119, 118, 128, 129, 124, 127, 127, 124, 124, 127, 125, 123, 126, 131, 132, 132, 134, 130, 130, 131, 132, 133, 130, 131, 136, 134, 134, 132, 138, 137, 127, 124, 124, 130, 129, 125, 119, 120, 115, 116, 114, 110, 108, 105, 103, 100, 91, 86, 87, 93, 96, 94, 93, 83, 78, 72, 73, 76, 73, 66, 66, 63, 54, 51, 51, 51, 50, 51, 52, 53, 52, 67, 72, 88, 114, 112, 119, 152, 172, 181, 186, 180, 181, 184, 187, 187, 189, 190, 189, 190, 191, 193, 194, 194, 194, 194, 194, 196, 195, 194, 195, 195, 195, 196, 197, 199, 198, 198, 199, 201, 202, 203, 203, 203, 201, 201, 203, 203, 203, 200, 30]","[30, 29, 122, 121, 123, 119, 123, 125, 121, 123, 125, 128, 129, 129, 130, 130, 129, 128, 124, 120, 123, 126, 128, 128, 129, 130, 128, 126, 129, 130, 129, 130, 131, 131, 131, 132, 134, 133, 133, 136, 142, 144, 140, 132, 130, 136, 139, 137, 133, 132, 133, 135, 137, 138, 139, 140, 134, 139, 135, 133, 138, 138, 131, 130, 131, 139, 144, 142, 137, 135, 136, 137, 138, 138, 141, 144, 145, 144, 143, 142, 139, 142, 139, 138, 144, 146, 143, 145, 144, 145, 142, 139, 143, 147, 148, 148, 142, 142, 139, 137, 136, 134, 132, 132, 135, 136, 133, 136, 140, 139, 142, 144, 138, 137, 129, 117, 122, 120, 115, 111, 109, 107, 105, 103, 100, 96, 93, 91, 93, 96, 95, 94, 84, 80, 75, 75, 74, 72, 66, 64, 60, 52, 50, 50, 49, 46, 46, 49, 49, 46, 62, 73, 88, 117, 128, 159, 184, 191, 183, 187, 183, 183, 185, 187, 187, 188, 190, 190, 190, 192, 193, 194, 193, 194, 195, 195, 198, 197, 196, 196, 197, 197, 198, 199, 200, 200, 200, 201, 201, 202, 202, 202, 205, 203, 203, 204, 203, 203, 199, 27]","[28, 30, 128, 129, 131, 126, 129, 131, 127, 127, 128, 130, 133, 136, 137, 137, 133, 135, 134, 132, 132, 132, 133, 135, 138, 139, 138, 139, 142, 143, 140, 138, 137, 138, 137, 138, 140, 138, 138, 140, 139, 143, 143, 140, 139, 142, 143, 141, 140, 138, 138, 139, 140, 140, 143, 146, 146, 146, 145, 145, 149, 149, 144, 141, 143, 148, 152, 153, 150, 149, 150, 152, 152, 151, 150, 152, 153, 153, 152, 152, 153, 151, 147, 148, 152, 152, 150, 154, 154, 155, 152, 149, 151, 154, 154, 154, 149, 152, 151, 149, 151, 153, 154, 154, 159, 161, 156, 153, 155, 158, 162, 162, 152, 154, 146, 125, 122, 122, 114, 111, 108, 105, 104, 101, 96, 96, 95, 90, 91, 94, 94, 93, 84, 80, 76, 77, 75, 73, 66, 61, 57, 51, 51, 51, 51, 45, 42, 44, 49, 50, 64, 73, 81, 122, 149, 176, 186, 186, 180, 184, 186, 185, 186, 187, 186, 188, 191, 192, 192, 192, 193, 193, 193, 194, 196, 197, 199, 198, 197, 197, 197, 198, 199, 200, 201, 201, 202, 202, 202, 202, 202, 203, 203, 202, 203, 205, 205, 205, 201, 29]","[29, 29, 131, 132, 133, 128, 129, 131, 128, 129, 131, 132, 135, 138, 138, 135, 131, 135, 137, 137, 136, 134, 133, 135, 138, 140, 140, 142, 144, 143, 139, 137, 138, 139, 138, 139, 140, 138, 137, 139, 137, 140, 142, 142, 141, 142, 143, 143, 147, 147, 146, 144, 144, 145, 146, 145, 144, 145, 149, 151, 150, 148, 147, 147, 145, 147, 150, 153, 152, 152, 153, 154, 151, 150, 151, 152, 154, 154, 153, 153, 153, 153, 153, 154, 154, 152, 152, 157, 157, 155, 154, 156, 158, 155, 153, 155, 155, 158, 158, 155, 154, 154, 156, 158, 162, 165, 162, 159, 160, 161, 162, 161, 163, 163, 159, 135, 121, 120, 113, 111, 109, 105, 105, 104, 98, 96, 97, 92, 92, 94, 94, 91, 85, 80, 78, 78, 77, 75, 65, 58, 54, 51, 51, 50, 49, 47, 42, 40, 46, 55, 66, 72, 75, 121, 160, 176, 183, 181, 184, 182, 188, 186, 187, 187, 187, 189, 193, 194, 194, 194, 194, 194, 194, 195, 196, 197, 199, 198, 197, 197, 198, 198, 199, 200, 200, 201, 202, 202, 203, 203, 203, 203, 202, 202, 204, 206, 206, 207, 203, 30]","[28, 29, 133, 136, 135, 131, 131, 132, 128, 131, 134, 136, 138, 138, 136, 133, 135, 137, 138, 137, 137, 136, 135, 138, 139, 140, 139, 139, 140, 139, 138, 140, 140, 141, 141, 141, 143, 143, 142, 143, 145, 145, 145, 145, 144, 144, 147, 149, 146, 146, 145, 145, 147, 149, 148, 146, 148, 147, 150, 154, 152, 150, 148, 145, 146, 148, 151, 154, 154, 152, 151, 151, 151, 151, 152, 154, 154, 154, 154, 154, 152, 155, 156, 157, 156, 156, 157, 161, 158, 157, 156, 160, 162, 159, 156, 158, 156, 158, 158, 158, 160, 161, 162, 165, 161, 163, 163, 162, 163, 164, 163, 165, 165, 159, 158, 138, 117, 118, 114, 110, 108, 103, 105, 106, 100, 97, 98, 96, 95, 96, 96, 91, 86, 81, 80, 79, 74, 72, 62, 56, 53, 50, 49, 47, 46, 49, 47, 45, 47, 55, 65, 76, 95, 122, 152, 166, 179, 181, 188, 189, 187, 186, 187, 188, 188, 191, 194, 195, 194, 195, 195, 194, 194, 195, 195, 196, 198, 198, 198, 199, 199, 199, 200, 201, 201, 200, 200, 201, 203, 204, 204, 203, 205, 205, 206, 207, 208, 208, 203, 29]","[29, 29, 136, 139, 137, 133, 131, 131, 132, 133, 133, 132, 132, 134, 135, 135, 137, 139, 138, 137, 137, 137, 137, 138, 139, 141, 142, 142, 141, 139, 139, 142, 142, 143, 142, 142, 143, 143, 143, 144, 143, 143, 144, 146, 146, 145, 146, 147, 148, 145, 144, 148, 150, 149, 148, 148, 147, 147, 150, 153, 152, 151, 149, 146, 149, 149, 150, 151, 152, 152, 152, 152, 154, 154, 154, 154, 154, 154, 155, 156, 159, 158, 157, 155, 155, 157, 158, 158, 158, 160, 159, 158, 160, 161, 159, 159, 162, 160, 158, 158, 161, 161, 160, 160, 165, 164, 164, 162, 162, 163, 162, 167, 166, 161, 158, 140, 114, 114, 115, 112, 108, 103, 103, 105, 101, 97, 97, 97, 97, 97, 96, 89, 86, 81, 80, 77, 71, 70, 62, 58, 55, 51, 48, 45, 49, 48, 47, 49, 50, 54, 60, 76, 91, 122, 154, 174, 180, 182, 182, 183, 187, 186, 188, 190, 190, 193, 195, 195, 195, 195, 195, 195, 194, 195, 195, 195, 197, 197, 198, 200, 201, 201, 201, 202, 202, 201, 200, 201, 203, 204, 204, 203, 206, 206, 207, 208, 208, 209, 204, 29]","[30, 28, 136, 138, 136, 133, 132, 131, 134, 133, 131, 130, 129, 130, 133, 135, 136, 139, 138, 137, 138, 138, 137, 137, 139, 142, 145, 145, 144, 140, 139, 142, 143, 144, 143, 142, 143, 144, 143, 145, 149, 147, 146, 146, 146, 146, 146, 146, 148, 147, 148, 150, 151, 150, 146, 144, 147, 149, 151, 152, 153, 153, 153, 153, 150, 150, 149, 148, 149, 152, 154, 156, 153, 152, 152, 153, 155, 157, 158, 160, 164, 160, 157, 155, 155, 157, 158, 158, 160, 162, 161, 160, 159, 159, 159, 161, 162, 163, 161, 160, 163, 165, 163, 162, 165, 165, 166, 163, 164, 166, 166, 171, 169, 169, 159, 138, 115, 113, 115, 115, 112, 107, 103, 103, 102, 100, 98, 98, 97, 97, 96, 89, 87, 82, 80, 75, 73, 72, 65, 60, 57, 50, 48, 46, 48, 46, 43, 47, 49, 52, 53, 69, 87, 125, 160, 173, 177, 183, 187, 189, 188, 188, 190, 192, 192, 194, 195, 195, 196, 195, 195, 195, 195, 195, 196, 196, 198, 198, 198, 200, 201, 201, 202, 202, 202, 202, 202, 203, 204, 204, 203, 203, 205, 205, 206, 207, 208, 210, 205, 30]","[30, 26, 133, 135, 134, 134, 134, 135, 132, 132, 134, 136, 136, 133, 131, 131, 139, 142, 140, 137, 138, 140, 140, 140, 142, 144, 145, 144, 142, 139, 139, 143, 140, 142, 141, 141, 143, 145, 145, 147, 146, 146, 147, 149, 150, 149, 146, 144, 143, 149, 152, 152, 153, 155, 151, 144, 150, 151, 151, 150, 153, 154, 154, 154, 152, 153, 153, 153, 153, 154, 155, 155, 157, 156, 155, 155, 157, 157, 157, 158, 157, 154, 153, 155, 155, 157, 162, 164, 160, 160, 160, 161, 159, 153, 154, 160, 159, 165, 166, 162, 162, 164, 165, 165, 165, 167, 171, 167, 167, 170, 168, 171, 172, 174, 152, 131, 117, 117, 114, 114, 110, 106, 99, 97, 99, 101, 98, 97, 100, 99, 98, 91, 90, 85, 82, 76, 76, 75, 67, 61, 55, 48, 48, 48, 48, 50, 49, 49, 48, 52, 52, 68, 94, 126, 163, 170, 184, 185, 188, 184, 190, 190, 192, 193, 193, 194, 195, 195, 197, 196, 196, 196, 196, 197, 197, 197, 200, 199, 200, 200, 201, 201, 202, 203, 201, 202, 203, 204, 204, 204, 204, 204, 205, 206, 206, 207, 207, 209, 204, 28]","[30, 29, 134, 133, 134, 136, 137, 137, 133, 131, 133, 136, 136, 134, 135, 138, 140, 140, 140, 140, 139, 139, 141, 142, 144, 142, 142, 142, 143, 143, 142, 143, 142, 143, 143, 144, 144, 145, 146, 146, 147, 148, 148, 146, 145, 145, 144, 142, 145, 145, 146, 150, 153, 154, 151, 147, 147, 149, 152, 153, 154, 153, 154, 154, 154, 154, 154, 153, 153, 154, 155, 155, 157, 158, 158, 157, 156, 157, 157, 156, 154, 154, 154, 157, 161, 163, 162, 161, 162, 161, 160, 159, 159, 160, 162, 162, 164, 164, 165, 165, 165, 165, 165, 165, 170, 168, 170, 169, 165, 167, 171, 172, 170, 173, 154, 130, 115, 118, 115, 114, 108, 107, 101, 96, 95, 96, 97, 98, 99, 101, 97, 93, 90, 87, 84, 76, 71, 72, 73, 66, 53, 49, 49, 48, 50, 50, 52, 51, 52, 50, 52, 69, 91, 119, 154, 169, 184, 189, 186, 189, 189, 191, 194, 195, 193, 194, 196, 195, 196, 196, 195, 195, 195, 195, 196, 196, 199, 200, 201, 200, 200, 200, 201, 203, 202, 203, 204, 205, 206, 206, 205, 204, 204, 204, 203, 207, 209, 210, 204, 29]","[29, 29, 133, 133, 133, 135, 137, 137, 136, 136, 136, 137, 137, 136, 137, 140, 140, 140, 139, 139, 138, 138, 139, 140, 142, 142, 142, 144, 144, 144, 144, 145, 143, 142, 143, 144, 145, 146, 146, 146, 146, 147, 147, 147, 146, 146, 146, 145, 144, 145, 146, 149, 151, 152, 150, 147, 147, 148, 150, 152, 153, 153, 154, 155, 154, 154, 154, 153, 153, 155, 156, 156, 157, 159, 160, 159, 158, 157, 156, 154, 155, 155, 156, 158, 161, 163, 162, 162, 163, 162, 162, 161, 161, 162, 163, 163, 165, 166, 166, 166, 165, 164, 165, 166, 168, 167, 169, 168, 165, 166, 171, 171, 172, 174, 155, 131, 116, 118, 115, 112, 105, 104, 99, 95, 95, 95, 96, 98, 98, 100, 96, 93, 89, 85, 82, 76, 71, 70, 70, 66, 57, 52, 51, 48, 51, 50, 51, 50, 52, 52, 55, 71, 96, 122, 154, 176, 189, 190, 188, 188, 190, 191, 193, 193, 192, 193, 195, 194, 195, 195, 195, 195, 195, 195, 196, 197, 199, 199, 200, 200, 200, 201, 202, 202, 204, 204, 204, 204, 205, 206, 206, 206, 205, 206, 204, 207, 209, 210, 205, 29]","[29, 29, 133, 132, 132, 133, 136, 136, 137, 138, 138, 137, 136, 136, 138, 141, 141, 141, 140, 139, 138, 137, 138, 138, 141, 142, 144, 145, 146, 146, 146, 146, 145, 144, 144, 145, 148, 149, 148, 147, 147, 147, 148, 149, 148, 147, 146, 146, 147, 149, 150, 150, 150, 150, 149, 147, 148, 148, 149, 151, 152, 153, 155, 156, 155, 154, 152, 151, 151, 153, 154, 155, 156, 158, 159, 159, 158, 157, 157, 156, 155, 156, 157, 159, 161, 162, 162, 162, 162, 162, 162, 162, 162, 162, 162, 163, 167, 167, 168, 166, 164, 164, 165, 167, 167, 167, 169, 169, 167, 168, 171, 171, 169, 170, 152, 130, 118, 119, 115, 112, 104, 102, 98, 95, 93, 92, 95, 100, 101, 101, 96, 92, 87, 82, 79, 75, 73, 69, 68, 66, 61, 57, 53, 49, 50, 48, 47, 48, 51, 52, 57, 71, 92, 117, 148, 176, 184, 185, 187, 188, 194, 192, 193, 194, 193, 194, 195, 194, 194, 195, 195, 195, 195, 195, 197, 198, 199, 199, 199, 200, 201, 202, 202, 202, 203, 203, 203, 203, 204, 205, 205, 205, 205, 207, 205, 206, 208, 210, 205, 29]","[29, 29, 134, 133, 133, 134, 135, 135, 135, 137, 137, 135, 134, 136, 138, 139, 142, 142, 141, 139, 139, 139, 139, 139, 142, 143, 145, 146, 146, 146, 146, 145, 146, 145, 145, 147, 149, 150, 148, 147, 147, 146, 147, 149, 149, 147, 146, 146, 149, 152, 154, 152, 150, 149, 150, 151, 151, 151, 151, 152, 152, 153, 154, 154, 155, 154, 152, 150, 151, 153, 156, 157, 157, 158, 158, 158, 158, 157, 158, 158, 155, 156, 158, 159, 159, 160, 160, 161, 161, 162, 162, 162, 161, 161, 162, 163, 167, 167, 166, 164, 163, 163, 165, 166, 168, 168, 170, 170, 169, 169, 171, 171, 167, 167, 149, 128, 120, 120, 116, 112, 107, 103, 98, 95, 92, 90, 93, 101, 105, 103, 96, 92, 85, 78, 76, 74, 74, 70, 67, 66, 62, 57, 53, 50, 49, 47, 45, 47, 51, 53, 59, 69, 91, 117, 157, 185, 188, 190, 194, 197, 196, 193, 193, 194, 194, 195, 196, 195, 194, 195, 195, 195, 195, 195, 196, 198, 197, 198, 199, 200, 201, 202, 202, 202, 202, 202, 204, 205, 205, 205, 205, 204, 205, 207, 206, 206, 208, 211, 206, 28]","[29, 29, 134, 134, 134, 135, 136, 134, 135, 137, 138, 136, 135, 137, 139, 139, 141, 141, 140, 139, 140, 141, 142, 142, 143, 144, 145, 145, 145, 145, 145, 145, 145, 145, 145, 146, 147, 147, 146, 146, 145, 145, 146, 148, 148, 146, 146, 147, 146, 150, 153, 151, 148, 147, 151, 154, 153, 153, 153, 153, 153, 153, 153, 153, 153, 153, 152, 152, 154, 157, 158, 158, 159, 159, 159, 159, 158, 157, 156, 156, 156, 157, 158, 159, 158, 159, 159, 160, 161, 162, 162, 162, 161, 162, 163, 164, 165, 164, 162, 162, 162, 164, 165, 166, 167, 168, 169, 169, 169, 169, 169, 170, 170, 166, 149, 128, 122, 121, 118, 112, 110, 106, 100, 97, 93, 89, 91, 98, 102, 101, 95, 91, 84, 75, 73, 72, 75, 72, 69, 65, 60, 54, 50, 50, 50, 48, 46, 49, 52, 55, 61, 68, 88, 114, 163, 185, 187, 193, 191, 193, 194, 191, 191, 193, 193, 194, 195, 195, 195, 195, 195, 195, 195, 196, 196, 197, 195, 197, 199, 201, 201, 201, 202, 202, 203, 204, 205, 206, 206, 206, 206, 206, 206, 209, 208, 208, 210, 212, 206, 29]","[28, 28, 134, 134, 135, 136, 136, 135, 136, 138, 138, 137, 137, 138, 138, 138, 138, 139, 139, 138, 140, 143, 144, 143, 142, 144, 144, 143, 144, 145, 146, 145, 143, 144, 145, 145, 145, 145, 145, 145, 147, 147, 149, 149, 148, 146, 146, 147, 147, 150, 151, 149, 146, 146, 149, 151, 152, 152, 153, 153, 153, 152, 152, 152, 151, 152, 153, 154, 155, 156, 154, 153, 156, 157, 158, 159, 159, 157, 156, 155, 158, 159, 159, 159, 159, 160, 160, 160, 161, 161, 162, 162, 161, 162, 163, 164, 162, 161, 160, 160, 162, 164, 166, 167, 167, 168, 168, 169, 170, 170, 169, 171, 170, 164, 146, 125, 123, 123, 120, 114, 110, 107, 102, 99, 95, 89, 88, 92, 96, 97, 95, 92, 85, 77, 74, 72, 77, 76, 72, 66, 60, 53, 49, 50, 48, 47, 45, 48, 51, 54, 62, 66, 90, 112, 162, 177, 185, 194, 191, 192, 190, 188, 189, 192, 193, 194, 195, 195, 196, 196, 196, 196, 196, 197, 197, 197, 194, 197, 200, 201, 201, 201, 202, 202, 204, 204, 204, 205, 205, 206, 207, 208, 208, 210, 209, 210, 210, 211, 207, 29]","[28, 29, 135, 134, 133, 134, 136, 136, 136, 137, 137, 137, 137, 138, 138, 138, 137, 138, 138, 137, 139, 142, 143, 142, 140, 142, 142, 142, 143, 145, 146, 145, 144, 144, 145, 145, 145, 145, 145, 146, 148, 150, 152, 150, 147, 146, 146, 147, 149, 150, 149, 148, 147, 148, 148, 149, 151, 152, 153, 153, 153, 152, 153, 153, 152, 152, 153, 153, 154, 153, 151, 148, 154, 155, 157, 159, 158, 157, 157, 159, 160, 160, 160, 160, 161, 161, 161, 161, 159, 160, 160, 161, 161, 162, 162, 162, 162, 161, 160, 160, 162, 164, 166, 167, 168, 170, 169, 169, 172, 171, 170, 172, 170, 161, 142, 122, 122, 122, 120, 115, 110, 107, 102, 99, 95, 90, 88, 90, 93, 96, 94, 91, 84, 77, 76, 74, 78, 79, 74, 68, 63, 56, 49, 48, 45, 45, 43, 46, 48, 52, 63, 67, 90, 111, 158, 170, 182, 188, 192, 192, 191, 189, 191, 194, 194, 194, 195, 195, 196, 196, 196, 196, 198, 198, 198, 198, 197, 198, 200, 201, 202, 202, 202, 202, 203, 204, 204, 204, 205, 206, 207, 208, 208, 209, 208, 209, 210, 209, 205, 29]","[29, 30, 136, 134, 131, 131, 134, 136, 136, 135, 136, 137, 138, 138, 139, 139, 139, 139, 139, 137, 138, 141, 141, 140, 139, 141, 142, 141, 143, 146, 146, 145, 144, 144, 144, 145, 145, 146, 146, 146, 144, 148, 150, 149, 146, 147, 148, 149, 149, 147, 146, 146, 148, 151, 151, 149, 151, 152, 153, 153, 153, 153, 153, 154, 153, 153, 153, 153, 154, 154, 153, 152, 157, 158, 159, 159, 157, 156, 158, 163, 162, 161, 160, 161, 162, 162, 162, 161, 158, 159, 160, 161, 162, 162, 162, 161, 163, 162, 162, 162, 162, 163, 166, 168, 170, 172, 170, 169, 172, 171, 169, 171, 172, 162, 142, 120, 120, 120, 118, 113, 111, 107, 101, 97, 94, 91, 89, 91, 94, 96, 93, 88, 81, 76, 77, 75, 77, 79, 74, 67, 64, 57, 48, 45, 45, 45, 42, 45, 47, 53, 66, 69, 88, 114, 161, 174, 186, 184, 191, 191, 192, 191, 194, 196, 195, 194, 194, 194, 196, 196, 196, 197, 199, 200, 199, 199, 199, 199, 200, 201, 202, 202, 202, 202, 202, 203, 205, 206, 206, 206, 207, 207, 208, 208, 207, 209, 209, 209, 205, 30]","[29, 29, 133, 131, 129, 130, 134, 137, 132, 132, 132, 132, 134, 138, 139, 139, 138, 138, 138, 137, 137, 138, 138, 138, 140, 144, 145, 144, 144, 144, 144, 144, 143, 143, 142, 141, 143, 146, 147, 146, 146, 146, 147, 147, 147, 146, 147, 148, 147, 148, 149, 150, 151, 151, 151, 151, 152, 153, 152, 152, 153, 155, 155, 154, 152, 152, 152, 152, 153, 155, 155, 155, 156, 160, 161, 157, 153, 153, 156, 159, 159, 160, 160, 160, 160, 159, 158, 157, 157, 159, 161, 160, 159, 159, 161, 164, 162, 162, 163, 164, 165, 165, 166, 168, 168, 168, 167, 166, 167, 170, 171, 170, 171, 167, 132, 122, 117, 119, 120, 116, 111, 108, 103, 98, 95, 93, 93, 93, 96, 100, 97, 88, 81, 78, 77, 75, 75, 75, 73, 69, 65, 55, 44, 39, 38, 43, 45, 46, 50, 56, 64, 71, 87, 121, 156, 176, 188, 187, 189, 190, 191, 192, 193, 194, 193, 193, 194, 196, 197, 195, 195, 197, 199, 200, 199, 200, 200, 200, 200, 201, 202, 202, 202, 201, 203, 204, 206, 207, 207, 207, 207, 209, 208, 208, 208, 210, 209, 209, 205, 28]","[29, 29, 134, 134, 134, 135, 136, 136, 136, 134, 130, 128, 130, 135, 138, 139, 138, 138, 137, 137, 139, 140, 140, 139, 142, 144, 144, 143, 144, 143, 143, 143, 144, 144, 144, 144, 144, 146, 147, 147, 147, 147, 147, 147, 146, 145, 146, 147, 149, 149, 150, 151, 151, 151, 151, 151, 149, 151, 153, 153, 153, 154, 154, 153, 153, 153, 153, 153, 153, 155, 155, 154, 154, 157, 158, 155, 152, 152, 155, 156, 158, 159, 159, 159, 159, 159, 158, 157, 159, 160, 161, 161, 160, 159, 161, 162, 165, 166, 166, 167, 166, 165, 166, 167, 167, 168, 168, 167, 168, 170, 170, 169, 170, 165, 132, 124, 119, 120, 119, 115, 115, 111, 105, 99, 95, 93, 93, 93, 94, 97, 96, 89, 83, 81, 79, 76, 75, 75, 74, 70, 63, 52, 43, 42, 44, 44, 43, 45, 50, 56, 65, 73, 87, 118, 153, 173, 184, 186, 187, 189, 190, 191, 192, 193, 193, 193, 193, 195, 195, 195, 196, 198, 198, 198, 198, 200, 199, 199, 199, 201, 202, 203, 203, 202, 203, 204, 205, 206, 207, 208, 208, 209, 209, 209, 209, 211, 210, 210, 206, 29]","[29, 28, 133, 135, 137, 138, 138, 136, 138, 136, 134, 133, 135, 138, 139, 139, 139, 138, 138, 138, 141, 142, 142, 140, 143, 144, 144, 143, 144, 142, 142, 144, 144, 144, 145, 145, 145, 145, 145, 146, 148, 149, 149, 149, 148, 147, 146, 147, 150, 150, 151, 151, 151, 151, 152, 152, 149, 152, 155, 155, 154, 154, 154, 154, 154, 154, 154, 153, 154, 155, 155, 155, 154, 157, 158, 156, 154, 154, 155, 155, 157, 158, 159, 159, 159, 159, 158, 158, 161, 161, 162, 162, 161, 161, 161, 162, 164, 165, 166, 167, 167, 166, 166, 167, 167, 169, 170, 169, 169, 169, 168, 167, 167, 159, 130, 125, 121, 121, 118, 115, 117, 114, 109, 102, 98, 95, 94, 93, 91, 94, 94, 90, 85, 83, 80, 76, 76, 75, 76, 74, 66, 54, 47, 46, 48, 46, 44, 45, 49, 53, 63, 74, 89, 116, 152, 171, 182, 188, 186, 190, 191, 192, 193, 194, 195, 194, 194, 194, 193, 195, 197, 198, 197, 196, 197, 199, 199, 199, 199, 200, 202, 203, 204, 203, 204, 204, 204, 205, 207, 208, 208, 208, 209, 210, 210, 211, 210, 210, 206, 30]","[30, 29, 133, 134, 135, 137, 138, 138, 138, 138, 138, 140, 142, 143, 141, 139, 140, 139, 137, 138, 141, 143, 143, 141, 142, 144, 144, 144, 144, 142, 142, 145, 145, 144, 145, 146, 145, 143, 144, 145, 145, 146, 149, 150, 149, 147, 146, 146, 150, 150, 150, 151, 151, 152, 153, 153, 152, 154, 156, 156, 155, 154, 154, 155, 155, 154, 154, 153, 154, 156, 157, 157, 157, 158, 158, 157, 156, 156, 156, 156, 157, 157, 158, 160, 160, 159, 159, 160, 160, 160, 161, 161, 162, 162, 162, 162, 162, 163, 165, 167, 167, 167, 167, 168, 169, 170, 171, 170, 168, 168, 167, 166, 164, 152, 127, 122, 119, 120, 118, 117, 117, 114, 110, 105, 101, 97, 94, 93, 91, 92, 91, 88, 85, 82, 79, 75, 75, 74, 74, 74, 67, 57, 50, 46, 48, 48, 47, 47, 48, 52, 63, 76, 90, 113, 153, 170, 184, 188, 188, 192, 193, 193, 193, 194, 195, 195, 195, 195, 194, 196, 198, 198, 197, 196, 197, 198, 201, 200, 199, 200, 201, 203, 203, 203, 205, 205, 205, 205, 205, 206, 206, 206, 208, 210, 209, 210, 209, 210, 206, 30]","[30, 29, 134, 133, 133, 134, 137, 139, 139, 138, 137, 139, 141, 142, 141, 140, 140, 138, 136, 136, 139, 142, 142, 141, 141, 144, 145, 145, 144, 141, 141, 145, 146, 146, 147, 147, 146, 144, 145, 147, 146, 148, 150, 151, 151, 149, 149, 151, 152, 152, 151, 152, 152, 153, 153, 154, 154, 154, 155, 154, 154, 154, 155, 155, 156, 156, 154, 153, 154, 157, 158, 159, 160, 160, 159, 158, 157, 157, 157, 156, 157, 158, 159, 160, 161, 160, 160, 162, 160, 159, 159, 160, 161, 162, 162, 162, 165, 165, 167, 168, 168, 167, 167, 167, 170, 170, 170, 169, 168, 167, 168, 168, 165, 149, 126, 118, 116, 117, 116, 118, 117, 114, 109, 105, 101, 98, 96, 94, 93, 91, 88, 85, 83, 81, 78, 76, 75, 75, 76, 73, 64, 58, 53, 47, 46, 48, 48, 48, 51, 56, 65, 75, 88, 109, 153, 170, 186, 187, 189, 192, 193, 192, 192, 193, 194, 195, 195, 195, 195, 196, 197, 197, 197, 198, 198, 199, 201, 201, 200, 200, 202, 203, 203, 203, 205, 206, 206, 204, 203, 204, 205, 206, 207, 209, 209, 210, 209, 211, 206, 29]","[29, 29, 135, 135, 134, 135, 137, 138, 138, 137, 137, 139, 141, 141, 140, 140, 139, 137, 135, 136, 138, 142, 143, 143, 143, 145, 146, 145, 145, 142, 142, 145, 147, 147, 147, 147, 146, 146, 146, 148, 150, 150, 151, 151, 151, 151, 154, 156, 153, 153, 153, 153, 153, 153, 154, 154, 155, 154, 153, 154, 154, 154, 155, 156, 158, 157, 154, 153, 154, 156, 158, 159, 161, 160, 159, 159, 159, 158, 158, 157, 157, 157, 159, 161, 161, 160, 161, 163, 162, 161, 161, 161, 162, 163, 164, 164, 166, 165, 166, 167, 168, 168, 168, 168, 170, 169, 168, 167, 167, 167, 168, 169, 167, 148, 129, 117, 114, 116, 115, 117, 117, 113, 108, 103, 100, 98, 96, 95, 94, 90, 86, 83, 82, 81, 80, 79, 76, 77, 79, 72, 59, 54, 54, 51, 49, 49, 48, 48, 52, 57, 62, 67, 88, 108, 152, 172, 187, 187, 191, 192, 194, 193, 192, 193, 194, 194, 194, 195, 195, 195, 196, 196, 198, 200, 200, 200, 200, 200, 200, 201, 202, 203, 203, 203, 204, 206, 206, 204, 203, 204, 206, 206, 207, 209, 209, 210, 210, 212, 207, 29]","[29, 29, 135, 136, 137, 137, 137, 137, 137, 137, 138, 142, 144, 144, 142, 142, 139, 138, 137, 137, 139, 142, 143, 144, 144, 145, 145, 144, 145, 145, 143, 144, 145, 146, 147, 146, 146, 147, 147, 147, 147, 148, 148, 148, 147, 148, 150, 153, 153, 153, 153, 153, 153, 153, 153, 154, 154, 153, 154, 155, 155, 155, 155, 156, 158, 157, 154, 153, 153, 156, 158, 159, 161, 159, 159, 159, 160, 159, 158, 157, 157, 157, 158, 160, 160, 159, 160, 162, 165, 164, 163, 162, 163, 164, 165, 166, 165, 163, 163, 165, 167, 168, 169, 169, 169, 168, 167, 166, 166, 166, 167, 167, 165, 146, 131, 119, 115, 117, 115, 117, 116, 112, 106, 103, 101, 100, 97, 95, 92, 88, 83, 81, 81, 80, 80, 80, 76, 76, 78, 71, 57, 51, 52, 50, 50, 49, 48, 49, 52, 52, 56, 63, 93, 115, 151, 177, 187, 188, 191, 191, 194, 193, 193, 194, 195, 195, 195, 195, 195, 195, 196, 196, 199, 201, 200, 199, 198, 199, 201, 202, 202, 203, 203, 203, 204, 206, 206, 205, 205, 206, 207, 207, 207, 209, 209, 211, 211, 214, 208, 29]","[30, 29, 133, 135, 137, 139, 138, 136, 137, 137, 138, 142, 144, 145, 145, 146, 139, 138, 138, 137, 138, 141, 142, 143, 143, 144, 142, 141, 143, 145, 144, 142, 144, 146, 147, 146, 146, 147, 148, 147, 146, 147, 148, 149, 147, 147, 149, 151, 152, 152, 152, 153, 153, 153, 153, 153, 154, 154, 155, 156, 156, 154, 154, 155, 157, 156, 154, 153, 154, 156, 158, 159, 159, 158, 158, 159, 160, 159, 157, 157, 156, 156, 157, 160, 160, 158, 159, 162, 165, 164, 163, 162, 163, 164, 166, 166, 166, 164, 162, 164, 166, 168, 168, 168, 168, 167, 166, 166, 166, 165, 165, 165, 160, 142, 131, 120, 117, 119, 116, 117, 113, 110, 106, 104, 104, 102, 98, 94, 91, 86, 81, 80, 80, 80, 80, 80, 80, 78, 79, 76, 63, 56, 55, 52, 46, 47, 48, 51, 51, 49, 56, 67, 99, 121, 150, 181, 186, 190, 190, 189, 194, 194, 194, 195, 195, 195, 195, 195, 195, 196, 197, 197, 199, 200, 200, 198, 197, 199, 201, 202, 202, 202, 202, 203, 205, 207, 206, 205, 206, 208, 208, 207, 206, 209, 209, 211, 212, 215, 209, 28]","[29, 28, 133, 135, 138, 139, 139, 138, 136, 137, 138, 139, 139, 140, 142, 143, 142, 140, 138, 138, 139, 140, 142, 143, 144, 144, 142, 141, 143, 144, 143, 144, 145, 146, 147, 146, 147, 148, 149, 149, 148, 147, 146, 145, 145, 147, 150, 153, 152, 152, 152, 154, 154, 154, 153, 154, 154, 154, 154, 154, 154, 153, 154, 154, 156, 157, 158, 155, 153, 154, 157, 158, 158, 158, 158, 157, 157, 158, 159, 159, 158, 155, 155, 160, 162, 160, 160, 162, 165, 164, 163, 161, 161, 163, 166, 167, 166, 165, 164, 164, 166, 166, 166, 167, 167, 167, 166, 166, 166, 166, 166, 165, 164, 146, 117, 110, 117, 117, 117, 117, 112, 109, 107, 106, 103, 101, 98, 93, 91, 84, 81, 81, 80, 79, 79, 79, 78, 77, 75, 72, 66, 60, 55, 54, 52, 46, 45, 48, 50, 50, 57, 73, 103, 117, 145, 179, 190, 193, 189, 189, 190, 192, 194, 196, 197, 196, 196, 196, 195, 197, 198, 198, 198, 199, 197, 195, 198, 199, 200, 200, 201, 201, 202, 203, 205, 204, 204, 205, 207, 208, 209, 209, 209, 210, 212, 212, 214, 214, 210, 28]","[29, 30, 137, 138, 138, 137, 138, 139, 136, 139, 141, 142, 142, 141, 142, 143, 143, 141, 139, 140, 141, 141, 142, 142, 143, 145, 144, 144, 145, 144, 143, 144, 146, 146, 147, 148, 149, 149, 149, 149, 151, 150, 148, 146, 145, 146, 149, 151, 151, 151, 152, 154, 154, 154, 154, 155, 154, 154, 154, 154, 154, 153, 154, 155, 155, 157, 158, 156, 154, 155, 156, 157, 155, 158, 160, 161, 160, 159, 158, 157, 158, 157, 157, 161, 162, 161, 161, 162, 164, 163, 162, 160, 160, 162, 163, 164, 163, 164, 165, 166, 165, 164, 165, 167, 166, 166, 166, 166, 167, 167, 166, 165, 167, 145, 119, 113, 116, 113, 113, 113, 114, 111, 110, 109, 105, 103, 100, 96, 89, 83, 80, 81, 81, 79, 79, 78, 76, 75, 73, 70, 65, 61, 57, 55, 49, 46, 47, 46, 46, 48, 58, 74, 98, 119, 147, 176, 186, 189, 186, 188, 189, 191, 194, 196, 197, 196, 195, 196, 197, 197, 197, 196, 197, 199, 200, 200, 199, 200, 200, 201, 201, 202, 202, 202, 204, 203, 204, 206, 208, 208, 209, 209, 209, 210, 213, 213, 214, 215, 211, 29]","[28, 30, 137, 138, 137, 136, 137, 138, 139, 140, 140, 139, 137, 136, 138, 142, 142, 140, 138, 140, 142, 144, 143, 142, 143, 145, 144, 143, 144, 143, 143, 145, 146, 147, 148, 150, 152, 152, 151, 150, 151, 151, 149, 148, 147, 148, 151, 153, 150, 150, 152, 154, 154, 154, 154, 155, 154, 154, 154, 154, 154, 153, 154, 155, 157, 158, 158, 157, 155, 154, 154, 153, 155, 157, 159, 159, 158, 158, 158, 158, 159, 159, 161, 162, 163, 162, 163, 164, 167, 166, 165, 164, 164, 165, 166, 166, 163, 162, 163, 165, 167, 167, 166, 165, 166, 166, 166, 166, 165, 165, 164, 164, 168, 142, 121, 120, 120, 115, 116, 116, 114, 113, 113, 110, 105, 102, 99, 96, 88, 82, 80, 81, 80, 79, 77, 75, 74, 74, 72, 68, 64, 61, 58, 54, 47, 47, 48, 46, 46, 51, 60, 74, 99, 120, 146, 172, 186, 191, 189, 191, 189, 190, 193, 195, 196, 195, 194, 194, 195, 195, 195, 194, 195, 198, 200, 201, 201, 201, 201, 202, 202, 203, 202, 202, 204, 204, 204, 206, 208, 208, 208, 207, 209, 210, 214, 214, 215, 215, 211, 29]","[29, 28, 134, 136, 138, 138, 137, 136, 139, 138, 138, 136, 133, 133, 137, 142, 141, 138, 136, 138, 142, 144, 143, 142, 144, 144, 142, 141, 141, 142, 142, 145, 146, 147, 149, 152, 154, 153, 152, 150, 150, 151, 151, 151, 150, 150, 152, 153, 151, 152, 153, 154, 154, 153, 153, 154, 155, 154, 154, 154, 154, 154, 155, 156, 158, 158, 158, 157, 156, 155, 154, 154, 156, 158, 159, 158, 157, 159, 160, 162, 160, 162, 163, 163, 163, 163, 164, 165, 166, 165, 164, 163, 164, 165, 166, 166, 164, 162, 162, 165, 169, 169, 167, 165, 166, 167, 167, 166, 164, 164, 165, 166, 164, 133, 117, 121, 120, 115, 116, 116, 114, 114, 113, 110, 104, 101, 97, 93, 88, 82, 80, 80, 78, 77, 76, 74, 73, 73, 71, 67, 65, 63, 59, 54, 48, 46, 46, 47, 51, 56, 63, 74, 98, 115, 146, 174, 188, 193, 193, 193, 191, 191, 193, 194, 194, 194, 193, 193, 194, 194, 195, 196, 196, 198, 199, 200, 202, 202, 201, 202, 203, 203, 203, 203, 205, 205, 205, 207, 207, 207, 206, 205, 209, 211, 214, 215, 216, 215, 211, 29]","[29, 28, 134, 136, 138, 138, 139, 138, 137, 137, 137, 139, 138, 138, 140, 143, 143, 139, 136, 137, 140, 143, 143, 143, 145, 145, 142, 141, 143, 143, 143, 145, 146, 146, 149, 152, 153, 152, 151, 150, 150, 151, 152, 153, 152, 151, 150, 150, 153, 153, 154, 154, 153, 152, 152, 153, 155, 154, 154, 154, 154, 154, 155, 156, 157, 157, 157, 158, 158, 158, 159, 159, 156, 159, 160, 160, 159, 160, 161, 162, 161, 163, 163, 162, 161, 163, 164, 165, 163, 162, 161, 161, 162, 164, 166, 166, 163, 164, 165, 167, 167, 166, 166, 167, 164, 167, 169, 169, 167, 167, 168, 170, 163, 129, 115, 121, 119, 115, 115, 113, 115, 114, 113, 110, 105, 101, 96, 90, 86, 82, 79, 78, 76, 75, 74, 73, 72, 73, 71, 68, 66, 65, 60, 55, 50, 46, 46, 48, 52, 56, 63, 74, 89, 106, 145, 179, 188, 189, 193, 191, 192, 192, 193, 193, 193, 193, 194, 195, 195, 195, 197, 198, 198, 199, 200, 201, 202, 202, 201, 202, 203, 204, 205, 205, 205, 205, 206, 208, 208, 207, 206, 206, 210, 211, 214, 215, 216, 215, 211, 29]","[28, 30, 137, 138, 137, 136, 138, 140, 139, 137, 137, 138, 139, 138, 140, 143, 143, 140, 137, 138, 141, 144, 146, 146, 145, 146, 145, 145, 147, 147, 145, 146, 147, 148, 150, 152, 152, 150, 150, 151, 148, 149, 151, 153, 153, 152, 151, 150, 153, 154, 154, 155, 154, 153, 153, 153, 153, 153, 153, 154, 153, 153, 154, 155, 157, 157, 157, 158, 159, 159, 159, 161, 159, 159, 159, 157, 156, 157, 159, 160, 161, 162, 162, 161, 161, 162, 164, 164, 163, 163, 162, 162, 163, 166, 168, 168, 164, 164, 165, 167, 167, 167, 166, 166, 165, 168, 171, 172, 170, 167, 166, 166, 164, 130, 118, 123, 119, 117, 117, 114, 116, 115, 113, 110, 105, 102, 97, 89, 85, 81, 78, 77, 75, 74, 75, 74, 70, 70, 68, 66, 66, 64, 59, 54, 51, 48, 49, 48, 50, 53, 61, 74, 89, 102, 140, 174, 186, 188, 194, 192, 192, 193, 193, 193, 193, 193, 195, 197, 196, 196, 196, 197, 198, 199, 201, 203, 202, 202, 202, 203, 204, 205, 206, 206, 205, 206, 207, 209, 210, 210, 210, 210, 211, 212, 214, 214, 216, 216, 211, 29]","[28, 30, 138, 139, 137, 136, 137, 139, 141, 138, 137, 137, 137, 136, 139, 143, 143, 141, 140, 141, 143, 146, 147, 148, 145, 147, 146, 147, 148, 148, 147, 147, 149, 150, 151, 152, 150, 147, 148, 150, 149, 149, 150, 152, 153, 153, 153, 152, 153, 154, 155, 156, 156, 154, 154, 154, 154, 154, 155, 155, 155, 154, 154, 155, 158, 158, 158, 158, 158, 157, 157, 158, 161, 160, 158, 156, 155, 156, 159, 160, 161, 161, 162, 163, 163, 163, 163, 164, 163, 163, 163, 162, 163, 164, 166, 167, 165, 164, 164, 167, 169, 170, 168, 166, 168, 169, 171, 172, 170, 166, 163, 162, 161, 129, 118, 120, 117, 116, 116, 114, 115, 115, 114, 111, 106, 103, 98, 91, 86, 81, 78, 77, 76, 77, 77, 74, 69, 67, 65, 65, 65, 63, 58, 53, 51, 51, 51, 49, 50, 54, 60, 71, 89, 104, 137, 167, 188, 191, 194, 194, 193, 193, 194, 194, 194, 194, 196, 199, 198, 197, 198, 198, 198, 199, 201, 204, 202, 203, 204, 205, 206, 207, 207, 207, 208, 208, 210, 212, 213, 213, 212, 213, 213, 213, 215, 215, 216, 216, 212, 29]","[29, 29, 136, 138, 139, 138, 138, 137, 139, 137, 139, 141, 141, 139, 140, 144, 145, 144, 143, 144, 144, 145, 145, 145, 145, 147, 146, 146, 147, 147, 147, 149, 150, 150, 151, 150, 146, 143, 144, 148, 153, 152, 152, 152, 153, 153, 153, 152, 152, 154, 156, 158, 157, 155, 154, 154, 157, 157, 158, 158, 158, 157, 157, 157, 158, 157, 158, 159, 158, 157, 157, 159, 161, 162, 162, 161, 161, 161, 160, 160, 162, 162, 163, 165, 165, 164, 164, 165, 163, 164, 164, 163, 163, 164, 165, 166, 162, 163, 167, 169, 170, 169, 170, 171, 169, 169, 169, 170, 169, 168, 165, 163, 161, 132, 121, 120, 115, 115, 115, 114, 115, 115, 115, 112, 108, 105, 100, 93, 89, 83, 79, 78, 78, 79, 78, 74, 71, 68, 65, 65, 65, 62, 57, 53, 50, 50, 51, 48, 52, 58, 60, 65, 81, 105, 139, 166, 191, 192, 191, 194, 193, 194, 196, 195, 194, 194, 196, 199, 201, 201, 202, 203, 202, 201, 203, 205, 202, 204, 206, 207, 208, 208, 208, 208, 212, 212, 213, 214, 214, 214, 213, 213, 215, 214, 215, 215, 216, 217, 212, 29]","[29, 28, 139, 137, 140, 138, 138, 138, 138, 141, 142, 142, 142, 144, 145, 144, 145, 145, 147, 148, 146, 144, 144, 146, 148, 147, 146, 146, 146, 146, 148, 150, 151, 150, 149, 147, 145, 144, 146, 149, 153, 152, 152, 152, 153, 153, 152, 151, 150, 153, 155, 156, 157, 157, 155, 153, 154, 156, 158, 158, 158, 159, 159, 158, 159, 157, 157, 159, 160, 159, 158, 159, 160, 160, 160, 160, 160, 160, 160, 160, 160, 160, 161, 164, 165, 164, 162, 161, 162, 164, 165, 165, 165, 164, 164, 165, 163, 166, 166, 168, 168, 168, 170, 169, 167, 170, 171, 171, 171, 171, 169, 166, 165, 129, 121, 119, 117, 114, 115, 116, 115, 115, 114, 110, 108, 106, 102, 97, 87, 81, 79, 79, 79, 78, 76, 72, 71, 68, 65, 64, 65, 63, 56, 49, 47, 45, 46, 46, 48, 54, 59, 65, 72, 113, 136, 169, 189, 192, 193, 197, 197, 196, 195, 196, 198, 199, 198, 197, 200, 201, 202, 203, 204, 205, 207, 209, 206, 208, 209, 210, 210, 208, 209, 212, 213, 213, 214, 215, 215, 214, 213, 213, 215, 217, 218, 218, 218, 215, 212, 28]","[29, 28, 138, 135, 138, 140, 140, 138, 139, 141, 143, 143, 144, 145, 146, 145, 146, 145, 145, 146, 147, 146, 146, 146, 146, 146, 147, 147, 147, 146, 147, 147, 150, 149, 147, 146, 145, 145, 148, 151, 152, 152, 151, 152, 153, 153, 151, 149, 152, 154, 155, 155, 155, 155, 154, 152, 155, 158, 160, 159, 158, 157, 158, 158, 158, 156, 156, 158, 159, 158, 158, 158, 161, 161, 162, 161, 160, 159, 160, 161, 163, 162, 162, 163, 164, 163, 163, 163, 166, 166, 166, 166, 166, 165, 165, 165, 166, 169, 168, 169, 169, 169, 172, 171, 168, 169, 170, 171, 171, 170, 168, 167, 161, 128, 121, 121, 119, 115, 115, 114, 114, 115, 115, 112, 110, 107, 102, 97, 89, 84, 81, 80, 78, 77, 74, 69, 66, 66, 65, 64, 64, 62, 57, 53, 49, 46, 47, 46, 49, 55, 60, 67, 72, 105, 142, 180, 199, 195, 194, 195, 199, 198, 198, 200, 201, 202, 201, 200, 201, 201, 202, 203, 204, 206, 207, 207, 210, 210, 209, 209, 210, 209, 209, 212, 214, 214, 214, 213, 213, 213, 213, 213, 215, 217, 218, 218, 218, 216, 213, 29]","[29, 29, 137, 132, 137, 141, 141, 137, 140, 142, 144, 144, 145, 146, 146, 145, 146, 145, 145, 146, 147, 146, 145, 145, 145, 145, 146, 147, 147, 146, 146, 146, 148, 147, 146, 145, 146, 147, 150, 153, 153, 152, 150, 151, 152, 152, 151, 150, 153, 153, 153, 152, 152, 153, 153, 153, 156, 159, 161, 160, 157, 155, 156, 156, 159, 159, 160, 159, 159, 159, 159, 160, 161, 161, 161, 160, 159, 159, 160, 161, 164, 164, 163, 163, 163, 163, 164, 166, 168, 168, 167, 166, 167, 167, 167, 167, 168, 170, 169, 170, 170, 170, 172, 171, 172, 172, 173, 174, 174, 171, 169, 169, 157, 126, 120, 121, 119, 115, 112, 110, 109, 112, 113, 112, 109, 105, 100, 96, 90, 87, 84, 80, 78, 77, 73, 68, 64, 64, 65, 65, 64, 62, 59, 57, 52, 48, 47, 45, 48, 55, 62, 70, 88, 97, 138, 178, 200, 194, 196, 200, 198, 199, 200, 201, 203, 203, 203, 202, 201, 201, 202, 203, 205, 206, 206, 206, 209, 208, 205, 206, 209, 210, 211, 213, 213, 213, 212, 211, 211, 211, 213, 214, 215, 216, 217, 217, 218, 217, 214, 29]","[29, 28, 137, 134, 139, 142, 142, 140, 140, 141, 142, 143, 145, 146, 146, 146, 143, 143, 145, 147, 147, 146, 145, 145, 146, 146, 147, 147, 146, 147, 148, 148, 148, 147, 146, 147, 149, 150, 153, 155, 154, 152, 151, 151, 152, 153, 154, 153, 152, 152, 152, 151, 151, 152, 153, 154, 155, 157, 160, 160, 158, 156, 156, 157, 159, 160, 159, 157, 156, 157, 158, 159, 161, 160, 160, 160, 160, 161, 161, 162, 163, 164, 163, 163, 163, 164, 166, 168, 169, 168, 166, 166, 167, 168, 169, 169, 167, 170, 169, 171, 171, 170, 171, 168, 172, 173, 174, 174, 173, 170, 168, 167, 156, 128, 119, 120, 118, 115, 112, 109, 106, 108, 109, 108, 107, 104, 99, 95, 91, 89, 85, 81, 78, 78, 76, 70, 65, 65, 64, 64, 63, 61, 59, 57, 54, 49, 46, 43, 46, 54, 63, 73, 88, 96, 140, 171, 198, 195, 196, 196, 196, 198, 200, 201, 202, 202, 202, 202, 201, 201, 202, 203, 204, 205, 206, 207, 207, 206, 204, 204, 208, 210, 211, 213, 212, 211, 210, 210, 211, 213, 215, 217, 216, 218, 218, 219, 220, 219, 214, 29]","[29, 28, 138, 137, 141, 141, 141, 141, 139, 139, 140, 142, 144, 146, 147, 146, 141, 140, 141, 144, 147, 147, 146, 147, 147, 148, 148, 147, 147, 148, 148, 148, 148, 148, 149, 150, 152, 153, 154, 155, 154, 153, 153, 153, 154, 155, 154, 154, 152, 152, 152, 152, 153, 153, 155, 156, 154, 155, 157, 158, 159, 159, 159, 159, 159, 160, 159, 157, 156, 158, 160, 161, 163, 162, 161, 162, 163, 164, 164, 163, 163, 164, 165, 165, 164, 166, 168, 170, 170, 168, 167, 167, 169, 170, 171, 171, 169, 171, 171, 172, 172, 171, 172, 169, 173, 176, 177, 175, 175, 175, 172, 168, 158, 133, 120, 120, 117, 117, 115, 113, 110, 109, 108, 108, 108, 105, 101, 97, 94, 91, 86, 81, 78, 78, 77, 73, 68, 65, 62, 61, 62, 60, 57, 55, 52, 47, 45, 43, 46, 53, 61, 71, 74, 101, 144, 165, 193, 196, 196, 192, 196, 198, 200, 202, 202, 202, 202, 202, 201, 202, 203, 203, 203, 204, 206, 208, 209, 209, 207, 206, 208, 209, 210, 211, 212, 211, 210, 211, 214, 216, 217, 218, 217, 219, 219, 220, 222, 222, 215, 29]","[30, 29, 139, 138, 139, 137, 137, 138, 139, 138, 139, 141, 144, 146, 146, 145, 146, 141, 139, 141, 145, 147, 147, 146, 146, 148, 149, 147, 147, 147, 147, 146, 148, 148, 149, 151, 152, 152, 152, 153, 151, 153, 154, 155, 155, 154, 152, 151, 153, 153, 153, 154, 154, 154, 155, 157, 154, 154, 155, 158, 159, 160, 160, 160, 161, 161, 160, 160, 160, 162, 164, 166, 165, 164, 163, 164, 166, 166, 165, 164, 167, 169, 169, 169, 169, 170, 171, 171, 172, 171, 170, 170, 171, 173, 173, 173, 174, 175, 172, 173, 173, 173, 176, 174, 176, 180, 181, 178, 179, 181, 178, 173, 157, 135, 119, 119, 115, 117, 117, 116, 115, 113, 110, 109, 109, 106, 102, 99, 96, 91, 86, 81, 77, 77, 76, 72, 71, 65, 61, 60, 62, 60, 57, 54, 51, 46, 46, 47, 49, 54, 60, 68, 72, 100, 132, 161, 191, 192, 196, 197, 197, 199, 201, 203, 203, 203, 203, 203, 203, 204, 205, 204, 202, 203, 206, 208, 209, 210, 209, 208, 210, 211, 211, 211, 211, 211, 211, 213, 215, 217, 217, 216, 215, 217, 218, 219, 221, 222, 216, 29]","[30, 30, 139, 136, 138, 138, 138, 138, 142, 141, 141, 143, 145, 145, 143, 142, 146, 143, 141, 142, 145, 146, 146, 147, 147, 149, 149, 147, 147, 148, 149, 148, 150, 149, 149, 150, 150, 150, 151, 153, 152, 154, 156, 156, 155, 153, 152, 152, 156, 154, 154, 156, 156, 157, 157, 159, 157, 156, 157, 159, 160, 160, 160, 161, 162, 160, 160, 162, 163, 164, 165, 166, 166, 166, 166, 166, 167, 167, 167, 167, 171, 172, 173, 173, 173, 174, 174, 172, 174, 173, 173, 173, 174, 175, 174, 174, 177, 177, 174, 174, 175, 176, 179, 178, 177, 179, 179, 177, 178, 180, 178, 174, 154, 135, 118, 117, 113, 115, 116, 115, 116, 114, 112, 110, 108, 105, 101, 99, 95, 89, 84, 80, 76, 75, 74, 71, 72, 67, 62, 62, 62, 60, 57, 55, 52, 47, 47, 48, 50, 54, 59, 67, 72, 95, 118, 166, 195, 190, 194, 195, 198, 199, 201, 203, 203, 203, 203, 203, 203, 204, 205, 204, 204, 205, 207, 209, 208, 210, 209, 209, 212, 213, 212, 212, 210, 211, 213, 214, 215, 216, 216, 216, 215, 217, 217, 217, 219, 220, 215, 29]","[28, 29, 138, 135, 139, 144, 146, 145, 145, 144, 144, 145, 146, 144, 141, 139, 140, 142, 144, 146, 145, 145, 148, 151, 150, 151, 150, 147, 147, 151, 153, 153, 153, 152, 151, 151, 151, 151, 153, 155, 155, 156, 157, 156, 155, 155, 155, 156, 158, 157, 157, 158, 159, 160, 161, 162, 162, 161, 161, 162, 162, 162, 162, 163, 166, 163, 163, 166, 168, 167, 166, 168, 167, 168, 168, 168, 168, 169, 170, 171, 171, 172, 173, 173, 174, 175, 174, 172, 174, 174, 174, 175, 175, 176, 175, 175, 177, 177, 175, 176, 177, 177, 180, 178, 180, 179, 178, 178, 179, 179, 178, 176, 153, 137, 119, 118, 113, 115, 115, 115, 114, 113, 113, 111, 107, 103, 100, 99, 92, 86, 81, 78, 76, 74, 73, 71, 72, 67, 64, 63, 61, 58, 56, 56, 53, 48, 46, 46, 48, 52, 57, 66, 72, 98, 116, 167, 189, 189, 197, 194, 199, 200, 202, 203, 203, 203, 203, 203, 202, 203, 204, 205, 205, 207, 209, 210, 210, 212, 211, 210, 213, 214, 211, 210, 210, 213, 215, 216, 216, 216, 216, 217, 216, 218, 218, 217, 219, 220, 216, 30]","[28, 31, 143, 138, 142, 143, 144, 151, 147, 145, 145, 146, 147, 147, 146, 145, 142, 144, 145, 146, 147, 150, 151, 151, 152, 152, 146, 141, 146, 151, 153, 155, 154, 152, 152, 154, 153, 152, 155, 160, 159, 160, 161, 160, 159, 158, 158, 159, 161, 159, 158, 159, 162, 164, 166, 167, 165, 166, 165, 162, 161, 162, 164, 165, 168, 165, 163, 165, 167, 168, 169, 171, 169, 171, 171, 169, 169, 171, 173, 172, 172, 172, 172, 173, 173, 172, 173, 175, 177, 174, 172, 171, 173, 175, 175, 175, 178, 178, 178, 179, 179, 178, 178, 179, 177, 180, 179, 178, 178, 179, 179, 171, 153, 126, 117, 117, 115, 117, 115, 116, 115, 112, 111, 108, 104, 101, 99, 96, 90, 85, 79, 75, 73, 72, 70, 69, 70, 70, 66, 61, 59, 60, 57, 52, 51, 47, 45, 46, 47, 49, 56, 64, 64, 95, 116, 160, 188, 192, 196, 194, 199, 201, 202, 201, 202, 203, 204, 203, 203, 205, 206, 206, 205, 206, 209, 212, 212, 211, 211, 211, 212, 213, 213, 211, 211, 213, 215, 216, 216, 216, 217, 218, 220, 219, 219, 219, 220, 221, 216, 29]","[28, 29, 143, 140, 144, 145, 145, 149, 147, 146, 145, 146, 147, 147, 146, 146, 145, 148, 149, 149, 150, 152, 155, 156, 157, 157, 154, 151, 153, 155, 155, 153, 153, 153, 153, 154, 154, 155, 156, 158, 160, 161, 162, 162, 161, 160, 161, 161, 162, 160, 159, 159, 161, 163, 165, 166, 164, 165, 165, 163, 161, 162, 165, 166, 169, 167, 166, 167, 168, 168, 169, 171, 169, 171, 172, 170, 169, 171, 171, 171, 171, 171, 172, 173, 173, 172, 173, 175, 175, 174, 173, 173, 175, 176, 176, 176, 178, 178, 179, 179, 179, 179, 179, 180, 177, 180, 179, 179, 178, 179, 178, 170, 150, 125, 118, 118, 117, 119, 116, 115, 117, 114, 112, 111, 107, 105, 102, 98, 93, 88, 81, 77, 74, 73, 71, 70, 68, 67, 64, 61, 61, 61, 57, 51, 48, 47, 47, 47, 46, 48, 57, 67, 68, 95, 107, 153, 180, 198, 196, 199, 195, 199, 202, 203, 203, 204, 204, 203, 203, 204, 205, 205, 206, 208, 210, 212, 211, 211, 211, 212, 214, 215, 215, 214, 213, 214, 215, 215, 214, 215, 217, 219, 218, 218, 219, 220, 221, 222, 217, 29]","[29, 29, 146, 146, 147, 149, 149, 149, 149, 148, 147, 147, 148, 148, 148, 149, 154, 155, 156, 154, 152, 152, 154, 155, 155, 155, 155, 155, 155, 157, 157, 154, 154, 154, 155, 155, 157, 159, 159, 157, 160, 161, 161, 161, 161, 161, 161, 162, 162, 162, 163, 163, 163, 163, 164, 166, 164, 164, 164, 164, 164, 164, 166, 168, 169, 169, 169, 170, 169, 168, 169, 172, 170, 172, 173, 172, 171, 171, 171, 170, 171, 171, 172, 173, 173, 173, 173, 174, 175, 175, 176, 177, 178, 178, 178, 177, 178, 178, 180, 180, 179, 179, 180, 181, 180, 181, 180, 181, 180, 180, 178, 172, 148, 125, 119, 119, 119, 122, 120, 118, 115, 112, 110, 109, 107, 105, 102, 96, 94, 90, 84, 79, 76, 74, 72, 71, 66, 64, 61, 60, 61, 60, 56, 52, 50, 49, 48, 48, 47, 49, 56, 65, 72, 97, 112, 152, 179, 199, 194, 200, 197, 201, 204, 204, 204, 204, 204, 204, 206, 206, 206, 206, 207, 208, 209, 210, 210, 212, 213, 214, 215, 216, 217, 216, 216, 216, 215, 214, 213, 215, 217, 219, 220, 221, 222, 223, 224, 224, 218, 31]","[29, 29, 149, 151, 150, 151, 152, 149, 151, 150, 149, 149, 149, 149, 151, 153, 155, 156, 156, 155, 154, 155, 157, 158, 161, 158, 158, 158, 155, 156, 158, 155, 154, 154, 155, 157, 159, 160, 159, 158, 161, 161, 161, 161, 160, 160, 160, 160, 161, 164, 166, 168, 167, 165, 164, 165, 165, 164, 165, 166, 165, 164, 165, 168, 169, 169, 170, 171, 171, 170, 170, 172, 169, 171, 173, 173, 172, 172, 171, 171, 172, 172, 172, 173, 174, 175, 175, 176, 176, 177, 178, 180, 180, 179, 179, 179, 179, 180, 181, 181, 179, 179, 180, 182, 182, 181, 180, 182, 182, 181, 179, 173, 155, 130, 120, 117, 117, 121, 119, 117, 114, 112, 110, 108, 106, 105, 102, 97, 92, 89, 84, 80, 77, 75, 74, 72, 68, 63, 60, 59, 60, 59, 57, 55, 52, 49, 47, 49, 51, 53, 57, 61, 71, 92, 117, 144, 182, 197, 195, 200, 201, 203, 205, 204, 203, 203, 205, 207, 208, 208, 208, 209, 209, 209, 209, 209, 212, 213, 215, 215, 215, 216, 217, 217, 218, 217, 216, 215, 215, 216, 218, 219, 220, 222, 223, 223, 223, 223, 216, 28]","[29, 29, 151, 153, 149, 150, 152, 148, 151, 151, 152, 152, 151, 150, 151, 152, 155, 154, 154, 154, 155, 156, 158, 159, 162, 159, 159, 160, 157, 157, 160, 159, 156, 155, 156, 159, 160, 158, 158, 160, 162, 162, 162, 161, 161, 161, 161, 161, 161, 163, 167, 168, 167, 164, 164, 164, 166, 165, 166, 166, 164, 162, 163, 166, 170, 170, 170, 171, 172, 171, 171, 171, 166, 168, 170, 171, 172, 171, 171, 170, 172, 172, 172, 173, 175, 178, 179, 179, 176, 178, 179, 180, 180, 180, 180, 180, 181, 181, 181, 180, 180, 179, 180, 182, 181, 181, 180, 182, 182, 180, 178, 171, 154, 128, 117, 114, 115, 121, 121, 118, 115, 113, 111, 108, 104, 103, 101, 97, 90, 88, 84, 80, 78, 77, 75, 72, 69, 65, 60, 59, 59, 57, 55, 53, 50, 47, 46, 50, 54, 57, 59, 61, 71, 84, 110, 131, 178, 197, 199, 202, 200, 202, 204, 203, 202, 203, 206, 209, 206, 207, 209, 211, 211, 210, 211, 211, 213, 215, 216, 216, 216, 217, 217, 218, 218, 218, 218, 219, 219, 219, 219, 219, 222, 223, 224, 223, 224, 224, 217, 28]","[29, 30, 152, 153, 149, 149, 151, 149, 150, 151, 153, 154, 153, 150, 149, 148, 156, 154, 153, 154, 155, 156, 156, 157, 157, 156, 158, 160, 158, 158, 159, 161, 160, 158, 159, 162, 162, 159, 159, 161, 162, 162, 161, 161, 161, 162, 163, 163, 163, 164, 166, 166, 165, 164, 165, 166, 169, 169, 168, 167, 165, 163, 164, 165, 171, 171, 171, 171, 172, 172, 171, 170, 166, 167, 169, 170, 172, 172, 172, 171, 170, 170, 171, 172, 176, 179, 180, 180, 176, 177, 179, 180, 179, 179, 180, 181, 183, 181, 180, 180, 180, 180, 181, 182, 181, 181, 179, 181, 181, 180, 177, 168, 149, 123, 114, 114, 115, 121, 121, 119, 116, 114, 112, 107, 102, 101, 99, 96, 90, 88, 85, 82, 80, 79, 75, 72, 68, 64, 60, 59, 57, 54, 51, 48, 48, 48, 50, 51, 52, 54, 57, 61, 72, 85, 109, 132, 170, 196, 197, 201, 201, 203, 205, 205, 204, 203, 205, 207, 206, 208, 211, 211, 210, 210, 210, 211, 213, 214, 215, 215, 215, 216, 217, 218, 219, 220, 221, 222, 223, 222, 222, 221, 223, 224, 224, 224, 225, 227, 219, 31]","[29, 30, 151, 151, 150, 151, 152, 151, 152, 152, 153, 154, 153, 151, 150, 149, 152, 151, 151, 153, 155, 156, 158, 159, 160, 160, 160, 161, 160, 156, 156, 159, 162, 161, 162, 164, 164, 162, 161, 162, 161, 161, 161, 161, 162, 163, 164, 165, 166, 166, 166, 166, 165, 165, 166, 167, 170, 171, 171, 169, 167, 167, 168, 168, 172, 171, 171, 171, 171, 172, 172, 172, 170, 170, 170, 172, 174, 175, 174, 173, 171, 171, 172, 174, 177, 180, 180, 179, 176, 177, 179, 180, 180, 180, 180, 180, 182, 181, 179, 180, 182, 182, 181, 181, 182, 183, 181, 181, 180, 179, 175, 165, 150, 125, 116, 115, 114, 116, 115, 114, 117, 116, 114, 109, 104, 103, 102, 97, 91, 89, 86, 82, 81, 80, 77, 72, 65, 63, 60, 57, 55, 53, 50, 47, 49, 51, 51, 50, 48, 49, 55, 61, 70, 87, 110, 136, 164, 194, 196, 199, 203, 204, 206, 207, 205, 203, 203, 205, 209, 210, 211, 211, 210, 210, 211, 212, 214, 215, 215, 214, 215, 216, 218, 218, 219, 220, 221, 222, 223, 223, 223, 224, 222, 223, 223, 223, 225, 226, 219, 29]","[28, 29, 148, 150, 150, 152, 154, 154, 154, 154, 154, 154, 153, 153, 153, 153, 153, 152, 152, 153, 154, 153, 155, 157, 157, 158, 157, 158, 158, 154, 154, 160, 160, 161, 162, 163, 164, 165, 163, 161, 162, 162, 162, 162, 163, 164, 165, 166, 167, 166, 166, 166, 166, 166, 166, 167, 169, 171, 171, 169, 168, 169, 171, 171, 171, 172, 171, 171, 171, 172, 173, 174, 174, 172, 172, 173, 176, 176, 175, 174, 174, 175, 175, 177, 179, 182, 181, 178, 178, 179, 180, 181, 180, 180, 180, 180, 182, 180, 179, 181, 183, 183, 182, 180, 183, 184, 181, 180, 179, 179, 174, 162, 146, 121, 114, 114, 112, 114, 114, 116, 114, 113, 112, 107, 103, 103, 101, 96, 91, 89, 85, 82, 81, 81, 78, 73, 65, 63, 60, 56, 55, 54, 53, 51, 50, 50, 49, 47, 46, 49, 56, 62, 66, 79, 102, 129, 161, 194, 200, 200, 202, 203, 204, 205, 204, 203, 204, 207, 209, 210, 210, 211, 211, 212, 214, 215, 217, 217, 216, 215, 216, 218, 219, 220, 219, 219, 220, 220, 221, 222, 224, 225, 226, 227, 226, 226, 227, 229, 221, 30]","[29, 28, 146, 148, 152, 154, 155, 153, 151, 153, 154, 152, 152, 153, 155, 154, 153, 153, 153, 153, 154, 154, 154, 155, 157, 155, 156, 159, 159, 156, 156, 157, 158, 159, 161, 162, 164, 164, 163, 162, 159, 162, 162, 162, 164, 165, 165, 165, 165, 164, 165, 167, 168, 168, 168, 168, 171, 171, 170, 168, 167, 167, 170, 173, 170, 170, 170, 171, 171, 171, 171, 172, 172, 172, 173, 174, 174, 175, 175, 175, 179, 179, 176, 173, 174, 178, 181, 180, 180, 180, 179, 180, 180, 180, 180, 179, 180, 179, 180, 181, 182, 181, 181, 182, 181, 181, 184, 180, 182, 182, 172, 157, 142, 122, 113, 113, 115, 116, 114, 114, 114, 112, 108, 104, 103, 102, 100, 97, 94, 91, 87, 84, 80, 77, 76, 75, 67, 65, 60, 56, 53, 52, 51, 50, 50, 50, 50, 50, 48, 48, 52, 58, 68, 86, 107, 127, 158, 189, 199, 197, 201, 204, 206, 207, 205, 204, 205, 206, 212, 214, 214, 211, 210, 213, 216, 217, 219, 216, 214, 215, 218, 220, 220, 219, 219, 218, 219, 223, 225, 226, 226, 227, 226, 228, 229, 229, 227, 227, 222, 28]","[29, 29, 148, 151, 153, 153, 152, 150, 151, 153, 154, 152, 152, 153, 154, 153, 152, 151, 151, 153, 154, 154, 155, 156, 156, 155, 157, 160, 161, 159, 158, 159, 159, 161, 162, 163, 164, 164, 162, 161, 159, 162, 163, 163, 165, 165, 165, 166, 166, 165, 165, 166, 167, 167, 168, 168, 171, 171, 171, 169, 166, 165, 168, 171, 170, 170, 170, 171, 171, 171, 171, 171, 171, 171, 171, 172, 173, 174, 175, 175, 175, 177, 177, 175, 175, 178, 178, 177, 179, 179, 179, 179, 180, 181, 181, 181, 180, 179, 180, 182, 182, 181, 181, 182, 183, 182, 183, 178, 179, 177, 171, 153, 129, 113, 107, 109, 112, 115, 115, 115, 111, 109, 106, 103, 102, 102, 99, 96, 93, 90, 86, 83, 80, 75, 70, 67, 66, 64, 61, 57, 54, 53, 51, 49, 49, 50, 49, 48, 47, 48, 53, 59, 68, 80, 101, 126, 149, 185, 197, 199, 204, 206, 208, 208, 207, 206, 207, 208, 211, 213, 213, 212, 212, 214, 216, 217, 216, 216, 216, 217, 218, 219, 219, 219, 221, 220, 220, 223, 225, 226, 226, 226, 228, 229, 228, 228, 227, 229, 224, 30]","[29, 30, 150, 152, 152, 151, 150, 148, 151, 153, 153, 152, 152, 153, 153, 153, 152, 151, 151, 153, 155, 156, 157, 158, 156, 156, 159, 162, 162, 160, 159, 160, 160, 162, 163, 163, 163, 162, 161, 160, 161, 165, 165, 165, 166, 166, 166, 167, 168, 167, 166, 166, 166, 167, 168, 169, 171, 172, 172, 170, 166, 164, 167, 170, 172, 171, 171, 172, 173, 173, 172, 172, 171, 171, 172, 172, 173, 174, 175, 176, 177, 179, 180, 178, 178, 179, 180, 179, 178, 178, 178, 178, 179, 180, 181, 181, 180, 180, 181, 182, 182, 182, 181, 182, 183, 184, 184, 182, 181, 181, 178, 156, 129, 117, 113, 114, 114, 116, 115, 114, 110, 108, 104, 102, 102, 102, 100, 97, 94, 88, 84, 81, 78, 71, 65, 62, 66, 64, 60, 57, 54, 52, 50, 48, 47, 48, 49, 48, 48, 51, 57, 62, 74, 81, 101, 126, 138, 179, 191, 196, 206, 207, 209, 209, 208, 208, 209, 210, 211, 214, 215, 215, 215, 216, 217, 216, 212, 214, 216, 218, 218, 219, 220, 220, 224, 223, 224, 226, 228, 229, 229, 229, 230, 230, 229, 231, 231, 233, 225, 29]","[29, 30, 150, 151, 150, 150, 150, 150, 151, 152, 153, 153, 153, 154, 155, 155, 154, 153, 153, 155, 157, 158, 158, 158, 158, 159, 161, 162, 161, 159, 158, 159, 161, 162, 163, 163, 162, 162, 162, 161, 164, 167, 166, 165, 166, 166, 166, 167, 168, 167, 166, 166, 167, 167, 169, 171, 171, 172, 173, 171, 169, 167, 169, 172, 173, 172, 172, 173, 174, 174, 173, 173, 173, 173, 173, 174, 174, 175, 176, 177, 176, 178, 179, 178, 178, 179, 178, 177, 177, 177, 177, 178, 179, 179, 180, 180, 180, 180, 180, 181, 181, 181, 181, 181, 184, 185, 185, 184, 182, 180, 177, 150, 125, 116, 115, 115, 114, 116, 116, 115, 112, 108, 104, 101, 101, 101, 100, 98, 94, 88, 82, 80, 78, 72, 68, 66, 69, 66, 61, 57, 54, 53, 50, 47, 46, 48, 48, 47, 48, 51, 57, 60, 75, 83, 98, 115, 130, 178, 197, 206, 206, 207, 208, 209, 209, 210, 211, 212, 213, 215, 216, 216, 217, 217, 216, 215, 211, 213, 216, 218, 219, 219, 220, 220, 222, 222, 224, 226, 227, 229, 229, 229, 232, 232, 232, 233, 234, 235, 225, 28]","[29, 30, 149, 150, 150, 151, 152, 152, 152, 153, 154, 154, 154, 155, 156, 156, 155, 154, 155, 157, 159, 159, 158, 157, 159, 159, 160, 161, 159, 157, 157, 158, 161, 163, 164, 163, 162, 163, 164, 165, 166, 167, 165, 163, 165, 166, 165, 165, 167, 166, 166, 167, 168, 168, 170, 171, 172, 172, 173, 173, 172, 171, 172, 173, 172, 171, 171, 172, 173, 172, 172, 172, 172, 173, 174, 174, 174, 175, 176, 177, 175, 176, 178, 179, 180, 180, 178, 175, 177, 177, 178, 179, 180, 180, 180, 180, 180, 181, 181, 180, 181, 181, 182, 182, 183, 184, 185, 184, 182, 179, 176, 149, 123, 116, 115, 114, 113, 115, 115, 113, 112, 108, 104, 102, 101, 100, 98, 96, 93, 88, 83, 82, 80, 77, 74, 74, 74, 69, 61, 56, 54, 53, 52, 50, 47, 48, 48, 48, 47, 49, 52, 55, 64, 82, 99, 108, 131, 178, 200, 209, 205, 207, 208, 209, 210, 211, 213, 214, 214, 215, 216, 216, 216, 217, 216, 215, 215, 216, 218, 219, 219, 220, 220, 220, 222, 223, 224, 226, 228, 229, 230, 229, 233, 233, 232, 233, 233, 234, 226, 31]","[29, 30, 150, 151, 152, 152, 152, 152, 152, 152, 153, 153, 154, 154, 154, 154, 154, 154, 155, 158, 159, 159, 158, 157, 157, 158, 158, 159, 158, 158, 158, 160, 160, 162, 162, 162, 162, 163, 164, 165, 167, 167, 164, 163, 165, 166, 165, 165, 166, 165, 166, 167, 169, 169, 170, 170, 171, 171, 171, 171, 171, 170, 170, 171, 171, 171, 171, 172, 172, 172, 171, 172, 172, 173, 174, 175, 175, 176, 177, 178, 179, 177, 176, 176, 178, 180, 180, 179, 177, 178, 179, 180, 181, 181, 181, 181, 183, 183, 183, 183, 183, 184, 184, 184, 184, 184, 185, 183, 183, 182, 177, 153, 130, 121, 119, 117, 115, 115, 113, 111, 111, 108, 105, 104, 102, 100, 96, 94, 89, 86, 83, 82, 82, 80, 77, 75, 72, 67, 60, 54, 52, 52, 52, 52, 48, 47, 47, 48, 48, 48, 51, 54, 60, 82, 100, 105, 129, 167, 194, 203, 204, 207, 210, 211, 211, 212, 214, 217, 216, 216, 217, 217, 217, 217, 217, 217, 218, 218, 218, 219, 221, 223, 223, 222, 225, 226, 227, 228, 230, 231, 232, 231, 228, 230, 232, 235, 236, 235, 227, 29]","[29, 29, 148, 150, 151, 152, 152, 151, 152, 151, 152, 153, 153, 153, 153, 153, 153, 154, 156, 158, 159, 158, 158, 157, 157, 157, 158, 158, 158, 159, 160, 160, 159, 160, 161, 161, 161, 162, 163, 164, 165, 166, 165, 164, 167, 167, 167, 167, 166, 166, 167, 169, 170, 170, 170, 170, 171, 171, 171, 171, 169, 168, 169, 170, 171, 172, 173, 173, 173, 172, 172, 173, 173, 174, 175, 175, 175, 176, 178, 179, 180, 177, 175, 174, 175, 177, 178, 179, 177, 178, 180, 181, 181, 181, 182, 182, 183, 185, 186, 185, 186, 186, 186, 185, 187, 186, 187, 183, 183, 180, 170, 150, 130, 120, 118, 118, 116, 116, 113, 111, 109, 107, 104, 103, 101, 98, 96, 95, 89, 87, 83, 81, 80, 80, 75, 70, 67, 64, 59, 52, 48, 48, 50, 53, 49, 47, 46, 48, 48, 49, 52, 58, 65, 80, 92, 98, 116, 150, 192, 208, 204, 208, 213, 214, 213, 212, 215, 218, 219, 219, 219, 219, 219, 219, 219, 219, 218, 218, 218, 220, 222, 224, 225, 225, 223, 225, 227, 227, 229, 231, 232, 231, 229, 231, 233, 237, 237, 236, 226, 28]","[29, 28, 146, 148, 149, 151, 151, 150, 152, 151, 152, 153, 154, 154, 154, 154, 154, 155, 156, 158, 159, 158, 158, 158, 158, 158, 158, 158, 159, 159, 160, 160, 159, 161, 162, 162, 162, 162, 162, 162, 163, 165, 165, 165, 167, 168, 167, 168, 168, 167, 168, 170, 171, 172, 171, 171, 171, 172, 173, 172, 170, 168, 169, 171, 171, 172, 173, 174, 173, 172, 172, 173, 174, 174, 175, 175, 175, 175, 177, 179, 179, 179, 180, 180, 180, 179, 178, 177, 178, 179, 180, 180, 180, 180, 181, 181, 182, 184, 185, 185, 186, 186, 185, 183, 186, 185, 188, 185, 187, 183, 170, 152, 132, 120, 118, 118, 116, 115, 111, 109, 108, 105, 102, 100, 98, 96, 96, 96, 92, 89, 83, 79, 79, 79, 74, 67, 63, 63, 59, 52, 46, 45, 49, 53, 53, 48, 46, 47, 47, 47, 51, 57, 66, 76, 90, 103, 112, 140, 186, 205, 203, 209, 214, 215, 213, 212, 215, 218, 220, 220, 220, 220, 220, 219, 218, 219, 220, 219, 219, 220, 222, 223, 223, 223, 224, 226, 228, 229, 231, 233, 234, 234, 237, 235, 233, 233, 234, 235, 228, 31]","[30, 27, 144, 146, 148, 150, 150, 149, 152, 151, 152, 153, 153, 153, 153, 154, 154, 155, 157, 158, 158, 157, 157, 157, 158, 159, 159, 159, 159, 159, 160, 160, 159, 162, 163, 162, 162, 163, 162, 160, 162, 165, 166, 166, 164, 165, 167, 169, 167, 167, 168, 168, 169, 170, 169, 168, 169, 171, 172, 172, 171, 171, 171, 172, 171, 174, 174, 173, 175, 178, 178, 176, 176, 177, 175, 175, 177, 178, 178, 180, 179, 179, 179, 180, 180, 179, 179, 179, 179, 181, 180, 178, 180, 181, 183, 186, 184, 185, 186, 187, 187, 188, 188, 189, 189, 186, 188, 187, 186, 178, 170, 157, 137, 122, 118, 115, 115, 112, 111, 108, 107, 106, 104, 101, 99, 98, 97, 96, 94, 89, 83, 80, 78, 78, 74, 68, 64, 60, 56, 52, 49, 48, 49, 50, 51, 51, 50, 50, 52, 57, 58, 58, 60, 72, 88, 101, 111, 138, 180, 207, 207, 210, 217, 215, 219, 217, 217, 217, 220, 221, 221, 221, 221, 221, 220, 218, 219, 219, 219, 220, 220, 221, 223, 225, 225, 226, 229, 232, 233, 232, 232, 232, 233, 233, 231, 233, 233, 237, 230, 29]","[29, 28, 147, 148, 149, 149, 150, 150, 151, 151, 151, 152, 153, 153, 154, 154, 155, 156, 157, 158, 158, 157, 157, 157, 158, 158, 158, 158, 158, 160, 161, 161, 160, 162, 162, 161, 161, 163, 163, 161, 163, 164, 165, 164, 164, 165, 167, 168, 167, 167, 167, 167, 167, 168, 168, 167, 166, 167, 169, 170, 171, 171, 171, 172, 173, 174, 175, 174, 175, 176, 175, 173, 172, 174, 175, 176, 178, 178, 176, 177, 179, 179, 179, 180, 180, 179, 178, 178, 181, 182, 180, 177, 178, 179, 180, 183, 186, 187, 188, 188, 188, 188, 187, 188, 188, 186, 189, 187, 186, 182, 172, 151, 132, 116, 113, 113, 115, 112, 111, 110, 107, 108, 107, 105, 103, 101, 98, 96, 90, 87, 83, 80, 78, 77, 74, 69, 66, 62, 57, 53, 51, 51, 51, 52, 50, 50, 48, 47, 50, 55, 59, 60, 59, 69, 83, 97, 109, 130, 169, 204, 218, 213, 215, 217, 222, 219, 219, 220, 218, 220, 222, 222, 222, 222, 220, 219, 219, 219, 219, 220, 221, 223, 225, 226, 228, 228, 230, 233, 233, 232, 232, 233, 236, 237, 235, 236, 235, 236, 228, 27]","[28, 29, 150, 151, 150, 150, 151, 152, 152, 151, 150, 151, 153, 153, 154, 154, 155, 156, 158, 159, 159, 158, 157, 157, 158, 158, 157, 157, 158, 159, 161, 161, 161, 162, 162, 161, 161, 163, 164, 163, 163, 163, 163, 162, 163, 165, 165, 165, 165, 166, 167, 168, 169, 170, 170, 171, 168, 168, 168, 170, 170, 170, 171, 171, 173, 173, 174, 174, 174, 173, 172, 172, 172, 175, 177, 178, 180, 179, 176, 176, 178, 179, 180, 180, 180, 179, 178, 177, 184, 185, 184, 181, 182, 182, 183, 185, 187, 187, 188, 189, 188, 187, 186, 187, 188, 187, 190, 187, 187, 186, 175, 144, 131, 116, 113, 113, 115, 112, 110, 108, 107, 109, 109, 107, 105, 102, 99, 95, 92, 89, 86, 83, 80, 79, 76, 72, 65, 62, 58, 56, 55, 53, 51, 51, 49, 48, 47, 46, 49, 54, 58, 60, 61, 70, 81, 97, 111, 122, 154, 197, 218, 211, 213, 216, 219, 216, 218, 219, 217, 220, 223, 223, 222, 221, 221, 220, 220, 221, 222, 222, 222, 224, 225, 226, 229, 229, 230, 232, 233, 233, 234, 235, 236, 238, 237, 238, 236, 237, 230, 29]","[28, 30, 151, 153, 152, 151, 152, 154, 155, 153, 151, 152, 154, 154, 154, 154, 154, 155, 157, 158, 159, 159, 158, 158, 158, 157, 157, 158, 158, 159, 159, 159, 161, 162, 162, 162, 162, 164, 166, 166, 163, 162, 161, 162, 165, 166, 166, 164, 168, 169, 170, 170, 170, 169, 169, 169, 170, 169, 168, 169, 171, 171, 171, 172, 172, 172, 173, 175, 174, 172, 173, 174, 177, 179, 179, 179, 180, 179, 178, 178, 179, 179, 180, 180, 180, 180, 179, 179, 181, 184, 184, 184, 185, 184, 184, 185, 187, 187, 188, 189, 189, 187, 187, 188, 189, 188, 190, 187, 186, 187, 177, 142, 130, 117, 116, 116, 116, 111, 109, 108, 108, 110, 109, 105, 102, 101, 99, 95, 95, 91, 87, 82, 79, 77, 74, 69, 63, 61, 59, 59, 57, 54, 49, 46, 47, 46, 47, 48, 50, 53, 55, 57, 66, 72, 76, 88, 104, 112, 142, 192, 210, 213, 216, 218, 217, 218, 222, 220, 220, 222, 223, 222, 222, 222, 222, 221, 219, 222, 224, 223, 223, 224, 226, 226, 229, 229, 230, 232, 234, 235, 236, 237, 236, 237, 235, 236, 235, 237, 231, 31]","[29, 30, 150, 153, 153, 153, 154, 155, 157, 154, 153, 154, 156, 157, 156, 156, 154, 155, 156, 158, 159, 159, 159, 158, 158, 157, 158, 160, 161, 160, 159, 159, 162, 162, 162, 162, 163, 164, 165, 165, 163, 163, 163, 164, 168, 169, 168, 166, 166, 167, 169, 171, 170, 169, 169, 169, 168, 167, 168, 171, 173, 173, 173, 173, 173, 173, 174, 175, 174, 173, 174, 177, 179, 180, 179, 178, 180, 179, 178, 179, 179, 179, 180, 180, 180, 181, 181, 181, 181, 184, 185, 185, 186, 186, 185, 186, 187, 187, 187, 189, 188, 187, 188, 189, 189, 188, 187, 186, 184, 184, 177, 145, 123, 113, 115, 116, 117, 113, 112, 110, 110, 110, 108, 104, 102, 101, 99, 96, 97, 93, 88, 84, 81, 79, 74, 67, 63, 61, 60, 59, 57, 53, 49, 46, 45, 45, 45, 48, 49, 50, 52, 54, 62, 69, 75, 85, 103, 112, 137, 185, 201, 210, 214, 217, 215, 216, 219, 217, 222, 223, 223, 223, 223, 223, 221, 218, 216, 220, 223, 224, 224, 225, 228, 230, 230, 231, 232, 233, 234, 235, 236, 236, 237, 237, 235, 236, 236, 237, 230, 29]","[29, 29, 149, 152, 153, 154, 155, 156, 155, 154, 153, 154, 156, 157, 157, 157, 155, 156, 157, 158, 159, 159, 158, 158, 158, 158, 160, 163, 163, 162, 160, 160, 161, 161, 161, 161, 161, 162, 162, 162, 163, 163, 164, 166, 169, 170, 169, 167, 163, 163, 166, 170, 171, 171, 171, 172, 169, 168, 170, 175, 177, 175, 173, 172, 174, 173, 174, 174, 174, 173, 174, 177, 178, 179, 179, 179, 180, 180, 179, 180, 179, 180, 180, 180, 181, 181, 182, 182, 185, 188, 188, 187, 187, 187, 187, 188, 187, 186, 186, 188, 187, 186, 187, 189, 190, 189, 187, 187, 185, 181, 177, 149, 118, 111, 115, 115, 117, 115, 114, 112, 109, 109, 107, 105, 102, 100, 98, 96, 94, 91, 88, 87, 85, 82, 75, 66, 65, 63, 61, 59, 57, 54, 51, 50, 47, 45, 45, 47, 49, 49, 51, 54, 56, 65, 75, 83, 99, 111, 134, 177, 200, 211, 212, 219, 219, 218, 219, 220, 222, 222, 222, 222, 223, 222, 219, 214, 216, 219, 222, 225, 225, 225, 228, 230, 231, 232, 232, 232, 233, 234, 234, 233, 236, 237, 237, 240, 240, 240, 231, 28]","[29, 29, 150, 152, 153, 154, 155, 155, 154, 153, 153, 154, 156, 157, 157, 157, 157, 157, 157, 158, 158, 158, 158, 157, 160, 159, 161, 164, 164, 162, 161, 162, 160, 160, 160, 160, 161, 161, 161, 162, 162, 163, 164, 166, 168, 169, 168, 167, 167, 166, 167, 170, 171, 170, 170, 171, 172, 171, 172, 176, 177, 175, 173, 172, 174, 174, 174, 174, 174, 174, 174, 175, 177, 179, 179, 179, 181, 180, 179, 180, 179, 180, 180, 181, 181, 181, 181, 181, 184, 186, 187, 186, 186, 186, 186, 187, 187, 186, 186, 188, 188, 186, 187, 189, 192, 193, 189, 188, 187, 180, 175, 149, 120, 114, 117, 115, 117, 117, 115, 110, 108, 107, 106, 105, 103, 99, 97, 96, 90, 87, 86, 85, 84, 81, 74, 65, 65, 64, 63, 61, 58, 54, 52, 52, 50, 47, 46, 48, 50, 49, 50, 53, 56, 61, 70, 73, 82, 97, 124, 165, 187, 207, 210, 217, 218, 217, 218, 221, 222, 222, 221, 221, 222, 222, 219, 216, 219, 219, 221, 225, 227, 226, 227, 229, 231, 232, 232, 232, 233, 234, 234, 233, 235, 238, 238, 242, 241, 241, 232, 30]","[28, 29, 150, 153, 153, 153, 154, 154, 155, 154, 154, 155, 157, 157, 157, 157, 158, 158, 157, 158, 158, 159, 158, 158, 161, 160, 161, 163, 163, 161, 161, 162, 161, 160, 161, 161, 162, 163, 164, 165, 163, 164, 166, 166, 167, 168, 168, 168, 168, 166, 167, 169, 171, 170, 170, 171, 172, 170, 170, 173, 175, 174, 174, 175, 175, 176, 176, 176, 175, 175, 176, 176, 178, 179, 178, 178, 179, 179, 178, 179, 179, 179, 180, 181, 181, 181, 181, 180, 182, 186, 187, 187, 188, 188, 187, 187, 188, 186, 188, 190, 190, 188, 189, 191, 192, 196, 191, 189, 188, 179, 172, 146, 123, 117, 118, 115, 117, 118, 116, 109, 109, 107, 105, 105, 102, 98, 97, 98, 93, 90, 88, 86, 85, 83, 77, 69, 64, 65, 65, 63, 59, 54, 51, 50, 51, 47, 46, 49, 50, 48, 48, 50, 53, 59, 73, 76, 79, 88, 110, 146, 175, 207, 214, 217, 218, 220, 221, 224, 225, 224, 222, 221, 222, 224, 223, 221, 219, 217, 219, 225, 229, 228, 228, 230, 231, 232, 232, 232, 234, 236, 237, 236, 236, 239, 239, 241, 239, 238, 230, 29]","[30, 28, 153, 153, 155, 154, 155, 155, 156, 154, 153, 154, 155, 156, 155, 154, 156, 157, 157, 157, 158, 159, 160, 162, 160, 160, 160, 161, 162, 163, 162, 161, 161, 163, 166, 166, 164, 163, 163, 164, 162, 162, 163, 164, 166, 167, 168, 169, 167, 167, 168, 169, 170, 170, 171, 172, 172, 171, 172, 174, 175, 174, 174, 175, 175, 175, 176, 176, 177, 178, 179, 180, 178, 178, 179, 180, 180, 179, 179, 178, 179, 179, 180, 182, 182, 182, 181, 181, 182, 185, 186, 186, 186, 187, 187, 186, 187, 186, 187, 189, 190, 189, 189, 190, 194, 192, 190, 190, 186, 180, 175, 142, 123, 120, 114, 115, 117, 114, 111, 109, 107, 105, 102, 102, 102, 100, 98, 97, 93, 86, 82, 82, 83, 81, 74, 66, 65, 64, 63, 61, 58, 54, 49, 45, 44, 46, 47, 47, 47, 47, 47, 47, 50, 59, 67, 75, 82, 88, 109, 137, 157, 200, 210, 216, 221, 219, 218, 220, 222, 222, 222, 221, 219, 219, 221, 224, 219, 219, 223, 229, 230, 227, 226, 227, 230, 233, 235, 235, 233, 234, 235, 237, 239, 238, 239, 240, 240, 240, 232, 28]","[29, 28, 153, 153, 154, 153, 154, 154, 154, 154, 154, 154, 155, 155, 155, 155, 156, 156, 157, 158, 159, 159, 158, 158, 159, 160, 160, 161, 162, 163, 162, 161, 162, 164, 165, 165, 163, 162, 163, 164, 162, 163, 163, 164, 166, 167, 168, 169, 170, 170, 169, 169, 169, 169, 170, 170, 172, 172, 173, 174, 175, 174, 174, 175, 174, 175, 176, 177, 178, 178, 179, 179, 179, 180, 180, 180, 180, 179, 179, 179, 179, 180, 182, 183, 184, 184, 183, 183, 183, 185, 186, 187, 188, 189, 188, 187, 188, 187, 187, 188, 188, 188, 189, 191, 192, 190, 188, 190, 188, 183, 176, 143, 112, 117, 117, 115, 115, 114, 112, 108, 108, 106, 105, 104, 103, 101, 99, 97, 95, 89, 85, 83, 82, 80, 73, 65, 65, 64, 61, 57, 53, 49, 47, 45, 45, 46, 46, 45, 45, 46, 48, 49, 47, 53, 60, 66, 71, 78, 98, 125, 149, 194, 208, 218, 217, 217, 222, 224, 224, 223, 222, 221, 220, 219, 220, 222, 220, 220, 223, 227, 228, 227, 228, 230, 230, 233, 235, 236, 235, 235, 236, 237, 239, 238, 239, 240, 241, 239, 233, 28]","[29, 28, 154, 153, 154, 153, 155, 155, 154, 154, 154, 154, 155, 156, 157, 157, 158, 157, 156, 158, 160, 161, 159, 157, 159, 159, 160, 161, 161, 161, 161, 160, 162, 163, 165, 164, 163, 162, 163, 165, 164, 165, 167, 167, 168, 168, 169, 170, 170, 169, 168, 168, 168, 169, 170, 171, 171, 172, 173, 174, 174, 173, 173, 174, 174, 175, 176, 177, 178, 179, 178, 178, 178, 178, 179, 179, 178, 179, 179, 180, 181, 182, 183, 185, 186, 185, 185, 185, 184, 185, 186, 187, 189, 191, 190, 188, 189, 189, 189, 189, 189, 190, 191, 193, 195, 191, 188, 189, 189, 185, 177, 145, 118, 115, 113, 115, 115, 113, 111, 110, 108, 107, 105, 103, 101, 98, 97, 96, 96, 90, 85, 83, 80, 77, 72, 67, 66, 64, 61, 56, 51, 47, 46, 46, 45, 44, 43, 41, 41, 43, 46, 49, 50, 54, 59, 64, 71, 79, 100, 124, 142, 182, 201, 218, 216, 217, 224, 223, 225, 223, 222, 222, 223, 223, 224, 224, 227, 226, 226, 228, 228, 228, 229, 231, 230, 232, 235, 235, 236, 236, 237, 237, 239, 238, 239, 240, 241, 241, 234, 29]","[30, 29, 154, 154, 154, 153, 155, 155, 155, 154, 154, 154, 156, 158, 159, 160, 160, 158, 156, 156, 159, 161, 161, 160, 162, 162, 162, 162, 163, 162, 162, 163, 160, 163, 165, 165, 165, 164, 165, 166, 166, 168, 169, 170, 169, 169, 169, 169, 169, 168, 167, 167, 168, 170, 172, 173, 171, 172, 173, 173, 173, 172, 172, 173, 174, 175, 176, 178, 179, 179, 179, 179, 176, 177, 177, 177, 177, 178, 180, 182, 183, 183, 183, 184, 185, 185, 186, 187, 185, 185, 186, 188, 190, 191, 190, 188, 188, 189, 190, 191, 192, 193, 193, 193, 194, 191, 188, 188, 187, 181, 170, 140, 123, 114, 112, 114, 114, 112, 109, 112, 109, 107, 105, 102, 98, 95, 94, 95, 94, 88, 83, 80, 77, 75, 73, 70, 64, 63, 61, 57, 52, 48, 46, 45, 45, 44, 42, 41, 41, 42, 45, 48, 53, 56, 59, 63, 69, 78, 98, 119, 137, 168, 197, 215, 216, 218, 224, 221, 224, 223, 222, 223, 225, 226, 226, 226, 227, 227, 227, 227, 227, 227, 228, 229, 231, 232, 234, 235, 236, 237, 237, 237, 239, 239, 240, 240, 242, 242, 235, 29]","[29, 29, 154, 154, 154, 153, 155, 155, 157, 155, 153, 153, 156, 159, 160, 160, 159, 158, 156, 156, 158, 160, 161, 161, 161, 160, 160, 161, 161, 161, 162, 162, 160, 163, 166, 168, 167, 166, 166, 166, 165, 167, 169, 170, 169, 168, 167, 167, 170, 170, 169, 169, 169, 170, 171, 172, 171, 172, 173, 173, 172, 172, 173, 174, 176, 176, 177, 178, 179, 179, 179, 179, 178, 179, 179, 179, 178, 179, 181, 182, 183, 182, 181, 182, 183, 184, 185, 187, 186, 185, 186, 188, 190, 190, 189, 187, 188, 188, 189, 190, 192, 194, 193, 192, 192, 191, 193, 192, 189, 180, 168, 140, 117, 114, 116, 113, 110, 111, 110, 110, 110, 110, 108, 104, 99, 95, 94, 94, 90, 86, 82, 79, 76, 74, 73, 70, 63, 61, 58, 56, 53, 50, 46, 43, 45, 45, 44, 45, 44, 44, 46, 49, 54, 55, 56, 59, 63, 71, 87, 103, 128, 153, 195, 211, 215, 218, 223, 224, 225, 224, 224, 224, 224, 224, 224, 224, 224, 226, 227, 228, 229, 229, 230, 230, 232, 233, 234, 235, 236, 238, 238, 238, 240, 240, 240, 241, 243, 242, 236, 29]","[29, 29, 154, 154, 154, 153, 155, 155, 159, 156, 153, 154, 157, 159, 160, 159, 159, 159, 159, 159, 159, 160, 161, 161, 160, 159, 158, 160, 162, 162, 162, 163, 162, 165, 168, 169, 168, 166, 166, 166, 166, 168, 170, 170, 170, 169, 168, 168, 171, 171, 171, 171, 170, 170, 171, 172, 172, 173, 174, 173, 173, 175, 176, 176, 177, 177, 178, 178, 178, 179, 180, 180, 181, 181, 181, 180, 179, 179, 180, 180, 183, 181, 180, 180, 181, 183, 185, 187, 186, 186, 186, 188, 190, 189, 188, 188, 189, 189, 188, 189, 191, 193, 194, 193, 194, 193, 194, 192, 189, 182, 171, 148, 124, 114, 115, 113, 110, 110, 109, 111, 110, 109, 108, 105, 100, 95, 92, 91, 88, 85, 83, 81, 77, 74, 71, 67, 63, 60, 56, 54, 53, 51, 47, 44, 44, 44, 45, 46, 46, 45, 46, 48, 52, 52, 56, 60, 64, 72, 86, 99, 117, 139, 179, 201, 214, 219, 221, 225, 225, 225, 225, 225, 225, 224, 224, 225, 224, 227, 229, 229, 230, 231, 231, 230, 232, 234, 235, 235, 236, 237, 238, 239, 240, 241, 242, 241, 243, 243, 236, 29]","[30, 29, 155, 154, 154, 153, 155, 155, 157, 155, 154, 155, 158, 160, 160, 159, 161, 161, 162, 162, 161, 161, 161, 162, 165, 163, 162, 165, 167, 166, 166, 166, 164, 166, 168, 169, 167, 166, 166, 167, 168, 168, 169, 170, 171, 171, 171, 171, 171, 171, 172, 171, 170, 170, 171, 173, 172, 174, 174, 174, 175, 177, 178, 178, 178, 178, 178, 178, 179, 179, 180, 180, 181, 181, 181, 181, 180, 180, 179, 179, 184, 182, 181, 181, 181, 182, 183, 184, 186, 186, 187, 189, 190, 189, 189, 189, 189, 190, 191, 190, 191, 192, 193, 193, 194, 191, 190, 187, 186, 180, 169, 148, 131, 113, 112, 115, 113, 111, 108, 113, 109, 107, 104, 101, 98, 94, 91, 90, 89, 85, 82, 80, 77, 74, 70, 66, 64, 61, 58, 57, 56, 54, 50, 47, 44, 43, 44, 45, 44, 43, 44, 47, 48, 49, 54, 60, 65, 74, 87, 97, 107, 131, 157, 190, 209, 217, 219, 223, 224, 224, 225, 226, 226, 226, 226, 226, 224, 226, 227, 226, 226, 228, 229, 228, 232, 234, 235, 235, 236, 237, 238, 238, 240, 241, 243, 242, 243, 243, 236, 29]","[29, 28, 154, 153, 153, 152, 154, 155, 154, 154, 154, 156, 158, 160, 160, 159, 162, 162, 162, 161, 161, 161, 162, 162, 165, 163, 162, 165, 167, 166, 164, 163, 165, 167, 168, 167, 166, 166, 167, 169, 167, 167, 167, 168, 169, 171, 172, 173, 172, 172, 172, 171, 169, 168, 169, 171, 172, 173, 174, 174, 176, 178, 179, 178, 178, 178, 178, 179, 179, 179, 180, 180, 180, 180, 181, 181, 182, 181, 181, 180, 185, 184, 183, 182, 181, 181, 181, 182, 186, 186, 188, 190, 190, 189, 189, 190, 188, 191, 193, 192, 191, 192, 192, 192, 194, 192, 192, 190, 190, 183, 167, 143, 121, 111, 116, 116, 112, 113, 110, 111, 111, 107, 102, 98, 95, 93, 92, 93, 90, 84, 80, 77, 75, 73, 71, 68, 64, 62, 61, 60, 59, 56, 51, 47, 47, 45, 45, 45, 44, 42, 44, 47, 49, 50, 55, 60, 63, 71, 83, 91, 99, 130, 146, 186, 202, 212, 217, 224, 225, 224, 224, 226, 227, 226, 225, 225, 225, 228, 228, 226, 227, 231, 233, 233, 233, 235, 236, 237, 237, 238, 238, 239, 240, 242, 243, 242, 242, 242, 236, 29]","[29, 29, 154, 153, 153, 151, 152, 154, 153, 154, 156, 157, 159, 161, 160, 159, 161, 161, 162, 162, 162, 162, 162, 162, 164, 163, 161, 162, 164, 167, 167, 165, 167, 168, 168, 166, 166, 168, 169, 168, 166, 167, 169, 171, 172, 172, 171, 171, 171, 171, 171, 171, 169, 167, 168, 172, 171, 171, 173, 175, 176, 177, 176, 177, 177, 179, 178, 177, 178, 179, 178, 179, 180, 181, 180, 180, 182, 182, 181, 181, 186, 185, 184, 182, 180, 181, 184, 187, 189, 188, 190, 192, 192, 189, 189, 191, 189, 191, 192, 192, 190, 190, 191, 193, 193, 198, 189, 189, 188, 185, 165, 142, 122, 113, 113, 113, 113, 114, 111, 113, 110, 105, 101, 98, 97, 96, 94, 90, 90, 82, 77, 75, 72, 73, 71, 66, 60, 58, 62, 64, 59, 52, 50, 50, 49, 47, 45, 45, 44, 43, 45, 46, 52, 51, 54, 60, 64, 67, 77, 89, 106, 126, 136, 171, 205, 206, 218, 218, 225, 226, 227, 228, 228, 227, 226, 225, 224, 228, 229, 227, 227, 230, 232, 233, 233, 234, 236, 237, 237, 237, 238, 239, 240, 241, 243, 242, 242, 242, 236, 29]","[29, 29, 154, 153, 154, 152, 153, 155, 154, 155, 157, 159, 161, 161, 160, 159, 161, 162, 162, 163, 163, 164, 164, 164, 163, 163, 163, 163, 165, 166, 167, 167, 166, 167, 167, 167, 167, 169, 170, 171, 167, 167, 168, 169, 171, 171, 171, 171, 172, 171, 172, 172, 170, 167, 167, 169, 170, 170, 171, 173, 174, 174, 174, 174, 176, 178, 179, 178, 179, 179, 179, 181, 180, 181, 180, 181, 184, 184, 182, 182, 184, 185, 186, 185, 184, 184, 187, 190, 189, 189, 190, 191, 190, 188, 189, 191, 190, 191, 192, 192, 191, 191, 192, 194, 193, 194, 192, 193, 187, 184, 165, 140, 122, 114, 113, 113, 113, 113, 110, 111, 112, 107, 103, 100, 98, 97, 95, 91, 87, 81, 78, 76, 72, 71, 69, 65, 60, 58, 60, 61, 56, 50, 47, 46, 45, 45, 44, 44, 44, 45, 48, 51, 51, 50, 53, 60, 67, 70, 72, 74, 88, 113, 131, 163, 190, 205, 216, 223, 225, 226, 227, 228, 228, 226, 223, 221, 225, 226, 228, 229, 230, 231, 231, 232, 233, 234, 236, 237, 238, 238, 238, 238, 241, 242, 243, 242, 242, 242, 236, 29]","[29, 29, 154, 153, 155, 154, 155, 156, 155, 155, 157, 160, 161, 160, 159, 159, 160, 160, 161, 162, 163, 164, 164, 165, 163, 164, 165, 165, 165, 165, 167, 168, 166, 166, 167, 168, 168, 169, 170, 172, 168, 167, 167, 167, 169, 170, 170, 170, 171, 171, 171, 172, 170, 167, 166, 166, 170, 170, 171, 172, 173, 173, 173, 174, 176, 178, 179, 179, 180, 180, 180, 182, 181, 181, 180, 181, 184, 184, 183, 183, 182, 184, 187, 187, 186, 185, 188, 190, 189, 188, 189, 190, 189, 187, 189, 192, 191, 191, 192, 192, 192, 192, 193, 194, 197, 194, 196, 195, 185, 184, 168, 145, 120, 113, 112, 113, 113, 114, 112, 112, 112, 107, 102, 99, 97, 97, 95, 90, 86, 82, 80, 79, 75, 72, 69, 65, 63, 61, 61, 59, 53, 48, 45, 42, 41, 43, 45, 45, 45, 46, 50, 53, 53, 53, 53, 57, 64, 70, 71, 69, 81, 109, 131, 153, 173, 205, 214, 222, 224, 225, 227, 228, 228, 227, 224, 223, 226, 226, 227, 230, 231, 231, 231, 232, 232, 234, 237, 238, 240, 241, 241, 240, 243, 243, 243, 242, 243, 243, 236, 29]","[29, 29, 153, 153, 156, 155, 155, 156, 157, 156, 157, 160, 161, 159, 158, 159, 158, 160, 161, 163, 164, 165, 165, 165, 163, 164, 165, 165, 165, 165, 166, 167, 167, 166, 166, 167, 167, 166, 168, 171, 171, 169, 168, 167, 169, 171, 171, 171, 170, 170, 170, 172, 171, 169, 167, 167, 171, 171, 172, 173, 173, 174, 175, 176, 178, 179, 178, 179, 180, 179, 179, 180, 183, 182, 180, 180, 183, 184, 183, 183, 182, 184, 186, 186, 186, 185, 187, 188, 187, 187, 188, 189, 188, 188, 190, 193, 191, 191, 192, 193, 193, 193, 193, 193, 195, 190, 194, 192, 186, 184, 165, 143, 119, 114, 112, 113, 113, 113, 112, 111, 108, 104, 100, 98, 97, 96, 94, 89, 86, 84, 82, 81, 78, 74, 69, 66, 65, 64, 63, 58, 50, 46, 43, 40, 39, 42, 45, 47, 47, 47, 49, 51, 52, 54, 55, 55, 58, 65, 72, 76, 90, 107, 124, 145, 166, 201, 211, 221, 222, 223, 225, 225, 225, 225, 224, 224, 228, 227, 227, 228, 230, 231, 232, 233, 231, 234, 236, 238, 239, 240, 240, 239, 243, 243, 244, 242, 243, 244, 236, 29]","[29, 29, 153, 153, 156, 155, 155, 155, 159, 158, 158, 160, 160, 158, 158, 160, 160, 161, 163, 165, 166, 166, 165, 165, 163, 163, 163, 165, 165, 165, 165, 166, 168, 167, 167, 167, 166, 165, 166, 169, 172, 171, 169, 168, 170, 172, 173, 171, 171, 171, 171, 172, 172, 172, 171, 170, 171, 171, 171, 173, 174, 175, 177, 178, 179, 178, 176, 176, 179, 178, 177, 178, 182, 182, 181, 182, 185, 185, 183, 182, 185, 185, 185, 186, 186, 186, 187, 187, 186, 187, 188, 189, 189, 188, 190, 192, 191, 191, 192, 193, 194, 194, 193, 192, 194, 193, 197, 195, 197, 191, 165, 141, 118, 114, 111, 112, 111, 110, 110, 107, 106, 102, 100, 98, 96, 95, 93, 89, 86, 84, 81, 80, 78, 73, 67, 64, 64, 63, 62, 56, 48, 45, 43, 41, 40, 42, 44, 46, 46, 47, 48, 49, 47, 51, 55, 56, 56, 60, 69, 77, 86, 89, 100, 127, 156, 181, 201, 218, 224, 226, 228, 228, 226, 224, 224, 225, 226, 228, 229, 228, 228, 231, 233, 233, 233, 237, 239, 239, 239, 239, 239, 239, 242, 243, 244, 243, 243, 244, 237, 29]","[29, 29, 153, 153, 156, 155, 155, 156, 160, 159, 159, 160, 160, 159, 159, 160, 160, 162, 163, 165, 165, 164, 163, 162, 162, 162, 162, 165, 166, 166, 166, 167, 167, 168, 169, 169, 168, 167, 168, 169, 170, 170, 170, 169, 169, 171, 172, 171, 172, 172, 172, 172, 172, 172, 172, 171, 171, 170, 171, 173, 175, 177, 178, 179, 178, 177, 174, 175, 178, 177, 177, 178, 178, 180, 181, 183, 187, 186, 183, 181, 186, 185, 185, 185, 186, 187, 187, 187, 186, 187, 188, 189, 189, 188, 189, 190, 191, 191, 192, 193, 194, 194, 193, 192, 191, 193, 193, 190, 196, 190, 164, 137, 114, 112, 109, 111, 110, 109, 110, 108, 105, 103, 101, 98, 94, 93, 92, 89, 88, 85, 81, 79, 78, 72, 66, 65, 61, 61, 60, 56, 49, 47, 46, 44, 42, 42, 42, 42, 44, 46, 48, 49, 48, 49, 51, 54, 55, 57, 64, 73, 79, 86, 97, 116, 150, 174, 204, 220, 224, 226, 229, 229, 228, 226, 225, 225, 223, 228, 230, 228, 227, 229, 231, 230, 232, 236, 239, 239, 239, 241, 241, 241, 242, 243, 244, 244, 243, 244, 236, 29]","[29, 29, 154, 154, 157, 156, 156, 157, 159, 159, 160, 160, 160, 160, 161, 161, 160, 161, 162, 164, 164, 164, 163, 162, 163, 162, 163, 166, 166, 165, 166, 167, 166, 169, 171, 171, 170, 170, 170, 170, 168, 170, 171, 170, 170, 171, 171, 170, 172, 172, 172, 171, 170, 171, 171, 171, 171, 170, 170, 173, 176, 178, 178, 179, 178, 177, 175, 176, 178, 177, 177, 180, 178, 180, 181, 184, 187, 186, 184, 183, 185, 185, 186, 186, 187, 187, 187, 186, 186, 187, 187, 188, 188, 189, 189, 189, 192, 192, 192, 193, 194, 194, 193, 193, 195, 195, 194, 190, 195, 190, 173, 143, 109, 109, 107, 110, 109, 109, 112, 109, 104, 103, 102, 98, 92, 90, 90, 89, 89, 86, 81, 78, 76, 70, 65, 66, 62, 60, 59, 57, 52, 49, 48, 46, 44, 44, 42, 40, 41, 44, 47, 48, 49, 47, 47, 50, 52, 55, 61, 67, 70, 85, 97, 107, 139, 166, 197, 213, 221, 222, 223, 225, 226, 226, 226, 225, 225, 228, 230, 230, 229, 229, 231, 232, 230, 233, 235, 236, 238, 241, 242, 240, 242, 244, 245, 244, 243, 243, 236, 29]","[29, 29, 154, 155, 158, 157, 157, 158, 158, 160, 161, 161, 161, 162, 163, 163, 161, 162, 163, 164, 165, 166, 166, 166, 164, 164, 165, 167, 167, 165, 165, 167, 165, 170, 173, 173, 172, 172, 171, 169, 168, 171, 173, 172, 172, 173, 173, 172, 172, 173, 172, 171, 170, 170, 171, 170, 170, 169, 170, 172, 176, 177, 178, 177, 178, 178, 178, 179, 180, 178, 178, 182, 183, 183, 183, 183, 186, 187, 186, 187, 185, 186, 187, 188, 188, 187, 186, 186, 186, 186, 186, 187, 188, 189, 189, 190, 193, 193, 192, 193, 193, 194, 194, 194, 193, 194, 195, 194, 194, 191, 179, 144, 108, 109, 107, 109, 107, 106, 109, 106, 105, 104, 103, 98, 91, 89, 90, 90, 88, 86, 80, 76, 73, 66, 62, 65, 65, 61, 59, 57, 54, 50, 48, 45, 45, 45, 44, 41, 40, 42, 44, 44, 44, 44, 46, 49, 52, 54, 58, 61, 67, 78, 90, 102, 133, 155, 180, 204, 227, 225, 224, 225, 228, 230, 230, 230, 231, 231, 231, 232, 231, 231, 233, 236, 236, 238, 239, 239, 242, 245, 245, 241, 243, 244, 245, 243, 243, 243, 236, 29]","[30, 28, 155, 157, 159, 157, 160, 160, 161, 161, 161, 162, 163, 164, 164, 162, 163, 163, 163, 163, 163, 164, 166, 167, 167, 165, 165, 167, 166, 163, 163, 165, 166, 170, 170, 170, 171, 171, 170, 171, 169, 171, 173, 174, 173, 172, 172, 171, 173, 171, 170, 169, 170, 171, 172, 173, 171, 172, 173, 173, 174, 176, 178, 179, 178, 179, 179, 178, 176, 176, 180, 183, 187, 186, 186, 185, 185, 185, 185, 185, 187, 186, 187, 188, 189, 188, 188, 187, 186, 187, 187, 187, 187, 188, 189, 190, 193, 193, 193, 193, 193, 194, 194, 195, 196, 192, 193, 195, 192, 191, 176, 143, 110, 112, 109, 108, 105, 105, 110, 107, 106, 104, 102, 97, 92, 91, 90, 88, 86, 81, 76, 73, 71, 67, 64, 64, 65, 62, 58, 55, 53, 52, 49, 45, 44, 43, 43, 44, 43, 42, 43, 46, 44, 43, 44, 48, 53, 57, 59, 60, 65, 76, 93, 96, 120, 151, 175, 195, 224, 227, 225, 227, 227, 229, 231, 230, 231, 230, 230, 231, 231, 230, 230, 231, 236, 237, 237, 239, 241, 242, 243, 243, 243, 244, 246, 245, 243, 243, 237, 27]","[28, 29, 154, 159, 157, 161, 158, 164, 161, 161, 161, 161, 162, 163, 163, 162, 161, 161, 161, 160, 162, 165, 168, 170, 163, 164, 165, 167, 168, 167, 165, 165, 165, 168, 169, 169, 171, 172, 171, 172, 172, 173, 173, 172, 171, 172, 173, 174, 172, 171, 171, 170, 170, 171, 171, 170, 173, 173, 173, 173, 173, 174, 175, 176, 176, 178, 179, 178, 176, 177, 181, 184, 182, 184, 185, 185, 183, 183, 184, 186, 187, 186, 186, 187, 188, 188, 187, 187, 187, 187, 187, 187, 187, 188, 189, 189, 194, 194, 194, 194, 194, 194, 195, 196, 194, 195, 196, 194, 190, 194, 181, 146, 118, 117, 113, 113, 107, 103, 107, 107, 103, 101, 101, 98, 95, 94, 93, 89, 86, 81, 77, 75, 73, 69, 65, 64, 62, 59, 56, 54, 52, 50, 47, 45, 42, 41, 41, 43, 44, 43, 43, 44, 46, 44, 45, 47, 51, 55, 58, 60, 62, 73, 89, 93, 107, 133, 166, 183, 214, 220, 226, 230, 229, 228, 228, 229, 225, 226, 228, 231, 232, 232, 232, 233, 236, 237, 238, 239, 240, 241, 242, 243, 243, 245, 240, 245, 244, 242, 236, 33]","[31, 30, 156, 163, 161, 158, 162, 157, 161, 161, 161, 160, 161, 162, 162, 161, 164, 163, 162, 161, 162, 164, 166, 166, 162, 163, 164, 165, 167, 167, 166, 164, 165, 167, 167, 167, 169, 171, 171, 171, 171, 172, 173, 173, 173, 173, 173, 173, 173, 172, 172, 172, 172, 171, 170, 169, 172, 173, 173, 173, 173, 174, 175, 176, 174, 176, 177, 177, 176, 177, 179, 182, 182, 183, 184, 184, 184, 185, 186, 186, 187, 186, 185, 186, 187, 187, 187, 187, 188, 188, 188, 188, 189, 189, 190, 191, 193, 193, 194, 194, 193, 194, 194, 195, 195, 196, 196, 195, 193, 197, 183, 147, 120, 113, 110, 115, 113, 107, 106, 104, 105, 104, 103, 101, 98, 96, 94, 91, 84, 79, 76, 75, 74, 72, 69, 67, 64, 60, 57, 56, 53, 50, 48, 47, 45, 43, 42, 45, 47, 46, 46, 46, 46, 46, 46, 48, 51, 54, 59, 62, 67, 70, 79, 91, 105, 121, 159, 188, 209, 214, 220, 225, 227, 228, 229, 229, 224, 225, 228, 232, 234, 235, 234, 235, 235, 236, 237, 238, 238, 239, 241, 242, 242, 242, 248, 242, 244, 245, 238, 26]","[28, 26, 164, 161, 156, 157, 154, 160, 160, 160, 161, 160, 161, 161, 161, 161, 161, 161, 162, 163, 164, 166, 165, 164, 163, 163, 162, 163, 165, 167, 167, 167, 168, 169, 168, 167, 169, 171, 171, 171, 169, 171, 172, 173, 173, 173, 173, 172, 171, 171, 171, 171, 171, 170, 168, 167, 171, 172, 172, 172, 172, 174, 175, 176, 175, 177, 178, 179, 178, 178, 179, 180, 183, 181, 180, 181, 184, 186, 185, 183, 187, 186, 186, 187, 187, 187, 187, 187, 189, 189, 189, 190, 190, 191, 192, 193, 195, 195, 195, 195, 195, 195, 195, 196, 195, 194, 195, 197, 195, 195, 182, 153, 126, 115, 107, 110, 111, 108, 106, 104, 104, 101, 100, 98, 95, 94, 92, 89, 87, 82, 77, 74, 72, 70, 68, 66, 65, 60, 56, 55, 54, 51, 49, 48, 47, 44, 42, 44, 45, 44, 44, 45, 45, 45, 46, 47, 49, 52, 56, 59, 64, 66, 67, 80, 101, 110, 136, 176, 201, 212, 227, 229, 228, 227, 228, 228, 227, 228, 231, 234, 235, 235, 235, 235, 236, 237, 238, 239, 241, 242, 243, 244, 245, 246, 246, 245, 245, 241, 239, 28]","[28, 33, 160, 161, 159, 159, 152, 158, 158, 159, 160, 160, 160, 161, 161, 160, 162, 163, 165, 166, 168, 169, 168, 166, 161, 159, 158, 161, 164, 165, 166, 168, 169, 169, 166, 165, 167, 169, 169, 170, 172, 172, 171, 170, 170, 171, 173, 173, 172, 172, 172, 172, 172, 172, 171, 170, 172, 172, 173, 172, 173, 174, 176, 176, 177, 178, 179, 179, 179, 178, 179, 180, 183, 181, 179, 181, 184, 185, 185, 183, 187, 186, 186, 187, 188, 187, 187, 187, 187, 187, 188, 189, 190, 192, 193, 193, 194, 194, 194, 194, 194, 194, 194, 195, 193, 194, 196, 196, 193, 192, 181, 158, 123, 114, 109, 108, 107, 107, 105, 105, 102, 99, 99, 98, 96, 94, 91, 88, 88, 84, 79, 75, 74, 72, 69, 67, 65, 58, 53, 54, 55, 53, 51, 50, 48, 47, 46, 47, 46, 43, 42, 43, 46, 47, 48, 50, 50, 51, 54, 56, 61, 68, 73, 80, 98, 111, 126, 158, 187, 203, 223, 224, 227, 229, 230, 228, 229, 230, 231, 232, 234, 235, 235, 235, 236, 236, 237, 239, 242, 242, 242, 243, 243, 243, 243, 244, 241, 246, 238, 29]","[30, 28, 161, 159, 158, 155, 161, 159, 158, 160, 161, 161, 162, 162, 162, 161, 161, 161, 162, 162, 163, 164, 165, 164, 166, 163, 163, 167, 168, 166, 166, 169, 170, 171, 168, 166, 169, 171, 171, 171, 170, 170, 170, 169, 169, 169, 169, 169, 171, 171, 171, 171, 171, 171, 171, 170, 170, 171, 172, 172, 173, 175, 177, 178, 178, 179, 179, 180, 179, 179, 179, 180, 183, 183, 184, 184, 184, 185, 186, 188, 187, 187, 187, 188, 189, 188, 187, 187, 189, 189, 190, 191, 192, 194, 195, 195, 195, 195, 196, 196, 195, 195, 196, 196, 193, 196, 197, 198, 197, 196, 182, 156, 125, 116, 111, 107, 106, 108, 105, 103, 105, 103, 103, 102, 97, 92, 87, 83, 84, 82, 79, 76, 74, 72, 68, 65, 65, 59, 54, 53, 54, 53, 50, 48, 46, 46, 47, 48, 46, 42, 40, 41, 44, 45, 48, 50, 52, 52, 54, 56, 60, 60, 73, 80, 87, 104, 118, 142, 173, 191, 217, 219, 226, 228, 228, 226, 229, 230, 231, 232, 233, 235, 236, 237, 237, 237, 238, 239, 243, 244, 243, 242, 243, 243, 247, 246, 246, 244, 234, 30]","[29, 30, 153, 158, 156, 160, 157, 158, 159, 160, 161, 161, 161, 161, 161, 161, 160, 161, 162, 162, 164, 166, 168, 169, 169, 168, 168, 169, 169, 167, 166, 166, 168, 169, 168, 166, 168, 170, 169, 169, 170, 171, 173, 173, 173, 172, 170, 169, 170, 170, 170, 171, 171, 171, 171, 171, 171, 172, 173, 174, 175, 177, 179, 180, 181, 181, 181, 181, 181, 181, 181, 181, 180, 182, 183, 182, 181, 181, 183, 185, 186, 185, 185, 186, 186, 186, 186, 186, 187, 187, 187, 188, 189, 190, 190, 190, 192, 192, 192, 192, 192, 192, 193, 193, 190, 191, 190, 192, 192, 192, 183, 163, 131, 118, 110, 104, 103, 107, 106, 106, 106, 103, 103, 103, 98, 93, 89, 86, 83, 82, 79, 76, 74, 71, 67, 65, 61, 57, 53, 52, 52, 52, 50, 47, 44, 44, 46, 47, 45, 42, 40, 41, 45, 45, 47, 50, 51, 52, 53, 54, 54, 53, 63, 76, 82, 97, 112, 129, 161, 181, 210, 214, 218, 218, 222, 225, 223, 224, 225, 225, 226, 227, 229, 228, 230, 230, 231, 232, 234, 235, 234, 233, 235, 233, 238, 238, 235, 237, 230, 29]","[30, 31, 26, 31, 27, 29, 32, 28, 29, 30, 30, 30, 29, 29, 29, 29, 29, 29, 29, 28, 28, 28, 29, 29, 29, 30, 30, 29, 29, 29, 29, 28, 28, 30, 29, 28, 30, 30, 29, 29, 28, 29, 28, 28, 28, 29, 29, 29, 29, 29, 29, 29, 30, 30, 30, 29, 29, 29, 29, 28, 28, 28, 29, 30, 30, 29, 29, 28, 28, 28, 29, 29, 29, 29, 29, 29, 29, 29, 29, 29, 30, 29, 28, 29, 29, 29, 29, 30, 29, 29, 29, 29, 29, 30, 30, 29, 28, 29, 29, 29, 29, 29, 29, 30, 30, 29, 28, 29, 28, 28, 31, 28, 31, 26, 29, 30, 30, 30, 27, 29, 29, 27, 29, 31, 30, 29, 29, 29, 29, 29, 29, 28, 28, 29, 29, 28, 30, 29, 28, 28, 29, 30, 30, 28, 30, 29, 29, 30, 30, 28, 28, 29, 29, 28, 28, 29, 29, 29, 29, 29, 28, 33, 27, 28, 28, 30, 27, 30, 30, 25, 33, 26, 31, 30, 28, 28, 28, 29, 30, 29, 29, 30, 30, 28, 29, 29, 29, 29, 30, 29, 29, 28, 29, 30, 29, 28, 31, 30, 26, 31]"
