"[29, 28, 30, 30, 30, 30, 30, 30, 30, 29, 29, 28, 29, 29, 28, 30, 28, 29, 30, 29, 28, 29, 29, 28, 28, 28, 30, 31, 29, 29, 29, 28, 29, 29, 30, 30, 28, 29, 30, 30, 29, 29, 29, 29, 29, 29, 29, 29, 29, 29, 29, 29, 29, 30, 29, 29, 28, 30, 29, 28, 29, 29, 28, 30, 29, 29, 29, 29, 28, 29, 29, 30, 30, 29, 29, 29, 29, 29, 29, 29, 30, 29, 29, 29, 29, 29, 29, 29, 29, 29, 29, 29, 29, 29, 29, 29, 29, 29, 28, 29, 29, 30, 29, 29, 29, 29, 29, 29, 29, 30, 30, 29, 30, 29, 29, 29, 30, 29, 29, 29, 29, 30, 28, 30, 28, 28, 32, 28, 28, 29, 28, 29, 29, 28, 30, 29, 29, 29, 29, 28, 29, 30, 29, 28, 28, 29, 30, 30, 29, 29, 29, 29, 29, 30, 30, 29, 29, 29, 30, 31, 30, 29, 28, 28, 28, 29, 29, 29, 29, 29, 29, 28, 29, 29, 29, 30, 28, 30, 30, 29, 28, 28, 29, 30, 28, 29, 29, 30, 30, 29, 30, 29, 29, 28, 29, 32, 31, 30, 29, 30]","[32, 27, 29, 28, 30, 28, 29, 27, 29, 28, 30, 30, 31, 31, 28, 28, 28, 28, 29, 31, 31, 30, 30, 31, 31, 30, 29, 28, 27, 29, 31, 30, 29, 29, 30, 30, 28, 29, 29, 27, 28, 29, 29, 29, 29, 29, 30, 30, 28, 28, 29, 29, 29, 29, 29, 29, 28, 30, 29, 29, 30, 29, 28, 29, 30, 30, 30, 30, 30, 29, 29, 28, 29, 29, 28, 28, 29, 29, 29, 29, 27, 28, 28, 29, 29, 28, 28, 28, 29, 28, 28, 28, 29, 30, 29, 28, 29, 29, 28, 28, 28, 29, 28, 28, 29, 29, 29, 28, 28, 29, 29, 29, 28, 29, 30, 30, 29, 28, 28, 30, 30, 30, 30, 29, 29, 28, 28, 32, 28, 29, 30, 29, 29, 28, 28, 29, 29, 30, 30, 29, 28, 29, 30, 30, 31, 30, 29, 28, 28, 30, 30, 29, 30, 29, 28, 28, 29, 29, 28, 27, 29, 29, 30, 30, 30, 30, 29, 29, 29, 29, 29, 29, 29, 28, 28, 28, 29, 29, 28, 29, 30, 31, 29, 28, 29, 28, 28, 27, 27, 28, 29, 29, 28, 31, 30, 24, 31, 29, 29, 27]","[29, 34, 96, 99, 96, 95, 89, 96, 94, 91, 90, 87, 86, 86, 84, 85, 86, 84, 81, 78, 77, 76, 77, 78, 72, 72, 72, 69, 64, 61, 58, 53, 53, 52, 53, 53, 53, 54, 55, 53, 52, 52, 51, 50, 48, 47, 46, 46, 45, 45, 44, 43, 42, 40, 39, 39, 41, 42, 42, 42, 41, 40, 39, 39, 36, 36, 36, 36, 37, 36, 35, 34, 34, 34, 33, 33, 32, 33, 32, 32, 32, 33, 35, 36, 35, 34, 34, 33, 33, 32, 32, 32, 33, 33, 32, 31, 30, 29, 29, 29, 29, 29, 29, 28, 26, 27, 27, 26, 26, 25, 26, 27, 25, 25, 25, 24, 22, 21, 22, 23, 23, 24, 29, 31, 39, 46, 44, 51, 51, 52, 58, 58, 60, 65, 65, 69, 72, 75, 76, 76, 76, 78, 80, 82, 80, 83, 86, 88, 91, 93, 92, 89, 93, 91, 90, 92, 98, 102, 103, 103, 104, 105, 107, 109, 110, 110, 111, 111, 114, 115, 117, 118, 119, 120, 121, 121, 116, 115, 113, 112, 110, 109, 105, 102, 95, 95, 94, 96, 98, 100, 102, 102, 118, 123, 131, 135, 132, 142, 145, 31]","[31, 26, 106, 104, 98, 95, 95, 91, 95, 94, 98, 98, 98, 96, 91, 90, 86, 89, 89, 88, 88, 88, 85, 81, 84, 82, 82, 81, 77, 76, 76, 76, 68, 66, 65, 62, 60, 60, 60, 58, 57, 57, 56, 55, 53, 52, 52, 53, 52, 49, 48, 47, 46, 45, 43, 43, 45, 45, 46, 45, 42, 40, 40, 39, 39, 39, 40, 40, 40, 40, 39, 39, 38, 38, 37, 35, 35, 34, 34, 33, 32, 33, 35, 36, 35, 33, 32, 32, 34, 33, 33, 34, 34, 34, 33, 33, 31, 32, 32, 32, 32, 31, 30, 30, 29, 30, 32, 32, 31, 30, 31, 32, 30, 31, 34, 38, 43, 49, 52, 53, 56, 52, 45, 33, 26, 26, 25, 27, 34, 33, 41, 42, 46, 54, 54, 60, 59, 61, 63, 64, 65, 66, 69, 70, 73, 76, 79, 80, 81, 85, 88, 90, 89, 88, 87, 88, 91, 94, 94, 94, 98, 99, 100, 101, 103, 104, 106, 107, 110, 112, 114, 115, 116, 116, 117, 118, 120, 122, 124, 122, 119, 117, 117, 117, 117, 116, 114, 113, 112, 110, 108, 106, 102, 102, 108, 108, 112, 113, 115, 29]","[32, 28, 162, 152, 137, 135, 128, 131, 115, 110, 106, 101, 97, 96, 93, 94, 97, 96, 95, 95, 95, 93, 90, 88, 95, 91, 90, 89, 85, 81, 81, 82, 84, 82, 81, 78, 74, 73, 72, 70, 66, 65, 64, 62, 60, 59, 59, 59, 58, 54, 52, 53, 55, 55, 54, 54, 53, 52, 52, 52, 48, 46, 46, 44, 44, 44, 44, 43, 42, 41, 42, 42, 42, 41, 40, 39, 38, 37, 36, 36, 38, 39, 40, 39, 38, 36, 35, 35, 34, 34, 35, 35, 34, 34, 35, 36, 34, 35, 35, 35, 34, 32, 31, 30, 33, 34, 36, 37, 36, 35, 35, 37, 35, 40, 46, 51, 55, 57, 58, 58, 62, 62, 60, 54, 36, 24, 27, 27, 24, 19, 24, 21, 24, 30, 27, 31, 37, 39, 42, 47, 52, 58, 64, 67, 63, 65, 68, 69, 71, 74, 77, 78, 81, 83, 86, 88, 89, 89, 90, 90, 93, 94, 95, 95, 95, 96, 97, 98, 103, 105, 108, 109, 110, 111, 112, 113, 110, 114, 118, 118, 116, 117, 119, 122, 121, 121, 122, 123, 125, 126, 126, 125, 121, 120, 115, 108, 106, 105, 106, 28]","[27, 32, 173, 182, 179, 177, 179, 175, 172, 168, 164, 156, 148, 139, 130, 128, 120, 111, 104, 104, 101, 96, 96, 100, 96, 93, 95, 97, 95, 92, 91, 92, 88, 87, 88, 87, 84, 83, 82, 80, 81, 80, 78, 76, 74, 72, 70, 69, 70, 65, 62, 62, 63, 61, 60, 59, 59, 56, 57, 57, 53, 52, 52, 49, 52, 52, 50, 48, 47, 46, 46, 46, 45, 46, 45, 44, 43, 42, 41, 41, 41, 41, 40, 39, 38, 37, 37, 36, 36, 37, 37, 37, 36, 37, 38, 39, 38, 38, 37, 36, 35, 33, 32, 31, 32, 33, 35, 36, 35, 34, 34, 36, 40, 48, 55, 54, 48, 42, 38, 36, 36, 40, 50, 66, 60, 43, 39, 36, 37, 32, 32, 29, 28, 30, 27, 28, 27, 25, 25, 25, 27, 29, 33, 37, 42, 43, 48, 56, 63, 65, 65, 64, 65, 67, 71, 73, 75, 78, 83, 87, 85, 87, 89, 91, 92, 93, 93, 92, 91, 93, 96, 99, 101, 103, 104, 105, 106, 108, 110, 111, 112, 114, 116, 117, 120, 119, 120, 122, 124, 126, 127, 127, 130, 135, 124, 126, 123, 116, 117, 32]","[31, 31, 149, 153, 158, 169, 171, 176, 182, 181, 183, 181, 178, 176, 171, 172, 166, 158, 151, 148, 141, 130, 122, 120, 119, 114, 108, 104, 101, 101, 101, 98, 100, 97, 96, 95, 93, 93, 91, 87, 88, 88, 88, 88, 88, 86, 84, 83, 84, 80, 77, 76, 74, 70, 67, 67, 68, 64, 65, 65, 61, 61, 62, 58, 59, 57, 55, 53, 52, 52, 51, 50, 49, 49, 49, 49, 47, 45, 44, 44, 45, 44, 43, 43, 43, 43, 42, 42, 41, 40, 39, 38, 38, 38, 38, 39, 41, 41, 40, 38, 36, 35, 35, 35, 36, 36, 37, 38, 37, 35, 36, 38, 43, 47, 50, 45, 38, 33, 31, 29, 31, 31, 35, 52, 66, 57, 44, 40, 39, 38, 37, 35, 35, 34, 32, 31, 32, 31, 30, 28, 27, 26, 28, 31, 29, 27, 28, 34, 38, 40, 44, 49, 56, 57, 57, 58, 59, 63, 68, 73, 72, 75, 78, 83, 86, 89, 90, 90, 91, 92, 94, 95, 97, 98, 98, 99, 100, 102, 103, 105, 108, 110, 112, 113, 115, 116, 117, 119, 121, 123, 124, 124, 125, 123, 127, 128, 127, 134, 126, 28]","[30, 29, 106, 103, 104, 113, 122, 129, 137, 144, 159, 171, 178, 182, 180, 182, 184, 184, 182, 180, 179, 177, 171, 166, 159, 154, 145, 136, 130, 127, 120, 111, 108, 103, 100, 99, 99, 101, 100, 97, 96, 96, 96, 97, 97, 95, 92, 89, 91, 89, 88, 88, 86, 82, 80, 81, 81, 76, 76, 76, 72, 72, 73, 68, 65, 62, 59, 58, 60, 60, 59, 57, 55, 55, 56, 55, 53, 51, 49, 49, 49, 48, 47, 47, 48, 49, 48, 47, 50, 47, 44, 42, 42, 43, 42, 41, 44, 43, 42, 40, 38, 38, 39, 40, 40, 39, 39, 40, 39, 37, 37, 40, 51, 49, 42, 33, 27, 25, 25, 24, 22, 26, 27, 36, 62, 65, 45, 44, 44, 45, 44, 45, 44, 41, 40, 38, 41, 41, 42, 41, 37, 33, 33, 35, 32, 30, 30, 31, 26, 20, 22, 30, 31, 33, 37, 42, 47, 51, 55, 57, 59, 60, 64, 69, 74, 78, 81, 82, 85, 86, 88, 90, 92, 94, 95, 96, 95, 98, 100, 100, 101, 102, 104, 106, 108, 110, 113, 115, 117, 117, 117, 117, 120, 123, 122, 131, 126, 123, 132, 28]","[29, 28, 96, 94, 97, 102, 99, 100, 95, 105, 110, 112, 116, 116, 123, 146, 153, 160, 164, 167, 173, 177, 178, 179, 178, 181, 182, 179, 178, 179, 178, 175, 170, 156, 147, 144, 142, 125, 118, 119, 110, 109, 103, 100, 97, 94, 95, 94, 94, 97, 95, 96, 93, 90, 93, 93, 90, 87, 90, 86, 82, 82, 79, 80, 79, 76, 77, 74, 72, 71, 62, 59, 58, 56, 58, 60, 59, 60, 60, 55, 54, 52, 52, 53, 54, 54, 53, 53, 50, 50, 49, 48, 47, 47, 47, 45, 46, 47, 47, 46, 44, 44, 46, 44, 43, 42, 40, 40, 41, 39, 41, 49, 48, 41, 33, 29, 26, 25, 24, 22, 23, 24, 25, 24, 46, 65, 51, 43, 44, 44, 46, 46, 45, 47, 48, 46, 47, 46, 47, 47, 44, 42, 41, 40, 40, 39, 38, 38, 38, 37, 35, 34, 33, 33, 33, 31, 31, 32, 33, 32, 40, 42, 45, 53, 56, 60, 62, 69, 73, 77, 80, 81, 80, 81, 84, 87, 91, 95, 97, 95, 95, 96, 98, 98, 97, 104, 102, 105, 109, 107, 111, 114, 115, 117, 116, 118, 121, 121, 123, 30]","[31, 28, 89, 90, 93, 95, 92, 92, 96, 98, 99, 100, 103, 99, 96, 106, 111, 115, 116, 118, 123, 126, 132, 140, 146, 154, 164, 172, 177, 179, 179, 177, 177, 180, 179, 176, 174, 172, 169, 167, 154, 151, 143, 136, 130, 124, 122, 118, 110, 112, 108, 107, 103, 99, 102, 101, 100, 95, 97, 96, 92, 92, 90, 88, 88, 85, 84, 82, 84, 88, 83, 80, 78, 75, 74, 74, 71, 69, 66, 61, 60, 62, 61, 59, 57, 57, 58, 58, 58, 57, 56, 55, 55, 54, 52, 51, 52, 51, 51, 50, 48, 48, 49, 46, 47, 47, 46, 47, 47, 45, 46, 50, 43, 33, 26, 24, 24, 23, 24, 24, 23, 23, 25, 24, 37, 63, 53, 46, 44, 43, 44, 46, 44, 43, 43, 43, 45, 44, 46, 48, 47, 47, 48, 48, 45, 45, 45, 45, 44, 43, 41, 39, 39, 41, 41, 39, 37, 36, 35, 33, 35, 35, 32, 35, 33, 35, 36, 41, 47, 50, 58, 68, 74, 77, 79, 82, 82, 82, 83, 86, 91, 96, 97, 96, 96, 100, 98, 99, 101, 101, 103, 106, 111, 115, 114, 116, 114, 110, 115, 27]","[29, 29, 91, 93, 91, 89, 89, 90, 86, 85, 87, 88, 89, 87, 86, 92, 97, 96, 96, 98, 100, 99, 103, 111, 116, 116, 117, 120, 123, 126, 133, 138, 140, 149, 156, 167, 171, 177, 179, 184, 183, 184, 181, 180, 178, 175, 172, 167, 157, 150, 138, 131, 124, 116, 111, 105, 106, 102, 100, 101, 96, 97, 102, 99, 96, 96, 98, 94, 93, 95, 92, 90, 90, 85, 83, 83, 83, 83, 79, 74, 71, 71, 68, 64, 63, 64, 61, 56, 62, 63, 64, 64, 63, 61, 61, 63, 58, 56, 55, 54, 53, 53, 53, 50, 50, 49, 50, 50, 50, 52, 53, 52, 39, 28, 23, 24, 24, 23, 24, 24, 25, 22, 25, 24, 27, 59, 60, 52, 47, 44, 46, 48, 46, 42, 42, 43, 43, 43, 44, 46, 45, 46, 48, 48, 46, 46, 48, 48, 48, 47, 47, 46, 46, 48, 48, 46, 44, 43, 41, 40, 38, 39, 35, 34, 30, 32, 32, 37, 41, 38, 38, 40, 40, 40, 48, 57, 64, 68, 73, 78, 81, 83, 86, 89, 89, 91, 94, 95, 99, 100, 99, 102, 101, 99, 95, 104, 109, 110, 116, 29]","[29, 30, 103, 103, 96, 91, 91, 90, 88, 86, 90, 88, 84, 81, 82, 88, 92, 86, 83, 87, 91, 89, 87, 89, 90, 93, 97, 101, 103, 103, 105, 107, 110, 108, 108, 117, 121, 124, 129, 140, 145, 151, 157, 165, 172, 178, 182, 180, 182, 180, 177, 179, 178, 173, 166, 160, 157, 151, 144, 140, 127, 116, 112, 101, 101, 103, 104, 100, 97, 97, 95, 94, 98, 95, 92, 91, 91, 91, 90, 87, 89, 88, 84, 80, 80, 79, 74, 66, 68, 66, 66, 68, 67, 64, 63, 64, 65, 62, 62, 61, 59, 61, 60, 59, 59, 58, 58, 56, 53, 54, 50, 41, 33, 26, 23, 25, 25, 24, 24, 23, 25, 22, 24, 24, 23, 52, 68, 57, 52, 49, 49, 50, 49, 47, 47, 47, 45, 45, 46, 46, 45, 46, 47, 45, 45, 46, 47, 48, 47, 48, 49, 50, 50, 50, 50, 49, 48, 48, 49, 50, 50, 52, 48, 45, 40, 41, 39, 41, 38, 38, 41, 42, 40, 35, 34, 37, 31, 36, 43, 47, 48, 51, 59, 67, 73, 75, 81, 83, 88, 93, 94, 99, 99, 98, 92, 97, 97, 98, 106, 28]","[29, 29, 127, 121, 115, 113, 112, 106, 107, 103, 104, 103, 100, 98, 95, 94, 97, 90, 85, 87, 90, 89, 86, 82, 89, 90, 89, 88, 87, 88, 89, 90, 87, 92, 98, 100, 105, 104, 105, 104, 110, 112, 111, 115, 122, 131, 143, 148, 151, 154, 161, 167, 170, 172, 175, 180, 179, 176, 174, 177, 173, 167, 165, 155, 152, 148, 141, 133, 127, 120, 114, 108, 103, 104, 102, 100, 99, 99, 101, 103, 96, 96, 94, 93, 92, 91, 88, 86, 84, 80, 78, 80, 80, 77, 74, 73, 70, 67, 68, 65, 62, 63, 62, 63, 58, 60, 61, 59, 57, 57, 47, 32, 25, 23, 23, 23, 22, 24, 24, 23, 23, 22, 22, 23, 24, 41, 71, 61, 55, 52, 51, 51, 51, 52, 52, 50, 50, 49, 50, 50, 49, 50, 51, 49, 48, 49, 50, 50, 48, 48, 48, 49, 50, 50, 50, 50, 50, 51, 53, 55, 57, 60, 56, 54, 52, 54, 52, 53, 53, 49, 44, 44, 45, 46, 45, 45, 42, 39, 37, 34, 34, 35, 40, 45, 52, 51, 57, 59, 64, 75, 82, 91, 91, 93, 91, 94, 95, 97, 101, 30]","[31, 27, 166, 152, 142, 138, 136, 129, 131, 124, 122, 120, 118, 117, 113, 110, 103, 99, 97, 97, 97, 96, 92, 85, 88, 89, 88, 87, 88, 89, 88, 87, 88, 91, 93, 87, 89, 89, 93, 94, 94, 97, 99, 103, 104, 103, 105, 104, 109, 110, 117, 121, 126, 131, 138, 146, 155, 161, 170, 177, 178, 177, 180, 181, 179, 178, 175, 174, 171, 165, 162, 159, 145, 141, 133, 126, 122, 116, 110, 108, 104, 101, 99, 98, 99, 100, 98, 96, 97, 96, 96, 95, 91, 87, 84, 84, 82, 76, 76, 70, 65, 65, 64, 68, 66, 68, 67, 64, 64, 62, 49, 30, 25, 24, 24, 22, 20, 22, 24, 23, 23, 24, 22, 23, 26, 32, 66, 67, 58, 55, 54, 53, 53, 56, 57, 54, 54, 54, 54, 53, 52, 53, 54, 51, 50, 51, 53, 53, 52, 51, 51, 51, 51, 50, 50, 51, 52, 52, 53, 54, 55, 58, 55, 56, 57, 62, 63, 65, 65, 63, 61, 61, 61, 60, 57, 54, 56, 53, 49, 47, 46, 46, 45, 45, 42, 40, 41, 40, 39, 43, 48, 52, 59, 66, 74, 84, 93, 96, 91, 30]","[29, 34, 234, 239, 233, 222, 211, 200, 183, 177, 171, 162, 157, 153, 146, 143, 134, 129, 127, 125, 122, 119, 115, 109, 107, 103, 99, 97, 96, 94, 91, 89, 85, 83, 82, 83, 84, 81, 82, 86, 91, 90, 86, 89, 91, 91, 96, 98, 101, 98, 102, 105, 107, 106, 103, 105, 102, 106, 110, 110, 114, 124, 138, 154, 158, 162, 165, 172, 175, 173, 180, 184, 189, 187, 181, 178, 178, 174, 167, 164, 160, 154, 144, 135, 129, 124, 114, 104, 102, 103, 104, 104, 101, 98, 95, 94, 82, 73, 71, 62, 55, 55, 54, 60, 68, 72, 70, 67, 68, 64, 45, 25, 26, 24, 24, 23, 21, 22, 24, 23, 23, 25, 23, 22, 25, 27, 55, 74, 65, 62, 61, 61, 61, 62, 63, 62, 61, 61, 60, 58, 57, 58, 58, 56, 56, 56, 57, 58, 57, 57, 57, 58, 56, 54, 53, 54, 55, 54, 54, 55, 55, 55, 52, 53, 54, 58, 57, 59, 58, 59, 62, 65, 66, 65, 65, 66, 65, 67, 67, 65, 62, 59, 56, 53, 48, 47, 48, 51, 49, 49, 52, 49, 48, 49, 49, 42, 42, 51, 60, 31]","[33, 29, 246, 248, 248, 249, 248, 247, 248, 244, 239, 232, 230, 225, 213, 208, 194, 181, 171, 163, 155, 150, 145, 139, 137, 131, 126, 125, 123, 116, 110, 108, 112, 107, 99, 101, 101, 101, 97, 98, 92, 89, 86, 90, 92, 91, 93, 94, 94, 89, 89, 89, 90, 92, 91, 96, 96, 98, 101, 100, 104, 105, 101, 108, 111, 110, 110, 119, 126, 131, 144, 153, 164, 171, 175, 178, 180, 180, 180, 184, 186, 188, 185, 178, 175, 174, 169, 161, 152, 145, 133, 124, 116, 104, 88, 74, 58, 47, 42, 31, 23, 24, 23, 29, 33, 43, 50, 57, 68, 66, 46, 25, 23, 20, 21, 23, 23, 23, 23, 23, 23, 24, 23, 21, 22, 24, 45, 78, 73, 69, 69, 71, 69, 68, 69, 71, 69, 68, 68, 65, 64, 67, 67, 65, 66, 65, 63, 62, 61, 62, 63, 65, 63, 60, 58, 58, 59, 59, 59, 59, 59, 59, 55, 57, 57, 59, 56, 57, 55, 53, 55, 61, 65, 64, 64, 66, 65, 68, 70, 69, 70, 71, 71, 69, 67, 65, 62, 64, 60, 57, 59, 52, 51, 51, 54, 48, 48, 51, 50, 26]","[30, 29, 243, 248, 250, 250, 250, 249, 249, 249, 249, 249, 249, 250, 250, 250, 250, 248, 244, 239, 235, 229, 218, 209, 197, 188, 175, 164, 155, 149, 144, 140, 137, 134, 126, 124, 121, 124, 117, 112, 107, 105, 105, 103, 95, 89, 89, 92, 90, 87, 86, 86, 86, 84, 84, 85, 82, 89, 87, 86, 94, 95, 90, 90, 91, 92, 98, 103, 104, 110, 113, 108, 106, 111, 119, 126, 132, 138, 143, 146, 164, 170, 179, 179, 181, 180, 183, 183, 183, 179, 177, 162, 128, 90, 59, 40, 28, 26, 23, 22, 21, 21, 22, 22, 24, 26, 27, 30, 38, 43, 36, 24, 21, 21, 20, 21, 23, 24, 24, 24, 23, 26, 21, 24, 24, 25, 33, 79, 83, 74, 75, 74, 76, 71, 73, 75, 75, 76, 76, 74, 74, 74, 73, 71, 68, 67, 68, 70, 70, 69, 68, 68, 68, 66, 64, 62, 62, 63, 64, 65, 64, 65, 65, 63, 61, 61, 61, 61, 56, 55, 55, 58, 62, 64, 64, 64, 64, 64, 65, 66, 68, 69, 69, 69, 72, 73, 74, 76, 75, 72, 71, 72, 67, 68, 65, 56, 57, 57, 56, 29]","[30, 29, 244, 250, 250, 250, 250, 250, 250, 250, 249, 249, 249, 249, 250, 250, 251, 251, 251, 251, 252, 252, 252, 249, 252, 250, 247, 244, 238, 231, 224, 220, 216, 207, 190, 178, 165, 161, 152, 147, 140, 130, 126, 129, 126, 118, 113, 113, 112, 109, 107, 105, 103, 101, 98, 97, 92, 91, 87, 85, 90, 89, 86, 88, 90, 87, 87, 87, 82, 84, 89, 87, 93, 92, 92, 92, 95, 97, 99, 99, 103, 111, 121, 125, 135, 141, 150, 154, 158, 165, 167, 142, 85, 40, 29, 26, 26, 24, 22, 21, 21, 21, 21, 21, 19, 21, 22, 23, 27, 30, 25, 17, 20, 20, 21, 22, 23, 23, 24, 24, 24, 26, 22, 24, 23, 24, 28, 65, 88, 85, 82, 80, 79, 76, 78, 80, 75, 77, 78, 75, 72, 73, 79, 83, 78, 75, 74, 73, 73, 73, 73, 75, 73, 73, 73, 71, 70, 69, 69, 68, 69, 70, 69, 67, 66, 67, 68, 68, 66, 64, 64, 66, 67, 66, 65, 64, 64, 64, 65, 66, 67, 67, 68, 68, 72, 72, 73, 73, 72, 73, 75, 77, 80, 82, 82, 81, 79, 76, 74, 29]","[30, 29, 244, 250, 251, 250, 250, 250, 250, 250, 249, 249, 249, 249, 250, 250, 250, 250, 250, 249, 249, 251, 252, 252, 252, 252, 252, 251, 250, 251, 251, 252, 252, 253, 250, 249, 242, 236, 224, 216, 211, 196, 182, 177, 171, 163, 155, 150, 139, 136, 132, 127, 124, 121, 117, 113, 105, 101, 100, 104, 105, 100, 94, 93, 90, 87, 90, 91, 85, 83, 84, 83, 88, 83, 83, 89, 91, 88, 90, 95, 94, 99, 101, 96, 100, 100, 102, 104, 110, 114, 109, 76, 34, 20, 24, 23, 23, 21, 19, 19, 19, 19, 19, 18, 19, 20, 21, 21, 21, 22, 20, 17, 17, 19, 21, 22, 22, 22, 22, 23, 24, 26, 23, 25, 23, 24, 24, 47, 87, 95, 94, 97, 94, 88, 87, 87, 83, 84, 85, 84, 82, 80, 80, 81, 82, 79, 77, 77, 77, 77, 78, 79, 81, 81, 79, 77, 75, 75, 75, 76, 75, 75, 75, 73, 72, 73, 74, 74, 72, 72, 72, 72, 72, 71, 70, 69, 69, 71, 72, 72, 71, 71, 72, 73, 70, 72, 73, 72, 72, 73, 75, 76, 76, 77, 78, 85, 83, 83, 86, 29]","[29, 29, 245, 251, 252, 251, 250, 250, 250, 250, 250, 249, 249, 250, 250, 250, 252, 252, 252, 251, 250, 251, 251, 251, 252, 252, 252, 252, 252, 252, 252, 252, 252, 252, 252, 252, 252, 253, 253, 253, 250, 250, 250, 248, 244, 236, 224, 212, 207, 201, 188, 175, 165, 159, 152, 147, 145, 135, 128, 126, 121, 115, 111, 108, 101, 98, 99, 98, 94, 92, 91, 88, 83, 83, 87, 91, 90, 85, 84, 88, 86, 90, 90, 86, 90, 88, 89, 90, 95, 94, 83, 45, 22, 27, 25, 22, 20, 19, 17, 17, 17, 18, 17, 16, 19, 19, 20, 19, 18, 17, 17, 18, 16, 18, 20, 21, 20, 21, 21, 23, 23, 24, 24, 24, 23, 26, 25, 36, 93, 106, 101, 104, 103, 102, 105, 107, 103, 100, 97, 95, 95, 95, 95, 94, 91, 89, 88, 88, 87, 84, 83, 82, 79, 80, 81, 81, 81, 82, 81, 81, 80, 82, 82, 81, 80, 80, 79, 77, 76, 76, 75, 76, 75, 75, 76, 77, 73, 75, 76, 76, 75, 74, 74, 75, 72, 74, 75, 74, 73, 74, 74, 74, 75, 74, 75, 81, 79, 81, 84, 27]","[29, 29, 246, 252, 252, 252, 251, 251, 251, 251, 251, 251, 251, 251, 251, 251, 250, 251, 251, 251, 251, 251, 251, 251, 252, 252, 253, 253, 253, 252, 252, 251, 252, 252, 253, 253, 253, 252, 251, 250, 252, 252, 253, 252, 251, 253, 253, 251, 251, 252, 253, 253, 251, 244, 234, 225, 220, 207, 195, 184, 170, 161, 156, 149, 142, 138, 132, 126, 122, 120, 116, 110, 107, 105, 101, 93, 89, 88, 89, 89, 87, 89, 89, 86, 89, 86, 86, 87, 86, 79, 57, 31, 24, 25, 22, 22, 20, 19, 17, 16, 17, 17, 17, 17, 18, 18, 18, 19, 18, 16, 17, 19, 17, 18, 19, 20, 20, 21, 23, 24, 24, 24, 23, 24, 24, 28, 28, 31, 88, 115, 117, 116, 110, 109, 109, 104, 108, 107, 107, 107, 106, 104, 102, 100, 102, 101, 100, 100, 98, 94, 90, 89, 93, 91, 87, 85, 85, 87, 87, 86, 86, 87, 87, 87, 87, 87, 85, 82, 82, 82, 82, 82, 81, 80, 81, 82, 79, 80, 80, 80, 80, 79, 77, 76, 78, 79, 78, 76, 75, 77, 78, 79, 78, 77, 80, 82, 81, 81, 79, 29]","[29, 30, 246, 252, 253, 253, 251, 251, 251, 251, 251, 252, 252, 252, 252, 252, 252, 251, 251, 251, 251, 251, 251, 251, 252, 252, 251, 251, 252, 252, 253, 253, 253, 253, 253, 251, 253, 252, 253, 253, 253, 252, 252, 252, 251, 251, 252, 252, 251, 251, 251, 252, 253, 253, 253, 252, 253, 251, 251, 249, 243, 239, 234, 227, 218, 209, 191, 175, 166, 162, 156, 151, 142, 134, 128, 126, 123, 115, 108, 107, 103, 98, 98, 95, 94, 89, 89, 89, 87, 75, 38, 24, 27, 22, 23, 18, 20, 19, 18, 17, 16, 16, 17, 17, 18, 17, 17, 18, 18, 17, 17, 19, 17, 17, 18, 18, 20, 21, 23, 24, 24, 24, 24, 24, 24, 28, 30, 31, 66, 122, 160, 168, 160, 155, 149, 137, 131, 126, 118, 112, 112, 114, 115, 114, 114, 113, 111, 111, 110, 108, 106, 106, 103, 100, 95, 92, 92, 93, 92, 90, 92, 92, 91, 90, 91, 92, 91, 89, 89, 90, 91, 91, 90, 88, 88, 88, 88, 88, 87, 88, 87, 86, 84, 82, 80, 81, 81, 81, 81, 82, 83, 83, 79, 79, 79, 80, 80, 80, 78, 30]","[29, 30, 246, 252, 253, 252, 252, 252, 252, 252, 252, 252, 253, 253, 252, 252, 252, 252, 251, 251, 251, 251, 251, 251, 251, 252, 252, 252, 253, 252, 251, 251, 252, 251, 253, 251, 253, 251, 252, 251, 253, 251, 251, 253, 253, 253, 253, 252, 252, 252, 252, 252, 251, 251, 252, 253, 251, 251, 251, 252, 252, 252, 252, 250, 252, 253, 251, 248, 244, 237, 226, 220, 217, 199, 181, 173, 164, 151, 143, 143, 140, 130, 128, 123, 115, 104, 103, 101, 95, 71, 37, 28, 27, 23, 23, 19, 20, 20, 19, 18, 17, 16, 16, 16, 16, 15, 15, 16, 17, 16, 16, 17, 17, 16, 16, 17, 20, 22, 23, 24, 24, 25, 24, 24, 24, 25, 28, 31, 39, 97, 156, 177, 179, 181, 184, 181, 179, 176, 169, 161, 157, 154, 147, 140, 129, 126, 122, 120, 117, 114, 113, 113, 108, 108, 108, 109, 110, 108, 103, 98, 103, 102, 101, 100, 101, 102, 100, 98, 97, 97, 97, 97, 96, 95, 95, 96, 95, 95, 94, 94, 94, 93, 92, 90, 88, 87, 88, 89, 90, 89, 88, 87, 88, 88, 82, 83, 83, 83, 84, 28]","[29, 30, 246, 252, 253, 253, 253, 252, 253, 253, 253, 253, 253, 253, 253, 252, 252, 252, 252, 252, 252, 252, 251, 252, 251, 251, 252, 252, 252, 252, 253, 253, 253, 252, 253, 251, 253, 252, 253, 253, 253, 253, 253, 253, 252, 253, 253, 252, 252, 252, 252, 253, 253, 252, 252, 253, 253, 252, 252, 251, 252, 251, 252, 253, 252, 253, 252, 252, 252, 251, 251, 252, 251, 251, 248, 243, 242, 241, 234, 226, 222, 207, 203, 196, 180, 162, 157, 152, 124, 65, 32, 24, 25, 26, 19, 25, 21, 21, 21, 20, 18, 17, 16, 17, 17, 16, 17, 18, 18, 19, 19, 19, 18, 16, 16, 17, 21, 23, 24, 24, 23, 24, 24, 23, 24, 23, 27, 30, 29, 62, 110, 133, 143, 146, 153, 156, 164, 173, 179, 180, 181, 185, 187, 185, 188, 182, 174, 167, 159, 152, 148, 147, 140, 137, 131, 126, 123, 121, 119, 117, 117, 116, 115, 114, 114, 113, 110, 107, 104, 102, 100, 98, 97, 96, 98, 100, 101, 101, 100, 100, 100, 101, 101, 100, 101, 98, 95, 95, 95, 94, 94, 94, 94, 95, 87, 91, 91, 92, 95, 28]","[29, 29, 246, 252, 252, 252, 253, 252, 252, 252, 252, 252, 253, 253, 253, 253, 252, 252, 252, 252, 252, 252, 252, 252, 252, 252, 252, 252, 252, 252, 252, 252, 252, 252, 252, 252, 252, 252, 252, 252, 251, 251, 252, 252, 252, 252, 252, 252, 253, 253, 252, 252, 252, 252, 252, 252, 252, 252, 252, 252, 252, 252, 252, 252, 252, 252, 252, 252, 252, 251, 251, 250, 251, 250, 251, 251, 251, 251, 251, 253, 249, 253, 253, 250, 245, 238, 229, 223, 186, 86, 36, 26, 25, 21, 26, 23, 21, 21, 20, 19, 18, 17, 17, 17, 16, 15, 15, 16, 17, 18, 18, 19, 18, 17, 16, 17, 20, 22, 23, 25, 24, 24, 24, 24, 24, 24, 26, 27, 29, 40, 72, 98, 105, 108, 110, 109, 114, 123, 124, 131, 146, 154, 162, 170, 176, 179, 181, 177, 177, 181, 182, 186, 180, 172, 166, 161, 159, 154, 152, 141, 131, 134, 131, 124, 122, 124, 122, 117, 115, 115, 114, 114, 113, 111, 109, 110, 110, 108, 105, 102, 102, 107, 107, 103, 102, 101, 101, 101, 99, 98, 99, 102, 101, 101, 99, 96, 99, 99, 97, 29]","[29, 29, 246, 252, 252, 252, 253, 252, 252, 252, 252, 252, 252, 252, 252, 252, 252, 252, 252, 252, 252, 252, 252, 252, 252, 252, 252, 252, 252, 252, 252, 252, 252, 252, 252, 252, 252, 252, 252, 252, 253, 253, 253, 253, 253, 253, 253, 253, 253, 253, 252, 252, 252, 252, 252, 252, 253, 253, 252, 252, 252, 252, 252, 252, 252, 252, 252, 252, 252, 252, 252, 252, 248, 248, 250, 252, 252, 250, 249, 251, 253, 252, 250, 249, 251, 251, 250, 249, 225, 90, 31, 25, 25, 23, 25, 23, 22, 21, 19, 18, 18, 18, 18, 18, 18, 17, 17, 18, 18, 18, 18, 19, 18, 16, 16, 16, 18, 19, 21, 23, 24, 24, 24, 24, 24, 24, 25, 25, 31, 29, 48, 73, 88, 96, 98, 100, 104, 112, 111, 111, 113, 111, 111, 114, 119, 128, 139, 145, 154, 165, 174, 184, 186, 187, 188, 187, 187, 185, 190, 188, 178, 176, 169, 160, 155, 151, 141, 130, 122, 125, 125, 126, 128, 129, 126, 125, 119, 119, 120, 119, 115, 113, 113, 112, 108, 105, 104, 105, 108, 109, 108, 107, 104, 106, 105, 107, 105, 104, 106, 30]","[29, 29, 245, 252, 252, 252, 253, 252, 252, 252, 252, 252, 252, 252, 252, 252, 252, 252, 252, 252, 252, 252, 252, 252, 252, 252, 252, 252, 252, 252, 252, 252, 252, 252, 252, 252, 252, 252, 252, 252, 252, 252, 253, 253, 253, 253, 253, 253, 253, 252, 252, 252, 252, 252, 252, 252, 252, 252, 252, 253, 253, 253, 253, 253, 252, 252, 252, 253, 253, 253, 253, 252, 253, 253, 251, 249, 250, 252, 251, 249, 249, 249, 248, 250, 251, 250, 249, 250, 234, 83, 27, 27, 24, 23, 23, 25, 22, 21, 19, 18, 19, 20, 20, 19, 19, 18, 18, 18, 18, 18, 18, 18, 18, 17, 16, 16, 17, 18, 20, 22, 23, 24, 24, 24, 24, 24, 24, 24, 29, 25, 34, 52, 71, 83, 89, 94, 95, 100, 98, 97, 98, 99, 103, 107, 104, 107, 111, 111, 111, 113, 115, 121, 123, 130, 137, 142, 151, 157, 170, 178, 186, 188, 189, 187, 189, 192, 192, 189, 185, 182, 171, 159, 152, 145, 138, 134, 138, 132, 130, 130, 126, 124, 125, 128, 127, 124, 121, 120, 120, 119, 118, 117, 113, 109, 105, 114, 113, 113, 114, 25]","[29, 29, 245, 252, 252, 252, 253, 252, 252, 252, 252, 252, 252, 252, 252, 252, 252, 252, 252, 252, 252, 252, 252, 252, 252, 252, 252, 252, 252, 252, 252, 252, 252, 252, 252, 252, 252, 252, 252, 252, 252, 252, 252, 252, 252, 252, 252, 252, 252, 252, 252, 252, 252, 252, 252, 252, 252, 252, 252, 252, 252, 252, 253, 253, 252, 252, 252, 252, 252, 252, 252, 252, 250, 252, 252, 251, 251, 250, 251, 249, 250, 251, 251, 250, 250, 249, 248, 249, 241, 91, 27, 27, 26, 25, 23, 23, 23, 21, 19, 19, 20, 21, 20, 19, 18, 18, 18, 18, 18, 17, 17, 18, 18, 18, 17, 17, 16, 17, 19, 22, 24, 24, 25, 24, 24, 24, 24, 24, 23, 24, 28, 35, 54, 74, 86, 97, 97, 99, 99, 102, 104, 102, 103, 101, 105, 103, 103, 102, 105, 107, 106, 110, 114, 117, 116, 116, 123, 122, 127, 130, 130, 132, 137, 148, 165, 179, 183, 181, 186, 189, 189, 188, 188, 187, 186, 186, 183, 173, 165, 162, 156, 149, 142, 139, 138, 136, 133, 131, 131, 130, 130, 129, 128, 126, 124, 127, 121, 120, 122, 33]","[29, 29, 245, 252, 252, 252, 253, 252, 252, 252, 252, 252, 252, 252, 252, 252, 252, 252, 252, 252, 252, 252, 252, 252, 252, 252, 252, 252, 252, 252, 252, 252, 252, 252, 252, 252, 252, 252, 252, 252, 252, 252, 252, 252, 252, 252, 252, 252, 252, 252, 252, 252, 252, 252, 252, 252, 252, 252, 252, 252, 252, 252, 252, 252, 253, 252, 252, 252, 252, 252, 252, 252, 253, 252, 249, 250, 250, 247, 248, 247, 248, 250, 248, 247, 249, 249, 249, 249, 236, 104, 29, 24, 26, 23, 24, 24, 23, 21, 20, 19, 20, 21, 20, 19, 18, 18, 18, 18, 18, 18, 17, 18, 17, 17, 17, 16, 16, 16, 19, 21, 25, 25, 25, 25, 24, 24, 24, 25, 24, 25, 24, 25, 41, 65, 86, 104, 110, 108, 101, 101, 103, 105, 108, 107, 110, 106, 105, 103, 106, 106, 103, 105, 105, 107, 106, 108, 116, 112, 111, 110, 113, 115, 117, 118, 121, 126, 133, 137, 144, 149, 156, 164, 172, 177, 183, 192, 199, 195, 193, 193, 190, 188, 186, 184, 180, 175, 167, 161, 156, 151, 143, 137, 136, 133, 133, 137, 141, 141, 131, 27]","[29, 29, 246, 252, 252, 252, 253, 252, 252, 252, 252, 252, 252, 252, 252, 252, 252, 252, 252, 252, 252, 252, 252, 252, 252, 252, 252, 252, 252, 252, 252, 252, 252, 252, 252, 252, 252, 252, 252, 252, 252, 252, 252, 252, 252, 252, 252, 252, 252, 252, 252, 252, 252, 252, 252, 252, 252, 252, 252, 252, 252, 252, 252, 252, 252, 252, 252, 252, 253, 253, 253, 252, 250, 252, 250, 249, 249, 247, 248, 246, 246, 242, 237, 236, 241, 244, 245, 247, 232, 117, 31, 21, 25, 22, 24, 24, 22, 22, 21, 20, 20, 20, 19, 19, 19, 18, 18, 19, 19, 18, 18, 18, 17, 17, 17, 17, 16, 17, 19, 21, 25, 25, 25, 25, 24, 24, 24, 25, 26, 25, 25, 26, 33, 48, 69, 94, 121, 132, 135, 131, 128, 126, 124, 120, 119, 118, 118, 115, 114, 113, 109, 110, 106, 106, 105, 106, 111, 107, 110, 110, 108, 107, 109, 114, 118, 118, 116, 113, 119, 119, 120, 122, 124, 125, 131, 141, 144, 150, 159, 164, 166, 172, 182, 188, 194, 195, 196, 195, 195, 194, 191, 189, 180, 179, 174, 163, 159, 154, 148, 29]","[29, 29, 246, 252, 252, 252, 253, 252, 252, 252, 252, 252, 252, 252, 252, 252, 252, 252, 252, 252, 252, 252, 252, 252, 252, 252, 252, 252, 252, 252, 252, 252, 252, 252, 252, 252, 252, 252, 252, 252, 252, 252, 252, 252, 252, 252, 252, 252, 252, 252, 252, 252, 252, 252, 252, 252, 252, 252, 252, 252, 252, 252, 252, 252, 252, 252, 252, 252, 252, 253, 253, 252, 252, 251, 246, 248, 243, 224, 201, 177, 158, 139, 120, 116, 128, 147, 173, 195, 192, 103, 30, 20, 26, 25, 25, 20, 22, 22, 22, 21, 20, 19, 20, 20, 20, 19, 18, 19, 19, 19, 18, 17, 18, 17, 17, 18, 17, 17, 18, 20, 24, 24, 25, 25, 24, 24, 24, 24, 23, 23, 26, 26, 27, 31, 44, 62, 106, 149, 176, 176, 168, 160, 154, 146, 143, 142, 140, 135, 134, 133, 128, 128, 130, 126, 123, 119, 116, 111, 116, 116, 115, 113, 110, 108, 106, 106, 111, 117, 113, 113, 113, 113, 113, 109, 108, 111, 110, 116, 125, 129, 128, 130, 134, 136, 147, 155, 164, 170, 174, 180, 187, 192, 192, 198, 200, 197, 199, 195, 189, 30]","[29, 29, 246, 252, 252, 252, 253, 252, 252, 252, 252, 252, 252, 252, 252, 252, 252, 252, 252, 252, 252, 252, 252, 252, 252, 252, 252, 252, 252, 252, 252, 252, 252, 252, 252, 252, 252, 252, 252, 252, 252, 252, 252, 252, 252, 252, 252, 252, 252, 252, 252, 252, 252, 252, 252, 252, 252, 252, 252, 252, 252, 252, 252, 252, 252, 252, 252, 252, 252, 252, 252, 252, 249, 250, 245, 233, 181, 110, 72, 60, 48, 40, 36, 41, 44, 42, 48, 62, 83, 44, 21, 25, 22, 21, 23, 23, 22, 23, 22, 21, 19, 19, 20, 22, 21, 19, 18, 18, 19, 19, 17, 16, 17, 17, 17, 17, 17, 16, 17, 18, 22, 23, 24, 25, 25, 24, 24, 24, 26, 24, 25, 24, 26, 30, 34, 39, 54, 136, 208, 236, 242, 239, 229, 218, 211, 204, 192, 177, 169, 163, 151, 146, 146, 142, 141, 139, 134, 128, 131, 129, 125, 122, 122, 124, 122, 116, 111, 110, 112, 111, 110, 110, 113, 114, 113, 113, 118, 114, 112, 115, 118, 121, 122, 120, 117, 122, 127, 129, 130, 135, 141, 144, 154, 167, 175, 179, 187, 193, 202, 28]","[29, 29, 246, 252, 252, 251, 252, 252, 252, 252, 252, 252, 252, 252, 252, 252, 252, 252, 252, 252, 252, 252, 252, 252, 252, 252, 252, 252, 252, 252, 252, 252, 252, 252, 252, 252, 252, 252, 252, 252, 252, 252, 252, 252, 252, 252, 252, 252, 252, 252, 252, 252, 252, 252, 252, 252, 252, 252, 252, 252, 252, 252, 252, 252, 252, 250, 252, 255, 250, 253, 250, 251, 248, 244, 182, 102, 60, 41, 30, 29, 30, 28, 28, 30, 29, 26, 24, 25, 25, 23, 20, 18, 17, 18, 21, 23, 23, 23, 23, 22, 22, 21, 21, 20, 21, 20, 20, 19, 19, 19, 19, 18, 19, 19, 18, 17, 16, 16, 17, 17, 23, 24, 25, 25, 24, 23, 23, 23, 22, 23, 24, 25, 25, 26, 30, 34, 32, 49, 146, 236, 253, 253, 252, 251, 253, 251, 255, 254, 253, 253, 236, 218, 211, 207, 200, 194, 187, 176, 162, 153, 149, 146, 141, 137, 135, 133, 132, 131, 131, 123, 124, 121, 120, 118, 120, 114, 116, 115, 116, 118, 119, 122, 122, 121, 119, 120, 122, 124, 126, 127, 127, 125, 127, 126, 128, 132, 137, 135, 137, 31]","[29, 29, 246, 253, 252, 252, 253, 252, 252, 252, 252, 252, 252, 252, 252, 252, 252, 252, 252, 252, 252, 252, 252, 252, 252, 252, 252, 252, 252, 252, 252, 252, 252, 252, 252, 252, 252, 252, 252, 252, 252, 252, 252, 252, 252, 252, 252, 252, 252, 252, 252, 252, 252, 252, 252, 252, 252, 252, 252, 252, 252, 252, 252, 252, 252, 253, 250, 254, 250, 252, 251, 248, 240, 163, 83, 47, 38, 32, 26, 25, 26, 24, 24, 25, 25, 23, 23, 24, 27, 24, 20, 18, 16, 16, 17, 19, 21, 21, 22, 22, 22, 21, 21, 20, 20, 20, 19, 19, 19, 18, 18, 17, 19, 19, 18, 17, 16, 16, 16, 16, 21, 24, 25, 24, 24, 24, 24, 23, 22, 23, 24, 24, 24, 25, 28, 31, 31, 32, 60, 158, 237, 253, 251, 254, 254, 250, 253, 252, 251, 254, 253, 253, 254, 252, 251, 250, 248, 244, 239, 235, 232, 218, 200, 186, 179, 173, 165, 159, 150, 145, 149, 149, 147, 142, 140, 132, 132, 125, 121, 122, 122, 122, 122, 123, 122, 119, 116, 116, 120, 124, 125, 123, 124, 127, 130, 128, 131, 130, 128, 26]","[29, 29, 246, 254, 253, 253, 253, 252, 252, 252, 252, 252, 252, 252, 252, 252, 252, 252, 252, 252, 252, 252, 252, 252, 252, 252, 252, 252, 252, 252, 252, 252, 252, 252, 252, 252, 252, 252, 252, 252, 252, 252, 252, 252, 252, 252, 252, 252, 252, 252, 252, 252, 252, 252, 252, 252, 252, 252, 252, 252, 252, 252, 252, 252, 252, 253, 253, 250, 253, 252, 250, 243, 176, 85, 33, 31, 27, 24, 25, 24, 23, 21, 20, 21, 21, 21, 22, 23, 24, 22, 19, 17, 15, 15, 16, 17, 19, 20, 22, 23, 23, 22, 21, 21, 21, 20, 19, 19, 19, 19, 18, 18, 19, 19, 19, 19, 17, 17, 16, 16, 20, 23, 25, 24, 23, 24, 25, 24, 23, 23, 23, 24, 24, 24, 26, 29, 35, 29, 36, 63, 158, 234, 252, 253, 253, 249, 252, 254, 253, 252, 251, 253, 252, 252, 253, 253, 254, 254, 255, 255, 255, 254, 253, 253, 252, 248, 241, 235, 223, 211, 202, 190, 178, 168, 163, 157, 162, 150, 144, 145, 143, 138, 136, 136, 131, 131, 130, 128, 126, 125, 124, 122, 123, 124, 126, 126, 130, 129, 126, 32]","[29, 29, 246, 253, 253, 253, 253, 253, 252, 252, 252, 252, 252, 252, 252, 252, 252, 252, 252, 252, 252, 252, 252, 252, 252, 252, 252, 252, 252, 252, 252, 252, 252, 252, 252, 252, 252, 252, 252, 252, 252, 252, 252, 252, 252, 252, 252, 252, 252, 252, 252, 252, 252, 252, 252, 252, 252, 252, 252, 252, 252, 252, 252, 252, 253, 250, 254, 250, 252, 251, 244, 191, 82, 32, 23, 31, 24, 24, 23, 18, 21, 19, 18, 18, 19, 19, 21, 22, 21, 20, 18, 16, 16, 15, 16, 17, 18, 19, 21, 23, 24, 23, 21, 20, 21, 20, 19, 19, 19, 19, 19, 18, 20, 20, 19, 19, 18, 17, 16, 17, 18, 22, 25, 24, 23, 25, 25, 24, 24, 24, 24, 24, 24, 24, 25, 27, 31, 29, 30, 39, 57, 147, 237, 251, 253, 252, 252, 251, 251, 253, 252, 251, 253, 253, 253, 252, 251, 251, 252, 253, 252, 254, 255, 254, 252, 252, 254, 254, 254, 253, 254, 254, 254, 251, 247, 242, 231, 219, 211, 207, 198, 185, 174, 169, 165, 158, 150, 146, 147, 145, 139, 133, 134, 138, 140, 132, 132, 134, 131, 27]","[29, 29, 246, 253, 252, 252, 253, 253, 252, 252, 252, 252, 252, 252, 252, 252, 252, 252, 252, 252, 252, 252, 252, 252, 252, 252, 252, 252, 252, 252, 252, 252, 252, 252, 252, 252, 252, 252, 252, 252, 252, 252, 252, 252, 252, 252, 252, 252, 252, 252, 252, 252, 252, 252, 252, 252, 252, 252, 252, 252, 252, 252, 252, 252, 253, 251, 251, 253, 249, 249, 217, 95, 39, 21, 24, 26, 23, 23, 20, 21, 20, 18, 17, 17, 18, 18, 19, 20, 21, 20, 18, 17, 16, 15, 15, 16, 17, 18, 20, 22, 23, 22, 20, 19, 20, 19, 19, 19, 19, 19, 19, 18, 19, 19, 18, 17, 16, 16, 16, 16, 16, 20, 24, 24, 24, 24, 24, 22, 25, 24, 24, 24, 24, 24, 25, 26, 29, 36, 30, 32, 37, 60, 168, 250, 253, 255, 253, 251, 251, 252, 254, 254, 251, 252, 252, 251, 251, 251, 252, 252, 253, 253, 254, 254, 254, 254, 253, 252, 254, 252, 251, 252, 252, 253, 253, 253, 254, 251, 251, 254, 253, 249, 245, 241, 233, 229, 222, 210, 198, 187, 178, 173, 170, 160, 153, 150, 151, 147, 148, 30]","[29, 29, 246, 252, 251, 252, 253, 253, 252, 252, 252, 252, 252, 252, 252, 252, 252, 252, 252, 252, 252, 252, 252, 252, 252, 252, 252, 252, 252, 252, 252, 252, 252, 252, 252, 252, 252, 252, 252, 252, 252, 252, 252, 252, 252, 252, 252, 252, 252, 252, 252, 252, 252, 252, 252, 252, 252, 252, 252, 252, 252, 252, 252, 252, 253, 253, 250, 252, 249, 239, 149, 44, 29, 28, 27, 22, 21, 19, 15, 20, 20, 20, 19, 18, 18, 19, 19, 19, 20, 19, 18, 18, 17, 16, 16, 17, 17, 18, 20, 22, 22, 21, 20, 19, 19, 19, 19, 19, 19, 19, 19, 19, 19, 19, 18, 17, 16, 16, 16, 17, 17, 19, 23, 24, 25, 25, 24, 23, 24, 24, 24, 24, 24, 24, 25, 26, 30, 28, 30, 35, 31, 39, 87, 209, 253, 255, 252, 253, 254, 251, 250, 250, 252, 252, 252, 253, 253, 253, 253, 253, 254, 252, 251, 251, 252, 253, 253, 253, 253, 254, 252, 255, 253, 253, 251, 252, 253, 252, 253, 253, 252, 253, 253, 250, 255, 253, 252, 254, 254, 254, 247, 240, 236, 225, 220, 212, 197, 178, 177, 27]","[29, 29, 245, 252, 251, 251, 252, 252, 252, 252, 252, 252, 252, 252, 252, 252, 252, 252, 252, 252, 252, 252, 252, 252, 252, 252, 252, 252, 252, 252, 252, 252, 252, 252, 252, 252, 252, 252, 252, 252, 252, 252, 252, 252, 252, 252, 252, 252, 252, 252, 252, 252, 252, 252, 252, 252, 252, 252, 252, 252, 252, 252, 252, 252, 252, 253, 252, 249, 248, 197, 80, 39, 26, 28, 26, 24, 26, 25, 20, 18, 21, 20, 19, 19, 19, 19, 19, 18, 18, 17, 17, 18, 18, 18, 17, 18, 17, 18, 19, 21, 21, 21, 20, 20, 19, 19, 18, 19, 19, 20, 20, 20, 18, 18, 18, 18, 17, 17, 17, 18, 17, 18, 20, 24, 25, 25, 24, 25, 23, 23, 24, 24, 24, 24, 25, 26, 29, 28, 31, 33, 44, 39, 54, 154, 247, 253, 251, 252, 254, 253, 254, 252, 252, 252, 252, 252, 251, 251, 251, 250, 250, 251, 253, 253, 253, 253, 254, 254, 252, 254, 252, 254, 252, 253, 250, 252, 252, 251, 251, 252, 251, 252, 254, 253, 251, 252, 253, 252, 252, 253, 254, 254, 254, 254, 253, 252, 254, 254, 239, 30]","[29, 29, 245, 253, 252, 252, 252, 251, 252, 252, 252, 252, 252, 252, 252, 252, 252, 252, 252, 252, 252, 252, 252, 252, 252, 252, 252, 252, 252, 252, 252, 252, 252, 252, 252, 252, 252, 252, 252, 252, 252, 252, 252, 252, 252, 252, 252, 252, 252, 252, 252, 252, 252, 252, 252, 252, 252, 252, 252, 252, 252, 252, 252, 252, 251, 253, 250, 251, 243, 149, 51, 31, 28, 25, 24, 24, 19, 16, 19, 20, 20, 20, 19, 18, 18, 18, 18, 17, 18, 18, 18, 18, 18, 17, 17, 17, 16, 17, 18, 19, 20, 20, 20, 20, 18, 18, 17, 18, 19, 19, 19, 19, 17, 17, 18, 18, 17, 17, 17, 17, 16, 15, 17, 22, 24, 23, 23, 25, 23, 23, 24, 25, 25, 25, 26, 27, 26, 29, 30, 32, 29, 42, 46, 100, 231, 251, 255, 252, 250, 251, 254, 251, 252, 252, 252, 252, 252, 252, 252, 253, 253, 253, 253, 252, 251, 251, 252, 253, 252, 254, 251, 253, 251, 253, 250, 253, 253, 251, 252, 254, 252, 252, 252, 251, 252, 252, 252, 253, 253, 254, 253, 252, 253, 253, 252, 253, 253, 252, 246, 28]","[29, 29, 245, 252, 252, 252, 253, 252, 252, 252, 252, 252, 252, 252, 252, 252, 252, 252, 252, 252, 252, 252, 252, 252, 252, 252, 252, 252, 252, 252, 252, 252, 252, 252, 252, 252, 252, 252, 252, 252, 252, 252, 252, 252, 252, 252, 252, 252, 252, 252, 252, 252, 252, 252, 252, 252, 251, 251, 251, 251, 253, 252, 251, 253, 253, 254, 250, 249, 230, 105, 38, 34, 25, 26, 24, 20, 18, 19, 19, 18, 19, 19, 18, 18, 18, 18, 18, 18, 18, 18, 18, 18, 18, 17, 16, 16, 16, 17, 18, 20, 21, 21, 20, 19, 18, 17, 17, 18, 20, 21, 20, 19, 17, 18, 18, 19, 19, 17, 17, 17, 16, 16, 17, 20, 23, 24, 24, 23, 24, 24, 24, 25, 25, 24, 25, 26, 28, 31, 32, 31, 34, 37, 42, 75, 202, 253, 253, 255, 253, 252, 251, 252, 252, 252, 252, 252, 252, 252, 252, 252, 252, 252, 252, 252, 252, 252, 252, 252, 252, 252, 252, 252, 252, 252, 252, 252, 252, 252, 252, 252, 252, 252, 252, 252, 252, 252, 252, 252, 252, 252, 252, 252, 253, 253, 252, 253, 252, 252, 244, 29]","[29, 29, 245, 252, 252, 252, 253, 252, 252, 252, 252, 252, 252, 252, 252, 252, 252, 252, 252, 252, 252, 252, 252, 252, 252, 252, 252, 252, 252, 252, 252, 252, 252, 252, 252, 252, 252, 252, 252, 252, 252, 252, 252, 252, 252, 252, 252, 252, 252, 252, 252, 252, 252, 252, 252, 252, 252, 252, 253, 253, 253, 252, 251, 251, 253, 250, 251, 249, 203, 75, 33, 31, 24, 25, 23, 20, 19, 19, 19, 18, 18, 18, 19, 19, 19, 18, 18, 18, 19, 19, 18, 19, 19, 18, 17, 17, 17, 17, 18, 20, 21, 21, 20, 19, 20, 19, 19, 19, 21, 21, 20, 19, 18, 18, 18, 19, 18, 17, 16, 16, 16, 16, 17, 20, 23, 24, 24, 24, 25, 24, 24, 25, 25, 24, 25, 27, 30, 31, 30, 31, 37, 39, 38, 65, 181, 252, 254, 253, 251, 252, 254, 252, 252, 252, 252, 252, 252, 252, 252, 252, 252, 252, 252, 252, 252, 252, 252, 252, 252, 252, 252, 252, 252, 252, 252, 252, 252, 252, 252, 252, 252, 252, 252, 252, 252, 252, 252, 252, 252, 252, 252, 252, 253, 253, 253, 253, 251, 252, 244, 29]","[29, 29, 245, 252, 252, 252, 253, 252, 252, 252, 252, 252, 252, 252, 252, 252, 252, 252, 252, 252, 252, 252, 252, 252, 252, 252, 252, 252, 252, 252, 252, 252, 252, 252, 252, 252, 252, 252, 252, 252, 252, 252, 252, 252, 252, 252, 252, 252, 252, 252, 252, 252, 252, 252, 252, 252, 253, 252, 252, 251, 250, 251, 253, 253, 253, 250, 251, 250, 186, 56, 29, 25, 22, 23, 23, 20, 19, 19, 19, 18, 17, 18, 19, 19, 19, 18, 17, 17, 19, 18, 18, 19, 19, 18, 17, 16, 17, 16, 17, 19, 21, 21, 20, 18, 19, 19, 20, 20, 20, 20, 19, 19, 19, 18, 18, 18, 17, 16, 16, 16, 16, 15, 17, 19, 21, 23, 23, 24, 24, 24, 24, 24, 24, 24, 24, 26, 29, 30, 30, 31, 37, 38, 36, 60, 177, 253, 254, 252, 252, 251, 254, 251, 252, 252, 252, 252, 252, 252, 252, 252, 252, 252, 252, 252, 252, 252, 252, 252, 252, 252, 252, 252, 252, 252, 252, 252, 252, 252, 252, 252, 252, 252, 252, 252, 252, 252, 252, 252, 252, 252, 252, 252, 252, 252, 252, 252, 251, 252, 244, 29]","[29, 29, 245, 252, 252, 252, 253, 252, 252, 252, 252, 252, 252, 252, 252, 252, 252, 252, 252, 252, 252, 252, 252, 252, 252, 252, 252, 252, 252, 252, 252, 252, 252, 252, 252, 252, 252, 252, 252, 252, 252, 252, 252, 252, 252, 252, 252, 252, 252, 252, 252, 252, 252, 252, 252, 252, 251, 251, 252, 253, 252, 252, 253, 251, 251, 251, 248, 246, 182, 55, 28, 26, 23, 23, 23, 21, 19, 19, 18, 17, 17, 18, 20, 20, 19, 18, 18, 18, 19, 18, 18, 18, 19, 18, 16, 16, 16, 16, 17, 20, 22, 21, 20, 19, 19, 19, 19, 20, 20, 19, 19, 18, 19, 18, 17, 17, 17, 17, 16, 16, 16, 16, 17, 19, 20, 21, 23, 24, 24, 24, 24, 24, 24, 23, 24, 25, 26, 28, 31, 31, 34, 38, 42, 70, 194, 254, 252, 254, 253, 251, 252, 251, 252, 252, 252, 252, 252, 252, 252, 252, 252, 252, 252, 252, 252, 252, 252, 252, 252, 252, 252, 252, 252, 252, 252, 252, 252, 252, 252, 252, 252, 252, 252, 252, 252, 252, 252, 252, 252, 252, 252, 252, 252, 252, 252, 252, 251, 252, 244, 29]","[29, 29, 245, 252, 252, 252, 253, 252, 252, 252, 252, 252, 252, 252, 252, 252, 252, 252, 252, 252, 252, 252, 252, 252, 252, 252, 252, 252, 252, 252, 252, 252, 252, 252, 252, 252, 252, 252, 252, 252, 252, 252, 252, 252, 252, 252, 252, 252, 252, 252, 252, 252, 252, 252, 252, 251, 252, 251, 251, 251, 250, 251, 252, 251, 248, 251, 248, 247, 179, 53, 24, 25, 24, 24, 22, 21, 19, 19, 18, 18, 18, 19, 20, 20, 19, 19, 19, 19, 19, 18, 18, 19, 19, 18, 16, 16, 15, 16, 19, 21, 22, 22, 21, 21, 18, 19, 19, 20, 19, 19, 19, 19, 19, 18, 17, 17, 17, 17, 16, 17, 17, 17, 17, 18, 19, 20, 22, 24, 24, 24, 25, 26, 25, 24, 24, 25, 24, 27, 31, 31, 34, 41, 50, 80, 209, 251, 251, 254, 251, 253, 252, 253, 252, 252, 252, 252, 252, 252, 252, 252, 252, 252, 252, 252, 252, 252, 252, 252, 252, 252, 252, 252, 252, 252, 252, 252, 252, 252, 252, 252, 252, 252, 252, 252, 252, 252, 252, 252, 252, 252, 252, 252, 252, 252, 252, 252, 251, 253, 244, 29]","[29, 29, 245, 252, 252, 252, 253, 252, 252, 252, 252, 252, 252, 252, 252, 252, 252, 252, 252, 252, 252, 252, 252, 252, 252, 252, 252, 252, 252, 252, 252, 252, 252, 252, 252, 252, 252, 252, 252, 252, 252, 252, 252, 252, 252, 252, 252, 252, 252, 252, 252, 253, 252, 252, 252, 251, 251, 252, 251, 249, 251, 251, 250, 249, 249, 246, 244, 235, 155, 45, 23, 25, 23, 22, 21, 20, 20, 19, 19, 19, 19, 19, 20, 19, 18, 18, 19, 19, 19, 18, 19, 19, 19, 17, 16, 16, 14, 15, 18, 20, 21, 20, 20, 21, 17, 18, 18, 18, 18, 18, 19, 19, 19, 18, 17, 17, 17, 16, 16, 16, 16, 16, 15, 16, 17, 18, 21, 23, 24, 24, 25, 26, 25, 24, 24, 25, 24, 25, 29, 31, 35, 44, 51, 78, 209, 249, 254, 254, 249, 254, 253, 253, 252, 252, 252, 252, 252, 252, 252, 252, 252, 252, 252, 252, 252, 252, 252, 252, 252, 252, 252, 252, 252, 252, 252, 252, 252, 252, 252, 252, 252, 252, 252, 252, 252, 252, 252, 252, 252, 252, 252, 252, 252, 252, 252, 252, 251, 252, 244, 29]","[29, 29, 245, 252, 252, 252, 253, 252, 252, 252, 252, 252, 252, 252, 252, 252, 252, 252, 252, 252, 252, 252, 252, 252, 252, 252, 252, 252, 252, 252, 252, 252, 252, 252, 252, 252, 252, 252, 252, 252, 252, 252, 252, 252, 252, 252, 252, 252, 252, 252, 252, 252, 252, 252, 251, 251, 247, 251, 249, 245, 245, 239, 229, 225, 224, 208, 194, 169, 99, 32, 23, 21, 20, 19, 19, 19, 20, 20, 19, 19, 19, 19, 19, 19, 18, 18, 18, 18, 18, 19, 19, 20, 18, 17, 16, 16, 15, 15, 17, 18, 19, 19, 19, 20, 18, 17, 17, 17, 17, 18, 18, 18, 18, 17, 17, 18, 17, 16, 16, 16, 16, 14, 14, 14, 16, 18, 21, 23, 24, 24, 24, 24, 24, 24, 25, 26, 26, 26, 29, 32, 36, 43, 46, 69, 203, 251, 254, 254, 250, 253, 252, 252, 252, 252, 252, 252, 252, 252, 252, 252, 252, 252, 252, 252, 252, 252, 252, 252, 252, 252, 252, 252, 252, 252, 252, 252, 252, 252, 252, 252, 252, 252, 252, 252, 252, 252, 252, 252, 252, 252, 252, 252, 252, 252, 251, 252, 251, 251, 244, 29]","[29, 29, 245, 252, 252, 252, 253, 252, 252, 252, 252, 252, 252, 252, 252, 252, 252, 252, 252, 252, 252, 252, 252, 252, 252, 252, 252, 252, 252, 252, 252, 252, 252, 252, 252, 252, 252, 252, 252, 252, 252, 252, 252, 252, 252, 252, 252, 252, 252, 252, 252, 252, 252, 251, 250, 250, 247, 241, 216, 185, 163, 136, 111, 103, 95, 85, 76, 63, 38, 25, 27, 19, 16, 16, 17, 19, 20, 20, 20, 20, 21, 21, 20, 20, 20, 20, 19, 19, 19, 20, 21, 21, 19, 17, 17, 18, 17, 17, 17, 18, 19, 19, 19, 20, 19, 18, 17, 17, 17, 18, 18, 18, 16, 16, 17, 18, 17, 16, 16, 17, 16, 15, 14, 15, 17, 20, 22, 25, 25, 24, 24, 24, 24, 24, 26, 27, 29, 28, 32, 33, 35, 40, 42, 63, 197, 252, 252, 254, 253, 253, 252, 252, 252, 252, 252, 252, 252, 252, 252, 252, 252, 252, 252, 252, 252, 252, 252, 252, 252, 252, 252, 252, 252, 252, 252, 252, 252, 252, 252, 252, 252, 252, 252, 252, 252, 252, 252, 252, 252, 252, 252, 252, 252, 252, 251, 252, 251, 251, 244, 28]","[29, 29, 246, 252, 252, 252, 253, 252, 252, 252, 252, 252, 252, 252, 252, 252, 252, 252, 252, 252, 252, 252, 252, 252, 252, 252, 252, 252, 252, 252, 252, 252, 252, 252, 252, 252, 252, 252, 252, 252, 252, 252, 252, 252, 252, 252, 252, 252, 254, 248, 253, 252, 247, 250, 245, 238, 227, 183, 138, 100, 74, 65, 58, 49, 47, 45, 43, 41, 36, 29, 23, 21, 18, 17, 17, 18, 20, 21, 21, 22, 23, 21, 20, 19, 19, 19, 18, 19, 19, 21, 22, 21, 20, 18, 18, 18, 16, 16, 16, 18, 18, 17, 17, 17, 17, 17, 17, 17, 16, 16, 16, 17, 17, 17, 17, 18, 17, 17, 16, 16, 15, 15, 15, 16, 19, 23, 24, 24, 25, 24, 24, 24, 25, 24, 24, 25, 29, 30, 31, 32, 36, 41, 42, 66, 198, 251, 253, 253, 253, 252, 253, 252, 252, 252, 252, 252, 252, 252, 252, 252, 252, 252, 252, 252, 252, 252, 252, 252, 252, 252, 252, 252, 252, 252, 252, 252, 252, 252, 252, 252, 252, 252, 252, 252, 252, 252, 252, 252, 252, 252, 252, 252, 252, 252, 252, 252, 251, 252, 244, 29]","[29, 29, 246, 252, 252, 252, 253, 252, 252, 252, 252, 252, 252, 252, 252, 252, 252, 252, 252, 252, 252, 252, 252, 252, 252, 252, 252, 252, 252, 252, 252, 252, 252, 252, 252, 252, 252, 252, 252, 252, 252, 252, 252, 252, 252, 252, 252, 252, 249, 253, 248, 251, 250, 246, 228, 203, 150, 102, 65, 50, 40, 33, 30, 32, 32, 30, 28, 29, 28, 24, 21, 20, 18, 17, 17, 18, 20, 22, 23, 24, 24, 23, 21, 20, 20, 19, 19, 19, 20, 22, 22, 21, 19, 19, 18, 17, 16, 16, 16, 18, 19, 19, 17, 17, 17, 18, 18, 17, 17, 16, 17, 17, 17, 17, 17, 16, 16, 16, 16, 16, 16, 16, 16, 17, 19, 23, 24, 24, 24, 24, 24, 24, 24, 24, 24, 25, 27, 28, 30, 32, 36, 39, 40, 67, 201, 253, 253, 253, 253, 252, 253, 252, 252, 252, 252, 252, 252, 252, 252, 252, 252, 252, 252, 252, 252, 252, 252, 252, 252, 252, 252, 252, 252, 252, 252, 252, 252, 252, 252, 252, 252, 252, 252, 252, 252, 252, 252, 252, 252, 252, 252, 252, 252, 252, 252, 252, 251, 252, 244, 29]","[29, 29, 246, 252, 252, 252, 253, 252, 252, 252, 252, 252, 252, 252, 252, 252, 252, 252, 252, 252, 252, 252, 252, 252, 252, 252, 252, 252, 252, 252, 252, 252, 252, 252, 252, 252, 252, 252, 252, 252, 252, 252, 252, 252, 252, 252, 252, 252, 252, 253, 250, 247, 244, 217, 186, 127, 76, 50, 39, 39, 35, 30, 26, 26, 26, 24, 23, 25, 26, 24, 23, 22, 18, 17, 16, 17, 19, 21, 22, 23, 24, 22, 20, 20, 20, 20, 19, 19, 21, 22, 22, 20, 18, 19, 18, 16, 16, 15, 15, 17, 19, 19, 17, 16, 17, 17, 17, 17, 17, 16, 17, 17, 17, 16, 16, 16, 16, 16, 16, 17, 17, 17, 17, 17, 20, 22, 24, 24, 24, 23, 23, 24, 24, 24, 24, 24, 26, 26, 30, 33, 36, 37, 39, 67, 202, 254, 253, 253, 253, 252, 253, 251, 252, 252, 252, 252, 252, 252, 252, 252, 252, 252, 252, 252, 252, 252, 252, 252, 252, 252, 252, 252, 252, 252, 252, 252, 252, 252, 252, 252, 252, 252, 252, 252, 252, 252, 252, 252, 252, 252, 252, 252, 252, 252, 252, 252, 251, 252, 244, 29]","[29, 29, 246, 252, 252, 252, 253, 252, 252, 252, 252, 252, 252, 252, 252, 252, 252, 252, 252, 252, 252, 252, 252, 252, 252, 252, 252, 252, 252, 252, 252, 252, 252, 252, 252, 252, 252, 252, 252, 252, 252, 252, 252, 251, 252, 252, 253, 253, 251, 251, 248, 250, 228, 187, 125, 67, 38, 33, 35, 33, 27, 26, 25, 22, 23, 22, 22, 23, 24, 23, 21, 20, 18, 17, 16, 16, 16, 18, 20, 22, 23, 21, 20, 20, 21, 20, 19, 19, 21, 22, 21, 18, 18, 20, 19, 16, 15, 14, 14, 16, 18, 18, 17, 16, 16, 16, 16, 16, 16, 16, 16, 16, 16, 16, 16, 16, 16, 16, 16, 17, 17, 17, 17, 17, 19, 22, 24, 24, 24, 24, 24, 25, 25, 24, 24, 25, 25, 27, 30, 32, 35, 38, 41, 68, 201, 253, 253, 252, 252, 252, 253, 251, 252, 252, 252, 252, 252, 252, 252, 252, 252, 252, 252, 252, 252, 252, 252, 252, 252, 252, 252, 252, 252, 252, 252, 252, 252, 252, 252, 252, 252, 252, 252, 252, 252, 252, 252, 252, 252, 252, 252, 252, 252, 252, 252, 252, 251, 252, 244, 29]","[29, 29, 246, 252, 252, 252, 253, 252, 252, 252, 252, 252, 252, 252, 252, 252, 252, 252, 252, 252, 252, 252, 252, 252, 252, 252, 252, 252, 252, 252, 252, 252, 252, 252, 252, 252, 252, 252, 252, 252, 252, 252, 252, 252, 252, 252, 253, 252, 250, 250, 242, 238, 205, 130, 69, 42, 34, 28, 29, 29, 26, 25, 24, 25, 19, 20, 22, 23, 23, 22, 20, 20, 19, 19, 18, 17, 15, 15, 18, 22, 24, 22, 22, 22, 23, 22, 20, 20, 20, 21, 20, 18, 18, 20, 19, 17, 15, 15, 15, 17, 17, 17, 17, 17, 16, 16, 16, 16, 16, 16, 16, 16, 16, 16, 16, 17, 17, 17, 17, 17, 17, 17, 17, 17, 19, 22, 24, 24, 24, 24, 25, 26, 26, 25, 25, 26, 27, 29, 31, 30, 35, 41, 44, 68, 199, 252, 253, 252, 253, 252, 253, 251, 252, 252, 252, 252, 252, 252, 252, 252, 252, 252, 252, 252, 252, 252, 252, 252, 252, 252, 252, 252, 252, 252, 252, 252, 252, 252, 252, 252, 252, 252, 252, 252, 252, 252, 252, 252, 252, 252, 252, 252, 252, 252, 252, 252, 251, 252, 244, 29]","[29, 29, 246, 252, 252, 252, 253, 252, 252, 252, 252, 252, 252, 252, 252, 252, 252, 252, 252, 252, 252, 252, 252, 252, 252, 252, 252, 252, 252, 252, 252, 252, 252, 252, 252, 252, 252, 252, 252, 252, 252, 252, 252, 252, 252, 252, 253, 252, 251, 249, 244, 225, 173, 69, 42, 30, 30, 25, 26, 27, 26, 26, 23, 24, 21, 23, 25, 25, 24, 23, 22, 22, 20, 20, 19, 18, 16, 16, 19, 23, 24, 24, 23, 23, 23, 21, 20, 19, 20, 20, 19, 19, 20, 20, 20, 19, 16, 16, 16, 17, 17, 17, 17, 18, 17, 17, 16, 17, 17, 17, 16, 16, 16, 17, 17, 17, 17, 17, 17, 17, 16, 17, 17, 17, 18, 21, 23, 24, 24, 24, 26, 26, 26, 25, 25, 26, 28, 31, 31, 30, 35, 43, 45, 67, 198, 252, 253, 253, 253, 252, 253, 251, 252, 252, 252, 252, 252, 252, 252, 252, 252, 252, 252, 252, 252, 252, 252, 252, 252, 252, 252, 252, 252, 252, 252, 252, 252, 252, 252, 252, 252, 252, 252, 252, 252, 252, 252, 252, 252, 252, 252, 252, 252, 252, 252, 252, 251, 252, 244, 29]","[29, 29, 246, 252, 252, 252, 253, 252, 252, 252, 252, 252, 252, 252, 252, 252, 252, 252, 252, 252, 252, 252, 252, 252, 252, 252, 252, 252, 252, 252, 252, 252, 252, 252, 252, 252, 252, 252, 252, 252, 252, 252, 252, 252, 252, 252, 252, 252, 249, 248, 240, 213, 122, 48, 36, 28, 27, 25, 25, 21, 20, 23, 23, 24, 23, 24, 24, 23, 22, 22, 21, 20, 20, 19, 19, 17, 16, 16, 19, 21, 24, 24, 23, 22, 21, 20, 19, 20, 21, 20, 20, 21, 21, 20, 19, 20, 18, 16, 15, 16, 17, 17, 17, 17, 17, 17, 16, 17, 17, 17, 16, 16, 17, 17, 16, 16, 16, 17, 17, 17, 17, 17, 17, 17, 18, 20, 22, 23, 23, 24, 25, 26, 26, 25, 25, 26, 29, 31, 31, 31, 36, 42, 44, 67, 197, 251, 253, 253, 253, 251, 253, 252, 252, 252, 252, 252, 252, 252, 252, 252, 252, 252, 252, 252, 252, 252, 252, 252, 252, 252, 252, 252, 252, 252, 252, 252, 252, 252, 252, 252, 252, 252, 252, 252, 252, 252, 252, 252, 252, 252, 252, 252, 252, 252, 252, 252, 251, 252, 244, 29]","[29, 29, 246, 252, 252, 252, 253, 252, 252, 252, 252, 252, 252, 252, 252, 252, 252, 252, 252, 252, 252, 252, 252, 252, 252, 252, 252, 252, 252, 252, 252, 252, 252, 252, 252, 252, 252, 252, 252, 252, 251, 252, 252, 252, 252, 252, 252, 251, 249, 248, 225, 163, 65, 29, 29, 27, 26, 23, 24, 24, 23, 22, 20, 22, 23, 22, 21, 20, 20, 21, 21, 20, 20, 18, 17, 16, 15, 15, 17, 19, 24, 23, 22, 21, 20, 19, 19, 21, 22, 20, 20, 22, 22, 20, 19, 21, 19, 16, 14, 14, 16, 16, 16, 16, 17, 16, 16, 16, 16, 16, 16, 15, 17, 17, 16, 16, 16, 16, 17, 17, 17, 18, 17, 17, 18, 20, 22, 23, 22, 23, 25, 26, 25, 24, 24, 25, 29, 30, 31, 32, 36, 41, 42, 67, 195, 250, 253, 253, 252, 251, 253, 252, 252, 252, 252, 252, 252, 252, 252, 252, 252, 252, 252, 252, 252, 252, 252, 252, 252, 252, 252, 252, 252, 252, 252, 252, 252, 252, 252, 252, 252, 252, 252, 252, 252, 252, 252, 252, 252, 252, 252, 252, 252, 252, 252, 252, 251, 252, 244, 29]","[29, 29, 246, 252, 252, 252, 253, 252, 252, 252, 252, 252, 252, 252, 252, 252, 252, 252, 252, 252, 252, 252, 252, 252, 252, 252, 252, 252, 252, 252, 252, 252, 252, 253, 253, 253, 254, 252, 250, 252, 252, 251, 253, 252, 250, 253, 248, 251, 249, 214, 133, 66, 38, 28, 30, 28, 25, 25, 25, 25, 24, 23, 21, 20, 21, 21, 21, 20, 20, 20, 19, 19, 19, 19, 19, 18, 16, 15, 17, 19, 22, 24, 24, 22, 20, 20, 20, 20, 20, 21, 22, 21, 20, 19, 20, 20, 19, 18, 16, 15, 16, 17, 17, 16, 16, 16, 16, 16, 16, 16, 16, 16, 17, 17, 17, 17, 17, 17, 17, 17, 18, 17, 17, 17, 17, 18, 21, 23, 24, 26, 26, 24, 25, 27, 26, 24, 28, 30, 32, 32, 36, 43, 46, 67, 200, 252, 253, 254, 251, 252, 252, 251, 252, 252, 252, 252, 252, 252, 252, 252, 252, 252, 252, 252, 252, 252, 252, 252, 252, 252, 252, 252, 252, 252, 252, 252, 252, 252, 252, 252, 252, 252, 252, 252, 252, 252, 252, 252, 252, 252, 252, 252, 252, 252, 252, 252, 251, 252, 244, 29]","[29, 29, 246, 252, 252, 252, 253, 252, 252, 252, 252, 252, 252, 252, 252, 252, 252, 252, 252, 252, 252, 252, 252, 252, 252, 252, 252, 252, 252, 252, 252, 252, 250, 251, 251, 250, 251, 251, 253, 255, 252, 253, 252, 251, 251, 250, 249, 248, 206, 132, 71, 49, 38, 32, 29, 27, 25, 25, 24, 24, 24, 23, 21, 20, 20, 20, 20, 19, 19, 19, 19, 18, 18, 18, 18, 18, 16, 16, 17, 19, 22, 23, 24, 22, 21, 21, 21, 20, 20, 21, 22, 22, 21, 20, 20, 20, 18, 16, 14, 14, 15, 17, 17, 16, 16, 16, 16, 17, 16, 16, 16, 16, 16, 16, 16, 16, 16, 16, 16, 16, 16, 16, 16, 16, 17, 18, 20, 22, 24, 25, 25, 25, 26, 27, 28, 27, 29, 30, 32, 32, 34, 40, 44, 67, 200, 252, 252, 254, 252, 252, 252, 252, 252, 252, 252, 252, 252, 252, 252, 252, 252, 252, 252, 252, 252, 252, 252, 252, 252, 252, 252, 252, 252, 252, 252, 252, 252, 252, 252, 252, 252, 252, 252, 252, 252, 252, 252, 252, 252, 252, 252, 252, 252, 252, 252, 252, 251, 252, 244, 29]","[29, 29, 246, 252, 252, 252, 253, 252, 252, 252, 252, 252, 252, 252, 252, 252, 252, 252, 252, 252, 252, 252, 252, 252, 252, 252, 252, 252, 252, 252, 252, 252, 253, 253, 252, 253, 254, 253, 251, 249, 254, 251, 251, 251, 249, 248, 248, 214, 127, 79, 59, 44, 30, 33, 30, 24, 26, 25, 24, 24, 24, 23, 22, 21, 20, 20, 20, 19, 19, 19, 19, 19, 19, 19, 19, 18, 16, 16, 16, 18, 21, 22, 23, 22, 22, 22, 21, 20, 20, 20, 21, 21, 21, 20, 20, 20, 18, 17, 14, 14, 15, 17, 17, 17, 17, 17, 17, 17, 17, 16, 16, 16, 16, 16, 16, 16, 16, 16, 16, 16, 16, 16, 16, 17, 17, 18, 20, 23, 24, 25, 26, 27, 28, 29, 30, 31, 30, 30, 32, 32, 33, 38, 42, 67, 201, 253, 252, 254, 252, 252, 252, 252, 252, 252, 252, 252, 252, 252, 252, 252, 252, 252, 252, 252, 252, 252, 252, 252, 252, 252, 252, 252, 252, 252, 252, 252, 252, 252, 252, 252, 252, 252, 252, 252, 252, 252, 252, 252, 252, 252, 252, 252, 252, 252, 252, 252, 251, 252, 244, 29]","[29, 29, 246, 252, 252, 252, 253, 252, 252, 252, 252, 252, 252, 252, 252, 252, 252, 252, 252, 252, 252, 252, 252, 252, 252, 252, 252, 252, 252, 252, 252, 252, 251, 252, 253, 252, 250, 251, 253, 253, 252, 252, 251, 249, 247, 248, 215, 125, 71, 59, 58, 43, 31, 32, 25, 25, 25, 25, 25, 24, 22, 21, 21, 21, 20, 20, 20, 19, 19, 20, 20, 20, 19, 19, 19, 18, 17, 16, 16, 18, 20, 21, 22, 22, 22, 22, 21, 19, 19, 19, 19, 20, 21, 21, 20, 19, 19, 17, 15, 14, 14, 16, 17, 16, 16, 16, 16, 16, 16, 16, 16, 15, 17, 16, 16, 16, 16, 16, 16, 16, 16, 16, 16, 17, 17, 18, 21, 23, 24, 24, 26, 28, 29, 29, 30, 32, 30, 29, 31, 32, 33, 37, 41, 66, 202, 253, 252, 253, 252, 251, 251, 252, 252, 252, 252, 252, 252, 252, 252, 252, 252, 252, 252, 252, 252, 252, 252, 252, 252, 252, 252, 252, 252, 252, 252, 252, 252, 252, 252, 252, 252, 252, 252, 252, 252, 252, 252, 252, 252, 252, 252, 252, 252, 252, 252, 252, 251, 252, 244, 29]","[29, 29, 246, 252, 252, 252, 253, 252, 252, 252, 252, 252, 252, 252, 252, 252, 252, 252, 252, 252, 252, 252, 252, 252, 252, 252, 252, 252, 252, 252, 252, 252, 253, 251, 251, 252, 252, 252, 252, 249, 249, 249, 246, 246, 238, 212, 143, 67, 53, 52, 47, 36, 31, 28, 22, 25, 24, 25, 25, 23, 20, 19, 19, 20, 19, 19, 19, 18, 18, 19, 19, 19, 19, 19, 19, 19, 17, 16, 17, 18, 20, 21, 22, 21, 21, 22, 21, 20, 20, 19, 19, 20, 20, 20, 20, 19, 19, 17, 15, 13, 13, 15, 16, 16, 16, 16, 16, 16, 16, 16, 16, 15, 16, 16, 16, 15, 15, 15, 15, 16, 16, 16, 16, 16, 16, 17, 20, 23, 23, 24, 26, 28, 29, 29, 30, 31, 31, 29, 31, 32, 35, 39, 41, 65, 200, 253, 252, 252, 251, 251, 251, 253, 252, 252, 252, 252, 252, 252, 252, 252, 252, 252, 252, 252, 252, 252, 252, 252, 252, 252, 252, 252, 252, 252, 252, 252, 252, 252, 252, 252, 252, 252, 252, 252, 252, 252, 252, 252, 252, 252, 252, 252, 252, 252, 252, 252, 251, 252, 244, 29]","[29, 29, 246, 252, 252, 252, 253, 252, 252, 252, 252, 252, 252, 252, 252, 252, 252, 252, 252, 252, 252, 252, 252, 252, 252, 252, 252, 252, 252, 252, 252, 252, 253, 251, 252, 252, 250, 251, 251, 247, 250, 243, 238, 226, 174, 111, 61, 43, 45, 47, 42, 33, 26, 25, 26, 23, 24, 25, 25, 23, 20, 18, 18, 19, 19, 19, 19, 18, 18, 18, 19, 19, 19, 18, 19, 19, 18, 17, 17, 18, 20, 22, 23, 22, 22, 22, 22, 21, 22, 21, 20, 20, 20, 20, 20, 20, 19, 18, 15, 13, 13, 15, 17, 17, 17, 17, 17, 17, 17, 17, 16, 16, 16, 16, 16, 16, 16, 16, 16, 16, 16, 16, 16, 16, 16, 17, 20, 24, 24, 25, 26, 28, 29, 29, 30, 30, 31, 29, 30, 32, 36, 41, 41, 63, 194, 253, 252, 252, 251, 252, 251, 253, 252, 252, 252, 252, 252, 252, 252, 252, 252, 252, 252, 252, 252, 252, 252, 252, 252, 252, 252, 252, 252, 252, 252, 252, 252, 252, 252, 252, 252, 252, 252, 252, 252, 252, 252, 252, 252, 252, 252, 252, 252, 252, 252, 252, 251, 252, 244, 29]","[29, 29, 246, 252, 252, 252, 253, 252, 252, 252, 252, 252, 252, 252, 252, 252, 252, 252, 252, 252, 252, 252, 252, 252, 252, 252, 252, 252, 252, 252, 252, 252, 253, 248, 249, 251, 247, 235, 210, 183, 150, 124, 104, 87, 64, 53, 48, 42, 36, 32, 29, 29, 27, 25, 25, 25, 25, 25, 25, 24, 22, 20, 20, 20, 20, 20, 19, 18, 18, 19, 19, 19, 19, 19, 19, 19, 18, 17, 16, 17, 19, 21, 23, 23, 22, 23, 23, 22, 22, 21, 20, 20, 20, 21, 21, 21, 20, 18, 16, 14, 13, 15, 17, 17, 17, 17, 17, 17, 17, 17, 17, 16, 17, 17, 17, 17, 16, 16, 16, 16, 16, 17, 17, 17, 16, 17, 20, 23, 25, 26, 26, 26, 27, 29, 30, 29, 30, 30, 31, 32, 35, 41, 41, 62, 188, 252, 253, 252, 252, 253, 251, 253, 252, 252, 252, 252, 252, 252, 252, 252, 252, 252, 252, 252, 252, 252, 252, 252, 252, 252, 252, 252, 252, 252, 252, 252, 252, 252, 252, 252, 252, 252, 252, 252, 252, 252, 252, 252, 252, 252, 252, 252, 252, 252, 252, 252, 251, 252, 244, 29]","[29, 29, 246, 252, 252, 252, 253, 252, 252, 252, 252, 252, 252, 252, 252, 252, 252, 252, 252, 252, 252, 252, 252, 252, 252, 252, 252, 252, 252, 252, 252, 252, 249, 250, 244, 217, 170, 131, 107, 91, 87, 83, 80, 75, 68, 52, 45, 37, 28, 32, 30, 22, 23, 25, 22, 25, 25, 24, 24, 24, 23, 22, 20, 19, 20, 20, 19, 18, 18, 19, 19, 19, 20, 20, 19, 19, 17, 16, 15, 15, 17, 20, 22, 23, 22, 23, 22, 22, 20, 20, 19, 19, 19, 21, 22, 23, 20, 19, 16, 13, 12, 14, 15, 16, 16, 16, 16, 16, 16, 16, 16, 16, 17, 17, 16, 16, 16, 16, 16, 16, 15, 16, 17, 17, 16, 16, 19, 22, 24, 25, 24, 23, 24, 28, 29, 27, 30, 30, 32, 31, 34, 41, 41, 61, 185, 252, 254, 253, 252, 253, 251, 251, 252, 252, 252, 252, 252, 252, 252, 252, 252, 252, 252, 252, 252, 252, 252, 252, 252, 252, 252, 252, 252, 252, 252, 252, 252, 252, 252, 252, 252, 252, 252, 252, 252, 252, 252, 252, 252, 252, 252, 252, 252, 252, 252, 252, 251, 252, 244, 29]","[29, 29, 245, 252, 252, 252, 253, 252, 252, 252, 252, 252, 252, 252, 252, 252, 252, 252, 252, 252, 252, 252, 252, 252, 251, 253, 252, 251, 251, 252, 251, 251, 249, 228, 173, 120, 94, 90, 85, 90, 90, 89, 88, 83, 70, 56, 42, 29, 25, 24, 24, 24, 24, 24, 25, 26, 24, 24, 23, 23, 23, 22, 21, 20, 20, 20, 20, 19, 19, 19, 19, 20, 19, 19, 19, 18, 17, 17, 17, 17, 16, 18, 19, 20, 21, 22, 21, 21, 20, 19, 18, 18, 19, 20, 20, 20, 18, 16, 16, 16, 14, 14, 15, 16, 16, 16, 16, 16, 16, 16, 16, 16, 17, 16, 16, 16, 16, 16, 16, 16, 16, 16, 16, 16, 16, 17, 20, 22, 24, 24, 24, 24, 25, 26, 27, 28, 29, 28, 31, 30, 35, 39, 39, 54, 173, 254, 253, 253, 254, 250, 252, 253, 252, 252, 252, 252, 252, 252, 252, 252, 252, 252, 252, 252, 252, 252, 252, 252, 252, 252, 252, 252, 252, 252, 252, 252, 252, 252, 252, 252, 252, 252, 252, 252, 252, 252, 252, 252, 252, 252, 252, 252, 252, 252, 252, 252, 251, 252, 244, 29]","[29, 29, 245, 252, 252, 252, 253, 252, 252, 252, 252, 252, 252, 252, 252, 252, 252, 252, 252, 252, 252, 252, 252, 252, 250, 253, 251, 250, 252, 249, 250, 243, 197, 126, 86, 77, 79, 92, 98, 94, 94, 91, 92, 90, 81, 68, 52, 37, 27, 24, 22, 24, 25, 23, 23, 25, 24, 24, 24, 24, 23, 23, 22, 22, 20, 20, 20, 20, 20, 20, 20, 19, 19, 19, 19, 19, 19, 18, 17, 16, 16, 17, 19, 19, 20, 21, 21, 20, 19, 19, 20, 20, 21, 20, 20, 19, 19, 17, 17, 16, 14, 14, 16, 16, 17, 16, 16, 16, 16, 16, 16, 16, 17, 16, 16, 16, 16, 17, 17, 17, 17, 16, 16, 16, 16, 17, 19, 22, 24, 24, 24, 24, 24, 24, 25, 26, 28, 27, 30, 29, 33, 37, 39, 55, 165, 252, 254, 255, 253, 252, 252, 251, 252, 252, 252, 252, 252, 252, 252, 252, 252, 252, 252, 252, 252, 252, 252, 252, 252, 252, 252, 252, 252, 252, 252, 252, 252, 252, 252, 252, 252, 252, 252, 252, 252, 252, 252, 252, 252, 252, 252, 252, 252, 252, 252, 252, 251, 252, 244, 29]","[29, 29, 245, 252, 252, 252, 253, 252, 252, 252, 252, 252, 252, 252, 252, 252, 252, 252, 252, 252, 252, 252, 252, 252, 253, 252, 251, 252, 248, 252, 242, 194, 112, 72, 73, 81, 87, 91, 90, 90, 92, 87, 86, 85, 81, 76, 69, 59, 44, 34, 25, 22, 20, 18, 19, 23, 24, 24, 24, 23, 23, 23, 23, 23, 21, 20, 20, 20, 20, 20, 19, 19, 19, 19, 18, 19, 19, 18, 16, 15, 15, 16, 17, 18, 19, 20, 20, 19, 19, 20, 20, 20, 20, 19, 19, 19, 19, 17, 16, 16, 13, 13, 15, 15, 17, 16, 16, 16, 16, 16, 17, 17, 16, 16, 16, 16, 16, 16, 16, 16, 17, 16, 16, 16, 16, 17, 19, 21, 23, 24, 24, 24, 24, 24, 24, 24, 25, 26, 29, 29, 33, 37, 41, 55, 145, 243, 253, 253, 250, 253, 253, 252, 252, 252, 252, 252, 252, 252, 252, 252, 252, 252, 252, 252, 252, 252, 252, 252, 252, 252, 252, 252, 252, 252, 252, 252, 252, 252, 252, 252, 252, 252, 252, 252, 252, 252, 252, 252, 252, 252, 252, 252, 252, 252, 252, 252, 251, 252, 244, 29]","[29, 29, 245, 252, 252, 252, 253, 252, 252, 252, 252, 252, 252, 252, 252, 252, 252, 252, 252, 252, 252, 252, 252, 252, 250, 253, 251, 252, 252, 247, 202, 109, 68, 75, 86, 81, 83, 83, 78, 83, 76, 76, 79, 80, 76, 71, 67, 60, 51, 40, 28, 20, 16, 15, 17, 21, 23, 23, 24, 24, 24, 23, 23, 24, 22, 21, 19, 19, 19, 20, 19, 18, 20, 19, 18, 18, 19, 18, 16, 15, 15, 16, 17, 18, 18, 20, 20, 20, 20, 20, 20, 18, 18, 18, 19, 19, 19, 16, 16, 15, 12, 12, 13, 14, 15, 16, 16, 16, 16, 16, 17, 17, 16, 16, 17, 16, 16, 16, 16, 17, 17, 16, 16, 16, 16, 16, 18, 21, 24, 25, 25, 25, 24, 24, 24, 24, 24, 25, 28, 29, 33, 37, 40, 49, 132, 245, 253, 254, 252, 253, 253, 251, 252, 252, 252, 252, 252, 252, 252, 252, 252, 252, 252, 252, 252, 252, 252, 252, 252, 252, 252, 252, 252, 252, 252, 252, 252, 252, 252, 252, 252, 252, 252, 252, 252, 252, 252, 252, 252, 252, 252, 252, 252, 252, 252, 252, 251, 252, 244, 29]","[29, 29, 245, 252, 252, 252, 253, 252, 252, 252, 252, 252, 252, 252, 252, 252, 252, 252, 252, 252, 252, 252, 252, 252, 251, 254, 249, 251, 247, 223, 113, 71, 68, 80, 84, 85, 82, 80, 75, 71, 70, 68, 68, 66, 59, 52, 46, 40, 36, 32, 26, 20, 17, 17, 18, 19, 23, 24, 25, 25, 25, 24, 24, 24, 24, 22, 20, 19, 19, 19, 19, 19, 22, 20, 19, 19, 20, 19, 18, 16, 16, 17, 18, 18, 19, 20, 21, 20, 21, 21, 20, 19, 18, 18, 19, 20, 19, 16, 16, 15, 13, 12, 13, 13, 14, 14, 15, 15, 15, 15, 15, 16, 16, 17, 17, 17, 17, 17, 18, 19, 16, 16, 17, 16, 15, 16, 18, 21, 24, 25, 25, 24, 24, 24, 25, 26, 24, 24, 26, 27, 30, 33, 36, 41, 115, 241, 253, 252, 255, 252, 252, 252, 252, 252, 252, 252, 252, 252, 252, 252, 252, 252, 252, 252, 252, 252, 252, 252, 252, 252, 252, 252, 252, 252, 252, 252, 252, 252, 252, 252, 252, 252, 252, 252, 252, 252, 252, 252, 252, 252, 252, 252, 252, 252, 252, 252, 251, 252, 244, 29]","[29, 29, 245, 252, 252, 252, 253, 252, 252, 252, 252, 252, 252, 252, 252, 252, 252, 252, 252, 252, 252, 252, 252, 252, 253, 253, 248, 248, 243, 137, 75, 69, 78, 83, 76, 76, 68, 68, 69, 65, 66, 56, 47, 41, 34, 32, 31, 27, 25, 25, 23, 19, 17, 17, 17, 16, 21, 22, 24, 25, 25, 24, 24, 23, 25, 23, 21, 19, 19, 20, 21, 21, 22, 20, 19, 19, 19, 19, 17, 16, 15, 16, 17, 18, 19, 20, 20, 19, 20, 20, 20, 19, 19, 18, 18, 18, 18, 16, 16, 15, 13, 12, 13, 12, 13, 14, 14, 14, 14, 14, 15, 15, 15, 16, 16, 16, 17, 17, 18, 18, 17, 17, 17, 17, 16, 16, 18, 21, 24, 24, 24, 24, 24, 24, 25, 26, 25, 24, 24, 25, 28, 34, 38, 41, 91, 222, 250, 250, 254, 252, 252, 253, 252, 252, 252, 252, 252, 252, 252, 252, 252, 252, 252, 252, 252, 252, 252, 252, 252, 252, 252, 252, 252, 252, 252, 252, 252, 252, 252, 252, 252, 252, 252, 252, 252, 252, 252, 252, 252, 252, 252, 252, 252, 252, 252, 252, 251, 252, 244, 29]","[29, 29, 245, 252, 252, 252, 253, 252, 252, 252, 252, 252, 252, 252, 252, 252, 252, 252, 252, 252, 252, 252, 252, 252, 250, 248, 252, 249, 193, 87, 69, 74, 77, 79, 70, 66, 65, 63, 56, 52, 44, 35, 30, 28, 25, 24, 25, 22, 25, 24, 22, 19, 16, 15, 15, 16, 19, 20, 21, 23, 24, 24, 23, 23, 23, 22, 21, 20, 20, 21, 22, 23, 20, 19, 19, 19, 19, 18, 16, 15, 14, 16, 17, 18, 19, 19, 19, 19, 19, 19, 18, 18, 18, 18, 17, 17, 17, 15, 16, 16, 13, 12, 13, 12, 13, 14, 14, 14, 14, 15, 17, 19, 18, 18, 17, 17, 17, 17, 17, 16, 17, 18, 18, 17, 16, 16, 19, 22, 23, 23, 24, 24, 23, 24, 24, 25, 24, 24, 24, 25, 28, 33, 40, 41, 74, 199, 254, 253, 254, 254, 250, 252, 252, 252, 252, 252, 252, 252, 252, 252, 252, 252, 252, 252, 252, 252, 252, 252, 252, 252, 252, 252, 252, 252, 252, 252, 252, 252, 252, 252, 252, 252, 252, 252, 252, 252, 252, 252, 252, 252, 252, 252, 252, 252, 252, 252, 251, 252, 244, 29]","[29, 29, 245, 252, 252, 252, 253, 252, 252, 252, 252, 252, 252, 252, 252, 252, 252, 252, 252, 252, 252, 252, 252, 252, 252, 251, 249, 233, 128, 74, 77, 79, 74, 66, 64, 57, 55, 48, 41, 34, 27, 23, 24, 25, 22, 22, 24, 23, 24, 22, 20, 20, 19, 17, 16, 17, 19, 19, 20, 22, 23, 24, 24, 24, 21, 21, 20, 19, 20, 21, 22, 23, 20, 19, 19, 19, 19, 18, 16, 14, 15, 16, 18, 19, 20, 20, 20, 19, 21, 19, 18, 17, 17, 18, 18, 18, 17, 16, 17, 17, 14, 13, 13, 13, 14, 14, 15, 15, 16, 18, 21, 23, 24, 23, 22, 21, 20, 19, 18, 17, 18, 18, 18, 18, 17, 17, 20, 23, 23, 23, 24, 24, 24, 24, 24, 24, 24, 24, 25, 25, 26, 30, 36, 35, 56, 174, 253, 253, 251, 255, 250, 253, 252, 252, 252, 252, 252, 252, 252, 252, 252, 252, 252, 252, 252, 252, 252, 252, 252, 252, 252, 252, 252, 252, 252, 252, 252, 252, 252, 252, 252, 252, 252, 252, 252, 252, 252, 252, 252, 252, 252, 252, 252, 252, 252, 252, 251, 252, 244, 29]","[29, 29, 245, 252, 252, 252, 253, 252, 252, 252, 252, 252, 252, 252, 252, 252, 252, 252, 252, 252, 252, 253, 253, 252, 248, 253, 249, 207, 102, 75, 75, 73, 68, 62, 55, 49, 44, 37, 29, 25, 23, 23, 22, 20, 20, 20, 21, 21, 22, 20, 18, 18, 19, 18, 17, 16, 18, 18, 19, 20, 23, 24, 24, 24, 23, 22, 22, 23, 22, 19, 20, 22, 22, 19, 18, 20, 21, 19, 17, 15, 16, 15, 16, 17, 18, 18, 18, 18, 18, 18, 17, 17, 18, 18, 17, 17, 16, 16, 16, 16, 15, 14, 12, 10, 12, 14, 16, 17, 18, 20, 23, 25, 25, 25, 23, 21, 19, 18, 18, 17, 18, 18, 18, 17, 16, 16, 20, 23, 24, 24, 24, 24, 24, 24, 24, 24, 24, 23, 23, 26, 27, 30, 35, 41, 52, 128, 251, 252, 254, 250, 254, 253, 252, 252, 252, 252, 252, 252, 252, 252, 252, 252, 252, 252, 252, 252, 252, 252, 252, 252, 252, 252, 252, 252, 252, 252, 252, 252, 252, 252, 252, 252, 252, 252, 252, 252, 252, 252, 252, 252, 252, 252, 252, 252, 252, 252, 251, 252, 244, 29]","[29, 29, 245, 252, 252, 252, 253, 252, 252, 252, 252, 252, 252, 252, 252, 252, 252, 252, 252, 252, 252, 252, 253, 252, 252, 251, 248, 197, 91, 81, 71, 67, 56, 51, 44, 39, 34, 30, 26, 23, 23, 23, 22, 20, 19, 20, 21, 21, 22, 20, 19, 19, 20, 19, 17, 16, 17, 17, 19, 21, 23, 24, 24, 24, 24, 23, 23, 24, 23, 21, 21, 22, 22, 20, 19, 20, 21, 19, 17, 16, 16, 15, 16, 18, 19, 19, 19, 19, 18, 18, 17, 18, 18, 18, 18, 18, 17, 17, 17, 16, 16, 14, 13, 11, 12, 14, 16, 18, 21, 23, 24, 25, 26, 25, 24, 21, 20, 19, 18, 16, 17, 18, 18, 17, 16, 17, 20, 23, 23, 24, 24, 24, 24, 24, 24, 24, 24, 24, 25, 27, 28, 30, 33, 38, 46, 94, 237, 253, 254, 254, 251, 253, 252, 252, 252, 252, 252, 252, 252, 252, 252, 252, 252, 252, 252, 252, 252, 252, 252, 252, 252, 252, 252, 252, 252, 252, 252, 252, 252, 252, 252, 252, 252, 252, 252, 252, 252, 252, 252, 252, 252, 252, 252, 252, 252, 252, 251, 252, 244, 29]","[29, 29, 245, 252, 252, 252, 253, 252, 252, 252, 252, 252, 252, 252, 252, 252, 252, 252, 252, 252, 252, 252, 252, 252, 251, 249, 246, 186, 77, 73, 58, 50, 44, 40, 34, 30, 26, 24, 24, 24, 24, 23, 22, 20, 20, 20, 21, 21, 21, 20, 20, 21, 21, 20, 18, 16, 16, 17, 18, 20, 23, 24, 24, 23, 24, 24, 24, 23, 23, 22, 22, 22, 21, 20, 20, 20, 20, 19, 17, 16, 15, 14, 15, 17, 18, 19, 19, 19, 19, 18, 18, 18, 18, 18, 18, 18, 17, 17, 17, 17, 16, 15, 13, 12, 12, 13, 16, 19, 23, 24, 25, 24, 25, 25, 24, 22, 21, 20, 19, 17, 17, 18, 18, 16, 16, 19, 22, 23, 23, 24, 24, 24, 24, 23, 24, 24, 24, 24, 25, 28, 29, 30, 32, 35, 52, 76, 215, 253, 253, 254, 249, 253, 252, 252, 252, 252, 252, 252, 252, 252, 252, 252, 252, 252, 252, 252, 252, 252, 252, 252, 252, 252, 252, 252, 252, 252, 252, 252, 252, 252, 252, 252, 252, 252, 252, 252, 252, 252, 252, 252, 252, 252, 252, 252, 252, 252, 251, 252, 244, 29]","[29, 29, 245, 252, 252, 252, 253, 252, 252, 252, 252, 252, 252, 252, 252, 252, 252, 252, 252, 252, 252, 252, 253, 252, 252, 251, 248, 180, 72, 59, 50, 40, 38, 34, 29, 26, 24, 24, 24, 25, 23, 23, 22, 20, 20, 20, 21, 20, 20, 20, 20, 21, 21, 20, 18, 17, 16, 16, 17, 19, 22, 24, 24, 24, 24, 24, 23, 22, 21, 22, 21, 20, 21, 20, 20, 20, 19, 18, 17, 16, 15, 14, 14, 16, 18, 18, 18, 18, 19, 19, 17, 17, 17, 17, 17, 17, 16, 16, 16, 16, 16, 15, 13, 12, 12, 13, 15, 19, 21, 23, 24, 24, 23, 23, 23, 23, 23, 23, 21, 19, 17, 18, 18, 16, 17, 20, 23, 23, 23, 24, 24, 24, 23, 23, 24, 24, 24, 24, 25, 27, 29, 31, 33, 35, 47, 70, 181, 249, 253, 252, 252, 253, 252, 252, 252, 252, 252, 252, 252, 252, 252, 252, 252, 252, 252, 252, 252, 252, 252, 252, 252, 252, 252, 252, 252, 252, 252, 252, 252, 252, 252, 252, 252, 252, 252, 252, 252, 252, 252, 252, 252, 252, 252, 252, 252, 252, 251, 252, 244, 29]","[29, 29, 245, 252, 252, 252, 253, 252, 252, 252, 252, 252, 252, 252, 252, 252, 252, 252, 252, 252, 252, 252, 253, 252, 250, 251, 246, 157, 63, 50, 45, 37, 34, 30, 26, 25, 25, 25, 24, 24, 23, 23, 22, 20, 19, 19, 20, 19, 20, 20, 20, 20, 20, 19, 18, 18, 16, 16, 16, 18, 21, 23, 24, 24, 24, 23, 22, 21, 21, 21, 21, 19, 21, 21, 20, 20, 19, 18, 17, 16, 16, 15, 15, 16, 18, 18, 18, 18, 18, 17, 16, 16, 16, 16, 16, 16, 16, 16, 16, 16, 16, 15, 13, 12, 12, 13, 15, 17, 19, 21, 22, 23, 22, 23, 23, 24, 24, 24, 22, 20, 17, 19, 19, 17, 17, 20, 23, 23, 23, 24, 24, 24, 23, 23, 24, 24, 24, 24, 24, 25, 27, 30, 34, 36, 40, 60, 149, 250, 254, 253, 254, 251, 252, 252, 252, 252, 252, 252, 252, 252, 252, 252, 252, 252, 252, 252, 252, 252, 252, 252, 252, 252, 252, 252, 252, 252, 252, 252, 252, 252, 252, 252, 252, 252, 252, 252, 252, 252, 252, 252, 252, 252, 252, 252, 252, 252, 251, 252, 244, 29]","[29, 29, 245, 252, 252, 252, 253, 252, 252, 252, 252, 252, 252, 252, 252, 252, 252, 252, 252, 252, 252, 253, 253, 252, 251, 248, 236, 117, 48, 45, 38, 33, 31, 28, 25, 25, 25, 25, 24, 24, 24, 24, 22, 21, 20, 20, 20, 19, 19, 19, 19, 19, 18, 17, 17, 18, 16, 16, 16, 18, 21, 23, 24, 24, 24, 23, 22, 22, 22, 21, 21, 20, 21, 21, 21, 20, 19, 19, 18, 17, 16, 15, 14, 15, 17, 17, 17, 17, 16, 16, 15, 16, 16, 16, 16, 16, 16, 16, 16, 17, 16, 15, 14, 12, 13, 14, 15, 16, 18, 20, 22, 23, 23, 23, 24, 24, 24, 24, 22, 19, 17, 19, 19, 17, 17, 19, 22, 23, 23, 24, 24, 24, 24, 23, 24, 24, 24, 24, 24, 24, 26, 29, 33, 35, 45, 47, 123, 247, 253, 254, 254, 251, 252, 252, 252, 252, 252, 252, 252, 252, 252, 252, 252, 252, 252, 252, 252, 252, 252, 252, 252, 252, 252, 252, 252, 252, 252, 252, 252, 252, 252, 252, 252, 252, 252, 252, 252, 252, 252, 252, 252, 252, 252, 252, 252, 252, 251, 252, 244, 29]","[29, 29, 245, 252, 252, 252, 253, 252, 252, 252, 252, 252, 252, 252, 252, 252, 252, 252, 252, 252, 252, 252, 253, 252, 251, 250, 220, 89, 41, 41, 33, 31, 29, 27, 25, 25, 25, 25, 25, 25, 25, 24, 23, 21, 20, 20, 19, 19, 18, 18, 18, 18, 17, 16, 16, 17, 16, 16, 16, 18, 21, 23, 24, 24, 25, 23, 23, 23, 22, 21, 21, 21, 21, 21, 20, 19, 19, 19, 18, 17, 15, 14, 13, 14, 15, 16, 16, 15, 16, 15, 15, 16, 16, 17, 16, 16, 16, 16, 16, 17, 17, 15, 14, 12, 13, 14, 14, 16, 18, 20, 22, 22, 23, 24, 24, 24, 24, 23, 21, 19, 18, 19, 19, 18, 17, 18, 20, 23, 23, 24, 24, 24, 24, 24, 24, 24, 24, 25, 25, 24, 24, 27, 31, 33, 42, 37, 95, 229, 252, 252, 254, 254, 252, 252, 252, 252, 252, 252, 252, 252, 252, 252, 252, 252, 252, 252, 252, 252, 252, 252, 252, 252, 252, 252, 252, 252, 252, 252, 252, 252, 252, 252, 252, 252, 252, 252, 252, 252, 252, 252, 252, 252, 252, 252, 252, 252, 251, 252, 244, 29]","[29, 29, 245, 252, 252, 252, 253, 252, 252, 252, 252, 252, 252, 252, 252, 252, 252, 252, 252, 252, 252, 252, 252, 252, 248, 249, 204, 77, 40, 35, 32, 30, 29, 27, 26, 25, 24, 24, 24, 26, 23, 23, 22, 20, 18, 18, 18, 17, 17, 17, 17, 17, 16, 15, 15, 16, 16, 16, 16, 18, 21, 23, 23, 23, 26, 23, 22, 23, 23, 21, 21, 22, 20, 20, 19, 18, 18, 19, 18, 16, 15, 13, 12, 14, 15, 16, 16, 16, 16, 16, 16, 17, 17, 17, 16, 15, 15, 15, 16, 16, 16, 15, 13, 12, 13, 13, 13, 16, 19, 21, 22, 21, 22, 24, 24, 24, 23, 22, 20, 19, 18, 18, 19, 18, 17, 17, 19, 23, 24, 24, 24, 24, 24, 24, 24, 24, 23, 24, 25, 24, 24, 26, 29, 31, 37, 40, 80, 215, 254, 252, 253, 253, 252, 252, 252, 252, 252, 252, 252, 252, 252, 252, 252, 252, 252, 252, 252, 252, 252, 252, 252, 252, 252, 252, 252, 252, 252, 252, 252, 252, 252, 252, 252, 252, 252, 252, 252, 252, 252, 252, 252, 252, 252, 252, 252, 252, 251, 252, 244, 29]","[29, 29, 245, 252, 252, 252, 253, 252, 252, 252, 252, 252, 252, 252, 252, 252, 253, 252, 252, 252, 252, 252, 252, 251, 249, 249, 183, 57, 31, 32, 33, 29, 30, 27, 25, 25, 24, 24, 24, 22, 23, 24, 23, 20, 18, 19, 19, 19, 20, 19, 18, 17, 17, 17, 17, 16, 18, 16, 15, 17, 19, 20, 22, 24, 25, 24, 24, 22, 21, 20, 21, 22, 21, 19, 18, 18, 20, 20, 18, 16, 16, 14, 13, 13, 15, 16, 16, 15, 16, 16, 16, 17, 17, 16, 16, 16, 16, 16, 17, 17, 16, 15, 13, 13, 13, 13, 15, 17, 17, 17, 19, 22, 24, 25, 26, 26, 25, 23, 21, 21, 20, 19, 18, 17, 18, 19, 21, 23, 24, 24, 24, 24, 24, 24, 24, 24, 24, 24, 24, 24, 24, 25, 29, 32, 40, 41, 66, 206, 254, 253, 252, 254, 252, 252, 252, 252, 252, 252, 252, 252, 252, 252, 252, 252, 252, 252, 252, 252, 252, 252, 252, 252, 252, 252, 252, 252, 252, 252, 252, 252, 252, 252, 252, 252, 252, 252, 252, 252, 252, 252, 252, 252, 252, 252, 252, 252, 251, 252, 244, 29]","[29, 29, 245, 252, 252, 252, 253, 252, 252, 252, 252, 252, 252, 252, 252, 252, 252, 252, 252, 252, 253, 253, 252, 251, 250, 247, 170, 49, 30, 33, 34, 33, 31, 27, 25, 25, 24, 24, 24, 22, 21, 23, 22, 20, 18, 18, 19, 19, 18, 18, 17, 16, 16, 16, 16, 16, 17, 15, 15, 16, 18, 19, 21, 23, 24, 24, 22, 20, 20, 20, 20, 20, 19, 18, 18, 18, 19, 18, 17, 15, 15, 14, 12, 13, 15, 17, 16, 15, 16, 16, 17, 18, 18, 17, 16, 16, 16, 16, 16, 16, 15, 13, 12, 12, 12, 12, 13, 15, 16, 17, 20, 23, 22, 23, 24, 24, 24, 23, 22, 22, 21, 20, 18, 17, 18, 19, 22, 23, 23, 24, 24, 24, 24, 25, 25, 24, 24, 24, 24, 24, 24, 26, 28, 31, 38, 43, 68, 200, 254, 252, 252, 254, 252, 252, 252, 252, 252, 252, 252, 252, 252, 252, 252, 252, 252, 252, 252, 252, 252, 252, 252, 252, 252, 252, 252, 252, 252, 252, 252, 252, 252, 252, 252, 252, 252, 252, 252, 252, 252, 252, 252, 252, 252, 252, 252, 252, 251, 252, 244, 29]","[29, 29, 245, 252, 252, 252, 253, 252, 252, 252, 252, 252, 252, 252, 252, 252, 252, 252, 252, 253, 253, 253, 252, 251, 250, 248, 163, 49, 33, 33, 30, 31, 31, 27, 25, 25, 24, 25, 24, 22, 20, 21, 22, 21, 19, 19, 20, 20, 19, 18, 18, 17, 17, 17, 17, 17, 16, 15, 15, 17, 17, 18, 20, 22, 24, 24, 22, 20, 20, 21, 20, 18, 17, 18, 19, 19, 18, 17, 17, 16, 15, 14, 13, 13, 15, 16, 16, 16, 16, 16, 17, 18, 18, 17, 16, 16, 16, 16, 16, 16, 15, 13, 12, 13, 13, 12, 12, 14, 16, 18, 21, 23, 23, 24, 24, 25, 24, 24, 24, 23, 22, 20, 18, 18, 19, 21, 23, 24, 23, 24, 24, 24, 24, 25, 25, 24, 24, 24, 25, 25, 26, 27, 29, 31, 41, 46, 71, 201, 253, 253, 253, 253, 252, 252, 252, 252, 252, 252, 252, 252, 252, 252, 252, 252, 252, 252, 252, 252, 252, 252, 252, 252, 252, 252, 252, 252, 252, 252, 252, 252, 252, 252, 252, 252, 252, 252, 252, 252, 252, 252, 252, 252, 252, 252, 252, 252, 251, 252, 244, 29]","[29, 29, 245, 252, 252, 252, 253, 252, 252, 252, 252, 252, 252, 252, 252, 252, 252, 252, 252, 252, 253, 252, 252, 251, 250, 250, 155, 49, 31, 31, 27, 28, 31, 27, 25, 25, 25, 25, 24, 22, 20, 22, 23, 22, 20, 19, 20, 22, 20, 20, 20, 19, 19, 19, 18, 18, 17, 15, 15, 16, 17, 18, 19, 21, 23, 23, 22, 20, 20, 21, 21, 19, 17, 18, 19, 19, 18, 17, 17, 17, 16, 15, 13, 13, 15, 16, 16, 15, 16, 16, 16, 17, 17, 17, 16, 15, 16, 16, 16, 17, 16, 15, 15, 15, 16, 14, 13, 14, 16, 18, 20, 22, 24, 24, 25, 25, 25, 24, 23, 22, 22, 20, 18, 18, 20, 22, 24, 24, 24, 24, 24, 24, 24, 24, 24, 23, 24, 24, 25, 26, 26, 27, 30, 32, 45, 47, 75, 214, 253, 253, 254, 252, 252, 252, 252, 252, 252, 252, 252, 252, 252, 252, 252, 252, 252, 252, 252, 252, 252, 252, 252, 252, 252, 252, 252, 252, 252, 252, 252, 252, 252, 252, 252, 252, 252, 252, 252, 252, 252, 252, 252, 252, 252, 252, 252, 252, 251, 252, 244, 29]","[29, 29, 245, 252, 252, 252, 253, 252, 252, 252, 252, 252, 252, 252, 252, 252, 253, 252, 252, 252, 252, 252, 251, 251, 250, 243, 134, 40, 24, 29, 28, 30, 30, 27, 25, 25, 25, 25, 25, 22, 21, 22, 23, 23, 21, 19, 20, 21, 20, 20, 20, 19, 19, 19, 18, 18, 18, 15, 13, 14, 16, 17, 18, 18, 20, 21, 21, 20, 19, 20, 20, 19, 18, 18, 17, 17, 16, 16, 16, 16, 16, 15, 13, 13, 14, 15, 16, 15, 17, 17, 16, 16, 16, 17, 17, 16, 15, 16, 17, 18, 17, 16, 16, 16, 16, 14, 12, 14, 16, 17, 18, 19, 21, 22, 23, 24, 23, 22, 20, 19, 20, 19, 18, 19, 21, 22, 22, 22, 23, 24, 24, 24, 24, 24, 24, 23, 24, 24, 24, 25, 25, 27, 30, 34, 46, 44, 87, 232, 252, 251, 253, 251, 252, 252, 252, 252, 252, 252, 252, 252, 252, 252, 252, 252, 252, 252, 252, 252, 252, 252, 252, 252, 252, 252, 252, 252, 252, 252, 252, 252, 252, 252, 252, 252, 252, 252, 252, 252, 252, 252, 252, 252, 252, 252, 252, 252, 251, 252, 244, 29]","[29, 29, 245, 252, 252, 252, 253, 252, 252, 252, 252, 252, 252, 252, 252, 252, 253, 252, 252, 252, 252, 252, 251, 251, 251, 226, 105, 34, 25, 31, 30, 28, 28, 26, 25, 25, 24, 25, 25, 23, 21, 22, 23, 22, 21, 19, 19, 21, 19, 19, 19, 19, 19, 19, 19, 20, 19, 16, 13, 14, 16, 17, 18, 18, 19, 20, 21, 21, 20, 19, 20, 20, 19, 18, 17, 16, 16, 17, 16, 16, 16, 14, 13, 13, 14, 16, 16, 16, 18, 18, 17, 16, 16, 18, 18, 17, 15, 16, 17, 18, 17, 16, 16, 16, 15, 13, 12, 13, 16, 16, 17, 18, 20, 21, 22, 23, 23, 22, 20, 19, 18, 19, 19, 21, 22, 23, 22, 22, 23, 23, 24, 24, 24, 24, 24, 24, 24, 25, 25, 25, 25, 27, 32, 37, 43, 46, 117, 245, 252, 251, 253, 251, 252, 252, 252, 252, 252, 252, 252, 252, 252, 252, 252, 252, 252, 252, 252, 252, 252, 252, 252, 252, 252, 252, 252, 252, 252, 252, 252, 252, 252, 252, 252, 252, 252, 252, 252, 252, 252, 252, 252, 252, 252, 252, 252, 252, 251, 252, 244, 29]","[29, 29, 245, 252, 252, 252, 253, 252, 252, 252, 252, 252, 252, 252, 252, 252, 252, 252, 252, 252, 252, 251, 251, 251, 251, 204, 76, 34, 31, 32, 28, 24, 26, 24, 24, 25, 24, 24, 25, 23, 22, 22, 22, 22, 20, 19, 19, 20, 19, 19, 19, 19, 19, 19, 20, 21, 19, 17, 15, 15, 15, 16, 18, 20, 21, 20, 21, 22, 22, 20, 20, 21, 19, 19, 18, 17, 17, 17, 17, 16, 15, 14, 13, 13, 14, 16, 17, 17, 18, 19, 17, 16, 17, 18, 18, 16, 16, 16, 17, 17, 17, 16, 16, 16, 16, 13, 12, 14, 15, 16, 17, 18, 20, 20, 21, 22, 23, 22, 20, 19, 19, 20, 21, 23, 24, 24, 23, 23, 23, 24, 24, 24, 24, 25, 25, 24, 25, 26, 27, 27, 27, 29, 35, 40, 44, 55, 162, 250, 252, 252, 253, 252, 252, 252, 252, 252, 252, 252, 252, 252, 252, 252, 252, 252, 252, 252, 252, 252, 252, 252, 252, 252, 252, 252, 252, 252, 252, 252, 252, 252, 252, 252, 252, 252, 252, 252, 252, 252, 252, 252, 252, 252, 252, 252, 252, 252, 251, 252, 244, 29]","[29, 29, 245, 252, 252, 252, 253, 252, 252, 252, 252, 252, 252, 252, 252, 252, 252, 252, 252, 252, 252, 251, 251, 250, 247, 186, 56, 32, 31, 28, 25, 25, 25, 24, 24, 24, 23, 23, 24, 23, 23, 22, 22, 22, 21, 19, 19, 21, 20, 20, 20, 19, 18, 18, 19, 20, 18, 17, 15, 15, 14, 14, 17, 21, 23, 20, 20, 23, 24, 21, 20, 21, 18, 18, 18, 17, 16, 16, 16, 16, 16, 15, 13, 13, 14, 15, 16, 16, 18, 18, 17, 16, 16, 18, 17, 15, 16, 16, 17, 17, 17, 16, 16, 17, 16, 14, 12, 13, 15, 15, 16, 17, 19, 19, 20, 20, 21, 20, 19, 17, 19, 20, 22, 23, 24, 24, 23, 23, 24, 25, 25, 25, 24, 25, 24, 23, 24, 26, 28, 28, 27, 29, 35, 41, 45, 65, 198, 249, 254, 253, 252, 252, 252, 252, 252, 252, 252, 252, 252, 252, 252, 252, 252, 252, 252, 252, 252, 252, 252, 252, 252, 252, 252, 252, 252, 252, 252, 252, 252, 252, 252, 252, 252, 252, 252, 252, 252, 252, 252, 252, 252, 252, 252, 252, 252, 252, 251, 252, 244, 29]","[29, 29, 245, 252, 252, 252, 253, 252, 252, 252, 252, 252, 252, 252, 252, 252, 254, 251, 252, 251, 253, 252, 250, 251, 244, 147, 40, 32, 33, 24, 25, 24, 25, 25, 23, 23, 23, 24, 24, 24, 21, 21, 22, 23, 22, 21, 19, 18, 19, 20, 21, 21, 20, 20, 19, 19, 18, 17, 17, 15, 14, 13, 16, 19, 18, 20, 22, 23, 23, 22, 21, 20, 18, 18, 18, 18, 17, 17, 16, 16, 16, 16, 15, 13, 14, 16, 17, 16, 18, 17, 17, 17, 17, 17, 16, 16, 16, 16, 16, 17, 16, 16, 15, 15, 14, 13, 13, 13, 14, 15, 15, 16, 17, 18, 19, 19, 19, 18, 18, 18, 21, 21, 22, 23, 24, 24, 24, 24, 24, 24, 24, 24, 24, 24, 24, 24, 24, 27, 27, 27, 29, 34, 35, 42, 42, 98, 232, 250, 254, 251, 254, 253, 252, 252, 252, 252, 252, 252, 252, 252, 252, 252, 252, 252, 252, 252, 252, 252, 252, 252, 252, 252, 252, 252, 252, 252, 252, 252, 252, 252, 252, 252, 252, 252, 252, 252, 252, 252, 252, 252, 252, 252, 252, 252, 252, 252, 251, 252, 244, 29]","[29, 29, 245, 252, 252, 252, 253, 252, 252, 252, 252, 252, 252, 252, 252, 252, 251, 252, 254, 251, 252, 252, 247, 251, 235, 129, 38, 27, 24, 25, 25, 22, 25, 25, 24, 24, 24, 24, 24, 24, 22, 21, 21, 23, 24, 23, 21, 21, 19, 19, 20, 20, 20, 19, 19, 19, 18, 17, 17, 16, 14, 13, 15, 17, 18, 20, 21, 22, 22, 21, 20, 19, 17, 17, 17, 17, 17, 16, 16, 16, 16, 16, 15, 13, 13, 15, 16, 16, 18, 18, 17, 17, 17, 17, 16, 16, 16, 16, 17, 17, 17, 17, 17, 16, 16, 15, 13, 12, 13, 13, 13, 13, 16, 17, 17, 17, 17, 18, 18, 18, 22, 22, 23, 23, 24, 24, 24, 24, 24, 24, 24, 24, 24, 24, 24, 24, 24, 21, 22, 27, 29, 30, 35, 46, 57, 152, 250, 253, 253, 253, 252, 250, 252, 252, 252, 252, 252, 252, 252, 252, 252, 252, 252, 252, 252, 252, 252, 252, 252, 252, 252, 252, 252, 252, 252, 252, 252, 252, 252, 252, 252, 252, 252, 252, 252, 252, 252, 252, 252, 252, 252, 252, 252, 252, 252, 252, 251, 252, 244, 29]","[29, 29, 245, 252, 252, 252, 253, 252, 252, 252, 252, 252, 252, 252, 252, 252, 251, 252, 254, 252, 249, 252, 249, 251, 204, 90, 30, 28, 25, 27, 26, 24, 24, 24, 25, 24, 24, 24, 23, 23, 22, 21, 20, 22, 23, 22, 21, 21, 20, 19, 19, 19, 19, 19, 19, 18, 17, 17, 17, 16, 15, 13, 14, 16, 18, 20, 21, 22, 21, 20, 19, 18, 17, 17, 17, 17, 17, 16, 16, 16, 16, 17, 15, 13, 13, 15, 16, 16, 18, 17, 17, 17, 17, 17, 17, 16, 16, 16, 16, 17, 17, 16, 16, 16, 16, 15, 13, 12, 13, 14, 14, 14, 16, 16, 16, 16, 17, 18, 19, 20, 23, 23, 23, 24, 24, 24, 24, 24, 24, 24, 24, 24, 24, 24, 24, 24, 26, 24, 24, 26, 30, 36, 39, 41, 71, 199, 252, 250, 251, 254, 251, 253, 252, 252, 252, 252, 252, 252, 252, 252, 252, 252, 252, 252, 252, 252, 252, 252, 252, 252, 252, 252, 252, 252, 252, 252, 252, 252, 252, 252, 252, 252, 252, 252, 252, 252, 252, 252, 252, 252, 252, 252, 252, 252, 252, 252, 251, 252, 244, 29]","[29, 29, 245, 252, 252, 252, 253, 252, 252, 252, 252, 252, 252, 252, 252, 252, 253, 251, 253, 253, 248, 251, 251, 233, 135, 47, 23, 27, 24, 23, 23, 24, 23, 24, 24, 24, 23, 23, 23, 23, 21, 20, 20, 21, 21, 20, 19, 19, 21, 20, 19, 19, 20, 20, 20, 19, 17, 17, 16, 16, 15, 14, 15, 16, 18, 19, 20, 21, 20, 19, 19, 18, 17, 17, 17, 17, 17, 17, 16, 16, 16, 16, 15, 13, 13, 15, 16, 17, 17, 16, 16, 16, 16, 17, 17, 16, 16, 16, 16, 16, 16, 16, 16, 15, 15, 14, 12, 13, 14, 16, 16, 16, 17, 17, 17, 17, 18, 19, 21, 23, 23, 24, 24, 24, 24, 24, 24, 24, 24, 24, 24, 24, 24, 24, 24, 24, 24, 24, 26, 24, 29, 38, 40, 42, 111, 232, 251, 250, 253, 254, 250, 253, 252, 252, 252, 252, 252, 252, 252, 252, 252, 252, 252, 252, 252, 252, 252, 252, 252, 252, 252, 252, 252, 252, 252, 252, 252, 252, 252, 252, 252, 252, 252, 252, 252, 252, 252, 252, 252, 252, 252, 252, 252, 252, 252, 252, 251, 252, 244, 29]","[29, 29, 245, 252, 252, 252, 253, 252, 252, 252, 252, 252, 252, 252, 252, 252, 254, 251, 252, 253, 249, 251, 245, 171, 72, 33, 33, 31, 25, 25, 27, 26, 24, 25, 25, 24, 23, 23, 23, 23, 21, 21, 22, 21, 20, 18, 19, 20, 21, 20, 19, 19, 19, 20, 19, 19, 18, 17, 16, 16, 15, 15, 15, 16, 17, 18, 19, 20, 20, 19, 19, 18, 18, 18, 17, 17, 17, 16, 16, 16, 15, 15, 15, 13, 13, 14, 16, 17, 16, 16, 15, 15, 16, 16, 16, 16, 16, 16, 16, 16, 16, 16, 16, 16, 16, 15, 14, 14, 15, 16, 16, 16, 17, 18, 18, 18, 19, 20, 22, 24, 24, 24, 24, 24, 24, 24, 24, 24, 24, 24, 24, 24, 24, 24, 24, 24, 24, 23, 25, 28, 31, 36, 37, 60, 165, 247, 252, 254, 253, 253, 251, 251, 252, 252, 252, 252, 252, 252, 252, 252, 252, 252, 252, 252, 252, 252, 252, 252, 252, 252, 252, 252, 252, 252, 252, 252, 252, 252, 252, 252, 252, 252, 252, 252, 252, 252, 252, 252, 252, 252, 252, 252, 252, 252, 252, 252, 251, 252, 244, 29]","[29, 29, 245, 252, 252, 252, 253, 252, 252, 252, 252, 252, 252, 252, 252, 252, 252, 252, 253, 253, 250, 251, 225, 97, 44, 32, 32, 28, 26, 23, 24, 23, 24, 24, 24, 24, 23, 22, 22, 22, 20, 21, 22, 22, 20, 18, 19, 20, 20, 19, 18, 18, 18, 19, 18, 18, 19, 17, 16, 16, 15, 14, 14, 14, 16, 17, 18, 19, 19, 19, 18, 18, 17, 17, 17, 17, 16, 16, 15, 15, 16, 16, 15, 14, 14, 14, 16, 17, 16, 16, 15, 15, 16, 16, 16, 16, 16, 16, 16, 16, 16, 16, 17, 17, 15, 15, 14, 14, 15, 16, 16, 16, 18, 18, 19, 19, 19, 21, 22, 23, 24, 24, 24, 24, 24, 24, 24, 24, 24, 24, 24, 24, 24, 24, 24, 24, 24, 25, 27, 30, 33, 39, 36, 82, 205, 248, 254, 253, 249, 252, 253, 252, 252, 252, 252, 252, 252, 252, 252, 252, 252, 252, 252, 252, 252, 252, 252, 252, 252, 252, 252, 252, 252, 252, 252, 252, 252, 252, 252, 252, 252, 252, 252, 252, 252, 252, 252, 252, 252, 252, 252, 252, 252, 252, 252, 252, 251, 252, 244, 29]","[29, 29, 245, 252, 252, 252, 253, 252, 252, 252, 252, 252, 252, 252, 252, 252, 251, 252, 252, 252, 250, 251, 210, 61, 41, 34, 30, 27, 29, 26, 24, 25, 24, 24, 23, 23, 23, 22, 21, 20, 19, 20, 20, 21, 20, 19, 18, 19, 19, 19, 18, 18, 18, 18, 17, 17, 18, 17, 16, 16, 16, 15, 14, 13, 16, 17, 18, 18, 18, 18, 17, 18, 16, 16, 16, 16, 16, 16, 15, 15, 17, 17, 17, 16, 15, 14, 15, 17, 16, 16, 15, 16, 16, 17, 17, 17, 18, 18, 17, 17, 16, 16, 16, 16, 15, 15, 15, 15, 15, 16, 17, 18, 19, 19, 19, 19, 19, 21, 22, 23, 23, 23, 23, 24, 24, 24, 24, 24, 24, 24, 24, 24, 24, 24, 24, 24, 23, 26, 27, 30, 31, 43, 48, 129, 237, 251, 254, 253, 250, 252, 253, 252, 252, 252, 252, 252, 252, 252, 252, 252, 252, 252, 252, 252, 252, 252, 252, 252, 252, 252, 252, 252, 252, 252, 252, 252, 252, 252, 252, 252, 252, 252, 252, 252, 252, 252, 252, 252, 252, 252, 252, 252, 252, 252, 252, 252, 251, 252, 244, 29]","[29, 29, 245, 252, 252, 252, 253, 252, 252, 252, 252, 252, 252, 252, 252, 252, 253, 252, 251, 253, 249, 250, 205, 63, 31, 33, 31, 24, 23, 26, 24, 26, 24, 24, 24, 24, 24, 23, 21, 19, 20, 20, 20, 21, 21, 20, 18, 18, 19, 19, 18, 18, 18, 18, 17, 17, 17, 16, 16, 16, 17, 15, 14, 13, 17, 17, 18, 18, 17, 17, 17, 17, 16, 16, 16, 16, 16, 16, 16, 16, 17, 17, 17, 16, 15, 14, 14, 15, 15, 15, 15, 16, 18, 19, 20, 20, 21, 20, 19, 18, 17, 16, 16, 16, 17, 17, 16, 15, 15, 15, 17, 19, 20, 20, 20, 19, 19, 21, 22, 24, 23, 23, 23, 23, 24, 24, 24, 24, 24, 24, 24, 24, 24, 24, 24, 24, 26, 26, 29, 35, 32, 46, 71, 196, 252, 251, 252, 252, 253, 253, 250, 252, 252, 252, 252, 252, 252, 252, 252, 252, 252, 252, 252, 252, 252, 252, 252, 252, 252, 252, 252, 252, 252, 252, 252, 252, 252, 252, 252, 252, 252, 252, 252, 252, 252, 252, 252, 252, 252, 252, 252, 252, 252, 252, 252, 252, 251, 252, 244, 29]","[29, 29, 245, 252, 252, 252, 253, 252, 252, 252, 252, 252, 252, 252, 252, 252, 252, 252, 251, 252, 251, 245, 224, 72, 33, 28, 31, 25, 22, 24, 23, 20, 25, 23, 21, 20, 19, 18, 18, 18, 17, 19, 20, 19, 18, 18, 18, 18, 19, 18, 17, 17, 18, 18, 17, 16, 16, 16, 15, 16, 17, 16, 14, 12, 16, 17, 17, 17, 17, 17, 17, 17, 16, 16, 16, 16, 16, 15, 15, 15, 15, 15, 15, 15, 13, 12, 13, 15, 14, 16, 17, 17, 18, 21, 23, 22, 20, 20, 20, 19, 17, 15, 15, 15, 17, 16, 15, 15, 15, 15, 16, 18, 20, 20, 20, 19, 20, 22, 24, 25, 23, 23, 24, 24, 24, 24, 24, 24, 25, 25, 25, 25, 24, 24, 24, 24, 25, 27, 30, 33, 35, 44, 107, 236, 252, 253, 253, 253, 252, 252, 252, 252, 252, 252, 252, 252, 252, 252, 252, 252, 252, 252, 252, 252, 252, 252, 252, 252, 252, 252, 252, 252, 252, 252, 252, 252, 252, 252, 252, 252, 252, 252, 252, 252, 252, 252, 252, 252, 252, 252, 252, 252, 252, 252, 252, 252, 251, 252, 244, 29]","[29, 29, 245, 252, 252, 252, 253, 252, 252, 252, 252, 252, 252, 252, 252, 252, 250, 254, 252, 250, 250, 251, 237, 112, 41, 28, 26, 23, 26, 22, 21, 21, 21, 20, 18, 18, 17, 16, 16, 15, 16, 18, 19, 19, 18, 18, 19, 19, 18, 18, 17, 17, 18, 18, 17, 16, 16, 16, 16, 16, 16, 15, 14, 13, 16, 16, 16, 17, 17, 16, 16, 16, 16, 16, 16, 16, 16, 15, 15, 15, 14, 15, 15, 15, 13, 12, 13, 15, 16, 16, 17, 17, 19, 22, 23, 23, 21, 21, 20, 19, 18, 17, 17, 17, 17, 17, 16, 16, 15, 15, 17, 19, 19, 20, 20, 20, 21, 22, 24, 25, 24, 24, 24, 24, 24, 24, 24, 24, 24, 24, 24, 24, 24, 24, 24, 24, 25, 29, 32, 33, 37, 61, 159, 251, 253, 253, 253, 253, 252, 252, 252, 252, 252, 252, 252, 252, 252, 252, 252, 252, 252, 252, 252, 252, 252, 252, 252, 252, 252, 252, 252, 252, 252, 252, 252, 252, 252, 252, 252, 252, 252, 252, 252, 252, 252, 252, 252, 252, 252, 252, 252, 252, 252, 252, 252, 252, 251, 252, 244, 29]","[29, 29, 245, 252, 252, 252, 252, 252, 252, 252, 252, 252, 252, 252, 252, 252, 252, 253, 253, 252, 250, 251, 250, 188, 80, 36, 28, 27, 29, 24, 23, 24, 22, 21, 20, 19, 19, 19, 18, 17, 17, 17, 18, 18, 18, 18, 18, 18, 17, 17, 17, 17, 17, 17, 17, 17, 16, 16, 17, 17, 16, 15, 15, 15, 16, 16, 16, 16, 16, 16, 16, 16, 16, 16, 16, 16, 16, 16, 16, 16, 15, 15, 15, 15, 14, 13, 14, 15, 17, 16, 16, 17, 20, 23, 23, 22, 20, 20, 19, 18, 18, 18, 17, 17, 16, 17, 17, 16, 15, 14, 16, 19, 19, 20, 20, 21, 22, 23, 24, 24, 24, 24, 24, 24, 24, 24, 24, 24, 24, 24, 24, 24, 24, 24, 24, 24, 23, 28, 35, 40, 46, 96, 214, 253, 253, 253, 253, 252, 252, 252, 252, 252, 252, 252, 252, 252, 252, 252, 252, 252, 252, 252, 252, 252, 252, 252, 252, 252, 252, 252, 252, 252, 252, 252, 252, 252, 252, 252, 252, 252, 252, 252, 252, 252, 252, 252, 252, 252, 252, 252, 252, 252, 252, 252, 252, 252, 251, 252, 244, 29]","[29, 29, 245, 252, 252, 251, 252, 252, 252, 252, 252, 252, 252, 252, 252, 252, 253, 251, 253, 253, 250, 248, 251, 244, 143, 55, 26, 29, 25, 26, 24, 25, 24, 22, 21, 20, 21, 20, 19, 17, 17, 18, 17, 17, 17, 18, 17, 16, 16, 17, 17, 17, 16, 16, 16, 17, 17, 17, 17, 17, 16, 16, 16, 16, 15, 16, 16, 16, 17, 16, 16, 16, 16, 16, 16, 16, 16, 16, 16, 16, 16, 16, 16, 16, 15, 14, 14, 16, 16, 16, 17, 18, 19, 21, 21, 21, 18, 18, 17, 17, 18, 18, 17, 16, 16, 17, 17, 17, 15, 14, 16, 19, 20, 21, 21, 22, 23, 24, 24, 24, 24, 24, 24, 24, 24, 24, 24, 24, 24, 24, 24, 24, 24, 24, 24, 25, 26, 29, 37, 39, 48, 133, 240, 252, 253, 253, 253, 252, 252, 252, 252, 252, 252, 252, 252, 252, 252, 252, 252, 252, 252, 252, 252, 252, 252, 252, 252, 252, 252, 252, 252, 252, 252, 252, 252, 252, 252, 252, 252, 252, 252, 252, 252, 252, 252, 252, 252, 252, 252, 252, 252, 252, 252, 252, 252, 252, 251, 252, 244, 29]","[29, 29, 245, 253, 252, 251, 252, 252, 252, 252, 252, 252, 252, 252, 252, 252, 251, 252, 253, 253, 251, 252, 249, 251, 215, 110, 32, 31, 27, 26, 24, 24, 24, 24, 23, 22, 22, 23, 21, 19, 18, 18, 17, 17, 17, 18, 17, 16, 15, 16, 16, 16, 16, 15, 16, 16, 17, 16, 15, 16, 16, 17, 16, 16, 15, 16, 16, 17, 17, 17, 17, 17, 17, 17, 17, 16, 16, 16, 16, 16, 16, 16, 16, 16, 15, 14, 14, 15, 15, 16, 18, 19, 19, 19, 19, 20, 18, 17, 17, 18, 20, 20, 18, 16, 17, 17, 18, 18, 16, 15, 17, 19, 20, 22, 22, 23, 24, 24, 24, 24, 24, 24, 24, 24, 24, 24, 24, 24, 24, 24, 24, 24, 24, 24, 24, 24, 28, 33, 41, 39, 64, 181, 249, 253, 253, 253, 252, 252, 252, 252, 252, 252, 252, 252, 252, 252, 252, 252, 252, 252, 252, 252, 252, 252, 252, 252, 252, 252, 252, 252, 252, 252, 252, 252, 252, 252, 252, 252, 252, 252, 252, 252, 252, 252, 252, 252, 252, 252, 252, 252, 252, 252, 252, 252, 252, 252, 251, 252, 244, 29]","[29, 29, 247, 253, 252, 251, 252, 252, 252, 252, 252, 252, 252, 252, 252, 252, 252, 253, 251, 251, 251, 253, 249, 249, 250, 169, 42, 28, 32, 23, 25, 25, 24, 24, 24, 23, 23, 24, 23, 21, 19, 19, 18, 17, 18, 18, 18, 17, 15, 16, 16, 16, 15, 15, 16, 16, 17, 15, 14, 15, 16, 16, 15, 14, 15, 15, 16, 17, 18, 18, 18, 18, 18, 17, 17, 16, 16, 16, 16, 16, 16, 16, 16, 16, 15, 13, 13, 14, 15, 16, 18, 19, 19, 18, 19, 20, 19, 18, 18, 19, 20, 20, 18, 16, 16, 17, 18, 18, 17, 16, 17, 18, 21, 22, 23, 24, 23, 24, 24, 24, 25, 25, 25, 25, 25, 24, 24, 24, 24, 24, 24, 24, 24, 24, 25, 25, 28, 33, 38, 43, 109, 229, 253, 253, 253, 253, 252, 252, 252, 252, 252, 252, 252, 252, 252, 252, 252, 252, 252, 252, 252, 252, 252, 252, 252, 252, 252, 252, 252, 252, 252, 252, 252, 252, 252, 252, 252, 252, 252, 252, 252, 252, 252, 252, 252, 252, 252, 252, 252, 252, 252, 252, 252, 252, 252, 252, 251, 252, 244, 29]","[29, 29, 247, 253, 252, 251, 252, 252, 252, 252, 252, 252, 252, 252, 252, 252, 253, 252, 251, 253, 251, 252, 251, 252, 246, 199, 58, 21, 29, 21, 24, 24, 22, 23, 22, 21, 21, 22, 22, 20, 19, 19, 18, 17, 17, 18, 18, 17, 16, 16, 16, 16, 16, 16, 16, 16, 16, 15, 15, 15, 16, 16, 15, 15, 14, 14, 16, 17, 18, 18, 19, 19, 17, 17, 16, 16, 16, 16, 16, 16, 17, 16, 16, 15, 14, 13, 13, 13, 16, 16, 17, 19, 19, 18, 19, 21, 20, 19, 18, 19, 20, 21, 19, 17, 15, 16, 17, 17, 16, 15, 16, 17, 20, 22, 24, 23, 23, 23, 24, 24, 25, 25, 25, 24, 24, 24, 24, 24, 25, 25, 25, 25, 25, 25, 25, 25, 31, 32, 32, 52, 164, 248, 254, 253, 253, 253, 252, 252, 252, 252, 252, 252, 252, 252, 252, 252, 252, 252, 252, 252, 252, 252, 252, 252, 252, 252, 252, 252, 252, 252, 252, 252, 252, 252, 252, 252, 252, 252, 252, 252, 252, 252, 252, 252, 252, 252, 252, 252, 252, 252, 252, 252, 252, 252, 252, 252, 251, 252, 244, 29]","[29, 29, 246, 253, 252, 251, 252, 252, 252, 252, 252, 252, 252, 252, 252, 252, 251, 252, 252, 255, 252, 252, 253, 249, 251, 221, 90, 30, 30, 26, 25, 22, 24, 25, 24, 22, 22, 23, 23, 21, 19, 19, 18, 17, 16, 16, 16, 15, 16, 16, 16, 16, 16, 16, 16, 16, 16, 16, 17, 17, 16, 16, 16, 16, 13, 14, 15, 17, 18, 19, 19, 19, 16, 16, 16, 16, 16, 16, 16, 16, 17, 17, 16, 16, 15, 13, 13, 13, 17, 16, 16, 17, 19, 19, 20, 21, 22, 20, 19, 19, 20, 21, 20, 19, 15, 16, 17, 17, 17, 16, 16, 17, 19, 21, 23, 23, 23, 23, 24, 25, 24, 24, 24, 24, 24, 24, 24, 24, 24, 24, 24, 24, 24, 24, 24, 24, 31, 34, 41, 78, 214, 251, 253, 252, 253, 253, 252, 252, 252, 252, 252, 252, 252, 252, 252, 252, 252, 252, 252, 252, 252, 252, 252, 252, 252, 252, 252, 252, 252, 252, 252, 252, 252, 252, 252, 252, 252, 252, 252, 252, 252, 252, 252, 252, 252, 252, 252, 252, 252, 252, 252, 252, 252, 252, 252, 252, 251, 252, 244, 29]","[28, 28, 248, 251, 253, 254, 248, 254, 251, 253, 252, 252, 253, 253, 251, 252, 251, 251, 252, 253, 253, 252, 251, 250, 250, 244, 132, 33, 29, 24, 25, 24, 26, 25, 24, 24, 24, 24, 23, 22, 20, 20, 20, 18, 17, 16, 16, 16, 16, 16, 16, 16, 17, 17, 16, 15, 15, 16, 16, 16, 16, 16, 16, 16, 13, 13, 14, 16, 16, 17, 17, 18, 17, 17, 16, 16, 16, 16, 16, 16, 16, 16, 16, 16, 14, 13, 12, 13, 16, 16, 16, 17, 18, 19, 19, 19, 23, 23, 22, 20, 20, 20, 19, 18, 16, 16, 16, 16, 16, 16, 16, 17, 20, 22, 23, 23, 22, 23, 23, 24, 24, 24, 24, 24, 24, 24, 25, 25, 24, 24, 24, 25, 24, 23, 25, 28, 34, 33, 53, 125, 243, 251, 253, 253, 252, 252, 252, 252, 252, 252, 252, 253, 252, 252, 252, 252, 252, 252, 252, 252, 253, 252, 252, 252, 252, 252, 252, 252, 251, 252, 252, 252, 252, 252, 252, 252, 252, 252, 252, 252, 253, 253, 253, 252, 253, 252, 252, 252, 252, 253, 253, 253, 249, 253, 253, 251, 252, 251, 242, 30]","[29, 34, 230, 251, 254, 252, 252, 252, 252, 253, 252, 250, 250, 251, 252, 252, 251, 251, 252, 253, 253, 253, 252, 251, 250, 246, 134, 34, 25, 28, 24, 24, 25, 24, 23, 23, 24, 23, 22, 21, 20, 20, 18, 18, 17, 17, 17, 17, 16, 16, 16, 16, 16, 16, 16, 15, 16, 16, 16, 16, 16, 15, 15, 15, 13, 13, 14, 15, 16, 17, 17, 17, 17, 17, 17, 17, 17, 16, 16, 16, 16, 16, 16, 16, 15, 13, 13, 13, 17, 16, 16, 16, 17, 19, 20, 20, 23, 23, 22, 21, 20, 19, 19, 19, 18, 17, 17, 17, 16, 15, 16, 17, 21, 22, 23, 23, 23, 23, 24, 24, 24, 24, 24, 24, 24, 24, 24, 24, 25, 24, 24, 24, 23, 24, 28, 32, 39, 40, 65, 176, 252, 251, 255, 253, 253, 253, 252, 252, 251, 251, 250, 250, 253, 252, 252, 252, 252, 252, 252, 252, 252, 251, 251, 251, 251, 251, 251, 251, 252, 252, 252, 252, 252, 252, 252, 252, 252, 252, 252, 252, 252, 251, 251, 251, 252, 252, 252, 252, 252, 252, 252, 252, 254, 252, 251, 254, 252, 252, 244, 26]","[30, 25, 201, 237, 252, 251, 253, 253, 251, 252, 253, 253, 253, 253, 252, 251, 251, 251, 252, 251, 252, 251, 250, 249, 250, 248, 147, 38, 23, 27, 23, 24, 24, 24, 23, 23, 23, 23, 22, 21, 20, 18, 17, 16, 17, 17, 17, 16, 16, 16, 16, 16, 16, 16, 16, 15, 16, 16, 16, 16, 16, 16, 15, 15, 13, 13, 13, 14, 16, 16, 16, 16, 16, 16, 16, 16, 16, 16, 16, 16, 16, 16, 16, 16, 15, 13, 12, 13, 16, 16, 16, 16, 16, 18, 20, 22, 22, 23, 23, 21, 19, 19, 19, 19, 19, 18, 17, 16, 16, 15, 16, 17, 21, 23, 24, 23, 23, 24, 24, 24, 24, 24, 24, 24, 24, 24, 24, 24, 25, 24, 24, 24, 23, 24, 29, 33, 37, 42, 97, 224, 252, 249, 252, 250, 252, 252, 252, 253, 253, 254, 254, 254, 253, 253, 252, 252, 252, 252, 252, 253, 253, 253, 252, 253, 253, 253, 253, 252, 252, 252, 252, 252, 252, 252, 252, 252, 253, 253, 253, 253, 253, 253, 253, 253, 252, 252, 252, 252, 252, 252, 252, 252, 249, 253, 251, 251, 249, 250, 245, 30]","[29, 31, 195, 209, 235, 252, 254, 251, 253, 252, 251, 251, 252, 253, 253, 250, 249, 251, 252, 252, 252, 252, 251, 250, 248, 245, 167, 49, 30, 26, 24, 23, 24, 24, 24, 24, 23, 23, 22, 21, 18, 17, 16, 15, 16, 16, 17, 17, 16, 16, 16, 16, 16, 16, 16, 15, 15, 15, 15, 16, 16, 16, 15, 14, 13, 13, 13, 14, 16, 17, 16, 16, 15, 15, 16, 16, 16, 16, 16, 16, 16, 16, 15, 15, 15, 13, 12, 12, 16, 16, 16, 16, 16, 18, 20, 22, 23, 23, 22, 21, 19, 19, 19, 18, 18, 17, 16, 16, 16, 16, 18, 20, 22, 23, 24, 24, 23, 24, 25, 25, 24, 24, 24, 24, 24, 24, 24, 24, 24, 24, 24, 25, 24, 24, 28, 32, 33, 50, 153, 247, 252, 252, 254, 254, 252, 252, 252, 251, 251, 251, 251, 250, 252, 252, 251, 251, 251, 252, 252, 252, 251, 251, 251, 251, 252, 252, 252, 251, 252, 252, 251, 252, 252, 253, 252, 252, 252, 251, 251, 251, 252, 252, 252, 252, 252, 252, 253, 253, 253, 253, 253, 253, 249, 254, 251, 251, 253, 252, 242, 27]","[29, 31, 171, 175, 200, 228, 244, 249, 250, 252, 253, 253, 252, 250, 248, 246, 242, 244, 248, 247, 246, 246, 247, 246, 246, 240, 174, 59, 30, 25, 24, 24, 24, 24, 24, 23, 23, 22, 20, 20, 17, 17, 17, 17, 16, 16, 17, 18, 17, 16, 16, 16, 16, 16, 16, 16, 15, 15, 15, 16, 16, 15, 13, 12, 13, 13, 13, 14, 16, 17, 17, 16, 16, 16, 16, 16, 16, 16, 16, 16, 16, 15, 15, 15, 15, 14, 13, 13, 14, 15, 16, 16, 16, 17, 19, 21, 23, 22, 20, 19, 19, 20, 19, 17, 17, 17, 16, 16, 16, 17, 20, 22, 22, 23, 24, 24, 24, 24, 25, 24, 24, 24, 24, 24, 24, 24, 24, 24, 24, 24, 24, 25, 24, 24, 27, 31, 31, 75, 203, 251, 252, 251, 251, 252, 252, 252, 252, 252, 253, 253, 253, 252, 253, 253, 252, 252, 252, 252, 252, 253, 252, 252, 252, 252, 252, 252, 252, 252, 253, 252, 252, 252, 253, 253, 252, 252, 253, 252, 251, 252, 252, 253, 252, 251, 251, 252, 252, 252, 252, 252, 251, 251, 253, 253, 249, 252, 252, 249, 243, 32]","[30, 30, 128, 131, 130, 146, 183, 219, 244, 240, 243, 246, 240, 222, 191, 161, 162, 168, 173, 174, 175, 178, 181, 182, 183, 178, 133, 51, 22, 27, 24, 24, 24, 24, 24, 23, 22, 21, 19, 18, 18, 18, 19, 19, 18, 18, 18, 19, 17, 16, 16, 16, 16, 16, 16, 16, 16, 16, 16, 16, 15, 14, 13, 12, 14, 14, 14, 15, 16, 17, 17, 16, 17, 16, 16, 15, 15, 15, 15, 16, 16, 15, 15, 16, 16, 15, 14, 14, 13, 14, 15, 16, 16, 17, 18, 20, 22, 20, 18, 18, 18, 19, 18, 16, 17, 16, 16, 16, 17, 18, 20, 22, 23, 24, 24, 24, 24, 24, 24, 24, 24, 24, 24, 24, 24, 24, 24, 24, 25, 24, 23, 23, 23, 24, 28, 32, 39, 114, 223, 251, 254, 254, 254, 255, 254, 254, 254, 255, 254, 253, 253, 253, 254, 254, 254, 254, 253, 253, 253, 252, 253, 254, 254, 253, 252, 252, 253, 253, 253, 253, 253, 252, 252, 252, 252, 252, 251, 251, 251, 251, 251, 251, 251, 251, 252, 252, 251, 251, 252, 252, 251, 251, 252, 248, 251, 253, 249, 251, 245, 26]","[30, 29, 102, 109, 109, 111, 119, 121, 128, 129, 133, 132, 122, 115, 109, 101, 101, 104, 106, 104, 102, 102, 102, 100, 97, 100, 86, 41, 20, 27, 24, 22, 22, 22, 23, 23, 22, 21, 20, 20, 19, 20, 20, 20, 20, 20, 19, 19, 17, 16, 16, 16, 16, 16, 16, 16, 17, 17, 16, 15, 14, 14, 14, 15, 15, 15, 15, 16, 16, 16, 16, 16, 17, 16, 15, 14, 14, 15, 16, 17, 19, 18, 17, 17, 17, 16, 14, 14, 13, 14, 15, 15, 16, 16, 18, 19, 20, 19, 18, 17, 17, 18, 17, 16, 17, 16, 16, 17, 17, 18, 20, 22, 23, 24, 24, 24, 24, 24, 24, 24, 24, 24, 24, 24, 24, 24, 24, 24, 25, 23, 22, 23, 23, 24, 27, 30, 42, 129, 193, 207, 215, 216, 219, 221, 224, 227, 232, 236, 240, 244, 248, 250, 251, 251, 251, 252, 251, 251, 251, 250, 250, 251, 251, 249, 247, 247, 249, 250, 252, 252, 253, 253, 253, 253, 253, 253, 251, 253, 254, 254, 253, 253, 254, 254, 253, 252, 251, 251, 253, 254, 254, 253, 253, 252, 254, 253, 253, 253, 241, 30]","[30, 29, 101, 103, 110, 106, 113, 113, 104, 104, 109, 109, 103, 103, 105, 102, 101, 104, 106, 104, 103, 104, 104, 102, 104, 100, 92, 48, 23, 21, 24, 23, 20, 21, 22, 23, 24, 23, 23, 23, 20, 20, 20, 21, 21, 21, 19, 18, 17, 16, 15, 15, 16, 16, 16, 16, 15, 15, 14, 13, 13, 13, 15, 16, 17, 17, 16, 16, 16, 16, 16, 16, 16, 16, 15, 14, 15, 16, 18, 19, 23, 21, 20, 19, 17, 15, 13, 12, 13, 13, 14, 15, 15, 16, 17, 18, 19, 19, 18, 16, 16, 17, 17, 16, 16, 16, 16, 17, 17, 19, 21, 23, 24, 24, 24, 24, 24, 25, 24, 24, 24, 24, 24, 24, 24, 24, 23, 23, 24, 22, 22, 23, 24, 23, 24, 26, 48, 130, 154, 147, 152, 150, 151, 150, 152, 155, 159, 162, 164, 166, 169, 172, 170, 171, 173, 174, 174, 174, 173, 173, 175, 176, 176, 174, 172, 171, 173, 176, 177, 177, 178, 179, 179, 179, 180, 181, 184, 187, 190, 190, 188, 188, 191, 194, 199, 197, 196, 197, 200, 202, 202, 202, 202, 206, 204, 194, 194, 187, 195, 29]","[30, 30, 97, 99, 103, 104, 106, 105, 101, 100, 100, 101, 103, 104, 104, 104, 102, 103, 104, 104, 104, 104, 104, 104, 101, 99, 95, 57, 20, 24, 23, 22, 21, 20, 21, 24, 24, 22, 22, 23, 20, 22, 23, 21, 20, 20, 20, 19, 18, 17, 16, 15, 15, 16, 16, 16, 15, 15, 14, 13, 13, 14, 15, 16, 18, 17, 15, 15, 15, 16, 16, 16, 16, 16, 16, 15, 16, 18, 20, 22, 23, 21, 19, 18, 17, 16, 15, 13, 14, 13, 13, 13, 15, 16, 17, 17, 17, 17, 17, 17, 17, 16, 16, 16, 16, 16, 17, 17, 18, 19, 21, 23, 24, 24, 24, 24, 24, 24, 24, 24, 24, 24, 23, 24, 24, 25, 24, 24, 26, 20, 25, 23, 23, 23, 25, 28, 71, 145, 147, 145, 146, 148, 145, 150, 149, 148, 147, 147, 148, 149, 150, 151, 150, 152, 152, 150, 148, 148, 148, 148, 146, 148, 149, 151, 151, 152, 152, 152, 152, 153, 153, 153, 152, 151, 151, 152, 150, 150, 151, 151, 152, 153, 154, 154, 155, 154, 154, 153, 153, 154, 154, 155, 156, 157, 158, 156, 156, 157, 159, 28]","[29, 29, 97, 97, 100, 100, 101, 101, 100, 100, 99, 100, 102, 103, 103, 103, 101, 102, 102, 103, 103, 102, 102, 103, 103, 101, 99, 66, 23, 24, 25, 23, 20, 20, 22, 24, 23, 21, 20, 22, 21, 22, 22, 20, 19, 19, 20, 20, 18, 17, 16, 15, 14, 14, 15, 15, 16, 16, 15, 15, 15, 15, 16, 17, 18, 17, 16, 15, 16, 16, 17, 17, 17, 16, 16, 16, 17, 18, 21, 23, 22, 21, 20, 19, 19, 18, 16, 15, 13, 13, 13, 13, 14, 15, 16, 16, 16, 16, 16, 16, 16, 16, 16, 16, 16, 17, 17, 18, 19, 20, 22, 23, 24, 24, 24, 24, 24, 24, 24, 24, 24, 24, 24, 24, 24, 24, 23, 22, 22, 21, 22, 20, 20, 23, 25, 45, 110, 152, 147, 145, 145, 150, 149, 150, 152, 151, 151, 151, 152, 153, 154, 154, 155, 156, 156, 155, 153, 154, 154, 153, 153, 154, 155, 156, 157, 158, 158, 159, 158, 158, 159, 159, 159, 158, 158, 159, 158, 158, 158, 158, 159, 159, 159, 159, 159, 159, 159, 160, 160, 161, 162, 162, 161, 161, 161, 160, 160, 161, 161, 30]","[29, 29, 97, 96, 97, 96, 98, 98, 99, 98, 97, 97, 98, 100, 100, 100, 100, 100, 100, 101, 102, 102, 102, 102, 101, 99, 100, 75, 25, 21, 24, 22, 20, 21, 23, 23, 22, 20, 20, 22, 22, 22, 21, 19, 17, 18, 20, 20, 18, 17, 16, 15, 14, 14, 14, 15, 16, 16, 16, 16, 16, 16, 17, 17, 17, 16, 15, 15, 15, 16, 16, 17, 16, 16, 16, 16, 17, 19, 21, 23, 21, 21, 20, 19, 19, 18, 16, 15, 13, 13, 13, 13, 13, 14, 15, 15, 16, 16, 16, 16, 16, 16, 16, 16, 16, 16, 17, 18, 19, 20, 22, 23, 24, 24, 24, 24, 24, 24, 24, 24, 24, 24, 24, 23, 23, 23, 23, 22, 23, 24, 20, 20, 22, 25, 26, 70, 139, 151, 146, 147, 147, 151, 152, 149, 151, 150, 150, 150, 151, 152, 153, 153, 153, 154, 154, 153, 153, 153, 153, 153, 153, 153, 154, 155, 156, 158, 158, 158, 158, 158, 158, 158, 159, 159, 158, 158, 159, 159, 159, 159, 158, 158, 158, 158, 158, 158, 159, 160, 161, 162, 162, 163, 162, 162, 162, 161, 161, 162, 161, 29]","[29, 30, 98, 97, 96, 95, 97, 98, 98, 97, 96, 96, 97, 98, 98, 97, 98, 98, 99, 101, 102, 103, 102, 102, 101, 100, 102, 87, 33, 21, 26, 23, 21, 21, 21, 21, 20, 19, 20, 22, 21, 21, 20, 19, 18, 18, 19, 20, 18, 18, 17, 16, 15, 15, 15, 16, 16, 16, 16, 16, 16, 16, 16, 16, 17, 17, 16, 15, 15, 16, 16, 16, 16, 16, 16, 16, 16, 18, 20, 22, 22, 21, 20, 19, 18, 17, 16, 15, 14, 14, 14, 14, 14, 14, 15, 15, 16, 16, 16, 16, 16, 16, 16, 16, 16, 17, 18, 19, 20, 21, 22, 23, 24, 24, 24, 24, 24, 24, 24, 24, 23, 23, 24, 24, 24, 23, 23, 23, 22, 23, 18, 21, 25, 23, 32, 98, 149, 145, 146, 148, 148, 150, 151, 150, 151, 151, 151, 151, 152, 153, 154, 154, 154, 154, 154, 154, 154, 154, 154, 153, 154, 153, 154, 155, 156, 157, 158, 158, 159, 159, 158, 158, 159, 159, 158, 158, 159, 159, 159, 159, 159, 159, 159, 159, 158, 158, 159, 160, 161, 161, 161, 161, 161, 161, 161, 161, 161, 162, 161, 28]","[29, 30, 98, 97, 96, 95, 97, 98, 97, 97, 97, 97, 98, 98, 97, 97, 97, 98, 99, 101, 102, 103, 102, 102, 102, 100, 103, 95, 43, 21, 25, 22, 20, 20, 20, 20, 20, 20, 20, 20, 20, 20, 20, 20, 19, 19, 19, 19, 17, 18, 18, 17, 16, 16, 16, 16, 15, 16, 16, 16, 16, 16, 16, 16, 19, 18, 18, 17, 16, 16, 16, 16, 16, 16, 16, 16, 16, 18, 20, 21, 24, 23, 21, 19, 18, 17, 17, 17, 15, 15, 15, 14, 14, 14, 15, 16, 16, 16, 16, 16, 16, 16, 17, 17, 18, 19, 20, 21, 22, 23, 23, 24, 25, 25, 25, 25, 25, 25, 25, 24, 24, 24, 24, 24, 24, 23, 23, 23, 22, 21, 21, 24, 26, 22, 54, 129, 153, 147, 148, 147, 148, 149, 150, 153, 151, 152, 152, 152, 153, 153, 154, 154, 155, 155, 154, 155, 155, 155, 155, 154, 155, 155, 155, 155, 157, 158, 158, 158, 160, 159, 159, 159, 159, 160, 159, 159, 159, 160, 160, 160, 160, 160, 161, 161, 159, 159, 160, 161, 161, 161, 161, 161, 162, 161, 162, 162, 162, 163, 162, 29]","[29, 29, 97, 95, 95, 94, 96, 97, 97, 97, 97, 98, 98, 98, 97, 97, 97, 98, 99, 100, 101, 101, 101, 100, 101, 100, 101, 98, 53, 19, 22, 20, 19, 19, 19, 20, 21, 21, 20, 18, 20, 19, 20, 21, 20, 19, 18, 18, 16, 17, 17, 17, 17, 16, 16, 16, 16, 16, 16, 16, 16, 17, 17, 17, 18, 18, 18, 17, 16, 16, 16, 16, 16, 16, 16, 16, 17, 18, 20, 21, 23, 22, 20, 18, 17, 17, 17, 18, 16, 15, 14, 13, 13, 14, 15, 16, 16, 16, 16, 16, 16, 17, 17, 18, 19, 20, 21, 22, 23, 23, 24, 24, 25, 25, 25, 25, 25, 24, 24, 24, 24, 24, 24, 24, 23, 22, 22, 22, 22, 22, 24, 25, 22, 24, 83, 148, 151, 148, 149, 147, 150, 152, 149, 152, 150, 151, 151, 152, 152, 152, 153, 153, 154, 153, 153, 154, 154, 154, 153, 153, 154, 154, 154, 155, 155, 156, 156, 157, 157, 157, 157, 158, 158, 158, 159, 159, 159, 159, 159, 159, 160, 160, 160, 160, 159, 159, 159, 160, 160, 160, 160, 160, 162, 162, 162, 162, 162, 163, 162, 29]","[29, 29, 96, 95, 95, 94, 95, 96, 96, 96, 97, 97, 97, 97, 97, 97, 97, 98, 99, 99, 100, 100, 100, 100, 102, 103, 101, 101, 66, 22, 23, 22, 20, 20, 21, 21, 21, 21, 21, 20, 20, 19, 19, 20, 20, 19, 18, 19, 17, 17, 17, 17, 17, 17, 16, 16, 15, 15, 16, 16, 16, 16, 17, 17, 17, 18, 18, 17, 16, 16, 16, 16, 16, 16, 16, 16, 17, 18, 19, 21, 20, 20, 18, 17, 16, 16, 17, 17, 16, 15, 14, 13, 13, 14, 16, 16, 17, 17, 17, 17, 18, 18, 19, 19, 19, 20, 22, 23, 23, 23, 24, 24, 24, 24, 24, 24, 24, 23, 23, 22, 23, 23, 23, 23, 22, 21, 21, 20, 19, 20, 21, 22, 17, 37, 114, 150, 146, 146, 149, 150, 151, 153, 150, 150, 152, 153, 154, 154, 154, 154, 154, 155, 154, 154, 154, 155, 156, 155, 155, 155, 156, 156, 157, 157, 157, 157, 157, 157, 158, 159, 159, 159, 159, 160, 160, 161, 160, 160, 160, 160, 160, 161, 161, 161, 161, 161, 161, 162, 162, 162, 162, 162, 162, 162, 162, 161, 161, 162, 161, 29]","[29, 29, 95, 95, 95, 95, 97, 96, 97, 97, 97, 97, 97, 98, 98, 99, 97, 98, 98, 98, 99, 99, 101, 102, 102, 103, 100, 101, 74, 25, 24, 25, 23, 23, 22, 21, 20, 21, 23, 23, 20, 19, 19, 20, 20, 19, 18, 19, 18, 18, 17, 17, 17, 17, 16, 16, 15, 15, 15, 15, 15, 16, 16, 17, 17, 18, 18, 18, 17, 16, 16, 17, 16, 16, 16, 16, 16, 17, 19, 20, 20, 19, 18, 17, 17, 16, 17, 17, 18, 16, 14, 13, 13, 15, 16, 17, 18, 18, 18, 18, 19, 19, 20, 20, 20, 21, 23, 24, 24, 24, 24, 24, 24, 24, 24, 24, 24, 23, 22, 22, 21, 22, 22, 22, 21, 20, 20, 20, 19, 21, 19, 24, 21, 59, 143, 153, 148, 148, 151, 153, 148, 152, 153, 153, 152, 153, 154, 154, 154, 154, 154, 154, 155, 154, 155, 157, 157, 157, 157, 158, 157, 158, 158, 158, 158, 158, 158, 158, 160, 160, 160, 160, 160, 160, 160, 161, 160, 160, 160, 160, 160, 161, 161, 161, 162, 162, 162, 161, 161, 162, 162, 162, 163, 163, 163, 162, 162, 162, 162, 29]","[29, 29, 94, 96, 95, 96, 95, 95, 96, 96, 97, 97, 97, 97, 98, 98, 98, 98, 98, 99, 101, 102, 102, 102, 101, 102, 100, 98, 84, 37, 25, 23, 22, 22, 21, 20, 19, 19, 20, 20, 20, 20, 22, 22, 21, 19, 19, 19, 19, 18, 18, 18, 17, 17, 16, 16, 15, 16, 15, 13, 13, 14, 15, 16, 16, 17, 17, 17, 15, 15, 16, 17, 16, 17, 17, 15, 15, 15, 17, 18, 19, 19, 19, 18, 17, 18, 18, 17, 16, 17, 16, 13, 13, 16, 17, 16, 18, 18, 18, 19, 20, 20, 20, 19, 22, 23, 23, 24, 24, 23, 23, 23, 24, 24, 24, 23, 23, 23, 22, 20, 20, 21, 21, 21, 20, 19, 19, 20, 21, 21, 23, 22, 28, 93, 154, 152, 149, 150, 151, 152, 153, 152, 152, 152, 154, 154, 154, 154, 154, 154, 154, 154, 156, 156, 157, 157, 157, 156, 157, 157, 158, 158, 159, 159, 159, 159, 158, 157, 158, 159, 159, 159, 160, 160, 161, 162, 161, 161, 160, 160, 160, 160, 161, 161, 161, 162, 162, 162, 161, 161, 163, 165, 163, 164, 162, 162, 162, 162, 162, 29]","[29, 29, 94, 95, 94, 96, 96, 95, 96, 97, 97, 97, 97, 97, 97, 97, 100, 100, 100, 101, 102, 103, 103, 103, 101, 102, 100, 100, 91, 48, 21, 25, 21, 21, 20, 20, 19, 19, 19, 19, 20, 21, 22, 23, 22, 20, 20, 20, 18, 18, 17, 17, 17, 16, 16, 16, 15, 16, 16, 14, 13, 14, 15, 14, 15, 15, 16, 15, 14, 14, 14, 15, 15, 17, 17, 16, 16, 16, 17, 18, 18, 19, 19, 18, 18, 18, 18, 17, 17, 17, 16, 15, 14, 16, 16, 16, 18, 18, 18, 19, 20, 20, 20, 19, 20, 22, 24, 24, 24, 23, 23, 24, 23, 24, 24, 24, 24, 23, 21, 19, 20, 20, 20, 20, 19, 19, 19, 20, 18, 22, 23, 25, 45, 123, 154, 153, 151, 151, 152, 153, 153, 153, 153, 153, 154, 154, 154, 154, 154, 155, 155, 155, 156, 157, 157, 157, 157, 156, 157, 158, 158, 158, 159, 159, 160, 160, 160, 159, 159, 160, 160, 160, 159, 160, 161, 162, 161, 161, 161, 160, 160, 160, 161, 162, 162, 162, 162, 162, 162, 163, 163, 164, 164, 164, 162, 163, 163, 164, 164, 29]","[29, 29, 94, 94, 93, 96, 96, 96, 96, 96, 97, 98, 99, 98, 98, 97, 100, 101, 102, 102, 102, 102, 102, 103, 100, 102, 100, 102, 100, 66, 20, 24, 21, 20, 20, 19, 19, 19, 19, 18, 20, 20, 21, 22, 21, 20, 20, 20, 19, 19, 18, 17, 17, 16, 16, 16, 15, 16, 16, 15, 15, 15, 14, 14, 14, 13, 13, 13, 13, 13, 13, 13, 14, 16, 17, 17, 16, 16, 17, 16, 17, 18, 19, 19, 18, 18, 17, 16, 17, 16, 15, 16, 16, 15, 16, 17, 18, 18, 18, 19, 20, 21, 21, 21, 19, 22, 24, 25, 24, 23, 24, 25, 23, 23, 23, 22, 21, 21, 20, 19, 21, 20, 20, 19, 19, 19, 20, 20, 19, 23, 24, 24, 70, 147, 152, 152, 152, 152, 152, 153, 153, 154, 154, 154, 155, 154, 154, 154, 155, 156, 156, 156, 156, 157, 158, 157, 157, 157, 157, 158, 158, 158, 158, 159, 160, 160, 160, 160, 160, 160, 161, 160, 160, 160, 161, 162, 162, 162, 161, 161, 160, 160, 162, 163, 164, 163, 162, 162, 164, 164, 164, 163, 164, 163, 161, 162, 164, 164, 164, 29]","[29, 29, 94, 94, 93, 96, 96, 96, 95, 96, 97, 99, 100, 100, 99, 98, 100, 101, 102, 103, 102, 101, 100, 101, 101, 101, 101, 103, 104, 87, 29, 20, 23, 22, 20, 19, 19, 19, 19, 19, 19, 19, 20, 21, 21, 20, 20, 20, 21, 20, 20, 18, 17, 16, 16, 16, 15, 16, 16, 16, 16, 15, 15, 14, 13, 13, 12, 12, 13, 13, 13, 12, 14, 15, 16, 16, 16, 16, 16, 16, 16, 17, 18, 18, 18, 18, 17, 16, 15, 14, 14, 16, 16, 15, 16, 17, 17, 17, 18, 19, 21, 22, 23, 23, 21, 22, 24, 25, 24, 24, 24, 25, 24, 23, 22, 20, 19, 20, 20, 20, 21, 21, 20, 20, 20, 20, 20, 21, 20, 22, 24, 31, 104, 154, 151, 151, 151, 152, 152, 152, 153, 153, 154, 154, 154, 154, 153, 154, 156, 157, 157, 157, 156, 157, 158, 158, 157, 157, 157, 158, 159, 159, 158, 159, 159, 160, 160, 159, 160, 161, 161, 161, 160, 160, 161, 162, 162, 162, 162, 161, 160, 161, 162, 164, 164, 163, 163, 163, 165, 165, 164, 164, 164, 164, 162, 163, 164, 164, 164, 29]","[29, 29, 94, 95, 94, 96, 96, 96, 95, 96, 97, 98, 99, 100, 99, 98, 99, 101, 103, 103, 102, 101, 101, 101, 102, 100, 103, 103, 104, 102, 49, 19, 23, 21, 20, 19, 19, 20, 20, 20, 19, 19, 19, 20, 20, 19, 19, 20, 21, 20, 20, 18, 17, 16, 16, 16, 16, 16, 16, 16, 16, 16, 16, 16, 15, 14, 13, 13, 14, 14, 14, 13, 15, 16, 16, 15, 15, 16, 16, 16, 16, 17, 17, 16, 16, 17, 17, 16, 15, 13, 14, 16, 16, 16, 16, 17, 18, 18, 18, 20, 21, 23, 23, 24, 23, 23, 24, 24, 24, 24, 24, 24, 24, 24, 23, 21, 20, 20, 20, 20, 20, 20, 20, 20, 20, 20, 20, 20, 19, 19, 22, 58, 138, 156, 153, 151, 151, 151, 152, 153, 153, 154, 154, 154, 153, 153, 153, 154, 156, 157, 157, 156, 157, 158, 158, 158, 157, 157, 158, 159, 160, 160, 160, 160, 160, 160, 160, 160, 160, 161, 162, 161, 161, 161, 162, 163, 162, 162, 162, 161, 161, 161, 162, 164, 164, 164, 164, 164, 165, 165, 165, 165, 165, 166, 164, 165, 165, 164, 164, 30]","[28, 29, 94, 95, 94, 96, 96, 95, 96, 96, 96, 97, 98, 98, 98, 98, 98, 100, 102, 103, 103, 102, 103, 103, 102, 100, 102, 102, 101, 105, 72, 28, 21, 20, 19, 19, 19, 20, 20, 21, 19, 19, 19, 20, 20, 20, 20, 20, 19, 19, 19, 17, 16, 16, 17, 17, 17, 16, 16, 16, 16, 16, 16, 17, 16, 15, 15, 15, 15, 16, 15, 15, 16, 16, 16, 16, 16, 16, 17, 17, 16, 16, 16, 15, 15, 16, 16, 16, 15, 15, 15, 16, 16, 16, 17, 17, 19, 19, 19, 20, 22, 23, 23, 23, 25, 24, 23, 23, 24, 24, 24, 23, 22, 23, 24, 23, 21, 20, 19, 18, 18, 19, 20, 20, 20, 19, 19, 19, 21, 19, 25, 91, 151, 154, 153, 152, 152, 152, 153, 154, 154, 155, 155, 155, 154, 154, 155, 156, 158, 158, 158, 157, 158, 158, 159, 159, 158, 158, 159, 159, 160, 160, 160, 160, 161, 161, 161, 161, 162, 162, 162, 161, 161, 161, 162, 162, 162, 162, 162, 162, 162, 162, 163, 164, 164, 164, 165, 165, 164, 164, 165, 166, 165, 167, 166, 166, 165, 164, 164, 30]","[29, 29, 93, 94, 93, 95, 95, 95, 96, 97, 97, 97, 97, 98, 99, 99, 98, 99, 100, 101, 102, 102, 103, 104, 102, 101, 101, 102, 101, 101, 93, 47, 19, 20, 19, 19, 19, 19, 19, 19, 19, 18, 18, 19, 19, 19, 19, 20, 18, 18, 18, 17, 16, 16, 17, 19, 18, 16, 16, 16, 16, 16, 15, 16, 16, 16, 16, 16, 16, 16, 16, 16, 16, 17, 16, 15, 16, 16, 17, 16, 16, 16, 15, 14, 14, 15, 16, 15, 15, 16, 16, 15, 16, 17, 17, 17, 20, 20, 20, 21, 22, 23, 23, 23, 24, 24, 24, 24, 24, 24, 24, 23, 22, 23, 23, 22, 20, 19, 18, 17, 17, 18, 19, 20, 19, 18, 18, 18, 24, 22, 44, 122, 152, 152, 151, 153, 153, 153, 154, 154, 155, 156, 157, 157, 156, 156, 157, 157, 158, 158, 158, 158, 158, 159, 159, 159, 158, 158, 159, 160, 159, 159, 160, 160, 161, 162, 161, 161, 162, 162, 161, 161, 162, 162, 163, 162, 162, 163, 163, 163, 164, 164, 164, 164, 164, 164, 164, 164, 164, 165, 165, 166, 165, 166, 165, 166, 166, 165, 164, 29]","[29, 29, 93, 93, 92, 95, 95, 95, 97, 97, 97, 97, 97, 98, 100, 101, 100, 100, 100, 100, 101, 102, 104, 105, 103, 104, 101, 104, 104, 98, 106, 64, 20, 20, 21, 20, 19, 18, 18, 18, 18, 18, 17, 18, 19, 18, 19, 19, 18, 19, 19, 18, 17, 17, 18, 19, 18, 17, 16, 17, 17, 15, 14, 15, 16, 16, 16, 16, 16, 16, 16, 16, 16, 16, 16, 15, 15, 16, 16, 15, 16, 16, 15, 15, 14, 15, 15, 15, 14, 15, 15, 14, 15, 17, 18, 17, 20, 20, 20, 21, 22, 23, 24, 24, 23, 23, 24, 24, 24, 23, 23, 24, 24, 24, 23, 21, 19, 18, 19, 19, 17, 18, 19, 19, 19, 18, 18, 19, 22, 24, 68, 145, 155, 153, 152, 154, 154, 154, 154, 154, 155, 156, 158, 158, 156, 156, 156, 157, 157, 157, 158, 158, 158, 159, 160, 159, 159, 159, 159, 160, 160, 160, 161, 162, 162, 163, 162, 162, 162, 161, 161, 161, 162, 163, 164, 163, 163, 163, 164, 164, 165, 165, 165, 165, 165, 164, 164, 164, 164, 165, 166, 166, 167, 167, 165, 167, 168, 167, 166, 30]","[28, 29, 93, 93, 94, 95, 95, 97, 96, 97, 98, 98, 98, 97, 98, 100, 101, 100, 101, 101, 101, 101, 102, 103, 104, 103, 103, 105, 106, 104, 100, 96, 35, 21, 18, 19, 21, 17, 20, 17, 18, 18, 18, 18, 18, 18, 19, 19, 20, 19, 18, 17, 16, 17, 18, 19, 19, 17, 16, 16, 16, 16, 15, 15, 16, 16, 16, 16, 16, 16, 16, 16, 16, 17, 17, 17, 16, 16, 16, 16, 17, 16, 15, 16, 17, 18, 17, 17, 16, 16, 16, 16, 17, 18, 19, 19, 19, 20, 19, 18, 21, 25, 25, 22, 24, 24, 24, 24, 24, 24, 22, 21, 23, 23, 22, 20, 19, 18, 18, 19, 19, 18, 20, 17, 19, 19, 19, 23, 20, 32, 107, 152, 152, 154, 152, 154, 154, 154, 154, 155, 157, 158, 158, 157, 157, 157, 157, 157, 158, 158, 158, 158, 159, 159, 159, 159, 159, 159, 160, 160, 160, 160, 161, 162, 163, 162, 162, 161, 161, 162, 162, 163, 164, 164, 165, 165, 164, 164, 164, 165, 165, 165, 165, 164, 166, 165, 165, 165, 165, 166, 167, 167, 167, 166, 165, 167, 167, 167, 166, 29]","[28, 29, 93, 94, 94, 95, 94, 95, 96, 96, 97, 98, 97, 97, 98, 100, 100, 100, 100, 101, 101, 100, 101, 102, 104, 104, 104, 104, 106, 106, 105, 104, 65, 28, 18, 23, 17, 18, 20, 20, 18, 18, 18, 18, 18, 19, 19, 20, 19, 19, 17, 17, 16, 17, 17, 18, 19, 17, 16, 16, 16, 16, 15, 15, 16, 16, 16, 16, 16, 16, 16, 16, 17, 18, 18, 17, 17, 17, 17, 18, 16, 15, 14, 15, 16, 17, 16, 16, 16, 16, 16, 16, 17, 18, 19, 19, 20, 21, 20, 19, 21, 23, 24, 23, 23, 24, 24, 24, 23, 22, 21, 21, 23, 22, 21, 20, 19, 18, 18, 19, 18, 16, 17, 18, 19, 21, 22, 23, 23, 60, 129, 155, 154, 152, 153, 153, 155, 155, 155, 156, 158, 159, 158, 158, 157, 157, 158, 158, 158, 159, 159, 159, 159, 159, 159, 160, 160, 161, 161, 161, 161, 162, 162, 162, 162, 162, 162, 162, 162, 162, 163, 163, 163, 164, 164, 164, 164, 164, 164, 165, 165, 165, 165, 164, 164, 165, 165, 166, 166, 167, 167, 167, 167, 166, 166, 168, 168, 167, 166, 29]","[28, 29, 93, 95, 96, 97, 94, 95, 96, 96, 97, 97, 96, 96, 98, 100, 101, 101, 101, 102, 101, 101, 102, 103, 104, 104, 104, 104, 104, 104, 105, 105, 94, 49, 18, 21, 16, 17, 19, 19, 19, 19, 19, 18, 19, 19, 19, 19, 19, 18, 17, 17, 17, 18, 18, 17, 18, 17, 16, 16, 16, 16, 16, 16, 16, 16, 16, 16, 16, 16, 16, 16, 18, 18, 18, 18, 18, 18, 18, 19, 20, 19, 18, 18, 19, 19, 19, 19, 17, 16, 16, 17, 18, 19, 19, 19, 20, 21, 21, 20, 20, 22, 24, 24, 23, 23, 23, 22, 21, 20, 20, 20, 22, 22, 21, 20, 19, 19, 18, 18, 17, 15, 15, 19, 18, 20, 24, 21, 30, 96, 150, 155, 156, 152, 157, 155, 156, 156, 156, 157, 158, 159, 159, 158, 158, 158, 158, 159, 159, 160, 160, 160, 160, 160, 161, 161, 161, 162, 162, 162, 162, 163, 163, 162, 161, 161, 162, 163, 163, 164, 164, 164, 164, 164, 164, 164, 165, 165, 165, 165, 166, 166, 165, 165, 164, 164, 166, 166, 167, 167, 166, 166, 167, 167, 167, 169, 168, 168, 167, 29]","[29, 30, 93, 95, 96, 97, 95, 95, 96, 96, 97, 97, 97, 97, 98, 100, 102, 102, 101, 101, 101, 102, 103, 105, 103, 104, 105, 105, 105, 104, 103, 103, 106, 81, 32, 16, 19, 18, 17, 18, 19, 19, 19, 18, 18, 18, 18, 18, 19, 18, 17, 18, 19, 19, 18, 18, 18, 17, 16, 16, 16, 16, 16, 16, 16, 16, 16, 16, 16, 16, 16, 16, 18, 18, 18, 18, 17, 18, 19, 19, 20, 20, 19, 18, 18, 18, 18, 18, 17, 17, 17, 17, 18, 19, 19, 19, 19, 20, 21, 20, 21, 22, 23, 24, 24, 23, 22, 20, 19, 19, 19, 19, 22, 21, 20, 19, 19, 19, 18, 17, 16, 17, 16, 20, 18, 21, 25, 21, 50, 127, 158, 152, 155, 152, 157, 157, 157, 157, 157, 158, 159, 159, 159, 158, 158, 159, 159, 159, 160, 160, 161, 161, 162, 162, 162, 162, 162, 162, 162, 161, 162, 163, 163, 163, 162, 162, 163, 165, 165, 165, 164, 164, 164, 165, 165, 165, 166, 166, 166, 166, 167, 167, 166, 166, 165, 165, 166, 167, 167, 167, 166, 165, 167, 167, 167, 168, 168, 168, 167, 29]","[29, 29, 92, 94, 95, 96, 94, 95, 96, 96, 97, 98, 98, 97, 98, 99, 100, 100, 101, 101, 102, 102, 103, 105, 103, 104, 105, 107, 108, 107, 106, 105, 107, 104, 65, 22, 18, 19, 18, 19, 19, 19, 18, 18, 18, 18, 18, 18, 18, 18, 17, 18, 19, 19, 18, 17, 18, 16, 16, 16, 16, 16, 16, 17, 16, 16, 16, 16, 16, 16, 16, 16, 18, 18, 18, 18, 18, 18, 19, 20, 19, 19, 19, 18, 18, 18, 18, 18, 18, 17, 17, 18, 18, 19, 19, 19, 19, 20, 20, 21, 22, 23, 23, 23, 25, 23, 20, 19, 19, 19, 19, 19, 20, 20, 19, 19, 19, 19, 18, 17, 16, 18, 16, 21, 21, 24, 22, 23, 88, 150, 156, 151, 155, 154, 155, 156, 157, 157, 157, 158, 159, 159, 159, 159, 159, 159, 160, 160, 161, 161, 161, 161, 162, 162, 162, 162, 162, 162, 162, 162, 162, 163, 164, 164, 163, 163, 164, 165, 165, 165, 164, 164, 164, 165, 166, 166, 166, 166, 166, 167, 167, 167, 167, 166, 166, 166, 167, 167, 167, 167, 166, 166, 168, 168, 167, 168, 167, 168, 167, 29]","[29, 29, 92, 93, 94, 96, 95, 96, 96, 96, 98, 99, 98, 98, 98, 98, 97, 99, 101, 103, 104, 103, 103, 103, 104, 104, 105, 106, 107, 108, 107, 106, 105, 108, 98, 45, 16, 17, 18, 20, 19, 18, 18, 18, 18, 18, 19, 19, 17, 17, 17, 17, 18, 18, 18, 17, 17, 16, 16, 16, 16, 16, 16, 17, 18, 18, 18, 18, 18, 18, 18, 18, 19, 19, 19, 19, 19, 19, 20, 20, 20, 20, 20, 21, 21, 21, 21, 21, 18, 18, 18, 18, 19, 19, 19, 19, 20, 20, 20, 22, 24, 25, 24, 23, 24, 22, 19, 18, 19, 20, 19, 18, 19, 19, 19, 19, 19, 19, 18, 18, 18, 19, 15, 21, 24, 23, 20, 38, 127, 161, 153, 154, 156, 157, 157, 158, 158, 158, 158, 158, 159, 159, 159, 159, 159, 160, 160, 161, 161, 161, 162, 162, 161, 161, 162, 162, 162, 163, 163, 163, 163, 164, 165, 165, 165, 164, 164, 165, 166, 166, 165, 165, 166, 167, 168, 168, 166, 166, 166, 167, 167, 168, 167, 167, 167, 167, 167, 167, 168, 168, 168, 168, 168, 169, 168, 168, 167, 168, 168, 29]","[29, 30, 93, 94, 95, 96, 96, 97, 97, 97, 98, 99, 98, 98, 98, 98, 98, 99, 102, 104, 105, 104, 103, 103, 105, 105, 105, 105, 105, 106, 106, 106, 105, 107, 111, 76, 29, 16, 19, 19, 19, 18, 18, 18, 18, 18, 18, 18, 17, 17, 17, 17, 17, 18, 17, 17, 17, 16, 16, 16, 16, 16, 16, 17, 19, 19, 19, 19, 19, 19, 19, 19, 19, 19, 20, 20, 19, 19, 19, 20, 19, 19, 20, 21, 21, 21, 20, 20, 19, 19, 19, 19, 19, 19, 19, 18, 20, 20, 20, 22, 24, 24, 23, 22, 22, 20, 19, 18, 19, 19, 19, 18, 18, 18, 19, 19, 19, 18, 18, 18, 18, 20, 17, 22, 23, 21, 27, 77, 152, 159, 154, 158, 158, 159, 160, 160, 159, 159, 159, 159, 159, 160, 160, 160, 160, 160, 161, 161, 162, 162, 162, 162, 162, 162, 162, 162, 162, 163, 164, 165, 164, 165, 165, 166, 166, 166, 166, 166, 167, 167, 167, 167, 168, 169, 169, 169, 167, 167, 167, 168, 168, 168, 168, 167, 168, 168, 168, 168, 168, 168, 169, 169, 169, 170, 169, 169, 168, 170, 169, 30]","[28, 29, 93, 94, 94, 96, 95, 97, 97, 97, 98, 98, 98, 98, 98, 99, 100, 100, 102, 103, 104, 104, 104, 105, 104, 104, 105, 106, 106, 107, 107, 108, 107, 109, 108, 99, 49, 17, 21, 19, 19, 19, 18, 17, 17, 16, 16, 16, 18, 18, 18, 18, 18, 18, 18, 18, 17, 16, 16, 16, 16, 15, 16, 17, 19, 19, 19, 19, 19, 19, 19, 19, 18, 19, 19, 20, 19, 19, 19, 19, 20, 21, 22, 23, 22, 21, 20, 20, 19, 19, 19, 19, 19, 19, 19, 18, 20, 20, 20, 22, 22, 22, 22, 22, 19, 19, 19, 19, 19, 19, 18, 18, 17, 18, 19, 19, 19, 18, 18, 18, 15, 20, 20, 23, 23, 21, 40, 119, 162, 156, 156, 161, 157, 157, 161, 158, 159, 159, 160, 160, 160, 160, 161, 161, 160, 161, 161, 162, 162, 162, 162, 162, 163, 162, 162, 162, 162, 163, 164, 165, 165, 165, 165, 166, 167, 167, 167, 168, 167, 167, 168, 169, 169, 169, 169, 169, 168, 168, 168, 169, 169, 169, 169, 168, 169, 169, 169, 169, 169, 169, 168, 168, 169, 171, 170, 170, 169, 171, 169, 30]","[29, 28, 94, 94, 96, 96, 96, 95, 97, 96, 98, 101, 101, 98, 97, 100, 100, 99, 100, 103, 105, 105, 104, 103, 105, 105, 105, 106, 107, 108, 107, 106, 109, 105, 107, 107, 83, 29, 17, 20, 19, 18, 19, 18, 15, 18, 17, 16, 17, 18, 19, 19, 18, 18, 18, 18, 18, 18, 17, 16, 16, 16, 16, 17, 19, 19, 19, 19, 19, 19, 19, 19, 19, 20, 20, 20, 20, 20, 21, 21, 22, 23, 23, 23, 21, 20, 20, 21, 22, 22, 22, 21, 19, 18, 18, 18, 19, 19, 20, 20, 20, 21, 21, 21, 20, 19, 19, 18, 18, 18, 18, 18, 17, 17, 18, 19, 19, 19, 18, 18, 19, 22, 22, 22, 24, 24, 86, 145, 157, 156, 156, 159, 160, 159, 159, 160, 159, 160, 160, 161, 161, 161, 162, 162, 162, 162, 162, 162, 162, 163, 163, 163, 165, 164, 162, 162, 163, 165, 165, 165, 165, 166, 166, 167, 167, 167, 167, 167, 167, 168, 168, 168, 168, 170, 171, 171, 169, 169, 169, 169, 170, 171, 171, 172, 170, 170, 169, 167, 167, 168, 170, 171, 172, 171, 172, 170, 171, 172, 171, 28]","[30, 29, 95, 95, 97, 97, 97, 96, 97, 96, 97, 101, 102, 100, 100, 102, 101, 101, 102, 104, 105, 105, 105, 104, 104, 104, 105, 107, 108, 108, 108, 107, 106, 107, 111, 109, 104, 70, 27, 15, 20, 20, 18, 17, 16, 17, 17, 17, 19, 19, 19, 19, 19, 18, 18, 18, 19, 18, 17, 17, 16, 16, 17, 17, 19, 19, 19, 19, 18, 18, 18, 18, 20, 20, 20, 19, 19, 19, 20, 21, 23, 23, 24, 24, 22, 21, 20, 21, 21, 21, 21, 20, 19, 19, 18, 18, 18, 18, 18, 19, 19, 20, 20, 20, 19, 19, 18, 18, 18, 18, 18, 18, 17, 17, 18, 18, 19, 18, 18, 19, 18, 20, 23, 23, 23, 51, 126, 161, 157, 156, 157, 159, 160, 160, 160, 160, 159, 159, 160, 161, 161, 162, 162, 163, 163, 163, 163, 163, 163, 164, 164, 164, 165, 164, 163, 164, 165, 166, 166, 165, 165, 165, 166, 167, 168, 168, 167, 167, 168, 168, 168, 168, 169, 170, 171, 171, 169, 169, 169, 169, 169, 170, 170, 171, 171, 171, 170, 169, 169, 169, 170, 171, 172, 171, 172, 170, 171, 172, 171, 29]","[29, 29, 96, 96, 97, 97, 97, 96, 97, 96, 97, 99, 100, 101, 102, 103, 102, 101, 102, 103, 104, 104, 104, 104, 104, 105, 106, 108, 109, 109, 108, 108, 106, 109, 110, 108, 113, 103, 55, 18, 19, 19, 17, 16, 17, 16, 18, 18, 18, 18, 18, 19, 19, 19, 19, 18, 19, 18, 17, 17, 16, 16, 16, 17, 18, 18, 18, 19, 19, 19, 19, 19, 20, 20, 19, 19, 18, 19, 19, 20, 23, 23, 24, 24, 23, 22, 21, 21, 21, 21, 20, 20, 19, 19, 18, 18, 17, 17, 18, 18, 18, 19, 19, 19, 19, 19, 19, 19, 18, 18, 19, 19, 17, 17, 17, 18, 18, 18, 19, 19, 22, 26, 22, 23, 32, 101, 157, 163, 157, 157, 158, 160, 161, 161, 161, 161, 160, 160, 160, 161, 162, 162, 162, 163, 163, 164, 164, 165, 165, 165, 164, 164, 165, 165, 165, 166, 167, 167, 166, 166, 165, 165, 167, 168, 168, 168, 168, 167, 168, 168, 168, 168, 169, 170, 171, 171, 171, 170, 170, 170, 170, 170, 170, 170, 171, 171, 172, 171, 171, 171, 171, 171, 171, 171, 172, 171, 171, 172, 172, 29]","[29, 29, 96, 96, 97, 96, 97, 96, 97, 98, 98, 98, 98, 100, 102, 103, 101, 101, 102, 102, 103, 102, 103, 104, 105, 106, 107, 108, 109, 109, 109, 109, 109, 109, 108, 110, 109, 111, 92, 35, 17, 18, 19, 17, 18, 16, 18, 17, 17, 16, 16, 17, 19, 19, 19, 18, 18, 18, 17, 16, 16, 16, 16, 16, 17, 17, 18, 18, 19, 20, 20, 21, 20, 20, 19, 19, 19, 19, 19, 19, 21, 21, 22, 22, 23, 23, 23, 22, 20, 20, 19, 19, 20, 19, 19, 18, 18, 18, 18, 18, 19, 19, 20, 20, 20, 19, 19, 19, 18, 18, 18, 18, 16, 16, 17, 18, 18, 18, 19, 20, 18, 25, 18, 24, 68, 146, 164, 156, 158, 158, 159, 161, 161, 161, 161, 161, 161, 161, 162, 162, 163, 163, 162, 162, 164, 164, 165, 165, 166, 166, 165, 165, 165, 165, 166, 167, 167, 168, 167, 166, 166, 167, 168, 168, 169, 169, 168, 168, 168, 168, 169, 168, 169, 170, 171, 171, 172, 171, 171, 171, 171, 171, 171, 171, 171, 171, 172, 172, 172, 172, 171, 171, 171, 171, 173, 171, 171, 171, 172, 29]","[29, 30, 97, 97, 97, 96, 97, 97, 97, 99, 100, 98, 98, 100, 103, 104, 102, 102, 103, 103, 103, 103, 104, 106, 107, 107, 107, 108, 108, 108, 109, 109, 110, 109, 111, 115, 109, 109, 114, 62, 22, 17, 21, 18, 18, 16, 18, 16, 16, 16, 16, 17, 18, 19, 19, 18, 18, 18, 17, 17, 16, 16, 16, 16, 16, 16, 17, 17, 18, 19, 19, 20, 20, 20, 20, 20, 19, 19, 19, 18, 19, 19, 19, 20, 21, 23, 23, 22, 20, 19, 19, 19, 20, 19, 19, 18, 18, 18, 18, 19, 19, 19, 20, 20, 19, 19, 18, 18, 17, 16, 16, 16, 16, 16, 17, 18, 18, 18, 19, 19, 20, 18, 21, 53, 121, 163, 162, 157, 159, 159, 161, 161, 162, 162, 162, 162, 162, 162, 162, 163, 164, 164, 163, 162, 163, 164, 165, 165, 166, 166, 166, 166, 165, 165, 166, 166, 167, 167, 167, 166, 168, 168, 168, 168, 168, 168, 168, 168, 169, 169, 169, 169, 170, 171, 172, 172, 171, 171, 171, 171, 171, 171, 172, 172, 170, 171, 171, 172, 172, 172, 172, 172, 171, 171, 173, 171, 172, 171, 172, 29]","[29, 29, 97, 96, 96, 96, 97, 97, 97, 98, 99, 98, 98, 99, 102, 104, 103, 103, 103, 104, 104, 104, 106, 107, 108, 108, 108, 107, 107, 108, 109, 110, 111, 109, 114, 111, 111, 110, 114, 91, 37, 15, 20, 17, 17, 17, 17, 17, 17, 17, 16, 17, 18, 19, 18, 17, 18, 18, 18, 18, 18, 17, 17, 17, 17, 17, 18, 18, 18, 19, 19, 19, 19, 20, 20, 20, 20, 20, 19, 18, 17, 18, 18, 18, 20, 22, 23, 22, 19, 19, 19, 20, 20, 20, 19, 18, 18, 18, 18, 18, 19, 19, 20, 20, 19, 19, 18, 18, 17, 16, 16, 15, 16, 17, 18, 19, 19, 18, 18, 19, 22, 16, 33, 106, 155, 164, 158, 160, 159, 161, 162, 162, 162, 162, 162, 162, 161, 161, 162, 164, 165, 165, 165, 164, 164, 164, 165, 165, 166, 166, 166, 166, 165, 165, 166, 167, 167, 167, 167, 167, 168, 168, 167, 167, 167, 167, 168, 168, 168, 169, 169, 168, 169, 170, 171, 171, 171, 171, 171, 171, 171, 171, 172, 172, 171, 171, 171, 171, 172, 173, 173, 173, 172, 172, 173, 172, 172, 172, 172, 29]","[29, 29, 96, 95, 95, 95, 97, 97, 97, 97, 98, 98, 99, 99, 101, 102, 102, 102, 103, 104, 105, 105, 106, 107, 108, 108, 108, 108, 107, 108, 109, 110, 111, 110, 113, 108, 112, 112, 110, 110, 67, 21, 19, 16, 17, 17, 16, 19, 17, 17, 17, 17, 18, 18, 17, 17, 18, 18, 18, 18, 18, 18, 18, 18, 19, 19, 19, 19, 19, 19, 19, 19, 20, 19, 19, 20, 20, 20, 19, 19, 17, 18, 19, 18, 19, 21, 22, 20, 19, 19, 20, 20, 20, 20, 19, 19, 19, 19, 18, 18, 19, 19, 20, 20, 19, 19, 19, 18, 18, 17, 17, 16, 16, 17, 18, 18, 18, 18, 19, 21, 17, 23, 75, 146, 161, 161, 157, 160, 159, 161, 162, 162, 162, 162, 162, 162, 162, 161, 162, 163, 165, 166, 165, 165, 165, 165, 165, 165, 165, 166, 166, 166, 165, 166, 167, 168, 168, 168, 168, 168, 167, 167, 167, 167, 168, 168, 168, 169, 169, 169, 169, 168, 169, 170, 171, 170, 171, 171, 171, 171, 171, 171, 172, 172, 172, 172, 171, 172, 172, 173, 173, 173, 173, 172, 174, 172, 173, 173, 172, 29]","[29, 30, 97, 96, 96, 95, 97, 98, 99, 98, 97, 99, 100, 101, 101, 101, 102, 102, 103, 105, 106, 106, 107, 108, 107, 108, 108, 108, 108, 108, 109, 110, 109, 111, 112, 112, 113, 112, 111, 116, 97, 32, 23, 18, 18, 17, 13, 18, 16, 16, 16, 17, 17, 18, 17, 17, 17, 17, 18, 18, 18, 18, 18, 18, 18, 18, 18, 19, 19, 19, 19, 19, 20, 19, 19, 19, 20, 20, 20, 19, 18, 20, 20, 19, 19, 21, 20, 19, 19, 20, 20, 21, 20, 19, 19, 19, 19, 19, 19, 19, 19, 19, 20, 20, 18, 18, 18, 18, 17, 17, 17, 17, 15, 16, 17, 18, 18, 19, 21, 23, 20, 44, 138, 165, 164, 156, 160, 160, 160, 162, 163, 162, 162, 162, 162, 161, 163, 162, 161, 162, 164, 165, 165, 165, 166, 166, 165, 165, 165, 166, 166, 166, 165, 166, 168, 169, 169, 169, 169, 168, 167, 167, 168, 168, 169, 169, 169, 169, 170, 170, 170, 170, 170, 171, 172, 172, 172, 172, 172, 172, 172, 172, 172, 172, 173, 173, 172, 172, 173, 173, 173, 173, 174, 173, 174, 173, 174, 174, 173, 29]","[29, 29, 95, 95, 97, 96, 97, 96, 97, 98, 100, 100, 100, 100, 101, 101, 102, 102, 102, 104, 107, 108, 106, 105, 106, 107, 108, 108, 109, 109, 110, 111, 111, 112, 112, 113, 114, 114, 114, 113, 111, 66, 23, 20, 16, 15, 19, 15, 16, 16, 16, 16, 16, 16, 18, 19, 17, 17, 18, 19, 18, 17, 17, 17, 18, 18, 17, 18, 18, 19, 19, 19, 19, 20, 21, 21, 20, 19, 19, 19, 20, 21, 21, 21, 22, 22, 22, 21, 20, 19, 19, 20, 19, 19, 19, 19, 19, 19, 19, 18, 17, 18, 19, 20, 19, 19, 18, 18, 19, 18, 16, 15, 17, 17, 17, 16, 18, 21, 23, 19, 33, 96, 156, 164, 158, 159, 159, 160, 159, 160, 161, 161, 161, 162, 163, 163, 162, 162, 162, 163, 164, 165, 166, 166, 166, 165, 165, 165, 166, 166, 166, 167, 166, 166, 167, 168, 169, 169, 169, 169, 168, 168, 168, 170, 170, 170, 170, 171, 170, 170, 171, 172, 171, 170, 170, 172, 171, 171, 171, 171, 172, 173, 172, 171, 173, 172, 172, 172, 172, 172, 173, 174, 172, 173, 172, 174, 176, 171, 174, 28]","[29, 29, 95, 95, 97, 96, 97, 96, 97, 98, 99, 100, 100, 100, 101, 102, 102, 102, 102, 104, 105, 106, 105, 103, 108, 108, 109, 109, 109, 110, 110, 111, 112, 112, 112, 112, 114, 115, 114, 112, 113, 96, 31, 17, 19, 17, 16, 20, 17, 17, 16, 16, 17, 18, 19, 19, 17, 17, 17, 18, 18, 17, 17, 18, 19, 18, 18, 18, 18, 18, 18, 18, 19, 19, 19, 19, 20, 20, 20, 19, 21, 22, 22, 21, 21, 22, 22, 22, 20, 20, 20, 20, 19, 18, 18, 19, 20, 19, 19, 18, 18, 18, 18, 19, 19, 19, 18, 18, 18, 18, 17, 16, 16, 18, 19, 17, 19, 19, 18, 17, 63, 135, 166, 158, 157, 161, 161, 162, 162, 162, 163, 162, 162, 162, 162, 161, 162, 162, 163, 164, 165, 165, 164, 163, 166, 165, 164, 165, 166, 166, 166, 166, 165, 166, 167, 168, 168, 168, 168, 169, 170, 169, 168, 168, 167, 168, 169, 171, 173, 172, 171, 170, 170, 171, 171, 172, 170, 171, 171, 171, 172, 173, 172, 172, 171, 171, 172, 172, 173, 173, 173, 172, 172, 173, 173, 173, 174, 173, 176, 29]","[29, 29, 96, 95, 97, 96, 97, 96, 97, 98, 99, 100, 100, 100, 101, 102, 103, 103, 103, 104, 105, 106, 105, 105, 109, 110, 110, 110, 110, 110, 111, 111, 112, 111, 111, 112, 114, 115, 114, 112, 112, 113, 57, 22, 17, 18, 17, 19, 17, 16, 16, 16, 17, 18, 18, 18, 17, 17, 17, 17, 17, 17, 18, 19, 19, 18, 18, 18, 18, 19, 19, 19, 20, 19, 18, 19, 20, 20, 20, 19, 21, 22, 22, 21, 21, 21, 22, 22, 22, 21, 21, 21, 20, 19, 19, 20, 20, 20, 19, 19, 19, 19, 18, 18, 19, 18, 18, 17, 18, 17, 17, 16, 14, 18, 18, 17, 20, 20, 18, 27, 108, 162, 161, 156, 160, 160, 159, 160, 161, 162, 162, 162, 162, 163, 162, 161, 161, 162, 164, 165, 166, 166, 166, 166, 166, 165, 164, 165, 166, 167, 167, 166, 166, 166, 167, 168, 167, 167, 168, 168, 169, 170, 171, 171, 170, 169, 170, 171, 170, 171, 170, 170, 171, 173, 172, 170, 170, 171, 171, 171, 172, 173, 173, 173, 172, 172, 172, 173, 173, 173, 173, 173, 174, 175, 175, 174, 173, 174, 175, 27]","[29, 29, 96, 96, 97, 96, 97, 96, 97, 98, 100, 100, 100, 101, 102, 103, 103, 103, 104, 105, 106, 107, 107, 108, 109, 110, 110, 110, 110, 110, 111, 111, 112, 112, 112, 113, 114, 115, 115, 113, 112, 112, 86, 29, 14, 20, 18, 17, 17, 16, 16, 16, 17, 18, 18, 18, 18, 17, 17, 17, 17, 17, 18, 19, 18, 18, 18, 18, 19, 20, 20, 20, 20, 19, 19, 19, 20, 20, 19, 19, 21, 22, 22, 21, 20, 20, 21, 21, 22, 22, 22, 21, 20, 19, 20, 21, 21, 20, 19, 19, 20, 20, 19, 18, 19, 18, 18, 18, 18, 17, 17, 16, 15, 17, 17, 17, 20, 20, 21, 47, 140, 164, 156, 163, 161, 160, 162, 161, 161, 162, 163, 163, 163, 163, 163, 163, 163, 164, 164, 164, 164, 164, 164, 165, 163, 163, 163, 164, 165, 166, 167, 167, 168, 168, 168, 168, 168, 168, 169, 169, 167, 169, 170, 170, 169, 167, 167, 166, 170, 171, 171, 170, 170, 172, 172, 169, 171, 171, 171, 171, 171, 172, 172, 172, 174, 174, 173, 172, 172, 172, 173, 174, 175, 175, 177, 176, 174, 175, 173, 31]","[29, 29, 96, 96, 96, 96, 97, 97, 98, 99, 100, 101, 101, 101, 103, 104, 102, 103, 103, 104, 105, 106, 108, 109, 109, 109, 110, 110, 110, 110, 111, 112, 112, 113, 114, 114, 114, 115, 116, 116, 115, 114, 104, 44, 16, 20, 17, 18, 16, 17, 17, 17, 17, 17, 18, 18, 18, 18, 18, 18, 18, 17, 18, 19, 18, 18, 18, 19, 19, 20, 20, 20, 18, 20, 21, 21, 20, 19, 19, 20, 21, 21, 22, 21, 21, 21, 21, 21, 21, 22, 22, 22, 21, 20, 20, 22, 20, 19, 19, 19, 20, 20, 19, 18, 19, 18, 18, 18, 18, 18, 17, 16, 18, 18, 17, 17, 20, 20, 23, 62, 145, 160, 158, 163, 157, 161, 164, 161, 161, 162, 162, 161, 160, 161, 161, 162, 162, 163, 164, 165, 165, 165, 166, 166, 163, 165, 166, 166, 166, 167, 168, 168, 168, 167, 166, 165, 166, 168, 169, 168, 168, 168, 168, 167, 168, 169, 170, 170, 169, 171, 171, 169, 170, 174, 177, 176, 176, 176, 175, 174, 173, 173, 173, 173, 171, 170, 169, 168, 167, 167, 168, 168, 171, 167, 169, 168, 164, 164, 161, 30]","[29, 29, 96, 96, 97, 96, 97, 97, 99, 100, 101, 101, 101, 102, 103, 104, 103, 103, 104, 105, 106, 107, 108, 108, 108, 109, 109, 110, 110, 110, 111, 112, 111, 113, 115, 114, 114, 114, 115, 116, 115, 116, 117, 83, 25, 16, 19, 16, 15, 16, 17, 17, 16, 16, 17, 18, 17, 17, 18, 18, 18, 17, 17, 18, 19, 19, 19, 19, 20, 20, 20, 19, 17, 19, 21, 22, 20, 20, 20, 21, 21, 22, 22, 22, 22, 22, 22, 22, 22, 22, 23, 23, 22, 21, 22, 23, 20, 19, 18, 19, 19, 20, 19, 18, 18, 18, 18, 18, 18, 17, 16, 16, 18, 16, 17, 18, 20, 21, 23, 67, 146, 160, 159, 159, 159, 163, 160, 162, 161, 162, 163, 163, 163, 163, 164, 164, 162, 162, 163, 164, 164, 164, 164, 163, 165, 167, 168, 167, 167, 168, 169, 168, 171, 170, 169, 167, 168, 171, 171, 170, 169, 170, 170, 169, 168, 169, 169, 167, 165, 166, 165, 163, 161, 160, 157, 155, 152, 152, 151, 149, 148, 147, 147, 147, 147, 148, 148, 147, 147, 146, 145, 144, 139, 136, 138, 141, 141, 144, 146, 29]","[29, 29, 96, 96, 97, 96, 98, 98, 100, 100, 101, 101, 101, 101, 103, 104, 105, 105, 105, 106, 107, 108, 108, 109, 108, 109, 109, 110, 110, 110, 111, 111, 111, 113, 114, 114, 113, 114, 115, 116, 114, 114, 121, 113, 44, 15, 20, 15, 16, 16, 16, 16, 16, 16, 16, 16, 16, 17, 17, 18, 18, 17, 18, 18, 19, 19, 19, 19, 19, 20, 19, 19, 18, 20, 21, 21, 20, 20, 20, 21, 22, 22, 21, 21, 22, 23, 23, 22, 22, 22, 23, 23, 23, 22, 21, 21, 21, 21, 20, 19, 19, 19, 19, 18, 18, 18, 18, 18, 17, 16, 16, 16, 16, 14, 17, 18, 19, 23, 21, 63, 149, 162, 160, 159, 164, 163, 159, 163, 162, 163, 163, 164, 165, 166, 165, 164, 167, 165, 163, 161, 159, 158, 156, 156, 156, 157, 157, 156, 157, 158, 158, 156, 156, 156, 155, 153, 152, 153, 153, 152, 148, 151, 152, 148, 144, 142, 139, 137, 139, 140, 142, 144, 145, 145, 143, 141, 141, 141, 140, 139, 137, 137, 137, 137, 137, 138, 138, 139, 138, 137, 135, 134, 139, 137, 137, 136, 135, 136, 136, 28]","[29, 29, 96, 96, 97, 96, 98, 98, 100, 101, 101, 101, 101, 101, 102, 104, 105, 105, 106, 107, 108, 109, 109, 109, 109, 109, 110, 110, 110, 110, 111, 111, 112, 113, 114, 114, 115, 116, 116, 116, 116, 113, 115, 113, 65, 21, 15, 17, 17, 16, 16, 16, 17, 17, 17, 16, 16, 16, 17, 17, 18, 17, 18, 19, 19, 18, 18, 19, 19, 20, 19, 19, 20, 20, 21, 20, 20, 20, 20, 20, 22, 21, 20, 20, 21, 23, 23, 22, 21, 21, 21, 22, 22, 20, 19, 19, 23, 22, 21, 20, 20, 20, 19, 19, 19, 18, 18, 17, 16, 16, 16, 16, 17, 16, 19, 17, 18, 24, 19, 56, 142, 160, 162, 158, 157, 155, 159, 159, 157, 157, 157, 157, 158, 157, 154, 151, 144, 141, 138, 135, 134, 135, 137, 137, 139, 139, 139, 138, 140, 142, 141, 138, 142, 144, 143, 139, 136, 136, 136, 135, 133, 136, 138, 135, 133, 133, 135, 136, 138, 135, 133, 134, 136, 137, 138, 138, 138, 138, 138, 137, 137, 138, 138, 139, 137, 137, 137, 137, 136, 136, 135, 135, 134, 136, 137, 135, 134, 135, 134, 30]","[28, 28, 98, 96, 96, 98, 97, 98, 99, 101, 103, 103, 102, 102, 103, 104, 105, 105, 105, 107, 108, 108, 109, 110, 109, 109, 109, 109, 109, 109, 112, 114, 114, 114, 114, 114, 115, 116, 117, 117, 117, 114, 116, 119, 90, 32, 15, 19, 18, 16, 16, 17, 16, 17, 17, 16, 17, 16, 16, 16, 17, 17, 17, 17, 19, 19, 19, 18, 19, 20, 20, 19, 20, 20, 20, 19, 19, 20, 20, 20, 22, 21, 21, 21, 23, 24, 22, 20, 20, 21, 22, 22, 22, 22, 22, 22, 24, 23, 21, 20, 19, 19, 20, 20, 19, 18, 18, 18, 17, 17, 16, 15, 16, 17, 16, 15, 20, 21, 21, 38, 117, 139, 137, 134, 134, 133, 138, 137, 130, 128, 127, 127, 129, 131, 130, 129, 132, 132, 132, 132, 131, 131, 133, 134, 136, 137, 138, 137, 137, 138, 137, 135, 135, 135, 136, 136, 135, 135, 135, 135, 134, 135, 136, 136, 136, 137, 136, 135, 136, 134, 133, 134, 136, 137, 136, 135, 136, 136, 136, 136, 137, 137, 136, 135, 136, 136, 135, 134, 134, 134, 134, 135, 135, 134, 133, 131, 133, 133, 133, 30]","[30, 29, 98, 95, 97, 98, 97, 98, 97, 100, 102, 102, 101, 101, 102, 103, 105, 105, 106, 107, 108, 108, 109, 110, 108, 109, 110, 110, 110, 110, 112, 114, 113, 113, 113, 114, 114, 115, 116, 117, 118, 118, 118, 120, 106, 55, 17, 17, 17, 17, 16, 16, 16, 16, 16, 16, 16, 16, 16, 16, 17, 17, 17, 17, 18, 19, 18, 18, 19, 20, 20, 20, 19, 19, 19, 19, 19, 19, 19, 19, 20, 21, 21, 22, 22, 22, 21, 20, 18, 19, 20, 21, 21, 21, 21, 22, 22, 21, 20, 19, 18, 18, 19, 19, 19, 19, 18, 17, 17, 17, 16, 16, 15, 16, 16, 14, 19, 19, 18, 30, 95, 128, 128, 127, 129, 128, 131, 130, 130, 130, 129, 130, 130, 131, 131, 131, 130, 131, 131, 130, 129, 129, 130, 131, 130, 131, 132, 131, 132, 132, 131, 130, 132, 132, 133, 133, 132, 132, 132, 132, 131, 133, 133, 133, 133, 135, 135, 134, 134, 133, 133, 133, 133, 134, 134, 134, 134, 133, 133, 134, 135, 135, 135, 135, 134, 134, 134, 133, 133, 133, 133, 133, 133, 133, 132, 131, 132, 133, 133, 29]","[30, 29, 97, 95, 97, 98, 98, 97, 97, 100, 102, 102, 102, 103, 104, 106, 104, 104, 105, 106, 107, 107, 107, 108, 109, 109, 109, 109, 109, 110, 112, 115, 114, 115, 115, 115, 114, 115, 116, 118, 117, 119, 117, 118, 119, 84, 27, 15, 17, 18, 17, 15, 16, 16, 15, 16, 16, 16, 15, 16, 17, 17, 17, 17, 18, 18, 18, 18, 19, 20, 20, 19, 18, 18, 18, 18, 19, 19, 19, 19, 20, 21, 22, 21, 21, 20, 20, 20, 18, 19, 19, 20, 20, 21, 22, 22, 20, 19, 19, 18, 18, 18, 19, 19, 19, 18, 17, 17, 16, 16, 16, 16, 16, 16, 16, 16, 18, 18, 17, 22, 76, 123, 127, 125, 127, 126, 126, 123, 128, 129, 130, 130, 129, 129, 130, 130, 129, 129, 130, 129, 128, 127, 127, 127, 129, 129, 130, 130, 131, 132, 131, 130, 130, 131, 131, 131, 130, 130, 130, 130, 130, 131, 131, 131, 132, 133, 134, 134, 133, 133, 133, 133, 132, 132, 133, 133, 133, 133, 132, 133, 133, 134, 134, 134, 133, 133, 133, 133, 133, 133, 133, 133, 132, 132, 132, 131, 132, 132, 132, 29]","[29, 29, 96, 96, 98, 99, 99, 98, 97, 98, 100, 100, 101, 103, 104, 104, 105, 105, 105, 105, 106, 106, 106, 107, 111, 109, 108, 108, 109, 110, 113, 115, 111, 112, 112, 111, 111, 111, 113, 114, 113, 114, 111, 112, 115, 99, 46, 16, 17, 19, 18, 16, 17, 16, 15, 16, 16, 16, 16, 16, 17, 17, 18, 18, 19, 19, 18, 18, 18, 18, 18, 17, 16, 17, 17, 18, 18, 19, 19, 19, 20, 21, 21, 20, 19, 19, 19, 19, 19, 19, 19, 20, 20, 21, 22, 22, 20, 20, 19, 19, 19, 19, 19, 20, 18, 17, 17, 16, 16, 16, 16, 16, 16, 16, 17, 17, 17, 19, 20, 20, 50, 110, 121, 120, 123, 125, 126, 126, 125, 126, 127, 128, 127, 127, 127, 128, 127, 128, 128, 128, 127, 126, 125, 125, 126, 126, 127, 128, 129, 130, 131, 130, 130, 131, 131, 131, 130, 130, 130, 130, 130, 130, 131, 131, 132, 132, 133, 133, 132, 132, 133, 132, 132, 132, 132, 133, 133, 133, 132, 133, 133, 133, 133, 133, 133, 133, 132, 132, 133, 134, 134, 133, 133, 133, 132, 131, 132, 133, 132, 29]","[28, 30, 97, 97, 99, 98, 99, 98, 99, 99, 99, 99, 101, 103, 102, 101, 104, 104, 104, 104, 104, 104, 104, 105, 104, 102, 101, 102, 104, 104, 104, 104, 101, 102, 103, 103, 102, 103, 104, 105, 106, 106, 105, 107, 103, 101, 70, 25, 18, 18, 18, 17, 17, 16, 15, 16, 16, 16, 16, 16, 17, 17, 18, 17, 18, 18, 17, 17, 16, 17, 16, 15, 17, 17, 17, 18, 18, 19, 19, 19, 21, 21, 20, 19, 19, 19, 19, 19, 20, 20, 19, 19, 19, 20, 20, 21, 21, 20, 20, 20, 19, 19, 19, 19, 17, 16, 16, 16, 16, 16, 15, 15, 15, 15, 16, 17, 15, 17, 21, 20, 40, 103, 125, 123, 123, 123, 123, 124, 125, 125, 126, 127, 127, 127, 126, 126, 125, 125, 126, 126, 126, 125, 125, 124, 124, 124, 124, 126, 128, 129, 129, 130, 130, 130, 130, 130, 130, 129, 129, 130, 129, 130, 130, 131, 132, 132, 132, 132, 132, 131, 131, 131, 132, 132, 132, 132, 131, 132, 132, 132, 132, 132, 132, 132, 133, 132, 131, 131, 132, 133, 134, 134, 134, 133, 133, 131, 132, 132, 132, 29]","[28, 29, 94, 94, 95, 94, 96, 94, 97, 96, 95, 95, 96, 97, 97, 95, 96, 96, 96, 96, 96, 96, 96, 97, 94, 93, 93, 95, 97, 97, 95, 93, 93, 94, 96, 97, 97, 98, 99, 100, 99, 100, 101, 104, 95, 99, 89, 43, 22, 17, 16, 18, 16, 15, 16, 15, 16, 15, 15, 16, 17, 17, 17, 17, 17, 17, 16, 16, 16, 16, 16, 15, 18, 18, 18, 19, 19, 19, 18, 18, 20, 21, 20, 19, 19, 20, 20, 21, 22, 21, 20, 20, 20, 20, 20, 20, 20, 20, 20, 20, 19, 19, 18, 18, 16, 16, 16, 16, 16, 16, 15, 15, 16, 16, 16, 17, 15, 15, 21, 21, 22, 83, 121, 122, 123, 123, 124, 125, 125, 125, 126, 126, 127, 127, 126, 126, 125, 125, 125, 125, 126, 126, 126, 126, 126, 125, 125, 127, 128, 129, 130, 130, 130, 130, 130, 130, 129, 129, 129, 129, 129, 129, 130, 132, 132, 132, 132, 132, 132, 131, 130, 131, 132, 133, 133, 132, 131, 131, 132, 133, 133, 133, 133, 133, 133, 133, 132, 132, 132, 133, 134, 135, 134, 133, 132, 131, 132, 132, 132, 28]","[29, 28, 88, 87, 89, 88, 91, 88, 89, 89, 88, 88, 88, 89, 88, 87, 88, 87, 88, 88, 89, 89, 90, 90, 92, 91, 92, 93, 95, 94, 93, 93, 92, 93, 94, 96, 97, 97, 98, 98, 96, 99, 99, 100, 96, 98, 97, 65, 28, 17, 16, 19, 15, 14, 17, 15, 15, 15, 15, 15, 16, 17, 16, 16, 16, 16, 16, 15, 16, 16, 16, 15, 18, 18, 19, 19, 20, 19, 19, 19, 20, 21, 22, 21, 19, 19, 20, 21, 22, 21, 20, 20, 20, 20, 20, 19, 19, 19, 19, 19, 19, 18, 18, 17, 17, 16, 16, 16, 16, 16, 16, 15, 16, 17, 15, 17, 16, 15, 20, 21, 21, 73, 123, 125, 125, 124, 124, 124, 124, 125, 125, 126, 126, 126, 126, 126, 126, 125, 125, 125, 126, 126, 127, 128, 127, 126, 125, 127, 127, 127, 128, 129, 130, 130, 130, 130, 129, 129, 129, 129, 129, 129, 130, 131, 132, 131, 131, 132, 131, 131, 130, 131, 132, 132, 132, 131, 131, 132, 132, 132, 132, 132, 133, 133, 133, 132, 132, 132, 132, 133, 134, 135, 133, 133, 132, 131, 132, 132, 132, 29]","[30, 27, 84, 82, 85, 85, 89, 85, 86, 87, 88, 87, 87, 88, 88, 89, 86, 86, 86, 87, 88, 88, 89, 90, 90, 89, 89, 89, 90, 90, 92, 94, 91, 92, 93, 95, 96, 96, 96, 96, 95, 99, 97, 95, 99, 97, 97, 81, 33, 18, 16, 20, 15, 14, 18, 15, 15, 15, 15, 15, 16, 16, 16, 16, 16, 16, 16, 15, 16, 16, 16, 16, 17, 18, 19, 20, 20, 21, 21, 20, 20, 22, 24, 22, 20, 18, 19, 20, 21, 20, 19, 19, 19, 19, 19, 18, 19, 19, 19, 19, 18, 18, 18, 17, 17, 17, 16, 16, 16, 16, 17, 17, 15, 17, 14, 17, 18, 15, 19, 20, 16, 60, 117, 121, 123, 123, 124, 124, 124, 125, 125, 126, 125, 125, 125, 126, 126, 125, 125, 124, 125, 126, 127, 128, 130, 128, 127, 128, 128, 127, 128, 128, 129, 129, 130, 129, 129, 128, 128, 128, 129, 128, 128, 129, 130, 129, 129, 130, 130, 130, 130, 130, 130, 130, 130, 129, 131, 132, 131, 131, 130, 130, 131, 132, 131, 131, 131, 131, 131, 132, 132, 133, 132, 132, 132, 132, 133, 133, 133, 29]","[29, 29, 81, 82, 82, 84, 85, 86, 86, 84, 83, 84, 85, 86, 85, 84, 84, 86, 87, 87, 87, 87, 87, 87, 86, 86, 87, 88, 89, 90, 90, 90, 90, 90, 91, 92, 93, 94, 95, 96, 94, 95, 96, 96, 95, 95, 95, 96, 60, 20, 19, 17, 14, 18, 16, 14, 15, 15, 15, 15, 15, 15, 15, 15, 16, 16, 16, 15, 15, 16, 17, 18, 18, 19, 19, 20, 20, 20, 20, 20, 20, 22, 23, 23, 22, 20, 19, 19, 20, 19, 19, 19, 20, 20, 20, 19, 19, 19, 18, 18, 18, 17, 17, 17, 16, 16, 16, 16, 16, 16, 16, 16, 16, 16, 15, 16, 17, 18, 18, 18, 18, 48, 113, 124, 119, 126, 124, 124, 123, 124, 125, 126, 126, 126, 125, 126, 124, 125, 125, 125, 125, 126, 127, 129, 130, 129, 127, 128, 128, 128, 128, 129, 129, 130, 130, 129, 128, 127, 128, 128, 129, 129, 129, 129, 130, 130, 130, 130, 130, 130, 129, 129, 130, 130, 130, 130, 130, 131, 131, 131, 131, 131, 132, 132, 132, 132, 133, 133, 133, 133, 133, 133, 133, 131, 133, 134, 134, 132, 133, 29]","[29, 29, 81, 82, 81, 83, 83, 84, 83, 83, 83, 83, 83, 82, 82, 82, 83, 84, 85, 85, 85, 86, 87, 86, 86, 86, 87, 87, 89, 90, 90, 90, 89, 90, 91, 92, 93, 93, 94, 94, 94, 95, 96, 96, 96, 96, 95, 96, 78, 40, 14, 15, 15, 15, 17, 15, 15, 15, 15, 15, 15, 15, 15, 15, 16, 16, 16, 16, 16, 16, 17, 18, 19, 18, 18, 19, 19, 19, 19, 19, 19, 20, 21, 22, 21, 20, 20, 21, 20, 19, 19, 19, 19, 20, 19, 19, 18, 18, 18, 17, 17, 17, 17, 17, 16, 16, 16, 16, 16, 16, 16, 16, 16, 16, 16, 17, 17, 18, 19, 19, 14, 35, 104, 124, 122, 124, 121, 124, 123, 124, 125, 125, 125, 125, 125, 126, 125, 125, 125, 125, 125, 125, 126, 127, 128, 127, 126, 127, 127, 127, 128, 129, 129, 129, 129, 128, 127, 127, 127, 127, 129, 129, 129, 129, 129, 129, 129, 130, 131, 131, 130, 130, 131, 131, 131, 131, 130, 131, 132, 131, 131, 132, 132, 132, 131, 131, 131, 132, 133, 133, 133, 132, 133, 132, 134, 134, 134, 133, 133, 29]","[28, 28, 80, 81, 80, 81, 81, 81, 81, 82, 83, 83, 82, 81, 81, 82, 82, 83, 83, 83, 84, 86, 87, 87, 87, 87, 87, 87, 89, 90, 90, 91, 90, 91, 92, 93, 93, 93, 93, 93, 95, 95, 97, 97, 97, 96, 96, 96, 94, 65, 16, 15, 18, 14, 17, 16, 15, 15, 15, 15, 15, 15, 16, 16, 16, 16, 16, 16, 16, 16, 17, 18, 19, 18, 18, 18, 19, 19, 19, 19, 18, 19, 20, 20, 20, 20, 20, 21, 19, 19, 19, 19, 19, 19, 19, 19, 18, 18, 18, 18, 17, 17, 17, 17, 16, 16, 16, 16, 16, 16, 16, 16, 15, 15, 16, 16, 16, 17, 18, 18, 17, 29, 99, 122, 120, 122, 120, 123, 124, 124, 124, 124, 124, 124, 125, 126, 126, 126, 126, 126, 125, 125, 125, 125, 127, 126, 125, 126, 127, 127, 128, 129, 129, 129, 129, 128, 128, 127, 127, 127, 130, 130, 130, 130, 130, 130, 130, 130, 132, 131, 131, 131, 131, 131, 131, 131, 131, 132, 132, 132, 131, 132, 133, 133, 132, 131, 130, 132, 134, 135, 134, 133, 134, 133, 134, 135, 134, 133, 133, 29]","[29, 29, 80, 81, 79, 80, 80, 81, 81, 82, 82, 82, 82, 81, 82, 83, 82, 82, 82, 82, 84, 86, 87, 87, 87, 87, 87, 88, 90, 90, 91, 91, 91, 93, 94, 94, 94, 93, 94, 95, 95, 96, 96, 97, 97, 97, 97, 96, 98, 83, 35, 17, 20, 17, 15, 16, 16, 16, 16, 16, 16, 16, 16, 16, 16, 16, 16, 16, 16, 16, 17, 18, 19, 18, 18, 18, 19, 19, 19, 18, 18, 19, 20, 20, 19, 18, 19, 19, 19, 19, 19, 19, 19, 19, 18, 18, 18, 18, 19, 18, 17, 17, 17, 17, 16, 16, 16, 16, 16, 16, 16, 16, 14, 14, 15, 15, 15, 15, 16, 18, 19, 29, 98, 121, 118, 123, 122, 122, 124, 124, 123, 123, 124, 124, 125, 126, 127, 127, 126, 126, 126, 126, 126, 126, 127, 126, 126, 126, 127, 127, 128, 129, 129, 129, 129, 129, 129, 129, 129, 129, 130, 130, 130, 130, 130, 130, 130, 130, 131, 131, 131, 131, 131, 131, 132, 132, 132, 132, 132, 131, 131, 132, 133, 134, 133, 132, 132, 133, 135, 137, 136, 135, 135, 134, 135, 135, 135, 134, 134, 29]","[30, 29, 80, 81, 79, 81, 81, 82, 81, 81, 81, 81, 81, 81, 82, 82, 82, 82, 81, 81, 83, 85, 86, 86, 87, 87, 89, 90, 91, 92, 91, 91, 92, 93, 94, 94, 94, 94, 95, 96, 96, 96, 96, 96, 97, 97, 97, 97, 96, 93, 65, 23, 17, 20, 14, 17, 16, 16, 16, 16, 16, 16, 16, 16, 15, 16, 16, 16, 16, 16, 17, 17, 18, 18, 18, 19, 19, 19, 18, 17, 17, 18, 19, 19, 18, 18, 18, 18, 19, 19, 19, 19, 18, 18, 18, 18, 17, 18, 18, 18, 17, 16, 16, 17, 16, 16, 16, 16, 16, 16, 16, 16, 14, 15, 16, 16, 15, 16, 17, 18, 15, 26, 94, 124, 119, 124, 124, 121, 124, 123, 123, 124, 124, 125, 125, 125, 127, 127, 126, 125, 125, 126, 126, 126, 127, 126, 126, 126, 126, 127, 127, 129, 129, 129, 129, 129, 130, 130, 130, 130, 130, 130, 130, 130, 130, 130, 130, 130, 131, 131, 131, 131, 132, 132, 133, 133, 132, 132, 131, 130, 130, 131, 133, 134, 132, 132, 133, 134, 135, 136, 136, 136, 136, 135, 136, 136, 135, 135, 135, 29]","[29, 29, 80, 80, 79, 80, 81, 82, 83, 82, 81, 80, 81, 82, 82, 82, 83, 83, 83, 83, 84, 85, 87, 87, 87, 88, 89, 91, 92, 92, 91, 90, 91, 92, 93, 93, 93, 94, 95, 96, 96, 96, 96, 96, 96, 97, 97, 97, 96, 96, 87, 35, 14, 19, 14, 17, 16, 16, 16, 16, 16, 16, 16, 16, 15, 16, 16, 16, 16, 16, 16, 17, 17, 17, 18, 19, 19, 19, 17, 16, 15, 17, 18, 19, 18, 18, 19, 19, 19, 19, 19, 19, 18, 18, 18, 18, 17, 17, 17, 17, 17, 17, 17, 16, 16, 16, 16, 16, 16, 16, 16, 16, 15, 16, 17, 16, 16, 16, 17, 18, 19, 25, 81, 123, 118, 122, 123, 124, 123, 123, 123, 124, 124, 125, 125, 124, 125, 125, 125, 125, 125, 125, 126, 126, 126, 126, 126, 126, 126, 126, 126, 128, 128, 128, 128, 129, 129, 130, 130, 130, 130, 130, 130, 130, 129, 129, 129, 129, 130, 130, 131, 131, 131, 132, 133, 133, 132, 132, 131, 130, 130, 132, 133, 134, 133, 133, 134, 135, 135, 135, 136, 136, 137, 136, 137, 136, 136, 136, 135, 29]","[29, 28, 79, 80, 79, 80, 81, 82, 83, 82, 82, 82, 82, 82, 82, 82, 85, 85, 85, 84, 85, 86, 87, 87, 87, 88, 89, 91, 92, 92, 91, 91, 91, 91, 92, 93, 93, 94, 95, 95, 96, 96, 96, 96, 96, 97, 96, 96, 97, 96, 96, 57, 20, 17, 16, 16, 16, 16, 16, 16, 16, 16, 15, 15, 15, 15, 16, 16, 16, 16, 16, 16, 17, 17, 18, 19, 19, 19, 18, 17, 17, 17, 18, 18, 18, 18, 18, 19, 19, 19, 19, 19, 18, 18, 18, 18, 17, 17, 17, 17, 18, 18, 17, 16, 16, 16, 16, 16, 16, 16, 15, 15, 15, 16, 16, 16, 15, 16, 16, 17, 23, 25, 67, 117, 114, 120, 122, 125, 123, 123, 122, 123, 123, 124, 124, 123, 123, 124, 125, 125, 125, 125, 125, 126, 125, 125, 125, 126, 125, 125, 126, 127, 128, 128, 128, 128, 129, 130, 130, 130, 130, 130, 130, 130, 129, 129, 129, 129, 130, 130, 130, 130, 130, 131, 132, 132, 132, 132, 132, 132, 132, 133, 134, 134, 134, 135, 136, 136, 136, 136, 136, 136, 137, 136, 137, 135, 136, 136, 135, 29]","[29, 29, 81, 81, 80, 81, 81, 82, 82, 82, 82, 82, 82, 83, 83, 83, 85, 85, 85, 85, 84, 85, 86, 87, 88, 88, 89, 90, 91, 92, 91, 91, 91, 91, 92, 93, 94, 94, 94, 94, 96, 96, 96, 96, 97, 97, 96, 95, 97, 95, 97, 76, 30, 17, 19, 16, 16, 16, 16, 16, 16, 15, 15, 15, 15, 15, 16, 16, 16, 15, 16, 16, 17, 18, 19, 19, 19, 19, 19, 19, 19, 19, 19, 18, 17, 16, 17, 18, 19, 19, 19, 19, 18, 17, 17, 18, 16, 16, 15, 16, 17, 17, 16, 15, 16, 16, 16, 16, 16, 16, 15, 15, 16, 16, 16, 16, 16, 16, 16, 17, 19, 22, 57, 113, 114, 122, 122, 122, 123, 122, 122, 122, 122, 123, 123, 123, 122, 124, 126, 126, 126, 125, 125, 125, 125, 125, 126, 126, 126, 126, 127, 128, 129, 128, 128, 128, 129, 129, 129, 129, 130, 130, 130, 130, 130, 130, 130, 130, 131, 131, 131, 131, 131, 131, 132, 132, 132, 133, 133, 133, 133, 134, 134, 133, 136, 136, 136, 136, 136, 136, 136, 136, 136, 136, 136, 135, 135, 136, 135, 29]","[30, 29, 80, 81, 80, 82, 81, 81, 81, 81, 80, 81, 83, 84, 82, 80, 81, 82, 83, 83, 83, 85, 85, 85, 88, 88, 88, 88, 89, 90, 90, 90, 92, 92, 92, 93, 95, 95, 95, 95, 97, 97, 97, 97, 97, 97, 97, 97, 96, 97, 92, 83, 52, 15, 21, 16, 17, 16, 16, 16, 16, 15, 15, 14, 14, 14, 14, 14, 15, 16, 16, 16, 16, 17, 17, 18, 20, 21, 20, 19, 19, 19, 19, 18, 16, 16, 16, 16, 20, 19, 18, 17, 17, 17, 17, 16, 16, 16, 16, 17, 17, 16, 16, 16, 16, 16, 16, 16, 16, 16, 16, 16, 15, 15, 16, 16, 16, 15, 16, 17, 19, 21, 55, 104, 113, 121, 121, 122, 123, 123, 123, 123, 123, 123, 124, 125, 125, 125, 125, 124, 124, 124, 125, 125, 126, 125, 126, 127, 127, 126, 125, 126, 127, 128, 128, 129, 130, 130, 130, 129, 130, 130, 130, 130, 130, 131, 131, 131, 131, 131, 131, 132, 132, 132, 131, 131, 132, 133, 133, 134, 134, 135, 135, 135, 134, 135, 136, 137, 137, 137, 136, 136, 136, 137, 137, 137, 134, 135, 137, 29]","[29, 29, 80, 80, 80, 81, 81, 80, 80, 80, 81, 82, 83, 84, 83, 81, 81, 82, 83, 83, 83, 83, 85, 85, 85, 86, 87, 87, 88, 89, 90, 92, 93, 92, 92, 93, 94, 95, 95, 95, 97, 97, 97, 97, 97, 97, 97, 97, 98, 94, 95, 94, 71, 26, 19, 19, 17, 16, 16, 16, 16, 15, 14, 14, 13, 13, 13, 14, 15, 15, 15, 15, 16, 17, 17, 18, 19, 19, 19, 18, 18, 18, 17, 17, 16, 16, 16, 17, 19, 18, 17, 16, 16, 16, 16, 16, 16, 16, 17, 17, 17, 16, 16, 16, 16, 16, 16, 16, 16, 16, 16, 16, 16, 16, 16, 16, 16, 15, 16, 17, 19, 19, 50, 99, 112, 121, 122, 123, 123, 123, 123, 123, 123, 123, 124, 125, 126, 126, 126, 126, 125, 125, 125, 125, 127, 127, 127, 128, 128, 127, 127, 128, 128, 129, 129, 129, 130, 131, 131, 130, 131, 130, 130, 130, 131, 131, 131, 132, 131, 132, 133, 134, 134, 134, 133, 133, 131, 131, 132, 133, 135, 136, 137, 137, 135, 135, 136, 137, 137, 137, 136, 136, 138, 138, 138, 137, 136, 136, 138, 29]","[29, 29, 79, 80, 80, 81, 81, 81, 79, 80, 81, 82, 84, 84, 84, 82, 81, 82, 82, 82, 82, 82, 83, 85, 85, 87, 88, 88, 87, 88, 89, 91, 93, 92, 92, 93, 94, 94, 95, 96, 97, 97, 97, 97, 97, 97, 96, 96, 98, 96, 98, 94, 82, 44, 20, 19, 18, 17, 16, 16, 16, 15, 15, 15, 13, 13, 13, 13, 14, 15, 15, 15, 15, 17, 18, 18, 18, 19, 19, 18, 18, 17, 16, 15, 16, 16, 17, 17, 18, 17, 16, 16, 16, 16, 16, 16, 17, 17, 17, 17, 16, 16, 16, 16, 15, 16, 16, 16, 16, 16, 16, 16, 16, 15, 15, 16, 16, 15, 16, 17, 19, 17, 43, 92, 110, 120, 122, 123, 123, 124, 124, 124, 124, 124, 125, 126, 126, 126, 126, 126, 125, 124, 124, 125, 127, 127, 128, 129, 128, 127, 127, 128, 129, 129, 129, 129, 130, 131, 131, 130, 132, 131, 131, 131, 132, 132, 132, 132, 131, 132, 133, 134, 135, 134, 133, 133, 132, 132, 132, 133, 134, 136, 136, 136, 135, 135, 136, 137, 137, 137, 137, 137, 138, 137, 137, 137, 136, 137, 138, 29]","[29, 28, 79, 80, 80, 81, 81, 81, 80, 81, 81, 82, 84, 85, 84, 83, 81, 82, 83, 83, 83, 83, 84, 85, 87, 88, 89, 90, 90, 90, 90, 90, 91, 91, 91, 93, 94, 94, 95, 95, 96, 96, 96, 97, 97, 97, 97, 97, 98, 97, 98, 93, 87, 61, 22, 19, 19, 18, 16, 16, 16, 15, 15, 16, 13, 13, 13, 13, 14, 15, 15, 15, 16, 17, 18, 18, 18, 18, 19, 19, 18, 17, 16, 15, 16, 17, 17, 17, 17, 17, 16, 16, 16, 16, 16, 16, 17, 17, 17, 16, 16, 16, 16, 16, 15, 16, 16, 16, 16, 16, 16, 16, 16, 15, 15, 15, 15, 15, 15, 16, 18, 16, 40, 88, 111, 120, 122, 123, 124, 124, 125, 125, 125, 125, 126, 127, 127, 127, 127, 126, 125, 125, 125, 126, 128, 128, 128, 129, 129, 128, 128, 129, 130, 130, 129, 129, 130, 131, 131, 131, 132, 131, 131, 131, 132, 133, 132, 132, 132, 132, 133, 134, 134, 133, 133, 132, 134, 133, 132, 133, 134, 135, 136, 135, 135, 135, 136, 137, 138, 138, 138, 138, 137, 137, 137, 137, 136, 137, 138, 28]","[29, 28, 79, 80, 79, 81, 81, 81, 81, 81, 80, 81, 82, 84, 84, 83, 82, 82, 84, 85, 85, 85, 86, 87, 87, 87, 89, 91, 92, 93, 92, 91, 91, 91, 92, 93, 94, 94, 94, 95, 96, 96, 96, 97, 97, 97, 97, 97, 97, 96, 95, 99, 94, 75, 28, 19, 21, 19, 18, 17, 16, 16, 16, 16, 15, 14, 14, 14, 15, 16, 16, 16, 16, 17, 18, 18, 17, 17, 18, 19, 18, 17, 16, 16, 17, 17, 17, 16, 17, 17, 16, 16, 17, 17, 17, 17, 18, 17, 17, 16, 16, 16, 16, 16, 16, 16, 16, 16, 16, 16, 16, 16, 16, 15, 15, 15, 15, 15, 15, 16, 19, 18, 39, 88, 115, 120, 122, 123, 123, 124, 125, 125, 125, 125, 126, 127, 128, 128, 128, 127, 127, 127, 128, 129, 129, 129, 130, 130, 129, 130, 130, 130, 130, 130, 130, 130, 131, 132, 132, 132, 132, 132, 132, 132, 133, 133, 133, 133, 133, 134, 134, 134, 134, 134, 134, 134, 133, 132, 132, 133, 135, 137, 137, 137, 136, 136, 137, 137, 138, 138, 138, 138, 138, 138, 138, 138, 137, 137, 139, 29]","[30, 29, 80, 81, 80, 82, 81, 81, 81, 80, 79, 79, 81, 83, 83, 83, 82, 81, 83, 85, 86, 85, 86, 87, 87, 87, 88, 90, 92, 92, 91, 89, 91, 92, 93, 94, 94, 94, 94, 94, 96, 96, 97, 97, 97, 97, 97, 97, 96, 97, 96, 99, 94, 87, 45, 21, 23, 21, 19, 18, 17, 16, 16, 16, 16, 16, 15, 15, 16, 16, 16, 16, 15, 17, 18, 17, 16, 17, 17, 18, 18, 17, 17, 17, 18, 18, 17, 16, 17, 17, 17, 17, 17, 18, 18, 18, 18, 17, 16, 16, 15, 16, 16, 16, 16, 16, 16, 16, 16, 16, 16, 16, 16, 16, 16, 16, 16, 16, 16, 17, 19, 18, 38, 86, 117, 120, 122, 123, 123, 124, 125, 125, 125, 125, 125, 127, 128, 128, 128, 128, 128, 128, 129, 130, 129, 130, 130, 130, 129, 130, 131, 130, 129, 130, 130, 130, 131, 132, 132, 132, 133, 133, 133, 134, 134, 134, 134, 134, 135, 135, 135, 135, 135, 136, 136, 136, 135, 134, 134, 135, 136, 137, 137, 137, 137, 137, 138, 138, 138, 138, 138, 138, 138, 138, 139, 139, 138, 138, 139, 29]","[30, 29, 80, 81, 80, 82, 81, 81, 79, 80, 81, 80, 80, 82, 83, 84, 82, 81, 82, 85, 86, 85, 86, 87, 88, 88, 88, 89, 90, 90, 89, 88, 90, 91, 92, 93, 93, 93, 94, 95, 96, 96, 97, 97, 97, 97, 97, 97, 97, 98, 98, 96, 91, 92, 66, 27, 24, 22, 20, 19, 18, 17, 17, 17, 17, 17, 16, 15, 16, 16, 16, 16, 16, 17, 17, 17, 16, 16, 17, 17, 18, 17, 17, 17, 17, 18, 18, 17, 17, 17, 17, 17, 18, 18, 18, 18, 18, 17, 16, 15, 15, 15, 16, 16, 16, 16, 16, 16, 16, 16, 16, 16, 16, 16, 16, 16, 16, 15, 16, 18, 19, 18, 34, 81, 116, 118, 121, 122, 123, 125, 126, 126, 126, 125, 126, 127, 127, 128, 129, 129, 129, 129, 129, 130, 129, 130, 130, 130, 129, 130, 131, 131, 130, 131, 131, 132, 133, 133, 133, 132, 133, 134, 135, 136, 135, 135, 136, 136, 136, 136, 136, 136, 136, 137, 137, 138, 138, 137, 137, 137, 137, 137, 136, 136, 137, 138, 138, 138, 139, 139, 139, 139, 140, 139, 139, 139, 139, 140, 140, 29]","[29, 28, 79, 79, 79, 80, 80, 80, 78, 80, 82, 82, 81, 82, 84, 86, 85, 83, 83, 85, 87, 86, 87, 88, 85, 86, 87, 88, 88, 89, 89, 89, 88, 89, 90, 92, 92, 93, 94, 96, 95, 96, 96, 97, 98, 98, 98, 98, 100, 94, 97, 99, 96, 92, 76, 33, 22, 21, 20, 19, 19, 18, 18, 18, 18, 17, 16, 16, 16, 16, 16, 16, 16, 17, 18, 17, 16, 17, 17, 17, 18, 17, 16, 16, 17, 18, 18, 18, 17, 17, 17, 17, 18, 18, 19, 18, 17, 17, 16, 15, 15, 15, 16, 16, 16, 16, 16, 16, 16, 16, 15, 15, 15, 15, 16, 16, 15, 15, 16, 18, 21, 18, 32, 78, 115, 118, 121, 123, 124, 126, 127, 128, 127, 127, 127, 129, 128, 129, 130, 131, 130, 130, 130, 130, 130, 131, 131, 130, 130, 131, 132, 132, 133, 133, 134, 134, 135, 135, 135, 133, 134, 135, 137, 137, 136, 136, 137, 138, 138, 138, 138, 137, 138, 138, 138, 138, 137, 137, 138, 138, 138, 138, 138, 138, 137, 137, 138, 139, 140, 141, 141, 142, 143, 141, 139, 140, 142, 143, 142, 30]","[30, 28, 78, 79, 80, 82, 81, 80, 82, 82, 83, 83, 82, 81, 82, 83, 85, 84, 84, 85, 86, 87, 87, 87, 87, 86, 87, 89, 89, 89, 89, 87, 86, 89, 90, 90, 91, 93, 95, 94, 94, 95, 96, 97, 97, 97, 98, 98, 96, 97, 96, 98, 95, 96, 88, 54, 23, 18, 19, 18, 21, 17, 19, 19, 17, 17, 16, 16, 16, 17, 16, 16, 17, 18, 18, 17, 17, 19, 19, 18, 18, 19, 18, 16, 17, 19, 18, 17, 17, 18, 18, 16, 15, 17, 18, 19, 17, 17, 16, 15, 15, 15, 15, 16, 16, 15, 15, 15, 15, 15, 16, 15, 15, 16, 16, 15, 15, 15, 15, 16, 19, 19, 24, 80, 117, 123, 122, 126, 126, 127, 127, 127, 127, 128, 129, 129, 129, 130, 131, 131, 131, 131, 131, 130, 130, 131, 132, 132, 131, 131, 131, 132, 133, 134, 134, 134, 134, 135, 135, 134, 134, 136, 138, 138, 137, 137, 137, 138, 138, 138, 138, 138, 138, 138, 139, 138, 139, 138, 137, 137, 138, 138, 138, 138, 139, 139, 139, 140, 141, 142, 143, 144, 143, 143, 142, 141, 141, 142, 142, 29]","[29, 28, 79, 80, 80, 82, 81, 80, 81, 82, 83, 83, 83, 82, 83, 84, 83, 83, 83, 84, 85, 86, 86, 87, 87, 86, 87, 89, 88, 89, 90, 89, 88, 90, 91, 91, 92, 95, 96, 95, 95, 95, 96, 97, 97, 97, 98, 98, 98, 98, 96, 99, 97, 98, 93, 69, 29, 18, 18, 18, 20, 17, 18, 17, 17, 17, 16, 16, 16, 16, 16, 16, 16, 18, 18, 17, 17, 17, 18, 18, 18, 19, 18, 17, 17, 19, 19, 17, 16, 17, 17, 16, 16, 17, 19, 19, 17, 16, 16, 15, 15, 15, 16, 16, 16, 15, 15, 15, 15, 15, 15, 15, 15, 15, 15, 16, 16, 16, 16, 16, 20, 19, 23, 76, 114, 122, 122, 127, 128, 128, 129, 128, 129, 130, 130, 130, 130, 131, 132, 132, 132, 132, 131, 130, 132, 133, 133, 134, 133, 133, 134, 134, 135, 135, 136, 136, 136, 136, 136, 136, 137, 138, 138, 138, 138, 138, 138, 138, 138, 138, 138, 138, 138, 139, 139, 138, 138, 138, 138, 138, 139, 138, 138, 137, 139, 139, 140, 140, 141, 141, 142, 142, 143, 143, 142, 142, 142, 143, 142, 30]","[29, 29, 80, 81, 80, 81, 81, 81, 81, 82, 83, 84, 83, 83, 83, 84, 83, 83, 83, 85, 85, 85, 86, 87, 87, 87, 88, 89, 89, 90, 92, 92, 89, 89, 90, 92, 93, 94, 95, 95, 96, 96, 97, 97, 97, 97, 98, 99, 100, 99, 96, 99, 99, 98, 98, 86, 43, 19, 16, 18, 18, 18, 19, 17, 18, 17, 16, 16, 16, 16, 17, 17, 16, 18, 19, 18, 16, 16, 17, 18, 17, 18, 18, 17, 18, 19, 19, 17, 16, 17, 17, 16, 16, 17, 18, 18, 16, 16, 16, 16, 16, 16, 16, 16, 16, 16, 16, 16, 16, 16, 16, 15, 14, 14, 14, 15, 16, 16, 16, 16, 20, 21, 23, 73, 110, 121, 125, 129, 130, 130, 130, 129, 130, 131, 131, 131, 131, 132, 132, 132, 133, 134, 133, 131, 132, 133, 135, 135, 135, 135, 136, 136, 136, 137, 137, 137, 137, 138, 138, 137, 138, 138, 138, 138, 139, 141, 140, 138, 139, 139, 139, 139, 139, 140, 140, 139, 138, 138, 139, 139, 139, 139, 138, 137, 139, 140, 140, 141, 142, 142, 143, 143, 144, 144, 143, 143, 143, 144, 143, 30]","[29, 29, 81, 81, 80, 81, 81, 82, 82, 82, 83, 83, 82, 81, 82, 83, 84, 84, 84, 85, 85, 85, 85, 86, 88, 88, 89, 90, 89, 91, 93, 94, 90, 89, 89, 91, 93, 93, 94, 95, 97, 97, 97, 97, 97, 98, 100, 101, 100, 100, 97, 98, 99, 98, 99, 94, 66, 27, 16, 19, 18, 18, 18, 19, 18, 18, 17, 16, 16, 16, 17, 17, 17, 18, 18, 18, 17, 16, 16, 17, 16, 16, 16, 16, 17, 18, 18, 16, 17, 17, 16, 16, 16, 16, 17, 16, 16, 16, 16, 16, 16, 16, 16, 16, 16, 16, 16, 16, 17, 16, 15, 15, 14, 13, 13, 14, 15, 16, 16, 16, 19, 21, 22, 69, 107, 122, 127, 130, 130, 130, 130, 130, 131, 132, 131, 130, 132, 132, 133, 133, 134, 135, 134, 132, 132, 133, 135, 136, 136, 136, 137, 137, 137, 138, 138, 137, 137, 138, 138, 138, 138, 138, 138, 139, 141, 142, 141, 140, 140, 141, 141, 141, 141, 142, 142, 141, 140, 140, 139, 139, 139, 139, 139, 139, 139, 140, 141, 142, 143, 144, 144, 144, 144, 144, 144, 144, 144, 145, 143, 30]","[29, 29, 81, 82, 80, 81, 82, 83, 83, 82, 82, 81, 81, 80, 81, 82, 84, 84, 85, 85, 85, 85, 85, 86, 88, 88, 89, 90, 89, 90, 93, 93, 93, 91, 91, 92, 93, 94, 95, 96, 97, 97, 97, 97, 97, 99, 100, 101, 99, 101, 98, 97, 99, 99, 99, 95, 85, 39, 17, 20, 19, 18, 17, 19, 19, 18, 17, 16, 16, 16, 17, 18, 18, 17, 17, 17, 17, 17, 16, 15, 16, 16, 16, 16, 16, 17, 17, 17, 17, 17, 17, 17, 17, 17, 17, 17, 16, 16, 16, 16, 16, 16, 16, 16, 15, 15, 15, 16, 16, 15, 14, 14, 15, 14, 13, 13, 14, 15, 15, 15, 17, 20, 21, 66, 105, 122, 129, 130, 130, 131, 131, 131, 132, 133, 132, 131, 132, 133, 134, 135, 136, 136, 134, 132, 132, 133, 135, 136, 137, 137, 137, 137, 138, 138, 138, 138, 138, 138, 139, 138, 138, 139, 140, 141, 142, 143, 142, 142, 142, 143, 143, 143, 143, 143, 143, 143, 141, 141, 140, 139, 139, 139, 140, 140, 139, 140, 141, 143, 143, 144, 144, 143, 144, 144, 144, 144, 145, 145, 143, 29]","[29, 29, 81, 82, 80, 82, 82, 83, 82, 81, 81, 80, 80, 80, 81, 83, 84, 84, 85, 86, 87, 86, 87, 87, 88, 88, 90, 90, 89, 90, 93, 93, 94, 93, 93, 93, 94, 95, 96, 97, 97, 97, 97, 97, 97, 98, 100, 102, 100, 101, 100, 99, 100, 102, 100, 97, 89, 48, 18, 19, 20, 18, 17, 18, 19, 18, 18, 17, 16, 16, 17, 17, 18, 17, 16, 17, 18, 17, 16, 15, 16, 16, 16, 16, 17, 17, 18, 18, 17, 16, 17, 18, 18, 18, 18, 18, 16, 16, 16, 16, 16, 16, 16, 16, 15, 15, 15, 15, 16, 16, 15, 14, 16, 15, 14, 14, 14, 15, 16, 16, 16, 20, 20, 65, 105, 124, 130, 130, 131, 132, 132, 133, 133, 134, 133, 132, 133, 134, 135, 136, 137, 137, 135, 133, 134, 135, 136, 137, 137, 138, 138, 138, 139, 139, 139, 138, 139, 139, 140, 140, 141, 142, 143, 143, 143, 143, 143, 143, 143, 144, 144, 144, 144, 144, 144, 143, 140, 140, 140, 140, 139, 139, 139, 139, 142, 142, 143, 144, 144, 144, 144, 144, 145, 144, 144, 144, 145, 145, 143, 29]","[29, 29, 80, 81, 81, 82, 83, 83, 82, 81, 80, 81, 81, 81, 82, 83, 86, 85, 86, 87, 88, 88, 88, 88, 88, 88, 89, 90, 90, 91, 93, 94, 93, 94, 94, 93, 94, 95, 96, 96, 96, 97, 97, 97, 98, 99, 101, 102, 102, 100, 101, 101, 101, 103, 102, 100, 91, 62, 23, 17, 18, 18, 17, 18, 19, 19, 19, 18, 17, 16, 17, 17, 18, 16, 16, 17, 18, 17, 16, 16, 17, 16, 15, 16, 16, 17, 18, 18, 16, 16, 17, 19, 18, 17, 17, 19, 17, 16, 16, 16, 16, 16, 16, 17, 16, 16, 16, 16, 16, 16, 16, 15, 16, 16, 15, 14, 14, 15, 16, 16, 17, 20, 21, 66, 106, 125, 131, 131, 132, 132, 133, 133, 133, 134, 135, 135, 135, 136, 137, 137, 137, 138, 137, 136, 136, 136, 137, 137, 138, 138, 139, 139, 140, 140, 140, 139, 139, 140, 141, 141, 143, 144, 144, 143, 143, 144, 144, 145, 144, 144, 145, 144, 144, 144, 144, 143, 142, 141, 141, 140, 139, 139, 140, 140, 144, 144, 145, 145, 145, 145, 145, 145, 146, 145, 145, 145, 145, 146, 143, 29]","[29, 29, 80, 81, 81, 83, 83, 83, 82, 81, 81, 82, 82, 82, 83, 84, 86, 86, 86, 87, 88, 87, 87, 87, 87, 86, 88, 90, 89, 91, 93, 93, 92, 95, 96, 94, 94, 96, 97, 95, 97, 97, 97, 98, 99, 100, 102, 103, 104, 99, 101, 102, 101, 102, 103, 102, 98, 78, 32, 17, 17, 17, 17, 16, 19, 19, 19, 18, 17, 16, 16, 17, 17, 16, 16, 18, 17, 16, 15, 16, 18, 16, 15, 15, 16, 17, 17, 19, 15, 16, 17, 18, 18, 16, 16, 17, 17, 17, 16, 16, 16, 16, 16, 17, 16, 16, 15, 16, 16, 16, 16, 16, 15, 15, 15, 15, 14, 14, 15, 16, 17, 20, 20, 66, 106, 125, 130, 130, 132, 133, 133, 132, 132, 134, 135, 136, 136, 137, 138, 137, 137, 138, 138, 138, 137, 137, 137, 138, 138, 139, 139, 139, 140, 140, 140, 139, 140, 141, 141, 141, 144, 144, 143, 142, 143, 144, 145, 145, 144, 145, 145, 145, 145, 145, 145, 144, 144, 143, 141, 139, 138, 139, 141, 143, 144, 144, 144, 145, 145, 145, 145, 146, 147, 146, 145, 145, 146, 146, 144, 30]","[30, 28, 78, 79, 80, 82, 81, 81, 82, 81, 81, 82, 84, 84, 83, 82, 88, 87, 86, 86, 87, 88, 89, 88, 87, 88, 88, 90, 91, 91, 92, 92, 93, 94, 95, 96, 96, 96, 96, 96, 97, 98, 99, 100, 100, 100, 101, 101, 101, 101, 101, 101, 102, 103, 103, 103, 103, 89, 42, 15, 18, 17, 17, 20, 18, 18, 18, 18, 17, 17, 17, 16, 17, 17, 16, 15, 16, 16, 16, 16, 16, 16, 16, 16, 17, 17, 17, 18, 16, 16, 16, 16, 18, 19, 19, 19, 18, 17, 16, 16, 16, 16, 16, 17, 17, 17, 16, 16, 15, 16, 16, 16, 17, 16, 15, 15, 16, 15, 15, 16, 18, 21, 17, 67, 106, 123, 129, 130, 132, 134, 136, 136, 135, 135, 136, 136, 137, 138, 138, 139, 138, 137, 137, 137, 137, 138, 140, 140, 139, 139, 139, 139, 139, 139, 140, 142, 143, 142, 142, 143, 144, 144, 145, 145, 145, 145, 146, 146, 146, 145, 144, 144, 144, 144, 144, 143, 144, 144, 143, 140, 138, 138, 139, 140, 143, 143, 144, 145, 144, 145, 147, 146, 146, 147, 147, 145, 146, 145, 147, 29]","[30, 28, 79, 80, 80, 82, 81, 81, 81, 81, 81, 82, 82, 83, 83, 82, 87, 87, 87, 87, 87, 88, 89, 89, 89, 88, 89, 91, 92, 93, 94, 95, 94, 94, 95, 96, 96, 96, 96, 96, 97, 97, 99, 99, 100, 100, 100, 101, 102, 102, 101, 102, 102, 103, 103, 103, 106, 98, 62, 16, 20, 17, 22, 17, 18, 18, 17, 17, 16, 16, 16, 16, 17, 16, 16, 16, 16, 17, 17, 17, 17, 17, 16, 17, 17, 17, 17, 17, 16, 16, 16, 16, 17, 18, 19, 19, 18, 16, 15, 16, 16, 16, 17, 17, 17, 16, 16, 16, 16, 16, 16, 16, 16, 15, 14, 15, 16, 16, 16, 16, 16, 22, 22, 64, 102, 120, 130, 131, 133, 134, 136, 136, 136, 136, 137, 137, 137, 137, 138, 138, 138, 138, 138, 138, 139, 140, 141, 141, 140, 140, 140, 141, 141, 140, 142, 143, 144, 143, 143, 144, 146, 146, 146, 146, 146, 146, 146, 146, 147, 147, 147, 146, 146, 147, 147, 146, 145, 144, 142, 139, 137, 139, 141, 143, 143, 142, 144, 145, 144, 145, 147, 146, 147, 147, 147, 146, 147, 146, 148, 29]","[29, 29, 80, 81, 80, 82, 81, 81, 80, 80, 81, 81, 82, 82, 83, 84, 86, 87, 87, 87, 87, 88, 88, 88, 90, 89, 90, 92, 94, 95, 95, 96, 96, 96, 96, 96, 96, 96, 96, 96, 97, 98, 99, 100, 100, 100, 101, 101, 104, 103, 103, 103, 103, 104, 104, 103, 104, 102, 77, 22, 18, 17, 23, 17, 19, 17, 16, 16, 16, 16, 16, 16, 16, 16, 17, 17, 17, 17, 17, 17, 17, 17, 17, 17, 17, 17, 17, 17, 16, 16, 16, 16, 17, 18, 18, 19, 17, 16, 15, 15, 16, 16, 16, 17, 16, 16, 16, 16, 16, 16, 16, 16, 15, 14, 13, 14, 16, 16, 16, 16, 17, 22, 21, 56, 98, 119, 131, 131, 134, 135, 137, 137, 137, 137, 138, 138, 138, 138, 138, 139, 139, 140, 140, 141, 141, 142, 142, 142, 142, 141, 142, 143, 142, 142, 143, 145, 145, 145, 145, 145, 146, 146, 146, 146, 146, 146, 146, 145, 144, 145, 146, 145, 145, 145, 146, 145, 146, 145, 142, 140, 139, 141, 143, 144, 143, 143, 145, 146, 145, 146, 147, 147, 147, 147, 146, 146, 148, 148, 148, 28]","[29, 29, 80, 81, 81, 82, 81, 81, 80, 81, 81, 82, 83, 84, 86, 87, 85, 87, 88, 87, 87, 88, 88, 89, 91, 90, 90, 93, 95, 96, 96, 96, 97, 97, 96, 96, 96, 96, 97, 97, 98, 98, 99, 100, 101, 101, 102, 102, 105, 105, 104, 104, 105, 105, 105, 104, 102, 103, 82, 34, 15, 19, 18, 20, 19, 17, 16, 16, 17, 17, 17, 17, 16, 16, 17, 18, 17, 17, 17, 17, 17, 17, 17, 17, 17, 17, 17, 17, 17, 16, 16, 16, 16, 17, 18, 19, 17, 16, 15, 16, 16, 16, 16, 17, 16, 16, 16, 16, 16, 16, 16, 16, 15, 13, 13, 14, 15, 16, 16, 15, 18, 20, 20, 48, 96, 119, 133, 135, 135, 137, 138, 138, 138, 138, 138, 138, 139, 139, 139, 140, 142, 143, 143, 143, 142, 142, 143, 143, 143, 143, 143, 143, 143, 144, 144, 145, 146, 146, 146, 146, 146, 146, 145, 145, 146, 146, 146, 146, 146, 147, 148, 147, 146, 146, 146, 146, 146, 145, 145, 144, 144, 144, 144, 143, 145, 144, 146, 147, 146, 147, 149, 148, 149, 147, 146, 146, 149, 150, 150, 29]","[28, 29, 81, 82, 81, 82, 81, 81, 82, 82, 82, 83, 84, 86, 87, 88, 86, 88, 89, 89, 88, 89, 89, 90, 91, 90, 91, 94, 96, 97, 97, 97, 97, 97, 96, 95, 96, 97, 97, 97, 98, 99, 100, 100, 101, 101, 102, 103, 104, 104, 104, 105, 105, 106, 105, 105, 106, 107, 89, 47, 17, 21, 16, 20, 18, 17, 16, 16, 17, 18, 17, 17, 16, 17, 18, 18, 18, 17, 16, 16, 17, 17, 17, 17, 17, 16, 17, 17, 17, 17, 16, 16, 16, 17, 18, 19, 18, 17, 16, 16, 16, 16, 16, 16, 16, 16, 16, 16, 16, 16, 16, 16, 16, 14, 13, 14, 14, 15, 15, 15, 16, 19, 23, 47, 94, 118, 132, 139, 137, 138, 138, 138, 138, 139, 139, 138, 139, 139, 140, 141, 143, 143, 143, 143, 142, 143, 144, 145, 144, 144, 144, 143, 144, 144, 145, 145, 146, 146, 146, 146, 147, 147, 146, 146, 146, 147, 147, 148, 148, 149, 149, 148, 147, 147, 147, 146, 146, 146, 145, 145, 145, 146, 145, 143, 146, 145, 147, 148, 147, 148, 150, 149, 150, 148, 147, 147, 150, 151, 151, 30]","[28, 29, 80, 81, 81, 82, 82, 82, 82, 82, 82, 83, 84, 85, 86, 86, 86, 88, 89, 89, 88, 89, 90, 90, 92, 91, 92, 95, 97, 98, 98, 98, 97, 96, 95, 95, 96, 97, 97, 97, 98, 99, 100, 100, 101, 101, 102, 102, 104, 104, 104, 104, 105, 105, 105, 105, 105, 108, 98, 55, 22, 20, 19, 18, 17, 16, 16, 16, 17, 17, 17, 17, 17, 18, 18, 18, 18, 17, 16, 16, 16, 17, 17, 17, 16, 16, 17, 17, 17, 17, 17, 17, 17, 17, 18, 19, 18, 17, 16, 16, 16, 16, 16, 16, 16, 16, 16, 16, 16, 16, 16, 16, 15, 14, 13, 13, 13, 13, 13, 14, 15, 17, 20, 42, 92, 119, 129, 136, 138, 138, 139, 138, 139, 139, 139, 139, 139, 139, 140, 141, 142, 143, 143, 142, 142, 143, 144, 145, 145, 145, 144, 144, 144, 145, 146, 146, 146, 147, 147, 146, 148, 148, 148, 147, 147, 147, 148, 149, 148, 148, 148, 147, 147, 147, 147, 147, 146, 146, 145, 144, 145, 146, 146, 145, 146, 146, 148, 149, 148, 149, 150, 150, 150, 148, 148, 147, 150, 150, 150, 30]","[29, 29, 80, 81, 81, 82, 82, 82, 82, 82, 83, 83, 84, 84, 85, 86, 86, 88, 88, 88, 88, 89, 90, 90, 94, 93, 93, 95, 96, 96, 97, 98, 97, 96, 96, 96, 98, 99, 99, 98, 99, 100, 101, 101, 101, 102, 102, 103, 104, 104, 104, 105, 106, 106, 105, 105, 103, 107, 104, 64, 27, 18, 21, 18, 17, 17, 16, 16, 17, 17, 18, 18, 18, 18, 18, 18, 18, 18, 17, 16, 16, 17, 17, 17, 16, 16, 16, 17, 17, 17, 17, 17, 17, 18, 19, 19, 17, 16, 16, 16, 16, 16, 16, 16, 16, 16, 16, 16, 16, 16, 16, 16, 13, 13, 13, 14, 13, 12, 12, 13, 16, 17, 16, 35, 87, 122, 129, 134, 138, 138, 139, 139, 139, 140, 140, 140, 140, 141, 141, 142, 142, 143, 143, 143, 143, 144, 145, 146, 146, 146, 145, 145, 145, 146, 147, 146, 147, 148, 148, 147, 148, 149, 149, 149, 148, 148, 149, 150, 151, 151, 150, 149, 149, 150, 150, 150, 147, 147, 146, 145, 145, 146, 146, 146, 147, 147, 149, 150, 149, 150, 151, 150, 149, 149, 149, 149, 151, 150, 149, 29]","[29, 29, 80, 81, 81, 83, 83, 83, 83, 84, 85, 86, 85, 85, 87, 88, 87, 88, 89, 88, 89, 90, 91, 91, 95, 94, 94, 94, 94, 94, 95, 96, 98, 97, 97, 98, 99, 101, 101, 100, 101, 101, 102, 102, 102, 102, 103, 104, 105, 105, 105, 106, 106, 106, 106, 105, 104, 109, 107, 74, 30, 16, 18, 20, 18, 17, 17, 16, 17, 17, 19, 20, 18, 18, 18, 18, 18, 18, 17, 17, 15, 16, 17, 17, 16, 16, 16, 17, 17, 17, 18, 18, 18, 18, 19, 19, 16, 15, 15, 16, 16, 16, 16, 16, 16, 16, 16, 16, 16, 16, 16, 16, 13, 14, 15, 16, 15, 14, 13, 14, 15, 19, 17, 31, 81, 122, 132, 139, 137, 138, 138, 139, 140, 141, 141, 141, 143, 143, 144, 143, 143, 144, 144, 145, 144, 145, 145, 146, 146, 146, 146, 146, 146, 147, 148, 147, 147, 149, 149, 148, 147, 149, 151, 151, 150, 150, 151, 152, 152, 151, 150, 149, 150, 151, 151, 151, 148, 148, 148, 147, 146, 146, 146, 146, 148, 148, 150, 151, 150, 151, 152, 151, 151, 151, 152, 152, 153, 151, 150, 29]","[30, 27, 83, 81, 80, 80, 82, 80, 83, 85, 85, 85, 86, 86, 86, 87, 90, 89, 90, 91, 91, 90, 91, 93, 93, 94, 94, 95, 95, 95, 95, 96, 97, 97, 96, 96, 98, 100, 101, 101, 101, 102, 102, 103, 103, 103, 104, 104, 105, 105, 105, 105, 106, 106, 106, 107, 107, 109, 113, 89, 37, 16, 19, 17, 19, 18, 17, 16, 16, 16, 17, 18, 18, 18, 18, 17, 17, 17, 17, 17, 18, 17, 16, 17, 18, 18, 18, 17, 16, 17, 17, 17, 17, 18, 18, 19, 19, 18, 16, 15, 15, 16, 16, 16, 16, 16, 16, 16, 16, 16, 16, 16, 16, 15, 13, 13, 14, 14, 13, 12, 16, 18, 18, 30, 69, 112, 141, 134, 138, 138, 139, 139, 141, 142, 143, 143, 144, 144, 143, 143, 144, 144, 145, 145, 146, 146, 146, 147, 147, 146, 146, 146, 147, 147, 148, 148, 148, 148, 147, 147, 147, 148, 150, 150, 150, 150, 151, 152, 152, 151, 150, 150, 151, 151, 152, 152, 151, 150, 149, 147, 147, 146, 146, 147, 147, 148, 149, 150, 151, 152, 152, 153, 150, 152, 151, 152, 151, 153, 151, 27]","[29, 30, 79, 81, 82, 82, 82, 81, 81, 84, 84, 85, 87, 87, 87, 88, 90, 89, 90, 91, 91, 91, 91, 93, 92, 93, 94, 96, 96, 96, 96, 97, 97, 97, 97, 97, 99, 101, 101, 101, 102, 102, 103, 103, 103, 103, 104, 104, 106, 106, 107, 107, 107, 108, 109, 109, 110, 111, 111, 88, 54, 17, 17, 21, 19, 18, 17, 16, 16, 16, 17, 17, 18, 18, 18, 18, 18, 17, 17, 17, 18, 17, 16, 17, 18, 18, 18, 17, 17, 17, 18, 18, 18, 18, 18, 19, 19, 18, 16, 16, 16, 16, 16, 15, 16, 16, 16, 16, 16, 16, 16, 16, 15, 14, 13, 13, 14, 14, 14, 13, 12, 17, 20, 25, 57, 105, 138, 142, 140, 141, 142, 142, 143, 143, 143, 143, 144, 144, 145, 145, 145, 145, 145, 146, 146, 146, 146, 146, 147, 146, 147, 147, 147, 148, 149, 149, 150, 150, 150, 150, 150, 151, 152, 152, 152, 152, 152, 153, 153, 153, 152, 151, 152, 152, 152, 152, 150, 150, 149, 148, 148, 147, 147, 147, 148, 148, 149, 151, 151, 152, 152, 152, 155, 150, 154, 150, 150, 151, 153, 31]","[28, 32, 79, 80, 81, 79, 80, 82, 80, 83, 84, 85, 87, 87, 87, 88, 88, 88, 89, 89, 89, 89, 90, 91, 92, 93, 96, 98, 98, 98, 98, 98, 97, 98, 98, 98, 99, 100, 100, 100, 103, 103, 104, 104, 104, 104, 105, 105, 106, 106, 107, 107, 106, 107, 108, 109, 106, 111, 110, 93, 66, 23, 17, 17, 19, 18, 17, 17, 16, 17, 17, 17, 18, 18, 18, 18, 18, 18, 18, 18, 18, 17, 16, 16, 17, 18, 18, 18, 17, 18, 18, 18, 18, 18, 18, 19, 18, 17, 17, 16, 16, 16, 16, 15, 16, 16, 16, 16, 16, 16, 16, 16, 15, 14, 13, 13, 13, 14, 14, 14, 17, 18, 18, 19, 45, 98, 131, 138, 139, 141, 142, 143, 143, 144, 145, 145, 144, 145, 146, 146, 146, 146, 146, 147, 147, 147, 147, 147, 148, 148, 149, 150, 148, 148, 149, 150, 151, 151, 151, 151, 151, 152, 153, 153, 152, 152, 152, 153, 154, 153, 152, 152, 152, 152, 152, 151, 151, 151, 151, 151, 151, 151, 151, 151, 150, 151, 152, 152, 153, 153, 153, 153, 149, 155, 150, 153, 158, 148, 149, 29]","[28, 28, 82, 82, 84, 82, 81, 80, 82, 84, 84, 85, 86, 86, 86, 88, 91, 91, 91, 90, 90, 91, 92, 93, 91, 92, 94, 96, 96, 96, 96, 96, 97, 98, 98, 98, 99, 99, 99, 99, 102, 103, 104, 104, 104, 105, 105, 106, 107, 107, 108, 107, 106, 106, 108, 109, 113, 108, 103, 103, 71, 25, 19, 22, 18, 18, 17, 16, 16, 16, 16, 16, 17, 17, 17, 17, 18, 18, 18, 19, 18, 17, 16, 15, 16, 16, 17, 17, 17, 17, 17, 16, 16, 16, 17, 18, 17, 17, 16, 16, 16, 16, 16, 15, 16, 16, 15, 15, 15, 15, 15, 15, 16, 15, 13, 13, 13, 14, 14, 14, 13, 15, 17, 20, 33, 86, 131, 139, 140, 141, 142, 142, 142, 143, 145, 146, 143, 144, 145, 146, 145, 145, 146, 147, 147, 147, 146, 147, 148, 148, 149, 150, 150, 150, 151, 151, 151, 152, 152, 151, 152, 153, 153, 153, 153, 153, 153, 154, 154, 154, 153, 153, 153, 153, 152, 152, 152, 151, 151, 151, 151, 151, 151, 151, 150, 151, 151, 152, 152, 152, 152, 152, 153, 155, 149, 153, 150, 156, 159, 27]","[34, 26, 82, 79, 80, 81, 82, 79, 81, 83, 83, 83, 85, 86, 86, 88, 90, 90, 89, 89, 89, 90, 92, 93, 93, 93, 95, 96, 96, 96, 97, 98, 98, 99, 100, 100, 100, 100, 100, 100, 102, 103, 104, 104, 105, 105, 106, 106, 106, 107, 107, 107, 106, 107, 108, 110, 108, 108, 107, 107, 80, 31, 19, 19, 19, 19, 19, 18, 19, 18, 19, 18, 19, 18, 18, 19, 19, 20, 20, 20, 19, 18, 17, 17, 17, 17, 17, 18, 19, 18, 18, 17, 17, 17, 18, 19, 19, 19, 18, 18, 18, 18, 18, 18, 18, 18, 18, 18, 18, 17, 17, 17, 17, 16, 14, 14, 14, 14, 13, 14, 18, 18, 17, 24, 28, 76, 134, 140, 142, 144, 145, 144, 144, 144, 145, 146, 146, 146, 147, 147, 146, 147, 148, 149, 148, 148, 147, 148, 149, 149, 150, 152, 151, 152, 152, 152, 152, 152, 152, 152, 152, 153, 153, 154, 154, 154, 154, 154, 154, 154, 153, 154, 154, 154, 153, 153, 153, 152, 152, 151, 151, 151, 152, 152, 151, 151, 152, 152, 153, 153, 153, 153, 154, 151, 156, 155, 152, 151, 150, 31]","[29, 26, 84, 83, 82, 84, 85, 84, 81, 83, 83, 83, 86, 87, 88, 90, 90, 91, 90, 90, 90, 92, 94, 95, 93, 93, 94, 95, 95, 95, 97, 98, 99, 100, 101, 100, 100, 100, 100, 100, 102, 103, 104, 105, 105, 105, 106, 106, 106, 107, 107, 107, 108, 108, 110, 111, 111, 112, 111, 102, 90, 34, 18, 20, 18, 17, 17, 17, 17, 16, 16, 16, 17, 17, 17, 17, 17, 17, 17, 17, 17, 17, 16, 15, 15, 15, 16, 16, 17, 17, 16, 15, 15, 15, 17, 18, 19, 18, 17, 16, 15, 15, 15, 16, 15, 15, 15, 16, 16, 16, 16, 16, 17, 17, 16, 15, 14, 13, 13, 13, 13, 16, 17, 26, 25, 63, 126, 137, 139, 141, 144, 145, 145, 145, 145, 144, 146, 146, 147, 146, 146, 146, 148, 149, 149, 149, 148, 149, 149, 150, 150, 151, 151, 152, 152, 152, 152, 153, 153, 152, 152, 152, 153, 153, 153, 154, 154, 154, 153, 153, 153, 154, 154, 154, 153, 153, 153, 153, 152, 152, 151, 152, 152, 152, 152, 152, 153, 153, 154, 154, 154, 154, 154, 154, 153, 151, 157, 153, 158, 29]","[28, 34, 77, 83, 82, 81, 79, 79, 82, 83, 83, 83, 85, 86, 86, 89, 90, 91, 91, 90, 90, 92, 93, 94, 95, 94, 95, 95, 95, 95, 97, 98, 101, 102, 102, 101, 101, 101, 102, 102, 103, 103, 104, 105, 105, 105, 105, 106, 107, 108, 108, 108, 109, 109, 110, 111, 114, 107, 111, 111, 103, 42, 18, 21, 18, 18, 18, 18, 18, 18, 17, 17, 18, 18, 18, 18, 18, 18, 18, 18, 18, 18, 17, 17, 17, 17, 17, 17, 18, 18, 17, 17, 17, 17, 18, 18, 19, 19, 19, 18, 17, 16, 17, 17, 17, 17, 17, 17, 17, 17, 17, 17, 15, 15, 14, 14, 13, 13, 13, 13, 14, 17, 17, 18, 20, 52, 115, 141, 141, 143, 145, 146, 147, 148, 147, 146, 148, 148, 148, 148, 147, 148, 148, 148, 150, 150, 150, 150, 150, 150, 151, 152, 153, 153, 154, 154, 154, 154, 154, 154, 154, 154, 154, 154, 154, 154, 155, 155, 154, 154, 154, 155, 155, 155, 154, 153, 153, 153, 152, 152, 152, 152, 152, 152, 152, 153, 153, 153, 153, 154, 154, 154, 153, 154, 154, 155, 153, 155, 150, 29]","[30, 27, 31, 29, 28, 30, 28, 30, 28, 30, 29, 28, 29, 29, 28, 30, 28, 29, 30, 29, 28, 29, 30, 29, 29, 29, 29, 29, 29, 28, 29, 30, 29, 29, 29, 28, 28, 28, 29, 29, 28, 29, 29, 29, 29, 29, 29, 29, 29, 29, 29, 29, 29, 29, 29, 29, 29, 27, 30, 28, 31, 26, 30, 28, 29, 29, 29, 29, 29, 29, 28, 28, 29, 29, 29, 29, 29, 29, 29, 29, 28, 29, 29, 29, 29, 29, 29, 29, 28, 29, 29, 29, 29, 29, 29, 29, 28, 29, 29, 29, 29, 28, 29, 29, 29, 29, 29, 29, 29, 29, 29, 29, 29, 29, 30, 30, 29, 29, 29, 29, 28, 29, 29, 29, 31, 26, 31, 28, 29, 29, 29, 28, 28, 29, 29, 28, 29, 29, 29, 29, 29, 29, 29, 29, 29, 29, 29, 29, 29, 29, 29, 30, 28, 28, 29, 29, 29, 29, 29, 29, 29, 29, 29, 29, 29, 29, 29, 28, 29, 29, 29, 29, 29, 29, 28, 27, 29, 29, 29, 29, 29, 29, 29, 29, 29, 29, 29, 29, 29, 29, 29, 29, 28, 30, 28, 27, 31, 30, 26, 31]"
