"[33, 29, 29, 28, 30, 30, 28, 29, 28, 30, 29, 28, 29, 29, 29, 29, 29, 29, 29, 30, 29, 29, 29, 29, 29, 29, 29, 28, 29, 30, 30, 29, 30, 30, 29, 29, 28, 29, 30, 30, 30, 29, 30, 30, 28, 28, 29, 29, 29, 28, 28, 29, 28, 28, 29, 30, 30, 28, 28, 29, 29, 29, 30, 29, 29, 29, 29, 29, 30, 30, 29, 28, 29, 30, 27, 29, 29, 28, 31, 30, 28, 29, 30, 31, 30, 29, 29, 29, 29, 29, 29, 29, 29, 28, 29, 30, 29, 29, 29, 29, 29, 29, 28, 28, 30, 29, 29, 29, 29, 29, 29, 30, 29, 29, 29, 30, 29, 29, 28, 28, 30, 30, 29, 29, 29, 29, 30, 30, 29, 29, 30, 30, 30, 30, 29, 28, 30, 28, 30, 29, 29, 30, 28, 29, 28, 28, 29, 30, 30, 29, 28, 29, 28, 29, 29, 30, 29, 29, 29, 29, 29, 28, 29, 29, 28, 30, 31, 28, 30, 29, 28, 29, 29, 29, 30, 31, 29, 29, 29, 29, 29, 29, 29, 28, 29, 29, 29, 28, 28, 28, 29, 30, 31, 28, 28, 29, 30, 30, 29, 31]","[29, 27, 32, 29, 29, 28, 28, 30, 29, 31, 30, 28, 29, 29, 28, 28, 29, 29, 29, 29, 29, 29, 29, 30, 30, 29, 29, 30, 30, 29, 27, 26, 29, 29, 29, 30, 30, 29, 28, 27, 27, 27, 29, 31, 30, 30, 30, 27, 30, 29, 29, 30, 31, 30, 28, 27, 29, 29, 30, 30, 28, 27, 28, 28, 29, 30, 30, 29, 28, 27, 29, 30, 28, 30, 28, 31, 31, 28, 28, 27, 29, 29, 28, 27, 27, 29, 30, 29, 28, 29, 30, 30, 30, 30, 29, 29, 29, 29, 30, 29, 29, 29, 30, 31, 29, 29, 29, 29, 29, 28, 28, 28, 29, 29, 29, 29, 29, 30, 30, 30, 27, 28, 29, 29, 29, 29, 29, 29, 28, 29, 28, 28, 28, 29, 29, 29, 29, 28, 31, 30, 29, 29, 27, 30, 29, 29, 29, 29, 28, 27, 28, 30, 29, 30, 29, 28, 27, 27, 29, 30, 29, 29, 30, 29, 27, 28, 29, 28, 29, 29, 28, 29, 30, 29, 27, 25, 29, 30, 30, 29, 28, 29, 30, 30, 29, 29, 29, 30, 30, 30, 28, 27, 29, 26, 33, 25, 32, 30, 27, 32]","[31, 33, 51, 53, 52, 51, 53, 54, 51, 51, 48, 47, 52, 57, 62, 65, 71, 73, 73, 74, 78, 79, 80, 84, 84, 83, 84, 87, 89, 87, 85, 85, 79, 75, 69, 63, 59, 56, 52, 50, 39, 42, 46, 44, 38, 36, 40, 43, 39, 39, 39, 40, 40, 40, 39, 38, 31, 32, 33, 31, 28, 35, 51, 63, 67, 78, 91, 96, 93, 90, 92, 96, 98, 98, 98, 103, 104, 103, 105, 106, 108, 110, 110, 110, 112, 116, 116, 113, 115, 115, 114, 112, 111, 112, 112, 111, 106, 109, 112, 113, 112, 111, 111, 112, 113, 114, 116, 117, 117, 117, 117, 117, 116, 115, 115, 115, 116, 116, 116, 116, 118, 118, 118, 117, 113, 110, 107, 105, 109, 110, 112, 113, 115, 119, 123, 125, 122, 124, 130, 133, 135, 138, 140, 144, 152, 155, 159, 161, 160, 157, 155, 155, 158, 160, 162, 163, 163, 166, 169, 172, 180, 185, 192, 197, 197, 198, 197, 193, 187, 180, 173, 170, 172, 176, 179, 181, 175, 177, 178, 176, 173, 172, 172, 172, 181, 186, 193, 197, 198, 195, 191, 188, 178, 184, 186, 189, 188, 188, 174, 28]","[29, 28, 53, 56, 54, 54, 56, 54, 54, 54, 52, 52, 53, 53, 51, 51, 53, 57, 56, 57, 63, 64, 65, 71, 73, 71, 73, 78, 81, 81, 80, 81, 88, 88, 88, 88, 87, 83, 79, 76, 67, 62, 58, 54, 49, 45, 42, 38, 41, 43, 43, 41, 39, 39, 40, 42, 45, 41, 39, 36, 34, 34, 34, 31, 34, 34, 35, 41, 49, 58, 66, 70, 79, 80, 84, 90, 93, 92, 93, 95, 101, 101, 101, 101, 104, 108, 111, 110, 109, 112, 114, 114, 115, 117, 116, 114, 115, 116, 116, 113, 109, 108, 110, 112, 109, 111, 113, 114, 114, 114, 114, 114, 117, 116, 117, 118, 119, 119, 118, 117, 116, 118, 120, 121, 121, 120, 120, 120, 116, 116, 115, 113, 111, 111, 112, 113, 114, 116, 121, 123, 124, 126, 126, 129, 135, 138, 142, 146, 149, 153, 159, 164, 166, 168, 171, 171, 169, 168, 170, 171, 168, 167, 166, 165, 166, 171, 177, 178, 186, 186, 187, 188, 189, 186, 179, 174, 177, 181, 183, 182, 180, 179, 179, 178, 176, 176, 175, 172, 171, 174, 182, 189, 196, 200, 188, 184, 185, 184, 182, 29]","[30, 29, 53, 53, 51, 52, 55, 52, 52, 53, 53, 53, 55, 54, 51, 50, 52, 55, 52, 50, 53, 52, 52, 57, 60, 57, 57, 62, 65, 65, 65, 67, 69, 71, 75, 79, 82, 83, 83, 83, 86, 85, 85, 86, 86, 84, 81, 77, 60, 59, 56, 50, 45, 42, 40, 38, 44, 46, 48, 46, 40, 38, 40, 41, 36, 39, 40, 39, 35, 34, 37, 40, 41, 41, 46, 54, 62, 71, 80, 88, 98, 99, 101, 104, 104, 103, 103, 105, 105, 107, 109, 109, 110, 113, 114, 113, 114, 115, 116, 115, 112, 111, 112, 113, 114, 114, 115, 115, 114, 114, 113, 114, 114, 114, 115, 116, 118, 119, 119, 119, 121, 122, 123, 122, 121, 120, 120, 121, 119, 120, 121, 120, 119, 119, 120, 121, 116, 115, 117, 115, 113, 111, 108, 108, 115, 120, 126, 132, 134, 135, 137, 139, 143, 147, 154, 160, 164, 169, 174, 177, 177, 178, 180, 180, 180, 180, 177, 173, 166, 166, 166, 168, 172, 178, 183, 184, 185, 187, 187, 183, 180, 178, 176, 174, 174, 174, 173, 170, 167, 165, 166, 168, 173, 177, 186, 188, 182, 182, 176, 30]","[30, 28, 55, 53, 54, 55, 56, 53, 56, 55, 52, 52, 53, 53, 52, 54, 56, 57, 54, 52, 53, 52, 52, 56, 54, 52, 51, 54, 56, 57, 58, 60, 61, 61, 59, 58, 59, 60, 63, 65, 73, 77, 83, 85, 84, 85, 89, 91, 91, 89, 86, 82, 80, 77, 72, 67, 62, 57, 52, 47, 44, 46, 49, 48, 49, 48, 46, 45, 45, 44, 43, 42, 45, 41, 39, 35, 34, 38, 41, 46, 54, 57, 65, 74, 80, 82, 87, 93, 101, 103, 105, 104, 105, 107, 110, 111, 107, 109, 110, 111, 112, 112, 113, 113, 112, 112, 111, 111, 112, 112, 112, 113, 115, 114, 114, 114, 115, 116, 118, 118, 118, 118, 118, 118, 118, 119, 120, 121, 121, 122, 123, 122, 122, 122, 122, 122, 123, 121, 123, 122, 121, 121, 118, 118, 112, 112, 114, 116, 118, 121, 125, 129, 133, 134, 136, 138, 140, 142, 145, 147, 151, 153, 158, 164, 170, 178, 181, 179, 181, 183, 183, 181, 178, 177, 176, 175, 178, 179, 179, 178, 179, 183, 185, 184, 183, 181, 179, 180, 183, 187, 189, 189, 188, 180, 166, 175, 177, 178, 181, 28]","[28, 29, 58, 55, 56, 55, 53, 50, 51, 53, 54, 57, 59, 58, 55, 56, 56, 55, 54, 54, 54, 55, 56, 58, 55, 54, 53, 54, 56, 57, 58, 59, 55, 55, 55, 55, 55, 56, 56, 56, 55, 53, 55, 60, 66, 72, 75, 75, 77, 79, 82, 85, 88, 90, 88, 85, 84, 87, 89, 83, 73, 66, 61, 57, 54, 56, 56, 53, 48, 45, 46, 48, 47, 48, 51, 49, 46, 46, 42, 41, 39, 38, 38, 40, 41, 44, 51, 57, 69, 74, 81, 87, 91, 94, 98, 101, 107, 106, 104, 105, 107, 110, 112, 112, 109, 108, 108, 109, 110, 112, 113, 114, 113, 113, 114, 114, 113, 113, 114, 115, 118, 118, 118, 118, 118, 118, 118, 119, 118, 119, 119, 120, 121, 122, 123, 123, 122, 120, 122, 122, 123, 123, 121, 122, 117, 117, 118, 119, 118, 117, 116, 115, 122, 122, 123, 125, 128, 132, 135, 137, 139, 139, 141, 144, 148, 154, 157, 156, 159, 167, 175, 179, 181, 182, 180, 177, 175, 177, 176, 173, 173, 178, 180, 180, 182, 179, 177, 177, 180, 183, 184, 184, 187, 191, 196, 194, 185, 184, 184, 28]","[28, 31, 61, 56, 58, 56, 57, 57, 56, 57, 57, 58, 60, 58, 57, 59, 58, 56, 56, 56, 55, 55, 57, 57, 58, 58, 57, 56, 56, 56, 56, 56, 58, 56, 54, 53, 54, 56, 58, 58, 58, 56, 56, 58, 59, 61, 61, 58, 61, 67, 73, 75, 77, 79, 81, 81, 87, 87, 88, 88, 88, 89, 87, 82, 80, 76, 71, 66, 63, 60, 57, 55, 54, 54, 57, 51, 49, 51, 47, 47, 48, 49, 49, 46, 41, 37, 34, 32, 33, 35, 38, 42, 48, 57, 70, 79, 90, 93, 99, 108, 114, 115, 111, 106, 104, 103, 102, 102, 105, 107, 107, 108, 107, 110, 113, 114, 115, 114, 114, 115, 116, 116, 117, 117, 117, 117, 117, 117, 117, 117, 117, 117, 118, 120, 121, 122, 123, 121, 123, 123, 123, 123, 121, 123, 123, 122, 121, 121, 122, 122, 122, 122, 119, 119, 119, 121, 124, 126, 128, 128, 130, 131, 134, 136, 137, 140, 140, 138, 137, 139, 141, 143, 149, 160, 170, 175, 178, 180, 179, 174, 172, 173, 173, 171, 173, 175, 177, 178, 179, 179, 181, 182, 180, 175, 176, 181, 187, 187, 185, 30]","[30, 31, 65, 66, 62, 60, 62, 63, 60, 60, 61, 62, 61, 60, 61, 62, 57, 59, 60, 60, 59, 58, 60, 62, 61, 59, 57, 56, 56, 56, 57, 57, 56, 56, 55, 55, 56, 58, 58, 58, 55, 55, 56, 57, 58, 58, 58, 59, 57, 58, 58, 56, 54, 56, 63, 70, 74, 73, 72, 74, 77, 79, 80, 79, 80, 86, 85, 89, 88, 82, 85, 82, 79, 79, 75, 66, 58, 55, 56, 58, 59, 57, 51, 47, 47, 47, 47, 49, 47, 47, 46, 42, 41, 40, 36, 33, 35, 37, 39, 45, 56, 69, 82, 94, 97, 96, 98, 102, 106, 106, 105, 104, 102, 105, 105, 105, 109, 109, 108, 110, 114, 114, 113, 115, 115, 113, 115, 114, 113, 113, 112, 112, 115, 116, 117, 118, 119, 121, 120, 121, 124, 122, 120, 122, 122, 121, 122, 124, 125, 124, 123, 124, 123, 127, 130, 130, 129, 128, 125, 123, 117, 117, 116, 115, 115, 119, 127, 135, 136, 137, 137, 136, 136, 138, 142, 144, 153, 160, 166, 168, 172, 178, 182, 183, 177, 176, 173, 173, 175, 179, 183, 184, 187, 187, 187, 179, 174, 172, 174, 27]","[29, 29, 74, 73, 72, 71, 70, 71, 65, 64, 63, 64, 65, 65, 65, 66, 64, 63, 63, 62, 61, 61, 62, 63, 62, 60, 58, 59, 60, 60, 58, 57, 56, 57, 57, 57, 58, 58, 58, 56, 56, 57, 58, 58, 57, 57, 57, 59, 58, 59, 60, 60, 58, 57, 60, 63, 60, 59, 60, 61, 64, 65, 65, 65, 66, 71, 70, 76, 77, 76, 83, 83, 84, 88, 91, 90, 87, 84, 82, 80, 76, 74, 68, 64, 63, 59, 55, 54, 56, 53, 50, 50, 50, 50, 50, 49, 44, 45, 46, 47, 48, 45, 42, 43, 44, 44, 51, 62, 72, 78, 89, 99, 103, 106, 109, 109, 109, 105, 102, 102, 103, 108, 109, 111, 111, 110, 112, 111, 114, 116, 116, 116, 118, 117, 115, 115, 114, 116, 116, 117, 121, 120, 117, 118, 118, 119, 120, 122, 122, 122, 124, 126, 126, 127, 128, 129, 129, 129, 126, 124, 123, 123, 122, 119, 117, 116, 119, 121, 123, 126, 129, 132, 135, 137, 139, 140, 144, 145, 144, 142, 144, 151, 158, 162, 173, 176, 178, 179, 178, 178, 179, 180, 179, 179, 182, 187, 192, 192, 186, 30]","[30, 27, 80, 74, 77, 76, 75, 77, 74, 70, 68, 69, 70, 71, 71, 72, 71, 69, 66, 65, 66, 67, 67, 67, 65, 63, 61, 62, 64, 64, 61, 59, 56, 57, 58, 58, 59, 60, 59, 58, 59, 59, 60, 60, 58, 57, 58, 60, 59, 60, 61, 62, 60, 58, 57, 58, 58, 59, 60, 61, 63, 63, 63, 62, 60, 62, 59, 62, 62, 61, 66, 65, 69, 72, 76, 80, 83, 84, 84, 82, 89, 89, 87, 86, 87, 86, 82, 81, 78, 72, 65, 61, 58, 54, 52, 52, 50, 50, 50, 51, 52, 50, 47, 48, 44, 42, 41, 41, 38, 36, 39, 45, 54, 60, 74, 87, 94, 99, 105, 108, 110, 111, 107, 103, 101, 102, 106, 105, 109, 113, 115, 114, 115, 116, 116, 116, 116, 116, 113, 112, 114, 114, 113, 114, 117, 118, 120, 120, 119, 119, 122, 124, 124, 124, 126, 127, 129, 128, 127, 126, 125, 126, 126, 124, 123, 123, 122, 121, 122, 124, 126, 128, 129, 129, 126, 124, 128, 130, 133, 136, 139, 141, 144, 146, 152, 154, 156, 158, 161, 165, 169, 170, 171, 168, 166, 169, 175, 178, 181, 31]","[31, 29, 83, 78, 81, 81, 81, 81, 80, 76, 74, 74, 76, 76, 76, 77, 77, 75, 72, 71, 73, 74, 74, 73, 71, 68, 66, 66, 68, 68, 66, 64, 61, 61, 61, 60, 60, 61, 61, 61, 61, 61, 62, 62, 61, 60, 60, 61, 61, 61, 62, 62, 62, 61, 60, 60, 60, 61, 61, 62, 62, 62, 62, 61, 62, 63, 61, 63, 63, 60, 62, 61, 61, 61, 62, 64, 67, 70, 72, 73, 74, 76, 76, 79, 83, 85, 85, 87, 89, 90, 92, 94, 93, 89, 85, 83, 77, 74, 69, 65, 62, 58, 57, 58, 55, 55, 52, 47, 46, 49, 49, 46, 43, 39, 40, 41, 40, 45, 56, 62, 67, 73, 80, 91, 102, 106, 106, 101, 100, 107, 112, 113, 115, 116, 116, 116, 114, 114, 114, 115, 115, 115, 114, 115, 116, 117, 118, 119, 118, 118, 119, 121, 122, 124, 126, 127, 125, 123, 123, 123, 123, 125, 125, 125, 127, 130, 130, 128, 127, 128, 130, 131, 131, 130, 128, 126, 124, 125, 128, 130, 130, 129, 130, 132, 135, 138, 141, 144, 147, 150, 152, 152, 156, 158, 158, 160, 159, 160, 166, 27]","[28, 28, 80, 81, 81, 81, 83, 80, 81, 80, 79, 79, 79, 79, 79, 80, 79, 79, 78, 78, 78, 79, 79, 78, 76, 74, 72, 72, 72, 71, 70, 69, 70, 70, 69, 67, 65, 64, 63, 62, 64, 63, 63, 64, 64, 62, 61, 61, 63, 63, 63, 64, 64, 64, 64, 65, 63, 63, 63, 63, 62, 61, 61, 61, 61, 61, 61, 64, 64, 63, 63, 62, 65, 64, 65, 65, 65, 65, 65, 65, 66, 68, 68, 69, 71, 72, 73, 76, 76, 79, 82, 83, 84, 86, 87, 87, 92, 92, 91, 89, 86, 80, 76, 77, 71, 69, 64, 57, 55, 57, 56, 52, 50, 49, 53, 55, 50, 46, 44, 41, 41, 39, 39, 50, 60, 67, 73, 74, 76, 81, 85, 88, 93, 99, 105, 110, 111, 111, 113, 114, 113, 112, 113, 114, 115, 116, 117, 118, 117, 117, 116, 115, 118, 119, 121, 122, 122, 122, 122, 123, 122, 123, 123, 122, 124, 127, 127, 125, 123, 125, 128, 130, 130, 130, 130, 130, 130, 130, 130, 131, 129, 126, 127, 130, 129, 134, 137, 135, 132, 132, 137, 141, 143, 145, 144, 147, 147, 149, 156, 30]","[30, 31, 82, 82, 80, 80, 85, 82, 81, 82, 82, 81, 81, 82, 82, 81, 80, 80, 81, 81, 81, 80, 80, 80, 78, 78, 78, 78, 78, 76, 74, 73, 75, 76, 76, 75, 73, 71, 69, 67, 69, 68, 67, 68, 67, 66, 64, 63, 64, 64, 64, 65, 65, 64, 65, 66, 68, 67, 67, 66, 65, 64, 64, 65, 66, 66, 66, 66, 66, 65, 64, 64, 63, 63, 64, 65, 63, 62, 61, 62, 64, 66, 66, 65, 65, 63, 62, 64, 63, 65, 66, 64, 65, 71, 77, 80, 83, 86, 88, 90, 91, 89, 89, 92, 92, 89, 86, 82, 77, 71, 68, 67, 64, 61, 59, 57, 55, 56, 56, 55, 56, 51, 46, 48, 46, 40, 40, 40, 40, 43, 46, 51, 59, 69, 79, 88, 94, 99, 109, 117, 118, 117, 116, 113, 112, 114, 116, 118, 120, 120, 119, 116, 117, 117, 116, 116, 119, 122, 123, 121, 120, 121, 122, 121, 122, 123, 123, 122, 124, 128, 130, 131, 130, 129, 130, 130, 127, 128, 131, 133, 132, 130, 129, 130, 129, 130, 128, 125, 122, 125, 130, 134, 130, 134, 137, 140, 141, 140, 142, 29]","[27, 27, 88, 83, 81, 79, 82, 80, 83, 86, 86, 83, 82, 85, 84, 81, 80, 82, 83, 84, 83, 82, 81, 81, 81, 80, 80, 81, 81, 79, 78, 77, 78, 79, 81, 81, 80, 79, 77, 76, 76, 75, 75, 75, 74, 72, 70, 69, 69, 68, 67, 67, 67, 67, 67, 67, 68, 67, 66, 65, 65, 65, 65, 65, 65, 64, 64, 64, 64, 64, 64, 65, 64, 64, 65, 66, 65, 63, 64, 66, 64, 65, 65, 65, 66, 64, 63, 63, 61, 63, 65, 65, 65, 64, 63, 63, 62, 63, 64, 66, 71, 74, 78, 83, 83, 84, 87, 91, 91, 88, 87, 89, 86, 83, 74, 66, 64, 65, 66, 66, 66, 64, 60, 62, 61, 56, 54, 52, 49, 49, 49, 50, 48, 44, 41, 43, 46, 46, 52, 62, 72, 87, 102, 109, 112, 115, 117, 119, 120, 119, 116, 113, 116, 119, 119, 116, 116, 118, 118, 115, 117, 118, 120, 120, 120, 121, 122, 124, 120, 122, 124, 123, 123, 123, 125, 127, 132, 131, 131, 131, 131, 131, 132, 133, 132, 132, 131, 131, 132, 132, 130, 127, 130, 129, 127, 123, 123, 124, 126, 30]","[29, 31, 106, 99, 100, 95, 92, 89, 86, 89, 88, 84, 84, 87, 85, 80, 82, 84, 85, 86, 86, 85, 85, 84, 84, 82, 81, 81, 81, 81, 81, 81, 81, 82, 83, 82, 81, 81, 81, 80, 82, 81, 81, 80, 79, 77, 77, 77, 78, 75, 72, 71, 71, 71, 72, 72, 70, 70, 69, 69, 69, 69, 69, 69, 68, 67, 69, 69, 68, 68, 67, 68, 69, 68, 69, 69, 68, 65, 64, 65, 66, 66, 65, 65, 67, 67, 66, 66, 66, 64, 64, 65, 65, 65, 65, 67, 65, 65, 64, 65, 66, 65, 65, 67, 66, 68, 71, 74, 78, 81, 83, 82, 85, 90, 89, 88, 90, 89, 84, 80, 83, 80, 74, 73, 74, 72, 69, 64, 59, 57, 54, 54, 53, 49, 49, 53, 53, 47, 45, 45, 43, 47, 52, 52, 55, 62, 73, 85, 96, 105, 110, 111, 107, 115, 120, 118, 116, 117, 118, 117, 116, 116, 117, 117, 116, 116, 119, 122, 121, 121, 121, 119, 119, 121, 124, 126, 128, 127, 125, 126, 129, 131, 131, 130, 130, 131, 131, 132, 133, 134, 133, 132, 130, 130, 131, 129, 132, 130, 123, 29]","[29, 29, 114, 117, 115, 115, 114, 110, 105, 105, 103, 101, 101, 101, 96, 91, 88, 90, 90, 88, 88, 85, 83, 83, 81, 83, 84, 84, 83, 83, 85, 87, 88, 87, 86, 85, 85, 84, 82, 81, 81, 82, 82, 82, 82, 83, 82, 81, 82, 82, 82, 80, 80, 79, 78, 76, 75, 73, 73, 72, 71, 73, 72, 68, 68, 70, 72, 73, 72, 71, 71, 71, 72, 71, 69, 69, 69, 69, 68, 65, 69, 69, 69, 69, 71, 71, 69, 69, 68, 66, 67, 69, 69, 66, 65, 66, 67, 65, 65, 67, 67, 66, 67, 69, 67, 68, 69, 69, 70, 71, 72, 72, 72, 75, 75, 76, 80, 86, 88, 85, 84, 85, 90, 94, 93, 89, 89, 93, 90, 83, 75, 71, 68, 65, 61, 59, 58, 52, 50, 54, 54, 49, 48, 52, 44, 44, 44, 45, 49, 56, 61, 63, 68, 78, 94, 110, 120, 123, 123, 122, 120, 119, 120, 119, 113, 112, 113, 112, 107, 113, 114, 118, 124, 126, 125, 122, 125, 129, 123, 124, 127, 124, 125, 129, 128, 130, 131, 130, 132, 134, 133, 131, 132, 133, 131, 129, 131, 129, 131, 29]","[30, 30, 116, 118, 117, 118, 117, 114, 118, 119, 119, 117, 117, 116, 113, 109, 110, 111, 107, 102, 100, 97, 94, 94, 91, 88, 86, 87, 89, 90, 88, 85, 87, 86, 84, 84, 85, 85, 84, 83, 84, 84, 86, 88, 88, 85, 84, 86, 87, 87, 86, 85, 85, 83, 82, 81, 81, 81, 82, 83, 83, 83, 82, 78, 77, 78, 78, 76, 74, 73, 73, 73, 71, 71, 70, 71, 72, 73, 72, 70, 71, 72, 72, 71, 73, 73, 72, 73, 71, 70, 70, 71, 70, 68, 67, 68, 69, 68, 68, 69, 70, 69, 70, 72, 68, 68, 68, 67, 67, 68, 69, 69, 69, 70, 70, 69, 71, 74, 74, 71, 74, 74, 76, 80, 82, 84, 87, 92, 98, 97, 97, 98, 99, 97, 94, 93, 93, 86, 79, 74, 68, 63, 59, 58, 57, 51, 48, 50, 52, 51, 51, 53, 53, 51, 53, 58, 64, 70, 78, 86, 92, 101, 114, 123, 124, 121, 118, 115, 114, 115, 109, 106, 108, 113, 121, 124, 123, 130, 127, 126, 126, 123, 123, 124, 125, 125, 126, 129, 131, 132, 131, 130, 130, 130, 130, 129, 130, 129, 131, 28]","[30, 30, 117, 119, 119, 120, 120, 117, 117, 120, 121, 121, 121, 122, 121, 119, 121, 121, 119, 116, 116, 115, 113, 114, 115, 110, 105, 105, 107, 106, 101, 96, 96, 94, 92, 90, 89, 87, 84, 81, 84, 82, 85, 90, 89, 84, 83, 88, 91, 89, 88, 88, 87, 85, 83, 82, 85, 85, 86, 87, 86, 87, 86, 83, 82, 82, 80, 79, 78, 77, 77, 76, 78, 77, 76, 75, 74, 74, 73, 71, 74, 75, 74, 73, 73, 73, 72, 74, 73, 73, 73, 72, 72, 71, 71, 70, 70, 71, 71, 72, 72, 73, 73, 73, 73, 73, 72, 70, 70, 70, 72, 72, 71, 71, 72, 72, 72, 72, 71, 70, 71, 70, 70, 72, 73, 73, 73, 73, 77, 79, 82, 85, 88, 90, 92, 94, 103, 102, 99, 95, 92, 90, 87, 83, 79, 73, 68, 67, 67, 65, 61, 58, 56, 55, 53, 51, 49, 46, 45, 46, 49, 56, 65, 73, 81, 90, 99, 106, 112, 115, 114, 112, 107, 105, 108, 107, 116, 128, 131, 129, 128, 126, 124, 122, 122, 120, 121, 126, 129, 130, 129, 130, 130, 127, 128, 132, 132, 129, 128, 28]","[29, 28, 119, 119, 120, 120, 120, 117, 119, 121, 123, 124, 124, 125, 126, 126, 123, 125, 124, 123, 125, 124, 122, 122, 122, 120, 119, 120, 121, 120, 118, 115, 115, 114, 111, 109, 107, 103, 98, 94, 91, 89, 91, 95, 94, 90, 89, 92, 91, 89, 89, 91, 91, 89, 88, 89, 88, 88, 89, 90, 89, 89, 89, 87, 88, 88, 87, 86, 85, 84, 82, 80, 82, 82, 81, 80, 80, 80, 79, 79, 77, 77, 76, 75, 76, 75, 74, 74, 75, 76, 75, 73, 72, 74, 74, 73, 72, 73, 74, 74, 74, 75, 74, 73, 74, 75, 74, 73, 72, 73, 74, 75, 72, 72, 73, 74, 74, 73, 73, 73, 71, 72, 73, 74, 74, 73, 70, 67, 72, 72, 73, 73, 73, 75, 78, 80, 84, 88, 91, 94, 98, 102, 102, 101, 104, 103, 97, 89, 86, 85, 80, 73, 75, 73, 67, 60, 57, 59, 58, 55, 57, 58, 54, 49, 48, 46, 46, 50, 59, 69, 82, 93, 94, 93, 94, 89, 92, 109, 123, 130, 133, 132, 126, 122, 122, 119, 118, 119, 122, 123, 124, 125, 127, 126, 125, 122, 123, 129, 129, 27]","[28, 28, 122, 121, 122, 122, 120, 118, 120, 121, 121, 121, 121, 122, 122, 123, 122, 124, 124, 124, 126, 126, 123, 123, 121, 122, 124, 125, 125, 124, 124, 124, 124, 123, 122, 122, 121, 120, 117, 115, 117, 115, 113, 111, 108, 104, 100, 100, 96, 94, 93, 94, 93, 90, 88, 88, 89, 89, 91, 92, 92, 91, 90, 88, 87, 87, 87, 88, 89, 89, 87, 85, 86, 87, 86, 85, 85, 85, 86, 86, 83, 83, 81, 81, 83, 83, 81, 80, 81, 81, 79, 75, 74, 76, 77, 75, 76, 76, 75, 74, 75, 76, 76, 75, 75, 75, 75, 74, 74, 75, 76, 76, 74, 73, 73, 74, 74, 73, 74, 75, 75, 75, 75, 74, 74, 76, 76, 74, 72, 72, 73, 73, 73, 72, 72, 72, 69, 71, 74, 76, 78, 81, 85, 87, 91, 94, 95, 93, 95, 100, 102, 100, 96, 95, 93, 91, 89, 85, 78, 72, 67, 66, 62, 59, 61, 59, 56, 57, 52, 53, 53, 53, 48, 48, 53, 52, 54, 66, 83, 99, 113, 123, 127, 130, 131, 129, 126, 122, 120, 120, 118, 116, 114, 111, 113, 119, 123, 123, 121, 30]","[29, 29, 127, 125, 127, 125, 123, 122, 123, 122, 122, 121, 121, 121, 122, 122, 120, 122, 122, 121, 123, 123, 122, 122, 124, 124, 125, 126, 126, 125, 124, 123, 125, 124, 122, 122, 122, 122, 122, 122, 121, 122, 122, 121, 121, 122, 122, 120, 115, 113, 112, 111, 109, 106, 103, 102, 99, 95, 93, 92, 90, 90, 90, 90, 92, 92, 91, 91, 93, 94, 93, 91, 91, 91, 90, 89, 88, 89, 89, 89, 90, 90, 88, 88, 92, 92, 90, 89, 89, 89, 87, 82, 80, 81, 81, 80, 81, 79, 77, 76, 76, 77, 78, 78, 77, 78, 78, 77, 77, 78, 78, 77, 78, 77, 77, 77, 77, 78, 79, 80, 79, 79, 79, 76, 75, 75, 76, 76, 74, 74, 75, 76, 76, 75, 74, 74, 74, 75, 76, 76, 75, 73, 74, 77, 81, 82, 84, 86, 87, 88, 91, 96, 98, 96, 98, 104, 108, 107, 106, 108, 102, 98, 90, 84, 82, 79, 75, 73, 66, 66, 63, 63, 59, 56, 58, 56, 50, 47, 51, 55, 61, 66, 69, 73, 88, 96, 107, 114, 120, 123, 122, 119, 115, 109, 106, 112, 113, 109, 107, 31]","[30, 30, 130, 128, 131, 129, 128, 127, 124, 123, 124, 123, 123, 122, 122, 123, 125, 126, 125, 122, 122, 121, 119, 120, 121, 121, 122, 123, 124, 124, 124, 124, 125, 124, 123, 122, 121, 121, 121, 122, 126, 126, 126, 124, 123, 124, 123, 122, 123, 123, 123, 124, 123, 123, 121, 120, 116, 111, 107, 105, 102, 102, 103, 103, 103, 102, 100, 98, 97, 95, 92, 89, 94, 94, 93, 92, 93, 94, 95, 95, 95, 95, 93, 93, 96, 96, 95, 95, 95, 95, 93, 91, 89, 89, 88, 87, 87, 85, 83, 84, 84, 83, 82, 83, 81, 81, 80, 80, 80, 80, 79, 78, 80, 79, 79, 78, 79, 80, 82, 82, 81, 81, 82, 82, 81, 80, 80, 80, 81, 80, 79, 78, 78, 76, 75, 74, 75, 76, 77, 78, 77, 75, 74, 74, 79, 78, 79, 81, 80, 78, 79, 83, 81, 82, 86, 91, 95, 97, 100, 103, 104, 105, 110, 114, 115, 114, 110, 106, 105, 101, 90, 80, 72, 63, 60, 58, 58, 52, 54, 55, 56, 57, 53, 52, 55, 56, 57, 59, 64, 74, 86, 93, 103, 115, 118, 118, 116, 114, 108, 29]","[29, 29, 131, 129, 132, 131, 130, 130, 130, 130, 131, 130, 127, 125, 125, 125, 127, 129, 129, 127, 127, 125, 123, 123, 122, 123, 124, 124, 122, 121, 121, 122, 120, 121, 122, 122, 122, 122, 121, 121, 122, 123, 125, 125, 125, 125, 127, 128, 130, 131, 131, 130, 129, 129, 128, 126, 125, 121, 121, 123, 122, 120, 119, 117, 117, 117, 117, 116, 115, 112, 108, 105, 103, 102, 99, 97, 96, 96, 95, 94, 98, 98, 96, 95, 97, 97, 96, 97, 97, 97, 97, 96, 95, 95, 94, 94, 93, 91, 92, 95, 95, 91, 88, 87, 89, 88, 87, 86, 86, 87, 85, 84, 83, 83, 82, 80, 80, 81, 81, 81, 81, 80, 80, 81, 81, 80, 80, 81, 79, 80, 81, 82, 82, 81, 80, 79, 81, 81, 80, 78, 79, 80, 81, 82, 79, 79, 80, 80, 81, 81, 81, 81, 78, 83, 83, 77, 75, 80, 83, 82, 88, 88, 92, 96, 96, 100, 105, 105, 114, 119, 118, 120, 121, 114, 108, 106, 97, 87, 82, 74, 68, 67, 60, 58, 50, 53, 58, 60, 56, 49, 47, 48, 55, 59, 59, 68, 74, 74, 83, 29]","[29, 29, 133, 131, 130, 130, 131, 131, 132, 132, 131, 130, 129, 129, 130, 131, 130, 130, 130, 130, 130, 130, 129, 127, 124, 126, 126, 125, 124, 123, 123, 122, 123, 123, 123, 123, 122, 121, 120, 119, 120, 121, 122, 122, 122, 124, 125, 125, 127, 129, 131, 131, 130, 128, 128, 129, 129, 130, 131, 132, 131, 129, 128, 127, 125, 124, 124, 123, 123, 123, 123, 122, 121, 121, 118, 114, 111, 111, 109, 106, 109, 104, 100, 99, 100, 100, 100, 100, 97, 96, 96, 97, 97, 97, 96, 95, 97, 97, 97, 97, 97, 97, 97, 96, 95, 94, 95, 96, 94, 94, 95, 94, 89, 88, 87, 86, 84, 83, 82, 81, 82, 82, 83, 84, 83, 81, 81, 83, 82, 83, 84, 84, 84, 84, 84, 84, 82, 81, 80, 81, 82, 82, 82, 81, 80, 82, 83, 83, 84, 85, 84, 82, 82, 81, 80, 80, 80, 81, 81, 81, 82, 82, 85, 89, 88, 86, 87, 87, 91, 95, 101, 106, 110, 115, 118, 120, 121, 119, 115, 108, 104, 101, 96, 91, 81, 74, 68, 66, 65, 61, 56, 52, 51, 50, 51, 53, 46, 51, 51, 30]","[29, 29, 133, 131, 130, 131, 132, 132, 132, 132, 132, 131, 130, 130, 130, 131, 131, 132, 132, 131, 131, 131, 130, 129, 128, 129, 130, 128, 127, 127, 127, 127, 128, 127, 126, 125, 124, 124, 124, 125, 123, 124, 124, 123, 122, 123, 124, 124, 123, 123, 123, 123, 123, 124, 125, 125, 125, 126, 127, 128, 129, 129, 130, 130, 130, 130, 130, 129, 128, 128, 130, 131, 129, 129, 128, 126, 125, 124, 123, 122, 121, 119, 115, 112, 109, 106, 104, 103, 101, 100, 99, 98, 99, 99, 99, 99, 101, 100, 100, 100, 100, 99, 98, 98, 100, 98, 100, 101, 99, 98, 97, 96, 97, 97, 95, 93, 93, 93, 92, 90, 87, 88, 88, 86, 85, 84, 85, 85, 85, 86, 87, 87, 86, 87, 88, 88, 86, 86, 85, 85, 86, 87, 86, 85, 85, 86, 87, 87, 86, 86, 85, 83, 84, 83, 83, 82, 81, 82, 82, 83, 84, 82, 84, 86, 84, 82, 81, 80, 81, 81, 83, 83, 84, 86, 91, 94, 100, 102, 105, 107, 112, 117, 120, 121, 119, 113, 105, 99, 93, 87, 80, 74, 73, 64, 55, 57, 56, 53, 49, 28]","[29, 29, 133, 132, 131, 131, 132, 132, 131, 131, 132, 131, 131, 131, 131, 131, 132, 133, 133, 132, 132, 132, 132, 132, 131, 132, 132, 130, 129, 130, 130, 131, 133, 132, 131, 130, 129, 130, 130, 131, 128, 128, 127, 126, 125, 125, 126, 126, 128, 126, 124, 123, 123, 123, 123, 123, 123, 123, 122, 122, 123, 124, 125, 125, 126, 128, 130, 130, 130, 131, 133, 136, 136, 136, 137, 136, 134, 132, 131, 132, 128, 129, 130, 129, 126, 124, 123, 123, 121, 119, 117, 114, 113, 111, 109, 107, 100, 101, 102, 103, 104, 105, 105, 105, 101, 99, 101, 102, 101, 101, 102, 102, 99, 99, 97, 96, 97, 99, 98, 96, 95, 97, 96, 92, 91, 92, 92, 91, 91, 93, 93, 91, 89, 88, 89, 90, 89, 89, 88, 88, 89, 89, 88, 87, 91, 92, 92, 91, 90, 89, 87, 86, 86, 87, 87, 86, 84, 83, 85, 86, 88, 85, 85, 87, 86, 84, 83, 82, 83, 83, 84, 84, 82, 80, 81, 84, 83, 85, 87, 87, 89, 93, 96, 98, 102, 105, 108, 112, 116, 117, 114, 109, 111, 103, 93, 88, 80, 70, 67, 29]","[29, 29, 134, 133, 132, 132, 132, 131, 131, 131, 131, 131, 131, 132, 132, 132, 132, 132, 132, 131, 132, 133, 133, 132, 132, 132, 132, 131, 130, 131, 131, 132, 132, 131, 131, 131, 130, 130, 130, 130, 131, 131, 131, 129, 129, 130, 130, 130, 130, 129, 128, 127, 126, 126, 125, 124, 125, 124, 123, 122, 122, 121, 121, 121, 120, 123, 126, 127, 127, 128, 129, 130, 130, 131, 132, 135, 134, 133, 135, 137, 141, 142, 142, 140, 136, 132, 130, 130, 128, 129, 129, 128, 127, 125, 123, 122, 120, 119, 118, 117, 115, 113, 111, 109, 106, 104, 104, 103, 102, 102, 104, 104, 104, 101, 98, 99, 102, 103, 103, 103, 103, 103, 102, 99, 99, 100, 100, 100, 99, 100, 100, 97, 95, 94, 94, 94, 93, 92, 91, 91, 91, 91, 90, 89, 94, 94, 95, 94, 93, 92, 91, 90, 90, 91, 91, 90, 89, 88, 89, 91, 90, 87, 87, 89, 90, 90, 89, 87, 87, 87, 89, 90, 89, 85, 84, 85, 85, 87, 86, 84, 83, 83, 85, 85, 80, 83, 84, 86, 90, 96, 99, 98, 108, 104, 107, 109, 106, 106, 102, 28]","[29, 29, 135, 135, 134, 134, 133, 132, 133, 132, 132, 132, 132, 133, 134, 134, 133, 132, 131, 131, 132, 134, 133, 132, 132, 132, 132, 132, 131, 132, 132, 132, 131, 131, 131, 131, 131, 131, 130, 130, 131, 132, 132, 132, 132, 133, 132, 132, 131, 131, 131, 131, 130, 130, 131, 131, 130, 129, 129, 128, 128, 128, 127, 126, 124, 125, 126, 127, 127, 126, 125, 125, 126, 127, 128, 131, 131, 131, 133, 135, 133, 134, 136, 137, 136, 135, 136, 137, 142, 143, 144, 143, 140, 137, 136, 135, 130, 130, 129, 128, 127, 125, 123, 122, 117, 114, 114, 114, 112, 111, 112, 111, 109, 103, 100, 102, 104, 103, 102, 103, 103, 102, 101, 103, 103, 103, 103, 105, 103, 104, 104, 103, 102, 102, 101, 101, 101, 100, 98, 97, 97, 97, 96, 95, 96, 97, 97, 97, 95, 94, 93, 93, 94, 94, 94, 94, 93, 93, 93, 94, 94, 91, 91, 93, 93, 94, 94, 92, 91, 89, 88, 88, 88, 88, 89, 90, 89, 89, 89, 88, 87, 87, 87, 88, 87, 87, 85, 81, 79, 81, 82, 81, 84, 82, 89, 92, 93, 98, 102, 27]","[29, 29, 136, 136, 136, 136, 136, 135, 136, 135, 134, 134, 134, 135, 135, 135, 135, 134, 133, 132, 134, 135, 134, 132, 132, 133, 133, 132, 132, 132, 132, 132, 133, 133, 132, 131, 131, 132, 133, 133, 131, 132, 133, 133, 133, 134, 133, 132, 133, 133, 134, 133, 133, 133, 135, 137, 133, 133, 133, 133, 133, 133, 131, 130, 130, 129, 129, 129, 129, 130, 129, 128, 129, 129, 129, 129, 129, 129, 129, 130, 130, 130, 131, 131, 131, 130, 130, 131, 133, 135, 137, 138, 139, 140, 142, 144, 145, 144, 143, 142, 140, 139, 137, 135, 131, 130, 131, 131, 129, 127, 126, 124, 124, 119, 116, 116, 115, 112, 110, 111, 105, 102, 102, 105, 106, 105, 105, 107, 107, 107, 107, 107, 106, 106, 105, 104, 108, 107, 105, 104, 104, 104, 103, 102, 101, 101, 102, 101, 100, 98, 97, 98, 98, 98, 97, 97, 97, 97, 97, 96, 96, 94, 95, 96, 96, 97, 97, 96, 97, 95, 93, 91, 92, 93, 94, 94, 95, 94, 94, 93, 91, 90, 88, 88, 85, 87, 88, 86, 85, 85, 85, 84, 82, 82, 80, 78, 76, 70, 77, 30]","[30, 29, 136, 136, 136, 137, 138, 138, 138, 137, 136, 136, 136, 136, 136, 135, 135, 135, 135, 135, 135, 136, 136, 135, 134, 134, 133, 132, 132, 133, 133, 133, 132, 132, 131, 131, 131, 132, 132, 132, 133, 133, 134, 134, 134, 135, 134, 133, 133, 133, 134, 133, 133, 133, 133, 134, 135, 134, 133, 133, 134, 134, 133, 132, 132, 131, 131, 132, 133, 134, 134, 134, 130, 131, 130, 131, 132, 133, 133, 132, 130, 130, 130, 131, 130, 129, 129, 129, 132, 133, 133, 133, 133, 134, 134, 135, 138, 138, 139, 140, 141, 143, 143, 143, 143, 142, 143, 143, 141, 139, 138, 137, 135, 134, 133, 131, 129, 127, 123, 121, 118, 117, 116, 116, 116, 116, 115, 114, 114, 114, 114, 112, 110, 109, 109, 109, 111, 110, 109, 109, 110, 109, 108, 107, 107, 107, 108, 108, 107, 106, 106, 107, 104, 104, 104, 103, 103, 102, 102, 102, 97, 97, 98, 98, 97, 98, 98, 97, 96, 97, 97, 95, 94, 95, 95, 94, 94, 95, 96, 96, 96, 95, 95, 95, 95, 94, 92, 89, 87, 86, 87, 88, 86, 84, 81, 82, 84, 77, 74, 29]","[31, 29, 135, 135, 135, 137, 138, 138, 137, 137, 136, 136, 136, 136, 136, 135, 134, 135, 137, 136, 136, 137, 138, 138, 136, 136, 134, 133, 133, 134, 135, 135, 133, 134, 135, 136, 136, 135, 134, 134, 135, 135, 135, 135, 136, 136, 136, 135, 132, 133, 135, 136, 136, 135, 134, 133, 136, 134, 133, 134, 135, 136, 136, 135, 132, 133, 135, 136, 136, 136, 136, 136, 137, 137, 136, 135, 136, 137, 135, 132, 132, 133, 133, 134, 133, 131, 130, 131, 132, 132, 132, 133, 133, 133, 132, 131, 137, 137, 136, 136, 137, 137, 137, 137, 139, 139, 141, 145, 146, 149, 153, 154, 146, 149, 149, 146, 144, 143, 140, 135, 136, 136, 133, 130, 129, 129, 126, 123, 121, 122, 122, 119, 116, 115, 116, 116, 112, 112, 112, 113, 114, 113, 112, 110, 111, 111, 113, 114, 114, 113, 114, 116, 111, 111, 111, 110, 109, 108, 108, 108, 106, 106, 107, 105, 102, 102, 102, 100, 97, 100, 101, 97, 95, 97, 98, 98, 97, 97, 98, 99, 97, 96, 96, 98, 96, 95, 95, 95, 92, 89, 88, 88, 88, 88, 88, 84, 80, 81, 80, 29]","[30, 29, 138, 138, 135, 136, 136, 137, 138, 137, 137, 137, 138, 139, 138, 136, 136, 136, 135, 136, 137, 138, 138, 138, 139, 137, 136, 136, 136, 136, 136, 135, 135, 135, 135, 135, 135, 136, 136, 136, 136, 136, 137, 137, 137, 137, 137, 137, 135, 135, 136, 137, 137, 137, 136, 136, 137, 136, 135, 135, 135, 136, 136, 136, 135, 136, 137, 138, 138, 137, 137, 138, 138, 139, 139, 139, 139, 139, 138, 137, 136, 137, 138, 139, 139, 138, 137, 136, 135, 135, 136, 136, 136, 136, 135, 134, 138, 138, 138, 138, 138, 137, 137, 136, 138, 137, 136, 135, 136, 137, 139, 140, 138, 140, 142, 142, 145, 149, 151, 151, 153, 150, 148, 147, 146, 144, 141, 138, 133, 133, 133, 131, 130, 129, 128, 128, 128, 122, 125, 121, 119, 118, 112, 115, 114, 112, 114, 118, 118, 118, 117, 115, 114, 114, 114, 114, 113, 113, 114, 115, 113, 113, 114, 114, 112, 109, 108, 107, 105, 106, 106, 104, 102, 104, 105, 104, 100, 100, 100, 101, 101, 101, 101, 101, 98, 97, 97, 98, 97, 94, 93, 94, 93, 91, 89, 90, 88, 85, 80, 29]","[30, 29, 138, 138, 136, 137, 137, 138, 138, 138, 138, 138, 138, 138, 138, 137, 137, 137, 137, 137, 137, 138, 138, 138, 139, 138, 137, 136, 137, 138, 137, 137, 137, 137, 137, 137, 137, 136, 136, 136, 136, 136, 137, 137, 138, 138, 138, 137, 138, 138, 138, 138, 138, 137, 137, 137, 138, 138, 137, 138, 138, 138, 138, 137, 138, 138, 138, 138, 138, 137, 137, 137, 137, 138, 139, 138, 139, 139, 138, 138, 138, 138, 138, 138, 137, 137, 138, 139, 137, 137, 138, 138, 138, 138, 138, 138, 138, 138, 138, 138, 138, 138, 137, 137, 138, 137, 136, 136, 136, 137, 137, 138, 138, 139, 138, 135, 135, 136, 137, 136, 140, 142, 144, 146, 146, 146, 148, 149, 152, 152, 150, 147, 144, 141, 138, 136, 135, 132, 135, 131, 130, 132, 127, 129, 130, 125, 121, 119, 117, 116, 117, 117, 117, 115, 114, 116, 119, 120, 117, 114, 113, 114, 115, 116, 116, 116, 117, 117, 117, 117, 116, 115, 113, 111, 112, 113, 109, 106, 104, 104, 105, 106, 104, 103, 104, 102, 101, 101, 100, 98, 97, 98, 97, 97, 95, 94, 92, 91, 86, 30]","[30, 29, 138, 138, 137, 138, 137, 137, 138, 138, 138, 137, 137, 137, 138, 138, 138, 138, 138, 138, 138, 138, 138, 138, 138, 138, 137, 137, 138, 139, 139, 138, 138, 138, 138, 138, 138, 137, 137, 137, 136, 137, 137, 138, 138, 138, 138, 138, 139, 138, 138, 138, 138, 138, 138, 138, 138, 138, 139, 139, 140, 140, 139, 138, 138, 138, 138, 138, 138, 138, 138, 138, 138, 139, 139, 139, 139, 140, 140, 139, 139, 140, 140, 140, 139, 138, 139, 140, 138, 139, 139, 139, 140, 140, 141, 142, 140, 140, 140, 140, 140, 139, 138, 138, 139, 139, 139, 139, 139, 139, 139, 139, 139, 139, 138, 136, 136, 138, 138, 138, 139, 138, 139, 140, 141, 140, 140, 139, 139, 141, 142, 145, 146, 146, 146, 146, 152, 150, 152, 146, 143, 145, 140, 139, 140, 136, 134, 133, 130, 129, 130, 131, 128, 123, 119, 118, 121, 122, 120, 118, 114, 114, 115, 116, 117, 119, 121, 123, 119, 118, 118, 120, 119, 117, 118, 121, 120, 117, 115, 114, 114, 114, 112, 110, 109, 107, 106, 105, 105, 104, 103, 103, 101, 98, 97, 98, 96, 94, 90, 30]","[29, 28, 138, 138, 137, 138, 137, 137, 137, 138, 138, 137, 137, 138, 139, 139, 137, 138, 138, 138, 138, 137, 138, 138, 138, 137, 137, 137, 138, 138, 138, 138, 138, 139, 139, 139, 138, 138, 138, 137, 137, 137, 137, 138, 138, 138, 139, 139, 138, 138, 138, 138, 138, 139, 139, 139, 138, 138, 139, 140, 140, 140, 140, 140, 139, 138, 138, 138, 138, 138, 138, 138, 139, 139, 139, 139, 139, 140, 140, 140, 139, 140, 142, 142, 142, 141, 139, 139, 138, 139, 139, 139, 140, 141, 142, 143, 141, 142, 141, 141, 140, 140, 139, 138, 139, 140, 141, 142, 143, 143, 142, 142, 142, 142, 142, 140, 140, 140, 140, 139, 140, 139, 138, 138, 139, 139, 137, 135, 139, 139, 140, 141, 142, 142, 142, 141, 142, 142, 146, 145, 147, 151, 149, 151, 151, 149, 150, 151, 148, 146, 145, 144, 141, 139, 135, 133, 132, 132, 132, 132, 131, 130, 128, 125, 123, 123, 124, 124, 121, 119, 119, 120, 121, 121, 122, 123, 121, 123, 124, 125, 124, 124, 124, 123, 121, 119, 117, 116, 115, 113, 111, 109, 109, 103, 101, 104, 102, 97, 92, 29]","[29, 28, 138, 138, 137, 138, 137, 137, 138, 138, 138, 138, 139, 140, 140, 139, 137, 138, 138, 138, 137, 137, 137, 137, 138, 138, 137, 137, 137, 138, 138, 138, 138, 138, 138, 138, 138, 138, 138, 138, 138, 138, 138, 138, 138, 138, 139, 139, 138, 138, 138, 139, 139, 140, 140, 141, 140, 140, 140, 140, 141, 141, 141, 141, 143, 142, 140, 139, 139, 138, 137, 137, 139, 139, 139, 138, 138, 139, 139, 139, 139, 139, 140, 142, 143, 143, 140, 138, 139, 140, 140, 140, 140, 141, 142, 142, 142, 142, 142, 141, 140, 139, 138, 137, 139, 140, 142, 143, 144, 144, 143, 143, 142, 143, 143, 143, 142, 141, 140, 139, 139, 140, 141, 142, 140, 139, 140, 142, 140, 140, 140, 141, 142, 143, 143, 143, 142, 141, 142, 143, 143, 144, 143, 144, 145, 144, 146, 149, 149, 150, 153, 154, 154, 154, 154, 152, 149, 146, 143, 142, 141, 141, 139, 136, 134, 134, 134, 134, 130, 129, 128, 127, 128, 131, 132, 131, 127, 129, 130, 130, 128, 128, 127, 126, 125, 124, 123, 123, 122, 121, 119, 117, 119, 114, 112, 112, 109, 105, 101, 28]","[29, 29, 139, 139, 138, 139, 138, 138, 138, 138, 138, 139, 139, 140, 140, 139, 138, 138, 138, 138, 137, 137, 138, 138, 139, 139, 138, 138, 138, 138, 138, 138, 137, 137, 138, 138, 139, 139, 138, 138, 138, 138, 138, 138, 138, 139, 139, 139, 138, 138, 138, 139, 139, 140, 140, 140, 141, 141, 141, 140, 140, 140, 141, 142, 144, 143, 142, 141, 140, 140, 139, 139, 140, 140, 140, 140, 139, 140, 140, 139, 139, 138, 138, 140, 142, 143, 142, 140, 141, 142, 143, 143, 142, 142, 142, 143, 144, 143, 143, 143, 142, 140, 139, 138, 140, 141, 142, 143, 144, 143, 143, 142, 142, 143, 144, 145, 146, 145, 145, 144, 143, 143, 144, 144, 143, 142, 142, 143, 145, 144, 143, 142, 142, 142, 142, 142, 144, 143, 143, 146, 146, 145, 145, 147, 145, 144, 144, 145, 143, 142, 143, 143, 146, 146, 148, 150, 153, 155, 155, 155, 156, 157, 156, 153, 150, 149, 148, 147, 141, 141, 139, 136, 136, 138, 138, 136, 140, 138, 135, 133, 132, 132, 130, 127, 127, 127, 127, 126, 126, 126, 124, 122, 121, 121, 121, 116, 113, 113, 111, 28]","[29, 29, 140, 140, 139, 139, 139, 139, 139, 139, 140, 139, 138, 139, 139, 139, 140, 139, 138, 138, 138, 139, 139, 139, 139, 139, 139, 139, 138, 138, 138, 138, 138, 138, 139, 139, 139, 139, 139, 139, 138, 138, 138, 138, 139, 139, 140, 140, 139, 138, 138, 138, 138, 139, 139, 140, 140, 140, 140, 140, 140, 140, 141, 142, 142, 142, 142, 142, 142, 142, 142, 142, 141, 142, 142, 142, 142, 142, 142, 142, 139, 138, 138, 140, 142, 143, 143, 142, 143, 144, 144, 144, 143, 142, 143, 143, 145, 145, 145, 144, 144, 142, 141, 141, 142, 142, 143, 144, 144, 144, 143, 143, 144, 144, 144, 145, 145, 144, 144, 144, 147, 145, 145, 146, 148, 147, 147, 146, 146, 146, 147, 147, 146, 146, 147, 147, 146, 146, 145, 146, 146, 145, 146, 146, 145, 144, 146, 148, 147, 146, 146, 146, 148, 146, 144, 144, 144, 146, 147, 148, 145, 148, 151, 152, 155, 158, 159, 159, 160, 160, 158, 155, 152, 151, 150, 150, 149, 148, 146, 143, 143, 145, 144, 142, 142, 142, 140, 137, 135, 133, 130, 128, 126, 124, 125, 121, 118, 116, 115, 29]","[29, 29, 140, 140, 138, 139, 139, 139, 140, 141, 141, 140, 138, 138, 139, 140, 141, 140, 139, 139, 139, 140, 141, 141, 139, 139, 139, 139, 138, 138, 138, 139, 139, 139, 140, 140, 140, 140, 139, 139, 138, 138, 138, 138, 139, 140, 141, 142, 140, 139, 138, 138, 138, 139, 140, 141, 139, 139, 140, 140, 140, 141, 142, 143, 143, 143, 143, 143, 142, 142, 141, 142, 142, 142, 143, 143, 143, 143, 143, 143, 140, 140, 140, 142, 143, 143, 143, 142, 143, 144, 144, 144, 142, 142, 142, 143, 145, 145, 145, 145, 144, 143, 142, 142, 143, 143, 144, 144, 145, 144, 144, 144, 144, 143, 143, 144, 144, 144, 145, 147, 144, 145, 147, 147, 145, 144, 145, 147, 145, 146, 147, 147, 146, 144, 144, 143, 144, 147, 146, 146, 146, 148, 149, 147, 148, 145, 146, 146, 145, 145, 147, 148, 145, 146, 146, 145, 144, 144, 146, 148, 146, 149, 151, 150, 151, 152, 152, 150, 152, 153, 155, 157, 156, 154, 157, 160, 161, 163, 162, 158, 155, 154, 154, 153, 149, 149, 148, 145, 142, 141, 140, 138, 138, 130, 130, 129, 123, 115, 112, 29]","[30, 29, 139, 139, 139, 140, 141, 141, 142, 142, 143, 143, 140, 137, 138, 141, 142, 142, 141, 141, 142, 143, 142, 141, 140, 139, 139, 140, 140, 140, 141, 142, 142, 142, 142, 142, 142, 141, 140, 140, 139, 139, 139, 140, 141, 141, 141, 140, 139, 140, 141, 141, 140, 140, 141, 142, 140, 140, 139, 139, 139, 140, 142, 144, 144, 144, 145, 144, 143, 143, 143, 143, 144, 144, 143, 143, 144, 144, 145, 145, 144, 144, 144, 144, 144, 144, 143, 143, 142, 144, 145, 145, 143, 142, 143, 144, 146, 146, 146, 145, 145, 145, 144, 143, 143, 144, 144, 145, 145, 145, 145, 145, 145, 144, 145, 145, 144, 144, 144, 145, 146, 146, 146, 146, 146, 146, 146, 146, 146, 147, 147, 146, 145, 145, 145, 146, 146, 146, 146, 147, 148, 149, 149, 149, 147, 148, 149, 150, 150, 150, 150, 150, 150, 149, 148, 147, 147, 147, 147, 147, 151, 150, 150, 149, 150, 151, 152, 153, 151, 152, 152, 152, 153, 154, 154, 155, 152, 154, 156, 159, 161, 161, 160, 160, 163, 162, 161, 158, 155, 153, 151, 151, 147, 144, 142, 138, 142, 135, 131, 28]","[30, 29, 139, 140, 139, 141, 142, 142, 143, 143, 143, 143, 141, 139, 139, 142, 142, 143, 142, 143, 143, 144, 143, 142, 142, 141, 141, 142, 142, 142, 143, 144, 143, 143, 142, 142, 142, 141, 141, 141, 140, 140, 140, 141, 141, 142, 142, 142, 144, 144, 145, 145, 144, 143, 143, 143, 141, 141, 141, 140, 139, 140, 142, 143, 143, 144, 144, 144, 144, 143, 143, 143, 144, 144, 144, 144, 145, 145, 145, 144, 144, 144, 144, 144, 144, 144, 143, 143, 145, 145, 146, 146, 145, 144, 144, 144, 146, 146, 146, 146, 145, 144, 144, 144, 144, 144, 145, 145, 146, 146, 146, 146, 146, 146, 146, 146, 146, 145, 145, 146, 145, 146, 146, 146, 146, 146, 147, 147, 148, 148, 148, 147, 146, 146, 147, 148, 147, 147, 147, 147, 148, 148, 149, 149, 150, 151, 152, 152, 152, 152, 152, 152, 154, 153, 152, 151, 151, 152, 152, 152, 153, 152, 152, 151, 151, 152, 153, 154, 153, 153, 153, 154, 154, 154, 154, 154, 152, 153, 154, 156, 156, 156, 156, 155, 156, 157, 158, 160, 161, 163, 165, 166, 166, 165, 162, 159, 160, 158, 154, 30]","[29, 29, 140, 141, 140, 141, 142, 143, 144, 143, 143, 143, 142, 141, 141, 142, 142, 143, 144, 144, 144, 144, 144, 143, 143, 142, 142, 143, 144, 144, 144, 145, 145, 144, 143, 142, 142, 142, 142, 143, 142, 142, 142, 142, 143, 144, 144, 144, 146, 146, 147, 146, 145, 144, 143, 143, 143, 143, 143, 142, 140, 140, 142, 143, 144, 144, 145, 145, 145, 144, 144, 144, 144, 144, 144, 145, 145, 145, 145, 144, 145, 145, 145, 145, 145, 145, 144, 144, 146, 146, 146, 146, 146, 146, 145, 145, 145, 146, 146, 146, 145, 144, 144, 145, 145, 145, 145, 145, 145, 145, 146, 146, 146, 146, 146, 146, 145, 145, 145, 145, 145, 146, 147, 147, 147, 147, 147, 148, 148, 148, 148, 147, 147, 147, 147, 147, 148, 148, 148, 147, 147, 147, 148, 148, 149, 149, 150, 151, 151, 151, 151, 151, 152, 152, 151, 151, 151, 151, 152, 152, 154, 153, 153, 152, 152, 153, 154, 154, 154, 154, 154, 155, 154, 154, 154, 153, 154, 154, 154, 154, 154, 153, 153, 153, 153, 154, 155, 156, 156, 157, 158, 159, 162, 161, 160, 163, 163, 165, 167, 29]","[29, 30, 141, 142, 140, 141, 142, 144, 145, 144, 143, 143, 143, 143, 142, 142, 142, 143, 145, 145, 145, 145, 144, 143, 143, 143, 143, 144, 144, 144, 144, 145, 146, 146, 145, 144, 144, 144, 144, 144, 143, 143, 143, 143, 144, 145, 145, 146, 145, 145, 146, 146, 145, 145, 144, 144, 144, 144, 144, 143, 142, 142, 143, 144, 144, 145, 145, 146, 146, 145, 145, 145, 144, 144, 144, 144, 145, 145, 145, 145, 146, 146, 146, 146, 146, 145, 145, 146, 145, 146, 146, 146, 146, 146, 146, 146, 145, 146, 147, 146, 145, 145, 145, 146, 146, 146, 145, 145, 145, 145, 146, 146, 145, 145, 146, 146, 146, 145, 145, 146, 147, 147, 147, 148, 148, 148, 148, 148, 148, 148, 149, 148, 147, 147, 147, 147, 149, 149, 149, 148, 148, 148, 149, 150, 151, 151, 152, 152, 153, 153, 153, 153, 153, 153, 152, 152, 152, 152, 152, 152, 153, 153, 153, 153, 153, 154, 155, 155, 155, 155, 155, 155, 155, 155, 155, 155, 156, 156, 156, 156, 155, 155, 155, 155, 155, 155, 155, 155, 154, 154, 154, 154, 157, 153, 154, 158, 156, 155, 159, 27]","[29, 30, 142, 142, 140, 141, 142, 144, 145, 144, 143, 143, 144, 143, 143, 142, 142, 144, 145, 146, 145, 145, 144, 144, 145, 144, 144, 145, 146, 146, 145, 146, 147, 146, 146, 146, 146, 145, 145, 145, 144, 144, 144, 144, 144, 145, 146, 146, 146, 146, 146, 146, 146, 146, 146, 146, 145, 145, 146, 145, 144, 143, 144, 145, 145, 145, 145, 145, 145, 145, 146, 146, 144, 144, 144, 144, 144, 145, 146, 146, 146, 147, 147, 146, 146, 146, 146, 146, 146, 146, 147, 147, 146, 145, 146, 146, 145, 146, 147, 147, 146, 146, 146, 147, 148, 148, 147, 146, 146, 146, 146, 147, 146, 146, 147, 147, 147, 146, 147, 148, 149, 148, 148, 148, 149, 150, 149, 148, 148, 149, 151, 150, 149, 147, 147, 148, 150, 151, 151, 150, 149, 149, 151, 152, 152, 152, 153, 153, 154, 154, 154, 153, 154, 154, 153, 153, 153, 153, 153, 153, 154, 154, 154, 154, 155, 155, 156, 156, 156, 155, 155, 155, 156, 157, 158, 159, 158, 158, 158, 158, 158, 158, 158, 158, 157, 157, 157, 158, 158, 158, 158, 158, 158, 155, 157, 157, 156, 155, 155, 30]","[29, 30, 142, 143, 140, 141, 143, 144, 145, 145, 144, 144, 144, 144, 143, 143, 142, 144, 145, 146, 145, 145, 145, 144, 145, 144, 144, 145, 146, 146, 146, 146, 146, 146, 147, 147, 147, 146, 146, 146, 144, 144, 145, 145, 145, 145, 146, 147, 146, 147, 147, 147, 147, 147, 147, 147, 146, 146, 146, 146, 145, 145, 145, 146, 146, 146, 145, 145, 146, 146, 146, 146, 145, 145, 145, 145, 144, 144, 146, 147, 147, 147, 148, 147, 146, 146, 146, 147, 148, 149, 149, 148, 147, 146, 146, 147, 146, 147, 147, 147, 147, 147, 148, 148, 147, 147, 146, 146, 146, 146, 146, 146, 145, 146, 146, 147, 147, 146, 147, 147, 149, 148, 147, 147, 148, 149, 148, 147, 148, 150, 151, 151, 150, 148, 148, 148, 150, 151, 151, 151, 150, 150, 151, 152, 152, 152, 152, 152, 153, 153, 153, 152, 152, 152, 152, 152, 152, 152, 153, 153, 155, 155, 155, 155, 155, 155, 155, 155, 155, 155, 154, 154, 155, 157, 158, 159, 159, 159, 159, 159, 159, 158, 158, 158, 158, 158, 158, 158, 158, 158, 157, 157, 156, 156, 157, 156, 159, 161, 157, 30]","[29, 30, 143, 144, 143, 143, 144, 144, 145, 145, 145, 144, 143, 143, 144, 143, 143, 145, 146, 146, 146, 146, 145, 145, 145, 144, 144, 145, 146, 146, 146, 145, 145, 145, 146, 146, 146, 146, 146, 146, 144, 145, 145, 145, 145, 145, 146, 146, 146, 147, 147, 147, 146, 146, 146, 147, 148, 147, 146, 146, 146, 146, 146, 146, 147, 147, 146, 146, 147, 147, 146, 146, 146, 147, 147, 146, 145, 144, 145, 147, 148, 149, 149, 149, 148, 148, 148, 149, 150, 150, 149, 149, 148, 147, 146, 146, 147, 147, 147, 147, 148, 148, 149, 149, 148, 148, 147, 147, 147, 147, 147, 147, 147, 147, 147, 148, 148, 147, 147, 148, 148, 148, 148, 148, 148, 148, 148, 149, 150, 150, 150, 150, 151, 150, 150, 150, 150, 151, 151, 152, 151, 151, 151, 152, 154, 154, 154, 154, 155, 155, 155, 154, 154, 154, 154, 154, 154, 154, 154, 155, 155, 155, 155, 155, 155, 155, 155, 155, 156, 155, 155, 155, 155, 157, 158, 159, 160, 160, 159, 159, 159, 159, 159, 158, 158, 158, 158, 159, 159, 160, 159, 159, 158, 160, 158, 159, 161, 161, 160, 27]","[28, 30, 143, 145, 144, 145, 145, 145, 145, 146, 146, 145, 143, 143, 144, 144, 144, 145, 146, 146, 146, 146, 146, 145, 145, 144, 144, 145, 147, 147, 146, 145, 144, 145, 145, 145, 146, 146, 145, 145, 144, 145, 146, 146, 146, 146, 146, 146, 145, 147, 148, 148, 147, 146, 146, 146, 149, 148, 147, 146, 146, 147, 146, 146, 146, 146, 146, 146, 147, 146, 146, 145, 147, 148, 149, 148, 145, 144, 145, 147, 150, 151, 151, 151, 150, 149, 150, 151, 151, 150, 149, 148, 148, 148, 147, 146, 147, 147, 147, 148, 148, 149, 149, 150, 151, 151, 151, 151, 151, 152, 152, 152, 150, 150, 151, 151, 151, 150, 149, 150, 149, 150, 151, 151, 150, 150, 151, 152, 152, 151, 150, 150, 152, 153, 153, 152, 151, 152, 153, 153, 153, 152, 152, 152, 155, 154, 154, 154, 155, 155, 155, 154, 155, 155, 155, 155, 155, 155, 155, 154, 155, 155, 156, 156, 156, 156, 156, 156, 158, 157, 157, 157, 157, 158, 159, 160, 161, 161, 161, 160, 160, 160, 160, 160, 161, 160, 160, 161, 161, 161, 160, 159, 160, 161, 158, 165, 162, 158, 165, 29]","[28, 29, 145, 144, 144, 144, 145, 147, 146, 146, 146, 145, 145, 145, 145, 145, 145, 145, 145, 146, 147, 147, 147, 147, 146, 146, 145, 146, 147, 147, 147, 147, 146, 146, 145, 144, 145, 146, 146, 145, 145, 145, 146, 147, 147, 147, 146, 145, 147, 147, 146, 146, 146, 147, 147, 148, 148, 147, 146, 146, 146, 146, 146, 146, 146, 146, 145, 146, 146, 146, 146, 146, 148, 150, 150, 148, 146, 146, 146, 146, 148, 149, 150, 151, 151, 151, 151, 151, 151, 151, 150, 149, 149, 148, 147, 147, 147, 149, 148, 147, 148, 151, 152, 151, 152, 152, 153, 153, 152, 152, 152, 152, 152, 152, 152, 153, 152, 151, 151, 151, 152, 152, 152, 152, 151, 150, 150, 151, 152, 152, 152, 152, 152, 152, 152, 153, 151, 152, 152, 151, 150, 149, 151, 153, 153, 153, 154, 154, 154, 154, 154, 154, 154, 154, 155, 155, 154, 153, 154, 154, 154, 155, 156, 156, 155, 155, 155, 156, 158, 158, 158, 158, 157, 157, 158, 159, 160, 159, 159, 160, 161, 161, 160, 158, 160, 161, 161, 161, 160, 160, 160, 160, 161, 161, 159, 161, 161, 160, 161, 28]","[29, 29, 145, 144, 145, 145, 145, 147, 147, 147, 146, 146, 146, 146, 146, 146, 146, 146, 146, 146, 146, 147, 146, 146, 146, 146, 146, 146, 147, 147, 147, 146, 146, 146, 146, 145, 146, 148, 148, 147, 145, 146, 147, 148, 149, 149, 148, 147, 146, 146, 146, 146, 147, 148, 147, 147, 147, 147, 147, 147, 147, 146, 147, 148, 146, 146, 147, 147, 148, 147, 147, 146, 148, 150, 151, 150, 148, 148, 148, 148, 149, 150, 152, 152, 152, 152, 152, 153, 152, 152, 152, 151, 150, 149, 149, 149, 150, 151, 151, 150, 151, 153, 154, 153, 153, 154, 154, 154, 154, 153, 154, 154, 154, 153, 154, 154, 154, 153, 153, 154, 153, 153, 153, 154, 154, 153, 153, 154, 154, 154, 154, 153, 153, 153, 153, 154, 153, 154, 154, 153, 152, 152, 153, 154, 154, 154, 154, 154, 154, 155, 155, 155, 154, 155, 155, 155, 154, 154, 155, 155, 154, 155, 156, 156, 155, 155, 156, 157, 160, 160, 160, 159, 159, 159, 160, 160, 161, 160, 160, 161, 162, 163, 162, 161, 162, 162, 162, 162, 161, 161, 161, 161, 162, 162, 160, 162, 162, 161, 162, 29]","[29, 29, 146, 144, 145, 145, 145, 147, 147, 148, 148, 147, 146, 146, 146, 146, 147, 147, 146, 146, 147, 147, 146, 146, 147, 147, 147, 147, 147, 147, 147, 147, 146, 146, 146, 147, 147, 148, 149, 148, 146, 147, 148, 150, 151, 152, 150, 149, 146, 146, 146, 147, 148, 148, 147, 146, 146, 146, 146, 146, 146, 146, 147, 149, 147, 147, 148, 149, 149, 149, 148, 148, 148, 150, 151, 151, 150, 149, 150, 150, 151, 151, 152, 152, 152, 152, 152, 153, 153, 153, 153, 152, 152, 151, 151, 151, 151, 153, 153, 152, 152, 153, 154, 154, 154, 154, 154, 154, 154, 154, 154, 154, 154, 154, 154, 154, 154, 154, 154, 155, 154, 154, 154, 155, 155, 155, 155, 155, 155, 155, 154, 154, 153, 153, 154, 155, 154, 154, 154, 153, 153, 153, 154, 155, 154, 154, 154, 154, 154, 155, 156, 156, 154, 154, 154, 154, 154, 154, 155, 155, 157, 158, 158, 158, 157, 158, 159, 160, 160, 160, 160, 160, 159, 159, 160, 160, 161, 161, 160, 161, 162, 163, 163, 163, 162, 162, 162, 161, 161, 161, 161, 162, 161, 162, 160, 162, 162, 162, 162, 29]","[29, 29, 145, 144, 145, 145, 146, 147, 148, 148, 148, 147, 146, 146, 146, 146, 146, 146, 147, 148, 148, 148, 148, 147, 147, 147, 148, 148, 148, 148, 148, 148, 147, 148, 148, 148, 149, 149, 149, 148, 147, 147, 148, 150, 151, 152, 151, 150, 148, 148, 148, 148, 148, 148, 147, 146, 146, 146, 147, 147, 146, 146, 147, 149, 148, 149, 149, 150, 151, 151, 150, 150, 148, 150, 151, 151, 151, 150, 150, 150, 152, 152, 152, 152, 152, 152, 152, 152, 153, 153, 153, 153, 153, 152, 152, 152, 152, 153, 154, 153, 152, 153, 153, 154, 154, 154, 154, 154, 154, 154, 154, 155, 154, 154, 154, 154, 154, 154, 155, 156, 156, 155, 155, 156, 156, 156, 155, 154, 155, 155, 155, 154, 154, 154, 155, 156, 155, 155, 154, 154, 154, 154, 154, 155, 154, 154, 154, 154, 155, 156, 157, 158, 156, 155, 155, 154, 154, 155, 155, 156, 157, 157, 158, 157, 157, 157, 157, 158, 160, 160, 160, 159, 159, 159, 159, 159, 161, 160, 160, 161, 162, 163, 163, 163, 163, 163, 162, 161, 161, 161, 162, 162, 161, 162, 161, 162, 162, 162, 163, 29]","[29, 29, 145, 144, 145, 146, 146, 147, 148, 148, 148, 148, 147, 147, 147, 147, 145, 146, 147, 149, 150, 150, 149, 148, 148, 148, 149, 150, 150, 150, 150, 150, 150, 151, 151, 151, 150, 151, 150, 149, 148, 148, 148, 148, 150, 151, 150, 150, 149, 150, 150, 149, 148, 148, 148, 149, 149, 149, 149, 149, 148, 148, 149, 151, 151, 150, 150, 151, 151, 151, 151, 150, 149, 150, 151, 152, 151, 151, 151, 151, 152, 152, 152, 152, 152, 153, 153, 153, 154, 154, 154, 153, 153, 153, 153, 153, 153, 154, 154, 153, 152, 153, 154, 155, 155, 155, 156, 156, 155, 155, 156, 156, 155, 155, 155, 156, 155, 155, 156, 157, 158, 156, 156, 157, 157, 157, 156, 155, 155, 155, 155, 155, 155, 156, 157, 158, 157, 156, 156, 156, 156, 156, 156, 157, 155, 155, 155, 155, 156, 157, 158, 159, 158, 158, 157, 156, 156, 156, 157, 157, 157, 158, 158, 158, 158, 158, 158, 158, 161, 161, 160, 160, 159, 159, 159, 160, 161, 161, 161, 161, 162, 163, 163, 162, 164, 163, 162, 161, 161, 162, 163, 163, 163, 164, 162, 163, 163, 163, 163, 29]","[29, 29, 145, 144, 145, 146, 146, 147, 148, 148, 148, 148, 149, 149, 149, 149, 146, 147, 148, 149, 150, 150, 149, 148, 148, 149, 151, 151, 152, 151, 151, 151, 150, 151, 152, 151, 151, 151, 151, 151, 150, 150, 149, 149, 150, 151, 151, 151, 150, 151, 151, 150, 149, 149, 150, 152, 151, 151, 150, 150, 150, 150, 151, 153, 153, 152, 152, 152, 152, 151, 151, 150, 150, 151, 151, 152, 152, 151, 151, 152, 152, 152, 151, 151, 152, 153, 154, 154, 154, 154, 154, 154, 154, 154, 154, 154, 154, 154, 154, 153, 153, 153, 154, 155, 155, 156, 156, 156, 156, 156, 157, 157, 156, 156, 157, 157, 157, 156, 157, 158, 157, 156, 156, 157, 158, 157, 156, 156, 155, 156, 156, 156, 156, 157, 158, 158, 158, 158, 157, 157, 158, 158, 158, 158, 157, 157, 157, 158, 158, 159, 159, 159, 159, 159, 158, 158, 157, 157, 158, 158, 159, 159, 160, 160, 160, 161, 161, 161, 161, 161, 161, 161, 160, 160, 160, 161, 160, 161, 161, 161, 162, 162, 162, 162, 163, 162, 161, 161, 161, 162, 163, 164, 164, 165, 163, 163, 163, 164, 164, 29]","[30, 29, 145, 144, 145, 146, 146, 147, 148, 147, 147, 148, 149, 149, 149, 148, 146, 147, 148, 149, 149, 149, 149, 148, 149, 150, 151, 152, 152, 152, 151, 151, 150, 151, 152, 151, 151, 151, 152, 152, 151, 151, 151, 151, 151, 151, 152, 152, 151, 151, 151, 150, 149, 150, 151, 152, 151, 150, 150, 150, 150, 150, 152, 153, 153, 153, 153, 153, 153, 152, 151, 151, 152, 151, 151, 152, 152, 151, 152, 153, 153, 153, 152, 152, 152, 153, 154, 154, 155, 155, 154, 154, 154, 154, 154, 154, 154, 154, 154, 154, 154, 154, 154, 155, 155, 156, 156, 156, 156, 156, 157, 157, 157, 157, 158, 158, 158, 157, 157, 158, 156, 156, 156, 157, 158, 158, 157, 157, 156, 156, 157, 157, 157, 157, 158, 158, 159, 159, 158, 158, 158, 158, 159, 159, 159, 159, 159, 159, 159, 159, 159, 159, 159, 159, 159, 159, 158, 158, 158, 159, 158, 158, 158, 159, 159, 160, 161, 161, 162, 162, 162, 161, 160, 160, 161, 161, 161, 161, 161, 162, 162, 163, 164, 164, 164, 163, 162, 163, 163, 165, 165, 166, 165, 167, 165, 165, 164, 164, 165, 29]","[30, 29, 145, 144, 145, 146, 146, 147, 148, 147, 147, 147, 148, 148, 147, 146, 146, 146, 147, 147, 148, 149, 149, 148, 149, 150, 152, 153, 152, 152, 151, 151, 151, 152, 152, 152, 151, 152, 152, 152, 151, 151, 152, 152, 151, 151, 151, 152, 152, 151, 151, 150, 150, 150, 150, 151, 151, 150, 150, 150, 151, 151, 152, 153, 152, 152, 153, 153, 154, 153, 152, 152, 153, 152, 153, 154, 154, 153, 154, 155, 156, 155, 153, 153, 153, 154, 154, 154, 154, 154, 154, 154, 154, 154, 154, 153, 154, 154, 154, 155, 155, 155, 155, 155, 155, 156, 156, 156, 156, 156, 157, 157, 158, 158, 159, 159, 159, 158, 158, 158, 157, 157, 157, 158, 159, 159, 158, 158, 158, 158, 159, 159, 159, 158, 158, 158, 159, 159, 159, 159, 159, 159, 160, 160, 159, 159, 159, 160, 159, 159, 159, 158, 159, 160, 161, 160, 159, 159, 160, 161, 161, 160, 160, 160, 160, 161, 162, 162, 162, 162, 162, 162, 161, 161, 162, 162, 162, 162, 163, 163, 164, 165, 166, 167, 166, 165, 165, 165, 166, 168, 168, 168, 167, 169, 167, 166, 166, 166, 166, 30]","[30, 28, 145, 145, 145, 145, 146, 146, 149, 148, 148, 148, 147, 146, 146, 146, 146, 147, 148, 148, 148, 147, 148, 148, 150, 150, 151, 151, 151, 151, 151, 151, 151, 152, 153, 152, 151, 152, 153, 153, 153, 153, 152, 152, 152, 152, 152, 152, 152, 152, 151, 151, 150, 151, 151, 152, 153, 153, 152, 151, 149, 150, 151, 153, 152, 152, 152, 152, 153, 154, 154, 154, 154, 154, 154, 154, 154, 154, 154, 154, 154, 154, 154, 154, 154, 154, 154, 154, 155, 154, 154, 153, 153, 154, 154, 154, 154, 153, 154, 156, 156, 155, 155, 156, 156, 156, 155, 155, 155, 155, 155, 155, 158, 159, 159, 159, 159, 159, 159, 158, 157, 157, 158, 159, 160, 160, 159, 159, 159, 162, 159, 161, 161, 156, 157, 162, 160, 159, 160, 161, 160, 160, 160, 160, 160, 160, 159, 159, 159, 159, 160, 161, 162, 162, 162, 161, 160, 160, 161, 162, 162, 161, 161, 162, 162, 162, 163, 163, 163, 163, 163, 163, 163, 163, 163, 163, 164, 163, 162, 163, 165, 167, 169, 169, 168, 168, 168, 168, 169, 169, 168, 167, 168, 168, 168, 168, 168, 167, 171, 29]","[30, 27, 144, 144, 144, 145, 145, 145, 148, 148, 147, 148, 148, 147, 146, 146, 146, 147, 147, 147, 147, 147, 147, 148, 149, 149, 150, 150, 150, 150, 150, 150, 151, 152, 153, 152, 152, 152, 153, 153, 154, 154, 153, 153, 153, 153, 153, 153, 152, 152, 152, 151, 151, 151, 152, 152, 153, 153, 151, 151, 151, 152, 153, 153, 152, 152, 152, 153, 154, 154, 154, 154, 155, 155, 155, 155, 155, 155, 155, 155, 154, 154, 154, 154, 154, 154, 154, 154, 155, 155, 154, 154, 154, 155, 155, 154, 154, 154, 154, 155, 155, 154, 155, 156, 154, 155, 155, 155, 155, 155, 155, 156, 158, 158, 159, 159, 160, 159, 159, 159, 158, 158, 158, 159, 160, 160, 160, 160, 158, 163, 159, 160, 158, 161, 159, 159, 164, 163, 162, 161, 159, 160, 161, 160, 159, 159, 159, 159, 158, 159, 159, 159, 160, 161, 161, 161, 160, 160, 161, 162, 162, 162, 161, 161, 161, 162, 162, 162, 162, 163, 164, 164, 164, 165, 164, 164, 163, 163, 163, 163, 164, 166, 167, 167, 167, 167, 167, 168, 169, 169, 169, 169, 169, 169, 169, 169, 170, 169, 171, 29]","[29, 28, 145, 146, 146, 147, 147, 146, 147, 146, 147, 147, 148, 147, 146, 145, 145, 146, 147, 147, 147, 147, 148, 148, 148, 149, 150, 150, 150, 150, 150, 150, 151, 152, 153, 152, 152, 152, 153, 153, 154, 154, 153, 153, 153, 152, 152, 152, 152, 152, 152, 152, 152, 152, 152, 152, 153, 152, 150, 151, 153, 154, 153, 153, 152, 152, 152, 153, 153, 154, 154, 154, 155, 155, 155, 155, 155, 155, 155, 155, 154, 154, 154, 154, 154, 154, 154, 154, 156, 156, 156, 156, 156, 156, 156, 155, 154, 154, 154, 155, 154, 154, 154, 155, 154, 154, 155, 155, 156, 156, 156, 157, 157, 158, 159, 159, 160, 160, 159, 159, 159, 159, 159, 160, 161, 161, 161, 160, 163, 158, 163, 161, 158, 162, 168, 164, 163, 163, 163, 162, 159, 160, 162, 160, 160, 160, 159, 159, 159, 159, 159, 159, 160, 161, 161, 161, 161, 161, 161, 162, 162, 162, 162, 162, 161, 161, 162, 162, 162, 164, 165, 165, 165, 166, 166, 165, 165, 165, 165, 165, 166, 167, 168, 168, 167, 168, 169, 169, 170, 170, 171, 171, 171, 171, 170, 170, 172, 171, 172, 29]","[30, 29, 146, 147, 148, 149, 148, 147, 146, 146, 146, 147, 148, 147, 146, 146, 144, 145, 146, 148, 148, 149, 149, 149, 148, 149, 150, 150, 150, 150, 151, 151, 150, 152, 152, 152, 152, 152, 153, 153, 153, 153, 153, 153, 152, 152, 152, 151, 152, 152, 152, 152, 153, 153, 153, 153, 153, 152, 151, 152, 153, 154, 154, 153, 152, 152, 152, 153, 153, 154, 154, 154, 154, 154, 154, 154, 154, 154, 154, 154, 154, 154, 154, 154, 155, 156, 156, 156, 157, 157, 157, 156, 156, 156, 156, 155, 153, 154, 154, 155, 155, 154, 154, 155, 155, 155, 155, 156, 156, 157, 158, 158, 157, 158, 159, 159, 160, 160, 159, 159, 160, 160, 160, 160, 161, 161, 161, 161, 162, 161, 162, 160, 167, 164, 161, 165, 159, 158, 161, 164, 163, 161, 160, 159, 161, 160, 160, 159, 159, 159, 160, 160, 161, 161, 162, 162, 162, 162, 162, 162, 163, 163, 163, 162, 162, 162, 162, 163, 163, 164, 166, 166, 165, 166, 166, 166, 166, 167, 167, 167, 168, 168, 169, 169, 168, 169, 170, 170, 170, 170, 171, 172, 171, 171, 171, 171, 173, 171, 172, 28]","[30, 28, 146, 147, 148, 148, 148, 147, 147, 146, 146, 147, 148, 148, 147, 148, 145, 146, 147, 149, 150, 150, 150, 149, 149, 149, 150, 151, 151, 151, 151, 151, 151, 152, 153, 153, 153, 153, 153, 153, 153, 153, 153, 153, 153, 153, 152, 152, 152, 152, 152, 152, 153, 153, 154, 153, 154, 153, 153, 153, 154, 154, 154, 154, 153, 153, 153, 154, 154, 155, 155, 154, 154, 154, 154, 154, 154, 154, 154, 154, 154, 154, 154, 155, 156, 157, 157, 157, 158, 158, 157, 155, 154, 155, 155, 154, 154, 155, 156, 157, 157, 156, 156, 156, 156, 156, 156, 156, 156, 157, 158, 159, 158, 158, 159, 159, 160, 160, 159, 159, 160, 160, 160, 161, 161, 162, 161, 161, 160, 162, 166, 164, 155, 164, 172, 173, 172, 160, 154, 159, 163, 162, 161, 160, 162, 161, 160, 159, 159, 159, 160, 160, 161, 162, 162, 163, 162, 162, 161, 161, 162, 162, 163, 162, 162, 162, 163, 164, 164, 165, 166, 165, 165, 165, 166, 166, 164, 166, 166, 167, 167, 168, 168, 168, 168, 169, 169, 170, 170, 170, 171, 171, 171, 172, 172, 172, 173, 171, 172, 29]","[29, 28, 146, 147, 147, 147, 147, 147, 148, 147, 147, 147, 147, 148, 149, 150, 148, 149, 150, 151, 151, 151, 150, 149, 149, 149, 150, 150, 151, 151, 151, 151, 152, 153, 154, 153, 153, 154, 154, 153, 153, 153, 154, 154, 154, 153, 153, 152, 153, 152, 151, 152, 153, 154, 154, 154, 154, 154, 154, 154, 154, 154, 154, 154, 153, 153, 153, 154, 155, 155, 154, 154, 154, 154, 154, 154, 154, 154, 154, 154, 154, 154, 154, 155, 157, 158, 158, 157, 158, 158, 157, 156, 155, 155, 155, 155, 155, 156, 157, 157, 157, 157, 157, 157, 157, 157, 156, 156, 156, 157, 158, 159, 159, 159, 159, 160, 160, 160, 160, 160, 161, 161, 161, 162, 163, 163, 162, 161, 167, 161, 162, 156, 173, 204, 242, 242, 225, 193, 165, 158, 161, 162, 163, 163, 162, 162, 161, 160, 160, 160, 161, 161, 162, 162, 163, 163, 163, 163, 162, 162, 162, 162, 162, 162, 162, 162, 163, 164, 165, 166, 166, 165, 165, 165, 166, 167, 166, 166, 167, 168, 168, 169, 169, 169, 168, 169, 169, 170, 170, 171, 172, 172, 171, 172, 173, 173, 173, 171, 172, 29]","[29, 29, 147, 147, 146, 147, 147, 147, 148, 147, 146, 146, 145, 146, 149, 151, 151, 151, 151, 151, 152, 152, 151, 150, 150, 150, 150, 151, 152, 152, 152, 151, 152, 153, 153, 153, 153, 154, 154, 153, 152, 153, 153, 153, 153, 153, 152, 152, 153, 152, 152, 153, 154, 155, 155, 154, 154, 154, 154, 153, 153, 153, 154, 154, 153, 153, 153, 154, 154, 155, 154, 153, 154, 154, 154, 154, 154, 154, 154, 154, 155, 154, 154, 155, 157, 158, 158, 157, 158, 159, 158, 157, 156, 157, 158, 158, 157, 158, 158, 157, 156, 157, 158, 157, 157, 157, 157, 156, 157, 158, 159, 160, 160, 160, 159, 160, 160, 161, 162, 163, 162, 162, 163, 164, 165, 164, 163, 162, 161, 163, 159, 182, 237, 248, 252, 249, 252, 218, 180, 164, 162, 162, 162, 162, 163, 162, 162, 162, 162, 162, 162, 162, 162, 162, 163, 163, 163, 163, 163, 163, 162, 163, 163, 162, 162, 162, 163, 164, 166, 167, 167, 166, 166, 167, 167, 167, 168, 168, 168, 169, 170, 171, 171, 170, 169, 169, 169, 170, 172, 173, 173, 174, 173, 173, 173, 173, 174, 172, 173, 29]","[29, 29, 147, 147, 146, 146, 147, 147, 147, 146, 145, 144, 144, 145, 148, 151, 153, 152, 152, 152, 152, 152, 152, 152, 152, 151, 151, 152, 153, 154, 153, 152, 152, 152, 153, 153, 153, 153, 153, 152, 152, 153, 153, 153, 153, 153, 152, 152, 152, 152, 152, 153, 155, 156, 155, 154, 155, 154, 153, 153, 154, 155, 155, 154, 154, 154, 154, 155, 155, 155, 155, 154, 154, 154, 154, 154, 154, 154, 154, 154, 155, 155, 154, 155, 157, 157, 157, 156, 157, 158, 159, 158, 157, 158, 158, 159, 159, 160, 159, 157, 156, 157, 158, 158, 158, 157, 157, 158, 158, 159, 160, 161, 160, 160, 160, 160, 161, 162, 163, 164, 163, 163, 165, 166, 166, 165, 164, 163, 168, 162, 165, 230, 249, 251, 248, 249, 225, 198, 172, 162, 162, 162, 163, 162, 162, 162, 162, 162, 162, 162, 161, 161, 161, 161, 161, 162, 163, 163, 163, 163, 163, 164, 164, 163, 162, 162, 163, 164, 166, 167, 167, 167, 168, 168, 168, 168, 168, 168, 168, 168, 169, 170, 170, 168, 169, 169, 169, 170, 172, 173, 173, 174, 174, 173, 172, 173, 175, 174, 174, 29]","[29, 28, 146, 146, 146, 147, 148, 148, 147, 146, 145, 145, 145, 145, 147, 149, 151, 152, 153, 152, 152, 152, 152, 152, 153, 152, 151, 151, 152, 152, 152, 151, 152, 153, 153, 153, 153, 152, 152, 152, 153, 153, 153, 153, 154, 154, 153, 153, 153, 154, 155, 154, 154, 156, 157, 157, 155, 154, 154, 154, 154, 154, 154, 154, 155, 154, 154, 155, 157, 157, 155, 154, 154, 154, 154, 154, 154, 154, 155, 156, 157, 157, 157, 157, 157, 157, 157, 158, 158, 159, 160, 160, 160, 160, 159, 160, 160, 160, 160, 158, 158, 159, 159, 158, 159, 156, 158, 158, 162, 161, 160, 161, 163, 157, 165, 162, 161, 164, 165, 165, 165, 165, 161, 159, 161, 162, 162, 166, 167, 163, 186, 248, 251, 251, 250, 243, 186, 156, 161, 163, 163, 164, 160, 164, 163, 163, 163, 163, 162, 162, 162, 162, 162, 162, 163, 163, 162, 162, 162, 162, 164, 163, 163, 163, 164, 164, 164, 164, 166, 167, 168, 167, 167, 168, 169, 169, 167, 167, 168, 168, 169, 169, 170, 171, 170, 171, 171, 171, 171, 171, 173, 174, 173, 172, 173, 174, 175, 173, 175, 30]","[30, 29, 146, 146, 147, 148, 148, 148, 147, 146, 146, 146, 146, 147, 149, 151, 151, 152, 152, 151, 151, 152, 153, 153, 153, 152, 151, 151, 152, 152, 151, 150, 152, 152, 153, 153, 153, 153, 152, 152, 152, 153, 153, 154, 154, 154, 153, 152, 153, 154, 155, 154, 154, 156, 157, 156, 155, 154, 154, 154, 155, 155, 155, 155, 155, 154, 155, 156, 157, 157, 156, 155, 155, 155, 155, 155, 156, 156, 157, 156, 158, 157, 157, 157, 157, 157, 157, 158, 158, 158, 159, 159, 159, 159, 160, 160, 160, 160, 160, 159, 159, 159, 159, 158, 158, 161, 160, 162, 159, 161, 163, 162, 162, 160, 162, 165, 165, 165, 167, 159, 155, 162, 168, 169, 169, 164, 160, 161, 162, 168, 222, 250, 251, 251, 246, 227, 155, 125, 152, 166, 161, 163, 163, 159, 162, 161, 161, 161, 161, 161, 162, 162, 163, 163, 163, 163, 164, 164, 164, 165, 166, 165, 164, 164, 165, 166, 166, 166, 167, 168, 169, 168, 167, 167, 168, 167, 167, 168, 168, 169, 169, 169, 170, 171, 169, 170, 171, 172, 171, 171, 172, 173, 173, 172, 173, 175, 175, 174, 175, 30]","[30, 28, 145, 146, 147, 149, 149, 148, 147, 146, 146, 147, 147, 148, 150, 151, 152, 152, 151, 150, 150, 152, 153, 154, 154, 153, 152, 152, 152, 152, 151, 151, 152, 152, 152, 153, 153, 153, 153, 152, 152, 153, 154, 154, 154, 153, 153, 152, 153, 154, 154, 154, 154, 155, 155, 155, 155, 154, 154, 154, 155, 155, 156, 156, 155, 155, 155, 157, 157, 156, 156, 156, 157, 156, 156, 156, 158, 159, 158, 157, 158, 158, 157, 157, 156, 157, 157, 157, 158, 158, 158, 158, 159, 160, 160, 160, 160, 160, 161, 160, 160, 160, 160, 159, 157, 160, 156, 158, 165, 163, 165, 166, 166, 167, 165, 168, 168, 162, 160, 167, 193, 214, 232, 238, 236, 222, 193, 167, 164, 182, 247, 252, 251, 251, 242, 207, 141, 109, 147, 164, 159, 162, 166, 162, 162, 162, 161, 161, 162, 162, 163, 163, 163, 162, 162, 162, 164, 165, 166, 166, 166, 165, 164, 164, 165, 166, 166, 166, 168, 169, 169, 168, 168, 167, 167, 166, 167, 167, 168, 168, 169, 169, 170, 171, 170, 171, 171, 171, 171, 171, 172, 173, 174, 173, 174, 175, 176, 175, 176, 29]","[29, 28, 146, 147, 148, 149, 150, 149, 148, 148, 147, 148, 147, 147, 149, 150, 152, 153, 152, 151, 150, 151, 152, 153, 154, 153, 152, 152, 152, 152, 152, 151, 152, 152, 152, 152, 153, 153, 153, 153, 153, 153, 154, 154, 153, 152, 152, 153, 153, 154, 154, 154, 154, 154, 155, 155, 154, 154, 154, 154, 155, 155, 156, 156, 155, 155, 155, 156, 156, 155, 155, 156, 158, 157, 157, 158, 159, 160, 159, 158, 158, 157, 156, 156, 156, 157, 158, 158, 158, 158, 158, 159, 159, 160, 160, 159, 159, 160, 161, 161, 161, 161, 161, 160, 161, 160, 163, 166, 162, 159, 160, 162, 160, 163, 166, 165, 166, 160, 164, 204, 244, 253, 253, 251, 251, 247, 224, 199, 179, 203, 247, 249, 249, 249, 236, 191, 131, 102, 142, 162, 162, 163, 163, 163, 163, 162, 162, 162, 162, 162, 163, 164, 163, 162, 161, 162, 164, 165, 165, 165, 164, 164, 164, 164, 165, 166, 166, 166, 167, 168, 169, 168, 168, 168, 167, 166, 166, 166, 167, 168, 168, 168, 169, 171, 172, 172, 171, 171, 171, 172, 173, 175, 174, 173, 174, 175, 176, 176, 176, 29]","[29, 30, 148, 148, 148, 148, 150, 150, 150, 149, 149, 149, 148, 147, 148, 149, 151, 152, 152, 152, 151, 152, 152, 152, 152, 152, 151, 151, 151, 152, 152, 151, 152, 152, 152, 152, 153, 154, 154, 154, 154, 154, 153, 153, 152, 152, 153, 154, 154, 154, 154, 155, 154, 154, 154, 155, 154, 154, 154, 154, 154, 155, 155, 155, 155, 155, 155, 155, 155, 154, 155, 157, 159, 158, 158, 158, 159, 159, 159, 159, 157, 157, 157, 157, 157, 158, 159, 160, 159, 159, 159, 160, 160, 160, 160, 159, 159, 160, 161, 161, 161, 161, 161, 160, 161, 160, 164, 163, 153, 178, 194, 200, 195, 188, 182, 171, 160, 162, 197, 251, 252, 251, 252, 253, 249, 240, 226, 215, 201, 224, 248, 250, 251, 249, 231, 187, 130, 102, 141, 164, 162, 160, 161, 163, 162, 162, 161, 161, 161, 161, 162, 162, 164, 163, 162, 163, 164, 164, 164, 163, 164, 164, 164, 165, 167, 167, 168, 167, 167, 168, 168, 168, 168, 168, 167, 166, 166, 166, 167, 168, 168, 168, 169, 171, 171, 171, 171, 171, 172, 172, 173, 174, 174, 174, 175, 175, 176, 176, 176, 29]","[29, 30, 149, 148, 147, 147, 148, 149, 150, 149, 149, 148, 147, 147, 148, 149, 150, 151, 152, 152, 152, 153, 153, 153, 152, 152, 152, 152, 152, 152, 153, 153, 153, 152, 152, 152, 153, 154, 154, 154, 154, 154, 153, 152, 152, 152, 153, 154, 154, 154, 154, 155, 154, 154, 155, 156, 155, 154, 154, 154, 154, 155, 155, 155, 155, 155, 155, 155, 155, 155, 156, 157, 158, 158, 159, 159, 159, 159, 159, 158, 158, 158, 158, 158, 159, 160, 160, 161, 159, 159, 160, 161, 161, 161, 160, 159, 160, 161, 162, 161, 160, 160, 160, 160, 164, 166, 162, 155, 192, 230, 250, 251, 250, 247, 243, 232, 201, 187, 227, 247, 253, 252, 254, 254, 249, 239, 228, 219, 207, 221, 248, 248, 250, 246, 222, 186, 134, 103, 139, 169, 160, 158, 163, 162, 162, 162, 162, 161, 161, 161, 161, 161, 163, 163, 162, 163, 163, 163, 163, 163, 164, 164, 165, 166, 167, 168, 168, 168, 167, 168, 168, 168, 168, 168, 167, 166, 166, 166, 166, 167, 168, 168, 169, 171, 170, 171, 172, 173, 173, 173, 173, 173, 174, 175, 175, 175, 176, 176, 176, 29]","[29, 29, 148, 148, 147, 147, 148, 149, 150, 149, 148, 148, 147, 147, 148, 149, 151, 152, 152, 152, 152, 153, 154, 154, 153, 153, 153, 153, 153, 153, 154, 154, 154, 153, 152, 152, 153, 154, 154, 154, 154, 153, 152, 152, 152, 153, 153, 154, 155, 154, 154, 154, 154, 154, 155, 157, 156, 156, 155, 155, 155, 155, 155, 155, 156, 156, 156, 157, 157, 156, 156, 157, 158, 158, 158, 160, 161, 160, 158, 156, 157, 158, 158, 159, 159, 160, 160, 160, 159, 160, 160, 161, 161, 160, 160, 161, 161, 162, 163, 162, 162, 162, 163, 163, 163, 165, 160, 178, 238, 251, 254, 250, 251, 250, 247, 242, 220, 204, 243, 249, 252, 253, 254, 252, 250, 249, 239, 225, 214, 210, 241, 249, 249, 247, 218, 187, 135, 105, 130, 166, 163, 162, 161, 160, 163, 163, 163, 162, 162, 162, 162, 162, 163, 163, 162, 162, 163, 163, 164, 164, 165, 165, 165, 166, 167, 168, 168, 168, 168, 168, 168, 168, 168, 169, 168, 167, 166, 166, 166, 167, 168, 168, 169, 171, 171, 171, 172, 173, 173, 173, 173, 173, 174, 175, 176, 176, 176, 176, 176, 29]","[29, 29, 148, 149, 149, 150, 151, 151, 152, 151, 150, 149, 148, 147, 148, 150, 152, 153, 152, 151, 151, 152, 154, 154, 154, 154, 153, 153, 153, 153, 154, 154, 154, 153, 152, 152, 153, 154, 154, 153, 153, 153, 152, 152, 152, 153, 154, 154, 155, 154, 153, 154, 154, 154, 155, 157, 157, 156, 156, 155, 155, 155, 155, 155, 157, 157, 157, 158, 158, 158, 157, 157, 158, 158, 158, 160, 162, 161, 157, 154, 157, 157, 158, 158, 159, 159, 159, 159, 159, 159, 160, 160, 160, 160, 161, 162, 161, 163, 164, 164, 164, 164, 166, 166, 168, 165, 165, 228, 253, 253, 252, 253, 249, 242, 234, 221, 212, 197, 232, 248, 251, 250, 252, 253, 253, 252, 244, 231, 215, 195, 218, 245, 243, 239, 207, 175, 154, 122, 122, 154, 162, 163, 158, 164, 163, 163, 163, 163, 163, 163, 163, 163, 163, 163, 163, 163, 163, 164, 166, 166, 166, 166, 165, 166, 167, 167, 168, 168, 168, 168, 168, 168, 168, 169, 169, 168, 167, 167, 167, 168, 169, 169, 170, 172, 174, 173, 172, 172, 172, 174, 175, 176, 174, 176, 177, 176, 176, 176, 176, 30]","[30, 29, 149, 148, 150, 153, 152, 152, 151, 151, 150, 148, 147, 146, 148, 149, 153, 154, 153, 152, 151, 151, 152, 153, 153, 153, 153, 153, 154, 154, 154, 154, 153, 153, 153, 153, 153, 153, 153, 153, 153, 153, 153, 153, 153, 153, 154, 155, 156, 155, 154, 154, 154, 154, 155, 155, 155, 157, 158, 157, 155, 155, 155, 156, 156, 157, 158, 159, 159, 159, 158, 158, 157, 158, 159, 160, 161, 161, 158, 156, 156, 158, 158, 158, 159, 160, 159, 158, 159, 160, 161, 161, 161, 161, 163, 164, 162, 165, 164, 166, 166, 165, 167, 165, 166, 165, 190, 252, 252, 254, 252, 254, 251, 237, 230, 219, 195, 181, 201, 247, 249, 251, 255, 253, 254, 253, 247, 231, 213, 190, 195, 241, 237, 228, 190, 167, 160, 149, 141, 153, 158, 161, 161, 162, 161, 161, 162, 162, 162, 162, 162, 162, 162, 162, 161, 162, 163, 164, 164, 165, 164, 165, 166, 166, 165, 165, 167, 168, 168, 167, 167, 167, 168, 168, 168, 168, 167, 167, 167, 167, 168, 170, 172, 173, 172, 172, 171, 171, 171, 173, 174, 175, 176, 176, 176, 175, 177, 177, 177, 29]","[30, 29, 150, 151, 152, 154, 152, 151, 150, 150, 150, 149, 148, 148, 149, 150, 150, 151, 151, 151, 151, 151, 153, 154, 153, 153, 154, 154, 154, 154, 154, 153, 153, 153, 153, 153, 153, 153, 153, 153, 153, 153, 153, 153, 153, 153, 154, 154, 155, 154, 154, 154, 154, 154, 154, 155, 156, 158, 158, 157, 155, 155, 155, 156, 158, 158, 159, 159, 159, 159, 158, 158, 157, 158, 158, 159, 160, 160, 159, 157, 156, 157, 158, 158, 158, 159, 159, 158, 158, 160, 161, 161, 161, 161, 161, 162, 167, 163, 167, 164, 160, 163, 161, 162, 163, 164, 207, 252, 254, 253, 250, 253, 252, 239, 232, 220, 192, 166, 181, 243, 250, 249, 252, 251, 254, 252, 246, 233, 210, 189, 181, 229, 231, 227, 199, 170, 166, 170, 165, 162, 160, 163, 163, 160, 160, 161, 162, 163, 163, 162, 162, 162, 163, 163, 163, 163, 164, 165, 165, 165, 165, 166, 166, 166, 166, 166, 167, 168, 168, 167, 166, 166, 167, 168, 168, 168, 167, 167, 167, 167, 168, 169, 170, 171, 172, 172, 172, 172, 172, 173, 175, 175, 177, 177, 177, 177, 178, 179, 178, 30]","[30, 29, 151, 152, 152, 153, 150, 149, 149, 149, 150, 150, 150, 151, 151, 151, 150, 151, 151, 151, 150, 150, 150, 151, 153, 153, 154, 154, 154, 154, 153, 153, 153, 153, 153, 153, 153, 153, 153, 153, 154, 154, 154, 154, 154, 154, 154, 154, 154, 154, 154, 155, 154, 154, 154, 156, 157, 158, 158, 157, 155, 155, 156, 156, 158, 159, 160, 160, 159, 158, 158, 158, 158, 158, 158, 158, 159, 160, 159, 157, 157, 157, 158, 158, 158, 159, 159, 159, 159, 160, 161, 161, 161, 161, 162, 162, 165, 164, 157, 167, 184, 197, 205, 200, 195, 191, 230, 249, 253, 254, 252, 253, 250, 239, 230, 217, 192, 161, 168, 243, 248, 251, 253, 251, 253, 253, 245, 228, 207, 168, 155, 214, 229, 224, 196, 173, 171, 175, 175, 171, 167, 161, 162, 161, 160, 161, 163, 163, 163, 162, 162, 162, 163, 163, 163, 164, 165, 165, 165, 165, 166, 166, 166, 165, 166, 166, 167, 167, 167, 166, 165, 165, 166, 167, 167, 168, 167, 167, 168, 168, 169, 170, 171, 171, 172, 172, 172, 173, 173, 174, 175, 176, 176, 176, 177, 177, 178, 179, 177, 29]","[29, 29, 151, 151, 151, 152, 149, 149, 149, 149, 149, 150, 151, 152, 152, 151, 152, 152, 152, 151, 150, 149, 149, 149, 152, 153, 153, 154, 154, 153, 153, 153, 153, 153, 153, 153, 153, 153, 153, 153, 154, 154, 154, 155, 155, 155, 155, 155, 154, 155, 155, 155, 154, 154, 155, 157, 158, 159, 159, 157, 155, 155, 156, 157, 158, 158, 159, 159, 158, 158, 158, 158, 159, 159, 159, 159, 159, 160, 159, 158, 158, 158, 158, 158, 158, 159, 160, 160, 161, 161, 161, 161, 161, 162, 163, 165, 167, 162, 179, 221, 244, 246, 252, 250, 246, 241, 249, 252, 249, 254, 252, 253, 252, 246, 236, 220, 196, 160, 159, 240, 248, 250, 254, 252, 251, 247, 236, 217, 193, 155, 137, 182, 221, 221, 183, 176, 177, 171, 176, 179, 174, 161, 162, 160, 161, 162, 162, 163, 162, 162, 162, 162, 162, 162, 162, 163, 164, 165, 166, 166, 166, 165, 164, 164, 165, 165, 165, 165, 166, 166, 165, 165, 166, 166, 167, 167, 167, 167, 168, 169, 171, 172, 172, 172, 172, 172, 173, 173, 174, 174, 175, 175, 175, 175, 177, 177, 178, 178, 177, 28]","[29, 30, 151, 150, 150, 151, 150, 150, 150, 150, 150, 150, 152, 152, 152, 152, 152, 152, 152, 151, 150, 150, 151, 152, 152, 152, 153, 153, 153, 153, 153, 153, 153, 153, 153, 154, 154, 154, 154, 154, 153, 154, 154, 154, 154, 154, 154, 154, 156, 156, 156, 155, 154, 154, 155, 158, 158, 159, 159, 157, 156, 156, 157, 157, 157, 158, 158, 159, 158, 158, 159, 159, 159, 160, 160, 159, 160, 160, 160, 159, 158, 158, 158, 158, 158, 159, 159, 160, 162, 162, 162, 162, 162, 162, 164, 164, 160, 175, 229, 254, 253, 253, 249, 248, 248, 245, 239, 249, 250, 250, 252, 254, 252, 251, 245, 231, 201, 160, 156, 241, 249, 246, 250, 250, 243, 225, 216, 211, 185, 157, 130, 154, 207, 197, 161, 176, 173, 170, 178, 178, 166, 156, 163, 159, 162, 162, 162, 162, 162, 163, 163, 164, 162, 161, 161, 161, 163, 164, 165, 165, 165, 164, 163, 163, 164, 165, 166, 165, 166, 166, 167, 167, 167, 167, 168, 168, 167, 167, 168, 170, 171, 172, 172, 172, 171, 172, 173, 173, 173, 174, 174, 175, 175, 176, 177, 178, 179, 179, 177, 29]","[29, 30, 150, 149, 149, 151, 150, 152, 151, 151, 150, 151, 151, 152, 152, 152, 152, 153, 152, 152, 150, 150, 151, 152, 152, 152, 152, 152, 152, 153, 153, 153, 153, 154, 154, 154, 154, 154, 154, 154, 154, 154, 154, 154, 154, 154, 154, 154, 158, 158, 157, 156, 154, 153, 155, 157, 157, 158, 158, 157, 156, 157, 157, 157, 157, 158, 158, 159, 159, 160, 160, 160, 160, 160, 160, 160, 160, 160, 160, 159, 159, 158, 158, 159, 159, 159, 159, 160, 162, 162, 163, 163, 163, 163, 162, 162, 168, 220, 254, 251, 247, 248, 238, 228, 221, 211, 195, 218, 250, 248, 252, 252, 253, 250, 245, 239, 207, 165, 163, 244, 250, 248, 248, 241, 225, 209, 209, 210, 181, 140, 106, 118, 165, 158, 160, 179, 180, 168, 154, 135, 114, 114, 146, 169, 162, 162, 162, 163, 163, 164, 165, 166, 164, 163, 162, 162, 163, 164, 165, 165, 164, 164, 163, 164, 165, 166, 167, 167, 167, 168, 168, 169, 169, 169, 169, 169, 169, 169, 169, 170, 171, 172, 172, 171, 171, 172, 173, 173, 173, 173, 174, 175, 175, 176, 177, 178, 179, 179, 178, 29]","[29, 29, 151, 150, 149, 151, 151, 152, 152, 151, 151, 151, 152, 152, 152, 152, 153, 153, 153, 152, 150, 149, 150, 150, 152, 152, 152, 153, 153, 153, 153, 153, 153, 154, 154, 154, 155, 155, 155, 155, 155, 155, 154, 154, 154, 155, 155, 155, 157, 157, 157, 157, 155, 154, 154, 156, 156, 157, 158, 157, 157, 157, 157, 157, 158, 157, 157, 158, 160, 161, 161, 160, 160, 160, 160, 159, 159, 159, 160, 160, 160, 159, 159, 160, 161, 160, 160, 161, 163, 163, 163, 163, 163, 163, 163, 163, 197, 247, 250, 249, 252, 235, 221, 211, 201, 182, 157, 172, 234, 248, 251, 250, 253, 249, 243, 238, 201, 164, 170, 244, 249, 249, 244, 227, 214, 211, 214, 208, 181, 126, 88, 82, 140, 169, 199, 199, 187, 169, 137, 113, 92, 88, 122, 168, 161, 162, 162, 162, 162, 163, 164, 165, 165, 164, 163, 163, 164, 165, 165, 166, 165, 164, 164, 164, 165, 166, 167, 168, 168, 169, 169, 169, 169, 169, 169, 170, 170, 169, 169, 170, 171, 172, 171, 171, 171, 172, 173, 173, 172, 173, 174, 175, 175, 176, 177, 177, 179, 179, 177, 29]","[29, 30, 153, 152, 151, 153, 152, 154, 152, 152, 152, 152, 152, 152, 152, 152, 152, 152, 153, 152, 151, 150, 149, 150, 151, 152, 153, 153, 154, 154, 153, 153, 153, 154, 154, 154, 155, 155, 155, 155, 155, 154, 154, 154, 154, 154, 155, 155, 155, 156, 157, 157, 156, 155, 155, 156, 155, 156, 157, 157, 157, 158, 158, 157, 158, 157, 157, 158, 159, 160, 160, 160, 160, 160, 159, 158, 158, 159, 160, 160, 161, 160, 161, 162, 162, 161, 161, 163, 165, 164, 163, 162, 162, 164, 165, 166, 230, 251, 250, 250, 243, 220, 208, 197, 186, 166, 136, 136, 208, 247, 249, 249, 249, 248, 242, 232, 189, 160, 176, 245, 247, 242, 234, 219, 214, 216, 217, 207, 176, 115, 80, 73, 160, 195, 206, 200, 180, 159, 113, 88, 77, 78, 111, 168, 161, 162, 162, 162, 162, 161, 162, 162, 165, 164, 164, 164, 165, 166, 166, 166, 166, 165, 165, 165, 165, 166, 167, 167, 168, 169, 169, 168, 168, 168, 169, 170, 168, 168, 168, 169, 170, 171, 171, 170, 172, 172, 173, 173, 172, 173, 174, 175, 175, 176, 177, 177, 178, 179, 178, 30]","[29, 29, 152, 153, 152, 154, 153, 152, 152, 152, 152, 152, 151, 151, 151, 152, 153, 153, 153, 152, 151, 151, 151, 151, 151, 152, 153, 153, 153, 153, 153, 154, 155, 155, 154, 154, 154, 154, 154, 154, 155, 154, 154, 154, 154, 154, 155, 155, 156, 156, 155, 155, 155, 155, 154, 154, 156, 156, 157, 157, 158, 157, 156, 155, 158, 158, 157, 158, 159, 160, 161, 161, 161, 160, 158, 157, 158, 159, 160, 160, 162, 158, 161, 161, 163, 161, 164, 162, 161, 154, 166, 168, 174, 174, 173, 185, 242, 252, 251, 250, 239, 222, 208, 202, 185, 164, 129, 121, 171, 244, 246, 248, 239, 230, 233, 221, 175, 149, 191, 245, 244, 241, 235, 221, 216, 215, 205, 201, 160, 89, 65, 64, 153, 189, 202, 198, 180, 152, 102, 77, 80, 80, 108, 163, 163, 163, 163, 162, 162, 162, 162, 162, 165, 165, 165, 165, 164, 165, 166, 167, 167, 166, 165, 166, 167, 168, 168, 168, 170, 169, 169, 169, 169, 169, 170, 171, 168, 169, 170, 170, 171, 171, 172, 172, 172, 172, 173, 173, 174, 174, 174, 174, 174, 176, 177, 177, 178, 178, 177, 29]","[29, 29, 153, 153, 152, 154, 153, 153, 152, 153, 153, 152, 152, 152, 152, 153, 154, 154, 154, 153, 152, 152, 151, 152, 152, 152, 153, 153, 153, 153, 153, 154, 154, 154, 154, 154, 154, 154, 154, 154, 154, 154, 154, 153, 153, 154, 154, 155, 154, 155, 155, 155, 156, 156, 156, 156, 157, 157, 158, 159, 159, 158, 157, 156, 158, 158, 158, 159, 160, 161, 162, 162, 161, 160, 159, 159, 160, 160, 160, 160, 160, 161, 159, 163, 162, 164, 165, 156, 159, 182, 220, 241, 242, 239, 240, 236, 252, 252, 251, 251, 238, 224, 210, 207, 190, 160, 121, 114, 158, 240, 245, 240, 226, 225, 228, 211, 170, 143, 196, 240, 241, 235, 226, 215, 214, 213, 200, 195, 138, 80, 46, 51, 122, 189, 219, 217, 187, 152, 96, 75, 77, 84, 124, 168, 162, 162, 163, 163, 162, 162, 163, 163, 164, 165, 166, 166, 165, 165, 165, 165, 166, 166, 165, 166, 166, 167, 168, 168, 168, 168, 168, 168, 168, 169, 170, 171, 171, 171, 171, 171, 171, 171, 171, 172, 170, 171, 171, 172, 173, 174, 175, 175, 175, 176, 177, 177, 178, 179, 177, 29]","[29, 29, 152, 153, 152, 154, 153, 152, 152, 152, 152, 152, 152, 152, 153, 153, 153, 154, 153, 153, 152, 151, 151, 151, 151, 152, 152, 153, 153, 152, 153, 153, 154, 154, 154, 154, 154, 154, 154, 154, 154, 154, 154, 153, 153, 154, 154, 154, 154, 154, 155, 156, 156, 157, 158, 158, 157, 158, 159, 160, 159, 158, 158, 157, 157, 158, 159, 160, 160, 161, 161, 161, 161, 161, 160, 161, 161, 161, 160, 159, 159, 162, 159, 162, 163, 163, 158, 163, 181, 237, 251, 249, 250, 250, 247, 246, 251, 249, 251, 250, 238, 227, 215, 213, 193, 161, 120, 112, 143, 234, 246, 238, 225, 225, 221, 196, 160, 134, 204, 243, 239, 234, 227, 214, 215, 217, 198, 186, 129, 72, 41, 57, 124, 215, 229, 214, 187, 144, 86, 73, 73, 90, 143, 169, 162, 162, 163, 163, 162, 163, 163, 164, 164, 164, 165, 165, 165, 165, 165, 165, 166, 166, 165, 166, 167, 168, 168, 168, 169, 168, 168, 168, 169, 169, 170, 172, 172, 172, 173, 172, 172, 172, 172, 172, 172, 172, 172, 172, 173, 173, 174, 174, 176, 176, 177, 177, 178, 179, 178, 30]","[28, 28, 152, 153, 151, 153, 153, 152, 152, 152, 152, 152, 152, 152, 153, 154, 152, 152, 153, 152, 152, 151, 151, 151, 151, 151, 152, 152, 153, 153, 153, 153, 154, 154, 154, 154, 154, 154, 154, 154, 154, 154, 154, 154, 154, 154, 154, 154, 154, 155, 155, 156, 157, 157, 157, 157, 157, 158, 159, 159, 159, 158, 157, 157, 158, 159, 160, 161, 160, 160, 160, 160, 160, 160, 160, 160, 161, 160, 159, 158, 160, 161, 162, 161, 162, 159, 160, 194, 239, 252, 248, 246, 241, 238, 232, 215, 232, 246, 249, 249, 245, 237, 227, 224, 196, 166, 122, 111, 138, 231, 246, 236, 223, 220, 213, 188, 153, 128, 199, 241, 240, 237, 234, 220, 212, 206, 184, 171, 121, 62, 47, 58, 124, 221, 228, 215, 179, 128, 77, 73, 72, 98, 157, 164, 162, 162, 163, 163, 162, 163, 163, 164, 164, 164, 164, 164, 165, 165, 166, 167, 166, 166, 166, 167, 167, 168, 169, 169, 170, 169, 168, 168, 169, 170, 170, 171, 172, 172, 172, 172, 172, 172, 173, 173, 174, 174, 173, 172, 172, 172, 173, 173, 176, 176, 176, 176, 178, 179, 178, 29]","[28, 29, 152, 153, 151, 153, 153, 152, 152, 152, 152, 152, 152, 153, 154, 154, 153, 154, 154, 153, 152, 152, 151, 151, 151, 152, 152, 153, 153, 154, 154, 154, 155, 155, 154, 154, 154, 154, 154, 154, 154, 154, 154, 154, 154, 154, 154, 155, 155, 155, 156, 156, 157, 157, 157, 157, 157, 158, 159, 159, 158, 158, 158, 158, 159, 160, 161, 162, 162, 161, 160, 160, 160, 160, 160, 160, 160, 160, 159, 159, 162, 160, 164, 163, 159, 160, 191, 234, 247, 247, 243, 229, 193, 179, 172, 160, 189, 240, 247, 248, 248, 242, 236, 226, 193, 161, 114, 106, 143, 236, 243, 232, 220, 215, 206, 179, 145, 128, 192, 239, 237, 239, 242, 231, 207, 186, 169, 157, 121, 67, 54, 60, 124, 222, 228, 218, 172, 114, 73, 75, 73, 107, 164, 161, 161, 162, 162, 162, 162, 163, 164, 165, 164, 164, 164, 164, 165, 166, 167, 167, 166, 166, 166, 167, 167, 168, 169, 169, 169, 168, 167, 168, 168, 169, 169, 170, 171, 171, 172, 172, 172, 172, 172, 173, 172, 171, 171, 172, 172, 173, 174, 175, 176, 175, 175, 175, 177, 178, 177, 29]","[29, 29, 152, 153, 152, 154, 153, 152, 151, 152, 153, 153, 153, 153, 153, 153, 155, 155, 155, 154, 153, 152, 151, 151, 151, 151, 152, 153, 154, 154, 155, 155, 155, 155, 154, 154, 154, 154, 154, 154, 154, 154, 154, 154, 154, 154, 154, 155, 154, 155, 156, 157, 157, 157, 157, 157, 158, 158, 158, 158, 158, 158, 158, 158, 158, 159, 160, 161, 161, 161, 160, 160, 160, 159, 160, 160, 160, 160, 160, 160, 162, 161, 164, 165, 157, 176, 234, 252, 247, 240, 210, 174, 157, 146, 125, 120, 148, 229, 244, 244, 247, 241, 232, 215, 189, 155, 110, 102, 149, 236, 237, 227, 218, 213, 199, 171, 141, 130, 186, 236, 237, 236, 227, 208, 189, 186, 176, 146, 105, 66, 45, 61, 125, 222, 225, 200, 171, 104, 74, 78, 80, 121, 166, 161, 161, 161, 162, 162, 163, 163, 164, 165, 164, 165, 165, 166, 166, 166, 166, 165, 165, 166, 166, 167, 167, 167, 168, 168, 167, 166, 167, 168, 169, 169, 169, 170, 171, 171, 172, 171, 171, 171, 171, 171, 170, 170, 171, 171, 172, 173, 174, 175, 175, 175, 175, 175, 177, 178, 177, 29]","[29, 29, 152, 153, 152, 153, 152, 152, 151, 152, 152, 153, 152, 152, 152, 152, 154, 154, 154, 154, 152, 151, 151, 151, 152, 152, 152, 152, 153, 154, 154, 154, 154, 154, 154, 154, 154, 154, 154, 154, 154, 154, 154, 154, 154, 154, 154, 154, 155, 155, 156, 157, 157, 157, 157, 157, 158, 157, 156, 156, 157, 157, 158, 158, 158, 158, 159, 160, 161, 160, 160, 159, 158, 159, 159, 160, 160, 160, 161, 161, 162, 162, 165, 162, 164, 203, 247, 245, 230, 195, 164, 148, 145, 135, 117, 105, 124, 215, 242, 243, 244, 238, 225, 203, 183, 148, 111, 104, 151, 234, 231, 227, 217, 214, 201, 179, 153, 133, 177, 226, 222, 239, 242, 229, 204, 201, 194, 150, 87, 57, 46, 65, 122, 219, 226, 201, 166, 92, 75, 81, 92, 139, 165, 161, 162, 163, 163, 163, 162, 163, 164, 165, 165, 165, 165, 166, 167, 166, 165, 164, 166, 166, 167, 167, 167, 167, 168, 168, 167, 167, 168, 169, 170, 170, 170, 171, 172, 172, 172, 172, 171, 171, 171, 171, 172, 172, 172, 172, 173, 173, 173, 173, 173, 174, 175, 175, 177, 178, 177, 29]","[29, 29, 152, 152, 151, 152, 151, 151, 151, 152, 153, 154, 153, 153, 152, 152, 152, 153, 153, 153, 153, 152, 152, 152, 153, 153, 152, 153, 153, 154, 154, 153, 153, 153, 153, 153, 154, 154, 154, 154, 154, 154, 154, 154, 154, 154, 154, 154, 155, 156, 157, 157, 158, 157, 157, 157, 157, 156, 155, 155, 156, 157, 158, 158, 159, 159, 159, 160, 160, 160, 159, 158, 157, 157, 158, 159, 160, 160, 161, 161, 163, 163, 166, 157, 173, 225, 239, 230, 211, 179, 163, 155, 143, 129, 115, 91, 107, 198, 236, 239, 237, 234, 218, 195, 169, 132, 104, 102, 154, 237, 238, 238, 234, 226, 208, 190, 167, 135, 177, 227, 242, 248, 249, 248, 228, 219, 209, 157, 88, 50, 53, 69, 124, 216, 223, 197, 159, 81, 75, 84, 103, 152, 164, 160, 164, 164, 164, 163, 162, 162, 163, 163, 166, 165, 164, 165, 165, 166, 166, 166, 167, 167, 168, 168, 168, 168, 168, 168, 167, 168, 169, 171, 171, 170, 170, 170, 172, 172, 172, 172, 171, 171, 171, 171, 172, 172, 173, 173, 174, 174, 174, 174, 173, 174, 176, 176, 177, 178, 177, 30]","[30, 30, 151, 151, 151, 152, 151, 153, 152, 153, 153, 153, 153, 153, 153, 154, 154, 153, 152, 153, 154, 153, 152, 152, 153, 153, 153, 153, 153, 153, 153, 154, 153, 152, 152, 152, 153, 154, 154, 154, 154, 153, 152, 153, 154, 154, 154, 154, 154, 155, 157, 158, 158, 157, 157, 157, 156, 156, 156, 157, 157, 158, 158, 158, 159, 159, 160, 160, 160, 160, 159, 158, 159, 159, 160, 161, 161, 161, 162, 163, 163, 163, 166, 159, 186, 239, 221, 205, 198, 177, 162, 148, 136, 131, 112, 87, 95, 179, 234, 231, 232, 223, 202, 183, 157, 116, 105, 100, 156, 233, 240, 241, 242, 226, 224, 209, 186, 155, 183, 243, 249, 249, 251, 253, 245, 214, 215, 159, 88, 50, 54, 76, 134, 214, 221, 192, 138, 79, 74, 87, 133, 161, 162, 161, 162, 163, 164, 165, 164, 164, 162, 161, 162, 163, 164, 164, 165, 165, 165, 165, 166, 166, 166, 167, 167, 167, 167, 167, 170, 169, 169, 169, 169, 169, 169, 169, 170, 171, 171, 171, 171, 170, 171, 172, 174, 173, 173, 172, 171, 172, 173, 174, 174, 174, 175, 175, 175, 177, 178, 29]","[30, 29, 151, 151, 151, 153, 152, 154, 153, 153, 153, 153, 153, 153, 154, 154, 154, 153, 153, 154, 154, 153, 153, 153, 152, 152, 152, 152, 152, 152, 152, 152, 153, 152, 152, 152, 153, 154, 154, 154, 154, 153, 153, 154, 154, 154, 154, 154, 154, 155, 155, 156, 157, 158, 157, 157, 158, 157, 157, 157, 158, 158, 158, 158, 160, 160, 160, 160, 160, 159, 159, 158, 159, 159, 159, 160, 160, 160, 161, 162, 163, 160, 162, 161, 209, 225, 196, 185, 184, 168, 161, 153, 145, 132, 111, 90, 90, 158, 231, 229, 222, 208, 187, 163, 138, 107, 105, 98, 171, 239, 246, 245, 245, 237, 228, 221, 195, 159, 196, 245, 250, 253, 253, 253, 244, 211, 213, 150, 75, 48, 60, 80, 141, 213, 208, 174, 115, 77, 73, 82, 143, 165, 162, 164, 163, 164, 166, 166, 166, 165, 164, 163, 162, 163, 164, 164, 165, 165, 166, 165, 166, 167, 167, 167, 168, 168, 168, 168, 169, 169, 169, 169, 170, 170, 170, 170, 171, 171, 172, 172, 172, 171, 172, 173, 173, 173, 173, 173, 173, 173, 175, 175, 175, 175, 176, 175, 176, 178, 178, 29]","[29, 29, 151, 151, 152, 153, 152, 154, 154, 154, 153, 153, 152, 153, 153, 154, 154, 153, 153, 154, 154, 153, 153, 153, 153, 153, 153, 152, 152, 152, 152, 152, 153, 152, 152, 152, 152, 153, 154, 154, 154, 153, 153, 154, 154, 153, 154, 155, 154, 154, 154, 155, 157, 158, 157, 157, 158, 158, 158, 158, 158, 158, 159, 159, 160, 160, 160, 159, 159, 159, 159, 159, 160, 160, 160, 160, 160, 160, 160, 161, 162, 165, 158, 164, 219, 221, 174, 179, 176, 164, 157, 152, 156, 146, 117, 89, 87, 135, 230, 231, 217, 198, 182, 158, 125, 101, 107, 101, 194, 243, 247, 247, 248, 242, 225, 207, 188, 159, 189, 244, 250, 251, 252, 253, 246, 208, 204, 137, 67, 49, 60, 76, 144, 211, 200, 163, 107, 77, 76, 88, 156, 166, 161, 161, 162, 164, 165, 165, 165, 164, 164, 163, 163, 164, 164, 165, 165, 166, 166, 166, 166, 166, 167, 167, 168, 168, 168, 168, 168, 168, 168, 169, 170, 171, 171, 170, 170, 171, 172, 172, 172, 171, 172, 173, 173, 173, 173, 173, 173, 174, 174, 175, 175, 175, 176, 175, 176, 178, 178, 29]","[29, 29, 151, 151, 152, 153, 152, 153, 154, 153, 153, 152, 152, 152, 153, 153, 152, 152, 153, 154, 154, 153, 153, 153, 154, 154, 153, 153, 153, 154, 153, 153, 153, 152, 152, 151, 151, 152, 153, 154, 153, 153, 154, 154, 154, 153, 154, 155, 155, 155, 155, 155, 156, 157, 157, 157, 157, 158, 158, 158, 158, 158, 159, 160, 160, 160, 159, 159, 159, 159, 159, 159, 160, 160, 160, 160, 160, 160, 160, 161, 162, 162, 158, 180, 238, 230, 162, 168, 168, 162, 154, 152, 155, 144, 108, 83, 87, 117, 230, 230, 217, 193, 178, 156, 119, 96, 101, 103, 213, 244, 247, 249, 249, 245, 229, 203, 180, 154, 185, 247, 249, 250, 250, 249, 237, 201, 177, 106, 56, 53, 60, 78, 151, 204, 194, 154, 107, 72, 77, 107, 165, 167, 166, 161, 162, 164, 165, 164, 163, 163, 163, 162, 164, 164, 165, 165, 166, 167, 167, 166, 166, 166, 166, 167, 167, 167, 167, 167, 169, 168, 168, 169, 170, 170, 170, 169, 169, 170, 171, 172, 171, 171, 172, 173, 173, 173, 173, 173, 173, 173, 174, 175, 175, 175, 176, 176, 176, 178, 178, 28]","[30, 29, 151, 152, 152, 154, 152, 153, 154, 154, 153, 152, 152, 152, 153, 153, 152, 152, 153, 155, 155, 153, 153, 153, 153, 153, 152, 153, 153, 154, 153, 153, 153, 152, 152, 151, 151, 152, 153, 154, 153, 153, 153, 154, 153, 153, 153, 155, 155, 156, 156, 156, 155, 155, 157, 158, 157, 157, 158, 158, 157, 158, 159, 160, 160, 159, 159, 158, 158, 159, 160, 160, 160, 160, 160, 160, 160, 159, 160, 161, 164, 161, 160, 188, 247, 241, 177, 144, 151, 152, 150, 153, 139, 113, 80, 77, 90, 112, 227, 227, 220, 198, 182, 164, 129, 104, 100, 107, 221, 245, 246, 250, 249, 243, 218, 205, 187, 156, 185, 240, 241, 242, 234, 204, 163, 136, 111, 65, 39, 49, 53, 84, 161, 198, 184, 143, 97, 68, 78, 124, 167, 165, 167, 161, 163, 164, 165, 164, 163, 162, 162, 162, 163, 164, 164, 165, 166, 167, 167, 166, 167, 167, 167, 167, 167, 167, 167, 167, 169, 168, 168, 168, 169, 169, 169, 169, 169, 170, 172, 172, 172, 171, 172, 173, 174, 174, 173, 173, 173, 173, 174, 175, 176, 176, 177, 176, 177, 178, 178, 29]","[30, 29, 151, 152, 153, 155, 153, 154, 154, 154, 154, 153, 153, 153, 153, 153, 153, 153, 153, 154, 154, 154, 153, 153, 153, 152, 152, 152, 153, 154, 153, 152, 152, 152, 152, 151, 151, 151, 152, 153, 153, 153, 153, 153, 153, 153, 153, 154, 155, 156, 157, 156, 155, 155, 156, 158, 158, 158, 158, 158, 157, 157, 158, 159, 159, 159, 159, 159, 159, 159, 160, 161, 160, 160, 160, 160, 160, 160, 161, 163, 163, 163, 162, 205, 245, 244, 202, 145, 138, 142, 141, 141, 122, 93, 67, 72, 90, 115, 224, 218, 211, 195, 187, 178, 144, 116, 104, 110, 221, 244, 248, 250, 251, 242, 212, 194, 197, 169, 163, 222, 225, 193, 155, 128, 104, 95, 69, 42, 47, 56, 58, 102, 176, 190, 154, 106, 76, 68, 81, 132, 166, 161, 163, 162, 163, 164, 165, 163, 162, 162, 162, 162, 162, 162, 163, 163, 165, 166, 166, 165, 167, 167, 167, 167, 167, 167, 167, 167, 167, 167, 166, 166, 167, 167, 168, 169, 169, 170, 171, 172, 171, 171, 171, 172, 172, 172, 173, 172, 173, 173, 174, 175, 176, 176, 177, 176, 177, 178, 178, 29]","[29, 29, 150, 151, 152, 154, 153, 153, 153, 154, 154, 153, 153, 153, 153, 153, 154, 152, 152, 152, 153, 153, 153, 153, 153, 153, 152, 153, 154, 154, 153, 152, 152, 152, 152, 151, 151, 151, 152, 153, 153, 152, 152, 153, 154, 154, 154, 154, 155, 156, 156, 156, 155, 155, 157, 158, 159, 159, 159, 158, 157, 157, 158, 159, 160, 160, 160, 159, 160, 160, 160, 161, 160, 160, 160, 161, 161, 162, 163, 165, 160, 160, 186, 241, 248, 243, 214, 161, 131, 137, 140, 132, 116, 88, 67, 68, 81, 113, 218, 210, 199, 190, 188, 179, 151, 117, 105, 117, 223, 244, 249, 250, 253, 251, 238, 203, 207, 185, 133, 165, 165, 133, 101, 89, 77, 68, 46, 37, 43, 51, 60, 109, 173, 170, 119, 79, 64, 67, 82, 138, 168, 161, 166, 165, 163, 163, 163, 162, 162, 162, 162, 162, 162, 162, 162, 163, 165, 166, 166, 165, 166, 166, 166, 167, 167, 167, 167, 167, 166, 166, 166, 166, 166, 167, 169, 170, 169, 170, 171, 171, 171, 171, 171, 172, 171, 172, 172, 172, 172, 173, 174, 174, 175, 175, 176, 176, 176, 178, 178, 29]","[29, 28, 150, 151, 151, 153, 151, 151, 152, 153, 153, 153, 152, 152, 152, 152, 154, 152, 150, 150, 151, 152, 153, 153, 154, 153, 152, 153, 153, 154, 153, 151, 151, 152, 152, 152, 151, 151, 152, 152, 153, 152, 152, 153, 154, 154, 154, 155, 155, 155, 155, 155, 156, 156, 157, 158, 158, 159, 159, 158, 157, 157, 159, 160, 161, 160, 160, 160, 160, 160, 160, 160, 159, 159, 160, 161, 161, 162, 163, 165, 160, 170, 229, 251, 248, 247, 226, 162, 124, 133, 148, 138, 119, 77, 60, 66, 70, 106, 212, 215, 211, 209, 205, 185, 163, 123, 113, 130, 233, 244, 251, 250, 253, 252, 249, 223, 216, 196, 116, 78, 75, 73, 62, 52, 41, 37, 35, 37, 45, 49, 54, 88, 131, 121, 78, 63, 73, 71, 87, 145, 169, 159, 167, 161, 162, 163, 162, 162, 162, 162, 162, 162, 162, 162, 162, 163, 165, 166, 166, 165, 166, 166, 167, 167, 168, 168, 168, 168, 168, 168, 168, 167, 167, 168, 170, 172, 170, 171, 172, 172, 172, 172, 172, 172, 172, 173, 173, 174, 173, 173, 173, 173, 176, 175, 177, 177, 177, 179, 179, 29]","[29, 29, 151, 151, 152, 153, 151, 152, 153, 153, 153, 153, 153, 154, 154, 155, 153, 150, 147, 147, 150, 153, 154, 154, 154, 154, 153, 153, 153, 154, 154, 153, 155, 154, 152, 151, 150, 151, 153, 154, 154, 153, 153, 153, 154, 154, 154, 153, 156, 155, 155, 157, 158, 157, 157, 158, 158, 159, 159, 159, 158, 158, 159, 160, 159, 160, 160, 161, 161, 161, 161, 160, 160, 159, 159, 160, 161, 162, 162, 162, 160, 211, 251, 250, 249, 243, 217, 167, 119, 128, 159, 148, 97, 69, 68, 71, 74, 103, 208, 228, 226, 224, 207, 187, 167, 147, 128, 146, 238, 247, 252, 251, 252, 251, 250, 224, 217, 202, 122, 74, 79, 73, 51, 36, 38, 36, 38, 46, 45, 48, 44, 55, 78, 75, 62, 68, 73, 76, 91, 145, 168, 162, 164, 163, 163, 163, 162, 163, 164, 164, 164, 164, 163, 162, 161, 161, 163, 165, 165, 164, 165, 165, 166, 166, 167, 168, 169, 169, 168, 168, 167, 167, 167, 166, 168, 169, 169, 170, 170, 169, 169, 170, 171, 171, 172, 172, 172, 173, 174, 175, 175, 174, 175, 176, 176, 176, 178, 179, 178, 29]","[30, 29, 151, 151, 151, 152, 151, 152, 153, 153, 152, 152, 152, 153, 154, 154, 152, 150, 147, 147, 149, 152, 153, 153, 153, 153, 153, 152, 153, 153, 153, 152, 153, 152, 151, 151, 151, 151, 152, 153, 154, 153, 153, 154, 154, 155, 155, 155, 157, 156, 156, 159, 160, 159, 158, 159, 158, 158, 158, 158, 158, 158, 159, 160, 160, 160, 160, 161, 161, 161, 160, 160, 159, 159, 159, 160, 161, 162, 162, 162, 171, 232, 252, 250, 237, 220, 201, 159, 125, 126, 156, 128, 98, 106, 111, 94, 81, 100, 207, 232, 233, 233, 218, 191, 160, 154, 147, 166, 241, 248, 249, 253, 249, 250, 246, 223, 220, 203, 126, 96, 157, 147, 80, 48, 42, 40, 45, 46, 48, 49, 48, 54, 65, 65, 64, 73, 76, 76, 94, 151, 166, 162, 164, 163, 162, 162, 162, 163, 164, 165, 165, 165, 164, 164, 163, 162, 163, 165, 166, 166, 165, 165, 164, 165, 165, 166, 167, 168, 169, 168, 167, 167, 166, 166, 167, 168, 168, 169, 169, 169, 169, 170, 171, 171, 171, 171, 170, 171, 172, 172, 173, 172, 175, 175, 176, 176, 177, 179, 178, 29]","[29, 29, 151, 151, 151, 152, 152, 153, 153, 153, 152, 152, 152, 153, 153, 153, 152, 150, 149, 149, 150, 151, 152, 152, 153, 153, 152, 152, 152, 153, 153, 152, 151, 151, 151, 151, 152, 152, 152, 153, 154, 153, 153, 154, 155, 156, 157, 157, 158, 157, 158, 160, 160, 159, 158, 159, 158, 158, 157, 157, 157, 158, 159, 159, 160, 160, 160, 160, 160, 160, 160, 160, 159, 159, 160, 161, 162, 162, 162, 162, 176, 239, 252, 253, 249, 250, 246, 222, 188, 157, 158, 143, 154, 161, 135, 91, 85, 103, 208, 231, 232, 224, 198, 160, 153, 154, 148, 166, 241, 249, 250, 249, 248, 235, 208, 183, 187, 176, 118, 123, 230, 234, 172, 95, 54, 48, 52, 52, 53, 52, 55, 60, 63, 67, 72, 76, 82, 81, 106, 161, 164, 162, 164, 163, 162, 162, 162, 163, 163, 164, 164, 164, 165, 165, 164, 163, 163, 165, 166, 167, 165, 165, 164, 164, 165, 166, 167, 168, 168, 168, 167, 166, 166, 165, 166, 167, 166, 168, 169, 169, 168, 169, 170, 171, 173, 172, 172, 172, 172, 173, 173, 173, 174, 175, 175, 175, 176, 177, 176, 29]","[29, 30, 152, 152, 151, 152, 152, 154, 154, 153, 152, 152, 153, 153, 153, 152, 153, 152, 152, 151, 151, 151, 151, 151, 153, 153, 152, 152, 152, 153, 153, 153, 152, 152, 152, 152, 153, 153, 153, 153, 154, 154, 153, 154, 155, 156, 157, 158, 158, 157, 158, 159, 159, 158, 157, 157, 159, 158, 157, 157, 157, 158, 159, 159, 160, 160, 160, 159, 159, 159, 159, 160, 160, 160, 161, 161, 162, 163, 163, 163, 163, 215, 248, 253, 248, 253, 250, 250, 245, 226, 188, 160, 173, 161, 123, 81, 79, 92, 191, 229, 225, 202, 184, 178, 168, 153, 136, 155, 238, 242, 244, 233, 203, 161, 123, 120, 141, 137, 96, 120, 235, 244, 239, 176, 109, 58, 43, 50, 52, 53, 59, 63, 65, 70, 77, 79, 87, 89, 126, 167, 162, 162, 163, 163, 162, 162, 162, 162, 163, 163, 162, 162, 164, 164, 164, 163, 163, 164, 165, 166, 166, 165, 165, 164, 165, 166, 167, 168, 167, 166, 166, 166, 166, 165, 166, 167, 166, 167, 169, 168, 167, 167, 168, 169, 172, 171, 171, 171, 171, 171, 172, 172, 173, 174, 175, 174, 175, 175, 176, 28]","[29, 30, 152, 151, 150, 152, 151, 153, 154, 153, 152, 152, 153, 153, 153, 152, 153, 153, 153, 152, 152, 151, 152, 152, 153, 153, 152, 151, 151, 153, 153, 153, 152, 152, 152, 152, 153, 153, 153, 154, 154, 154, 154, 154, 154, 155, 156, 157, 158, 158, 158, 158, 157, 157, 156, 157, 158, 157, 156, 156, 157, 158, 159, 159, 160, 160, 159, 159, 159, 159, 159, 160, 161, 161, 161, 161, 162, 164, 165, 166, 160, 184, 232, 250, 253, 253, 248, 251, 246, 238, 201, 180, 183, 157, 112, 85, 86, 88, 174, 221, 209, 187, 185, 197, 184, 157, 126, 128, 207, 229, 215, 176, 132, 101, 83, 85, 89, 82, 72, 115, 229, 241, 247, 229, 180, 104, 57, 49, 53, 60, 63, 64, 67, 73, 81, 89, 88, 99, 146, 167, 160, 162, 162, 162, 162, 162, 162, 163, 163, 162, 162, 162, 162, 163, 163, 163, 162, 163, 165, 165, 166, 166, 165, 164, 165, 165, 166, 167, 167, 166, 165, 165, 166, 166, 166, 167, 166, 167, 169, 168, 167, 167, 168, 169, 172, 172, 171, 171, 171, 172, 172, 173, 173, 174, 175, 175, 175, 175, 176, 29]","[29, 29, 151, 150, 150, 151, 150, 152, 153, 152, 152, 152, 152, 152, 152, 152, 152, 153, 153, 153, 152, 152, 152, 152, 152, 152, 151, 150, 150, 152, 153, 153, 152, 152, 152, 152, 152, 153, 153, 154, 154, 154, 154, 154, 154, 154, 155, 156, 158, 159, 158, 158, 157, 157, 157, 157, 158, 157, 156, 156, 157, 158, 159, 159, 159, 159, 159, 159, 159, 159, 160, 160, 160, 160, 161, 161, 162, 164, 166, 168, 161, 187, 242, 252, 250, 248, 250, 246, 230, 203, 177, 177, 164, 135, 95, 88, 91, 90, 160, 216, 208, 195, 190, 178, 163, 140, 107, 84, 123, 157, 128, 93, 73, 61, 60, 64, 60, 52, 56, 88, 209, 239, 238, 221, 201, 155, 78, 54, 59, 66, 68, 68, 75, 80, 85, 94, 92, 116, 158, 163, 159, 163, 163, 163, 161, 162, 163, 163, 163, 163, 163, 164, 161, 162, 163, 163, 163, 164, 165, 165, 167, 166, 166, 165, 165, 166, 166, 167, 167, 166, 165, 166, 166, 166, 166, 166, 166, 168, 168, 168, 167, 168, 169, 170, 172, 173, 173, 173, 173, 173, 174, 175, 175, 174, 175, 175, 176, 175, 176, 29]","[29, 29, 150, 150, 150, 151, 150, 152, 153, 152, 152, 152, 152, 153, 153, 153, 153, 153, 153, 153, 152, 151, 151, 151, 151, 151, 150, 150, 151, 152, 153, 152, 152, 152, 152, 152, 153, 153, 154, 154, 154, 154, 155, 155, 154, 154, 155, 156, 157, 158, 158, 158, 158, 158, 158, 158, 157, 156, 155, 155, 155, 156, 157, 158, 158, 158, 159, 159, 160, 160, 160, 160, 160, 160, 161, 161, 162, 164, 166, 167, 161, 194, 249, 253, 251, 252, 249, 229, 208, 200, 200, 202, 155, 118, 95, 96, 96, 102, 159, 216, 211, 184, 177, 172, 157, 131, 97, 70, 61, 70, 65, 70, 58, 53, 50, 43, 35, 30, 48, 74, 165, 223, 227, 205, 190, 160, 85, 67, 64, 68, 71, 74, 80, 85, 88, 94, 102, 139, 163, 161, 161, 162, 164, 163, 161, 162, 163, 163, 163, 163, 163, 164, 162, 162, 163, 163, 163, 165, 166, 166, 167, 167, 167, 166, 166, 166, 166, 167, 167, 166, 165, 166, 166, 166, 167, 167, 167, 168, 168, 167, 167, 168, 169, 169, 170, 170, 171, 172, 172, 172, 173, 173, 175, 174, 175, 175, 176, 175, 176, 29]","[30, 29, 150, 150, 150, 152, 151, 153, 153, 153, 153, 153, 153, 153, 154, 154, 154, 154, 154, 153, 152, 151, 150, 150, 150, 151, 151, 151, 152, 153, 153, 152, 151, 152, 152, 153, 154, 154, 155, 155, 154, 154, 155, 155, 155, 155, 155, 156, 156, 157, 158, 158, 158, 159, 159, 159, 158, 157, 156, 154, 154, 155, 155, 156, 158, 158, 159, 159, 160, 160, 161, 161, 160, 160, 161, 162, 162, 163, 164, 165, 161, 193, 251, 253, 250, 253, 251, 244, 246, 249, 248, 246, 182, 121, 96, 86, 100, 138, 187, 218, 209, 179, 196, 222, 210, 173, 112, 66, 36, 26, 36, 35, 40, 34, 27, 26, 32, 30, 47, 61, 128, 210, 215, 190, 165, 130, 85, 64, 67, 72, 78, 80, 80, 84, 93, 101, 112, 157, 162, 161, 162, 161, 164, 160, 161, 162, 162, 163, 162, 162, 162, 162, 162, 162, 162, 162, 163, 165, 166, 167, 166, 166, 166, 166, 166, 166, 165, 165, 166, 165, 165, 166, 167, 167, 168, 168, 168, 168, 168, 166, 166, 167, 168, 168, 170, 171, 172, 173, 173, 173, 174, 174, 175, 174, 174, 174, 175, 174, 175, 28]","[29, 30, 150, 152, 152, 153, 153, 152, 152, 152, 153, 153, 153, 153, 153, 153, 154, 154, 153, 152, 151, 150, 148, 146, 147, 150, 151, 151, 152, 154, 154, 152, 151, 151, 153, 154, 154, 155, 155, 154, 154, 154, 154, 154, 154, 155, 155, 155, 157, 157, 157, 157, 158, 158, 159, 159, 158, 155, 153, 154, 155, 155, 156, 157, 158, 158, 158, 158, 158, 159, 160, 161, 160, 161, 161, 162, 162, 163, 164, 165, 161, 195, 250, 253, 252, 252, 253, 253, 253, 251, 253, 251, 207, 139, 114, 103, 159, 195, 209, 220, 211, 193, 238, 244, 236, 211, 167, 71, 43, 30, 29, 34, 30, 26, 29, 31, 32, 38, 44, 47, 105, 179, 188, 162, 130, 94, 71, 69, 72, 77, 80, 83, 90, 92, 101, 98, 122, 166, 162, 161, 161, 163, 162, 160, 163, 162, 162, 162, 163, 163, 163, 163, 162, 163, 163, 164, 165, 166, 167, 167, 167, 168, 168, 168, 167, 167, 167, 167, 165, 166, 167, 167, 166, 167, 168, 168, 169, 168, 168, 167, 167, 168, 168, 169, 170, 171, 172, 172, 173, 173, 174, 175, 175, 175, 175, 175, 175, 175, 176, 29]","[29, 29, 149, 151, 152, 152, 152, 151, 151, 152, 153, 153, 153, 153, 154, 154, 155, 155, 155, 154, 153, 152, 150, 148, 147, 149, 151, 151, 152, 153, 153, 152, 152, 152, 153, 154, 154, 155, 155, 155, 155, 155, 155, 155, 155, 155, 155, 155, 158, 158, 158, 158, 159, 159, 159, 159, 157, 155, 154, 155, 156, 157, 157, 158, 158, 158, 158, 158, 159, 159, 160, 161, 161, 161, 162, 162, 162, 163, 164, 165, 161, 196, 251, 252, 253, 252, 253, 253, 253, 255, 251, 252, 228, 164, 136, 126, 183, 210, 203, 220, 218, 221, 244, 247, 232, 208, 184, 108, 61, 43, 56, 68, 40, 35, 30, 32, 35, 35, 44, 44, 81, 144, 151, 119, 90, 67, 60, 67, 73, 77, 84, 90, 96, 99, 101, 96, 127, 164, 161, 161, 161, 161, 162, 160, 162, 162, 162, 163, 163, 164, 164, 163, 162, 162, 163, 163, 163, 164, 165, 165, 166, 166, 167, 167, 166, 166, 166, 165, 164, 165, 165, 166, 166, 166, 166, 167, 166, 166, 166, 166, 166, 167, 168, 169, 168, 169, 170, 171, 171, 172, 173, 174, 174, 173, 174, 173, 174, 174, 175, 28]","[29, 30, 149, 151, 152, 152, 152, 151, 151, 152, 153, 153, 153, 153, 154, 154, 154, 155, 155, 154, 153, 152, 150, 148, 147, 150, 152, 152, 153, 154, 154, 153, 153, 153, 153, 153, 154, 154, 155, 155, 155, 155, 155, 155, 155, 155, 155, 155, 156, 156, 157, 157, 159, 159, 159, 158, 158, 156, 156, 157, 158, 158, 158, 158, 158, 158, 158, 159, 159, 160, 160, 161, 161, 161, 162, 162, 163, 163, 164, 165, 159, 198, 250, 251, 253, 253, 253, 253, 252, 255, 249, 251, 242, 197, 149, 133, 203, 220, 205, 223, 220, 232, 246, 246, 229, 202, 183, 133, 97, 87, 116, 132, 69, 38, 41, 37, 36, 39, 39, 48, 63, 110, 118, 87, 67, 57, 61, 71, 76, 82, 90, 94, 97, 103, 102, 100, 137, 163, 160, 163, 161, 161, 162, 161, 162, 162, 163, 164, 165, 165, 165, 165, 164, 164, 164, 164, 163, 164, 165, 166, 166, 166, 166, 166, 166, 166, 165, 165, 164, 165, 166, 167, 167, 167, 167, 167, 166, 167, 167, 167, 167, 168, 170, 171, 168, 170, 171, 172, 172, 172, 172, 173, 173, 173, 173, 173, 174, 174, 175, 29]","[29, 30, 149, 150, 151, 151, 152, 152, 151, 152, 153, 153, 153, 153, 153, 154, 152, 153, 154, 153, 152, 151, 149, 147, 147, 150, 152, 153, 153, 153, 153, 153, 152, 152, 152, 152, 153, 154, 154, 155, 154, 154, 154, 154, 154, 154, 154, 154, 154, 154, 154, 155, 157, 158, 158, 158, 158, 158, 158, 159, 159, 159, 158, 158, 158, 158, 158, 159, 159, 160, 160, 161, 160, 161, 161, 162, 163, 164, 165, 165, 157, 198, 250, 250, 254, 253, 252, 253, 253, 254, 253, 254, 250, 238, 180, 147, 211, 216, 204, 220, 221, 229, 244, 234, 209, 194, 178, 145, 136, 135, 185, 214, 140, 65, 41, 41, 39, 35, 38, 44, 39, 68, 79, 61, 57, 57, 64, 73, 81, 90, 95, 97, 100, 107, 102, 110, 150, 162, 159, 163, 161, 161, 162, 162, 162, 162, 163, 164, 166, 166, 166, 165, 165, 166, 166, 165, 165, 165, 166, 167, 166, 166, 166, 166, 166, 166, 165, 165, 165, 165, 167, 167, 168, 168, 167, 167, 167, 168, 169, 169, 168, 169, 171, 172, 170, 171, 173, 173, 172, 172, 172, 173, 174, 173, 173, 173, 174, 174, 176, 29]","[29, 29, 147, 148, 148, 149, 151, 151, 151, 152, 153, 153, 153, 152, 152, 152, 152, 153, 154, 153, 152, 151, 150, 148, 147, 149, 151, 152, 152, 152, 152, 152, 151, 151, 151, 151, 152, 153, 154, 155, 154, 154, 154, 154, 154, 154, 154, 154, 154, 154, 154, 154, 156, 157, 158, 158, 158, 158, 159, 159, 160, 160, 159, 158, 158, 158, 158, 159, 159, 159, 160, 160, 160, 160, 161, 161, 162, 163, 164, 164, 158, 197, 250, 250, 253, 252, 252, 252, 253, 252, 252, 252, 249, 252, 215, 160, 198, 213, 206, 219, 225, 227, 236, 222, 207, 190, 167, 138, 143, 143, 213, 241, 221, 117, 59, 35, 36, 41, 34, 44, 38, 49, 58, 52, 57, 62, 71, 80, 88, 94, 97, 104, 110, 108, 104, 125, 159, 161, 158, 161, 161, 161, 162, 161, 161, 161, 162, 163, 165, 165, 164, 164, 163, 164, 164, 164, 164, 164, 165, 165, 166, 165, 165, 165, 166, 166, 165, 164, 164, 164, 165, 166, 167, 167, 166, 166, 166, 167, 168, 168, 168, 169, 170, 172, 170, 171, 172, 172, 171, 171, 171, 171, 173, 172, 173, 173, 173, 174, 175, 29]","[30, 29, 146, 147, 147, 149, 150, 151, 151, 152, 152, 153, 153, 152, 151, 151, 151, 152, 153, 153, 152, 151, 150, 149, 148, 150, 151, 152, 152, 152, 152, 152, 151, 151, 151, 151, 152, 153, 153, 154, 154, 154, 154, 154, 154, 154, 154, 154, 155, 155, 154, 154, 154, 155, 157, 158, 157, 158, 159, 159, 160, 160, 159, 158, 158, 158, 158, 159, 159, 159, 159, 159, 161, 160, 160, 161, 162, 163, 163, 163, 159, 196, 249, 251, 252, 252, 252, 252, 253, 255, 254, 252, 253, 252, 243, 179, 184, 188, 164, 182, 214, 225, 209, 168, 130, 108, 96, 93, 115, 132, 229, 246, 246, 197, 108, 54, 36, 35, 43, 38, 43, 46, 52, 53, 59, 62, 71, 82, 92, 96, 101, 109, 111, 104, 113, 147, 164, 161, 160, 161, 161, 161, 161, 162, 161, 161, 162, 163, 164, 164, 164, 163, 162, 162, 163, 164, 165, 165, 165, 165, 166, 165, 165, 165, 166, 166, 165, 165, 165, 165, 166, 167, 168, 168, 167, 167, 167, 168, 168, 169, 169, 170, 171, 173, 172, 172, 172, 172, 172, 171, 171, 171, 173, 172, 172, 172, 173, 173, 175, 29]","[30, 29, 147, 147, 147, 149, 151, 151, 151, 151, 151, 152, 153, 152, 151, 150, 150, 151, 152, 151, 151, 150, 150, 149, 150, 150, 151, 152, 152, 152, 152, 152, 151, 151, 151, 151, 152, 152, 153, 153, 154, 154, 154, 154, 154, 154, 154, 154, 154, 154, 154, 154, 154, 154, 156, 157, 156, 158, 159, 159, 159, 160, 159, 158, 158, 159, 159, 159, 159, 159, 159, 159, 161, 160, 160, 161, 162, 162, 162, 162, 158, 191, 245, 250, 252, 252, 253, 253, 250, 253, 252, 253, 255, 251, 251, 212, 151, 128, 97, 104, 132, 155, 131, 89, 64, 56, 60, 69, 85, 113, 228, 243, 247, 231, 172, 95, 41, 38, 38, 35, 39, 43, 47, 57, 63, 67, 76, 88, 96, 100, 107, 111, 109, 110, 135, 160, 163, 162, 163, 162, 162, 162, 161, 163, 162, 162, 162, 163, 163, 164, 163, 162, 163, 162, 163, 164, 165, 166, 166, 166, 166, 165, 165, 166, 167, 167, 166, 165, 167, 167, 167, 168, 169, 169, 169, 168, 168, 168, 169, 169, 170, 171, 172, 172, 172, 172, 172, 172, 172, 172, 172, 172, 173, 172, 172, 172, 173, 173, 175, 29]","[29, 28, 146, 146, 147, 148, 150, 150, 150, 150, 150, 152, 153, 153, 151, 150, 150, 151, 152, 151, 150, 150, 150, 150, 150, 150, 150, 151, 152, 151, 151, 151, 152, 152, 152, 152, 152, 152, 152, 152, 153, 153, 153, 154, 154, 154, 154, 154, 153, 154, 155, 154, 154, 154, 156, 157, 157, 159, 160, 159, 159, 160, 159, 158, 159, 159, 159, 159, 159, 159, 159, 159, 160, 160, 160, 160, 162, 162, 163, 162, 156, 186, 242, 249, 250, 251, 253, 253, 254, 254, 252, 254, 251, 253, 249, 242, 179, 120, 88, 77, 88, 115, 110, 77, 56, 57, 54, 54, 61, 100, 226, 243, 242, 220, 188, 129, 58, 45, 39, 41, 40, 44, 44, 57, 65, 72, 80, 92, 101, 104, 112, 112, 114, 129, 158, 159, 160, 160, 164, 161, 162, 161, 159, 163, 162, 162, 162, 162, 163, 163, 162, 161, 163, 162, 161, 162, 164, 166, 166, 165, 165, 164, 164, 165, 166, 166, 165, 164, 166, 166, 166, 167, 168, 168, 168, 167, 168, 168, 168, 168, 168, 169, 169, 170, 170, 170, 169, 169, 170, 171, 171, 171, 173, 172, 172, 172, 173, 173, 175, 29]","[29, 27, 143, 143, 148, 146, 149, 150, 151, 151, 152, 153, 153, 152, 151, 151, 147, 151, 152, 151, 150, 151, 151, 150, 150, 150, 150, 150, 151, 151, 150, 150, 152, 153, 154, 153, 154, 153, 152, 153, 151, 152, 154, 155, 152, 150, 150, 153, 155, 154, 154, 154, 155, 155, 155, 154, 155, 157, 159, 160, 160, 159, 159, 159, 157, 158, 159, 159, 160, 160, 159, 158, 160, 161, 161, 161, 162, 163, 163, 162, 162, 180, 229, 244, 247, 249, 252, 252, 253, 252, 253, 253, 254, 253, 253, 252, 241, 190, 113, 96, 112, 173, 157, 90, 52, 49, 44, 38, 46, 87, 209, 232, 217, 196, 176, 139, 69, 49, 40, 43, 40, 40, 52, 60, 69, 78, 83, 98, 101, 111, 114, 113, 122, 146, 157, 162, 162, 163, 163, 162, 161, 162, 161, 160, 161, 161, 162, 163, 163, 163, 163, 163, 162, 163, 164, 165, 166, 166, 165, 164, 164, 165, 166, 166, 166, 165, 165, 166, 165, 166, 168, 168, 168, 167, 167, 167, 167, 167, 167, 169, 170, 170, 170, 170, 172, 171, 171, 170, 170, 171, 172, 173, 174, 173, 173, 173, 173, 172, 174, 28]","[30, 30, 150, 152, 155, 151, 153, 154, 153, 153, 155, 155, 156, 155, 155, 155, 153, 155, 155, 154, 155, 156, 156, 155, 153, 153, 153, 154, 155, 155, 154, 154, 155, 158, 158, 159, 159, 157, 155, 156, 158, 158, 158, 158, 156, 153, 152, 153, 160, 158, 156, 157, 161, 163, 161, 159, 162, 161, 161, 160, 160, 160, 160, 161, 164, 165, 166, 166, 166, 165, 165, 164, 161, 162, 163, 164, 165, 166, 167, 167, 167, 173, 210, 234, 237, 242, 250, 252, 253, 253, 252, 252, 253, 253, 253, 253, 251, 249, 238, 210, 214, 233, 220, 118, 53, 40, 41, 39, 39, 72, 174, 200, 189, 165, 144, 114, 64, 53, 43, 39, 42, 47, 57, 61, 72, 85, 92, 100, 108, 113, 107, 123, 144, 159, 165, 162, 161, 160, 159, 159, 158, 156, 155, 155, 160, 160, 160, 160, 160, 160, 161, 161, 163, 163, 163, 164, 165, 166, 165, 165, 162, 163, 164, 164, 164, 164, 165, 166, 160, 162, 164, 166, 166, 167, 167, 167, 167, 167, 168, 168, 167, 167, 168, 169, 170, 169, 168, 168, 168, 169, 171, 171, 173, 172, 172, 172, 173, 173, 174, 28]","[28, 31, 157, 159, 160, 156, 157, 158, 157, 158, 159, 160, 160, 160, 160, 160, 159, 160, 159, 159, 160, 162, 162, 161, 160, 160, 161, 161, 162, 162, 162, 162, 165, 167, 167, 167, 168, 167, 165, 166, 167, 167, 168, 170, 171, 171, 170, 171, 172, 170, 168, 169, 172, 174, 174, 172, 174, 173, 172, 172, 173, 174, 175, 175, 173, 174, 175, 174, 174, 174, 174, 174, 173, 174, 175, 175, 175, 175, 176, 176, 178, 172, 191, 217, 226, 238, 248, 250, 253, 253, 253, 253, 253, 253, 253, 253, 251, 251, 253, 250, 249, 247, 236, 134, 58, 38, 44, 44, 39, 57, 131, 177, 161, 120, 89, 66, 41, 41, 43, 42, 47, 55, 63, 68, 77, 89, 98, 104, 112, 108, 115, 153, 173, 175, 176, 174, 174, 171, 171, 173, 173, 170, 169, 171, 172, 172, 170, 170, 170, 171, 172, 172, 172, 171, 170, 170, 171, 172, 172, 172, 174, 173, 173, 172, 171, 171, 172, 172, 169, 170, 171, 172, 172, 172, 171, 171, 172, 171, 171, 171, 169, 168, 170, 172, 170, 170, 169, 169, 169, 170, 171, 172, 173, 172, 172, 172, 173, 173, 175, 28]","[28, 31, 158, 160, 160, 158, 159, 161, 161, 162, 163, 163, 163, 162, 162, 163, 162, 163, 162, 162, 162, 164, 165, 166, 166, 166, 167, 167, 168, 168, 168, 167, 169, 170, 169, 168, 170, 170, 170, 172, 170, 170, 170, 171, 172, 173, 173, 172, 172, 172, 172, 172, 172, 172, 173, 174, 174, 174, 175, 176, 177, 178, 178, 178, 179, 179, 178, 178, 178, 179, 180, 179, 179, 180, 182, 181, 180, 180, 180, 180, 183, 181, 186, 201, 216, 232, 246, 248, 251, 253, 253, 253, 253, 252, 252, 252, 254, 252, 251, 254, 250, 252, 244, 167, 73, 44, 43, 43, 44, 52, 88, 136, 126, 83, 58, 50, 41, 41, 44, 47, 51, 59, 67, 76, 84, 91, 101, 109, 107, 113, 148, 183, 185, 184, 183, 185, 184, 182, 182, 184, 185, 184, 184, 184, 182, 181, 179, 179, 179, 180, 180, 180, 183, 181, 179, 179, 180, 181, 180, 180, 182, 181, 180, 179, 178, 178, 178, 178, 180, 180, 180, 179, 179, 178, 177, 177, 177, 177, 176, 176, 175, 174, 176, 177, 174, 174, 174, 174, 174, 175, 175, 176, 175, 175, 175, 175, 175, 175, 176, 29]","[29, 30, 159, 160, 160, 160, 161, 162, 161, 162, 162, 163, 162, 162, 162, 162, 163, 164, 164, 164, 163, 165, 167, 168, 168, 168, 169, 169, 169, 169, 169, 169, 169, 171, 170, 169, 170, 171, 171, 173, 174, 174, 173, 172, 172, 173, 173, 174, 175, 176, 176, 176, 175, 174, 175, 177, 177, 178, 179, 180, 180, 179, 179, 179, 180, 179, 178, 178, 179, 179, 178, 175, 176, 178, 180, 181, 181, 181, 181, 181, 179, 186, 186, 188, 208, 221, 241, 248, 249, 251, 252, 251, 250, 251, 251, 251, 253, 252, 254, 250, 251, 251, 248, 206, 102, 56, 45, 46, 45, 45, 52, 83, 77, 50, 42, 47, 46, 41, 43, 46, 55, 62, 69, 79, 89, 95, 104, 109, 107, 143, 179, 189, 181, 184, 184, 183, 184, 184, 183, 183, 183, 183, 182, 180, 182, 181, 180, 179, 180, 180, 180, 180, 184, 183, 182, 182, 182, 182, 182, 182, 181, 181, 180, 180, 181, 181, 181, 181, 181, 181, 180, 179, 179, 180, 180, 181, 180, 179, 178, 179, 179, 179, 179, 180, 179, 179, 179, 179, 179, 179, 178, 178, 178, 178, 178, 178, 178, 178, 178, 30]","[29, 28, 160, 161, 161, 162, 162, 161, 161, 161, 161, 162, 162, 163, 163, 163, 164, 165, 166, 165, 165, 165, 167, 169, 169, 169, 170, 171, 170, 170, 170, 170, 171, 173, 173, 172, 174, 173, 172, 174, 171, 172, 172, 172, 172, 173, 175, 176, 175, 175, 174, 175, 175, 176, 176, 175, 177, 178, 179, 179, 178, 178, 178, 179, 179, 179, 179, 179, 180, 178, 174, 171, 176, 179, 181, 182, 182, 183, 183, 182, 180, 185, 181, 179, 201, 213, 235, 245, 249, 251, 251, 249, 248, 250, 251, 251, 253, 246, 248, 245, 252, 250, 247, 237, 149, 70, 40, 47, 45, 40, 39, 53, 51, 41, 40, 43, 42, 43, 50, 54, 61, 67, 73, 78, 89, 100, 104, 106, 128, 175, 186, 183, 181, 182, 182, 183, 185, 185, 185, 183, 183, 184, 182, 180, 182, 182, 181, 181, 182, 182, 182, 182, 182, 182, 181, 181, 182, 182, 182, 182, 182, 182, 182, 182, 182, 182, 182, 182, 181, 180, 179, 179, 179, 180, 181, 181, 181, 180, 179, 180, 180, 180, 179, 180, 180, 180, 180, 180, 180, 179, 179, 178, 179, 180, 180, 179, 179, 179, 179, 29]","[29, 28, 160, 161, 160, 162, 162, 160, 162, 161, 162, 162, 164, 165, 164, 164, 165, 165, 166, 167, 167, 166, 167, 168, 169, 170, 171, 172, 172, 171, 171, 172, 170, 172, 172, 172, 173, 172, 171, 173, 174, 175, 175, 174, 174, 175, 176, 176, 176, 176, 175, 175, 176, 177, 177, 177, 179, 179, 179, 179, 179, 180, 181, 181, 179, 180, 180, 180, 180, 179, 176, 174, 178, 179, 181, 181, 181, 182, 182, 181, 183, 182, 178, 175, 189, 206, 229, 240, 248, 251, 251, 249, 248, 248, 248, 246, 243, 245, 244, 243, 242, 243, 237, 237, 198, 112, 51, 43, 46, 42, 40, 40, 42, 41, 41, 42, 40, 44, 52, 56, 65, 70, 79, 82, 91, 103, 109, 117, 160, 186, 183, 182, 184, 182, 182, 186, 185, 185, 185, 185, 185, 184, 184, 183, 183, 183, 183, 183, 183, 183, 184, 184, 183, 183, 183, 183, 182, 182, 183, 183, 182, 182, 181, 181, 181, 181, 180, 179, 183, 182, 181, 180, 181, 181, 181, 181, 180, 180, 180, 180, 180, 180, 180, 181, 180, 180, 179, 179, 179, 179, 179, 179, 178, 179, 179, 178, 179, 179, 178, 29]","[30, 28, 161, 160, 159, 161, 162, 161, 162, 162, 161, 162, 164, 165, 165, 164, 166, 165, 166, 167, 168, 167, 167, 167, 167, 168, 170, 170, 171, 171, 171, 171, 171, 173, 172, 172, 173, 173, 173, 175, 173, 174, 174, 174, 175, 176, 176, 174, 174, 176, 177, 176, 174, 174, 176, 179, 179, 179, 178, 179, 180, 179, 179, 178, 179, 180, 179, 178, 178, 179, 180, 180, 179, 180, 180, 180, 181, 182, 183, 182, 180, 182, 182, 174, 173, 196, 224, 236, 246, 249, 251, 251, 248, 245, 242, 239, 238, 239, 240, 242, 242, 237, 232, 236, 221, 170, 95, 48, 41, 40, 41, 38, 40, 40, 39, 43, 40, 45, 53, 60, 66, 69, 83, 89, 96, 106, 117, 137, 179, 183, 186, 184, 180, 185, 183, 184, 184, 182, 182, 185, 185, 182, 182, 183, 183, 183, 183, 183, 183, 184, 185, 185, 185, 185, 184, 183, 182, 181, 182, 183, 182, 182, 181, 181, 182, 182, 182, 181, 181, 181, 180, 181, 181, 181, 181, 180, 180, 180, 181, 181, 180, 179, 181, 182, 180, 180, 179, 179, 179, 179, 180, 180, 178, 179, 180, 179, 180, 180, 179, 29]","[29, 29, 159, 160, 160, 161, 162, 162, 162, 161, 162, 164, 165, 164, 164, 165, 166, 166, 167, 167, 167, 167, 167, 166, 167, 168, 169, 170, 171, 171, 172, 171, 172, 172, 172, 172, 172, 172, 173, 173, 174, 174, 175, 175, 176, 176, 175, 175, 176, 175, 176, 176, 175, 176, 178, 180, 178, 179, 179, 179, 179, 178, 178, 178, 179, 179, 179, 179, 179, 179, 180, 180, 178, 179, 179, 180, 181, 181, 182, 182, 182, 182, 179, 180, 172, 178, 212, 235, 247, 246, 248, 249, 246, 244, 239, 233, 237, 236, 240, 241, 238, 236, 234, 229, 219, 198, 140, 73, 48, 40, 37, 42, 39, 41, 42, 43, 44, 47, 53, 57, 60, 75, 87, 95, 104, 109, 123, 165, 185, 184, 183, 182, 183, 183, 183, 182, 182, 183, 184, 184, 184, 183, 183, 182, 184, 183, 183, 182, 183, 183, 185, 186, 185, 184, 183, 182, 181, 182, 182, 183, 183, 183, 183, 181, 181, 182, 182, 181, 181, 180, 180, 180, 181, 181, 181, 180, 179, 179, 179, 179, 180, 180, 180, 181, 180, 180, 179, 179, 179, 179, 179, 179, 178, 179, 179, 178, 179, 179, 179, 29]","[29, 29, 159, 160, 160, 162, 162, 162, 162, 161, 162, 164, 165, 164, 164, 165, 166, 166, 166, 167, 167, 167, 167, 167, 167, 168, 168, 169, 170, 170, 170, 171, 171, 171, 171, 172, 172, 173, 174, 174, 174, 174, 174, 175, 175, 175, 175, 175, 175, 175, 175, 176, 176, 176, 177, 178, 178, 178, 179, 179, 179, 179, 179, 180, 179, 179, 179, 179, 179, 179, 179, 180, 179, 179, 179, 180, 180, 181, 181, 181, 179, 182, 180, 181, 172, 177, 215, 236, 244, 242, 244, 244, 240, 235, 231, 230, 239, 237, 238, 237, 232, 228, 229, 228, 218, 210, 190, 132, 73, 43, 42, 44, 41, 42, 43, 44, 44, 47, 52, 56, 67, 76, 86, 100, 108, 116, 145, 181, 183, 182, 182, 182, 183, 183, 183, 182, 182, 183, 183, 183, 183, 183, 183, 183, 183, 182, 182, 182, 182, 182, 183, 184, 184, 183, 182, 182, 181, 181, 182, 182, 182, 182, 181, 180, 180, 181, 181, 180, 181, 181, 180, 180, 181, 182, 181, 180, 180, 180, 180, 180, 180, 180, 180, 180, 180, 179, 179, 179, 179, 179, 179, 179, 179, 179, 179, 178, 179, 179, 178, 28]","[29, 29, 160, 161, 161, 162, 162, 162, 162, 161, 162, 163, 164, 164, 164, 164, 165, 165, 166, 166, 167, 167, 167, 168, 167, 167, 168, 168, 169, 170, 170, 171, 171, 171, 171, 172, 172, 173, 174, 174, 174, 174, 174, 174, 174, 174, 174, 174, 174, 174, 175, 176, 176, 175, 175, 176, 176, 177, 178, 179, 179, 179, 179, 180, 179, 179, 179, 179, 178, 178, 179, 179, 179, 179, 178, 179, 180, 180, 180, 179, 178, 181, 180, 181, 176, 180, 221, 236, 235, 230, 231, 231, 228, 226, 226, 229, 232, 231, 231, 229, 225, 225, 225, 222, 217, 208, 207, 190, 145, 78, 41, 41, 44, 44, 45, 46, 46, 49, 53, 57, 69, 81, 91, 103, 109, 132, 171, 187, 181, 181, 181, 182, 182, 183, 182, 182, 182, 182, 181, 181, 181, 182, 182, 183, 183, 182, 181, 181, 181, 181, 182, 183, 182, 182, 182, 181, 181, 181, 181, 181, 181, 181, 181, 180, 180, 181, 181, 180, 181, 180, 180, 180, 181, 181, 180, 180, 180, 180, 180, 179, 179, 179, 179, 179, 179, 179, 179, 179, 178, 179, 179, 179, 179, 179, 180, 179, 180, 179, 178, 29]","[29, 29, 160, 161, 161, 161, 162, 161, 162, 162, 162, 163, 164, 164, 164, 164, 165, 165, 165, 166, 166, 167, 167, 168, 167, 167, 168, 169, 170, 171, 172, 172, 171, 171, 171, 172, 172, 172, 173, 173, 173, 173, 173, 173, 173, 173, 174, 174, 174, 174, 174, 175, 176, 175, 175, 175, 175, 176, 177, 177, 177, 177, 178, 178, 179, 179, 179, 179, 178, 178, 179, 179, 179, 178, 177, 178, 179, 179, 179, 178, 179, 179, 178, 180, 179, 182, 221, 229, 221, 217, 220, 223, 224, 223, 219, 219, 224, 223, 219, 215, 218, 225, 225, 218, 200, 202, 201, 195, 179, 121, 65, 53, 46, 46, 46, 47, 49, 51, 55, 59, 68, 83, 97, 107, 111, 150, 183, 181, 180, 180, 181, 182, 182, 182, 182, 182, 182, 181, 181, 181, 181, 182, 182, 183, 182, 181, 180, 180, 180, 180, 180, 181, 181, 181, 181, 181, 181, 180, 180, 180, 180, 180, 180, 179, 179, 180, 180, 180, 179, 179, 179, 179, 179, 179, 179, 178, 178, 178, 178, 179, 179, 179, 179, 179, 179, 179, 179, 179, 178, 178, 179, 179, 178, 178, 178, 178, 179, 178, 178, 30]","[29, 29, 159, 160, 160, 161, 161, 161, 162, 162, 162, 162, 163, 164, 164, 164, 165, 165, 165, 165, 166, 166, 167, 167, 167, 168, 169, 170, 171, 171, 171, 171, 170, 171, 171, 171, 172, 172, 172, 172, 173, 172, 172, 172, 172, 172, 173, 173, 174, 174, 174, 174, 175, 174, 174, 175, 175, 175, 176, 176, 176, 176, 176, 176, 179, 179, 179, 178, 178, 178, 178, 179, 178, 177, 176, 177, 178, 179, 179, 178, 179, 179, 178, 179, 179, 179, 210, 216, 213, 210, 210, 211, 214, 213, 206, 203, 203, 205, 205, 206, 212, 216, 212, 204, 194, 193, 193, 181, 165, 131, 88, 58, 49, 48, 48, 49, 49, 51, 55, 59, 72, 81, 98, 111, 118, 166, 183, 178, 180, 180, 181, 182, 182, 182, 181, 181, 181, 181, 181, 181, 181, 181, 182, 182, 181, 180, 179, 179, 179, 179, 179, 180, 180, 180, 180, 180, 180, 180, 180, 180, 178, 179, 179, 178, 178, 179, 179, 179, 179, 179, 179, 179, 179, 179, 179, 178, 179, 179, 179, 179, 179, 179, 179, 179, 179, 179, 179, 179, 178, 177, 178, 178, 177, 176, 176, 176, 176, 176, 177, 30]","[29, 28, 159, 160, 160, 161, 162, 161, 162, 162, 162, 162, 163, 164, 164, 164, 165, 165, 165, 165, 165, 166, 167, 167, 167, 168, 169, 169, 170, 170, 169, 169, 169, 170, 170, 171, 171, 172, 172, 172, 172, 172, 172, 172, 172, 172, 172, 173, 174, 174, 174, 174, 174, 174, 174, 175, 175, 176, 176, 176, 176, 175, 175, 175, 178, 178, 178, 177, 177, 176, 177, 178, 176, 176, 176, 176, 177, 178, 179, 178, 177, 179, 180, 180, 179, 177, 200, 209, 212, 203, 197, 197, 203, 201, 188, 182, 180, 183, 184, 183, 181, 172, 163, 159, 154, 141, 144, 144, 132, 110, 83, 56, 52, 50, 49, 50, 49, 50, 54, 59, 73, 82, 99, 107, 126, 179, 183, 178, 180, 180, 181, 181, 182, 181, 181, 180, 180, 180, 180, 181, 181, 181, 181, 181, 181, 179, 178, 179, 179, 180, 180, 180, 179, 179, 179, 179, 179, 179, 179, 179, 178, 178, 178, 178, 178, 179, 179, 178, 179, 179, 179, 179, 179, 179, 179, 178, 178, 179, 179, 179, 178, 178, 178, 177, 178, 178, 178, 178, 177, 176, 176, 177, 178, 177, 176, 175, 175, 175, 176, 30]","[29, 29, 159, 159, 160, 161, 162, 162, 162, 162, 162, 161, 162, 164, 164, 164, 164, 164, 164, 165, 165, 166, 167, 168, 168, 168, 168, 168, 169, 168, 168, 168, 169, 169, 170, 171, 171, 171, 171, 171, 171, 171, 171, 171, 172, 172, 172, 172, 173, 173, 173, 173, 173, 173, 173, 175, 175, 175, 176, 176, 175, 175, 175, 175, 176, 176, 176, 175, 175, 175, 176, 176, 176, 176, 176, 176, 177, 177, 178, 178, 177, 178, 179, 180, 179, 177, 190, 203, 206, 194, 185, 184, 185, 174, 158, 153, 154, 160, 160, 155, 153, 151, 150, 152, 150, 142, 141, 129, 116, 104, 89, 70, 55, 53, 52, 51, 50, 50, 54, 60, 71, 83, 100, 104, 138, 184, 181, 179, 179, 179, 179, 180, 181, 181, 181, 180, 179, 179, 179, 180, 180, 180, 180, 180, 180, 178, 177, 178, 179, 180, 180, 181, 180, 179, 179, 179, 179, 179, 179, 179, 178, 179, 179, 178, 178, 179, 178, 178, 178, 178, 178, 178, 178, 178, 177, 177, 176, 176, 177, 177, 176, 176, 176, 175, 176, 176, 177, 176, 175, 175, 175, 176, 178, 177, 176, 176, 175, 174, 176, 29]","[30, 29, 159, 159, 159, 161, 162, 163, 162, 162, 162, 161, 162, 164, 164, 163, 164, 164, 164, 164, 165, 166, 168, 168, 168, 168, 168, 168, 168, 168, 168, 168, 170, 170, 171, 171, 171, 171, 170, 170, 170, 171, 171, 171, 172, 172, 172, 172, 172, 172, 173, 173, 172, 172, 173, 174, 174, 175, 175, 175, 175, 174, 174, 174, 175, 175, 175, 174, 174, 174, 175, 175, 176, 176, 176, 176, 176, 177, 177, 178, 179, 178, 176, 177, 177, 176, 181, 194, 204, 189, 173, 160, 146, 129, 123, 133, 151, 166, 171, 164, 165, 170, 169, 166, 166, 156, 152, 134, 116, 106, 93, 72, 57, 55, 53, 52, 51, 50, 55, 61, 71, 80, 98, 108, 153, 182, 176, 182, 179, 178, 178, 179, 180, 181, 181, 180, 179, 179, 179, 179, 179, 179, 180, 180, 178, 176, 175, 175, 177, 178, 179, 179, 180, 179, 179, 179, 179, 179, 179, 180, 178, 178, 178, 178, 177, 178, 178, 177, 176, 176, 176, 176, 176, 176, 175, 175, 174, 175, 175, 175, 176, 175, 175, 175, 174, 175, 175, 175, 174, 174, 175, 176, 176, 175, 175, 175, 175, 173, 174, 28]","[29, 29, 156, 158, 161, 161, 162, 160, 161, 161, 162, 162, 162, 162, 163, 163, 163, 164, 165, 165, 165, 167, 168, 168, 167, 167, 167, 167, 167, 167, 167, 169, 169, 169, 169, 169, 169, 169, 170, 170, 170, 171, 171, 171, 171, 171, 171, 172, 172, 172, 172, 172, 171, 171, 172, 173, 175, 174, 174, 174, 174, 174, 174, 174, 173, 173, 174, 174, 174, 174, 174, 174, 175, 176, 176, 176, 176, 176, 177, 178, 178, 178, 177, 177, 177, 177, 179, 180, 182, 150, 147, 144, 134, 137, 140, 154, 166, 177, 186, 182, 178, 172, 160, 153, 147, 134, 129, 103, 80, 71, 71, 52, 51, 53, 54, 52, 52, 50, 51, 61, 70, 82, 95, 111, 163, 180, 180, 177, 179, 179, 178, 178, 179, 181, 180, 179, 179, 178, 178, 178, 179, 180, 179, 179, 179, 178, 177, 176, 177, 178, 179, 179, 180, 179, 179, 178, 178, 178, 179, 179, 179, 178, 177, 177, 178, 178, 177, 176, 176, 176, 176, 176, 175, 175, 175, 176, 175, 175, 175, 175, 175, 175, 175, 175, 176, 175, 175, 175, 175, 175, 176, 176, 174, 176, 175, 175, 175, 176, 172, 30]","[29, 29, 156, 158, 160, 160, 160, 159, 160, 160, 161, 161, 161, 161, 162, 162, 162, 164, 164, 165, 165, 166, 167, 168, 167, 166, 166, 167, 167, 167, 167, 168, 167, 167, 168, 168, 168, 168, 169, 169, 170, 170, 170, 170, 170, 171, 171, 172, 171, 171, 172, 171, 171, 171, 172, 173, 172, 173, 173, 173, 173, 173, 173, 173, 173, 173, 173, 173, 174, 174, 174, 174, 174, 174, 175, 176, 176, 175, 176, 176, 176, 176, 176, 176, 176, 176, 177, 179, 165, 156, 152, 153, 139, 140, 138, 137, 148, 161, 172, 169, 164, 155, 140, 132, 126, 117, 103, 74, 57, 49, 52, 46, 51, 53, 55, 53, 52, 50, 50, 57, 66, 77, 93, 114, 164, 177, 178, 180, 179, 179, 178, 178, 179, 180, 180, 179, 178, 178, 178, 178, 179, 179, 179, 178, 179, 178, 177, 176, 177, 177, 178, 178, 178, 177, 176, 175, 175, 176, 176, 177, 177, 176, 176, 176, 176, 176, 175, 174, 174, 174, 174, 174, 174, 174, 174, 173, 174, 174, 174, 174, 174, 174, 174, 174, 174, 173, 173, 173, 173, 174, 174, 174, 173, 174, 173, 173, 173, 174, 171, 30]","[29, 29, 157, 157, 159, 158, 159, 158, 160, 160, 161, 161, 161, 161, 162, 162, 162, 163, 164, 164, 164, 165, 166, 167, 166, 165, 165, 166, 166, 166, 167, 167, 167, 167, 167, 167, 168, 168, 169, 169, 169, 168, 168, 169, 169, 170, 171, 171, 170, 171, 171, 171, 171, 171, 172, 172, 171, 172, 172, 173, 173, 173, 173, 173, 172, 173, 173, 173, 173, 174, 174, 174, 173, 174, 175, 176, 176, 175, 175, 175, 175, 175, 175, 175, 175, 175, 176, 178, 172, 155, 146, 130, 113, 107, 116, 125, 140, 154, 164, 159, 150, 138, 121, 114, 115, 109, 88, 60, 58, 52, 50, 49, 49, 51, 53, 51, 51, 51, 51, 56, 62, 72, 89, 111, 163, 177, 176, 179, 178, 178, 177, 177, 178, 179, 179, 178, 179, 179, 179, 179, 179, 179, 178, 178, 178, 177, 176, 176, 176, 176, 176, 176, 177, 176, 175, 174, 174, 174, 175, 175, 175, 175, 174, 174, 175, 175, 174, 173, 174, 173, 173, 174, 175, 174, 173, 172, 173, 173, 174, 174, 174, 173, 173, 173, 173, 173, 173, 172, 173, 173, 173, 173, 173, 173, 172, 172, 172, 173, 170, 30]","[28, 30, 157, 157, 158, 157, 158, 158, 160, 160, 161, 161, 161, 161, 161, 162, 161, 162, 163, 163, 163, 165, 166, 166, 165, 164, 164, 164, 165, 165, 165, 166, 166, 166, 166, 166, 167, 168, 168, 168, 168, 168, 167, 168, 169, 170, 170, 170, 170, 170, 170, 170, 171, 171, 172, 172, 171, 172, 172, 172, 173, 173, 173, 172, 172, 172, 172, 173, 173, 174, 174, 174, 173, 174, 175, 176, 175, 175, 174, 174, 175, 175, 175, 175, 174, 174, 175, 176, 167, 114, 102, 97, 89, 88, 87, 115, 136, 150, 157, 149, 141, 132, 120, 116, 115, 110, 86, 59, 65, 60, 53, 47, 49, 50, 53, 50, 49, 51, 52, 57, 62, 71, 86, 105, 160, 180, 176, 174, 176, 176, 176, 176, 176, 178, 178, 177, 178, 178, 178, 179, 178, 178, 177, 177, 176, 176, 175, 175, 175, 175, 174, 174, 176, 175, 175, 174, 174, 174, 174, 175, 174, 174, 173, 174, 174, 174, 173, 173, 174, 174, 173, 174, 174, 174, 173, 172, 172, 172, 172, 172, 172, 172, 172, 172, 173, 173, 173, 172, 172, 172, 172, 172, 172, 173, 171, 172, 171, 172, 170, 30]","[28, 30, 157, 158, 158, 157, 159, 159, 159, 159, 160, 160, 160, 160, 161, 161, 162, 162, 162, 162, 162, 164, 165, 166, 165, 164, 163, 164, 164, 164, 165, 165, 164, 164, 164, 165, 166, 167, 167, 167, 168, 167, 167, 167, 168, 169, 169, 169, 169, 169, 169, 170, 171, 171, 172, 172, 171, 171, 171, 171, 171, 171, 171, 172, 172, 172, 172, 172, 173, 173, 174, 174, 172, 173, 174, 174, 174, 173, 173, 173, 174, 174, 174, 174, 174, 173, 173, 174, 165, 90, 73, 57, 64, 68, 75, 103, 120, 140, 154, 150, 145, 136, 120, 114, 114, 108, 88, 61, 65, 65, 61, 51, 50, 50, 54, 52, 49, 50, 51, 55, 61, 70, 86, 103, 158, 180, 176, 174, 175, 176, 176, 175, 176, 177, 177, 177, 176, 176, 176, 176, 176, 176, 175, 175, 175, 175, 175, 175, 174, 174, 174, 174, 174, 174, 174, 174, 173, 173, 173, 173, 173, 173, 173, 173, 173, 173, 173, 172, 172, 173, 173, 172, 172, 172, 172, 172, 171, 171, 171, 171, 170, 170, 171, 171, 173, 173, 173, 172, 172, 171, 171, 171, 171, 172, 171, 171, 171, 171, 169, 30]","[28, 30, 157, 158, 158, 157, 159, 159, 159, 159, 160, 160, 160, 160, 160, 161, 162, 162, 162, 162, 162, 163, 164, 164, 164, 164, 163, 164, 164, 164, 164, 164, 164, 164, 164, 165, 165, 166, 167, 167, 167, 167, 167, 167, 167, 168, 168, 168, 168, 169, 169, 170, 171, 171, 171, 171, 172, 171, 171, 171, 171, 171, 171, 172, 172, 172, 172, 172, 172, 173, 173, 173, 173, 173, 173, 173, 173, 173, 173, 173, 174, 174, 174, 175, 174, 173, 173, 174, 172, 97, 57, 47, 54, 53, 73, 110, 127, 146, 158, 154, 147, 132, 112, 107, 112, 103, 87, 65, 70, 73, 70, 55, 50, 48, 51, 52, 49, 49, 50, 53, 59, 67, 85, 102, 156, 176, 172, 175, 175, 175, 176, 176, 176, 177, 177, 176, 175, 175, 175, 175, 175, 174, 174, 174, 174, 174, 174, 174, 174, 174, 174, 174, 173, 173, 173, 173, 173, 173, 173, 173, 172, 172, 172, 172, 172, 172, 172, 172, 171, 172, 172, 171, 170, 170, 171, 172, 171, 171, 171, 171, 171, 171, 171, 171, 172, 172, 172, 172, 171, 171, 170, 170, 171, 171, 170, 171, 171, 170, 168, 30]","[29, 29, 157, 157, 158, 157, 158, 158, 159, 160, 160, 160, 160, 160, 161, 161, 161, 162, 162, 162, 162, 162, 163, 163, 164, 163, 163, 163, 163, 162, 163, 164, 164, 164, 164, 165, 165, 165, 166, 167, 166, 166, 167, 167, 167, 167, 167, 167, 168, 168, 168, 169, 170, 171, 171, 170, 171, 171, 171, 171, 171, 171, 172, 172, 172, 172, 172, 171, 172, 172, 172, 172, 173, 173, 174, 173, 173, 172, 173, 173, 174, 174, 174, 175, 174, 174, 174, 175, 179, 148, 77, 61, 69, 109, 121, 137, 144, 151, 152, 144, 135, 117, 101, 105, 105, 95, 83, 69, 77, 79, 74, 60, 57, 49, 49, 50, 48, 49, 50, 53, 57, 65, 82, 96, 149, 172, 171, 173, 173, 175, 176, 176, 176, 176, 176, 175, 175, 175, 175, 174, 174, 173, 174, 174, 174, 174, 174, 174, 173, 173, 174, 174, 173, 173, 173, 173, 173, 173, 173, 173, 172, 172, 172, 172, 172, 171, 171, 171, 171, 171, 171, 171, 171, 171, 171, 171, 171, 171, 172, 172, 172, 171, 170, 169, 171, 171, 171, 171, 170, 170, 170, 169, 171, 170, 169, 170, 169, 169, 167, 29]","[28, 29, 156, 156, 157, 157, 158, 157, 158, 159, 159, 159, 159, 159, 160, 160, 160, 161, 162, 162, 162, 162, 162, 161, 162, 162, 162, 162, 162, 161, 161, 163, 163, 163, 164, 164, 164, 164, 165, 166, 164, 165, 166, 167, 167, 167, 167, 167, 168, 168, 168, 169, 170, 171, 170, 170, 169, 170, 170, 171, 171, 171, 171, 171, 172, 172, 171, 171, 171, 171, 171, 172, 172, 173, 173, 172, 172, 171, 172, 172, 172, 172, 173, 174, 174, 173, 174, 174, 181, 170, 124, 96, 122, 130, 129, 127, 130, 136, 139, 137, 129, 107, 89, 95, 96, 91, 83, 74, 85, 88, 89, 85, 69, 56, 51, 50, 48, 48, 50, 53, 59, 67, 80, 88, 143, 174, 172, 171, 172, 173, 175, 175, 175, 175, 174, 173, 174, 174, 174, 173, 173, 172, 173, 174, 175, 175, 174, 173, 172, 172, 173, 174, 172, 172, 172, 172, 172, 172, 172, 173, 172, 172, 172, 172, 172, 171, 171, 171, 171, 171, 170, 171, 171, 171, 170, 169, 168, 169, 170, 171, 171, 170, 168, 167, 168, 168, 168, 169, 169, 169, 168, 168, 170, 169, 168, 168, 167, 167, 166, 28]","[29, 29, 155, 156, 159, 159, 159, 157, 158, 158, 159, 159, 159, 159, 159, 160, 159, 161, 161, 161, 160, 161, 161, 161, 163, 162, 162, 162, 162, 162, 162, 162, 162, 163, 163, 162, 163, 164, 164, 164, 165, 165, 165, 166, 166, 166, 166, 166, 167, 167, 168, 169, 170, 170, 169, 169, 170, 169, 169, 169, 171, 171, 171, 171, 171, 171, 171, 172, 172, 171, 171, 171, 172, 172, 172, 172, 172, 172, 172, 172, 172, 172, 173, 173, 174, 174, 174, 173, 175, 184, 172, 156, 168, 152, 131, 122, 128, 135, 140, 133, 123, 104, 84, 84, 94, 104, 106, 105, 111, 113, 123, 122, 94, 56, 55, 48, 47, 48, 50, 53, 58, 67, 82, 92, 134, 170, 169, 170, 171, 172, 174, 175, 174, 173, 173, 173, 173, 173, 173, 173, 173, 173, 173, 173, 173, 173, 173, 173, 173, 172, 172, 172, 172, 171, 170, 171, 171, 171, 171, 172, 171, 171, 171, 171, 171, 171, 171, 171, 170, 171, 171, 170, 169, 169, 168, 169, 169, 171, 171, 170, 171, 171, 171, 170, 168, 168, 169, 169, 169, 168, 167, 167, 168, 168, 167, 166, 166, 167, 165, 30]","[29, 29, 155, 155, 157, 157, 157, 156, 157, 157, 158, 158, 158, 158, 159, 159, 160, 161, 160, 159, 159, 160, 161, 162, 162, 162, 162, 162, 162, 162, 162, 162, 161, 162, 162, 162, 163, 164, 164, 164, 165, 165, 166, 166, 165, 165, 166, 167, 167, 167, 167, 168, 168, 168, 168, 167, 167, 167, 168, 168, 169, 169, 170, 170, 170, 170, 171, 171, 171, 171, 171, 171, 172, 171, 171, 172, 172, 171, 171, 172, 172, 172, 172, 173, 173, 173, 173, 173, 172, 175, 173, 170, 186, 178, 156, 139, 137, 139, 138, 131, 126, 113, 95, 91, 102, 121, 137, 142, 138, 130, 134, 134, 95, 54, 52, 49, 49, 49, 51, 52, 58, 65, 79, 86, 121, 166, 166, 169, 171, 172, 174, 174, 174, 173, 173, 173, 173, 173, 173, 173, 173, 173, 173, 172, 172, 172, 172, 172, 172, 172, 171, 171, 172, 171, 171, 172, 172, 171, 171, 172, 172, 172, 171, 171, 170, 170, 169, 169, 170, 170, 170, 169, 168, 168, 168, 169, 169, 170, 170, 169, 169, 169, 169, 168, 167, 167, 168, 168, 168, 167, 166, 166, 166, 166, 167, 166, 166, 167, 164, 29]","[29, 29, 154, 154, 155, 155, 156, 155, 156, 156, 157, 157, 157, 157, 158, 159, 159, 160, 159, 158, 158, 160, 161, 162, 161, 161, 161, 161, 161, 161, 162, 163, 161, 162, 162, 162, 162, 163, 164, 164, 164, 165, 166, 165, 164, 164, 166, 168, 167, 167, 167, 166, 166, 167, 167, 167, 166, 167, 168, 168, 167, 167, 168, 169, 169, 169, 170, 170, 171, 171, 171, 171, 171, 171, 171, 171, 171, 171, 171, 171, 172, 172, 172, 172, 172, 172, 172, 172, 177, 174, 179, 188, 197, 195, 181, 165, 163, 162, 160, 153, 146, 135, 119, 112, 122, 143, 156, 157, 142, 136, 143, 145, 106, 58, 52, 52, 50, 49, 51, 52, 60, 65, 78, 82, 106, 162, 164, 169, 171, 172, 172, 173, 172, 172, 172, 171, 172, 172, 172, 172, 172, 172, 171, 171, 172, 171, 171, 171, 172, 171, 171, 170, 170, 170, 170, 171, 170, 170, 169, 170, 170, 170, 170, 169, 169, 168, 167, 167, 168, 168, 168, 167, 167, 167, 167, 168, 170, 170, 170, 170, 169, 169, 168, 167, 166, 166, 166, 166, 166, 165, 164, 164, 165, 165, 165, 165, 165, 165, 162, 28]","[29, 29, 154, 154, 154, 154, 155, 154, 155, 155, 155, 155, 156, 156, 157, 158, 157, 158, 159, 159, 159, 160, 161, 161, 160, 160, 160, 160, 160, 160, 161, 162, 162, 162, 162, 162, 162, 163, 163, 162, 162, 163, 165, 164, 163, 163, 164, 166, 166, 166, 166, 166, 166, 166, 167, 168, 167, 167, 168, 168, 167, 167, 168, 168, 168, 168, 169, 169, 170, 171, 171, 171, 171, 170, 170, 171, 171, 170, 170, 171, 171, 171, 171, 171, 171, 172, 172, 172, 168, 170, 180, 207, 221, 219, 212, 199, 189, 187, 184, 178, 167, 151, 135, 126, 134, 154, 158, 151, 134, 135, 143, 140, 117, 65, 53, 54, 51, 50, 53, 53, 61, 65, 78, 81, 94, 158, 164, 170, 171, 171, 171, 171, 171, 171, 171, 171, 171, 171, 171, 171, 171, 171, 171, 171, 172, 171, 170, 170, 171, 171, 171, 170, 169, 169, 169, 170, 170, 169, 168, 168, 168, 168, 168, 168, 167, 167, 167, 167, 168, 167, 167, 167, 167, 167, 168, 168, 168, 168, 168, 168, 167, 166, 165, 164, 166, 166, 165, 165, 165, 164, 164, 163, 164, 163, 163, 162, 161, 162, 161, 29]","[29, 29, 154, 153, 154, 153, 155, 154, 154, 155, 155, 155, 155, 155, 157, 157, 157, 158, 158, 159, 159, 160, 160, 160, 159, 159, 160, 159, 159, 159, 160, 160, 161, 162, 162, 162, 162, 162, 162, 162, 162, 162, 163, 163, 163, 163, 163, 163, 164, 165, 165, 165, 165, 165, 166, 167, 167, 167, 167, 167, 168, 168, 168, 167, 167, 168, 168, 169, 170, 171, 171, 170, 170, 169, 169, 170, 170, 170, 170, 170, 171, 171, 171, 171, 171, 171, 171, 172, 174, 176, 174, 209, 234, 228, 223, 210, 197, 189, 180, 174, 163, 146, 131, 124, 143, 159, 158, 148, 133, 135, 140, 137, 119, 68, 52, 54, 52, 52, 55, 55, 60, 64, 75, 80, 88, 149, 164, 169, 172, 172, 172, 172, 172, 171, 171, 171, 171, 171, 171, 171, 172, 172, 171, 171, 172, 171, 169, 169, 170, 171, 171, 170, 170, 170, 170, 171, 170, 169, 169, 169, 168, 168, 167, 167, 167, 167, 167, 167, 167, 168, 168, 168, 168, 168, 168, 168, 168, 168, 168, 168, 167, 166, 165, 165, 166, 166, 165, 164, 164, 164, 164, 164, 163, 162, 162, 161, 160, 161, 160, 29]","[29, 28, 153, 153, 154, 153, 154, 153, 154, 154, 154, 154, 154, 155, 156, 156, 159, 159, 158, 157, 157, 158, 159, 159, 158, 159, 160, 160, 159, 159, 159, 160, 160, 161, 161, 161, 161, 162, 162, 162, 162, 162, 162, 163, 164, 164, 163, 162, 164, 165, 166, 166, 165, 165, 165, 165, 166, 166, 166, 166, 168, 168, 168, 167, 167, 168, 168, 168, 169, 171, 171, 169, 168, 168, 168, 168, 169, 168, 168, 169, 169, 170, 170, 171, 171, 171, 171, 171, 172, 173, 163, 195, 232, 229, 227, 217, 206, 197, 182, 174, 163, 146, 138, 138, 153, 167, 163, 151, 135, 129, 136, 140, 120, 74, 55, 56, 54, 54, 54, 55, 59, 64, 74, 81, 86, 136, 164, 169, 171, 171, 171, 171, 171, 171, 170, 170, 170, 170, 169, 170, 171, 171, 171, 170, 171, 170, 168, 168, 168, 169, 169, 169, 169, 169, 169, 169, 169, 168, 168, 168, 167, 167, 167, 167, 167, 167, 166, 166, 166, 166, 167, 167, 168, 168, 167, 166, 168, 167, 167, 168, 167, 166, 165, 165, 164, 164, 163, 162, 162, 162, 163, 163, 162, 162, 162, 162, 161, 160, 160, 29]","[29, 28, 153, 153, 154, 153, 153, 152, 153, 153, 154, 154, 154, 154, 155, 155, 158, 157, 156, 155, 156, 158, 158, 158, 157, 158, 159, 159, 159, 158, 159, 159, 159, 160, 161, 161, 161, 162, 162, 162, 162, 162, 162, 162, 163, 163, 162, 162, 164, 165, 165, 165, 164, 164, 165, 166, 165, 165, 166, 166, 167, 167, 167, 167, 166, 167, 167, 166, 168, 170, 169, 167, 167, 167, 167, 168, 168, 168, 168, 168, 168, 168, 169, 170, 171, 171, 171, 171, 169, 172, 169, 191, 230, 232, 227, 219, 211, 205, 189, 179, 169, 151, 144, 146, 157, 175, 175, 160, 145, 130, 135, 142, 125, 85, 62, 59, 56, 55, 53, 54, 58, 66, 72, 80, 84, 120, 163, 169, 169, 169, 169, 170, 170, 170, 169, 168, 168, 168, 167, 168, 169, 170, 169, 168, 169, 168, 168, 168, 168, 168, 168, 168, 168, 167, 167, 167, 167, 167, 166, 167, 167, 167, 166, 166, 166, 166, 165, 165, 166, 165, 165, 166, 166, 166, 166, 165, 165, 164, 164, 164, 164, 162, 161, 162, 162, 162, 162, 161, 161, 161, 161, 161, 162, 161, 162, 162, 160, 159, 159, 29]","[29, 28, 153, 153, 154, 153, 152, 150, 152, 153, 154, 154, 154, 154, 154, 155, 155, 155, 155, 156, 157, 158, 158, 157, 155, 156, 158, 159, 158, 158, 158, 159, 160, 160, 161, 161, 161, 162, 162, 161, 162, 162, 162, 162, 162, 162, 162, 162, 162, 163, 164, 164, 163, 163, 164, 166, 165, 166, 167, 167, 166, 166, 166, 167, 165, 166, 166, 165, 167, 169, 168, 166, 167, 167, 167, 168, 168, 168, 168, 168, 167, 167, 169, 170, 171, 171, 171, 170, 173, 171, 172, 183, 223, 234, 230, 222, 216, 212, 195, 187, 181, 163, 148, 144, 162, 185, 185, 164, 151, 138, 145, 153, 130, 92, 67, 60, 56, 55, 53, 55, 56, 65, 69, 77, 80, 106, 159, 167, 169, 169, 169, 170, 171, 170, 169, 168, 168, 167, 167, 168, 169, 169, 169, 168, 168, 168, 168, 169, 168, 168, 168, 168, 168, 168, 168, 168, 168, 167, 167, 168, 167, 167, 167, 166, 166, 166, 166, 166, 167, 166, 165, 166, 166, 166, 166, 166, 166, 165, 165, 165, 164, 162, 161, 162, 161, 162, 162, 162, 162, 162, 162, 161, 162, 160, 160, 159, 158, 157, 158, 29]","[29, 30, 150, 152, 151, 150, 151, 151, 152, 152, 153, 153, 153, 154, 154, 154, 154, 154, 155, 155, 155, 156, 156, 156, 155, 156, 158, 159, 158, 158, 158, 159, 159, 159, 160, 160, 160, 160, 160, 161, 160, 161, 161, 161, 161, 161, 162, 162, 162, 162, 162, 162, 162, 162, 164, 165, 165, 165, 166, 166, 166, 165, 165, 164, 166, 165, 164, 164, 165, 166, 166, 166, 166, 166, 167, 167, 168, 168, 167, 167, 167, 168, 168, 168, 169, 169, 170, 170, 171, 170, 167, 179, 224, 237, 234, 224, 224, 218, 205, 193, 182, 168, 153, 144, 164, 188, 181, 170, 154, 144, 146, 147, 137, 110, 73, 58, 60, 57, 53, 56, 57, 61, 66, 74, 82, 95, 157, 164, 167, 167, 168, 168, 168, 168, 168, 168, 166, 167, 167, 168, 168, 168, 168, 168, 167, 167, 167, 167, 167, 167, 167, 167, 167, 167, 167, 167, 167, 167, 166, 165, 167, 166, 165, 165, 165, 165, 164, 164, 165, 164, 163, 163, 163, 164, 165, 166, 164, 163, 163, 162, 162, 162, 162, 162, 162, 162, 161, 161, 161, 161, 161, 160, 161, 160, 158, 158, 158, 158, 159, 27]","[28, 30, 150, 151, 151, 151, 151, 151, 151, 152, 152, 152, 153, 153, 154, 154, 154, 154, 154, 155, 155, 155, 155, 155, 155, 156, 157, 158, 157, 157, 157, 159, 159, 159, 159, 159, 159, 159, 159, 160, 160, 160, 160, 161, 161, 161, 161, 161, 161, 161, 162, 162, 162, 162, 163, 163, 164, 164, 165, 165, 165, 165, 164, 164, 165, 165, 165, 165, 165, 165, 166, 166, 164, 165, 166, 166, 167, 167, 167, 167, 167, 167, 167, 167, 168, 168, 168, 168, 170, 171, 169, 176, 220, 239, 236, 229, 231, 221, 206, 192, 183, 171, 160, 155, 162, 186, 182, 174, 158, 146, 147, 149, 146, 123, 85, 61, 60, 58, 53, 54, 54, 56, 63, 71, 79, 87, 144, 162, 163, 165, 167, 168, 169, 168, 167, 166, 166, 167, 167, 167, 167, 167, 168, 168, 167, 167, 167, 168, 168, 167, 167, 167, 167, 167, 167, 166, 166, 166, 166, 165, 165, 165, 164, 164, 164, 164, 163, 163, 165, 165, 164, 164, 163, 163, 163, 163, 162, 162, 162, 161, 161, 161, 161, 162, 160, 160, 160, 160, 160, 161, 161, 160, 160, 160, 158, 159, 158, 158, 159, 29]","[28, 30, 150, 151, 150, 150, 150, 150, 150, 151, 152, 151, 151, 152, 153, 153, 153, 153, 154, 154, 154, 154, 154, 154, 154, 155, 156, 157, 156, 155, 156, 157, 158, 158, 158, 157, 158, 158, 159, 159, 160, 160, 160, 160, 160, 160, 160, 160, 160, 161, 162, 162, 162, 162, 162, 162, 163, 163, 163, 164, 164, 164, 163, 163, 163, 164, 165, 165, 164, 164, 165, 166, 164, 165, 166, 167, 167, 167, 167, 167, 168, 168, 167, 167, 167, 167, 167, 167, 170, 171, 170, 171, 214, 240, 236, 234, 227, 219, 207, 197, 188, 175, 161, 154, 165, 184, 180, 172, 157, 145, 149, 155, 159, 144, 104, 68, 60, 60, 56, 56, 57, 58, 64, 70, 77, 78, 123, 157, 163, 164, 166, 168, 169, 168, 167, 166, 166, 166, 166, 166, 166, 166, 167, 167, 166, 167, 167, 167, 167, 167, 166, 166, 166, 166, 166, 165, 166, 166, 165, 164, 164, 165, 165, 165, 164, 163, 163, 162, 165, 165, 165, 165, 164, 164, 163, 162, 162, 161, 161, 161, 161, 161, 162, 162, 161, 161, 160, 159, 159, 160, 160, 159, 159, 158, 159, 158, 158, 157, 157, 29]","[29, 30, 149, 150, 149, 149, 148, 148, 148, 150, 151, 151, 150, 151, 151, 151, 153, 153, 153, 153, 153, 154, 154, 154, 154, 154, 155, 156, 155, 154, 155, 156, 157, 157, 156, 156, 157, 158, 158, 159, 159, 159, 159, 159, 159, 160, 159, 159, 159, 160, 161, 162, 162, 162, 161, 161, 163, 163, 163, 163, 163, 162, 162, 162, 162, 163, 164, 164, 164, 164, 164, 164, 164, 165, 166, 167, 167, 167, 166, 166, 167, 167, 167, 167, 167, 167, 167, 167, 170, 171, 171, 166, 207, 240, 237, 236, 233, 225, 213, 204, 195, 182, 168, 162, 170, 182, 178, 171, 157, 145, 150, 158, 160, 153, 118, 75, 61, 60, 56, 56, 57, 58, 63, 69, 77, 78, 112, 157, 166, 166, 166, 167, 167, 167, 166, 166, 165, 166, 166, 165, 165, 165, 165, 166, 166, 166, 166, 166, 166, 166, 165, 164, 164, 165, 164, 164, 165, 165, 165, 164, 164, 165, 165, 164, 163, 162, 162, 161, 163, 163, 163, 164, 163, 163, 162, 162, 162, 162, 161, 161, 161, 161, 161, 161, 160, 160, 159, 159, 159, 159, 159, 158, 158, 158, 158, 158, 158, 156, 155, 30]","[29, 29, 148, 149, 148, 148, 147, 147, 147, 149, 151, 151, 151, 151, 151, 151, 152, 152, 153, 153, 153, 153, 154, 154, 154, 154, 154, 155, 154, 154, 154, 155, 156, 155, 155, 155, 156, 157, 158, 158, 158, 158, 158, 158, 159, 159, 159, 158, 159, 160, 161, 161, 161, 161, 161, 162, 162, 162, 162, 162, 162, 162, 162, 162, 162, 162, 162, 163, 164, 164, 163, 163, 163, 164, 165, 166, 166, 165, 165, 166, 166, 166, 166, 166, 167, 167, 167, 167, 169, 170, 171, 164, 201, 240, 239, 238, 233, 227, 217, 209, 201, 187, 172, 164, 170, 179, 179, 174, 162, 146, 148, 153, 156, 152, 123, 81, 65, 64, 57, 56, 57, 59, 62, 66, 76, 79, 103, 151, 168, 167, 166, 165, 166, 166, 165, 165, 164, 165, 165, 165, 165, 165, 165, 165, 165, 165, 166, 166, 165, 165, 165, 165, 164, 164, 164, 164, 164, 164, 163, 162, 163, 163, 163, 163, 162, 161, 161, 161, 161, 161, 161, 161, 161, 161, 161, 161, 161, 161, 160, 160, 160, 159, 159, 158, 158, 158, 157, 157, 157, 158, 159, 158, 157, 156, 156, 155, 157, 155, 152, 30]","[28, 28, 147, 147, 147, 147, 148, 148, 148, 150, 151, 151, 151, 151, 151, 150, 151, 151, 152, 152, 152, 153, 153, 154, 154, 153, 153, 154, 154, 154, 154, 155, 155, 154, 154, 155, 156, 157, 157, 158, 157, 157, 157, 158, 158, 158, 158, 158, 159, 160, 160, 160, 160, 160, 161, 161, 161, 161, 161, 161, 161, 162, 162, 162, 162, 161, 161, 162, 163, 163, 163, 162, 162, 163, 164, 165, 164, 164, 165, 166, 165, 165, 165, 166, 167, 167, 167, 168, 168, 169, 170, 164, 196, 240, 244, 243, 236, 233, 225, 217, 209, 196, 180, 171, 180, 186, 189, 184, 173, 155, 153, 156, 157, 151, 125, 83, 64, 65, 60, 58, 59, 61, 63, 65, 73, 79, 96, 140, 166, 166, 165, 166, 166, 166, 165, 164, 163, 164, 165, 165, 165, 165, 165, 166, 165, 164, 164, 164, 165, 165, 165, 165, 166, 166, 165, 164, 164, 164, 163, 162, 163, 163, 163, 163, 162, 162, 162, 162, 162, 162, 161, 161, 161, 161, 161, 161, 160, 159, 158, 157, 157, 157, 156, 155, 156, 156, 155, 154, 154, 154, 154, 153, 153, 151, 152, 150, 152, 150, 148, 29]","[29, 28, 146, 146, 146, 147, 148, 148, 149, 150, 151, 150, 150, 151, 151, 150, 150, 150, 150, 151, 152, 152, 153, 153, 154, 153, 152, 153, 154, 154, 154, 154, 154, 154, 155, 155, 155, 155, 156, 156, 155, 156, 157, 157, 157, 157, 157, 158, 158, 159, 159, 159, 159, 159, 160, 160, 160, 160, 160, 160, 161, 161, 162, 162, 162, 162, 162, 162, 162, 162, 162, 162, 162, 163, 163, 163, 163, 163, 164, 165, 164, 164, 165, 165, 166, 167, 167, 167, 167, 168, 170, 165, 191, 237, 248, 247, 246, 241, 230, 218, 210, 201, 190, 183, 187, 190, 194, 187, 173, 154, 152, 153, 157, 156, 137, 92, 64, 63, 59, 57, 58, 60, 62, 67, 71, 79, 93, 132, 165, 164, 164, 165, 165, 165, 164, 163, 162, 163, 164, 165, 165, 164, 164, 164, 164, 164, 163, 163, 163, 163, 164, 164, 164, 164, 164, 163, 163, 163, 162, 161, 162, 162, 162, 162, 162, 161, 160, 159, 160, 160, 159, 159, 158, 158, 158, 158, 157, 156, 155, 154, 154, 153, 152, 151, 153, 153, 151, 149, 148, 148, 147, 146, 147, 146, 148, 145, 146, 145, 144, 29]","[30, 29, 146, 146, 146, 147, 148, 148, 150, 150, 149, 149, 149, 150, 150, 150, 149, 149, 149, 150, 151, 152, 153, 153, 155, 153, 151, 152, 154, 154, 154, 154, 154, 154, 155, 155, 154, 154, 155, 155, 154, 155, 156, 157, 157, 157, 157, 158, 157, 158, 159, 159, 159, 159, 159, 159, 160, 160, 160, 160, 160, 160, 161, 161, 162, 162, 163, 162, 162, 161, 162, 163, 161, 162, 162, 161, 161, 161, 162, 163, 163, 163, 164, 164, 165, 165, 166, 166, 167, 168, 170, 165, 187, 234, 251, 250, 253, 251, 243, 230, 222, 212, 200, 191, 193, 197, 202, 194, 178, 157, 152, 153, 159, 167, 159, 113, 75, 67, 62, 58, 61, 62, 63, 69, 69, 75, 87, 123, 164, 163, 162, 162, 163, 163, 162, 162, 162, 163, 164, 164, 164, 162, 161, 161, 165, 164, 162, 161, 161, 161, 161, 162, 160, 160, 160, 160, 160, 161, 160, 159, 160, 159, 159, 159, 158, 157, 155, 153, 155, 154, 154, 154, 153, 153, 153, 153, 154, 152, 151, 151, 151, 150, 149, 147, 148, 148, 147, 145, 145, 146, 145, 145, 144, 144, 146, 143, 144, 142, 142, 30]","[29, 30, 146, 146, 146, 146, 146, 147, 147, 148, 149, 149, 148, 147, 148, 149, 149, 148, 148, 149, 151, 152, 153, 152, 153, 153, 152, 151, 152, 153, 153, 153, 153, 154, 155, 154, 154, 154, 154, 155, 155, 156, 157, 157, 157, 156, 157, 157, 157, 157, 158, 159, 158, 158, 159, 160, 160, 160, 160, 160, 159, 159, 159, 159, 160, 161, 162, 162, 162, 162, 162, 162, 162, 161, 162, 162, 162, 162, 162, 162, 162, 162, 163, 163, 164, 165, 166, 167, 166, 169, 172, 165, 180, 237, 251, 251, 252, 252, 251, 247, 237, 221, 208, 202, 205, 212, 209, 204, 181, 157, 161, 163, 169, 179, 172, 139, 89, 69, 67, 63, 61, 66, 64, 64, 71, 72, 79, 117, 164, 166, 162, 163, 162, 164, 162, 161, 161, 162, 162, 162, 161, 160, 160, 160, 161, 160, 159, 158, 157, 155, 155, 156, 154, 155, 155, 155, 155, 156, 155, 154, 154, 155, 155, 155, 155, 154, 152, 151, 153, 152, 152, 153, 153, 151, 150, 149, 149, 149, 149, 148, 148, 147, 146, 145, 146, 146, 145, 144, 144, 144, 144, 144, 144, 143, 142, 141, 140, 141, 141, 29]","[29, 29, 146, 145, 146, 146, 146, 147, 146, 147, 148, 148, 147, 146, 147, 148, 150, 149, 150, 151, 152, 153, 152, 152, 152, 152, 152, 152, 152, 152, 153, 153, 152, 153, 154, 154, 153, 153, 154, 155, 154, 155, 155, 155, 155, 155, 156, 156, 157, 158, 158, 158, 158, 157, 158, 158, 158, 159, 159, 159, 159, 159, 159, 160, 160, 161, 161, 162, 162, 162, 162, 162, 161, 161, 161, 161, 162, 161, 162, 162, 162, 162, 162, 163, 164, 165, 165, 165, 167, 168, 172, 165, 180, 238, 252, 251, 254, 253, 252, 252, 247, 238, 224, 212, 216, 221, 217, 206, 178, 155, 159, 167, 174, 187, 182, 148, 104, 75, 69, 66, 61, 65, 63, 65, 71, 73, 79, 112, 155, 160, 157, 159, 159, 161, 159, 159, 157, 158, 158, 158, 157, 156, 155, 155, 157, 156, 155, 155, 154, 154, 154, 154, 154, 154, 153, 153, 153, 153, 153, 152, 152, 152, 153, 153, 152, 151, 151, 150, 151, 150, 150, 150, 149, 148, 148, 148, 146, 147, 147, 146, 146, 145, 145, 144, 144, 144, 143, 143, 143, 143, 143, 143, 143, 142, 140, 139, 139, 140, 140, 29]","[29, 29, 145, 145, 146, 147, 146, 147, 146, 147, 148, 148, 147, 147, 147, 147, 150, 150, 151, 151, 152, 152, 151, 151, 151, 151, 152, 152, 152, 152, 152, 153, 152, 153, 154, 154, 153, 153, 154, 155, 154, 154, 155, 155, 154, 155, 156, 156, 157, 157, 157, 157, 157, 157, 157, 157, 158, 158, 159, 159, 159, 159, 159, 160, 160, 160, 161, 161, 161, 161, 161, 162, 161, 160, 160, 161, 161, 162, 162, 163, 163, 162, 162, 162, 163, 164, 164, 164, 168, 167, 171, 166, 181, 240, 254, 252, 253, 253, 253, 253, 252, 251, 240, 227, 221, 221, 220, 209, 187, 168, 165, 172, 180, 189, 187, 160, 122, 79, 65, 64, 61, 63, 63, 65, 69, 72, 76, 100, 152, 159, 155, 155, 154, 157, 157, 158, 154, 154, 155, 155, 154, 153, 153, 153, 154, 153, 153, 153, 153, 153, 153, 153, 154, 154, 153, 152, 152, 152, 152, 151, 150, 151, 152, 151, 151, 150, 150, 150, 151, 149, 147, 147, 147, 146, 146, 147, 146, 146, 146, 146, 146, 145, 145, 145, 145, 144, 144, 144, 144, 144, 143, 142, 143, 141, 139, 138, 138, 140, 140, 28]","[29, 29, 144, 144, 146, 147, 146, 146, 146, 147, 147, 147, 147, 146, 147, 147, 149, 149, 150, 150, 150, 150, 150, 150, 150, 151, 152, 152, 152, 152, 152, 153, 152, 153, 153, 153, 153, 153, 154, 155, 154, 154, 154, 154, 154, 155, 156, 156, 156, 155, 155, 156, 157, 158, 157, 157, 158, 159, 159, 159, 159, 159, 159, 159, 159, 160, 160, 160, 160, 160, 161, 161, 162, 161, 160, 161, 161, 162, 163, 164, 163, 162, 161, 161, 162, 163, 163, 162, 166, 167, 169, 169, 180, 242, 254, 253, 252, 254, 253, 252, 253, 253, 248, 243, 227, 220, 218, 212, 201, 188, 176, 179, 186, 189, 192, 178, 136, 85, 66, 65, 63, 62, 63, 65, 66, 71, 74, 90, 145, 157, 155, 155, 154, 155, 156, 156, 153, 153, 153, 153, 154, 154, 154, 154, 154, 153, 153, 153, 153, 153, 153, 153, 154, 154, 153, 152, 152, 152, 152, 151, 150, 150, 151, 151, 150, 150, 150, 151, 151, 149, 148, 147, 147, 147, 147, 147, 146, 147, 147, 147, 147, 146, 146, 146, 146, 146, 145, 145, 145, 144, 143, 142, 143, 142, 141, 140, 139, 140, 140, 29]","[29, 28, 144, 144, 146, 147, 146, 146, 145, 146, 146, 146, 146, 146, 146, 146, 148, 148, 148, 148, 148, 148, 150, 151, 149, 150, 152, 152, 152, 152, 152, 152, 153, 153, 153, 153, 153, 154, 154, 155, 154, 154, 154, 153, 153, 154, 155, 156, 155, 154, 154, 155, 157, 158, 158, 157, 157, 158, 158, 159, 158, 158, 158, 158, 158, 159, 159, 159, 159, 159, 160, 160, 161, 160, 160, 160, 160, 160, 161, 162, 161, 160, 159, 159, 160, 161, 161, 161, 162, 166, 166, 171, 179, 244, 252, 253, 254, 254, 254, 253, 252, 253, 252, 252, 244, 233, 226, 217, 209, 195, 181, 184, 186, 187, 194, 187, 139, 94, 76, 70, 64, 62, 65, 66, 66, 73, 76, 88, 133, 152, 153, 155, 155, 155, 154, 153, 152, 152, 152, 153, 153, 153, 154, 154, 153, 152, 152, 153, 153, 153, 153, 153, 152, 153, 153, 152, 153, 153, 152, 151, 149, 150, 151, 150, 150, 149, 150, 151, 152, 150, 149, 149, 148, 148, 148, 148, 147, 147, 147, 147, 146, 146, 146, 146, 146, 145, 145, 145, 145, 144, 142, 141, 142, 143, 142, 142, 140, 140, 140, 29]","[29, 28, 144, 143, 145, 146, 145, 145, 145, 146, 146, 146, 146, 146, 146, 146, 148, 148, 147, 147, 147, 148, 150, 152, 149, 150, 151, 152, 152, 152, 152, 152, 153, 153, 153, 153, 153, 153, 154, 154, 154, 154, 154, 154, 154, 154, 155, 155, 155, 154, 154, 155, 156, 157, 156, 155, 154, 155, 156, 156, 156, 156, 156, 157, 156, 157, 157, 157, 157, 158, 158, 159, 159, 158, 157, 157, 157, 157, 158, 159, 159, 158, 157, 157, 158, 159, 160, 160, 160, 166, 165, 172, 182, 246, 251, 253, 254, 253, 253, 253, 254, 253, 253, 254, 253, 248, 242, 231, 217, 196, 181, 185, 188, 186, 189, 183, 141, 111, 91, 71, 63, 61, 63, 66, 66, 74, 77, 88, 131, 153, 152, 153, 154, 154, 155, 153, 153, 153, 152, 152, 153, 153, 153, 153, 153, 152, 152, 153, 154, 154, 153, 153, 152, 152, 153, 153, 154, 154, 153, 152, 151, 151, 152, 151, 151, 150, 151, 151, 151, 150, 149, 149, 149, 148, 148, 148, 147, 147, 147, 146, 146, 146, 146, 145, 145, 145, 144, 144, 144, 144, 143, 142, 142, 142, 143, 142, 140, 140, 139, 28]","[29, 28, 144, 143, 145, 145, 145, 145, 145, 146, 146, 146, 146, 146, 146, 146, 147, 147, 146, 146, 147, 148, 150, 151, 150, 150, 151, 151, 152, 152, 152, 152, 152, 152, 152, 152, 152, 153, 153, 154, 153, 154, 154, 154, 154, 154, 154, 154, 154, 154, 154, 154, 155, 155, 155, 154, 152, 153, 154, 155, 155, 154, 155, 155, 154, 155, 155, 155, 155, 155, 156, 157, 156, 155, 155, 155, 155, 155, 155, 156, 156, 156, 155, 155, 156, 158, 159, 160, 160, 166, 167, 170, 188, 248, 250, 253, 253, 252, 252, 253, 253, 253, 252, 252, 253, 253, 252, 246, 232, 207, 188, 189, 194, 191, 190, 183, 155, 127, 104, 78, 67, 63, 63, 65, 66, 73, 74, 83, 131, 156, 153, 152, 152, 153, 155, 154, 154, 154, 153, 153, 153, 154, 154, 154, 153, 152, 152, 153, 154, 154, 153, 153, 152, 152, 152, 153, 153, 154, 153, 152, 152, 152, 152, 152, 152, 151, 151, 151, 151, 149, 148, 148, 148, 148, 147, 148, 147, 147, 147, 146, 146, 146, 146, 146, 145, 145, 144, 144, 144, 144, 143, 143, 142, 142, 142, 141, 141, 141, 141, 29]","[29, 29, 144, 143, 145, 145, 145, 145, 145, 145, 145, 145, 146, 146, 146, 146, 147, 147, 146, 146, 146, 148, 149, 151, 150, 150, 150, 151, 152, 153, 152, 152, 152, 152, 151, 151, 152, 152, 153, 153, 152, 153, 153, 153, 153, 153, 153, 153, 153, 153, 153, 153, 154, 154, 154, 153, 153, 153, 154, 154, 154, 153, 153, 153, 153, 153, 153, 153, 153, 154, 155, 156, 154, 153, 153, 154, 154, 154, 154, 155, 154, 154, 154, 154, 155, 156, 158, 159, 160, 166, 167, 168, 193, 248, 250, 251, 252, 254, 255, 254, 252, 253, 253, 254, 253, 253, 252, 252, 245, 221, 199, 195, 195, 194, 196, 188, 165, 129, 105, 85, 74, 68, 66, 67, 68, 73, 71, 79, 125, 152, 152, 154, 155, 154, 154, 151, 154, 154, 153, 153, 153, 154, 154, 154, 154, 153, 152, 153, 154, 153, 152, 151, 151, 151, 151, 151, 151, 152, 152, 151, 151, 151, 151, 151, 151, 150, 150, 149, 150, 149, 147, 147, 147, 147, 147, 148, 146, 146, 146, 146, 146, 146, 146, 146, 146, 145, 144, 144, 144, 143, 143, 142, 143, 142, 141, 141, 142, 143, 142, 29]","[29, 30, 144, 144, 145, 144, 145, 145, 144, 144, 145, 145, 146, 146, 146, 146, 146, 146, 146, 146, 147, 147, 148, 149, 149, 149, 150, 151, 151, 150, 151, 151, 150, 151, 151, 151, 150, 150, 150, 152, 151, 151, 152, 152, 152, 152, 152, 153, 152, 152, 153, 153, 153, 153, 153, 153, 153, 155, 155, 153, 153, 153, 154, 153, 153, 153, 153, 153, 153, 153, 154, 154, 153, 154, 154, 154, 154, 154, 154, 154, 154, 153, 153, 154, 155, 157, 158, 160, 161, 164, 171, 170, 199, 248, 253, 250, 252, 253, 254, 253, 253, 254, 254, 252, 253, 253, 254, 253, 253, 239, 207, 194, 198, 197, 203, 195, 171, 136, 102, 90, 87, 76, 69, 69, 71, 70, 72, 77, 107, 151, 155, 154, 153, 154, 155, 153, 154, 153, 153, 154, 154, 154, 153, 154, 153, 153, 152, 152, 152, 152, 152, 153, 152, 152, 152, 152, 152, 152, 152, 151, 150, 151, 151, 151, 150, 150, 149, 149, 149, 148, 148, 147, 147, 147, 147, 147, 147, 147, 146, 146, 146, 146, 146, 146, 145, 144, 143, 143, 143, 143, 143, 142, 140, 140, 140, 140, 141, 142, 141, 29]","[29, 29, 143, 143, 144, 143, 144, 144, 143, 144, 145, 145, 145, 145, 145, 145, 146, 146, 146, 146, 146, 146, 146, 146, 146, 146, 146, 147, 146, 146, 146, 147, 148, 148, 149, 149, 149, 148, 148, 150, 151, 151, 151, 151, 151, 152, 152, 152, 151, 152, 152, 153, 153, 153, 152, 152, 152, 153, 154, 153, 153, 153, 153, 152, 153, 153, 153, 153, 153, 153, 154, 154, 153, 153, 154, 154, 154, 154, 154, 154, 154, 154, 154, 154, 155, 156, 158, 159, 161, 164, 169, 168, 198, 247, 251, 250, 255, 254, 252, 252, 253, 254, 253, 252, 254, 252, 252, 252, 252, 252, 238, 205, 197, 204, 203, 195, 181, 144, 106, 97, 95, 85, 76, 72, 71, 72, 74, 77, 103, 146, 152, 152, 154, 154, 155, 154, 154, 153, 153, 154, 154, 153, 153, 153, 153, 153, 152, 152, 152, 152, 152, 152, 152, 152, 152, 152, 152, 151, 151, 151, 151, 152, 152, 152, 151, 150, 149, 149, 149, 149, 148, 148, 148, 148, 147, 147, 146, 146, 146, 146, 146, 146, 145, 145, 146, 145, 144, 144, 143, 143, 143, 142, 141, 141, 140, 140, 141, 141, 141, 29]","[29, 28, 142, 142, 144, 143, 143, 142, 142, 143, 144, 145, 144, 144, 143, 143, 145, 145, 145, 146, 146, 146, 145, 145, 146, 146, 146, 147, 146, 146, 146, 147, 147, 147, 148, 149, 148, 148, 148, 149, 150, 150, 150, 150, 151, 151, 152, 152, 151, 151, 152, 153, 153, 152, 152, 151, 151, 152, 153, 153, 153, 153, 153, 152, 153, 153, 153, 153, 153, 153, 153, 153, 153, 153, 154, 154, 154, 154, 154, 154, 154, 154, 154, 155, 155, 155, 157, 158, 161, 165, 168, 168, 199, 248, 251, 251, 252, 251, 252, 253, 253, 253, 254, 255, 254, 252, 252, 254, 251, 254, 253, 228, 211, 208, 205, 200, 183, 161, 134, 107, 101, 92, 80, 72, 71, 73, 76, 79, 95, 140, 150, 150, 154, 154, 153, 154, 154, 153, 153, 153, 154, 153, 153, 153, 153, 153, 153, 153, 153, 152, 152, 152, 152, 152, 152, 151, 151, 151, 151, 151, 151, 152, 152, 152, 151, 150, 150, 150, 150, 149, 149, 148, 148, 148, 147, 146, 146, 146, 146, 146, 146, 146, 145, 145, 146, 145, 144, 144, 143, 143, 142, 141, 143, 142, 141, 141, 141, 141, 141, 29]","[29, 28, 140, 141, 143, 142, 143, 141, 141, 142, 144, 144, 143, 143, 143, 143, 144, 144, 145, 145, 146, 146, 146, 146, 146, 145, 145, 146, 146, 146, 147, 148, 147, 147, 148, 149, 149, 148, 148, 149, 150, 150, 149, 150, 150, 151, 152, 152, 152, 152, 152, 153, 153, 153, 152, 152, 152, 152, 152, 152, 153, 153, 153, 152, 152, 153, 153, 153, 153, 153, 153, 153, 153, 153, 154, 154, 154, 154, 154, 154, 154, 154, 154, 155, 154, 155, 156, 158, 160, 165, 167, 168, 201, 249, 250, 252, 254, 254, 255, 254, 253, 252, 251, 252, 253, 254, 252, 254, 254, 250, 251, 249, 229, 211, 207, 208, 192, 181, 164, 124, 106, 96, 83, 75, 72, 73, 76, 80, 87, 135, 153, 151, 153, 154, 152, 153, 153, 153, 153, 154, 154, 154, 153, 153, 153, 153, 153, 153, 153, 153, 152, 152, 152, 152, 152, 151, 151, 151, 152, 152, 150, 151, 151, 151, 151, 151, 151, 151, 150, 150, 149, 149, 148, 148, 147, 146, 146, 146, 146, 146, 146, 146, 145, 145, 146, 145, 145, 144, 144, 143, 142, 141, 143, 142, 141, 141, 141, 142, 141, 29]","[29, 28, 140, 140, 142, 142, 143, 141, 140, 142, 143, 144, 143, 143, 143, 143, 145, 145, 145, 145, 146, 146, 146, 147, 146, 145, 145, 146, 146, 146, 147, 147, 146, 146, 147, 148, 148, 148, 148, 149, 150, 150, 149, 150, 150, 151, 151, 151, 152, 152, 152, 152, 152, 152, 152, 153, 152, 152, 151, 152, 153, 153, 153, 153, 152, 152, 152, 153, 153, 153, 153, 153, 153, 153, 153, 154, 154, 154, 154, 153, 153, 153, 154, 154, 154, 154, 156, 158, 158, 163, 163, 165, 198, 249, 250, 253, 253, 253, 252, 251, 252, 254, 254, 254, 251, 254, 254, 250, 254, 255, 251, 254, 243, 228, 212, 208, 199, 179, 155, 127, 113, 101, 88, 81, 75, 72, 76, 82, 81, 129, 156, 152, 153, 154, 153, 153, 152, 152, 153, 154, 155, 154, 153, 153, 153, 153, 153, 153, 153, 153, 153, 153, 152, 151, 151, 151, 151, 152, 152, 152, 150, 150, 151, 151, 151, 151, 151, 150, 150, 150, 149, 149, 148, 148, 147, 146, 147, 146, 146, 146, 146, 146, 146, 146, 146, 146, 146, 146, 146, 145, 144, 143, 142, 142, 142, 142, 142, 143, 142, 29]","[30, 28, 140, 140, 142, 142, 143, 142, 141, 142, 143, 144, 143, 143, 143, 144, 146, 146, 146, 146, 146, 146, 146, 146, 147, 147, 146, 147, 147, 147, 147, 147, 147, 146, 147, 147, 148, 148, 148, 149, 150, 150, 150, 150, 151, 151, 151, 151, 151, 151, 151, 151, 151, 151, 152, 152, 153, 152, 151, 152, 152, 152, 152, 153, 151, 152, 152, 152, 153, 152, 152, 152, 153, 153, 153, 153, 153, 153, 153, 153, 152, 153, 153, 154, 154, 154, 155, 157, 159, 162, 160, 161, 192, 247, 249, 251, 252, 253, 253, 254, 253, 253, 252, 253, 253, 251, 254, 252, 251, 255, 253, 253, 253, 251, 233, 211, 196, 176, 148, 124, 114, 103, 92, 85, 78, 73, 75, 82, 78, 120, 153, 151, 151, 152, 152, 153, 152, 152, 152, 154, 154, 154, 153, 153, 153, 153, 153, 153, 153, 153, 153, 153, 151, 151, 151, 151, 151, 152, 152, 152, 151, 151, 151, 151, 151, 150, 150, 149, 150, 150, 149, 148, 148, 147, 147, 146, 147, 147, 146, 146, 146, 146, 146, 147, 145, 145, 146, 146, 146, 145, 144, 143, 142, 142, 142, 142, 143, 143, 142, 29]","[29, 28, 140, 140, 142, 142, 144, 143, 143, 143, 144, 144, 144, 144, 144, 144, 145, 145, 146, 146, 146, 146, 146, 146, 146, 145, 145, 146, 146, 146, 146, 146, 148, 147, 147, 147, 148, 148, 149, 150, 150, 150, 151, 151, 151, 150, 150, 150, 150, 150, 150, 150, 150, 151, 151, 152, 152, 151, 151, 152, 152, 151, 151, 152, 151, 151, 152, 152, 152, 152, 152, 152, 152, 152, 152, 153, 153, 152, 152, 152, 152, 152, 152, 153, 153, 153, 154, 155, 158, 161, 159, 160, 188, 246, 250, 249, 250, 246, 245, 250, 252, 252, 252, 253, 254, 250, 254, 254, 251, 251, 253, 252, 251, 250, 244, 220, 195, 180, 155, 126, 114, 105, 95, 87, 79, 73, 76, 82, 80, 110, 146, 150, 151, 151, 151, 152, 153, 152, 152, 153, 154, 153, 153, 153, 153, 153, 152, 152, 152, 152, 152, 153, 152, 152, 152, 152, 152, 152, 152, 152, 152, 152, 151, 151, 151, 151, 150, 149, 150, 149, 148, 147, 147, 147, 147, 147, 146, 146, 146, 146, 146, 146, 146, 146, 145, 145, 145, 145, 145, 144, 144, 143, 143, 142, 142, 142, 142, 142, 141, 29]","[29, 28, 140, 140, 142, 142, 144, 144, 145, 144, 144, 144, 144, 144, 144, 144, 143, 144, 145, 146, 146, 146, 146, 146, 146, 146, 146, 147, 148, 148, 147, 147, 148, 147, 146, 147, 147, 148, 149, 150, 150, 150, 151, 151, 151, 150, 150, 150, 150, 150, 150, 151, 151, 151, 151, 152, 151, 151, 151, 152, 151, 150, 150, 151, 151, 151, 152, 152, 152, 152, 152, 151, 152, 152, 152, 152, 152, 152, 152, 152, 153, 152, 152, 153, 153, 153, 153, 154, 156, 159, 159, 160, 186, 245, 249, 245, 208, 192, 186, 205, 230, 244, 247, 249, 252, 253, 252, 253, 253, 253, 255, 251, 254, 250, 253, 246, 218, 193, 163, 137, 117, 111, 100, 89, 79, 74, 76, 80, 84, 106, 141, 150, 152, 151, 151, 152, 154, 153, 152, 152, 153, 153, 153, 153, 153, 153, 152, 151, 151, 152, 152, 153, 153, 153, 153, 153, 153, 153, 152, 152, 152, 152, 151, 151, 151, 151, 151, 150, 150, 149, 148, 147, 147, 147, 147, 147, 146, 146, 146, 146, 146, 146, 146, 146, 147, 146, 145, 144, 144, 144, 144, 143, 144, 143, 142, 142, 141, 142, 141, 28]","[30, 29, 139, 141, 140, 142, 142, 144, 144, 144, 144, 144, 144, 145, 144, 143, 144, 144, 144, 145, 146, 146, 146, 146, 146, 146, 146, 146, 146, 146, 146, 146, 146, 146, 147, 147, 147, 147, 147, 148, 148, 149, 150, 151, 151, 150, 150, 150, 149, 149, 149, 149, 150, 151, 151, 152, 151, 151, 151, 151, 152, 151, 151, 152, 152, 151, 150, 150, 152, 152, 152, 152, 152, 152, 152, 152, 152, 152, 152, 152, 152, 152, 152, 152, 153, 153, 154, 154, 156, 155, 160, 154, 172, 244, 246, 211, 162, 148, 145, 148, 166, 194, 218, 240, 248, 249, 252, 252, 251, 253, 254, 252, 253, 255, 252, 251, 243, 210, 173, 138, 116, 108, 107, 101, 88, 79, 77, 79, 84, 99, 134, 153, 152, 151, 151, 153, 151, 152, 152, 152, 152, 152, 152, 153, 152, 152, 152, 152, 152, 152, 153, 153, 152, 152, 153, 153, 152, 152, 152, 153, 152, 152, 151, 151, 150, 150, 150, 150, 149, 149, 148, 148, 147, 146, 146, 146, 147, 147, 146, 146, 146, 146, 146, 146, 146, 146, 145, 144, 143, 143, 143, 143, 144, 144, 143, 144, 142, 140, 139, 29]","[29, 29, 140, 142, 141, 142, 142, 143, 143, 144, 143, 143, 144, 145, 145, 144, 144, 144, 144, 145, 146, 146, 146, 146, 146, 146, 146, 146, 146, 146, 146, 146, 145, 146, 147, 148, 147, 147, 147, 148, 148, 149, 149, 150, 150, 150, 150, 150, 149, 149, 149, 149, 150, 151, 151, 151, 151, 150, 150, 151, 151, 151, 151, 152, 151, 151, 150, 150, 151, 151, 151, 151, 153, 152, 152, 152, 152, 151, 151, 152, 151, 152, 152, 152, 152, 152, 152, 152, 155, 152, 157, 154, 165, 239, 235, 166, 138, 125, 125, 128, 131, 141, 165, 199, 233, 243, 249, 252, 254, 253, 253, 253, 253, 250, 255, 254, 251, 232, 192, 151, 127, 116, 109, 104, 94, 82, 75, 79, 80, 97, 131, 150, 153, 153, 151, 152, 151, 151, 151, 151, 151, 151, 152, 152, 153, 153, 152, 152, 152, 152, 152, 152, 152, 152, 152, 152, 152, 152, 152, 152, 152, 152, 151, 151, 150, 150, 150, 150, 151, 150, 149, 148, 148, 147, 147, 146, 147, 147, 146, 146, 146, 146, 146, 146, 146, 146, 145, 144, 144, 144, 144, 144, 145, 144, 144, 144, 142, 141, 140, 29]","[29, 29, 141, 143, 142, 142, 142, 143, 143, 143, 143, 143, 144, 145, 145, 145, 145, 145, 145, 145, 146, 146, 146, 146, 146, 146, 146, 146, 146, 146, 146, 146, 145, 146, 147, 148, 148, 148, 148, 148, 148, 148, 148, 148, 149, 149, 149, 148, 149, 150, 150, 150, 150, 150, 151, 151, 151, 150, 150, 151, 151, 151, 151, 152, 152, 151, 151, 151, 151, 151, 151, 151, 153, 152, 151, 152, 151, 151, 151, 152, 152, 152, 153, 152, 152, 152, 152, 153, 154, 154, 156, 152, 158, 221, 211, 135, 124, 116, 118, 121, 125, 130, 134, 145, 169, 202, 228, 242, 249, 249, 251, 253, 254, 250, 253, 253, 252, 247, 218, 163, 136, 125, 113, 105, 99, 87, 77, 80, 78, 95, 126, 147, 152, 153, 152, 152, 152, 152, 151, 151, 152, 152, 152, 152, 153, 153, 152, 152, 152, 151, 151, 151, 152, 152, 152, 152, 152, 152, 152, 152, 152, 152, 151, 151, 150, 150, 150, 150, 151, 150, 149, 148, 148, 148, 147, 147, 147, 147, 146, 146, 146, 146, 146, 146, 146, 146, 145, 144, 144, 144, 145, 145, 145, 144, 143, 143, 142, 142, 141, 30]","[29, 29, 141, 144, 142, 142, 142, 143, 142, 143, 143, 143, 144, 145, 145, 145, 145, 145, 145, 145, 146, 146, 146, 146, 146, 146, 146, 146, 146, 146, 146, 146, 145, 146, 147, 148, 149, 148, 148, 148, 148, 148, 147, 147, 147, 148, 148, 147, 150, 150, 150, 150, 150, 150, 151, 151, 151, 151, 151, 151, 150, 150, 150, 151, 151, 151, 152, 151, 151, 151, 151, 151, 152, 151, 151, 151, 151, 151, 151, 152, 152, 152, 152, 152, 151, 151, 152, 154, 153, 156, 154, 151, 158, 198, 178, 126, 116, 115, 115, 112, 116, 124, 123, 122, 134, 148, 172, 213, 242, 248, 252, 252, 253, 254, 251, 253, 253, 253, 241, 179, 145, 131, 119, 109, 101, 92, 82, 81, 81, 91, 121, 148, 150, 152, 153, 152, 153, 152, 152, 152, 152, 152, 152, 152, 153, 152, 152, 152, 152, 152, 152, 152, 152, 152, 152, 152, 152, 152, 152, 152, 152, 152, 152, 151, 151, 150, 150, 150, 150, 149, 149, 148, 148, 148, 148, 149, 147, 147, 146, 146, 145, 146, 146, 146, 145, 145, 145, 144, 144, 144, 144, 145, 144, 143, 142, 142, 142, 142, 141, 29]","[29, 29, 141, 143, 141, 142, 142, 143, 142, 143, 144, 144, 144, 144, 144, 144, 144, 144, 144, 145, 145, 146, 146, 146, 146, 146, 146, 146, 146, 146, 146, 146, 145, 146, 147, 148, 148, 148, 148, 147, 148, 147, 147, 147, 148, 148, 148, 148, 150, 150, 149, 149, 149, 150, 151, 151, 151, 151, 151, 151, 150, 150, 150, 151, 150, 150, 151, 151, 151, 150, 150, 150, 150, 149, 150, 150, 151, 151, 151, 152, 152, 151, 151, 149, 148, 149, 150, 152, 154, 153, 152, 152, 161, 183, 148, 117, 116, 111, 108, 107, 108, 112, 115, 120, 125, 123, 128, 156, 196, 232, 248, 247, 250, 254, 251, 254, 253, 252, 249, 204, 157, 133, 123, 118, 104, 92, 84, 80, 83, 86, 117, 152, 149, 150, 155, 152, 152, 152, 151, 151, 152, 152, 152, 151, 153, 152, 152, 152, 152, 152, 152, 152, 152, 152, 152, 152, 152, 152, 152, 153, 151, 151, 151, 150, 150, 150, 150, 150, 149, 150, 150, 149, 148, 148, 149, 150, 147, 147, 146, 146, 146, 146, 146, 146, 145, 145, 145, 145, 145, 144, 144, 143, 144, 143, 142, 142, 142, 143, 142, 29]","[29, 29, 140, 141, 141, 142, 142, 143, 142, 143, 144, 144, 144, 144, 144, 143, 143, 144, 144, 144, 145, 145, 146, 146, 146, 146, 146, 146, 146, 146, 146, 146, 146, 146, 146, 147, 148, 148, 148, 147, 147, 147, 147, 148, 149, 149, 150, 150, 151, 150, 150, 150, 151, 151, 151, 151, 150, 150, 151, 151, 150, 149, 150, 151, 150, 150, 150, 151, 151, 150, 149, 149, 148, 148, 149, 150, 151, 151, 151, 152, 152, 151, 149, 147, 146, 146, 148, 149, 154, 149, 153, 154, 157, 173, 138, 112, 112, 105, 101, 102, 105, 105, 105, 106, 109, 116, 117, 116, 136, 181, 225, 245, 250, 249, 252, 253, 252, 251, 250, 235, 175, 137, 123, 123, 108, 90, 82, 80, 83, 81, 111, 153, 150, 150, 155, 152, 152, 152, 152, 152, 152, 152, 151, 151, 153, 153, 152, 152, 152, 152, 152, 152, 152, 152, 152, 152, 152, 152, 152, 153, 149, 149, 149, 150, 150, 150, 151, 151, 150, 151, 151, 151, 149, 148, 149, 149, 148, 147, 147, 146, 146, 146, 146, 146, 146, 146, 146, 146, 146, 145, 144, 143, 144, 143, 143, 143, 143, 144, 143, 29]","[29, 28, 139, 141, 141, 142, 142, 142, 142, 143, 145, 144, 144, 144, 144, 143, 144, 144, 144, 144, 144, 145, 145, 146, 146, 146, 146, 146, 146, 146, 146, 146, 146, 146, 146, 146, 147, 148, 147, 147, 146, 146, 147, 148, 148, 149, 149, 150, 150, 149, 149, 150, 152, 152, 151, 150, 148, 149, 150, 151, 151, 150, 150, 151, 151, 151, 151, 151, 151, 150, 149, 147, 147, 147, 149, 150, 151, 151, 150, 151, 151, 150, 149, 147, 146, 146, 146, 147, 150, 151, 153, 154, 152, 164, 134, 109, 107, 107, 103, 100, 98, 99, 103, 103, 106, 106, 109, 110, 118, 137, 174, 224, 244, 249, 253, 251, 253, 253, 252, 252, 207, 157, 128, 122, 111, 93, 82, 81, 81, 81, 103, 145, 149, 150, 152, 152, 152, 152, 153, 153, 152, 152, 151, 151, 152, 152, 152, 152, 152, 152, 152, 152, 152, 152, 152, 152, 151, 151, 152, 153, 150, 150, 150, 150, 150, 151, 151, 151, 151, 151, 151, 150, 150, 149, 148, 148, 148, 148, 148, 147, 147, 147, 146, 146, 145, 146, 146, 146, 146, 145, 144, 144, 143, 144, 144, 144, 144, 145, 143, 30]","[29, 28, 138, 141, 141, 143, 142, 142, 142, 144, 145, 144, 144, 144, 145, 144, 144, 145, 145, 145, 144, 144, 145, 145, 145, 145, 146, 146, 146, 146, 146, 146, 146, 146, 146, 146, 147, 147, 147, 147, 145, 146, 147, 147, 147, 147, 147, 148, 147, 147, 147, 149, 151, 151, 150, 148, 146, 148, 150, 151, 151, 150, 150, 151, 151, 151, 150, 150, 150, 149, 147, 145, 147, 147, 149, 150, 151, 150, 150, 150, 150, 149, 148, 147, 146, 146, 145, 145, 147, 153, 149, 152, 154, 159, 126, 100, 102, 100, 97, 97, 97, 97, 98, 97, 100, 103, 105, 101, 108, 112, 127, 172, 223, 244, 248, 248, 254, 252, 253, 250, 238, 185, 139, 121, 113, 99, 85, 81, 81, 83, 98, 136, 146, 149, 150, 153, 150, 151, 152, 152, 152, 151, 150, 150, 151, 151, 151, 151, 152, 152, 152, 152, 152, 152, 152, 151, 151, 151, 152, 152, 153, 152, 152, 152, 152, 151, 151, 151, 150, 149, 149, 149, 150, 150, 148, 146, 148, 148, 148, 148, 148, 147, 146, 146, 145, 145, 145, 145, 145, 145, 144, 144, 143, 144, 144, 144, 144, 145, 143, 29]","[29, 29, 139, 140, 139, 141, 143, 144, 142, 143, 145, 145, 145, 144, 144, 144, 144, 144, 145, 145, 145, 144, 144, 145, 145, 145, 146, 146, 146, 145, 146, 146, 147, 146, 146, 146, 146, 147, 147, 146, 146, 147, 147, 147, 147, 147, 147, 148, 147, 148, 148, 149, 150, 150, 150, 149, 150, 150, 150, 149, 150, 151, 151, 150, 150, 150, 150, 150, 150, 150, 150, 150, 148, 149, 150, 151, 151, 151, 151, 151, 150, 150, 150, 148, 146, 146, 146, 148, 150, 152, 149, 155, 152, 149, 122, 95, 99, 97, 94, 92, 92, 93, 94, 95, 94, 99, 96, 96, 103, 102, 107, 122, 162, 221, 245, 247, 251, 253, 253, 253, 247, 206, 162, 128, 112, 100, 82, 80, 81, 79, 88, 127, 147, 149, 154, 152, 153, 153, 153, 153, 153, 153, 153, 152, 152, 151, 151, 151, 151, 151, 152, 152, 153, 152, 151, 151, 151, 152, 152, 152, 152, 152, 153, 152, 152, 151, 151, 152, 151, 151, 151, 151, 150, 150, 150, 149, 150, 150, 149, 150, 150, 149, 148, 147, 146, 146, 146, 146, 146, 146, 145, 145, 145, 144, 144, 144, 145, 145, 143, 29]","[29, 29, 139, 140, 139, 141, 141, 142, 141, 142, 143, 144, 143, 143, 143, 143, 144, 144, 145, 145, 145, 144, 144, 145, 145, 146, 146, 146, 146, 146, 146, 146, 146, 146, 146, 146, 147, 147, 146, 146, 146, 147, 147, 147, 147, 147, 147, 147, 147, 147, 148, 149, 149, 149, 149, 148, 149, 149, 149, 148, 149, 150, 151, 150, 151, 150, 150, 150, 150, 150, 150, 150, 148, 149, 150, 151, 151, 151, 151, 150, 150, 150, 150, 149, 147, 147, 148, 149, 150, 152, 149, 152, 150, 147, 119, 98, 99, 97, 93, 91, 90, 92, 93, 94, 94, 95, 91, 92, 98, 98, 97, 105, 122, 165, 212, 243, 250, 249, 251, 251, 248, 226, 184, 140, 113, 98, 83, 75, 81, 81, 89, 121, 148, 150, 154, 153, 154, 153, 153, 153, 153, 153, 152, 152, 151, 151, 151, 151, 151, 151, 152, 153, 152, 151, 151, 151, 151, 152, 152, 152, 152, 152, 153, 152, 152, 151, 151, 152, 151, 151, 150, 150, 149, 150, 150, 150, 150, 149, 148, 149, 148, 147, 147, 146, 146, 146, 145, 145, 146, 146, 145, 145, 145, 144, 143, 142, 143, 144, 142, 29]","[29, 29, 140, 141, 139, 140, 140, 140, 140, 141, 142, 142, 142, 142, 142, 142, 143, 144, 145, 145, 145, 144, 144, 144, 145, 146, 146, 146, 146, 146, 146, 146, 146, 146, 147, 147, 147, 146, 146, 146, 146, 147, 147, 147, 147, 147, 147, 147, 147, 147, 148, 149, 149, 149, 148, 148, 148, 149, 149, 148, 149, 149, 150, 150, 151, 151, 151, 151, 150, 150, 150, 150, 149, 150, 150, 151, 152, 151, 151, 150, 150, 150, 149, 149, 149, 149, 150, 150, 150, 152, 151, 151, 150, 147, 114, 100, 99, 96, 92, 89, 89, 90, 91, 92, 90, 90, 89, 90, 93, 94, 94, 96, 102, 121, 164, 217, 241, 247, 250, 251, 250, 237, 199, 158, 126, 102, 88, 78, 80, 83, 88, 111, 148, 151, 153, 153, 154, 153, 153, 153, 153, 153, 152, 151, 150, 151, 151, 151, 151, 151, 152, 153, 151, 151, 151, 151, 152, 152, 153, 152, 152, 152, 152, 152, 152, 151, 151, 152, 152, 151, 150, 149, 149, 149, 150, 151, 150, 149, 148, 148, 148, 147, 147, 147, 147, 147, 146, 146, 146, 146, 146, 146, 145, 144, 143, 142, 143, 144, 143, 29]","[29, 29, 139, 140, 139, 140, 140, 140, 140, 140, 141, 141, 141, 141, 142, 142, 144, 144, 144, 145, 145, 144, 144, 145, 145, 145, 146, 146, 146, 146, 146, 146, 145, 146, 147, 147, 147, 146, 146, 146, 146, 147, 147, 147, 147, 147, 147, 147, 147, 148, 148, 149, 149, 149, 149, 149, 149, 149, 150, 149, 149, 150, 150, 151, 151, 151, 151, 151, 150, 150, 150, 150, 150, 150, 150, 151, 151, 151, 151, 151, 151, 150, 149, 149, 150, 151, 151, 151, 150, 151, 152, 151, 153, 148, 109, 98, 97, 94, 89, 87, 87, 87, 88, 88, 85, 86, 88, 87, 86, 89, 93, 95, 94, 96, 114, 157, 205, 236, 245, 246, 248, 240, 212, 177, 143, 111, 90, 84, 81, 83, 86, 102, 149, 153, 151, 153, 154, 153, 153, 153, 153, 153, 152, 151, 150, 151, 151, 151, 151, 151, 152, 153, 152, 152, 152, 152, 153, 153, 153, 153, 152, 152, 152, 152, 152, 152, 152, 151, 152, 151, 150, 150, 149, 150, 151, 151, 150, 149, 148, 148, 148, 148, 147, 148, 148, 147, 146, 146, 146, 146, 146, 146, 145, 145, 143, 143, 143, 144, 143, 30]","[29, 28, 139, 140, 138, 140, 140, 140, 140, 141, 141, 142, 142, 142, 142, 143, 144, 144, 144, 145, 144, 144, 145, 145, 145, 145, 145, 145, 146, 146, 146, 146, 145, 146, 147, 147, 147, 146, 146, 146, 146, 147, 147, 147, 147, 147, 147, 147, 148, 148, 148, 148, 149, 149, 150, 151, 150, 151, 151, 150, 149, 150, 150, 150, 151, 151, 151, 151, 150, 150, 150, 150, 151, 151, 150, 150, 150, 151, 151, 151, 151, 151, 150, 150, 151, 151, 151, 151, 150, 150, 152, 151, 154, 149, 107, 96, 94, 91, 88, 85, 85, 85, 84, 84, 82, 83, 85, 83, 80, 83, 88, 89, 95, 93, 95, 115, 159, 207, 234, 241, 245, 242, 228, 194, 158, 122, 89, 82, 81, 82, 83, 95, 146, 154, 150, 154, 154, 154, 153, 153, 153, 153, 152, 151, 150, 151, 151, 151, 151, 151, 151, 152, 152, 152, 152, 152, 153, 153, 153, 153, 152, 152, 152, 152, 152, 152, 152, 151, 151, 151, 150, 150, 150, 150, 150, 151, 150, 148, 147, 147, 148, 148, 148, 148, 148, 147, 146, 145, 146, 146, 146, 146, 144, 144, 143, 143, 143, 144, 142, 29]","[29, 28, 138, 139, 138, 140, 140, 141, 141, 141, 142, 142, 142, 142, 142, 142, 144, 144, 144, 144, 144, 144, 145, 146, 145, 145, 145, 145, 146, 146, 146, 146, 145, 146, 147, 147, 147, 146, 146, 146, 146, 147, 147, 147, 147, 147, 147, 148, 148, 147, 148, 148, 149, 149, 150, 151, 150, 151, 151, 150, 149, 150, 150, 150, 151, 151, 151, 151, 150, 150, 150, 150, 151, 151, 151, 151, 151, 151, 151, 151, 152, 151, 151, 151, 151, 152, 151, 151, 151, 150, 150, 150, 153, 149, 108, 96, 93, 91, 88, 86, 85, 84, 83, 82, 82, 81, 82, 81, 81, 82, 84, 83, 89, 87, 92, 96, 114, 155, 201, 229, 238, 234, 228, 206, 180, 140, 95, 84, 79, 79, 80, 87, 138, 153, 151, 154, 154, 154, 154, 154, 154, 153, 152, 151, 151, 151, 151, 151, 151, 151, 151, 151, 151, 151, 151, 152, 153, 153, 153, 153, 152, 152, 151, 152, 152, 152, 152, 151, 150, 150, 150, 150, 150, 150, 150, 150, 150, 149, 148, 148, 148, 148, 148, 148, 148, 147, 146, 146, 146, 146, 146, 145, 145, 145, 144, 144, 143, 144, 142, 29]","[29, 29, 138, 139, 138, 139, 140, 141, 141, 141, 142, 142, 142, 142, 141, 141, 143, 143, 144, 144, 144, 144, 144, 145, 146, 146, 145, 145, 146, 146, 146, 146, 146, 146, 146, 146, 147, 147, 147, 146, 146, 147, 147, 147, 147, 147, 148, 148, 148, 148, 149, 149, 149, 150, 150, 150, 150, 151, 150, 150, 150, 151, 151, 151, 151, 151, 151, 151, 151, 151, 151, 150, 151, 151, 151, 152, 152, 152, 151, 151, 152, 152, 151, 151, 151, 152, 152, 152, 151, 151, 150, 150, 152, 147, 109, 94, 92, 90, 88, 86, 85, 84, 82, 81, 82, 81, 80, 80, 81, 81, 81, 81, 80, 80, 86, 89, 93, 113, 154, 199, 221, 219, 216, 211, 200, 161, 111, 89, 79, 80, 80, 80, 126, 152, 152, 154, 154, 154, 154, 154, 154, 153, 152, 152, 152, 151, 150, 149, 150, 151, 151, 151, 151, 151, 151, 152, 153, 153, 153, 153, 152, 151, 151, 152, 152, 152, 152, 151, 150, 150, 150, 150, 150, 150, 150, 150, 151, 149, 149, 149, 149, 148, 147, 147, 147, 147, 146, 146, 146, 146, 146, 145, 145, 145, 144, 143, 143, 144, 143, 30]","[29, 29, 138, 139, 137, 139, 139, 140, 140, 141, 142, 142, 142, 141, 141, 141, 143, 143, 143, 144, 144, 143, 144, 144, 146, 146, 145, 145, 146, 146, 146, 146, 146, 146, 145, 146, 147, 147, 147, 147, 146, 147, 147, 147, 147, 147, 148, 148, 149, 149, 150, 151, 151, 150, 150, 149, 151, 151, 150, 150, 151, 152, 153, 152, 151, 151, 151, 151, 151, 151, 151, 151, 150, 151, 152, 153, 153, 152, 152, 151, 152, 152, 152, 151, 152, 152, 152, 152, 150, 151, 150, 150, 150, 145, 107, 89, 90, 89, 87, 85, 83, 82, 81, 80, 81, 80, 79, 77, 77, 75, 75, 78, 78, 81, 82, 86, 92, 89, 108, 159, 200, 213, 213, 210, 205, 172, 124, 90, 80, 83, 83, 78, 118, 151, 155, 155, 154, 154, 154, 154, 154, 154, 153, 152, 152, 151, 149, 148, 149, 151, 151, 151, 152, 152, 152, 153, 153, 153, 153, 152, 152, 151, 151, 151, 152, 152, 152, 151, 151, 151, 151, 151, 151, 151, 151, 151, 150, 149, 148, 148, 148, 147, 146, 146, 146, 146, 146, 146, 146, 145, 145, 144, 145, 144, 143, 142, 141, 142, 142, 29]","[30, 29, 139, 137, 139, 138, 140, 142, 142, 142, 142, 142, 142, 143, 142, 141, 141, 142, 143, 144, 145, 145, 145, 144, 146, 146, 146, 146, 146, 147, 147, 147, 146, 146, 146, 147, 147, 146, 146, 147, 148, 148, 148, 147, 147, 148, 148, 148, 149, 150, 150, 150, 149, 148, 148, 148, 149, 149, 148, 148, 150, 151, 152, 152, 153, 152, 151, 150, 150, 150, 151, 151, 151, 151, 151, 151, 152, 152, 152, 152, 152, 151, 151, 152, 152, 151, 151, 152, 153, 153, 153, 152, 152, 146, 119, 87, 89, 87, 85, 84, 82, 79, 78, 78, 79, 79, 79, 77, 75, 74, 74, 75, 78, 77, 80, 79, 83, 84, 88, 112, 153, 193, 215, 216, 210, 190, 140, 98, 80, 79, 83, 78, 112, 140, 154, 152, 153, 153, 154, 154, 153, 152, 151, 152, 150, 147, 146, 147, 147, 148, 149, 152, 151, 151, 151, 152, 153, 154, 153, 152, 152, 151, 151, 151, 152, 152, 151, 150, 151, 151, 149, 149, 149, 150, 151, 151, 150, 150, 150, 150, 149, 149, 148, 148, 147, 147, 146, 146, 146, 145, 145, 145, 145, 145, 143, 142, 142, 143, 142, 29]","[29, 28, 139, 138, 140, 139, 140, 142, 142, 142, 143, 143, 142, 142, 142, 141, 143, 143, 144, 144, 145, 145, 145, 145, 146, 146, 146, 146, 146, 146, 147, 147, 146, 146, 147, 147, 147, 146, 146, 147, 148, 148, 148, 148, 148, 148, 148, 149, 150, 150, 150, 150, 149, 148, 148, 148, 149, 149, 148, 148, 149, 150, 151, 151, 151, 150, 150, 150, 150, 150, 151, 151, 151, 151, 151, 151, 152, 152, 152, 152, 152, 152, 151, 152, 152, 151, 151, 151, 152, 152, 151, 150, 151, 147, 121, 88, 88, 85, 83, 83, 81, 78, 76, 75, 75, 76, 75, 74, 73, 73, 74, 75, 72, 74, 79, 79, 82, 81, 78, 92, 114, 153, 185, 207, 202, 197, 156, 115, 78, 79, 80, 77, 99, 134, 155, 153, 153, 153, 154, 153, 152, 151, 151, 151, 150, 147, 145, 146, 147, 148, 150, 152, 152, 152, 152, 152, 153, 154, 153, 151, 152, 152, 151, 151, 152, 152, 151, 150, 151, 151, 151, 151, 152, 151, 151, 150, 150, 150, 150, 150, 150, 149, 149, 149, 147, 147, 147, 146, 146, 145, 145, 145, 145, 145, 143, 142, 141, 142, 142, 29]","[29, 28, 139, 138, 141, 140, 140, 141, 140, 142, 143, 143, 143, 143, 143, 142, 144, 144, 144, 144, 144, 145, 145, 145, 146, 146, 146, 146, 146, 146, 146, 146, 147, 147, 147, 147, 147, 146, 146, 147, 148, 148, 148, 148, 148, 149, 149, 150, 151, 150, 149, 149, 149, 148, 148, 148, 149, 149, 149, 149, 149, 150, 151, 151, 150, 150, 150, 150, 150, 150, 151, 151, 151, 151, 151, 151, 151, 152, 152, 152, 153, 152, 152, 152, 152, 151, 151, 151, 154, 154, 152, 150, 151, 147, 120, 84, 84, 82, 81, 81, 81, 78, 76, 75, 74, 74, 73, 72, 70, 70, 70, 71, 72, 73, 78, 76, 78, 80, 76, 81, 92, 121, 165, 198, 199, 201, 173, 132, 79, 81, 81, 81, 90, 128, 157, 152, 153, 153, 153, 153, 152, 151, 150, 150, 150, 147, 145, 145, 146, 148, 150, 152, 152, 152, 152, 151, 152, 153, 152, 151, 151, 151, 151, 151, 151, 151, 151, 151, 151, 151, 151, 151, 152, 151, 150, 150, 148, 148, 148, 148, 148, 148, 148, 148, 148, 147, 147, 146, 146, 145, 145, 145, 145, 144, 143, 143, 141, 142, 141, 30]","[29, 28, 139, 139, 142, 140, 140, 140, 138, 141, 143, 143, 143, 143, 143, 144, 144, 144, 144, 144, 144, 144, 145, 145, 146, 146, 146, 146, 146, 146, 146, 146, 147, 147, 147, 147, 147, 147, 147, 148, 149, 148, 148, 147, 148, 149, 150, 151, 151, 150, 149, 149, 149, 149, 149, 149, 149, 150, 150, 150, 150, 151, 151, 151, 151, 151, 151, 152, 151, 151, 151, 151, 151, 151, 151, 151, 152, 152, 152, 152, 153, 152, 152, 153, 152, 152, 152, 152, 150, 151, 151, 151, 154, 152, 123, 85, 84, 81, 80, 80, 80, 78, 75, 74, 73, 72, 71, 70, 69, 68, 68, 68, 73, 72, 76, 74, 74, 77, 78, 79, 79, 95, 142, 176, 193, 199, 187, 147, 87, 81, 81, 82, 82, 117, 155, 152, 152, 153, 153, 152, 152, 151, 150, 150, 149, 147, 145, 145, 145, 146, 149, 151, 152, 152, 152, 151, 152, 153, 152, 151, 150, 150, 150, 150, 151, 151, 152, 152, 152, 151, 150, 150, 150, 150, 150, 150, 148, 148, 148, 148, 147, 147, 147, 147, 147, 147, 147, 146, 146, 146, 145, 145, 145, 144, 142, 142, 142, 142, 141, 29]","[29, 28, 140, 139, 142, 140, 139, 139, 138, 141, 143, 143, 143, 143, 144, 144, 144, 144, 144, 144, 144, 145, 145, 146, 146, 146, 146, 146, 146, 146, 146, 146, 147, 147, 147, 148, 148, 148, 148, 150, 149, 148, 147, 146, 147, 148, 150, 151, 150, 149, 148, 148, 150, 151, 150, 150, 147, 149, 151, 151, 151, 151, 151, 151, 151, 152, 152, 152, 152, 152, 151, 151, 151, 151, 151, 151, 151, 152, 152, 152, 152, 152, 152, 153, 153, 152, 152, 153, 150, 151, 152, 151, 155, 153, 124, 86, 86, 83, 80, 80, 79, 76, 72, 70, 70, 70, 70, 69, 69, 68, 67, 67, 69, 69, 73, 74, 71, 71, 73, 74, 73, 78, 110, 144, 177, 196, 193, 162, 104, 82, 80, 80, 78, 104, 152, 156, 152, 152, 152, 152, 152, 151, 151, 150, 149, 149, 148, 147, 146, 146, 147, 150, 151, 151, 151, 151, 152, 153, 152, 151, 151, 151, 151, 151, 151, 151, 152, 152, 152, 151, 150, 150, 151, 151, 150, 150, 150, 150, 149, 149, 149, 148, 148, 148, 146, 146, 146, 146, 146, 146, 146, 146, 146, 143, 141, 142, 142, 142, 141, 28]","[29, 29, 140, 139, 142, 140, 140, 140, 140, 142, 144, 144, 143, 143, 144, 144, 144, 144, 144, 145, 145, 146, 146, 147, 146, 146, 146, 146, 146, 146, 146, 146, 147, 147, 147, 148, 148, 148, 149, 150, 150, 149, 147, 146, 147, 148, 150, 151, 149, 148, 148, 149, 150, 151, 151, 150, 147, 148, 150, 150, 151, 151, 151, 150, 151, 151, 151, 152, 152, 152, 151, 151, 152, 151, 151, 151, 151, 151, 151, 152, 151, 151, 152, 153, 153, 152, 152, 153, 153, 153, 151, 149, 151, 149, 121, 85, 87, 83, 80, 79, 78, 75, 72, 70, 70, 69, 68, 68, 68, 67, 66, 65, 66, 66, 69, 70, 67, 67, 70, 73, 76, 75, 85, 118, 151, 187, 187, 169, 115, 81, 81, 80, 79, 93, 142, 154, 151, 151, 151, 152, 152, 152, 151, 151, 149, 150, 150, 149, 147, 146, 147, 149, 150, 151, 151, 152, 152, 152, 152, 151, 151, 151, 151, 151, 151, 151, 151, 150, 149, 150, 150, 151, 151, 151, 149, 148, 150, 149, 149, 148, 148, 147, 147, 147, 146, 146, 146, 145, 145, 145, 146, 146, 146, 143, 141, 142, 142, 142, 140, 28]","[29, 29, 140, 139, 142, 140, 141, 142, 142, 143, 144, 144, 143, 143, 144, 145, 145, 145, 145, 145, 145, 146, 146, 146, 146, 146, 146, 146, 146, 146, 146, 147, 147, 147, 147, 148, 148, 148, 149, 150, 150, 149, 148, 147, 147, 148, 150, 151, 148, 148, 148, 149, 150, 151, 151, 150, 148, 149, 150, 150, 151, 151, 151, 150, 151, 151, 151, 151, 151, 151, 151, 151, 152, 151, 151, 151, 150, 150, 151, 151, 151, 151, 151, 152, 152, 152, 151, 152, 150, 149, 148, 147, 150, 147, 122, 89, 86, 82, 78, 77, 76, 74, 73, 72, 70, 69, 67, 66, 66, 65, 64, 63, 65, 66, 65, 65, 65, 66, 71, 73, 73, 72, 73, 95, 118, 161, 173, 168, 120, 80, 81, 81, 79, 84, 126, 145, 151, 151, 151, 152, 152, 152, 151, 151, 149, 150, 150, 149, 148, 148, 148, 148, 149, 150, 151, 152, 152, 152, 151, 150, 149, 149, 149, 150, 151, 151, 150, 149, 149, 149, 150, 151, 151, 150, 148, 147, 148, 147, 147, 146, 146, 146, 145, 145, 146, 146, 145, 145, 145, 145, 145, 145, 145, 143, 142, 143, 142, 141, 140, 29]","[29, 29, 140, 139, 142, 141, 142, 144, 142, 144, 144, 144, 143, 144, 145, 146, 145, 145, 145, 145, 145, 145, 145, 145, 146, 146, 146, 146, 146, 146, 147, 147, 147, 147, 147, 148, 148, 148, 149, 150, 150, 150, 149, 148, 148, 149, 150, 150, 148, 148, 148, 149, 150, 150, 150, 149, 150, 150, 150, 150, 151, 152, 151, 151, 152, 152, 152, 151, 151, 151, 150, 150, 151, 151, 151, 150, 150, 150, 150, 150, 151, 151, 151, 152, 152, 151, 151, 151, 151, 149, 149, 149, 151, 146, 121, 88, 86, 82, 78, 75, 74, 72, 71, 70, 67, 66, 64, 63, 64, 65, 65, 65, 64, 67, 64, 63, 66, 67, 68, 67, 70, 70, 74, 82, 95, 132, 158, 161, 129, 85, 85, 83, 79, 82, 120, 145, 152, 152, 151, 152, 152, 152, 151, 150, 149, 149, 148, 147, 148, 148, 148, 147, 149, 150, 152, 152, 151, 151, 150, 148, 148, 148, 148, 150, 151, 152, 151, 150, 150, 150, 150, 150, 150, 150, 149, 148, 148, 147, 147, 146, 146, 146, 146, 146, 147, 146, 145, 145, 144, 144, 144, 144, 144, 143, 142, 143, 141, 139, 139, 30]","[30, 29, 140, 142, 142, 143, 143, 142, 143, 143, 143, 142, 143, 144, 145, 144, 144, 145, 145, 145, 145, 145, 144, 144, 146, 146, 146, 146, 146, 147, 146, 146, 146, 146, 147, 147, 147, 147, 147, 147, 149, 149, 148, 149, 150, 151, 150, 149, 150, 149, 149, 149, 150, 150, 150, 150, 150, 150, 150, 150, 150, 151, 151, 151, 152, 152, 151, 150, 150, 150, 150, 150, 151, 151, 151, 152, 152, 151, 150, 151, 151, 151, 151, 151, 151, 151, 151, 151, 150, 150, 149, 150, 151, 147, 125, 91, 86, 83, 78, 75, 74, 74, 71, 68, 66, 64, 63, 62, 63, 63, 62, 61, 63, 65, 66, 65, 65, 64, 65, 66, 70, 70, 73, 76, 86, 110, 136, 147, 122, 89, 82, 82, 80, 81, 109, 143, 152, 152, 151, 153, 152, 151, 153, 149, 149, 148, 147, 148, 148, 147, 148, 149, 149, 150, 151, 151, 151, 151, 151, 150, 147, 148, 149, 150, 151, 152, 152, 151, 150, 148, 147, 147, 147, 147, 148, 149, 148, 147, 147, 146, 146, 146, 146, 146, 145, 146, 146, 145, 144, 144, 144, 144, 146, 142, 143, 146, 140, 139, 138, 31]","[29, 29, 143, 143, 141, 145, 138, 144, 143, 143, 143, 142, 143, 143, 144, 143, 143, 143, 143, 144, 144, 144, 143, 143, 145, 146, 146, 146, 146, 146, 146, 146, 146, 146, 147, 147, 147, 147, 147, 147, 148, 148, 148, 149, 150, 150, 150, 149, 150, 149, 148, 148, 148, 149, 149, 150, 149, 148, 148, 149, 150, 151, 151, 150, 150, 150, 150, 150, 150, 150, 150, 150, 151, 150, 150, 150, 150, 150, 150, 151, 151, 152, 151, 151, 151, 151, 151, 150, 151, 149, 149, 152, 152, 148, 126, 90, 84, 81, 77, 74, 73, 71, 69, 67, 66, 65, 65, 64, 63, 62, 61, 61, 60, 61, 63, 64, 65, 65, 65, 66, 67, 67, 68, 69, 73, 88, 111, 127, 113, 91, 81, 83, 81, 82, 98, 137, 152, 149, 151, 151, 151, 152, 150, 149, 149, 149, 148, 149, 149, 148, 148, 150, 150, 150, 150, 150, 151, 151, 151, 149, 150, 151, 151, 151, 152, 153, 153, 152, 150, 148, 147, 147, 147, 147, 148, 148, 147, 147, 146, 145, 145, 145, 145, 145, 146, 146, 146, 145, 144, 144, 144, 144, 142, 145, 142, 141, 142, 140, 142, 25]","[30, 27, 142, 141, 142, 140, 145, 140, 142, 143, 143, 142, 142, 142, 143, 143, 144, 144, 145, 145, 145, 145, 145, 145, 145, 146, 147, 146, 146, 146, 146, 146, 146, 146, 146, 147, 147, 147, 147, 147, 147, 148, 148, 149, 150, 149, 149, 148, 151, 151, 150, 149, 149, 149, 150, 151, 150, 148, 147, 148, 150, 151, 151, 150, 149, 149, 150, 150, 151, 151, 151, 151, 151, 151, 150, 150, 149, 149, 150, 151, 152, 152, 152, 151, 151, 152, 151, 150, 151, 150, 149, 147, 147, 150, 129, 86, 82, 80, 77, 74, 72, 71, 69, 68, 63, 64, 64, 62, 60, 58, 57, 58, 57, 58, 61, 63, 64, 65, 65, 65, 68, 67, 68, 70, 71, 75, 91, 110, 104, 95, 83, 82, 79, 80, 81, 124, 153, 150, 153, 152, 152, 154, 149, 151, 148, 148, 148, 149, 149, 148, 149, 150, 152, 150, 149, 149, 151, 152, 151, 149, 150, 150, 150, 149, 150, 151, 151, 150, 150, 149, 148, 148, 148, 148, 148, 148, 149, 148, 147, 147, 147, 147, 147, 146, 146, 146, 146, 145, 144, 143, 143, 143, 146, 142, 143, 145, 140, 137, 141, 30]","[30, 26, 147, 141, 140, 142, 142, 145, 142, 143, 144, 143, 143, 144, 144, 144, 143, 143, 144, 144, 144, 144, 144, 144, 144, 145, 146, 146, 145, 145, 146, 146, 146, 146, 146, 146, 146, 146, 146, 146, 146, 147, 148, 148, 147, 147, 147, 147, 149, 149, 149, 148, 147, 146, 147, 148, 149, 148, 147, 148, 149, 150, 150, 149, 148, 148, 149, 149, 150, 150, 150, 150, 150, 150, 149, 149, 148, 147, 149, 150, 152, 151, 150, 149, 150, 151, 151, 150, 150, 150, 153, 151, 147, 150, 129, 83, 81, 80, 77, 74, 73, 72, 70, 68, 65, 65, 64, 62, 60, 58, 57, 58, 57, 58, 59, 61, 63, 64, 65, 64, 65, 64, 64, 68, 71, 70, 77, 91, 95, 92, 83, 82, 80, 83, 80, 121, 146, 149, 151, 149, 150, 151, 148, 147, 146, 146, 147, 147, 147, 147, 148, 149, 150, 149, 147, 147, 149, 151, 150, 149, 150, 150, 150, 150, 150, 151, 151, 151, 149, 148, 148, 148, 148, 147, 147, 147, 147, 146, 145, 145, 145, 146, 145, 144, 146, 146, 146, 145, 144, 143, 143, 143, 140, 139, 142, 142, 137, 145, 137, 28]","[28, 32, 137, 142, 144, 144, 140, 140, 141, 142, 143, 142, 142, 143, 144, 144, 145, 145, 146, 146, 146, 145, 145, 145, 145, 146, 147, 147, 146, 146, 147, 147, 147, 147, 147, 147, 147, 147, 147, 147, 147, 147, 148, 147, 147, 146, 147, 147, 150, 150, 150, 150, 149, 148, 148, 148, 148, 148, 149, 148, 148, 148, 149, 149, 148, 148, 149, 149, 149, 150, 150, 151, 151, 150, 151, 150, 149, 148, 149, 151, 152, 150, 149, 148, 149, 150, 150, 150, 148, 146, 148, 148, 145, 147, 131, 92, 83, 80, 77, 74, 73, 72, 70, 67, 66, 65, 63, 61, 59, 58, 57, 56, 58, 57, 57, 59, 61, 63, 64, 64, 66, 66, 66, 69, 73, 71, 73, 81, 88, 86, 84, 82, 80, 83, 83, 112, 138, 152, 151, 150, 150, 149, 152, 146, 147, 148, 148, 148, 147, 147, 148, 149, 149, 149, 148, 147, 148, 150, 150, 150, 148, 148, 148, 148, 148, 149, 148, 147, 149, 148, 148, 148, 148, 147, 146, 146, 148, 147, 146, 146, 146, 147, 146, 145, 144, 144, 144, 143, 142, 141, 141, 141, 141, 145, 144, 139, 139, 139, 134, 32]","[30, 29, 138, 142, 141, 140, 148, 142, 143, 144, 144, 144, 145, 145, 146, 146, 145, 145, 145, 145, 145, 144, 144, 144, 144, 145, 145, 145, 145, 145, 145, 145, 146, 146, 146, 146, 146, 146, 146, 146, 146, 147, 147, 146, 146, 146, 147, 148, 149, 150, 150, 150, 149, 148, 148, 147, 147, 148, 148, 147, 147, 146, 147, 148, 147, 147, 147, 147, 148, 148, 149, 150, 150, 150, 150, 150, 149, 148, 149, 150, 150, 149, 147, 146, 146, 147, 148, 147, 149, 148, 147, 145, 147, 153, 132, 86, 82, 79, 76, 73, 72, 71, 68, 65, 68, 66, 63, 61, 60, 59, 58, 57, 59, 58, 58, 59, 60, 63, 64, 65, 64, 66, 67, 68, 69, 69, 72, 78, 83, 82, 84, 82, 80, 79, 82, 96, 134, 152, 149, 149, 150, 148, 153, 146, 147, 148, 148, 147, 146, 146, 146, 146, 147, 147, 148, 147, 147, 148, 149, 150, 150, 151, 150, 150, 150, 150, 149, 148, 147, 146, 146, 147, 147, 146, 145, 145, 148, 147, 146, 145, 145, 145, 144, 143, 145, 146, 146, 145, 144, 144, 143, 144, 142, 142, 142, 140, 142, 138, 141, 26]","[29, 29, 139, 141, 139, 142, 140, 142, 142, 142, 143, 142, 143, 144, 144, 143, 144, 144, 144, 144, 144, 144, 144, 144, 145, 146, 147, 146, 146, 147, 147, 146, 147, 147, 147, 147, 147, 147, 147, 147, 148, 148, 148, 148, 148, 148, 149, 149, 148, 148, 148, 148, 148, 147, 147, 146, 148, 148, 148, 148, 148, 148, 148, 148, 147, 147, 148, 148, 148, 149, 149, 149, 150, 150, 150, 150, 150, 149, 149, 150, 150, 150, 148, 147, 147, 148, 148, 147, 145, 148, 148, 147, 148, 150, 130, 90, 79, 78, 76, 74, 73, 72, 71, 69, 66, 65, 63, 62, 61, 61, 60, 60, 59, 58, 58, 58, 59, 60, 61, 61, 64, 64, 66, 66, 65, 67, 70, 72, 77, 80, 81, 82, 81, 81, 83, 88, 136, 150, 147, 147, 149, 146, 149, 146, 148, 149, 149, 148, 147, 147, 147, 146, 148, 148, 148, 148, 148, 149, 149, 150, 150, 150, 149, 148, 149, 149, 149, 148, 148, 147, 147, 148, 148, 148, 147, 147, 146, 145, 145, 145, 145, 144, 144, 144, 143, 144, 144, 143, 143, 143, 143, 143, 145, 143, 142, 137, 136, 140, 132, 32]","[28, 30, 28, 30, 28, 29, 29, 30, 29, 29, 29, 29, 29, 30, 30, 29, 29, 29, 29, 29, 29, 29, 29, 29, 28, 29, 29, 29, 29, 29, 29, 29, 29, 29, 29, 29, 29, 29, 29, 29, 28, 29, 29, 29, 29, 29, 29, 29, 29, 29, 29, 29, 29, 29, 29, 28, 29, 28, 28, 28, 29, 29, 29, 29, 29, 29, 29, 29, 29, 29, 28, 28, 30, 29, 29, 29, 29, 29, 29, 29, 29, 30, 29, 29, 28, 29, 29, 28, 31, 27, 27, 30, 27, 27, 32, 29, 29, 30, 29, 29, 28, 29, 29, 28, 30, 30, 29, 29, 29, 28, 29, 29, 29, 29, 29, 29, 29, 29, 29, 29, 31, 28, 29, 30, 28, 29, 30, 28, 26, 32, 27, 29, 29, 28, 28, 30, 24, 32, 30, 28, 31, 29, 28, 30, 28, 29, 29, 28, 28, 29, 29, 28, 29, 29, 29, 28, 28, 29, 29, 29, 30, 30, 29, 28, 29, 30, 30, 30, 29, 28, 28, 29, 29, 29, 28, 29, 29, 29, 29, 29, 29, 29, 29, 29, 29, 30, 30, 30, 29, 29, 29, 30, 28, 29, 27, 32, 28, 30, 31, 28]"
