"[26 23 20 19 19 20 20 19 23 23 22 21 20 19 18 18 22 22 22 21 21 20 20 20
 19 19 19 19 19 19 19 20 19 19 19 19 19 19 19 19 24 20 18 20 22 21 20 20
 21 22 23 22 22 24 25 24 25 21 18 20 24 29 34 39]","[19 15 11  9  9  9  8  8 10 10 10 10 10  9  9  9  7  7  7  7  7  6  6  6
  6  6  6  7  7  7  7  7  8  8  8  7  7  6  7  7  7  7  8 11 12 11 10 10
 10 11 12 12 13 15 15 14 18 15 16 23 32 40 43 43]","[23 20 16 14 13 13 12 11  7  7  6  6  5  4  3  3  3  3  3  2  3  3  3  3
  2  2  3  3  3  4  4  3  2  2  2  2  2  3  3  4  3  5  8  9  9  8  7  6
  8  9 11 13 14 14 13 13 12 14 20 31 44 51 51 48]","[31 28 25 23 24 24 23 22 17 17 16 13 12 10  9  9 12 11 10  9  9  9  8  8
  6  6  6  6  6  5  6  5  5  5  5  6  5  6  6  6  6 10 13 10  9 11 12 12
 15 14 15 19 19 16 15 16 15 23 34 43 50 55 54 49]","[24 22 19 19 21 21 19 19 21 21 21 20 20 19 19 18 15 14 13 12 10  9  8  7
  8  7  7  7  6  6  5  5  5  5  5  5  5  5  5  6  7 10 10  8  9 17 23 23
 19 15 14 16 16 13 14 18 28 40 50 51 51 52 51 48]","[18 15 12 13 14 14 12 11 15 16 17 18 19 21 22 22 20 20 19 17 16 14 13 13
  9 10  9  7  7  7  6  6  4  4  4  4  5  5  5  5  6  9  7  5 13 29 38 37
 24 15 11 14 15 13 17 26 42 52 56 50 46 49 51 47]","[28 24 20 18 17 17 15 14 11 12 12 13 14 15 16 16 21 21 21 20 20 20 20 19
 15 14 14 13 12 11 11 10  7  7  7  7  7  7  7  7  7 10  8  7 20 39 45 40
 33 21 14 18 20 22 32 46 50 53 48 40 42 52 55 48]","[40 37 32 28 26 24 22 20 15 15 14 13 11 10  9  9 10 10 11 12 13 14 14 15
 17 17 16 15 14 13 13 12  9  9  9  9  9  9  9  9  9 10  8  7 21 39 41 30
 37 23 16 20 24 28 42 59 53 49 38 30 40 57 59 50]","[53 79 75 73 71 58 56 47 41 35 27 20 17 16 15 15 17 15 12 12 12 12 10  7
 11 12 12 13 13 13 13 13 13 13 12 12 11 11 10 10 10  6  6  8 18 39 47 33
 36 16  9 28 46 47 42 41 44 51 46 34 39 57 61 51]","[44 72 71 75 79 74 77 72 74 69 63 57 53 50 46 43 25 23 20 20 19 18 15 14
  7  7  7  8  9 12 13 14 13 13 13 12 11 11 11  9  9  9 10  9 16 40 48 31
 42 29 25 37 47 45 44 48 45 49 43 34 42 60 63 52]","[43 70 68 71 75 71 76 72 75 73 72 71 72 71 68 66 70 66 58 51 43 36 28 24
 25 23 19 15 12 10  9  9  5  6  7  7  9 10 11 11  8 11 13  9 17 47 57 38
 48 42 41 45 45 42 45 53 47 47 41 37 48 64 64 52]","[46 70 65 64 66 60 65 61 63 62 61 63 65 66 66 64 71 69 67 67 68 69 67 65
 54 52 48 42 36 30 25 22 11 11 11 10  9  9  8  8  6 10 12  6 13 49 65 48
 49 48 47 46 43 42 46 52 52 48 42 42 54 66 62 51]","[43 68 64 64 67 63 69 66 72 69 65 62 61 60 59 58 59 58 58 61 64 66 66 66
 59 60 62 62 61 58 54 52 41 39 35 29 24 18 14 12 11 13 10  5 10 44 63 50
 49 49 48 45 45 48 50 50 56 49 44 48 59 66 60 51]","[45 70 65 65 69 64 70 66 73 69 65 62 62 63 62 62 68 65 61 58 56 52 48 45
 50 52 55 58 58 57 55 54 56 54 52 49 45 42 40 39 31 27 23 16 19 45 61 53
 47 51 50 46 48 54 54 48 55 48 46 54 64 65 60 55]","[47 73 68 68 70 64 69 64 66 64 63 64 66 67 67 65 60 59 58 59 61 62 62 61
 51 50 49 48 47 46 45 45 49 49 50 51 52 53 53 54 46 38 36 35 35 48 59 55
 43 52 54 47 47 54 54 47 52 45 47 59 67 66 62 61]","[45 71 70 72 78 74 79 75 75 74 74 75 74 72 67 63 65 63 61 59 59 57 55 53
 58 55 52 49 48 50 53 55 45 45 44 43 42 42 41 41 44 34 36 42 41 46 54 52
 37 52 57 48 44 50 51 44 47 43 47 61 69 67 64 67]","[46 74 73 73 74 70 79 78 76 76 76 75 75 74 74 73 71 70 69 67 66 64 63 62
 58 56 54 51 49 48 47 46 47 45 43 42 43 43 42 41 39 38 45 30 41 51 38 69
 58 48 55 62 50 40 43 45 48 44 49 61 69 67 65 67]","[46 75 73 74 75 70 79 78 78 78 77 77 76 76 76 75 74 73 72 70 69 67 66 65
 62 61 58 56 54 52 52 51 53 51 48 47 46 46 44 42 41 39 39 31 39 49 45 56
 51 42 49 59 50 41 42 41 43 47 54 62 68 69 67 65]","[46 75 74 75 76 71 80 79 79 79 79 79 78 78 78 78 78 77 76 74 73 71 70 70
 68 67 65 62 60 59 58 58 60 58 55 53 52 50 47 45 46 45 35 35 35 44 57 44
 40 31 38 48 44 38 37 34 38 51 62 64 67 72 70 62]","[47 76 76 77 78 73 81 79 79 79 79 79 79 79 79 79 80 79 78 77 76 74 73 73
 73 72 70 68 66 65 64 64 63 61 59 57 57 55 51 49 51 54 39 41 29 36 66 44
 34 23 25 33 31 31 33 28 36 57 70 66 67 76 73 60]","[48 77 77 79 80 74 82 80 79 79 79 79 79 79 79 79 81 80 80 78 77 76 76 75
 76 75 73 71 70 69 68 68 64 63 61 61 61 59 56 53 54 61 49 47 25 27 65 54
 41 26 23 24 20 25 33 30 41 64 75 69 69 79 76 61]","[48 78 79 80 82 76 82 81 79 79 79 79 80 80 80 80 82 81 81 80 79 78 77 77
 78 77 75 74 72 72 71 71 66 65 64 64 64 63 59 56 51 59 58 49 26 22 51 64
 56 40 31 24 16 24 36 36 53 70 77 71 71 80 77 64]","[49 79 80 82 83 77 83 81 80 80 81 81 82 82 82 83 83 83 83 82 81 80 80 80
 80 79 78 76 75 74 74 74 71 70 69 69 68 65 60 57 44 51 60 47 31 21 29 65
 68 53 42 28 16 22 36 38 66 74 76 72 74 80 78 68]","[49 79 80 83 84 77 84 81 82 82 82 83 83 84 84 85 85 85 84 83 83 82 82 81
 82 81 79 78 77 76 76 76 76 74 73 72 70 66 60 56 38 42 59 45 36 23 13 62
 73 60 48 31 15 20 34 37 75 77 75 73 76 80 78 70]","[45 84 81 79 86 81 83 83 82 83 85 87 87 86 85 84 85 85 85 86 86 86 87 87
 87 86 85 84 83 81 81 80 84 80 75 73 74 74 70 66 47 44 58 45 32 22 11 44
 69 56 40 38 38 23 20 38 69 81 80 82 78 80 89 67]","[46 85 82 80 87 82 84 84 85 85 85 85 85 86 86 87 87 87 87 87 88 88 88 89
 89 89 88 87 87 86 85 85 86 83 79 77 76 75 72 69 50 34 48 41 26 16  9 33
 64 55 42 41 44 34 31 45 81 69 63 85 89 80 82 67]","[ 48  86  84  81  89  83  86  86  88  86  85  84  84  86  88  90  88  89
  89  89  90  90  90  90  92  92  92  92  92  92  92  92  89  88  85  82
  79  77  75  73  58  30  44  49  29  21  24  38  58  54  43  43  51  48
  46  55  80  77  72  84  80  78 101 102]","[ 49  88  85  83  90  85  87  87  88  87  86  86  86  87  89  90  89  89
  89  90  90  91  91  91  93  93  94  94  95  96  96  97  93  93  92  89
  85  81  78  76  63  32  46  60  37  32  48  55  56  54  44  42  52  55
  56  66  79  92  83  76  81 113 149 137]","[ 50  89  86  83  91  86  88  88  86  87  89  90  90  90  89  88  89  89
  89  90  90  91  91  91  93  93  94  95  96  98  99  99  97  97  97  96
  92  87  81  76  63  39  47  61  40  37  62  63  58  54  43  40  49  52
  59  75  82  86  76  89 125 168 180 137]","[ 50  89  86  83  91  86  88  88  86  88  90  92  92  91  90  88  90  90
  90  90  91  91  91  92  93  93  94  96  97  98  99 100 101 100 100 101
 100  94  82  73  67  55  49  57  47  47  70  64  59  52  41  42  47  45
  56  83  74  85 100 140 169 181 175 135]","[ 50  88  86  83  91  85  88  88  89  90  90  91  91  91  91  91  91  92
  92  92  93  93  93  93  94  95  95  97  98  99  99 100 103 101 101 105
 107 100  83  69  71  69  46  48  56  63  78  63  57  48  41  47  49  39
  52  89  87 121 152 177 176 171 170 141]","[ 49  88  85  83  90  85  87  88  92  91  90  89  89  91  93  94  93  93
  94  94  94  95  95  95  96  96  97  98  98  99 100 100 104 101 101 107
 111 103  83  66  66  71  35  36  60  73  82  61  54  44  41  53  53  36
  50  92 125 166 180 173 166 179 182 138]","[ 48  86  84  83  91  86  89  92  90  88  88  88  90  91  90  89  90  90
  91  93  94  95  96  96  95  95  96  97  99 100 101 101 103 105 108 111
 110 100  80  63  57  49  46  57  75  82  73  61  45  42  46  54  48  45
  87 148 169 172 172 177 173 181 182 139]","[ 53  91  89  86  93  87  90  92  92  91  90  91  93  93  93  91  95  95
  96  97  98 100 100 101 100 100 101 102 104 105 106 106 107 108 109 111
 113 106  89  73  58  54  55  68  83  87  74  60  53  35  47  57  46  69
 130 170 170 173 173 179 175 182 184 140]","[ 51  91  89  84  89  83  86  87  89  88  87  88  90  91  90  89  93  93
  94  95  96  97  98  99  98  99 100 101 102 103 104 105 104 104 103 104
 108 106  90  73  61  61  66  78  89  86  70  54  56  31  47  61  56 104
 170 181 173 176 175 181 177 184 186 142]","[ 50  93  93  86  91  86  89  89  93  92  92  93  95  96  96  95  95  96
  97  98  99 100 101 102 102 103 103 105 106 107 108 108 108 108 106 106
 110 108  89  66  66  67  73  82  87  80  63  49  53  38  43  59  85 139
 177 172 175 178 177 183 179 186 188 144]","[ 58 105 106 100 105 102 107 106 110 109 109 110 113 114 114 112 113 114
 115 116 117 118 119 119 121 121 122 123 124 126 126 127 127 128 127 126
 130 126  99  69  68  71  77  83  85  78  65  55  52  52  37  54 120 165
 170 170 176 179 179 185 181 188 190 146]","[ 62 113 116 109 114 113 119 118 121 120 120 122 125 126 126 125 128 128
 129 130 132 133 134 134 136 136 137 139 140 141 142 142 142 145 145 144
 149 143 111  74  70  75  81  86  86  81  74  69  58  60  37  63 148 180
 168 180 177 180 180 186 182 189 190 147]","[ 61 114 118 110 115 115 121 119 122 122 121 123 126 128 128 127 129 130
 131 132 133 134 135 136 138 139 140 141 142 143 144 144 144 148 148 148
 155 151 118  79  74  80  87  89  87  81  76  74  61  52  50  96 166 183
 173 182 177 181 180 186 182 189 191 147]","[ 62 116 121 111 115 115 121 118 123 122 122 124 127 128 128 127 128 128
 129 130 132 133 134 134 137 137 138 139 141 142 143 143 143 146 146 146
 156 155 123  83  78  84  91  92  86  78  72  69  59  41  65 130 175 181
 175 173 177 180 180 186 182 189 191 147]","[ 59 116 114 117 112 120 116 117 122 122 123 124 126 127 128 128 129 131
 133 133 133 133 135 137 138 138 139 140 142 143 144 144 148 149 140 147
 156 159 143  92  81  91  96  91  82  75  69  64  55  42  84 165 168 175
 177 180 180 183 183 188 184 191 192 148]","[ 61 117 115 119 113 122 118 119 122 123 123 125 126 127 128 128 129 131
 133 133 133 134 136 138 139 139 140 141 143 144 145 145 145 151 145 150
 153 156 146 102  83  90  92  85  76  71  68  65  57  45  89 168 171 177
 178 181 180 183 182 188 183 190 192 148]","[ 62 119 117 121 115 123 119 120 123 123 124 125 126 128 128 129 130 131
 133 134 134 134 136 138 139 140 141 142 143 144 145 146 142 153 150 152
 151 153 151 114  85  89  87  78  70  67  65  63  57  48  93 172 172 178
 179 181 180 183 182 188 183 190 191 148]","[ 63 119 117 121 115 123 119 121 123 124 125 126 127 128 129 130 130 132
 134 135 134 135 137 139 139 139 140 142 143 144 145 145 143 153 149 151
 150 153 152 116  86  89  86  77  69  65  62  58  52  49  96 173 172 177
 178 179 181 184 183 188 184 191 192 148]","[ 62 119 117 120 115 123 119 120 124 125 126 127 128 129 130 131 131 133
 135 136 135 136 138 140 138 139 140 141 142 143 144 145 146 152 145 148
 151 155 150 109  87  90  88  79  71  65  58  51  46  47  98 174 170 176
 177 177 182 185 184 189 185 192 193 150]","[ 62 119 117 121 115 123 119 120 125 126 126 128 129 130 131 131 132 134
 136 136 136 137 139 140 139 140 141 142 143 144 145 146 149 153 144 148
 153 156 145  98  90  92  90  82  72  64  53  44  41  47 101 176 171 177
 179 178 184 187 186 191 187 194 195 151]","[ 64 120 118 122 116 125 121 122 126 126 127 128 129 131 131 132 132 134
 136 137 137 137 139 141 142 142 143 144 146 147 148 148 151 156 149 153
 155 154 139  90  93  94  90  80  70  61  49  39  40  50 107 181 175 182
 184 183 186 188 188 193 189 196 197 153]","[ 65 122 120 124 118 126 122 123 126 126 127 128 130 131 132 132 133 135
 137 137 137 137 139 141 144 145 145 147 148 149 150 150 151 159 154 158
 156 151 135  87  96  96  89  77  67  58  47  37  41  53 111 185 179 186
 188 187 187 190 189 194 190 197 198 154]","[ 61 127 124 125 123 128 122 131 130 130 130 131 132 134 136 136 140 140
 141 142 143 144 145 146 149 150 152 154 155 157 157 157 155 164 162 160
 159 163 102  97  95  92  86  76  63  51  43  39  43  41 138 182 173 188
 184 190 193 189 194 189 196 194 202 153]","[ 66 131 128 130 128 133 127 136 133 133 134 134 136 137 139 140 142 143
 143 145 146 147 148 148 151 152 154 156 157 158 159 159 159 161 164 160
 162 153 101  97  96  93  85  74  62  50  42  38  44  52 147 187 176 189
 184 190 193 190 195 190 198 195 203 154]","[ 68 134 131 133 130 136 130 139 138 138 138 138 140 141 143 144 145 146
 147 148 149 150 151 151 153 154 156 158 159 161 161 161 163 158 167 161
 165 136 100  96  99  93  84  72  59  49  41  37  42  69 160 192 182 190
 184 192 194 191 197 192 200 197 205 156]","[ 66 132 130 132 130 135 129 139 140 140 140 141 142 144 145 146 147 147
 148 149 151 152 153 153 154 155 157 159 161 162 162 162 167 156 170 163
 164 119 100  96 101  93  81  68  56  47  41  37  39  89 172 195 187 191
 186 195 195 193 199 195 203 200 207 158]","[ 66 132 129 131 130 135 130 139 140 140 140 141 142 144 145 146 147 148
 149 150 151 152 153 153 154 155 157 159 161 162 162 162 169 158 170 166
 155 105 101  97 103  92  77  63  53  46  42  39  38 110 180 193 190 192
 189 198 196 195 201 198 206 203 210 160]","[ 67 133 131 133 132 138 132 142 140 140 140 141 142 144 145 146 148 148
 149 150 151 152 153 154 155 156 158 160 162 163 163 164 168 163 168 169
 141  98 103  99 103  91  73  59  51  46  43  40  44 132 188 190 193 194
 191 201 198 196 203 201 209 206 213 162]","[ 68 134 132 134 133 139 134 143 140 140 140 141 142 144 145 146 149 149
 150 151 152 154 154 155 157 158 160 162 164 165 165 166 166 170 166 172
 126  95 105 100 103  89  70  56  49  46  44  42  55 153 196 188 195 195
 193 202 199 197 205 203 211 208 214 164]","[ 67 133 131 133 132 138 133 142 141 141 141 141 143 144 146 147 150 150
 151 152 154 155 156 156 159 160 162 164 166 167 167 168 164 175 164 174
 116  95 106 101 102  88  68  54  48  46  45  44  64 167 201 187 196 196
 193 201 199 198 206 204 213 209 215 165]","[ 66 136 134 133 132 140 134 140 139 140 141 143 144 145 145 145 149 149
 151 153 155 157 158 159 158 159 161 163 166 169 170 171 171 177 173 158
  98  98  99  98 100  88  69  54  47  47  44  41  74 184 194 189 199 191
 203 196 201 201 207 204 215 216 221 165]","[ 72 141 140 138 136 144 137 143 144 145 146 148 149 150 150 150 149 150
 151 153 155 157 159 160 159 160 162 165 167 170 171 172 165 173 173 149
 101 102 111 107  96  83  64  50  44  44  44  43  94 193 200 194 204 196
 207 199 196 196 203 199 210 211 215 160]","[ 69 138 136 134 132 139 133 138 140 141 143 145 146 146 147 147 147 147
 149 151 153 155 156 157 158 159 161 163 165 168 169 170 165 173 173 129
  95  91 106  96  96  82  62  48  43  44  47  50 114 195 199 192 202 197
 203 195 204 205 212 208 218 218 224 169]","[ 71 140 139 138 137 145 139 145 145 146 148 149 150 151 151 151 152 153
 155 156 159 160 162 163 165 166 167 169 172 174 175 176 175 183 178 119
  99  93 110  96  96  79  59  46  40  41  47  53 140 199 201 195 204 202
 206 199 197 199 207 202 212 212 218 164]","[ 67 137 136 136 136 145 139 146 143 144 146 147 149 149 149 149 147 148
 150 152 154 156 157 158 161 162 163 165 167 169 170 171 168 175 162 104
  97  96 110  99  93  75  55  42  36  35  44  54 153 192 196 191 199 201
 202 198 204 207 216 211 219 219 225 173]","[ 71 141 140 140 140 149 143 150 146 147 149 150 152 152 152 152 152 152
 154 156 158 160 161 162 165 166 167 168 170 172 173 174 173 175 148 101
  98 101 104  98  93  75  56  46  40  38  48  61 174 196 203 199 203 207
 207 207 201 205 214 209 216 215 223 171]","[ 77 146 144 144 142 150 143 149 148 149 150 152 153 154 154 154 154 155
 156 158 160 162 164 164 167 167 168 170 171 173 174 175 178 176 134 103
  99 109  99 100  87  70  54  47  42  41  53  68 183 193 203 199 199 203
 201 204 208 213 222 217 223 222 229 179]","[ 49 117 115 113 110 116 109 115 115 116 118 119 121 121 122 122 117 118
 119 121 123 125 126 127 129 130 131 132 134 135 136 137 140 136  88  73
  72  90  74  82  75  58  44  40  36  36  49  66 144 148 160 156 153 156
 152 158 152 157 167 161 167 166 175 124]"
