"[26 23 20 19 19 20 19 19 20 20 20 20 19 19 19 18 21 21 21 20 20 19 19 19
 19 19 19 19 19 19 20 20 18 18 18 19 19 20 20 21 19 20 20 21 21 22 22 23
 20 21 23 23 22 23 25 27 17 25 28 22 18 23 35 43]","[20 17 13 11 11 11 10  9  9  8  8  8  9  8  8  8  7  7  7  7  7  7  7  6
  6  6  6  7  7  7  7  6  6  6  6  6  6  6  6  7  7  7  7  8  9  9 10 10
  8 10 12 12 12 12 14 15 20 16 11 15 31 46 50 46]","[24 21 17 15 15 15 14 12  7  7  6  5  4  4  3  2  3  3  3  3  4  4  4  4
  2  2  2  3  3  3  3  3  2  2  2  2  2  1  2  1  3  4  4  5  6  7  7  8
  6  8 11 12 11 10 11 13 16 13 14 25 46 61 58 47]","[30 27 24 22 23 23 22 21 20 19 18 15 13 11  9  9  9  9  9  9  8  7  7  7
  6  5  5  5  4  4  4  5  4  5  4  4  4  4  4  5  7  7  8  9 10 11 12 12
 14 15 17 17 15 14 15 16 12 24 39 48 53 55 51 45]","[23 20 17 18 19 20 18 17 24 23 22 21 20 19 18 17 14 13 12 11  9  8  7  7
  7  7  6  6  5  5  4  4  5  6  5  6  5  4  4  4  6  6  7  8  9 11 12 12
 14 15 15 14 13 13 14 17 24 40 54 56 52 49 47 44]","[18 16 13 14 14 15 13 12 14 15 16 17 17 18 19 20 21 21 20 18 17 15 14 14
 10 10  9  8  8  7  7  6  6  6  5  5  5  4  4  4  4  5  6  7  8  9 12 12
 14 14 13 13 13 15 20 24 48 49 48 47 50 54 52 46]","[28 25 21 18 18 17 16 14 10 11 12 13 14 15 16 17 22 22 22 22 21 21 21 21
 16 16 15 14 13 13 12 12  8  8  7  7  6  6  6  5  6  6  8  9 11 12 14 14
 14 14 14 15 18 25 33 39 53 50 46 45 52 58 55 46]","[38 35 30 26 24 22 20 18 17 17 16 16 15 14 14 14  9  9 10 11 12 12 13 13
 19 19 18 17 16 16 15 14  8  8  7  7  6  6  5  5  6  7  8  9 11 13 14 15
 13 13 14 16 21 31 42 50 43 49 55 55 55 55 51 45]","[50 77 75 75 73 60 56 46 34 32 28 24 21 18 15 15 12 12 12 13 13 14 15 15
 12 11  9  8  8 10 13 14 12 13 14 15 15 14 13 12 12  9  6  7 11 15 15 14
 17 13 14 27 44 53 50 43 47 50 52 51 54 58 57 52]","[43 70 69 73 78 73 77 72 81 77 70 62 54 47 42 39 28 26 23 20 17 13 10  9
 12 12 12 11 13 15 17 18 13 14 14 14 14 13 12 12  9  8  7  8 11 12 13 13
 17 19 26 36 46 50 49 46 48 51 52 52 55 59 57 52]","[43 68 64 66 71 68 76 73 68 68 69 71 73 75 78 79 61 59 56 51 46 41 37 35
 21 20 18 15 12  8  6  5  7  7  8  9 10 12 13 14 10 12 12 12 12 13 15 17
 20 29 40 46 47 47 48 50 50 53 54 53 56 60 58 53]","[44 68 62 61 63 59 65 61 62 62 61 62 62 63 64 65 72 72 71 70 69 68 67 66
 58 57 53 48 41 33 26 22 14 13 11 10 10 10 10 11  8 10 11 10  9 12 18 24
 30 37 46 49 47 46 49 52 52 55 56 55 58 61 59 54]","[41 66 63 65 68 64 69 65 69 68 65 62 60 58 57 56 56 57 57 58 59 60 61 61
 64 65 66 66 64 61 57 54 44 41 35 29 23 18 15 14 11 11  9  7  7 12 22 30
 41 42 44 45 46 47 50 52 54 57 58 57 59 62 60 55]","[42 68 66 68 72 66 70 64 62 62 62 64 65 68 69 71 58 57 56 55 54 53 52 52
 48 49 52 54 55 54 53 52 58 56 53 49 45 42 40 39 25 23 20 17 18 24 32 39
 47 44 42 43 46 49 52 52 56 59 59 58 61 64 62 56]","[45 71 67 68 70 64 69 64 72 71 69 66 64 62 61 61 68 67 66 64 61 59 58 57
 52 52 53 54 54 52 51 50 50 50 51 52 52 52 52 52 41 38 33 32 33 37 40 41
 45 45 45 46 47 50 52 54 58 60 61 60 62 65 62 57]","[44 69 66 68 74 71 79 76 72 72 70 69 68 68 68 68 63 62 61 60 59 59 58 57
 48 49 50 51 52 52 52 51 45 45 46 45 44 42 39 38 45 41 37 36 38 38 36 33
 41 45 49 50 49 50 53 56 59 61 62 60 62 65 63 57]","[44 75 74 73 75 73 80 74 75 75 75 75 75 74 74 74 70 71 71 70 68 64 60 58
 56 56 55 54 53 52 51 51 51 49 47 44 42 41 41 41 40 38 37 36 37 38 41 43
 42 44 47 50 53 56 57 58 60 60 60 59 63 67 65 59]","[45 76 75 74 76 75 81 75 76 76 76 77 77 77 77 77 74 74 73 72 70 67 64 63
 61 60 59 58 56 55 54 54 55 53 50 48 46 45 44 44 41 40 38 37 38 40 42 44
 44 46 48 51 54 56 57 58 62 63 62 62 66 70 68 61]","[46 77 76 74 77 75 82 76 77 77 78 79 79 80 80 81 79 78 77 75 73 71 70 69
 67 67 65 64 62 60 59 58 59 58 56 53 51 50 49 49 44 43 41 40 40 42 44 46
 47 49 51 54 56 57 58 59 65 66 66 66 70 74 71 64]","[46 77 76 74 77 75 82 76 77 78 78 79 80 81 82 83 82 81 79 77 76 75 74 74
 73 72 71 68 66 64 62 62 63 62 60 58 56 54 53 53 47 46 44 43 43 45 47 48
 51 52 54 56 58 60 60 60 66 68 68 68 72 76 73 66]","[46 77 76 74 77 75 82 76 77 78 79 80 81 82 82 83 83 82 80 79 78 77 77 77
 77 76 74 72 70 68 66 65 66 65 64 62 60 58 56 55 51 50 48 46 46 47 49 51
 54 55 57 59 61 62 63 63 66 69 69 70 74 77 73 66]","[47 78 77 76 79 77 83 77 79 80 80 81 81 82 83 83 82 82 82 81 81 80 80 79
 79 78 77 75 73 72 70 70 68 68 67 66 64 61 59 58 55 53 51 49 49 50 52 53
 56 57 59 62 64 66 67 67 67 69 70 71 75 78 74 66]","[50 81 80 78 81 79 86 80 83 83 83 83 83 84 84 84 83 83 84 85 85 84 82 81
 81 81 80 79 77 76 75 74 71 71 71 69 67 65 62 60 58 56 54 52 51 52 54 55
 56 58 61 64 66 68 70 70 68 70 72 73 77 80 75 67]","[52 83 82 81 84 82 88 82 86 86 86 85 85 85 85 85 83 84 86 88 88 86 84 82
 83 83 82 81 80 79 78 78 73 73 73 72 70 67 64 63 59 58 55 53 53 53 55 56
 57 58 61 65 68 70 72 72 69 72 73 75 79 81 76 68]","[48 82 83 83 84 81 88 83 86 86 86 86 86 86 86 86 84 86 88 90 91 89 88 86
 85 85 86 86 86 84 82 81 81 79 76 73 70 68 66 66 62 61 58 57 56 57 59 60
 64 66 68 68 68 68 70 72 64 82 83 81 73 79 90 65]","[48 82 83 83 85 82 88 83 85 85 85 85 85 85 85 85 86 87 88 89 90 89 89 88
 88 89 89 90 89 88 86 85 85 83 80 77 74 71 69 69 64 62 60 58 57 58 60 61
 64 66 68 69 68 69 71 73 78 72 67 84 86 80 84 67]","[ 49  82  84  84  85  82  89  83  85  85  85  85  85  85  85  85  89  89
  88  88  89  90  90  91  92  93  93  94  93  93  92  91  90  89  86  83
  80  77  74  73  69  67  64  62  61  61  63  64  66  68  70  70  70  71
  73  75  79  79  76  85  79  79 103 103]","[ 50  83  85  84  86  83  89  84  86  86  86  87  87  87  87  87  92  90
  89  88  88  90  92  94  95  95  96  96  96  96  96  96  95  94  92  89
  85  82  79  78  75  73  70  67  65  65  66  66  67  69  71  72  72  73
  75  77  79  93  84  76  81 114 150 137]","[ 51  84  86  85  87  84  90  85  88  88  89  89  90  90  90  91  93  92
  90  89  89  91  94  96  96  96  96  96  97  98  98  99  98  97  96  94
  91  88  85  83  78  76  72  68  66  65  66  66  68  71  73  74  74  75
  78  80  82  85  75  89 125 167 179 137]","[ 51  85  86  86  88  85  91  86  89  89  90  91  91  92  93  93  94  93
  91  90  91  92  95  96  95  95  95  96  97  98 100 101 100 100 100  99
  97  94  91  90  81  78  74  70  67  66  65  66  70  72  75  76  76  77
  80  82  75  82  97 139 170 180 173 134]","[ 52  85  87  86  88  85  92  86  89  89  90  90  91  92  93  93  94  93
  92  92  92  94  95  96  96  96  96  96  97 100 102 103 103 104 105 105
 104 101  98  97  88  85  81  76  72  71  70  70  71  73  76  77  78  79
  82  84  90 119 148 177 179 171 168 141]","[ 52  86  87  87  89  85  92  87  88  88  89  90  91  91  92  93  94  94
  93  93  94  94  95  96  97  96  96  97  98 101 103 105 105 106 108 108
 108 106 103 101  96  93  88  83  79  77  77  77  71  74  76  78  79  80
  83  85 131 165 176 174 170 180 181 139]","[ 49  87  85  84  92  85  88  90  88  88  88  89  90  90  91  91  93  93
  93  94  95  95  96  96  97  97  98  99 100 100 101 101 105 106 108 110
 110 110 109 109 109 108 103  93  83  77  77  78  69  79  84  82  77  76
 105 147 169 170 176 172 179 179 186 136]","[ 52  90  89  86  93  86  88  90  90  90  90  91  92  93  93  93  95  95
  96  96  97  98  98  99 100 100 101 101 102 103 104 104 108 109 111 112
 113 113 112 112 111 111 109 103  94  84  77  73  88  75  75  72  97 119
 156 172 173 165 164 171 176 178 184 144]","[ 47  88  87  83  88  82  84  85  87  87  88  89  90  90  91  91  92  93
  93  94  95  96  96  97  98  99  99 100 101 102 102 102 104 105 106 108
 108 109 109 108 119 121 122 122 117 107  95  87  83  69  91 107 138 158
 181 166 171 178 176 181 172 182 186 147]","[ 46  91  91  86  91  86  89  89  91  92  92  93  94  96  96  97  97  97
  98  99 100 101 102 103 104 105 105 106 107 107 108 108 106 106 107 109
 110 110 111 111 113 113 116 119 121 116 108 101  60  58 103 159 162 170
 173 161 169 188 188 187 172 190 190 142]","[ 56 104 107 101 107 104 109 108 108 108 109 111 112 113 114 115 114 115
 115 117 118 119 120 121 123 123 124 124 125 126 127 127 124 125 125 126
 128 129 130 131 129 127 126 128 133 135 134 132  60  46  77 169 161 173
 169 182 175 153 141 163 181 191 189 144]","[ 62 114 118 112 117 116 121 120 119 120 121 122 124 125 127 127 126 126
 128 129 131 132 133 134 136 136 137 138 138 139 140 140 142 142 142 143
 145 147 148 150 158 156 153 153 155 159 162 164  89  45  49 149 169 181
 165 181 180  89  61 120 191 185 186 152]","[ 62 115 120 112 116 116 121 118 120 121 122 124 125 127 128 129 127 128
 129 131 132 134 135 136 138 138 139 140 141 141 142 142 147 147 147 148
 149 152 154 155 155 156 156 156 156 158 161 163 123  55  42 113 180 181
 169 170 165  56  35  93 195 181 191 150]","[ 63 117 122 112 115 115 119 116 120 121 122 124 126 128 129 130 128 128
 129 131 133 135 136 137 139 139 140 141 142 142 143 143 148 147 147 148
 150 152 155 157 150 155 161 163 162 161 162 164 144  62  41  72 174 172
 185 184 142  61  59  90 192 182 200 141]","[ 60 116 114 117 112 121 118 120 119 120 121 123 124 125 125 125 130 132
 135 136 136 136 137 139 139 139 139 140 141 142 144 145 149 149 150 151
 152 153 153 154 152 159 162 158 158 165 167 165 171  71  57  68 153 185
 163 187 149  47  48 105 187 187 196 142]","[ 60 117 114 118 112 122 119 120 121 122 123 125 126 127 127 127 130 132
 135 136 135 135 137 138 139 139 139 139 141 142 144 145 146 147 148 149
 151 152 153 153 155 157 159 160 163 167 167 164 165  96  70  55 123 186
 176 182 128  50  54 109 191 189 196 147]","[ 61 117 115 118 113 122 119 121 122 123 125 127 128 129 129 129 129 132
 134 135 135 135 136 138 138 138 139 139 141 142 144 145 146 146 148 149
 151 153 155 155 161 158 157 162 167 166 164 164 160 111  69  49  97 181
 181 176  95  50  56 111 193 190 193 149]","[ 62 118 116 119 114 123 120 122 123 124 126 127 128 129 129 129 129 132
 134 135 135 135 136 138 139 139 139 140 141 143 144 145 146 147 149 151
 153 156 157 158 165 160 159 164 165 162 163 168 167 115  55  54  92 174
 179 167  64  45  50 110 191 190 190 148]","[ 63 119 116 120 115 124 121 123 123 124 126 127 128 129 129 129 130 133
 135 136 136 136 137 139 140 140 140 141 142 144 145 146 146 147 148 151
 153 155 157 157 160 159 161 163 161 161 167 174 181 130  55  54  88 169
 184 150  46  42  45 116 191 191 192 146]","[ 63 119 117 121 115 125 122 123 124 125 126 128 129 130 130 130 132 134
 137 138 137 137 139 140 142 142 142 143 144 146 147 148 146 146 148 149
 151 153 154 155 153 158 162 160 161 166 170 170 169 137  62  45  73 148
 178 116  38  40  50 136 196 192 198 148]","[ 64 120 118 121 116 125 122 124 125 126 128 130 131 132 132 132 133 136
 138 139 139 139 140 142 144 144 144 145 146 148 149 150 149 150 151 152
 154 155 156 156 155 163 165 160 164 172 165 148 113  97  49  39  58  94
 135  69  32  38  60 162 200 188 202 150]","[ 64 120 118 122 116 125 122 124 127 128 130 131 133 133 133 133 134 137
 139 140 140 140 141 143 145 145 145 146 147 149 150 151 155 155 156 157
 158 159 160 160 163 171 169 161 167 175 156 124  55  40  23  42  53  41
  85  35  26  35  68 179 201 183 202 149]","[ 59 124 121 124 124 129 122 129 131 132 133 134 135 136 137 138 141 141
 142 144 146 147 148 149 149 150 152 154 155 157 157 157 160 160 159 160
 160 161 163 163 166 164 163 169 170 184 171  95  51  60  44  21  31  56
  66  66  46  29  85 190 198 185 203 153]","[ 64 129 126 129 129 135 127 135 135 135 136 137 138 139 140 141 143 144
 145 146 148 149 151 151 151 152 154 156 157 158 159 159 162 162 161 162
 162 164 165 166 169 168 172 174 171 147 119  50  51  53  44  27  27  46
  62  62  58  51 103 192 198 193 209 152]","[ 68 133 130 133 133 138 131 138 138 139 140 141 142 143 144 145 146 146
 148 149 151 152 153 154 153 154 156 158 159 161 161 161 164 164 164 164
 165 166 168 168 168 168 176 177 173 113  82  37  47  39  42  35  20  33
  55  55  62  67 114 191 198 199 214 152]","[ 68 132 130 133 132 138 131 138 140 141 142 143 144 145 146 146 147 148
 149 150 152 154 155 155 154 155 157 159 161 162 162 162 165 165 165 165
 166 168 169 170 171 168 173 171 165  89  69  57  43  28  39  41  18  25
  52  52  56  63 109 189 201 199 211 156]","[ 68 132 130 133 132 138 130 138 140 141 141 143 144 145 146 146 147 148
 149 150 152 153 155 155 154 155 157 159 161 162 162 162 165 165 165 166
 167 169 171 172 177 174 173 171 148  71  60  69  44  28  41  47  25  31
  56  57  56  58 102 191 211 200 207 162]","[ 69 134 131 134 134 139 132 140 139 140 141 142 143 144 145 146 147 148
 149 150 152 153 155 155 155 156 158 160 162 163 163 164 166 166 166 167
 169 171 172 173 174 178 177 182 132  69  60  72  51  38  45  49  39  46
  62  62  64  64 100 190 219 206 207 165]","[ 69 134 131 134 134 139 132 140 139 140 141 142 143 144 145 146 148 148
 150 151 153 154 155 156 157 158 160 162 164 165 165 166 168 168 168 169
 171 173 175 176 171 182 178 188 109  66  56  62  55  50  45  43  47  57
  62  61  64  69  97 177 213 212 212 164]","[ 67 132 129 132 132 138 130 138 140 140 141 142 143 145 146 146 149 149
 151 152 154 155 157 157 159 160 162 164 166 167 167 168 169 170 170 171
 173 175 177 179 176 187 175 183  80  51  39  39  56  56  42  35  49  60
  58  56  56  69  91 160 203 215 217 161]","[ 68 133 130 131 129 135 130 140 138 139 140 141 142 143 144 145 151 151
 152 153 155 158 160 161 160 160 161 162 164 166 167 169 172 172 173 173
 174 176 178 179 191 163 187 176  83  67  41  30  50  36  31  45  64  70
  59  48  55  60  83 174 207 208 221 167]","[ 73 139 137 139 137 143 137 147 144 145 146 147 148 149 150 151 151 151
 152 153 156 158 160 161 164 164 164 165 167 169 171 172 174 174 175 175
 176 178 180 181 183 177 191 187  89  73  47  32  35  33  41  58  71  68
  55  45  53  60 113 191 218 213 219 159]","[ 68 135 134 138 136 142 135 144 142 142 143 144 145 147 147 148 148 149
 149 151 153 155 157 159 162 162 163 164 165 167 169 170 171 171 172 172
 174 175 177 178 175 186 188 188  97  69  57  42  36  43  57  71  75  66
  54  49  43  51 142 198 220 215 222 161]","[ 71 139 139 143 142 147 139 148 147 147 148 150 151 152 153 153 154 154
 155 157 159 161 163 164 166 166 167 168 169 171 173 174 176 176 176 177
 178 179 181 182 184 192 191 186 126  66  74  64  53  56  64  70  69  60
  53  52  50  64 176 205 219 218 230 172]","[ 69 136 137 140 139 144 136 144 145 146 147 148 149 150 151 151 149 150
 150 152 154 156 158 160 161 161 162 163 165 167 169 170 172 172 172 173
 174 176 177 178 184 178 188 178 158  61  68  61  61  59  61  66  65  58
  52  50  52  85 195 205 212 210 221 163]","[ 74 141 140 142 141 145 138 147 148 148 149 150 151 152 153 154 153 154
 154 156 158 160 162 164 167 167 168 169 170 172 174 175 178 178 178 179
 180 181 183 184 187 176 195 186 191  91  69  60  59  58  63  72  74  66
  57  52  51 114 205 215 221 220 227 170]","[ 80 146 143 144 142 146 140 149 148 148 149 150 152 153 154 154 156 156
 157 158 160 163 165 166 168 169 169 170 172 174 176 177 178 178 178 179
 180 182 183 184 184 181 191 187 198 140  82  72  57  58  65  73  73  65
  57  54  58 147 202 212 217 221 227 175]","[ 51 116 112 112 109 114 109 118 115 116 116 118 119 120 121 121 119 119
 120 121 123 126 128 129 128 129 129 130 132 134 136 137 136 136 137 137
 138 140 142 143 143 149 143 143 150 141  60  54  54  55  59  62  58  50
  48  50  42 142 162 166 165 169 178 129]"
