"[27 62 44 62 52 48 60 62 60 61 63 57 54 67 69 52 53 66 65 50 48 60 60 47
 49 54 55 49 46 48 45 38 43 39 36 38 45 48 43 35 39 39 40 40 41 42 43 43
 42 43 43 43 41 37 34 32 39 29 31 36 36 40 45 40]","[ 65 112  98 111  98  93  99  97  99  97 104 108 104 108 113 108 116 110
 109 112 110 104 102 107 104 104 100  95  92  92  91  89  83  84  82  75
  68  65  67  70  55  56  56  57  57  58  58  58  65  64  63  61  59  58
  57  56  60  49  49  50  45  46  47  39]","[ 78 144 136 143 130 126 128 120 115 105 109 114 104  99 105 107 105  99
  99 105 105 100 103 112 108 109 113 117 115 110 108 109  96  99 101  99
  94  87  85  85  81  80  77  73  69  66  63  61  65  64  62  60  61  62
  64  66  66  58  59  61  57  60  61  52]","[ 83 167 164 166 156 158 159 151 156 145 142 138 128 128 131 124 125 137
 136 120 108 109 105  97  95  94  98 102 101 100 108 120 133 119 108 108
 113 113 108 103 105 103 100  95  91  86  83  81  75  73  70  68  66  65
  64  64  64  58  60  62  59  64  65  54]","[ 82 176 173 170 166 171 172 169 173 173 171 163 161 172 164 135 107 128
 146 147 145 146 140 129 129 123 115 109 105 109 125 141 155 135 113 105
 104 105 109 114 110 110 110 111 111 112 112 113 107 106 104 100  95  89
  84  81  80  75  75  72  64  66  62  47]","[ 77 175 168 164 164 168 167 169 157 164 167 159 159 170 150 106  35  44
  79 128 158 160 158 164 157 157 154 148 143 137 124 112 102 107 117 122
 113 101 103 114 107 107 106 106 106 106 106 106 112 113 114 115 114 111
 108 106 103 100 101  96  88  89  85  67]","[ 85 183 175 174 179 178 174 180 174 175 177 173 170 176 159 123  46  34
  50 101 148 164 165 167 158 164 167 169 171 155 108  59  51  79 123 155
 156 140 134 141 127 125 122 117 113 108 105 103 108 109 110 111 111 112
 112 112 110 110 114 111 106 112 109  90]","[ 81 178 170 173 182 179 172 181 182 173 171 171 170 175 173 157  56  39
  31  59 117 166 176 164 168 166 159 158 170 163 108  45  44  66 108 151
 169 164 160 164 162 160 157 152 147 143 139 137 130 127 122 116 111 107
 105 104 106 107 112 109 104 110 107  87]","[ 83 178 173 173 174 177 176 178 179 178 178 177 175 174 174 173 104  23
  50  41  86 160 178 166 173 162 170 173 165 164  82  45  51  49  96 168
 160 163 163 165 161 161 161 161 160 160 159 159 161 159 155 151 146 142
 139 137 127 127 124 125 113 114 118  82]","[ 83 178 172 173 174 177 176 178 179 178 178 177 176 175 174 174 131  43
  42  32  66 134 178 174 176 169 174 174 169 168  82  42  43  44  96 171
 165 168 166 166 165 165 165 164 164 164 163 163 164 164 163 161 160 159
 158 157 155 155 152 154 143 144 148 112]","[ 83 178 172 172 174 177 175 177 178 178 177 177 176 175 175 175 160  71
  36  30  49 102 171 179 176 174 177 174 171 170  79  37  35  39  95 175
 172 174 171 169 170 170 170 170 169 169 169 168 164 165 165 166 166 167
 167 168 167 167 165 168 158 160 164 127]","[ 83 178 172 172 173 176 175 176 177 177 177 177 177 176 176 176 173  97
  38  39  45  77 158 179 171 175 176 171 172 169  73  33  33  38  96 177
 174 177 174 173 174 174 174 174 173 173 172 172 168 168 168 168 168 168
 167 167 165 165 163 168 160 162 166 127]","[ 84 178 172 172 173 175 174 175 177 177 177 177 177 178 178 178 179 122
  45  44  45  62 137 180 170 176 176 171 175 164  66  35  38  41  97 176
 173 177 176 176 176 176 176 175 175 175 174 174 174 174 174 173 173 172
 172 171 171 170 168 174 168 171 173 134]","[ 84 178 172 172 172 175 173 174 176 176 177 177 178 179 179 179 182 148
  58  41  42  51 108 178 173 179 178 176 178 157  57  41  42  44  98 177
 173 177 177 178 177 177 177 177 176 176 176 175 174 174 175 175 175 175
 176 176 173 173 170 177 172 175 176 135]","[ 84 178 172 171 172 174 172 173 175 176 176 177 178 179 180 180 180 169
  75  41  44  46  72 165 178 181 178 179 178 144  45  43  42  45 100 179
 175 179 178 178 179 179 178 178 178 177 177 177 174 174 175 175 175 175
 175 175 173 171 169 176 171 174 174 133]","[ 84 178 172 171 172 174 172 173 175 176 176 177 179 180 180 181 173 178
  89  45  50  45  46 148 180 181 176 178 176 134  34  42  39  44 101 181
 178 181 179 178 180 180 180 179 179 178 178 178 181 180 180 179 178 177
 176 176 179 177 174 181 177 180 179 137]","[ 85 176 170 173 173 173 171 175 175 175 176 177 177 178 179 179 179 183
 124  31  45  43  53 108 183 178 182 173 185 101  36  44  43  47  87 177
 181 179 178 186 180 180 180 181 181 181 182 182 179 180 180 180 179 178
 177 177 178 180 178 182 176 182 184 140]","[ 85 176 170 173 173 173 171 175 175 175 176 177 177 178 179 179 182 175
 127  48  52  38  39  82 166 176 186 171 175  77  38  49  40  47  93 176
 179 177 176 183 180 180 181 181 181 182 182 182 180 180 180 180 180 179
 178 177 179 181 178 182 176 183 184 140]","[ 85 176 170 173 173 173 171 175 175 175 176 177 177 178 179 179 185 179
 143  58  45  38  41  60 158 184 186 174 162  58  39  44  40  52 108 179
 181 179 176 181 181 181 181 182 182 182 183 183 180 181 181 181 181 180
 179 179 180 182 179 183 177 183 184 141]","[ 85 176 170 173 173 173 171 175 175 175 176 177 177 178 179 179 180 188
 165  64  29  37  51  48 142 189 174 179 141  58  40  38  42  61 130 184
 184 183 179 182 182 182 182 182 183 183 183 184 181 181 182 182 182 182
 181 180 181 183 181 184 178 184 185 141]","[ 85 176 170 173 173 173 171 175 175 175 176 177 177 178 179 179 174 184
 181  93  46  37  45  41 112 189 173 184 108  57  40  44  44  69 151 185
 183 184 180 181 182 183 183 183 184 184 184 184 182 182 183 183 184 183
 183 182 183 185 182 186 179 185 186 142]","[ 85 176 170 173 173 173 171 175 175 175 176 177 177 178 179 179 180 178
 182 124  87  53  41  41  91 190 192 177  73  45  36  48  44  74 167 184
 180 183 180 179 183 183 184 184 184 185 185 185 182 183 184 184 185 185
 184 184 185 187 184 187 181 186 187 143]","[ 85 176 170 173 173 173 171 175 175 175 176 177 177 178 179 179 185 178
 160  97  89  79  60  45  65 155 182 129  48  37  40  42  46  80 181 183
 178 183 181 180 184 184 184 185 185 185 186 186 183 183 184 185 186 186
 185 185 186 188 185 188 181 187 187 143]","[ 85 176 170 173 173 173 171 175 175 175 176 177 177 178 179 179 180 178
 130  35  54  94  83  44  27  97 141  69  34  40  53  37  50  86 191 185
 179 185 184 183 184 184 185 185 185 186 186 186 183 184 185 186 186 186
 186 186 187 189 185 188 182 187 187 143]","[ 82 176 172 174 172 171 171 178 162 173 178 173 170 174 176 175 171 187
 135  40  29  71  90 114  52  51  42  31  33  43  42  32  43 112 190 183
 186 178 182 193 184 184 184 185 185 186 186 186 182 183 184 185 186 187
 186 186 186 188 185 189 183 189 190 146]","[ 83 176 172 174 172 171 171 177 174 175 175 171 170 172 174 173 182 147
  98  47  38  49  63 103 128 105  72  41  23  22  35  49  43 111 190 184
 188 184 184 185 184 184 185 185 186 186 186 186 182 183 184 185 186 187
 186 186 186 188 185 189 183 189 190 146]","[ 84 177 172 173 172 171 170 175 177 173 172 175 177 176 176 177 145  66
  25  22  29  31  29  50  77  84  94  90  60  26  21  34  49 112 190 182
 185 187 188 182 185 185 185 185 186 186 186 186 182 183 184 185 186 187
 186 186 186 188 185 189 183 189 190 146]","[ 85 176 171 172 172 171 169 174 174 171 173 179 179 173 171 174  89  27
  15  23  24  34  33  29  27  38  57  74  71  52  35  30  51 109 188 180
 179 185 193 186 185 185 185 186 186 186 186 186 182 183 184 185 186 187
 186 186 186 188 185 189 183 189 190 146]","[ 84 175 169 171 172 172 169 173 175 174 174 174 170 167 169 175  66  30
  43  42  16  23  35  37  44  32  25  39  69  83  60  28  37  93 182 183
 179 184 194 186 185 185 185 185 185 185 184 184 182 183 184 185 186 187
 186 186 186 188 185 189 183 189 190 146]","[ 83 174 167 170 173 173 170 174 173 174 172 169 170 178 184 186  92  35
  33  37  20  18  19  20  30  35  37  43  63  82  78  60  33  78 173 190
 186 184 192 182 184 184 184 183 183 183 183 182 182 183 184 185 186 187
 186 186 186 188 185 189 183 189 190 146]","[ 82 172 165 169 173 174 172 174 168 174 173 169 176 186 177 159 100  38
  25  33  35  36  21  13  18  30  38  35  34  50  81 106  66  87 169 190
 188 183 192 182 183 183 182 182 182 181 181 181 182 183 184 185 186 187
 186 186 186 188 185 189 183 189 190 146]","[ 81 170 164 168 173 175 173 175 168 177 177 171 175 173 141  99  45  27
  34  30  23  29  20  17  22  21  28  39  42  43  57  77 109 106 170 186
 184 181 194 186 182 182 182 181 180 180 180 179 182 183 184 185 186 187
 186 186 186 188 185 189 183 189 190 146]","[ 82 167 163 169 168 174 174 169 171 180 172 168 184 149  71  40  35  31
  29  30  32  29  22  16  15  20  25  29  33  39  47  53  74  99 143 182
 193 184 181 187 184 184 184 183 183 183 183 183 184 184 184 184 185 185
 185 185 186 184 181 188 183 185 184 142]","[ 86 169 163 168 168 173 174 169 170 173 169 171 167 108  37  25  37  33
  29  28  29  28  23  18  16  19  23  26  29  34  41  46  52  68 108 157
 184 183 180 185 176 176 176 176 176 176 176 176 182 183 183 183 184 185
 185 185 189 187 184 191 186 188 188 146]","[ 86 165 156 160 159 163 165 162 169 168 165 173 152  79  31  44  41  35
  29  26  26  26  23  21  16  18  20  23  26  30  35  39  53  54  85 143
 183 186 182 186 183 183 183 183 184 184 184 184 181 182 182 183 184 185
 186 187 181 180 178 184 178 181 182 141]","[ 59 134 122 125 124 127 129 128 133 133 127 136 112  49  33  56  43  37
  30  25  24  24  24  23  16  17  19  21  25  29  34  37  45  36  59 114
 153 155 149 153 159 159 159 160 160 160 160 160 163 163 164 166 167 169
 170 170 178 178 176 182 176 179 181 142]","[ 53 123 109 113 112 114 115 115 107 115 107 113  88  41  40  48  42  37
  31  26  24  24  25  25  18  18  19  22  27  32  36  38  37  28  47  94
 127 128 125 129 132 132 132 133 134 134 134 135 136 137 138 139 141 142
 143 144 138 139 137 143 136 140 144 106]","[ 63 130 115 120 120 120 121 121 113 128 118 124  96  50  47  33  38  36
  32  29  26  25  25  26  22  21  22  25  31  36  39  40  38  36  55  94
 123 131 131 135 134 134 134 135 136 136 137 137 133 133 134 135 136 137
 138 139 141 142 141 147 139 143 149 112]","[ 56 122 106 113 113 112 112 112 111 124 112 124  92  40  39  17  33  33
  33  32  29  27  26  25  28  26  25  27  32  37  39  39  33  38  55  86
 115 130 132 130 132 132 133 134 134 135 136 136 140 140 141 141 142 142
 143 143 136 137 137 142 134 138 145 110]","[ 61 126 110 119 119 117 116 117 112 118 104 123  90  35  42  27  30  32
  34  34  31  28  26  25  32  29  27  29  33  37  37  36  42  48  64  89
 117 136 135 127 132 133 133 134 135 136 137 137 135 136 136 136 136 136
 136 136 135 137 137 142 134 138 146 111]","[ 64 113 116 110 113 108 113 115 111 113 114 114  96  53  28  35  33  30
  30  34  40  39  30  22  25  25  26  30  34  37  39  39  38  48  62 104
 127 124 133 133 131 131 132 132 132 133 133 133 134 134 135 135 135 136
 136 136 134 140 135 138 136 139 141 110]","[ 61 110 113 107 110 105 110 112 109 111 112 114  99  60  33  36  30  27
  27  32  38  39  33  26  26  27  29  33  36  39  39  39  39  48  62 104
 127 123 132 132 130 131 131 131 132 132 132 132 132 132 133 133 133 134
 134 134 133 140 134 137 136 138 140 110]","[ 58 105 108 102 106 102 107 107 107 108 108 111 104  70  39  36  31  28
  26  29  34  36  32  27  28  30  33  37  39  39  39  39  41  50  63 104
 126 122 130 130 129 129 129 130 130 131 131 131 130 130 131 131 131 132
 132 132 132 139 133 136 134 137 139 108]","[ 56 102 104  99 104 100 104 104 106 106 104 107 106  78  45  34  37  33
  28  28  30  31  28  25  28  32  36  39  40  39  38  37  44  52  65 105
 126 120 128 127 127 127 127 128 128 129 129 129 129 129 130 130 130 131
 131 131 131 137 132 135 133 135 137 107]","[ 55 101 102  97 103  99 103 102 104 105 101 103 106  85  51  34  39  34
  29  27  28  29  27  26  28  32  37  40  39  37  37  38  47  55  67 106
 125 119 126 125 125 125 125 126 126 127 127 127 129 129 129 130 130 130
 131 131 129 135 130 133 131 134 136 105]","[ 54  99 100  95 102  99 101  99 101 105  99  99 106  91  59  40  36  33
  29  28  28  30  30  30  28  33  38  40  38  37  38  40  49  57  68 106
 125 117 124 122 123 123 123 124 124 125 125 125 128 128 128 129 129 129
 130 130 128 134 128 131 130 132 134 104]","[ 53  97  97  92 100  97  99  97  98 104  99  98 107  99  70  51  37  34
  31  30  29  30  30  30  30  35  40  40  38  38  41  45  51  59  69 106
 124 116 122 120 122 122 122 122 123 123 123 124 126 126 126 127 127 127
 128 128 126 133 127 130 129 131 133 103]","[ 52  95  95  91  99  96  98  95  95 103  99  98 109 104  79  60  41  39
  35  32  30  28  27  26  32  36  41  41  39  39  44  49  53  60  70 107
 124 116 121 119 121 121 121 122 122 122 123 123 124 124 124 125 125 125
 126 126 126 132 127 130 128 130 132 102]","[ 50  91  91  89  96  90  93  95  96  97  95  96 102 104  92  77  47  33
  28  36  38  30  28  34  33  35  37  38  38  40  43  46  54  54  80 113
 121 118 119 118 118 118 119 120 121 122 122 123 123 123 123 123 123 123
 123 123 127 129 123 128 126 126 128 101]","[ 50  91  91  88  95  90  93  94  97  98  96  95 100 104  98  88  61  43
  31  35  37  32  30  34  35  36  38  39  39  40  43  46  52  53  81 114
 120 116 117 117 117 117 118 119 120 120 121 121 122 122 122 122 122 122
 122 122 123 126 120 125 123 122 125  98]","[ 50  91  91  89  96  90  93  95  98  98  97  95  98 104 104 102  81  58
  37  32  34  34  33  35  36  38  39  40  40  41  44  46  49  52  82 114
 119 113 114 116 115 116 116 117 118 118 119 119 120 120 120 120 120 120
 120 120 119 122 115 120 118 118 120  93]","[ 51  93  92  90  97  91  95  96  97  98  98  98  98 102 105 107  99  74
  46  31  31  33  34  34  38  40  41  41  40  41  43  46  46  50  81 113
 117 111 112 114 114 114 115 115 116 116 117 117 118 118 118 118 118 118
 118 118 116 119 113 118 116 115 118  90]","[ 53  94  94  92  99  93  97  98  96  97 100 101 100  99 102 105 108  88
  59  36  29  32  34  33  39  40  41  41  40  40  43  45  44  47  77 110
 115 110 112 113 114 114 114 114 114 115 115 115 116 116 116 116 116 116
 116 116 116 118 112 117 115 114 117  90]","[ 53  95  94  92  99  93  97  98  96  96  99 103 102  99  99 102 108  98
  75  46  31  31  34  33  40  41  41  40  39  39  41  43  44  44  71 104
 113 111 113 112 114 114 114 114 114 114 114 114 115 115 115 115 115 115
 115 115 116 118 112 117 115 114 117  90]","[ 52  93  93  91  98  92  95  97  98  95  96 102 104 101 101 104 104 106
  91  59  35  31  35  35  40  40  41  40  38  38  39  41  45  41  64  99
 112 113 114 112 114 114 114 114 114 114 114 114 115 115 115 115 115 115
 115 115 115 118 111 116 114 114 116  89]","[ 50  91  91  89  96  90  93  95 101  94  94 100 104 103 104 108 101 111
 102  68  39  32  36  37  39  40  40  39  37  37  38  40  46  39  60  96
 111 114 116 113 114 114 114 114 114 114 114 114 115 115 115 115 115 115
 115 115 114 117 111 116 114 113 116  88]","[ 48  92  85  85  93  88 100  99  98  98 100 101 103 104 105 106 101 106
 104  85  55  32  29  35  39  39  37  34  33  34  37  41  40  45  57  85
 113 114 108 117 113 113 113 114 114 115 115 115 114 114 114 114 114 114
 114 114 111 115 110 115 112 111 115  89]","[ 53 100  97  91  94  86  92  89  93  94  95  97  98 100 101 102 104 108
 106  89  59  34  28  34  39  39  38  35  34  35  39  42  37  41  52  81
 111 115 110 117 116 116 116 117 117 118 118 118 118 118 118 118 118 118
 118 118 115 119 114 119 116 115 119  93]","[ 41  91  96  88  92  90  95  97  97  98  99 100 102 104 105 105 106 109
 109  96  69  42  34  38  39  39  38  37  36  37  41  44  41  42  49  77
 111 118 112 116 111 112 112 112 113 113 113 114 114 114 114 114 114 114
 114 114 111 116 111 116 112 112 116  90]","[ 78 118 117  95  88  85  86  95  97  98  99 101 102 104 105 106 103 105
 107 100  76  48  37  40  38  39  39  38  38  39  43  46  45  44  46  71
 107 118 111 111 116 117 117 117 118 118 118 119 120 120 120 120 120 120
 120 120 117 122 117 122 118 118 122  96]","[ 71  95  92  67  61  62  68  93  93  93  95  96  98  99 100 101 104 104
 106 102  80  51  36  38  38  39  40  39  39  40  43  45  45  43  43  66
 103 118 113 112 113 113 114 114 114 115 115 115 116 116 116 116 116 116
 116 116 115 119 114 119 116 115 119  93]","[ 30  40  41  26  31  40  52  94  98  99 100 101 103 104 106 106 113 109
 110 108  88  56  39  40  38  39  40  40  39  39  42  44  49  48  47  67
 104 123 121 121 115 115 115 116 116 116 117 117 117 117 117 117 117 117
 117 117 116 120 115 120 117 116 120  95]","[ 40  34  35  23  26  26  28  79  96  97  98  99 101 103 104 104 108 102
 103 105  87  57  41  42  38  39  40  40  38  38  40  41  50  51  48  63
  97 115 114 115 119 119 120 120 120 121 121 121 121 121 121 121 121 121
 121 121 120 124 119 124 121 120 124  98]","[25 12 18 14 21 16 14 69 79 79 80 82 84 85 86 87 88 82 85 90 77 49 35 37
 38 40 41 40 38 37 38 40 45 45 40 51 79 95 94 94 92 92 92 93 93 93 94 94
 93 93 93 93 93 93 93 93 92 96 91 96 93 92 96 70]"
