"[33 28 30 28 30 31 29 30 30 29 29 29 29 29 29 29 29 29 29 29 29 29 29 28
 29 29 29 28 29 29 29 28 30 29 29 30 28 29 30 29 30 29 28 29 29 29 29 29
 28 28 29 30 30 29 28 28 30 28 28 28 29 29 29 29 29 30 29 29 29 29 29 29
 29 30 30 30 29 29 29 29 30 29 28 29 29 29 29 29 29 29 29 29 29 29 30 30
 29 29 28 28 29 29 29 28 29 29 29 29 29 29 30 30 30 29 29 29 30 29 29 29
 30 29 29 30 29 29 30 28 29 29 29 29 30 29 29 29 29 29 29 29 29 29 29 28
 30 30 29 28 28 29 29 28 29 29 29 28 29 30 29 28 29 29 29 29 29 29 29 29
 29 30 30 30 29 29 28 28 29 30 30 29 29 30 30 29 30 28 29 29 29 28 28 29
 30 31 27 30 30 29 30 30]"
"[28 31 29 32 30 23 32 28 29 30 30 30 29 30 30 29 29 28 28 28 29 29 30 30
 28 29 29 28 29 29 29 29 28 28 29 30 28 29 30 29 29 29 29 29 28 29 29 30
 29 29 28 27 27 28 30 32 30 29 30 30 30 29 29 29 29 29 28 28 28 29 29 28
 28 28 28 28 28 29 29 30 30 29 29 30 30 30 29 29 29 30 30 29 29 28 28 27
 29 29 30 29 29 29 29 28 28 29 29 29 30 29 29 28 29 29 30 30 29 28 29 30
 28 28 29 29 28 29 31 30 28 28 29 29 29 29 30 30 28 29 30 29 29 29 30 30
 27 28 30 30 30 31 30 30 28 30 30 29 29 30 30 28 28 28 29 30 30 29 29 30
 28 28 28 28 28 29 30 31 29 29 29 29 29 30 29 27 28 28 29 30 30 28 28 29
 28 31 33 25 31 29 28 28]"
"[ 30  32 140 140 139 141 131 137 130 130 130 127 125 124 123 122 120 118
 115 112 108 106 104 104 101 100  98  95  92  90  87  85  83  82  82  81
  79  77  76  74  72  72  72  69  65  63  63  64  61  63  64  62  60  57
  55  52  54  54  54  54  53  51  51  52  51  51  49  48  48  47  47  45
  42  41  41  41  41  42  43  43  44  44  44  44  45  45  44  44  43  43
  43  43  42  41  40  39  33  34  35  34  33  32  31  31  29  30  31  32
  32  30  29  28  25  26  26  25  24  23  24  25  39  39  41  44  45  49
  54  55  63  64  64  65  66  68  71  73  76  78  79  78  78  78  80  81
  84  86  87  86  84  82  82  81  88  90  92  93  93  95  96  97  99  99
 101 101 100 100 102 104 104 105 106 107 108 109 110 111 111 109 105 102
  99  96  92  88  86  86  85  85  87  93 103 111 110 113 117 127 126 134
 142  29]"
"[ 30  24 155 153 150 144 152 144 147 147 145 142 139 137 137 136 130 129
 127 125 123 122 122 122 117 115 112 109 107 105 102  99  95  92  91  89
  86  83  80  76  80  80  79  77  73  71  71  71  72  73  70  66  65  65
  65  62  61  62  62  61  59  57  57  58  58  57  55  53  52  52  51  49
  47  47  46  45  45  45  45  45  44  44  44  44  44  45  45  45  43  44
  44  44  44  43  41  40  40  40  40  39  37  36  35  34  34  35  36  37
  36  34  32  31  32  32  31  30  28  27  28  29  26  25  26  27  27  30
  34  35  41  43  46  49  54  60  66  70  66  68  69  68  68  70  73  76
  76  78  80  80  80  82  83  84  84  86  87  86  86  88  89  88  95  94
  95  95  95  96  99 102 101 102 105 106 107 107 108 108 108 108 107 106
 105 106 105 105 103 104 105 104 101  96  91  89  90  89 102  97 102 116
 117  30]"
"[ 33  30 164 162 160 162 159 160 154 154 152 149 147 146 147 147 145 144
 142 139 136 133 131 130 129 127 124 123 123 122 119 116 115 111 108 108
 106 104 101  96  90  89  88  86  84  82  80  79  77  78  78  77  77  76
  72  66  69  68  68  66  64  63  63  65  61  60  59  57  57  57  57  55
  54  54  53  53  53  52  51  50  48  48  46  45  44  45  45  44  46  46
  46  46  46  45  44  43  43  42  40  39  39  40  39  38  39  40  40  40
  39  38  37  37  36  34  33  32  31  30  30  30  32  31  30  28  25  26
  28  28  23  24  26  28  31  35  40  44  53  54  55  55  56  60  64  67
  68  69  70  71  72  75  77  78  83  84  84  84  85  87  87  87  89  89
  89  90  92  93  95  96  97  99 101 102 103 103 105 106 108 108 108 107
 106 107 109 111 112 109 108 109 113 115 113 110 106 100  98 104  98  85
  93  28]"
"[ 27  29 173 173 169 167 166 168 168 167 165 162 160 159 158 157 154 154
 153 152 151 149 147 146 144 142 139 138 138 137 134 131 130 126 124 123
 122 121 118 114 111 109 107 104 102 100  97  95  97  93  87  82  80  81
  80  78  78  77  75  74  72  71  71  72  69  68  66  64  64  64  63  62
  60  60  60  60  60  59  57  56  57  57  55  52  50  50  50  48  50  49
  48  48  47  47  46  45  45  43  41  40  41  43  43  42  41  41  42  41
  40  39  40  40  41  40  39  39  38  37  37  37  34  33  32  31  29  29
  30  30  30  30  29  27  26  27  28  29  22  23  26  29  33  40  45  48
  54  56  58  59  62  65  67  68  69  70  72  73  75  79  80  80  80  80
  82  85  88  88  88  87  91  92  93  93  93  95  97  99 101 102 104 103
 103 104 108 111 110 111 111 111 112 113 114 115 115 117 113 110 104 100
  99  29]"
"[ 32  29 160 162 167 171 177 175 173 173 173 173 173 172 170 168 163 162
 161 161 161 160 158 156 154 154 153 152 151 150 149 147 143 141 139 138
 135 134 132 129 126 124 122 120 119 118 117 116 111 109 106 104 102  99
  97  95  91  88  85  84  82  81  79  79  79  77  74  72  72  72  70  69
  68  67  67  67  67  66  64  62  63  64  62  60  59  59  58  56  55  54
  53  52  52  51  50  49  48  47  45  44  45  48  48  48  43  44  44  43
  41  41  41  42  44  44  44  43  43  41  41  41  41  40  41  41  39  38
  38  36  34  34  33  32  31  31  30  30  32  31  29  27  26  27  26  25
  33  35  39  42  46  51  57  60  60  63  65  66  68  70  72  72  75  76
  78  83  86  87  87  87  86  87  88  88  88  88  90  92  96  98 100 100
  99 100 101 103 103 107 110 109 107 109 113 116 115 112 113 111 114 120
 113  29]"
"[ 29  28 114 114 119 131 141 151 159 162 166 171 176 179 178 176 173 171
 170 170 170 169 167 165 165 166 165 163 160 158 157 156 155 153 153 151
 148 146 146 144 143 141 138 135 133 131 130 130 129 127 124 122 119 116
 114 114 110 106 103 101  99  97  94  92  87  86  83  81  81  82  81  79
  76  75  74  74  73  71  68  66  63  64  64  63  63  64  63  61  60  59
  57  57  57  56  55  54  52  51  50  48  49  50  52  52  48  48  48  46
  44  43  44  44  45  46  46  46  44  42  42  43  44  43  45  47  46  46
  46  44  43  42  41  40  38  36  34  33  33  32  31  31  32  33  32  31
  29  30  29  25  23  25  29  33  41  46  51  53  55  58  60  61  63  64
  67  71  75  78  80  81  84  86  88  88  87  86  86  86  87  90  93  94
  95  96  97  97 100 102 103 104 106 108 109 108 106 111 113 116 115 112
 116  27]"
"[ 29  30 103 103 105 107 103 104 106 108 110 118 128 136 146 159 165 167
 172 178 179 178 178 178 174 174 172 171 171 169 167 167 163 163 162 161
 163 161 158 157 155 155 150 149 148 149 146 147 143 143 140 137 137 137
 134 130 130 125 121 120 118 116 113 109 108 105 100  96  96  97  96  94
  90  88  84  82  82  82  81  80  79  76  75  75  73  72  71  69  71  69
  66  64  63  62  62  61  62  59  57  57  57  56  56  56  54  53  52  51
  50  48  47  47  49  47  46  47  46  44  43  45  45  45  45  44  43  44
  46  48  47  48  48  47  45  44  45  46  44  42  41  40  40  39  37  36
  33  33  32  31  31  30  30  30  24  24  23  22  26  33  38  39  48  49
  51  53  56  61  66  70  73  74  75  76  78  79  82  84  84  85  87  88
  88  89  90  92  93  91  94  99 101 102 104 105 105 103 108 108 111 110
 108  30]"
"[ 29  29  99  98  99 101 102 104 102 103 104 110 115 113 110 113 115 115
 121 129 133 135 143 153 169 170 171 173 175 173 172 174 172 173 172 171
 170 168 166 166 159 160 159 158 160 158 155 153 154 154 153 150 148 147
 146 144 140 139 139 137 133 130 128 126 122 121 119 118 117 115 111 107
 107 103  98  93  91  91  90  89  82  81  83  84  84  84  83  80  80  78
  76  73  71  69  69  69  70  67  65  64  63  61  61  61  60  59  58  57
  56  55  55  56  52  49  48  50  50  48  46  46  48  47  45  44  42  42
  43  43  44  45  46  46  46  46  47  48  48  47  46  45  45  45  44  43
  40  39  38  36  35  34  34  33  32  32  31  29  28  28  27  24  30  30
  30  31  34  38  42  45  47  52  60  68  73  75  74  74  75  79  81  81
  82  86  89  90  88  86  89  93  94  96  97  96 102 102 105 102 103 104
 107  31]"
"[ 31  27  94  94  98 101 102  98 102 101  99  99 100  98  99 104 104 104
 105 108 108 108 112 118 120 122 126 132 137 138 140 144 159 165 172 175
 176 176 175 174 177 175 173 167 169 165 167 166 162 160 158 160 162 161
 158 154 156 153 151 149 145 143 142 139 137 136 133 130 129 129 129 128
 123 121 118 116 114 110 105 101 100  95  89  83  81  85  89  88  88  88
  87  85  83  81  81  81  76  74  73  73  72  70  69  70  68  66  64  63
  62  62  62  63  59  56  54  55  56  55  53  51  53  52  50  48  47  46
  45  44  46  47  47  46  46  46  46  47  47  47  47  47  47  47  46  46
  45  45  43  42  40  40  39  39  39  40  39  36  34  33  32  30  28  28
  30  31  32  31  30  28  33  32  32  36  42  49  55  59  64  71  75  76
  78  84  87  87  88  86  86  87  88  90  92  91  91  92  95  98  99 100
 102  26]"
"[ 29  29 113 107 100  95  98  97  95  94  94  95  95  93  94  98  96  97
  95  94  96 100  99  94  94  98 101 104 106 105 104 104 104 110 118 124
 130 138 145 148 153 161 170 175 180 178 176 175 169 166 166 169 172 170
 165 161 163 162 162 162 159 158 156 152 152 151 149 147 146 145 143 141
 140 138 134 132 131 130 127 124 120 119 118 115 110 107 102  95  97  97
  96  95  93  91  89  89  84  84  84  85  84  81  79  78  75  73  72  72
  71  70  70  71  69  66  63  63  64  64  62  61  61  59  57  57  56  56
  53  52  51  51  50  50  49  48  47  47  45  46  46  47  46  46  46  46
  45  46  46  46  45  44  44  44  45  46  45  42  40  39  39  39  40  39
  36  34  33  32  32  32  32  31  31  32  32  30  27  25  38  40  42  44
  50  60  68  72  72  74  78  81  83  87  89  87  85  86  86  90  92  94
  99  30]"
"[ 29  32 145 140 130 122 122 120 120 113 107 104 102 101 100  99  97  95
  91  88  92  97  96  91  90  96  99  99 102 102  98  95 101 101 103 103
 102 105 107 106 107 114 118 124 130 139 146 154 163 165 168 172 173 173
 173 174 169 170 172 169 163 161 162 162 161 160 158 157 157 157 155 154
 154 152 148 146 146 146 144 142 139 136 133 129 125 124 123 118 117 115
 113 111 109 106 102  99  97  95  94  93  91  86  83  82  83  82  83  83
  82  81  80  79  76  74  73  73  73  72  70  68  67  66  65  65  65  64
  61  58  57  56  55  55  54  54  53  53  50  51  51  51  50  49  48  48
  45  46  48  48  48  47  47  47  48  48  49  48  46  46  45  45  46  46
  44  43  41  41  41  41  38  36  35  35  35  34  32  32  32  29  27  27
  30  32  35  37  51  53  56  58  62  72  81  83  80  86  87  87  88  90
  91  26]"
"[ 28  27 174 173 169 164 159 153 149 146 145 144 139 133 127 122 123 117
 110 107 104 100  97  95  94  96  93  92  95  98  98  97  97  96 100 104
 103 103 103  99 104 108 106 106 102 105 105 109 115 119 124 131 138 145
 151 155 164 169 176 179 176 175 174 171 170 169 168 165 165 165 166 166
 164 163 162 160 160 158 155 153 153 150 148 147 145 143 141 137 137 135
 132 131 129 125 121 118 114 110 106 104 101  97  95  94  96  95  95  94
  92  89  86  84  83  82  82  81  81  79  77  75  75  74  73  72  72  70
  66  64  65  64  63  62  61  60  59  59  59  59  58  57  55  53  53  53
  51  52  53  52  51  50  49  49  49  48  46  46  46  48  49  49  47  49
  53  54  55  53  52  51  50  49  48  47  45  42  40  39  39  35  33  34
  35  33  32  33  33  32  32  30  32  41  52  56  65  74  79  79  87  95
  89  31]"
"[ 29  32 212 212 205 200 197 197 187 182 180 177 171 168 167 166 159 154
 150 147 142 135 131 129 124 118 109 104 102  99  96  95  96  90  92  96
  94  96  99  97  94  97  98  99 100 101 101 102 105 105 103 102 103 106
 106 105 105 107 112 119 129 145 158 163 166 170 174 175 175 175 177 178
 174 172 169 166 166 167 169 169 170 165 164 164 162 159 157 154 151 149
 147 145 144 142 139 137 136 132 128 126 125 122 120 119 115 114 112 110
 106 101  98  96  96  95  93  91  90  90  89  87  87  86  84  82  80  78
  76  75  75  74  74  72  70  68  67  66  68  67  65  63  61  60  60  60
  60  60  59  57  55  54  54  54  55  51  48  46  47  48  49  49  51  50
  50  50  51  52  54  54  53  53  53  53  52  52  54  55  55  50  44  40
  38  37  38  40  36  36  38  38  36  37  37  36  31  33  36  37  49  60
  60  28]"
"[ 28  29 228 231 229 229 227 227 227 220 217 215 209 205 200 194 192 188
 182 177 174 172 167 162 161 154 147 146 144 134 125 123 123 115 113 113
 105  99  97  93  95  95  95  93  99  97  98  97 100 103 104 102 102 104
 105 105 102 105 108 107 105 108 113 113 114 121 128 133 139 148 160 168
 172 173 173 173 174 176 177 177 178 173 172 174 173 170 168 167 164 163
 161 159 157 156 155 154 150 147 144 144 143 141 137 136 133 131 129 126
 122 118 115 114 111 108 103  99  99 101 101 101  97  96  94  91  89  87
  86  86  82  82  81  80  78  77  76  76  75  73  71  68  67  67  68  68
  66  66  64  61  59  58  59  61  60  58  56  58  59  59  57  55  53  52
  50  50  51  52  51  50  50  51  53  54  54  54  55  58  56  58  60  58
  56  54  51  48  48  46  45  44  42  42  41  39  39  36  40  39  39  35
  39  31]"
"[ 29  31 230 234 237 234 235 235 234 233 231 229 229 229 230 230 228 223
 218 214 211 206 199 194 190 188 184 180 177 173 166 159 157 156 151 144
 139 135 130 126 116 113 106 103 103 101  98  97  95  95  98  97  98  95
  97  97  95  99 103 104 103 101 101 101 103 102 103 103 105 111 116 117
 119 124 133 134 140 152 157 162 170 176 178 181 178 181 178 177 177 174
 170 168 167 166 165 166 164 161 158 156 155 154 150 147 146 147 146 144
 139 137 135 129 130 128 125 123 120 117 114 113 110 108 107 103 101 101
  97  97  95  92  90  91  90  88  85  84  85  84  82  79  77  75  75  75
  73  73  72  71  70  68  66  65  66  65  63  64  66  65  63  60  58  59
  58  55  53  56  56  52  51  51  51  53  54  54  54  54  54  57  59  60
  59  59  58  56  57  57  57  57  56  55  52  49  46  44  46  40  42  41
  42  30]"
"[ 28  30 228 234 236 233 235 234 234 233 231 230 231 232 233 233 237 235
 233 233 234 234 232 229 225 223 219 214 210 207 201 196 193 192 189 184
 180 177 173 168 162 160 154 148 145 138 130 126 122 116 110 104 104 101
 101 100  96  94  93  96  98  98  97  97  99  98  99 100  98  98  97  95
 102 105 109 106 104 108 107 109 115 124 132 141 144 155 162 170 173 175
 177 180 180 179 176 175 173 172 170 168 167 164 161 159 159 159 157 155
 153 154 154 151 147 146 144 144 143 140 136 133 130 128 128 124 121 119
 114 112 110 106 103 102 101  98  94  92  94  93  93  92  90  89  89  89
  82  82  82  81  79  77  76  75  72  73  74  74  72  70  69  68  64  64
  64  62  60  63  64  61  57  57  56  57  58  58  57  55  55  57  59  58
  57  58  60  61  59  59  60  62  64  65  65  64  67  65  65  62  60  56
  56  27]"
"[ 29  30 230 236 237 235 236 235 235 234 233 232 233 234 235 236 233 231
 230 231 232 234 234 234 237 238 236 233 232 232 231 230 227 226 223 218
 213 209 204 200 193 192 187 183 180 175 169 166 162 156 151 144 142 137
 135 133 120 115 111 109 105  99  97  97 100  97  96  97  97  96  95  93
  96  97 100 100 100 101 100 102 101 105 107 109 105 106 110 116 121 128
 135 139 143 149 155 159 165 170 176 178 176 174 173 174 172 171 169 167
 165 165 164 162 163 160 155 152 152 152 150 148 146 144 144 141 138 136
 130 129 129 125 122 120 118 115 112 110 105 104 103 102 100  98  96  95
  91  91  90  89  88  87  87  88  83  83  82  82  81  78  75  73  75  74
  73  72  69  69  69  67  67  65  64  64  65  64  62  59  59  61  62  60
  58  59  61  63  59  59  60  61  63  66  66  66  68  69  69  71  71  71
  73  30]"
"[ 29  29 232 238 238 236 237 236 236 235 235 234 235 235 236 236 237 236
 235 234 233 234 235 235 235 235 235 233 232 233 233 233 234 235 236 236
 238 238 237 235 227 226 222 218 214 209 203 201 194 192 191 184 179 170
 166 163 157 154 150 146 141 135 130 128 121 113 107 105 102  98  95  92
  97  95  96  97  98  97  96  97 100  99 100 103 102 101 102 104 104 105
 102  98  97 101 106 108 120 127 137 147 154 160 166 170 172 174 177 176
 176 175 171 170 169 169 168 167 166 164 161 157 157 155 156 155 153 152
 148 148 145 142 138 136 134 131 128 128 125 124 121 118 115 112 109 107
 105 103 101  99  98  98  99  99  95  93  91  90  90  88  85  82  81  79
  80  81  79  79  79  79  76  74  73  72  72  72  69  67  66  68  68  67
  66  65  65  66  65  65  64  64  64  65  65  64  65  66  66  66  68  69
  71  29]"
"[ 29  28 234 240 239 238 238 237 237 237 236 236 236 236 236 236 236 236
 236 235 235 235 236 237 237 236 235 234 234 234 234 234 235 235 235 235
 236 236 236 234 233 236 238 239 239 236 232 230 230 228 228 223 220 212
 209 207 197 193 188 184 181 177 169 161 163 155 150 148 143 136 128 122
 121 115 109 108 105 100  97  96  97  94  95  98 100  98  97  97  97  98
  99 100 103 105 101  96 100  98  98 100 105 109 111 112 115 122 135 143
 154 163 165 172 174 175 175 174 173 173 172 171 169 168 169 168 166 164
 160 161 159 156 153 152 151 149 148 148 147 144 141 137 134 132 130 129
 128 125 121 118 116 115 113 111 105 105 103 101  98  96  96  97  98  95
  95  95  91  88  86  84  84  83  82  80  79  79  78  78  74  74  74  74
  74  73  72  71  69  69  68  67  66  66  66  65  68  69  68  63  65  66
  64  29]"
"[ 30  28 237 242 240 241 241 240 239 238 238 238 238 238 238 238 236 237
 237 237 236 236 237 237 236 236 236 236 237 238 238 238 235 234 234 234
 235 236 235 235 234 236 236 236 237 235 232 232 236 233 234 234 236 233
 232 229 231 231 227 220 216 214 208 202 198 192 188 186 182 176 169 163
 160 154 146 144 140 133 131 129 117 114 112 109 106  99  97  97  97  97
  96  94  94  97  98  98 101 101 100  99  98  98 100 102  99 102 107 105
 109 113 111 119 121 123 126 133 141 150 161 168 172 171 175 176 175 173
 171 173 171 168 166 163 160 157 156 157 159 157 154 150 148 146 146 145
 145 142 139 137 136 133 129 126 121 118 115 111 109 107 106 105 101 100
 101 103 102 101 100  99  94  93  92  90  87  87  87  88  85  83  81  80
  80  78  76  75  79  79  78  76  75  75  74  73  71  73  72  67  69  69
  66  31]"
"[ 30  28 238 244 242 243 243 242 241 241 241 241 241 241 240 240 241 240
 240 239 239 238 237 236 237 237 237 237 236 236 236 236 239 238 237 237
 237 237 237 236 238 238 236 235 236 236 235 237 236 234 235 235 239 236
 235 233 234 236 238 235 232 231 232 231 234 230 226 221 215 211 208 205
 195 193 187 186 180 172 170 168 161 156 153 145 140 131 128 125 113 115
 115 112 105  98  94  92  95  98 100  99  96  96  99 103 103 102 103  98
 100 102  98 107 106 104 105 108 109 109 111 115 122 124 133 141 149 156
 161 169 177 177 176 175 173 170 171 174 170 168 166 164 162 160 159 159
 157 155 153 152 150 149 147 145 142 138 133 130 129 127 124 120 119 116
 116 115 113 112 110 107 108 107 106 103 100  98  99  99  97  95  94  93
  92  89  87  86  88  88  86  83  81  80  80  79  79  79  77  76  76  75
  73  29]"
"[ 29  27 239 245 242 244 243 243 243 243 243 243 243 243 242 241 240 240
 239 239 239 239 237 236 238 238 238 238 237 236 237 239 238 236 236 237
 238 238 237 237 236 237 236 235 237 236 235 236 236 235 236 233 234 232
 235 236 236 236 236 236 235 232 230 230 235 236 237 236 232 232 234 233
 230 231 228 227 220 210 208 206 200 195 192 185 183 175 171 166 162 155
 147 142 139 134 130 128 120 115 107 102  99  99  99  98  96  96  97  94
  99 101  95 103 102  98  97  99 100  99 102 106 105 104 105 105 104 106
 108 115 126 129 135 142 148 154 161 167 176 176 176 175 173 172 171 171
 170 168 165 162 160 159 160 160 158 157 155 153 151 148 146 145 145 142
 139 136 133 132 130 125 121 120 118 115 112 109 109 108 106 105 106 108
 107 104 102 101  99  99  96  93  91  90  89  88  87  85  81  84  82  82
  85  28]"
"[ 29  29 239 245 245 246 245 245 244 244 244 244 244 244 243 243 243 242
 240 239 239 240 240 240 240 241 241 241 240 239 239 239 239 239 240 240
 240 239 239 238 239 238 237 237 238 238 237 236 236 236 237 236 236 236
 237 237 237 237 237 236 235 234 234 234 235 235 235 235 235 234 233 232
 232 233 234 235 235 235 235 235 230 229 226 223 218 213 207 204 199 195
 189 183 179 174 169 165 162 152 146 142 136 134 130 121 115 116 112 106
 103 103 100  95  99  97  96  97  99 100 101 103 101 103 104 104 106 109
 110 109 107 105 107 109 108 110 116 120 129 138 145 151 157 159 162 170
 173 175 175 174 173 173 172 171 169 168 165 165 162 161 162 160 160 158
 155 152 153 153 148 142 138 137 134 131 129 127 125 123 122 115 114 116
 115 113 112 109 110 107 105 105 106 105 102 100  99  98  96  96  94  96
  95  28]"
"[ 29  29 239 246 246 246 246 245 246 245 246 246 245 245 245 245 246 245
 244 243 243 243 242 242 242 243 243 243 242 241 241 242 241 242 242 242
 242 242 241 241 241 240 239 239 239 239 238 237 238 238 238 237 237 237
 238 238 238 238 238 237 236 236 236 236 237 236 236 236 236 236 235 234
 233 233 233 233 234 234 234 233 233 233 234 235 236 236 234 234 231 229
 226 222 218 212 207 203 194 187 185 183 176 173 169 161 154 153 148 142
 137 134 129 123 119 116 112 109 105 100  96  93  96  96  98 101 103 103
 101 100 105 103 104 107 108 109 110 110 109 107 104 105 109 112 116 122
 132 142 151 154 160 169 176 177 177 175 175 177 177 175 174 170 169 168
 167 166 166 165 161 157 155 153 151 151 152 151 146 141 139 137 135 130
 124 124 124 119 114 115 115 114 113 112 112 112 110 109 108 108 104 105
 103  29]"
"[ 29  29 240 247 247 248 247 246 247 246 246 246 246 247 247 247 247 246
 246 246 246 245 244 243 245 245 245 245 245 244 244 244 245 244 244 245
 245 245 244 243 243 242 242 242 242 242 241 240 241 240 240 239 239 240
 240 240 239 238 237 237 237 237 237 237 237 237 236 236 236 236 236 236
 235 234 233 233 234 235 234 233 232 232 233 233 234 235 234 234 234 233
 232 231 231 233 235 237 232 228 228 227 219 213 209 205 200 197 192 186
 181 175 168 163 161 157 150 143 139 135 130 125 123 116 111 111 109 103
  98  98  98  98 101 104 103 102 103 103 107 103 103 106 107 107 106 105
 101 101 106 113 114 110 113 120 128 134 145 156 161 166 172 174 178 178
 178 179 178 176 175 175 169 167 165 165 167 167 164 160 159 157 157 157
 153 149 146 144 146 143 138 133 131 131 130 128 126 123 120 119 116 117
 116  31]"
"[ 29  29 240 247 247 248 248 247 247 247 247 246 247 247 247 247 247 247
 247 247 247 247 246 245 246 246 246 246 246 246 246 246 246 246 246 246
 246 246 245 244 245 244 244 244 244 244 243 243 243 243 242 242 242 242
 242 241 240 239 238 237 237 237 237 237 237 237 236 237 237 237 237 237
 237 236 235 236 236 237 236 236 237 237 236 236 236 237 236 236 235 235
 235 234 234 233 232 231 233 231 234 237 235 233 235 236 228 226 223 221
 218 213 208 205 195 192 186 179 176 174 168 162 162 154 148 145 142 136
 131 131 121 118 117 114 109 104 102 100  99  96  99 103 102 102 104 104
 105 106 108 108 110 111 111 111 110 110 115 116 114 117 123 129 132 137
 149 161 170 173 175 177 180 180 179 176 174 174 174 175 174 168 165 168
 169 167 165 166 158 156 154 151 151 151 147 142 143 139 135 133 131 130
 129  27]"
"[ 29  29 240 246 246 248 248 248 247 247 247 247 247 248 248 248 248 248
 248 248 248 247 247 247 247 247 247 247 247 247 247 247 247 246 247 246
 247 246 246 246 246 246 246 246 246 246 245 245 246 245 244 244 244 244
 244 243 243 242 240 240 240 239 239 239 238 238 238 239 239 239 239 238
 237 238 238 238 238 238 238 238 236 236 236 236 237 238 238 238 235 235
 236 237 238 237 236 235 236 235 235 235 233 231 232 233 233 233 233 234
 233 231 230 231 229 228 224 220 217 213 204 196 196 193 189 185 180 175
 169 165 163 156 150 146 142 138 132 126 124 118 116 112 104 101 100  98
 101 102 102 101 103 107 108 107 105 102 105 107 108 110 110 111 113 112
 112 116 121 126 132 137 143 151 162 170 176 179 182 183 180 181 180 178
 179 180 177 172 173 174 173 169 165 164 162 161 158 156 154 153 153 152
 149  27]"
"[ 29  29 239 246 246 247 248 248 248 247 247 247 248 248 248 248 248 248
 248 248 247 247 247 247 248 247 247 247 248 248 248 248 248 247 247 247
 247 247 247 247 246 246 247 247 247 247 247 246 247 247 246 245 245 245
 245 245 245 245 244 243 243 242 242 241 240 240 241 241 242 241 240 239
 238 239 239 239 239 239 239 239 240 239 239 239 239 239 238 238 240 238
 236 235 235 235 235 235 237 237 237 236 236 235 234 234 232 232 233 233
 232 231 233 235 231 232 233 234 237 238 235 231 231 230 226 219 215 212
 208 204 201 196 192 188 183 178 172 166 162 158 155 151 146 142 136 130
 126 122 118 115 110 104 102 104 101  99 106 110 110 110 106 107 108 107
 108 109 111 111 110 110 112 111 112 114 121 129 137 141 148 154 159 165
 172 177 181 185 183 184 184 182 180 179 179 180 179 177 175 172 172 171
 170  31]"
"[ 29  29 238 246 246 247 248 247 248 247 247 247 247 248 248 248 247 248
 248 247 247 246 246 247 248 248 247 247 247 247 248 247 247 248 248 248
 247 247 247 248 247 247 247 248 248 248 248 248 248 247 247 247 246 246
 246 247 247 247 247 246 246 245 245 244 244 243 244 244 244 244 243 242
 242 241 241 240 240 240 240 240 241 241 241 241 242 242 242 242 238 239
 240 241 241 240 238 236 237 239 239 237 236 236 235 234 236 236 236 234
 233 233 234 234 238 236 234 233 233 234 233 232 234 234 232 230 231 233
 234 232 231 229 227 222 214 208 203 199 198 196 189 182 180 177 171 166
 159 159 155 147 142 140 136 132 126 119 120 114 107 105 102 106 106 106
 104 104 106 109 110 110 106 106 106 107 110 112 112 110 113 113 113 118
 123 126 133 144 154 156 163 171 177 179 181 183 184 186 185 180 179 179
 180  28]"
"[ 29  29 240 247 246 247 247 247 247 247 247 247 247 247 247 248 246 247
 248 248 247 247 247 247 247 247 247 247 247 247 247 247 247 248 248 248
 247 246 247 248 247 247 248 248 248 248 248 248 248 248 248 248 247 247
 247 247 247 247 248 248 247 247 247 247 247 247 247 247 247 246 246 245
 246 244 242 242 242 243 242 242 245 244 243 243 244 244 244 244 245 244
 244 242 240 239 239 240 239 242 241 237 237 238 237 237 237 237 236 234
 234 236 237 237 237 236 236 237 237 237 237 237 234 234 234 234 235 236
 235 232 235 234 236 236 236 237 236 233 229 232 227 219 217 214 208 203
 197 188 183 184 181 174 168 167 162 152 152 146 141 137 130 131 121 119
 115 110 107 107 105 103 103 104 104 105 107 109 110 110 109 114 114 113
 116 115 112 112 115 114 116 120 124 129 141 152 162 171 179 180 184 186
 187  29]"
"[ 29  29 240 248 247 247 247 247 247 247 247 247 247 247 247 248 247 247
 247 247 247 247 247 247 248 247 247 247 247 247 247 246 247 247 247 247
 247 247 247 247 247 247 247 248 248 248 248 248 247 247 248 247 247 247
 247 247 248 247 248 248 248 248 248 248 248 248 248 248 248 248 248 248
 249 248 247 247 247 247 246 245 246 246 246 246 246 245 245 245 245 245
 244 244 243 243 242 242 244 243 242 241 240 240 238 237 238 237 236 236
 236 236 237 237 237 238 238 236 236 238 237 235 236 236 236 236 236 235
 234 234 234 233 233 233 234 233 232 231 235 234 233 233 234 235 234 233
 231 231 230 229 223 216 211 209 200 196 188 182 179 177 173 168 166 158
 156 151 139 137 138 131 130 124 118 113 110 107 106 105 110 109 111 112
 110 110 113 115 116 116 118 119 118 116 117 120 115 117 117 122 123 133
 144  31]"
"[ 29  29 240 248 247 247 247 246 247 247 247 247 247 247 247 248 247 247
 246 246 247 247 246 246 247 247 247 247 247 247 246 246 247 247 247 247
 247 247 247 247 246 247 247 247 248 248 247 247 247 247 248 247 247 247
 247 247 248 248 248 248 248 248 248 248 249 249 249 249 249 249 249 249
 247 247 247 248 248 248 248 248 248 248 248 248 248 248 248 247 247 247
 246 246 246 246 246 246 246 245 244 244 244 243 243 242 240 240 240 238
 236 235 235 235 238 239 239 237 238 240 239 238 237 236 236 237 237 237
 237 236 237 236 236 236 236 236 235 234 234 234 233 234 234 234 234 233
 235 235 236 237 236 234 232 232 230 229 226 223 219 215 208 203 201 193
 191 188 181 179 175 166 162 159 154 150 146 143 140 138 128 123 120 119
 116 112 109 106 109 109 111 115 117 117 117 119 118 115 115 123 121 122
 127  26]"
"[ 29  29 240 248 247 247 247 246 247 247 247 247 247 247 247 247 247 247
 247 247 247 247 246 246 247 247 247 247 247 247 246 245 247 247 247 247
 247 247 247 247 247 247 247 247 247 247 247 247 247 247 247 247 247 247
 247 247 247 247 248 248 248 248 248 248 248 248 248 248 248 248 248 248
 249 249 248 248 248 248 248 248 249 249 249 249 249 249 249 249 248 248
 248 248 248 248 248 248 248 248 247 247 247 247 247 246 243 244 245 243
 240 238 238 239 241 241 240 239 239 241 242 241 238 238 238 239 239 239
 239 238 238 238 238 238 238 237 236 236 236 237 237 237 236 236 236 237
 236 236 236 237 238 237 237 237 231 234 237 239 240 239 237 235 236 231
 227 224 220 217 211 204 198 197 194 188 184 180 175 171 165 161 158 153
 146 139 133 129 122 118 115 114 115 114 112 112 112 111 112 115 115 119
 123  29]"
"[ 29  29 240 248 247 247 247 247 247 247 247 247 247 247 247 247 248 247
 247 247 247 247 247 247 247 247 247 247 247 247 246 246 247 247 247 247
 247 247 247 247 247 247 247 247 247 247 247 247 246 247 247 247 248 248
 247 247 247 247 247 247 247 248 248 248 248 248 248 248 248 248 248 248
 249 249 249 249 248 248 248 248 248 249 249 249 249 249 249 249 249 249
 249 249 249 249 248 249 249 249 249 249 249 249 248 248 246 248 248 248
 246 245 246 247 245 244 243 241 241 242 243 242 241 241 240 240 240 240
 239 239 240 240 239 239 238 237 237 237 236 237 237 237 237 237 237 238
 238 237 236 236 236 236 235 235 236 237 237 236 236 236 236 236 242 243
 242 240 238 237 237 237 232 233 231 226 223 220 216 211 206 204 202 199
 192 186 182 178 173 167 160 155 151 146 141 138 135 125 120 124 122 117
 119  30]"
"[ 29  29 240 248 247 247 247 247 247 247 247 247 247 247 247 247 248 248
 248 248 247 247 247 247 247 247 247 247 247 247 247 247 247 247 247 247
 247 247 247 247 247 247 247 247 247 247 247 247 247 247 248 249 249 249
 249 248 247 247 247 247 247 247 247 247 248 248 248 248 249 248 248 248
 248 248 248 248 248 248 248 248 249 249 249 250 250 250 250 250 250 250
 249 249 249 249 249 249 250 250 250 249 250 249 249 249 248 248 248 248
 249 249 249 250 248 247 246 244 244 244 245 245 244 244 243 243 243 242
 241 241 242 242 241 240 239 239 239 240 238 238 238 239 239 240 240 239
 239 239 238 238 239 240 239 239 238 237 236 236 237 239 241 242 240 243
 241 237 235 234 234 237 232 234 236 236 239 242 242 240 241 237 234 232
 230 226 221 214 206 204 201 197 193 186 178 174 166 167 164 158 153 152
 147  25]"
"[ 29  29 240 248 247 247 247 247 247 247 247 247 247 247 247 247 248 248
 248 248 247 247 247 247 247 247 248 247 247 247 247 248 247 247 247 247
 247 247 247 247 247 247 247 247 247 247 247 247 246 247 247 248 248 248
 248 248 248 247 247 247 247 247 247 247 248 248 248 248 248 248 248 248
 248 248 248 248 248 248 248 248 249 249 249 250 250 250 250 250 250 249
 249 249 249 249 249 249 249 250 250 250 250 250 250 250 249 249 248 248
 249 250 250 250 249 249 248 247 247 248 248 248 248 247 247 247 247 247
 246 246 244 244 244 243 242 242 243 244 243 242 242 242 243 243 243 243
 241 241 240 239 240 241 240 238 240 239 239 240 241 240 240 240 240 242
 241 240 241 241 240 241 239 239 238 237 238 239 238 237 237 237 239 242
 243 245 246 243 242 240 238 234 229 222 215 211 208 201 195 191 188 182
 181  33]"
"[ 29  29 240 248 247 247 247 247 247 247 247 248 248 248 248 248 248 248
 248 248 247 247 247 247 248 248 248 248 247 247 248 249 248 247 247 247
 247 247 247 248 248 248 248 248 247 247 247 247 246 246 247 247 247 248
 248 248 248 247 247 247 247 247 247 247 248 248 248 248 248 248 248 247
 249 248 248 248 248 248 248 247 249 249 249 249 249 249 250 250 248 248
 248 248 248 248 248 248 249 249 250 250 250 250 250 250 250 250 249 249
 250 250 249 249 249 249 249 249 249 249 249 249 249 249 250 250 250 250
 250 250 247 247 247 247 246 246 246 247 245 245 245 244 244 243 243 243
 245 245 244 242 242 242 241 239 238 239 240 243 243 242 242 242 245 244
 244 243 242 241 239 237 238 237 237 238 240 241 241 240 238 239 242 241
 238 239 241 241 240 241 241 241 243 245 245 244 240 244 244 241 237 230
 217  27]"
"[ 29  29 240 248 247 247 247 247 247 247 248 248 248 249 249 249 248 249
 249 248 248 247 247 248 248 248 249 249 248 248 248 249 248 248 247 247
 247 247 248 248 248 248 248 248 248 248 247 247 247 247 247 248 248 248
 248 248 248 248 248 248 248 248 249 249 248 248 249 249 249 249 248 248
 247 247 247 248 248 249 249 249 249 249 249 249 249 250 250 250 248 248
 248 248 248 248 248 248 248 249 250 250 250 250 250 250 250 250 250 250
 250 249 249 249 249 249 249 249 250 249 249 249 249 249 249 249 250 250
 250 249 249 249 250 250 250 250 249 249 248 249 249 248 246 245 246 246
 245 245 245 244 244 245 245 243 242 242 243 244 244 243 243 245 243 244
 245 245 243 244 244 243 244 242 241 242 243 243 242 241 242 242 242 241
 241 243 244 242 241 241 241 241 242 242 241 239 241 240 240 243 244 240
 232  29]"
"[ 29  28 241 246 247 248 248 247 248 248 248 248 249 249 249 249 248 248
 248 248 248 248 248 247 248 248 248 249 249 249 250 250 248 248 248 248
 248 248 248 248 248 248 248 248 248 248 247 247 248 248 248 248 248 248
 248 248 248 249 249 249 249 249 248 248 248 248 248 248 248 248 248 248
 248 248 248 248 248 248 249 249 249 249 249 250 250 250 250 250 250 249
 249 248 248 248 248 248 249 249 249 249 249 249 250 250 249 249 249 247
 247 248 249 249 249 249 250 250 250 250 250 250 250 250 250 250 249 249
 249 249 250 250 250 250 250 250 250 250 249 249 250 250 250 249 249 249
 247 247 249 249 249 248 247 246 246 246 245 245 245 245 246 246 247 247
 247 246 245 244 243 243 245 244 244 244 244 244 243 242 243 244 244 244
 244 244 244 244 245 244 244 244 244 244 243 242 244 244 243 244 243 242
 236  28]"
"[ 29  28 242 247 248 249 249 248 248 248 248 248 249 249 249 249 249 249
 249 249 249 248 248 248 247 248 248 249 249 249 249 249 249 249 248 248
 248 248 248 249 248 248 248 248 248 248 248 248 248 248 248 248 248 249
 249 249 249 249 249 249 249 249 248 248 248 248 249 249 249 249 249 248
 248 248 248 248 248 248 249 249 250 250 250 250 250 250 250 250 250 250
 249 249 248 248 248 248 249 249 249 249 249 249 249 250 249 249 249 248
 248 248 248 247 249 249 250 250 250 250 250 250 250 250 250 250 250 250
 250 250 250 250 250 250 250 250 250 250 250 250 250 250 250 250 249 249
 249 249 249 249 250 250 250 249 249 249 249 249 249 249 249 249 249 249
 249 249 248 248 247 247 246 246 246 246 246 245 244 243 242 243 244 244
 244 244 244 244 244 244 244 244 244 244 243 243 244 244 244 245 244 243
 237  28]"
"[ 29  28 243 248 248 249 248 248 249 248 248 248 248 248 248 248 249 249
 249 249 249 249 249 249 248 248 249 250 250 250 249 249 249 249 249 248
 248 248 249 249 249 249 249 249 249 249 249 249 249 248 248 248 248 249
 249 250 250 250 250 250 250 249 249 249 249 249 249 249 249 249 249 249
 248 248 248 248 248 249 249 249 250 250 250 250 250 250 250 250 250 250
 250 249 249 248 248 248 249 248 248 248 248 249 249 249 249 249 249 249
 249 248 247 245 248 249 250 250 250 250 250 250 249 250 250 250 250 250
 250 250 250 250 250 250 250 250 250 250 250 250 250 250 250 250 250 249
 249 249 249 250 250 250 251 251 251 251 251 251 251 251 251 251 250 250
 250 250 250 250 250 250 249 249 249 249 249 248 246 245 244 244 246 246
 246 245 245 245 246 246 246 246 246 246 245 244 244 244 244 246 245 245
 238  28]"
"[ 29  28 243 248 248 248 248 248 248 248 248 248 248 248 248 248 248 249
 249 249 250 250 250 250 249 250 250 250 250 250 250 250 249 249 249 249
 249 249 249 249 249 249 250 250 249 249 250 249 250 250 249 248 248 248
 249 249 249 249 249 250 250 250 249 249 249 248 248 248 248 249 249 249
 249 249 249 249 249 249 249 249 250 250 250 250 250 250 250 250 250 250
 250 249 249 249 249 249 249 249 248 248 248 249 249 249 249 249 249 249
 249 249 247 244 248 249 250 250 250 250 250 249 249 249 249 250 250 250
 250 250 250 250 250 250 250 250 250 250 250 250 250 250 250 250 250 250
 249 249 250 249 249 249 250 250 250 250 251 251 251 251 251 250 251 251
 251 250 251 251 251 251 251 250 251 250 251 250 249 248 248 249 250 250
 250 249 248 248 249 249 249 249 249 248 246 245 244 245 245 247 247 245
 239  28]"
"[ 29  28 243 248 248 248 248 248 248 248 248 247 247 247 247 247 248 248
 249 249 250 250 250 250 250 250 250 250 250 250 250 249 248 248 248 249
 249 249 249 249 249 250 250 250 250 250 250 250 250 250 250 249 249 249
 249 250 249 249 249 250 250 250 250 250 249 249 248 248 248 248 249 250
 249 249 249 249 250 250 250 250 250 250 250 250 250 250 250 250 249 249
 249 249 249 249 249 249 249 249 249 249 249 249 249 249 249 249 249 249
 249 249 248 246 248 249 250 250 250 250 250 249 250 250 250 250 250 250
 250 250 250 250 250 250 250 250 250 250 250 250 250 250 250 250 250 250
 251 251 250 250 250 250 250 250 250 250 251 250 251 251 251 250 251 251
 251 251 252 251 252 251 251 251 251 251 251 251 251 251 251 251 252 252
 252 251 250 250 251 251 251 251 251 250 249 248 246 247 247 248 249 248
 240  28]"
"[ 29  29 243 248 249 249 249 248 248 248 248 247 247 247 247 247 247 248
 249 249 250 250 250 250 250 250 249 249 249 249 250 249 248 248 248 249
 249 249 249 249 250 250 250 250 250 250 250 250 250 250 250 250 250 250
 250 250 250 250 250 250 250 250 250 250 250 249 249 248 248 249 250 250
 250 250 250 250 250 250 250 250 250 250 250 250 250 250 250 250 249 249
 248 248 248 248 249 249 249 249 249 249 249 249 249 249 250 250 250 250
 250 250 249 248 249 249 250 250 250 250 250 250 250 250 250 250 250 250
 250 250 250 250 250 250 250 250 250 250 250 250 250 250 250 250 250 250
 250 251 251 251 251 251 251 250 251 251 251 251 251 251 251 251 252 252
 252 252 252 252 252 252 252 252 252 252 252 252 252 252 251 252 252 252
 251 251 251 251 251 251 251 252 252 252 251 250 249 250 250 251 250 250
 242  29]"
"[ 29  29 243 248 248 248 249 249 249 248 248 248 247 247 247 247 247 248
 249 249 250 250 250 250 250 250 250 249 249 250 250 249 249 249 249 249
 249 249 249 250 250 250 250 250 250 250 250 250 250 250 250 250 250 250
 250 250 250 250 250 250 250 250 250 250 250 249 250 250 250 250 250 250
 250 250 250 250 250 250 250 250 250 250 250 250 250 250 250 250 249 249
 249 248 248 248 248 248 249 249 249 249 249 250 250 250 250 250 250 250
 250 250 250 249 250 250 250 250 250 250 250 250 250 250 250 250 250 250
 250 250 250 250 250 250 250 250 250 250 250 250 250 250 250 251 251 251
 251 251 252 252 252 251 251 251 251 251 251 251 251 251 251 251 252 252
 252 252 252 252 252 252 252 252 253 252 252 252 252 253 252 252 252 252
 251 251 251 251 251 251 251 251 252 252 252 252 252 252 252 251 251 252
 243  30]"
"[ 29  28 243 247 248 248 249 249 249 249 248 248 248 247 247 247 247 248
 249 250 250 250 250 250 250 250 250 251 250 250 250 250 250 249 249 248
 248 249 250 250 250 250 250 250 250 250 250 250 250 250 250 250 250 250
 250 249 249 249 250 250 250 250 250 250 250 250 250 250 250 250 250 250
 250 250 250 250 250 250 250 250 250 250 250 250 250 250 250 250 250 249
 249 248 248 248 248 248 249 249 249 249 250 250 250 250 250 250 250 250
 250 250 250 249 250 250 250 250 250 250 250 250 250 250 250 251 251 251
 251 251 250 250 250 250 250 250 250 250 250 250 250 250 251 251 251 252
 253 253 253 253 252 252 251 251 251 251 251 251 251 251 251 252 252 252
 253 253 252 252 252 253 252 252 253 253 252 252 252 252 252 252 252 252
 252 252 251 251 252 252 252 252 252 252 252 252 252 253 252 252 251 252
 243  30]"
"[ 30  29 243 248 249 249 248 248 248 248 248 248 247 247 247 248 249 249
 249 249 249 249 249 250 250 250 250 250 250 250 250 250 249 250 250 249
 249 249 250 250 250 250 250 250 250 250 251 251 250 250 250 250 250 250
 250 250 250 250 250 250 250 250 250 250 250 250 251 251 250 250 250 250
 250 250 250 250 250 250 250 250 250 250 250 250 250 250 250 250 250 249
 249 249 249 249 249 250 249 250 250 250 250 250 250 250 250 251 251 251
 251 250 250 250 250 250 250 250 250 250 250 250 249 250 251 251 251 251
 251 251 250 250 251 251 250 250 250 250 250 250 251 251 251 252 252 252
 253 253 253 253 253 253 253 253 252 252 252 252 252 252 252 252 252 252
 252 252 252 252 252 252 253 252 253 252 252 252 252 252 252 251 251 251
 252 252 251 251 252 252 252 253 253 253 253 253 252 252 252 252 251 252
 243  29]"
"[ 30  28 243 248 249 249 249 248 249 249 248 248 247 247 247 248 249 249
 249 249 249 249 250 250 250 250 250 250 250 250 250 250 250 250 250 249
 249 249 250 250 250 250 250 250 250 251 251 251 250 250 250 250 250 250
 250 250 250 251 251 251 251 251 251 250 251 251 251 251 251 251 251 251
 250 250 250 250 250 250 250 250 250 250 250 250 250 250 250 250 250 250
 250 250 250 250 250 250 250 250 250 250 250 250 250 250 250 250 250 251
 251 251 250 250 251 251 250 250 251 251 251 251 250 251 251 251 251 251
 251 251 251 251 251 250 250 250 250 251 251 251 251 251 251 252 252 252
 252 252 252 252 252 252 252 251 252 252 252 252 252 252 252 252 252 252
 252 252 252 252 252 252 252 252 252 252 252 252 252 252 252 252 251 251
 252 252 252 251 251 251 251 251 252 252 252 252 252 252 253 252 251 252
 243  29]"
"[ 29  28 242 248 249 249 249 249 248 248 248 248 247 247 247 247 249 249
 249 249 249 249 250 250 250 250 250 250 250 250 250 250 250 250 250 250
 249 249 250 250 250 250 250 250 250 251 251 251 250 250 250 250 250 250
 250 250 251 251 251 251 251 251 251 251 251 251 251 251 251 251 251 251
 251 251 251 250 250 250 250 250 250 250 250 250 250 250 250 250 250 250
 250 250 250 250 250 250 250 250 250 250 251 250 250 250 251 251 251 252
 252 252 252 251 251 251 251 251 252 252 251 251 252 252 251 251 251 252
 252 252 252 251 251 251 251 251 251 251 251 251 251 251 251 252 252 253
 252 252 253 253 253 253 253 253 252 252 252 252 252 252 252 252 252 252
 252 252 252 252 252 252 252 252 252 252 252 252 252 252 252 252 252 252
 252 252 252 252 252 252 253 253 253 253 253 253 252 252 252 252 251 251
 243  29]"
"[ 29  28 243 248 249 249 248 248 248 248 248 248 248 248 248 248 249 249
 249 249 249 250 250 250 250 250 250 250 250 250 250 250 250 250 249 249
 249 249 250 250 250 250 250 250 250 251 251 251 250 250 250 250 250 250
 250 250 251 251 251 251 251 251 251 251 251 251 251 251 251 251 251 251
 251 251 251 251 251 250 251 251 251 251 251 251 251 251 251 251 250 250
 250 249 249 250 250 250 250 250 250 250 251 251 251 251 251 251 251 252
 252 252 252 252 251 251 251 251 252 252 252 252 252 252 252 251 251 252
 252 252 252 251 251 251 252 252 251 251 251 251 251 251 252 252 253 253
 252 252 252 252 252 252 252 252 252 252 252 252 252 252 252 252 252 252
 252 252 252 252 252 252 252 252 252 252 252 252 252 252 252 252 252 252
 252 252 252 252 252 252 252 252 253 253 253 253 252 252 252 252 251 251
 243  29]"
"[ 29  29 244 248 249 248 248 248 248 249 249 249 249 249 250 250 249 249
 249 249 250 250 250 250 250 250 250 250 250 250 250 250 249 249 248 248
 249 249 250 250 250 250 250 250 250 250 250 251 250 250 250 250 250 250
 250 250 251 251 251 251 251 251 251 251 251 252 252 252 252 251 251 251
 251 251 251 251 251 250 250 250 250 250 250 250 250 250 250 250 250 250
 250 250 250 250 250 250 250 250 250 250 251 251 251 251 252 252 252 252
 252 252 252 251 251 251 251 251 252 252 252 252 252 252 252 252 252 252
 252 252 252 252 252 252 252 252 251 251 251 251 252 252 252 252 252 252
 252 252 252 252 252 252 252 252 253 253 253 253 253 253 253 253 252 252
 252 252 252 252 253 253 253 253 253 253 253 253 253 253 252 252 252 252
 252 252 252 252 252 252 252 252 252 252 252 252 252 253 253 253 251 252
 244  29]"
"[ 29  29 244 249 249 249 248 249 248 248 249 249 249 249 250 250 250 249
 249 249 250 250 250 250 250 250 250 250 250 250 250 250 249 249 248 248
 249 250 250 250 250 250 250 250 250 250 250 250 250 250 250 250 250 250
 251 251 251 251 251 251 251 251 251 251 252 252 252 252 252 252 252 252
 252 251 251 251 251 251 251 251 251 251 251 251 251 251 251 251 250 250
 250 250 250 250 250 250 250 250 250 250 251 251 251 251 252 252 252 252
 252 252 252 251 251 251 251 251 251 252 252 252 252 252 252 252 252 252
 252 252 252 253 253 252 252 252 252 252 251 251 252 252 253 253 252 252
 252 252 253 253 253 253 253 253 253 253 253 253 253 253 253 253 252 252
 252 252 252 252 253 253 253 253 253 253 253 253 253 253 253 252 252 252
 252 252 252 252 252 252 252 252 253 253 252 252 252 253 253 253 251 252
 244  29]"
"[ 29  29 245 250 250 249 249 250 248 248 249 249 249 249 249 250 250 250
 249 249 250 250 250 250 250 250 250 250 250 250 250 250 250 249 249 249
 249 250 250 250 250 250 250 250 250 250 250 250 250 250 250 250 250 250
 251 251 251 251 251 251 251 251 251 251 252 252 252 252 252 252 252 252
 252 252 252 252 252 251 251 251 251 251 251 251 251 251 251 251 250 250
 250 250 250 250 250 250 250 250 250 250 251 251 252 252 253 253 252 252
 252 252 252 251 252 252 251 251 252 252 252 253 253 253 252 252 252 252
 252 252 252 252 253 253 253 253 253 253 252 252 252 253 253 253 253 252
 252 252 252 252 252 252 252 252 252 252 253 253 253 253 253 253 252 252
 252 252 252 252 252 252 253 252 252 252 252 253 253 253 253 253 252 253
 253 253 253 252 251 251 252 252 252 252 252 252 252 252 252 252 251 251
 244  29]"
"[ 29  29 245 250 250 250 250 251 250 250 250 250 250 250 250 250 250 250
 249 249 250 250 250 249 250 250 250 250 250 250 250 250 250 250 249 249
 250 250 250 250 250 250 250 250 250 250 250 250 250 250 250 250 250 250
 251 251 251 251 251 251 251 251 251 252 252 252 252 252 252 252 252 252
 252 252 252 252 252 252 251 251 251 251 251 251 251 251 251 251 251 251
 251 251 251 251 251 251 251 251 250 251 251 251 251 252 252 252 252 252
 252 252 252 252 252 252 252 252 252 252 253 253 252 252 252 252 252 252
 252 252 252 252 252 252 252 252 252 252 252 252 252 252 252 252 253 253
 253 253 253 253 253 253 253 253 252 252 252 252 252 252 253 253 252 252
 252 252 253 253 253 253 253 253 253 252 252 252 252 252 253 253 252 253
 253 253 253 252 252 252 252 252 252 252 252 252 253 253 253 253 251 252
 244  29]"
"[ 29  29 244 249 250 250 250 250 250 250 250 250 250 250 250 250 250 250
 250 250 250 250 250 250 250 250 250 250 250 250 250 250 250 250 250 250
 250 250 250 250 250 250 250 250 250 250 250 250 250 250 250 250 250 250
 251 251 251 251 252 252 251 252 252 252 253 253 253 253 253 253 253 253
 253 253 253 253 252 252 252 252 252 252 252 252 252 252 252 252 251 251
 251 251 251 251 251 251 251 251 252 252 252 252 252 252 252 252 252 252
 253 253 253 252 253 253 253 253 253 253 253 253 253 253 253 253 252 252
 252 252 253 252 252 252 252 252 252 253 253 253 253 253 253 253 253 253
 253 253 253 253 253 252 252 252 252 252 252 252 252 252 252 252 253 253
 252 252 252 252 252 253 252 252 252 252 252 252 252 252 252 252 253 253
 253 253 253 253 253 253 253 253 253 253 253 252 253 253 253 253 251 252
 244  29]"
"[ 29  29 244 249 250 250 250 250 250 250 250 250 250 250 251 251 250 250
 250 250 250 250 250 250 250 250 250 250 250 250 250 250 250 250 250 250
 250 250 250 250 250 250 250 250 250 250 250 250 250 250 251 250 251 251
 251 251 251 251 251 251 251 251 252 252 252 252 252 252 252 252 252 252
 252 252 252 252 252 252 252 252 252 252 252 252 252 252 252 252 252 252
 252 252 252 252 252 252 252 251 252 252 252 252 252 252 253 253 253 251
 251 253 253 253 253 253 253 253 252 252 252 252 253 253 253 253 252 252
 252 252 253 252 252 252 252 252 252 253 252 252 252 252 252 252 252 252
 252 252 252 252 252 252 252 252 252 252 252 252 252 252 252 252 253 253
 252 252 252 252 252 252 252 252 252 252 252 252 252 252 252 252 252 253
 253 253 253 253 252 252 251 251 251 251 251 251 253 253 253 253 251 251
 244  29]"
"[ 29  29 244 249 250 250 250 250 250 250 250 250 250 250 250 250 250 250
 250 250 250 250 250 250 250 250 250 250 250 250 250 250 250 250 250 250
 250 250 250 250 250 250 250 250 250 250 250 250 250 251 251 251 252 251
 252 252 251 251 251 251 251 251 252 252 252 252 252 252 253 253 253 253
 253 253 252 252 252 252 252 252 252 252 252 252 252 252 252 253 252 252
 252 253 253 253 253 252 252 252 252 252 252 252 253 253 251 252 252 251
 251 252 252 252 252 252 252 252 252 253 252 252 253 253 253 253 253 253
 252 252 253 253 253 253 253 253 252 252 252 252 253 253 253 253 253 253
 253 253 253 253 253 252 252 252 252 252 252 252 252 252 252 252 253 253
 252 252 252 252 252 252 252 252 252 252 252 252 252 252 252 252 252 252
 252 253 253 253 253 253 253 253 253 253 253 253 252 252 252 252 251 251
 244  29]"
"[ 29  29 244 249 250 250 250 250 250 250 250 250 250 250 250 250 250 250
 250 250 250 250 250 250 250 250 250 250 250 250 250 250 250 250 250 250
 250 250 250 250 250 250 250 250 250 249 250 250 250 251 251 252 252 252
 252 252 252 252 251 251 251 251 252 252 252 252 252 252 253 253 253 253
 253 253 253 252 252 252 252 252 252 252 252 252 252 252 253 253 252 252
 252 252 252 252 253 253 252 252 252 252 252 252 253 253 253 253 253 252
 252 252 252 251 252 253 253 253 253 253 253 253 253 253 253 253 253 253
 252 252 253 253 253 253 253 253 252 252 252 252 252 252 252 252 252 252
 253 253 253 253 253 253 253 252 252 252 252 252 252 252 252 252 253 253
 252 252 252 252 252 252 252 252 252 252 252 252 252 252 252 252 252 252
 252 252 252 252 253 253 253 253 253 253 253 253 252 252 252 252 251 251
 244  29]"
"[ 29  29 244 249 250 250 250 250 251 251 250 250 251 251 251 251 250 250
 250 250 250 250 250 250 250 250 250 250 250 250 250 250 250 250 250 250
 250 250 250 250 250 250 250 250 249 248 248 249 250 251 251 252 252 252
 253 253 253 252 252 252 252 252 252 252 252 252 252 252 253 253 253 252
 252 252 252 252 252 252 252 252 252 252 252 252 252 252 253 253 252 252
 252 252 252 252 253 253 252 252 252 252 252 252 252 252 253 252 251 250
 251 252 252 252 252 252 253 253 253 253 253 253 252 252 252 253 253 253
 253 253 252 252 252 252 252 252 252 252 252 252 252 252 252 252 252 252
 253 253 253 253 252 252 252 252 252 252 252 252 252 252 252 252 253 253
 252 252 252 252 252 252 252 252 252 252 252 252 252 252 252 252 252 252
 252 252 252 252 253 253 252 252 252 252 252 252 252 252 252 252 251 251
 244  29]"
"[ 29  29 244 249 250 250 250 250 251 251 250 250 251 251 251 251 250 250
 250 250 250 250 250 250 250 250 250 250 250 250 250 250 250 250 250 250
 250 250 250 250 250 250 250 250 249 248 248 249 250 251 251 252 252 252
 253 253 253 253 252 252 253 253 252 252 252 252 252 252 253 253 253 253
 253 253 252 252 252 252 253 253 252 252 252 252 252 252 253 253 253 253
 253 253 253 253 253 253 253 253 253 253 253 253 253 253 251 252 252 252
 252 252 252 251 252 252 252 252 252 252 252 252 252 252 252 252 253 253
 253 253 252 252 252 252 252 252 252 252 252 252 252 252 253 253 253 253
 253 253 253 253 253 252 252 252 252 252 252 252 252 252 252 252 252 252
 252 252 252 252 252 252 252 252 252 252 252 252 252 252 252 252 252 252
 252 252 252 252 253 253 253 253 253 253 253 253 252 252 252 252 251 251
 244  29]"
"[ 29  29 244 249 250 250 250 250 250 250 250 250 250 250 250 250 250 250
 250 250 250 250 250 250 250 250 250 250 250 250 250 250 250 250 250 250
 250 250 250 250 249 250 250 250 249 248 249 250 250 251 252 252 253 253
 253 253 253 253 253 253 252 252 252 252 252 252 252 252 252 252 253 253
 253 253 253 253 253 253 253 253 253 252 252 252 252 253 253 253 253 253
 253 253 253 253 253 253 253 253 253 253 253 253 252 252 251 252 253 252
 250 250 251 252 252 252 252 252 252 252 252 252 252 252 252 253 253 253
 253 253 252 252 252 252 252 252 252 252 252 252 252 252 253 253 253 253
 253 253 253 253 253 253 252 252 252 252 252 252 252 252 252 252 252 252
 252 252 252 252 252 252 252 252 252 252 252 252 252 252 252 252 252 252
 252 252 252 252 252 252 252 252 252 252 252 252 252 252 252 252 251 251
 244  29]"
"[ 29  29 244 249 250 250 250 250 251 251 250 250 250 250 250 250 250 250
 250 250 250 250 250 250 250 250 250 250 250 250 250 250 250 250 250 250
 250 250 250 250 249 250 250 250 249 249 250 250 251 251 252 252 252 253
 253 253 253 253 253 253 253 252 252 251 251 251 252 252 252 252 252 252
 252 252 252 252 252 253 253 253 253 252 252 252 252 253 253 253 253 253
 253 252 252 252 252 252 252 252 252 252 252 252 252 252 251 251 247 241
 236 238 245 251 252 252 253 253 253 252 252 252 251 251 252 252 252 252
 253 252 251 251 251 250 250 251 251 251 252 252 252 252 252 252 252 252
 252 252 252 252 252 252 252 252 252 252 252 252 252 252 252 252 252 252
 252 252 252 252 252 252 252 252 252 252 252 252 252 252 252 252 252 252
 252 252 252 252 253 253 253 253 253 253 253 253 252 252 252 252 251 251
 244  29]"
"[ 29  29 243 248 249 249 250 250 250 250 250 250 250 250 250 250 251 251
 251 251 251 250 250 250 250 250 250 250 250 250 250 250 250 250 250 250
 250 250 250 250 250 250 250 250 250 250 250 250 250 250 251 251 251 252
 252 252 253 252 252 251 251 251 252 252 252 252 251 251 252 252 252 252
 252 252 252 252 252 251 252 252 252 252 253 253 253 253 253 253 253 253
 253 253 253 253 253 253 253 254 250 253 251 251 252 249 252 251 222 180
 160 163 184 231 253 253 251 251 254 252 253 253 250 253 253 252 252 252
 250 253 251 253 242 228 228 238 251 251 252 252 253 251 253 251 253 252
 253 253 253 252 252 252 252 252 252 252 252 252 252 252 252 252 252 252
 252 252 252 252 252 252 253 252 252 252 252 252 252 252 252 252 252 252
 252 252 252 252 252 252 252 252 252 252 252 252 252 252 252 252 251 252
 244  29]"
"[ 29  29 243 248 249 249 250 250 250 250 250 250 250 250 250 250 250 250
 251 251 251 251 251 251 250 250 250 250 250 250 250 251 251 251 251 250
 250 250 250 250 250 250 250 250 250 250 250 250 249 250 250 251 251 251
 251 251 251 251 251 251 252 252 252 252 252 252 252 252 252 252 252 252
 252 252 252 252 252 251 252 252 253 253 253 253 253 253 253 253 252 252
 253 253 253 252 252 252 249 253 251 253 252 251 251 251 249 223 170 122
  94  91 107 157 223 252 254 253 253 252 253 251 254 250 251 253 253 253
 252 249 254 230 182 142 132 145 190 244 253 252 253 252 252 252 252 253
 253 253 252 252 252 252 252 252 252 252 252 252 252 252 252 252 252 252
 252 252 252 252 252 252 252 252 252 252 252 252 252 252 252 252 252 252
 252 252 252 252 252 252 252 252 252 252 252 252 252 252 252 252 251 252
 244  29]"
"[ 29  29 244 249 250 250 250 250 250 250 250 250 250 250 250 250 250 250
 250 251 251 251 251 251 250 250 250 250 250 251 251 251 251 251 251 251
 251 250 250 250 250 250 250 250 250 250 250 250 250 250 250 251 251 251
 251 251 252 251 251 251 251 252 252 252 251 251 252 252 252 252 252 252
 252 252 252 252 251 251 251 252 252 252 252 253 253 252 252 252 252 252
 252 252 252 252 252 252 252 252 252 252 250 251 251 251 243 186 119  80
  67  72  77 107 183 247 254 253 253 251 253 252 250 252 253 252 250 252
 253 251 241 198 143 104  92  90 118 185 243 251 253 253 251 253 252 253
 253 252 252 252 252 252 252 252 252 252 252 252 252 252 252 252 253 253
 253 253 253 253 253 253 252 252 252 252 252 252 252 252 252 252 252 252
 252 252 252 252 252 252 252 252 252 252 252 252 252 252 252 252 251 252
 244  29]"
"[ 29  29 244 249 250 250 250 250 250 250 250 249 249 249 249 249 250 250
 250 251 251 251 251 251 251 251 251 250 250 250 250 250 250 250 250 250
 250 250 250 250 250 250 250 250 250 250 250 250 250 250 250 251 251 251
 251 251 251 251 251 251 251 251 252 252 252 252 252 252 251 251 251 252
 252 252 252 251 251 251 251 251 251 251 251 252 252 252 253 253 252 253
 253 253 253 252 252 252 252 252 250 250 250 251 252 251 222 141  81  61
  62  67  65  77 158 244 250 253 254 251 253 253 252 254 252 252 253 252
 253 254 218 156 102  74  69  69  77 128 219 251 253 253 251 253 252 253
 252 252 252 252 252 252 252 252 252 252 252 252 252 252 252 252 252 252
 252 252 253 253 253 253 252 252 252 252 252 252 252 252 252 252 252 252
 252 252 252 252 252 252 252 252 252 252 252 252 252 252 252 252 251 252
 244  29]"
"[ 29  29 244 250 251 250 250 250 250 250 250 249 249 248 248 248 250 250
 250 250 250 250 250 250 251 251 251 250 250 250 250 250 250 250 250 250
 250 250 250 250 250 250 250 250 250 250 250 250 249 250 250 250 250 250
 250 250 250 250 250 251 252 252 252 252 253 253 253 252 252 251 252 253
 253 252 252 251 251 251 251 250 251 252 252 252 253 253 253 253 252 253
 253 253 253 252 252 252 252 251 252 252 251 251 251 248 190 100  60  59
  61  60  67  84 151 246 252 254 254 251 252 251 252 252 252 254 251 251
 251 243 173 106  73  62  60  67  67 101 197 252 254 253 252 253 253 252
 252 252 252 252 252 252 252 252 252 252 252 252 252 252 252 252 252 252
 252 252 252 252 252 252 252 252 252 252 252 252 252 252 252 252 252 252
 252 252 252 252 252 252 252 252 252 252 252 252 252 252 252 252 251 252
 244  29]"
"[ 29  29 244 249 250 250 250 250 251 250 250 249 249 249 248 248 249 249
 250 250 250 250 250 250 250 250 250 250 250 251 251 251 251 251 251 251
 251 250 250 250 250 250 250 250 250 250 250 250 250 250 250 250 250 250
 250 250 251 251 251 252 252 252 252 252 253 253 252 252 252 252 253 253
 253 252 251 251 251 251 251 251 252 252 252 252 252 253 252 252 252 252
 252 252 252 252 252 252 253 252 253 252 251 250 253 238 160  80  53  56
  57  57  64  82 159 248 254 254 252 253 252 251 251 251 253 254 248 254
 248 203 126  70  55  57  54  62  62  99 198 252 254 254 252 252 252 251
 252 252 252 252 252 252 252 252 252 252 252 252 252 252 252 252 252 252
 252 252 252 252 252 252 252 252 252 252 252 252 252 252 252 252 252 252
 252 252 252 252 252 252 252 252 252 252 252 252 252 252 252 252 251 252
 244  29]"
"[ 29  29 244 249 250 250 250 250 250 250 249 249 249 249 249 249 249 249
 249 250 250 250 250 250 250 250 250 250 250 250 250 251 251 251 251 250
 250 250 250 250 250 250 250 250 250 250 250 250 250 250 250 250 250 250
 251 251 251 251 251 251 252 252 252 252 252 252 252 252 252 252 252 252
 252 251 251 251 252 252 252 252 252 252 252 252 252 252 252 252 252 252
 253 253 252 252 252 252 251 253 252 252 251 253 251 214 118  67  49  53
  56  64  66  89 182 250 254 252 251 252 252 251 252 252 250 251 252 248
 210 143  89  57  53  56  55  60  62 115 221 251 254 254 251 252 252 251
 252 252 252 252 252 252 252 252 252 252 252 252 252 252 252 252 252 252
 252 252 252 252 252 252 253 253 253 253 253 252 252 252 252 252 252 252
 252 252 252 252 252 252 252 252 252 252 252 252 252 252 252 252 251 252
 244  29]"
"[ 29  29 244 249 250 250 250 250 249 249 248 248 248 249 249 249 249 249
 249 250 250 250 250 250 250 250 250 250 250 250 250 250 250 250 250 250
 250 250 250 250 250 250 250 250 250 250 250 250 250 250 250 250 250 250
 250 250 250 250 251 251 252 252 252 252 252 252 252 252 252 252 252 252
 251 251 250 251 252 252 252 252 252 252 252 252 253 253 253 253 253 253
 253 253 252 252 252 253 253 254 252 252 252 250 237 175  89  62  51  59
  56  64  66 108 208 251 253 252 253 252 251 251 251 252 248 253 249 209
 151 103  63  55  55  53  56  61  68 138 244 250 253 254 250 253 253 252
 252 252 252 252 252 252 252 252 252 252 252 252 252 252 252 252 252 252
 252 252 252 252 252 252 253 253 253 253 253 252 252 252 252 252 252 252
 252 252 252 252 252 252 252 252 252 252 252 252 252 252 252 252 251 252
 244  29]"
"[ 30  29 244 249 250 249 249 249 249 249 249 248 249 249 249 249 249 249
 250 250 250 250 250 250 250 250 250 250 250 250 250 250 250 250 250 250
 250 250 251 251 250 250 250 250 250 250 250 250 250 250 250 250 250 250
 250 250 250 250 250 251 251 251 251 251 251 251 251 251 252 252 252 252
 252 252 252 252 252 252 252 252 251 251 252 252 252 252 252 252 253 253
 252 252 251 252 252 252 253 254 249 251 251 253 207 133  72  61  57  52
  56  62  71 135 235 253 252 253 251 251 252 252 249 252 253 248 223 167
 113  79  59  50  56  56  58  62  77 176 249 251 252 253 253 252 252 252
 252 252 252 252 252 252 252 252 252 252 252 252 252 252 252 252 252 252
 252 252 252 252 252 252 251 252 252 252 253 253 253 253 252 252 252 252
 252 252 252 252 252 252 252 252 252 252 252 252 252 252 252 252 251 251
 244  29]"
"[ 29  28 243 248 249 249 249 249 249 249 248 248 248 248 248 248 249 250
 250 250 250 250 250 250 250 250 250 250 250 250 250 250 250 250 250 250
 250 250 250 250 250 250 250 250 250 250 250 250 250 250 250 250 250 250
 250 250 250 250 250 250 251 251 251 252 251 251 251 251 252 252 252 252
 252 252 252 252 252 252 252 252 252 252 252 252 253 253 253 253 253 253
 253 253 252 252 252 252 249 250 249 251 252 239 167 103  61  51  52  54
  57  60  73 159 244 251 249 254 252 251 251 250 253 250 251 230 172 129
  87  69  52  54  55  58  56  69 109 214 251 252 253 253 252 252 252 252
 252 252 252 252 252 252 252 252 252 252 252 252 252 252 252 252 252 252
 252 252 252 252 252 252 252 252 253 253 253 253 253 253 253 253 253 253
 253 253 253 253 252 252 252 252 252 252 252 252 252 252 252 252 251 251
 244  29]"
"[ 29  28 243 248 249 249 249 249 249 249 248 248 248 248 248 248 249 250
 250 250 250 250 250 250 250 250 250 250 250 250 250 250 250 250 250 250
 250 250 250 250 250 250 250 250 250 250 250 250 250 250 250 250 250 250
 250 250 251 250 250 250 250 250 251 251 251 251 251 251 251 252 252 252
 252 252 252 252 252 252 252 252 252 252 252 252 252 252 252 253 252 253
 252 252 252 252 251 251 252 250 251 250 251 214 133  90  60  52  52  57
  60  63  88 194 251 252 251 254 251 251 251 251 249 249 233 172 131 102
  74  56  52  56  54  65  66  81 175 247 253 253 253 252 252 252 252 252
 252 252 252 252 252 252 252 252 252 252 252 252 252 252 252 252 252 252
 252 252 252 252 252 252 252 252 252 253 253 253 253 253 253 253 253 253
 253 253 252 252 252 252 252 252 252 252 252 252 252 252 252 252 251 251
 244  29]"
"[ 30  29 244 248 249 249 249 249 249 249 248 247 249 249 249 249 249 249
 250 250 249 249 249 249 249 249 250 250 250 250 250 250 250 250 250 251
 250 250 250 250 250 250 250 250 250 250 250 250 250 250 250 250 250 250
 250 250 250 250 250 250 250 250 250 251 251 251 251 251 251 251 251 251
 252 252 252 252 252 252 252 252 252 252 252 252 252 252 252 252 252 252
 252 252 252 252 251 250 249 248 250 250 244 177 108  77  58  57  53  57
  63  66 113 219 253 253 253 251 251 252 252 251 253 237 182 135 110  83
  57  52  53  54  58  64  73 121 230 251 253 253 252 252 252 252 252 252
 252 252 252 252 252 252 252 252 252 252 252 252 252 252 252 252 252 252
 252 252 252 252 252 252 252 252 252 252 252 252 252 252 252 252 252 253
 252 252 252 252 252 252 252 252 252 252 252 252 252 252 252 252 252 252
 244  29]"
"[ 30  29 243 248 248 248 248 248 249 248 248 247 248 249 249 249 248 249
 249 249 249 248 249 249 249 249 250 250 250 250 250 250 250 250 251 251
 250 250 250 250 250 250 250 250 250 250 250 250 250 250 250 250 250 250
 250 250 250 250 250 250 250 250 250 250 251 251 251 251 251 251 251 251
 251 251 251 251 251 251 251 251 252 252 252 252 252 252 253 253 253 253
 252 252 252 252 251 251 250 250 250 251 232 140  94  64  52  57  55  58
  66  73 146 237 253 252 251 250 253 252 249 250 249 199 144 117  88  61
  50  52  54  57  62  61  97 194 251 251 253 253 252 252 252 252 252 252
 252 252 252 252 253 253 252 252 252 252 252 252 252 252 252 252 252 252
 252 252 252 252 252 252 253 253 253 253 252 252 252 252 253 253 253 253
 253 253 252 252 252 252 252 252 252 252 252 252 252 252 252 252 252 252
 244  29]"
"[ 29  28 243 248 248 248 249 249 249 248 248 247 247 247 247 247 248 249
 249 249 248 248 249 249 250 250 250 250 250 250 250 250 250 250 251 251
 250 250 250 250 250 250 250 250 250 250 250 250 250 250 250 250 250 250
 250 250 250 250 250 250 250 250 250 250 251 251 251 251 251 251 251 251
 250 250 250 250 250 250 250 250 251 251 252 252 252 252 253 253 253 253
 252 252 252 252 252 251 251 251 247 250 210 112  82  51  54  57  55  58
  66  88 184 250 253 252 252 252 252 250 252 253 216 159 125  92  66  51
  53  53  59  62  57  77 163 244 254 253 252 252 252 252 252 252 252 252
 252 252 252 253 253 253 253 252 252 252 252 252 252 252 252 252 252 252
 252 252 252 252 252 252 253 253 253 252 252 252 252 252 252 252 253 253
 253 252 252 252 252 252 252 252 252 252 252 252 252 252 252 252 252 253
 245  29]"
"[ 30  29 243 248 248 248 249 249 249 249 248 247 247 247 247 247 248 249
 249 249 249 249 249 249 250 250 250 250 250 250 250 250 250 250 251 251
 250 250 250 250 250 250 250 250 250 250 250 250 250 250 250 250 250 250
 250 250 250 250 250 250 250 250 250 250 251 251 251 251 251 251 251 251
 251 251 250 250 250 250 250 250 250 251 251 252 252 252 252 252 252 252
 252 252 252 252 252 252 250 252 252 250 192 102  73  51  55  53  53  55
  65 116 220 254 253 252 253 253 250 249 253 238 174 129  94  76  54  50
  45  55  59  61  69 131 227 251 252 252 252 252 252 252 252 252 252 252
 252 252 252 253 253 253 253 253 252 252 252 252 252 252 252 252 252 252
 252 252 252 252 252 252 252 252 252 252 252 252 252 252 252 252 252 252
 252 252 252 252 252 252 252 252 252 252 252 252 252 252 252 252 252 253
 245  29]"
"[ 30  29 243 247 247 247 248 248 248 248 248 247 247 247 247 248 249 249
 249 249 249 249 249 250 250 250 250 250 250 250 250 250 250 250 251 251
 250 250 250 250 250 250 250 250 250 250 250 250 250 250 250 250 250 250
 250 250 250 250 250 249 250 250 251 251 251 251 251 251 251 251 251 251
 251 251 251 251 251 251 251 251 251 251 251 251 252 251 252 251 252 252
 252 252 252 252 252 252 249 251 249 237 164  89  64  57  52  49  55  58
  72 147 246 252 252 249 252 252 250 253 246 201 137 104  73  60  54  46
  50  53  57  62 103 194 251 252 252 254 252 252 253 252 252 252 252 253
 252 252 253 253 253 253 253 253 252 252 252 252 252 252 252 252 252 252
 252 252 252 252 252 252 253 253 252 252 252 252 252 252 253 253 253 253
 253 253 253 253 252 252 252 252 252 252 252 252 252 251 251 252 252 253
 245  29]"
"[ 29  29 242 249 247 248 246 247 248 248 248 247 247 247 248 248 248 249
 249 249 249 248 249 250 250 250 250 250 250 250 250 250 250 250 250 250
 250 250 250 250 250 250 250 250 250 250 250 250 250 250 250 250 250 250
 250 250 250 250 250 250 250 250 250 250 250 250 250 250 250 250 250 250
 250 250 250 250 249 249 250 250 250 250 250 250 251 251 252 251 252 252
 251 251 251 251 251 251 251 248 251 217 134  80  68  55  53  51  58  59
  84 187 251 252 249 252 247 250 252 249 211 154 116  92  66  58  51  46
  46  56  52  92 187 248 254 250 253 252 252 251 252 253 252 252 253 252
 253 252 253 253 252 253 253 252 251 252 253 252 253 252 250 252 252 252
 252 252 252 252 252 252 252 252 252 252 252 252 253 253 252 252 252 252
 252 252 252 252 252 253 253 253 253 253 252 252 252 252 252 252 251 251
 243  29]"
"[ 29  29 242 249 247 248 247 247 247 248 247 247 247 247 248 248 248 249
 249 249 249 248 249 250 250 250 250 250 250 250 250 250 250 250 250 250
 250 250 250 250 251 251 250 250 250 251 251 251 251 251 251 251 251 251
 250 250 250 250 250 250 250 250 250 250 250 250 250 250 250 250 250 250
 250 250 250 250 250 250 250 250 251 251 251 251 251 251 252 251 251 251
 251 251 251 251 251 251 250 250 250 200 120  73  63  55  55  54  59  63
  96 200 253 252 252 250 252 249 252 226 168 123 105  80  57  49  47  48
  52  57  64 141 235 250 253 252 253 252 252 253 253 253 251 251 252 251
 252 251 251 252 252 252 252 252 253 250 251 254 251 252 252 253 252 253
 253 253 253 253 253 253 253 252 252 252 252 252 252 252 252 252 252 252
 252 252 252 252 252 252 252 253 252 252 252 251 252 252 252 252 251 251
 243  29]"
"[ 29  29 242 249 247 248 247 247 247 247 247 247 247 247 248 248 248 248
 249 249 249 248 248 249 249 250 250 250 250 250 250 250 250 250 250 250
 250 250 250 250 250 250 250 250 250 250 250 250 251 251 251 250 250 250
 250 250 250 250 250 250 250 250 250 250 250 250 250 250 250 250 250 250
 250 250 250 250 250 250 251 251 251 252 252 251 252 251 252 252 250 251
 251 252 253 252 251 251 250 251 243 176 108  77  67  62  55  57  59  66
 114 218 254 251 252 251 251 251 237 185 140 113  95  70  54  48  47  50
  54  58  81 185 253 250 251 253 252 253 252 250 249 252 253 253 251 251
 251 252 252 252 251 250 252 253 252 253 253 251 251 253 252 251 252 253
 253 253 253 253 253 253 253 253 253 253 253 253 252 252 253 253 253 253
 252 252 252 252 252 252 253 253 253 252 252 252 252 252 252 252 251 251
 243  29]"
"[ 29  29 242 248 247 248 247 247 247 247 247 247 247 247 248 248 248 248
 249 249 249 248 248 249 249 249 249 249 249 249 249 249 250 250 250 250
 250 250 250 250 250 250 250 250 250 250 250 250 251 251 250 250 250 250
 250 250 250 250 250 250 250 250 250 250 250 250 250 250 250 250 250 250
 250 250 250 250 250 250 250 250 251 251 252 252 252 252 252 252 251 252
 253 253 253 252 251 250 250 251 226 144  93  77  63  54  53  57  58  68
 131 233 254 252 250 250 249 248 199 144 118 104  85  60  53  50  49  50
  55  67 120 223 252 252 252 252 251 253 253 253 252 252 252 250 250 253
 253 251 250 251 251 252 252 251 250 252 252 249 254 251 251 252 252 252
 252 252 253 252 253 253 253 253 253 253 253 253 253 253 253 253 253 253
 252 252 252 252 252 252 253 253 253 253 252 252 252 252 252 252 251 251
 243  29]"
"[ 29  29 241 248 247 247 246 247 247 247 247 247 247 247 248 247 249 249
 249 249 249 249 249 249 249 249 249 249 249 249 249 249 250 250 250 250
 250 250 250 250 250 250 250 251 251 251 251 251 251 251 251 251 251 250
 250 250 250 250 250 250 250 250 250 250 250 250 250 250 250 250 250 250
 250 250 250 250 250 250 250 250 250 250 251 251 251 251 251 251 252 252
 252 252 252 251 250 250 252 250 206 122  86  80  63  51  50  57  57  70
 147 240 253 252 249 251 252 223 162 122  97  89  68  50  47  47  49  52
  59  82 170 247 254 253 251 252 253 253 248 252 252 251 251 252 252 251
 252 250 251 252 251 252 251 249 251 254 251 250 251 250 253 252 252 252
 252 252 252 252 252 252 252 252 252 252 252 252 252 252 252 252 252 252
 253 253 252 252 252 252 252 252 252 252 252 252 252 252 252 252 251 251
 243  29]"
"[ 29  28 241 247 246 247 246 246 247 247 247 247 247 247 247 247 248 248
 248 249 249 248 248 248 249 249 249 249 249 249 249 249 250 250 250 250
 250 250 250 250 250 250 250 250 250 250 250 250 250 250 250 250 250 250
 250 250 250 250 250 250 250 250 250 250 250 250 250 250 250 250 250 250
 251 250 250 250 250 250 250 250 251 251 251 251 251 251 250 250 251 251
 251 251 251 250 250 250 249 243 179 106  82  77  61  51  50  57  56  73
 162 243 252 253 251 254 233 176 129 102  93  81  53  45  46  47  51  59
  66 105 217 250 254 249 252 253 252 253 253 251 252 252 251 251 252 251
 249 249 249 251 251 249 244 236 220 222 230 253 251 254 253 249 252 252
 252 252 252 252 252 252 252 252 253 253 252 252 252 252 252 252 252 252
 253 253 252 252 252 252 253 253 252 252 252 252 252 252 252 252 251 251
 244  29]"
"[ 29  28 241 247 246 247 246 246 247 247 247 247 247 247 247 247 248 248
 248 249 249 248 248 248 249 249 249 249 249 249 248 248 249 249 249 249
 249 249 250 250 250 250 250 250 250 250 250 250 250 250 250 250 250 250
 250 250 250 250 250 250 250 250 250 250 250 250 250 250 250 250 249 249
 249 249 249 249 250 250 250 250 251 251 250 250 250 250 250 250 250 250
 250 250 250 250 250 250 253 237 154  98  82  72  58  51  49  54  54  77
 176 246 253 253 251 235 184 130  98  84  86  68  48  46  48  52  55  66
  85 156 250 251 254 251 255 253 250 252 251 248 251 251 248 250 253 249
 246 232 217 209 204 191 161 131 119 116 139 209 249 252 249 254 253 253
 253 252 252 252 252 252 252 252 252 252 252 252 252 252 252 252 253 253
 253 253 252 252 252 252 253 253 253 253 253 253 252 252 252 252 251 251
 244  29]"
"[ 29  29 241 247 246 247 246 246 247 247 247 247 247 247 247 246 249 249
 249 249 249 249 249 249 249 249 249 249 249 249 249 249 248 248 248 248
 249 249 249 250 250 250 250 251 251 251 250 250 250 250 250 250 250 250
 250 250 250 250 250 250 250 250 250 250 250 249 250 249 249 249 249 249
 248 248 248 248 249 249 250 249 250 250 249 249 250 250 251 251 249 250
 250 250 251 251 250 250 248 221 127  87  79  66  53  49  48  52  51  78
 184 248 255 252 249 197 143 109  86  89  78  58  49  46  45  53  56  70
 109 214 252 254 249 253 251 253 252 252 250 251 252 251 251 253 230 188
 160 155 151 150 153 147 121  93  79  77  85 140 224 244 246 248 252 252
 252 252 252 252 252 251 251 251 252 252 252 252 252 252 252 252 252 252
 252 252 252 252 252 252 252 252 252 252 253 253 252 252 252 252 251 251
 244  29]"
"[ 30  28 242 246 247 247 247 246 247 247 247 247 247 247 247 247 248 248
 249 249 248 248 247 246 248 248 248 248 248 248 248 248 248 248 248 248
 249 249 250 250 250 250 250 250 250 250 250 250 250 250 250 250 250 249
 249 249 249 249 249 249 249 249 250 250 249 249 249 249 248 248 248 248
 249 249 249 249 249 249 249 249 249 249 249 250 248 250 251 235 230 233
 246 251 249 252 250 251 250 199 117  78  65  59  51  48  47  52  51  83
 196 252 254 250 224 151 114  86  78  82  74  52  47  48  51  56  58  76
 164 243 254 252 253 253 252 251 251 251 251 250 251 251 250 217 162 118
 121 124 132 132 128 107  75  68  55  54  58  93 163 181 180 193 222 254
 254 250 253 253 252 252 252 252 252 252 253 253 253 253 253 253 252 252
 252 252 252 252 251 251 251 251 252 252 253 253 253 253 252 252 251 251
 244  29]"
"[ 29  28 242 247 247 247 247 246 247 247 247 247 247 247 247 247 248 249
 249 248 248 248 247 247 247 247 247 247 248 248 249 249 248 248 248 248
 249 249 249 249 250 250 250 250 250 250 250 250 250 250 250 250 249 249
 249 249 248 249 249 249 249 249 249 249 249 249 249 249 249 248 249 249
 248 248 248 248 248 248 249 249 249 249 250 249 251 247 207 164 152 152
 186 232 251 252 251 251 243 179 101  66  60  57  49  45  47  51  52  91
 208 254 253 237 171 116  88  78  80  75  60  45  42  45  51  50  61 116
 217 253 253 250 254 252 252 252 250 251 252 251 251 240 189 123  92  98
 107 109 105  89  79  67  51  52  48  45  51  88 130 129 125 120 152 213
 253 254 251 251 252 252 252 252 252 252 253 252 252 252 253 252 252 252
 252 252 252 252 251 251 251 251 252 252 253 253 253 253 253 252 251 251
 244  29]"
"[ 29  28 243 247 247 247 247 246 247 247 247 247 247 247 247 247 248 248
 248 248 248 247 247 247 247 247 247 247 248 249 249 249 248 248 248 248
 248 249 249 249 249 250 250 250 250 250 250 250 250 250 249 249 249 249
 249 249 248 248 249 249 249 249 249 249 248 248 248 248 248 248 248 248
 248 248 248 248 248 248 248 248 247 248 250 248 247 225 164 130 106 100
 119 179 242 251 251 254 237 157  90  59  56  54  48  44  46  50  52  99
 219 253 251 213 138 103  77  72  74  61  44  39  40  46  48  50  70 167
 244 253 250 254 249 251 253 249 251 252 246 248 226 174 111  84  84  94
  93  94  86  76  68  56  45  45  46  40  59  98 117 111 103  88  96 166
 245 253 251 252 252 252 252 252 252 252 252 252 252 252 252 252 252 252
 252 252 252 251 251 251 251 251 251 252 252 253 252 253 253 252 251 251
 244  29]"
"[ 29  28 243 247 248 247 247 247 247 247 247 247 247 247 247 247 248 248
 248 247 247 247 247 247 247 247 247 248 248 249 249 249 249 249 249 249
 249 249 249 249 249 249 250 250 250 250 250 250 250 250 249 248 248 248
 249 249 248 248 248 248 248 248 248 248 248 247 247 247 248 248 248 248
 248 248 248 248 248 248 248 249 249 248 248 249 248 212 131 103  77  72
  78 123 217 252 251 250 214 129  78  54  53  52  49  46  44  49  51 108
 225 253 250 190 122 101  75  67  62  49  38  39  39  45  45  57 111 220
 251 253 250 253 251 251 252 252 252 247 241 197 138  96  73  75  81  82
  80  82  73  64  58  48  44  46  42  40  71  98 105 103  86  75  77 138
 234 251 252 254 252 253 252 252 253 253 252 252 252 252 252 252 252 252
 252 252 252 251 251 251 251 251 252 252 252 253 252 252 253 252 251 251
 243  29]"
"[ 29  29 243 248 248 248 247 247 247 247 247 247 247 247 247 247 247 247
 247 247 247 247 247 247 247 247 247 247 248 248 249 249 249 249 249 249
 249 249 249 249 249 250 250 250 250 250 250 250 250 250 249 248 248 248
 248 249 249 249 248 248 248 248 248 247 248 248 248 248 248 248 248 248
 248 248 248 248 248 248 248 248 248 250 249 248 248 205 110  73  58  56
  61  81 176 244 254 248 188 106  70  52  53  52  47  44  44  45  51 127
 235 252 248 175 114  94  73  70  61  44  37  37  40  40  45  82 177 251
 254 252 250 253 250 253 252 247 230 183 133 104  80  71  73  75  75  71
  68  67  57  51  50  48  46  44  42  53  85  95  93  86  66  64  64 125
 232 252 252 253 250 252 252 252 253 253 252 252 252 252 253 252 252 252
 252 252 251 251 251 251 251 251 252 252 252 252 252 252 252 252 251 251
 243  29]"
"[ 29  29 243 249 249 248 247 247 247 247 247 247 247 247 247 247 247 247
 247 247 247 247 247 247 247 247 247 247 248 248 249 249 249 249 249 249
 249 249 249 249 249 250 250 250 250 250 250 250 249 249 248 248 248 248
 248 248 249 249 248 248 248 248 247 247 248 248 248 248 247 247 248 248
 247 247 248 248 248 248 248 248 246 249 250 248 244 186  96  61  48  54
  59  67 163 242 250 241 166  95  67  52  53  53  45  40  44  39  53 153
 245 251 245 167 116  88  74  77  66  44  37  36  40  38  48 136 230 254
 250 250 253 249 253 250 250 226 156 111  86  70  64  65  67  57  55  54
  56  53  53  55  53  43  38  42  48  62  84  89  83  69  57  59  55 127
 236 253 251 253 251 251 252 252 252 252 252 252 252 252 253 253 252 252
 252 252 251 251 251 251 251 251 252 252 252 252 252 252 252 252 251 251
 243  29]"
"[ 29  29 244 249 250 249 247 247 247 247 247 247 247 247 247 247 247 247
 247 247 247 247 247 247 247 247 247 247 247 248 248 248 249 248 248 248
 249 249 249 249 249 250 249 249 250 249 249 249 249 248 248 248 248 248
 248 248 248 248 248 248 248 248 248 248 247 248 248 248 247 246 247 248
 248 248 248 248 248 248 248 248 248 248 249 250 238 157  77  50  52  57
  49  58 161 242 249 239 141  86  64  49  49  51  43  40  42  37  59 174
 248 253 242 160 111  82  74  75  66  42  36  38  39  41  54 172 250 252
 250 254 251 252 248 251 233 166 101  74  59  62  62  55  50  46  46  47
  48  49  55  52  46  52  72  98  90  74  84  83  73  58  53  55  55 135
 238 254 251 253 252 251 251 251 252 252 252 252 251 252 252 252 252 252
 251 251 251 250 250 251 251 251 251 251 252 252 251 252 252 252 250 251
 243  29]"
"[ 29  29 244 250 250 249 248 247 247 247 247 247 247 247 247 247 246 247
 247 247 247 247 247 247 247 247 247 247 247 247 247 247 248 248 248 248
 248 248 249 249 249 250 250 249 249 249 248 248 248 248 248 248 248 248
 248 248 248 248 247 247 248 248 248 248 248 249 249 249 247 246 247 249
 248 248 248 249 249 249 249 249 248 248 249 245 217 125  64  51  51  51
  49  71 167 245 251 225 131  89  70  52  46  47  41  40  40  39  65 184
 247 254 242 154 105  83  81  74  64  40  35  39  41  46  59 163 245 252
 254 250 250 250 251 251 190 105  72  55  59  58  50  49  47  46  41  43
  46  50  54  45  65 121 171 204 139  85  86  75  61  52  46  49  53 139
 237 254 252 251 252 252 251 252 252 252 252 252 252 252 252 252 252 251
 252 251 250 249 250 250 250 251 251 251 252 251 251 252 252 252 250 251
 243  29]"
"[ 29  30 245 250 250 249 248 248 248 247 247 247 247 247 247 247 246 246
 247 247 247 247 247 247 247 247 247 247 247 247 247 247 248 248 248 249
 249 249 249 249 249 248 248 248 248 248 249 249 248 248 248 248 248 248
 248 248 247 248 248 248 248 248 248 248 247 247 248 247 247 248 248 249
 249 249 248 248 248 248 248 249 248 249 249 245 175  95  58  53  51  51
  50  84 204 251 249 223 130  90  69  57  52  50  53  51  47  42  59 153
 236 250 237 154 104  86  78  73  54  41  40  39  39  46  53 136 239 253
 249 251 250 247 252 240 139  81  53  55  54  50  50  45  47  43  44  46
  46  51  47  67 132 224 244 231 140  92  86  69  56  49  45  43  48 136
 240 252 251 253 249 249 250 250 251 252 252 252 252 252 252 251 251 250
 250 250 251 251 250 250 250 250 251 251 251 251 252 252 252 252 251 251
 242  28]"
"[ 29  29 245 251 250 249 249 249 248 248 247 246 247 247 247 247 246 246
 247 247 247 247 247 247 247 247 247 247 247 247 247 247 247 247 247 248
 248 248 248 248 249 248 248 248 248 248 249 249 248 248 248 248 248 248
 248 248 248 248 248 248 248 248 248 248 249 248 248 248 248 248 248 248
 248 248 248 248 248 248 248 247 247 249 247 222 140  84  53  53  50  46
  56 104 224 249 249 231 135  94  75  62  57  64  68  59  53  48  51 110
 208 244 234 148  98  83  75  67  51  41  40  40  42  47  49 122 230 251
 251 252 249 250 252 204 105  57  52  55  51  45  44  44  44  41  49  46
  48  51  56 128 212 251 253 232 122  88  84  66  52  47  45  42  45 133
 230 254 250 252 248 252 250 251 252 252 252 252 252 252 252 251 251 251
 250 250 250 250 251 251 251 251 251 251 251 251 251 252 252 252 251 251
 242  28]"
"[ 29  29 245 251 252 250 250 250 249 248 247 247 247 247 247 247 247 247
 246 246 246 246 247 247 247 247 247 247 247 247 247 247 246 246 247 247
 248 248 248 248 249 249 248 248 248 248 248 249 249 248 248 248 248 248
 248 247 247 247 247 247 247 247 247 247 248 248 247 247 248 249 249 248
 248 249 249 249 249 249 248 247 248 249 246 185 104  70  49  53  49  47
  61 134 237 252 247 241 158 100  77  71  67  74  77  69  59  53  47  65
 167 230 224 139  92  81  70  59  46  39  38  38  40  48  49 112 226 252
 252 250 250 250 236 145  73  52  54  48  46  44  39  41  44  41  52  56
  50  64 139 222 253 254 252 212 106  80  76  60  50  44  42  43  44 110
 219 252 254 250 251 250 250 251 252 252 252 252 251 251 252 252 251 250
 250 250 250 251 252 251 251 250 250 251 251 251 251 251 252 252 251 251
 243  29]"
"[ 29  29 246 252 252 251 250 250 249 248 247 247 247 247 247 247 247 246
 246 245 245 246 246 247 247 247 247 247 247 247 247 247 246 247 247 247
 248 248 248 248 249 249 248 248 248 248 248 248 249 248 248 248 248 248
 247 247 247 247 247 247 247 247 247 247 247 246 245 246 248 249 249 248
 248 248 249 249 249 248 248 248 248 246 231 144  84  57  46  47  50  50
  67 155 240 252 247 247 193 116  79  77  73  77  79  73  60  53  49  46
 125 211 214 137  87  80  65  50  41  37  36  36  38  46  51 107 226 253
 252 249 251 253 217 103  58  57  52  44  40  40  40  39  43  50  55  57
  71 130 219 251 252 253 248 201  97  73  65  54  49  41  39  43  44  77
 194 249 254 250 252 247 249 250 251 252 252 251 251 251 250 250 250 250
 250 250 251 251 252 251 251 251 251 251 252 251 251 251 252 252 251 251
 243  29]"
"[ 29  30 246 252 252 251 250 250 248 248 247 247 247 247 247 246 246 246
 245 245 245 245 245 246 246 246 246 246 246 246 247 247 246 247 247 247
 247 247 248 248 249 248 248 248 248 248 247 247 248 248 248 248 248 247
 247 247 244 244 244 245 247 248 248 247 247 245 244 245 247 248 248 248
 247 247 247 247 248 247 247 248 249 244 205 115  78  55  45  45  51  47
  76 166 243 246 248 248 218 138  87  79  77  80  80  72  60  50  50  42
  81 179 196 126  82  76  60  45  38  35  35  36  40  44  49 102 222 251
 251 251 250 242 165  74  58  59  47  40  36  34  42  39  44  57  57  68
 121 211 254 254 252 251 250 188  90  71  60  52  48  41  37  41  42  57
 146 236 252 253 249 251 249 250 251 251 251 250 250 250 250 250 250 250
 250 250 251 251 252 252 252 252 252 252 252 251 251 251 252 251 251 251
 243  29]"
"[ 29  30 246 252 252 252 250 250 249 248 247 247 247 247 246 246 245 245
 245 244 244 244 245 245 245 245 245 245 245 245 246 246 246 246 246 246
 247 247 248 248 248 248 248 248 248 248 247 247 248 248 248 248 247 247
 247 246 241 241 242 244 246 247 247 247 247 246 245 245 247 248 248 247
 246 246 246 246 246 247 247 247 249 243 179  98  74  56  46  46  50  45
  86 187 245 244 245 248 233 162  97  83  83  82  79  73  58  47  46  40
  50 141 174 116  74  67  53  40  35  34  34  36  39  40  48 101 219 250
 250 251 252 206 102  58  64  56  44  34  34  35  39  41  53  53  64 134
 216 252 248 248 248 252 251 177  83  76  66  55  48  42  40  39  40  48
  93 193 250 255 250 250 249 249 250 250 249 249 249 249 251 251 250 250
 250 251 251 252 252 252 252 252 252 252 252 251 251 251 252 251 251 251
 243  29]"
"[ 29  30 246 252 252 252 251 251 249 249 247 247 247 246 246 245 244 244
 244 244 244 244 244 244 244 244 244 244 244 245 245 246 246 246 246 246
 246 247 247 247 248 248 248 248 248 248 248 248 248 248 247 248 248 248
 246 245 242 242 242 244 246 247 247 247 247 246 244 245 246 247 247 247
 247 246 246 246 245 246 246 246 245 238 167  89  68  53  45  44  46  46
 101 209 248 248 243 247 242 190 114  90  88  84  80  74  56  44  41  40
  40 101 146 109  68  59  48  39  34  33  33  35  37  36  46 101 217 251
 250 249 237 156  76  63  60  45  40  36  37  39  39  45  56  52  93 212
 249 255 251 250 250 250 243 186  85  80  70  60  50  43  41  38  40  43
  58 124 217 251 252 246 249 249 249 249 248 248 248 249 250 250 250 250
 250 250 250 251 251 250 250 250 250 250 250 250 251 251 251 251 250 251
 243  29]"
"[ 29  30 246 252 252 252 252 251 250 249 248 247 246 246 245 244 244 244
 244 244 244 244 244 244 244 244 243 244 244 244 245 245 246 246 246 246
 246 247 247 247 248 248 248 248 248 248 248 248 248 248 247 247 248 247
 246 244 244 243 244 245 246 247 247 247 245 244 244 244 246 247 247 247
 246 246 245 245 244 244 244 244 246 238 172  89  70  52  49  44  44  47
 118 217 254 248 248 244 248 217 135  92  88  89  84  72  59  46  39  38
  34  60 108  89  66  56  47  41  35  32  33  34  37  34  43  98 213 251
 251 251 204 103  65  63  52  42  38  39  40  38  44  51  47  60 129 243
 254 246 250 250 247 252 250 195  90  81  68  63  52  42  39  37  39  42
  42  73 164 244 252 250 249 249 249 248 248 248 248 249 249 249 249 249
 250 250 250 250 251 250 250 250 250 250 250 250 250 250 251 251 250 251
 243  29]"
"[ 29  30 246 251 253 252 252 252 250 250 248 248 246 244 244 245 245 244
 244 245 244 243 244 244 243 244 244 243 243 244 244 244 244 245 245 244
 243 245 246 247 247 246 246 247 247 247 247 247 247 247 248 248 247 246
 245 244 242 245 244 242 245 247 246 245 245 241 243 244 243 245 247 246
 246 245 244 244 244 244 244 244 246 238 177  89  66  59  47  46  46  47
 102 198 244 252 245 247 250 238 173 108  91  89  81  77  63  55  41  39
  36  40  75  76  68  61  52  42  35  33  33  32  34  37  39  81 186 242
 243 230 145  81  66  50  45  39  40  38  38  40  50  49  54  79 174 249
 251 248 251 248 247 248 251 201  95  71  68  59  48  41  36  36  38  44
  48  47 101 215 254 249 249 249 249 249 249 248 248 248 249 249 249 249
 250 250 250 251 250 250 250 250 249 250 250 250 248 252 250 250 250 249
 243  31]"
"[ 28  27 246 251 252 251 251 252 251 250 248 247 246 244 243 243 244 243
 244 245 245 244 244 244 244 244 243 241 239 239 240 240 241 243 243 242
 242 244 245 245 246 245 243 243 245 246 248 248 246 247 247 247 246 245
 245 245 241 243 244 245 247 246 244 243 243 240 241 243 243 244 245 243
 245 245 245 244 244 243 242 242 243 239 191  98  72  60  50  46  45  41
  70 152 234 254 250 245 249 245 202 127  90  86  86  79  72  63  53  48
  43  48  68  71  75  70  63  55  45  39  35  32  34  35  33  51 123 206
 215 170  98  55  49  40  38  36  38  38  43  43  46  53  58 105 209 253
 245 245 247 246 251 250 249 198  88  67  65  54  43  39  37  36  38  41
  44  44  70 171 244 250 249 249 249 248 247 246 246 246 248 248 248 248
 248 248 249 248 249 249 250 249 248 248 249 250 251 250 247 251 250 247
 238  28]"
"[ 31  27 244 248 251 250 252 252 251 249 247 246 247 247 246 245 243 242
 243 243 244 243 243 243 239 240 240 238 236 236 238 240 240 240 238 236
 237 240 244 245 243 243 245 245 245 244 242 241 245 247 247 245 243 243
 243 242 238 239 239 241 243 242 242 245 241 238 238 239 239 240 242 241
 242 242 243 243 243 243 244 243 245 242 203 101  67  54  52  48  45  45
  53 113 222 247 247 242 245 249 229 159  96  86  89  84  80  77  77  75
  70  72  72  74  74  71  68  62  52  45  39  34  35  35  32  32  55 125
 145 109  55  38  39  36  36  36  38  40  40  48  53  59  62 144 236 250
 245 246 243 242 248 246 246 205  90  63  58  49  38  36  34  33  36  38
  44  52  53 139 239 252 246 247 247 247 246 246 247 248 245 245 245 245
 247 249 250 249 248 249 250 249 248 248 249 250 248 250 250 249 246 247
 242  31]"
"[ 29  29 240 249 251 248 250 251 251 249 248 248 247 247 245 245 245 245
 243 242 240 238 238 239 239 240 240 238 236 236 236 236 235 237 239 240
 242 244 244 243 247 246 244 242 242 242 244 244 240 243 244 242 240 241
 242 241 240 240 239 238 239 238 238 240 242 240 239 239 238 238 239 240
 240 241 240 238 237 238 239 239 237 237 207 109  64  51  50  45  47  53
  55  98 214 248 247 243 241 248 239 192 117  89  87  89  94 100 105 106
  97  91  78  76  71  68  65  60  52  46  41  37  35  39  40  39  30  46
  50  43  34  33  33  33  35  34  34  39  43  48  48  51  82 196 248 245
 242 244 244 245 246 243 247 210  95  58  48  44  38  35  34  34  37  36
  39  50  46 130 237 248 245 246 246 246 245 245 245 245 246 246 246 245
 246 248 248 246 246 246 246 247 247 247 248 249 248 249 249 248 247 249
 241  24]"
"[ 29  32 223 240 248 248 250 249 248 249 249 248 247 245 244 244 239 241
 242 243 242 241 243 245 241 242 243 243 243 243 242 241 239 240 239 237
 236 237 237 235 237 239 241 243 244 244 244 242 247 247 246 242 240 241
 243 244 239 242 242 241 243 245 245 245 243 244 245 244 243 240 240 241
 243 244 244 242 242 242 242 241 239 239 210 124  69  55  51  48  46  49
  48  75 182 239 247 246 243 246 240 214 146  87  81  93 110 120 120 121
 109  97  86  81  74  69  65  60  52  47  43  40  39  42  39  39  39  37
  35  39  31  33  29  30  32  33  32  38  44  50  50  55 129 227 244 238
 240 241 242 243 241 244 245 196  88  52  43  39  36  35  33  33  33  36
  39  44  47 137 237 247 244 244 244 245 246 246 245 244 243 244 244 243
 244 245 245 243 244 243 243 244 245 246 246 246 249 245 246 246 244 244
 238  31]"
"[ 28  31 179 183 182 183 194 202 203 203 202 198 191 184 180 180 182 185
 190 194 195 196 199 202 203 204 206 209 212 213 211 209 201 200 196 194
 196 203 210 214 208 208 206 204 206 212 216 218 216 214 211 207 205 206
 210 213 219 221 220 219 224 230 234 235 233 234 233 232 232 232 234 238
 236 238 238 237 237 237 234 231 230 228 198 132  76  60  52  49  48  48
  46  55 130 203 233 247 248 247 241 221 172  98  90 104 124 135 130 130
 120 104  97  87  79  72  65  60  54  49  46  43  38  40  40  38  42  40
  36  34  36  34  30  30  32  32  31  37  37  46  53  74 173 228 243 244
 244 245 245 245 243 248 237 171  83  61  56  44  38  37  32  29  32  37
  41  39  45 138 232 247 244 244 244 245 246 246 245 245 243 244 245 245
 246 245 245 244 245 244 244 244 245 245 245 245 244 243 246 245 245 243
 234  31]"
"[ 34  24 111 109 111 114 113 108 108 110 112 112 108 105 105 106 107 109
 111 112 112 112 113 114 114 115 115 117 118 118 116 113 119 120 120 118
 117 119 120 120 122 123 124 124 126 128 128 126 126 124 123 124 124 125
 128 132 132 132 130 129 132 136 138 139 138 138 135 134 137 138 140 145
 151 152 150 148 146 146 142 137 144 149 137 108  75  62  54  50  48  46
  43  45  80 123 152 170 173 177 174 169 150 109 108 124 137 142 139 137
 130 113 106  91  83  73  65  60  56  51  48  44  42  39  36  31  31  30
  34  36  36  33  34  31  30  30  30  34  45  47  54  91 179 208 226 229
 228 233 236 240 239 239 222 159  81  69  67  51  43  40  33  31  30  33
  38  39  48 136 222 241 247 247 247 247 246 246 247 248 246 246 249 251
 251 248 248 249 250 251 250 250 250 250 250 251 250 251 250 249 252 251
 237  31]"
"[ 28  30 104 108 108 109 107 103 103 105 108 109 108 107 108 110 111 110
 109 109 109 109 109 110 111 111 112 112 114 114 113 111 114 117 117 116
 115 114 114 113 111 113 114 113 115 116 115 112 114 112 112 115 114 111
 111 113 114 114 114 117 120 118 114 114 116 118 116 116 118 116 113 115
 117 117 115 113 115 117 116 113 111 117 109  97  75  60  52  46  45  40
  48  69  92 104 115 121 120 130 126 132 128 126 125 139 138 138 136 134
 133 122 115 100  89  77  66  61  56  52  49  45  40  38  34  32  33  32
  30  31  34  31  40  35  32  33  34  36  37  43  56  93 134 142 147 146
 146 150 148 154 154 155 153 116  68  59  58  46  42  37  31  33  33  33
  40  45  43 104 164 168 167 169 172 173 175 178 182 186 186 188 193 200
 203 203 205 209 209 210 211 210 208 208 209 211 212 212 209 200 198 199
 208  27]"
"[ 28  31 106 108 107 107 108 108 108 109 109 110 109 108 108 109 111 109
 108 109 110 111 111 111 114 114 114 114 112 111 111 111 112 113 114 114
 114 115 115 114 114 114 115 115 116 117 117 116 116 116 116 117 117 118
 117 116 116 117 118 119 119 119 119 119 120 121 121 122 121 119 117 117
 120 119 118 119 119 119 118 117 116 119 113 102  75  58  49  46  43  50
  71  88  97 105 113 121 126 128 133 139 143 143 143 144 140 138 135 132
 130 124 114 105  95  82  69  61  58  54  48  45  43  41  37  33  29  30
  32  31  33  35  36  37  38  37  38  41  40  48  76 112 124 121 118 118
 121 128 125 121 120 122 127 107  64  51  51  42  35  33  33  32  32  34
  40  45  44  81 118 122 124 125 126 126 125 124 126 127 126 127 128 128
 128 128 129 131 133 133 131 130 129 129 130 131 129 131 131 132 129 128
 127  30]"
"[ 28  29 104 105 105 105 106 107 106 107 107 108 108 108 107 107 108 108
 108 109 109 109 109 110 112 112 112 111 111 110 111 111 112 112 112 112
 112 113 113 113 111 112 113 113 113 114 114 114 114 114 114 115 116 116
 116 116 116 117 118 118 118 118 118 118 118 118 120 121 120 119 118 118
 119 119 118 118 119 119 118 117 117 117 115 104  70  54  53  52  53  62
  79  90  94  97 102 108 116 121 130 140 145 145 143 141 136 135 133 129
 124 118 109 103  94  83  71  63  58  53  49  46  46  43  39  34  30  31
  31  29  32  34  35  36  38  39  41  46  47  56  99 123 123 123 122 126
 127 129 126 129 130 126 128 109  68  49  46  41  37  33  32  33  31  34
  39  44  44  85 122 126 125 127 128 128 128 127 127 128 127 126 125 123
 122 123 126 129 129 129 128 127 126 126 126 127 125 127 126 127 125 124
 123  27]"
"[ 28  29 103 104 103 104 105 106 105 105 105 106 107 107 106 105 106 107
 108 109 107 106 107 109 111 111 110 110 110 110 111 112 111 111 111 110
 110 111 111 111 109 110 111 111 111 112 113 113 114 114 114 114 115 116
 116 116 116 116 117 117 117 117 117 118 116 117 118 119 119 118 118 118
 118 118 118 118 118 118 117 117 119 117 119 111  75  53  52  50  56  63
  73  77  82  88  95 104 111 119 131 141 145 144 140 137 131 130 127 122
 116 109 101  95  89  82  72  65  59  54  50  48  45  42  38  35  31  31
  32  30  32  33  34  36  38  39  43  49  53  61 114 125 121 126 125 126
 125 125 124 127 128 124 126 110  70  51  47  41  37  32  31  32  33  36
  40  43  42  87 125 125 126 127 128 129 129 128 128 128 128 128 128 127
 126 126 127 127 128 128 129 129 129 129 129 130 128 129 127 128 127 126
 126  29]"
"[ 29  30 103 104 103 104 105 106 105 105 105 105 106 106 106 106 105 106
 108 108 106 105 105 107 109 109 109 109 109 109 110 111 110 110 110 109
 110 110 111 110 110 111 111 111 111 113 114 114 115 115 114 114 114 115
 115 116 115 115 115 116 116 116 117 117 116 116 118 118 118 117 117 117
 118 118 118 118 118 118 117 117 117 115 118 113  79  51  48  50  56  60
  65  66  73  80  85  95 106 116 127 133 133 131 129 128 125 122 116 110
 105  98  90  83  81  78  73  66  59  53  48  45  42  39  37  34  31  31
  31  30  32  33  33  34  36  37  41  46  51  63 118 121 121 128 125 122
 124 124 123 123 125 125 126 108  68  55  54  44  36  33  32  31  34  38
  41  43  40  90 127 124 126 126 127 128 128 128 127 127 125 127 129 130
 129 127 125 124 125 125 126 127 128 128 129 129 128 128 126 127 126 126
 126  29]"
"[ 28  29 102 103 103 103 104 104 105 105 105 104 104 105 106 107 107 107
 107 107 107 106 105 106 108 108 108 108 108 108 108 108 109 109 110 110
 110 111 111 111 111 111 111 111 112 113 113 113 114 114 113 113 113 113
 114 115 115 115 115 115 116 116 117 117 117 117 118 118 118 117 117 118
 117 118 118 118 118 118 118 117 118 118 118 112  87  54  46  52  48  52
  54  54  60  68  75  86  93 104 115 118 115 114 115 117 116 111 103  95
  88  82  78  76  76  76  74  68  61  54  47  42  39  37  36  33  29  29
  30  30  31  32  32  33  35  36  39  44  46  69 122 121 124 125 125 125
 125 124 123 124 126 127 125 107  69  55  54  44  37  35  34  33  33  38
  41  44  40  94 131 125 126 126 127 127 128 128 128 127 126 126 126 126
 126 126 126 125 125 125 125 125 125 125 125 125 126 126 124 125 125 125
 125  27]"
"[ 28  29 102 104 103 104 104 104 104 104 105 104 103 104 105 107 108 107
 107 108 108 107 107 107 108 108 108 108 109 109 108 108 109 110 110 111
 111 112 112 111 111 111 111 111 111 112 112 110 112 113 113 113 113 113
 114 115 115 115 115 115 116 117 117 117 117 117 117 118 118 117 118 119
 117 118 118 118 119 118 118 117 118 119 118 116 103  70  48  41  47  49
  52  52  53  58  64  73  82  94 105 107 104 104 106 107 103  99  91  82
  73  69  72  75  76  77  76  72  66  60  51  44  37  34  34  32  29  28
  30  31  31  33  33  34  36  38  41  47  45  71 121 122 124 124 125 125
 125 122 124 125 124 123 125 116  72  51  47  41  38  34  33  34  33  39
  42  46  41  96 132 125 127 126 126 126 126 127 128 128 128 127 126 126
 127 128 128 127 126 126 126 126 126 126 126 126 127 127 125 127 126 126
 126  29]"
"[ 29  30 103 104 104 104 104 104 104 104 104 104 104 104 105 105 106 106
 107 108 108 108 107 107 109 108 108 108 109 109 109 109 110 110 111 111
 111 112 112 112 111 112 112 112 112 112 112 111 113 113 114 114 114 114
 115 115 116 116 115 115 116 117 117 116 117 117 117 118 118 118 118 119
 117 117 117 118 119 119 118 117 116 117 118 117 114  93  73  54  44  41
  44  47  50  54  56  60  70  81  91  94  95  96  96  94  90  86  79  73
  68  67  71  76  75  77  77  74  72  69  60  52  41  37  35  34  31  30
  31  31  31  32  33  34  36  38  42  48  50  69 118 123 123 125 125 123
 126 124 127 126 124 122 122 112  74  53  47  42  39  35  33  33  35  40
  43  48  41  96 131 123 126 126 126 125 125 126 127 128 126 126 125 126
 127 127 125 124 124 124 124 125 125 126 126 126 127 127 125 126 125 125
 126  29]"
"[ 29  29 102 103 103 104 104 104 104 104 104 105 105 106 105 104 103 104
 106 108 108 107 107 107 109 108 107 107 108 109 110 110 111 111 111 110
 110 111 112 112 111 113 114 114 114 114 114 114 114 114 115 115 114 114
 114 115 117 116 116 116 116 116 116 115 117 117 117 118 118 117 118 119
 117 117 117 118 119 119 118 117 118 119 121 115 114 114 115 101  91  70
  54  46  44  48  50  50  57  65  74  79  83  87  86  82  81  75  70  68
  68  69  71  73  72  74  74  73  75  74  68  59  51  45  40  38  34  32
  31  29  30  31  31  32  34  36  40  46  55  67 120 127 122 127 126 126
 126 124 126 123 125 124 113  88  75  59  56  46  40  37  35  31  34  39
  42  48  40  96 132 123 126 126 126 126 126 126 127 128 129 127 125 125
 125 126 125 124 126 126 126 126 126 126 125 124 128 128 125 125 124 124
 125  29]"
"[ 29  30 103 103 103 104 104 104 103 103 104 105 105 105 104 104 105 105
 105 106 107 107 107 106 108 108 108 109 109 110 109 109 109 109 108 108
 108 109 110 111 112 112 112 113 114 115 114 114 115 114 114 114 114 114
 115 115 115 115 116 117 116 116 116 117 117 117 117 118 118 119 118 117
 119 118 118 118 119 118 118 118 119 119 119 118 117 117 117 117 113 109
  96  76  58  48  44  43  46  51  62  71  75  79  79  74  72  69  69  71
  70  67  66  67  71  73  73  72  73  73  70  65  54  46  41  39  36  32
  30  29  30  30  29  28  29  32  36  40  48  65 122 126 123 129 127 126
 127 125 124 126 124 111  90  73  67  62  58  55  48  42  37  33  34  37
  41  44  41  98 131 125 126 126 125 126 127 128 128 128 128 128 127 125
 124 124 124 124 126 126 125 125 126 127 128 128 125 124 124 125 124 125
 124  29]"
"[ 29  30 102 102 102 103 104 104 103 103 104 105 105 104 104 104 105 105
 105 105 106 107 107 107 108 107 107 108 108 109 109 109 110 109 109 108
 108 109 110 110 110 111 111 112 114 114 114 114 113 113 113 114 114 114
 114 114 114 114 115 116 116 115 115 116 117 117 117 117 117 118 118 118
 118 118 118 119 119 119 119 119 119 119 119 119 118 118 118 118 117 117
 115 108  97  81  63  50  46  42  48  61  70  73  71  66  67  66  66  67
  65  63  63  65  67  68  70  73  74  73  69  66  57  48  40  37  34  31
  29  28  25  26  26  27  28  32  37  41  37  58 113 123 121 122 123 129
 132 129 126 122 116 104  87  73  69  63  56  51  45  41  39  37  34  36
  40  44  41  96 131 125 126 126 126 126 127 128 128 128 127 127 126 125
 124 125 126 126 126 125 124 124 125 125 126 126 125 124 123 124 124 126
 124  29]"
"[ 30  29 102 102 101 103 103 103 102 103 104 104 105 105 105 104 105 104
 104 104 105 107 108 108 107 107 106 107 107 108 109 109 109 109 108 108
 108 109 109 110 110 110 111 112 113 114 114 114 112 113 113 114 114 114
 114 114 114 114 115 116 116 115 115 116 117 117 117 117 116 117 118 119
 118 118 118 119 120 119 119 119 118 119 119 119 118 118 118 118 119 119
 118 118 117 112 103  94  78  56  43  50  61  65  64  64  62  62  62  61
  59  58  59  61  62  63  68  73  76  74  70  68  64  53  43  38  34  32
  31  29  29  30  32  33  34  38  43  47  53  59  87  90  88  85  89  97
  98 102 107 110 110 105  95  85  74  66  57  51  44  40  39  37  34  35
  39  43  41  92 130 124 125 125 125 126 127 127 128 128 126 126 125 124
 124 125 126 127 126 126 125 125 125 125 125 125 125 123 123 125 125 126
 125  30]"
"[ 30  29 101 102 101 102 103 102 102 102 103 104 104 105 105 105 105 104
 104 105 106 106 107 107 107 106 106 107 107 108 109 109 109 108 108 108
 109 109 110 110 110 111 111 112 113 113 114 114 113 113 114 114 114 114
 114 114 114 115 116 117 117 116 115 116 116 116 116 116 116 117 118 118
 119 118 118 119 119 119 118 118 118 118 118 118 118 118 118 118 118 118
 118 118 118 120 120 119 114  94  69  54  53  60  65  65  61  60  59  56
  55  55  56  57  59  61  65  71  75  75  72  70  63  54  46  40  35  33
  33  32  36  37  38  39  40  42  46  48  52  50  59  65  71  71  77  83
  84  92 101 107 108 105  96  86  77  69  61  54  47  42  39  37  34  35
  38  41  38  83 127 123 125 125 125 125 126 126 126 127 125 125 125 123
 123 124 126 126 127 126 126 126 126 126 125 125 124 124 124 125 124 125
 124  30]"
"[ 29  30 102 102 102 103 102 102 102 102 103 103 104 104 104 104 104 105
 105 106 106 106 105 105 106 107 107 107 108 108 109 109 109 109 109 109
 109 110 110 110 110 110 111 111 112 113 114 114 114 113 113 113 113 113
 114 114 114 114 115 116 116 115 115 115 115 115 115 116 117 118 118 117
 118 117 117 118 118 118 117 117 117 117 118 118 118 119 118 118 119 121
 123 121 119 118 118 118 119 120 106  78  60  60  63  63  61  59  56  53
  52  53  53  53  56  58  62  66  71  75  74  70  64  59  53  49  43  40
  39  39  41  42  43  44  44  46  48  49  54  56  61  66  73  75  83  88
  99 103 107 107 105  99  89  81  74  67  60  55  49  44  40  37  34  34
  37  39  35  73 124 123 125 125 125 125 125 125 126 126 125 125 125 123
 123 124 125 126 126 125 125 126 126 126 125 125 124 124 125 125 123 124
 123  30]"
"[ 29  29 101 101 101 103 103 102 103 103 103 103 103 103 103 103 104 104
 105 106 106 106 105 103 106 107 107 108 108 108 109 109 110 110 110 110
 110 110 109 109 109 109 110 110 111 112 114 115 115 114 114 113 113 114
 114 115 114 114 115 116 116 115 114 115 115 114 115 116 117 118 117 117
 116 116 116 117 118 118 117 117 118 118 118 118 119 119 119 119 121 121
 121 121 121 120 121 121 117 121 120 108  88  68  60  62  60  57  53  51
  51  50  50  50  54  56  58  60  65  72  74  72  71  68  65  60  53  48
  46  44  45  46  47  50  52  54  55  55  57  61  66  72  79  87  98 104
 104 104 104 103  99  92  82  76  70  63  57  52  47  42  39  36  33  34
  36  38  34  66 122 123 124 125 125 125 125 124 125 125 125 125 125 124
 124 125 126 126 125 125 124 125 125 125 125 125 123 124 125 125 123 123
 123  29]"
"[ 29  29 100 100 100 102 103 102 102 102 102 102 102 102 102 102 104 104
 104 105 105 105 104 104 107 107 107 107 107 107 108 109 110 110 110 110
 110 110 109 109 109 109 110 110 111 112 113 115 115 114 114 114 115 115
 116 116 115 115 116 116 116 115 115 116 115 115 116 116 117 117 117 117
 116 116 116 117 118 117 117 117 118 117 118 118 119 120 119 119 121 120
 121 122 123 122 121 120 121 118 117 121 112  86  65  62  59  55  52  51
  49  47  46  47  51  53  54  56  60  66  72  74  75  72  70  66  59  54
  51  48  50  51  53  57  62  65  65  65  66  70  79  88  95 103 108 109
 109 106 102  98  92  82  72  67  65  58  52  47  43  39  37  34  34  35
  37  39  35  62 121 123 123 124 124 124 124 124 124 125 125 125 125 124
 124 125 125 126 125 125 124 124 125 125 125 125 123 123 124 125 123 124
 123  29]"
"[ 30  28  99  98  99 101 103 103 101 101 101 102 102 103 103 103 104 104
 103 103 104 105 105 105 107 107 107 106 106 107 108 109 109 109 110 110
 110 110 110 110 110 111 111 111 111 112 113 115 113 113 114 114 115 115
 116 116 116 116 116 117 116 116 116 117 116 117 117 116 116 116 117 118
 117 116 116 117 118 117 116 116 117 117 117 118 119 119 119 118 121 121
 121 121 120 119 119 120 118 120 119 119 120 105  78  59  59  55  52  51
  48  44  43  45  49  49  51  53  56  61  69  75  76  74  74  72  67  64
  61  57  58  59  61  66  72  76  76  75  81  84  93 102 104 111 114 114
 110 104  97  92  84  75  68  65  59  52  47  44  41  39  37  35  36  36
  38  40  36  60 120 121 123 124 124 125 125 125 125 126 124 125 125 124
 124 124 124 124 125 125 124 124 124 124 124 124 124 123 123 124 124 125
 124  29]"
"[ 29  30  97  97 100 101 103 102 100 102 103 104 103 102 102 103 103 103
 103 103 104 105 105 105 106 106 107 107 107 107 108 109 109 110 109 109
 110 112 112 110 109 109 110 111 111 112 113 114 115 113 112 113 114 115
 116 116 117 116 115 115 115 116 116 115 116 116 116 116 116 116 116 117
 116 117 118 118 118 117 117 118 118 117 116 117 118 119 118 118 119 120
 121 121 120 119 118 118 119 117 120 122 119 113  94  69  62  58  51  47
  46  42  41  42  47  47  48  52  55  58  64  70  76  79  79  76  75  73
  70  69  72  72  74  77  82  88  92  93  94 102 109 110 113 117 116 113
 108 103  93  83  76  72  66  61  51  46  41  39  39  38  36  36  38  38
  38  36  41  63 124 121 125 125 124 124 124 124 124 125 123 124 125 125
 125 124 125 125 126 125 124 124 124 124 124 124 123 122 123 124 123 125
 124  29]"
"[ 29  30  98  98 100 101 103 102 101 102 103 103 103 102 102 103 103 102
 102 103 104 104 105 105 106 106 107 107 107 108 108 109 108 108 108 108
 109 111 111 110 109 109 110 111 111 112 113 114 114 113 112 113 114 115
 115 115 116 115 115 115 115 115 115 115 115 115 115 115 116 116 117 117
 117 117 117 117 117 116 117 119 118 117 117 117 118 118 118 118 118 119
 120 121 121 120 119 118 119 117 119 120 119 118 105  85  67  59  52  47
  45  43  40  39  44  45  46  48  51  56  62  67  75  80  81  81  81  80
  77  76  76  78  81  84  89  94  99 101 104 110 114 114 114 115 113 109
 101  95  86  78  72  66  60  56  49  44  39  38  37  37  36  37  39  38
  40  41  32  74 125 122 125 125 125 125 125 125 125 126 125 125 126 125
 125 124 124 125 124 124 123 123 123 124 124 124 124 123 123 124 123 124
 124  29]"
"[ 29  30  98  99 100 101 102 101 102 102 103 103 102 102 102 102 103 103
 102 103 104 105 105 105 104 105 106 107 107 107 107 107 108 108 108 107
 108 110 111 111 110 110 111 111 112 113 113 114 114 113 113 114 114 114
 114 114 115 115 115 115 115 115 115 115 114 114 114 115 116 116 117 118
 117 117 117 117 116 116 117 119 119 118 118 117 117 118 118 118 118 119
 120 121 122 121 121 120 122 120 121 121 120 121 113  99  73  59  53  48
  43  43  39  39  41  43  45  46  49  55  60  63  71  77  81  84  87  87
  85  84  83  86  90  93  96 101 106 108 111 114 115 114 111 107 103 100
  92  86  78  72  67  61  55  50  47  43  39  37  37  36  37  39  40  41
  40  39  41  96 126 123 125 125 125 125 126 126 126 126 125 125 125 125
 125 124 124 124 123 123 124 124 124 124 124 125 125 124 123 124 122 123
 123  29]"
"[ 29  30  98  99 100 100 101 100 102 102 102 102 102 102 103 103 104 104
 103 104 104 105 105 105 103 104 105 105 105 106 106 107 108 108 108 108
 109 110 111 111 110 111 111 112 112 113 113 114 114 114 114 115 114 113
 114 115 114 114 115 115 115 114 114 115 114 114 114 115 115 116 117 117
 117 117 117 117 116 116 117 119 119 119 119 118 118 118 118 118 118 119
 120 121 121 121 121 122 123 122 123 122 122 121 116 106  81  61  54  50
  44  41  38  40  40  42  44  46  49  53  57  59  64  70  76  81  87  90
  89  90  90  93  97  99 102 105 108 111 111 111 110 108 104  98  93  90
  84  79  73  70  65  58  51  47  46  43  40  38  37  37  38  40  39  43
  37  36  72 118 125 122 123 123 124 125 125 125 125 124 123 124 124 124
 124 123 123 124 123 123 124 124 124 124 124 125 125 124 124 124 122 123
 123  29]"
"[ 28  29  98  99 100  99 100 100 101 101 101 101 102 102 103 103 105 105
 104 104 104 104 105 105 104 104 104 104 105 105 107 107 107 108 108 109
 109 109 109 109 109 110 110 111 111 112 113 113 114 114 114 114 113 113
 114 115 114 114 115 115 115 114 115 115 115 115 115 115 115 116 117 117
 116 116 117 117 117 116 117 119 119 119 120 120 119 119 118 118 118 119
 120 120 119 119 121 122 121 122 123 123 122 122 119 114  93  66  54  51
  47  43  39  40  40  40  42  46  48  49  51  55  58  64  70  77  85  90
  93  95  95  98 101 104 107 109 110 111 111 109 107 104 100  94  88  86
  80  76  72  69  65  57  50  46  44  42  40  39  38  37  38  40  39  39
  37  54 105 128 121 121 122 122 123 124 124 124 124 123 123 123 123 123
 123 123 123 123 123 123 124 124 123 123 123 124 125 124 124 124 122 122
 122  28]"
"[ 28  29  98  99 100  99 100 100 100 101 101 101 102 102 103 103 105 104
 104 103 103 104 104 104 104 104 104 104 104 105 106 108 108 108 108 109
 109 109 108 109 109 110 110 111 111 111 112 113 113 112 113 113 113 112
 113 115 114 114 115 115 115 115 115 115 115 115 115 115 115 116 116 116
 115 116 117 117 117 116 117 118 118 119 119 120 120 120 119 118 119 120
 121 120 119 119 121 122 122 122 122 121 122 122 121 119 102  74  53  51
  51  47  43  40  40  39  41  45  46  46  48  52  56  60  65  72  80  87
  93  99  99 101 104 108 110 112 112 111 111 109 106 103  99  94  89  86
  81  77  73  69  64  57  50  46  42  41  40  40  39  38  39  41  43  39
  53  91 123 127 120 124 122 123 124 124 125 124 124 123 124 124 123 123
 123 123 123 123 123 124 124 124 123 123 123 124 125 124 124 124 122 122
 122  28]"
"[ 28  29  98  99 100  98 100 101 100 101 102 102 102 101 102 103 105 104
 103 103 103 104 104 104 104 104 104 104 104 105 106 107 109 107 107 109
 109 109 108 109 109 110 110 111 111 112 113 113 111 111 112 113 113 113
 113 114 114 114 114 114 114 115 115 115 115 115 115 115 115 115 116 116
 115 115 116 117 117 116 116 118 118 118 118 119 121 121 120 119 119 120
 120 120 120 121 121 122 123 123 122 121 122 122 121 121 110  88  60  53
  51  46  46  41  40  40  41  42  44  45  48  50  54  57  61  65  73  80
  88  95  99 102 105 108 111 112 111 110 109 108 105 101  97  94  89  86
  81  78  73  66  59  53  48  44  40  39  39  40  40  40  42  44  45  46
  82 120 126 124 123 125 124 124 125 125 125 125 125 124 125 124 124 124
 124 124 124 123 124 124 123 124 124 124 125 125 124 123 124 124 122 123
 122  29]"
"[ 28  29  98  99 100  98 100 102 100 102 102 102 102 101 101 102 105 104
 103 103 104 105 105 105 104 105 105 105 105 106 107 108 108 106 106 107
 108 108 108 108 108 109 110 110 111 111 112 113 110 111 112 113 114 114
 114 114 114 114 113 113 114 115 115 115 115 115 115 115 115 115 116 116
 115 115 116 117 116 115 116 117 118 117 117 119 120 121 121 120 119 118
 119 120 121 122 121 120 121 122 121 121 123 123 122 123 117 103  72  58
  50  43  45  39  40  40  40  40  42  45  48  49  52  55  56  60  65  72
  81  89  97 100 105 108 109 109 109 108 106 105 102  98  95  93  89  85
  80  77  70  61  53  48  43  40  38  37  37  39  40  41  43  45  43  56
 107 128 126 123 125 125 125 125 125 126 126 125 125 125 124 124 123 123
 124 125 125 124 123 123 122 123 123 124 125 125 123 123 124 124 122 123
 123  29]"
"[ 28  29  96  97 100 100 101 100 101 102 103 102 101 101 103 104 106 105
 104 104 104 105 106 107 107 107 107 106 105 105 106 107 107 107 107 107
 108 108 108 108 108 109 110 111 111 111 112 114 113 113 114 114 114 114
 114 113 114 114 114 115 115 115 114 114 114 114 114 114 114 114 115 116
 115 115 114 114 114 115 115 116 117 117 118 119 121 122 122 121 120 120
 121 121 121 121 121 121 122 122 122 121 121 122 122 122 120 109  83  61
  53  49  42  40  39  40  40  41  42  44  46  48  50  53  55  56  59  67
  77  83  91  95  98 100 103 104 104 106 105 102  98  95  93  89  84  80
  74  68  60  53  48  43  40  38  38  35  35  39  39  45  44  45  51  89
 123 127 124 126 124 123 124 124 125 125 125 125 125 124 124 124 122 121
 122 124 125 125 125 124 123 123 123 123 123 123 123 124 123 123 123 124
 122  29]"
"[ 29  29  97  98 100 100 101 100 100 101 102 102 101 101 102 104 105 105
 104 104 104 105 106 106 105 106 106 105 104 104 105 107 106 106 106 107
 108 109 109 109 108 110 111 111 111 111 112 113 113 113 114 114 114 114
 114 114 114 113 113 114 115 115 115 115 113 113 114 114 114 115 116 117
 116 116 116 116 115 115 117 117 118 118 118 119 121 122 122 121 121 121
 121 121 121 121 121 122 122 122 122 121 121 121 122 122 121 116  95  70
  56  50  44  41  39  39  39  40  41  42  44  45  47  49  51  51  53  59
  66  71  77  82  86  88  92  94  96  99  98  96  93  88  84  79  73  69
  60  56  50  46  42  39  37  35  33  31  37  41  38  41  43  38  67 108
 127 125 124 126 127 125 125 125 125 126 126 126 125 125 125 124 123 123
 123 125 125 125 125 124 123 123 124 123 123 123 123 124 124 123 123 123
 122  30]"
"[ 29  30  97  98 100 100 100 100 100 101 102 102 101 101 102 103 104 104
 104 105 105 105 105 105 105 106 106 106 105 105 106 107 105 106 107 108
 108 109 109 110 109 110 111 112 111 111 112 112 112 113 114 114 113 113
 114 114 114 113 112 113 114 114 115 115 113 113 114 114 115 115 116 116
 116 117 117 117 116 116 117 119 119 119 118 119 120 121 122 122 121 121
 121 121 121 121 121 122 122 122 122 121 121 121 122 122 123 120 104  76
  56  49  46  43  40  39  39  39  39  40  40  41  44  46  46  46  47  51
  56  60  69  75  79  82  84  86  88  90  87  87  85  80  73  67  61  57
  51  48  44  41  39  36  34  33  35  35  41  41  40  45  41  50  94 125
 128 123 126 125 127 125 125 125 125 125 126 126 125 125 125 124 124 123
 123 124 125 124 125 124 123 124 124 124 123 124 123 124 124 124 122 122
 122  30]"
"[ 29  29  97  97  99  99 100 100 101 102 103 103 102 102 102 103 102 103
 104 105 105 105 104 104 105 105 106 107 107 107 107 107 105 106 108 108
 109 109 109 109 110 110 111 111 111 111 111 112 111 112 113 113 112 112
 113 114 114 113 113 113 114 113 114 114 114 114 114 115 115 115 115 115
 116 116 117 117 116 117 118 119 119 119 119 119 120 121 121 121 121 121
 121 121 121 121 121 122 123 122 122 121 121 121 122 122 123 121 109  86
  62  51  47  44  40  39  37  36  36  37  38  38  41  41  42  42  43  46
  50  53  55  61  66  69  72  72  70  70  74  75  74  70  64  57  51  47
  45  43  40  38  37  35  33  33  34  37  39  38  40  48  38  76 119 129
 123 123 128 125 125 126 125 125 124 125 125 125 125 125 125 125 125 124
 124 124 124 124 124 124 124 124 124 124 124 124 123 125 124 123 122 122
 121  29]"
"[ 29  29  96  97  98  99 101 102 103 103 104 103 102 102 102 103 103 103
 104 105 105 104 103 103 103 104 105 106 107 107 106 105 105 106 108 109
 109 109 109 110 110 110 110 110 109 110 111 111 111 112 112 112 111 111
 113 114 114 113 114 114 114 113 113 114 114 114 114 115 115 115 115 114
 116 116 115 116 117 118 118 118 119 119 119 119 120 120 120 120 121 121
 122 122 121 121 121 122 123 122 122 122 121 122 122 122 122 122 118 102
  76  55  46  43  41  38  35  34  34  35  36  37  38  37  37  37  38  40
  43  45  45  50  55  60  65  65  62  60  61  61  60  57  53  48  42  39
  36  34  33  32  32  32  32  33  33  37  38  40  40  42  54 103 130 124
 123 125 126 124 123 126 125 125 124 124 125 125 125 125 126 126 126 125
 125 125 125 124 124 124 124 125 124 124 124 124 124 124 123 123 122 123
 122  29]"
"[ 29  30  97  97  99 100 102 103 103 103 103 102 101 101 102 102 104 104
 105 105 104 103 103 102 103 103 104 106 107 107 106 104 105 106 107 109
 109 110 110 110 111 110 109 108 108 109 110 111 112 112 112 112 111 112
 113 115 113 113 114 114 114 113 113 114 114 114 114 114 115 115 115 115
 117 116 115 116 118 119 118 118 118 118 119 119 119 120 120 120 121 122
 122 123 122 122 122 122 122 122 122 122 122 122 122 123 121 123 122 111
  84  56  43  44  42  39  35  33  34  36  37  38  37  36  34  34  35  36
  37  39  38  42  45  49  54  55  53  52  50  50  49  47  44  41  37  34
  32  31  30  30  30  30  31  33  37  37  38  40  38  41  88 121 127 122
 126 126 122 124 124 125 124 124 123 123 124 124 125 125 125 126 126 125
 124 124 124 124 124 124 124 125 124 123 123 124 124 124 123 122 122 123
 122  29]"
"[ 29  30  98  98 100 100 102 102 102 102 102 101 101 101 102 103 104 104
 104 104 104 104 103 103 104 104 106 107 107 107 107 106 106 107 107 108
 109 110 110 110 110 109 109 108 109 109 110 111 112 112 112 111 111 112
 114 115 114 114 114 114 114 113 113 114 114 114 113 114 115 115 116 116
 116 116 116 116 118 119 119 118 119 118 118 118 119 119 120 120 121 122
 122 122 122 122 122 122 122 122 121 121 121 122 122 123 122 122 119 111
  91  62  45  45  43  40  35  34  35  37  38  38  36  34  33  33  33  33
  33  34  35  38  39  41  45  46  45  44  43  42  41  40  38  36  34  33
  33  32  32  31  31  30  31  33  36  37  37  38  39  65 113 124 122 124
 125 125 123 123 125 124 124 123 122 122 123 124 124 124 125 125 125 124
 123 123 123 123 124 124 124 125 124 123 122 123 123 124 123 123 122 123
 122  29]"
"[ 28  30  98  99 100 100 101 101 102 102 101 101 101 102 103 104 103 103
 103 103 104 104 105 105 104 105 107 107 106 106 107 108 108 107 107 108
 109 110 110 109 109 109 109 109 109 110 110 110 112 111 111 110 111 112
 113 114 115 114 114 114 113 112 112 113 115 114 113 114 114 115 115 115
 115 115 116 116 117 118 118 119 119 119 118 118 118 119 120 121 121 121
 121 121 121 121 121 122 121 121 121 121 121 122 122 122 122 121 118 114
 102  74  50  45  42  39  35  33  35  36  37  36  33  31  30  31  31  31
  30  30  30  33  35  36  39  40  38  38  37  37  36  34  33  32  32  32
  31  30  31  31  31  31  32  33  34  40  40  41  49 101 123 122 121 126
 119 123 127 122 124 123 124 123 123 122 123 124 125 125 125 125 125 124
 123 123 123 123 124 124 124 124 123 122 122 122 122 124 124 123 122 122
 122  30]"
"[ 29  29  97  98 100  99 101 101 100 100 100 100 100 100 101 102 103 103
 103 103 103 103 104 105 104 104 104 105 106 107 108 108 107 106 105 106
 108 110 110 109 107 108 109 109 110 110 111 112 111 111 111 111 111 111
 112 114 114 114 115 114 113 112 113 114 115 114 113 113 114 115 116 115
 114 115 116 116 116 116 117 118 118 118 118 118 119 119 119 119 119 119
 119 119 119 119 120 121 121 119 118 119 121 122 122 121 121 120 119 116
 109  82  52  49  44  40  38  33  32  36  35  33  32  31  31  31  30  29
  29  30  30  31  33  33  35  37  37  36  34  34  33  32  31  31  31  31
  30  31  31  32  32  32  32  33  31  41  42  46  74 119 119 123 122 124
 124 122 122 124 125 123 123 122 123 125 125 124 123 123 124 124 124 123
 123 124 124 124 124 123 124 124 123 122 122 122 122 123 121 122 121 121
 122  30]"
"[ 29  30  98  98  99  98  99  99 100 100 101 101 101 101 102 102 102 103
 103 103 102 102 103 103 104 103 103 104 106 107 107 107 106 105 104 105
 107 108 108 108 107 108 108 108 109 109 110 110 110 110 111 111 111 111
 112 114 114 114 114 114 113 113 113 114 114 114 113 113 114 115 116 115
 115 115 116 116 116 116 116 117 118 118 118 118 119 119 119 119 118 118
 118 118 118 118 119 120 120 119 118 119 121 122 122 121 121 121 121 118
 112  91  61  50  45  40  37  33  33  35  34  34  32  31  30  30  30  29
  28  29  30  31  32  33  34  36  36  35  33  33  31  30  30  30  31  31
  31  31  32  32  32  32  33  34  38  42  45  64 100 122 124 122 124 125
 124 123 123 124 124 123 124 124 124 124 123 122 123 124 123 124 123 122
 122 123 123 123 125 124 124 124 123 122 123 123 124 125 123 123 123 123
 122  29]"
"[ 29  30  98  97  98  97  97  97  98  99 100 101 101 101 101 101 103 103
 103 103 103 102 102 103 105 104 104 104 106 107 107 107 107 106 105 105
 107 108 109 108 108 109 109 109 109 109 109 110 110 110 111 112 111 111
 112 114 114 114 113 113 114 114 114 113 114 114 114 113 114 115 116 115
 116 116 116 116 116 116 116 116 117 117 117 118 118 119 119 119 117 118
 118 118 118 118 118 119 120 119 118 119 121 122 121 121 121 121 121 118
 115 103  74  51  43  39  36  33  34  34  32  35  32  31  30  30  29  28
  28  28  28  30  31  31  32  33  34  33  33  32  31  30  30  30  31  32
  32  32  33  33  32  32  33  35  39  38  47  86 119 121 124 120 125 124
 124 123 123 123 122 122 123 123 124 124 122 121 122 124 124 124 123 123
 123 124 124 124 122 123 124 124 123 122 121 121 121 122 121 121 122 123
 120  28]"
"[ 28  29  97  97  98  96  97  97  97  98  99 100 100 100 100 100 103 104
 104 104 103 103 102 102 104 104 105 105 106 106 107 107 108 106 105 105
 108 110 110 109 109 109 110 110 110 110 110 110 110 110 111 111 111 110
 111 113 114 114 114 114 114 114 114 113 114 114 114 114 114 115 116 116
 117 116 116 116 116 116 116 116 116 116 116 117 118 119 119 119 118 119
 119 119 119 118 119 119 122 121 120 120 121 122 121 121 120 120 121 118
 117 113  88  56  41  38  36  33  34  34  31  36  34  32  31  31  30  29
  27  27  27  29  30  30  31  32  33  32  33  32  32  31  31  31  32  32
  33  33  34  34  33  32  34  36  41  40  65 111 123 122 121 123 124 123
 122 123 123 123 122 122 121 122 123 124 123 122 123 124 123 123 122 122
 122 123 123 122 121 122 123 122 121 121 121 120 122 123 122 120 122 122
 119  30]"
"[ 28  29  97  97  98  97  97  97  98  99 100 100 101 101 101 102 103 103
 104 104 103 103 102 102 103 104 105 105 104 104 105 106 107 105 104 105
 108 110 110 109 108 109 109 110 110 110 110 110 110 110 110 110 110 109
 110 112 113 114 114 114 113 113 113 114 114 115 115 114 115 116 116 116
 117 116 116 116 117 117 116 116 115 115 115 116 118 119 119 120 119 120
 120 121 120 119 119 118 122 121 121 121 121 122 121 121 121 121 121 119
 119 120 101  68  42  38  37  34  34  35  33  36  36  34  32  31  31  29
  27  25  26  28  30  30  30  32  33  32  33  33  34  34  33  33  32  32
  32  33  35  36  35  34  35  37  45  47  93 125 121 124 120 124 124 122
 122 123 123 123 122 122 122 122 122 122 122 122 122 122 123 123 122 121
 121 122 121 120 123 123 121 119 119 120 121 122 119 119 119 115 115 114
 112  29]"
"[ 29  30  97  97  98  97  98  97  98  99 100 100 101 101 102 103 102 102
 103 103 103 102 102 102 103 105 106 105 104 103 104 106 106 105 104 105
 108 109 109 109 108 108 109 109 109 110 110 110 111 111 111 111 110 110
 111 113 112 114 115 114 113 112 113 114 114 115 115 115 115 116 116 116
 116 116 116 116 117 117 117 116 115 115 115 116 117 119 119 119 119 120
 120 121 121 120 118 118 120 120 120 120 121 122 122 121 122 121 121 120
 119 122 112  85  52  41  37  35  35  35  34  35  35  33  31  30  30  28
  25  23  25  27  29  29  30  31  32  32  32  33  35  35  35  34  32  31
  31  33  35  37  38  37  38  39  46  56 112 122 120 124 120 120 122 121
 120 120 120 120 119 118 121 120 118 116 115 116 117 117 117 117 116 115
 114 115 114 112 108 109 109 108 108 108 108 106 107 107 108 105 105 104
 104  27]"
"[ 29  30  97  97  98  97  98  97  98  99 100 100 100 101 102 102 101 102
 102 102 102 102 103 103 105 105 105 105 105 104 104 105 105 105 106 107
 107 108 108 109 108 109 109 110 110 109 110 110 111 111 111 111 110 111
 113 115 113 114 114 114 113 113 113 113 114 115 115 115 115 115 115 115
 115 115 115 116 116 117 117 117 116 116 116 116 117 118 118 118 118 119
 119 120 121 121 119 117 119 119 119 120 121 121 121 121 122 120 119 121
 118 120 118 102  70  47  37  38  36  36  35  35  35  33  31  30  30  28
  25  23  25  28  30  30  30  31  32  32  32  33  35  37  37  35  33  32
  32  34  36  38  39  39  39  40  46  71 114 113 115 117 116 115 113 114
 113 112 111 111 111 109 111 111 110 108 107 108 109 108 106 105 104 103
 103 103 102 101 102 103 104 104 104 104 102  99  99  99 101  99 100  99
 101  30]"
"[ 28  29  97  97  98  97  98  98  98  99 100 100 101 101 101 102 101 102
 102 102 102 103 103 104 106 105 104 104 105 105 104 103 103 106 108 108
 106 106 107 109 108 109 109 110 109 109 109 109 110 109 109 109 109 110
 112 115 114 114 114 114 114 114 113 112 114 115 115 115 114 115 115 115
 115 115 115 115 116 116 117 117 117 117 116 116 117 117 117 117 118 118
 119 120 122 122 120 118 120 120 120 120 121 121 121 121 122 120 118 121
 118 118 121 113  86  53  39  42  39  37  37  36  37  34  32  32  32  30
  27  25  27  30  32  31  31  32  33  33  32  34  36  37  38  36  35  33
  34  35  37  39  40  39  40  40  44  84 106 104 104 105 103 106 103 105
 105 102 102 103 102 100 100 103 104 104 103 103 103 102 103 102 101 101
 101 102 101  99 102 102 100  97  98 100 100  99  97  96  98  97  98  96
  97  28]"
"[ 29  30  97  97  98  98  99  99 100 100 100 100 101 102 101 101 101 101
 102 103 104 104 104 104 105 105 105 105 105 105 104 104 104 105 106 106
 107 107 109 109 109 109 109 109 109 109 108 107 110 111 111 111 110 109
 110 112 113 114 114 114 114 114 114 114 114 115 115 115 115 114 115 116
 115 115 116 117 116 116 116 117 117 117 116 116 116 117 117 117 120 118
 118 119 120 118 117 118 120 120 118 117 117 118 118 118 117 116 117 118
 118 118 118 115 104  72  50  43  39  37  39  37  36  35  34  33  32  30
  28  27  25  28  30  31  30  31  33  34  33  34  35  37  37  35  35  35
  34  36  38  39  40  41  40  39  52  88 100 102 101 103 103 104 105 103
 102 102 102 101 101 102 100 100 101 102 102 101 101 102  99  99 100 100
 100  98  98  99 100 100  99  98  97  97  97  98  96  96  96  96  96  96
  95  29]"
"[ 29  29  97  96  97  97  98  98  99 100 100  99 100 101 101 101 101 101
 102 102 103 104 105 105 105 105 105 105 105 105 104 103 104 104 104 105
 106 107 108 108 108 108 109 109 109 109 109 109 110 110 111 110 110 110
 111 112 112 113 114 114 114 114 114 114 115 114 114 114 114 114 113 113
 114 114 115 116 116 115 115 116 116 115 115 114 114 115 115 115 116 115
 115 116 116 115 114 114 113 113 112 111 112 113 112 111 111 110 110 111
 110 110 109 106 101  80  58  48  46  41  38  38  35  34  34  33  33  32
  29  28  27  29  30  30  30  31  33  33  34  35  37  38  38  37  36  36
  36  37  38  38  39  39  39  38  57  90  99  99  99 100 100 101 102 100
 100 101 102 101 100 100 100 100 101 101 100  99  99 100  98  98  98  99
  98  97  97  98  98  98  97  96  96  96  97  97  96  95  95  95  94  95
  94  29]"
"[ 29  29  96  96  96  95  97  97 100 101 101 101 101 102 102 102 102 101
 101 102 102 103 104 104 106 105 105 105 105 105 105 104 105 105 104 105
 106 106 106 106 106 107 108 109 108 108 108 108 109 109 109 109 109 110
 110 110 109 110 111 111 111 111 111 111 114 113 113 113 114 113 112 111
 110 110 111 112 112 111 111 111 112 111 110 109 110 110 110 110 110 110
 110 110 109 108 108 108 106 106 105 106 107 108 107 105 106 105 105 106
 105 104 104 101  99  89  67  51  48  42  36  41  35  34  33  34  34  33
  29  27  28  29  29  29  30  32  33  33  35  36  37  39  38  37  37  37
  37  37  37  38  40  41  41  41  61  91  97  96  97 100 100 101 101  99
  98 100 101 101  99  98 100 100 100 100  99  98  98  98  97  97  97  98
  97  96  96  97  97  97  96  96  96  96  97  97  96  95  94  94  93  94
  94  29]"
"[ 29  29  97  96  96  95  97  97 100 101 102 102 102 103 103 103 103 102
 102 102 102 103 103 102 105 104 104 104 105 105 105 105 105 105 104 104
 104 104 104 104 104 104 106 106 106 106 105 105 106 106 106 106 106 106
 105 104 105 105 106 106 105 105 105 105 106 106 106 106 106 106 106 105
 104 104 105 106 106 105 105 105 107 106 105 105 106 106 105 105 105 105
 105 105 104 104 104 104 103 103 103 103 104 105 104 102 104 103 103 104
 103 103 103 101  98  95  77  60  50  44  38  40  36  34  33  33  33  31
  28  25  28  28  28  28  29  31  33  33  36  37  38  39  38  37  37  38
  38  37  37  39  41  42  42  43  65  93  97  96  97  99 100 101  99  99
  99  99 100 100  98  97  99  99  99  99  98  97  97  97  97  97  97  98
  97  97  97  98  97  96  96  96  96  96  96  96  96  95  94  94  93  94
  94  29]"
"[ 28  29  97  97  97  96  97  97  98  99 101 101 101 101 101 101 102 102
 101 102 102 102 101 101 102 102 102 102 103 103 104 103 101 102 103 102
 101 101 102 103 103 102 102 103 104 104 103 101 101 101 101 102 103 102
 100  99 101 102 103 102 101 101 101 102 103 104 105 105 104 104 104 105
 101 101 102 103 103 102 102 102 104 103 103 104 104 104 104 102 103 103
 104 103 102 102 102 102 102 103 103 102 102 103 103 103 102 101 102 102
 101 102 102 101  97  97  87  73  53  47  41  38  37  35  33  32  32  31
  28  25  26  28  29  29  30  32  34  35  37  37  38  38  38  38  38  38
  40  39  38  39  40  40  40  41  68  95  99  97  96  98  98  99  98  99
  99  98  98  97  97  97  98  97  97  98  97  97  96  97  97  97  97  98
  97  97  97  98  96  96  97  97  97  96  95  95  96  95  95  95  94  95
  94  29]"
"[ 29  29  96  96  97  96  97  96  96  97  98  99  99  99  99  98  98  98
  98  98  99  99  98  98  99  99  99  99 100 100  99  99  96  98  99  99
  98  98 100 102 102 101 100 100 102 102 100  98  98  98  99 101 101 101
  99  98  99 100 101 101 101 100 101 102 100 101 101 100  99  99 100 101
 100 100 100 101 101 101 101 101 102 102 102 103 104 104 103 102 102 102
 102 102 101 102 102 101 101 102 102 101 101 101 102 102 102 101 101 102
 100 101 102 100 100  97  91  79  52  47  44  39  38  36  34  32  32  31
  29  27  26  27  29  29  30  32  34  35  37  37  37  37  37  36  37  38
  39  38  38  40  41  41  42  44  66  94  98  97  97  97  97  98  98  99
  99  98  97  97  97  97  98  97  97  98  98  98  98  98  96  96  97  97
  97  96  97  97  96  97  97  97  97  96  95  95  96  95  96  96  95  95
  95  29]"
"[ 29  28  94  93  95  95  95  95  94  95  96  96  96  97  97  96  95  94
  94  94  95  95  95  94  96  96  96  97  97  97  96  96  94  95  97  97
  96  97  98 100 100  99  98  98  99  99  98  96  97  98  98  99 100 100
  99  98  97  99 101 101 101 100 100 101 101 101 101 100 100 101 101 102
  99  98  98  99 100 100 100 100 101 101 101 102 102 102 101 101 101 101
 101 100 101 102 101 100 101 101 101 100 100 101 101 102 103 102 102 102
 101 101 102 101 101  99  94  84  56  49  44  41  38  36  34  33  32  31
  30  28  26  27  27  27  29  31  33  34  36  36  35  36  35  35  36  37
  37  36  37  39  41  42  45  48  64  91  96  96  97  98  97  98  98  99
  99  98  97  98  98  98  99  98  97  98  98  98  98  98  96  96  97  97
  97  96  96  97  97  97  97  97  96  96  96  96  95  95  96  96  95  96
  95  29]"
"[ 30  28  93  91  93  93  94  93  94  94  93  93  94  95  95  94  94  93
  92  92  93  94  93  93  94  94  94  95  96  96  95  95  95  95  96  96
  96  96  97  98  97  97  96  96  96  96  96  95  97  97  97  97  97  97
  97  97  95  97 100 101 100  98  98  98 100  98  97  97  98 100 100 101
  99  98  98  98  99 100 100 101 101 101 101 102 101 101 101 101 101 101
 101 100 101 102 102 101 101 101 100 100 101 102 102 101 102 101 102 101
 100 100 101 101  99 102  99  93  67  55  44  40  38  37  35  33  32  31
  29  28  26  25  24  25  27  30  32  32  36  36  35  35  35  35  36  37
  37  36  37  39  39  40  44  48  65  91  95  96  97  98  96  96  96  97
  97  96  97  98  98  96  98  97  96  97  97  97  96  96  97  97  97  97
  97  96  97  97  96  96  95  95  95  95  95  96  95  95  95  95  95  95
  95  29]"
"[ 29  30  90  90  91  92  94  95  94  94  93  93  92  93  93  94  93  91
  91  93  94  93  92  93  93  94  94  94  95  96  95  94  93  94  96  97
  98  97  96  95  97  97  96  96  96  96  96  96  96  96  96  96  97  97
  97  97  96  97  99  99  99  99  99  99  98  98  97  97  98 100 100 100
  99  99 100 100 100  99 100 101 101 100 100 101 101 100 100 101 101 101
 101 101 101 102 102 103 101 101 101 100 100 100 101 103 103 102 102 101
 101 100 101 101 101 100 101  93  73  57  47  41  38  38  37  34  33  32
  30  28  24  24  24  25  26  29  31  32  34  35  35  34  33  33  34  36
  36  37  38  37  38  41  44  47  65  92  97  98  95  97  96  97  98  97
  96  97  98  98  98  97  97  97  97  97  97  97  97  97  96  97  97  96
  97  97  97  96  96  97  97  97  96  96  96  96  97  96  94  94  95  96
  95  29]"
"[ 29  30  90  90  90  91  92  92  92  92  92  91  91  91  92  92  91  89
  90  92  93  92  92  93  92  92  92  93  94  95  94  93  93  94  95  96
  97  96  96  95  96  96  96  96  96  96  96  95  97  96  96  96  96  97
  97  96  97  98 100 100  99  98  99 100  98  98  98  98  98 100 100  99
 100 100 100 100  99 100 101 102 101 100 100 102 102 100 100 101 101 101
 101 101 102 102 102 102 101 101 101 101 100 100 101 101 101 101 100 100
 100 101 100 100 101 100  98  93  82  61  43  37  40  40  38  35  33  32
  29  27  26  25  23  23  24  26  29  30  32  33  34  33  32  31  33  34
  33  35  36  36  37  40  44  46  60  88  97  97  95  97  96  97  97  97
  96  97  97  98  98  97  97  97  97  97  97  97  97  97  96  96  96  96
  96  96  96  95  96  96  96  96  95  95  96  96  97  95  95  94  95  95
  95  29]"
"[ 29  30  90  90  90  90  91  91  91  91  91  91  91  91  90  90  90  89
  90  92  93  92  92  93  92  91  91  93  95  94  93  93  93  94  94  95
  95  96  96  96  96  96  97  97  97  97  96  96  97  97  96  96  97  97
  97  97  96  98 100 100  98  97  98 100  98  98  98  98  99  99  98  97
  99  99  98  98  98  99 100 101 101 101 101 102 101 100 100 101 100 101
 101 101 101 101 101 101 100 100 100 101 101 101 101 101 101 100  99 100
 101 101 101 100  99 101  96  95  91  67  43  39  39  39  38  36  34  33
  31  29  29  27  24  22  23  25  28  30  32  33  33  32  31  31  31  33
  33  34  35  35  36  39  44  47  54  84  97  97  95  97  97  96  97  97
  97  97  97  97  97  97  97  97  97  97  97  97  97  97  97  97  96  95
  95  96  96  95  96  96  96  96  95  95  96  97  96  95  95  95  94  95
  94  28]"
"[ 29  29  89  90  90  90  90  91  90  90  90  91  91  91  90  90  90  89
  90  91  92  91  92  92  92  90  90  93  95  94  93  94  93  94  94  95
  95  96  96  96  97  97  97  97  97  97  97  97  97  97  97  97  98  98
  98  98  97  98  99  99  98  97  98  99  97  98  99  99  99  99  98  97
  99  98  97  97  98  99 100 100 101 101 101 101 100  99 100 102 101 101
 101 101 100 100 101 101  99  99  99 100 101 102 101 101 101 101 100 101
 101 101 101 100  97 100  97  97  94  74  51  44  39  38  37  36  35  34
  33  31  31  29  26  24  24  26  29  31  33  33  33  32  31  30  31  31
  33  34  34  35  36  39  43  47  50  79  97  97  96  97  97  96  96  97
  97  97  97  97  97  97  97  97  97  97  97  97  97  97  97  97  97  96
  96  97  96  96  97  97  97  97  96  96  96  97  95  95  95  95  95  95
  94  28]"
"[ 29  29  88  88  88  89  90  90  90  90  90  91  91  91  90  90  89  89
  89  89  90  90  91  93  93  91  90  93  94  93  93  95  94  94  95  95
  96  96  96  96  97  97  96  96  96  96  97  97  97  97  96  97  97  98
  98  98  98  98  98  98  98  98  98  98  98  99  99  99  99 100 100  99
 100  99  98  99 100 100 101 100 101 100 100 100  99  99 100 101 103 102
 101 100  99  99 100 100  99  98  98  99 101 101 101 100 100 101 101 101
 100 100  99 100  98  97  97  98  95  83  63  45  42  40  38  36  35  33
  32  31  31  29  27  25  25  27  30  31  31  32  32  31  30  30  30  31
  33  33  34  34  35  38  43  48  49  75  97  97  97  97  97  96  96  97
  97  97  97  96  97  97  97  97  97  97  97  97  97  97  97  97  97  97
  97  97  96  95  96  97  97  98  97  97  96  96  95  95  95  95  95  95
  94  29]"
"[ 29  29  87  87  87  88  88  88  89  89  89  90  90  91  90  89  89  89
  89  88  89  91  92  94  94  92  92  93  94  94  94  95  94  94  95  96
  97  97  97  96  97  97  96  96  96  96  97  97  97  97  96  96  96  97
  96  96  97  97  97  97  97  98  98  98  97  98  99  98  98  99  99  99
 100  99  99 100 101 102 101 100 100 100 100  99  98  99 100 101 102 101
  99  98  98  98  99 100 100  99  99  99 100 101 100  99  99 101 102 102
 100  99  99 100 100  96  97  98  96  91  73  46  45  42  39  37  35  33
  32  33  31  30  28  27  27  28  30  31  29  30  30  30  30  30  31  31
  33  33  33  34  35  38  44  50  49  72  96  97  97  97  97  96  96  97
  97  97  97  96  97  97  97  97  97  97  97  97  97  97  96  97  97  97
  97  97  96  95  95  96  97  97  97  96  95  95  96  95  95  95  95  95
  95  29]"
"[ 29  29  88  88  88  88  88  88  89  88  88  89  90  90  90  89  89  89
  89  89  89  91  93  94  94  94  94  94  94  94  95  95  94  95  96  96
  97  97  97  97  98  97  97  96  96  97  97  97  97  97  96  96  96  97
  96  96  97  97  97  97  97  97  98  98  98  99  99  98  98  99  99  99
 100  99  99 100 101 102 101 100  99 100 100  99  99 100 100 100 101 100
  99  98  98  98  99 100 100 100 100 100 101 100  99  98  99 100 101 101
 101 100  99  99  99  97  98  98  97  95  80  56  48  45  41  38  36  34
  34  34  33  32  30  29  28  29  30  31  30  30  31  31  31  31  31  32
  33  33  33  34  35  37  44  50  51  70  94  97  98  97  97  97  97  97
  97  97  97  97  97  97  97  97  97  97  97  97  97  97  96  97  97  97
  97  97  97  95  95  96  97  97  97  96  95  95  97  95  95  94  95  95
  95  29]"
"[ 29  29  88  89  90  90  90  89  89  88  88  88  89  90  90  89  88  89
  89  88  88  90  91  92  93  95  95  94  93  94  94  94  95  95  96  96
  97  97  97  97  97  96  96  96  96  96  96  96  97  96  96  96  97  97
  97  97  97  97  98  98  97  97  99 100  99 100 101 100 100 100 100 100
 101 100  99 100 101 102 101  99  99 100 100 100 100 101 101 100 101 100
 100  99 100 100 101 102 100 100 100 101 102 101 100  98  98  98  99 100
 100 100  99  98  98  99  99  97  96  95  85  69  53  49  44  40  36  33
  32  33  34  33  31  29  28  29  30  30  31  31  31  31  31  31  31  31
  33  32  33  34  34  36  42  48  52  68  93  96  98  97  97  98  97  97
  97  97  97  97  97  97  97  97  97  97  97  97  97  97  97  98  97  97
  97  98  97  97  96  96  97  97  97  96  96  96  97  95  94  94  95  95
  95  29]"
"[ 30  29  88  89  90  90  90  89  89  89  89  89  89  89  89  89  91  91
  90  89  90  91  92  92  90  93  95  94  93  93  94  94  96  95  94  94
  94  95  95  96  96  96  95  95  95  96  96  96  96  96  96  97  97  97
  97  97  97  97  97  97  98  98  98  98 100  99  98  98  99 101 101 100
 100 100 101 101 101 101  99  98  99  99  99 100 101 101 101 100 101 101
 100  99 100 101 101 101  99 100 101 101 101 101 100 100  99  98  98  99
 100  98  98  98  98  99 101  98  96  96  89  75  55  47  46  43  38  38
  36  34  36  34  32  30  29  30  30  29  31  31  32  32  32  31  31  30
  32  31  33  35  36  35  40  47  51  62  85  95  95  97  95  98  97  97
  97  97  97  97  97  97  97  97  96  97  97  97  97  97  97  97  97  97
  97  97  97  97  96  96  96  96  96  96  96  96  97  96  95  95  95  95
  95  29]"
"[ 29  29  88  89  90  90  89  89  88  88  88  89  89  89  89  90  91  91
  91  90  90  91  92  92  91  93  94  93  93  93  93  93  94  94  93  93
  94  94  95  95  95  95  95  95  95  95  95  95  96  96  96  97  97  97
  97  97  97  97  97  97  98  98  98  97  97  98  98  98  99 101 101 100
  99 100 100 100 101 101 100  99  98  99 100 101 101 101 100 100 102 102
 100  99 100 101 101 101 100 100 101 101 101 101 100  99  98  97  98  99
 100  99  98  98 100 100 100  98  96  97  92  81  60  51  49  46  42  41
  40  39  36  34  32  30  29  30  30  30  31  31  32  32  32  31  31  31
  32  31  33  36  36  36  40  46  54  65  83  94  97  97  96  97  97  97
  97  97  97  97  97  97  97  97  97  97  97  97  97  97  97  97  97  97
  97  97  97  96  96  96  97  97  97  97  96  96  97  96  96  95  95  95
  95  29]"
"[ 29  29  88  88  89  89  89  88  88  87  88  89  89  89  90  91  91  91
  91  90  90  90  91  91  91  92  93  92  92  93  94  94  94  94  94  94
  94  94  95  95  96  96  96  96  96  96  96  96  96  97  97  97  97  97
  97  97  97  97  97  97  97  97  97  97  97  98  99  99 100 101 102 101
  99 100 100 100 100 101 101 100  99 100 101 102 101 100 100 100 102 102
 101 100 100 101 101 101 101 100 100 100 100 100  99  98  98  98  98  99
 100 100 100 100 101 100 100  98  96  96  92  86  66  54  50  48  45  43
  41  40  37  35  33  30  29  29  30  31  32  32  32  32  31  31  31  31
  32  32  34  36  36  36  39  44  57  66  79  93  98  96  97  97  97  98
  97  97  97  97  97  97  98  97  97  97  97  97  97  96  97  97  97  97
  97  97  97  96  95  96  97  97  97  97  96  96  96  96  97  96  96  96
  95  29]"
"[ 29  29  88  88  89  89  89  89  88  88  88  90  90  90  90  90  90  91
  91  90  89  90  90  90  91  92  93  93  93  93  94  95  94  95  95  95
  95  95  95  95  97  97  97  97  97  97  96  96  96  97  97  97  97  96
  97  97  97  97  96  96  97  97  97  97  98  99 100 100 100 101 101 101
 100 101 100 100 100 101 101 100 100 101 101 101 101 100 100 100 101 101
 101 100 100 101 101 100 101 100  99  98  99  99  98  97  98  98  98  99
 100 100 100 100 100  99  99  98  96  93  89  85  73  57  51  50  47  44
  40  40  39  36  33  31  29  29  30  31  32  32  32  31  31  31  31  32
  32  32  34  36  36  36  38  42  56  66  76  90  98  96  98  97  99  99
  98  97  97  97  97  98  99  98  97  97  97  97  97  97  98  97  96  96
  97  98  98  97  96  96  97  97  97  97  96  96  96  96  97  97  96  96
  95  29]"
"[ 30  29  88  89  89  89  89  89  87  88  89  90  90  89  89  89  90  91
  91  90  90  90  90  90  91  92  94  95  94  93  94  95  94  94  95  95
  95  95  95  95  97  96  96  96  96  96  96  97  96  97  97  97  96  96
  96  97  97  97  97  96  96  97  97  98  98  99  99  98  98  99 100  99
 101 101 101 100 101 101 101 100 101  99  99  99 100 100 100  99 100 101
 101 100 100 100  99  99 100  99  98  98  98  98  97  96  97  97  97  98
  98  99 100  99  98  98  97  98  97  93  89  88  80  61  53  52  51  48
  43  41  39  37  33  31  29  28  29  30  31  31  32  31  31  31  31  32
  32  32  34  36  36  36  38  40  54  66  75  88  96  96  98  98 100 100
  99  98  97  97  98 100 100  99  98  97  97  97  97  97  97  96  96  96
  96  97  98  98  96  97  97  97  97  97  97  97  96  97  97  97  96  96
  95  29]"
"[ 29  29  88  88  88  89  89  89  87  88  88  90  90  88  87  87  89  91
  91  91  90  90  90  90  92  93  94  95  94  93  93  93  94  94  94  95
  96  97  97  96  97  96  96  96  96  96  97  97  97  97  97  97  97  97
  97  97  97  97  97  97  97  97  98  99  98  98  97  97  98  99 100 100
 101 101 101 100 101 102 101 100  99  97  96  97  99 101 100  99 100 101
 102 101 100  99  99  98 100  99  98  98  98  98  98  97  98  98  98  98
  98 100 100  99  98  98  97  97  98  95  93  94  84  65  55  53  52  51
  46  43  40  37  33  31  29  28  28  29  30  31  32  31  31  31  32  32
  32  33  34  36  37  37  38  40  52  65  75  85  94  96  98  99 100 100
  99  98  97  98 100 101 101 100  99  98  98  98  98  98  96  96  96  95
  96  96  97  98  97  97  97  97  97  97  97  97  97  97  97  97  96  96
  95  29]"
"[ 29  29  88  88  88  88  89  89  88  88  88  89  89  88  88  88  89  90
  91  91  90  90  90  90  93  92  92  94  94  94  93  93  94  94  93  94
  96  97  97  97  96  96  96  96  96  97  97  97  98  97  97  97  98  98
  98  97  97  97  97  97  97  98  99 100  99  99  98  98  99 100 101 100
 100 101 101 100 101 101 100  99  98  97  97  99 100 101 100  99 101 101
 101 100 100 100 100 100 100 100 100 100 100  99  99  99 100 101 100  99
  99 100 101 100  98 100  98  98  99  98  96  98  91  72  60  56  53  51
  47  45  41  38  34  33  31  29  28  29  29  30  31  32  31  31  31  32
  33  33  34  36  37  37  38  40  49  62  74  81  91  98  97  99 100 100
 100  99  99  99 100 101 101 100 100  99  99  99  98  98  96  97  97  97
  97  96  97  98  96  97  97  98  98  98  97  97  97  97  97  96  96  96
  95  29]"
"[ 29  29  87  87  87  87  88  88  89  89  89  89  89  89  89  89  89  91
  92  92  91  91  91  91  93  90  89  92  94  95  94  93  94  93  92  93
  95  96  96  95  94  95  95  96  96  96  96  95  97  96  95  96  97  97
  96  95  97  97  97  97  97  98 100 101 100  99  98  98 100 101 101 100
 101 101 101 100 100 100  99  98  99  99 100 101 101 101 100  99 100 101
 101 100 100 101 102 102 101 101 101 101 101 101 100 100 101 102 100  99
  99 100 101 100  98 101 100  99 100  98  95  96  99  80  68  60  54  52
  49  47  43  39  35  34  33  30  29  30  29  30  31  32  31  31  31  32
  33  33  34  36  37  38  39  40  46  59  72  77  89  99  96  99  99 100
 100 100  99  99 100 101 101 100 100 100 100 100  99  98  97  99 100  99
  98  97  97  97  96  97  97  98  98  98  97  97  98  97  96  96  96  96
  96  29]"
"[ 29  29  87  86  85  86  88  88  89  89  88  88  88  89  90  90  90  91
  92  92  91  90  91  93  95  93  91  90  92  93  93  93  94  93  92  93
  95  96  96  95  94  95  97  97  97  97  97  98  96  97  97  97  98  98
  97  96  97  98  99  98  98  98 100 101 100 101 101 101 101 102 101 100
 100 100 100 100 100 100 100 100 100 101 101 101 102 102 101  99 101 101
 100 100 100 100 102 103 102 101 101 101 101 102 101 101 101 100 101 101
 101 101 100  99 101 100 101 102 101  99  97  96  95  92  76  60  58  55
  50  48  42  39  37  34  30  30  30  28  30  31  31  31  32  31  31  31
  33  33  34  36  38  38  40  41  45  54  65  77  89  94  96 100 100 101
 101 101 101 101 101 100 100 100 101 101 101 101 100 100  98  98  98  98
  98  98  98  98  97  97  97  98  98  97  97  99  98  96  97  97  96  96
  96  29]"
"[ 29  29  87  86  86  88  89  89  91  90  90  89  89  90  91  91  91  92
  92  92  91  91  91  93  93  93  92  91  91  92  93  94  93  92  92  93
  95  96  96  96  94  95  96  96  96  97  97  98  96  97  97  97  97  98
  98  98  99  99 100 100  99  99  99 100 100 100 100 100 101 102 102 100
 100 101 101 101 101 101 101 101 101 101 101 101 101 102 101 100 101 101
 101 101 101 101 102 103 102 102 101 101 102 102 102 102 101 101 101 102
 102 102 101 101 101 100 101 101 101 100  99  98  99  95  81  66  59  56
  51  47  41  38  36  33  31  31  31  29  31  31  31  31  31  31  31  31
  32  32  33  36  39  40  40  41  43  51  62  75  87  93  97 100 101 101
 101 101 101 102 101 100 100 100 101 101 101 101 101 101  99  99  98  98
  98  98  98  98  97  97  98  98  98  97  98  98  98  96  97  98  97  97
  97  29]"
"[ 29  29  88  87  87  88  89  89  91  90  89  89  89  90  90  91  91  91
  91  91  91  90  91  92  92  93  93  92  91  92  93  94  92  92  92  93
  95  96  96  97  96  96  96  97  97  97  97  98  97  97  97  97  98  99
 100 100 100 100 101 101 101 100 100 100 100 100 100 100 101 102 102 100
 101 102 102 102 102 102 103 103 101 101 101 100 101 102 102 102 102 102
 103 102 102 102 103 103 103 103 102 102 102 102 102 102 102 102 102 102
 102 101 102 102 101 100 101 102 102 101 101 101 101  97  87  72  60  56
  52  46  41  38  35  33  31  31  32  30  31  31  30  30  30  31  31  31
  32  32  33  36  39  40  40  40  43  47  57  70  82  92  98 100 102 102
 102 102 102 103 103 102 101 101 101 101 101 102 102 102 101 100 100 100
  99  99 100 100  97  98  99  97  97  98  98  97  97  96  97  98  97  98
  97  29]"
"[ 29  29  88  87  86  87  88  87  90  89  89  88  88  89  90  90  91  90
  90  90  90  90  91  92  92  93  94  93  92  92  93  94  92  92  93  94
  95  95  96  97  97  97  97  97  97  97  97  97  98  98  98  98  98  99
 100 101  99  99 100 101 102 102 101 101 101 101 101 101 101 102 102 101
 102 102 103 103 103 103 103 104 102 102 101 101 101 102 103 102 102 103
 103 103 103 103 103 103 104 103 103 103 102 102 102 101 102 102 102 102
 101 101 102 103 102 101 101 103 103 103 102 102 101  97  92  78  62  57
  54  47  44  39  36  34  31  31  31  29  31  30  30  30  30  30  31  31
  33  32  33  36  38  39  40  40  44  45  53  65  76  88  98 100 102 102
 102 102 104 105 104 103 102 102 102 102 102 102 102 102 102 101 100 100
  99  99 100 100  97  99 100  98  97  98  98  97  96  96  97  97  97  98
  97  29]"
"[ 28  29  88  87  86  87  88  87  90  90  89  89  89  89  90  90  90  90
  90  91  91  92  92  93  94  94  94  94  94  94  94  94  94  94  94  95
  96  95  96  97  97  97  96  96  96  96  96  97  97  97  97  98  98  98
  98  99  98  99 100 101 102 102 102 102 101 103 103 102 101 101 102 102
 102 102 102 102 102 103 103 104 103 103 103 102 102 103 103 102 102 103
 103 104 103 103 102 103 103 103 103 103 103 102 102 102 103 103 103 102
 102 102 103 104 103 102 103 104 105 104 103 103 101  98  96  85  67  59
  56  49  47  41  37  35  32  31  30  29  30  30  30  30  30  31  31  31
  32  33  34  35  37  38  40  42  45  44  49  59  69  83  95 100 102 102
 102 103 103 104 104 103 102 103 103 104 103 103 102 101 100 100  99  98
  97  98  98  98  98 100 100  98  98  99  99  98  97  97  98  98  97  99
  98  29]"
"[ 28  29  87  87  87  88  89  89  90  90  90  90  90  90  90  90  90  90
  90  91  92  92  92  93  94  94  93  94  94  95  94  94  95  95  95  96
  96  96  96  97  96  96  96  96  96  97  98  99  98  97  97  98  99  98
  98  98  99  99 100 101 101 101 101 101 102 103 104 103 101 101 102 103
 102 102 102 102 102 102 103 103 104 104 104 103 104 104 104 103 102 103
 103 104 103 103 103 103 102 103 103 103 103 103 104 104 104 104 104 104
 104 104 104 105 104 103 104 105 105 105 104 103 103 100 100  92  73  61
  57  51  49  43  39  36  32  31  30  30  29  30  30  30  31  31  31  31
  32  32  34  35  36  37  40  43  44  43  47  54  63  76  90  98 102 103
 104 104 104 104 103 102 103 104 104 104 104 103 101 101 100  99  98  97
  96  97  97  98  99 100 101 100  99 100 100  99  99  99  99  98  98 100
  99  29]"
"[ 29  29  87  87  87  88  89  90  89  89  90  90  91  90  90  90  91  91
  92  93  93  92  92  92  94  93  93  93  94  95  95  95  95  94  95  96
  96  96  96  96  96  96  97  97  97  98  99 101 100  98  97 100 101 100
  99 100  99 100 101 101 101 101 101 102 102 103 103 102 102 102 103 102
 102 103 103 102 102 102 103 103 104 105 104 104 104 105 104 104 103 103
 104 104 103 103 103 103 103 103 104 104 104 104 104 105 105 105 105 105
 105 105 105 105 105 104 104 105 105 105 104 104 103 101 102  96  79  64
  58  55  50  44  40  37  33  30  30  30  29  30  30  30  30  31  31  32
  32  32  33  35  36  37  40  42  41  43  45  49  58  69  82  93 100 102
 104 105 105 104 104 104 103 103 104 104 104 103 102 101 101 100  98  97
  96  97  97  98 100 100 101 101 100 100 100 101 101 100 100  98  98 100
 100  29]"
"[ 29  29  87  86  86  87  89  89  89  89  90  91  91  91  90  90  92  93
  94  95  94  93  92  93  92  93  93  93  94  95  96  97  94  94  94  95
  96  96  96  96  96  96  97  96  96  97  99 101 101  98  97 100 102 101
 100 101  99 100 101 101 101 101 101 102 102 102 101 101 102 103 103 102
 103 103 103 103 102 102 103 103 104 104 104 104 104 105 105 105 103 103
 104 104 103 103 104 104 104 105 105 105 104 104 104 104 105 104 104 105
 105 105 105 104 105 104 104 105 105 105 105 105 104 102 103  99  84  67
  59  58  52  46  41  38  33  30  30  30  30  30  29  29  30  31  32  32
  32  32  33  35  36  37  39  40  40  44  44  47  54  64  76  89  98 101
 104 105 105 105 105 105 103 103 103 103 103 103 102 102 101 100  98  96
  96  96  97  97 100 100 100 101 101 100 100 101 101 100 100  98  97 100
  99  29]"
"[ 30  28  86  86  87  88  88  88  88  90  91  91  92  92  92  90  93  94
  94  94  93  93  94  94  95  95  95  94  94  94  95  96  95  94  94  95
  96  96  96  96  97  97  97  97  97  98 100 102 100  98  97 100 102 102
 101 101 100  99  99 100 101 102 102 102 102 102 102 101 102 102 103 104
 102 102 102 103 103 104 104 104 104 104 104 104 104 105 105 105 104 104
 104 104 105 105 105 105 105 105 105 105 104 104 105 105 106 105 104 104
 105 105 105 105 104 104 104 104 105 105 105 105 105 104 103 101  93  71
  63  56  53  47  43  39  35  33  32  29  31  30  30  30  30  30  31  32
  32  31  33  36  38  38  39  40  40  43  45  47  52  58  70  81  96  99
 103 104 103 103 106 106 106 104 103 103 103 103 102 101 101 100  98  96
  96  96  97  98 100 100 101 101 101 101 101 101  99 100  99  99  98  99
 100  29]"
"[ 29  29  87  87  87  88  88  88  88  90  91  91  91  90  90  89  93  93
  94  94  95  95  95  95  96  96  96  96  96  96  96  97  96  96  96  96
  97  96  95  96  97  97  97  97  97  98  99 100 100  99 100 101 102 102
 101 102 102 102 101 101 102 103 103 103 103 103 103 102 102 103 103 104
 103 103 103 104 104 104 105 105 105 105 105 105 105 105 104 104 105 105
 105 105 105 105 105 105 106 106 105 105 105 105 105 105 106 105 105 104
 105 105 105 105 105 105 105 105 105 105 105 105 105 105 104 103  96  77
  64  58  52  47  44  41  36  34  33  31  31  30  30  30  30  30  31  32
  32  32  33  36  38  38  39  41  40  42  44  46  51  57  66  77  90  97
 104 105 104 105 104 104 104 104 104 103 103 103 102 101 101 100  98  97
  96  97  97  98  98  99  99 100 101 101 100 100 100 101 100 100  99 100
 100  29]"
"[ 29  29  88  88  87  88  88  88  89  90  92  91  91  90  90  89  92  92
  93  94  95  96  95  94  95  96  97  97  96  96  97  98  97  96  97  97
  97  96  96  96  97  97  97  98  99  99  99  99 100 101 102 103 102 102
 102 103 104 103 102 102 103 103 104 104 104 104 104 104 103 103 103 103
 104 104 104 104 104 104 105 105 105 105 105 104 104 104 104 104 105 105
 105 105 105 105 105 105 106 106 105 105 105 106 106 107 106 105 105 105
 105 105 105 105 105 105 106 106 106 105 105 105 105 105 103 103  98  85
  65  59  53  48  45  42  38  35  34  32  31  30  30  30  30  30  31  32
  32  32  33  36  36  37  38  40  40  42  43  45  49  54  62  70  82  96
 105 105 106 106 105 104 104 105 105 105 104 103 103 103 102 101 100  98
  98  98  98  98  97  98  98 100 101 101 100  99  99 100  99 100  99  99
 100  29]"
"[ 29  29  88  88  88  88  88  88  88  90  92  92  92  91  91  91  92  92
  93  94  95  95  95  94  94  96  97  97  96  95  96  97  96  96  96  97
  97  96  97  99  99  99  99 100 100 101 100 100 100 101 102 102 102 101
 102 102 102 102 102 102 103 104 104 104 104 105 105 105 105 104 104 104
 105 105 104 104 104 104 104 104 104 104 104 104 104 104 105 105 105 105
 105 105 105 105 106 106 106 106 105 105 106 107 108 108 106 105 105 105
 105 105 105 105 106 106 107 107 106 105 105 105 105 105 103 103 100  92
  68  60  56  51  46  42  37  35  34  32  31  30  30  30  31  30  30  31
  31  31  32  34  34  35  37  39  40  41  41  43  47  51  57  65  74  93
 103 103 105 106 105 107 106 106 106 106 105 104 104 103 104 103 102 100
  99  99  99  99  99  99  99 100 101 101 100  99  99 100  99  99  99  99
 100  28]"
"[ 29  29  89  89  88  88  89  89  87  89  91  92  91  91  91  90  93  94
  95  96  95  94  95  95  96  97  97  97  96  96  96  96  96  96  96  96
  96  97  99 100 101 101 100 100 101 101 101 101 101 101 100 100 101 101
 102 102 100 101 102 103 104 104 104 104 104 105 105 105 105 105 105 105
 105 105 105 104 104 105 105 105 105 105 105 105 105 105 106 106 104 105
 105 105 105 106 107 108 107 106 106 106 106 107 107 107 106 105 105 105
 105 105 105 104 107 107 108 107 106 106 105 105 106 106 104 104 102  97
  73  62  60  53  46  41  37  35  34  32  31  30  30  31  31  31  30  30
  30  31  32  33  33  34  36  38  39  40  40  41  45  49  55  62  66  87
 101 102 104 105 104 107 108 107 105 105 105 105 104 103 103 103 102 101
 100 100 101 101 101 101 100 101 101 101 101 100 100 101 100 100 100 101
 101  29]"
"[ 29  29  88  89  89  89  90  90  88  90  91  91  91  91  91  91  93  95
  97  96  95  94  94  96  97  97  97  97  96  96  96  96  97  96  96  96
  97  97  99 101 102 101 101 100 101 101 101 101 102 101 100  99 100 102
 102 101 101 102 104 105 105 104 104 104 104 104 105 105 106 106 106 106
 105 105 105 105 105 106 106 107 106 105 105 105 105 105 105 105 104 105
 105 105 105 106 107 109 108 107 107 107 107 107 106 106 106 106 105 105
 106 106 105 105 107 108 108 107 106 106 106 106 107 106 105 105 103  99
  81  65  62  54  47  42  38  36  35  33  31  30  30  31  31  31  30  29
  30  31  32  33  34  35  36  38  38  38  38  40  44  47  53  59  62  80
  96 103 106 105 104 105 108 107 105 105 105 105 104 103 101 101 101 101
 101 101 101 102 102 102 101 101 101 101 101 100 101 101 100 101 100 101
 101  29]"
"[ 29  29  87  88  89  90  91  91  90  90  90  90  91  92  93  94  94  95
  96  96  95  94  95  95  97  96  96  96  96  96  96  96  98  97  97  97
  98  99 100 101 101 101 101 101 101 101 101 102 102 101 100 100 101 103
 103 102 102 103 105 105 105 105 104 104 105 105 105 105 105 106 106 106
 105 105 105 105 105 106 107 107 105 105 105 105 105 105 104 104 104 105
 105 105 105 105 107 109 108 108 107 107 108 108 106 105 107 106 106 106
 107 107 106 106 107 108 108 107 106 106 106 107 107 106 106 105 104 100
  89  69  62  56  50  45  40  37  36  34  32  31  30  30  31  31  30  30
  30  31  32  33  34  36  37  37  37  38  38  40  43  45  49  55  59  72
  88 100 105 105 104 104 107 106 105 105 105 105 104 103 101 101 101 101
 101 101 101 102 102 102 101 101 101 101 101 100 101 101 100 101 101 101
 101  29]"
"[ 29  28  87  88  89  91  92  91  90  90  89  89  90  93  95  96  96  96
  96  96  96  96  96  96  97  96  95  96  96  97  96  96  97  97  97  99
 100 100 100 101 101 101 102 101 101 101 101 102 101 102 102 101 102 103
 104 103 103 104 105 105 105 105 105 105 105 105 105 105 105 105 106 106
 106 105 105 105 105 105 105 105 105 105 105 105 105 105 105 106 105 105
 105 105 104 105 107 108 107 107 107 108 109 109 107 106 107 107 107 107
 107 108 107 107 107 108 108 107 106 106 107 108 108 107 108 107 106 101
  96  72  62  58  53  48  41  37  36  35  33  31  30  30  30  30  30  30
  30  31  32  33  34  36  37  36  37  38  38  40  42  43  46  51  58  64
  80  95 102 104 105 104 104 104 105 105 104 103 103 103 102 102 101 101
 101 101 101 101 101 102 102 102 102 102 101 101 102 102 101 102 102 102
 102  30]"
"[ 29  28  87  90  90  89  94  90  93  92  91  90  91  93  95  96  96  96
  97  96  96  96  96  97  95  95  96  97  98  98  98  98  98  98  98 100
 101 102 100  99 100 101 101 102 101 101 102 102 102 102 102 102 103 104
 105 105 106 105 105 106 106 104 104 106 104 104 104 105 106 106 106 105
 105 105 104 104 104 105 105 104 105 105 106 107 107 106 105 105 105 105
 105 104 105 106 106 107 107 108 108 109 109 109 108 106 107 107 107 107
 107 107 108 108 107 107 108 108 108 107 106 105 108 107 104 108 105 102
  97  75  66  57  54  47  43  36  34  36  32  31  31  30  30  30  31  31
  30  30  31  33  34  35  36  37  37  37  38  40  41  43  46  48  53  56
  70  90 103 105 105 105 105 105 106 106 105 105 104 104 102 102 102 102
 101 101 100 100 101 102 102 103 103 102 102 101 100 102 103 104 101 100
 103  29]"
"[ 28  29  90  90  89  91  87  91  91  92  92  92  93  94  96  96  95  96
  96  96  96  96  96  97  96  96  97  97  98  99  99  99 100  99  99 100
 101 101 100  99 100 101 102 103 103 103 103 103 103 103 102 103 103 104
 104 105 105 104 104 105 105 104 104 105 104 104 104 105 105 105 105 104
 106 107 107 106 105 104 105 106 107 107 107 108 108 107 107 107 107 107
 107 107 107 107 107 107 108 109 109 109 110 110 109 108 108 108 108 108
 108 108 108 108 108 108 109 109 109 108 107 107 106 105 104 108 106 105
 102  84  66  55  52  47  46  41  38  34  32  32  31  30  30  30  30  31
  30  30  31  33  33  34  35  36  38  38  39  40  41  42  45  48  52  56
  64  80  99 105 104 106 105 104 104 104 104 104 104 104 103 103 103 103
 102 101 101 100 101 101 102 102 103 102 102 101 103  99  99 101 104 102
  99  29]"
"[ 30  30  86  87  90  93  89  91  89  91  91  91  92  93  95  95  95  96
  97  97  97  97  97  97  97  97  96  97  97  98  99 100 100 100  99 100
 100 101 100  99  99 100 102 103 103 103 102 102 103 103 103 103 103 104
 104 104 104 104 104 105 106 105 105 105 104 104 104 105 106 106 105 105
 105 107 108 107 104 103 105 107 107 107 107 108 108 107 107 107 107 107
 107 107 107 106 106 106 108 108 108 108 108 109 108 107 107 107 108 108
 108 108 107 107 107 107 107 108 108 108 107 107 107 107 106 109 106 105
 105  92  73  59  54  47  43  40  37  32  33  32  31  31  30  30  31  31
  31  31  31  32  32  33  34  35  36  37  37  39  40  42  45  48  47  55
  59  73  97 107 104 105 106 105 105 105 105 105 105 105 102 102 103 103
 102 102 101 100 100 101 101 102 102 102 102 102 103  98 105 101  99 100
 104  30]"
"[ 28  31  88  91  89  87  91  91  93  94  94  93  93  94  96  97  94  95
  95  95  95  95  95  95  97  97  96  96  97  98  99 100  99  99  99 100
 101 101 101 101 100 101 102 103 102 102 101 101 102 102 103 103 103 103
 103 103 103 103 104 105 105 105 105 105 104 104 105 105 106 107 106 106
 106 108 109 108 105 104 106 109 108 108 108 108 108 107 108 108 107 107
 107 108 108 108 108 108 109 109 109 108 108 109 109 108 108 108 108 109
 108 108 108 108 108 108 108 108 108 108 109 109 109 108 107 108 105 105
 105  96  75  58  55  49  43  39  40  36  33  33  32  31  30  30  30  31
  31  31  32  32  32  32  34  35  37  37  37  39  40  42  45  48  50  54
  57  65  85 101 105 104 107 106 105 105 106 106 105 104 101 102 102 102
 102 101 101 101 100 100 101 102 102 103 103 103 102 100 104 102 102 100
 102  24]"
"[ 30  27  89  88  88  89  96  94  93  94  94  93  92  94  95  96  96  96
  96  95  95  96  96  96  97  97  97  98  98  99  99 100 100 100 101 102
 103 103 102 102 101 102 103 103 103 102 102 103 103 103 104 105 104 104
 102 102 103 103 104 105 105 105 105 105 105 105 105 106 107 108 108 108
 105 106 107 106 105 105 106 108 108 108 107 107 107 107 107 108 108 107
 107 107 108 108 109 110 108 109 109 108 108 108 109 109 109 108 108 108
 108 108 108 108 108 108 108 108 108 108 109 109 109 107 107 108 107 107
 107 101  80  60  55  51  45  39  37  33  33  32  31  30  30  30  30  30
  31  31  32  32  32  32  33  35  36  36  36  37  37  39  41  44  46  48
  54  62  74  94 105 104 107 106 105 106 106 106 105 103 103 103 103 102
 102 102 102 102 100 101 102 102 103 103 104 104 102 105 101 102 106 101
 104  33]"
"[ 31  26  92  90  88  92  89  90  92  94  95  96  96  96  96  96  97  96
  95  95  95  95  95  96  96  96  97  97  97  98  98  98  99  99 100 101
 101 101 100 100 101 101 102 102 102 102 103 104 104 104 105 105 105 103
 102 101 103 104 105 105 105 106 106 105 105 105 105 106 107 108 108 108
 106 106 106 106 106 107 107 108 108 108 107 107 107 107 107 108 108 107
 107 106 106 107 108 108 108 109 109 108 108 108 109 109 109 108 108 108
 108 108 108 108 108 108 108 108 108 108 109 109 110 108 108 109 109 109
 107 104  82  60  52  47  46  41  39  37  33  32  32  31  30  30  31  31
  31  31  31  31  31  31  32  34  34  34  35  36  37  38  40  42  49  48
  55  61  67  87 104 104 105 105 105 105 106 106 105 104 104 104 103 102
 101 101 101 101 101 101 102 102 103 103 104 104 104 104 104 106 100 102
 104  25]"
"[ 28  33  87  92  89  92  89  95  91  93  94  94  94  94  94  93  97  96
  95  95  96  96  96  96  98  98  98  99  99  99  99  99 100 100 100 100
 100 100 100  99 101 102 102 102 101 102 103 104 104 104 105 105 104 103
 102 102 104 105 105 104 105 106 106 105 105 105 105 105 106 107 107 107
 108 108 107 108 108 109 109 109 109 108 108 108 108 108 108 108 108 108
 107 107 107 107 107 107 108 109 109 109 108 108 109 109 109 109 108 108
 108 108 108 108 108 108 108 108 109 109 109 109 109 107 108 108 107 107
 105 105  83  67  58  49  47  42  40  37  32  32  31  30  30  30  31  31
  30  30  30  30  30  30  30  31  33  34  35  36  36  37  39  41  45  44
  47  52  60  79  98 104 104 104 104 105 105 105 105 104 104 103 102 102
 101 101 101 101 102 102 103 103 103 103 104 104 105 101 103 107 102 105
  98  32]"
"[30 27 29 29 28 29 30 29 29 29 29 28 29 29 29 29 29 29 28 29 29 30 29 29
 29 29 28 28 28 29 29 29 29 29 29 29 29 28 29 29 29 29 29 29 28 28 29 30
 29 29 29 29 29 29 29 29 28 29 29 28 28 30 30 29 29 29 29 29 29 30 30 29
 29 29 28 28 29 29 29 29 30 29 29 29 29 28 28 29 29 29 29 29 29 29 29 29
 28 29 30 29 29 29 29 29 28 28 29 29 29 29 28 28 28 29 29 29 29 29 29 29
 29 28 30 29 29 29 29 30 30 27 30 27 30 29 29 29 30 30 29 29 28 29 29 29
 30 29 29 29 29 29 29 29 29 29 30 30 29 28 28 30 28 30 30 29 29 29 29 29
 30 29 29 29 29 29 29 29 29 29 29 29 29 29 29 29 29 29 29 29 29 29 29 30
 28 33 28 26 30 28 30 29]"
