"[ 38  65  53  48  53  45  51  58  52  53  55  58  62  66  70  72  66  80
  99 113 117 116 115 116 120 117 111 105  96  82  66  55  58  55  54  59
  63  62  53  44  27  22  22  27  25  20  23  32  48  47  46  46  44  41
  37  34  38  41  36  42  38  40  60  53]","[ 48  85  87  93 104  95  94  96 102 102 103 105 108 111 113 115 125 132
 144 158 176 199 223 237 244 249 249 249 249 233 212 199 170 154 132 114
 106 105 106 106  96  78  55  36  21  14  20  31  76  72  68  65  64  62
  58  55  59  65  63  70  67  75 104 102]","[ 33  68  65  63  70  63  66  70  75  76  78  81  85  90  93  95  91  94
  97 100 103 111 121 129 148 161 182 206 227 245 254 254 254 248 234 210
 180 148 120 104  89  93  95  88  75  68  76  88  79  72  65  63  65  66
  64  61  71  66  59  80 101 119 131 109]","[ 57  90  80  70  71  63  67  71  68  68  69  71  74  76  79  80  82  87
  94  97  95  92  89  88 108 109 112 116 126 143 164 178 213 229 250 254
 254 252 238 229 178 154 122 102  96  93  82  70  67  60  53  53  60  65
  66  64  62  63  66  95 120 132 130  94]","[ 44  87  88  83  86  75  74  71  69  68  66  64  62  60  59  59  66  67
  70  73  79  86  93  98  77  81  85  88  91  97 105 112 111 120 134 150
 170 195 220 236 254 254 239 186 127  90  76  74  68  63  60  63  70  76
  77  76  62  90 111 130 126 123 129 107]","[ 47  91  91  84  87  81  83  82  81  80  79  77  76  76  75  75  64  62
  59  57  56  58  60  62  76  78  80  82  82  83  84  86 100  98  94  90
  91  98 109 119 131 177 202 165  99  60  59  70  66  67  70  75  79  81
  81  79  92 116 129 138 129 126 133 111]","[ 63 107 103  90  90  84  87  86  81  80  79  78  77  77  77  77  74  74
  75  75  74  70  66  62  52  50  49  52  59  68  75  79  70  75  83  89
  90  87  84  82  89  96  92  83  84  89  78  57  66  74  85  92  95  94
  92  91 118 125 122 129 132 137 135 100]","[ 91 144 152 146 145 130 121 112 103 100  95  89  83  78  75  73  83  80
  76  74  73  74  74  74  74  70  66  63  62  58  52  47  57  56  56  58
  64  71  77  81 101 119 129 125 124 122 101  72  79  92 109 121 123 121
 119 118 117 132 134 138 134 135 138 108]","[ 62 148 138 141 145 147 146 152 155 151 144 135 124 113 105 100  90  87
  84  81  80  77  74  71  70  66  67  74  78  75  69  66  60  61  59  53
  50  59  78  94 131 147 152 144 138 138 125 106 110 120 131 139 144 145
 139 130 128 126 123 139 141 136 135 110]","[ 72 158 145 144 142 138 133 136 131 134 138 144 150 154 158 159 148 143
 134 126 117 108 100  95  94  86  78  74  70  66  65  68  68  73  79  81
  84  94 112 126 147 162 169 161 157 156 143 125 129 138 149 156 161 162
 156 149 133 129 122 136 140 138 137 110]","[ 79 169 159 158 157 154 149 150 144 144 144 142 140 138 136 135 147 146
 146 149 153 155 155 155 139 131 120 109  95  84  83  89 107 114 122 124
 123 127 136 145 158 172 179 173 170 168 156 139 141 151 160 166 170 172
 168 162 141 134 122 132 139 141 141 110]","[ 85 179 174 175 175 176 172 173 164 163 160 157 152 148 144 142 138 137
 136 137 139 140 140 138 148 148 148 141 127 115 115 122 151 156 160 157
 150 146 147 150 161 173 180 177 174 172 161 147 144 154 163 167 170 172
 170 165 150 141 123 128 136 145 145 111]","[ 92 187 183 180 179 179 174 173 173 173 174 175 175 175 174 174 166 162
 156 151 146 140 135 131 129 134 140 140 132 128 136 148 168 171 173 170
 164 160 161 164 166 176 181 179 177 174 165 154 145 156 166 169 171 172
 170 166 157 148 126 125 134 148 149 112]","[ 90 188 184 180 178 181 178 177 182 182 181 179 177 175 173 172 177 175
 174 174 174 174 173 171 152 150 147 140 131 132 148 167 176 178 178 174
 169 167 168 171 169 175 178 176 174 172 165 157 142 154 166 169 170 170
 168 164 161 155 131 125 132 149 152 113]","[ 87 189 186 182 181 187 187 187 181 182 184 185 186 186 186 186 178 176
 174 174 174 174 172 170 184 176 163 148 136 138 157 178 186 186 185 180
 174 169 169 170 171 174 175 173 170 168 163 158 140 154 167 171 171 169
 166 163 162 160 136 125 130 149 153 114]","[ 93 194 189 183 180 185 185 185 184 184 184 184 184 183 182 181 184 182
 180 180 181 181 180 178 176 168 156 144 135 139 159 179 187 188 188 185
 179 175 173 173 177 179 178 175 172 170 167 163 144 159 173 178 176 174
 171 167 163 163 139 126 130 149 154 114]","[ 90 188 187 188 188 188 185 186 187 187 187 186 186 186 185 185 187 185
 183 182 182 181 179 177 172 161 154 156 160 162 167 173 190 184 185 190
 183 168 168 180 181 182 180 176 172 167 161 155 147 154 165 176 182 180
 171 163 157 165 151 126 106 127 153 123]","[ 91 188 186 187 187 188 186 187 187 187 186 186 186 185 185 185 186 184
 182 182 182 181 179 177 170 165 163 168 170 170 171 176 186 183 185 188
 181 170 170 177 183 184 182 178 173 168 162 158 147 150 160 173 180 179
 173 170 160 173 162 130  90  97 131 117]","[ 92 189 185 185 185 187 186 188 186 186 186 185 185 185 184 184 186 184
 182 181 182 181 179 178 169 170 175 181 182 178 177 180 181 184 186 184
 179 173 172 172 183 184 185 182 176 169 163 161 149 145 150 165 177 178
 177 177 165 173 165 140  94  84 110 100]","[ 93 189 184 184 184 186 186 189 185 185 185 185 184 184 184 183 185 183
 181 181 182 181 179 178 168 174 183 188 187 183 182 183 180 187 189 183
 178 176 172 167 178 179 183 186 181 171 163 160 154 140 137 153 172 180
 180 180 171 164 156 151 121 102 106  81]","[ 92 188 184 183 183 186 185 189 185 184 184 184 183 183 183 183 184 182
 180 180 181 181 180 178 170 177 184 186 185 184 184 184 181 187 189 184
 180 177 171 165 170 171 178 186 186 174 163 158 160 141 127 137 163 180
 182 176 171 157 149 156 136 116 111  80]","[ 91 187 184 184 184 186 185 187 184 184 183 183 183 182 182 182 183 181
 180 180 181 181 180 178 175 180 184 183 183 185 185 183 178 181 184 185
 183 177 170 166 167 163 168 182 188 178 166 161 163 147 127 125 147 174
 180 171 165 156 151 154 130 113 117  94]","[ 89 187 184 185 185 186 184 186 183 183 183 182 182 182 181 181 182 181
 179 180 181 181 180 178 179 184 185 184 185 189 186 180 172 170 175 185
 185 175 169 170 169 158 159 175 187 182 173 169 160 155 135 117 130 162
 176 169 156 152 150 153 130 117 123  99]","[ 88 186 184 186 186 186 183 184 183 183 182 182 182 181 181 181 182 180
 179 179 181 181 180 178 182 186 187 186 189 192 187 178 167 161 168 183
 186 174 169 174 172 156 153 169 185 185 178 176 156 161 143 114 118 153
 173 168 150 146 145 154 142 133 129  93]","[ 91 188 184 184 183 183 181 183 182 182 181 180 180 179 178 178 178 179
 179 180 180 179 179 178 181 182 186 191 191 186 185 188 179 163 163 182
 192 182 175 178 176 163 153 160 179 191 183 170 160 152 151 128 108 145
 179 163 158 154 143 147 140 131 128  99]","[ 89 186 183 182 181 182 180 182 182 182 181 180 179 179 178 178 178 178
 179 179 179 179 178 178 181 179 182 189 191 188 187 189 183 166 163 180
 191 184 178 180 177 164 153 159 178 192 185 172 160 153 153 133 108 135
 172 168 158 153 140 143 136 128 125  98]","[ 88 185 181 181 180 181 179 180 182 181 181 180 179 178 178 178 178 178
 178 178 178 178 178 178 180 176 177 185 191 191 191 192 189 171 163 177
 189 188 183 183 180 168 156 158 177 192 187 173 159 151 153 139 111 124
 160 172 156 151 136 137 131 124 123  97]","[ 88 185 181 181 180 181 179 181 181 181 180 180 179 178 177 177 177 177
 176 176 176 176 177 177 179 173 173 181 190 193 193 193 193 176 166 174
 187 191 187 184 185 174 161 159 173 189 186 173 158 146 149 143 120 118
 145 166 154 147 132 133 127 123 125 100]","[ 89 186 182 182 181 182 180 182 181 181 180 179 178 178 177 177 177 176
 175 174 174 175 176 177 177 171 171 180 190 193 193 194 195 182 171 175
 186 192 188 183 186 181 169 161 169 183 183 171 157 142 141 144 130 120
 134 155 152 145 130 132 128 125 129 106]","[ 89 186 183 182 181 182 180 182 180 180 180 179 178 177 177 176 176 175
 174 173 173 174 175 176 174 171 173 182 189 191 191 193 194 187 179 177
 184 190 187 180 182 184 176 163 165 178 180 172 157 143 138 143 138 124
 129 149 155 148 133 135 131 129 133 111]","[ 88 185 181 181 180 181 179 180 180 180 179 179 178 177 176 176 176 174
 172 171 171 172 174 176 172 172 176 184 188 187 188 191 191 191 186 181
 183 188 185 176 175 183 180 166 162 174 180 175 159 149 140 142 139 126
 130 152 161 154 139 140 135 132 136 112]","[ 87 183 180 180 179 179 177 179 180 180 179 178 178 177 176 176 175 174
 172 170 170 172 174 175 171 172 179 186 188 185 186 189 189 193 190 183
 183 187 183 173 168 182 182 167 161 172 181 179 160 154 143 141 138 127
 133 158 166 159 143 144 138 134 136 112]","[ 84 187 184 178 176 181 179 178 179 178 178 177 176 175 174 174 171 172
 172 172 172 171 170 169 169 171 181 194 196 190 185 186 178 186 187 180
 177 183 184 179 180 172 175 169 155 170 185 174 174 167 156 153 147 130
 135 162 177 176 161 157 148 144 142 111]","[ 86 187 183 178 175 179 177 176 177 176 176 175 174 173 173 172 171 172
 172 172 172 171 170 169 169 172 183 195 197 189 184 184 181 187 187 180
 173 174 179 183 178 178 184 171 148 159 185 190 181 174 164 162 157 140
 138 159 181 182 170 166 157 151 147 113]","[ 88 187 182 177 175 178 176 175 175 175 175 174 173 172 172 172 172 173
 173 173 173 172 171 170 167 173 185 196 197 190 185 184 181 181 180 174
 164 159 166 177 172 169 169 159 146 159 188 200 192 186 175 173 170 152
 142 153 182 188 180 177 166 158 150 114]","[ 87 182 177 175 174 176 174 175 173 173 173 172 172 171 171 171 171 171
 172 172 171 171 170 169 164 173 187 197 198 193 188 187 181 173 169 168
 160 149 150 160 158 142 131 135 150 172 191 197 201 195 183 178 177 161
 145 147 179 190 186 183 171 162 151 111]","[ 80 173 166 167 168 170 168 170 167 167 167 167 166 166 166 166 164 165
 165 165 165 164 163 162 162 174 189 197 198 196 194 192 187 175 169 171
 167 154 145 145 138 120 107 121 151 172 184 194 205 201 187 179 179 165
 146 141 174 190 189 185 173 164 152 109]","[ 74 164 156 158 160 161 159 162 159 159 159 159 159 159 159 159 156 156
 156 157 156 155 154 154 164 178 192 198 198 199 198 197 197 187 180 180
 177 166 149 139 121 117 111 123 145 155 169 194 204 205 192 182 181 169
 147 137 169 188 188 184 171 163 152 109]","[ 77 164 155 156 158 157 153 157 156 156 156 156 156 156 156 157 153 153
 154 154 153 152 151 151 170 184 197 199 197 199 200 198 200 197 190 183
 178 169 152 136 118 120 117 125 140 140 154 191 200 207 199 188 187 174
 149 135 162 182 183 177 164 158 149 106]","[ 84 169 158 159 160 157 153 156 157 157 157 158 158 158 158 158 155 155
 155 156 155 154 153 153 175 189 200 199 196 198 199 198 197 200 194 180
 170 164 149 133 122 121 112 120 139 137 147 183 196 208 204 194 192 178
 151 134 155 176 176 169 156 152 145 102]","[ 79 162 157 160 155 157 158 156 156 156 156 155 155 154 154 154 152 152
 152 153 155 157 154 149 174 187 199 200 198 199 201 201 200 198 191 181
 172 164 150 137 131 117 118 134 140 136 148 169 199 206 205 196 192 184
 158 129 147 163 160 154 144 144 140 102]","[ 79 162 157 160 155 157 158 156 156 156 155 155 155 154 154 154 152 152
 152 152 154 155 153 150 176 188 199 200 198 199 201 201 199 197 191 181
 172 164 150 138 128 115 116 131 137 133 142 161 195 206 208 197 188 180
 159 135 140 157 155 150 141 140 136  98]","[ 78 162 156 159 154 156 158 156 156 155 155 155 154 154 154 154 153 152
 152 152 152 151 152 153 178 190 199 200 199 200 202 201 198 197 190 181
 173 164 151 138 126 115 116 131 136 131 137 152 185 200 204 192 180 171
 155 138 141 158 157 153 145 145 142 104]","[ 78 161 156 159 154 156 158 156 155 155 155 154 154 154 153 153 153 151
 151 151 149 148 152 157 182 192 200 201 200 201 202 201 197 196 189 180
 173 165 152 139 127 117 119 132 137 131 133 144 173 188 193 182 171 164
 151 135 145 162 160 156 148 151 150 113]","[ 78 161 156 159 154 156 157 155 155 155 154 154 154 153 153 153 153 151
 151 151 148 146 153 164 186 194 201 201 201 203 203 201 196 195 189 180
 173 166 153 141 127 118 119 130 135 130 129 136 164 178 183 175 169 165
 152 134 144 160 158 153 146 150 151 116]","[ 77 160 155 158 153 155 157 155 154 154 154 154 153 153 153 152 152 150
 151 152 148 145 156 171 189 196 201 201 202 204 204 201 195 194 188 180
 173 166 154 142 125 116 116 126 131 127 125 129 158 174 182 176 172 170
 158 141 146 163 162 159 153 156 155 119]","[ 77 160 155 158 153 155 157 155 154 154 154 153 153 153 152 152 152 149
 151 153 148 145 159 178 192 198 202 202 202 205 204 201 194 193 188 180
 173 167 154 142 125 117 116 124 130 127 125 127 150 172 186 181 175 172
 163 151 150 170 174 174 168 168 162 122]","[ 77 160 155 158 153 155 156 154 154 154 154 153 153 152 152 152 152 149
 151 153 148 146 161 182 193 199 202 202 203 205 204 201 194 193 188 180
 174 167 155 143 128 120 118 125 131 130 128 129 143 170 189 185 174 170
 165 157 149 172 180 183 177 173 164 121]","[ 73 163 155 156 156 155 154 159 156 154 153 154 155 155 154 152 158 151
 151 157 152 146 163 188 199 201 203 205 205 203 201 199 194 193 189 181
 175 168 156 143 128 116 123 136 133 128 130 131 137 167 188 182 168 161
 155 149 151 173 186 187 173 177 175 128]","[ 78 169 161 162 161 161 159 164 164 162 161 161 162 163 161 160 165 161
 161 161 156 156 174 197 200 201 204 205 205 203 200 198 194 194 189 182
 176 169 156 144 128 117 124 137 133 129 132 131 137 162 184 185 179 175
 167 157 156 174 183 185 173 175 172 124]","[ 85 175 168 169 169 168 166 171 170 169 167 167 169 169 167 166 165 167
 165 158 153 162 183 201 201 202 203 204 204 202 199 198 195 194 190 182
 176 169 157 144 127 119 127 138 134 130 133 132 134 155 176 186 188 186
 174 162 160 173 181 189 181 180 172 121]","[ 88 179 172 173 173 172 169 174 172 170 168 168 169 169 167 166 164 170
 167 154 151 168 190 202 202 203 203 204 203 201 198 197 195 195 190 183
 177 170 157 145 125 120 129 138 133 130 133 131 130 147 169 184 190 185
 173 163 157 164 170 183 179 177 166 114]","[ 87 179 172 174 174 172 169 173 172 170 168 168 168 168 166 164 166 171
 167 155 156 176 196 204 203 203 203 203 201 199 197 196 195 194 190 182
 176 169 157 144 123 120 131 138 132 130 134 130 128 142 166 186 192 186
 177 173 161 154 149 158 155 155 151 107]","[ 86 178 172 174 174 172 169 172 173 171 169 169 169 169 167 165 164 165
 160 154 162 180 195 199 204 204 203 202 200 198 196 195 194 193 189 181
 175 168 155 143 122 122 134 140 133 132 135 131 130 140 161 185 195 190
 185 185 174 155 135 137 132 136 143 110]","[ 87 179 173 176 176 173 170 173 174 172 170 169 170 169 167 165 164 159
 153 156 169 184 193 196 205 205 203 202 199 197 195 194 192 192 187 180
 174 167 154 142 123 126 138 143 135 135 138 133 136 135 149 176 191 188
 182 182 174 151 130 134 128 132 143 116]","[ 88 180 175 178 177 175 171 174 173 171 169 169 169 168 166 164 170 160
 155 164 180 192 198 199 206 205 203 201 199 197 195 194 192 191 187 179
 173 166 153 141 124 128 141 145 137 137 141 135 140 130 137 164 183 180
 171 168 156 138 126 137 133 134 141 113]","[ 87 183 177 175 173 174 173 175 172 171 170 168 167 167 167 167 169 151
 148 171 191 193 194 202 201 200 200 199 198 196 194 193 189 188 184 179
 175 168 153 139 119 135 139 136 139 137 134 139 134 134 134 137 142 145
 145 145 128 130 123 130 131 134 141 116]","[ 90 186 181 180 178 179 177 179 176 175 174 173 171 171 170 170 170 155
 155 176 194 195 196 203 204 204 203 202 201 199 197 196 192 191 187 181
 177 170 155 140 123 139 144 141 144 142 138 143 139 137 135 135 136 136
 135 133 128 131 125 132 133 136 142 116]","[ 87 184 181 181 179 180 177 178 175 175 174 172 171 170 169 169 164 154
 158 178 193 194 195 199 200 200 199 198 196 194 192 191 188 188 184 178
 174 166 150 135 118 135 140 138 141 138 133 136 139 136 133 131 130 128
 125 122 120 123 119 127 128 130 134 108]","[ 91 188 186 187 186 185 182 183 180 180 179 178 176 175 173 172 162 161
 169 187 199 201 202 204 202 202 201 200 198 196 194 192 190 190 186 181
 176 168 151 136 121 139 145 143 146 142 136 139 142 140 137 136 136 134
 132 130 123 127 123 132 133 134 138 111]","[ 87 184 182 182 181 181 177 178 175 175 175 174 172 170 168 166 152 159
 171 185 195 199 200 201 199 198 197 196 194 191 189 188 182 182 180 175
 170 162 145 129 120 137 143 142 144 140 134 136 135 133 131 130 130 129
 127 125 119 124 120 128 129 131 134 108]","[ 95 192 188 187 185 185 181 183 180 180 180 180 178 175 172 170 157 169
 184 193 198 203 205 205 206 205 204 202 200 197 195 194 185 186 184 180
 176 168 151 135 125 142 147 145 147 143 137 141 139 137 134 132 132 130
 127 125 121 125 120 128 129 131 135 110]","[ 99 193 189 187 184 184 181 183 181 181 181 181 178 175 172 170 159 176
 190 194 195 199 201 200 203 203 202 200 197 194 192 190 184 185 184 181
 178 170 153 137 129 145 149 146 148 144 140 144 142 140 137 136 135 133
 131 128 124 127 122 129 129 132 138 113]","[ 60 155 149 146 143 142 140 142 140 140 141 140 138 134 131 129 121 139
 153 153 151 154 156 154 157 156 155 153 151 148 145 144 143 144 144 141
 139 131 114  98  99 114 117 113 115 112 108 113 105 103 101 101 102 101
  99  97  96  98  92  98  99 103 109  85]"
