"[32 30 30 30 29 31 28 29 29 29 29 28 29 29 29 29 29 30 29 28 28 29 30 30
 30 28 29 30 29 28 29 29 29 29 29 30 29 28 28 29 29 29 28 29 29 28 28 29
 29 29 29 30 29 28 28 29 29 29 29 28 29 29 29 28 29 29 29 29 28 28 29 29
 30 30 29 28 28 29 29 30 28 29 30 29 29 29 29 29 28 29 29 29 29 30 29 29
 28 29 29 29 29 29 29 29 30 30 29 29 28 28 29 29 28 29 29 29 29 29 29 30
 29 29 29 28 28 30 30 29 28 29 30 29 29 30 30 29 28 28 29 29 29 29 29 29
 29 29 29 29 29 29 29 29 29 29 29 29 29 29 29 29 29 29 29 29 29 28 29 29
 30 29 29 29 29 29 30 30 29 29 29 28 29 31 30 28 29 30 28 29 29 28 30 28
 29 30 28 27 31 31 28 31]"
"[30 29 28 29 32 27 34 26 29 30 30 30 29 28 29 29 27 28 29 29 29 29 29 28
 28 27 29 30 29 29 30 29 30 28 28 28 29 29 29 29 29 29 29 30 30 30 29 28
 29 29 29 29 29 29 29 30 27 28 29 30 30 30 29 28 28 28 29 29 29 29 29 29
 29 29 30 30 30 29 29 29 30 30 30 29 29 29 28 27 30 30 28 27 27 28 29 29
 29 29 29 28 28 28 28 28 27 27 29 29 29 29 30 30 30 29 29 29 28 28 28 29
 30 30 30 29 30 30 28 27 30 29 28 29 30 29 28 28 29 29 29 29 29 29 28 28
 30 28 29 30 30 29 29 31 27 28 29 30 30 29 29 28 28 28 28 29 30 30 29 28
 30 28 28 29 29 30 29 26 29 30 29 28 28 29 29 28 28 30 29 29 29 29 31 30
 29 31 29 29 31 25 32 29]"
"[ 30  31 118 120 117 120 118 124 118 119 120 119 117 116 116 116 118 122
 128 135 142 146 149 150 160 159 161 160 159 160 162 161 160 159 158 157
 155 154 154 154 156 156 155 154 155 156 156 155 156 155 154 154 154 154
 154 155 157 156 155 153 152 152 152 152 151 151 151 151 151 150 150 149
 147 148 150 149 148 147 147 147 145 144 144 143 143 142 140 139 133 132
 129 126 124 124 124 124 124 124 123 124 124 125 125 124 120 120 121 121
 120 118 116 115 115 115 115 115 114 114 114 114 112 111 110 110 109 106
 103 102  99  95  94  96  97  95  94  95  93  93  93  93  93  93  93  93
  92  90  90  92  92  90  90  94 103 103 102 101  98  94  91  89  79  78
  76  74  73  70  66  63  62  60  61  63  63  64  64  62  60  59  56  52
  48  45  44  43  46  51  55  63  71  78  87  90  93  91  91  89  88  94
  92  26]"
"[ 32  25 128 129 126 125 124 118 121 122 123 123 123 122 123 124 121 121
 121 122 123 122 121 120 132 133 136 138 140 147 153 153 160 161 161 159
 155 152 153 156 156 158 159 157 156 157 157 157 157 155 154 154 154 154
 155 156 152 153 154 156 155 154 153 152 155 155 155 155 155 155 154 153
 153 153 153 153 152 151 151 152 151 151 151 150 151 150 149 147 145 145
 144 141 138 136 135 133 131 130 129 128 128 127 126 124 124 125 126 126
 125 124 124 123 123 122 120 119 118 117 115 114 116 114 113 115 116 113
 111 110 110 107 106 106 104 101  99  99  98  97  96  96  95  95  94  94
  94  91  90  91  91  89  89  90  91  92  94  96  97  98  97  96  97  95
  94  92  90  88  84  82  80  80  80  77  71  69  69  69  68  67  64  62
  60  60  60  59  56  55  52  51  49  46  48  47  52  55  66  74  70  79
  89  34]"
"[ 30  32 129 126 127 119 126 129 129 129 129 127 125 124 123 124 127 125
 123 123 123 122 123 123 122 122 123 121 120 122 124 123 124 126 129 132
 133 135 138 141 153 158 163 163 161 160 160 161 159 157 156 155 155 154
 154 154 157 157 157 157 156 154 154 154 154 153 153 154 155 155 155 155
 155 154 154 154 154 154 153 152 153 153 153 153 154 154 153 152 152 153
 154 153 152 150 149 147 147 145 143 141 138 135 132 130 131 131 131 130
 129 129 129 130 129 127 124 123 123 124 124 123 121 118 117 118 118 116
 114 113 115 116 116 115 113 112 111 110 107 106 104 103 102 101 100  98
  99  97  94  92  91  91  89  87  91  91  91  92  94  95  95  95  97  97
  96  96  95  94  93  93  95  95  95  91  84  80  79  79  76  74  73  72
  72  71  69  68  67  65  61  61  60  57  57  56  53  50  44  49  49  49
  48  27]"
"[ 30  30 159 153 153 150 139 140 131 130 129 128 128 127 127 127 124 122
 120 121 123 124 125 127 124 124 125 125 123 123 122 120 119 117 117 118
 120 121 120 119 116 121 127 132 135 138 144 148 152 153 154 156 158 159
 160 162 160 159 159 158 156 154 153 155 157 157 157 157 157 157 157 157
 157 157 157 158 159 158 156 154 154 154 154 154 155 156 155 154 153 154
 155 154 153 153 153 153 154 153 152 151 149 148 145 144 142 141 138 135
 132 130 129 129 132 129 126 125 126 128 130 130 129 127 125 125 124 123
 121 120 116 118 120 118 117 117 117 116 116 115 114 114 114 114 113 111
 112 111 108 104 103 104 101  97  96  95  94  94  95  96  96  96  95  95
  95  94  93  93  93  94  95  94  95  96  94  93  92  90  90  89  88  88
  86  81  77  74  76  74  71  72  71  67  67  65  62  66  62  58  55  56
  50  32]"
"[ 28  28 179 177 173 173 174 168 167 164 160 156 153 149 145 142 137 134
 132 131 130 126 124 124 125 124 125 127 126 125 123 121 124 122 121 122
 124 124 124 124 124 122 121 123 123 122 122 125 123 125 130 134 138 140
 143 145 144 146 152 158 160 159 159 160 157 157 157 157 157 156 156 156
 158 158 158 159 159 159 157 156 158 159 158 158 158 159 160 160 157 158
 157 156 155 155 156 156 154 154 153 153 154 154 154 154 154 153 151 149
 147 146 145 146 141 138 134 132 132 132 130 129 130 130 129 128 129 129
 128 127 127 127 127 126 124 122 120 120 116 116 116 117 118 118 116 115
 117 116 115 113 112 112 110 109 108 106 104 102 101 100  99  98  98  97
  97  96  96  97  97  97  96  94  95  95  94  94  93  91  92  93  94  95
  94  92  92  92  89  89  86  86  83  78  76  75  76  69  70  68  63  65
  62  29]"
"[ 29  30 191 185 188 188 186 183 187 184 182 181 181 179 176 173 167 164
 162 161 157 150 144 142 135 132 132 134 133 132 131 130 132 132 132 130
 126 124 125 127 127 124 124 129 132 128 123 122 119 121 122 123 120 118
 117 118 120 119 121 126 131 137 146 153 159 160 161 162 162 162 162 163
 159 159 159 158 158 159 159 159 158 159 159 158 158 160 161 161 159 160
 160 159 158 158 159 160 159 158 157 156 155 154 155 155 156 156 155 154
 153 152 152 152 152 151 150 151 151 150 146 142 138 138 136 133 131 130
 128 126 129 127 127 129 128 126 125 127 125 124 124 124 124 123 120 118
 117 116 117 118 117 116 117 118 118 116 114 113 112 111 109 108 109 107
 105 104 103 102 100  99 101 100 100  97  93  92  95  95  94  93  93  92
  90  88  90  93  97  98  97  99  95  89  89  89  85  85  82  73  74  77
  73  28]"
"[ 29  29 192 193 191 190 189 188 190 189 190 191 190 187 186 188 187 185
 182 180 179 179 179 179 175 174 172 168 164 160 157 155 153 145 139 140
 144 145 144 144 142 140 139 138 138 138 138 137 136 133 130 128 128 127
 125 124 124 127 129 128 124 121 119 118 118 121 127 132 132 131 137 145
 154 155 157 158 157 157 159 163 160 161 161 159 158 160 161 160 161 160
 160 159 159 159 160 160 159 160 160 159 159 160 160 158 159 161 159 157
 156 156 156 158 156 156 155 153 153 153 153 152 151 149 148 149 150 148
 146 146 141 139 137 137 136 134 130 127 130 130 129 129 130 130 129 128
 125 124 123 122 121 121 121 122 123 122 122 122 121 119 118 118 116 117
 116 112 110 109 109 108 108 106 102  99  98 100 101 102  99  96  94  93
  91  88  87  88  89  89  90  91  90  89  89  90  92  91  91  90  89  95
  89  29]"
"[ 29  29 193 194 194 194 194 193 194 193 193 194 193 190 190 191 192 191
 190 189 189 189 188 188 188 187 185 182 180 180 179 179 179 173 167 165
 163 160 157 155 154 151 146 143 142 142 143 144 147 145 143 142 141 141
 139 138 135 134 131 127 125 124 125 125 124 122 121 121 119 116 117 120
 122 121 121 123 126 130 136 141 141 145 151 155 157 159 163 166 168 165
 162 160 161 161 160 158 161 162 161 159 158 159 160 159 158 161 161 161
 162 161 158 158 157 158 159 159 160 160 158 157 155 154 155 156 157 156
 154 154 156 154 151 149 148 146 144 142 140 140 138 136 133 131 129 129
 130 129 128 128 128 128 128 129 129 128 126 126 125 123 121 120 122 123
 122 120 119 119 118 118 115 114 113 112 111 110 107 104 104 103 103 103
 101  98  97  98  96  95  94  94  92  90  89  90  92  91  90  90  89  92
  88  30]"
"[ 29  29 193 195 195 195 196 195 196 195 195 196 195 193 193 194 195 195
 195 195 195 195 195 194 195 193 191 189 188 189 190 190 189 187 185 185
 183 180 178 178 175 174 173 171 168 165 162 160 152 151 149 147 146 144
 141 139 140 140 140 139 140 139 138 136 131 130 130 130 129 125 122 121
 123 124 124 124 125 125 123 121 123 120 119 122 126 128 131 135 147 151
 156 161 164 165 166 166 162 163 163 161 160 160 160 160 162 162 160 160
 161 162 162 163 160 160 160 160 161 161 161 160 161 160 159 158 158 158
 159 161 160 159 157 155 154 153 153 153 154 154 152 149 146 143 142 142
 140 136 133 132 131 130 131 134 133 131 130 130 130 129 127 124 125 124
 124 125 124 123 122 121 121 120 119 119 119 119 118 115 115 114 114 113
 110 106 104 105 102  99  98  99  98  96  96  97  93  93  91  90  89  89
  86  29]"
"[ 29  29 193 195 195 195 195 194 195 195 195 195 195 194 195 196 194 195
 195 195 195 195 195 195 196 195 194 193 192 192 191 191 191 191 191 192
 191 189 189 189 193 192 190 187 184 182 181 181 179 178 176 174 172 170
 166 163 157 156 154 152 150 149 146 144 142 141 140 136 135 135 137 138
 136 135 133 130 128 128 125 121 125 122 120 123 125 125 123 121 116 119
 124 128 131 135 140 144 151 153 155 157 158 159 160 161 161 162 162 163
 164 162 160 161 161 161 161 161 161 162 162 161 161 161 162 163 163 162
 161 160 162 162 162 161 160 159 158 158 159 159 158 157 155 154 153 153
 153 149 146 145 143 140 140 142 138 136 134 134 135 135 132 129 130 129
 130 132 133 131 129 129 130 128 125 122 121 121 122 122 121 120 118 117
 116 115 115 116 114 110 107 107 106 104 103 104 101 100  96  96  95  92
  90  28]"
"[ 29  29 194 195 195 194 194 193 194 194 195 195 195 195 195 196 194 195
 195 195 195 195 195 195 195 195 195 195 195 195 195 195 195 194 194 194
 193 192 191 191 194 194 193 191 189 188 188 188 189 188 188 187 186 184
 182 180 181 181 180 177 173 170 167 164 162 161 157 152 149 148 147 147
 146 146 144 140 139 138 136 133 130 131 131 130 129 128 126 123 124 123
 122 121 121 120 119 118 122 124 127 131 135 138 141 142 155 157 158 161
 163 164 165 168 165 165 165 165 165 165 163 161 161 161 161 161 161 162
 162 162 160 160 161 162 163 163 162 162 160 159 159 159 159 158 157 156
 157 156 158 160 159 155 153 153 149 147 145 143 143 142 138 134 132 131
 132 135 137 135 134 133 135 135 134 132 130 130 130 130 128 126 124 123
 123 123 123 123 123 119 116 116 116 114 112 113 111 110 106 106 106 103
 101  29]"
"[ 29  29 193 195 195 194 194 193 194 194 195 195 195 194 194 195 194 194
 195 195 195 195 196 196 195 195 194 194 194 195 195 196 195 195 195 195
 195 195 195 195 192 194 195 196 195 194 192 192 194 193 193 193 193 192
 190 189 191 193 195 194 192 190 188 187 186 184 182 180 179 176 171 166
 161 161 159 155 151 148 144 140 138 138 136 134 136 139 137 134 130 131
 132 133 131 128 123 120 117 116 116 117 118 119 120 122 121 121 121 121
 124 126 130 136 148 149 151 154 160 166 170 172 170 170 168 166 163 161
 160 159 163 163 163 163 163 163 162 162 162 161 161 161 162 162 161 160
 159 159 160 161 161 160 160 160 159 158 156 154 154 153 150 146 139 138
 138 139 139 137 135 133 137 138 138 137 136 136 137 138 135 134 132 131
 131 131 129 127 126 125 123 123 123 123 122 122 118 118 114 115 116 114
 113  29]"
"[ 29  29 193 195 195 194 194 193 193 194 195 195 195 195 194 194 193 194
 195 195 195 195 195 196 197 196 195 195 194 194 195 195 195 196 195 195
 195 195 194 194 196 196 194 193 193 194 196 197 195 195 195 194 194 194
 193 192 193 193 191 189 187 189 191 192 196 193 190 190 191 192 191 190
 193 189 184 181 179 177 176 175 171 168 164 162 161 156 147 140 140 140
 139 139 138 138 139 139 136 134 131 130 129 127 125 125 126 125 124 124
 123 120 118 120 119 118 118 118 120 124 127 129 141 148 155 159 161 162
 162 161 165 166 167 167 165 164 163 163 163 162 161 161 161 161 162 162
 163 163 162 160 160 162 163 162 162 162 162 161 161 162 161 158 155 155
 154 152 151 150 147 145 146 145 143 140 138 138 138 137 137 137 138 137
 137 137 136 135 133 133 132 130 129 129 127 125 125 126 123 123 123 122
 123  28]"
"[ 29  30 194 196 195 195 194 193 193 194 196 196 196 196 196 195 194 195
 196 196 196 195 195 196 195 195 196 196 196 195 195 195 193 194 195 195
 194 194 194 193 195 195 195 196 196 195 195 195 195 195 195 195 195 196
 195 195 193 194 194 194 194 194 194 194 193 194 194 195 194 193 194 195
 195 193 192 194 195 192 188 186 186 182 180 179 178 174 171 171 170 166
 161 159 158 155 150 146 139 137 137 138 138 136 133 132 134 132 128 127
 127 125 125 128 123 124 125 125 125 124 122 120 119 122 124 123 122 126
 132 137 142 147 154 159 161 163 164 166 167 166 165 163 161 161 162 163
 160 163 164 163 163 164 163 160 161 163 164 163 164 165 165 163 162 162
 161 160 159 159 158 156 156 155 153 152 151 150 147 145 142 143 143 141
 138 137 137 137 136 137 137 135 135 136 135 131 134 134 132 130 128 129
 130  28]"
"[ 28  28 194 196 195 195 194 194 195 195 195 195 195 195 195 195 193 194
 195 195 195 195 195 195 195 195 196 196 196 195 194 193 193 194 195 194
 193 193 194 194 195 195 195 195 194 194 194 194 195 195 196 196 196 196
 195 195 194 194 194 194 195 195 195 195 195 195 196 195 194 194 195 195
 195 195 195 195 195 195 194 194 192 191 191 192 192 191 188 186 188 187
 184 182 179 177 175 174 176 170 163 158 156 155 151 144 144 139 136 133
 132 137 140 136 134 128 129 132 129 129 130 126 126 126 126 126 126 126
 124 122 120 122 123 120 122 129 130 130 138 144 150 157 163 168 168 166
 166 166 165 164 162 162 162 162 162 165 164 163 165 167 167 167 166 165
 164 163 162 162 162 162 163 161 160 160 160 158 156 156 157 157 155 151
 148 147 147 147 143 141 139 138 138 138 136 134 133 137 135 134 135 133
 130  29]"
"[ 29  29 194 195 194 195 195 196 195 195 195 195 195 195 195 195 193 194
 195 195 195 195 195 195 195 195 195 195 195 195 194 194 194 195 195 195
 194 193 194 194 194 194 195 194 194 193 194 194 194 194 195 195 195 195
 195 195 195 195 195 195 195 195 195 195 195 196 196 196 195 195 196 196
 196 195 195 195 195 195 195 195 195 194 194 194 194 194 193 192 191 192
 193 194 195 195 194 193 190 188 186 183 179 180 182 181 172 170 169 164
 155 150 149 147 144 142 143 142 137 137 140 138 140 137 134 131 130 131
 131 130 130 129 127 122 120 123 122 122 121 118 117 119 124 130 135 138
 145 151 158 162 164 166 168 170 169 167 166 168 170 166 164 166 166 166
 165 166 166 166 166 166 165 166 166 164 161 160 162 164 161 161 160 159
 158 158 158 158 156 154 151 149 147 145 141 138 141 138 136 138 138 134
 133  30]"
"[ 29  28 194 195 194 195 195 196 195 195 195 195 195 195 195 195 194 194
 195 195 195 195 195 196 195 195 195 195 195 195 195 195 195 196 196 196
 195 194 194 194 193 194 194 194 194 194 194 194 193 193 194 194 193 194
 194 195 195 195 195 195 195 195 195 195 195 195 194 195 195 195 195 195
 197 196 195 195 195 196 196 196 195 195 195 195 195 196 196 196 192 193
 194 195 195 195 193 192 193 193 194 195 193 192 193 191 193 189 189 188
 182 178 179 180 178 172 169 165 161 159 155 147 144 144 144 144 145 144
 141 138 134 134 137 137 136 137 133 132 132 128 125 125 125 121 118 118
 120 122 123 122 123 128 135 140 143 143 147 155 163 165 165 167 170 169
 168 167 167 167 167 166 167 166 164 163 164 166 165 162 165 165 163 162
 162 162 162 161 163 160 158 156 156 156 155 154 156 152 149 149 147 143
 141  28]"
"[ 28  28 194 197 196 197 195 195 194 195 196 196 195 195 195 196 195 195
 195 195 195 195 195 196 195 195 195 195 195 195 195 195 195 196 196 196
 195 194 194 194 194 195 195 195 195 195 194 194 193 194 194 193 193 193
 194 195 195 195 195 195 195 195 195 195 195 194 193 194 195 195 195 195
 196 196 195 195 195 196 196 196 194 194 194 194 194 195 195 196 195 195
 194 194 195 195 195 195 197 194 192 192 192 193 193 192 192 188 186 188
 189 190 192 195 192 189 190 192 191 188 181 172 172 170 167 164 161 158
 154 150 145 142 141 138 137 138 137 140 141 138 136 136 137 135 132 130
 128 126 123 120 120 122 123 123 118 118 116 116 123 130 133 135 147 152
 158 164 168 168 167 166 166 170 172 168 165 164 164 163 164 164 163 162
 162 164 165 165 161 161 162 162 163 161 159 158 160 159 159 157 156 158
 156  30]"
"[ 29  29 195 197 197 197 196 197 196 197 197 197 197 196 196 196 196 196
 196 196 196 196 196 195 195 195 195 196 196 195 195 195 195 195 196 196
 195 195 195 195 195 195 196 196 196 195 194 194 195 195 194 193 193 193
 194 194 195 195 195 195 195 195 195 195 195 194 193 194 195 196 195 195
 196 195 195 195 196 196 195 195 194 194 194 195 195 195 195 195 194 193
 193 193 193 194 195 195 195 195 196 197 195 195 195 194 191 191 192 192
 192 191 191 192 193 192 193 192 189 189 192 195 190 190 189 188 189 188
 186 184 181 178 177 172 166 160 153 152 146 144 141 138 139 140 139 136
 139 138 136 134 133 133 130 128 128 128 125 122 123 124 123 123 119 119
 119 119 120 124 130 135 133 135 138 146 159 169 171 168 166 167 167 165
 163 162 162 162 161 161 161 162 162 162 162 162 164 163 164 161 160 163
 162  27]"
"[ 30  30 195 195 194 195 195 198 199 199 199 199 198 198 197 196 197 197
 197 197 197 197 196 196 196 196 196 196 196 196 195 195 195 195 196 196
 196 196 196 195 196 195 195 195 195 195 194 194 196 195 195 194 194 194
 194 194 195 195 195 195 195 195 195 195 195 194 193 193 194 195 195 194
 195 195 195 195 195 195 194 194 194 194 195 195 195 195 194 194 195 195
 195 195 196 195 195 194 192 193 196 196 195 196 196 194 197 197 195 196
 199 199 198 200 196 196 195 194 193 193 194 195 193 193 193 193 193 193
 191 189 190 186 185 182 182 184 185 188 181 179 174 167 163 160 156 151
 146 145 142 137 134 133 134 134 133 133 134 137 139 135 132 134 129 130
 130 127 123 119 118 119 117 119 120 120 121 124 126 127 146 150 155 159
 162 165 167 168 166 166 166 165 165 164 164 165 165 161 162 162 162 162
 163  30]"
"[ 29  29 194 194 192 193 194 198 200 200 199 199 199 199 198 197 197 197
 197 198 199 199 198 197 197 197 197 196 196 196 196 196 196 196 196 197
 197 197 196 196 196 195 195 195 195 196 195 195 196 195 195 195 195 195
 195 194 195 195 195 195 195 195 195 195 195 194 193 193 194 195 195 194
 195 195 194 194 194 194 194 194 195 194 194 195 195 195 194 193 190 191
 192 194 195 195 194 193 192 198 202 194 179 165 151 140 135 134 136 146
 160 168 177 187 195 201 201 196 193 194 194 194 198 196 193 190 190 192
 195 196 193 193 194 193 193 193 191 191 194 192 187 183 180 180 179 179
 174 174 172 168 164 160 158 156 151 147 143 143 144 141 139 141 140 139
 138 135 133 132 132 133 131 128 124 123 124 124 122 120 118 120 122 125
 128 131 133 133 146 150 157 162 166 168 169 169 171 168 168 166 167 163
 164  29]"
"[ 28  30 196 196 193 193 194 198 199 198 198 198 199 200 198 197 196 197
 197 199 200 200 199 198 199 198 197 196 196 196 196 196 197 197 197 198
 197 197 196 196 196 195 195 195 196 196 196 196 196 195 194 195 196 196
 195 194 195 195 195 195 195 195 195 195 196 195 194 194 195 195 195 195
 196 195 194 194 194 194 194 194 196 195 194 194 195 195 194 193 193 193
 194 194 194 194 193 193 198 195 176 136  92  64  50  44  40  40  42  49
  55  57  67  84 116 153 188 199 197 195 194 195 194 195 195 194 194 195
 195 195 194 193 195 192 192 194 193 193 193 192 192 194 194 193 193 195
 195 192 189 187 186 184 181 177 175 176 173 171 171 167 159 153 149 147
 145 142 141 141 141 141 138 138 138 137 135 133 134 135 132 129 126 124
 124 125 125 124 121 120 118 117 119 123 128 132 134 139 145 146 155 159
 164  28]"
"[ 28  28 194 196 195 195 195 197 197 197 197 197 198 198 197 196 196 196
 197 198 199 199 199 199 199 198 197 196 195 196 197 198 199 199 199 198
 198 197 198 198 196 197 198 198 197 197 198 199 197 196 195 196 196 197
 197 196 195 195 195 196 195 195 195 195 195 196 196 194 195 196 194 194
 193 194 195 197 197 194 193 194 193 196 196 194 193 195 195 193 194 194
 192 195 192 194 194 200 191 166 104  59  49  46  45  45  40  42  45  48
  49  48  53  60  67  79 126 174 200 196 192 192 193 195 194 195 197 195
 194 197 196 197 195 195 194 193 194 194 193 194 194 194 193 193 193 194
 193 192 191 190 191 192 193 194 192 190 188 187 186 185 181 178 175 176
 176 175 171 166 162 159 153 148 146 147 147 147 144 140 138 138 137 137
 136 135 136 137 131 130 128 126 123 121 121 121 117 119 121 118 122 123
 122  31]"
"[ 29  29 195 196 195 196 195 197 196 196 196 196 197 196 195 195 196 196
 197 198 198 198 198 198 198 197 197 196 195 196 196 197 199 199 199 198
 197 196 197 197 196 197 197 197 197 197 197 198 197 196 196 196 196 197
 197 197 196 196 196 196 196 196 196 196 195 195 196 196 196 194 192 193
 197 197 194 192 193 194 194 195 195 195 195 194 193 192 192 192 194 193
 193 196 192 192 199 193 149  93  50  41  43  45  45  43  44  45  47  50
  53  54  60  67  68  67  69 106 174 199 189 191 192 193 194 193 193 194
 194 193 192 192 193 195 196 194 193 190 194 194 193 191 191 193 194 194
 193 192 191 191 192 193 194 194 192 191 190 191 192 192 190 188 188 188
 188 187 185 182 180 179 180 175 172 169 166 164 162 158 151 149 147 144
 142 140 140 140 144 143 141 139 138 136 136 137 130 130 131 129 128 124
 122  28]"
"[ 30  30 195 197 197 197 196 197 196 196 196 196 196 196 195 194 196 196
 197 197 197 197 197 197 197 197 197 197 196 196 197 197 198 198 198 197
 196 196 196 196 196 196 197 197 197 197 197 197 197 196 196 196 196 197
 197 197 197 197 196 196 196 196 196 196 199 195 193 194 196 196 197 199
 192 196 197 195 197 197 195 193 194 193 194 196 196 193 192 193 193 193
 191 188 191 199 195 152  76  45  43  51  46  45  44  42  41  42  43  47
  52  55  59  66  69  73  65  62 101 167 197 195 190 189 191 193 192 194
 195 193 194 193 193 193 191 191 192 193 192 190 190 192 195 196 194 190
 193 192 192 192 193 193 193 193 193 193 193 193 194 194 193 192 190 190
 189 188 187 187 187 187 188 186 185 183 180 179 180 179 177 177 176 174
 172 169 164 159 155 152 149 146 145 143 142 142 150 144 142 144 147 142
 137  30]"
"[ 29  29 194 197 197 198 196 197 196 196 196 196 196 196 196 196 196 196
 196 197 197 197 197 197 197 198 198 198 198 198 197 197 197 197 197 196
 196 196 196 196 197 196 196 196 197 197 197 197 196 196 196 196 196 196
 197 197 198 197 197 196 196 196 196 196 195 196 196 197 194 192 193 193
 193 196 196 195 196 196 197 198 196 195 194 194 194 194 196 197 194 196
 196 190 190 185 146  79  45  46  52  51  46  46  43  40  39  41  44  48
  53  56  59  64  67  66  71  67  62 108 164 193 194 191 188 190 195 194
 191 191 188 188 190 190 189 190 190 192 189 189 190 191 190 190 192 195
 193 193 193 194 194 193 193 192 194 194 194 193 193 192 191 191 193 193
 192 192 192 192 193 193 189 189 191 191 188 187 188 187 187 186 184 181
 182 185 185 182 182 178 174 172 170 168 165 164 162 157 152 147 143 139
 142  28]"
"[ 29  28 193 195 196 197 195 195 196 196 195 195 195 196 197 197 195 196
 196 196 197 197 197 197 197 198 198 199 198 198 198 198 197 197 197 196
 196 195 196 196 196 195 195 195 196 197 196 196 196 196 196 196 196 196
 196 196 196 196 196 196 195 195 195 195 194 195 194 194 193 196 203 201
 204 201 197 197 198 195 194 195 195 199 202 202 201 200 198 194 195 191
 193 190 175 146  90  47  50  53  48  46  46  44  44  43  41  44  47  51
  56  58  61  65  68  68  64  65  56  56  96 169 190 196 192 188 192 191
 188 194 189 187 190 193 195 197 194 196 194 192 193 194 193 189 189 191
 192 193 194 194 194 194 193 193 193 193 194 194 193 193 193 193 193 193
 192 192 193 193 193 193 192 192 193 194 192 192 193 192 193 192 189 187
 189 192 193 191 193 191 189 188 188 186 183 182 180 182 182 181 177 171
 166  28]"
"[ 30  29 193 195 196 196 195 195 195 195 195 195 195 195 196 197 195 195
 196 196 197 197 197 198 197 197 198 197 197 197 197 197 197 198 197 197
 196 195 195 195 196 195 195 195 196 196 196 195 195 196 196 196 195 195
 196 196 195 196 196 196 196 196 196 196 197 194 192 199 204 200 187 162
 134 125 115 111 109 100  92  89  98 108 121 131 140 147 149 148 142 128
 121 114  96  73  45  46  49  51  50  53  48  42  46  44  43  45  47  50
  54  57  61  65  65  67  60  60  64  54  51  80 134 168 191 194 196 194
 190 194 190 189 194 189 178 165 150 147 148 158 174 189 196 196 192 189
 191 191 192 193 193 193 193 193 193 193 193 193 193 193 193 193 193 193
 194 194 194 194 194 193 193 191 192 192 192 194 195 195 193 194 194 194
 194 194 191 188 193 192 191 192 192 191 190 189 193 191 186 187 190 192
 187  30]"
"[ 30  29 194 195 195 196 195 195 195 195 195 195 195 195 195 196 196 196
 196 196 196 197 197 197 197 197 197 196 196 196 197 197 198 198 198 197
 196 195 195 195 196 195 195 195 196 196 196 196 195 195 196 196 195 195
 196 196 195 196 196 197 197 196 196 195 192 197 199 199 180 146 110  74
  62  55  47  45  46  45  44  46  43  45  45  45  45  49  53  55  50  52
  64  72  70  60  48  54  51  49  50  51  47  45  46  42  45  47  48  50
  56  59  61  63  61  58  60  55  50  46  43  39  52  91 134 160 175 183
 186 186 174 155 135 107  83  68  55  56  59  64  79 111 154 189 197 191
 191 192 192 192 192 192 193 193 194 194 194 193 193 192 192 192 192 192
 192 192 192 193 192 192 196 194 194 194 193 194 195 194 193 192 192 191
 192 194 195 197 194 194 194 195 194 193 193 193 192 195 194 195 193 193
 191  27]"
"[ 29  28 192 194 193 195 194 195 195 195 196 196 196 195 195 195 196 196
 196 196 196 196 197 197 197 197 197 196 195 196 197 198 197 197 197 197
 196 195 195 195 195 195 195 195 195 195 195 195 195 195 196 196 195 195
 195 196 195 195 196 196 195 194 193 192 192 201 195 166 110  66  56  50
  53  54  54  52  51  49  49  51  49  48  47  45  41  40  42  46  46  50
  62  69  67  55  52  51  52  51  53  50  48  47  42  47  46  47  48  51
  57  60  59  60  62  57  54  46  49  48  44  39  35  34  45  64  82 102
 115 114  96  71  52  38  39  46  44  49  49  53  52  55  82 130 172 191
 195 195 194 194 193 193 193 194 194 194 194 194 194 194 194 194 195 194
 193 193 193 194 194 193 193 192 194 195 194 194 195 195 193 193 194 194
 193 192 193 194 194 194 195 195 195 194 195 196 195 196 194 195 194 194
 194  27]"
"[ 29  30 192 195 195 195 196 195 195 195 195 195 195 196 195 195 195 195
 196 196 196 196 198 199 198 197 196 195 195 196 196 197 195 197 198 197
 196 195 196 197 196 194 193 193 194 195 195 195 195 195 196 196 195 195
 195 196 194 197 195 194 196 192 189 195 199 190 135  78  55  51  54  56
  55  53  52  51  52  51  49  47  46  45  44  40  39  40  41  42  43  49
  54  56  54  51  51  52  53  53  50  48  48  47  45  46  47  48  50  51
  54  58  59  59  57  53  48  45  43  42  41  40  39  38  35  32  35  43
  50  52  51  50  48  47  46  46  47  48  52  54  54  53  54  57  78 116
 154 188 199 198 191 195 193 193 194 194 194 195 194 193 193 194 194 194
 193 193 193 193 193 193 193 193 194 194 195 195 195 195 194 194 193 192
 192 193 193 193 194 194 194 195 195 195 194 195 196 196 195 194 196 195
 192  29]"
"[ 30  29 193 194 194 194 195 194 195 195 195 196 196 196 196 195 194 195
 195 195 196 196 197 198 197 197 196 195 195 195 195 196 195 196 196 196
 196 196 195 195 195 194 194 195 195 196 195 194 196 195 194 195 196 196
 195 193 194 194 197 195 194 189 195 195 186 130  78  54  49  53  54  50
  52  51  51  51  51  51  49  47  46  45  43  41  40  39  40  40  41  44
  49  51  50  49  51  52  51  52  50  48  47  46  45  46  47  49  51  53
  55  58  59  57  53  49  45  42  41  40  39  39  38  38  37  37  38  41
  45  48  51  50  48  46  45  45  45  46  45  50  54  55  59  57  55  65
  81 120 173 197 197 193 197 192 195 195 195 196 195 194 195 195 195 194
 194 194 194 194 194 194 194 194 194 195 195 195 195 196 194 194 194 193
 193 194 194 193 193 193 194 195 195 195 195 196 195 195 195 194 195 194
 191  29]"
"[ 29  29 193 194 194 193 194 193 195 195 195 195 195 195 195 195 194 195
 195 195 195 195 196 197 196 196 196 195 195 195 195 195 196 195 195 195
 197 197 196 195 195 194 194 194 195 195 194 193 195 194 194 194 195 196
 195 193 194 190 195 194 193 188 196 184 128  72  48  51  51  53  52  51
  50  51  51  52  52  51  49  48  47  44  43  43  43  41  40  41  40  42
  45  47  48  48  50  51  49  51  50  48  48  46  46  48  47  49  51  52
  55  57  56  54  49  46  42  40  39  38  38  39  37  37  38  39  38  38
  40  45  49  48  47  45  44  44  44  45  46  49  52  52  56  60  58  59
  63  72 101 174 200 197 192 195 195 195 195 195 195 195 195 196 195 195
 195 195 195 195 195 195 195 195 195 195 195 195 195 195 194 195 195 194
 194 194 194 194 192 192 193 194 195 195 195 195 194 195 195 194 195 194
 191  29]"
"[ 29  29 192 194 193 193 194 193 194 195 195 195 195 194 195 195 195 195
 195 195 195 195 195 196 195 195 195 195 195 195 195 195 196 195 195 195
 197 197 196 195 196 195 194 193 194 194 194 194 195 195 195 195 193 192
 191 191 190 190 190 187 194 192 170 120  61  50  51  55  53  49  48  52
  51  52  53  53  53  51  50  49  47  44  42  44  45  44  43  43  42  43
  44  46  48  48  48  48  47  49  48  48  48  48  47  49  48  49  51  52
  54  55  54  51  47  44  41  40  39  39  39  39  36  36  37  38  37  36
  39  43  46  46  46  45  44  44  45  46  46  46  51  54  55  58  61  66
  67  66  66 106 171 201 197 193 195 194 195 195 195 195 195 196 195 195
 195 195 195 195 196 196 196 195 195 195 195 195 195 195 194 195 196 195
 195 195 194 194 192 192 193 194 194 194 194 194 194 195 196 194 195 194
 192  30]"
"[ 29  29 192 193 193 193 194 194 195 195 196 196 195 195 195 196 195 196
 196 195 195 195 195 195 194 195 195 195 195 195 195 195 195 195 195 195
 195 196 196 195 197 196 195 194 194 193 193 192 192 191 191 191 192 191
 190 189 188 191 190 189 179 152 108  63  45  54  54  51  50  49  52  54
  52  53  54  53  52  51  51  51  48  44  42  44  45  44  44  45  44  43
  44  45  47  48  48  47  48  48  47  47  49  49  47  48  50  51  53  53
  54  55  53  50  46  43  40  39  40  40  40  40  37  37  37  36  36  37
  39  41  43  44  44  44  43  44  45  47  45  42  49  55  57  59  60  63
  68  69  68  69 122 187 198 197 196 195 195 196 196 196 196 196 196 196
 196 196 196 196 196 196 196 196 196 196 195 195 195 196 195 196 197 196
 195 195 195 195 195 194 195 195 195 194 193 193 194 195 196 195 195 194
 192  30]"
"[ 29  29 192 193 193 194 195 194 194 195 195 195 195 195 195 195 195 195
 196 196 195 195 195 196 195 195 195 195 195 195 194 194 194 195 196 196
 195 195 196 196 195 195 195 195 194 192 191 190 192 189 187 188 191 192
 190 187 191 192 185 165 128  85  54  46  54  56  53  53  50  49  55  53
  53  53  54  54  53  52  53  53  50  47  45  45  45  44  44  45  45  44
  43  43  45  48  50  50  50  50  48  48  50  50  48  48  51  52  54  54
  54  54  52  49  45  42  39  39  40  40  40  40  39  39  39  38  38  39
  40  40  43  43  44  44  44  44  45  46  46  45  50  53  56  62  66  69
  69  78  73  67  74 143 193 200 196 195 195 195 196 195 195 196 196 197
 197 197 196 196 197 197 197 197 197 196 196 196 197 197 197 198 198 197
 196 196 196 196 196 196 196 196 196 194 193 193 194 195 195 194 196 194
 192  29]"
"[ 29  29 192 193 193 193 194 194 194 194 194 195 195 195 195 194 194 195
 196 196 195 195 196 196 195 195 195 195 195 195 195 194 195 195 196 196
 195 195 196 196 194 194 194 194 193 193 192 192 191 188 186 185 186 186
 184 181 176 156 124  78  54  50  52  57  53  51  53  55  50  47  51  50
  54  54  55  54  53  53  53  53  50  49  47  46  44  44  44  44  45  44
  43  44  45  48  50  51  50  50  48  48  49  49  48  49  49  52  54  54
  53  52  49  47  45  43  41  40  40  40  41  42  42  40  39  39  39  38
  40  43  44  44  44  45  45  46  46  47  47  49  54  55  57  62  65  68
  74  69  70  74  66  79 149 197 195 194 194 195 195 195 195 195 196 196
 197 196 196 196 196 197 197 196 196 196 196 197 197 197 198 199 199 198
 196 196 196 196 196 196 196 197 196 195 194 194 195 195 196 195 196 195
 192  29]"
"[ 29  29 191 193 193 193 194 194 195 195 195 195 195 196 195 195 195 195
 196 196 195 195 195 195 195 195 195 195 195 195 195 195 195 194 194 194
 195 195 195 195 196 195 193 193 193 194 197 198 196 190 178 162 144 128
 117 112  92  66  56  40  46  52  53  54  52  52  53  49  51  53  49  52
  54  54  55  54  53  52  51  51  49  49  48  45  43  43  43  42  45  44
  44  45  46  47  48  49  47  48  47  46  47  47  47  49  48  51  54  54
  53  51  48  45  45  45  44  43  41  41  42  44  44  40  38  39  38  37
  40  46  45  45  45  46  47  48  48  48  52  51  53  56  61  64  65  70
  73  73  76  74  70  73  93 162 196 195 195 195 196 195 195 195 195 196
 196 196 195 195 195 196 196 195 195 195 196 196 197 197 198 199 199 197
 196 195 196 196 196 196 197 198 198 197 196 197 196 196 196 195 197 196
 193  30]"
"[ 29  29 192 192 192 192 192 194 194 194 194 194 194 195 195 195 195 195
 195 194 194 194 194 194 194 195 195 196 195 195 195 195 194 194 194 193
 194 195 195 194 196 193 189 188 197 198 196 186 160 128 105  85  64  54
  49  45  43  43  44  46  47  48  51  53  51  52  52  51  50  49  50  51
  54  56  57  55  52  50  50  50  49  48  47  46  45  44  43  43  45  45
  45  44  44  45  47  48  49  48  46  45  46  47  47  48  48  51  54  54
  53  52  48  43  39  45  47  44  41  43  44  43  43  41  39  38  37  38
  41  43  45  46  47  47  48  48  49  50  51  53  56  59  61  64  68  71
  71  75  74  72  74  66  71 103 179 196 196 193 194 194 197 193 194 195
 195 195 195 195 195 196 195 195 195 195 196 196 196 196 196 196 196 196
 196 196 195 195 196 197 198 199 199 200 199 197 197 197 198 197 198 198
 195  30]"
"[ 30  29 192 192 192 191 192 194 194 194 194 194 194 194 194 195 194 194
 194 193 193 194 194 194 194 195 195 195 195 195 195 196 194 195 194 193
 193 194 195 194 194 190 191 194 197 188 151  99  69  51  45  43  42  47
  48  45  46  46  45  46  46  46  48  49  51  52  52  50  49  49  50  51
  54  56  57  55  52  50  50  50  48  48  47  47  45  44  43  44  44  44
  44  44  45  45  47  47  47  46  45  45  46  47  47  47  48  50  51  50
  50  49  45  40  40  44  45  43  42  44  44  43  39  39  40  40  40  40
  40  41  45  45  46  47  48  48  49  49  51  53  56  60  62  64  68  70
  73  74  74  72  73  69  63  68 119 185 198 197 195 197 194 196 195 195
 196 196 195 195 195 195 195 195 195 195 195 195 196 196 196 196 196 196
 196 195 195 194 196 196 197 197 198 199 198 197 197 197 197 197 198 197
 195  30]"
"[ 31  30 191 192 192 191 191 193 194 194 194 194 193 193 194 194 194 194
 194 193 193 194 194 194 194 194 195 194 194 194 195 195 195 195 195 193
 193 194 194 194 192 191 193 194 169 120  72  50  50  47  48  46  45  49
  48  46  46  45  45  45  46  47  48  50  52  52  51  50  49  49  51  52
  55  56  56  54  52  51  50  49  47  48  48  47  45  43  44  45  43  43
  43  44  45  46  46  47  46  45  45  46  47  48  48  47  50  50  48  47
  47  47  44  41  43  44  44  44  44  45  44  43  40  40  40  40  40  41
  42  44  45  46  47  48  48  48  48  48  51  53  57  61  64  66  69  70
  72  70  73  72  70  71  66  60  72 147 196 201 197 193 194 195 196 196
 196 196 196 195 195 195 195 195 195 195 195 195 195 195 195 195 195 195
 195 195 194 194 195 195 195 195 196 197 197 197 197 197 197 196 197 197
 194  29]"
"[ 30  29 191 191 191 190 190 192 193 194 194 194 193 193 193 194 194 195
 194 194 194 194 194 194 193 194 194 194 194 194 194 195 195 195 195 194
 194 193 193 193 192 197 195 180 112  54  45  47  48  51  53  50  48  48
  46  47  45  44  44  45  46  48  50  52  52  51  51  50  49  50  52  53
  54  55  54  53  52  51  50  49  49  48  48  47  45  43  43  44  43  43
  44  45  46  47  46  46  47  46  45  46  47  48  48  47  50  50  48  47
  47  47  45  43  44  42  42  43  44  43  43  42  41  40  40  40  40  41
  43  45  46  47  48  49  48  48  48  48  51  53  56  61  65  67  69  71
  75  71  74  74  69  67  68  67  62  90 161 201 196 192 199 196 196 196
 196 196 196 196 195 195 195 195 195 195 195 195 195 195 195 195 195 195
 195 195 194 194 195 194 193 193 194 195 196 197 197 196 197 196 197 196
 194  29]"
"[ 29  29 190 190 190 189 189 190 192 193 193 193 192 192 193 194 195 195
 195 194 194 194 194 194 193 194 194 195 194 194 194 194 194 195 195 195
 194 193 193 194 196 195 166  95  44  45  44  53  50  51  48  47  49  47
  45  44  46  45  44  45  46  47  49  51  52  51  50  49  49  50  51  52
  52  53  52  52  52  52  51  49  51  49  46  46  45  44  44  44  44  45
  45  46  47  47  46  45  47  46  45  45  46  48  48  48  50  50  49  47
  45  44  43  43  42  40  40  41  41  40  40  41  39  40  41  42  42  41
  41  42  46  47  48  48  48  48  48  49  50  52  55  60  64  67  69  71
  74  73  72  74  72  67  66  67  69  60 109 189 196 196 195 196 196 196
 196 196 197 197 196 195 195 195 195 195 195 195 195 195 194 195 195 195
 195 195 195 195 195 194 193 192 193 195 196 196 196 196 196 196 196 196
 193  28]"
"[ 29  28 189 189 190 189 188 190 191 191 192 192 192 192 193 194 194 195
 195 194 194 194 194 193 194 195 195 196 195 194 194 194 194 194 195 195
 194 193 193 194 195 182 103  50  46  49  52  47  48  49  48  50  52  49
  49  50  47  45  44  44  45  46  48  49  52  51  50  49  48  49  50  50
  51  51  51  51  51  52  51  50  50  48  45  45  45  45  45  44  45  46
  46  47  47  47  46  45  46  45  45  45  46  48  49  50  50  50  49  48
  45  42  41  40  40  40  40  40  40  39  40  41  42  42  41  41  40  40
  41  42  44  45  47  47  46  47  48  50  50  52  55  60  64  67  69  70
  69  74  72  72  73  69  68  68  71  64  76 151 199 196 190 194 195 195
 195 196 196 196 196 195 195 195 195 195 195 195 195 195 194 194 195 195
 195 195 195 195 195 194 193 192 193 195 196 196 196 196 196 196 196 196
 194  29]"
"[ 29  28 189 189 190 189 188 189 190 190 191 191 192 192 193 194 193 194
 194 194 194 194 194 194 195 195 196 195 195 194 194 194 194 194 194 194
 193 193 194 196 197 123  61  48  48  46  53  51  48  52  51  53  50  46
  48  47  47  45  43  44  45  47  49  50  51  51  50  49  49  49  50  51
  51  51  51  50  50  51  50  49  48  47  46  46  45  45  44  44  45  45
  46  47  47  46  46  46  45  45  45  45  46  47  49  50  49  49  49  48
  46  43  41  40  40  40  41  40  40  41  42  43  46  44  41  39  39  39
  42  45  44  45  46  46  45  46  47  49  51  53  57  61  65  67  68  69
  71  76  74  73  70  67  70  69  68  69  67 103 182 197 195 196 194 195
 195 195 195 195 194 194 195 195 195 195 195 195 195 195 194 194 194 195
 195 195 196 196 195 195 194 193 194 195 196 196 196 196 197 196 197 197
 194  29]"
"[ 30  28 189 189 190 189 188 189 189 190 190 191 192 193 193 193 193 194
 194 194 194 195 195 194 195 195 195 194 194 193 194 194 194 193 193 193
 192 192 194 197 175  77  51  48  48  53  48  50  51  52  51  52  51  49
  50  46  48  46  44  44  45  47  49  50  51  50  50  50  50  51  52  52
  52  52  52  50  50  49  48  47  47  47  47  46  45  43  42  42  44  45
  46  47  46  46  46  46  45  45  45  45  45  46  47  49  48  47  47  48
  47  45  43  42  40  40  41  40  41  43  44  44  44  43  41  40  40  40
  41  43  45  46  46  46  44  45  47  48  51  53  57  62  65  66  67  68
  71  71  70  74  72  69  73  69  71  70  67  73 149 197 194 193 194 194
 195 195 194 194 193 193 195 195 195 195 195 195 195 195 194 194 194 194
 195 196 196 196 195 195 194 194 194 196 196 196 196 196 197 196 197 197
 195  30]"
"[ 28  30 188 191 190 190 190 191 189 189 190 191 192 192 192 192 192 193
 194 194 194 193 194 194 194 194 194 194 194 194 193 193 194 192 191 193
 192 191 193 195 155  53  48  49  51  49  50  49  51  52  53  53  52  50
  48  47  47  46  44  44  46  47  48  49  50  50  50  50  51  52  54  55
  54  53  52  50  48  47  48  49  48  46  45  44  43  43  42  43  45  45
  45  45  45  45  45  44  45  45  44  44  44  45  47  48  48  49  48  47
  46  45  44  43  40  39  40  41  43  44  44  43  42  40  39  40  41  40
  40  41  44  44  44  45  45  46  47  47  52  55  57  60  64  66  66  68
  71  72  73  72  71  71  71  72  72  71  73  68 100 180 198 195 193 194
 195 194 193 193 193 193 193 194 195 195 195 195 195 195 195 195 195 195
 195 196 196 197 196 196 195 195 195 195 196 196 196 196 197 196 197 196
 194  29]"
"[ 29  30 188 191 190 190 190 190 190 190 190 191 191 191 190 190 191 192
 193 194 194 194 194 195 194 194 194 194 194 194 193 192 192 193 192 191
 190 191 194 183 120  46  50  50  49  47  49  51  52  53  54  54  53  51
  50  49  48  46  45  45  46  47  48  48  49  49  50  50  50  52  54  55
  54  53  51  50  49  48  48  48  46  46  45  44  43  42  42  43  44  45
  45  44  44  44  44  43  44  44  44  43  43  45  47  49  47  48  48  47
  46  45  44  43  40  40  40  41  43  44  44  43  41  39  39  40  40  40
  41  44  45  45  44  44  45  46  47  47  50  53  56  59  63  65  67  70
  71  72  73  73  72  72  72  72  75  69  73  71  79 146 197 194 193 194
 194 194 193 193 193 193 193 194 195 195 195 195 195 195 195 195 195 195
 195 196 196 196 196 196 195 195 195 195 196 196 196 196 197 196 197 197
 194  29]"
"[ 29  30 188 190 189 189 190 190 190 190 190 190 190 190 190 190 190 191
 192 193 194 194 195 196 195 194 194 194 194 194 193 192 192 192 191 190
 188 188 194 167  83  45  52  52  48  48  50  52  53  54  55  55  53  52
  51  50  48  46  45  46  47  47  48  48  48  48  49  49  50  51  53  54
  54  53  50  49  49  48  48  47  47  47  46  45  44  42  42  43  43  44
  45  44  44  44  44  43  41  42  42  42  42  44  46  48  47  48  48  47
  46  45  44  42  40  40  40  41  44  45  44  43  41  40  40  40  40  40
  43  46  46  45  44  43  44  45  47  48  49  53  56  58  61  64  66  70
  72  73  75  75  74  73  73  74  75  72  73  75  68 110 192 196 192 193
 194 194 194 194 194 194 193 194 195 195 195 195 195 195 195 195 195 195
 195 195 196 196 196 195 195 195 195 195 196 196 196 195 196 196 197 197
 194  29]"
"[ 29  30 188 190 189 190 190 190 190 190 190 190 190 191 191 191 190 190
 191 193 194 195 195 196 195 195 194 194 194 194 193 192 193 190 189 191
 189 187 194 154  63  50  52  52  50  51  50  51  54  55  55  55  53  52
  51  50  48  46  45  46  47  48  48  48  47  47  48  48  50  51  52  53
  53  52  49  48  48  48  48  48  49  48  47  46  45  43  42  42  43  44
  44  44  44  44  45  44  41  41  40  40  42  44  46  47  47  48  48  48
  46  45  43  41  40  39  40  41  44  45  45  44  43  42  41  41  40  41
  43  46  45  45  44  43  44  45  47  48  51  54  56  58  62  64  66  69
  73  74  76  76  76  75  75  75  74  78  73  77  72  90 174 197 192 192
 193 194 195 195 194 194 194 194 194 194 195 195 195 195 195 195 195 195
 195 195 195 195 195 195 195 195 195 195 196 196 196 195 196 196 197 197
 194  29]"
"[ 28  29 186 189 188 190 190 190 190 190 190 191 191 192 192 192 190 190
 191 192 193 194 195 195 195 195 195 195 195 194 194 193 194 191 190 191
 189 191 193 137  54  54  50  51  50  52  49  50  54  55  55  54  53  51
  50  49  47  45  44  45  47  48  48  48  46  46  47  48  49  51  52  52
  51  50  48  47  46  47  49  50  50  48  46  46  45  43  41  40  43  43
  43  43  43  44  45  45  44  42  40  41  44  46  47  47  47  48  48  47
  46  44  42  40  40  39  40  42  44  46  45  44  45  43  41  40  41  42
  43  44  43  44  44  44  44  45  46  47  50  52  55  58  63  66  67  69
  73  74  76  77  76  76  75  76  74  78  74  76  75  79 149 195 193 193
 193 195 196 195 195 195 195 194 194 193 194 194 195 196 195 195 195 195
 195 195 195 195 195 195 195 195 195 195 196 196 196 195 196 195 197 197
 194  29]"
"[ 29  29 186 189 188 189 189 190 189 190 190 191 191 192 192 192 190 190
 191 192 193 194 194 194 195 194 194 194 195 194 194 193 192 193 191 189
 188 195 185 110  47  54  50  51  51  51  49  53  54  54  55  54  53  51
  49  49  47  45  43  44  46  47  48  48  45  45  46  48  49  51  51  52
  50  49  48  46  45  46  49  51  52  50  48  47  46  43  41  39  43  43
  42  42  43  44  44  43  45  43  41  42  45  48  48  48  47  48  48  47
  46  44  42  41  40  40  41  43  45  46  46  45  45  43  41  40  42  43
  43  42  42  43  44  44  45  45  46  48  48  51  53  58  64  67  68  70
  72  74  76  77  77  76  75  75  76  74  75  76  73  75 129 194 195 193
 193 195 196 195 195 195 195 194 193 193 194 194 195 196 195 195 195 195
 195 195 195 195 195 195 195 195 195 195 195 195 196 195 196 195 197 197
 194  29]"
"[ 29  29 186 188 187 188 188 188 188 188 189 190 191 191 190 190 190 190
 190 191 192 193 193 193 193 193 193 194 194 194 193 193 191 192 190 189
 188 196 168  79  46  53  51  51  50  51  50  54  53  54  55  55  54  52
  50  49  47  45  42  43  45  47  47  48  45  45  46  47  49  51  51  51
  50  49  47  45  45  47  49  51  52  51  50  49  46  43  41  41  44  43
  43  43  44  44  43  41  43  41  40  41  44  47  48  48  48  48  48  47
  46  44  42  41  41  41  43  44  45  46  46  46  45  44  42  42  43  44
  43  41  41  43  44  45  45  46  47  48  48  51  54  59  64  67  68  70
  72  74  76  78  78  77  76  76  76  74  75  77  74  74 108 187 196 194
 193 194 196 195 194 195 194 194 193 194 194 195 195 195 195 195 195 195
 195 195 195 195 195 195 195 195 195 195 195 195 195 195 196 196 196 196
 193  29]"
"[ 30  30 186 187 186 187 187 187 186 187 188 189 190 190 190 189 189 189
 189 190 192 193 193 193 192 192 192 193 193 194 193 193 192 190 188 192
 191 195 154  60  49  53  51  49  49  51  51  52  53  54  55  56  55  53
  52  51  48  45  42  43  45  47  47  47  45  45  46  48  49  51  51  51
  51  49  47  45  46  48  49  50  51  51  51  50  46  43  41  42  45  45
  44  44  45  45  42  39  41  40  40  41  43  45  48  49  49  49  49  47
  45  44  42  40  42  43  44  45  45  45  46  46  46  45  44  44  45  45
  43  41  41  43  44  45  45  46  48  49  51  54  57  60  64  66  67  70
  73  75  78  79  79  78  77  77  76  78  75  75  77  74  88 175 197 194
 192 194 196 195 194 195 194 193 194 194 195 196 195 195 195 195 195 195
 195 195 195 195 195 195 195 195 195 195 195 195 195 195 196 196 196 196
 193  29]"
"[ 29  30 186 186 186 186 186 187 187 188 188 188 189 190 190 189 190 189
 189 190 192 193 193 193 192 193 192 191 191 192 192 192 193 192 190 189
 194 193 126  49  54  53  51  49  48  49  52  53  53  54  55  54  54  54
  54  54  51  46  42  41  44  46  47  48  45  47  48  48  49  51  52  51
  51  48  46  46  46  47  49  50  51  53  52  48  46  43  42  43  44  45
  45  45  45  45  43  41  41  41  40  41  43  47  48  48  49  49  50  48
  45  42  41  40  41  42  45  46  46  45  45  47  46  45  44  44  43  43
  43  43  41  42  43  44  44  44  47  50  51  54  57  60  63  66  68  69
  74  75  78  79  79  78  78  79  78  75  75  78  76  77  77 149 194 192
 194 194 194 196 195 195 195 195 195 195 195 195 195 195 195 195 194 195
 195 195 195 195 195 195 195 195 195 195 195 195 196 195 197 197 197 196
 193  29]"
"[ 29  29 185 185 185 186 185 187 186 187 187 187 188 188 188 188 190 190
 190 190 191 191 191 190 190 191 191 190 190 191 192 191 190 189 190 191
 194 179  97  47  54  52  49  47  48  51  53  54  52  53  54  55  55  55
  54  53  50  46  43  43  44  46  46  46  45  47  48  48  49  51  51  50
  49  47  45  45  46  47  48  50  51  53  51  48  46  43  42  43  45  46
  46  45  45  45  44  42  43  42  42  43  45  47  48  49  50  50  50  48
  45  42  40  39  40  42  44  45  46  46  47  47  47  46  45  44  45  45
  44  44  43  43  44  44  44  45  48  51  54  57  59  61  64  67  69  70
  74  76  78  80  79  79  79  79  80  80  77  77  73  74  69 102 171 204
 195 195 194 193 196 194 195 195 195 195 195 195 195 195 195 195 194 194
 195 195 195 195 195 195 195 195 195 195 195 195 195 195 196 196 197 196
 193  29]"
"[ 29  30 184 185 185 186 185 187 186 187 187 187 188 188 188 188 189 190
 190 190 190 189 188 188 188 189 190 190 190 191 191 190 191 188 189 189
 195 167  70  46  53  50  46  44  47  51  53  54  53  53  53  53  54  54
  53  51  49  47  44  44  45  45  45  45  46  47  48  48  48  50  49  48
  47  45  44  44  46  47  48  48  52  52  50  48  45  42  41  44  45  45
  45  44  44  44  44  44  44  43  44  45  47  47  48  49  50  50  50  48
  45  43  40  39  39  42  44  45  46  48  48  47  45  44  43  43  44  44
  44  43  44  44  44  44  44  46  49  52  56  59  61  63  65  68  70  71
  75  77  79  81  81  80  79  79  79  80  76  77  73  76  72  71 119 187
 199 193 196 194 196 194 195 195 195 195 195 195 195 195 195 195 194 194
 194 195 195 195 195 195 195 195 195 195 195 195 195 195 196 196 196 195
 193  28]"
"[ 29  30 184 185 185 185 185 186 185 187 188 188 188 188 188 188 188 189
 189 189 189 188 188 188 188 189 190 190 190 190 190 189 190 188 189 184
 192 151  57  47  51  48  44  43  46  50  52  53  54  53  51  51  51  52
  52  50  48  47  45  45  45  45  45  45  45  46  47  47  48  48  48  47
  47  45  44  45  46  47  47  47  51  51  49  48  46  41  40  44  45  45
  44  44  44  44  44  44  45  43  44  47  48  47  48  50  50  50  48  47
  45  43  41  40  40  42  44  45  46  48  48  45  42  42  43  43  43  43
  42  42  45  44  44  45  46  47  50  53  56  59  63  65  67  70  71  72
  75  77  79  81  81  81  80  80  79  77  76  77  75  76  79  72  75 142
 199 193 195 195 195 195 195 195 195 195 195 195 195 195 195 195 194 194
 195 195 195 195 195 195 195 195 195 195 195 195 195 194 196 196 196 195
 193  29]"
"[ 30  29 183 183 183 184 183 184 185 186 187 187 187 188 188 188 188 188
 189 188 188 187 188 188 188 189 189 189 190 190 190 189 187 187 189 184
 186 126  52  50  49  48  45  44  45  48  51  52  52  51  50  50  52  52
  51  49  48  46  45  44  45  44  45  45  45  45  46  47  47  48  48  47
  47  45  44  45  46  46  46  46  49  49  49  48  46  41  41  44  45  44
  44  45  45  45  44  44  44  43  43  46  48  47  49  52  51  49  47  45
  43  42  41  40  40  42  44  44  46  48  47  45  41  42  44  44  43  42
  43  43  44  43  44  46  48  49  52  54  56  60  64  68  70  72  74  74
  75  77  79  81  81  81  80  80  81  78  78  75  75  74  77  77  66  97
 177 197 195 194 193 196 195 195 195 195 195 195 195 195 195 194 194 195
 195 195 195 194 195 195 194 194 194 194 194 194 195 195 196 196 196 195
 193  29]"
"[ 30  29 183 182 182 183 182 183 184 186 187 188 187 188 188 188 188 188
 188 188 188 187 187 187 186 187 188 189 189 190 190 190 189 186 187 189
 186 109  49  51  50  49  47  45  46  48  50  51  49  49  50  51  53  53
  51  49  48  45  43  43  44  45  45  45  45  45  46  47  47  48  48  48
  47  46  45  45  46  45  45  46  47  49  48  47  46  42  41  44  44  43
  43  44  44  44  42  42  42  41  42  44  46  47  49  51  51  50  47  44
  42  40  39  39  39  41  43  44  46  47  46  44  40  42  44  45  44  43
  43  44  42  42  43  45  48  50  52  54  56  60  66  69  72  73  74  74
  76  77  79  81  81  81  80  80  79  79  78  73  74  74  74  75  67  68
 130 191 198 195 193 195 195 195 195 195 195 195 195 195 195 194 195 195
 195 195 194 194 194 194 194 194 194 194 194 194 195 195 196 196 196 196
 193  29]"
"[ 30  29 183 182 182 183 182 183 184 186 187 188 187 188 188 189 188 188
 188 188 188 188 187 186 187 187 188 188 189 190 191 190 192 187 185 192
 185 103  48  52  50  49  47  46  46  48  50  50  48  48  49  50  51  52
  50  48  47  44  41  41  43  45  45  45  46  45  45  46  46  47  47  48
  46  45  45  45  45  44  45  46  46  48  48  46  45  43  43  45  43  41
  40  42  43  42  41  40  40  40  42  44  46  49  49  50  50  49  47  45
  42  39  38  38  39  40  42  43  44  44  43  42  41  42  44  45  45  45
  44  44  42  41  42  44  48  51  53  55  58  62  67  70  72  73  74  74
  78  79  80  81  81  81  80  79  76  78  75  74  73  74  74  74  64  59
  86 164 198 196 194 195 195 195 195 195 195 195 195 195 195 195 195 195
 195 195 195 194 195 194 194 194 194 194 194 194 195 194 196 195 196 196
 193  29]"
"[ 30  29 182 181 181 182 181 182 182 184 186 187 186 187 188 188 187 187
 187 188 189 188 187 186 188 188 189 189 189 190 191 190 187 189 186 192
 180  98  46  55  51  49  46  45  46  48  50  50  49  49  48  47  48  49
  49  48  46  42  39  40  43  45  45  44  46  45  45  45  45  45  46  47
  45  45  45  45  44  44  45  46  46  48  48  45  44  44  44  46  44  41
  40  41  43  42  40  39  41  42  43  45  48  51  51  50  48  48  47  45
  42  40  39  38  39  39  41  43  43  42  40  40  42  43  44  46  47  47
  46  44  44  43  43  45  49  52  55  56  60  65  69  72  73  74  75  75
  80  80  80  81  81  80  79  79  79  80  73  76  71  69  74  73  67  66
  68 133 192 194 194 195 195 195 195 195 195 195 195 195 196 195 195 195
 195 195 195 195 195 195 194 194 194 194 194 194 195 194 195 195 196 195
 192  29]"
"[ 29  30 182 182 181 181 182 182 182 184 186 186 186 186 187 187 187 187
 187 187 188 188 188 188 189 189 189 189 188 188 188 188 188 188 187 194
 178  83  46  54  49  48  47  46  47  48  50  50  50  49  46  45  46  46
  46  46  42  42  40  39  41  44  46  44  45  47  47  45  45  46  47  47
  47  45  45  46  46  45  45  46  44  46  47  45  42  42  43  45  43  42
  41  42  42  42  41  40  40  42  44  46  48  50  52  52  50  48  46  44
  41  39  39  37  38  39  40  40  40  39  39  40  40  42  45  47  48  48
  46  45  44  44  45  47  49  52  56  59  64  67  71  73  73  74  75  75
  80  81  81  80  81  82  81  79  80  79  77  73  68  69  72  73  68  64
  64  90 179 201 193 193 195 195 195 195 195 195 195 195 196 195 195 194
 194 194 195 195 195 195 194 194 194 195 195 195 195 195 196 195 195 195
 192  30]"
"[ 29  30 182 182 182 181 182 182 183 184 185 185 184 185 185 186 187 186
 186 186 186 187 187 188 188 188 188 188 188 187 187 188 187 188 186 190
 172  80  45  52  50  49  47  46  47  48  49  49  51  49  47  45  45  45
  44  44  40  40  39  39  41  43  43  43  45  46  47  46  46  46  47  46
  46  45  45  46  46  45  44  45  44  45  44  41  39  41  44  46  45  44
  43  43  43  42  40  39  41  42  44  45  47  49  51  51  49  47  46  44
  39  37  37  35  37  38  39  39  39  38  38  38  40  42  44  45  46  46
  45  44  44  45  47  48  49  52  56  59  64  68  72  73  73  74  75  76
  80  81  82  81  81  82  81  79  78  78  77  72  67  68  72  72  68  65
  60  67 138 195 195 194 194 194 195 195 195 195 195 195 195 195 194 194
 194 194 195 195 195 195 194 194 194 195 195 195 194 193 195 195 195 195
 192  29]"
"[ 29  30 182 182 181 181 182 182 183 183 183 183 183 184 185 185 186 185
 184 184 185 186 187 187 187 188 188 187 187 187 187 187 187 188 186 188
 166  77  46  51  49  47  45  45  47  50  51  51  52  50  47  45  44  43
  42  41  39  38  38  40  41  41  41  41  43  46  47  47  47  47  47  47
  45  45  45  46  47  45  44  44  44  43  41  39  38  40  43  45  46  45
  44  45  44  43  41  40  43  43  44  45  47  49  51  51  50  48  47  45
  40  37  37  35  36  37  38  39  38  37  38  39  40  41  43  44  45  45
  45  44  45  46  48  49  50  53  57  60  64  68  72  73  73  74  77  79
  80  81  82  82  82  82  81  78  77  80  79  72  67  71  73  71  62  64
  65  62 107 191 196 188 193 194 194 195 195 195 195 195 194 194 194 194
 194 194 194 195 194 195 195 194 194 195 195 195 194 193 195 195 196 195
 192  28]"
"[ 29  29 181 181 180 180 181 181 182 182 182 182 183 185 185 184 185 184
 183 183 184 186 187 187 187 187 187 187 187 187 187 187 186 186 184 189
 161  74  47  52  48  47  45  46  48  52  54  54  52  50  48  46  45  44
  42  40  39  37  38  41  42  40  39  41  43  44  46  47  46  46  47  47
  45  45  45  46  47  46  45  44  44  43  41  39  39  41  43  44  46  45
  45  45  45  44  43  43  43  44  44  45  48  50  52  53  51  49  48  46
  41  38  38  36  34  34  35  36  36  37  39  40  39  41  43  45  46  47
  46  44  44  45  46  47  50  54  58  60  64  68  72  74  75  77  79  80
  80  81  82  82  82  81  79  77  79  81  80  73  70  74  75  70  65  65
  68  64  85 175 198 190 193 193 194 194 195 195 194 194 194 194 194 194
 194 194 194 194 194 195 195 195 194 195 195 195 195 194 195 195 196 196
 192  28]"
"[ 29  29 180 180 180 180 181 181 181 181 181 182 183 185 185 184 184 183
 183 183 184 185 186 187 187 187 187 187 187 187 187 187 185 184 182 190
 156  68  46  51  51  50  49  48  49  51  52  53  52  51  49  48  47  45
  43  41  39  37  37  41  43  42  41  43  43  44  45  45  44  44  45  45
  46  46  46  46  46  47  46  45  43  42  39  38  39  42  44  45  46  45
  43  43  43  43  44  45  43  44  45  46  48  50  52  53  52  49  48  45
  41  38  37  35  32  31  31  32  33  35  38  41  40  42  44  45  46  47
  46  45  43  42  42  44  48  54  59  61  65  68  72  75  77  79  80  80
  80  81  81  82  81  80  77  75  80  80  78  73  72  76  74  67  66  65
  66  63  69 148 197 192 193 193 193 194 194 194 194 194 194 194 194 194
 194 194 194 194 194 195 196 195 195 195 195 195 196 194 194 194 195 195
 192  28]"
"[ 29  29 180 180 180 180 182 181 181 181 182 182 183 184 183 182 182 183
 183 183 184 185 186 186 187 187 187 187 188 187 187 187 186 183 181 190
 151  64  45  50  49  49  48  47  48  49  51  51  51  50  49  48  47  45
  42  40  37  35  36  41  44  44  44  45  43  43  43  43  43  42  42  43
  45  45  45  44  44  44  44  44  42  40  36  36  39  43  46  47  45  43
  42  41  41  41  41  43  44  45  46  47  48  50  52  53  53  50  48  44
  40  37  36  33  33  31  30  30  33  36  39  42  43  44  44  44  44  45
  45  45  43  42  41  44  49  55  60  63  66  69  72  75  78  79  80  79
  80  81  81  82  82  80  77  76  80  78  75  73  73  75  72  65  62  64
  66  65  64 122 193 191 193 193 192 192 193 193 193 193 194 194 194 194
 194 194 194 194 194 195 196 195 195 195 195 195 196 194 194 194 194 194
 192  29]"
"[ 30  29 180 180 180 181 182 181 182 182 182 181 181 182 182 181 181 182
 183 183 183 183 185 186 187 187 187 187 187 187 187 186 186 184 182 189
 146  62  48  51  47  47  46  47  49  51  52  52  51  50  49  48  46  44
  40  38  36  35  36  40  45  46  45  45  44  43  42  43  43  42  42  43
  44  45  44  42  41  41  41  41  40  38  35  35  39  44  46  46  44  43
  42  41  40  39  39  40  43  45  47  47  48  50  52  53  54  50  47  43
  39  37  35  33  32  30  28  30  33  37  40  42  44  45  45  44  44  44
  45  44  44  43  43  45  49  55  61  64  66  69  72  75  77  79  80  80
  80  81  81  82  82  81  79  78  81  76  73  74  74  74  70  64  65  67
  66  64  59 100 186 195 192 191 191 191 191 192 193 194 194 194 194 194
 194 194 194 194 194 194 195 195 195 196 195 194 194 193 194 194 194 194
 193  29]"
"[ 29  29 180 180 180 180 181 181 182 182 181 180 180 181 181 181 180 181
 182 182 182 182 184 186 186 186 186 187 187 187 186 186 186 184 182 187
 142  62  50  52  49  48  47  48  51  54  54  53  52  51  50  49  47  44
  40  37  36  35  36  40  44  46  44  43  44  43  42  44  45  44  44  45
  44  46  45  43  40  40  40  39  39  37  35  36  41  45  45  44  45  45
  45  44  43  41  40  40  41  44  46  47  47  49  51  53  54  49  46  42
  38  36  35  32  29  26  25  27  32  36  39  41  43  44  45  45  46  45
  45  43  43  44  44  45  48  53  59  63  66  69  72  74  76  78  80  81
  81  81  82  83  83  82  80  80  80  74  72  74  74  72  68  64  66  65
  66  67  59  87 175 194 191 190 190 190 191 192 193 194 194 194 194 194
 194 194 194 194 194 194 195 195 195 196 195 193 191 191 193 193 194 193
 192  28]"
"[ 29  29 180 179 180 180 181 182 182 181 181 182 182 182 182 182 182 183
 183 183 183 182 182 183 186 186 186 186 186 186 186 187 185 184 181 190
 144  60  48  50  48  48  49  50  52  54  53  52  52  52  50  48  46  43
  40  37  38  36  36  40  43  43  43  44  44  44  44  45  45  46  45  44
  46  45  43  41  40  39  40  40  37  34  33  38  44  47  47  45  45  45
  44  44  44  45  44  43  43  45  46  47  50  53  53  53  53  49  44  39
  36  35  33  28  25  24  24  27  32  37  40  40  43  45  46  45  43  42
  43  43  44  43  45  48  51  53  57  62  64  68  72  75  76  78  80  81
  81  80  81  83  84  82  79  79  77  74  73  74  72  67  65  66  68  67
  69  67  64  72 158 193 188 189 190 190 191 192 193 193 193 194 194 195
 195 194 194 193 193 193 193 194 194 193 192 191 190 191 193 192 193 193
 191  29]"
"[ 29  29 179 179 180 179 180 180 180 180 180 181 181 181 180 181 181 182
 182 182 182 182 183 183 186 186 186 186 185 185 185 185 184 182 180 187
 144  58  48  51  48  48  48  49  51  53  54  54  53  53  51  48  44  42
  39  38  37  36  38  42  44  43  44  45  45  45  44  44  45  45  46  47
  45  45  44  42  40  39  38  38  37  35  35  40  45  47  47  46  44  44
  43  42  43  44  45  44  44  46  47  49  52  54  55  54  55  50  44  38
  34  33  31  27  24  24  24  27  32  37  40  40  44  45  46  44  42  41
  41  41  45  44  46  50  52  55  58  61  64  68  72  74  76  78  79  80
  81  80  81  83  84  82  79  77  74  72  72  73  70  66  64  66  69  68
  68  66  63  68 148 192 188 189 190 190 190 191 192 193 194 194 194 195
 195 194 194 194 192 192 193 193 193 193 191 190 190 191 193 192 193 192
 191  29]"
"[ 29  30 180 179 180 180 180 180 181 180 180 180 181 181 180 180 181 181
 182 182 182 183 184 185 186 186 186 186 186 185 184 183 183 180 179 183
 144  57  48  51  48  47  47  48  50  52  54  54  53  53  51  47  43  40
  38  37  35  36  40  43  44  43  43  44  43  44  45  45  45  45  46  47
  46  46  45  44  41  39  37  36  36  35  36  41  45  47  46  46  42  43
  42  40  41  44  45  44  44  46  48  50  52  55  56  55  54  49  43  38
  33  31  29  26  23  22  23  27  32  37  40  41  44  46  46  45  43  41
  40  40  44  44  46  49  52  54  57  59  65  68  71  74  76  79  80  80
  80  81  82  82  83  82  79  75  74  73  73  71  68  65  65  66  66  65
  65  65  65  65 137 194 189 189 190 190 190 191 192 193 193 193 194 194
 194 194 194 194 192 193 193 193 193 192 191 190 190 191 193 192 193 192
 190  29]"
"[ 29  29 180 179 181 180 180 181 181 180 180 181 182 181 181 181 181 181
 182 182 182 183 184 185 186 186 185 185 185 185 184 183 183 179 180 182
 145  57  47  50  47  46  46  47  49  51  52  53  54  53  51  47  43  40
  38  37  35  37  40  44  44  43  42  43  41  43  46  47  46  46  46  47
  48  48  47  45  41  38  36  36  35  34  35  40  45  46  46  45  43  44
  43  40  41  44  45  44  44  47  49  50  52  55  55  55  53  48  43  38
  34  31  28  25  20  20  22  27  33  38  41  42  44  45  46  45  43  42
  41  41  41  42  45  48  50  52  55  58  64  67  70  73  76  79  81  81
  80  82  82  82  83  82  78  74  72  72  70  68  66  65  66  66  61  61
  62  64  65  62 124 196 189 189 189 190 190 191 192 193 192 193 193 193
 194 193 193 193 193 193 193 193 192 191 191 190 190 192 193 192 193 192
 190  29]"
"[ 28  29 179 179 180 180 180 180 179 179 179 180 181 180 180 180 180 180
 181 181 181 182 183 184 184 184 183 183 183 183 183 182 182 179 180 181
 146  59  46  50  47  47  47  48  49  50  51  52  54  53  52  49  46  43
  40  37  36  38  40  43  44  43  42  41  42  44  47  48  48  47  47  48
  49  48  46  44  40  37  35  34  34  32  34  40  45  47  46  45  44  45
  44  42  42  44  44  43  45  47  49  50  52  55  56  56  52  47  44  40
  36  32  28  23  18  18  22  28  35  39  42  43  44  45  45  44  42  41
  41  40  39  42  46  48  49  50  55  59  62  64  68  71  75  79  80  80
  81  82  83  82  82  80  76  71  67  67  66  65  65  65  64  62  58  58
  59  59  60  54 109 194 190 189 189 190 190 189 190 192 192 192 193 193
 193 193 193 193 192 192 192 192 191 191 190 190 190 192 192 191 192 191
 190  29]"
"[ 30  29 179 178 180 179 179 179 178 178 179 179 179 178 178 178 179 180
 180 181 181 181 182 183 184 183 183 183 183 183 183 183 182 179 181 183
 148  62  46  51  48  47  48  49  50  50  50  51  53  53  51  49  47  44
  40  37  36  37  39  41  41  41  40  40  44  45  46  47  47  47  48  49
  48  47  45  42  39  36  34  33  32  31  34  40  47  48  47  45  44  44
  43  42  41  41  42  42  44  46  48  49  51  55  56  57  53  47  44  41
  36  31  26  21  17  18  23  31  37  41  43  44  45  46  45  43  41  40
  40  39  40  44  47  48  48  50  56  60  62  64  68  71  75  79  81  81
  81  82  83  82  80  77  72  67  65  65  64  62  61  59  55  52  51  50
  51  52  53  50  97 191 192 191 190 191 190 189 190 192 193 193 193 193
 193 193 193 193 192 192 192 191 190 190 190 190 191 192 192 190 191 191
 190  29]"
"[ 30  29 178 177 179 179 179 179 178 178 179 179 178 176 176 177 178 179
 180 181 181 181 182 182 183 183 184 184 183 183 183 183 182 180 180 185
 148  65  45  52  48  47  47  49  50  49  50  51  51  51  50  48  45  42
  38  36  36  38  40  40  40  40  41  42  44  45  45  45  46  47  48  48
  48  46  43  40  38  36  33  31  31  32  35  42  47  48  45  43  42  41
  40  41  40  39  40  41  44  46  48  49  51  54  55  55  53  46  41  38
  34  29  24  19  16  18  23  32  38  41  42  43  44  44  43  42  40  40
  40  39  43  45  48  48  48  51  56  60  63  65  69  72  76  79  81  82
  83  83  83  82  78  72  66  63  62  59  56  52  49  45  42  41  42  41
  45  48  52  50  90 187 192 190 190 191 190 189 190 192 193 193 193 193
 193 193 193 193 192 192 191 191 190 190 191 191 192 192 191 189 190 190
 189  29]"
"[ 29  28 177 176 178 178 178 179 178 178 179 178 177 174 174 175 176 177
 179 180 180 181 181 181 182 183 184 184 183 182 182 182 181 180 179 184
 146  64  42  50  48  46  47  49  49  48  49  51  50  51  51  48  44  41
  38  36  37  40  42  41  40  41  43  45  44  45  45  47  48  48  48  47
  47  45  42  40  39  36  33  31  31  33  37  43  47  46  42  41  41  39
  39  41  40  39  40  43  45  48  50  51  52  54  55  55  52  44  38  35
  31  27  22  18  15  17  23  32  38  40  40  41  40  40  40  39  39  40
  40  40  46  47  48  48  49  53  57  61  63  66  70  73  76  79  81  81
  83  83  83  82  77  69  62  60  53  49  44  39  35  33  33  34  37  37
  44  49  54  53  86 182 189 188 188 189 189 188 189 192 192 192 192 192
 192 192 192 192 192 192 192 192 191 191 192 193 192 192 191 189 189 189
 189  29]"
"[ 30  29 174 177 177 178 178 179 177 177 179 179 177 175 173 173 176 178
 180 180 180 180 181 181 183 182 183 183 184 184 183 181 181 179 181 178
 142  66  37  50  49  48  47  47  48  50  51  51  51  50  50  49  46  41
  36  33  37  39  40  41  41  41  44  45  45  45  45  46  47  48  48  48
  46  45  43  41  40  36  32  32  29  34  40  44  46  45  42  39  40  39
  39  41  40  38  40  43  45  48  50  51  52  54  54  53  50  45  38  34
  30  26  21  18  15  17  25  35  39  40  40  40  39  38  36  36  38  40
  40  40  44  48  50  49  50  55  59  61  64  64  70  72  76  82  81  83
  84  82  83  80  70  58  55  49  39  33  26  23  24  28  31  32  38  37
  44  50  55  51  84 183 194 189 189 187 189 186 189 191 191 192 192 192
 191 190 190 190 190 190 190 190 190 190 190 190 190 190 189 190 190 191
 186  29]"
"[ 29  29 174 176 176 177 178 178 177 178 179 179 177 175 174 174 176 178
 179 179 179 180 180 181 182 182 182 183 184 184 183 182 182 179 180 179
 143  66  40  49  48  48  48  49  50  50  50  50  51  50  50  48  45  39
  35  33  38  39  41  42  43  43  45  46  45  45  46  47  48  48  48  48
  47  46  43  40  39  35  32  32  31  36  41  44  45  44  42  40  41  41
  40  39  39  39  41  43  44  46  48  49  51  53  53  51  49  44  37  33
  30  25  20  17  16  21  28  35  39  40  40  40  39  38  38  38  38  39
  40  40  43  47  50  51  52  56  59  61  64  66  72  73  76  81  81  83
  87  85  83  74  60  49  40  33  27  25  24  24  26  29  32  34  37  40
  46  49  53  52  79 178 193 187 189 187 191 190 189 188 190 191 192 192
 192 191 190 190 190 190 190 190 190 190 190 190 190 190 190 190 190 191
 186  30]"
"[ 29  29 174 176 176 176 177 178 177 178 179 179 177 175 174 175 176 178
 179 179 178 179 180 180 181 181 181 182 183 184 183 182 180 177 177 178
 141  63  42  45  47  47  48  48  49  49  49  49  51  51  51  49  45  40
  36  35  39  41  42  44  44  45  45  46  45  46  46  47  48  48  48  48
  47  46  43  40  38  34  31  31  33  39  43  44  43  42  41  41  41  41
  39  37  37  40  42  42  44  46  47  48  50  51  51  50  48  42  35  32
  29  24  19  15  15  24  31  35  40  40  39  41  39  39  39  39  39  40
  40  40  42  46  50  52  54  57  59  60  64  67  74  75  76  79  80  83
  86  87  84  64  44  35  26  23  23  25  27  28  29  31  34  36  39  43
  48  50  55  56  72 167 194 188 190 187 188 190 190 190 190 190 191 192
 193 192 191 191 190 190 190 190 190 189 189 189 190 190 189 189 189 190
 186  29]"
"[ 29  29 175 177 175 176 177 178 178 178 179 179 177 176 175 176 176 178
 178 178 178 179 180 180 180 180 181 181 182 183 183 182 182 179 178 180
 140  62  48  47  48  47  47  47  47  47  48  49  51  51  51  48  44  40
  38  38  41  42  43  43  44  44  44  45  46  46  47  47  48  49  48  48
  47  46  43  40  37  32  29  29  34  40  44  44  41  40  40  40  40  39
  38  36  37  39  41  42  45  46  47  47  48  50  50  49  47  40  34  31
  28  23  17  14  15  27  34  35  40  40  39  41  40  40  40  40  41  41
  41  40  42  46  51  53  55  58  60  61  65  68  74  76  77  78  80  81
  84  85  81  49  33  28  24  26  29  30  32  33  34  35  38  40  43  46
  48  51  58  60  67 153 191 187 189 187 187 189 189 192 189 190 191 192
 192 192 191 189 189 189 189 189 189 189 189 189 189 189 188 188 188 189
 185  29]"
"[ 29  29 175 177 175 175 176 177 178 178 179 179 178 176 176 176 177 178
 178 178 178 179 180 180 180 180 180 181 181 182 182 182 182 180 179 179
 139  60  50  48  48  48  47  47  47  47  48  48  50  50  49  46  41  38
  37  39  41  41  41  41  42  42  43  44  47  47  47  47  48  49  48  48
  46  46  43  39  36  32  29  29  35  40  45  44  41  40  40  40  40  38
  37  38  39  39  41  44  45  46  46  46  47  50  51  50  48  41  34  31
  28  22  17  14  17  29  35  36  40  41  39  42  42  40  39  40  41  43
  43  42  45  48  52  55  57  60  62  64  66  70  73  76  78  79  80  80
  84  81  73  37  33  31  31  31  34  34  34  36  39  43  45  45  46  48
  49  52  57  60  63 138 185 186 187 188 189 189 188 189 189 189 190 191
 191 190 189 187 188 188 188 188 189 189 189 189 189 189 188 188 187 188
 185  29]"
"[ 29  29 175 176 175 175 176 177 177 178 179 179 178 177 176 177 176 177
 178 178 178 179 180 179 180 180 180 180 180 181 181 181 181 179 179 175
 136  58  50  48  47  48  49  49  49  48  48  47  50  49  48  44  39  36
  37  39  40  40  40  40  40  41  43  45  47  47  47  47  48  48  48  47
  44  45  42  39  36  31  29  31  37  41  44  43  41  40  40  40  39  37
  37  39  40  39  40  43  44  45  46  46  48  50  52  52  50  43  36  32
  27  20  16  15  20  30  37  38  40  41  41  42  42  40  39  39  41  43
  44  44  47  49  52  55  57  60  63  65  67  71  73  77  80  80  82  81
  82  81  69  36  36  35  36  37  40  39  39  42  46  48  49  48  48  50
  52  53  54  57  61 117 183 193 187 188 190 190 189 188 189 190 190 191
 190 190 188 187 187 187 187 188 188 188 189 189 189 189 188 188 188 189
 186  30]"
"[ 29  29 174 176 175 175 175 176 176 177 178 179 178 177 176 177 176 177
 178 178 179 180 180 179 179 179 179 179 180 180 181 181 182 180 181 175
 138  61  50  50  47  48  49  50  49  49  48  48  49  48  47  44  40  37
  37  39  39  40  40  39  39  40  43  45  45  46  47  48  48  48  47  46
  44  44  41  38  35  31  31  33  40  42  43  41  40  40  40  40  38  38
  38  39  39  38  39  40  43  46  47  47  48  51  52  53  48  42  35  31
  25  19  15  16  23  30  37  39  39  40  41  41  40  40  40  40  41  42
  44  45  48  49  52  55  57  59  62  65  68  72  73  78  80  80  84  82
  80  83  66  41  39  39  39  43  46  45  46  47  50  51  52  51  52  52
  55  55  55  59  59  88 168 195 188 187 189 188 190 189 189 190 190 190
 190 189 188 187 187 187 187 187 188 188 188 188 188 188 188 188 188 189
 186  29]"
"[ 29  29 174 176 175 175 175 175 175 176 178 179 178 177 176 177 175 176
 177 178 179 180 179 179 179 179 179 179 179 180 181 181 181 179 180 172
 138  61  48  48  48  48  48  48  48  48  48  48  47  47  47  44  40  38
  38  39  40  40  40  40  39  40  43  45  44  45  47  48  49  48  46  44
  44  44  41  37  34  32  32  35  43  42  41  38  38  39  40  40  38  40
  41  39  38  39  40  39  43  45  47  47  48  49  50  51  46  40  34  30
  24  17  15  17  25  29  36  39  38  39  40  39  39  40  41  40  40  41
  43  45  49  50  52  55  58  60  62  65  67  72  73  78  80  80  84  83
  82  84  59  43  41  46  42  46  48  48  49  50  51  52  54  56  56  55
  57  58  60  63  57  64 141 187 188 188 189 186 190 188 188 189 189 189
 188 187 186 186 187 187 187 187 187 187 187 187 186 187 188 188 187 188
 185  29]"
"[ 28  30 175 177 174 174 174 175 175 176 177 177 177 177 176 176 176 177
 178 178 179 180 179 179 179 179 179 179 179 179 180 181 181 180 181 171
 139  64  47  50  49  48  47  47  47  47  47  48  48  48  46  43  41  38
  38  40  39  39  40  40  41  43  45  46  45  45  46  47  47  47  46  45
  42  42  40  36  33  31  33  35  41  40  39  38  37  37  38  39  40  40
  39  36  35  36  37  38  40  43  46  48  48  48  48  47  45  38  32  29
  24  17  15  18  25  30  34  36  38  39  40  40  41  40  39  40  40  41
  43  47  49  50  51  54  58  59  61  64  67  70  74  77  79  81  82  84
  80  75  55  45  46  45  47  48  48  50  52  53  54  55  57  59  59  59
  58  58  61  63  61  57  98 175 191 187 188 188 188 189 187 188 188 188
 187 187 187 188 187 187 187 187 187 187 187 187 187 188 188 188 187 187
 184  29]"
"[ 28  29 174 175 173 172 173 175 176 176 176 177 177 177 176 176 178 178
 179 179 179 179 179 178 178 179 179 179 179 179 180 181 179 178 179 172
 146  70  47  49  48  47  47  47  46  46  47  49  49  49  46  43  41  39
  38  41  40  40  40  40  40  42  44  46  45  45  46  47  48  47  45  43
  41  40  39  35  32  31  33  36  40  39  38  37  37  38  38  38  39  38
  36  34  33  34  36  37  39  41  44  46  47  49  50  50  45  38  31  27
  22  16  16  19  26  30  35  37  38  39  40  40  41  39  38  38  38  39
  42  45  47  49  50  52  55  57  60  65  67  70  75  78  80  81  82  83
  81  72  51  48  47  48  48  50  49  51  53  55  56  57  58  59  59  60
  61  60  60  61  59  56  73 142 191 188 188 187 188 188 187 187 188 188
 187 187 187 187 187 187 187 187 187 187 187 187 187 188 188 188 187 187
 184  29]"
"[ 29  29 174 174 172 172 174 175 176 176 176 176 176 176 176 177 178 179
 179 178 178 178 178 177 178 178 179 179 179 179 179 180 180 179 178 176
 156  79  47  49  47  47  47  47  46  46  48  50  49  50  46  41  40  40
  40  41  41  41  41  40  40  41  43  46  46  46  46  47  48  47  44  41
  40  39  38  34  31  31  34  37  40  39  37  37  38  38  37  36  38  37
  35  33  32  34  36  37  39  41  44  46  48  49  50  50  45  37  30  25
  20  16  16  20  26  31  36  37  37  38  39  39  40  38  37  37  37  37
  40  43  45  48  50  52  54  57  61  66  68  72  77  81  82  82  82  83
  82  66  47  51  48  51  50  53  52  53  55  56  58  59  60  60  59  61
  61  60  59  60  60  58  56 105 184 191 189 187 189 187 187 187 187 187
 187 187 187 187 187 187 187 187 187 187 187 187 187 187 187 188 187 187
 184  29]"
"[ 30  30 174 174 172 172 174 175 176 176 176 176 176 176 176 176 177 178
 178 177 177 177 177 176 178 178 179 179 179 179 179 179 179 178 176 175
 160  82  43  46  47  47  47  47  46  47  48  50  49  50  46  40  39  40
  40  40  41  41  41  40  39  40  43  45  47  47  47  48  48  47  44  42
  40  39  37  34  31  32  35  39  39  39  38  38  38  38  37  36  38  37
  35  33  32  34  36  37  39  41  44  47  49  50  50  49  45  37  29  24
  19  15  16  21  27  32  36  37  37  38  38  38  38  37  36  36  36  36
  39  42  44  48  51  54  57  59  62  66  71  74  78  81  82  82  83  84
  82  63  50  53  51  53  55  56  55  55  56  58  60  61  62  62  61  62
  61  59  59  60  61  61  57  78 159 191 189 188 189 187 187 187 186 187
 187 187 187 186 187 187 187 187 187 187 187 187 187 187 187 188 187 187
 184  29]"
"[ 29  29 173 174 172 172 173 174 175 175 175 176 176 176 176 176 176 177
 177 177 176 176 177 177 178 178 179 179 179 179 179 179 179 179 176 175
 162  84  41  48  48  46  45  45  46  47  48  49  48  49  45  39  39  40
  40  40  40  40  40  40  40  41  43  45  46  47  48  49  48  46  45  44
  40  39  37  33  31  32  35  39  37  38  39  39  38  37  37  37  38  37
  35  33  32  34  36  37  38  39  42  44  48  51  51  51  45  36  28  23
  18  14  16  21  28  33  37  38  38  38  38  38  35  35  35  35  35  36
  38  41  45  49  52  54  59  61  63  66  72  74  77  79  80  82  83  85
  81  63  57  55  55  55  59  58  58  58  58  59  61  63  63  63  64  64
  62  61  60  60  60  60  61  62 124 188 189 189 188 188 187 187 186 187
 187 187 187 186 187 187 187 187 187 187 187 187 187 187 187 187 187 187
 185  29]"
"[ 29  29 173 174 173 172 173 173 174 174 174 175 175 176 176 176 176 177
 177 177 176 177 178 178 179 179 179 179 179 179 179 179 180 180 177 178
 165  90  44  51  48  45  44  44  45  46  46  47  47  47  43  39  40  40
  40  40  40  40  40  41  41  43  44  45  45  46  48  48  47  45  44  44
  39  38  35  33  31  32  35  38  37  38  40  40  39  38  39  39  39  38
  36  34  34  36  38  38  39  39  39  41  45  48  50  50  44  35  26  21
  16  14  16  22  30  34  37  38  38  39  38  37  33  32  32  33  33  34
  37  40  47  50  51  53  58  61  64  67  72  74  77  79  80  82  85  86
  76  61  61  56  57  55  60  58  61  60  61  62  63  64  64  64  63  63
  63  63  64  63  62  61  63  58  96 181 191 188 186 188 187 187 187 187
 187 187 187 186 187 187 187 187 187 187 187 187 187 187 187 187 186 187
 185  29]"
"[ 30  29 173 174 172 172 173 173 173 174 174 174 175 175 176 176 176 177
 177 177 176 177 178 179 179 179 179 179 179 179 179 179 178 178 176 179
 167  95  46  50  48  46  44  44  44  45  45  46  46  45  41  40  41  41
  40  40  40  40  41  42  43  44  44  44  43  45  46  47  46  44  43  41
  39  37  34  32  32  34  36  38  38  39  40  40  39  39  39  39  38  38
  36  35  36  38  39  40  41  40  40  41  44  47  48  47  44  34  25  19
  16  14  18  24  31  34  37  38  38  37  36  34  32  30  30  31  31  33
  37  40  47  50  52  53  57  60  63  66  73  75  78  80  81  83  84  86
  72  60  61  58  59  57  59  60  63  63  64  65  66  66  66  65  62  62
  63  64  65  65  65  64  66  61  78 165 191 187 186 187 187 187 187 187
 187 186 186 186 187 187 187 187 187 187 187 187 187 187 187 187 186 187
 185  29]"
"[ 29  28 172 173 171 171 172 172 173 173 173 173 174 175 176 177 175 177
 177 176 176 177 178 179 180 179 178 178 179 179 179 179 180 179 177 181
 172 101  50  50  48  46  45  44  44  44  45  47  45  43  40  40  42  41
  40  41  40  41  42  43  45  45  44  43  42  43  45  46  46  44  41  39
  39  37  34  33  33  35  37  39  38  38  38  38  38  37  37  36  37  36
  35  34  36  38  40  40  38  39  40  42  46  49  48  47  44  34  24  19
  15  15  20  27  31  34  36  36  36  36  33  31  32  30  29  30  30  32
  37  41  45  50  54  55  58  60  62  65  73  75  79  81  81  82  83  84
  70  60  60  61  61  60  59  63  64  65  67  68  69  68  67  66  65  65
  64  64  64  64  65  66  67  61  66 147 189 186 188 187 187 187 188 187
 187 186 186 186 187 187 187 187 187 187 187 187 187 187 187 187 186 187
 185  29]"
"[ 29  28 172 172 170 165 164 169 171 172 174 175 175 176 176 177 179 178
 176 176 177 179 179 179 178 176 175 178 180 180 179 179 180 177 176 175
 175 107  44  49  46  44  45  45  44  44  45  45  45  43  40  40  41  40
  39  40  40  40  41  44  46  46  44  43  43  45  46  46  45  43  41  40
  40  39  36  32  34  39  40  37  36  37  38  39  37  34  34  35  36  36
  36  36  36  37  39  41  39  39  40  44  49  52  50  46  43  33  24  19
  15  16  22  26  31  33  36  37  37  36  33  31  32  30  30  30  31  34
  39  44  47  51  54  55  56  57  60  66  72  76  78  81  82  81  82  80
  68  64  63  64  63  63  63  63  64  66  67  67  67  67  68  69  67  67
  66  66  66  65  66  67  68  68  66 129 190 187 187 185 187 187 188 187
 187 187 187 187 187 187 187 186 186 187 187 187 187 186 186 187 186 187
 184  29]"
"[ 30  29 172 170 166 160 160 165 170 172 173 174 175 175 176 176 178 177
 176 176 178 179 179 179 179 177 176 178 179 179 179 179 180 179 176 175
 178 123  49  47  43  41  43  44  44  44  45  45  45  43  41  40  40  39
  40  40  41  40  40  42  44  44  44  44  45  46  47  47  45  43  41  40
  40  39  36  33  34  39  40  38  37  38  38  38  36  35  35  36  36  36
  36  35  35  35  37  38  41  41  41  43  48  52  51  48  41  32  24  19
  16  17  23  28  31  33  35  36  36  35  33  31  30  29  29  30  31  33
  38  43  48  53  56  55  55  56  59  64  70  76  78  81  81  81  81  78
  68  65  64  65  65  65  66  66  66  66  67  68  68  69  69  69  70  69
  69  69  69  68  67  68  69  68  64 120 185 186 187 187 186 187 187 187
 187 187 187 187 187 187 187 186 186 187 187 187 187 186 186 186 186 186
 184  29]"
"[ 29  29 171 168 162 156 157 162 170 171 172 173 174 174 175 175 176 176
 177 177 178 178 179 179 180 178 177 177 178 178 179 180 177 178 175 174
 180 145  58  45  42  40  41  42  42  43  45  45  44  42  41  40  39  39
  40  41  43  41  40  40  41  42  43  44  45  47  48  47  45  42  41  40
  39  38  35  33  35  39  40  38  38  38  37  37  36  36  36  38  37  37
  37  36  34  34  35  36  38  38  39  40  44  48  47  45  40  31  23  19
  16  18  24  29  32  34  35  35  34  33  32  31  29  29  29  30  31  33
  38  43  50  56  58  56  55  56  60  64  68  75  78  80  81  81  80  75
  69  66  66  66  65  66  67  68  67  67  67  68  69  70  70  70  71  71
  71  72  72  71  70  70  73  72  67 111 181 186 186 186 185 186 187 187
 187 187 187 188 187 187 187 186 186 187 187 187 187 186 186 186 186 186
 183  29]"
"[ 29  28 170 167 162 157 158 163 170 171 172 173 173 174 175 175 175 176
 177 178 178 178 178 179 179 179 178 177 177 177 178 179 180 181 175 174
 180 160  64  39  45  42  41  41  40  42  45  46  43  42  41  40  39  40
  42  43  43  42  40  40  40  40  41  42  45  46  47  47  45  42  41  40
  39  38  35  34  36  39  40  39  38  37  36  37  37  38  38  40  38  39
  38  37  36  36  37  37  39  40  41  43  46  48  47  44  39  30  23  18
  16  19  26  30  34  36  37  36  33  32  31  30  30  30  30  31  31  33
  38  43  49  56  59  56  56  58  62  65  68  75  78  80  81  82  80  73
  70  67  67  68  66  66  68  68  69  68  68  68  70  71  72  71  72  72
  73  74  74  73  73  73  74  75  73 104 179 188 184 184 185 186 187 187
 187 187 187 188 187 187 187 186 186 187 187 187 187 187 186 187 186 186
 183  29]"
"[ 29  28 170 168 165 162 162 166 171 172 172 173 173 174 174 175 175 176
 177 177 177 178 179 179 179 179 179 178 178 178 178 178 179 179 175 175
 179 170  78  40  47  44  43  43  41  42  44  45  43  42  41  40  40  42
  43  44  43  42  41  41  40  40  41  42  44  45  46  46  44  42  40  40
  39  37  35  36  39  41  41  39  38  37  37  38  39  39  39  40  40  39
  39  39  39  39  40  41  42  43  44  45  47  49  47  44  37  29  23  19
  17  21  28  32  35  37  38  36  33  31  31  31  31  31  31  31  32  34
  39  44  48  55  58  56  56  59  62  65  68  75  78  80  82  82  80  73
  71  69  69  69  67  67  69  70  70  69  68  69  71  72  73  72  74  73
  74  75  75  74  74  75  74  75  74  93 170 188 185 185 185 186 187 187
 187 187 187 187 187 187 187 186 186 187 187 187 187 187 186 187 186 186
 184  29]"
"[ 29  29 170 169 167 166 165 168 171 172 173 173 173 173 174 175 174 175
 176 176 176 177 178 179 178 179 179 179 178 179 179 178 177 176 174 175
 176 175  98  44  47  45  45  46  44  44  45  45  44  43  42  42  42  44
  45  45  42  42  41  41  41  40  42  43  44  45  45  45  44  42  40  39
  38  35  34  37  41  42  41  39  39  38  38  39  40  39  40  40  41  40
  39  40  41  42  44  44  45  45  45  44  46  47  45  42  34  28  22  19
  19  24  30  34  35  37  37  35  33  31  31  31  32  31  31  32  33  36
  42  46  51  56  58  57  57  60  62  65  69  75  78  80  82  82  80  73
  70  68  69  70  69  69  70  71  70  70  70  71  72  74  74  73  76  76
  76  76  76  75  75  75  76  76  74  81 155 185 182 185 184 185 186 186
 186 186 186 187 187 187 187 186 186 186 186 186 187 187 186 187 185 185
 184  29]"
"[ 29  29 170 169 168 167 166 168 171 172 172 172 172 172 173 174 173 174
 175 175 176 176 177 178 177 178 178 177 178 179 178 177 179 177 177 175
 174 176 117  47  48  46  46  46  45  45  46  46  45  45  44  43  44  45
  46  45  44  43  42  41  40  40  42  44  44  44  45  45  45  43  41  40
  38  35  34  39  43  44  42  39  40  40  40  40  40  40  41  41  43  41
  40  40  43  45  46  46  48  48  47  47  47  47  45  41  31  27  23  21
  21  26  32  34  36  37  37  36  33  32  32  32  32  31  32  34  37  41
  46  51  55  58  58  57  58  60  62  66  70  75  76  80  82  81  79  73
  69  68  69  71  71  70  72  72  71  71  71  72  74  75  75  74  76  76
  77  77  77  76  75  74  77  77  75  75 145 184 181 183 183 184 185 186
 186 186 186 186 187 187 187 186 185 186 186 185 186 186 186 186 184 185
 183  29]"
"[ 29  28 170 168 167 166 166 168 171 171 171 171 171 171 172 173 172 173
 174 175 175 176 176 176 176 177 177 176 176 178 178 176 175 175 177 176
 176 183 137  58  49  46  45  45  43  44  47  48  47  47  45  44  45  46
  46  45  46  45  43  41  40  39  42  45  44  44  44  45  45  45  43  41
  40  36  36  41  46  47  44  41  40  40  40  41  41  41  42  43  45  42
  41  41  44  46  47  47  47  47  47  47  48  47  42  37  30  27  24  23
  23  27  32  33  37  38  38  36  34  33  32  32  32  31  32  36  40  45
  50  54  57  58  57  57  58  59  62  66  71  74  75  79  81  80  78  73
  70  69  70  73  73  72  74  74  72  72  72  74  75  76  76  75  75  75
  76  78  77  76  74  74  74  76  77  76 144 187 182 183 182 183 184 185
 186 186 186 186 187 187 186 186 185 185 185 184 185 185 185 185 184 184
 182  29]"
"[ 28  30 167 167 166 167 165 168 169 169 170 171 172 172 172 172 173 172
 173 174 175 175 175 176 177 176 175 176 176 175 175 175 176 175 175 175
 175 178 161  73  45  50  47  45  45  45  46  48  51  49  47  46  46  46
  45  44  43  44  45  43  40  39  41  44  45  43  43  45  46  45  42  40
  41  36  36  42  46  47  45  42  40  40  40  41  43  44  44  44  44  43
  41  41  43  46  48  48  48  49  48  47  47  46  42  37  30  27  25  24
  24  27  30  34  35  36  37  35  33  32  32  31  31  31  33  36  40  45
  52  58  59  58  58  58  56  56  63  71  72  73  76  80  82  80  76  74
  73  73  73  73  74  74  74  74  72  72  73  74  76  77  76  76  76  76
  76  77  78  77  75  73  74  80  80  80 138 186 183 182 181 182 183 184
 184 184 184 185 185 185 185 186 185 185 184 183 182 184 183 184 183 183
 181  29]"
"[ 30  30 168 165 166 167 165 168 166 167 168 170 170 170 170 170 173 173
 172 172 173 173 175 176 174 174 173 174 174 174 174 174 174 173 172 172
 171 175 166  96  49  50  48  50  47  48  56  46  50  49  48  48  48  48
  47  45  45  45  45  45  44  43  44  45  45  45  45  46  46  45  42  40
  41  37  39  45  49  49  48  46  44  44  44  45  45  45  45  45  45  45
  44  43  44  46  48  49  48  49  48  47  47  46  42  37  30  27  24  23
  25  28  32  34  37  37  36  34  32  32  32  32  32  33  35  38  42  48
  53  57  58  58  58  57  55  57  64  71  73  74  77  80  81  79  76  73
  73  73  73  74  74  74  73  73  72  73  73  75  77  78  79  78  78  77
  76  76  76  75  74  73  78  76  80  80 140 184 181 185 183 183 184 183
 183 183 183 184 184 185 185 185 184 182 181 181 182 183 182 184 185 184
 182  29]"
"[ 28  26 168 166 167 168 165 165 167 168 168 168 168 169 170 171 170 170
 171 172 172 172 172 172 173 174 174 174 174 174 174 174 175 175 173 172
 171 173 175 130  55  50  52  47  47  45  51  51  51  51  50  49  50  50
  49  48  45  44  44  45  46  46  45  46  45  47  48  47  46  45  42  39
  39  36  40  47  50  50  49  47  47  47  47  47  47  46  46  45  45  46
  46  44  44  46  48  49  49  50  49  48  46  44  40  37  31  27  23  23
  27  30  33  35  38  37  35  33  31  31  31  31  32  34  36  39  44  51
  55  56  58  59  58  56  55  58  65  70  73  74  77  80  80  78  75  74
  73  73  73  74  75  74  74  73  74  74  75  77  78  80  81  81  81  80
  78  76  75  74  74  74  78  74  82  85 149 185 180 183 182 182 182 182
 182 182 182 182 183 184 185 185 184 182 182 181 181 182 182 184 185 185
 182  29]"
"[ 32  28 167 163 164 164 164 164 166 167 168 167 167 168 169 171 168 169
 170 170 170 172 172 173 171 172 173 173 172 173 173 172 173 174 172 171
 170 170 176 155  83  46  50  44  49  49  43  49  52  52  51  50  49  50
  50  49  45  44  45  46  47  47  46  46  46  48  49  48  47  47  43  39
  37  35  39  47  50  49  48  46  48  49  49  49  48  47  46  46  45  46
  46  45  45  47  49  51  51  52  51  48  45  41  38  35  32  27  24  25
  28  31  33  36  38  38  36  33  32  31  31  30  31  35  39  42  46  53
  56  57  59  60  59  56  55  59  65  69  73  74  77  79  78  76  75  75
  73  73  73  74  75  75  75  74  76  77  78  79  80  81  81  82  81  80
  79  76  75  75  76  77  78  78  81  92 162 187 181 180 181 181 181 181
 182 182 182 182 180 182 183 183 182 180 180 180 180 182 182 184 185 185
 182  29]"
"[ 27  27 165 164 166 164 162 160 162 164 167 168 168 168 168 168 169 169
 168 167 167 169 172 173 169 171 172 172 172 173 173 173 173 174 173 174
 173 170 175 168 123  53  47  50  48  48  47  46  51  52  52  51  50  51
  51  50  48  47  47  48  48  48  47  47  46  48  48  48  48  49  45  40
  37  34  38  47  51  51  49  47  49  50  50  50  49  48  48  48  47  47
  46  46  47  50  52  53  54  54  53  50  45  41  37  35  32  28  26  27
  30  31  33  36  38  38  38  36  35  34  33  32  33  38  43  45  48  53
  57  58  59  59  57  55  55  59  65  68  74  75  77  77  76  74  74  75
  74  74  74  74  75  76  76  75  76  77  78  79  80  80  80  80  80  80
  78  77  75  75  77  78  81  82  75 104 173 184 181 182 181 181 181 182
 182 182 182 181 182 183 184 183 181 180 179 179 180 182 183 185 184 183
 181  29]"
"[ 28  30 158 161 162 160 158 156 156 157 157 157 158 159 161 163 162 164
 164 163 163 164 164 164 165 168 169 169 170 171 171 171 172 174 173 175
 176 172 174 174 150  82  47  46  47  44  51  48  47  51  53  53  53  54
  54  52  50  49  48  48  47  46  46  46  46  46  47  47  49  49  45  41
  37  34  38  47  53  53  52  49  50  51  51  51  50  49  48  48  48  48
  48  48  49  51  53  54  56  56  55  52  47  42  38  36  32  29  27  30
  33  34  35  37  38  39  40  39  38  36  34  33  36  40  44  45  47  51
  55  58  57  56  55  54  55  60  65  69  75  76  77  77  75  73  73  74
  75  75  75  76  76  76  76  75  75  76  76  78  79  80  80  80  81  80
  79  78  77  77  78  79  81  81  76 128 182 180 179 182 181 181 180 180
 180 180 180 180 181 182 182 182 181 180 180 181 179 182 182 183 182 181
 181  29]"
"[ 30  29 136 135 134 135 137 138 136 134 133 131 131 133 136 138 136 140
 142 142 141 141 139 137 140 143 145 144 144 145 146 145 146 147 146 147
 148 147 146 149 153 117  67  48  52  50  50  46  47  51  54  55  55  57
  57  56  53  51  48  46  45  44  44  44  45  45  46  47  48  48  45  42
  37  34  38  47  52  54  53  50  51  51  51  51  51  50  48  47  48  49
  50  51  51  53  55  56  58  58  57  55  50  43  39  37  32  28  28  33
  37  38  38  39  39  41  41  40  38  37  36  35  38  40  42  44  46  49
  54  57  58  55  54  54  57  61  66  71  75  76  77  77  75  74  74  75
  76  76  77  78  78  78  77  76  76  76  76  77  78  80  81  81  82  81
  80  79  79  79  80  80  81  81  90 155 184 180 180 181 181 180 179 179
 180 181 181 181 180 180 180 179 179 179 179 180 179 181 181 181 181 180
 181  29]"
"[ 28  29 129 131 132 132 133 132 134 134 134 134 133 132 131 131 131 133
 133 131 130 132 133 133 132 135 137 136 135 136 136 134 132 132 130 130
 131 132 131 134 135 137 110  73  52  48  49  50  49  53  55  55  55  59
  60  60  57  53  49  47  46  45  44  44  44  44  45  47  48  46  44  43
  38  35  39  47  52  53  53  51  51  51  51  51  51  51  49  48  48  51
  53  54  54  55  57  58  61  60  59  57  51  44  39  37  32  28  28  35
  41  41  40  41  42  43  43  41  39  38  37  37  40  40  41  44  46  50
  54  57  60  56  54  56  58  62  67  72  73  74  76  77  76  75  75  76
  76  76  78  79  80  79  78  76  78  77  76  77  78  80  82  82  81  81
  80  79  79  80  81  81  84  85 105 170 178 181 185 181 181 179 178 179
 180 183 185 186 187 186 185 183 182 181 181 181 181 181 180 181 181 182
 181  30]"
"[ 28  29 134 134 132 131 132 132 133 133 133 133 133 134 135 136 134 135
 136 137 136 136 136 137 136 137 137 138 138 137 137 137 136 136 136 136
 137 137 136 136 133 134 136 128 105  74  52  43  45  53  57  58  59  61
  64  61  63  56  52  50  48  46  46  46  45  45  46  48  48  46  45  45
  40  37  39  48  52  52  55  53  51  51  50  51  52  51  50  50  51  51
  52  52  54  57  60  62  64  62  60  57  51  43  38  37  33  28  30  38
  42  43  44  45  45  44  43  42  41  41  40  39  41  43  44  45  48  52
  55  54  56  57  57  57  58  62  68  72  73  74  76  77  76  75  77  79
  79  77  76  77  79  78  77  75  76  77  78  79  79  80  81  81  82  80
  80  79  78  80  82  80  83  95 127 151 151 148 151 150 152 153 153 153
 153 154 155 156 157 158 158 158 157 158 159 161 158 157 158 161 166 164
 160  32]"
"[ 29  29 135 135 134 133 133 133 133 133 133 133 135 136 136 135 135 136
 137 137 136 135 135 136 138 138 138 137 136 136 136 136 137 137 137 137
 137 137 137 136 137 137 137 138 141 137 124 111  84  66  49  51  57  57
  58  58  63  62  61  59  55  50  47  47  47  46  46  48  50  51  49  46
  45  42  43  49  52  53  54  51  52  51  51  51  51  51  51  51  52  52
  51  52  55  60  64  65  64  62  60  57  51  43  37  35  32  27  30  38
  42  42  43  44  44  44  45  44  44  44  43  43  44  46  47  49  51  54
  56  57  58  59  60  61  62  65  70  74  75  76  76  77  76  76  77  78
  78  77  76  77  78  77  75  74  76  77  79  79  80  81  81  81  80  77
  78  79  78  79  83  86  88 114 139 148 146 146 148 148 150 149 148 147
 146 146 146 147 147 148 148 147 147 148 149 150 147 146 147 145 145 146
 147  27]"
"[ 29  29 134 134 134 133 133 133 133 133 134 135 136 137 136 134 135 136
 137 137 136 135 135 136 138 138 138 137 135 135 135 136 136 136 137 137
 137 137 136 136 134 137 138 136 137 140 138 133 132 123 108  98  88  75
  68  63  62  65  62  58  56  53  51  52  51  51  50  51  54  57  56  54
  50  46  48  49  50  55  57  57  53  52  51  51  52  51  52  52  52  52
  51  52  56  62  66  68  66  65  62  57  51  44  38  33  30  27  31  40
  44  44  45  45  45  46  47  47  47  46  47  47  47  48  50  52  54  55
  56  58  60  61  62  63  65  68  72  75  75  76  77  76  76  77  78  78
  77  76  75  75  75  74  73  72  74  76  78  79  80  81  81  79  74  77
  78  77  79  85  88  86 111 138 152 147 145 147 147 149 150 149 148 147
 146 146 147 147 150 150 150 150 150 150 151 152 152 150 150 149 150 150
 151  30]"
"[ 29  28 133 134 134 134 134 133 134 134 135 135 136 137 136 135 135 135
 136 136 136 136 136 137 137 137 137 136 136 136 136 137 135 136 137 137
 136 136 136 137 140 139 138 138 136 135 135 136 136 137 134 134 136 132
 118 100  88  87  76  66  65  59  51  48  48  51  53  52  53  56  58  58
  51  50  54  55  55  54  50  50  52  51  51  52  52  52  53  53  54  53
  53  54  58  63  66  67  68  68  64  57  51  45  38  32  28  28  33  42
  47  48  48  48  46  46  47  48  48  47  47  47  48  49  52  54  55  54
  56  59  60  62  63  65  67  69  73  75  76  78  78  77  77  77  77  77
  74  73  73  72  71  70  70  71  72  74  76  78  79  80  79  77  76  73
  75  81  81  80  90 106 139 151 152 147 148 148 147 151 148 148 146 145
 145 146 148 149 150 150 149 149 150 150 150 150 150 149 150 150 151 151
 150  27]"
"[ 29  28 133 133 134 135 136 135 134 136 136 135 135 135 135 135 135 135
 135 135 135 135 136 137 136 136 136 136 136 136 136 136 136 136 137 137
 137 137 137 137 137 134 134 138 139 136 136 138 136 136 134 134 132 131
 136 140 139 139 129 119 116 108  94  88  81  82  79  73  69  67  66  64
  65  60  53  51  56  56  51  53  50  50  51  52  53  53  54  54  55  56
  56  58  62  66  67  67  69  69  64  57  50  45  38  32  26  28  35  43
  48  49  50  49  46  45  45  47  48  48  48  47  51  52  54  56  56  55
  57  60  62  63  65  67  69  71  75  77  79  79  77  75  74  74  73  72
  70  69  69  68  67  67  68  70  71  73  76  77  78  79  78  76  79  78
  78  81  85  91 113 138 152 149 147 147 148 147 147 148 148 147 145 143
 143 144 146 148 151 150 150 150 151 151 151 151 151 151 152 150 149 149
 151  31]"
"[ 29  28 132 132 133 134 135 135 134 136 136 135 134 134 135 136 136 136
 135 135 135 135 136 136 136 135 134 134 135 136 135 134 135 136 136 137
 137 136 136 136 135 137 139 138 136 134 135 137 135 134 134 137 136 131
 131 133 131 136 137 137 141 142 138 137 136 134 132 130 130 131 129 126
 115 101  66  49  54  53  49  50  49  49  51  53  54  54  54  55  56  57
  59  61  65  68  69  69  70  69  65  57  49  43  37  32  25  29  37  45
  48  50  50  49  47  45  45  48  50  51  51  51  53  54  56  57  57  57
  59  61  63  64  66  68  71  73  76  78  80  75  69  66  66  65  64  63
  64  64  64  64  64  64  67  69  71  73  75  76  77  77  77  76  78  81
  80  84 104 128 142 149 149 146 147 148 146 147 149 147 149 148 147 145
 145 147 149 151 149 149 148 149 149 150 149 149 150 150 150 149 150 149
 150  29]"
"[ 29  28 132 132 132 133 134 133 133 134 134 134 133 134 135 135 136 136
 136 136 136 136 136 136 137 135 133 133 135 136 135 134 135 135 135 136
 136 136 136 136 136 136 135 135 138 140 139 136 138 138 134 134 134 134
 136 134 135 137 137 136 136 137 138 138 137 135 134 135 138 138 137 134
 136 126  80  54  60  57  52  50  50  50  51  53  54  54  55  56  57  58
  60  62  66  69  72  72  72  70  65  57  48  40  34  29  24  30  39  47
  49  50  52  51  50  48  48  50  52  53  54  55  55  57  57  57  57  59
  61  63  64  65  68  71  73  75  77  78  78  66  55  53  56  57  56  56
  58  59  60  61  62  63  66  68  70  72  75  75  76  76  77  78  82  88
  95 112 135 146 146 146 146 147 149 149 147 148 150 148 147 147 147 146
 146 147 149 150 150 150 150 150 151 151 151 151 150 149 150 150 152 151
 150  26]"
"[ 30  29 134 133 133 133 133 133 133 133 133 133 133 135 135 135 135 135
 136 137 137 137 136 136 138 135 133 133 135 137 136 135 135 135 135 136
 137 137 136 136 137 136 137 137 138 137 136 136 134 137 137 138 137 134
 136 135 136 135 136 136 136 136 137 136 136 135 136 137 137 136 135 135
 134 132  81  51  57  55  54  54  51  51  52  53  53  54  55  57  59  60
  62  64  67  71  74  76  73  71  66  57  47  37  29  25  23  30  40  47
  49  51  53  52  52  50  50  51  52  52  53  55  57  59  59  57  57  60
  63  64  64  66  70  73  76  77  79  79  75  60  45  44  50  54  55  55
  54  55  57  59  61  63  65  67  70  73  75  76  76  77  79  80  89 115
 138 147 151 148 144 147 147 149 149 147 147 147 147 149 148 148 148 148
 147 147 148 148 149 149 149 149 150 150 150 150 149 150 152 150 149 148
 150  30]"
"[ 28  30 135 135 136 136 134 133 132 132 132 133 134 135 135 136 136 135
 135 135 135 135 135 135 136 135 134 134 135 136 136 135 135 134 133 134
 135 136 137 137 137 137 136 136 137 137 136 136 135 136 137 136 135 134
 135 136 136 136 136 137 137 137 136 135 136 136 136 136 136 137 136 135
 138 131  78  55  56  58  54  54  52  52  52  53  55  55  56  60  59  61
  64  67  71  75  75  74  73  72  64  54  46  39  30  24  23  32  41  47
  52  52  51  52  51  51  51  51  52  54  55  56  58  59  60  60  62  64
  65  65  65  70  71  74  77  77  80  80  79  53  41  43  46  49  51  53
  54  55  58  62  65  66  67  68  71  70  72  75  72  71  86 107 130 141
 148 147 145 147 147 143 147 147 147 148 148 148 148 148 148 148 147 146
 147 147 147 147 149 149 149 149 149 149 149 149 149 151 150 152 151 150
 149  30]"
"[ 28  30 134 134 136 135 134 133 132 132 133 133 134 134 135 135 136 135
 134 134 134 134 134 133 134 133 133 134 135 135 134 133 133 133 133 133
 134 135 135 136 137 137 136 136 136 136 136 136 134 135 136 136 136 136
 136 136 137 136 136 136 136 136 136 135 136 136 136 136 137 137 136 134
 134 125  74  49  55  55  54  55  51  52  52  53  55  56  56  59  61  62
  64  68  73  77  78  76  75  72  63  51  43  37  31  27  24  33  41  47
  52  53  52  51  51  51  52  53  53  54  56  58  59  61  63  64  65  66
  67  66  70  74  75  76  77  78  82  81  68  49  42  44  45  46  48  51
  56  58  60  62  64  67  70  71  71  75  73  70  78  99 123 140 143 147
 148 145 144 145 146 147 147 147 147 147 147 147 147 147 147 146 145 145
 146 147 147 147 147 147 148 148 148 148 148 148 148 149 149 150 149 149
 148  29]"
"[ 29  29 133 133 135 135 134 133 132 132 132 132 132 133 133 133 134 134
 133 133 133 133 132 132 132 132 133 134 134 134 133 132 131 132 133 134
 133 133 134 135 136 136 136 135 135 135 135 136 134 134 135 136 136 136
 136 136 136 136 135 135 135 136 136 136 136 136 136 136 137 137 135 133
 132 121  71  46  55  53  53  53  50  51  51  52  55  56  56  58  62  63
  65  68  73  77  78  76  76  73  62  49  40  34  28  25  25  34  42  46
  51  54  53  51  51  52  53  54  54  55  57  58  60  63  66  67  68  69
  69  69  73  75  76  77  76  79  82  77  55  45  45  47  46  47  48  52
  55  59  63  66  69  73  73  72  74  72  72  87 115 137 146 146 147 145
 145 146 146 145 146 147 146 146 146 147 147 147 146 146 146 145 145 145
 145 146 146 146 146 146 146 147 147 147 147 147 147 148 147 148 147 148
 147  29]"
"[ 29  29 132 131 134 134 133 132 131 132 132 132 131 132 132 132 133 132
 132 132 132 132 132 132 131 132 132 133 134 134 133 132 131 133 134 135
 133 132 133 134 135 135 134 134 133 134 135 136 135 134 134 134 135 135
 135 134 135 134 134 134 134 135 136 137 135 135 135 135 136 137 135 132
 131 117  67  50  55  53  50  50  50  51  50  51  54  56  56  58  62  64
  65  68  73  76  76  74  74  71  62  49  40  32  25  23  26  36  44  47
  51  54  54  52  52  53  54  55  56  57  58  59  63  64  65  67  69  71
  72  72  73  74  76  78  76  80  82  72  51  46  48  50  50  52  54  57
  59  61  63  67  72  75  76  74  75  85 104 127 144 146 143 142 143 142
 144 147 148 147 146 146 146 146 146 146 146 146 146 146 146 146 146 145
 145 146 146 146 146 146 146 146 146 146 146 146 146 147 145 147 146 147
 146  28]"
"[ 29  29 131 130 132 133 132 131 131 131 131 132 132 132 132 133 132 131
 131 131 132 132 133 133 131 131 131 132 132 132 132 131 130 132 134 135
 133 132 132 133 133 133 132 132 132 133 134 135 135 134 133 132 133 133
 133 133 133 133 133 133 133 134 136 136 133 133 133 134 135 136 134 132
 130 112  62  54  54  55  50  51  51  52  51  51  54  56  58  60  63  65
  68  71  74  77  77  75  73  70  60  48  40  32  26  24  27  39  47  48
  51  54  54  54  54  54  55  56  59  61  61  62  64  65  66  68  71  73
  73  72  74  75  77  80  80  82  81  67  54  51  52  54  56  61  63  66
  70  70  73  77  78  77  78  81  98 120 141 146 144 142 143 146 145 145
 145 146 146 146 146 146 146 146 146 146 146 146 146 145 146 146 146 146
 145 145 146 146 146 146 146 146 146 146 146 146 146 146 145 146 146 147
 147  29]"
"[ 29  28 131 129 131 131 131 130 131 130 130 130 131 132 132 132 130 129
 129 129 130 131 132 132 130 130 130 130 130 131 131 131 130 131 132 133
 132 132 132 132 131 131 131 131 131 132 133 133 133 132 131 131 132 132
 132 132 132 133 133 133 133 133 134 134 132 132 132 132 134 134 133 131
 134 108  57  58  53  55  52  54  54  55  54  53  55  58  60  63  64  67
  70  73  76  79  79  77  75  69  57  44  35  28  24  23  30  41  48  50
  51  53  54  56  54  54  55  57  60  63  64  64  65  67  69  71  74  75
  74  72  74  75  76  80  81  82  77  64  60  57  58  59  64  69  70  73
  75  74  76  80  83  88 101 113 132 142 145 142 142 146 146 144 144 146
 147 146 145 146 146 145 146 146 146 146 146 146 145 145 144 145 145 145
 145 145 145 146 145 145 145 146 146 146 147 147 146 146 145 146 146 147
 147  29]"
"[ 29  29 131 129 130 130 129 129 130 129 129 129 130 131 131 130 129 129
 128 128 129 130 131 131 130 130 130 130 130 130 130 130 130 130 130 130
 131 131 131 131 131 131 130 130 130 131 131 131 131 131 131 131 131 131
 131 131 131 132 133 133 133 132 132 132 131 132 131 131 132 133 132 131
 134 100  55  60  55  54  54  55  55  58  57  55  57  59  62  64  66  69
  73  75  77  80  80  79  75  68  53  39  30  24  21  22  33  42  49  51
  52  53  54  56  55  55  55  57  60  63  65  65  68  70  73  74  75  75
  74  73  73  75  75  78  81  79  75  66  66  65  67  68  73  76  75  78
  78  78  81  88  99 114 132 146 142 143 141 140 143 144 143 142 141 143
 145 146 146 146 145 144 145 145 145 145 145 145 145 145 144 144 144 144
 144 144 145 145 145 145 145 145 145 146 146 147 146 147 145 147 147 147
 147  29]"
"[ 29  29 131 129 130 129 128 128 131 130 128 129 131 132 131 130 130 130
 129 129 130 131 131 131 130 130 130 130 130 130 130 130 131 130 129 129
 130 131 131 130 131 131 130 130 130 130 130 129 130 131 131 132 132 131
 130 130 129 131 132 133 133 132 132 132 132 132 132 131 131 131 131 130
 129  91  51  60  57  54  57  56  55  59  58  57  58  60  62  65  68  72
  75  76  78  80  81  81  72  64  50  36  29  24  22  24  35  42  48  51
  53  53  54  56  56  57  57  59  60  63  65  66  71  73  75  75  74  74
  74  75  74  77  76  79  82  80  76  72  70  70  74  76  79  80  78  81
  88  96 109 125 138 143 142 139 140 142 142 141 143 143 142 142 143 142
 143 144 144 144 144 145 144 144 144 144 144 144 144 144 144 145 145 144
 144 144 144 145 145 145 145 145 145 145 146 146 146 146 146 147 147 147
 147  29]"
"[ 28  31 129 129 128 128 127 129 129 129 129 129 129 129 128 128 128 128
 129 129 129 130 130 129 128 129 129 130 130 130 130 130 129 130 130 130
 130 130 130 130 130 130 130 130 130 130 130 130 129 130 130 130 130 130
 130 130 131 131 131 131 131 130 130 130 131 131 131 131 130 130 130 131
 126  76  54  59  57  57  57  56  58  56  55  55  57  59  62  65  67  73
  78  80  80  81  80  79  70  62  49  36  27  23  25  28  37  44  48  50
  52  54  54  55  57  58  61  63  63  63  65  68  72  75  76  76  76  75
  74  75  77  76  80  82  80  81  80  74  72  70  76  75  87 102 116 123
 131 138 143 141 139 139 140 140 141 142 143 142 142 142 143 144 142 142
 143 144 144 145 145 144 144 144 145 145 144 143 143 145 144 144 145 144
 144 143 144 144 145 145 145 145 145 145 146 146 145 145 146 146 145 147
 146  30]"
"[ 28  30 128 128 129 129 128 129 128 128 129 128 127 126 126 126 127 127
 127 128 128 128 128 128 128 128 129 129 129 129 129 129 130 130 129 129
 128 129 129 130 129 130 130 130 129 129 129 129 129 130 130 130 129 129
 130 130 130 130 130 130 130 130 130 130 130 131 131 130 130 130 130 128
 123  72  55  59  57  56  57  58  57  55  54  54  57  60  63  65  68  73
  79  81  81  81  80  78  68  58  45  33  25  21  23  27  39  46  50  52
  54  55  54  54  57  58  61  63  65  66  69  72  73  75  76  76  76  76
  75  75  75  78  80  83  82  74  68  65  63  63  60  66 100 121 128 135
 135 138 140 138 136 138 139 140 141 141 142 142 141 141 143 144 142 142
 142 142 143 143 143 143 144 144 144 144 143 142 143 144 144 145 145 145
 144 144 144 145 145 145 145 145 145 144 144 144 145 145 146 146 145 146
 145  29]"
"[ 29  29 126 127 128 128 126 127 127 128 128 127 125 124 125 126 126 126
 127 127 127 127 128 128 127 128 128 128 128 128 127 127 128 128 128 127
 127 127 128 129 129 130 130 130 128 128 127 128 129 129 130 130 129 129
 129 130 130 130 130 130 130 130 130 131 130 131 131 130 130 130 129 126
 118  66  56  58  57  54  56  58  57  55  54  54  57  60  63  64  67  73
  78  81  82  81  79  75  67  56  42  32  25  22  25  31  40  46  52  54
  57  56  54  53  56  57  60  63  65  68  71  74  74  76  76  76  77  76
  75  76  75  80  79  84  81  64  55  55  51  53  47  60 103 127 133 139
 139 139 138 137 137 138 139 140 140 141 141 141 141 141 142 143 143 142
 142 142 143 143 143 143 143 143 143 143 143 142 142 143 144 144 144 144
 144 144 144 144 144 145 145 145 145 145 144 144 145 144 145 145 144 145
 144  29]"
"[ 29  29 125 125 125 126 124 125 126 126 126 125 125 125 125 126 125 126
 126 126 126 126 127 128 126 126 127 127 127 126 126 125 125 126 126 126
 126 127 128 129 129 130 130 129 128 127 128 128 128 129 129 129 129 129
 129 130 131 130 130 130 130 130 130 131 130 130 130 130 130 128 128 127
 112  60  57  57  56  53  54  56  57  57  56  56  57  60  63  64  68  72
  77  80  81  81  78  74  64  50  36  29  24  21  26  34  41  46  51  54
  57  57  54  53  55  57  61  64  66  69  72  74  75  76  76  75  76  75
  74  75  77  82  80  81  74  56  51  51  52  50  47  67 104 128 137 137
 139 138 137 138 139 138 138 139 140 140 140 140 140 140 141 142 142 141
 141 141 142 143 143 143 143 143 143 143 143 142 142 142 143 143 144 144
 144 144 144 144 144 144 144 145 145 145 145 144 145 144 144 145 144 145
 143  29]"
"[ 29  29 125 124 124 124 123 125 126 125 123 123 124 125 126 126 123 124
 125 125 124 124 125 126 125 125 126 126 125 125 124 124 123 124 125 125
 126 126 127 127 128 129 129 128 127 127 128 129 128 128 129 129 128 128
 129 129 130 129 130 130 130 129 129 129 130 129 129 131 130 126 127 130
 101  57  57  56  55  53  54  55  56  57  57  56  57  60  63  65  69  73
  77  79  81  81  79  75  62  48  33  27  23  22  27  36  42  46  50  53
  56  56  54  53  55  58  62  65  68  71  72  74  76  76  75  75  75  74
  73  76  79  82  82  78  64  53  54  51  54  50  46  76 115 134 139 136
 137 136 137 139 139 138 138 139 139 139 139 138 138 138 139 139 140 139
 139 139 140 141 142 143 143 143 143 143 143 143 142 143 143 143 143 143
 144 144 143 143 143 143 143 143 143 144 144 144 145 143 144 144 143 144
 143  29]"
"[ 28  29 125 124 123 124 123 125 126 125 123 122 123 125 125 125 123 124
 124 124 123 123 124 125 124 124 125 125 125 124 124 123 123 123 124 125
 125 125 125 125 126 127 127 126 126 126 127 128 127 127 128 128 127 127
 128 128 129 129 129 130 130 129 128 128 130 128 129 130 129 126 126 129
  85  54  56  55  54  54  54  54  53  56  57  56  57  60  63  66  69  72
  75  77  78  79  78  75  63  48  32  26  24  24  29  37  44  47  49  52
  54  54  53  54  53  57  61  65  68  71  72  73  75  75  75  74  75  73
  73  77  79  81  83  73  57  53  55  52  50  52  45  84 128 136 135 138
 138 137 137 138 138 138 139 141 140 139 139 138 138 138 139 139 140 139
 139 140 141 142 143 143 142 142 143 143 143 142 142 143 143 143 143 144
 144 144 144 143 143 143 143 143 143 143 143 144 144 143 143 144 143 144
 143  29]"
"[ 29  29 124 123 123 124 123 125 125 124 123 123 123 124 124 123 124 124
 123 123 123 123 124 124 123 123 124 124 124 124 123 123 123 123 124 124
 124 124 124 124 124 125 125 126 126 126 126 126 126 126 126 127 126 126
 127 127 128 128 129 130 130 129 128 128 128 129 128 128 127 127 126 125
  68  52  55  55  52  53  53  53  53  56  57  56  57  60  64  65  68  72
  74  75  76  77  76  73  57  43  28  22  21  23  30  37  43  46  47  49
  52  52  52  54  54  57  60  62  66  70  72  73  74  74  74  74  74  73
  74  79  80  82  82  65  53  54  51  52  50  53  53  99 135 135 135 140
 138 138 138 138 138 138 139 141 140 139 139 138 138 139 139 139 140 140
 140 140 141 142 142 143 141 141 142 143 143 142 142 143 143 143 143 143
 144 143 143 142 142 142 143 143 143 143 143 143 144 142 143 144 143 143
 143  29]"
"[ 30  28 122 121 122 123 122 122 123 123 122 122 122 122 122 122 123 123
 122 122 122 122 122 123 122 123 123 124 124 124 123 123 122 123 123 123
 123 123 124 125 124 124 125 126 126 126 126 125 125 125 126 126 126 126
 126 127 126 126 128 129 130 129 128 127 127 129 128 125 126 128 126 121
  57  51  53  54  50  52  51  51  54  56  57  57  58  61  64  65  69  72
  75  75  75  76  75  72  54  40  27  21  22  26  34  40  41  44  45  47
  50  50  51  54  56  58  60  62  65  69  72  73  73  74  74  74  74  73
  75  80  82  83  80  59  51  54  47  52  52  49  56 109 136 133 137 136
 138 138 137 137 137 138 138 139 138 138 137 137 137 138 138 139 139 138
 138 139 139 140 140 140 140 141 142 143 142 141 142 143 142 142 142 142
 143 143 142 141 140 140 141 142 143 143 143 143 144 141 142 144 143 143
 142  29]"
"[ 29  28 123 121 122 123 120 122 122 122 122 122 121 121 121 122 122 122
 122 122 122 122 122 122 122 122 123 123 124 124 124 122 122 123 123 123
 123 124 125 125 125 125 125 125 125 125 125 125 125 125 126 125 125 125
 125 126 126 126 127 127 128 128 127 126 127 125 127 126 126 125 133 109
  49  52  53  51  51  50  50  51  54  56  57  56  57  61  64  66  68  73
  74  75  75  76  74  65  53  36  26  23  24  28  33  39  40  41  44  48
  49  48  50  53  55  56  58  60  64  69  72  73  71  73  72  75  74  73
  77  80  81  85  70  57  53  50  50  51  51  47  62 109 137 136 135 137
 138 138 138 138 138 138 138 138 139 138 137 137 138 139 139 139 139 139
 139 139 140 141 140 139 139 140 141 142 142 142 142 143 142 142 142 142
 141 141 142 142 141 141 141 142 143 143 143 142 143 144 143 143 142 143
 142  29]"
"[ 29  28 122 120 122 122 119 121 122 122 121 121 120 120 121 121 122 122
 122 122 122 122 122 122 122 122 122 122 122 123 122 122 122 123 123 122
 122 123 124 124 125 125 124 124 124 124 124 124 123 124 124 124 124 124
 124 125 125 125 126 127 127 127 126 126 126 124 125 124 124 124 126  89
  48  52  52  49  49  48  47  48  50  52  53  55  57  59  63  66  68  72
  73  75  75  75  72  61  48  32  23  21  24  29  33  38  40  40  43  46
  46  46  49  53  54  56  58  61  64  68  70  71  71  73  73  75  74  73
  77  80  80  76  61  53  52  48  49  50  50  43  75 122 137 132 136 137
 137 138 138 138 137 137 138 138 138 138 137 137 138 138 139 139 139 139
 139 139 139 140 139 138 139 139 140 140 140 140 140 140 140 140 140 140
 140 140 141 141 140 140 139 140 142 143 142 142 142 143 142 141 141 143
 142  29]"
"[ 30  29 121 119 120 120 118 119 121 121 121 120 120 120 121 122 122 122
 122 122 122 122 122 122 122 123 123 122 122 122 123 122 122 122 122 122
 122 122 123 123 124 124 123 123 123 123 123 123 122 123 124 123 123 122
 123 124 124 124 125 125 126 126 126 126 125 123 123 124 124 126 120  67
  48  51  50  47  45  43  43  44  46  47  49  53  55  57  62  66  69  71
  72  75  75  73  68  58  44  28  20  21  26  31  34  37  39  39  41  43
  43  44  47  51  52  55  58  61  63  66  68  69  71  72  72  74  73  73
  77  79  81  68  53  51  51  48  48  49  48  42  87 126 135 131 136 137
 136 137 138 138 137 136 137 138 137 137 137 137 138 138 138 138 138 139
 138 138 138 139 138 137 138 139 139 139 140 140 140 140 139 140 140 139
 139 139 140 140 140 139 139 140 141 142 143 143 141 141 141 140 140 142
 142  30]"
"[ 29  29 120 118 119 119 117 118 119 119 119 119 119 120 121 121 120 120
 121 121 121 121 122 122 121 122 122 122 122 122 123 123 122 122 122 121
 121 122 122 122 123 123 123 123 122 122 122 122 122 123 124 123 123 122
 123 124 124 124 124 124 125 126 126 125 125 124 123 124 124 127 112  48
  48  50  48  45  43  40  40  42  43  43  45  49  52  54  59  64  68  69
  71  74  74  70  65  55  42  27  19  21  27  33  34  37  37  38  39  40
  40  41  45  49  50  53  57  60  61  64  66  67  70  71  71  73  74  74
  78  79  80  64  52  52  51  48  48  47  47  45  91 118 134 133 135 137
 136 136 137 137 136 136 136 137 137 137 137 138 138 138 138 137 137 138
 138 137 138 138 138 138 138 138 138 139 140 141 141 140 140 140 140 139
 139 138 139 139 139 139 139 140 141 142 142 142 140 140 140 140 140 141
 141  30]"
"[ 29  29 118 117 118 117 117 117 117 117 118 118 118 118 118 118 119 119
 119 119 120 120 120 120 119 120 121 122 121 121 121 121 121 121 121 121
 121 122 122 121 122 122 122 122 122 122 122 122 122 123 123 123 122 122
 123 124 123 123 123 124 125 125 125 125 125 124 123 123 122 123 100  37
  47  47  45  43  41  40  40  42  43  42  43  46  49  51  55  60  65  67
  69  72  71  67  62  52  40  26  20  21  26  31  32  34  34  36  37  38
  38  39  42  45  48  52  56  58  60  62  65  67  70  71  70  73  75  77
  80  79  72  59  53  53  49  48  47  46  48  45  95 119 134 134 135 136
 135 135 135 135 136 136 136 136 137 137 137 138 139 139 138 137 137 138
 138 137 137 138 138 138 138 138 138 138 139 140 140 139 140 140 140 139
 139 138 138 139 138 138 139 140 140 140 140 139 139 140 140 140 140 140
 140  29]"
"[ 28  29 116 116 117 116 118 117 117 118 118 118 118 117 116 116 117 117
 117 118 118 118 119 119 119 120 121 121 121 121 120 119 120 121 120 120
 120 121 122 121 122 122 122 122 122 122 122 122 122 122 122 122 122 122
 122 123 123 123 123 124 124 124 124 123 123 123 124 122 122 121  90  37
  45  45  42  40  41  40  41  44  45  44  44  46  49  51  54  57  63  66
  68  70  70  66  60  49  37  25  21  21  25  29  30  31  33  35  37  37
  37  38  40  41  46  50  54  56  59  62  65  67  68  70  69  72  76  77
  78  75  62  54  53  51  48  49  48  47  49  44 103 130 134 132 136 134
 135 134 134 135 135 136 136 136 137 137 137 138 138 138 138 137 137 138
 138 137 137 137 137 137 138 138 138 138 138 138 138 138 138 138 139 138
 138 138 138 139 138 138 139 140 140 140 139 138 139 139 140 140 139 139
 139  28]"
"[ 29  29 115 115 117 115 118 117 117 118 118 118 117 117 116 116 116 116
 117 117 117 117 118 118 119 119 120 120 120 120 119 118 119 120 119 119
 120 121 121 120 121 121 121 122 122 122 122 122 122 122 121 122 122 122
 122 122 123 123 123 123 124 124 123 122 122 122 124 122 124 118  79  40
  45  43  40  39  40  40  41  43  46  46  46  47  50  53  55  56  60  64
  65  68  68  66  58  44  32  24  22  23  26  29  31  33  36  37  38  38
  38  39  39  39  43  46  51  54  57  61  65  66  67  68  68  72  76  77
  75  69  56  50  51  50  49  50  48  48  48  54 112 133 132 131 136 133
 134 134 135 135 135 136 136 136 137 136 137 137 138 138 137 137 137 138
 138 137 137 137 137 137 138 138 138 138 138 138 138 138 137 138 138 138
 138 138 138 138 138 138 139 140 140 140 139 139 138 138 139 139 138 138
 138  29]"
"[ 29  29 115 115 117 115 118 116 116 116 117 117 116 116 117 117 116 116
 116 116 117 117 117 117 117 118 118 118 119 119 119 118 119 119 119 119
 120 121 121 120 121 121 121 121 122 122 122 122 122 122 121 122 122 123
 122 122 122 122 123 123 124 123 122 121 122 122 123 120 123 113  68  37
  45  43  39  38  39  39  39  42  45  46  46  47  51  54  55  54  58  61
  62  65  66  64  55  38  29  22  23  25  28  32  34  37  39  40  40  40
  40  40  39  38  40  43  48  52  56  60  63  65  67  68  68  73  77  76
  72  64  55  49  49  48  49  50  46  48  47  67 117 127 129 133 134 133
 133 134 135 135 135 135 136 137 136 136 136 137 137 137 137 137 136 137
 137 137 137 137 138 138 137 137 138 137 137 137 138 138 138 138 139 138
 138 137 138 138 137 138 138 139 139 139 139 139 138 138 138 138 138 137
 139  29]"
"[ 29  30 115 115 115 116 116 116 116 116 116 117 117 117 116 116 117 116
 116 117 117 117 116 116 117 118 118 117 117 117 118 118 119 118 118 118
 118 119 119 120 119 119 121 122 122 122 121 121 122 122 122 122 122 122
 122 122 122 123 124 124 123 123 122 122 122 123 120 123 126 115  61  41
  46  44  41  40  39  40  41  43  45  46  45  47  51  53  53  54  55  61
  63  66  66  61  51  38  26  23  22  25  30  33  37  40  38  39  40  40
  40  41  42  44  43  44  46  51  55  58  61  64  67  67  69  72  75  78
  72  60  54  50  48  48  47  48  47  45  44  71 123 127 130 131 131 133
 133 134 136 135 134 133 134 136 136 135 133 134 135 136 137 137 136 136
 136 136 136 136 136 136 136 136 136 137 137 136 137 138 138 138 138 138
 137 136 137 137 138 138 138 138 138 138 138 138 138 138 138 138 138 138
 138  29]"
"[ 29  29 114 114 113 115 115 114 114 115 115 116 116 116 116 116 116 116
 116 117 117 117 116 115 116 116 117 117 117 117 118 119 118 118 118 118
 118 118 119 120 119 119 119 121 121 121 121 122 121 122 122 122 122 122
 122 122 122 122 123 123 122 122 121 121 122 123 123 122 120 101  46  41
  45  43  41  41  42  43  44  45  44  45  46  48  52  53  52  53  54  60
  62  64  63  58  48  37  26  24  24  28  32  34  36  38  39  39  40  41
  42  44  45  46  45  47  50  53  56  58  62  65  68  69  71  74  75  74
  66  55  53  49  48  48  47  48  48  46  39  76 127 133 133 132 129 131
 133 133 134 134 134 134 135 135 135 134 133 134 135 136 136 136 135 135
 136 136 136 136 136 136 136 135 136 136 136 136 137 138 138 138 138 137
 137 137 137 137 138 138 138 138 138 138 138 137 138 139 138 139 139 138
 138  29]"
"[ 29  29 113 113 112 114 114 113 114 114 115 115 115 115 115 115 115 115
 115 116 117 117 116 115 115 116 116 116 116 117 118 118 117 118 118 117
 117 117 119 121 120 119 118 119 120 121 121 121 121 121 122 122 122 121
 121 121 122 122 122 122 122 122 122 122 122 121 123 120 118  87  35  43
  44  43  42  43  44  45  45  45  44  46  46  48  51  53  53  55  57  62
  63  64  61  54  44  33  23  23  26  31  36  37  38  39  40  39  39  40
  42  45  46  46  47  50  53  55  57  60  63  66  67  70  72  74  75  71
  61  54  53  50  48  48  47  47  48  46  42  86 126 133 131 132 130 133
 132 132 131 132 133 133 133 133 133 133 133 134 135 136 136 135 135 135
 135 135 135 135 135 135 135 135 135 135 135 135 136 138 137 136 136 136
 136 137 137 136 137 137 137 137 137 137 137 137 137 138 138 138 139 138
 138  29]"
"[ 29  29 112 112 112 114 114 114 114 115 115 115 115 114 114 114 114 114
 115 115 115 116 116 116 116 116 116 116 116 116 117 117 117 117 117 117
 117 118 120 121 121 119 118 118 119 119 119 119 121 121 122 122 121 120
 120 120 121 121 121 121 122 123 122 122 123 120 120 118 120  76  35  45
  45  44  43  44  45  45  45  45  46  47  47  47  50  53  56  59  61  65
  65  65  62  54  43  31  22  24  28  34  38  40  40  41  40  39  38  39
  42  44  45  45  48  52  55  57  59  62  65  66  69  73  74  75  75  67
  58  56  53  50  49  49  48  47  48  47  47  94 121 128 129 133 132 133
 132 132 131 131 132 132 132 131 132 132 132 133 134 135 136 136 135 135
 135 135 135 135 135 134 134 134 133 133 133 133 135 136 136 136 135 135
 136 137 136 136 136 136 136 136 137 137 137 137 137 137 137 137 138 137
 137  29]"
"[ 29  28 112 111 111 113 114 113 114 115 115 115 114 114 114 114 114 114
 114 114 114 115 116 116 116 116 116 116 116 116 117 117 117 116 116 116
 117 119 120 120 120 119 118 118 119 119 118 118 120 121 121 122 121 120
 120 120 120 120 120 121 122 122 122 122 124 121 120 118 116  62  39  45
  45  45  46  46  45  45  45  46  48  49  49  49  51  54  57  61  63  65
  64  65  64  55  43  30  24  26  31  36  39  40  40  40  41  41  40  41
  42  44  46  47  49  53  56  59  61  64  66  65  72  76  77  77  74  64
  55  53  52  49  49  50  48  48  48  48  46  98 120 127 130 133 131 130
 132 132 133 132 132 132 132 132 133 132 132 132 133 134 135 135 134 135
 135 135 135 135 135 135 135 134 133 133 132 132 133 135 137 136 136 136
 137 137 137 137 136 136 136 137 137 137 138 138 137 137 137 137 138 137
 137  29]"
"[ 30  28 111 110 109 111 112 112 113 113 114 114 114 114 114 114 113 113
 113 113 114 114 116 116 115 115 115 115 116 116 117 117 117 116 115 115
 117 119 119 119 118 117 117 118 119 118 118 118 119 119 120 120 121 121
 121 120 121 121 122 122 122 122 122 121 120 120 120 118 101  50  45  47
  47  47  48  48  46  45  46  48  48  50  50  51  54  56  58  61  65  66
  65  66  64  54  39  25  24  27  31  36  39  40  40  40  40  41  41  42
  43  45  47  49  51  53  57  59  62  64  65  64  71  75  78  77  72  62
  53  51  50  48  48  49  48  48  49  48  47 101 122 127 128 130 130 131
 131 132 132 132 131 131 132 133 134 133 132 132 132 132 132 133 132 133
 133 134 135 135 136 136 135 135 134 134 133 133 133 135 136 136 136 136
 136 136 136 136 135 136 136 136 136 136 137 136 136 136 135 135 136 136
 137  29]"
"[ 30  28 110 109 108 111 111 111 112 112 112 113 113 113 113 114 112 113
 114 114 114 114 115 116 115 114 114 114 115 116 116 116 116 116 115 115
 116 117 118 118 117 117 117 118 118 118 118 118 119 118 118 119 120 121
 121 120 121 121 121 121 121 121 121 121 118 118 120 117  80  45  49  49
  48  48  48  48  47  46  46  47  47  49  49  51  55  57  60  62  67  68
  67  68  65  52  36  21  23  26  31  35  38  40  40  40  39  40  41  42
  44  46  48  49  53  54  58  61  63  64  65  67  72  75  78  76  68  60
  55  51  49  47  47  48  47  47  47  46  53 102 123 124 127 129 130 132
 130 130 131 131 131 130 131 132 133 132 132 131 131 131 131 131 131 131
 132 133 133 134 134 134 134 134 135 135 134 134 133 134 135 135 135 135
 135 135 135 135 134 134 134 135 135 135 135 135 135 135 134 134 134 135
 136  28]"
"[ 29  27 109 108 108 111 112 112 112 112 112 112 112 112 112 112 111 112
 114 115 115 114 115 115 115 114 113 114 114 115 114 114 115 115 115 115
 116 116 117 117 118 117 117 118 117 117 117 118 119 119 118 119 120 121
 121 120 119 120 119 119 119 119 120 121 120 118 120 116  66  44  49  48
  48  48  48  48  48  46  45  45  46  48  48  49  54  58  61  65  66  68
  68  70  66  53  38  23  24  28  32  35  37  38  38  38  40  40  41  43
  45  47  49  49  55  56  60  63  65  65  68  72  77  77  79  74  63  57
  54  50  50  47  47  48  47  46  46  44  57 102 123 124 130 132 130 128
 131 131 131 131 131 131 131 131 131 131 131 131 131 130 130 130 131 131
 132 132 132 132 132 132 132 133 134 136 135 134 133 133 135 135 136 135
 135 135 135 135 133 133 134 135 135 136 136 136 136 136 134 133 134 135
 136  29]"
"[ 29  30 110 109 109 109 112 113 112 112 112 112 112 112 112 111 111 113
 114 114 114 114 115 115 114 114 114 114 114 114 114 114 114 116 116 116
 116 116 116 116 117 117 117 116 117 117 118 118 118 118 118 119 121 121
 120 119 118 120 122 122 121 120 120 121 118 119 120  97  55  44  46  48
  48  47  47  46  45  45  45  46  45  47  47  47  52  57  62  65  65  73
  73  73  70  54  34  23  23  27  31  34  38  38  37  37  39  40  39  40
  45  49  51  53  58  60  62  64  66  68  71  74  77  82  81  70  59  55
  52  50  50  49  49  47  45  46  47  44  62 104 121 128 130 130 131 130
 130 130 130 130 130 130 131 131 131 131 130 130 131 131 131 131 131 131
 132 132 132 132 132 132 132 132 133 134 134 133 134 135 134 134 135 135
 136 136 136 136 133 133 133 133 134 135 136 136 135 135 134 134 133 133
 135  28]"
"[ 29  29 109 108 109 109 111 112 112 112 112 112 112 111 111 111 111 112
 113 113 113 113 114 114 114 114 114 114 114 114 114 114 114 115 115 115
 115 116 117 117 118 118 117 117 117 117 118 118 119 118 118 119 120 120
 120 119 119 119 120 121 121 121 120 120 121 122 120  81  48  49  49  47
  45  45  45  44  44  44  45  45  45  47  47  48  53  59  63  66  69  73
  74  72  69  52  33  25  24  28  30  32  36  37  37  38  39  41  40  41
  45  49  52  55  57  60  63  66  69  72  75  76  78  82  79  69  59  56
  54  52  51  49  48  47  46  47  47  45  63 107 122 127 128 129 129 129
 130 130 130 130 130 131 132 132 131 130 130 130 131 131 131 131 131 132
 133 133 133 133 133 133 133 133 133 134 134 133 134 135 136 136 136 136
 137 137 137 137 135 135 135 135 135 137 137 137 136 137 136 136 136 135
 136  29]"
"[ 29  29 109 109 110 110 112 112 112 112 112 112 111 111 110 110 112 113
 113 112 112 113 114 114 114 114 114 114 114 114 114 114 114 114 114 114
 115 116 117 117 118 118 117 117 117 117 118 118 119 118 117 117 118 119
 119 119 121 120 120 121 123 123 122 120 118 122 119  67  43  49  46  45
  42  41  41  41  41  42  42  43  44  46  47  49  55  60  64  67  71  73
  78  77  71  53  29  24  25  28  30  31  33  34  35  36  39  40  40  40
  44  48  53  58  57  62  66  70  73  77  79  79  79  81  77  67  59  56
  55  53  52  50  48  47  46  48  48  46  68 114 127 128 130 130 130 131
 130 130 131 131 131 132 133 133 132 132 132 132 132 133 133 133 134 134
 135 135 135 135 136 136 136 135 135 135 135 135 136 137 138 138 138 138
 138 138 138 138 137 137 137 137 137 138 138 138 137 138 138 138 138 137
 137  29]"
"[ 29  29 109 109 110 110 111 111 111 111 111 111 111 111 111 111 113 113
 113 112 112 113 114 114 114 114 114 114 114 114 114 114 114 114 114 114
 115 116 116 116 116 116 116 117 117 117 118 118 119 118 117 117 117 118
 119 119 119 119 119 120 122 122 120 119 118 120 108  56  43  43  41  42
  40  39  38  38  39  40  41  41  41  45  47  49  55  60  65  69  73  74
  81  80  72  51  24  23  24  29  31  31  32  32  32  34  37  39  38  39
  43  47  52  58  58  64  70  73  76  80  81  80  81  79  73  64  58  56
  54  52  53  50  49  48  47  48  48  46  71 119 130 129 131 131 130 132
 132 132 132 133 133 134 135 135 135 135 135 136 136 136 136 136 136 137
 137 138 137 137 138 138 138 138 137 137 137 137 138 139 139 139 139 139
 139 139 139 139 138 138 138 138 138 139 139 138 137 139 139 139 139 137
 137  29]"
"[ 29  28 107 108 109 109 110 109 111 111 111 111 112 112 112 112 113 113
 112 111 112 113 114 114 114 114 114 114 114 114 114 114 115 115 114 114
 115 115 115 114 115 116 116 117 117 117 117 117 117 117 117 118 118 118
 119 119 119 119 120 121 121 121 120 119 121 120  89  46  44  40  39  38
  37  37  36  37  38  39  40  40  39  44  47  49  54  60  66  71  78  76
  82  79  69  46  21  24  25  29  31  30  31  31  32  35  37  38  37  39
  43  47  52  57  59  66  72  74  75  79  81  81  82  78  71  63  58  56
  54  52  53  50  49  49  48  49  49  48  74 121 132 131 135 135 134 136
 136 136 136 136 137 137 137 137 137 137 138 138 138 138 138 139 138 138
 138 138 138 138 138 138 139 138 137 138 138 137 138 138 139 139 139 140
 140 140 140 140 138 138 138 138 139 140 140 139 138 139 138 138 138 137
 137  29]"
"[ 29  28 107 107 109 109 110 110 110 110 111 111 112 112 112 112 113 113
 112 112 112 114 114 114 114 114 114 114 114 114 115 115 114 115 115 114
 115 115 115 114 115 116 116 116 116 116 115 115 116 116 117 118 117 118
 119 119 119 120 121 122 122 121 121 120 119 121  76  43  43  39  38  35
  33  33  33  34  36  38  39  40  39  44  47  49  54  60  67  73  79  79
  82  80  68  43  21  24  26  29  30  30  31  33  36  40  39  39  39  41
  45  48  52  58  60  66  72  74  75  78  80  81  82  76  68  62  58  56
  54  53  53  49  48  49  48  49  50  49  77 121 133 134 137 139 139 139
 138 138 138 138 138 138 138 138 137 137 138 138 138 138 138 138 139 139
 139 139 138 138 138 139 139 138 137 138 138 138 138 138 138 138 139 139
 140 140 140 140 138 139 138 138 139 140 140 140 139 139 138 138 138 138
 138  30]"
"[ 29  29 108 108 109 109 110 110 110 110 111 111 111 112 112 112 113 113
 112 112 113 114 115 114 114 114 114 114 114 115 116 116 115 115 116 115
 116 117 117 117 118 118 118 118 117 117 117 117 117 118 119 119 119 119
 120 121 120 120 121 122 122 122 121 120 118 118  65  43  42  39  36  36
  33  34  34  35  37  39  40  42  41  45  46  48  55  63  70  76  78  80
  81  79  66  40  22  24  26  30  32  33  36  38  40  44  42  43  44  45
  48  50  54  61  63  67  71  75  77  79  80  81  79  73  65  60  58  57
  55  54  53  49  49  49  48  48  49  48  80 119 130 133 135 137 138 137
 138 138 137 138 138 138 138 137 137 137 138 138 137 137 137 138 138 139
 139 139 139 138 139 139 138 138 138 138 139 139 138 138 138 138 138 139
 139 139 139 139 139 139 138 138 138 139 140 139 138 139 138 138 138 138
 138  29]"
"[ 29  29 108 107 108 108 110 110 110 110 110 110 111 111 111 111 112 112
 111 111 112 114 114 114 114 114 114 114 115 116 116 117 115 116 117 116
 117 119 120 121 122 122 121 121 121 121 122 122 121 122 123 123 122 122
 123 125 126 126 126 127 128 128 126 125 125 114  53  39  39  40  34  40
  38  39  39  40  41  43  45  46  43  46  46  48  56  65  72  77  79  81
  77  74  61  35  23  26  28  33  37  39  42  43  44  46  45  47  47  48
  50  51  56  64  66  68  72  76  79  80  80  80  75  69  63  59  58  57
  55  54  54  50  49  49  47  46  47  47  86 123 132 135 137 138 140 138
 138 138 137 138 138 138 138 138 137 138 138 138 138 137 138 138 137 138
 138 138 138 138 138 139 138 137 137 139 139 139 138 138 138 138 138 138
 138 138 138 138 139 138 138 137 137 138 138 138 138 138 137 138 138 138
 137  28]"
"[ 29  30 107 108 109 109 111 111 110 110 111 112 113 113 112 110 113 113
 113 114 114 115 116 118 118 118 118 118 118 118 120 122 121 120 120 121
 123 124 125 126 128 128 128 128 128 129 130 130 130 130 130 130 130 131
 133 135 135 134 130 134 130 133 134 130 134  96  49  42  39  40  41  39
  43  46  47  47  48  49  50  52  50  48  48  52  58  65  71  75  78  81
  78  74  57  30  25  28  32  38  45  47  49  50  49  47  46  47  50  52
  52  55  61  64  66  70  74  77  80  82  81  80  72  68  62  59  58  57
  55  54  54  54  53  49  48  47  47  50  91 120 131 135 136 137 137 138
 138 138 138 138 138 138 138 138 138 138 138 138 138 138 138 138 137 138
 138 138 138 138 138 138 140 139 137 137 138 138 138 137 138 138 138 138
 138 138 138 138 139 138 137 137 137 138 138 137 137 138 138 138 138 137
 137  29]"
"[ 28  29 112 113 113 114 113 113 115 115 116 117 118 118 117 116 117 117
 118 120 122 124 125 127 128 127 128 129 130 130 130 131 129 129 129 130
 130 131 132 133 132 132 132 132 131 131 132 133 132 133 133 133 133 133
 135 137 136 136 135 137 132 132 132 133 134  82  43  41  40  42  45  47
  50  52  53  54  57  58  59  61  58  56  53  53  58  64  69  73  73  77
  78  76  51  24  24  33  38  44  51  53  55  56  56  54  50  51  53  54
  55  58  64  66  67  72  77  79  80  81  80  77  70  66  62  59  58  56
  55  54  54  53  53  51  50  47  48  55  92 121 131 135 136 137 137 138
 137 137 138 138 138 138 138 138 138 138 137 137 137 137 138 138 138 138
 138 138 138 138 138 138 139 138 137 137 138 139 138 138 138 138 138 138
 138 138 138 138 139 139 138 137 138 138 138 137 137 137 137 138 138 137
 137  29]"
"[ 28  29 122 122 123 124 120 121 122 122 123 124 126 126 125 124 125 125
 126 127 129 130 131 131 130 130 130 132 133 133 132 131 131 131 133 133
 131 131 132 134 135 135 135 134 133 132 133 133 134 134 135 135 135 136
 137 138 137 136 136 138 134 134 132 136 129  62  38  41  42  45  49  53
  53  54  55  58  61  62  63  66  67  67  60  55  58  62  66  70  70  74
  78  76  44  22  25  38  42  48  55  58  59  61  61  60  57  57  56  56
  57  60  64  66  69  76  81  82  81  80  77  73  68  65  62  60  58  56
  55  54  53  50  50  51  49  46  46  58  95 123 131 135 136 137 138 139
 137 137 137 137 138 138 139 139 138 138 137 137 137 137 138 138 138 138
 138 138 138 138 138 138 139 138 137 138 138 139 139 138 138 138 138 138
 138 138 138 138 138 138 138 138 138 138 137 136 137 137 136 137 137 136
 137  29]"
"[ 29  29 129 129 129 131 126 129 128 128 128 129 130 130 130 129 131 130
 130 131 131 131 130 130 131 130 131 132 132 131 130 130 131 132 133 133
 132 131 131 133 135 135 135 134 132 132 132 133 133 134 135 135 135 136
 137 138 137 134 135 136 136 136 133 137 118  46  37  42  45  48  50  52
  54  55  56  59  63  63  66  71  74  75  68  60  60  62  64  68  73  75
  79  72  36  24  27  39  44  50  56  59  61  63  65  66  65  64  61  57
  58  60  63  65  72  79  83  83  82  80  75  69  66  64  63  61  60  57
  55  54  52  50  49  49  48  47  46  60  99 125 132 135 136 137 138 139
 137 137 137 137 138 138 138 139 137 138 139 139 139 139 138 137 137 137
 138 138 138 139 139 139 139 138 138 138 138 139 138 138 138 138 138 138
 138 138 138 138 137 138 138 137 137 137 137 136 137 137 136 136 136 136
 136  29]"
"[ 28  28 131 130 130 132 128 131 129 129 129 130 130 130 130 129 129 130
 130 131 131 131 130 130 131 131 131 131 130 130 130 131 132 132 132 133
 132 132 132 133 135 135 135 134 133 132 133 134 133 134 134 134 134 134
 135 136 137 135 136 135 135 134 134 134 102  38  40  44  47  51  51  50
  52  53  54  56  59  61  66  73  78  80  76  67  63  63  65  70  75  78
  80  64  26  24  29  38  45  50  56  59  62  65  69  71  72  71  64  57
  57  60  64  69  76  81  84  83  82  79  72  66  65  64  63  62  60  57
  55  55  54  53  51  50  49  50  47  62 102 128 133 135 136 137 137 138
 138 137 137 137 137 138 138 138 137 138 139 140 140 139 138 137 137 137
 138 138 138 139 139 139 139 138 138 138 138 138 138 137 138 138 138 138
 138 138 138 138 138 138 138 137 137 137 137 136 138 138 137 137 136 135
 136  29]"
"[ 30  28 131 129 129 130 129 130 130 129 129 129 129 129 129 129 129 129
 130 130 131 131 131 130 130 130 130 129 129 128 130 132 131 131 131 132
 132 132 132 133 135 135 135 135 134 134 135 135 135 135 135 135 134 133
 134 135 134 135 137 136 134 133 137 130  81  38  44  46  50  53  53  50
  48  50  51  53  56  59  66  73  79  81  80  72  63  61  67  72  75  79
  81  55  20  25  32  39  45  49  53  57  60  65  70  73  76  76  66  56
  55  59  66  74  79  82  84  83  80  75  70  65  64  63  62  61  60  57
  55  54  55  54  51  49  47  51  46  64 104 129 134 135 136 137 137 138
 138 138 138 137 137 137 138 138 138 138 138 138 138 138 138 138 138 138
 138 138 138 138 138 138 138 138 138 138 138 137 137 137 138 138 138 138
 138 138 138 138 138 139 138 137 137 137 138 137 138 138 137 137 137 135
 136  29]"
"[ 30  29 131 129 130 130 131 130 130 130 130 130 130 130 130 130 130 130
 131 131 131 131 131 131 132 131 130 131 131 131 131 132 133 132 132 133
 133 133 134 135 135 136 136 135 135 135 136 136 136 137 136 136 135 134
 135 136 134 135 136 136 135 133 138 119  59  39  46  48  53  54  54  51
  51  54  54  55  59  64  70  77  80  81  83  75  61  58  67  73  76  77
  77  46  20  30  37  42  45  48  51  54  58  64  70  74  78  80  71  59
  57  59  66  76  81  82  83  82  77  71  67  65  65  63  62  61  59  57
  55  55  54  53  51  50  46  48  43  66 104 129 133 135 136 137 138 138
 138 138 138 137 137 138 138 138 139 138 137 137 137 137 138 139 138 138
 138 138 138 138 138 138 138 138 138 138 138 138 138 138 138 138 138 138
 138 138 138 138 137 138 139 138 137 137 137 137 137 137 136 137 136 135
 136  28]"
"[ 29  27 129 129 130 129 132 129 130 130 130 130 130 130 130 130 129 130
 131 131 131 131 131 132 132 131 130 131 131 131 131 130 132 132 132 132
 132 132 133 135 136 136 136 136 136 136 136 136 136 137 137 136 135 136
 137 138 138 138 135 136 135 133 135 104  44  40  47  50  55  54  53  51
  54  56  56  56  61  67  72  77  82  81  85  78  60  56  68  75  77  73
  71  39  22  35  40  42  47  49  51  54  58  64  71  75  80  85  78  65
  61  61  66  75  82  83  83  81  74  67  64  65  66  64  62  61  60  58
  56  55  55  53  52  52  47  47  42  70 103 128 133 135 136 138 138 138
 138 138 138 137 138 138 138 139 138 138 138 138 138 138 138 138 137 138
 138 138 138 138 138 138 138 138 138 138 138 138 138 138 137 137 137 137
 138 138 138 138 136 137 138 138 137 137 137 136 136 136 136 136 136 135
 136  28]"
"[ 28  28 127 130 130 130 130 131 131 131 130 130 130 129 129 129 129 130
 131 131 131 131 131 132 131 131 132 131 131 131 132 132 132 134 134 133
 133 134 135 135 135 136 137 137 137 137 136 136 137 137 137 137 136 135
 136 137 138 137 138 135 135 135 138  85  39  42  48  52  53  53  53  54
  55  55  55  58  64  69  74  80  82  85  89  84  56  57  68  75  76  72
  63  35  33  40  41  47  49  50  52  57  61  67  73  79  83  85  91  63
  59  66  68  79  82  84  84  80  72  66  64  66  65  64  62  60  59  59
  57  57  54  52  53  49  47  48  45  68 102 129 132 133 137 138 137 139
 138 138 138 138 138 138 138 138 138 138 138 138 138 138 138 138 137 137
 137 137 137 137 137 137 138 138 138 138 138 138 138 138 137 137 137 138
 138 138 138 138 137 137 137 138 138 138 137 137 138 136 136 135 136 136
 135  29]"
"[ 29  29 127 129 129 130 130 130 131 131 131 131 130 129 129 128 129 130
 130 131 131 131 131 131 131 132 132 132 132 132 132 133 133 134 134 133
 133 135 135 135 135 135 136 137 137 137 137 137 137 137 137 137 137 136
 136 137 137 137 137 135 133 136 125  69  37  44  50  53  54  54  54  52
  54  58  59  60  63  68  74  80  84  86  88  83  54  56  66  74  79  74
  57  33  34  42  44  49  52  52  54  59  64  70  76  81  88  91  94  61
  59  65  70  81  82  83  81  75  68  66  66  66  65  63  62  60  59  58
  57  56  55  52  52  49  48  49  47  68 101 126 130 133 136 138 138 139
 138 138 138 138 138 138 138 138 138 138 138 138 138 138 138 138 139 139
 139 139 138 138 138 138 138 138 138 138 138 138 138 138 138 138 138 138
 138 138 138 138 136 136 136 137 138 137 137 136 137 136 136 136 137 137
 136  29]"
"[ 29  28 126 128 128 129 129 129 131 130 130 130 130 129 128 127 129 129
 130 130 130 130 131 131 131 132 132 133 132 132 132 133 133 133 133 133
 134 135 135 135 134 135 135 136 137 137 137 138 137 136 136 137 137 137
 137 137 136 138 136 136 132 138 108  52  40  47  53  53  53  55  55  53
  53  58  60  60  65  73  79  84  87  89  89  85  55  58  66  75  80  74
  46  32  36  43  47  50  55  54  56  60  66  73  79  84  90  96  95  56
  57  64  73  83  84  85  80  72  67  66  65  63  65  64  62  61  60  58
  57  55  54  52  51  49  47  49  48  66 103 125 130 134 135 137 137 137
 138 138 138 138 138 138 138 138 138 138 138 138 138 138 139 139 139 139
 139 139 139 138 138 138 138 138 138 138 138 137 137 137 138 138 138 138
 138 137 137 137 136 136 137 137 138 137 136 135 135 134 135 135 136 137
 135  29]"
"[ 29  28 125 127 128 129 129 129 129 128 128 128 129 129 129 128 129 129
 130 130 130 130 130 130 131 131 132 132 132 132 132 132 131 131 131 132
 134 136 136 135 134 135 135 136 137 137 137 138 137 136 135 136 137 137
 137 136 136 138 136 137 133 138  91  43  46  51  54  53  51  53  55  55
  55  57  57  59  65  71  76  80  85  88  88  85  56  58  64  74  80  70
  37  32  39  45  51  51  54  55  57  61  67  74  81  86  92  99  93  54
  59  66  75  83  85  83  78  72  68  66  65  62  65  64  62  60  60  58
  56  54  54  52  51  49  47  49  48  63 103 123 129 134 135 137 138 137
 138 138 138 138 138 138 138 139 138 138 138 138 139 139 139 139 139 139
 139 139 138 138 137 137 138 138 138 138 138 138 138 138 138 138 137 137
 137 136 136 136 137 137 137 138 138 137 135 134 132 132 133 133 135 136
 135  29]"
"[ 29  28 126 127 128 130 130 130 128 128 127 128 128 129 129 129 129 129
 129 130 130 130 130 130 130 130 131 131 132 132 131 131 129 128 129 131
 133 135 136 136 135 135 136 136 136 137 137 137 137 135 135 136 137 137
 136 136 136 136 134 138 134 132  77  43  52  53  54  54  52  52  54  55
  56  56  56  60  65  68  74  82  85  90  88  83  57  59  66  76  81  65
  32  33  41  47  52  52  54  56  58  62  67  75  83  89  96 101  91  58
  65  71  78  81  82  77  72  69  68  66  65  65  64  62  60  59  58  57
  55  53  54  53  53  51  47  48  48  61  97 119 127 134 134 137 139 138
 139 139 138 138 138 138 139 139 138 138 138 138 139 139 139 140 140 140
 139 139 139 138 138 137 137 137 138 138 138 138 138 138 139 138 137 137
 136 136 137 137 137 137 137 137 137 137 134 132 132 131 132 132 134 136
 135  29]"
"[ 29  28 125 126 126 129 129 129 128 128 128 128 129 129 129 130 129 129
 129 130 130 130 130 130 130 130 130 130 131 131 131 131 128 127 128 130
 133 134 135 135 135 136 136 136 137 137 136 136 136 135 135 136 137 137
 136 136 137 136 134 137 136 123  67  47  55  55  55  55  55  54  55  56
  56  57  59  62  65  66  73  83  88  91  89  80  59  61  70  77  81  56
  31  33  40  46  52  53  54  57  61  64  69  76  84  90  93  96  83  63
  71  77  81  81  82  75  68  67  66  64  65  67  64  62  60  58  58  57
  55  53  54  54  53  51  46  47  47  56  93 120 129 134 135 137 138 137
 139 139 139 138 138 138 139 139 138 138 138 138 138 139 139 139 139 139
 139 139 138 138 137 137 137 137 137 138 138 138 138 138 138 137 137 136
 136 136 137 137 137 137 137 136 136 136 133 130 131 130 131 132 133 135
 135  29]"
"[ 29  28 124 123 122 126 127 128 126 128 129 130 129 129 130 130 129 129
 129 130 130 131 130 130 130 130 130 130 131 131 131 131 130 129 129 131
 133 133 134 134 135 136 136 137 137 137 136 136 136 135 136 137 138 137
 136 136 137 136 136 135 137 115  62  50  54  54  52  52  53  56  56  56
  58  59  61  64  66  68  73  80  87  89  88  76  62  64  72  74  76  46
  33  35  41  46  50  52  54  58  62  66  71  78  84  87  89  89  77  69
  76  80  81  81  80  75  69  66  65  64  65  66  65  63  60  59  59  58
  56  55  54  53  51  51  47  48  47  52  89 121 130 134 136 137 137 137
 139 139 138 138 138 138 138 138 138 138 138 138 138 139 139 139 138 138
 138 138 138 138 137 137 138 138 138 138 138 138 138 138 136 136 136 137
 137 137 137 137 137 137 136 135 136 136 134 131 130 129 131 132 134 135
 135  29]"
"[ 30  29 124 122 120 124 126 127 124 126 129 130 130 129 130 130 130 129
 129 130 131 131 130 130 131 130 130 130 131 132 132 131 132 130 130 132
 133 132 132 133 135 136 136 137 137 137 137 136 136 136 136 137 138 137
 137 136 135 136 136 133 137 109  59  51  51  51  48  45  48  54  56  54
  57  59  61  67  76  83  87  91  88  91  91  78  70  71  78  75  72  39
  36  38  44  48  49  52  53  57  62  67  72  78  82  83  91  89  76  76
  80  81  81  80  76  73  69  66  66  67  66  66  65  63  60  58  58  58
  57  55  55  53  51  51  48  49  48  51  82 118 129 132 136 138 137 139
 139 139 138 138 137 138 138 138 138 138 138 138 138 138 139 139 139 139
 139 139 139 138 138 138 138 138 138 138 137 137 137 137 136 136 137 138
 138 138 137 137 137 137 137 136 136 137 135 132 131 130 132 134 135 137
 136  30]"
"[ 29  28 123 122 123 125 125 125 122 122 126 130 129 128 129 130 129 129
 129 129 130 130 130 130 130 130 131 131 131 131 132 132 132 132 132 132
 132 132 133 133 135 135 136 136 137 137 137 137 135 135 137 138 138 138
 137 137 136 137 133 135 137 105  57  56  53  51  49  48  49  50  50  50
  51  53  58  62  66  72  75  74  74  79  81  75  70  79  78  79  64  38
  33  36  44  49  51  54  57  60  65  69  73  78  84  89  93  86  80  78
  80  81  81  79  73  72  71  69  68  67  66  64  65  64  62  61  60  59
  57  55  54  53  52  50  47  48  49  48  80 111 123 135 135 139 137 140
 139 139 138 138 138 139 138 138 138 138 138 138 138 138 138 138 138 138
 138 138 139 139 139 139 138 138 138 138 138 137 137 137 137 137 138 138
 138 138 137 137 137 137 137 137 137 137 137 135 131 133 133 135 137 137
 137  29]"
"[ 29  29 125 125 125 126 125 125 124 121 123 127 129 130 129 127 129 129
 129 129 130 130 130 130 130 130 131 131 131 131 132 132 132 132 132 132
 132 133 133 134 133 134 136 137 137 137 137 137 135 135 136 137 138 138
 138 137 137 138 135 136 133 104  61  57  56  54  52  50  50  51  51  52
  52  54  58  61  63  69  74  75  77  79  78  77  79  82  81  74  57  39
  40  42  46  49  51  55  59  63  68  73  77  83  89  94  88  83  78  78
  82  82  78  74  72  72  71  69  68  67  66  64  65  64  62  61  60  59
  57  55  55  53  51  49  47  49  52  51  73 109 122 134 136 139 137 138
 138 138 137 137 138 138 138 138 138 138 138 138 138 138 138 138 138 138
 138 138 139 139 139 139 138 138 138 138 138 137 137 137 137 137 137 137
 137 137 136 136 137 137 137 137 137 137 136 135 135 135 135 136 137 137
 137  29]"
"[ 28  29 125 125 126 126 125 125 123 123 125 127 128 128 128 129 128 128
 129 130 129 129 130 130 130 130 131 131 131 131 132 132 132 132 132 132
 132 133 133 134 132 134 136 137 137 137 137 137 136 136 136 137 137 137
 137 137 137 138 137 135 127 101  65  58  59  57  55  53  52  52  53  54
  52  55  60  63  63  68  73  76  78  82  80  79  85  84  85  73  52  41
  45  46  48  49  52  56  61  65  69  73  76  80  86  90  82  80  79  80
  82  80  75  71  71  72  71  69  68  66  65  64  65  64  63  62  61  59
  57  56  56  54  52  49  47  48  50  49  66 108 121 133 137 139 138 138
 138 138 138 138 138 138 139 140 139 139 138 138 138 138 139 139 138 138
 138 138 139 140 140 139 139 139 138 138 138 139 139 139 139 138 138 138
 137 137 137 137 137 137 138 137 136 136 136 136 136 137 136 137 137 137
 137  28]"
"[ 30  29 124 124 125 125 124 125 123 125 126 127 127 127 127 128 126 127
 128 129 129 129 130 130 130 130 131 131 131 131 132 132 132 132 132 132
 132 132 133 133 132 134 136 137 137 137 137 138 137 137 137 137 137 137
 137 137 136 136 136 132 118  98  68  57  58  57  56  55  54  54  54  55
  53  56  63  66  67  70  74  76  78  83  82  79  84  86  83  70  54  46
  48  47  50  52  55  56  61  63  66  68  70  73  77  80  80  80  81  81
  78  74  72  72  70  71  71  69  67  66  65  64  65  64  63  62  60  58
  56  54  54  53  52  51  48  48  48  46  61 105 118 130 136 137 139 138
 138 138 138 138 138 138 139 140 139 139 138 138 138 139 139 139 139 138
 138 139 140 140 140 140 138 138 138 139 139 139 139 140 139 139 139 139
 139 139 139 139 136 137 138 137 137 137 137 137 137 137 136 137 137 137
 137  29]"
"[ 30  29 124 124 125 126 124 126 124 126 124 124 127 128 125 123 124 125
 127 127 128 128 129 130 130 130 131 131 130 131 131 132 132 132 132 132
 133 133 133 133 134 135 136 137 136 136 137 138 138 138 137 137 136 136
 137 137 137 136 134 129 113  96  72  56  58  58  57  56  56  55  55  55
  54  56  62  67  69  72  75  76  80  79  80  82  84  86  72  60  57  52
  52  49  53  55  57  57  59  61  63  66  69  72  76  79  81  81  79  76
  72  69  70  72  70  71  70  68  66  65  65  65  64  64  63  61  59  56
  54  52  52  50  51  51  49  48  48  47  55  96 113 126 134 135 138 136
 138 138 138 138 137 137 138 139 139 139 139 139 139 139 139 139 139 139
 138 139 140 140 140 140 138 138 138 138 138 138 138 138 138 138 138 138
 139 138 138 138 136 137 138 137 137 137 138 138 137 138 137 137 138 138
 138  30]"
"[ 29  28 124 125 126 125 124 126 127 131 127 124 126 126 124 124 124 124
 125 126 127 128 129 130 130 130 130 130 130 130 131 131 132 132 132 133
 134 135 135 135 135 136 137 137 137 137 137 138 137 137 137 137 137 137
 137 138 139 136 132 126 109  96  75  57  59  59  58  58  58  57  56  55
  55  55  59  64  67  71  75  76  80  79  83  88  82  77  59  56  55  55
  56  53  55  54  57  57  60  62  64  67  70  74  77  79  81  77  73  70
  68  68  68  69  71  71  70  68  67  66  66  65  65  65  63  61  59  56
  54  52  54  51  50  49  47  46  48  48  50  84 108 124 135 137 138 137
 139 139 138 138 137 137 138 138 138 138 139 139 139 139 139 139 139 139
 139 139 139 140 140 140 140 139 139 138 138 138 138 138 138 138 138 138
 138 138 137 137 136 137 138 137 137 138 138 138 137 138 137 137 138 137
 138  29]"
"[ 28  29 126 126 125 123 124 128 135 140 135 126 124 124 124 127 125 125
 125 126 126 128 129 130 130 130 130 130 129 129 130 130 131 131 132 133
 134 135 136 136 135 136 136 137 137 137 137 137 137 137 137 137 137 138
 138 138 138 136 131 124 107  94  76  58  59  59  58  59  59  58  57  56
  57  56  59  63  67  71  75  77  80  83  86  83  73  62  56  56  53  55
  56  55  57  54  57  58  62  63  66  68  70  72  73  73  74  71  67  66
  66  67  68  68  72  72  71  69  68  68  67  66  66  65  64  62  59  57
  55  54  55  51  48  47  44  44  46  47  48  73 102 121 134 138 138 139
 140 139 138 138 138 138 139 139 138 138 139 139 139 139 139 138 139 139
 139 139 139 139 140 140 140 140 140 139 139 139 139 139 139 139 139 139
 138 138 138 138 137 137 137 137 137 138 138 137 136 137 137 137 138 137
 137  28]"
"[ 29  31 128 127 124 122 125 132 145 146 136 126 125 125 124 126 126 126
 125 125 126 128 129 130 130 130 130 130 129 129 129 130 130 131 132 132
 133 134 135 135 135 135 136 137 138 138 137 137 138 138 137 137 137 137
 137 138 137 135 129 122 105  92  75  58  58  58  58  58  59  59  58  57
  57  56  60  65  68  71  75  77  80  85  81  69  61  53  58  53  54  55
  54  54  59  57  59  59  61  63  65  67  68  69  68  68  67  66  66  66
  66  66  67  69  72  72  71  70  70  69  68  66  65  64  63  61  58  56
  55  54  52  48  46  46  44  44  46  47  46  65  96 116 129 136 136 139
 139 138 137 137 138 138 138 138 137 138 138 139 139 139 138 138 138 139
 140 139 138 138 139 140 139 139 139 139 139 139 140 140 139 138 138 138
 138 139 139 139 138 138 137 137 137 137 137 136 136 137 137 138 139 138
 138  29]"
"[ 31  26 129 126 124 131 144 153 146 137 129 128 127 125 124 125 126 123
 126 129 126 128 131 129 129 130 130 130 131 131 131 131 132 132 132 132
 134 135 136 135 135 135 136 137 138 138 137 136 138 137 137 137 138 138
 138 138 135 133 131 117 106  90  65  58  59  57  55  56  58  59  59  58
  55  56  59  65  69  72  75  77  76  72  64  58  55  54  53  55  56  56
  56  57  57  58  58  58  60  62  64  63  62  62  63  66  65  65  65  64
  65  65  66  67  71  71  71  72  71  68  67  66  66  64  62  60  59  57
  55  52  52  48  44  43  44  45  46  47  49  56  94 117 130 135 134 138
 139 139 139 138 138 138 139 139 138 139 139 139 139 139 139 139 138 138
 139 140 139 139 140 140 139 139 138 138 138 139 139 139 140 140 140 139
 138 138 138 139 138 138 138 138 138 138 138 138 138 139 138 138 138 138
 138  29]"
"[ 29  29 124 130 144 153 151 143 132 129 124 123 123 124 123 122 122 124
 123 126 127 130 129 130 129 129 130 130 131 131 131 131 132 132 132 132
 133 135 136 136 135 136 136 137 138 138 137 137 138 138 137 137 138 138
 137 137 137 134 130 113  99  83  64  61  58  56  54  55  57  59  58  57
  59  59  61  64  67  66  65  65  56  57  54  53  53  53  53  55  57  57
  57  57  57  57  56  56  57  59  60  60  59  59  60  62  63  64  65  65
  64  65  66  68  69  69  69  70  70  68  67  67  65  64  62  59  58  56
  54  52  52  49  47  46  46  45  45  45  50  58  89 111 127 134 137 139
 140 141 141 139 138 138 139 139 140 140 140 140 140 140 141 141 140 139
 141 141 139 139 140 140 139 139 139 138 139 139 139 139 140 140 140 139
 139 138 138 139 138 138 138 138 138 138 138 138 138 139 138 138 138 138
 138  29]"
"[ 30  31 130 141 148 137 124 117 120 119 120 123 124 125 125 126 128 128
 126 128 127 130 129 129 129 130 130 130 131 131 132 132 132 132 131 131
 132 134 135 135 136 136 136 137 138 138 138 137 139 138 138 138 138 137
 137 136 136 134 129 111  95  78  61  59  57  55  53  54  55  57  58  57
  58  57  57  59  60  59  56  54  54  56  56  55  55  54  53  55  57  57
  56  57  57  56  55  54  56  57  58  58  58  58  60  61  62  64  65  65
  64  64  67  69  68  68  68  69  69  69  68  68  65  64  62  59  57  55
  53  52  51  50  49  49  47  45  43  43  45  53  77 101 122 132 138 137
 141 142 142 140 139 139 139 140 140 140 140 140 140 141 141 142 140 140
 141 142 139 139 140 140 139 140 140 140 139 140 139 139 140 140 139 139
 139 139 139 139 139 139 138 138 138 138 138 138 138 139 138 138 138 138
 138  29]"
"[ 30  26 144 146 139 115 107 107 113 113 119 127 126 117 110 110 115 115
 123 129 129 126 130 131 130 130 130 131 131 132 132 133 134 133 132 131
 132 134 135 135 136 136 136 137 137 137 137 137 139 138 138 138 138 137
 137 136 134 132 126 109  92  74  59  58  57  55  54  53  54  56  57  57
  56  55  54  54  55  55  54  53  53  55  54  54  55  54  54  56  56  55
  55  56  56  56  55  55  56  56  57  57  58  60  61  62  61  63  65  65
  64  64  66  68  68  67  67  68  69  68  67  66  65  65  63  60  56  54
  53  52  50  49  48  49  47  44  43  43  44  51  69  97 124 133 140 137
 141 141 141 140 139 139 141 142 140 140 140 141 141 141 142 142 139 139
 141 142 140 140 141 141 139 141 141 141 140 140 140 139 140 140 139 139
 139 139 139 138 139 139 139 138 138 138 138 137 138 139 138 138 138 138
 138  29]"
"[ 30  27 160 151 146 141 143 135 133 124 115 106  89  67  52  48  45  53
  76 100 126 126 127 129 130 130 130 130 131 132 132 132 135 135 134 132
 132 133 135 135 136 136 136 136 136 137 137 137 138 138 138 138 138 138
 137 136 135 131 121 104  88  72  59  58  57  56  55  54  55  56  57  57
  58  57  55  54  53  54  54  54  52  53  51  51  53  54  54  55  55  55
  54  55  56  56  56  56  55  54  54  55  57  60  62  63  62  63  64  64
  64  64  65  66  66  66  66  68  68  66  65  64  65  65  64  60  56  53
  52  52  50  49  48  48  46  44  43  43  46  51  62  90 122 131 138 138
 140 140 140 139 138 140 142 143 140 141 142 142 143 143 142 142 140 140
 141 142 140 140 141 141 140 141 142 142 141 141 140 139 140 139 139 139
 139 139 139 138 139 139 138 138 138 138 138 138 138 139 138 137 138 138
 138  29]"
"[ 27  35 157 147 130 113  95  69  51  49  45  41  38  38  39  39  40  41
  41  59 110 127 128 131 129 129 129 130 130 131 131 131 134 134 133 132
 131 132 133 134 135 136 136 137 137 136 137 137 137 137 138 138 138 138
 137 136 133 130 118 103  87  69  58  56  57  56  56  55  56  56  57  57
  56  56  55  54  53  54  54  53  54  54  53  53  55  55  53  53  55  55
  55  55  55  56  56  57  55  54  54  54  57  59  61  63  62  63  63  64
  65  65  65  65  65  65  67  68  68  66  65  64  64  65  63  60  55  53
  51  51  51  50  48  47  46  43  42  43  43  46  53  77 113 126 135 138
 139 140 140 139 139 140 142 142 140 141 142 143 143 143 142 141 140 139
 140 140 138 139 140 139 140 142 142 142 142 141 140 139 139 139 139 138
 138 138 138 138 138 138 138 138 138 138 138 138 138 139 138 137 137 137
 138  29]"
"[ 29  26  67  49  31  22  22  19  19  24  30  34  37  42  43  42  43  46
  38  49  90 125 130 126 130 129 129 129 130 130 131 131 132 132 132 131
 131 132 133 133 135 136 137 137 137 137 137 137 138 138 138 138 138 138
 137 136 130 129 119 103  85  65  55  55  55  55  56  56  57  57  57  57
  54  54  53  52  52  53  53  52  50  52  52  53  55  55  54  55  56  56
  56  56  55  55  56  57  56  56  56  56  58  59  61  61  62  63  63  64
  65  65  65  65  65  66  67  68  68  66  65  65  64  65  64  60  56  53
  51  51  51  49  48  47  45  43  41  41  41  45  49  67 105 125 135 139
 138 139 140 140 141 142 142 141 141 141 142 142 142 142 141 141 141 139
 139 139 138 139 141 140 141 142 142 142 142 142 140 139 139 139 138 138
 138 138 138 138 138 138 138 138 138 138 138 138 138 139 137 137 137 137
 137  29]"
"[ 30  31  22  22  23  26  26  26  28  31  34  37  38  37  38  39  39  45
  41  39  51 104 131 129 130 130 130 130 130 131 131 131 131 132 132 131
 131 133 134 135 136 137 138 138 138 137 137 137 138 138 138 138 138 138
 136 135 132 131 119 101  80  60  54  57  53  54  56  57  57  57  57  57
  56  55  52  50  51  53  53  52  52  54  54  54  54  54  53  55  55  56
  57  57  56  55  56  56  58  58  58  58  59  59  60  60  62  63  64  65
  65  65  65  65  65  66  68  68  66  65  64  65  65  66  65  61  57  54
  52  51  50  48  47  47  45  42  40  40  40  46  48  61  98 122 130 134
 138 139 140 141 143 143 142 140 142 142 143 143 143 142 142 142 142 140
 140 140 140 141 143 142 142 142 142 142 142 142 141 139 138 138 138 138
 137 137 138 138 137 137 137 138 138 138 138 138 138 139 137 137 137 137
 137  28]"
"[ 30  28  32  32  31  31  31  33  34  36  37  37  36  36  37  39  39  41
  39  41  46  80 130 129 130 130 130 130 131 131 131 131 132 132 132 131
 131 132 133 134 135 136 137 138 138 138 137 137 138 138 138 138 138 138
 137 136 134 130 120 100  78  58  58  58  57  56  55  55  56  57  56  55
  55  54  53  54  53  53  52  52  52  55  56  56  56  56  54  53  54  55
  57  57  57  56  55  54  58  58  57  57  57  57  59  60  62  61  62  64
  66  66  66  66  64  66  68  69  68  66  65  66  64  63  60  58  58  57
  54  52  52  48  46  46  42  40  40  41  41  47  49  55  91 114 132 136
 138 138 139 142 143 143 142 143 142 142 142 142 142 141 142 143 142 141
 140 139 140 141 142 142 142 142 141 141 141 141 140 140 139 139 138 137
 137 136 137 137 138 138 138 138 137 138 138 138 136 138 136 140 137 136
 137  30]"
"[ 29  28  33  35  34  35  36  38  35  36  37  37  36  36  36  37  31  38
  39  37  32  57 117 129 130 130 130 130 131 131 132 132 132 132 132 132
 133 134 134 134 135 136 137 138 139 139 139 138 138 138 138 138 138 138
 137 136 132 128 119  99  77  57  57  57  58  57  55  55  56  57  56  54
  52  52  52  53  53  52  52  52  54  56  57  57  57  57  56  54  53  54
  56  56  56  56  56  56  58  57  57  56  56  57  59  60  61  61  62  64
  65  65  64  65  64  66  67  68  66  64  64  65  63  62  60  58  58  57
  56  53  52  48  47  46  43  40  40  39  44  46  47  50  79 106 127 136
 138 139 140 142 142 140 140 141 142 142 141 141 141 140 141 142 141 140
 140 139 139 140 140 140 139 140 141 142 143 142 141 140 138 138 139 138
 138 138 138 139 138 137 137 137 136 137 137 137 136 140 142 135 137 137
 135  27]"
"[ 29  29  35  36  35  36  36  38  34  34  33  32  32  31  31  31  30  28
  27  28  25  38 106 130 129 130 130 130 131 132 132 132 133 132 132 133
 134 135 134 133 134 135 136 137 137 138 137 137 137 137 137 137 137 137
 137 136 133 127 116  96  75  58  59  58  58  56  55  54  55  56  55  53
  52  52  53  54  54  54  54  54  54  55  56  56  56  55  55  54  53  54
  54  55  55  55  56  57  58  58  57  57  57  58  60  61  62  62  63  65
  65  65  65  66  67  68  69  69  67  65  65  66  65  63  61  58  58  57
  56  54  52  49  48  47  45  42  41  40  39  42  50  52  69  96 118 133
 137 139 141 143 142 141 141 142 142 140 139 139 139 139 139 140 140 139
 139 139 139 139 139 138 137 138 139 140 141 140 139 138 137 137 138 138
 138 137 138 138 138 138 138 137 137 137 137 138 141 136 134 138 138 135
 140  30]"
"[ 29  29  35  35  33  33  31  32  29  28  26  25  25  25  23  22  20  22
  23  28  27  32 101 130 129 130 130 131 131 132 132 132 133 133 134 134
 134 133 132 132 136 136 137 138 138 138 138 138 139 138 138 137 138 138
 138 138 136 128 114  94  76  60  60  57  57  56  55  55  56  57  55  52
  50  51  52  54  53  52  52  53  54  54  55  55  54  54  54  54  55  55
  55  55  55  55  56  56  58  58  58  59  59  60  61  61  61  62  64  65
  66  66  66  68  68  67  67  67  66  65  65  65  66  64  61  59  57  56
  55  53  51  48  47  47  45  43  42  40  41  42  50  51  57  87 110 131
 136 138 140 141 141 141 141 142 141 140 139 139 140 139 139 139 139 139
 139 140 140 141 140 140 139 139 138 138 139 139 139 138 138 139 139 139
 138 138 138 138 138 138 138 138 137 137 137 137 136 138 138 140 133 134
 134  27]"
"[ 30  28  33  32  28  27  25  25  25  24  22  22  23  23  22  21  24  26
  24  22  24  34 103 134 130 130 130 131 131 132 132 132 132 133 134 134
 133 133 133 134 136 137 137 138 138 138 138 138 138 138 137 137 137 138
 138 138 137 130 115  93  73  56  56  54  55  55  55  55  57  57  55  52
  50  50  52  53  53  52  52  52  54  54  54  54  54  54  54  54  55  56
  56  56  55  55  55  56  56  57  58  59  60  60  61  60  60  61  63  64
  65  65  66  68  70  68  67  67  68  67  66  65  65  63  60  57  55  54
  53  51  51  48  47  47  45  44  43  41  40  38  44  47  52  83 108 130
 137 137 138 139 139 140 140 140 139 138 138 139 139 139 138 137 138 138
 137 137 138 138 138 138 139 138 137 137 137 137 137 137 137 138 138 138
 138 137 137 137 137 137 137 137 136 136 136 136 137 134 136 133 137 142
 133  34]"
"[ 29  28  31  28  23  22  19  18  19  19  18  18  19  20  20  19  22  22
  22  23  23  31  95 135 130 130 130 131 131 131 132 132 131 133 135 135
 134 134 136 138 136 137 137 138 138 139 139 139 138 138 137 137 138 138
 138 138 139 132 116  91  67  52  56  58  54  54  55  55  56  57  55  53
  50  51  52  53  53  53  53  53  53  53  53  54  53  53  53  54  55  55
  56  56  55  55  55  55  56  57  58  59  60  61  60  60  61  62  64  66
  66  66  67  69  68  66  65  66  67  66  65  63  66  64  61  57  55  53
  51  49  50  47  46  45  43  42  42  40  41  40  44  45  46  74 103 130
 137 138 138 139 140 142 143 143 141 140 141 141 141 140 139 138 139 138
 138 137 138 138 138 138 137 138 138 139 139 139 138 137 137 138 138 138
 138 138 138 139 139 138 138 138 138 138 138 138 136 135 139 138 138 134
 139  27]"
"[ 30  29  31  27  23  23  21  20  18  18  18  18  18  19  19  20  19  19
  21  24  24  35  92 135 130 130 131 131 131 131 131 131 131 132 133 134
 133 134 135 137 136 136 137 137 138 138 138 138 138 138 137 138 138 138
 138 137 136 129 114  89  67  52  54  53  54  55  55  55  56  56  55  54
  51  51  51  52  53  53  52  53  54  53  54  55  54  53  53  54  55  55
  56  56  55  55  55  55  57  57  57  58  59  59  59  59  61  62  63  64
  64  63  64  65  68  67  66  67  68  67  66  65  63  62  60  57  55  54
  52  50  49  47  47  46  44  44  45  43  38  39  41  43  46  67  96 120
 134 136 137 137 138 140 141 141 140 140 141 141 141 139 139 139 139 138
 138 138 138 138 138 138 137 137 138 139 139 139 138 137 138 138 138 138
 138 138 138 139 137 137 137 136 136 136 136 136 139 138 133 135 135 138
 137  30]"
"[29 28 31 29 27 29 29 28 29 30 30 29 29 29 29 30 29 31 30 28 28 27 32 28
 29 29 29 29 29 29 29 29 28 29 29 29 29 29 29 30 29 29 29 29 29 29 29 29
 29 29 29 29 29 29 29 28 28 29 30 28 29 27 31 28 29 29 29 28 29 29 29 29
 30 29 29 29 29 29 28 28 29 28 29 30 30 28 28 29 29 29 29 29 29 28 29 29
 29 29 28 28 29 29 29 29 29 29 29 30 29 29 29 29 29 29 29 30 30 29 28 29
 29 29 29 28 28 29 28 28 29 29 29 29 28 28 29 28 30 29 28 30 29 26 29 31
 28 30 31 30 28 29 29 29 29 29 30 30 30 28 28 29 29 28 28 28 29 29 29 29
 29 29 28 28 29 29 29 29 29 29 29 29 28 28 28 29 29 29 29 29 29 29 29 29
 29 26 29 32 25 31 30 27]"
