"[25 23 21 19 19 20 23 24 21 21 21 20 20 20 19 19 20 20 19 19 18 18 18 18
 18 19 19 19 19 20 20 20 19 19 19 19 19 19 19 19 20 20 21 22 23 25 26 27
 21 21 21 22 24 25 24 23 18 26 28 21 21 32 42 44]","[20 19 17 14 11  9  9  8  9  9  9  9  9  9  9  9  6  7  7  7  7  6  6  6
  6  6  6  7  7  7  7  7  6  6  6  6  6  6  6  7  7  8 10 12 13 13 12 11
 13 14 14 16 18 19 18 17 23 21 17 19 37 57 60 51]","[25 25 24 22 19 15 11  9 10  9  8  7  6  5  4  4  4  4  4  4  3  3  3  2
  2  2  2  2  2  3  3  2  2  1  1  1  1  1  1  1  2  5  8 11 11 10  7  6
 11 12 13 14 15 16 15 15 18 21 24 33 54 71 68 54]","[29 29 29 29 29 28 27 26 25 24 22 20 17 15 14 14 12 11 10  9  8  7  6  6
  7  6  6  5  5  4  4  4  6  6  5  5  5  5  5  5  9 10 12 13 14 13 12 11
 15 17 18 18 18 18 18 19 12 32 51 58 60 62 59 53]","[22 21 20 20 23 24 26 28 30 29 28 27 26 25 24 24 17 16 14 13 10  9  7  7
  9  9  8  7  6  5  4  4  6  6  6  6  6  6  6  6 10  9  9  9  9 10 12 14
 18 19 20 19 17 18 21 25 27 49 67 66 59 57 56 53]","[20 18 15 14 14 14 16 17 19 20 21 22 23 24 25 26 23 23 22 21 19 18 17 16
 12 12 12 10  8  7  7  6  7  6  6  6  7  7  7  7  9  8  7  6  7 10 13 16
 16 17 17 16 15 19 26 33 57 62 61 57 59 66 65 57]","[32 30 27 23 20 18 17 16 13 14 15 16 17 18 19 20 23 23 24 24 24 25 25 25
 20 20 18 17 15 13 12 11  9  9  9  9  9  9  9  9  9  9  8  9 11 14 17 19
 15 17 18 17 19 27 39 49 66 64 57 52 60 71 68 57]","[43 42 40 37 33 28 24 22 18 18 17 16 16 15 15 14  9 10 11 13 15 17 19 20
 24 23 22 20 18 16 15 14  9  9  9  9  9  9  9  9  6  7  9 12 14 16 17 18
 19 20 22 22 26 37 53 65 56 61 61 58 61 67 63 53]","[56 88 88 85 82 71 68 57 41 39 36 31 27 22 19 17 20 18 16 13 13 14 16 18
 12 11 11 13 16 17 15 14 16 17 19 19 19 17 15 14 17 13  9  9 13 17 18 18
 16 15 20 32 47 55 54 49 61 58 63 65 61 67 69 59]","[50 84 88 90 95 91 95 87 95 91 85 76 67 58 52 48 28 27 25 22 19 15 13 11
 12 12 12 14 16 17 16 15 13 13 12 10  9  9  8  8  8  7  8 11 14 16 16 16
 14 22 36 49 57 57 53 49 61 59 64 66 62 68 70 59]","[41 73 75 76 80 77 82 75 80 81 82 83 85 86 87 88 85 83 79 71 61 48 37 31
 28 25 21 17 14 10  5  4 16 14 13 12 13 15 17 19 10 13 15 16 15 14 13 13
 23 36 52 60 60 57 56 57 62 60 65 67 64 69 71 60]","[51 82 79 76 76 71 74 67 70 70 70 70 70 71 71 71 75 77 80 82 82 79 76 73
 71 67 61 54 47 40 32 27 18 17 15 12 10  9  9 10 12 14 15 14 12 14 19 23
 43 49 55 56 54 54 61 67 63 61 67 69 66 71 72 61]","[48 79 78 76 79 76 82 76 79 78 76 74 71 68 66 65 60 62 65 68 72 74 75 76
 80 78 76 75 74 72 68 65 48 46 42 37 30 23 17 13 13 12 10  9 11 19 33 43
 56 54 52 51 52 56 62 66 64 62 69 72 68 73 73 62]","[40 72 72 73 77 75 82 76 72 73 74 75 77 79 80 80 82 80 77 73 69 66 65 64
 62 61 61 62 65 65 64 62 68 68 67 65 61 55 51 47 39 34 27 21 22 30 41 50
 56 54 52 55 59 61 60 58 65 64 71 74 70 74 75 63]","[53 84 85 84 86 83 87 80 81 80 79 76 74 72 71 70 69 69 69 69 70 70 71 71
 66 65 63 63 63 62 59 57 54 54 55 56 57 57 57 57 59 53 45 39 39 41 45 47
 55 55 56 59 62 63 61 59 65 65 72 75 72 76 76 63]","[50 82 83 83 86 82 86 79 83 83 83 82 81 81 80 80 72 72 72 71 70 68 66 64
 66 64 63 63 63 61 58 56 56 55 53 51 50 51 52 53 50 46 43 44 48 50 49 47
 58 58 59 59 60 62 65 67 66 65 73 76 73 77 76 64]","[50 88 85 82 91 86 88 87 87 87 86 84 83 82 81 80 77 77 78 78 76 74 72 71
 68 68 67 65 63 62 61 60 58 57 55 54 54 54 52 50 54 48 44 44 45 46 48 50
 53 56 61 64 63 62 65 70 71 73 70 78 76 75 83 64]","[50 88 85 82 91 86 87 87 86 86 86 87 86 86 86 86 83 83 84 83 82 80 77 76
 74 74 73 71 69 68 67 66 61 59 57 57 59 59 58 57 51 48 45 46 48 49 50 51
 57 59 62 64 65 66 69 73 72 75 72 80 78 77 85 66]","[49 88 85 83 90 85 87 87 86 87 88 90 91 91 91 91 88 89 89 88 86 84 81 79
 80 79 78 76 75 73 72 71 67 65 62 61 62 62 61 60 56 54 51 51 52 54 54 53
 62 63 63 64 67 70 74 76 75 77 74 83 80 79 87 68]","[49 89 87 84 90 84 87 89 87 88 90 92 93 93 93 93 90 90 90 89 87 85 82 80
 82 81 80 78 77 75 74 73 74 71 68 66 65 64 62 60 64 62 57 53 54 57 59 57
 65 67 66 65 67 72 75 74 76 78 75 84 81 80 88 69]","[49 90 89 85 91 85 88 91 89 90 92 93 93 92 91 90 92 92 92 92 90 87 85 83
 85 84 83 81 80 78 77 76 78 75 73 72 71 69 65 63 61 60 54 47 49 57 62 60
 63 68 70 67 68 73 74 71 76 79 75 84 81 80 88 69]","[50 92 92 88 92 86 90 93 91 92 94 94 94 92 89 88 95 96 96 96 95 93 91 89
 90 89 88 87 85 84 82 82 79 78 78 78 77 74 69 65 47 48 44 37 41 53 59 57
 55 67 74 71 70 74 75 71 77 80 76 85 83 81 89 70]","[51 94 94 90 94 87 92 96 91 92 95 96 96 93 91 89 96 97 98 98 98 96 95 93
 93 93 91 90 88 87 86 85 82 81 81 80 76 69 61 54 38 42 40 33 37 48 50 45
 44 63 77 77 74 78 79 75 79 82 78 87 85 84 92 72]","[52 95 96 91 95 88 93 97 91 93 95 97 97 96 93 91 95 96 97 98 98 97 95 94
 93 93 92 90 88 87 86 85 85 84 82 79 72 61 48 40 37 43 42 35 36 44 42 32
 36 60 80 80 77 81 83 80 81 84 80 89 87 85 93 74]","[ 54  98  97  91  97  93  96  94  97  96  96  96  96  97  98  99  96  97
  98  99 100  99  98  97  98  97  96  95  94  93  92  91  88  87  88  86
  75  59  49  47  37  39  49  38  38  50  38  33  43  68  85  81  76  81
  84  81  75  93  93  90  83  90 103  80]","[ 54  98  97  91  97  94  96  94  97  97  96  96  97  98  99  99  96  97
  99 100 100 100  99  98 101 100  99  99  97  97  96  95  96  94  92  89
  78  64  57  57  35  36  46  37  41  55  44  40  44  68  86  83  78  80
  84  83  87  81  76  93  96  90  95  79]","[ 54  98  97  92  98  94  97  95  98  98  97  97  98  98  99 100  98  98
  99 100 101 101 100 100 104 104 103 103 102 102 101 101 103 100  97  92
  80  66  61  63  44  40  46  35  39  50  37  33  46  68  86  87  81  81
  84  85  87  88  85  95  89  89 113 112]","[ 55  98  98  92  99  96  98  97  99  99  98  98  99 100 101 101  99 100
 100 101 102 102 103 103 106 106 106 106 106 106 106 106 105 104 102  95
  80  63  56  56  50  42  45  35  38  48  35  32  50  67  85  89  84  82
  85  88  87 102  95  88  93 125 159 146]","[ 55  99  98  93 100  97 100  98 100 100 100 100 100 101 102 102 101 101
 101 102 103 104 105 106 105 105 106 106 107 108 108 109 107 108 109 101
  82  59  46  44  48  40  45  39  45  59  51  53  54  65  79  88  88  84
  86  91  93  96  87 102 138 180 190 147]","[ 55  99  99  94 101  98 101  99 102 101 101 101 101 102 103 104 102 102
 102 103 104 106 107 108 104 104 105 107 108 109 110 111 110 114 116 108
  84  56  39  34  52  44  50  45  50  63  59  68  59  61  71  85  90  87
  88  94  88  95 110 153 184 192 185 146]","[ 55  99  99  94 101  99 102 100 102 102 102 102 102 103 104 105 104 103
 103 104 105 107 109 110 103 104 105 107 109 111 112 113 111 115 118 108
  83  52  34  29  45  38  46  41  43  54  55  68  64  58  63  81  92  91
  91  96 104 132 160 189 190 182 179 153]","[ 55 100  99  94 102  99 102 101 103 103 102 102 103 103 104 105 104 104
 104 104 105 107 110 111 104 104 106 108 110 112 114 114 110 114 115 105
  79  48  31  26  23  19  31  29  33  48  53  72  66  55  58  78  92  92
  92  97 145 178 188 184 179 190 192 151]","[ 54  98  91 101  97 101  99 107 100 100 100 101 102 102 103 103 103 104
 104 106 107 108 109 109 108 109 109 111 112 113 114 114 114 119 117 118
  68  51  32  32  27  17  15  32  54  66  68  65  64  59  56  77 101  99
 118 167 182 180 187 184 193 190 198 148]","[ 56 101  94 102  97 101  97 104 102 102 102 103 104 105 105 105 106 106
 107 108 109 111 111 112 111 111 112 113 115 116 117 117 117 121 117 115
  70  57  40  36  30  23  24  40  60  70  68  65  58  62  64  77 108 138
 163 184 183 181 188 185 193 191 198 149]","[ 54 101  94 101  94  97  93  99  99  99 100 101 102 102 103 103 104 104
 105 106 108 109 110 110 109 110 111 112 113 114 115 115 116 120 117 110
  72  63  52  46  38  35  39  56  71  74  69  64  47  59  87 119 148 177
 190 183 185 183 189 186 194 192 199 149]","[ 55 106 101 106  99 103  99 103 103 104 104 105 106 108 108 109 109 110
 111 112 113 114 115 116 115 116 117 118 119 120 121 121 117 122 126 112
  77  64  61  57  50  49  56  70  79  75  66  60  51  63 116 169 181 183
 187 180 187 185 191 188 196 193 200 151]","[ 63 118 116 121 114 120 116 120 120 120 121 123 124 125 126 127 128 128
 129 130 131 132 133 134 134 134 135 136 137 139 140 140 131 135 146 128
  91  64  64  64  57  59  66  75  77  68  58  53  60  87 145 183 178 176
 187 186 189 187 193 189 197 194 201 152]","[ 65 123 124 129 122 130 127 129 131 132 133 134 136 137 139 139 140 141
 142 143 144 145 146 147 147 147 148 149 151 152 153 153 154 151 165 149
 113  68  65  66  61  63  69  73  69  58  51  50  55 117 177 185 175 186
 193 180 191 189 195 191 199 196 202 153]","[ 64 124 126 130 123 131 128 130 132 133 134 136 137 139 140 141 142 143
 144 145 146 147 148 148 149 150 150 152 153 154 155 155 168 152 170 163
 136  77  68  67  65  66  70  71  65  55  52  55  78 146 190 187 185 194
 190 178 193 190 196 192 200 196 203 153]","[ 67 129 131 134 126 134 131 132 132 133 134 136 138 140 141 142 143 143
 144 146 147 148 149 149 150 151 151 153 154 155 156 156 169 144 163 166
 149  86  72  68  69  70  73  73  65  57  58  63 128 168 183 179 185 185
 183 195 193 191 197 193 200 197 204 154]","[ 66 130 126 128 128 134 128 136 134 134 136 137 139 140 141 142 144 144
 145 145 146 147 148 148 151 151 152 153 155 156 157 157 158 160 161 159
 158 113  57  70  78  79  75  73  71  58  56  71 158 181 180 186 189 181
 189 192 191 192 199 192 200 200 207 155]","[ 66 130 126 128 128 135 128 137 134 135 136 137 139 141 142 142 144 144
 145 146 147 147 148 148 151 151 152 153 154 155 156 157 158 160 163 163
 165 123  66  71  76  78  73  71  68  57  58  76 161 183 180 185 190 183
 191 192 191 192 198 192 200 200 207 154]","[ 66 130 127 129 129 135 129 137 135 135 136 138 140 141 142 143 145 145
 146 146 147 148 149 149 150 151 152 153 154 155 156 156 158 158 163 165
 171 137  79  73  74  76  72  68  65  55  60  81 163 185 180 184 190 185
 192 191 191 192 198 192 200 200 207 154]","[ 66 131 128 131 130 136 129 137 135 136 137 139 140 142 143 144 146 146
 146 147 148 149 149 150 150 151 152 153 154 155 156 157 159 155 160 162
 171 148  93  75  75  78  72  67  62  53  59  82 162 185 179 182 189 186
 192 189 192 192 199 192 200 200 207 155]","[ 67 132 129 132 132 137 130 137 136 137 138 140 141 143 144 145 146 147
 147 148 149 150 150 150 151 152 153 154 155 156 157 157 161 154 158 157
 166 155 105  77  80  81  74  68  63  53  57  77 158 184 180 182 189 187
 193 188 193 194 200 194 201 202 209 156]","[ 67 132 130 134 133 138 130 137 137 138 139 140 142 144 145 145 147 147
 148 149 150 150 151 151 153 153 154 155 156 157 158 159 163 155 161 156
 163 161 114  78  83  83  75  71  68  56  55  71 151 183 184 186 190 188
 195 190 195 195 202 195 203 203 210 158]","[ 67 132 131 135 134 139 131 137 138 138 139 141 143 144 145 146 148 148
 149 149 150 151 152 152 154 155 155 157 158 159 160 160 165 159 168 162
 165 167 122  79  84  82  75  74  74  61  55  66 146 184 190 191 193 191
 199 194 196 197 204 197 205 205 212 160]","[ 67 133 131 135 135 140 131 137 138 139 140 141 143 144 146 146 148 148
 149 150 151 151 152 152 155 156 156 158 159 160 161 161 166 162 175 169
 169 173 127  79  83  81  74  76  78  65  56  64 144 185 195 195 195 193
 201 198 198 198 205 198 206 206 213 161]","[ 66 143 135 140 136 137 140 140 145 145 146 148 150 151 152 153 153 153
 154 155 156 157 158 159 164 164 165 166 167 169 169 170 171 168 173 177
 164 173 122  83  85  80  75  72  70  68  64  61 133 193 188 192 195 201
 193 201 202 201 205 199 208 208 214 159]","[ 70 148 139 144 141 142 144 145 146 146 148 149 151 152 153 154 155 156
 156 158 159 160 161 161 165 166 167 168 169 170 171 172 172 171 175 179
 167 175 121  85  86  81  76  73  71  69  65  62 132 194 189 193 194 201
 194 202 203 202 207 201 210 210 216 161]","[ 73 150 142 147 144 145 147 148 148 148 149 151 153 154 155 156 158 159
 160 161 162 163 164 164 167 168 169 170 171 172 173 174 174 175 176 180
 171 176 120  87  88  84  78  74  71  69  66  64 130 195 192 194 194 202
 196 203 205 205 210 205 214 214 219 164]","[ 71 149 141 146 143 144 147 148 149 150 151 153 154 156 157 158 160 160
 161 162 164 165 166 166 168 168 169 170 172 173 174 174 175 178 176 180
 175 176 116  88  89  86  81  76  72  69  67  66 126 195 195 196 195 203
 198 206 207 207 214 208 218 218 222 167]","[ 71 148 140 146 143 144 147 148 151 151 152 154 156 157 158 159 160 161
 162 163 164 165 166 166 168 168 169 170 172 173 174 174 174 180 176 180
 179 175 111  89  91  88  83  76  71  68  68  68 119 194 198 200 198 206
 201 208 209 209 216 212 221 221 226 170]","[ 72 150 142 148 145 147 150 151 151 152 153 154 156 158 159 159 161 161
 162 163 164 165 166 167 168 169 170 171 172 173 174 175 175 183 176 180
 183 175 107  90  91  89  84  77  70  67  67  69 111 192 202 204 201 210
 205 210 210 211 218 214 224 224 228 172]","[ 73 150 143 149 146 148 151 152 151 152 153 154 156 158 159 159 162 162
 163 164 165 167 167 168 170 171 172 173 174 175 176 177 177 187 177 181
 187 176 105  92  91  89  84  76  69  66  67  69 104 190 204 207 205 213
 207 212 210 211 219 216 226 225 229 173]","[ 71 149 141 147 145 147 150 152 151 151 153 154 156 157 158 159 163 163
 164 165 167 168 169 169 172 173 173 175 176 177 178 178 178 190 179 183
 190 178 105  94  91  89  84  76  68  65  66  69  99 188 205 209 207 215
 209 212 210 211 220 216 226 226 229 174]","[ 73 150 141 146 144 146 150 152 152 153 154 155 156 157 158 159 161 162
 164 166 167 168 169 169 170 172 175 176 176 177 179 181 181 184 188 187
 184 177 101  93  95  91  85  76  69  65  66  68  93 177 205 211 213 207
 218 213 216 211 223 222 226 229 237 177]","[ 76 154 146 153 150 152 155 157 156 156 157 159 160 161 162 162 161 163
 165 167 168 170 170 170 173 175 177 178 178 179 181 183 179 181 186 187
 187 181 104  96  90  88  83  76  69  64  62  63  88 174 211 217 216 210
 215 206 213 209 221 219 224 226 235 174]","[ 70 149 143 150 148 150 152 153 155 155 156 157 158 160 160 161 158 160
 162 164 167 168 169 170 171 173 175 176 176 177 179 182 184 183 185 187
 186 176  96  86  89  88  85  80  72  66  63  62  71 157 204 211 210 212
 219 209 222 218 229 228 233 235 243 183]","[ 74 153 148 156 154 155 157 157 159 160 161 162 163 164 165 165 163 165
 167 170 173 175 176 177 176 178 180 181 181 182 184 186 192 189 191 194
 193 181  99  89  91  89  85  79  71  66  64  64  73 149 204 212 209 219
 227 220 214 209 221 220 224 227 235 175]","[ 72 151 146 154 152 153 154 154 155 155 156 157 158 160 161 161 158 159
 162 165 168 170 171 172 172 174 176 177 177 178 181 183 182 179 182 188
 188 176  97  91  91  88  82  74  67  63  63  65  72 134 199 212 207 215
 217 211 221 216 228 227 231 234 240 182]","[ 78 156 150 156 154 154 156 157 161 161 162 163 165 166 167 167 162 163
 166 168 171 172 173 174 177 179 181 182 183 183 186 188 191 186 189 192
 188 171  94  92  95  91  84  75  68  65  66  68  70 117 194 223 220 226
 221 217 219 215 227 225 230 232 240 180]","[ 82 160 151 157 153 154 157 158 163 163 164 165 166 167 168 169 164 166
 168 170 172 173 173 174 176 178 181 182 182 183 185 187 193 189 192 194
 185 168  94  97  90  88  83  75  67  63  63  64  77 103 181 217 216 222
 217 221 225 221 233 232 236 237 244 186]","[ 52 129 119 124 120 121 124 125 123 123 124 125 126 128 128 129 127 128
 130 132 133 134 135 135 134 136 139 139 140 141 143 145 140 139 146 153
 148 135  68  77  78  77  74  68  60  54  52  51  63  70 136 167 161 165
 162 174 166 162 174 173 177 179 188 127]"
