"[35 38 36 45 39 38 56 48 55 52 47 41 36 31 27 26 30 29 30 33 39 47 54 59
 58 59 60 61 61 60 58 57 61 62 63 63 63 62 60 59 55 55 56 59 64 69 74 77
 79 78 78 81 86 89 87 84 81 85 78 83 86 91 93 61]","[ 38  46  44  51  46  43  58  50  63  63  63  64  65  67  69  70  54  52
  48  44  42  42  43  44  67  71  78  86  95 103 108 111  98 100 103 107
 111 115 117 118 119 119 120 121 121 122 122 122 142 148 157 167 173 175
 172 168 184 186 175 175 173 176 176 144]","[ 40  56  55  59  55  50  61  53  50  50  51  52  54  57  59  60  72  70
  68  65  63  62  62  61  43  44  47  50  55  60  63  66  98  98  99 100
 102 104 106 107 105 108 111 114 115 115 114 114 115 116 119 122 128 136
 144 150 149 160 161 173 176 177 174 139]","[ 41  68  68  68  66  60  66  58  57  56  54  52  51  50  50  50  55  56
  58  60  62  64  65  65  73  72  69  66  63  63  62  63  43  46  50  58
  67  76  84  88 101 103 107 111 114 116 117 117 131 129 123 115 110 111
 118 124 123 135 139 152 156 160 160 128]","[ 47  86  86  82  83  77  79  73  74  73  71  70  68  67  67  67  57  58
  59  60  60  59  58  58  62  62  61  62  64  66  69  70  78  75  70  64
  59  55  52  51  43  47  54  65  77  90 100 105  99 106 116 122 123 122
 122 123 124 128 119 119 116 120 126  99]","[ 56 105 107  98 102  98  98  94  89  88  85  83  80  78  77  77  76  76
  75  74  72  70  68  67  62  62  62  62  63  65  66  67  62  63  65  67
  71  74  77  78  82  78  72  66  61  57  55  55  65  72  82  92  99 104
 108 110 111 121 120 126 124 125 127  97]","[ 63 120 121 110 117 114 114 112 112 111 108 105 102  99  98  97  89  88
  87  85  83  82  80  80  81  80  78  75  72  69  66  64  71  71  70  70
  69  67  66  65  67  68  71  74  78  82  85  87  80  76  69  64  62  63
  63  63  75  91  97 109 111 114 116  86]","[ 65 126 127 114 123 122 121 121 117 116 116 116 117 118 119 119 119 117
 113 109 106 103 101 100  89  90  91  92  91  90  88  87  80  81  82  81
  80  78  76  75  75  76  77  77  76  74  71  69  79  79  82  87  92  93
  89  84  72  75  63  60  57  66  80  59]","[ 67 134 130 127 123 131 124 130 126 125 124 123 122 121 120 119 119 119
 119 119 119 119 119 119 122 121 118 115 112 109 107 106  95  92  95  94
  88  92  91  79  96  83  87  77  85  90  72  90  85  83  81  79  79  80
  82  84  87  89  85  93  86  78  79  57]","[ 67 135 131 128 124 132 125 131 128 128 128 128 128 127 127 127 125 125
 125 125 125 125 125 125 128 127 127 127 127 126 126 126 130 123 123 120
 110 110 112 104 106 100 109 101 101 100  84  99  94  92  90  88  87  86
  87  87  85  86  80  88  82  77  80  59]","[ 68 136 132 130 126 133 127 133 130 131 131 131 132 132 133 133 131 131
 131 131 131 131 131 131 130 131 132 133 134 135 136 136 136 130 136 140
 133 133 138 135 135 125 128 121 119 120 109 117 111 110 108 106 104 102
 101 100  96  96  88  93  87  83  87  64]","[ 68 137 134 132 129 136 129 134 131 131 132 132 132 133 133 133 135 135
 135 135 135 135 135 135 134 134 134 134 134 135 135 135 131 128 137 144
 137 135 139 136 148 136 135 133 132 137 136 134 130 130 129 128 127 124
 122 121 120 121 112 114 108 103 103  76]","[ 69 138 136 135 132 139 131 136 135 135 134 134 134 133 133 133 136 136
 136 136 136 136 136 136 139 139 139 138 138 138 137 137 145 140 141 140
 133 138 146 142 139 151 171 175 153 141 145 137 142 142 143 143 143 142
 141 140 138 142 135 139 134 129 126  94]","[ 70 140 138 137 134 141 133 138 139 139 138 138 137 137 136 136 137 137
 137 137 137 137 137 137 138 138 139 139 140 141 142 142 146 142 140 136
 145 178 204 203 160 199 241 244 188 148 150 135 146 146 147 147 148 149
 150 150 145 151 147 152 150 149 145 111]","[ 71 141 139 139 136 143 135 140 139 139 139 139 140 140 140 140 140 140
 140 140 140 140 140 140 137 138 139 140 141 142 143 144 139 142 144 143
 168 224 254 254 203 237 253 252 215 177 188 166 148 148 147 147 148 150
 152 153 148 155 150 154 155 157 155 120]","[ 71 141 140 140 137 144 136 140 136 136 137 138 140 141 142 142 142 142
 142 142 142 142 142 142 144 144 144 145 145 146 146 146 149 158 160 156
 180 238 253 249 225 234 243 249 221 212 240 215 151 150 148 147 148 150
 153 154 154 159 151 153 153 157 156 121]","[ 69 147 139 145 142 142 144 144 144 144 144 144 144 144 144 144 141 142
 142 143 144 145 146 146 145 146 146 147 148 149 150 150 147 215 254 220
 194 244 243 252 210 237 250 248 187 216 247 251 172 135 146 160 148 152
 158 154 154 154 153 160 154 157 160 121]","[ 69 147 139 145 142 142 144 144 144 144 144 144 144 144 144 144 143 143
 144 144 145 145 146 146 146 146 147 148 149 150 150 151 163 246 244 250
 226 239 251 244 211 237 206 141 110 199 246 239 169 148 153 159 154 156
 157 153 156 157 156 163 157 160 163 124]","[ 70 147 140 145 142 142 144 145 145 145 145 145 145 145 145 145 145 145
 145 146 146 146 146 146 147 148 148 149 150 150 151 151 169 248 251 252
 248 241 230 154 127 164 123  46  57 193 248 236 143 156 158 156 159 160
 157 155 159 160 159 166 160 164 166 127]","[ 70 148 140 146 142 143 145 145 146 146 146 146 146 146 146 146 148 148
 148 147 147 147 147 147 149 149 150 150 151 151 152 152 169 195 231 197
 150 162  93  50  57  74  76  50  56 141 172 117  98 150 157 152 161 159
 158 162 161 161 161 168 162 166 169 130]","[ 70 148 140 146 143 143 145 146 146 146 146 146 146 146 146 146 149 149
 149 149 149 148 148 148 151 151 151 151 152 152 152 152 166 121 129  79
  41  72  28  66  61  35  78  98  60  62  78  30  64 144 159 154 162 156
 161 166 161 162 161 169 163 167 170 131]","[ 71 148 141 146 143 144 146 146 147 147 147 147 147 147 147 147 150 150
 150 150 150 151 151 151 153 153 153 153 153 153 153 153 189 108  34  34
  41  43  27  68  51  66 173 210 133  72  79  52  61 148 163 161 163 152
 164 164 161 162 162 169 164 168 171 133]","[ 71 149 141 147 143 144 146 146 148 148 148 148 148 148 148 148 150 150
 151 151 152 152 153 153 154 154 154 154 154 154 154 153 217 173  51  39
  50  41  48  72 100 164 246 246 210 162 138  84  77 153 161 164 163 152
 169 160 162 163 163 171 165 170 173 134]","[ 71 149 141 147 144 144 146 146 148 148 148 148 148 148 148 148 150 150
 151 152 153 154 154 155 155 154 154 154 154 154 154 154 206 231 125  43
  28  72 142 214 235 245 208 121 165 226 226 157  91 154 155 163 162 153
 174 157 163 164 164 172 167 171 175 136]","[ 73 151 144 150 146 146 147 147 147 147 148 149 149 150 151 151 152 152
 152 153 153 154 154 154 153 153 152 153 154 155 156 157 211 205 115  31
  48 145 231 242 235 178  81  31  86 147 177 231 194 181 166 159 160 162
 164 165 159 163 163 167 162 171 175 134]","[ 73 151 144 150 146 146 147 147 147 147 148 148 149 150 151 151 152 152
 152 153 153 154 154 154 153 153 153 153 154 155 156 157 226 230 200 123
  48  70 128 113  82  47  38  48  21  81 193 179 165 152 150 162 167 159
 157 163 161 164 164 168 163 171 175 134]","[ 73 151 144 150 146 146 147 147 147 147 147 148 149 150 150 151 152 152
 152 153 153 154 154 154 153 153 153 153 154 155 157 157 227 227 225 197
 103  25  27  36  37  89  46  26  21  80 171 102  95  95 118 154 168 159
 156 167 163 166 165 169 164 171 175 134]","[ 73 151 144 150 146 146 147 147 146 146 147 148 149 149 150 150 152 152
 152 153 153 154 154 154 154 153 153 154 154 156 157 158 219 244 229 226
 208 112  40  39  56 140  81  78 152 181 172  88  39  65 109 150 165 160
 160 168 165 168 167 170 164 171 175 133]","[ 73 151 144 150 146 146 147 147 146 146 147 147 148 149 150 150 152 152
 152 153 153 154 154 154 154 154 154 154 155 156 157 158 200 251 247 226
 248 223 123  32  37  69 128 206 221 175 120  55  43  90 139 160 162 162
 162 159 165 168 167 170 164 171 175 133]","[ 73 151 144 150 146 146 147 147 145 146 146 147 148 149 149 149 152 152
 152 153 153 154 154 154 154 154 154 154 155 156 158 158 205 241 247 235
 238 250 213  99  87 114 217 233 141  67  36  29  74 122 163 166 160 163
 164 156 163 166 165 169 164 171 175 134]","[ 73 151 144 150 146 146 147 147 145 145 146 147 148 148 149 149 152 152
 152 153 153 154 154 154 155 154 154 155 155 157 158 159 210 218 240 252
 242 249 250 220 195 227 236 149  58  38  47  79 108 138 162 163 158 162
 164 160 161 164 164 168 163 171 175 134]","[ 73 151 144 150 146 146 147 147 145 145 146 147 147 148 149 149 152 152
 152 153 153 154 154 154 155 155 155 155 156 157 158 159 170 218 238 244
 243 239 246 246 249 227 160  67  23  48  77  89 140 150 160 163 161 159
 160 161 159 163 163 167 162 171 175 134]","[ 74 152 145 150 146 145 146 146 144 144 144 145 147 149 150 151 152 152
 152 153 153 153 154 154 154 154 154 154 155 155 156 156 159 196 216 223
 213 227 209 232 190 127  57  23  44  75  93 119 157 158 158 159 160 161
 162 162 161 160 158 166 163 168 171 132]","[ 74 152 145 150 146 146 147 147 146 146 146 147 148 150 151 152 152 152
 152 153 153 153 154 154 155 155 155 156 156 156 157 157 147 174 211 203
 175 190 180 166  91  56  34  44  71  88 103 133 159 160 160 161 162 163
 164 164 162 161 159 167 164 169 172 132]","[ 72 150 143 149 145 145 146 146 146 146 145 145 146 147 148 149 151 151
 151 152 152 152 153 153 153 153 154 154 154 155 155 155 162 167 215 196
 153 149 145 108  39  21  24  55  76  84 115 155 158 159 159 160 161 161
 162 162 162 161 159 167 163 168 170 131]","[ 70 148 141 147 144 144 146 146 145 145 144 144 144 145 146 146 152 152
 153 153 153 154 154 154 153 153 154 154 154 155 155 155 163 151 181 144
 105  79  76  55  39  30  31  54  62  74 124 164 157 157 158 158 159 159
 160 160 162 161 159 166 162 166 169 129]","[ 72 151 144 151 148 149 150 150 152 152 151 151 151 152 152 153 159 159
 159 160 160 161 161 161 162 162 162 163 163 163 164 164 157 158 147  69
  40  24  25  27  22  29  33  52  55  77 140 162 164 164 164 164 165 165
 165 165 166 165 162 169 164 169 171 131]","[ 77 156 149 157 154 155 157 158 163 162 162 162 163 164 165 165 167 168
 168 168 169 169 169 170 173 174 174 174 175 175 175 175 168 189 154  48
  11  21  24  31  17  28  29  46  46  78 157 173 174 174 174 174 174 175
 175 175 172 171 168 175 169 173 175 135]","[ 79 157 151 159 157 158 160 161 165 165 165 166 167 168 170 171 170 170
 171 171 172 172 172 172 176 176 176 176 177 177 178 178 173 183 165  92
  26  26  21  26  28  31  26  46  38  64 157 179 177 177 177 177 177 177
 177 177 174 173 170 176 170 174 175 135]","[ 77 156 150 157 155 157 159 160 161 161 161 162 163 165 167 168 168 169
 169 169 170 170 170 171 170 171 171 171 172 172 172 172 181 164 176 161
  65  33  16  24  19  22  24  58  43  52 142 168 173 173 173 172 172 172
 172 172 173 171 168 174 168 171 173 132]","[ 76 155 149 156 154 155 158 158 161 162 162 163 164 164 165 165 165 165
 166 167 168 168 169 169 168 168 169 170 171 172 172 173 173 168 171 177
 177  46  17  27  24  23  32  39  55  68 102 179 172 172 172 171 171 171
 170 170 172 170 167 174 168 172 174 134]","[ 76 155 149 156 154 155 157 158 159 159 160 161 161 162 163 163 163 163
 164 165 166 166 167 167 167 167 168 169 170 171 171 172 171 174 177 182
 198  89  41  19  27  16  26  43  55  54  87 174 170 170 170 169 169 168
 168 168 169 168 165 171 166 169 171 131]","[ 76 154 148 156 153 154 156 157 156 157 157 158 159 159 160 160 161 161
 162 162 163 164 164 165 166 166 167 168 168 169 170 170 165 172 171 173
 209 135  72  22  26  20  31  42  51  48  76 157 167 167 167 167 166 166
 165 165 166 165 162 168 162 166 168 127]","[ 75 154 147 154 152 153 155 155 154 155 155 156 157 158 158 159 159 160
 160 161 162 163 163 163 165 165 165 166 166 167 167 167 163 168 162 161
 204 160  99  52  23  26  37  39  47  51  73 138 166 165 165 165 164 164
 164 164 164 163 159 166 160 163 165 124]","[ 74 152 146 152 150 150 152 152 153 154 154 155 156 157 157 158 159 159
 159 160 161 162 162 163 163 163 164 164 164 164 165 165 166 168 164 163
 200 170 114  90  34  23  27  38  51  47  62 129 164 164 164 164 163 163
 163 162 163 161 158 164 158 161 162 122]","[ 72 150 143 150 147 148 149 149 152 152 153 153 154 155 155 156 157 158
 158 159 160 160 161 161 162 162 162 162 162 162 162 162 161 165 166 167
 196 176 122 113  75  33  21  41  56  38  46 120 163 163 162 162 161 161
 161 161 161 159 156 161 155 158 159 119]","[ 70 148 141 148 145 145 146 147 149 149 150 151 151 152 153 153 155 155
 156 156 157 158 159 159 161 161 161 161 161 160 160 160 156 163 162 159
 192 194 142 135 136  87  49  40  52  44  46  98 160 160 160 159 159 158
 158 158 158 156 153 158 152 154 156 115]","[ 68 147 140 146 143 143 145 145 147 147 148 148 149 150 150 151 153 153
 154 154 155 156 157 157 160 160 160 160 160 160 159 159 159 166 160 150
 191 217 170 161 182 148  91  36  42  61  56  72 158 158 157 157 157 156
 156 156 156 154 150 156 149 152 153 112]","[ 69 145 136 142 140 141 143 142 146 147 147 148 149 149 150 150 151 151
 152 153 154 155 155 156 157 157 157 157 158 158 158 159 156 165 154 159
 184 215 176 168 170 171 159 115  60  42  55  63 147 147 155 158 151 149
 149 141 144 148 140 141 139 140 139 107]","[ 68 144 135 141 139 140 142 141 145 145 146 147 147 148 149 149 150 150
 151 151 152 153 154 154 153 153 153 154 154 155 155 155 151 157 147 154
 181 219 187 179 182 183 173 130  74  50  56  60 127 142 151 148 146 146
 143 140 141 145 137 138 136 137 137 104]","[ 67 143 133 139 137 139 140 140 143 143 144 144 145 146 147 147 148 148
 148 149 150 151 151 151 148 148 149 149 150 150 150 150 149 152 141 148
 176 222 197 187 182 183 177 137  80  51  52  53 103 140 149 138 143 145
 139 141 139 144 136 137 135 137 136 103]","[ 65 141 132 138 136 137 139 138 141 141 142 142 143 144 144 145 146 146
 146 147 147 148 148 148 145 145 146 146 146 147 147 147 151 150 141 147
 171 221 201 187 175 176 170 135  80  51  50  52  85 141 153 136 145 148
 139 145 141 145 137 139 137 138 138 105]","[ 65 140 131 137 135 136 138 137 139 139 140 141 141 142 143 143 144 144
 144 145 145 145 145 146 144 144 145 145 145 146 146 146 149 147 144 149
 166 220 204 187 180 177 169 135  81  52  52  56  73 137 155 139 146 149
 140 145 140 144 136 139 137 139 139 106]","[ 65 140 131 137 135 136 138 137 138 138 139 140 141 141 142 142 143 143
 143 144 144 144 144 144 144 144 144 145 145 145 146 146 144 143 145 149
 160 218 211 193 189 180 169 134  79  48  49  54  63 122 151 143 143 146
 141 143 138 142 135 137 136 137 137 105]","[ 65 141 131 137 135 137 138 138 138 138 139 140 140 141 142 142 143 143
 143 143 143 143 143 143 143 143 143 144 144 144 145 145 144 143 146 147
 152 213 216 200 192 181 168 133  78  45  45  51  56 105 144 147 141 144
 145 141 138 143 135 138 137 139 139 106]","[ 65 141 132 137 136 137 139 138 138 138 139 140 140 141 142 142 143 143
 143 143 143 143 143 143 142 142 142 143 143 144 144 144 148 146 149 146
 145 208 216 203 194 183 170 137  83  50  48  54  53  94 139 151 141 145
 150 142 141 146 138 141 140 142 142 110]","[ 68 134 132 135 134 139 130 136 136 136 136 136 137 137 138 138 140 140
 140 141 141 141 142 142 142 142 142 143 143 143 144 144 145 151 145 141
 147 189 230 210 197 191 178 148 100  57  44  51  57  79 128 156 143 140
 148 143 140 143 137 142 139 137 139 111]","[ 70 135 133 137 137 141 133 139 141 141 141 141 142 142 143 143 145 145
 145 145 146 146 146 147 147 147 147 147 148 148 148 149 141 148 144 143
 149 190 231 212 206 200 188 160 115  72  55  58  52  68 114 148 145 143
 148 144 143 146 140 144 141 139 141 113]","[ 64 130 128 132 132 137 129 136 137 137 137 137 138 138 138 139 140 140
 141 141 141 142 142 142 142 142 143 143 143 144 144 144 138 144 141 143
 147 184 225 210 213 204 190 164 121  76  51  48  54  60  97 138 150 148
 147 144 140 143 136 140 137 134 135 107]","[ 70 136 133 137 137 143 135 143 140 140 141 141 142 142 142 142 144 144
 144 144 145 145 145 146 146 146 146 146 147 147 147 148 149 152 148 150
 151 183 227 217 218 208 194 172 133  88  59  50  56  55  80 123 149 149
 144 141 147 149 142 146 142 139 140 112]","[ 69 134 131 134 134 140 133 140 138 138 138 139 139 139 140 140 140 141
 141 141 142 142 142 143 142 143 143 143 144 144 144 145 146 146 142 144
 143 173 220 218 214 203 191 172 137  93  63  52  54  51  65 105 142 150
 143 142 144 146 139 143 139 136 137 109]","[ 72 137 133 135 134 140 133 141 140 140 140 141 141 142 142 142 142 142
 143 143 144 144 144 144 144 144 145 145 146 146 146 146 147 145 143 148
 145 171 221 224 226 214 198 176 139  94  62  51  55  55  60  89 133 151
 148 149 142 145 138 143 139 137 137 109]","[ 77 140 136 137 135 141 134 141 141 141 141 142 142 142 143 143 143 143
 143 144 144 145 145 145 145 145 145 146 146 147 147 147 148 146 145 153
 146 165 211 215 221 209 194 173 137  94  67  58  52  58  53  68 112 137
 136 139 142 145 138 143 140 138 139 111]","[ 49 112 107 107 105 110 103 111 108 108 109 109 109 110 110 110 110 110
 111 111 111 112 112 112 112 112 113 113 113 114 114 114 113 111 111 119
 107 119 160 163 162 154 145 131 103  70  51  47  43  53  42  45  85 113
 113 115 110 113 107 112 109 108 109  81]"
