"[24 22 19 18 18 21 24 26 22 22 22 21 21 20 20 20 17 17 18 18 19 19 20 20
 19 19 20 21 22 23 23 24 18 18 18 19 19 20 20 21 20 20 19 19 20 21 23 24
 23 22 22 23 25 26 25 23 25 29 29 26 28 37 44 46]","[21 20 17 15 12 11 10 10  9  9 10 10 10 10 10 10 12 11 10  8  7  6  6  6
  7  7  7  7  7  6  6  6  7  6  6  7  7  7  7  7  8  9 11 12 13 13 12 12
 14 14 15 17 19 20 20 19 26 19 15 22 43 60 61 53]","[27 27 26 24 21 18 14 12  9  9  8  8  7  7  7  6  6  6  6  6  6  6  6  6
  3  3  2  2  3  2  2  2  3  4  4  4  4  3  3  3  4  6 10 12 13 12 10  8
 10 11 13 15 17 18 18 18 18 18 22 37 60 75 71 59]","[31 31 32 32 32 31 30 29 24 23 22 20 19 17 16 15  9  9  9  9  9 10 10 10
  6  6  7  7  8  8  8  8  6  6  6  6  6  6  7  7  8  9 12 14 15 15 14 13
 17 18 19 20 19 20 21 22 15 33 53 64 68 68 65 60]","[22 22 22 22 24 25 27 28 29 29 29 28 27 27 26 26 20 19 17 14 11  9  6  5
  8  8  8  9  9  9  9  9  6  6  6  6  6  6  6  6  9 10 10 11 12 14 14 15
 22 23 23 21 19 19 22 25 33 53 72 74 67 61 59 59]","[20 19 17 17 16 16 16 16 20 21 22 23 24 25 26 26 28 27 26 24 23 21 20 19
 13 12 12 10  9  7  6  6  6  6  6  6  5  5  5  5 10 10  9 10 11 14 16 18
 19 20 20 18 17 21 28 34 61 64 66 64 64 66 65 61]","[34 33 31 28 25 21 18 16 16 16 17 17 18 18 19 19 23 24 25 27 29 31 33 34
 20 19 18 17 15 13 12 12 11 10 10 10  9  9  8  8 10 11 12 14 16 17 18 19
 16 18 19 19 22 31 44 54 68 66 61 59 65 72 70 64]","[46 46 46 44 39 33 26 22 22 21 20 18 16 14 13 12 13 14 14 15 17 18 19 19
 22 22 21 21 21 21 21 21 12 12 11 11 10 10  9  9  5  7 11 14 16 16 15 14
 16 18 21 24 30 43 61 74 58 63 67 67 69 71 69 65]","[56 92 96 96 92 79 75 63 43 42 39 35 30 25 21 20 19 19 18 17 17 17 18 19
 15 14 14 12 13 15 17 18 18 18 18 17 17 16 16 15 18 15 11 12 15 18 17 15
 17 18 24 36 52 63 65 63 65 62 66 69 67 73 73 61]","[51 87 91 92 94 90 94 87 99 96 90 82 72 63 56 52 39 37 33 27 21 17 13 11
 15 15 15 15 15 16 18 19 12 12 12 12 13 13 13 13 10 11 12 14 17 19 18 17
 16 26 40 53 60 61 60 59 66 62 67 69 68 73 74 61]","[53 85 85 83 84 82 90 86 86 87 89 91 92 93 93 94 84 82 79 74 67 60 55 51
 31 29 24 19 15 10  8  7 11 12 12 14 15 17 18 19 13 15 17 18 17 16 16 17
 27 41 57 64 62 58 59 62 67 64 68 71 69 75 75 63]","[54 84 81 76 75 72 79 75 76 77 77 78 78 78 77 77 83 84 86 87 87 85 83 81
 74 71 65 58 50 42 37 34 19 18 16 14 12 10  7  7 11 13 13 12 11 15 22 28
 47 54 61 61 57 57 64 72 69 66 70 73 71 77 77 65]","[47 80 80 79 80 78 85 81 84 83 82 80 77 74 71 70 65 67 71 74 76 77 76 75
 82 82 80 79 77 75 73 73 58 55 49 42 34 27 22 19 13 12  9  7 11 22 37 49
 58 59 59 57 57 61 68 74 71 68 72 75 73 79 79 67]","[47 81 83 83 85 81 87 81 75 77 78 80 82 83 84 84 78 78 78 78 76 73 71 69
 63 64 65 67 68 69 69 69 76 74 72 68 65 61 59 57 42 37 30 25 26 36 49 58
 57 57 58 62 66 68 69 68 73 70 74 77 75 81 81 69]","[51 85 87 85 85 80 84 77 84 84 83 82 79 77 75 73 83 82 80 77 74 71 68 67
 66 66 67 67 67 65 64 63 57 58 58 59 60 61 62 62 63 58 51 46 46 49 52 54
 55 57 61 66 69 70 68 67 75 71 76 78 76 82 83 70]","[52 85 88 88 90 86 93 87 87 88 88 88 87 86 85 84 80 79 78 77 76 76 76 76
 64 65 66 67 66 65 63 62 64 63 62 60 58 56 55 54 52 50 49 51 55 56 54 52
 58 60 63 65 65 67 70 72 75 72 76 79 77 83 83 71]","[48 92 91 85 91 89 92 91 94 93 93 91 90 89 88 88 87 88 88 87 85 81 77 75
 76 75 73 71 69 67 66 66 65 64 62 60 57 54 53 52 52 48 45 46 50 54 54 54
 57 61 67 71 72 71 72 72 76 74 79 83 80 85 83 70]","[50 94 92 86 93 90 94 93 95 94 94 93 92 92 91 91 90 90 91 90 88 84 81 79
 80 79 77 74 72 71 70 70 69 68 67 64 62 60 58 57 56 53 50 50 53 56 57 57
 59 63 67 70 71 72 73 74 79 76 81 85 82 87 86 72]","[52 95 94 88 95 92 96 95 95 95 95 95 95 95 95 95 94 94 94 93 91 89 86 84
 85 84 82 79 77 76 75 75 74 73 72 70 69 67 66 65 62 59 56 56 57 59 60 60
 63 66 69 70 71 73 75 77 81 78 84 87 85 89 88 74]","[53 96 95 89 95 93 96 95 95 95 95 96 96 97 97 97 96 96 96 95 94 92 90 89
 90 88 86 84 82 80 79 79 77 76 75 74 73 71 70 70 67 65 62 60 60 61 63 63
 67 69 70 71 72 74 78 81 82 80 85 88 86 91 89 76]","[52 96 95 89 95 93 96 95 94 95 95 96 96 97 98 98 97 97 97 96 95 94 93 92
 93 91 89 87 85 83 83 82 79 78 77 76 74 73 72 71 69 68 66 64 62 63 65 67
 71 72 73 73 73 76 80 83 83 80 86 89 87 91 90 76]","[53 97 95 89 96 93 97 96 96 96 96 97 97 98 98 99 98 98 97 97 96 96 95 95
 96 94 92 90 88 86 86 85 82 81 80 78 77 75 74 73 71 71 69 67 65 65 68 70
 74 75 76 76 76 78 82 85 84 82 87 90 88 93 91 78]","[ 55  98  97  91  98  95  99  98  99  99  99  99  99 100 100 100 100  99
  99  98  98  98  98  98  99  98  96  93  91  90  89  89  88  87  85  83
  81  78  77  76  72  73  72  70  67  68  71  75  75  76  78  79  79  80
  83  85  87  84  90  93  91  95  94  80]","[ 57 100  99  93  99  97 101  99 101 101 101 101 101 101 101 101 101 101
 100  99  99 100 100 101 101 100  98  96  93  92  91  91  92  91  89  87
  84  81  80  79  74  75  75  72  70  70  74  78  75  77  80  80  80  81
  83  85  89  86  92  95  93  97  96  82]","[ 55 100 101  97 104 100 102 100 106 105 104 102 102 101 102 102 105 104
 103 101 101 100 100 101 104 103 103 104 105 103 101  98  94  93  91  89
  87  85  84  84  84  80  75  72  73  74  74  74  75  80  84  84  82  82
  85  88  82  92  90  95  93  98 106  82]","[ 55 100 102  97 104 101 103 100 105 104 103 103 102 102 103 103 106 105
 104 103 103 103 104 104 106 105 105 105 107 106 103 101  99  98  95  93
  90  88  87  86  82  78  75  73  75  77  78  78  82  85  87  86  85  84
  86  88 100  88  80 102 105  93  94  77]","[ 56 101 102  98 105 101 103 101 104 103 103 103 103 104 105 105 107 107
 106 106 106 107 108 109 109 108 107 108 110 109 107 105 106 105 102  99
  96  93  91  90  84  81  77  76  77  79  80  80  86  86  86  86  87  88
  89  90  93  92  90 104  98  95 117 117]","[ 57 102 103  99 106 102 104 101 103 103 103 103 104 106 107 108 107 107
 107 107 108 109 111 111 112 110 110 111 112 113 112 110 112 111 109 106
 102  99  96  94  89  86  82  80  80  81  80  79  84  84  84  85  88  91
  93  94  88 105 101  96 100 131 166 154]","[ 57 102 104 100 106 103 105 102 103 103 103 104 105 107 108 109 106 106
 106 107 108 109 111 112 113 112 111 112 114 115 115 114 115 115 114 111
 108 105 102 100  93  90  87  85  84  84  82  81  86  87  88  89  91  92
  95  96  99 105  97 109 142 181 190 145]","[ 58 103 104 100 107 104 105 103 104 104 104 105 106 107 109 110 106 106
 106 107 108 109 111 111 113 112 111 112 114 116 117 116 117 118 118 117
 115 112 109 108  97  94  91  88  88  86  84  82  85  90  94  95  93  93
  96  99  91 101 117 157 187 197 187 144]","[ 59 104 105 101 108 104 106 104 106 106 106 106 106 107 108 109 108 108
 108 108 108 110 111 111 113 111 110 111 114 116 117 117 119 120 122 122
 122 120 118 116 107 103  98  93  89  84  79  76  73  82  92  95  93  92
  97 103 105 135 163 191 196 193 189 155]","[ 59 104 105 101 108 104 106 104 107 107 106 106 106 107 108 109 110 110
 109 109 109 110 111 112 112 110 109 110 113 116 117 117 120 122 124 126
 126 125 123 122 118 113 105  96  88  80  72  67  57  70  86  92  90  91
  99 108 154 187 194 188 186 201 197 146]","[ 52 103  98 104  99 105 102 107 105 106 106 107 108 108 109 109 111 111
 111 111 111 112 112 112 112 112 113 115 116 117 118 118 119 127 130 123
 121 126 128 125 127 125 112  92  76  67  60  53  38  50  61  60  66  61
  81 160 189 187 193 189 197 194 202 152]","[ 58 109 104 108 102 107 104 108 107 108 108 109 110 111 111 112 112 112
 112 112 113 113 113 113 115 115 116 117 119 120 121 121 123 123 126 131
 134 134 131 128 126 107  88  79  74  63  48  38  53  53  58  63  76  64
  58 109 189 187 193 190 198 195 202 152]","[ 57 109 104 108 100 104 100 104 105 105 106 107 108 108 109 109 108 109
 109 109 110 110 111 111 114 114 115 116 117 119 119 120 120 119 122 128
 128 125 126 131 115  90  70  66  64  53  43  40  56  50  52  54  66  58
  51  91 191 188 195 191 199 196 203 154]","[ 57 111 108 112 104 108 104 110 110 110 111 112 112 113 114 114 114 114
 115 115 116 117 117 118 120 120 121 122 124 125 126 126 122 129 132 126
 121 123 129 134  98  85  69  57  49  43  44  49  44  44  52  46  46  46
  58 107 192 190 196 193 201 198 205 155]","[ 66 121 121 126 119 124 122 128 127 127 128 129 130 130 131 131 133 133
 134 135 136 137 137 138 139 139 140 141 143 144 145 145 142 151 150 142
 146 155 147 130  87  83  70  53  42  41  39  35  38  38  50  50  60  90
 132 191 194 192 198 194 202 199 207 157]","[ 71 128 129 136 129 134 134 141 139 139 140 141 142 142 143 143 146 146
 147 148 149 150 151 152 152 153 154 155 156 157 158 159 161 161 159 162
 174 176 145 108  83  75  62  50  44  41  38  35  47  70 127 164 184 191
 182 191 195 193 199 196 204 201 208 158]","[ 69 127 130 137 129 134 134 142 141 141 141 142 143 144 144 145 146 147
 148 149 150 151 152 153 155 155 156 158 159 160 161 161 167 160 161 169
 165 140 107  85  76  61  53  52  40  35  62 101 179 172 188 189 188 197
 195 202 196 194 201 197 205 202 209 160]","[ 70 128 131 138 130 134 134 142 141 141 142 143 143 144 145 145 146 146
 147 148 150 151 152 153 156 157 157 159 160 161 162 162 168 161 166 170
 138  86  67  79  67  51  51  55  33  26  94 184 178 176 198 195 183 189
 189 195 197 195 201 198 206 203 210 160]","[ 66 133 133 136 134 139 133 141 140 140 141 142 144 145 146 146 149 149
 150 150 151 152 153 153 156 157 159 160 162 162 162 162 171 162 168 168
  93  55  91  73  59  65  75  36  43 120 164 186 187 188 189 190 192 193
 194 195 195 196 203 197 205 204 211 158]","[ 67 134 133 136 135 140 133 142 140 141 141 143 144 145 146 146 149 149
 150 151 152 152 153 153 154 155 156 158 159 160 160 160 164 159 174 143
  81  73  84  72  62  64  66  65 106 166 184 182 185 185 187 189 192 194
 196 197 194 196 203 197 205 204 211 158]","[ 67 134 133 137 135 140 133 142 141 141 142 143 144 146 146 147 150 150
 151 151 152 153 154 154 153 154 156 157 159 159 160 160 159 159 171 111
  71  90  76  66  57  65  59  96 161 191 190 179 185 186 187 189 191 193
 195 196 195 196 203 197 205 205 211 158]","[ 68 135 134 137 136 141 134 143 141 142 143 144 145 146 147 148 151 151
 151 152 153 154 154 155 156 157 158 160 161 162 162 162 164 163 146  91
  75  90  70  56  56  76  67 118 179 179 182 185 188 188 189 190 191 192
 193 193 196 197 204 198 206 206 212 159]","[ 69 136 135 138 137 142 135 144 142 143 144 145 146 147 148 149 151 152
 152 153 154 155 155 155 156 157 159 161 162 163 163 163 170 162 110  87
  87  75  67  50  67  88  80 130 183 175 180 190 187 187 189 190 192 194
 195 196 197 199 206 200 208 207 214 160]","[ 70 137 136 139 138 143 136 144 143 144 144 146 147 148 149 149 152 152
 153 154 155 155 156 156 156 157 158 160 161 162 162 162 167 144  87  89
  92  63  65  55  79  80  75 118 175 187 184 184 185 186 188 191 194 197
 200 201 199 201 208 202 210 209 216 163]","[ 70 137 136 140 138 143 136 145 144 144 145 146 147 149 149 150 153 153
 154 154 155 156 157 157 157 158 160 161 163 163 163 163 152 114  84  89
  84  62  60  70  84  63  62  88 144 189 188 182 190 190 192 193 195 197
 198 199 202 203 210 204 212 211 218 165]","[ 71 137 137 140 139 143 137 145 144 144 145 146 148 149 150 150 153 153
 154 155 156 156 157 157 160 161 163 165 166 166 167 167 137  90  91  86
  73  66  56  83  89  56  59  66 114 182 191 191 198 197 197 196 195 194
 193 193 203 204 211 205 213 213 219 166]","[ 67 145 137 143 140 141 143 144 150 150 151 152 153 154 155 156 158 158
 159 160 161 162 163 164 168 165 175 173 161 172 180 162 103 100  94  82
  64  55  67  86  75  77  61  48  81 149 191 195 203 194 178 157 133 113
 102 100 125 155 205 219 216 209 221 169]","[ 73 151 143 149 146 147 149 150 152 152 153 155 156 157 158 158 160 161
 161 163 164 165 166 166 170 167 174 174 168 177 170 140 104 100  94  81
  65  57  68  85  55  73  78  63  62  96 145 177 183 149 104  73  61  59
  58  56  51  96 170 206 217 213 223 168]","[ 76 154 147 153 150 151 153 154 155 155 156 157 159 160 161 161 163 164
 165 166 167 168 169 169 171 169 173 175 176 179 156 114 105 101  92  79
  64  58  67  81  62  70  77  76  70  71  83  96  75  70  60  50  46  51
  61  69  70 111 180 213 223 219 227 170]","[ 74 152 145 151 149 150 152 153 156 157 157 159 160 161 162 162 165 165
 166 167 169 170 171 171 170 172 174 175 179 174 141 100 107 101  89  74
  61  57  63  71  62  55  52  58  67  66  53  39  48  52  51  48  56  84
 123 150 175 187 218 225 224 221 230 174]","[ 72 150 143 150 147 149 151 152 156 156 157 158 160 161 162 162 165 166
 167 168 169 170 171 171 167 173 175 176 177 161 127 100 106  98  84  67
  56  53  56  59  54  59  57  51  53  63  66  62  49  54  63  82 118 161
 193 207 226 219 226 219 220 223 232 174]","[ 73 151 144 151 149 151 153 154 156 156 157 158 160 161 162 162 166 166
 167 168 169 170 171 172 168 173 175 179 177 147 114 106 102  94  77  60
  52  53  54  52  50  62  67  58  51  53  54  49  48  87 136 176 203 220
 222 217 217 210 219 220 228 231 236 172]","[ 75 153 146 153 151 153 156 156 157 157 158 159 161 162 163 163 167 167
 168 169 170 172 172 173 172 173 173 183 179 137 103 108  97  88  71  55
  51  55  55  51  42  43  49  57  60  58  58  60 141 177 212 219 213 213
 217 219 213 211 226 228 233 234 237 174]","[ 75 153 146 153 151 153 156 157 158 158 159 160 162 163 164 164 168 168
 169 170 172 173 174 174 176 173 171 185 183 132  95 107  93  84  67  52
  51  58  58  53  50  44  53  74  87 100 135 175 201 213 217 211 210 218
 223 220 220 218 231 227 226 226 236 180]","[ 79 154 144 151 151 152 152 150 157 158 159 161 163 164 166 166 167 168
 169 170 171 173 174 174 177 180 184 180 175 109  99  95  82  95  57  36
  53  64  64  51  60  87 127 163 188 201 208 212 212 212 214 216 218 220
 221 222 226 220 231 228 232 234 242 182]","[ 79 156 148 156 156 159 161 161 159 160 161 162 164 165 166 167 168 169
 170 172 174 175 176 177 179 181 184 181 173 114 108 105  91  91  58  49
  56  54  70  87 181 190 201 207 207 205 204 205 207 208 209 211 213 215
 216 217 221 216 228 226 229 231 239 178]","[ 72 152 147 154 151 153 158 160 159 159 160 161 162 163 163 164 164 165
 166 169 171 173 175 176 180 180 179 176 158 105 101  97  86  74  49  56
  56  47  90 142 195 198 202 202 202 204 209 213 216 216 218 220 222 224
 225 226 227 223 236 234 238 239 246 184]","[ 79 160 155 160 154 154 159 163 166 166 167 167 168 168 169 169 167 168
 170 173 175 178 180 181 184 184 183 183 154 109 105  99  93  76  56  68
  66  64 127 193 194 198 203 206 207 208 211 214 210 210 212 214 216 218
 219 220 218 215 228 227 231 231 237 175]","[ 78 158 153 158 152 152 157 160 161 161 162 162 163 164 164 164 163 164
 166 169 172 174 176 177 175 177 178 185 147 112 109  99  92  78  59  65
  64  80 149 201 200 202 205 206 205 205 205 205 217 217 219 221 223 225
 226 227 226 223 236 235 238 238 244 183]","[ 80 159 153 160 157 158 162 164 164 164 165 166 167 168 168 169 170 171
 173 175 177 179 181 182 184 184 183 192 141 111 107  94  80  72  59  64
  69 103 173 205 202 201 202 203 207 213 218 221 213 214 215 217 219 221
 222 223 225 222 233 232 236 236 242 182]","[ 85 161 153 160 159 161 163 162 164 164 166 167 168 170 171 171 172 172
 174 175 177 179 180 181 188 186 182 191 132 108 107  93  78  73  66  74
  80 118 184 204 211 209 207 207 208 211 213 214 219 220 221 223 225 227
 228 228 231 227 237 235 238 240 245 188]","[ 59 133 122 128 127 127 126 123 125 126 127 129 131 133 134 135 131 132
 133 134 135 137 138 138 143 142 138 153  94  81  86  76  65  56  51  59
  58  87 146 160 149 151 154 159 162 163 162 160 162 163 165 167 169 171
 172 173 172 167 178 175 179 181 190 129]"
