"[ 35  61  50  51  63  55  54  54  57  58  60  60  62  64  68  71  66  72
  82  94 105 113 119 121 112 113 115 116 113 101  85  74  62  56  52  55
  63  65  59  52  46  29  17  22  31  30  23  18  49  48  47  48  48  46
  41  37  46  49  45  49  40  41  64  62]","[ 56  86  78  78  88  85  93 100  99  99  99  99 100 102 105 107 116 121
 131 146 163 182 197 206 235 242 249 249 249 245 232 222 210 186 151 122
 106 100  97  96  94  96  89  63  27  13  34  64  89  84  78  75  76  76
  74  71  64  77  71  70  81 113 137 113]","[ 37  73  68  63  67  59  66  73  79  79  80  83  86  90  94  97  98  98
  98 100 103 109 114 117 132 142 160 183 206 229 247 254 248 249 248 240
 217 182 145 121 101  96  93  92  90  88  92  98  86  78  69  65  68  71
  72  70  67  78  75  85 108 141 153 116]","[ 51  90  87  82  83  71  69  68  68  67  66  68  72  76  78  79  83  85
  89  92  93  93  91  90 102 104 106 110 117 131 148 160 193 208 230 249
 255 253 245 239 211 179 139 113 103  97  86  77  76  70  64  64  68  73
  73  71  78  82  91 124 141 143 141 112]","[ 46  84  80  77  84  77  74  70  71  67  63  61  62  62  61  59  59  63
  68  74  78  80  81  81  70  78  87  93  97  99 104 107 106 108 114 124
 141 165 190 207 216 236 240 203 139  86  66  67  76  75  75  77  81  83
  82  80  87 102 120 149 154 146 143 118]","[ 57  94  87  79  88  85  86  82  89  85  81  80  82  83  82  80  76  72
  67  63  59  58  58  59  67  70  74  77  79  80  82  83  86  89  94  97
  98  99 100 101 114 137 146 119  78  58  68  86  69  72  76  78  79  81
  84  86 101 131 142 142 136 142 146 111]","[ 66 110 109 100 103  95  93  88  84  79  74  74  77  78  76  73  81  78
  74  71  69  69  71  72  58  56  54  56  62  71  78  82  74  75  78  82
  85  86  85  84  81  84  84  83  81  77  62  47  73  78  82  83  84  91
 105 116 134 153 151 144 137 146 150 114]","[ 83 139 151 148 147 133 126 119 116 109 100  95  93  89  83  77  75  76
  79  81  81  79  76  74  76  74  73  72  71  66  57  50  57  56  56  59
  64  68  70  70  71  72  66  56  55  64  69  69  74  79  83  83  85 100
 124 143 144 139 132 145 147 143 144 121]","[ 65 148 134 134 136 137 137 144 153 153 151 146 139 130 122 117 101  99
  95  91  86  81  77  75  75  76  77  76  74  73  73  74  72  65  61  60
  55  46  43  46  40  40  45  54  60  65  72  79  84  81  81  90 112 135
 144 143 144 149 142 146 146 149 149 118]","[ 75 161 149 149 148 145 141 144 131 132 135 139 142 146 148 149 159 155
 147 137 127 116 109 105  90  87  83  79  76  74  72  72  76  69  65  65
  63  57  55  57  47  40  38  46  57  65  73  80  78  88 100 113 130 145
 152 152 147 151 145 148 148 150 151 119]","[ 83 174 166 166 164 160 152 152 159 156 151 146 143 142 143 143 132 134
 138 144 150 156 160 162 158 148 134 119 107  94  83  75  83  75  69  67
  66  61  57  56  54  44  39  47  60  71  80  85  86 107 130 145 152 156
 158 156 150 154 147 151 150 152 153 121]","[ 85 179 175 176 175 174 168 167 172 169 164 159 156 155 155 156 155 153
 149 143 138 132 128 126 150 144 138 134 132 126 116 108 101  92  83  77
  72  66  59  54  54  46  43  50  61  73  85  94 115 136 158 167 166 163
 158 154 152 157 149 152 151 153 153 121]","[ 85 182 178 178 178 181 178 178 174 174 173 172 171 171 170 170 159 158
 157 156 155 154 153 152 135 134 135 140 145 144 137 129 124 119 110 101
  94  87  78  72  63  55  49  49  56  70  93 112 148 160 172 174 172 168
 161 155 154 158 151 153 152 153 153 121]","[ 88 186 183 179 178 182 180 180 183 183 182 181 178 174 171 169 181 180
 178 174 171 167 165 164 171 166 160 154 149 143 135 129 135 136 134 126
 119 114 108 102  95  85  74  67  69  86 116 142 165 172 175 175 174 173
 168 162 157 161 153 155 153 154 153 121]","[ 88 189 187 182 180 184 181 180 176 177 179 182 184 185 185 185 177 177
 176 176 176 176 176 176 173 163 149 137 130 129 133 136 137 146 150 146
 140 138 135 131 130 121 111 106 108 120 141 160 168 175 179 177 175 175
 173 169 160 164 156 157 155 156 155 123]","[ 84 189 189 185 184 187 184 181 189 188 187 185 184 182 182 181 186 185
 184 182 179 177 175 174 177 163 141 121 111 115 127 137 142 155 164 160
 155 154 153 151 144 138 135 138 142 144 150 157 165 176 184 182 177 175
 173 171 162 166 158 159 157 158 157 124]","[ 89 187 184 184 184 186 184 187 187 187 187 186 184 182 180 179 182 182
 182 181 181 180 180 180 179 168 149 128 115 113 120 128 137 162 169 160
 161 164 157 152 148 143 138 137 143 150 155 158 170 173 178 181 182 180
 176 173 172 169 163 167 158 160 161 120]","[ 89 186 183 184 184 185 184 186 186 186 186 185 184 182 181 180 182 182
 182 181 181 181 180 180 179 171 156 138 123 116 115 118 136 163 172 164
 165 165 159 156 152 147 142 141 146 152 158 161 171 174 178 182 183 181
 178 176 172 170 164 168 159 161 162 121]","[ 89 186 183 183 183 185 183 185 183 183 184 184 183 182 181 181 182 182
 182 181 181 181 180 180 182 178 170 157 142 129 121 117 134 163 176 170
 169 167 162 162 157 153 148 146 150 156 161 164 172 175 179 183 185 184
 181 179 174 171 166 169 161 163 164 123]","[ 89 186 183 183 182 183 182 184 181 181 182 182 182 182 182 181 182 182
 181 181 181 180 180 180 179 178 175 168 156 142 129 122 132 162 177 173
 171 168 164 167 161 158 153 150 152 158 164 168 173 176 180 184 186 186
 184 183 177 174 168 172 163 165 166 125]","[ 89 185 182 182 181 182 180 182 179 179 180 181 181 181 181 180 181 180
 180 180 179 179 179 178 175 174 172 167 158 145 133 125 131 160 176 174
 172 167 164 169 163 160 156 153 154 159 166 171 175 178 181 185 187 187
 186 185 179 176 171 174 166 168 169 128]","[ 88 185 182 181 180 181 179 181 178 179 179 180 180 180 179 179 179 179
 178 178 178 177 177 177 179 177 175 171 164 153 141 132 134 159 173 173
 173 168 164 169 163 162 159 156 156 161 169 175 177 179 182 185 186 186
 185 185 181 178 173 176 168 170 171 130]","[ 88 185 181 181 180 180 178 180 178 178 179 179 179 178 178 177 177 177
 176 176 176 175 175 175 180 179 179 177 174 165 154 146 140 160 170 172
 174 169 164 170 164 163 161 159 159 164 172 179 179 180 183 185 186 185
 184 184 183 180 175 178 170 172 173 132]","[ 88 185 181 181 179 180 178 180 178 179 179 179 178 178 177 176 176 176
 175 175 175 174 174 174 172 173 175 178 178 172 162 154 144 161 169 171
 175 171 165 170 165 165 163 161 161 166 175 183 180 181 183 184 185 185
 184 183 184 181 176 179 171 173 174 133]","[ 88 184 179 179 180 182 180 181 179 179 179 178 177 176 175 174 178 173
 173 178 181 178 174 173 175 168 183 169 170 180 155 154 146 144 152 170
 176 170 167 170 168 165 164 163 161 161 168 178 181 181 182 183 185 186
 187 187 180 184 182 183 175 179 177 130]","[ 87 182 177 177 178 180 178 179 178 178 178 178 177 176 175 174 184 177
 172 171 170 170 174 179 171 170 176 172 175 181 168 162 151 146 150 165
 173 169 166 169 168 165 164 163 161 161 168 177 181 181 182 183 184 186
 187 187 185 184 176 176 171 179 179 134]","[ 85 180 175 175 176 178 175 176 176 176 177 177 177 176 176 175 175 173
 174 176 175 171 172 176 170 175 169 175 180 179 179 167 159 150 148 160
 169 169 167 168 168 165 164 163 161 160 167 176 180 181 182 183 184 185
 186 187 185 183 175 177 172 177 175 129]","[ 85 180 174 174 175 177 174 175 174 175 175 176 176 176 176 175 171 169
 170 176 178 176 175 176 171 181 166 179 182 172 183 168 167 155 149 156
 166 170 169 168 167 165 164 164 161 160 166 175 180 181 181 183 184 185
 186 186 182 183 182 186 174 170 164 119]","[ 86 181 176 175 176 178 175 176 173 174 175 175 176 175 175 174 181 172
 165 168 172 172 171 171 168 179 167 181 181 169 183 172 171 159 151 155
 165 170 170 169 167 165 164 164 161 159 165 173 180 180 181 182 183 185
 185 186 185 186 185 185 166 158 155 115]","[ 88 182 177 176 177 178 175 176 173 174 174 175 175 174 173 173 173 170
 171 176 175 163 149 141 157 166 167 176 173 164 172 174 169 161 154 155
 163 169 170 169 167 165 164 164 161 159 164 172 179 180 181 182 183 184
 185 186 190 185 175 171 152 147 152 119]","[ 88 182 177 176 176 178 175 175 174 174 175 174 174 173 171 171 164 167
 173 174 162 143 129 125 142 146 164 164 155 150 148 163 163 159 155 155
 161 166 168 166 166 164 164 164 161 159 163 171 179 179 180 182 183 184
 185 185 186 172 157 156 145 146 152 119]","[ 87 182 176 175 175 177 174 174 175 175 175 174 173 172 170 169 175 171
 162 147 129 120 128 142 132 132 160 152 138 135 124 147 158 157 156 155
 159 164 166 165 166 164 164 165 161 158 163 170 179 179 180 181 183 184
 185 185 176 159 144 150 148 151 152 113]","[ 90 187 180 176 174 176 174 175 175 175 175 174 173 171 169 168 170 167
 159 145 128 115 109 107 119 118 115 122 134 130 127 137 147 151 152 148
 151 159 163 162 163 164 165 166 166 165 164 163 180 176 173 177 183 183
 176 168 147 151 144 147 147 149 149 117]","[ 87 182 176 173 172 174 172 173 174 174 173 173 171 170 168 167 175 166
 157 156 154 140 114  93  86  87  87  96 107 108 122 148 150 155 155 149
 148 154 161 162 162 163 163 164 164 163 163 162 173 176 180 182 178 169
 158 150 146 150 143 146 145 148 148 116]","[ 87 181 175 174 174 175 173 175 173 173 173 172 171 169 168 167 164 168
 172 173 166 151 134 122 111 109 101  96  88  79  96 133 141 148 152 148
 146 152 161 168 164 163 163 162 162 163 163 164 172 178 183 178 165 151
 143 141 145 150 142 145 144 146 146 114]","[ 84 175 168 170 171 172 169 171 170 170 170 170 169 167 166 165 159 165
 171 170 165 162 166 171 165 158 141 122  98  71  75 106 134 144 154 153
 149 150 158 167 164 163 161 160 160 161 163 164 176 176 172 162 149 142
 143 147 145 150 142 145 144 146 146 113]","[ 75 164 156 160 162 161 158 161 163 163 163 163 162 161 160 159 165 157
 151 154 166 178 185 187 178 175 161 143 120  89  77  90 127 140 154 157
 150 144 148 155 158 157 156 155 155 156 157 158 166 162 154 147 142 143
 147 150 145 150 142 145 143 145 145 113]","[ 75 161 152 157 161 158 154 157 156 156 156 156 156 155 154 153 153 157
 161 161 161 165 174 182 181 185 176 160 143 112  85  77  97 111 132 144
 142 137 140 148 149 149 148 148 148 148 149 149 147 144 141 142 144 146
 145 143 144 149 141 143 141 143 143 110]","[ 80 163 154 160 164 160 154 159 155 155 155 155 155 154 153 153 146 167
 184 178 157 145 155 170 182 197 193 176 163 140 106  85  78  91 114 132
 136 134 139 148 144 145 145 146 146 145 145 144 138 138 139 142 145 145
 141 138 142 146 138 140 138 140 139 107]","[ 80 162 152 159 163 158 152 156 158 158 159 159 158 158 157 156 162 174
 184 180 166 152 149 150 165 190 195 183 179 168 139 115  92 101 119 135
 138 134 137 145 144 145 146 147 147 146 145 144 141 142 143 143 142 141
 141 140 139 143 136 138 136 137 137 104]","[ 79 162 157 160 156 158 161 160 160 159 157 155 154 154 155 155 153 168
 182 172 180 164 127 152 148 154 199 195 174 180 160 143 125 110 108 123
 131 128 134 148 147 146 145 144 143 141 140 140 142 142 140 139 138 138
 138 138 136 139 133 138 135 133 133 104]","[ 78 160 155 158 153 156 159 158 157 156 155 154 153 153 153 153 153 168
 183 174 175 155 124 151 158 146 178 185 175 175 161 157 144 123 113 123
 132 131 134 143 144 144 143 142 140 139 138 138 140 139 138 137 136 136
 136 136 135 138 132 137 134 132 132 104]","[ 76 159 153 156 151 154 156 155 153 154 154 153 153 152 150 150 158 170
 179 171 167 147 129 157 173 147 161 178 177 171 163 170 158 132 114 118
 128 131 134 141 143 142 142 141 139 138 138 137 139 138 137 136 135 134
 135 135 132 135 129 134 131 130 131 103]","[ 76 158 153 155 151 153 155 154 152 153 154 154 154 152 150 149 166 171
 171 166 163 148 139 158 176 160 165 178 179 171 167 173 155 132 112 109
 118 126 135 142 142 142 141 140 139 138 137 137 138 138 136 135 134 134
 134 134 128 131 125 130 127 127 129 101]","[ 77 160 154 156 151 154 156 154 153 153 155 155 155 154 152 151 167 171
 166 168 169 156 143 135 160 174 178 179 179 174 172 168 149 133 115 107
 111 122 135 143 138 138 137 137 136 135 135 135 135 135 133 132 131 131
 131 131 125 128 121 127 125 125 128 101]","[ 79 161 155 157 152 154 156 155 154 155 155 155 155 155 154 154 162 172
 167 173 177 166 145 105 143 183 186 179 179 177 177 164 150 140 123 111
 112 124 135 140 134 134 134 133 133 132 132 132 132 131 130 128 128 127
 127 128 126 128 121 127 125 126 129 103]","[ 79 161 155 157 152 154 156 154 155 155 154 154 154 155 155 156 161 177
 168 171 176 176 159 103 147 193 188 180 182 176 177 164 152 143 127 115
 119 132 138 136 134 134 134 134 133 133 133 133 132 132 130 129 128 128
 128 128 129 131 124 129 128 129 134 108]","[ 78 161 154 156 151 153 155 153 155 155 153 152 152 154 155 156 166 183
 168 164 169 182 179 120 162 202 188 182 186 174 175 165 151 141 125 115
 125 140 142 133 138 138 137 137 137 137 137 136 136 135 134 133 132 132
 132 132 131 134 127 132 131 132 137 111]","[ 71 161 153 154 155 154 154 159 153 154 154 155 156 156 157 157 180 182
 176 168 167 168 155 137 177 187 189 182 180 183 178 167 155 142 126 120
 128 139 143 141 140 140 139 138 136 135 134 134 134 134 133 133 132 131
 130 130 127 130 124 130 130 131 135 109]","[ 78 168 161 163 163 162 161 165 162 162 162 162 163 163 163 163 174 181
 179 169 164 166 162 153 182 191 192 184 179 179 172 160 149 139 127 125
 134 143 144 141 140 139 138 137 136 135 134 134 133 132 132 131 130 129
 129 128 127 130 124 130 130 131 135 109]","[ 82 174 168 171 171 169 167 170 169 169 169 168 168 168 167 167 168 179
 182 171 163 166 172 173 189 195 193 183 176 172 163 152 145 136 129 131
 140 146 144 140 139 139 138 137 136 135 134 133 131 131 130 130 129 128
 127 127 127 130 124 130 130 131 136 110]","[ 82 174 169 172 172 170 167 170 170 170 169 169 168 167 166 166 166 177
 182 176 169 172 179 183 194 195 190 178 169 165 158 151 148 138 131 135
 144 147 144 141 140 139 138 137 136 135 134 133 132 132 131 130 129 129
 128 128 126 129 123 130 130 132 136 110]","[ 81 174 169 172 172 170 166 169 169 169 168 167 166 165 164 164 166 175
 182 181 179 180 183 184 195 192 183 171 163 160 158 155 155 142 133 137
 145 146 144 143 140 140 139 138 137 136 135 134 134 134 133 132 132 131
 130 130 126 129 123 130 130 132 137 111]","[ 83 175 169 172 172 170 168 171 169 169 168 167 166 165 165 164 167 173
 181 186 187 186 185 185 194 188 179 169 163 161 161 162 160 144 134 139
 147 146 145 146 142 141 140 139 138 137 136 136 136 136 135 134 133 133
 132 132 125 128 123 130 130 132 137 111]","[ 85 176 169 171 171 170 169 173 168 168 168 167 167 166 166 165 165 172
 181 188 188 187 188 191 191 186 179 173 168 165 164 166 159 143 134 142
 150 149 146 148 143 143 142 141 140 138 138 137 137 136 136 135 134 133
 133 132 125 128 122 130 130 132 137 112]","[ 85 176 168 169 169 169 168 173 167 166 166 166 165 165 165 165 163 171
 182 188 187 186 191 198 189 186 182 178 174 169 166 166 155 140 134 145
 154 151 148 149 144 144 143 142 141 139 139 138 136 136 135 135 134 133
 132 132 124 128 122 130 130 133 137 112]","[ 83 176 170 170 168 167 168 176 166 167 167 168 167 167 166 165 164 165
 174 187 191 188 188 192 194 191 187 183 179 173 168 163 152 138 136 151
 158 149 143 147 145 144 143 143 141 141 140 139 135 134 133 133 133 131
 127 124 123 126 120 127 129 132 138 113]","[ 86 179 174 174 172 170 169 176 168 169 169 169 169 168 167 167 165 166
 173 182 188 189 195 203 197 194 189 185 181 176 171 167 157 142 140 154
 161 153 147 150 147 147 146 145 143 142 141 140 138 137 136 136 135 134
 130 127 125 128 123 130 131 134 139 113]","[ 84 177 171 173 171 168 166 171 168 168 168 168 168 167 166 165 163 162
 165 170 174 180 191 202 193 190 186 182 179 174 169 165 153 139 136 147
 154 147 142 145 143 143 141 139 138 136 134 134 134 133 131 131 131 129
 126 124 119 123 119 126 127 128 131 104]","[ 86 178 174 176 176 173 170 174 175 175 175 175 174 173 172 171 167 166
 165 166 169 176 188 198 195 192 188 185 182 177 172 168 159 146 141 150
 156 151 147 148 149 148 147 145 142 140 139 138 139 137 135 135 135 133
 131 129 124 129 125 132 132 132 134 106]","[ 80 172 167 171 172 170 167 170 170 170 170 170 169 168 166 166 160 160
 159 160 165 174 183 188 187 184 181 178 175 171 167 163 159 147 141 147
 152 150 146 146 146 145 144 142 139 137 136 135 135 133 131 130 129 129
 127 125 121 126 122 129 128 128 130 102]","[ 88 179 172 175 178 177 173 176 173 173 173 173 171 170 168 167 165 165
 164 167 177 190 196 195 190 188 185 182 180 176 172 168 163 152 144 148
 153 152 149 148 146 145 144 142 140 138 137 136 136 133 130 129 129 128
 127 125 122 126 121 128 127 128 131 104]","[ 96 184 175 177 178 178 174 176 174 174 174 173 171 170 168 167 169 167
 163 166 180 196 199 193 190 187 184 182 180 177 173 169 164 153 145 146
 151 152 150 147 146 145 144 143 142 140 139 139 139 136 132 131 131 131
 129 128 124 127 121 127 127 129 133 107]","[ 62 148 137 137 137 136 132 134 135 135 135 134 133 131 129 128 134 128
 120 122 137 154 155 146 148 146 143 141 139 136 132 129 131 120 111 112
 116 118 116 113 115 115 114 113 112 111 110 110 110 107 104 102 102 102
 101 100  94  97  90  96  96  99 104  79]"
