"[32 73 54 67 60 67 79 73 83 82 80 79 78 78 79 80 76 75 74 73 72 70 69 69
 63 61 59 58 58 57 55 53 55 53 51 49 47 48 49 49 41 43 47 50 52 52 50 49
 45 46 47 48 47 45 43 41 46 37 41 47 44 46 50 44]","[ 68 125 114 121 108 110 119 113 129 130 133 137 143 149 154 157 157 156
 156 154 153 152 152 151 152 148 142 137 132 126 121 117 111 109 106 102
  98  93  90  88  95  92  87  83  80  79  79  80  87  86  84  82  80  78
  77  77  72  64  66  69  64  65  66  59]","[ 79 157 157 159 142 143 148 141 120 119 118 116 116 115 115 116 120 123
 126 131 137 142 145 147 152 151 150 152 154 155 154 153 145 144 142 137
 131 124 118 114 105 102  97  93  90  90  90  91  80  78  76  75  75  77
  79  80  79  71  73  75  70  71  71  60]","[ 85 179 182 182 170 175 178 169 174 171 166 159 152 146 141 138 129 128
 126 123 120 117 115 114 122 123 126 132 139 144 147 148 152 153 154 155
 155 155 154 153 146 145 142 136 129 120 111 107 108 106 102  97  93  89
  88  87  84  78  79  80  76  78  76  62]","[ 86 184 184 183 181 188 188 181 182 182 182 181 181 180 179 179 177 175
 171 166 161 156 152 150 130 127 124 121 119 117 114 111 122 123 125 128
 132 137 141 144 154 155 158 159 159 157 154 152 144 142 137 129 121 111
 104 100 103  96  96  93  87  87  80  62]","[ 84 181 175 173 176 181 178 176 175 176 178 180 181 182 182 182 173 174
 175 176 177 178 179 180 181 177 172 167 163 158 153 149 132 129 125 121
 118 116 116 116 116 116 118 121 127 135 141 145 149 151 154 156 157 157
 156 155 141 135 133 127 119 118 108  85]","[ 92 190 182 182 186 184 180 188 186 187 186 185 183 181 178 177 189 187
 186 183 180 178 176 175 179 177 175 175 176 176 174 172 185 182 177 170
 164 158 153 151 143 139 133 126 120 117 115 115 114 116 121 127 133 139
 143 145 155 152 153 151 148 152 143 120]","[ 87 186 181 182 186 179 176 192 183 184 186 187 188 188 187 186 180 180
 180 181 181 181 182 182 183 181 179 179 179 179 177 175 173 174 176 178
 178 178 176 175 171 171 170 167 163 156 150 147 138 135 130 124 119 116
 114 114 112 112 119 123 128 140 136 113]","[ 87 184 180 180 180 182 181 184 185 186 187 188 188 186 185 184 186 187
 188 188 187 186 184 183 180 183 176 182 186 176 168 186 178 178 178 178
 178 178 178 178 175 175 174 174 173 173 173 173 173 171 168 163 159 154
 151 149 144 134 126 131 121 118 119  84]","[ 87 184 180 180 180 182 181 184 184 185 186 187 187 187 186 185 186 186
 187 187 186 186 185 185 201 184 182 186 180 183 189 186 180 180 180 180
 180 180 180 180 176 176 176 175 175 175 174 174 176 175 174 173 171 170
 169 169 172 164 157 164 155 154 155 119]","[ 87 184 180 180 180 182 181 184 183 183 185 186 186 187 186 186 186 185
 185 185 185 186 186 187 178 176 204 203 174 172 189 173 181 181 181 181
 181 181 181 181 179 178 178 178 177 177 177 176 175 175 175 176 177 177
 178 178 180 176 172 179 173 173 174 136]","[ 87 184 180 180 180 182 181 184 181 182 183 184 185 186 187 187 185 185
 184 183 184 185 187 189 189 194 209 194 189 187 197 180 182 182 182 182
 182 182 182 182 181 181 181 180 180 180 179 179 177 177 177 177 176 176
 176 176 173 172 169 177 171 173 173 133]","[ 87 184 180 180 180 182 181 184 181 181 182 183 184 185 186 187 185 184
 183 183 183 185 187 188 204 183 136 102 164 182 181 171 182 182 182 182
 182 182 182 182 183 183 183 182 182 182 181 181 182 181 181 180 180 179
 179 179 177 177 175 181 175 178 177 135]","[ 87 184 180 180 180 182 181 184 182 182 181 182 182 183 185 185 184 184
 184 184 184 184 185 186 199 180 123  84 171 188 189 195 183 183 183 183
 183 183 183 183 184 184 184 184 183 183 183 182 180 180 180 181 181 181
 181 181 180 182 179 183 177 181 181 137]","[ 87 184 180 180 180 182 181 184 183 182 181 181 181 182 183 184 184 184
 185 185 185 184 183 183 137 136 127 105 172 171 182 187 184 184 184 184
 184 184 184 184 185 185 185 184 184 183 183 183 179 179 179 179 179 180
 180 180 177 180 177 180 174 181 182 137]","[ 87 184 180 180 180 182 181 184 184 183 182 180 180 181 182 183 184 185
 186 186 185 184 182 181 117 106 125 124 182 179 194 177 186 186 186 186
 186 186 186 186 185 185 185 184 184 183 183 183 184 184 183 182 181 181
 180 180 179 182 179 181 176 185 187 143]","[ 89 186 182 182 182 183 181 183 182 182 182 182 182 182 182 182 182 186
 186 182 183 189 189 184 161  90  90 128 185 188 184 183 187 187 187 187
 187 187 187 187 186 186 186 186 186 186 186 186 183 183 183 182 181 181
 181 180 182 184 181 185 179 185 185 142]","[ 89 186 182 182 182 183 181 183 182 182 182 182 182 182 182 182 185 185
 185 184 186 188 186 182 183 102  95 110 163 187 188 189 187 187 187 187
 187 187 187 187 186 186 186 186 186 186 186 186 184 184 183 183 183 182
 182 182 183 184 182 185 179 185 186 142]","[ 88 185 182 182 181 182 181 183 182 182 182 182 182 182 182 182 186 183
 183 186 187 185 183 183 191 107 101  88 134 181 187 188 187 187 187 187
 187 187 187 187 186 186 186 186 186 186 186 186 185 185 185 184 184 184
 184 183 183 185 182 186 180 186 186 143]","[ 88 185 182 182 181 182 180 182 182 182 182 182 182 182 182 182 185 182
 182 186 185 181 183 190 175 102 107  80 110 169 184 185 187 187 187 187
 187 187 187 187 187 187 187 187 187 187 187 187 186 186 186 186 186 186
 185 185 184 186 183 187 180 186 187 143]","[ 87 184 181 181 181 182 180 182 182 182 182 182 182 182 182 182 181 181
 183 184 181 180 186 195 164 103 113  83  95 150 184 188 187 187 187 187
 187 187 187 187 187 187 187 187 187 187 187 187 186 186 186 187 187 187
 187 187 185 187 184 187 181 187 188 144]","[ 87 184 181 181 180 181 180 182 182 182 182 182 182 182 182 182 178 182
 183 181 182 186 188 187 163 108 110  90  87 126 187 195 187 187 187 187
 187 187 187 187 188 188 188 188 188 188 188 188 186 186 186 186 187 187
 187 187 186 187 185 188 182 188 189 145]","[ 87 184 180 181 180 181 179 181 182 182 182 182 182 182 182 182 179 183
 181 179 189 199 188 167 151  98  90  93  86 104 185 191 187 187 187 187
 187 187 187 187 188 188 188 188 188 188 188 188 185 185 186 186 187 187
 187 187 186 188 185 189 183 189 189 145]","[ 87 184 180 180 180 181 179 181 182 182 182 182 182 182 182 182 182 185
 180 178 195 209 187 150 129  80  69  94  88  91 180 179 187 187 187 187
 187 187 187 187 188 188 188 188 188 188 188 188 185 185 185 186 186 187
 187 187 187 188 186 189 183 189 190 146]","[ 85 182 178 177 177 179 177 180 182 182 182 181 181 180 180 180 181 183
 184 181 158 134 161 220 206 170 124  81  62  94 153 191 188 188 188 188
 188 188 188 188 188 188 188 187 187 186 186 186 187 187 188 188 188 187
 186 186 187 189 186 189 183 188 189 145]","[ 86 183 179 178 177 179 177 180 182 182 181 181 181 180 180 180 179 171
 178 190 156  96 100 159 202 196 168 120  84  90 137 183 188 188 188 188
 188 188 188 188 188 188 188 187 187 187 186 186 186 187 187 188 188 187
 186 186 187 189 186 189 183 188 189 145]","[ 88 184 180 179 178 179 177 180 182 181 181 181 180 180 180 180 179 176
 178 176 135  71  56  91  99  92  95 112 102  68  99 182 187 187 187 187
 187 187 187 187 189 189 188 188 187 187 187 187 186 186 187 187 187 187
 186 186 187 189 186 189 182 188 188 144]","[ 89 185 180 179 178 179 177 179 181 181 181 180 180 180 179 179 176 190
 171 125  92  73  57  50  62  57  67 114 138 103 106 174 186 186 186 186
 187 187 187 187 189 188 188 188 187 187 187 187 185 185 186 187 187 187
 187 186 187 188 185 188 182 187 188 144]","[ 88 184 180 179 178 179 177 180 181 181 180 180 180 179 179 179 173 185
 143  75  57  73  64  36  36  66  68  73 110 128 126 139 184 184 185 185
 186 186 187 187 188 188 187 187 187 186 186 186 184 184 185 186 187 187
 187 186 186 188 185 188 181 187 187 143]","[ 85 182 178 177 177 179 177 180 180 180 180 180 179 179 179 178 179 168
 116  61  53  66  57  39  29  59  64  63  91 124 146 164 183 183 184 184
 185 186 186 187 186 186 186 185 185 185 184 184 183 183 185 186 187 187
 187 186 186 188 184 188 181 187 187 143]","[ 82 179 176 176 176 178 178 180 180 180 180 179 179 179 178 178 180 157
 105  63  55  57  49  42  41  41  53  70  75  76 103 141 182 182 183 184
 185 186 186 187 185 185 184 184 184 183 183 183 182 183 184 185 186 187
 187 187 186 187 184 187 181 186 187 143]","[ 80 177 174 175 175 178 178 181 180 180 180 179 179 178 178 178 172 154
 104  56  46  51  46  39  41  47  67  79  72  73  91 106 181 182 183 183
 184 185 186 186 184 184 183 183 183 182 182 182 182 183 184 185 186 187
 187 187 185 187 184 187 181 186 187 143]","[ 87 170 179 178 173 182 176 180 180 180 180 180 180 180 180 180 184 125
  97  88  56  45  52  44  50  78  82  78  77  60  72 125 181 181 181 181
 182 183 185 186 184 183 183 182 181 181 180 180 184 184 184 184 183 183
 183 183 184 187 183 186 181 188 187 140]","[ 86 167 174 173 169 179 174 178 175 175 175 175 175 175 175 175 176 124
 102  97  69  55  56  45  59  79  77  73  77  68  84 134 175 175 175 175
 176 177 179 179 184 184 183 183 183 182 182 182 184 184 184 185 185 185
 185 185 184 186 183 186 181 187 187 141]","[ 91 168 171 170 167 176 172 178 177 177 177 177 177 177 177 177 168 126
 110 109  86  68  62  49  76  82  72  68  76  74  93 136 182 181 181 182
 182 184 185 186 176 176 177 177 177 178 178 178 178 179 179 180 180 181
 181 182 180 181 179 183 177 182 183 140]","[ 66 137 135 133 130 139 134 140 142 142 142 142 142 142 142 142 145 113
 104 109  99  87  79  69  89  83  69  66  74  75  91 125 153 153 153 153
 154 155 156 157 168 168 169 170 171 172 172 173 172 173 174 174 176 176
 177 178 178 178 176 182 175 180 182 142]","[ 50 115 109 106 103 110 104 110 110 110 110 110 110 110 110 110 111  89
  82  94 100  98  96  94  89  77  65  66  72  74  88 113 120 119 119 120
 120 122 123 124 118 118 119 120 121 122 123 123 124 124 125 126 127 128
 129 129 129 129 127 134 127 130 134  97]","[ 61 121 113 111 109 115 107 113 114 114 114 114 114 114 114 114 102  84
  71  76  87  88  86  88  77  65  62  69  71  74  90 110 117 117 117 117
 118 119 120 121 120 120 121 122 123 124 124 125 126 126 126 127 128 128
 129 129 127 126 125 133 125 127 132  99]","[ 59 117 108 108 108 114 105 111 113 113 113 113 113 113 113 113 111  93
  71  68  76  73  67  71  69  58  62  72  71  74  94 113 114 114 114 114
 115 116 118 119 121 121 121 122 123 123 124 124 124 124 124 124 125 125
 125 125 123 121 121 130 122 122 129  97]","[ 59 116 107 109 111 116 107 114 111 111 111 111 111 111 111 111 111  95
  71  65  74  72  65  70  68  58  65  76  70  74  96 115 116 116 116 116
 117 118 120 120 122 122 122 123 123 123 124 124 123 123 123 123 122 122
 122 122 123 121 120 130 122 122 129  99]","[ 61 108 111 106 111 106 108 107 107 107 107 107 107 107 107 107 111 107
  88  62  54  64  70  67  71  68  68  69  72  80  98 115 113 113 114 115
 116 116 117 117 120 120 121 121 121 122 122 122 121 121 122 122 122 123
 123 123 121 124 118 124 122 122 125  98]","[ 59 106 109 104 109 104 106 105 106 106 106 106 106 106 106 106 104 107
  95  68  52  56  64  67  68  67  67  69  72  80  98 114 112 113 113 114
 115 116 116 117 118 118 119 119 119 120 120 120 120 121 121 121 122 122
 122 123 121 124 118 123 121 121 124  97]","[ 57 104 106 101 105 101 103 102 103 103 103 103 103 103 103 103  97 107
 102  77  52  47  57  67  65  64  66  69  72  80  97 113 111 112 112 113
 114 115 115 115 116 116 116 117 117 117 118 118 119 119 120 120 121 121
 121 121 120 123 117 122 121 120 123  96]","[ 56 102 104  98 103  99 102 101 101 101 101 101 101 101 101 101  96 106
 105  85  59  48  55  66  64  64  67  71  74  80  95 110 110 110 111 111
 112 113 114 114 114 114 115 115 116 116 116 116 118 118 118 119 119 119
 120 120 119 122 115 121 119 119 122  95]","[ 55 101 102  96 101  97 101 101  99  99  99  99  99  99  99  99 100 104
 103  92  73  58  59  66  67  67  70  74  76  81  93 106 108 108 109 110
 111 111 112 112 114 114 114 114 115 115 116 116 116 116 117 117 117 118
 118 118 118 120 114 120 118 118 121  94]","[ 54 100 100  94  99  95 100  99  98  98  98  98  98  98  98  98 104 100
  99  96  85  71  66  70  72  73  76  79  79  81  91 102 107 107 107 108
 109 110 110 111 112 112 113 113 113 114 114 114 115 115 115 115 116 116
 117 117 116 119 113 119 117 117 120  93]","[ 52  97  97  91  96  92  97  97  97  97  97  97  97  97  97  97 103  96
  95 100  93  78  72  76  78  79  82  85  83  82  89  99 105 106 106 107
 108 109 109 110 110 110 110 111 111 111 112 112 113 114 114 114 115 115
 115 116 116 118 112 118 116 116 119  92]","[ 50  95  95  88  93  90  95  95  97  97  97  97  97  97  97  97 101  93
  94 101  96  81  76  82  82  83  86  88  85  82  88  97 105 105 106 106
 107 108 109 109 108 108 108 109 109 109 110 110 113 113 113 114 114 114
 115 115 115 118 112 117 116 116 118  91]","[ 50  91  91  89  96  90  93  95  94  94  94  95  95  95  96  96  94  99
  96  96  97  86  77  83  86  84  84  87  92  95  93  90 103 103 104 105
 105 106 107 107 108 108 108 109 109 110 110 110 112 112 112 113 113 114
 114 114 113 117 111 116 112 112 117  92]","[ 49  90  90  88  94  89  92  94  92  92  92  93  93  93  94  94  93  98
  95  95  96  85  75  80  86  86  87  89  93  95  96  96 103 103 104 105
 105 106 107 107 108 108 108 109 109 110 110 110 112 112 112 113 113 113
 114 114 113 116 111 115 112 112 116  91]","[ 49  90  90  88  95  89  92  94  93  93  94  94  94  95  95  95  96 100
  97  97  99  87  76  80  87  88  90  91  92  95  99 102 103 103 104 105
 105 106 107 107 108 108 108 109 109 110 110 110 112 112 112 112 113 113
 113 114 112 116 110 115 111 111 116  91]","[ 52  93  93  91  98  92  95  97  98  99  99  99 100 100 100 101 101 104
 101 101 104  92  79  82  85  88  90  90  90  93 100 105 103 103 104 105
 105 106 107 107 108 108 108 109 109 110 110 110 111 111 112 112 112 113
 113 113 111 115 109 114 111 110 115  90]","[ 56  98  97  95 102  97 100 101 102 102 102 103 103 104 104 104 104 106
 102 103 106  94  80  81  82  85  87  87  87  91  97 103 103 103 104 105
 105 106 107 107 108 108 108 109 109 110 110 110 111 111 111 112 112 112
 113 113 110 114 109 113 110 110 114  89]","[ 58 100  99  97 104  98 102 103 101 102 102 102 103 103 103 104 103 105
 100 101 105  92  77  77  81  82  84  85  86  89  93  96 103 103 104 105
 105 106 107 107 108 108 108 109 109 110 110 110 110 111 111 111 112 112
 112 112 110 113 108 112 109 109 113  88]","[ 57  98  98  96 102  97 100 102 101 101 101 102 102 103 103 103 104 105
 100 102 106  93  76  75  81  80  81  83  87  89  90  90 103 103 104 105
 105 106 107 107 108 108 108 109 109 110 110 110 110 110 111 111 111 112
 112 112 109 113 107 112 108 108 113  88]","[ 54  95  95  93 100  94  97  99 102 102 103 103 103 104 104 104 107 107
 102 104 108  95  78  76  81  80  80  83  88  90  89  86 103 103 104 105
 105 106 107 107 108 108 108 109 109 110 110 110 110 110 110 111 111 112
 112 112 109 113 107 111 108 108 112  87]","[ 45  97  90  84  95  98 106  93  98  98  99 100 102 103 104 104 109 104
 103 106 107  98  83  72  81  81  83  84  85  86  86  86  89 101 108 107
 105 109 111 110 108 108 108 109 109 110 110 110 110 110 110 111 111 111
 112 112 108 112 107 112 109 108 112  86]","[ 56  94  92  98 104  87  90  93 103 103 104 105 106 107 108 109 107 103
 102 105 106  97  82  70  78  79  80  82  84  84  85  85  82  93 101 102
 101 104 106 104 111 111 111 112 112 113 113 113 113 113 114 114 115 115
 115 115 112 116 111 116 113 112 116  90]","[ 43  84  90  94 100  90  93 102  96  96  97  98  99 100 101 102 108 105
 104 106 107 100  85  72  77  78  80  82  84  85  86  86  82  92 102 105
 106 108 109 107 106 107 107 107 108 108 108 109 110 110 110 110 111 111
 111 112 108 112 107 112 109 108 112  87]","[ 69 118 119  91  86  92  93  93 100 101 102 103 104 105 106 107 106 105
 104 104 105 100  85  71  74  75  78  80  83  84  85  86  81  90 100 107
 110 110 110 109 111 112 112 112 113 113 113 114 115 115 115 116 116 116
 117 117 114 118 113 118 115 114 118  92]","[ 62  96  95  62  57  68  75  92  99 100 101 102 103 104 105 105 104 105
 104 102 104 101  86  70  73  74  77  79  81  83  84  84  78  84  94 103
 108 107 107 107 108 108 109 109 109 110 110 110 111 111 112 112 112 113
 113 113 110 115 110 115 111 111 115  89]","[ 31  34  37  30  35  36  50 103  97  98  99 100 101 102 103 104 107 109
 108 106 107 106  92  74  78  80  82  84  86  87  88  88  86  89  97 108
 113 113 112 113 110 110 110 111 111 111 112 112 112 112 112 113 113 113
 114 114 111 116 111 116 112 112 115  90]","[ 43  31  33  29  30  21  26  88 101 102 102 104 105 106 107 107 101 105
 105 101 103 103  89  69  76  77  79  81  82  83  83  83  86  86  92 104
 110 109 108 111 114 114 115 115 115 116 116 116 115 115 115 116 116 116
 117 117 115 119 114 119 116 115 119  93]","[21 19 26 13 17 20 21 70 81 82 82 84 85 86 87 87 87 92 91 86 88 89 75 55
 64 65 66 67 68 69 69 69 69 67 73 84 90 89 89 93 87 87 87 88 88 88 89 89
 86 87 87 87 88 88 88 89 87 91 86 91 88 87 91 65]"
