"[34 76 58 69 61 67 80 77 85 84 83 83 83 84 86 87 80 79 78 77 75 73 72 71
 70 69 68 66 65 63 62 61 60 57 54 53 54 55 56 55 48 50 53 56 58 58 57 57
 51 51 50 50 50 49 49 49 46 41 46 50 48 54 57 49]","[ 79 138 130 138 123 124 132 126 144 145 147 149 153 158 162 164 166 165
 164 162 160 159 157 157 160 157 154 148 143 138 134 131 123 120 117 113
 111 107 103  99 108 105  99  94  92  91  93  94 102 101  99  96  93  91
  89  88  81  76  78  79  74  77  78  67]","[ 89 171 175 179 161 159 162 154 136 135 134 133 132 132 132 133 135 137
 140 144 148 152 155 157 160 160 161 162 163 164 165 166 158 155 152 148
 143 136 129 123 120 117 111 107 104 104 105 106  93  93  93  92  92  91
  91  91  94  90  91  90  84  87  85  70]","[ 91 188 195 196 183 186 187 179 186 184 179 174 168 163 160 158 147 145
 142 138 134 130 127 125 136 138 141 145 149 152 155 157 164 163 162 163
 165 164 161 159 157 155 151 146 138 129 122 117 115 114 112 109 106 103
 101  99  97  94  96  93  89  93  89  71]","[ 95 195 196 195 192 199 200 195 199 198 197 195 193 191 190 189 193 191
 187 181 175 169 165 162 149 147 144 140 135 131 127 126 138 137 138 141
 146 151 153 154 164 165 167 168 168 166 164 163 157 153 148 140 132 125
 119 116 111 109 109 104  97 100  92  70]","[ 95 193 187 185 188 193 192 193 188 189 191 193 194 194 194 194 187 188
 188 189 190 191 191 192 194 192 188 183 178 173 169 167 148 144 138 134
 132 131 130 129 131 131 132 135 141 148 156 160 168 167 167 167 167 167
 167 167 149 147 146 137 129 131 120  94]","[ 98 197 193 194 197 195 192 201 194 195 196 197 196 196 194 193 200 199
 197 195 192 190 188 187 186 186 186 186 187 187 187 187 197 192 186 181
 176 171 166 162 160 155 148 141 135 132 132 132 131 132 135 139 144 148
 151 153 166 166 167 162 158 164 154 127]","[ 90 193 193 197 200 192 187 203 196 197 198 198 198 197 195 194 190 190
 191 192 193 194 195 195 194 194 193 192 190 189 188 188 184 184 186 189
 191 192 190 188 185 184 183 180 175 169 163 160 154 151 147 142 136 131
 127 125 125 128 134 134 137 150 144 117]","[ 93 196 196 194 193 196 194 194 198 198 198 198 198 198 198 198 198 198
 198 197 197 196 196 196 194 194 194 194 194 194 194 194 185 189 185 186
 196 194 187 189 188 188 187 187 186 186 186 186 182 181 178 174 170 166
 163 162 155 150 144 148 138 137 137  98]","[ 93 196 196 194 193 196 194 194 197 197 197 197 197 197 197 197 198 198
 198 197 197 196 196 196 195 195 195 195 195 195 195 195 199 203 197 191
 192 190 184 185 189 189 189 188 188 187 187 187 186 186 185 184 183 182
 181 180 180 176 171 176 168 169 169 129]","[ 93 196 196 194 193 196 194 194 196 196 196 196 196 196 196 196 197 197
 197 197 196 196 196 196 197 197 197 197 197 197 197 197 196 188 188 197
 202 197 197 203 191 191 191 190 190 190 189 189 187 187 187 188 188 188
 189 189 188 186 183 188 181 185 186 145]","[ 93 196 196 194 193 196 194 194 195 195 195 195 195 195 195 195 197 196
 196 196 196 196 196 196 196 196 196 196 196 196 196 196 193 194 219 247
 241 213 192 186 193 193 193 193 192 192 191 191 190 190 189 189 188 187
 187 187 184 185 182 186 180 185 186 144]","[ 93 195 196 194 193 196 194 194 195 195 195 195 195 195 195 195 195 196
 196 196 196 196 196 196 196 196 196 196 196 196 196 196 203 205 200 164
 128 143 184 204 195 195 195 194 194 193 193 193 195 195 194 193 192 191
 190 189 189 192 189 192 185 191 191 146]","[ 93 195 196 194 193 196 194 194 195 195 195 195 195 195 195 195 195 195
 195 195 196 196 196 196 195 195 195 195 195 195 195 195 182 213 213 139
  70  99 162 180 196 196 195 195 195 194 194 194 193 193 193 193 193 193
 193 193 190 195 192 193 186 193 193 146]","[ 93 196 196 194 193 196 194 194 196 196 196 196 196 196 196 196 194 194
 194 195 195 196 196 196 197 197 197 197 197 197 197 197 245 236 215 150
  80  97 168 204 196 196 196 195 195 194 194 194 191 191 192 192 192 193
 193 193 186 192 190 191 184 193 192 144]","[ 93 196 196 194 193 196 194 194 196 196 196 196 196 196 196 196 194 194
 194 195 195 196 196 196 198 198 198 198 198 198 198 198 197 137 123 129
  96  93 152 205 196 196 196 195 195 194 194 194 196 196 195 195 195 195
 194 194 188 196 194 195 189 199 199 150]","[ 94 197 197 195 194 197 195 195 195 195 195 195 195 195 195 195 197 196
 196 196 196 197 198 199 198 198 198 197 197 196 196 195 186  92  82 105
  99 109 161 208 196 195 195 195 195 196 197 197 194 194 194 194 194 194
 194 194 196 196 193 197 192 198 197 151]","[ 94 197 197 195 193 197 195 195 195 195 195 195 195 195 195 195 197 196
 196 196 196 197 198 199 199 199 198 198 197 197 197 196 196 129  75  89
  99 118 178 197 195 195 195 196 197 198 199 199 195 195 195 195 195 195
 195 195 196 197 193 197 192 198 197 151]","[ 94 197 196 194 193 196 195 195 195 195 195 195 195 195 195 195 196 196
 196 196 196 197 198 198 199 199 199 199 198 198 198 198 200 178  89  78
  89 114 183 195 195 196 196 197 198 199 200 201 196 196 196 196 196 196
 196 196 196 197 193 198 193 198 197 151]","[ 93 196 196 194 193 196 195 194 195 195 195 195 195 195 195 195 196 196
 195 195 196 196 197 198 199 199 199 199 199 199 199 199 196 210 126  84
  74  96 156 204 198 198 199 199 200 200 199 199 198 198 198 198 198 198
 198 198 197 197 194 198 193 199 197 151]","[ 93 196 196 194 192 196 194 194 195 195 195 195 195 195 195 195 196 195
 195 195 195 196 197 198 199 199 199 199 199 199 199 199 198 215 151  95
  70  85 113 198 200 200 201 201 200 199 197 196 199 199 199 199 199 199
 199 199 197 198 194 198 194 199 198 152]","[ 93 195 195 193 192 195 194 194 195 195 195 195 195 195 195 195 195 195
 194 194 195 196 197 197 198 198 198 198 199 199 199 199 205 207 144 102
  81  90  83 166 199 200 201 201 200 199 197 196 199 199 199 199 199 199
 199 199 197 198 195 199 194 200 198 152]","[ 92 195 195 193 192 195 194 193 195 195 195 195 195 195 195 195 195 195
 194 194 195 195 196 197 196 197 197 197 198 198 199 199 203 205 124 108
  93  93  78 131 195 196 199 200 201 200 199 197 198 198 198 198 198 198
 198 198 198 198 195 199 194 200 198 153]","[ 92 195 195 193 192 195 193 193 195 195 195 195 195 195 195 195 195 194
 194 194 194 195 196 197 195 196 196 197 197 198 198 198 192 209 112 114
  97  88  85 112 191 193 196 199 201 201 201 200 198 198 198 198 198 198
 198 198 198 199 195 199 194 200 199 153]","[ 94 195 196 196 192 192 193 199 194 194 194 194 194 194 194 194 193 193
 193 194 194 195 195 195 188 198 194 193 205 200 188 192 203 210 106 119
 121  83  89  94 158 202 190 204 193 199 201 198 200 200 199 198 198 197
 196 196 201 197 201 195 200 196 202 152]","[ 93 194 195 194 191 190 191 196 194 194 194 194 194 194 194 194 192 192
 192 193 193 194 194 194 202 190 195 196 183 191 220 236 211 207 117 105
 109  88  94  88 145 199 192 200 194 200 199 199 199 199 198 198 198 197
 197 197 201 197 201 195 200 196 202 151]","[ 93 193 193 193 189 189 189 193 194 194 194 194 194 194 194 194 192 192
 192 192 193 193 193 193 200 190 199 191 183 225 241 190 196 175 117  87
 103 103 110  94 127 194 197 195 197 201 195 199 197 197 197 197 198 198
 198 198 201 197 201 195 200 195 201 151]","[ 94 193 192 192 189 189 188 192 193 193 193 193 193 193 193 193 193 193
 193 193 193 193 193 193 195 189 197 198 200 225 212 154 119 109 109  79
  87  83  94  93 112 186 203 193 199 201 191 198 195 195 196 197 198 199
 199 200 200 197 200 194 200 195 201 151]","[ 95 193 191 192 191 191 190 192 193 193 193 193 193 193 193 193 194 194
 194 193 193 193 193 193 198 185 190 207 187 142 147 195 194 136 102  65
  86  93  97 100 104 171 207 195 201 199 190 196 194 194 195 196 197 198
 199 200 200 196 200 194 199 195 201 150]","[ 94 191 189 191 191 193 191 193 192 192 192 192 192 192 192 192 193 193
 193 193 192 192 192 192 193 194 193 187 143  77  90 169 251 219 176 124
 102  77  68  85 100 148 205 198 199 195 191 194 194 194 195 196 197 198
 199 199 199 196 200 193 199 194 200 150]","[ 91 188 186 189 190 193 191 192 192 192 192 192 192 192 192 192 191 191
 191 190 190 189 189 189 187 195 199 171 112  68  68  87 181 250 248 230
 154  84  66 103  96 122 197 199 196 192 195 193 195 195 195 196 196 197
 197 198 199 195 199 193 199 194 200 150]","[ 88 186 184 186 189 192 190 191 192 192 192 192 192 192 192 192 189 189
 189 188 187 187 187 186 193 178 196 184 108  63  68  68 113 170 143 131
 117 102  75  81  92 105 191 200 194 189 199 193 195 195 195 196 196 196
 197 197 199 195 199 193 198 194 200 150]","[ 89 180 183 191 190 193 194 190 192 192 191 191 190 189 189 189 190 189
 189 188 188 187 187 187 183 190 184 124  88  56  66  66  63  73  73  71
  89 111 100  72  86  95 154 204 196 189 198 191 195 195 195 195 196 196
 196 196 196 198 194 197 193 200 197 148]","[ 92 181 182 189 187 190 192 189 189 189 189 189 189 188 188 188 189 188
 188 188 187 187 186 186 197 181 140  89  76  65  60  54  64  74  76  73
  82  97  95  81  80  78 132 192 193 185 195 199 195 195 196 196 197 197
 198 198 195 196 193 196 192 198 196 148]","[ 97 181 178 184 182 184 187 185 189 189 190 190 190 190 190 191 191 190
 190 190 190 189 189 189 191 164  98  62  64  72  54  51  49  59  70  75
  80  90 102 108  78  70 121 189 201 188 191 196 189 189 190 191 192 193
 194 194 192 192 189 194 189 194 193 147]","[ 72 151 145 150 147 149 151 152 155 155 156 156 157 158 158 158 158 158
 158 158 158 157 157 157 165 146  81  61  60  73  51  58  38  45  60  74
  80  86 102 119 108  97 125 169 180 173 173 173 184 184 185 187 188 189
 190 191 192 191 188 195 189 193 193 151]","[ 61 136 126 131 128 129 132 133 130 130 130 131 132 132 133 133 132 132
 132 133 133 133 133 133 150 127  71  59  56  69  52  61  42  43  54  71
  76  73  81  95 136 125 124 131 136 144 149 147 136 137 138 139 141 142
 143 144 146 145 142 150 144 147 148 109]","[ 71 143 131 138 135 134 136 139 135 135 135 135 136 136 136 136 136 136
 136 136 137 137 137 137 149 104  56  47  48  61  58  55  40  37  46  62
  69  65  67  74 106 114 120 124 134 143 142 136 140 140 141 142 143 144
 145 145 146 144 142 151 144 146 149 113]","[ 67 137 124 132 130 127 129 132 132 132 132 132 132 131 131 131 131 131
 131 132 132 133 133 133 134  77  52  44  42  48  67  56  33  33  41  56
  65  66  69  74  74  95 117 136 150 149 140 139 140 140 141 141 142 142
 143 143 143 139 138 148 141 141 146 112]","[ 69 138 126 134 132 129 130 133 133 133 133 132 131 131 130 130 130 130
 131 131 132 132 133 133 108  57  60  52  40  37  73  63  37  38  45  56
  64  67  70  75  87  99 113 130 141 132 130 146 140 140 141 141 141 141
 141 141 141 138 137 147 140 140 145 113]","[ 70 130 131 134 125 131 128 130 127 127 128 128 129 129 129 129 132 124
 127 130 125 127 132 129  85  73  58  48  41  40  47  56  44  53  62  64
  63  65  74  82  93 102 120 136 139 134 135 140 137 137 138 138 138 139
 139 139 136 142 136 139 137 139 141 110]","[ 68 127 127 131 122 128 125 127 126 126 126 127 127 127 128 128 128 122
 125 129 125 127 131 126  95  79  60  49  43  40  41  44  52  58  64  66
  65  70  80  90  96 105 122 136 139 134 134 139 136 137 137 137 138 138
 138 139 136 142 136 139 137 139 140 110]","[ 65 123 123 126 118 125 121 123 123 123 123 124 124 125 125 125 124 119
 124 128 124 127 128 120  97  80  61  52  47  43  39  39  62  65  66  66
  67  75  88  99 100 110 125 136 137 133 133 137 135 135 136 136 137 137
 137 137 135 141 135 138 136 138 139 109]","[ 63 120 119 122 115 123 119 120 120 120 121 121 121 122 122 122 121 118
 123 126 122 125 123 110  86  73  61  55  51  47  46  48  69  68  66  65
  69  79  94 105 105 115 128 136 135 132 132 134 134 134 134 135 135 135
 136 136 134 140 134 137 135 137 138 108]","[ 63 119 116 119 114 122 118 118 118 118 118 118 119 119 120 120 121 119
 123 124 120 122 118 101  73  68  63  58  52  49  54  61  70  67  64  64
  71  83  96 105 108 119 130 134 133 131 131 132 132 132 133 133 133 134
 134 134 132 138 133 135 133 135 137 106]","[ 63 117 113 117 112 121 117 117 116 116 116 117 117 118 118 118 120 119
 122 122 118 122 116  96  69  67  65  60  53  49  56  67  69  66  65  68
  77  88  98 104 109 121 130 132 130 130 130 130 131 131 131 131 132 132
 133 133 131 137 132 134 132 134 136 105]","[ 62 115 110 114 110 120 115 114 115 115 116 116 116 117 117 117 118 117
 120 119 117 123 118  97  71  67  63  59  55  52  59  67  69  67  68  75
  86  95 101 103 109 121 130 129 127 129 130 128 129 130 130 130 131 131
 131 132 130 136 131 133 131 133 135 104]","[ 61 114 108 112 108 118 113 113 115 115 115 116 116 116 117 117 115 115
 118 117 117 125 121 100  73  65  59  57  57  57  61  67  69  69  72  81
  92 101 103 103 109 121 130 128 126 128 129 128 129 129 129 130 130 130
 131 131 130 136 130 133 131 133 135 104]","[ 61 113 109 113 106 112 109 114 112 112 113 113 114 115 116 116 115 115
 116 117 118 118 117 117  76  69  62  58  58  60  62  64  70  69  72  83
  95 101 102 102 118 121 123 125 124 125 126 128 130 130 130 130 130 130
 130 130 129 132 127 133 132 131 133 106]","[ 60 112 107 112 105 111 108 113 110 110 111 111 112 113 114 114 116 117
 118 119 119 119 119 118  87  72  60  59  62  63  65  68  71  71  76  86
  95 100 102 104 121 123 126 127 127 127 128 130 130 130 130 130 130 130
 130 130 129 132 127 133 131 131 133 106]","[ 60 112 108 113 106 112 109 114 112 112 112 113 114 115 115 116 119 119
 120 121 122 121 121 121 103  77  57  59  67  67  68  73  72  73  80  91
  96  97 102 108 124 126 129 130 129 129 130 132 130 130 130 130 130 130
 130 130 129 132 127 133 131 130 132 105]","[ 62 115 111 117 111 116 113 117 117 118 118 119 120 121 121 121 121 122
 123 124 124 124 124 123 118  83  57  59  69  69  70  75  72  74  83  94
  97  95 102 112 125 127 130 131 130 130 131 132 130 130 130 130 130 130
 130 130 129 132 126 132 130 129 131 103]","[ 66 119 116 122 116 122 118 122 121 121 122 123 124 124 125 125 123 124
 125 126 126 126 126 125 126  91  62  59  67  69  70  74  72  73  83  95
  97  94 101 114 125 127 130 130 129 129 130 131 130 130 130 130 130 130
 130 130 128 131 126 131 129 128 129 102]","[ 67 120 118 125 119 124 120 124 121 121 122 123 124 124 125 125 125 125
 126 127 127 127 127 127 127 101  73  62  64  68  70  71  70  70  79  94
  97  93 100 115 125 127 129 130 129 128 129 130 130 130 130 130 130 130
 130 130 128 131 125 130 128 127 128 101]","[ 65 118 117 124 118 123 119 123 121 121 122 123 123 124 125 125 125 126
 127 128 128 128 127 127 126 111  87  66  62  68  71  68  69  65  74  92
  97  93  99 114 126 128 130 130 129 129 129 130 130 130 130 130 130 130
 130 130 128 131 125 130 127 126 127 100]","[ 62 116 114 122 116 121 117 120 122 122 123 124 125 125 126 126 125 126
 127 128 128 128 128 127 124 118  96  70  60  68  71  66  68  63  71  90
  97  93  99 113 127 129 131 131 130 129 130 131 130 130 130 130 130 130
 130 130 128 131 125 130 127 126 127  99]","[ 52 122 115 114 123 121 135 112 121 121 121 122 123 124 126 127 122 124
 126 127 127 126 124 122 123 120 104  80  66  67  68  66  63  66  70  85
 100  97  96 110 118 130 130 127 131 131 127 130 130 130 130 130 130 130
 130 130 130 132 125 130 127 126 128 101]","[ 73 122 110 116 120 104 122 120 124 124 124 124 126 127 129 130 126 127
 129 131 131 129 127 126 130 129 114  89  71  69  71  69  65  67  70  84
  98  95  93 105 119 132 132 129 134 133 129 132 132 132 132 132 132 132
 132 132 133 135 129 133 131 130 132 105]","[ 53 107 111 119 123 108 121 122 119 119 119 120 121 123 124 125 123 124
 125 126 126 125 124 123 122 125 114  87  66  61  64  65  69  72  74  85
  99  96  92 102 112 126 128 125 129 128 124 128 127 127 127 127 127 127
 127 127 129 131 125 129 127 126 128 101]","[ 76 139 140 120 114 110 118 110 123 123 124 124 125 127 129 130 129 129
 130 131 131 130 129 129 124 131 123  97  73  67  70  73  69  72  73  83
  98  97  92  99 115 131 134 131 134 133 130 135 133 133 133 133 133 133
 133 133 133 136 129 135 132 132 134 107]","[ 76 116 105  76  70  76  99 117 120 120 120 121 122 123 125 126 126 126
 126 127 127 126 126 126 124 133 127 100  75  66  68  70  67  72  72  81
  97  98  93  98 110 127 132 129 132 130 128 133 131 131 131 131 131 131
 131 131 129 132 126 131 129 128 131 104]","[ 36  45  42  43  45  39  65 119 121 121 121 122 123 125 126 127 127 127
 127 127 127 127 127 127 125 133 127 101  75  65  64  64  72  77  77  84
 101 104  98 100 108 127 133 131 133 131 129 135 132 132 132 132 132 132
 132 132 129 132 126 131 130 129 132 105]","[ 39  36  38  46  46  24  35  95 125 125 125 126 127 129 130 131 130 130
 130 129 129 130 130 130 125 133 128 105  82  73  71  69  71  76  74  80
  96  99  92  92 108 128 135 133 135 133 131 138 134 134 134 134 134 134
 134 134 132 135 129 134 133 133 135 108]","[ 29  30  27  22  24  20  35  89  97  97  98  98  99 101 103 104 102 102
 101 101 101 101 102 102  97 105 102  83  65  59  58  55  60  65  62  66
  81  84  76  74  78  98 106 104 105 103 102 109 105 105 105 105 105 105
 105 105 103 106 100 106 104 104 107  80]"
