"[25 22 20 21 24 24 22 20 24 24 23 22 21 20 19 19 17 18 18 18 19 19 20 20
 20 20 20 19 19 19 19 19 18 18 18 19 19 20 20 21 20 20 21 22 22 23 23 23
 20 20 20 22 24 25 25 24 22 27 28 24 24 33 44 51]","[21 18 15 14 15 14 11  9  7  7  8  8  9 10 10 11  9 10  9  8  8  8  7  7
  7  6  6  6  6  6  6  6  7  7  7  7  7  8  7  8  8  9 12 14 15 14 13 11
 14 14 16 18 21 22 22 22 29 22 16 22 41 59 63 57]","[30 27 24 22 21 19 16 13 13 12 12 12 12 11 11 11  9  9  8  7  5  4  3  3
  1  1  2  2  3  3  4  3  3  3  3  3  4  5  4  4  5  6 11 14 15 13 10  8
 11 12 14 16 18 20 20 20 25 22 23 36 60 76 72 60]","[37 36 34 33 32 30 28 27 23 22 20 17 14 11  9  8 12 12 11 11 10  9  8  8
  8  8  8  8  8  8  8  8  6  6  6  6  6  6  7  7  7  9 12 15 16 15 14 13
 15 17 18 19 18 19 20 21 19 33 50 61 68 69 64 57]","[27 27 27 28 27 27 26 27 34 33 31 30 28 26 24 24 17 16 15 13 12 11  9  9
  9  9  9  8  8  8  6  6  6  6  6  6  6  6  6  6 10 10 10 10 12 14 14 16
 21 22 22 20 18 18 21 24 35 52 68 72 68 64 61 59]","[18 20 21 21 20 20 19 21 27 28 29 31 33 35 36 37 31 30 28 25 22 19 17 16
 12 11 11 10  7  7  6  6  7  7  6  5  6  6  6  5 11 10  9  9 11 13 16 18
 21 22 22 20 18 21 29 35 62 65 66 65 68 71 70 65]","[30 31 31 28 24 21 21 23 10 11 13 14 16 17 19 20 31 31 30 29 28 26 26 25
 22 21 19 17 15 13 12 11 11 10 10 10  9  9  8  8 10 10 11 12 13 16 18 19
 18 20 21 21 23 31 44 54 69 68 65 63 68 74 73 68]","[45 46 45 40 33 28 27 28 23 23 22 21 19 18 17 16 11 12 13 15 17 19 20 21
 30 29 27 24 22 19 18 17 12 12 11 11 10 10  9  9  5  7  9 12 13 14 14 14
 16 19 21 23 29 41 59 72 57 66 72 71 68 68 68 66]","[60 92 91 85 79 68 67 57 43 40 36 31 27 24 23 22 19 17 15 15 16 16 15 12
 19 17 14 14 16 18 18 17 19 20 20 20 19 17 15 14 10 12  9 11 18 15 13 23
 19 14 19 38 57 66 66 65 65 65 71 71 69 76 75 58]","[ 62  96  98  98 100  95 100  94  97  93  85  75  65  56  50  47  39  36
  31  27  23  20  15  11  14  12  11  12  15  18  19  19  15  15  15  15
  13  12  12  11  16  18  12  10  15  12  14  27  36  35  40  50  61  66
  65  63  68  68  72  72  70  78  77  61]","[48 81 83 83 86 83 90 84 89 88 88 88 89 90 92 92 79 75 69 64 59 54 48 45
 27 23 18 15 12 10  6  4 14 14 14 15 16 18 20 21 14 18 15 14 18 16 20 36
 50 53 56 58 62 65 66 64 71 70 74 73 70 79 80 65]","[50 82 82 80 80 76 82 77 80 80 80 81 82 83 84 84 94 92 89 88 87 86 83 81
 75 70 62 54 47 39 32 27 17 16 13 12 10 10 10  9  3 11 12 14 19 19 26 44
 56 55 53 52 57 65 69 68 73 72 75 73 70 80 81 67]","[50 83 84 83 85 82 90 85 85 84 83 81 79 77 75 74 78 77 76 77 79 80 79 77
 87 85 82 79 78 75 72 69 54 50 43 35 27 20 16 14 10 14 11  9 16 20 34 57
 63 51 41 43 54 64 70 72 74 72 75 73 71 80 82 67]","[47 80 81 81 82 79 85 79 79 80 81 83 84 84 84 84 78 76 74 73 73 72 70 68
 68 68 68 71 73 75 74 72 80 78 73 67 62 57 53 52 42 39 27 19 24 32 48 73
 73 51 36 44 55 61 67 76 74 73 76 75 73 82 82 67]","[55 89 91 90 90 84 88 82 90 90 89 87 84 80 77 75 88 85 82 80 79 77 74 72
 72 71 71 72 73 72 69 66 64 64 64 65 64 64 63 62 60 57 45 40 45 47 55 73
 77 50 38 52 60 55 62 81 74 74 79 79 76 84 84 68]","[48 83 88 90 92 88 93 87 88 89 90 91 91 90 89 88 81 79 77 77 77 76 74 72
 74 73 72 71 70 68 64 61 60 61 62 62 61 59 57 56 51 54 51 53 59 53 49 57
 73 46 40 59 64 50 59 86 75 76 81 82 79 87 85 69]","[49 91 91 89 96 90 94 95 94 94 94 94 93 92 91 90 87 88 88 87 85 81 77 75
 76 75 72 69 68 69 70 71 63 63 62 60 59 57 56 56 52 55 50 48 53 52 56 72
 81 57 41 41 73 53 58 81 77 74 79 82 81 86 86 73]","[52 93 93 91 97 92 95 96 95 95 95 96 95 95 94 93 93 94 94 93 91 88 84 82
 81 79 76 74 72 72 73 74 67 66 65 64 62 61 60 59 55 58 53 51 56 55 59 74
 88 64 47 45 77 57 60 82 79 76 81 85 83 88 88 75]","[55 96 95 93 99 93 95 97 95 96 97 98 98 98 97 97 98 98 98 98 96 93 90 88
 87 85 82 79 78 77 77 77 73 72 71 69 67 66 65 64 59 62 57 55 59 58 62 78
 92 68 51 48 79 60 62 81 82 79 84 87 85 90 90 77]","[57 98 97 94 99 93 95 96 95 96 97 98 99 99 99 99 97 98 97 97 95 93 91 90
 91 90 87 85 82 81 80 80 77 77 75 74 72 70 68 68 63 66 60 58 63 61 65 81
 90 67 50 45 78 61 62 78 84 81 86 89 86 91 91 78]","[57 97 97 93 99 93 95 96 96 96 98 99 99 99 99 99 97 97 97 96 95 94 93 92
 94 93 91 88 86 84 83 82 81 80 79 77 75 73 71 70 66 69 63 61 65 64 67 83
 86 66 48 44 78 63 63 77 85 82 87 89 87 92 91 78]","[ 56  97  97  94 100  94  97  98  98  98  99 100 100 100  99  99 100 100
  99  98  98  97  97  97  95  95  94  92  90  88  87  86  85  84  82  80
  78  75  74  73  70  73  67  64  69  67  70  86  87  67  50  45  80  67
  66  77  87  84  88  91  88  93  92  79]","[ 57  98  98  95 102  96 100 101 101 101 102 102 102 101 100 100 103 102
 102 101 101 101 101 101  97  97  96  95  94  92  91  90  88  87  86  83
  81  78  77  76  75  77  71  68  72  70  74  89  89  70  52  45  81  68
  66  74  90  86  91  93  91  95  94  81]","[ 58  99  99  97 104  99 102 104 104 104 104 104 104 103 101 101 103 103
 102 101 101 102 102 103  98  98  98  98  97  95  94  93  91  90  88  86
  83  81  79  78  78  80  74  71  75  73  77  92  90  71  52  44  79  66
  63  69  92  89  93  95  93  97  96  83]","[ 57 103 104  99 104 101 104 104 103 103 104 104 104 104 104 105 104 104
 104 105 105 105 106 106 104 103 102 101 100 100 101 101  96  95  92  89
  85  82  80  78  79  78  79  78  66  57  69  89  83  54  43  57  60  48
  54  76  94  93  97  92  93  99  91  89]","[ 57 103 105  99 105 101 105 104 103 104 104 104 105 105 105 105 104 105
 105 105 106 106 106 107 107 106 105 104 104 104 104 105 102 101  99  95
  92  88  85  84  86  79  75  73  65  56  61  74  60  39  34  49  51  40
  48  71 103  85  85  98 107 104  90  85]","[ 57 104 105 100 105 101 105 105 104 104 105 105 105 106 106 106 106 106
 106 106 107 107 108 108 111 111 110 109 109 109 109 110 108 107 105 102
  98  94  91  89  91  81  77  79  76  66  59  60  44  33  35  47  45  34
  42  62  94  93  97  98  94 103 115 113]","[ 58 104 106 101 106 102 106 105 105 105 105 106 107 107 108 108 107 107
 108 108 108 109 109 109 114 113 113 112 112 112 113 113 110 109 108 105
 102  98  94  92  91  86  85  88  86  74  63  58  50  47  52  58  51  39
  43  58  86 106 107  90  88 130 166 144]","[ 59 105 107 101 107 103 107 106 105 106 106 107 108 109 110 110 109 109
 109 110 110 110 111 111 114 114 113 113 113 114 114 115 113 113 112 111
 108 104 101  99  95  90  85  81  73  64  59  58  61  64  68  69  62  54
  55  62  90  97  94 108 132 178 199 144]","[ 60 106 108 102 108 104 108 107 106 106 107 108 109 110 111 112 110 110
 111 111 112 112 112 112 114 114 113 113 114 114 115 116 117 118 119 119
 117 114 111 108 103  95  81  64  52  47  51  57  63  66  69  69  69  70
  70  68  76  73  93 159 185 191 198 144]","[ 60 106 108 103 108 104 108 108 106 107 108 109 110 112 112 113 111 112
 112 112 113 113 113 114 115 114 114 114 115 115 116 117 120 121 123 124
 124 121 118 116 108 100  85  69  57  53  55  57  58  60  60  61  70  81
  80  72  58  58  94 182 200 185 197 151]","[ 61 107 108 103 108 105 108 108 107 107 108 109 111 112 113 114 112 112
 113 113 113 114 114 114 115 115 115 115 115 116 118 118 120 122 124 126
 126 124 121 119 109 105  97  87  79  73  66  61  55  56  53  53  68  85
  84  71  62  54  76 161 192 197 211 147]","[ 58 106  99 107 103 109 105 109 109 109 109 109 110 110 110 110 110 110
 111 112 113 113 114 114 113 113 114 115 115 116 117 117 123 124 125 126
 126 126 126 126 101 108 100  88  84  72  57  53  51  36  35  57  80  85
  80  77  62  66  60 168 198 197 202 157]","[ 60 109 103 110 106 112 107 111 110 110 111 111 111 112 112 112 114 115
 115 116 117 118 118 118 118 118 119 120 121 121 122 122 125 127 128 131
 132 134 134 134 106  99  88  85  82  64  42  34  48  39  43  65  84  84
  75  71  64  69  70 173 200 197 202 156]","[ 56 107 103 108 103 109 104 107 106 107 107 107 108 108 109 109 112 112
 112 113 114 115 115 116 117 117 118 118 119 120 121 121 122 123 125 127
 128 129 129 129 108  88  74  77  79  62  39  26  43  45  58  80  91  84
  72  66  65  71  87 181 203 198 203 154]","[ 56 111 108 112 106 112 107 108 110 110 111 111 112 113 113 114 114 114
 115 116 117 117 118 118 121 121 122 123 123 124 125 125 126 127 127 127
 127 126 126 125 106  84  69  68  70  70  58  41  40  52  74  95  99  86
  71  64  62  69 104 189 205 199 207 155]","[ 66 124 124 127 120 128 123 123 127 127 128 129 130 130 131 131 132 133
 133 134 135 136 136 136 140 140 141 142 142 143 144 144 145 145 146 146
 146 146 145 144 109  90  74  61  58  75  80  60  37  56  84 102 100  84
  68  62  57  66 121 195 205 199 211 157]","[ 71 133 135 137 130 139 135 133 139 139 140 141 142 143 144 145 148 148
 149 150 150 151 152 152 156 156 157 157 158 159 159 160 159 161 163 165
 167 169 169 170 127 100  82  66  53  71  84  66  40  62  88 101  95  78
  64  58  56  65 137 200 205 199 215 160]","[ 68 133 136 139 132 142 138 136 141 141 142 143 145 146 147 147 151 151
 152 153 153 154 155 155 158 158 159 160 161 161 162 162 163 165 167 170
 173 175 176 177 152 106  87  83  64  64  73  62  52  72  94 101  91  75
  62  56  60  69 152 205 205 199 217 162]","[ 67 133 138 140 133 144 140 137 142 142 143 144 146 147 148 149 150 150
 151 152 153 153 154 154 157 157 158 159 159 160 161 161 164 165 167 169
 171 172 173 173 170 107  89 100  79  61  64  59  64  82 100 103  91  75
  63  57  64  72 162 209 205 199 219 162]","[ 67 143 132 137 136 137 139 139 141 143 144 144 144 145 148 150 150 150
 150 151 153 155 156 157 158 158 159 160 162 163 164 164 168 168 168 169
 170 172 173 174 174 135  95  89  96  80  66  73  67  74  86  94  86  69
  59  59  55  96 183 207 207 204 217 161]","[ 67 143 132 138 136 138 140 140 142 143 145 145 144 145 148 150 151 151
 151 152 153 154 156 157 158 158 159 160 161 162 163 164 167 167 167 167
 169 170 172 173 175 152 115  93  90  83  72  68  69  71  77  84  81  69
  60  58  62 117 191 206 207 205 213 161]","[ 68 143 133 138 137 139 141 141 142 144 145 145 145 146 149 151 153 153
 153 153 153 154 155 156 157 158 159 160 161 162 163 163 167 167 167 168
 169 171 172 173 177 172 146 108  89  88  80  66  70  68  69  74  75  69
  61  58  72 149 202 203 207 207 209 162]","[ 68 143 133 139 137 140 142 142 143 145 146 146 146 147 149 152 155 155
 154 154 154 155 155 156 157 158 159 160 161 162 163 164 169 169 169 170
 171 173 174 175 179 182 169 132  99  90  84  69  70  69  71  73  72  68
  64  61  81 177 209 201 207 210 208 164]","[ 68 144 134 140 138 141 143 144 144 145 147 147 146 147 150 153 156 155
 155 154 155 155 156 157 158 159 160 161 162 163 164 164 168 168 169 169
 171 172 174 175 177 176 177 155 111  87  81  72  69  75  79  77  71  67
  66  66  89 195 209 201 206 213 210 166]","[ 68 144 134 140 139 142 145 145 145 146 147 148 147 148 151 153 156 155
 155 155 156 157 158 158 160 160 161 162 163 164 165 166 167 167 167 168
 169 171 172 173 177 168 178 168 119  86  80  72  74  81  84  77  69  65
  66  67 100 205 207 207 206 216 216 167]","[ 69 144 135 141 140 143 146 146 145 147 148 148 148 149 151 154 155 155
 155 155 156 158 159 160 161 162 162 164 165 166 167 167 170 170 170 170
 172 173 175 176 181 170 182 173 122  92  87  73  82  85  81  71  64  64
  65  64 113 209 205 216 208 219 222 166]","[ 69 144 135 141 140 143 146 146 146 147 148 148 148 149 152 154 154 154
 155 156 157 159 161 162 162 163 163 165 166 167 168 168 174 174 174 175
 176 178 179 180 187 178 189 174 123 100  96  75  89  86  75  63  59  64
  64  60 122 211 204 223 209 220 225 165]","[ 66 144 138 145 142 143 145 145 150 151 152 153 154 155 156 157 159 160
 161 163 165 166 168 168 168 168 169 171 173 174 175 176 177 177 176 177
 177 178 179 180 182 182 178 185 123 119  84  96  94  81  70  70  59  54
  65  61 121 213 213 214 217 215 225 162]","[ 72 151 144 151 149 150 151 152 154 154 155 156 157 158 159 160 162 163
 164 165 167 168 169 170 170 170 171 173 175 176 177 178 179 179 179 179
 180 181 182 183 185 185 182 182 120 116  85  99  93  82  71  67  60  58
  65  61 130 214 214 215 218 217 226 165]","[ 77 156 149 156 153 154 156 156 157 158 159 160 161 162 163 164 166 167
 168 168 169 170 171 171 172 172 173 175 177 178 179 180 181 181 181 181
 182 184 185 186 189 190 188 179 117 112  87 101  92  84  74  64  60  64
  64  61 147 216 216 218 219 221 229 170]","[ 76 155 148 155 153 153 155 156 159 160 161 162 163 164 165 165 169 169
 169 170 171 171 172 172 173 173 175 176 178 179 180 181 182 182 183 183
 184 186 187 188 190 193 195 176 117 110  90 100  93  85  76  60  60  66
  59  64 167 217 218 222 221 226 231 175]","[ 75 153 147 154 151 152 154 154 159 160 160 162 163 164 165 165 169 169
 169 170 170 171 171 172 173 174 175 176 178 179 181 181 183 183 183 184
 185 187 189 190 190 195 199 172 117 108  92  97  94  84  78  58  61  66
  53  74 187 217 220 226 224 231 233 179]","[ 76 154 148 155 152 153 155 155 158 159 160 161 162 163 164 165 168 168
 169 170 171 171 172 173 174 175 176 177 179 181 182 182 184 184 185 186
 187 189 191 192 192 195 200 163 115 107  96  95  95  81  78  59  65  67
  52  93 204 216 222 230 227 235 233 180]","[ 77 155 149 156 153 154 156 156 158 159 160 161 162 163 164 165 167 168
 169 170 172 173 174 175 176 177 178 179 181 183 184 184 187 187 187 188
 190 192 194 195 197 196 197 152 111 106 100  97  94  76  78  63  71  69
  56 117 216 215 224 234 229 238 233 181]","[ 76 155 148 155 153 153 155 155 159 159 160 161 162 164 165 165 167 168
 169 171 173 175 176 177 178 179 180 181 183 185 186 186 189 189 189 191
 192 195 196 198 202 197 194 144 107 105 104  99  94  73  78  66  76  72
  60 134 222 214 224 236 230 240 232 180]","[ 72 153 148 155 151 154 160 164 160 160 161 162 163 164 165 166 169 170
 170 171 172 173 174 174 178 179 180 182 183 185 186 187 190 191 192 193
 194 195 196 197 198 202 190 117 119 109  91 105  88  75  72  58  76  65
  60 165 222 223 230 225 235 235 240 185]","[ 76 157 152 158 154 155 160 163 163 163 164 165 167 168 169 169 171 172
 173 174 176 177 178 178 181 182 183 184 186 188 189 189 194 194 195 196
 198 199 200 200 202 206 178 121 118 110  96 105  90  77  73  59  76  72
  80 188 219 220 228 224 234 234 238 182]","[ 77 157 152 159 154 154 156 158 161 162 163 164 165 166 167 167 168 169
 170 172 174 176 177 178 179 180 181 182 184 186 187 187 191 191 192 193
 194 195 196 197 197 201 150 119 108 105  98  99  79  70  66  55  69  68
  89 196 227 229 238 235 245 244 246 190]","[ 82 162 157 165 162 162 162 162 165 166 167 168 169 170 171 172 171 172
 173 176 178 180 182 182 184 185 186 187 189 190 192 192 193 194 195 196
 197 198 199 200 203 201 135 125 111 110 108 104  80  76  74  67  76  75
 107 207 219 221 231 228 238 236 238 181]","[ 75 155 150 159 158 158 159 158 161 161 162 163 164 165 166 167 166 167
 168 170 173 175 176 177 180 181 182 183 185 187 188 188 191 191 192 193
 194 195 196 197 204 189 123 122 107 104 102  95  81  77  71  66  71  74
 121 216 225 228 237 235 244 242 243 188]","[ 81 159 153 161 161 163 164 163 166 167 168 169 170 171 172 172 172 173
 174 176 178 180 181 182 185 186 187 189 190 192 193 194 198 199 199 201
 202 203 204 204 208 174 125 120 111 103  98  92  84  76  63  59  62  71
 133 224 224 225 234 231 240 239 241 187]","[ 89 165 157 164 164 166 167 166 168 168 169 170 171 173 173 174 174 175
 176 177 179 180 181 181 185 185 186 188 190 191 192 193 196 197 197 199
 200 201 202 202 202 151 129 116 118 109 101 100  88  81  66  67  68  75
 139 219 230 231 238 234 243 242 245 193]","[ 57 132 122 128 127 129 130 128 128 128 129 130 131 132 133 134 135 136
 136 137 138 139 140 140 142 143 144 146 147 149 150 151 150 151 152 153
 154 155 156 156 161 100  99  81  93  86  77  80  65  62  52  58  56  56
 112 181 171 172 178 174 184 184 189 134]"
