"[31 33 28 31 31 28 31 28 30 29 29 30 30 29 29 30 30 29 29 29 29 29 29 30
 29 29 29 30 29 29 29 29 30 30 29 29 29 29 29 30 29 29 29 29 29 29 29 29
 29 29 29 29 29 29 30 30 29 29 29 29 29 28 28 29 29 29 29 29 29 28 29 29
 28 30 30 29 28 29 30 29 28 29 30 29 29 30 30 29 29 29 29 29 30 30 30 29
 28 29 30 29 29 29 29 29 29 29 29 29 29 28 29 29 29 29 29 29 29 29 28 28
 29 29 29 28 29 29 29 29 28 28 28 29 29 29 29 29 30 29 28 28 29 30 29 29
 29 29 29 29 29 29 29 29 29 30 29 28 27 29 30 29 29 29 30 29 28 28 29 29
 29 28 29 29 28 29 30 29 28 28 29 30 30 29 29 29 29 29 29 29 28 28 29 30
 29 29 28 32 30 30 28 31]"
"[33 29 31 26 26 27 29 30 28 28 28 29 29 29 29 30 29 28 28 29 29 29 29 29
 30 30 30 30 29 28 29 30 29 29 30 30 29 28 28 29 30 30 30 30 29 29 29 28
 28 29 29 29 29 29 28 28 30 29 29 29 29 29 29 30 30 28 28 28 29 29 29 29
 29 29 29 29 29 30 29 28 29 30 30 29 29 29 29 29 29 29 29 29 29 29 28 28
 29 29 29 29 28 29 29 29 29 29 29 30 30 29 29 29 29 28 28 28 28 29 29 30
 29 29 29 29 29 29 29 28 29 30 30 30 30 29 29 29 28 29 29 29 29 28 29 29
 29 29 29 29 29 29 29 29 27 29 30 30 31 31 30 28 30 29 28 28 28 29 30 30
 29 29 30 30 29 29 29 27 29 29 29 28 28 29 30 29 28 29 31 31 30 29 29 28
 31 28 27 29 27 28 34 26]"
"[28 31 66 65 68 68 62 65 64 66 66 65 64 64 64 63 66 65 65 66 66 66 66 66
 66 66 67 67 67 66 65 65 63 64 64 64 61 59 59 60 62 63 63 63 62 62 61 61
 60 60 59 59 59 59 58 58 58 57 56 57 57 56 56 57 57 55 53 54 55 56 54 53
 52 52 52 52 52 53 53 51 49 49 48 46 45 45 44 43 42 41 40 39 38 38 38 39
 36 36 35 34 34 34 34 33 31 31 31 32 32 32 32 32 33 33 31 30 30 31 32 33
 32 32 32 31 32 32 31 30 29 30 30 31 31 30 29 29 33 35 38 40 40 42 44 46
 44 44 45 46 46 47 48 48 49 50 50 49 48 46 42 39 33 31 28 27 27 26 24 22
 24 23 24 23 22 23 25 23 19 20 20 19 19 21 21 19 19 17 16 16 20 26 34 39
 46 44 47 51 49 44 48 29]"
"[29 28 73 67 71 70 69 73 69 72 72 69 67 67 67 66 65 64 64 65 65 65 65 66
 67 68 70 72 72 70 68 67 69 69 68 67 64 63 62 63 64 65 65 66 66 65 65 65
 65 63 61 60 60 60 60 60 60 59 59 60 60 59 58 58 60 58 56 56 57 57 56 55
 57 57 56 55 55 56 57 57 57 57 54 51 49 49 48 47 48 47 45 44 42 43 44 46
 42 42 40 39 38 38 37 35 36 34 34 34 35 35 36 36 34 34 32 31 31 31 33 34
 32 32 32 31 32 32 32 30 29 30 30 31 32 32 32 32 29 31 32 33 33 33 34 36
 34 35 35 36 37 37 38 38 46 46 47 47 48 48 49 49 50 48 47 45 44 41 37 35
 31 30 31 29 27 26 25 23 22 22 23 24 25 24 23 22 24 23 21 19 19 20 22 24
 22 20 23 28 30 31 37 29]"
"[31 29 79 76 81 76 74 69 71 75 76 73 70 71 72 72 69 68 68 68 68 67 68 69
 67 68 70 72 72 70 68 67 70 70 69 69 68 66 65 65 65 66 66 67 68 68 68 68
 68 67 65 64 64 64 63 62 63 62 63 64 65 64 63 62 63 62 61 61 61 61 60 61
 61 60 59 58 57 57 59 62 62 62 59 56 55 54 53 51 53 53 53 52 51 52 52 53
 47 47 47 46 45 44 42 40 40 39 38 38 39 38 37 37 35 35 35 35 34 35 36 37
 35 34 33 32 33 34 33 32 31 31 32 32 33 33 34 34 33 32 31 31 30 30 31 31
 33 33 32 32 31 31 31 31 33 34 36 38 40 43 47 50 49 49 49 49 48 48 47 47
 47 47 47 45 41 37 33 28 29 26 27 29 29 25 23 24 22 22 23 24 25 25 24 24
 24 21 19 18 19 22 21 29]"
"[29 27 84 83 85 83 87 82 80 82 82 80 77 76 78 78 73 73 72 72 71 71 70 71
 73 72 72 73 73 73 72 72 70 70 71 72 72 71 69 68 69 69 69 70 71 72 72 73
 71 70 70 69 69 68 66 65 64 64 65 67 68 67 66 65 64 64 64 63 63 62 63 64
 66 65 65 63 62 61 64 67 64 64 62 60 59 60 59 57 53 55 56 57 57 57 56 55
 55 55 55 54 54 53 51 49 45 45 45 46 46 44 41 39 41 41 41 40 39 38 38 38
 38 37 35 34 35 36 36 35 34 33 33 33 33 33 34 34 33 32 31 32 33 35 35 35
 32 31 31 30 29 29 29 29 30 30 31 32 32 32 34 36 38 39 39 40 41 43 46 49
 51 49 48 47 44 43 43 41 41 39 38 38 37 34 33 35 33 31 28 25 24 24 25 26
 23 22 23 23 24 25 17 30]"
"[29 31 98 98 94 90 93 89 87 87 87 85 84 82 82 82 81 80 80 80 79 77 76 76
 77 75 74 74 74 74 74 75 73 74 74 75 74 73 72 72 74 73 73 73 74 74 75 76
 73 73 72 71 70 69 68 68 67 67 67 69 70 70 68 67 67 66 66 65 65 64 64 65
 65 64 65 64 63 62 63 65 65 65 64 63 63 64 64 62 60 60 61 62 63 62 61 60
 60 60 61 59 58 57 56 54 52 52 53 54 54 51 48 46 47 47 47 46 43 41 40 40
 40 39 37 37 38 39 38 36 36 36 36 35 35 35 34 34 34 33 32 32 33 34 34 34
 34 33 33 33 33 33 33 33 32 31 31 32 32 30 30 31 33 33 33 33 34 36 39 41
 42 40 39 39 39 42 46 47 45 46 45 44 43 43 44 45 43 42 40 37 35 33 31 29
 28 26 26 24 23 24 21 29]"
"[ 29  29 103 105 101 102 101  98  97  95  94  95  95  94  92  92  89  89
  89  89  88  86  84  83  83  82  81  81  81  81  80  80  81  80  80  78
  77  76  77  79  80  79  79  78  78  78  79  79  79  77  75  73  72  72
  73  74  71  70  70  71  72  71  70  69  72  71  69  69  68  67  67  67
  67  67  67  68  68  66  65  65  65  66  65  64  65  66  65  63  66  65
  64  64  64  65  65  65  65  66  66  64  62  60  59  58  57  56  56  57
  57  56  55  54  52  53  54  53  51  49  49  49  46  45  44  43  44  45
  44  42  39  39  39  39  38  37  37  36  36  36  35  36  36  37  37  37
  35  34  34  33  33  32  32  33  35  32  31  33  34  33  33  33  32  32
  32  32  32  32  33  34  32  32  34  35  34  36  37  36  37  41  44  42
  42  46  47  45  45  45  45  45  45  44  42  41  38  34  34  31  30  28
  31  29]"
"[ 29  27 107 106 107 108 105 105 102 102 101 101 100  99  98  98  97  97
  96  95  93  92  91  91  93  93  92  90  88  87  85  83  83  83  83  83
  83  82  82  82  85  85  85  87  87  87  86  86  86  86  86  85  82  79
  78  79  80  77  75  73  70  71  73  72  75  75  73  70  69  70  70  70
  71  70  69  69  68  67  66  65  65  66  65  64  64  64  65  65  66  66
  66  67  68  69  67  65  64  65  65  65  64  64  65  65  64  65  64  61
  59  59  58  57  59  57  57  58  58  57  55  55  51  50  50  52  54  54
  51  49  47  46  46  47  46  43  41  41  39  39  40  40  40  40  40  40
  36  37  38  37  36  36  36  37  35  34  33  33  36  38  36  33  34  32
  32  32  32  31  31  32  33  32  31  31  31  31  31  32  33  35  35  33
  33  36  37  37  38  39  41  42  42  42  43  44  46  47  46  44  48  48
  44  29]"
"[ 30  29 110 109 110 111 109 109 108 108 107 107 106 105 105 105 103 103
 102 101 100 100 100 100 100 100  99  97  96  95  93  91  92  91  91  90
  89  89  88  88  90  89  89  90  90  89  88  88  90  90  91  90  89  87
  87  88  87  84  82  81  80  80  81  79  76  76  75  74  74  74  74  73
  75  74  73  73  73  72  70  69  67  67  65  64  64  65  66  67  69  69
  69  69  70  70  71  70  65  66  67  68  68  67  67  67  64  65  64  63
  62  62  62  61  62  60  60  60  61  60  59  59  56  55  55  56  58  58
  57  55  54  53  53  53  52  49  47  47  50  50  48  47  45  42  40  39
  41  41  40  39  38  38  37  37  36  36  36  36  37  38  38  37  34  34
  35  35  34  34  33  33  34  33  32  32  32  32  32  33  33  35  35  33
  32  33  33  32  33  34  36  37  37  37  38  39  39  40  40  39  43  43
  42  29]"
"[ 29  29 112 111 111 112 111 112 113 112 112 112 112 111 111 111 108 108
 107 106 105 105 106 108 107 107 106 104 104 103 102 100 101 100  99  98
  97  95  94  94  95  94  93  94  94  93  91  90  91  91  91  90  90  90
  90  91  91  88  87  87  87  88  87  84  85  85  84  83  82  81  79  76
  82  81  79  79  78  77  75  73  74  72  70  68  69  70  71  71  71  72
  72  72  72  73  73  73  70  71  71  71  71  70  69  69  67  67  67  67
  66  66  66  67  65  64  63  63  63  65  64  63  62  61  61  61  62  62
  62  61  60  60  60  60  59  57  56  55  54  53  53  53  52  51  49  49
  48  46  44  43  42  42  40  39  40  39  39  39  38  38  38  39  35  37
  37  37  37  38  38  36  38  36  35  34  34  33  32  32  33  34  34  33
  31  31  31  29  30  31  33  34  33  32  33  35  33  33  33  33  37  37
  38  29]"
"[ 28  28 112 111 110 110 110 112 113 112 112 113 113 113 113 113 110 110
 110 109 107 107 108 109 109 108 108 108 108 108 107 106 106 105 104 104
 103 102 100  99 101  99  98  98  99  98  97  96  97  96  95  93  94  94
  95  95  91  89  89  90  90  90  90  88  89  89  89  89  90  89  88  85
  86  86  86  85  84  83  81  80  79  77  74  74  74  75  74  74  74  74
  75  75  75  75  75  74  74  74  74  73  73  72  72  73  73  71  70  70
  70  68  68  70  68  68  66  65  66  68  69  67  67  67  66  66  66  65
  64  63  63  63  63  63  63  62  61  61  59  58  58  59  59  58  57  56
  56  53  51  50  50  49  48  46  46  45  44  44  42  40  39  40  39  40
  39  37  38  41  42  40  40  39  38  38  36  35  34  35  36  36  36  35
  34  34  33  32  31  32  34  34  33  32  33  35  33  32  31  31  33  32
  34  28]"
"[ 29  29 112 111 109 109 109 112 111 111 112 113 113 113 113 113 112 112
 112 111 110 110 110 110 109 109 108 109 109 109 109 109 108 108 108 108
 108 107 106 105 105 104 103 104 104 104 104 103 104 103 100  98  99 101
 102 101  96  95  96  96  94  93  94  93  92  91  91  90  91  91  90  88
  87  89  90  89  88  88  88  88  85  82  81  82  83  82  81  80  80  79
  78  78  79  79  78  76  76  75  75  74  74  74  76  77  76  74  72  72
  71  69  70  71  70  70  68  66  67  70  70  69  71  71  71  70  69  67
  66  66  66  66  65  65  65  65  65  64  64  64  64  64  63  62  61  61
  62  60  58  57  58  58  57  55  55  53  51  51  50  47  45  44  45  44
  42  40  41  44  43  39  40  40  41  41  41  40  40  42  39  39  38  38
  37  37  37  37  33  34  35  36  35  34  35  37  37  34  33  31  32  30
  33  28]"
"[ 29  30 113 111 110 109 109 111 110 110 111 112 113 113 113 114 111 111
 111 112 112 112 111 111 109 109 109 109 109 109 109 110 109 109 109 110
 111 110 109 108 107 106 106 106 107 107 108 108 105 105 103 101 102 105
 106 106 104 103 103 102  99  98  99  98  99  99  97  95  95  94  93  91
  92  94  95  93  91  91  91  91  90  88  88  90  91  90  88  87  87  84
  82  81  82  83  83  81  81  80  79  77  76  76  78  79  79  77  75  74
  73  72  72  73  71  71  70  69  70  71  71  70  71  72  73  72  70  69
  68  68  70  70  69  68  67  68  67  67  66  66  66  67  66  65  65  66
  65  64  62  63  64  64  63  61  61  59  58  58  58  56  54  52  52  51
  50  48  48  48  45  41  44  45  46  46  45  43  44  45  43  42  40  39
  39  39  39  40  35  36  36  37  37  37  37  38  39  37  36  34  35  33
  35  29]"
"[ 29  30 113 112 111 111 109 111 110 110 111 112 113 113 113 114 111 111
 111 112 113 113 112 111 110 110 110 110 109 108 108 109 110 109 109 109
 110 110 110 109 108 107 107 108 108 108 109 110 108 108 108 106 107 109
 110 109 108 107 107 106 104 105 106 105 104 104 104 104 104 104 103 102
 101 102 101  98  96  97  96  95  94  92  91  93  93  92  90  90  91  90
  88  87  88  89  88  86  87  86  85  83  82  81  81  82  82  82  81  79
  78  78  78  77  76  75  74  74  75  75  74  74  73  74  75  74  72  71
  71  72  73  74  73  71  70  71  71  70  71  71  70  69  67  65  65  67
  66  66  66  66  67  67  65  64  64  64  63  63  63  64  62  60  59  59
  59  58  57  55  53  51  54  53  53  52  51  49  47  47  47  45  44  43
  42  42  42  43  40  40  40  41  41  40  40  41  41  40  39  38  39  37
  38  29]"
"[ 28  29 113 113 113 112 110 111 110 110 111 113 114 114 114 115 113 112
 112 113 114 115 114 112 111 111 111 111 109 107 108 109 111 109 108 108
 109 110 110 109 109 109 109 109 108 108 109 111 109 111 111 109 109 111
 111 109 109 108 108 109 109 111 113 112 109 110 110 110 109 108 106 105
 106 107 105 103 103 105 104 102 101  98  97  98  97  95  94  95  93  94
  94  94  95  94  92  90  89  89  89  89  88  88  87  88  87  87  86  84
  84  84  83  80  82  80  79  81  81  80  79  79  75  77  77  76  74  73
  74  75  75  75  74  72  72  73  73  72  72  72  72  71  69  67  69  71
  68  68  68  69  69  68  67  66  66  67  66  65  66  68  67  66  63  64
  65  65  63  61  62  63  61  60  58  58  58  56  53  52  51  49  48  47
  47  46  46  47  47  46  45  45  45  44  43  43  42  42  42  41  43  41
  40  30]"
"[ 29  30 114 114 113 114 114 112 113 112 113 114 114 114 114 115 113 113
 113 115 116 116 115 115 114 113 112 112 112 110 110 111 112 110 108 108
 110 110 109 107 110 109 109 109 109 109 109 109 109 109 110 110 111 111
 110 109 111 110 110 110 111 112 112 113 110 110 110 110 110 110 111 111
 111 111 110 108 107 106 107 107 108 104 102 102 103 102 102 102 100 100
 100 101 102 101  99  97  97  96  93  92  91  91  92  93  88  90  89  85
  85  88  89  86  85  83  86  89  87  84  84  84  83  80  79  81  80  77
  75  77  77  76  76  76  75  74  73  74  74  75  75  74  73  74  75  74
  72  71  71  72  73  72  71  71  72  72  71  71  71  71  70  70  69  68
  68  68  67  66  66  66  65  65  64  63  62  60  59  57  55  55  55  55
  54  53  52  52  51  51  51  51  49  45  44  46  43  46  44  46  44  44
  41  29]"
"[ 29  30 114 115 114 115 115 113 114 113 114 115 115 114 114 114 115 114
 114 115 115 115 115 115 116 115 114 114 113 112 112 114 113 111 110 109
 110 110 109 109 109 110 110 110 110 109 109 109 108 109 109 110 111 111
 111 111 111 111 110 110 111 111 111 111 110 110 111 111 111 111 111 112
 111 112 112 111 111 111 112 112 110 107 106 107 108 108 107 108 105 105
 105 106 107 107 105 104 102 101 100  98  97  98  99 100  97  98  96  92
  90  91  91  88  92  90  91  94  92  90  90  89  94  91  89  88  87  85
  84  85  84  83  83  83  81  79  77  76  77  77  76  76  75  74  73  71
  72  73  74  75  76  75  74  74  76  75  73  73  73  73  72  72  71  71
  71  70  70  70  70  70  66  67  68  66  65  65  66  66  65  62  59  60
  62  62  60  59  61  58  57  58  58  55  52  52  49  50  49  51  49  49
  45  29]"
"[ 28  29 114 115 115 116 115 114 115 115 115 116 116 115 115 115 115 114
 114 115 115 115 114 115 116 116 115 115 114 113 114 116 114 113 111 110
 110 111 111 111 111 112 113 113 112 110 109 109 108 109 110 110 111 111
 111 111 112 112 111 111 112 111 111 110 110 110 111 112 111 111 112 112
 111 112 112 112 112 112 113 114 111 109 108 110 111 112 111 111 108 108
 108 109 110 111 110 110 106 106 106 105 105 105 106 108 106 105 104 102
 101 101 100  98  99  97  97  97  96  96  95  93  95  93  90  88  88  89
  90  90  89  89  89  90  89  87  86  85  84  82  81  82  81  78  76  76
  76  76  76  77  77  77  76  75  75  74  73  73  74  74  74  74  75  74
  74  73  73  73  73  74  70  72  73  70  68  68  71  73  72  68  65  64
  66  66  65  64  66  64  63  64  64  62  60  59  58  58  57  59  58  57
  52  29]"
"[ 29  29 114 115 115 116 116 115 116 116 116 116 117 116 117 117 116 116
 116 117 118 117 116 115 116 115 115 114 115 115 115 115 114 114 113 112
 112 113 113 114 114 115 116 115 114 112 111 111 111 111 112 112 111 111
 111 111 113 113 112 112 113 113 112 112 111 111 112 112 112 112 112 113
 113 112 112 111 111 111 111 111 110 109 109 110 111 112 111 110 110 110
 110 110 111 111 111 110 108 108 108 109 110 111 111 111 107 106 105 106
 106 105 104 104 105 104 104 102 100 101 101  98  97  96  93  90  91  94
  95  95  92  92  92  93  93  92  92  92  90  88  87  88  87  84  84  85
  83  82  80  79  79  79  79  79  77  76  75  75  76  77  77  76  77  77
  76  75  75  74  74  73  72  74  75  73  70  71  73  75  73  72  71  70
  68  67  68  69  66  67  69  69  67  65  65  66  66  65  64  65  65  65
  59  29]"
"[ 30  30 115 116 115 116 115 115 117 117 117 117 117 117 118 119 118 118
 119 121 121 119 117 116 117 116 115 115 116 117 116 115 115 115 115 115
 114 114 115 115 116 117 117 117 115 114 113 114 114 114 114 113 112 112
 112 113 113 113 112 112 113 114 114 114 112 112 112 112 112 112 113 114
 114 114 113 112 112 111 111 110 110 110 110 111 111 112 111 110 110 110
 111 111 112 112 111 110 110 110 110 112 114 114 113 111 113 112 111 112
 113 111 110 110 110 111 111 108 106 107 108 106 105 105 102  98  98 100
 100  98  98  96  95  94  93  93  93  94  93  91  91  92  90  87  87  89
  89  88  86  84  83  84  85  84  84  83  83  82  82  82  80  79  80  79
  79  79  78  76  75  75  71  73  74  73  73  73  75  76  75  75  75  74
  73  72  71  72  69  70  72  73  72  71  71  72  70  69  68  69  69  69
  65  29]"
"[ 29  29 114 115 114 114 114 115 119 118 118 118 118 118 118 119 119 119
 121 122 122 120 117 115 117 117 117 117 117 118 117 116 117 117 117 116
 116 115 115 116 117 117 117 116 115 115 115 115 115 114 114 114 113 113
 114 114 113 113 112 113 114 115 115 115 113 112 112 111 111 112 113 114
 113 113 112 112 112 112 111 111 110 111 111 111 112 113 112 111 111 111
 112 113 113 113 112 112 113 112 111 113 114 114 112 110 111 110 110 111
 112 111 110 110 111 112 113 112 110 111 112 111 110 110 108 105 104 105
 105 103 104 102 100  98  97  97  97  98  96  96  97  97  94  90  88  89
  89  90  89  87  87  88  87  86  87  87  86  86  86  85  84  83  83  83
  83  83  82  81  80  79  75  76  77  76  75  76  76  76  76  75  74  76
  77  76  74  72  73  72  73  74  75  75  74  72  73  72  72  72  71  72
  70  30]"
"[ 28  28 114 114 113 112 114 117 118 118 118 119 119 119 118 119 120 120
 120 121 121 119 117 116 117 119 120 118 117 117 118 118 119 118 117 117
 116 116 117 117 117 117 117 116 116 116 116 116 116 115 115 114 114 115
 115 115 114 114 113 114 114 115 115 115 113 113 113 112 112 112 113 114
 113 112 112 112 113 113 112 112 112 112 113 112 113 114 113 112 112 113
 113 113 114 114 114 114 114 114 113 113 114 114 113 112 112 113 113 113
 114 114 115 114 112 112 113 113 112 112 113 112 112 112 112 111 111 111
 111 111 108 107 107 106 106 105 104 105 103 103 102 101  99  98  96  95
  95  95  94  91  91  91  90  88  89  89  89  89  88  87  87  87  86  87
  87  87  86  86  85  84  83  83  83  81  79  79  80  81  80  78  77  79
  80  79  76  75  76  76  76  76  77  76  74  72  74  73  74  73  72  72
  73  29]"
"[ 29  29 115 116 113 113 116 119 117 117 118 120 120 120 119 119 121 121
 121 121 121 120 119 119 118 121 122 120 117 117 119 121 119 118 117 117
 117 117 118 118 117 117 117 117 117 117 117 117 118 117 116 116 116 117
 117 117 115 115 115 115 116 116 115 115 114 115 114 114 114 114 114 115
 115 114 114 114 114 114 113 113 114 115 115 114 114 115 114 113 115 115
 115 114 114 115 115 115 115 115 115 115 114 114 115 115 114 115 115 114
 114 114 115 114 114 113 114 115 114 114 114 112 112 113 113 113 112 111
 112 112 111 111 111 112 111 110 108 108 109 107 105 103 104 106 106 104
 105 105 102  98  96  96  96  94  95  95  95  93  91  89  88  88  89  89
  89  89  88  87  87  87  87  87  87  84  83  84  86  88  85  85  85  85
  83  81  80  81  78  80  81  80  77  76  75  74  73  72  74  73  71  71
  73  27]"
"[ 28  30 116 117 116 116 116 117 117 118 118 119 120 120 119 117 119 119
 121 122 122 121 120 120 119 120 121 119 117 117 119 121 121 119 117 117
 117 117 117 118 118 117 117 119 119 117 116 117 118 116 116 117 118 118
 117 117 117 116 117 117 115 114 115 115 115 115 115 115 115 115 114 114
 114 114 115 115 115 115 115 114 116 115 114 115 115 114 113 114 116 115
 114 114 114 114 115 115 117 115 114 115 115 114 114 116 116 115 114 114
 114 114 114 113 114 114 113 113 114 114 113 112 113 114 114 113 112 112
 112 112 112 112 112 111 111 111 110 110 111 109 108 107 108 108 108 108
 109 109 108 105 103 104 105 104 101 101 102 102 101 100  98  96  97  95
  95  94  91  90  91  90  89  89  88  86  86  86  87  87  86  87  88  88
  88  87  87  88  88  87  85  85  84  83  82  82  82  77  76  72  74  71
  71  29]"
"[ 29  30 116 118 118 118 117 116 117 118 118 118 119 120 120 119 120 120
 121 122 122 122 121 121 122 122 121 119 117 118 121 123 122 120 119 119
 118 118 117 118 118 118 118 120 120 118 117 118 119 118 117 118 119 119
 119 119 118 116 117 118 116 115 116 116 117 117 116 116 116 116 116 116
 116 116 116 116 116 116 116 117 116 115 115 115 115 114 114 116 116 116
 115 114 115 115 116 117 117 116 115 115 115 115 115 117 117 116 116 115
 115 115 115 115 114 114 113 114 114 115 114 114 113 114 115 114 114 114
 114 114 114 114 113 113 113 112 112 111 110 110 109 109 110 110 110 110
 109 110 110 108 108 109 109 109 108 107 106 105 105 105 105 105 102 101
 101 100  98  97  98  97  94  93  92  90  89  89  89  88  89  89  90  90
  90  90  90  90  90  89  88  89  90  90  90  89  90  89  88  83  85  82
  78  28]"
"[ 29  29 116 118 119 120 118 115 117 117 117 117 117 119 121 121 121 121
 122 122 123 123 122 122 123 123 122 120 119 120 122 124 123 122 121 121
 120 118 118 118 120 119 120 122 121 119 119 119 120 118 117 118 119 119
 120 121 119 117 118 118 117 116 117 117 118 117 117 117 116 117 117 118
 118 118 117 117 117 117 118 118 116 116 116 117 116 115 116 117 117 116
 115 115 116 117 118 118 117 116 116 116 116 116 117 118 117 117 117 116
 116 116 116 116 115 115 115 115 115 116 115 115 114 115 115 115 115 115
 115 115 114 114 114 113 113 112 112 112 112 112 111 111 111 110 109 108
 108 110 111 110 111 111 112 112 111 110 108 107 107 108 109 109 108 107
 108 107 105 105 105 104 102 101  98  97  97  97  95  93  93  93  93  93
  93  93  94  94  93  91  90  91  92  92  91  90  88  90  92  89  93  94
  89  31]"
"[ 29  29 115 118 119 120 118 116 117 117 117 116 118 120 121 122 122 122
 122 122 122 123 123 123 122 122 122 122 122 122 122 123 124 123 123 123
 121 120 120 121 121 120 120 121 121 120 119 119 119 118 117 117 118 118
 119 120 119 118 119 120 118 117 118 117 116 117 117 116 116 116 117 118
 120 119 119 118 117 117 118 118 117 118 118 118 118 117 118 118 117 116
 115 115 117 118 118 118 116 116 116 117 117 117 117 118 117 117 118 118
 117 117 117 117 118 118 117 117 116 116 116 116 116 117 116 116 115 115
 115 114 114 114 113 113 113 112 112 112 113 112 112 111 111 110 108 107
 109 110 111 111 111 111 111 111 110 110 109 109 109 110 109 109 108 107
 107 107 105 104 105 104 107 106 105 104 104 104 103 101  99  99  98  98
  98  99  98  98  97  95  94  94  93  92  91  90  93  94  94  91  93  95
  91  27]"
"[ 29  30 116 118 118 119 118 118 117 117 117 117 119 121 122 121 122 122
 122 122 122 122 123 123 121 122 122 123 123 123 123 123 125 124 124 124
 123 122 122 123 121 119 118 119 120 121 120 119 118 117 116 117 117 117
 117 118 120 119 120 121 119 118 118 117 116 117 117 117 117 117 118 118
 121 121 120 120 119 118 117 117 117 118 120 119 118 118 118 118 117 117
 116 117 118 118 118 117 118 118 119 119 118 118 118 118 118 119 120 120
 119 119 119 119 120 119 119 118 118 117 117 117 118 118 118 117 116 116
 115 114 114 114 114 114 114 114 114 114 112 111 111 111 111 112 111 111
 112 112 112 112 111 111 111 112 112 111 111 111 111 111 111 110 109 108
 108 108 105 105 106 105 108 109 109 108 108 108 108 107 106 106 105 105
 105 105 104 103 103 102 101 100  99  98  98  99  96  95  96  96  98  99
  97  31]"
"[ 29  30 116 117 117 118 118 118 118 118 118 119 121 122 122 121 122 122
 122 121 122 122 122 122 122 122 123 123 123 123 124 125 124 123 123 123
 123 122 123 124 120 118 117 117 119 121 121 120 119 118 117 117 117 117
 118 118 121 120 122 123 120 119 119 118 116 117 117 118 118 118 119 119
 122 122 122 121 120 119 117 116 117 118 119 119 118 118 118 118 118 118
 118 119 119 119 118 117 120 121 122 120 119 119 118 118 119 120 120 120
 120 120 120 120 119 119 119 119 118 118 119 119 119 119 118 117 117 117
 116 115 115 115 115 115 115 115 115 115 114 113 112 112 113 113 113 113
 115 114 113 113 112 111 112 113 114 113 112 111 111 111 112 112 113 111
 111 110 108 108 109 108 109 110 111 110 110 110 110 110 110 110 109 109
 109 108 107 106 109 108 107 105 104 103 104 105 106 103 104 105 103 101
  98  28]"
"[ 29  29 115 117 116 117 117 117 118 120 121 121 122 122 122 122 122 122
 122 122 122 122 122 122 123 123 123 122 122 122 124 125 124 123 123 123
 123 123 122 123 120 119 119 119 120 121 122 122 120 119 118 118 118 118
 119 120 122 121 123 123 120 118 119 119 117 117 118 118 119 119 120 120
 122 122 122 122 121 119 118 117 117 118 119 118 118 119 120 119 119 119
 120 120 121 120 120 120 121 123 122 120 119 119 119 119 120 120 120 121
 121 121 120 120 118 119 119 119 119 119 120 120 120 120 119 118 118 118
 117 115 116 116 115 115 115 115 115 115 116 115 114 114 114 114 113 113
 116 115 114 114 113 112 112 113 115 114 112 112 112 112 113 113 113 111
 111 110 108 108 110 109 111 112 111 111 111 111 111 110 111 111 111 110
 109 109 109 109 110 109 108 108 107 106 107 108 106 104 105 108 107 107
 105  31]"
"[ 29  30 115 117 117 118 118 117 119 121 124 123 122 122 123 123 122 122
 122 122 122 122 122 122 122 122 123 122 121 121 122 123 125 124 124 125
 125 124 123 123 120 121 122 121 120 120 121 122 121 120 118 118 118 119
 120 122 122 121 123 122 118 117 118 119 119 119 118 119 120 121 121 121
 122 122 122 121 120 119 118 117 118 119 119 118 119 121 122 121 120 121
 121 121 122 122 122 122 121 122 122 119 118 119 120 120 121 121 121 122
 122 122 121 121 118 118 119 119 118 119 120 121 122 121 120 119 119 119
 118 116 117 117 117 116 116 116 116 116 115 115 114 114 115 115 115 115
 116 115 115 115 114 112 112 113 115 115 114 114 115 115 114 114 115 113
 112 111 109 110 112 112 112 112 111 110 111 112 111 110 111 111 111 110
 109 109 110 110 109 108 108 109 110 111 112 112 113 109 109 109 107 108
 106  29]"
"[ 30  28 118 117 117 116 118 118 118 120 122 122 121 121 122 122 121 122
 122 122 122 122 123 123 123 124 124 122 121 122 123 123 124 124 124 125
 124 124 123 123 122 122 122 122 122 122 122 122 121 121 121 122 123 123
 122 122 120 121 122 122 120 118 118 118 118 118 119 120 121 122 123 123
 122 122 121 120 120 120 119 119 119 119 119 119 120 121 122 122 120 121
 122 122 122 122 122 122 122 121 120 119 119 120 120 121 122 122 122 122
 123 123 123 122 120 121 121 121 121 121 120 120 122 122 123 123 122 122
 120 120 119 118 118 119 120 119 118 117 117 117 116 116 117 117 117 117
 117 116 116 117 117 115 113 113 114 115 116 116 116 117 116 115 116 115
 115 114 112 112 114 113 113 112 112 112 112 113 114 115 114 113 111 110
 111 112 112 112 110 110 111 113 114 114 114 114 114 113 111 110 110 109
 110  28]"
"[ 29  27 118 117 117 116 117 117 118 120 122 122 122 122 122 122 122 122
 122 122 122 122 122 123 123 124 124 122 122 122 123 123 124 124 125 126
 126 125 124 123 122 122 122 122 122 122 122 122 123 123 123 123 123 123
 122 122 121 122 122 121 120 118 118 117 118 118 119 120 121 122 123 123
 123 123 122 121 121 121 121 121 121 121 120 120 121 122 122 122 120 121
 122 122 122 122 122 122 122 121 121 120 120 120 121 121 122 122 122 122
 123 123 122 122 122 121 121 121 121 120 120 120 122 122 122 123 123 122
 121 120 119 118 118 119 119 118 118 117 117 116 116 116 116 117 117 117
 118 117 117 118 118 116 115 115 114 115 116 115 115 116 116 115 116 115
 115 115 113 114 115 115 114 114 114 114 114 115 115 115 114 113 112 110
 111 112 112 112 110 110 111 112 112 112 112 112 114 113 113 111 111 109
 109  28]"
"[ 29  28 119 118 118 116 117 117 119 121 122 122 122 122 122 122 122 122
 122 122 122 122 122 122 124 124 124 123 122 122 123 122 123 124 126 127
 128 126 125 124 123 122 122 122 123 123 123 123 124 124 124 124 123 123
 123 122 122 122 122 122 121 120 120 119 119 119 120 121 121 122 123 123
 123 123 123 122 122 122 122 122 123 122 121 121 122 122 122 122 121 121
 121 122 122 122 123 122 122 122 122 121 121 121 122 122 122 122 122 122
 122 122 122 122 122 121 121 121 121 121 121 122 122 122 122 122 123 123
 122 121 120 119 119 119 119 119 119 120 119 118 117 117 117 118 118 118
 119 118 118 119 118 117 116 117 116 117 117 117 116 117 117 117 118 117
 117 117 115 116 117 117 115 115 116 116 116 116 116 115 115 114 113 112
 113 114 114 113 112 112 112 112 113 112 111 112 114 114 114 114 113 111
 111  28]"
"[ 29  29 121 120 119 117 117 118 120 122 122 122 122 122 122 122 122 122
 122 122 122 122 122 123 124 124 124 124 123 123 123 122 123 124 126 128
 128 127 125 124 123 123 123 123 123 124 124 124 123 123 123 123 123 122
 122 122 122 122 122 123 123 122 122 122 121 121 122 122 122 122 122 122
 122 123 123 122 122 122 122 121 122 121 121 121 122 122 122 122 122 122
 121 121 122 123 123 123 122 122 122 122 122 122 122 122 122 122 122 122
 122 122 122 121 121 121 121 121 121 122 122 123 122 122 122 122 123 123
 122 122 121 120 120 121 121 121 121 122 122 120 119 118 118 118 118 118
 119 119 119 119 118 117 117 117 117 118 119 119 118 118 119 119 119 118
 119 119 117 117 118 117 116 116 116 117 117 117 116 116 115 115 114 114
 115 117 116 115 114 114 113 114 114 113 113 112 113 114 115 115 115 113
 112  29]"
"[ 29  29 122 121 120 118 118 118 121 122 122 122 122 122 122 122 122 122
 122 122 123 123 124 124 124 124 124 124 124 124 123 123 123 124 125 126
 127 126 126 125 125 124 123 123 124 125 125 125 123 123 123 123 122 122
 122 122 122 122 122 122 122 122 122 122 121 122 122 122 122 122 122 122
 122 122 123 122 122 122 121 120 121 121 121 121 122 122 123 122 123 122
 121 121 122 123 123 123 122 122 121 121 121 122 122 123 122 122 122 122
 122 122 121 121 120 121 121 122 122 123 123 123 122 122 122 122 122 123
 122 122 122 122 122 123 123 122 122 122 122 121 120 119 119 119 119 119
 121 121 121 120 119 118 118 118 118 118 119 120 119 118 119 120 119 118
 119 119 118 118 118 117 118 117 117 117 117 117 117 116 116 116 115 115
 116 117 117 116 115 114 114 115 115 114 114 113 112 114 115 115 115 114
 113  29]"
"[ 29  29 122 121 120 118 119 120 121 122 122 122 122 122 122 122 122 122
 122 122 123 124 124 125 124 124 124 125 126 125 124 123 124 124 124 125
 125 126 126 126 126 125 124 124 125 126 126 125 125 124 123 123 123 123
 122 121 123 123 123 122 122 122 122 122 120 121 121 122 122 122 122 122
 122 123 123 122 122 122 122 121 122 122 122 122 123 123 123 122 123 122
 122 122 122 123 123 123 123 122 121 121 121 121 122 122 122 122 122 122
 122 122 122 122 121 122 122 123 123 123 122 122 122 122 122 122 122 122
 123 123 124 123 123 123 123 122 121 122 122 121 121 121 121 121 121 121
 122 122 122 121 120 120 119 119 118 118 120 121 120 119 119 120 119 119
 120 121 120 120 120 119 120 119 118 117 117 118 118 117 119 119 119 118
 118 118 118 117 117 116 116 117 118 117 116 115 114 116 116 115 116 115
 113  28]"
"[ 29  29 122 121 119 118 120 122 122 122 122 122 122 123 123 122 123 122
 122 122 123 124 124 124 124 124 124 126 127 125 124 124 125 124 124 124
 124 125 126 127 126 125 124 124 125 126 126 126 127 125 124 123 124 124
 123 122 123 123 123 123 122 122 122 123 120 121 122 122 123 123 122 122
 122 122 122 122 122 122 122 122 123 123 122 123 123 123 123 123 123 123
 123 123 123 123 123 123 123 122 122 122 121 122 122 122 123 123 123 123
 122 122 123 123 123 123 123 123 123 123 123 123 123 123 123 123 122 122
 123 124 125 123 122 123 123 123 122 122 122 122 122 123 123 123 123 122
 122 123 123 122 122 122 121 120 119 119 120 122 122 121 120 121 120 120
 121 122 121 121 121 120 121 119 118 117 118 119 119 119 121 121 122 121
 120 120 119 119 119 119 119 121 121 120 118 117 116 117 117 116 117 117
 115  29]"
"[ 28  28 121 120 118 117 120 123 122 122 122 122 122 123 123 122 123 122
 122 122 123 124 124 124 124 123 124 126 127 126 125 125 125 125 124 124
 124 125 126 127 126 125 124 124 125 126 126 126 126 125 123 123 124 125
 124 123 122 122 122 122 121 121 122 123 122 122 123 123 123 123 122 122
 122 122 121 120 121 122 123 123 122 122 122 122 123 123 123 123 123 124
 124 124 123 123 123 123 122 122 122 122 122 122 122 122 123 123 124 123
 123 123 123 124 123 123 123 123 123 124 124 124 123 124 124 123 122 122
 123 124 125 123 122 122 123 124 124 124 122 122 122 123 123 123 122 122
 121 122 123 122 123 123 122 120 119 119 121 123 123 122 121 121 119 119
 121 122 120 120 120 119 119 118 117 117 119 120 120 120 120 122 122 122
 121 120 120 120 121 120 121 122 123 121 119 117 116 117 116 115 117 118
 116  30]"
"[ 30  28 119 119 119 117 118 121 122 122 122 122 123 123 122 121 123 122
 122 123 124 124 124 124 124 124 124 125 126 126 126 125 125 124 124 124
 123 123 124 126 127 126 125 124 126 128 127 125 126 125 124 125 127 126
 124 122 121 121 122 121 121 121 122 122 122 123 124 125 124 124 123 123
 122 123 123 122 121 121 122 123 123 122 122 124 125 124 124 124 123 124
 125 125 125 125 124 124 124 122 122 123 123 123 123 123 124 123 123 124
 124 124 124 123 121 122 123 124 124 124 125 126 126 124 122 122 122 122
 123 124 124 124 124 124 124 124 124 124 126 124 123 123 124 124 124 123
 123 124 123 123 122 122 122 123 122 121 121 121 122 122 122 122 122 122
 122 121 121 120 120 119 118 118 118 119 120 121 120 119 121 122 123 123
 122 120 119 118 119 121 123 123 122 122 122 123 121 118 117 119 120 122
 122  28]"
"[ 29  28 119 118 119 118 119 122 123 122 122 122 123 123 123 122 123 123
 123 125 125 125 125 125 125 125 125 125 126 126 126 126 125 124 124 125
 125 124 125 125 126 125 124 124 126 128 128 126 125 124 124 125 126 125
 123 122 122 122 121 121 121 121 122 122 124 125 126 126 125 124 123 123
 123 124 124 123 122 122 123 125 123 123 124 125 125 125 125 125 124 125
 125 125 125 125 125 125 124 124 124 124 124 123 124 125 124 124 124 124
 125 125 125 125 124 123 123 123 123 124 125 127 126 125 124 124 124 124
 124 125 125 125 126 126 126 127 127 127 127 126 125 125 126 126 125 125
 125 124 123 123 124 124 124 123 124 123 123 123 123 123 123 122 122 122
 123 123 123 123 122 122 121 120 119 120 120 121 120 119 120 121 122 122
 121 120 119 119 119 120 122 122 122 122 123 123 122 120 120 121 121 123
 122  28]"
"[ 29  28 119 118 119 118 119 123 123 122 121 121 122 123 123 123 122 122
 123 125 126 125 124 124 125 125 125 125 125 126 126 126 125 125 125 126
 127 126 125 125 125 125 124 124 126 127 128 127 124 123 124 125 125 124
 122 122 123 122 121 122 123 123 123 122 124 126 127 127 126 124 124 124
 125 124 124 123 123 124 125 125 124 125 126 125 125 124 124 125 125 126
 127 126 126 125 124 124 123 124 125 125 123 123 124 125 126 126 125 125
 126 126 126 126 125 124 123 123 123 124 125 127 125 124 123 124 124 124
 123 123 125 125 126 127 127 127 127 127 126 125 125 126 126 125 125 126
 126 125 124 124 125 125 124 123 124 124 123 123 124 124 124 123 125 125
 125 125 125 124 123 122 123 122 121 121 121 121 120 120 120 120 121 122
 122 121 120 120 119 119 119 120 121 122 122 122 123 122 122 124 123 123
 123  29]"
"[ 30  29 119 118 118 117 119 122 122 121 120 120 121 123 123 122 121 122
 123 126 126 125 124 123 124 124 124 125 126 126 126 126 126 125 125 127
 128 128 126 125 125 125 124 125 125 126 126 126 124 125 126 127 126 124
 122 122 124 123 122 123 124 125 124 123 123 125 128 128 127 126 125 125
 126 125 124 123 124 124 125 125 126 127 127 126 125 125 125 125 125 126
 128 129 127 125 123 122 124 125 126 125 123 123 124 125 127 127 126 126
 127 127 127 127 124 124 124 124 124 124 125 126 126 125 125 126 126 125
 125 125 124 124 125 126 126 126 125 125 124 124 124 125 125 124 124 124
 127 126 125 125 126 125 124 122 123 123 123 124 124 125 125 124 126 126
 127 127 126 125 124 123 123 123 122 121 121 122 121 121 122 122 122 122
 123 123 122 121 121 119 118 119 121 122 123 122 123 122 123 124 122 123
 122  29]"
"[ 30  29 119 117 118 117 119 121 121 120 120 121 122 123 123 122 122 123
 124 126 127 125 124 124 125 125 125 126 127 127 126 126 126 125 125 127
 129 129 127 126 125 125 125 126 126 126 126 126 126 127 128 129 128 126
 123 123 124 123 122 123 125 126 125 124 124 126 128 128 128 127 126 126
 127 126 125 124 125 125 125 125 127 127 127 126 126 127 127 126 125 126
 128 129 128 126 124 123 126 127 127 126 126 126 126 126 127 127 127 127
 128 129 128 128 124 124 124 125 125 125 125 127 126 125 125 125 125 125
 125 125 123 124 126 126 126 126 126 126 123 124 125 125 124 123 123 124
 127 126 126 126 126 125 124 124 124 124 124 124 125 126 125 125 123 124
 125 126 127 126 126 125 123 122 122 122 122 122 122 122 122 122 122 123
 123 124 123 123 123 121 119 120 122 123 123 123 122 122 122 123 121 122
 122  29]"
"[ 29  29 119 117 118 118 119 120 121 121 122 122 123 124 124 123 123 123
 125 126 126 125 124 124 126 126 126 127 127 126 125 124 126 125 126 128
 129 129 128 127 126 125 126 127 128 128 128 128 129 129 130 131 130 127
 125 125 125 124 123 123 124 125 125 125 126 127 128 128 128 127 126 126
 127 126 125 125 126 126 126 126 126 126 126 125 127 129 129 128 127 126
 126 126 126 126 126 126 127 128 128 127 127 128 128 127 126 126 127 128
 129 130 130 129 127 126 125 124 124 125 127 129 127 126 125 125 125 125
 125 125 124 125 126 126 126 126 126 127 125 125 125 125 125 123 123 124
 124 125 125 125 126 126 125 124 125 125 124 125 125 125 125 124 124 124
 125 126 126 125 125 124 123 123 123 122 122 122 122 122 122 122 122 123
 123 124 124 124 125 123 121 121 122 123 124 123 123 122 122 123 122 122
 122  29]"
"[ 30  29 119 118 119 120 120 120 120 121 122 123 124 124 124 125 124 124
 125 126 125 124 124 124 126 126 126 127 127 126 125 124 125 125 127 129
 129 129 128 129 126 125 125 126 128 129 129 130 130 130 130 130 130 128
 127 127 128 127 126 125 124 125 125 126 129 128 128 128 128 127 126 125
 125 125 125 126 126 126 126 126 125 126 126 125 126 129 130 129 128 127
 125 125 125 126 126 126 126 128 129 128 127 127 128 128 127 127 127 128
 129 130 130 130 129 128 127 126 125 126 127 129 131 130 129 129 130 129
 129 129 126 127 128 127 126 126 126 127 127 127 126 126 125 124 124 124
 124 124 124 125 127 127 126 124 125 125 125 125 125 125 125 124 126 126
 126 125 125 124 123 122 123 123 124 124 124 123 123 123 122 123 123 123
 124 124 125 125 125 123 122 121 122 123 124 124 125 124 124 126 124 124
 123  29]"
"[ 30  29 119 118 120 121 121 121 120 121 122 123 123 123 124 125 126 126
 126 126 125 124 125 125 128 127 127 127 127 127 127 126 124 125 128 130
 130 129 129 129 127 125 124 125 127 128 129 131 131 130 129 129 129 129
 129 129 130 130 129 127 125 125 126 127 130 129 128 128 128 127 126 125
 123 123 124 125 126 126 126 126 126 127 128 126 126 128 130 130 128 127
 125 125 126 126 125 124 125 128 130 128 126 127 128 128 129 129 128 128
 129 129 129 129 130 129 129 128 127 127 127 128 130 129 129 130 130 129
 129 129 130 130 130 129 127 126 126 127 129 128 128 127 126 125 125 125
 126 125 125 127 129 129 127 125 126 125 125 125 126 126 126 126 125 125
 125 125 125 124 124 123 123 123 124 125 125 124 124 124 124 124 125 124
 124 124 125 126 125 124 123 122 122 123 124 125 127 126 127 128 127 126
 124  30]"
"[ 30  28 120 120 121 121 122 122 122 122 121 122 123 124 124 123 125 125
 125 125 126 127 126 124 128 128 128 129 129 128 128 128 125 126 127 128
 127 127 127 128 125 125 126 126 126 126 128 130 131 130 129 129 129 130
 129 129 130 129 128 126 125 126 127 129 127 129 130 129 128 126 125 123
 122 122 123 124 125 126 126 125 128 129 129 129 129 130 130 130 129 126
 124 125 126 125 124 124 126 128 130 130 129 129 128 128 128 128 129 130
 130 130 130 130 130 130 130 130 130 129 128 128 131 131 130 130 129 129
 129 128 130 130 130 129 127 127 128 129 130 131 131 130 128 126 125 126
 128 128 128 129 129 129 128 127 128 128 128 128 127 126 126 126 128 127
 126 125 124 123 123 123 124 124 124 123 123 124 125 127 127 127 126 125
 124 124 125 125 127 124 122 123 123 124 125 125 127 129 129 127 128 127
 128  28]"
"[ 29  29 121 121 122 122 123 122 121 122 122 122 122 123 124 124 124 124
 124 125 127 127 127 126 126 126 128 130 130 128 127 126 128 127 127 127
 126 126 126 127 126 126 126 126 126 126 128 129 130 130 129 129 130 130
 130 129 131 131 130 129 128 128 129 130 129 130 130 129 127 126 125 124
 122 122 122 123 125 127 128 129 129 129 130 130 130 130 130 130 130 129
 128 127 127 125 125 126 129 130 131 131 130 130 130 129 129 129 129 130
 130 130 129 129 128 127 128 129 130 130 130 130 131 131 131 131 130 130
 130 130 129 130 130 129 128 128 129 129 128 129 130 130 130 129 129 129
 130 130 130 130 130 130 129 128 128 129 130 131 130 128 127 126 126 126
 127 127 127 126 125 124 126 126 126 126 126 127 128 129 129 129 127 125
 124 125 125 125 128 126 124 124 125 126 127 128 127 128 127 126 128 128
 128  28]"
"[ 29  29 121 121 122 122 123 123 121 123 124 124 122 123 124 125 125 124
 125 127 127 127 128 129 126 127 129 131 131 129 128 127 131 129 127 127
 126 126 127 128 127 127 126 127 127 127 128 129 130 129 129 130 130 130
 130 129 130 130 130 130 129 129 130 130 129 130 130 129 128 127 127 126
 124 124 123 123 124 127 129 131 129 130 130 131 131 131 130 130 130 130
 130 129 127 126 126 128 130 130 130 129 130 130 130 129 129 129 129 129
 130 130 129 128 126 125 126 127 129 130 130 131 131 131 131 131 131 131
 130 130 129 129 129 129 129 130 130 130 129 129 130 130 130 130 130 129
 131 131 131 131 131 131 130 129 128 129 130 131 131 130 128 126 127 128
 128 128 128 128 127 126 127 126 126 126 127 129 130 130 131 130 128 126
 126 126 127 127 129 127 126 126 127 127 128 129 128 128 127 126 129 129
 129  29]"
"[ 29  29 122 122 122 121 122 122 122 124 125 124 123 123 124 125 127 125
 126 127 127 126 127 130 130 129 130 130 130 130 129 129 133 130 128 127
 128 128 129 129 129 129 128 129 129 129 129 130 129 129 130 130 130 130
 130 130 129 129 130 130 130 130 130 130 130 130 130 129 129 129 129 129
 128 128 127 126 126 127 129 130 130 130 130 131 131 130 129 129 130 131
 130 129 128 127 128 129 129 130 129 128 128 129 129 129 129 129 129 129
 130 131 130 129 127 126 127 128 129 130 130 130 131 131 131 130 130 130
 130 130 130 129 129 129 130 130 131 131 131 130 130 130 130 130 130 130
 131 130 130 131 131 131 130 130 130 130 130 130 130 130 129 129 131 130
 129 129 128 128 128 128 128 127 126 127 128 130 130 130 131 130 129 128
 128 129 129 129 130 129 128 128 128 128 128 128 129 129 128 127 130 130
 130  29]"
"[ 29  29 122 122 122 122 122 122 123 124 124 124 123 124 124 124 126 125
 125 127 126 124 126 129 131 131 130 130 130 129 130 130 132 129 128 128
 129 130 130 130 130 130 130 130 130 130 129 129 129 129 130 130 130 130
 130 130 131 130 130 130 130 130 130 131 131 131 131 130 129 130 131 131
 131 131 130 129 129 129 129 130 130 130 130 130 130 129 129 129 130 130
 130 129 129 129 129 129 129 130 130 130 129 129 129 129 130 129 129 130
 131 131 130 129 127 127 128 129 131 131 130 130 130 130 130 130 130 130
 130 130 131 130 129 129 129 130 131 131 131 131 130 130 131 132 133 133
 132 132 131 131 132 132 131 131 132 131 130 130 130 131 130 130 132 131
 130 129 129 129 129 129 130 129 128 129 130 131 131 131 130 130 130 129
 130 131 131 130 130 129 129 130 130 129 129 129 129 130 130 129 131 130
 130  29]"
"[ 29  29 122 123 123 123 123 122 124 124 124 124 124 125 125 124 125 125
 126 126 126 125 127 129 131 131 131 131 131 130 130 130 129 128 127 128
 130 130 131 131 130 130 130 130 130 129 129 129 129 130 130 130 130 130
 130 130 132 132 131 130 130 130 130 130 132 132 132 130 130 130 131 131
 130 130 130 130 130 130 130 130 130 130 130 130 129 129 129 128 130 130
 129 129 129 130 130 129 128 130 131 130 129 129 129 130 131 131 130 130
 131 130 130 129 126 126 127 129 131 131 131 131 129 129 130 130 130 130
 131 131 131 130 129 129 129 130 131 131 132 131 130 130 131 133 133 134
 134 133 132 132 132 131 131 130 130 130 131 131 131 131 130 129 130 130
 130 131 131 130 130 130 130 129 128 129 130 131 131 130 130 130 131 130
 131 131 131 130 129 129 129 130 131 130 130 130 129 130 131 130 132 130
 130  29]"
"[ 29  29 122 123 124 123 123 122 124 125 125 125 125 126 126 125 125 126
 127 127 126 127 128 130 130 130 130 131 131 131 130 131 129 128 127 129
 130 130 130 131 130 130 129 129 128 128 128 129 129 130 130 130 130 130
 130 131 132 131 130 130 130 130 130 130 132 132 132 131 130 130 131 131
 130 130 129 129 129 130 130 130 130 130 130 130 130 130 129 129 129 130
 129 128 129 130 130 129 129 130 131 130 129 129 130 130 131 131 131 130
 130 130 130 129 127 126 127 129 130 131 131 131 130 130 130 130 130 130
 129 129 129 129 129 129 130 130 131 130 131 131 131 131 131 132 132 132
 134 133 132 132 131 131 130 130 129 130 131 131 131 130 129 129 129 129
 130 131 131 131 131 131 130 129 129 129 130 131 131 130 130 131 131 130
 130 131 131 130 129 129 129 130 130 130 130 131 130 131 131 130 132 131
 130  29]"
"[ 29  28 121 122 123 123 123 121 123 124 125 125 124 125 125 125 124 126
 127 126 126 127 128 129 128 128 128 129 129 130 130 131 129 129 128 129
 130 130 130 131 130 130 129 129 127 127 128 130 130 130 130 130 129 129
 130 131 131 130 130 130 131 131 131 131 131 132 132 130 130 130 131 131
 133 132 130 129 129 130 130 130 130 130 131 132 131 130 129 129 130 131
 131 130 129 130 130 129 130 130 130 130 130 131 131 130 130 130 130 130
 130 130 130 130 129 129 129 130 131 131 131 131 131 131 130 130 129 128
 128 127 127 128 129 130 131 131 131 130 130 130 131 132 133 133 134 134
 134 133 132 132 132 131 131 130 131 131 131 131 130 130 130 131 130 130
 130 129 130 131 132 132 131 131 131 131 132 133 133 133 130 130 131 130
 130 130 131 131 132 131 131 131 131 130 131 132 131 131 130 130 133 133
 132  30]"
"[ 30  30 123 123 123 122 122 122 122 123 123 124 125 126 125 124 126 125
 125 126 126 125 125 126 126 127 129 129 129 128 129 130 130 130 130 130
 130 130 130 130 130 130 129 128 128 130 130 130 129 129 129 130 130 131
 132 132 131 131 130 130 130 131 131 131 131 131 131 131 130 130 131 131
 133 132 131 130 131 131 131 130 130 131 131 131 130 130 129 130 130 130
 130 130 130 130 130 129 131 130 130 131 132 132 131 130 131 131 130 130
 130 129 127 126 127 129 130 131 131 130 130 131 131 130 129 129 129 129
 128 126 126 127 129 130 131 131 131 131 130 132 133 133 134 134 134 133
 132 132 132 132 132 131 130 130 131 131 131 131 131 131 131 131 130 131
 131 131 131 131 131 130 130 131 132 132 132 131 131 132 132 132 132 131
 131 131 131 130 132 132 132 132 131 130 130 130 132 131 131 131 132 132
 131  28]"
"[ 28  29 123 123 123 122 122 121 122 122 122 123 124 125 125 124 126 125
 125 126 126 126 126 126 125 126 127 128 128 128 130 131 130 130 131 130
 130 130 130 131 131 132 131 130 129 129 130 130 131 131 131 132 132 133
 133 133 132 132 131 131 131 132 132 132 131 131 131 130 130 131 132 132
 132 131 131 131 131 131 131 132 131 131 131 131 130 130 130 129 131 131
 131 131 131 131 131 130 130 130 130 131 132 132 131 130 131 131 131 131
 131 131 130 129 128 129 130 132 132 132 132 132 130 131 131 130 130 131
 131 130 129 130 131 132 131 131 131 131 132 133 133 132 132 134 135 135
 133 133 133 133 132 131 130 130 132 132 132 132 131 131 131 132 131 131
 131 131 131 132 132 132 132 133 133 132 132 132 132 132 131 132 131 131
 130 131 131 131 131 132 133 133 133 131 131 130 132 132 132 132 133 133
 132  29]"
"[ 29  29 123 124 124 123 123 122 122 123 123 123 124 125 126 125 125 125
 124 125 126 126 126 127 124 124 125 126 128 129 130 132 131 131 131 131
 130 130 131 131 132 133 133 131 129 129 130 130 131 131 132 133 133 133
 133 132 133 133 132 132 133 134 134 133 131 131 130 130 131 132 133 133
 131 132 132 132 132 132 132 132 131 131 130 130 130 130 130 130 131 131
 131 131 131 131 131 131 130 129 130 131 132 132 131 130 130 130 130 130
 131 131 131 130 129 129 130 131 132 132 132 131 130 131 131 131 131 132
 133 133 132 132 132 132 131 130 130 130 133 133 132 132 132 134 135 135
 134 134 134 134 133 132 131 131 132 132 132 132 132 131 132 133 132 133
 132 132 132 133 134 135 135 134 133 132 132 132 132 132 131 132 131 131
 131 132 133 132 131 132 133 133 132 132 131 131 132 133 134 133 134 134
 133  29]"
"[ 29  30 123 124 124 123 123 123 123 123 124 124 125 126 126 126 124 123
 123 125 127 127 126 126 125 124 125 127 128 129 130 130 131 130 130 131
 131 132 131 131 132 133 133 132 131 130 131 131 131 131 131 132 133 133
 132 131 134 133 132 132 134 135 134 133 131 131 130 131 132 133 134 134
 133 133 132 132 133 133 133 133 132 131 130 130 130 131 131 131 131 131
 131 131 131 131 131 131 130 130 130 131 131 131 130 130 130 130 130 130
 130 130 130 130 130 130 130 131 132 132 131 129 129 130 130 130 131 133
 134 134 133 133 133 132 131 131 130 130 132 132 133 133 133 134 134 133
 133 133 134 134 134 133 133 132 132 132 132 132 131 132 132 133 133 133
 132 132 133 135 136 137 137 136 133 132 132 132 132 132 131 132 132 132
 132 133 133 132 132 132 131 131 130 131 131 132 133 134 135 134 134 134
 133  29]"
"[ 29  29 122 122 123 122 123 123 122 123 124 124 125 125 125 125 124 124
 124 126 127 127 126 125 125 125 126 128 129 130 129 129 130 129 129 130
 132 133 132 131 131 131 132 132 132 132 132 132 132 131 130 131 132 133
 133 133 134 133 132 132 134 135 134 133 131 130 130 131 133 134 134 135
 134 133 132 132 133 134 134 133 134 133 132 131 131 132 132 132 131 131
 132 132 132 132 131 131 131 131 131 131 131 131 130 129 130 131 131 131
 131 131 131 132 131 131 131 132 133 133 131 130 129 129 128 129 131 133
 133 133 134 133 133 133 133 132 132 132 132 132 133 132 132 133 133 133
 133 133 133 134 133 133 133 133 132 132 132 131 131 131 132 132 132 132
 132 132 133 135 137 137 138 136 134 132 133 133 132 131 132 133 134 134
 133 133 133 131 132 132 132 131 131 131 132 132 134 134 135 134 134 134
 134  29]"
"[ 29  29 122 122 122 122 123 123 121 123 124 125 125 125 125 125 126 126
 126 127 128 127 126 125 125 125 126 128 130 130 130 130 130 129 128 129
 132 133 132 130 130 130 130 131 132 132 131 132 132 132 131 131 132 133
 133 134 134 133 133 133 134 134 134 132 130 130 131 133 134 135 135 135
 134 133 132 132 133 135 135 135 136 135 134 133 133 133 132 132 132 132
 133 133 132 132 132 132 132 132 132 131 131 131 130 130 130 131 132 132
 132 132 132 133 131 130 131 132 133 133 131 130 130 129 128 128 130 132
 133 132 133 133 133 133 133 134 133 133 133 133 133 131 131 131 133 133
 134 134 134 133 133 133 133 133 133 132 132 132 132 132 131 130 133 134
 134 134 135 136 137 137 136 135 133 133 133 134 133 132 134 135 136 136
 136 135 134 132 132 133 134 135 134 133 133 132 133 134 135 133 135 136
 135  30]"
"[ 29  30 122 122 123 122 123 123 122 123 124 124 124 125 125 124 127 126
 126 126 127 126 126 126 126 125 126 128 129 129 130 130 130 129 128 129
 130 131 131 131 131 130 130 131 131 130 131 132 133 132 131 130 131 132
 133 133 134 134 133 133 133 134 133 132 130 131 133 134 135 135 135 135
 133 134 134 134 134 134 135 136 135 135 134 134 133 133 133 133 133 133
 133 133 133 132 132 132 133 133 132 131 131 131 131 131 131 132 133 133
 133 132 132 132 131 131 131 132 133 132 131 130 130 130 129 129 130 132
 133 133 133 133 133 133 134 134 134 133 133 134 134 132 131 131 132 133
 135 135 134 133 133 133 133 134 133 132 131 132 134 134 133 131 135 136
 136 136 136 136 136 135 134 133 133 134 135 135 135 134 136 137 138 138
 137 137 135 134 134 135 136 137 136 135 134 133 134 135 135 134 136 137
 136  30]"
"[ 28  29 122 122 122 122 122 122 121 122 123 123 122 123 123 123 126 125
 125 125 125 126 127 128 126 126 126 128 128 129 129 130 130 129 129 128
 128 129 130 131 133 133 133 133 132 130 131 133 133 133 132 131 131 131
 132 133 134 134 134 134 133 134 133 132 132 133 135 136 135 134 134 134
 133 134 136 135 133 133 134 136 133 133 133 133 133 133 133 133 133 133
 133 133 132 132 132 132 133 133 132 131 131 131 132 132 132 133 134 134
 133 132 132 132 132 132 132 133 133 132 131 130 129 130 129 129 129 131
 132 133 134 134 134 134 135 135 134 133 132 134 135 134 132 131 131 132
 136 135 134 133 133 134 134 135 133 131 131 133 135 136 135 133 135 136
 136 136 136 135 134 132 132 132 133 135 136 137 136 136 135 136 137 137
 136 136 135 134 136 137 137 137 136 135 135 135 134 135 136 135 137 138
 136  29]"
"[ 29  28 120 121 122 122 122 121 122 122 122 122 122 122 122 122 122 122
 122 123 124 126 128 130 130 129 129 130 131 129 129 130 129 130 130 130
 129 129 130 130 130 132 133 132 130 130 132 134 132 133 132 131 131 132
 133 132 135 132 132 136 135 131 134 132 132 135 136 136 135 133 131 132
 135 135 135 134 134 133 132 132 131 132 133 135 136 135 134 133 133 132
 131 132 133 133 132 132 136 134 133 133 132 132 132 133 133 132 133 134
 134 132 132 133 133 133 134 133 132 131 131 131 132 131 131 131 131 132
 134 136 135 134 133 133 134 135 136 136 134 134 134 134 133 132 132 132
 134 135 136 136 135 135 135 135 135 134 134 135 136 136 136 136 135 136
 137 138 137 135 133 133 133 135 135 135 136 138 137 136 136 137 137 136
 135 135 135 135 136 135 135 135 135 135 135 135 135 136 135 136 136 136
 137  29]"
"[ 29  29 121 121 122 122 122 122 122 122 122 122 122 122 122 122 121 122
 122 123 124 127 129 131 131 130 130 130 130 130 130 130 130 130 130 130
 130 130 131 132 131 131 131 131 131 131 132 133 133 133 132 131 132 133
 133 132 130 132 134 134 132 137 134 135 135 136 135 135 135 134 132 132
 130 133 135 135 134 134 134 133 132 133 134 135 135 134 133 132 133 132
 131 132 133 133 132 132 135 134 134 134 134 134 135 136 137 136 135 134
 133 131 131 131 132 132 132 132 132 132 132 131 130 130 130 130 131 132
 134 136 136 135 134 134 134 135 135 135 135 136 137 137 136 135 133 133
 134 135 135 135 136 137 137 136 134 133 133 134 135 135 135 135 136 135
 135 136 137 137 135 135 134 135 136 136 136 138 137 136 136 136 136 136
 135 135 135 136 136 135 135 135 135 135 136 136 136 137 136 136 136 136
 137  29]"
"[ 29  29 121 121 122 122 122 122 122 123 123 123 122 122 123 123 122 122
 122 123 125 127 129 130 131 131 131 130 130 130 130 130 131 131 130 130
 130 131 132 132 132 131 130 130 131 132 132 131 134 133 132 132 133 135
 135 134 132 135 140 137 138 138 132 137 137 136 136 137 136 133 132 133
 136 137 136 133 132 132 132 131 132 133 134 135 136 135 135 134 132 131
 131 132 133 133 132 131 133 134 135 135 135 135 136 137 136 135 134 133
 133 132 132 133 132 131 131 131 133 133 133 132 131 131 131 131 132 132
 133 135 135 134 133 133 134 135 135 136 133 134 136 136 136 134 133 132
 136 136 135 136 137 138 138 136 133 133 132 133 135 136 136 136 136 134
 132 134 136 137 136 136 136 136 136 136 136 137 136 135 135 135 135 134
 134 134 134 135 136 136 136 135 135 135 136 136 137 138 137 137 137 136
 137  29]"
"[ 29  29 122 122 122 121 122 122 122 123 124 124 123 122 123 124 123 123
 122 123 124 126 127 127 129 131 131 130 129 131 131 130 130 130 130 130
 130 131 131 132 132 132 131 132 132 133 132 131 134 133 133 133 134 136
 136 136 137 136 135 128 138 136 135 135 130 131 135 138 137 136 137 139
 133 134 133 132 133 135 135 133 133 134 135 136 136 136 136 136 133 133
 133 134 134 133 132 132 132 134 135 136 135 135 135 135 134 133 133 133
 133 134 134 135 132 131 130 131 133 134 134 133 133 132 132 131 131 131
 132 133 133 132 132 132 133 135 136 136 136 136 137 137 137 136 136 135
 136 136 136 136 137 137 136 135 133 133 133 134 136 137 137 137 135 133
 132 133 135 136 136 136 138 137 137 136 136 136 136 135 137 137 136 136
 136 136 137 138 138 138 137 136 135 135 136 137 136 137 137 138 138 137
 137  29]"
"[ 28  29 122 122 122 122 122 122 122 123 124 124 123 122 123 124 124 123
 122 123 124 125 125 125 127 129 131 130 130 131 131 129 129 129 129 130
 130 131 131 131 132 132 133 133 134 133 132 131 132 132 133 133 134 134
 135 136 138 135 128 143 170 185 188 176 167 152 137 129 128 132 136 137
 139 137 135 132 132 134 136 137 137 137 137 136 135 134 135 135 136 135
 135 136 136 134 133 133 131 134 136 136 136 135 134 133 134 134 134 134
 135 135 135 135 134 133 132 132 134 135 134 133 134 132 131 130 130 130
 131 132 132 131 131 131 133 135 136 136 137 137 137 137 137 137 136 136
 134 136 137 137 136 135 135 134 132 133 134 134 135 136 136 135 134 134
 134 136 137 137 137 137 138 137 137 136 137 137 137 137 137 136 136 136
 136 137 137 138 139 139 138 137 136 136 137 137 136 137 137 137 138 137
 137  29]"
"[ 29  29 122 122 123 122 123 122 123 123 124 124 123 123 123 123 123 123
 122 123 123 124 125 125 125 128 130 130 130 130 130 129 129 129 130 130
 131 132 131 131 131 132 133 134 134 133 133 132 131 132 133 134 134 134
 135 137 136 134 143 201 236 249 242 223 212 204 192 174 152 139 135 131
 132 133 134 135 134 133 134 137 137 137 136 135 134 134 135 136 136 136
 136 136 135 134 133 133 131 134 136 136 135 135 134 133 133 134 135 135
 135 136 136 135 135 134 133 133 133 134 133 133 134 132 130 130 131 131
 132 133 133 132 132 132 133 134 135 136 135 135 136 136 136 135 133 132
 133 135 136 136 135 135 135 134 133 134 134 133 133 134 133 132 133 134
 135 137 137 137 137 138 137 136 135 135 136 136 137 137 136 135 135 135
 136 136 136 136 138 138 138 137 137 137 138 138 137 138 137 137 137 136
 136  28]"
"[ 29  29 122 122 123 123 123 122 123 123 124 123 123 123 122 122 123 123
 123 123 124 124 125 126 126 127 129 130 130 129 129 130 129 129 129 130
 131 132 131 131 131 132 132 133 133 133 133 132 132 132 133 135 135 135
 136 137 134 139 174 235 246 234 216 194 183 185 195 204 204 196 177 156
 134 130 130 135 138 136 135 136 136 135 135 135 136 136 137 137 136 135
 135 135 134 133 133 133 133 135 136 135 135 136 135 134 133 134 135 135
 135 136 136 136 135 135 134 133 133 133 133 133 133 131 130 131 132 132
 133 134 134 133 132 132 133 134 134 135 136 136 136 137 137 136 135 134
 133 134 135 135 135 136 136 135 135 136 135 133 133 134 134 133 134 134
 135 136 137 137 137 138 138 136 135 135 135 135 136 137 138 138 138 138
 139 139 138 138 137 137 137 137 137 138 137 137 137 138 137 137 137 136
 136  29]"
"[ 29  29 122 123 124 124 124 122 123 123 123 123 123 123 122 122 123 124
 124 124 124 124 125 126 126 126 128 130 130 128 128 130 130 129 129 129
 130 131 131 131 131 131 131 131 133 133 133 132 132 131 132 134 135 135
 135 137 135 149 198 223 208 176 163 138 138 141 153 165 174 189 198 195
 188 164 140 130 130 131 135 139 137 137 136 136 137 137 137 136 136 135
 135 135 135 134 134 134 136 137 137 136 136 137 137 135 135 136 137 135
 135 136 136 134 135 135 135 133 132 132 132 133 131 130 130 131 132 132
 132 133 134 133 132 132 132 133 134 134 136 136 135 135 136 136 137 137
 135 135 134 134 135 136 137 136 136 137 136 134 133 135 136 135 137 136
 136 136 137 137 138 138 140 138 136 136 136 136 136 138 137 137 137 137
 138 138 137 136 137 137 137 137 137 137 136 136 137 137 136 136 137 136
 137  30]"
"[ 29  29 122 122 122 122 123 123 122 122 122 123 124 123 123 123 122 125
 126 126 125 124 125 125 126 128 129 130 129 128 129 130 131 131 131 130
 130 130 131 132 131 130 131 132 132 132 132 132 131 133 134 133 133 133
 134 135 136 149 194 191 154 125 105  93 108 114 115 117 119 147 163 174
 182 184 181 168 147 134 133 135 138 141 139 138 136 136 138 136 136 136
 134 133 134 133 132 133 135 136 138 137 133 135 138 136 136 136 137 137
 137 137 136 135 135 136 135 134 133 133 133 132 131 130 130 131 132 133
 134 134 135 133 131 131 132 132 134 135 138 137 137 137 136 136 137 137
 135 135 134 132 132 135 138 138 137 136 135 134 134 135 136 137 136 136
 136 137 138 138 138 138 139 138 137 136 135 136 137 138 137 137 137 137
 138 138 138 138 137 137 137 137 137 137 136 135 136 137 137 137 136 136
 138  29]"
"[ 29  29 121 122 122 122 123 122 123 123 123 124 124 123 123 122 123 125
 127 126 125 125 125 126 126 126 128 129 130 129 129 129 129 129 130 130
 131 131 131 131 131 131 131 132 132 132 132 132 134 135 136 136 135 135
 135 135 129 146 175 143  97  64  55  56  68  71  73  80  83 101 110 123
 139 154 173 184 183 171 152 137 130 137 139 140 138 137 138 135 133 135
 135 134 133 132 131 133 132 133 134 135 136 135 135 136 136 136 137 137
 137 137 136 136 136 136 136 135 134 133 133 132 133 132 131 131 133 135
 136 136 136 134 132 131 132 132 134 135 137 136 136 136 136 137 137 137
 136 136 135 133 134 136 138 138 137 137 136 136 136 136 137 138 137 137
 137 137 138 138 138 138 139 138 137 137 137 137 138 139 138 138 138 138
 138 138 138 138 139 138 138 138 138 137 136 136 135 136 137 137 136 137
 138  29]"
"[ 29  29 121 122 123 123 123 122 123 123 123 124 125 124 123 122 124 126
 127 126 125 125 125 126 125 125 126 128 130 130 129 127 126 126 128 129
 130 131 131 130 130 130 130 131 131 130 130 131 135 136 136 136 136 136
 135 134 132 139 137  85  53  35  33  31  34  40  40  41  47  63  61  59
  65  75  94 127 166 188 186 177 155 142 131 134 138 134 135 136 136 137
 136 135 135 136 136 136 135 137 135 134 138 137 133 133 136 136 137 137
 136 136 137 138 135 135 135 134 133 134 133 133 135 133 131 131 134 136
 137 137 137 134 132 130 131 131 133 135 137 136 135 135 136 137 138 138
 137 135 134 135 135 135 136 138 136 136 137 137 136 136 137 138 137 136
 136 136 137 137 137 137 137 137 137 137 137 138 139 139 138 138 138 138
 138 138 138 138 139 139 138 138 137 136 136 136 136 136 138 138 137 137
 139  29]"
"[ 29  29 122 122 123 122 123 123 122 122 123 124 125 124 123 122 123 125
 126 126 125 125 126 126 125 125 125 127 128 128 127 126 125 126 127 128
 128 129 129 130 130 130 130 130 130 129 129 130 134 134 134 134 135 135
 134 133 130 133 125  81  48  29  27  32  34  33  31  36  42  49  43  44
  51  56  59  73 102 134 161 180 185 178 160 143 133 132 138 140 139 137
 135 133 133 136 137 135 136 138 136 132 133 136 137 135 135 136 137 136
 136 136 137 138 135 135 133 133 133 134 135 134 136 135 133 132 134 135
 136 137 136 134 132 131 131 131 132 134 137 136 136 135 136 136 137 138
 138 136 135 136 137 136 136 137 136 137 137 137 136 136 137 138 137 136
 136 136 136 137 137 137 137 137 137 137 137 138 138 139 138 138 138 138
 138 138 138 138 138 138 138 137 136 136 136 136 136 137 138 139 137 137
 138  28]"
"[ 28  29 123 123 122 121 122 122 122 122 122 124 124 123 122 121 122 124
 125 125 125 126 127 127 125 125 125 126 126 126 126 126 127 128 129 128
 127 127 129 131 131 131 131 131 131 130 130 131 133 133 133 132 133 134
 134 133 133 132 131 112  73  38  27  31  31  31  32  35  36  39  40  46
  43  49  49  48  55  68  91 117 162 175 187 186 165 139 132 135 139 136
 135 134 132 134 137 135 137 136 139 140 137 137 138 134 134 135 136 136
 136 136 137 138 137 136 134 133 133 135 136 136 137 137 136 135 134 135
 136 136 137 135 134 133 132 132 133 134 136 137 137 136 136 136 137 139
 139 137 137 138 138 137 136 137 137 137 138 138 137 137 138 139 137 137
 136 136 137 137 137 137 139 139 138 138 138 138 138 138 137 137 137 138
 138 138 138 138 138 138 138 138 137 137 137 138 137 137 138 138 137 137
 138  28]"
"[ 28  29 123 122 121 119 120 120 122 122 122 123 122 121 120 120 120 122
 123 123 124 125 126 127 126 126 126 126 125 125 127 128 129 129 129 128
 126 127 128 130 130 130 130 130 130 130 130 131 132 132 131 130 131 133
 133 133 130 129 133 142 124  96  64  38  28  28  31  31  33  41  42  41
  38  36  34  38  45  48  54  65  73 104 140 170 185 181 161 136 137 135
 136 137 134 136 140 140 140 132 131 137 138 136 137 138 135 136 137 137
 137 137 137 138 139 138 136 134 133 135 136 137 137 137 137 136 134 134
 135 135 136 135 135 134 133 132 133 133 136 136 137 137 136 137 138 139
 139 138 138 138 138 137 136 136 136 137 137 137 137 137 138 139 137 137
 136 137 137 138 137 137 140 139 138 138 137 137 138 138 137 137 137 138
 138 138 138 138 137 137 137 137 137 137 138 138 138 138 138 139 138 139
 139  29]"
"[ 29  29 121 121 121 120 120 119 122 122 122 121 120 118 118 119 120 121
 122 123 124 125 126 127 127 127 127 126 126 127 128 129 129 129 129 128
 128 128 128 129 129 128 128 129 129 129 129 130 130 130 130 129 130 131
 131 131 134 134 130 134 136 133 120  98  61  39  32  34  35  37  37  37
  38  33  31  34  39  44  51  58  57  63  81 117 154 173 173 162 145 136
 134 136 135 136 138 137 133 138 140 142 141 132 128 135 138 138 138 138
 138 138 139 139 139 139 137 135 134 135 136 137 137 137 136 135 135 134
 135 135 135 135 135 135 134 133 133 133 136 136 136 137 137 137 138 138
 137 138 138 136 136 136 135 135 134 134 136 137 137 138 138 138 137 137
 137 137 138 138 138 137 139 138 137 137 137 137 138 138 138 138 138 138
 138 138 139 139 137 137 136 136 137 137 138 138 139 139 139 139 138 139
 140  30]"
"[ 29  28 120 121 122 122 122 120 121 121 121 121 119 117 117 119 122 123
 124 124 125 127 128 128 128 128 127 127 127 128 129 130 129 129 129 129
 130 130 130 129 129 128 128 129 129 129 130 130 130 130 130 130 130 131
 131 130 127 132 129 130 132 130 136 134 123  91  66  47  37  40  44  38
  36  33  32  33  34  38  43  46  48  54  58  66  83 113 147 166 163 145
 136 137 137 138 136 131 145 187 212 210 193 159 133 134 140 139 138 138
 138 139 140 141 140 140 139 137 136 137 138 138 139 137 136 136 136 136
 136 136 136 136 136 135 135 133 134 135 138 137 136 136 138 138 137 136
 137 138 138 136 135 136 136 134 133 134 136 138 139 140 139 139 138 138
 138 139 139 139 139 138 138 138 137 137 137 138 139 140 139 139 139 139
 139 139 139 139 139 138 137 137 137 138 138 138 139 138 138 138 137 137
 138  28]"
"[ 28  30 121 120 122 122 122 122 123 122 122 122 120 117 116 116 121 122
 123 123 124 126 127 128 128 128 128 128 128 128 129 130 129 129 129 129
 129 130 130 130 130 130 130 130 130 130 130 131 131 130 130 130 130 130
 130 130 130 131 131 131 130 130 130 131 134 133 128 106  74  54  49  44
  42  37  33  37  33  37  39  41  44  47  52  50  56  65  82 118 166 174
 157 147 131 137 135 141 207 239 246 243 235 219 182 153 142 138 135 135
 133 133 139 138 137 136 136 138 138 137 138 138 138 136 136 135 135 138
 137 134 136 135 133 134 135 137 136 135 137 137 137 137 137 136 137 137
 136 136 135 135 135 136 136 135 136 136 137 138 138 138 137 136 139 138
 137 138 139 140 138 137 138 138 138 137 136 137 138 138 137 138 138 138
 138 138 138 138 137 137 138 138 138 138 138 138 139 138 136 136 137 138
 137  28]"
"[ 28  29 121 120 123 123 123 123 122 121 122 123 121 118 117 118 121 122
 122 122 123 124 126 126 128 127 127 128 129 129 130 130 129 130 130 129
 129 130 130 130 130 130 130 130 130 130 130 131 132 131 131 131 131 131
 131 131 130 131 131 131 130 130 130 131 128 129 131 129 122 112  88  59
  42  38  37  38  36  37  37  38  39  41  45  44  52  58  62  80 124 158
 172 165 140 130 132 164 220 232 226 221 217 217 208 198 181 161 144 144
 146 150 159 161 159 154 137 133 135 140 138 140 138 136 136 136 134 136
 138 139 135 133 132 132 134 135 135 135 137 137 137 136 134 134 135 136
 136 135 135 135 136 136 136 136 136 136 137 138 138 138 137 136 138 137
 137 138 139 139 138 136 137 137 137 137 137 137 137 138 137 137 138 138
 138 138 137 137 138 138 138 138 138 138 139 139 140 139 137 137 138 139
 139  29]"
"[ 30  29 120 119 122 123 123 124 121 121 122 123 122 120 119 120 123 123
 123 123 123 124 125 126 126 126 126 128 130 130 130 130 129 130 130 129
 129 130 131 130 130 130 131 130 130 130 131 131 132 132 131 131 131 131
 131 130 130 131 132 132 131 130 130 131 132 131 131 132 135 138 127 108
  68  50  38  42  47  38  35  39  38  36  39  39  43  48  50  60  76 111
 146 167 170 153 137 167 208 198 181 169 153 147 159 173 187 188 189 195
 202 216 235 243 237 219 187 159 131 135 137 138 139 137 138 138 136 135
 137 138 136 135 133 133 135 136 136 136 138 138 137 135 134 134 135 137
 137 136 136 136 136 137 136 136 136 136 136 137 136 136 136 136 137 137
 138 139 139 139 138 137 137 137 137 138 138 138 138 138 139 139 139 140
 140 139 139 139 138 139 139 139 138 138 138 139 138 138 137 137 138 138
 138  29]"
"[ 30  28 118 118 120 121 122 123 122 122 122 123 122 121 121 122 124 125
 124 123 123 124 125 126 126 125 126 128 130 130 130 130 129 129 129 129
 129 130 130 130 130 130 130 130 130 130 131 132 132 132 132 131 131 131
 130 130 131 132 133 133 132 131 131 132 133 131 131 130 127 128 134 138
 131 106  73  48  45  39  34  31  36  33  38  39  38  40  45  53  60  71
  87 118 161 172 158 166 180 142 112  93  76  71  73  81 111 133 158 181
 198 211 222 223 226 221 211 193 157 144 139 140 138 136 137 139 138 139
 139 138 138 137 135 135 135 136 137 137 138 137 136 135 134 135 136 137
 137 136 136 136 137 137 136 136 134 135 135 135 135 136 136 137 138 138
 139 139 140 139 139 139 138 138 138 138 139 139 139 138 137 137 138 138
 138 138 137 137 137 138 139 138 137 137 138 138 137 137 136 136 137 137
 138  29]"
"[ 31  28 118 117 119 119 121 123 123 123 123 123 122 122 122 123 124 124
 124 123 123 124 125 125 125 125 125 128 129 130 129 129 128 129 129 129
 129 130 130 130 129 130 130 130 130 130 131 132 133 133 133 132 132 131
 131 131 132 133 134 134 133 133 132 133 133 130 130 133 132 128 129 133
 137 133 118  87  64  42  37  39  40  37  38  36  33  37  43  48  56  62
  60  70 110 146 165 172 155 101  66  42  38  46  42  39  48  67  91 117
 134 142 155 164 175 188 197 197 190 168 141 138 137 137 138 138 137 138
 139 137 137 136 135 134 134 134 135 135 136 135 134 134 135 136 136 135
 134 134 134 135 136 136 136 135 134 134 134 134 135 136 137 137 139 139
 139 139 139 139 139 140 139 138 138 137 138 138 138 138 137 137 138 138
 138 137 137 137 137 138 139 138 137 137 137 138 137 138 136 136 137 138
 138  29]"
"[ 30  28 118 118 120 119 120 123 123 123 123 122 122 122 123 123 123 124
 124 123 123 124 124 124 125 125 125 127 129 129 129 129 128 129 129 129
 129 130 130 130 129 129 130 130 130 130 131 132 132 132 132 132 131 131
 131 131 133 133 135 135 135 134 134 133 135 132 131 132 133 133 131 130
 127 130 135 129 108  72  45  34  35  37  38  34  31  34  39  40  40  50
  52  53  65  89 124 147 126  71  44  27  24  31  32  38  43  42  40  51
  66  76  83  85 103 121 145 160 185 193 168 144 134 134 137 139 138 138
 138 137 137 137 136 135 135 134 135 135 135 134 133 134 135 136 135 134
 132 133 133 134 136 136 136 136 134 134 134 135 136 138 138 138 139 139
 139 139 138 138 139 139 139 139 138 138 138 138 138 138 139 139 139 139
 139 139 138 138 138 138 138 138 137 137 137 138 138 138 137 137 137 138
 138  29]"
"[ 29  29 120 121 122 119 119 122 121 122 123 122 122 122 122 122 123 124
 125 124 124 125 125 125 125 124 125 127 128 128 129 129 129 129 129 129
 129 130 130 130 129 129 130 130 130 130 131 132 131 132 132 132 131 131
 131 131 133 133 134 135 136 135 134 134 132 135 135 132 132 132 131 132
 134 131 128 130 133 126  93  59  41  38  35  36  35  32  31  30  41  44
  49  53  54  58  75 100  95  51  32  28  28  26  28  32  32  38  38  40
  45  48  52  54  61  64  83 101 129 180 197 186 155 143 136 138 140 140
 140 140 138 138 138 138 137 136 136 137 135 135 135 136 136 135 134 133
 132 133 133 135 136 136 136 136 134 134 134 135 137 138 138 138 139 139
 139 139 138 138 138 138 138 138 139 139 139 139 139 139 138 138 138 138
 138 137 136 136 137 137 138 137 137 137 137 137 138 138 138 137 137 137
 138  29]"
"[ 29  29 122 123 123 119 118 120 120 121 122 122 122 122 122 121 122 123
 124 125 125 125 125 125 124 124 125 127 128 128 129 130 130 130 130 129
 130 130 131 130 129 129 130 130 130 130 131 132 131 132 132 132 131 131
 131 132 133 133 134 135 136 136 135 133 135 136 135 133 133 131 130 132
 131 134 132 132 131 139 129 111  78  53  31  30  35  31  30  35  38  39
  44  47  51  50  39  48  53  32  23  22  24  21  28  23  29  31  30  37
  42  39  44  53  54  46  57  75  90 138 177 204 200 170 144 137 137 137
 138 138 137 138 138 138 137 137 137 137 136 137 137 137 135 134 132 132
 133 133 133 134 135 135 135 134 134 133 133 134 137 138 137 136 140 139
 139 139 139 138 138 137 136 137 138 139 139 138 139 139 139 139 139 139
 138 138 137 137 137 136 136 136 137 137 136 136 138 139 138 138 138 138
 138  29]"
"[ 30  29 122 122 121 118 118 117 118 120 122 122 122 122 122 122 122 122
 122 124 126 127 127 126 126 125 125 127 129 130 130 129 130 129 129 129
 130 130 130 130 130 130 129 130 130 131 131 131 132 133 134 133 132 132
 132 131 132 133 134 135 136 136 134 132 135 134 133 132 133 133 132 131
 132 132 132 132 132 132 133 134 125  90  55  33  31  34  32  37  39  39
  40  43  45  43  40  38  36  26  20  19  19  22  24  24  28  25  25  31
  35  37  38  39  39  41  52  58  67  92 130 178 207 215 194 156 137 129
 138 138 140 136 137 140 134 136 139 135 136 136 136 136 136 135 134 133
 132 134 135 134 136 137 136 132 132 132 133 134 135 137 138 139 139 139
 139 139 139 138 137 137 137 137 138 138 139 138 138 137 138 138 138 138
 138 138 139 139 140 139 137 137 137 138 138 138 138 138 138 137 136 136
 138  29]"
"[ 29  28 121 121 121 119 118 118 120 122 122 122 121 122 122 122 122 122
 122 123 125 125 125 125 126 126 126 128 129 130 130 129 129 129 129 129
 128 128 129 129 130 129 129 129 130 131 132 132 132 133 133 132 132 132
 132 132 131 132 132 133 135 135 135 133 134 133 132 132 132 132 131 130
 131 131 131 131 131 132 132 132 136 139 117  75  47  34  31  38  40  38
  41  41  37  38  39  33  29  23  19  17  16  17  22  24  25  25  26  28
  31  32  32  31  30  40  45  48  59  73  94 148 183 212 225 217 189 146
 130 138 136 141 140 138 137 135 135 137 137 136 136 136 135 134 133 132
 132 134 134 134 135 137 135 132 133 133 133 134 136 137 138 138 138 138
 138 138 138 138 137 137 137 137 138 139 139 139 139 139 138 138 137 137
 137 137 137 137 139 138 138 138 138 138 138 138 138 138 138 137 136 136
 138  29]"
"[ 29  28 120 120 120 119 119 119 121 123 123 122 122 122 122 122 122 122
 122 123 123 124 124 124 125 126 128 129 130 130 129 129 128 129 130 129
 128 127 128 129 130 129 129 129 130 131 132 132 131 133 133 132 132 133
 133 133 132 132 132 132 134 135 135 134 133 132 131 131 132 132 131 131
 132 131 131 131 132 132 132 132 128 135 137 130 102  60  35  31  37  42
  42  37  36  34  31  30  28  26  24  21  16  14  17  20  22  25  27  26
  27  29  28  25  30  36  42  48  50  61  74 128 174 206 232 239 236 207
 166 138 137 140 138 135 137 138 137 138 137 137 136 135 135 133 132 131
 132 133 133 133 134 136 135 133 134 133 133 134 136 137 137 136 137 137
 137 138 138 138 137 137 137 137 138 139 139 139 139 139 138 138 138 137
 137 137 137 137 138 138 139 139 139 138 138 139 139 138 138 138 137 137
 138  29]"
"[ 30  29 120 119 120 119 120 120 121 122 123 123 123 122 122 122 122 122
 122 122 122 123 124 124 124 126 128 130 130 129 129 129 129 129 130 130
 129 128 129 130 130 130 129 129 130 131 131 131 132 132 133 133 132 133
 133 133 133 133 133 133 133 134 134 134 132 131 131 131 131 132 131 131
 132 132 131 132 133 133 133 132 134 133 133 136 133 121  88  37  32  36
  38  41  42  36  32  33  30  29  30  28  20  16  15  15  18  21  23  22
  23  25  25  23  28  30  35  43  44  57  68 123 182 204 229 234 238 241
 218 176 144 130 133 139 138 134 136 136 138 137 136 135 135 134 133 132
 131 132 133 132 134 136 136 134 133 133 133 134 135 136 136 136 137 137
 138 138 138 138 138 138 137 138 138 138 138 139 139 139 138 138 138 138
 138 138 137 137 137 138 138 138 138 138 139 139 139 139 138 138 137 138
 139  29]"
"[ 29  28 119 118 119 120 121 121 122 122 122 122 121 122 123 123 122 122
 122 122 123 123 124 125 123 125 127 129 129 129 129 129 129 129 129 129
 130 130 130 130 130 130 130 130 131 131 131 130 131 132 132 132 132 132
 132 133 133 133 133 132 133 133 133 132 132 131 131 130 131 131 131 131
 132 132 132 132 133 134 133 132 133 132 133 134 130 134 131 106  59  36
  33  40  35  35  39  33  31  30  29  28  24  20  18  15  14  15  16  17
  18  19  21  23  25  32  31  38  48  59  65 121 169 191 220 229 232 228
 232 227 193 152 134 134 140 138 137 137 137 137 136 136 136 135 134 133
 132 133 133 133 133 135 135 134 132 133 134 135 135 136 137 137 138 138
 138 138 138 138 138 137 138 138 138 138 138 139 139 139 138 138 139 140
 139 138 137 136 138 138 138 138 137 138 138 139 139 139 139 139 138 138
 139  29]"
"[ 29  29 120 119 119 120 123 123 124 123 121 119 119 121 123 124 122 122
 122 123 124 125 125 125 123 124 126 127 128 129 129 129 128 128 128 129
 130 130 130 130 130 130 130 131 132 132 131 131 131 131 131 131 130 130
 130 131 131 132 132 132 132 133 132 132 133 133 132 131 131 131 131 131
 132 132 133 133 134 134 133 132 132 134 131 129 129 131 133 129 116  75
  46  40  39  43  47  42  38  33  29  27  25  24  23  19  16  13  12  14
  15  15  18  23  21  27  28  36  43  53  60  96 149 197 224 230 233 215
 214 227 226 191 156 128 133 137 135 134 136 136 136 136 136 136 135 134
 134 134 134 133 133 133 133 133 132 133 135 136 136 136 137 138 138 138
 138 138 138 137 137 137 138 138 138 138 139 139 140 140 138 139 139 140
 139 138 137 136 138 138 138 138 137 138 138 139 139 138 138 139 138 139
 139  29]"
"[ 29  29 121 119 118 119 122 122 124 123 121 119 120 122 124 125 122 122
 122 123 125 126 126 125 125 125 125 126 128 129 129 129 128 128 129 129
 130 130 130 130 130 130 130 131 132 132 131 131 131 130 130 130 130 128
 129 130 130 131 131 131 131 132 132 132 133 132 132 131 131 131 131 132
 132 132 133 134 134 134 133 132 129 129 132 133 133 131 129 132 127 125
 111  91  72  53  46  51  46  38  31  26  24  26  26  23  20  16  13  14
  15  15  17  21  24  24  30  39  40  51  61  75 118 202 228 227 225 210
 201 211 208 195 178 145 138 137 136 138 134 135 135 136 136 136 135 134
 134 134 133 133 133 132 132 132 132 134 135 136 136 136 137 137 138 138
 138 138 138 138 138 138 138 138 138 138 138 139 139 140 138 139 139 139
 139 138 137 137 139 139 138 138 138 138 138 138 138 138 138 139 139 139
 140  29]"
"[ 28  29 121 117 116 116 119 119 122 122 121 121 122 123 124 124 122 122
 122 124 125 126 126 125 127 125 124 125 128 129 130 129 128 129 130 130
 129 129 130 131 132 131 131 131 131 131 131 131 132 131 131 131 130 128
 128 130 129 130 130 130 130 130 131 130 130 130 130 129 130 130 131 132
 130 131 132 133 133 132 131 131 134 129 134 132 130 133 123 110 114 127
 142 157 163 144 102  67  47  39  31  25  23  25  26  24  21  17  14  14
  15  15  16  18  20  25  25  31  38  47  55  65 136 225 240 236 220 208
 196 200 181 154 149 140 139 135 136 136 133 134 135 135 136 135 134 133
 132 132 133 133 132 132 132 132 135 135 136 137 138 138 137 137 139 139
 139 139 139 139 139 139 138 138 137 137 137 137 138 138 139 139 139 139
 139 139 139 139 139 139 139 139 139 139 138 138 138 138 138 139 139 139
 140  29]"
"[ 29  30 116 117 114 112 114 116 117 120 121 121 122 122 122 125 124 123
 123 125 126 126 126 126 126 126 126 127 129 130 130 130 127 129 130 130
 130 130 129 129 129 130 130 130 130 129 130 131 133 132 131 130 130 130
 130 130 130 131 131 131 129 128 129 129 129 128 129 130 130 128 129 131
 130 131 132 131 131 132 131 130 131 129 131 131 135 124  97  87  89  99
 116 149 167 168 163 141  88  46  35  28  23  28  27  24  20  16  16  18
  18  15  14  16  15  23  22  32  33  39  47  69 173 239 246 238 216 196
 185 179 155 121 107 111 126 134 134 134 132 132 134 134 133 132 132 133
 134 133 132 131 131 132 134 135 134 135 136 136 136 137 138 139 140 139
 139 138 138 138 139 139 138 137 136 137 138 138 138 138 138 139 139 139
 139 139 139 139 139 138 138 137 137 137 137 137 137 138 138 139 139 138
 138  29]"
"[ 29  30 116 116 111 108 109 113 117 119 120 121 123 123 122 124 126 125
 124 125 125 124 124 124 125 125 126 128 130 131 130 129 129 130 130 130
 130 130 130 129 129 130 130 130 130 130 130 131 132 131 131 130 131 131
 130 130 130 130 131 130 130 129 129 130 128 127 128 130 129 127 127 128
 130 131 131 130 131 131 131 130 131 131 132 133 128 101  78  72  63  59
  64  93 123 147 168 173 154 100  39  26  25  26  22  25  17  17  19  23
  22  18  15  16  19  18  24  23  28  37  49  85 214 243 245 235 208 187
 185 168 142 106  97 101 116 128 130 134 133 134 135 135 135 134 133 134
 134 133 132 131 131 133 134 135 136 136 137 137 138 139 139 139 139 139
 139 139 139 139 139 139 140 139 138 138 138 137 137 137 137 138 138 138
 138 138 139 140 140 139 139 138 138 138 138 138 137 138 138 139 139 138
 138  29]"
"[ 29  30 116 115 108 105 107 111 116 118 119 121 123 123 122 123 124 124
 124 124 124 124 124 125 125 125 126 127 129 130 130 129 128 129 129 129
 130 130 130 129 130 130 130 130 130 130 130 131 131 130 130 130 130 130
 130 130 130 130 130 130 130 130 130 130 127 127 128 129 129 127 127 127
 130 131 131 130 130 131 131 131 132 133 129 130 109  69  56  51  46  41
  41  51  64  84 120 152 172 161  85  34  21  28  30  22  18  19  22  24
  23  20  20  22  24  18  22  24  42  50  70 153 239 247 246 233 209 189
 195 175 131  95  92  92 105 124 130 132 133 134 134 135 135 135 135 135
 135 134 133 132 133 134 135 136 137 136 135 136 138 140 139 138 138 139
 139 139 139 139 139 138 138 137 137 137 137 137 137 137 136 137 137 138
 138 138 139 140 140 139 139 138 138 138 138 138 138 138 138 138 139 138
 138  29]"
"[ 29  30 116 115 109 107 109 113 117 119 119 120 123 123 122 122 122 122
 123 124 123 123 124 126 126 126 126 125 126 127 129 130 128 128 129 129
 130 131 131 130 130 131 131 130 130 130 130 129 130 130 130 130 130 131
 131 130 130 130 130 130 130 130 130 129 128 128 129 130 130 129 129 129
 131 131 131 131 131 131 131 131 131 134 128 129  91  47  42  34  32  29
  32  37  45  56  80 114 152 164 148  75  22  25  27  26  21  23  26  28
  27  26  28  31  31  27  25  38  59  72 116 225 242 247 244 228 213 192
 189 170 128  94  94  89  98 125 133 132 133 132 133 134 134 134 134 135
 135 135 134 134 135 135 136 136 136 135 134 134 136 138 139 138 138 138
 138 139 139 138 138 137 136 135 136 137 137 137 137 137 136 136 137 138
 138 138 139 139 139 139 139 138 138 138 138 138 138 138 138 138 139 138
 138  29]"
"[ 29  29 115 115 112 111 113 116 119 120 119 120 122 122 122 122 124 125
 125 125 124 122 123 125 127 127 127 126 125 125 128 130 129 129 129 129
 130 131 130 129 130 131 131 130 131 131 131 130 132 131 130 130 131 132
 132 132 131 130 130 130 130 130 130 129 130 130 130 130 130 130 130 131
 132 131 132 132 132 131 131 130 130 133 130 136  83  35  33  27  31  29
  31  34  41  48  59  84 116 147 160 128  49  27  29  23  23  27  33  35
  35  35  37  39  42  42  43  58  72  99 171 243 247 240 215 198 190 180
 174 162 128  95  96  91  97 123 132 133 133 132 132 132 133 133 133 134
 135 135 135 135 136 136 135 134 135 136 136 135 136 137 138 138 137 137
 137 138 137 137 137 136 137 137 137 138 138 137 136 137 136 137 138 139
 139 139 138 138 138 138 138 138 139 139 139 139 139 139 139 139 139 138
 138  29]"
"[ 29  29 115 116 114 114 115 117 119 120 119 119 122 122 122 122 124 125
 126 126 125 124 124 125 125 128 129 129 127 126 127 128 129 130 130 129
 129 129 128 127 129 130 131 131 131 132 132 131 132 131 130 130 131 131
 132 132 132 131 130 130 131 131 130 130 132 131 130 130 130 130 130 130
 131 130 131 132 132 131 130 130 132 131 130 137  86  32  25  27  24  26
  29  28  31  37  47  68  93 114 138 149 122  39  22  20  27  32  36  38
  39  41  45  47  50  58  63  79 101 137 216 244 241 222 205 201 188 178
 165 150 128  94  95  93  97 115 126 131 134 133 133 133 133 132 132 132
 133 133 134 135 136 136 134 132 134 136 138 138 137 136 136 135 137 137
 137 137 137 136 136 135 134 134 135 136 137 136 136 136 137 138 139 139
 139 139 138 138 138 138 139 139 139 139 139 139 140 140 139 139 138 137
 137  29]"
"[ 29  29 115 116 115 114 115 117 118 119 119 120 122 122 122 123 122 122
 124 125 126 125 125 126 124 127 129 130 129 127 126 126 127 128 129 129
 128 128 127 126 127 129 130 129 129 131 131 131 130 130 129 129 130 130
 131 131 132 131 131 131 131 131 131 131 131 131 130 129 129 130 129 129
 129 128 130 131 131 130 129 130 132 131 129 133 103  45  22  25  25  25
  24  25  29  32  39  52  72  93 115 139 137 106  32  21  31  35  38  38
  40  44  49  52  54  66  74  97 122 171 236 243 236 221 213 210 190 175
 159 141 118  92  94  92  93 108 123 129 133 133 134 135 134 132 131 131
 132 132 133 135 136 136 134 132 133 135 137 137 137 136 136 135 137 138
 138 138 137 136 135 134 130 131 133 135 136 136 136 137 138 138 139 139
 138 138 139 139 138 138 138 138 138 138 138 138 138 139 139 138 137 136
 137  29]"
"[ 29  29 115 117 115 114 115 117 117 118 119 120 122 122 122 123 120 121
 123 125 125 125 125 125 124 126 128 129 129 127 126 125 126 127 129 129
 129 128 127 127 125 128 129 128 128 129 130 129 130 129 129 130 130 130
 130 130 131 131 131 131 131 131 132 132 130 130 130 129 129 130 129 128
 127 127 128 130 130 129 129 130 129 131 132 133 126  66  25  18  23  24
  24  26  28  29  36  47  61  69  89 116 137 138  90  35  30  35  40  42
  44  47  50  51  58  65  77 106 114 184 236 233 219 214 211 202 184 166
 143 123 103  89  92  87  89 108 126 129 131 132 134 136 135 133 131 132
 132 132 133 135 136 136 135 134 133 135 136 136 136 137 138 138 137 138
 139 139 138 137 135 134 133 134 136 137 137 137 137 138 138 138 138 138
 138 138 139 140 138 138 138 138 137 137 137 137 136 138 138 138 137 136
 137  30]"
"[ 28  29 115 118 115 117 114 116 116 116 118 120 121 121 121 121 119 121
 122 122 123 123 123 125 123 123 123 124 126 127 126 125 124 126 126 126
 127 129 129 129 129 128 128 128 129 130 130 131 130 131 131 130 130 130
 130 129 129 130 131 132 132 132 131 130 130 129 130 130 130 129 129 129
 128 127 127 128 128 126 124 123 126 125 127 132 131 118  67  29  20  24
  23  24  28  27  29  39  45  55  68  80 105 139 140 102  38  34  41  42
  44  52  49  55  60  69  81 107 130 191 218 207 203 188 189 183 163 145
 118 100  87  90  86  89  96 108 125 131 133 134 135 134 133 132 132 131
 133 132 133 136 138 137 135 134 133 133 133 135 138 138 137 139 137 138
 139 139 138 138 137 137 135 136 137 138 138 138 137 137 137 137 138 138
 138 138 138 138 139 140 140 138 138 137 136 135 136 136 136 138 139 138
 138  28]"
"[ 29  28 113 115 115 117 114 115 117 116 116 117 118 118 119 120 121 122
 121 122 124 123 122 123 123 123 122 123 124 125 125 124 124 125 125 124
 124 126 127 128 128 127 127 128 129 129 130 130 129 129 130 130 131 132
 131 130 130 130 130 131 131 131 132 132 131 129 127 128 130 131 130 130
 128 127 126 126 126 125 123 123 124 123 127 125 131 131 109  72  29  24
  25  22  24  31  30  29  35  38  49  62  74 101 128 140  89  45  35  44
  49  50  56  56  64  71  84 101 130 194 206 188 184 178 182 173 147 119
  95  81  81  85  83  87  93 106 126 132 133 134 135 134 132 132 132 131
 132 132 133 134 135 135 134 134 133 133 133 135 137 136 134 135 136 136
 138 138 138 137 137 137 139 139 139 139 137 136 135 135 136 136 136 136
 136 136 136 136 137 138 138 138 137 136 135 135 135 137 137 138 138 137
 137  29]"
"[ 31  29 115 114 115 116 113 115 115 115 116 117 118 118 118 118 118 118
 117 118 122 122 121 121 123 122 122 122 123 124 124 124 124 125 125 123
 122 124 126 128 127 127 127 128 129 129 129 128 127 128 129 130 130 130
 129 128 131 130 131 131 131 130 130 131 128 126 125 126 127 128 128 128
 128 127 126 125 124 124 123 123 124 122 128 127 129 133 132 109  60  25
  18  22  22  24  22  27  30  33  40  46  47  66  95 131 132  98  49  40
  44  52  58  69  71  74  89  96 131 189 187 169 161 165 170 157 132  96
  80  72  73  77  81  86  89 103 126 132 132 133 134 132 131 130 131 130
 131 131 131 132 132 132 132 132 132 133 133 134 136 135 132 132 134 134
 135 137 137 136 136 137 138 138 138 138 137 137 137 137 136 136 137 137
 138 138 138 137 137 138 139 140 138 135 134 135 135 137 138 138 138 137
 137  30]"
"[ 28  28 115 112 113 112 110 115 113 114 115 116 117 118 119 120 119 119
 118 118 121 122 121 122 122 122 121 121 122 123 124 124 125 125 125 124
 123 124 125 126 124 124 124 125 126 126 125 125 129 130 131 130 128 127
 126 126 128 128 130 131 131 129 128 129 127 126 127 127 127 127 127 128
 129 128 127 126 126 126 126 126 123 124 127 129 126 127 118 103  79  51
  35  25  18  21  24  23  25  30  33  36  36  51  64  96 138 152 135  84
  50  48  77  72  77  79  93  96 130 173 165 154 150 158 155 138 114  75
  66  62  65  70  77  84  86 100 124 129 132 133 133 132 131 131 131 131
 132 131 131 131 132 133 132 131 132 133 133 134 136 135 133 134 135 134
 134 136 136 135 136 138 139 139 139 138 137 137 136 136 136 136 137 139
 140 140 139 137 138 138 139 140 137 132 131 133 135 137 138 138 138 137
 137  30]"
"[ 28  29 111 109 111 110 108 111 109 110 110 109 110 113 116 117 115 116
 114 113 115 115 115 116 118 118 118 117 118 120 121 122 122 121 121 122
 122 122 121 121 123 123 123 125 125 125 124 124 125 128 129 127 124 123
 124 125 125 125 126 128 128 126 126 127 123 122 121 122 124 125 126 126
 125 125 125 124 124 125 125 124 125 127 127 126 133 127  99  80  74  75
  63  44  26  20  25  23  24  25  25  29  30  37  42  72 109 150 171 155
  93  66  76  79  82  90 100 102 131 159 153 145 151 159 148 124 100  64
  60  60  62  66  73  81  84  98 122 127 129 130 131 131 130 130 130 130
 131 130 129 129 131 133 132 129 129 131 131 131 132 133 132 133 133 131
 131 132 132 132 134 136 137 137 137 136 136 135 134 133 135 135 136 138
 139 138 136 134 137 136 136 137 134 130 130 132 135 137 137 138 138 137
 137  28]"
"[ 30  29  99 100 102 102  98  97  99 101 103 103 103 104 105 104 103 105
 104 104 106 106 106 107 111 112 112 111 111 113 114 115 116 115 115 117
 118 117 116 115 114 115 116 118 118 117 116 116 120 123 125 124 122 122
 123 125 125 123 123 123 122 120 120 123 120 115 112 113 119 122 123 122
 123 123 122 122 123 124 124 122 122 120 123 130 147 112  77  65  63  69
  62  57  41  21  21  25  24  24  24  27  26  27  26  43  69 111 151 166
 155 102  78  85  84  97 103 105 130 151 146 140 146 152 134 105  82  55
  55  59  62  66  70  78  83  97 120 126 127 129 131 131 130 130 130 130
 130 130 129 129 131 133 132 130 130 131 130 129 132 133 132 133 132 132
 131 131 131 133 134 136 137 137 137 137 137 137 136 136 135 135 136 137
 137 136 134 133 136 135 135 136 135 134 134 135 137 138 138 139 139 138
 138  29]"
"[ 29  28  85  89  89  89  86  83  80  84  87  87  86  86  84  83  85  87
  88  89  91  91  90  91  92  93  93  92  92  93  94  95  96  95  95  97
  98  97  96  96  97  99 102 104 104 102 100 100 102 104 106 106 105 106
 107 107 107 105 104 104 102  99 100 103 104 100  97  98 102 105 106 105
 107 107 106 106 108 110 110 107 107 105 113 143 155  88  54  51  47  50
  47  48  44  34  28  21  21  22  23  26  25  25  24  26  31  48  74 105
 135 151 122  89  92 101 104 105 123 139 136 138 147 145 119  88  68  53
  53  57  59  66  69  76  83  95 114 120 123 125 126 126 126 126 126 126
 126 127 126 125 127 129 130 128 128 128 126 125 130 132 131 129 129 131
 131 130 130 133 135 135 138 138 137 136 136 136 135 135 132 132 133 133
 133 133 132 131 133 133 134 134 135 135 134 133 135 136 136 136 136 135
 137  29]"
"[ 29  30  81  87  85  86  87  86  86  88  87  84  83  85  86  86  86  88
  89  90  92  90  87  87  89  91  91  90  89  89  90  91  91  90  90  91
  91  91  91  93  88  91  95  98  97  95  93  92  93  94  95  95  96  96
  95  94  97  95  96  98  97  95  96  99  98  97  97  97  96  96  97  99
  98  97  96  96  99 102 102 100  96 102 109 158 162  85  47  40  37  36
  39  43  46  46  36  22  24  20  20  24  23  23  28  28  33  27  43  49
  72 125 147 134 111 112 113 113 121 131 129 144 142 133 101  70  55  51
  51  52  54  63  68  75  82  92 107 112 111 113 113 113 112 113 113 113
 114 115 115 113 114 117 119 119 117 116 112 113 119 122 120 117 119 122
 123 121 122 126 127 126 124 123 123 124 126 128 129 129 126 126 126 126
 126 127 127 127 129 129 129 129 130 131 129 127 128 130 131 130 130 130
 133  27]"
"[ 29  29  84  84  83  84  87  86  86  85  85  85  85  85  86  87  88  87
  87  88  89  89  89  89  90  90  89  89  89  89  90  90  89  89  89  89
  89  89  91  92  92  92  93  94  95  94  93  93  94  94  94  94  94  94
  96  97  95  95  95  96  96  96  95  95  96  96  96  96  97  97  97  98
  98  96  96  97  98  99  98  98 101 101 108 170 154  71  38  38  33  31
  32  36  42  43  39  34  24  21  20  22  24  24  25  25  27  22  32  40
  38  61 112 150 146 139 121 113 116 121 131 143 132 111  82  61  52  48
  47  48  54  59  66  76  81  89 103 110 112 112 112 111 109 109 111 112
 109 111 112 112 110 109 111 114 115 113 111 111 112 113 113 112 114 114
 115 115 116 117 116 115 115 117 118 119 119 119 119 120 118 118 119 120
 121 122 121 120 122 123 124 123 122 121 122 123 122 122 121 122 122 122
 121  29]"
"[ 29  29  85  84  84  84  86  85  85  84  84  85  86  86  87  87  87  86
  87  88  88  88  88  88  89  89  89  89  89  89  89  89  89  89  89  89
  89  90  90  91  93  93  94  95  95  94  94  94  94  94  93  92  92  93
  95  96  95  95  95  96  96  96  96  96  97  97  97  97  97  97  97  97
  98  97  96  98  99  99  98  98 100 103 117 162 135  59  31  29  29  30
  33  35  37  38  39  40  31  25  20  19  21  23  24  24  22  25  28  35
  40  40  63 100 141 148 137 120 112 117 128 135 116  88  60  49  48  44
  42  43  47  53  61  72  80  89 104 112 111 111 111 110 110 110 111 113
 111 111 111 111 111 111 112 114 114 113 112 112 114 114 114 113 114 114
 115 115 116 117 117 116 116 117 118 118 118 118 119 120 118 117 118 118
 119 120 120 119 121 122 123 122 121 119 119 120 121 120 120 121 121 121
 121  29]"
"[ 29  29  85  85  85  84  86  83  84  83  84  86  87  87  87  87  86  86
  87  88  88  87  87  87  88  89  89  89  89  89  89  89  88  89  90  90
  90  90  90  90  92  92  92  93  94  94  94  95  93  92  91  90  90  91
  93  95  95  95  95  96  96  96  97  97  98  98  97  97  97  97  97  97
  98  97  97  98 100 100  98  98 101  96 121 152 109  42  33  31  27  29
  32  32  32  33  37  41  38  32  24  20  19  20  22  24  25  25  23  28
  39  42  50  67  91 115 126 117 107 108 114 110  95  63  41  41  43  40
  39  40  44  51  58  68  76  86 100 108 110 110 111 110 110 111 112 113
 114 112 110 110 112 113 113 114 112 112 113 113 114 115 114 114 114 114
 115 115 116 117 117 116 117 117 118 118 117 117 118 119 119 118 116 115
 116 118 119 120 120 121 122 122 121 120 119 118 119 119 118 120 120 121
 120  29]"
"[ 29  29  84  84  84  84  85  83  84  83  83  85  87  87  86  86  85  86
  87  87  87  87  87  88  88  89  89  89  89  89  89  89  87  88  89  90
  90  91  91  91  90  90  91  92  93  93  94  96  93  92  91  91  91  92
  94  95  94  94  95  95  96  96  97  97  98  98  97  97  97  97  97  97
  98  97  97  98  99  99  98  97 101  96 115 155  92  44  31  25  29  30
  30  30  30  32  34  36  39  37  32  26  20  17  19  22  22  25  26  27
  33  43  58  73  78  97 108 104  97  97 101  95  72  49  37  39  38  36
  38  39  43  50  55  63  71  80  95 104 109 110 110 111 111 111 112 113
 114 112 110 111 113 114 114 114 111 111 113 114 115 115 115 115 114 115
 115 115 116 117 117 117 118 118 118 118 118 118 118 119 119 117 114 112
 113 116 119 121 119 119 121 122 122 121 120 120 118 118 118 119 120 120
 120  28]"
"[ 29  28  83  83  83  84  86  84  84  83  83  84  85  85  85  85  85  86
  87  87  87  88  88  88  88  88  89  89  89  89  89  88  87  88  88  89
  90  91  91  92  90  90  90  91  92  92  94  95  94  93  93  93  93  93
  94  94  93  94  94  95  95  96  96  97  97  97  97  97  97  97  97  97
  98  97  97  98  98  98  97  97  98 101 116 154 110  65  43  33  30  30
  31  31  31  31  31  31  36  37  37  32  25  20  19  19  19  23  22  25
  32  35  44  63  82  90  89  82  76  78  80  73  51  41  37  38  34  34
  37  37  40  47  51  58  67  76  93 107 109 110 110 111 111 111 112 113
 113 112 112 113 114 114 114 114 112 113 114 114 114 115 115 116 115 115
 116 115 115 116 117 116 118 118 118 118 118 118 118 118 117 116 113 112
 113 116 119 120 117 118 118 120 120 121 121 120 120 119 119 120 120 121
 120  29]"
"[ 30  29  83  83  83  84  86  85  85  84  83  84  84  84  84  84  86  87
  87  86  87  88  88  88  87  87  88  88  88  88  88  88  88  88  87  88
  89  90  91  92  89  89  90  90  90  90  91  93  94  93  93  93  94  93
  93  93  93  93  94  94  95  95  96  96  97  97  96  96  96  96  97  97
  97  97  97  97  98  97  98  98 101  97 110 161 158 109  50  23  28  30
  32  32  31  30  30  31  34  35  36  35  32  28  21  17  19  17  18  23
  28  32  37  39  54  64  64  58  56  58  57  47  39  36  37  37  35  37
  39  36  40  47  50  57  65  73  92 111 109 109 110 110 111 111 111 112
 112 112 113 114 114 114 114 114 114 114 114 114 114 114 114 114 115 116
 116 116 116 116 116 116 117 117 118 118 118 117 117 117 116 116 116 116
 117 118 119 119 118 118 118 118 119 120 120 120 121 121 120 121 121 121
 121  30]"
"[ 29  29  84  82  82  83  86  85  86  85  84  85  85  84  84  84  87  87
  86  85  85  87  88  87  87  87  87  87  88  88  88  88  89  88  87  88
  88  89  90  90  89  89  89  90  89  89  89  91  93  92  93  93  94  94
  93  93  93  93  93  94  94  95  95  96  97  97  96  96  96  96  96  96
  96  96  97  97  97  98  99 101  97  97 128 206 212 182  80  26  26  27
  29  29  29  29  30  30  33  34  34  34  33  30  24  18  15  16  22  24
  21  29  37  35  40  49  45  39  41  46  46  40  36  35  36  37  37  37
  38  39  42  49  51  57  63  68  88 111 108 108 109 110 110 111 111 111
 111 111 112 114 114 114 114 115 114 114 114 113 113 113 113 113 114 115
 116 116 116 116 116 116 117 117 117 117 117 117 117 117 117 117 117 118
 118 119 119 118 118 118 118 119 119 119 120 120 121 120 119 121 121 121
 121  29]"
"[ 29  28  83  82  81  81  84  83  86  85  85  86  86  85  84  85  87  87
  86  84  84  86  87  86  87  87  87  88  88  88  88  89  89  89  88  88
  88  89  89  89  88  89  90  90  89  89  90  91  92  92  92  94  95  96
  95  95  93  93  93  94  94  94  95  95  97  97  97  96  96  96  95  95
  95  96  97  97  97  98 101 103  98 115 194 233 222 185 100  30  25  24
  23  25  27  29  29  29  31  32  33  31  29  27  23  19  18  19  16  18
  27  28  28  35  39  41  31  24  29  34  36  36  36  35  35  37  37  34
  35  41  42  48  51  57  61  64  85 110 107 107 108 109 110 110 110 110
 111 111 112 113 114 114 114 114 114 114 114 114 114 114 114 114 113 115
 116 116 116 116 116 116 118 118 117 117 117 118 118 118 118 117 116 116
 116 117 118 118 117 118 118 119 119 119 120 120 119 119 118 119 120 120
 120  29]"
"[ 29  29  83  82  83  82  83  82  83  85  87  87  85  84  83  83  85  85
  86  87  87  86  87  87  88  88  88  88  88  87  87  88  89  89  88  88
  88  88  89  90  89  90  90  90  90  90  90  89  91  91  90  91  93  95
  94  93  92  93  93  91  91  93  94  94  93  94  96  96  96  95  95  96
  96  96  97  98  98  97  98  99 104 160 216 217 177 116  51  29  30  25
  21  22  24  25  26  27  29  32  33  30  26  25  24  23  23  21  19  19
  21  24  28  31  35  30  24  21  23  29  33  33  33  33  33  35  36  37
  39  41  44  47  51  58  62  57  89 110 106 108 109 109 109 109 110 111
 111 111 111 111 112 113 114 114 114 115 115 114 114 114 114 114 114 115
 116 116 116 116 117 117 117 116 116 116 117 118 118 117 117 116 116 115
 115 115 116 118 119 119 119 119 118 117 118 119 119 119 119 119 118 119
 120  30]"
"[ 29  29  83  83  84  83  83  82  84  85  86  86  84  83  83  83  83  83
  84  85  86  85  85  86  86  86  86  86  86  86  87  89  88  87  87  87
  88  88  89  90  90  90  90  90  89  89  89  89  89  90  90  90  91  92
  92  91  91  92  92  91  92  93  94  93  95  95  96  96  96  96  95  95
  95  95  96  97  97  97  97  98 131 188 205 176 111  57  31  30  30  27
  24  24  24  23  23  24  27  30  32  28  25  24  24  24  25  24  21  20
  19  20  23  26  25  21  19  21  24  27  29  31  31  31  32  34  35  36
  38  41  46  51  54  57  61  59  92 110 107 109 109 109 109 111 112 112
 111 111 111 112 112 113 113 112 112 114 114 114 114 114 115 114 114 115
 115 115 115 116 116 117 117 116 116 116 117 117 117 117 116 116 116 117
 117 116 116 116 118 118 118 118 117 117 117 118 118 119 118 119 118 118
 119  29]"
"[ 29  29  84  84  85  83  84  82  84  84  84  84  83  83  84  84  83  82
  82  84  85  85  84  84  84  84  85  86  86  86  87  88  87  86  85  86
  88  89  90  90  89  89  89  89  88  87  88  88  89  90  91  91  90  90
  90  90  90  91  92  92  93  94  94  93  95  94  95  96  97  97  95  94
  93  93  94  96  96  96  97  99 147 193 171 111  53  27  30  32  31  29
  28  28  26  24  22  22  23  26  29  27  24  23  24  25  27  26  24  22
  19  19  20  23  17  15  15  19  22  24  26  29  29  31  33  34  34  35
  38  42  46  52  53  52  55  59  91 107 105 107 107 107 108 110 111 111
 111 111 111 112 112 112 112 111 111 112 113 113 113 114 114 114 115 115
 115 115 115 115 115 116 116 116 116 117 117 117 116 116 115 115 116 117
 117 116 115 115 117 117 117 116 116 116 117 117 118 118 118 118 117 117
 119  29]"
"[ 29  29  83  83  84  83  83  83  83  82  82  82  83  83  84  84  84  83
  82  83  84  84  83  83  82  83  85  86  87  86  85  85  86  84  83  85
  87  89  89  89  87  88  88  87  86  86  87  88  89  90  91  91  90  91
  90  90  89  89  90  91  92  93  92  91  93  93  95  96  97  97  96  94
  92  92  93  94  95  96  98 100 156 168 121  57  32  30  35  29  30  30
  30  30  29  26  24  23  20  23  26  26  24  24  24  24  26  26  25  24
  23  22  22  24  18  17  17  18  19  21  24  27  31  32  34  36  35  35
  39  44  49  54  53  51  54  60  89 105 105 107 108 108 109 111 111 110
 110 110 110 111 111 111 111 111 111 111 111 111 111 112 113 114 114 114
 114 114 114 114 114 115 115 115 116 116 116 116 115 115 115 114 114 114
 115 115 115 116 116 116 116 116 116 116 117 117 117 118 117 117 116 117
 118  28]"
"[ 29  29  82  82  83  82  83  82  81  81  80  81  82  83  83  83  84  82
  81  81  82  82  82  82  83  84  85  86  85  84  84  84  85  83  81  83
  85  87  86  86  85  86  87  86  86  86  87  88  88  88  89  89  89  90
  90  89  89  88  88  89  90  90  90  90  91  93  95  96  96  95  94  94
  92  92  92  93  95  96  99 102 157 137  68  32  26  29  30  30  30  30
  30  31  31  29  26  24  23  24  25  25  24  24  24  24  25  24  24  25
  26  26  26  26  25  25  23  19  18  21  25  27  31  33  36  37  36  37
  41  46  49  51  50  50  51  58  82  98 104 107 108 107 106 108 109 109
 109 109 109 110 110 110 111 111 111 111 110 109 109 110 111 112 112 112
 112 113 114 114 114 115 114 114 115 115 115 114 114 114 114 114 113 114
 114 114 115 117 115 115 115 115 116 116 117 117 117 117 117 117 116 117
 118  28]"
"[ 29  28  81  80  81  80  82  82  81  81  80  81  81  82  81  81  83  82
  81  81  82  82  83  83  85  84  83  83  82  82  83  85  85  83  81  82
  85  86  85  84  84  85  85  86  86  86  87  88  87  87  87  87  88  89
  90  89  89  88  88  89  90  90  90  90  90  91  93  93  93  91  91  91
  92  91  91  92  93  95  98 100 140 115  34  26  23  26  28  29  30  30
  30  31  31  31  28  26  30  29  28  26  25  24  24  24  25  25  25  27
  29  29  28  27  29  31  29  23  20  23  27  28  31  32  35  37  38  39
  43  48  49  49  47  48  49  55  74  89 100 104 107 106 104 106 108 108
 109 109 109 109 108 109 110 110 110 110 109 108 107 109 110 111 109 110
 111 112 113 114 114 114 114 114 115 115 114 114 114 114 113 114 114 115
 115 114 115 116 115 115 115 115 115 116 116 117 117 117 117 117 116 117
 118  28]"
"[ 29  28  81  80  80  80  81  81  82  81  81  80  81  81  81  81  82  81
  81  82  82  82  82  82  83  82  82  82  81  81  82  84  85  82  81  82
  84  85  84  83  82  83  84  84  85  85  86  86  86  87  87  86  86  88
  89  89  88  88  88  90  90  89  90  91  90  90  90  90  89  89  89  89
  91  91  91  91  92  93  95  97 119  95  26  27  26  26  27  26  31  31
  31  30  31  31  30  29  33  33  33  31  28  25  24  24  26  25  25  27
  29  29  29  29  31  33  31  25  23  25  28  30  31  32  34  36  38  40
  44  48  50  50  47  48  48  54  69  81  92 101 109 110 108 109 109 108
 107 107 108 108 108 108 109 109 109 110 109 108 107 108 109 109 108 109
 110 112 113 113 113 112 113 114 114 114 114 114 114 114 113 114 115 116
 115 113 113 114 114 115 115 115 115 115 116 117 117 117 117 117 116 117
 119  29]"
"[ 29  29  81  80  80  79  81  80  81  81  80  80  80  81  81  81  80  80
  81  81  81  80  80  80  80  80  81  82  82  81  81  82  83  81  79  80
  82  83  82  81  81  81  82  83  83  84  84  84  85  86  87  85  85  86
  88  89  86  86  87  89  89  88  89  91  91  90  89  88  89  90  90  90
  90  90  90  91  91  91  92  94 104  72  27  25  33  26  26  32  31  32
  32  31  30  31  32  32  33  35  38  37  32  27  24  24  24  24  24  26
  27  27  29  30  32  32  30  26  23  24  28  32  32  32  34  36  39  41
  44  47  48  48  45  43  43  51  63  73  80  93 106 110 109 109 107 104
 104 105 107 107 108 108 109 109 108 109 109 108 108 108 109 109 109 110
 111 112 113 112 111 110 111 112 112 112 112 112 113 113 114 115 115 115
 113 111 112 114 114 114 115 115 114 114 115 117 117 117 117 117 116 117
 119  29]"
"[ 29  31  79  81  82  81  80  79  78  79  80  80  81  82  81  78  80  81
  82  80  79  80  81  81  80  81  81  80  81  82  82  82  83  81  81  82
  82  82  81  80  81  81  82  83  83  83  83  83  86  86  85  84  84  85
  87  88  87  87  87  88  89  90  90  90  90  90  89  89  89  89  90  90
  90  90  90  90  91  91  91  92  90  64  22  32  29  29  30  31  31  30
  30  32  32  31  30  32  34  37  40  40  38  35  30  25  24  25  24  24
  25  24  27  31  34  31  27  24  24  25  28  30  32  34  36  38  40  42
  44  44  46  45  44  43  44  48  53  58  67  79  93 103 110 112 109 107
 105 104 108 105 106 105 109 108 108 109 109 108 107 107 107 107 110 110
 110 110 109 110 110 111 112 111 111 111 112 113 114 115 114 114 113 113
 113 113 112 111 114 114 114 114 114 115 115 116 116 117 116 114 114 115
 115  30]"
"[ 28  29  77  79  80  80  80  79  79  79  79  79  79  79  78  76  79  80
  80  79  78  78  79  79  80  81  81  81  81  81  81  80  81  80  79  80
  81  81  81  81  81  81  81  82  82  83  83  83  84  84  84  83  82  82
  84  85  86  86  86  87  88  88  88  89  88  88  88  88  88  88  89  89
  89  90  90  90  90  90  91  91  90  65  28  29  29  31  29  33  34  33
  32  32  31  30  30  31  37  38  40  40  40  40  36  32  27  26  23  23
  26  26  27  30  32  29  25  24  24  26  28  31  32  34  36  38  40  42
  44  44  45  44  43  42  43  46  51  55  61  70  80  92 105 112 113 113
 109 108 110 105 106 105 108 104 108 109 109 108 108 108 108 108 109 109
 109 109 109 109 109 110 112 111 111 111 111 112 112 113 114 113 113 113
 114 114 114 113 114 114 114 114 114 114 114 114 115 116 115 113 114 114
 114  29]"
"[ 29  29  76  77  79  80  80  80  79  79  79  78  78  77  77  75  79  79
  79  78  78  78  79  78  79  80  81  81  81  81  80  79  80  79  79  79
  80  81  81  81  81  81  81  81  81  82  83  83  84  84  83  82  81  81
  82  84  84  84  85  86  86  86  87  87  88  88  89  88  88  88  89  90
  90  90  90  91  91  91  91  90  88  81  49  27  26  29  23  31  30  30
  29  27  26  27  29  30  36  40  44  43  42  41  40  39  35  30  24  21
  23  23  23  24  25  23  21  21  23  25  28  31  32  34  35  37  39  41
  42  43  45  44  43  43  43  45  48  51  52  59  67  78  92 104 112 116
 116 110 106 103 105 104 106 107 106 107 108 108 107 107 107 107 110 109
 109 109 109 110 110 110 112 111 111 111 111 111 112 112 112 112 112 112
 113 114 114 114 114 114 115 115 115 114 114 113 114 115 114 113 114 114
 113  29]"
"[ 30  29  75  76  78  80  80  79  78  78  78  77  76  76  76  76  78  78
  77  77  77  78  78  78  77  79  80  81  81  81  80  79  80  79  79  80
  80  80  80  80  81  81  81  81  81  82  83  83  83  84  84  83  81  81
  82  84  84  83  84  85  86  86  86  86  88  89  89  89  88  88  89  90
  89  90  90  91  91  91  90  90  88  93  77  44  23  21  24  24  25  25
  23  20  20  23  25  25  30  37  43  43  41  41  40  39  40  32  22  17
  18  18  17  19  19  18  19  20  23  26  29  31  32  33  35  36  38  40
  41  42  43  43  43  44  44  44  45  47  47  53  59  66  76  88  99 108
 113 112 110 106 106 105 105 104 105 106 107 107 107 107 107 106 109 109
 109 109 110 110 110 110 111 111 111 111 111 112 112 112 111 110 111 111
 112 113 113 114 113 113 114 114 114 114 114 113 113 114 114 113 115 114
 114  30]"
"[ 29  28  74  75  77  78  78  76  76  76  75  75  75  75  75  76  75  75
  75  75  76  77  78  77  77  78  79  79  80  80  80  79  77  77  78  80
  80  80  79  79  80  80  81  81  81  82  82  82  82  82  82  82  81  81
  82  83  85  83  83  85  86  87  86  85  86  87  88  88  87  87  88  89
  88  89  89  89  89  89  89  89  90  89  91  74  36  19  28  20  25  23
  20  17  17  20  20  19  25  28  31  33  36  38  36  32  32  27  18  15
  15  15  16  19  18  19  20  23  26  28  30  31  33  35  36  37  38  40
  41  41  41  41  42  44  44  44  44  44  45  49  53  57  64  73  83  91
 105 117 118 110 105 107 106 104 106 107 107 107 108 108 108 107 107 107
 108 108 109 109 109 110 110 110 110 110 110 110 111 111 110 110 110 110
 111 111 112 112 112 112 112 112 112 112 112 112 114 114 114 114 115 114
 113  30]"
"[ 30  29  74  75  76  77  76  75  76  75  74  74  74  74  74  75  75  75
  74  74  75  77  77  76  77  77  78  78  78  79  79  79  76  76  78  80
  81  80  79  79  79  79  80  81  81  81  81  80  81  81  81  81  81  82
  83  83  85  83  83  84  86  86  85  84  84  85  86  87  87  87  88  89
  88  88  88  88  89  89  89  89  89  87  88  90  68  32  23  24  24  23
  20  18  18  19  18  17  20  22  22  22  23  25  25  23  22  20  17  16
  17  16  16  19  20  21  24  26  28  29  30  31  34  35  36  37  37  39
  40  40  40  40  41  43  44  44  44  44  45  46  47  50  57  64  70  75
  89 104 113 117 114 110 106 109 106 107 107 107 108 108 108 107 106 107
 108 108 108 108 109 109 110 110 110 110 110 110 109 109 109 110 111 111
 111 111 111 111 112 112 112 111 111 111 111 111 115 114 114 114 114 113
 112  29]"
"[ 30  29  74  74  75  75  75  74  75  73  73  74  74  74  74  74  75  75
  74  74  75  76  76  75  76  76  77  77  78  79  79  78  76  77  78  80
  81  80  80  80  78  79  80  81  81  81  81  80  81  81  81  82  82  83
  83  83  83  83  83  84  85  84  84  83  86  86  87  87  87  88  88  89
  88  88  88  88  88  88  89  89  88  90  86  90  89  59  28  27  22  21
  21  21  20  19  19  19  19  21  21  17  15  16  17  18  18  18  17  17
  19  18  17  20  22  23  26  28  29  30  31  32  34  35  36  36  37  38
  38  38  39  39  40  42  43  44  45  46  46  47  46  48  53  57  61  66
  68  82  96 117 127 124 111 109 106 106 106 105 106 107 107 106 105 107
 108 108 107 107 107 108 109 109 110 110 110 109 109 109 109 110 111 111
 111 110 110 110 112 112 111 111 111 111 111 111 113 112 112 112 113 112
 111  29]"
"[ 29  28  73  73  74  74  74  73  73  71  71  72  73  73  73  73  74  74
  74  73  73  74  74  74  74  75  76  77  78  79  79  79  76  77  78  79
  79  79  78  79  79  79  80  81  82  82  82  81  81  81  81  81  82  83
  83  82  82  82  83  84  83  82  82  83  87  87  87  87  87  87  87  87
  87  87  86  86  87  87  88  89  87  87  89  88  87  81  48  25  23  23
  23  24  22  19  19  21  21  21  19  17  17  18  19  17  18  18  17  18
  20  20  20  23  24  24  26  29  30  31  32  34  34  36  36  36  37  38
  38  38  38  38  38  40  42  43  45  47  47  49  49  48  49  51  57  63
  65  75  80  97 121 137 124 111 106 106 105 104 105 106 106 105 104 106
 108 107 106 105 106 106 107 108 108 109 109 109 109 108 108 109 110 111
 110 110 109 109 111 110 110 110 110 111 111 111 111 110 110 110 112 111
 111  29]"
"[ 29  30  72  74  73  73  72  72  72  72  73  73  72  72  73  74  74  73
  72  72  73  74  75  74  73  74  75  76  77  77  77  77  75  77  78  77
  77  77  76  76  76  78  80  81  80  80  80  80  80  81  81  82  82  82
  81  81  82  83  84  83  83  82  83  84  86  86  86  86  86  86  87  87
  86  87  88  86  86  87  88  88  88  89  88  87  91  93  81  65  46  29
  23  27  24  22  24  22  26  21  20  18  19  20  20  22  19  19  20  21
  22  23  23  24  24  26  29  31  31  31  32  34  36  37  37  36  38  38
  37  38  38  37  37  38  39  40  44  48  51  54  51  50  52  50  50  56
  60  70  76  82  96 126 144 128 105 106 102 104 106 105 107 107 106 107
 107 106 105 105 106 107 108 108 108 109 109 109 108 107 109 109 109 109
 109 109 110 111 110 109 108 108 110 111 111 111 110 110 111 110 110 108
 109  28]"
"[ 29  30  71  72  71  72  71  71  72  72  72  72  72  72  72  72  73  72
  72  72  74  75  75  74  74  74  75  76  76  76  76  76  76  77  77  76
  76  76  75  74  75  77  79  80  80  79  79  78  80  80  81  81  82  82
  81  81  81  82  83  83  82  82  83  84  84  84  84  84  84  84  85  86
  86  87  87  86  86  87  88  88  85  88  89  87  87  89  90  88  87  63
  43  32  24  22  24  24  24  21  20  18  20  23  22  22  22  22  23  23
  24  24  24  24  25  27  29  31  31  31  32  34  37  38  37  36  37  37
  36  37  35  34  34  35  36  37  40  45  51  56  55  53  53  50  49  54
  57  61  67  71  80 101 128 149 129  99 108 107 100 107 102 106 107 107
 107 106 105 104 105 106 107 107 107 107 108 108 108 107 108 108 108 109
 109 108 109 110 110 109 108 108 110 111 111 110 110 110 110 110 110 108
 109  29]"
"[ 29  29  69  70  70  71  71  71  72  72  72  72  72  71  71  70  71  71
  72  73  74  74  73  73  73  74  75  75  75  75  75  75  76  76  75  74
  75  75  74  73  74  76  78  79  80  79  79  78  79  79  80  80  81  81
  81  81  80  81  82  82  82  82  83  83  82  82  82  82  82  83  84  85
  86  86  86  85  85  87  88  88  89  89  89  89  88  87  89  91  88  91
  80  52  30  24  25  23  24  23  24  22  23  26  24  24  24  24  25  25
  24  24  24  24  26  28  30  31  31  31  33  35  39  40  38  36  38  38
  36  36  36  35  34  33  32  32  34  38  47  55  58  57  57  54  52  55
  57  58  64  69  75  82 104 143 162 136 111 103 104 105 105 105 106 107
 107 106 105 104 105 105 108 107 107 107 107 108 108 108 107 108 108 109
 109 108 108 108 109 108 107 107 108 109 109 109 110 110 110 109 109 108
 109  29]"
"[ 29  29  67  69  70  71  71  70  70  70  70  70  71  71  70  69  69  70
  71  72  73  72  71  70  71  72  73  74  74  73  74  74  75  75  74  74
  74  76  76  75  74  75  76  78  79  79  79  79  77  78  78  79  80  80
  80  80  80  80  81  81  81  81  82  83  82  82  82  81  82  83  84  86
  86  85  85  85  86  87  87  87  89  87  86  89  91  90  88  87  90  86
  85  85  70  40  23  25  26  24  24  23  22  22  22  26  26  25  24  24
  25  25  24  23  27  29  31  31  31  33  35  36  39  40  38  37  39  39
  36  36  35  35  34  32  30  29  31  33  40  50  57  59  61  60  57  55
  55  56  61  67  74  74  82 104 153 166 141 106 104 107 102 103 105 105
 105 105 104 104 105 106 107 107 106 106 106 107 108 108 107 107 108 109
 109 108 108 108 106 106 106 106 107 108 108 108 109 109 109 109 108 107
 109  29]"
"[ 29  29  68  69  70  71  70  69  68  68  68  68  69  69  69  68  69  70
  71  72  72  71  70  69  71  72  73  74  74  73  73  73  74  75  75  74
  75  76  77  77  74  75  75  76  78  79  80  80  77  77  78  79  80  80
  80  80  81  81  81  81  81  81  81  82  82  82  82  82  82  84  85  87
  85  85  85  85  86  86  86  86  87  87  87  87  88  90  90  90  86  90
  89  87  89  81  58  39  27  22  24  26  27  26  23  26  28  26  24  25
  27  28  27  25  26  28  30  30  31  33  35  37  37  39  38  37  39  38
  35  34  32  32  32  31  30  30  30  32  34  43  52  58  64  66  62  58
  58  57  57  64  70  72  77  79 114 159 170 138 109 102 106 106 104 104
 104 104 104 105 105 106 105 105 105 105 105 105 106 106 106 106 107 108
 108 108 107 107 105 105 106 106 106 107 108 108 108 108 109 108 108 107
 109  29]"
"[ 30  30  68  69  69  69  67  66  66  66  66  67  68  68  68  68  69  70
  72  72  72  71  70  70  73  73  73  74  74  73  73  72  73  74  75  74
  73  74  75  76  75  75  75  76  76  77  79  80  77  78  79  80  81  81
  81  81  81  81  81  81  81  81  81  81  82  82  82  82  83  84  85  86
  85  85  85  86  86  86  85  85  86  88  89  87  87  89  89  88  85  91
  90  87  90  90  83  77  55  41  30  24  23  25  25  29  30  28  25  26
  29  30  29  26  25  27  29  29  30  32  35  35  36  38  38  38  38  37
  33  32  32  32  31  30  30  30  30  30  31  37  45  54  64  71  72  69
  64  63  61  67  68  70  80  78  88 123 159 170 143 111 104 102 104 104
 104 104 104 104 104 105 104 105 105 105 105 105 105 105 104 104 105 106
 107 106 105 105 105 105 106 107 106 107 107 108 107 107 108 108 108 107
 109  28]"
"[ 31  30  68  69  68  67  65  64  65  65  66  66  66  67  68  68  70  71
  72  72  71  71  71  72  74  73  72  72  73  73  73  72  72  73  73  72
  72  73  74  74  75  75  75  75  75  76  78  79  78  78  79  80  81  81
  81  81  81  81  81  81  81  81  81  81  81  82  82  82  83  83  84  85
  86  85  85  86  86  84  84  85  84  86  87  88  89  90  90  88  91  90
  88  88  88  86  86  89  90  75  55  36  27  27  29  33  32  30  28  29
  31  31  29  27  25  28  29  29  29  32  34  34  35  37  37  37  37  36
  33  32  33  32  30  29  29  30  29  29  29  32  39  47  57  69  77  79
  71  68  68  69  67  69  75  77  80  86 126 162 170 149 112 101 105 105
 105 104 104 104 104 104 104 105 105 105 104 104 104 105 105 104 104 106
 106 105 104 104 104 105 106 106 106 105 106 107 106 106 107 108 108 107
 109  28]"
"[ 30  29  67  68  66  66  65  64  65  65  66  65  65  66  67  68  69  70
  72  72  71  71  72  73  73  72  71  71  72  73  73  73  73  73  72  72
  73  74  74  73  74  74  75  75  75  75  77  79  77  78  79  80  80  81
  81  81  81  81  80  80  81  81  81  81  81  82  82  82  83  83  84  85
  87  86  86  86  85  84  84  85  88  88  88  88  87  87  88  90  88  89
  88  88  88  89  89  89  87  89  89  77  63  53  43  38  33  32  32  32
  32  31  29  27  26  29  30  29  30  32  34  34  32  35  35  35  36  34
  32  32  31  29  27  26  27  29  30  29  29  30  33  39  47  60  73  79
  80  75  74  69  70  73  71  77  80  86  96 134 166 173 160 119 105 105
 105 104 104 104 104 103 104 104 104 103 103 103 103 104 106 105 105 106
 106 105 104 103 104 105 106 106 105 104 104 105 105 106 107 108 108 107
 109  28]"
"[ 29  31  66  65  65  65  65  63  66  66  65  65  64  65  66  67  70  70
  71  71  71  71  71  71  71  71  71  72  73  73  73  72  72  73  73  73
  72  72  73  74  74  75  75  75  75  75  76  77  76  76  77  78  79  80
  81  82  81  81  81  81  81  81  81  81  81  81  82  82  82  82  83  84
  86  86  86  85  84  84  84  85  85  86  88  88  87  87  88  88  90  88
  87  87  88  89  89  89  90  89  89  90  90  85  76  69  62  50  41  41
  39  30  25  27  28  31  29  29  31  30  32  33  32  32  32  32  32  33
  33  32  30  26  24  25  28  30  31  30  32  31  33  37  40  46  60  73
  80  81  80  73  70  71  72  72  76  81  83 101 144 172 178 160 130 105
 105 104 104 103 104 104 106 102 103 105 104 103 104 104 104 104 104 104
 104 105 105 105 104 104 105 105 105 105 105 104 104 105 106 107 105 106
 105  30]"
"[ 28  30  65  65  65  65  65  65  65  65  65  65  65  65  67  68  69  69
  69  70  71  71  71  71  69  69  70  71  72  73  73  72  73  73  74  74
  73  74  74  75  74  74  75  75  75  76  77  78  79  79  79  78  78  79
  80  81  81  81  80  80  80  80  81  81  81  81  81  81  81  82  83  84
  84  85  86  86  85  84  84  84  86  87  88  87  86  87  88  88  89  88
  87  86  87  88  88  88  89  88  87  88  89  90  89  88  94  91  86  80
  72  59  41  28  25  31  31  31  31  31  32  30  33  32  30  29  31  33
  32  31  29  27  25  26  28  30  31  31  31  30  32  35  37  40  49  58
  72  78  81  78  73  71  72  73  77  82  79  90 115 158 182 181 168 133
 106 103 103 106 104  97 103 104 105 104 102 103 105 104 104 104 104 104
 104 104 104 104 103 104 104 105 105 105 105 105 105 106 106 106 104 105
 105  30]"
"[ 29  29  64  64  65  64  65  66  65  65  65  65  65  66  67  68  68  68
  67  68  70  71  71  70  68  69  70  71  72  73  73  73  72  72  73  74
  74  74  74  75  75  75  75  76  76  77  77  78  79  79  78  77  76  77
  79  80  81  81  80  79  79  80  81  81  81  81  81  81  81  82  83  84
  84  84  85  85  84  84  84  85  87  87  87  86  86  86  87  88  89  88
  87  87  87  88  88  88  90  90  90  90  89  89  89  90  87  90  90  89
  91  90  82  72  53  44  29  24  28  33  35  32  32  30  26  25  27  31
  32  30  25  24  24  25  26  28  31  33  32  31  32  34  36  36  40  45
  58  68  78  80  77  74  74  76  77  82  83  89  97 133 170 186 185 181
 135 109  99 105 103 107 100 101 104 103 102 103 104 102 103 103 103 103
 103 103 104 104 103 103 104 104 104 105 105 105 105 105 105 106 104 105
 104  29]"
"[ 29  28  62  63  63  62  63  65  66  66  65  65  65  66  66  67  68  66
  65  66  68  69  68  67  68  69  71  71  71  71  71  72  71  71  73  73
  74  74  74  74  75  75  75  75  75  76  76  77  76  76  76  75  75  76
  78  80  80  80  79  79  79  79  80  81  81  81  81  81  81  81  82  83
  85  84  84  83  83  83  85  86  87  87  87  86  86  85  86  87  89  88
  87  87  87  88  88  87  87  88  90  91  90  89  88  88  92  89  86  86
  88  90  90  89  84  74  58  46  34  28  31  32  31  29  26  24  26  30
  31  29  24  24  24  24  25  26  29  32  34  32  32  34  35  35  37  40
  46  56  69  78  79  77  77  77  77  76  81  83  88 102 141 171 177 190
 179 158 113 102 103 103 104 101 101 103 102 102 103 102 102 102 102 103
 103 103 103 103 103 103 103 104 104 104 104 104 104 105 105 106 104 105
 104  29]"
"[ 29  28  61  61  62  61  62  64  65  65  65  65  65  65  66  66  65  64
  64  65  66  67  67  66  67  69  71  71  69  68  69  70  70  71  72  73
  74  74  74  75  75  74  74  74  74  74  74  74  74  75  76  76  76  77
  78  80  79  79  78  78  78  79  80  80  81  81  81  81  81  81  82  82
  84  84  83  83  83  84  85  86  86  86  86  87  86  85  85  85  87  86
  86  86  86  86  86  86  89  89  89  89  89  89  89  90  90  88  88  89
  90  89  88  89  87  90  89  82  66  51  42  32  30  29  28  28  29  30
  29  28  27  27  27  26  25  25  27  30  32  32  33  33  33  34  35  37
  41  47  58  69  76  78  77  75  76  76  80  84  91  93 118 152 176 180
 187 185 150 118 101 102 106 104 103 102 100 101 103 102 101 102 102 102
 102 102 102 102 103 103 103 103 103 103 103 103 103 104 104 106 105 106
 105  29]"
"[ 30  29  61  61  61  61  62  63  65  64  64  65  66  66  67  67  64  64
  65  66  67  67  67  67  67  69  71  70  68  67  68  70  69  70  71  72
  73  73  74  74  75  75  74  74  74  74  74  73  74  75  77  77  76  76
  77  78  80  79  79  79  79  80  81  81  80  81  81  81  81  81  82  83
  83  83  84  84  84  84  84  84  85  84  85  87  86  85  84  84  86  86
  86  86  86  86  86  86  90  90  89  89  89  88  88  88  86  88  89  88
  88  89  89  87  86  89  91  92  91  87  73  50  33  29  27  28  30  29
  28  28  27  27  27  27  26  26  28  31  30  31  33  33  33  33  33  34
  37  41  47  57  68  74  76  75  70  75  74  79  84  89  98 125 152 171
 178 183 189 164 120 102 101 103 105 102 100 102 103 100 101 101 102 102
 102 102 102 102 103 103 103 103 102 102 102 102 103 103 103 105 104 106
 105  29]"
"[ 29  29  62  60  61  62  63  63  64  64  64  65  65  66  66  66  64  65
  67  68  68  68  68  68  68  68  68  68  68  68  69  69  68  69  70  71
  71  72  73  74  76  75  74  74  74  74  74  74  73  74  76  76  76  75
  76  77  79  79  80  80  81  81  81  82  80  81  81  81  81  81  82  83
  82  82  83  84  84  84  83  83  83  83  84  86  86  84  83  84  85  85
  86  86  87  87  87  87  85  86  88  89  90  89  89  88  90  90  88  86
  86  89  90  89  90  91  90  90  88  92  90  77  53  40  29  27  28  28
  27  27  25  25  26  27  27  28  29  31  30  32  33  33  34  34  34  33
  35  38  41  46  55  65  71  72  74  75  72  72  75  83  88 105 128 153
 165 171 181 187 169 133 110 103 100 102 103 102 101 100 101 101 102 102
 102 102 102 102 102 102 102 102 102 102 102 102 103 103 102 103 103 105
 104  29]"
"[ 28  29  62  60  60  62  63  62  63  63  63  63  64  64  64  64  64  66
  68  68  67  67  67  67  67  66  66  66  67  68  69  69  69  70  70  71
  71  72  73  74  75  74  73  73  73  74  73  73  71  73  75  76  75  76
  77  78  78  78  79  79  80  80  81  81  81  81  81  81  81  81  82  83
  82  82  82  82  82  83  83  83  83  82  83  85  86  84  83  84  84  85
  85  86  86  87  87  87  88  88  88  88  88  88  89  89  90  88  87  88
  90  90  89  88  90  89  90  93  88  87  92  90  81  58  36  27  28  27
  26  26  26  26  26  27  28  28  28  29  31  32  32  32  34  36  37  36
  36  39  40  40  44  54  63  67  67  66  72  70  74  74  77  83 104 137
 152 168 173 182 187 170 135 111  96 100 104 101 100 104 101 102 102 102
 103 102 102 102 102 102 102 102 102 102 102 102 104 103 102 102 101 104
 104  29]"
"[ 30  28  60  59  60  62  64  64  61  62  63  64  64  64  64  63  65  65
  67  68  67  66  66  66  67  68  68  68  69  69  69  69  69  69  70  71
  72  72  73  74  72  72  72  72  73  73  74  74  73  74  75  76  76  76
  77  77  78  79  80  80  80  80  80  81  80  81  82  81  80  80  81  82
  82  82  82  82  81  80  81  82  82  83  83  83  84  85  85  84  83  84
  86  87  87  87  87  87  88  87  87  88  88  88  88  89  89  89  89  89
  89  89  90  90  90  91  91  91  90  90  90  90  92  81  61  39  26  29
  31  27  28  30  29  28  30  30  29  31  29  30  31  32  33  34  36  37
  36  36  37  38  41  46  54  60  64  66  68  67  66  68  73  76  85 114
 138 154 162 170 175 185 178 152 113  98 102 102 102 103 102 100 103 104
 103 104 104 101 102 102 101 101 101 102 102 103 103 103 101 101 101 102
 101  29]"
"[ 30  28  59  58  59  60  62  62  61  62  63  63  64  65  64  63  64  65
  66  67  66  65  65  66  66  66  66  69  69  67  66  66  69  69  71  72
  71  71  71  72  73  73  73  73  73  73  73  74  74  74  75  75  76  76
  77  77  78  79  80  80  80  79  80  80  80  81  81  81  80  80  81  82
  82  83  83  82  81  81  81  81  82  82  82  82  84  84  84  82  84  85
  86  87  87  87  87  88  88  88  87  88  87  87  88  89  89  89  89  89
  89  89  89  90  90  90  90  90  90  90  90  90  89  87  83  64  37  26
  29  29  30  31  30  28  29  29  28  28  29  30  32  33  33  34  36  37
  36  36  36  37  39  42  48  53  63  65  66  65  64  66  70  73  78 100
 122 142 155 162 166 174 182 177 153 116 107 100 104 100 104 105 105 103
 101 100 102 106 103 103 102 102 102 102 103 103 102 102 100 100 100 101
 101  29]"
"[ 30  27  58  57  59  60  61  61  62  62  63  63  65  65  65  64  65  65
  65  66  66  65  65  66  67  64  65  68  69  65  64  66  68  69  71  72
  72  71  70  71  73  74  74  74  73  73  73  73  75  75  75  75  76  77
  78  78  79  80  80  80  80  80  80  80  79  80  80  80  80  80  82  83
  82  83  83  83  83  82  81  81  83  83  83  83  85  86  85  83  86  86
  87  87  87  87  87  88  89  88  88  88  87  87  88  89  89  89  89  89
  89  89  89  89  89  89  89  90  90  91  92  92  89  91  89  82  66  39
  23  26  27  29  29  29  29  29  29  28  29  30  32  33  33  34  35  36
  37  37  37  37  38  40  43  47  58  61  63  64  63  64  66  67  73  85
 105 127 149 156 160 165 167 178 180 159 135 104 101 106 101 104 103 102
 105 104 101 101 102 103 103 102 102 102 102 103 102 102 100 101 100 101
 101  30]"
"[ 29  27  59  58  60  61  62  62  62  63  64  64  64  65  65  65  66  65
  65  66  66  65  65  66  68  65  65  67  68  67  66  68  66  68  71  73
  73  71  71  72  72  73  74  74  73  73  74  75  75  75  74  75  76  77
  77  77  80  80  80  80  80  79  79  79  79  79  80  80  80  80  81  82
  82  82  82  83  83  83  82  82  82  83  83  84  84  85  85  84  86  87
  87  87  87  87  87  87  88  88  88  88  87  87  88  89  89  89  89  89
  89  89  89  89  90  89  89  89  91  92  93  93  91  92  87  86  87  69
  40  23  23  26  30  31  29  29  30  29  29  30  32  32  33  34  36  37
  37  37  37  38  38  40  42  44  50  54  60  63  64  64  64  63  66  69
  83 105 134 146 153 155 162 168 173 184 173 144 114 100 104 107 106 103
 102 104 103 100 101 101 102 101 100 100 100 100 102 102 101 102 101 100
 100  29]"
"[ 29  28  60  60  61  62  61  60  62  64  65  64  63  63  64  65  66  65
  65  65  65  65  66  66  67  66  66  67  68  68  68  67  66  68  71  73
  73  72  71  72  72  72  73  73  73  73  74  76  73  73  73  73  75  76
  77  77  79  79  79  79  79  79  78  78  79  80  80  81  81  81  81  81
  81  81  82  82  82  82  82  82  80  82  83  83  82  83  84  84  86  86
  87  87  87  87  87  87  87  87  88  89  88  87  88  89  90  89  89  89
  90  90  90  89  90  90  89  90  91  93  94  94  94  92  93  90  88  93
  75  37  27  27  30  32  29  28  29  29  30  31  31  32  33  34  37  39
  37  36  36  37  38  39  41  43  45  50  56  61  63  64  63  63  62  59
  65  80 110 130 143 146 154 163 162 172 181 182 150 114 102 100 103 105
 100  99 102 102 100 100 100 100  99  98  98  98 100 101 101 102 100  99
  99  28]"
"[ 29  28  61  61  61  60  59  57  61  63  65  64  62  62  63  64  65  64
  64  65  65  65  65  66  65  66  67  68  69  69  67  65  68  69  71  73
  73  72  72  72  71  72  72  73  72  73  74  74  72  73  73  74  76  77
  78  79  80  80  79  79  80  80  79  79  80  80  81  81  82  82  81  81
  81  82  82  82  82  82  82  82  82  83  84  83  83  84  85  86  86  87
  88  88  88  87  87  87  87  88  89  90  90  89  89  90  90  90  90  90
  91  91  91  90  93  92  92  92  93  94  95  95  96  94  95  92  90  97
  91  69  39  31  29  31  28  27  29  29  31  31  32  32  32  34  37  39
  37  37  36  37  38  39  41  42  45  49  53  56  58  61  63  64  65  60
  58  65  87 111 131 138 143 155 160 160 171 182 179 161 126 107  97 100
 102 101 100  99 100 100  99  98  98  97  97  97  97  98  99 101  99  98
  98  29]"
"[ 29  29  62  62  62  61  60  59  61  63  64  64  63  63  63  63  65  64
  64  65  66  66  66  66  65  66  67  69  69  68  68  67  70  70  71  73
  75  74  74  74  72  73  74  75  76  76  75  75  75  75  76  77  78  80
  81  81  82  81  81  81  82  82  82  81  82  82  82  82  82  83  84  84
  82  83  84  84  84  83  83  83  85  85  85  85  86  88  89  89  88  88
  88  89  88  88  89  89  89  89  90  91  91  91  91  92  91  91  90  91
  92  93  92  91  94  94  94  94  94  94  95  95  95  95  92  92  96  94
  90  90  65  44  30  29  28  28  31  30  31  31  31  31  31  33  35  37
  38  37  37  38  40  40  41  41  43  46  49  50  52  56  60  62  63  61
  58  60  67  88 110 123 139 145 150 157 163 170 180 183 173 150 118 101
 102 102  98 100 100  99  97  97  98  98  98  97  97  97  97  99  98  97
  98  29]"
"[ 29  29  63  63  64  63  63  63  62  63  64  64  65  65  64  63  65  65
  65  66  67  67  67  67  68  66  66  69  70  69  70  73  71  71  72  74
  76  77  77  77  75  76  78  80  81  80  79  79  77  78  79  79  80  80
  81  81  82  82  81  82  82  83  82  82  83  82  82  82  83  84  86  86
  82  84  86  87  86  86  85  86  87  86  84  85  87  90  90  89  89  89
  89  89  89  89  90  91  91  90  91  91  92  92  92  92  92  91  91  92
  93  94  93  92  94  94  94  94  93  93  93  94  92  93  94  94  94  94
  93  91  90  59  35  30  29  30  31  29  30  30  30  30  30  31  33  34
  37  36  37  38  40  41  41  41  40  43  46  47  49  52  57  59  60  62
  60  60  57  72  93 111 122 133 137 148 146 160 170 177 180 181 151 116
 105  99  94 101  99  97  96  96  97  98  98  97  98  98  97  99  97  96
  98  29]"
"[ 30  28  65  65  65  66  65  65  63  64  65  65  65  65  66  67  67  66
  65  66  67  69  70  71  72  73  73  73  72  73  75  76  76  73  71  74
  78  79  80  81  80  81  81  81  81  81  81  82  80  80  80  80  81  82
  83  84  83  83  83  83  84  86  86  86  83  84  84  84  84  86  87  87
  85  86  87  88  89  88  86  85  87  87  87  86  86  87  89  91  89  89
  89  89  89  91  93  94  90  90  90  92  92  91  92  93  93  91  91  93
  94  93  92  93  93  91  90  92  95  95  93  90  92  94  95  94  94  94
  94  93  91  83  57  29  26  33  29  30  31  31  30  29  29  31  33  33
  36  37  39  40  40  40  41  41  41  43  45  46  48  50  53  55  58  59
  57  59  62  64  77  97 112 119 128 134 138 145 154 162 173 179 182 168
 137 108  96  96 101 102  96  98  99  96  97  96  97  97  97  97  98  98
  96  29]"
"[ 29  28  66  66  66  67  67  67  67  68  68  68  68  69  70  71  71  70
  70  72  73  74  75  76  75  75  75  75  76  77  78  78  78  76  75  77
  79  80  80  81  81  81  81  81  81  82  83  83  82  82  82  82  83  84
  84  85  84  84  84  84  85  87  87  87  86  86  86  85  86  87  88  88
  86  87  88  90  90  90  89  88  87  87  87  87  86  87  88  90  89  89
  90  90  90  91  92  93  90  90  90  90  90  89  90  91  91  89  90  91
  91  90  91  93  94  92  91  91  92  92  92  91  91  92  92  93  93  93
  94  93  93  88  80  53  28  26  29  29  31  30  30  31  31  30  30  31
  34  36  38  39  40  40  40  40  40  42  44  45  45  46  48  50  57  60
  59  58  60  60  66  78  94 104 114 122 127 132 139 147 159 173 180 183
 179 153 117  98  97 100 101  99  95  95  99 100  98  98  98  97  97  97
  96  30]"
"[ 29  29  67  68  68  69  70  71  72  72  72  72  72  73  74  75  73  73
  74  75  76  76  76  77  77  76  75  77  79  80  80  79  78  78  79  79
  79  80  80  80  80  81  81  81  81  82  83  84  83  83  83  83  84  84
  84  85  83  84  84  84  85  87  87  86  87  87  87  86  86  87  87  87
  87  88  89  90  90  89  89  89  88  88  88  88  88  88  88  89  88  89
  89  89  89  90  90  91  90  90  89  89  88  88  88  90  90  90  90  91
  90  89  90  93  95  93  91  90  89  90  92  93  91  92  92  92  93  94
  94  94  95  94  97  78  43  26  28  31  31  29  29  31  32  30  30  33
  32  34  36  39  40  41  40  39  40  42  43  44  44  45  46  48  48  54
  56  56  60  62  64  69  81  91  99 107 117 122 127 136 147 157 168 179
 187 180 155 130 102  98 101 103 101 100  97  94  96  97  98  97  96  96
  96  30]"
"[ 29  30  70  71  70  71  72  74  73  74  74  74  74  74  75  75  73  74
  75  76  76  75  74  75  76  75  75  77  78  79  78  77  76  79  81  80
  79  80  80  80  80  80  80  80  80  81  82  83  83  83  83  84  84  84
  84  83  83  83  84  84  85  86  86  85  85  86  87  87  86  87  87  87
  88  89  90  90  89  88  88  89  89  89  89  88  89  89  89  90  88  88
  88  89  89  88  88  88  89  89  89  89  89  89  89  90  91  91  91  91
  90  90  91  93  94  93  91  90  90  91  93  94  93  93  93  92  93  94
  95  94  92  93  92  85  66  40  25  29  30  29  30  31  31  30  31  34
  32  33  34  37  39  40  40  40  40  41  43  44  44  45  47  49  47  52
  54  55  58  61  62  65  73  80  83  90 103 110 115 125 137 144 155 162
 170 181 182 172 139 107  95 101 105 104  98  98  95  96  98  98  97  96
  95  28]"
"[ 29  31  71  72  70  71  72  74  73  74  74  74  75  74  74  73  74  74
  76  77  76  75  75  75  75  75  76  76  77  77  76  76  75  78  81  81
  80  79  80  80  81  81  81  81  80  81  82  83  83  83  83  83  83  83
  83  83  83  84  84  85  85  86  86  84  83  85  87  88  88  88  88  87
  88  89  89  89  88  87  88  89  89  88  88  88  88  89  90  90  88  88
  89  89  89  89  88  88  88  88  89  89  89  89  90  90  91  90  90  91
  91  91  92  92  92  91  90  90  91  92  92  92  93  93  92  92  93  94
  94  94  96  96  90  91  90  67  38  28  29  31  32  30  29  29  30  31
  32  32  32  34  36  38  39  39  39  40  42  43  43  45  48  50  48  51
  53  54  55  56  58  61  66  73  74  78  88  94 101 114 121 136 144 152
 166 176 178 182 186 158 130 105  95 101 102  99  97  97  97  97  97  97
  95  28]"
"[ 29  30  71  72  70  71  71  73  73  73  74  74  75  74  73  72  73  73
  74  76  76  75  75  75  74  75  75  76  76  75  75  75  75  77  79  79
  79  78  78  79  81  81  81  81  80  81  81  82  82  82  82  82  82  82
  82  82  83  83  84  84  84  85  84  83  83  85  87  88  88  88  88  88
  86  87  88  87  86  86  87  88  88  88  87  87  87  88  89  89  88  88
  88  88  89  88  88  87  87  88  89  89  89  89  89  89  90  90  91  91
  92  93  93  93  91  90  89  90  91  91  90  89  93  93  92  92  93  94
  95  95  95  94  91  92  92  83  58  28  27  30  31  30  29  30  30  29
  32  31  31  31  33  35  37  38  39  40  41  42  42  44  47  50  47  47
  50  53  54  53  56  60  62  69  73  76  80  83  91 104 112 124 135 146
 159 168 175 181 185 185 176 144 111  98  98 100 101 100  98  96  96  97
  96  29]"
"[ 29  30  70  71  70  70  71  72  72  72  73  74  75  75  74  73  72  72
  73  75  76  75  74  74  74  74  75  75  75  75  75  75  76  76  76  78
  79  78  78  78  80  80  81  81  81  81  81  82  83  82  82  82  82  82
  82  82  83  83  83  83  83  84  83  82  83  85  87  87  87  87  87  87
  86  86  87  87  86  86  87  87  87  88  88  88  87  87  88  88  88  88
  88  88  89  89  88  87  87  88  89  88  88  89  89  89  90  92  93  93
  93  93  93  93  92  92  91  91  92  92  91  90  93  94  94  94  94  95
  96  96  96  94  94  95  92  93  82  50  31  30  29  30  30  31  31  30
  31  31  31  31  32  33  35  36  39  40  41  41  42  43  46  48  49  48
  49  52  52  52  55  56  58  64  70  75  77  77  83  92 106 113 127 140
 148 161 178 185 184 185 190 189 159 117  97  95 100 100  99  97  97  97
  96  30]"
"[ 29  30  71  72  71  71  71  72  72  72  72  73  74  75  74  74  73  73
  74  76  77  76  75  74  75  75  75  75  76  77  76  76  78  75  76  79
  80  79  79  80  80  81  82  82  82  82  83  83  84  84  83  83  83  83
  84  84  84  84  83  83  83  84  84  83  84  86  87  86  86  86  86  86
  87  87  88  87  87  87  87  87  87  88  89  89  88  87  87  88  89  88
  88  89  90  90  89  89  87  88  89  88  88  89  90  90  91  93  95  94
  92  92  92  92  94  94  94  93  93  93  93  93  94  95  95  94  94  95
  95  95  96  94  93  94  92  97  96  75  40  34  29  29  30  30  30  31
  31  32  32  32  33  33  34  35  38  39  40  41  41  42  44  46  47  46
  47  49  50  54  58  58  59  60  66  73  78  79  81  84  91 105 117 129
 145 158 169 181 183 185 184 192 196 178 143 108  96  98  99  99  98  97
  96  30]"
"[ 29  30  70  72  71  71  70  70  70  69  69  72  75  75  75  75  74  75
  76  76  77  76  76  75  75  75  75  76  76  76  76  76  78  75  74  77
  80  81  80  80  79  81  83  83  81  81  81  82  82  83  83  83  82  83
  84  86  86  85  82  81  81  83  84  85  82  85  87  88  87  86  87  87
  89  88  88  88  87  86  87  89  89  88  88  89  89  87  87  87  88  87
  86  88  89  89  88  87  89  89  89  87  86  86  89  91  90  93  95  94
  90  88  91  94  94  95  94  93  92  93  94  93  94  95  94  93  95  94
  94  95  94  94  94  93  92  92  93  94  72  32  30  32  30  30  30  30
  32  32  32  32  32  32  33  34  37  37  37  39  42  44  44  44  45  46
  46  47  50  54  57  58  58  60  63  72  75  74  80  80  87  96 110 125
 138 146 157 168 179 183 184 187 197 201 185 164 125 109 102  98 101 100
  94  31]"
"[ 29  30  70  73  72  72  71  71  71  70  71  73  75  75  75  75  74  75
  76  77  77  77  76  76  76  77  77  77  76  76  76  77  76  76  77  80
  81  80  80  81  80  81  82  82  81  80  81  82  82  82  83  82  82  82
  82  83  85  85  84  83  83  84  84  85  85  86  87  87  87  86  87  88
  90  89  89  88  87  85  86  88  89  88  88  89  89  87  86  86  87  87
  87  88  88  88  87  88  89  90  90  89  88  88  90  91  91  92  93  93
  91  89  90  92  93  94  94  93  92  93  94  94  94  96  95  94  94  94
  93  94  93  93  94  93  93  92  93  93  90  64  36  28  33  32  33  32
  31  31  31  31  32  32  33  34  36  36  37  39  41  43  43  43  42  44
  45  46  47  51  54  56  55  57  60  69  74  76  81  81  87  97 110 122
 131 138 146 156 166 173 178 181 187 196 202 202 185 149 119 101 100  94
 103  27]"
"[ 28  30  71  73  72  72  71  71  72  72  72  73  74  75  75  74  74  75
  76  77  77  76  76  76  76  77  78  77  76  76  76  77  77  77  78  81
  82  81  81  81  82  82  82  81  80  81  82  82  82  83  83  83  83  82
  82  81  84  85  85  86  86  86  85  85  87  87  87  86  86  86  87  88
  89  89  88  88  87  86  87  89  88  88  88  89  88  87  86  86  87  87
  88  89  88  87  87  88  90  90  90  90  90  90  90  90  91  91  91  91
  91  90  90  90  93  93  93  92  92  93  93  93  93  95  94  93  94  93
  92  93  92  93  94  94  94  93  93  93  95  87  58  36  31  32  31  32
  31  31  31  31  32  33  35  35  34  35  36  38  39  40  40  40  40  43
  45  45  45  47  51  53  55  57  59  65  71  75  80  80  85  96 108 117
 124 130 137 145 152 161 172 179 183 188 196 201 204 201 175 137 115  94
  97  30]"
"[ 28  30  70  72  71  72  71  71  73  74  73  72  73  75  74  73  75  76
  77  77  76  75  75  76  76  76  77  76  76  76  76  77  79  76  74  76
  80  82  82  81  83  82  81  80  80  80  81  81  83  83  83  84  84  84
  82  82  82  84  86  87  87  87  86  86  87  87  86  85  85  86  87  88
  88  88  88  87  86  86  87  89  87  87  87  87  87  87  87  87  87  87
  88  88  87  86  87  89  89  88  88  89  90  90  90  89  90  89  90  90
  90  89  89  90  92  92  92  92  91  91  92  92  91  93  93  93  93  92
  91  92  93  93  94  94  95  94  94  94  94  93  86  60  33  35  33  34
  32  31  31  31  32  33  34  35  34  35  36  37  38  38  39  39  41  43
  45  45  45  46  49  50  54  56  57  61  67  73  79  82  88  98 108 115
 121 128 135 141 149 156 167 176 181 186 190 194 202 203 204 194 161 129
 105  29]"
"[ 29  30  69  70  70  72  72  72  72  74  74  73  73  75  74  72  75  76
  77  76  75  75  75  76  76  75  75  76  77  78  77  76  76  74  72  74
  77  80  81  81  82  81  81  80  80  80  80  80  82  82  82  83  83  83
  83  82  82  83  85  86  87  87  87  87  87  86  85  85  86  87  87  87
  88  88  88  87  85  85  85  86  87  87  87  86  86  87  88  88  88  87
  87  87  87  87  88  89  88  87  86  87  89  90  90  89  88  89  89  90
  90  89  90  91  92  92  92  91  91  90  90  91  91  93  93  92  93  92
  91  92  93  93  94  94  94  95  95  94  92  88  89  76  44  33  30  32
  31  31  30  30  31  32  33  33  34  34  35  36  37  39  40  40  41  42
  44  44  45  47  48  49  49  51  53  55  62  70  78  88  95 103 110 114
 119 125 131 136 142 151 162 171 178 184 190 194 195 198 200 208 205 186
 146  30]"
"[ 29  29  67  67  68  72  73  73  71  72  73  73  74  74  74  73  74  75
  75  75  75  75  75  76  76  75  74  76  79  79  78  75  72  74  75  76
  76  78  80  82  82  82  82  82  81  81  81  81  82  82  81  82  83  83
  83  83  82  83  84  85  85  86  86  87  87  85  85  85  87  88  87  86
  86  88  88  87  86  86  86  86  87  87  87  86  86  87  87  87  89  87
  86  86  87  87  88  89  88  87  87  87  88  89  90  89  88  89  90  91
  90  90  91  92  91  91  91  92  91  90  90  91  92  94  93  93  94  93
  91  91  93  93  93  93  93  94  94  95  94  94  90  93  72  42  34  33
  31  31  31  31  31  31  32  32  32  32  33  34  36  38  39  40  39  40
  41  42  45  47  48  48  46  49  51  52  58  65  74  88  95 102 107 109
 114 118 123 127 131 141 154 164 172 179 184 186 193 192 199 204 202 208
 201  27]"
"[ 30  29  66  65  66  70  71  70  68  69  71  73  74  73  72  72  73  74
  74  74  74  75  75  75  76  75  74  76  79  80  77  74  72  74  77  77
  77  78  80  82  82  82  82  82  82  82  82  82  82  82  82  83  83  84
  84  83  83  83  83  83  84  85  85  85  86  85  84  84  86  87  86  84
  84  86  87  87  86  86  86  86  86  87  87  86  87  88  88  87  88  87
  86  87  87  88  88  88  88  87  87  88  88  88  89  89  88  88  89  90
  90  90  90  91  90  90  90  91  91  90  90  92  93  94  93  93  95  93
  91  91  92  93  93  93  93  93  94  95  91  96  91  95  91  62  43  31
  31  31  31  31  32  32  32  32  31  31  31  33  34  36  36  36  36  37
  38  40  43  46  47  48  48  49  52  52  57  61  67  83  91  97 102 104
 106 108 111 115 121 129 140 151 162 172 181 185 191 191 191 196 200 204
 207  30]"
"[ 30  29  65  63  64  68  68  66  66  66  68  72  73  71  71  72  74  74
  74  74  74  74  74  74  75  74  74  76  79  79  76  73  73  74  75  75
  76  78  80  80  81  81  81  81  81  81  81  81  82  82  83  83  83  84
  83  83  84  83  83  83  83  84  84  83  86  84  83  83  85  86  84  82
  83  85  86  85  84  84  84  82  85  86  87  87  87  88  88  87  86  86
  87  88  88  87  88  88  87  88  88  88  87  87  87  88  89  88  88  89
  90  89  89  89  89  88  89  91  91  90  90  92  91  92  92  92  95  94
  91  91  92  93  94  94  93  93  94  95  94  95  95  91  97  86  60  32
  30  30  31  31  31  31  31  31  32  32  32  32  34  34  34  33  35  36
  38  39  42  45  47  47  49  49  52  54  59  60  64  80  89  95 100 102
 101  99 101 105 109 119 133 145 154 161 171 179 183 188 189 194 195 202
 200  28]"
"[ 28  30  65  66  66  67  70  68  65  67  68  69  72  71  70  72  73  74
  74  73  72  73  74  73  73  73  75  77  78  76  76  75  75  75  76  77
  78  79  80  81  82  81  81  82  83  82  82  81  82  82  82  83  83  84
  85  85  84  85  84  84  84  84  84  84  85  87  87  86  84  84  83  83
  84  85  86  86  84  84  85  86  85  87  89  89  88  87  88  88  88  88
  87  86  87  88  89  88  88  88  88  87  86  86  87  88  88  88  88  89
  90  90  89  89  89  89  89  90  91  91  91  90  90  92  93  94  92  90
  91  93  94  95  95  94  94  94  94  94  94  93  95  94  94  95  81  58
  32  32  34  30  31  34  30  31  31  31  32  32  33  33  34  34  33  34
  37  39  39  39  41  45  47  49  52  54  56  59  64  68  82  93  99  97
  94  93  94  95 101 109 122 135 145 153 162 171 179 181 183 186 191 193
 197  26]"
"[ 29  30  65  66  66  67  70  68  66  67  66  68  70  71  70  72  71  73
  74  74  73  74  73  72  73  73  74  76  77  76  76  75  74  75  76  76
  77  78  79  80  81  80  80  81  82  81  81  81  81  81  81  82  82  83
  84  84  84  84  84  84  84  84  83  83  85  86  86  85  84  83  83  83
  84  85  86  86  86  85  87  88  86  87  88  87  87  87  87  87  88  88
  87  87  88  89  89  88  88  87  87  87  86  86  87  87  87  87  88  89
  90  90  90  89  88  88  88  89  90  91  92  92  93  94  94  93  92  91
  92  94  93  94  95  94  94  94  94  94  94  94  95  94  92  93  89  80
  57  35  28  33  33  32  31  31  31  31  32  33  33  34  34  34  32  33
  36  40  40  39  41  44  48  50  52  53  54  57  61  65  73  82  87  87
  87  87  88  90  96 105 116 127 139 150 158 165 171 176 180 183 185 185
 191  30]"
"[ 29  29  65  65  65  66  69  68  67  68  67  67  70  71  71  72  71  73
  74  74  73  73  73  72  74  73  74  75  76  76  75  75  75  76  77  77
  77  78  79  80  80  80  80  81  81  81  81  81  81  81  82  82  82  83
  83  84  84  84  84  83  84  84  84  82  85  85  85  85  85  84  84  84
  84  85  86  86  86  86  87  87  88  88  87  86  86  87  87  87  87  88
  88  88  88  89  89  88  88  87  86  87  88  88  87  86  87  88  89  90
  90  90  90  90  89  89  88  89  89  91  93  94  94  94  93  92  91  91
  92  94  93  94  95  95  95  95  94  94  95  95  95  95  95  93  92  90
  79  54  33  32  32  30  32  31  30  31  32  33  34  34  34  34  32  33
  35  38  39  38  40  42  45  46  49  51  53  56  60  64  65  71  76  78
  80  81  83  85  93 102 111 120 132 144 152 156 164 168 172 176 179 178
 184  29]"
"[ 29  28  65  65  64  66  67  67  67  69  69  68  69  70  69  71  72  72
  72  72  72  72  73  74  75  73  73  74  75  76  75  75  77  77  78  78
  78  79  80  81  80  80  80  81  82  81  81  81  82  82  82  82  82  83
  83  84  83  83  83  83  84  85  85  84  84  84  83  84  85  85  86  86
  85  85  86  86  86  86  86  86  88  87  87  86  86  87  87  86  87  87
  88  88  89  90  89  88  88  87  87  88  89  89  88  87  88  89  89  89
  89  89  89  90  90  90  90  90  90  91  92  93  92  93  92  91  91  91
  92  92  93  94  95  96  95  95  95  94  94  95  96  96  97  94  91  91
  89  82  51  31  32  33  33  30  30  31  32  33  34  34  34  34  34  34
  34  34  35  35  37  39  41  42  45  48  51  53  56  59  61  66  71  75
  78  79  80  84  90  97 105 113 125 135 143 147 156 161 164 167 171 171
 175  28]"
"[ 29  28  66  66  64  65  65  66  67  70  71  69  69  68  68  69  71  71
  71  71  71  72  73  74  74  73  73  74  75  76  76  76  77  78  78  78
  78  78  80  81  80  80  80  81  81  81  81  81  82  82  82  82  82  82
  83  83  84  84  83  82  84  85  86  85  84  83  83  84  85  85  86  86
  87  87  87  86  86  86  85  85  85  85  85  85  86  87  86  86  86  87
  88  88  89  89  89  88  87  88  88  89  89  89  89  88  88  89  89  88
  88  88  89  90  90  91  91  91  91  91  91  91  90  91  92  92  91  92
  91  90  92  94  95  95  95  95  95  94  93  96  96  95  94  93  94  96
  94  98  72  45  36  34  33  29  31  31  32  33  34  34  33  33  35  34
  33  33  33  34  35  36  39  40  44  47  49  49  50  53  57  62  68  74
  77  78  80  85  87  91  96 104 114 123 132 141 145 154 158 159 161 162
 165  29]"
"[ 29  29  69  68  66  66  65  68  71  75  74  71  69  68  68  69  69  70
  71  72  72  72  72  73  73  72  72  74  75  76  77  78  76  76  77  77
  76  77  78  79  79  79  80  81  81  80  80  81  82  83  83  83  82  82
  83  84  85  85  83  82  83  84  85  85  86  85  84  86  87  86  86  86
  87  87  87  86  86  85  84  84  83  84  84  85  87  88  88  87  86  87
  87  87  88  88  88  87  87  88  89  89  89  88  88  89  89  89  89  89
  89  90  91  92  90  90  91  91  91  90  90  90  90  92  93  93  93  93
  92  90  91  93  94  94  94  94  94  94  94  94  94  94  94  96  96  94
  95  95  90  72  47  31  32  32  31  32  32  33  33  33  33  33  34  34
  35  35  36  36  36  36  38  39  43  46  47  47  49  52  52  58  64  70
  76  79  82  86  89  90  92  97 104 111 121 132 138 145 148 149 154 156
 157  31]"
"[ 29  29  71  70  68  69  69  74  81  82  77  70  68  68  68  69  69  69
  70  72  72  71  71  73  72  72  72  74  75  76  77  78  75  75  75  75
  75  76  77  78  79  79  80  81  81  80  81  82  82  83  83  83  82  82
  83  84  85  84  83  82  82  83  84  84  87  85  85  87  87  85  85  86
  86  86  86  86  86  85  84  84  84  85  86  86  87  88  88  88  86  87
  87  87  87  88  87  86  87  88  89  89  89  89  89  89  89  89  89  90
  91  91  92  92  91  91  91  90  90  90  90  90  90  93  94  94  93  94
  93  91  92  93  94  94  94  95  95  94  95  92  93  95  95  97  96  91
  94  90  97  92  67  44  35  34  32  32  32  32  32  32  32  32  33  34
  36  36  36  36  37  37  37  38  40  43  44  44  47  52  51  55  60  65
  73  78  82  85  90  92  93  96 101 107 115 122 130 132 133 137 144 145
 146  29]"
"[ 29  29  72  72  70  72  73  80  89  87  78  69  66  66  67  67  70  69
  69  70  70  70  72  74  73  73  73  74  75  75  76  77  76  75  75  75
  76  77  77  78  80  80  81  81  81  81  81  82  82  82  83  82  81  81
  82  83  83  83  83  82  82  83  84  84  85  84  84  86  86  84  84  85
  86  86  87  87  86  86  86  86  86  86  87  86  87  87  87  87  86  87
  86  86  86  87  86  85  89  89  89  89  90  90  90  89  88  88  89  90
  91  91  90  89  94  92  91  90  90  91  91  91  89  92  94  93  93  94
  95  93  93  94  95  95  95  95  96  95  94  91  95  97  93  93  98  98
  96  91  95  96  89  67  41  31  33  33  32  32  32  32  32  32  32  33
  34  33  33  34  36  36  37  37  38  40  39  39  43  48  51  54  56  61
  69  76  79  82  87  92  95  97 103 109 114 117 118 120 123 127 132 130
 134  27]"
"[ 31  27  67  73  70  82  87  91  89  80  72  67  67  68  66  67  68  69
  69  67  72  70  71  73  73  73  74  75  75  75  76  77  76  74  74  77
  79  79  78  79  79  80  80  80  80  80  81  82  82  81  81  81  81  81
  82  83  82  83  83  83  84  84  84  84  86  86  86  86  86  86  85  84
  86  86  86  87  87  86  86  87  86  86  86  87  88  88  87  86  85  86
  87  87  87  86  86  87  89  89  89  90  90  90  90  89  89  89  90  92
  92  90  90  91  94  93  91  90  91  92  93  93  90  91  93  94  94  94
  94  95  93  94  95  95  94  93  94  95  94  95  96  96  96  95  95  96
  95  94  95  96  94  87  65  38  29  36  32  31  32  31  33  32  34  33
  33  34  34  35  36  37  37  37  37  37  38  40  44  47  50  54  57  60
  66  71  76  79  87  91  94  99 104 107 110 109 111 113 110 112 117 119
 120  30]"
"[ 28  31  69  84  88  90  90  81  72  71  70  66  66  70  68  67  65  65
  66  71  73  74  73  72  72  72  73  74  74  74  75  76  77  76  76  79
  80  80  80  80  80  80  80  80  80  81  82  83  82  81  81  81  81  81
  82  83  83  83  82  82  83  84  85  85  85  86  86  86  86  86  87  86
  86  85  85  87  88  88  87  87  86  87  87  88  88  87  87  87  86  87
  87  87  87  87  87  87  88  88  89  89  90  89  89  89  89  89  90  91
  90  89  89  90  91  91  91  91  92  93  93  94  91  91  92  93  94  94
  94  93  93  94  95  96  95  94  94  95  95  96  96  96  96  96  96  96
  96  96  96  96  96  94  82  64  30  28  31  33  30  31  32  32  32  32
  33  35  35  35  34  34  35  35  36  37  37  38  41  44  48  51  54  57
  63  68  74  78  85  91  95 100 103 105 107 105 104 105 103 103 106 107
 110  28]"
"[ 31  28  84  81  81  79  61  55  59  61  66  66  66  67  64  63  64  62
  62  69  68  72  73  74  72  72  72  73  73  73  74  75  76  76  76  78
  80  80  80  80  80  79  79  79  80  81  82  82  82  81  81  81  81  80
  81  82  83  82  81  80  82  83  84  84  86  87  87  86  84  84  85  85
  85  84  84  86  88  88  87  87  86  87  88  88  87  87  87  88  87  87
  87  87  88  87  87  87  88  88  89  89  89  89  89  89  89  89  90  90
  90  89  90  91  91  92  93  93  93  93  94  95  93  93  92  93  94  94
  94  93  93  93  95  96  95  94  94  95  95  95  96  96  95  95  95  95
  97  96  96  96  96  98  95  88  57  34  30  33  32  33  32  34  30  31
  33  34  35  34  33  33  34  35  36  37  37  38  40  43  46  49  51  54
  59  65  71  77  84  91  95 101 103 104 104 101 101 100  96  96  98  98
 103  29]"
"[ 28  30  95  87  82  73  68  63  60  59  64  67  64  54  45  45  45  50
  55  65  72  75  72  74  73  73  73  73  74  74  75  76  75  75  75  76
  77  78  79  80  80  79  79  79  80  81  81  81  82  82  82  82  81  81
  81  82  83  82  81  81  82  83  83  82  86  86  86  84  83  83  84  84
  84  83  84  86  87  87  86  86  86  86  87  86  86  86  87  87  87  87
  87  87  88  88  88  88  88  89  90  90  89  89  89  89  90  90  91  91
  91  91  91  91  93  94  95  94  92  91  92  93  94  94  93  93  94  94
  93  93  93  93  95  96  96  95  95  95  95  95  96  96  96  95  95  95
  96  96  97  96  95  96  96  95  87  51  30  30  32  33  31  31  31  31
  31  32  33  33  33  34  34  35  37  38  38  38  39  42  44  46  48  51
  55  60  66  72  81  86  90  97 100 101 101  98  97  93  88  88  91  92
  94  28]"
"[ 30  31 106 102 104  99  97  91  78  65  53  42  33  24  19  23  19  26
  30  41  64  70  69  73  74  73  73  74  74  75  75  76  76  75  75  75
  76  78  80  81  81  81  80  81  81  82  81  81  83  83  83  83  82  81
  82  83  83  82  82  83  84  84  83  82  83  83  83  83  84  85  86  86
  83  83  85  86  86  85  85  86  86  86  85  86  86  87  87  86  87  86
  86  87  88  89  89  89  89  89  89  89  89  89  89  90  90  91  92  92
  91  91  91  91  93  94  94  93  91  90  91  92  94  94  93  93  92  92
  92  93  93  93  95  96  97  96  96  96  96  96  97  97  97  96  96  96
  96  97  98  97  96  94  93  94  97  75  46  33  33  33  33  30  33  32
  31  32  32  32  33  34  34  35  36  37  37  36  38  40  41  44  45  48
  52  55  60  66  74  78  82  88  93  96  97  94  94  90  86  86  87  86
  85  28]"
"[28 28 89 72 54 40 24 23 20 17 17 17 19 23 21 20 23 23 21 27 55 68 73 76
 73 73 73 74 75 75 75 75 76 76 75 75 76 78 80 81 81 81 81 81 81 81 81 81
 82 82 82 82 82 81 81 82 82 82 82 84 84 84 83 82 83 83 82 83 85 87 87 86
 83 84 85 86 85 84 84 86 87 86 86 87 88 88 88 87 87 87 87 87 88 89 89 90
 89 89 89 89 89 89 89 89 92 93 93 93 92 92 91 91 93 93 93 92 91 92 93 94
 94 94 94 94 93 93 93 93 93 93 94 96 96 96 96 97 97 96 96 97 97 97 96 96
 96 98 97 96 96 94 93 94 96 96 71 47 34 32 35 33 33 32 33 33 33 32 32 32
 34 34 35 36 36 36 37 39 41 42 43 46 49 51 54 60 68 73 75 81 86 90 94 92
 91 90 89 87 84 80 78 29]"
"[31 24 14 10  8  7 13 10 13 15 18 18 20 24 22 20 23 23 22 26 43 59 67 68
 73 72 73 74 75 75 75 75 75 76 75 74 75 78 80 80 80 80 80 80 80 81 81 81
 81 81 82 82 82 81 81 81 82 82 82 83 83 83 83 82 83 84 84 84 84 85 85 85
 84 84 84 85 84 84 84 85 86 87 87 88 88 89 88 88 88 88 88 87 87 88 89 90
 89 89 89 89 89 89 89 89 92 93 94 93 92 93 92 92 93 93 93 92 93 94 95 95
 95 95 94 94 95 95 94 94 93 93 94 95 96 96 96 97 96 96 96 96 97 97 96 96
 95 97 96 94 96 95 94 95 95 98 89 67 45 36 35 33 32 32 33 34 34 33 32 33
 35 34 34 35 35 36 37 38 40 41 41 43 46 47 50 56 63 69 72 76 80 84 89 89
 88 88 88 85 80 76 72 28]"
"[28 32 10 15 14 16 13 17 17 16 20 20 20 21 19 22 21 20 21 24 26 48 65 69
 73 72 73 75 76 76 75 75 74 75 75 75 75 78 79 79 80 80 80 80 80 81 82 83
 82 82 83 83 83 82 82 83 84 83 83 82 82 82 83 83 82 83 84 84 83 84 84 84
 84 83 83 84 84 84 84 84 85 87 88 89 89 88 88 89 89 89 89 88 87 88 89 90
 90 90 89 89 89 90 90 89 90 92 92 91 91 92 93 93 94 93 92 92 93 94 94 94
 95 94 93 94 96 96 94 93 93 93 93 94 95 96 96 97 97 96 96 97 98 98 97 96
 95 98 96 94 96 96 94 95 96 91 97 89 66 49 37 33 32 32 32 33 33 33 34 35
 35 34 33 34 35 36 37 38 39 39 39 41 44 45 47 53 58 65 69 72 74 77 83 84
 89 87 86 83 80 78 72 29]"
"[29 29 17 16 16 17 18 18 18 20 22 22 21 20 21 22 19 21 18 19 20 37 64 67
 70 71 73 74 75 76 76 76 77 76 75 75 76 77 79 80 81 80 80 80 80 80 82 83
 80 81 81 81 80 80 81 82 84 85 85 81 80 81 83 83 81 83 84 84 82 81 82 83
 84 82 80 80 83 85 85 83 86 87 87 86 87 89 88 86 87 87 87 87 87 88 89 90
 89 89 90 90 90 90 89 89 88 91 92 91 90 90 92 93 93 94 94 93 92 92 93 94
 94 94 94 94 95 95 95 94 92 92 93 93 94 95 96 97 97 97 97 97 97 97 98 98
 96 96 97 97 96 96 95 95 94 95 93 91 83 66 38 33 33 33 33 34 34 34 34 34
 32 33 34 34 33 35 36 37 40 39 40 41 43 44 47 50 54 61 66 66 67 70 75 80
 88 85 86 84 81 79 75 28]"
"[30 30 18 17 17 18 18 18 21 21 22 21 20 18 17 17 18 17 14 17 14 23 51 66
 72 73 74 75 76 77 76 76 75 75 75 76 77 78 79 80 81 81 81 81 81 81 82 84
 80 81 81 81 80 81 81 82 86 87 86 83 81 81 82 82 83 84 85 84 82 81 82 83
 85 85 84 83 84 86 86 85 85 86 86 86 86 88 87 86 86 86 86 87 88 88 88 89
 89 88 89 89 90 91 91 90 92 93 94 93 91 92 93 94 94 95 94 93 91 91 91 92
 94 95 95 95 95 96 95 94 92 93 93 94 94 94 95 96 96 96 96 96 96 96 97 97
 97 96 96 96 96 95 95 94 94 94 94 93 92 86 59 34 33 34 35 32 31 33 36 35
 35 36 36 35 34 35 37 38 38 38 38 41 43 44 46 47 50 56 60 61 63 66 70 75
 79 85 88 85 84 82 76 29]"
"[29 30 19 20 21 21 21 20 16 15 15 15 15 14 13 12  8 11 12 17 13 16 44 69
 73 74 75 76 76 76 76 76 76 76 76 78 78 79 80 81 79 79 80 81 81 80 81 82
 81 81 81 80 80 81 81 82 85 86 85 82 81 81 81 81 83 83 84 83 82 81 82 83
 84 84 84 84 84 85 86 86 85 86 86 86 86 88 88 86 85 86 87 88 88 88 88 88
 90 89 89 90 91 92 92 92 93 94 94 93 92 92 93 93 94 93 93 93 93 93 94 94
 93 94 94 94 95 95 94 92 94 95 96 96 96 96 96 96 96 96 96 96 96 97 97 97
 98 98 97 97 97 96 96 96 98 96 97 95 95 97 86 55 35 32 34 36 33 33 33 31
 33 35 35 33 32 33 35 36 37 37 37 40 42 44 44 44 46 51 54 56 59 62 65 70
 74 81 79 77 80 78 76 30]"
"[28 29 17 16 16 14 13 11 11 10 10 10 11 11 10  9 10 11  8  9  8 14 42 71
 72 73 74 74 75 75 75 75 76 76 76 76 77 77 78 79 79 80 80 81 81 81 81 82
 83 82 81 81 81 82 82 82 83 84 84 82 81 81 81 81 81 82 83 83 83 83 83 84
 83 84 84 83 83 85 87 87 86 86 87 87 87 88 89 88 87 88 89 89 89 89 89 88
 91 91 91 91 91 91 91 92 93 94 95 94 94 94 93 93 91 91 91 91 92 93 94 94
 96 96 96 96 96 96 96 95 94 94 95 95 95 95 95 95 96 96 95 96 96 96 96 96
 96 96 96 95 95 96 96 97 98 94 95 94 93 93 97 80 50 35 30 34 35 33 34 35
 33 34 35 34 33 33 35 37 38 38 39 41 43 44 44 44 44 49 51 52 54 56 60 65
 68 74 74 77 78 75 75 30]"
"[30 30 16 13 12 11 10  9 10 10  8  9  9  8  8  8 10  9  7 10 12 20 45 76
 73 73 74 74 75 75 75 76 75 75 76 77 78 77 77 78 79 79 80 81 81 81 81 82
 82 81 80 80 80 81 81 81 81 82 82 82 81 81 81 81 79 81 82 83 83 83 83 84
 84 83 82 82 82 85 86 86 85 86 86 86 87 87 88 88 87 88 88 89 89 89 89 89
 89 91 92 92 90 89 90 91 90 91 92 92 93 93 91 90 93 92 92 92 93 94 94 94
 95 95 95 94 94 95 95 94 95 95 95 95 95 95 96 97 97 97 97 97 97 97 98 98
 97 96 96 96 96 96 97 97 98 95 94 96 99 93 96 90 72 49 34 34 36 35 33 31
 33 34 35 35 34 34 35 35 36 37 38 39 40 41 42 43 45 49 51 51 52 54 58 63
 64 68 73 75 72 71 75 30]"
"[29 29 13  9  7  7  8  9  8  8  8  8  8  7  7  8  8  8  9 11 10 13 40 75
 72 72 72 73 73 74 74 75 74 75 77 79 80 78 77 76 78 78 79 81 81 81 82 83
 83 82 81 81 81 82 82 82 81 81 82 82 81 81 81 80 80 81 82 83 83 83 83 83
 84 83 82 81 82 83 84 84 86 87 87 87 87 87 88 88 88 88 89 89 90 91 91 92
 90 92 94 94 92 91 92 93 91 91 92 93 93 93 92 90 91 90 90 91 92 93 93 93
 95 95 94 94 94 95 95 95 94 94 94 94 94 94 96 96 96 96 96 96 96 96 97 97
 96 96 95 95 95 95 95 95 95 96 95 96 99 94 92 91 87 68 44 33 34 37 35 32
 33 35 35 35 34 34 34 34 35 37 38 38 39 40 42 42 40 44 46 48 51 53 57 62
 66 68 74 73 72 74 73 26]"
"[28 28 15 12 10  9  9 10  9 10 11 10  9  9 11 11 10 10 11 11 11 16 40 68
 73 73 73 73 73 74 74 74 75 75 77 79 79 78 77 76 79 79 80 81 81 81 82 83
 83 82 82 82 82 83 83 83 83 82 82 82 82 81 81 81 81 82 83 83 83 82 82 82
 83 82 82 81 81 82 82 82 86 86 86 87 86 86 86 87 87 87 87 87 88 88 89 89
 89 90 91 90 90 89 90 90 91 91 92 92 92 92 92 90 91 91 92 92 94 94 95 95
 93 93 93 92 92 93 93 93 95 95 95 95 95 95 96 96 96 96 96 96 96 96 96 96
 96 96 96 95 95 95 94 94 96 97 97 96 94 95 93 95 95 83 59 40 36 35 34 34
 34 35 35 34 34 34 34 33 35 37 37 37 38 39 40 39 41 43 44 47 50 52 54 57
 62 65 72 71 75 73 66 32]"
"[30 33 26 28 29 29 29 29 30 29 29 29 29 29 29 28 30 29 29 28 28 28 28 29
 29 29 29 28 28 29 29 29 29 29 29 29 29 28 29 29 28 28 29 29 29 29 29 30
 28 28 28 28 28 29 29 29 30 29 29 29 29 28 28 29 28 28 29 29 29 29 29 29
 28 29 29 29 29 29 29 29 29 29 29 30 29 28 29 30 29 29 29 29 29 29 29 29
 30 29 29 29 29 29 29 29 29 29 29 28 28 29 29 28 30 29 29 29 29 29 29 29
 29 29 29 29 29 30 29 29 29 29 29 29 29 29 29 29 29 29 29 29 29 29 29 29
 29 29 29 29 29 28 28 28 30 26 28 31 27 32 28 29 27 32 30 28 32 29 26 31
 29 29 29 29 29 30 30 29 29 29 29 28 29 30 30 28 29 28 27 28 31 30 28 29
 28 29 31 26 30 27 32 29]"
