"[ 40  74  70  78  65  79  80  66  68  66  66  70  76  80  80  79  77  82
  90 100 108 113 116 118 117 115 112 110 105  95  83  73  73  69  68  66
  68  79  75  53  48  33  19  22  36  45  41  32  51  51  50  48  44  40
  36  34  37  38  35  44  36  33  56  56]","[ 74 115 114 121 109 126 133 128 133 133 133 136 139 142 143 142 146 150
 159 171 187 203 217 223 239 246 249 249 249 247 232 222 193 173 162 154
 136 127 129 128 110  92  71  65  71  79  79  75  83  79  73  68  64  61
  59  57  55  66  60  61  68  92 113  91]","[ 60 111 112 114  97 108 111 109 108 110 114 117 119 122 126 129 126 125
 124 125 128 132 136 139 145 156 175 197 219 238 252 253 253 251 246 236
 210 182 153 124 106  96  85  81  80  77  68  60  77  70  61  56  55  55
  54  53  57  67  63  72  89 113 124  90]","[ 70 130 132 132 116 119 111 106  99 102 106 106 104 105 108 112 115 117
 120 123 124 123 121 119 130 129 127 126 131 143 160 172 184 205 228 240
 253 253 225 160  85  82  79  77  73  67  58  51  65  60  54  52  56  60
  61  60  63  66  74 105 118 114 115  93]","[ 64 129 128 127 121 128 117 114 111 113 112 107 100  96  95  96  92  95
 101 106 110 112 112 111  99 104 109 111 113 116 121 126 125 136 144 142
 150 165 136  80  87  80  70  63  60  62  66  69  61  59  59  62  68  72
  74  73  73  84  98 126 127 116 118 101]","[ 73 141 133 127 126 135 126 128 127 127 126 122 118 114 113 113 102  99
  93  87  83  80  80  80  84  88  93  97  99 100 101 102 103  98 102 104
  96  91  86  74  70  66  62  58  56  56  57  57  55  58  63  67  71  74
  76  76  92 115 122 121 114 118 123  93]","[ 76 154 149 139 135 139 127 132 121 120 118 117 117 116 114 112 117 114
 108 103  99  97  97  98  73  70  68  71  77  86  94  99  96  91 101 107
  91  77  73  70  54  56  61  64  64  59  51  45  61  67  74  79  80  83
  87  92 108 122 120 120 120 128 131  96]","[ 90 182 189 182 176 174 157 163 145 140 134 130 128 124 118 113 111 112
 112 111 108 104  99  96 101  93  84  77  75  73  69  66  80  85  92  91
  85  88  80  57  50  49  48  49  52  52  50  47  57  65  74  78  79  82
  91  99  87  81  81 110 126 126 125 100]","[ 81 176 172 172 171 172 172 176 179 179 178 173 166 156 147 141 125 122
 120 119 117 112 104  98 101  96  96  77  75  90  86  88  94  93  91  88
  82  74  66  60  41  41  40  38  38  44  54  61  68  70  72  70  68  69
  75  80  73  67  67  98 119 125 127 102]","[ 99 195 189 186 180 177 173 175 162 163 166 168 170 172 172 173 176 171
 164 160 158 153 140 128 107  89  84  73  75  86  83  94  87  88  87  81
  74  68  60  55  45  35  25  28  43  58  66  68  71  68  67  71  76  75
  69  62  71  61  58  93 122 134 133 102]","[100 200 198 197 194 192 189 190 190 187 182 177 173 171 170 170 168 167
 165 168 178 183 170 152 102  82  74  63  75  96  91  93  84  87  83  73
  65  62  56  50  43  36  31  38  53  67  74  74  81  74  65  62  65  68
  68  66  60  61  69 105 129 135 134 104]","[ 94 199 202 203 202 203 201 202 198 196 193 189 188 187 188 188 177 174
 169 167 170 163 136 107  87  75  69  61  86 119 105  85  81  83  75  61
  57  61  59  49  44  52  61  65  66  67  72  77  64  68  72  71  65  58
  54  52  59  80 103 132 136 129 131 109]","[101 206 212 210 205 205 201 199 198 199 200 200 201 202 202 202 204 199
 193 188 178 152 111  78  79  60  69  89 122 136 106  87  76  76  66  54
  62  79  78  62  62  70  78  79  74  71  73  77  70  63  54  50  53  63
  74  80  92 112 128 146 140 131 132 110]","[104 210 218 214 209 210 207 204 210 210 210 209 206 202 197 195 203 198
 199 203 189 152 110  85  80  55  86 141 168 143  98  95  80  78  67  63
  87 116 111  85  83  77  71  70  73  75  74  72  70  56  46  58  87 116
 132 136 140 140 133 141 142 140 139 108]","[100 210 219 216 212 217 216 214 203 205 208 210 211 211 211 210 210 201
 203 208 183 131  90  77  74  76 129 183 193 153  99  92  86  82  71  74
 110 144 129  89  82  75  66  62  62  64  64  63  52  68  97 133 160 167
 157 145 157 152 137 140 142 144 142 109]","[102 213 221 216 211 216 215 213 214 214 214 213 213 212 211 210 211 199
 204 213 185 128  93  90  63 105 173 199 194 166 110  80  83  78  67  74
 115 148 124  73  64  70  72  65  53  46  49  55  92 115 143 158 158 154
 156 160 147 153 147 149 143 139 140 111]","[100 219 214 215 217 214 218 216 216 216 216 215 215 215 214 214 215 217
 205 206 179 117  88  81  78  95 169 195 197 174 104  89  88  80  65  60
 122 154  98  72  76  75  69  49  36  56  85  93 136 156 169 163 156 159
 162 160 154 158 155 154 142 146 149 109]","[100 219 214 214 217 214 218 216 216 216 215 215 215 214 214 214 206 212
 211 213 173 112  93  86  65 102 191 217 203 167  99  90  85  82  70  63
 108 128  83  69  65  65  69  62  55  78 119 141 168 158 149 150 152 146
 134 125 108 115 123 140 143 148 147 106]","[100 219 214 214 217 213 217 215 215 215 215 214 214 214 213 213 213 209
 212 213 160 103  91  75  70  88 156 192 204 182 110  81  78  79  73  65
  87  91  62  63  65  64  63  58  69 111 146 149 117  89  70  74  80  72
  61  58  48  50  54  77  89  91  89  57]","[100 219 214 214 216 213 216 214 214 214 214 214 213 213 213 212 223 208
 208 207 151 103  99  77  85  73  97 127 161 164 107  70  72  74  70  66
  72  65  51  60  62  58  50  50  84 139 144 105  76  63  55  56  59  58
  62  68  74  70  59  71  77  73  74  56]","[100 219 214 214 216 212 215 213 214 213 213 213 212 212 212 212 216 207
 210 204 143 101 110  99  95  85  89  91 100 104  84  73  75  75  69  71
  70  59  56  61  52  42  50  78 115 136 112  65  44  53  59  57  58  63
  63  59  62  68  56  63  67  56  56  47]","[100 219 214 213 215 211 215 213 213 213 212 212 212 211 211 211 204 212
 217 204 142  95 104 104 105 105 103  94  89  89  88  87  83  84  74  79
  75  64  69  62  55  40  69 123 131  96  64  51  51  60  65  63  68  72
  58  37  36  57  52  59  67  57  54  45]","[100 219 214 213 215 211 214 212 212 212 212 211 211 211 210 210 206 216
 212 207 171 124 110  98 106 109 104 106 110 111 107  93  89  94  82  85
  76  65  75  58  60  51  80 117 101  58  43  52  52  48  44  44  50  53
  48  39  57  74  50  39  48  47  46  39]","[101 219 214 213 215 210 214 211 212 212 211 211 211 210 210 210 212 213
 199 213 216 178 139 107  94 105 106 111 113 109 105  90  90  99  86  87
  73  62  74  51  52  55  70  74  57  48  56  61  63  49  39  40  43  50
  69  90 130 131  76  38  42  49  57  53]","[ 99 219 214 214 216 211 214 211 212 212 211 210 210 209 208 208 212 208
 206 211 216 213 201 189 117  98 102 111 110 117 116  94  93  90  94  91
  76  69  68  61  49  50  59  53  39  51  62  47  51  47  47  63  98 136
 158 165 174 142  67  45  56  57  64  47]","[ 98 217 213 213 214 210 212 210 212 212 211 210 209 209 208 208 211 208
 205 208 212 212 205 199 201 157 118  97  96 117 123 100  96  89  93  96
  88  82  73  58  55  40  43  56  53  46  48  52  54  39  54 110 161 174
 168 163 169 125  59  49  59  64  73  54]","[ 97 217 212 212 213 209 211 209 212 211 211 210 209 208 208 208 210 208
 205 205 208 210 210 209 223 206 181 142 107 104 113 109  98  88  92 101
 101  97  81  58  55  43  37  49  59  45  37  48  42  62 108 160 183 176
 169 173 154  94  45  50  58  65  74  53]","[ 98 217 212 212 214 209 212 209 211 211 210 210 209 208 207 207 208 208
 208 207 206 207 210 213 197 213 225 201 146 105 104 118  99  89  92 103
 105 103  89  66  51  59  47  39  51  47  37  44  64 117 166 175 165 164
 172 177 138  71  41  57  60  64  69  48]","[ 99 218 214 214 215 211 213 211 211 211 210 209 208 208 207 207 207 209
 210 209 207 206 207 209 207 205 210 212 184 135 111 120 101  91  93 100
 100 102  96  80  53  61  51  42  47  43  46  69 131 158 173 167 165 177
 179 170 124  64  53  70  67  66  65  53]","[100 219 214 214 216 211 214 211 210 210 210 209 208 207 207 206 206 208
 210 210 208 206 204 204 216 204 200 212 207 160 120 118 105  94  92  95
  93  99 101  92  66  50  43  54  51  38  62 113 167 163 162 168 176 178
 173 168 100  60  64  74  67  66  63  68]","[ 99 218 213 213 215 210 213 210 210 210 209 209 208 207 206 206 206 206
 206 206 206 206 205 204 201 209 209 214 213 174 128 116 111  96  90  91
  91 100 106  98  78  48  43  57  48  45  88 142 159 163 168 171 173 171
 164 156  73  56  70  69  65  67  68  95]","[ 97 217 212 212 214 209 212 209 210 210 209 208 208 207 206 206 207 204
 202 203 205 206 206 205 198 212 203 197 208 188 142 115 116  97  87  89
  92 104 108  99  83  58  52  50  37  57 111 147 154 174 177 164 168 183
 166 131  59  58  77  69  67  74  79 122]","[102 217 220 212 212 215 210 214 209 209 209 208 206 205 203 202 204 204
 204 204 204 204 204 204 204 197 202 209 205 191 158 120 115 101  88  86
  92  97 101 105  97  73  54  54  58  65  87 113 117 124 138 161 181 173
 131  88  57  67  66  73  74  55 124 133]","[ 99 213 216 208 209 211 207 210 208 208 208 207 206 204 203 202 204 204
 204 204 204 204 204 204 204 200 203 208 206 197 165 122 116 101  88  85
  90  95 100 104 106  85  67  60  57  53  57  65  61  65  71  82  93  93
  72  49  60  65  67  72  71  69 141 139]","[104 216 217 210 212 213 208 213 208 208 208 207 206 205 203 202 205 205
 205 205 205 205 205 205 205 204 206 206 207 207 176 128 118 103  88  84
  87  91  97 102 109  96  78  67  62  59  54  49  54  57  59  60  63  66
  65  61  64  64  68  71  65  92 164 145]","[104 214 213 208 210 210 205 211 206 206 206 206 205 203 202 201 203 203
 203 203 203 203 203 203 203 204 204 201 205 212 183 133 120 105  89  84
  84  87  93  99 108 103  88  70  63  67  68  63  62  67  72  73  72  73
  76  77  70  64  69  68  61 115 181 146]","[ 95 203 200 196 199 198 192 199 199 199 199 199 198 197 196 195 197 197
 197 197 197 197 197 197 196 197 197 193 197 206 182 134 121 107  92  85
  83  84  89  95 105 109 100  78  63  64  66  63  65  67  71  75  77  76
  75  76  75  67  68  65  62 135 186 141]","[ 91 196 191 189 193 190 184 192 191 191 192 192 191 190 189 189 190 190
 190 190 190 190 190 190 189 188 189 187 189 196 176 136 122 110  96  88
  84  82  86  91  95 108 111  96  79  70  67  64  81  76  74  78  82  82
  81  82  78  71  66  64  70 152 181 136]","[ 95 198 192 191 195 192 186 194 189 189 190 190 190 189 188 187 189 189
 189 189 189 189 189 189 190 186 188 190 189 190 174 145 123 112  99  91
  86  82  84  88  89 101 111 108  96  84  78  76  85  77  74  79  82  79
  77  78  77  75  64  64  82 166 174 133]","[ 97 199 192 192 197 193 187 196 192 192 192 193 192 192 191 190 192 192
 192 192 192 192 192 192 196 189 192 196 193 191 177 154 123 113 101  94
  87  82  82  87  93  98 105 107  99  88  80  79  83  78  79  86  87  80
  75  75  76  77  62  65  91 175 170 133]","[ 91 194 193 191 189 192 191 190 190 190 190 190 190 190 190 190 191 191
 191 191 191 191 191 191 193 191 193 191 188 193 182 157 124 118 106  92
  85  83  83  83  90  94 100 104 104 100  94  90  88  81  79  84  85  78
  74  76  78  67  54  83 135 176 174 119]","[ 91 194 193 191 190 192 191 190 190 190 190 190 190 190 190 190 191 191
 191 191 191 191 191 191 192 190 192 191 188 192 183 159 123 117 107  96
  89  85  83  82  89  93 100 105 106 103  98  95  92  89  86  85  82  77
  75  75  76  66  73 125 161 165 160 133]","[ 92 194 194 192 190 193 191 191 191 191 191 191 191 191 191 191 192 192
 192 191 191 191 191 191 191 188 191 190 188 192 185 163 122 116 108 101
  95  89  84  81  87  91  98 104 107 107 104 102  98  99  97  91  86  84
  81  76  67  80 110 160 173 158 152 133]","[ 92 195 194 192 190 193 191 191 192 192 192 192 192 192 192 192 193 192
 192 192 192 191 191 191 191 186 189 190 187 191 186 168 124 117 110 106
 101  92  84  81  83  88  95 103 107 109 109 108 103 106 105  99  97  94
  85  73  63 111 147 162 159 160 157 120]","[ 93 195 195 192 191 193 192 191 192 192 192 192 192 192 192 192 194 193
 193 192 192 191 191 191 191 185 188 190 187 189 186 172 129 119 111 110
 105  94  85  81  81  86  93 100 106 110 111 111 106 107 106 103  99  93
  79  66  88 140 162 154 145 160 163 117]","[ 93 195 195 193 191 194 192 192 193 193 193 193 193 193 193 193 194 194
 194 193 192 192 191 191 192 185 187 190 186 187 186 175 136 122 113 111
 107  95  85  83  82  86  92  99 105 110 112 114 111 107 104 101  92  81
  76  76 132 154 158 157 151 156 162 131]","[ 93 196 195 193 191 194 192 192 194 194 194 194 194 194 194 194 195 195
 194 193 192 192 191 191 193 185 187 190 185 185 185 177 143 126 113 111
 107  94  86  85  85  88  93 100 106 111 114 115 117 110 107 102  87  77
  93 120 159 160 154 162 161 159 164 141]","[ 93 196 195 193 191 194 193 192 194 194 194 194 194 194 194 194 196 195
 194 194 193 192 191 191 194 185 187 191 185 184 185 177 148 129 113 111
 106  94  86  87  88  91  95 101 107 112 115 117 123 115 113 107  89  82
 118 165 163 165 156 161 163 167 170 140]","[ 85 199 189 192 196 190 195 198 194 194 194 194 195 197 198 199 197 197
 198 199 199 198 198 197 201 200 200 199 197 195 194 193 159 121 117 111
  99 104  96  87  85  88  95 103 111 116 118 118 119 115 114 100  96 132
 165 159 163 162 158 164 159 167 175 140]","[ 94 211 202 205 209 202 207 209 211 211 210 210 211 211 212 213 211 212
 212 213 213 213 212 211 209 209 208 207 205 203 201 200 161 121 117 111
 100 105  97  88  88  89  94 103 113 119 121 120 119 114 111 110 123 152
 171 167 164 163 159 165 160 167 175 139]","[103 221 216 219 222 215 219 219 220 219 218 217 217 217 217 218 216 216
 217 217 217 217 216 215 211 210 210 208 206 203 201 200 166 124 118 112
 100 104  96  88  88  87  90  99 111 119 121 119 120 115 109 123 153 170
 170 170 165 164 161 166 161 168 175 139]","[104 225 223 225 227 221 224 223 221 220 218 217 215 215 214 214 213 213
 213 214 213 213 212 211 209 209 208 206 204 201 199 197 174 127 119 113
 100 102  93  86  85  83  85  94 107 115 117 115 120 116 111 133 170 172
 160 168 166 165 162 168 162 169 175 139]","[102 226 225 226 227 222 226 224 225 224 222 220 218 217 217 216 214 215
 215 215 214 213 212 212 213 212 211 210 208 205 203 202 181 130 119 112
 100  99  89  83  84  84  86  95 105 112 113 111 116 116 118 143 174 168
 156 170 166 166 163 170 164 171 177 140]","[102 228 228 226 227 224 229 226 227 226 224 222 221 219 219 219 216 216
 216 216 215 214 213 212 212 212 212 211 209 207 205 204 184 130 116 111
  99  97  87  83  89  91  96 103 109 113 113 112 110 113 127 155 174 167
 163 175 165 165 164 171 167 173 179 142]","[102 229 229 226 226 224 230 228 226 225 223 221 220 219 219 218 215 215
 215 215 214 213 211 210 209 209 209 209 208 207 206 205 182 126 112 109
  99  98  89  86  93  99 106 111 112 112 112 113 106 109 135 165 173 170
 171 171 164 165 164 172 168 175 181 144]","[101 229 229 224 224 224 231 228 227 226 224 223 221 221 220 220 216 217
 216 216 215 214 212 211 210 211 211 211 211 210 209 208 179 122 108 107
  99  99  91  89  94 102 111 115 113 110 110 111 106 106 139 171 172 171
 173 162 163 164 164 173 169 176 182 146]","[109 234 233 232 233 230 232 226 226 227 227 226 225 222 220 218 217 215
 213 213 214 215 215 214 213 214 213 211 211 214 211 206 166 122 110 106
 102 101  90  92  92 100 109 115 115 114 114 115 111 109 147 171 173 174
 166 172 163 166 164 170 168 178 183 141]","[103 229 228 226 227 225 230 227 230 231 231 230 229 226 224 222 217 215
 213 212 214 214 214 213 213 215 214 211 212 214 212 206 164 122 112 108
 105 105  94  96  95 102 112 117 118 117 117 118 114 114 152 174 175 174
 166 170 166 169 167 173 171 181 186 144]","[112 238 238 235 234 232 239 238 232 233 233 232 230 228 225 224 216 214
 212 211 212 213 212 211 212 214 213 210 211 213 211 205 153 115 107 103
 100 102  92  93  90  98 107 113 114 113 113 114 113 115 154 174 173 171
 162 165 164 166 165 171 168 179 183 142]","[107 235 235 232 229 225 231 229 231 231 231 231 229 227 224 223 221 219
 216 216 217 217 216 215 215 217 216 213 214 216 214 209 154 119 113 108
 104 107  97  97  94 102 112 118 119 118 118 119 118 122 162 179 177 177
 167 169 167 169 168 174 171 181 186 145]","[110 238 240 240 240 236 239 236 238 239 239 238 237 234 232 230 216 213
 211 210 211 211 210 209 207 209 208 205 206 208 206 201 149 117 112 106
 101 104  93  91  91  98 108 114 116 115 115 117 110 117 157 173 169 171
 163 165 161 163 162 167 165 175 180 139]","[106 230 233 234 238 237 240 235 231 231 231 231 229 227 224 222 224 222
 219 218 219 219 217 216 214 216 215 212 213 215 213 207 148 119 116 109
 103 107  96  93  92 100 110 116 117 117 117 119 115 124 162 175 170 174
 168 170 165 168 166 172 170 180 185 143]","[121 239 236 236 241 243 244 239 244 245 245 244 242 239 238 236 223 220
 217 216 217 216 215 214 212 214 213 210 211 213 211 206 148 122 122 114
 109 114 104 100  95 103 114 120 122 121 122 123 122 131 168 177 171 175
 170 172 166 168 167 173 170 181 185 144]","[ 77 195 181 176 181 183 186 178 179 179 180 179 177 175 172 171 171 169
 166 165 165 165 164 162 162 163 162 160 161 163 161 155 117  93  94  87
  82  89  80  76  68  76  86  93  94  94  95  96  90  99 134 140 132 137
 133 135 125 128 126 132 130 140 145 103]"
