"[29 79 50 58 64 66 68 71 76 75 74 74 74 74 75 75 72 72 72 71 70 69 69 69
 64 63 62 60 58 57 55 55 56 54 52 52 52 51 49 48 46 47 47 48 49 50 50 51
 49 49 48 47 46 45 45 44 45 37 41 47 45 48 52 47]","[ 69 133 114 117 114 112 112 113 122 123 125 128 132 136 139 141 147 147
 146 146 145 144 143 143 142 140 136 131 125 120 116 114 106 104 100  97
  95  93  89  86  92  91  89  86  84  81  79  78  84  84  84  83  82  81
  81  81  75  67  69  72  67  68  70  62]","[ 83 166 158 157 147 144 143 140 123 122 121 121 120 120 121 121 116 118
 122 126 132 136 140 142 147 147 148 149 150 151 152 153 145 142 137 132
 128 124 118 115 101 100  99  97  95  93  92  91  80  80  79  79  79  78
  78  78  81  74  75  77  72  73  72  61]","[ 89 183 182 180 172 175 174 166 171 168 164 158 153 149 146 144 133 131
 129 125 122 118 116 114 113 114 117 121 125 129 132 134 147 146 144 143
 143 143 141 139 143 140 135 128 121 114 109 106 106 105 102  98  94  90
  87  85  85  78  80  81  77  80  77  64]","[ 91 184 184 183 180 188 188 177 181 180 178 176 174 172 172 171 177 175
 171 165 159 154 150 147 140 138 135 131 126 122 119 117 122 122 123 126
 131 134 135 134 148 147 147 146 145 145 144 144 133 131 126 121 115 109
 105 102 102  96  96  94  89  90  84  66]","[ 89 178 176 177 175 183 184 175 178 178 178 178 179 180 181 182 169 170
 170 171 172 173 174 174 173 171 167 162 157 152 148 146 134 132 129 127
 126 124 122 119 111 113 117 122 127 131 135 137 143 144 144 145 145 146
 146 146 134 128 127 122 114 114 104  82]","[ 95 183 181 186 183 186 189 186 182 181 179 177 176 175 175 175 185 184
 182 180 178 175 174 173 173 173 173 173 174 174 174 174 175 172 166 162
 158 153 148 144 143 141 137 131 126 120 116 114 117 118 120 123 126 129
 131 132 148 145 145 143 139 143 134 110]","[ 86 174 176 185 179 179 184 188 190 189 187 185 183 181 181 180 176 177
 177 178 179 180 181 181 177 177 176 175 173 172 171 171 172 171 170 171
 173 174 173 172 170 169 166 162 158 154 151 149 136 135 132 128 123 119
 116 114 114 113 119 121 124 134 128 105]","[ 84 181 177 178 179 183 183 187 187 187 187 186 185 184 183 182 181 182
 182 182 182 181 180 179 178 178 178 178 178 178 178 178 177 177 176 175
 174 173 173 172 171 171 170 170 169 169 169 169 167 166 163 159 155 151
 148 147 141 137 130 132 123 124 124  84]","[ 85 182 178 178 179 182 182 186 185 186 186 187 187 185 184 183 183 183
 182 182 182 181 181 181 179 179 179 179 179 179 179 179 179 179 178 177
 176 175 175 174 173 173 173 173 172 172 171 171 171 171 170 169 168 167
 166 165 166 163 157 160 152 155 156 116]","[ 87 183 179 178 178 181 180 184 182 184 186 188 188 187 186 184 185 184
 183 181 181 181 182 183 181 181 181 181 181 181 181 181 180 180 179 179
 178 177 177 177 177 177 176 176 176 175 175 175 172 172 172 173 173 173
 174 174 175 172 168 173 167 170 172 132]","[ 88 184 179 178 177 179 179 182 180 182 185 188 189 188 187 186 186 184
 182 180 179 180 182 184 181 181 181 181 181 181 181 181 180 180 180 179
 179 178 178 178 179 179 178 178 178 177 177 177 175 175 174 174 173 172
 172 172 172 170 166 172 166 170 172 132]","[ 88 184 179 178 177 179 178 181 178 180 183 186 188 188 187 187 185 184
 181 179 179 180 182 183 181 181 181 181 181 181 181 181 180 180 179 179
 179 179 178 178 180 179 179 179 178 178 178 177 180 180 179 178 177 176
 175 174 178 176 173 179 172 175 176 135]","[ 87 183 178 177 177 178 178 181 178 179 181 183 185 186 187 187 185 184
 182 181 181 181 182 183 181 181 181 181 181 181 181 181 180 180 180 180
 180 179 179 179 180 180 180 179 179 179 178 178 178 178 178 178 178 178
 178 178 180 178 175 181 174 176 176 135]","[ 86 182 178 177 176 179 178 181 179 179 179 180 181 183 186 187 186 186
 186 185 185 184 184 184 183 183 183 183 183 183 183 183 181 181 181 181
 181 182 182 182 182 182 181 181 180 180 180 180 176 176 177 177 177 178
 178 178 176 175 173 179 173 175 175 134]","[ 85 181 177 176 176 179 179 182 180 179 178 178 179 182 185 187 187 188
 188 188 188 187 186 185 184 184 184 184 184 184 184 184 183 183 183 183
 183 183 183 184 183 183 183 182 182 182 181 181 181 181 180 180 180 180
 179 179 179 178 176 184 178 181 181 140]","[ 86 183 179 179 178 180 178 181 180 179 179 179 179 180 181 182 185 186
 187 188 189 188 187 186 185 185 185 185 185 185 185 185 189 187 184 182
 181 183 185 187 182 182 183 184 184 183 182 182 181 181 181 180 179 179
 179 178 179 181 179 183 177 183 185 141]","[ 86 183 179 178 178 179 178 181 180 179 179 179 179 180 181 182 185 186
 187 188 189 188 187 187 186 186 186 186 186 186 186 186 188 187 185 183
 183 184 185 186 183 183 184 185 185 184 183 183 182 182 182 181 181 180
 180 180 180 182 179 183 177 184 185 141]","[ 86 183 179 178 178 179 178 181 179 179 179 179 179 180 181 181 185 186
 187 188 188 188 188 188 187 187 187 187 187 187 187 187 187 186 186 185
 185 185 185 185 184 185 186 186 186 186 185 184 184 183 183 183 183 182
 182 182 181 183 180 184 178 184 185 142]","[ 86 182 178 178 177 179 178 180 179 179 178 178 179 179 180 181 185 185
 186 187 187 188 188 188 188 188 188 188 188 188 188 188 185 186 187 187
 187 186 184 183 186 186 187 188 188 187 186 186 185 185 185 185 184 184
 184 184 182 184 182 185 179 185 186 142]","[ 85 182 178 177 177 178 177 180 179 178 178 178 178 179 180 181 183 184
 184 185 186 187 188 188 188 188 188 188 188 188 188 188 185 186 188 188
 188 186 184 183 187 187 188 188 188 188 187 187 185 185 186 186 186 186
 186 186 184 186 183 187 180 186 187 143]","[ 85 181 177 177 176 178 177 179 178 178 177 177 178 179 180 180 182 182
 182 182 183 185 187 188 188 188 188 188 188 188 188 188 186 187 188 188
 188 187 185 184 187 187 188 188 188 188 187 187 185 186 186 186 186 187
 187 187 186 188 185 188 182 187 188 144]","[ 85 181 177 177 176 178 177 179 178 178 177 177 178 178 179 180 180 180
 179 180 181 183 185 187 187 187 187 187 187 187 187 187 187 187 188 188
 187 187 186 185 186 187 188 188 188 188 187 186 185 185 185 186 186 187
 187 187 187 189 186 189 182 188 188 144]","[ 84 181 177 177 176 178 176 179 178 177 177 177 177 178 179 180 179 178
 178 178 180 182 184 186 187 187 187 187 187 187 187 187 188 188 188 187
 187 186 186 186 186 187 187 188 188 187 187 186 185 185 185 186 186 187
 187 187 188 190 186 189 183 188 188 144]","[ 85 182 178 176 173 175 175 178 177 177 177 177 177 177 177 177 178 178
 179 180 181 182 182 183 191 188 185 185 187 186 184 181 189 190 188 185
 189 194 189 178 186 186 186 186 186 186 186 186 187 187 188 188 188 187
 186 186 188 188 184 188 184 190 190 145]","[ 83 180 176 174 172 173 173 177 177 177 177 177 177 177 177 177 176 176
 177 178 179 180 180 181 184 187 189 188 189 192 193 192 187 187 185 183
 185 189 190 188 186 186 186 186 186 186 186 186 186 187 187 188 188 187
 186 186 187 188 184 188 184 190 190 144]","[ 82 178 173 172 171 173 172 175 177 177 177 177 177 177 177 177 175 175
 176 176 177 178 178 178 177 185 188 184 183 188 191 190 190 189 189 189
 187 184 185 189 187 187 187 187 187 187 186 186 186 186 187 187 187 187
 186 186 187 188 184 188 183 190 189 144]","[ 82 177 172 171 171 174 172 174 176 176 176 176 176 176 176 176 175 175
 175 176 176 177 177 177 176 182 182 176 176 183 186 183 188 184 186 191
 191 185 183 186 187 187 187 187 186 186 186 186 185 185 186 187 187 187
 187 186 187 187 183 187 183 189 189 144]","[ 83 177 171 171 173 176 174 175 176 176 176 176 176 176 176 176 175 175
 176 176 176 176 177 177 177 178 178 178 183 189 193 192 188 183 180 184
 187 187 187 188 187 187 186 186 185 185 185 184 184 184 185 186 187 187
 187 186 186 187 183 187 182 189 189 143]","[ 83 176 170 170 173 176 174 174 175 175 175 175 175 175 175 175 175 175
 175 175 175 176 176 176 176 173 177 186 187 182 183 188 199 197 191 184
 182 187 189 188 186 186 185 185 184 183 183 182 183 183 185 186 187 187
 187 186 186 186 183 187 182 189 188 143]","[ 81 174 167 168 172 176 173 173 175 175 175 175 175 175 175 175 174 174
 174 174 174 173 173 173 176 172 178 184 165 132 121 132 168 187 196 188
 182 187 189 183 185 185 184 183 182 181 181 180 182 183 184 185 186 187
 187 187 186 186 182 186 182 188 188 143]","[ 80 172 165 166 171 175 172 171 175 175 175 175 175 175 175 175 172 172
 172 172 172 172 172 171 177 172 178 175 133  74  51  63 106 148 182 185
 182 190 192 183 184 184 183 182 181 180 180 179 182 183 184 185 186 187
 187 187 186 186 182 186 182 188 188 143]","[ 83 163 170 169 167 178 170 172 177 174 172 171 170 170 173 176 171 175
 178 177 173 169 169 170 167 176 184 167 118  67  54  67  74  99 168 195
 183 184 183 185 192 183 178 182 184 181 181 184 184 184 184 183 183 183
 183 183 187 185 182 189 184 186 185 143]","[ 86 165 169 168 166 176 169 172 169 175 178 175 174 175 169 161 173 174
 174 173 174 176 180 184 191 169 172 186 145  70  44  68  69  84 149 184
 181 185 183 185 192 185 181 183 183 180 178 180 184 184 184 184 184 184
 184 184 186 184 181 188 183 186 185 143]","[ 91 166 167 165 162 172 165 169 163 168 167 163 168 180 183 179 184 163
 134 112 109 124 146 162 106  75  83 124 118  67  51  77  75  79 136 175
 179 184 181 183 181 177 176 180 183 181 181 183 178 178 179 179 180 181
 181 181 182 181 178 185 179 182 183 142]","[ 66 136 135 132 129 137 131 137 141 139 140 145 150 153 156 159 160 128
  84  51  44  61  88 106  60  45  44  61  69  61  57  63  77  73 123 159
 160 162 159 163 165 164 166 169 171 171 171 171 175 175 176 177 178 179
 180 180 181 181 179 186 179 182 185 145]","[ 54 121 116 115 112 119 112 119 117 112 120 133 124  97  80  81  96  82
  63  50  47  52  59  63  64  62  55  48  50  58  59  54  64  62 109 136
 130 130 129 134 129 131 131 130 128 128 127 125 130 130 131 132 133 134
 134 135 135 136 135 140 133 137 141 103]","[ 63 127 121 121 119 124 116 124 122 114 115 115  94  60  44  48  56  57
  58  59  60  57  53  49  49  47  49  54  55  54  58  65  62  66 113 131
 119 123 125 127 131 136 137 134 133 136 137 137 134 134 135 135 136 136
 137 137 135 136 135 141 133 137 143 106]","[ 57 119 114 115 113 117 109 116 125 125 116  94  70  56  57  62  52  53
  54  54  52  51  51  52  57  54  58  64  60  50  53  64  69  78 122 132
 122 133 133 128 124 129 129 124 121 125 128 127 133 133 133 133 133 133
 133 134 131 133 132 138 130 134 140 105]","[ 59 120 114 117 116 119 110 117 104 122 117  84  59  59  61  55  50  53
  57  57  54  53  55  57  52  58  60  54  49  51  57  60  67  77 118 125
 116 132 130 117 158 161 156 143 134 133 133 130 131 131 131 131 131 130
 130 130 130 132 132 137 129 133 140 106]","[ 62 114 120 112 115 111 114 112 121 120  97  64  55  67  69  57  54  57
  59  57  53  52  54  56  50  62  67  57  45  44  48  51  66  77 121 122
 129 118 129 149 176 138 122 134 138 133 130 128 129 129 130 130 130 131
 131 131 130 133 127 133 131 130 131 104]","[ 60 111 116 108 112 109 112 109 115  99  77  65  64  66  63  58  52  57
  61  59  54  52  55  59  56  60  59  52  48  51  54  54  62  82 128 120
 131 131 132 132  90  71  81 113 127 126 126 124 128 129 129 129 130 130
 130 130 129 132 126 132 130 129 131 103]","[ 58 108 110 103 108 107 110 106  93  65  50  62  73  67  61  63  50  58
  64  63  55  52  56  62  60  56  50  46  51  58  60  57  53  81 126 113
 126 129 115  91  48  45  73 112 125 122 124 125 127 127 127 128 128 129
 129 129 128 131 125 131 129 128 130 102]","[ 58 105 106  98 105 105 107 101  74  50  41  56  68  61  53  54  46  56
  64  61  51  46  50  58  54  48  43  43  51  58  60  58  55  77 120 110
 122 113  85  55  59  62  92 124 127 120 123 128 125 125 125 126 126 127
 127 127 126 129 124 129 127 126 128 100]","[ 58 104 103  96 104 104 103  95  65  57  50  51  53  49  40  33  39  48
  54  50  39  33  38  45  42  40  39  43  47  52  55  57  64  74 117 119
 126  97  65  47  55  63  95 124 123 116 121 127 123 123 123 124 124 125
 125 125 125 128 122 128 126 125 126  99]","[ 58 102 100  94 104 102  98  86  54  57  53  43  41  44  40  31  30  36
  40  36  26  22  27  33  34  33  35  40  42  44  49  55  67  69 114 122
 121  80  54  54  47  59  94 124 124 117 119 120 121 121 121 122 122 123
 123 123 123 126 120 126 124 123 125  97]","[ 56 100  97  92 102  99  91  77  55  54  48  40  38  42  41  35  26  29
  31  27  22  21  26  32  35  30  29  34  38  40  45  53  64  70 116 117
 107  64  48  58  54  63  94 122 124 119 119 117 120 120 120 120 121 121
 121 122 122 125 119 125 123 122 124  96]","[ 54  98  95  90 101  97  87  71  72  61  49  41  37  34  30  27  27  28
  28  26  24  25  31  36  40  30  24  28  35  39  45  51  67  79 125 115
  97  57  47  60  56  60  85 110 114 116 120 119 119 119 119 120 120 120
 121 121 121 124 119 124 122 121 123  95]","[ 51  95  93  87  97  92  82  67  60  57  52  46  41  38  37  36  30  28
  25  23  21  21  22  23  23  26  27  27  34  48  61  67  67 105 115  86
  59  49  50  59  60  56  71 104 124 119 113 115 119 119 119 119 119 119
 119 119 119 123 118 123 119 118 122  96]","[ 51  94  92  87  96  90  81  65  60  57  52  47  42  39  37  37  30  29
  27  25  25  26  27  29  31  33  32  32  39  56  72  80  79 100  95  68
  54  52  53  57  56  64  85 111 121 117 114 118 118 118 118 118 118 118
 118 118 117 121 116 120 117 116 119  93]","[ 51  95  93  87  95  89  79  63  60  58  53  48  44  41  39  38  33  32
  31  30  31  32  34  35  35  38  39  41  54  76  96 107  92  93  72  50
  51  59  58  57  57  78 104 117 117 114 116 120 117 117 117 117 117 117
 117 117 114 118 113 118 114 113 116  91]","[ 53  97  95  89  97  90  79  62  60  58  54  50  46  43  42  41  38  38
  37  37  37  38  40  40  39  43  45  47  58  77  95 103  91  83  58  43
  54  65  62  61  71  95 116 118 112 113 117 118 115 115 115 115 115 115
 115 115 113 117 112 116 113 111 115  89]","[ 55  99  98  92 100  93  81  64  58  56  54  52  49  47  46  45  45  45
  44  44  43  43  43  44  47  51  51  48  49  57  63  65  75  70  53  45
  57  64  65  70  92 109 120 114 109 114 117 114 114 114 114 114 114 114
 114 114 113 117 112 116 113 112 115  90]","[ 54  99  99  94 102  95  83  66  55  55  54  53  52  51  50  49  50  50
  50  49  49  48  48  47  50  54  55  51  49  50  50  48  58  59  52  50
  58  62  69  86 109 116 117 112 110 115 116 112 114 114 114 114 114 114
 114 114 113 117 112 116 113 112 115  90]","[ 52  97  98  93 102  96  83  66  52  53  53  54  54  54  54  54  51  51
  52  52  53  53  52  52  51  57  60  58  57  59  59  57  52  56  54  53
  59  63  80 108 114 115 115 114 114 115 114 113 115 115 115 115 115 115
 115 115 112 116 111 116 112 111 114  89]","[ 50  96  96  93 102  95  83  66  51  52  53  54  55  56  56  56  49  50
  52  54  55  56  56  56  57  62  64  60  58  59  59  57  55  59  56  56
  61  68  92 126 112 111 113 117 117 114 113 115 115 115 115 115 115 115
 115 115 111 115 110 114 111 110 113  88]","[ 51  93  93  86  94 100  91  60  61  56  55  59  61  59  58  59  61  56
  53  54  58  60  58  54  59  61  61  58  60  63  61  57  59  59  53  50
  66  94 110 111 111 112 113 113 114 114 113 113 113 113 113 113 113 113
 113 113 111 115 109 113 110 110 114  89]","[ 58  88  92  99 102  88  79  63  58  55  56  61  62  60  59  61  61  57
  53  54  57  59  56  53  64  66  65  61  62  65  65  61  56  61  64  68
  85 109 119 117 115 115 116 117 118 117 117 117 117 117 117 117 117 117
 117 117 114 118 112 117 114 113 118  93]","[ 45  82  90  96  99  89  86  74  59  59  63  68  69  65  65  69  66  62
  59  58  60  61  58  55  52  56  57  56  58  63  65  63  62  71  80  88
 102 116 117 110 111 112 113 114 114 114 114 113 113 113 113 113 113 113
 113 113 111 115 109 113 110 110 114  89]","[ 77 124 121  97  87  88  88  65  59  61  66  72  72  68  68  72  68  64
  61  60  60  60  58  56  53  61  69  73  79  85  88  87  96 103 109 113
 119 123 118 110 117 117 118 119 120 120 119 119 119 119 119 119 119 119
 119 119 116 120 115 119 116 116 120  95]","[ 67 104  93  68  57  61  74  67  59  60  64  70  71  67  66  68  64  62
  59  57  57  56  54  53  63  75  88  95 101 107 108 106 113 115 116 115
 116 117 114 110 114 114 115 116 116 116 116 116 115 115 115 115 115 115
 115 115 113 117 111 116 113 112 117  92]","[ 27  37  28  33  34  27  55  83  67  64  65  70  72  69  66  66  65  63
  61  59  57  56  56  55  80  93 106 112 115 117 116 114 115 114 114 113
 114 116 118 119 114 115 116 117 117 117 117 117 116 116 116 116 116 116
 116 116 114 118 112 117 114 113 118  93]","[ 37  36  22  33  31  12  37  73  73  65  61  66  70  67  62  59  61  61
  60  58  55  54  54  55  95 106 116 117 116 117 117 115 117 117 117 118
 119 120 122 125 118 118 119 120 121 121 120 120 120 120 120 120 120 120
 120 120 118 121 116 120 117 117 121  96]","[21 31 19 21 20 12 35 57 68 58 51 55 60 58 52 47 51 51 51 48 46 45 46 47
 75 84 91 89 87 89 91 91 94 94 96 97 95 91 90 92 90 90 91 92 93 93 92 92
 92 92 92 92 92 92 92 92 89 93 88 92 89 89 93 68]"
