"[30 72 55 68 58 63 76 71 75 75 74 74 75 76 77 78 72 72 72 71 70 69 69 68
 63 63 63 63 61 58 56 54 52 52 52 51 50 50 49 49 46 47 47 48 49 50 50 51
 49 49 50 50 48 45 42 41 44 40 43 43 41 48 53 43]","[ 72 127 115 123 111 113 119 110 125 126 127 130 133 136 139 140 148 148
 147 146 145 145 144 144 142 141 137 133 127 121 117 114 104 103 101  98
  95  92  90  89  92  91  89  86  84  81  79  78  86  85  84  83  82  81
  81  80  74  69  70  69  63  68  70  59]","[ 88 161 156 160 148 149 150 136 126 125 123 122 121 120 120 120 118 120
 123 128 133 138 141 143 149 149 149 150 151 152 153 154 145 143 139 134
 129 124 120 118 101 100  99  97  95  93  92  91  82  80  78  76  76  78
  80  81  81  75  75  74  68  72  71  59]","[ 91 181 181 182 174 178 177 165 170 168 164 159 154 151 148 147 135 133
 131 127 124 120 118 116 116 116 118 120 125 129 134 136 147 146 145 144
 143 142 142 141 143 140 135 128 121 114 109 106 106 104 100  96  92  90
  89  88  84  78  79  79  75  79  77  63]","[ 87 186 186 185 182 188 187 180 180 179 178 176 175 174 174 174 179 177
 173 167 161 156 152 150 143 140 135 130 125 122 120 119 121 122 124 126
 129 132 134 135 148 147 147 146 145 145 144 144 130 129 126 122 116 110
 105 102 102  94  94  93  87  89  83  66]","[ 83 183 179 177 179 183 181 181 181 181 180 180 179 180 181 181 171 171
 172 173 174 175 176 176 175 172 168 163 157 153 149 148 133 132 130 127
 124 121 119 118 111 113 117 122 127 131 135 137 140 142 145 147 148 147
 146 145 134 126 124 121 114 112 103  84]","[ 91 188 182 183 189 189 184 192 185 183 181 179 177 175 174 174 186 185
 183 181 178 176 174 173 173 174 175 175 175 175 175 175 175 173 168 163
 156 151 146 144 143 141 137 131 126 120 116 114 117 118 120 123 126 128
 130 131 148 141 141 142 139 140 132 113]","[ 84 180 173 179 189 186 180 191 189 188 187 185 184 183 183 183 176 176
 177 178 179 180 181 181 177 177 178 177 176 174 172 170 173 173 173 173
 173 173 172 172 170 169 166 162 158 154 151 149 140 137 132 126 121 117
 116 115 115 109 114 121 125 131 127 109]","[ 86 182 178 178 179 183 185 189 189 188 187 186 186 186 187 187 184 183
 182 181 181 181 181 182 179 179 178 178 178 177 177 177 176 176 175 175
 175 174 174 174 171 171 170 170 169 169 169 169 166 165 163 160 156 151
 148 146 142 134 127 134 125 122 123  87]","[ 87 183 179 179 179 183 183 187 188 188 188 187 187 187 187 187 185 185
 184 183 182 182 183 183 181 180 180 180 179 179 179 179 178 178 178 177
 177 177 176 176 173 173 173 173 172 172 171 171 170 170 170 170 168 167
 165 165 168 161 155 162 154 153 154 117]","[ 88 184 180 179 179 181 181 185 186 187 188 189 189 189 187 187 186 186
 185 184 184 184 184 184 182 182 182 182 181 181 181 180 181 181 180 180
 180 179 179 179 177 177 176 176 176 175 175 175 171 172 173 173 174 174
 173 173 178 173 168 175 168 168 169 132]","[ 88 185 180 180 179 180 180 182 184 185 188 190 190 189 188 187 186 186
 185 184 183 184 184 184 183 183 183 182 182 181 181 181 182 182 182 181
 181 181 180 180 179 179 178 178 178 177 177 177 174 174 175 174 174 173
 171 171 173 170 166 173 167 169 171 132]","[ 88 184 180 180 179 180 178 181 182 183 186 189 190 189 188 187 185 185
 184 183 183 183 183 183 183 183 183 182 182 181 181 181 182 182 182 181
 181 180 180 180 180 179 179 179 178 178 178 177 180 180 179 179 178 176
 174 173 175 175 172 178 172 177 178 137]","[ 86 183 180 180 179 180 178 180 180 181 184 186 188 188 188 187 185 185
 184 183 182 182 183 183 184 183 183 183 182 182 182 182 182 182 182 181
 181 180 180 180 180 180 180 179 179 179 178 178 177 178 179 179 179 179
 178 177 175 176 174 179 174 180 181 138]","[ 85 182 179 180 180 181 178 180 179 180 181 183 185 186 188 188 187 186
 185 184 184 184 184 184 185 185 185 185 184 184 184 183 183 183 183 182
 182 181 181 181 182 182 181 181 180 180 180 180 175 176 177 178 178 178
 178 178 172 175 173 177 172 179 179 135]","[ 84 181 179 180 180 181 179 180 179 179 180 181 183 185 187 189 188 187
 186 185 185 185 186 186 187 187 187 186 186 186 185 185 184 184 184 183
 183 182 182 182 183 183 183 182 182 182 181 181 180 180 181 181 181 180
 179 178 176 180 178 181 176 183 184 139]","[ 87 184 180 180 180 181 179 181 182 181 180 179 180 182 185 187 186 187
 188 189 190 189 188 187 186 186 185 185 185 184 184 184 187 186 184 183
 182 183 184 185 174 184 189 183 179 181 183 181 183 182 187 177 180 182
 173 189 176 181 181 184 175 180 182 140]","[ 87 184 180 180 180 181 179 181 182 181 180 179 180 182 185 186 186 187
 188 189 190 189 188 188 187 187 186 186 185 185 185 185 187 186 184 183
 183 183 184 184 180 183 184 183 184 188 190 190 181 171 184 188 189 188
 173 176 178 182 181 184 175 180 182 141]","[ 86 183 180 180 179 180 179 181 181 181 180 180 180 182 184 185 186 187
 188 189 189 189 189 189 188 188 187 187 187 186 186 186 186 186 185 184
 183 183 184 184 186 183 181 183 183 180 177 178 186 207 246 229 190 187
 186 183 180 183 181 183 176 181 184 142]","[ 86 183 180 180 179 180 178 180 181 181 180 180 180 182 183 184 186 186
 187 188 188 189 189 189 189 189 189 188 188 187 187 187 186 186 185 185
 184 184 184 184 185 182 184 190 191 187 187 191 190 197 200 130  76 123
 176 186 183 184 181 183 177 183 185 143]","[ 85 182 179 179 179 180 178 180 181 180 180 180 180 181 182 182 184 185
 185 186 187 188 189 189 189 189 189 189 188 188 187 187 186 186 186 186
 185 185 184 184 192 189 186 184 180 177 181 188 204 154 114  64  63 141
 191 189 184 185 181 185 179 186 186 143]","[ 85 182 179 179 178 179 178 180 180 180 180 180 181 181 181 181 183 183
 183 183 184 186 188 189 189 189 189 188 188 187 187 187 186 186 187 187
 186 185 184 184 189 189 186 180 180 187 192 193 169  98  65  72 114 170
 182 173 184 185 182 187 182 188 187 141]","[ 85 182 178 179 178 179 177 179 180 180 180 181 181 180 180 179 181 181
 180 181 182 184 186 188 188 188 188 188 187 187 187 186 186 186 187 187
 187 186 184 183 176 186 191 192 202 210 200 179 137  92  70  76 124 178
 191 196 184 185 183 189 186 191 187 140]","[ 85 182 178 178 178 179 177 179 180 180 181 181 181 180 179 179 180 179
 179 179 181 183 185 187 188 188 187 187 187 186 186 186 185 186 187 188
 187 186 184 183 189 200 201 191 184 167 119  67  74  77  72  65 119 188
 191 176 183 185 184 191 187 192 187 139]","[ 88 183 177 177 178 181 179 181 179 179 179 179 179 179 179 179 177 178
 179 179 180 181 182 182 188 188 188 187 187 187 186 186 191 186 181 188
 193 182 183 204 211 181 117  73  85 104  87  58  63  73  62  73 122 189
 181 186 194 178 172 228 218 194 200 134]","[ 88 182 176 176 176 179 177 179 179 179 179 179 179 179 179 179 177 177
 178 179 180 180 181 181 186 186 186 186 187 187 187 187 182 197 192 178
 184 198 200 195 176 149  92  51  60  80  80  71  67  74  64  76 124 192
 184 187 179 196 203 195 128  98 166 146]","[ 87 181 175 174 175 177 175 176 179 179 179 179 179 179 179 179 177 177
 177 178 179 179 180 180 183 184 184 185 186 186 187 187 185 190 187 185
 200 202 161 109 100  92  68  55  64  70  69  71  70  73  63  77 122 192
 186 185 183 196 190 136  71  64 169 149]","[ 87 181 175 174 174 176 174 175 178 178 178 178 178 178 178 178 178 178
 178 179 179 180 180 180 180 181 182 183 184 186 187 187 193 178 182 202
 198 155  94  47  57  61  62  70  78  69  58  63  71  69  62  76 117 188
 186 182 193 183 152  88  68  89 191 140]","[ 87 181 175 175 175 177 175 177 178 178 178 178 178 178 178 178 179 179
 179 179 180 180 180 180 178 179 180 181 183 184 186 186 190 181 196 197
 146  91  72  72  72  67  60  66  72  61  54  66  73  67  62  76 110 184
 188 183 188 182 139  70  63  84 182 139]","[ 85 180 174 174 175 178 176 178 177 177 177 177 177 177 177 177 178 178
 178 178 179 179 179 179 177 178 179 180 181 183 184 184 184 190 199 166
  98  69  76  76  73  66  57  62  70  63  58  69  74  65  64  75 100 176
 189 186 184 183 123  63  60  71 156 147]","[ 82 177 172 172 174 177 176 178 177 177 177 177 177 177 177 177 176 176
 176 176 176 176 176 176 177 177 178 179 180 181 182 182 182 188 187 139
  74  65  76  56  58  59  58  65  74  65  57  63  70  60  61  70  88 165
 186 185 187 179  93  56  68  69 127 142]","[ 79 174 169 170 172 176 176 177 177 177 177 177 177 177 177 177 174 174
 174 174 174 174 173 173 177 177 178 178 179 180 180 181 181 183 182 128
  54  48  76  74  66  69  64  61  64  56  49  56  64  54  56  64  77 155
 181 182 186 178  79  57  70  58  96 128]","[ 85 171 169 174 172 176 177 173 175 175 176 176 176 177 177 177 178 177
 177 177 176 175 175 175 176 176 177 177 177 178 178 178 186 176 118  72
  56  53  62  57  61  51  46  51  50  41  38  44  43  40  46  71 115 157
 178 180 190 122  83  67  61  66 131 141]","[ 86 170 167 172 171 175 177 174 173 173 173 174 174 174 175 175 175 174
 174 174 173 173 172 172 172 172 173 173 174 174 174 174 178 166 110  71
  56  47  53  49  46  39  37  42  41  33  33  40  46  47  57  86 131 170
 185 183 169 101  67  58  61  83 150 146]","[ 88 169 163 168 167 172 175 173 174 174 174 175 175 175 176 176 177 177
 177 177 176 176 176 176 175 175 175 175 176 176 177 177 178 164 113  83
  67  47  45  41  38  34  33  35  31  25  28  37  37  45  66 102 147 182
 192 186 156  92  67  62  72 109 175 148]","[ 65 141 131 136 134 137 140 140 142 142 143 143 144 144 144 144 148 148
 147 147 147 147 147 147 146 147 147 147 148 148 148 148 162 150 110  93
  83  58  50  45  45  41  38  35  28  24  31  42  62  78 103 134 165 186
 189 183 142  91  77  73  82 122 178 133]","[ 56 128 116 120 117 118 119 120 119 120 120 120 121 121 121 122 123 123
 123 123 123 123 123 123 124 124 124 125 125 126 126 126 129 124  94  90
  88  68  60  53  52  48  43  38  32  33  43  55  71  88 107 118 123 123
 118 111 107  78  76  72  83 118 161 109]","[ 67 137 122 128 125 124 124 126 126 126 126 126 127 127 127 128 125 125
 125 126 126 126 126 127 127 128 128 128 129 129 129 130 121 119  90  83
  85  71  64  53  51  49  45  41  40  46  57  66  88 100 110 108  99  91
  84  79  74  66  71  70  92 118 147 101]","[ 61 129 115 123 121 120 120 121 122 122 122 122 123 123 124 124 121 121
 121 122 122 123 123 123 123 123 123 124 124 125 125 125 127 126  90  75
  77  72  69  56  50  49  48  48  51  58  64  67  69  75  77  74  71  70
  69  65  68  72  73  74 110 127 142 103]","[ 62 129 116 125 125 123 124 126 121 121 121 122 122 122 123 123 122 123
 123 124 124 125 125 125 124 124 124 125 125 125 126 126 119 120  82  63
  69  76  81  69  52  53  54  55  59  64  65  63  67  67  63  61  66  74
  75  72  76  84  77  77 122 132 136 102]","[ 69 116 120 116 121 116 118 116 118 118 118 117 117 117 117 117 121 121
 121 120 120 120 120 120 119 119 120 121 122 122 123 123 126 119  97  72
  66  72  69  57  55  55  54  56  57  59  58  58  64  62  59  61  69  78
  80  78  79  90  97 117 125 130 134 107]","[ 66 114 117 113 118 113 115 114 115 115 115 115 115 115 115 115 119 119
 119 119 119 119 119 119 118 119 119 120 121 122 122 123 124 120 103  79
  68  69  66  57  56  56  56  57  58  59  59  59  61  62  63  65  71  80
  87  91 102 110 112 126 129 130 131 103]","[ 63 110 114 109 115 110 112 111 112 112 112 112 112 112 112 113 116 116
 116 116 117 117 117 117 117 118 118 119 120 121 121 121 120 122 112  90
  72  65  62  58  58  58  59  60  61  61  62  62  59  62  67  72  78  88
 100 108 122 127 124 132 131 129 129 100]","[ 61 108 111 106 112 107 110 109 110 110 110 110 111 111 111 111 113 113
 113 114 114 114 115 115 116 116 117 117 118 119 120 120 117 122 119 101
  79  63  58  59  61  63  64  64  64  65  66  67  63  63  69  80  92 103
 114 122 125 129 124 130 129 128 129 102]","[ 60 107 109 104 109 105 108 107 108 108 109 109 110 110 111 111 110 111
 111 112 112 113 113 113 114 114 115 116 117 117 118 118 115 121 122 111
  87  65  58  60  65  67  69  69  68  68  70  72  70  66  71  89 108 119
 124 127 123 126 121 127 126 126 129 102]","[ 58 104 106 101 106 102 106 105 106 106 107 107 108 109 109 110 109 109
 110 110 111 112 112 112 113 113 113 114 115 116 116 117 116 117 120 116
  96  71  59  61  65  68  71  71  69  68  71  74  74  68  75  98 120 127
 126 126 124 127 121 126 125 125 127 100]","[ 55 101 102  97 102  99 103 103 103 103 104 104 105 106 107 107 108 108
 109 110 111 111 112 112 111 112 112 113 114 115 115 116 117 114 116 118
 103  77  63  62  64  68  71  70  67  66  70  74  71  69  81 107 125 126
 122 121 123 126 120 126 124 123 125  98]","[ 53  99 100  94  99  96 100 100 100 101 101 102 103 104 105 105 107 108
 109 109 110 111 112 112 111 111 112 112 113 114 115 115 119 112 113 118
 107  82  65  63  62  66  70  69  65  64  68  72  68  70  86 112 126 121
 117 118 119 122 117 124 122 122 124  97]","[ 54  98  98  92  99  96  99  98 102 102 103 103 104 105 106 106 105 105
 105 106 106 106 107 107 108 109 110 110 111 112 113 113 115 112 113 116
 109  91  75  68  66  66  65  65  65  66  67  67  71  74  88 110 121 119
 119 123 119 123 118 123 119 118 122  96]","[ 52  96  96  91  98  95  98  97  99 100 100 101 102 103 103 104 106 106
 106 107 107 107 108 108 109 109 110 111 112 112 113 113 115 112 113 116
 110  93  76  68  66  66  66  66  66  67  68  69  72  74  88 109 120 119
 118 122 117 121 116 120 117 116 119  93]","[ 52  96  96  91  98  95  98  97 100 101 101 102 103 104 104 104 108 108
 108 109 109 109 110 110 110 110 110 111 112 112 113 113 115 112 113 116
 111  96  80  70  66  66  66  67  68  69  71  71  73  74  87 107 119 117
 116 120 114 118 113 118 114 113 116  91]","[ 54  98  98  93 101  98 102 100 105 105 106 107 107 108 109 109 109 110
 110 110 111 111 111 112 110 111 111 112 112 113 113 113 114 113 114 116
 113 101  84  72  66  66  67  67  69  71  72  73  75  74  85 105 117 116
 115 117 113 117 112 116 113 111 115  89]","[ 57 102 102  97 105 103 106 105 107 108 108 109 110 111 111 112 111 111
 111 112 112 112 113 113 111 112 112 112 112 113 113 113 113 113 114 115
 115 105  89  74  66  67  67  68  69  71  73  74  75  73  83 103 116 116
 114 116 113 117 112 116 113 112 115  90]","[ 58 103 103  99 106 104 108 107 106 107 107 108 109 110 110 110 111 111
 112 112 112 113 113 113 112 112 112 113 113 113 113 113 113 113 114 115
 116 110  93  76  67  67  67  68  69  70  72  73  74  71  80 101 115 116
 114 116 113 117 112 116 113 112 115  90]","[ 56 100 101  97 104 103 107 105 105 106 106 107 108 108 109 109 111 111
 112 112 112 113 113 113 113 113 113 113 113 113 113 113 112 114 114 115
 117 113  96  78  68  68  67  67  68  69  70  71  73  69  78  99 114 116
 115 116 112 116 111 116 112 111 114  89]","[ 53  98  98  94 102 100 104 103 106 106 107 108 108 109 110 110 111 111
 111 112 112 113 113 113 113 113 113 113 113 113 113 113 112 114 114 115
 118 115  98  79  68  68  67  67  67  68  69  69  72  68  76  97 114 116
 115 116 111 115 110 114 111 110 113  88]","[ 44 101  99  94 102 102 109  96 102 103 104 105 107 108 110 110 110 111
 111 112 112 111 111 110 110 110 110 111 111 112 112 112 111 108 111 112
 110 114 103  79  71  69  67  67  69  71  72  72  71  71  72  89 114 118
 114 119 113 117 111 115 111 110 114  89]","[ 64 101  94  96  99  86  95 104 106 106 107 109 111 112 113 114 113 114
 114 115 115 114 114 113 113 113 113 114 114 115 115 115 115 112 115 116
 115 118 108  83  69  67  65  65  67  69  69  69  72  71  71  87 111 116
 111 116 117 120 114 118 114 114 118  93]","[ 44  87  96  99 104  92  96 105 101 102 103 104 106 108 109 109 108 109
 109 110 110 109 109 108 108 109 109 109 110 110 110 111 112 109 112 113
 112 115 105  80  71  69  67  67  69  70  71  71  74  74  72  85 109 116
 113 117 113 116 110 115 111 111 115  90]","[ 69 122 128 102  97  99  96  94 105 106 107 108 110 111 113 113 113 113
 114 115 115 114 113 113 113 114 114 114 115 115 115 116 117 114 117 118
 116 120 109  85  72  70  68  67  69  71  71  71  72  72  70  81 105 115
 113 117 118 122 116 120 117 116 121  96]","[ 73 103  97  61  57  71  82 102 100 101 102 104 105 107 108 109 109 110
 110 111 111 110 110 109 110 110 111 111 111 112 112 112 113 110 113 114
 112 116 105  80  71  69  66  66  67  69  69  68  69  71  67  76 101 114
 115 118 114 118 112 117 114 114 118  93]","[ 34  36  37  30  36  38  52 104 102 103 104 105 107 109 110 110 110 111
 112 112 112 112 111 110 112 112 112 113 113 113 114 114 114 111 114 115
 114 117 107  82  75  72  69  69  70  71  71  71  73  76  70  76 101 117
 119 122 114 118 113 118 115 115 119  95]","[ 38  27  33  34  38  26  24  80 108 109 110 112 113 115 116 117 114 115
 116 116 116 116 115 114 116 116 117 117 117 118 118 118 120 117 120 121
 119 123 112  87  73  70  68  67  68  69  69  68  72  75  67  70  94 110
 112 114 117 121 116 121 118 118 123  98]","[27 21 23  9 15 22 23 72 83 83 85 86 88 89 90 91 87 87 88 89 89 88 87 87
 89 89 89 90 90 90 91 91 94 91 94 95 93 97 86 61 64 61 58 57 58 59 59 58
 62 64 55 55 77 94 96 96 89 93 88 93 90 90 95 70]"
