"[31 34 28 29 29 29 27 31 29 29 29 29 29 29 29 29 28 28 28 29 29 29 30 30
 29 28 28 29 30 30 29 29 28 30 30 28 28 30 30 28 29 29 29 30 29 29 29 29
 29 29 29 29 29 28 29 30 29 29 28 29 29 29 30 29 29 29 29 29 29 29 30 30
 28 29 30 29 29 30 30 29 29 29 30 30 29 29 30 29 29 29 29 28 29 29 29 29
 29 30 30 29 28 28 29 29 30 29 29 29 29 29 30 30 29 29 29 29 29 29 29 28
 28 33 29 28 28 30 29 30 30 30 29 29 29 30 30 29 29 29 29 29 29 30 29 27
 29 28 27 29 30 29 28 29 29 29 28 28 29 29 29 29 28 28 29 29 29 28 28 28
 29 29 29 29 29 29 29 28 30 28 28 29 29 29 28 29 29 30 30 29 30 30 30 29
 29 29 29 31 30 30 31 29]","[31 26 35 28 27 31 29 28 30 29 28 28 29 29 28 27 31 30 30 29 28 28 28 28
 28 30 30 29 28 27 28 30 29 29 30 30 30 29 29 30 29 28 28 29 29 29 29 29
 28 28 29 29 29 28 28 27 29 29 29 29 29 29 28 27 28 29 29 29 29 29 28 28
 30 29 29 30 29 27 28 29 31 29 29 30 29 29 30 28 30 31 31 30 30 30 29 29
 28 29 29 29 29 30 29 28 28 28 29 30 30 29 28 28 30 30 29 28 28 29 29 29
 30 29 25 30 30 30 27 29 26 29 31 31 28 27 28 30 29 29 28 28 28 30 31 31
 30 29 29 29 28 27 28 30 29 29 30 30 29 28 28 28 30 30 29 29 29 28 30 32
 27 28 28 28 29 30 29 28 28 28 30 31 30 28 28 29 28 28 29 28 27 28 30 31
 29 28 28 27 32 32 25 31]","[ 30  31 106 107 105 105 105 106 104 102  99  99  99  99  96  94  89  88
  86  84  82  82  82  82  79  77  75  73  73  73  72  72  67  65  65  68
  67  62  62  64  63  61  60  60  59  57  57  57  56  55  54  54  54  54
  54  54  49  50  51  49  48  48  46  44  45  45  46  46  45  42  40  38
  37  36  36  37  36  34  35  39  41  39  38  38  38  38  39  37  34  35
  35  34  33  33  32  31  28  29  29  29  30  30  29  27  28  28  29  29
  29  28  27  26  21  21  23  27  32  38  43  45  45  46  49  57  60  65
  68  73  74  74  76  77  79  81  83  86  86  89  92  94  94  94  93  92
  95  96  99 102 103 103 104 106 109 111 113 114 115 116 118 120 122 121
 121 122 122 122 124 127 135 135 133 130 127 125 122 119 115 107  98  92
  89  89  90  91  99 108 121 131 136 138 141 145 150 154 167 181 186 207
 213  27]","[ 30  26 119 115 114 112 113 113 108 106 105 104 104 103 100  98 102 100
  98  96  95  94  94  94  91  87  83  82  82  81  79  77  73  72  73  75
  74  71  71  74  71  69  68  66  64  62  61  61  59  57  56  55  56  56
  55  55  55  57  57  55  53  52  51  48  51  51  50  50  48  46  44  42
  42  40  39  40  39  37  38  41  40  38  39  39  38  38  39  38  38  39
  38  37  36  36  36  35  32  32  33  33  33  32  30  29  32  31  30  29
  28  28  27  27  26  25  23  22  22  24  25  26  25  29  33  36  38  49
  53  57  61  64  68  70  73  74  74  73  79  80  80  80  81  84  87  89
  89  90  92  96  99  99  99  99 100 101 103 104 107 110 114 117 119 117
 117 120 121 120 121 124 125 127 129 129 130 132 133 132 130 124 117 113
 112 110 108 105 101  99  98 100 102 105 110 116 124 137 144 146 147 150
 159  31]","[ 31  29 123 120 122 120 117 116 114 114 114 113 113 111 109 108 109 108
 107 105 104 103 102 102 101 101  99  97  94  91  90  89  86  85  84  83
  80  78  76  76  74  73  72  71  70  68  68  68  67  66  65  65  65  63
  61  59  61  62  61  59  57  57  56  55  54  53  53  52  52  52  52  51
  50  49  47  45  44  44  43  42  42  42  44  44  41  40  41  40  41  41
  40  38  38  38  38  37  37  37  38  38  36  35  34  34  37  36  35  34
  33  33  32  32  31  30  28  26  26  26  26  26  26  25  24  24  24  30
  28  31  42  55  66  68  65  64  66  68  64  64  64  62  63  68  74  78
  81  82  83  86  88  89  91  94  94  94  95  96  98 100 102 103 106 104
 104 108 111 113 115 117 122 125 127 125 124 124 126 127 128 130 133 133
 132 131 130 129 129 122 117 117 117 112 105 100 100 104 110 114 113 120
 134  28]","[ 28  31 125 124 125 123 125 130 124 124 124 123 121 118 117 116 118 117
 116 114 113 111 110 109 109 109 108 107 105 103 100  99 101 101  99  94
  90  89  86  83  81  80  79  79  78  76  76  76  78  76  73  70  69  67
  66  65  66  65  65  64  63  62  62  62  59  58  55  54  54  55  56  56
  57  56  55  53  53  54  53  50  46  47  49  49  45  44  44  43  46  45
  44  41  40  40  40  40  38  38  39  38  37  35  35  36  38  38  39  39
  39  38  37  37  36  35  34  33  32  32  32  32  33  31  31  32  31  29
  25  40  61  65  63  53  42  40  46  52  52  54  54  53  53  56  61  65
  62  66  72  76  76  76  79  84  87  88  90  93  95  97  97  97  97  96
  96  97 100 103 106 108 113 115 118 118 117 117 120 122 123 125 126 126
 127 129 132 134 135 133 134 137 138 137 134 132 126 116 113 109 113 102
 108  26]","[ 28  30 127 128 131 131 129 130 130 129 129 127 125 123 122 122 123 122
 121 120 119 117 116 116 115 114 113 114 114 112 109 105 106 107 106 104
 103 104 102  98  95  94  93  93  91  89  87  87  87  84  81  77  75  74
  73  72  72  70  69  69  68  66  66  67  68  66  62  60  60  60  60  60
  57  57  57  57  58  57  56  55  56  56  57  57  54  52  52  51  51  51
  49  47  46  46  46  45  42  41  41  41  40  38  38  38  38  38  39  40
  40  40  40  39  40  40  39  38  38  38  38  37  35  36  37  37  34  30
  31  57  71  59  44  32  26  28  36  42  45  44  41  35  32  34  40  44
  47  51  57  62  64  64  66  70  70  72  76  80  83  85  87  87  96  97
  98  97  97  99 101 102 104 104 106 109 109 110 113 117 116 117 118 121
 125 128 129 128 129 132 136 138 138 138 138 139 136 141 130 131 126 127
 120  30]","[ 30  28 126 123 124 127 129 132 131 130 129 129 129 129 129 129 131 130
 129 128 127 126 125 125 122 123 125 124 122 119 117 117 115 115 114 113
 113 112 110 107 106 105 105 104 102 100  98  98  96  96  96  95  93  89
  85  82  82  78  76  77  76  73  72  73  75  72  69  67  67  67  67  66
  65  64  64  66  65  62  61  62  60  59  60  60  58  57  57  56  55  54
  54  52  51  51  51  50  50  48  47  47  47  45  43  43  39  39  39  39
  39  40  40  41  40  40  39  39  40  40  40  40  41  44  43  39  39  41
  44  72  64  48  33  29  31  32  33  37  40  41  39  33  26  23  24  26
  24  24  26  32  40  46  52  56  58  60  63  66  68  70  73  75  76  83
  89  91  92  96  99 101 105 103 102 104 103 101 103 106 108 111 113 114
 116 119 122 122 125 125 125 127 130 133 133 132 136 137 139 139 140 140
 136  30]","[ 31  28 120 121 119 122 123 120 123 125 126 129 132 133 133 130 130 132
 131 131 131 130 132 131 130 129 129 129 126 125 125 124 122 122 122 122
 121 118 116 116 114 113 114 111 109 113 116 111 109 105 104 104 103 100
  99 101  99  97  94  91  88  88  86  81  83  80  77  76  74  71  69  69
  74  73  72  72  71  70  67  63  65  64  65  65  62  61  61  60  60  61
  60  57  56  57  58  57  57  54  53  54  52  51  51  50  49  47  47  48
  47  44  43  44  43  44  44  42  42  44  43  41  41  42  45  40  39  42
  49  71  54  38  36  30  30  30  30  32  34  39  42  40  34  30  30  31
  31  30  29  26  25  26  26  25  31  36  40  43  47  54  59  61  61  66
  72  75  76  78  81  83  86  89  94  98 101 102 102 101 101 101 103 106
 108 110 112 111 114 114 118 121 125 125 124 130 129 135 136 134 137 137
 139  31]","[ 28  28 112 109 106 115 119 116 114 119 122 127 127 125 127 128 126 127
 126 129 131 131 133 131 132 131 131 132 131 130 129 127 127 126 124 125
 126 126 124 123 122 120 120 120 117 117 118 115 117 115 113 112 112 110
 108 107 105 106 106 102  98  97  98  96  93  91  89  87  85  83  81  80
  80  78  76  75  76  78  78  77  74  73  73  72  69  67  67  65  66  67
  66  63  61  60  60  59  57  56  57  59  58  57  58  57  53  52  51  51
  50  48  48  49  50  50  49  47  46  47  46  43  42  42  44  40  40  42
  46  64  49  35  34  30  28  28  28  30  36  39  43  44  42  40  39  38
  38  35  32  30  31  31  30  28  29  29  28  26  27  30  32  32  40  44
  49  52  55  59  64  67  73  78  83  84  86  90  92  93  93  94  97 100
 102 105 108 108 110 109 111 113 117 120 120 126 120 127 128 126 129 132
 134  26]","[ 29  32  95 102 101  99 109 104 110 112 114 118 117 113 117 121 123 124
 123 126 128 126 129 129 130 130 133 134 132 131 132 131 130 130 128 126
 127 128 128 127 127 124 125 128 125 122 122 122 123 122 121 119 120 120
 118 115 115 113 113 111 109 110 109 105 103 103 101  99  98  97  95  94
  93  89  84  80  80  81  81  80  80  79  79  79  77  76  75  73  72  73
  72  69  68  67  65  63  61  60  63  65  65  65  65  65  61  59  58  57
  55  54  55  57  56  56  55  53  52  52  51  49  50  48  49  46  46  47
  48  60  46  33  33  27  25  25  26  29  31  35  41  46  51  53  53  51
  47  43  39  39  38  36  34  33  34  33  31  30  31  33  34  33  33  32
  30  27  28  33  40  45  47  56  66  70  74  79  84  85  85  88  93  95
  97 102 106 106 106 106 108 107 108 108 107 112 121 120 123 124 123 122
 126  30]","[ 32  31  93  98  96  91  98  97  98  97  95  97  98  96 102 106 106 108
 108 112 112 112 118 122 124 124 126 126 124 123 123 122 124 128 129 126
 124 127 130 131 130 128 129 132 131 128 127 129 125 125 125 125 125 126
 125 123 125 123 121 120 119 120 118 114 112 113 113 110 109 110 109 107
 107 104 100  98  98  98  97  95  92  90  89  87  83  81  79  76  76  76
  75  75  76  76  73  70  73  72  72  72  69  67  67  66  66  65  63  62
  61  60  60  62  61  61  60  59  59  59  59  58  57  55  55  53  53  53
  53  62  47  33  31  25  23  23  25  29  32  35  40  44  48  49  48  46
  46  44  45  46  45  42  40  41  39  39  38  38  38  39  39  38  36  35
  34  31  30  31  32  32  32  36  38  37  38  43  51  57  68  72  78  80
  82  89  95  95  97  97 100 101 104 104 100 101  99 103 110 111 110 115
 120  28]","[ 28  26 116 110 107 108 102 101 100  99  96  95  93  91  93  94  89  90
  90  96  98  98 103 106 109 109 111 113 115 118 119 117 119 123 125 123
 121 123 125 125 127 128 128 128 129 129 129 130 130 129 129 130 130 129
 129 130 129 128 129 127 123 122 123 122 118 119 119 117 116 117 116 114
 112 111 109 108 109 109 107 105 103 101  99  97  93  91  89  86  86  84
  82  83  85  84  81  77  82  81  81  79  76  76  77  76  72  72  71  71
  71  70  69  69  67  67  66  65  65  65  65  64  61  59  59  57  57  58
  59  65  47  32  29  23  23  24  26  29  28  31  34  34  32  31  30  30
  37  37  41  46  49  48  46  45  47  47  48  47  46  46  47  47  46  45
  45  43  41  39  36  34  39  38  39  38  35  32  33  37  38  41  46  48
  53  64  73  76  79  79  82  87  98 104 102 101 104  99 101 104 103 106
 110  29]","[ 31  30 136 134 135 129 129 122 114 116 115 114 108 102 100  99  99  96
  93  96  97  94  92  88  84  87  92  93  92  96 101 103 109 111 113 115
 118 121 121 120 119 121 121 121 125 129 129 130 130 130 130 131 130 128
 129 131 129 128 128 128 126 126 127 126 123 124 123 122 122 122 121 119
 121 120 118 117 117 117 115 114 112 110 110 109 107 106 105 103 102  99
  96  95  96  94  90  86  81  80  80  79  78  79  81  80  79  79  79  79
  79  79  77  75  76  74  73  72  71  69  68  67  65  64  64  63  63  64
  67  69  46  31  28  24  25  26  27  29  31  34  35  33  30  28  30  31
  32  31  34  41  48  50  47  45  45  46  47  48  48  49  52  55  54  53
  51  49  49  49  48  47  49  43  39  39  36  34  37  43  41  39  36  32
  31  36  42  43  50  53  59  64  74  85  91  96 101  97  99 102 104 106
 104  29]","[ 30  26 156 153 155 145 152 145 142 142 140 143 140 134 132 131 125 123
 117 115 113 107 103  96  98 101 103  98  90  89  92  92  87  88  90  95
 101 104 105 105 108 111 111 112 118 121 121 122 121 122 123 124 125 126
 127 127 129 126 125 127 129 131 131 129 130 129 129 130 130 129 128 127
 125 124 123 122 123 124 125 125 125 123 122 121 117 116 115 113 115 113
 111 109 107 104 102 101  99  98  97  95  92  92  91  89  88  87  86  85
  85  84  82  79  82  81  79  78  77  75  74  74  75  75  74  74  72  73
  75  74  48  33  30  25  25  26  27  29  32  33  33  29  25  23  25  26
  30  30  32  37  44  48  49  48  49  49  50  50  49  50  52  54  51  53
  54  56  59  60  60  58  54  53  55  58  57  52  51  52  50  47  43  40
  39  41  43  43  41  44  45  40  39  41  41  45  60  73  83  84  90 102
 101  30]","[ 29  31 211 198 194 189 175 174 169 161 155 158 158 152 149 148 145 146
 142 140 137 134 133 130 128 124 119 113 108 106 102  95  95  95  96  97
  97  96  96  96  95  97  97  99 104 105 103 105 109 112 115 116 120 125
 126 124 122 121 123 125 125 126 130 131 130 128 128 130 131 130 129 129
 130 130 129 128 128 130 130 130 130 129 129 128 124 123 123 122 121 120
 119 118 115 113 112 113 109 109 109 108 106 105 103 100 102 100  97  95
  95  94  90  87  86  85  84  84  83  82  81  81  84  83  82  82  80  79
  79  75  52  36  32  25  24  25  27  30  33  33  31  27  25  24  25  26
  27  30  34  37  41  47  53  56  53  53  54  54  53  52  52  53  54  53
  52  52  54  56  58  58  56  58  61  65  64  61  59  59  62  59  57  57
  55  55  54  51  48  47  47  44  47  49  43  40  41  38  41  45  47  51
  66  28]","[ 30  29 244 252 253 252 249 245 237 232 224 212 199 187 177 172 166 164
 160 154 152 151 149 145 152 150 146 142 137 133 131 130 126 123 122 120
 115 111 108 105  97  93  88  94 102  98  92  96  97 100 102 102  99  99
 104 109 112 115 114 113 120 120 117 125 124 129 128 126 129 130 128 130
 131 129 127 129 131 132 131 130 134 134 133 131 132 133 131 129 130 128
 127 125 124 123 123 124 124 121 119 119 118 115 113 113 110 110 108 106
 104 104 102 100  97  97  95  93  90  87  86  85  87  87  86  85  81  83
  82  81  52  36  33  25  24  24  26  30  32  32  29  26  25  24  23  24
  26  31  32  35  42  45  50  60  62  61  60  63  60  61  58  60  56  57
  57  58  56  55  56  59  57  56  57  59  60  60  61  63  64  65  66  67
  67  67  67  67  56  57  59  58  54  49  47  47  49  47  48  46  48  44
  44  30]","[ 29  28 246 253 254 253 253 251 253 253 253 253 253 252 252 252 248 243
 234 223 213 203 191 183 169 165 160 155 153 152 152 152 152 152 152 148
 140 134 133 134 130 127 121 119 117 108 102 106 103 100  96  95  96  98
 102 104  99  97  94  95 103 105 101 103 106 112 114 115 119 122 122 124
 124 127 129 129 128 128 128 129 129 133 137 137 136 135 135 135 135 133
 131 129 127 126 126 127 127 126 123 120 120 122 123 124 120 119 117 115
 114 114 113 111 108 108 108 107 105 104 104 103  98  97  95  92  87  86
  83  77  52  36  33  27  26  25  26  29  31  31  27  24  24  25  24  26
  26  29  31  34  40  42  49  63  66  67  68  70  67  67  64  68  69  68
  66  64  61  59  60  63  62  60  60  61  61  61  61  62  62  63  65  68
  69  70  71  72  70  72  74  76  74  70  67  65  62  64  65  57  52  48
  52  29]","[ 29  29 246 253 252 252 253 253 252 252 253 253 253 252 252 252 253 253
 253 252 253 252 247 242 242 236 227 217 208 199 190 184 176 172 168 165
 159 155 151 148 153 152 147 143 140 133 128 131 130 125 117 112 109 105
 102  99  98  97  98  97  97  95  90  90  95  98  98  95  97  99  99 101
 109 112 115 117 119 122 122 122 127 128 129 130 132 133 133 132 130 130
 132 132 131 129 128 128 128 131 131 129 128 129 128 126 125 125 125 125
 124 123 121 118 117 117 117 117 116 115 114 113 111 110 108 105 100  98
  95  82  52  36  33  27  26  26  27  29  33  32  27  23  24  24  24  25
  26  29  31  35  38  39  48  63  71  75  75  76  73  73  73  77  74  73
  71  69  67  66  67  69  69  67  66  66  66  65  65  65  65  64  66  69
  70  70  71  72  68  69  72  76  78  77  74  73  75  81  81  76  74  73
  73  30]","[ 29  29 246 252 251 250 252 252 251 251 252 252 253 253 252 252 251 251
 251 252 253 253 253 252 252 252 253 254 254 254 250 247 247 237 227 220
 213 205 195 185 172 170 164 161 161 157 151 149 151 150 150 148 144 139
 135 133 130 123 122 118 114 111 104  99  98  99  97  93  91  90  87  85
  88  91  95  97 101 107 110 110 114 113 112 114 119 123 123 122 126 125
 125 124 123 123 123 125 128 129 130 129 129 130 131 132 129 129 129 130
 130 129 127 124 125 124 124 124 124 123 121 120 119 119 118 117 114 112
 111  90  52  36  32  25  25  25  27  30  32  31  26  23  24  24  24  25
  27  29  31  34  37  39  46  56  72  79  78  81  81  81  80  82  78  78
  78  77  76  75  75  76  76  75  73  73  74  74  74  73  74  72  71  73
  73  71  70  72  67  67  68  70  73  74  74  74  76  81  81  84  87  90
  88  29]","[ 29  28 246 252 252 252 253 252 253 253 253 252 252 251 251 251 253 253
 253 252 252 253 253 253 253 253 253 253 253 253 254 254 254 252 252 253
 254 253 253 251 250 244 233 223 217 208 197 188 175 173 169 163 157 154
 155 157 147 145 149 147 140 137 134 131 126 125 124 121 118 114 108 101
  95  98  99  97  94  94  96  97  96  97  99 102 104 106 106 106 113 113
 114 116 118 119 120 122 121 121 123 126 126 125 126 128 131 130 129 129
 130 130 130 130 129 128 128 128 129 129 128 127 124 125 124 124 122 121
 122  92  50  34  31  24  24  24  25  28  27  27  24  22  24  26  25  26
  25  28  30  32  36  40  44  47  74  87  87  90  92  94  91  88  89  89
  89  88  86  84  82  81  83  82  81  80  80  81  81  80  81  79  78  78
  77  75  75  76  77  76  76  76  76  76  77  77  76  80  79  82  81  84
  87  29]","[ 29  29 246 252 252 253 253 252 252 252 252 252 252 253 253 253 250 251
 251 252 252 252 252 253 253 253 252 251 250 250 251 252 251 251 252 253
 252 251 253 253 254 254 253 253 253 254 251 248 242 241 238 231 220 207
 195 189 184 178 175 166 156 154 153 152 147 145 143 141 138 137 133 126
 124 122 119 115 111 106 103 101 103 100  98  97  96  95  93  91  91  91
  93  97 101 103 105 107 110 111 115 121 122 119 119 121 124 125 127 129
 130 130 129 129 129 128 128 128 129 129 128 128 127 128 128 129 128 127
 130  93  47  32  30  25  25  24  23  24  24  25  23  22  24  25  25  25
  25  27  29  30  35  41  44  43  76  96  96  95  95  97  97  93  92  93
  92  91  90  90  89  88  89  88  87  85  85  85  85  83  82  82  82  81
  81  81  82  83  84  83  83  82  81  80  79  80  80  81  81  82  78  80
  83  28]","[ 30  29 246 252 252 251 252 251 252 252 252 252 252 252 252 252 253 253
 253 253 252 251 251 251 251 252 253 253 253 253 253 253 253 251 252 252
 252 251 252 251 251 251 252 252 252 253 254 253 254 253 252 252 253 253
 253 253 248 240 235 230 225 217 200 186 173 170 167 163 158 157 155 149
 153 146 140 139 139 136 131 128 130 125 119 116 113 110 106 104 100  96
  90  88  88  90  92  93  94  93  94  97  99 100 104 108 110 112 116 121
 122 122 121 122 124 124 123 123 124 124 124 124 125 127 127 129 128 127
 131  89  47  32  30  26  26  25  23  23  24  25  24  22  24  24  24  25
  26  27  29  30  33  39  44  45  63  96 104 102  98 100 101  99  97  98
  97  97  97  98  97  96  96  97  96  94  93  93  92  91  88  90  91  89
  88  89  90  90  90  89  89  89  88  87  87  87  86  85  86  87  84  84
  83  27]","[ 29  29 246 252 252 252 253 253 252 252 252 252 252 252 252 252 252 251
 251 252 252 252 252 253 253 253 252 252 252 252 252 252 253 251 252 252
 251 251 253 253 253 252 252 253 252 252 253 252 252 252 252 253 253 253
 253 254 253 253 254 253 252 253 252 252 254 249 246 238 225 216 207 198
 186 178 169 165 161 156 152 152 148 148 149 148 143 137 136 137 127 125
 123 122 119 114 106 101  98  98  97  96  95  94  95  95  94  94  96 100
 102 104 107 111 114 114 114 114 116 117 118 118 120 123 123 124 123 121
 125  80  48  33  31  26  25  25  24  25  23  25  24  23  25  26  26  28
  28  27  29  30  31  35  43  47  48  95 116 120 115 114 114 111 111 111
 110 109 108 107 104 101 104 104 104 103 102 103 102 101  99 103 103 100
  97  98  98  96  99  97  95  95  95  94  93  93  94  92  93  92  90  90
  87  32]","[ 29  29 246 252 252 252 253 252 252 252 252 252 252 252 252 252 252 252
 252 252 252 252 252 252 252 252 252 252 252 252 252 252 252 252 252 252
 252 252 252 252 252 252 252 252 252 252 252 252 252 252 252 252 252 252
 252 252 252 252 252 252 253 253 253 253 252 253 253 254 252 253 251 252
 244 243 241 236 228 217 205 197 189 183 175 166 160 156 154 153 149 145
 146 140 143 134 131 125 119 119 119 116 108 102 100  97  95  95  97  97
  92  90  92  94  97  97 100 103 106 110 111 108 108 115 116 115 113 116
 114  77  49  38  33  31  26  25  27  25  24  25  24  22  21  23  25  25
  27  27  28  29  32  37  43  48  47  92 133 124 130 128 126 124 124 124
 124 122 120 118 116 115 114 114 112 110 109 109 108 107 105 108 108 104
 104 108 109 107 107 107 107 106 103 101 100 101  99  97  97  97  98  96
  97  28]","[ 29  29 246 252 252 252 253 252 252 252 252 252 252 252 252 252 252 252
 252 252 252 252 252 252 252 252 252 252 252 252 252 252 252 252 252 252
 252 252 252 252 252 252 252 252 252 252 252 252 252 252 252 252 252 252
 252 252 252 252 252 252 252 252 252 252 252 252 253 253 253 252 252 252
 252 252 252 253 254 254 254 254 253 246 236 229 224 216 204 196 183 175
 170 159 160 154 155 153 145 142 139 137 133 131 130 128 125 125 122 114
 106 104 101  95  98  96  97  99  98  98  98  96 102  98  99 100 101 103
 101  78  46  37  32  30  27  26  28  26  24  25  24  21  20  22  24  24
  25  26  28  30  33  37  42  45  43  81 133 133 135 134 137 137 137 136
 134 132 131 130 129 128 126 126 125 122 121 120 118 116 114 114 113 111
 112 115 115 112 108 108 108 109 109 107 106 106 111 108 105 102 103 103
 104  29]","[ 29  29 246 252 252 252 253 252 252 252 252 252 252 252 252 252 252 252
 252 252 252 252 252 252 252 252 252 252 252 252 252 252 252 252 252 252
 252 252 252 252 252 252 252 252 252 252 252 252 252 252 252 252 252 252
 252 252 252 252 252 252 252 252 252 252 252 252 252 252 252 252 252 252
 254 254 253 252 252 252 252 252 254 253 252 253 255 255 253 251 255 250
 245 232 226 212 206 199 189 179 169 160 155 155 155 153 152 147 146 147
 146 143 139 136 130 126 125 125 119 113 108 106 103  95  98  97  95  94
  90  76  43  38  32  29  28  28  27  27  24  25  24  21  21  23  24  24
  24  26  28  30  33  36  40  42  47  72 130 138 135 134 138 139 138 138
 137 137 138 139 138 137 132 133 134 134 135 137 137 136 131 130 128 126
 125 125 123 121 122 118 115 114 114 114 114 114 115 114 114 112 114 114
 115  30]","[ 29  29 246 252 252 252 253 252 252 252 252 252 252 252 252 252 252 252
 252 252 252 252 252 252 252 252 252 252 252 252 252 252 252 252 252 252
 252 252 252 252 252 252 252 252 252 252 252 252 252 252 252 252 252 252
 252 252 252 252 252 252 252 252 252 252 252 252 252 252 252 252 252 252
 249 250 252 253 253 253 253 253 250 252 253 252 250 250 252 255 252 251
 254 252 255 253 254 253 248 244 240 234 223 210 197 185 189 177 169 167
 162 155 151 150 149 146 145 144 141 138 135 132 129 124 121 116 112 107
  97  73  41  39  34  30  29  28  26  26  25  25  23  22  21  23  25  25
  26  27  28  29  31  34  38  40  48  62 118 133 132 133 131 131 135 136
 138 140 143 144 144 142 142 142 141 140 140 142 142 141 138 139 139 140
 139 137 137 137 133 132 131 131 130 127 123 120 120 122 124 124 122 120
 122  29]","[ 29  29 245 252 252 252 253 252 252 252 252 252 252 252 252 252 252 252
 252 252 252 252 252 252 252 252 252 252 252 252 252 252 252 252 252 252
 252 252 252 252 252 252 252 252 252 252 252 252 252 252 252 252 252 252
 252 252 252 252 252 252 252 252 252 252 252 252 252 252 253 252 252 252
 254 253 253 252 251 251 251 252 252 252 253 253 253 252 252 251 252 252
 252 250 251 250 252 253 253 252 253 254 254 254 255 253 246 241 237 230
 219 208 194 182 173 169 164 158 154 154 152 147 156 153 143 137 136 132
 117  76  40  39  35  31  30  28  27  27  26  25  23  22  21  22  23  24
  27  27  28  29  31  34  38  40  46  56 108 126 132 135 131 133 132 135
 138 140 142 143 144 144 145 145 144 143 144 146 148 149 145 144 144 146
 146 145 145 146 144 144 144 145 144 142 139 138 139 136 136 134 131 127
 131  28]","[ 29  29 245 252 252 252 253 252 252 252 252 252 252 252 252 252 252 252
 252 252 252 252 252 252 252 252 252 252 252 252 252 252 252 252 252 252
 252 252 252 252 252 252 252 252 252 252 252 252 252 252 252 252 252 252
 252 252 252 252 252 252 252 252 252 252 252 252 252 253 253 253 252 252
 252 253 252 252 251 251 252 253 252 251 250 251 253 254 252 251 251 252
 253 253 253 253 252 252 252 251 252 252 250 251 253 253 255 253 253 254
 254 254 254 252 253 249 241 230 220 215 207 197 179 176 167 162 160 155
 136  82  41  38  35  33  31  30  30  30  29  27  25  23  22  22  23  23
  26  28  30  31  33  35  39  41  42  48  90 108 112 114 114 121 123 126
 129 130 132 135 138 139 148 149 148 145 144 145 147 148 153 149 146 147
 149 150 149 148 153 152 151 150 149 150 153 155 151 147 146 147 148 145
 146  29]","[ 29  29 246 252 252 252 253 252 252 252 252 252 252 252 252 252 252 252
 252 252 252 252 252 252 252 252 252 252 252 252 252 252 252 252 252 252
 252 252 252 252 252 252 252 252 252 252 252 252 252 252 252 252 252 252
 252 252 252 252 252 252 252 252 252 252 252 252 252 252 252 252 252 252
 251 252 253 253 253 252 252 252 253 253 252 251 251 251 252 253 251 251
 251 251 250 251 252 253 253 252 253 253 252 252 252 252 252 249 250 253
 253 251 251 253 252 253 253 253 253 254 252 246 242 238 232 221 211 199
 156  80  46  38  34  33  31  31  32  31  30  28  25  24  23  23  24  25
  26  28  30  31  32  35  40  43  47  47  83 105 105 103 104 109 114 116
 117 118 120 122 124 126 128 131 133 134 135 139 143 146 144 143 143 144
 147 150 151 150 150 151 153 154 154 154 154 155 152 152 154 156 159 160
 160  30]","[ 29  29 246 252 252 252 253 252 252 252 252 252 252 252 252 252 252 252
 252 252 252 252 252 252 252 252 252 252 252 252 252 252 252 252 252 252
 252 252 252 252 252 252 252 252 252 252 252 252 252 252 252 252 252 252
 252 252 252 252 252 252 252 252 252 252 253 252 252 252 252 252 252 252
 252 252 252 252 252 252 252 252 252 252 252 252 252 252 252 252 252 253
 253 253 252 252 252 252 253 251 251 251 251 252 253 251 252 253 253 251
 250 253 254 251 252 251 252 253 252 253 253 253 254 251 254 252 253 250
 189  91  52  40  34  34  31  31  33  30  30  27  25  24  24  24  25  26
  28  29  30  29  30  33  40  45  47  45  85 118 118 111 110 108 108 109
 109 109 109 109 109 108 108 113 117 119 120 124 128 130 131 135 139 140
 140 141 142 143 148 149 150 151 151 152 153 156 155 158 160 157 158 162
 163  28]","[ 29  29 245 252 252 252 253 252 252 252 252 252 252 252 252 252 252 252
 252 252 252 252 252 252 252 252 252 252 252 252 252 252 252 252 252 252
 252 252 252 252 252 252 252 252 252 252 252 252 252 252 252 252 252 252
 252 252 252 252 252 252 252 252 252 252 252 252 252 252 252 252 252 252
 252 252 252 252 252 252 252 252 252 252 252 252 252 252 252 252 252 252
 252 252 252 252 252 252 252 252 252 252 252 252 252 252 252 252 252 252
 252 252 252 252 252 252 252 252 252 252 252 252 251 252 252 252 253 250
 193  83  46  40  35  32  33  33  32  31  30  28  25  24  24  24  24  28
  29  30  31  31  30  33  38  43  49  53  90 145 147 148 141 144 140 136
 133 129 123 118 114 111 110 111 111 108 108 113 117 116 116 118 123 125
 126 128 131 130 132 138 144 146 146 145 147 149 153 157 157 159 158 160
 165  27]","[ 29  29 245 252 252 252 253 252 252 252 252 252 252 252 252 252 252 252
 252 252 252 252 252 252 252 252 252 252 252 252 252 252 252 252 252 252
 252 252 252 252 252 252 252 252 252 252 252 252 252 252 252 252 252 252
 252 252 252 252 252 252 252 252 252 252 252 252 252 252 252 252 252 252
 252 252 252 252 252 252 252 252 252 252 252 252 252 252 252 252 252 252
 252 252 252 252 252 252 252 252 252 252 252 252 252 252 252 252 252 252
 252 252 252 252 252 252 252 252 252 252 252 252 253 253 252 251 251 251
 182  80  48  42  35  32  31  31  31  31  29  28  27  25  25  26  25  27
  29  29  30  29  30  34  40  44  54  57  91 157 159 163 157 157 151 148
 149 151 151 149 146 141 140 139 137 131 125 122 120 117 121 117 114 115
 113 116 120 122 124 125 126 129 132 136 140 142 142 143 145 150 151 152
 154  30]","[ 29  29 245 252 252 252 253 252 252 252 252 252 252 252 252 252 252 252
 252 252 252 252 252 252 252 252 252 252 252 252 252 252 252 252 252 252
 252 252 252 252 252 252 252 252 252 252 252 252 252 252 252 252 252 252
 252 252 252 252 252 252 252 252 252 252 252 252 252 252 252 252 252 252
 252 252 252 252 252 252 252 252 252 252 252 252 252 252 252 252 252 252
 252 252 252 252 252 252 252 252 252 252 252 252 252 252 252 252 252 252
 252 252 252 252 252 252 252 252 252 252 252 252 253 251 253 251 251 252
 164  75  48  44  38  34  32  31  31  31  29  28  28  25  32  31  26  28
  30  30  30  30  31  35  41  46  60  62 100 201 218 220 207 198 180 173
 167 164 161 162 163 162 160 158 158 158 156 155 152 148 145 141 136 137
 129 126 119 117 115 115 116 119 122 123 122 121 128 135 134 128 129 140
 143  30]","[ 29  29 245 252 252 252 253 252 252 252 252 252 252 252 252 252 252 252
 252 252 252 252 252 252 252 252 252 252 252 252 252 252 252 252 252 252
 252 252 252 252 252 252 252 252 252 252 252 252 252 252 252 252 252 252
 252 252 252 252 252 252 252 252 252 252 252 252 252 252 252 252 252 252
 252 252 252 252 252 252 252 252 252 252 252 252 252 252 252 252 252 252
 252 252 252 252 252 252 252 252 252 252 252 252 252 252 252 252 252 252
 252 252 252 252 252 252 252 252 252 252 252 252 252 250 253 252 252 250
 142  67  46  43  39  36  33  31  30  30  29  28  27  22  49  39  27  30
  32  31  31  31  32  36  42  45  51  56 101 230 253 254 253 254 255 253
 251 244 232 220 212 207 198 188 179 176 174 173 171 168 165 163 158 162
 155 158 153 152 143 142 140 137 135 132 129 127 122 121 121 122 126 129
 128  29]","[ 29  29 245 252 252 252 253 252 252 252 252 252 252 252 252 252 252 252
 252 252 252 252 252 252 252 252 252 252 252 252 252 252 252 252 252 252
 252 252 252 252 252 252 252 252 252 252 252 252 252 252 252 252 252 252
 252 252 252 252 252 252 252 252 252 252 252 252 252 252 252 252 252 252
 252 252 252 252 252 252 252 252 252 252 252 252 252 252 252 252 252 252
 252 252 252 252 252 252 252 252 252 252 252 252 252 252 252 252 252 252
 252 252 252 252 252 252 252 252 252 252 252 252 253 251 253 252 252 245
 122  60  44  41  38  35  33  31  30  30  29  27  26  21  71  49  26  31
  31  31  31  31  33  37  41  44  58  59  94 222 252 249 251 255 253 252
 254 254 252 252 254 255 250 244 241 240 236 229 221 214 200 200 192 189
 179 181 176 173 172 170 166 163 159 156 152 149 151 146 145 143 137 130
 130  30]","[ 29  29 245 252 252 252 253 252 252 252 252 252 252 252 252 252 252 252
 252 252 252 252 252 252 252 252 252 252 252 252 252 252 252 252 252 252
 252 252 252 252 252 252 252 252 252 252 252 252 252 252 252 252 252 252
 252 252 252 252 252 252 252 252 252 252 252 252 252 252 252 252 252 252
 252 252 252 252 252 252 252 252 252 252 252 252 252 252 252 252 252 252
 252 252 252 252 252 252 252 252 252 252 252 252 252 252 252 252 252 252
 252 252 252 252 252 252 252 252 252 252 252 252 253 252 252 252 252 238
 113  60  46  42  36  33  31  31  30  30  29  27  27  24  86  57  26  31
  30  31  31  32  34  38  41  44  58  59  84 204 253 254 253 249 253 251
 251 253 253 253 253 251 254 252 253 254 252 252 254 254 254 254 251 245
 232 229 220 213 203 196 185 179 176 174 170 167 164 160 161 162 163 163
 160  28]","[ 29  29 245 252 252 252 253 252 252 252 252 252 252 252 252 252 252 252
 252 252 252 252 252 252 252 252 252 252 252 252 252 252 252 252 252 252
 252 252 252 252 252 252 252 252 252 252 252 252 252 252 252 252 252 252
 252 252 252 252 252 252 252 252 252 252 252 252 252 252 252 252 252 252
 252 252 252 252 252 252 252 252 252 252 252 252 252 252 252 252 252 252
 252 252 252 252 252 252 252 252 252 252 252 252 252 252 252 252 252 252
 252 252 252 252 252 252 252 252 252 252 252 252 252 252 251 251 252 230
 106  59  47  42  36  32  32  32  31  30  29  26  27  25  83  57  25  30
  29  30  32  33  35  38  42  45  59  64  84 190 251 252 255 254 253 251
 250 252 252 253 253 251 251 251 253 254 252 251 252 252 252 254 254 254
 253 255 254 253 254 254 254 254 250 241 228 219 215 208 203 193 180 171
 176  27]","[ 29  29 245 252 252 252 253 252 252 252 252 252 252 252 252 252 252 252
 252 252 252 252 252 252 252 252 252 252 252 252 252 252 252 252 252 252
 252 252 252 252 252 252 252 252 252 252 252 252 252 252 252 252 252 252
 252 252 252 252 252 252 252 252 252 252 252 252 252 252 252 252 252 252
 252 252 252 252 252 252 252 252 252 252 252 252 252 252 252 252 252 252
 252 252 252 252 252 252 252 252 252 252 252 252 252 252 252 252 252 252
 252 252 252 252 252 252 252 252 252 252 252 252 251 253 251 251 250 221
  97  51  45  40  35  33  33  32  30  29  28  25  26  24  72  53  23  29
  29  30  31  32  34  37  41  44  57  60  77 181 254 252 252 252 252 251
 253 253 251 251 253 253 254 251 251 251 251 252 253 250 254 252 253 254
 253 253 254 252 252 252 252 253 254 254 254 254 254 251 249 244 245 243
 223  31]","[ 29  29 245 252 252 252 253 252 252 252 252 252 252 252 252 252 252 252
 252 252 252 252 252 252 252 252 252 252 252 252 252 252 252 252 252 252
 252 252 252 252 252 252 252 252 252 252 252 252 252 252 252 252 252 252
 252 252 252 252 252 252 252 252 252 252 252 252 252 252 252 252 252 252
 252 252 252 252 252 252 252 252 252 252 252 252 252 252 252 252 252 252
 252 252 252 252 252 252 252 252 252 252 252 252 252 252 252 252 252 252
 252 252 252 252 252 252 252 252 252 252 252 252 250 253 252 250 250 184
  86  51  47  39  34  33  32  31  30  29  26  27  23  22  68  45  26  29
  29  30  30  31  33  35  39  45  56  66  73 167 252 253 254 253 252 252
 252 252 252 252 252 252 252 252 252 252 252 252 252 252 252 252 253 253
 253 253 253 254 252 252 252 252 252 252 252 252 254 254 254 255 253 253
 244  30]","[ 29  29 245 252 252 252 253 252 252 252 252 252 252 252 252 252 252 252
 252 252 252 252 252 252 252 252 252 252 252 252 252 252 252 252 252 252
 252 252 252 252 252 252 252 252 252 252 252 252 252 252 252 252 252 252
 252 252 252 252 252 252 252 252 252 252 252 252 252 252 252 252 252 252
 252 252 252 252 252 252 252 252 252 252 252 252 252 252 252 252 252 252
 252 252 252 252 252 252 252 252 252 252 252 252 252 252 252 252 252 252
 252 252 252 252 252 252 252 252 252 252 252 252 251 251 252 250 248 161
  76  47  44  37  33  33  32  31  30  30  26  27  24  22  47  32  24  30
  30  31  31  31  32  34  39  46  53  65  71 158 249 253 254 253 252 252
 252 252 252 252 252 252 252 252 252 252 252 252 252 252 252 252 252 252
 253 253 253 253 252 252 252 252 252 252 252 252 252 253 252 253 252 252
 243  28]","[ 29  29 245 252 252 252 253 252 252 252 252 252 252 252 252 252 252 252
 252 252 252 252 252 252 252 252 252 252 252 252 252 252 252 252 252 252
 252 252 252 252 252 252 252 252 252 252 252 252 252 252 252 252 252 252
 252 252 252 252 252 252 252 252 252 252 252 252 252 252 252 252 252 252
 252 252 252 252 252 252 252 252 252 252 252 252 252 252 252 252 252 252
 252 252 252 252 252 252 252 252 252 252 252 252 252 252 252 252 252 252
 252 252 252 252 252 252 252 252 252 252 252 252 253 250 253 251 242 130
  67  47  41  36  32  32  31  30  30  29  28  27  26  24  27  23  25  29
  31  32  31  31  31  33  39  47  53  65  71 144 245 252 254 254 252 252
 252 252 252 252 252 252 252 252 252 252 252 252 252 252 252 252 252 252
 252 252 252 252 252 252 252 252 252 252 252 252 252 252 252 252 252 251
 244  29]","[ 29  29 245 252 252 252 253 252 252 252 252 252 252 252 252 252 252 252
 252 252 252 252 252 252 252 252 252 252 252 252 252 252 252 252 252 252
 252 252 252 252 252 252 252 252 252 252 252 252 252 252 252 252 252 252
 252 252 252 252 252 252 252 252 252 252 252 252 252 252 252 252 252 252
 252 252 252 252 252 252 252 252 252 252 252 252 252 252 252 252 252 252
 252 252 252 252 252 252 252 252 252 252 252 252 252 252 252 252 252 252
 252 252 252 252 252 252 252 252 252 252 252 252 253 252 253 252 229 106
  64  52  42  36  32  31  29  29  29  29  29  27  26  25  21  25  28  28
  31  31  31  30  32  34  40  48  56  64  72 127 243 250 253 253 252 252
 252 252 252 252 252 252 252 252 252 252 252 252 252 252 252 252 252 252
 252 252 252 252 252 252 252 252 252 252 252 252 252 252 253 253 251 252
 244  29]","[ 29  29 245 252 252 252 253 252 252 252 252 252 252 252 252 252 252 252
 252 252 252 252 252 252 252 252 252 252 252 252 252 252 252 252 252 252
 252 252 252 252 252 252 252 252 252 252 252 252 252 252 252 252 252 252
 252 252 252 252 252 252 252 252 252 252 252 252 252 252 252 252 252 252
 252 252 252 252 252 252 252 252 252 252 252 252 252 252 252 252 252 252
 252 252 252 252 252 252 252 252 252 252 252 252 252 252 252 252 252 252
 252 252 252 252 252 252 252 252 252 252 252 252 253 253 252 253 211  91
  60  51  43  37  33  30  28  28  29  30  28  27  25  23  24  27  29  28
  31  31  31  31  34  36  41  48  56  61  74 113 243 250 253 252 252 252
 252 252 252 252 252 252 252 252 252 252 252 252 252 252 252 252 252 252
 252 252 252 252 252 252 252 252 252 252 252 252 252 252 252 252 251 253
 244  29]","[ 29  29 245 252 252 252 253 252 252 252 252 252 252 252 252 252 252 252
 252 252 252 252 252 252 252 252 252 252 252 252 252 252 252 252 252 252
 252 252 252 252 252 252 252 252 252 252 252 252 252 252 252 252 252 252
 252 252 252 252 252 252 252 252 252 252 252 252 252 252 252 252 252 252
 252 252 252 252 252 252 252 252 252 252 252 252 252 252 252 252 252 252
 252 252 252 252 252 252 252 252 252 252 252 252 252 252 252 252 252 252
 252 252 252 252 252 252 252 252 252 252 252 252 251 253 251 252 189  82
  54  45  42  36  32  29  27  28  29  29  26  27  25  23  25  26  28  29
  31  31  30  31  33  35  40  46  55  61  76 104 238 251 252 252 252 252
 252 252 252 252 252 252 252 252 252 252 252 252 252 252 252 252 252 252
 252 252 252 252 252 252 252 252 252 252 252 252 252 252 252 252 251 252
 244  29]","[ 29  29 245 252 252 252 253 252 252 252 252 252 252 252 252 252 252 252
 252 252 252 252 252 252 252 252 252 252 252 252 252 252 252 252 252 252
 252 252 252 252 252 252 252 252 252 252 252 252 252 252 252 252 252 252
 252 252 252 252 252 252 252 252 252 252 252 252 252 252 252 252 252 252
 252 252 252 252 252 252 252 252 252 252 252 252 252 252 252 252 252 252
 252 252 252 252 252 252 252 252 252 252 252 252 252 252 252 252 252 252
 252 252 252 252 252 252 252 252 252 252 252 252 252 253 251 250 169  76
  51  41  41  36  32  30  28  29  29  28  27  26  24  25  23  25  27  30
  31  31  30  30  32  34  38  45  54  64  76  95 224 251 251 253 252 252
 252 252 252 252 252 252 252 252 252 252 252 252 252 252 252 252 252 252
 252 252 252 252 252 252 252 252 252 252 252 252 252 252 252 252 251 252
 244  29]","[ 29  29 245 252 252 252 253 252 252 252 252 252 252 252 252 252 252 252
 252 252 252 252 252 252 252 252 252 252 252 252 252 252 252 252 252 252
 252 252 252 252 252 252 252 252 252 252 252 252 252 252 252 252 252 252
 252 252 252 252 252 252 252 252 252 252 252 252 252 252 252 252 252 252
 252 252 252 252 252 252 252 252 252 252 252 252 252 252 252 252 252 252
 252 252 252 252 252 252 252 252 252 252 252 252 252 252 252 252 252 252
 252 252 252 252 252 252 252 252 252 252 252 252 253 253 251 248 159  75
  52  43  42  38  35  33  31  31  30  28  27  23  21  27  22  25  26  28
  31  32  32  31  32  34  39  47  54  66  73  87 210 250 251 253 252 252
 252 252 252 252 252 252 252 252 252 252 252 252 252 252 252 252 252 252
 252 252 252 252 252 252 252 252 252 252 252 252 252 252 252 252 251 251
 244  29]","[ 29  29 246 252 252 252 253 252 252 252 252 252 252 252 252 252 252 252
 252 252 252 252 252 252 252 252 252 252 252 252 252 252 252 252 252 252
 252 252 252 252 252 252 252 252 252 252 252 252 252 252 252 252 252 252
 252 252 252 252 252 252 252 252 252 252 252 252 252 252 252 252 252 252
 252 252 252 252 252 252 252 252 252 252 252 252 252 252 252 252 252 252
 252 252 252 252 252 252 252 252 252 252 252 252 252 252 252 252 252 252
 252 252 252 252 252 252 252 252 252 252 252 252 252 253 252 244 148  68
  55  44  40  37  34  32  30  30  30  28  27  24  25  28  25  25  28  32
  31  31  31  32  32  35  41  47  51  62  68  90 195 251 253 252 252 252
 252 252 252 252 252 252 252 252 252 252 252 252 252 252 252 252 252 252
 252 252 252 252 252 252 252 252 252 252 252 252 252 252 252 252 251 252
 244  29]","[ 29  29 246 252 252 252 253 252 252 252 252 252 252 252 252 252 252 252
 252 252 252 252 252 252 252 252 252 252 252 252 252 252 252 252 252 252
 252 252 252 252 252 252 252 252 252 252 252 252 252 252 252 252 252 252
 252 252 252 252 252 252 252 252 252 252 252 252 252 252 252 252 252 252
 252 252 252 252 252 252 252 252 252 252 252 252 252 252 252 252 252 252
 252 252 252 252 252 252 252 252 252 252 252 252 252 252 252 252 252 252
 252 252 252 252 252 252 252 252 252 252 252 252 252 252 251 241 142  65
  56  45  40  36  34  32  30  31  31  29  27  28  28  26  24  26  29  28
  32  31  32  33  34  37  43  49  54  66  64  87 191 251 251 254 252 252
 252 252 252 252 252 252 252 252 252 252 252 252 252 252 252 252 252 252
 252 252 252 252 252 252 252 252 252 252 252 252 252 252 252 252 251 252
 244  29]","[ 29  29 246 252 252 252 253 252 252 252 252 252 252 252 252 252 252 252
 252 252 252 252 252 252 252 252 252 252 252 252 252 252 252 252 252 252
 252 252 252 252 252 252 252 252 252 252 252 252 252 252 252 252 252 252
 252 252 252 252 252 252 252 252 252 252 252 252 252 252 252 252 252 252
 252 252 252 252 252 252 252 252 252 252 252 252 252 252 252 252 252 252
 252 252 252 252 252 252 252 252 252 252 252 252 252 252 252 252 252 252
 252 252 252 252 252 252 252 252 252 252 252 252 252 253 253 241 138  65
  59  48  40  37  34  33  31  32  33  31  28  30  36  48  42  27  30  32
  32  31  32  33  35  39  45  51  56  68  67  87 201 251 251 253 252 252
 252 252 252 252 252 252 252 252 252 252 252 252 252 252 252 252 252 252
 252 252 252 252 252 252 252 252 252 252 252 252 252 252 252 252 251 252
 244  29]","[ 29  29 246 252 252 252 253 252 252 252 252 252 252 252 252 252 252 252
 252 252 252 252 252 252 252 252 252 252 252 252 252 252 252 252 252 252
 252 252 252 252 252 252 252 252 252 252 252 252 252 252 252 252 252 252
 252 252 252 252 252 252 252 252 252 252 252 252 252 252 252 252 252 252
 252 252 252 252 252 252 252 252 252 252 252 252 252 252 252 252 252 252
 252 252 252 252 252 252 252 252 252 252 252 252 252 252 252 252 252 252
 252 252 252 252 252 252 252 252 252 252 252 252 252 252 252 239 134  65
  58  47  41  37  35  33  32  33  34  33  34  26  31  69  57  26  32  33
  32  31  31  33  35  39  45  51  56  68  72  88 216 250 253 252 252 252
 252 252 252 252 252 252 252 252 252 252 252 252 252 252 252 252 252 252
 252 252 252 252 252 252 252 252 252 252 252 252 252 252 252 252 251 252
 244  29]","[ 29  29 246 252 252 252 253 252 252 252 252 252 252 252 252 252 252 252
 252 252 252 252 252 252 252 252 252 252 252 252 252 252 252 252 252 252
 252 252 252 252 252 252 252 252 252 252 252 252 252 252 252 252 252 252
 252 252 252 252 252 252 252 252 252 252 252 252 252 252 252 252 252 252
 252 252 252 252 252 252 252 252 252 252 252 252 252 252 252 252 252 252
 252 252 252 252 252 252 252 252 252 252 252 252 252 252 252 252 252 252
 252 252 252 252 252 252 252 252 252 252 252 252 252 252 252 241 135  68
  57  45  41  37  35  34  32  32  34  33  31  32  57 120  85  32  38  32
  32  32  32  33  35  39  45  50  58  69  72  90 224 249 253 252 252 252
 252 252 252 252 252 252 252 252 252 252 252 252 252 252 252 252 252 252
 252 252 252 252 252 252 252 252 252 252 252 252 252 252 252 252 251 252
 244  29]","[ 29  29 246 252 252 252 253 252 252 252 252 252 252 252 252 252 252 252
 252 252 252 252 252 252 252 252 252 252 252 252 252 252 252 252 252 252
 252 252 252 252 252 252 252 252 252 252 252 252 252 252 252 252 252 252
 252 252 252 252 252 252 252 252 252 252 252 252 252 252 252 252 252 252
 252 252 252 252 252 252 252 252 252 252 252 252 252 252 252 252 252 252
 252 252 252 252 252 252 252 252 252 252 252 252 252 252 252 252 252 252
 252 252 252 252 252 252 252 252 252 252 252 252 253 253 253 244 139  72
  56  45  41  37  35  35  32  32  34  35  37  35  83 166  95  26  37  36
  32  32  32  33  35  38  44  49  61  72  72 100 230 250 251 253 252 252
 252 252 252 252 252 252 252 252 252 252 252 252 252 252 252 252 252 252
 252 252 252 252 252 252 252 252 252 252 252 252 252 252 252 252 251 252
 244  29]","[ 29  29 246 252 252 252 253 252 252 252 252 252 252 252 252 252 252 252
 252 252 252 252 252 252 252 252 252 252 252 252 252 252 252 252 252 252
 252 252 252 252 252 252 252 252 252 252 252 252 252 252 252 252 252 252
 252 252 252 252 252 252 252 252 252 252 252 252 252 252 252 252 252 252
 252 252 252 252 252 252 252 252 252 252 252 252 252 252 252 252 252 252
 252 252 252 252 252 252 252 252 252 252 252 252 252 252 252 252 252 252
 252 252 252 252 252 252 252 252 252 252 252 252 252 252 250 241 138  71
  51  43  41  37  36  36  33  33  36  38  41  35 112 209 110  33  34  30
  32  32  32  33  34  37  43  49  61  72  75 110 239 251 251 252 252 252
 252 252 252 252 252 252 252 252 252 252 252 252 252 252 252 252 252 252
 252 252 252 252 252 252 252 252 252 252 252 252 252 252 252 252 251 252
 244  29]","[ 29  29 246 252 252 252 253 252 252 252 252 252 252 252 252 252 252 252
 252 252 252 252 252 252 252 252 252 252 252 252 252 252 252 252 252 252
 252 252 252 252 252 252 252 252 252 252 252 252 252 252 252 252 252 252
 252 252 252 252 252 252 252 252 252 252 252 252 252 252 252 252 252 252
 252 252 252 252 252 252 252 252 252 252 252 252 252 252 252 252 252 252
 252 252 252 252 252 252 252 252 252 252 252 252 252 252 252 252 252 252
 252 252 252 252 252 252 252 252 252 252 252 252 252 253 250 241 138  70
  50  44  40  37  36  36  33  32  36  39  38  43 144 233 106  35  38  39
  33  33  33  34  35  38  45  51  61  69  76 109 242 249 252 253 252 252
 252 252 252 252 252 252 252 252 252 252 252 252 252 252 252 252 252 252
 252 252 252 252 252 252 252 252 252 252 252 252 252 252 252 252 251 252
 244  29]","[ 29  29 246 252 252 252 253 252 252 252 252 252 252 252 252 252 252 252
 252 252 252 252 252 252 252 252 252 252 252 252 252 252 252 252 252 252
 252 252 252 252 252 252 252 252 252 252 252 252 252 252 252 252 252 252
 252 252 252 252 252 252 252 252 252 252 252 252 252 252 252 252 252 252
 252 252 252 252 252 252 252 252 252 252 252 252 252 252 252 252 252 252
 252 252 252 252 252 252 252 252 252 252 252 252 252 252 252 252 252 252
 251 252 253 252 252 252 250 253 253 254 250 251 251 253 249 239 140  62
  52  48  38  36  34  34  35  35  37  39  39  53 198 239 100  34  43  35
  35  35  34  34  36  40  46  53  63  73  85 130 244 251 254 251 252 252
 252 252 252 252 252 252 252 252 252 252 252 252 252 252 252 252 252 252
 252 252 252 252 252 252 252 252 252 252 252 252 252 252 252 252 251 252
 244  29]","[ 29  29 246 252 252 252 253 252 252 252 252 252 252 252 252 252 252 252
 252 252 252 252 252 252 252 252 252 252 252 252 252 252 252 252 252 252
 252 252 252 252 252 252 252 252 252 252 252 252 252 252 252 252 252 252
 252 252 252 252 252 252 252 252 252 252 252 252 252 252 252 252 252 252
 252 252 252 252 252 252 252 252 252 252 252 252 252 252 252 252 252 252
 252 252 252 252 252 252 252 252 252 252 252 252 252 252 252 250 250 253
 253 252 250 250 252 250 254 254 248 254 254 252 253 251 249 238 139  67
  52  39  38  35  33  32  32  33  36  38  37  60 220 243  91  34  39  40
  37  36  34  34  37  41  47  54  64  70  81 143 248 252 252 254 252 252
 252 252 252 252 252 252 252 252 252 252 252 252 252 252 252 252 252 252
 252 252 252 252 252 252 252 252 252 252 252 252 252 252 252 252 251 252
 244  29]","[ 29  29 246 252 252 252 253 252 252 252 252 252 252 252 252 252 252 252
 252 252 252 252 252 252 252 252 252 252 252 252 252 252 252 252 252 252
 252 252 252 252 252 252 252 252 252 252 252 252 252 252 252 252 252 252
 252 252 252 252 252 252 252 252 252 252 252 252 252 252 252 252 252 252
 252 252 252 252 252 252 252 252 252 252 252 252 252 252 252 252 252 252
 252 252 252 252 252 252 252 252 252 252 252 252 252 252 252 252 252 252
 252 251 251 253 254 253 250 251 253 249 248 250 249 248 249 226 121  59
  51  41  39  36  33  32  32  33  36  40  38  75 234 244  88  37  39  38
  37  36  34  34  38  42  48  54  64  69  78 157 251 253 249 255 252 252
 252 252 252 252 252 252 252 252 252 252 252 252 252 252 252 252 252 252
 252 252 252 252 252 252 252 252 252 252 252 252 252 252 252 252 251 252
 244  29]","[ 29  29 246 252 252 252 253 252 252 252 252 252 252 252 252 252 252 252
 252 252 252 252 252 252 252 252 252 252 252 252 252 252 252 252 252 252
 252 252 252 252 252 252 252 252 252 252 252 252 252 252 252 252 252 252
 252 252 252 252 252 252 252 252 252 252 252 252 252 252 252 252 252 252
 252 252 252 252 252 252 252 252 252 252 252 252 252 252 252 252 252 252
 252 252 252 252 252 252 252 252 252 252 252 252 252 252 251 253 253 250
 251 253 253 253 250 248 250 225 187 155 112  97 108 137 179 177 101  56
  47  39  38  35  33  32  32  33  37  40  37  99 237 242  90  37  43  33
  34  35  33  34  37  41  47  54  63  70  80 167 251 254 251 252 252 252
 252 252 252 252 252 252 252 252 252 252 252 252 252 252 252 252 252 252
 252 252 252 252 252 252 252 252 252 252 252 252 252 252 252 252 251 252
 244  29]","[ 29  29 246 252 252 252 253 252 252 252 252 252 252 252 252 252 252 252
 252 252 252 252 252 252 252 252 252 252 252 252 252 252 252 252 252 252
 252 252 252 252 252 252 252 252 252 252 252 252 252 252 252 252 252 252
 252 252 252 252 252 252 252 252 252 252 252 252 252 252 252 252 252 252
 252 252 252 252 252 252 252 252 252 252 252 252 252 252 252 252 252 252
 252 252 252 252 252 252 252 252 252 252 252 252 252 252 251 252 251 251
 253 254 252 250 251 245 193 129  75  56  52  51  46  50  65  74  57  55
  48  36  35  32  30  30  31  32  34  37  34 121 240 238  90  36  42  35
  32  33  33  34  37  40  47  54  64  72  84 175 251 254 253 252 252 252
 252 252 252 252 252 252 252 252 252 252 252 252 252 252 252 252 252 252
 252 252 252 252 252 252 252 252 252 252 252 252 252 252 252 252 251 252
 244  29]","[ 29  29 246 252 252 252 253 252 252 252 252 252 252 252 252 252 252 252
 252 252 252 252 252 252 252 252 252 252 252 252 252 252 252 252 252 252
 252 252 252 252 252 252 252 252 252 252 252 252 252 252 252 252 252 252
 252 252 252 252 252 252 252 252 252 252 252 252 252 252 252 252 252 252
 252 252 252 252 252 252 252 252 252 252 252 252 252 252 252 252 252 252
 252 252 252 252 252 252 252 252 252 252 252 252 252 252 252 250 252 253
 252 252 254 254 247 180  95  59  41  39  45  37  41  39  40  47  50  56
  46  37  34  31  29  29  30  31  33  35  34 135 245 230  86  39  38  38
  31  33  33  34  37  41  47  55  66  72  86 186 253 251 254 253 252 252
 252 252 252 252 252 252 252 252 252 252 252 252 252 252 252 252 252 252
 252 252 252 252 252 252 252 252 252 252 252 252 252 252 252 252 251 252
 244  29]","[ 29  29 246 252 252 252 253 252 252 252 252 252 252 252 252 252 252 252
 252 252 252 252 252 252 252 252 252 252 252 252 252 252 252 252 252 252
 252 252 252 252 252 252 252 252 252 252 252 252 252 252 252 252 252 252
 252 252 252 252 252 252 252 252 252 252 252 252 252 252 252 252 252 252
 252 252 252 252 252 252 252 252 252 252 252 252 252 252 252 252 252 252
 252 252 252 252 252 252 252 252 252 252 252 252 252 252 253 250 253 254
 250 252 254 247 196  85  58  46  31  37  35  32  35  36  37  45  50  53
  44  38  36  32  28  28  29  30  32  34  35 143 247 222  78  40  38  35
  32  32  31  33  37  42  49  56  65  72  89 195 253 251 253 253 252 252
 252 252 252 252 252 252 252 252 252 252 252 252 252 252 252 252 252 252
 252 252 252 252 252 252 252 252 252 252 252 252 252 252 252 252 251 252
 244  29]","[ 29  29 246 252 252 252 253 252 252 252 252 252 252 252 252 252 252 252
 252 252 252 252 252 252 252 252 252 252 252 252 252 252 252 252 252 252
 252 252 252 252 252 252 252 252 252 252 252 252 252 252 252 252 252 252
 252 252 252 252 252 252 252 252 252 252 252 252 252 252 252 252 252 252
 252 252 252 252 252 252 252 252 252 252 252 252 252 252 252 252 252 252
 252 252 252 252 252 252 252 252 252 252 252 252 252 252 253 251 252 252
 251 254 247 220 118  59  46  36  40  34  35  34  31  34  38  46  48  47
  43  39  36  31  26  25  26  28  30  32  32 148 247 219  70  35  40  32
  33  31  29  31  37  42  49  56  61  74  91 200 253 253 254 251 252 252
 252 252 252 252 252 252 252 252 252 252 252 252 252 252 252 252 252 252
 252 252 252 252 252 252 252 252 252 252 252 252 252 252 252 252 251 252
 244  29]","[ 29  29 245 252 252 252 253 252 252 252 252 252 252 252 252 252 252 252
 252 252 252 252 252 252 252 252 252 252 252 252 252 252 252 252 252 252
 252 252 252 252 252 252 252 252 252 252 252 252 252 252 252 252 252 252
 252 252 252 252 252 252 252 252 252 252 252 252 252 252 252 252 252 252
 252 252 252 252 252 252 252 252 252 252 252 252 252 252 252 252 252 252
 252 252 252 252 252 252 252 252 252 252 252 252 252 252 253 252 251 252
 251 252 251 165  80  53  42  39  35  36  34  32  32  33  36  41  48  50
  46  39  36  30  26  24  23  25  28  29  32 150 236 186  60  34  34  33
  32  33  34  31  34  42  49  57  63  69  96 208 252 251 252 253 252 252
 252 252 252 252 252 252 252 252 252 252 252 252 252 252 252 252 252 252
 252 252 252 252 252 252 252 252 252 252 252 252 252 252 252 252 251 252
 244  29]","[ 29  29 245 252 252 252 253 252 252 252 252 252 252 252 252 252 252 252
 252 252 252 252 252 252 252 252 252 252 252 252 252 252 252 252 252 252
 252 252 252 252 252 252 252 252 252 252 252 252 252 252 252 252 252 252
 252 252 252 252 252 252 252 252 252 252 252 252 252 252 252 252 252 252
 252 252 252 252 252 252 252 252 252 252 252 252 252 252 252 252 252 252
 252 252 252 252 252 252 252 252 252 252 252 252 252 252 250 252 252 252
 253 253 228 120  62  47  41  36  31  32  32  33  33  33  35  40  46  49
  45  40  33  28  25  24  24  25  26  27  27 120 176 121  36  33  39  31
  30  31  32  31  35  42  49  57  67  74 101 217 253 251 252 253 252 252
 252 252 252 252 252 252 252 252 252 252 252 252 252 252 252 252 252 252
 252 252 252 252 252 252 252 252 252 252 252 252 252 252 252 252 251 252
 244  29]","[ 29  29 245 252 252 252 253 252 252 252 252 252 252 252 252 252 252 252
 252 252 252 252 252 252 252 252 252 252 252 252 252 252 252 252 252 252
 252 252 252 252 252 252 252 252 252 252 252 252 252 252 252 252 252 252
 252 252 252 252 252 252 252 252 252 252 252 252 252 252 252 252 252 252
 252 252 252 252 252 252 252 252 252 252 252 252 252 252 252 252 252 252
 252 252 252 252 252 252 252 252 252 252 252 252 252 252 251 252 252 250
 253 254 203  86  51  46  42  35  31  31  30  32  34  34  35  39  45  48
  46  42  34  28  25  25  24  25  26  26  22  51  69  46  25  28  30  28
  29  29  31  31  35  40  45  55  67  75 104 228 252 250 251 252 252 252
 252 252 252 252 252 252 252 252 252 252 252 252 252 252 252 252 252 252
 252 252 252 252 252 252 252 252 252 252 252 252 252 252 252 252 251 252
 244  29]","[ 29  29 245 252 252 252 253 252 252 252 252 252 252 252 252 252 252 252
 252 252 252 252 252 252 252 252 252 252 252 252 252 252 252 252 252 252
 252 252 252 252 252 252 252 252 252 252 252 252 252 252 252 252 252 252
 252 252 252 252 252 252 252 252 252 252 252 252 252 252 252 252 252 252
 252 252 252 252 252 252 252 252 252 252 252 252 252 252 252 252 252 252
 252 252 252 252 252 252 252 252 252 252 252 252 252 252 253 252 252 251
 251 251 182  77  51  49  42  35  35  34  30  30  34  34  35  38  44  48
  47  44  38  30  25  25  24  25  27  27  27  29  33  27  29  30  30  32
  30  28  29  31  35  38  42  52  65  72 103 237 251 250 251 253 252 252
 252 252 252 252 252 252 252 252 252 252 252 252 252 252 252 252 252 252
 252 252 252 252 252 252 252 252 252 252 252 252 252 252 252 252 251 252
 244  29]","[ 29  29 245 252 252 252 253 252 252 252 252 252 252 252 252 252 252 252
 252 252 252 252 252 252 252 252 252 252 252 252 252 252 252 252 252 252
 252 252 252 252 252 252 252 252 252 252 252 252 252 252 252 252 252 252
 252 252 252 252 252 252 252 252 252 252 252 252 252 252 252 252 252 252
 252 252 252 252 252 252 252 252 252 252 252 252 252 252 252 252 252 252
 252 252 252 252 252 252 252 252 252 252 252 252 252 252 252 251 253 253
 252 248 159  71  52  48  39  35  37  34  30  31  32  33  34  37  42  47
  48  46  39  30  25  25  25  25  26  27  28  30  34  33  29  29  29  28
  30  28  29  32  35  38  42  53  65  72 103 243 250 251 253 254 252 252
 252 252 252 252 252 252 252 252 252 252 252 252 252 252 252 252 252 252
 252 252 252 252 252 252 252 252 252 252 252 252 252 252 252 252 251 252
 244  29]","[ 29  29 245 252 252 252 253 252 252 252 252 252 252 252 252 252 252 252
 252 252 252 252 252 252 252 252 252 252 252 252 252 252 252 252 252 252
 252 252 252 252 252 252 252 252 252 252 252 252 252 252 252 252 252 252
 252 252 252 252 252 252 252 252 252 252 252 252 252 252 252 252 252 252
 252 252 252 252 252 252 252 252 252 252 252 252 252 252 252 252 252 252
 252 252 252 252 252 252 252 252 252 252 252 252 252 252 252 252 253 252
 251 246 139  68  50  48  39  37  36  30  29  32  31  32  33  36  41  46
  48  47  37  29  24  25  25  24  25  25  29  24  25  32  30  31  30  30
  32  29  31  32  35  37  41  50  66  73 104 246 250 252 254 253 252 252
 252 252 252 252 252 252 252 252 252 252 252 252 252 252 252 252 252 252
 252 252 252 252 252 252 252 252 252 252 252 252 252 252 252 252 251 252
 244  29]","[ 29  29 245 252 252 252 253 252 252 252 252 252 252 252 252 252 252 252
 252 252 252 252 252 252 252 252 252 252 252 252 252 252 252 252 252 252
 252 252 252 252 252 252 252 252 252 252 252 252 252 252 252 252 252 252
 252 252 252 252 252 252 252 252 252 252 252 252 252 252 252 252 252 252
 252 252 252 252 252 252 252 252 252 252 252 252 252 252 252 252 252 252
 252 252 252 252 252 252 252 252 252 252 252 252 252 252 253 252 252 251
 251 243 122  67  48  47  41  39  36  30  30  31  31  32  33  35  40  45
  48  48  38  29  23  24  24  24  24  25  23  26  25  26  25  29  30  31
  31  30  31  32  35  38  41  49  64  74 105 248 250 251 253 252 252 252
 252 252 252 252 252 252 252 252 252 252 252 252 252 252 252 252 252 252
 252 252 252 252 252 252 252 252 252 252 252 252 252 252 252 252 251 252
 244  29]","[ 29  29 245 252 252 252 253 252 252 252 252 252 252 252 252 252 252 252
 252 252 252 252 252 252 252 252 252 252 252 252 252 252 252 252 252 252
 252 252 252 252 252 252 252 252 252 252 252 252 252 252 252 252 252 252
 252 252 252 252 252 252 252 252 252 252 252 252 252 252 252 252 252 252
 252 252 252 252 252 252 252 252 252 252 252 252 252 252 252 252 252 252
 252 252 252 252 252 252 252 252 252 252 252 252 252 252 253 250 250 253
 251 235 106  64  44  44  39  40  38  33  34  31  31  31  32  33  38  43
  47  48  42  31  23  23  23  23  25  26  25  26  22  24  30  28  28  31
  28  28  31  33  37  41  44  52  62  74 106 248 250 250 254 253 252 252
 252 252 252 252 252 252 252 252 252 252 252 252 252 252 252 252 252 252
 252 252 252 252 252 252 252 252 252 252 252 252 252 252 252 252 251 252
 244  29]","[ 29  29 245 252 252 252 253 252 252 252 252 252 252 252 252 252 252 252
 252 252 252 252 252 252 252 252 252 252 252 252 252 252 252 252 252 252
 252 252 252 252 252 252 252 252 252 252 252 252 252 252 252 252 252 252
 252 252 252 252 252 252 252 252 252 252 252 252 252 252 252 252 252 252
 252 252 252 252 252 252 252 252 252 252 252 252 252 252 252 252 252 252
 252 252 252 252 252 252 250 254 252 252 253 252 252 252 253 251 253 249
 252 217 100  69  58  51  46  41  36  33  32  31  29  30  31  33  36  40
  45  49  41  30  24  23  22  23  25  23  25  25  25  25  26  28  28  27
  25  26  30  34  38  42  47  52  63  71 104 248 251 252 252 253 252 252
 252 252 252 252 252 252 252 252 252 252 252 252 252 252 252 252 252 252
 252 252 252 252 252 252 252 252 252 252 252 252 252 252 252 252 251 252
 244  29]","[ 29  29 245 252 252 252 253 252 252 252 252 252 252 252 252 252 252 252
 252 252 252 252 252 252 252 252 252 252 252 252 252 252 252 252 252 252
 252 252 252 252 252 252 252 252 252 252 252 252 252 252 252 252 252 252
 252 252 252 252 252 252 252 252 252 252 252 252 252 252 252 252 252 252
 252 252 252 252 252 252 252 252 252 252 252 252 252 252 252 252 252 252
 252 252 252 252 252 252 253 251 249 251 252 252 253 253 252 251 249 253
 251 189 107  76  60  54  48  44  39  35  33  32  32  32  32  33  35  38
  42  45  44  31  24  24  24  24  25  24  24  25  25  24  24  26  28  28
  27  28  31  35  40  44  48  51  64  70 102 247 250 251 253 254 252 252
 252 252 252 252 252 252 252 252 252 252 252 252 252 252 252 252 252 252
 252 252 252 252 252 252 252 252 252 252 252 252 252 252 252 252 251 252
 244  29]","[ 29  29 245 252 252 252 253 252 252 252 252 252 252 252 252 252 252 252
 252 252 252 252 252 252 252 252 252 252 252 252 252 252 252 252 252 252
 252 252 252 252 252 252 252 252 252 252 252 252 252 252 252 252 252 252
 252 252 252 252 252 252 252 252 252 252 252 252 252 252 252 252 252 252
 252 252 252 252 252 252 252 252 252 252 252 252 252 252 252 252 252 252
 252 252 252 252 252 252 253 250 253 254 252 252 251 251 250 253 253 249
 240 164  80  52  54  48  45  43  40  38  37  35  35  35  34  34  34  35
  38  41  44  32  24  24  24  23  23  23  23  24  24  23  23  25  26  27
  27  28  31  35  40  45  48  49  61  65  99 244 249 251 253 253 252 252
 252 252 252 252 252 252 252 252 252 252 252 252 252 252 252 252 252 252
 252 252 252 252 252 252 252 252 252 252 252 252 252 252 252 252 251 252
 244  29]","[ 29  29 245 252 252 252 253 252 252 252 252 252 252 252 252 252 252 252
 252 252 252 252 252 252 252 252 252 252 252 252 252 252 252 252 252 252
 252 252 252 252 252 252 252 252 252 252 252 252 252 252 252 252 252 252
 252 252 252 252 252 252 252 252 252 252 252 252 252 252 252 252 252 252
 252 252 252 252 252 252 252 252 252 252 252 252 252 252 252 252 252 252
 252 252 252 252 252 252 252 251 253 251 250 253 252 253 253 249 250 246
 198 113  59  43  44  40  38  39  39  39  38  37  37  36  35  34  33  34
  37  40  42  34  27  25  24  25  25  24  23  24  25  25  24  25  25  25
  27  29  31  33  38  44  48  49  55  61  98 239 250 252 253 252 252 252
 252 252 252 252 252 252 252 252 252 252 252 252 252 252 252 252 252 252
 252 252 252 252 252 252 252 252 252 252 252 252 252 252 252 252 251 252
 244  29]","[ 29  29 245 252 252 252 253 252 252 252 252 252 252 252 252 252 252 252
 252 252 252 252 252 252 252 252 252 252 252 252 252 252 252 252 252 252
 252 252 252 252 252 252 252 252 252 252 252 252 252 252 252 252 252 252
 252 252 252 252 252 252 252 252 252 252 252 252 252 252 252 252 252 252
 252 252 252 252 252 252 252 252 252 252 252 252 252 252 252 252 252 252
 252 252 252 252 252 252 252 254 252 250 253 253 250 252 253 249 236 170
 109  69  40  38  40  36  35  37  36  36  36  35  37  35  34  33  33  34
  37  40  41  39  34  30  30  33  33  32  30  29  28  27  26  25  25  24
  28  30  32  33  37  44  50  52  52  60  96 229 252 253 253 252 252 252
 252 252 252 252 252 252 252 252 252 252 252 252 252 252 252 252 252 252
 252 252 252 252 252 252 252 252 252 252 252 252 252 252 252 252 251 252
 244  29]","[ 29  29 245 252 252 252 253 252 252 252 252 252 252 252 252 252 252 252
 252 252 252 252 252 252 252 252 252 252 252 252 252 252 252 252 252 252
 252 252 252 252 252 252 252 252 252 252 252 252 252 252 252 252 252 252
 252 252 252 252 252 252 252 252 252 252 252 252 252 252 252 252 252 252
 252 252 252 252 252 252 252 252 252 252 252 252 252 252 252 252 252 252
 252 252 252 252 252 252 251 254 252 254 254 251 252 253 245 211 142  85
  74  42  38  44  37  33  33  34  33  33  33  33  35  34  32  32  32  33
  36  39  40  41  38  35  37  40  39  38  37  34  31  29  27  25  24  24
  27  29  31  33  37  43  50  54  52  60  91 212 252 252 252 253 252 252
 252 252 252 252 252 252 252 252 252 252 252 252 252 252 252 252 252 252
 252 252 252 252 252 252 252 252 252 252 252 252 252 252 252 252 251 252
 244  29]","[ 29  29 245 252 252 252 253 252 252 252 252 252 252 252 252 252 252 252
 252 252 252 252 252 252 252 252 252 252 252 252 252 252 252 252 252 252
 252 252 252 252 252 252 252 252 252 252 252 252 252 252 252 252 252 252
 252 252 252 252 252 252 252 252 252 252 252 252 252 252 252 252 252 252
 252 252 252 252 252 252 252 252 252 252 252 252 252 252 252 252 252 252
 252 252 252 252 252 252 251 252 249 252 250 251 253 244 205 128  75  62
  68  47  40  37  33  30  30  31  29  30  31  32  33  32  30  30  29  31
  34  37  38  38  36  36  40  40  37  37  37  36  36  34  30  26  24  24
  26  27  29  33  38  43  49  53  52  60  84 194 253 253 251 253 252 252
 252 252 252 252 252 252 252 252 252 252 252 252 252 252 252 252 252 252
 252 252 252 252 252 252 252 252 252 252 252 252 252 252 252 252 251 252
 244  29]","[ 29  29 245 252 252 252 253 252 252 252 252 252 252 252 252 252 252 252
 252 252 252 252 252 252 252 252 252 252 252 252 252 252 252 252 252 252
 252 252 252 252 252 252 252 252 252 252 252 252 252 252 252 252 252 252
 252 252 252 252 252 252 252 252 252 252 252 252 252 252 252 252 252 252
 252 252 252 252 252 252 252 252 252 252 252 252 252 252 252 252 252 252
 252 252 252 252 252 252 252 253 251 254 252 251 244 202 107  66  52  64
  57  43  37  34  33  30  29  29  27  27  29  30  32  30  29  28  27  28
  31  34  37  35  31  34  39  36  31  32  35  37  39  39  35  28  25  25
  25  25  28  34  39  44  48  52  51  59  79 183 254 254 251 254 252 252
 252 252 252 252 252 252 252 252 252 252 252 252 252 252 252 252 252 252
 252 252 252 252 252 252 252 252 252 252 252 252 252 252 252 252 251 252
 244  29]","[ 29  29 245 252 252 252 253 252 252 252 252 252 252 252 252 252 252 252
 252 252 252 252 252 252 252 252 252 252 252 252 252 252 252 252 252 252
 252 252 252 252 252 252 252 252 252 252 252 252 252 252 252 252 252 252
 252 252 252 252 252 252 252 252 252 252 252 252 252 252 252 252 252 252
 252 252 252 252 252 252 252 252 252 252 252 252 252 252 252 252 252 252
 252 252 252 252 252 252 252 252 252 251 249 248 185 109  70  54  45  48
  47  39  32  30  33  31  29  27  26  27  29  31  30  27  25  25  28  31
  32  33  34  33  32  32  32  31  31  32  32  37  42  43  40  33  28  25
  24  26  29  34  40  44  47  48  49  63  75 168 250 254 253 252 252 252
 252 252 252 252 252 252 252 252 252 252 252 252 252 252 252 252 252 252
 252 252 252 252 252 252 252 252 252 252 252 252 252 252 252 252 251 252
 244  29]","[ 29  29 245 252 252 252 253 252 252 252 252 252 252 252 252 252 252 252
 252 252 252 252 252 252 252 252 252 252 252 252 252 252 252 252 252 252
 252 252 252 252 252 252 252 252 252 252 252 252 252 252 252 252 252 252
 252 252 252 252 252 252 252 252 252 252 252 252 252 252 252 252 252 252
 252 252 252 252 252 252 252 252 252 252 252 252 252 252 252 252 252 252
 252 252 252 252 252 252 251 252 248 251 249 199 118  71  60  46  39  42
  43  38  33  31  30  29  27  25  26  27  27  28  27  25  24  25  28  30
  32  32  32  31  30  30  29  28  28  29  32  36  40  41  42  40  34  26
  27  27  30  34  40  44  47  48  49  62  72 157 249 253 255 255 252 252
 252 252 252 252 252 252 252 252 252 252 252 252 252 252 252 252 252 252
 252 252 252 252 252 252 252 252 252 252 252 252 252 252 252 252 251 252
 244  29]","[ 29  29 245 252 252 252 253 252 252 252 252 252 252 252 252 252 252 252
 252 252 252 252 252 252 252 252 252 252 252 252 252 252 252 252 252 252
 252 252 252 252 252 252 252 252 252 252 252 252 252 252 252 252 252 252
 252 252 252 252 252 252 252 252 252 252 252 252 252 252 252 252 252 252
 252 252 252 252 252 252 252 252 252 252 252 252 252 252 252 252 252 252
 252 252 252 252 252 252 254 253 252 251 215 115  69  57  53  42  35  37
  38  36  32  30  27  26  24  25  26  26  25  24  24  24  24  26  27  29
  29  30  30  29  28  28  27  26  27  29  32  37  40  40  43  47  42  33
  30  29  31  36  41  44  45  47  46  59  70 151 249 249 253 253 252 252
 252 252 252 252 252 252 252 252 252 252 252 252 252 252 252 252 252 252
 252 252 252 252 252 252 252 252 252 252 252 252 252 252 252 252 251 252
 244  29]","[ 29  29 245 252 252 252 253 252 252 252 252 252 252 252 252 252 252 252
 252 252 252 252 252 252 252 252 252 252 252 252 252 252 252 252 252 252
 252 252 252 252 252 252 252 252 252 252 252 252 252 252 252 252 252 252
 252 252 252 252 252 252 252 252 252 252 252 252 252 252 252 252 252 252
 252 252 252 252 252 252 252 252 252 252 252 252 252 252 252 252 252 252
 252 252 252 252 252 252 251 254 253 220 131  75  60  51  49  40  34  34
  34  33  31  27  25  24  24  25  25  25  24  23  23  24  24  25  26  26
  26  26  27  27  27  27  26  26  28  30  31  37  41  39  41  46  46  42
  35  32  33  38  43  43  43  44  46  59  75 164 253 253 254 252 252 252
 252 252 252 252 252 252 252 252 252 252 252 252 252 252 252 252 252 252
 252 252 252 252 252 252 252 252 252 252 252 252 252 252 252 252 251 252
 244  29]","[ 29  29 245 252 252 252 253 252 252 252 252 252 252 252 252 252 252 252
 252 252 252 252 252 252 252 252 252 252 252 252 252 252 252 252 252 252
 252 252 252 252 252 252 252 252 252 252 252 252 252 252 252 252 252 252
 252 252 252 252 252 252 252 252 252 252 252 252 252 252 252 252 252 252
 252 252 252 252 252 252 252 252 252 252 252 252 252 252 252 252 252 252
 252 252 252 252 252 252 253 248 236 159  80  58  51  51  43  37  32  30
  30  31  30  27  24  24  25  25  25  25  24  24  24  24  24  25  25  24
  25  25  25  25  25  25  25  25  28  30  31  35  37  36  37  41  45  47
  42  38  36  38  41  40  40  41  44  55  76 181 253 254 253 252 252 252
 252 252 252 252 252 252 252 252 252 252 252 252 252 252 252 252 252 252
 252 252 252 252 252 252 252 252 252 252 252 252 252 252 252 252 251 252
 244  29]","[ 29  29 245 252 252 252 253 252 252 252 252 252 252 252 252 252 252 252
 252 252 252 252 252 252 252 252 252 252 252 252 252 252 252 252 252 252
 252 252 252 252 252 252 252 252 252 252 252 252 252 252 252 252 252 252
 252 252 252 252 252 252 252 252 252 252 252 252 252 252 252 252 252 252
 252 252 252 252 252 252 252 252 252 252 252 252 252 252 252 252 252 252
 252 252 252 252 252 252 251 249 184  90  59  56  49  46  40  36  32  30
  29  30  30  27  24  25  25  25  25  25  25  25  24  24  24  24  24  24
  24  25  25  25  24  24  24  24  26  28  32  32  32  33  35  39  43  47
  49  44  40  38  37  35  36  39  41  50  72 184 251 254 252 252 252 252
 252 252 252 252 252 252 252 252 252 252 252 252 252 252 252 252 252 252
 252 252 252 252 252 252 252 252 252 252 252 252 252 252 252 252 251 252
 244  29]","[ 29  29 245 252 252 252 253 252 252 252 252 252 252 252 252 252 252 252
 252 252 252 252 252 252 252 252 252 252 252 252 252 252 252 252 252 252
 252 252 252 252 252 252 252 252 252 252 252 252 252 252 252 252 252 252
 252 252 252 252 252 252 252 252 252 252 252 252 252 252 252 252 252 252
 252 252 252 252 252 252 252 252 252 252 252 252 252 252 252 252 252 252
 252 252 252 252 252 252 250 203 100  62  53  53  41  41  39  35  32  30
  28  28  28  26  24  24  24  25  25  25  24  24  25  25  24  24  24  24
  25  25  26  25  25  24  24  24  25  26  30  30  30  31  33  37  42  46
  49  48  45  40  35  32  34  37  46  52  72 179 251 254 254 254 252 252
 252 252 252 252 252 252 252 252 252 252 252 252 252 252 252 252 252 252
 252 252 252 252 252 252 252 252 252 252 252 252 252 252 252 252 251 252
 244  29]","[ 29  29 245 252 252 252 253 252 252 252 252 252 252 252 252 252 252 252
 252 252 252 252 252 252 252 252 252 252 252 252 252 252 252 252 252 252
 252 252 252 252 252 252 252 252 252 252 252 252 252 252 252 252 252 252
 252 252 252 252 252 252 252 252 252 252 252 252 252 252 252 252 252 252
 252 252 252 252 252 252 252 252 252 252 252 252 252 252 252 252 252 252
 252 252 252 252 252 251 234 134  76  55  53  43  45  36  36  32  30  28
  26  26  26  24  24  23  23  24  25  25  24  22  26  25  25  24  24  25
  24  24  26  25  24  24  24  24  24  25  25  28  30  30  31  35  41  45
  46  49  49  44  36  31  33  37  49  54  72 170 253 251 253 252 252 252
 252 252 252 252 252 252 252 252 252 252 252 252 252 252 252 252 252 252
 252 252 252 252 252 252 252 252 252 252 252 252 252 252 252 252 251 252
 244  29]","[ 29  29 245 252 252 252 253 252 252 252 252 252 252 252 252 252 252 252
 252 252 252 252 252 252 252 252 252 252 252 252 252 252 252 252 252 252
 252 252 252 252 252 252 252 252 252 252 252 252 252 252 252 252 252 252
 252 252 252 252 252 252 252 252 252 252 252 252 252 252 252 252 252 252
 252 252 252 252 252 252 252 252 252 252 252 252 252 252 252 252 251 253
 251 251 252 252 253 250 171  89  56  50  48  38  35  33  35  32  31  31
  29  25  23  24  25  22  22  24  25  24  23  24  24  24  24  24  24  24
  24  24  25  24  24  24  25  25  26  25  25  26  27  29  30  32  36  40
  46  47  48  49  45  38  37  43  59  61  73 147 244 249 255 250 252 252
 252 252 252 252 252 252 252 252 252 252 252 252 252 252 252 252 252 252
 252 252 252 252 252 252 252 252 252 252 252 252 252 252 252 252 251 252
 244  29]","[ 29  29 245 252 252 252 253 252 252 252 252 252 252 252 252 252 252 252
 252 252 252 252 252 252 252 252 252 252 252 252 252 252 252 252 252 252
 252 252 252 252 252 252 252 252 252 252 252 252 252 252 252 252 252 252
 252 252 252 252 252 252 252 252 252 252 252 252 252 252 252 252 252 252
 252 252 252 252 252 252 252 252 252 252 252 252 252 252 252 252 253 251
 252 253 252 247 253 217 103  55  47  44  41  36  36  32  33  33  32  31
  29  27  25  25  24  22  21  23  23  23  24  25  24  23  23  23  23  23
  24  24  25  25  25  25  25  25  25  25  24  25  26  27  28  31  35  39
  39  43  47  50  52  49  50  54  60  67  70 104 240 253 253 253 252 252
 252 252 252 252 252 252 252 252 252 252 252 252 252 252 252 252 252 252
 252 252 252 252 252 252 252 252 252 252 252 252 252 252 252 252 251 252
 244  29]","[ 29  29 245 252 252 252 253 252 252 252 252 252 252 252 252 252 252 252
 252 252 252 252 252 252 252 252 252 252 252 252 252 252 252 252 252 252
 252 252 252 252 252 252 252 252 252 252 252 252 252 252 252 252 252 252
 252 252 252 252 252 252 252 252 252 252 252 252 252 252 252 252 252 252
 252 252 252 252 252 252 252 252 252 252 252 252 252 252 252 252 252 251
 253 252 252 251 249 155  75  48  49  44  37  33  32  26  30  32  33  30
  28  27  26  24  24  22  21  21  20  20  21  24  24  23  21  21  22  23
  23  24  24  25  25  25  25  24  24  24  24  24  24  24  25  28  33  37
  39  43  46  48  51  53  53  55  65  69  71  96 227 251 249 254 252 252
 252 252 252 252 252 252 252 252 252 252 252 252 252 252 252 252 252 252
 252 252 252 252 252 252 252 252 252 252 252 252 252 252 252 252 251 252
 244  29]","[ 29  29 245 252 252 252 253 252 252 252 252 252 252 252 252 252 252 252
 252 252 252 252 252 252 252 252 252 252 252 252 252 252 252 252 252 252
 252 252 252 252 252 252 252 252 252 252 252 252 252 252 252 252 252 252
 252 252 252 252 252 252 252 252 252 252 252 252 252 252 252 252 252 252
 252 252 252 252 252 252 252 252 252 252 252 252 252 252 252 252 251 251
 253 251 252 253 232 107  65  43  42  36  31  29  29  27  27  29  31  31
  28  26  25  24  24  23  22  20  18  17  18  21  23  21  20  21  22  22
  22  23  22  23  24  25  24  24  24  24  25  24  23  23  24  26  30  33
  35  38  40  43  47  50  52  56  62  64  64  88 194 250 254 254 252 252
 252 252 252 252 252 252 252 252 252 252 252 252 252 252 252 252 252 252
 252 252 252 252 252 252 252 252 252 252 252 252 252 252 252 252 251 252
 244  29]","[ 29  29 245 252 252 252 253 252 252 252 252 252 252 252 252 252 252 252
 252 252 252 252 252 252 252 252 252 252 252 252 252 252 252 252 252 252
 252 252 252 252 252 252 252 252 252 252 252 252 252 252 252 252 252 252
 252 252 252 252 252 252 252 252 252 252 252 252 252 252 252 252 252 252
 252 252 252 252 252 252 252 252 252 252 252 252 252 252 252 252 253 251
 253 253 251 249 197  90  65  51  47  39  30  26  25  25  25  26  30  32
  30  26  24  25  25  24  23  21  18  17  17  19  20  19  19  20  21  21
  20  20  20  21  23  24  24  24  24  24  25  24  24  24  24  25  28  30
  32  34  36  40  44  45  49  55  59  66  70  82 173 249 251 254 252 252
 252 252 252 252 252 252 252 252 252 252 252 252 252 252 252 252 252 252
 252 252 252 252 252 252 252 252 252 252 252 252 252 252 252 252 251 252
 244  29]","[ 29  29 245 252 252 252 253 252 252 252 252 252 252 252 252 252 252 252
 252 252 252 252 252 252 252 252 252 252 252 252 252 252 252 252 252 252
 252 252 252 252 252 252 252 252 252 252 252 252 252 252 252 252 252 252
 252 252 252 252 252 252 252 252 252 252 252 252 252 252 252 252 252 252
 252 252 252 252 252 252 252 252 252 252 252 252 252 252 252 252 253 251
 253 252 250 245 157  74  52  47  43  34  29  28  26  24  24  24  27  31
  30  26  24  25  24  24  23  21  19  18  17  17  17  17  17  19  19  19
  18  17  19  20  21  22  23  24  24  24  24  24  24  25  26  26  28  29
  32  33  35  39  42  41  43  48  51  60  68  76 151 250 251 250 253 252
 252 252 252 252 252 252 252 252 252 252 252 252 252 252 252 252 252 252
 252 252 252 252 252 252 252 252 252 252 252 252 252 252 252 252 251 252
 244  29]","[ 29  29 245 252 252 252 253 252 252 252 252 252 252 252 252 252 252 252
 252 252 252 252 252 252 252 252 252 252 252 252 252 252 252 252 252 252
 252 252 252 252 252 252 252 252 252 252 252 252 252 252 252 252 252 252
 252 252 252 252 252 252 252 252 252 252 252 252 252 252 252 252 252 252
 252 252 252 252 252 252 252 252 252 252 252 252 252 252 252 252 251 251
 253 251 251 237 121  59  50  46  38  31  31  31  25  23  24  24  25  28
  29  27  25  24  24  23  21  20  19  19  18  17  17  17  17  18  18  17
  17  17  18  19  20  21  23  24  24  24  25  25  25  26  27  27  28  29
  28  31  33  35  39  40  41  44  47  54  57  59 108 209 250 253 253 253
 252 252 252 252 252 252 252 252 252 252 252 252 252 252 252 252 252 252
 252 252 252 252 252 252 252 252 252 252 252 252 252 252 252 252 251 252
 244  29]","[ 29  29 245 252 252 252 253 252 252 252 252 252 252 252 252 252 252 252
 252 252 252 252 252 252 252 252 252 252 252 252 252 252 252 252 252 252
 252 252 252 252 252 252 252 252 252 252 252 252 252 252 252 252 252 252
 252 252 252 252 252 252 252 252 252 252 252 252 252 252 252 252 252 252
 252 252 252 252 252 252 252 252 252 252 252 252 252 252 252 252 254 250
 252 254 251 222  98  58  45  41  34  31  32  30  24  26  25  25  26  26
  28  29  27  24  25  24  21  20  20  20  19  17  18  17  17  17  17  17
  17  18  18  19  19  21  22  24  24  24  26  26  26  27  27  27  27  28
  29  32  32  31  35  39  40  40  45  46  54  48  60  88 192 247 253 253
 253 252 252 252 252 252 252 252 252 252 252 252 252 252 252 252 252 252
 252 252 252 252 252 252 252 252 252 252 252 252 252 252 252 252 251 252
 244  29]","[ 29  29 246 252 252 252 253 252 252 252 252 252 252 252 252 252 252 252
 252 252 252 252 252 252 252 252 252 252 252 252 252 252 252 252 252 252
 252 252 252 252 252 252 252 252 252 252 252 252 252 252 252 252 252 252
 252 252 252 252 252 252 252 252 252 252 252 252 252 252 252 252 252 252
 252 252 252 252 252 252 252 252 252 252 252 252 252 252 252 252 253 252
 254 250 253 208  87  63  52  42  33  31  30  27  25  25  24  23  23  24
  25  25  24  24  23  22  22  21  20  18  17  16  17  17  16  16  17  18
  18  18  19  19  20  22  24  24  24  24  24  24  25  26  25  24  25  27
  29  29  29  30  33  35  36  37  40  46  50  55  54  62  85 176 246 250
 252 254 252 253 251 252 252 252 252 252 252 252 252 252 252 252 252 252
 252 252 252 252 252 252 252 252 252 252 252 252 252 252 252 252 251 252
 244  29]","[ 29  29 246 252 252 252 253 252 252 252 252 252 252 252 252 252 252 252
 252 252 252 252 252 252 252 252 252 252 252 252 252 252 252 252 252 252
 252 252 252 252 252 252 252 252 252 252 252 252 252 252 252 252 252 252
 252 252 252 252 252 252 252 252 252 252 252 252 252 252 252 252 252 252
 252 252 252 252 252 252 252 252 252 252 252 252 252 252 252 252 251 253
 254 250 252 196  84  60  50  43  35  32  30  26  24  23  24  23  21  22
  23  24  24  23  22  21  20  20  20  19  19  19  18  17  17  18  19  19
  19  19  19  19  20  21  21  22  23  25  24  23  24  25  25  24  26  28
  30  30  30  30  31  33  35  36  39  45  47  52  56  59  61  96 184 251
 253 252 253 249 253 252 252 252 252 252 252 252 252 252 252 252 252 252
 252 252 252 252 252 252 252 252 252 252 252 252 252 252 252 252 251 252
 244  29]","[ 29  29 245 251 252 252 253 252 252 252 252 252 252 252 252 252 252 252
 252 252 252 252 252 252 252 252 252 252 252 252 252 252 252 252 252 252
 252 252 252 252 252 252 252 252 252 252 252 252 252 252 252 252 252 252
 252 252 252 252 252 252 252 252 252 252 252 252 252 252 252 252 252 252
 252 252 252 252 252 252 252 252 252 252 252 252 252 252 252 252 251 253
 253 251 251 179  79  61  44  40  34  30  27  24  23  23  24  22  19  19
  22  24  24  23  23  21  20  20  19  18  18  19  17  17  17  18  19  20
  19  19  18  18  18  19  18  19  22  25  25  24  24  24  25  26  27  29
  30  29  29  29  30  31  33  34  35  40  40  45  52  60  66  67 108 225
 252 252 253 250 253 251 252 252 252 252 252 252 252 252 252 252 252 252
 252 252 252 252 252 252 252 252 252 252 252 252 252 252 252 252 251 252
 244  29]","[ 29  29 245 252 252 252 253 252 252 252 252 252 252 252 252 252 252 252
 252 252 252 252 252 252 252 252 252 252 252 252 252 252 252 252 252 252
 252 252 252 252 252 252 252 252 252 252 252 252 252 252 252 252 252 252
 252 252 252 252 252 252 252 252 252 252 252 252 252 252 252 252 252 252
 252 252 252 252 252 252 252 252 252 252 252 252 252 252 252 252 252 251
 252 253 251 171  75  64  42  39  33  27  24  23  24  24  22  20  18  18
  20  23  24  24  23  21  20  20  19  17  17  17  16  16  16  17  18  19
  19  19  18  17  17  16  16  17  20  23  25  25  25  25  27  28  29  29
  28  27  27  28  29  31  32  33  36  40  41  46  46  53  64  65  78 183
 250 253 250 254 252 252 252 252 252 252 252 252 252 252 252 252 252 252
 252 252 252 252 252 252 252 252 252 252 252 252 252 252 252 252 251 252
 244  29]","[ 29  29 246 252 252 252 253 252 252 252 252 252 252 252 252 252 252 252
 252 252 252 252 252 252 252 252 252 252 252 252 252 252 252 252 252 252
 252 252 252 252 252 252 252 252 252 252 252 252 252 252 252 252 252 252
 252 252 252 252 252 252 252 252 252 252 252 252 252 252 252 252 252 252
 252 252 252 252 252 252 252 252 252 252 252 252 252 252 252 252 253 251
 251 252 252 175  74  59  43  40  34  27  24  23  22  21  19  18  17  17
  19  21  23  24  21  21  20  20  19  18  18  18  17  17  17  17  18  19
  20  20  19  18  16  16  16  16  18  20  23  24  25  26  28  29  29  28
  26  25  25  26  29  30  31  30  32  34  36  44  44  53  61  73  85 160
 250 253 250 254 250 253 252 252 252 252 252 252 252 252 252 252 252 252
 252 252 252 252 252 252 252 252 252 252 252 252 252 252 252 252 251 252
 244  29]","[ 29  29 246 252 252 252 253 252 252 252 252 252 252 252 252 252 252 252
 252 252 252 252 252 252 252 252 252 252 252 252 252 252 252 252 252 252
 252 252 252 252 252 252 252 252 252 252 252 252 252 252 252 252 252 252
 252 252 252 252 252 252 252 252 252 252 252 252 252 252 252 252 252 252
 252 252 252 252 252 252 252 252 252 252 252 252 252 252 252 252 252 252
 251 251 253 176  72  47  37  34  30  27  25  24  21  18  18  17  17  17
  17  19  22  23  23  22  22  21  20  18  17  17  17  17  17  17  18  19
  20  20  20  19  17  16  16  16  17  17  20  22  24  26  28  29  28  27
  25  24  24  25  28  29  28  27  36  37  36  40  42  50  55  70  81 154
 249 251 253 253 250 253 252 252 252 252 252 252 252 252 252 252 252 252
 252 252 252 252 252 252 252 252 252 252 252 252 252 252 252 252 251 252
 244  29]","[ 29  29 246 252 252 252 253 252 252 252 252 252 252 252 252 252 252 252
 252 252 252 252 252 252 252 252 252 252 252 252 252 252 252 252 252 252
 252 252 252 252 252 252 252 252 252 252 252 252 252 252 252 252 252 252
 252 252 252 252 252 252 252 252 252 252 252 252 252 252 252 252 252 252
 252 252 252 252 252 252 252 252 252 252 252 252 252 252 252 252 251 252
 251 251 251 160  65  40  31  28  26  25  25  24  22  20  20  19  17  17
  18  19  21  22  24  23  22  21  20  18  17  17  16  16  16  17  18  18
  18  18  20  19  18  17  17  17  18  19  21  22  24  24  25  27  27  25
  24  24  24  25  26  26  27  27  28  31  35  38  43  48  54  65  69 154
 249 251 253 254 251 252 252 252 252 252 252 252 252 252 252 252 252 252
 252 252 252 252 252 252 252 252 252 252 252 252 252 252 252 252 251 252
 244  29]","[ 29  29 246 252 252 252 253 252 252 252 252 252 252 252 252 252 252 252
 252 252 252 252 252 252 252 252 252 252 252 252 252 252 252 252 252 252
 252 252 252 252 252 252 252 252 252 252 252 252 252 252 252 252 252 252
 252 252 252 252 252 252 252 252 252 252 252 252 252 252 252 252 252 252
 252 252 252 252 252 252 252 252 252 252 252 252 252 252 252 252 252 253
 251 252 248 139  56  40  32  28  26  25  26  25  24  23  23  20  18  17
  18  20  22  22  22  21  20  20  19  18  18  18  16  16  17  17  18  18
  18  17  18  18  18  18  17  17  20  22  23  24  24  23  24  25  25  24
  23  24  24  24  24  24  26  27  31  31  33  35  43  46  59  65  71 160
 252 253 249 254 252 252 252 252 252 252 252 252 252 252 252 252 252 252
 252 252 252 252 252 252 252 252 252 252 252 252 252 252 252 252 251 252
 244  29]","[ 29  32 244 251 252 254 250 252 251 251 252 253 253 252 252 252 252 252
 252 252 253 252 251 252 252 252 253 253 252 253 253 251 253 253 252 251
 251 251 252 252 252 252 252 252 252 251 251 252 252 253 252 252 253 252
 251 252 253 252 252 253 252 251 253 252 252 252 252 252 252 252 252 253
 252 253 253 252 252 253 252 251 251 252 253 252 252 252 252 252 253 251
 248 253 239 120  48  44  33  30  27  27  28  26  24  23  22  21  20  19
  18  18  20  23  23  23  22  20  19  19  18  18  18  17  16  17  17  17
  17  17  17  17  17  16  17  19  21  22  25  25  24  24  24  24  24  24
  25  25  25  24  24  25  25  26  30  29  33  35  40  48  58  67  76 180
 253 252 250 251 254 251 252 252 252 252 252 252 252 252 252 252 252 252
 252 252 252 252 252 252 252 252 252 252 252 252 252 252 252 252 251 251
 244  29]","[ 28  28 246 253 253 250 254 250 254 253 252 252 252 252 253 254 249 252
 253 252 252 251 252 254 252 251 252 252 251 252 252 251 251 252 253 253
 253 253 253 253 251 252 253 254 253 252 252 252 252 252 251 250 251 252
 252 254 251 251 251 252 251 251 253 253 251 252 253 253 253 252 252 252
 251 251 251 251 252 252 253 253 252 252 252 252 252 252 252 252 252 253
 252 252 234 108  43  43  35  30  27  26  26  25  23  22  21  20  20  19
  18  17  17  20  23  22  21  19  18  18  19  19  17  16  15  16  17  17
  17  17  17  16  16  17  19  22  24  24  25  24  24  24  24  24  24  24
  25  25  25  24  24  24  26  27  28  29  33  36  41  49  58  64  82 199
 249 252 252 251 252 252 252 252 252 252 252 252 252 252 252 252 252 252
 252 252 252 252 252 252 252 252 252 252 252 252 252 252 252 252 251 251
 244  29]","[ 31  26 248 250 250 254 251 252 250 251 252 253 253 252 250 250 253 253
 251 251 253 253 251 251 253 253 253 253 252 252 253 252 253 252 252 251
 251 251 251 251 252 252 252 251 250 250 251 252 252 253 253 253 254 253
 251 251 253 253 253 253 252 252 252 252 252 252 252 251 251 251 252 253
 253 252 252 252 252 251 252 253 253 252 252 252 252 252 252 252 252 253
 251 250 236 103  42  40  35  30  26  25  25  24  23  22  21  20  20  19
  18  16  17  18  21  21  20  19  19  20  21  20  18  17  16  16  17  16
  17  17  16  16  16  17  21  24  25  24  25  24  24  24  25  25  25  24
  25  25  25  24  24  25  26  26  27  30  32  37  40  49  58  60  93 228
 249 252 253 253 251 252 252 252 252 252 252 252 252 252 252 252 252 252
 252 252 252 252 252 252 252 252 252 252 252 252 252 252 252 252 251 251
 244  29]","[ 30  30 246 252 252 254 247 253 253 253 252 252 252 252 253 253 250 252
 252 251 251 251 251 253 252 252 251 251 252 252 251 252 252 252 252 252
 253 253 254 254 251 252 252 252 252 253 253 253 251 252 250 249 251 252
 252 254 250 251 252 251 252 253 251 253 252 253 253 252 251 252 252 253
 253 252 252 252 252 250 251 252 252 251 251 252 252 252 252 252 251 252
 252 250 235  97  43  43  34  29  25  24  25  24  24  24  22  20  19  18
  17  16  17  19  19  20  20  21  21  22  21  20  19  18  17  17  16  16
  16  17  16  16  16  17  20  23  24  24  25  25  24  25  26  26  25  24
  23  24  25  26  26  26  26  26  28  32  32  38  40  48  57  59 107 246
 252 252 251 254 253 251 252 252 252 252 252 252 252 252 252 252 252 252
 252 252 252 252 252 252 252 252 252 252 252 252 252 252 252 252 251 251
 244  29]","[ 28  31 244 252 251 250 252 253 251 250 251 251 251 251 251 251 252 252
 251 250 252 252 251 251 252 253 252 252 254 253 251 254 251 251 253 253
 253 253 252 251 252 253 254 254 253 252 251 249 252 254 253 253 254 253
 252 252 252 253 254 251 252 253 250 252 250 252 253 253 253 253 252 250
 251 251 252 253 253 252 253 253 252 252 252 253 253 252 252 253 253 252
 250 251 236 102  46  41  32  28  24  24  25  25  24  24  22  20  18  18
  17  16  17  18  17  18  20  20  21  22  21  21  19  18  17  16  15  15
  15  16  16  17  18  19  20  22  23  24  25  25  24  25  26  26  25  24
  23  24  25  25  26  27  28  28  29  33  32  38  41  48  55  64 135 249
 252 251 251 255 253 252 252 252 252 252 252 252 252 252 252 252 252 252
 252 252 252 252 252 252 252 252 252 252 252 252 252 252 251 252 252 252
 243  29]","[ 30  24 248 253 253 251 251 250 250 250 250 249 249 249 249 250 248 251
 251 250 251 251 251 251 249 251 250 250 253 251 249 253 254 254 253 252
 251 252 253 254 254 253 252 251 253 254 254 254 254 254 252 251 252 252
 251 254 254 255 255 251 253 254 252 254 254 254 252 252 252 254 254 254
 252 254 254 254 252 253 252 252 253 253 253 254 254 253 253 253 252 251
 250 251 230 103  44  37  32  28  24  24  25  25  24  24  22  20  19  20
  19  17  16  16  18  19  19  19  20  21  22  22  19  18  17  16  15  15
  16  17  16  18  21  21  21  22  24  25  25  24  24  25  25  26  25  24
  25  24  24  23  24  26  29  31  30  33  33  39  42  49  54  73 175 250
 253 253 254 255 252 253 253 253 253 252 252 252 251 251 252 252 252 252
 252 252 252 252 252 252 252 252 252 252 252 252 252 252 251 252 252 252
 243  29]","[ 30  30 237 241 236 214 181 166 160 166 175 180 179 172 164 160 172 182
 189 188 184 184 190 197 202 205 204 205 209 206 203 207 203 203 202 201
 202 206 211 214 213 213 211 211 216 223 227 228 221 218 213 210 213 218
 224 230 233 232 232 228 235 242 238 244 244 242 238 235 237 241 244 243
 246 248 248 246 244 244 242 240 246 246 246 247 246 246 248 250 247 251
 250 243 203  92  41  41  32  28  24  24  24  24  23  23  22  20  19  20
  20  18  16  16  18  19  20  19  19  20  22  23  19  18  17  16  15  15
  16  17  17  20  23  24  24  24  25  25  24  24  24  25  25  25  24  24
  25  24  23  23  24  26  29  31  31  34  35  41  45  50  51  82 199 251
 253 254 253 254 250 253 253 253 253 253 253 253 253 253 253 252 252 252
 252 252 252 253 253 252 252 252 252 252 252 253 252 252 251 252 252 252
 243  29]","[ 30  28 157 147 144 127 118 116 118 118 118 116 114 113 114 116 116 118
 118 119 122 124 122 120 125 127 127 129 133 130 127 131 128 129 131 131
 130 130 131 132 137 137 136 137 140 144 144 142 138 139 137 135 137 137
 138 140 150 148 145 139 146 153 149 155 156 155 153 152 155 158 157 154
 157 162 162 159 156 157 155 152 161 160 161 162 162 162 165 169 168 168
 163 163 140  66  33  38  31  27  23  23  24  24  23  23  22  19  17  18
  18  17  17  17  16  18  20  20  19  19  20  20  19  18  16  15  14  13
  14  16  17  21  24  25  25  25  24  23  23  24  24  24  24  24  24  24
  24  24  24  24  25  26  27  28  32  35  37  42  46  51  49  88 198 246
 251 251 248 252 250 253 252 252 252 253 253 254 254 254 253 253 252 252
 252 252 253 253 253 253 252 252 252 252 253 253 252 252 251 252 252 252
 243  29]","[ 29  31 122 118 110 110 110 113 113 113 113 113 114 115 115 114 117 117
 116 116 117 116 115 114 119 120 121 121 120 119 119 120 119 122 123 123
 122 123 122 120 123 122 121 123 125 125 124 123 123 126 127 125 125 125
 124 122 123 124 125 127 129 131 131 130 130 131 132 130 129 129 130 131
 131 130 129 129 132 134 133 129 128 131 132 130 129 130 130 129 131 127
 126 130 116  59  43  35  32  29  26  24  23  24  23  19  19  20  19  18
  18  18  18  17  18  18  18  19  19  18  17  18  18  16  15  14  14  13
  15  18  20  22  24  25  24  24  24  24  24  24  24  24  24  24  24  23
  25  24  24  24  26  27  29  30  31  38  38  43  48  51  48  82 155 177
 189 192 189 188 194 195 195 194 195 198 199 198 198 200 204 207 209 207
 205 205 208 212 217 215 212 209 209 209 209 209 210 210 207 210 204 207
 206  30]","[ 29  27 114 113 111 114 113 113 113 113 113 114 114 115 115 115 116 116
 117 118 117 117 116 115 117 117 118 120 121 121 122 123 121 122 121 118
 117 119 120 120 122 121 121 123 124 124 123 123 124 126 125 124 124 126
 127 127 128 129 129 129 128 129 129 128 130 131 130 128 127 128 130 132
 130 131 130 130 131 133 132 130 132 135 136 134 133 135 136 135 133 133
 132 135 114  60  41  33  32  30  28  26  24  24  23  20  21  21  21  20
  20  20  19  18  17  16  16  17  17  17  16  17  18  15  14  14  14  14
  16  19  22  23  24  24  25  25  25  24  24  24  24  24  25  25  25  24
  23  23  23  24  25  27  30  32  33  37  39  42  46  52  50  90 150 148
 143 143 145 148 150 146 148 146 147 150 150 149 149 151 148 149 150 149
 148 148 151 153 154 153 151 150 151 152 152 151 150 157 149 150 152 148
 152  27]","[ 30  27 110 110 111 115 113 112 112 112 112 112 113 113 114 114 113 115
 117 117 117 116 115 115 116 115 116 117 119 119 119 120 119 120 119 117
 116 117 117 117 119 119 120 122 123 122 121 121 123 123 123 122 122 125
 127 127 126 128 129 128 127 127 128 129 129 129 129 127 127 128 130 131
 129 131 132 130 130 131 131 131 131 133 133 131 131 133 134 133 129 131
 130 135 111  60  38  30  30  29  29  27  24  23  23  21  22  22  22  22
  22  21  19  17  16  15  16  16  16  16  16  17  17  15  14  14  15  16
  18  20  24  24  24  24  25  25  25  24  24  24  24  24  24  25  24  24
  24  24  24  24  25  27  30  33  34  36  40  43  47  55  54 104 152 148
 151 153 151 151 152 153 153 152 152 154 154 153 153 154 151 151 150 150
 150 151 152 152 153 154 154 154 155 156 155 154 156 156 152 154 157 156
 150  31]","[ 30  29 111 109 109 111 110 111 110 110 110 110 110 111 111 111 111 112
 114 115 115 114 113 113 114 114 115 116 116 116 115 116 117 117 117 116
 116 117 117 116 117 118 120 121 122 121 119 119 120 121 122 122 122 123
 124 124 123 125 127 126 126 127 128 129 127 128 128 128 128 129 129 129
 129 131 131 130 129 130 130 130 131 132 132 130 130 131 132 132 131 130
 129 134 114  63  40  32  30  28  27  26  24  24  24  23  22  22  22  22
  22  21  18  16  16  16  16  16  16  16  17  17  17  16  15  15  15  16
  19  21  24  25  25  24  24  25  25  24  24  24  24  24  24  24  24  24
  24  25  25  25  25  26  29  31  36  41  44  46  50  52  52 115 151 143
 148 151 150 153 153 153 153 152 152 153 153 152 153 154 155 154 153 153
 154 155 155 154 154 155 155 156 156 157 156 155 158 154 158 157 151 156
 156  27]","[ 28  28 109 107 108 109 109 110 110 110 110 110 109 109 110 110 111 111
 111 112 112 112 112 111 111 112 115 116 116 115 115 116 117 117 115 114
 114 116 117 118 117 118 119 121 121 119 118 118 119 121 122 123 123 123
 123 122 124 125 126 126 126 126 127 126 127 127 127 127 128 129 129 128
 129 130 130 130 129 129 130 130 131 132 132 131 131 132 132 132 134 130
 131 133 117  60  37  33  31  28  26  25  24  25  25  24  21  21  21  22
  21  19  17  15  17  17  17  17  17  17  17  17  16  17  17  16  15  16
  19  22  24  25  26  25  24  24  24  25  25  24  24  24  24  23  23  23
  24  25  25  25  24  24  26  29  33  41  43  46  52  49  61 131 155 146
 148 149 149 154 153 151 151 150 150 151 151 151 152 153 155 154 153 153
 153 154 154 154 153 153 154 153 154 154 153 152 154 153 155 153 153 151
 155  30]","[ 29  29 106 105 109 109 108 107 110 110 110 109 109 109 109 110 112 111
 110 110 111 112 112 111 112 113 115 116 116 114 115 116 116 115 115 115
 115 116 116 116 116 116 117 119 119 118 118 118 120 121 122 122 122 122
 123 123 124 124 125 125 126 126 126 125 128 127 126 125 125 127 129 129
 130 129 129 129 130 130 130 129 130 131 131 131 131 132 133 132 132 129
 131 131 118  58  33  35  32  27  24  24  24  24  24  22  20  20  21  22
  21  18  16  16  18  18  18  17  17  17  18  17  16  17  17  16  16  17
  20  22  23  25  26  25  24  23  24  24  24  24  24  24  23  23  23  23
  23  24  25  24  24  25  27  30  31  39  40  44  51  47  79 146 148 147
 152 152 149 152 153 152 152 151 151 152 152 152 153 154 154 154 154 154
 154 154 154 154 154 155 155 154 154 155 155 154 154 155 153 153 159 153
 155  25]","[ 30  31 106 105 108 107 107 107 109 109 109 109 108 108 109 110 111 111
 110 110 111 111 112 112 114 114 115 115 115 114 114 114 114 114 116 117
 118 116 114 113 115 115 116 118 119 119 120 120 121 121 121 122 122 122
 122 123 122 123 124 124 125 126 126 126 129 129 127 126 126 127 129 130
 130 130 129 130 130 130 130 130 132 132 132 133 133 134 134 134 131 133
 131 133 124  67  36  38  31  26  24  24  24  24  24  22  21  21  22  22
  21  18  17  18  19  19  19  17  17  18  18  17  16  17  16  16  17  20
  22  24  23  25  25  25  24  24  24  24  24  24  24  23  22  22  22  23
  24  24  24  24  24  27  30  33  36  41  41  46  47  46  99 149 153 152
 148 149 151 152 153 152 153 153 153 153 153 153 153 154 154 154 154 154
 154 154 154 154 153 154 154 153 153 154 154 154 153 155 156 154 151 152
 158  30]","[ 28  30 106 104 106 105 107 109 108 109 109 109 108 109 110 111 110 110
 110 110 110 111 112 113 114 114 113 114 115 115 115 116 116 115 115 115
 116 116 116 116 116 116 116 118 120 121 122 123 122 122 122 123 122 122
 122 123 123 124 125 124 124 125 126 126 129 130 129 128 128 129 130 130
 131 130 130 130 131 131 131 131 132 132 132 132 132 133 133 133 133 135
 129 133 128  76  37  36  30  26  24  25  24  24  24  23  22  22  23  23
  21  19  18  20  20  20  19  18  17  18  18  17  16  16  15  16  19  22
  24  25  24  24  25  25  25  25  24  23  24  24  24  24  23  23  23  24
  24  24  24  23  24  27  31  35  33  36  41  48  47  51 119 154 149 153
 151 154 154 150 153 154 154 154 154 154 154 154 154 154 154 154 154 154
 154 154 154 154 154 154 154 154 154 154 155 154 154 154 154 156 154 153
 151  29]","[ 28  29 105 105 106 104 107 108 108 108 109 109 109 108 108 109 110 109
 109 109 110 111 113 114 115 114 114 114 114 113 114 115 116 116 116 115
 116 116 117 117 117 118 118 118 119 121 122 122 121 121 122 122 122 122
 123 124 123 123 123 124 125 126 127 128 127 129 130 130 129 129 129 130
 131 131 130 130 130 131 132 132 132 133 133 133 132 132 132 132 135 130
 135 130 137  81  33  33  30  27  25  24  24  25  25  24  23  23  22  20
  19  18  19  20  23  22  19  17  17  18  18  18  17  16  15  16  18  22
  24  24  24  24  24  24  24  24  24  24  24  24  23  23  23  23  24  24
  24  24  24  23  23  25  29  32  36  38  45  45  49  56 131 153 151 151
 152 152 152 152 154 155 155 154 153 154 154 153 153 153 153 154 155 154
 154 154 154 154 154 154 154 155 156 157 155 154 154 154 154 155 155 154
 155  29]","[ 29  30 105 104 106 104 106 108 108 108 108 109 109 108 108 109 109 109
 109 109 110 112 113 114 114 113 112 113 115 115 114 114 116 115 115 115
 115 116 117 118 117 118 118 119 119 121 122 122 121 121 122 122 122 123
 123 124 124 124 125 125 125 125 126 126 127 128 130 130 129 129 129 130
 129 130 130 130 130 131 131 132 132 133 134 134 134 134 134 135 134 132
 133 131 134  81  34  32  29  27  25  24  24  24  23  22  20  21  21  20
  18  18  19  21  23  22  20  18  18  18  19  18  17  16  16  18  21  23
  25  25  24  24  24  24  24  24  24  24  24  24  23  23  23  24  24  24
  24  25  24  23  24  27  31  34  37  39  46  49  50  68 137 151 149 151
 153 154 154 153 154 154 154 153 153 154 155 154 154 155 153 154 154 153
 153 153 154 154 154 154 154 155 156 157 156 155 155 154 154 155 155 154
 155  29]","[ 29  29 105 104 105 104 106 107 107 107 108 108 108 107 108 108 109 109
 109 110 111 112 114 114 113 111 110 112 115 116 115 113 115 114 114 114
 115 116 117 117 117 118 120 120 121 121 122 122 121 122 122 122 123 123
 124 124 124 124 125 125 125 125 125 125 127 128 130 130 129 129 130 130
 129 130 131 131 131 131 132 132 131 133 134 135 135 135 135 136 134 134
 131 133 134  85  34  32  29  27  25  24  24  24  23  21  19  20  20  19
  18  18  19  21  22  22  21  20  19  19  19  19  17  15  16  19  22  23
  23  24  24  24  24  24  24  24  24  24  23  23  22  22  22  23  23  24
  24  24  24  24  24  27  31  35  38  40  47  52  50  87 147 150 150 152
 154 155 155 154 154 154 154 153 153 154 155 155 155 155 153 154 153 152
 152 153 154 155 155 154 154 155 156 157 156 156 156 156 156 156 156 155
 156  29]","[ 28  29 104 104 106 104 107 108 108 108 108 108 108 107 107 108 109 109
 110 110 111 112 113 113 112 110 110 112 116 117 115 113 114 114 114 114
 115 115 116 116 117 118 120 121 121 120 121 122 121 122 122 123 123 123
 124 124 124 124 124 125 126 126 126 126 128 129 130 130 130 130 130 131
 130 131 133 133 132 131 131 131 131 133 134 135 135 135 135 136 135 137
 132 134 137  94  33  33  28  27  25  24  24  24  23  22  21  21  20  20
  20  20  20  20  21  21  21  20  20  19  20  19  18  16  16  20  23  22
  22  23  24  24  24  24  24  24  23  23  22  22  21  21  21  22  23  23
  24  24  24  25  26  28  32  36  38  41  47  51  49 104 155 151 152 153
 154 154 154 154 154 155 154 154 155 156 156 156 155 156 155 155 154 153
 153 154 156 157 156 156 155 156 157 157 157 157 157 157 157 157 157 157
 157  29]","[ 29  29 104 104 106 104 107 108 109 109 109 109 108 108 108 109 108 109
 109 110 111 112 113 113 112 111 112 114 116 117 116 115 114 114 115 116
 116 116 116 115 117 117 119 120 120 119 119 121 122 122 122 123 123 124
 124 124 124 125 125 127 128 129 128 128 128 129 130 130 130 130 130 131
 129 131 133 133 132 131 131 131 132 133 134 135 135 135 136 136 136 138
 134 134 140 106  34  31  29  27  25  24  24  24  23  23  21  20  19  20
  21  22  21  20  20  21  21  20  20  20  20  19  18  17  17  21  23  22
  23  24  24  24  24  24  24  24  23  23  23  22  21  21  21  22  23  24
  24  24  25  27  28  30  34  37  38  42  46  49  53 118 158 153 154 154
 154 154 154 154 154 154 154 155 156 157 158 157 156 156 156 156 155 154
 154 155 157 158 157 157 157 157 158 158 158 158 157 158 158 158 158 157
 158  29]","[ 29  29 104 104 106 104 107 108 108 108 109 109 109 109 110 111 108 108
 109 110 111 112 113 114 113 113 114 116 117 117 117 117 115 115 116 117
 117 117 117 116 117 117 119 121 120 119 119 121 122 122 122 123 124 124
 124 124 125 125 126 127 128 129 129 128 128 129 130 130 129 129 129 130
 129 131 133 134 133 132 132 132 132 132 133 134 134 135 136 136 136 138
 135 134 140 118  46  27  29  27  26  24  24  23  23  23  20  19  18  20
  22  23  22  20  19  20  20  20  19  20  19  19  17  17  18  21  22  22
  23  25  24  24  24  24  24  24  24  23  23  22  21  20  20  21  22  23
  24  24  25  28  30  31  34  37  38  42  45  46  65 132 158 154 153 154
 155 155 155 155 154 154 153 154 155 157 157 157 156 157 157 157 156 155
 155 156 158 158 158 158 158 158 158 158 158 158 157 158 158 158 158 158
 158  28]","[ 29  29 104 103 105 104 107 107 107 107 108 109 109 109 109 111 108 108
 109 110 111 112 114 114 114 114 115 116 116 116 116 117 116 116 117 118
 118 119 119 119 119 118 119 121 122 120 120 122 122 122 122 123 124 124
 125 124 125 125 125 126 128 129 129 128 129 130 130 130 129 129 129 130
 129 131 134 134 133 133 133 133 133 133 133 133 134 135 136 136 137 138
 135 136 139 130  70  24  27  26  25  24  24  23  23  22  21  20  20  21
  21  22  21  19  19  19  19  19  19  19  19  18  16  18  19  21  21  22
  23  24  24  24  24  24  24  24  24  24  23  22  20  19  19  20  21  22
  23  23  25  29  31  31  33  36  38  41  44  45  84 146 157 154 153 154
 155 156 157 157 156 155 154 154 155 156 156 156 156 157 157 158 158 157
 157 157 158 158 159 159 159 159 159 158 158 157 158 159 159 158 159 159
 158  29]","[ 29  28 103 103 105 104 107 108 107 107 107 107 107 107 108 109 109 109
 109 110 111 112 113 114 114 114 114 115 115 114 115 115 117 117 117 118
 119 120 121 122 120 118 119 121 122 121 120 122 122 122 122 122 124 125
 125 124 125 125 125 126 128 130 130 129 130 130 131 130 130 130 130 130
 129 131 133 134 133 132 132 133 136 135 134 134 135 136 136 136 137 138
 136 138 138 138  91  24  25  25  25  24  24  24  23  22  23  23  23  22
  21  20  19  18  19  19  19  19  19  19  19  18  17  19  22  22  22  23
  24  24  24  24  24  25  25  24  24  24  24  23  21  20  20  21  22  23
  24  23  26  30  32  32  34  36  38  40  43  46  97 155 156 153 154 154
 155 156 157 157 157 157 157 157 157 157 157 156 157 158 158 159 159 159
 158 159 159 159 159 159 159 159 159 158 157 157 159 160 160 159 160 160
 160  30]","[ 29  29 103 104 105 106 107 107 106 106 106 107 108 107 108 108 110 110
 111 111 112 112 113 114 113 114 114 113 114 115 115 115 116 117 117 117
 119 121 121 118 119 120 121 122 122 122 122 122 121 122 122 122 122 123
 125 126 125 125 125 126 128 129 130 130 130 130 130 130 130 130 130 131
 130 131 132 132 131 131 133 134 135 135 134 135 136 137 137 137 139 136
 136 137 139 138 114  30  29  23  26  23  24  24  25  22  24  23  22  21
  20  19  19  18  18  18  19  19  19  19  19  18  19  20  22  22  23  23
  24  25  24  24  24  24  24  24  24  24  24  23  21  20  19  21  22  23
  24  26  28  30  31  32  34  36  36  43  45  50 125 157 153 155 155 155
 156 156 157 158 157 157 157 158 158 158 158 158 158 158 158 159 159 159
 159 159 159 160 160 160 160 159 159 158 158 158 159 160 160 162 161 160
 161  29]","[ 29  29 103 104 105 106 107 107 106 106 106 108 108 108 108 109 110 110
 111 111 112 113 114 114 114 114 114 114 114 115 115 115 116 117 117 117
 119 121 121 119 119 120 121 121 122 122 122 122 122 123 123 123 123 124
 126 127 126 126 126 127 128 129 129 129 130 130 130 130 130 130 130 130
 131 132 133 133 132 132 133 134 136 135 135 136 137 138 138 138 138 137
 139 136 136 141 125  46  29  24  27  25  21  22  25  24  23  23  22  21
  20  19  18  18  18  18  19  20  19  19  18  17  17  18  21  23  23  23
  22  22  24  24  24  24  24  24  24  25  25  23  22  21  21  22  23  25
  24  25  28  31  32  33  35  37  41  46  45  61 140 158 154 154 156 156
 157 157 158 158 157 157 158 158 159 159 158 158 159 159 159 160 160 160
 160 160 160 160 160 160 160 160 160 159 159 159 159 160 160 161 161 160
 162  29]","[ 28  29 103 105 105 106 107 108 106 106 107 108 109 108 108 109 110 110
 110 111 113 114 114 114 114 114 114 114 114 115 115 115 115 116 116 116
 118 120 120 119 120 121 122 122 122 122 122 123 124 124 125 125 125 126
 127 129 127 127 127 128 128 129 129 130 130 130 131 131 130 130 131 131
 133 134 134 135 135 135 135 135 136 136 136 136 137 138 138 138 139 138
 141 137 136 144 138  78  31  27  27  24  22  25  24  23  24  23  22  21
  20  19  18  18  18  19  20  20  20  19  18  17  16  18  21  23  24  23
  22  22  23  24  24  24  23  23  24  25  25  23  22  21  21  22  24  25
  24  26  29  31  33  33  35  37  41  44  43  81 155 157 155 154 158 158
 158 158 158 158 158 157 158 159 159 159 159 159 160 160 160 161 161 161
 161 161 161 161 161 161 161 161 161 161 161 161 160 161 160 161 161 161
 162  29]","[ 28  29 103 105 105 106 107 107 106 107 108 109 109 108 108 109 110 109
 109 111 113 115 114 114 113 113 114 113 113 114 115 115 114 115 116 116
 117 119 119 119 121 122 122 122 122 122 123 124 124 125 125 125 125 126
 128 129 128 129 129 129 129 129 130 130 131 131 131 131 132 132 133 134
 135 135 136 136 136 137 137 137 137 137 137 137 138 138 138 139 140 139
 140 140 141 142 142 113  38  26  30  23  25  27  22  24  24  23  22  21
  20  19  19  18  17  18  20  21  20  19  18  17  18  18  19  21  22  22
  23  23  23  23  23  23  23  23  23  23  23  23  21  20  20  21  23  23
  24  26  29  32  33  33  35  37  40  41  43 109 160 154 155 157 159 159
 159 159 159 159 159 159 159 159 159 160 160 160 160 161 161 161 162 162
 162 162 162 162 162 162 162 162 162 162 162 162 161 162 161 161 161 161
 162  29]","[ 28  29 103 105 105 106 106 107 106 107 108 109 109 108 108 109 111 110
 110 111 113 114 113 112 112 113 114 114 114 115 116 116 115 116 116 117
 117 118 119 119 121 121 122 122 122 122 123 123 124 125 125 125 125 126
 128 129 129 130 130 130 130 130 130 130 130 131 131 132 132 133 134 135
 137 136 136 136 136 137 137 137 138 138 138 138 138 138 139 139 139 140
 139 141 143 140 141 137  61  23  28  27  24  24  22  26  23  22  21  20
  19  18  18  18  17  18  19  20  20  20  19  18  18  18  18  19  20  21
  22  23  22  22  22  23  24  24  23  22  22  21  20  20  20  21  23  23
  23  25  29  32  33  34  36  38  44  40  51 137 160 155 157 158 159 159
 159 160 160 161 160 160 160 160 160 160 160 161 161 161 162 162 162 162
 162 162 162 162 162 162 162 162 162 162 162 162 162 163 162 162 162 162
 163  29]","[ 28  29 103 105 105 105 105 105 105 106 107 108 108 108 109 110 112 111
 111 112 113 114 112 111 113 114 115 115 115 116 117 117 117 117 118 118
 118 118 119 121 122 122 122 122 123 123 124 124 124 125 125 125 125 126
 128 129 129 130 130 130 130 130 130 130 130 130 131 131 132 133 134 135
 136 136 135 135 135 136 137 137 137 137 138 138 138 138 138 139 138 143
 142 140 144 141 140 146 101  35  22  28  23  22  26  24  23  22  21  20
  19  18  18  18  17  18  19  20  20  20  19  19  18  18  19  20  21  21
  21  21  22  21  21  23  24  24  23  21  21  20  20  20  21  22  24  25
  23  25  29  32  34  35  38  40  44  39  69 153 158 159 159 158 159 159
 159 160 161 161 161 161 161 161 160 161 161 161 161 161 162 162 162 162
 162 162 162 162 162 162 162 162 162 162 162 161 163 164 163 163 163 163
 163  29]","[ 29  30 103 104 104 105 104 104 105 105 106 107 108 108 109 111 112 112
 112 113 114 114 112 111 113 115 115 115 115 116 117 117 117 118 118 119
 119 119 120 122 122 122 122 123 124 125 125 125 124 125 126 126 126 127
 128 129 129 129 130 130 130 130 130 130 131 131 131 132 132 133 134 135
 136 136 136 136 136 136 136 137 137 137 138 139 139 139 139 140 141 143
 144 142 143 143 142 146 135  75  26  26  25  25  25  23  23  22  21  20
  19  18  18  18  18  18  18  19  19  20  20  20  19  19  19  20  21  21
  20  20  20  20  21  21  21  21  21  21  21  21  21  21  21  23  24  24
  24  26  30  33  35  37  40  43  41  45  97 161 158 159 161 159 160 160
 160 160 161 162 162 162 162 162 161 161 162 162 162 161 162 162 162 162
 163 163 163 162 162 162 163 163 163 163 163 163 163 165 164 164 164 164
 164  29]","[ 29  30 103 104 104 104 104 103 105 105 106 107 107 107 108 110 111 111
 112 113 114 114 113 112 113 115 115 115 114 115 116 116 116 117 118 119
 119 119 120 123 122 122 122 123 125 126 125 124 125 126 127 127 127 127
 129 130 130 130 130 130 131 131 131 131 132 132 132 132 132 133 134 135
 136 136 137 137 136 136 137 137 138 139 140 141 141 141 142 143 145 140
 143 145 142 143 142 144 147 117  38  25  27  25  21  26  22  21  20  19
  18  18  18  18  19  18  18  18  19  19  20  20  20  19  18  18  19  20
  20  19  18  19  20  19  19  19  20  22  23  22  22  21  21  22  23  23
  26  28  31  34  36  38  41  44  42  55 125 166 161 157 161 160 161 160
 160 161 161 162 162 161 163 162 162 162 162 162 162 161 163 162 162 162
 163 163 163 163 163 163 164 164 165 165 165 165 163 165 164 164 165 165
 165  29]","[ 28  29 105 104 105 103 106 107 107 107 107 108 108 108 108 109 112 113
 114 114 113 113 113 114 114 116 117 116 115 115 116 115 117 118 119 120
 121 122 122 122 122 123 123 124 125 126 126 126 126 126 127 128 128 128
 129 130 130 130 130 130 130 130 132 133 134 133 132 132 133 135 136 136
 136 136 136 137 137 136 137 138 138 140 142 144 143 143 143 144 144 144
 143 143 143 144 144 144 152 142  75  28  29  25  26  23  24  22  20  19
  19  19  18  17  19  18  17  17  18  19  20  20  19  19  18  17  17  18
  19  18  19  19  19  19  19  18  18  19  21  23  23  21  20  22  24  23
  25  31  35  33  36  38  40  44  37  84 150 162 160 161 160 164 162 162
 162 162 162 162 162 163 162 163 164 164 163 162 162 164 163 163 164 164
 165 165 164 163 165 165 165 166 166 166 166 166 167 167 166 166 165 165
 165  29]","[ 29  30 105 104 105 103 106 106 106 106 107 108 108 109 110 111 113 114
 115 114 114 113 114 114 115 116 116 115 115 116 115 114 115 117 119 120
 121 122 122 123 123 123 123 124 125 125 126 127 126 127 128 128 129 128
 129 130 130 130 130 130 131 131 133 134 136 135 134 133 134 135 136 136
 137 137 137 138 138 137 138 139 138 140 142 143 144 144 144 145 144 144
 144 144 144 145 145 145 145 156 116  41  24  30  27  26  24  22  21  20
  20  19  18  17  18  17  17  17  17  18  18  18  18  18  17  17  18  19
  19  19  18  18  18  19  19  18  18  19  22  23  24  23  22  23  24  24
  30  31  33  34  37  38  41  42  46 112 160 161 159 160 161 160 162 162
 162 163 163 163 163 163 164 164 163 164 164 164 164 165 165 164 165 165
 166 166 165 165 165 165 166 166 166 166 166 166 166 167 167 167 166 165
 166  29]","[ 29  29 105 104 106 105 107 107 107 107 107 108 109 109 110 112 113 114
 114 114 113 113 114 114 115 116 116 116 116 117 116 115 115 117 120 121
 121 121 122 123 123 123 123 123 124 125 126 127 127 128 129 130 130 129
 129 130 130 130 130 131 131 132 133 135 137 136 135 135 136 137 137 136
 138 138 138 139 139 138 139 140 139 141 142 143 144 144 145 146 144 145
 146 146 146 146 146 146 145 152 146  78  24  29  26  25  24  22  21  20
  21  20  18  17  18  18  17  17  16  17  17  18  17  17  17  17  18  19
  20  19  18  18  18  18  19  18  18  19  20  21  23  23  23  23  23  24
  32  32  32  36  37  39  42  41  59 139 164 159 160 161 165 164 162 163
 164 164 165 164 164 163 165 164 163 164 165 165 165 165 166 166 166 166
 167 167 167 167 165 165 166 166 166 166 166 166 166 168 168 168 167 167
 167  30]","[ 29  29 104 104 107 107 109 109 108 108 108 108 108 108 109 111 113 113
 114 113 113 113 113 114 114 115 116 117 118 118 118 118 118 119 120 121
 121 122 122 122 123 123 123 123 124 125 126 127 128 128 129 130 130 129
 130 130 130 130 130 131 131 132 133 135 136 135 135 136 138 138 138 137
 138 138 138 139 139 139 141 142 141 142 143 143 143 144 145 146 145 146
 147 147 146 147 148 148 148 145 151 117  44  27  25  24  24  21  20  20
  20  20  18  17  18  18  17  17  16  17  17  18  18  18  18  18  19  19
  19  18  19  18  17  18  19  19  19  20  20  20  21  23  23  23  24  26
  30  31  33  38  37  39  42  42  90 157 165 160 162 160 162 165 164 164
 165 166 166 165 165 164 165 164 163 164 166 166 166 166 167 167 167 167
 167 167 167 167 166 166 167 167 167 168 168 168 168 169 168 169 168 169
 168  29]","[ 29  29 104 104 108 107 109 109 108 108 108 108 108 108 109 110 112 113
 113 114 114 114 114 114 114 115 117 118 117 117 119 120 120 120 120 121
 122 123 123 123 122 122 123 124 125 126 126 126 129 129 130 130 130 130
 130 130 130 130 131 131 131 132 133 134 135 135 136 137 138 139 138 137
 138 138 138 139 140 140 142 143 143 143 143 143 143 144 145 146 146 147
 147 147 146 147 148 149 147 151 149 139  79  27  26  25  24  21  19  19
  19  19  18  18  17  17  17  16  16  16  17  18  18  19  19  19  19  20
  19  18  20  18  17  18  18  19  20  20  22  22  22  23  23  24  26  29
  28  31  33  37  37  40  39  47 126 164 166 162 163 162 161 164 165 165
 165 165 165 165 165 165 165 165 166 167 167 167 167 168 168 168 168 167
 167 167 167 167 167 167 168 169 169 170 171 171 170 170 168 169 169 171
 169  29]","[ 28  29 104 104 107 106 108 108 108 108 108 109 109 109 109 110 111 112
 113 114 114 114 114 114 114 115 117 118 116 116 118 121 120 119 118 119
 121 122 122 122 122 123 124 125 126 126 127 127 129 129 130 130 130 130
 130 131 131 131 131 132 132 132 133 134 135 136 137 138 138 138 138 137
 138 138 139 140 140 141 142 144 143 143 144 144 144 145 146 146 147 147
 147 146 147 148 149 149 149 149 149 149 110  31  28  25  25  22  20  19
  18  17  17  17  17  17  17  17  17  17  18  19  18  19  19  19  20  21
  20  19  20  18  17  17  18  18  19  20  23  24  24  24  24  26  28  31
  31  32  32  35  39  41  36  61 147 162 164 161 163 167 165 165 165 165
 165 165 164 165 165 165 165 165 167 168 167 167 167 168 168 168 168 168
 168 167 167 167 168 168 168 169 170 170 171 171 172 171 169 169 170 172
 170  29]","[ 28  29 104 104 107 106 108 108 108 108 109 110 110 110 110 111 110 111
 113 114 115 115 114 114 115 115 116 117 116 116 118 121 120 119 119 120
 121 122 122 122 123 123 124 125 126 127 128 128 130 130 130 130 130 130
 130 132 132 132 132 133 134 134 134 136 136 137 137 138 138 138 139 140
 140 140 140 141 141 142 143 145 145 145 145 145 145 145 146 146 147 147
 147 147 147 148 148 148 151 144 148 153 134  57  30  26  25  23  21  20
  19  18  18  18  19  18  17  17  17  18  18  19  18  18  19  19  20  21
  21  20  19  18  18  18  18  18  18  19  21  23  24  24  25  28  30  31
  32  33  33  36  40  40  38  90 162 162 164 161 163 165 164 164 165 165
 165 165 165 165 165 166 165 165 166 167 167 167 167 168 168 169 169 169
 169 168 168 168 169 169 169 169 170 170 171 171 171 172 171 171 171 172
 170  29]","[ 28  29 105 105 108 107 109 109 109 109 111 112 112 111 111 111 111 112
 113 115 116 116 116 115 116 115 115 117 117 118 120 123 121 122 122 123
 123 123 123 123 124 124 124 125 126 128 129 130 131 130 130 130 130 130
 131 132 132 132 133 134 135 135 136 137 137 137 138 138 138 139 141 142
 142 142 141 142 142 142 143 145 146 146 146 146 146 146 146 145 147 147
 147 147 148 149 148 147 149 150 148 149 153  94  29  29  25  24  22  21
  20  18  18  19  19  18  17  17  17  17  17  17  18  18  19  19  20  21
  21  21  19  19  19  20  19  18  18  19  19  22  25  25  26  30  32  32
  31  33  37  38  40  38  42 116 167 161 164 164 167 163 165 167 165 165
 165 166 166 166 167 167 167 166 166 167 168 168 168 169 168 169 170 171
 170 170 170 170 171 171 171 171 171 171 172 172 170 173 172 172 171 172
 169  29]","[ 29  29 105 107 108 110 107 108 109 110 111 111 111 111 110 110 113 112
 112 113 114 115 116 117 115 116 117 117 117 118 121 122 121 121 121 122
 123 124 123 123 123 124 126 127 128 128 129 130 129 130 131 131 131 131
 132 132 133 134 134 136 136 136 136 137 137 138 139 139 139 139 138 138
 141 142 142 143 143 143 144 145 146 145 145 144 145 145 146 146 148 148
 149 149 150 149 149 149 148 149 151 147 152 126  40  34  27  23  24  23
  18  18  17  17  18  18  18  18  18  18  19  19  19  19  18  18  19  20
  20  20  19  19  19  19  19  19  19  19  21  22  24  25  27  30  32  33
  33  34  33  36  43  38  50 133 168 162 163 164 165 166 165 166 164 164
 165 167 167 166 166 168 169 167 165 166 166 167 168 169 170 169 169 171
 171 171 171 171 171 171 171 170 170 171 171 171 172 171 173 172 169 171
 170  31]","[ 29  29 105 106 107 108 106 107 108 109 110 111 111 111 111 111 114 114
 113 113 114 115 116 116 116 117 118 118 118 119 121 122 122 122 122 122
 123 124 124 124 124 125 127 128 129 129 129 130 130 130 131 131 131 131
 132 132 133 134 135 136 136 136 137 138 137 138 139 139 139 139 140 140
 142 142 143 143 144 144 145 146 147 146 145 145 146 147 147 148 149 149
 149 150 150 149 149 149 150 150 151 151 156 141  60  27  27  24  22  21
  19  18  17  18  18  18  17  17  18  18  19  19  19  19  18  18  19  20
  21  21  20  19  19  18  18  18  19  19  19  21  23  24  26  30  33  35
  33  34  33  36  42  41  59 147 166 162 164 165 166 168 167 168 167 165
 164 165 167 168 168 167 168 167 167 168 169 170 171 172 169 168 168 169
 170 169 170 170 171 171 171 171 171 172 172 172 174 173 174 173 170 172
 171  29]","[ 29  29 105 106 106 108 106 108 108 108 109 110 110 111 111 111 115 115
 114 114 114 115 116 117 116 118 119 119 118 119 121 122 122 122 122 122
 123 124 125 125 125 126 128 129 130 129 129 129 130 130 131 131 131 131
 132 132 133 134 135 136 136 136 137 138 139 139 139 139 139 139 140 140
 142 143 143 144 144 144 145 146 146 145 145 145 146 148 148 148 149 149
 150 150 149 149 150 150 153 152 149 151 155 157  97  35  27  27  22  19
  20  17  17  19  18  17  16  16  17  18  19  19  19  18  17  17  18  19
  19  20  20  19  18  18  17  18  18  19  18  20  22  23  25  29  34  36
  34  35  35  37  41  41  64 156 168 164 166 167 167 168 166 167 168 168
 168 167 168 169 169 169 168 170 170 169 168 169 169 169 170 169 170 170
 171 171 172 173 171 170 170 171 172 173 173 173 173 173 171 172 171 174
 174  28]","[ 29  29 105 106 106 108 107 109 108 108 109 109 110 110 110 110 114 114
 114 114 114 115 116 117 117 118 119 119 118 118 121 123 122 122 122 122
 123 124 124 125 127 127 129 130 130 129 129 129 130 130 130 131 132 132
 133 133 134 134 135 137 137 137 137 138 138 138 138 138 138 139 140 142
 143 144 144 145 144 144 144 144 145 145 145 146 147 148 149 149 149 149
 150 150 149 149 150 151 153 152 151 151 151 160 130  54  25  30  24  19
  20  16  17  17  18  17  16  16  17  19  19  20  19  18  17  17  17  18
  19  19  19  19  18  17  17  17  18  18  18  20  22  23  25  29  33  36
  36  37  38  40  42  41  65 156 166 162 165 166 166 168 167 168 165 168
 169 168 168 169 169 168 168 170 171 171 170 171 172 172 172 172 171 171
 170 170 170 172 170 169 169 170 172 173 173 172 174 174 171 172 171 174
 175  29]","[ 29  29 105 106 107 108 107 109 109 109 110 110 111 111 112 112 113 113
 114 114 114 114 115 116 118 118 119 118 117 118 121 123 122 122 122 122
 123 124 125 126 128 128 129 129 129 129 129 130 130 130 131 132 133 134
 134 135 134 135 136 137 138 137 138 139 136 136 137 138 139 141 143 144
 144 145 146 146 146 145 145 145 146 146 146 147 148 150 150 150 149 150
 151 150 150 150 151 152 153 151 155 153 151 155 147  74  26  28  26  19
  20  16  18  16  18  17  17  17  18  19  20  20  20  19  19  19  19  20
  21  21  20  20  19  18  18  18  19  19  19  21  23  24  25  29  32  35
  36  37  39  42  44  44  67 154 168 165 167 167 166 168 167 167 168 168
 167 167 170 172 171 169 170 171 171 170 169 169 170 170 170 170 170 171
 171 170 171 173 172 170 170 171 172 172 171 171 175 176 173 174 173 172
 170  28]","[ 29  29 105 106 107 108 106 108 108 109 110 110 111 112 113 113 114 115
 116 116 116 116 116 117 118 118 118 118 118 119 121 122 122 123 123 123
 124 125 126 126 128 128 128 129 129 129 130 131 131 131 132 133 134 136
 136 136 135 135 137 138 138 138 138 139 138 139 139 140 140 141 143 144
 143 144 146 146 146 146 145 145 146 146 147 148 149 150 150 150 150 151
 152 152 151 151 152 152 155 152 155 153 154 153 156 103  35  24  26  20
  19  16  19  17  17  17  17  18  18  19  20  20  19  19  19  20  21  22
  22  22  21  20  20  20  20  20  20  20  20  22  23  24  26  29  33  35
  38  37  39  41  43  45  65 147 166 164 166 166 166 167 166 165 169 169
 169 168 169 171 172 172 171 171 171 172 173 173 174 176 175 175 175 175
 174 173 172 172 174 172 171 172 172 171 170 171 168 170 170 169 169 166
 162  32]","[ 29  29 105 107 108 109 107 108 107 108 110 110 110 111 112 114 114 116
 118 118 118 118 118 118 118 118 118 119 120 120 121 122 121 122 123 124
 124 125 126 127 127 127 128 129 129 129 130 131 132 132 132 133 135 136
 136 136 136 136 137 139 139 138 138 139 140 141 141 142 141 141 142 142
 144 144 145 145 145 145 146 146 146 147 147 148 149 150 149 149 151 151
 152 152 152 152 152 152 155 154 152 153 154 153 160 134  54  23  25  22
  20  17  19  16  16  17  18  18  18  18  19  20  18  18  19  20  21  21
  21  21  20  20  20  20  20  20  20  19  21  22  23  24  27  30  34  36
  39  38  39  40  41  43  60 137 164 163 168 169 169 171 170 169 168 169
 171 170 167 165 167 170 172 168 165 165 164 160 159 159 159 158 157 156
 154 150 147 146 143 142 141 142 142 140 140 141 142 143 145 142 144 142
 140  26]","[ 29  29 105 107 109 110 108 109 108 109 111 111 110 110 112 114 113 115
 117 119 118 118 118 118 118 118 119 120 121 122 122 122 120 121 123 124
 124 125 125 126 126 126 128 129 129 129 130 131 132 132 132 133 134 135
 135 135 136 137 138 139 139 138 139 139 138 140 141 142 142 143 143 143
 145 146 146 145 145 146 146 147 148 148 148 149 150 150 150 149 150 150
 151 152 152 152 152 152 152 155 152 155 154 153 158 150  71  24  25  24
  21  18  18  16  15  17  18  19  18  18  19  20  18  18  19  19  20  20
  19  18  19  19  19  20  20  19  19  18  21  22  23  24  27  31  36  38
  37  37  39  40  42  43  58 131 154 153 156 155 153 153 149 147 147 146
 147 148 146 142 139 139 135 131 131 135 137 136 136 138 134 134 136 139
 140 139 137 136 136 134 134 136 136 134 134 136 136 134 135 130 132 132
 134  31]","[ 29  29 105 107 109 111 108 108 108 110 111 112 111 111 112 113 115 115
 116 118 119 118 118 118 119 120 120 121 122 123 122 121 122 123 124 124
 123 124 125 126 126 126 128 129 129 129 130 132 133 131 131 133 135 136
 135 134 135 137 138 137 137 139 139 138 138 139 140 142 144 144 144 143
 147 146 145 145 145 146 147 149 149 149 149 150 150 150 150 150 151 151
 152 153 153 152 152 152 154 153 153 154 155 154 154 155  93  32  28  24
  21  20  19  16  16  16  16  16  17  17  17  18  18  19  19  19  19  18
  17  17  17  17  19  20  21  21  20  19  21  21  23  24  25  30  36  39
  37  37  38  38  38  41  44 114 137 137 136 132 131 133 134 130 128 129
 130 131 132 133 133 133 136 135 134 134 134 134 135 136 133 133 134 134
 135 136 135 134 132 132 132 131 131 131 132 133 133 132 132 131 132 131
 131  29]","[ 29  29 104 106 108 110 108 109 109 110 112 112 112 112 112 113 113 113
 114 116 117 117 117 118 117 119 120 120 121 123 123 122 122 123 125 125
 125 126 127 127 127 128 129 130 129 129 129 130 133 132 132 133 133 133
 134 135 137 137 138 138 138 139 139 139 139 140 142 143 143 143 143 145
 144 144 145 146 147 146 145 145 149 149 149 149 149 149 149 149 150 151
 152 153 153 153 153 152 155 154 154 155 154 153 153 154 105  36  24  25
  25  21  19  17  16  16  16  16  17  17  17  18  18  19  20  21  21  20
  19  18  18  19  20  22  23  22  21  19  20  20  22  24  27  32  37  38
  38  37  38  39  40  43  44 109 132 132 131 130 129 131 132 130 130 131
 132 133 134 134 133 133 133 132 131 132 132 132 132 133 131 132 132 132
 133 133 133 132 131 131 131 130 130 130 131 132 133 132 131 131 131 130
 130  29]","[ 29  29 105 107 109 111 110 111 110 111 112 113 113 113 114 115 116 115
 115 116 117 117 117 117 118 121 122 120 120 122 122 122 123 124 125 125
 125 125 125 124 127 128 130 131 131 131 131 132 132 133 134 134 133 132
 134 137 136 135 136 137 138 139 140 141 140 141 143 144 142 140 143 147
 147 147 149 151 152 150 148 147 147 146 146 146 146 146 146 146 143 144
 145 145 144 143 142 141 133 133 133 133 132 131 130 131 117  47  25  26
  27  22  19  18  16  16  16  16  17  17  17  18  19  19  20  22  22  21
  20  18  18  19  20  21  22  21  19  18  19  18  20  24  28  33  37  37
  38  36  37  38  41  43  41  99 128 127 127 128 128 129 131 130 130 131
 132 132 132 132 132 132 131 130 130 131 131 131 131 131 130 131 131 131
 131 132 131 131 131 131 131 130 130 130 131 132 133 132 131 130 130 129
 130  28]","[ 29  30 107 109 110 111 110 111 110 111 112 113 114 115 116 117 116 115
 114 115 116 116 116 116 119 122 124 121 120 122 123 122 121 123 124 124
 125 126 126 126 126 128 129 129 129 130 130 130 131 132 133 133 131 130
 132 135 139 137 136 136 135 133 132 133 132 132 134 135 133 131 133 138
 131 130 130 131 132 131 130 130 131 130 130 130 129 129 130 130 129 129
 130 129 127 125 124 123 126 127 127 127 126 125 125 125 122  60  28  26
  25  23  21  19  16  16  16  16  16  17  17  17  19  20  21  21  21  19
  18  17  17  18  18  19  20  19  18  17  18  17  19  23  28  33  37  36
  38  35  36  37  39  41  39  91 126 124 125 126 126 127 129 129 129 129
 129 130 130 130 130 130 131 130 130 131 131 131 131 131 130 131 131 130
 130 131 130 130 131 131 130 130 130 130 131 131 132 131 131 130 130 129
 130  28]","[ 28  29 107 109 110 111 109 110 110 111 112 113 114 115 116 116 115 115
 115 116 117 117 117 117 117 120 121 119 118 120 122 122 122 122 122 122
 122 122 122 121 124 125 124 122 121 121 121 120 122 122 122 122 120 119
 119 120 119 118 119 121 122 123 124 126 123 122 124 126 124 122 123 127
 124 122 121 121 122 122 122 122 124 124 124 124 124 124 124 124 125 125
 125 124 124 123 123 123 123 124 124 124 123 123 123 123 122  67  28  25
  24  22  20  18  16  16  16  16  16  16  17  17  18  20  21  20  18  17
  17  18  18  17  17  17  18  19  19  18  17  17  20  23  27  33  38  38
  38  35  37  37  39  40  40  86 126 123 123 125 125 125 127 129 129 129
 129 129 128 129 130 131 130 129 129 130 131 130 130 130 129 130 130 130
 130 130 130 129 130 130 130 130 130 130 130 130 131 131 131 131 131 130
 130  29]","[ 29  30 107 109 110 112 109 110 110 111 112 112 112 112 113 113 115 115
 115 116 115 114 113 114 116 117 117 115 114 114 115 115 115 115 114 112
 112 112 112 112 117 118 117 114 113 114 113 112 111 110 111 111 111 110
 110 110 117 117 117 117 117 116 116 117 119 118 119 121 120 119 119 121
 121 120 120 120 121 121 121 121 120 120 120 121 121 122 122 122 122 121
 121 121 121 122 122 122 121 122 122 121 121 121 121 120 122  73  26  26
  26  22  19  18  17  17  16  16  16  17  17  17  18  19  20  19  17  16
  18  19  18  17  16  16  17  18  19  19  17  18  20  23  27  33  38  39
  38  35  37  37  38  40  42  81 125 123 124 126 125 126 128 129 130 130
 130 129 128 128 129 130 130 129 129 129 130 130 129 130 130 130 131 130
 130 130 130 130 130 130 130 130 130 130 130 130 130 130 131 131 132 130
 131  29]","[ 30  29 104 105 106 108 106 107 107 107 108 108 107 106 107 108 108 108
 108 108 106 104 104 104 104 102 101 100 100  98  98  99 101 103 103 104
 105 107 110 111 109 111 111 109 109 111 111 110 109 109 109 110 111 112
 112 113 111 112 113 113 114 115 115 114 114 114 115 116 116 115 115 116
 117 116 116 117 118 118 118 118 118 118 119 121 122 122 122 122 123 122
 121 121 122 122 122 121 121 121 121 121 121 122 121 119 122  82  32  29
  25  22  20  18  18  17  17  17  17  17  17  18  18  18  18  18  17  17
  18  19  17  17  16  16  17  18  18  18  17  17  19  23  27  33  38  38
  37  34  37  37  39  40  41  75 124 124 125 127 126 126 128 128 127 128
 129 128 127 127 128 129 129 128 128 128 129 129 129 129 130 131 131 130
 130 131 131 131 131 130 130 130 131 131 130 130 130 130 130 130 131 130
 131  29]","[ 29  27  99  98  99 101 100 101 101 102 103 102 101 100 101 102 102 103
 103 104 102 101 101 102 104 102 100 102 103 102 102 104 103 104 105 104
 105 106 108 110 106 108 108 107 108 110 110 109 109 109 108 109 109 110
 110 111 110 112 113 112 112 113 112 111 112 113 114 114 114 114 115 115
 116 116 116 116 117 117 118 119 116 117 118 120 121 122 122 122 120 119
 119 120 121 122 121 120 119 119 119 118 119 120 119 117 120  92  42  32
  23  23  22  18  18  18  17  17  17  17  18  18  18  17  17  17  18  18
  18  18  18  17  17  17  17  18  18  18  17  16  18  22  26  32  36  36
  38  34  38  37  39  40  41  71 123 124 126 127 126 126 126 125 125 126
 127 128 127 127 128 128 128 127 127 127 127 127 127 128 129 130 130 130
 129 130 130 131 130 130 129 130 130 130 130 129 131 130 130 129 131 130
 130  28]","[ 28  30  94  95  95  96  96  97 100 101 102 103 102  99  97  98 101 101
 102 101  99  98  98  98 100 100 100 101 102 102 102 101 101 101 101 103
 104 104 105 106 105 104 104 105 107 108 107 107 108 108 108 109 109 109
 110 111 112 112 112 112 112 112 112 111 111 112 114 114 114 114 115 116
 115 114 115 115 117 117 117 117 117 117 116 118 120 121 121 121 121 120
 119 120 122 121 121 122 122 121 120 118 118 118 118 117 121  99  51  28
  28  27  22  23  19  18  17  17  18  18  19  19  19  18  18  18  19  19
  18  17  18  17  17  17  18  18  18  18  19  20  22  23  25  30  36  37
  37  37  36  38  39  40  41  68 122 124 123 127 126 126 123 126 127 126
 127 128 127 127 127 126 127 128 129 129 129 128 129 129 128 129 129 130
 130 130 130 130 132 130 129 130 130 130 129 129 129 129 130 130 130 129
 130  28]","[ 28  30  94  93  93  95  95  96  97  97  97  97  96  94  94  96  97  97
  96  96  96  97  96  96  97  97  97  98 100 101 101 101 101 101 101 103
 104 104 105 105 105 105 104 105 106 107 107 107 107 108 109 109 109 109
 109 110 111 110 110 111 111 112 111 111 111 112 114 114 114 114 114 115
 114 114 115 116 117 117 117 117 118 117 116 117 118 119 120 120 120 119
 119 121 121 120 119 119 120 120 119 119 120 120 119 118 120 106  57  28
  26  23  23  25  20  18  17  18  18  18  19  19  19  18  18  18  18  18
  17  17  17  17  17  17  18  18  18  18  18  19  21  23  25  31  37  39
  37  34  32  35  39  42  41  60 115 122 123 125 124 125 123 124 125 124
 126 127 126 127 128 127 128 128 128 128 128 128 128 129 128 128 129 129
 130 130 130 130 132 130 129 130 130 130 129 129 130 130 131 130 130 129
 130  29]","[ 29  30  93  92  92  94  93  95  96  95  94  94  93  92  93  94  95  94
  93  93  95  96  96  95  96  96  96  96  98  99 101 102 101 101 101 102
 103 103 104 105 105 104 103 103 104 105 106 106 106 108 109 110 109 108
 108 109 110 110 109 110 111 111 112 112 111 112 114 114 114 114 114 114
 114 115 116 116 117 117 117 117 118 117 117 116 117 118 119 119 119 119
 120 121 121 120 118 117 118 119 119 120 121 121 119 117 120 113  64  31
  31  27  26  23  22  20  19  19  19  18  18  19  18  18  18  18  18  18
  18  17  18  17  17  17  18  18  19  19  19  19  21  22  25  31  38  39
  38  33  32  35  37  41  39  50 108 121 123 124 123 125 124 124 125 125
 126 127 126 127 128 128 129 129 129 129 129 129 129 129 128 128 129 129
 130 130 130 130 131 130 129 130 131 130 129 129 131 131 132 130 130 129
 130  29]","[ 29  30  92  91  91  93  93  94  94  94  94  94  94  93  93  93  94  93
  92  93  95  97  96  96  97  96  96  97  98  99 100 101 100 100 101 102
 102 102 103 104 104 104 103 103 104 104 105 105 105 107 109 110 109 108
 109 109 111 110 110 110 111 112 113 113 112 113 114 114 114 114 114 114
 115 115 116 116 116 116 116 116 117 117 117 117 117 117 118 118 118 119
 120 121 121 120 119 118 118 119 120 120 120 119 117 115 119 114  69  26
  29  28  26  24  24  22  20  20  19  19  18  18  18  18  18  19  19  19
  19  19  19  18  18  18  18  19  19  19  19  19  21  22  25  31  37  38
  37  33  35  36  35  38  39  45 103 119 121 123 123 124 124 124 126 126
 128 128 126 127 128 128 128 128 128 129 129 130 130 129 128 128 129 129
 130 130 130 130 131 130 129 130 131 130 129 129 131 132 132 131 130 129
 130  29]","[ 29  29  92  91  91  93  92  93  92  92  92  92  93  93  93  93  92  92
  93  94  95  96  96  96  97  97  98  98  99  99 100 101 101 101 101 102
 103 103 103 104 105 104 104 104 105 105 105 105 105 107 108 109 108 108
 109 110 112 112 111 111 111 112 113 114 113 113 114 114 114 114 114 115
 116 116 116 115 114 115 115 116 116 117 117 117 118 118 118 118 118 118
 119 119 120 120 121 121 119 121 122 121 119 117 116 115 114 114  83  32
  31  30  24  25  24  22  20  19  19  19  18  18  18  18  19  19  19  19
  19  19  19  19  18  18  18  18  18  18  17  18  20  22  25  31  36  37
  34  31  35  35  35  37  42  44 100 118 118 121 123 122 123 124 126 126
 128 128 126 126 128 128 126 126 127 128 129 130 129 129 129 129 129 130
 130 130 131 131 131 130 129 130 131 131 130 130 130 131 132 131 131 130
 131  29]","[ 29  29  91  91  90  92  90  91  90  91  91  90  91  92  94  94  91  92
  93  94  95  96  97  97  97  97  98  98  99 100 100 100 102 101 102 103
 103 103 104 105 104 104 105 105 105 105 105 105 106 107 108 108 108 108
 109 111 112 112 111 111 111 111 112 113 113 113 114 114 114 114 115 116
 117 116 115 114 114 115 116 117 116 116 117 118 118 118 118 118 117 117
 117 117 118 120 121 121 119 121 123 122 119 118 117 117 115 116  95  39
  36  33  23  24  23  20  18  18  19  18  18  18  19  19  19  18  18  17
  17  18  19  19  18  18  18  18  17  17  16  17  19  22  25  31  36  36
  35  32  33  32  36  38  41  40 100 119 118 122 125 124 125 126 126 126
 128 128 127 127 129 128 126 126 127 129 130 130 129 129 129 130 130 130
 130 131 131 131 131 130 130 131 132 131 131 130 130 130 132 131 132 131
 131  29]","[ 29  29  91  90  89  90  89  89  90  92  93  92  92  93  94  94  93  93
  94  95  95  96  97  97  97  97  97  98  99 100 100 100 102 101 102 103
 103 103 104 104 104 104 104 104 105 105 106 106 108 108 109 108 108 108
 109 110 111 111 111 111 111 111 111 112 112 113 114 114 114 114 115 116
 117 116 115 114 115 116 117 117 116 116 116 117 118 118 117 117 116 117
 117 116 118 120 120 119 118 120 121 121 121 121 120 119 121 120 100  42
  36  29  25  25  23  20  18  18  18  18  17  17  19  19  18  18  17  16
  16  16  18  18  18  18  19  18  17  16  17  17  19  22  25  31  36  37
  37  34  33  32  37  36  39  38  98 122 121 123 127 127 129 127 126 126
 128 129 128 129 129 128 128 128 129 130 130 130 130 130 130 130 130 130
 130 131 131 131 131 130 130 131 133 133 132 132 131 131 131 131 132 131
 131  29]","[ 29  29  90  89  88  89  87  88  90  93  96  95  95  94  94  92  95  94
  93  94  94  95  96  95  98  97  97  98  99 100 100  99 101 101 101 102
 103 103 103 104 105 105 105 105 105 106 107 107 109 109 109 109 108 108
 108 109 110 111 111 111 111 111 111 112 111 112 114 115 114 114 115 116
 116 115 115 115 116 117 118 118 117 116 115 116 117 117 117 116 117 117
 117 117 118 120 120 118 116 118 119 121 122 122 121 119 115 123 113  60
  47  30  26  22  24  21  19  18  18  17  16  16  18  18  18  18  17  16
  16  17  18  18  19  19  20  19  18  17  18  18  20  21  24  31  36  36
  36  35  35  33  38  35  39  40  94 122 121 122 125 127 129 126 126 125
 127 128 128 128 128 127 129 129 130 130 130 130 130 130 130 130 130 130
 130 130 131 131 131 130 131 132 133 133 133 132 132 131 131 131 132 132
 132  29]","[ 29  29  89  90  90  89  88  88  91  92  94  94  94  94  93  93  95  93
  93  94  95  95  94  94  95  95  96  98 100 101 101 100 100 101 101 101
 102 103 104 103 104 105 105 105 105 106 106 105 108 108 108 108 108 108
 109 109 109 109 110 110 110 110 110 111 112 112 112 113 114 115 115 115
 115 115 116 116 116 116 117 117 116 115 115 116 117 117 116 116 118 118
 118 119 118 118 118 118 117 118 120 121 121 121 120 118 119 118 108  76
  43  28  26  24  25  24  21  19  17  17  17  17  18  19  19  18  16  16
  17  18  18  18  18  19  20  20  20  18  20  18  18  21  25  29  33  37
  38  38  36  35  35  37  39  40  83 114 120 126 125 127 130 125 125 125
 125 128 129 130 129 128 129 129 130 130 130 130 130 130 130 130 131 131
 131 131 131 131 131 131 132 132 133 133 134 134 134 131 131 131 132 133
 133  29]","[ 30  29  89  90  90  89  89  89  90  91  92  93  93  93  93  93  94  93
  94  95  96  96  95  95  95  96  98  99 100 100 100 101 101 101 102 102
 103 104 104 103 103 104 104 104 104 105 105 104 107 107 107 107 107 108
 108 108 108 109 110 111 111 111 111 112 111 111 112 113 114 114 114 114
 115 115 116 116 116 116 116 117 115 115 115 116 117 117 117 117 119 119
 119 118 118 117 117 117 118 120 121 122 122 122 120 118 117 118 112  88
  47  33  28  24  24  23  21  19  18  19  19  19  19  19  19  18  17  17
  17  18  17  18  18  19  19  20  19  18  20  19  19  20  23  27  32  36
  37  37  35  35  36  38  39  40  80 115 121 125 125 127 131 128 126 126
 126 128 130 130 129 129 129 130 131 131 130 130 130 130 130 130 131 131
 131 132 132 132 132 132 132 133 133 134 135 135 135 132 132 133 134 134
 134  29]","[ 30  30  89  90  90  89  89  90  90  90  91  92  92  93  93  93  93  93
  94  95  96  96  95  95  96  97  99 100  99  99 100 101 100 101 102 102
 103 104 103 103 103 104 104 103 103 104 105 104 106 106 107 107 108 108
 108 108 108 109 110 111 111 111 111 111 111 111 112 113 114 114 114 114
 115 116 115 115 115 115 116 117 115 115 116 117 117 117 117 118 120 119
 118 118 117 117 117 117 118 120 121 122 122 122 120 118 118 118 112  97
  45  34  30  27  24  22  20  19  19  20  20  20  19  19  19  19  18  17
  17  17  17  18  18  18  19  20  19  18  19  19  19  20  22  25  31  37
  36  36  35  35  36  38  39  40  72 114 122 124 126 127 130 129 127 127
 127 129 130 130 129 129 129 130 131 131 131 131 131 131 131 131 131 131
 131 132 132 132 133 132 132 132 133 133 134 135 136 133 134 133 134 135
 134  29]","[ 29  29  89  90  89  89  89  89  90  90  91  93  94  94  94  93  93  93
  94  95  95  94  94  94  96  98  99  99  98  98  99 100  99 100 101 102
 102 102 103 102 104 104 104 103 104 105 105 105 106 107 107 108 109 109
 109 109 109 110 111 111 111 111 111 111 112 112 112 113 113 114 115 115
 116 116 116 115 115 115 116 117 116 116 117 118 117 116 117 118 119 118
 118 118 118 118 118 118 117 119 120 121 122 122 120 118 119 117 113 102
  46  31  30  28  23  21  19  19  19  19  19  19  19  19  18  18  18  18
  16  16  17  18  18  18  19  19  19  18  18  18  19  21  23  26  32  37
  37  36  35  34  35  38  39  40  66 113 122 124 129 129 130 129 129 128
 128 129 130 130 130 130 129 129 130 130 131 131 132 132 133 132 132 131
 131 131 131 132 133 133 133 133 133 133 134 134 136 134 135 134 135 135
 134  28]","[ 29  29  89  90  90  89  89  89  89  90  92  94  95  94  93  92  93  93
  93  93  93  93  94  94  97  97  97  98  98  98  98  98  99 100 101 101
 101 102 102 103 105 105 105 104 105 106 107 107 107 107 108 108 109 109
 109 109 109 110 111 111 111 111 111 111 112 112 112 112 112 113 114 115
 117 117 116 116 115 116 117 117 117 117 118 118 117 116 117 118 118 118
 118 119 120 120 120 119 118 119 120 121 121 121 119 118 117 115 118 110
  57  32  29  24  24  22  19  19  18  18  18  18  18  18  18  18  19  18
  17  16  17  18  18  18  18  19  19  18  19  18  19  21  24  27  32  36
  37  36  35  34  35  38  40  41  65 114 123 125 131 131 130 130 130 129
 128 129 130 130 130 131 129 129 129 130 130 131 132 133 132 132 132 131
 131 131 132 132 133 134 134 134 135 135 135 135 137 136 136 136 136 137
 136  29]","[ 29  29  89  91  91  90  89  89  88  90  92  94  94  93  91  91  93  92
  92  93  94  94  95  95  98  97  96  97  98  99  99  98  99 101 102 101
 101 102 103 103 105 105 105 105 106 107 108 108 107 107 107 107 108 108
 109 109 107 108 110 110 111 111 111 111 112 112 112 112 113 113 115 116
 117 117 117 116 116 116 117 117 118 118 119 119 117 116 117 118 119 119
 119 120 120 121 120 119 120 121 121 121 121 121 119 118 118 116 120 114
  67  33  27  23  25  22  19  19  19  18  17  18  19  19  18  19  19  19
  18  17  17  18  19  18  18  19  19  18  19  19  20  22  24  27  32  36
  38  37  35  34  35  38  41  42  66 114 123 124 130 130 130 130 131 130
 129 130 130 130 130 131 131 130 130 130 131 132 132 133 132 132 132 132
 132 133 133 134 133 134 135 135 136 137 137 137 137 136 137 136 137 138
 136  29]","[ 29  29  89  90  90  89  89  89  88  89  91  92  91  91  91  92  93  92
  92  93  95  95  95  95  98  97  96  97  98  99  99  99  99 100 102 102
 102 102 103 104 104 105 105 105 106 107 108 107 107 107 107 107 107 108
 108 109 106 108 109 110 110 111 111 111 112 113 114 114 114 114 115 116
 116 116 116 116 116 116 116 117 118 118 118 118 118 117 117 118 120 119
 119 119 120 121 120 119 122 122 122 122 121 121 120 119 120 119 117 113
  72  34  26  25  25  21  18  19  19  18  18  19  19  19  19  19  19  18
  18  17  18  19  19  19  18  19  19  19  19  19  20  21  22  25  32  38
  40  38  36  35  35  38  40  40  64 111 122 126 129 129 130 130 131 131
 131 131 131 131 131 132 131 131 131 132 133 133 133 133 132 132 133 134
 134 135 135 136 135 135 136 136 137 137 137 137 137 136 138 137 137 138
 137  29]","[ 29  29  89  89  89  88  88  89  88  89  91  90  90  90  91  93  93  92
  92  94  95  95  94  94  96  95  95  95  96  97  98  98  98 100 102 102
 102 102 103 103 103 104 104 105 105 107 107 107 108 107 107 106 107 107
 108 109 108 109 110 111 112 112 112 112 111 112 114 114 114 114 114 115
 115 116 116 116 116 116 116 116 117 117 118 118 118 117 117 118 120 119
 118 118 120 120 120 120 122 122 122 121 121 121 121 119 119 120 115 115
  75  37  24  25  23  20  17  18  19  18  18  19  19  19  19  18  18  17
  17  17  18  19  20  19  18  19  19  19  18  19  20  20  21  25  32  40
  42  40  38  36  35  37  38  38  60 108 123 129 131 130 131 131 131 131
 132 133 133 132 132 132 131 131 132 134 135 135 135 134 133 134 134 135
 136 136 136 136 138 138 138 137 137 138 138 138 137 137 139 137 138 139
 138  30]","[ 29  28  86  85  86  88  89  88  89  88  88  89  91  92  93  93  93  93
  93  94  95  96  95  94  95  95  96  97  98  97  97  98  98 100 101 102
 102 102 103 104 103 104 105 106 106 106 105 105 106 107 108 108 107 106
 108 110 110 110 111 112 113 114 113 111 113 113 113 114 114 114 114 114
 115 116 116 117 117 117 117 117 118 119 119 118 118 118 118 117 120 121
 120 119 118 119 121 122 122 122 121 121 122 122 122 122 121 119 117 114
  79  37  27  24  24  22  20  19  19  19  19  19  19  18  17  18  18  18
  18  17  18  18  18  18  18  19  20  20  18  19  20  20  21  24  30  36
  38  39  36  36  36  36  39  38  58 102 122 130 129 131 132 131 130 131
 133 133 133 132 132 132 131 132 134 136 137 137 136 135 134 135 136 136
 136 137 138 138 138 138 139 138 137 138 138 138 138 138 138 138 138 138
 139  29]","[ 29  28  86  86  87  89  89  89  88  88  89  91  92  93  93  94  93  93
  93  94  94  95  95  95  95  96  97  98  98  97  97  97  98  99 100 100
 100 101 102 104 103 104 104 105 105 105 106 106 108 108 108 108 107 107
 108 110 110 111 112 112 113 114 114 113 114 113 114 114 115 115 115 115
 116 116 117 117 117 118 118 119 118 119 119 120 120 121 121 120 120 121
 122 121 120 121 122 123 122 122 121 121 122 122 122 122 123 121 120 117
  83  41  30  26  24  23  22  20  20  20  20  20  19  18  18  18  18  18
  18  17  18  18  18  18  19  20  20  20  19  19  20  21  21  24  29  34
  37  39  37  37  36  36  40  40  58 105 126 131 129 131 131 131 133 134
 135 136 136 135 135 135 136 136 136 137 138 138 137 136 135 137 137 137
 137 138 138 138 138 138 139 138 138 139 140 140 139 139 139 139 139 140
 140  30]","[ 28  28  87  87  88  89  90  89  88  88  90  92  94  94  94  94  93  93
  94  94  94  95  96  97  96  96  97  98  98  98  98  98 100 100 100 100
 100 102 103 104 104 104 104 104 104 105 106 107 109 108 108 108 108 107
 107 109 110 111 112 113 113 114 115 115 114 114 114 115 115 115 116 116
 117 117 118 118 118 119 120 121 121 121 120 121 122 123 121 120 120 122
 122 122 122 123 124 125 124 123 122 122 122 122 122 122 123 123 122 120
  87  44  30  26  24  23  21  20  20  20  20  20  18  18  18  18  18  18
  18  18  19  18  18  18  19  21  20  19  19  20  21  22  22  24  29  33
  36  39  37  37  36  36  40  41  52 103 128 131 131 133 135 136 135 136
 137 138 138 138 137 137 139 138 138 137 137 137 137 137 137 138 138 138
 137 138 138 138 137 138 138 138 138 140 142 142 140 140 141 141 141 141
 141  30]","[ 29  29  87  88  89  90  90  89  88  89  90  93  94  94  94  95  94  94
  93  93  94  95  97  98  96  97  97  99  99  99 100 101 101 101 100 100
 101 102 103 104 105 105 105 105 104 105 106 107 108 108 107 108 108 107
 107 108 109 110 111 112 113 114 115 115 114 114 114 115 116 116 116 117
 117 117 117 117 118 119 121 122 122 121 120 121 123 123 121 120 120 121
 122 121 122 123 125 126 125 124 123 123 123 123 124 123 122 123 123 122
  90  46  30  24  22  21  20  19  18  18  19  19  19  19  19  19  18  18
  18  18  19  19  19  19  19  20  20  19  19  20  22  23  24  25  29  32
  37  39  38  38  37  37  40  40  48 102 130 131 132 133 134 136 136 137
 137 138 138 138 138 138 139 139 138 138 138 138 138 138 138 138 138 138
 138 138 139 138 137 138 139 138 139 140 142 142 141 142 142 142 142 143
 142  30]","[ 29  29  88  88  89  90  89  88  89  89  91  92  93  94  94  95  95  94
  93  94  95  97  97  97  97  97  97  98  99  99 100 102 101 100 100 101
 102 103 103 103 105 105 106 106 106 106 107 108 108 107 107 108 108 108
 108 109 109 110 111 112 114 115 115 114 114 114 115 116 116 116 116 117
 116 116 117 117 118 119 120 121 121 120 119 121 123 123 122 122 120 121
 122 121 122 123 124 124 124 124 123 123 124 125 125 125 123 124 122 122
  91  47  30  26  23  21  19  17  17  17  18  18  19  19  19  19  18  18
  17  17  18  19  20  19  19  19  19  19  19  21  23  24  25  26  30  33
  38  39  37  37  38  38  40  39  44  96 129 131 133 135 136 137 138 138
 138 138 139 139 138 138 139 139 139 139 139 139 139 140 138 139 139 138
 139 139 140 139 139 140 140 140 140 141 141 142 142 143 143 143 143 143
 142  29]","[ 29  29  88  88  89  90  89  88  90  90  90  92  93  94  94  95  96  95
  94  95  96  97  97  97  97  97  97  98  98  98 100 101 101 101 101 102
 103 104 104 104 104 105 106 107 108 109 109 109 109 108 108 109 110 110
 110 111 111 111 111 113 115 117 116 114 115 115 116 117 117 116 116 116
 117 117 119 119 120 121 121 122 123 121 121 122 123 122 123 123 121 122
 123 123 123 123 122 121 123 123 123 124 125 126 126 126 125 125 121 122
  93  48  31  29  24  22  20  18  17  18  18  19  19  19  19  19  19  18
  17  17  17  18  20  19  18  19  19  20  20  21  23  24  25  26  30  34
  39  39  37  37  38  38  40  38  38  88 127 132 135 137 139 138 138 138
 138 139 139 139 139 139 139 140 140 141 140 140 139 139 140 140 139 139
 139 140 140 140 140 142 142 142 142 142 142 142 143 144 144 143 143 144
 142  29]","[ 29  29  88  88  89  90  90  89  90  90  90  92  93  94  95  95  95  95
  95  96  97  97  96  96  96  97  97  99  99  99 100 101 102 102 103 103
 104 105 105 105 105 105 105 107 109 110 110 110 109 109 110 111 111 111
 111 112 112 112 113 114 115 116 116 115 116 116 117 118 118 117 116 115
 117 119 121 122 122 122 122 122 124 123 123 124 123 122 122 124 123 124
 125 124 124 124 124 123 125 125 125 126 127 127 127 126 126 125 122 125
  97  48  29  28  25  23  21  19  18  18  18  18  19  19  18  19  19  19
  18  17  17  18  19  19  18  19  19  19  20  22  23  24  24  26  30  34
  38  39  37  38  38  38  40  39  40  86 130 135 135 136 138 136 138 138
 138 139 140 140 140 140 140 141 142 142 141 141 140 140 140 140 139 139
 139 140 140 139 141 142 142 142 142 143 144 144 144 145 145 143 143 144
 143  29]","[ 29  29  88  88  89  90  91  90  90  89  90  92  94  95  95  95  94  95
  96  97  97  96  96  96  96  96  98 100 100 100 101 102 101 102 102 103
 104 104 105 105 106 105 105 107 109 110 110 110 110 110 110 111 111 111
 111 112 112 113 114 114 114 115 116 116 117 117 118 120 119 117 116 115
 117 119 121 122 123 122 122 121 122 122 123 125 124 122 123 126 126 126
 125 124 124 125 126 126 128 128 128 128 128 128 126 125 126 126 125 130
 102  50  27  25  24  23  21  19  18  17  17  17  18  18  18  18  19  19
  18  17  18  18  18  18  18  19  19  18  21  22  23  24  23  25  29  34
  37  39  37  38  38  38  40  40  37  83 130 137 136 137 141 138 139 138
 139 140 141 142 142 142 141 142 143 144 143 143 143 143 140 140 139 138
 138 139 139 138 141 141 142 141 142 143 144 145 145 146 145 144 143 145
 143  29]","[ 29  29  88  89  90  91  92  92  91  91  91  91  92  94  96  95  95  95
  96  97  97  96  96  97  97  98 100 101 101 101 101 102 102 102 103 104
 105 104 104 104 104 105 105 106 108 110 110 110 110 110 110 111 112 113
 113 113 114 115 115 115 115 116 117 117 117 117 117 118 119 121 121 120
 119 120 122 122 122 121 121 122 121 123 125 125 125 124 124 124 126 125
 123 123 125 126 128 129 129 129 129 128 128 129 129 128 130 127 124 129
 100  47  26  26  25  23  21  18  17  17  17  18  18  18  19  19  18  17
  17  16  17  17  17  18  19  19  20  20  19  20  21  23  23  24  28  32
  37  37  38  38  38  38  38  39  35  75 125 140 138 138 140 136 138 140
 142 143 143 144 145 145 144 144 143 143 142 142 142 142 142 142 140 138
 136 137 139 141 141 142 144 144 145 145 145 145 146 146 146 144 145 144
 145  27]","[ 29  29  88  89  90  90  90  91  90  90  89  89  91  93  94  94  95  95
  96  97  97  96  96  97  98  99 100 101 101 101 102 103 101 102 103 104
 105 105 105 106 106 106 106 106 107 109 109 109 110 110 110 111 112 113
 114 114 114 114 114 115 115 116 117 118 117 117 117 118 119 121 122 121
 121 122 122 123 123 123 123 122 124 125 125 125 125 125 126 126 128 128
 127 127 128 129 130 130 129 129 129 129 128 128 129 129 130 127 126 129
 102  47  28  26  24  22  20  19  19  19  18  18  17  18  18  18  16  16
  17  18  18  18  18  18  19  20  21  22  20  20  21  22  23  24  27  31
  35  36  37  37  37  37  38  38  37  71 122 140 137 139 140 139 140 142
 144 145 145 145 146 146 146 145 145 145 144 144 144 144 143 142 140 138
 136 137 139 141 142 143 144 145 145 145 145 146 146 146 146 144 145 144
 146  29]","[ 29  29  89  90  90  89  89  90  91  91  90  90  92  94  95  94  95  95
  96  97  97  96  97  98  99  99 100 100 100 101 102 103 102 102 104 105
 105 105 106 107 107 107 106 106 107 109 109 109 110 111 112 113 113 114
 114 115 115 115 115 115 115 117 119 120 118 118 119 119 120 122 122 122
 123 122 122 123 124 125 125 124 126 126 126 125 125 125 127 128 130 129
 129 129 130 130 130 130 128 129 129 129 128 129 129 129 129 127 128 128
 102  44  29  24  23  21  19  19  20  20  19  17  17  18  18  17  16  16
  17  19  19  19  18  18  19  20  22  23  22  21  22  23  23  24  28  31
  34  36  38  38  38  38  39  40  35  62 117 139 137 141 142 142 142 143
 145 146 146 146 146 146 146 146 146 146 145 145 145 145 144 143 142 140
 138 139 141 142 143 144 145 145 145 145 146 146 146 146 146 145 146 145
 147  29]","[ 29  28  89  91  91  89  89  90  94  93  92  92  93  95  96  95  96  96
  97  97  97  97  98  99  99  99 100 101 101 102 103 103 103 104 105 106
 105 105 106 107 108 108 107 107 108 110 111 111 111 112 113 114 115 115
 115 116 116 116 116 115 116 118 120 121 121 121 121 121 121 122 122 122
 122 122 122 123 124 125 126 126 126 127 127 126 126 126 128 129 130 129
 129 129 130 130 130 130 129 129 129 129 130 130 130 129 129 130 130 131
 100  42  27  23  22  20  19  19  20  19  18  18  19  19  19  18  16  17
  18  19  19  19  18  17  18  19  21  22  24  23  23  23  24  25  28  31
  35  37  39  40  40  39  40  41  36  55 116 139 140 144 144 143 144 144
 145 146 146 146 145 146 146 146 146 146 146 146 146 146 146 145 144 143
 142 142 143 144 144 145 146 146 146 146 147 147 147 147 147 146 146 145
 147  29]","[ 29  29  89  91  92  91  91  92  95  94  93  93  94  96  96  95  97  97
  98  99  99  99  99 100  99 100 101 102 103 104 104 104 104 105 106 106
 106 105 106 108 108 108 108 109 110 111 111 111 111 112 113 114 115 115
 115 116 117 116 116 116 117 118 120 121 122 122 123 122 122 122 122 122
 122 122 123 123 123 124 125 126 127 128 128 128 128 128 129 130 130 130
 129 129 130 131 131 131 131 130 130 130 132 133 132 130 129 133 133 137
  99  41  27  24  23  20  19  19  18  17  17  18  20  19  18  18  18  18
  18  19  19  19  18  18  18  19  20  20  23  22  22  23  23  24  27  30
  35  37  39  40  40  39  40  41  40  53 114 138 144 144 147 143 146 145
 145 147 147 146 146 146 146 146 147 147 147 147 147 147 146 146 146 145
 145 144 144 144 145 146 146 147 147 147 147 148 148 147 147 146 147 146
 147  29]","[ 29  29  89  90  91  92  93  92  95  95  95  94  95  96  96  95  97  97
  98  99  99  99  99 100  98  99 101 102 103 104 104 104 104 104 105 106
 106 106 108 109 109 109 109 109 110 111 111 110 111 112 113 114 114 115
 115 116 116 117 117 117 118 119 120 121 121 122 122 122 121 122 122 122
 122 123 124 124 123 123 124 125 126 128 129 129 129 129 129 130 130 130
 129 129 130 131 132 132 132 131 130 131 133 134 133 130 129 132 132 138
  96  37  26  24  23  21  19  19  18  16  16  18  18  18  17  17  18  19
  19  18  19  19  19  18  19  19  19  20  23  22  22  23  23  23  26  29
  35  37  39  40  40  40  40  40  39  47 103 132 143 143 147 145 146 145
 145 147 148 147 146 146 147 147 148 148 148 147 147 147 145 145 146 146
 145 145 144 144 145 145 146 146 146 146 147 147 148 148 147 146 148 147
 148  29]","[ 29  29  88  88  90  93  94  92  93  95  95  95  96  96  97  97  96  97
  98 100 100 100 100 100  99 100 101 102 103 104 104 104 104 104 104 106
 107 108 109 111 110 110 110 110 110 112 112 112 113 113 113 114 115 116
 116 116 116 117 118 119 120 121 121 122 121 122 122 122 122 122 122 122
 123 123 124 124 125 125 125 126 127 128 129 129 128 128 129 130 131 130
 130 130 130 131 132 132 132 132 132 133 134 134 133 132 131 131 131 136
  96  33  25  24  24  21  19  19  18  16  16  18  18  17  17  17  17  18
  18  18  19  19  18  18  19  19  20  20  22  22  23  24  24  24  26  30
  34  36  38  40  40  40  40  40  38  41  88 130 144 144 146 147 146 145
 145 148 149 148 146 146 148 149 149 149 149 149 148 148 146 146 146 146
 146 146 146 145 146 146 147 147 147 147 148 148 150 149 148 147 150 149
 149  30]","[ 29  30  88  86  89  93  94  91  92  93  95  95  96  96  97  97  97  98
 100 102 102 101 101 101 102 102 103 103 104 105 105 105 104 104 104 105
 107 108 110 111 110 110 110 110 111 113 114 114 114 114 114 115 116 117
 118 118 116 118 120 121 122 123 123 123 121 123 123 123 122 123 123 123
 123 123 124 125 127 128 127 127 128 129 129 129 128 129 130 132 132 131
 131 131 131 132 132 132 133 134 135 135 135 135 135 135 136 133 133 136
  98  32  27  25  25  21  18  19  20  18  17  18  18  18  18  17  17  17
  18  19  18  18  18  18  18  19  20  21  22  22  24  25  24  24  26  30
  33  34  37  39  40  40  40  40  40  41  81 134 147 147 143 147 147 146
 147 150 152 150 148 147 150 151 151 151 151 150 150 149 148 147 147 147
 147 147 148 148 148 149 149 149 149 150 151 151 152 150 149 148 151 150
 149  29]","[ 30  29  89  90  91  89  96  93  94  95  95  95  96  96  97  98  96  98
 101 102 102 101 101 101 101 102 104 104 105 106 106 105 106 107 107 108
 108 109 111 112 110 110 110 111 113 114 115 114 115 115 116 116 116 116
 116 116 117 118 120 121 122 122 123 124 123 123 123 123 124 125 125 125
 126 126 126 127 128 129 130 130 129 130 131 131 130 130 130 131 131 131
 131 131 131 132 133 133 134 135 136 136 135 134 134 135 137 131 131 140
  90  29  29  23  24  21  19  18  18  18  18  18  17  17  17  18  17  17
  18  18  17  17  18  18  19  19  19  19  21  23  23  23  24  25  26  30
  34  35  37  38  40  40  40  39  40  44  64 137 148 145 144 149 146 147
 149 150 151 151 150 149 150 150 151 151 151 151 150 150 151 149 147 147
 147 147 147 148 149 149 150 150 150 150 150 150 150 151 149 148 147 150
 151  28]","[ 28  29  92  90  90  91  92  96  95  95  95  94  94  94  95  96  97  99
 101 102 102 102 102 103 101 102 104 104 105 106 107 107 107 108 108 109
 109 109 110 110 111 111 111 112 113 114 114 113 115 116 117 116 115 115
 115 116 116 117 119 121 122 122 123 123 124 124 124 124 125 125 126 127
 127 128 128 129 129 130 130 131 131 132 132 132 131 131 131 132 132 132
 132 133 134 135 136 136 135 136 137 137 136 136 136 137 132 138 137 137
  92  34  21  23  23  21  19  18  18  18  18  18  17  17  17  17  17  17
  18  18  18  18  18  19  19  19  20  20  20  23  24  23  23  23  25  28
  32  34  36  38  38  38  38  38  38  39  54 129 145 146 146 149 148 149
 150 151 152 152 152 151 152 152 152 152 152 152 151 151 150 148 147 147
 147 147 147 147 149 150 150 150 151 151 151 151 153 148 152 148 149 150
 153  31]","[ 30  30  88  87  92  95  93  96  95  95  94  94  94  95  96  97  97  99
 100 101 102 102 102 103 102 103 104 105 106 107 108 108 106 107 108 109
 109 110 110 110 110 111 112 113 114 114 115 114 116 117 117 117 116 115
 116 117 118 120 122 123 123 124 124 124 124 124 124 124 124 125 126 126
 128 129 130 130 130 130 130 131 132 133 133 133 132 132 132 132 132 132
 133 134 134 135 136 136 135 136 136 137 136 136 136 137 139 135 136 136
  86  35  22  26  23  21  19  18  18  18  18  18  18  18  18  17  17  17
  18  19  19  18  18  18  18  18  18  19  20  24  25  25  25  24  26  29
  30  33  36  37  36  35  35  36  37  39  41 113 146 147 144 148 149 149
 150 150 151 152 152 153 152 152 151 152 152 152 151 150 152 151 150 150
 150 149 149 149 150 150 151 151 152 152 153 153 148 152 147 151 159 150
 149  27]","[ 27  32  90  91  92  87  94  93  93  94  94  93  94  94  95  96  98  99
 100 101 101 101 101 101 102 103 104 104 105 107 108 108 108 109 110 111
 111 112 111 111 111 111 113 113 114 114 115 116 116 116 116 116 116 117
 117 118 120 121 122 123 123 123 123 123 125 125 125 124 124 124 125 125
 127 129 130 131 130 130 130 131 132 133 133 133 133 132 133 133 134 134
 135 136 136 136 136 136 136 136 137 137 137 137 137 138 138 134 139 141
  80  30  23  24  23  20  18  18  17  17  16  16  17  17  17  16  16  16
  17  17  21  20  20  19  19  20  20  21  19  22  23  23  24  25  26  29
  31  33  36  36  35  33  33  33  38  41  42 104 146 143 147 151 150 150
 151 151 152 153 153 154 153 152 151 152 153 153 152 151 152 151 151 151
 151 150 150 150 149 149 150 150 151 151 152 152 150 155 151 153 147 151
 158  30]","[ 30  27  91  90  91  89  97  95  96  96  97  96  96  95  95  96  98  99
 101 102 102 101 101 101 102 103 103 104 105 107 108 108 109 110 110 111
 111 111 110 110 111 111 112 112 112 112 113 114 117 116 116 117 120 121
 122 121 122 122 123 123 124 125 126 126 127 127 127 127 127 127 126 126
 127 129 130 131 130 130 131 131 133 133 133 133 133 133 133 133 134 135
 135 136 136 135 135 134 135 136 136 137 137 137 137 137 136 137 134 135
  80  32  25  22  24  22  20  19  18  17  16  16  17  17  17  17  16  17
  18  19  18  18  17  17  17  18  19  20  21  22  22  23  25  26  27  29
  31  32  34  35  35  34  33  33  34  33  35  88 144 144 152 150 151 151
 152 152 153 154 154 154 153 152 152 152 153 154 153 152 153 152 151 152
 152 151 150 150 150 150 151 151 152 152 153 153 157 150 151 152 152 154
 150  28]","[ 31  26  95  92  93  95  93  92  95  95  96  96  96  95  95  96  98  99
 100 101 102 102 101 101 103 103 104 105 106 108 109 109 108 108 110 111
 112 112 112 111 111 112 112 113 113 114 115 117 117 116 116 118 120 122
 122 122 122 122 123 123 124 126 128 129 128 128 129 130 130 129 129 129
 128 129 130 131 131 131 132 132 134 134 133 133 133 132 132 133 135 135
 136 136 136 136 135 135 136 137 137 138 138 138 138 138 142 137 138 142
  83  30  26  24  22  20  19  18  18  17  15  15  15  16  16  16  16  17
  18  19  18  18  18  17  18  19  19  20  23  23  22  22  25  26  26  27
  29  29  31  33  34  35  34  34  32  41  37  73 142 144 146 152 151 152
 152 153 153 153 153 153 152 152 152 152 153 154 153 153 153 152 151 152
 152 152 151 151 152 152 152 152 153 153 154 154 151 153 154 152 155 151
 157  30]","[ 28  34  90  93  93  94  92  97  94  95  95  96  96  96  97  97 100 101
 101 102 102 102 102 102 103 104 105 105 105 107 107 107 107 108 109 110
 112 112 112 112 111 111 112 112 113 114 115 116 119 119 120 120 122 122
 122 122 122 123 124 124 125 126 127 128 129 129 130 130 130 130 130 130
 130 130 131 131 131 131 132 132 133 133 132 132 132 132 132 132 135 136
 136 136 137 136 136 136 137 137 138 138 138 138 138 138 135 133 141 137
  81  31  28  27  22  20  19  19  19  18  17  17  17  18  18  18  18  19
  19  20  18  17  17  17  17  18  18  19  23  24  23  22  24  24  24  25
  28  28  29  30  32  33  32  32  34  39  30  62 135 151 148 150 153 154
 154 154 154 154 154 154 154 154 154 154 154 154 154 154 153 152 151 152
 152 152 152 152 152 152 152 152 152 153 153 153 152 154 154 155 153 156
 151  29]","[31 27 30 28 29 29 30 28 29 29 29 29 29 29 29 30 29 29 29 29 29 29 29 29
 28 29 29 29 29 29 29 29 29 29 29 29 30 29 29 28 29 29 29 29 29 28 28 28
 28 29 30 30 29 29 29 29 29 29 29 29 29 29 29 29 28 28 28 29 29 29 29 29
 29 29 28 28 29 29 29 29 30 29 29 29 29 29 29 29 29 29 29 29 29 29 29 29
 29 29 29 29 29 29 29 28 29 31 30 27 29 29 30 28 30 29 28 29 29 29 28 28
 29 29 29 29 29 29 29 29 29 29 29 29 29 29 29 29 28 30 29 29 30 29 28 30
 29 29 29 29 29 29 29 29 29 30 29 30 29 26 31 29 29 29 29 29 29 29 29 29
 29 29 29 29 29 28 28 29 30 29 28 29 29 29 29 29 29 29 29 29 29 29 29 29
 29 30 28 27 30 30 27 31]"
