"[ 34  67  53  67  66  64  53  58  60  59  59  65  73  79  81  81  73  83
  97 107 113 116 118 119 116 114 113 112 109 100  88  79  71  67  63  65
  67  66  60  54  40  37  18  14  33  32  21  27  56  53  50  48  47  43
  36  30  36  39  39  49  42  38  58  57]","[ 63 102  92 104 104 108 108 121 114 114 115 119 124 129 131 132 141 150
 164 179 194 209 222 230 245 247 250 249 249 243 231 223 203 188 164 144
 131 126 124 123  94  88  75  59  37  16  22  49  84  81  76  71  66  62
  60  58  55  65  58  59  67  92 112  89]","[ 43  88  80  86  78  80  81  94  85  88  92  96 100 105 110 114 102 106
 112 118 126 135 144 150 165 177 196 216 234 246 253 253 249 250 249 238
 215 183 152 132 128 106 102 105  90  76  84 101  84  81  75  68  63  62
  64  67  63  69  64  74  95 124 136 102]","[ 56 106 100 101  87  85  78  83  78  81  84  85  85  86  91  96 101 103
 106 107 107 106 105 104 108 115 125 136 149 165 181 193 226 234 246 254
 254 255 253 251 223 180 150 127  96  88  98  98  67  63  59  56  58  61
  64  65  68  66  71 104 121 122 122  98]","[ 56 108 101 101  93  97  90  91  85  86  86  81  74  71  71  73  75  77
  82  88  93  97  99  99 110 110 108 104 102 105 113 120 130 135 144 159
 178 202 224 238 244 254 254 232 155 104  78  52  70  65  62  65  73  79
  79  76  82  90 103 131 133 123 122 101]","[ 61 115 107 105  97 108 106 105 100  99  97  94  89  87  86  87  76  73
  69  67  69  72  74  75  77  81  87  92  96 101 105 108  99 103 109 116
 122 125 126 126 163 190 198 153  95  73  73  67  70  68  68  74  81  87
  87  85  96 120 128 130 123 128 134 104]","[ 66 130 130 125 111 117 111 108 101  98  96  94  94  93  92  90 109 102
  93  86  81  77  73  70  61  62  65  70  75  77  77  76  97  92  87  86
  90  96  99  99  88 104 102  85  79  75  64  55  62  66  73  77  81  87
  93  99 114 131 129 126 121 129 135 104]","[ 93 170 183 182 163 161 149 142 128 123 116 111 109 105  99  95  90  89
  91  94  96  94  89  84  91  84  76  72  70  69  65  62  63  60  60  67
  76  83  83  81  80  81  61  53  67  65  51  53  63  74  86  90  90  97
 112 125 139 131 124 140 140 131 130 109]","[ 71 162 155 157 162 168 170 175 174 173 170 164 154 143 132 125 119 114
 106  98  92  90  90  90  86  88  90  91  90  86  82  79  74  69  62  56
  54  53  52  51  48  46  46  52  56  57  60  65  80  83  85  87  98 117
 134 143 136 138 132 139 139 138 139 109]","[ 73 164 154 152 151 151 149 150 147 150 155 162 168 173 177 179 171 168
 162 153 143 132 123 118 113 105  93  82  76  78  83  87  80  76  72  68
  66  63  60  58  47  37  32  37  48  58  68  75  87  89  94 106 126 142
 145 138 141 143 136 141 140 139 138 109]","[ 89 182 174 169 165 163 158 157 159 157 154 151 149 148 149 150 158 161
 165 170 174 176 177 177 174 167 154 137 121 106  95  89  92  88  83  78
  72  65  58  52  49  36  27  33  47  63  76  86  93 105 121 138 153 160
 153 142 147 148 140 144 142 140 139 109]","[ 98 197 193 191 189 191 187 185 180 177 171 165 160 157 156 155 146 145
 143 143 144 148 152 155 162 165 170 170 163 150 137 128 118 112 104  94
  83  72  61  55  53  43  36  38  48  61  78  91 106 131 158 169 166 161
 157 155 150 151 142 146 143 141 141 111]","[ 94 196 197 195 195 199 197 194 189 189 189 188 188 187 186 186 179 175
 167 159 151 146 143 142 138 139 140 141 141 142 142 142 140 134 124 113
 103  94  86  81  65  57  48  44  46  59  84 106 138 160 182 185 176 168
 164 163 153 153 144 148 145 144 144 115]","[ 96 200 202 197 195 199 196 193 196 196 197 196 193 189 185 182 191 192
 193 193 191 186 181 177 170 166 160 152 144 139 135 134 141 136 129 123
 118 114 110 107  94  85  73  63  60  76 110 140 174 181 187 189 188 185
 175 165 157 157 147 151 148 147 147 118]","[100 205 207 201 198 203 202 198 196 198 200 202 202 202 201 200 190 192
 194 195 192 188 183 179 187 188 189 188 184 177 170 165 151 148 145 142
 139 135 130 126 124 116 105  97  95 108 137 162 184 188 191 192 193 191
 181 170 165 165 153 155 152 149 149 120]","[ 92 200 202 197 195 204 204 201 202 202 202 202 201 200 199 199 200 199
 198 197 197 197 198 199 191 191 189 188 186 184 183 182 180 178 175 172
 167 159 150 144 137 131 125 123 123 130 146 161 174 188 199 198 190 184
 181 179 172 170 158 159 154 151 150 121]","[ 95 198 201 201 201 204 202 201 200 195 197 204 203 195 197 206 200 200
 199 199 198 197 196 196 198 189 191 196 192 191 190 181 175 182 185 181
 175 171 169 168 154 144 136 135 138 144 155 164 180 187 195 198 194 189
 188 188 180 175 166 164 151 152 155 117]","[ 96 199 201 200 200 203 202 202 201 203 201 199 201 205 200 191 198 197
 197 196 196 197 197 198 196 199 201 191 184 195 198 182 192 185 177 175
 176 175 172 170 160 151 142 141 144 149 159 169 181 188 195 197 194 190
 188 189 184 179 170 168 155 155 158 119]","[ 98 199 200 198 198 202 202 202 200 199 196 193 195 199 201 199 199 198
 196 195 195 195 196 197 184 190 198 194 187 196 198 183 197 188 184 187
 187 179 174 175 168 159 151 149 150 155 165 174 182 188 195 197 194 191
 189 189 188 184 176 174 161 160 161 122]","[ 99 200 199 197 196 201 202 203 196 193 197 204 202 193 195 205 202 201
 198 195 194 194 195 196 201 189 188 190 186 188 189 181 146 151 168 187
 189 178 174 179 172 165 158 155 155 158 167 178 185 189 195 197 195 192
 190 190 191 188 181 180 167 165 164 124]","[ 99 200 199 197 196 200 201 201 195 194 192 191 197 202 199 192 200 199
 198 196 196 196 197 197 195 194 199 198 195 193 168 128  85  91 114 148
 172 179 178 178 173 167 161 158 156 159 168 179 187 190 194 196 196 194
 192 190 191 189 184 185 172 169 167 125]","[ 98 199 200 198 196 200 199 200 198 188 156 127 145 192 210 195 194 195
 196 196 197 198 198 198 188 189 173 145 145 171 157 106  89  78  80 109
 153 182 184 174 173 168 164 161 158 160 170 181 189 191 194 196 197 195
 193 191 190 190 186 189 176 173 170 127]","[ 97 199 200 199 197 200 198 198 201 177 135  99 101 138 178 197 194 195
 196 196 196 194 192 190 207 169 115  72  70 109 133 122 113  99  84  92
 131 172 185 177 175 171 167 165 162 163 174 186 191 192 194 196 197 196
 194 192 190 191 189 193 181 177 173 131]","[ 96 199 201 200 198 200 197 196 201 174 154 139 106  83 117 174 197 198
 198 197 193 188 183 180 180 132 104 104  94  77  71  71 102 101  90  84
 107 151 180 185 176 173 170 168 165 166 177 189 191 192 194 196 197 197
 194 192 191 192 191 195 184 180 176 133]","[ 95 198 198 196 195 198 196 196 195 190 176 149 116  95  96 105 188 185
 190 202 196 164 122  95 101  88  91  93  83  84  80  57  90  96  97  90
  89 110 151 185 184 173 165 164 164 167 177 188 188 189 192 194 195 194
 192 191 191 192 191 196 185 183 180 138]","[ 95 197 198 196 194 198 196 196 197 196 188 166 136 109  95  92 114 183
 196 184 191 150 100 108  84  66  67  81  82  75  73  73  67  83 100 104
  98  98 109 122 162 169 177 175 162 156 167 185 188 190 192 194 195 194
 193 192 191 189 187 195 190 189 184 138]","[ 95 197 197 195 194 197 196 196 196 198 198 187 165 135 106  88  76 127
 179 195 179 151 133 129 115  93  85 104 112  89  78  95  81  93 106 111
 107 104 108 114 124 139 158 166 161 159 170 186 189 190 192 194 195 195
 194 194 192 188 184 195 193 194 186 136]","[ 94 197 197 195 194 197 196 195 191 195 199 198 188 165 132 106  94  82
 127 183 183 166 161 150 137 119 100 111 127 104  84  98  91  93  93  92
  92  97 105 112 106 108 118 134 151 165 174 178 189 190 192 194 195 195
 195 195 194 190 187 195 189 188 180 132]","[ 94 197 197 195 193 197 195 195 190 194 196 197 196 185 160 136 112  95
  84 123 178 173 149 159 145 133 105  99 118 114  97  98  88  87  86  86
  87  90  93  96 111 103  98 106 128 151 165 168 189 190 191 193 194 195
 196 196 195 193 189 191 179 175 170 127]","[ 94 196 196 194 193 196 195 195 193 196 195 191 193 192 179 162 125 103
  88 100 132 162 164 148 164 155 125 100 101 105  91  77  80  77  74  75
  81  90  98 103 106 104  99  96 107 133 160 175 188 189 190 191 193 194
 195 196 193 191 183 181 166 163 163 123]","[ 93 196 196 194 193 196 195 194 191 196 195 188 188 193 189 179 151 113
 117 119 100 135 163 126 138 137 131 113  95  90  78  54  58  53  48  49
  58  74  89  99  94  99  99  95 102 128 158 177 187 187 188 189 191 193
 195 196 190 182 169 167 157 159 161 122]","[ 93 196 196 194 193 196 194 194 186 194 194 186 186 193 194 187 173 154
 133 122 116 108 107 110  88 101 131 140 121 112 103  78  51  50  51  54
  60  68  75  79  94  97  96  94 106 130 152 162 186 186 187 188 190 192
 194 195 187 174 157 157 152 160 163 122]","[ 91 196 197 194 190 194 192 190 190 189 189 189 188 188 188 187 185 173
 152 132 122 120 116 111 102  86  85 106 133 148 125  85  70  61  53  52
  51  54  68  84 103  96  96  96 100 124 154 164 182 188 188 185 189 194
 186 170 158 158 156 162 155 159 162 123]","[ 90 194 193 189 186 190 189 188 186 186 185 185 185 184 184 184 186 180
 166 147 133 126 121 116 100  81  73  81 100 123 124 104  83  83  79  66
  54  58  83 107 107  98  97  98 102 126 155 166 174 187 195 191 186 183
 172 158 158 158 156 162 155 159 162 123]","[ 96 196 193 190 188 191 191 192 188 188 188 188 187 187 186 186 187 188
 182 167 151 139 130 123 110  90  74  65  66  84  97  92 110 100  86  78
  84 101 115 121 113 102 100 101 105 128 157 168 171 186 194 186 173 165
 158 151 157 157 156 162 155 159 162 123]","[ 97 194 189 186 185 188 188 191 187 187 187 186 186 186 185 185 184 187
 186 177 166 155 140 128 111  95  83  72  61  63  68  63 103  93  84  89
 113 136 138 128 119 105 102 105 109 129 156 168 174 181 180 168 155 152
 154 156 156 157 155 161 154 158 161 122]","[ 86 180 174 172 172 174 173 177 176 175 175 175 174 174 174 174 174 175
 174 173 171 163 145 127  98  86  83  82  74  72  69  59  68  77  90 107
 125 138 139 134 122 106 102 107 111 129 154 165 170 169 163 153 148 150
 155 158 155 155 153 159 153 156 159 121]","[ 79 171 164 165 165 165 164 168 167 167 167 167 166 166 165 165 165 163
 161 162 166 163 147 129 105  89  84  87  83  82  80  70  70  71  86 117
 144 150 140 128 122 104 101 108 113 127 149 160 157 156 154 153 153 154
 154 153 153 153 151 157 150 154 157 118]","[ 80 170 163 167 167 166 163 167 166 166 166 165 165 164 164 164 163 162
 159 159 162 162 152 139 127 105  94  91  83  81  82  76  93  75  79 118
 155 160 143 130 120 102  99 109 113 124 143 153 150 151 152 155 155 154
 151 150 150 151 149 155 148 152 155 116]","[ 80 170 163 167 169 166 162 166 164 164 164 163 163 163 162 162 166 167
 165 162 162 163 157 150 137 114 100  94  83  80  83  80  90  77  85 119
 142 141 139 147 119  99  98 109 113 123 140 149 152 152 153 154 152 149
 150 153 149 149 148 154 147 150 154 115]","[ 82 171 163 165 166 165 163 166 166 166 166 165 165 165 164 164 163 164
 165 166 165 163 160 158 150 128 109 101  94  84  84  90 101  86  87 114
 142 149 139 130 114 105  99 103 113 125 138 148 149 149 149 149 148 148
 148 147 145 151 145 147 143 144 144 113]","[ 82 171 163 164 166 165 162 165 165 165 165 165 164 164 163 163 163 164
 165 165 164 162 160 159 152 137 122 112  99  85  84  92 103  93  93 113
 137 146 138 129 113 103  98 104 116 128 139 147 147 147 147 146 146 145
 145 145 144 150 144 146 142 143 143 112]","[ 82 171 162 164 165 165 162 165 164 164 164 163 163 163 162 162 165 164
 164 163 162 161 161 160 157 147 137 127 109  92  88  95 104 102 102 110
 127 138 134 124 108  98  94 103 117 129 137 142 146 145 145 145 144 144
 144 144 143 148 142 143 140 141 142 111]","[ 81 170 162 164 165 165 162 165 163 163 163 162 162 161 161 161 165 164
 163 162 161 161 161 161 159 153 146 137 122 105  97  97 105 108 106 105
 113 125 125 116 102  93  90 101 117 129 135 138 145 145 144 144 144 143
 143 143 139 145 138 140 137 139 141 110]","[ 81 170 162 163 165 164 161 164 163 163 162 162 161 161 161 161 165 164
 163 161 160 160 160 161 160 154 147 142 133 121 109 103 105 109 107 100
 102 111 113 107 100  93  93 104 119 129 136 139 141 141 141 140 140 140
 139 139 136 142 135 138 136 139 142 112]","[ 80 170 161 163 164 164 161 164 163 163 163 162 162 161 161 161 163 163
 163 162 161 160 160 159 159 153 148 144 141 132 121 113 110 109 105  99
  98 101 103 101 102  97  98 109 121 130 138 144 137 137 137 136 136 136
 135 135 135 141 135 138 137 142 146 117]","[ 80 169 161 163 164 164 161 164 164 163 163 163 162 162 162 162 162 162
 163 163 162 161 159 158 157 156 153 148 143 137 130 125 117 111 105 103
 101  97  97 100 100  98 101 110 118 126 136 146 138 138 137 137 136 136
 136 136 137 143 137 141 141 147 152 124]","[ 80 169 161 162 164 163 161 164 164 164 164 163 163 163 162 162 161 162
 163 164 163 161 158 156 155 159 158 151 143 137 135 134 123 112 106 107
 105  97  96 101  97  97 100 107 113 120 132 144 141 141 141 140 140 140
 139 139 138 144 139 143 145 151 157 129]","[ 77 171 164 162 162 164 163 164 163 163 163 163 163 163 163 163 163 164
 165 165 165 165 164 163 161 161 162 161 159 152 143 136 136 125 113 105
  99  95  97 102 105 104 105 108 109 114 128 142 149 141 136 140 142 139
 139 142 141 141 139 147 144 153 161 126]","[ 82 176 169 168 168 170 168 170 174 174 174 174 174 174 174 174 172 173
 173 174 174 173 173 172 166 166 166 166 164 158 150 145 139 128 116 108
 101  98 103 111 106 105 105 106 107 111 124 138 148 141 137 140 141 139
 138 141 140 140 138 146 143 152 160 124]","[ 88 182 176 175 175 177 175 177 178 178 178 178 178 178 177 177 173 174
 174 175 175 174 174 173 170 169 168 168 167 163 158 154 142 132 120 109
 100  97 105 116 106 105 104 104 103 107 120 133 147 141 138 140 140 138
 138 140 138 138 137 145 142 151 159 123]","[ 91 185 180 179 180 181 179 180 178 177 177 177 177 176 176 176 172 172
 173 173 173 173 172 172 170 169 167 167 167 165 162 159 148 137 124 110
  98  93 100 110 105 103 102 101 101 104 118 132 145 143 141 140 139 138
 138 139 138 139 138 146 143 152 159 123]","[ 90 185 180 180 180 182 179 180 181 181 180 180 179 179 179 178 175 176
 176 177 177 176 176 175 170 169 167 167 167 167 164 162 157 146 132 119
 105  96  97 103 104 101 100 100  99 104 118 133 144 145 144 141 139 139
 139 138 139 140 140 149 145 153 160 124]","[ 88 184 179 180 181 182 179 180 181 181 181 180 179 178 178 178 175 176
 176 177 177 176 176 175 172 171 170 170 171 170 168 165 166 156 145 134
 122 110 104 104 105 102 100 100  99 104 119 134 144 148 148 143 140 140
 140 139 139 140 140 150 147 154 160 124]","[ 88 184 180 181 182 184 181 181 180 179 179 178 177 176 176 175 173 173
 174 174 174 174 173 173 172 171 171 172 172 171 168 165 169 161 154 150
 143 130 118 111 109 106 103 101 100 104 118 133 144 150 151 145 141 142
 142 139 138 139 140 149 146 153 159 122]","[ 90 186 182 183 184 186 182 182 182 182 181 180 179 178 178 177 174 175
 175 176 176 175 175 174 170 170 170 171 172 170 166 163 168 160 157 158
 156 143 127 117 113 109 105 102 100 103 117 131 145 151 153 146 141 143
 143 140 136 138 139 148 145 152 158 121]","[ 90 186 182 182 182 183 183 185 182 181 181 180 179 178 178 177 174 174
 173 173 173 172 172 172 174 174 173 172 171 171 170 170 165 168 165 157
 155 154 138 118 110 106 103 103 102 101 106 113 144 153 155 146 142 145
 142 132 132 137 133 141 147 154 158 126]","[ 93 190 186 186 185 185 184 186 184 184 183 183 182 181 180 180 177 177
 176 176 176 175 175 175 177 176 176 175 174 173 173 173 165 168 165 159
 158 157 143 125 118 113 109 109 108 105 106 109 145 156 160 151 145 146
 146 141 137 142 137 144 147 154 156 125]","[ 91 188 185 185 183 183 181 182 182 182 181 181 180 179 178 178 175 174
 174 174 173 173 173 172 174 174 173 173 172 171 170 170 163 166 164 159
 158 158 146 131 118 111 106 107 107 104 102 102 132 148 157 149 139 138
 140 139 134 139 134 139 140 145 147 116]","[ 94 192 189 190 189 189 186 188 187 187 186 186 185 184 183 183 178 178
 177 177 177 176 176 176 177 177 176 176 175 174 173 173 171 173 171 167
 166 165 155 143 127 117 110 111 114 113 111 112 125 145 161 158 147 141
 141 142 138 144 139 144 144 148 151 120]","[ 89 186 184 185 185 186 184 186 183 183 182 182 181 180 180 179 172 172
 172 171 171 171 170 170 171 171 170 169 169 168 167 167 170 170 167 164
 162 159 151 143 133 120 108 106 108 109 111 113 113 134 155 160 151 141
 137 136 131 139 135 140 140 144 148 119]","[ 96 193 189 189 188 190 190 193 189 188 188 187 186 185 185 184 177 177
 177 176 176 176 175 175 176 175 175 174 173 172 172 172 174 173 171 168
 166 162 156 151 143 130 116 110 108 107 110 114 113 130 152 162 159 149
 140 135 128 137 135 140 139 144 149 121]","[101 195 189 187 185 187 187 190 188 187 187 186 185 185 184 184 178 178
 178 177 177 176 176 176 176 176 175 175 174 173 172 172 173 172 170 169
 168 164 160 158 148 138 126 119 113 111 114 120 118 128 145 159 163 156
 144 136 130 139 137 141 140 143 149 122]","[ 63 157 149 144 141 142 142 146 146 145 145 144 143 142 142 141 138 138
 137 137 136 136 136 136 136 135 135 134 133 132 132 132 133 131 130 131
 130 127 125 125 115 108 100  95  89  85  89  95  90  95 107 122 131 126
 114 105 101 110 108 112 109 112 117  90]"
