"[28 60 40 58 48 46 57 59 58 58 58 59 59 60 60 61 62 61 59 56 54 51 49 48
 54 49 47 50 48 41 40 43 41 40 39 40 41 40 38 36 37 37 38 38 38 38 39 39
 40 40 39 38 37 36 36 35 29 32 32 30 32 38 40 39]","[ 61 105  89 102  90  85  91  88  97  98 100 102 105 108 109 111 104 104
 105 105 106 106 107 107  98  95  94  96  92  84  79  80  78  75  72  68
  65  61  56  53  51  51  51  52  52  52  52  52  56  56  55  54  53  52
  51  51  42  44  42  39  40  44  44  41]","[ 77 140 130 137 125 122 123 114  98  97  96  94  92  91  90  89  99  99
  99  99  99  99  99 100 110 107 108 111 111 109 110 113 102 100  96  94
  91  88  83  79  77  75  72  68  64  60  56  55  53  53  54  54  54  54
  55  55  53  54  52  48  49  51  49  44]","[ 85 167 163 164 156 158 158 149 150 148 145 140 134 129 126 124 111 109
 107 103  99  95  93  91  95  93  91  91  93  97 101 105 107 106 107 109
 111 112 111 109 101  99  96  92  87  82  79  77  68  67  65  63  61  59
  57  56  56  57  54  51  52  53  49  43]","[ 80 173 169 167 164 169 168 163 163 162 161 160 158 157 155 155 154 152
 149 144 139 135 131 129 113 112 109 105 101  98  96  94  97  96  96  98
 100 101 100  99 106 106 106 107 107 108 108 109 106 104 100  95  89  84
  81  79  70  69  66  62  63  62  55  46]","[ 75 171 164 161 163 166 163 162 165 165 165 165 165 165 165 165 163 163
 162 160 159 157 156 156 150 153 153 148 143 138 130 123 115 112 109 106
 104 100  95  92  99  99  99  99 100 100 100 100 109 109 108 107 106 105
 104 104  98  97  93  89  89  87  77  66]","[ 86 183 174 174 180 179 172 176 170 169 168 167 166 164 163 163 163 163
 163 163 164 164 164 164 165 166 162 155 154 159 161 159 158 155 152 148
 145 141 136 132 119 117 114 110 106 102  99  97 100 100 101 102 104 105
 106 106 109 108 106 104 107 106  96  85]","[ 80 177 169 173 183 180 170 177 173 173 173 173 173 173 173 173 170 170
 169 168 166 165 164 164 163 157 143 128 128 144 159 165 163 162 161 161
 163 162 160 158 156 154 151 147 143 138 135 134 118 116 113 109 105 101
  99  97  96  97  97  99 104 107  99  87]","[ 87 175 174 177 156 136 150 185 178 187 174 163 175 175 167 175 170 179
 179 159 181 167 167 169 174 127  70  41  52  86 125 149 166 169 162 157
 164 163 158 162 162 161 159 158 157 157 157 157 156 154 152 148 143 138
 134 132 123 125 114 112 108 109 110  78]","[ 92 156 174 176 101  60  81  97 150 176 183 177 177 168 163 176 181 171
 171 174 187 174 169 170 182  96  28  26  45  51  71 102 137 159 169 168
 171 168 163 166 165 164 163 162 161 161 160 160 160 160 160 159 157 156
 154 153 151 154 144 144 140 141 140 108]","[ 86 162 178 177 100  35  32  49  84 146 182 175 172 179 177 172 173 167
 180 188 140 110 113 131 160  91  49  65  76  56  54  75 116 156 180 179
 176 172 167 170 169 169 168 167 167 166 165 165 161 162 163 164 165 165
 165 165 162 167 159 161 158 158 157 124]","[ 73 189 179 171 153  84  30  47  45  88 138 169 182 181 175 173 179 164
 169 172  94  69  72  81 123  83  58  78 115 128 113  96  84 131 162 166
 168 171 173 177 171 171 171 171 171 170 169 169 166 166 167 167 167 167
 166 166 160 166 160 163 161 162 159 126]","[ 77 191 172 166 180 138  61  32  49  34  74 155 190 170 162 179 181 174
 179 155  49  32  60  79  89 103 101  74  53  66 101 129 103 143 170 174
 178 178 173 173 172 172 173 173 173 172 171 170 173 173 173 173 173 172
 171 170 166 172 167 171 170 170 168 134]","[ 91 169 169 176 170 170 123  45  42  25  46 100 147 175 182 174 165 149
 152 135  69  73 114 129 124  90  53  36  38  45  51  54 101 129 152 165
 177 176 171 174 171 172 174 175 175 173 172 171 173 173 174 175 175 175
 174 174 169 175 170 174 172 173 171 137]","[ 93 164 173 180 164 181 171 112  50  44  42  47  84 154 188 168 128  71
  68  99 130 149 158 133  65  46  34  39  44  43  43  49  39  55  71  92
 115 127 139 159 172 173 175 176 176 175 173 172 172 172 173 174 174 174
 173 173 169 174 168 171 170 171 169 136]","[ 81 179 173 167 165 173 174 173  94  52  33  40  55  99 151 172  61  27
  55  84  96  67  70  61  32  35  38  40  42  44  45  46  51  47  40  43
  53  57  76 107 172 174 176 177 178 176 174 173 178 178 178 177 176 175
 174 173 175 180 173 175 174 175 174 141]","[ 85 176 170 173 173 173 171 175 168  84  43  46  36  48 101 141  50  43
  54  63  51  39  40  41  36  41  44  42  38  37  42  49  44  45  43  40
  39  43  51  58 119 180 176 184 169 180 185 179 178 178 178 177 176 176
 176 175 176 178 175 179 173 179 179 136]","[ 85 176 170 173 173 172 171 175 184 151  82  39  41  38  50  89  69  47
  42  48  45  40  37  31  35  37  39  35  31  30  35  41  45  46  45  42
  39  39  44  49  99 172 178 184 173 182 182 179 179 179 178 178 178 177
 177 177 178 180 177 180 174 180 181 137]","[ 85 176 170 172 173 172 170 175 180 186 136  70  44  32  31  51  66  45
  38  43  38  34  32  25  31  32  31  27  23  23  27  31  38  41  44  43
  40  39  41  43  72 161 182 182 179 183 178 181 180 180 180 179 179 179
 179 178 179 181 179 182 176 182 183 139]","[ 84 176 170 172 173 172 170 174 169 173 178 135  60  36  47  39  39  35
  45  50  37  28  27  25  24  25  25  24  22  21  21  22  26  32  39  43
  43  42  43  45  54 148 186 180 182 183 175 184 181 181 181 181 181 181
 180 180 180 181 179 182 176 182 183 139]","[ 84 175 169 171 172 171 169 174 174 168 187 177 112  63  48  33  29  29
  42  49  37  30  28  23  19  20  22  25  26  24  20  17  21  28  37  43
  44  43  45  46  49 132 186 178 182 180 176 186 181 181 181 182 182 182
 182 182 179 181 178 182 176 181 182 138]","[ 83 175 169 171 172 171 169 173 175 180 170 173 173 116  52  40  42  31
  31  36  36  37  33  19  21  21  22  26  29  28  22  17  25  31  39  43
  43  42  43  45  50 110 180 179 182 178 179 185 181 181 181 181 182 182
 182 182 179 181 178 182 176 182 182 139]","[ 83 175 168 171 171 171 169 173 169 181 167 165 189 166  99  59  45  33
  31  33  33  38  37  24  29  26  23  25  28  29  24  19  30  35  41  43
  42  41  43  46  51  85 171 182 182 177 182 182 180 180 181 181 182 182
 182 182 181 183 180 183 177 183 184 140]","[ 83 174 168 171 171 170 169 173 169 174 184 175 170 187 153  69  32  33
  41  41  31  32  38  33  37  30  23  22  26  28  25  20  32  36  40  42
  42  42  46  50  50  68 164 184 183 177 184 179 180 180 180 181 181 182
 182 182 183 184 182 185 179 185 186 142]","[ 87 173 170 174 169 170 173 173 173 171 169 170 178 178 161 140  42  52
  29  35  37  25  39  31  37  36  35  32  23  17  22  32  39  39  39  40
  41  42  43  44  50  55 145 174 193 183 171 183 181 181 181 182 182 183
 183 183 182 184 181 185 179 185 186 142]","[ 86 171 168 172 167 169 172 171 170 172 172 173 177 179 172 162  81  37
  34  43  30  25  30  31  39  36  33  28  20  17  25  36  40  39  39  40
  41  42  43  44  48  52 127 177 189 180 178 185 181 181 181 182 182 183
 183 183 182 184 181 185 179 185 186 142]","[ 84 169 167 171 166 168 171 170 168 173 176 174 173 175 178 177 133  39
  39  47  27  28  23  33  38  34  29  24  18  17  27  40  40  40  40  40
  41  42  43  44  46  49 100 181 184 176 187 184 181 181 181 182 182 183
 183 183 182 184 181 185 179 185 186 142]","[ 84 169 167 171 166 168 172 171 170 174 175 173 170 170 173 176 168  76
  40  38  33  32  25  33  33  29  25  22  18  18  27  38  40  40  40  40
  40  41  42  43  46  48  76 181 183 174 192 179 181 181 181 182 182 183
 183 183 182 184 181 185 179 185 186 142]","[ 84 170 167 172 167 170 173 173 172 172 172 173 173 171 170 170 174 130
  46  25  42  34  30  30  27  24  23  24  22  20  26  34  41  41  40  40
  40  41  42  43  46  49  61 170 185 175 192 173 181 181 181 182 182 183
 183 183 182 184 181 185 179 185 186 142]","[ 84 169 167 172 168 170 174 173 173 169 169 174 178 176 173 173 166 169
  77  32  45  34  33  28  25  23  24  27  26  24  26  31  42  41  41  40
  40  41  42  42  47  48  53 144 185 177 188 172 181 181 181 182 182 183
 183 183 182 184 181 185 179 185 186 142]","[ 82 168 166 171 166 169 173 172 173 168 168 174 177 174 174 177 165 180
 130  64  42  37  34  32  28  26  27  30  30  28  29  33  42  41  41  40
  40  41  41  42  47  46  47 111 181 178 183 176 181 181 181 182 182 183
 183 183 182 184 181 185 179 185 186 142]","[ 80 166 164 169 165 168 172 171 174 170 169 173 172 168 171 178 171 177
 175  97  39  42  34  39  32  29  29  31  32  30  32  36  42  42  41  40
  40  40  41  41  47  44  44  88 177 179 180 181 181 181 181 182 182 183
 183 183 182 184 181 185 179 185 186 142]","[ 83 159 166 169 169 176 167 170 169 169 170 170 170 171 171 171 171 169
 178 150  77  39  41  39  36  30  26  28  33  37  36  32  41  41  40  40
  40  41  42  42  47  45  42  62 121 181 191 167 182 180 179 180 179 179
 181 184 182 180 177 184 179 181 180 138]","[ 84 158 162 165 164 172 163 167 171 171 171 172 172 173 173 173 174 167
 171 174 134  62  28  41  35  33  31  30  31  32  32  33  38  38  39  40
  42  43  45  46  50  49  43  48  86 142 178 185 178 177 177 177 178 177
 177 178 184 182 179 186 181 183 183 141]","[ 86 157 157 159 157 164 157 162 167 168 168 168 169 169 169 170 169 170
 166 180 176 105  45  53  36  37  37  34  31  29  32  34  35  36  38  40
  43  46  48  49  47  50  47  42  53  93 148 188 178 178 178 180 183 184
 184 182 180 179 176 183 177 180 181 140]","[ 61 127 123 124 123 129 122 130 130 130 131 131 131 132 132 132 129 141
 135 131 139 118  74  49  41  40  38  35  33  33  34  36  35  36  39  42
  44  47  48  49  40  46  51  48  43  61 110 157 158 160 161 161 165 170
 171 168 176 176 174 180 173 177 179 140]","[ 52 113 106 108 106 111 105 114 109 109 110 110 110 111 111 111 111 114
 117 106 101 119 109  65  51  44  36  33  35  37  36  34  38  39  41  44
  45  46  47  47  42  43  50  53  46  49  78 112 125 130 132 129 129 134
 137 134 129 129 128 134 126 130 134  96]","[ 63 121 113 115 115 118 111 121 115 115 116 116 116 117 117 117 123 108
 118 121 106 118 127 100  71  59  45  38  37  38  35  31  40  41  43  45
  46  46  46  45  48  43  44  49  47  45  59  78 111 124 130 126 122 125
 127 124 131 132 131 136 129 133 138 102]","[ 58 115 106 110 110 112 105 115 109 109 109 109 110 110 111 111 113 106
 109 116 112 108 111 112  99  87  69  53  43  38  36  34  40  41  44  46
  48  47  46  46  47  42  42  46  46  44  50  59  96 119 136 136 131 133
 134 132 128 130 130 135 127 131 138 103]","[ 60 116 107 112 112 114 106 116 109 109 109 110 110 110 111 111 107 123
 113 106 120 115 107 124 122 111  91  68  49  39  38  40  38  40  44  47
  48  49  48  47  38  40  44  48  47  44  45  50  65  96 123 128 125 127
 129 127 127 129 129 134 126 130 137 103]","[ 61 106 107 103 109 105 107 104 107 107 107 107 107 108 108 108 108 108
 109 110 111 111 112 112 106 115 119 105  78  53  40  37  41  43  44  46
  49  51  50  45  44  45  45  45  44  43  42  42  45  71 103 125 131 129
 125 122 128 131 125 131 130 129 131 104]","[ 59 104 105 100 106 103 104 102 105 105 105 106 106 106 107 107 107 107
 108 109 110 110 111 111 110 109 109 110 104  86  58  38  39  38  40  43
  45  45  45  45  45  45  46  46  45  44  43  43  43  53  78 109 127 129
 126 125 126 129 123 130 128 127 129 102]","[ 57 101 101  96 103  99 102  99 102 102 103 103 104 104 105 105 105 106
 106 107 108 108 109 109 112 107 106 114 120 110  84  62  48  40  37  41
  43  40  42  47  46  46  47  47  47  46  45  44  44  39  50  83 113 125
 126 125 124 127 121 127 126 125 127 100]","[ 55  99  99  94 100  97 100  98  99  99 100 101 101 102 102 103 103 104
 104 105 106 107 107 108 110 111 112 113 113 110 105 101  73  54  40  42
  45  42  43  49  46  47  47  48  48  47  46  46  47  40  39  56  88 115
 125 123 123 126 120 126 125 124 126  99]","[ 54  98  97  92  98  95  98  97  96  97  97  98  99 100 101 101 102 102
 103 104 105 105 106 106 109 110 112 110 107 108 113 117  98  73  50  45
  47  46  45  47  46  47  48  48  48  48  47  47  44  47  41  38  61 101
 123 123 122 126 120 126 125 124 126  99]","[ 53  96  95  89  95  93  97  95  95  95  96  97  98  99 100 100 102 102
 103 103 104 105 106 106 108 105 104 107 113 115 111 107 110  92  68  53
  48  48  46  43  45  46  47  48  48  48  47  47  40  49  45  34  46  82
 111 120 121 125 119 125 123 123 125  97]","[ 50  93  92  85  92  90  94  93  94  94  95  96  98  99 100 100 102 102
 103 103 104 105 106 106 106 103 102 106 112 114 109 103 108 107  92  68
  52  50  48  44  44  45  46  47  47  47  47  47  44  46  46  43  44  58
  85 108 119 122 117 123 121 121 123  95]","[ 48  91  89  83  89  87  91  91  93  94  95  96  98  99 100 100 102 102
 103 104 104 105 106 106 103 106 108 106 104 104 108 113 103 117 111  81
  56  52  52  47  44  44  45  46  47  47  47  47  51  43  45  53  47  40
  61  95 117 121 115 121 119 119 121  93]","[ 50  84  86  86  89  86  93  89  93  93  94  95  97  98  99  99 100 100
 100 101 101 102 102 102 104 104 105 105 105 106 106 106 110 104 106 105
  83  52  41  49  48  43  42  46  49  49  49  51  50  49  49  47  42  42
  52  64  94 115 119 119 114 119 121  86]","[ 49  83  85  86  88  86  93  88  92  92  93  94  95  97  97  98 100 100
 100 101 101 102 102 102 104 104 104 105 105 105 106 106 109 107 110 110
  94  67  51  49  49  46  45  48  49  47  47  50  47  46  47  48  45  43
  48  56  76 102 114 119 111 110 115  88]","[ 49  83  85  86  88  86  93  88  91  91  92  93  94  96  96  97 100 100
 100 101 101 102 102 102 103 103 104 104 104 105 105 105 105 107 110 110
 103  86  65  50  49  47  48  50  48  44  45  49  45  43  45  48  48  44
  43  46  54  81 101 116 109 104 109  89]","[ 51  84  87  87  89  87  94  89  91  92  93  94  95  96  97  97 100 100
 100 101 101 102 102 102 102 103 103 103 104 104 104 104 100 104 106 105
 105  98  77  54  48  47  48  50  47  43  44  48  48  43  43  48  50  46
  42  41  44  62  80 106 110 106 108  86]","[ 52  86  88  88  91  88  95  91  93  93  94  95  96  97  98  99 100 100
 100 101 101 102 102 102 102 102 102 102 103 103 103 104 100 104 102 100
 104 105  89  67  50  47  46  48  46  43  44  49  53  46  43  46  49  47
  44  44  45  51  59  89 107 111 111  82]","[ 52  86  88  88  91  88  95  90  93  94  94  96  97  98  99  99 100 100
 100 101 101 102 102 102 101 101 101 102 102 102 103 103 103 105 103 101
 105 108  99  86  59  51  46  46  47  45  46  49  55  48  44  46  49  47
  46  47  48  48  47  69  91 108 113  81]","[ 50  84  86  86  89  86  93  88  92  93  93  95  96  97  98  98 100 100
 100 101 101 102 102 102 100 100 101 101 101 102 102 102 103 104 105 105
 106 107 104 100  72  59  49  47  49  48  47  48  51  47  45  48  49  47
  46  49  43  50  45  53  67  92 110  86]","[ 48  82  84  84  87  84  91  86  91  91  92  93  95  96  97  97 100 100
 100 101 101 102 102 102 100 100 100 101 101 101 102 102 100 101 105 108
 107 103 103 106  82  66  51  48  51  50  48  46  47  45  46  50  50  46
  45  48  37  53  49  45  48  76 107  91]","[ 38  83  91  73  82  94  91  90  91  91  92  94  96  97  98  99 100 101
 101 102 103 103 102 102 101 101 101 101 101 101 101 101 103 103 103 104
 104 105 105 105 103  72  52  56  57  45  41  49  46  46  47  48  48  47
  47  46  50  47  44  46  53  65  78  86]","[ 54  84  92  86  89  82  77  92  89  90  91  93  94  96  97  98  99  99
 100 101 102 101 101 101 103 103 103 103 103 103 103 103 104 104 104 105
 105 106 106 106 109  93  73  60  54  52  51  50  47  48  48  49  49  49
  48  48  45  43  42  43  48  56  64  69]","[ 45  79  90  84  87  83  83 100  91  92  93  94  96  98  99  99 100 101
 102 102 103 103 102 102 100 100 100 100 100 100 100 100 100 100 101 101
 101 102 102 102 101 102  85  56  43  50  52  43  48  48  48  48  48  47
  47  47  46  46  46  47  49  51  53  54]","[ 72 118 119  86  79  86  85  88  90  91  92  94  95  97  98  99  99  99
 100 101 102 102 101 101 106 106 107 107 107 108 108 108 108 108 109 109
 109 110 110 110 104 113 102  73  56  57  58  51  47  47  46  45  45  45
  45  46  50  49  49  49  48  48  48  47]","[ 63  99  95  63  57  63  69  82  90  90  91  93  95  96  97  98  98  98
  99 100 101 101 100 100 102 102 102 103 103 104 104 104 106 106 106 107
 107 107 108 108 108 111 107  92  72  57  51  50  49  48  47  45  45  45
  46  46  49  48  46  44  43  43  44  45]","[ 29  38  35  35  39  31  47  90  94  95  96  97  99 100 102 102 102 102
 103 104 105 104 104 104 100 101 101 102 102 103 104 104 106 106 106 107
 107 107 108 108 112 109 109 105  87  61  47  47  51  50  48  46  46  46
  47  47  50  48  46  44  43  44  46  47]","[ 41  36  27  32  35  15  26  75  90  90  92  93  95  96  98  98  97  98
  99 100 100 100 100  99 105 106 106 107 108 109 110 110 111 111 111 112
 112 112 113 113 114 112 113 113 102  80  63  56  50  48  46  43  43  43
  44  45  49  48  46  45  44  44  45  45]","[20 26 17 14 19 13 23 59 76 76 78 79 81 82 83 84 83 84 85 86 86 86 85 85
 81 82 83 83 84 85 86 86 86 86 86 87 87 88 88 88 88 90 91 91 87 75 58 44
 46 44 41 39 38 38 40 41 41 41 42 41 40 39 37 36]"
