"[23 21 19 19 20 21 21 20 21 20 20 19 18 17 16 16 21 21 21 20 20 19 19 19
 19 19 19 19 19 19 20 20 18 18 18 18 18 18 18 18 18 19 20 21 21 21 20 20
 20 20 21 23 24 24 22 20 25 26 24 22 25 33 36 35]","[19 16 12 10 10  9 10  9 10  9  9  9 10  9  9  8  7  7  7  7  7  6  7  6
  6  6  6  6  6  6  6  6  6  6  6  6  6  6  6  7  7  8  8  9  9  9  9  9
  9 10 11 13 14 14 13 11 20 19 17 20 32 45 50 47]","[24 21 17 15 14 12 10  8  7  7  6  5  5  4  3  3  3  3  3  3  4  4  4  4
  1  1  1  2  1  2  2  2  3  2  2  2  2  2  2  1  4  5  6  7  7  7  7  6
  9 10 12 13 14 13 12 11 14 16 20 30 46 59 58 50]","[32 29 26 24 25 23 21 20 18 17 17 15 13 11 11 10  9  9  9  9  8  7  7  7
  7  8  8  7  6  6  6  6  6  6  5  5  5  5  5  5  8  9 10 11 12 12 12 12
 15 16 18 18 17 16 16 17 16 25 36 47 58 61 53 41]","[22 20 18 19 22 22 20 19 23 22 22 22 21 20 21 21 14 13 12 11  9  8  7  7
  9  9  8  8  7  7  7  6  6  6  6  6  5  5  5  5  7  8  9 10 11 12 12 12
 14 16 17 15 14 13 15 18 29 40 50 54 55 54 49 42]","[15 13 11 13 15 15 14 13 17 17 18 19 20 22 23 23 21 21 20 18 17 15 14 14
  9  9  8  8  7  6  6  6  5  5  5  5  5  5  5  5  5  6  7  9 10 11 11 11
 13 14 14 13 12 14 21 27 43 50 53 49 46 48 52 53]","[26 24 20 19 18 17 15 14 12 12 13 14 15 16 16 17 22 22 22 22 21 21 21 21
 15 14 14 13 12 11 10 10  8  8  8  8  8  8  8  8  5  6  8 10 11 12 12 12
 14 16 17 16 18 24 36 45 47 51 51 48 47 52 55 55]","[42 38 33 29 26 24 20 17 15 15 14 13 11 10  9  9  9  9 10 11 12 12 13 13
 19 19 18 17 16 16 15 14 10 10 10 10 10 10 10 10  5  6  8  9 11 12 12 12
 14 16 17 18 21 31 47 58 45 48 51 52 55 58 54 46]","[53 80 76 75 74 61 59 50 39 35 29 22 17 15 15 15 11 12 12 13 13 13 13 13
 10 10 11 11 11 11 10 10 15 17 18 17 14 11  9  9 10  7  5  7 11 16 17 16
 19 17 17 25 37 45 46 44 48 51 52 52 54 58 57 52]","[43 72 72 76 81 75 79 73 71 70 68 64 58 52 46 43 29 28 25 21 17 11  7  6
 13 13 13 13 14 15 16 18 10 11 12 13 13 13 14 14 15 14 12 13 14 15 15 15
 11 18 30 41 47 48 47 46 48 51 52 52 55 59 57 52]","[41 69 68 71 76 71 76 72 74 74 75 76 74 72 69 67 71 69 64 59 52 45 40 36
 26 24 20 15 12  9  7  7  9  9  9  9 10 12 12 13 12 13 13 13 12 13 14 16
 15 28 44 52 50 47 48 51 50 53 54 53 56 60 58 53]","[44 69 65 65 68 62 66 61 65 63 60 58 59 62 66 69 72 71 70 69 67 64 62 60
 62 60 55 48 40 33 28 25 21 18 14 11 10 10 10  9  5  7  8  7  7 10 17 23
 35 43 50 49 45 44 50 57 51 54 55 55 58 62 60 55]","[43 69 65 66 70 66 71 68 72 69 64 59 57 57 58 60 56 57 58 60 61 62 62 62
 66 67 67 67 65 61 56 54 42 37 31 27 25 23 20 17 11 11 10  9  9 15 26 34
 47 48 47 45 44 47 52 57 53 56 57 57 59 63 62 57]","[45 71 67 68 72 67 72 68 67 68 69 68 67 64 61 59 62 62 63 63 62 62 61 60
 48 50 53 56 56 55 52 51 56 51 47 45 45 43 40 36 31 29 24 21 21 27 35 41
 43 43 44 47 51 54 55 54 54 57 58 58 61 65 63 58]","[47 73 69 70 73 67 70 65 62 64 66 68 68 67 66 64 62 62 61 60 58 55 53 52
 56 56 55 54 53 53 52 52 54 51 48 49 52 53 49 44 43 39 35 32 33 36 38 40
 41 42 45 49 53 55 55 55 55 58 60 59 62 66 64 59]","[43 70 69 73 79 74 80 75 78 75 70 66 65 65 67 69 65 65 64 63 62 60 58 57
 57 55 52 50 50 52 56 58 46 43 42 45 49 50 45 40 43 39 36 36 38 39 38 35
 46 47 48 47 47 50 55 59 56 59 60 60 63 66 65 60]","[44 76 76 74 76 73 80 76 74 74 75 76 76 75 74 74 68 73 74 69 67 68 64 57
 55 55 55 55 55 54 53 52 49 49 52 48 41 48 51 38 41 39 34 30 34 41 42 38
 47 48 50 51 52 54 59 62 59 56 61 64 63 69 70 58]","[45 78 78 76 77 75 82 78 76 77 77 78 78 77 77 76 69 74 74 70 68 70 67 62
 65 65 64 60 55 52 53 54 55 49 45 37 30 40 48 40 38 40 39 36 37 42 44 42
 49 50 52 53 54 57 61 64 62 59 64 67 66 72 73 60]","[47 79 79 77 79 76 84 79 79 80 80 81 81 80 80 79 77 79 78 75 74 76 76 73
 69 70 70 67 62 60 62 65 64 54 48 39 29 39 53 54 40 44 45 42 42 46 48 47
 51 53 55 56 57 59 62 65 66 63 68 70 69 75 76 63]","[47 79 79 78 79 76 84 79 80 81 82 82 82 82 81 80 82 82 80 78 77 78 78 77
 71 71 70 69 68 65 61 59 57 53 55 51 37 40 57 65 50 51 48 44 46 50 51 48
 52 54 57 58 59 60 63 66 69 65 70 73 71 77 77 65]","[47 79 79 77 78 76 83 79 80 81 81 82 82 81 81 80 82 80 78 78 77 75 75 76
 78 74 71 71 71 65 53 43 36 39 55 59 41 35 50 63 62 57 49 44 48 54 54 48
 53 55 58 59 60 61 63 65 70 66 71 73 71 77 78 65]","[47 79 79 77 79 76 84 79 80 81 81 82 82 81 81 80 84 81 81 83 82 79 79 81
 80 77 75 77 78 73 62 52 31 33 51 60 43 31 42 55 63 59 52 47 49 55 54 50
 54 57 60 62 62 62 64 65 71 68 72 74 72 78 78 65]","[48 81 81 79 80 78 85 81 81 82 82 83 83 82 82 81 80 77 79 85 86 83 82 85
 80 80 80 78 74 69 64 61 50 37 43 52 40 29 37 47 52 57 59 54 51 53 54 54
 57 59 63 64 65 65 66 67 73 69 74 76 73 79 79 66]","[50 82 82 80 82 79 87 82 82 83 83 84 84 83 83 82 68 66 70 79 82 78 78 82
 84 86 84 72 56 45 43 46 67 41 33 40 32 24 31 39 40 54 64 61 52 50 54 58
 59 62 65 67 67 67 67 69 75 71 75 77 75 80 80 67]","[49 83 84 84 85 82 89 84 83 84 86 87 87 86 84 82 63 43 30 42 66 83 89 90
 81 89 84 71 60 42 30 33 61 49 39 36 33 30 32 39 29 39 52 61 60 54 56 64
 61 64 66 68 68 69 72 74 68 85 83 78 70 77 90 66]","[49 83 84 84 86 83 89 84 83 85 86 88 87 86 84 83 75 58 42 39 46 56 70 83
 91 97 89 73 61 45 36 41 39 52 60 56 49 45 40 35 32 41 45 52 62 60 56 63
 62 65 67 68 69 70 73 75 80 73 67 83 85 79 84 68]","[ 50  83  85  85  86  83  90  84  84  85  87  88  88  87  86  85  83  76
  63  49  36  34  46  61  75  89  91  85  77  59  45  47  45  65  71  54
  42  47  50  44  39  45  36  41  66  70  59  62  64  66  69  70  71  72
  75  77  79  79  76  85  79  80 104 103]","[ 51  84  86  85  87  84  90  85  85  86  87  88  89  88  88  87  85  85
  82  70  53  39  34  36  37  61  79  89  90  73  54  50  52  58  53  37
  32  44  56  58  49  51  32  32  67  80  65  63  66  69  71  73  73  74
  77  79  77  91  84  77  82 115 151 138]","[ 52  85  87  86  88  85  91  86  87  87  88  89  89  90  90  89  89  90
  90  86  78  64  46  32  21  39  52  63  74  68  56  57  43  34  27  28
  34  43  55  64  60  57  35  31  63  84  76  66  69  71  74  75  75  77
  79  82  80  83  74  89 126 169 180 137]","[ 52  86  87  87  89  86  92  87  88  88  89  89  90  91  91  92  95  93
  91  89  90  85  69  53  44  44  33  31  44  50  52  60  56  40  26  20
  21  28  49  70  69  58  42  34  52  82  87  70  71  73  76  77  78  79
  82  84  75  82  96 139 170 180 173 135]","[ 53  86  88  87  89  86  93  87  89  89  89  90  91  92  93  93  91  94
  93  91  91  93  88  80  76  65  42  32  42  46  43  47  62  63  53  30
  13  20  50  77  73  57  51  40  38  74  95  71  73  75  78  79  80  81
  83  86  93 120 147 176 177 170 168 142]","[ 53  87  88  88  90  86  93  88  89  89  89  90  91  92  94  94  81  92
  99  94  90  93  95  94  90  81  62  55  62  56  37  29  32  65  81  56
  28  33  60  80  74  55  56  44  29  68 100  72  74  76  79  80  80  82
  84  87 135 167 176 172 167 178 181 140]","[ 49  89  85  79  88  88  91  88  89  89  90  91  91  91  90  90  93  93
  94  95  96  97  97  98 100  96  85  74  71  66  46  24  39  38  49  46
  25  37  69  80  67  58  58  49  34  54  86  91  71  90  81  72  80  79
 103 159 169 172 172 177 173 181 182 139]","[ 53  94  89  83  91  89  91  88  91  91  92  93  94  93  93  93  96  96
  96  96  97  97  97  97 105 101  97  92  82  65  52  46  34  33  39  39
  30  39  66  86  72  64  57  47  38  49  75  89  82  87  76  77 106 128
 146 172 170 173 173 179 175 182 184 140]","[ 51  92  89  82  88  85  86  83  88  89  90  91  91  91  91  91  95  94
  94  94  94  93  93  93 101  98 102 105  92  69  60  65  39  36  32  36
  42  44  62  91  79  71  54  43  41  43  61  89  76  79  85 104 137 166
 175 172 173 176 175 181 177 184 186 142]","[ 51  95  93  87  93  89  91  88  92  93  94  95  96  96  96  96  99  99
 100 100 100 100 100 100 101 103 109 113 107  91  77  71  54  48  35  40
  56  51  59  93  84  75  50  37  41  37  51  89  79  90 120 150 163 172
 173 165 175 178 177 183 179 186 188 144]","[ 61 106 108 104 110 107 109 108 109 110 111 113 114 114 114 114 116 116
 117 119 120 121 122 123 118 124 126 124 128 126 103  74  68  59  43  48
  64  58  61  91  83  73  47  34  39  36  49  86 124 130 156 179 177 168
 170 171 176 179 179 185 181 188 190 146]","[ 65 113 117 114 121 118 121 120 120 121 123 124 126 126 126 126 128 128
 130 132 134 135 137 138 136 142 138 131 139 146 121  83  76  64  52  56
  65  62  66  82  77  67  49  38  38  38  51  74 159 162 168 173 173 169
 172 181 177 180 180 186 182 189 190 147]","[ 62 111 117 115 121 117 121 120 121 122 124 126 127 128 128 128 130 130
 131 133 134 136 137 137 140 144 140 136 141 146 132 111  87  72  66  66
  61  63  69  69  68  60  55  48  39  42  53  56 127 164 173 163 170 175
 174 181 177 181 180 186 182 189 191 147]","[ 61 111 117 115 121 116 119 118 122 123 124 126 128 128 129 129 131 132
 132 133 133 134 135 135 139 139 140 142 143 143 143 142  99  82  79  74
  59  62  69  58  62  55  60  56  40  45  54  42  70 152 185 170 176 183
 175 176 177 180 180 186 182 189 191 147]","[ 61 117 115 118 113 122 119 121 123 123 124 125 127 128 129 129 128 130
 132 134 135 135 135 134 138 138 139 140 142 143 144 144 144  98  71  74
  71  63  62  63  48  60  63  53  46  48  48  42  55 104 181 169 180 182
 176 179 178 182 182 189 184 190 190 145]","[ 61 118 115 119 113 123 120 121 123 124 124 126 127 128 129 129 130 131
 133 135 136 137 137 136 138 138 139 140 141 143 143 144 148 131 112  89
  69  68  68  57  52  63  66  54  45  46  48  45  47  78 146 176 164 176
 181 178 179 182 182 188 183 190 190 146]","[ 62 118 116 119 114 123 120 122 124 124 125 126 127 129 129 130 132 133
 135 136 138 138 138 138 138 138 139 140 141 143 143 144 153 152 145 118
  84  71  68  56  54  65  67  55  44  44  46  46  46  57 105 181 160 173
 188 178 180 183 181 186 182 189 191 148]","[ 63 119 117 120 115 124 121 123 124 125 126 127 128 129 130 131 133 134
 135 136 137 138 139 139 138 139 139 141 142 143 144 144 153 145 150 146
 114  80  63  55  49  61  66  57  45  42  44  45  47  48  71 158 174 171
 185 177 182 184 182 186 182 190 192 150]","[ 64 120 117 121 116 125 122 124 125 126 127 128 129 130 131 132 133 133
 134 135 136 137 138 139 139 140 141 142 143 144 145 146 148 141 149 155
 138 109  77  49  46  56  63  59  49  43  42  43  41  44  47 111 184 170
 177 177 184 186 183 188 184 191 194 151]","[ 64 120 118 122 116 126 123 124 126 127 127 129 130 131 132 132 134 134
 134 134 136 137 139 140 141 142 143 144 145 146 147 147 144 151 156 150
 147 146 110  55  52  58  63  61  53  46  43  43  39  46  41  70 168 175
 178 185 185 188 186 191 187 194 196 153]","[ 65 121 119 122 117 126 123 125 127 127 128 129 130 132 132 133 136 135
 135 136 137 139 141 142 143 143 144 146 147 148 149 149 150 156 158 149
 152 165 142  92  69  68  66  63  57  51  47  46  46  50  46  51 121 176
 183 190 186 189 189 195 190 197 197 153]","[ 65 121 119 123 117 126 123 125 127 127 128 129 131 132 133 133 138 137
 137 137 138 140 142 144 144 145 145 147 148 149 150 150 160 150 150 154
 158 164 156 134  83  77  70  65  60  54  51  50  50  48  47  43  72 168
 180 183 186 190 191 197 193 198 198 154]","[ 61 126 123 125 124 129 122 129 133 133 134 136 138 139 140 141 143 143
 144 145 146 147 148 149 152 152 153 154 155 157 157 158 160 160 159 160
 160 161 163 163 115  67  82  64  66  62  58  53  58  45  53  49  52 122
 189 186 190 199 187 195 192 197 205 150]","[ 66 131 128 130 130 135 127 134 135 136 137 138 140 141 143 143 145 145
 146 148 149 150 151 151 154 154 155 156 157 158 159 160 162 162 161 162
 162 164 165 166 131  86  79  71  67  63  60  54  54  46  51  47  46 100
 168 190 192 201 191 200 195 196 204 153]","[ 70 135 132 134 134 139 131 139 138 138 140 141 143 144 145 146 148 148
 149 150 152 153 154 154 156 156 157 158 159 161 161 162 164 164 164 164
 165 166 168 168 152 114  75  80  70  64  64  56  52  50  51  46  44  72
 135 191 192 199 190 203 198 196 205 157]","[ 69 134 131 134 133 139 131 139 139 140 141 142 144 146 147 147 149 150
 150 152 153 154 155 155 157 157 158 159 160 162 163 163 165 165 165 165
 166 168 169 170 169 139  76  87  72  68  68  60  55  55  50  49  49  53
 103 177 193 198 187 202 201 200 209 159]","[ 68 133 130 133 133 139 132 139 139 140 141 142 144 145 147 147 149 149
 150 151 153 154 155 155 157 157 158 160 161 162 163 163 165 165 165 166
 167 169 171 172 177 157  89  90  75  73  72  65  57  56  47  50  54  44
  75 144 195 202 192 204 204 207 213 158]","[ 69 134 132 135 135 141 134 141 139 140 141 142 144 145 147 147 149 149
 150 151 153 154 155 155 158 159 159 161 162 163 164 164 166 166 166 167
 169 171 172 173 178 168 115  89  79  79  74  70  58  55  45  48  53  41
  57 104 182 204 202 210 205 211 217 157]","[ 69 134 131 135 135 141 134 142 140 140 142 143 145 146 147 148 150 150
 151 152 154 155 156 156 160 161 162 163 164 165 166 166 168 168 168 169
 171 173 175 176 179 175 145  88  84  85  74  72  62  58  50  48  48  42
  50  75 144 192 208 213 203 212 221 160]","[ 67 132 129 133 133 139 132 140 141 141 143 144 146 147 149 149 151 151
 152 153 155 156 157 157 162 163 163 165 166 167 168 168 169 170 170 171
 173 175 177 179 179 178 166  88  87  89  73  72  66  63  57  50  45  44
  51  62 108 175 207 213 199 211 224 164]","[ 68 136 133 134 134 142 135 140 139 141 143 145 145 146 148 150 152 153
 154 155 157 158 159 160 159 160 161 164 166 168 169 170 173 173 174 175
 176 177 178 179 178 175 183 114  92  89  83  79  69  64  58  52  48  48
  49  50  74 137 206 211 206 214 229 166]","[ 68 136 135 136 137 148 141 146 142 144 146 147 147 148 151 153 152 152
 154 155 157 159 160 161 161 162 163 165 167 169 171 172 175 175 176 177
 178 179 180 181 183 187 185 143  96  91  84  81  70  65  58  51  47  46
  47  49  64 101 171 207 214 203 212 161]","[ 65 133 132 133 134 144 138 143 142 144 146 147 147 148 150 152 148 149
 150 153 155 157 159 160 161 161 163 165 167 169 170 171 172 172 173 174
 175 176 177 178 175 187 177 170 100  83  81  77  76  71  63  55  50  49
  50  51  55  63 129 197 227 211 214 171]","[ 76 144 141 141 140 149 141 146 148 150 153 153 153 154 156 158 153 154
 156 158 161 163 165 166 168 169 170 172 174 175 177 177 176 176 177 178
 180 181 182 182 177 188 184 192 125  84  92  82  80  74  66  57  51  49
  50  51  53  47  95 163 214 220 224 168]","[ 76 143 140 140 139 147 139 144 143 145 147 148 147 148 149 151 148 149
 151 153 156 159 160 161 164 165 166 167 169 170 171 172 172 173 173 175
 176 177 178 178 178 182 190 191 151  86  93  79  79  74  66  57  51  48
  47  47  52  49  75 112 173 217 231 157]","[ 73 142 139 140 141 150 143 148 147 149 151 151 150 151 152 154 153 154
 155 158 160 162 164 165 167 168 169 170 171 173 174 174 178 178 179 180
 182 183 184 184 185 184 195 188 176 107  93  83  80  76  70  63  57  52
  50  48  48  52  65  77 135 204 240 170]","[ 76 144 141 142 142 152 145 149 150 152 154 154 153 153 155 156 157 157
 159 160 162 164 165 166 168 169 170 171 172 173 174 174 178 179 179 181
 182 183 184 184 183 183 186 184 187 141  90  94  77  75  71  65  59  54
  49  47  45  46  56  58  96 155 210 168]","[ 50 117 114 113 112 119 111 116 114 116 117 117 116 117 118 120 120 121
 122 123 125 126 127 128 130 130 131 132 133 134 135 135 137 137 138 139
 140 141 142 143 143 148 141 150 157 136  58  74  68  66  64  59  53  47
  41  38  46  37  44  42  54  87 148 131]"
