"[39 73 59 57 54 65 54 59 47 47 48 49 49 46 41 37 39 39 39 40 40 38 33 30
 34 32 31 31 32 32 30 28 25 29 27 22 23 31 33 29 35 40 50 52 52 60 59 41
 58 61 63 62 60 61 64 67 67 61 59 54 53 68 76 67]","[ 78 140 149 153 139 133 115 117 124 117 106  96  89  85  83  81  74  70
  64  60  58  56  54  52  47  44  40  38  37  36  34  33  32  37  38  32
  26  26  32  36  32  33  43  48  45  58  77  84  86  90  96 101 105 111
 119 124 122 122 128 127 122 126 121 103]","[ 72 146 151 156 153 159 158 168 141 140 138 136 133 127 120 115 112 107
 101  95  90  86  82  79  71  67  63  60  59  58  57  56  49  47  45  44
  39  35  37  41  39  32  37  40  29  26  33  36  47  52  58  66  73  81
  89  95  97 102 115 121 121 126 121 101]","[ 46 118  99  94 101 116 120 126 147 149 153 158 161 159 155 151 148 146
 141 136 130 122 113 107 109 105  99  92  86  80  73  69  70  60  54  60
  64  60  54  51  51  43  45  48  43  43  40  28  28  29  31  34  37  41
  44  47  67  70  82  89  95 109 114 101]","[ 87 182 163 152 146 136 122 112 100  96  93  95 103 115 126 132 143 144
 146 151 158 164 166 167 149 146 141 136 129 120 110 103 102  99  94  89
  77  65  58  58  67  67  68  61  55  64  69  57  56  54  52  51  50  49
  48  48  42  41  44  45  47  62  69  57]","[121 246 251 248 238 220 212 205 205 194 176 158 141 128 118 112 109 105
 100 100 104 111 117 120 146 148 152 158 163 166 165 163 140 149 143 108
  63  36  33  39  51  65  87  90  76  72  73  65  73  70  67  64  63  62
  59  57  60  59  62  60  57  66  66  51]","[107 247 252 254 254 254 254 254 249 249 250 249 246 238 227 220 200 191
 176 161 147 135 126 120 103 102 103 106 110 113 114 114 137 149 135  84
  34  14  16  21  20  31  76 124 135 124 117 115 105 100  95  92  91  89
  85  82  79  78  82  81  76  82  80  62]","[121 249 247 245 253 253 253 244 255 253 252 253 253 254 253 252 252 252
 251 251 246 237 225 217 202 192 175 157 140 126 116 110  99 105  85  42
  16  21  28  24  30  13  50 128 166 158 149 151 146 141 134 129 126 121
 116 111 104 101 102  97  90  95  93  76]","[118 250 251 243 251 252 253 249 251 252 252 253 253 252 252 251 252 252
 252 252 252 252 252 252 251 254 243 251 254 218 156  81 101 143 159  29
  24  35  25  16  25  22  16  58 124 111 135 143 153 162 167 164 163 165
 161 154 151 147 140 140 127 126 132  98]","[112 247 250 250 252 251 253 254 252 252 252 252 252 252 251 251 252 252
 252 252 252 252 252 252 255 241 235 255 213  99  34  16  19  73 130  44
  26  15  19  36  11  38  24  41 121 154 116 111 107 106 107 115 126 138
 149 156 165 168 169 176 167 166 167 128]","[116 248 252 252 252 243 243 251 253 253 253 252 251 251 251 251 252 251
 251 251 251 251 252 252 238 254 254 244 105  29  14  20  30  15  42  11
  34  32  23  18  16  29  21  23  99 237 236 225 224 204 180 162 147 132
 124 122 121 122 122 133 134 149 162 129]","[113 250 254 252 252 253 254 254 254 253 253 251 250 250 251 251 252 251
 252 252 252 252 252 252 251 251 245 221  72  25  23  34  38   9  26   9
  17  14  22  30  32   9  30  28  39 190 253 239 245 249 253 254 254 252
 236 221 215 207 188 175 156 152 148 104]","[114 250 253 242 247 251 252 243 253 252 251 251 251 251 251 251 252 252
 252 252 252 252 252 251 254 254 254 226  66  27  18  19  16  14  39  28
  18  10  23  34  37  11  30  23   7  98 249 254 254 255 254 243 244 255
 255 249 251 253 253 254 250 248 237 183]","[111 250 253 246 251 252 254 251 251 251 251 252 253 253 252 251 252 252
 252 252 252 252 252 251 254 228 211 155  32  25  28  26  26  21  19  17
  29  30  24  13  20  26  21  13  25  53 190 254 247 255 254 247 243 253
 255 254 253 254 254 254 255 255 249 193]","[106 245 253 253 252 246 250 254 247 249 252 253 255 254 252 251 252 252
 252 252 252 252 252 252 226  91  38  51  30  23  16  30  23  36  23  16
  21  16  14  24  10  25  26  26  26  15  45  91 163 192 235 254 254 253
 250 255 255 253 245 245 244 254 250 198]","[124 249 252 250 219 163 152 174 245 248 252 255 254 254 253 251 252 252
 252 252 252 252 252 252  99  26  21  23  20  30  23  18  17  33  15  21
  38  25  11  23  31   9  23  33   9  33  18  27  28  37  70 112 129 138
 177 228 253 255 252 254 253 254 247 188]","[109 249 247 241  92  52  32  55  82 151 225 254 252 249 254 254 254 252
 254 247 237 254 254 198  50  24  27  38  13  38  27  20  22  20  19  19
  20  21  19  18  19  20  22  24  26  27  27  27  23  24  28  31  28  27
  40  56 190 253 252 251 252 252 251 186]","[116 244 253 231  65  42  51  36  38  47  95 175 240 254 253 248 249 245
 254 253 249 253 251 208  35  34  30  34  24  30  28  22  23  21  20  20
  21  22  20  19  20  21  23  24  26  26  27  27  26  27  30  33  29  25
  31  41  81 197 253 248 243 255 254 187]","[111 249 253 236 131  51  23  41  28  33  29  43 115 213 255 255 254 241
 247 254 254 254 241 206  41  38  33  30  35  25  29  25  24  23  21  22
  23  23  22  20  21  22  23  25  26  26  26  26  26  26  30  33  31  27
  26  29  16 123 251 253 245 255 254 185]","[115 250 247 252 234 137  51  35  50  42  35  31  37  79 167 246 255 254
 255 255 247 253 255 252  94  30  36  28  35  28  29  29  26  24  23  23
  24  25  23  22  21  22  23  24  25  25  25  25  23  23  26  30  32  32
  30  28  29  66 220 254 254 248 250 188]","[123 241 250 253 253 243 172  64  29  29  46  59  40  21  56 115 227 241
 254 252 249 254 254 243 176  29  36  28  26  36  27  31  27  25  24  24
  25  25  24  22  21  22  23  23  23  23  23  22  23  23  24  26  30  34
  33  31  39  31 187 250 254 246 248 196]","[109 249 253 246 253 254 238 195  84  56  27  20  32  41  35  25  71 156
 239 254 248 240 250 254 237  61  33  27  21  37  25  32  27  25  24  24
  25  25  24  22  21  21  21  22  21  21  20  19  25  26  26  24  26  31
  32  29  29  34 185 253 249 250 253 195]","[103 251 253 250 253 241 241 253 223 138  61  41  39  29  31  48  26  46
  86 151 223 253 253 245 253 122  30  24  24  29  22  31  26  25  23  24
  25  25  24  22  19  20  20  20  19  18  17  17  21  26  27  24  24  28
  29  26  23  46 182 254 248 255 254 190]","[123 246 252 252 240 254 254 236 253 249 193 109  48  32  34  32  42  33
  24  34  62 101 163 226 247 172  28  21  31  20  21  31  26  25  23  23
  25  25  23  22  19  19  19  19  18  17  16  15  14  22  26  24  24  28
  29  25  21  41 159 254 251 255 253 192]","[114 251 252 249 252 252 252 250 247 250 254 240 160  64  27  43  36  26
  29  42  42  32  37  53  80  51  35  32  27  24  20  11  21  22  24  25
  25  23  20  19  16  16  17  18  18  19  20  20  24  25  26  27  28  28
  28  28  25  35 147 254 251 251 254 190]","[114 250 252 249 252 252 252 250 251 252 252 252 241 194 106  30  35  34
  32  28  24  23  31  40  27  19  23  28  23  25  30  27  18  19  21  22
  23  23  22  22  20  19  18  17  17  17  18  18  25  25  27  28  29  29
  29  29  28  32 135 254 250 254 254 191]","[114 250 252 249 252 252 252 251 249 254 251 252 254 254 208 131  49  41
  37  41  39  31  27  29  25  23  27  26  18  19  20  11  16  16  17  18
  20  22  24  25  24  22  20  17  15  15  16  17  26  26  28  29  30  30
  30  30  32  27 118 254 248 255 251 192]","[114 250 252 249 251 251 252 251 253 254 252 248 249 254 255 253 196 123
  52  31  35  35  34  39  32  25  24  23  22  31  30  15  16  16  15  15
  17  20  23  25  25  23  19  16  15  16  18  19  26  27  28  30  30  31
  31  30  35  23 105 254 246 255 248 192]","[114 250 252 249 251 251 252 251 255 252 250 253 248 243 251 254 254 254
 200 103  43  41  39  18  30  26  28  28  24  27  28  17  19  18  16  14
  15  17  20  21  23  21  18  16  16  18  21  22  26  27  28  30  30  31
  31  30  35  21 102 254 247 255 247 192]","[114 250 252 249 251 251 252 251 249 253 254 254 254 254 250 245 254 250
 254 255 200  98  41  41  28  25  34  36  21  13  16  15  21  19  17  15
  15  16  17  18  20  19  17  17  18  20  23  24  26  26  28  29  30  30
  30  30  33  21 110 254 250 255 249 191]","[114 249 252 249 251 251 252 251 245 252 254 252 250 254 254 253 244 253
 253 236 253 254 190  90  46  24  21  30  26  22  28  32  20  19  18  16
  16  16  17  18  19  18  18  18  19  21  22  23  25  25  27  28  29  29
  29  29  30  22 122 253 252 252 253 190]","[114 249 252 249 252 251 252 251 255 250 247 254 255 250 249 253 253 250
 250 253 255 253 249 247 114  58  23  25  30  26  21  15  19  18  18  17
  17  18  18  19  19  19  19  20  20  21  21  21  24  25  26  27  28  28
  28  28  27  23 132 252 254 249 254 190]","[112 249 250 246 249 245 253 250 253 253 252 252 251 252 254 253 251 252
 252 252 253 253 253 253 250 124  35  28  33  29  26  20  19  20  19  17
  14  14  18  22  21  20  18  17  18  20  22  23  25  26  28  29  28  26
  24  23  17  30 123 251 254 246 250 189]","[106 248 251 253 253 252 254 254 254 253 253 253 252 253 254 254 253 253
 253 252 251 251 250 250 254 243 137  29  11  23  19  25  22  23  22  20
  16  16  18  20  21  20  19  18  18  20  22  23  25  26  27  28  28  26
  24  23  31  33 115 249 254 249 254 196]","[122 248 251 252 252 250 254 253 251 251 250 250 251 251 253 253 254 254
 254 254 255 255 255 255 249 254 225 108  22  23  38  23  25  25  25  23
  20  18  18  18  21  20  19  18  19  20  22  23  25  26  27  28  27  26
  24  23  22  22 104 253 254 254 253 192]","[ 67 167 154 146 145 147 149 151 152 152 152 152 153 154 155 156 160 161
 162 164 166 168 170 171 175 172 184 151  65  19  23  22  24  25  25  24
  22  20  19  18  21  20  20  19  20  21  22  23  25  26  26  27  26  25
  24  23  29  24  93 237 237 235 233 176]","[ 56 128 108 101 103 110 107 108 112 112 112 112 113 115 116 117 117 118
 119 122 124 126 128 129 124 124 116 124 118  54  11  34  22  22  22  23
  23  22  21  20  21  21  20  21  21  22  22  23  25  25  26  25  25  24
  24  23  20   5  38 142 145 145 155 115]","[ 56 113 102 104 108 118 109 108 112 112 112 112 113 115 117 117 119 119
 120 120 121 122 122 122 129 126 120 125 134 112  61  22  24  22  21  22
  23  24  23  22  20  21  21  21  22  22  22  23  26  25  25  25  24  24
  24  23  34  23  39 110 140 134 147 110]","[ 54 105 104 109 109 118 108 112 112 112 112 113 115 116 118 119 123 123
 123 123 124 124 124 124 128 117 131 133 121 131 108  38  29  26  23  22
  24  25  24  23  20  21  22  22  23  23  23  22  26  25  24  24  23  23
  23  24  22  21  32  82 154 144 151 109]","[ 60 107 108 109 102 110 103 114 112 112 112 113 115 116 118 119 119 119
 120 122 123 125 126 126 126 135 125 122 139 135 120 123  35  30  25  23
  24  25  24  23  20  21  22  23  23  23  23  22  26  25  24  23  23  23
  23  24  26  22  18  47 147 140 152 110]","[ 57 103 106 101 108 105 110 110 111 111 113 114 116 117 118 119 121 121
 122 123 123 124 124 125 126 127 128 130 131 132 132 132 127  64  16  17
  29  24  19  26  25  26  25  22  23  27  26  22  24  24  24  24  24  24
  24  24  29  13  33  26 120 150 147 110]","[ 57 103 106 102 108 106 110 110 111 112 113 114 116 117 119 119 121 122
 122 123 124 124 125 125 127 127 129 131 132 133 133 133 141 124  83  36
  13  17  28  31  22  24  24  23  23  25  25  24  24  24  24  24  24  24
  24  24  29  18  29  21 101 148 146 111]","[ 57 103 106 102 108 106 110 110 111 112 113 115 116 118 119 120 122 122
 123 124 125 126 126 127 128 129 130 132 133 134 134 134 142 142 132 102
  60  25  15  20  21  23  26  26  24  22  23  26  23  24  24  25  25  24
  24  23  27  25  23  16  75 147 146 113]","[ 57 104 106 102 109 106 111 111 112 112 113 115 117 118 119 120 123 123
 124 125 126 127 128 128 129 130 132 133 135 135 135 135 131 135 144 147
 124  79  39  20  23  22  25  29  27  21  21  26  23  23  25  25  25  25
  23  23  22  28  20  15  53 148 148 115]","[ 58 104 107 103 109 107 111 111 112 113 114 115 117 119 120 120 123 124
 125 126 127 129 130 130 131 132 133 135 136 137 137 137 133 148 148 136
 138 143 112  67  32  21  18  26  28  21  20  27  22  23  25  26  26  25
  23  22  16  27  20  16  41 146 151 118]","[ 58 105 107 103 110 107 112 112 112 113 114 116 117 119 120 121 124 124
 126 127 129 130 131 132 132 133 135 137 138 138 139 139 143 145 141 136
 143 152 146 130  61  33  15  21  27  22  21  27  21  23  25  27  27  25
  23  21  15  24  24  17  36 139 152 118]","[ 58 105 107 103 110 107 112 112 113 113 115 116 118 119 120 121 124 125
 126 128 130 131 132 133 134 135 136 138 139 140 140 140 144 133 136 151
 152 139 140 154 114  65  25  20  26  22  20  26  21  23  25  27  27  25
  23  21  20  21  27  15  33 126 150 117]","[ 59 105 108 103 110 107 112 112 113 114 115 116 118 119 121 121 125 125
 127 128 130 132 133 134 134 135 137 138 140 140 140 140 138 146 147 142
 141 148 150 145 161  97  39  25  27  22  18  23  21  23  25  27  27  25
  23  21  25  19  29  12  30 117 147 116]","[ 61 104 106 106 115 110 113 114 115 115 116 117 118 119 120 121 130 131
 131 132 133 134 134 135 138 138 138 138 139 139 140 140 144 144 144 143
 143 142 142 142 136 141  70  27  20  30   8  24  18  20  22  24  25  24
  22  21  19  20  22  22  17  95 115  92]","[ 61 104 106 105 113 108 111 112 115 115 116 117 118 120 120 121 119 119
 120 120 121 122 123 123 122 123 123 123 124 124 124 124 122 122 122 121
 121 120 120 120 122 123  80  28  26  24  19  23  20  21  22  24  24  24
  23  22  22  21  21  20  15  86 111  89]","[ 58 100 101 100 107 102 105 106 105 105 106 107 109 110 111 111 107 108
 108 109 110 110 111 111 110 110 110 111 111 112 112 112 111 111 111 110
 110 109 109 109 112 110  97  40  32  20  31  21  22  22  22  23  23  23
  23  24  24  23  21  20  13  73 107  88]","[ 53  94  94  92  99  93  96  98  96  96  97  98  99 100 101 102 103 104
 104 105 106 106 107 107 109 109 109 110 110 110 111 111 114 114 113 113
 113 112 112 112 112 112 111  66  33  22  35  20  24  24  23  23  23  23
  24  25  26  23  21  20  14  60 106  91]","[ 51  92  91  89  95  89  93  94  97  97  98  99 101 102 103 103 103 103
 104 105 106 106 107 107 110 110 110 111 111 112 112 112 113 113 113 112
 112 112 111 111 113 115 112  91  32  29  31  23  26  25  24  24  23  24
  25  25  25  23  21  23  17  48 106  95]","[ 52  93  92  89  96  91  94  96  97  98  99 100 101 102 103 104 103 103
 104 104 105 106 107 107 108 108 108 109 109 109 110 110 111 110 110 110
 109 109 109 108 109 111 108 106  45  35  26  27  26  26  26  25  25  25
  24  24  24  22  22  26  20  35 104  96]","[ 53  93  92  89  96  91  96  98  95  96  96  98  99 100 101 101 103 103
 103 104 105 106 106 107 107 107 107 108 108 108 109 109 111 111 111 110
 110 109 109 109 111 106 112 112  72  36  24  28  25  26  27  28  27  26
  24  23  24  22  23  27  22  23  99  92]","[ 51  91  90  87  94  90  95  98  96  97  97  99 100 101 102 102 103 104
 104 105 106 107 107 108 109 109 109 109 110 110 110 111 111 110 110 110
 109 109 109 108 116 105 121 114  96  35  23  26  25  26  28  29  28  26
  24  22  25  23  24  28  21  16  94  88]","[ 54  88  90  91  94  92  99  94  94  95  95  96  98 100 102 103 103 103
 104 105 106 108 108 109 109 109 110 110 111 112 112 113 112 112 112 112
 113 113 114 114 111 114 116 108 108  43  26  32  28  28  29  31  32  31
  28  25  24  27  25  23  20  21  52 100]","[ 53  87  89  90  93  91  98  94  99  99 100 101 102 104 106 107 106 107
 108 109 110 111 112 113 113 113 114 115 115 116 117 117 116 116 117 117
 117 118 118 118 119 121 122 115 117  55  30  32  28  28  29  30  32  31
  28  26  25  27  24  23  22  20  46  87]","[ 55  89  91  92  95  93 100  95  93  93  94  95  96  98 100 101 103 104
 104 106 107 108 109 109 111 111 111 112 113 114 114 115 114 114 114 115
 115 116 116 116 117 117 119 116 120  68  30  26  28  28  28  30  32  31
  29  26  26  27  23  23  24  20  35  66]","[ 54  88  91  91  94  92 100  95 100 100 101 102 103 105 107 108 110 110
 111 112 113 114 115 116 118 118 119 119 120 121 122 122 122 122 122 122
 123 123 123 124 122 121 124 124 131  92  40  32  29  28  28  29  31  31
  29  27  27  27  23  23  26  20  25  46]","[ 54  88  91  91  94  92 100  95 101 102 102 103 105 107 109 110 108 108
 109 111 112 113 114 114 116 116 117 118 119 119 120 120 120 121 121 121
 122 122 122 123 123 120 123 123 128 103  37  26  30  29  28  29  30  31
  29  27  27  27  22  23  27  20  18  31]","[ 59  93  95  96  99  97 104  99 101 101 101 102 104 106 108 109 111 112
 112 114 115 116 117 117 119 119 120 120 121 122 122 123 123 123 124 124
 124 125 125 125 130 126 128 125 127 114  39  28  30  29  28  28  30  30
  29  28  26  27  23  22  27  21  17  26]","[ 55  89  91  92  95  93 100  96 103 103 104 105 107 109 110 112 117 117
 118 119 120 121 122 123 123 123 124 125 126 126 127 127 128 128 129 129
 129 130 130 130 134 131 133 129 129 128  49  41  31  29  27  28  29  30
  29  28  25  28  23  22  26  22  18  26]","[ 41  75  77  78  81  79  86  82  82  82  82  84  85  87  89  90  90  90
  91  92  93  95  96  96  96  96  97  97  98  99 100 100 101 101 101 102
 102 102 103 103 102 100 103 101 102 109  30  26  31  29  27  27  29  30
  30  29  24  28  23  21  26  22  20  28]"
