"[30 68 50 68 59 57 65 62 66 66 66 67 68 68 69 69 70 69 67 64 62 59 58 56
 59 58 57 57 56 54 50 47 50 48 47 47 48 48 47 45 44 44 44 44 45 45 45 45
 44 45 46 45 44 41 39 37 40 33 37 42 38 41 46 43]","[ 72 125 115 126 111 106 112 108 115 116 118 121 124 126 128 129 123 123
 123 124 124 125 125 126 120 118 115 112 110 107 103 100  98  95  91  87
  84  80  76  73  74  74  74  74  74  74  74  74  77  77  76  75  74  73
  73  73  66  58  59  60  52  51  53  47]","[ 87 162 161 165 146 143 147 141 123 122 121 119 117 116 115 114 120 120
 121 121 121 121 121 121 132 130 129 129 132 133 133 132 125 122 118 115
 112 109 105 102  93  92  89  85  80  76  73  71  73  71  69  67  67  68
  70  72  76  69  72  73  67  69  70  62]","[ 92 184 187 186 174 176 179 171 172 170 166 161 156 151 148 145 131 130
 127 123 119 116 113 111 113 111 110 111 115 118 120 120 126 125 125 126
 129 130 129 128 122 120 117 112 107 103 100  98  98  96  92  87  83  81
  79  78  75  70  73  75  71  74  75  63]","[ 92 191 190 187 184 192 192 183 182 181 180 178 177 175 174 173 176 174
 171 166 161 157 153 152 139 135 130 126 124 122 119 117 119 118 118 119
 122 123 122 121 129 129 129 130 131 131 132 132 119 118 115 110 104  98
  92  89  94  88  89  85  78  79  74  58]","[ 90 190 184 181 184 191 186 182 185 185 185 185 185 185 185 185 185 184
 183 181 180 179 177 177 178 174 169 164 160 156 152 149 139 136 132 129
 127 123 119 116 116 116 117 117 117 117 117 117 128 129 132 133 133 132
 130 129 120 116 116 112 104 106  99  79]","[ 97 199 194 192 196 197 191 194 191 190 189 188 187 185 184 184 182 182
 182 182 182 183 183 183 185 184 182 182 182 181 179 177 179 176 171 168
 165 161 157 153 143 141 138 134 130 126 123 122 113 114 116 118 120 121
 122 123 127 125 128 126 123 128 123 101]","[ 89 195 193 192 196 193 187 196 192 192 191 191 191 191 191 191 191 190
 189 188 187 186 185 185 181 180 181 183 185 185 182 180 182 181 179 179
 180 181 179 178 177 175 172 168 164 160 157 155 149 145 139 132 126 122
 120 119 120 119 122 120 117 124 118  95]","[ 91 191 191 193 193 195 195 199 196 196 196 195 195 194 194 194 193 192
 192 191 191 190 190 189 186 186 186 186 186 186 186 186 185 185 184 183
 182 181 180 180 181 181 180 179 178 177 176 176 178 177 174 170 165 161
 157 154 145 140 134 139 130 130 130  91]","[ 91 191 191 193 193 195 195 199 196 196 196 195 195 194 194 194 193 193
 193 192 192 192 192 192 190 190 190 190 190 190 190 190 190 189 189 188
 187 186 186 185 184 184 183 183 182 181 180 180 178 178 178 177 176 174
 172 171 173 169 164 169 161 161 162 122]","[ 91 191 191 193 192 194 194 198 196 196 195 195 195 195 194 194 193 193
 193 193 194 194 194 194 193 193 193 193 193 193 193 193 193 192 192 191
 191 190 189 189 189 189 188 187 187 186 185 185 181 182 183 184 185 185
 185 184 185 183 179 183 176 179 179 138]","[ 91 191 191 192 192 194 194 197 195 195 195 195 195 195 195 195 192 192
 193 193 194 194 195 195 192 192 192 192 192 192 192 192 192 192 191 191
 190 190 190 189 192 192 191 191 190 190 189 189 186 186 187 187 187 187
 186 185 183 183 180 184 177 182 183 140]","[ 92 191 191 192 191 193 193 196 195 195 195 195 195 195 195 195 191 191
 192 192 193 193 194 194 192 192 192 192 192 192 192 192 192 192 192 192
 191 191 191 191 193 193 192 192 192 192 191 191 189 189 189 189 189 188
 187 186 187 190 187 190 184 191 191 147]","[ 92 191 191 192 191 192 192 195 194 194 195 195 195 195 196 196 192 192
 192 192 193 193 193 193 194 194 194 194 194 194 194 194 195 195 194 194
 194 194 194 194 193 193 193 193 193 193 193 193 190 191 192 192 193 192
 192 191 188 193 191 192 187 195 195 148]","[ 92 191 191 192 191 192 191 195 194 194 194 195 195 196 196 196 194 194
 194 194 194 193 193 193 195 195 195 195 195 195 195 195 196 196 196 196
 196 196 196 196 194 194 194 194 194 194 194 194 193 193 194 195 195 195
 194 194 186 192 190 191 184 193 193 144]","[ 92 191 190 191 190 191 191 194 194 194 194 195 195 196 196 196 197 196
 196 195 195 194 194 193 194 194 194 194 194 194 194 194 195 195 195 195
 195 195 195 195 195 195 195 195 195 195 195 195 196 196 196 195 194 193
 192 191 190 197 196 195 189 198 197 148]","[ 92 192 191 192 192 193 193 196 190 188 191 199 200 195 193 197 197 197
 197 196 196 195 195 194 194 193 193 194 195 197 198 199 197 196 196 195
 195 196 196 197 194 195 195 196 197 198 199 199 195 195 195 195 195 195
 195 195 197 193 197 192 198 193 199 150]","[ 92 192 191 192 191 193 192 196 204 200 197 196 195 193 194 196 198 198
 197 197 196 196 196 195 194 195 196 197 196 194 192 191 197 196 196 196
 196 196 196 197 195 196 196 197 198 199 200 200 196 196 196 196 196 196
 196 196 197 194 198 192 198 194 200 150]","[ 92 192 191 192 191 192 192 195 186 188 188 187 190 197 201 201 198 198
 198 198 197 197 197 197 198 197 197 198 200 201 200 198 197 197 197 197
 197 197 197 197 197 197 198 199 199 200 200 201 198 198 198 198 198 198
 198 198 198 195 199 193 199 195 201 151]","[ 92 192 191 192 191 191 191 194 194 200 201 197 196 199 197 191 198 198
 198 198 198 198 198 198 202 197 192 192 197 201 201 199 197 197 198 198
 198 198 197 197 199 199 199 200 200 201 201 201 200 200 200 200 200 200
 200 200 199 196 200 194 200 196 202 152]","[ 93 192 191 191 190 191 190 193 190 193 194 192 192 195 195 192 198 198
 198 198 198 198 198 198 199 195 192 194 198 200 196 191 197 198 199 200
 200 199 198 197 200 200 200 200 200 201 201 201 201 201 201 201 201 201
 201 201 201 197 201 195 201 197 203 153]","[ 93 192 191 191 190 190 189 192 195 191 189 191 193 194 198 204 197 197
 197 197 198 198 198 198 193 198 204 206 205 203 203 205 197 198 200 201
 201 200 198 197 200 200 200 200 200 200 200 200 201 201 201 201 201 201
 201 201 202 198 202 197 202 198 204 154]","[ 93 192 191 191 189 189 188 191 204 195 196 206 205 193 190 198 195 196
 196 196 197 197 198 198 194 205 209 195 174 168 183 202 198 199 201 202
 202 201 199 198 200 200 200 199 199 199 199 199 201 201 201 201 201 201
 201 201 203 199 203 197 203 199 205 155]","[ 93 192 191 191 189 189 188 191 131 130 150 184 198 188 187 198 194 195
 195 196 196 197 197 197 202 209 200 162 117 105 132 165 198 199 201 203
 203 201 199 198 199 199 199 199 199 199 199 199 201 201 201 201 201 201
 201 201 203 200 204 198 204 199 206 156]","[ 90 190 190 189 187 188 189 193 114  58  44 108 177 196 190 192 193 193
 189 202 201 197 202 182 169 160 181 139  83 103 143 173 194 202 204 199
 198 202 201 196 205 198 201 202 197 200 204 198 199 200 201 202 202 202
 202 201 202 199 204 199 204 200 205 155]","[ 91 191 189 189 187 188 188 192 177  94  59  72  93 153 202 191 189 196
 187 189 193 200 192 145 107 134 189 175 146 172 187 182 125 135 164 197
 207 196 196 207 201 196 200 204 199 199 203 202 199 200 201 202 202 202
 202 201 202 199 204 199 204 200 205 155]","[ 92 191 189 189 187 187 187 190 201 172 101  42  50  99 155 196 189 195
 191 196 196 193 183 142 102 135 207 236 227 212 159 102  75  73  97 150
 193 204 203 205 200 196 199 204 202 198 200 206 199 200 201 202 202 202
 202 201 202 199 204 199 204 200 205 155]","[ 93 191 188 188 187 188 186 189 183 209 161  90  69  60  90 165 196 194
 193 200 168 136 154 168 159 104  79  89  99 100  84  64  61  60  64  88
 135 182 203 203 205 201 197 200 204 199 197 205 199 200 201 202 202 202
 202 201 202 199 204 199 204 200 205 155]","[ 93 190 186 187 187 189 187 188 184 186 198 177 107  54  65  96 169 185
 199 191 120  65 105 157 182 118  62  57  65  63  59  50  51  62  66  65
  79 119 167 197 202 205 197 195 205 200 193 201 199 200 201 202 202 202
 202 201 202 199 204 199 204 200 205 155]","[ 92 188 184 186 187 190 188 189 194 185 192 199 161  93  56  58  91 146
 198 200 123  57  77 108 151 130  76  41  31  35  49  41  45  42  50  63
  67  76 112 153 180 202 200 192 203 201 192 199 199 200 201 202 202 202
 202 201 202 199 204 199 204 200 205 155]","[ 91 186 182 185 188 191 189 189 193 197 183 187 197 150  82  59  46  91
 150 186 140  73  67  74  69  83  54  34  28  26  40  31  34  25  30  50
  62  65  78  97 142 192 204 192 200 200 192 201 199 200 201 202 202 202
 202 201 202 199 204 199 204 200 205 155]","[ 90 185 181 184 188 192 190 190 196 178 194 203 188 185 143  59  64  54
  80 137 121  60  54  69  64  69  43  46  47  27  31  27  13  28  38  36
  38  52  68  76 111 182 208 194 199 199 193 204 199 200 201 202 202 202
 202 201 202 199 204 199 204 200 205 155]","[ 90 182 186 191 185 188 191 191 185 195 194 187 192 197 174 140  62  52
  48  52  52  48  47  52  53  58  54  41  32  33  37  37  30  23  26  44
  58  61  65  72 112 191 202 192 203 195 192 202 199 199 199 199 200 200
 200 200 200 202 198 201 197 204 201 152]","[ 91 179 179 185 181 183 186 185 186 193 190 183 186 195 190 174 110  71
  41  42  47  40  37  43  43  48  49  45  43  45  44  41  33  28  32  48
  59  62  67  76 116 188 196 187 199 192 189 196 198 198 199 199 200 200
 201 201 204 205 201 205 201 207 204 157]","[101 183 178 184 182 185 186 184 181 185 185 181 181 188 194 196 156  96
  47  43  51  42  32  34  31  35  40  47  55  58  52  43  37  35  41  53
  60  62  70  81 139 197 200 193 205 200 198 201 197 198 198 199 200 201
 202 203 196 197 193 198 193 199 197 152]","[ 64 140 130 136 136 138 139 136 145 146 150 153 151 148 151 157 158 111
  65  50  52  46  34  26  26  26  31  43  56  60  51  40  41  42  48  56
  59  62  73  85 128 172 170 166 176 172 172 172 177 178 179 180 182 183
 184 185 192 191 189 195 190 194 194 152]","[ 69 142 130 136 136 137 137 136 130 126 128 134 134 128 126 129 133 118
  86  52  39  41  36  24  28  25  26  36  48  50  43  35  44  47  52  56
  58  63  75  87 113 144 139 139 147 142 145 143 148 149 150 151 153 154
 155 155 151 149 147 155 149 151 153 114]","[ 66 137 125 132 131 130 130 131 141 134 131 133 136 136 136 137 125 132
 110  62  35  39  42  34  33  28  26  32  37  38  35  35  47  50  54  56
  58  66  78  88 126 147 142 145 149 144 149 146 143 143 144 145 146 147
 148 149 154 151 150 159 152 153 157 121]","[ 66 137 127 135 131 128 129 133 131 131 128 126 127 131 132 130 129 140
 126  84  50  45  47  43  35  31  30  33  33  30  33  40  50  52  54  56
  60  70  82  90 130 145 142 148 148 141 150 146 150 150 151 151 152 152
 153 153 150 147 146 156 149 149 154 120]","[ 64 137 128 137 132 127 128 134 126 133 137 132 130 133 131 125 128 136
 129  99  67  50  44  41  35  33  34  36  32  28  34  45  53  54  55  56
  62  74  85  91 132 144 142 150 147 139 150 147 146 146 147 147 147 147
 147 147 152 148 147 158 151 150 155 123]","[ 69 128 129 131 123 129 126 129 127 127 127 127 128 128 128 128 130 126
 127 121  92  55  42  51  43  40  38  35  31  30  37  47  52  56  54  59
  71  75  81  97 139 141 144 144 144 143 144 146 145 145 146 146 146 147
 147 147 146 152 145 149 149 151 151 118]","[ 66 125 125 128 119 126 123 126 124 124 124 124 125 125 125 125 126 124
 127 124 103  72  53  50  48  45  42  40  36  33  38  46  48  54  55  59
  70  74  83 100 138 140 142 143 142 141 142 143 144 145 145 145 146 146
 146 147 145 150 144 147 147 149 149 116]","[ 63 121 120 123 115 122 119 121 120 120 120 121 121 122 122 122 122 123
 125 124 114  93  67  48  52  49  47  46  43  39  41  46  45  54  56  60
  69  73  83 103 137 139 141 141 139 138 139 140 143 143 144 144 145 145
 145 145 142 148 141 145 145 147 147 114]","[ 61 118 116 118 112 120 116 118 117 117 117 118 119 119 120 120 121 123
 122 121 121 111  82  53  55  50  47  48  47  45  46  49  47  57  59  62
  68  70  81 102 136 138 140 140 138 137 138 139 142 142 142 143 143 143
 144 144 141 147 140 144 144 146 146 113]","[ 61 116 112 115 110 118 115 116 115 115 116 117 118 119 119 120 121 122
 120 118 124 124 103  76  62  53  46  46  48  49  51  55  52  61  62  63
  67  66  76  97 135 137 139 139 138 137 138 139 140 140 141 141 141 142
 142 142 141 146 140 144 143 146 145 113]","[ 60 114 109 112 108 117 113 114 113 114 115 116 117 118 119 119 118 120
 119 119 126 131 121 107  80  65  51  46  48  51  55  59  58  65  63  63
  67  66  72  91 133 135 137 138 137 137 138 139 139 139 139 139 140 140
 141 141 140 145 139 143 142 145 144 112]","[ 59 112 106 109 105 115 111 111 111 112 113 114 115 116 117 118 115 118
 120 120 122 124 124 123 107  85  61  49  48  51  56  61  61  65  62  62
  67  67  72  87 129 131 134 136 136 136 137 139 137 138 138 138 139 139
 139 140 138 143 137 141 140 142 142 110]","[ 58 110 104 107 103 114 110 109 109 110 111 112 114 115 116 116 115 117
 121 121 116 113 117 124 128 101  70  53  48  50  56  61  63  65  60  61
  68  69  72  86 126 128 132 133 134 135 137 138 137 137 137 138 138 138
 139 139 136 141 135 139 138 140 140 108]","[ 59 105 107 103 109 106 110 110 109 109 110 111 113 114 115 115 114 115
 116 117 119 120 121 122 116 125  98  60  49  44  42  54  59  57  57  60
  64  68  74  78 111 130 134 130 135 137 133 134 136 136 136 136 136 136
 136 136 136 139 133 139 137 136 138 110]","[ 56 102 104 100 106 103 107 107 109 109 110 111 113 114 115 115 115 115
 116 117 119 120 121 121 116 126 104  70  57  48  44  53  59  58  59  62
  65  69  73  77 107 126 131 127 132 133 130 131 133 133 133 133 133 133
 133 133 133 136 130 136 134 133 134 107]","[ 56 102 104 100 106 103 107 107 109 109 110 111 113 114 115 115 115 116
 116 117 119 120 120 121 117 127 112  83  65  53  47  52  59  60  62  64
  68  71  73  74 101 121 127 123 128 129 126 127 129 129 129 129 129 129
 129 129 128 131 126 131 129 128 130 102]","[ 59 106 108 103 109 106 111 111 109 109 110 111 113 114 115 115 116 116
 117 118 118 119 120 120 120 126 117  92  69  56  51  53  58  63  66  67
  70  74  75  73  96 118 125 121 125 126 123 126 127 127 127 127 127 127
 127 127 125 129 123 129 126 126 127 100]","[ 61 107 109 105 111 108 112 112 109 109 110 111 113 114 115 115 116 116
 117 118 118 119 120 120 122 123 118  97  69  55  56  57  59  66  70  70
  73  79  79  75  93 116 125 122 125 126 123 127 127 127 127 127 127 127
 127 127 125 128 122 128 126 125 127  99]","[ 58 104 107 102 108 105 110 110 109 109 110 111 113 114 115 115 117 117
 117 118 118 119 119 119 122 119 118 101  68  55  60  59  61  69  73  72
  75  83  85  80  90 115 125 123 125 125 124 128 127 127 127 127 127 127
 127 127 125 128 122 128 126 125 126  99]","[ 56 103 105 100 106 103 108 108 109 109 110 111 113 114 115 115 117 117
 118 118 118 118 119 119 120 115 120 107  71  57  63  60  62  71  75  73
  77  88  90  85  88 113 125 123 125 125 124 128 127 127 127 127 127 127
 127 127 124 127 122 127 125 124 126  98]","[ 57 103 105 101 107 104 108 108 109 109 110 111 113 114 115 115 117 117
 118 118 118 118 119 119 118 113 121 111  74  59  65  60  63  73  76  73
  78  90  94  88  86 112 125 122 124 124 123 128 126 126 126 126 126 126
 126 126 123 127 121 127 124 124 125  98]","[ 52  99  96  98 105  99 110 110 107 108 109 110 112 113 115 115 113 114
 115 116 117 118 118 118 118 117 120 107  79  65  65  62  68  73  79  85
  89  93  96  99  91 103 118 125 124 122 123 126 126 126 126 126 126 126
 126 126 124 127 120 125 123 123 125  98]","[ 53 105 109 107 109  98 101  97 110 110 111 113 115 116 117 118 116 117
 118 119 120 120 120 120 119 118 120 107  78  63  63  60  70  74  81  87
  91  95  99 102  99 110 122 129 128 126 127 130 128 128 128 128 128 128
 128 128 128 131 124 130 128 127 130 102]","[ 45  99 108 102 105 101 106 107 105 106 107 108 110 111 113 113 111 112
 113 115 115 115 115 115 120 118 121 108  79  65  66  64  74  78  85  92
  97 101 105 108 101 110 120 125 124 123 124 127 124 124 124 124 124 124
 124 124 126 128 122 127 125 125 127 100]","[ 90 130 129 105  97  95 100 112 110 110 111 113 115 116 117 118 117 117
 118 119 120 120 119 119 116 115 118 106  79  67  69  68  74  79  86  93
  98 103 107 111 113 119 127 130 130 129 130 133 130 130 130 130 130 130
 130 130 132 135 128 133 131 131 133 106]","[ 82 108 106  80  73  74  82 108 106 107 108 109 111 112 114 114 114 114
 115 116 116 116 115 115 118 116 118 105  78  66  68  67  73  78  85  92
  97 102 107 110 113 118 124 127 127 126 128 129 128 128 128 128 128 128
 128 128 129 132 125 130 128 128 130 103]","[ 34  49  57  44  48  53  60 101 107 108 109 110 112 114 115 115 115 116
 116 117 117 117 116 116 125 123 124 110  82  69  71  70  78  82  89  96
 101 105 109 112 114 119 124 128 129 128 128 129 130 130 130 130 130 130
 130 130 129 132 125 131 128 128 130 103]","[ 43  41  46  36  38  34  34  84 111 112 113 114 116 118 119 119 120 120
 121 121 121 121 120 119 117 116 117 105  78  67  71  71  75  79  86  92
  96 100 104 107 117 121 127 131 133 133 132 131 132 132 132 132 132 132
 132 132 131 134 128 133 131 130 133 106]","[ 35  21  23  16  21  18  21  80  84  84  85  87  89  90  91  92  92  93
  93  94  93  93  92  91  96  95  99  89  66  58  64  65  62  67  73  78
  82  86  90  92  87  92  98 103 106 105 103 102 103 103 103 103 103 103
 103 103 103 105  99 104 102 102 104  77]"
