"[30 32 28 30 29 29 27 30 29 30 29 30 28 30 29 30 30 29 29 29 28 28 30 29
 29 29 29 30 29 29 29 29 28 29 30 29 28 29 29 31 29 30 29 29 29 30 29 29
 29 30 31 28 28 31 29 28 28 32 30 29 29 28 29 29 28 29 29 29 28 28 31 29
 29 30 30 29 30 30 28 30 31 30 29 29 30 31 29 28 28 30 30 30 29 29 29 28
 28 31 29 29 30 28 29 28 28 31 30 29 30 30 29 29 29 29 30 30 29 29 30 29
 30 28 28 28 32 30 30 28 30 29 28 29 31 31 29 30 30 29 29 29 29 29 29 30
 28 30 29 30 28 28 31 29 29 28 29 30 29 29 30 29 28 29 30 30 28 29 30 28
 30 28 30 29 28 29 29 30 30 29 28 29 30 30 29 28 30 27 30 30 29 29 28 29
 28 31 28 29 30 31 29 30]"
"[31 27 31 29 28 27 32 27 28 29 29 27 28 29 29 30 27 27 29 30 29 30 30 28
 29 29 29 30 29 29 29 29 30 30 29 30 32 32 29 25 26 29 31 29 30 29 29 30
 30 29 31 30 29 29 28 29 29 26 24 29 33 28 28 30 28 30 30 31 30 29 30 27
 30 29 28 29 30 29 29 31 28 29 30 29 28 28 29 30 30 29 27 27 28 30 30 29
 28 28 29 28 29 30 30 30 30 29 28 28 28 28 28 30 30 28 28 27 27 30 30 27
 27 29 31 30 28 26 28 29 30 26 30 33 28 29 32 29 29 28 29 29 31 28 30 30
 30 26 29 31 30 30 27 26 29 29 30 29 27 28 30 30 30 29 30 29 28 30 31 28
 28 27 30 30 29 29 27 28 28 29 30 29 27 27 29 30 31 28 28 27 28 31 29 29
 28 29 30 30 33 27 29 28]"
"[ 30  30  99 100  96 101  97 102 102 103 104  98 100  97  98  96  97 100
 104 104 103 104 103 100  97  99 102 105 106 107 106 105 109 112 115 118
 121 126 132 135 131 135 139 133 132 125 127 127 123 123 129 130 131 136
 148 163 189 214 233 239 242 245 246 242 246 247 246 245 245 245 246 246
 244 246 246 246 245 246 246 244 247 245 244 247 248 248 243 238 216 205
 187 168 154 143 133 126 124 123 127 121 115 117 113 109 116 120 124 124
 121 119 118 120 117 116 115 113 114 120 124 121 112 103  89  74  54  41
  28  19  16  17  23  25  20  17  18  17  19  17  17  15  16  15  16  16
  16  15  15  14  18  15  27  65  91  93  95  91  84  79  75  71  73  72
  70  68  67  69  67  62  48  46  48  51  54  56  52  51  52  56  60  61
  60  60  60  59  59  59  62  59  58  61  62  64  64  64  68  75  87 115
 131  29]"
"[ 29  28  95  98  94  95  97 100 100 103 102  96  95  94  97  97  94  98
 101 101 100 101 100  96  94  96 100 103 104 102  99  96  98 103 106 103
  98  98 106 113 112 118 129 127 133 130 137 140 143 135 130 126 124 123
 126 133 132 131 138 157 172 184 210 237 243 248 249 252 254 252 252 251
 252 252 254 253 251 251 252 252 253 253 251 251 252 253 253 251 254 254
 251 246 233 213 188 171 168 153 146 134 130 136 127 117 119 121 122 119
 114 113 116 118 114 117 119 116 114 116 117 114 109 107 109 113 105  99
  83  67  55  48  31  22  27  24  17  20  20  20  18  18  17  18  17  16
  18  15  21  18   9  25  62  89  85  84  84  80  76  76  77  75  72  71
  69  66  65  67  64  57  50  48  50  50  52  52  49  49  52  56  59  62
  64  65  62  58  57  61  65  63  62  64  64  67  65  64  67 104 132 129
 130  27]"
"[ 31  29  86  92  93  96  95  97  97 103  97  94  88  89  94  98  98 100
 102 101 100 102 101  97  95  96  98 100 101  99  95  92  93  98 102 102
 100  99 101 104 106 110 117 115 121 116 121 124 124 124 129 133 136 138
 135 136 130 127 120 121 126 132 141 147 168 182 190 201 222 241 250 249
 252 250 251 254 251 250 252 254 252 251 252 251 251 252 253 253 253 253
 252 251 252 253 252 251 243 228 215 188 164 157 145 138 137 128 122 118
 110 105 108 112 106 108 112 114 115 117 117 113 110 108 108 111 106 111
 109 104 100 103  94  81  71  51  32  29  25  25  18  19  16  21  17  15
  16  21  17  18  33  71 101  93  85  80  75  70  68  69  71  70  68  67
  65  63  63  65  65  60  56  57  61  60  58  56  53  55  57  59  59  60
  61  63  62  60  61  63  65  64  66  67  63  64  67  74 107 133 131 130
 127  32]"
"[ 28  27  84  85  85  91  81  89  91  99  94  95  87  85  88  92  96  96
  97  97  97  99  99  95  93  93  94  95  97  96  94  92  91  94  99 101
 102 101 100  98  97  98 102 100 104 100 103 105  97 103 112 114 115 118
 119 123 121 131 137 142 142 135 128 123 123 125 131 144 145 140 156 183
 207 217 233 245 249 253 255 250 252 252 251 252 253 254 253 251 250 252
 253 253 253 253 254 254 254 251 254 254 253 249 233 218 207 177 155 150
 147 139 131 124 124 112 100  96  98 102 105 105 105 105 106 107 104 108
 108 104  99  95  97 101 104 103  94  82  70  58  36  24  16  22  18  15
  17  25  16  39  79  95  98  92  81  73  68  67  68  69  69  68  67  63
  61  59  59  63  65  64  63  62  64  66  66  65  59  57  57  59  61  62
  62  62  63  65  65  66  67  67  67  65  65  74  99 117 136 136 123 126
 122  26]"
"[ 32  31  58  51  53  60  67  66  74  81  79  81  79  74  81  85  90  89
  90  94  96  99  97  93  95  95  95  96  97  96  92  89  89  93  96  97
  97  97  96  96  96  97  98  99 103 102 103 105 108 104 102 100 103 109
 110 112 119 124 126 131 136 135 134 130 130 137 133 130 131 130 128 127
 132 139 152 165 179 204 225 231 237 244 251 252 251 250 252 254 253 253
 253 252 251 251 252 252 253 252 252 251 253 254 254 253 252 244 239 230
 209 186 165 149 146 131 122 122 121 113 104  98  99  98  97  97 102 104
 102  96  96  94  97  99  99 105 107  98 100  93  83  76  75  66  45  24
  19  23  42  82  99  89  87  84  80  68  60  60  62  64  67  68  66  61
  58  58  59  62  65  65  69  65  65  66  67  66  59  56  58  59  61  64
  64  62  63  66  65  66  67  67  68  68  79 101 121 134 131 129 125 124
 125  31]"
"[ 29  27  72  58  60  72  70  65  67  68  62  59  60  56  70  77  81  79
  82  88  92  94  92  87  86  87  89  93  95  94  89  85  89  91  94  96
  97  97  95  93  94  95  94  96  98  98  97 100  99  96  95  95  98 103
 105 109 110 110 105 104 106 109 117 122 128 137 137 137 139 134 132 134
 123 115 120 131 128 124 130 137 148 168 197 225 243 250 251 251 252 253
 254 254 253 253 252 251 251 255 253 253 252 251 252 253 252 253 255 254
 252 253 241 218 202 178 156 146 137 126 121 122 125 118 107  96  98  96
  94  88  92  97  97  93  93  95  94  90  88  80  80  80  98  96  84  63
  49  66  89 104  99  86  81  78  69  59  55  61  65  65  66  66  62  56
  54  57  61  64  66  65  64  64  68  66  63  62  61  65  70  65  63  65
  66  65  66  69  70  66  65  68  74  80  98 127 136 128 128 124 125 130
 124  29]"
"[ 31  25  83  74  69  77  77  70  67  67  59  49  49  57  61  61  55  56
  68  67  73  86  80  77  81  84  84  81  76  74  77  80  82  88  92  96
 100  94  88  92  93  94  92  93  95  91  91  91  92  92  92  93  96  95
  95  98  97 102 102 102  99 103 105 110 102 109 119 123 120 118 119 120
 118 118 132 143 135 124 125 132 135 121 124 129 133 153 168 201 226 240
 246 248 250 251 253 254 252 254 252 252 254 252 252 252 251 253 253 253
 252 252 255 254 255 254 254 237 213 191 166 153 137 130 131 120 109 107
  98  91  85  88  89  88  89  82  84  84  81  82  82  84  87  86  83  81
  87 102 104 101  96  86  77  66  66  66  65  65  65  64  60  56  50  47
  51  58  60  62  65  66  65  63  63  64  61  60  63  68  71  70  67  67
  61  66  67  68  74  66  68  75  89 118 129 137 130 126 125 127 130 130
 130  29]"
"[ 31  32  96  92  86  88  83  76  67  68  62  56  58  64  68  69  65  59
  62  59  54  55  58  69  66  64  67  73  75  72  74  79  85  87  85  85
  88  87  88  96  96  98  94  89  85  85  89  88  87  91  91  90  93  95
  93  90  91  95  97 102 100 101 100 103 105 100  95  95  99 101 102 104
 107 104 108 119 125 123 126 134 140 135 128 124 121 127 123 125 135 145
 150 165 191 216 231 236 250 254 254 254 254 252 252 253 253 252 250 253
 254 252 253 253 250 250 254 254 254 253 245 239 228 198 175 154 140 134
 123 118 127 114  99  97  91  80  73  70  76  77  81  85  85  87  91  93
  96  99  99  99  86  67  66  72  69  67  66  66  66  64  56  50  46  46
  50  55  55  57  63  66  65  62  60  62  64  64  64  65  70  71  70  66
  59  62  69  76  77  75  87  99 114 132 130 128 128 126 127 128 129 128
 129  29]"
"[ 28  30  95  94  94  95  91  88  88  89  86  82  81  80  77  75  74  66
  64  65  65  63  63  64  64  56  52  56  60  61  63  68  80  84  83  79
  75  73  79  91  97  94  89  86  83  85  89  85  89  91  88  84  84  90
  94  94  89  88  88  95  94  97  97  99  99  97  95  98 103 101  97  98
 100 100  99 105 111 107 106 115 120 129 126 126 127 134 136 127 125 130
 126 122 128 139 150 156 181 200 223 240 249 252 251 252 249 254 254 253
 250 249 251 250 254 254 253 253 253 254 254 253 254 250 252 243 226 204
 172 150 131 130 119 111 103 107  99  82  74  75  82  88  89  91  95  95
  97  95  92  87  72  58  62  71  70  68  66  65  64  59  52  45  46  47
  51  53  54  58  64  66  61  59  60  65  69  69  66  64  64  67  70  69
  65  65  72  80  78  80 104 122 132 130 126 129 128 127 128 129 131 130
 130  29]"
"[ 29  29  87  87  90  92  90  89  91  93  92  91  90  86  81  79  80  78
  74  73  68  65  70  71  70  67  62  59  60  61  59  54  59  63  66  65
  58  49  51  63  82  75  75  83  85  86  90  86  88  85  83  82  84  88
  92  93  88  85  84  90  90  93  91  89  89  94  95  97 100  94  88  89
  91  95  99 102 102  96  94  99  97 108 111 115 115 115 117 112 122 128
 128 131 136 135 133 131 131 131 133 140 159 182 198 207 219 231 241 249
 253 254 254 254 249 253 251 252 252 250 254 253 254 253 254 254 252 253
 253 252 237 211 186 170 139 114 109 114 118 109  96  90  92  97  98  98
  92  87  83  76  67  65  68  67  68  67  66  63  59  54  50  49  51  52
  54  57  61  66  68  66  59  61  67  72  74  71  67  64  65  67  66  69
  67  70  76  85  97 112 132 130 130 130 131 130 130 127 126 128 132 133
 132  28]"
"[ 30  30  87  87  90  89  89  88  89  89  87  88  89  88  87  88  86  86
  81  81  71  63  73  80  80  79  73  65  64  69  69  66  57  56  58  61
  56  45  41  47  57  56  62  74  76  77  82  80  83  80  80  81  85  91
  93  90  91  90  86  88  88  93  90  85  87  93  92  92  97  95  90  89
  88  88  92  97  96  95  97  96  94  95 100 102 103 101  99  98 104 107
 109 119 130 131 130 130 131 133 134 127 123 126 128 136 141 146 162 190
 211 220 230 237 247 253 251 253 254 251 252 251 254 250 251 253 254 254
 251 251 253 251 252 245 222 193 183 175 166 147 114  94  96  97  92  91
  88  77  72  73  72  71  70  69  67  66  65  62  59  55  53  53  55  58
  61  63  68  71  70  68  66  69  74  78  77  73  67  65  66  71  70  73
  70  76  82  96 118 127 134 124 123 126 129 126 131 129 128 128 131 132
 131  28]"
"[ 28  29  88  89  87  86  89  89  86  86  85  85  87  86  84  86  87  89
  85  85  81  79  83  80  77  79  80  80  79  77  74  72  69  66  66  66
  60  51  49  52  54  56  58  62  63  66  68  60  64  73  82  82  80  86
  87  80  81  86  85  88  91  96  90  85  83  88  89  88  92  93  90  89
  89  85  89  92  89  91  93  91  97  94  99  95  98 100  95  96  97  98
  94  96  98  97 102 111 117 114 117 119 127 133 129 132 137 126 114 114
 119 128 144 155 171 194 218 240 253 253 251 251 251 253 254 253 251 251
 252 254 252 250 254 254 253 246 249 247 249 212 154 114 102  95  89  90
  82  72  69  70  71  70  68  68  67  64  62  63  62  60  57  56  59  64
  67  68  71  72  71  71  73  73  74  76  77  75  71  68  72  79  79  81
  81  90 103 121 127 127 128 128 131 128 129 133 131 132 133 131 130 129
 130  30]"
"[ 30  31  89  89  84  82  88  87  86  88  89  90  91  89  86  85  86  91
  89  81  77  80  84  80  83  82  82  83  82  79  79  81  81  82  83  79
  71  66  68  70  71  71  64  60  60  61  59  50  50  56  60  52  45  54
  66  67  67  78  82  88  95  97  87  86  88  90  90  85  82  82  85  87
  83  84  86  88  86  85  86  87  86  87  97  93  95  94  90  89  93  95
  92  93  97  95  96  98 100  99 105 108 113 115 110 114 121 123 117 111
 106 106 109 107 110 117 122 125 136 153 173 195 211 227 242 249 253 254
 253 251 252 253 251 251 252 251 252 250 245 199 147 115 100  89  80  77
  74  71  70  65  66  67  63  64  67  64  63  64  65  64  62  61  65  69
  70  71  74  73  72  75  76  74  73  75  77  77  75  73  72  74  74  74
  90 102 118 130 125 132 130 129 128 129 127 126 129 133 136 134 131 129
 130  30]"
"[ 28  28  88  90  87  88  94  90  88  89  89  88  89  87  84  84  90  88
  87  85  82  83  82  80  80  79  79  81  81  81  81  81  82  86  89  86
  81  82  83  80  84  83  73  67  63  60  59  56  49  53  60  60  54  56
  59  53  53  59  54  57  65  69  68  76  86  87  89  87  82  80  82  84
  83  85  84  83  85  83  82  87  88  86  90  86  89  88  89  89  90  94
  91  90  93  94  95  95  97  93  96  96  99 100  97 104  98 102 104 108
 112 114 116 114 118 119 117 109 108 110 113 126 135 137 143 160 183 202
 217 225 242 251 251 252 251 251 247 243 198 148 108  95  87  82  78  73
  71  69  68  65  66  64  58  63  66  65  65  66  66  65  66  69  73  73
  71  71  76  77  75  76  79  78  77  77  77  76  76  75  76  75  82  89
 122 127 131 125 127 130 126 130 129 127 121 123 128 131 134 134 133 131
 130  28]"
"[ 29  30  87  91  97  96  95  93  90  83  90  89  91  86  81  86  88  90
  90  87  84  82  81  79  77  79  82  83  83  83  82  80  80  83  83  80
  79  81  83  84  85  81  78  81  87  88  79  69  57  57  67  67  62  61
  56  52  56  54  52  51  49  47  47  49  57  73  75  73  76  77  79  85
  86  84  82  80  83  80  83  81  84  83  83  82  84  86  85  89  89  88
  88  89  92  90  90  93  93  92  95  96  90  90  88  97  97  98 101 104
 104 104 104 104 111 118 117 111 110 108 107 111 109 115 117 114 112 115
 125 136 171 190 220 237 246 249 233 181 128 104  89  82  77  76  74  72
  71  69  67  65  64  63  61  60  66  66  65  65  69  73  72  68  71  70
  71  74  77  78  77  76  81  81  80  80  80  80  79  78  79  81  89 121
 132 128 125 122 125 126 126 128 131 126 122 125 130 129 132 136 136 130
 129  29]"
"[ 30  30  88  90  92  89  94  96  92  95  96  98  94  85  89  91  92  93
  93  91  87  84  87  92  82  78  78  80  83  87  86  82  81  80  78  78
  79  80  79  78  78  78  78  80  84  88  86  82  75  74  84  85  78  73
  65  60  62  62  57  52  49  50  51  51  46  53  54  52  51  54  60  62
  65  71  76  79  81  84  82  80  80  79  79  77  82  86  83  83  87  89
  90  89  88  86  86  87  84  84  87  90  89  93  90  93  96  95  96  96
  94  93  94  94  94  99 101 103 106 106 107 111 108 113 116 116 113 109
 108 111 118 128 143 158 168 181 153 107  93  84  83  79  71  70  71  72
  68  66  64  61  59  59  61  64  65  66  67  68  70  70  69  66  73  72
  73  76  78  79  79  79  78  80  81  80  82  84  84  80  86 102 118 135
 133 129 129 127 124 126 127 128 130 128 126 130 132 131 132 132 133 131
 131  29]"
"[ 27  29  93  89  89  89  98  97  94  98  94  96  89  86  90  89  92  94
  95  95  93  92  89  88  85  82  81  82  83  85  85  81  85  82  80  80
  82  82  80  79  73  74  74  73  75  81  84  84  81  77  83  86  82  79
  76  75  72  73  73  72  69  66  61  57  59  56  55  53  45  47  55  52
  54  58  60  57  54  65  68  74  74  74  75  73  73  74  75  80  85  88
  90  88  86  86  86  86  87  87  89  89  88  91  87  86  88  89  93  95
  94  94  95  94  90  89  91  94  96  94  94  96  99 105 111 114 113 111
 114 121 119 121 125 122 117 121 105  92  88  82  80  74  69  71  71  68
  67  64  59  57  56  58  62  65  65  68  71  73  74  73  72  71  74  75
  76  78  79  80  81  82  82  81  81  82  80  79  85  93 111 124 135 137
 130 130 130 128 125 128 128 129 131 131 131 134 133 132 132 131 133 134
 133  29]"
"[ 34  23  92  98 105 101 101  93  93  92  93  92  87  94  92  91  95  94
  93  95  96  96  93  91  88  86  85  84  83  85  88  87  85  84  82  80
  80  81  81  81  81  80  77  73  75  80  82  81  83  80  81  82  80  80
  81  83  82  78  77  80  79  75  74  76  74  69  67  66  57  54  58  54
  58  55  55  46  40  45  41  44  54  53  57  60  58  52  54  67  86  90
  92  89  87  86  83  76  77  81  85  86  83  81  80  82  82  82  84  86
  85  87  90  92  92  89  88  89  87  86  85  85  85  87  89  90  91  92
 101 112 114 114 123 125 122 104  91  92  89  80  72  64  67  76  74  65
  66  60  55  55  59  63  65  65  64  66  70  73  74  73  74  75  77  77
  79  81  83  83  83  83  81  80  80  81  79  83 100 119 133 131 132 131
 129 132 131 130 128 129 130 130 131 133 134 135 131 132 133 134 137 137
 135  29]"
"[ 28  32 122 115 116 119 116  95  94  93  93  93  88  95  95  92  93  91
  94  99  99  96  95  97  95  90  86  83  83  87  90  89  87  86  83  80
  79  82  83  83  86  85  82  78  79  83  84  82  82  82  82  82  81  81
  83  81  82  77  75  78  80  79  83  88  82  81  79  79  76  70  70  71
  67  57  57  52  55  56  50  50  55  50  52  56  56  47  41  47  55  65
  80  88  89  89  84  76  75  77  79  80  77  72  75  80  78  78  80  82
  81  82  85  87  85  85  85  82  80  83  86  85  85  83  80  80  80  79
  81  87  89  84  84  92  98  81  78  83  78  74  70  64  66  73  69  63
  60  56  54  57  62  64  65  66  65  66  70  74  75  75  76  77  79  80
  81  84  85  84  82  80  79  82  82  81  87 103 121 131 132 128 131 131
 131 133 134 136 131 130 130 130 132 134 134 133 130 131 134 137 139 138
 134  29]"
"[ 28  30 145 148 140 128 128 129 136 130 114 111 103 101 107  96  98 103
 105 102 100  98  93  87  92  89  86  83  83  86  89  88  89  87  83  81
  83  85  85  84  84  85  84  82  80  81  81  81  78  82  80  80  80  80
  82  81  78  80  81  81  82  83  82  81  80  83  79  80  81  76  76  80
  74  72  81  81  82  73  64  60  56  52  51  50  53  52  46  45  46  48
  54  55  51  53  60  61  61  65  74  84  88  79  77  74  76  74  75  75
  73  75  78  80  82  87  87  81  79  82  85  83  80  80  79  79  78  75
  75  78  73  72  64  75  76  73  71  71  74  74  74  68  65  64  60  58
  54  54  56  59  59  59  61  64  64  67  71  75  77  78  80  80  80  80
  81  84  84  82  79  77  82  81  83  93 108 122 128 129 128 129 133 131
 131 131 137 138 134 131 131 132 133 135 135 133 133 133 134 136 138 136
 134  29]"
"[ 32  28 154 157 155 152 150 152 157 147 133 134 132 130 141 130 119 121
 117 105  98  98  95  89  95  91  88  87  87  91  94  93  89  85  84  86
  87  84  83  84  86  86  86  85  84  82  81  81  82  84  80  80  79  77
  80  81  81  82  81  78  77  78  77  75  81  82  79  80  81  79  80  83
  78  80  84  84  83  80  80  81  74  73  69  62  59  58  53  53  55  52
  55  55  47  44  47  47  50  49  50  56  68  70  77  75  76  72  69  67
  64  66  71  73  76  86  88  82  81  82  81  80  76  78  78  76  75  73
  74  78  77  68  61  66  68  74  73  69  70  67  66  64  62  58  52  54
  52  53  55  57  56  55  58  64  65  69  72  73  74  77  79  80  79  80
  82  83  84  83  81  81  82  82  93 113 128 131 131 131 130 132 133 132
 132 129 138 136 138 132 132 134 133 134 135 134 135 135 135 133 136 137
 136  29]"
"[ 28  28 162 157 154 159 162 166 172 163 165 164 160 154 158 153 149 146
 145 142 130 116 116 123 122 109  96  90  92  97  99  95  91  88  91  96
  93  85  84  89  89  86  85  87  87  84  82  81  79  81  79  82  82  77
  79  82  82  80  79  78  77  75  75  76  79  78  75  78  78  78  81  81
  78  80  76  79  79  82  81  80  78  78  80  79  79  77  73  74  74  64
  61  62  56  53  55  56  48  44  40  39  46  45  50  45  47  50  56  61
  61  59  57  54  54  68  74  74  78  79  77  78  76  76  74  72  74  74
  72  72  74  61  65  60  58  60  66  68  65  61  61  61  60  53  47  50
  50  49  51  54  55  56  61  67  74  77  78  75  73  76  79  80  80  81
  83  85  85  85  86  87  86  96 114 129 135 133 131 132 130 131 133 138
 139 129 138 137 139 132 132 134 132 131 133 132 136 137 136 132 135 140
 138  30]"
"[ 30  27 167 161 160 161 162 168 168 167 162 159 160 157 154 156 158 161
 161 156 149 141 141 144 136 130 129 119 116 117 118 116  98  89  94 103
  98  88  90  95  96  90  86  86  84  85  87  83  81  75  82  86  78  76
  80  82  80  83  81  84  83  81  73  74  79  79  78  75  76  81  80  77
  78  79  78  78  75  70  69  69  70  78  79  77  80  79  76  78  83  80
  72  66  65  66  65  64  60  55  51  45  40  46  50  44  45  50  45  46
  47  47  53  49  43  45  52  61  65  64  65  68  74  73  78  71  66  65
  72  68  67  64  60  56  55  57  59  60  61  56  54  57  55  49  47  50
  49  49  54  55  57  61  65  72  73  74  75  75  76  79  80  78  82  81
  82  84  86  87  87  87 101 114 126 131 133 134 134 135 133 133 133 135
 136 137 136 137 137 137 134 131 130 131 131 131 134 137 137 135 135 137
 138  29]"
"[ 29  29 136 142 145 153 160 165 174 174 169 161 157 158 161 165 161 163
 168 164 161 153 153 151 147 150 150 140 139 137 138 144 133 116 110 115
 114 109 108 107 108  99  93  91  82  78  88  95  94  87  89  95  90  84
  80  79  79  81  81  84  86  86  79  73  81  82  80  76  76  78  79  80
  76  76  77  78  74  67  66  67  67  72  72  72  77  76  75  79  88  87
  81  75  74  74  71  70  66  66  68  64  58  59  59  51  49  50  39  33
  30  33  45  47  39  37  40  45  45  44  47  54  67  69  75  70  63  61
  69  69  63  59  55  56  56  55  55  57  57  54  53  54  55  54  56  58
  55  55  59  61  63  66  68  73  72  76  76  76  77  78  78  81  85  81
  84  90  89  83  89 100 117 124 131 135 136 133 132 134 136 136 136 137
 137 137 137 138 136 136 135 133 133 134 135 135 133 135 136 135 137 138
 139  29]"
"[ 29  31 120 124 127 126 126 125 117 123 132 139 145 155 164 168 168 163
 168 165 166 161 164 157 158 165 163 157 166 161 152 157 158 152 150 148
 146 144 139 128 131 129 125 118 105 101 110 113 105  97  92  92  93  93
  93  94  92  88  87  86  90  94  92  83  78  79  79  79  81  80  79  79
  76  79  81  79  76  73  71  69  72  73  72  74  77  74  72  76  79  80
  78  75  75  74  72  71  73  76  80  78  72  73  74  68  70  66  53  45
  42  42  49  47  49  44  40  40  37  34  38  46  43  41  45  43  41  40
  46  45  48  49  51  51  49  47  49  53  50  51  52  51  53  56  59  59
  59  60  65  68  70  72  71  73  73  79  79  78  79  79  79  83  84  86
  88  89  89  96 112 129 131 133 135 137 138 135 133 135 138 138 139 139
 139 138 137 138 136 137 138 137 137 138 138 138 136 137 138 138 139 139
 138  29]"
"[ 29  30 143 138 144 136 129 126 126 122 123 126 125 128 132 132 138 135
 145 150 152 154 159 152 155 165 170 166 170 164 159 164 164 166 167 161
 153 153 153 149 150 152 149 142 132 129 129 121 121 120 112 109 110 109
 108 106  99  89  89  88  91  96 102  95  91  89  84  86  89  85  79  76
  81  80  81  81  79  76  73  73  71  73  73  76  79  76  73  74  71  74
  73  72  73  73  72  72  73  74  76  75  72  73  74  71  71  71  66  64
  64  62  63  58  50  46  42  40  37  34  36  40  40  34  32  31  29  27
  27  25  27  34  37  34  32  35  39  40  42  47  51  52  53  56  58  58
  58  60  66  68  70  72  71  73  77  81  82  80  78  79  82  82  84  86
  87  88  97 115 131 140 138 139 139 140 140 138 137 138 138 138 139 140
 140 139 137 136 137 139 140 141 140 139 138 137 136 136 136 137 137 136
 136  28]"
"[ 29  28 162 156 163 158 156 154 150 144 138 132 125 124 121 115 119 118
 124 129 121 129 137 135 138 145 155 155 159 161 163 166 175 175 174 169
 162 159 162 166 166 163 159 158 154 154 156 150 145 143 133 131 132 125
 121 120 119 107 107 105 103 103 110 105 105 102  91  91  94  88  84  82
  85  77  78  82  81  75  68  71  74  76  77  79  80  79  75  74  73  74
  74  73  73  73  72  73  73  74  74  73  71  70  67  63  64  68  70  69
  67  66  67  67  69  67  64  59  53  47  41  36  35  32  31  33  32  31
  29  28  21  23  24  23  25  30  32  31  38  44  51  55  56  57  60  62
  61  62  67  67  69  73  75  79  80  79  83  81  75  79  84  79  80  81
  90 107 124 132 136 138 141 145 145 143 143 142 140 140 140 138 138 140
 141 140 138 136 138 139 141 142 142 140 137 136 136 136 136 136 136 136
 137  30]"
"[ 29  28 160 159 158 157 161 156 157 162 164 161 159 160 157 148 148 141
 136 136 120 124 122 116 116 117 127 127 130 134 136 129 138 148 154 154
 155 162 168 171 163 163 161 160 158 163 171 169 173 163 148 153 156 148
 149 154 152 140 136 131 123 119 123 121 116 118 108 106 107  99  97  97
  93  90  91  87  87  89  80  75  79  79  80  79  78  77  76  74  74  75
  73  73  74  73  72  72  74  74  74  74  74  72  70  68  70  71  71  68
  65  64  64  65  67  68  69  69  68  64  57  51  51  48  44  47  46  43
  35  31  28  25  24  26  26  26  29  33  39  43  50  54  56  57  60  65
  65  65  67  65  67  73  78  84  82  78  82  83  78  81  85  82  81  91
 110 130 139 138 137 139 140 146 148 146 145 145 143 142 142 140 138 139
 140 141 140 140 138 138 140 142 142 140 138 136 139 139 138 136 136 136
 138  30]"
"[ 30  30 160 160 159 161 163 159 153 158 161 161 164 166 165 164 165 161
 159 159 148 147 138 126 131 135 142 132 125 124 124 117 124 131 131 126
 127 135 141 143 153 158 162 162 158 161 172 174 174 167 158 166 169 160
 162 166 165 157 152 149 141 142 144 144 143 148 138 135 135 126 123 122
 110 109 108  95  94 102  93  85  81  80  81  82  79  77  77  78  78  78
  76  77  78  77  75  75  71  73  74  73  72  71  71  73  73  71  69  67
  66  67  65  64  65  64  65  68  69  64  59  56  57  55  50  53  55  55
  45  40  36  34  34  34  29  24  28  37  41  44  48  52  55  57  61  65
  65  65  67  66  68  75  79  83  84  82  83  88  89  86  87  93 102 118
 133 137 135 136 139 139 141 145 147 147 147 145 143 143 143 142 141 141
 141 141 142 142 141 139 139 140 141 140 138 137 138 139 137 135 135 137
 137  26]"
"[ 29  28 165 158 160 161 158 158 157 154 153 158 163 159 157 162 161 160
 162 161 155 158 163 160 160 161 159 146 145 148 148 142 138 129 121 122
 122 117 117 124 116 117 127 139 138 136 150 162 166 167 164 170 170 165
 170 170 171 168 165 167 162 165 163 160 166 169 156 154 158 152 151 150
 148 138 132 122 118 118 110 110  94  91  91  92  87  80  79  81  83  82
  80  80  82  79  75  74  72  77  79  77  73  68  67  70  73  71  70  67
  65  65  66  68  66  61  61  65  65  60  58  59  57  58  53  54  52  53
  46  46  45  45  44  40  34  31  35  40  41  44  48  52  56  61  64  66
  67  69  73  74  78  84  85  86  87  87  86  94 100  92  90 105 128 137
 141 137 137 144 148 145 145 147 147 148 147 143 141 142 142 143 144 144
 143 142 142 143 145 141 139 139 140 139 138 137 137 139 138 137 140 143
 142  30]"
"[ 30  27 169 164 165 162 161 160 155 153 154 160 163 156 152 158 154 156
 159 162 161 157 156 158 155 154 153 154 159 165 168 168 165 161 156 153
 151 145 135 127 128 123 124 126 120 114 114 114 121 124 121 131 137 148
 146 152 162 160 168 166 166 164 164 168 169 173 169 170 170 159 157 160
 166 169 168 161 155 153 154 153 133 131 121 117 105  90  90  88  94  91
  92  84  86  85  81  81  82  80  79  78  76  74  74  77  75  76  74  73
  71  69  72  73  68  61  57  55  53  52  53  53  52  50  46  44  44  47
  46  44  46  43  40  40  40  40  40  40  40  43  48  54  58  60  64  68
  71  73  75  76  76  81  87  88  88  90  92  93  92  94 108 126 134 140
 144 144 145 150 151 150 149 149 148 147 146 145 146 147 147 145 143 143
 142 141 142 144 145 145 143 139 137 139 142 144 145 144 141 141 142 144
 146  29]"
"[ 29  31 180 180 181 176 172 169 166 164 163 169 171 163 155 156 154 155
 158 162 161 158 157 157 155 153 153 154 156 157 158 159 162 161 160 161
 161 159 159 160 159 155 150 144 139 139 135 126 125 125 121 123 125 126
 119 118 127 123 127 131 142 150 155 154 164 169 165 164 166 163 164 167
 169 170 167 165 169 173 171 167 156 151 138 135 134 128 121 109 105  96
  95  89  91  92  93  95  86  83  82  85  85  81  80  82  81  78  73  74
  75  74  74  72  72  64  58  56  53  51  50  50  53  51  48  45  44  43
  42  41  42  41  39  38  38  39  39  38  36  40  44  48  53  60  66  68
  72  73  75  78  82  86  90  89  92  89  92  97 102 118 131 132 138 143
 147 147 148 151 152 151 149 148 147 146 146 146 146 146 145 145 145 145
 143 143 144 145 145 145 143 141 139 140 143 145 143 143 142 143 143 144
 145  27]"
"[ 27  28 181 183 184 180 176 174 175 174 175 179 182 176 170 170 171 169
 167 167 165 162 162 162 157 154 153 154 155 156 159 163 158 158 159 161
 159 153 151 153 158 157 155 152 155 162 161 151 148 146 143 138 139 134
 125 119 123 125 126 121 119 116 118 113 122 136 142 143 147 152 164 173
 171 172 165 162 170 175 172 172 168 163 152 153 159 157 150 135 130 117
 114 111 111 108 107 107 108 101  96  95  92  84  80  81  81  80  78  79
  77  73  76  79  72  66  62  62  60  57  54  52  51  48  46  45  45  44
  42  42  38  39  37  34  34  36  36  34  36  40  44  46  51  60  68  70
  73  74  77  80  83  87  88  88  93  97  96 102 123 140 143 141 144 148
 151 152 152 153 153 152 151 149 148 147 148 148 147 146 144 147 148 146
 144 143 144 145 146 145 145 144 143 144 145 146 143 142 142 145 145 144
 144  28]"
"[ 30  32 185 186 185 184 181 181 178 179 181 182 181 178 177 179 188 184
 179 175 172 169 169 169 175 172 169 165 161 158 158 160 163 160 157 157
 157 156 154 154 153 153 154 155 157 160 159 155 155 156 156 154 158 158
 155 150 146 145 139 135 135 132 136 128 123 126 121 114 112 114 117 120
 128 141 149 156 166 169 167 170 174 169 161 161 160 156 155 151 147 142
 143 138 127 120 121 122 112 110 109 109 105  95  85  81  89  84  79  81
  81  77  76  75  74  70  69  69  65  59  54  51  52  47  43  44  48  48
  46  44  39  38  36  35  35  36  35  33  35  40  44  46  51  58  65  68
  72  75  79  82  85  88  90  94  95 105 107 117 140 149 147 151 152 153
 155 156 156 154 154 153 154 152 151 151 151 150 148 146 146 149 150 147
 144 144 144 144 145 145 146 147 147 146 145 145 144 143 142 146 145 144
 144  29]"
"[ 29  29 185 186 184 182 179 178 179 179 181 180 179 179 181 182 185 183
 182 180 178 176 174 173 175 178 179 177 176 175 173 170 173 169 165 161
 160 159 155 150 152 152 153 155 157 157 156 156 157 158 158 157 154 156
 153 150 154 155 154 151 148 143 149 147 141 146 148 140 130 122 121 125
 125 129 124 118 121 124 126 134 140 146 152 158 158 152 148 144 144 141
 140 138 131 130 132 127 122 123 124 124 121 116 110 105 103 101  98  97
  91  83  82  84  78  75  75  75  69  63  59  58  58  52  46  46  48  48
  47  46  42  39  37  39  41  39  37  37  38  43  49  54  57  60  65  70
  73  76  81  83  89  95  97 104 107 114 125 138 147 152 155 158 159 159
 159 158 157 155 153 153 154 153 153 153 152 150 148 147 149 150 150 147
 146 146 146 145 145 145 146 148 148 146 143 141 144 144 143 147 146 144
 144  29]"
"[ 31  30 187 187 184 184 182 182 182 179 180 181 181 182 183 181 181 181
 181 181 180 179 179 179 182 185 185 182 181 182 180 176 179 181 182 180
 178 179 176 172 167 167 162 158 160 160 157 155 157 159 161 161 157 157
 157 155 156 154 154 154 154 150 149 144 152 151 156 158 158 155 149 148
 145 143 133 125 127 125 120 120 116 119 118 117 122 130 132 127 134 134
 131 134 136 141 140 130 131 131 127 122 119 120 121 119 122 114 105 107
 110 105  97  89  80  77  77  77  71  67  67  68  65  60  55  51  49  47
  47  47  44  39  38  42  44  42  39  40  43  47  54  61  65  67  71  75
  78  78  82  83  91  98  99 108 127 136 144 149 154 157 160 163 165 164
 162 160 157 156 154 153 154 154 154 154 152 151 150 149 149 149 147 146
 147 147 147 146 147 146 147 149 149 146 142 141 144 144 144 147 145 144
 144  28]"
"[ 30  28 186 186 183 186 185 186 187 183 183 184 182 181 181 178 183 185
 185 183 180 180 181 182 186 186 184 181 181 183 184 182 182 184 183 179
 176 177 179 181 176 176 171 167 170 172 171 171 165 163 166 163 158 154
 156 154 153 153 156 149 147 146 150 150 147 145 149 148 146 149 151 157
 154 153 151 152 155 154 148 144 139 137 132 125 126 130 126 117 119 128
 128 129 124 127 129 128 126 127 127 125 124 123 122 120 118 115 111 113
 113 108 104  98  98  95  94  92  86  81  81  82  76  71  65  59  56  54
  52  49  47  45  44  46  46  43  40  40  42  46  53  60  66  71  74  75
  79  82  88  89  97 105 108 122 144 153 155 155 160 162 161 166 168 166
 164 161 159 158 157 155 157 156 155 154 153 152 151 151 148 146 145 145
 147 147 146 146 148 147 148 150 150 147 144 143 145 145 144 144 141 142
 144  28]"
"[ 29  27 187 188 186 189 187 187 187 185 187 189 186 185 187 187 183 186
 189 187 183 181 180 180 184 183 181 181 183 185 185 185 185 186 186 185
 182 179 180 181 175 176 174 172 175 175 176 180 183 178 182 175 174 167
 173 170 159 155 157 151 156 160 155 147 146 144 148 148 147 149 147 147
 150 152 153 154 154 154 154 154 157 156 155 152 150 147 138 131 127 132
 124 123 119 122 124 124 123 122 122 122 121 120 118 117 116 116 113 114
 115 111 107 101 103  99  99  99  95  91  90  90  89  82  72  66  65  64
  57  49  54  53  53  51  48  45  42  40  42  47  52  58  66  74  77  76
  75  84  97 100 108 119 127 147 153 152 158 163 160 162 167 167 167 167
 165 162 161 161 160 158 160 158 156 154 153 152 152 151 147 145 144 146
 147 147 146 147 148 146 147 149 150 147 146 146 147 146 143 140 137 140
 144  30]"
"[ 28  29 188 188 188 186 187 185 188 187 186 188 188 187 186 187 186 185
 186 187 186 183 181 180 181 180 179 179 181 183 185 186 186 187 186 184
 181 180 182 183 181 178 176 176 176 177 179 181 180 179 179 179 179 179
 180 181 182 184 180 171 167 168 169 167 163 162 158 152 149 148 146 144
 150 149 151 154 154 153 152 154 151 154 154 153 150 148 150 149 147 139
 138 145 149 147 141 136 128 123 120 120 118 113 110 109 112 114 116 114
 109 107 106 104 101 102 100 100 104 101  95  96  93  88  85  77  73  75
  70  65  66  66  65  58  58  56  53  47  46  48  52  58  66  74  79  80
  77  84 104 112 124 129 141 149 157 159 161 163 165 167 168 168 167 167
 166 165 164 161 159 159 160 159 158 156 155 154 152 152 149 149 147 146
 147 148 148 147 147 146 145 147 149 149 148 147 146 146 144 146 145 144
 145  28]"
"[ 29  30 190 191 190 188 189 189 187 187 188 190 190 187 185 184 187 186
 187 188 187 184 182 182 183 182 181 181 182 183 184 185 185 187 187 183
 180 179 180 182 183 180 178 179 182 183 185 187 182 180 180 180 180 180
 181 182 181 183 184 182 180 178 176 174 176 176 175 172 169 167 164 160
 163 159 155 153 152 149 149 151 152 154 152 153 152 150 150 148 147 146
 146 147 145 145 145 144 150 149 148 146 143 140 136 135 131 122 113 109
 109 110 106 100 101 103 105 105 105 105 103  99 102  97  94  88  84  84
  78  73  72  69  67  63  63  59  58  56  52  52  52  51  55  71  81  80
  86  96 110 125 134 147 153 160 161 163 166 167 167 168 169 169 168 167
 167 167 167 166 164 163 161 161 160 159 156 154 154 154 151 150 148 147
 147 148 149 149 148 147 147 149 150 150 149 148 145 145 144 147 147 147
 147  31]"
"[ 29  31 191 191 191 188 190 191 190 189 189 189 189 187 186 186 186 186
 187 187 187 185 184 183 185 184 184 184 184 184 184 184 185 187 188 185
 181 180 182 184 187 183 181 182 185 187 188 188 184 182 181 183 183 181
 182 184 181 180 180 182 181 180 179 180 182 182 181 178 175 175 173 172
 174 173 173 174 173 167 161 158 159 158 155 153 150 148 149 148 141 143
 146 146 146 147 145 139 143 146 148 147 146 145 144 143 140 142 145 140
 128 121 121 123 119 106 107 118 116 109 105 104 102  97  97  96  95  94
  86  80  81  76  74  73  73  64  59  57  58  55  54  51  55  72  87  89
  89 104 123 138 144 153 154 157 160 163 166 167 167 167 168 168 169 168
 167 168 168 167 166 164 160 161 161 159 156 154 153 153 153 151 150 149
 148 147 149 151 149 148 148 149 151 150 149 148 144 144 143 146 147 148
 148  30]"
"[ 29  30 189 189 189 187 190 190 192 191 190 189 188 188 188 188 186 186
 186 186 187 186 186 186 186 187 187 186 186 186 186 185 186 187 188 186
 184 184 185 187 187 185 184 184 186 187 187 186 185 181 181 184 184 182
 182 185 186 182 179 179 179 179 181 183 182 182 179 176 175 176 177 178
 179 177 176 177 178 176 172 170 176 178 176 173 168 163 165 166 159 155
 151 147 146 149 147 140 137 140 143 145 145 146 147 147 147 143 142 144
 145 145 146 146 150 140 135 135 130 123 115 108 102  96  96  98 101 101
  94  88  85  82  83  81  78  68  65  65  64  60  57  60  66  74  86  99
 110 121 141 142 153 154 162 163 162 164 167 168 169 170 171 171 171 170
 168 167 166 166 166 165 162 161 160 159 157 155 154 154 154 152 151 151
 150 147 148 151 151 150 150 150 151 150 149 148 146 145 144 145 146 147
 147  29]"
"[ 30  29 187 187 188 188 190 189 191 191 191 191 191 190 189 188 186 187
 187 187 187 188 188 189 188 189 189 188 187 187 188 188 186 187 187 186
 186 187 187 187 186 187 187 187 188 188 188 187 184 181 180 184 184 182
 182 185 187 185 182 180 180 181 182 181 181 181 181 180 179 179 179 179
 182 179 176 176 178 179 180 180 175 179 180 182 178 173 174 174 172 172
 173 172 168 163 160 156 147 146 147 148 148 146 146 147 143 141 143 144
 141 138 138 138 138 140 140 141 145 145 145 147 144 135 129 124 119 114
 102  93  88  91  97  94  89  79  78  80  74  74  68  70  79  81  90 110
 125 128 144 138 153 154 164 162 166 167 168 169 171 173 173 172 173 173
 171 168 166 166 168 168 165 163 161 160 159 159 157 156 154 153 153 154
 152 149 149 151 154 153 152 152 152 151 150 150 150 149 146 146 147 148
 147  29]"
"[ 30  29 186 187 189 189 192 191 192 191 190 189 190 191 190 189 187 187
 187 187 187 188 188 188 188 190 190 188 187 188 189 189 187 188 188 187
 187 188 188 187 188 190 190 189 188 188 187 187 185 183 182 185 186 185
 184 186 186 186 183 179 179 182 183 182 180 181 181 180 180 179 179 179
 177 176 176 177 179 180 179 178 177 177 176 179 180 178 179 178 175 173
 174 173 168 166 169 171 165 162 160 161 159 155 152 153 151 147 145 143
 139 139 142 142 140 140 138 139 142 138 137 145 141 138 141 143 143 142
 134 127 126 120 113 102  96  89  89  89  84  88  81  79  90  97 106 124
 131 136 146 144 150 155 161 162 168 168 169 169 170 171 171 170 173 174
 172 169 167 168 169 169 166 164 161 160 161 160 158 156 154 155 156 157
 155 152 152 152 154 153 152 152 152 151 150 150 151 151 148 148 148 149
 148  29]"
"[ 29  29 188 189 190 190 192 191 192 190 188 187 188 191 190 188 186 187
 188 188 188 189 188 187 188 191 191 188 187 187 188 188 188 189 189 188
 188 188 188 187 190 192 191 189 188 187 188 188 187 186 185 187 188 187
 187 187 187 187 184 181 181 184 186 186 184 182 181 180 179 180 180 181
 180 179 179 178 179 181 182 183 181 179 176 178 179 178 180 181 178 177
 178 178 175 172 170 169 172 170 169 169 167 163 160 159 159 161 164 162
 155 150 147 145 138 142 141 136 136 139 139 136 133 134 139 139 136 136
 131 126 132 128 128 127 130 124 119 114  99 102  96  93 101 113 123 132
 137 141 144 143 142 151 158 166 169 170 172 172 172 172 172 172 173 174
 173 170 169 170 168 166 165 163 162 162 162 161 159 157 155 156 158 158
 156 154 153 152 152 152 152 153 153 152 151 150 150 151 149 149 149 150
 148  29]"
"[ 28  29 189 189 190 189 191 191 189 188 188 188 191 192 188 184 185 187
 189 189 190 190 189 188 188 191 191 188 186 186 187 187 187 189 189 188
 187 187 187 187 190 191 190 188 188 189 191 191 188 187 186 187 187 187
 187 186 185 185 185 184 184 185 185 184 184 182 181 181 181 180 180 180
 181 181 181 180 180 180 181 181 177 178 178 181 180 177 178 178 180 179
 178 176 172 172 173 172 171 173 173 171 169 167 164 162 165 168 170 168
 163 162 161 159 151 147 149 148 138 133 135 135 138 138 139 132 126 129
 131 131 129 125 124 122 123 119 122 125 124 120 117 114 117 126 134 135
 137 140 144 145 148 155 158 162 166 169 171 171 171 171 172 172 174 175
 173 172 171 170 166 161 165 165 165 165 164 163 161 159 156 158 159 158
 156 154 152 150 151 151 152 154 154 153 152 151 150 151 150 150 150 150
 148  28]"
"[ 30  29 188 188 189 190 189 190 190 188 188 190 191 190 188 186 189 190
 190 190 192 194 191 187 188 191 192 190 187 187 187 186 188 190 191 188
 187 189 190 190 189 192 192 188 187 188 190 190 186 185 185 186 187 187
 187 187 187 185 185 187 189 188 186 185 183 186 186 183 183 186 187 185
 184 184 188 183 181 182 179 181 179 179 178 177 178 180 180 178 179 180
 179 178 178 178 175 171 172 173 173 172 172 173 170 166 164 168 172 174
 173 172 171 171 172 167 169 165 154 154 155 147 146 146 146 142 137 136
 134 130 124 124 126 123 118 116 117 123 122 123 124 124 128 133 136 137
 138 139 143 149 153 155 158 161 167 171 173 171 172 173 174 175 173 172
 173 173 172 172 168 163 166 166 166 167 166 164 163 162 160 160 159 158
 156 154 152 152 151 152 153 153 153 153 154 154 154 151 151 149 149 147
 148  28]"
"[ 29  29 190 190 191 190 190 190 189 188 187 189 190 191 192 193 192 193
 193 192 194 195 193 188 189 192 193 192 191 191 189 187 191 194 194 190
 187 188 190 190 187 188 188 187 186 188 189 188 188 187 187 187 188 187
 187 187 188 187 187 189 191 190 188 187 187 188 186 184 184 186 187 186
 186 184 185 181 181 184 182 183 181 180 179 178 180 182 182 181 181 181
 179 178 179 180 179 177 172 172 172 172 174 175 174 170 168 171 174 174
 172 170 169 168 172 167 170 170 163 162 163 158 157 157 155 152 148 147
 146 144 131 129 131 129 126 123 121 123 127 127 127 128 133 139 142 142
 140 141 144 149 153 156 160 165 168 172 173 172 173 174 174 175 174 173
 173 173 172 172 171 167 165 165 166 166 166 165 164 163 160 160 160 159
 157 156 156 156 155 155 154 153 153 153 154 154 153 151 151 150 151 149
 150  29]"
"[ 29  29 191 190 190 189 190 191 192 191 190 190 190 190 192 194 193 194
 193 193 194 195 193 190 190 191 191 191 193 193 191 187 191 195 195 192
 188 188 189 189 187 186 186 187 188 188 188 188 189 188 187 187 188 187
 187 187 187 187 187 189 190 190 189 188 188 188 187 186 187 188 188 186
 187 184 183 181 183 186 185 185 183 182 181 182 184 184 183 182 181 181
 180 178 178 180 180 178 174 174 172 172 174 176 175 171 170 172 173 173
 172 171 171 170 169 167 168 169 166 163 162 162 163 162 161 159 155 154
 154 153 144 139 139 138 136 132 127 127 130 129 129 131 137 143 146 145
 142 142 145 149 152 156 162 166 166 171 172 172 173 174 175 176 174 173
 173 173 171 172 173 171 168 167 167 167 165 163 162 162 163 163 162 160
 160 159 160 160 159 157 155 154 153 154 154 154 153 151 152 152 153 152
 152  30]"
"[ 30  29 189 188 189 189 191 193 193 193 194 193 191 189 189 191 193 193
 192 191 191 193 194 192 190 189 189 189 191 193 191 188 189 192 195 193
 190 189 189 188 187 186 186 189 189 187 187 188 189 188 187 187 187 187
 186 186 186 186 187 188 189 189 188 187 186 186 187 188 189 188 188 187
 187 185 185 184 185 187 186 186 185 184 184 187 187 185 182 181 181 181
 181 180 180 180 180 179 178 176 173 173 177 178 175 171 172 173 173 171
 171 172 172 172 170 170 169 169 168 165 162 162 162 161 161 161 158 155
 155 154 150 144 141 139 136 132 127 129 130 130 130 133 138 144 146 145
 145 146 148 151 154 157 162 166 167 170 171 171 173 175 175 176 176 174
 173 172 171 172 173 171 169 169 169 167 164 162 161 162 166 165 164 163
 162 161 161 161 159 157 155 153 153 153 153 153 153 152 153 153 155 154
 153  29]"
"[ 30  29 188 188 189 190 191 193 192 192 194 194 192 190 190 192 194 194
 192 189 189 192 194 194 192 191 189 189 190 191 190 190 189 192 193 192
 190 190 189 189 188 187 189 191 189 186 186 188 189 187 187 187 188 187
 187 186 187 187 188 188 188 188 187 187 186 186 186 188 187 186 186 187
 186 187 187 187 186 185 186 187 187 185 185 187 188 185 182 180 181 181
 181 181 181 181 182 182 179 176 173 175 179 181 178 174 175 175 174 173
 173 172 171 170 170 171 169 167 168 168 165 165 163 161 161 161 158 156
 156 155 150 145 142 138 134 131 128 131 131 132 133 135 139 143 145 145
 149 150 153 156 158 160 163 166 169 171 171 171 173 174 174 175 179 175
 173 173 172 172 171 169 167 168 170 169 166 163 165 167 167 167 166 164
 163 162 161 160 158 156 154 153 153 153 152 151 152 152 153 153 155 154
 153  28]"
"[ 29  29 189 190 192 193 192 192 192 192 192 193 193 191 192 193 194 194
 193 190 189 192 194 195 195 193 191 189 189 189 190 191 192 192 191 190
 189 189 189 189 189 189 191 192 190 187 186 189 189 188 187 188 189 189
 187 187 187 188 188 188 187 187 187 186 187 187 186 185 184 183 184 186
 186 187 185 185 183 182 186 188 188 186 184 185 185 184 183 182 183 182
 181 180 179 179 181 182 181 177 175 176 180 181 178 174 175 176 176 177
 177 176 173 170 169 171 169 167 168 169 167 165 164 162 161 159 156 155
 156 155 149 145 144 140 136 134 132 134 133 135 136 137 139 143 145 145
 149 152 156 158 159 160 162 164 168 169 168 169 172 173 174 176 180 176
 174 174 173 173 171 169 168 170 171 171 168 166 167 170 167 167 166 165
 164 163 162 161 158 157 155 154 154 154 152 151 151 151 152 152 154 154
 153  28]"
"[ 29  29 190 191 193 193 192 193 193 191 191 192 192 191 191 191 192 194
 194 191 191 193 194 194 195 194 192 191 190 191 191 192 194 192 190 189
 189 190 190 189 189 190 192 193 191 188 188 189 189 188 188 189 190 189
 187 186 187 188 188 187 187 187 187 186 187 187 186 185 184 185 186 186
 186 186 182 183 183 182 187 188 188 186 184 182 183 184 184 183 184 182
 181 180 180 180 181 182 184 181 179 178 179 179 177 175 175 176 176 178
 179 179 177 174 174 173 172 172 172 172 171 168 165 164 163 160 156 156
 156 154 148 145 143 138 137 138 135 135 136 137 138 138 140 144 146 146
 148 152 156 158 159 161 162 164 167 168 167 169 173 174 174 176 179 175
 174 174 173 173 172 171 172 172 172 171 169 168 167 168 167 166 166 165
 165 164 163 162 159 158 157 157 156 156 155 155 152 152 153 152 154 154
 153  29]"
"[ 29  29 190 190 191 191 193 194 190 188 189 191 193 192 190 189 190 193
 195 194 193 195 196 195 195 194 193 193 193 193 194 194 193 191 190 191
 193 193 192 190 188 189 191 191 190 188 188 189 189 188 188 189 190 189
 187 185 187 188 189 188 187 187 188 187 185 186 186 187 188 189 188 187
 187 186 181 185 187 186 189 188 187 186 184 182 183 185 184 182 182 182
 182 184 185 186 186 187 186 184 182 181 180 179 179 180 177 176 175 175
 177 178 177 175 175 172 172 175 176 175 173 172 167 168 169 166 162 161
 159 154 153 148 144 139 139 142 140 138 138 139 138 138 141 145 147 148
 150 154 158 160 161 163 165 167 170 171 170 171 174 174 174 175 176 173
 173 174 173 172 173 173 172 171 171 171 170 169 167 167 167 166 166 165
 165 165 164 163 160 159 159 158 159 159 159 159 155 155 155 153 154 154
 154  30]"
"[ 29  28 187 188 188 190 193 193 190 189 189 191 193 193 192 191 189 192
 195 195 195 194 194 195 193 190 192 195 194 195 196 194 191 190 189 189
 192 194 193 191 190 190 190 189 188 187 187 188 188 187 189 190 189 186
 186 188 188 188 188 187 187 186 187 187 186 185 185 187 188 189 188 188
 189 189 187 185 186 187 187 188 186 185 183 183 183 182 181 181 182 182
 183 185 186 185 184 183 181 183 183 181 180 180 178 175 177 175 175 177
 178 178 178 179 176 176 175 175 174 174 174 174 170 168 167 168 167 164
 160 159 155 154 151 148 145 144 142 141 140 141 141 141 143 146 149 154
 156 156 159 161 162 164 167 168 171 172 173 173 174 175 176 176 174 174
 173 172 172 173 174 174 174 172 170 169 170 169 167 165 166 167 167 166
 166 167 167 166 162 161 160 161 163 163 160 157 154 154 154 156 156 153
 154  28]"
"[ 29  28 188 189 188 189 191 192 191 190 190 191 191 191 191 191 189 190
 192 193 195 195 195 194 194 190 191 193 193 194 195 194 191 190 189 190
 191 193 193 193 192 190 190 191 192 193 194 195 192 191 191 191 189 187
 186 187 187 188 188 188 187 187 187 188 186 186 186 187 188 189 189 188
 187 188 187 186 187 188 187 188 187 185 183 182 183 183 183 184 182 183
 184 185 185 184 182 182 182 183 183 182 181 181 180 178 176 176 177 179
 180 180 179 179 177 177 177 177 176 175 173 171 172 171 169 168 167 166
 162 159 156 155 152 150 148 147 145 144 142 143 143 143 145 145 148 153
 153 154 158 162 163 165 167 167 172 173 174 175 175 176 177 177 179 178
 176 175 174 173 173 172 172 171 170 169 169 168 168 167 165 165 165 165
 165 167 166 164 162 161 160 161 162 162 160 158 157 155 154 155 156 154
 155  29]"
"[ 30  29 192 191 188 188 191 192 191 191 191 190 190 189 190 192 188 188
 188 191 194 195 194 193 192 188 188 190 191 192 194 193 191 190 189 189
 190 190 191 191 193 191 190 191 193 194 194 193 190 190 190 188 188 188
 187 187 186 187 187 187 187 187 187 188 186 186 186 187 188 189 189 188
 187 187 187 187 187 187 187 187 187 185 183 183 183 183 184 184 183 184
 185 186 184 183 182 183 182 183 183 182 181 181 181 180 178 178 179 181
 182 181 180 180 177 178 177 176 176 176 173 170 172 173 171 167 167 167
 165 160 160 157 154 152 151 150 147 145 142 143 144 145 146 145 147 154
 155 156 159 163 164 166 167 166 170 172 174 174 175 176 176 176 180 179
 179 178 178 177 176 175 171 171 171 170 168 167 167 167 165 165 165 165
 166 167 166 164 163 162 161 161 162 162 161 161 160 157 155 155 155 155
 156  29]"
"[ 29  29 191 190 188 188 190 192 192 191 191 190 189 189 190 191 189 187
 186 189 192 194 193 192 188 187 187 187 188 190 191 192 191 190 189 188
 188 188 188 188 193 191 190 191 192 191 188 187 187 189 189 187 186 187
 188 186 186 187 187 187 187 187 187 188 187 187 187 187 188 188 188 188
 188 187 188 188 187 186 186 186 187 186 185 185 185 185 184 184 185 184
 184 184 184 183 183 183 183 184 183 182 180 180 180 180 180 180 179 180
 180 180 180 180 177 177 175 173 174 176 174 171 172 172 171 168 167 167
 165 163 162 158 154 153 153 152 148 145 143 144 145 146 146 144 147 155
 150 150 154 158 161 167 171 172 169 171 173 174 174 174 175 174 174 174
 174 175 175 175 174 173 173 173 172 171 169 167 166 166 166 166 166 166
 166 166 166 165 164 164 163 162 162 162 162 162 161 159 156 155 155 154
 156  29]"
"[ 29  28 189 189 187 187 189 189 191 189 189 189 189 190 190 191 191 189
 188 189 192 193 193 193 188 189 189 188 187 188 190 192 192 190 188 189
 190 190 188 187 191 191 192 193 192 190 187 186 187 190 191 188 186 187
 187 186 188 188 188 187 187 187 188 189 188 187 187 187 187 187 187 187
 187 185 187 188 185 185 187 186 188 187 186 186 186 185 185 186 185 183
 182 182 183 183 183 183 184 184 184 182 181 180 180 180 180 180 180 179
 179 179 179 179 177 176 174 173 174 176 176 173 173 172 171 170 168 166
 165 166 163 158 154 154 156 155 150 146 146 146 146 147 146 144 147 155
 163 163 164 164 165 168 172 172 171 173 174 175 175 175 174 173 173 173
 174 174 174 174 172 171 174 173 172 171 170 168 167 166 166 166 166 166
 166 165 165 166 165 165 164 163 161 161 161 161 161 161 159 157 156 155
 156  29]"
"[ 30  28 190 190 189 188 189 188 189 188 187 188 190 190 190 190 192 190
 190 192 193 192 192 192 190 193 192 190 189 189 189 192 192 189 188 190
 192 192 191 190 189 190 192 193 192 189 187 187 187 190 191 188 187 188
 188 187 188 188 188 188 187 187 188 188 188 187 187 187 187 187 187 187
 184 181 184 186 184 184 187 186 188 186 184 183 183 183 185 187 185 183
 181 182 183 184 184 183 184 184 184 183 182 181 181 181 181 181 182 181
 180 180 179 178 178 176 175 176 177 177 175 173 175 173 173 173 171 167
 166 166 166 161 157 157 157 154 150 147 146 145 145 146 147 147 150 157
 159 160 163 164 165 169 173 173 173 174 175 175 175 175 173 172 175 176
 177 178 177 177 176 175 174 173 172 172 171 171 169 167 167 167 168 168
 167 166 166 167 167 167 166 164 162 161 160 160 162 162 161 159 158 156
 157  30]"
"[ 30  29 192 193 192 191 191 190 190 189 188 189 190 190 190 191 191 190
 191 193 194 192 190 190 190 194 193 191 192 191 190 191 192 189 188 190
 192 191 190 190 187 189 190 191 189 187 187 188 189 189 189 188 188 189
 189 188 187 188 188 188 188 187 187 187 188 187 187 187 187 187 187 188
 184 181 185 188 184 184 187 186 187 185 182 181 180 182 184 186 184 183
 183 184 185 185 184 183 183 183 183 184 184 183 182 181 180 181 181 180
 179 179 179 179 179 176 176 178 178 176 173 172 176 175 174 174 173 171
 168 166 167 164 161 160 157 153 149 148 147 147 146 146 149 151 155 160
 163 165 167 166 165 169 172 172 173 173 174 174 175 176 175 173 174 175
 177 177 177 176 175 175 174 173 173 173 173 172 171 170 169 168 167 168
 168 167 166 166 168 168 167 166 164 163 162 162 162 162 161 159 159 158
 157  29]"
"[ 28  29 193 195 194 192 192 191 193 192 191 190 190 190 190 191 189 188
 190 193 194 191 188 187 189 193 191 190 192 192 189 190 192 189 188 189
 189 188 187 189 186 187 188 188 188 187 189 191 193 191 189 188 188 189
 188 187 187 188 189 189 189 188 188 188 187 187 187 187 187 188 188 189
 188 185 189 192 187 185 188 186 187 185 183 182 181 182 183 185 183 183
 183 185 185 184 183 182 183 182 183 184 184 183 181 180 179 179 178 176
 175 177 179 179 179 176 175 177 177 173 171 171 175 175 174 173 174 175
 171 165 163 162 162 161 158 153 151 153 152 152 150 149 152 154 156 159
 163 165 167 166 165 168 173 174 173 174 175 176 178 179 179 177 176 178
 179 178 176 175 174 174 174 174 174 173 173 173 172 171 170 167 166 167
 168 167 166 165 166 166 166 166 165 164 163 163 162 161 160 159 159 158
 157  28]"
"[ 30  29 193 196 195 193 193 193 194 193 193 195 194 190 188 189 189 190
 192 193 193 191 189 188 189 191 191 190 192 191 189 189 190 190 190 190
 190 189 188 188 190 190 188 187 186 186 188 194 194 191 189 189 191 191
 189 187 187 187 188 188 188 188 188 188 188 187 187 188 188 187 188 189
 189 188 188 188 189 188 186 185 183 184 184 183 184 185 186 185 186 183
 182 185 187 186 183 181 182 181 181 182 183 183 182 180 180 178 177 176
 177 180 180 180 178 177 176 177 177 177 176 174 176 176 176 176 175 174
 172 170 164 165 164 162 161 160 158 155 153 154 152 149 149 154 159 160
 161 169 171 168 166 168 170 172 174 176 177 179 182 184 182 178 178 179
 180 179 177 176 175 174 174 174 174 174 174 173 172 171 169 168 167 167
 168 169 167 165 166 166 167 167 166 165 164 163 163 160 159 160 160 159
 158  28]"
"[ 29  29 193 196 195 193 191 190 190 190 191 193 192 190 188 189 188 188
 190 191 191 191 189 188 190 191 190 189 191 191 190 190 188 190 191 191
 190 189 189 189 189 190 189 188 188 188 190 194 192 190 189 189 190 190
 188 186 186 186 187 187 187 187 187 187 187 186 187 187 188 187 188 189
 188 187 187 187 187 188 187 186 186 184 184 186 187 185 185 187 186 183
 182 184 186 185 183 181 183 182 181 180 180 181 180 180 182 181 180 179
 179 179 179 178 179 178 178 178 178 177 176 174 176 175 175 174 174 173
 172 171 168 168 166 162 160 159 157 155 152 153 153 150 150 153 158 161
 165 168 168 167 168 169 172 176 173 176 178 179 179 179 179 179 180 180
 180 179 179 178 177 175 175 174 173 173 172 172 172 171 170 169 168 168
 168 168 167 167 166 166 166 167 167 167 166 164 163 161 160 161 162 161
 160  29]"
"[ 29  29 193 194 194 193 192 189 189 190 191 191 190 189 188 188 187 188
 188 189 190 190 190 189 189 190 189 188 189 189 189 191 187 189 191 191
 190 189 189 190 187 190 189 187 187 187 188 190 189 188 188 188 188 187
 186 185 185 186 187 187 186 185 185 187 186 185 186 187 188 187 188 188
 187 187 186 185 186 187 187 186 185 181 180 185 185 182 182 186 186 183
 182 183 185 184 182 181 181 181 181 181 181 181 181 181 183 183 183 181
 180 180 179 177 179 179 179 179 178 177 176 174 176 174 173 173 174 174
 173 172 172 170 167 162 159 157 156 154 153 153 154 153 152 153 157 162
 170 170 168 168 170 171 173 176 175 176 179 180 179 178 178 180 180 180
 179 179 179 179 177 176 175 174 174 173 173 172 171 170 170 170 170 170
 169 168 168 167 167 166 166 167 168 168 167 166 163 161 160 161 162 162
 161  29]"
"[ 29  29 191 191 191 193 194 192 188 190 190 189 188 188 188 188 188 188
 188 188 189 190 189 189 188 189 189 187 188 188 188 189 187 188 190 190
 189 188 189 189 187 190 189 187 187 187 187 187 187 187 187 187 187 186
 184 183 188 188 188 187 185 184 185 187 186 186 186 187 188 187 187 187
 187 188 187 185 185 187 187 185 185 181 180 184 184 182 182 185 185 183
 182 182 183 183 182 181 180 181 182 183 183 182 181 180 182 182 183 182
 181 181 180 179 178 179 179 179 177 176 175 174 175 173 172 173 173 174
 173 172 172 169 166 162 159 157 155 154 154 153 154 155 154 153 156 161
 169 171 170 171 172 172 172 173 176 176 177 179 180 179 178 179 179 179
 179 178 178 178 178 177 174 174 174 175 174 172 170 168 168 169 171 171
 170 168 166 166 167 167 167 167 168 168 167 166 165 162 161 161 162 162
 161  29]"
"[ 29  29 191 190 189 191 193 191 186 187 187 186 186 188 189 189 188 188
 188 188 189 189 188 188 187 189 189 188 189 188 187 187 189 188 188 188
 188 188 188 188 187 190 190 188 188 189 188 189 186 187 188 187 187 185
 184 184 189 189 188 188 186 184 185 188 187 187 187 188 187 186 186 186
 187 188 187 186 185 186 186 185 186 183 182 182 182 181 181 183 183 182
 181 181 182 182 182 181 181 181 182 182 182 180 179 178 180 181 182 181
 181 181 181 181 178 179 179 178 176 175 174 174 173 173 173 173 174 174
 173 172 169 167 165 162 160 158 156 155 155 153 153 155 155 153 155 158
 164 169 171 171 172 173 173 172 175 175 176 179 179 177 176 177 179 180
 180 179 178 179 179 179 174 174 175 175 174 172 170 168 167 169 170 170
 168 166 166 166 168 168 169 169 168 167 166 167 167 165 163 162 162 163
 162  29]"
"[ 29  29 191 190 189 189 189 188 190 189 188 187 187 188 189 189 188 189
 190 190 190 189 189 188 187 189 189 189 190 189 187 187 190 188 187 187
 187 187 187 187 189 191 190 188 188 186 185 185 187 187 188 188 187 186
 186 185 187 186 185 186 185 183 184 186 186 186 187 188 187 186 185 186
 186 187 187 186 185 185 185 186 186 185 184 181 180 180 180 179 182 182
 181 181 181 182 182 181 181 181 180 180 180 180 180 180 181 181 182 181
 180 180 180 179 178 179 178 177 176 174 174 174 173 173 174 174 175 174
 173 172 168 167 165 164 163 160 158 157 156 154 154 155 156 155 155 156
 162 170 173 172 172 173 173 173 173 176 180 180 177 175 175 177 179 180
 180 179 178 179 180 180 178 177 175 174 174 173 172 171 170 171 170 169
 168 167 168 169 168 169 170 169 168 167 167 168 168 166 165 163 162 162
 161  29]"
"[ 30  28 190 190 188 187 189 190 195 192 190 190 189 188 187 188 190 191
 193 193 191 190 188 188 187 189 188 188 189 189 188 188 189 188 188 187
 187 187 187 187 188 189 188 187 186 184 181 182 186 187 187 187 187 186
 186 186 185 183 183 185 186 183 182 183 183 184 186 187 187 185 186 187
 187 186 185 185 184 182 183 186 188 188 187 185 182 182 181 181 180 181
 181 181 181 183 183 182 182 181 180 181 182 182 183 183 181 182 182 181
 180 180 179 179 179 179 179 178 177 175 174 174 174 174 175 175 175 174
 173 172 170 168 167 167 165 162 160 159 157 155 155 156 157 157 157 157
 161 169 174 174 173 173 172 174 175 179 182 181 178 177 178 179 179 179
 177 177 178 179 180 179 179 178 176 175 174 174 174 173 172 172 171 171
 170 170 170 170 168 169 169 169 168 168 168 169 167 167 166 165 163 162
 161  28]"
"[ 30  27 189 189 187 187 191 194 196 192 190 191 191 188 187 188 191 193
 194 194 191 189 187 186 187 188 186 186 188 189 188 189 188 189 189 188
 187 187 187 188 186 187 187 188 188 185 183 185 185 186 186 186 186 185
 185 185 186 184 184 187 188 185 182 182 181 182 185 187 186 185 186 188
 188 185 184 185 183 180 181 185 186 187 187 185 183 181 180 180 180 181
 181 181 181 183 183 182 184 183 182 183 183 183 181 180 180 181 181 181
 181 180 180 179 179 180 180 179 178 177 175 174 174 175 176 176 174 173
 173 173 172 170 169 168 166 163 160 159 156 155 156 156 157 157 157 158
 156 163 171 175 175 173 172 175 177 179 180 179 180 181 180 179 180 178
 176 176 178 180 180 178 178 177 176 175 174 173 173 172 171 171 171 172
 172 171 170 169 167 167 167 168 168 169 169 169 167 168 168 166 164 163
 161  29]"
"[ 29  29 189 190 190 187 192 196 195 193 191 190 190 191 190 189 190 193
 194 192 190 189 189 187 186 187 187 187 187 188 188 186 189 191 190 187
 185 186 186 185 187 186 186 187 188 187 186 186 182 180 180 183 186 187
 186 186 187 184 186 188 187 185 183 181 181 186 186 184 185 187 187 186
 186 191 182 186 183 183 181 182 186 186 183 182 184 183 180 179 181 180
 183 184 181 182 184 182 183 182 182 182 184 186 184 181 183 181 181 181
 180 179 178 179 180 179 179 179 177 176 176 175 175 178 179 177 175 174
 174 173 171 170 169 168 165 161 159 158 155 154 155 157 156 154 155 158
 159 169 177 175 175 177 174 176 177 178 179 181 182 182 181 180 179 177
 175 175 177 178 179 178 179 177 174 174 175 175 174 173 172 171 171 172
 172 171 170 168 167 167 167 169 170 170 168 168 169 169 166 165 164 166
 167  29]"
"[ 29  29 190 192 191 187 189 190 191 190 190 189 189 189 188 187 191 193
 193 189 187 188 191 192 192 190 188 188 189 189 190 191 189 190 189 187
 187 188 188 186 185 185 185 186 187 187 186 186 182 180 181 184 188 188
 186 185 184 186 186 182 180 184 185 180 185 190 190 187 188 189 189 188
 190 192 187 191 187 178 177 183 188 187 183 181 182 183 182 183 179 178
 182 185 184 184 184 181 182 182 182 182 184 185 182 179 178 180 181 180
 179 180 180 180 180 179 180 180 178 178 179 178 179 179 179 176 174 173
 173 173 172 170 167 165 164 162 160 159 157 156 156 157 156 154 155 158
 159 170 178 176 175 176 176 180 178 179 180 180 181 180 180 180 179 178
 177 177 178 179 180 179 181 179 176 175 175 175 174 173 175 174 173 172
 172 171 169 167 169 167 168 170 171 171 170 168 169 169 168 168 166 166
 166  29]"
"[ 29  29 189 191 191 186 186 186 188 189 190 190 189 188 187 187 188 190
 191 189 187 188 190 191 190 188 188 190 191 188 187 189 188 188 188 187
 187 188 188 186 186 186 186 186 186 186 186 185 184 182 181 184 187 187
 186 186 187 187 187 187 185 185 184 181 179 183 184 182 182 180 175 171
 174 185 188 185 185 183 183 182 181 182 181 181 182 181 179 179 179 180
 183 185 184 183 183 180 180 180 181 182 184 184 181 178 175 179 181 178
 177 179 179 178 179 179 181 181 180 179 180 179 177 176 176 176 175 175
 174 175 173 169 166 165 164 162 160 158 158 157 158 159 158 157 158 160
 159 168 176 175 175 177 176 179 179 180 180 180 179 179 180 181 179 179
 178 178 179 179 178 178 177 177 175 175 174 174 174 174 174 173 172 172
 172 172 170 168 168 166 166 169 171 171 169 168 170 170 170 171 168 166
 165  29]"
"[ 30  28 187 188 189 186 187 186 188 190 191 191 190 188 188 189 187 188
 189 188 188 188 189 189 190 187 186 187 187 186 187 189 187 188 187 187
 187 187 187 185 188 188 186 184 184 184 184 184 185 183 181 181 183 183
 185 186 186 184 184 186 187 185 180 175 161 154 138 123 116 114 111 109
 119 133 154 179 189 182 177 182 183 185 183 181 180 179 178 178 179 179
 180 181 181 181 182 181 180 180 181 182 185 185 184 182 177 179 180 177
 176 177 177 176 178 179 182 183 181 180 179 177 175 174 175 177 178 176
 175 175 171 169 168 167 166 163 159 157 157 157 158 159 158 158 158 159
 160 166 173 174 175 177 175 176 180 179 179 179 179 179 180 181 179 179
 179 179 178 177 176 175 176 176 175 175 174 173 174 174 171 171 171 171
 172 172 172 171 168 168 168 171 173 173 171 170 172 171 171 173 170 166
 165  29]"
"[ 29  28 186 187 188 187 189 189 189 190 191 191 189 188 189 191 190 189
 187 187 187 189 189 189 186 187 188 188 189 189 187 186 187 188 188 188
 188 188 188 188 189 187 185 182 181 182 183 182 183 182 181 180 180 180
 183 187 186 185 183 182 184 185 177 164 152 139 117 101  97 100 103 105
 108 104 111 145 171 181 175 181 178 181 181 180 180 179 178 179 182 181
 179 179 181 182 181 180 182 181 181 183 185 186 186 186 181 181 180 179
 178 177 178 179 178 178 180 182 180 180 180 179 178 176 176 178 178 176
 174 173 169 169 169 169 167 163 159 157 160 159 158 157 155 155 155 155
 161 165 174 177 176 177 175 176 179 178 178 179 180 181 181 180 180 180
 179 179 179 177 176 174 179 180 179 178 175 174 174 174 171 172 172 172
 171 170 171 171 167 168 169 171 171 170 170 170 173 172 171 173 171 168
 166  29]"
"[ 29  29 187 188 189 189 190 189 189 190 190 188 187 187 188 190 190 188
 187 188 189 189 188 187 183 185 186 186 187 188 187 184 186 186 188 188
 189 189 189 189 187 186 184 182 182 184 184 183 181 181 182 183 182 181
 184 187 186 183 182 182 181 177 165 153 142 135 123 114 113 113 112 111
 113 112 103 114 141 179 183 181 179 181 181 180 180 179 178 179 176 179
 180 180 180 180 180 182 182 181 181 182 183 183 184 185 183 181 180 180
 180 179 180 182 179 178 178 179 179 181 182 182 179 177 175 175 175 174
 173 172 168 168 168 168 166 163 161 160 163 161 159 156 155 156 157 158
 160 165 177 180 177 176 175 177 179 178 178 179 182 182 181 179 179 178
 179 179 179 178 176 174 179 179 179 178 176 175 174 174 171 172 173 173
 171 171 171 171 167 168 169 170 169 168 168 169 171 171 170 172 171 169
 167  29]"
"[ 29  29 188 188 189 188 190 188 189 189 188 188 187 187 187 188 187 187
 188 190 190 189 187 186 190 187 183 181 182 184 188 190 187 186 186 188
 189 189 188 187 187 187 186 184 185 186 185 181 181 181 182 184 183 182
 183 184 184 177 175 175 167 154 146 142 133 131 125 121 120 119 115 114
 112 113 107 101 109 137 158 178 187 189 189 186 185 183 180 180 183 185
 183 181 182 179 177 178 180 180 180 181 180 179 180 182 182 182 182 180
 180 180 181 182 181 178 178 178 178 180 182 181 176 176 174 174 174 175
 174 172 168 168 169 169 167 164 162 162 162 162 160 158 158 158 159 159
 158 162 174 179 176 175 174 175 179 179 179 181 182 183 181 180 179 178
 178 179 179 178 176 174 175 176 176 176 175 174 174 175 171 171 172 172
 172 171 171 170 170 170 171 171 171 170 171 172 170 171 171 172 170 169
 167  29]"
"[ 29  29 187 186 187 187 189 188 188 188 188 188 188 187 187 187 188 188
 188 188 188 188 190 191 189 187 187 190 190 188 187 189 190 188 186 188
 189 188 186 184 187 188 187 186 187 187 183 178 181 180 181 182 182 180
 180 181 183 179 172 160 146 138 138 138 135 136 134 131 129 124 119 118
 119 114 111 105 102  99 102 117 140 152 164 173 175 168 156 149 148 146
 145 154 172 182 182 181 179 179 181 182 180 178 179 181 182 184 184 181
 179 180 181 180 181 179 179 179 179 179 179 176 176 177 177 176 176 176
 174 171 169 170 171 171 170 167 163 162 159 160 160 159 158 157 155 154
 157 157 168 174 174 175 172 170 179 180 181 182 182 182 181 181 181 180
 179 179 180 179 177 174 175 176 176 176 175 174 173 173 172 172 171 171
 171 170 168 167 168 168 168 169 169 169 170 171 171 174 174 174 171 170
 168  29]"
"[ 29  29 185 187 187 187 187 186 186 187 188 188 188 188 187 186 186 187
 186 185 187 189 188 185 185 188 190 189 186 185 187 188 189 187 187 188
 188 186 183 181 181 189 184 185 185 185 181 181 179 178 179 179 183 189
 186 181 168 158 149 137 138 138 143 142 145 144 140 135 130 124 122 124
 120 121 117 108 103 102  97  91  87  84  89  95  94  94  95  89  87  90
  90  97 116 137 161 182 184 179 181 176 182 179 180 179 180 181 181 180
 180 180 180 179 179 180 180 178 179 180 179 177 175 175 176 176 177 176
 174 172 169 170 170 170 169 167 164 162 161 161 160 157 155 155 155 155
 156 161 167 175 171 173 172 173 177 178 181 183 183 181 180 180 180 180
 179 178 178 178 178 177 176 176 178 179 179 178 177 176 174 173 173 173
 173 172 171 170 171 171 170 169 169 169 169 169 169 170 173 171 169 173
 170  28]"
"[ 30  30 186 188 187 188 187 187 179 183 187 189 188 186 184 181 184 184
 185 187 188 187 187 187 186 186 186 184 183 184 186 188 187 186 185 186
 186 184 181 179 182 184 182 184 186 182 184 188 185 179 183 182 181 174
 149 132 116 112 107 113 122 136 142 145 145 145 142 138 134 128 126 127
 126 122 116 110 107 104 103 101  96  96  99 100  97  96  98  98  99 103
 106 106 104 104 120 143 165 183 185 179 172 178 178 182 180 181 180 179
 180 180 180 179 181 182 182 180 180 180 179 177 176 176 176 175 175 174
 174 173 171 170 168 167 167 167 166 164 161 161 159 157 155 156 157 157
 159 162 166 173 172 173 173 174 177 178 180 182 181 180 179 180 180 180
 180 179 179 180 179 179 179 178 177 177 177 178 178 177 173 173 172 172
 172 172 171 171 172 171 170 169 168 168 169 170 171 170 170 168 168 172
 169  29]"
"[ 29  29 186 188 187 188 187 187 183 186 189 190 188 187 186 186 186 184
 186 188 186 182 182 187 188 187 186 184 184 186 188 189 188 188 187 187
 187 186 184 183 183 180 181 182 185 179 183 182 176 163 162 150 141 134
 112 103 103 107 108 122 127 143 146 151 148 148 145 142 139 135 133 135
 133 129 123 118 115 113 111 109 106 107 105 103 101 102 104 108 108 110
 111 110 107 103 102 104 132 167 182 179 176 174 178 180 180 180 179 179
 179 180 180 179 179 181 181 180 180 180 180 178 176 177 177 177 175 174
 173 174 172 170 168 166 166 167 166 166 162 162 160 158 156 156 158 159
 162 161 163 171 172 175 175 177 178 178 179 180 180 179 179 179 179 180
 180 180 180 180 180 179 181 179 177 176 176 178 178 178 174 173 172 172
 172 173 173 173 171 171 170 169 169 169 170 171 172 169 168 168 168 170
 167  29]"
"[ 29  29 186 187 187 188 187 186 188 189 189 188 187 187 188 188 189 186
 186 187 183 179 181 187 185 186 186 186 186 186 186 185 184 185 185 185
 185 185 185 185 183 181 181 179 172 159 147 130 118 110 111 106 102 104
 102 106 106 113 115 128 129 142 143 150 151 150 146 144 143 140 140 143
 136 134 127 119 116 119 118 114 116 115 108 104 109 113 116 121 117 118
 119 116 112 109 105  99  99 131 156 172 179 173 179 179 177 178 178 178
 179 180 180 179 180 181 181 181 179 179 178 177 175 176 178 179 177 175
 173 171 171 171 169 167 166 166 166 165 163 163 161 159 156 156 157 159
 162 161 162 169 174 176 177 181 179 179 179 179 179 180 180 180 179 180
 181 180 179 179 179 179 180 178 176 176 177 178 178 177 174 174 174 174
 174 174 174 173 170 170 170 170 170 170 171 172 171 168 168 168 167 165
 162  28]"
"[ 29  29 185 188 187 188 187 186 186 188 189 190 190 189 187 186 188 187
 187 186 184 183 184 188 185 186 188 187 186 185 184 183 181 182 182 181
 181 183 184 184 181 179 175 173 159 150 140 124 122 118 116 115 112 109
 110 109 111 112 114 125 132 143 147 152 152 150 147 146 145 143 143 146
 142 137 127 118 117 122 126 125 125 124 115 110 117 123 126 132 131 125
 121 119 113 107 106 107 108 125 141 171 177 176 177 177 175 176 178 179
 179 179 180 179 181 182 182 181 180 178 177 176 175 176 178 179 179 177
 173 171 171 171 170 168 166 165 165 165 163 162 161 159 157 156 156 158
 160 160 162 167 175 175 177 182 180 180 180 180 180 181 182 182 182 182
 182 180 179 179 179 179 179 177 176 176 177 177 177 176 174 174 175 175
 175 174 173 172 170 171 171 171 171 171 170 170 170 168 168 167 163 158
 157  28]"
"[ 29  29 185 187 186 187 186 185 185 187 188 190 190 190 189 187 186 187
 187 187 186 185 184 184 186 187 188 186 184 184 184 184 181 182 182 181
 180 181 182 181 180 176 168 164 147 141 138 133 132 131 126 127 121 114
 116 112 114 116 122 130 137 142 145 148 150 149 147 147 147 144 141 142
 145 137 128 123 122 124 127 130 130 131 124 118 120 124 129 136 136 132
 125 121 118 114 108 104 105 111 125 152 174 176 180 178 175 177 179 180
 180 181 180 180 179 179 180 181 180 179 178 178 178 178 178 179 179 178
 176 174 172 172 171 168 165 165 165 165 162 161 161 161 159 158 158 159
 159 161 162 165 174 175 177 181 180 181 181 180 180 181 182 182 183 183
 181 179 178 179 179 179 181 179 176 175 176 176 176 176 175 175 175 176
 176 175 173 172 173 173 173 173 172 170 169 167 170 169 166 163 158 154
 154  29]"
"[ 29  28 185 186 185 185 184 183 184 185 186 186 186 187 187 187 186 187
 188 187 185 183 182 181 184 185 184 182 181 180 181 181 181 182 182 180
 179 178 177 174 169 170 166 161 150 143 141 134 131 133 135 136 130 124
 124 122 118 123 131 139 143 144 144 146 147 146 145 146 146 142 139 139
 140 134 128 126 125 124 125 127 130 133 129 123 123 126 132 139 136 142
 139 130 125 120 110 103 108 106 118 133 175 175 178 177 177 177 178 179
 180 181 179 177 176 176 178 180 181 181 180 180 180 180 179 179 179 178
 177 176 173 172 170 167 166 166 166 165 161 160 160 162 162 160 158 159
 159 161 161 161 172 175 177 180 180 181 181 180 179 180 181 181 182 181
 180 179 179 179 180 179 181 180 178 176 176 176 176 176 176 176 175 175
 175 175 174 173 174 174 173 173 173 171 169 167 167 165 161 158 156 153
 154  30]"
"[ 29  29 185 186 185 185 184 183 184 186 188 188 187 187 187 188 187 186
 187 187 185 182 182 183 185 185 184 182 182 182 181 181 183 184 184 182
 180 179 176 172 169 170 165 152 147 145 145 132 137 136 139 136 131 129
 125 124 124 125 127 137 141 145 143 144 145 144 143 143 144 141 138 139
 138 136 131 126 125 129 132 132 130 133 131 127 128 132 138 143 142 143
 139 135 135 126 115 112 109 104 104 121 169 177 172 180 177 176 175 175
 178 179 176 174 177 177 179 181 182 181 180 180 178 179 180 179 178 176
 175 175 172 171 169 168 168 168 166 163 160 159 159 162 162 159 157 157
 159 161 160 158 171 175 178 180 179 181 181 180 179 179 179 179 181 181
 180 180 180 181 181 180 180 180 179 178 178 178 177 176 176 175 174 173
 173 174 174 174 174 173 173 173 173 172 170 169 162 160 156 154 155 154
 154  28]"
"[ 29  30 187 187 185 186 186 186 186 186 187 188 188 187 187 188 187 188
 188 187 185 184 184 184 185 184 183 182 180 182 183 181 182 183 179 176
 179 177 167 161 157 152 147 146 146 145 142 138 138 138 138 138 135 130
 126 125 129 128 131 134 137 140 142 142 138 139 140 138 137 142 143 137
 137 135 129 123 123 129 132 131 133 131 131 134 136 137 139 143 145 142
 139 138 138 134 123 113 107 103  97 109 153 168 175 177 177 173 173 176
 177 176 177 181 184 178 176 177 179 180 180 178 179 175 175 178 179 178
 178 178 174 169 166 167 169 169 167 166 162 162 162 161 160 158 158 159
 159 157 158 163 168 172 176 179 180 180 179 178 178 178 179 180 181 180
 178 179 180 181 181 180 180 179 178 178 178 178 176 175 175 175 175 175
 175 174 173 173 171 171 172 171 170 171 170 167 155 154 153 152 152 151
 154  29]"
"[ 29  29 186 187 185 186 186 186 186 186 187 187 188 188 188 188 186 187
 187 187 185 184 185 186 185 181 180 181 181 182 182 179 178 181 177 170
 164 153 141 136 134 139 145 147 146 144 143 142 139 139 138 138 136 131
 128 127 128 129 134 138 139 140 140 138 139 139 138 137 138 142 142 138
 135 133 128 123 122 126 130 132 137 137 137 137 139 141 142 143 142 142
 140 138 136 133 127 122 112 101  98 102 136 155 171 174 174 173 174 177
 178 178 178 178 178 174 173 176 178 179 179 177 179 177 178 179 178 177
 177 177 177 173 170 170 170 169 166 164 161 162 162 162 160 158 158 159
 160 159 159 162 166 171 175 177 180 180 180 179 179 179 180 180 179 179
 179 179 179 180 180 181 180 179 178 179 179 179 178 177 175 174 174 174
 174 174 174 174 176 170 169 173 173 168 160 155 152 151 151 151 151 150
 153  29]"
"[ 30  29 185 187 186 187 187 186 184 185 186 186 186 187 187 185 186 187
 187 187 185 184 184 186 184 181 180 181 181 182 182 179 180 176 164 152
 142 132 125 126 133 137 142 145 146 144 141 139 140 139 138 138 135 132
 129 128 128 129 133 137 139 141 143 142 141 140 136 134 137 139 139 138
 132 130 127 123 120 122 127 131 137 138 137 136 137 140 140 139 141 142
 141 138 136 133 130 127 115 100 101  99 121 145 165 167 172 174 175 177
 179 180 180 179 179 175 175 178 179 180 180 178 180 179 181 181 177 174
 175 176 177 175 172 170 170 169 166 163 162 163 164 164 161 158 158 158
 160 161 161 162 166 172 177 179 179 179 180 180 180 180 180 180 180 180
 181 180 178 178 178 179 179 179 179 179 180 180 179 178 175 174 174 175
 176 177 177 176 174 172 173 174 169 161 155 152 150 150 150 150 150 150
 153  29]"
"[ 29  28 185 187 187 188 186 184 185 188 189 188 187 188 187 185 187 187
 188 188 185 183 183 185 184 184 184 183 181 181 179 175 177 163 142 129
 126 125 125 129 135 137 140 143 146 146 142 138 139 139 138 137 133 130
 128 129 129 129 133 137 139 143 146 146 144 142 136 133 135 135 135 137
 133 131 127 124 121 121 126 131 138 138 138 136 137 139 139 137 139 139
 139 139 138 136 130 124 115 104 106 101 112 139 162 173 176 176 176 177
 178 179 180 180 182 179 178 179 178 178 179 178 179 179 180 180 175 173
 174 174 174 174 172 170 169 169 166 163 164 165 166 165 162 159 158 159
 160 161 161 162 166 172 177 179 178 179 180 181 181 180 179 179 180 180
 181 180 178 177 177 177 179 179 179 179 180 179 178 177 175 175 175 176
 178 179 177 174 171 173 173 167 158 155 155 154 150 151 151 151 151 151
 154  30]"
"[ 29  28 185 187 187 187 185 183 183 188 190 188 186 185 184 183 187 187
 188 189 187 184 183 184 185 186 186 183 180 178 169 157 141 128 113 110
 118 122 123 126 131 136 142 145 145 144 141 137 139 139 138 136 131 127
 126 127 129 129 134 139 141 144 144 142 144 143 138 133 133 132 132 136
 136 132 129 126 125 124 128 133 139 138 137 138 138 138 138 138 136 136
 137 138 138 136 128 122 117 111 107  99  99 125 148 173 180 178 177 178
 177 176 176 178 180 177 177 178 177 176 176 175 177 176 177 177 174 173
 174 174 173 174 173 170 169 169 167 165 166 166 166 165 162 160 159 160
 161 161 161 161 165 170 174 174 178 179 180 181 181 181 180 179 178 178
 179 179 179 179 178 178 179 179 179 179 179 179 178 177 177 177 176 177
 178 178 175 171 172 168 162 155 151 151 152 150 152 152 152 152 152 151
 154  30]"
"[ 29  29 187 188 188 187 185 183 183 186 188 187 184 183 182 182 187 185
 186 188 188 186 185 185 185 184 183 180 176 170 155 138 122 118 114 118
 129 133 133 134 135 141 145 146 144 142 140 137 138 138 137 135 131 126
 125 126 129 129 133 137 140 142 144 142 142 141 137 133 130 130 131 134
 134 131 127 125 125 126 130 133 139 138 138 138 138 137 137 137 137 138
 138 137 134 131 126 122 117 113 103  97  98 121 140 164 177 176 177 178
 178 176 176 179 176 174 176 179 178 178 177 176 176 175 176 176 175 175
 177 176 175 174 173 171 169 168 166 164 166 166 165 163 161 160 160 161
 161 161 161 162 165 170 174 175 179 180 180 181 182 181 180 180 180 180
 179 180 180 180 179 179 179 179 179 179 179 179 179 179 179 178 177 177
 177 178 175 171 169 160 153 152 150 150 150 150 153 153 153 153 152 150
 153  29]"
"[ 30  30 188 189 187 187 186 186 186 187 188 188 187 186 186 187 186 183
 182 185 188 187 185 185 184 182 180 176 168 158 146 134 131 131 129 131
 138 139 138 140 145 146 146 144 145 146 143 139 135 134 134 133 131 128
 125 125 128 129 133 136 138 141 144 145 140 138 136 132 129 129 131 131
 131 128 124 123 124 128 132 136 142 143 142 140 138 139 139 139 140 140
 139 135 132 129 126 124 117 112 104  98 104 124 148 162 173 175 177 178
 177 177 178 180 177 175 177 180 180 179 180 179 178 177 177 176 175 176
 178 176 176 174 172 171 169 167 165 164 165 164 163 162 161 161 161 162
 160 160 161 163 165 169 174 178 180 180 180 180 181 181 180 180 182 181
 180 180 180 179 179 178 180 179 179 179 179 179 179 179 178 179 178 177
 176 175 171 166 161 155 153 154 152 150 151 152 153 153 153 153 151 150
 152  28]"
"[ 28  29 187 187 185 186 186 186 186 185 185 186 186 186 186 188 185 180
 179 182 186 186 184 184 183 180 179 174 161 149 144 142 137 137 135 136
 141 143 144 148 151 151 149 146 145 145 140 135 131 130 129 131 132 130
 127 125 126 130 136 140 140 141 143 143 140 138 136 133 129 131 132 129
 130 128 125 124 126 131 137 140 142 145 144 139 137 138 139 136 139 138
 136 134 133 133 130 127 121 117 112  96  96 111 145 156 174 178 180 177
 175 177 179 179 179 176 176 177 177 177 179 179 180 178 178 176 174 175
 176 175 176 173 172 171 170 167 165 166 164 163 162 162 162 162 162 163
 160 160 161 162 162 164 170 177 180 180 179 179 180 180 180 179 179 179
 179 179 178 178 178 179 180 180 179 178 178 178 178 178 177 178 178 176
 173 168 161 154 156 155 154 153 151 152 151 148 153 153 154 153 151 150
 152  28]"
"[ 28  30 186 186 186 186 185 186 189 187 185 184 186 187 187 185 185 184
 182 180 180 181 184 186 182 178 177 169 159 146 146 146 144 144 140 138
 140 144 147 149 151 152 152 151 148 144 139 136 130 131 130 127 126 128
 129 129 128 129 133 137 140 143 145 144 139 139 139 137 132 131 131 130
 130 128 129 126 124 128 131 137 142 147 146 143 138 136 139 138 135 132
 132 133 132 130 130 130 124 118 114  93  96 101 139 155 178 178 178 179
 179 178 178 179 179 177 176 175 177 179 180 181 179 178 177 176 175 174
 174 174 175 172 171 171 171 169 167 165 164 163 162 163 165 166 164 162
 162 159 161 163 162 165 171 173 175 177 180 180 180 180 181 181 179 178
 178 180 180 179 178 179 180 179 177 175 174 175 177 179 179 174 175 175
 166 159 157 153 152 154 155 154 153 153 152 151 151 153 154 155 152 150
 149  29]"
"[ 30  29 183 184 186 188 187 187 188 187 186 186 186 186 186 185 183 182
 181 180 181 183 185 187 179 173 168 164 156 149 146 147 145 145 143 141
 143 145 147 148 151 154 155 153 150 148 143 137 134 132 129 125 125 127
 129 129 130 130 132 136 138 142 144 143 143 141 139 136 132 131 132 131
 131 129 129 126 124 127 132 139 143 148 147 144 140 138 139 138 130 127
 129 133 133 132 130 129 121 116 114  95  94 103 135 154 181 180 178 178
 178 177 178 179 179 178 177 176 176 176 177 178 178 176 175 176 176 175
 174 173 174 173 172 172 171 169 166 164 163 162 161 161 162 163 162 160
 162 158 158 159 160 165 171 173 173 175 178 179 179 179 179 179 179 177
 177 179 180 179 178 179 179 179 178 176 175 175 177 178 180 171 167 165
 157 153 152 149 152 154 155 154 153 152 152 151 152 153 154 155 152 152
 150  29]"
"[ 30  28 182 184 186 187 186 187 187 187 187 187 187 184 183 184 184 183
 182 181 182 184 184 184 181 171 161 160 153 152 147 146 144 146 145 144
 146 148 148 150 157 160 160 156 154 152 146 138 135 132 127 124 124 126
 127 128 130 129 131 135 138 142 144 144 145 141 139 136 133 132 132 131
 130 127 127 125 124 126 130 137 141 146 146 145 143 142 143 141 138 135
 136 139 138 135 132 129 117 112 109  96  93 104 133 153 181 179 178 177
 177 177 178 179 179 179 178 177 175 174 175 176 175 174 173 175 176 176
 174 172 171 171 171 172 172 170 167 165 163 163 162 161 161 162 161 161
 162 158 156 157 159 165 171 173 173 175 177 178 179 180 180 180 179 177
 177 179 180 180 179 179 179 180 180 178 176 175 176 176 174 164 158 156
 151 150 151 149 150 151 153 152 152 151 150 150 152 153 153 153 152 154
 151  29]"
"[ 28  29 186 187 186 184 183 186 188 187 187 187 185 181 181 183 185 185
 184 183 184 185 183 181 181 170 159 156 152 151 147 145 141 144 144 145
 148 149 150 153 158 161 160 154 148 145 141 137 133 129 124 123 124 125
 125 125 127 126 129 133 137 141 144 143 143 140 139 138 134 132 131 128
 126 122 124 124 123 123 126 134 139 144 145 145 145 144 145 143 140 137
 137 139 138 137 136 134 118 110 104  98  96 103 136 154 174 175 175 175
 175 176 177 179 178 178 178 178 176 175 174 174 173 172 173 175 176 176
 174 173 172 171 171 172 172 171 169 168 165 166 166 164 163 162 162 161
 163 161 158 158 160 165 171 173 174 176 177 178 179 180 180 180 179 178
 177 179 180 180 180 180 179 180 180 178 176 174 172 170 162 155 151 152
 152 152 153 151 148 149 151 151 151 150 150 149 151 153 152 153 152 154
 152  29]"
"[ 29  30 186 187 186 184 184 187 188 186 186 185 183 180 181 183 184 184
 183 183 184 185 184 181 176 166 158 152 150 147 147 144 140 142 142 143
 146 147 149 152 154 160 162 157 147 139 137 138 132 127 122 122 124 124
 124 124 125 124 125 128 132 137 141 142 142 141 140 138 134 131 130 128
 124 120 121 122 121 122 124 131 140 145 145 145 144 142 142 139 137 135
 136 138 137 136 137 137 122 112 104 101 100  99 139 156 168 171 174 175
 174 174 175 176 176 176 177 177 176 175 173 172 172 172 173 175 176 175
 174 174 175 173 172 171 171 170 169 169 166 167 168 167 165 163 162 161
 162 162 161 160 161 165 169 173 174 175 176 176 177 179 179 179 179 178
 177 178 179 179 179 178 177 179 179 177 175 171 165 160 151 148 148 150
 152 152 152 151 147 148 150 151 151 151 151 151 152 153 153 154 152 154
 152  30]"
"[ 29  28 182 182 184 186 186 187 187 186 185 184 183 181 183 185 184 184
 183 182 182 184 182 179 174 165 160 152 150 145 146 143 143 144 143 143
 144 144 145 147 153 156 160 160 155 148 142 139 132 126 121 121 122 122
 122 124 125 122 121 122 124 131 138 140 143 141 140 137 132 130 129 128
 125 121 121 120 120 121 124 130 139 144 144 144 142 141 141 137 139 138
 140 140 137 136 135 134 126 115 108 104  99  99 140 158 168 172 176 177
 175 175 175 175 176 175 175 175 175 174 172 170 172 172 173 175 175 174
 174 174 173 171 170 169 169 169 170 170 167 168 169 168 166 165 163 161
 161 162 161 161 162 163 167 173 173 174 174 175 177 178 178 177 177 177
 177 176 176 176 176 176 176 178 178 176 172 167 159 152 148 148 148 149
 150 150 149 148 148 148 149 150 151 151 151 151 151 151 151 153 151 152
 150  30]"
"[ 29  29 183 181 182 186 187 187 186 186 185 184 184 184 185 185 185 186
 184 181 181 182 180 177 174 166 160 154 150 147 147 145 145 145 143 143
 143 141 140 141 146 149 153 155 156 152 143 135 132 126 122 122 122 119
 119 121 121 119 118 118 121 128 136 140 142 139 137 134 130 129 129 128
 125 122 123 121 119 121 122 126 133 139 141 143 143 142 142 139 138 138
 139 140 138 137 136 135 128 115 110 104  99 111 143 159 170 173 176 176
 176 176 176 176 176 175 175 174 173 173 173 172 174 173 173 174 174 174
 173 173 170 169 169 169 170 170 171 172 169 169 168 167 166 165 164 163
 161 161 160 160 162 160 164 172 173 174 175 176 179 180 179 178 178 178
 178 177 176 175 175 175 176 178 175 169 164 159 155 150 148 149 148 149
 150 150 148 149 149 148 148 150 150 150 150 151 150 148 147 151 151 151
 149  29]"
"[ 28  32 188 184 183 185 186 187 186 186 186 186 186 187 186 185 185 186
 184 181 180 182 180 177 171 164 156 154 149 151 149 147 144 144 142 142
 142 139 136 136 138 146 152 152 150 148 142 136 130 125 123 123 122 117
 116 117 117 115 116 118 121 128 136 140 139 136 133 132 130 130 129 127
 123 122 124 122 120 120 119 121 129 136 140 143 143 142 143 141 143 141
 141 140 139 138 138 136 131 114 109 103 101 126 147 160 171 172 174 174
 175 176 177 176 176 176 175 174 173 173 174 176 176 174 172 173 174 174
 173 172 172 171 171 172 172 172 172 172 170 169 167 165 165 165 164 163
 163 162 159 159 161 159 161 171 173 174 176 178 181 182 181 179 180 180
 180 178 176 176 176 176 177 177 172 162 154 152 152 151 147 148 148 149
 151 151 150 150 151 149 149 150 150 150 150 151 151 147 145 151 152 151
 149  29]"
"[ 29  30 184 186 186 184 184 183 182 184 185 185 185 185 185 185 185 184
 182 180 178 178 179 179 169 165 160 155 152 153 151 146 145 144 143 142
 139 135 132 131 137 137 142 147 147 148 144 137 129 125 125 127 123 117
 115 114 114 115 112 115 121 130 140 136 137 136 135 134 133 130 126 122
 123 122 122 123 120 116 115 118 122 131 136 140 146 145 142 144 143 141
 138 140 140 139 138 132 126 114 110 104 104 140 153 164 173 173 173 174
 175 177 178 178 177 176 175 174 173 173 174 174 174 173 173 173 171 172
 174 173 170 171 172 172 171 171 171 171 169 168 166 165 166 167 165 162
 162 163 163 162 161 158 162 170 173 174 175 175 176 179 180 179 179 180
 180 179 177 173 172 175 176 165 154 151 150 148 147 147 147 148 149 149
 150 151 151 152 152 151 151 151 153 153 152 150 149 148 148 148 152 151
 150  29]"
"[ 29  30 183 185 185 185 185 184 181 182 183 184 184 184 183 181 183 182
 182 181 178 179 179 177 167 164 161 158 155 154 151 147 145 144 144 143
 142 139 135 133 134 135 140 145 146 148 145 136 131 126 125 127 126 122
 117 114 113 114 111 113 118 128 139 137 137 138 138 135 131 127 123 122
 120 121 122 122 120 116 114 114 118 124 134 141 143 144 144 143 143 140
 138 140 140 138 137 132 129 118 112 105 112 150 165 168 173 174 175 177
 179 180 179 177 177 175 173 173 174 174 174 173 173 172 172 172 171 172
 174 173 172 172 172 171 170 170 170 171 168 167 165 164 165 165 163 161
 162 163 162 161 160 159 161 168 174 174 175 175 177 179 180 179 181 179
 179 178 176 173 171 170 159 153 147 147 147 145 144 145 146 147 147 147
 146 147 148 149 150 150 151 152 152 151 149 148 149 149 148 147 150 149
 149  28]"
"[ 29  29 181 182 184 185 186 185 183 182 182 182 182 182 181 180 181 182
 183 181 180 181 180 176 167 163 161 159 156 153 151 148 145 145 144 145
 145 143 139 135 131 132 137 141 144 146 143 133 127 125 125 125 122 120
 119 117 115 114 111 112 117 127 138 139 137 139 140 137 131 126 122 121
 119 121 122 120 117 115 112 109 113 119 133 143 143 146 148 145 141 139
 137 139 140 138 137 131 127 119 113 106 116 149 169 171 173 174 175 177
 179 179 177 174 174 174 175 174 173 172 173 174 173 172 173 173 172 173
 174 174 174 173 172 171 171 171 171 171 170 169 167 166 166 166 165 163
 164 164 162 161 161 160 162 167 175 175 175 177 179 181 180 180 180 178
 179 176 171 168 166 161 149 146 146 147 146 144 144 146 149 149 149 148
 147 147 148 150 151 152 153 153 153 151 150 148 148 148 148 146 148 148
 149  28]"
"[ 30  29 179 181 183 185 186 185 186 183 180 178 179 179 180 180 181 183
 184 181 180 182 181 176 170 164 160 158 155 152 151 150 146 145 145 146
 147 145 140 136 131 128 132 138 141 141 137 130 125 124 124 122 120 121
 122 121 117 115 112 112 115 124 136 140 140 141 141 138 135 131 126 123
 121 122 121 118 115 113 110 108 108 116 131 140 142 143 145 143 139 138
 136 138 139 138 137 131 124 119 117 118 131 151 171 173 174 175 175 175
 175 176 175 173 172 174 175 174 173 172 173 175 174 173 174 174 172 173
 175 174 175 173 171 171 172 172 172 172 170 169 167 166 165 165 164 163
 164 164 163 162 162 161 162 166 175 174 175 178 181 182 180 179 176 176
 179 173 162 158 157 151 148 147 146 147 146 145 147 150 150 150 150 149
 148 148 148 149 149 150 150 150 150 149 148 148 147 147 147 146 148 146
 147  29]"
"[ 30  28 179 180 183 185 187 186 185 181 178 177 177 178 179 179 182 183
 183 180 179 181 181 175 172 165 160 158 156 154 152 151 147 147 146 145
 144 142 137 133 130 125 128 136 139 138 135 130 130 126 123 124 126 129
 127 122 117 113 111 109 111 119 130 138 142 143 143 141 138 134 131 128
 125 123 122 119 115 111 108 107 107 119 131 138 142 141 139 141 139 138
 136 138 138 136 135 130 123 115 111 113 131 150 171 172 174 175 175 175
 175 175 176 176 175 173 172 172 174 175 174 173 175 174 174 174 172 173
 174 173 173 171 170 170 172 173 172 171 170 169 168 166 165 165 165 164
 162 163 163 162 161 160 160 164 172 172 173 177 180 181 179 176 175 174
 174 166 155 152 151 145 146 145 145 146 146 146 148 151 151 151 151 151
 151 151 150 149 148 148 148 148 147 148 149 150 149 147 147 148 148 144
 145  29]"
"[ 30  29 180 181 183 185 187 187 183 180 178 179 181 180 180 180 182 181
 180 178 177 179 179 174 171 165 161 159 157 156 154 150 148 148 145 142
 140 138 134 129 128 122 124 133 137 138 137 134 131 128 127 128 128 129
 128 123 117 110 109 106 106 114 126 136 140 143 144 141 136 132 131 131
 129 128 126 122 115 107 100  98 104 119 130 137 143 141 139 142 139 137
 135 136 135 133 132 127 119 114 109 106 124 147 167 168 172 174 175 176
 176 177 177 177 174 173 172 173 174 175 174 174 175 174 174 174 172 172
 174 173 172 171 169 170 172 172 171 170 170 169 168 166 165 165 165 165
 161 162 163 162 162 161 160 162 169 170 172 175 178 179 176 173 175 170
 165 158 153 153 152 146 145 144 144 146 146 146 146 147 151 151 151 152
 152 152 150 149 149 149 148 148 147 148 150 151 150 148 148 148 148 143
 144  28]"
"[ 29  29 181 181 182 183 184 184 182 180 179 181 182 181 180 181 181 179
 178 177 177 178 177 173 170 166 163 160 157 156 154 151 150 148 144 140
 138 138 133 129 125 121 123 130 134 139 140 136 131 130 130 129 125 123
 123 122 116 109 107 104 104 112 124 138 138 140 140 137 133 130 130 130
 129 130 128 122 113 104  96  92 100 112 125 134 138 138 137 137 135 134
 132 133 131 128 128 124 116 115 116 118 135 155 167 167 172 173 174 174
 175 176 175 174 172 173 175 175 173 173 174 175 174 173 174 174 172 172
 173 173 173 171 170 170 171 171 170 168 166 165 163 162 161 162 162 162
 161 163 163 163 165 164 162 162 166 169 172 173 175 177 174 168 168 163
 156 151 151 152 150 146 146 145 145 146 147 146 145 145 147 147 147 147
 146 146 146 147 147 147 146 145 145 146 147 147 149 149 148 146 147 145
 146  28]"
"[ 30  29 181 181 180 180 181 181 181 178 177 179 179 178 178 179 180 177
 177 178 178 178 176 172 172 169 165 160 156 156 156 152 151 148 142 139
 139 139 136 130 124 122 123 127 131 139 141 136 136 131 128 126 123 121
 121 119 116 108 107 103 103 111 125 141 139 138 136 134 132 131 130 128
 124 127 126 118 111 105  98  93 102 110 126 136 135 134 135 131 130 130
 128 129 127 125 126 123 118 109 107 115 136 159 168 172 176 174 173 172
 173 174 173 171 172 173 173 174 175 174 174 173 172 172 172 172 171 171
 172 172 173 171 169 169 169 169 167 166 166 165 162 161 161 162 162 161
 162 163 163 164 167 166 163 162 163 168 171 170 172 175 171 165 157 156
 151 147 147 147 145 144 145 145 145 146 147 147 147 147 147 147 147 146
 144 144 146 148 147 147 146 146 146 145 145 145 146 148 148 144 145 148
 150  30]"
"[ 29  28 179 178 182 180 176 181 175 174 176 180 182 178 176 176 174 176
 179 179 177 175 173 172 174 171 167 162 159 157 155 154 151 151 148 143
 140 138 135 130 125 124 124 130 136 139 139 138 132 131 128 125 124 123
 119 114 110 106 104 101 103 110 122 138 139 134 133 135 132 130 130 122
 123 124 122 116 111 103  95  96  97 110 127 136 135 132 130 128 127 126
 127 128 128 125 123 124 116 114 107 110 139 162 169 176 175 174 173 173
 172 172 171 171 173 174 174 173 174 175 174 173 174 173 173 172 171 170
 168 168 170 171 172 171 169 169 169 165 163 166 164 162 163 161 159 161
 164 166 167 165 164 165 165 164 167 167 168 171 173 170 162 154 153 152
 149 146 144 144 144 143 145 147 147 146 145 146 148 149 147 147 147 146
 144 143 144 146 147 147 147 146 144 144 146 146 147 147 147 145 144 146
 145  30]"
"[ 29  30 178 178 182 177 172 173 174 172 173 176 177 173 171 173 174 176
 177 177 176 175 173 173 172 170 168 165 162 159 157 155 156 155 151 147
 144 141 136 131 128 125 126 132 137 140 139 135 130 126 123 122 123 121
 117 113 110 107 106 102 104 113 125 135 137 134 132 131 125 125 128 122
 123 123 123 121 117 106  93  93 100 111 122 135 132 129 121 121 122 123
 125 128 128 126 124 122 118 115 109 121 145 161 163 167 171 171 173 174
 173 171 170 171 173 172 172 172 172 171 172 172 171 170 171 172 172 171
 169 168 169 169 171 170 168 168 169 167 164 166 164 161 160 161 161 160
 161 164 166 166 166 166 164 162 162 166 169 169 165 159 154 150 149 149
 147 146 146 146 147 147 146 148 148 148 148 149 149 148 148 147 147 146
 144 144 144 145 146 145 146 145 143 144 146 146 145 145 146 145 143 144
 144  28]"
"[ 29  27 166 165 169 164 163 163 162 161 162 164 164 162 162 164 170 171
 171 172 171 171 170 169 167 167 167 166 164 161 157 155 155 153 149 145
 143 140 134 128 129 124 128 134 136 139 139 132 130 123 118 119 121 120
 116 114 109 106 107 103 104 117 127 132 134 134 132 128 121 121 125 122
 122 120 121 121 119 106  91  89  95 108 118 132 131 129 118 119 120 122
 125 127 128 128 125 122 119 113 106 127 147 160 165 169 168 169 172 175
 174 171 170 171 172 169 168 169 168 166 168 172 172 171 172 173 173 172
 169 168 168 167 169 168 165 163 164 165 160 162 163 160 158 161 162 159
 163 164 164 163 164 165 164 162 163 166 169 165 158 151 148 148 146 146
 145 146 146 145 146 147 148 148 147 147 147 147 146 144 148 147 147 146
 146 146 146 146 146 145 146 146 144 144 146 146 144 144 145 145 143 144
 143  29]"
"[ 30  28 159 158 159 157 160 160 158 157 158 160 159 158 159 162 160 160
 160 161 161 161 160 159 161 163 164 165 163 160 156 153 154 151 147 145
 144 142 136 131 128 124 130 137 136 138 138 131 129 122 116 117 119 119
 117 116 109 105 106 104 104 117 127 129 131 132 131 129 123 120 123 122
 122 119 118 117 116 106  90  87  87 108 121 130 131 130 123 123 122 125
 127 127 127 127 126 123 119 112 104 128 142 155 165 169 161 161 164 167
 166 163 161 162 166 165 163 162 161 161 164 167 169 169 169 168 167 164
 161 160 164 164 166 166 162 159 161 163 162 162 165 164 161 163 165 161
 158 158 158 159 161 163 163 162 161 159 157 155 153 150 147 146 144 143
 144 146 146 145 145 147 150 149 147 146 146 146 147 147 146 147 147 147
 147 147 147 147 146 145 145 145 143 144 146 145 143 142 143 143 143 145
 144  29]"
"[ 29  29 160 160 161 157 160 159 161 161 162 163 161 159 159 162 162 161
 161 161 162 162 161 160 159 161 162 163 162 160 156 153 154 150 146 145
 145 143 139 135 129 126 133 139 137 138 137 129 125 120 116 114 114 116
 117 117 113 106 106 104 105 115 124 127 129 130 129 129 125 120 122 122
 121 120 119 115 114 107  93  89  86 113 132 130 132 131 129 126 123 127
 129 129 127 126 125 122 117 115 108 128 137 148 155 156 157 156 156 157
 157 153 151 151 155 157 157 155 155 157 159 158 159 159 159 157 154 151
 150 150 151 150 153 155 152 150 152 154 153 150 152 153 151 150 152 151
 153 153 154 156 157 156 152 149 149 145 142 144 147 148 146 143 142 142
 144 146 147 147 146 146 146 145 145 145 145 146 147 149 145 146 148 148
 147 147 147 147 143 141 142 142 142 143 145 144 142 140 140 141 142 144
 144  29]"
"[ 28  29 160 161 160 158 160 159 159 160 162 163 161 159 160 162 162 162
 161 161 161 161 161 160 161 161 162 163 163 161 158 155 154 149 145 145
 144 141 138 136 131 129 134 139 138 137 134 126 118 116 113 110 109 110
 113 115 117 108 106 105 105 113 120 125 128 129 126 126 124 119 120 120
 117 119 119 115 114 108  95  91  90 114 134 129 133 131 132 127 123 126
 130 131 129 126 123 121 115 116 114 128 135 145 152 152 158 156 154 153
 153 151 148 146 147 151 154 153 154 156 156 152 151 152 152 151 148 146
 147 148 149 148 150 152 151 151 151 151 147 144 145 146 146 146 149 151
 153 152 151 151 150 147 144 141 144 141 140 143 146 146 144 142 143 144
 145 146 146 147 145 144 143 143 144 144 144 143 144 145 146 147 148 149
 148 147 146 146 140 139 141 143 143 145 146 145 142 140 139 141 141 142
 142  29]"
"[ 30  30 160 160 159 162 163 164 159 160 163 164 163 161 162 163 164 163
 162 162 162 163 163 163 163 162 162 163 164 163 160 158 155 150 146 145
 143 139 135 135 131 129 132 138 140 139 132 125 116 114 112 111 108 106
 108 112 117 110 107 103 104 110 116 122 125 129 126 122 120 118 117 114
 112 116 118 115 113 106  95  92  93 106 122 125 131 131 133 128 123 125
 127 129 128 125 121 119 115 116 119 128 138 148 154 156 155 155 154 152
 151 151 149 147 148 150 152 152 154 156 154 151 151 152 152 152 150 148
 149 151 149 148 148 148 148 150 150 147 146 146 146 146 147 148 149 152
 149 147 146 146 146 146 146 146 145 143 142 145 146 145 144 143 144 145
 145 144 145 147 146 143 146 144 144 145 145 144 144 145 146 146 146 147
 148 147 145 143 139 139 141 144 145 146 145 142 140 139 140 141 140 140
 141  29]"
"[ 29  28 160 161 161 166 164 165 161 162 164 164 162 161 161 162 162 161
 160 159 159 160 162 163 163 162 162 163 164 164 161 159 152 147 144 142
 139 134 131 130 131 129 130 137 143 142 134 126 117 114 113 113 109 103
 105 111 114 111 106 101 103 109 114 121 122 129 127 121 119 118 115 108
 110 113 116 115 112 104  94  95  95  97 108 120 129 131 130 126 124 123
 123 125 125 122 119 117 116 117 124 132 144 151 152 154 153 156 156 155
 154 155 154 152 153 151 150 151 153 154 153 152 152 152 152 151 149 148
 148 149 148 146 145 146 147 151 151 147 148 151 150 148 149 148 146 147
 148 147 147 147 146 145 143 143 144 140 139 141 144 144 144 144 142 144
 144 143 146 151 151 148 144 141 140 141 143 144 145 146 144 143 143 144
 147 146 143 139 139 138 141 144 143 143 140 137 136 137 140 141 138 138
 140  29]"
"[ 28  28 163 160 163 165 166 166 167 167 166 164 163 162 162 162 161 162
 161 159 158 160 162 163 162 162 163 162 162 162 162 162 154 149 145 141
 137 135 132 129 132 126 131 138 138 140 138 128 122 116 114 115 111 105
 106 109 111 107 104 104 108 111 115 118 122 128 128 123 121 119 114 110
 112 115 114 113 112 105  94  89  91  97 107 117 123 128 131 130 125 120
 119 122 122 117 115 117 121 122 124 124 147 151 151 154 156 154 155 155
 154 154 154 152 152 151 151 152 153 154 154 154 154 153 151 149 148 147
 146 145 151 151 151 149 147 146 146 146 148 149 148 146 145 145 145 146
 148 147 144 142 143 141 140 141 142 140 138 138 140 142 143 144 143 144
 145 146 146 146 145 145 144 144 142 140 139 140 142 143 142 141 141 141
 142 142 140 138 138 138 138 139 139 139 139 139 139 137 140 139 137 139
 139  28]"
"[ 29  28 163 161 163 164 166 167 168 167 165 162 161 161 163 163 162 163
 162 159 159 160 162 163 162 162 162 162 163 164 164 163 158 154 147 141
 136 134 131 130 129 126 131 137 138 139 138 131 129 126 124 122 118 116
 117 116 112 111 109 108 108 109 112 115 121 127 128 124 123 123 119 115
 114 115 115 115 113 105  96  92  92  98 109 119 124 127 129 128 121 119
 115 111 109 110 112 113 118 121 125 126 147 151 151 153 155 154 155 156
 155 155 154 152 152 151 151 152 153 153 153 153 155 154 153 151 149 148
 147 146 151 151 150 149 147 146 146 146 146 147 147 145 144 144 145 146
 148 146 142 140 142 143 142 143 144 142 141 141 142 142 143 143 142 143
 144 145 146 146 145 144 142 142 141 140 139 140 142 143 141 140 140 140
 141 140 139 138 138 138 137 136 137 138 139 139 138 134 137 138 137 139
 138  29]"
"[ 29  28 162 160 162 163 164 165 169 169 166 163 161 161 161 162 163 163
 162 160 160 161 162 162 162 161 161 162 164 166 166 164 156 153 144 137
 135 133 130 132 128 129 133 137 139 139 137 134 132 130 130 129 126 123
 122 121 123 123 121 115 111 109 112 115 124 128 128 124 123 123 119 116
 113 110 112 115 112 104  97  93  92  98 110 119 123 124 124 121 115 114
 110 104 102 104 107 108 112 118 127 130 149 153 153 154 148 148 150 152
 153 154 155 153 152 151 152 153 153 153 153 153 154 154 154 152 150 148
 146 145 149 149 149 148 147 146 146 146 145 146 146 145 143 143 145 146
 147 148 146 145 148 149 147 145 142 142 142 142 142 142 141 140 140 140
 141 143 144 145 144 144 142 143 142 141 139 139 139 140 142 140 139 140
 140 139 138 138 140 138 135 133 135 139 140 138 138 132 134 137 138 138
 137  30]"
"[ 30  27 161 159 162 162 162 163 166 167 166 164 162 161 161 160 162 161
 161 161 161 162 162 162 161 161 160 161 165 167 167 166 155 153 143 138
 139 137 133 134 133 136 137 140 143 141 137 136 133 129 131 134 130 124
 122 123 124 124 121 115 112 113 118 122 129 132 129 124 122 121 118 116
 112 108 110 113 111 106 101  95  94  99 109 119 122 122 119 115 110 109
 108 107 104 101 102 104 104 114 129 136 150 154 154 155 152 151 152 153
 153 153 154 152 152 151 152 153 153 153 153 153 153 153 153 152 150 148
 146 145 147 147 147 146 146 146 146 145 146 146 145 143 142 143 143 143
 144 146 145 144 147 148 145 142 140 141 142 142 142 142 141 140 140 139
 139 140 142 143 144 143 143 143 142 141 139 138 138 140 142 140 139 140
 140 138 138 139 140 138 134 131 134 139 139 136 136 133 135 136 138 137
 136  29]"
"[ 31  28 161 159 163 163 163 162 162 163 165 164 163 162 162 162 160 160
 160 162 163 163 162 162 162 161 160 162 165 168 168 167 161 159 151 147
 149 146 139 138 137 141 141 143 148 145 139 138 136 132 133 136 132 128
 127 129 128 125 120 117 116 119 122 124 130 133 130 125 123 124 122 121
 116 112 111 112 111 111 107  99  97 100 109 118 122 121 117 112 109 108
 109 108 105 100  98 100  99 110 130 141 150 153 153 155 154 152 153 153
 152 153 153 152 152 151 151 152 153 153 153 153 150 150 150 151 150 148
 146 146 145 145 146 146 146 146 146 146 146 145 144 142 142 142 142 141
 144 145 142 140 141 142 142 142 141 142 143 143 143 143 142 141 142 141
 140 139 141 142 142 143 141 140 139 139 138 138 140 142 141 139 138 139
 139 138 138 139 138 138 134 132 134 138 138 134 133 135 136 135 136 137
 136  29]"
"[ 30  27 161 158 162 164 164 162 164 165 165 164 162 163 163 164 160 159
 160 162 163 164 163 163 162 162 162 163 165 168 168 167 164 163 158 156
 157 153 146 144 141 144 145 146 150 148 143 141 139 137 136 134 132 134
 135 134 136 130 125 124 124 123 123 124 129 132 130 125 124 125 125 125
 123 118 114 112 112 112 108 101  98  99 107 116 120 119 115 110 111 111
 108 104 101  99  98  96  99 108 130 145 150 152 153 155 152 151 151 152
 151 153 154 153 152 151 150 151 152 152 152 152 147 146 147 148 149 148
 147 147 145 146 146 146 146 146 146 146 147 146 144 143 143 143 143 141
 143 144 142 140 140 140 139 141 141 143 143 142 141 142 142 141 144 142
 140 139 139 140 140 140 141 139 137 137 137 137 138 141 140 140 138 138
 138 139 139 139 138 138 136 134 135 137 136 134 132 135 136 133 135 136
 135  29]"
"[ 28  29 163 158 160 163 164 162 165 166 166 164 162 163 164 165 162 160
 160 162 164 164 164 164 162 163 163 163 164 166 167 167 164 163 162 161
 160 157 153 150 149 150 151 152 154 152 148 146 144 141 138 136 136 139
 140 137 135 129 126 128 128 126 126 127 131 134 133 128 126 126 125 126
 126 122 117 115 115 112 105 101 100 101 108 117 119 118 114 111 112 110
 106 103 102 101  99  98 101 106 128 145 149 151 152 154 156 155 154 154
 153 153 153 152 152 150 148 149 150 150 150 149 147 144 144 146 147 146
 146 146 145 146 146 146 145 145 145 145 146 146 145 143 143 143 143 142
 140 140 139 140 141 138 136 137 140 142 143 140 139 139 140 139 143 141
 140 138 138 138 139 139 141 139 137 138 137 136 137 138 139 139 138 137
 138 140 140 138 137 138 138 136 135 135 134 134 134 135 134 131 133 134
 133  29]"
"[ 29  31 166 160 159 162 163 162 161 163 164 163 163 163 165 166 164 161
 160 161 164 165 165 166 162 163 163 162 163 164 166 166 168 167 167 165
 161 159 157 155 158 158 158 158 157 155 153 151 152 144 141 143 145 144
 142 140 138 133 130 131 131 127 127 130 135 138 137 133 130 129 128 129
 126 125 121 121 121 113 103 101 103 105 112 120 121 118 115 113 113 106
 103 107 108 103 101 102 101 103 123 143 147 150 151 153 153 152 152 153
 152 153 153 152 153 150 147 147 149 149 148 148 149 145 144 145 147 146
 145 145 145 146 146 146 144 143 143 143 144 145 145 143 141 140 141 141
 143 140 138 139 141 138 137 140 139 141 142 140 138 139 139 138 141 140
 140 139 139 139 140 140 140 137 137 138 139 138 137 138 137 138 137 136
 137 140 140 136 136 136 137 136 134 132 132 133 137 135 131 130 132 132
 130  29]"
"[ 29  30 160 160 160 161 161 160 160 162 163 161 161 163 164 164 162 160
 161 161 161 162 164 163 162 160 160 162 163 161 163 166 166 169 169 165
 161 158 158 157 154 154 153 157 157 159 165 160 153 150 150 148 146 145
 144 147 144 139 136 136 137 135 135 135 142 143 140 136 132 131 130 130
 129 129 128 121 121 110 104 104 106 104 108 117 122 122 121 120 114 113
 110 108 109 108 105 104 103 114 128 138 145 149 151 152 151 152 154 154
 152 150 149 149 148 149 148 146 146 147 148 148 148 148 147 147 147 146
 145 144 143 146 147 144 142 143 144 144 141 140 139 139 139 138 138 138
 138 139 139 138 139 139 140 139 139 140 141 141 138 135 136 139 138 139
 139 137 135 135 137 138 138 137 136 135 136 137 138 138 139 137 136 137
 138 138 136 135 135 133 131 132 132 131 130 130 132 132 131 131 131 133
 130  31]"
"[ 29  30 161 161 159 160 160 160 158 161 163 162 161 162 163 163 161 160
 162 162 160 160 162 163 162 161 160 161 161 161 162 165 166 167 166 163
 159 157 156 156 153 152 153 158 159 160 163 160 157 155 157 155 152 149
 147 149 146 143 139 137 137 140 142 144 147 147 146 142 138 137 136 134
 135 135 133 126 123 114 110 111 106 106 113 121 125 124 122 119 119 113
 110 114 117 110 102  99 102 113 129 141 147 149 150 150 151 151 151 151
 150 148 147 147 147 148 148 147 146 147 147 146 148 147 146 145 145 145
 144 144 142 145 145 143 142 142 143 142 139 138 138 138 138 138 138 137
 139 139 139 138 138 138 138 137 140 139 138 137 135 133 134 136 138 139
 139 137 135 134 134 135 133 134 134 135 136 137 137 138 138 136 135 135
 137 138 137 136 133 131 131 132 133 131 130 129 131 131 130 130 131 132
 128  29]"
"[ 29  30 162 162 160 159 160 159 156 160 163 162 161 161 162 162 159 161
 163 164 160 160 163 164 162 162 161 161 161 162 164 165 165 165 163 158
 154 151 148 146 138 140 151 160 164 166 165 165 162 160 161 157 154 152
 151 154 149 148 144 139 138 142 146 148 150 151 150 147 145 143 141 139
 139 139 138 132 126 118 116 115 113 113 117 120 121 123 124 122 118 115
 113 115 115 107 101 102 101 112 127 140 147 149 149 149 150 150 149 149
 149 147 146 146 145 146 147 147 147 147 148 147 147 146 146 145 145 144
 143 143 142 143 143 142 142 142 141 140 138 138 138 138 138 138 138 138
 139 139 138 138 139 138 137 136 137 137 138 140 140 137 135 134 137 137
 137 136 135 134 133 132 129 131 134 135 135 136 137 138 137 136 134 133
 134 137 137 136 131 131 131 132 133 132 130 130 129 128 128 130 130 132
 128  29]"
"[ 29  29 162 162 161 160 160 159 156 159 161 162 162 162 162 161 159 160
 162 163 161 161 164 165 161 162 162 161 161 163 164 163 163 161 158 153
 148 145 140 136 125 132 148 157 164 169 167 168 165 162 161 158 155 154
 153 155 152 151 148 143 140 140 143 146 151 152 151 149 147 146 144 142
 140 139 140 136 129 122 119 115 121 121 122 120 120 122 124 121 119 117
 113 111 112 110 104 100 101 107 119 133 142 147 148 149 149 148 148 148
 148 147 146 147 143 144 145 145 146 146 146 146 145 145 146 146 146 144
 143 142 142 142 141 140 140 141 140 139 138 139 139 139 138 138 138 139
 138 137 137 138 138 138 137 137 135 135 137 140 140 137 134 132 133 134
 135 136 136 136 134 133 130 132 135 136 135 135 136 137 135 135 133 130
 131 134 135 133 131 131 131 131 132 132 131 131 129 129 129 130 130 130
 127  30]"
"[ 29  29 161 162 162 162 160 159 158 159 160 161 163 163 162 161 160 158
 159 160 160 162 163 163 159 161 162 161 160 161 161 159 158 157 154 149
 146 142 137 132 129 139 154 158 163 171 170 172 164 162 163 161 160 158
 154 153 155 152 149 146 141 137 140 146 153 153 152 150 149 148 146 144
 142 140 139 138 131 125 119 116 122 126 130 131 129 129 125 117 116 117
 115 112 110 106 102 101 100 102 110 125 138 145 147 147 147 147 147 147
 147 146 146 147 144 144 144 144 144 143 143 143 144 145 145 144 144 143
 142 141 143 141 140 138 138 139 139 139 139 139 139 138 137 137 137 138
 138 137 136 137 137 137 136 137 137 135 134 134 133 131 131 131 132 133
 134 135 136 137 135 134 133 135 137 136 134 132 133 134 132 133 132 129
 129 131 131 129 130 130 129 129 130 131 132 132 130 130 131 131 128 126
 123  28]"
"[ 30  28 160 162 162 162 160 159 160 159 159 160 163 164 162 161 161 159
 159 160 160 161 162 161 159 161 162 161 160 160 159 157 157 156 153 149
 145 142 137 133 130 146 160 163 168 174 172 171 166 163 163 160 160 160
 155 154 156 151 147 145 140 137 141 149 156 157 156 153 151 150 149 147
 147 143 138 138 132 126 120 121 124 130 138 141 140 138 130 121 117 114
 110 109 107 101 100 104 102 100 107 123 138 145 146 146 147 146 146 147
 147 146 145 146 144 143 143 144 145 144 144 144 144 143 142 140 140 140
 141 142 143 142 140 138 138 138 139 140 140 139 139 138 137 137 136 136
 138 137 137 138 137 136 135 136 135 133 132 133 132 131 131 133 133 133
 134 134 135 136 134 132 134 135 136 135 132 130 130 131 131 132 131 130
 129 130 130 129 128 128 127 126 127 129 131 131 127 127 129 131 128 125
 123  29]"
"[ 29  28 160 162 161 160 159 158 160 159 158 160 162 163 162 161 161 160
 161 161 159 160 161 161 161 161 162 161 160 159 159 158 158 158 155 151
 147 145 141 138 131 147 158 164 170 172 170 167 167 164 161 158 157 158
 157 157 155 151 146 142 138 137 142 149 157 158 157 155 153 152 151 150
 149 146 138 138 132 124 118 123 129 134 142 144 143 143 138 132 131 120
 109 109 112 108 103 103 103 100 105 122 138 145 146 146 146 144 144 145
 147 146 145 144 142 142 142 144 145 144 143 143 143 142 140 139 138 138
 140 141 141 141 140 138 136 136 137 139 139 139 139 138 138 136 135 134
 135 135 136 138 137 135 135 136 133 132 132 134 135 133 132 132 132 132
 132 132 133 134 133 132 132 133 134 133 131 130 129 129 130 131 131 131
 130 129 129 129 127 128 127 126 126 127 128 128 124 123 126 131 130 127
 124  30]"
"[ 29  28 160 161 160 159 158 158 160 159 159 160 162 162 161 161 158 159
 162 162 158 158 161 162 160 160 160 159 158 158 159 160 159 159 157 153
 151 150 148 147 145 157 160 166 171 170 171 168 164 162 162 159 158 159
 157 157 154 151 146 140 136 136 140 145 155 157 157 155 153 153 152 151
 149 146 138 138 132 122 114 122 131 136 143 145 144 144 143 139 137 137
 133 124 116 109 106 108 102  99 103 120 136 144 146 147 143 141 140 143
 146 146 144 142 143 142 142 143 143 140 138 138 141 141 141 140 139 138
 138 139 139 138 138 137 134 133 135 137 137 137 137 138 137 135 133 131
 129 130 133 137 136 134 134 136 135 132 130 130 131 130 129 129 130 130
 130 131 132 133 133 132 130 131 132 132 131 130 129 129 130 130 130 131
 129 127 127 128 128 129 128 127 126 127 126 125 125 123 126 131 131 128
 123  28]"
"[ 29  29 160 160 159 158 157 159 159 160 161 162 163 162 161 160 162 160
 161 162 160 158 156 154 159 159 159 159 158 159 160 160 160 159 158 155
 153 152 152 151 154 159 163 165 168 172 171 166 163 161 161 162 160 159
 159 158 155 150 145 134 133 137 140 141 148 156 157 155 154 152 153 151
 148 147 142 140 138 125 117 124 131 139 147 149 150 147 142 145 139 138
 132 127 117 117 113 109 106 100 107 124 134 140 145 147 143 142 143 145
 147 146 144 142 141 141 141 140 140 140 139 138 142 141 140 139 139 140
 139 138 138 138 138 138 136 132 132 138 136 133 132 134 137 137 135 133
 130 132 133 134 133 132 133 133 132 131 130 129 130 129 129 132 131 130
 132 133 132 131 132 131 131 129 128 130 131 131 131 130 130 129 129 130
 130 129 127 126 126 126 128 127 124 125 126 125 126 125 125 130 130 128
 125  28]"
"[ 30  30 158 157 157 157 158 161 163 162 160 160 160 160 160 159 158 158
 160 162 162 162 161 159 157 158 157 156 155 156 158 159 159 158 156 154
 152 153 153 153 154 159 163 166 169 172 172 169 164 162 162 162 161 160
 159 158 155 152 146 133 133 136 140 145 152 157 157 156 155 150 149 148
 150 150 147 145 140 128 121 126 131 144 151 154 154 148 141 138 139 138
 136 134 124 118 110 105  98  95 102 117 129 138 143 142 144 144 144 145
 145 145 143 142 142 142 142 141 141 140 139 138 141 141 141 140 140 140
 140 139 139 139 137 136 134 132 133 137 138 135 134 133 133 133 132 132
 131 131 131 131 131 131 132 133 131 133 131 129 130 130 130 130 132 130
 132 134 132 130 131 131 129 127 126 127 129 131 131 132 129 128 129 129
 129 127 126 125 127 125 124 124 125 128 129 126 125 126 125 127 125 124
 124  29]"
"[ 30  28 156 155 156 158 160 164 165 163 160 158 158 158 158 158 157 157
 159 160 160 162 162 159 155 156 156 155 154 156 159 161 159 158 156 154
 155 157 158 159 155 158 162 166 169 172 172 171 166 163 162 162 161 160
 159 157 154 152 143 128 130 135 144 155 154 158 158 159 157 151 149 149
 148 148 147 144 137 127 122 123 131 147 152 154 155 151 149 143 142 140
 138 138 125 115 105 100  98  99 106 117 130 140 143 139 144 145 145 144
 143 144 144 142 142 143 143 142 140 139 138 137 137 138 138 138 137 137
 137 136 138 139 136 132 131 130 131 134 139 138 137 135 133 132 133 135
 136 134 131 130 130 130 131 131 131 134 131 125 125 129 130 130 128 127
 129 131 129 127 128 129 129 127 125 126 128 129 130 131 128 128 128 128
 127 125 124 125 126 126 126 124 123 127 129 126 124 126 124 125 123 124
 125  29]"
"[ 29  27 156 156 158 160 160 162 163 162 161 159 158 157 157 157 157 158
 158 158 158 161 161 157 154 156 156 154 153 154 157 159 162 160 157 155
 155 157 158 158 157 158 160 165 169 171 171 171 168 164 163 163 162 160
 159 156 153 150 140 123 125 127 134 146 151 156 157 158 157 152 152 152
 150 148 147 142 131 123 120 118 132 151 153 153 153 151 153 146 145 142
 138 135 123 114 105 100 101 105 112 121 131 139 141 137 141 143 143 141
 140 142 144 143 142 143 142 141 140 139 138 137 138 138 137 136 136 137
 138 138 137 139 136 132 129 129 129 131 135 136 136 135 133 132 134 137
 139 135 131 129 130 131 130 130 130 134 131 125 124 127 129 129 125 123
 125 128 126 124 126 129 130 128 125 125 125 126 126 126 126 126 127 126
 125 123 123 123 125 127 127 125 123 127 129 126 124 124 122 124 126 129
 128  28]"
"[ 30  29 158 158 159 159 157 158 161 162 162 161 158 157 157 159 159 159
 159 158 157 160 161 158 159 160 160 157 155 154 156 157 161 159 157 156
 158 161 162 162 159 157 158 163 169 172 173 173 170 167 166 166 164 162
 160 156 151 148 139 125 126 126 128 137 146 154 155 154 153 151 152 152
 153 149 145 137 125 118 117 114 128 149 153 154 155 153 154 147 145 143
 138 134 124 118 109 104 103 109 117 125 133 138 139 139 141 143 142 139
 138 140 142 142 142 142 142 140 139 139 139 139 139 138 136 134 134 136
 138 138 135 138 138 133 131 130 129 130 131 131 132 132 131 129 130 131
 134 131 128 128 130 132 132 131 130 133 133 129 127 125 125 127 127 125
 126 128 126 124 126 128 129 126 124 124 125 124 123 123 124 125 126 125
 124 122 121 122 124 124 125 125 128 132 131 125 123 123 122 124 126 129
 128  28]"
"[ 30  29 158 158 159 158 157 157 162 163 163 161 158 157 158 161 162 161
 161 159 156 158 159 158 159 160 160 158 157 157 157 157 157 156 155 156
 159 162 163 162 157 155 155 160 167 172 174 174 172 169 168 167 164 161
 159 156 154 149 140 127 129 130 133 140 149 158 159 156 154 153 154 153
 153 149 145 136 123 118 119 118 128 146 153 155 156 155 155 150 146 144
 140 137 126 120 109 102 102 111 121 129 136 138 140 143 144 145 144 141
 138 139 140 141 140 141 140 139 138 138 139 139 138 137 135 133 133 135
 136 136 132 135 136 133 132 131 130 130 130 130 130 131 130 128 126 126
 130 129 128 128 130 131 132 131 132 132 130 127 124 121 121 126 129 127
 127 127 124 123 124 124 125 124 124 125 127 126 125 124 125 125 126 126
 124 122 122 122 122 122 125 127 127 128 127 124 121 124 123 125 125 126
 127  30]"
"[ 29  28 158 159 160 160 159 160 160 161 161 160 158 158 159 160 162 161
 161 160 157 156 158 158 156 156 156 156 156 157 157 157 158 157 156 156
 156 155 154 151 153 153 155 160 166 171 174 175 173 169 167 166 162 159
 158 156 157 150 141 128 128 129 133 138 155 161 162 161 160 158 158 157
 153 151 147 138 126 120 122 125 137 149 153 153 154 154 150 147 147 144
 141 138 125 116 106 101 104 115 124 130 136 137 138 141 143 144 144 142
 140 138 138 139 138 139 139 138 136 137 138 138 139 138 137 137 137 138
 136 135 130 132 132 131 132 131 130 130 130 129 130 131 131 129 128 127
 130 130 130 130 130 130 130 130 132 130 126 124 123 121 121 125 128 126
 126 125 123 123 123 121 123 122 123 126 128 128 126 125 125 126 127 127
 125 123 122 122 121 123 126 128 125 123 123 122 122 124 125 128 127 126
 126  30]"
"[ 29  30 160 162 162 161 159 159 157 158 159 159 159 158 158 158 159 158
 160 161 158 158 160 162 162 161 160 160 160 161 160 159 159 160 159 159
 159 158 155 153 152 154 157 160 166 171 174 175 174 170 168 165 161 159
 158 156 152 146 142 133 133 133 135 138 155 159 159 162 163 159 159 158
 151 151 147 136 123 115 117 121 137 145 151 152 155 154 148 146 148 143
 138 136 122 112 105 105 112 123 131 134 138 139 138 140 140 140 141 141
 139 137 136 137 137 139 139 138 137 137 137 138 137 137 137 138 139 138
 134 131 132 131 130 130 132 132 130 130 127 127 128 129 130 130 130 130
 129 130 131 131 129 129 129 130 128 128 128 128 129 127 123 123 126 126
 126 125 124 125 124 121 122 122 122 125 126 126 124 123 124 125 126 126
 125 122 121 120 124 122 124 127 127 125 124 123 124 124 125 132 132 130
 127  29]"
"[ 29  29 160 162 162 161 160 159 156 157 158 158 159 159 159 160 158 159
 159 159 159 159 160 161 160 160 160 160 160 159 161 162 159 160 159 157
 157 158 157 155 155 154 157 163 168 170 170 172 171 169 166 164 164 162
 158 153 150 145 139 130 126 131 136 143 153 159 160 160 160 160 161 157
 152 148 147 133 118 116 121 122 133 146 151 156 157 153 152 148 147 144
 137 129 123 110 100 109 112 126 138 139 137 138 140 139 139 137 137 139
 138 135 135 138 137 138 138 139 139 136 133 130 133 134 134 135 135 134
 132 131 131 130 131 134 135 133 129 127 126 126 126 127 129 131 131 130
 130 129 129 128 127 127 127 129 126 127 129 130 130 129 126 123 125 122
 122 124 125 125 124 123 121 123 124 124 125 126 125 122 123 126 127 125
 126 125 124 124 123 127 129 127 127 130 131 128 130 130 131 134 137 135
 134  30]"
"[ 29  29 161 162 161 160 159 158 158 158 159 161 160 157 157 159 160 160
 160 160 160 160 160 160 160 159 160 160 160 160 160 160 158 159 158 155
 155 157 157 155 155 156 157 161 165 168 170 171 168 166 163 162 161 159
 156 152 150 145 138 128 124 129 136 144 152 159 161 161 159 159 160 157
 155 150 142 132 119 117 120 121 134 145 149 152 154 152 153 150 148 145
 137 127 121 111 106 116 124 134 142 143 141 141 140 138 139 137 138 139
 137 134 133 136 138 138 138 139 138 136 134 132 133 133 133 133 132 131
 130 130 130 131 132 133 133 132 130 128 127 125 125 127 130 131 131 130
 130 130 130 130 128 126 125 126 126 126 127 128 128 128 126 124 124 123
 122 123 125 126 126 125 127 128 128 126 127 128 128 125 125 128 129 129
 130 130 129 129 130 132 132 130 131 134 136 135 136 136 136 138 141 139
 137  30]"
"[ 29  29 161 163 161 159 159 159 160 158 159 162 161 157 157 160 162 161
 159 159 160 160 160 159 160 160 159 159 158 157 155 153 157 158 156 153
 153 156 156 154 154 158 162 165 167 170 170 167 165 163 160 159 157 154
 152 151 150 144 138 128 123 127 135 143 151 160 164 164 162 160 161 158
 156 153 137 131 121 118 119 121 135 142 145 148 150 149 149 147 147 144
 135 125 121 118 117 129 137 141 143 142 142 142 143 143 140 138 138 139
 137 133 133 135 137 137 137 137 137 137 136 135 133 133 132 131 131 130
 129 129 130 132 133 133 131 131 130 128 126 125 126 129 132 132 130 128
 126 126 127 128 127 127 127 127 126 126 126 126 126 127 126 125 126 126
 125 125 127 129 130 128 130 131 129 126 126 129 130 127 125 129 130 130
 131 131 130 131 134 133 132 131 132 135 137 138 138 139 138 140 143 143
 141  30]"
"[ 29  29 162 162 160 159 160 161 161 159 160 161 161 159 159 160 161 160
 158 158 158 158 159 159 159 159 159 158 157 155 153 152 158 159 157 153
 153 157 158 156 155 160 165 168 170 170 168 165 163 160 157 155 152 148
 147 148 145 142 138 128 122 123 130 139 147 155 160 162 159 156 157 154
 154 154 133 129 120 116 116 121 131 137 141 145 148 146 143 142 140 136
 128 120 119 121 123 133 142 143 143 142 142 143 144 145 140 138 138 138
 136 134 134 136 134 134 134 135 137 138 138 137 134 134 133 133 132 131
 131 131 131 134 135 133 130 131 130 129 130 129 130 132 132 131 129 129
 130 129 128 128 128 128 130 131 128 128 127 127 127 128 128 127 129 129
 129 127 128 132 133 131 128 130 128 123 124 128 129 127 126 128 129 128
 129 128 128 130 132 131 132 133 133 134 135 136 137 138 137 139 143 145
 144  29]"
"[ 29  29 161 161 159 159 160 161 161 161 160 159 160 162 161 159 159 160
 160 159 159 158 159 159 158 159 160 159 159 159 159 159 160 160 158 156
 157 159 160 159 160 162 164 166 167 166 165 165 161 157 153 151 147 142
 141 143 139 137 134 125 117 118 125 135 145 152 155 156 155 153 155 152
 150 152 130 125 115 111 113 121 128 133 139 142 146 146 141 139 135 130
 124 118 120 124 126 133 139 142 145 146 145 144 142 141 140 139 138 138
 137 136 137 139 136 135 134 135 138 139 138 136 136 136 136 136 136 135
 135 135 133 137 137 134 132 133 133 133 136 134 133 133 132 130 131 133
 138 136 134 132 130 129 130 131 130 131 130 130 131 131 131 131 130 131
 130 128 129 132 133 131 127 128 126 123 124 128 129 126 126 127 127 126
 126 125 126 128 131 131 132 134 134 133 134 136 136 138 136 138 142 145
 146  28]"
"[ 29  29 161 161 158 158 159 160 162 162 160 158 159 162 161 158 158 160
 161 162 161 160 159 159 159 160 161 160 160 161 162 162 159 159 158 158
 159 159 160 160 161 162 164 167 167 165 162 160 157 153 150 147 143 140
 137 137 136 133 130 121 114 115 122 133 145 149 149 150 150 149 152 151
 147 147 129 120 110 107 110 119 129 133 137 136 139 141 136 133 133 129
 126 122 122 126 129 135 138 142 145 145 145 145 145 143 143 141 140 141
 141 141 142 144 143 140 139 139 142 142 140 137 138 138 138 138 138 138
 138 138 136 138 138 137 136 136 137 137 137 136 136 137 136 133 132 133
 131 131 132 131 130 128 129 130 131 131 131 131 131 132 132 131 131 131
 130 129 130 132 132 130 128 128 126 124 125 128 127 125 124 126 126 125
 125 124 125 128 130 130 132 133 133 132 133 135 133 135 134 139 142 145
 148  29]"
"[ 29  29 161 162 160 159 159 160 161 161 160 159 159 160 159 158 159 159
 160 160 160 159 158 158 159 160 160 159 159 161 161 160 157 156 156 159
 160 158 158 159 160 162 165 167 168 166 160 154 153 151 147 145 143 141
 137 133 134 129 126 119 115 116 121 130 138 142 143 143 142 140 142 140
 138 139 129 118 111 107 107 112 124 127 130 127 128 132 126 123 126 124
 124 121 120 124 131 142 145 147 147 145 145 149 151 149 145 144 144 145
 145 145 146 147 147 145 144 143 144 144 142 141 140 140 139 139 138 138
 138 138 138 138 138 138 138 137 138 138 135 134 136 138 138 134 130 130
 123 125 128 129 129 128 129 130 129 130 131 130 130 131 131 130 132 131
 130 131 132 132 131 129 130 127 125 125 127 128 127 125 122 124 126 127
 127 125 125 129 129 129 130 132 133 133 133 132 133 135 135 142 144 145
 149  30]"
"[ 29  29 162 163 161 160 160 161 160 160 160 160 159 158 158 159 160 159
 157 156 156 157 157 157 157 158 158 157 158 161 161 159 157 155 156 160
 161 158 157 159 161 163 164 163 164 165 160 152 151 149 147 145 145 143
 138 132 132 127 124 119 116 116 119 125 133 139 141 142 139 135 134 132
 129 129 127 118 113 108 104 104 113 118 122 117 120 125 119 115 120 121
 124 122 119 124 137 153 152 155 154 150 150 153 154 150 146 145 145 146
 146 146 146 146 147 146 145 144 144 144 144 143 142 141 140 138 137 137
 137 138 139 138 138 138 138 137 137 137 138 134 132 133 134 131 130 130
 127 129 131 131 130 128 129 131 129 130 130 130 130 130 130 130 131 130
 130 132 133 133 131 129 131 127 125 127 129 129 127 126 122 125 128 130
 130 128 127 130 129 130 131 133 135 136 133 130 137 140 139 146 146 145
 148  28]"
"[ 29  29 159 160 160 162 159 161 158 160 161 159 159 160 160 158 160 157
 157 159 159 158 158 160 158 159 159 159 160 162 161 159 160 155 158 158
 163 161 161 162 162 164 165 165 162 158 155 153 149 150 153 151 146 142
 139 137 133 127 126 121 116 115 114 117 130 137 138 138 138 136 131 124
 119 122 120 116 112 108 108 110 117 121 122 121 119 114 109 108 112 114
 120 122 128 139 149 158 153 152 151 151 151 152 153 153 148 146 145 145
 146 147 147 147 146 146 146 146 146 145 144 144 142 139 137 138 137 136
 136 138 138 137 134 132 133 137 139 138 136 134 131 132 133 128 125 129
 130 130 131 131 130 130 130 130 131 129 129 129 130 130 130 129 128 128
 129 131 130 128 126 125 128 127 125 125 128 130 129 126 122 124 127 129
 131 132 131 130 129 130 130 131 132 133 133 133 135 138 140 144 145 146
 146  29]"
"[ 29  29 160 161 162 163 159 159 160 159 158 158 160 161 161 160 159 159
 160 161 160 158 158 160 160 160 160 160 161 163 164 163 156 152 156 156
 162 163 164 165 163 164 165 164 163 159 155 153 149 149 153 154 149 143
 139 137 135 132 126 115 109 112 115 120 128 136 138 138 138 134 130 123
 121 122 119 114 111 109 109 111 117 121 124 123 122 119 114 112 110 113
 119 123 130 139 147 154 153 151 150 150 151 151 151 150 149 148 147 147
 147 146 145 145 147 147 145 142 141 141 143 144 143 139 137 137 137 135
 133 133 137 138 137 135 136 138 139 137 138 136 132 132 134 130 128 131
 132 132 132 132 131 131 131 131 129 128 128 130 131 130 129 128 127 128
 129 130 129 128 126 125 129 128 125 124 126 128 129 129 126 128 129 130
 131 132 132 131 130 130 129 130 132 133 133 132 135 138 139 142 144 146
 146  29]"
"[ 28  30 166 164 161 160 158 161 166 162 159 160 162 162 162 162 161 160
 160 161 160 159 159 160 165 165 165 164 164 166 167 167 166 162 163 161
 164 165 164 162 165 165 165 165 164 162 158 155 155 153 154 156 153 148
 145 143 137 133 125 114 111 112 113 120 127 136 139 139 137 134 130 125
 121 121 116 110 108 110 111 113 119 124 127 126 125 122 117 114 111 112
 118 124 132 142 148 153 153 151 150 151 152 152 150 148 148 148 148 148
 147 145 144 144 145 146 144 139 138 140 143 144 145 142 139 140 141 139
 137 136 138 139 138 137 137 138 139 138 138 134 130 131 134 132 130 132
 134 133 132 131 131 131 131 132 131 129 129 129 130 130 129 128 130 130
 131 130 130 130 128 125 128 127 126 124 125 127 128 129 130 130 130 129
 129 130 131 131 130 130 129 130 131 133 133 132 136 137 137 141 143 145
 146  28]"
"[ 28  30 170 168 164 162 163 167 173 169 165 165 166 167 167 166 169 166
 164 167 172 175 176 175 175 174 174 172 171 171 172 173 176 172 170 167
 168 169 164 160 165 166 167 166 166 164 161 158 158 155 155 155 154 152
 150 147 141 131 120 115 116 112 110 119 131 139 140 140 139 136 134 131
 122 122 115 107 106 110 114 118 122 127 128 125 124 121 117 113 110 109
 114 122 133 144 147 149 152 152 152 152 153 152 149 148 147 148 149 149
 147 145 144 145 144 146 145 141 140 143 144 143 142 140 139 140 141 141
 140 139 139 139 139 137 136 137 138 138 138 133 130 131 134 133 132 132
 134 133 131 130 131 131 132 131 134 132 130 129 129 129 129 130 133 134
 132 130 130 131 130 127 128 128 128 128 128 128 128 128 130 130 129 127
 127 128 130 130 130 130 130 130 130 131 133 133 137 137 137 140 142 145
 146  28]"
"[ 30  29 172 171 172 172 171 171 173 172 170 169 170 174 174 173 171 168
 167 169 174 177 176 175 176 176 175 175 173 172 173 173 173 169 167 167
 169 172 165 161 163 166 168 168 167 166 163 161 155 153 152 151 151 152
 150 145 144 133 121 114 114 112 112 122 135 142 143 144 144 141 139 135
 126 125 118 109 107 111 117 122 122 125 125 123 122 121 119 117 115 110
 113 122 136 147 148 148 152 152 152 151 150 149 149 149 148 149 150 150
 148 146 145 146 146 148 146 143 143 145 145 142 140 140 140 140 140 140
 140 140 139 139 139 138 137 137 138 138 139 134 131 133 134 134 133 132
 133 132 131 131 132 132 132 131 132 132 131 130 128 127 128 131 134 134
 132 129 129 131 130 128 130 130 130 131 131 131 129 128 128 129 128 127
 127 128 130 130 129 131 131 130 129 130 132 134 137 138 138 141 143 145
 146  29]"
"[ 29  29 177 176 176 175 172 171 172 173 172 170 171 175 176 174 173 173
 174 174 175 175 174 173 172 172 173 173 173 172 172 173 174 170 168 168
 168 169 162 159 163 167 170 169 168 167 164 161 156 151 147 145 144 146
 147 144 141 139 131 120 115 116 119 128 136 144 146 147 147 143 140 136
 131 129 121 113 110 112 117 123 121 123 123 123 124 125 124 125 125 117
 115 122 136 149 151 153 153 153 151 149 148 148 150 152 150 151 152 151
 149 147 147 148 145 145 144 142 143 145 145 143 143 144 144 143 140 139
 139 140 138 138 139 139 139 138 138 138 135 131 130 132 133 134 135 134
 132 131 130 131 132 132 131 131 128 129 131 131 129 127 127 129 132 132
 131 129 129 130 130 129 131 130 129 130 131 131 130 129 127 128 129 128
 128 128 129 130 129 131 132 130 129 130 134 136 138 139 138 141 142 145
 146  29]"
"[ 29  29 181 179 177 175 174 174 175 174 173 172 172 173 173 172 169 171
 173 174 175 176 176 176 174 174 174 175 175 175 175 176 177 174 172 172
 167 166 158 159 164 168 171 171 170 168 163 159 158 150 144 142 140 139
 140 141 136 137 136 127 120 121 126 133 137 144 145 146 144 140 138 136
 133 129 122 116 113 112 115 120 120 120 120 121 124 123 124 126 125 118
 118 125 139 150 152 154 153 153 152 151 151 151 151 152 152 153 153 152
 149 147 147 149 144 143 142 141 142 143 144 144 142 144 145 143 140 138
 138 138 138 138 139 139 139 138 138 138 134 130 130 131 131 134 136 135
 132 131 131 131 131 132 131 131 127 128 130 131 130 128 127 128 130 130
 130 130 130 130 130 129 128 127 127 129 130 130 129 129 127 129 130 129
 128 128 129 129 130 131 131 130 130 132 136 138 138 139 138 140 141 144
 146  29]"
"[ 30  27 179 177 179 180 179 178 178 175 173 174 175 174 174 174 175 173
 172 171 173 176 176 175 174 173 173 174 174 173 173 174 173 171 170 172
 166 166 161 164 165 169 171 171 170 167 161 155 153 145 143 146 142 135
 131 132 133 130 131 126 121 121 127 135 138 144 144 142 139 135 136 136
 132 127 120 116 114 111 112 116 117 116 116 117 119 117 116 119 118 117
 125 138 151 157 154 152 151 152 153 154 154 153 151 150 153 153 152 151
 149 147 148 149 147 146 145 144 142 141 141 142 143 145 146 145 143 141
 140 140 139 138 137 138 138 138 139 140 140 135 135 134 132 133 136 135
 134 133 132 132 132 132 132 132 130 130 130 131 131 130 129 129 129 129
 129 131 130 129 128 128 125 125 127 129 130 129 129 129 129 130 131 130
 129 129 129 129 130 131 130 130 131 135 138 139 139 139 138 139 140 143
 145  29]"
"[ 28  30 181 178 177 176 176 176 176 175 174 173 173 174 174 174 173 175
 172 173 174 173 174 175 174 172 175 177 173 172 173 172 174 173 170 169
 165 159 159 160 163 170 173 172 173 171 162 153 148 141 139 143 142 136
 130 125 125 124 127 124 119 120 124 129 132 138 138 136 132 129 131 132
 129 125 121 118 117 116 115 113 114 114 117 119 117 117 117 116 118 120
 140 140 144 155 153 155 153 153 154 154 152 150 150 152 153 153 152 150
 149 149 149 150 147 146 146 145 143 139 139 140 143 145 145 144 141 140
 139 139 139 138 138 138 138 138 138 138 138 137 139 142 141 137 134 133
 132 134 136 137 137 136 136 137 136 133 131 132 132 131 130 130 129 129
 130 130 129 128 128 128 124 125 127 129 130 130 130 131 132 132 131 130
 130 130 130 129 131 130 131 133 134 134 136 138 137 139 141 139 140 139
 143  28]"
"[ 30  30 180 179 178 175 175 176 176 174 173 173 174 175 175 175 175 171
 163 164 172 176 178 176 176 174 176 177 175 174 175 173 172 171 169 166
 160 155 155 156 162 168 171 171 172 169 162 155 153 146 142 144 146 145
 139 132 129 124 123 119 115 115 119 125 128 133 133 133 133 130 130 128
 130 125 121 120 121 121 120 118 120 119 120 121 118 117 117 117 114 121
 140 140 146 154 153 153 154 154 154 155 154 152 152 153 155 153 151 149
 147 148 150 151 148 146 144 145 144 142 141 142 147 147 146 143 140 139
 138 138 139 139 138 137 136 135 136 136 136 136 137 138 137 135 133 133
 134 136 138 138 138 137 137 137 135 133 131 131 132 132 131 130 129 129
 130 130 130 129 127 125 122 124 127 129 129 130 130 131 130 131 131 130
 130 129 128 127 128 131 134 136 136 137 138 139 138 140 142 142 143 143
 146  30]"
"[ 30  29 179 179 179 175 174 176 178 176 174 174 175 176 175 173 172 170
 164 166 171 173 173 171 177 176 177 177 176 176 176 174 174 173 172 167
 161 157 158 161 167 171 172 172 172 169 162 159 156 152 149 148 151 154
 149 140 133 127 125 121 116 114 114 119 126 131 131 131 132 131 131 130
 128 125 122 123 126 129 133 136 139 137 136 133 128 124 123 122 115 126
 140 141 148 152 153 153 155 154 154 154 154 153 153 154 154 153 150 148
 147 148 150 151 151 147 145 147 147 144 142 142 145 145 145 144 142 141
 140 139 140 140 140 140 139 138 138 138 137 137 137 136 135 133 133 132
 135 136 137 138 138 137 136 136 134 131 129 130 131 132 131 131 132 131
 131 132 132 129 125 122 123 125 128 129 129 129 130 132 131 132 132 130
 129 129 129 128 131 135 138 137 136 137 138 138 138 140 143 144 145 144
 147  30]"
"[ 30  28 178 178 180 177 175 176 178 176 175 175 176 177 176 174 179 179
 173 171 172 172 176 178 177 175 176 177 176 175 174 175 173 173 172 165
 158 156 158 163 170 172 171 170 168 164 159 158 156 157 157 156 155 156
 153 146 139 133 129 123 118 115 115 122 129 136 138 138 136 132 131 129
 126 124 123 123 126 131 142 151 146 144 142 137 130 125 123 121 123 134
 142 145 153 153 155 155 156 155 154 154 154 154 154 154 154 153 152 151
 150 150 151 152 151 147 146 149 150 147 144 144 143 143 145 146 146 145
 142 141 141 143 144 144 142 140 139 138 137 138 138 136 134 135 135 136
 135 135 136 136 137 137 136 135 133 130 128 128 130 132 132 131 133 133
 133 133 132 130 126 124 127 128 129 129 129 129 130 132 132 132 132 130
 129 130 131 132 134 136 138 136 135 135 137 137 139 141 143 144 145 144
 146  29]"
"[ 29  28 178 177 179 178 177 176 175 174 174 175 177 178 178 177 176 175
 170 171 175 176 177 177 178 175 175 177 176 171 170 174 173 172 171 163
 154 153 154 160 172 172 170 168 166 162 158 158 160 160 161 160 157 156
 153 148 144 139 131 122 118 117 120 132 143 151 154 155 152 144 138 133
 126 123 121 121 122 129 139 148 148 146 145 142 136 131 129 128 130 138
 145 151 159 156 157 158 157 156 155 154 155 155 155 154 155 154 153 153
 152 153 153 153 149 147 147 149 150 148 147 147 145 145 145 147 147 146
 143 142 142 144 145 143 140 139 137 136 135 136 137 136 136 138 140 141
 138 137 136 136 137 137 137 136 132 130 129 129 131 132 133 132 132 132
 133 133 131 130 129 128 131 130 129 129 129 129 130 131 130 131 131 130
 130 131 133 134 134 133 134 135 136 136 137 138 140 141 144 144 146 145
 146  29]"
"[ 29  29 178 176 178 179 178 176 176 176 175 175 175 176 176 176 176 177
 175 179 184 183 182 179 178 177 176 176 175 169 168 173 173 170 171 163
 155 153 154 163 172 172 170 168 167 164 162 163 167 163 161 159 157 155
 152 148 143 141 134 124 120 120 124 136 146 150 150 151 151 145 139 133
 129 125 121 121 126 133 139 142 145 145 145 143 137 133 131 130 132 138
 147 154 161 157 159 158 158 157 156 154 154 155 155 154 155 154 152 151
 151 152 153 153 151 149 147 146 146 146 147 147 145 144 143 144 145 144
 143 144 143 143 142 140 138 139 139 139 138 139 138 138 138 139 141 142
 140 138 137 136 136 137 137 137 134 133 132 131 132 134 134 133 135 136
 136 134 131 128 128 129 132 130 128 128 128 129 130 130 128 130 131 132
 132 133 134 134 135 133 134 137 139 137 137 138 140 141 143 143 146 145
 147  29]"
"[ 30  29 178 177 179 179 178 178 178 179 178 177 175 175 176 177 178 181
 178 177 177 175 178 179 177 178 175 174 174 171 169 172 171 166 168 162
 155 153 155 167 170 171 169 166 166 165 164 164 170 166 162 159 155 153
 151 147 142 143 137 127 123 123 124 134 143 146 144 145 147 144 140 136
 131 127 123 123 130 140 144 144 147 146 146 144 138 133 132 131 134 140
 151 154 156 157 159 157 158 158 156 154 153 154 154 153 154 153 152 151
 151 151 150 150 152 151 149 145 145 147 147 145 144 142 142 143 144 143
 144 146 144 144 142 139 138 141 142 142 142 141 139 139 139 138 140 142
 139 138 137 136 136 137 138 138 136 136 135 133 133 134 134 132 137 138
 138 135 132 129 128 129 131 130 129 128 129 129 130 130 129 130 131 131
 132 133 133 133 136 135 135 136 138 138 138 137 139 140 142 143 146 146
 147  29]"
"[ 30  28 177 178 180 179 179 181 178 179 179 178 176 176 178 180 178 182
 180 179 176 172 172 172 174 177 174 171 173 174 171 172 173 167 170 164
 157 155 156 168 172 173 171 168 168 168 166 166 167 167 166 160 153 151
 150 147 145 145 138 125 122 122 124 132 137 143 145 146 146 141 137 133
 131 129 125 123 129 140 145 145 145 145 145 143 137 133 132 131 139 145
 156 153 152 156 160 158 159 159 157 155 154 154 155 154 154 153 153 153
 152 151 149 147 151 152 150 147 149 152 151 146 146 145 144 146 145 144
 144 145 146 146 143 140 139 140 141 140 142 139 137 138 138 138 140 143
 137 137 137 137 137 138 139 140 138 138 137 134 133 133 133 131 133 135
 136 135 133 131 130 130 130 131 130 130 129 129 130 130 131 130 129 128
 128 130 132 133 133 133 133 132 134 138 140 139 139 140 142 143 147 146
 147  29]"
"[ 30  30 177 177 179 180 184 179 178 177 177 178 179 178 178 179 177 178
 179 177 176 176 176 177 178 176 174 173 173 173 172 172 172 170 171 163
 158 154 159 165 169 172 172 170 167 165 165 168 169 166 163 160 155 148
 143 144 145 141 137 128 123 125 130 137 139 138 141 146 146 144 140 135
 133 129 125 126 129 143 145 146 147 145 146 142 138 135 133 136 145 149
 153 154 156 158 159 157 155 157 157 155 154 154 154 154 153 154 154 152
 151 149 147 148 152 152 150 148 146 147 147 146 145 146 146 145 144 144
 145 145 145 144 143 143 142 139 137 138 139 138 138 139 138 137 138 140
 138 137 136 137 138 138 138 139 137 137 136 135 135 135 133 130 131 132
 132 131 129 129 132 134 134 132 130 130 130 130 129 128 128 128 128 126
 126 128 131 133 132 132 133 135 137 137 138 139 139 139 139 142 144 146
 147  29]"
"[ 30  29 176 176 177 179 183 180 179 178 178 179 180 179 179 180 179 179
 179 178 178 179 180 180 178 177 176 175 175 174 174 174 175 170 167 161
 159 156 159 161 171 174 174 173 172 168 166 167 168 166 162 157 152 146
 143 144 145 144 143 136 130 129 129 133 141 141 145 150 151 148 144 140
 135 130 127 129 133 146 147 146 146 144 144 141 138 136 136 140 146 151
 155 157 158 159 158 156 156 157 157 155 153 153 154 154 155 156 154 153
 152 150 147 147 153 153 152 150 148 148 147 146 148 148 148 145 143 143
 145 146 146 145 144 144 143 141 139 139 139 138 137 137 138 138 138 139
 138 137 137 138 138 138 138 138 137 137 137 136 136 135 133 132 131 131
 131 131 131 132 134 136 138 135 131 130 130 130 129 129 129 129 129 128
 128 130 132 134 133 131 131 133 135 137 139 141 139 140 141 144 146 147
 147  29]"
"[ 29  29 176 175 177 178 182 180 179 179 179 180 180 180 179 180 180 180
 179 178 177 178 179 180 178 177 176 176 176 175 175 175 175 171 168 161
 160 159 164 167 172 174 175 175 175 172 168 167 165 166 162 156 153 151
 150 152 150 149 147 139 133 133 133 136 141 142 146 150 150 148 145 141
 134 126 123 126 132 143 145 145 148 146 145 142 139 137 136 141 149 153
 158 160 160 158 156 154 157 158 158 155 153 154 155 155 158 158 156 155
 156 155 152 152 153 153 152 151 151 151 150 148 150 150 150 148 145 145
 145 146 146 144 143 143 144 143 143 142 143 141 138 137 138 140 139 138
 139 138 138 139 139 138 138 138 137 138 138 138 137 136 136 135 133 132
 132 132 134 136 136 136 135 132 129 128 129 130 130 130 130 130 130 129
 129 131 133 134 133 132 131 132 134 136 139 141 140 142 142 146 147 148
 147  29]"
"[ 29  29 178 177 178 178 179 177 179 180 180 181 180 180 179 180 180 180
 178 176 175 175 176 177 177 177 177 176 176 176 176 176 176 172 165 157
 156 154 163 166 173 174 173 173 173 172 170 170 169 170 166 159 156 155
 154 154 152 149 144 135 130 133 136 140 143 143 146 148 146 145 144 142
 136 128 126 129 134 142 144 145 144 143 143 141 141 140 139 147 149 153
 158 160 160 158 156 155 157 158 158 156 155 155 156 157 157 157 155 154
 155 155 154 155 153 152 152 152 152 151 150 148 148 150 151 150 148 147
 146 145 145 143 142 141 142 142 143 144 145 144 141 139 140 142 142 140
 140 139 139 139 139 138 138 139 137 137 137 137 137 137 137 138 135 135
 135 135 136 137 136 135 131 131 130 129 130 130 130 130 130 130 130 130
 129 131 132 133 133 133 133 135 136 137 138 138 141 143 143 146 147 148
 147  29]"
"[ 29  29 181 181 180 179 177 175 180 180 181 180 180 179 179 179 179 179
 179 177 175 175 176 177 178 178 177 178 178 178 177 177 175 169 158 151
 153 155 164 166 172 174 173 172 172 171 170 172 171 172 167 161 158 157
 154 152 150 147 142 134 131 134 136 139 145 146 148 150 148 147 146 143
 135 128 127 129 133 138 140 143 146 145 144 140 139 137 136 146 149 153
 157 159 158 158 158 158 158 159 160 158 157 157 157 156 157 158 158 156
 156 155 154 155 154 153 153 152 152 150 148 146 148 150 151 151 149 147
 146 145 146 145 143 140 139 140 142 143 145 145 143 141 140 142 143 143
 140 139 138 138 138 138 139 140 139 137 136 136 137 137 137 137 137 137
 138 138 137 136 135 134 134 135 135 133 131 131 131 130 129 130 130 129
 129 130 131 131 133 134 136 137 138 138 138 138 141 143 143 146 146 147
 147  29]"
"[ 29  29 184 183 182 180 177 176 181 181 181 180 179 179 179 178 177 178
 179 178 176 177 178 178 179 178 177 177 178 178 177 176 172 168 156 150
 153 155 166 167 171 174 174 173 173 171 169 171 171 171 166 161 159 158
 155 153 149 143 138 132 130 133 135 139 145 147 151 153 152 150 147 142
 140 131 129 127 132 139 147 152 151 150 145 138 135 130 129 141 154 158
 161 160 158 158 158 158 159 160 161 160 159 159 158 156 155 158 160 161
 161 159 156 156 156 154 154 154 153 152 151 150 151 152 152 151 148 147
 147 147 146 146 144 141 140 142 145 147 146 147 146 142 139 139 140 141
 139 138 138 138 138 138 139 141 141 138 136 137 138 137 137 137 138 138
 138 138 137 135 134 133 135 136 135 132 131 131 131 130 128 128 128 128
 128 129 130 131 133 135 137 138 138 139 140 140 141 143 143 145 145 146
 146  29]"
"[ 29  29 184 183 183 182 179 180 182 182 181 179 179 179 179 178 177 177
 178 178 178 178 178 177 179 177 175 175 176 177 176 174 172 169 158 151
 152 152 163 163 170 173 175 175 175 172 169 170 172 171 166 161 158 155
 152 151 146 138 133 130 131 135 138 143 146 147 151 153 152 151 146 140
 136 128 128 124 129 136 144 149 144 144 141 135 132 126 125 138 154 160
 164 161 158 159 159 157 159 160 160 160 160 161 159 157 152 155 157 158
 160 159 157 157 157 155 154 154 154 153 152 153 152 153 153 151 148 147
 147 147 146 146 145 143 143 145 147 148 147 147 147 144 140 138 139 142
 142 141 140 140 139 138 139 141 141 138 137 138 138 137 137 138 139 138
 137 136 135 134 133 133 132 132 131 130 130 132 130 128 126 126 126 126
 127 129 130 131 133 136 138 139 138 139 140 140 141 143 143 145 145 146
 146  29]"
"[ 30  28 183 182 182 183 182 184 183 183 181 179 179 179 179 178 178 178
 178 178 179 179 177 174 179 177 174 174 176 176 175 173 170 166 155 153
 160 162 171 166 170 172 173 174 175 173 170 170 166 166 162 157 155 153
 152 154 148 140 138 138 141 145 147 152 149 149 151 152 152 150 146 139
 134 129 133 130 135 136 138 136 135 138 137 132 129 121 118 130 147 156
 161 159 158 161 161 159 158 159 159 160 161 162 161 158 156 157 157 157
 159 159 158 158 159 157 155 154 152 150 150 151 149 151 152 151 148 146
 145 144 147 147 145 143 143 144 145 144 146 145 145 145 143 141 143 146
 145 144 143 142 141 139 139 140 137 136 137 138 138 136 136 138 140 138
 136 134 134 133 132 132 131 131 130 130 132 133 129 124 123 124 124 124
 125 128 130 130 132 136 140 140 139 138 138 138 141 143 143 146 146 147
 147  29]"
"[ 29  30 185 182 179 182 182 181 181 183 183 179 178 179 180 179 178 179
 180 179 179 179 177 174 175 177 178 177 176 177 176 174 175 166 150 153
 159 163 172 172 173 174 175 175 172 170 170 171 165 161 157 155 153 147
 142 140 141 140 142 146 149 149 151 152 152 150 145 145 143 140 139 136
 132 133 133 134 134 134 133 132 131 133 130 128 129 125 121 121 139 155
 160 160 162 160 162 160 162 162 161 159 160 162 162 160 160 159 159 158
 158 158 159 160 159 158 155 154 153 153 154 154 154 152 151 151 150 147
 145 145 146 147 146 144 142 142 144 147 148 146 147 146 144 143 144 143
 144 145 144 140 138 139 139 139 137 137 137 137 137 137 138 139 139 137
 135 133 133 134 133 132 130 130 130 131 131 131 130 128 125 123 122 125
 129 130 130 129 130 132 135 136 137 137 138 139 138 141 143 146 146 147
 147  29]"
"[ 29  30 186 184 181 182 181 181 181 182 183 183 182 182 181 179 179 180
 180 179 179 178 176 174 176 179 180 179 178 178 177 174 175 168 152 153
 161 165 172 172 174 175 175 174 172 171 171 171 170 167 163 158 153 149
 147 147 152 151 150 152 152 151 150 151 150 148 143 141 139 135 134 131
 132 133 135 135 136 136 135 133 130 131 129 126 125 123 121 124 137 154
 159 159 161 159 160 158 160 161 160 158 158 160 161 160 158 158 158 159
 158 158 158 159 158 156 154 154 154 154 154 154 154 152 151 150 149 147
 146 146 147 147 146 145 144 144 145 147 148 146 147 146 144 144 144 143
 145 144 141 138 137 138 139 139 136 137 138 138 137 137 136 137 136 137
 138 139 139 137 133 129 131 131 130 130 130 130 130 129 127 124 122 124
 127 129 130 130 129 130 132 133 134 136 137 138 141 143 143 145 145 146
 146  29]"
"[ 29  29 186 186 183 183 182 181 181 181 182 184 185 183 181 179 179 180
 180 179 179 179 177 176 177 179 179 178 178 179 178 176 173 168 155 154
 162 165 170 170 174 175 175 172 171 171 172 171 172 170 166 159 154 152
 154 155 159 157 155 154 152 149 147 147 144 142 137 137 136 133 133 130
 131 132 134 136 137 136 134 133 130 131 129 125 122 119 118 120 131 153
 158 159 162 160 159 158 161 161 161 159 158 159 160 160 159 159 160 160
 160 159 159 160 158 156 154 154 155 156 155 154 154 154 153 150 149 149
 149 149 149 148 147 146 146 147 147 147 147 145 146 146 144 144 144 143
 143 143 141 140 140 140 138 136 138 140 142 142 140 138 137 137 137 137
 137 138 138 137 134 130 133 132 130 129 129 129 130 130 128 124 122 123
 126 129 130 130 130 131 132 134 136 138 138 138 143 144 144 146 146 146
 147  30]"
"[ 29  29 186 188 186 185 184 184 182 179 179 182 184 182 180 179 179 180
 180 180 180 180 179 179 179 179 178 177 178 179 179 178 173 170 160 158
 166 167 171 172 174 176 175 172 170 171 172 172 170 170 166 159 155 155
 156 157 158 156 155 153 151 148 146 145 149 147 142 141 139 136 135 132
 130 131 132 135 136 136 134 133 131 131 129 126 123 119 116 115 123 149
 156 159 161 162 161 160 163 163 162 160 159 159 159 159 160 160 161 161
 160 159 160 161 159 157 155 155 156 157 156 154 154 155 154 151 150 151
 151 150 149 149 148 147 147 147 147 147 148 146 146 147 145 144 144 143
 142 142 142 143 143 141 139 137 138 140 141 141 138 136 136 136 139 137
 135 134 135 136 135 134 133 131 130 129 128 128 129 130 128 125 123 124
 127 129 130 129 128 130 132 135 137 137 136 135 140 142 143 146 147 148
 147  29]"
"[ 29  29 186 188 186 185 185 185 183 180 179 182 183 181 179 178 180 180
 181 181 180 180 180 181 180 180 179 179 179 180 179 177 171 167 160 155
 163 165 171 174 174 176 176 173 171 171 172 173 171 169 165 159 157 156
 154 152 157 156 155 154 153 151 149 148 147 145 141 141 139 136 134 131
 132 132 133 135 137 136 135 135 133 130 128 128 126 124 119 115 115 143
 152 158 160 163 163 162 162 162 162 160 159 159 159 159 160 160 160 159
 158 157 158 160 159 157 154 154 156 157 156 154 154 155 154 151 151 151
 151 150 147 147 147 147 146 146 146 146 149 146 146 147 145 143 143 143
 144 143 141 140 140 139 139 139 139 140 140 139 137 136 136 137 137 137
 136 135 136 137 136 135 133 131 130 129 128 127 127 128 128 126 126 127
 129 130 129 127 128 131 134 136 137 136 136 136 137 139 139 143 144 146
 146  29]"
"[ 29  29 186 187 185 185 184 184 183 181 181 184 185 183 180 179 181 181
 181 181 180 179 180 181 180 180 180 181 182 180 177 175 170 160 154 150
 157 160 170 173 172 174 175 174 172 170 171 171 170 167 164 161 161 159
 156 152 158 157 156 155 154 152 151 150 147 147 144 145 144 142 141 138
 135 133 134 136 138 138 137 137 136 132 129 129 127 126 122 117 115 137
 147 160 160 163 163 163 161 161 161 161 160 160 160 160 159 159 159 158
 157 156 157 159 159 156 154 154 156 157 156 155 154 154 152 152 152 153
 152 150 147 147 147 147 147 147 147 147 148 145 145 145 142 141 142 143
 143 142 142 141 140 138 138 138 141 141 140 139 137 137 138 139 137 137
 136 136 137 138 137 136 135 133 132 131 130 127 127 127 128 128 128 129
 130 130 128 126 131 133 135 137 137 137 138 139 139 139 138 140 142 145
 146  29]"
"[ 29  30 187 187 186 187 185 183 182 182 183 185 186 184 182 181 182 182
 182 181 180 179 180 183 181 180 180 181 183 181 178 176 174 158 155 152
 159 162 172 172 171 170 172 174 173 170 168 168 168 166 164 163 163 161
 158 157 158 157 156 154 152 151 149 147 148 147 143 143 142 139 138 135
 137 135 135 138 140 139 138 138 135 131 130 130 126 125 123 118 119 131
 141 162 162 162 162 163 161 161 161 162 162 161 160 160 158 159 159 159
 157 156 157 159 159 157 156 156 157 158 156 155 154 152 150 152 154 154
 152 151 149 148 147 147 148 148 147 146 145 142 143 143 140 139 141 143
 141 141 141 143 143 140 138 137 138 138 138 137 136 136 137 138 139 138
 137 135 135 137 138 138 137 134 132 132 131 129 127 128 129 130 129 128
 129 129 129 128 129 131 132 134 135 136 137 138 142 141 138 140 142 145
 147  30]"
"[ 28  30 188 187 186 188 187 184 181 182 183 184 185 185 184 183 182 182
 182 182 181 179 181 184 183 181 180 181 183 183 181 180 176 156 155 155
 162 163 171 168 171 169 170 174 175 171 167 167 170 167 165 165 163 159
 158 159 157 157 155 153 151 150 148 146 144 143 140 141 141 139 139 137
 139 137 137 140 142 140 139 139 129 128 130 130 126 124 124 121 122 126
 135 163 163 161 161 163 163 162 162 163 162 160 159 158 157 158 159 159
 158 157 158 159 161 159 158 158 159 158 156 154 154 150 148 150 154 154
 152 151 152 149 147 147 148 148 146 144 145 142 142 143 140 139 142 145
 142 139 138 140 142 141 139 139 138 138 138 138 138 138 139 139 138 139
 139 138 137 137 137 137 135 132 131 131 131 129 128 128 129 130 129 127
 127 129 131 131 129 130 132 135 137 138 138 137 142 141 139 141 143 146
 146  28]"
"[ 29  28 189 186 188 188 188 187 183 184 184 185 187 187 186 184 183 183
 182 182 182 183 186 188 182 181 181 182 184 185 182 177 168 159 153 158
 162 168 167 171 173 172 172 175 177 176 172 169 167 166 164 162 162 161
 158 156 159 158 156 154 151 149 147 145 143 140 138 138 139 139 140 140
 141 140 139 139 139 139 139 139 133 134 134 131 128 126 125 124 124 124
 135 150 162 166 163 160 162 162 162 160 159 158 157 157 154 157 159 158
 156 157 158 159 161 160 158 158 158 157 155 154 154 153 152 152 153 152
 151 150 151 149 147 147 148 148 147 145 144 143 142 142 142 142 143 145
 142 139 138 140 141 139 138 138 137 134 134 137 138 137 137 139 140 140
 139 138 137 137 136 134 135 133 131 130 130 130 129 128 130 129 128 129
 129 129 129 130 132 131 132 134 137 139 140 141 140 138 137 142 145 146
 145  29]"
"[ 29  29 189 187 187 187 187 187 185 186 186 187 187 186 185 183 182 183
 183 182 180 180 182 183 184 184 183 182 182 182 180 177 169 161 154 157
 162 169 169 171 171 171 171 172 173 172 170 168 167 166 164 162 162 162
 160 158 158 157 155 153 151 149 147 146 142 141 140 140 139 137 137 138
 140 139 138 138 138 138 138 138 136 137 135 132 129 128 126 124 124 126
 136 146 156 161 160 162 162 161 160 159 158 158 158 158 157 157 158 159
 158 157 158 159 159 159 159 158 157 155 154 154 153 153 153 153 152 152
 152 152 151 150 148 147 148 148 147 146 145 144 143 144 144 145 145 146
 145 141 139 139 139 138 138 140 136 133 132 133 134 135 136 139 137 137
 136 135 135 135 133 131 134 133 132 132 131 130 130 130 129 129 129 129
 130 130 131 131 131 131 133 136 138 139 139 139 138 139 137 139 140 143
 145  30]"
"[ 29  29 190 187 187 187 186 186 187 187 188 188 187 186 184 183 181 182
 183 183 181 181 182 183 185 186 185 182 180 180 179 179 171 164 155 156
 160 168 169 169 171 172 172 172 170 169 169 170 167 166 163 162 161 162
 161 159 158 157 155 153 151 149 148 146 144 142 141 139 138 137 137 138
 139 138 138 138 138 138 137 137 139 138 135 132 131 130 128 125 124 124
 128 137 152 161 160 162 161 160 159 158 158 158 159 159 160 157 157 158
 158 155 154 156 158 159 159 158 155 153 153 154 154 155 155 154 153 152
 153 154 150 149 148 146 146 147 147 146 145 144 143 144 145 145 144 144
 143 142 142 142 140 138 138 139 140 139 137 136 135 136 137 139 136 136
 136 135 135 134 132 130 132 132 132 133 132 130 130 130 130 130 129 128
 128 129 130 129 131 132 135 138 139 139 137 137 136 139 138 137 136 140
 144  29]"
"[ 29  29 191 188 188 187 187 187 187 187 188 188 187 186 185 185 183 184
 185 185 183 182 183 184 185 186 185 182 179 179 179 179 173 165 153 157
 161 168 170 171 171 172 173 172 170 169 170 171 167 165 162 160 160 161
 161 160 157 156 154 153 152 151 148 146 144 141 137 136 137 138 138 138
 138 138 138 138 138 138 138 137 138 136 134 132 132 133 130 127 124 122
 122 130 151 163 161 161 160 160 159 159 159 160 160 161 160 158 157 157
 157 155 154 154 158 159 159 157 155 154 155 156 157 158 157 155 154 152
 152 152 149 149 147 145 144 146 147 147 146 144 144 144 145 144 142 142
 142 143 144 144 142 139 139 139 140 140 140 139 137 136 136 137 138 138
 138 136 135 135 134 133 131 131 131 132 132 130 129 129 131 130 128 126
 127 130 131 130 131 133 135 137 136 135 135 136 136 139 138 138 137 140
 143  28]"
"[ 29  29 191 189 189 189 188 188 188 187 187 187 186 185 186 187 187 187
 188 186 184 183 183 184 186 186 185 182 180 180 179 178 170 160 148 155
 161 166 169 171 171 172 172 172 171 170 171 171 167 165 162 160 160 161
 161 160 157 156 155 155 154 152 148 146 142 140 137 136 136 137 137 138
 138 138 138 138 138 138 137 137 136 135 133 132 133 135 132 129 125 124
 122 129 149 162 160 160 160 159 159 160 161 162 162 162 158 158 158 157
 157 158 158 157 159 158 157 156 155 155 156 157 158 158 157 155 154 153
 151 149 149 149 148 145 144 146 148 148 147 146 145 146 146 144 143 142
 143 143 143 142 140 139 141 143 138 139 140 140 138 138 138 138 138 139
 139 137 135 135 136 137 132 131 131 132 132 130 128 127 129 128 127 126
 129 133 134 132 130 132 134 135 133 132 134 137 140 139 137 140 141 142
 143  27]"
"[ 29  29 191 189 189 189 189 189 189 188 187 187 186 185 186 188 188 188
 188 187 186 185 185 186 188 188 186 183 181 180 178 175 170 160 148 156
 160 162 167 169 171 171 171 172 172 171 171 170 167 165 163 161 161 162
 161 160 158 156 155 155 155 153 148 144 139 141 142 140 137 136 137 137
 138 138 137 137 137 137 136 135 135 134 133 134 135 136 134 130 126 123
 120 124 144 160 160 159 159 159 160 161 162 163 162 162 160 160 159 158
 158 159 159 157 158 156 154 154 154 154 155 155 157 157 156 154 154 153
 150 147 150 151 149 146 146 148 148 148 147 146 145 145 145 144 143 143
 143 144 144 143 142 141 141 142 139 140 140 139 138 137 137 139 138 139
 139 137 135 136 138 139 134 133 132 132 132 131 129 127 128 128 127 128
 131 133 132 130 130 132 134 134 132 132 135 138 143 139 136 140 141 142
 144  29]"
"[ 29  29 190 188 189 190 189 189 191 189 187 187 186 185 186 187 188 188
 188 187 187 187 188 188 188 188 186 184 182 181 178 176 174 168 155 162
 163 163 168 171 171 171 172 172 172 171 170 170 165 164 162 161 162 162
 161 160 158 157 155 155 155 152 147 143 139 141 142 141 139 139 138 137
 138 137 137 136 136 136 135 135 133 134 134 135 137 138 135 131 128 123
 118 119 134 154 159 158 159 160 161 162 163 163 162 162 162 160 158 158
 159 159 158 156 157 156 154 153 154 154 153 152 155 156 155 153 154 154
 152 148 149 150 149 147 147 149 150 148 147 145 144 144 144 144 144 144
 143 144 145 145 144 142 141 139 139 138 137 137 136 133 133 135 137 138
 138 137 137 137 137 137 136 134 133 132 132 131 130 129 129 129 129 129
 129 129 128 128 131 132 134 135 134 134 135 137 140 139 136 139 140 142
 144  29]"
"[ 30  28 189 187 189 189 189 189 191 189 188 188 187 185 185 187 189 188
 188 188 187 187 187 186 187 187 186 184 183 182 180 178 170 168 157 161
 161 161 168 171 171 171 172 172 171 170 169 169 164 163 162 161 162 162
 161 159 159 157 155 154 154 151 146 142 140 138 137 137 140 142 140 136
 137 137 136 136 136 136 136 135 131 133 135 136 138 138 135 132 130 126
 122 118 125 144 155 159 159 160 161 162 162 162 162 163 162 157 155 158
 161 160 159 159 158 157 156 156 156 155 154 153 155 156 155 153 153 154
 153 150 146 148 148 146 147 150 151 149 149 147 146 146 145 145 146 147
 147 147 145 143 142 142 141 140 139 137 138 140 139 136 135 137 136 137
 137 137 137 136 134 132 136 135 134 133 131 130 130 131 130 130 130 129
 128 127 128 131 130 131 133 135 135 134 133 132 135 138 138 138 138 142
 144  28]"
"[ 29  31 185 189 190 188 192 187 189 189 188 188 188 188 188 188 190 190
 189 188 188 188 187 185 182 182 183 183 182 181 180 179 175 164 159 159
 159 165 170 168 169 168 167 169 170 170 169 169 163 163 162 161 162 162
 162 161 162 159 154 153 153 152 148 143 144 139 136 137 141 141 139 137
 136 132 131 135 138 136 134 134 132 133 135 138 138 136 134 134 130 128
 122 124 120 126 150 154 160 159 160 163 165 161 158 160 162 161 161 160
 160 159 158 159 158 156 155 155 154 154 153 152 153 154 155 154 154 153
 152 151 148 147 147 148 149 150 149 148 149 147 147 146 144 145 146 146
 146 143 142 141 140 141 142 140 139 137 136 138 139 137 135 134 133 135
 136 136 136 137 135 133 133 134 133 132 130 130 129 129 129 128 127 126
 124 123 125 128 130 131 132 132 131 131 131 132 130 136 135 139 141 138
 141  29]"
"[ 31  25 190 188 189 193 189 188 190 190 189 189 190 190 192 193 190 190
 191 190 189 188 188 187 184 184 185 185 185 184 182 181 181 165 156 158
 161 167 172 170 168 168 169 170 170 168 167 166 164 164 162 161 161 161
 161 161 159 155 152 151 151 150 148 145 145 141 138 139 141 141 138 137
 132 130 131 135 137 137 136 135 134 137 141 145 145 141 136 132 132 129
 122 121 117 125 147 155 165 163 160 161 162 161 160 162 161 160 160 160
 160 159 159 159 158 156 155 156 156 155 153 152 152 153 154 154 154 153
 152 151 148 148 148 148 149 149 148 147 148 147 148 147 145 145 145 144
 142 143 144 143 140 141 143 143 138 137 138 138 138 135 133 131 132 134
 135 135 137 137 135 132 132 133 132 130 129 129 130 130 131 129 127 125
 122 122 125 128 130 131 132 132 131 131 132 133 137 139 135 134 136 139
 136  29]"
"[ 29  34 187 190 191 193 187 193 188 188 188 188 187 187 188 189 186 187
 189 188 187 186 186 186 184 184 184 185 185 184 182 180 178 161 153 158
 163 166 169 169 167 168 168 168 167 166 165 165 167 165 163 161 161 161
 160 159 159 155 152 152 152 148 146 145 142 139 137 137 138 137 136 134
 131 131 132 134 136 137 138 138 139 138 138 139 140 138 134 132 131 129
 125 121 118 125 139 151 161 162 160 160 162 162 161 161 160 159 159 160
 160 159 159 159 158 155 153 154 155 155 153 152 154 154 154 154 155 155
 154 152 152 152 152 152 152 152 151 150 149 147 148 148 146 146 146 144
 143 143 145 144 141 140 141 139 133 135 138 138 137 135 133 131 134 134
 134 134 136 138 135 132 131 132 132 131 131 131 131 131 131 130 128 126
 124 123 126 130 129 130 131 131 130 130 131 132 130 135 135 143 139 138
 142  29]"
"[ 31  26 192 192 194 192 189 183 188 189 190 190 189 187 186 186 186 187
 188 189 189 188 188 188 188 187 187 187 187 186 184 182 185 166 154 157
 160 162 166 170 170 170 168 167 166 167 168 169 165 164 163 162 162 162
 160 159 154 151 151 152 150 144 140 140 139 138 137 138 138 138 137 136
 133 134 133 131 131 134 137 137 138 137 138 138 138 135 132 131 131 130
 129 123 123 126 130 141 154 158 161 162 163 163 161 161 160 160 160 160
 160 159 158 158 159 156 154 154 154 154 154 154 154 153 152 152 153 153
 152 151 150 150 151 150 149 150 150 150 148 146 146 147 145 146 146 144
 146 144 144 144 143 142 140 136 135 138 141 140 138 138 137 136 137 135
 133 132 134 134 133 130 128 130 131 131 130 130 129 128 126 127 127 127
 125 124 125 128 128 129 129 129 129 129 130 130 131 138 138 137 135 139
 141  25]"
"[ 27  30 193 196 191 189 192 191 189 190 191 191 190 189 188 188 187 186
 186 188 188 188 188 188 188 187 187 187 186 185 183 181 184 165 153 155
 160 161 164 169 170 169 167 165 165 166 167 166 160 161 160 160 160 160
 158 155 154 151 150 149 145 137 133 132 137 137 138 138 138 138 138 137
 135 136 134 131 130 132 135 135 138 138 138 138 136 134 133 134 133 132
 130 124 124 126 124 132 150 157 161 161 162 162 162 162 160 160 160 160
 160 158 157 156 160 159 158 157 155 154 155 155 154 153 152 151 152 153
 153 152 151 151 151 149 148 149 150 150 148 147 148 148 147 147 147 144
 143 142 142 142 141 142 141 138 139 142 142 140 137 136 136 135 136 135
 134 132 132 131 130 128 129 130 131 130 130 130 129 129 125 126 127 128
 127 125 126 129 127 128 128 129 129 129 130 130 130 132 140 137 141 139
 134  34]"
"[ 32  30 191 190 188 191 190 193 193 193 193 192 191 190 190 191 189 188
 187 189 189 189 188 188 186 186 186 185 185 184 182 181 182 165 151 152
 159 162 165 168 169 169 168 166 166 166 165 162 161 161 161 160 158 157
 154 152 147 146 146 147 146 144 143 145 137 138 138 137 136 136 137 137
 138 139 139 137 136 136 137 137 139 139 138 137 135 135 136 138 136 133
 129 123 124 125 124 130 146 154 160 162 163 162 162 163 162 162 161 161
 161 159 158 158 158 159 160 159 157 154 153 154 154 153 152 151 152 154
 155 154 152 152 151 149 147 147 148 148 146 146 149 150 149 147 145 142
 144 145 147 145 142 142 143 143 142 142 142 139 137 136 136 137 134 135
 136 136 135 132 130 129 131 131 129 128 127 128 129 130 127 126 127 127
 126 125 127 129 126 127 128 129 129 130 130 131 134 134 134 138 137 137
 141  28]"
"[ 29  27 186 186 189 191 191 193 192 191 190 189 188 188 189 189 189 188
 187 189 189 187 186 187 186 186 186 186 185 185 184 184 183 170 156 152
 155 159 163 167 166 167 167 166 166 166 164 162 162 162 161 159 157 155
 154 153 146 146 144 143 141 139 138 139 136 138 138 136 135 135 136 136
 137 137 138 138 137 137 137 136 134 136 138 140 139 136 135 134 135 132
 130 126 126 127 127 131 147 154 159 161 162 161 160 161 161 161 161 161
 160 159 158 159 157 158 159 159 157 155 154 154 153 153 152 152 152 154
 154 154 150 150 149 148 147 146 146 146 147 148 150 151 150 148 147 145
 144 145 146 145 140 140 142 142 139 139 139 138 138 137 137 138 133 134
 135 136 135 133 132 131 129 128 127 125 125 126 127 128 127 126 125 125
 125 124 126 128 128 128 129 129 130 130 130 130 130 137 134 140 136 141
 137  29]"
"[30 30 30 26 30 28 26 30 28 29 29 29 29 29 29 28 28 28 29 31 30 28 27 29
 29 29 29 29 29 29 29 29 29 29 29 29 31 29 28 30 28 29 30 28 28 30 30 29
 29 29 29 28 27 28 29 29 29 29 30 30 29 29 29 29 28 29 30 28 27 28 29 29
 30 29 29 29 29 29 29 29 30 29 28 28 28 28 29 30 29 29 29 30 29 28 29 30
 28 30 30 29 29 28 28 31 29 29 29 29 29 29 28 29 29 29 29 29 29 29 29 30
 28 29 29 29 29 29 30 29 28 29 29 29 29 29 29 28 29 28 29 30 28 28 29 28
 30 29 30 30 28 29 30 29 30 29 29 30 30 28 28 29 30 29 29 29 29 29 28 28
 29 30 30 29 28 29 29 29 30 29 28 29 29 28 29 30 29 29 29 29 29 29 29 29
 32 26 28 32 28 27 31 27]"
