"[31 30 32 28 32 30 28 31 29 28 28 30 30 28 28 29 31 29 28 29 30 29 29 30
 30 29 29 29 29 29 29 29 30 29 29 29 30 29 29 30 30 29 29 29 30 30 29 28
 29 30 30 29 29 29 30 29 29 29 29 28 28 28 29 30 30 28 28 29 30 29 28 29
 29 29 30 30 29 29 29 29 29 29 29 29 29 29 29 29 29 29 29 29 29 29 28 28
 29 29 29 29 30 30 29 28 29 30 30 29 29 29 29 29 29 29 29 29 29 29 29 29
 28 28 28 29 29 29 29 29 28 29 29 29 29 30 30 30 29 28 28 29 29 29 29 30
 29 28 28 29 29 29 29 29 29 28 29 29 29 28 28 29 30 29 28 28 30 30 30 30
 29 29 29 29 29 29 29 30 30 28 28 29 30 29 29 31 29 29 29 29 29 30 29 28
 30 28 31 32 29 32 29 30]"
"[32 29 26 32 26 29 32 28 30 28 28 29 30 30 30 31 26 27 29 30 29 29 28 28
 27 28 29 30 30 30 29 29 28 29 29 29 28 28 28 28 28 29 29 28 27 27 29 30
 27 28 28 28 28 29 29 29 28 29 30 31 31 30 28 27 29 28 29 30 30 29 29 30
 29 29 28 28 29 29 29 29 29 29 29 29 29 29 28 28 30 30 29 28 28 29 29 29
 29 29 29 29 29 30 30 29 28 29 29 29 29 30 30 30 30 30 29 28 28 29 29 30
 30 30 30 30 30 29 29 29 29 30 30 29 28 29 29 29 29 29 29 30 29 28 28 28
 29 29 29 29 29 29 30 30 29 29 29 29 28 28 29 31 27 28 29 30 30 29 28 28
 29 29 30 31 31 29 28 27 29 30 30 30 29 29 29 28 27 28 29 29 28 28 29 30
 31 29 28 29 30 28 32 28]"
"[ 28  30 128 124 132 129 127 131 129 128 126 126 125 123 121 121 123 129
 135 138 144 152 159 162 168 169 170 170 169 168 168 168 166 167 166 164
 162 161 162 163 164 164 164 165 166 166 165 164 165 165 164 163 163 163
 162 162 161 160 160 160 160 160 160 160 159 159 159 160 160 159 159 159
 159 158 157 157 157 158 158 158 155 154 153 152 151 149 146 145 140 140
 138 135 134 134 133 130 131 131 131 131 131 131 132 133 131 131 130 128
 126 125 124 124 123 123 122 122 122 122 122 123 118 118 117 116 115 114
 112 111 102 103 103 102 101 101 102 102 102 102 103 103 103 102 100 100
  99  98  98  97  97  98  99  99 103 108 114 116 112 104  97  94  93  90
  84  78  75  75  79  82  73  73  73  72  70  68  68  68  66  68  66  60
  56  54  52  49  51  54  58  62  68  76  87  94  95  96  99  95  98 100
  93  30]"
"[ 31  26 133 129 136 135 133 131 129 130 131 132 132 131 130 129 128 129
 129 126 124 126 128 130 130 132 135 139 144 150 154 157 167 165 164 163
 162 161 163 165 168 167 164 164 165 166 167 167 166 165 164 163 163 163
 163 162 162 162 163 163 163 162 161 160 160 161 162 163 162 162 162 162
 162 161 161 160 160 160 160 159 161 160 160 161 161 159 157 155 154 156
 154 151 149 148 145 140 137 137 137 137 136 136 137 138 135 136 135 134
 133 132 132 132 129 129 129 129 127 124 122 121 122 122 123 123 123 122
 122 121 117 117 117 114 112 110 110 109 107 106 106 107 106 104 102 101
  99  99  97  96  95  95  95  96  97  98  99 100 101 102 104 106 104 105
 106 105 103 100  97  95  85  85  85  83  80  77  77  78  73  74  73  69
  68  68  67  64  65  62  58  52  48  48  51  54  56  58  68  75  81  88
  90  29]"
"[ 29  32 134 136 129 126 130 129 128 130 131 132 131 131 131 131 131 130
 130 131 130 129 129 130 128 127 126 127 129 131 132 132 130 128 130 135
 139 140 143 146 149 157 167 172 172 170 170 171 168 168 167 166 166 166
 165 164 167 167 166 165 163 161 161 162 161 162 163 163 163 163 164 164
 164 164 164 164 163 162 162 162 161 161 161 162 163 162 160 158 160 162
 162 159 158 158 156 152 155 155 153 149 146 142 140 140 139 139 139 138
 137 137 137 136 134 134 135 135 134 132 130 129 126 126 125 124 124 123
 122 122 123 124 124 123 121 120 119 119 116 115 114 114 113 111 108 107
 107 106 104 102  99  97  97  98  96  97  99 101 102 101  99  99 103 101
 100  99  99 100 101 101 101 104 105 103  96  89  86  86  79  79  79  79
  79  79  77  75  74  72  70  69  67  64  62  61  60  58  53  52  54  54
  57  30]"
"[ 28  26 167 159 166 160 156 156 145 144 142 138 134 132 130 128 128 125
 125 128 130 131 131 133 133 131 130 129 130 130 128 127 128 126 126 129
 129 126 124 123 128 131 136 138 140 143 149 154 161 161 162 163 165 167
 169 169 167 168 168 167 166 165 164 165 167 168 168 166 166 165 165 164
 166 167 168 167 166 165 165 165 166 165 165 165 165 165 163 162 163 165
 164 162 161 162 162 161 159 160 160 160 159 159 159 159 151 150 148 145
 143 141 139 138 135 135 135 136 136 136 136 136 137 135 134 133 132 131
 129 128 125 125 126 126 126 126 126 125 122 121 121 122 122 120 118 117
 119 119 117 114 111 108 107 107 103 102 102 102 103 104 104 104 103 102
 100 100 100 101 100 100  95  98 102 103 101  99 100 102  97  97  97  98
  97  95  92  89  86  83  82  82  81  77  72  69  71  70  64  61  59  64
  59  29]"
"[ 29  32 192 192 191 184 180 176 176 174 170 166 164 162 157 153 153 149
 144 140 138 137 135 134 134 133 132 132 132 133 132 131 130 131 132 131
 131 131 129 126 126 126 125 125 125 126 127 128 132 133 136 138 142 146
 149 151 152 155 160 165 169 169 168 166 167 168 167 166 166 166 166 165
 167 167 167 167 166 166 165 165 165 165 165 166 167 168 168 168 166 166
 166 165 163 164 164 165 166 165 164 163 162 161 161 160 162 161 158 156
 155 154 153 151 149 149 147 146 144 143 141 141 138 137 137 137 138 138
 137 136 135 135 134 133 132 131 129 127 124 123 124 126 126 125 122 121
 123 124 124 122 120 119 118 118 118 116 114 113 112 111 110 110 107 106
 106 105 105 105 105 105 103 103 102 100  98  96  97  99  97  99 101 101
 102 104 105 103 100  98  96  96  93  87  83  82  81  76  77  79  68  69
  66  28]"
"[ 30  26 197 195 194 194 197 195 196 194 192 191 192 192 186 180 177 176
 172 167 164 162 158 154 151 148 145 141 139 137 136 136 138 142 141 136
 135 138 138 134 135 136 135 134 132 131 133 135 130 131 131 129 128 129
 129 130 129 127 127 131 140 149 157 161 163 164 165 165 168 171 172 172
 171 170 169 168 168 168 167 167 168 168 167 167 167 168 169 169 166 167
 168 168 167 166 167 168 167 166 165 164 165 166 166 166 166 165 163 162
 162 162 161 159 160 160 160 159 158 156 155 153 147 146 145 144 144 142
 140 138 138 137 137 136 137 138 137 135 133 133 133 134 133 130 127 124
 122 124 125 126 125 125 125 125 127 126 123 121 118 116 115 116 114 114
 114 113 111 110 109 110 108 107 106 105 103 100  98  98  97 101 100  95
  94  98 101 100  98  99 103 106 105 100  97  98  97  96  89  86  83  82
  76  30]"
"[ 29  28 201 201 201 199 198 198 199 199 198 197 196 195 194 193 193 195
 196 195 192 189 187 186 179 179 177 174 173 171 168 165 161 157 154 153
 151 148 147 147 152 150 148 149 151 151 149 146 143 142 140 138 136 135
 134 133 133 130 130 130 128 128 128 127 129 128 131 134 136 137 141 146
 152 155 162 165 170 170 172 172 171 172 171 170 170 171 171 169 168 170
 169 167 169 170 169 167 169 168 168 169 168 169 170 168 168 167 166 166
 167 166 166 165 163 162 162 164 163 161 160 161 160 160 159 158 158 158
 156 155 153 153 150 147 145 141 139 140 140 138 137 137 137 136 137 138
 135 135 134 133 131 129 129 129 130 130 128 125 125 127 125 122 123 123
 122 119 116 116 117 117 116 115 111 109 111 109 105 106 106 106 104 102
  99  97  97  98  97  95  94  95  97  97  97  97  97  97  95 102 105 105
 103  29]"
"[ 29  29 202 203 203 202 201 202 202 202 202 201 201 200 200 199 200 200
 200 198 196 195 195 195 196 195 194 193 192 190 188 185 181 181 179 178
 175 173 169 166 163 160 155 152 152 152 151 149 152 152 150 148 148 147
 147 146 145 142 141 140 137 136 136 134 134 132 131 130 131 131 130 129
 127 126 129 129 134 136 142 144 144 148 154 162 167 170 170 171 171 173
 173 170 171 171 170 170 168 168 168 168 168 170 172 171 169 168 167 168
 169 169 168 167 169 167 166 167 167 166 165 165 166 165 164 163 163 164
 163 162 162 163 161 158 157 155 153 153 151 149 147 144 142 140 138 137
 133 134 136 137 138 138 138 137 136 136 134 132 131 132 130 128 127 129
 131 129 127 125 124 123 122 122 120 119 121 118 114 115 112 112 111 110
 108 107 107 107 104 102 100 100 101 100  99  98  97  98  95  97  96  95
  97  29]"
"[ 30  29 202 203 204 204 203 204 203 204 204 204 204 204 204 204 205 204
 203 202 201 201 202 202 202 202 201 201 200 199 198 196 198 198 195 191
 190 192 192 190 186 184 182 179 177 174 172 170 169 165 159 153 150 150
 151 151 148 145 144 145 146 146 147 145 145 143 140 137 135 135 134 131
 133 131 132 129 131 130 131 131 124 122 123 126 129 130 133 137 147 155
 162 167 171 173 174 174 172 172 173 173 170 169 169 168 170 169 168 169
 171 172 172 171 170 169 168 167 168 170 170 168 170 169 168 168 169 169
 168 167 164 168 167 163 163 164 162 160 161 161 159 156 154 154 152 150
 147 145 142 139 137 137 138 138 139 139 138 137 137 138 136 134 135 136
 135 132 129 129 130 132 132 131 128 127 127 126 125 126 125 124 122 120
 118 115 114 113 113 111 108 108 107 105 104 103 100 100  97  94  92  91
  92  27]"
"[ 30  29 201 202 203 203 203 204 203 204 204 204 204 204 204 203 204 204
 204 204 204 204 204 203 203 203 202 202 201 201 200 199 199 200 200 199
 199 199 198 197 195 196 198 198 196 193 190 189 187 187 187 186 184 181
 177 174 170 165 162 161 159 156 153 149 151 151 150 146 144 145 146 148
 143 141 143 140 140 135 132 128 128 128 129 131 131 129 128 129 127 131
 133 133 136 138 141 144 159 161 164 166 167 170 175 176 173 173 172 172
 172 172 172 171 170 171 171 169 170 171 171 169 170 169 169 170 171 171
 172 172 170 173 172 170 171 172 171 170 164 165 164 162 163 165 164 161
 161 160 160 158 156 153 150 148 144 144 144 143 143 142 140 137 139 140
 141 140 139 139 139 138 138 137 134 133 132 130 130 131 131 130 129 128
 126 125 124 123 121 119 117 116 115 113 112 111 111 108 107 102 103 103
 100  29]"
"[ 30  30 202 203 203 203 203 203 203 203 203 203 203 203 203 203 204 204
 204 204 205 205 204 203 204 204 204 203 203 204 203 202 203 202 202 203
 203 201 200 201 199 199 200 199 198 198 200 201 201 200 198 196 195 196
 197 197 195 191 188 187 184 181 177 172 170 168 165 162 158 154 153 155
 152 150 150 147 149 146 146 144 137 139 140 139 138 136 133 130 135 135
 131 128 129 129 129 131 129 129 130 130 131 137 144 147 156 157 160 163
 166 169 172 174 169 172 174 173 173 173 173 173 174 173 172 172 171 170
 171 172 171 172 171 170 171 170 169 170 169 170 169 167 167 169 168 165
 164 164 165 165 165 164 161 160 157 157 156 154 152 150 146 144 142 141
 141 140 141 142 142 141 142 142 142 142 140 138 138 137 136 136 135 134
 133 132 132 131 130 128 127 126 125 123 122 122 120 117 117 113 115 114
 110  30]"
"[ 30  29 203 203 203 203 203 203 202 202 203 203 203 203 203 203 204 204
 203 203 204 204 204 204 202 203 203 203 203 204 204 203 206 203 201 202
 202 202 203 206 204 204 203 202 202 203 204 206 200 201 201 201 201 200
 198 196 198 196 197 200 200 201 200 198 200 196 193 192 190 184 180 179
 171 168 166 161 162 159 160 158 152 152 149 145 144 146 147 146 143 142
 140 138 138 136 132 130 135 134 134 130 126 126 128 128 128 129 130 130
 130 130 131 133 146 152 159 164 167 172 176 178 176 177 180 180 177 171
 167 167 169 169 168 170 172 172 171 174 171 171 170 169 170 171 171 169
 173 171 169 167 167 168 169 170 168 167 167 166 164 161 158 156 154 151
 147 144 143 145 146 146 148 145 144 144 142 142 144 144 142 142 141 140
 138 137 137 137 137 136 136 135 133 131 131 131 127 126 126 122 122 120
 120  29]"
"[ 30  29 202 203 203 203 202 203 202 202 202 203 203 203 203 203 204 203
 203 203 203 203 204 204 203 203 203 203 203 203 204 203 200 200 202 204
 205 204 203 202 202 203 203 203 203 202 202 202 204 203 201 200 201 202
 204 204 202 200 200 201 201 201 201 199 201 199 199 201 202 201 200 200
 202 200 199 194 194 189 187 184 179 176 172 167 163 160 156 153 149 147
 144 143 147 147 146 146 142 143 143 142 138 137 137 136 131 131 130 129
 129 129 129 129 123 125 127 128 128 127 127 129 142 146 155 163 167 168
 170 174 178 178 176 174 174 172 169 169 170 169 169 169 169 170 170 171
 169 170 171 172 172 172 171 170 171 170 171 172 172 170 168 167 167 167
 166 164 162 161 159 157 156 152 150 148 145 146 148 148 146 146 145 144
 143 143 144 145 143 143 142 141 140 138 138 138 138 137 136 133 132 130
 132  30]"
"[ 30  30 203 204 204 203 202 202 202 202 203 203 203 203 203 203 203 203
 203 204 204 204 204 203 203 203 203 202 202 202 202 201 204 204 203 201
 201 204 204 202 204 203 203 203 203 203 203 203 203 203 204 204 204 204
 203 201 204 202 203 203 202 202 203 203 202 203 204 202 201 202 203 204
 203 202 203 201 203 199 198 196 199 195 193 192 191 186 182 181 182 180
 175 172 170 164 157 154 149 147 146 143 140 140 143 143 140 139 137 136
 137 136 135 134 132 132 132 132 131 129 129 130 129 128 128 128 127 128
 134 140 144 149 153 156 164 171 173 173 176 174 173 172 171 169 169 170
 171 171 172 172 172 172 172 172 171 171 172 174 174 173 172 171 171 171
 171 168 167 167 169 170 169 166 167 167 162 159 157 153 153 153 151 149
 146 145 145 146 147 147 147 146 144 143 143 143 144 141 138 138 138 137
 139  27]"
"[ 30  29 202 204 203 203 203 203 203 203 203 203 203 203 203 203 203 202
 202 203 203 204 205 206 204 203 203 202 202 202 202 202 202 203 203 203
 202 202 203 204 202 203 203 203 204 204 204 204 203 203 204 203 203 203
 203 203 204 204 203 204 205 205 205 204 202 203 204 204 204 204 203 203
 204 204 203 203 202 202 202 202 201 201 201 201 200 200 199 198 197 196
 196 196 195 191 188 186 182 177 172 170 169 166 161 157 153 150 144 144
 144 143 144 141 139 140 140 139 138 137 136 135 134 132 133 132 127 125
 128 130 128 125 126 128 129 131 137 140 144 148 154 162 168 173 175 177
 174 175 174 172 172 174 173 170 173 173 172 173 175 173 172 174 173 173
 172 171 171 172 172 171 170 172 172 172 170 167 166 165 162 162 162 160
 159 159 157 155 151 151 149 147 146 147 146 144 145 146 144 146 145 143
 141  30]"
"[ 28  29 204 208 207 205 204 202 203 203 203 203 203 203 203 203 203 203
 203 203 203 204 204 204 203 203 203 203 203 203 202 202 203 203 203 203
 202 202 202 202 202 202 202 202 203 203 203 203 203 203 203 203 203 203
 203 202 203 202 202 202 203 203 203 203 203 203 204 204 204 204 204 204
 203 203 203 203 203 203 203 203 202 203 203 202 202 201 201 201 201 201
 201 202 203 202 200 199 198 196 194 194 194 193 190 188 189 186 179 174
 169 164 162 159 158 154 149 144 142 144 145 145 145 140 139 140 139 139
 138 137 140 137 135 132 129 130 132 131 129 130 130 129 128 131 137 143
 150 153 159 167 170 169 174 180 175 175 175 177 178 176 173 173 175 175
 176 176 174 170 171 175 175 174 173 171 171 171 171 172 168 170 171 170
 169 168 165 162 163 161 158 156 155 154 153 152 153 152 149 149 148 148
 145  28]"
"[ 30  29 204 207 207 206 206 204 204 204 204 204 204 204 204 204 204 204
 204 204 204 204 204 204 203 203 203 204 203 203 203 203 204 203 203 203
 202 202 202 202 203 203 203 203 203 203 203 202 203 203 203 202 202 202
 202 202 203 202 202 202 202 203 203 203 203 203 203 203 203 204 204 204
 203 203 204 204 204 204 203 203 203 203 204 204 203 203 203 202 202 201
 202 203 203 203 203 203 200 200 199 200 200 199 198 197 199 200 197 196
 195 193 194 193 189 187 183 178 174 169 163 158 154 150 149 151 152 152
 151 148 143 143 144 143 142 143 140 135 130 131 132 132 131 131 130 130
 132 128 128 132 133 132 137 145 152 152 154 158 164 169 173 175 173 175
 176 176 179 181 177 171 173 173 174 174 174 174 173 172 173 172 171 169
 169 171 172 173 168 166 165 167 167 164 162 162 163 160 157 157 156 157
 154  28]"
"[ 30  29 203 207 207 207 208 207 206 206 206 206 206 206 206 205 206 206
 206 206 206 206 206 206 204 204 205 204 204 203 203 203 205 204 203 203
 203 203 203 203 204 204 204 204 203 203 203 203 203 203 203 202 201 202
 202 202 203 203 203 203 203 203 204 204 202 203 203 203 203 203 203 203
 205 205 204 204 204 203 203 202 203 203 203 203 203 203 203 203 204 203
 203 203 203 202 202 202 204 204 204 204 204 203 202 202 201 202 200 200
 199 197 200 199 199 198 198 197 198 197 194 191 186 183 180 177 172 167
 164 161 160 155 149 145 144 146 147 144 148 146 144 142 142 142 141 139
 135 134 132 129 128 128 128 127 130 129 129 128 129 132 136 137 148 157
 164 165 169 176 180 178 178 179 180 180 179 177 174 173 170 171 172 173
 173 172 172 171 172 171 171 173 173 172 170 170 172 170 169 167 165 167
 164  29]"
"[ 29  29 205 210 209 209 208 207 207 207 207 207 207 207 207 207 207 207
 207 207 207 207 208 208 206 206 206 205 204 203 204 204 206 204 203 202
 203 203 203 204 204 204 204 203 203 203 203 203 203 203 203 202 201 202
 202 202 202 202 202 202 202 203 204 204 202 202 203 203 203 203 203 203
 206 205 204 203 203 202 202 202 202 202 203 203 203 203 203 203 203 203
 203 204 204 204 203 204 203 202 202 203 204 203 202 202 200 201 199 200
 201 201 203 202 205 204 202 200 200 200 201 201 202 201 202 201 198 197
 198 197 193 187 183 182 179 175 171 167 158 159 159 156 150 144 140 137
 144 146 145 139 136 138 139 137 139 139 139 136 132 132 133 131 130 128
 129 131 129 127 130 136 139 142 146 152 159 168 175 180 180 179 176 173
 172 171 172 173 172 172 171 169 170 171 172 171 170 171 173 171 171 173
 171  31]"
"[ 29  29 205 208 206 206 208 208 209 209 209 209 209 209 208 208 208 208
 207 207 208 208 208 209 208 208 208 206 205 204 205 205 206 205 204 203
 203 203 203 203 205 204 204 204 204 203 203 203 204 204 203 202 202 203
 203 203 202 202 202 202 202 203 204 204 203 203 203 204 204 204 203 203
 205 205 204 203 202 202 203 203 203 203 203 203 203 203 203 203 201 201
 201 203 203 202 202 202 203 202 201 202 203 203 202 202 203 204 201 201
 202 201 203 201 201 203 203 203 202 203 203 204 202 200 199 199 199 200
 200 199 204 198 194 194 192 191 193 193 193 191 186 179 174 172 169 167
 160 156 151 146 143 143 143 142 144 144 145 143 139 141 143 139 139 135
 134 135 135 132 130 131 130 129 128 127 128 130 133 136 146 150 156 164
 170 172 172 171 173 176 176 175 174 175 174 172 172 174 175 172 172 172
 169  26]"
"[ 29  30 204 205 201 202 206 209 209 209 210 210 210 210 209 209 208 208
 208 208 208 208 208 208 209 209 209 207 206 205 206 206 207 206 206 205
 205 204 204 204 206 206 205 205 205 205 205 205 205 205 204 203 203 204
 205 205 204 203 202 202 203 204 204 203 203 203 204 204 203 203 203 203
 204 204 203 203 203 203 203 203 203 203 203 203 203 203 203 203 203 202
 202 203 204 203 202 202 203 202 201 201 201 201 200 201 198 199 198 200
 201 201 203 202 203 203 202 201 200 202 203 204 205 202 202 201 201 202
 202 200 201 200 202 203 202 202 201 200 200 199 198 196 197 196 191 185
 187 183 179 178 178 174 169 164 163 159 157 151 145 145 144 136 142 147
 149 145 142 142 141 138 139 138 136 134 132 130 129 127 124 124 125 129
 134 136 138 140 147 152 158 164 168 172 175 176 175 178 177 174 177 176
 174  30]"
"[ 29  30 206 206 202 201 204 207 208 209 209 209 209 209 209 209 208 208
 209 209 209 208 208 207 208 209 209 208 207 206 206 207 206 207 208 208
 207 206 206 206 206 206 206 206 206 206 206 206 206 206 205 204 204 205
 206 206 205 204 203 202 203 203 203 202 204 203 203 203 202 203 203 203
 204 204 204 203 203 203 203 203 203 203 203 203 203 203 203 203 203 202
 201 203 204 204 203 203 201 201 201 201 200 200 201 202 205 206 205 206
 206 204 205 203 200 201 201 201 202 203 203 203 203 203 204 203 201 202
 203 201 202 203 203 201 199 201 203 202 201 202 200 198 199 201 203 203
 203 203 201 197 195 194 193 191 188 185 185 183 179 180 177 166 160 156
 152 150 152 152 149 146 146 144 142 142 143 143 141 139 137 133 130 130
 131 130 130 130 130 130 130 130 129 128 130 134 137 143 145 147 160 165
 169  28]"
"[ 29  30 205 208 206 205 206 206 208 207 207 207 207 207 208 208 208 209
 209 208 209 209 209 208 208 208 207 206 206 207 208 208 208 209 209 209
 208 208 208 208 206 207 207 206 206 207 207 207 207 206 206 207 206 206
 207 209 208 207 207 205 203 202 203 203 202 203 205 204 203 202 202 203
 202 203 203 203 203 203 203 203 203 203 203 204 203 203 203 204 204 203
 204 204 203 203 203 201 201 201 202 202 200 200 202 202 189 176 168 173
 178 181 188 197 201 202 205 203 203 199 204 201 200 201 203 202 203 200
 205 202 203 203 203 203 202 202 202 202 202 201 200 200 199 200 201 201
 201 200 200 199 200 201 202 203 200 198 197 196 196 194 191 189 191 189
 186 181 179 176 171 166 165 161 156 152 151 151 151 150 151 147 144 144
 145 145 145 144 142 141 139 134 130 128 129 130 129 129 129 126 130 134
 131  29]"
"[ 29  29 204 207 206 205 206 206 206 205 205 206 206 206 207 207 208 208
 208 208 208 209 209 208 207 207 206 206 206 206 207 207 208 209 209 209
 208 207 207 206 206 207 207 207 207 208 208 207 206 206 206 207 207 207
 208 209 207 208 207 206 205 204 205 205 204 204 205 205 205 204 204 204
 205 205 204 204 205 204 204 203 204 204 204 204 204 203 203 203 204 202
 203 204 204 204 204 202 202 204 202 198 204 207 185 154 110  89  74  79
  87  92 104 118 133 157 184 192 207 207 200 205 202 202 204 202 205 199
 201 202 203 203 203 203 202 202 202 202 202 201 201 201 200 201 201 201
 201 201 200 200 200 201 202 202 201 200 199 199 200 199 197 196 198 198
 197 195 193 192 190 188 187 184 181 177 175 172 169 167 160 159 158 155
 151 146 143 143 147 148 149 150 149 147 145 143 143 144 143 138 134 133
 131  28]"
"[ 29  29 203 207 206 206 206 206 205 204 204 205 206 206 206 206 207 207
 207 207 207 208 208 208 207 207 207 207 207 207 207 207 208 209 209 209
 208 207 206 205 205 206 207 208 208 208 208 207 206 205 206 207 207 208
 208 208 208 208 208 208 207 206 206 206 205 205 205 205 206 206 206 206
 207 206 205 205 206 206 205 204 204 204 203 204 204 203 203 203 204 202
 202 204 204 204 203 201 200 201 206 209 197 163 113  72  58  51  47  48
  48  46  45  47  55  58  76 106 159 200 209 201 201 199 200 199 203 202
 201 203 203 203 202 202 202 202 202 202 201 201 201 200 200 200 200 201
 201 201 201 201 201 201 201 201 201 201 201 201 202 202 201 201 199 200
 200 199 198 198 197 197 196 195 195 195 195 193 191 189 188 184 181 183
 186 185 179 173 166 163 158 154 152 151 150 150 154 147 142 145 152 154
 149  30]"
"[ 29  29 202 206 205 206 206 205 204 204 204 205 206 206 206 206 207 207
 206 206 206 208 208 207 208 208 208 208 208 208 208 208 207 208 208 208
 207 206 206 205 204 205 207 208 208 208 207 206 205 204 205 206 207 208
 208 208 208 208 208 207 207 206 206 205 206 206 206 206 206 206 206 207
 207 207 206 206 207 207 206 206 204 204 203 204 204 204 204 205 204 202
 204 205 204 203 203 202 204 203 202 186 144  96  67  58  56  55  53  50
  49  50  52  53  48  47  49  58  80 140 202 206 203 200 204 202 202 203
 203 203 203 202 202 202 202 202 202 202 201 200 200 200 200 200 200 201
 201 201 201 201 201 201 201 201 201 201 201 201 201 201 202 202 199 200
 201 200 199 198 198 199 199 199 199 199 198 198 197 197 196 194 194 195
 196 195 194 193 191 189 186 184 182 180 178 176 170 169 166 159 151 149
 152  27]"
"[ 29  28 202 205 205 205 205 205 204 204 204 205 206 206 206 206 208 207
 207 206 206 207 207 207 208 208 208 208 208 207 207 207 207 207 207 207
 206 205 205 205 203 204 206 206 207 207 206 205 204 203 204 205 207 207
 207 207 208 208 207 207 206 206 206 206 206 206 207 206 206 206 206 207
 207 207 207 206 206 206 206 206 205 204 204 205 205 205 205 206 206 204
 203 202 199 200 202 202 205 204 184 138  87  59  54  56  62  57  53  53
  52  49  47  48  53  52  53  55  47  74 150 206 206 201 203 205 200 201
 203 202 203 202 202 202 202 203 202 202 202 201 201 200 200 201 201 202
 201 201 201 202 202 202 202 202 202 202 201 201 201 201 201 202 201 201
 201 202 202 202 202 202 201 201 200 200 199 199 199 199 201 200 200 199
 198 197 197 198 198 200 201 203 202 200 198 196 192 191 187 186 184 185
 181  31]"
"[ 29  28 201 204 204 204 205 204 204 204 204 205 205 205 205 206 207 207
 207 206 206 207 207 207 208 208 208 208 208 207 207 207 208 208 207 207
 205 204 204 204 203 204 205 205 205 205 204 203 204 203 203 205 206 206
 206 207 207 207 207 206 206 206 206 206 205 206 207 207 206 205 206 208
 206 206 206 205 205 204 204 205 204 204 204 204 204 203 204 205 204 203
 203 202 203 206 206 202 189 161 118  77  56  56  60  60  58  57  54  50
  48  48  49  50  46  47  51  55  51  42  78 168 210 206 199 201 201 202
 203 202 202 202 201 201 202 202 202 202 202 201 201 200 200 201 202 202
 201 201 201 201 201 201 201 201 201 201 201 201 201 201 201 201 201 200
 200 201 202 201 201 201 200 200 201 201 201 202 202 203 202 200 199 201
 203 203 202 201 202 202 202 201 200 200 201 201 198 201 200 203 203 203
 195  29]"
"[ 29  28 201 204 203 203 204 203 204 204 204 204 204 203 204 206 206 206
 206 206 207 208 207 207 209 209 208 208 207 207 207 207 207 208 208 207
 205 204 203 203 204 204 204 203 203 204 204 203 204 203 203 204 205 205
 205 207 206 206 207 206 205 205 205 205 204 205 206 206 206 206 206 207
 205 205 204 204 204 203 203 203 203 203 204 204 202 202 203 204 201 202
 204 206 206 202 187 169 140 103  68  56  57  58  57  56  53  59  60  53
  47  48  48  46  48  53  50  45  54  52  49  95 184 211 205 202 204 205
 203 201 201 201 201 201 201 202 202 203 201 201 201 201 201 201 202 202
 202 201 201 201 201 201 201 201 201 201 201 201 201 201 201 201 202 202
 202 202 202 201 200 201 202 202 202 202 202 201 201 201 199 202 204 204
 201 199 200 203 201 201 202 203 203 202 202 202 204 204 200 201 199 201
 199  30]"
"[ 29  28 201 204 202 202 203 203 205 205 205 204 203 203 204 206 205 206
 206 206 207 208 208 207 208 208 207 206 206 206 206 206 206 207 208 207
 206 205 204 203 204 204 204 203 202 203 203 203 204 203 204 204 204 204
 205 207 205 206 207 206 205 203 203 203 202 203 203 205 206 206 206 206
 204 203 202 202 203 204 203 202 203 203 204 204 203 202 204 206 207 208
 207 203 193 172 135 100  82  71  62  59  56  55  56  57  59  57  54  51
  48  47  48  50  50  50  52  52  50  51  43  52 127 197 211 203 203 202
 201 202 200 201 201 201 201 201 202 203 202 202 202 202 202 202 202 202
 204 204 203 202 202 202 202 202 202 202 202 202 203 203 202 202 202 202
 202 203 202 201 201 203 203 202 201 201 202 202 202 203 203 202 201 202
 203 203 202 202 203 203 202 202 203 203 203 203 201 203 203 207 203 201
 200  28]"
"[ 28  28 201 203 204 204 203 204 203 203 204 204 204 204 204 204 204 204
 205 206 207 208 208 209 207 207 207 206 205 205 205 206 205 206 207 207
 207 206 204 204 203 203 203 203 203 203 203 203 203 203 203 203 204 204
 204 204 202 203 204 204 203 202 202 202 206 203 202 203 206 205 201 202
 204 206 205 204 207 209 206 204 207 207 207 206 204 203 196 187 184 173
 156 134 106  84  72  67  64  58  54  55  56  55  55  57  55  54  52  51
  49  49  49  50  50  50  50  49  48  47  46  46  58 131 204 209 208 205
 202 200 202 202 201 200 202 203 203 202 205 197 199 201 199 200 200 202
 202 202 202 202 203 202 201 203 202 202 203 202 202 203 203 202 203 203
 203 202 202 202 202 202 202 202 202 202 203 203 203 203 202 202 202 202
 202 202 202 202 202 202 202 204 204 203 203 203 204 203 202 203 203 201
 198  29]"
"[ 29  29 201 204 204 203 203 203 203 203 203 203 204 204 204 204 204 204
 205 205 206 207 208 208 207 206 206 205 204 204 204 205 204 205 206 207
 207 206 205 204 203 203 203 203 203 203 203 203 203 203 203 203 203 203
 203 202 202 203 203 203 202 202 202 202 201 206 203 202 203 201 204 207
 210 208 198 182 167 160 159 159 158 159 160 157 149 140 126 113  95  83
  71  63  58  57  58  58  60  56  54  54  55  54  55  56  54  53  52  51
  50  49  49  49  50  50  49  49  48  47  46  45  40  57 132 191 202 208
 213 206 206 207 206 205 205 207 207 206 206 209 206 203 204 203 203 203
 204 205 208 205 200 203 205 201 202 202 203 203 203 203 203 202 203 203
 203 203 203 203 203 202 203 202 202 202 202 203 202 202 203 202 202 202
 202 202 201 201 201 200 201 203 203 202 202 203 204 203 203 203 203 202
 198  29]"
"[ 29  29 201 203 203 203 202 202 203 203 203 203 203 204 205 205 204 204
 204 204 205 206 206 207 207 207 205 204 204 204 204 204 203 204 205 206
 206 206 206 205 203 203 203 203 203 203 203 203 204 203 203 203 204 203
 203 202 202 202 202 202 201 201 202 202 201 204 199 202 201 202 211 204
 195 166 130 101  80  72  70  69  65  65  65  64  63  63  60  54  49  46
  46  47  49  52  55  54  55  54  54  53  54  54  54  54  54  53  53  52
  51  49  49  50  51  51  50  49  48  46  45  45  43  37  54 100 146 183
 191 198 194 192 186 179 171 165 160 158 168 182 188 197 205 208 208 200
 204 202 201 204 206 205 203 203 202 203 204 204 204 204 204 203 203 203
 203 204 205 204 203 202 203 203 202 202 203 203 203 203 203 203 203 202
 202 202 202 202 200 200 200 202 202 202 202 203 203 203 203 203 202 201
 198  29]"
"[ 29  29 201 203 203 202 202 202 202 202 203 203 203 204 205 205 204 204
 204 204 204 205 205 205 206 205 204 204 204 204 204 204 203 203 204 205
 205 205 205 205 203 203 203 203 203 203 203 203 204 203 203 203 203 203
 203 202 201 201 201 201 201 201 202 202 204 202 202 204 200 205 198 163
 123  89  63  56  54  53  52  49  51  49  49  49  48  49  49  45  44  46
  49  49  47  48  51  52  51  53  54  53  53  54  54  54  54  54  53  53
  51  50  51  52  52  52  51  49  47  46  44  44  41  40  36  42  50  68
  77  96  96  89  79  70  64  64  66  67  69  73  87 114 147 179 204 214
 203 205 207 205 203 204 205 202 203 204 205 205 206 206 206 205 204 204
 205 205 206 206 204 203 203 203 203 203 204 205 205 206 203 204 204 203
 203 203 203 203 201 201 202 202 202 202 202 203 202 203 203 203 202 202
 198  29]"
"[ 28  28 201 203 203 203 202 203 202 203 203 204 204 204 204 204 203 203
 204 204 204 204 204 204 203 203 203 203 204 204 203 203 203 203 204 204
 204 204 204 204 203 203 203 203 203 203 203 203 203 202 201 201 201 202
 202 201 201 201 201 200 200 200 201 201 200 197 200 201 203 194 149  93
  69  57  56  61  60  57  56  53  53  53  54  55  53  53  52  48  47  46
  46  47  47  50  52  51  49  53  55  54  53  54  54  54  54  53  52  51
  51  50  51  52  52  51  50  48  46  44  42  41  41  37  40  44  39  40
  40  40  43  42  43  45  48  49  48  47  47  48  50  47  65 103 150 199
 211 205 203 204 201 203 205 203 204 205 205 205 206 206 206 206 205 205
 206 206 207 206 205 204 205 204 204 205 206 207 207 207 206 206 206 205
 204 203 203 204 203 204 204 203 203 203 202 201 203 204 204 203 203 203
 199  29]"
"[ 29  29 201 203 203 203 203 204 203 203 203 204 204 204 204 204 203 203
 204 204 204 204 203 203 202 203 203 203 204 204 203 203 203 203 203 203
 203 203 203 203 202 202 202 203 203 203 203 203 202 202 201 201 201 201
 201 200 201 201 200 199 199 198 198 197 196 200 205 202 186 141  84  56
  59  61  63  60  54  54  56  54  56  54  54  52  49  49  50  48  46  45
  47  50  51  52  50  47  50  52  54  53  52  53  54  53  52  51  50  49
  49  49  50  51  51  50  49  48  46  43  41  40  38  40  43  41  45  46
  48  47  48  45  44  46  49  52  54  54  56  51  52  50  50  46  73 146
 195 210 207 200 206 205 199 206 203 204 204 204 205 206 206 206 206 206
 206 206 206 206 206 206 207 206 206 206 206 207 207 207 208 208 208 206
 205 204 204 204 205 205 206 205 204 204 203 201 202 203 203 203 203 203
 199  28]"
"[ 29  29 201 203 203 203 203 204 203 203 204 203 203 203 203 203 203 203
 204 204 204 204 203 203 203 204 204 204 204 204 204 204 203 203 203 203
 203 203 203 203 201 202 202 202 203 203 203 203 202 202 201 201 201 200
 199 198 199 198 198 197 197 196 195 194 195 199 193 171 126  72  50  59
  58  59  57  54  52  53  53  50  52  52  53  53  51  49  49  47  47  46
  48  50  49  49  51  52  51  52  52  52  51  52  52  53  50  49  47  48
  48  48  49  49  49  49  49  48  46  44  41  40  42  37  41  46  45  41
  44  43  45  44  44  48  52  54  54  54  52  55  56  50  53  48  40  56
 124 185 214 204 203 203 200 204 203 203 203 203 204 205 206 206 206 206
 206 205 205 205 206 206 207 206 206 206 206 207 207 207 208 208 208 207
 205 204 204 205 205 207 207 207 206 206 205 203 203 204 204 203 204 205
 200  28]"
"[ 29  29 201 202 203 202 202 203 204 204 203 203 203 203 203 203 203 203
 203 203 203 203 203 203 203 204 204 204 203 203 203 204 203 203 203 203
 203 203 203 203 201 201 202 202 202 203 203 203 201 201 201 201 201 199
 197 196 196 196 196 196 196 195 194 193 189 172 139 104  64  46  57  57
  58  56  54  54  53  51  50  53  53  53  53  52  49  48  48  48  47  45
  48  51  50  48  49  50  52  51  51  50  50  50  51  52  49  48  46  47
  48  48  48  48  47  48  48  48  46  44  41  39  38  44  41  40  46  45
  44  46  45  43  44  46  49  51  53  55  56  50  52  52  50  53  51  43
  55 111 180 210 203 200 204 201 203 203 203 203 203 205 206 206 206 206
 206 205 203 203 205 207 206 205 205 205 206 207 207 207 206 207 208 207
 206 205 205 206 205 207 209 208 208 208 207 205 205 206 206 205 207 207
 202  30]"
"[ 29  29 200 202 201 200 203 204 203 203 203 203 203 203 203 203 203 203
 203 203 203 203 203 203 203 204 204 204 204 204 204 203 203 202 202 202
 203 203 203 203 203 200 202 202 201 203 203 201 201 200 199 198 196 195
 196 195 192 195 196 195 193 190 176 159 132 101  71  55  48  50  57  58
  55  55  54  53  52  52  51  50  51  53  55  54  52  50  48  47  46  47
  48  48  47  48  49  50  52  50  50  51  52  51  50  50  50  49  47  46
  46  47  49  50  51  50  48  46  44  43  41  40  39  40  43  44  45  45
  45  46  45  44  44  47  49  50  52  54  53  52  51  51  51  52  52  51
  43  48 111 186 208 201 200 203 203 203 204 203 203 204 205 205 205 206
 206 204 203 204 204 204 203 204 203 203 203 204 205 206 206 207 207 207
 206 206 206 206 206 207 209 209 209 209 209 208 208 207 207 207 207 208
 203  30]"
"[ 29  29 199 201 202 201 203 203 203 203 203 203 203 203 203 203 203 203
 203 203 203 203 203 203 203 203 204 204 204 204 203 203 203 202 201 201
 202 203 203 202 202 200 202 201 201 203 203 202 200 199 199 198 196 197
 196 192 190 186 179 167 150 128 100  78  60  48  45  50  52  53  53  49
  53  53  52  51  51  51  50  50  51  53  55  54  52  50  48  47  47  47
  48  48  48  48  50  51  51  49  48  50  51  50  49  48  48  47  46  45
  46  46  48  48  50  48  46  44  42  41  40  39  40  41  43  45  45  45
  45  45  45  45  45  48  50  51  53  54  53  53  52  51  51  51  51  51
  51  44  56 123 201 207 202 200 202 203 203 203 203 204 204 204 204 206
 206 204 203 203 203 202 203 203 203 203 203 203 204 205 205 205 206 206
 206 205 204 203 204 205 207 207 208 208 208 207 207 207 207 207 207 208
 203  29]"
"[ 30  29 198 200 202 201 202 201 203 203 203 203 203 203 203 203 203 203
 203 203 203 203 203 203 203 203 203 203 203 203 203 203 203 202 201 201
 202 202 202 201 202 202 200 200 200 201 201 200 201 198 199 201 199 191
 182 176 152 133 110  90  73  61  51  44  51  46  48  52  52  54  55  53
  52  53  52  51  51  51  51  50  50  52  54  53  51  49  48  48  48  48
  48  48  48  49  50  51  50  48  48  49  50  49  48  47  47  46  46  45
  45  46  47  47  49  48  46  44  42  40  40  40  41  42  44  44  44  44
  45  46  46  46  47  48  50  52  54  53  54  54  54  52  51  51  50  50
  51  49  43  72 172 210 200 202 202 202 202 202 203 204 205 204 205 206
 206 206 205 204 203 202 202 203 203 203 203 203 203 204 203 204 205 205
 205 203 202 200 202 203 204 205 206 206 206 205 205 205 206 207 207 208
 203  29]"
"[ 30  28 197 200 202 201 202 201 201 202 202 202 202 202 202 202 203 203
 203 203 203 203 203 203 203 203 203 203 203 203 203 203 203 202 202 201
 202 202 201 201 201 201 199 201 203 201 201 200 198 199 201 197 179 149
 113  87  70  58  48  44  43  46  49  51  51  49  50  49  48  50  54  54
  54  54  53  52  51  51  51  51  50  51  52  51  49  48  48  48  48  48
  48  48  48  49  50  50  49  48  48  49  49  49  48  48  47  47  46  45
  45  46  47  48  50  49  48  45  43  41  41  41  41  42  43  43  43  44
  45  46  46  47  47  47  49  53  54  54  56  56  55  53  51  50  50  49
  49  50  50  54 135 211 205 204 203 203 203 203 204 206 206 205 205 206
 207 207 207 206 205 203 203 203 203 203 203 203 203 203 203 203 203 204
 204 203 201 200 202 202 202 202 203 205 205 205 204 204 204 205 205 206
 201  28]"
"[ 29  28 198 200 201 200 201 201 201 202 203 203 203 202 202 202 203 203
 203 203 203 203 203 203 203 203 203 203 203 203 203 203 204 203 202 202
 202 202 202 201 200 201 199 201 199 196 199 199 202 196 173 131  88  62
  52  46  47  47  49  51  51  50  48  45  45  47  49  49  49  52  54  54
  53  53  52  51  50  51  51  51  50  51  50  48  46  47  48  49  48  48
  48  48  48  48  49  49  49  50  50  49  48  48  48  48  48  47  46  45
  45  46  47  48  49  49  48  45  43  41  40  40  41  41  41  41  41  42
  45  47  46  46  46  46  48  52  54  54  55  56  55  54  52  51  50  49
  49  52  48  51 100 197 208 202 203 203 203 204 205 206 206 205 204 204
 206 207 207 206 204 204 204 203 203 203 203 203 203 203 203 203 203 203
 204 204 203 202 203 203 201 201 202 204 205 205 204 203 203 203 203 205
 200  28]"
"[ 29  28 198 200 200 199 201 201 200 202 203 203 203 202 202 203 202 202
 203 203 203 203 203 203 203 203 203 203 203 203 203 203 204 203 202 202
 203 203 202 201 201 202 198 198 196 199 205 198 185 147 101  69  54  50
  52  53  50  49  49  47  45  46  48  47  49  49  48  46  46  49  50  50
  51  51  50  49  49  50  51  51  51  50  48  46  45  46  47  48  47  48
  48  47  47  48  48  49  50  51  51  49  47  47  47  48  48  47  45  44
  44  45  46  47  48  47  46  45  43  41  40  39  40  40  40  39  40  41
  44  47  45  46  45  46  48  51  53  53  53  54  54  53  52  51  50  49
  49  52  53  49  75 187 206 202 202 203 203 203 204 205 205 204 203 203
 204 205 206 205 204 203 204 203 203 203 203 203 203 203 203 203 203 203
 204 204 205 205 204 203 202 201 201 203 205 205 204 204 203 203 203 205
 200  29]"
"[ 29  28 198 200 200 199 201 200 200 201 202 202 202 202 202 203 202 202
 203 203 203 203 203 203 203 203 203 203 203 203 203 203 203 203 202 202
 203 203 202 201 200 200 196 198 199 203 194 162 112  81  55  54  58  57
  54  54  52  52  53  52  49  49  50  49  48  49  48  48  51  52  52  51
  51  51  50  49  49  50  50  50  50  49  48  47  47  47  47  46  47  47
  47  46  46  47  49  50  51  51  50  48  48  48  49  48  48  47  45  44
  43  44  45  46  46  46  44  43  42  41  40  40  40  40  40  39  39  41
  44  46  46  45  45  46  48  49  50  51  51  52  52  51  51  50  49  48
  49  46  53  46  63 176 208 203 202 203 203 203 203 203 204 203 204 203
 203 204 205 203 203 203 203 203 203 203 204 204 204 203 203 203 203 203
 204 204 205 206 204 204 203 202 202 204 205 206 206 205 204 204 204 206
 201  29]"
"[ 30  28 197 199 201 200 200 200 200 201 201 201 200 201 202 204 202 203
 203 203 203 203 203 203 203 203 203 203 203 203 203 203 203 202 202 202
 203 203 202 201 200 200 196 198 198 191 153  89  61  57  57  60  59  57
  55  52  51  50  51  51  50  49  51  51  52  52  50  49  52  52  50  50
  50  50  49  48  48  48  49  49  50  49  48  48  48  48  46  44  46  46
  46  45  45  47  50  52  52  51  49  48  49  51  51  50  48  47  46  45
  44  44  45  45  45  44  42  41  41  41  40  40  40  40  40  40  40  41
  43  45  46  44  45  47  49  48  48  49  50  51  50  50  49  49  47  45
  48  45  49  51  52 141 206 203 202 203 203 203 203 203 203 203 204 202
 202 203 203 202 202 202 202 202 203 204 204 204 204 203 203 203 204 204
 204 204 205 206 203 203 203 203 203 204 205 206 207 206 206 206 205 207
 202  30]"
"[ 28  30 197 200 199 200 200 201 200 200 201 202 202 202 202 203 204 203
 203 202 202 203 203 204 203 203 203 203 204 204 203 203 204 202 202 202
 202 203 203 200 199 196 198 202 196 152  89  60  57  58  59  58  56  55
  53  53  50  51  52  52  52  51  51  51  51  51  51  51  51  52  52  53
  51  49  48  48  49  48  48  47  48  48  49  48  46  45  46  45  45  46
  46  46  46  47  49  51  51  50  49  49  50  50  50  50  48  47  46  45
  45  44  44  44  45  45  44  41  40  40  41  42  40  39  41  44  45  44
  42  43  45  46  47  48  48  49  48  48  48  48  49  49  48  46  46  46
  46  48  46  46  51 124 201 206 202 203 204 203 203 202 202 202 203 203
 202 202 202 203 202 202 203 203 203 203 203 204 204 204 204 204 204 204
 205 205 206 207 206 205 204 203 203 204 205 206 207 206 206 206 206 207
 201  29]"
"[ 29  29 196 199 198 199 199 201 200 201 201 202 202 202 202 202 203 202
 202 202 202 202 203 204 203 203 202 202 202 203 202 202 203 201 201 202
 202 202 202 199 194 196 202 204 168 105  59  54  60  59  58  56  55  53
  52  51  51  52  52  52  53  53  53  53  52  51  51  51  51  52  53  54
  54  52  50  50  49  48  47  46  46  46  48  48  46  46  46  45  45  46
  47  46  46  48  50  51  50  50  50  51  51  52  51  50  48  47  45  45
  45  44  44  44  44  44  44  42  41  41  41  41  40  40  40  42  44  44
  43  44  45  46  46  46  47  48  48  48  47  47  48  48  48  46  46  46
  46  47  47  49  47  98 192 206 201 202 203 203 203 203 203 203 203 203
 202 202 202 203 202 202 203 203 202 202 203 203 204 204 204 204 203 203
 203 204 204 205 206 206 205 204 204 205 206 207 206 206 206 207 206 207
 201  30]"
"[ 29  29 195 197 197 198 198 199 200 201 202 202 202 201 201 201 202 202
 202 202 202 202 203 203 204 203 203 203 202 202 202 203 204 200 200 201
 201 201 199 197 198 197 194 175 108  61  61  68  63  60  57  55  54  53
  51  50  51  51  51  51  52  53  54  54  53  52  51  51  51  53  54  55
  55  53  51  50  49  47  45  45  44  44  47  48  47  46  45  43  43  45
  46  45  45  49  51  51  50  50  50  52  52  52  51  49  48  46  45  45
  45  44  44  45  44  44  44  42  42  41  41  39  40  40  40  41  42  44
  45  45  47  46  45  45  45  46  48  48  47  46  46  47  47  46  46  46
  45  44  46  51  48  72 178 208 202 202 203 203 203 203 203 204 202 202
 202 202 202 202 202 202 202 202 202 202 203 203 204 204 205 204 203 203
 203 204 205 206 206 205 205 204 204 205 206 206 205 205 206 206 206 206
 201  30]"
"[ 29  29 195 197 197 197 197 198 200 200 201 202 202 202 202 202 202 202
 202 202 202 202 203 203 204 204 204 204 203 202 202 203 204 201 200 201
 200 199 197 195 193 195 173 134  71  54  68  60  62  59  56  54  54  53
  52  51  50  50  50  51  52  53  53  53  53  53  52  52  52  53  54  55
  52  51  50  50  49  47  45  44  44  44  47  48  46  45  43  40  40  43
  44  44  46  50  53  52  50  50  50  51  51  51  50  48  48  46  45  45
  45  45  44  44  44  44  44  44  43  43  41  39  39  41  41  40  41  45
  46  46  47  46  45  45  45  46  47  48  47  45  45  46  47  46  45  45
  45  43  43  51  52  58 155 206 204 203 203 203 203 203 202 202 202 202
 202 202 202 203 202 202 203 203 203 203 203 204 204 204 204 204 203 203
 204 205 206 206 204 204 204 204 204 205 205 205 204 205 206 206 205 206
 201  29]"
"[ 29  29 195 197 197 197 196 197 199 200 201 202 202 202 202 202 201 201
 201 201 202 202 203 203 203 204 204 204 203 202 202 202 204 201 201 201
 199 197 197 196 195 181 124  77  55  58  65  59  60  59  57  56  54  54
  54  54  52  52  52  53  54  54  54  54  54  54  53  53  53  53  53  53
  50  50  49  50  50  48  45  44  45  44  46  47  46  45  43  40  40  43
  44  44  47  51  53  53  51  50  49  50  50  50  49  48  47  46  45  46
  45  44  43  43  44  45  45  45  45  44  42  40  39  41  41  40  41  44
  46  46  47  46  45  46  46  47  47  48  47  45  45  45  46  46  45  44
  45  45  43  47  52  53 128 203 205 204 203 203 203 202 202 202 202 202
 202 202 203 203 202 202 202 202 203 203 203 204 204 204 203 203 203 204
 204 204 205 205 203 203 204 205 205 204 204 204 204 204 205 206 205 205
 200  29]"
"[ 30  29 195 197 197 197 196 196 197 198 200 201 201 202 202 202 200 200
 200 200 201 202 203 203 203 203 204 204 203 203 202 202 201 201 201 201
 199 198 198 195 187 137  78  54  59  62  60  59  58  58  58  56  54  53
  53  54  53  53  53  54  55  55  55  55  54  54  54  54  53  53  52  52
  49  49  48  49  49  46  44  42  44  43  44  46  46  46  45  42  41  42
  43  44  46  49  50  51  51  50  49  49  50  50  50  49  47  46  45  45
  44  43  42  41  42  43  43  43  43  42  41  40  39  40  41  41  41  44
  45  46  47  45  45  47  48  47  47  47  47  45  45  45  46  45  44  44
  44  47  45  47  51  54 107 200 206 204 202 203 204 203 202 202 202 202
 202 203 203 203 203 202 202 202 202 202 203 203 203 203 203 204 204 204
 204 204 204 203 202 203 204 205 205 205 204 203 204 204 205 206 205 206
 202  29]"
"[ 29  29 194 196 196 197 195 196 196 197 199 200 200 200 201 201 200 200
 200 201 201 202 202 203 203 203 203 203 203 203 202 202 199 200 201 200
 199 200 198 193 165  91  59  56  59  57  58  58  57  57  57  56  54  52
  52  52  53  54  54  54  55  55  56  56  54  54  54  54  54  53  52  52
  50  48  48  48  47  45  43  41  44  42  42  43  43  44  44  42  41  40
  41  43  45  46  47  49  50  49  49  50  51  51  50  49  48  46  44  43
  42  41  40  40  40  41  41  40  40  40  40  40  40  40  40  40  41  42
  44  46  46  45  45  47  48  47  46  47  46  45  45  45  46  46  45  45
  45  47  48  50  52  54  92 189 206 203 201 203 204 203 203 203 203 203
 203 203 204 204 203 202 202 202 202 203 203 203 203 203 204 204 204 204
 204 204 204 203 202 203 204 204 204 204 204 204 204 204 205 206 206 206
 202  29]"
"[ 29  29 194 195 195 196 195 196 195 196 198 199 199 199 199 199 202 202
 202 202 202 202 202 202 202 202 201 201 202 202 201 201 199 200 200 199
 200 202 198 190 129  65  57  58  60  56  56  58  56  56  56  54  53  52
  51  51  54  54  55  55  55  55  57  58  53  54  54  54  54  53  53  52
  51  49  48  48  47  45  43  42  44  41  40  41  40  42  42  39  41  39
  40  44  45  45  46  49  48  48  49  50  51  51  50  48  48  46  43  42
  40  39  39  40  40  40  41  40  39  40  40  40  41  39  39  40  40  41
  43  46  46  44  44  47  48  47  46  46  46  45  45  45  46  46  46  46
  47  46  48  52  52  51  80 171 207 203 201 203 204 203 203 203 203 203
 203 203 204 204 203 202 203 203 203 203 203 203 203 203 204 204 203 203
 203 203 204 204 202 203 203 203 203 204 204 204 204 204 205 206 206 207
 202  29]"
"[ 29  29 192 195 195 195 195 195 195 196 196 197 197 198 199 200 200 201
 202 201 200 200 201 202 203 203 202 202 201 201 200 199 199 199 200 201
 199 203 200 152  78  54  57  58  52  56  55  56  54  54  54  53  51  49
  49  50  53  54  55  56  57  57  56  55  54  54  52  51  52  54  53  51
  51  50  49  47  45  45  45  45  43  41  40  40  41  40  40  39  40  40
  40  39  42  44  43  46  46  48  50  50  50  50  49  48  46  47  46  43
  41  41  39  38  41  41  41  40  40  39  40  40  40  40  39  38  39  42
  44  45  45  45  44  44  46  47  47  45  43  44  45  46  46  46  45  46
  47  45  47  48  51  59  68 169 210 203 202 203 203 204 203 204 204 203
 203 203 203 204 203 203 203 203 203 203 203 203 203 203 204 203 203 203
 203 203 203 204 203 203 203 203 203 203 203 203 204 203 204 206 206 207
 202  29]"
"[ 29  29 193 194 194 194 195 194 195 195 195 196 197 198 199 200 200 200
 201 201 200 200 201 201 203 202 201 201 200 200 200 199 198 200 200 199
 202 204 188 110  63  54  57  57  54  54  52  55  53  53  53  53  51  50
  50  51  53  53  53  54  55  56  56  56  53  53  52  51  52  53  52  50
  49  49  48  47  46  45  45  45  43  41  40  40  40  41  40  40  40  39
  40  39  41  42  41  44  47  48  50  51  51  50  48  46  46  46  45  42
  41  40  39  39  40  41  41  41  41  41  41  41  39  38  38  37  38  40
  42  43  45  45  45  46  47  48  48  47  48  48  47  47  46  46  46  47
  47  47  48  48  50  55  64 164 209 202 202 203 203 204 202 203 203 203
 203 203 203 203 203 203 203 203 203 203 203 203 203 203 203 203 203 203
 203 203 203 203 203 203 203 203 203 203 203 203 203 203 204 205 206 206
 202  29]"
"[ 29  29 192 194 194 194 195 194 195 195 195 195 196 197 199 199 199 199
 200 200 200 199 199 199 202 201 200 199 199 200 199 199 200 199 200 198
 201 203 163  79  52  57  56  54  56  53  50  53  51  52  53  52  50  49
  50  51  52  52  52  52  53  54  55  54  53  53  53  52  52  53  52  50
  47  47  47  47  45  44  44  44  42  41  40  39  40  40  40  40  40  39
  40  39  40  40  38  41  45  47  49  50  51  50  48  46  47  46  45  43
  41  40  40  40  40  40  41  41  41  41  41  40  37  37  36  36  38  39
  40  40  44  46  47  47  48  49  48  47  48  48  48  47  46  46  46  46
  47  48  49  49  50  52  61 160 209 202 202 203 204 204 202 203 203 203
 202 203 203 203 203 203 203 203 203 203 203 203 203 203 203 203 203 203
 203 203 203 203 203 203 203 203 203 203 203 203 203 203 203 204 205 206
 202  29]"
"[ 29  29 192 194 194 194 194 194 195 195 195 195 195 196 198 199 198 198
 199 199 199 199 198 197 199 199 198 199 199 200 200 199 201 198 200 197
 200 198 127  63  55  61  54  52  56  52  51  51  51  52  52  52  50  48
  49  50  51  51  52  52  52  52  51  50  51  51  51  51  51  51  51  51
  48  48  47  46  45  43  41  41  41  41  40  40  40  40  40  39  39  39
  40  38  38  37  35  38  43  45  48  50  50  49  48  47  48  46  45  44
  42  40  39  41  40  40  40  41  41  41  40  39  37  36  34  35  37  38
  39  40  44  46  47  47  47  47  46  46  45  46  47  48  48  47  46  46
  48  48  49  48  51  52  61 159 209 202 202 203 204 204 203 204 203 203
 203 203 203 204 203 203 203 203 203 203 203 203 203 203 203 203 203 203
 203 203 203 203 203 203 203 203 203 203 203 203 203 203 203 204 204 205
 201  30]"
"[ 29  29 192 194 194 194 194 194 196 195 195 195 195 196 197 197 199 199
 199 199 200 199 197 196 197 197 197 199 200 200 200 200 199 199 200 198
 203 174  92  49  60  60  53  53  53  50  52  49  51  52  52  51  49  48
  48  50  50  50  50  50  50  50  49  48  48  47  47  47  48  49  50  50
  49  49  48  47  45  43  41  40  42  42  42  41  41  40  39  38  38  38
  39  37  36  34  32  36  44  47  49  50  49  48  48  48  48  45  44  44
  42  40  39  39  40  40  41  41  42  41  40  39  38  36  34  34  36  38
  39  41  44  45  46  46  45  45  45  44  44  46  47  49  49  49  48  48
  49  48  48  47  52  53  65 161 209 202 202 202 203 204 203 204 203 203
 204 204 204 204 204 204 203 203 203 203 203 203 203 203 203 203 203 203
 203 203 203 203 202 202 203 203 203 203 203 203 203 203 203 204 204 205
 201  30]"
"[ 29  29 192 194 194 194 194 194 196 196 195 195 195 195 196 196 199 199
 199 200 200 199 198 197 195 196 197 199 200 201 200 200 199 199 200 204
 196 127  69  55  59  58  54  55  52  49  53  51  51  51  51  51  50  49
  50  51  51  50  49  47  47  48  49  48  47  45  45  46  48  49  50  51
  50  49  48  47  45  44  43  42  43  44  44  42  41  40  39  38  38  38
  39  37  35  32  31  36  48  50  51  51  49  48  48  48  48  46  44  44
  43  41  40  39  40  40  41  42  42  42  41  41  38  35  32  33  34  36
  39  42  43  45  46  46  45  46  45  45  46  46  47  48  48  48  49  50
  50  49  48  46  53  53  69 166 208 201 201 201 202 203 202 203 203 203
 204 204 204 204 204 204 203 203 203 203 203 203 203 203 203 203 203 203
 203 203 203 203 202 203 203 203 203 203 203 203 203 203 203 204 203 205
 200  30]"
"[ 30  29 192 194 193 194 194 194 195 195 195 195 195 195 196 196 198 198
 198 199 199 199 198 197 196 196 197 199 200 201 201 200 201 197 200 204
 161  85  58  65  58  58  55  54  53  52  53  53  52  52  51  52  52  51
  51  52  51  51  49  47  47  48  48  48  46  44  44  46  48  49  50  51
  49  48  46  45  45  44  44  44  44  44  43  40  39  39  39  37  37  37
  39  37  34  31  30  36  49  50  50  50  49  49  48  47  48  46  44  43
  43  44  43  41  40  40  41  41  41  41  41  41  36  33  31  31  32  34
  38  41  42  44  45  46  47  47  46  46  46  46  47  48  48  48  48  49
  49  49  48  46  53  53  72 170 208 201 200 201 202 203 202 203 203 203
 204 204 204 203 203 203 203 203 203 203 203 203 203 203 203 203 203 203
 203 203 203 203 203 203 203 203 203 203 203 203 203 203 204 204 203 204
 200  29]"
"[ 29  29 192 193 193 193 194 194 194 194 194 195 195 196 196 196 196 196
 197 198 198 198 198 198 197 197 198 199 200 201 201 200 199 197 201 196
 123  71  54  60  58  59  53  49  53  55  52  53  54  53  52  52  53  52
  53  53  51  51  50  49  48  48  47  46  43  42  41  44  47  47  48  48
  48  47  45  44  44  44  44  44  43  44  42  38  37  38  38  37  35  35
  37  35  32  29  28  35  47  48  48  49  50  50  49  47  47  46  43  41
  43  45  44  41  40  40  41  41  40  39  39  40  35  32  29  30  31  32
  36  40  41  43  45  47  47  47  46  45  45  46  48  49  49  49  48  47
  47  49  49  46  53  52  74 173 208 201 201 202 203 204 202 203 202 203
 204 204 203 203 203 203 203 203 203 203 203 203 203 203 203 203 203 203
 203 203 203 203 203 203 203 203 203 203 203 203 203 203 204 204 203 204
 200  29]"
"[ 29  30 192 193 193 193 192 193 194 194 194 195 195 195 195 195 195 195
 196 196 196 197 199 199 196 198 199 199 199 199 199 199 200 194 203 190
 102  65  60  61  57  58  57  55  55  55  54  53  55  53  50  49  51  52
  52  54  52  53  53  50  49  49  48  46  43  41  38  40  47  49  48  48
  47  44  44  44  43  41  41  42  44  44  42  40  39  38  38  37  35  34
  35  33  31  25  25  35  45  48  49  48  50  51  49  48  49  46  44  44
  43  43  43  43  41  40  40  40  41  41  40  39  35  31  28  28  30  33
  36  38  40  42  45  48  48  47  46  47  44  46  47  49  50  49  49  48
  48  48  48  46  53  59  80 180 207 203 201 202 204 203 203 204 202 203
 203 204 204 203 203 202 203 203 203 203 203 203 203 203 203 203 203 203
 203 203 203 203 203 203 203 203 203 203 203 203 203 203 203 203 203 203
 199  29]"
"[ 28  29 192 193 194 193 193 193 193 194 194 194 195 195 195 195 195 195
 196 196 196 197 198 199 197 198 199 199 198 198 198 198 197 198 201 169
  85  66  63  62  59  58  56  54  54  55  55  54  55  53  51  51  53  53
  52  54  53  54  53  51  50  50  48  45  41  38  35  36  42  47  48  47
  47  45  44  45  44  41  40  41  43  43  42  41  40  39  39  38  36  35
  34  32  30  25  24  33  44  47  48  48  50  51  49  48  48  46  45  43
  42  41  41  42  44  43  42  41  41  40  39  38  34  29  25  26  30  34
  37  39  40  42  45  48  48  47  46  46  45  46  47  48  48  48  47  47
  45  51  49  53  55  48  87 190 205 202 200 201 203 202 202 203 203 203
 203 203 203 203 203 203 203 203 203 203 203 203 203 203 203 203 203 203
 203 203 203 203 203 203 203 203 203 203 203 203 203 203 203 203 203 203
 199  29]"
"[ 29  29 192 193 194 193 193 194 193 193 194 194 194 195 195 195 195 195
 194 195 195 196 197 197 198 199 199 198 197 197 197 196 195 199 198 143
  69  66  64  64  61  59  56  54  54  55  54  53  52  51  49  50  52  52
  50  51  54  54  53  52  52  51  47  44  40  38  34  33  38  46  49  47
  46  44  44  45  44  41  40  40  41  41  41  40  40  40  39  38  37  35
  33  31  29  25  24  33  42  46  48  48  50  51  49  48  47  46  45  44
  41  40  40  41  43  42  41  41  41  40  40  39  35  28  23  24  30  35
  38  39  41  43  46  48  49  47  46  46  46  46  47  47  48  48  48  47
  50  50  45  53  58  51  99 194 204 201 200 201 203 203 203 203 203 203
 203 203 203 203 203 203 203 203 203 203 203 203 203 203 202 202 203 203
 203 203 203 203 203 203 203 203 203 203 203 203 203 203 203 203 203 203
 199  29]"
"[ 29  29 191 191 192 192 192 193 192 193 193 193 193 194 194 194 194 193
 193 194 195 196 196 197 199 199 198 197 196 196 196 196 195 197 195 122
  63  65  64  65  61  60  58  56  55  53  52  51  53  53  52  52  55  54
  52  52  53  54  53  52  51  50  47  44  42  40  34  32  34  45  49  47
  44  43  43  43  43  41  40  40  40  40  40  40  40  40  39  38  37  35
  33  30  28  25  25  35  41  45  47  48  51  51  49  48  47  46  45  44
  42  40  40  40  40  39  39  39  40  40  40  40  36  29  23  24  29  35
  38  40  42  44  46  48  48  47  47  46  45  45  46  46  47  48  48  48
  50  48  51  52  55  57 113 200 203 201 201 201 202 202 202 203 203 203
 203 203 203 203 203 203 203 203 203 203 203 203 203 203 202 202 202 203
 203 203 203 203 203 203 203 203 203 203 203 203 203 203 203 203 203 203
 199  29]"
"[ 29  29 190 190 191 191 192 192 192 192 192 192 193 193 193 193 192 193
 193 193 194 195 196 197 198 198 197 196 196 196 196 196 196 196 195 106
  62  65  65  64  61  60  59  57  54  52  51  51  53  53  52  53  55  53
  51  52  53  53  53  52  51  49  48  46  43  40  34  31  31  44  48  47
  45  44  43  42  41  40  40  40  40  40  40  40  40  40  39  38  37  35
  34  31  28  24  25  36  41  45  48  49  51  51  49  48  47  45  43  43
  42  41  40  40  40  40  39  39  39  39  39  39  37  30  24  23  28  33
  38  40  42  44  45  45  46  46  46  45  44  44  44  45  46  47  48  48
  51  48  52  53  56  62 134 204 201 201 200 201 201 201 201 201 202 202
 203 203 203 203 203 203 203 203 202 202 202 202 203 203 202 202 202 203
 203 203 203 203 203 203 203 203 203 203 203 203 203 203 203 203 203 203
 199  29]"
"[ 29  29 189 190 192 192 193 194 192 192 192 192 192 192 192 192 192 192
 193 193 194 195 196 197 197 197 196 196 196 196 196 196 196 196 195  95
  59  66  66  63  62  61  58  56  53  52  53  55  52  52  51  51  52  50
  49  51  53  53  53  52  51  49  48  47  42  39  33  32  29  42  48  47
  47  46  44  42  41  40  40  40  41  41  40  40  40  41  40  38  37  36
  35  31  27  22  24  36  42  46  49  50  51  51  49  48  46  44  42  41
  41  40  39  39  40  40  40  40  40  40  40  40  36  30  24  23  27  32
  37  41  42  44  45  44  45  46  46  44  44  44  44  45  46  47  48  47
  52  49  48  56  59  68 158 204 201 201 201 201 201 201 201 201 202 202
 202 203 203 203 203 203 203 203 202 202 202 202 203 203 202 202 203 203
 203 203 203 203 203 203 203 203 203 203 203 203 203 203 203 202 203 202
 199  29]"
"[ 29  29 190 191 193 193 193 194 193 193 192 192 192 192 192 192 191 192
 193 193 192 193 194 196 196 196 196 196 196 197 196 195 195 197 193  94
  57  65  66  65  64  61  58  56  55  54  54  56  55  55  53  52  51  50
  50  53  53  52  52  52  51  48  46  45  40  38  32  33  28  41  47  48
  47  46  44  42  40  40  40  40  40  40  40  40  40  40  39  37  37  35
  33  30  26  22  23  35  42  46  49  49  50  49  47  47  46  44  42  40
  39  39  39  39  39  39  39  40  40  40  40  41  37  30  23  23  27  33
  38  41  42  44  45  45  45  46  46  44  43  43  43  44  46  48  48  48
  49  49  52  56  56  73 178 208 200 201 202 201 201 201 202 202 202 202
 202 202 202 203 203 203 203 202 202 201 201 202 202 203 203 203 203 203
 203 203 203 203 203 203 203 203 203 203 203 203 203 203 202 202 202 202
 199  29]"
"[ 28  28 190 191 193 193 192 192 193 193 193 192 192 192 192 192 190 191
 192 191 190 191 192 194 195 196 196 196 196 197 196 195 194 196 190  97
  58  65  64  67  65  61  58  58  58  56  55  54  54  55  53  50  49  48
  49  53  52  51  51  51  51  48  45  43  39  37  32  34  27  40  45  47
  45  45  43  41  40  40  40  39  38  38  39  39  40  40  38  36  36  34
  32  28  26  22  23  34  41  45  48  48  48  48  46  45  46  45  43  41
  39  37  38  40  40  40  40  40  39  39  39  39  39  31  24  23  28  34
  38  40  42  44  45  44  44  46  45  43  41  41  41  43  46  47  48  47
  52  45  51  47  54  88 189 202 199 200 201 201 201 201 202 202 202 202
 202 201 202 202 203 204 203 202 201 201 201 201 202 203 203 203 203 203
 203 203 203 203 203 203 203 203 203 203 203 203 202 203 202 202 202 202
 198  29]"
"[ 30  29 189 190 192 191 193 191 191 191 192 192 193 193 193 193 192 192
 193 192 191 191 193 195 196 196 196 196 196 196 196 196 197 198 193 111
  59  64  65  66  65  64  61  58  57  58  56  54  54  54  53  51  49  49
  49  50  51  51  52  52  48  45  43  41  39  35  34  32  31  38  46  44
  43  41  38  38  39  40  40  39  38  37  37  39  40  39  38  37  35  33
  32  28  24  22  24  35  40  45  49  48  46  46  47  47  46  44  42  41
  39  38  39  41  40  40  40  39  40  40  41  40  39  31  23  24  30  33
  35  40  42  44  46  46  44  42  41  41  42  40  41  44  47  47  46  46
  47  48  51  52  59 115 200 202 200 201 201 201 201 201 202 202 202 202
 202 202 202 202 203 203 203 202 201 201 201 201 202 203 202 202 203 203
 203 203 203 203 202 202 202 202 202 202 201 201 201 201 201 202 202 202
 198  29]"
"[ 30  30 189 190 191 190 191 190 190 190 191 191 192 192 192 192 192 192
 192 192 192 192 193 193 195 195 195 196 196 196 195 195 194 197 195 118
  65  66  65  66  66  65  62  60  59  58  57  55  54  53  52  51  50  50
  51  51  51  50  51  51  48  45  44  41  40  35  33  32  32  40  47  45
  43  41  38  37  37  38  38  38  38  37  38  39  40  39  37  36  36  35
  33  29  26  22  23  35  42  45  48  47  46  47  47  47  45  44  42  41
  40  39  40  41  40  40  40  39  39  40  40  40  40  33  25  24  29  32
  35  39  41  43  45  44  43  41  41  41  42  41  42  45  46  45  45  46
  45  53  52  54  67 150 203 201 200 200 201 201 201 201 201 202 202 202
 202 202 202 202 203 203 202 202 201 201 201 201 202 203 202 202 203 203
 203 203 203 203 202 202 202 202 202 201 201 200 201 201 201 202 202 202
 198  29]"
"[ 29  29 188 189 190 188 190 189 190 190 190 191 191 192 192 192 192 192
 191 192 192 193 193 192 194 194 195 196 196 196 195 195 194 196 197 131
  71  70  66  64  65  65  64  61  60  59  57  56  54  53  52  51  51  51
  50  50  50  49  50  50  47  46  44  41  40  35  33  32  34  42  48  45
  44  42  39  37  37  37  38  38  37  37  38  39  39  38  36  36  35  35
  32  28  27  20  20  35  43  45  46  45  45  46  47  46  44  42  41  40
  40  39  39  40  39  40  40  40  40  40  41  40  40  35  27  25  29  32
  35  38  40  41  42  42  41  40  40  40  42  43  44  45  45  45  45  46
  45  53  51  55  88 185 204 198 199 200 200 201 201 201 201 202 202 202
 202 202 202 202 203 203 202 201 201 201 201 201 202 203 202 202 202 202
 202 202 202 203 202 202 202 201 201 201 200 200 201 201 201 202 202 202
 198  29]"
"[ 28  29 188 188 189 188 189 189 189 190 190 190 191 191 191 191 191 191
 191 191 192 192 192 192 193 194 195 195 196 195 195 194 196 194 197 147
  74  73  70  64  64  64  64  62  60  59  57  56  54  54  53  51  50  50
  49  49  50  48  49  49  47  46  44  41  39  35  32  32  36  44  48  45
  43  42  40  38  38  38  39  39  38  38  38  39  38  37  36  36  32  33
  30  27  26  18  17  34  42  44  46  44  44  45  46  45  42  41  40  39
  39  38  38  38  38  39  40  39  39  40  41  41  39  36  29  25  28  32
  36  38  39  40  40  40  39  39  39  40  42  42  43  44  45  45  45  45
  47  49  51  56 120 200 201 196 199 200 200 200 201 201 201 202 202 202
 201 201 202 202 202 202 202 201 201 201 201 201 202 203 203 203 202 202
 202 202 202 202 202 202 202 201 201 201 200 200 201 201 201 201 202 201
 198  29]"
"[ 29  29 188 187 188 187 189 189 188 188 189 189 189 189 189 189 190 190
 191 191 190 190 192 193 192 192 193 194 194 194 194 193 194 194 198 166
  80  71  74  68  63  63  63  63  61  59  58  57  54  54  54  52  50  49
  49  50  50  49  49  49  48  47  45  42  39  35  31  31  37  45  47  45
  41  41  40  39  38  37  37  37  38  38  38  38  37  36  36  37  33  33
  30  26  26  18  17  34  40  44  46  44  43  44  45  44  42  41  40  40
  39  38  37  36  36  37  38  38  39  40  40  41  39  37  30  25  28  32
  35  38  40  40  39  38  38  38  39  41  41  41  41  42  44  45  45  44
  50  49  52  64 150 202 199 197 199 200 200 200 201 201 201 202 202 201
 201 201 202 202 202 202 202 201 201 201 201 201 202 202 203 203 202 202
 202 202 202 202 202 202 202 201 201 201 201 201 201 201 201 201 202 201
 198  29]"
"[ 30  29 188 187 188 187 189 188 188 188 188 188 188 188 188 188 188 189
 190 189 189 189 191 193 192 192 193 193 193 194 194 194 193 194 199 183
  97  66  71  69  64  63  63  64  63  61  59  58  54  54  54  52  51  50
  51  52  51  49  49  49  48  47  46  43  39  35  30  31  38  45  47  44
  40  40  40  39  37  36  35  34  36  35  35  34  34  33  34  36  34  33
  30  26  25  19  18  33  40  43  46  44  43  44  45  45  43  41  40  39
  38  37  36  36  35  36  37  38  38  39  40  40  40  37  30  26  27  31
  34  37  40  40  39  38  38  38  39  40  41  41  40  41  44  46  46  45
  48  52  52  77 170 203 199 198 199 200 200 200 200 201 201 202 201 201
 201 201 201 201 201 201 201 201 201 201 201 201 201 202 203 202 202 202
 202 202 202 202 202 202 202 201 201 201 201 201 201 201 201 201 202 201
 198  29]"
"[ 30  28 186 186 188 187 189 188 188 188 188 188 188 187 187 187 187 188
 188 188 189 189 190 191 193 193 193 193 193 194 194 194 193 194 196 195
 129  70  67  67  66  64  63  64  65  63  60  59  56  55  53  51  51  51
  51  51  50  48  48  48  46  45  45  42  39  36  31  31  39  46  46  44
  40  40  39  38  37  35  33  32  33  32  31  31  31  31  32  34  34  32
  30  26  23  19  20  32  40  43  44  42  42  44  44  44  43  42  41  40
  38  37  36  36  36  37  39  38  38  39  40  40  40  36  29  26  28  31
  33  37  39  40  39  39  39  38  39  39  40  41  41  41  43  45  46  45
  47  52  52  89 183 202 197 198 199 200 200 200 200 200 201 201 200 200
 201 201 201 201 201 201 201 201 201 201 201 201 201 201 202 202 202 202
 202 202 202 202 201 201 201 201 201 201 201 201 201 201 201 201 201 201
 198  29]"
"[ 29  27 185 185 188 188 189 188 188 188 187 187 187 186 186 185 186 186
 187 188 189 190 190 190 193 193 193 192 193 193 194 194 194 192 191 201
 158  80  70  70  66  63  62  64  66  64  61  59  58  55  52  50  51  52
  51  49  48  47  47  46  44  44  43  41  40  37  31  31  39  46  46  44
  40  39  38  37  36  34  32  31  31  31  30  31  31  31  32  33  35  31
  30  26  23  21  23  32  40  41  42  40  41  43  44  43  43  43  42  41
  39  38  38  38  38  39  40  40  39  40  40  41  39  35  28  26  28  31
  34  37  39  39  40  40  39  39  39  38  38  40  40  40  41  43  44  44
  49  50  52  96 193 201 196 199 199 199 200 200 200 200 200 201 200 200
 201 201 200 200 201 201 201 201 201 201 201 200 200 201 201 201 202 202
 202 202 201 201 201 201 200 200 200 201 201 201 201 201 201 201 201 201
 198  29]"
"[ 30  29 182 184 186 187 188 187 187 187 187 187 186 184 183 183 186 187
 187 187 188 189 190 190 191 192 192 192 192 193 193 193 192 192 190 201
 187 115  69  68  67  65  63  62  66  61  61  59  57  57  55  52  50  50
  49  48  47  47  47  47  46  44  40  38  37  37  32  32  41  48  46  44
  39  39  38  37  35  33  32  31  32  32  32  32  32  33  33  32  32  33
  30  27  24  21  23  32  39  43  44  44  44  44  43  43  44  44  42  41
  40  40  39  39  39  39  39  39  40  40  40  40  40  36  29  26  28  32
  35  39  40  38  38  39  40  40  39  39  40  40  40  40  41  42  44  46
  47  51  53 111 195 199 198 196 196 198 200 200 200 199 199 199 200 200
 200 200 200 200 200 200 199 200 200 200 200 200 200 201 200 201 201 201
 201 200 201 201 201 200 200 200 200 201 201 200 200 201 200 200 201 200
 197  30]"
"[ 30  29 182 184 186 187 188 187 187 187 187 188 187 184 183 182 186 186
 187 188 190 191 192 193 191 191 191 190 191 192 193 193 190 194 194 195
 196 149  78  66  73  60  67  68  63  61  63  56  60  59  56  52  49  48
  48  47  46  47  48  47  45  42  39  36  36  36  33  34  43  49  47  45
  40  39  38  37  36  34  33  33  34  34  34  34  34  35  34  33  32  33
  30  27  24  20  23  33  41  44  45  43  44  44  44  45  45  45  45  44
  42  41  40  40  39  39  39  39  40  41  42  43  41  39  32  28  29  32
  35  38  39  38  38  40  41  41  42  42  41  41  41  42  43  44  46  47
  49  55  54 129 199 196 197 196 197 198 199 199 198 197 197 197 200 200
 200 200 200 200 200 200 200 200 201 201 200 200 201 201 201 201 202 202
 201 201 201 201 201 201 200 200 200 200 201 201 200 201 200 200 201 199
 197  29]"
"[ 28  29 182 184 186 187 187 186 187 187 187 188 187 185 183 182 186 186
 187 188 190 191 192 193 190 190 190 190 190 192 193 193 190 194 194 191
 200 183 107  67  65  69  65  61  67  62  59  62  59  59  56  53  50  50
  50  50  48  49  49  47  44  42  38  36  36  36  34  36  45  49  47  45
  41  40  38  37  37  37  37  36  36  36  36  36  36  36  36  34  33  33
  32  29  24  19  24  35  41  44  45  43  43  43  43  45  44  44  45  44
  43  41  40  40  39  39  40  39  40  41  43  45  42  40  34  27  28  31
  34  36  37  37  38  39  40  40  42  43  41  41  42  43  44  46  47  48
  52  58  58 154 204 195 197 197 198 199 199 198 197 196 196 197 200 200
 200 200 200 200 200 200 200 200 201 200 200 200 200 201 201 201 202 202
 201 201 201 201 201 201 201 200 200 200 200 201 200 201 199 199 200 199
 197  29]"
"[ 28  29 182 184 185 186 187 186 186 186 187 188 187 186 184 184 187 187
 187 188 189 189 190 190 190 190 190 190 190 191 192 192 193 192 190 191
 195 196 151  86  58  68  63  58  61  60  66  64  57  57  56  54  52  50
  50  50  50  50  49  47  45  43  40  37  35  34  34  38  45  49  47  45
  41  39  38  37  38  39  39  39  37  38  38  37  38  38  37  36  35  35
  34  32  24  19  24  36  40  44  46  45  44  43  42  42  43  43  43  43
  43  41  40  39  39  40  40  40  40  41  42  44  41  40  33  25  25  29
  32  33  36  36  38  39  39  39  40  41  41  41  41  42  43  45  47  48
  51  54  67 172 206 195 197 198 198 198 198 198 197 197 197 198 199 199
 200 200 200 200 200 200 199 200 200 200 200 200 200 200 201 201 201 201
 201 200 200 200 199 200 200 199 199 199 200 200 201 201 199 199 200 199
 197  29]"
"[ 29  29 182 183 184 185 186 186 186 186 187 188 187 186 186 186 188 188
 188 188 188 188 188 188 188 189 190 190 191 192 192 192 194 190 191 193
 191 197 185 124  64  61  64  60  59  61  66  64  60  59  56  53  50  48
  48  48  51  50  48  46  45  44  41  39  36  34  35  39  45  48  48  46
  41  40  38  38  39  40  40  39  39  40  40  39  38  38  38  37  35  35
  35  32  24  19  27  37  44  47  48  46  45  44  42  43  44  43  43  43
  44  43  42  40  40  41  41  41  41  41  43  44  40  39  32  24  24  28
  32  33  36  37  39  40  39  38  39  40  40  40  40  40  42  44  46  47
  51  49  83 180 203 195 197 197 197 197 197 197 197 197 198 198 199 199
 199 199 199 200 201 201 199 199 200 200 200 200 200 200 201 201 201 201
 201 200 199 199 198 198 199 199 199 199 200 200 201 201 199 199 200 199
 197  29]"
"[ 30  30 182 183 183 184 186 186 186 187 187 188 187 185 185 186 187 187
 187 187 187 187 187 187 186 188 189 190 191 192 193 192 191 188 193 191
 190 196 195 165  92  59  65  63  61  64  61  65  65  61  56  52  49  48
  48  50  50  49  46  45  44  44  41  39  36  34  36  42  46  48  48  46
  41  41  40  39  40  40  39  39  40  41  41  40  39  38  38  37  36  35
  36  33  24  22  31  41  48  50  48  45  45  44  44  44  45  44  43  44
  45  45  44  43  42  43  44  44  44  44  44  45  41  39  32  25  26  30
  34  37  36  37  39  40  39  38  38  39  40  40  39  40  41  43  45  47
  52  49 103 186 200 196 196 196 197 196 196 196 195 196 196 197 198 198
 199 199 199 200 200 200 199 199 199 200 200 201 200 200 201 201 201 201
 201 200 199 198 197 197 198 199 199 200 200 200 200 200 199 198 199 198
 196  29]"
"[ 29  30 182 182 183 183 184 185 185 186 187 188 187 185 185 186 186 186
 187 187 187 187 187 187 187 188 189 189 190 191 191 191 189 189 193 192
 190 193 194 188 143  77  67  68  60  65  67  63  66  61  56  53  51  49
  49  50  47  47  46  44  43  42  40  38  35  33  37  45  47  47  47  44
  41  41  40  40  40  40  40  40  39  42  44  43  41  40  39  39  38  37
  37  32  24  25  36  44  50  51  48  45  45  45  44  45  44  45  45  46
  46  46  46  46  45  46  46  47  47  46  46  46  44  40  33  27  29  32
  35  38  37  37  38  38  38  37  37  38  38  38  39  39  40  42  45  47
  54  53 121 193 198 196 195 196 196 195 195 195 195 195 196 196 198 198
 199 200 200 199 199 198 198 198 198 199 200 200 200 200 200 200 200 200
 200 199 198 197 196 197 198 199 200 200 199 198 198 199 198 198 198 197
 196  29]"
"[ 28  29 181 182 182 182 183 183 184 185 187 188 187 186 186 186 187 187
 187 188 188 188 188 188 188 188 189 188 189 189 190 189 190 192 190 195
 188 189 196 195 182 119  67  61  69  64  65  65  65  61  56  54  52  48
  46  46  45  47  47  45  42  40  39  38  33  31  38  46  48  47  45  42
  40  40  40  40  40  40  41  41  39  43  46  47  45  43  43  43  40  39
  37  31  23  26  38  45  49  51  48  46  46  46  45  44  44  46  48  48
  48  47  48  49  48  48  48  48  48  47  46  45  45  41  33  29  30  32
  34  37  38  38  37  37  37  36  36  37  36  37  39  39  40  41  45  47
  53  57 129 198 196 195 194 195 195 195 195 195 195 196 196 196 198 198
 200 200 200 199 198 197 197 197 197 198 199 200 199 199 199 199 199 199
 199 198 197 195 195 196 197 199 199 199 198 196 197 199 198 197 197 196
 195  29]"
"[ 30  29 181 182 183 183 184 184 184 186 188 188 188 187 186 186 185 185
 186 187 188 189 189 188 188 188 189 189 189 189 189 190 190 191 192 192
 191 190 190 192 195 173  98  64  64  64  66  64  64  62  58  55  53  51
  48  46  44  45  45  43  41  40  39  37  35  32  38  47  48  47  44  41
  40  41  41  41  41  41  40  40  44  44  45  46  46  47  46  44  43  40
  37  31  29  31  45  51  54  52  51  49  48  46  46  46  46  48  49  50
  50  50  50  50  50  50  50  50  49  48  47  47  43  42  32  28  31  31
  34  37  37  37  37  37  36  35  36  36  37  36  37  39  41  42  45  47
  49  63 145 199 195 196 195 195 195 195 195 195 195 195 196 196 197 198
 200 200 199 198 197 197 196 196 197 198 199 200 199 198 200 200 199 199
 198 197 196 196 196 197 197 197 196 196 196 197 198 197 198 197 197 197
 194  28]"
"[ 30  28 180 181 181 181 182 182 182 184 185 186 186 186 186 186 186 186
 186 187 188 188 188 188 187 187 188 188 188 188 188 189 189 190 190 191
 190 189 189 190 193 195 157  96  59  62  64  65  65  65  61  56  54  54
  50  44  45  45  44  42  41  40  39  37  35  32  38  48  49  47  45  42
  41  41  41  41  41  42  43  43  45  46  47  47  46  46  45  44  42  40
  36  31  29  30  45  52  54  53  52  51  49  48  47  47  48  49  50  52
  52  52  52  52  50  50  50  50  49  49  49  49  47  44  33  28  30  30
  33  35  37  36  35  35  33  32  33  34  36  36  37  39  41  43  47  51
  54  69 172 198 193 196 196 195 195 195 195 195 195 195 195 196 197 198
 199 199 198 198 197 197 196 196 197 198 199 199 199 198 198 198 198 198
 198 197 197 197 197 197 197 197 196 196 196 196 197 197 197 197 197 197
 194  29]"
"[ 30  29 181 181 181 180 181 182 182 183 183 184 185 185 186 187 188 187
 187 187 187 188 188 188 187 187 187 187 187 188 188 188 189 189 190 190
 190 189 189 189 189 193 189 152  87  57  61  67  64  65  63  58  54  53
  50  48  46  44  42  41  40  39  39  39  37  35  42  51  53  51  49  46
  45  44  44  44  44  45  47  47  48  50  51  50  48  47  46  45  43  40
  36  31  29  31  47  54  56  56  55  53  52  51  51  51  50  51  52  53
  54  54  54  53  51  51  52  51  50  50  50  51  51  48  36  31  32  32
  34  36  38  36  35  33  33  32  34  35  36  36  37  38  39  43  48  53
  50  79 188 198 192 195 196 194 194 194 194 194 195 195 195 195 196 197
 197 197 197 197 197 197 197 196 197 198 199 199 199 197 197 197 197 197
 197 197 197 197 197 197 197 197 196 196 195 195 196 196 197 197 197 197
 194  29]"
"[ 29  29 181 181 180 179 181 182 183 183 182 183 183 185 186 187 188 187
 186 186 187 187 187 187 187 187 187 187 188 188 188 188 189 188 189 190
 190 190 189 189 188 189 195 187 138  80  57  62  67  64  61  58  55  52
  50  50  46  42  40  40  40  39  39  39  37  36  44  54  56  54  52  49
  49  48  47  47  48  49  50  50  51  53  54  53  52  50  48  46  44  41
  37  32  30  32  48  57  59  58  57  55  54  54  54  53  53  53  54  55
  56  56  55  54  53  54  54  53  52  51  51  51  51  49  38  33  35  35
  37  37  37  36  34  33  33  34  35  37  36  36  37  36  36  40  47  53
  51 102 188 199 192 193 196 195 194 194 194 194 195 195 195 195 195 196
 196 197 197 197 197 197 197 196 196 197 199 199 198 197 197 197 197 197
 196 196 196 196 196 197 197 197 196 196 196 196 196 196 197 196 197 197
 194  29]"
"[ 28  28 180 181 180 179 180 181 182 182 181 181 182 184 185 186 186 186
 185 185 186 187 187 187 187 187 187 187 187 188 188 188 188 187 187 188
 189 189 189 188 190 189 194 193 184 133  70  61  68  66  62  58  56  55
  51  47  45  42  39  40  40  39  38  38  35  34  43  53  55  53  52  49
  49  49  49  49  50  51  51  51  53  54  55  56  56  54  51  47  45  42
  38  33  31  32  49  58  60  60  59  56  54  55  55  55  56  56  56  56
  56  56  55  55  54  55  56  55  54  52  51  51  49  48  38  34  37  38
  39  38  36  35  33  33  33  33  34  35  36  37  36  35  35  39  46  52
  58 132 191 197 193 192 196 196 194 193 193 194 195 195 195 195 195 195
 196 197 197 198 197 197 197 197 196 197 198 199 198 197 197 197 197 197
 197 196 195 195 196 196 197 197 197 196 196 196 196 196 197 196 197 196
 193  29]"
"[ 29  28 180 181 180 179 181 181 181 181 181 182 183 184 186 187 186 186
 186 186 187 188 188 187 187 187 187 187 187 187 187 187 188 187 187 188
 189 189 189 189 190 189 187 192 201 176 118  59  61  66  67  60  55  54
  52  47  46  43  41  40  40  39  37  36  33  34  43  54  56  54  53  51
  50  49  49  51  52  53  53  53  53  54  55  57  58  57  53  49  48  44
  40  35  32  33  49  58  61  62  61  58  56  57  57  57  58  58  58  58
  57  57  56  56  54  56  57  57  56  54  52  52  51  49  39  35  38  40
  40  39  38  36  34  34  33  33  34  34  37  38  37  36  37  41  47  51
  59 147 198 190 195 193 194 194 193 193 194 194 195 195 195 195 195 195
 196 197 197 197 197 196 197 197 196 197 197 198 198 197 196 196 197 197
 197 196 195 195 195 196 197 197 197 196 196 196 196 196 197 196 196 195
 193  28]"
"[ 29  29 180 181 180 180 180 181 181 181 182 183 183 184 185 187 187 187
 187 187 188 188 188 188 187 187 187 187 187 187 187 187 189 188 187 188
 189 189 189 190 186 194 188 189 191 194 172  82  61  65  66  61  55  51
  50  50  47  45  43  40  39  39  37  36  33  34  45  56  57  56  55  53
  51  51  51  52  54  55  55  54  53  54  56  57  59  58  55  52  50  46
  42  37  33  33  48  58  61  63  63  61  59  60  60  60  59  59  59  59
  58  58  58  57  57  58  59  59  58  57  55  55  54  52  40  34  37  40
  41  40  39  37  36  35  35  36  36  37  38  39  39  38  39  44  48  51
  71 160 198 187 193 192 193 192 193 193 194 194 194 195 195 195 195 195
 195 196 196 197 196 196 196 196 196 196 196 196 197 197 196 196 197 197
 197 196 195 195 195 196 197 197 196 196 196 196 195 196 197 196 196 195
 193  29]"
"[ 29  28 179 180 180 179 179 179 180 181 182 183 182 183 184 185 186 186
 186 187 188 188 187 186 187 187 187 187 187 187 187 187 189 188 187 187
 187 187 188 189 188 190 187 189 189 194 195 144  75  65  59  61  60  52
  47  48  47  46  43  40  39  39  38  36  33  34  45  56  58  56  55  54
  53  53  52  53  55  56  55  55  54  56  57  58  59  59  57  55  51  47
  43  37  33  32  47  57  61  63  64  62  61  61  61  60  60  60  60  60
  59  59  59  59  60  60  61  61  60  59  58  57  55  52  39  32  35  39
  41  40  38  36  34  35  36  37  38  39  39  40  40  39  41  45  48  50
  99 180 195 190 190 188 195 193 193 193 194 194 194 194 195 195 196 195
 194 195 195 196 196 196 195 196 196 196 195 195 196 197 197 197 197 196
 196 196 195 195 195 196 196 196 196 195 195 195 195 195 197 196 196 195
 193  29]"
"[ 29  27 180 178 180 172 174 177 179 181 181 181 182 182 183 186 186 186
 187 187 187 187 187 187 187 187 187 187 187 188 188 188 188 188 188 188
 188 187 187 187 190 189 188 185 186 193 194 187 131  74  57  62  57  55
  48  46  46  44  43  41  40  41  39  34  31  33  47  58  58  57  55  56
  54  54  54  55  57  58  57  55  54  57  60  61  60  61  61  58  54  48
  44  41  34  36  48  58  61  64  64  61  59  60  62  63  64  63  62  60
  59  60  61  61  61  61  61  61  62  61  60  59  54  54  37  36  41  38
  42  39  38  38  37  37  37  37  39  40  44  42  40  40  40  46  48  51
 119 188 194 191 190 189 191 195 193 194 195 195 195 195 195 195 195 195
 195 196 196 196 196 195 196 196 196 196 196 196 196 196 196 196 196 196
 196 196 196 196 196 196 196 195 195 195 195 195 195 195 196 195 195 194
 193  29]"
"[ 29  28 180 176 175 166 168 171 177 179 180 181 182 182 183 185 187 187
 187 187 187 187 187 187 188 188 187 188 188 188 188 189 188 188 187 187
 187 187 187 187 185 187 189 188 187 190 193 193 178 108  63  60  58  58
  53  50  49  47  46  44  42  42  40  35  33  35  47  57  57  57  56  57
  54  54  54  55  57  58  57  56  55  57  60  61  61  63  62  58  54  49
  46  42  35  38  49  58  61  64  65  63  61  62  63  63  63  64  64  62
  62  61  61  61  61  61  62  64  65  64  61  58  54  49  34  34  40  40
  42  39  39  39  38  38  38  40  41  43  45  43  42  42  40  46  48  54
 139 192 190 189 191 191 192 193 193 194 195 195 195 195 195 195 195 195
 195 195 196 196 195 195 195 195 195 196 196 196 196 196 195 196 196 196
 196 196 196 197 196 196 196 195 195 195 195 195 195 195 196 195 195 194
 193  29]"
"[ 29  29 180 175 171 162 163 168 175 178 179 180 182 182 182 183 186 186
 186 186 186 186 186 186 187 187 187 187 187 187 188 188 187 187 187 187
 187 187 187 187 185 187 188 188 188 186 188 192 191 127  66  61  61  56
  52  48  52  50  49  47  45  44  41  36  35  36  49  57  58  58  57  57
  55  55  55  55  56  57  57  57  57  57  59  61  63  65  63  58  52  48
  46  41  35  38  49  55  59  62  64  63  61  61  62  62  62  63  64  63
  63  63  62  62  62  62  62  65  67  66  62  58  54  41  32  34  41  44
  43  39  40  40  39  39  40  42  44  46  46  43  44  44  41  47  48  60
 160 195 189 189 191 191 193 193 194 194 195 195 195 195 195 195 195 195
 194 195 195 195 195 195 194 194 195 195 196 195 195 195 194 195 196 196
 196 196 197 197 196 196 196 195 195 195 195 195 195 194 196 195 195 195
 192  29]"
"[ 29  29 180 176 171 164 165 170 175 178 179 180 182 181 181 182 184 184
 184 185 185 186 186 187 187 187 187 187 187 187 187 187 187 187 187 187
 187 187 187 186 188 188 186 186 189 186 184 188 192 140  68  64  64  58
  59  59  54  52  51  49  47  45  42  37  36  38  50  59  59  59  57  56
  57  56  55  55  55  56  57  58  59  59  61  62  64  66  64  58  51  48
  45  39  33  38  48  54  58  61  62  62  60  60  60  60  61  63  63  63
  62  63  64  65  64  63  63  65  66  66  64  61  53  37  33  37  43  48
  44  41  41  40  39  40  41  43  45  47  47  45  45  45  44  52  51  69
 171 194 190 191 190 190 194 195 195 195 195 195 195 195 195 195 195 195
 195 195 195 195 195 195 194 194 195 195 195 195 195 195 194 195 195 196
 196 196 196 197 196 196 196 195 195 195 195 195 195 194 196 195 196 195
 192  29]"
"[ 29  29 178 176 173 170 170 174 177 179 179 179 181 181 181 182 183 183
 184 186 186 187 187 187 188 188 188 188 188 188 188 188 187 187 187 187
 187 187 187 187 187 188 186 186 189 189 186 187 192 147  64  60  63  58
  59  57  55  53  52  51  49  47  44  40  38  39  51  59  59  59  57  57
  58  56  55  55  55  56  59  61  61  62  63  64  65  66  64  59  52  49
  46  39  33  39  50  55  60  61  62  61  60  59  59  59  62  63  64  64
  64  64  65  66  66  66  67  68  68  67  66  64  54  37  37  40  43  48
  45  43  40  40  39  40  42  44  47  49  48  47  46  45  47  57  54  82
 179 194 192 192 189 190 194 194 195 195 195 195 195 195 195 195 196 195
 195 195 195 195 195 194 194 194 194 194 195 195 195 196 195 195 196 196
 195 195 196 196 196 196 196 195 195 195 195 195 195 195 196 195 195 195
 192  29]"
"[ 29  29 176 176 174 173 172 175 178 180 179 179 180 180 180 182 182 183
 184 185 186 186 186 186 188 188 188 188 187 187 187 187 186 187 187 187
 187 187 187 187 186 188 188 186 187 187 187 187 191 155  69  65  67  63
  61  57  57  54  54  53  50  48  46  42  40  41  51  58  58  59  59  58
  57  55  54  55  56  57  60  64  62  63  65  65  64  65  63  58  54  50
  45  38  33  39  51  57  61  62  62  62  60  59  59  59  61  63  65  65
  65  64  65  65  66  68  70  71  71  68  65  62  51  37  38  41  42  45
  44  44  40  40  40  41  43  46  48  50  49  49  46  44  49  58  55  99
 189 194 191 189 189 191 193 192 194 194 194 194 195 195 195 194 195 195
 195 195 195 195 194 193 192 192 192 192 193 194 195 196 195 195 196 195
 195 195 195 195 195 195 195 195 195 195 195 195 195 194 195 194 195 194
 192  29]"
"[ 30  29 175 176 174 174 172 174 178 179 178 178 180 180 180 181 180 181
 182 184 185 185 186 186 186 187 187 187 187 186 186 186 186 186 187 187
 187 187 187 187 187 187 188 187 185 186 187 186 191 160  71  64  63  64
  64  61  58  55  54  53  51  48  47  44  41  42  52  57  58  59  59  58
  57  55  54  56  57  58  60  63  63  63  64  65  64  65  63  57  54  48
  43  37  31  37  49  57  61  62  62  62  60  59  58  59  60  63  65  65
  64  65  65  66  69  70  72  73  73  69  63  59  44  37  38  43  44  46
  45  44  42  41  41  42  44  46  48  49  48  48  45  45  50  56  56 120
 194 192 190 189 190 190 191 191 193 193 193 193 194 194 194 194 195 195
 195 195 195 194 193 191 190 190 191 191 192 193 194 195 195 195 195 195
 195 195 195 195 195 195 195 195 195 195 195 195 195 194 194 193 194 193
 192  29]"
"[ 30  29 176 177 174 175 173 174 177 178 177 177 179 179 179 180 180 181
 182 183 185 186 187 187 186 187 187 187 187 186 186 186 186 186 186 187
 187 187 187 187 188 184 185 188 187 188 189 187 193 164  73  65  64  66
  63  58  58  55  54  53  50  48  46  44  40  42  52  58  59  60  58  57
  57  55  55  56  58  58  59  61  64  64  65  66  66  67  64  58  53  46
  41  35  30  35  48  56  61  62  62  62  61  59  59  59  61  63  64  64
  64  65  68  69  73  73  73  74  73  70  63  58  38  36  40  47  50  49
  48  45  43  42  41  42  43  45  46  47  48  49  45  47  52  55  58 136
 192 189 189 190 191 189 188 191 192 192 192 192 193 194 194 194 194 194
 195 195 195 194 192 190 191 191 192 192 193 194 194 194 194 195 195 195
 195 195 195 196 195 195 194 195 195 195 195 195 195 194 194 193 193 193
 192  29]"
"[ 29  31 174 174 172 174 171 176 175 176 176 177 177 178 179 179 180 179
 179 180 181 182 183 184 185 185 185 186 186 185 185 186 185 186 186 184
 184 186 186 186 187 186 185 186 187 187 186 185 188 170  84  64  67  67
  61  58  57  54  51  51  50  48  43  40  37  40  53  57  59  56  56  56
  58  57  57  57  57  57  58  61  65  66  66  65  64  67  65  59  52  47
  39  33  30  35  48  56  60  61  62  62  61  59  58  57  61  62  63  64
  66  67  68  70  74  76  72  73  74  71  66  55  39  41  44  47  48  50
  51  51  47  45  44  44  45  46  46  46  46  44  45  49  52  54  68 167
 195 191 188 190 191 190 189 189 188 191 192 190 190 192 193 191 192 192
 193 194 194 192 191 191 190 192 193 194 193 192 192 192 193 193 194 194
 195 194 194 194 195 194 193 193 194 194 193 192 191 192 193 194 193 193
 189  30]"
"[ 29  30 175 176 175 176 172 174 174 175 176 177 177 179 179 179 178 180
 180 177 178 181 183 182 183 183 183 184 184 183 182 181 183 183 182 182
 182 183 183 183 185 185 185 186 186 186 185 184 188 178  95  63  63  61
  56  56  53  52  50  49  47  43  37  33  32  37  53  59  60  57  55  55
  56  56  58  58  58  57  60  62  64  65  66  66  66  67  65  59  54  49
  41  34  30  36  50  58  60  61  62  62  62  61  61  60  63  65  65  65
  67  68  68  71  74  76  74  75  74  71  64  51  40  43  46  48  50  51
  53  53  51  49  48  48  49  49  48  48  48  48  48  52  52  51  82 178
 193 190 188 189 190 190 189 189 189 190 190 189 189 190 190 190 190 190
 191 193 193 193 192 192 193 193 193 193 193 194 194 194 194 194 194 193
 193 193 193 193 192 192 192 193 193 193 192 191 192 192 192 193 193 195
 189  30]"
"[ 30  27 174 172 172 175 173 174 174 174 175 175 175 176 175 175 177 179
 179 178 178 180 182 181 184 183 182 183 183 183 182 182 183 182 182 182
 182 181 181 182 181 182 183 185 185 185 183 182 185 187 114  65  64  60
  55  55  51  50  49  47  43  37  32  30  27  34  51  58  61  58  57  57
  55  56  58  59  58  58  61  64  65  65  67  69  69  68  65  60  54  48
  40  32  29  37  49  57  58  59  60  61  62  62  61  61  64  65  66  67
  69  69  70  72  74  76  76  76  74  71  63  48  43  46  49  50  52  53
  55  55  54  52  52  52  52  51  50  49  46  50  52  58  56  54 106 186
 190 189 188 189 190 190 189 190 191 190 190 190 190 190 191 190 189 189
 190 192 193 193 193 194 195 194 192 192 192 193 193 192 193 193 192 192
 192 192 193 193 193 194 194 194 194 192 191 191 192 190 190 192 192 195
 189  29]"
"[ 31  28 174 171 170 172 171 172 173 174 174 174 175 176 176 175 176 174
 175 180 181 179 179 181 180 179 179 179 180 180 182 183 183 182 182 183
 181 179 179 180 180 180 180 181 182 182 181 179 179 187 126  63  64  60
  55  53  50  48  45  41  37  33  31  31  29  35  51  57  60  58  58  58
  56  57  58  59  59  59  62  64  66  66  68  71  71  69  65  60  53  47
  39  31  28  38  49  56  58  58  59  60  60  60  60  60  62  64  65  67
  70  71  71  73  75  75  76  75  71  69  61  47  45  48  51  52  53  54
  55  55  55  54  54  54  53  52  50  50  52  53  53  58  54  64 137 190
 187 187 187 188 189 188 188 189 189 188 189 190 190 189 189 190 188 188
 188 190 191 191 192 194 194 194 193 193 194 194 193 192 190 190 190 190
 191 191 192 193 192 193 194 193 191 189 188 188 190 189 190 192 192 194
 188  29]"
"[ 27  27 171 171 172 172 172 172 169 170 171 172 173 175 176 176 176 172
 173 178 180 178 178 180 180 180 181 182 182 183 184 186 183 183 185 186
 184 181 180 182 184 182 180 179 180 181 180 178 181 187 135  63  63  61
  56  52  48  46  41  37  33  31  31  33  35  40  53  57  60  59  57  55
  57  57  57  58  59  61  63  64  68  67  69  72  71  69  65  60  53  46
  40  30  29  40  50  56  59  59  60  60  60  60  60  60  62  64  66  69
  72  72  72  74  74  74  76  75  70  67  57  45  45  48  52  53  54  55
  55  56  56  55  55  56  55  54  53  52  54  53  57  61  54  82 162 189
 186 187 187 188 188 187 187 188 187 187 188 189 188 187 187 188 189 188
 188 189 190 191 192 193 191 191 192 192 192 192 192 192 189 189 189 189
 190 190 191 191 192 193 193 192 190 188 188 188 188 189 191 193 193 194
 188  30]"
"[ 30  31 163 164 163 164 165 166 161 162 162 162 162 164 165 164 169 169
 167 167 169 172 172 171 174 176 178 180 180 179 179 180 179 180 181 182
 181 180 180 181 183 181 179 180 182 183 182 181 180 182 140  66  61  61
  57  53  46  43  40  37  35  33  33  34  37  42  55  59  62  61  58  55
  57  58  57  58  60  63  66  66  69  69  70  71  70  69  65  59  51  44
  38  28  28  42  50  55  59  60  61  61  61  61  62  63  64  67  69  71
  74  73  72  74  75  77  79  77  73  65  51  43  44  48  52  54  55  56
  57  58  58  57  57  57  57  56  55  55  54  55  60  60  55 104 178 190
 185 185 186 186 186 186 186 187 187 187 188 187 187 187 187 188 187 186
 186 187 188 189 191 192 194 194 193 192 192 191 191 191 190 190 189 189
 189 189 189 189 192 192 192 191 190 189 189 189 187 189 192 194 192 192
 188  29]"
"[ 28  29 143 142 138 138 139 140 141 141 140 138 138 138 139 139 142 144
 143 141 141 144 146 144 145 146 147 149 149 148 147 146 150 151 151 152
 153 154 154 152 155 155 156 158 159 159 158 157 160 161 137  70  59  58
  55  52  45  42  39  38  39  38  37  37  38  43  56  60  63  62  61  58
  58  59  60  60  62  65  67  68  69  70  72  72  71  70  66  59  50  42
  37  26  28  43  51  56  58  60  61  62  62  62  64  65  68  70  71  72
  74  74  73  75  78  79  81  78  74  63  46  44  45  49  52  54  55  57
  59  60  60  59  59  58  58  57  58  58  59  60  60  55  57 123 180 186
 186 187 188 187 188 188 189 189 190 189 187 185 187 190 192 193 191 190
 190 191 192 193 194 196 195 195 194 194 194 194 192 191 190 189 188 188
 188 189 190 191 190 189 189 189 189 188 187 186 187 189 192 194 191 192
 187  29]"
"[ 28  30 137 139 137 138 138 139 140 139 138 136 136 137 138 138 138 139
 140 141 140 139 139 141 140 139 138 139 140 140 139 138 139 138 137 137
 140 143 142 139 137 140 142 143 143 140 137 136 137 142 134  77  63  60
  56  52  45  41  38  39  41  41  41  40  41  46  58  59  61  60  60  58
  59  61  63  62  63  65  68  68  69  71  73  73  72  72  67  59  51  43
  38  27  29  46  53  58  59  60  62  63  62  63  65  67  70  71  72  73
  75  74  74  76  79  80  80  75  73  60  43  44  47  50  53  54  55  57
  60  62  63  62  61  60  59  59  60  61  58  63  64  62  72 138 167 166
 170 171 171 171 171 173 173 174 171 169 166 163 167 173 177 176 178 178
 177 178 179 180 181 182 185 185 186 189 192 192 190 187 188 188 187 187
 188 190 192 194 193 192 192 192 192 191 189 188 188 190 192 194 192 193
 189  30]"
"[ 29  29 138 138 138 139 138 139 140 139 138 138 138 139 139 139 137 140
 142 142 140 139 140 142 143 142 141 141 141 142 141 140 140 140 141 141
 142 143 143 144 142 144 145 144 144 144 143 143 141 142 141  92  61  57
  55  48  45  44  44  44  45  45  45  45  44  47  57  60  60  61  60  61
  61  61  61  63  65  66  67  67  70  70  72  74  75  73  67  58  48  42
  35  24  32  45  55  61  62  61  61  64  65  65  66  66  69  71  72  73
  74  75  78  79  80  79  80  77  72  50  40  45  48  51  55  57  58  59
  61  62  64  62  61  62  63  61  61  63  64  64  62  61  87 140 152 144
 148 148 147 147 146 146 146 146 146 147 147 147 149 150 150 149 149 150
 151 150 148 147 147 148 152 153 153 153 155 158 157 155 154 155 156 158
 159 159 160 161 159 159 159 159 159 158 158 158 162 161 158 157 162 165
 164  31]"
"[ 29  29 138 138 138 138 137 138 138 138 138 138 139 140 140 140 139 141
 143 143 141 140 140 141 141 141 141 141 140 140 140 140 140 140 141 142
 142 142 143 143 142 143 144 143 143 142 142 142 141 140 143  98  61  59
  56  50  49  48  47  46  46  45  44  43  40  44  54  58  58  59  59  60
  60  60  60  61  63  65  66  67  70  71  72  74  74  73  67  58  48  41
  34  24  33  45  56  61  62  62  62  64  65  65  66  67  67  69  71  72
  74  76  79  80  81  79  79  76  71  50  41  44  50  53  56  57  58  59
  61  62  64  62  63  64  65  63  62  62  63  62  64  67 112 151 151 152
 153 153 153 153 153 153 153 153 150 151 151 151 151 152 152 151 152 153
 154 154 153 152 153 153 155 155 155 154 155 157 156 154 154 154 154 154
 153 153 153 153 154 154 154 154 154 154 153 153 153 154 153 152 152 153
 154  26]"
"[ 29  29 138 138 138 139 137 138 138 137 138 138 139 140 140 140 140 141
 142 143 142 141 140 140 140 141 142 142 140 139 139 140 140 141 142 142
 142 142 142 142 142 143 143 143 142 142 142 142 140 138 144 109  64  60
  56  53  53  51  49  48  47  45  43  42  41  45  55  59  59  60  59  60
  60  60  59  60  62  64  66  67  70  70  72  73  73  72  66  57  49  41
  33  25  36  48  57  61  63  63  64  65  65  65  66  67  67  68  70  72
  75  78  80  81  82  80  78  74  66  49  42  45  52  54  57  58  59  61
  62  63  64  63  64  65  65  64  63  63  65  67  66  79 138 155 148 151
 152 152 153 153 153 153 153 153 153 153 153 153 153 154 153 152 153 153
 154 154 155 155 155 155 155 156 156 155 155 155 154 153 153 154 154 153
 153 155 156 155 156 156 156 156 156 156 156 156 156 156 156 155 154 153
 156  31]"
"[ 29  29 137 138 139 140 138 139 137 137 138 138 139 140 139 139 139 140
 141 141 140 140 140 140 141 142 143 143 142 140 140 140 140 141 142 143
 142 142 142 142 143 143 143 143 142 143 142 142 140 138 144 124  72  57
  56  56  54  51  49  48  47  46  44  43  44  47  57  60  60  60  60  60
  60  60  59  60  61  63  65  66  68  69  71  71  71  71  66  57  49  39
  31  26  38  50  57  61  64  65  65  65  65  65  66  67  67  68  70  72
  75  79  80  81  82  79  77  71  59  46  44  48  52  55  57  59  61  63
  65  65  65  64  64  65  65  65  65  66  65  69  67  99 154 153 153 150
 153 153 153 153 153 153 152 152 152 153 153 153 154 154 154 153 153 153
 153 153 154 154 154 153 154 155 155 154 154 154 154 153 154 155 154 151
 151 153 154 153 157 157 157 157 157 157 156 156 156 154 153 155 156 154
 155  29]"
"[ 29  29 137 138 139 140 138 138 137 137 137 138 139 140 139 139 139 140
 141 140 139 138 140 141 142 142 143 143 142 142 141 140 139 140 142 142
 142 142 142 142 143 143 143 142 142 142 142 141 140 140 141 137  87  53
  57  57  54  51  48  47  47  46  45  45  45  48  56  58  58  59  58  59
  58  58  58  59  60  62  64  65  67  69  71  71  71  72  67  58  47  36
  28  26  40  50  56  60  65  65  66  65  65  65  66  66  68  69  70  72
  75  78  79  78  80  78  78  71  54  43  44  48  53  55  58  61  63  65
  66  66  65  65  65  66  66  66  67  68  68  66  79 125 159 151 155 151
 153 153 153 153 153 153 152 152 152 153 153 154 154 154 155 154 154 154
 153 154 154 155 154 153 153 154 155 154 154 154 155 154 153 154 153 150
 149 152 153 153 155 155 155 155 155 155 155 155 158 155 155 157 159 157
 157  30]"
"[ 29  29 137 138 138 139 137 137 137 137 137 138 139 140 140 140 141 141
 141 140 138 138 140 142 141 142 142 142 142 141 140 140 139 140 141 142
 142 142 142 142 143 143 143 143 143 143 142 141 139 139 139 142 102  52
  58  58  55  52  49  48  48  47  47  46  46  48  55  57  57  58  58  58
  56  57  57  57  59  61  63  65  66  68  71  71  72  73  68  59  46  34
  28  27  42  50  55  59  64  65  65  64  64  65  66  66  68  69  70  71
  74  76  76  76  77  77  78  71  50  42  44  47  54  56  59  62  64  65
  66  65  64  65  66  67  67  67  67  67  69  64 101 145 155 150 149 152
 152 152 152 152 152 152 152 152 152 153 154 153 153 154 154 153 154 153
 153 153 154 155 154 154 153 153 154 154 154 154 154 154 154 154 153 152
 152 154 156 157 155 155 155 155 155 155 155 155 155 155 156 157 156 153
 154  29]"
"[ 29  29 138 138 139 139 137 138 139 138 138 138 139 140 140 140 141 141
 141 140 138 138 140 141 140 141 142 141 140 140 140 141 140 140 140 141
 142 142 142 142 143 143 143 143 143 143 142 140 138 138 138 142 117  58
  60  58  55  52  50  49  49  49  47  46  45  47  55  57  57  58  57  58
  55  55  55  55  57  59  62  64  65  68  71  72  72  73  68  59  44  33
  28  29  44  51  55  60  63  64  64  63  64  65  66  65  67  69  70  71
  73  75  76  75  76  75  76  69  46  41  46  49  54  57  60  62  63  64
  65  65  65  67  68  68  67  67  67  66  63  73 124 152 150 151 150 154
 153 153 153 154 154 154 154 153 152 153 154 153 153 153 153 152 153 153
 153 153 153 154 154 154 154 153 153 154 154 153 153 153 156 155 154 153
 152 152 152 153 154 154 154 154 154 154 154 154 155 156 157 157 156 154
 155  29]"
"[ 28  29 139 139 139 140 139 140 140 140 139 139 139 139 140 140 140 140
 139 139 139 139 140 140 140 141 142 141 140 139 140 142 141 140 140 140
 142 142 142 141 142 142 142 142 142 142 140 139 139 138 141 141 127  66
  63  60  55  52  50  50  50  49  48  46  44  46  54  56  56  56  55  55
  53  53  53  53  54  57  61  63  64  68  71  71  71  72  67  58  43  32
  28  30  44  50  54  59  63  63  63  62  63  65  66  65  67  69  70  72
  74  76  76  76  76  74  73  66  42  41  49  53  55  57  60  61  62  64
  65  65  69  70  70  69  68  68  69  69  64  95 143 152 148 151 152 149
 152 153 153 153 153 153 153 153 152 153 154 153 153 153 153 153 154 154
 154 154 154 154 154 154 155 154 154 154 155 154 154 154 153 153 154 155
 155 154 154 156 155 155 155 155 155 155 155 155 154 155 155 155 155 155
 155  28]"
"[ 29  29 138 138 137 138 138 140 140 139 138 138 139 139 139 139 139 139
 139 138 138 139 139 139 140 140 140 140 139 139 140 141 142 142 141 139
 140 142 143 142 143 143 142 141 141 140 139 139 137 139 137 142 133  72
  64  61  57  53  50  50  51  50  48  47  44  46  52  56  56  55  56  56
  54  52  51  52  53  54  58  62  64  67  68  70  71  70  67  57  45  33
  25  30  43  52  56  57  58  60  60  60  61  61  63  67  68  70  72  73
  74  76  76  76  74  73  72  59  44  46  45  55  57  58  59  60  63  66
  68  69  70  68  71  67  69  67  67  66  66 121 149 151 146 150 151 150
 152 152 152 152 152 152 153 153 152 152 153 153 153 153 153 153 152 153
 154 154 154 153 154 154 153 154 154 154 154 154 154 154 154 154 154 154
 154 154 154 153 155 155 155 155 155 155 154 154 154 155 154 153 154 152
 153  29]"
"[ 29  29 138 138 137 138 138 139 139 139 138 138 138 139 139 139 138 138
 138 138 138 138 138 138 138 139 139 139 138 138 139 140 139 140 140 139
 140 142 143 143 142 141 141 140 140 140 139 139 139 138 138 139 138  86
  68  59  57  53  49  49  50  49  47  46  45  47  52  56  55  54  54  52
  51  49  49  50  52  54  57  60  63  65  66  69  69  69  65  55  43  32
  25  30  42  51  54  54  56  58  57  57  59  60  62  66  67  69  71  72
  74  75  76  75  74  73  69  54  43  46  47  55  57  58  60  61  63  66
  68  69  70  71  72  69  68  68  68  63  86 137 151 150 148 150 153 152
 152 152 152 152 152 153 153 154 152 153 153 153 153 153 153 153 152 153
 154 154 153 153 153 154 154 154 154 154 154 153 153 153 154 154 154 154
 154 154 153 153 154 154 155 155 155 154 154 154 154 154 154 154 155 153
 154  30]"
"[ 29  29 138 138 138 138 138 139 139 139 138 138 138 138 138 138 137 137
 137 138 138 138 138 138 137 138 138 138 138 138 138 138 137 138 139 139
 139 141 142 142 140 139 139 139 140 140 139 139 139 138 139 135 141 104
  71  60  57  53  49  48  48  47  45  44  45  48  53  55  54  53  52  48
  47  46  47  49  52  54  57  60  61  63  63  65  67  68  65  55  41  31
  25  31  42  49  51  52  53  54  53  54  56  57  59  63  66  67  69  71
  73  75  75  75  74  72  66  47  40  45  48  53  56  58  61  62  64  67
  69  71  70  73  72  71  69  69  68  66 111 151 150 148 151 149 152 151
 152 152 152 152 152 153 153 154 152 152 152 152 152 152 152 153 153 153
 153 153 153 153 153 153 154 154 154 154 153 153 153 153 153 153 153 153
 153 153 152 152 154 154 154 154 154 154 154 154 154 154 154 153 155 153
 154  30]"
"[ 29  29 138 138 138 139 138 139 139 138 138 138 137 137 138 138 137 137
 137 138 138 138 138 138 138 138 138 138 138 138 138 138 137 138 139 139
 139 139 140 140 139 139 138 138 139 139 139 139 138 138 140 135 139 117
  71  63  57  54  51  48  46  45  44  44  46  48  52  53  51  52  50  46
  45  46  47  48  51  54  58  61  62  62  61  62  64  66  65  56  40  30
  26  32  42  47  49  50  51  51  51  52  54  55  56  59  62  64  67  69
  72  74  74  74  73  73  65  42  39  45  50  52  56  58  60  62  65  69
  71  71  70  73  70  70  70  69  64  80 130 152 148 147 151 149 150 150
 151 151 151 151 151 152 152 152 151 151 151 151 151 150 151 152 153 153
 153 152 152 152 153 153 154 154 153 153 153 152 153 153 153 153 152 152
 152 152 152 152 153 153 153 153 153 153 153 153 154 154 153 153 154 152
 153  28]"
"[ 30  30 138 138 138 139 137 138 138 138 138 137 137 137 137 137 137 137
 137 137 137 138 138 139 138 138 138 138 138 138 138 138 138 138 139 139
 139 138 138 139 139 138 138 138 138 138 138 138 138 138 138 137 137 124
  68  60  57  56  54  51  48  46  47  47  49  50  52  51  49  50  49  44
  45  47  48  48  50  54  59  61  64  63  60  61  62  65  65  56  37  29
  25  32  40  44  46  48  49  50  50  52  55  55  56  58  59  61  63  66
  69  72  73  72  74  73  62  40  39  44  50  52  54  55  58  61  65  69
  70  69  72  71  69  67  69  65  62 101 145 147 147 149 150 149 150 149
 149 150 150 150 150 150 150 150 150 151 151 150 150 150 151 151 153 153
 152 152 152 152 153 153 153 153 153 152 152 153 153 153 153 153 153 153
 152 152 152 152 153 153 153 153 153 153 153 153 154 154 153 153 154 152
 153  28]"
"[ 30  29 137 137 137 138 137 138 138 138 137 137 137 136 137 137 137 136
 136 135 136 136 137 138 137 137 137 137 136 137 137 137 138 137 138 138
 138 137 137 138 138 138 138 137 137 137 137 137 138 138 135 137 136 129
  69  55  59  59  58  55  53  53  53  54  54  53  52  50  48  48  47  44
  45  47  49  48  49  54  59  61  65  65  61  61  62  63  63  55  35  28
  26  33  41  44  46  48  48  49  50  53  56  57  57  59  58  59  61  64
  68  71  72  72  72  71  55  37  38  43  47  50  53  54  57  60  65  68
  69  68  72  69  68  65  67  62  72 122 153 144 147 148 148 148 149 149
 148 148 149 149 150 150 151 151 151 151 150 150 150 150 151 151 152 152
 151 151 152 152 152 152 152 152 152 152 152 152 152 152 152 152 152 152
 152 152 152 152 152 152 152 152 152 153 153 153 153 154 153 153 154 153
 154  30]"
"[ 30  29 136 135 135 136 135 137 137 137 137 136 136 136 136 136 135 135
 135 135 135 135 136 137 136 136 136 135 135 135 136 137 137 136 136 137
 138 137 137 137 137 137 137 137 136 136 136 137 137 138 135 135 135 129
  76  55  59  58  57  55  56  58  59  59  57  54  52  50  48  47  47  45
  45  48  48  48  50  56  60  61  63  64  62  63  63  63  61  52  34  28
  27  36  43  45  46  49  48  50  51  53  56  57  57  59  59  59  60  62
  65  69  71  71  71  67  47  34  37  42  44  49  51  54  57  60  63  65
  66  66  68  66  66  65  64  64  94 140 150 145 146 146 148 146 149 148
 148 148 148 148 149 150 151 151 151 150 149 149 149 150 150 150 151 151
 150 151 151 152 151 151 151 151 151 151 152 152 151 150 151 151 151 151
 151 151 151 152 152 152 152 152 152 153 153 153 153 154 153 153 154 153
 154  29]"
"[ 29  28 135 134 134 135 135 136 136 136 136 136 135 135 135 136 135 135
 135 135 135 135 136 136 136 136 136 135 134 134 136 137 138 136 136 137
 137 136 136 136 136 136 137 136 135 135 136 137 136 139 137 133 134 127
  83  59  56  55  53  52  54  58  60  59  58  54  51  50  48  47  47  46
  46  48  48  48  52  59  62  60  60  62  63  64  64  63  60  50  33  27
  27  37  44  45  46  48  48  50  51  52  55  56  56  59  59  59  58  59
  62  66  69  69  72  66  42  34  37  43  44  49  49  53  57  59  61  62
  64  64  64  64  65  67  63  68 114 151 144 148 146 145 150 146 151 148
 147 147 146 146 146 147 149 150 150 149 147 147 148 149 149 149 150 150
 150 150 151 151 151 150 150 150 150 151 152 151 150 149 151 151 152 152
 152 152 152 152 152 152 152 152 152 152 153 153 154 154 153 153 154 152
 153  28]"
"[ 30  30 131 131 134 133 135 135 136 136 136 135 134 133 132 133 131 131
 132 133 135 136 136 135 136 135 134 133 132 132 133 134 134 136 136 135
 136 137 137 134 134 134 135 135 136 135 136 136 135 138 134 131 132 121
  89  63  55  52  49  47  47  48  52  56  55  54  52  50  48  48  48  47
  49  48  48  51  56  61  64  65  62  64  63  64  64  65  64  57  34  21
  29  37  44  47  48  49  50  51  52  53  53  55  57  59  59  59  59  59
  61  65  69  71  69  64  43  34  39  41  44  47  49  50  53  57  60  63
  65  65  63  66  65  67  67  79 141 147 146 146 146 146 147 147 147 147
 147 147 146 146 147 147 148 148 149 148 147 146 147 148 149 149 147 149
 150 150 149 149 149 150 150 150 150 150 150 150 150 150 151 151 152 152
 151 151 151 151 152 152 153 153 152 152 152 153 154 153 153 151 152 152
 152  29]"
"[ 29  29 130 130 132 132 134 134 135 134 134 134 133 132 131 132 132 132
 132 133 134 135 134 134 133 133 133 132 132 132 132 133 133 135 136 136
 137 138 136 133 132 132 133 134 134 133 134 135 136 135 132 132 132 116
  84  67  55  51  47  46  45  46  48  51  52  52  51  49  48  48  48  47
  50  50  51  54  58  62  65  66  64  65  64  65  65  65  65  58  38  23
  30  38  45  48  49  50  51  52  54  54  55  56  57  58  58  59  59  60
  62  65  67  68  68  60  39  32  39  42  44  46  49  51  53  56  59  62
  63  64  64  65  65  65  71 103 144 146 145 145 145 146 146 146 146 146
 146 146 146 146 145 146 147 148 148 147 147 146 147 147 148 148 148 149
 150 149 149 148 149 149 150 150 150 150 150 149 150 150 149 150 151 152
 152 151 150 150 151 151 152 152 151 151 152 152 153 152 152 151 152 152
 152  29]"
"[ 28  29 130 130 131 130 133 133 134 133 132 132 132 131 131 131 132 132
 131 132 133 133 133 132 131 131 131 132 132 132 132 132 132 134 135 135
 136 136 135 133 131 131 132 132 132 132 132 133 134 133 132 131 130 109
  79  69  56  51  47  46  46  46  46  47  50  50  50  49  49  49  49  48
  51  52  54  57  60  63  65  66  65  66  65  65  65  66  66  60  42  25
  30  39  47  49  50  51  52  54  56  57  57  57  58  58  59  59  60  62
  64  66  66  65  65  55  37  33  41  44  45  46  48  49  51  54  57  60
  62  63  65  65  67  63  79 129 146 145 144 145 145 146 146 146 145 145
 145 146 146 146 145 145 146 147 147 147 147 146 146 146 147 148 149 149
 149 148 147 147 148 148 149 150 150 150 149 149 149 150 150 150 151 152
 151 151 151 151 151 151 151 151 151 151 152 152 153 151 152 151 152 152
 152  30]"
"[ 29  30 131 130 130 129 132 132 133 132 131 131 131 131 131 131 131 131
 131 132 132 132 131 131 131 131 131 132 132 132 132 131 132 132 132 132
 133 134 134 133 131 131 131 132 132 131 131 132 132 132 133 128 125 103
  75  67  57  53  48  48  48  48  48  47  51  51  51  50  49  50  50  50
  52  54  56  58  60  62  64  66  64  66  64  65  65  66  67  61  44  26
  30  39  48  51  51  52  53  55  58  59  59  59  59  59  60  62  63  64
  65  66  66  65  64  52  38  37  43  46  46  45  46  47  48  50  53  57
  61  63  64  67  68  62  95 143 144 145 144 145 145 146 146 146 146 145
 145 146 147 147 146 146 146 147 147 147 147 146 145 146 146 147 148 148
 148 148 147 147 147 147 148 149 149 149 148 148 148 149 151 151 151 150
 150 150 151 151 151 151 151 151 151 151 152 152 152 151 152 151 152 152
 152  30]"
"[ 29  29 130 129 129 128 130 131 131 130 129 130 130 130 130 130 130 130
 131 131 132 131 130 130 130 130 131 131 132 132 131 130 131 131 131 131
 131 132 132 132 131 131 131 131 131 130 131 132 132 132 132 128 123  94
  73  67  60  55  50  49  50  50  49  49  51  52  51  50  50  50  51  51
  54  55  56  57  58  60  64  66  64  66  64  65  64  66  67  61  43  26
  32  41  50  53  53  54  55  57  59  61  61  61  61  61  62  64  65  65
  65  66  67  67  64  49  39  38  42  44  44  45  46  46  47  48  50  54
  59  61  63  67  66  65 116 145 143 145 144 145 145 146 146 146 146 145
 146 146 146 146 146 146 146 146 146 146 146 146 145 145 146 147 147 147
 147 147 147 147 147 147 146 147 148 148 147 146 147 148 149 150 150 149
 149 148 149 149 150 150 150 150 150 151 151 151 151 151 152 150 151 151
 151  29]"
"[ 29  30 130 129 129 128 130 130 130 129 129 130 130 130 129 130 130 130
 130 131 131 130 130 130 130 130 130 130 130 130 129 129 130 130 131 132
 132 132 131 131 131 131 131 131 130 130 130 131 134 131 130 131 121  85
  72  69  63  58  53  51  51  50  49  49  52  53  52  51  50  51  52  52
  53  54  55  56  56  58  62  65  65  66  65  65  65  66  68  62  43  28
  35  43  51  55  55  56  56  58  61  62  63  63  63  64  63  64  65  66
  66  67  67  67  64  46  39  39  40  42  44  46  47  47  48  48  50  53
  57  60  63  64  64  80 136 144 144 144 144 144 144 145 145 145 145 145
 145 145 145 145 146 146 146 146 146 146 146 146 145 145 146 146 146 146
 147 147 147 147 147 147 147 147 148 148 147 147 147 148 147 148 150 150
 150 149 148 147 150 149 149 150 150 151 151 151 151 151 152 150 151 150
 150  28]"
"[ 30  30 129 128 129 128 129 129 129 129 129 130 130 129 129 129 130 130
 130 129 129 129 129 130 129 129 129 129 129 129 129 130 130 130 130 131
 132 131 131 131 131 131 131 131 130 129 129 130 132 130 129 133 118  77
  73  69  66  61  56  52  51  49  49  50  53  54  54  52  50  50  50  51
  51  52  53  54  55  57  59  61  63  66  65  66  66  68  69  64  42  30
  38  44  51  55  57  58  58  59  61  62  63  63  64  64  64  64  65  67
  68  69  68  67  60  42  39  42  42  45  47  49  49  49  50  51  52  54
  58  60  65  62  67 105 145 142 143 143 143 143 143 143 144 144 144 144
 144 145 144 144 144 145 145 146 146 146 146 146 146 146 146 146 146 146
 146 146 146 147 147 147 147 147 148 148 148 147 147 147 147 148 149 150
 150 149 149 149 150 149 149 149 150 151 151 151 150 150 151 150 151 150
 151  29]"
"[ 29  29 128 127 128 127 128 128 127 128 129 129 129 128 128 128 131 130
 129 128 128 128 129 130 129 129 129 129 128 129 130 131 131 130 129 129
 130 130 131 131 132 131 131 131 130 129 130 131 128 131 130 132 113  74
  76  67  67  62  56  52  50  48  48  49  53  54  54  52  49  48  48  47
  48  50  52  53  54  55  57  58  61  64  64  66  66  69  71  66  41  31
  39  44  50  55  57  58  58  59  61  61  61  62  63  64  64  65  65  68
  71  72  69  66  54  36  37  44  45  48  49  50  49  51  52  53  54  57
  59  62  66  63  73 125 146 139 141 143 144 143 143 143 143 144 144 145
 144 145 145 144 144 144 145 147 146 146 146 146 146 146 146 146 147 146
 146 145 146 146 147 147 146 146 146 147 147 146 146 146 148 148 147 147
 147 148 150 151 149 148 148 148 149 150 150 150 149 149 150 150 150 150
 150  29]"
"[ 30  30 126 126 127 128 127 128 129 128 128 127 127 127 128 128 128 128
 128 129 128 129 129 130 129 129 128 128 129 131 130 128 127 129 130 130
 129 129 130 130 130 130 130 130 130 130 130 130 130 130 132 118 106  79
  70  70  67  64  60  54  50  48  50  52  56  54  52  51  49  47  46  47
  45  48  50  51  51  53  55  57  57  60  65  66  69  73  73  67  48  31
  39  46  49  52  56  57  57  59  60  60  59  58  59  60  63  63  68  69
  74  74  72  69  53  34  39  43  48  48  48  51  51  52  52  53  57  60
  62  64  66  68  88 140 143 140 141 142 144 143 143 142 143 144 144 144
 144 144 144 144 144 144 145 145 147 146 146 145 145 145 145 145 145 145
 146 146 147 147 147 146 146 147 147 147 147 147 148 148 148 148 148 149
 148 148 149 151 149 148 147 148 149 150 151 150 148 149 148 149 150 150
 148  29]"
"[ 28  29 125 125 125 126 125 126 127 127 126 126 127 128 128 129 128 128
 128 128 128 128 129 129 129 129 128 127 128 130 130 129 128 129 130 129
 129 129 129 130 130 130 130 130 130 130 130 130 129 128 129 115 100  76
  69  69  67  65  62  57  52  49  50  53  55  53  51  49  47  46  45  44
  40  42  45  47  49  52  54  56  56  60  65  68  70  74  73  66  46  30
  38  45  49  52  54  53  54  55  57  57  56  56  58  60  64  65  71  73
  77  75  74  71  52  36  40  43  47  48  49  51  53  53  54  57  60  60
  62  66  72  76 108 144 144 140 141 142 143 143 142 142 143 144 144 143
 143 143 143 143 144 144 144 145 146 146 145 145 145 145 145 146 145 146
 146 146 146 146 146 146 146 147 147 147 146 147 148 148 147 148 148 149
 148 148 148 150 148 147 147 148 149 150 150 149 148 149 148 149 149 149
 148  29]"
"[ 28  29 125 125 125 125 124 126 126 125 124 125 126 127 127 128 127 127
 127 126 126 126 127 127 128 128 127 126 127 128 129 129 129 129 129 128
 128 129 129 129 130 129 129 129 129 129 129 129 129 126 126 111  94  73
  70  69  66  66  65  61  56  52  53  55  57  55  52  49  46  45  43  41
  39  40  42  43  46  50  52  53  53  56  62  67  71  75  73  67  44  29
  36  43  49  53  54  51  53  54  54  55  55  56  59  61  61  64  72  74
  77  75  74  69  50  37  40  43  47  49  50  52  53  54  56  60  62  60
  61  67  69  82 125 144 141 140 142 143 141 141 142 142 142 143 143 143
 142 142 143 143 143 144 144 144 145 145 145 144 145 145 145 146 146 146
 146 146 146 146 146 145 146 146 146 146 146 146 147 148 147 147 148 148
 147 147 147 148 146 146 147 148 149 149 148 147 148 148 147 148 147 147
 147  29]"
"[ 29  30 126 125 125 125 125 126 125 124 123 123 124 125 125 125 125 125
 125 124 124 124 125 126 125 126 126 126 126 126 127 127 128 128 127 127
 127 128 128 128 129 129 128 128 128 128 128 128 128 125 124 108  89  73
  72  70  66  67  66  64  60  57  57  58  58  57  54  50  48  46  43  40
  40  41  42  44  47  50  53  53  54  56  61  65  70  74  73  67  45  31
  36  40  47  51  52  50  49  49  50  51  52  54  57  59  63  66  74  77
  80  78  78  70  45  38  41  43  46  50  51  53  55  57  59  62  63  62
  64  68  67  97 137 141 138 140 141 142 141 141 141 141 142 143 143 143
 142 143 143 143 143 143 143 144 144 144 144 144 144 144 145 145 145 146
 146 146 146 146 146 146 146 146 146 146 146 146 146 147 146 146 147 147
 147 146 146 146 146 146 146 147 148 148 147 146 147 148 147 147 146 146
 146  29]"
"[ 29  29 125 124 124 124 124 125 125 124 123 123 124 124 124 124 123 123
 124 124 123 124 124 125 124 124 126 126 126 125 125 126 126 126 125 125
 126 127 128 127 127 127 127 127 127 127 127 127 126 125 121 105  86  74
  73  70  67  66  66  65  64  62  61  61  57  56  53  51  49  47  44  41
  40  41  44  48  51  54  55  55  57  59  62  66  70  73  71  64  45  33
  37  40  44  47  47  46  46  47  48  50  51  54  57  59  64  68  74  78
  81  81  81  67  41  39  41  45  47  50  50  53  58  63  64  64  65  66
  68  70  78 121 143 140 138 140 139 138 141 141 140 140 141 143 143 143
 142 143 144 144 143 143 143 143 144 144 144 144 143 144 144 144 145 145
 145 145 146 146 146 146 146 146 146 146 146 146 146 146 146 146 146 147
 147 146 145 146 146 146 146 146 147 147 147 146 147 148 147 147 145 145
 146  29]"
"[ 29  29 124 124 124 124 123 124 124 123 123 123 124 124 124 124 122 123
 124 124 124 124 124 124 123 124 125 127 126 125 125 125 125 125 125 125
 126 127 127 126 126 126 126 126 126 126 126 126 125 124 117 100  82  73
  71  68  66  65  65  65  65  64  62  62  57  55  52  50  47  44  42  41
  42  45  50  55  58  60  58  56  60  61  64  68  70  72  69  63  41  30
  36  39  44  45  44  45  45  47  49  51  52  55  58  61  64  69  74  77
  80  81  81  62  37  39  41  46  47  49  50  53  60  65  66  65  66  69
  70  71  92 134 139 138 138 140 139 138 140 140 139 139 139 141 141 141
 142 143 143 143 142 142 143 143 144 144 144 143 143 143 143 143 144 144
 145 145 145 145 146 146 145 146 146 146 146 146 146 146 147 146 146 147
 147 146 146 146 146 146 146 146 146 146 146 147 146 147 146 147 145 145
 146  29]"
"[ 29  29 123 123 124 125 123 124 123 122 122 122 123 123 124 124 123 123
 124 125 124 123 123 123 123 123 124 126 126 124 124 125 125 125 125 125
 126 127 126 126 125 125 125 126 126 126 126 126 125 125 113  93  78  72
  68  66  66  65  65  65  64  63  61  61  58  54  50  48  45  42  41  42
  49  53  57  61  65  67  66  65  66  66  67  69  71  72  70  65  41  29
  34  37  44  45  45  49  47  49  51  52  53  55  59  61  66  72  77  78
  80  82  81  58  35  38  39  47  47  49  50  56  60  64  65  66  69  71
  72  74 109 135 133 137 138 138 139 140 139 139 138 138 138 140 140 139
 140 141 142 141 141 141 142 143 144 143 143 143 143 143 143 144 144 144
 144 144 144 145 145 145 144 145 145 145 145 145 145 145 146 146 146 146
 146 146 146 147 146 146 146 145 145 146 146 146 146 147 146 146 145 146
 146  29]"
"[ 29  28 122 122 123 124 123 123 122 122 122 122 122 122 122 123 122 123
 124 125 124 123 122 121 123 123 123 125 125 123 123 124 125 126 126 126
 126 126 126 125 125 125 125 125 126 126 126 126 125 126 111  89  75  70
  66  64  65  65  65  65  63  61  59  59  56  51  48  47  45  42  43  47
  56  58  61  65  69  74  76  77  77  74  72  71  70  72  71  67  47  33
  34  37  44  45  46  52  55  56  58  58  58  60  63  66  64  72  76  76
  76  78  78  53  33  37  38  47  47  49  52  59  62  63  65  69  74  75
  76  79 128 139 136 141 139 136 138 139 139 139 139 139 140 140 140 139
 139 139 140 140 140 141 142 144 143 143 143 143 143 143 144 144 144 144
 144 144 144 144 144 144 144 144 144 144 144 144 145 145 146 145 144 145
 145 145 145 146 146 146 146 146 145 145 146 146 146 147 146 147 146 146
 146  29]"
"[ 28  30 122 121 123 123 123 123 122 122 121 122 122 122 122 122 122 123
 124 125 124 123 123 122 122 123 124 124 124 123 123 124 125 126 127 126
 126 126 126 125 126 125 125 125 126 126 126 126 122 121 107  87  75  73
  66  65  63  64  64  62  61  60  58  57  55  52  49  46  45  46  50  53
  58  61  64  66  68  71  75  76  79  78  75  73  74  72  69  63  48  31
  35  39  45  50  54  58  63  66  67  65  65  68  68  65  67  71  75  75
  76  74  75  52  32  37  43  45  46  50  56  60  63  67  70  71  73  75
  73  96 138 136 135 138 140 139 138 138 138 138 138 139 140 140 140 140
 141 140 139 138 139 140 141 142 143 142 142 143 144 144 143 142 144 143
 143 143 143 144 143 143 143 143 143 143 142 143 144 144 146 145 144 144
 144 144 144 145 146 146 145 145 145 145 145 146 146 147 147 145 145 147
 145  29]"
"[ 28  30 121 121 122 122 122 122 122 122 122 122 122 122 122 121 122 123
 124 124 123 123 122 122 122 123 124 125 124 124 124 124 124 125 126 126
 126 126 126 125 125 125 125 126 127 126 125 125 122 119 100  80  72  69
  66  66  65  64  62  61  60  60  58  56  55  52  49  47  47  49  53  57
  60  62  64  65  67  70  73  76  81  82  79  76  74  71  68  62  43  29
  36  41  50  57  61  65  67  70  72  72  73  74  74  72  72  73  73  74
  75  72  70  47  38  41  44  45  47  51  57  62  66  69  72  72  76  73
  81 112 139 137 137 139 140 139 138 138 138 138 138 139 139 140 139 139
 140 139 138 138 138 139 140 141 141 141 141 142 143 144 144 143 143 143
 143 143 143 143 143 143 143 143 143 143 142 143 143 144 144 144 144 144
 144 144 144 144 145 146 145 145 144 144 145 145 145 146 146 145 145 146
 144  29]"
"[ 28  29 120 119 121 121 120 120 121 121 121 122 122 122 122 121 121 122
 123 123 123 122 122 122 123 123 124 124 124 124 124 124 123 124 125 125
 125 126 126 126 124 124 124 125 126 125 124 124 122 118  93  76  73  68
  67  66  66  64  61  59  59  60  59  57  55  52  49  48  48  50  55  61
  61  61  62  64  65  67  71  76  80  84  82  78  73  70  67  58  39  29
  37  43  53  60  64  66  69  72  75  78  79  80  80  80  77  74  71  73
  76  74  69  47  43  44  46  47  49  54  60  64  68  71  75  74  77  72
  94 129 138 137 137 138 139 139 138 138 138 138 138 138 139 139 139 138
 139 138 138 138 138 139 140 140 139 139 140 141 142 142 142 142 141 142
 143 143 142 142 143 143 143 143 143 143 142 142 143 143 143 143 144 144
 144 143 143 143 144 144 144 144 143 143 143 144 145 146 145 144 144 145
 144  29]"
"[ 29  29 119 118 119 119 119 119 119 119 120 121 122 122 122 122 121 121
 122 122 122 122 122 122 122 122 123 123 123 123 123 123 122 123 124 124
 124 125 125 125 124 124 123 124 125 124 124 124 124 117  85  76  74  71
  67  66  65  63  61  59  59  60  59  58  56  52  49  48  48  50  55  61
  62  60  61  63  65  66  71  77  81  87  86  84  77  73  70  59  36  31
  39  45  55  60  63  62  67  70  74  78  81  83  84  86  80  74  70  74
  77  75  69  52  48  49  50  51  53  56  61  65  70  73  78  78  76  79
 109 137 137 137 137 138 138 138 138 138 138 138 138 138 138 138 138 138
 138 138 139 139 139 139 140 140 139 139 140 140 140 140 140 140 140 141
 142 142 142 142 142 143 142 143 143 143 142 142 142 142 143 143 143 143
 143 143 142 142 143 143 144 144 143 143 143 143 144 145 145 144 144 145
 143  29]"
"[ 29  29 118 116 118 118 118 118 118 118 119 120 121 121 121 121 120 121
 122 122 122 122 122 122 122 122 122 122 122 123 123 122 123 124 124 124
 124 124 124 124 124 124 124 125 126 125 124 124 125 113  78  75  72  72
  65  65  65  64  62  60  59  59  59  58  55  52  49  47  48  51  56  62
  63  62  62  64  66  67  72  78  80  87  88  87  80  74  72  57  33  32
  40  47  57  61  63  62  65  67  71  75  78  82  86  89  83  75  70  74
  76  74  66  56  58  58  59  59  57  57  61  65  73  77  81  81  75  94
 123 138 136 137 138 138 138 138 138 138 137 137 137 138 138 138 138 139
 138 138 139 139 139 139 139 140 139 140 140 140 139 139 139 140 140 140
 140 141 142 143 142 142 141 142 143 142 141 141 142 142 143 143 143 143
 142 142 142 142 143 144 144 144 144 144 144 145 143 144 144 144 143 144
 143  29]"
"[ 29  28 117 115 117 117 117 117 118 118 118 119 119 119 119 119 119 120
 121 122 122 122 122 122 122 122 122 122 122 122 122 122 123 123 124 123
 123 123 124 124 122 123 124 126 126 125 123 122 126 107  74  73  70  71
  64  64  65  65  63  61  60  59  59  58  54  52  49  47  48  53  59  62
  63  62  63  64  65  67  72  77  80  86  88  89  80  72  71  55  32  32
  40  48  59  60  62  61  64  66  69  72  75  81  86  89  85  74  68  74
  77  74  66  60  64  67  69  67  62  60  64  70  77  80  82  81  82 111
 132 136 136 137 137 137 137 137 137 137 136 137 137 137 137 138 138 139
 138 138 138 138 138 138 138 138 139 140 140 140 139 139 139 140 140 139
 140 141 142 142 142 141 140 141 142 142 141 141 142 143 143 143 143 143
 142 142 142 142 142 143 144 144 144 144 144 144 143 143 143 143 143 143
 142  29]"
"[ 29  28 117 114 116 117 117 117 118 118 117 117 118 118 118 118 119 120
 121 122 122 121 121 121 121 122 122 121 121 120 121 122 122 123 123 122
 122 123 123 123 122 122 122 124 124 123 121 121 125 100  77  73  71  69
  65  64  64  64  63  62  61  61  59  58  54  54  50  46  48  55  60  61
  60  61  62  63  64  67  72  75  82  88  90  93  81  71  71  57  32  33
  40  49  60  59  60  60  63  67  70  71  75  81  87  89  88  73  65  74
  78  77  67  63  66  72  78  77  69  64  67  74  78  82  83  82  99 126
 134 135 135 136 136 135 136 137 136 135 137 137 137 137 137 137 138 138
 138 138 138 138 138 138 138 138 139 139 139 139 139 139 139 139 139 139
 140 141 141 141 141 140 140 141 141 141 140 140 142 143 143 143 143 143
 142 142 141 141 141 141 142 143 142 142 142 142 142 143 143 143 142 142
 141  29]"
"[ 29  28 116 114 116 117 117 117 118 117 116 116 117 117 118 117 118 119
 121 122 122 121 121 121 121 121 121 121 120 119 120 121 121 122 122 122
 122 123 123 123 123 122 121 121 122 122 122 122 122  95  80  73  74  68
  66  64  64  63  61  61  62  62  61  59  56  56  52  46  48  55  59  58
  58  60  62  62  64  68  73  75  80  86  88  91  78  67  69  56  32  34
  40  50  62  60  61  62  63  68  72  73  76  84  89  90  92  74  63  73
  79  78  66  62  67  75  84  84  74  65  66  72  78  83  85  84 116 137
 134 135 134 135 135 135 136 137 137 136 137 138 138 137 137 137 137 138
 138 138 138 138 138 138 138 138 138 138 138 138 138 138 138 138 138 139
 140 141 140 140 140 140 139 140 141 140 140 140 142 144 142 143 143 143
 143 142 141 140 141 141 142 143 142 141 141 140 142 142 142 142 142 142
 141  29]"
"[ 29  29 114 115 116 117 117 117 117 118 117 116 115 115 116 116 117 119
 120 121 120 119 119 120 120 119 118 118 118 119 120 120 120 120 121 122
 122 122 122 123 123 122 122 122 121 122 123 121 113  90  78  75  70  67
  65  65  64  63  61  61  61  62  61  61  59  57  53  47  48  53  56  55
  57  58  60  61  64  69  74  76  79  85  88  91  84  66  63  55  33  32
  46  54  57  64  62  64  66  70  74  74  76  82  88  91  90  81  60  73
  78  73  62  60  66  81  88  93  82  67  65  71  79  82  85 106 128 135
 136 135 134 133 134 136 137 136 136 137 138 138 137 137 138 138 138 137
 138 138 138 138 139 138 138 138 138 138 138 139 138 138 138 138 138 139
 141 141 140 139 139 139 140 140 140 140 140 140 141 142 143 143 143 143
 143 142 142 141 142 142 142 142 142 142 142 142 142 143 142 142 141 142
 144  28]"
"[ 29  29 114 115 115 116 116 116 115 116 117 116 116 116 116 116 118 119
 119 120 119 119 120 121 121 120 119 119 119 119 120 120 120 120 122 122
 122 122 122 122 123 122 122 122 121 122 123 121 112  89  78  74  70  67
  65  63  63  62  60  60  61  62  61  61  59  58  53  47  48  54  57  57
  59  59  59  60  63  68  73  77  79  84  87  91  84  65  64  57  32  32
  47  54  58  65  64  66  68  71  74  75  78  84  90  93  94  84  62  73
  79  74  64  62  67  81  91  96  82  68  72  76  83  81  92 119 131 132
 133 135 133 133 133 135 136 137 138 139 137 137 136 137 137 137 137 137
 136 137 138 138 138 137 137 138 138 137 137 138 138 137 137 137 137 139
 141 142 141 140 140 140 141 141 141 141 142 142 143 144 143 144 144 144
 144 144 143 143 143 143 143 143 143 143 143 143 144 144 143 145 144 144
 145  29]"
"[ 30  29 113 114 114 116 116 116 115 116 117 117 117 117 116 116 118 118
 118 118 118 120 121 122 121 121 121 121 120 120 121 121 120 121 122 122
 122 122 122 122 122 121 121 122 121 121 123 122 107  86  76  73  70  68
  66  65  62  61  60  60  61  62  61  61  60  58  53  47  48  53  58  58
  61  61  62  63  65  69  74  78  82  87  91  94  84  67  68  63  33  35
  49  56  59  63  63  65  70  71  73  75  79  84  90  95  98  86  65  73
  79  74  65  66  70  82  96 100  78  63  73  75  82  81 104 131 132 132
 133 136 136 135 134 134 135 137 138 138 137 137 136 137 137 138 138 138
 137 139 140 140 139 139 139 140 139 139 139 140 139 139 139 139 139 140
 142 144 144 143 143 143 143 142 142 143 144 144 145 145 144 145 145 146
 146 146 145 145 145 145 145 145 145 145 146 146 145 146 145 147 146 146
 146  29]"
"[ 29  29 113 114 114 115 116 116 116 117 118 117 117 118 117 117 118 117
 116 117 118 120 121 122 122 122 122 122 121 121 122 122 121 122 122 122
 122 122 122 122 123 121 121 123 122 122 123 123 102  83  74  72  68  68
  67  66  63  61  59  59  60  61  61  61  61  59  54  48  48  53  57  57
  60  61  64  66  68  71  74  76  84  90  95  94  83  69  74  67  35  40
  51  56  58  60  59  62  68  69  71  75  78  81  88  95  99  86  67  74
  79  74  66  68  77  88 103 108  75  62  73  76  79  90 121 135 134 136
 137 136 137 138 137 135 136 138 138 137 138 138 139 139 140 141 140 140
 140 141 142 142 142 142 143 143 143 143 143 143 143 142 142 143 141 143
 144 145 145 145 145 145 145 144 144 144 145 146 146 146 145 145 146 147
 147 147 146 146 146 146 146 146 146 146 147 147 146 146 145 147 146 146
 146  29]"
"[ 29  29 114 115 115 116 116 117 117 118 118 117 117 118 117 117 116 116
 116 117 118 120 121 121 121 122 122 122 121 121 121 121 122 122 121 120
 120 122 122 122 123 121 121 123 122 122 122 121  98  82  75  71  66  65
  65  64  64  62  59  59  59  61  61  61  62  60  56  52  52  55  58  58
  59  60  63  66  67  68  70  72  80  86  89  87  80  74  77  63  35  42
  52  55  57  58  58  61  65  67  71  75  77  80  86  94  98  86  71  75
  79  72  66  71  80  92 108 113  73  65  74  79  84 107 136 135 138 139
 140 137 137 138 139 139 140 142 142 140 141 141 142 143 144 144 143 142
 143 142 142 143 144 145 145 144 146 145 145 146 146 145 145 145 144 145
 145 145 146 146 146 147 146 146 145 145 146 146 146 146 145 145 146 146
 146 146 145 145 145 145 146 146 146 146 146 146 146 146 145 146 145 146
 146  29]"
"[ 29  29 115 116 115 116 117 117 117 117 117 117 117 117 117 116 116 116
 116 118 119 121 121 121 121 121 121 121 121 121 121 121 121 122 121 120
 120 122 122 122 122 121 121 122 121 121 119 115  93  79  73  70  65  65
  65  64  64  62  59  58  59  60  61  61  62  61  59  56  56  59  61  61
  60  60  61  63  64  65  68  71  76  80  80  81  81  81  81  56  34  43
  50  54  56  58  60  64  64  67  72  76  78  81  87  94  97  87  76  79
  81  71  65  73  82  98 116 110  71  69  75  83  95 119 140 136 141 140
 140 142 139 140 142 143 144 145 144 143 143 143 144 145 146 145 145 144
 144 143 143 144 145 146 146 145 146 146 146 146 146 146 145 146 145 145
 145 145 145 145 146 146 146 146 146 146 146 146 146 146 146 146 146 146
 146 146 146 146 146 146 146 146 146 146 146 146 146 146 145 146 145 145
 146  29]"
"[ 29  30 115 117 116 117 116 117 116 117 117 117 117 118 117 116 116 117
 118 119 120 121 121 121 121 121 121 121 121 121 121 121 122 123 122 121
 122 124 124 122 121 122 124 124 123 124 119 112  89  75  71  68  65  66
  66  64  63  61  59  58  59  60  61  60  61  61  60  59  59  61  63  63
  62  61  61  63  64  65  69  72  76  78  79  82  84  84  81  53  35  44
  50  53  56  58  61  66  65  67  72  77  81  85  91  96  97  88  81  82
  81  69  65  75  88 107 127 105  73  76  82  89 109 129 138 138 139 140
 141 144 143 143 144 145 146 145 144 143 144 144 144 144 145 145 144 144
 144 144 144 144 145 146 146 146 146 145 145 146 146 145 145 145 146 145
 145 145 145 145 146 146 145 146 146 146 146 146 146 146 147 146 146 146
 146 146 146 147 147 147 147 147 147 146 146 146 146 146 145 146 145 145
 146  30]"
"[ 29  30 116 117 116 116 116 116 116 116 117 118 118 119 118 117 117 117
 119 120 121 122 122 122 122 122 121 121 122 122 122 122 123 124 124 123
 124 126 125 123 123 125 127 128 128 129 123 114  89  75  70  67  65  67
  66  62  61  59  58  58  59  60  60  60  60  60  59  59  59  61  63  63
  62  61  62  64  66  67  70  74  75  78  82  86  86  83  80  52  38  48
  51  53  56  57  61  65  66  68  72  77  82  88  93  97  96  89  84  83
  81  67  64  76  88 110 133  97  73  80  88  93 121 138 138 142 136 141
 142 143 144 143 143 145 146 144 144 145 144 144 143 143 143 144 144 143
 143 143 144 144 144 145 145 146 146 145 146 146 146 145 145 146 146 146
 146 146 146 146 146 146 144 145 146 146 146 146 146 147 145 145 145 144
 144 145 146 146 146 146 146 146 145 145 145 144 145 146 145 146 144 144
 145  29]"
"[ 29  29 118 116 117 118 117 119 117 117 117 117 119 121 122 121 117 118
 119 120 119 120 122 126 125 125 125 126 126 127 128 129 129 129 129 130
 130 131 132 132 134 134 136 137 135 136 137 117  93  73  69  70  65  65
  65  63  63  61  60  60  61  60  58  57  58  58  58  58  58  59  60  60
  60  60  61  62  65  69  72  74  76  80  82  83  88  88  72  51  47  51
  55  55  55  57  59  60  62  64  68  74  79  83  88  94  91  87  85  84
  76  67  69  77  89 110 126  88  78  83  89 102 126 139 140 138 140 139
 140 141 143 144 144 144 144 144 144 144 144 144 143 143 143 144 144 144
 144 145 145 145 144 144 145 146 146 146 146 147 146 146 146 146 146 146
 146 146 146 146 145 145 145 146 147 146 145 145 145 146 146 146 145 145
 145 145 146 146 147 146 146 146 145 145 145 145 146 146 147 146 143 144
 143  29]"
"[ 28  29 122 122 123 123 121 123 123 123 123 124 126 128 129 128 127 128
 130 131 130 130 132 135 137 137 136 136 136 137 137 138 136 136 137 137
 138 138 139 139 138 137 139 139 137 138 138 117  95  77  72  71  65  65
  66  63  61  60  59  60  59  58  58  58  58  58  59  59  58  59  59  59
  59  59  60  61  65  69  73  75  78  79  83  88  88  78  62  50  51  55
  57  57  57  59  61  61  62  64  68  74  77  80  85  89  90  88  85  80
  72  67  71  78  90 106 116  86  79  86  92 105 122 136 138 138 140 141
 142 143 143 143 143 143 143 144 144 145 144 144 143 144 144 145 145 144
 145 145 145 145 145 145 146 146 146 146 146 146 146 146 146 146 145 145
 145 145 145 145 145 145 145 146 147 147 146 146 146 147 146 146 145 145
 145 145 145 145 146 146 145 145 145 145 144 144 145 145 145 145 142 143
 143  29]"
"[ 28  31 130 131 132 131 129 130 130 131 131 132 133 134 135 135 134 135
 137 138 138 137 138 140 139 139 139 138 138 138 138 138 137 138 138 139
 139 139 140 140 140 139 140 140 139 139 139 116  93  77  73  70  64  65
  66  64  60  59  59  59  58  57  57  58  57  58  58  59  58  58  58  59
  60  60  59  61  64  68  73  76  79  79  83  88  83  71  59  53  56  58
  59  59  58  60  62  63  64  65  68  73  77  79  83  86  90  88  82  74
  68  69  76  83  93 103 105  88  82  86  90 103 119 132 137 138 141 141
 142 143 144 143 142 142 142 143 144 144 143 143 143 143 144 144 144 144
 144 145 145 144 144 145 145 146 146 146 146 145 145 145 146 146 145 146
 145 145 145 145 145 144 144 145 146 146 145 145 146 146 146 146 146 145
 145 145 145 145 145 145 144 144 145 145 144 143 144 143 144 144 142 144
 143  29]"
"[ 29  32 136 137 137 136 135 136 135 136 136 136 136 136 137 136 135 136
 138 139 138 137 138 139 138 138 138 138 138 138 138 138 138 138 139 139
 140 140 140 140 140 139 139 139 139 140 138 115  91  76  71  67  63  65
  65  63  60  59  59  58  57  56  57  58  57  57  58  58  58  58  58  59
  61  60  60  61  63  68  73  76  79  81  83  80  74  67  62  60  59  60
  61  60  60  62  64  65  65  66  68  73  77  81  84  87  89  84  75  67
  64  69  78  85  91  98  95  89  80  80  83  96 113 127 135 138 140 141
 143 143 145 144 143 142 142 142 143 143 143 142 142 143 143 144 144 144
 144 144 145 145 145 145 146 146 146 146 146 146 146 146 146 146 146 146
 146 146 146 145 145 145 145 145 146 145 145 144 145 145 146 146 146 146
 146 146 145 145 145 144 144 144 145 145 144 143 144 144 144 144 143 144
 144  29]"
"[ 28  29 137 136 137 136 136 137 136 138 138 137 136 136 136 136 136 137
 137 138 138 137 138 139 139 139 139 139 139 139 139 139 138 138 139 139
 140 140 140 140 140 138 139 139 138 139 137 113  92  77  70  67  64  65
  63  59  62  60  58  58  58  57  57  58  57  57  57  57  57  57  59  59
  61  61  61  62  64  68  72  75  78  80  78  72  66  65  64  64  62  63
  63  63  63  64  65  66  65  67  70  75  79  82  84  85  83  76  68  63
  63  68  75  81  83  87  84  82  73  71  76  91 105 120 131 138 140 141
 144 144 145 145 144 144 143 143 144 144 144 143 143 143 143 144 144 145
 144 144 145 146 146 146 146 145 145 146 146 146 146 146 146 146 146 146
 146 146 146 145 145 145 146 146 146 146 145 145 145 145 146 146 146 146
 146 146 145 145 145 144 143 144 145 145 144 143 144 144 144 144 143 144
 144  29]"
"[ 29  28 138 136 136 135 136 137 137 138 138 138 137 137 137 137 138 137
 137 138 138 138 138 139 138 138 138 138 138 137 137 137 137 137 138 138
 138 139 139 140 140 139 139 138 137 138 135 109  90  75  68  65  65  65
  62  60  62  60  59  58  58  58  58  58  57  57  57  56  56  57  58  59
  59  60  61  62  63  66  69  72  72  71  69  67  65  64  65  66  64  64
  65  65  65  65  66  66  66  69  74  78  81  81  80  78  73  67  64  65
  68  71  75  79  79  79  75  73  64  66  72  87 100 115 129 138 140 141
 144 143 143 143 143 143 144 144 144 144 144 143 143 143 143 144 145 145
 143 144 144 145 146 146 145 144 144 145 146 146 146 146 145 145 145 145
 146 146 145 145 145 145 145 145 145 145 145 145 145 145 145 145 145 145
 145 145 144 144 144 144 144 144 145 145 144 144 144 143 144 144 142 144
 143  28]"
"[ 30  28 139 136 137 136 137 137 137 138 138 138 138 138 138 137 138 137
 137 138 138 138 138 138 138 138 138 138 138 138 138 138 139 139 139 139
 139 140 141 141 141 140 141 139 137 137 134 108  88  73  66  65  65  64
  62  62  60  59  59  59  58  58  58  60  58  58  57  57  56  56  57  58
  58  59  61  62  62  63  64  66  65  63  63  65  65  65  65  66  65  65
  65  66  67  67  67  68  69  71  74  76  76  75  72  70  66  64  63  67
  70  72  74  77  74  70  66  62  59  64  69  80  93 109 125 136 139 140
 144 142 142 143 143 143 143 144 144 144 144 144 143 143 144 144 144 144
 144 144 144 144 145 145 145 144 144 145 145 146 146 146 146 146 145 145
 146 146 146 146 145 145 145 144 144 144 144 145 145 145 144 144 144 144
 144 144 144 144 144 144 144 144 145 145 144 144 144 143 143 143 143 144
 144  29]"
"[ 30  27 139 135 137 136 137 136 136 137 138 138 138 138 137 137 138 138
 137 138 138 138 138 138 138 138 138 138 138 138 138 138 138 138 138 138
 138 139 141 141 143 142 143 141 139 139 135 109  89  74  67  65  64  63
  60  62  58  58  59  59  58  57  59  61  58  58  58  57  56  56  56  56
  58  59  61  61  60  60  60  60  63  64  64  63  65  66  65  63  66  66
  66  68  69  69  70  71  70  71  72  71  69  67  66  64  65  64  64  65
  67  68  70  71  65  59  57  53  55  64  67  73  84 100 119 132 136 138
 144 143 144 144 144 144 144 144 145 145 145 145 144 145 145 145 145 145
 146 145 145 145 145 146 146 146 145 145 145 146 146 146 147 147 146 146
 146 146 146 146 146 146 146 146 145 145 145 145 145 144 144 144 144 144
 144 144 144 145 144 144 144 145 144 144 144 144 144 143 143 144 143 145
 144  29]"
"[ 28  30 136 134 131 131 135 137 137 137 137 137 137 137 138 138 138 138
 137 138 138 138 138 137 138 138 138 138 137 137 138 139 139 138 138 138
 139 139 139 139 142 142 142 141 140 138 132 105  77  65  68  66  63  61
  61  61  60  58  59  59  58  58  59  58  58  56  55  56  57  57  57  57
  59  60  61  61  61  60  59  59  60  62  62  62  63  65  65  64  68  68
  68  68  68  69  69  69  68  69  70  69  66  64  64  64  65  62  60  61
  62  63  62  57  55  53  52  54  57  60  64  69  80  95 110 126 137 138
 139 142 143 144 144 143 142 143 143 144 145 145 145 145 144 144 145 145
 145 145 145 145 145 145 144 144 145 145 145 144 144 145 146 146 146 146
 146 146 146 145 145 145 145 145 145 145 145 145 145 146 144 144 144 143
 143 144 144 144 143 143 143 143 142 142 142 143 143 142 142 143 143 144
 142  30]"
"[ 29  30 135 133 132 132 135 136 136 136 136 137 137 137 138 138 139 138
 138 138 139 139 138 138 138 138 139 138 138 139 139 140 139 139 139 139
 139 139 139 140 142 143 143 141 140 138 132 107  74  61  65  64  64  63
  62  61  60  59  59  59  57  56  57  57  57  56  55  56  56  56  56  57
  60  60  59  59  58  58  58  59  60  61  62  62  63  65  66  66  68  68
  68  67  67  68  69  69  66  66  66  66  65  64  63  62  62  59  57  57
  57  58  56  52  52  51  50  51  52  55  59  63  74  90 102 118 134 138
 139 144 144 144 144 143 142 142 143 143 144 144 144 144 144 144 144 144
 145 145 145 145 145 145 145 144 146 146 146 146 146 146 146 146 146 146
 146 146 146 146 146 146 145 146 146 146 145 145 145 146 145 145 145 145
 145 145 145 145 143 144 144 143 143 142 143 143 143 142 142 142 143 143
 142  29]"
"[ 29  29 134 132 132 133 135 135 135 136 136 137 137 137 138 138 138 138
 138 138 138 139 138 138 138 138 138 138 138 138 139 139 139 138 139 139
 139 139 140 141 142 142 142 140 139 137 132 108  73  60  64  64  65  64
  62  60  61  60  61  61  58  56  57  57  57  56  56  56  56  55  56  57
  60  59  58  57  56  57  58  59  60  60  61  62  64  65  66  67  68  68
  67  66  66  67  69  69  66  64  64  64  65  65  63  60  60  58  57  55
  54  53  52  49  49  50  50  49  50  53  57  60  68  84  94 110 130 137
 139 143 144 144 145 144 143 143 143 143 145 144 144 144 145 145 145 145
 145 145 145 145 145 145 145 145 146 146 146 146 146 146 146 146 146 146
 146 146 146 146 146 146 146 146 146 146 145 145 145 145 145 145 145 145
 145 145 145 145 144 144 144 144 143 143 143 143 142 142 141 141 142 143
 142  29]"
"[ 29  29 133 132 131 132 134 135 136 136 136 136 137 137 138 138 137 137
 137 138 138 138 138 138 138 138 138 138 138 138 138 138 138 137 137 138
 139 140 140 141 141 142 142 140 139 137 133 110  73  60  65  64  64  63
  61  60  61  60  61  62  60  59  59  58  56  56  57  57  55  54  56  57
  58  58  58  57  57  57  58  59  59  59  60  63  65  65  65  67  68  68
  68  67  66  67  67  67  67  65  64  65  66  65  62  59  59  58  57  56
  53  52  52  49  48  50  50  49  49  53  57  59  64  76  89 106 124 134
 140 140 142 143 144 144 144 144 144 144 145 145 145 145 145 145 145 145
 146 146 146 145 145 145 146 146 146 146 146 146 146 146 146 146 146 146
 146 146 146 145 145 145 146 146 146 146 145 145 145 145 145 145 145 144
 144 144 144 144 144 144 144 144 143 143 142 142 141 140 140 140 141 142
 141  29]"
"[ 29  29 134 132 131 132 134 135 136 136 136 136 136 137 137 138 138 138
 138 138 138 138 138 138 138 138 138 139 139 139 138 138 137 135 134 137
 140 140 140 141 142 142 143 142 140 138 135 113  73  61  65  64  64  63
  62  61  60  58  59  60  60  59  59  57  55  56  56  56  54  53  55  57
  57  57  57  57  57  57  58  59  58  58  60  64  65  65  64  66  67  68
  69  68  67  67  66  65  66  65  65  65  64  63  60  58  58  57  57  56
  53  52  52  49  47  49  49  47  47  51  55  58  61  68  82 101 114 128
 140 139 141 143 144 144 144 145 145 144 146 146 146 145 145 145 145 145
 146 146 146 145 145 145 146 147 146 146 146 146 146 146 146 146 146 146
 146 146 146 146 145 145 146 146 146 146 145 145 144 145 144 144 144 144
 144 144 145 145 144 144 144 144 143 142 141 140 139 138 139 140 141 142
 142  29]"
"[ 29  29 133 131 130 131 133 134 135 135 135 135 136 136 137 137 138 138
 138 137 137 136 136 136 137 137 137 138 139 139 138 138 137 134 134 137
 140 140 140 141 142 142 143 142 141 139 136 114  77  64  68  66  64  63
  62  61  60  58  58  60  59  59  58  57  55  56  56  56  55  54  55  57
  58  58  57  56  55  56  57  58  57  58  60  63  64  65  64  65  66  68
  70  69  68  67  66  65  66  66  66  65  64  62  60  59  57  56  56  55
  53  52  51  48  48  49  50  48  48  50  54  56  60  62  75  93 104 119
 137 140 141 143 145 145 145 145 145 144 146 146 146 146 146 145 145 145
 146 146 145 145 145 145 145 146 146 146 146 146 146 146 146 147 145 145
 146 146 146 146 145 145 145 145 146 146 145 145 144 145 142 142 143 143
 144 144 145 145 144 144 144 143 143 142 140 139 138 138 138 140 142 143
 142  29]"
"[ 29  28 132 130 130 131 133 133 132 133 134 135 136 136 136 136 137 137
 137 137 136 135 135 136 136 136 137 138 138 138 138 137 137 135 135 138
 140 139 140 142 142 141 142 142 142 140 137 115  79  65  68  66  65  64
  62  61  60  58  60  60  58  58  58  58  57  57  57  57  57  56  57  58
  57  57  57  56  56  56  56  57  56  57  59  61  63  64  65  65  66  68
  70  69  68  68  67  66  66  66  66  65  64  62  61  60  58  56  56  55
  53  52  50  47  48  49  50  50  50  50  52  54  57  60  68  83  98 111
 128 137 140 142 144 145 146 146 145 144 145 145 146 146 146 146 146 146
 145 145 145 145 145 145 145 144 146 146 146 146 146 146 146 146 145 145
 145 146 146 145 145 145 145 145 146 146 145 145 145 145 142 142 143 143
 144 144 144 145 144 144 144 144 143 142 140 138 138 138 139 141 143 144
 142  29]"
"[ 30  28 131 129 130 131 132 131 129 131 133 134 136 136 136 135 136 137
 137 137 136 136 136 137 137 137 137 138 139 138 137 136 137 136 137 139
 140 138 140 143 142 141 142 143 143 141 138 116  74  61  64  64  65  65
  64  63  59  58  60  61  58  57  59  59  58  57  57  57  57  57  57  57
  55  56  58  58  58  57  56  56  55  57  58  59  61  64  66  65  66  68
  69  69  68  68  68  68  67  67  66  65  63  62  61  60  59  57  55  54
  53  52  49  45  47  47  48  50  49  48  49  52  54  60  63  76  95 105
 117 131 137 139 142 143 144 145 144 144 143 144 144 145 145 145 145 145
 145 145 144 144 145 145 144 143 144 145 145 146 146 146 145 145 146 146
 147 147 146 146 145 145 144 145 146 146 145 145 145 145 144 144 144 144
 144 144 144 144 145 145 144 144 143 142 139 138 138 139 140 142 143 144
 142  29]"
"[ 31  29 131 130 132 132 131 131 131 129 131 134 134 134 135 134 136 136
 137 136 135 135 135 136 138 138 138 138 138 138 139 139 138 137 138 139
 140 140 140 140 139 141 140 144 142 142 139 116  82  61  65  64  64  65
  60  61  61  61  61  61  61  60  59  58  58  58  56  55  55  57  57  57
  55  55  56  57  57  57  55  54  56  57  58  60  62  63  64  65  66  67
  69  69  69  69  69  69  69  67  66  66  64  62  60  60  58  57  57  57
  55  50  47  46  48  48  48  48  48  48  50  51  54  57  62  70  82  98
 111 118 130 137 142 143 145 145 145 146 144 144 144 145 145 145 146 146
 146 146 146 146 146 146 145 145 144 145 146 147 146 146 146 146 146 146
 146 146 146 146 146 146 146 146 146 146 146 145 145 145 144 144 145 145
 144 144 145 146 145 145 145 144 143 143 143 143 141 142 141 143 142 143
 144  28]"
"[ 28  28 132 132 133 133 132 132 129 130 133 136 135 134 136 136 136 136
 137 136 135 135 136 137 138 138 137 137 137 137 137 138 138 138 138 139
 140 140 140 140 139 141 141 144 143 142 137 115  85  62  66  64  63  63
  59  60  61  61  61  61  61  60  59  58  56  56  55  54  54  56  57  56
  55  55  55  56  57  57  57  57  57  58  58  59  61  62  63  64  64  66
  67  68  68  68  69  70  68  66  65  64  63  61  59  59  59  58  57  57
  55  51  49  49  48  48  48  47  47  48  49  50  51  54  59  66  76  89
 104 114 123 131 138 142 145 146 146 147 144 144 145 145 145 145 146 146
 145 145 145 145 145 145 145 145 145 145 146 146 146 145 145 145 145 145
 146 146 146 146 145 145 145 145 145 145 145 145 145 145 145 145 145 145
 145 145 145 146 144 144 144 143 143 142 142 142 142 143 142 144 143 143
 145  29]"
"[ 28  29 132 131 132 131 130 131 130 131 134 135 135 135 136 137 135 136
 137 137 137 137 138 139 137 137 137 137 137 137 137 137 138 138 138 139
 140 140 140 140 139 141 141 144 142 140 134 114  89  62  65  65  63  61
  57  60  61  61  61  60  60  59  58  57  55  55  54  54  54  56  57  57
  55  54  54  54  56  57  58  59  59  59  59  59  60  62  64  65  64  65
  66  67  67  68  70  71  69  67  65  64  63  61  60  60  59  57  55  54
  53  51  50  50  47  47  47  46  46  46  47  48  50  52  57  63  68  77
  93 108 118 127 136 141 145 146 146 146 145 145 145 145 145 145 145 145
 145 145 145 145 145 145 145 145 145 146 146 146 146 146 146 146 145 146
 146 146 146 146 146 146 146 146 146 146 146 146 146 146 146 146 146 146
 146 146 146 146 144 144 144 144 144 143 143 143 143 144 143 144 143 144
 145  29]"
"[ 30  29 131 129 130 130 130 131 132 133 133 133 135 136 136 135 135 135
 136 136 137 137 138 139 137 137 137 137 137 138 138 138 138 138 139 139
 139 140 140 140 139 140 140 142 140 138 133 119  91  60  62  64  62  59
  57  60  61  60  60  59  59  59  57  55  55  56  55  55  55  56  57  57
  55  54  54  54  55  56  57  58  59  59  59  60  62  63  65  66  65  65
  66  67  67  68  70  71  71  69  67  65  64  63  62  62  59  56  54  53
  52  51  51  50  48  48  47  46  46  46  46  47  51  51  55  61  63  68
  83  99 113 124 134 140 144 146 145 145 145 145 145 145 145 145 146 146
 146 146 146 146 146 145 145 145 145 146 146 146 146 146 147 147 145 146
 146 146 146 146 146 146 146 146 146 146 146 146 146 146 146 146 146 146
 146 146 146 146 145 144 144 144 145 145 144 143 143 144 143 144 144 144
 144  28]"
"[ 29  28 130 129 130 131 131 132 130 134 134 134 136 137 136 136 134 135
 135 135 136 136 136 136 137 137 137 137 137 137 138 138 138 139 139 139
 139 140 140 140 140 141 141 140 138 137 135 127  93  59  60  63  61  59
  57  59  60  59  58  58  59  58  57  55  56  56  56  55  55  56  56  56
  55  55  55  55  55  56  57  58  58  59  60  62  63  64  64  65  65  65
  66  66  66  67  69  70  70  69  67  65  64  64  63  62  59  57  55  54
  53  52  51  51  50  49  49  48  47  47  47  48  51  50  54  59  61  64
  76  89 105 118 130 138 143 146 146 146 146 146 146 146 146 146 146 146
 146 146 146 146 146 146 146 146 146 146 146 146 146 145 145 146 145 145
 146 146 145 145 145 146 145 145 145 145 146 146 145 145 147 146 146 146
 146 146 146 146 145 144 144 144 145 145 144 144 144 144 144 145 144 144
 145  28]"
"[ 29  28 131 130 130 129 129 129 130 137 138 134 134 134 133 135 135 136
 136 136 136 136 135 135 137 137 137 136 136 136 137 137 138 139 139 139
 139 140 140 141 142 141 141 140 138 137 137 134  96  59  59  62  61  61
  58  58  57  57  57  58  58  58  58  57  57  57  57  57  56  56  56  56
  55  56  56  56  57  57  58  59  58  59  60  62  63  63  64  64  65  66
  67  67  67  68  69  71  70  69  66  65  65  65  63  61  59  58  56  55
  54  53  51  50  51  50  50  49  47  47  47  48  50  49  51  56  59  62
  70  78  96 112 127 135 141 145 146 147 146 146 146 146 146 146 146 146
 145 145 145 145 145 145 145 145 146 147 147 147 146 145 145 145 145 146
 147 146 146 146 146 147 146 146 146 146 146 146 146 146 146 146 146 146
 146 146 146 146 146 145 145 145 145 145 145 145 145 145 144 146 145 145
 145  29]"
"[ 29  30 133 131 130 128 129 130 141 145 141 132 132 132 131 133 134 135
 135 136 136 136 136 136 137 137 137 137 136 137 137 137 138 139 139 139
 139 140 141 141 143 141 141 140 139 139 137 136 100  60  59  62  62  63
  60  57  57  57  57  58  58  58  58  58  57  58  58  57  57  57  56  56
  56  56  57  58  58  58  58  59  58  59  60  61  62  63  64  65  67  67
  68  68  67  68  69  70  69  68  66  65  65  65  64  61  59  59  57  55
  53  52  51  49  51  51  50  48  47  47  47  47  48  48  50  53  56  60
  65  68  84 102 121 131 138 143 145 146 146 146 146 146 146 146 146 146
 146 146 145 145 145 145 146 146 146 147 148 148 147 146 146 146 146 147
 147 147 147 146 147 148 147 147 147 147 147 147 147 147 146 146 145 146
 146 146 146 146 147 146 146 146 145 145 146 146 146 146 145 146 146 146
 146  29]"
"[ 29  30 134 131 130 130 133 137 156 155 142 130 131 133 131 131 131 132
 133 134 135 136 137 137 137 137 137 137 137 138 138 138 138 139 139 139
 139 140 141 142 143 141 141 141 141 139 135 134 101  61  59  62  64  66
  62  57  58  58  58  58  58  58  58  57  55  56  57  57  56  56  56  55
  56  57  58  58  57  57  58  58  59  59  59  60  62  64  66  67  68  68
  68  68  67  66  67  68  68  68  66  64  65  65  64  61  60  60  58  55
  53  52  50  49  51  51  50  49  48  47  47  48  48  49  50  51  54  59
  61  62  71  92 113 126 135 141 145 146 146 146 146 146 146 146 146 146
 146 146 146 146 146 146 146 146 144 145 147 147 147 147 146 146 145 146
 147 147 146 146 147 147 147 147 147 147 147 147 147 147 146 146 145 145
 146 147 146 146 146 146 146 145 144 145 146 146 145 146 145 146 146 146
 146  29]"
"[ 29  27 130 125 129 140 150 160 158 143 133 133 132 130 130 132 132 129
 135 135 134 135 140 135 136 137 137 138 138 138 138 138 137 138 139 140
 140 140 140 141 142 142 142 142 142 142 137 132 104  65  59  63  63  65
  60  56  57  57  57  58  58  58  58  57  56  56  57  57  57  56  56  55
  56  57  58  57  57  57  58  58  57  58  59  60  61  64  66  66  68  67
  68  70  71  70  68  67  67  68  67  64  63  63  62  60  58  57  57  56
  54  51  50  50  49  49  50  50  50  50  49  49  47  47  48  51  53  55
  57  58  69  78 106 120 132 143 140 144 145 146 146 146 146 145 145 145
 145 146 146 145 145 146 146 145 146 146 146 147 147 146 145 145 146 147
 147 147 146 146 147 149 147 147 147 146 146 147 147 146 146 145 145 146
 145 145 145 146 146 146 146 146 146 145 145 146 146 145 146 147 145 147
 144  30]"
"[ 30  30 130 138 151 161 160 155 136 134 132 130 130 130 131 132 131 131
 130 135 136 134 135 138 136 137 138 138 138 138 138 138 138 138 138 138
 139 139 140 141 142 142 142 142 142 141 137 133 107  67  60  63  62  60
  60  58  58  58  57  57  58  58  58  57  55  55  56  56  56  55  55  54
  55  56  57  57  57  57  58  58  57  58  60  60  61  63  65  66  66  65
  67  69  71  69  67  65  65  65  64  63  63  63  62  60  58  57  56  56
  55  53  52  52  52  51  51  50  50  49  49  48  48  47  47  49  52  54
  55  56  65  69  87 114 132 137 142 150 146 146 146 146 146 146 146 146
 146 147 147 147 146 147 147 146 146 146 146 147 148 147 147 146 147 148
 148 147 146 146 146 147 147 147 147 146 146 147 146 146 146 146 146 146
 146 145 145 145 146 145 145 146 146 146 146 146 144 147 149 147 145 148
 144  28]"
"[ 28  33 142 152 151 142 130 119 120 124 125 128 132 133 131 132 131 136
 133 137 133 134 136 138 136 137 138 138 138 138 138 138 138 138 138 137
 138 139 140 141 142 143 143 142 142 140 137 134 119  72  57  62  62  60
  59  57  58  57  57  57  57  57  56  56  55  55  55  55  55  54  54  54
  54  56  57  57  57  57  57  58  58  60  61  61  61  62  64  66  65  65
  67  70  71  70  67  65  66  65  65  64  64  64  62  60  59  57  56  56
  55  54  53  52  53  51  50  49  48  48  48  47  48  47  46  47  49  51
  52  53  60  62  71 106 133 136 143 147 146 146 146 146 146 146 146 146
 146 146 146 147 146 145 146 147 147 147 147 148 148 147 146 146 145 146
 147 147 146 146 146 147 148 148 148 147 146 147 146 146 146 146 146 146
 146 146 146 146 146 146 145 145 146 146 146 145 146 147 145 143 145 147
 145  30]"
"[ 31  29 150 146 135 120 118 119 117 120 123 132 136 126 116 118 117 121
 124 136 135 134 138 135 136 137 138 138 138 138 138 138 139 138 138 138
 138 139 140 141 143 143 144 144 142 140 138 136 129  80  54  62  61  61
  58  56  57  57  57  57  56  56  55  55  56  56  55  55  55  54  54  54
  54  56  57  56  56  57  57  58  60  61  62  62  62  63  64  65  64  66
  68  70  71  70  68  67  66  66  65  65  65  65  62  60  59  57  55  55
  55  54  52  51  52  50  48  47  47  48  48  48  47  45  44  44  46  48
  49  50  55  60  61  90 123 136 144 144 146 146 146 147 147 147 147 147
 147 146 147 147 146 145 146 149 147 147 147 147 147 147 146 145 146 146
 146 146 146 146 146 147 146 147 148 148 148 148 149 149 145 145 145 145
 145 145 145 145 148 148 147 147 146 146 145 145 147 145 145 147 148 144
 143  29]"
"[ 31  27 165 161 159 150 146 141 137 130 119 108  92  65  47  49  45  48
  64 100 133 135 135 135 136 137 138 138 138 137 138 138 139 138 138 139
 139 140 141 141 143 143 144 144 142 140 138 138 130  89  54  62  57  60
  56  58  57  57  58  57  56  55  54  53  56  56  55  55  54  54  54  54
  55  57  57  56  55  56  57  58  61  61  61  61  63  65  65  65  64  66
  69  70  70  69  69  69  65  64  64  64  65  64  62  61  59  57  55  55
  55  54  52  50  52  50  49  47  47  48  48  49  47  45  43  44  45  46
  48  48  51  55  55  68  98 124 140 148 145 146 148 148 148 148 148 148
 151 150 149 150 148 147 148 151 149 150 150 150 150 150 150 148 150 150
 149 148 148 148 148 149 150 151 151 149 148 147 147 146 148 148 147 146
 146 147 146 145 144 145 146 145 144 144 145 145 143 142 143 143 144 141
 146  30]"
"[ 27  33 153 143 132 111  87  66  52  50  47  46  47  44  44  49  52  49
  44  63 114 134 133 137 136 137 138 138 138 137 137 138 138 139 139 140
 141 141 142 142 142 143 143 144 142 140 138 138 130  97  54  58  56  61
  57  59  56  57  57  56  55  54  53  52  55  55  55  54  54  54  53  53
  56  56  56  55  55  56  57  58  59  59  59  60  63  65  66  65  65  68
  71  71  70  70  71  71  68  66  65  65  64  63  61  60  59  57  56  56
  56  54  52  50  51  50  49  48  47  47  47  48  46  45  44  44  45  45
  46  47  48  50  53  58  76 101 123 142 147 149 153 154 154 152 151 151
 152 152 152 151 150 149 150 151 152 152 152 151 151 151 150 148 148 148
 147 147 147 148 149 150 151 152 152 151 150 149 149 149 150 150 150 149
 150 152 153 151 152 155 156 155 156 158 159 160 159 157 156 153 156 159
 161  27]"
"[ 31  27  67  44  28  26  27  25  27  30  34  39  44  47  46  45  44  48
  45  47  89 132 138 134 137 137 138 138 138 137 138 138 138 138 139 140
 141 142 142 142 142 142 143 143 142 140 139 139 133 107  61  53  57  60
  58  58  57  57  56  55  54  53  53  53  55  55  54  54  54  53  53  53
  54  55  55  55  54  56  57  58  58  58  58  60  62  65  66  65  67  69
  71  71  71  71  72  71  71  69  67  66  65  62  60  60  59  57  56  57
  56  54  51  49  50  50  50  49  47  46  47  47  47  46  45  45  44  43
  43  44  46  46  51  54  62  79 100 119 135 141 148 153 155 154 154 155
 155 156 157 157 157 157 157 156 156 157 157 156 156 158 157 155 155 155
 155 155 157 158 160 160 165 167 170 171 172 173 175 176 177 178 179 179
 180 183 182 180 182 184 184 183 185 187 188 187 189 185 188 186 187 188
 180  30]"
"[ 30  28  26  28  25  30  32  32  34  36  40  42  40  42  45  47  47  47
  50  42  57 112 135 134 137 137 138 138 138 138 138 138 138 138 138 139
 141 142 142 142 143 142 143 144 143 141 140 140 135 116  72  54  58  56
  59  60  59  59  58  56  54  54  54  55  54  55  55  55  54  54  53  53
  52  54  55  54  54  55  57  57  58  59  60  60  62  64  65  65  67  69
  70  70  71  72  71  70  70  68  66  66  65  64  63  63  59  58  57  57
  56  53  49  47  50  51  51  50  48  47  47  48  47  46  46  45  43  41
  40  41  43  42  44  47  53  66  84  97 108 117 129 138 144 147 149 151
 160 162 165 165 167 168 167 165 166 168 170 171 173 177 178 177 179 179
 179 180 180 181 181 182 178 180 181 181 180 180 180 180 179 180 180 179
 180 180 178 175 179 179 178 176 177 180 179 177 175 170 174 172 171 173
 175  28]"
"[ 29  29  38  36  36  37  38  40  41  41  42  42  42  43  44  45  47  47
  45  47  49  80 133 135 135 136 137 137 138 138 137 137 136 137 138 139
 141 142 143 142 143 143 143 144 143 142 140 139 134 124  79  53  59  59
  57  60  60  59  58  56  55  55  54  54  53  54  55  55  55  55  54  53
  53  53  54  55  55  56  57  58  57  59  59  60  62  63  63  64  66  69
  72  73  72  71  71  72  70  68  66  65  65  64  63  61  60  58  57  59
  58  54  51  50  51  52  52  51  48  47  47  48  48  47  45  44  43  41
  40  39  40  40  40  41  44  52  62  71  87  98 107 116 127 131 134 140
 145 151 155 155 154 157 159 160 161 163 165 167 167 168 169 170 173 172
 173 175 175 174 174 174 177 176 173 171 172 174 174 172 173 172 172 171
 171 171 171 171 171 173 171 167 167 169 169 166 166 163 167 164 165 163
 166  29]"
"[ 28  31  42  40  39  39  39  42  40  40  41  41  41  41  42  42  40  37
  39  44  38  53 116 139 136 137 138 138 138 139 138 138 138 138 139 140
 142 143 143 143 142 142 142 142 142 141 140 139 140 128  86  50  56  59
  59  57  60  59  58  57  55  55  55  54  54  55  55  55  54  54  53  52
  53  54  54  55  55  56  57  58  57  58  59  61  64  65  65  66  65  67
  69  70  70  70  71  71  70  68  66  65  65  65  64  63  59  57  56  58
  57  54  51  51  53  53  52  51  50  49  48  48  48  46  45  43  42  42
  41  41  41  39  37  35  36  40  47  53  67  79  89  97 109 117 121 126
 132 137 142 143 144 147 149 148 152 153 155 157 159 160 162 163 165 165
 165 166 168 168 167 166 169 168 166 165 166 167 166 165 165 165 164 163
 161 160 158 157 157 158 158 156 157 159 158 156 153 152 156 155 154 152
 150  29]"
"[ 28  29  42  42  42  42  41  42  38  38  38  37  36  34  33  33  33  33
  30  28  24  41 113 139 136 137 137 138 138 139 139 138 138 138 139 140
 141 142 142 142 145 144 143 143 143 143 143 142 138 127  96  56  55  59
  60  57  58  58  57  56  55  55  55  55  55  55  54  53  52  52  51  50
  53  54  54  55  54  54  56  57  56  57  57  59  63  64  64  65  67  68
  70  71  72  72  73  73  73  71  68  66  66  65  65  64  62  60  58  58
  56  54  51  51  52  52  51  50  50  49  47  46  48  47  44  42  41  40
  39  39  39  37  34  32  31  32  36  39  43  57  67  75  86  96 101 106
 112 118 124 128 132 136 139 139 143 144 145 147 149 150 151 152 153 154
 155 155 156 158 157 155 155 155 154 154 154 155 155 154 154 153 153 153
 152 151 149 147 148 148 147 146 146 146 145 144 141 141 140 137 136 141
 138  32]"
"[ 30  30  40  38  38  37  34  32  31  31  31  29  27  25  25  24  23  25
  26  29  27  35 108 139 137 138 139 139 140 141 141 140 138 139 139 140
 142 143 143 143 143 142 142 143 143 143 142 142 143 130 104  60  48  53
  54  55  57  57  56  55  55  55  54  54  54  54  54  53  52  53  52  52
  54  55  55  55  54  54  55  56  58  59  59  60  64  65  65  65  67  67
  68  69  71  72  72  72  72  70  67  65  64  64  64  63  65  63  60  58
  56  54  53  53  52  52  52  52  51  50  49  48  47  46  44  42  41  39
  38  37  37  35  33  31  29  28  27  27  29  41  51  60  71  81  88  93
  97 103 109 114 119 124 127 128 130 131 133 135 136 138 138 138 142 144
 145 144 144 146 147 145 141 141 141 141 142 143 144 144 138 138 138 138
 139 138 137 135 136 134 133 133 131 129 128 127 129 130 128 128 126 128
 125  27]"
"[ 29  28  37  33  31  30  27  26  26  26  26  25  24  24  25  25  25  25
  24  27  28  36 106 141 137 138 138 139 139 140 140 139 138 138 138 139
 140 141 141 141 141 142 143 144 145 145 144 143 144 137 113  72  49  59
  56  56  57  56  56  55  54  53  53  52  53  53  53  53  53  54  55  55
  54  55  56  55  54  54  56  57  58  59  58  60  64  65  65  65  69  68
  69  70  72  74  74  74  74  72  69  67  67  67  67  67  65  63  59  57
  55  54  54  54  53  54  54  54  52  50  50  50  47  47  45  44  43  41
  39  38  36  34  31  30  28  26  25  25  25  31  39  48  56  64  73  81
  87  92  98 102 105 110 114 116 118 119 121 124 126 128 128 128 131 134
 135 133 132 134 136 135 130 130 129 129 129 129 130 131 130 129 128 128
 128 127 125 124 123 121 120 120 119 118 117 117 118 116 116 120 117 113
 117  29]"
"[ 28  28  36  30  25  23  23  25  24  24  23  23  23  23  24  24  23  26
  26  24  24  35 101 140 137 138 138 139 139 140 140 139 139 139 139 139
 140 140 140 140 138 139 141 143 145 145 144 143 138 140 122  81  50  59
  57  59  58  57  57  56  54  53  52  52  52  53  53  54  54  56  56  56
  53  54  55  55  54  55  56  58  58  59  59  60  64  66  66  67  69  69
  69  70  73  74  75  75  75  73  70  68  66  65  65  64  66  64  61  58
  56  55  54  54  52  53  54  53  50  49  48  49  47  47  45  44  41  39
  36  34  35  32  28  26  24  22  21  21  23  24  29  37  44  52  62  71
  75  79  85  89  93  98 103 107 108 109 111 113 114 114 115 115 118 120
 121 119 118 119 121 121 117 116 114 113 112 112 112 113 116 115 114 113
 113 112 111 110 109 107 106 106 105 104 104 104 104 106 104 103 105 104
 106  26]"
"[ 32  31  37  30  25  23  22  23  23  24  23  23  22  22  22  22  24  22
  23  25  24  36  95 142 137 137 138 138 138 139 139 138 139 139 138 138
 139 139 138 138 140 140 142 143 144 145 144 143 144 144 126  89  59  58
  55  58  57  57  57  56  55  55  54  54  53  54  54  55  55  56  56  56
  54  55  55  55  55  55  56  57  59  60  60  61  64  64  64  66  70  69
  70  71  72  73  73  73  73  72  70  68  67  66  64  63  63  62  61  58
  56  55  55  54  53  53  53  52  51  50  50  50  48  47  46  45  43  41
  39  37  34  31  27  24  21  18  17  18  22  23  27  32  37  44  53  59
  70  73  77  80  83  87  91  94 102 102 103 103 102 102 102 103 107 108
 108 108 108 108 108 109 107 105 104 104 103 102 101 102 100 100  99  99
  99  99  98  98  98  97  97  96  96  95  94  93  89  93  94  91  92  93
  85  33]"
"[30 26 32 28 29 30 29 28 29 29 30 30 29 29 29 29 29 30 30 30 29 26 31 28
 28 29 29 29 29 30 30 29 29 29 29 29 29 29 29 29 29 29 29 29 29 29 29 28
 28 29 30 29 29 30 27 29 28 28 29 29 29 29 29 29 28 29 29 29 29 29 29 28
 29 29 29 29 28 28 29 30 28 29 28 28 29 29 28 30 29 28 28 29 30 30 30 29
 29 29 29 29 29 29 29 28 28 29 30 30 29 29 29 28 29 29 29 29 29 29 29 28
 28 28 28 29 29 29 29 28 29 29 29 29 29 29 29 30 28 29 30 29 27 29 31 30
 28 29 29 29 29 29 30 30 29 29 29 29 28 28 29 30 29 28 28 30 30 29 28 28
 30 29 28 29 30 29 28 29 29 29 29 29 28 28 28 28 28 29 29 29 30 30 29 28
 31 28 29 30 28 29 31 27]"
