"[ 38  60  55  57  60  53  56  51  55  56  58  61  65  69  73  74  71  79
  93 106 116 119 119 117 119 116 112 107 100  88  73  63  55  59  62  65
  67  66  55  43  31  28  23  21  25  29  24  14  49  51  49  43  42  47
  47  42  46  41  36  49  46  43  62  58]","[ 60  87  85  87  91  91 105 108 106 106 107 109 112 114 117 118 123 130
 145 164 187 208 224 231 236 243 249 249 249 238 221 208 192 171 138 111
 103 109 113 113  92  83  68  47  22  11  27  51  80  81  78  72  71  72
  69  62  61  77  75  73  74  98 128 116]","[ 37  68  68  65  63  59  73  78  78  80  82  85  89  94  97  99 100 100
 100 102 109 118 127 132 159 171 189 209 227 241 250 253 252 250 238 220
 196 164 126  97 107  91  84  89  86  75  78  92  85  83  77  72  73  76
  75  71  73  77  69  78 102 134 147 113]","[ 52  86  86  81  75  65  71  68  69  70  71  73  76  79  82  84  96  97
  97  97  97  97  96  96 102 105 110 119 133 154 177 193 213 227 243 255
 255 255 244 231 186 157 128 114 105  93  83  81  72  68  62  60  64  71
  76  77  81  75  77 112 139 146 142 109]","[ 51  84  84  80  79  75  80  73  69  68  66  64  63  62  62  62  67  71
  77  83  89  92  94  95  93  95  96  96  95  97 103 108 113 123 134 144
 162 190 217 233 245 251 235 186 131  95  81  77  72  71  71  74  78  80
  83  85  72  96 120 149 149 141 145 126]","[ 54  87  84  78  80  80  88  81  81  80  79  78  78  78  78  79  66  65
  63  61  60  61  62  63  68  72  78  83  88  94  99 102  92 100 105 101
  98 102 108 112 130 167 183 150 102  74  63  58  69  74  82  88  87  82
  81  85  93 129 144 144 137 144 148 111]","[ 62 102 106  99  94  88  92  82  82  81  81  81  81  81  82  83  81  78
  74  71  69  69  71  72  61  58  56  58  63  70  76  80  79  83  84  83
  86  93  97  96  84  92  91  75  62  62  69  71  66  71  80  85  83  81
  91 104 138 155 149 143 145 159 155 106]","[ 96 148 164 161 151 136 133 120 106 103  99  94  89  85  82  81  79  79
  80  79  78  77  75  74  79  75  72  70  70  67  62  57  64  63  60  62
  70  78  77  70  75  73  72  73  69  63  62  66  75  77  81  84  84  93
 119 145 140 146 143 151 148 146 150 126]","[ 68 154 144 148 153 156 157 164 162 160 156 148 137 125 114 108  97  93
  88  82  79  78  79  80  72  72  73  75  76  75  71  68  67  63  57  54
  52  51  50  48  48  45  46  52  57  62  71  79  85  82  80  87 108 132
 144 145 148 148 146 153 147 151 156 118]","[ 73 159 148 149 150 149 146 150 141 143 147 153 158 163 167 169 159 155
 149 140 128 116 106 100  93  88  80  75  74  74  75  75  65  65  66  66
  65  62  55  51  49  41  38  45  55  65  74  81  80  86  95 108 127 145
 152 150 151 150 148 155 148 153 157 119]","[ 87 175 165 164 162 158 153 154 156 154 150 146 144 144 145 146 154 156
 158 161 162 162 161 160 160 149 132 114  99  87  78  73  74  73  72  71
  69  63  56  50  49  40  36  44  58  68  75  80  88 102 121 137 150 159
 158 153 154 153 151 157 150 155 159 121]","[ 95 188 182 181 180 179 174 173 175 171 165 159 154 152 151 151 143 141
 139 138 139 143 147 150 160 157 152 145 136 124 112 104  99  93  84  76
  70  64  60  56  51  45  43  50  60  68  76  83 112 130 149 160 163 163
 158 152 156 155 153 158 151 155 159 121]","[ 92 189 186 187 187 189 185 184 181 180 180 179 179 179 179 179 172 168
 160 153 147 144 144 144 137 139 142 145 144 139 130 123 123 117 107  97
  90  83  77  73  63  57  53  54  58  69  88 105 139 154 168 170 166 162
 159 156 157 156 154 159 151 155 158 120]","[ 90 191 189 188 188 190 187 186 188 188 188 186 183 180 176 174 182 182
 183 183 181 178 175 173 165 162 159 155 151 145 138 134 134 132 129 125
 120 111 102  95  89  81  70  64  66  82 111 136 155 167 175 173 167 165
 164 164 159 158 155 160 152 155 158 120]","[ 92 193 192 189 188 192 190 189 189 190 191 191 191 191 190 189 182 182
 182 181 179 175 172 169 181 178 174 173 172 172 170 169 151 150 148 147
 144 138 130 125 123 113 102  96  98 110 133 152 161 171 178 176 171 169
 169 168 162 161 158 162 154 157 160 121]","[ 90 192 192 188 187 193 192 190 194 193 191 190 188 187 186 186 193 191
 187 183 182 184 186 188 183 182 180 180 179 177 173 170 175 171 165 161
 158 156 154 153 147 138 131 131 132 136 143 151 163 173 181 179 175 172
 170 166 164 163 160 164 156 158 161 122]","[ 92 193 193 191 190 194 193 194 193 192 191 190 189 188 188 187 188 188
 188 187 187 186 186 186 185 185 184 183 181 180 179 178 175 173 170 168
 166 163 159 156 153 147 138 136 139 146 151 154 168 173 177 176 177 177
 173 167 166 165 161 165 157 161 165 127]","[ 92 194 193 191 190 193 193 193 192 192 191 191 190 189 189 188 188 188
 188 188 187 187 186 186 186 185 184 183 182 180 179 179 176 174 172 171
 170 168 165 162 156 149 142 139 142 148 153 156 165 173 180 181 181 181
 177 172 172 170 166 170 162 163 164 123]","[ 91 194 193 190 189 193 192 192 191 191 190 190 190 190 190 190 188 188
 188 188 187 187 187 187 186 185 184 183 182 181 180 180 178 176 175 174
 174 173 170 168 159 153 147 144 146 152 157 161 164 174 183 183 182 181
 178 174 174 171 167 172 165 166 164 121]","[ 91 193 192 190 188 192 191 191 189 189 189 190 190 190 190 190 188 188
 188 188 188 187 187 187 185 185 184 183 182 181 181 180 180 178 177 176
 176 175 172 169 162 158 152 149 150 155 161 165 168 177 184 182 179 178
 177 174 174 170 165 171 166 168 167 123]","[ 91 193 192 189 187 190 189 189 188 188 188 188 189 189 189 189 186 186
 187 187 187 187 187 187 183 183 183 182 181 181 180 180 182 180 178 176
 176 173 170 167 164 161 157 154 154 158 164 169 172 179 182 180 178 180
 181 180 178 174 168 172 166 168 169 127]","[ 91 193 191 188 186 189 188 188 187 187 187 187 187 186 186 186 184 185
 185 185 185 186 186 186 182 181 181 181 180 180 179 179 181 179 177 176
 175 173 169 166 164 162 159 156 156 159 165 171 174 178 181 180 182 185
 185 181 177 177 173 177 167 168 169 130]","[ 91 192 191 188 186 189 187 187 187 186 186 185 185 184 183 183 183 183
 183 184 184 184 185 185 180 179 179 179 179 178 178 178 179 178 176 175
 175 174 171 168 163 163 161 158 156 159 166 171 176 178 180 180 183 184
 177 168 161 167 172 179 169 169 171 133]","[ 90 192 191 187 185 188 187 186 186 186 185 184 183 182 182 181 181 182
 182 182 183 184 184 184 178 178 178 178 178 177 177 177 177 176 175 175
 176 176 173 171 163 163 161 158 156 159 165 171 177 179 179 180 182 178
 164 149 141 153 166 178 169 169 172 135]","[ 94 189 185 186 188 190 188 189 185 185 185 184 184 184 183 183 179 179
 180 181 180 179 178 176 182 180 178 177 177 176 174 172 177 177 176 175
 173 170 168 167 167 160 159 165 164 159 163 175 173 174 178 183 184 177
 164 153 152 148 166 186 168 172 180 131]","[ 92 188 184 185 186 188 186 187 185 185 184 184 183 183 183 183 178 179
 180 180 180 179 177 176 181 179 177 177 177 176 174 172 176 175 175 175
 174 173 173 172 168 160 159 164 163 159 164 175 179 179 180 182 180 172
 161 152 148 146 164 185 173 177 182 131]","[ 91 186 182 183 184 186 184 184 184 184 183 183 183 182 182 182 178 179
 179 179 179 178 177 176 180 178 176 176 176 176 174 172 175 175 174 173
 172 172 172 173 168 162 159 162 161 158 164 174 181 181 181 180 177 169
 159 152 143 147 165 185 176 179 180 129]","[ 90 186 182 182 184 185 183 183 183 183 182 182 181 181 181 181 178 178
 178 178 178 177 176 176 179 177 175 175 176 175 174 172 175 174 172 170
 169 169 169 169 168 163 160 160 159 158 164 173 176 178 180 180 175 167
 159 154 141 155 171 185 173 172 171 126]","[ 91 187 182 183 184 185 182 183 181 181 181 181 180 180 179 179 178 178
 177 176 176 176 176 176 178 176 174 174 175 175 173 172 173 172 171 171
 170 170 171 171 167 163 161 160 159 159 164 170 172 177 181 179 171 160
 153 149 143 165 178 181 165 160 159 121]","[ 91 186 182 182 183 184 181 182 180 180 180 179 179 179 178 178 178 177
 176 175 175 175 175 176 176 175 173 173 174 174 173 171 170 170 172 173
 173 173 173 172 164 164 162 160 159 160 163 167 174 179 181 175 162 150
 143 142 147 171 176 170 155 151 150 118]","[ 90 185 180 180 181 182 179 179 179 179 179 179 178 178 177 177 178 177
 175 174 174 174 175 176 175 174 172 173 174 174 173 171 170 171 172 173
 171 169 165 163 162 163 164 161 160 161 163 164 175 178 177 167 152 142
 140 142 150 171 165 155 149 150 149 118]","[ 88 183 179 179 179 180 177 177 179 179 178 178 178 177 177 177 178 176
 175 174 173 174 175 175 175 173 172 172 174 174 173 171 172 173 173 171
 166 160 153 149 160 163 164 162 160 161 162 162 173 175 172 160 146 138
 141 147 152 168 154 144 146 153 151 118]","[ 87 183 180 180 179 180 178 180 179 178 178 178 177 177 177 176 172 172
 172 172 172 172 172 172 170 173 174 166 160 172 178 163 173 156 148 158
 166 156 137 125 104 129 158 160 137 117 127 149 182 172 157 146 142 142
 144 144 147 153 147 150 148 150 152 122]","[ 89 185 180 180 180 181 179 180 176 176 175 175 175 174 174 174 172 172
 172 172 172 172 172 172 173 169 171 168 166 175 176 161 142 138 130 129
 142 158 158 148 133 127 123 120 115 112 117 126 167 159 149 143 142 145
 147 148 145 151 146 148 146 148 150 120]","[ 89 184 178 178 179 180 178 178 174 173 173 173 172 172 172 172 172 172
 172 172 172 172 172 172 178 168 169 172 170 171 168 154 138 146 137 119
 127 157 167 155 136 113  90  84  94 109 122 129 151 147 143 141 142 145
 147 148 144 150 144 147 144 146 148 117]","[ 85 179 172 172 173 175 172 172 171 171 171 170 170 170 169 169 170 170
 170 170 170 170 170 170 177 167 169 173 164 158 155 148 153 163 155 133
 132 153 162 153 133 122 108  99 102 116 138 153 142 142 142 142 143 143
 143 142 144 150 144 146 144 145 147 116]","[ 80 172 164 163 166 168 165 164 165 165 165 164 164 164 163 163 163 163
 163 163 163 163 163 163 166 160 166 167 153 146 151 152 158 158 152 143
 143 153 164 169 160 162 160 150 139 138 145 153 135 138 142 144 145 143
 141 140 144 150 144 146 144 145 147 116]","[ 77 167 158 157 160 163 160 158 158 158 158 157 157 157 156 156 155 155
 155 155 155 155 155 155 152 152 159 156 143 146 161 166 168 156 148 150
 154 157 169 182 181 184 185 181 173 161 145 131 128 133 140 145 146 145
 144 143 144 150 144 146 143 144 146 115]","[ 77 167 156 155 159 162 158 157 156 156 156 155 155 154 154 154 153 153
 153 153 153 153 153 153 148 150 154 146 137 153 174 177 177 164 157 161
 165 163 163 166 179 182 184 184 183 172 146 121 123 130 139 145 146 145
 144 144 143 149 142 144 141 142 143 112]","[ 78 168 156 156 159 163 159 157 158 158 157 157 157 156 156 156 156 156
 156 156 156 156 156 156 153 154 152 139 135 159 182 181 170 165 163 167
 172 168 154 142 177 183 186 185 181 170 146 124 124 131 140 145 145 143
 142 142 141 147 141 142 139 140 141 110]","[ 81 164 158 160 155 158 160 158 158 158 157 156 155 155 155 156 156 152
 152 156 157 155 155 157 152 156 154 140 141 169 184 171 168 167 173 179
 170 150 136 133 166 178 187 188 185 177 156 134 126 133 137 138 141 147
 146 140 140 143 137 142 139 137 137 108]","[ 80 163 157 159 154 157 159 157 157 157 156 155 155 154 155 155 155 151
 151 154 155 153 152 155 158 157 153 143 149 177 189 172 170 162 167 179
 171 150 150 167 160 185 200 194 189 185 161 129 117 129 138 139 139 141
 141 138 139 142 136 140 137 135 137 109]","[ 78 161 155 158 153 155 158 156 155 155 155 154 154 154 153 153 154 151
 150 153 152 150 150 154 157 152 149 145 155 183 192 174 163 169 177 176
 165 156 158 166 140 176 198 189 185 186 162 125 115 128 139 141 138 137
 137 137 138 140 132 136 134 133 135 108]","[ 77 160 154 156 151 154 156 155 153 153 153 154 153 153 153 152 155 152
 151 153 151 149 150 155 162 155 151 146 149 166 170 154 172 196 190 152
 135 149 150 132 128 160 182 180 178 179 163 137 125 132 138 140 138 137
 136 135 134 136 128 132 129 130 133 107]","[ 76 159 153 155 151 153 155 154 151 152 153 154 154 153 152 152 156 154
 153 154 152 149 152 159 173 165 159 148 136 137 135 122 177 191 173 128
 115 139 146 129 142 156 171 177 177 173 167 160 139 135 133 135 137 136
 133 131 131 133 125 129 127 128 132 106]","[ 76 159 153 155 150 153 155 154 150 152 153 154 155 154 153 152 156 154
 155 156 153 151 155 163 170 161 157 149 134 129 126 116 134 138 141 143
 147 154 159 160 163 165 170 175 174 168 166 167 144 135 128 130 134 133
 130 128 129 132 125 131 129 130 133 107]","[ 76 159 153 156 151 153 156 154 150 152 154 156 156 155 154 153 154 154
 155 155 153 151 157 166 167 155 153 154 146 141 137 127 110 119 142 167
 176 171 172 180 173 176 176 173 171 171 166 159 141 134 130 134 136 133
 130 131 131 134 129 135 134 134 137 110]","[ 77 159 153 156 151 153 156 154 150 152 154 156 157 156 154 153 153 152
 154 155 152 151 158 167 180 162 157 160 155 150 141 127 143 156 166 166
 162 165 172 178 176 187 186 174 174 181 173 154 137 134 135 140 139 134
 133 137 132 136 132 139 138 138 140 112]","[ 70 161 153 154 154 153 151 156 153 154 156 157 157 156 155 154 153 155
 156 155 153 156 162 168 171 170 171 172 164 154 155 163 169 171 172 171
 170 171 176 181 185 182 179 176 171 161 147 137 135 135 134 134 134 134
 133 133 133 133 132 138 132 138 146 111]","[ 78 168 161 162 162 161 159 164 162 162 163 164 164 163 162 161 163 164
 164 162 160 161 167 173 177 174 174 175 171 166 168 175 182 183 183 180
 178 178 182 185 183 181 176 168 157 146 138 133 135 135 134 134 134 133
 133 133 133 133 132 138 132 138 146 111]","[ 84 175 167 168 168 167 165 170 169 169 170 169 169 168 166 166 164 165
 166 164 162 165 172 178 182 179 177 179 179 179 181 186 193 192 190 187
 184 182 183 185 181 178 171 157 142 133 131 133 135 135 134 134 133 133
 133 132 133 133 132 138 132 138 146 111]","[ 85 175 168 169 169 168 166 170 170 170 170 169 168 167 166 165 161 162
 164 164 164 170 179 186 184 182 182 184 187 188 188 188 192 190 187 183
 180 177 176 176 175 170 159 146 135 131 133 136 136 136 135 135 134 133
 133 132 133 133 132 138 132 138 146 111]","[ 84 174 167 168 168 167 165 170 170 169 168 167 166 165 164 164 164 165
 167 166 168 174 184 191 187 189 191 193 195 195 191 187 186 183 179 176
 172 169 166 164 162 154 144 136 135 136 138 139 138 137 137 136 135 134
 133 133 133 133 132 138 132 138 146 111]","[ 85 176 168 169 169 168 166 171 169 169 167 166 166 166 166 166 166 166
 166 164 164 169 178 186 192 198 202 203 202 201 196 190 184 180 176 171
 167 163 158 154 146 140 134 133 137 141 141 139 140 140 139 138 137 136
 135 134 133 133 132 138 132 138 146 111]","[ 86 176 169 170 170 169 167 171 169 168 167 166 165 166 167 168 164 164
 163 161 160 165 175 183 195 204 209 207 203 202 200 196 187 182 176 170
 165 159 151 146 135 136 137 140 142 143 141 140 142 142 141 140 138 137
 136 136 133 133 132 138 132 138 146 111]","[ 85 175 168 169 169 168 166 170 167 166 165 164 164 165 167 168 164 164
 164 163 164 170 181 189 195 205 210 205 200 201 202 200 190 185 177 170
 164 156 147 141 131 138 146 149 147 143 142 142 144 143 142 141 140 138
 137 137 133 133 132 138 132 138 146 111]","[ 84 170 170 175 170 170 171 169 169 169 168 167 166 166 165 165 165 162
 164 162 158 172 190 192 196 199 203 204 201 197 194 192 185 178 170 166
 161 151 139 132 147 147 147 146 145 143 142 141 138 137 136 137 138 138
 136 134 131 132 125 133 136 139 141 112]","[ 86 173 172 176 170 170 171 169 170 170 169 168 167 167 166 166 168 165
 168 166 163 178 197 199 201 203 205 203 198 191 187 185 178 175 171 164
 155 146 142 142 152 152 152 151 150 148 146 145 144 142 141 141 142 141
 139 137 134 135 129 136 139 141 143 114]","[ 86 172 170 174 168 168 169 167 168 168 167 166 165 165 164 164 165 162
 166 165 163 180 199 202 198 199 199 196 189 182 176 174 167 169 166 156
 143 139 144 150 147 147 147 146 145 143 142 141 140 138 136 136 136 135
 132 129 130 132 125 132 133 134 137 109]","[ 92 178 176 180 174 175 176 175 174 174 173 172 171 171 170 170 167 164
 168 167 167 184 205 208 199 200 200 196 190 183 178 176 170 172 166 153
 143 144 152 159 150 150 150 149 148 146 145 144 143 142 140 139 138 136
 133 130 134 136 130 137 136 137 139 112]","[ 86 171 169 174 169 171 173 173 169 168 168 167 166 165 165 165 160 157
 160 160 159 177 199 203 197 197 196 191 184 177 172 170 168 165 154 140
 136 143 149 149 147 147 146 146 145 143 141 140 141 139 137 135 135 132
 129 126 128 131 126 132 130 130 134 108]","[ 90 176 173 177 172 174 177 176 172 171 171 170 169 168 168 168 165 162
 164 163 162 180 201 206 206 206 203 197 188 180 174 172 172 166 153 140
 141 151 154 149 148 148 148 147 146 144 143 142 142 140 138 137 137 135
 131 129 125 130 125 131 129 129 134 108]","[ 95 180 176 179 172 173 175 175 173 173 172 171 170 170 169 169 169 165
 166 164 162 179 201 205 205 204 201 195 187 180 175 173 169 166 154 142
 145 156 158 152 148 148 148 147 146 145 143 142 143 141 139 139 138 137
 133 131 125 131 127 133 131 131 136 112]","[ 61 145 140 141 133 133 135 134 135 135 134 133 132 132 131 131 131 127
 127 124 121 139 160 164 157 158 156 152 145 140 137 136 126 126 118 106
 108 119 123 117 115 115 115 115 113 112 110 109 110 108 107 106 106 105
 102  99  95 101  98 104 102 102 108  85]"
