"[ 33  68  59  50  55  50  55  58  54  54  57  61  67  70  71  70  72  82
  96 109 115 116 115 114 120 116 112 107 100  89  75  65  66  61  59  62
  68  66  55  44  36  29  19  17  24  31  25  15  53  50  47  44  42  41
  40  40  42  41  38  50  44  41  62  62]","[ 51  88  87  90 101  96  99 101 103 103 103 106 111 115 117 117 122 131
 147 167 187 207 225 233 243 248 250 249 249 236 217 203 179 162 138 120
 113 112 111 110  94  83  65  43  19  10  27  51  85  82  79  78  77  74
  71  68  58  77  77  74  74  97 130 120]","[ 41  69  60  61  71  65  70  75  76  75  77  81  88  95  99 100  95  97
  99 103 109 118 128 135 146 159 181 205 228 246 254 253 253 253 238 216
 187 155 126 109 106  90  82  86  81  71  76  92  80  75  70  68  69  70
  69  68  72  78  71  80 102 134 149 116]","[ 61  87  76  74  80  68  68  70  68  68  69  72  77  81  83  83  89  91
  94  95  95  95  96  97 110 112 115 120 130 147 167 181 215 230 250 254
 254 254 240 230 183 157 128 112 100  88  82  83  74  68  62  60  64  69
  73  75  82  77  79 114 140 147 143 111]","[ 46  83  82  84  91  79  73  68  70  69  68  68  67  65  60  57  63  69
  77  83  87  90  92  94  82  87  92  95  97 102 109 115 111 119 131 149
 171 196 220 235 243 251 237 187 128  92  81  79  72  72  72  74  76  79
  82  83  74  97 121 149 150 142 145 126]","[ 49  91  86  75  82  82  85  81  83  82  81  81  81  79  76  73  67  67
  66  63  60  59  61  63  79  82  86  87  87  86  86  87 102  99  94  91
  93 100 111 118 129 167 184 151 102  73  63  59  60  67  76  81  81  79
  79  81  95 129 143 143 137 145 147 109]","[ 63 114 107  83  84  90  96  88  85  82  79  77  78  80  80  80  80  79
  76  72  68  67  69  71  53  53  53  57  64  72  77  79  75  79  85  91
  93  90  86  82  83  91  89  74  62  63  68  69  65  74  83  86  85  89
  99 109 140 154 146 140 144 159 153 102]","[ 88 158 169 151 148 146 137 113 109 102  92  85  81  81  82  82  73  75
  77  77  74  72  71  71  76  74  71  70  68  63  55  49  63  60  58  60
  66  73  77  79  75  70  67  70  69  64  61  61  72  78  82  80  80  94
 119 140 141 144 140 148 147 145 147 121]","[ 62 149 142 148 154 156 155 160 163 160 154 146 135 125 116 111  98  95
  90  84  79  75  74  73  71  73  76  78  78  75  72  70  69  65  58  49
  43  43  47  51  49  45  46  54  61  65  69  74  81  79  78  83 102 126
 142 147 148 152 144 149 150 153 152 118]","[ 77 163 152 151 150 146 141 143 139 142 147 153 159 164 168 170 153 150
 145 137 127 115 105  99  92  88  82  76  73  73  75  77  67  67  66  64
  61  57  53  50  47  39  35  44  56  65  70  74  77  86  96 110 127 144
 152 153 150 154 146 151 152 155 154 120]","[ 87 176 165 164 162 158 153 154 152 151 150 148 146 145 145 144 152 154
 157 160 163 165 166 166 160 149 132 113  96  84  77  74  75  73  72  71
  69  63  54  46  49  39  36  45  60  70  74  76  81  99 121 138 150 157
 155 150 153 156 149 153 154 157 156 122]","[ 91 184 178 178 178 178 174 175 172 169 164 159 155 152 151 150 147 144
 141 138 140 144 149 153 160 157 150 141 130 120 111 106 102  93  82  75
  71  67  59  53  51  45  43  51  62  69  76  81 106 125 147 158 162 160
 155 149 154 158 150 154 155 158 156 122]","[ 95 192 187 185 183 183 179 178 180 179 178 177 177 178 179 180 175 169
 159 150 143 140 140 140 136 138 140 141 139 134 128 125 128 118 104  94
  89  85  78  72  57  52  49  50  54  65  84 101 141 155 167 169 166 164
 161 159 155 158 151 155 155 157 156 122]","[ 92 191 190 188 187 190 186 184 188 187 184 182 179 178 177 176 182 182
 182 181 180 177 174 173 163 161 157 152 146 141 137 134 137 132 126 122
 117 111 102  96  84  77  68  62  62  78 109 135 158 167 172 170 166 166
 166 166 156 160 152 156 156 158 156 122]","[ 87 191 191 190 191 195 193 191 187 187 188 189 189 189 189 189 182 183
 184 184 183 179 175 173 178 177 174 172 170 169 169 169 148 148 148 146
 142 135 129 124 122 114 104  98  98 110 135 157 160 168 173 172 170 169
 168 165 159 162 154 158 158 160 158 124]","[ 89 193 193 189 187 190 186 182 189 189 190 190 188 186 184 183 192 191
 188 186 185 185 187 187 180 181 181 181 179 175 171 169 167 168 167 163
 157 153 151 150 144 138 133 131 131 134 144 155 163 172 180 181 180 177
 171 165 161 164 156 160 160 162 160 126]","[ 92 192 191 189 190 194 192 191 191 191 191 190 190 190 189 189 187 187
 187 186 186 185 185 185 183 183 182 181 181 180 179 179 171 170 169 167
 164 162 161 160 154 145 136 134 139 146 150 151 167 173 179 181 178 173
 170 169 167 166 162 166 158 161 164 126]","[ 92 192 191 189 189 194 192 191 191 191 190 190 189 189 189 189 187 187
 187 186 186 186 185 185 183 183 182 182 181 180 180 179 174 173 172 170
 168 166 164 163 157 149 140 138 143 150 154 155 168 173 179 181 179 175
 172 171 169 168 163 167 159 161 164 126]","[ 92 191 190 189 189 193 191 190 190 190 189 189 189 188 188 188 187 187
 187 186 186 186 185 185 184 183 183 182 181 180 180 180 177 177 175 173
 171 170 168 167 161 154 146 144 148 154 159 161 169 173 179 182 181 179
 176 175 171 170 166 169 160 162 164 125]","[ 91 191 190 188 188 192 190 189 189 189 188 188 187 187 187 187 187 187
 186 186 186 185 185 185 184 183 183 182 181 180 180 179 179 178 177 175
 173 172 171 170 164 158 151 149 152 158 162 165 170 174 179 183 183 182
 179 178 174 172 169 172 162 164 165 126]","[ 91 191 189 187 187 191 189 187 187 187 187 187 186 186 185 185 186 185
 185 185 184 184 184 183 183 182 182 181 180 180 179 179 178 177 176 175
 173 172 171 170 164 160 155 152 154 159 164 167 172 175 179 182 185 184
 182 180 175 174 171 175 165 166 167 127]","[ 91 191 189 186 186 190 187 186 186 186 186 185 185 185 184 184 184 184
 183 183 183 182 182 182 181 181 180 180 179 178 178 177 177 176 175 174
 173 172 171 170 164 161 157 154 155 159 165 168 175 176 178 182 185 185
 182 179 175 175 172 177 168 169 169 129]","[ 91 191 189 186 185 189 186 185 185 185 185 185 184 184 183 183 182 182
 181 181 181 180 180 180 180 180 179 178 177 177 176 176 176 176 175 174
 173 172 171 171 164 162 159 157 157 160 166 170 177 176 178 181 185 185
 182 178 175 175 173 179 170 171 172 132]","[ 91 191 188 186 185 188 186 184 185 185 184 184 184 183 183 183 181 181
 180 180 180 179 179 179 179 179 178 177 176 176 175 175 177 176 175 174
 173 172 172 171 165 164 161 158 158 161 167 171 178 177 178 181 184 184
 181 177 175 175 174 180 171 173 173 133]","[ 92 187 183 183 184 185 182 182 181 181 180 180 180 180 180 179 176 177
 178 179 178 177 175 174 176 178 179 178 175 174 173 174 168 174 177 175
 171 170 172 174 166 164 162 159 155 156 165 177 172 177 181 181 177 176
 180 185 179 176 171 177 171 174 174 132]","[ 92 187 182 183 183 184 181 182 181 180 180 180 180 179 179 179 176 176
 178 179 180 180 179 179 182 180 178 175 173 173 172 172 183 178 171 169
 172 173 169 163 167 163 162 162 161 160 165 173 176 175 177 181 186 186
 182 178 179 177 172 178 173 176 177 136]","[ 91 186 182 182 183 184 181 181 180 180 180 179 179 178 178 178 176 177
 177 178 178 179 179 179 177 175 175 176 177 175 170 166 166 165 166 170
 175 177 175 172 171 166 162 162 161 160 164 170 177 176 176 180 184 186
 184 181 180 178 176 181 175 176 176 135]","[ 90 186 181 181 182 183 180 180 180 180 179 179 178 177 177 177 177 177
 176 175 175 175 175 175 176 174 174 176 175 167 152 141 131 144 160 167
 161 155 159 168 170 166 162 160 156 155 162 171 174 177 179 177 175 176
 183 190 172 174 174 181 173 171 168 126]","[ 89 185 180 180 181 182 179 179 180 180 179 178 177 176 176 175 175 175
 175 175 175 175 174 174 181 175 167 161 155 143 128 117 132 138 145 144
 130 118 121 132 152 155 161 163 159 155 160 170 175 177 178 180 180 179
 178 178 151 156 162 172 164 162 159 116]","[ 89 184 179 180 180 182 178 179 180 179 178 177 176 175 174 174 172 173
 175 176 176 176 174 173 168 159 147 138 134 131 129 127 156 140 127 122
 118 112 112 118 136 143 156 165 164 159 160 166 179 175 174 182 190 185
 165 147 131 138 146 159 153 154 153 113]","[ 88 183 179 179 180 181 178 178 180 179 178 177 176 174 173 173 171 172
 174 175 173 169 164 162 147 142 136 132 133 138 144 149 159 140 126 127
 130 129 133 140 148 146 148 155 159 159 160 163 177 176 177 179 176 163
 144 129 131 137 142 152 146 150 153 116]","[ 88 183 178 179 179 181 177 178 179 179 178 177 175 174 173 172 173 174
 174 172 167 159 151 146 141 142 143 143 143 145 148 151 145 139 139 143
 141 136 144 158 174 157 141 140 148 155 160 163 171 181 185 173 149 131
 127 130 143 146 146 152 144 148 155 120]","[ 89 186 181 177 174 177 177 179 176 175 175 174 173 172 171 171 170 175
 176 167 152 142 141 144 141 133 132 141 154 158 157 154 127 128 139 151
 147 138 147 165 175 161 138 123 129 149 163 165 183 176 163 147 135 133
 139 146 138 146 142 149 150 152 150 117]","[ 88 185 179 175 173 175 175 178 175 175 174 173 172 171 171 170 175 173
 166 154 142 140 146 153 150 137 132 145 157 153 140 131 140 145 143 135
 135 147 160 166 167 157 142 134 141 156 163 161 158 152 145 138 136 137
 139 140 140 147 143 149 149 151 150 116]","[ 88 183 176 174 172 173 172 176 174 174 173 173 172 171 171 170 174 168
 157 147 141 143 150 157 150 141 144 159 164 152 138 134 142 151 140 119
 126 158 171 161 158 153 145 143 149 156 154 148 135 133 132 135 140 142
 139 135 143 149 144 149 148 150 148 115]","[ 87 179 172 171 170 170 168 172 171 171 171 170 170 169 169 169 163 159
 155 151 150 150 151 151 142 143 154 165 160 143 138 144 131 140 131 116
 131 167 175 157 154 148 141 140 144 146 141 134 132 133 136 141 144 144
 140 136 145 150 145 148 147 148 146 113]","[ 81 170 162 164 164 162 159 164 163 163 163 163 162 162 162 162 155 153
 151 151 152 150 147 144 144 142 146 153 153 144 139 141 132 134 128 126
 146 173 177 163 153 142 132 131 135 138 136 134 137 141 146 147 145 143
 143 144 146 151 144 147 145 146 144 111]","[ 76 162 153 157 157 153 150 155 155 155 155 154 154 154 154 154 154 151
 147 145 144 144 143 142 151 140 132 137 155 166 158 143 137 136 136 142
 160 179 181 173 151 137 127 127 134 139 142 144 140 144 147 146 143 142
 146 150 144 149 142 144 143 143 143 110]","[ 76 160 150 155 156 152 148 154 152 152 152 152 152 152 152 152 156 154
 151 147 143 141 141 141 140 136 124 118 133 153 148 128 118 132 144 154
 171 187 183 169 149 136 126 130 138 143 145 148 142 142 142 142 142 143
 146 148 143 147 140 142 140 142 141 109]","[ 79 163 153 158 160 154 150 156 154 154 154 155 155 155 155 155 155 157
 159 156 151 144 140 138 120 130 121  96  90 103 103  88  88 120 148 161
 178 193 181 156 148 136 129 134 142 143 143 144 146 142 138 139 143 145
 144 142 141 146 138 140 139 141 141 108]","[ 78 160 155 160 157 158 157 153 155 155 151 147 153 163 166 162 164 163
 163 161 157 147 133 124 110 106 103 103 106 106 101  96  88 102 134 170
 191 186 170 159 130 135 137 136 137 140 140 136 142 142 142 143 142 141
 140 140 140 143 136 141 137 135 136 108]","[ 78 160 154 158 155 157 157 153 150 151 150 150 159 170 174 171 169 167
 165 164 161 154 145 138 135 132 130 132 136 137 133 129 118 131 153 175
 188 183 166 150 127 131 134 133 134 138 137 134 139 139 140 140 139 138
 137 137 138 141 135 139 136 135 136 108]","[ 77 159 152 155 152 155 156 153 150 150 151 154 164 177 182 182 178 175
 171 169 167 164 161 159 157 154 153 154 157 158 155 151 144 156 168 175
 180 178 160 139 125 130 132 132 134 138 138 134 137 137 138 138 138 137
 136 135 135 138 132 137 134 132 134 106]","[ 77 158 150 153 149 153 155 152 154 152 152 156 167 180 188 190 190 186
 180 176 174 174 175 176 169 167 165 164 165 163 160 157 153 165 171 169
 170 171 154 131 127 131 134 134 136 140 140 137 136 137 137 137 137 136
 135 134 131 134 128 133 131 130 131 104]","[ 76 157 149 152 148 152 154 151 156 152 151 158 171 184 194 199 199 195
 190 184 180 180 182 184 181 180 178 177 176 174 171 169 164 173 174 166
 164 163 145 123 128 132 135 134 136 140 140 136 134 134 134 135 134 133
 132 132 127 131 125 131 129 128 130 103]","[ 75 156 149 153 149 152 153 150 153 149 151 164 178 191 201 208 201 200
 196 191 186 183 183 184 184 184 184 184 183 182 180 180 177 178 173 164
 159 153 138 120 128 132 135 134 135 138 137 134 131 131 132 132 132 131
 130 129 127 130 125 131 130 130 132 104]","[ 74 156 150 154 151 153 153 149 152 150 157 174 189 197 202 207 198 199
 200 196 190 184 182 182 177 178 178 177 176 174 173 173 173 167 158 153
 150 144 135 127 131 135 137 135 136 138 137 133 133 133 134 134 134 133
 132 131 129 133 128 134 133 133 136 108]","[ 73 156 151 156 152 154 153 149 154 154 164 183 197 199 199 201 194 197
 200 199 192 185 181 180 171 172 172 169 166 162 161 160 158 147 138 138
 140 138 136 137 135 139 140 138 138 141 139 135 138 138 138 138 138 137
 136 135 132 136 131 137 136 136 139 112]","[ 73 161 150 151 151 151 149 153 152 157 172 192 202 200 197 197 192 187
 187 190 186 175 173 180 166 166 164 160 155 149 145 143 133 132 131 134
 139 142 141 139 138 138 138 138 138 138 138 137 136 136 137 137 137 136
 135 135 128 131 126 133 133 135 140 114]","[ 76 164 155 156 157 158 156 160 157 163 178 196 205 201 196 195 189 185
 182 182 179 174 172 173 168 157 143 133 129 129 129 128 141 139 138 140
 144 146 145 143 139 139 139 138 138 137 137 137 136 136 137 137 136 136
 135 134 130 133 126 132 132 134 139 114]","[ 80 169 161 162 165 166 164 168 163 171 186 202 207 203 196 193 186 184
 178 172 171 171 167 160 150 138 126 122 127 134 138 139 148 147 145 146
 147 147 146 144 141 140 140 139 138 137 136 135 136 136 136 136 136 135
 134 133 133 134 127 132 131 134 139 114]","[ 84 173 165 166 168 169 166 170 167 176 192 205 208 204 197 193 184 184
 177 167 165 166 157 143 127 127 130 138 147 153 156 155 151 150 148 147
 146 145 144 143 143 142 141 140 138 137 136 135 136 137 137 137 136 135
 134 133 134 136 128 132 131 133 139 114]","[ 85 174 166 167 168 167 164 166 168 180 195 205 207 204 197 193 184 185
 178 167 162 159 146 129 129 138 148 155 155 153 151 151 152 152 151 149
 146 144 143 143 144 144 143 141 140 139 138 137 138 138 138 138 137 135
 134 133 134 136 128 133 132 134 139 113]","[ 85 174 166 167 168 166 162 164 172 185 199 205 205 202 198 192 184 182
 176 166 158 149 136 124 145 153 159 159 153 149 150 153 153 153 153 151
 148 146 146 147 146 145 144 143 142 141 141 140 140 140 140 139 138 136
 135 134 132 135 129 135 134 135 139 113]","[ 84 173 166 168 169 168 164 166 179 192 204 205 203 201 197 191 185 178
 170 163 152 139 130 128 155 158 159 157 154 154 157 160 151 153 154 152
 149 147 148 150 146 146 146 145 145 144 144 144 142 142 141 141 139 138
 136 135 129 133 129 137 137 137 140 113]","[ 83 173 166 170 172 171 167 170 185 198 208 206 202 200 196 190 185 174
 165 159 147 131 128 133 159 157 156 155 155 155 155 154 148 150 152 150
 147 146 148 150 147 147 147 146 146 146 146 146 143 143 143 142 140 139
 137 136 127 132 129 138 138 138 140 113]","[ 84 171 164 168 169 166 165 173 194 203 208 206 201 197 192 187 177 176
 160 151 147 127 121 146 158 158 157 157 156 156 156 156 153 152 152 151
 150 149 149 149 147 146 146 145 144 144 143 143 143 141 139 139 139 137
 134 132 126 131 127 135 135 136 139 111]","[ 84 173 167 171 171 170 173 184 200 207 211 208 203 199 194 189 183 177
 165 155 145 131 134 154 162 162 161 161 161 160 160 160 158 158 157 156
 156 155 154 154 150 150 149 149 148 147 147 146 144 143 141 141 141 139
 136 134 129 134 130 138 138 139 141 114]","[ 82 172 166 169 167 167 175 190 201 206 207 202 196 193 189 184 178 166
 159 150 131 126 141 154 157 157 157 156 156 155 155 155 154 154 153 153
 152 151 150 150 145 144 144 143 142 141 141 140 139 137 135 135 135 133
 131 128 125 129 125 133 132 133 136 109]","[ 88 178 172 173 170 171 181 200 207 210 208 201 196 193 189 183 180 164
 160 150 127 132 155 161 161 161 161 160 160 160 159 159 158 158 157 156
 156 155 154 154 149 148 148 147 146 144 144 143 143 142 140 140 140 138
 135 133 130 134 129 136 136 136 140 113]","[ 82 172 166 168 166 169 182 202 205 206 203 196 191 188 183 177 173 158
 154 142 123 135 158 160 159 159 159 158 158 158 157 157 155 154 154 153
 152 151 151 150 147 147 146 145 143 142 141 141 140 138 137 136 136 135
 132 129 126 129 124 130 129 131 134 108]","[ 86 175 169 173 175 181 194 213 212 213 209 202 198 195 189 181 169 161
 151 137 129 144 161 162 161 160 160 160 159 159 159 158 155 155 154 154
 153 152 151 151 150 149 148 147 145 144 143 142 140 138 136 136 136 135
 132 129 126 129 123 129 128 129 133 107]","[ 93 180 172 176 179 184 194 210 209 209 205 199 196 193 185 176 164 165
 148 130 137 152 158 161 159 159 158 158 158 157 157 157 155 154 154 153
 152 151 151 151 150 149 148 146 144 143 142 141 141 139 138 137 137 136
 133 130 129 131 125 130 129 130 135 109]","[ 62 146 135 137 140 142 148 161 161 162 159 154 151 147 139 129 128 135
 112  94 110 124 123 127 124 124 124 123 123 122 122 122 121 121 120 119
 119 118 117 117 116 115 114 112 110 109 107 107 111 109 108 107 107 106
 103 100 100 103  96 101 100 101 106  80]"
