"[29 70 52 66 62 72 87 83 88 86 84 82 81 82 84 85 82 81 80 79 78 76 75 75
 65 64 63 62 60 58 57 57 56 55 53 51 50 51 52 53 50 50 51 52 53 53 54 54
 57 51 47 47 49 48 44 41 43 45 45 44 47 52 52 48]","[ 72 128 116 124 111 115 126 121 133 135 139 145 153 162 169 174 176 175
 173 170 167 165 163 162 161 158 153 145 138 131 125 122 111 110 108 105
 102  99  96  94  91  91  89  87  85  83  82  81  83  93  95  85  80  85
  87  84  70  74  74  73  73  74  69  62]","[ 76 153 151 151 133 134 139 132 118 118 118 119 120 123 126 127 132 135
 140 146 152 159 163 166 168 168 169 169 169 169 169 169 156 154 151 144
 136 127 119 115 107 107 105 103 101 100  98  97  81  81  82  85  85  82
  76  72  80  81  79  75  74  74  70  63]","[ 94 186 188 186 173 176 179 170 170 166 161 154 147 142 138 136 127 127
 126 126 125 124 123 123 133 135 140 147 154 161 166 169 171 171 171 170
 167 165 162 160 153 149 143 135 127 119 113 110 117 101  96 104 100  86
  89 105 105 100  90  81  80  80  76  69]","[ 82 179 179 177 174 180 179 172 183 182 180 178 177 176 175 175 177 175
 170 164 157 151 146 144 127 127 126 124 123 122 121 120 131 133 136 142
 148 155 161 165 168 168 167 166 165 164 163 163 146 143 138 128 115 112
 126 143 113 107  98  94  96  96  85  70]","[ 90 188 182 181 184 189 185 183 177 177 178 179 181 182 182 183 175 176
 176 177 178 178 179 179 178 176 172 166 161 155 151 149 128 127 124 122
 121 121 122 124 126 129 134 140 147 153 157 160 156 167 165 156 165 177
 154 116  83  81  84  98 117 124 107  86]","[ 90 188 182 183 187 185 180 187 186 185 185 183 181 179 178 176 185 185
 185 185 184 184 184 184 180 179 179 178 177 176 176 175 183 180 174 166
 158 151 146 143 137 135 132 128 123 118 115 113 126 128 129 138 154 150
 105  53  73  71  77 103 138 155 141 118]","[ 90 189 186 189 192 185 180 195 184 184 185 185 185 184 184 183 178 178
 179 180 181 182 183 183 182 182 182 182 182 181 181 181 177 178 180 181
 181 180 178 177 176 174 170 165 159 154 150 148 138 127 129 141 127  93
  77  84  82  72  70  93 131 153 142 120]","[ 91 188 186 187 187 188 186 187 187 187 187 187 187 187 187 187 185 187
 187 186 188 190 186 178 189 186 182 181 182 183 183 182 182 181 180 179
 179 180 181 182 178 177 179 180 179 176 174 174 178 157 178 169  96  65
  82  78  71  81  79 102 122 118 113  97]","[ 91 188 186 187 187 188 186 187 187 187 187 187 187 187 187 187 180 186
 189 183 179 182 187 190 185 183 182 185 188 189 186 182 186 186 186 185
 185 183 182 181 179 180 181 182 180 178 178 179 174 180 170 128  86  82
  84  69  77  69  90 140 157 159 158 119]","[ 91 188 186 187 187 188 186 187 187 187 187 187 187 187 187 187 184 189
 189 184 182 186 190 191 192 189 187 188 191 191 188 185 186 187 188 188
 188 187 185 184 183 184 183 182 180 180 181 182 176 180 136  81  77  88
  81  73  79  74 121 180 175 176 181 126]","[ 91 188 186 187 187 188 186 187 187 187 187 187 187 187 187 187 189 187
 183 184 191 195 188 178 187 186 185 184 184 185 187 189 184 184 185 186
 187 187 188 188 187 188 185 180 180 183 185 184 181 145  93  69  79  82
  79  88  73 108 162 194 172 169 178 134]","[ 91 188 186 187 187 188 186 187 187 187 187 187 187 187 187 187 184 183
 181 180 185 189 186 179 179 183 187 187 185 184 185 187 188 187 185 184
 185 186 188 189 188 188 185 181 184 190 188 182 158 102  73  82  84  78
  82  85  83 151 186 185 174 178 181 148]","[ 91 188 186 187 187 188 186 187 187 187 187 187 187 187 187 187 181 187
 188 182 178 183 190 193 185 187 190 194 194 192 186 182 191 190 188 187
 186 186 187 187 186 187 185 184 190 192 179 161 107  78  74  85  78  76
  80  73 126 183 188 172 178 191 182 143]","[ 91 188 186 187 187 188 186 187 187 187 187 187 187 187 187 187 185 186
 185 184 185 187 183 176 154 144 139 150 170 186 188 184 182 184 186 188
 189 188 187 186 185 187 186 186 189 180 149 115  74  80  78  76  78  75
  82 103 171 187 183 177 175 189 185 131]","[ 91 188 186 187 187 188 186 187 187 187 187 187 187 187 187 187 187 177
 170 179 195 194 166 134  85  66  54  76 122 167 188 192 167 172 180 187
 191 190 188 186 185 188 187 186 184 165 117  72  75  96  80  72  90  78
  91 158 189 175 183 193 174 186 197 139]","[ 91 188 185 186 186 188 186 189 185 183 196 191 174 190 196 161 104  85
  84  81 136 187 132  68  70  76  74  64  76 118 138 120  73  64  83 144
 183 203 177 195 190 186 195 197 157  98  76  88  73  91  86  78  86  93
 132 199 188 186 191 185 190 186 193 145]","[ 93 190 187 187 186 187 185 187 198 183 180 186 192 194 155  89  71  68
  71  69  88 107  86  61  70  67  70  71  70  80  81  68  73  62  56  78
 118 189 190 189 181 194 187 149 106  84  80  80  83  74  85  87  85 129
 182 190 188 186 192 186 190 186 193 145]","[ 93 191 188 188 187 187 185 186 192 181 183 190 174 132  90  68  63  70
  67  70  62  52  65  72  68  56  64  78  70  58  55  54  69  63  58  59
  82 173 195 182 191 187 155 103  74  79  85  80  86  73  78  87 109 169
 204 182 188 186 192 186 190 186 194 145]","[ 91 189 187 188 188 188 186 187 176 195 189 152 108  75  68  80  75  83
  68  75  67  52  78  83  70  55  59  69  62  55  65  75  69  65  74  74
  72 153 188 187 195 150 102  81  80  82  82  84  83  89  77  97 162 193
 186 188 188 187 192 186 191 186 194 146]","[ 88 186 185 188 188 189 186 187 184 198 156  81  60  84  87  68  72  87
  69  68  63  58  83  79  73  61  57  53  43  49  65  73  71  68  71  62
  61 151 191 187 153 105  70  76  88  81  77  83  83  84  90 140 199 197
 179 196 189 187 193 187 191 187 194 146]","[ 86 185 185 187 187 187 184 185 196 151  95  64  66  82  83  70  67  85
  79  65  55  60  79  78  69  63  59  48  37  46  59  58  64  73  70  57
  79 179 189 153  94  84  77  79  83  82  82  83  82  69 118 184 194 187
 193 191 189 187 193 187 192 187 195 146]","[ 88 186 185 186 185 184 179 179 162  91  61  78  74  60  67  78  71  77
  82  64  56  68  75  85  71  63  62  57  47  49  55  51  54  69  70  72
 104 175 146  99  69  78  84  82  81  83  85  84  85 105 161 195 184 184
 195 184 190 188 193 187 192 187 195 147]","[ 90 188 186 186 184 181 175 175 105  68  62  67  56  66  76  59  75  59
  68  54  57  75  68  84  84  68  64  64  52  44  46  45  54  58  57  73
  98 129  86  65  74  70  72  80  83  80  79  81  93 169 201 188 191 193
 184 187 190 188 193 187 192 188 195 147]","[ 90 188 177 184 175 184 173  86  65  70  72  70  69  70  67  62  65  62
  58  57  61  67  74  77  85  86  80  66  54  48  45  43  47  53  56  54
  57  63  65  61  70  63  68  80  79  72  88 116 188 189 190 191 191 191
 191 190 191 192 188 192 187 193 192 146]","[ 90 182 179 175 180 175 124  74  64  67  68  66  67  71  72  70  69  63
  57  54  57  64  70  74  78  79  75  63  54  52  54  53  60  64  64  59
  57  59  59  56  61  61  72  82  74  74 116 170 188 189 189 190 191 191
 190 190 191 191 188 192 187 193 191 146]","[ 92 179 185 178 184 157  78  69  67  68  67  63  64  70  74  73  73  65
  56  52  55  61  66  68  74  76  73  63  57  58  62  63  68  70  67  59
  54  53  52  50  56  64  73  74  79 108 161 206 187 188 189 190 190 190
 190 189 190 191 188 192 187 193 191 145]","[ 90 176 188 189 167 118  64  70  74  74  71  65  63  67  69  67  72  64
  55  54  59  64  65  63  74  79  78  71  66  66  68  68  68  68  64  56
  49  46  47  49  57  67  67  70 106 163 194 193 187 187 188 189 189 189
 189 189 190 191 187 191 187 192 191 145]","[ 86 177 183 190 127  69  71  67  75  77  73  67  65  67  66  63  67  60
  55  57  65  69  65  59  71  78  83  81  77  77  77  75  72  69  64  55
  46  42  45  50  58  60  69 100 152 193 195 176 186 186 187 188 189 189
 188 188 190 190 187 191 186 192 190 144]","[ 90 185 178 169  91  48  81  68  73  74  72  67  66  69  69  67  64  57
  53  59  69  73  65  56  61  72  82  84  85  87  86  84  83  78  70  60
  48  40  44  52  57  59  94 152 188 187 180 183 185 186 187 187 188 188
 187 187 189 190 186 191 186 191 190 144]","[ 88 188 169 124  70  62  78  74  73  73  70  64  64  69  73  73  65  56
  50  56  68  72  64  53  53  65  76  81  84  89  91  90  90  83  74  63
  49  40  45  55  57  86 139 186 195 179 176 190 184 185 186 187 187 187
 187 186 189 190 186 190 185 191 190 144]","[ 78 180 155  80  59  80  65  76  77  76  69  61  61  68  74  75  68  57
  48  52  64  69  62  51  51  62  72  76  80  86  90  91  90  82  74  64
  50  41  47  59  60 120 177 192 185 184 185 183 184 185 186 187 187 187
 186 186 189 189 186 190 185 191 190 144]","[ 90 174 106  71  65  64  80  76  77  72  68  69  73  76  77  75  69  56
  53  67  75  66  53  46  62  72  73  67  69  83  92  92  88  83  88  59
  50  64  51  55  91 162 189 176 182 183 177 188 187 187 187 187 186 186
 186 186 187 189 186 189 184 191 190 143]","[ 88 160  94  69  70  69  79  73  77  75  71  67  65  66  69  72  71  62
  61  72  76  67  58  56  67  73  71  65  68  83  93  93  98  85  90  69
  51  48  46  71 135 184 194 181 188 188 181 191 186 186 186 186 186 186
 186 186 184 186 183 186 181 188 187 142]","[ 83 138  78  68  75  74  76  71  70  70  67  61  55  54  60  66  72  69
  72  77  75  65  62  66  73  73  67  60  65  80  90  90 103  86  90  80
  54  37  52  99 169 189 182 172 182 182 175 184 180 181 181 182 182 183
 183 184 181 183 180 184 178 184 185 141]","[ 72 116  69  70  76  74  73  73  67  67  65  62  58  57  59  62  74  76
  81  81  72  63  64  72  79  74  65  58  64  79  89  90 100  88  88  81
  58  44  73 125 176 179 169 167 178 175 170 179 178 178 179 180 181 182
 183 183 184 184 182 188 181 185 188 148]","[ 61  99  67  72  73  72  70  75  72  70  69  68  68  65  60  55  66  72
  78  75  64  55  59  68  73  68  60  57  65  80  91  95  96  95  87  78
  61  60  97 134 130 127 125 130 135 129 126 134 131 131 132 133 134 135
 135 136 138 137 136 143 136 138 142 106]","[ 55  89  70  73  68  72  69  75  73  70  68  68  66  60  49  40  46  53
  59  57  49  44  48  53  56  52  49  50  59  73  86  93  95 101  87  76
  65  70 109 131 130 128 133 139 137 130 129 132 131 132 132 133 133 134
 134 135 135 133 132 140 133 134 140 106]","[ 54  85  71  72  65  75  70  70  68  67  66  64  58  50  42  36  37  44
  50  51  50  49  51  53  52  51  51  54  59  68  79  87  91  99  83  79
  69  70 111 129 129 126 131 135 129 127 129 127 131 131 131 131 131 131
 131 131 130 128 127 136 128 129 135 104]","[ 56  83  71  70  63  79  70  65  66  69  70  66  58  50  47  47  45  51
  57  62  65  69  70  69  67  67  68  68  68  72  80  88  86  93  77  83
  73  67 109 132 133 127 130 131 127 131 136 130 132 132 132 132 132 131
 131 131 130 128 127 137 129 129 136 106]","[ 56  79  71  69  70  66  73  70  72  71  68  64  61  58  57  56  56  59
  65  69  72  75  78  81  78  80  80  77  73  74  80  86  88  83  78  80
  75  64  83 125 128 128 129 129 129 130 130 130 129 129 129 129 129 129
 129 129 128 131 125 131 129 129 132 105]","[ 51  75  69  68  71  68  76  73  74  72  70  67  65  63  62  62  63  66
  70  73  75  78  82  85  82  84  85  83  79  79  83  88  84  82  79  79
  73  59  74 113 126 126 127 127 127 128 128 128 127 127 127 127 127 127
 127 127 128 131 124 130 128 128 131 104]","[ 46  71  66  67  72  71  79  77  75  74  73  71  70  70  70  70  72  73
  75  76  77  80  84  87  85  87  89  88  85  83  86  88  82  83  81  78
  70  57  70 105 124 124 124 125 125 125 126 126 125 125 125 125 125 125
 125 125 127 129 123 129 127 127 130 103]","[ 45  70  66  68  74  72  81  78  76  76  75  75  75  76  77  77  77  78
  78  77  77  79  84  87  85  88  90  90  87  85  85  86  83  85  80  75
  69  63  78 111 122 122 123 123 124 124 124 124 124 124 124 124 124 124
 124 124 125 128 122 127 126 126 128 101]","[ 46  72  68  70  76  73  81  78  78  77  77  77  78  79  80  81  83  83
  82  81  80  81  85  88  88  89  91  91  89  86  84  84  81  84  77  70
  71  75  93 123 122 122 122 122 123 123 124 124 124 124 124 124 124 124
 124 124 123 126 120 126 124 124 127 100]","[ 48  73  70  73  78  75  82  79  81  81  80  80  81  81  82  83  86  87
  87  85  84  84  87  89  91  91  92  91  90  87  85  83  77  82  76  72
  81  91 106 126 120 120 121 121 121 122 122 122 123 123 123 123 123 123
 123 123 122 125 119 124 122 122 125  98]","[ 47  74  71  75  80  78  85  82  86  85  84  83  83  83  84  84  85  87
  88  87  85  85  86  88  91  90  89  88  87  85  83  81  75  84  83  86
 100 109 113 121 118 118 118 119 119 119 120 120 121 121 121 121 121 121
 121 121 121 124 117 123 121 121 124  97]","[ 46  73  72  76  82  80  88  85  89  89  87  86  85  85  85  85  82  84
  86  86  84  83  83  84  88  87  84  83  82  81  79  77  76  88  92 100
 117 123 116 114 116 116 116 117 117 117 118 118 119 119 119 119 119 119
 119 119 120 123 117 122 121 121 123  96]","[ 50  80  73  75  86  80  83  87  91  91  89  87  86  86  85  85  78  82
  84  83  81  81  81  81  78  82  86  83  78  77  81  86  96 104 114 118
 116 113 113 114 116 116 116 116 116 116 116 116 118 118 118 118 118 118
 118 118 118 122 117 122 118 117 121  95]","[ 51  81  73  75  88  85  89  92  94  94  92  91  90  89  88  88  79  80
  79  77  77  77  78  79  84  81  78  75  77  83  91  96 104 109 115 115
 112 110 112 115 115 115 115 115 115 115 115 115 117 117 117 117 117 117
 117 117 116 120 115 119 116 115 118  92]","[ 53  82  73  75  91  91  95  96  97  97  96  95  94  92  92  91  84  80
  77  75  75  76  76  76  78  75  74  78  87  97 104 107 113 114 115 113
 109 109 112 115 114 114 114 114 114 114 114 114 116 116 116 116 116 116
 116 116 113 117 112 117 113 112 115  90]","[ 56  85  75  75  91  93  96  95  98  98  97  96  95  94  92  92  90  84
  79  79  78  75  73  73  67  73  83  95 105 110 112 111 115 116 115 113
 110 110 112 115 113 113 113 113 113 113 113 113 114 114 114 114 114 114
 114 114 112 116 111 115 112 110 114  88]","[ 57  89  79  76  90  91  93  90  96  96  96  95  94  92  90  89  91  85
  81  82  80  73  69  71  73  85 100 110 113 112 112 112 112 113 114 114
 113 113 113 114 113 113 113 113 113 113 113 113 113 113 113 113 113 113
 113 113 112 116 111 115 112 111 114  89]","[ 55  92  85  78  88  88  91  87  92  93  93  93  92  90  87  86  87  82
  80  81  77  68  69  75  95 103 111 113 109 106 109 113 109 110 112 114
 115 114 113 113 113 113 113 113 113 113 113 113 113 113 113 113 113 113
 113 113 112 116 111 115 112 111 114  89]","[ 52  94  90  82  89  87  90  88  89  90  91  91  90  88  85  83  85  79
  78  79  74  67  75  89 110 111 112 111 108 107 109 112 110 110 111 112
 113 113 112 111 114 114 114 114 114 114 114 114 114 114 114 114 114 114
 114 114 111 115 110 115 111 110 113  88]","[ 49  94  93  85  90  88  92  90  88  89  90  91  89  87  84  82  85  80
  78  79  73  69  83 103 109 108 109 111 113 114 111 109 114 112 110 109
 110 111 111 111 114 114 114 114 114 114 114 114 114 114 114 114 114 114
 114 114 110 114 109 113 110 109 112  87]","[ 56  95  92  88  94  87  87  86  87  87  87  86  85  83  82  81  82  84
  84  77  67  69  89 111 109 109 109 109 109 109 109 109 110 110 110 111
 111 112 112 112 112 112 112 113 113 114 114 114 113 113 113 113 113 113
 113 113 109 112 107 111 108 108 112  87]","[ 51  89  87  84  91  86  88  88  86  86  86  85  84  83  81  80  79  80
  80  73  64  66  87 110 112 112 112 112 112 112 112 112 113 113 114 114
 114 115 115 115 115 115 115 116 116 117 117 117 116 116 116 116 116 116
 116 116 114 118 112 116 113 113 117  92]","[ 54  92  88  84  92  88  91  92  89  89  88  88  86  84  83  82  80  80
  78  71  64  68  90 113 107 107 107 107 108 108 108 108 109 109 109 110
 110 111 111 111 110 111 111 111 112 112 112 113 112 112 112 112 112 112
 112 112 111 115 110 114 111 111 115  90]","[ 60  97  91  86  92  87  91  92  89  89  89  88  86  84  82  81  80  78
  75  69  63  68  91 114 112 112 112 112 113 113 113 113 114 114 115 115
 115 116 116 116 115 116 116 116 117 117 117 118 117 117 117 117 117 117
 117 117 117 121 115 120 116 116 121  96]","[ 58  95  90  85  91  86  90  91  90  90  89  88  86  84  82  81  77  74
  71  65  60  66  89 110 108 108 109 109 110 110 110 111 111 112 112 112
 113 113 113 114 112 112 113 113 113 114 114 114 113 113 113 113 113 113
 113 113 113 117 111 115 112 112 116  91]","[ 54  92  89  86  94  90  94  96  95  95  94  93  91  89  87  86  78  75
  71  66  62  69  89 109 109 109 110 110 111 112 112 113 113 114 114 114
 115 115 115 115 114 114 114 115 115 115 116 116 115 115 115 115 115 115
 115 115 114 117 112 116 113 113 117  92]","[ 47  86  84  82  90  86  89  89  92  92  91  90  87  85  83  82  75  72
  69  65  61  66  85 103 113 113 114 115 116 116 117 117 118 118 118 119
 119 120 120 120 118 118 119 119 119 120 120 120 119 119 119 119 119 119
 119 119 118 122 116 121 118 117 122  97]","[37 76 74 71 78 71 73 72 79 78 78 76 74 71 69 68 65 62 59 55 52 56 73 91
 85 86 86 87 88 89 90 90 91 91 91 92 92 92 93 93 91 91 91 92 92 92 93 93
 92 92 92 92 92 92 92 92 92 95 90 94 91 91 95 70]"
