"[27 22 20 21 20 18 20 25 19 20 22 23 22 21 19 18 21 20 19 18 18 19 19 20
 20 21 20 18 20 26 30 30 31 18 13 21 25 20 18 22 18 19 20 22 23 24 25 25
 22 22 22 24 25 26 25 24 19 27 30 24 19 25 36 44]","[22 16 12 12 10  8  9 10  8  7  8  8 10 10 12 11  8  8  7  7  7  7  7  7
  8  7  8 11 22 30 35 38 27 13  7  8 10  6  6  8  6  7  9 12 13 12 10  9
 11 11 12 14 16 16 16 15 23 19 15 19 34 49 53 48]","[29 22 17 18 17 13 10  9  9  7  6  4  3  4  5  5  6  6  6  6  6  5  4  3
  7  3  4 18 30 34 37 42 24 11  2  3  3  1  1  4  1  3  7 10 11  9  6  4
 11 12 13 14 15 16 15 15 18 17 19 31 52 66 62 50]","[36 29 26 29 32 30 27 26 23 22 19 16 12 10  8  7  9 10 11 11 11  9  8  7
 12  7 12 28 36 35 36 44 16  8  2  5  5  5  5  9  7  9 11 13 13 12 11  9
 16 18 19 19 19 19 19 20 14 29 46 56 61 62 56 50]","[27 21 19 24 27 26 24 26 26 26 25 25 23 21 19 18 11 11 11  9  9  9  7  7
  5  7 15 29 34 31 33 40  6  3  2  5  7  6  6  8  9  9  9  9  9 10 11 13
 16 17 17 16 14 15 19 22 28 45 60 64 60 57 54 51]","[19 15 12 15 15 14 14 19 19 20 21 23 25 27 29 30 27 25 23 19 17 15 13 13
 11 17 25 30 32 29 26 23  7  7  7  8  7  7  6  6  7  7  6  6  7  9 12 14
 14 15 15 14 13 17 24 31 53 54 53 53 57 62 60 54]","[27 25 23 22 18 15 21 30 31 29 25 23 24 27 31 34 52 48 41 34 28 24 22 22
 24 29 31 31 35 38 25  8 10 11 11  9  8  9  9  9  7  7  8  9 11 13 16 17
 16 17 18 17 19 27 39 49 59 55 50 49 57 65 64 57]","[38 37 37 34 29 27 36 48 55 48 38 29 24 25 29 33 61 55 46 35 27 21 19 18
 18 24 24 24 38 49 33  6  9 10  8  5  4  7 11 12  4  6  8 11 14 15 16 16
 15 17 19 19 23 34 50 62 49 55 58 58 59 61 61 57]","[52 87 91 72 66 62 66 85 73 55 37 30 31 31 27 23 58 56 43 35 36 26 15 17
 15 23 24 35 48 30 12 22 14 15 17 18 17 15 13 12 11  9  8 11 15 17 15 12
 18 15 17 28 43 53 55 52 55 57 57 58 62 65 62 55]","[51 84 90 75 74 70 71 89 71 53 34 28 31 30 26 21 39 55 52 36 31 26 21 22
 20 20 20 27 30 18 11 18 14 13 12 11 10 10 10 10  7  7  7 10 13 15 15 15
 11 19 32 45 54 57 56 54 57 59 59 60 64 67 64 56]","[44 76 82 69 67 62 61 78 69 48 30 27 30 29 23 18 25 57 66 48 38 36 36 39
 27 21 28 33 21 10  7  6 15 14 13 12 14 16 19 21 13 14 14 13 12 12 14 16
 19 32 49 58 59 57 56 58 59 61 61 62 66 69 66 59]","[41 72 76 59 50 40 43 65 65 44 27 26 30 27 20 17 21 49 64 58 51 44 44 55
 28 26 47 60 42 31 29 18 13 12 10  8  7  7  8  8 14 14 13 10  8 11 19 26
 42 49 55 56 53 52 56 61 60 62 62 63 67 70 67 60]","[45 74 75 52 37 26 35 67 61 41 27 28 31 25 19 19 19 29 41 56 59 43 39 57
 31 34 61 79 69 65 67 56 41 40 37 32 25 19 13 10 10 10  7  5  7 16 30 41
 54 53 52 51 51 53 57 59 60 62 63 63 67 71 67 60]","[45 69 66 43 29 20 33 70 57 40 30 33 32 22 18 23 24 17 22 49 65 47 38 54
 49 52 64 71 67 68 71 68 65 65 64 62 57 52 47 44 33 29 23 19 20 27 37 45
 50 49 49 53 58 60 59 56 61 63 64 64 68 72 68 61]","[45 63 55 35 27 20 31 65 55 41 34 37 33 20 18 28 30 20 19 44 66 58 45 53
 66 69 63 56 59 57 54 58 54 54 55 55 55 55 54 54 55 50 42 37 37 39 41 43
 48 49 51 56 61 63 61 59 64 65 66 66 70 74 70 63]","[52 64 51 34 32 25 32 60 53 41 37 41 33 19 19 31 29 24 20 37 62 63 50 48
 67 75 62 54 64 61 53 60 57 55 52 49 48 47 48 48 48 45 41 42 45 48 47 46
 55 55 55 56 57 60 63 65 66 67 68 68 72 76 72 65]","[49 78 60 41 38 28 31 33 28 54 69 53 28 18 21 25 25 22 28 42 54 55 50 46
 64 70 64 58 64 64 58 59 57 55 53 50 49 49 49 49 50 44 38 38 43 47 48 47
 56 56 58 60 62 64 65 66 67 63 68 70 69 75 75 63]","[52 82 64 45 40 27 25 24 17 40 55 46 31 29 35 40 52 45 41 44 46 43 39 38
 66 75 70 63 67 65 59 60 60 59 57 55 54 53 52 52 52 46 41 41 46 50 50 48
 57 57 59 61 63 65 66 67 69 66 70 73 71 77 78 65]","[54 85 69 51 45 31 27 25 21 39 51 47 40 42 47 49 51 47 44 45 43 38 36 38
 64 77 76 70 72 69 64 67 64 64 63 62 60 58 56 55 54 50 47 47 51 53 53 51
 58 59 61 62 65 66 68 69 73 70 74 77 75 80 81 68]","[54 85 70 54 51 40 39 39 47 57 63 60 55 53 50 46 38 40 45 49 46 39 37 40
 60 75 78 74 76 75 72 77 68 68 68 67 65 62 60 58 57 55 53 53 55 57 56 55
 61 61 63 65 67 69 70 71 76 72 76 79 77 82 82 70]","[54 85 69 54 53 45 49 51 66 70 73 71 67 60 50 40 47 48 50 50 44 35 34 39
 63 78 81 77 80 78 75 80 72 72 72 71 68 65 62 60 61 60 58 58 59 60 59 59
 63 64 65 67 69 71 73 73 77 73 78 80 77 83 83 70]","[57 87 71 55 55 48 53 56 67 67 68 69 67 61 50 41 50 45 40 38 34 35 43 53
 75 87 86 80 82 79 75 78 76 76 74 73 70 68 65 64 65 64 62 61 60 61 62 63
 65 66 68 69 72 73 75 76 78 75 79 80 78 83 83 70]","[58 90 76 62 63 56 59 62 65 61 59 60 59 54 46 40 38 32 30 34 41 52 67 81
 85 94 89 82 86 84 78 79 81 80 77 75 72 70 69 68 68 67 64 62 61 62 64 67
 67 68 69 71 73 75 77 77 80 76 80 82 79 84 84 71]","[ 58  92  81  70  72  65  68  69  68  62  55  53  51  46  40  37  34  32
  35  47  61  74  89 101  89  95  89  83  89  89  83  84  85  83  79  76
  73  72  71  71  70  68  65  62  60  62  66  69  68  69  70  72  74  76
  78  78  82  78  82  83  81  85  85  72]","[ 61 101  86  72  82  74  69  70  70  63  53  44  43  44  41  36  28  34
  49  73  94 103  96  87  95  96  97  98  96  94  91  89  90  87  83  81
  80  79  76  74  70  69  66  65  64  65  67  68  70  72  74  76  77  77
  76  76  70  88  89  87  78  84  94  68]","[ 63 108  93  74  82  76  70  67  65  58  49  42  36  33  33  35  43  60
  81  92  94  94  98 103  98  99 100 100 100  98  95  94  94  91  87  85
  84  82  80  77  71  70  68  66  65  66  68  69  73  74  76  78  79  79
  79  79  84  78  74  91  92  85  88  70]","[ 65 116 102  76  81  78  71  63  55  50  45  40  31  26  35  49  72  87
 102 104  97  93  99 108 100 101 103 104 104 103 102 101  99  96  93  91
  90  87  84  82  76  74  72  70  69  70  72  73  75  76  78  80  81  82
  82  82  83  84  81  90  84  83 106 105]","[ 65 122 109  78  79  77  70  58  48  43  41  39  31  31  52  79  97  97
  97  99 101 102 100  98 102 103 104 106 106 107 106 106 104 101  99  97
  95  93  89  87  81  79  77  74  73  74  75  76  77  78  79  81  83  84
  85  85  81  95  87  80  84 116 152 139]","[ 64 124 113  80  78  74  67  56  47  43  40  36  32  41  72 103 103  97
  92  94 100 104 101  96 102 103 104 105 107 108 108 108 107 105 103 102
 101  99  95  92  85  83  79  76  74  74  75  75  78  79  80  81  83  85
  86  87  86  89  80  94 131 173 184 141]","[ 63 121 113  84  80  70  63  57  48  47  41  33  34  52  83 108  97  99
 100  99  97  98 102 106 102 103 104 105 106 108 109 109 109 108 107 107
 107 105 102  99  89  87  82  78  75  73  73  74  80  80  81  82  84  87
  89  90  83  90 106 149 180 190 182 143]","[ 63 118 112  89  84  68  61  62  47  50  44  33  39  64  91 104  97 103
 107 105  99  97 103 109 104 104 104 105 106 108 109 110 112 112 112 113
 114 112 109 106  98  95  90  84  80  78  77  76  83  83  83  85  87  90
  92  94  98 127 157 187 189 181 178 151]","[ 64 116 111  92  87  67  61  66  43  50  46  35  45  76  98 102 105 104
 104 104 104 104 103 102 105 105 105 106 107 108 109 110 114 114 115 116
 118 117 113 110 107 103  98  92  87  84  82  82  85  85  85  87  89  92
  95  96 135 170 183 182 178 189 189 147]","[ 65 117 106  99  80  76  62  58  50  45  41  36  42  73  99 100 103 103
 103 104 105 105 106 106 107 107 107 108 109 111 112 113 116 118 120 120
 120 121 123 125 118 117 113 104  93  85  82  82  75  83  95  97  85  83
 114 152 180 181 178 184 182 191 193 149]","[ 65 117 107  99  81  77  63  58  52  47  44  39  44  74  99 100 104 105
 105 106 107 107 108 108 111 111 111 112 113 115 116 117 111 113 115 116
 115 116 118 120 124 124 122 116 107  98  92  88  97  97  89  81  97 134
 165 176 182 183 180 186 183 192 194 149]","[ 65 118 108 101  82  78  63  59  51  46  44  41  46  73  99 102 101 102
 102 103 104 105 105 106 109 109 109 110 111 112 114 115 118 120 122 123
 123 123 125 127 127 127 127 125 121 113 103  96  86  92  97 110 142 176
 187 179 184 185 182 188 186 194 195 151]","[ 66 119 109 102  84  79  64  59  47  42  43  43  48  75 102 108 106 106
 107 108 109 110 111 111 112 112 112 113 114 115 117 118 115 117 119 120
 119 120 122 124 129 128 128 130 130 126 118 111  82  95 126 164 182 178
 176 181 186 187 185 191 188 196 197 152]","[ 66 120 111 104  86  81  65  60  47  41  44  47  54  81 111 120 123 124
 125 126 127 128 129 130 130 130 130 131 132 134 136 137 129 131 133 133
 133 134 136 137 142 140 140 142 146 146 143 139 128 139 162 182 183 174
 180 195 188 189 187 194 191 198 198 152]","[ 67 121 112 106  88  82  66  60  51  44  47  52  60  87 120 134 136 137
 138 139 141 142 143 144 146 146 147 147 148 150 152 153 153 155 157 157
 157 158 160 161 161 160 159 161 164 167 168 168 169 180 183 174 174 185
 191 187 188 190 189 195 192 199 198 152]","[ 67 121 113 107  89  83  67  61  54  46  48  54  61  88 123 140 139 139
 140 142 144 145 147 147 150 150 150 150 152 153 155 156 153 155 157 158
 157 158 160 162 168 169 170 171 171 172 175 177 175 183 183 177 180 190
 188 178 189 191 189 196 192 199 197 151]","[ 68 122 114 108  90  84  67  61  55  46  47  52  58  85 121 140 140 140
 142 143 145 147 148 149 149 149 149 150 151 153 154 155 158 160 162 162
 162 162 164 166 163 167 170 170 167 166 169 172 175 171 176 187 188 180
 182 193 188 191 190 196 193 199 197 151]","[ 64 132 111 105  93  82  71  61  55  46  47  53  62  90 124 139 140 142
 145 146 146 146 147 149 149 149 150 151 153 154 155 155 160 160 160 161
 162 164 165 166 165 166 168 170 172 174 176 177 177 178 179 181 183 185
 186 187 191 192 198 191 199 199 205 153]","[ 65 133 112 106  94  83  71  62  54  46  47  53  62  91 125 140 140 142
 145 146 145 145 147 148 149 149 150 151 152 153 154 155 159 159 159 159
 161 162 164 165 167 168 169 171 173 175 176 177 178 179 180 182 184 186
 187 188 191 192 198 191 199 198 205 152]","[ 66 134 113 107  95  84  73  63  53  46  48  53  62  91 126 143 139 142
 144 145 145 145 146 148 148 149 150 151 152 153 154 154 159 159 159 160
 161 163 164 165 169 170 171 172 173 175 176 176 179 180 181 183 185 187
 188 189 191 192 198 191 199 198 205 152]","[ 67 135 114 109  96  85  74  64  53  46  48  53  60  90 127 144 139 142
 144 145 145 145 146 148 148 149 150 151 152 153 154 155 161 161 161 162
 163 165 166 167 170 170 171 172 173 174 174 175 179 180 181 183 185 187
 188 189 192 192 198 192 199 199 206 153]","[ 67 135 114 109  96  85  74  65  52  46  48  52  58  87 125 144 140 143
 145 146 146 146 147 149 149 150 151 152 153 154 155 155 160 160 161 161
 163 164 166 167 169 169 170 171 172 173 174 174 179 179 181 183 185 187
 188 189 193 194 200 193 200 200 207 154]","[ 67 135 114 109  96  85  74  65  52  46  48  51  56  84 123 143 142 144
 147 148 147 147 149 150 151 151 152 153 154 155 156 157 159 159 159 160
 161 163 164 165 169 170 171 172 173 174 175 176 180 181 182 184 186 188
 190 190 195 195 201 195 202 202 209 156]","[ 67 134 113 108  95  85  73  64  52  46  48  50  53  81 120 140 143 146
 148 149 149 149 150 152 152 153 153 155 156 157 158 158 162 162 162 162
 164 165 167 168 170 171 172 174 176 178 179 180 183 183 185 187 189 191
 192 193 197 197 203 196 204 204 210 158]","[ 66 134 113 107  95  84  73  63  52  46  48  49  51  79 118 139 144 147
 149 150 150 150 151 153 153 154 154 156 157 158 159 159 166 166 166 167
 168 170 171 172 171 172 174 176 178 181 182 183 185 186 187 189 191 193
 195 195 198 198 204 198 205 205 212 159]","[ 68 134 112 106  95  86  76  67  56  54  46  45  53  66 104 152 151 151
 152 153 154 155 156 157 160 160 161 163 165 166 167 168 172 172 172 172
 172 174 175 175 177 177 179 180 182 183 184 185 188 188 190 192 194 196
 197 198 201 200 204 197 206 207 213 159]","[ 69 135 112 106  95  85  75  66  58  55  46  45  52  66 104 151 153 154
 154 156 157 158 159 159 162 162 163 165 167 168 169 170 172 172 172 172
 173 174 175 176 177 178 179 180 182 184 185 185 188 189 190 192 194 196
 198 199 203 201 206 199 208 209 215 161]","[ 69 136 114 107  94  84  74  65  61  57  47  45  51  64 102 150 156 157
 158 159 160 161 162 162 164 164 165 167 169 170 171 172 172 172 172 172
 173 175 176 177 178 179 180 182 183 185 186 187 189 190 191 193 195 197
 199 200 204 204 208 202 211 212 218 164]","[ 70 137 115 108  93  83  73  65  63  59  49  45  51  62  99 147 158 158
 159 160 162 163 164 164 165 165 167 168 170 171 172 173 173 173 173 173
 175 176 178 178 180 181 182 184 185 187 188 189 191 192 193 195 197 199
 201 202 206 206 211 206 215 215 221 166]","[ 69 137 116 108  93  82  73  66  63  59  49  46  50  60  95 141 158 159
 160 161 162 163 164 164 165 166 167 168 170 171 173 173 174 174 175 175
 177 179 180 181 183 184 185 186 188 190 191 191 194 195 196 198 200 202
 204 205 207 208 214 209 218 219 224 169]","[ 67 137 117 109  93  81  73  68  62  59  50  47  50  58  90 135 159 159
 160 161 162 163 164 165 166 167 168 169 171 173 174 174 176 176 177 178
 179 181 183 184 186 187 188 190 191 193 194 195 197 198 200 202 204 206
 207 208 208 209 215 211 221 221 225 170]","[ 65 136 116 109  92  81  74  70  60  58  50  47  50  56  86 129 160 160
 161 162 163 165 165 166 168 169 170 171 173 175 176 176 178 179 179 180
 182 184 186 187 189 190 191 193 194 196 197 198 200 201 203 205 207 209
 210 211 208 209 216 212 222 222 226 171]","[ 64 135 116 109  92  82  75  71  58  57  50  48  50  54  83 125 161 161
 162 163 165 166 167 167 170 171 172 173 175 177 178 178 180 180 180 182
 183 186 188 189 191 192 193 195 196 198 199 200 202 203 204 206 208 210
 212 213 208 209 216 213 223 222 227 171]","[ 70 132 115 110  91  84  80  69  64  57  52  49  47  56  84 112 153 163
 162 159 165 165 164 171 171 171 172 174 176 177 178 179 181 182 183 184
 185 186 187 188 190 191 192 194 195 197 198 199 203 204 206 208 210 212
 213 213 212 213 220 216 226 226 230 174]","[ 74 137 121 117  97  90  85  73  60  54  50  48  45  51  75 101 152 165
 166 164 169 170 169 175 174 174 176 177 179 180 181 182 184 184 185 186
 188 189 190 190 191 192 193 195 196 198 199 200 202 203 205 208 210 211
 212 212 209 210 218 214 224 223 228 172]","[ 66 131 115 112  93  85  80  67  61  56  54  53  49  52  71  94 140 156
 162 160 165 166 165 170 172 172 174 175 177 178 179 180 182 182 183 184
 185 187 187 188 191 192 193 195 196 198 199 200 201 202 204 207 209 210
 211 211 218 219 227 223 233 232 237 181]","[ 71 135 121 119 100  91  85  72  63  58  54  54  50  52  70  91 133 156
 166 165 169 171 170 175 176 176 177 179 181 182 183 184 186 187 188 189
 190 191 192 192 196 197 198 200 201 203 204 205 206 207 209 212 214 215
 216 216 211 212 219 215 225 225 229 173]","[ 69 134 120 118  99  91  85  72  61  54  49  48  45  48  65  86 120 149
 164 164 168 170 169 172 170 171 172 174 175 177 178 179 182 182 183 184
 186 187 188 188 190 191 192 193 195 196 198 198 200 202 204 206 208 210
 211 211 218 219 226 223 232 232 235 181]","[ 68 132 117 115  96  89  84  71  62  53  48  47  45  47  63  82 111 145
 166 166 169 172 171 174 176 176 177 179 181 182 183 184 187 187 188 189
 190 192 193 193 198 199 200 201 203 205 206 206 209 210 212 215 217 218
 219 219 217 218 225 221 231 230 234 180]","[ 72 135 120 117  98  91  88  76  61  54  50  50  47  46  57  73 101 140
 164 165 168 171 170 172 177 177 179 180 182 183 184 185 186 186 187 188
 189 191 191 192 198 198 199 201 203 204 205 206 207 208 211 213 215 216
 217 218 223 224 232 228 237 235 239 186]","[ 52 115  99  95  77  71  68  57  56  49  46  47  43  39  47  60  62 103
 129 130 133 136 135 137 137 137 138 140 142 143 144 145 143 144 145 146
 147 148 149 150 148 148 150 151 153 154 156 156 156 157 159 162 164 165
 166 166 165 165 173 169 179 179 183 127]"
