"[29 68 50 65 58 64 80 81 87 85 83 81 81 82 83 85 78 77 76 75 74 72 71 71
 63 62 61 60 58 56 55 55 54 52 51 51 52 53 51 50 45 46 47 48 49 51 52 52
 46 47 48 48 47 45 42 40 42 35 41 48 46 48 51 45]","[ 74 125 110 121 110 111 121 116 135 136 139 144 151 158 165 169 172 171
 169 166 163 161 159 158 157 154 149 142 134 127 121 118 113 110 106 102
  99  95  90  87  90  90  88  87  85  83  82  81  92  90  88  85  82  79
  78  77  73  65  67  70  65  65  65  57]","[ 79 148 141 146 133 133 135 126 118 117 117 116 117 119 120 122 128 131
 136 142 148 155 159 162 163 163 163 163 163 164 164 164 152 148 142 136
 130 125 119 114  98  98  96  94  92  89  88  87  81  80  77  76  75  77
  79  80  81  73  74  75  70  72  71  61]","[ 95 180 179 181 172 175 175 166 164 161 156 150 143 138 135 133 123 123
 122 122 121 120 119 119 127 129 135 141 148 155 160 163 164 163 161 162
 163 163 162 160 152 148 142 133 124 116 109 106 102 100  96  92  89  87
  85  85  82  75  76  78  75  79  79  67]","[ 79 174 173 173 170 174 174 171 176 176 175 174 173 173 172 172 173 171
 166 160 153 147 142 140 123 122 121 120 119 117 116 116 132 132 135 140
 146 151 153 154 167 167 165 164 162 161 160 159 142 139 134 127 118 109
 101  97  99  93  92  89  84  87  82  65]","[ 86 183 178 178 179 180 178 182 174 174 175 176 176 177 177 178 171 172
 172 173 174 174 175 175 174 172 168 163 157 152 148 146 128 126 123 122
 121 120 117 115 117 120 124 130 137 143 147 150 157 158 160 160 159 157
 154 153 142 135 132 125 116 115 104  82]","[ 90 184 175 178 183 178 172 182 183 183 181 180 178 175 174 172 181 181
 181 181 180 180 180 180 176 176 175 175 174 173 172 172 178 174 168 163
 158 152 147 143 136 134 131 127 122 118 115 113 120 122 126 131 136 140
 143 145 158 155 156 152 148 150 140 115]","[ 93 185 176 182 189 181 173 186 178 178 180 181 183 183 183 183 174 174
 175 176 177 178 179 179 178 178 178 178 178 178 178 178 178 176 175 175
 177 177 176 174 171 169 166 161 156 152 148 146 134 131 126 122 118 116
 115 114 114 115 122 127 132 142 136 113]","[ 88 185 181 181 181 182 180 182 182 182 182 182 182 182 182 182 180 180
 180 180 180 180 180 180 180 180 180 180 180 180 180 180 179 179 178 178
 178 177 177 177 174 174 173 173 172 172 172 172 171 169 166 161 154 148
 143 140 134 130 122 123 115 118 120  81]","[ 88 185 181 182 181 182 180 182 182 182 182 182 182 182 182 182 181 181
 181 181 181 181 181 181 181 181 181 181 181 181 181 181 181 180 180 180
 179 179 179 179 176 176 176 175 175 175 174 174 168 169 169 170 170 169
 168 168 166 162 156 158 150 153 155 115]","[ 88 185 182 182 181 182 181 183 182 182 182 182 182 182 182 182 183 183
 183 183 183 183 183 183 183 183 183 183 183 183 183 183 182 182 182 182
 181 181 181 180 179 179 179 179 178 178 177 177 174 175 175 176 175 175
 174 174 179 176 172 177 169 172 173 132]","[ 88 185 182 182 182 183 181 183 182 182 182 182 182 182 182 182 182 182
 182 182 182 182 182 182 182 182 182 182 182 182 182 182 183 183 183 182
 182 181 181 181 181 181 181 180 180 179 179 179 180 180 179 178 176 174
 172 171 174 173 170 177 170 172 172 131]","[ 89 186 183 183 182 183 181 183 182 182 182 182 182 182 182 182 182 182
 182 182 182 182 182 182 182 182 182 182 182 182 182 182 183 183 183 182
 182 181 181 181 181 181 181 180 180 180 179 179 179 179 180 181 182 182
 181 181 177 177 175 182 176 178 178 137]","[ 89 186 183 183 182 183 182 184 182 182 182 182 182 182 182 182 181 181
 181 181 181 181 181 181 181 181 181 181 181 181 181 181 184 183 183 183
 182 182 182 182 182 182 181 181 180 180 180 180 180 181 181 182 182 182
 181 181 181 180 178 185 179 181 182 140]","[ 90 187 183 183 183 184 182 184 182 182 182 182 182 182 182 182 183 183
 183 183 183 183 183 183 183 183 183 183 183 183 183 183 185 185 185 185
 184 184 184 183 183 183 182 182 182 181 181 181 184 183 183 181 179 177
 175 174 180 179 176 182 176 179 179 139]","[ 90 187 183 183 183 184 182 184 182 182 182 182 182 182 182 182 184 184
 184 184 184 184 184 184 184 184 184 184 184 184 184 184 187 187 187 186
 186 186 185 185 184 184 184 183 183 182 182 182 182 182 183 183 183 182
 181 180 184 182 178 184 178 181 182 142]","[ 89 186 182 182 182 183 181 183 182 182 182 183 183 184 184 184 186 185
 184 183 183 183 183 183 184 184 184 184 184 184 184 184 186 186 186 186
 186 186 186 186 186 186 186 187 187 188 188 188 185 185 184 183 182 181
 181 180 181 183 180 184 178 184 184 141]","[ 89 186 182 182 182 183 181 183 182 182 182 183 183 184 184 184 187 186
 185 184 183 184 184 184 185 185 185 185 185 185 185 185 186 186 186 186
 186 186 186 186 186 186 186 187 187 188 188 188 186 186 185 184 183 182
 182 181 182 184 181 185 179 185 185 141]","[ 88 185 182 182 181 182 181 183 182 182 182 183 183 184 184 184 187 187
 186 185 184 185 185 185 186 186 186 186 186 186 186 186 186 186 186 186
 186 186 186 186 186 186 186 187 187 188 188 188 187 187 186 186 185 184
 184 183 184 185 183 186 180 186 187 143]","[ 88 185 182 182 181 182 180 182 182 182 182 183 183 184 184 184 187 187
 186 185 185 186 186 187 187 187 187 187 187 187 187 187 186 186 186 186
 186 186 186 186 186 186 186 187 187 188 188 188 188 188 187 187 186 186
 186 185 185 187 184 188 182 187 188 144]","[ 87 184 181 181 181 182 180 182 182 182 182 183 183 184 184 184 187 186
 186 185 185 186 187 187 187 187 187 187 187 187 187 187 186 186 186 186
 186 186 186 186 186 186 186 187 187 188 188 188 188 188 188 188 187 187
 187 187 186 188 185 189 182 188 189 145]","[ 87 184 181 181 180 181 180 182 182 182 182 183 183 184 184 184 185 185
 185 184 185 186 187 187 187 187 187 187 187 187 187 187 186 186 186 186
 186 186 186 186 186 186 186 187 187 188 188 188 188 188 188 188 188 188
 187 187 186 188 185 189 183 188 189 145]","[ 87 184 180 181 180 181 179 181 182 182 182 183 183 184 184 184 184 184
 184 183 184 185 186 187 186 186 186 186 186 186 186 186 186 186 186 186
 186 186 186 186 186 186 186 187 187 188 188 188 187 187 187 187 187 187
 187 187 186 187 185 188 182 188 189 145]","[ 87 184 180 180 180 181 179 181 182 182 182 183 183 184 184 184 183 183
 183 183 183 184 185 186 186 186 186 186 186 186 186 186 186 186 186 186
 186 186 186 186 186 186 186 187 187 188 188 188 187 187 187 187 187 187
 187 187 185 187 184 188 182 188 188 145]","[ 90 185 180 179 180 181 179 179 181 181 181 181 181 181 181 181 182 182
 183 184 185 186 186 187 187 187 186 185 184 184 184 184 185 185 185 186
 186 187 187 187 185 185 185 185 185 185 185 185 189 189 188 188 187 186
 185 185 189 189 185 189 183 189 189 143]","[ 88 183 178 178 178 180 177 178 181 181 181 181 181 181 181 181 180 181
 181 182 183 184 184 185 187 186 185 184 184 184 184 184 185 185 186 186
 186 187 187 187 185 185 185 185 185 185 185 185 187 187 187 187 186 186
 186 186 189 189 185 188 183 189 189 143]","[ 86 181 176 176 177 178 176 177 181 181 181 181 181 181 181 181 179 179
 180 181 181 182 183 183 186 185 184 184 183 183 184 184 186 186 186 186
 187 187 188 188 185 185 185 185 185 185 185 185 185 185 185 186 186 186
 187 187 188 188 184 188 183 189 188 143]","[ 86 181 176 176 176 178 176 177 180 180 180 180 180 180 180 180 179 180
 180 180 181 181 182 182 185 184 183 183 183 183 183 184 186 186 186 186
 187 187 187 188 185 185 185 185 185 184 184 184 182 183 183 184 185 186
 187 187 186 187 183 187 182 188 188 143]","[ 86 181 176 176 177 179 177 178 180 180 180 180 180 180 180 180 181 181
 181 181 181 182 182 182 183 183 182 182 182 182 183 184 185 185 185 186
 186 186 187 187 185 185 184 184 183 183 182 182 180 181 182 183 184 185
 186 186 185 185 182 186 181 188 188 142]","[ 85 180 175 176 177 179 177 179 179 179 179 179 179 179 179 179 181 181
 181 181 181 181 181 181 182 181 181 181 181 182 183 183 183 183 184 184
 184 185 185 185 184 183 183 182 181 181 180 180 180 180 181 182 183 184
 184 185 184 184 180 185 181 187 187 142]","[ 83 178 173 174 176 178 176 177 179 179 179 179 179 179 179 179 180 180
 180 180 179 179 179 179 181 181 180 180 181 182 183 183 182 182 182 183
 183 183 184 184 182 182 181 180 179 179 178 178 180 180 180 181 182 182
 183 183 183 183 180 184 180 187 187 142]","[ 81 176 172 172 174 177 175 176 179 179 179 179 179 179 179 179 178 178
 178 178 178 178 178 177 180 180 180 180 180 181 182 183 181 181 181 182
 182 182 183 183 181 181 180 179 178 177 177 176 180 180 180 181 181 181
 182 182 182 183 179 184 180 187 187 142]","[ 84 171 169 176 175 180 182 178 179 179 179 179 178 178 178 178 182 182
 181 181 180 180 179 179 178 178 178 179 179 179 180 180 181 181 181 181
 181 181 181 181 180 178 177 179 181 181 178 175 180 180 180 179 179 179
 179 179 172 191 183 179 182 187 181 146]","[ 86 171 168 174 172 177 179 176 176 176 176 176 176 176 176 177 176 176
 176 175 175 174 174 174 179 179 179 180 180 180 181 181 181 181 181 181
 181 181 181 181 190 176 171 178 180 172 173 182 179 179 179 179 180 180
 180 180 179 178 173 185 185 180 173 138]","[ 95 176 169 174 172 176 179 177 177 177 178 178 179 180 180 180 181 181
 181 181 180 180 180 180 177 177 177 178 178 178 179 179 181 181 181 181
 181 181 181 181 183 175 172 174 175 173 175 179 175 175 176 176 177 177
 178 178 184 181 179 180 167 178 188 145]","[ 70 146 136 140 138 141 143 143 144 145 146 147 148 149 149 150 151 151
 151 151 151 150 150 150 153 154 154 154 155 155 155 155 160 160 160 160
 160 160 160 160 158 169 171 163 165 175 174 163 173 173 174 175 176 177
 178 178 180 161 168 191 177 176 182 136]","[ 51 124 111 115 113 114 116 117 117 117 118 119 120 121 122 122 120 120
 120 120 120 120 120 120 123 123 123 123 124 124 125 125 127 127 127 127
 127 127 127 127 119 126 128 123 123 129 129 124 126 126 127 128 129 130
 131 131 149 128 158 211 189 151 140 107]","[ 60 129 115 121 119 118 119 121 118 118 119 119 120 121 121 121 121 121
 121 122 122 122 122 123 118 118 119 119 119 120 120 120 119 119 119 119
 119 119 119 119 129 122 121 125 124 118 121 131 126 126 127 127 128 128
 129 129 111 155 191 181 129 115 130 101]","[ 58 126 111 119 117 115 115 116 115 115 115 115 115 115 116 116 119 119
 119 120 120 121 121 121 124 124 124 125 125 125 126 126 124 124 124 124
 124 124 124 124 110 125 131 123 123 131 131 122 124 124 124 124 125 125
 125 125 133 188 180 115  75 109 143 107]","[ 58 125 111 120 118 115 114 116 118 118 118 118 118 117 117 117 118 118
 119 119 120 120 121 121 117 117 117 117 118 118 119 119 120 120 120 120
 120 120 120 120 117 172 189 159 161 198 191 144 125 125 125 125 125 124
 124 124 199 168 103  76  98 131 134  93]","[ 64 114 119 114 117 111 114 115 113 113 114 114 115 115 115 115 114 114
 115 115 115 116 116 116 115 115 116 116 116 117 117 117 120 112 123 124
 107 117 129 110 146 234 223 178 205 205 201 129 190 173 138 126 128 112
 125 178 185 119  77  89 116 129 124 109]","[ 61 111 116 111 114 108 111 112 112 112 112 113 113 113 114 114 112 112
 113 113 113 114 114 114 114 115 115 115 116 116 116 117 113 124 114 112
 127 117 113 140 178 223 195 155 155 132 180 202 195 188 165 127 110 136
 171 183 128  95  85 105 125 130 120 102]","[ 58 107 111 106 110 104 108 108 109 109 109 110 110 111 111 111 110 110
 111 111 111 112 112 112 113 113 114 114 115 115 115 115 111 122 113 111
 124 117 128 172 186 200 161 132 124  95 154 216 228 186 146 112 113 168
 188 144  79  81 100 121 128 128 118  98]","[ 57 104 107 102 107 102 105 105 106 106 107 107 107 108 108 108 109 109
 110 110 110 111 111 111 112 112 112 113 113 113 114 114 116 108 119 117
 105 133 169 168 175 204 162 110  83  58  85 119 140 106 100 133 173 191
 153  88  75  93 117 125 121 124 120 101]","[ 57 102 104  99 105 101 104 103 104 104 104 104 105 105 106 106 109 109
 109 110 110 110 111 111 110 110 111 111 111 112 112 112 114 110 114 111
 126 176 180 124 127 180 153  90  54  46  57  76  67  76  88 121 151 131
  90  77  93 109 126 124 116 123 121 100]","[ 57 101 102  97 104 101 103 101 102 102 102 103 103 104 104 104 108 108
 108 109 109 109 110 110 109 109 109 109 110 110 111 111 108 124 105 113
 183 214 155  88  45  81  62  43  45  55  42  52  93 109  89  68  72  63
  61  91 105 114 124 122 117 125 119  95]","[ 55  99  99  94 102  99 102  99 101 101 102 102 102 103 103 103 106 106
 106 107 107 107 108 108 107 108 108 108 109 109 109 110 111 116 115 153
 217 212 146 104  80  82  50  59  89 109  72  74 101  99  85  70  66  70
  82  99 113 114 119 119 117 124 116  92]","[ 54  97  96  92 100  98 100  97 101 101 101 102 102 102 103 103 104 104
 104 105 105 105 106 106 107 107 107 108 108 108 109 109 120  93 134 204
 214 187 163 141  95  92  53  54  83 119 100 121 132  98  92  90  65  65
  96 112 122 117 116 116 114 121 115  94]","[ 52  93  93  92  99  94  97  99  98  98  99  99 100 101 102 102 102 102
 103 104 105 105 105 104 105 105 105 106 106 107 107 107 107 104 153 205
 205 197 194 174 145 106  76  91 133 163 163 152 121 101  80  73  77  88
 104 119 115 120 115 120 116 116 119  94]","[ 50  92  92  90  97  92  96  97  98  98  98  99 100 101 101 102 103 103
 104 105 106 106 105 105 105 105 105 106 106 107 107 107 112 117 164 203
 197 197 207 199 200 169 139 132 137 135 119 105  87  73  66  74  89 102
 111 117 114 118 113 118 115 114 118  93]","[ 50  91  91  90  97  92  95  97  98  99  99 100 101 102 102 103 105 105
 106 107 107 107 107 106 105 105 106 106 106 106 107 107 107 126 170 192
 179 182 199 197 191 171 145 127 110  93  77  70  64  58  60  78  99 112
 115 115 112 117 112 117 113 113 116  91]","[ 52  94  94  92  99  94  98  99 101 101 102 102 103 104 105 105 107 107
 108 108 109 108 108 107 106 106 106 106 106 106 106 106 104 129 165 173
 157 158 167 163 128 111  92  79  71  67  67  71  70  69  74  87 102 111
 113 112 111 115 110 115 112 111 115  89]","[ 56  97  97  96 103  98 101 103 103 104 104 105 106 107 107 108 108 108
 109 109 109 109 108 107 106 106 106 106 106 106 106 106 111 129 147 145
 134 136 137 129  94  77  59  55  60  66  72  76  76  84  95 102 106 109
 110 110 109 114 109 114 110 110 113  88]","[ 57  98  99  97 104  99 102 104 104 105 105 106 107 108 108 109 109 109
 109 110 109 109 108 107 107 107 106 106 106 106 105 105 115 118 114 107
 108 113 112 106  83  69  58  59  66  70  72  73  75  90 107 113 112 111
 110 108 109 113 108 113 110 109 113  87]","[ 55  96  96  95 102  97 100 102 103 104 104 105 106 107 107 107 109 109
 109 109 109 108 107 106 107 107 107 106 106 105 105 105 109 102  88  83
  93  96  88  85  68  64  63  65  67  68  74  82  88 100 110 111 111 112
 112 110 109 113 108 113 110 109 113  87]","[ 52  93  93  92  99  94  97  99 102 102 103 104 104 105 106 106 109 109
 109 109 108 107 106 106 107 107 107 106 106 105 105 105 103  95  81  81
  94  90  75  71  63  66  70  69  64  66  83 101 110 113 110 104 104 111
 114 113 109 113 108 113 110 109 113  88]","[ 48  90  96  79  91 104 100  98 101 101 102 103 104 105 105 106 106 106
 106 106 106 106 106 106 106 106 106 106 106 106 106 106 102 109 100  85
  85  82  71  66  58  67  64  63  78  93 101 109 110 110 110 110 110 110
 110 110 109 112 107 111 108 108 112  87]","[ 61  90  97  94 100  93  85  97 102 102 103 104 106 107 108 109 109 109
 109 109 109 109 109 109 109 109 109 109 109 109 109 109 115 124 115  98
  94  88  75  70  57  65  63  65  84 100 106 112 113 113 113 113 113 113
 113 113 114 117 112 116 113 113 117  92]","[ 44  79  92  90  96  91  88 102  97  98  99 101 103 104 106 106 105 105
 105 105 105 105 105 105 104 104 104 104 105 105 105 105 110 122 116  99
  91  81  68  64  63  68  65  71  95 109 111 114 109 109 109 109 109 109
 109 109 111 115 109 114 110 110 115  90]","[ 72 119 123  92  87  94  93  94 103 103 105 107 109 112 113 114 110 110
 110 110 110 110 110 110 109 109 109 109 110 110 110 110 110 125 122 106
  97  86  74  71  66  68  65  75 100 113 110 111 114 114 114 114 114 114
 114 114 116 120 114 119 116 115 120  95]","[ 70 106 102  70  65  73  82  97  98  99 100 103 105 107 109 109 106 106
 106 106 106 106 106 106 105 105 106 106 107 107 107 108 110 125 122 106
  98  87  74  70  64  64  62  76 103 114 111 112 110 110 110 110 110 110
 110 110 112 115 110 114 111 111 115  90]","[ 34  43  39  37  41  36  56 103  98  98 100 102 103 105 107 107 108 108
 108 108 108 108 108 108 106 106 107 107 108 109 109 110 115 128 123 107
  99  89  74  69  65  65  64  80 108 118 116 120 112 112 112 112 112 112
 112 112 112 116 110 115 111 111 116  91]","[ 42  38  30  33  34  15  30  82 104 105 106 107 108 110 111 111 112 112
 112 112 112 112 112 112 110 110 111 112 113 113 114 114 121 131 124 110
 106  97  83  76  65  65  63  78 103 110 108 114 116 116 116 116 116 116
 116 116 116 120 114 119 116 115 120  95]","[ 23  32  25  22  25  17  29  67  81  82  82  83  84  85  86  86  85  85
  85  85  85  85  85  85  82  83  83  84  85  86  87  87  96 106  99  86
  86  81  67  60  60  58  55  67  87  90  87  95  89  89  89  89  89  89
  89  89  89  93  88  92  89  89  93  68]"
