"[36 65 43 63 59 63 79 83 88 86 83 81 79 80 81 82 78 78 76 74 72 71 69 68
 63 61 59 57 57 55 53 51 54 51 48 47 49 50 51 50 50 50 50 51 51 51 52 52
 45 46 47 47 46 44 41 40 40 33 39 47 46 50 54 49]","[ 70 117 104 118 106 103 113 113 129 130 134 139 147 155 162 166 170 168
 166 164 161 158 156 155 157 152 146 139 132 125 118 114 112 109 104 100
  96  91  86  82  84  83  81  79  76  74  72  71  85  84  82  79  76  73
  72  71  71  62  64  67  62  62  63  55]","[ 78 150 147 155 138 133 136 131 111 110 110 110 112 114 117 118 123 126
 130 137 144 150 155 158 161 160 159 159 160 161 160 158 148 145 141 135
 128 120 111 105 100  99  97  95  93  90  89  88  77  76  74  72  72  73
  75  76  81  72  71  71  65  66  65  55]","[ 84 171 173 176 165 164 165 158 163 160 154 147 141 135 131 129 117 117
 117 117 116 116 116 116 125 126 130 136 145 152 155 156 159 159 158 159
 159 158 155 152 147 143 137 129 120 111 105 102 102 100  96  92  89  86
  85  85  83  75  75  74  71  75  74  62]","[ 86 179 175 175 174 180 180 174 177 176 175 173 171 170 170 169 168 166
 162 156 150 145 140 138 121 119 116 115 115 114 112 109 127 126 128 133
 140 146 150 151 158 157 156 155 153 152 151 151 138 136 131 123 114 105
  97  93  97  90  88  85  80  83  79  62]","[ 83 177 167 165 170 177 174 173 169 170 171 172 174 175 176 177 168 169
 169 170 172 172 173 174 173 169 164 159 154 149 144 140 122 119 115 113
 114 115 115 115 116 118 123 128 135 140 145 147 153 154 155 156 155 153
 150 148 136 129 126 119 110 110 101  79]","[ 90 187 178 177 182 182 176 182 177 177 177 176 174 173 171 170 180 179
 179 178 178 177 177 177 176 174 172 172 172 171 169 167 172 168 163 158
 153 149 144 141 130 128 125 120 115 110 106 104 118 120 124 129 134 138
 141 143 153 150 150 147 143 146 137 113]","[ 83 184 179 181 184 177 170 181 177 177 178 179 179 179 179 179 172 173
 173 173 174 174 175 175 178 176 175 175 176 177 175 173 172 172 172 173
 175 174 171 168 170 167 163 157 151 146 141 139 131 128 123 119 115 112
 112 111 113 113 120 125 129 140 134 111]","[ 86 183 179 179 178 180 178 181 179 179 179 179 179 179 179 179 177 177
 177 177 177 177 177 177 178 178 178 177 177 176 176 176 180 170 168 176
 178 173 176 186 184 173 161 172 170 165 177 168 167 166 162 157 152 146
 141 139 133 128 119 120 111 114 117  78]","[ 86 183 179 179 178 180 178 181 179 179 179 179 179 179 179 179 178 178
 178 178 178 178 178 178 180 179 179 179 178 178 177 177 174 180 175 167
 179 198 193 170 158 176 174 177 174 167 175 169 171 170 169 168 166 163
 161 159 162 158 151 154 147 150 153 114]","[ 86 183 179 179 178 180 178 181 179 179 179 179 179 179 179 179 179 179
 179 179 179 179 179 179 180 180 180 180 179 179 179 179 177 185 183 173
 172 163 121  72 107 164 177 174 176 173 178 176 171 172 172 173 173 172
 171 171 173 171 167 172 166 170 173 133]","[ 86 183 179 179 178 180 178 181 179 179 179 179 179 179 179 179 179 179
 179 179 179 179 179 179 180 180 180 180 179 179 179 179 180 173 181 194
 177 125  73  48  85 163 179 171 178 178 179 177 174 174 174 174 174 173
 172 171 169 168 165 172 167 170 171 131]","[ 86 183 179 179 178 180 178 181 179 179 179 179 179 179 179 179 177 177
 177 177 177 177 177 177 178 178 178 178 179 179 179 179 186 173 177 184
 148  85  59  73 111 181 188 175 182 181 178 171 179 179 179 179 178 177
 175 175 175 174 172 178 172 175 175 134]","[ 86 183 179 179 178 180 178 181 179 179 179 179 179 179 179 179 177 177
 177 177 177 177 177 177 178 178 178 178 179 179 179 179 177 185 187 162
 106  57  49  67 140 184 183 176 182 180 180 172 177 178 178 179 179 179
 178 178 180 178 175 181 175 177 178 137]","[ 86 183 179 179 178 180 178 181 179 179 179 179 179 179 179 179 178 178
 178 178 178 178 178 178 178 179 179 179 180 180 181 181 167 186 187 148
  93  64  72  91 161 177 175 180 180 176 185 178 175 176 177 177 178 177
 177 176 177 176 172 178 172 176 177 137]","[ 86 183 179 179 178 180 178 181 179 179 179 179 179 179 179 179 179 179
 179 179 179 179 179 179 180 180 180 181 181 182 182 182 189 189 171 123
  69  47  70 103 185 184 180 190 181 172 184 179 180 180 180 180 179 178
 177 176 179 177 173 180 174 179 182 142]","[ 86 183 180 180 180 181 179 182 181 178 177 179 182 181 180 180 179 184
 182 175 178 188 187 177 178 177 180 179 176 183 185 173 187 171 179  88
  59  62  80 147 181 181 181 182 182 182 183 183 179 179 180 181 181 180
 179 179 179 181 178 182 176 182 182 139]","[ 86 183 180 180 180 181 179 181 180 179 179 180 181 180 179 178 180 176
 175 179 179 174 174 177 181 182 182 181 182 184 184 181 184 181 143  71
  55  72  88 172 181 182 182 182 183 183 183 184 180 180 181 182 182 181
 180 180 180 181 179 182 176 182 183 139]","[ 86 183 180 180 179 180 179 180 178 180 181 181 179 179 179 179 186 181
 178 180 184 186 189 193 173 185 189 185 180 170 171 186 180 177  98  60
  59  80 103 192 182 183 183 183 184 184 184 185 181 182 183 183 183 183
 182 181 180 182 179 183 177 183 183 140]","[ 87 183 180 180 179 180 178 180 178 181 182 179 177 179 182 182 171 183
 189 183 180 182 178 170 188 185 174 176 189 185 179 188 180 146  66  64
  70  75 123 191 183 183 184 184 184 185 185 185 183 183 184 185 185 184
 183 183 181 183 180 184 177 183 184 140]","[ 87 184 180 179 178 179 177 179 179 182 181 176 176 181 184 183 186 189
 183 157 119  99 109 130 177 140 105 115 157 185 184 175 180 104  53  69
  73  66 148 183 183 183 184 184 184 185 185 185 184 184 185 185 185 185
 184 184 182 184 181 184 178 184 185 141]","[ 87 184 180 179 178 178 176 178 179 182 180 174 176 182 181 174 178 176
 180 166 109  49  44  77 123  88  62  63  90 141 180 185 160  75  52  68
  69  76 170 182 182 183 183 183 184 184 184 185 184 184 185 185 185 185
 184 184 183 184 182 185 179 185 186 142]","[ 87 184 180 179 178 178 175 177 177 181 179 175 178 181 171 156 117 129
 155 173 159 116  75  56  97  75  73  65  60 118 184 190 110  68  59  67
  69 112 181 184 181 182 182 182 183 183 183 184 183 184 185 185 185 185
 184 183 183 185 182 186 180 186 186 142]","[ 87 184 180 179 177 177 175 177 174 179 180 177 180 180 163 141 109 102
  84  86 137 188 176 128  97  64  64  61  58 119 170 145  62  70  65  70
  75 147 181 184 181 181 181 182 182 182 183 183 183 184 184 185 185 184
 184 183 184 185 183 186 180 186 187 143]","[ 89 183 177 176 176 177 175 176 182 171 175 180 166 183 132 107  96  82
  66  64 105 174 205 188 153 132  64  51  67  84 161  97  56  58  58  77
  79 179 181 180 182 182 182 182 182 182 182 182 183 183 184 184 184 185
 185 185 183 185 183 186 180 186 187 143]","[ 87 181 175 174 174 176 174 175 179 172 175 182 173 171 110  88  69  55
  53  66  87 109 108  86  76  80  80  69  55  62  89  50  51  57  61  77
 101 183 183 181 182 182 182 182 182 182 182 182 183 183 183 184 184 184
 185 185 183 185 182 186 180 186 186 143]","[ 85 180 173 172 173 175 172 174 176 176 174 183 179 148  75  60  59  37
  38  58  66  63  58  50  47  52  86  69  33  52  45  45  46  58  64  77
 133 187 183 183 181 181 181 181 181 181 181 181 182 182 183 183 183 184
 184 184 183 185 182 186 179 185 186 142]","[ 85 179 173 172 172 175 173 174 175 178 172 181 181 124  52  43  54  33
  34  51  54  56  65  71  63  57  69  58  24  51  42  60  46  61  66  78
 159 185 181 184 180 180 180 180 180 180 180 180 181 182 182 182 183 183
 183 183 183 184 182 185 179 185 186 142]","[ 84 179 173 172 173 175 174 175 174 178 171 179 179 110  53  50  37  31
  38  46  45  51  62  63  58  62  52  63  35  36  36  44  50  64  66  83
 175 181 178 183 180 180 180 180 180 180 180 180 181 181 181 181 182 182
 182 183 182 184 181 185 179 185 185 142]","[ 84 178 172 172 173 176 174 175 172 176 173 177 170  99  67  63  36  36
  41  37  31  43  59  59  56  72  53  74  53  21  35  37  52  65  65  97
 182 178 177 182 179 179 179 179 179 179 179 179 180 180 180 181 181 181
 182 182 182 184 181 184 178 184 185 141]","[ 82 176 171 170 172 174 173 174 174 175 176 173 153  82  71  60  49  42
  42  36  28  40  61  69  68  71  55  73  72  28  41  44  51  63  64 115
 186 179 178 182 178 178 178 178 178 178 178 178 179 179 180 180 180 181
 181 181 182 183 181 184 178 184 185 141]","[ 80 175 169 169 170 173 171 173 177 175 179 169 137  65  65  46  49  40
  45  48  37  35  49  58  67  51  48  65  90  46  39  34  49  61  64 128
 188 181 180 182 178 178 178 178 178 178 178 178 179 179 179 180 180 180
 181 181 181 183 180 184 178 184 184 141]","[ 82 166 176 176 171 179 173 176 176 169 179 164 104  61  54  53  61  51
  41  38  38  39  44  51  62  54  48  55  68  72  58  40  63  46  88 158
 180 173 178 185 176 177 177 177 178 178 178 179 181 181 181 181 180 180
 180 180 181 184 180 183 178 186 186 140]","[ 84 165 172 171 166 175 168 172 177 177 176 143  87  62  59  47  47  42
  40  44  48  49  52  57  52  53  54  55  56  57  55  52  52  73 123 170
 183 179 179 179 177 178 178 178 179 179 179 180 180 180 180 180 180 180
 180 180 179 181 177 180 175 183 184 139]","[ 91 167 171 169 164 173 167 171 164 172 160 112  69  66  67  48  42  41
  44  53  59  58  58  60  53  53  52  52  52  53  56  59  67 122 166 177
 181 183 179 176 173 173 173 173 174 174 175 175 174 175 175 176 176 177
 177 178 176 177 174 178 173 179 181 138]","[ 66 137 136 134 130 138 132 138 136 145 131  90  65  71  74  60  58  54
  55  60  62  59  57  59  65  54  47  51  60  64  62  60  96 149 168 154
 156 161 158 160 168 168 169 169 169 170 170 170 172 172 173 174 175 176
 177 177 179 179 177 182 176 180 183 144]","[ 50 116 111 109 107 114 107 113 115 119 107  84  74  75  76  74  78  69
  63  61  59  57  57  60  65  57  53  59  65  67  68  71 109 134 132 119
 125 128 123 129 121 121 121 122 122 123 123 123 125 125 126 127 128 129
 129 130 134 133 131 137 130 133 138 101]","[ 60 122 115 114 114 120 112 119 110 111  97  83  81  74  71  80  83  73
  63  60  58  57  60  65  55  58  65  69  64  62  76  95 116 117 113 114
 121 120 114 117 124 124 124 124 125 125 126 126 125 126 126 127 127 128
 128 129 131 129 127 135 127 128 134 101]","[ 59 118 110 111 112 117 108 114 111 115  95  75  74  68  65  77  75  67
  61  60  60  59  61  65  56  59  67  72  69  70  92 118 123 115 118 126
 124 122 124 120 123 123 123 123 124 124 125 125 125 125 125 125 125 125
 125 125 127 124 123 131 122 123 130  98]","[ 59 117 108 111 113 118 108 114 111 119  94  63  62  63  61  72  67  62
  60  62  63  60  59  61  67  59  60  70  79  88 107 129 121 112 121 125
 111 114 125 118 122 122 122 123 123 123 124 124 126 126 126 126 126 125
 125 125 127 124 123 132 123 123 130 100]","[ 61 108 111 106 111 106 108 107 106 106  84  59  56  60  61  66  63  62
  60  59  58  57  57  57  62  62  62  70  91 113 119 114 116 116 117 117
 117 118 118 118 122 122 123 123 124 124 124 124 121 121 122 122 122 123
 123 123 123 126 120 126 124 124 127 100]","[ 61 107 110 105 110 105 107 106 106 105  84  60  59  63  63  67  63  62
  60  58  57  56  55  55  59  62  69  82  99 112 115 112 115 116 116 116
 117 117 117 118 120 120 120 120 121 121 122 122 120 121 121 121 122 122
 122 123 123 126 119 125 123 123 126  99]","[ 59 105 107 102 107 103 105 104 105 104  84  63  64  69  66  67  63  62
  60  58  56  55  54  54  56  64  80  98 109 111 111 111 114 114 115 115
 116 116 116 116 116 116 117 117 117 118 118 118 119 119 120 120 121 121
 121 121 122 124 118 124 122 122 125  98]","[ 57 103 104  99 104 100 103 102 102 103  85  67  70  74  69  67  64  63
  61  59  57  55  55  54  57  69  90 110 114 109 108 112 113 113 113 114
 114 114 115 115 114 114 115 115 115 116 116 116 118 118 118 119 119 119
 120 120 120 123 117 122 121 121 123  96]","[ 55 100 101  96 100  96 100 100  98 102  88  72  74  76  70  67  65  64
  62  60  58  57  56  56  61  76  98 113 113 107 107 113 111 111 112 112
 112 113 113 113 113 114 114 114 115 115 115 116 116 116 117 117 117 118
 118 118 118 121 115 121 119 119 122  95]","[ 52  98  98  92  97  94  98  98  94 102  92  76  76  75  69  67  63  62
  60  59  58  57  57  57  65  84 104 110 107 106 109 110 110 110 110 110
 111 111 112 112 113 113 113 114 114 114 115 115 115 115 115 115 116 116
 117 117 117 120 114 119 117 117 120  93]","[ 51  96  96  90  95  91  96  96  89 102  96  80  76  73  67  67  59  58
  57  56  56  56  56  56  65  90 108 106 102 108 110 105 108 109 109 109
 110 110 110 111 111 111 112 112 113 113 113 113 113 114 114 114 115 115
 115 116 116 119 112 118 116 116 119  92]","[ 50  95  95  88  93  90  95  95  87 102  98  83  76  71  65  66  56  55
  54  54  54  54  55  56  64  93 111 104 100 109 110 100 108 108 108 109
 109 109 110 110 110 110 110 111 111 111 112 112 113 113 113 114 114 114
 115 115 115 118 112 117 116 116 118  91]","[ 52  87  90  89  90  86  94  90  91  93  93  88  79  71  67  66  60  56
  55  56  55  52  51  55  69  92 106 101  98 106 109 104 105 105 105 106
 106 107 107 107 109 109 110 110 110 111 111 111 112 112 112 112 112 112
 112 112 113 118 113 118 114 114 117  92]","[ 50  85  88  88  88  85  93  89  91  93  94  89  80  71  67  66  60  56
  55  56  55  52  51  54  66  90 106 102  99 106 109 103 105 105 105 106
 106 107 107 107 109 109 109 110 110 110 111 111 111 111 111 111 111 111
 111 111 111 115 110 115 112 111 115  89]","[ 50  85  88  87  88  85  92  89  91  94  95  90  81  73  68  67  61  57
  55  57  55  52  51  54  62  86 104 104 102 107 108 102 105 105 105 106
 106 107 107 107 108 108 109 109 109 110 110 110 110 110 110 110 110 110
 110 110 108 112 107 112 109 108 112  86]","[ 52  87  90  90  90  87  95  92  92  95  96  92  83  74  69  67  62  58
  56  57  56  52  51  54  57  81 102 105 104 107 107 102 105 105 105 106
 106 107 107 107 107 108 108 108 109 109 109 109 108 108 108 108 108 108
 108 108 106 110 105 110 107 106 110  85]","[ 55  90  93  93  94  91  99  96  92  96  97  94  85  75  70  68  63  59
  57  58  56  52  51  54  53  77  99 106 105 106 106 103 105 105 105 106
 106 107 107 107 107 107 107 107 108 108 108 109 107 107 107 107 107 107
 107 107 106 110 105 110 107 106 110  84]","[ 55  91  94  94  95  93 101  98  93  97  99  95  86  77  71  69  64  60
  58  58  56  52  51  54  51  73  96 105 106 106 106 104 105 105 105 106
 106 107 107 107 106 106 106 107 107 107 108 108 107 107 107 107 107 107
 107 107 105 110 105 110 106 106 109  84]","[ 52  88  92  92  93  91  99  96  93  97 100  97  88  78  72  69  65  60
  58  59  56  52  51  54  49  70  93 104 105 105 106 106 105 105 105 106
 106 107 107 107 105 105 106 106 106 107 107 107 108 108 108 108 108 108
 108 108 104 109 103 108 105 104 108  83]","[ 49  85  89  89  90  88  96  93  94  98 101  97  88  78  72  69  65  61
  58  59  57  52  51  54  49  69  92 103 105 104 106 108 105 105 105 106
 106 107 107 107 105 105 105 106 106 106 107 107 108 108 108 108 108 108
 108 108 103 107 102 107 104 103 107  82]","[ 47  77  84  78  87  88  87 101  95  95  97  97  88  77  72  74  65  63
  60  58  57  54  50  46  53  62  86 104 101 100 104 101 103 103 103 104
 104 105 105 105 105 105 105 106 106 107 107 107 107 107 107 107 107 107
 107 107 105 109 103 108 104 104 109  84]","[ 51  86  95  85  89  86  81  91  93  93  95  95  87  75  71  72  67  65
  62  60  58  55  51  48  48  56  82 102 102 102 105 102 106 106 107 107
 107 108 108 108 108 108 108 109 109 110 110 110 110 110 110 110 110 110
 110 110 107 111 105 110 106 106 111  86]","[ 36  78  91  81  84  86  84  94  93  94  96  95  87  76  72  73  67  64
  62  60  58  55  51  48  48  54  80 103 105 104 107 104 102 102 102 103
 103 104 104 104 103 104 104 104 105 105 105 106 106 106 106 106 106 106
 106 106 104 108 102 106 103 103 107  82]","[ 74 111 114  91  85  82  80  92  91  92  94  94  86  75  71  72  65  63
  60  58  56  54  49  46  49  51  75 100 104 103 105 101 107 107 108 108
 108 109 109 109 108 109 109 109 110 110 110 111 111 111 111 111 111 111
 111 111 111 115 109 114 110 110 115  90]","[ 72  99  95  70  64  64  72  93  90  91  93  93  86  75  71  72  66  64
  61  59  57  55  50  47  47  46  68  96 104 104 106 104 104 105 105 105
 106 106 106 107 105 105 106 106 106 107 107 107 107 107 107 107 107 107
 107 107 107 111 105 109 106 106 110  85]","[ 27  46  41  29  33  38  56  90  94  95  98  98  91  80  76  78  68  66
  63  61  59  56  52  49  50  45  65  96 108 109 113 112 106 107 107 107
 108 108 108 108 107 107 107 108 108 108 109 109 109 109 109 109 109 109
 109 109 106 110 104 109 105 105 110  85]","[ 33  41  31  24  27  20  32  69  91  92  94  95  87  77  73  75  66  63
  61  59  57  54  50  47  53  43  60  90 101 102 105 105 111 111 111 112
 112 113 113 113 111 111 112 112 112 113 113 113 113 113 113 113 113 113
 113 113 112 115 110 114 111 111 115  90]","[22 25 18 21 27 15 24 63 77 78 81 81 74 64 60 62 61 59 56 54 53 50 46 42
 48 35 48 75 84 83 85 85 84 84 84 85 85 85 86 86 84 84 84 85 85 85 86 86
 86 86 86 86 86 86 86 86 88 92 86 90 87 87 91 66]"
