"[ 40  61  52  51  55  49  54  52  55  53  52  55  62  67  69  68  68  77
  92 107 117 120 120 118 117 114 111 107 100  89  75  65  55  59  61  62
  63  62  52  42  30  26  21  21  28  34  27  16  46  46  47  47  46  44
  40  37  42  45  41  48  42  42  63  57]","[ 49  80  84  90  93  88  96  95 103 102 101 102 106 109 111 112 117 124
 139 158 180 200 215 223 242 247 250 250 249 237 218 204 189 171 141 112
  99 104 113 117  97  83  62  37  13   8  29  57  82  78  72  68  66  65
  64  63  59  81  80  73  71  98 129 115]","[ 35  67  67  65  62  57  70  74  75  76  78  80  83  87  92  95 101 101
 101 103 109 117 125 129 145 158 180 205 228 246 253 253 248 250 244 223
 193 160 128 106  99  89  89  98  93  77  73  83  86  78  69  64  65  69
  71  72  73  81  73  79 101 134 149 113]","[ 55  87  86  79  72  63  70  68  67  70  73  73  72  74  79  84  88  89
  91  92  93  93  92  92 106 108 111 116 126 144 165 179 209 227 247 254
 254 253 245 236 197 163 126 104  93  87  89  95  67  62  57  56  61  67
  72  74  82  78  80 114 139 146 142 109]","[ 40  78  84  85  84  74  72  60  67  68  67  64  59  57  59  62  60  65
  72  80  86  90  92  92  79  83  87  90  93  99 107 114 113 122 131 142
 161 189 214 228 228 242 236 194 139  97  75  66  68  69  70  72  76  79
  82  83  75  97 121 150 150 141 144 126]","[ 49  84  84  80  81  79  84  74  77  77  76  74  72  71  73  75  70  69
  66  64  63  62  62  63  80  82  84  85  85  86  88  89  92  97  99  97
  97 101 103 102 135 165 174 138  93  72  68  66  74  78  82  83  81  81
  83  87  97 128 142 144 139 144 146 110]","[ 69 107 106  95  89  86  94  87  79  77  74  74  75  76  76  76  75  73
  69  65  63  62  62  62  55  53  53  56  63  72  79  83  75  78  79  79
  83  90  91  89  79  87  88  79  72  71  68  62  71  77  82  81  78  81
  92 103 142 152 144 142 146 157 151 104]","[ 91 145 164 163 152 135 128 113 106 100  93  88  86  83  78  74  74  75
  77  78  77  76  74  73  77  73  69  66  65  62  56  51  55  57  58  60
  67  74  73  68  79  69  62  65  69  66  60  57  74  81  87  86  85  95
 116 135 143 141 137 150 149 143 145 123]","[ 63 149 138 142 147 151 153 160 159 157 154 149 140 127 114 105  97  89
  81  78  79  77  70  64  71  71  72  74  75  72  68  64  65  62  58  55
  53  49  44  40  44  43  48  56  61  63  68  74  82  82  82  88 106 128
 142 145 148 152 143 145 145 148 150 119]","[ 81 166 151 148 145 141 137 140 137 139 145 152 160 165 166 165 163 155
 144 135 128 120 111 104  92  86  79  73  71  72  73  73  68  65  63  60
  59  56  51  48  43  37  36  44  55  63  70  75  77  86  98 112 129 145
 151 149 149 154 146 148 148 150 151 119]","[ 89 177 165 163 160 156 151 152 152 149 146 144 144 144 143 141 146 146
 148 150 153 156 158 160 159 147 129 110  95  84  76  72  74  71  68  64
  61  57  51  48  47  38  35  45  58  68  74  78  81 100 123 141 153 158
 155 149 151 155 149 152 151 153 152 120]","[ 86 180 175 176 177 178 176 177 170 166 160 155 153 150 148 146 137 139
 141 141 140 140 143 147 159 154 147 139 131 121 112 106  92  88  82  76
  69  62  54  49  51  44  42  49  60  69  77  84 104 124 146 159 162 160
 153 147 151 156 151 154 153 154 153 119]","[ 89 185 182 181 181 183 179 179 176 175 174 175 176 177 176 174 168 168
 165 157 147 139 138 139 135 135 137 139 139 135 129 124 117 112 106  98
  91  82  74  69  59  52  47  48  53  65  86 103 135 149 162 164 161 159
 156 153 152 157 151 155 153 154 152 119]","[ 90 189 187 184 183 186 183 181 184 183 182 181 180 178 173 170 176 177
 177 174 170 167 169 171 162 159 154 150 146 141 136 132 134 130 125 120
 115 109 103  98  86  77  66  61  63  80 111 136 155 164 170 168 164 164
 165 165 154 159 152 155 153 154 153 120]","[ 89 190 189 186 186 191 190 189 186 185 185 187 189 189 188 186 184 184
 182 180 177 175 175 176 178 175 171 169 168 168 166 165 149 146 143 141
 138 135 131 127 123 113 103  98 101 114 137 156 160 168 173 172 170 171
 170 168 158 162 154 155 154 155 156 124]","[ 89 191 189 184 183 188 188 186 192 189 186 185 185 186 185 183 186 185
 183 182 181 181 180 180 180 179 178 177 176 172 167 163 165 163 161 159
 158 155 151 148 144 137 131 132 135 139 146 154 158 167 174 176 175 174
 169 163 162 165 155 156 154 157 158 126]","[ 91 191 189 188 188 192 190 188 187 187 187 187 187 187 187 187 186 185
 183 183 185 185 183 182 182 181 180 179 177 176 175 174 169 168 167 165
 162 159 156 155 150 142 135 134 140 146 150 150 164 167 172 176 177 176
 172 170 170 167 160 164 156 160 163 123]","[ 91 191 189 187 187 191 189 188 187 187 187 187 187 187 187 187 186 185
 183 184 185 185 184 182 180 180 179 179 178 177 177 177 172 171 170 168
 165 162 160 158 153 147 139 138 143 150 154 154 165 168 173 177 178 177
 174 171 171 167 161 165 157 161 163 124]","[ 91 191 189 187 187 190 188 187 188 188 188 188 188 188 187 187 187 185
 184 184 185 185 184 182 179 179 179 179 179 179 179 179 175 174 173 172
 169 167 165 163 159 153 146 144 148 155 159 160 167 170 175 178 180 178
 176 174 172 168 163 167 159 163 164 125]","[ 90 191 188 186 186 189 187 186 188 188 188 188 187 187 187 187 187 185
 184 184 185 185 184 182 180 180 180 180 179 179 179 178 176 176 175 174
 172 170 168 167 163 157 151 149 152 158 162 164 170 172 176 180 181 180
 178 176 173 170 165 169 162 165 166 126]","[ 90 191 188 185 185 188 186 184 188 188 187 187 186 186 186 185 186 184
 183 183 184 185 183 182 182 182 181 180 178 177 176 176 175 175 175 174
 173 171 169 168 165 160 155 152 154 159 164 167 172 174 177 180 181 181
 179 178 174 172 167 172 165 167 168 127]","[ 90 190 187 185 184 187 184 183 187 187 186 186 185 184 184 183 184 183
 181 182 183 183 182 180 182 181 180 179 177 175 174 174 174 174 174 173
 172 171 170 169 166 163 158 154 155 159 165 169 173 175 177 180 181 181
 180 179 176 174 169 174 167 169 170 129]","[ 90 190 187 184 183 186 184 182 186 186 185 184 183 182 182 181 183 181
 180 180 181 182 180 179 179 179 178 177 176 175 175 174 173 173 174 174
 173 172 171 170 168 165 160 156 156 160 166 171 173 175 177 179 181 181
 180 179 177 175 171 176 169 171 171 130]","[ 90 190 187 184 183 186 183 181 185 185 184 183 182 181 181 180 182 180
 179 179 180 181 179 178 176 176 176 176 176 176 176 176 173 174 174 174
 173 173 172 171 169 166 162 158 157 161 167 172 173 175 177 179 180 180
 180 179 177 176 172 177 170 172 172 130]","[ 92 189 185 185 184 185 182 184 182 182 182 181 181 181 180 180 178 178
 178 178 178 178 178 178 177 177 177 176 176 176 175 175 173 173 173 172
 172 171 171 171 168 165 162 160 156 157 166 177 179 177 176 177 181 182
 181 179 174 174 173 181 174 175 175 133]","[ 91 188 184 184 183 184 181 183 182 182 181 181 180 180 180 180 178 178
 178 178 178 178 178 178 177 177 176 176 176 175 175 175 172 172 171 171
 170 170 170 170 168 165 162 160 157 157 166 176 179 177 176 177 180 182
 181 179 184 179 171 176 170 174 175 133]","[ 89 186 183 182 181 182 180 182 181 181 180 180 180 179 179 179 177 177
 177 177 177 177 177 177 176 176 176 175 175 175 174 174 170 170 170 170
 169 169 168 168 168 164 162 161 158 157 165 174 177 176 176 177 180 181
 181 180 185 180 172 177 172 174 173 129]","[ 88 185 181 181 180 181 179 180 180 180 179 179 178 178 178 178 176 176
 176 176 176 176 176 176 175 175 175 175 174 174 174 173 171 170 170 170
 169 169 169 168 168 164 161 161 159 158 164 171 176 176 176 177 179 180
 181 181 177 179 178 184 174 170 165 121]","[ 87 184 180 180 179 180 178 180 178 178 178 178 177 177 176 176 174 174
 174 174 174 174 174 174 175 174 174 174 173 173 173 173 172 171 171 171
 170 170 170 169 167 163 161 161 160 159 162 168 174 175 176 177 178 179
 181 182 179 182 181 182 164 157 155 115]","[ 87 184 180 180 179 180 178 179 177 177 177 176 176 176 175 175 173 173
 173 173 173 173 173 173 174 174 173 173 173 172 172 172 172 172 171 171
 170 170 170 170 167 163 160 162 161 159 161 165 172 174 177 177 177 178
 180 182 188 185 174 167 147 144 149 114]","[ 87 184 181 180 179 180 178 180 176 176 176 176 175 175 174 174 172 172
 172 172 172 172 172 172 173 173 173 172 172 172 171 171 170 170 170 170
 169 169 168 168 167 162 160 162 162 160 160 163 171 174 177 177 177 178
 180 183 185 175 158 153 141 145 151 114]","[ 88 185 181 181 180 180 178 180 176 176 175 175 175 174 174 174 172 172
 172 172 172 172 172 172 173 173 172 172 172 171 171 171 169 169 169 168
 168 167 167 167 167 162 160 162 163 160 160 162 170 174 177 177 177 177
 180 184 172 160 145 148 146 154 155 112]","[ 87 185 180 177 177 179 177 178 174 174 174 175 174 173 172 172 174 169
 169 173 173 168 166 170 169 169 169 169 169 169 169 169 167 167 167 167
 166 164 163 162 163 162 161 160 161 161 160 159 173 177 177 173 174 178
 174 167 145 150 143 145 144 147 147 115]","[ 87 183 178 176 175 177 175 176 172 173 173 173 173 172 171 170 169 166
 168 174 177 174 173 175 171 170 169 168 167 166 165 164 165 165 166 166
 167 167 167 167 164 163 161 161 161 161 160 159 165 173 179 177 173 168
 159 148 143 148 142 145 144 146 146 113]","[ 87 181 175 174 174 176 173 175 171 171 172 172 171 171 170 169 172 169
 168 171 171 165 159 158 169 169 168 167 166 165 165 164 169 168 167 165
 163 162 162 162 164 164 163 161 160 160 160 160 165 173 177 173 164 155
 146 139 141 147 141 145 144 145 144 111]","[ 87 177 170 171 171 172 169 172 168 168 169 169 168 168 167 166 170 168
 166 167 165 159 150 145 162 163 163 164 165 166 167 167 168 167 165 163
 162 162 162 162 163 163 162 160 158 158 159 160 169 171 169 159 149 143
 144 146 140 146 141 145 144 145 143 110]","[ 82 169 160 163 164 163 160 164 161 161 161 161 161 160 159 159 157 157
 159 162 167 167 162 155 155 155 156 157 159 160 161 162 156 157 157 158
 159 161 163 163 157 157 157 155 152 152 155 158 162 160 156 148 139 137
 143 151 141 146 140 144 143 144 143 111]","[ 77 161 151 155 157 155 152 156 153 154 154 154 154 153 152 151 148 149
 150 154 161 166 162 154 148 148 148 149 149 149 150 150 150 149 149 148
 145 143 141 139 145 147 147 145 142 143 148 152 147 145 145 144 140 136
 139 145 141 145 138 141 140 142 142 110]","[ 77 159 148 153 156 153 149 155 152 152 153 153 152 151 150 150 151 151
 148 147 153 157 152 142 143 143 143 144 145 145 146 146 148 148 147 144
 139 132 127 123 132 134 136 133 131 132 138 144 143 140 139 142 141 136
 136 140 139 143 134 136 135 138 140 109]","[ 81 162 150 156 159 156 152 158 155 155 156 156 155 154 154 153 154 154
 150 148 153 159 154 143 138 139 141 143 146 148 149 150 144 146 148 149
 148 144 140 137 123 126 127 126 123 125 132 138 151 142 138 140 140 137
 137 142 138 141 131 132 131 135 138 108]","[ 82 163 155 157 152 154 155 151 154 154 153 152 152 151 150 150 150 150
 150 151 151 152 152 153 136 138 144 142 137 144 147 137 129 119 133 134
 143 166 161 151 149 126 149 148 136 141 126 121 138 144 139 137 142 140
 135 140 128 134 128 130 128 130 132 102]","[ 79 160 153 156 152 155 156 153 151 152 152 152 152 152 152 152 150 150
 150 151 151 151 152 152 156 151 141 134 134 139 145 151 148 135 137 123
 128 162 169 166 159 141 163 162 148 150 138 135 130 136 134 133 139 137
 133 138 132 142 139 141 135 133 133 103]","[ 76 157 151 154 151 155 156 153 149 150 150 151 152 153 153 154 149 149
 150 150 150 151 151 151 158 155 136 128 136 132 137 162 167 157 151 123
 121 160 175 173 159 151 169 168 153 149 141 142 131 136 132 130 136 133
 129 134 135 149 150 150 138 131 130 100]","[ 76 157 150 153 150 153 154 151 150 150 151 151 151 152 152 152 149 149
 149 149 149 150 150 150 144 152 141 141 152 135 132 169 175 172 170 137
 129 165 175 168 153 155 167 166 151 140 137 142 143 145 136 129 133 130
 127 133 138 153 154 151 134 124 124  96]","[ 78 159 151 153 149 151 152 148 152 152 151 151 151 150 150 150 149 149
 149 149 149 148 148 148 140 155 155 160 167 143 138 177 175 176 179 147
 138 171 177 168 150 161 164 162 150 133 135 143 151 150 137 126 128 127
 127 136 146 159 156 149 130 120 122  97]","[ 79 160 152 154 149 151 151 148 153 152 152 151 150 149 149 148 149 149
 148 148 148 147 147 147 145 154 156 163 165 147 147 177 178 173 175 147
 139 169 177 172 147 164 156 154 145 124 130 141 150 149 134 123 125 126
 128 138 156 166 160 152 132 124 127 102]","[ 78 159 151 154 150 153 153 150 151 150 150 150 150 150 150 150 148 148
 148 147 147 147 146 146 148 145 148 158 162 157 160 171 184 172 170 146
 137 161 166 164 144 164 148 145 140 117 126 137 150 149 136 125 127 125
 125 133 162 172 164 156 138 131 132 106]","[ 76 157 151 154 151 154 156 153 148 148 149 150 150 151 152 152 148 148
 148 147 147 146 146 145 149 138 144 161 168 173 175 168 189 172 170 149
 138 152 150 147 147 169 146 144 141 117 127 139 154 154 141 130 130 125
 121 127 164 173 166 159 143 135 134 106]","[ 75 157 150 153 149 152 153 150 151 152 153 153 153 151 150 149 151 151
 151 151 152 152 152 152 147 146 151 164 173 172 166 162 186 166 160 150
 135 166 146 144 139 164 158 149 148 114 102 146 143 139 131 123 121 129
 146 159 159 174 170 157 133 126 132 110]","[ 80 162 156 159 154 157 158 156 158 159 160 160 160 158 157 156 158 158
 158 158 158 158 158 158 154 151 154 164 168 162 152 145 167 159 157 147
 133 169 160 161 138 158 157 148 139 109  96 121 132 129 125 123 128 141
 158 170 167 175 164 151 132 127 133 108]","[ 85 168 163 166 161 163 165 163 164 165 165 165 165 164 163 162 164 164
 163 163 162 161 161 161 159 156 158 165 167 157 143 135 160 165 163 147
 126 162 163 162 135 162 179 165 131 103 101 114 126 123 121 125 136 152
 167 176 177 174 154 142 130 129 133 106]","[ 86 170 166 169 164 165 167 166 165 165 165 165 164 164 163 163 164 163
 163 162 161 160 159 158 158 156 160 169 171 162 148 139 160 174 168 149
 124 159 164 158 130 169 207 185 120  91 103 113 110 108 109 120 139 158
 170 176 183 170 142 133 129 131 134 105]","[ 83 169 166 170 163 164 167 166 164 164 163 162 162 162 162 162 162 161
 161 160 159 158 157 157 156 155 160 170 174 166 154 146 154 175 167 156
 134 165 176 164 118 153 193 174 111  89 105 107 100  99 105 121 143 162
 173 176 179 161 132 128 128 132 134 105]","[ 80 167 166 170 162 163 166 166 165 164 163 162 162 162 162 163 162 161
 161 160 159 159 158 158 157 155 159 169 173 166 154 147 156 180 171 168
 142 161 174 162 108 123 150 150 124 122 133 125 129 129 133 144 158 168
 171 171 166 150 125 126 129 132 135 107]","[ 79 167 167 171 163 163 166 167 165 164 163 162 161 162 163 163 161 161
 161 161 160 160 160 160 158 156 159 168 172 166 155 149 155 184 176 177
 140 142 156 148 124 125 137 147 148 155 160 154 163 163 164 169 173 173
 170 166 150 139 121 127 130 131 135 110]","[ 80 168 169 173 164 164 168 169 164 163 162 160 160 160 161 162 159 159
 159 160 160 160 160 160 160 157 159 169 174 168 159 154 143 176 173 178
 135 127 145 143 158 156 157 160 159 158 159 162 164 166 170 175 177 177
 173 170 140 132 120 129 131 131 135 112]","[ 78 167 160 164 168 169 165 166 164 164 164 164 164 163 163 163 161 161
 161 161 161 161 161 161 155 156 160 168 174 174 166 158 156 162 164 155
 143 141 153 166 169 166 163 163 166 171 174 176 172 174 177 179 178 172
 163 156 125 128 122 128 128 129 134 108]","[ 85 174 166 167 169 169 166 170 167 166 166 166 166 165 165 165 161 161
 161 161 161 161 161 161 159 159 162 168 175 175 168 161 154 158 163 165
 165 168 176 182 177 175 173 174 178 182 184 185 181 180 179 176 172 163
 154 147 126 129 123 129 129 130 135 109]","[ 84 175 167 167 165 163 163 169 164 164 164 163 163 162 162 162 158 158
 158 158 158 158 158 158 159 157 157 163 170 172 168 163 166 167 170 176
 182 184 183 180 179 178 177 179 182 184 184 183 178 173 166 158 150 141
 132 126 120 122 116 123 122 124 128 102]","[ 85 179 174 174 171 167 167 173 170 169 169 168 167 167 166 166 163 163
 163 163 163 163 163 163 162 160 159 164 173 178 178 175 185 185 187 191
 195 195 189 183 188 187 187 189 189 188 185 182 172 165 156 147 139 132
 126 122 124 126 120 127 126 128 132 106]","[ 76 172 170 172 169 165 163 168 167 166 166 165 164 163 162 162 157 157
 157 157 157 157 157 157 157 153 153 159 169 177 179 178 179 182 186 190
 192 192 190 189 187 186 185 184 182 178 171 167 152 146 139 132 128 126
 123 122 120 123 117 123 123 124 129 103]","[ 83 177 174 178 177 173 169 173 173 173 172 171 170 169 168 168 161 161
 161 161 161 161 161 161 162 158 158 164 175 185 188 188 185 190 196 197
 195 192 192 193 183 181 179 177 173 166 158 153 141 137 132 130 129 129
 129 128 121 123 117 124 123 125 129 103]","[ 92 181 173 175 176 175 171 174 174 174 173 172 170 169 168 168 162 162
 162 162 162 162 162 162 164 160 159 165 176 185 188 187 191 195 198 199
 195 190 185 182 173 171 168 164 160 153 145 140 137 135 133 132 132 131
 129 128 123 126 120 126 126 127 131 105]","[ 59 145 132 131 133 133 131 134 133 133 132 130 129 128 127 126 125 125
 125 125 125 125 125 125 125 121 119 125 134 142 144 143 147 149 154 158
 158 153 145 138 132 130 126 123 118 112 105 100 106 105 103 102 101  99
  95  92  93  96  90  97  96  98 102  76]"
