"[ 32  61  52  51  60  51  51  54  52  53  55  58  62  66  70  72  67  79
  96 109 116 119 120 121 121 118 115 110 103  90  74  63  55  55  57  62
  66  63  54  45  35  29  20  19  26  31  24  13  44  49  49  43  42  45
  44  40  48  48  42  49  45  46  64  56]","[ 56  88  82  82  93  91 101 109 105 104 104 105 107 111 115 118 113 123
 140 159 179 200 218 228 239 246 250 249 249 236 217 204 192 170 139 113
 101 103 111 117  90  79  64  43  19  10  26  49  83  84  82  77  76  77
  72  64  57  77  76  72  74 103 135 119]","[ 34  69  65  62  69  63  70  76  79  79  79  81  85  90  96 100  98  99
 101 103 108 116 125 131 143 157 179 205 228 246 253 253 252 249 242 224
 195 159 126 105 107  92  85  89  85  74  78  94  81  77  70  67  70  74
  70  63  69  76  68  77 103 139 154 118]","[ 51  87  83  78  83  71  68  64  69  69  70  71  74  77  80  82  90  91
  92  92  91  89  88  88 110 112 114 119 128 144 163 176 209 223 242 254
 254 255 246 240 188 162 133 116 103  90  83  83  76  67  58  58  67  76
  77  74  83  79  80 114 141 148 144 111]","[ 51  86  80  77  87  81  76  69  66  66  66  65  63  60  58  56  63  66
  72  79  84  87  88  87  82  86  90  92  94  98 105 111 113 117 127 142
 164 190 216 232 240 248 234 184 125  90  78  78  76  71  68  72  80  85
  85  83  80 102 126 153 152 142 145 127]","[ 53  89  81  75  85  83  83  78  77  78  78  78  77  75  73  71  69  67
  64  63  63  64  63  62  76  79  82  84  84  85  86  87  96  96  96  98
  99 100 101 101 121 159 177 146  99  72  65  62  68  70  75  82  84  80
  78  79  99 132 147 149 142 146 149 115]","[ 60 105 105  95  96  87  86  81  81  79  77  76  75  75  76  77  75  71
  66  64  65  66  65  63  51  50  50  54  62  71  78  81  79  77  77  80
  86  89  90  88  79  86  84  70  60  64  71  74  73  77  84  89  87  87
  97 110 142 155 149 146 149 159 155 110]","[ 93 151 163 156 150 132 126 120 108 102  93  85  79  76  77  78  78  76
  76  77  80  79  76  72  79  75  71  68  66  61  53  47  54  52  53  60
  70  75  75  71  73  67  63  64  63  59  56  56  76  78  82  83  82  92
 120 148 143 144 142 153 150 143 146 127]","[ 66 144 137 145 148 155 159 157 162 159 153 145 136 128 121 117 102  93
  82  77  77  78  76  74  70  73  77  81  81  77  70  64  65  58  51  48
  49  49  44  39  44  40  41  50  58  63  68  73  84  80  76  84 106 131
 145 147 153 152 149 154 147 152 157 119]","[ 81 158 147 148 142 142 139 134 136 139 144 150 156 161 165 167 165 157
 145 135 126 115 102  92  89  85  80  76  74  73  71  69  74  71  68  65
  63  61  59  58  48  39  37  46  59  69  75  79  79  86  97 111 130 148
 155 154 153 153 150 155 148 153 157 120]","[ 88 169 162 162 156 155 152 146 149 148 147 145 142 139 137 135 141 142
 146 154 163 170 171 170 160 149 133 115  99  86  76  70  69  70  70  65
  58  52  50  51  48  39  36  46  62  72  77  79  80  99 123 140 151 158
 158 154 155 154 151 156 149 154 158 120]","[ 88 176 175 180 176 179 179 174 169 168 164 160 154 149 145 142 153 148
 141 136 136 136 136 136 162 159 152 145 135 123 112 104  91  90  86  79
  70  62  55  52  48  42  41  49  60  68  75  81 104 126 150 161 161 159
 157 154 157 156 153 158 151 155 159 121]","[ 92 184 186 187 181 184 184 178 176 177 177 178 178 177 177 176 161 158
 152 149 148 149 150 150 135 136 138 140 139 133 125 119 118 112 104  98
  92  84  73  65  58  54  50  51  56  67  86 103 139 155 170 172 166 162
 162 163 159 158 155 159 152 156 160 122]","[ 92 188 190 190 181 184 186 180 183 182 182 181 179 177 175 174 187 187
 186 183 179 172 166 163 163 160 155 151 146 140 134 130 133 125 117 113
 112 108  98  90  86  79  70  64  65  80 111 137 156 167 173 171 166 165
 167 168 161 160 157 161 154 157 161 123]","[ 89 188 193 191 182 188 192 187 183 184 185 186 187 188 187 187 168 171
 176 179 180 179 177 176 180 177 173 171 171 170 168 166 156 152 146 143
 141 139 135 131 121 112 103  97  96 108 133 155 160 167 172 171 171 171
 169 165 163 162 158 162 155 158 162 124]","[ 91 191 195 191 180 186 190 185 189 189 189 188 187 185 183 182 189 188
 186 184 182 182 184 186 178 177 176 176 175 171 166 162 164 163 161 156
 150 147 148 149 143 137 132 130 129 133 143 154 164 170 176 179 182 181
 173 163 164 162 159 163 155 159 163 125]","[ 92 193 188 184 185 191 189 185 189 193 191 185 185 189 188 183 188 180
 182 191 191 181 180 188 180 188 186 175 173 182 181 172 169 173 173 166
 160 158 157 155 151 144 135 132 136 144 150 154 165 171 178 181 179 176
 175 175 168 165 161 166 159 162 164 124]","[ 86 192 193 190 186 190 190 192 182 185 185 181 182 187 187 183 186 185
 184 184 182 179 181 186 181 182 182 182 181 179 176 175 170 172 170 166
 165 167 165 161 153 147 139 136 139 146 153 156 165 171 177 180 180 177
 176 176 170 168 163 167 160 163 165 125]","[ 81 189 190 180 168 170 181 194 192 193 190 186 186 189 187 184 183 185
 185 183 181 181 182 182 187 181 180 185 184 178 177 182 180 180 177 173
 172 173 168 161 157 151 144 141 144 150 157 161 166 171 177 180 181 179
 178 178 174 171 166 170 163 165 166 126]","[ 87 191 185 165 143 143 161 185 185 185 183 180 179 181 182 182 188 179
 176 183 186 181 175 175 187 185 183 181 180 180 181 182 165 172 177 176
 173 171 167 161 161 157 150 147 149 154 161 165 168 171 176 180 182 182
 181 180 177 174 169 173 165 167 168 127]","[ 95 196 188 166 137 127 139 160 179 182 185 186 185 185 189 194 174 146
 132 143 150 139 131 135 164 180 185 177 177 184 178 162 129 148 167 172
 170 169 170 170 164 161 156 152 152 157 163 168 170 172 176 180 183 184
 182 181 179 177 171 175 167 169 170 129]","[ 89 191 189 176 149 127 120 127 172 180 191 193 184 173 172 178 164 131
 108 112 118 110 105 108 126 158 178 176 178 184 166 136 121 146 170 177
 172 169 171 174 165 163 159 155 154 158 165 170 174 174 177 180 184 185
 183 181 180 177 172 176 168 171 172 131]","[ 86 186 187 185 166 139 117 113 133 149 170 175 158 136 128 131 158 147
 134 128 130 132 124 114 103 134 162 173 178 177 156 129 134 155 175 179
 174 170 170 172 165 164 161 157 155 158 165 171 177 176 177 181 184 185
 183 181 179 176 172 176 169 172 174 133]","[ 93 188 188 191 179 155 130 121 101 127 159 172 156 130 120 124 120 137
 141 130 130 139 126 100  99 120 148 167 175 170 154 138 134 150 167 172
 171 171 172 172 165 164 162 158 155 158 165 170 179 178 178 181 185 186
 183 180 178 176 171 176 170 173 174 134]","[ 89 188 182 180 183 181 154 127 115 105 122 151 158 148 133 120 119 144
 129 130 137 128 127 106 105 119 133 153 174 169 150 141 143 143 160 174
 172 171 173 170 169 164 161 160 159 160 166 174 177 178 180 182 184 185
 185 185 177 180 180 185 174 173 173 134]","[ 88 187 181 179 184 187 169 150 124 116 121 134 143 149 140 119 118 145
 133 130 131 121 115  93  98 111 120 135 158 162 147 136 144 141 154 170
 171 171 173 167 169 164 161 161 160 160 166 173 177 178 180 182 183 184
 185 186 186 182 176 180 174 178 180 140]","[ 88 187 181 178 181 188 180 170 145 133 124 121 131 150 147 120 111 136
 127 120 125 122 115  94 107 121 122 125 147 160 152 141 147 139 148 164
 170 173 173 164 168 164 161 161 160 160 165 172 177 178 179 181 183 184
 185 186 188 182 174 180 177 181 179 135]","[ 88 187 182 177 177 182 179 176 170 150 132 125 132 150 147 122 110 130
 122 111 123 133 119  95 101 119 116 108 123 142 143 138 150 139 146 162
 170 175 174 163 168 164 162 162 160 159 164 171 178 178 179 180 182 183
 185 186 182 180 177 184 177 175 167 120]","[ 86 186 183 180 177 179 177 177 186 158 140 138 139 143 139 123 113 130
 128 114 131 145 115  80  84 107 108  98 109 132 144 149 152 142 149 165
 171 176 174 165 168 165 163 163 161 159 164 170 178 178 178 179 180 183
 185 186 183 184 181 182 167 162 157 114]","[ 84 184 182 182 181 181 178 180 187 162 147 143 137 135 132 123 104 124
 133 120 140 158 115  75  67  89  95  92 106 128 145 158 151 146 156 170
 171 172 173 167 168 165 163 163 161 159 163 169 178 178 177 178 180 182
 185 186 191 186 176 170 153 151 155 119]","[ 86 183 181 182 181 180 177 179 180 167 155 138 126 132 137 127 102 123
 136 114 132 157 117  84  70  84  87  90 107 121 132 144 148 148 163 175
 170 167 170 168 168 165 163 164 162 159 162 168 178 177 177 177 179 182
 185 186 187 178 163 158 145 149 156 120]","[ 90 184 179 179 178 176 173 175 174 174 161 132 115 133 146 133 118 136
 142 104 112 142 111  88 110 114 112 117 133 139 140 147 145 149 168 178
 168 162 167 168 168 165 164 164 162 159 162 168 178 177 177 177 178 181
 184 187 175 165 152 152 146 152 154 113]","[ 84 180 179 183 181 178 176 181 175 170 155 136 128 134 142 145 117 116
 119 122 120 115 121 130 128 136 141 139 141 147 151 150 143 160 171 168
 167 171 170 163 163 163 162 163 164 165 166 167 180 177 174 174 180 184
 179 169 151 155 149 152 150 152 151 118]","[ 83 178 175 177 175 172 169 174 174 169 155 137 128 131 136 138 111 114
 123 131 133 131 136 144 148 151 152 153 156 156 146 133 145 160 169 166
 164 168 168 162 163 163 162 162 161 162 162 163 170 177 181 180 178 173
 163 153 149 154 147 150 149 150 149 116]","[ 89 182 176 177 174 172 170 175 173 169 157 141 131 131 133 134 121 127
 138 148 151 149 151 155 158 160 159 156 152 149 141 132 153 164 170 167
 165 168 168 164 165 165 163 162 161 160 161 161 166 177 183 177 165 156
 148 143 147 152 145 148 147 148 147 115]","[ 90 180 173 173 172 170 169 174 171 168 160 149 140 137 138 139 147 151
 158 163 162 158 156 156 156 158 155 144 134 135 146 156 162 168 171 167
 165 168 168 165 165 165 163 162 161 161 161 161 169 174 172 161 149 145
 145 145 146 151 144 147 146 147 147 114]","[ 78 168 159 160 161 161 160 165 164 162 158 154 149 145 146 149 164 166
 168 166 163 160 157 154 153 148 140 134 133 141 155 168 160 163 163 160
 159 160 160 159 159 159 158 158 158 158 159 159 165 164 157 148 143 145
 148 147 146 151 144 148 146 148 147 114]","[ 72 161 152 154 156 156 155 158 157 155 155 156 155 152 155 160 165 167
 166 161 158 157 155 151 142 130 123 132 145 153 152 150 151 151 151 150
 149 148 148 147 151 150 150 150 150 150 151 152 151 151 148 145 147 151
 148 142 146 151 144 147 146 147 146 113]","[ 75 163 154 156 158 157 154 156 155 153 155 160 161 160 163 170 169 171
 167 159 154 152 147 140 124 121 127 142 154 153 146 141 148 147 146 147
 147 145 144 143 147 147 145 144 143 143 143 144 141 143 144 144 146 149
 146 140 144 149 142 145 144 145 144 112]","[ 77 165 156 157 158 156 151 152 158 156 158 165 167 166 170 178 178 179
 174 163 154 148 138 127 112 125 146 160 157 147 148 156 152 150 149 151
 151 149 147 147 148 147 145 143 142 140 140 140 140 143 143 139 139 143
 144 142 142 147 140 143 142 143 143 110]","[ 80 161 154 157 153 155 156 153 151 156 158 157 161 171 179 181 183 182
 173 162 160 160 144 124 121 141 154 151 147 150 150 146 152 150 148 147
 147 147 145 143 140 142 144 143 141 140 140 141 140 140 141 141 141 141
 140 140 139 145 138 140 138 140 142 111]","[ 79 160 153 156 152 155 156 152 153 156 156 154 157 169 179 183 181 180
 173 163 162 161 146 128 124 141 153 149 145 149 151 149 150 148 146 146
 146 145 143 141 138 140 141 141 139 137 138 139 139 139 140 141 141 140
 139 139 137 142 135 136 133 134 136 105]","[ 78 159 152 155 151 153 154 151 154 156 154 150 154 166 178 183 178 177
 171 164 163 162 149 132 127 141 150 147 144 148 151 151 148 146 144 143
 144 143 141 139 138 139 140 139 137 136 137 138 137 137 138 138 138 138
 137 137 135 140 132 133 129 130 132 101]","[ 77 158 151 153 150 152 153 150 152 154 153 150 153 165 175 180 174 173
 168 163 162 160 149 135 127 139 148 147 145 147 149 149 144 143 141 141
 141 141 139 137 138 139 139 138 136 135 137 138 133 134 135 135 135 135
 134 133 132 138 131 132 130 131 133 103]","[ 77 158 150 153 149 152 153 150 149 153 154 152 155 165 173 176 171 170
 166 163 161 158 147 137 124 135 146 149 148 147 146 145 142 140 138 138
 139 139 138 136 135 136 136 134 132 132 134 136 130 131 132 132 132 132
 131 130 128 134 128 131 130 133 136 106]","[ 77 158 151 153 150 152 153 150 148 153 154 153 156 165 172 174 172 170
 167 165 162 156 146 138 122 131 142 148 148 145 143 141 140 138 137 137
 138 138 137 135 132 133 132 130 128 128 130 133 130 130 131 131 131 131
 130 130 126 132 127 130 130 134 137 108]","[ 78 159 151 154 150 153 154 151 151 154 154 152 154 164 173 176 176 173
 170 168 164 155 146 139 123 129 138 144 145 142 141 141 139 138 136 136
 138 138 137 135 134 134 133 130 128 129 131 134 131 132 133 133 133 133
 132 131 129 135 130 133 132 136 139 109]","[ 78 159 152 155 151 153 154 151 154 156 153 149 152 163 174 179 179 176
 173 171 165 156 146 140 125 129 135 141 141 140 140 143 139 137 136 136
 138 138 137 135 137 137 136 134 132 132 135 138 133 134 134 135 135 134
 134 133 135 141 135 137 136 139 141 111]","[ 73 157 154 156 149 149 151 150 151 151 152 154 155 158 171 184 179 179
 175 169 165 161 150 139 139 115 150 158 142 152 149 146 145 145 144 143
 141 140 139 139 137 137 136 135 135 134 133 133 134 133 132 131 132 133
 134 135 128 135 130 135 135 139 142 112]","[ 78 163 159 161 154 155 156 155 160 159 160 160 159 161 172 185 180 180
 176 170 167 162 152 141 138 116 147 157 144 152 149 146 145 144 144 142
 141 140 139 139 137 137 136 135 134 134 133 133 134 133 132 131 131 132
 133 134 128 135 130 135 135 139 142 112]","[ 84 169 165 167 161 161 163 162 166 165 165 165 162 162 172 184 181 181
 178 172 169 165 155 144 137 117 141 155 148 152 150 146 145 144 144 142
 141 140 139 139 137 137 136 135 134 134 133 133 133 133 132 131 131 132
 133 133 128 135 131 135 135 139 142 113]","[ 86 171 167 170 164 164 166 165 166 165 165 164 161 161 170 181 182 182
 179 174 171 168 158 147 136 119 132 151 152 152 150 146 145 145 144 143
 142 140 140 139 137 137 136 136 135 134 133 133 134 133 133 132 132 132
 132 132 129 135 131 136 136 140 143 113]","[ 85 170 166 169 163 164 166 165 163 162 163 164 161 161 170 181 183 183
 180 176 173 170 160 150 136 122 123 146 156 151 151 148 147 146 145 144
 143 142 141 140 139 138 138 137 136 135 135 134 134 134 134 134 133 133
 132 132 129 136 132 136 136 140 143 114]","[ 83 168 165 168 162 163 165 165 162 162 164 165 163 163 171 182 183 183
 181 176 174 171 162 152 137 124 114 141 158 150 152 151 148 148 147 146
 145 144 143 142 140 140 139 139 138 137 137 136 136 136 136 136 135 134
 133 132 129 136 132 137 137 140 144 114]","[ 83 168 165 169 163 164 166 165 162 162 164 165 162 161 169 179 182 183
 180 176 175 172 163 153 138 127 106 136 159 149 154 153 150 150 149 148
 147 145 144 144 142 142 141 141 140 139 138 138 137 138 138 138 137 136
 134 133 130 137 132 137 137 141 144 114]","[ 84 170 167 170 164 165 168 167 162 162 163 164 160 158 165 175 181 182
 180 176 175 172 164 153 139 128 102 133 160 148 155 155 151 151 150 149
 148 146 146 145 143 143 142 142 141 140 139 139 138 139 139 139 138 136
 134 133 130 137 132 137 137 141 144 114]","[ 84 174 165 167 169 168 166 169 165 164 163 162 163 165 167 169 184 186
 183 177 173 170 162 154 147 125 107 102 154 152 153 155 153 153 153 152
 151 150 148 147 142 141 140 139 138 137 136 136 137 136 135 136 138 137
 136 134 129 134 130 138 138 139 142 115]","[ 86 175 167 168 170 169 167 170 167 165 164 163 164 166 168 169 184 186
 185 180 176 173 164 156 147 129 112 105 153 157 158 154 154 154 154 153
 151 149 148 147 147 146 145 144 143 142 141 141 140 138 138 138 139 139
 137 134 131 135 132 140 140 140 143 116]","[ 85 174 165 167 168 167 165 168 165 164 163 162 162 163 165 166 178 181
 182 178 175 171 162 153 141 128 111 100 139 155 157 146 152 152 151 150
 148 146 144 143 143 142 141 140 139 138 137 136 135 134 133 133 133 132
 130 127 126 130 126 133 133 134 137 110]","[ 91 180 172 173 174 174 171 173 171 171 170 169 169 169 170 170 180 183
 185 183 181 177 168 158 148 140 119 105 131 159 165 152 158 158 157 155
 153 151 149 148 146 146 145 144 143 142 141 140 141 139 138 138 138 136
 134 131 131 135 130 137 137 138 141 115]","[ 87 176 167 169 169 168 165 168 167 166 165 164 164 163 163 163 173 178
 180 179 178 175 166 157 150 142 119 104 112 149 162 153 152 152 151 150
 148 146 144 143 144 143 142 141 140 139 138 138 137 136 134 134 134 133
 130 128 129 132 126 133 132 133 137 111]","[ 91 180 171 172 173 172 168 171 170 170 169 168 167 166 165 165 178 182
 184 183 183 181 174 166 153 145 123 111 101 139 158 155 154 154 154 154
 152 151 149 148 146 146 145 144 142 141 140 140 136 135 134 134 134 133
 131 128 129 132 126 132 131 132 136 110]","[ 93 182 173 174 174 173 169 172 172 172 171 170 169 167 166 165 178 182
 183 182 182 182 176 169 153 146 129 122  98 132 152 156 155 155 155 155
 155 154 153 152 147 146 146 144 143 142 141 141 136 135 134 135 136 135
 133 131 131 134 127 132 131 133 137 111]","[ 55 144 135 136 136 135 131 134 134 134 133 132 131 129 127 126 137 140
 141 139 140 140 136 129 121 114 102 100  67  97 117 125 116 117 117 118
 118 117 117 116 114 114 113 112 111 109 109 108 105 104 104 105 106 106
 104 102 101 104  97 102 101 102 107  81]"
