"[36 71 40 57 42 57 38 43 40 40 42 41 35 29 31 37 33 33 34 35 35 33 28 25
 24 25 26 28 28 28 27 27 26 27 27 28 29 30 31 31 39 40 43 47 52 55 58 60
 55 57 60 63 64 64 62 61 57 51 53 56 59 72 82 75]","[ 60 104 103 110 107 107  94  82  81  78  71  63  64  67  63  55  51  48
  43  41  42  44  45  45  42  41  38  34  31  29  27  26  27  27  26  26
  26  26  26  26  37  39  44  49  55  61  65  67  82  85  91  99 106 112
 115 117 121 117 119 119 115 119 118 105]","[ 58 103 116 106 107 104 119 112 113 115 109  98  95  97  91  80  86  81
  74  68  64  62  60  58  54  52  50  47  46  45  46  46  37  37  36  35
  34  33  33  32  26  26  28  30  32  34  35  36  48  51  57  64  73  82
  89  92 100 100 109 116 115 119 116 101]","[ 53  89  85  82  86  93 104 103  99 108 116 117 113 111 113 116 105 104
 102 100  97  91  84  79  72  71  68  65  62  60  58  57  52  51  50  49
  47  46  44  44  41  40  38  37  34  33  31  30  28  28  29  31  35  40
  44  47  67  69  82  94 100 112 115 103]","[ 63 120 103 112  96  98  78  87  81  78  82  94  96  91  95 107 105 107
 110 115 119 120 118 116 113 112 109 104  98  90  84  81  75  74  72  68
  65  61  59  57  59  59  57  56  54  53  51  51  50  48  45  43  42  43
  44  46  40  37  44  50  53  65  71  62]","[112 230 219 181 112  97  89 144 151 131 114 112 109  99  90  88  95  92
  89  89  92  96  98  99 108 110 111 113 114 114 114 113 108 106 103  99
  95  91  88  86  77  75  73  70  66  63  60  59  62  60  57  54  53  53
  54  55  59  52  52  51  49  57  61  52]","[105 249 235 124  44  28  43 115 222 226 219 202 190 184 171 155 136 130
 120 110 103  97  92  89  93  93  93  94  96 100 104 107 114 113 113 112
 111 110 110 109 108 106 103  99  95  90  87  85  83  81  79  76  75  74
  74  74  73  68  68  67  63  68  69  57]","[114 249 209  55  24  20  20  51 191 240 254 254 247 254 255 242 240 235
 225 212 198 182 167 157 142 135 123 110 100  94  92  92  89  91  94  97
 101 105 108 109 118 117 117 117 116 116 116 116 109 107 104 101  97  94
  92  91  90  86  90  90  84  86  82  67]","[112 250 207  42  29  27  26  37  94 255 255 246 255 245 254 250 252 252
 252 252 252 252 252 252 238 234 226 214 199 184 172 165 146 137 124 114
 109 104  98  93  98  98  99 102 105 110 114 116 125 125 124 124 123 123
 122 122 113 115 114 118 106 104 109  75]","[111 251 202  37  27  26  25  35  70 220 253 246 254 249 253 251 252 252
 252 252 252 252 252 252 254 254 254 254 252 248 244 242 240 231 218 206
 196 184 172 163 146 142 134 124 114 106  99  96  93  96 100 106 112 118
 122 124 136 136 135 139 130 134 143 110]","[112 249 196  32  26  27  25  33  49 175 255 250 251 255 253 250 252 252
 252 252 252 252 252 252 249 251 252 253 253 253 253 253 254 254 254 254
 254 254 250 245 231 226 219 209 197 186 177 172 154 150 143 135 125 116
 110 106 114 115 114 122 120 131 144 111]","[115 248 193  30  26  29  26  32  42 140 255 255 247 255 251 249 252 252
 252 252 252 252 252 252 250 250 251 251 250 249 247 246 250 250 252 254
 254 254 253 249 254 254 255 254 255 252 249 247 238 234 226 215 204 194
 186 182 162 159 148 144 130 130 130  88]","[114 247 190  27  24  28  24  28  40 117 254 254 244 254 250 252 252 252
 252 252 252 252 252 252 253 253 254 254 254 253 253 253 253 252 252 251
 251 250 248 247 247 248 250 252 253 252 252 251 254 254 254 254 254 253
 253 253 243 241 231 224 208 205 197 147]","[111 246 190  27  22  24  20  24  36 104 254 252 246 252 251 253 252 252
 252 252 252 252 252 252 251 251 251 251 251 251 251 251 252 251 251 251
 252 253 253 253 252 252 252 252 252 251 250 250 252 251 251 250 250 249
 249 249 254 254 254 254 255 254 254 204]","[113 248 195  31  24  25  20  25  36 103 254 251 253 249 251 253 252 252
 252 252 252 252 252 252 255 255 255 254 253 253 252 252 254 253 253 251
 248 246 246 247 253 253 252 252 252 252 253 253 249 250 251 252 253 254
 254 254 251 253 250 251 246 251 241 186]","[116 249 202  38  29  28  23  28  40 110 254 254 255 247 249 251 252 252
 252 252 252 252 252 252 248 248 248 249 250 252 253 254 249 250 252 252
 251 251 252 253 253 252 251 250 250 251 252 253 254 254 254 253 252 251
 250 249 252 253 251 253 251 254 251 196]","[117 247 215  51  21  19  30  22  36 104 242 254 255 248 243 254 246 252
 247 248 253 254 254 246 254 252 249 248 253 254 253 246 250 239 253 251
 253 241 249 254 252 252 252 252 252 252 252 252 252 252 252 252 252 252
 252 252 253 248 254 252 253 251 254 191]","[115 249 219  50  26  20  30  21  28  91 237 254 248 254 248 253 254 253
 250 252 250 244 249 253 249 250 254 254 250 240 246 254 254 249 253 243
 253 253 254 240 252 252 252 252 252 252 252 252 252 252 252 252 252 252
 252 252 253 248 254 252 253 251 254 191]","[113 250 224  51  29  19  30  22  27  78 232 255 240 255 254 251 254 252
 249 250 254 254 252 249 248 255 254 242 252 255 255 241 254 239 246 254
 254 238 252 254 252 252 252 252 252 252 252 252 252 252 252 252 252 252
 252 252 254 248 254 252 253 251 254 191]","[112 250 230  60  29  17  29  23  29  62 215 254 241 255 250 251 251 254
 254 253 251 254 254 253 255 255 237 196 178 203 240 255 248 254 254 252
 247 250 254 252 252 252 252 252 252 252 252 252 252 252 252 252 252 252
 252 252 254 248 254 252 253 251 254 191]","[113 250 236  84  26  16  26  24  26  43 176 254 248 249 245 252 254 224
 190 142 120 143 189 251 254 160  70  35  21  33 113 209 249 255 242 255
 255 254 249 235 252 252 252 252 252 252 252 252 252 252 252 252 252 252
 252 252 254 248 254 252 253 251 254 191]","[114 250 243 125  25  18  23  23  26  33 126 247 254 252 253 255 233 124
  53  15   8  26  67 151 136  55   6  27  47  33  32  55 210 255 246 247
 253 249 252 255 252 252 252 252 252 252 252 252 252 252 252 252 252 252
 252 252 254 248 254 252 253 251 254 191]","[115 248 251 171  28  23  20  20  25  32  74 215 254 255 255 240 119  35
  13  18  32  27   1  30  31  27  21  17  16  20  26  31 114 251 215 146
 139 186 224 242 252 252 252 252 252 252 252 252 252 252 252 252 252 252
 252 252 254 248 255 252 253 251 254 191]","[114 247 251 202  32  28  19  18  20  29  35 181 247 250 254 216  38  11
  29  20  24  34   9  27  12  17  23  27  25  21  21  24  60 122  48  29
  27  14  69 184 252 252 252 252 252 252 252 252 252 252 252 252 252 252
 252 252 254 248 255 252 253 251 254 191]","[111 250 248 230  56  22  18  24  20  23  38  96 249 252 252 121  24  23
  22  22  21  20  19  19  17  18  19  20  21  22  22  22  17  21  25  23
  21  24  35  44 200 255 241 255 250 250 250 254 252 252 252 252 252 252
 252 252 254 243 251 250 250 252 254 187]","[114 250 251 235  76  23  20  23  13  25  29  51 191 254 205  35  23  23
  22  21  20  19  19  18  17  18  19  20  21  21  21  21  18  23  26  24
  21  22  30  38 110 231 255 245 248 255 250 254 252 252 252 252 252 252
 252 252 248 246 255 255 250 248 254 189]","[117 248 251 243 107  23  22  20  27  18  20  22  82 173  90  11  22  22
  21  21  20  19  19  18  17  17  18  20  20  21  20  20  19  23  26  25
  21  20  25  30  38 187 254 238 253 255 245 254 252 252 252 252 252 252
 252 252 255 247 250 244 253 254 254 179]","[118 246 251 249 134  22  22  17  29  12  20  22   6  42   6  33  21  21
  20  20  19  19  18  18  16  17  18  19  19  20  19  19  17  21  25  24
  21  20  23  26  29 140 252 243 255 255 241 253 252 252 252 252 252 252
 252 252 252 255 254 248 247 250 254 205]","[116 245 251 251 149  20  21  15  10  17  21  20   8  18  11  19  19  19
  19  19  18  18  18  18  16  17  18  18  19  18  18  18  15  18  22  23
  22  22  23  26  33 117 244 254 254 252 251 251 252 252 252 252 252 252
 252 252 250 250 252 243 254 249 245 185]","[112 248 248 252 151  18  19  16  16  23  11  19  25  17  25   8  18  18
  18  18  18  18  18  18  16  16  17  18  18  17  17  16  15  17  20  22
  22  23  25  27  29 139 254 254 243 253 254 249 252 252 252 252 252 252
 252 252 247 250 253 250 254 248 243 198]","[110 251 244 251 146  18  19  19  26  22   5  21  16   5  14  19  17  17
  17  17  17  17  17  17  16  16  17  17  17  16  16  15  17  19  20  21
  22  23  25  27  56 198 254 254 244 254 253 252 252 252 252 252 252 252
 252 252 255 255 231 171 116  63  75  71]","[109 250 241 252 141  19  19  22   8  20  11  18   7  26  16  15  17  17
  17  17  17  17  17  17  15  16  16  17  17  16  15  15  20  20  21  21
  21  23  24  26 101 248 254 246 254 254 237 254 252 252 252 252 252 252
 252 252 232 166  83  33  37  27  46  36]","[116 249 248 252 149  20  21   9  18  18  17  16  15  13  13  12  14  16
  18  18  16  15  15  16  12  15  17  17  16  14  14  15  17  21  18  17
  21  18  21  36 171 251 249 244 247 255 246 253 253 246 255 254 246 253
 252 205  97  32  32  51  19  17  42  29]","[102 245 253 254 140  13  21  22  17  17  16  15  14  13  12  11  14  16
  18  17  16  15  15  16  12  14  17  17  16  14  14  14  18  17  15  20
  23  16  29  62 219 255 254 254 255 254 248 254 246 254 245 231 253 253
 173  86  45  31  26  24  23  35  39  26]","[126 247 251 237 122   7  12  16  16  16  15  14  13  11  10  10  14  16
  17  17  16  15  15  16  12  14  17  17  15  14  14  14  19  14  13  21
  21  10  30  76 250 254 246 254 253 251 249 254 254 254 253 254 250 165
  59  14  17  35  22  12  31  32  20  30]","[ 84 168 155 149  74   8  17  17  15  15  14  13  11  10   9   9  13  15
  17  17  15  14  15  16  11  14  16  17  15  14  13  14  17  16  14  17
  15   6  21  57 212 226 213 231 221 226 231 235 244 222 249 254 169  64
  30  35  26  28  19  23  32  13  18  64]","[ 45  97  83  85  41  13  21  19  15  14  13  12  11  10   9   9  13  15
  17  16  15  14  14  15  11  13  16  16  15  13  13  13  11  19  16  11
  14  12  14  26  96 134 136 147 133 146 152 146 149 147 151 112  42  18
  26  17  31  14  19  31  19  18  60 110]","[ 59  99  98  92  38  15  14  14  15  15  14  13  11  10   9   9  12  14
  16  16  14  13  14  15  11  13  15  16  14  13  12  13   8  19  16  10
  18  21  14  12  64 129 139 141 127 139 138 131 135 147  95  30  22  31
  24  24  26  17  28  24  12  55 113 122]","[ 49  86 101  92  34  18  14  20  16  15  14  13  12  11  10   9  12  14
  16  16  14  13  14  14  10  13  15  16  14  12  12  13  12  16  12  12
  21  19  13  17  55 134 144 145 138 145 138 142 139 110  50  19  26  15
   3  22  21  27  30  18  35 107 144 114]","[ 57  86 101  90  32  21  14  20  16  16  15  14  12  11  10  10  12  14
  16  16  14  13  13  14  10  13  15  15  14  12  12  13  20  14   8  13
  20  10   8  24  43 125 132 138 141 143 135 151 121  47  13  22  19  21
  27  17  14  26  20  18  71 147 158 116]","[ 52  97  91  93  40   9  17  18  14  14  13  12  12  11  10  10  10  12
  14  15  15  14  12  10  11  12  12  12  11  11  13  15  14  14  14  14
  14  14  14  14  32 101 147 140 135 151 148 123  47  21  14  18  15  23
  29  15  21  26   9  43 116 156 154 127]","[ 52  97  91  93  40  10  17  17  14  14  13  12  12  11  10  10  11  12
  14  16  16  14  12  11  11  12  13  12  11  11  13  15  16  15  14  13
  13  13  14  14  21  88 144 155 151 144 109  65  22  12  20  33  26  15
  16  20  29  11  25  96 144 155 152 120]","[ 52  98  92  94  41  10  16  17  14  14  13  12  12  11  10  10  12  13
  15  17  17  15  13  12  12  13  14  13  12  12  14  16  18  16  14  12
  11  12  14  15   6  42  73  81  82  74  42   7  15  20  19  19  21  17
  16  26  15  12  66 145 159 157 160 120]","[ 52  98  93  95  42  10  16  16  14  14  13  12  12  11  10  10  12  13
  15  17  17  15  13  12  12  13  14  13  12  12  14  16  19  17  14  11
  10  12  14  15  21  21  17  12  16  23  20  11  17  31  18   3  19  29
  19  16  22  73 131 162 154 160 168 124]","[ 53  99  94  96  43  11  16  15  14  14  13  12  12  11  10  10  11  13
  15  16  16  15  13  11  12  13  13  13  12  12  14  16  19  16  13  11
  10  12  14  16  23  19  13  12  14  19  22  24  11  24  20  19  30  24
  14  23  88 155 174 160 157 165 161 125]","[ 53  99  95  97  44  11  16  15  14  14  13  12  12  11  10  10  10  12
  14  15  15  14  12  10  10  12  12  12  10  11  13  15  16  15  13  12
  12  13  15  17   9  12  16  19  18  15  14  15  17  13  18  29  23   8
  33  85 149 181 164 152 167 168 154 130]","[ 53 100  95  98  44  11  15  14  14  14  13  12  12  11  10  10   9  11
  13  14  14  13  11   9   9  10  11  10   9  10  12  14  13  13  13  13
  13  15  16  17  16  18  19  18  17  16  18  19  23  14  17  19   8  26
  91 151 163 165 151 157 165 167 162 131]","[ 53 100  96  98  45  11  15  14  14  14  13  12  12  11  10  10   8  10
  12  13  13  12  10   8   8  10  10  10   8   9  11  13  11  11  12  13
  15  16  17  17  17  18  17  14  14  17  19  19  11  18  25  13  12  71
 144 170 159 157 166 173 154 163 173 124]","[ 50 103  96  97  67   8  12  16  14  14  14  13  13  12  12  12  10  10
  10  10  10  10  10  10  11  11  11  12  12  12  13  13  14  14  14  15
  15  16  16  16  16  16  16  15  13  13  16  19  13  16  22  17  38 115
 158 129 133 136 130 135 132 130 131 103]","[ 56 103  97 100  73  14  15  20  14  14  14  13  13  12  12  12  11  11
  11  11  11  11  11  11  12  12  12  12  13  13  14  14  14  14  14  15
  15  16  16  16  14  15  17  18  18  17  15  15  13  25  11  20  81 122
 124 128 126 129 123 129 126 125 127  99]","[ 59  97  93  99  77  20  14  20  14  14  14  13  13  12  12  12  12  12
  12  12  12  12  12  12  13  13  13  14  14  14  15  15  14  14  14  15
  15  16  16  16  19  18  17  17  17  15  12  10  17  17  14  53 117 129
 114 124 121 124 119 125 123 122 124  97]","[ 56  86  84  92  77  26  10  15  14  14  14  13  13  12  12  12  14  14
  14  14  14  14  14  14  14  14  14  15  15  16  16  16  14  14  14  15
  15  16  16  16  21  19  16  15  17  19  18  17  15   3  39  99 118 124
 129 116 120 124 118 125 124 124 126  99]","[ 52  77  79  84  77  37  11  10  14  14  14  13  13  12  12  12  15  15
  15  15  15  15  15  15  14  14  15  15  16  16  16  16  14  14  14  15
  15  16  16  16  15  15  16  17  19  20  19  18  10  21  75 118 113 114
 125 118 121 125 120 126 125 125 128 101]","[ 51  75  80  79  81  55  20  10  14  14  14  13  13  12  12  12  15  15
  15  15  15  15  15  15  14  14  14  15  15  16  16  16  14  14  14  15
  15  16  16  16  14  16  18  17  13  10   8   7  31  84 110 116 126 117
 110 131 122 125 120 127 126 126 128 101]","[ 49  76  84  76  84  72  31  11  14  14  14  13  13  12  12  12  14  14
  14  14  14  14  14  14  13  14  14  14  15  15  15  15  14  14  14  15
  15  16  16  16  18  18  17  13  12  19  33  45  83 120 126 119 130 125
 116 130 124 128 122 129 127 127 129 102]","[ 48  77  86  74  85  81  37  11  14  14  14  13  13  12  12  12  14  14
  14  14  14  14  14  14  13  13  13  14  14  14  15  15  14  14  14  15
  15  16  16  16  17  16  12  12  22  51  91 120 126 113 123 127 114 125
 134 112 128 131 126 132 130 129 131 104]","[ 55  76  76  81  85  77  55  11  15  13  12  14  14  12  14  20  14  14
  14  14  14  14  14  14  13  13  13  14  15  15  15  16   5  16  14   9
  17  20  15  14   9  13  29  62 101 124 126 120 123 124 124 125 126 127
 127 127 129 131 125 132 132 133 134 105]","[ 48  74  76  79  84  81  62  17  13  10  10  13  13  11  13  18  13  13
  13  13  13  13  13  13  11  12  12  12  13  13  14  14  25  17  13  20
  20   6   5  20  37  70 109 128 125 118 121 129 130 130 130 131 132 133
 133 134 134 136 130 137 137 138 139 110]","[ 46  78  82  81  84  86  71  25  12  10  10  14  15  13  14  17  15  15
  15  15  15  15  15  15  12  12  12  12  13  13  13  13  12   9  10  13
   7   6  31  68  99 114 130 134 126 120 120 125 128 128 129 129 130 131
 132 132 131 133 127 134 134 135 136 107]","[ 46  82  85  80  81  85  74  31  14  11  11  15  17  15  15  17  17  17
  17  17  17  17  17  17  13  13  13  14  14  14  14  14  12  11  10  11
  25  65 104 121 143 131 120 120 129 137 136 131 135 135 136 136 137 138
 138 139 137 139 132 139 140 140 141 113]","[ 45  80  85  79  78  84  79  44  16  11   9  14  16  14  13  15  16  16
  16  16  16  16  16  16  13  13  12  12  12  12  12  12  20   6  12  39
  78 122 137 119 125 128 131 133 133 134 135 135 135 136 136 137 138 139
 139 139 136 138 132 139 139 140 141 112]","[ 49  81  85  84  84  88  92  69  18  11   7  10  13  12  11  12  13  13
  13  13  13  13  13  13  11  11  11  10  10  10   9   9   7   7  55 111
 127 130 134 127 127 133 139 140 136 134 136 139 141 141 142 142 143 144
 144 145 142 144 137 144 145 145 146 118]","[ 52  77  81  84  83  83  93  81  25  16   9  11  13  13  12  13  15  15
  15  15  15  15  15  15  13  13  13  12  12  11  11  11   8  30 100 151
 137 124 137 141 143 138 133 132 135 139 141 142 144 144 145 145 146 147
 148 148 145 147 141 148 148 149 150 121]","[ 47  67  69  74  71  67  79  74  32  22  14  14  16  16  16  17  18  18
  18  18  18  18  18  18  18  18  17  17  16  16  15  15  14  31  80 107
  97 108 119  98 103 108 112 111 108 108 112 117 112 113 113 114 115 116
 116 117 114 116 110 117 117 118 119  90]"
