"[38 72 51 67 61 65 81 83 84 84 83 83 83 84 85 85 83 82 81 79 77 76 74 74
 72 69 65 61 58 58 59 60 58 56 54 52 51 51 52 53 49 50 53 55 54 53 50 48
 52 52 52 51 49 46 42 40 47 39 44 50 48 52 56 51]","[ 79 132 120 131 118 117 127 125 136 138 142 149 156 163 169 172 175 174
 172 169 166 163 161 159 157 156 154 149 142 134 126 122 119 117 114 109
 104  99  95  93 103 100  95  91  88  87  87  88  89  89  89  88  88  88
  89  89  80  71  73  75  70  70  71  63]","[ 76 153 153 158 141 138 143 137 123 123 123 124 125 126 127 128 133 136
 140 146 152 158 162 165 163 165 169 171 172 171 170 168 157 155 152 147
 140 132 124 120 111 109 104 100  97  96  97  98  95  93  89  84  81  80
  80  80  89  81  82  83  77  78  76  65]","[ 93 185 189 190 178 180 182 174 171 168 164 158 152 147 143 141 131 131
 130 129 128 127 126 125 138 138 140 145 151 159 166 170 168 168 169 170
 169 168 167 166 155 154 150 143 134 124 115 110 107 105 102  99  97  96
  96  95  89  83  85  86  83  85  83  69]","[ 86 184 182 179 176 185 185 177 183 183 181 180 179 179 179 179 182 179
 174 168 161 154 149 146 134 131 127 123 121 121 122 123 136 137 140 143
 148 154 158 161 169 170 172 172 171 168 164 162 146 144 139 133 125 117
 110 106 106 100  99  97  91  91  85  66]","[ 93 192 184 178 182 190 187 184 181 181 180 180 181 181 182 183 177 177
 178 178 178 179 179 179 175 175 174 171 166 160 154 150 134 132 128 125
 123 123 124 124 126 127 129 133 140 148 155 159 170 170 170 168 164 159
 154 151 148 142 139 131 122 120 108  85]","[ 87 189 182 178 183 185 180 184 190 189 186 183 181 179 178 177 187 186
 186 185 184 184 183 183 176 178 180 182 182 180 177 175 181 179 174 168
 162 157 153 151 146 142 136 130 126 123 122 122 119 122 128 135 143 150
 155 158 166 162 162 158 154 157 147 122]","[ 86 191 190 190 194 191 185 194 185 185 185 185 186 187 188 188 181 181
 181 182 183 183 184 184 187 185 181 179 178 179 181 183 177 178 180 182
 182 181 180 178 174 174 173 169 164 157 151 147 144 140 135 129 124 121
 119 118 123 123 129 134 138 150 145 123]","[ 91 190 188 188 186 187 187 190 188 188 188 188 188 188 188 188 187 187
 187 187 187 187 187 187 187 186 186 184 183 182 181 181 182 182 181 181
 181 180 180 180 179 179 178 178 177 177 177 177 175 173 171 166 161 156
 152 149 139 135 129 131 123 125 125  85]","[ 91 190 188 188 186 187 187 190 188 188 188 188 188 188 188 188 187 187
 187 187 187 187 187 187 188 187 187 186 186 185 184 184 184 184 184 183
 183 183 182 182 180 180 180 179 179 178 178 178 178 178 177 176 174 172
 170 169 171 167 161 165 156 159 160 119]","[ 91 190 188 188 186 187 187 190 188 188 188 188 188 188 188 188 187 187
 187 187 187 187 187 187 188 188 188 188 188 188 188 188 187 187 186 186
 186 185 185 185 182 182 182 181 181 181 180 180 177 178 179 180 180 180
 179 179 184 181 176 180 173 176 177 137]","[ 91 190 188 188 186 187 187 190 188 188 188 188 188 188 188 188 187 187
 187 187 187 187 187 187 187 188 188 188 189 189 190 190 188 188 188 187
 187 187 186 186 184 184 184 184 183 183 182 182 180 180 180 180 180 179
 178 177 178 176 172 178 171 175 176 136]","[ 91 189 188 188 186 187 187 190 188 188 188 188 188 188 188 188 187 187
 187 187 187 187 187 187 186 186 187 187 188 189 189 190 188 188 188 187
 187 186 186 186 186 186 186 185 185 184 184 184 185 185 185 185 184 182
 181 180 182 180 177 183 177 180 182 141]","[ 91 189 188 188 186 187 187 190 188 188 188 188 188 188 188 188 187 187
 187 187 187 187 187 187 185 186 186 187 187 188 188 188 188 188 188 187
 187 186 186 186 187 187 186 186 186 185 185 185 184 184 185 185 185 184
 184 183 184 183 181 187 181 184 185 144]","[ 91 190 188 188 186 187 187 190 188 188 188 188 188 188 188 188 187 187
 187 187 187 187 187 187 187 187 187 187 187 187 188 188 189 189 189 188
 188 187 187 187 187 187 187 186 186 185 185 185 183 183 184 184 184 183
 182 182 183 182 180 186 180 183 183 142]","[ 91 190 188 188 186 187 187 190 188 188 188 188 188 188 188 188 187 187
 187 187 187 187 187 187 188 188 188 188 188 188 188 188 190 190 190 189
 189 188 188 188 187 187 187 186 186 185 185 185 189 189 188 188 186 184
 183 182 186 186 183 190 184 186 186 144]","[ 93 190 188 189 189 190 188 189 188 188 188 188 188 188 188 188 188 188
 188 188 188 188 188 188 190 184 188 184 176 191 202 187 185 185 186 185
 194 195 184 192 188 182 188 192 188 189 190 182 186 186 186 186 186 186
 186 186 186 188 185 189 183 189 189 146]","[ 93 190 188 189 189 190 188 189 188 188 188 188 188 188 188 188 189 189
 189 189 189 189 189 189 185 183 190 197 196 195 195 194 196 195 189 181
 185 186 183 194 193 187 187 184 177 184 194 192 187 187 187 187 187 187
 187 187 187 188 186 189 183 189 190 146]","[ 92 190 188 189 188 189 187 189 188 188 188 188 188 188 188 188 189 189
 189 189 189 189 189 189 192 190 186 190 181 138 111 124 180 189 186 185
 189 185 182 187 182 185 194 192 184 190 194 186 188 188 188 188 188 188
 188 188 187 189 186 189 183 189 190 146]","[ 92 190 187 188 188 189 187 189 188 188 188 188 188 188 188 188 190 190
 190 190 190 190 190 190 190 191 182 191 185 117  73 102 178 193 188 191
 197 191 191 188 181 184 192 193 187 192 193 179 189 189 189 189 189 189
 189 189 187 189 186 190 184 190 190 147]","[ 92 189 187 188 188 189 186 188 188 188 188 188 188 188 188 188 190 190
 190 190 190 190 190 190 190 194 184 196 195 120  70 106 177 194 179 181
 187 181 189 183 203 192 187 184 179 187 194 187 189 189 189 189 189 189
 189 189 188 189 187 190 184 190 191 147]","[ 91 189 187 187 187 188 186 188 188 188 188 188 188 188 188 188 189 189
 189 189 189 189 189 189 192 195 184 191 186 112  60  85 157 193 188 199
 202 189 199 188 206 192 194 200 195 191 192 189 189 189 189 189 189 189
 189 189 188 190 187 191 184 190 191 147]","[ 91 189 186 187 187 188 186 187 188 188 188 188 188 188 188 188 189 189
 189 189 189 189 189 189 183 190 185 192 187 128  80  89 151 201 202 211
 204 184 205 200 171 165 186 211 204 186 183 188 188 188 188 188 188 188
 188 188 188 190 187 191 185 191 191 148]","[ 91 188 186 187 187 188 186 187 188 188 188 188 188 188 188 188 188 188
 188 188 188 188 188 188 187 194 190 192 182 128  78  73 147 193 175 162
 138 122 166 179 138 133 158 189 181 163 174 195 188 188 188 188 188 188
 188 188 188 190 188 191 185 191 192 148]","[ 93 189 186 185 185 187 186 189 187 187 187 187 187 187 187 187 186 186
 186 187 187 188 188 188 188 186 198 184 193 129  73  75 123 191 167 130
 135 119 125 168 161 127 128 197 179 137 139 182 186 194 183 182 199 191
 183 205 216 202 183 197 192 191 198 141]","[ 91 188 184 184 184 186 185 188 187 187 187 187 187 187 187 187 185 185
 185 186 186 187 187 187 190 188 192 185 189 135  72  69 113 187 164 120
 124 116 115 135 131 110 130 187 164 127 121 169 182 187 198 196 181 183
 209 232 187 195 181 189 184 184 196 151]","[ 89 186 182 182 182 184 183 186 187 187 187 187 187 187 187 187 185 185
 185 185 186 186 186 186 191 189 185 190 188 151  77  64  80 175 174 121
 101  92  99 114 113  99 130 161 131 109  97 158 190 183 191 187 182 215
 230 194 123 171 180 192 191 186 189 148]","[ 89 186 182 182 182 184 183 186 186 186 186 186 186 186 186 186 186 186
 186 186 186 186 186 186 189 187 181 195 188 167  85  60  56 140 151 113
  90  79  88  95  95  80 106 112  87  91  84 159 187 188 182 172 197 239
 205 114 104 172 187 193 196 188 184 144]","[ 90 186 183 183 183 184 184 186 186 186 186 186 186 186 186 186 187 187
 187 186 186 186 186 186 187 185 182 194 185 173  94  57  55  88  86  85
  90  84  79  64  67  53  67  66  57  79  80 160 174 195 188 183 207 202
 140  80 142 197 193 185 185 185 187 149]","[ 89 186 182 182 182 184 183 186 185 185 185 185 185 185 185 185 186 186
 186 186 185 185 185 185 187 182 186 186 181 173 110  66  52  54  50  69
  77  69  68  52  59  52  52  58  59  76  78 149 183 187 183 200 208 149
  89  87 154 194 187 184 184 187 192 145]","[ 88 185 181 181 181 183 182 184 185 185 185 185 185 185 185 185 184 184
 184 183 183 182 182 182 185 178 190 177 182 179 140  97  62  56  55  70
  63  55  66  54  62  66  52  70  76  79  87 149 194 178 186 209 188 119
  79  89 153 180 182 192 187 190 195 138]","[ 86 183 179 179 179 181 180 183 185 185 185 185 185 185 185 185 182 182
 182 181 180 180 180 179 184 174 193 172 186 188 168 128  91  71  57  69
  67  68  74  45  52  64  44  73  84  83 102 164 182 178 210 218 157 100
  88  88 180 191 187 194 179 184 198 142]","[ 86 177 179 183 177 179 183 182 184 184 184 183 183 183 183 183 185 185
 184 184 183 183 182 182 179 176 179 184 181 170 164 164 125 115 105  94
  77  61  58  65  76  95 117 132 151 178 203 217 223 235 236 216 164  98
  91 142 190 188 185 192 187 190 189 146]","[ 85 174 175 179 174 177 182 182 181 181 181 181 181 181 182 182 179 179
 179 179 178 178 177 177 182 180 182 187 187 177 169 166 170 140 118 113
  98  78  86 113 179 191 200 201 200 204 208 209 194 179 170 163 129  91
 116 181 187 185 182 189 184 186 186 144]","[ 92 177 174 178 174 178 182 183 182 183 183 184 184 185 185 186 185 185
 184 184 184 183 183 183 179 175 176 182 184 176 165 158 173 151 136 137
 139 144 166 193 187 188 183 170 156 146 137 130 133 111 101  98  89 103
 156 205 182 181 179 185 180 183 183 143]","[ 69 149 141 146 142 144 148 150 150 151 151 152 153 154 155 155 155 155
 155 154 154 154 154 154 157 153 153 157 159 153 139 128 145 150 143 129
 132 152 162 158 127 120 109  97  89  85  81  79  83  82  81  68  72 125
 172 173 184 183 182 188 181 185 187 148]","[ 55 129 118 123 119 120 122 123 123 123 124 125 126 127 128 128 124 124
 124 124 124 124 124 124 132 130 128 130 131 126 113 100 123 132 128 113
 112 122 117 100  91  84  77  74  75  78  81  84  77  84  90  80  85 129
 152 129 137 138 136 142 135 139 143 105]","[ 67 137 123 129 127 126 126 127 124 125 125 126 126 127 128 128 125 126
 126 126 126 127 127 127 126 126 125 124 124 122 111 100 115 103  99 105
 108 102  98  99  75  71  70  74  77  77  78  81  89  86  94 104 113 126
 134 128 134 136 135 140 133 137 142 106]","[ 63 131 117 126 126 124 123 124 122 122 122 122 122 122 122 122 124 124
 124 125 125 126 126 126 126 129 129 127 126 127 121 113 110  90  78  84
  86  76  72  77  76  72  73  77  78  77  81  87 101 104 108 120 133 131
 130 140 130 132 131 137 129 133 139 104]","[ 60 127 114 125 127 125 124 125 125 125 125 125 125 124 124 124 123 123
 124 124 125 125 126 126 118 124 126 122 122 125 123 117  89  83  73  69
  75  83  82  75  79  73  70  73  76  80  91 105 115 136 135 127 137 136
 126 130 131 133 133 138 130 134 141 107]","[ 69 117 122 119 124 119 120 118 121 121 121 120 120 120 120 120 121 121
 122 122 123 123 123 123 121 121 122 122 122 123 123 123  87  70  63  73
  83  80  76  76  76  75  77  72  72  95 120 123 128 128 129 129 129 130
 130 130 129 132 126 132 131 130 132 105]","[ 66 114 118 115 121 116 117 115 118 118 118 118 117 117 117 117 120 120
 120 121 121 121 122 122 120 121 121 121 122 122 122 123  90  73  64  71
  79  77  74  74  73  72  74  72  75  99 123 125 126 126 127 127 127 128
 128 128 128 131 126 132 130 130 132 104]","[ 63 110 114 111 117 112 114 112 114 114 114 114 114 114 114 114 117 118
 118 118 119 119 119 120 119 119 120 120 121 121 121 121  98  80  68  70
  75  74  72  73  70  69  72  72  78 104 126 127 124 124 125 125 125 126
 126 126 127 130 125 131 129 128 130 103]","[ 60 108 111 107 113 109 111 110 111 111 111 111 112 112 112 112 115 115
 115 116 116 116 117 117 118 118 118 119 119 119 120 120 107  90  74  71
  73  73  72  73  69  68  71  73  79 105 126 125 123 123 124 124 124 125
 125 125 125 129 123 129 127 127 129 101]","[ 59 106 109 105 111 107 110 109 109 109 110 110 111 111 111 112 113 113
 113 114 114 114 115 115 116 116 117 117 117 118 118 118 114  98  81  73
  73  74  74  75  71  70  74  73  77 101 122 121 123 123 123 124 124 124
 125 125 124 127 121 127 126 125 127 100]","[ 59 105 108 103 109 105 109 108 107 108 108 109 110 110 111 111 112 112
 112 112 113 113 113 114 115 115 115 115 116 116 117 117 118 104  86  75
  73  76  77  77  73  73  76  73  73  95 117 119 122 122 122 123 123 123
 124 124 122 125 120 126 124 124 126  98]","[ 57 103 105 101 106 103 107 106 105 106 106 107 108 109 109 110 111 111
 111 112 112 113 113 113 113 114 114 114 115 115 115 116 117 105  88  76
  73  76  78  78  72  74  78  72  68  89 114 120 120 120 120 121 121 121
 122 122 121 124 119 125 123 123 125  97]","[ 55 102 104  99 104 101 105 105 103 104 104 105 106 107 108 108 111 111
 111 112 112 113 113 113 113 113 113 114 114 114 115 115 115 104  88  76
  73  76  79  78  70  74  79  71  65  85 113 121 118 118 118 119 119 119
 120 120 120 124 118 124 122 122 124  96]","[ 53 100 102  97 102  99 103 103 103 103 104 105 106 108 109 109 110 110
 110 110 110 110 110 110 111 111 111 112 112 113 113 113 116 108  93  77
  71  74  78  78  76  71  70  73  74  80  99 120 118 118 118 118 118 118
 118 118 119 123 118 123 119 118 121  96]","[ 52  98 100  95 101  97 102 101 100 101 102 103 104 105 106 107 111 111
 111 111 111 111 111 111 111 111 111 112 112 113 113 113 116 110  95  80
  73  75  77  77  75  72  72  74  74  78  97 119 118 118 118 118 118 118
 118 118 118 122 117 122 118 117 120  95]","[ 51  98 100  95 100  97 101 101 101 102 103 104 105 106 107 107 112 112
 112 112 112 112 112 112 112 112 112 112 113 113 113 113 116 112 100  85
  76  76  77  75  74  73  74  76  72  74  94 117 117 117 117 117 117 117
 117 117 116 120 115 120 116 115 119  93]","[ 54 100 102  97 103 100 104 103 106 106 107 108 110 111 112 112 114 114
 114 114 114 114 114 114 112 113 113 113 113 113 113 113 116 114 104  89
  80  78  77  75  74  73  76  77  71  72  90 112 116 116 116 116 116 116
 116 116 115 119 113 118 114 113 117  91]","[ 58 104 106 101 107 103 107 107 108 109 110 111 112 113 114 115 115 115
 115 115 115 115 115 115 114 113 113 113 113 113 113 113 115 114 106  92
  82  79  78  76  75  74  76  77  71  70  86 106 116 116 116 116 116 116
 116 116 113 117 112 117 113 112 115  90]","[ 59 105 107 102 108 104 108 108 107 108 109 110 111 112 113 113 115 115
 115 115 115 115 115 115 114 114 114 114 113 113 113 113 114 114 107  93
  82  79  79  78  78  74  74  76  72  70  83  99 115 115 115 115 115 115
 115 115 113 117 112 116 113 111 115  89]","[ 56 103 105 100 105 102 106 106 106 107 108 109 110 111 112 112 114 114
 114 114 114 114 114 114 115 115 115 114 114 113 113 113 112 113 107  93
  81  79  80  80  80  74  72  75  74  72  80  93 114 114 114 114 114 114
 114 114 113 117 112 116 113 112 115  89]","[ 53 100 102  97 102  99 103 103 107 107 108 109 111 112 113 113 114 114
 114 114 114 114 114 114 115 115 115 114 114 113 113 113 111 113 106  92
  81  78  80  82  82  74  70  74  74  73  79  89 114 114 114 114 114 114
 114 114 113 117 112 117 113 112 115  90]","[ 48  92  95  96 106 102 103 102 105 106 107 108 110 111 113 113 115 115
 115 114 114 113 113 113 113 113 113 113 113 113 113 113 109 111 105  92
  82  79  79  78  77  78  77  75  74  75  78  81 109 115 117 114 111 113
 114 112 112 116 110 114 111 111 115  90]","[ 64 106 103  94  99  97 104 105 108 108 109 111 113 114 115 116 118 118
 117 117 117 116 116 116 116 116 116 116 116 116 116 116 117 118 112  99
  87  83  82  81  78  78  77  75  74  74  77  80 108 115 119 117 116 117
 117 115 115 119 113 118 115 114 119  94]","[ 40  93 100  96 101  98 103 103 103 104 105 106 108 109 111 111 113 113
 113 112 112 112 111 111 112 112 112 112 112 112 112 112 111 112 107  94
  82  78  77  75  81  81  81  78  76  76  78  80  97 106 114 114 113 114
 113 111 112 116 110 114 111 111 115  90]","[ 70 119 120 107 101  90  94  97 108 108 109 111 113 114 115 116 118 118
 117 117 116 116 116 116 117 117 117 117 117 117 117 117 114 116 112 100
  89  86  84  83  80  80  80  78  75  74  75  77  95 107 118 120 119 119
 119 117 117 121 116 120 117 117 121  96]","[ 78 110  94  74  67  64  88 110 104 105 106 107 109 110 112 112 114 114
 114 113 113 112 112 112 113 113 113 113 113 113 113 113 116 118 113 101
  89  84  82  79  77  78  78  76  73  72  73  74  86 100 113 117 116 116
 115 114 114 118 112 117 114 113 118  93]","[ 32  56  43  37  40  38  70 105 105 106 107 108 110 112 113 113 115 115
 115 114 114 114 113 113 115 115 115 115 115 115 115 115 117 119 114 100
  87  81  77  73  79  80  81  80  77  76  77  78  84 100 114 118 116 116
 117 116 115 119 113 118 115 114 119  94]","[ 32  47  36  40  39  20  40  77 109 110 111 112 114 116 117 117 119 119
 119 118 118 118 117 117 119 119 119 119 119 119 119 119 117 120 116 104
  92  86  82  79  74  75  77  76  75  73  74  75  88 103 118 121 119 119
 120 121 119 122 117 121 118 118 122  97]","[29 34 16 24 26  6 32 78 82 82 83 85 87 88 89 90 92 92 91 91 90 90 90 90
 92 92 92 92 92 92 92 92 90 93 92 82 73 70 68 66 59 61 63 63 62 61 62 63
 60 76 90 93 90 90 93 94 90 94 89 93 90 90 94 69]"
