"[26 23 19 18 19 21 23 23 22 21 20 19 19 20 22 23 20 20 20 19 19 18 18 17
 19 19 19 19 19 19 20 20 20 19 19 18 18 17 17 16 20 21 21 22 22 23 23 24
 21 21 22 24 25 25 23 21 19 26 28 23 21 26 34 38]","[18 15 13 11 11 10 10  8  6  5  5  5  6  6  7  7  6  6  7  7  7  7  7  6
  6  6  6  7  7  7  7  6  7  7  6  6  6  6  6  6  7  8  8  9 10 10 11 11
 10 11 12 14 15 15 14 12 24 18 12 17 35 50 51 43]","[23 21 19 18 17 14 10  6 11 11 11 11 10  9  8  7  2  3  3  3  3  3  3  3
  2  2  2  2  2  3  3  2  3  3  3  3  4  3  3  3  4  5  5  6  7  8  8  9
 10 11 13 14 15 14 13 12 20 16 16 28 50 65 60 47]","[31 29 27 27 26 25 22 19 17 17 17 16 13 10  8  6  9  9  9  8  8  7  7  6
  6  5  5  5  4  4  4  4  5  5  5  6  6  6  7  7  8  9  9 10 11 12 13 13
 16 17 19 19 18 17 17 18 15 28 43 52 58 59 55 48]","[25 22 19 20 21 23 22 22 22 23 24 23 22 19 17 17 14 14 12 11 10  8  7  7
  7  7  6  6  5  5  4  4  3  5  4  6  5  6  6  7  7  7  8  9 10 11 12 13
 14 17 17 16 14 14 16 19 28 44 58 61 56 53 51 50]","[18 15 11 12 13 16 16 16 21 22 23 25 26 26 26 26 22 21 20 19 17 16 15 14
  9 10  9  8  7  7  7  6  5  5  5  5  5  6  6  6  5  6  7  8  9 10 12 12
 13 14 15 14 13 15 22 28 51 53 52 50 53 57 57 53]","[28 25 21 19 19 18 17 15 10 10 10 10 11 12 13 14 23 23 23 22 22 22 22 21
 16 16 15 14 13 13 12 12  9  9  9  8  8  8  8  8  7  7  9 10 12 13 15 15
 15 17 18 17 19 25 37 46 55 53 50 48 53 60 59 54]","[40 38 35 32 30 25 20 16 20 18 16 14 12 12 13 13 10 10 11 12 13 13 14 14
 19 19 18 17 16 16 15 14 11 11 10 10  9  9  8  8  7  8  9 10 12 14 15 16
 15 17 18 19 22 32 48 59 44 52 59 58 56 56 55 53]","[52 83 80 74 70 59 57 46 33 31 27 24 20 18 16 16 13 13 13 13 12 11 10  9
 13 12 11 11 11 13 15 16 15 15 14 14 13 13 13 12 15 11  8  9 13 17 17 16
 19 14 13 24 42 55 56 52 51 54 54 54 56 60 58 53]","[49 81 82 82 85 81 85 77 84 81 75 67 57 48 40 35 25 25 24 22 20 18 15 15
 12 12 12 13 15 15 16 17 15 15 14 13 13 12 11 11  9  9  9  9 13 15 17 17
 16 20 29 41 50 53 50 46 53 56 56 56 58 61 60 54]","[39 70 70 70 73 71 77 70 72 74 77 80 80 79 76 75 74 70 64 56 46 37 29 25
 22 21 18 14 11  7  4  3  6  7  8  9 10 11 12 12 13 14 14 14 13 12 14 15
 23 33 45 52 52 49 47 47 55 58 58 58 60 64 62 57]","[46 76 73 70 71 67 73 67 65 66 68 69 70 69 67 66 73 73 73 73 72 70 69 68
 59 57 53 47 40 33 26 22 13 12 12 11 10  9  8  8 11 12 13 12 10 12 17 23
 39 44 49 49 46 46 51 56 56 59 59 59 61 65 63 58]","[44 74 72 69 72 70 77 72 73 72 69 66 64 61 60 59 58 60 62 65 67 69 70 70
 66 66 67 67 65 63 61 59 44 41 37 31 24 19 14 12  6  7  7  7  9 16 28 36
 48 48 46 45 45 49 55 59 56 59 60 59 61 65 63 58]","[41 71 69 66 68 65 71 66 68 67 67 66 67 68 70 72 67 66 65 62 59 55 53 51
 52 53 55 56 57 58 59 59 60 58 55 51 47 43 40 39 29 26 22 19 20 25 34 40
 46 46 46 48 52 55 55 55 57 60 61 60 62 66 64 59]","[54 84 81 77 78 73 78 71 75 75 73 71 68 65 63 62 62 63 64 65 66 66 66 66
 61 60 58 57 55 55 54 54 55 55 55 55 55 55 55 55 51 46 40 36 35 37 38 38
 45 47 49 52 54 55 56 57 59 62 63 62 65 68 66 61]","[46 77 77 76 79 76 82 76 69 71 74 76 77 76 74 72 71 71 69 67 65 61 59 57
 61 59 57 54 52 52 52 52 52 51 50 48 46 44 43 43 44 41 38 39 43 45 44 42
 49 51 52 50 49 52 58 64 61 64 65 64 67 70 68 63]","[45 77 77 76 78 76 83 79 83 81 80 79 79 79 77 75 75 75 75 74 72 69 66 63
 65 62 57 55 55 56 56 56 51 51 51 50 48 46 44 43 41 39 37 39 43 45 45 43
 46 48 50 53 56 58 59 60 62 64 65 65 70 74 71 64]","[45 78 78 76 78 76 84 80 55 60 68 77 83 85 83 81 81 81 80 78 74 71 70 69
 70 67 64 63 63 63 62 61 63 60 55 50 48 47 48 49 44 41 38 39 42 45 45 44
 49 50 53 55 58 60 61 62 63 65 65 66 71 75 71 65]","[46 79 79 77 79 77 85 80 61 57 52 49 50 55 61 65 66 69 70 70 69 70 74 78
 70 69 67 67 67 67 64 62 58 56 55 53 52 52 53 53 49 45 42 41 42 45 46 47
 52 53 56 58 61 62 63 64 65 67 67 68 72 76 73 66]","[47 80 80 78 80 78 86 82 83 73 58 43 33 32 37 41 32 35 37 35 34 37 43 49
 54 53 53 54 55 54 50 47 34 38 46 53 57 58 56 54 55 52 47 45 45 47 50 51
 54 55 58 60 62 64 65 65 67 69 69 70 74 78 74 67]","[48 81 81 80 81 79 87 83 83 83 79 72 61 51 45 43 41 40 37 31 25 23 26 29
 35 35 36 38 38 37 33 29 23 28 36 45 52 56 58 58 59 57 53 50 49 50 54 56
 56 57 59 61 63 65 65 66 70 71 72 72 76 79 76 69]","[50 82 82 81 83 80 88 84 82 83 83 78 70 65 63 64 64 61 55 50 46 45 44 45
 38 38 38 40 41 40 36 33 35 34 34 36 41 49 56 61 60 59 57 54 52 53 56 59
 58 59 61 63 65 66 67 67 72 74 74 74 78 81 77 70]","[50 83 83 82 84 81 89 85 86 85 81 74 67 67 73 79 66 61 55 54 55 56 55 52
 53 52 52 53 54 54 51 49 47 42 36 33 35 42 50 56 57 58 58 56 54 54 57 60
 61 62 64 66 68 69 69 69 74 76 76 76 79 82 78 71]","[51 83 84 82 84 82 90 85 82 87 92 92 87 82 82 84 84 76 68 67 69 69 63 57
 59 57 57 57 59 59 57 55 46 43 39 36 37 40 44 47 55 57 58 57 54 54 56 59
 64 65 66 68 70 71 71 71 75 77 77 76 80 83 79 72]","[50 89 87 84 91 86 88 88 88 89 91 91 91 91 89 88 88 83 83 88 86 75 65 62
 54 61 66 67 69 71 64 53 52 56 38 46 42 27 41 37 47 50 54 57 57 58 59 61
 60 65 71 73 72 72 74 76 67 78 78 82 78 82 91 69]","[50 89 86 83 91 85 88 88 90 91 92 93 93 92 91 90 95 92 92 95 91 79 69 65
 55 54 61 73 76 70 67 68 59 67 52 52 44 31 43 37 42 44 47 49 53 59 65 70
 67 68 68 70 72 74 76 78 88 77 70 90 91 80 82 67]","[ 50  89  87  84  92  86  89  89  92  93  93  94  94  93  93  92  94  92
  93  94  87  74  63  58  59  50  55  70  69  56  54  65  56  73  69  62
  49  39  45  37  39  39  40  42  47  56  66  73  75  72  69  69  72  76
  79  80  82  81  79  90  84  81 106 109]","[ 52  90  88  86  94  88  91  91  93  93  93  94  94  93  93  93  91  91
  92  90  82  69  55  48  41  34  34  39  36  27  28  39  36  63  76  70
  58  52  47  35  39  39  39  39  42  49  58  65  77  77  77  76  75  76
  79  82  75  91  86  79  82 114 153 146]","[ 53  92  90  88  96  91  94  94  93  93  93  92  92  93  93  93  95  95
  95  92  86  74  58  45  32  32  29  23  21  24  28  29  13  42  71  73
  69  65  48  33  37  38  39  40  41  45  50  55  72  78  83  83  79  77
  80  83  85  91  82  93 124 165 178 137]","[ 53  92  90  88  97  92  95  95  94  93  93  92  92  93  93  94  98  97
  95  93  91  81  61  43  31  33  27  17  16  22  21  14  10  27  62  71
  75  74  48  35  33  35  38  40  41  43  47  50  63  71  80  84  84  82
  82  84  79  89 104 143 173 184 178 138]","[ 51  91  89  87  95  91  94  94  96  95  94  93  93  94  95  96  99  97
  93  92  94  88  65  41  23  18  16  20  25  24  17  12  26  27  55  66
  76  78  48  40  35  36  38  38  38  40  44  47  55  59  66  76  86  90
  88  85  90 122 151 179 183 181 179 148]","[ 50  89  87  85  94  89  92  93  98  97  95  95  95  95  97  98 103  99
  94  95 100  95  70  43  34  25  32  57  72  67  61  63  47  33  53  61
  74  78  48  45  40  40  39  37  35  37  40  44  51  49  53  68  86  96
  93  85 136 171 180 174 172 187 185 135]","[ 51  89  87  87  95  89  92  94  94  95  95  95  95  94  93  93  89  96
 100 101 105  99  71  41  22  53  84  96 101 106 107 101  98  87  77  75
  75  68  51  36  35  36  36  36  37  37  37  37  45  37  53  55  66 100
 125 147 175 177 181 183 171 183 192 143]","[ 55  94  92  90  97  90  93  95  96  96  97  97  97  97  96  96  93  96
  97  99 105 100  73  43  24  60  96 109 109 111 111 108 121 108  89  72
  59  49  39  33  35  36  36  37  38  38  38  38  44  38  46  42  53  87
 124 169 174 175 177 184 176 187 192 145]","[ 51  93  92  88  94  87  90  91  91  92  93  95  95  96  95  95  98  98
  96  98 103  99  74  46  27  63  99 110 105 102 102 101 105  98  84  66
  50  40  37  38  33  33  34  35  36  35  35  35  35  36  38  28  38  60
  97 164 177 176 175 184 183 190 191 147]","[ 50  94  95  91  96  92  95  95  95  96  97  99 100 101 101 102 105 106
 105 104 103  95  74  53  29  56  81  86  78  73  72  72  62  64  65  61
  53  44  38  36  34  35  35  36  35  34  33  32  27  35  37  28  37  39
  58 128 182 182 176 184 186 191 189 148]","[ 58 106 109 104 110 108 113 112 111 113 114 116 118 119 119 119 117 120
 122 119 111  98  79  65  47  58  67  65  56  50  48  47  45  49  55  60
  59  50  37  26  35  35  36  36  35  33  30  28  28  35  37  32  42  36
  40  97 177 189 183 184 187 191 187 149]","[ 64 115 120 114 120 119 125 123 124 125 127 128 130 131 131 131 129 133
 136 135 125 108  89  75  76  79  79  73  62  54  49  48  49  48  50  56
  60  55  43  32  27  28  30  31  30  28  26  24  31  30  33  29  37  38
  39  78 155 188 189 184 187 193 187 150]","[ 65 118 123 116 120 120 125 123 126 127 128 130 131 131 131 131 135 135
 138 142 138 121  96  78  84  90  93  88  73  59  52  52  48  46  46  50
  55  54  47  39  25  27  31  34  35  34  33  32  40  34  41  33  31  37
  38  58 120 178 193 184 188 197 189 151]","[ 67 121 126 117 121 120 125 122 127 128 129 130 131 131 131 131 135 131
 132 141 144 128  98  74  69  80  91  88  70  50  43  44  46  45  46  48
  49  45  38  31  34  37  42  47  50  51  50  49  55  47  59  48  34  39
  38  43  93 168 193 185 189 200 191 151]","[ 62 120 120 124 117 126 124 126 128 129 130 131 133 134 136 136 133 133
 133 137 142 133 102  70  61  64  76  85  71  45  38  48  54  68  85  93
  92  90  92  96 122 133 140 156 119  66  67  63  58  58  56  50  42  37
  36  37  67 133 195 189 180 204 191 152]","[ 62 121 120 124 118 126 124 127 128 128 129 131 133 134 135 136 137 139
 140 141 145 143 128 111  81  76  82  95  96  88  92 105 127 137 147 152
 151 150 153 157 156 162 164 174 138  84  76  69  63  61  56  50  43  39
  37  38  57 114 183 193 182 201 194 151]","[ 63 121 121 125 118 127 124 127 127 128 129 131 132 134 135 136 136 140
 141 139 139 143 144 143 136 125 123 136 145 145 148 157 152 155 158 159
 160 161 163 166 165 168 169 179 153 106  90  82  70  64  56  48  43  40
  38  37  46  87 162 197 185 197 197 150]","[ 64 122 122 126 119 127 125 128 127 128 129 131 132 134 135 136 138 140
 140 137 136 139 144 149 154 144 143 154 160 154 150 151 152 151 151 152
 154 155 156 156 158 160 161 170 159 121  95  90  77  68  56  47  43  41
  38  35  39  64 139 198 189 194 200 148]","[ 64 123 123 126 120 128 126 129 128 129 130 131 133 135 136 136 142 141
 141 143 143 142 143 145 144 140 143 152 154 148 145 147 155 154 154 157
 160 162 161 159 164 164 164 166 163 130  92  89  81  71  58  48  42  39
  36  34  38  52 115 189 192 193 202 148]","[ 65 124 123 127 121 129 127 130 130 130 131 133 135 136 137 138 140 138
 140 145 147 145 142 142 151 148 149 152 152 151 154 160 149 150 152 155
 158 159 158 157 165 165 166 163 168 140  93  94  84  76  63  52  43  39
  36  34  38  47  92 172 193 195 203 150]","[ 66 124 124 128 121 130 127 130 131 132 133 134 136 138 139 139 140 138
 140 145 145 141 142 146 151 147 145 146 147 147 149 153 154 155 157 159
 160 161 162 164 160 163 166 160 171 148  96 102  86  81  70  58  46  39
  36  36  38  47  70 151 192 197 205 153]","[ 66 124 124 128 122 130 128 131 132 133 134 135 137 139 140 140 147 145
 146 148 144 139 144 154 148 146 146 151 157 158 156 155 159 160 161 160
 159 161 165 168 168 171 174 164 174 151  95 103  88  84  76  62  49  40
  38  39  36  47  57 136 191 199 205 156]","[ 62 128 126 128 126 132 126 135 136 137 138 139 140 141 142 143 146 146
 147 148 149 150 151 152 155 155 156 158 160 161 162 163 165 165 165 166
 166 166 166 166 167 171 173 176 166 167 105  95  93  85  72  60  51  45
  42  39  39  48  52  99 166 209 203 155]","[ 68 134 131 133 132 137 131 141 141 142 142 144 145 146 147 147 148 149
 149 151 152 153 154 154 157 157 158 160 162 163 164 165 167 167 167 168
 168 168 169 169 171 172 174 177 170 171 113  96  96  87  74  61  53  47
  44  42  34  44  49  81 135 192 205 155]","[ 72 138 135 137 136 141 135 145 144 144 145 146 148 149 150 150 151 152
 153 154 155 156 157 157 159 159 160 162 164 165 166 167 169 169 170 170
 171 171 171 172 175 175 176 178 175 177 126  96  99  90  76  64  55  49
  46  44  34  41  46  63  97 166 205 159]","[ 72 138 136 137 136 141 135 145 143 143 144 145 147 148 149 149 153 153
 154 155 157 158 159 159 160 160 162 163 165 166 167 168 170 170 171 171
 172 173 173 173 178 176 177 179 180 181 140  96 100  91  78  66  57  51
  46  44  40  37  44  58  72 136 193 164]","[ 72 138 136 138 136 141 136 145 143 143 144 145 147 148 149 149 153 154
 155 156 157 158 159 159 160 161 162 163 165 166 168 168 170 170 171 172
 173 174 174 175 179 177 179 179 183 182 155  97  99  92  80  69  59  52
  46  42  46  33  41  60  61 105 165 155]","[ 74 140 138 140 138 143 138 147 145 146 146 148 149 150 151 151 154 154
 155 156 157 158 159 160 161 162 163 164 166 168 169 169 171 171 172 173
 174 175 176 177 180 179 184 181 186 183 169 100  98  92  83  73  64  54
  46  40  45  33  38  57  55  78 129 131]","[ 75 140 138 140 138 144 138 147 146 146 147 148 150 151 152 152 155 155
 156 157 158 160 160 161 163 164 165 166 168 170 171 171 173 173 174 176
 177 178 179 179 180 182 189 185 189 184 181 105  98  94  87  78  69  57
  47  39  39  42  39  47  48  64 100 101]","[ 73 139 136 138 136 142 136 146 145 145 146 147 148 150 151 151 156 156
 157 158 160 161 162 162 165 166 167 168 170 172 173 173 175 175 176 178
 179 180 181 182 181 185 194 187 191 185 188 108  99  95  90  82  72  60
  48  40  35  51  43  39  43  60  86  81]","[ 71 140 138 137 136 145 140 147 144 145 147 149 151 152 153 153 153 155
 158 160 163 164 164 164 165 166 168 170 172 174 175 176 175 176 177 179
 180 182 183 184 191 180 188 189 183 199 187 132  96 101  90  78  74  63
  46  41  45  40  35  35  40  49  57  61]","[ 76 146 144 143 142 149 143 149 149 150 152 154 156 157 157 158 154 155
 158 161 163 164 164 164 169 169 171 173 175 177 178 179 178 179 180 181
 183 184 186 186 194 185 193 194 187 203 194 147  92  95  88  79  76  65
  52  46  40  38  35  36  41  47  51  53]","[ 71 141 141 141 139 146 138 143 145 147 148 150 152 153 153 153 152 153
 155 158 160 161 162 162 167 168 169 171 173 175 176 177 176 176 177 179
 181 182 183 184 189 184 192 191 185 199 195 160 102  98  93  87  79  66
  53  46  36  35  35  37  41  43  44  43]","[ 72 143 144 146 144 151 143 148 151 152 154 156 157 158 158 158 158 159
 161 163 165 167 168 168 171 172 173 175 177 178 179 180 180 181 182 184
 185 187 188 189 188 188 195 194 189 199 200 180 110  96  90  89  78  65
  54  46  36  35  35  36  39  40  39  37]","[ 69 140 141 144 143 151 144 149 151 152 153 155 156 157 157 157 154 154
 156 157 159 161 163 164 167 167 168 170 171 173 174 174 176 177 178 179
 181 182 184 184 183 185 190 189 187 193 196 188 119  91  83  87  78  67
  61  50  40  38  35  34  35  37  37  37]","[ 74 144 145 147 146 155 149 154 154 155 156 158 159 159 159 159 158 159
 159 161 163 165 168 169 172 173 174 175 176 178 179 179 181 181 183 184
 186 187 188 189 191 194 196 195 197 199 200 202 149 104  88  92  79  69
  63  48  42  38  34  32  33  35  36  36]","[ 81 150 149 149 147 155 149 155 154 155 156 157 158 158 158 158 161 161
 162 163 165 168 170 172 174 174 175 176 177 179 179 180 180 180 181 183
 185 186 187 188 192 195 193 194 199 197 196 203 168 108  83  88  75  66
  61  43  40  37  33  32  32  34  34  33]","[ 54 122 119 117 114 122 115 122 120 120 121 123 123 123 123 123 124 124
 124 125 127 130 133 135 134 134 135 136 137 138 139 139 137 138 139 141
 142 144 145 146 148 151 148 149 156 152 149 159 153  86  61  71  64  62
  62  43  37  35  33  32  33  33  32  30]"
