"[ 41  53  50  57  59  56  64  54  57  57  58  61  67  71  73  74  68  78
  94 106 113 116 118 119 115 121 121 110  99  91  82  73  59  58  60  66
  71  68  57  47  33  27  24  28  32  30  22  15  51  54  52  47  45  47
  44  37  51  48  42  52  45  43  65  65]","[ 56  82  88  99 103 100 110 104 107 106 107 110 114 118 120 120 124 134
 151 169 188 206 221 230 238 244 250 249 249 247 226 206 206 183 149 122
 110 110 115 120 100  85  67  47  21  10  31  63  85  84  77  69  68  72
  72  68  68  85  83  77  76  99 132 123]","[ 40  71  71  69  68  66  79  81  79  80  82  87  94 100 103 104 100 103
 106 109 113 118 125 129 158 168 184 205 229 247 252 249 247 246 240 227
 202 170 140 121 103  93  96 109 103  82  79  92  90  85  77  70  71  77
  80  78  76  81  73  83 107 141 159 128]","[ 57  93  88  77  74  68  74  74  73  72  73  76  81  86  88  88  93  95
  97  99  99  98  97  97  92 103 114 122 131 149 174 193 213 227 246 255
 255 251 243 237 202 169 134 112  98  89  90  98  75  71  66  65  69  74
  76  75  87  82  84 119 146 154 153 122]","[ 43  92  92  84  91  83  77  70  76  73  70  68  68  67  65  63  68  71
  76  82  89  95  98 100  86  94 102 101  94  92  99 109 123 128 136 147
 163 187 213 230 231 247 242 199 141  99  77  68  74  75  77  80  83  84
  84  85  88 110 132 157 155 145 147 128]","[ 50 102  94  79  91  90  88  86  89  86  84  82  82  82  80  78  76  71
  65  61  61  64  67  68  75  72  74  85  95  98  98  97  94  97 100 101
 101 104 110 115 134 169 179 142  96  77  75  73  75  77  83  88  88  86
  90  96 102 136 150 150 144 152 154 115]","[ 63 124 115  91 100  97  95  98  88  86  84  83  85  85  84  83  90  84
  77  73  73  75  76  76  71  60  53  60  70  74  75  77  89  88  86  84
  82  83  86  88  78  91  94  81  74  78  77  69  72  75  81  85  84  86
 100 116 139 154 149 146 153 169 165 115]","[ 82 164 175 160 165 148 129 125 109 106 100  96  93  89  86  83  80  79
  79  81  84  84  81  78  83  79  78  77  70  60  59  64  57  58  60  64
  69  75  79  82  80  75  69  66  68  69  65  59  79  81  87  91  92  99
 123 147 147 151 146 155 153 151 152 125]","[ 67 159 150 149 153 159 160 163 171 167 161 153 143 134 126 122  99  95
  91  87  84  82  78  76  83  81  79  79  79  79  77  75  74  69  63  59
  56  54  51  49  47  46  50  58  64  67  73  80  87  84  82  88 109 134
 150 153 151 156 150 154 153 156 156 123]","[ 79 170 160 155 152 152 149 149 144 147 152 158 164 170 174 176 175 168
 157 145 133 122 113 107  94  88  81  76  75  76  77  77  72  70  67  65
  63  61  57  54  48  42  41  49  60  69  77  83  81  87  97 111 131 149
 156 155 153 158 152 156 155 157 157 125]","[ 86 180 172 169 167 167 163 163 156 156 155 154 152 150 148 147 146 146
 149 155 163 171 175 176 160 151 136 119 105  92  83  77  79  77  75  73
  70  66  60  55  49  40  37  46  60  71  78  83  88 104 125 142 156 163
 160 154 155 161 154 158 157 159 159 127]","[ 90 187 184 185 185 186 183 183 177 175 172 168 163 158 154 152 159 156
 152 149 148 146 143 141 166 163 159 153 144 132 120 112  97  93  88  83
  77  70  62  57  53  46  43  50  61  70  79  87 115 132 152 164 168 167
 160 152 157 162 156 159 158 160 160 127]","[ 96 193 192 192 189 187 183 184 185 185 185 185 185 184 183 182 169 166
 162 160 159 158 156 154 143 144 145 146 145 140 133 127 121 115 107  99
  92  85  79  75  66  59  54  53  58  71  92 110 146 158 169 171 169 166
 162 158 158 163 156 159 158 160 160 127]","[ 96 194 195 195 192 191 187 189 192 191 190 188 185 182 180 178 196 191
 186 181 177 173 169 165 171 166 159 153 148 143 139 136 144 138 130 123
 118 114 111 108  93  84  72  66  68  85 116 142 163 170 174 172 169 170
 169 167 159 164 157 161 159 161 160 127]","[ 93 194 195 197 196 196 196 199 191 192 193 194 195 195 195 195 185 183
 182 183 185 186 186 186 184 180 176 173 173 173 172 172 161 157 153 149
 146 143 139 136 127 117 105 100 102 115 138 158 166 172 177 176 176 176
 174 170 162 167 160 163 161 163 162 129]","[ 96 195 196 196 193 192 191 195 196 196 197 197 196 195 194 193 194 191
 188 186 186 185 184 182 180 179 180 181 181 178 174 170 171 169 167 165
 162 158 152 148 151 143 136 136 138 142 149 157 164 172 179 182 183 182
 175 167 164 169 162 165 163 164 164 131]","[ 94 196 197 196 195 199 198 198 198 197 196 195 195 195 196 196 193 193
 192 191 191 190 189 189 189 184 180 180 184 185 182 177 173 171 170 175
 170 141 127 139 148 143 140 133 141 149 147 165 167 173 177 180 183 184
 178 169 171 168 163 168 161 165 168 128]","[ 94 196 197 196 195 198 197 197 198 197 196 195 195 195 195 196 193 193
 192 191 190 190 189 189 187 183 183 187 188 184 183 186 181 178 172 173
 164 132 110 117 144 151 141 138 147 153 159 166 174 178 180 178 178 181
 181 178 174 171 166 171 164 167 169 129]","[ 94 196 197 195 194 198 197 197 197 196 195 195 194 194 195 195 193 192
 192 191 190 189 189 189 187 183 186 192 185 172 171 182 182 180 175 176
 170 140 116 116 138 163 144 144 153 153 168 156 159 170 179 179 178 180
 183 183 178 175 170 174 167 169 170 130]","[ 94 196 197 195 194 197 196 196 196 196 195 194 193 193 194 194 192 192
 191 191 190 189 188 188 189 183 187 191 175 150 146 160 180 181 179 180
 177 152 126 121 131 170 147 150 156 149 164 136 125 148 173 183 184 182
 181 180 181 178 173 177 169 170 170 129]","[ 94 196 197 195 193 196 195 195 195 195 194 193 193 193 193 193 192 192
 191 190 189 189 188 188 189 183 185 188 168 136 127 138 179 184 181 178
 174 151 122 112 124 169 152 157 162 151 159 123 107 136 168 184 185 182
 180 179 182 180 175 179 170 171 171 129]","[ 94 196 197 194 193 196 194 194 195 194 193 192 192 192 192 193 191 191
 191 190 189 188 188 187 186 182 184 185 169 142 128 130 169 181 181 177
 174 155 130 119 123 163 158 161 166 158 154 125 116 142 170 181 181 180
 182 184 183 181 177 181 173 173 173 131]","[ 95 196 197 194 192 195 194 193 194 193 193 192 191 191 192 192 191 191
 190 190 189 188 187 187 184 182 183 183 174 155 138 130 156 174 180 177
 177 166 147 138 131 157 163 160 165 161 145 129 127 150 173 182 181 181
 184 186 184 183 179 184 176 177 176 134]","[ 95 196 197 194 192 195 193 193 194 193 192 191 191 191 191 192 191 191
 190 189 189 188 187 187 183 183 183 182 177 164 144 128 151 173 180 176
 175 166 149 142 141 155 166 157 159 158 134 129 127 150 175 186 186 185
 184 184 185 184 181 186 179 180 179 137]","[ 94 195 195 192 191 194 193 193 192 192 193 193 192 191 189 187 187 187
 187 186 186 186 185 185 183 181 181 183 182 173 156 143 146 165 181 182
 174 164 152 141 140 158 162 158 160 153 138 130 125 153 178 184 181 184
 188 189 182 182 179 185 177 177 175 133]","[ 94 195 195 192 190 194 193 193 191 192 192 193 192 190 188 187 187 187
 186 186 185 185 185 185 182 180 180 183 184 177 164 152 151 163 176 179
 171 157 145 139 133 157 167 162 160 151 140 137 137 163 184 187 182 182
 184 183 189 184 178 183 178 182 182 140]","[ 93 195 194 191 190 193 192 192 191 192 192 191 191 189 188 187 186 186
 185 185 185 184 184 184 182 180 179 182 185 182 173 165 158 160 168 176
 168 150 139 139 126 156 170 164 157 148 140 142 148 170 188 188 182 182
 183 182 187 184 179 186 182 184 181 137]","[ 93 195 193 191 189 192 191 191 191 191 191 190 189 188 188 187 185 185
 184 184 183 183 183 183 182 180 179 181 184 183 178 173 165 157 162 174
 169 148 139 145 130 157 168 161 155 147 141 143 152 171 186 186 183 185
 187 185 179 182 185 193 182 177 169 123]","[ 92 194 193 190 188 192 190 191 191 190 190 189 188 187 187 187 183 183
 183 183 182 182 181 181 182 180 178 179 180 180 177 174 169 157 159 174
 172 153 145 153 143 162 166 158 157 153 145 144 156 172 183 182 181 186
 188 185 179 185 187 190 172 164 159 117]","[ 91 193 192 189 187 191 190 190 191 190 189 187 187 186 186 187 182 182
 182 181 181 181 180 180 181 179 177 177 177 177 175 173 169 157 158 172
 173 159 151 156 153 167 167 161 164 162 151 146 165 176 183 179 179 184
 185 181 187 186 179 174 156 154 158 122]","[ 90 192 191 189 187 190 189 189 191 190 188 186 185 186 186 187 181 181
 181 181 180 180 179 179 179 178 177 177 177 176 175 174 167 158 157 167
 170 161 153 153 149 166 169 165 169 166 153 147 171 180 183 178 178 184
 185 181 185 176 161 158 148 152 158 121]","[ 90 192 191 188 186 190 189 189 191 189 187 186 185 185 186 186 181 181
 180 180 180 179 179 179 178 177 177 177 177 177 176 175 165 158 157 164
 167 161 152 148 139 160 168 166 170 165 151 145 172 180 182 178 179 186
 188 183 175 162 147 150 148 155 156 113]","[ 91 191 190 190 187 187 186 190 187 188 188 188 186 182 179 177 180 180
 180 181 180 179 178 178 177 174 173 174 177 177 173 169 171 172 159 150
 157 156 145 141 148 155 163 163 158 154 153 154 183 179 176 178 182 182
 175 169 149 149 147 154 148 153 157 120]","[ 90 190 189 188 185 185 185 189 185 186 187 187 185 182 179 177 178 179
 179 179 179 178 177 176 174 175 175 175 174 174 175 176 168 166 149 139
 147 152 149 150 158 161 162 158 152 149 152 156 172 177 183 184 178 169
 159 153 149 149 147 153 147 152 157 119]","[ 90 189 187 186 184 184 183 187 184 184 185 185 185 183 181 179 177 177
 178 178 177 177 176 175 171 175 177 176 172 172 176 181 173 168 148 135
 144 152 154 159 163 163 158 151 144 146 154 163 169 178 185 181 167 153
 146 145 148 148 146 153 147 151 156 118]","[ 89 186 183 182 181 182 180 183 181 181 182 182 182 181 180 179 174 174
 175 175 174 174 173 172 169 171 174 174 172 171 171 173 168 166 149 138
 145 151 152 156 159 158 153 145 141 145 157 168 174 177 175 165 152 144
 145 150 148 147 145 152 145 150 154 116]","[ 84 180 175 174 173 175 173 175 173 174 174 174 174 174 173 173 167 167
 167 167 167 166 165 165 163 163 164 166 167 165 159 155 144 148 139 134
 143 149 147 150 153 153 150 143 139 143 153 162 168 165 159 150 144 143
 147 152 147 147 144 150 144 148 152 114]","[ 78 173 166 165 165 167 165 167 166 166 166 165 165 165 165 165 159 160
 160 160 160 159 158 157 157 155 154 156 159 157 149 143 131 136 129 124
 136 143 145 150 148 149 148 143 137 137 144 151 152 149 146 144 145 145
 146 145 146 146 144 149 143 147 151 113]","[ 78 172 164 163 164 166 164 165 165 165 164 163 162 162 162 162 158 158
 159 159 158 157 156 156 155 154 153 153 153 152 150 148 144 142 124 108
 114 124 132 142 141 144 144 140 135 134 139 145 143 143 143 143 144 145
 145 144 146 145 143 149 142 146 149 111]","[ 82 175 167 166 167 170 167 168 169 168 167 165 164 164 164 164 161 161
 162 162 161 160 160 159 157 158 158 154 151 151 156 161 163 152 120  91
  89  98 110 124 134 137 139 137 133 133 140 146 145 145 145 142 141 142
 147 151 146 145 143 148 141 145 149 111]","[ 83 168 165 168 162 164 166 165 166 166 165 165 164 163 162 162 160 162
 162 160 157 155 157 160 155 158 160 157 153 153 158 164 166 148 135 134
 126 110 104 109 118 125 132 136 136 137 141 145 145 144 144 144 143 143
 143 142 136 144 140 144 142 142 142 110]","[ 82 167 164 168 161 163 165 164 165 165 165 164 163 162 162 161 160 161
 161 159 156 155 157 159 156 157 157 155 153 153 158 162 158 150 147 150
 145 130 118 115 109 112 117 123 129 133 136 137 142 142 141 141 141 140
 140 140 136 143 138 142 140 141 141 110]","[ 81 166 163 166 160 161 164 163 164 164 163 163 162 161 160 160 159 159
 159 157 155 154 155 157 156 155 153 152 152 154 157 158 146 146 148 152
 152 147 137 129 119 115 111 112 120 129 137 140 140 140 139 139 139 138
 138 138 135 141 135 137 135 138 140 110]","[ 80 165 162 165 159 160 163 162 163 163 162 161 161 160 159 159 159 158
 157 156 155 154 155 155 156 153 150 150 152 154 155 156 143 144 142 141
 146 153 153 148 139 130 117 108 109 120 135 146 139 139 139 138 138 138
 137 137 133 138 131 132 131 134 138 109]","[ 80 165 162 165 159 160 162 161 163 162 162 161 160 159 159 159 159 158
 156 155 155 155 154 154 155 152 149 149 151 153 155 155 150 148 143 139
 144 153 157 154 141 137 127 114 106 111 127 141 137 136 136 136 135 135
 135 134 131 136 128 129 128 132 136 108]","[ 80 165 162 165 159 160 163 162 163 163 162 161 161 160 159 159 160 158
 155 155 155 156 155 154 154 153 151 150 150 152 154 156 153 148 143 142
 145 147 147 146 136 140 139 130 119 116 125 136 134 134 134 133 133 132
 132 132 131 136 128 130 129 133 137 109]","[ 80 166 162 166 160 161 163 162 164 163 163 162 161 160 160 160 161 158
 155 155 157 157 156 154 152 153 154 151 149 150 154 158 156 145 140 144
 146 143 144 149 145 147 147 140 130 126 131 137 136 136 136 135 135 134
 134 134 133 138 132 135 133 137 141 111]","[ 81 166 163 166 160 161 164 163 164 164 163 163 162 161 160 160 162 159
 156 155 157 158 156 154 151 154 156 153 148 149 154 160 164 147 139 145
 150 149 155 168 158 154 145 135 128 128 133 138 140 140 140 140 139 139
 138 138 135 141 135 138 137 140 143 114]","[ 73 168 162 161 162 163 160 160 163 163 162 162 161 160 160 160 160 160
 160 160 160 159 159 159 164 158 156 159 158 154 155 160 162 151 145 149
 156 161 164 168 167 149 146 136 112 116 137 140 138 138 138 137 137 136
 136 136 133 138 133 137 139 143 144 113]","[ 81 175 170 169 169 170 168 168 170 170 170 169 168 167 167 167 166 165
 165 164 164 163 163 163 163 158 157 159 158 155 155 159 164 157 149 148
 154 162 165 165 157 142 136 126 108 117 135 135 138 138 137 137 137 136
 136 136 133 138 133 138 139 143 145 113]","[ 87 181 176 175 175 177 174 175 177 176 176 175 174 173 172 172 169 169
 168 167 166 165 164 164 163 159 158 159 158 155 156 158 163 162 155 149
 155 167 169 163 152 141 131 119 112 126 140 135 137 137 137 137 136 136
 135 135 133 139 133 138 139 143 145 114]","[ 87 181 176 176 176 178 175 176 177 176 176 175 174 172 172 171 169 168
 167 166 165 163 162 162 162 161 160 159 158 157 156 157 157 162 159 153
 159 173 171 159 145 137 124 113 117 135 143 135 137 137 137 137 136 136
 136 135 134 139 133 138 139 143 145 114]","[ 85 180 175 175 176 177 175 176 176 175 175 173 172 171 170 169 168 168
 167 165 164 163 162 161 162 162 162 160 158 158 157 155 151 159 159 154
 159 168 162 145 126 121 108 103 119 138 141 136 138 138 138 137 137 137
 136 136 134 140 134 139 140 144 146 114]","[ 86 181 176 176 177 179 177 178 177 176 175 174 172 171 170 169 169 169
 168 167 166 165 164 164 161 164 163 160 158 159 157 153 149 154 155 153
 156 158 148 134 117 112 100 104 130 142 141 145 140 140 139 139 139 138
 138 138 135 140 134 139 140 144 146 115]","[ 86 181 176 176 177 180 178 179 177 177 175 174 172 170 169 169 169 168
 168 167 167 166 166 166 161 165 165 160 158 160 158 152 150 149 149 153
 157 155 147 139 127 120 107 118 145 146 140 150 141 141 141 140 140 140
 139 139 135 140 134 139 140 145 146 115]","[ 85 180 175 175 177 179 177 178 176 175 174 173 171 169 168 167 166 166
 166 166 166 166 165 165 161 165 166 160 158 160 158 152 151 145 145 154
 160 159 155 153 139 130 115 127 152 143 132 147 142 142 142 141 141 141
 140 140 135 140 135 139 141 145 146 115]","[ 88 179 171 172 177 181 179 178 175 174 173 171 170 168 167 166 168 167
 166 165 165 165 165 166 164 164 163 162 161 161 160 160 155 159 152 148
 158 160 152 151 134 120 115 129 145 149 142 137 140 139 139 138 138 139
 139 140 131 133 128 136 138 140 142 114]","[ 92 185 178 178 180 182 179 179 179 178 177 175 174 172 171 170 168 168
 167 166 166 166 166 166 165 164 164 163 162 161 161 161 157 164 160 156
 164 165 158 157 135 121 117 132 148 151 145 140 140 139 139 139 138 138
 137 137 136 139 134 142 143 145 147 119]","[ 89 185 180 179 178 178 175 176 178 177 176 174 173 171 170 169 166 165
 164 163 163 163 163 164 162 162 162 161 160 159 159 158 153 165 165 162
 166 164 158 160 127 114 111 128 144 146 140 138 138 139 139 139 138 136
 134 132 132 135 129 137 139 140 142 114]","[ 90 189 186 185 182 181 178 181 182 181 180 179 177 175 174 174 171 170
 169 169 168 168 169 169 168 168 167 166 166 165 164 164 155 171 174 171
 173 169 162 165 131 117 116 135 150 150 146 146 146 147 148 148 146 143
 139 137 134 137 131 139 140 142 144 115]","[ 83 182 180 180 177 177 175 178 177 176 175 173 172 170 169 168 165 164
 163 163 162 162 163 163 162 162 162 161 160 159 159 158 149 167 172 169
 169 163 156 159 127 113 113 134 149 146 142 145 141 141 142 142 140 136
 133 131 130 133 127 134 135 136 138 110]","[ 91 188 184 184 183 184 182 184 181 181 180 178 176 175 174 173 167 167
 166 165 164 165 165 165 165 165 164 163 163 162 161 161 158 174 178 175
 175 169 161 162 128 113 115 137 150 145 141 146 143 143 143 142 140 137
 135 133 132 135 129 136 137 138 139 111]","[ 98 190 184 183 184 186 183 182 182 181 180 178 177 175 174 173 168 167
 166 165 165 165 165 166 166 166 165 164 163 163 162 162 164 179 181 176
 178 171 162 162 130 115 117 140 153 146 141 148 146 146 145 144 142 141
 140 139 135 137 131 138 139 140 141 113]","[ 63 153 143 141 143 146 141 140 141 140 139 137 136 134 133 132 130 129
 128 127 127 127 127 127 128 128 127 126 125 125 124 124 129 141 141 137
 139 133 122 121 101  86  88 111 123 115 111 118 113 112 110 109 108 107
 107 107 104 106 100 107 108 109 110  81]"
