"[35 70 49 67 61 62 73 70 76 75 74 74 75 78 81 83 75 74 74 73 72 71 70 70
 68 65 62 60 60 59 58 57 55 54 52 50 50 51 52 53 48 48 49 49 49 49 49 50
 46 47 48 49 48 46 44 43 40 36 42 46 44 50 53 43]","[ 73 124 111 122 110 108 115 111 127 128 129 132 137 143 148 151 157 157
 156 156 155 154 154 154 148 146 143 140 135 127 118 112 111 110 107 103
  98  93  89  87  93  92  90  88  85  83  81  80  91  90  87  84  81  79
  77  76  73  67  70  70  64  67  67  56]","[ 82 156 154 158 142 140 144 137 117 117 115 114 115 116 117 118 122 124
 128 134 139 145 149 151 159 159 160 163 165 165 162 160 148 147 144 139
 132 124 117 113 103 102 100  98  96  93  92  91  82  80  78  76  76  77
  79  80  83  77  78  75  70  74  73  59]","[ 85 175 177 178 167 170 172 162 170 167 163 157 152 148 146 144 130 129
 127 124 122 119 117 116 124 122 121 124 132 140 147 151 158 159 160 161
 160 159 158 157 152 148 142 134 126 118 111 108 104 102  99  95  92  91
  90  90  85  81  81  79  75  82  81  65]","[ 85 182 180 178 176 185 182 173 180 179 177 175 174 172 172 171 174 173
 169 165 160 155 152 150 142 137 130 125 124 125 126 126 127 128 130 134
 138 144 148 151 160 159 159 158 157 156 156 155 142 140 135 129 122 114
 107 104 103  98  97  90  84  89  83  63]","[ 85 182 174 170 174 181 176 170 170 170 171 173 174 175 176 176 169 169
 171 172 174 175 177 177 172 170 167 164 160 155 148 143 131 129 125 121
 119 119 119 120 113 116 121 127 134 141 146 148 154 155 158 160 161 160
 158 157 144 140 136 125 116 117 106  80]","[ 93 192 183 179 184 186 180 183 179 179 179 179 179 179 178 178 183 182
 181 178 176 174 172 171 174 174 176 179 181 180 175 172 181 178 173 167
 161 155 151 148 138 136 133 129 125 121 118 116 118 121 125 130 135 140
 143 145 158 157 158 151 147 152 142 114]","[ 86 188 181 178 182 180 175 185 179 180 180 180 179 178 177 177 175 175
 175 176 177 178 178 179 176 174 172 171 173 174 174 173 170 171 173 174
 174 172 170 169 171 169 166 161 156 151 148 146 137 134 129 123 118 115
 114 113 112 116 123 126 130 144 138 112]","[ 87 184 180 180 179 181 179 182 181 181 181 181 181 181 181 181 180 180
 180 180 180 180 180 180 179 179 179 178 178 177 177 176 177 177 176 175
 174 173 173 172 172 172 171 171 170 170 170 170 166 165 163 160 156 151
 148 146 143 138 129 130 121 123 125  85]","[ 87 184 180 180 179 181 179 182 181 181 181 181 181 181 181 181 181 181
 181 181 181 181 181 181 181 181 181 180 180 180 179 179 179 179 178 177
 177 176 175 175 173 173 173 172 172 171 171 171 170 170 170 170 168 167
 165 165 167 163 157 160 152 154 156 116]","[ 87 184 180 180 179 181 179 182 181 181 181 181 181 181 181 181 182 182
 182 182 182 182 182 182 181 181 181 181 180 180 180 180 181 181 181 180
 179 178 178 178 175 175 175 174 174 174 173 173 171 172 173 173 174 174
 173 173 174 172 168 174 167 171 172 132]","[ 87 184 180 180 179 181 179 182 181 181 181 181 181 181 181 181 181 181
 181 181 181 181 181 181 179 179 179 179 179 178 178 178 182 182 181 181
 180 180 179 179 177 177 177 177 176 176 175 175 174 174 175 174 174 173
 171 171 170 169 167 174 168 171 171 130]","[ 87 184 180 180 179 181 179 182 181 181 181 181 181 181 181 181 179 179
 179 179 179 179 179 179 179 179 179 179 179 179 179 179 181 180 180 180
 180 179 179 179 179 179 179 178 178 177 177 177 180 180 179 179 178 176
 174 173 176 176 174 180 174 176 175 133]","[ 87 184 180 180 179 181 179 182 181 181 181 181 181 181 181 181 178 178
 178 178 178 178 178 178 181 181 181 182 182 182 182 183 180 180 180 179
 179 179 179 179 180 180 179 179 179 178 178 178 177 178 179 179 179 179
 178 177 179 178 176 182 175 177 176 135]","[ 87 184 180 180 179 181 179 182 181 181 181 181 181 181 181 181 179 179
 179 179 179 179 179 179 181 181 181 182 182 183 183 183 180 180 180 180
 180 180 180 180 180 180 180 179 179 178 178 178 175 176 177 178 178 178
 178 178 177 175 172 179 172 175 176 135]","[ 87 184 180 180 179 181 179 182 181 181 181 181 181 181 181 181 180 180
 180 180 180 180 180 180 178 179 179 180 180 181 181 181 181 181 181 181
 181 181 181 181 180 180 180 179 179 178 178 178 180 180 181 181 181 180
 179 178 180 179 176 182 176 180 182 142]","[ 88 185 181 181 181 182 180 182 182 182 182 182 182 182 182 182 180 180
 180 180 180 180 180 180 178 192 175 176 175 172 187 173 175 183 183 173
 188 168 194 201 188 176 178 179 181 181 178 189 180 180 180 179 179 178
 178 177 179 181 178 182 176 182 182 139]","[ 88 185 181 181 181 182 180 182 182 182 182 182 182 182 182 182 181 181
 181 181 181 181 181 181 177 188 174 179 187 193 211 199 183 188 186 175
 188 184 213 209 186 189 184 178 189 190 176 176 181 181 180 180 179 179
 179 178 180 181 179 182 176 182 183 139]","[ 87 184 181 181 180 181 180 182 182 182 182 182 182 182 182 182 181 181
 181 181 181 181 181 181 181 187 176 179 187 188 187 167 174 183 183 174
 182 190 210 184 132 167 173 179 209 213 195 193 182 182 181 181 181 180
 180 180 180 182 179 182 176 182 183 139]","[ 87 184 181 181 180 181 179 181 181 181 181 181 181 181 181 181 182 182
 182 182 182 182 182 182 182 185 181 181 181 166 134  98 153 175 181 177
 179 187 184 132 111 169 184 195 213 188 167 178 182 182 182 182 182 182
 182 182 180 182 179 183 177 183 183 140]","[ 86 183 180 180 180 181 179 181 181 181 181 181 181 181 181 181 182 182
 182 182 182 182 182 182 178 179 183 183 182 163 113  71 138 178 185 183
 181 187 162 101 114 178 193 202 191 137 134 171 182 182 182 182 182 183
 183 183 181 182 180 183 177 183 184 140]","[ 86 183 180 180 179 180 179 181 180 180 180 180 180 180 180 180 181 181
 181 181 181 181 181 181 183 177 183 179 181 169 117  80 124 181 181 180
 181 186 148  97 114 174 185 190 158 103 135 192 181 181 182 182 182 183
 183 183 181 183 180 184 177 183 184 140]","[ 86 183 179 180 179 180 178 180 180 180 180 180 180 180 180 180 181 181
 181 181 181 181 181 181 188 178 186 178 179 173 120  88 104 179 175 176
 183 182 133  99 132 185 187 181 134  88 137 184 180 180 181 181 182 182
 182 183 181 183 180 184 178 184 184 141]","[ 86 183 179 179 179 180 178 180 180 180 180 180 180 180 180 180 180 180
 180 180 180 180 180 180 185 175 189 182 184 180 125  94  90 179 176 181
 191 181 122  97 128 181 185 177 130  98 154 182 179 180 180 181 181 182
 182 182 181 183 181 184 178 184 185 141]","[ 84 181 178 177 176 178 179 183 179 179 179 179 179 179 179 179 178 178
 178 179 179 180 180 180 176 191 177 177 185 172 145 106 100 135 184 186
 187 171 114  94 135 182 188 152 115  94 173 182 179 180 181 182 182 182
 182 181 181 183 181 184 178 184 185 141]","[ 84 180 176 176 175 176 177 180 179 179 179 179 179 179 179 179 177 177
 177 178 178 179 179 179 173 182 172 176 183 177 150  98 101 131 182 178
 173 147 108  96 129 176 179 138 101  92 171 180 179 180 181 181 182 182
 181 181 181 183 180 184 178 184 184 141]","[ 84 180 175 174 173 175 174 177 179 179 179 179 179 179 179 179 177 177
 177 177 178 178 178 178 183 186 180 184 184 185 161  91  84 107 169 179
 184 143 109  92 126 172 170 121  85  95 172 181 179 179 180 181 182 182
 181 181 181 183 180 184 177 183 184 140]","[ 85 180 174 173 173 175 173 175 178 178 178 178 178 178 178 178 178 178
 178 178 178 178 178 178 178 177 176 179 172 180 164  90  82  88 148 178
 192 141 110  86 132 172 161 108  76 107 177 183 178 179 180 181 181 181
 181 180 181 182 180 183 177 183 184 140]","[ 87 181 174 173 174 176 174 175 178 178 178 178 178 178 178 178 179 179
 179 178 178 178 178 178 177 177 178 181 173 181 174 110  88  85 134 175
 171 111  94  83 140 167 147  97  73 123 179 181 178 179 180 180 181 181
 180 180 180 182 179 183 177 183 183 140]","[ 86 179 172 172 175 178 175 175 177 177 177 177 177 177 177 177 178 178
 178 178 177 177 177 177 181 182 178 181 177 178 169 118  72  76 125 188
 152  86  76  84 142 153 125  87  75 140 179 176 178 178 179 180 180 180
 180 180 180 182 179 182 176 182 183 139]","[ 84 177 169 170 174 177 174 174 177 177 177 177 177 177 177 177 176 176
 176 175 175 174 174 174 170 173 164 177 190 186 171 134  89  81 106 187
 136  82  76  97 141 136 104  79  81 155 180 173 177 178 179 180 180 180
 180 179 180 181 179 182 176 182 183 139]","[ 82 174 167 168 173 177 174 173 177 177 177 177 177 177 177 177 174 174
 174 173 172 172 172 171 173 179 172 201 237 237 221 194 151 108  84 163
 112  82  87 116 139 125  91  77  87 166 182 173 177 178 179 180 180 180
 180 179 179 181 178 182 176 182 182 139]","[ 81 162 171 172 170 180 172 173 174 175 175 175 176 176 176 176 176 175
 175 174 173 172 171 171 162 187 174 157 164 233 229 180 142 153 130  88
  74  90 115 134 143 141 115  75 104 168 179 173 178 178 178 178 179 179
 179 179 179 177 175 183 178 181 181 139]","[ 85 165 171 171 169 179 171 173 173 173 173 173 174 174 175 175 174 173
 173 172 171 170 169 169 165 180 166 142 112 136 124  95  85 134 146 111
  90 101 123 140 163 134  96  73 119 178 179 170 177 177 178 178 179 179
 180 180 183 182 179 185 180 182 182 140]","[ 91 166 168 167 165 174 167 170 173 174 174 174 175 175 175 176 176 176
 175 175 174 173 173 173 169 178 170 151  94  80  67  65  71  97 128 149
 144 120 121 150 152 113  79  75 129 180 176 174 170 171 171 172 173 174
 175 176 178 177 174 180 173 175 175 134]","[ 65 136 134 132 129 138 131 137 140 140 140 141 141 141 142 142 145 145
 144 144 143 143 142 142 136 144 143 137  81  60  52  62  80  71  90 144
 177 156 138 153 135 109  88  81 120 158 156 161 166 166 167 169 170 171
 172 173 175 175 172 178 171 174 176 137]","[ 53 119 114 112 109 116 110 117 114 114 114 115 115 116 116 116 118 117
 117 117 117 116 116 116 113 117 115 114  70  57  47  51  57  70  78  97
 135 158 154 146 153 133 108  83 103 133 129 131 120 121 122 123 125 126
 127 128 130 130 129 136 129 133 138 100]","[ 63 126 119 118 115 121 114 122 118 118 118 119 119 120 120 120 118 118
 118 118 118 118 118 118 121 119 115 120  85  75  59  56  52  71  78  75
  80  90 112 138 167 139 106  80 102 131 121 119 125 125 126 127 128 129
 130 130 127 128 128 134 128 132 138 102]","[ 59 120 113 113 111 115 108 116 114 114 114 115 115 115 116 116 114 114
 114 114 114 114 114 114 119 113 113 130  95  75  57  61  74  70  71  75
  64  43  65 118 137 108  90  87 115 133 120 127 124 125 125 125 126 127
 127 127 122 124 123 129 121 125 132  97]","[ 63 123 116 117 115 119 110 119 114 114 114 114 115 115 116 116 116 116
 116 117 117 117 117 117 119 109 115 141 101  68  49  63  80  77  66  62
  66  64  71  89  98  77  82 101 125 125 110 130 123 123 124 124 124 124
 124 124 126 128 127 131 122 126 133  98]","[ 65 111 114 110 115 111 113 112 111 111 112 112 113 113 113 113 111 111
 112 112 113 113 113 113 114 111 116 152 142  78  58  71  89  79  69  64
  62  63  70  79  79  70  83 115 128 117 114 125 121 121 122 122 122 123
 123 123 123 126 120 126 124 124 127 100]","[ 62 109 111 107 112 108 110 109 109 109 109 109 110 110 111 111 110 110
 110 111 111 112 112 112 113 109 118 157 148  98  82  82  87  77  67  64
  65  66  71  77  77  76  90 115 125 117 115 122 120 121 121 121 122 122
 122 123 123 126 119 125 123 123 126  99]","[ 58 105 107 102 108 103 106 105 105 105 106 106 106 107 107 107 108 108
 108 109 109 109 110 110 112 105 121 161 155 126 118  98  83  72  64  64
  69  71  73  75  76  85 102 116 120 117 116 118 119 119 120 120 121 121
 121 121 122 124 118 124 122 122 125  98]","[ 56 102 104  99 104 100 104 103 103 103 104 104 104 105 105 105 106 106
 106 106 107 107 108 108 109 102 122 160 155 144 144 109  77  67  61  65
  72  74  74  73  77  95 112 116 116 117 117 113 118 118 118 119 119 119
 120 120 120 123 117 122 121 121 123  96]","[ 55 101 102  97 102  99 103 102 102 103 103 103 104 104 104 105 104 104
 104 105 105 106 106 106 107 102 118 148 144 143 147 110  72  64  59  66
  74  76  74  73  80 102 117 115 112 116 116 110 116 116 117 117 117 118
 118 118 118 121 115 121 119 119 122  95]","[ 54 100 101  95 100  97 101 101 102 102 102 103 103 103 104 104 103 103
 104 104 104 105 105 105 104 105 111 129 124 121 126 100  68  62  60  66
  73  74  73  74  86 105 117 113 110 114 115 109 115 115 115 115 116 116
 117 117 117 120 114 119 117 117 120  93]","[ 53  98  98  92  98  95  99 100 100 100 101 101 102 102 102 102 103 103
 103 104 104 105 105 105 102 109 103 108 103  91  95  85  66  61  61  67
  71  72  73  75  92 105 113 112 110 112 113 110 113 114 114 114 115 115
 115 116 116 119 112 118 116 116 119  92]","[ 51  96  97  90  96  93  98  98  99  99  99 100 100 100 101 101 103 103
 103 104 104 105 105 105 101 111  97  95  88  70  72  75  64  61  62  67
  70  70  72  77  96 104 110 110 110 111 112 111 113 113 113 114 114 114
 115 115 115 118 112 117 116 116 118  91]","[ 52  93  93  91  98  92  95  96  97  97  98  98  99 100 101 101 100 101
 101 102 102 103 103 103  98 102 113  97  65  65  76  64  67  65  66  69
  69  68  71  77 100 106 110 109 110 112 110 106 110 110 110 111 111 112
 112 112 112 116 111 116 113 112 116  91]","[ 51  92  92  89  96  90  94  95  95  95  95  96  97  98  98  99 101 101
 102 102 103 103 103 104 102 103 110  97  66  62  72  68  67  65  67  70
  70  69  73  79 101 107 110 109 109 111 111 107 110 110 110 111 111 111
 112 112 112 116 111 116 113 112 116  90]","[ 50  91  91  89  96  91  94  96  96  96  97  97  98  99 100 100 102 103
 103 103 103 104 104 104 106 103 108  99  71  58  67  73  67  65  66  70
  71  70  74  80 102 108 111 109 108 110 111 109 110 110 110 110 111 111
 111 112 111 115 110 115 112 111 115  89]","[ 53  94  94  92  99  94  97  99 101 101 102 102 103 104 105 105 104 104
 104 104 104 105 105 105 106 103 107 104  81  60  61  73  65  63  65  69
  69  69  73  79 102 108 112 109 107 109 111 110 109 109 110 110 110 111
 111 111 110 114 109 114 111 110 114  88]","[ 56  97  97  96 103  98 102 103 104 104 105 105 106 107 108 108 106 106
 106 106 106 105 105 105 104 103 106 108  94  67  59  71  63  62  63  66
  67  66  70  77  98 106 111 109 107 109 110 110 109 109 109 110 110 110
 111 111 108 113 108 113 109 109 112  87]","[ 57  98  99  97 105 100 104 106 103 103 104 104 105 106 107 107 108 107
 107 107 107 106 106 106 103 106 106 108 103  77  60  68  64  62  63  65
  65  64  68  74  93 103 110 110 107 108 110 110 108 109 109 109 110 110
 110 110 107 112 106 111 108 108 111  86]","[ 55  96  96  95 103  98 102 104 102 102 103 104 105 105 106 106 109 109
 108 108 107 107 107 106 104 110 104 104 108  87  65  68  66  64  64  66
  66  64  67  73  87  99 109 110 107 108 109 109 108 108 109 109 109 110
 110 110 106 111 106 111 107 107 110  85]","[ 52  93  94  92 100  95  99 101 103 103 104 105 106 106 107 107 110 109
 109 108 108 107 107 107 106 113 103 100 109  93  69  69  68  65  66  67
  66  64  67  72  83  96 108 110 108 108 109 109 108 108 108 109 109 110
 110 110 106 110 105 110 107 106 110  85]","[ 50  93  85  87  99  95 105 101 100 101 102 103 105 107 108 108 107 107
 107 106 106 105 105 105 104 103 104 106 104  93  77  63  70  69  68  68
  70  70  69  68  70  94 111 111 107 111 114 112 107 107 107 108 108 108
 109 109 106 109 104 108 105 105 109  84]","[ 53  99  96  93  99  93  97  92 100 101 102 103 105 107 108 108 110 110
 110 109 109 108 108 108 106 105 106 108 106  96  79  67  69  67  66  66
  67  67  66  64  67  89 107 108 105 107 109 106 110 111 111 111 112 112
 112 113 111 115 109 113 110 110 114  89]","[ 40  89  95  89  96  95 100 100  95  95  97  98 100 101 102 103 106 105
 105 105 104 104 104 103 108 107 108 110 109  99  84  71  72  70  69  68
  68  68  66  64  70  92 111 114 111 112 112 109 107 107 107 108 108 109
 109 109 108 112 107 111 108 108 112  87]","[ 75 115 116  96  91  88  90  99 101 102 103 105 106 108 109 110 111 110
 110 110 109 109 109 108 106 105 105 108 107  99  84  72  75  72  70  69
  69  68  65  63  68  88 108 115 114 114 114 111 113 113 113 113 114 114
 115 115 114 118 112 117 113 113 118  93]","[ 67  93  92  68  63  65  72  97  98  99 100 101 103 105 106 106 107 107
 107 106 106 106 105 105 105 104 104 107 107  99  86  74  74  71  69  68
  67  66  63  61  61  79  99 109 111 111 111 110 109 110 110 110 111 111
 111 111 110 114 108 112 109 109 113  88]","[ 28  40  43  28  33  41  54  98  98  99 100 101 103 105 106 106 109 109
 108 108 108 107 107 107 110 109 110 113 113 107  94  83  76  74  71  70
  70  69  66  64  66  81 100 112 115 115 115 116 110 110 111 111 112 112
 112 112 111 114 109 113 110 110 114  89]","[ 40  37  40  27  28  26  30  82 103 104 105 107 108 110 111 112 113 113
 113 112 112 112 111 111 105 104 104 107 109 103  91  80  73  71  69  68
  68  67  65  63  68  79  95 108 111 110 110 111 114 114 114 114 115 115
 116 116 115 119 113 118 115 114 119  94]","[26 17 24 20 23 17 15 72 79 79 81 82 84 85 87 87 86 86 85 85 85 84 84 84
 88 87 87 90 92 86 75 65 62 61 59 58 58 58 56 54 54 63 77 89 92 89 89 91
 86 86 86 86 87 87 87 88 89 92 87 91 88 88 92 67]"
