"[34 69 49 66 59 61 75 75 78 77 76 76 77 80 82 84 75 74 74 73 72 71 70 70
 64 64 63 61 59 57 56 55 55 54 52 50 50 50 52 53 50 50 51 51 51 51 52 52
 44 45 47 48 47 46 44 42 45 41 45 47 42 47 51 44]","[ 72 124 112 122 108 106 116 114 125 125 127 130 135 141 146 149 157 157
 156 156 155 154 154 154 149 147 142 136 129 123 118 116 112 111 108 104
  99  94  91  88  92  91  89  87  84  82  80  79  92  90  88  84  81  79
  77  76  72  68  71  70  64  67  69  60]","[ 82 157 155 158 140 138 143 138 123 122 121 120 120 122 123 124 122 124
 128 134 139 145 149 151 159 160 160 161 161 162 163 163 150 149 146 141
 134 126 119 115 101 100  98  96  94  92  90  89  85  83  80  78  77  77
  78  79  79  76  79  77  71  75  75  63]","[ 85 176 179 177 165 167 169 162 167 165 160 155 150 146 143 142 130 129
 127 124 122 119 117 116 118 120 124 130 135 141 145 147 160 161 162 162
 162 161 159 158 153 150 143 135 127 119 113 109 107 105 101  97  93  90
  88  88  83  81  84  82  77  82  80  65]","[ 84 182 181 178 174 181 180 171 177 176 174 172 171 169 169 168 174 173
 169 165 160 155 152 150 136 135 133 131 128 125 124 123 127 128 130 134
 139 144 149 151 163 162 162 161 160 159 159 158 143 141 136 129 121 112
 105 100 101  99 100  94  86  89  83  63]","[ 82 181 175 170 173 178 174 169 174 175 176 177 179 180 181 181 169 169
 171 172 174 175 177 177 173 171 168 163 158 153 149 147 131 128 125 121
 119 119 119 120 115 118 122 129 136 142 147 150 154 156 158 159 159 157
 155 154 140 138 137 127 117 118 109  84]","[ 88 189 183 179 183 184 178 181 175 175 175 175 175 175 174 174 183 182
 181 178 176 174 172 171 177 177 177 177 177 178 178 178 182 179 174 168
 161 156 151 149 139 137 134 130 126 122 119 117 119 121 125 130 135 139
 143 144 157 158 159 152 147 152 144 118]","[ 79 183 180 178 181 178 174 184 179 179 179 179 179 178 177 176 175 175
 175 176 177 178 178 179 175 175 175 175 174 174 174 174 172 173 175 176
 176 174 172 171 173 172 168 163 158 154 150 148 137 134 129 124 119 117
 115 115 117 121 127 126 128 141 136 112]","[ 87 184 180 180 180 181 179 181 180 180 180 180 180 180 180 180 179 179
 179 179 179 179 179 179 178 178 178 178 178 178 178 178 177 177 176 175
 174 173 173 172 173 173 172 172 171 171 171 171 168 167 164 160 156 152
 149 148 142 134 127 133 124 121 121  85]","[ 87 184 180 180 180 181 179 181 180 180 180 180 180 180 180 180 180 180
 180 180 180 180 180 180 180 180 180 180 180 180 180 180 179 179 178 177
 177 176 175 175 174 174 174 173 173 172 172 172 172 172 171 170 169 167
 167 166 167 160 154 161 153 152 153 117]","[ 87 184 180 180 180 181 179 181 180 180 180 180 180 180 180 180 181 181
 181 181 181 181 181 181 181 181 181 181 181 181 181 181 181 181 181 180
 179 178 178 178 176 176 176 175 175 175 174 174 172 173 173 173 174 174
 174 174 175 170 166 173 167 168 170 133]","[ 87 184 180 180 180 181 179 181 180 180 180 180 180 180 180 180 181 181
 181 181 181 181 181 181 179 179 179 179 179 179 179 179 182 182 181 181
 180 180 179 179 178 178 178 178 177 177 176 176 175 175 174 174 173 172
 172 172 171 169 165 172 166 169 170 131]","[ 87 184 180 180 180 181 179 181 180 180 180 180 180 180 180 180 179 179
 179 179 179 179 179 179 179 179 179 179 179 179 179 179 181 180 180 180
 180 179 179 179 180 180 180 179 179 178 178 178 180 180 179 178 177 175
 175 174 177 176 172 177 171 174 175 134]","[ 87 184 180 180 180 181 179 181 180 180 180 180 180 180 180 180 179 179
 179 179 179 179 179 179 182 182 182 182 182 182 182 182 180 180 180 179
 179 179 179 179 181 181 180 180 180 179 179 179 178 178 178 178 178 178
 178 178 178 179 176 179 172 177 177 133]","[ 87 184 180 180 180 181 179 181 180 180 180 180 180 180 180 180 180 180
 180 180 180 180 180 180 182 182 182 182 182 182 182 182 180 180 180 180
 180 180 180 180 181 181 181 180 180 179 179 179 175 175 176 176 177 177
 177 177 173 176 174 176 170 176 176 131]","[ 87 184 180 180 180 181 179 181 180 180 180 180 180 180 180 180 181 181
 181 181 181 181 181 181 180 180 180 180 180 180 180 180 181 181 181 181
 181 181 181 181 181 181 181 180 180 179 179 179 180 180 179 179 179 178
 178 178 176 179 178 180 175 182 182 137]","[ 87 184 180 180 180 181 179 181 180 180 180 181 181 182 182 182 181 181
 181 180 180 179 179 178 178 179 179 180 180 181 181 181 184 183 182 180
 179 180 183 186 177 188 183 175 181 185 180 180 180 180 180 179 179 178
 178 177 179 181 178 182 176 182 182 139]","[ 87 184 180 180 180 181 179 181 180 180 180 181 181 182 182 182 182 182
 181 181 180 180 180 179 179 180 180 180 181 181 182 182 176 179 179 177
 177 180 182 181 175 183 183 181 181 178 178 187 181 181 180 180 179 179
 179 178 180 181 179 182 176 182 183 139]","[ 86 183 180 180 179 180 179 181 180 180 180 181 181 182 182 182 182 182
 182 182 181 181 181 181 181 181 181 181 182 182 182 182 188 192 190 182
 179 181 179 173 176 172 173 181 188 186 182 183 182 182 181 181 181 180
 180 180 180 182 179 182 176 182 183 139]","[ 86 183 180 180 179 180 178 180 180 180 180 181 181 182 182 182 182 182
 182 182 182 182 182 182 182 182 182 182 182 182 182 182 172 177 176 172
 174 182 184 179 185 184 186 185 181 184 186 180 182 182 182 182 182 182
 182 182 180 182 179 183 177 183 183 140]","[ 85 182 179 179 179 180 178 180 180 180 180 181 181 182 182 182 182 182
 182 182 182 182 182 182 182 182 182 182 182 182 182 182 196 192 186 180
 180 182 181 179 207 209 208 187 167 181 198 191 182 182 182 182 182 183
 183 183 181 182 180 183 177 183 184 140]","[ 85 182 179 179 178 179 178 180 180 180 180 181 181 182 182 182 181 181
 181 181 182 182 182 182 182 182 182 182 181 181 181 181 210 198 189 190
 188 181 178 180 230 198 177 171 181 214 222 192 181 181 182 182 182 183
 183 183 181 183 180 184 177 183 184 140]","[ 85 182 178 179 178 179 177 179 180 180 180 181 181 182 182 182 179 180
 180 180 181 181 182 182 182 182 181 181 180 180 180 179 156 142 147 170
 183 179 183 195 220 158 138 168 201 226 212 164 180 180 181 181 182 182
 182 183 181 183 180 184 178 184 184 141]","[ 85 182 178 178 178 179 177 179 180 180 180 181 181 182 182 182 178 179
 179 180 180 181 181 181 181 181 181 180 180 179 179 178 153 136 144 175
 189 177 177 193 188 136 142 189 201 190 169 135 179 180 180 181 181 182
 182 182 181 183 181 184 178 184 185 141]","[ 86 180 176 177 175 173 173 180 179 179 180 180 180 181 181 181 179 179
 179 180 180 181 181 181 177 180 182 182 180 177 177 177 159 130 134 169
 184 180 183 190 177 138 140 183 202 195 127 136 180 180 180 181 181 182
 182 182 183 184 181 184 178 183 183 139]","[ 86 180 175 177 175 173 173 179 179 179 179 180 180 180 181 181 178 178
 178 179 179 180 180 180 178 179 180 180 181 182 183 184 166 138 134 163
 181 178 184 202 174 135 153 178 205 183 132 143 180 180 180 181 181 181
 182 182 183 184 181 184 178 183 183 139]","[ 86 179 174 176 175 173 173 179 178 178 179 179 179 180 180 180 178 178
 178 178 179 179 179 179 183 181 178 176 177 177 177 177 172 147 134 156
 179 175 177 200 167 127 160 177 206 162 127 148 180 180 180 180 181 181
 181 182 182 184 181 184 177 183 183 139]","[ 85 177 172 174 175 174 173 178 177 178 178 178 179 179 179 179 179 179
 179 179 179 179 179 179 183 180 177 177 178 178 176 175 178 154 134 151
 180 179 174 188 160 117 152 187 200 143 107 152 179 179 180 180 180 181
 181 181 181 183 180 183 177 183 183 140]","[ 85 176 170 173 174 174 173 177 177 177 177 177 178 178 178 179 180 180
 180 179 179 179 179 179 176 176 177 180 182 184 183 183 178 150 125 135
 168 185 185 183 153 110 140 202 190 129  86 158 179 179 179 180 180 180
 181 181 180 182 179 183 177 183 184 140]","[ 84 174 168 171 174 175 172 176 176 176 176 177 177 177 178 178 179 179
 179 179 178 178 178 178 175 177 178 177 175 175 176 178 173 140 115 114
 139 179 192 172 139 109 142 204 174 118  81 167 178 179 179 179 180 180
 180 180 179 181 178 182 176 183 184 140]","[ 84 173 166 170 174 175 172 175 175 175 176 176 176 177 177 177 177 177
 177 176 176 175 175 175 176 178 178 174 169 170 177 185 179 149 134 120
 121 169 187 144 116 109 158 186 155 102  91 175 178 178 179 179 179 180
 180 180 178 180 178 182 176 183 184 140]","[ 83 173 165 170 174 175 172 174 175 175 175 176 176 176 177 177 175 175
 175 174 173 173 173 172 171 175 177 175 174 182 199 213 197 174 170 147
 126 168 182 119  97 107 172 165 140  89 102 178 178 178 178 179 179 180
 180 180 178 180 178 182 176 183 184 140]","[ 77 166 166 171 168 172 177 176 176 176 176 176 175 175 175 175 177 176
 176 175 174 173 172 172 176 168 174 180 172 182 220 251 247 195 163 173
 186 179 151 121 114 151 188 176 130  76 126 178 177 177 177 177 177 178
 178 178 181 179 176 183 178 180 180 137]","[ 82 168 166 170 167 171 176 175 173 173 173 174 174 174 174 174 175 174
 174 173 172 171 170 170 173 171 177 178 170 170 171 163 148 111 109 150
 179 174 150 125 151 187 213 188 139  87 132 173 176 177 177 178 178 179
 179 179 180 178 175 182 177 179 179 137]","[ 87 169 163 167 163 167 171 172 173 173 174 174 175 175 176 176 177 177
 176 176 175 174 174 174 169 169 173 172 168 164 137  95  90  78  90 124
 154 176 181 170 188 207 204 160 121  94 147 179 171 171 172 173 174 175
 176 176 175 174 172 179 173 176 176 136]","[ 62 139 128 132 129 132 136 136 138 139 139 140 141 142 143 144 146 146
 145 145 144 144 143 143 149 143 144 147 148 148 125  88  51  59  73  86
 113 162 193 190 182 199 189 139 111  98 146 162 167 167 168 170 171 173
 174 174 175 174 172 179 172 176 178 139]","[ 50 122 108 112 110 112 114 115 112 113 114 115 116 117 117 118 119 118
 118 118 118 117 117 117 122 111 112 119 119 118 112  98  81  69  72  89
 105 123 130 120 132 184 207 168 129  98 124 123 121 122 123 124 126 127
 128 129 128 129 127 133 126 130 134  96]","[ 60 128 112 118 117 118 118 119 117 118 118 119 119 120 120 121 119 119
 119 119 119 119 119 119 118 108 111 118 112 109 108 102 136  87  78 113
 121  95  72  67  80 155 204 172 127  89 116 119 125 126 126 127 128 129
 130 131 127 129 128 133 126 130 135  99]","[ 57 122 105 113 114 113 112 112 115 115 115 115 115 115 115 115 115 115
 115 115 115 115 115 115 122 119 121 121 118 123 118  99  94  65  76 115
 115  84  70  74  62 118 150 124 101  85 123 129 124 124 124 125 126 126
 126 127 123 125 125 130 122 126 133  97]","[ 61 125 108 117 118 117 115 114 115 115 115 115 115 114 114 114 117 117
 117 118 118 118 118 118 115 116 116 109 114 133 125  92  47  74 117 133
 105  76  66  63  69  94 102  84  91  93 125 117 122 122 122 123 123 123
 123 123 122 124 124 129 121 125 132  98]","[ 64 110 113 109 114 110 112 111 110 110 111 111 112 112 112 112 112 112
 113 113 114 114 114 114 115 115 108 124 104 119 178 148 102  80 125 127
  83  75  74  74  71  80  80  74  85 110 123 120 121 121 122 122 122 123
 123 123 122 125 119 125 123 123 126  99]","[ 62 109 112 107 112 108 110 109 109 109 109 110 110 110 111 111 111 111
 111 112 112 113 113 113 113 114 108 123 107 126 187 165 130 109 127 113
  76  72  70  73  72  77  78  79  92 112 121 119 119 119 120 120 120 121
 121 121 122 125 118 124 122 122 125  98]","[ 59 106 108 104 109 105 108 107 106 107 107 107 108 108 108 109 109 109
 109 110 110 110 111 111 111 112 109 121 110 134 195 185 165 145 127  91
  68  70  67  73  73  73  77  89 103 114 119 119 117 117 118 118 118 119
 119 119 121 123 117 123 121 121 124  97]","[ 57 103 105 100 105 101 105 104 104 104 104 105 105 105 106 106 107 107
 107 107 108 108 109 109 110 110 109 117 111 135 191 192 180 166 120  71
  63  70  67  73  73  70  77  98 113 116 116 117 116 116 117 117 117 118
 118 118 119 122 116 121 120 120 122  95]","[ 54 100 102  96 101  98 102 102 102 102 102 103 103 103 104 104 105 105
 105 106 106 107 107 107 109 108 108 112 108 129 170 177 168 161 106  61
  64  71  70  73  72  70  81 104 118 116 113 116 116 116 116 117 117 117
 118 118 117 120 114 120 118 118 121  94]","[ 53  98  99  94  99  96 100 100 101 101 101 101 102 102 102 103 104 104
 105 105 105 106 106 106 108 105 107 108 106 119 141 149 139 139  90  61
  67  70  74  72  71  73  86 106 116 115 112 115 115 115 115 116 116 116
 117 117 116 119 113 118 116 116 119  92]","[ 52  98  98  92  97  94  99 100 100 100 100 101 101 102 102 102 104 104
 104 105 105 106 106 106 106 102 107 106 106 111 114 119 112 114  79  67
  70  66  77  70  69  78  92 105 111 112 112 113 113 113 113 114 114 114
 115 115 115 118 111 117 115 115 118  91]","[ 52  97  98  91  97  94  99  99 100 100 100 101 101 102 102 102 104 104
 104 105 105 106 106 106 105 100 106 105 106 107  99 101  97  99  73  73
  70  63  78  69  68  81  96 104 108 110 112 113 111 111 111 112 112 112
 113 113 114 117 111 116 115 115 117  90]","[ 51  92  92  90  97  91  94  95  97  97  98  98  99 100 101 101 101 102
 102 102 103 104 104 104 101 103 109 106 100 103  98  78  73  81  82  74
  68  69  70  69  69  81  96 105 108 110 111 112 110 110 110 111 111 112
 112 112 114 118 112 117 113 113 118  93]","[ 50  91  91  88  95  89  93  94  95  95  95  96  97  98  98  99 101 102
 102 102 103 103 104 104 102 101 105 104 101 104  94  70  70  78  80  73
  68  68  69  68  68  81  97 106 109 109 110 112 110 110 110 111 111 111
 112 112 113 117 111 116 112 112 117  92]","[ 49  90  90  88  95  90  93  95  96  96  97  97  98  99 100 100 103 103
 103 103 104 104 104 104 105 101 104 106 105 107  94  68  67  73  76  72
  68  68  68  67  67  81  98 108 109 107 108 111 110 110 110 110 111 111
 111 112 111 115 109 114 111 110 115  90]","[ 52  93  93  91  98  93  96  98 101 101 102 102 103 104 105 105 106 106
 106 106 106 106 106 106 109 105 108 110 107 109 101  82  66  70  73  72
  69  68  67  67  67  79  96 109 110 106 107 111 109 109 110 110 110 111
 111 111 109 113 107 112 109 108 113  88]","[ 55  96  96  95 102  97 101 102 104 104 105 105 106 107 108 108 109 109
 109 108 108 108 108 108 109 106 111 111 104 106 108  99  71  72  73  73
  71  68  67  67  67  75  91 106 110 106 106 110 109 109 109 110 110 110
 111 111 108 112 106 111 107 107 112  87]","[ 56  97  98  96 104  99 103 105 103 103 104 104 105 106 107 107 110 110
 110 110 109 109 109 109 107 104 109 109 100 102 109 106  80  77  75  76
  73  69  67  69  68  70  83 101 109 107 106 110 108 109 109 109 110 110
 110 110 108 111 106 110 107 107 111  86]","[ 54  95  95  94 102  97 101 103 102 102 103 104 105 105 106 106 110 109
 109 109 108 108 107 107 109 102 106 108 102 103 107 103  91  83  79  78
  76  70  69  71  70  66  74  95 108 108 106 109 108 108 109 109 109 110
 110 110 108 111 106 110 107 107 111  86]","[ 51  92  93  91  99  94  98 100 103 103 104 105 106 106 107 107 108 108
 108 107 107 106 106 106 113 103 105 110 107 107 107  98  97  88  81  80
  77  71  69  73  71  63  69  91 108 109 107 109 108 108 108 109 109 110
 110 110 108 112 106 110 107 107 111  86]","[ 49  92  84  86  98  94 104 100 100 101 102 103 104 105 105 106 106 106
 107 108 108 108 107 107 106 106 106 105 105 104 104 104  96  89  85  84
  81  75  71  72  64  64  74  92 105 106 106 107 108 108 108 109 109 110
 110 110 108 112 106 110 107 107 111  86]","[ 52  98  95  92  98  92  96  91 105 105 106 107 108 109 110 111 109 109
 110 111 111 110 110 109 108 108 108 107 107 106 106 106  98  91  86  84
  82  76  72  73  65  63  70  88 103 107 106 106 109 109 110 110 111 111
 111 111 111 115 109 114 110 110 115  90]","[ 39  88  94  88  95  94  99  99  97  98  99 100 101 103 104 104 105 105
 106 106 106 106 105 104 105 105 104 104 104 104 103 103 102  95  89  88
  85  79  76  77  69  65  68  84 102 110 111 109 106 106 106 107 107 107
 108 108 107 111 105 109 106 106 110  85]","[ 74 114 115  95  90  87  89  98 102 102 103 105 106 108 109 109 110 111
 111 111 111 110 110 109 111 111 111 111 111 111 111 111 103  96  89  87
  84  78  75  76  71  65  65  79  98 111 112 109 114 114 114 115 115 115
 116 116 112 116 110 115 112 111 116  91]","[ 66  92  91  67  62  64  71  96 100 101 102 103 105 107 108 109 108 108
 108 108 108 107 106 105 107 107 107 107 107 107 107 107 103  95  88  85
  81  76  74  75  72  66  64  75  94 110 112 108 111 111 111 111 112 112
 112 113 109 113 107 112 109 108 113  88]","[ 27  39  42  27  32  40  53  97  97  98 100 101 103 105 107 107 110 110
 110 110 109 108 107 106 105 105 106 106 106 107 107 107 107  99  91  88
  84  79  77  78  76  73  71  78  95 112 116 112 109 109 110 110 110 111
 111 111 111 115 109 114 111 110 115  90]","[ 39  36  39  26  27  25  29  81 101 102 103 105 107 109 111 112 115 115
 115 114 114 112 111 110 110 111 111 111 112 112 113 113 104  96  87  84
  80  75  73  75  70  71  71  75  89 105 110 107 113 113 113 113 114 114
 114 115 116 120 114 118 115 115 119  94]","[25 16 23 19 22 16 14 71 81 81 83 85 87 89 91 92 87 87 87 87 86 85 83 82
 86 87 87 88 88 89 89 89 92 83 74 70 66 61 60 61 55 58 59 62 73 89 95 92
 87 87 87 88 88 88 89 89 89 92 87 91 88 88 92 67]"
