"[ 35  61  49  50  63  56  54  53  54  52  52  57  64  69  71  70  64  70
  79  90 102 111 118 122 115 117 116 113 112 107  89  69  59  58  58  59
  62  63  61  60  47  40  23  24  33  19  11  31  52  52  50  49  47  44
  40  38  48  47  40  47  44  47  68  61]","[ 56  86  78  77  89  86  93  99  99  98  99 101 105 108 110 110 114 119
 128 142 161 180 197 206 233 243 249 249 249 247 235 224 210 189 155 124
 106 100 103 107  92  92  79  56  30  15  32  67  88  84  78  75  74  75
  74  74  60  81  81  76  78 105 135 118]","[ 37  73  68  63  67  59  66  73  77  79  82  85  88  91  96  99  97  96
  96  97 101 108 114 118 127 143 164 182 202 227 249 253 249 250 248 238
 217 184 150 128 106  94  89  90  90  95  97  89  81  74  67  63  66  71
  74  75  72  81  76  86 110 142 153 114]","[ 51  91  89  83  83  70  69  70  59  62  65  66  65  66  71  75  82  84
  88  91  93  93  92  91 102 106 109 109 113 127 145 158 194 206 226 245
 254 254 244 235 210 178 148 120  96  97  94  68  71  67  63  63  67  72
  76  77  84  81  85 121 147 152 145 110]","[ 45  86  83  79  84  76  75  73  79  80  80  76  71  68  69  71  58  62
  68  75  79  82  82  82  75  79  85  91  96  98 100 102 106 106 110 122
 142 165 185 196 203 224 242 206 130  87  76  61  74  75  76  78  80  83
  84  85  82 104 127 155 153 143 145 127]","[ 56  96  91  83  88  84  87  86  80  80  79  76  73  71  71  72  75  72
  68  64  62  60  60  60  72  68  69  75  81  82  81  82  89  90  94  98
 101 100  96  92 114 130 140 117  78  64  71  75  70  74  78  79  79  80
  85  89 105 135 147 146 137 142 146 113]","[ 65 113 114 104 103  94  94  92  90  88  85  84  83  83  81  80  80  78
  76  74  73  72  73  73  62  55  52  57  64  69  76  84  76  76  78  81
  84  85  84  83  87  88  82  82  88  78  54  41  73  79  83  83  82  90
 105 118 145 156 147 143 144 155 153 109]","[ 82 142 157 152 147 131 128 124 116 110 102  97  93  88  82  77  74  77
  81  84  85  82  78  76  82  78  77  78  71  59  52  52  57  54  51  52
  58  65  71  74  60  72  65  56  58  52  55  79  71  78  82  81  83  98
 124 145 141 142 139 150 148 142 148 129]","[ 69 153 139 139 140 139 137 142 149 149 147 143 138 131 124 120 104 102
  97  92  87  84  82  81  73  74  76  77  78  78  78  77  70  66  62  58
  54  51  46  43  44  41  43  53  61  66  71  75  91  82  73  82 109 137
 149 147 146 153 148 150 147 149 151 122]","[ 78 165 154 155 156 154 150 153 136 137 139 142 145 147 149 150 160 155
 146 136 125 117 110 107 104  99  90  81  73  69  68  68  73  70  66  63
  61  58  54  51  44  36  34  43  57  67  73  78  78  86  99 115 134 148
 151 146 148 154 149 151 148 149 151 121]","[ 86 177 170 171 172 169 164 165 166 163 159 153 148 145 143 142 131 133
 137 143 149 156 161 164 151 144 132 118 106  97  92  89  81  78  73  69
  65  61  57  53  48  38  34  44  60  71  78  81  84 107 133 150 156 157
 154 149 150 156 150 152 149 151 152 121]","[ 89 182 176 176 176 176 172 172 171 169 167 164 161 158 157 156 157 155
 151 146 140 135 132 130 148 146 142 136 127 117 108 103  97  92  85  78
  71  64  57  53  51  44  41  49  60  70  79  87 118 138 159 165 163 160
 158 157 153 158 151 153 151 153 153 121]","[ 88 184 178 176 175 178 176 177 169 170 172 174 174 174 172 171 161 161
 161 160 159 158 157 157 141 141 141 139 135 129 123 119 118 113 106  98
  90  83  75  70  61  55  50  50  55  68  90 108 151 162 170 169 166 165
 164 162 157 161 152 155 153 155 154 121]","[ 88 187 182 178 178 182 181 181 182 183 184 183 180 176 171 168 180 180
 178 176 173 169 166 165 166 163 159 155 151 150 149 149 139 136 130 125
 120 115 110 106  92  84  74  68  69  86 118 146 164 170 174 174 174 174
 170 164 160 163 154 156 155 156 155 120]","[ 87 188 188 185 184 188 186 184 178 179 181 183 184 184 184 184 173 174
 175 176 176 176 175 174 173 171 167 164 161 159 158 158 154 152 148 146
 144 142 138 136 129 121 112 106 106 118 143 166 168 173 177 178 179 178
 173 165 163 165 155 157 156 158 155 120]","[ 85 189 192 190 189 192 187 183 189 187 185 183 181 181 181 181 183 183
 183 182 180 177 174 173 168 171 173 175 173 169 164 161 161 159 156 154
 154 152 149 147 148 142 138 137 137 140 150 160 172 177 180 178 177 177
 173 168 164 166 155 157 157 158 155 120]","[ 93 189 187 187 187 188 187 189 189 189 189 188 188 187 187 187 185 185
 184 183 181 180 179 178 178 178 176 175 173 171 170 169 167 164 161 159
 158 156 153 150 148 143 138 137 143 150 155 158 170 175 181 182 180 177
 175 176 173 169 162 165 157 160 162 122]","[ 93 189 187 187 187 188 187 189 189 189 188 188 188 187 187 187 186 185
 184 183 182 181 180 179 181 180 179 177 175 174 173 172 172 169 166 165
 163 162 159 156 150 145 140 140 144 152 157 160 171 175 180 182 180 177
 176 176 175 171 165 167 159 162 164 124]","[ 93 189 187 187 187 188 187 189 189 188 188 188 187 187 187 187 186 186
 185 184 183 182 181 181 183 183 181 180 178 177 176 175 175 173 170 169
 168 166 164 161 154 149 145 144 148 154 160 164 172 176 180 182 181 179
 178 177 177 173 167 170 162 165 166 126]","[ 93 189 187 187 187 188 187 189 188 188 188 187 187 187 186 186 187 186
 186 185 184 183 182 182 183 183 182 181 179 178 177 177 175 173 170 169
 169 168 165 163 158 154 150 148 151 157 164 168 174 177 180 182 182 181
 180 179 178 175 169 172 164 166 167 127]","[ 93 190 187 187 187 188 187 189 188 188 187 187 187 186 186 186 186 186
 185 185 184 183 183 182 181 181 180 179 178 177 176 176 174 172 170 169
 170 169 167 165 161 159 155 153 154 160 167 172 177 178 180 182 183 183
 182 180 178 175 170 174 165 167 167 127]","[ 93 190 187 187 187 188 187 189 187 187 187 187 186 186 186 185 185 185
 184 184 183 183 182 182 179 179 178 177 176 175 175 174 176 174 172 172
 172 172 170 168 164 162 159 156 156 161 169 175 178 178 179 182 185 185
 184 182 179 176 171 175 167 169 169 127]","[ 93 190 187 187 187 188 187 189 187 187 187 186 186 186 185 185 183 183
 183 183 182 182 182 182 178 177 177 176 175 175 174 174 175 174 172 172
 173 173 171 169 165 164 162 158 158 162 170 177 180 179 179 182 186 187
 185 183 181 178 174 178 170 171 171 129]","[ 93 190 187 187 187 188 187 189 187 187 187 186 186 185 185 185 182 182
 182 182 182 181 181 181 177 177 177 176 175 175 174 174 173 172 170 170
 171 171 170 168 166 165 163 159 158 162 171 178 181 179 179 182 186 188
 186 184 182 180 176 181 173 174 173 131]","[ 92 189 187 187 187 189 188 190 186 186 185 185 184 183 182 182 182 181
 180 179 179 179 180 180 179 179 178 177 175 174 173 172 172 171 171 172
 173 172 170 167 164 162 163 165 165 165 171 178 180 180 181 184 187 187
 185 183 174 180 174 179 179 180 174 135]","[ 92 189 186 187 186 188 186 188 185 184 184 183 182 181 181 180 181 181
 180 179 179 179 179 180 180 179 178 177 176 174 173 173 172 171 171 172
 173 172 170 167 175 170 163 157 152 153 165 178 187 185 183 182 184 184
 184 183 188 196 187 181 168 167 172 145]","[ 92 189 185 185 184 185 183 185 183 183 182 181 181 180 179 179 181 181
 180 179 178 178 178 179 180 179 178 177 176 175 174 174 172 171 171 171
 172 172 170 168 168 161 158 165 173 175 174 173 184 182 180 179 178 175
 170 166 137 156 168 182 180 174 166 130]","[ 92 188 185 184 183 183 181 183 183 182 182 181 180 180 179 179 181 180
 179 178 177 177 177 177 179 179 178 177 176 175 175 174 173 171 170 171
 172 172 170 168 166 164 164 164 158 146 136 133 138 138 136 132 125 113
  99  89  83 101 123 162 183 181 160 109]","[ 91 187 184 183 182 182 180 182 183 183 182 182 181 180 180 179 181 180
 179 177 176 176 176 176 177 177 177 176 175 175 174 174 174 172 170 170
 171 172 171 169 166 172 174 162 140 126 132 147 147 143 137 130 120 108
  96  88 101 102 103 127 146 154 151 115]","[ 90 187 183 183 182 183 181 183 183 183 182 181 181 180 179 179 181 180
 178 177 175 175 175 175 176 175 175 175 174 174 173 173 174 172 170 170
 171 171 171 170 170 165 163 165 165 159 153 152 125 120 114 111 111 114
 116 117 130 127 116 119 116 121 136 121]","[ 89 186 183 183 183 184 182 184 182 181 181 180 179 178 178 177 180 179
 178 176 175 174 174 174 174 173 173 173 173 172 172 172 175 172 170 169
 170 171 171 170 177 163 155 158 159 145 121 102 117 115 115 119 128 138
 145 149 140 141 134 137 127 119 124 106]","[ 88 185 183 183 183 185 184 186 180 180 179 178 177 177 176 176 180 179
 178 176 174 174 173 173 172 172 172 172 172 171 171 171 175 172 170 169
 170 171 171 170 165 168 168 155 131 112 113 123 142 143 147 153 158 160
 160 158 157 152 143 151 146 132 122  89]","[ 89 187 184 184 182 182 181 184 180 179 178 177 176 174 173 173 176 176
 176 176 175 175 175 174 173 173 173 173 172 172 172 171 174 174 172 170
 168 167 168 170 166 164 159 146 129 124 138 156 156 159 160 157 158 162
 164 161 156 163 154 151 146 147 144 107]","[ 87 184 181 180 179 179 178 181 181 180 179 178 177 176 175 174 175 174
 174 174 173 173 173 172 170 170 169 169 169 168 168 168 170 170 170 168
 167 167 169 170 178 157 137 135 144 150 150 148 162 158 152 146 143 145
 152 158 153 163 158 155 148 148 146 111]","[ 89 186 181 181 180 181 179 181 180 179 178 177 176 175 174 174 177 176
 176 176 175 175 175 175 173 173 172 172 172 171 171 171 171 171 170 169
 168 168 167 167 144 142 144 148 147 140 134 132 133 127 123 121 115 111
 119 133 139 155 157 158 151 151 151 118]","[ 87 182 177 176 176 177 175 177 175 174 174 173 172 171 170 170 174 174
 173 173 173 172 172 172 173 173 173 172 172 171 171 171 173 172 171 170
 169 167 164 161 123 135 148 150 136 120 118 125 141 135 134 134 118  96
  92 102 118 142 154 161 156 155 155 122]","[ 79 173 166 165 165 167 165 166 168 167 167 166 165 165 164 164 164 164
 164 163 163 163 162 162 164 163 163 163 162 162 162 161 166 165 164 165
 165 163 159 155 149 132 120 122 131 136 135 134 131 129 136 144 134 116
 113 123 111 139 156 167 161 158 155 122]","[ 79 171 163 161 163 165 163 163 163 162 162 162 161 161 160 160 161 161
 161 161 160 160 160 159 158 158 157 157 157 156 156 156 155 154 154 157
 159 158 153 148 141 122 110 121 142 152 149 143 116 117 125 135 137 134
 140 151 122 148 163 171 164 159 154 118]","[ 83 174 165 163 165 168 165 165 161 161 161 161 160 160 160 160 164 163
 163 163 162 162 162 161 159 159 159 158 158 157 157 157 154 153 152 154
 156 153 146 139 117 121 132 145 151 148 145 145 150 150 149 146 142 140
 141 144 134 156 164 168 160 157 153 119]","[ 82 173 163 161 164 167 164 163 162 162 162 162 162 161 161 161 162 161
 161 161 160 160 160 160 159 158 158 158 157 157 157 156 162 159 157 157
 156 150 140 131 131 135 144 152 152 146 144 147 140 144 146 145 145 149
 148 144 139 156 159 161 155 155 154 121]","[ 84 169 165 168 162 163 166 166 163 163 163 162 162 162 161 161 160 160
 160 159 159 158 158 158 158 159 159 158 158 156 155 154 154 155 156 156
 152 147 141 138 146 147 148 149 149 148 146 145 147 143 141 144 145 143
 143 146 138 157 158 156 147 148 149 117]","[ 83 168 164 167 161 162 165 165 163 162 162 162 161 161 161 160 160 160
 159 159 159 158 158 158 158 158 158 157 157 155 154 153 156 157 158 158
 156 153 149 147 148 148 148 148 148 147 146 145 147 143 142 145 146 143
 143 145 135 153 155 154 146 145 145 112]","[ 81 166 162 165 159 161 164 163 162 161 161 161 160 160 160 159 160 159
 159 159 158 158 158 158 156 156 156 156 155 154 153 152 152 152 153 153
 152 151 150 149 150 149 148 146 145 145 144 144 146 143 142 145 144 141
 140 143 134 150 151 152 144 142 141 108]","[ 80 165 161 164 158 159 162 162 161 161 160 160 160 159 159 159 159 159
 159 158 158 158 157 157 155 155 155 155 154 152 151 150 150 149 149 148
 148 148 148 148 150 148 146 143 142 141 142 142 143 141 141 143 141 137
 137 141 140 151 149 150 142 140 141 110]","[ 79 164 160 163 157 158 162 161 161 161 160 160 160 159 159 159 159 159
 158 158 158 157 157 157 154 154 154 154 153 152 150 150 153 152 150 149
 148 148 148 148 147 145 143 141 139 139 139 140 140 138 138 139 136 133
 135 141 149 155 150 150 143 141 143 115]","[ 79 164 160 163 157 158 161 161 162 161 161 161 160 160 160 159 158 158
 158 158 157 157 157 156 154 154 154 154 153 152 150 149 151 150 148 146
 145 144 144 143 144 143 142 140 139 139 139 138 139 136 136 135 132 130
 136 144 154 157 150 152 145 142 144 117]","[ 79 164 160 163 157 159 162 161 163 162 162 162 161 161 161 160 158 158
 158 157 157 157 156 156 154 154 154 154 153 152 151 150 147 146 146 145
 144 142 141 141 142 143 143 143 142 141 140 139 139 137 135 134 131 130
 139 149 152 155 149 154 148 142 140 112]","[ 80 164 161 163 157 159 162 162 163 163 163 162 162 162 161 161 158 158
 158 157 157 156 156 156 154 154 155 154 153 152 151 150 149 149 149 149
 149 148 146 146 142 143 144 145 145 144 142 141 141 138 136 134 131 131
 141 153 148 152 148 156 150 141 136 106]","[ 74 167 160 159 159 161 160 161 163 163 163 163 163 164 164 164 161 161
 161 161 161 162 162 162 164 164 163 162 160 159 158 158 156 156 154 153
 152 151 151 151 147 144 142 143 145 145 141 137 132 131 136 145 147 143
 142 146 144 147 136 135 131 135 140 112]","[ 81 175 168 167 167 169 167 169 173 173 173 173 173 173 173 173 170 170
 170 170 170 170 169 169 164 164 163 162 161 159 159 158 157 156 154 153
 151 150 150 150 146 145 144 144 145 144 143 141 136 136 141 148 148 140
 134 134 138 142 134 134 132 137 142 113]","[ 87 181 174 173 174 175 173 175 175 175 175 175 175 175 175 175 172 172
 172 171 170 170 169 169 165 164 164 162 161 160 159 159 158 157 155 152
 151 149 149 148 144 145 146 146 144 144 144 145 144 142 141 141 138 131
 127 127 132 138 132 135 135 139 144 115]","[ 87 181 175 175 175 176 174 175 173 173 173 172 172 172 172 172 171 171
 170 169 168 167 166 166 166 165 164 163 162 161 160 159 159 158 155 153
 150 149 148 147 143 145 147 146 143 142 145 148 152 145 135 128 124 124
 128 132 131 138 133 138 138 142 145 116]","[ 85 180 175 174 175 176 173 173 175 175 175 174 174 173 173 173 174 174
 173 172 171 170 169 169 167 166 165 164 163 162 161 160 160 159 156 154
 151 150 149 148 143 145 147 145 142 142 145 149 149 144 136 128 125 129
 135 138 134 141 136 141 140 144 146 116]","[ 86 181 176 176 176 177 174 174 175 175 174 174 173 172 172 171 173 173
 172 172 171 170 170 170 167 167 166 165 164 162 162 161 160 159 157 155
 153 152 151 151 147 147 147 145 144 144 146 148 141 144 143 140 140 142
 141 138 136 143 138 142 141 144 147 117]","[ 86 182 177 177 177 178 174 174 174 173 173 172 171 170 169 169 169 169
 169 169 169 168 168 168 168 167 167 165 164 163 162 162 161 160 158 156
 155 154 154 154 154 151 148 146 147 148 149 148 139 145 148 146 145 146
 143 136 135 142 136 140 140 144 148 119]","[ 85 181 176 177 177 177 173 173 176 176 175 174 173 173 172 171 169 169
 170 170 170 170 170 170 168 168 167 166 164 163 162 162 161 160 158 157
 156 155 155 155 159 154 149 148 150 152 151 149 143 147 147 141 140 143
 141 136 134 140 134 138 138 144 149 120]","[ 87 184 179 178 176 177 175 178 176 175 174 174 175 174 172 169 168 168
 168 169 169 169 169 169 169 169 169 168 167 165 163 162 164 164 162 161
 159 157 156 155 155 153 151 151 151 151 149 147 147 146 145 145 146 144
 141 138 137 139 133 140 140 141 146 120]","[ 89 186 182 181 180 181 179 181 179 177 176 177 177 177 174 172 172 172
 172 172 172 172 172 172 172 172 172 171 170 168 167 166 165 164 163 162
 160 158 157 156 157 155 153 152 153 152 150 148 149 148 148 148 149 147
 144 141 140 143 138 145 145 146 149 123]","[ 85 183 180 180 179 180 177 179 177 175 174 175 175 175 172 170 170 170
 170 170 169 169 169 169 170 170 170 169 168 166 165 164 163 162 161 160
 158 157 155 155 155 153 151 150 151 150 148 146 143 142 142 142 142 141
 137 135 133 137 133 141 140 140 142 115]","[ 88 186 184 184 184 184 181 182 182 180 179 180 180 180 177 175 174 174
 173 173 173 172 172 172 172 173 173 172 171 170 169 168 168 168 167 165
 164 163 162 161 160 158 156 155 156 155 153 151 146 145 145 145 146 144
 141 138 135 140 136 144 143 143 144 116]","[ 84 182 178 179 178 178 176 177 178 176 175 176 176 176 173 171 169 168
 168 168 167 166 166 166 166 166 167 166 166 165 163 163 162 162 161 160
 159 158 157 157 153 151 149 149 149 148 146 144 145 144 143 144 144 142
 139 136 132 137 133 141 140 139 140 112]","[ 93 189 184 183 181 182 180 183 183 182 181 181 182 181 179 176 174 174
 173 173 172 171 171 170 171 171 171 171 171 170 169 168 165 165 164 163
 162 161 161 160 156 154 152 152 152 152 150 148 148 147 146 147 147 145
 142 139 136 140 135 142 141 140 142 115]","[ 97 191 185 182 180 181 181 184 182 181 180 180 181 180 178 176 175 175
 174 173 173 172 171 171 171 171 172 172 172 171 170 169 166 165 165 164
 163 163 162 162 159 157 155 155 155 155 153 151 148 147 147 147 147 146
 143 140 139 142 136 142 141 141 144 117]","[ 60 153 145 141 138 140 140 144 140 139 138 138 139 138 136 133 135 135
 134 133 132 131 131 130 130 131 131 132 131 131 130 129 128 127 127 126
 125 125 124 124 123 121 119 119 119 119 117 115 115 114 113 114 114 113
 109 106 108 110 103 109 107 108 112  85]"
