"[ 34  49  51  61  58  49  57  53  53  55  56  56  56  59  66  72  67  71
  79  92 105 113 115 113 114 116 115 113 112 106  87  67  60  55  53  59
  66  68  60  51  41  45  29  19  29  26  18  27  53  52  50  49  46  43
  39  36  44  47  44  49  41  42  65  62]","[ 52  71  72  83  88  87 102 103  98  99 101 101 101 103 108 113 121 120
 123 134 154 179 201 214 231 241 250 250 249 247 236 223 211 188 154 126
 111 106 104 103 101  99  85  63  36  16  30  64  89  84  78  75  74  74
  73  72  62  76  71  71  82 114 138 113]","[ 42  66  63  66  67  61  69  68  68  70  74  77  80  84  89  93  93  94
  95  98 101 108 115 120 123 140 162 181 202 227 249 253 249 249 248 240
 219 186 152 130 111  86  83  99  99  89  89  95  82  75  67  63  65  70
  73  74  66  78  76  87 110 142 154 117]","[ 58  92  88  84  84  70  67  63  64  65  68  70  72  74  76  78  75  83
  92  96  95  90  87  86 100 104 108 109 113 126 144 157 190 204 225 243
 252 251 245 240 213 166 137 124 101  90  88  78  71  66  62  61  65  70
  73  74  78  83  92 126 144 146 143 113]","[ 41  85  82  77  85  78  77  77  71  69  67  64  62  60  57  55  63  65
  68  69  70  74  81  87  75  79  85  91  95  96  97  99 102 105 110 121
 138 162 186 202 215 228 242 206 128  83  74  66  73  73  74  75  77  79
  80  81  88 103 122 152 158 149 146 120]","[ 53 102  92  78  89  86  85  89  87  84  80  78  77  76  74  72  74  71
  67  61  57  57  60  62  71  68  69  75  80  80  79  79  88  91  96  99
  99  99  99  99 118 134 140 111  73  65  76  79  68  72  76  77  76  77
  81  85 103 133 145 146 140 146 149 114]","[ 68 125 115  96 106  98  89  90  90  86  81  80  81  82  81  80  75  75
  76  77  77  73  68  64  58  51  50  57  65  70  77  84  77  77  79  81
  84  85  86  86  82  84  79  78  86  80  60  47  73  79  83  83  81  88
 103 117 136 156 155 148 142 150 154 118]","[ 81 149 149 139 154 144 129 126 115 109 100  94  91  89  86  83  85  81
  78  77  78  78  74  70  75  72  73  76  72  61  55  56  57  53  50  51
  57  64  70  72  65  74  68  63  64  53  55  82  74  80  84  83  84  98
 124 146 146 142 136 150 152 148 149 125]","[ 68 149 134 134 137 139 139 144 151 149 146 141 135 129 124 121 103  98
  92  87  84  81  79  77  75  76  76  76  76  75  74  74  69  66  62  59
  55  51  45  41  42  39  42  51  60  65  70  75  84  81  83  97 119 137
 143 143 146 151 145 150 152 154 152 117]","[ 79 163 149 149 149 148 143 145 129 131 134 138 141 144 145 146 165 158
 148 138 129 121 114 110  97  93  86  80  75  74  74  75  72  69  66  64
  62  58  54  51  48  39  35  43  56  65  71  75  79  87 101 118 134 146
 151 152 147 152 146 151 152 154 152 118]","[ 87 175 165 166 165 162 154 153 154 153 152 149 145 141 138 136 129 129
 131 137 145 152 157 159 157 150 137 122 107  94  86  81  79  76  73  70
  67  63  58  54  55  43  37  45  59  71  78  82  88 105 129 147 153 155
 156 158 150 154 148 152 153 155 153 119]","[ 86 179 173 174 175 175 168 167 164 164 163 161 159 156 154 152 160 156
 150 145 141 137 133 130 142 142 141 137 130 119 110 104  93  90  84  78
  73  66  59  55  56  47  43  50  61  73  84  93 117 134 155 166 166 160
 157 156 154 157 150 154 154 156 154 120]","[ 85 180 175 174 176 180 177 176 169 170 170 171 171 170 169 169 162 160
 158 157 158 158 157 155 134 136 139 139 136 130 123 118 115 111 105  98
  92  85  77  72  65  58  52  52  57  71  94 114 150 158 168 172 170 164
 159 157 157 161 152 155 156 157 156 122]","[ 88 185 179 175 176 180 178 177 185 184 182 178 174 170 167 165 175 172
 169 166 165 163 159 156 169 166 161 155 149 143 139 137 137 134 130 125
 122 117 111 107  97  89  78  70  70  86 117 145 167 170 172 174 172 169
 166 164 161 164 155 157 157 159 157 123]","[ 89 189 184 180 180 184 181 179 177 178 179 180 181 181 180 180 176 175
 174 175 177 178 176 175 164 163 161 160 160 161 162 163 153 151 148 147
 145 142 138 135 130 123 114 108 107 118 140 161 169 173 177 178 176 173
 171 171 164 166 156 158 157 159 158 124]","[ 88 190 188 185 185 190 186 182 185 185 185 184 183 181 180 179 181 179
 177 177 176 174 171 169 171 173 174 173 171 166 161 158 161 159 156 155
 154 152 148 146 142 139 137 139 139 140 148 156 167 174 182 183 179 173
 172 173 165 167 157 159 158 160 158 125]","[ 93 190 186 186 186 187 185 187 188 188 186 185 184 183 183 183 183 182
 180 179 177 177 177 177 178 178 176 175 173 171 170 169 166 163 160 158
 157 156 154 152 145 143 139 138 140 147 154 159 173 176 179 182 182 180
 177 174 174 170 164 167 159 162 165 125]","[ 93 190 186 186 186 187 185 187 188 187 186 185 184 184 184 184 181 180
 180 179 179 179 179 180 179 178 177 175 174 172 171 170 169 166 163 162
 161 160 158 156 149 146 143 141 144 150 157 162 174 176 179 182 182 180
 178 175 175 171 165 168 160 163 165 126]","[ 92 189 186 186 185 186 185 187 187 186 186 185 185 185 186 186 180 180
 179 179 180 181 182 182 179 179 178 176 175 173 172 172 172 170 168 166
 166 165 162 160 154 151 147 146 148 154 161 166 175 177 180 182 183 181
 179 177 176 172 166 170 162 165 167 127]","[ 92 189 186 186 185 186 184 186 186 185 185 185 185 186 186 187 182 181
 181 180 180 181 182 182 180 179 178 177 175 174 173 173 174 172 170 170
 169 168 165 163 158 155 151 149 152 157 164 169 176 178 181 183 184 183
 181 179 177 174 169 172 165 167 168 128]","[ 91 188 185 185 185 186 184 186 185 185 184 184 184 185 186 186 184 183
 182 181 180 180 180 180 179 179 178 177 176 175 174 173 174 172 171 171
 171 169 166 163 161 158 154 152 154 159 166 171 177 179 181 183 184 184
 183 182 178 176 171 175 167 169 170 129]","[ 91 188 185 185 184 185 184 186 184 184 183 183 182 183 183 184 184 184
 182 180 179 178 178 178 178 177 177 176 175 174 174 173 172 172 171 171
 172 170 166 163 164 161 156 154 156 161 168 172 178 180 182 184 185 185
 185 184 180 177 173 177 170 172 172 131]","[ 91 188 184 185 184 185 183 185 184 184 182 181 181 180 181 181 182 181
 180 179 178 178 179 179 176 176 176 175 174 173 173 173 172 172 171 172
 173 171 167 164 167 164 159 157 158 164 170 175 179 180 182 184 185 186
 186 186 181 179 175 179 172 173 173 132]","[ 91 188 184 184 184 185 183 185 184 183 182 180 179 179 179 179 179 179
 178 178 178 179 180 180 176 175 175 174 174 173 172 172 172 172 172 173
 174 172 168 165 169 166 161 159 160 166 172 177 180 181 182 184 186 186
 187 187 181 179 176 180 173 174 174 132]","[ 92 188 183 182 181 181 180 182 183 183 182 182 181 180 179 179 177 178
 178 178 178 177 176 175 175 176 177 176 174 173 173 173 176 178 174 166
 166 170 171 167 170 165 160 159 158 159 166 175 178 180 182 183 184 184
 183 182 175 182 182 183 172 175 175 132]","[ 90 186 182 181 179 180 178 181 182 181 181 180 179 178 178 177 177 177
 178 178 177 176 175 175 175 175 175 173 172 172 172 173 159 165 167 166
 167 170 169 165 170 164 160 159 158 159 166 175 179 180 181 182 183 183
 183 183 185 184 178 178 172 179 181 137]","[ 89 185 181 179 178 179 177 179 180 180 179 178 178 177 176 176 176 176
 177 177 176 176 175 174 178 177 176 174 173 173 173 173 175 179 179 173
 169 168 165 162 169 164 161 160 159 159 165 173 180 180 180 180 181 182
 183 184 187 183 175 178 174 181 178 131]","[ 89 185 181 180 178 179 177 179 180 179 179 178 177 177 176 176 175 175
 176 176 175 174 173 173 177 176 174 173 173 173 172 171 167 167 166 164
 164 167 170 172 168 164 161 161 159 159 164 171 180 179 179 178 179 181
 183 184 182 181 177 183 175 172 164 116]","[ 90 186 182 180 179 180 178 180 180 180 179 179 178 177 177 176 174 174
 174 174 174 173 172 172 171 169 169 171 174 175 173 171 172 170 169 170
 171 171 170 170 167 163 161 162 160 158 162 169 179 179 178 177 178 180
 182 183 183 182 179 180 165 158 153 111]","[ 90 186 182 181 179 180 178 180 180 180 179 178 178 177 176 176 172 173
 173 173 173 172 171 170 171 170 170 173 176 176 171 167 155 153 157 168
 176 174 168 163 166 163 162 163 161 158 161 167 177 177 177 178 179 180
 181 182 189 182 171 168 151 147 151 118]","[ 89 185 181 179 178 179 177 179 179 178 178 177 176 175 175 174 172 172
 172 172 172 171 170 169 173 170 168 167 166 159 149 140  98  94 102 126
 152 166 169 169 165 163 162 163 161 158 160 165 175 176 177 179 179 180
 180 180 183 171 156 155 144 144 152 120]","[ 87 184 179 178 177 177 176 178 177 177 176 175 174 174 173 173 171 171
 172 172 171 171 170 169 170 165 159 154 146 133 116 103 113  99  94 111
 135 151 157 160 165 162 162 164 162 158 159 164 174 175 177 179 180 180
 179 178 171 156 143 149 145 147 150 114]","[ 87 185 182 181 179 179 177 180 175 175 175 175 174 172 171 170 175 170
 167 171 177 176 167 157 147 135 124 126 136 137 124 110 113 122 129 126
 120 122 137 151 168 164 159 158 160 163 163 162 172 176 179 179 179 179
 172 164 143 149 143 146 144 146 148 118]","[ 85 182 179 178 176 176 174 177 173 173 173 173 172 171 169 168 163 171
 177 173 160 146 139 137 133 149 163 159 140 121 113 114 131 134 135 133
 129 127 129 132 150 158 166 165 158 156 161 168 168 178 184 182 174 165
 153 144 143 149 143 146 144 146 148 117]","[ 87 184 179 178 176 177 175 177 175 175 175 175 174 173 172 171 168 171
 170 161 149 143 145 151 158 148 132 119 115 126 143 157 154 151 149 149
 149 145 137 129 117 134 155 166 165 160 157 158 167 176 181 173 159 148
 140 135 143 149 143 146 144 146 147 117]","[ 85 180 174 173 172 174 171 173 171 172 172 172 171 170 169 169 176 166
 158 158 163 164 158 150 133 118 106 113 136 155 161 158 163 160 158 161
 165 162 152 143 119 121 128 141 156 163 163 159 168 170 165 153 144 142
 143 144 143 149 143 145 143 144 146 115]","[ 77 171 163 162 162 164 161 162 161 162 162 162 162 161 160 160 163 160
 161 170 176 164 135 111 109 121 138 152 158 160 159 159 163 161 161 163
 165 164 158 152 150 136 121 117 128 146 160 167 163 160 151 141 140 145
 149 149 142 148 141 144 141 142 144 113]","[ 77 169 160 158 159 162 159 159 158 158 159 159 159 159 158 157 154 159
 164 166 159 142 123 109 138 149 160 163 158 157 164 172 160 160 160 162
 163 162 158 155 152 148 140 130 123 125 134 143 149 149 146 143 145 149
 147 142 140 146 139 142 139 140 141 110]","[ 81 172 162 160 162 165 161 161 160 160 161 161 161 161 160 160 159 160
 158 151 142 137 137 140 149 154 161 166 165 157 146 138 144 144 148 155
 163 166 163 158 143 148 153 151 142 132 124 120 132 139 144 144 144 146
 143 139 138 144 138 139 136 138 139 108]","[ 80 171 160 159 161 163 160 159 157 158 159 159 159 159 159 158 160 158
 154 151 149 147 145 144 155 157 157 151 140 128 119 115 120 121 127 143
 161 169 166 159 160 153 148 151 156 154 144 133 122 133 141 141 138 140
 143 143 137 143 136 138 135 136 137 106]","[ 82 165 159 161 156 160 163 162 162 161 160 160 160 159 159 159 159 153
 151 154 157 154 152 151 143 139 125 105  87  80  84  90 102 103 119 147
 167 169 165 165 158 159 159 159 158 158 157 157 137 123 115 124 136 140
 138 137 133 141 137 139 136 138 137 103]","[ 82 165 159 161 157 160 163 162 159 159 160 162 163 163 161 160 158 148
 142 147 153 152 146 141 121 117 112 106  97  89  92  99 104 100 110 138
 162 168 164 161 157 159 160 161 161 160 158 157 155 140 128 126 129 131
 134 139 133 139 132 133 131 135 137 106]","[ 82 164 159 162 157 160 163 161 158 158 159 161 163 162 159 156 144 142
 144 151 152 143 132 126 141 133 132 139 135 121 116 122 125 116 120 144
 168 173 168 164 157 158 161 162 163 161 159 158 166 156 145 137 131 126
 126 130 133 139 132 134 131 131 131 100]","[ 81 164 159 162 158 160 162 161 161 158 157 158 159 159 155 152 146 143
 142 141 135 130 130 135 146 133 134 148 148 130 122 127 150 141 143 161
 176 175 168 164 157 157 158 159 160 160 160 160 163 160 156 152 144 133
 122 115 117 124 123 132 132 131 131 101]","[ 81 164 159 163 158 160 162 160 163 159 155 155 159 161 159 156 165 143
 122 116 123 135 148 156 134 121 123 141 147 135 130 138 155 150 155 168
 173 166 158 157 157 156 155 154 155 158 160 162 161 160 160 160 158 148
 131 117  97 102 100 113 118 124 131 108]","[ 80 164 160 164 159 161 162 160 162 158 155 157 163 166 164 161 156 132
 113 123 147 162 159 151 146 136 137 149 154 148 146 152 149 148 154 165
 167 158 152 154 155 154 153 153 155 157 160 162 163 162 159 158 159 157
 146 134 109 104  91  95  96 102 116  99]","[ 80 164 160 164 159 161 162 159 161 158 156 160 165 165 159 152 133 128
 133 151 167 167 155 144 154 149 147 150 150 145 144 146 151 146 148 159
 163 157 152 153 151 153 155 157 159 160 160 160 157 160 159 156 155 157
 152 145 134 124 104 102  96  94 104  86]","[ 79 163 160 164 160 161 162 159 161 158 158 161 164 159 147 137 129 141
 155 161 153 146 151 162 154 155 154 152 151 150 149 148 156 144 141 151
 159 155 149 148 148 152 157 162 164 163 160 158 146 156 161 157 152 152
 149 144 141 134 119 121 113 106 109  88]","[ 74 166 160 161 160 158 158 164 164 164 162 160 157 154 152 150 159 162
 164 164 161 159 160 162 161 161 160 158 155 153 154 155 149 151 153 154
 153 151 149 147 144 150 158 164 165 159 152 146 151 153 154 154 151 148
 144 141 140 143 132 128 120 119 122  93]","[ 81 174 168 169 168 166 166 171 170 170 171 171 171 170 169 168 168 170
 172 172 169 167 168 170 160 163 166 167 164 158 153 150 148 151 154 156
 156 152 147 144 151 154 159 161 158 151 142 136 138 137 137 136 136 136
 136 136 136 142 135 135 129 128 129  99]","[ 87 180 174 176 174 173 172 177 172 173 174 175 175 175 175 175 170 171
 173 172 170 169 169 169 162 162 161 158 153 146 140 136 147 151 156 160
 160 156 150 146 149 151 152 152 147 141 133 129 124 122 119 117 116 117
 120 121 127 137 135 139 136 135 136 105]","[ 87 180 175 177 175 173 172 177 175 175 175 174 173 171 170 169 168 169
 170 169 168 167 166 166 169 161 151 141 135 133 133 133 151 154 158 161
 160 157 153 150 139 140 141 141 139 137 133 131 128 126 121 116 113 111
 111 111 118 129 128 135 134 136 138 109]","[ 86 179 175 177 175 173 171 176 178 178 177 176 174 171 169 168 172 172
 172 171 171 170 168 167 165 157 147 140 140 143 147 149 156 156 156 156
 154 151 149 147 136 137 138 139 139 139 139 139 141 139 136 132 127 122
 117 115 115 125 123 129 129 134 139 112]","[ 86 180 176 178 177 174 172 177 173 174 174 174 173 172 171 170 173 172
 171 171 171 170 167 165 147 145 145 149 155 159 159 157 156 155 153 150
 147 144 142 141 144 144 144 144 144 144 144 145 141 141 141 139 135 129
 123 120 118 126 122 126 126 132 139 112]","[ 86 180 177 179 178 175 172 177 170 171 171 172 172 172 172 171 171 169
 167 167 168 167 164 161 142 143 146 153 158 156 148 141 147 147 148 149
 148 147 145 144 151 151 150 149 148 147 146 146 139 140 140 139 135 130
 125 121 119 126 122 126 124 129 134 106]","[ 85 179 176 179 177 174 171 175 175 175 176 176 176 175 174 173 173 170
 168 168 169 169 165 161 155 152 151 152 151 144 132 122 136 139 145 151
 154 156 155 154 152 151 151 150 148 147 146 145 145 145 144 141 137 132
 128 125 117 125 122 125 123 125 128  99]","[ 90 184 177 175 175 178 176 178 175 174 174 173 172 171 171 170 172 171
 171 171 172 171 167 165 161 153 142 132 128 130 136 141 158 158 159 159
 157 155 153 152 153 152 151 150 148 147 145 145 144 144 143 141 138 134
 130 128 118 122 118 125 124 123 125  98]","[ 91 185 179 178 179 181 178 180 177 177 176 176 175 174 173 173 171 170
 170 170 171 170 167 165 148 147 145 146 149 156 163 168 165 165 165 165
 164 162 160 159 155 154 153 151 150 148 147 146 148 148 147 146 143 139
 136 134 125 127 119 123 122 123 128 103]","[ 86 181 176 177 178 179 176 177 175 175 174 174 173 172 171 171 168 167
 166 167 168 167 165 162 152 154 157 160 164 167 169 170 161 161 161 160
 159 158 156 155 153 152 151 150 148 147 145 145 143 143 143 142 140 137
 134 132 124 123 112 114 112 115 122  98]","[ 89 185 181 182 183 184 181 181 180 180 179 179 178 177 176 176 175 173
 172 172 173 173 171 169 172 173 174 174 173 170 167 165 165 164 164 163
 161 160 159 158 158 158 157 155 153 152 151 150 145 146 146 146 144 142
 139 138 130 129 117 118 115 117 124 100]","[ 86 182 178 179 180 181 177 177 176 176 175 175 174 173 173 172 170 169
 167 167 168 169 168 166 165 166 166 166 166 165 163 163 164 163 162 161
 159 159 158 158 152 151 150 149 147 146 144 144 143 143 144 143 142 140
 137 136 125 125 115 118 114 113 117  91]","[ 95 189 185 184 185 186 182 182 182 181 181 180 179 178 178 177 174 172
 170 170 171 172 172 171 168 168 167 167 167 167 168 169 169 168 166 165
 163 163 163 163 156 155 154 152 151 149 148 147 146 146 146 146 144 142
 140 138 126 128 119 121 117 114 116  88]","[ 98 190 186 184 183 184 182 183 181 180 180 179 178 178 177 177 174 171
 169 169 171 172 172 172 173 172 170 168 167 166 166 166 168 167 165 163
 162 161 162 162 159 158 157 156 154 153 151 151 148 148 148 147 145 143
 140 138 133 134 124 126 121 118 119  92]","[ 59 152 144 142 141 142 140 141 139 138 138 137 136 135 135 134 134 132
 129 129 131 133 133 133 130 130 130 130 129 129 129 128 132 130 128 126
 125 124 125 125 123 123 121 120 118 117 116 115 116 116 116 115 113 110
 107 105 109 108  97  97  92  90  92  65]"
