"[ 39  61  52  50  56  54  58  51  58  58  57  58  61  66  71  74  69  68
  73  85 102 114 119 118 119 116 114 115 114 104  85  71  62  59  58  59
  63  64  63  61  49  44  22  15  28  25  19  32  53  51  49  49  49  46
  40  36  37  42  43  51  44  45  68  65]","[ 46  76  77  79  86  88  99  97  97  96  95  95  97 100 103 105 114 117
 125 138 157 178 195 205 227 235 245 249 248 249 239 233 214 193 159 128
 108 101 101 103  91  91  82  64  40  20  31  63  89  84  78  76  77  77
  75  72  72  83  73  68  77 109 134 111]","[ 34  68  69  64  62  59  68  66  82  82  84  86  90  93  96  98  93  94
  94  94  95 102 111 118 131 144 163 181 198 218 240 252 244 247 248 241
 222 189 155 133 117  95  89  97  95  91  95  98  82  74  66  64  68  73
  74  74  71  81  75  83 106 140 155 120]","[ 61  94  90  79  73  68  75  69  58  59  60  62  64  66  67  68  80  82
  85  87  88  89  89  90  90  95 100 106 114 131 152 168 186 201 223 244
 254 254 251 244 221 182 149 121  93  91  95  81  71  66  61  62  68  74
  75  74  71  78  90 127 147 149 146 116]","[ 48  82  79  73  76  79  87  78  78  77  75  73  71  69  67  66  62  61
  63  70  78  83  82  79  93  95  97  98  96  94  92  91 109 109 111 120
 137 160 183 197 194 226 250 210 132  91  78  59  73  72  73  76  80  83
  82  81  88 104 124 155 159 148 142 115]","[ 53  89  88  81  85  87  91  78  84  83  81  79  78  78  77  77  80  71
  62  59  62  64  61  57  66  66  68  74  82  87  88  87  90  93  95  96
  95  94  95  96 106 133 145 114  75  70  78  74  69  72  76  78  79  80
  83  85 111 138 146 143 135 142 147 114]","[ 66 110 114 105 100  95  94  78  84  82  80  78  77  78  79  80  82  77
  72  69  70  72  72  72  65  61  56  55  59  65  70  73  70  74  80  83
  84  86  88  91  96  93  81  75  82  79  61  48  74  78  83  83  84  92
 105 117 140 157 153 144 138 149 156 123]","[ 84 138 153 148 143 137 137 123 113 109 102  95  89  86  84  84  71  75
  79  80  79  77  76  76  78  79  79  77  72  66  60  57  55  57  60  61
  62  65  71  76  68  71  64  64  68  54  52  79  74  79  83  83  87 101
 126 146 146 144 139 153 154 147 145 120]","[ 67 147 133 136 137 135 135 145 148 147 145 141 135 128 122 119 105 102
  97  92  88  84  79  75  73  73  71  71  73  75  78  80  72  69  64  60
  57  53  48  45  46  42  44  51  59  67  76  85  86  82  80  90 113 137
 146 143 146 152 148 152 152 153 152 119]","[ 78 161 150 153 152 147 143 149 127 130 134 138 142 144 144 144 155 150
 143 137 130 124 117 112 100  96  90  82  75  70  67  66  73  70  66  63
  61  58  54  51  48  41  38  45  56  64  72  78  80  89 102 117 135 149
 154 151 147 153 148 152 152 153 152 119]","[ 86 173 166 170 168 161 154 157 154 153 152 150 146 142 138 136 139 138
 139 142 147 150 151 150 147 142 132 120 109  99  92  88  80  76  72  67
  64  60  55  52  51  43  40  48  60  68  73  77  85 106 132 149 157 160
 158 153 148 154 148 153 152 154 153 120]","[ 85 177 172 176 176 171 165 167 165 165 164 162 160 157 155 153 142 141
 139 138 139 138 137 135 150 147 140 131 123 115 110 108  95  90  83  76
  70  62  56  51  51  46  45  52  62  71  80  88 113 133 155 166 167 163
 156 149 151 156 150 153 153 154 154 121]","[ 87 180 175 177 176 174 171 174 171 171 171 172 171 171 171 170 172 169
 164 160 156 152 147 143 142 140 137 133 129 126 124 123 118 113 105  97
  90  82  75  70  62  57  53  52  56  70  94 115 148 158 167 169 168 166
 160 153 154 159 152 155 154 156 155 123]","[ 91 187 182 180 178 177 175 177 186 185 182 178 174 170 168 166 171 169
 169 170 172 173 172 171 160 159 157 155 152 149 147 146 140 136 131 126
 121 116 110 107  96  88  78  69  68  85 120 150 170 173 173 171 171 173
 170 164 158 162 154 157 156 158 158 126]","[ 90 188 186 184 182 183 181 182 178 178 178 178 179 180 180 181 177 175
 172 171 170 168 166 163 169 168 167 164 162 159 157 155 155 152 149 147
 145 142 139 136 129 123 115 108 105 116 141 164 171 176 178 175 175 176
 174 170 161 165 157 159 158 160 160 128]","[ 83 184 185 186 186 188 186 186 186 185 183 181 180 179 179 179 183 181
 179 178 179 178 176 175 171 171 171 171 170 168 167 166 161 159 156 154
 154 152 149 147 141 139 139 139 137 137 145 155 165 174 181 180 177 175
 172 168 163 167 158 160 159 161 162 130]","[ 93 190 187 187 187 189 187 189 186 186 186 185 185 185 184 184 183 181
 179 179 179 179 177 175 178 178 176 175 173 171 170 169 163 163 162 160
 158 156 153 152 149 143 137 136 142 150 156 158 174 176 180 182 182 180
 176 174 172 169 164 167 159 161 162 121]","[ 92 189 187 187 187 188 187 189 186 186 185 185 185 184 184 184 183 181
 179 179 180 180 178 176 179 178 177 175 174 172 171 170 166 166 165 164
 162 159 157 156 151 146 140 139 144 151 157 161 173 176 179 182 182 181
 178 176 175 172 167 170 162 164 165 124]","[ 92 189 186 186 186 188 186 188 185 185 185 184 184 184 183 183 183 181
 180 180 180 180 179 177 179 179 178 176 175 173 172 172 170 170 169 168
 166 164 162 160 155 150 144 143 147 154 161 164 173 175 179 182 183 182
 180 179 179 176 170 174 165 167 168 127]","[ 91 188 185 186 185 187 185 188 184 184 184 184 183 183 183 182 183 181
 180 180 181 181 179 178 180 179 178 177 175 174 173 173 173 172 172 171
 169 167 165 164 159 155 150 148 150 157 164 169 173 175 179 182 184 184
 183 182 181 178 172 176 168 169 170 129]","[ 90 187 184 185 185 186 185 187 184 183 183 183 182 182 182 182 182 180
 179 179 181 181 180 178 179 179 178 177 176 175 174 173 173 173 172 171
 170 168 166 165 162 159 155 152 153 159 167 173 175 177 180 183 185 185
 185 184 181 178 173 176 168 170 171 130]","[ 89 187 184 184 184 185 184 186 183 183 182 182 182 181 181 181 180 179
 178 178 180 180 179 177 178 177 177 176 175 174 174 173 172 172 172 171
 170 168 167 166 165 162 159 155 156 161 169 176 177 178 181 183 185 186
 186 186 182 179 173 177 169 171 172 131]","[ 89 186 183 183 183 185 183 185 182 182 182 181 181 181 180 180 179 177
 176 177 178 179 178 177 176 176 176 175 174 173 173 173 172 172 172 172
 170 169 167 166 166 165 161 157 157 162 170 178 179 180 182 184 185 186
 186 186 183 180 175 179 170 172 173 132]","[ 89 186 183 183 183 184 183 185 182 182 181 181 181 180 180 180 178 176
 175 176 178 178 177 176 176 175 175 174 174 173 172 172 173 173 173 172
 171 170 168 167 167 166 162 158 157 162 171 178 180 181 183 184 186 186
 186 186 185 182 176 180 172 174 174 134]","[ 89 184 180 181 182 184 181 182 179 180 180 181 181 181 180 179 173 175
 177 176 173 172 174 177 172 179 181 174 170 172 173 171 172 171 169 169
 171 171 169 168 170 165 162 162 162 162 169 177 182 182 183 185 185 185
 185 185 182 181 179 185 177 177 176 134]","[ 88 184 179 180 181 183 180 180 181 180 180 179 178 177 176 176 177 179
 180 179 176 175 176 178 175 175 171 169 173 179 177 170 172 170 169 169
 170 171 169 168 168 164 161 161 160 161 167 175 181 182 183 184 185 185
 185 185 190 184 177 181 176 181 181 140]","[ 87 183 178 179 180 181 178 179 182 181 179 177 175 174 173 173 172 173
 173 172 170 169 170 171 172 173 172 171 173 176 176 172 172 170 169 169
 170 170 169 167 167 163 160 160 159 159 165 173 181 181 182 183 184 185
 185 185 190 184 177 182 177 180 179 136]","[ 87 182 177 178 179 180 177 177 181 180 178 176 174 173 173 173 175 175
 175 175 174 174 174 175 165 173 179 176 168 164 167 171 171 170 168 169
 170 170 169 167 167 163 161 161 160 160 165 172 180 180 181 181 182 184
 185 186 182 183 182 187 176 171 165 121]","[ 87 182 177 178 178 179 176 176 179 178 177 176 175 175 174 174 172 171
 171 172 172 173 172 172 172 173 174 174 171 167 165 165 171 169 168 168
 169 170 168 167 168 164 162 163 162 160 165 172 179 179 179 180 181 183
 185 186 182 185 184 184 165 158 155 115]","[ 88 183 178 178 178 179 176 176 176 177 177 177 176 175 174 173 174 173
 171 171 172 171 170 168 178 163 153 160 174 179 173 165 171 169 168 168
 169 169 168 166 168 165 163 164 162 161 164 171 179 178 178 178 180 182
 185 186 188 185 176 169 151 149 154 119]","[ 89 184 179 179 179 180 176 176 175 176 177 177 176 173 169 167 176 172
 168 167 166 164 160 157 143 127 117 126 144 157 164 168 170 169 167 168
 169 169 168 166 167 163 162 163 161 159 163 169 178 177 177 177 179 182
 185 187 184 174 159 155 144 149 156 119]","[ 89 185 179 179 179 180 176 177 174 176 177 177 175 170 165 161 143 139
 133 130 127 124 119 114  89  84  83  88  97 113 140 164 170 169 167 167
 169 169 167 166 165 162 161 162 160 158 161 167 178 177 176 177 178 181
 185 187 173 160 145 148 146 154 155 112]","[ 83 185 180 174 171 177 177 176 183 174 171 177 173 154 136 129 130 139
 141 134 129 127 116 100  94 101 109 115 117 117 118 119 167 166 165 167
 169 169 166 162 165 165 164 164 163 162 162 161 179 176 176 180 185 182
 171 160 146 151 145 148 148 149 149 117]","[ 82 182 178 172 170 175 174 174 173 172 172 172 166 158 153 154 158 144
 127 115 110 111 118 125 127 131 136 137 134 130 127 127 128 149 171 175
 164 157 163 173 163 163 162 162 162 162 163 163 169 173 178 180 176 166
 154 146 146 151 144 148 147 149 148 116]","[ 86 184 179 174 173 177 176 176 171 173 173 170 169 168 162 154 124 110
 104 109 112 111 122 138 154 156 158 156 152 146 142 141 124 131 142 155
 166 169 168 165 164 163 162 161 162 163 164 165 170 175 179 175 163 151
 145 144 145 150 143 147 146 147 147 114]","[ 85 181 175 172 172 174 172 173 171 172 168 166 170 168 146 119  98 101
 114 133 144 146 150 158 158 159 161 161 160 157 155 154 148 130 117 128
 155 172 168 156 165 164 162 161 160 161 163 164 173 173 169 159 147 142
 145 149 144 149 142 145 144 145 145 112]","[ 78 171 164 163 163 164 161 162 162 166 165 159 157 151 130 108 117 130
 141 145 151 161 164 162 155 155 156 158 159 160 159 159 151 144 133 128
 130 139 150 158 160 159 157 156 155 155 155 155 162 158 151 145 140 140
 143 146 143 148 141 144 142 144 143 110]","[ 77 167 159 161 162 161 157 159 155 162 164 155 144 139 140 140 138 153
 160 154 152 157 155 146 150 149 150 152 156 158 159 158 151 151 148 137
 127 125 134 143 149 149 149 148 147 147 146 145 149 146 144 145 147 147
 144 141 142 147 140 142 141 142 141 108]","[ 81 169 160 163 165 163 158 161 157 153 150 147 143 143 151 160 145 153
 157 154 145 137 131 127 130 130 133 140 149 157 161 163 160 153 145 143
 143 141 135 129 139 140 143 144 145 144 143 142 143 143 143 145 147 147
 144 141 141 146 139 141 139 140 139 106]","[ 80 167 158 161 163 161 156 159 160 139 125 133 146 149 147 147 137 127
 118 112  98  83  83  94 106 108 114 126 143 157 166 169 162 156 150 149
 151 149 143 136 134 137 141 145 147 146 145 144 141 140 138 136 135 137
 139 141 141 145 138 141 139 140 138 105]","[ 81 167 156 159 163 163 158 158 134 135 140 147 151 147 136 127 130 126
 133 123 119 116  92  83  92 110 113 116 141 165 169 166 164 160 156 154
 153 152 151 149 138 135 133 137 144 146 141 136 138 138 138 138 138 138
 138 138 136 140 134 138 134 133 136 110]","[ 83 169 157 158 159 156 147 145 153 142 130 124 127 134 140 143 146 141
 148 138 135 136 115 109 105 114 108 110 140 168 173 169 165 162 158 155
 154 154 153 151 153 148 139 132 130 133 139 144 139 139 138 138 138 138
 138 138 131 135 129 133 129 127 130 104]","[ 77 165 157 161 163 160 149 146 146 134 121 116 124 140 156 166 156 141
 140 135 145 155 134 122 129 128 113 113 145 173 175 169 165 162 158 156
 156 156 155 153 160 157 148 136 126 126 136 146 138 138 138 137 136 136
 135 135 131 135 129 133 128 126 129 103]","[ 74 163 157 162 164 159 147 142 128 128 131 138 149 158 164 167 157 134
 126 124 145 163 141 125 150 148 132 130 156 176 172 164 162 159 156 154
 155 156 155 155 154 156 155 149 140 134 134 136 135 135 135 134 133 133
 132 132 130 134 128 131 127 125 128 102]","[ 78 166 157 159 157 149 134 128 139 143 151 159 162 161 156 152 158 145
 143 134 142 155 143 139 152 157 149 148 165 173 165 159 155 153 151 151
 153 155 156 155 154 155 157 157 153 144 133 125 131 131 131 130 130 129
 129 129 125 129 123 127 123 122 125  99]","[ 78 166 156 158 159 154 142 138 156 157 157 157 156 155 154 154 156 161
 173 154 138 140 141 156 144 154 153 154 166 167 158 154 149 147 146 148
 152 155 157 157 163 159 156 156 157 150 136 125 128 128 128 128 128 128
 129 129 126 130 125 130 127 126 130 104]","[ 76 164 155 160 165 165 159 159 159 158 156 154 154 155 158 161 155 162
 176 158 141 143 143 158 145 152 150 150 160 160 151 149 144 143 143 146
 152 156 159 160 163 158 154 155 157 153 143 134 127 127 128 128 129 130
 130 131 129 133 129 134 132 132 136 111]","[ 79 166 155 158 163 164 159 159 158 160 163 163 160 157 154 153 159 154
 160 151 152 161 151 153 154 156 147 145 156 156 147 145 142 142 142 146
 152 158 161 162 153 153 154 158 161 158 149 141 127 127 128 129 131 132
 133 133 126 131 127 133 131 131 136 111]","[ 73 166 159 158 158 160 159 160 161 161 161 161 161 162 162 162 161 163
 163 161 159 158 160 163 161 156 154 156 156 150 145 145 145 141 140 147
 158 162 159 152 147 151 151 147 148 152 151 145 125 121 123 130 132 128
 127 130 126 132 125 128 127 132 137 108]","[ 80 174 167 166 166 168 166 168 168 168 168 168 168 168 168 168 169 166
 164 163 165 167 168 168 160 157 157 159 157 151 147 147 141 140 143 151
 160 161 153 145 135 143 150 152 154 156 151 142 128 121 120 127 132 131
 129 130 126 132 125 128 128 133 137 109]","[ 86 180 173 172 173 174 172 174 173 173 173 173 173 173 173 173 172 169
 167 169 171 169 163 157 145 146 150 155 155 150 149 151 151 148 146 148
 150 147 138 130 129 136 142 146 149 150 147 143 136 125 119 123 131 133
 130 127 126 132 126 129 129 134 138 109]","[ 86 180 174 174 174 175 173 174 173 173 172 172 172 171 171 171 168 170
 172 173 168 157 145 136 134 137 144 152 154 152 153 158 155 148 141 136
 135 135 134 132 135 135 133 131 131 135 139 142 142 130 120 121 128 132
 129 124 126 132 127 130 130 135 139 110]","[ 84 179 174 173 174 175 172 172 172 172 171 171 170 170 169 169 167 171
 172 165 153 141 135 134 145 145 150 156 157 154 153 156 141 139 135 134
 136 142 147 151 146 142 135 128 124 124 129 136 139 131 121 119 125 131
 131 127 125 132 127 132 132 136 140 111]","[ 85 180 175 175 175 176 173 173 173 173 172 172 171 170 170 170 171 171
 165 152 138 135 142 151 156 151 150 153 153 148 144 144 140 143 146 148
 149 151 153 155 153 150 147 143 134 125 124 128 130 128 123 119 121 128
 133 133 125 132 128 133 133 138 141 111]","[ 85 181 176 176 176 177 173 173 175 174 174 173 172 171 170 170 172 168
 159 147 138 140 149 159 150 142 139 144 149 149 146 145 153 156 159 158
 154 151 152 154 157 156 157 155 144 130 125 128 125 131 130 121 116 120
 129 133 125 132 129 134 134 139 142 112]","[ 84 180 175 176 176 176 172 172 174 174 173 172 171 170 170 169 169 165
 158 151 146 146 150 153 140 132 129 140 154 160 161 160 159 160 159 154
 150 151 158 164 160 158 158 156 145 132 129 134 126 136 138 124 111 113
 122 128 125 132 129 135 135 139 142 112]","[ 90 185 179 176 174 176 175 178 175 174 172 170 170 170 170 171 173 168
 165 164 157 144 134 130 131 140 151 159 161 159 158 157 160 158 156 153
 152 152 153 154 165 164 161 157 151 143 136 131 131 133 132 127 120 115
 114 115 122 129 127 135 134 134 139 114]","[ 88 184 179 177 175 176 175 178 179 178 176 174 174 174 174 175 175 167
 160 157 153 147 145 146 157 161 167 169 168 166 165 165 161 159 157 154
 153 153 154 155 163 164 164 160 153 145 137 134 135 136 137 135 130 125
 121 120 118 128 131 140 137 136 141 117]","[ 83 180 176 176 174 175 173 175 177 177 175 174 173 173 173 173 173 163
 153 150 149 151 156 162 167 168 168 166 163 162 162 164 159 158 155 153
 152 152 152 153 156 160 163 160 152 143 136 134 131 131 132 133 132 128
 122 118 108 119 123 134 132 131 136 111]","[ 89 186 183 183 182 182 180 181 181 181 180 179 178 177 177 177 177 168
 160 160 161 164 170 177 169 168 167 165 164 164 165 166 165 164 162 160
 159 158 158 159 157 162 167 166 158 149 143 141 138 136 135 137 139 138
 132 128 116 122 120 132 135 137 141 114]","[ 86 183 180 180 179 179 176 177 175 175 175 174 174 173 172 171 169 164
 161 164 166 166 166 169 164 163 162 162 162 162 162 161 159 159 157 156
 155 154 153 153 148 153 158 158 153 145 139 136 139 135 132 133 136 137
 136 133 124 120 109 118 126 134 138 109]","[ 93 189 185 183 182 181 179 180 179 180 180 180 179 177 176 175 171 168
 169 174 175 171 167 167 171 169 168 168 168 167 164 162 162 162 161 160
 159 158 157 156 152 154 157 158 157 152 145 141 142 139 136 136 137 139
 141 141 135 127 110 115 121 130 137 109]","[ 96 190 185 183 180 180 178 181 179 180 180 180 179 178 176 175 173 170
 170 174 174 170 166 166 172 169 166 165 166 166 164 161 163 163 163 162
 161 159 158 157 157 155 155 158 160 158 151 145 140 140 141 140 139 140
 142 144 143 138 121 121 120 126 136 113]","[ 59 154 147 143 140 140 139 141 138 139 139 140 139 137 135 134 137 131
 129 131 132 129 128 129 134 130 126 125 127 129 129 128 125 125 125 124
 123 121 120 119 122 119 116 120 125 124 117 109 104 107 111 111 108 107
 108 110 114 114 101  97  90  92 104  86]"
