"[ 31  62  54  52  64  58  56  52  53  57  60  60  60  63  70  77  66  66
  76  95 110 113 114 116 120 116 113 113 112 101  83  69  62  58  55  57
  62  65  62  57  47  43  20  11  26  25  18  27  56  53  50  48  46  44
  42  41  45  48  45  50  41  43  66  64]","[ 53  85  76  75  91  92  98 100  94  97 100  99  97  99 105 111 123 120
 124 138 155 173 196 213 228 236 245 249 249 249 238 231 212 190 157 127
 110 104 105 107  92  91  82  67  45  23  30  60  85  80  73  69  69  70
  71  71  64  77  71  71  83 115 139 115]","[ 42  75  65  58  67  65  67  66  83  86  90  91  91  94 101 106  96  96
  98 100 100 101 110 121 131 145 164 183 200 219 239 251 248 250 251 243
 221 187 152 131 116  90  86 102 101  89  88  93  84  78  71  68  71  75
  78  79  68  79  76  87 110 143 156 119]","[ 54  93  87  78  82  74  71  66  61  63  65  66  66  67  71  75  79  84
  91  96  95  91  89  89  89  95 103 110 118 133 152 166 189 204 227 246
 254 252 246 240 221 175 143 124  97  87  87  77  67  64  61  62  67  71
  72  72  81  85  93 126 144 146 144 115]","[ 38  82  81  75  82  80  83  80  80  80  79  76  72  70  70  70  70  68
  66  67  74  82  87  88  91  95  99 101 100  96  93  90 104 106 110 120
 138 163 188 204 200 224 246 212 135  90  77  62  68  70  74  77  80  81
  80  78  91 105 123 153 158 149 146 121]","[ 54  99  95  83  85  84  89  88  85  84  83  82  80  79  78  77  82  77
  67  60  61  65  64  59  64  65  68  76  84  89  89  87  91  92  95  97
  99 101 101 100 108 132 141 110  73  71  80  77  71  76  82  85  84  84
  87  89 106 136 146 146 140 146 149 114]","[ 71 121 121 106 104  95  94  87  84  83  82  82  81  80  78  77  73  78
  80  78  77  77  71  63  64  59  54  54  59  65  71  73  79  78  78  82
  87  89  87  84  87  90  77  66  77  82  65  46  69  75  81  82  81  87
 101 114 140 159 156 149 142 150 154 118]","[ 80 141 155 152 154 144 137 126 113 110 105 100  95  89  83  79  71  80
  84  79  75  77  78  76  77  77  77  74  70  65  60  58  56  52  50  54
  63  69  70  68  57  72  66  58  66  64  62  77  76  82  87  87  88 103
 128 150 150 146 138 151 152 147 148 124]","[ 67 151 138 138 140 139 137 142 147 147 147 144 139 132 125 121 103 100
  95  90  86  84  83  83  75  74  74  75  77  77  76  74  71  68  62  58
  55  51  47  44  42  40  44  54  64  69  73  77  89  84  81  92 117 141
 148 144 149 150 149 156 149 152 155 116]","[ 80 166 153 153 152 150 146 149 130 133 138 142 146 147 147 146 165 160
 151 140 130 122 116 114  95  91  85  81  79  77  75  73  75  71  67  64
  61  59  55  53  44  36  34  44  58  68  75  80  81  90 101 115 133 148
 155 153 151 152 151 157 150 154 156 118]","[ 88 177 168 167 167 164 159 161 161 160 158 154 150 145 141 139 130 131
 134 139 145 152 158 161 159 150 136 121 108  96  88  83  83  79  75  70
  67  63  58  55  51  40  34  43  59  71  78  82  87 108 133 147 152 156
 158 158 154 155 153 159 152 155 158 120]","[ 85 179 174 175 175 175 170 171 171 170 168 165 162 160 158 157 162 159
 154 148 142 137 133 132 152 146 138 131 125 120 115 111  98  94  87  80
  74  66  59  54  56  47  42  47  57  68  79  87 114 137 161 169 165 160
 157 156 157 156 154 160 152 156 159 121]","[ 84 182 179 178 178 179 175 174 174 173 172 172 172 173 175 175 166 165
 164 162 161 160 159 159 142 140 138 137 135 132 127 123 119 115 108 101
  94  85  77  71  67  59  51  48  52  65  88 108 147 162 175 176 170 164
 159 155 158 157 154 159 152 156 159 121]","[ 89 189 186 183 181 182 178 176 186 185 182 179 176 173 172 171 179 178
 175 172 169 166 163 162 170 168 165 162 157 149 140 135 140 138 133 129
 125 119 112 107  96  87  75  66  66  83 116 144 166 173 178 176 173 170
 166 161 160 159 155 160 152 156 160 122]","[ 90 192 190 185 183 186 183 181 180 180 181 182 182 183 183 183 178 179
 179 180 181 181 181 181 166 166 166 167 168 167 164 161 155 154 152 151
 149 145 140 136 130 122 112 105 105 116 141 164 171 177 180 178 176 175
 172 166 163 162 158 162 154 158 162 124]","[ 87 190 189 185 184 190 189 187 190 190 189 188 186 183 181 180 181 181
 181 180 179 177 175 174 182 179 175 173 171 169 166 164 162 161 160 160
 159 156 151 148 147 141 138 137 136 139 147 157 171 178 183 182 179 177
 173 168 166 164 159 163 155 160 164 126]","[ 91 190 190 191 189 189 187 190 190 189 188 187 186 185 185 184 184 184
 184 183 183 182 182 182 181 181 180 179 177 176 175 175 170 168 166 163
 160 157 155 153 148 144 139 137 141 148 155 160 171 176 182 184 181 178
 175 175 172 169 163 166 159 163 166 127]","[ 91 190 189 190 188 189 187 190 189 189 188 188 187 186 186 186 184 184
 184 183 183 183 182 182 182 181 180 179 178 177 176 175 172 171 169 166
 163 160 158 157 150 146 142 140 143 150 158 162 172 177 183 185 183 180
 178 178 175 171 165 168 161 164 166 127]","[ 91 189 189 189 187 188 186 189 188 188 188 188 188 187 187 187 185 185
 184 184 183 183 183 183 182 182 181 180 178 177 176 176 176 175 173 170
 167 165 163 162 155 151 147 145 147 154 161 167 173 177 182 185 185 183
 182 181 178 174 168 171 163 166 168 127]","[ 91 189 188 188 186 186 185 189 187 187 187 187 188 188 188 188 185 184
 184 184 183 183 183 183 182 182 181 180 179 178 177 176 177 176 174 172
 170 168 166 165 159 156 152 150 151 157 165 171 173 176 181 184 185 185
 183 183 181 178 172 175 166 168 169 129]","[ 92 189 187 186 184 185 184 188 186 186 186 187 187 187 187 187 184 184
 183 183 183 182 182 182 182 182 181 180 178 177 176 176 176 175 174 172
 171 169 168 167 162 160 157 154 154 159 168 175 173 175 179 182 185 185
 184 182 182 179 174 177 169 171 171 130]","[ 92 189 187 185 183 183 183 187 186 186 186 185 185 185 185 185 182 182
 182 181 181 181 180 180 181 181 180 178 177 176 175 175 175 174 173 172
 170 169 168 168 163 163 160 156 155 159 169 177 175 176 178 182 185 186
 184 182 182 180 175 179 171 173 173 132]","[ 92 190 186 184 182 183 183 187 185 185 185 184 183 183 182 182 181 181
 180 180 180 179 179 179 180 179 178 177 176 175 174 174 174 174 173 172
 171 170 169 169 164 163 161 157 155 159 169 177 179 178 179 183 186 187
 185 183 181 179 175 180 172 174 174 133]","[ 92 190 186 184 181 182 182 186 185 185 184 183 182 181 181 180 180 180
 179 179 179 178 178 178 179 178 178 176 175 174 173 173 174 174 173 172
 171 171 170 170 163 164 162 157 154 158 169 177 181 180 181 184 188 189
 186 183 180 178 174 180 173 175 175 134]","[ 88 185 182 182 182 183 181 184 181 181 182 183 182 181 180 178 177 177
 178 179 179 179 178 178 176 176 175 174 173 173 172 171 175 173 173 173
 175 174 172 170 168 166 164 163 159 158 166 176 180 180 180 181 183 185
 187 188 178 178 176 183 176 176 175 133]","[ 88 185 182 182 182 183 181 183 180 181 182 182 182 181 179 178 177 177
 178 178 179 178 177 177 177 176 176 175 174 173 172 172 173 172 171 172
 173 173 171 168 167 165 164 163 159 159 166 176 180 180 180 181 183 185
 187 188 187 182 175 180 175 179 181 139]","[ 88 185 182 182 181 182 181 182 180 181 181 181 181 180 179 178 176 177
 177 178 178 177 176 176 177 176 176 175 174 174 173 173 171 170 170 170
 171 171 169 167 166 164 162 162 160 160 167 176 179 179 180 181 183 185
 186 188 190 184 177 182 176 179 178 134]","[ 89 185 182 182 181 182 180 182 180 180 180 180 180 179 178 178 176 176
 176 177 176 176 175 174 176 176 175 175 174 174 173 173 171 170 169 170
 171 171 169 167 166 162 161 162 161 161 167 175 179 179 180 181 182 184
 186 187 184 184 183 187 175 171 164 119]","[ 89 186 182 181 180 181 179 181 180 180 179 178 178 178 178 178 175 175
 175 175 175 174 173 172 174 174 174 174 174 173 173 173 172 171 170 171
 172 171 169 167 166 162 160 162 161 161 166 172 178 179 179 180 182 184
 186 187 184 186 185 184 165 157 154 113]","[ 89 186 182 181 180 180 178 180 180 179 178 177 177 177 177 178 174 174
 175 174 174 173 171 171 172 172 172 172 172 172 172 172 171 170 170 170
 171 171 169 167 167 162 160 162 162 161 164 169 178 178 179 180 181 183
 185 186 188 185 175 169 150 148 153 118]","[ 89 186 182 181 180 180 177 179 180 179 177 176 176 176 177 178 174 174
 174 174 173 171 170 169 171 171 171 171 171 171 171 171 170 169 168 169
 170 170 168 165 169 163 160 162 162 161 162 166 178 178 178 179 181 183
 185 186 182 172 157 153 143 148 155 118]","[ 89 186 182 181 179 179 177 179 180 178 177 176 175 176 177 177 174 174
 174 173 172 171 169 169 169 169 170 170 170 170 170 170 168 167 166 167
 168 168 166 164 170 164 161 162 162 160 161 164 178 178 178 179 181 183
 185 186 169 157 142 145 144 153 154 111]","[ 86 185 181 176 176 182 179 174 180 180 179 177 174 171 171 172 175 169
 165 168 175 177 173 166 166 165 164 163 163 165 167 170 170 167 164 162
 161 163 165 167 162 162 162 160 158 159 162 165 179 178 176 175 179 181
 175 166 146 151 145 148 147 149 149 116]","[ 87 186 181 177 177 182 179 175 171 172 174 173 172 170 169 169 165 172
 176 170 160 158 166 176 173 169 167 169 173 174 168 162 164 167 170 172
 170 166 160 156 162 161 160 157 154 154 157 160 169 176 181 178 172 166
 156 147 145 150 144 147 146 148 148 115]","[ 87 184 178 175 175 179 176 174 171 172 173 175 174 172 170 168 171 170
 170 169 170 170 169 169 147 136 128 135 152 166 169 167 169 167 165 163
 163 164 165 166 164 163 161 158 156 157 160 164 165 176 181 172 158 147
 141 138 144 149 142 146 145 147 146 114]","[ 84 179 173 171 170 173 170 170 172 172 171 171 171 170 167 165 175 168
 164 168 174 171 157 143 125 108  91  91 108 130 146 152 170 167 163 161
 161 163 167 169 160 160 159 157 156 157 162 165 168 173 170 156 142 139
 142 145 144 149 142 146 145 146 146 113]","[ 79 172 165 164 164 165 162 165 166 163 160 160 162 163 162 161 161 162
 161 158 151 141 133 128 129 118 104  97  98 104 110 113 141 146 154 161
 163 161 156 152 153 153 152 150 149 149 151 154 161 160 154 142 137 141
 147 150 143 148 142 145 144 146 146 113]","[ 77 168 161 161 160 160 158 162 161 158 155 157 160 162 161 159 149 143
 137 137 141 142 138 134 117 122 128 130 127 119 111 106 105 109 117 126
 135 142 146 149 149 150 150 148 145 143 143 144 144 145 143 139 141 145
 146 143 142 147 140 144 143 144 144 111]","[ 79 168 160 161 161 159 157 163 161 159 158 160 162 161 154 148 143 136
 131 138 149 154 147 138 115 124 136 145 147 142 136 131 109 104  98  97
 102 114 128 137 140 143 146 146 145 142 141 141 136 140 142 141 142 144
 142 137 139 144 137 141 140 141 141 108]","[ 82 170 162 163 163 160 158 165 160 158 158 159 159 152 140 131 132 147
 161 161 148 135 131 133 146 145 143 143 144 145 146 146 139 132 121 110
 103 100 100 101 124 129 135 139 141 140 140 140 140 145 145 141 138 139
 140 139 136 141 134 138 137 139 138 106]","[ 82 165 160 163 158 160 161 159 155 162 166 161 151 142 141 143 162 160
 151 135 121 121 135 149 156 154 160 160 152 154 157 151 142 138 133 131
 131 128 121 115 100  99 104 117 133 142 141 136 134 137 140 138 137 137
 138 137 136 139 134 139 136 134 135 107]","[ 82 165 160 163 158 160 161 159 158 157 156 156 158 162 167 170 155 140
 124 120 130 143 150 151 158 156 164 166 157 156 158 151 149 143 137 135
 137 138 136 133 123 119 114 113 118 126 133 138 139 138 137 136 137 138
 138 136 132 135 129 135 132 130 131 103]","[ 81 165 159 162 157 159 161 159 166 160 154 154 161 165 165 162 137 123
 114 124 145 161 161 155 159 153 157 157 150 152 159 157 156 150 143 140
 142 146 148 148 143 139 130 120 113 115 124 132 141 137 134 134 136 137
 135 134 132 135 129 134 132 131 132 105]","[ 81 164 159 162 157 159 161 159 161 158 156 157 159 154 143 133 123 127
 136 148 157 160 156 152 144 132 129 128 124 133 151 157 159 154 147 143
 144 147 149 150 146 146 143 136 127 121 120 121 134 132 132 135 134 131
 130 131 130 133 127 132 130 130 132 105]","[ 81 164 159 162 157 159 160 158 149 152 156 159 157 151 143 137 137 143
 152 157 155 149 142 138 119 106 106 109 108 118 138 147 156 153 149 147
 147 148 149 149 144 144 143 144 143 137 128 120 122 124 130 135 132 125
 124 129 124 127 120 126 125 125 128 101]","[ 80 163 158 161 156 158 160 158 156 159 160 158 154 152 153 156 159 151
 144 141 142 139 132 124 114 105 114 126 125 128 140 145 152 152 151 151
 151 151 151 152 147 141 137 141 147 147 138 129 116 116 122 131 131 124
 124 130 126 128 122 128 127 128 132 105]","[ 80 163 158 161 156 158 160 158 166 164 160 153 149 149 153 157 156 145
 133 128 130 132 129 125 132 125 136 151 148 145 151 153 155 154 153 151
 150 149 150 151 148 141 135 137 144 147 141 134 119 110 110 123 131 129
 128 132 132 134 127 133 132 134 138 113]","[ 80 163 158 161 156 158 159 157 160 156 151 147 146 146 148 149 137 136
 133 129 126 126 130 134 149 139 147 159 153 149 154 158 161 159 155 150
 146 144 145 147 146 141 137 139 144 144 138 132 126 108 101 116 131 134
 132 133 131 134 127 133 132 134 139 113]","[ 77 168 159 156 158 162 161 162 170 152 137 137 145 147 142 138 131 147
 154 147 143 151 158 159 160 160 160 158 157 158 161 165 162 160 156 151
 147 145 146 147 145 131 126 136 143 138 132 132 128 117 104  99 106 119
 131 137 126 129 122 128 132 139 141 110]","[ 81 173 165 164 167 170 168 169 152 153 155 151 140 130 132 140 157 169
 173 164 159 164 168 166 160 161 160 158 157 157 160 162 164 160 153 147
 144 143 145 146 139 127 122 129 135 131 129 132 124 119 111 104 101 106
 116 124 126 133 128 131 130 134 139 110]","[ 84 178 171 171 174 176 173 173 163 160 153 141 128 129 148 170 171 177
 178 170 167 171 171 167 161 162 162 160 158 157 158 160 165 159 150 143
 140 139 140 141 127 118 114 119 120 118 119 125 122 124 122 112 100  96
 101 109 121 132 130 133 129 131 137 111]","[ 84 178 173 173 175 176 171 169 172 151 131 126 136 153 172 186 167 170
 170 166 167 171 170 165 164 165 164 162 159 158 158 159 164 158 149 141
 136 133 132 131 125 120 119 121 119 115 116 122 123 126 126 118 106  98
  97 100 109 121 122 130 131 135 139 111]","[ 85 180 174 174 174 174 168 165 148 133 127 142 165 177 174 168 168 168
 167 166 169 172 171 167 167 167 166 164 160 159 160 161 160 157 151 142
 134 128 125 124 135 135 137 137 133 127 126 128 123 123 122 119 114 107
 101  97  96 106 108 122 131 140 143 111]","[ 88 182 175 175 176 176 170 168 143 142 150 166 178 178 172 168 171 170
 169 168 169 169 167 165 168 168 166 162 159 159 161 164 156 157 153 143
 131 125 125 129 143 145 147 147 143 138 135 133 126 122 118 118 118 115
 107 100  94 100  99 113 125 137 141 110]","[ 87 181 175 175 177 179 174 173 167 168 172 176 174 171 174 180 171 170
 170 169 167 165 164 165 168 166 163 158 156 157 161 165 155 157 155 143
 129 125 133 144 145 146 147 146 145 144 141 138 133 128 122 120 121 119
 113 107 103 108 101 107 112 124 135 109]","[ 84 178 172 173 177 180 177 177 178 177 179 179 175 169 169 173 170 170
 171 172 169 167 168 171 166 164 160 155 153 155 160 165 154 158 156 142
 128 127 141 157 150 149 147 146 148 151 150 147 141 136 129 125 123 121
 117 115 114 117 106 104 101 112 128 109]","[ 90 184 178 177 177 179 177 179 175 175 175 175 174 173 171 171 170 170
 170 169 167 167 168 170 172 159 146 144 151 158 157 154 153 146 137 131
 132 140 150 157 150 145 142 145 151 154 150 145 144 138 131 125 121 119
 117 115 115 117 110 114 112 112 115  89]","[ 90 185 179 178 178 179 176 176 177 178 178 177 177 175 174 173 173 172
 172 172 173 173 172 170 151 149 147 148 151 153 154 154 139 141 145 149
 151 153 153 152 154 151 148 149 153 156 154 152 149 144 137 132 128 126
 123 122 118 122 116 122 120 119 120  92]","[ 87 182 177 177 177 177 172 172 175 176 176 175 175 173 172 171 171 168
 167 170 174 173 167 161 148 143 140 143 148 148 142 134 136 142 151 159
 161 158 152 147 149 147 145 144 145 146 148 149 146 142 136 131 128 125
 122 119 116 120 117 124 122 120 119  90]","[ 91 187 184 185 185 185 180 179 180 181 181 180 180 178 177 176 176 171
 169 173 178 176 165 154 157 157 154 147 138 134 136 139 158 160 163 164
 164 161 158 155 151 152 151 147 145 146 150 154 151 147 143 138 135 132
 128 125 125 129 125 132 130 128 129 101]","[ 85 181 179 181 182 183 179 178 177 177 177 177 176 174 173 172 172 166
 163 166 170 166 152 139 136 148 152 137 116 114 135 159 164 162 159 156
 154 153 152 152 149 150 149 145 141 141 146 151 149 146 142 139 136 132
 127 124 126 129 122 128 126 126 130 103]","[ 90 186 182 184 185 186 183 183 182 182 182 182 181 180 178 178 177 172
 169 171 174 168 154 141 137 133 129 128 134 146 161 170 163 163 163 162
 161 159 157 156 152 153 152 149 145 144 147 151 150 148 146 143 141 136
 131 127 128 130 123 128 127 128 132 106]","[ 95 188 184 183 183 185 182 182 181 181 181 181 180 179 178 177 177 173
 171 173 174 169 157 146 147 135 129 140 162 176 172 163 161 163 165 166
 165 163 160 158 154 154 153 151 148 147 148 149 150 149 147 146 143 138
 132 128 129 132 126 133 132 132 134 108]","[ 60 154 146 144 143 143 140 141 139 139 139 139 138 137 135 135 135 133
 132 134 135 130 120 111 105 117 131 135 131 126 127 129 129 128 127 127
 125 124 123 123 122 122 120 119 118 116 115 114 117 116 115 114 111 106
 100  95  97 102  99 107 106 104 105  76]"
