"[25 22 20 19 20 20 19 18 22 22 21 21 21 20 20 20 20 20 20 19 19 18 18 17
 18 19 19 19 19 20 20 20 19 19 19 19 19 19 19 19 19 20 21 22 23 23 23 23
 19 19 20 22 24 25 23 22 15 25 30 26 23 29 40 47]","[19 16 13 11 10  9  7  7  6  5  5  6  6  6  6  6  6  7  6  6  6  7  7  7
  6  6  6  6  6  6  6  6  6  7  7  7  6  7  6  6  7  7  9 10 11 11 11 10
 11 12 14 16 18 18 17 16 23 19 16 20 35 50 52 47]","[26 23 19 17 15 13 11  8 13 12 12 11 10  8  8  7  2  3  3  3  3  3  3  3
  1  1  1  2  2  2  2  2  4  4  4  3  4  3  3  3  3  4  6  7  8  8  8  8
  9 10 12 14 15 14 14 13 19 17 18 30 50 64 60 48]","[34 31 28 26 27 25 23 22 19 18 17 14 12  9  9  8  9  9  9  9  9  8  7  6
  9  8  7  7  6  6  6  6  6  6  5  6  5  6  6  6  7  8  9 11 12 13 13 13
 14 15 17 17 16 16 16 16 12 25 42 52 58 60 57 52]","[24 22 20 21 24 24 22 21 24 23 23 22 20 19 19 19 14 14 12 11 10  9  7  7
 10 10  9  8  7  6  5  5  6  6  5  5  5  5  5  5  6  7  8 10 11 12 12 12
 17 19 19 18 17 15 19 20 26 42 56 60 57 55 53 52]","[16 14 12 14 17 17 16 15 21 23 23 24 25 26 27 28 22 21 20 19 17 16 15 14
 11 10 10  8  7  5  4  4  4  4  5  5  5  5  5  5  4  5  6  8 10 11 11 11
 15 17 17 14 14 15 22 28 54 54 52 50 54 58 56 50]","[26 23 20 19 19 19 17 15  8  9 10 11 12 13 14 14 23 23 23 22 22 22 22 21
 17 16 15 13 11 10  8  8  7  7  7  7  7  7  7  7  6  7  9 11 13 14 14 14
 14 16 16 15 16 23 34 43 60 56 50 49 55 62 59 52]","[40 37 32 29 27 24 21 19 16 16 16 15 14 14 13 13 10 10 11 12 13 13 14 14
 22 21 20 18 16 14 13 12  9  9  9  9  9  9  9  9  6  7  9 11 13 14 15 15
 17 19 20 21 23 33 47 59 46 53 58 58 59 61 59 55]","[55 81 75 72 70 57 55 47 30 29 27 25 21 17 15 13 18 17 15 14 12 13 12 12
 12 12 13 13 12 12 14 15 15 15 14 14 14 13 13 13  5  6  7  9 12 15 17 19
 22 18 17 26 41 52 55 53 49 53 57 58 61 64 60 54]","[55 82 81 84 88 82 86 81 83 80 74 66 56 47 39 35 25 24 22 20 17 16 15 14
 11 12 12 12 13 14 15 17 12 12 12 12 12 11 11 10 11  9  9 11 14 16 15 14
 15 20 31 42 50 53 53 52 52 56 58 59 62 64 61 56]","[41 68 66 69 74 70 75 71 73 73 75 76 77 78 78 78 74 71 64 55 45 37 30 26
 21 19 16 13 10  7  5  3 13 12 12 12 12 11 11 11 13 11  9 11 13 15 14 12
 19 31 45 52 52 50 51 53 57 60 60 60 62 65 63 57]","[46 72 67 67 70 64 69 65 64 65 66 68 69 69 69 69 75 75 75 74 74 73 72 71
 59 57 54 49 43 35 27 21 16 16 17 18 17 16 15 14 10 10  9  9 10 13 18 22
 38 44 49 49 46 46 51 57 60 62 61 59 61 65 63 58]","[47 73 70 71 75 71 77 73 71 70 69 68 66 63 61 59 58 59 62 65 67 69 70 70
 70 70 70 69 67 60 50 43 24 25 26 27 27 25 23 22 15 17 17 13 10 14 25 35
 47 46 46 45 47 50 55 58 59 61 61 59 61 64 63 58]","[42 68 65 66 70 64 69 64 66 67 68 69 70 70 70 69 68 68 66 64 60 56 52 49
 56 54 53 53 51 46 36 29 32 34 35 37 36 34 32 30 28 30 30 26 22 25 34 43
 42 41 43 48 54 58 57 55 58 61 62 61 63 66 64 59]","[51 77 75 76 77 70 72 66 78 77 75 72 69 65 62 60 64 66 67 68 68 66 64 63
 57 51 46 43 43 40 35 29 37 39 41 42 42 40 37 35 35 35 35 37 39 42 43 44
 42 43 46 51 57 59 57 54 57 61 63 64 66 69 66 60]","[46 74 74 78 82 76 79 73 75 75 76 75 75 74 73 72 69 69 68 65 61 55 50 47
 48 41 34 33 38 42 43 42 39 41 43 44 44 42 39 37 33 31 32 41 51 55 50 44
 50 50 51 51 51 53 55 56 57 62 65 66 69 72 68 62]","[45 78 79 78 80 77 84 79 78 80 80 79 79 80 80 79 78 73 65 57 49 44 42 40
 44 46 49 51 51 48 45 43 42 43 43 43 42 41 39 38 37 33 30 32 38 45 48 49
 49 52 54 54 53 54 58 61 66 64 69 71 67 72 74 62]","[45 78 79 78 80 77 84 80 82 80 78 79 83 85 81 76 65 62 56 51 47 46 46 47
 52 52 52 51 51 50 50 49 49 47 46 44 43 43 43 43 38 35 33 33 36 40 44 45
 47 49 52 52 51 52 56 59 63 62 68 71 68 73 74 63]","[46 79 80 79 81 78 85 81 88 82 77 80 85 83 73 64 52 51 48 47 47 49 51 52
 56 54 51 49 48 50 52 54 55 53 49 46 44 45 47 48 40 40 38 36 35 36 38 41
 44 46 48 49 49 50 52 54 59 59 67 72 70 75 75 63]","[47 80 81 80 82 79 87 82 91 84 80 82 81 72 60 51 50 50 51 51 51 51 51 50
 49 47 45 44 45 47 50 52 57 55 52 49 47 47 48 49 44 45 45 41 36 34 36 38
 41 42 44 46 47 48 49 50 54 55 65 71 70 75 76 64]","[49 82 83 82 83 81 88 83 88 85 86 88 82 68 56 52 58 58 59 58 55 51 46 43
 39 40 41 43 45 47 49 50 53 53 52 52 50 49 47 46 47 49 49 45 39 36 36 38
 39 40 41 44 46 47 47 46 50 51 62 69 68 74 75 63]","[50 83 84 83 84 82 89 84 85 84 90 97 92 75 64 63 64 63 62 58 53 47 42 38
 37 39 43 46 49 50 50 50 50 50 51 52 51 49 47 46 47 48 49 47 43 40 39 38
 38 39 40 43 46 48 46 44 48 48 58 65 65 72 74 63]","[ 51  84  85  84  85  83  90  85  88  85  91 103 102  87  73  70  63  59
  54  48  44  41  40  40  43  44  46  49  50  51  51  51  50  50  49  49
  49  49  49  50  46  45  45  46  46  44  41  38  39  39  40  44  48  49
  47  44  47  47  55  61  61  69  72  61]","[ 51  84  85  84  86  83  90  86  94  86  90 105 108  92  75  67  58  53
  45  38  35  36  40  43  48  48  48  48  49  50  51  51  52  50  48  47
  47  49  52  54  44  42  42  44  47  46  42  38  40  39  40  44  49  50
  47  44  47  46  54  59  58  67  70  61]","[ 48  88  87  84  91  85  89  91  91  91  91  96 102  99  82  64  57  52
  44  39  38  40  45  48  54  50  46  46  49  51  52  50  47  46  44  39
  36  37  42  45  39  44  48  49  50  50  49  48  43  44  44  43  42  43
  45  47  48  49  49  50  56  62  59  52]","[ 48  89  88  85  91  85  89  91  90  91  92  95 100  99  86  72  67  61
  52  44  41  43  45  48  47  46  45  47  49  49  46  43  31  33  37  40
  42  43  43  44  39  45  52  55  54  53  52  51  49  46  43  40  40  42
  45  47  47  48  48  49  55  61  58  52]","[49 89 88 85 92 86 90 92 89 92 93 94 97 99 93 84 74 66 56 48 45 45 47 48
 45 45 45 46 45 41 34 30 20 23 27 32 34 32 27 22 32 41 52 58 57 53 53 54
 55 49 41 38 39 42 44 44 46 47 47 48 53 59 57 52]","[ 50  90  89  86  92  87  91  92  90  94  96  95  96 100  99  95  73  65
  54  48  46  47  48  48  46  46  44  41  36  29  22  17  21  20  20  22
  24  22  19  15  23  32  47  56  56  51  51  55  59  51  42  39  41  44
  43  40  44  46  46  47  51  57  57  53]","[ 50  91  90  87  93  88  91  93  93  97  98  96  96 100 101  99  74  66
  55  49  48  47  45  42  44  42  38  33  27  22  19  17  20  18  16  17
  20  23  26  28  21  28  42  55  57  53  54  59  60  53  46  44  46  46
  42  37  43  46  46  46  50  56  57  54]","[51 92 91 88 94 88 92 94 94 97 98 95 96 98 97 93 78 69 59 52 49 45 38 32
 33 32 30 26 23 22 24 26 18 20 22 22 22 22 24 26 34 35 44 58 63 59 60 66
 60 56 51 48 48 46 43 39 42 46 47 46 49 55 58 56]","[52 92 91 88 95 89 93 95 94 96 96 94 94 95 90 83 73 65 56 51 47 41 31 22
 24 25 25 24 22 24 28 32 29 41 55 61 56 47 41 39 52 46 50 62 68 65 65 70
 62 59 54 50 47 45 45 45 42 46 48 47 49 55 59 58]","[ 52  93  91  88  95  89  93  95  93  94  94  92  93  92  84  74  64  57
  50  46  45  39  27  18  21  23  25  24  23  24  28  31  45  67  96 112
 109  97  85  79  65  55  53  64  71  67  66  70  64  62  56  49  45  44
  48  51  43  47  49  47  49  55  60  60]","[ 48  88  89  90  99  91  93  94  91  96  98  93  89  86  76  66  60  58
  44  37  43  38  22  15  20  24  24  25  26  25  43  75 104 105 107 108
 110 110 110 110  97  87  62  58  77  74  67  81  73  67  58  52  49  49
  49  48  41  40  47  51  50  60  67  59]","[ 53  93  94  93 100  93  94  94  91  96  96  88  80  74  66  59  41  52
  45  32  36  38  31  27  16  21  20  19  21  25  52  91 112 113 114 116
 117 118 118 118 124 121 106 101 106  90  72  77  80  73  62  54  50  48
  46  45  42  40  46  50  50  62  69  62]","[ 51  93  94  91  96  89  90  89  93  94  90  79  70  63  57  51  45  51
  38  26  37  48  43  36  25  35  38  37  38  42  66 103 110 111 112 114
 115 116 116 116 124 128 124 122 123 105  85  82  90  80  67  57  51  48
  44  41  45  40  44  48  51  64  72  64]","[ 51  96  98  93  98  92  94  93 100  93  81  71  65  59  51  44  51  40
  23  31  64  81  72  64  67  80  85  87  89  85  93 114 110 111 113 114
 115 116 116 116 118 120 119 119 123 116 102  92  95  84  69  58  53  50
  45  41  47  40  42  47  52  67  73  64]","[ 60 109 112 106 111 108 112 111 114  97  77  67  63  56  44  34  30  24
  29  65 109 120 113 116 120 129 131 133 137 130 124 132 128 129 131 132
 133 134 134 134 142 137 134 133 136 137 121  97  95  83  67  57  54  52
  48  44  48  40  42  49  55  68  72  59]","[ 66 117 122 115 121 120 125 124 123 102  78  66  60  50  36  26  23  44
  75 114 140 137 134 148 145 148 142 141 150 147 141 144 147 148 150 151
 153 153 154 154 161 156 157 159 160 164 145 109  92  79  63  55  54  55
  51  47  49  41  43  51  58  69  67  49]","[ 65 119 124 116 121 121 127 125 117  98  78  66  55  42  32  29  60  98
 127 138 143 140 138 145 142 147 140 138 146 148 145 150 153 154 156 157
 158 159 159 159 161 158 165 167 165 175 163 125  89  76  60  52  53  55
  52  48  49  41  45  55  62  69  61  39]","[ 67 121 126 117 121 122 128 125 104  91  77  65  51  37  33  37 101 138
 149 134 135 145 144 137 138 148 147 144 151 151 149 155 152 153 155 157
 158 158 159 159 162 159 165 162 155 169 166 132  88  74  58  51  52  55
  52  48  48  41  46  57  64  69  57  33]","[ 63 120 119 124 118 125 121 125 104  85  71  64  46  27  36  60 131 133
 136 139 140 140 138 137 145 145 145 146 147 150 152 154 148 156 160 155
 154 159 162 160 160 163 161 158 163 169 158 141  73  68  59  54  55  58
  55  48  58  45  36  52  72  63  41  37]","[ 66 121 118 123 117 124 119 119 105  78  60  55  41  26  46  82 135 137
 140 142 143 143 142 142 145 145 145 146 147 150 152 153 156 156 153 150
 151 155 157 157 164 161 158 164 177 173 135  94  66  59  55  58  58  54
  51  51  40  52  52  48  59  65  55  42]","[ 67 121 118 123 120 128 118 112  90  67  49  42  29  28  67 119 137 139
 141 143 144 145 144 144 144 144 145 146 147 149 151 152 157 152 150 154
 158 159 159 160 156 168 174 166 149 125  93  67  63  54  51  56  55  47
  45  50  54  54  49  48  62  75  64  45]","[ 66 122 119 126 125 132 115 102  79  66  50  33  25  44  95 143 136 137
 139 141 142 142 142 142 144 144 145 146 148 150 151 152 155 151 153 160
 162 158 157 159 162 171 166 134  93  67  59  59  58  54  50  51  53  53
  51  49  62  35  30  58  83  85  69  51]","[ 65 123 122 128 125 129 105  86  71  61  40  26  42  84 122 140 136 137
 138 139 141 142 142 142 144 145 146 148 149 151 152 152 157 155 155 156
 155 153 154 159 177 151 111  77  61  56  52  46  47  54  54  49  52  58
  53  39  34  33  62  95  96  84  75  64]","[ 65 126 125 127 122 125 100  78  53  40  24  30  75 127 144 133 139 139
 140 141 143 144 145 145 145 146 148 150 151 152 153 153 154 155 153 150
 154 162 167 167 149 114  72  51  53  59  55  46  45  55  57  49  42  42
  38  31  44  93 155 156 105  80  80  68]","[ 65 127 126 126 122 130 111  93  59  52  55  78 114 140 144 137 141 141
 142 143 144 145 147 147 146 147 149 152 153 154 154 154 152 157 156 153
 161 170 159 139  90  79  66  56  52  52  53  55  53  51  52  49  37  34
  57  86 131 165 211 196 128  93  86  67]","[ 63 126 126 127 125 139 128 114  93  98 118 141 142 129 129 142 141 141
 141 142 143 144 146 147 146 148 151 153 155 155 155 155 156 164 164 158
 163 161 125  80  57  58  60  60  56  50  49  51  56  43  43  51  44  50
 108 178 215 192 199 198 150 113  95  70]","[ 65 135 133 133 130 137 130 135 139 139 140 140 142 143 145 146 148 148
 149 151 153 154 155 156 157 157 158 159 160 161 162 163 171 161 165 177
 162 119  81  68  54  57  62  65  61  55  50  50  44  50  49  34  53 135
 198 195 187 196 196 195 193 143  84  84]","[ 67 137 136 135 133 140 132 138 142 142 142 143 144 146 147 148 149 149
 151 152 154 155 156 157 159 159 160 161 162 163 164 165 169 169 169 159
 129  90  65  58  75  64  55  53  55  53  49  46  47  39  23  66 155 187
 181 199 192 196 196 197 198 163 104  77]","[ 70 139 138 138 135 143 135 141 145 145 145 145 147 148 150 151 151 151
 152 154 156 157 158 159 161 161 162 163 165 166 167 167 165 175 167 131
  89  63  55  53  48  53  62  68  63  50  42  42  32  25  69 150 193 193
 191 197 198 198 198 200 203 190 139  75]","[ 70 140 139 139 137 144 137 143 146 146 146 147 148 150 151 152 152 153
 154 156 157 159 160 161 161 162 163 164 166 167 168 169 166 173 151 101
  63  56  59  56  52  52  57  60  52  42  41  48  30  74 159 201 182 181
 201 196 199 200 200 203 204 212 177  90]","[ 70 140 139 139 137 145 138 143 146 146 146 147 148 149 151 152 154 154
 155 157 159 160 161 162 161 161 163 164 166 168 169 170 172 162 126  77
  54  59  63  55  57  50  50  56  52  38  31  33  88 165 198 188 198 202
 194 199 198 204 203 207 203 220 207 119]","[ 69 139 138 138 137 145 138 144 146 146 146 147 148 149 151 152 154 155
 156 157 159 161 162 162 161 162 163 165 167 169 170 171 176 148 103  65
  53  58  57  49  35  39  47  49  38  33  54  84 168 192 199 191 197 208
 205 197 197 208 204 211 207 219 222 148]","[ 70 140 139 139 138 146 139 145 147 147 147 148 149 150 152 153 154 155
 156 157 159 161 162 162 163 164 165 167 169 171 173 174 174 135  92  67
  57  51  49  51  42  36  36  43  53  80 136 189 203 183 199 209 187 195
 213 199 198 212 202 216 214 214 223 167]","[ 71 140 140 140 139 147 140 146 148 148 148 149 150 151 153 154 154 154
 156 157 159 160 161 162 165 165 167 169 171 173 175 176 168 128  90  74
  62  46  46  58  42  27  40  95 154 186 195 198 196 203 196 196 209 202
 195 210 200 215 200 219 221 211 220 174]","[ 69 139 139 139 138 146 139 145 147 147 148 149 150 151 152 153 156 157
 158 159 160 162 163 163 167 168 169 170 171 172 173 174 168 130  88  67
  58  51  45  44  25  84 152 188 192 190 192 196 197 198 199 201 202 204
 205 206 204 206 216 212 220 219 223 169]","[ 74 144 143 142 141 148 141 147 149 150 150 152 153 154 155 155 159 160
 161 163 165 166 168 168 170 171 171 173 174 175 176 176 182 127  79  65
  54  38  39  55 132 163 194 204 200 198 199 201 198 199 200 202 203 205
 206 207 204 207 216 212 220 219 223 169]","[ 71 141 140 139 137 145 138 143 149 149 150 151 152 154 154 155 154 154
 156 158 161 163 164 165 168 169 169 171 172 173 174 174 185 152 112  77
  52  53  96 145 185 190 192 188 186 188 190 191 198 199 200 202 203 205
 206 207 205 207 216 211 220 219 224 170]","[ 76 146 146 146 145 153 146 152 155 155 156 157 159 160 161 161 157 158
 160 163 165 168 170 171 173 173 174 176 177 178 179 179 168 173 151 105
  82 110 163 199 193 192 191 191 195 199 200 199 203 204 205 207 208 210
 211 212 211 213 222 217 225 224 230 176]","[ 73 143 143 144 144 153 147 153 149 150 151 152 153 154 155 155 156 157
 158 161 164 166 168 169 169 170 171 172 173 174 175 175 183 191 183 166
 168 188 196 189 187 187 189 193 195 195 194 194 197 198 199 200 202 203
 205 205 207 209 216 211 219 219 225 172]","[ 74 144 144 145 145 154 148 154 153 153 154 155 156 157 158 159 158 159
 161 163 165 167 169 170 174 175 176 177 178 179 180 181 181 175 178 190
 194 186 180 180 190 190 192 196 196 194 196 200 205 206 207 208 210 212
 213 213 216 217 224 219 227 227 233 181]","[ 78 148 148 148 146 154 147 153 155 156 157 158 159 160 161 161 158 159
 160 162 164 165 167 167 174 174 175 176 177 178 179 180 184 181 186 195
 190 180 187 206 195 192 194 200 201 200 203 209 205 205 206 208 210 211
 212 213 214 215 222 216 224 224 230 179]","[ 52 121 120 118 116 122 115 120 119 119 120 121 123 124 125 125 124 125
 126 127 129 130 131 132 131 132 133 134 135 136 137 138 139 141 141 140
 145 150 147 141 145 141 143 151 153 149 148 152 155 155 157 158 160 161
 163 163 162 163 170 164 172 173 180 127]"
