"[22 20 19 20 23 24 23 22 21 21 21 20 20 20 19 19 21 21 21 21 21 21 21 21
 17 18 18 19 20 20 21 21 17 17 17 18 18 19 19 20 21 21 21 21 22 23 24 24
 18 21 23 24 22 21 22 22 16 25 30 25 21 27 37 44]","[20 17 14 13 12 10  9  8  9  8  8  8  8  8  8  8  6  6  7  7  7  7  7  8
  6  6  6  7  8  8  8  8  6  6  6  6  6  7  6  7  7  7  9 11 12 11 10  9
 11 13 16 17 16 15 15 16 20 17 14 19 34 50 53 48]","[28 25 21 19 17 14 10  7  8  7  6  5  4  3  2  3  4  4  4  4  3  3  3  3
  1  1  1  2  2  2  2  2  2  3  2  3  3  3  3  4  3  4  7  9 10  9  7  5
  8 11 14 15 14 13 13 13 16 15 16 29 50 64 61 50]","[32 30 28 28 28 28 26 24 22 21 19 17 14 12 11 11 11 10  9  9  8  7  5  6
  6  6  6  4  5  4  4  4  5  6  6  6  6  6  6  6  6  8 10 12 13 13 12 12
 14 16 18 18 16 15 15 16 14 27 43 52 57 59 55 49]","[23 21 21 22 25 26 25 23 26 26 25 24 23 22 21 20 16 15 13 11  9  8  7  6
  7  7  6  6  5  4  4  4  5  5  5  5  5  5  5  6  8  8  7  8  9 11 14 15
 17 19 18 17 16 16 18 20 28 43 58 60 56 54 52 50]","[19 17 15 16 17 17 14 12 16 17 19 19 20 21 22 23 23 23 21 20 18 16 15 14
 11 10  9  9  8  7  6  5  5  5  5  4  4  4  4  4  9  7  6  5  7  9 13 15
 16 16 14 13 14 17 23 27 53 53 52 51 55 60 58 53]","[29 27 23 21 20 18 15 12 11 11 12 13 15 16 17 17 24 24 24 24 24 24 24 24
 17 17 16 15 13 12 11 10 10  9  9  9  8  8  7  7  8  8  8  8 10 13 15 17
 14 14 14 14 18 25 35 43 59 56 50 49 57 64 62 55]","[40 37 33 30 29 26 22 19 16 16 15 15 14 13 13 12 10 11 12 13 15 16 18 18
 21 20 19 18 16 15 14 13 11 11 10 10  9  9  8  8  6  7  9 11 13 14 15 15
 18 17 17 19 25 36 49 58 49 55 60 60 60 61 59 54]","[53 85 84 79 75 63 59 47 33 32 29 26 22 19 17 16 15 15 15 15 14 13 12 11
 15 14 12 13 14 15 14 13 16 16 17 17 16 14 12 10 20 15  9  8 10 14 15 15
 17 15 16 27 43 54 56 54 55 53 58 61 57 62 64 53]","[47 79 79 79 81 77 81 74 85 82 75 66 57 48 41 38 23 23 22 21 20 18 16 16
 15 14 12 13 15 17 19 19 17 17 16 16 14 13 11 10  7  8  7 10 13 16 17 17
 15 22 33 44 51 53 51 49 56 53 59 61 58 63 64 53]","[47 77 75 72 75 74 81 76 74 74 75 76 77 78 79 79 73 70 65 58 49 41 34 30
 25 21 15 13 10  9  7  5 10 10 10 11 12 12 13 14 11 12 15 16 16 15 14 15
 24 35 49 56 54 50 49 50 57 55 60 62 59 64 66 55]","[48 76 72 67 67 64 70 65 65 65 66 67 68 68 69 70 76 76 76 76 76 75 74 73
 60 57 52 47 41 35 29 24 17 16 13 12 11 11 11 11 13 15 16 14 11 12 16 20
 41 47 53 53 49 49 53 59 58 56 62 64 60 66 67 56]","[42 73 71 69 71 68 74 67 71 70 69 67 65 63 61 60 60 61 63 65 67 68 69 69
 67 67 68 70 69 66 60 55 47 44 38 31 25 20 17 16 10 10  9  7  8 16 28 37
 51 50 49 48 49 53 57 61 60 58 63 66 62 67 69 58]","[42 74 73 72 74 70 74 67 68 68 68 69 70 70 71 71 71 69 67 63 59 54 50 48
 52 54 57 61 63 61 56 52 60 59 55 51 48 44 42 41 30 26 21 18 20 28 39 47
 49 48 48 51 56 59 58 56 61 59 65 67 64 69 70 59]","[46 77 75 73 74 70 74 67 80 79 76 73 69 66 64 62 65 66 67 67 67 67 66 66
 61 60 59 60 60 58 54 51 52 53 54 55 55 55 55 55 50 46 40 37 37 40 43 44
 48 48 49 53 57 59 58 56 63 61 66 68 65 70 72 61]","[46 76 75 74 78 78 86 81 78 78 77 77 76 76 75 75 69 68 67 65 62 59 57 55
 61 58 55 54 55 55 55 54 47 48 48 48 47 45 43 41 45 43 42 44 47 48 45 41
 51 51 50 51 52 55 59 62 63 61 67 69 65 71 72 61]","[48 81 80 78 80 77 84 80 80 81 81 82 81 80 78 77 76 76 75 74 71 68 65 64
 61 65 63 57 58 63 58 47 57 55 52 49 47 45 45 45 43 39 36 38 43 47 45 42
 50 50 52 55 57 59 61 62 65 64 70 71 66 71 73 63]","[49 81 81 79 81 78 85 81 81 82 83 83 83 82 80 80 84 82 80 77 75 73 72 71
 64 65 64 62 62 64 62 57 57 56 53 51 49 47 46 45 48 43 39 39 43 45 44 41
 50 51 53 55 58 60 62 63 67 66 72 73 68 73 75 64]","[49 82 82 80 81 79 86 82 82 83 83 84 84 84 84 83 83 81 79 77 76 75 76 76
 76 73 71 71 67 62 62 65 60 60 59 57 54 51 49 48 51 47 42 41 43 46 46 45
 52 53 55 57 60 62 64 65 70 68 73 75 71 76 77 66]","[48 81 81 79 81 79 86 82 82 83 83 84 85 85 85 85 80 80 80 80 80 80 80 80
 82 75 71 70 60 48 47 55 60 61 61 61 60 58 56 54 54 50 45 44 46 50 52 53
 55 55 57 60 62 64 66 67 72 69 73 75 72 78 78 66]","[47 80 80 79 81 78 86 82 83 83 83 83 84 85 85 86 86 86 87 87 85 82 79 77
 72 64 59 56 44 30 28 35 48 50 53 57 60 62 63 63 59 56 51 49 49 52 54 55
 57 58 60 62 64 67 69 69 73 69 72 75 73 79 79 65]","[47 80 81 79 82 80 88 84 85 84 84 84 84 85 85 86 89 88 85 82 77 71 66 64
 62 57 53 48 40 31 28 30 33 36 41 47 52 57 61 63 61 59 55 52 51 51 53 54
 59 60 62 64 67 69 71 72 75 69 73 76 75 81 80 66]","[50 82 83 82 84 82 90 86 88 88 86 85 85 85 86 87 85 81 75 68 62 58 56 55
 61 61 57 51 47 45 40 34 33 34 36 39 43 46 50 51 54 53 53 52 52 53 55 57
 61 62 64 66 69 71 73 74 77 71 74 77 77 84 82 67]","[52 84 85 84 86 85 93 89 91 90 88 87 86 87 87 88 82 77 69 61 57 56 58 60
 63 65 61 52 50 52 45 33 43 42 40 38 37 37 38 38 42 44 47 50 53 56 60 63
 62 63 65 67 69 72 74 74 80 73 76 79 79 86 84 69]","[50 92 90 84 91 88 89 86 86 88 90 92 92 91 89 88 84 76 69 65 61 56 56 60
 68 73 73 65 57 54 50 45 35 37 39 38 36 36 40 44 40 41 43 46 49 53 56 57
 62 66 68 68 71 76 76 73 71 86 85 83 78 85 94 67]","[50 93 90 85 92 88 90 86 90 91 93 94 94 92 91 90 91 80 68 62 58 54 55 58
 67 71 73 70 65 59 53 49 35 37 38 38 38 37 38 39 40 41 43 45 49 52 54 56
 60 67 71 70 71 75 77 76 84 76 69 88 92 86 89 69]","[ 51  93  91  85  92  89  91  87  92  92  93  93  93  93  92  91  91  76
  62  57  57  58  60  63  68  68  70  73  70  63  56  54  39  38  37  38
  39  38  36  34  40  41  43  45  48  50  52  53  53  62  69  71  72  76
  78  77  82  81  77  87  82  83 106 104]","[ 51  93  91  86  93  90  92  89  91  91  91  92  92  92  92  92  83  68
  56  55  60  64  66  68  61  58  58  62  65  62  60  59  49  44  39  37
  37  37  35  32  39  40  42  44  46  48  49  49  44  52  61  68  75  81
  80  76  79  92  83  76  81 115 150 138]","[ 51  93  92  86  94  91  93  90  90  91  92  93  94  94  93  93  80  67
  57  57  61  60  58  57  41  38  36  40  51  63  69  69  63  54  44  37
  35  36  36  35  39  40  42  44  45  46  46  45  39  44  53  64  79  89
  87  79  82  85  76  90 126 169 182 140]","[ 51  94  92  87  95  93  94  91  92  93  95  97  96  94  92  90  82  71
  62  58  55  47  39  36  22  24  21  21  41  71  85  82  76  67  53  42
  36  35  37  38  38  40  41  43  44  43  42  42  40  43  48  58  75  90
  94  90  77  86 102 145 175 184 179 142]","[ 51  94  92  88  96  93  95  92  93  94  96  96  94  89  83  79  76  67
  58  53  45  35  28  26  23  31  27  21  44  86 102  92  84  77  64  50
  39  35  37  40  38  39  41  43  43  42  40  39  42  44  46  49  60  79
  94 101  91 122 153 183 183 175 174 150]","[ 52  94  93  88  96  94  96  93  91  93  94  94  89  81  73  68  64  57
  50  46  39  31  28  30  35  47  41  30  53  99 114  97  88  82  72  57
  43  36  37  39  38  39  41  42  42  41  39  37  41  45  44  40  44  65
  91 107 128 165 179 177 171 181 185 146]","[ 49  94  94  90  97  93  93  89  96  91  89  89  83  70  61  60  43  44
  62  85  86  66  54  57  55  69  68  55  62  91 109 108  93  92  78  56
  42  41  39  35  40  41  40  38  39  42  41  38  35  33  39  46  43  41
  60  87 114 154 175 179 172 178 186 155]","[ 55  98  96  90  97  94  97  94  93  93  95  91  76  57  47  48  61  65
  81 100 105  98  94  98  91 101 100  88  88 102 109 105 101  96  81  61
  48  44  39  33  38  36  39  45  46  42  37  35  46  42  41  42  37  33
  43  57  78 117 148 172 182 190 185 142]","[ 53  96  93  86  92  90  94  93  91  93  92  80  60  44  44  53  81  87
  95 101 104 105 106 106 105 110 112 109 107 108 107 105 108  99  81  64
  52  46  40  33  34  36  42  45  41  35  36  40  41  39  37  36  35  36
  39  41  48  80 111 152 182 199 192 144]","[ 52  97  97  91  96  93  96  96  99  95  85  68  53  52  68  84  96 104
 106 101 100 105 106 101 108 107 110 114 114 111 110 112 115  99  79  63
  53  45  39  35  39  48  49  37  30  34  39  39  33  37  38  35  36  41
  42  39  41  57  74 113 151 182 190 155]","[ 60 108 112 108 113 108 110 109 115 107  94  80  76  87 105 119 112 122
 125 119 119 127 129 123 130 125 124 129 130 127 127 131 123 102  79  65
  54  42  36  36  41  52  47  36  49  74  68  40  42  48  48  42  36  36
  36  34  41  45  47  73 105 140 166 150]","[ 65 115 122 120 124 119 121 120 128 125 117 111 114 124 132 135 129 137
 140 136 136 141 143 139 144 141 140 144 147 146 145 146 120  99  79  69
  56  40  33  37  30  41  45  60 104 143 125  79  59  59  56  50  43  37
  36  38  42  43  39  56  74  99 132 126]","[ 64 114 121 119 124 120 124 125 129 132 132 130 133 138 138 134 137 140
 140 138 137 138 140 140 141 144 146 146 146 143 134 125  97  81  71  70
  59  40  33  41  42  57  80 111 151 176 165 138  85  72  63  62  57  48
  44  47  41  42  38  50  56  69  98  95]","[ 65 115 121 117 123 120 127 130 122 129 132 130 130 134 134 129 136 135
 136 138 138 139 144 150 144 150 151 144 136 124 104  84  72  60  60  68
  61  41  35  45  77  98 132 159 166 164 166 173 115  91  73  72  69  54
  45  47  37  37  31  40  41  48  74  71]","[ 63 121 120 125 120 129 125 125 125 127 130 133 134 134 133 132 135 135
 142 142 134 137 145 142 141 147 146 131 105  81  66  61  59  57  59  58
  43  33  54  88 140 150 161 168 168 167 169 171 170 126  74  68  83  65
  46  60  38  36  34  35  41  47  52  54]","[ 64 121 120 125 120 129 125 126 126 128 130 133 134 134 133 132 138 136
 141 141 134 140 148 144 150 135 115  96  76  60  55  57  60  47  39  46
  60  81 111 137 155 161 167 168 166 165 167 170 178 155 111  79  77  77
  65  56  45  42  38  37  40  44  48  50]","[ 64 122 121 126 121 129 125 126 127 129 131 133 135 135 134 134 140 138
 142 141 136 144 150 142 131 105  82  73  64  50  45  50  41  47  61  85
 114 139 155 163 166 168 169 168 165 165 169 173 176 176 149  97  70  83
  81  52  55  49  42  38  38  40  43  44]","[ 65 122 122 127 122 130 126 127 129 130 132 134 135 136 136 135 141 139
 143 142 139 145 145 130  97  75  65  71  68  49  37  39  44  79 120 144
 156 164 164 160 164 166 167 167 166 168 173 177 170 177 172 129  82  80
  84  61  61  54  46  39  37  38  39  40]","[ 66 123 122 127 122 131 127 128 131 132 133 134 136 137 137 137 140 139
 144 144 142 146 136 112  80  59  50  57  55  43  43  55  97 127 154 158
 156 159 163 162 160 162 165 167 168 170 173 174 174 172 183 168 115  81
  78  75  63  57  48  41  38  38  38  38]","[ 67 124 123 128 123 132 128 129 133 133 134 135 136 138 138 139 139 139
 144 144 143 146 130  98  67  48  35  38  48  61  86 111 144 152 155 152
 153 159 162 160 162 164 166 169 170 171 171 170 178 169 180 187 150  98
  75  78  66  61  53  46  43  41  39  38]","[ 67 124 124 129 124 132 128 129 134 134 135 136 137 138 140 140 139 139
 142 142 143 148 130  94  54  49  51  66  88 113 137 155 155 156 157 160
 163 165 163 159 168 168 169 171 173 174 174 173 180 176 176 186 179 137
  92  76  72  67  59  53  49  45  41  39]","[ 68 125 124 129 124 133 129 130 135 135 135 136 137 139 140 141 141 139
 140 140 142 149 132  95  51  64  88 118 145 160 161 156 158 161 166 168
 166 162 165 170 171 170 170 171 175 178 180 180 182 188 178 182 201 178
 119  81  76  71  65  58  53  48  42  39]","[ 65 137 126 134 131 130 132 134 135 136 138 140 142 142 141 141 147 147
 148 149 150 151 152 153 116 128 145 159 166 167 165 163 165 166 168 168
 168 168 169 171 169 171 174 175 175 176 178 180 180 179 187 187 187 196
 163  96  78  82  70  61  64  53  39  43]","[ 69 141 131 138 136 135 137 139 140 142 144 146 147 147 147 147 149 150
 150 152 153 154 155 155 155 158 161 163 163 163 164 165 166 168 170 170
 169 169 171 173 172 174 176 177 177 178 180 182 189 186 189 186 184 198
 188 149  88  79  79  71  55  56  53  33]","[ 71 144 133 141 139 138 140 143 145 146 147 149 150 151 151 151 152 153
 154 155 156 157 158 158 166 166 164 162 161 162 166 169 168 169 171 171
 170 171 172 174 174 176 179 180 180 181 183 185 188 185 188 185 181 193
 201 191 124  82  80  84  57  56  62  35]","[ 70 142 132 140 138 137 139 142 145 145 147 148 149 150 151 151 154 154
 155 156 158 159 160 160 155 158 163 166 166 166 167 168 168 170 172 172
 171 171 173 175 176 178 180 181 181 182 185 187 184 184 189 192 189 190
 197 201 175 106  77  84  71  60  59  48]","[ 69 141 131 140 138 137 140 143 145 146 146 147 148 150 151 152 154 155
 156 157 158 159 160 160 160 164 169 171 170 168 166 166 169 171 172 173
 172 172 174 175 177 179 182 183 183 184 186 188 189 190 193 199 202 195
 195 205 204 153  92  67  74  73  58  50]","[ 71 143 133 142 141 140 142 145 147 147 147 148 149 151 153 154 155 155
 156 157 158 159 160 161 164 165 166 166 166 168 171 174 171 173 174 175
 174 174 176 178 179 181 183 184 184 185 188 190 193 195 191 195 204 200
 197 209 204 197 135  71  71  84  66  45]","[ 71 144 134 143 141 141 143 147 148 148 147 148 149 151 153 154 156 156
 157 158 159 161 161 162 160 161 162 163 165 169 176 180 174 176 178 178
 177 177 179 181 182 184 186 187 187 188 190 192 191 199 193 192 204 200
 195 208 200 210 184 122  80  79  75  52]","[ 70 142 133 142 140 140 142 146 146 146 145 146 147 149 151 152 157 157
 158 159 161 162 163 163 164 167 170 171 171 171 173 174 177 179 181 181
 180 180 182 184 184 186 188 189 189 190 193 195 189 205 202 199 210 204
 195 206 203 201 214 180  97  65  76  68]","[ 68 143 133 139 138 141 145 146 147 147 148 149 150 151 152 153 156 157
 158 159 160 162 163 163 168 168 169 171 173 174 175 176 178 178 179 179
 180 182 184 185 184 186 188 189 190 190 193 195 197 198 199 201 202 204
 205 206 203 211 205 212 175  88  54  70]","[ 73 148 139 145 144 147 150 150 149 150 150 152 153 154 155 155 158 159
 160 162 163 165 166 167 169 170 171 173 174 176 177 178 180 180 181 181
 182 184 186 187 189 191 193 194 194 195 197 199 198 199 200 202 203 205
 206 207 210 213 208 223 214 157 100  55]","[ 68 144 136 143 142 144 145 145 149 149 150 151 152 154 154 155 154 155
 157 159 161 163 165 166 167 167 168 170 172 173 174 175 177 177 178 178
 180 181 183 184 187 189 191 192 192 193 195 197 198 199 200 202 203 205
 206 207 203 203 200 214 221 209 156  66]","[ 72 149 141 149 147 148 149 148 155 155 156 157 159 160 161 161 157 158
 159 162 165 167 169 170 171 171 173 174 176 177 179 179 182 182 182 183
 184 185 187 188 189 191 193 194 194 195 197 200 203 204 205 207 208 210
 211 212 215 214 216 220 217 236 223 139]","[ 71 148 140 147 145 146 147 145 149 150 151 152 153 154 155 155 152 153
 155 157 160 162 164 165 167 168 169 170 172 174 175 175 178 178 178 179
 180 182 183 184 185 187 189 190 190 191 193 195 197 198 199 200 202 203
 205 205 209 206 215 218 203 225 236 174]","[ 75 152 143 149 147 149 150 149 153 153 154 155 156 157 158 159 159 160
 162 164 166 168 170 171 173 173 175 176 178 179 180 181 184 184 184 185
 186 187 189 190 192 194 196 197 197 198 200 202 205 206 207 208 210 212
 213 213 211 206 216 229 217 228 232 173]","[ 79 154 144 149 147 149 151 151 155 156 157 158 159 160 161 161 163 163
 165 166 168 170 171 172 173 174 175 176 178 180 181 181 184 184 184 185
 186 188 189 190 191 193 195 196 196 197 199 201 205 205 206 208 210 211
 212 213 218 216 221 233 228 235 231 176]","[ 48 122 111 116 114 116 119 120 119 119 120 121 123 124 125 125 124 125
 126 127 129 130 131 131 131 132 133 135 136 138 139 140 142 142 143 143
 144 146 148 149 146 148 150 151 151 152 155 157 155 155 157 158 160 161
 163 163 162 167 164 165 162 177 180 131]"
