"[27 56 44 38 47 42 43 43 44 43 42 41 40 40 40 40 41 40 39 39 41 41 40 39
 40 40 38 37 35 33 31 31 31 31 31 31 30 30 30 30 30 29 29 29 30 32 35 36
 36 36 35 33 31 29 27 25 27 26 25 26 29 31 32 31]","[50 84 76 71 77 69 68 66 72 71 70 69 68 68 68 68 64 62 60 60 60 60 58 56
 58 57 56 55 54 53 52 51 45 44 42 40 38 36 35 34 33 32 31 30 30 31 32 32
 38 39 40 40 41 40 40 39 28 26 24 24 25 26 24 23]","[ 62 103 102  98 102  92  91  89  84  83  82  81  80  79  80  80  79  77
  74  73  72  71  68  65  68  68  67  66  65  65  64  64  62  61  59  57
  54  52  50  49  45  44  42  39  38  37  36  36  33  34  35  36  37  37
  37  37  43  41  39  39  40  39  38  36]","[ 59 107 111 107 111 104 106 106 102 102 100  99  98  98  98  98  91  88
  86  84  84  83  80  78  77  76  75  74  72  71  70  69  71  70  69  68
  66  65  64  63  60  59  57  55  53  51  50  49  39  39  38  37  36  34
  33  32  37  35  35  35  37  37  35  34]","[ 62 112 116 111 115 111 116 116 113 113 111 110 109 109 109 109 107 105
 103 103 104 104 102 100  95  94  93  90  88  86  85  84  79  78  77  75
  74  73  71  71  71  70  70  68  67  65  64  63  60  59  58  56  53  50
  48  46  39  38  37  38  39  38  35  33]","[ 67 117 119 111 115 113 118 116 111 111 109 108 107 107 107 107 111 110
 109 110 111 112 111 110 111 110 109 107 105 103 101 101  98  97  95  92
  90  87  85  84  80  80  79  79  77  76  74  73  71  71  71  70  68  66
  64  63  64  63  61  60  58  55  50  47]","[ 65 115 118 110 116 116 118 112 121 120 119 117 117 116 116 117 110 109
 108 109 110 111 110 109 113 113 112 112 111 111 110 110 113 112 110 108
 106 104 103 102  94  94  94  93  91  89  87  85  79  79  79  79  77  76
  74  74  74  73  71  70  68  64  59  55]","[ 62 114 118 113 122 123 124 115 119 118 117 116 115 115 115 115 118 116
 115 115 116 116 115 114 111 111 112 112 113 114 114 115 112 112 112 111
 111 111 111 111 109 109 108 107 104 101  98  96  94  94  93  92  90  88
  86  85  83  82  81  81  80  77  73  69]","[ 63 120 118 121 116 124 120 121 121 121 121 120 120 119 119 118 118 118
 118 117 116 116 115 115 116 116 116 116 116 116 116 116 116 116 116 116
 116 116 116 116 112 111 111 111 110 110 110 109 109 109 108 106 105 103
 102 101  97  99  92  96  93  93  95  69]","[ 64 120 118 122 116 124 120 122 123 123 122 122 121 121 121 120 119 119
 119 119 119 118 118 118 118 118 118 118 118 118 118 118 118 118 118 118
 118 118 118 118 115 114 114 114 113 113 113 113 112 112 111 110 109 108
 107 106 109 111 103 108 105 105 107  81]","[ 64 121 119 122 117 125 121 122 124 124 124 124 123 123 123 123 120 120
 120 121 121 121 121 121 120 120 120 120 120 120 120 120 120 120 120 120
 120 120 120 120 119 118 118 118 117 117 117 117 116 116 116 115 115 114
 114 114 114 116 109 114 111 111 114  87]","[ 65 121 119 123 117 126 122 123 124 124 124 124 124 124 124 124 120 121
 121 122 122 123 123 123 122 122 122 122 122 122 122 122 122 122 122 122
 122 122 122 122 121 121 121 121 120 120 119 119 119 119 119 119 119 119
 119 119 116 118 111 115 113 113 116  89]","[ 66 122 120 124 118 126 123 124 124 124 124 124 124 124 124 124 121 121
 121 122 122 123 123 124 122 122 122 122 122 122 122 122 122 122 122 122
 122 122 122 122 123 123 122 122 122 121 121 121 121 121 121 121 122 122
 122 122 121 123 116 121 119 119 122  96]","[ 67 123 121 125 119 127 123 124 124 124 124 124 125 125 125 125 123 123
 123 123 123 124 124 124 124 124 124 124 124 124 124 124 124 124 124 124
 124 124 124 124 124 124 124 124 123 123 122 122 123 123 123 123 123 123
 123 123 123 125 118 123 122 122 125  99]","[ 67 124 122 125 120 128 124 125 125 125 126 126 127 127 127 128 126 126
 126 125 125 125 125 125 126 126 126 126 126 126 126 126 126 126 126 126
 126 126 126 126 127 126 126 126 125 125 125 124 125 125 125 125 125 124
 124 124 123 125 118 123 122 122 126  99]","[ 67 124 122 126 120 128 124 125 127 127 127 128 128 129 129 130 129 129
 128 128 127 126 126 126 128 128 128 128 128 128 128 128 128 128 128 128
 128 128 128 128 128 128 128 127 127 127 126 126 127 127 127 126 126 125
 125 125 126 128 121 127 125 126 129 103]","[ 65 123 121 124 118 127 127 131 126 126 126 127 127 127 128 128 137 129
 126 131 132 126 123 124 128 131 132 129 125 125 129 134 129 129 129 129
 129 129 129 129 128 129 130 131 131 131 130 130 130 130 130 129 128 128
 128 127 127 133 127 130 128 130 132 101]","[ 65 123 121 125 118 127 126 130 127 127 127 127 128 128 129 129 128 125
 125 131 136 135 131 129 124 123 124 129 134 134 129 123 129 129 129 129
 129 129 129 129 128 129 130 131 131 131 131 130 131 131 131 130 130 129
 129 129 127 134 128 130 128 130 132 102]","[ 65 123 122 125 118 127 126 129 128 128 128 129 129 129 130 130 132 136
 137 133 128 128 128 127 140 135 131 129 130 132 131 130 130 130 130 130
 130 130 130 130 129 130 131 131 132 132 131 131 133 132 132 132 132 131
 131 131 129 135 129 132 130 132 133 103]","[ 65 123 122 126 119 127 125 128 129 129 129 130 130 131 131 131 126 136
 139 132 126 130 138 141 135 139 140 136 129 127 132 138 131 131 131 131
 131 131 131 131 130 130 131 132 133 133 132 132 134 134 134 134 133 133
 133 133 130 136 130 133 131 133 135 104]","[ 65 123 123 127 119 127 124 127 129 129 130 130 131 131 131 131 126 127
 128 130 135 138 131 122 119 125 134 138 138 135 132 131 131 131 131 131
 131 131 131 131 131 131 132 133 133 133 133 133 134 134 135 135 135 135
 135 135 132 138 132 135 133 135 136 106]","[ 65 124 124 127 120 127 124 126 129 129 129 130 130 131 131 131 138 130
 133 154 176 177 160 144 146 136 127 127 134 138 134 128 132 132 132 132
 132 132 132 132 131 132 133 134 134 134 134 133 134 135 135 135 135 136
 136 136 133 139 134 136 134 136 138 107]","[ 65 124 124 128 120 127 123 125 128 129 129 129 130 130 130 130 132 131
 143 164 171 165 165 174 155 148 139 132 130 132 134 136 133 133 133 133
 133 133 133 133 132 133 133 134 135 135 134 134 134 134 134 135 135 136
 136 136 134 141 135 138 135 137 139 109]","[ 65 124 124 128 121 127 123 124 128 128 128 129 129 129 130 130 128 132
 136 121  75  38  50  88 110 133 156 158 142 129 130 138 133 133 133 133
 133 133 133 133 132 133 134 135 135 135 135 134 134 134 134 135 135 136
 136 136 135 141 135 138 136 138 140 109]","[ 68 124 122 126 120 128 124 125 127 127 128 129 129 130 131 131 122 137
 146 130  92  53  30  23  42  33  74 140 160 142 135 142 142 149 134 129
 134 132 135 136 139 121 124 140 143 139 136 130 136 136 137 138 138 138
 137 137 136 142 136 139 137 139 141 110]","[ 66 123 121 124 118 127 123 124 127 127 128 129 129 130 131 131 135 125
 120 126 133 125  98  74  34  39  42  47  80 134 151 125 200 200 175 159
 162 159 145 129 139 141 141 133 126 135 141 133 135 135 137 138 138 138
 138 138 136 142 136 139 137 139 141 110]","[ 64 121 119 123 117 126 122 123 127 127 128 129 129 130 131 131 132 128
 126 132 140 142 133 124 100  57  25  22  36  75 128 161 153 121  99 128
 183 199 170 147 132 135 136 134 134 139 140 136 133 134 136 137 138 139
 139 139 136 142 136 139 137 139 141 110]","[ 64 121 119 123 117 126 122 124 127 127 128 129 129 130 131 131 126 135
 141 136 124 120 128 138 139 121  92  47   9  16  55  81  75  36  19  33
  60  80 119 185 161 138 124 135 145 135 129 140 132 134 135 137 139 139
 140 140 136 142 136 139 137 139 141 110]","[ 64 121 120 124 119 127 124 125 127 127 128 129 129 130 131 131 131 131
 130 130 130 130 132 133 127 130 133 112  73  48  39  30  24  13  27  29
  23  20  47 120 214 189 153 138 138 126 124 143 132 134 135 137 139 139
 140 140 136 142 136 139 137 139 141 110]","[ 64 121 119 124 119 128 124 126 127 127 128 129 129 130 131 131 131 128
 127 129 133 136 134 132 146 127 127 136 122  92  62  39  43  22  20   8
  12  34  45  93 221 233 199 150 138 136 131 135 133 134 136 137 138 139
 139 139 136 142 136 139 137 139 141 110]","[ 62 119 118 122 118 127 123 125 127 127 128 129 129 130 131 131 126 130
 133 131 127 126 128 132 122 136 141 127 129 160 173 153  49  24  35  22
  15  16  21  88 219 235 192 136 135 145 134 129 135 135 137 138 138 138
 138 138 136 142 136 139 137 139 141 110]","[ 61 118 116 121 116 125 122 124 127 127 128 129 129 130 131 131 131 128
 126 127 130 132 131 129 140 125 131 127  77  41  72 126 147  49  17  19
  33  34  50 147 244 223 148  96 114 132 128 134 136 136 137 138 138 138
 137 137 136 142 136 139 137 139 141 110]","[ 62 113 119 115 122 120 124 122 124 124 125 126 127 127 128 128 128 128
 128 128 128 128 128 128 121 140 132 129  61  16  24  59 130 117  10  55
  51  51 137 242 231 196 137  87 109 144 133 132 136 136 137 137 137 137
 137 137 138 142 136 141 139 138 139 112]","[ 70 119 123 119 125 123 127 127 127 127 128 128 129 130 131 131 131 131
 131 131 131 131 131 131 129 128 120 143  97  43  22  31  44 115 116  60
  48  80 201 207 201 146  97  78 107 136 131 137 134 134 134 135 135 136
 136 136 136 139 133 139 137 136 137 110]","[ 63 109 110 106 112 109 113 114 118 118 119 119 120 121 122 122 122 122
 123 123 123 123 123 123 121 120 116 146 110  66  32  15  24  35 107 116
 127 128 210 187 168  93  61  77 108 129 127 138 131 132 133 134 135 136
 136 137 135 138 132 138 136 135 137 110]","[ 50  91  90  86  92  87  92  94  99  99  99 100 101 102 102 103 103 104
 104 104 104 105 105 105 107 114 106 111  63  45  42  32  24   8  41  97
 130 196 205 157 128  58  47  76 102 119 119 124 123 123 124 125 127 128
 129 130 128 131 126 132 130 129 131 104]","[ 49  87  84  81  87  81  85  88  87  87  88  89  90  90  91  91  92  92
  93  93  94  94  95  95 105  99  90  97  36  15  33  45  28  25  12  32
  62 165 159 136  75  33  41  66  87 111 111 108 111 112 113 114 116 117
 118 119 118 121 116 122 121 120 122  95]","[ 53  89  85  84  91  84  86  89  88  88  89  90  91  91  92  92  94  94
  94  95  96  96  97  97 106  87 101 147  84  27  20  28  38  25  10  11
  40  68  73  90  34  23  40  54  80 113 113 108 112 112 113 114 115 116
 117 117 117 121 115 122 120 120 122  95]","[ 52  87  84  85  93  83  85  88  89  89  90  90  91  92  93  93  94  95
  95  96  97  98  98  99 101  91 114 159  93  38  24  14  20  30  29   9
  26  31  41  21  26  31  43  49  82 115 111 113 116 116 116 117 117 118
 118 119 118 121 116 123 122 121 124  97]","[ 51  85  82  85  93  83  83  86  84  85  85  86  87  88  88  89  90  91
  91  92  93  94  95  95  96  98 101 100  27  16  35  21  23  21  19  29
  14  10  32  24  35  41  44  44  81 111 101 110 113 113 113 113 114 114
 114 114 112 116 111 117 116 116 119  92]","[ 51  79  79  81  84  79  84  81  82  82  83  84  85  85  86  86  89  90
  90  91  92  93  93  93  92 107  91  47  26  37  38  21  32  28  24  23
  25  27  25  23  34  37  38  44  63  90 108 114 105 108 111 111 111 112
 113 113 113 117 112 116 114 114 119  94]","[ 49  77  77  79  82  76  82  79  81  82  82  83  84  85  85  85  87  87
  88  88  89  90  91  91  86 100  95  61  27  17  24  30  36  32  26  23
  24  27  30  32  30  39  45  43  48  69  95 112 116 107 105 111 112 107
 107 113 112 116 111 116 113 113 118  93]","[ 47  75  74  75  78  73  80  77  80  80  81  82  82  83  84  84  84  84
  84  85  86  87  87  88  86  91  94  81  47  17  12  24  32  30  26  22
  19  20  24  27  30  38  43  40  40  52  72  86 108 108 107 106 106 108
 110 110 111 115 109 114 111 111 116  91]","[ 46  73  72  73  76  71  78  76  78  78  79  80  80  81  82  82  82  82
  83  84  84  85  86  86  91  86  88  93  79  49  23  14  17  19  21  19
  18  19  24  29  35  34  33  36  42  49  52  52  78 103 115 105 100 111
 114 106 109 113 107 112 109 110 114  90]","[ 45  72  70  71  74  70  77  75  76  76  77  78  78  79  80  80  82  82
  83  83  84  85  85  86  90  88  88  92  94  82  58  36  19  20  19  17
  17  23  33  41  37  33  30  32  38  44  49  51  59  86 112 117 109 103
 105 108 107 111 105 110 107 108 112  87]","[ 44  71  68  69  72  68  76  74  74  74  75  76  76  77  78  78  81  82
  82  83  84  85  85  85  83  90  91  86  88  93  89  80  53  46  35  24
  19  21  28  34  34  34  34  30  27  33  52  72  64  67  93 125 125 100
  94 109 105 109 103 108 105 106 110  86]","[ 42  68  65  66  69  65  73  72  73  73  73  74  75  76  76  77  80  80
  81  82  83  83  84  84  83  88  88  84  84  91  96  97  85  78  68  57
  47  38  30  25  32  31  31  28  23  26  44  64  71  62  75 108 130 123
 108 101 103 107 102 107 104 104 109  84]","[ 40  66  63  63  66  63  71  70  72  72  73  73  74  75  76  76  79  79
  80  81  81  82  83  83  89  83  81  86  91  90  87  86  91  92  94  94
  88  73  53  39  33  25  22  26  29  29  30  35  68  69  67  81 122 155
 133  88 103 107 101 106 103 103 108  83]","[ 40  61  68  63  66  68  66  70  71  71  72  73  74  76  76  77  78  78
  79  79  80  81  82  82  83  84  84  85  86  87  88  88  89  89  89  89
  89  89  88  88  39  34  26  23  28  34  34  30  36  58  72  63  82 145
 165 124 103 104 100 109 105 100 105  86]","[ 39  60  67  62  65  67  65  69  69  69  70  71  72  73  74  75  77  77
  78  78  79  80  81  81  84  85  85  86  87  88  89  89  90  90  90  90
  90  90  90  89  75  48  28  29  32  26  27  36  37  42  57  65  69  93
 133 159 133 109  90 105 105  92  96  85]","[ 39  61  67  63  65  67  66  69  70  70  71  72  73  75  75  76  79  79
  79  80  81  82  82  83  86  86  87  88  88  89  89  90  91  91  91  91
  91  91  91  91 101  74  46  33  28  25  29  37  35  34  42  57  57  54
  93 155 158 146 112  94  94 108 109  68]","[ 43  64  71  66  69  71  69  73  75  75  76  77  78  80  80  81  83  83
  83  84  85  86  86  87  88  88  88  89  89  90  90  90  91  91  92  92
  92  92  93  93  95  99  79  40  21  31  38  30  32  39  36  41  55  53
  65 101 143 163 150 119  94  98 106  73]","[ 48  69  76  71  74  75  74  78  78  78  79  80  81  83  83  84  84  84
  85  85  86  87  88  88  89  89  89  89  89  90  90  90  91  91  92  92
  93  93  93  94  86 106 101  64  33  30  33  27  32  41  33  35  54  56
  50  61  99 122 148 164 127  83  86  89]","[ 50  71  78  73  76  78  76  80  77  77  78  79  81  82  83  83  82  82
  83  84  85  85  86  86  89  89  89  89  89  89  89  89  90  90  91  92
  92  93  94  94  91  97 102  93  63  32  23  30  34  33  32  40  47  42
  44  60  65  81 110 156 165 141 115  75]","[ 49  70  77  72  75  76  75  78  76  77  77  79  80  81  82  82  82  82
  83  84  84  85  86  86  89  89  89  88  88  88  88  88  89  89  90  91
  92  93  93  94  96  90  94 102  89  56  33  29  31  27  34  41  36  36
  48  56  51  71  85 119 163 191 167  92]","[ 46  67  74  69  72  74  72  76  77  77  78  80  81  82  83  83  84  84
  85  86  87  87  88  88  88  88  88  88  88  88  88  88  88  89  90  90
  91  92  93  93  93  90  89  94  98  86  54  25  26  27  38  37  29  45
  55  37  46  66  84 112 137 162 180 156]","[ 44  73  67  74  78  69  82  78  76  76  77  78  79  81  81  82  84  84
  84  85  85  85  86  86  86  86  87  87  88  89  89  90  89  89  89  90
  91  92  92  93  91  99  96  87  92  98  77  44  31  30  29  31  35  40
  44  45  49  66  75  96 117 143 165 145]","[ 36  69  67  72  74  66  76  72  74  74  75  76  77  79  79  80  83  83
  83  83  84  84  84  85  85  85  85  86  87  88  88  89  88  88  89  89
  90  91  92  92  92 101 101  95  98 104  95  77  40  32  30  35  33  26
  32  46  44  57  60  72  86 113 143 131]","[ 44  77  79  77  75  68  76  75  76  77  78  79  80  81  82  82  84  84
  84  85  85  85  86  86  86  86  87  88  89  89  90  90  90  90  90  91
  92  93  93  94  86  91  94  92  91  94  96  95  67  42  29  38  38  27
  29  44  39  51  53  60  67  89 121 114]","[ 55  80  81  70  64  62  70  80  77  78  79  80  81  82  83  83  83  83
  83  84  84  84  85  85  85  86  86  87  88  89  89  90  89  90  90  91
  92  92  93  93  96  96  97  98  95  92  96 103  93  60  33  32  40  38
  33  33  32  45  49  62  68  83 106  94]","[ 44  55  54  39  34  37  49  74  75  76  77  78  79  80  81  81  82  82
  82  82  83  83  84  84  85  85  86  86  87  88  89  89  89  89  90  91
  91  92  93  93 100  95  94  98  97  92  91  95 103  84  57  36  32  35
  32  25  28  36  39  56  66  78  95  78]","[ 27  21  22  12  11  16  27  67  77  77  78  79  80  82  82  83  85  86
  86  86  87  87  87  88  89  89  90  91  92  92  93  93  94  94  95  95
  96  97  97  98  97  93  93  97  99  97  93  92 101 106  94  60  33  29
  32  33  35  35  32  46  56  68  87  72]","[ 25   9  11  10  12  10  15  63  74  74  75  76  77  78  79  80  81  81
  82  82  82  83  83  83  85  85  86  87  87  88  89  89  90  90  91  91
  92  93  94  94  96  98  98  99 100 102 100  97  92 101 100  79  50  34
  33  37  37  37  31  41  44  53  72  62]","[31  9 13 19 21 11  7 57 63 63 64 65 67 68 69 69 67 67 67 68 68 68 69 69
 71 71 72 73 73 74 75 75 76 76 77 78 78 79 80 80 72 79 81 76 74 79 80 76
 81 78 79 78 65 42 30 29 29 33 32 40 36 37 54 46]"
