"[ 34  59  52  49  51  48  54  49  54  55  57  60  64  69  72  74  66  72
  93 109 109 112 119 118 123 119 112 106 102  95  77  60  59  56  60  62
  58  62  62  50  32  33  21  19  28  19  12  29  54  48  48  52  47  37
  36  43  49  44  37  48  46  45  66  64]","[ 47  81  84  88  92  90  98  94 101 101 102 104 107 110 112 114 122 121
 134 154 170 194 218 228 233 240 247 249 249 247 230 213 192 170 146 121
 103 106 111 104  86  81  64  46  34  24  33  54  86  81  77  76  73  70
  72  77  65  82  80  77  77  98 127 113]","[ 33  64  62  57  57  58  70  69  72  73  75  79  83  87  91  93  97  94
  98 107 113 115 120 124 143 153 172 196 218 235 245 251 251 248 241 225
 194 164 132 100 109  99  94  88  76  76  85  88  76  74  67  62  63  70
  75  75  68  75  70  84 108 138 150 114]","[ 55  84  78  69  67  65  71  63  66  67  68  70  72  75  78  79  80  85
  90  97  98  89  85  93 122 118 118 124 133 147 169 190 209 214 233 249
 254 254 253 236 197 152 120 107 101 107  99  69  64  68  64  59  63  75
  79  74  75  72  77 116 144 151 145 111]","[ 45  80  82  80  84  81  78  60  68  67  65  63  61  59  59  58  63  70
  69  71  80  81  98 131 166 154 143 131 111  91  90 102 124 124 135 147
 157 176 190 186 147 196 246 220 130  74  70  71  68  75  77  74  78  87
  87  80  79 102 125 151 148 138 140 121]","[ 52  86  83  77  81  85  89  75  80  79  77  76  75  74  74  74  67  75
  67  60  64  59  75 119 174 162 153 145 122  92  83  93  75  77  88  95
  98 113 128 126 131 145 150 122  81  65  66  62  67  74  78  78  79  82
  84  84 101 134 146 142 134 141 145 109]","[ 65 105 104  91  86  87  94  85  82  81  80  78  78  77  78  78  65  78
  72  70  76  62  65 105 177 161 152 147 121  86  73  82  93  88  86  79
  76  99 130 142 138 144 125  91  77  74  67  61  75  77  81  85  86  89
 101 113 139 155 147 140 143 159 157 111]","[ 87 146 167 163 151 137 130 113 107 105 100  94  88  83  79  77  77  86
  75  72  83  68  68 107 174 161 158 158 129  81  54  55  46  49  59  64
  68  98 135 152 145 152 118  72  60  60  57  62  76  74  78  85  88  95
 116 140 144 149 145 150 146 144 148 124]","[ 63 146 136 144 150 151 152 162 162 161 158 151 141 128 117 111 101  94
  84  75  72  74  79  83 165 169 162 158 145  99  65  73  70  64  57  48
  54  95 138 154 144 141 122  62  57  60  79  67  88  83  78  83 103 129
 146 151 147 147 145 152 146 150 155 117]","[ 80 162 149 150 147 140 135 141 137 140 145 151 157 162 166 167 167 162
 154 143 130 118 108 103 169 175 165 154 142 102  68  71  66  67  67  60
  68 109 147 156 149 146 116  57  61  67  81  76  76  85  97 113 132 147
 151 147 150 149 147 154 147 152 156 118]","[ 87 173 162 163 161 154 148 152 150 148 145 142 140 140 141 142 132 138
 146 155 162 166 167 167 169 179 165 149 140 112  81  79  74  79  79  69
  76 119 154 156 149 150 108  53  67  72  76  81  84 102 125 144 157 162
 157 148 153 152 150 156 149 154 158 120]","[ 85 176 171 176 178 175 172 176 170 167 162 156 152 150 148 148 151 149
 146 143 140 138 137 137 163 178 164 145 143 127 103  98  95  99  93  74
  77 120 153 151 144 151 101  50  65  70  70  89 118 133 150 160 164 164
 160 155 155 154 152 157 150 154 158 120]","[ 87 182 179 182 182 179 175 177 176 176 177 177 177 177 177 176 162 159
 155 151 149 149 150 151 163 180 168 148 149 140 123 121 115 117 111  93
  93 126 151 146 142 148  93  48  57  71  80 116 149 159 166 166 164 164
 163 162 156 155 153 158 150 154 157 119]","[ 90 186 185 185 184 183 179 180 182 182 183 182 180 176 172 170 184 183
 180 177 171 166 161 158 171 187 176 158 158 148 135 139 130 131 133 125
 124 143 155 146 147 147  95  62  63  88 107 148 159 167 173 172 169 169
 168 165 158 157 154 159 151 154 157 119]","[ 90 188 188 188 187 189 187 188 182 183 185 187 187 187 185 184 173 175
 178 180 181 181 179 178 177 193 184 169 167 153 144 156 150 146 150 150
 147 154 161 154 155 151 113 101  95 121 132 160 161 168 174 174 174 175
 172 168 161 160 157 161 153 156 159 120]","[ 91 190 189 187 185 187 185 186 188 188 187 186 185 184 183 182 187 185
 182 180 178 178 179 179 179 194 188 176 173 157 150 169 171 159 158 159
 153 156 163 161 161 156 134 140 130 148 144 152 165 170 173 173 174 177
 175 171 163 162 159 163 155 157 160 121]","[ 94 191 187 187 187 188 186 188 187 187 187 186 186 185 185 185 184 184
 183 183 183 182 182 182 180 203 193 177 179 161 148 169 168 168 164 158
 156 161 163 162 165 144 129 134 144 147 151 159 165 168 173 177 179 178
 176 174 170 167 162 166 159 161 162 122]","[ 94 191 187 187 187 188 186 188 187 187 187 186 186 186 185 185 184 184
 184 184 183 183 183 182 181 202 193 178 178 161 150 169 175 173 167 161
 162 166 167 164 163 145 133 139 147 150 154 161 168 171 175 179 181 180
 178 177 173 170 165 169 161 163 164 123]","[ 93 190 187 187 186 187 186 188 188 188 187 187 186 186 186 186 185 185
 185 184 184 183 183 183 181 198 190 176 174 159 151 166 180 176 169 164
 166 171 170 164 159 146 139 144 152 154 158 165 171 174 178 181 183 182
 180 179 177 174 168 172 163 165 165 125]","[ 93 190 187 187 186 187 185 187 188 187 187 187 186 186 186 186 185 185
 185 185 184 184 183 183 180 192 187 176 170 158 151 162 179 175 168 165
 170 176 172 164 153 147 144 150 155 157 161 167 173 175 179 182 183 182
 181 180 180 177 171 174 165 166 166 125]","[ 92 189 186 186 186 187 185 187 187 187 186 186 186 185 185 185 185 185
 185 184 184 183 183 183 182 189 188 180 171 160 156 160 176 174 170 169
 175 180 175 166 148 148 150 153 156 158 163 170 174 176 178 180 182 181
 180 180 181 178 172 175 166 167 167 127]","[ 92 189 186 186 185 186 185 187 185 185 185 184 184 184 183 183 184 184
 183 183 183 182 182 182 185 189 192 187 175 165 161 160 174 175 175 176
 180 183 177 167 147 151 156 157 156 158 166 173 175 176 178 180 180 180
 180 179 182 179 173 176 168 170 170 129]","[ 92 189 185 186 185 186 184 186 184 184 183 183 183 182 182 182 183 183
 182 182 181 181 181 181 184 185 192 191 176 167 163 156 172 177 180 181
 181 180 172 162 148 156 162 161 157 160 168 176 176 177 178 180 181 181
 180 180 183 180 175 179 171 173 174 133]","[ 92 189 185 185 185 186 184 186 183 183 182 182 182 181 181 181 182 182
 181 181 181 180 180 180 180 181 190 190 174 165 161 151 169 176 182 181
 179 174 165 156 150 159 166 163 158 161 171 179 177 178 179 180 181 181
 181 181 184 182 177 181 173 176 177 137]","[ 92 187 183 183 184 185 182 182 184 183 182 182 181 180 179 179 178 177
 179 182 183 181 181 181 179 183 186 181 169 156 151 153 161 173 180 178
 175 173 163 150 150 164 166 164 165 162 164 177 181 181 180 180 180 179
 179 179 175 183 184 184 173 176 176 132]","[ 92 187 182 183 183 184 181 182 183 183 182 181 180 179 179 178 188 182
 177 175 176 178 181 182 176 181 185 178 163 152 152 157 174 178 177 169
 167 168 161 150 152 164 166 163 164 161 164 178 180 180 180 180 181 181
 181 181 183 183 178 178 172 179 180 136]","[ 91 186 182 182 183 184 181 181 182 182 181 181 180 179 179 178 180 179
 180 182 182 176 164 154 154 161 166 161 153 152 161 171 177 178 173 166
 166 168 160 147 155 165 165 161 162 161 164 178 180 180 180 181 182 183
 183 183 187 183 176 179 176 181 178 131]","[ 90 186 181 181 182 183 180 180 181 181 180 180 179 179 178 178 174 176
 179 182 182 171 150 132 141 145 146 142 141 150 164 173 170 173 172 169
 171 172 160 142 158 167 164 160 162 161 164 177 179 179 180 181 183 184
 185 186 184 184 181 187 179 176 167 118]","[ 89 185 180 180 181 182 179 179 179 179 179 179 178 178 178 178 183 181
 175 170 171 172 162 149 155 153 144 134 135 146 158 162 168 171 170 167
 170 171 158 141 160 167 164 159 162 161 163 175 178 179 180 181 183 184
 186 186 185 185 182 185 169 162 156 113]","[ 89 184 179 180 180 182 178 179 178 178 178 178 178 178 178 178 177 179
 177 174 178 184 180 169 169 165 152 135 132 145 156 160 171 173 168 160
 160 162 154 141 161 168 164 160 163 162 162 172 178 178 179 181 182 183
 184 185 188 182 172 169 152 147 151 117]","[ 88 183 179 179 180 181 178 178 177 177 177 177 177 177 177 177 166 174
 176 174 179 187 186 177 172 173 160 135 123 132 147 154 162 166 165 158
 155 156 149 138 160 168 165 161 165 163 161 169 178 178 179 180 181 182
 183 183 182 170 156 156 144 144 151 119]","[ 88 183 178 179 179 181 177 178 177 177 177 177 177 177 177 177 173 175
 167 155 158 175 187 187 178 182 168 134 109 110 125 135 145 156 163 161
 159 156 146 133 160 168 165 162 166 163 160 168 178 178 179 179 180 181
 181 182 171 157 145 151 147 148 151 114]","[ 88 183 179 181 179 177 177 183 179 178 176 175 174 174 174 174 176 158
 149 152 146 139 162 197 182 179 162 126  91  80  99 121 126 131 138 143
 144 140 133 127 161 168 166 165 168 162 158 165 180 179 176 174 179 183
 175 162 147 152 145 149 147 149 148 115]","[ 87 181 176 178 176 175 175 181 178 177 176 174 173 173 173 173 171 162
 162 168 164 157 168 188 181 171 149 120  93  79  78  82  94 101 112 123
 130 130 125 121 159 167 165 163 166 162 158 165 172 179 184 182 178 172
 160 148 146 151 144 147 146 147 147 114]","[ 91 183 177 177 176 176 176 183 177 176 175 174 173 173 173 173 175 179
 185 185 176 164 160 162 161 152 139 131 124 114  99  88  75  79  87  99
 112 121 126 128 157 167 165 162 165 162 160 167 169 179 185 179 167 155
 146 140 145 150 143 146 145 146 145 113]","[ 89 180 172 172 172 172 172 179 174 173 172 171 171 171 171 171 180 193
 197 182 161 147 138 131 140 142 148 159 166 162 149 137 106  99  92  90
  96 105 114 118 153 165 165 161 163 162 160 167 172 174 172 162 150 142
 142 143 145 150 143 146 144 146 145 112]","[ 80 169 160 161 161 162 161 166 166 166 165 164 164 164 164 165 174 190
 192 168 143 134 135 134 141 155 173 185 187 181 174 170 159 145 125 108
  99  94  91  89 141 157 160 154 157 156 155 161 167 162 154 148 142 140
 143 146 144 149 142 145 144 145 145 112]","[ 76 165 156 157 159 159 157 160 157 157 156 156 156 156 157 157 170 185
 187 167 150 151 162 168 157 174 191 196 189 182 183 187 187 176 161 146
 133 119 103  91 126 146 152 146 148 148 147 150 153 147 143 144 146 144
 142 142 143 148 141 144 142 144 143 110]","[ 77 166 157 160 162 161 157 159 155 154 154 153 153 154 155 155 175 184
 185 175 166 170 178 182 170 180 189 188 181 179 186 195 192 187 180 174
 167 154 135 121 116 139 148 142 144 144 141 144 145 139 139 144 146 142
 140 141 140 145 138 141 139 141 140 107]","[ 74 163 155 158 160 159 154 155 157 157 156 156 156 156 157 158 180 182
 181 175 171 170 168 165 179 179 178 174 170 173 181 188 197 191 184 180
 176 165 150 137 112 138 148 143 144 145 141 142 145 139 138 141 140 137
 139 146 137 142 135 138 137 138 137 105]","[ 81 163 158 160 155 156 157 155 157 157 157 156 156 156 155 155 175 175
 167 166 173 168 157 158 162 151 167 168 141 149 177 178 189 187 188 181
 170 169 163 145 118 141 147 141 143 144 140 141 141 140 138 139 140 141
 139 138 139 141 133 137 133 131 133 105]","[ 79 162 157 159 154 155 157 154 155 155 155 154 154 154 153 153 182 187
 182 175 171 158 149 154 149 144 165 171 148 152 171 167 184 183 185 180
 172 174 169 151 117 139 145 139 141 141 137 138 141 140 138 138 139 139
 138 136 137 139 132 136 132 130 132 104]","[ 77 160 155 158 152 154 155 153 153 153 152 152 152 151 151 151 172 187
 190 182 173 160 157 167 151 150 169 175 159 163 178 173 182 180 183 179
 171 173 168 149 119 138 142 137 140 140 136 137 140 138 136 136 136 136
 134 132 134 136 129 133 130 128 130 102]","[ 75 159 153 156 151 153 154 152 152 152 152 152 151 151 150 150 163 185
 193 185 178 168 167 178 165 162 170 171 163 174 191 191 186 183 184 178
 168 168 159 138 122 138 140 136 139 138 134 137 137 135 133 132 132 132
 130 128 129 131 124 129 126 125 127 100]","[ 74 157 152 155 150 152 154 152 153 153 153 153 152 152 151 151 169 190
 197 189 182 172 166 171 168 167 167 164 164 179 194 196 193 189 187 180
 169 166 155 131 123 135 135 132 136 134 130 134 134 132 130 129 129 128
 126 124 125 128 121 126 124 123 125  98]","[ 73 157 152 155 150 153 155 153 154 154 154 153 153 153 152 152 166 189
 197 189 185 177 170 171 167 172 170 168 176 190 196 194 197 191 189 182
 172 169 156 131 124 132 130 128 132 129 125 131 132 130 128 128 128 128
 126 124 124 127 121 126 124 124 127 100]","[ 73 157 152 155 151 153 155 153 154 154 153 153 153 152 152 152 154 182
 195 189 186 181 177 179 172 179 176 172 186 200 200 198 197 191 188 181
 171 167 152 126 127 133 130 128 133 129 125 132 132 130 129 129 130 130
 128 127 126 129 123 129 127 127 130 103]","[ 74 157 152 156 151 154 156 154 153 153 153 152 152 151 151 151 151 183
 199 191 184 178 175 179 177 184 174 168 184 201 202 202 197 190 186 178
 166 161 145 118 132 137 133 131 137 132 128 135 133 131 130 130 132 132
 131 129 129 132 126 132 130 131 133 107]","[ 71 160 151 152 153 153 151 155 153 153 153 153 153 154 154 154 156 174
 193 196 188 181 180 180 182 177 175 182 194 201 198 193 192 191 183 171
 163 154 135 116 135 136 137 137 137 135 133 132 129 129 128 128 128 128
 128 127 127 130 124 130 129 129 132 105]","[ 78 167 158 160 161 161 159 162 160 160 160 160 160 160 160 160 158 171
 187 195 191 183 180 182 183 178 177 184 196 203 201 196 185 179 171 164
 156 145 130 119 136 136 136 136 135 133 132 131 129 128 128 128 128 127
 127 127 124 127 122 129 128 129 133 107]","[ 84 173 165 166 168 167 165 168 165 165 165 165 165 165 165 165 161 166
 179 193 195 187 182 184 184 180 179 186 197 203 201 197 181 168 159 156
 149 133 123 122 138 137 136 134 132 132 131 131 129 128 128 128 127 127
 126 126 120 124 120 127 128 130 134 108]","[ 84 174 166 168 169 168 165 168 165 165 165 165 165 164 164 164 164 161
 170 189 197 190 184 185 186 183 182 188 196 199 197 192 180 162 152 153
 144 125 119 128 140 138 136 133 131 130 130 131 129 129 128 128 127 126
 126 126 121 125 120 128 128 130 134 108]","[ 83 173 165 168 169 168 164 166 165 165 164 164 163 163 162 162 165 159
 164 181 193 192 187 186 188 185 184 188 192 193 189 184 172 154 147 150
 142 123 122 136 141 139 136 133 131 131 131 131 131 130 130 129 128 127
 126 126 125 128 123 130 129 130 134 107]","[ 83 174 167 169 171 169 165 167 167 167 166 165 165 164 163 163 163 160
 161 171 185 193 191 185 189 187 186 188 190 188 183 178 161 149 145 149
 142 127 129 143 140 139 137 135 134 133 132 132 133 132 131 130 129 128
 127 127 126 129 123 130 130 131 134 108]","[ 84 174 167 170 172 170 165 167 168 168 167 167 166 165 164 164 161 163
 161 162 176 192 193 184 188 187 187 188 189 187 182 177 160 155 154 154
 145 133 134 144 138 138 138 138 137 135 134 133 135 134 133 132 131 129
 128 128 123 126 121 129 129 131 135 109]","[ 82 173 167 170 171 169 164 166 168 168 167 166 165 164 164 163 159 165
 161 157 170 192 195 183 187 186 187 189 190 187 183 178 168 166 165 161
 149 136 135 142 137 138 139 139 139 137 135 134 136 135 134 133 132 130
 129 129 119 123 119 127 128 131 136 110]","[ 82 174 167 169 170 169 167 172 169 168 166 164 163 163 162 162 164 162
 163 160 163 181 190 178 179 183 188 190 190 187 185 184 176 171 166 173
 150 126 141 146 145 143 141 140 139 137 134 131 135 133 132 131 131 129
 126 123 116 123 121 131 130 131 134 109]","[ 84 176 170 172 171 170 167 170 169 169 168 167 166 165 164 163 162 160
 163 161 162 177 184 173 180 187 195 198 195 189 184 182 182 176 169 175
 152 128 143 147 147 145 143 143 142 140 137 134 135 133 132 132 133 132
 130 127 117 124 122 131 130 130 134 108]","[ 82 174 169 171 171 168 164 167 167 167 168 167 166 164 162 161 157 155
 159 158 158 170 178 168 171 181 192 196 192 184 179 177 176 170 162 166
 144 123 139 142 142 141 139 138 138 136 133 130 128 127 126 126 127 127
 125 123 114 120 117 125 123 123 127 101]","[ 87 179 175 178 178 175 171 174 173 174 175 175 174 171 168 166 163 161
 164 163 161 174 186 181 171 181 192 196 191 184 181 181 177 171 162 165
 145 129 146 148 148 146 144 144 143 142 139 136 134 132 131 131 132 131
 128 126 121 127 124 130 128 128 131 106]","[ 81 173 168 172 173 171 168 172 167 168 170 170 169 166 163 161 161 157
 159 157 155 169 187 190 176 182 188 188 183 177 175 176 178 171 159 159
 140 126 144 144 144 142 141 140 140 139 136 134 133 131 129 128 128 126
 122 120 118 123 119 125 123 122 126 101]","[ 87 178 172 174 174 174 172 176 171 171 172 171 170 168 166 164 166 161
 162 161 157 171 193 202 198 198 197 194 189 184 181 180 183 176 161 158
 138 127 144 143 143 141 140 140 140 139 136 134 135 133 130 129 127 125
 121 118 116 120 116 122 120 120 125 100]","[ 93 183 174 174 173 172 171 176 172 172 171 170 169 168 167 166 166 161
 164 163 157 169 192 202 202 199 196 194 192 189 184 181 179 173 157 153
 136 128 148 146 143 142 140 140 141 140 137 135 135 133 131 130 129 127
 123 121 118 123 119 125 123 124 129 104]","[ 60 149 138 136 133 132 131 136 135 134 132 130 129 129 128 128 126 122
 126 126 119 128 149 159 155 151 149 151 153 152 147 141 138 132 118 116
 102  99 120 119 112 111 110 110 110 109 107 105 103 101  99  99  99  98
  95  93  92  97  92  98  97  98 104  79]"
