"[27 24 20 19 19 21 21 21 22 22 21 21 21 20 20 20 20 20 19 19 18 18 18 17
 20 20 20 20 20 21 21 21 19 18 18 18 19 20 21 21 18 19 21 22 23 22 22 21
 24 23 23 24 25 25 24 23 20 23 31 27 18 26 42 45]","[20 17 13 11 11 10  9  9  7  7  7  6  7  7  6  6  6  6  6  6  6  6  6  6
  6  6  6  6  6  6  6  6  6  6  6  6  6  6  6  7  6  7  9 10 11 11 10 10
 11 11 12 14 16 17 16 16 24 15 16 23 32 50 58 48]","[26 23 20 18 17 16 13 11 13 13 12 11 10  9  8  8  3  3  3  3  4  4  4  4
  1  1  1  2  2  2  2  2  2  3  2  2  2  1  2  3  4  5  6  8  9  9  9  9
  8 10 12 14 16 17 17 18 21 14 20 35 50 67 67 50]","[32 31 30 30 30 29 26 24 20 19 17 15 12 10  9  9 10 11 10 10  8  8  7  7
  7  7  7  6  6  6  6  6  6  5  5  5  5  5  5  6  9 10 11 12 13 14 15 15
 15 17 18 19 19 19 20 22 17 27 48 61 60 63 62 50]","[23 23 23 25 27 27 25 23 25 24 24 23 21 20 20 20 15 15 14 12 11  9  8  8
  9  9  9  8  7  7  7  7  7  6  6  5  5  5  6  6  9 10  9 11 13 14 14 16
 17 18 18 16 14 14 17 20 33 44 63 69 59 58 59 51]","[18 16 15 17 20 20 18 17 23 23 24 26 27 28 29 29 24 23 22 21 19 18 17 16
 10 10  9  9  8  8  7  7  7  7  6  6  5  5  6  6  8  8  9 10 11 12 14 15
 16 17 16 14 13 16 23 29 58 54 57 58 56 63 65 54]","[31 28 24 21 21 20 19 17 10 10 11 12 14 15 16 16 25 25 25 24 24 24 23 23
 17 17 16 15 14 13 13 12 11 10  9  8  8  8  8  8  9  9  9 10 12 14 17 18
 16 17 18 17 19 26 39 49 65 56 54 55 56 66 69 57]","[48 43 36 31 27 25 22 20 19 18 18 17 16 16 15 15 12 12 13 14 15 15 16 17
 23 22 22 21 20 19 18 18 11 10  9  8  7  7  8  8  9  9  9 10 12 14 17 18
 14 16 17 19 23 35 51 64 56 55 63 64 58 63 66 57]","[54 85 83 78 74 64 63 52 33 31 29 25 22 19 17 17 16 16 16 16 15 14 13 12
 14 13 14 15 17 17 15 13 19 19 18 17 16 15 14 14 11 11 10 10 12 15 18 20
 22 16 15 27 46 58 56 49 56 58 59 59 64 68 65 58]","[54 86 88 89 92 89 94 86 86 83 78 70 60 51 43 39 26 25 25 23 21 18 16 15
 15 14 13 14 15 18 18 18 13 13 12 12 10  9  8  8 10 10 11 11 12 14 15 16
 15 20 30 44 57 62 57 52 58 60 61 61 66 70 67 60]","[41 73 73 74 78 76 83 77 77 79 81 83 84 84 83 83 78 75 69 60 51 41 34 30
 27 23 16 12  9  7  6  5 13 14 14 15 15 16 17 17 12 12 12 13 15 17 18 19
 23 33 47 57 61 60 58 57 60 62 63 64 68 72 68 61]","[46 76 74 72 73 71 77 71 71 71 71 72 73 74 75 76 81 81 81 80 79 78 76 75
 66 62 54 47 41 35 29 25 15 15 14 13 12 11 10  9 12 12 11 12 13 17 22 25
 44 49 54 56 55 55 58 61 62 64 64 65 69 73 69 62]","[48 78 76 75 78 77 85 80 79 76 72 68 66 66 67 68 63 65 67 69 72 73 74 75
 76 74 73 73 71 68 63 59 45 43 38 32 26 20 16 14 15 13  9  9 12 19 27 32
 54 53 52 51 53 56 59 61 63 65 65 65 69 72 69 62]","[43 73 71 69 72 70 77 72 74 72 70 69 69 72 75 77 73 73 71 68 65 62 59 57
 61 62 64 67 68 66 61 57 67 66 63 59 56 52 49 48 31 27 23 21 24 31 39 44
 49 48 49 54 59 62 61 59 64 66 66 66 70 73 69 62]","[53 83 81 78 79 76 81 74 82 80 78 75 71 68 65 64 70 71 72 74 74 75 74 74
 66 66 66 66 66 64 59 56 54 54 55 55 56 56 56 57 46 44 41 39 40 43 47 50
 46 48 52 57 62 64 64 63 67 68 69 68 72 75 71 64]","[48 80 80 80 84 82 88 82 76 78 81 82 82 79 76 73 76 75 74 72 69 66 64 62
 64 62 61 61 62 61 59 57 57 56 56 54 53 52 51 51 50 49 47 46 45 44 45 45
 53 54 56 57 58 61 65 69 69 71 71 70 74 77 73 66]","[46 84 82 79 87 82 85 86 84 85 85 85 84 83 82 81 78 79 79 78 76 74 71 69
 67 66 64 62 60 58 57 56 55 55 53 52 51 51 51 51 48 45 42 42 46 48 48 47
 55 55 57 60 62 64 66 67 70 67 72 75 74 79 79 66]","[48 86 83 80 88 83 87 89 87 87 86 86 86 85 85 84 82 82 81 80 79 77 75 74
 72 71 69 67 65 63 62 61 60 59 58 56 55 54 54 54 49 46 44 44 47 49 49 48
 55 56 58 60 63 65 67 68 72 69 74 77 76 81 81 68]","[51 88 84 80 88 85 89 91 89 89 88 87 87 87 87 88 88 87 85 83 81 80 80 80
 78 77 76 74 72 70 68 68 67 66 64 61 59 58 57 57 52 50 47 46 48 51 52 52
 57 58 60 62 65 67 69 70 75 71 77 80 78 83 83 70]","[51 89 84 80 88 85 90 92 90 90 89 88 88 88 89 90 91 90 87 85 84 84 84 84
 82 81 80 78 76 74 73 72 73 71 69 66 63 62 60 60 56 54 51 50 51 53 55 56
 60 60 62 65 67 69 71 72 76 73 78 81 79 84 83 70]","[50 88 84 80 88 84 89 91 89 89 89 88 89 89 90 90 93 91 89 87 86 86 86 87
 84 84 82 80 78 76 75 74 77 75 72 69 66 64 63 62 60 59 56 54 53 55 58 61
 62 63 65 67 69 72 74 74 77 74 78 81 79 83 83 70]","[49 87 85 82 90 85 88 89 88 89 90 91 91 91 90 90 93 92 91 90 89 88 88 88
 87 87 85 83 81 79 78 77 79 78 75 72 70 68 66 66 64 63 60 57 55 57 61 65
 64 65 67 69 72 74 76 77 78 75 80 82 80 84 84 70]","[48 88 87 85 93 88 89 89 88 90 93 95 95 94 92 91 94 94 94 93 93 92 90 90
 92 91 90 88 86 84 82 81 82 80 78 75 73 71 70 70 67 66 64 60 57 58 63 68
 66 67 69 71 74 76 78 79 81 78 82 84 82 86 85 72]","[49 89 89 88 96 90 90 89 89 91 95 98 99 97 94 91 94 95 96 96 96 94 92 91
 96 95 93 91 89 87 86 85 83 82 80 78 76 74 73 73 69 68 66 61 58 59 65 70
 67 68 70 72 74 77 79 79 83 80 84 86 84 88 87 74]","[ 47  92  97  94  90  74  82  95  90  98  90 100  99  78  87 103  98  98
  98  98  98  98  98  97  99  98  97  96  95  94  93  93  88  87  84  82
  79  78  77  76  69  69  67  64  62  63  65  67  67  69  71  73  73  74
  77  79  71  88  89  86  79  87  99  75]","[ 52  94  96  88  74  52  63  83  94 101  92  96  83  52  64  88  99  98
  98  98  98  98  98  98 101 100 100  99  98  97  96  96  93  91  89  86
  83  81  79  78  71  70  68  65  64  64  66  68  69  71  73  75  75  76
  79  81  83  78  74  93  95  88  91  73]","[ 56  94  94  84  64  34  45  71  95 103  95  95  69  28  42  76  99  99
  99  99  99  99  99  99 103 103 103 102 101 101 100 100 100  98  96  92
  88  85  83  81  76  74  72  69  68  69  70  71  71  73  76  77  78  79
  82  84  84  86  85  96  90  88 108 106]","[ 56  91  92  89  72  37  40  61  92 101  96  99  71  24  38  74 100 100
 100 100 101 101 101 101 104 104 104 104 104 103 103 103 105 104 101  98
  94  90  87  85  83  80  76  74  73  74  74  74  72  75  77  79  80  81
  84  87  86 101  94  87  90 121 155 141]","[ 55  89  91  95  87  52  41  47  84  96  96 103  79  33  40  70 100 100
 101 101 102 102 103 103 104 104 104 104 105 105 105 105 108 107 106 103
 100  96  92  90  88  83  78  76  75  75  74  73  73  75  78  80  81  83
  86  88  93  95  83  97 132 174 186 144]","[ 55  91  93  97  97  66  45  35  73  93  96 103  81  39  42  62 101 101
 102 102 103 104 104 105 104 104 104 105 106 106 107 107 110 110 110 109
 106 103 100  98  93  87  81  77  77  76  74  71  74  77  80  82  83  85
  88  91  86  92 105 146 177 187 181 144]","[ 55  95  96  95  98  77  56  38  60  90  98  99  76  40  45  60 101 102
 102 103 104 105 106 106 104 105 105 106 107 108 109 109 111 112 113 114
 113 110 108 106 103  96  88  84  83  81  77  73  76  79  82  84  86  88
  91  94  98 127 156 186 188 180 177 151]","[ 55  99  98  92  96  84  68  49  51  89  99  96  72  41  50  64 102 102
 103 104 105 106 106 107 105 106 106 108 109 110 111 111 112 114 116 117
 117 116 113 112 112 105  96  91  90  88  83  78  78  81  84  87  88  90
  94  96 135 171 186 186 182 192 190 147]","[ 49  99  93 100  96  93  71  57  42  76  91  99  55  47  56  61  97  98
 100 102 104 105 106 106 106 106 107 108 109 109 110 110 116 116 117 119
 119 119 119 119 118 114 109 101  94  87  83  80  79  81  90  97  86  82
 113 156 182 183 181 187 185 193 194 150]","[ 47  97  91  97  93  93  71  58  40  61  91 102  53  49  54  66 103 103
 104 106 107 109 110 110 111 111 111 112 113 114 114 115 112 113 114 115
 116 116 116 116 126 125 121 115 107  97  89  84  95  90  81  78  98 134
 165 180 182 184 182 188 186 194 195 150]","[ 49  98  91  95  92  93  72  57  43  43  91 103  49  48  46  71 103 103
 102 102 103 105 107 108 108 109 109 110 111 112 112 112 119 120 122 123
 124 124 124 124 127 128 128 125 119 109 100  94  83  85  90 109 144 177
 187 181 184 185 183 190 187 195 195 150]","[ 55 106  97 100  98 101  78  60  55  37  93 105  48  49  42  80 108 107
 105 104 105 107 109 111 112 112 113 113 114 115 116 116 115 116 117 119
 120 121 121 121 124 126 129 130 128 123 118 114  84  95 127 167 186 181
 175 179 185 187 185 192 189 196 196 151]","[ 61 115 109 113 113 118  93  71  60  37  83  96  47  50  45  94 127 125
 124 123 123 125 128 130 131 131 132 132 133 134 135 135 130 131 132 134
 136 136 137 137 137 138 140 142 143 143 143 142 130 141 163 184 186 177
 180 192 187 189 188 194 191 198 197 151]","[ 65 122 119 125 126 131 103  76  47  32  53  65  35  39  44 100 141 140
 140 140 141 142 144 146 147 147 148 149 150 150 151 151 156 157 159 161
 162 163 164 164 161 161 160 161 162 164 165 166 166 179 181 172 174 189
 193 186 188 190 190 196 193 199 198 152]","[ 67 126 124 128 127 128  92  60  37  37  25  35  24  27  43 103 141 142
 143 144 145 147 148 149 151 151 152 152 153 154 154 155 154 155 157 159
 161 162 163 163 170 169 169 169 170 171 173 174 173 183 182 173 179 194
 192 177 189 192 191 198 195 201 199 152]","[ 68 127 124 126 120 116  74  37  44  53  18  26  25  25  48 108 139 140
 142 144 146 147 148 148 150 150 151 152 153 153 154 154 154 156 158 160
 161 163 163 163 163 164 165 167 168 169 170 170 180 178 179 185 186 184
 186 191 190 192 192 199 196 201 199 152]","[ 67 130 123 114 133 105  67  57  40  47  34  25  33  34  45  74 111 127
 138 146 152 145 141 149 149 149 150 151 153 154 155 155 160 160 160 161
 162 164 165 166 162 165 168 169 171 172 175 178 178 179 180 182 184 186
 187 188 193 190 195 191 198 196 203 154]","[ 67 129 130 122 129  98  60  43  32  39  32  31  42  40  41  59  67  80
  90 107 135 149 151 156 149 150 150 152 153 154 155 155 159 159 159 159
 161 162 164 165 164 166 169 171 171 173 176 178 179 180 181 183 185 187
 188 189 194 191 196 192 200 197 204 155]","[ 64 123 132 122 113  82  53  29  31  36  34  38  48  42  34  41  44  50
  51  71 115 146 150 146 150 150 151 152 153 155 155 156 159 159 159 160
 161 163 164 165 166 168 171 172 172 173 176 178 180 181 182 184 186 188
 189 190 195 192 197 193 200 198 205 156]","[ 67 120 130 114  93  71  58  38  40  39  37  38  38  33  30  36  50  50
  44  59 107 144 147 139 150 151 152 153 154 155 156 157 161 161 161 162
 163 165 166 167 167 169 171 172 172 173 175 177 180 181 182 184 186 188
 189 190 195 192 197 193 200 198 205 156]","[ 74 124 124  98  76  65  68  58  45  38  33  28  19  20  34  46  52  52
  46  64 111 147 152 148 151 152 153 154 155 156 157 158 160 160 161 161
 163 164 166 167 167 169 171 172 172 172 175 177 180 180 182 184 186 188
 189 190 195 192 197 193 200 197 205 156]","[ 71 124 115  79  62  54  60  59  44  31  25  18   8  17  45  61  53  51
  50  74 119 146 150 151 152 153 153 155 156 157 158 158 159 159 159 160
 161 163 164 165 167 170 172 173 173 174 177 179 181 182 183 185 187 189
 191 191 196 193 198 194 202 199 206 157]","[ 65 129 113  71  60  45  39  43  47  28  23  20  11  26  57  68  58  52
  54  86 130 146 144 148 153 153 154 155 156 158 158 159 162 162 162 162
 164 165 167 168 169 171 174 175 176 178 181 183 184 184 186 188 190 192
 193 194 199 196 201 197 204 202 209 160]","[ 68 140 122  77  70  46  28  31  53  31  28  29  22  38  64  67  58  48
  52  93 141 152 147 152 153 153 154 155 157 158 159 159 166 166 166 167
 168 170 171 172 170 173 176 178 179 181 184 186 186 187 188 190 192 194
 196 196 201 198 204 199 207 204 211 162]","[ 65 133 128 111  60  48  48  23  31  40  43  28  19  44  69  69  62  43
  58 108 145 159 159 152 160 160 161 163 165 166 167 168 169 169 168 169
 169 170 171 172 174 176 179 180 180 181 183 185 187 187 189 191 193 195
 196 197 198 199 205 199 207 207 214 161]","[ 67 140 134 118  73  55  55  43  32  35  39  35  37  59  69  56  50  46
  64 111 151 161 159 162 162 162 163 165 167 168 169 170 171 171 171 171
 172 173 174 175 175 178 180 181 181 182 184 186 188 188 190 192 194 196
 197 198 199 200 207 200 208 208 214 161]","[ 70 148 139 129  95  69  61  62  45  40  39  42  51  70  69  46  39  50
  67 108 156 163 155 165 164 164 165 167 169 170 171 172 173 173 173 173
 174 176 177 178 178 180 182 183 183 184 186 188 190 190 192 194 196 198
 199 200 202 203 210 203 210 209 216 162]","[ 69 150 140 139 119  85  63  65  62  51  47  47  50  63  63  47  37  53
  61  98 157 167 152 160 165 165 167 168 170 171 172 173 174 174 175 175
 176 178 179 180 180 182 185 186 186 187 189 191 192 193 195 197 199 201
 202 203 204 206 213 206 214 212 218 164]","[ 68 146 137 146 136 103  70  60  61  54  55  53  45  49  54  49  42  52
  50  83 150 172 157 160 165 166 167 168 170 171 173 173 175 175 175 176
 177 179 181 182 183 185 187 188 188 189 192 194 195 196 197 199 201 203
 205 206 206 208 215 210 217 216 221 167]","[ 69 141 135 149 143 123  93  69  54  51  58  59  46  43  49  50  47  49
  45  71 130 164 165 167 166 167 168 169 171 173 174 174 176 176 177 178
 179 181 183 184 186 188 190 191 191 192 194 196 198 199 200 202 204 206
 208 208 207 209 218 213 221 219 224 170]","[ 73 139 138 151 141 140 129  98  70  58  58  60  50  47  53  55  49  50
  50  63  98 137 162 171 168 169 170 171 173 175 176 176 179 179 179 180
 182 184 186 187 188 190 192 193 193 194 196 199 200 201 202 204 206 208
 210 210 207 210 219 215 224 223 228 174]","[ 77 140 142 151 138 151 157 126  97  71  57  56  51  53  61  62  49  52
  57  59  71 110 152 169 170 171 172 173 175 177 178 178 181 181 181 183
 184 187 188 190 189 191 193 194 194 195 198 200 201 202 203 205 207 209
 211 211 206 210 219 216 225 224 230 176]","[ 72 148 140 147 145 145 145 144 138 107  68  47  47  53  57  58  57  48
  53  68  68  73 116 171 165 168 172 174 174 174 178 182 181 183 185 186
 185 186 188 190 190 191 192 194 195 197 198 199 204 205 207 209 211 213
 214 215 214 214 220 215 225 226 232 177]","[ 74 151 143 149 148 149 149 148 151 135 103  70  55  58  65  66  63  53
  55  66  67  68  94 127 180 173 173 180 183 178 176 180 184 186 188 188
 188 188 190 192 194 195 196 198 199 201 202 203 204 205 206 208 210 212
 213 214 209 209 216 212 222 222 227 172]","[ 70 147 139 146 144 146 147 146 152 152 133  96  66  58  64  69  71  63
  61  66  69  69  74  83 144 161 175 175 174 178 180 177 181 183 185 186
 186 186 188 190 192 193 194 195 197 199 200 200 203 204 205 207 209 211
 212 213 217 218 226 222 232 232 235 179]","[ 77 153 145 152 151 154 156 155 155 159 155 133  99  74  70  77  72  70
  65  63  65  68  66  61  91 147 187 180 170 183 190 182 186 188 190 191
 190 191 193 195 196 196 197 199 201 202 203 204 208 209 210 212 214 216
 217 218 210 212 221 218 228 226 229 173]","[ 76 152 143 150 149 152 154 154 153 150 155 156 130  89  69  71  72  75
  70  60  57  62  63  58  58 108 157 175 176 178 179 176 182 184 186 186
 186 186 188 190 193 193 194 196 198 199 200 201 202 203 205 206 209 210
 212 213 217 219 228 225 235 234 236 180]","[ 79 154 145 151 150 152 155 155 159 151 155 167 154 117  85  74  79  84
  81  68  59  60  64  64  58  63 101 159 189 183 178 187 187 189 190 191
 191 191 193 195 200 200 201 203 205 206 207 208 211 211 213 215 217 219
 220 221 215 216 224 221 231 230 233 178]","[ 82 158 147 152 151 153 156 156 159 156 156 161 162 147 115  87  78  83
  84  75  65  60  61  62  69  53  70 125 170 180 182 190 185 187 189 190
 190 190 192 194 197 197 198 200 202 203 204 205 209 210 211 213 215 217
 219 219 223 223 230 226 235 235 238 186]","[ 54 129 118 122 120 122 125 125 123 128 124 119 129 136 109  70  65  70
  74  72  63  55  52  52  49  47  48  65 101 135 147 141 143 145 147 148
 147 148 150 152 150 151 152 153 155 157 158 158 158 159 160 162 164 166
 167 168 167 167 173 168 178 179 185 130]"
