"[29 29 28 29 33 30 30 30 31 30 30 29 28 31 30 29 28 30 30 29 29 28 28 31
 30 28 29 30 28 29 31 28 29 29 30 30 29 29 29 30 29 27 30 31 29 29 30 28
 29 29 30 31 29 28 30 29 31 30 29 29 29 27 30 28 28 31 30 28 29 29 29 29
 30 29 29 30 29 28 28 30 30 30 28 29 30 28 28 30 28 32 29 28 30 30 28 29
 29 29 29 30 29 28 29 29 29 29 29 29 29 30 30 29 29 30 29 28 30 30 28 28
 31 27 28 32 28 28 28 28 29 29 28 29 30 28 28 30 29 27 29 30 29 29 29 29
 30 29 29 29 30 31 29 30 29 29 28 29 29 29 31 29 29 29 28 28 29 30 30 29
 30 30 28 28 27 29 30 29 30 30 29 28 29 30 29 28 29 29 30 29 29 30 29 30
 29 28 29 29 28 32 28 30]"
"[31 29 31 30 26 26 31 28 28 29 31 28 28 31 28 27 30 30 28 28 30 30 28 27
 28 27 29 30 29 29 29 28 29 27 27 29 30 29 28 28 30 29 29 29 28 30 30 28
 33 27 26 29 30 28 29 28 27 29 30 29 29 29 31 29 30 28 28 30 31 29 28 31
 27 29 30 29 29 30 29 27 28 28 28 29 29 29 29 28 28 29 30 31 30 30 29 27
 30 30 30 27 25 29 30 27 31 29 28 29 29 29 28 28 28 30 30 28 29 29 29 31
 29 31 32 29 26 31 32 27 28 29 29 29 30 31 30 26 30 28 30 29 28 29 30 29
 29 26 31 31 26 30 32 26 28 29 30 28 28 30 29 27 28 29 32 32 30 27 28 30
 29 28 29 31 32 30 28 28 26 28 30 29 28 28 29 31 30 29 30 29 30 31 28 28
 30 29 28 28 31 24 28 30]"
"[ 29  27 115 119 117 119 124 121 123 122 119 117 122 124 120 121 122 121
 117 116 120 122 121 121 119 125 130 130 124 117 116 121 133 124 119 125
 136 146 151 154 159 161 160 159 159 158 153 150 151 147 145 145 145 149
 157 163 187 203 220 233 241 243 241 244 246 245 244 245 245 244 244 246
 246 246 246 244 245 246 246 245 247 247 247 247 246 248 247 244 240 217
 199 189 172 162 159 154 153 150 143 135 131 135 138 136 131 131 131 135
 140 144 146 145 139 139 135 127 124 124 127 131 130 127 115  89  59  39
  32  27  25  22  24  26  21  19  23  27  20  18  18  18  17  18  19  18
  17  18  15  16  16  11  35  74 102 103 100  84  75  72  66  67  70  71
  74  75  72  67  64  63  51  48  48  50  50  46  44  45  51  53  53  53
  53  54  57  59  59  59  60  57  57  59  60  64  65  64  76  78  95 125
 126  28]"
"[ 29  33 110 118 114 114 116 119 125 121 117 116 121 121 116 122 123 122
 119 117 117 116 116 117 117 120 123 127 129 123 118 120 121 121 122 122
 120 119 124 131 137 144 146 148 154 157 156 155 161 157 153 148 149 154
 151 144 146 148 148 155 167 184 201 223 238 243 249 252 253 254 254 250
 252 251 251 254 254 253 252 254 251 250 251 252 251 252 253 253 253 252
 254 251 242 237 221 195 181 172 162 154 147 143 141 140 134 131 125 119
 121 128 131 129 134 139 139 134 130 129 129 131 134 128 123 118 118 114
 106  95  86  64  44  31  21  19  22  22  25  21  19  22  21  18  19  18
  19  23  19  11  13  32  72  98  97  98  96  79  70  72  68  73  73  76
  77  75  70  65  60  57  58  53  49  48  48  48  49  51  58  54  51  52
  56  59  61  62  62  63  64  61  61  61  60  66  66  70  79  97 123 128
 122  31]"
"[ 30  26  99 112 107 115 116 109 115 117 116 114 118 118 113 118 119 121
 121 121 121 119 116 115 114 117 119 122 124 119 116 119 121 120 121 123
 122 119 117 117 118 123 123 123 129 134 137 141 150 150 154 153 155 162
 160 156 152 152 147 145 144 147 144 153 158 168 184 199 214 234 249 253
 251 254 254 252 251 251 251 251 254 253 253 253 251 250 252 252 252 249
 251 254 254 252 253 254 251 243 231 217 200 183 169 160 160 159 152 141
 129 122 117 115 117 124 128 129 130 132 134 136 130 132 129 114 113 116
 121 118 118 114 107  91  73  64  52  36  28  20  13  17  17  14  18  19
  17  17  16  18  48  85 104  95  96  91  87  72  68  74  70  73  73  78
  78  71  63  60  60  60  60  57  53  50  51  54  58  59  65  59  55  57
  62  65  65  65  65  64  64  64  66  62  54  57  68  85 104 124 128 125
 123  24]"
"[ 31  29  92  78  85  96  96 106 110 114 114 110 114 117 109 104 114 114
 114 115 119 120 118 117 113 116 118 117 112 108 111 118 117 119 119 117
 113 113 117 122 121 122 120 118 117 116 116 117 118 119 129 128 123 125
 130 139 141 150 154 153 150 157 151 156 146 144 147 149 148 154 164 168
 199 213 228 235 242 251 253 252 251 254 253 253 253 251 250 252 251 253
 252 251 251 253 253 254 253 254 255 254 252 252 248 241 222 197 171 157
 152 146 139 135 129 130 125 119 118 119 120 121 124 127 130 123 126 122
 124 122 115 114 114 114 116 118 109  93  81  64  40  30  21  15  17  15
  21  14  29  59  97 102  93  90  93  79  69  61  63  72  73  72  71  72
  68  62  59  61  63  63  63  63  62  59  60  62  62  61  63  59  59  62
  65  64  64  65  66  65  64  65  67  62  59  70  88 112 121 121 114 116
 120  31]"
"[ 27  31  84  90  83  84  80  77  93  94  96  97 104 111 110 107 109 110
 110 111 114 114 112 112 114 110 109 109 110 112 114 114 114 113 113 113
 116 117 116 113 116 115 117 120 120 118 117 115 114 111 119 120 117 116
 112 116 122 131 141 146 144 156 154 160 154 152 155 155 148 145 144 140
 135 143 153 162 177 197 216 226 237 247 249 249 254 254 252 252 252 249
 248 252 253 251 250 252 251 252 252 251 252 255 255 252 255 251 246 237
 220 198 179 169 157 154 143 132 129 127 123 119 117 113 114 112 118 108
 108 111 116 115 114 112 109 108 107 107 107 103  92  89  82  69  55  36
  22  22  68  96 103  95  88  80  80  65  60  61  62  68  72  68  67  62
  56  57  62  65  65  63  64  65  65  65  63  61  59  58  60  58  59  63
  64  62  62  65  66  66  67  67  69  69  79 104 123 131 124 117 116 114
 111  29]"
"[ 30  29  99  97  99  89  79  89  91  86  85  80  72  70  75  83  95 102
 109 112 112 109 106 107 110 106 105 106 105 108 110 108 109 113 116 115
 114 113 111 108 109 105 109 115 116 117 117 115 114 112 119 116 113 117
 114 117 122 114 114 122 122 134 132 141 147 149 153 153 149 153 154 146
 143 139 137 137 135 132 138 147 153 175 189 203 229 247 251 252 251 253
 254 254 251 253 254 250 254 252 251 252 252 252 252 252 252 254 254 252
 253 254 251 243 220 208 186 163 151 144 136 129 123 122 123 113 112  99
  97  98 103 108 107 103 102 103 102 100  95  95  85  85  89  90  86  68
  56  72 107  99  94  94  87  79  67  59  65  76  73  71  73  67  61  54
  52  58  64  65  63  63  65  64  65  66  64  60  58  59  61  57  57  62
  64  63  64  66  65  65  66  70  75  78  94 125 121 122 121 115 114 114
 114  30]"
"[ 30  29 115 113 112 107  99 101 106 101  93  89  87  85  83  77  74  70
  65  69  80  87  90  95 101  99 100 101 101 103 104 103 102 110 111 115
 116 114 116 116 118 114 111 114 115 110 109 107 113 113 114 112 112 113
 112 117 117 112 114 118 115 111 113 119 126 125 131 123 121 127 129 140
 148 138 145 153 152 150 157 149 144 147 142 136 137 141 157 180 214 221
 237 249 251 251 252 252 252 254 253 252 253 253 251 251 250 253 252 252
 253 253 254 254 255 251 254 254 236 212 190 171 153 142 133 134 137 132
 119 107 103 101  98  90  92  91  91  85  80  87  77  81  76  83  79  82
  96 107 106  92  84  83  79  72  70  63  69  76  77  80  74  54  47  45
  54  58  53  58  65  61  64  62  62  65  64  64  63  62  62  59  57  65
  63  64  62  64  69  69  74  80  87 105 122 126 121 117 113 114 115 115
 117  29]"
"[ 28  30 126 131 124 119 115 115 112 106  97  94  91  91  95  93  96  93
  85  78  78  81  82  82  80  76  79  86  90  93 100 106 100 100  95  95
 101 107 111 112 110 108 106 112 114 110 109 109 109 109 110 108 109 111
 110 114 111 108 107 108 109 111 112 111 114 113 119 117 115 117 115 116
 127 122 131 139 140 140 150 148 149 149 146 144 146 143 138 139 141 152
 165 173 185 207 229 240 244 251 252 251 252 253 254 254 253 254 252 253
 252 253 252 254 252 251 253 254 252 254 253 244 239 226 202 177 158 145
 132 122 122 117 107 100  97  96  86  76  71  71  68  74  72  83  91 104
 103 102  97  89  82  74  69  68  67  64  66  71  72  70  58  42  45  44
  51  54  51  55  63  62  59  57  59  64  66  67  67  66  64  63  62  67
  64  66  66  68  73  76  87  99 109 123 128 122 119 117 114 116 115 115
 117  29]"
"[ 31  28 124 130 123 124 130 134 130 125 118 113 104  96  96  95  90  87
  87  89  87  87  90  94  85  76  71  69  65  64  69  75  80  85  90  91
  94 100 103 107 107 105 104 110 111 107 107 108 106 107 108 106 107 109
 107 108 110 109 108 106 105 107 109 108 109 109 114 117 116 116 117 114
 115 114 119 122 121 116 121 118 126 129 133 142 153 158 154 149 146 145
 144 143 140 140 151 165 181 192 207 226 243 251 251 251 251 253 253 254
 253 253 250 252 254 253 253 253 253 254 255 255 254 254 254 251 245 230
 208 188 152 137 122 121 115 108  98  97  97  80  67  68  68  89  99  99
 101 100  93  82  73  67  64  66  68  68  68  69  68  60  48  40  41  43
  46  49  50  56  63  66  60  58  60  65  68  69  70  68  66  65  64  66
  64  65  66  68  74  89 110 122 124 126 124 117 117 116 116 118 117 117
 118  29]"
"[ 31  26 117 121 116 116 118 121 115 115 116 120 116 109 110 110 105 100
 104 108 103  98 101 107  98  94  89  83  78  80  85  87  68  66  74  78
  81  81  74  72  86  86  87  94  97  97 103 108 105 106 107 103 104 106
 105 107 106 105 105 106 103 103 105 107 107 108 110 114 111 110 114 111
 106 106 107 109 112 109 112 109 112 113 117 119 119 123 127 127 140 146
 146 144 143 142 141 143 141 140 143 147 154 167 187 208 219 225 237 244
 251 252 252 253 250 252 252 252 254 252 251 253 252 251 252 254 254 254
 253 254 254 232 206 189 164 139 124 125 120 122  96  90  93 103  98 101
  94  92  83  73  69  67  66  66  66  67  67  64  58  50  46  46  44  46
  47  49  54  60  65  70  67  63  64  67  69  70  71  70  67  67  66  68
  69  70  74  81  87 106 125 128 119 115 116 116 116 116 117 119 118 117
 118  29]"
"[ 30  28 116 118 117 113 109 113 110 108 108 112 109 104 108 109 107 105
 107 107 103 105 111 113 103 103 102 100  97  98  99  97  91  82  84  85
  83  80  72  70  73  74  73  77  77  78  84  89  89  94 101 101 103 104
 102 103 108 104 104 104 103 102 101 100 102 104 104 109 108 105 110 106
 108 108 105 103 106 105 110 108 110 109 113 112 104 102 107 110 110 117
 122 127 137 144 147 150 153 148 146 142 138 137 135 138 134 139 156 168
 193 209 226 237 243 252 253 250 253 255 251 249 254 253 252 252 252 252
 254 254 254 253 254 250 242 224 212 205 189 179 129 110  97 101 100  97
  89  78  67  67  72  72  68  67  66  62  62  60  53  50  53  54  53  54
  53  54  60  64  67  69  71  68  67  68  68  69  72  73  72  72  71  71
  72  72  83  98 112 119 124 120 114 114 118 120 117 118 119 120 118 117
 118  28]"
"[ 29  31 117 117 117 116 114 121 115 112 109 110 107 103 106 107 107 106
 107 108 106 106 108 111 109 104 103 105 105 105 106 108 102  94  96  97
  90  84  79  77  86  86  82  80  77  75  78  78  75  80  87  91  96 101
 105 111 106 108 110 106 103 104 105 103 102 102  99 103 106 104 107 106
 102 105 106 103 105 105 110 108 107 105 108 111 107 106 108 107 102 102
 104 108 109 105 105 111 118 129 145 144 141 145 143 141 140 134 135 126
 130 130 135 142 154 180 209 232 247 252 252 255 252 254 255 253 254 254
 252 247 250 250 254 253 254 252 252 251 251 233 170 126  94  94  98  91
  80  74  66  66  72  75  71  67  67  60  59  60  57  59  63  61  60  60
  58  59  64  68  69  70  74  72  72  71  67  67  72  75  74  75  76  74
  78  80  95 113 121 120 118 116 118 121 122 122 121 122 122 122 120 119
 119  28]"
"[ 28  28 118 117 114 115 114 116 120 118 115 117 113 109 109 108 106 105
 107 111 111 106 104 109 115 108 104 105 106 107 111 113 109 103 102 108
 108 104  97  84  90  89  83  79  78  80  83  79  76  71  67  61  60  62
  67  76  88  93  98  96  92  95 101 104  99 102 100 100 102  97  96 100
 104 106 106 102 101 100 102  96  99  98  99 102 104 107 107 104  99 105
 111 110 108 109 108 103 101 101 107 104 108 122 124 122 138 138 145 143
 139 134 122 124 127 128 130 131 136 148 172 196 200 218 239 249 251 253
 254 254 254 253 253 253 253 250 250 251 249 213 140  95  93  95  86  87
  71  74  73  69  70  72  69  65  63  59  57  58  62  65  65  64  65  64
  63  64  67  71  73  74  78  77  78  76  69  67  71  76  74  76  78  80
  96 104 116 125 118 117 117 119 122 122 121 121 123 123 123 123 122 122
 121  29]"
"[ 31  27 116 117 112 117 120 118 117 116 116 118 115 112 113 111 109 113
 113 110 111 111 109 109 107 104 101 100 102 108 110 107 104 104 106 113
 114 116 118 108 109 105  93  85  84  86  87  80  77  75  77  76  75  71
  67  72  72  70  72  74  72  71  77  83  92 103 108 109 109 100  96 104
 105 101  96  90  90  92  96  86  94  97  98  97  98 103 104 101 101  99
 103 107 106 105 105 103 104 100 107 106 105 108 103 102 100 106 117 129
 129 135 125 131 136 137 135 130 126 125 128 130 130 136 146 156 167 185
 209 228 243 250 252 253 250 252 248 245 209 139 103  91  90  83  75  68
  69  69  69  72  71  65  60  62  59  62  59  58  65  66  65  69  71  70
  69  69  69  72  76  76  79  80  83  80  72  68  73  78  80  80  80  85
 110 122 124 121 118 118 118 119 120 118 118 122 121 122 121 122 123 123
 122  30]"
"[ 30  31 116 117 117 118 121 118 118 114 116 116 114 115 116 118 119 115
 115 112 111 111 112 111 110 108 106 103 103 108 109 104  98  99 103 106
 105 107 108 106 111 114 117 117 114 110 107 106 100  94  90  88  84  79
  73  68  73  66  70  69  66  65  59  62  70  70  69  72  79  86  95 103
 101  95  93  89  89  89  90  85  84  90  94  96  94  98  99 100  99 100
 103 104 106 103 100 101  99 100 103 107 109 104 101 102 105 105 105 108
  99 110 113 115 121 119 131 131 124 132 137 132 118 114 108 113 114 123
 129 139 166 186 210 240 248 246 235 184 130  99  86  86  82  78  73  72
  68  67  66  70  66  56  55  58  60  62  64  64  65  67  70  73  74  73
  73  74  74  76  81  83  83  79  82  83  81  79  79  83  82  85  96 115
 129 129 124 124 121 119 119 122 121 118 116 118 122 122 122 123 124 125
 123  29]"
"[ 27  29 119 120 119 120 124 120 122 117 115 114 113 113 116 118 121 117
 115 113 113 113 113 113 109 107 107 106 108 112 111 109 105 107 106 101
 100 104 103  97  98 101 104 106 106 105 106 106 100 101 104 105 103 100
  95  88  84  70  70  73  74  72  64  65  63  64  61  60  62  66  68  70
  67  74  86  89  91  93  94  87  78  85  83  84  89  96  95  96  99  99
 101 103 103  98  97 102  99 100 101 102 105 104 102 100 103 105 106 104
  97 105 103  96  92  91 102 105 103 112 118 116 115 117 117 121 120 122
 120 121 121 129 143 151 165 178 152 109  91  83  86  83  74  73  72  71
  66  67  65  64  56  47  50  56  62  64  67  68  67  66  69  74  74  73
  75  77  78  82  86  89  83  82  83  81  81  82  81  83  95 107 116 120
 121 121 121 122 122 119 118 120 121 119 119 121 123 124 124 124 124 124
 122  29]"
"[ 30  29 125 125 122 120 124 125 124 122 122 121 116 114 115 116 121 118
 114 115 114 113 113 115 115 111 113 110 111 113 110 110 111 112 108 102
 103 105 103  98 101 102 103 102 101 100 101 102 103 104 103 101 100 104
 106 103 104  92  90  90  88  85  77  77  77  74  70  69  69  67  66  68
  58  55  55  55  63  72  83  83  75  81  74  73  78  80  77  85  94 101
 105 103 101 103 102 100  97 102 104 103 106 108 104  99 101 101 100  99
  97 104 105  97  97  95  99  98  95  96  95  92  99 106 111 115 116 123
 128 133 130 129 133 126 126 124 102  89  93  86  83  75  68  73  74  70
  66  67  64  61  53  48  55  62  65  63  63  66  68  67  68  71  72  72
  76  79  80  83  87  89  87  84  81  79  82  85  84  90 106 116 120 117
 116 118 120 121 122 120 120 122 122 121 121 123 124 124 124 123 122 123
 122  29]"
"[ 31  25 132 134 129 121 122 125 120 118 118 120 118 116 117 115 121 119
 115 118 117 117 117 120 117 113 114 111 112 114 108 110 110 110 106 106
 108 105 102 103 103 103 102 101  99  98  99 100 102 102 102  99  99 102
 104 101  96  95  98  97  97 102 101  99  87  81  78  81  80  70  67  73
  74  62  56  55  57  53  53  53  46  50  48  55  60  59  55  63  93 102
 104 102  98 100  96  89  92  96  95  91  91  95  98  99  98  94  94  96
  96  96  97  93  92  93  94  93  93  95  92  88  86  85  83  82  85  97
 111 120 129 128 128 133 127 104  88  83  87  77  72  69  69  73  72  65
  61  60  55  54  52  52  58  61  64  62  61  64  67  68  69  71  71  73
  78  81  80  81  83  84  88  84  81  82  87  89  95 112 119 118 115 115
 117 115 115 117 123 122 123 125 126 124 123 122 123 123 122 121 121 122
 122  30]"
"[ 28  28 153 159 155 142 134 130 124 120 115 118 121 122 124 120 123 124
 116 120 118 118 120 124 119 117 117 115 117 117 111 112 112 112 110 109
 109 104 101 104 102 102 102 101 100  99 100 101 101 101 103 104 104 105
 104 100  96  97 100  98  98 102 101  97  98  94  96 102 100  90  86  93
  88  81  77  73  69  58  58  62  57  52  45  46  48  53  51  50  53  64
  76  93  94  95  97  97  94  96  94  87  80  77  78  81  86  87  89  95
  96  91  92  90  89  93  92  90  92  95  93  88  89  87  87  87  86  82
  77  73  69  73  77  91  88  75  71  63  64  63  65  67  66  64  64  61
  54  52  47  48  50  52  55  55  60  64  67  67  66  68  71  73  71  74
  81  84  82  81  83  84  85  84  85  90  98 104 113 131 124 120 118 120
 121 117 116 120 122 123 124 126 127 126 123 121 122 124 124 124 123 123
 122  30]"
"[ 30  31 162 160 159 157 157 153 150 150 146 146 143 139 142 138 131 133
 120 121 118 118 117 120 117 119 117 117 121 120 115 114 113 116 114 110
 107 105 104 105 106 106 105 104 103 102 103 103 105 102 102 102 103 104
 104 100  95  96 100 102  99  97  98  99  96  97  98  99  99  97  98 101
  95  97  97  91  85  74  71  73  72  68  57  48  44  54  53  47  48  53
  54  61  52  56  67  73  84  88  92  91  88  82  79  82  84  87  83  84
  82  82  86  85  83  87  86  84  85  87  88  84  82  81  83  82  83  79
  80  81  74  71  76  76  67  64  64  63  63  66  66  65  62  59  57  50
  46  46  45  48  51  52  56  57  60  66  70  69  69  70  71  70  71  74
  81  84  83  82  84  85  85  86  91  98 112 123 123 126 121 121 120 121
 124 124 122 123 122 122 123 124 125 126 124 122 123 126 128 129 128 127
 123  28]"
"[ 28  30 175 176 177 174 173 169 166 170 166 165 158 151 154 150 148 152
 137 138 135 134 129 127 117 122 114 115 121 120 120 116 113 114 115 112
 107 106 108 108 106 106 105 105 104 105 106 106 105 105 104 102 102 104
 102  97  96  97 101 103 100  96  98  98  99 101 100  97  96  97  98 100
  97  96  94  89  91  87  87  89  90  94  88  80  76  77  67  60  54  62
  60  65  54  57  61  57  56  57  58  62  69  72  74  76  88  89  78  80
  75  73  74  74  80  83  84  87  84  82  82  78  81  80  80  75  76  74
  76  76  74  65  70  69  67  66  59  60  64  66  63  64  62  57  50  39
  44  44  44  49  51  52  58  62  67  69  70  70  71  72  72  70  74  75
  80  83  83  83  84  83  86  92 103 113 125 131 125 119 122 123 122 122
 125 126 123 121 123 124 124 124 126 128 127 124 126 128 130 131 130 128
 124  29]"
"[ 31  28 177 182 182 177 180 183 179 178 170 172 172 171 174 167 164 171
 158 163 163 162 154 148 136 140 124 121 124 121 122 117 119 116 119 122
 116 111 113 116 112 111 109 107 105 105 106 106 106 106 103  97  96 101
 103  98  97  97  97 100 103 105 104  97  94  96  96  98  99  97  95  96
  96  92  88  87  91  84  84  88  88  92  86  90  99 100  90  90  83  80
  69  74  64  65  67  62  65  60  53  51  55  55  50  45  50  55  52  70
  71  66  62  62  64  68  76  87  87  82  84  81  81  76  72  67  74  76
  74  66  64  64  66  63  63  64  60  62  62  63  61  61  55  46  45  44
  49  48  46  51  54  55  61  65  73  73  74  73  71  71  74  77  79  78
  80  83  83  83  83  82  84  97 119 131 131 128 125 126 123 124 124 125
 126 125 124 126 124 126 127 127 129 131 129 126 128 129 129 130 129 128
 125  30]"
"[ 30  29 179 184 183 181 188 186 185 188 179 178 178 176 181 180 182 184
 177 173 164 164 164 164 158 158 157 160 153 142 138 129 122 122 122 127
 124 121 124 121 114 105 112 109 107 114 113 115 109 110 103  97  96 100
 104 101 101 101  99 102 101 103 105  98  95  94  96  97  99  94  92  96
  94  91  88  88  86  82  81  81  87  88  87  86  88  90  93  97 102  95
  86  82  85  87  81  72  77  71  62  58  59  58  51  42  52  52  45  45
  48  45  46  50  54  53  59  58  64  79  81  81  81  80  73  68  66  66
  66  62  61  63  63  62  62  64  63  61  60  56  58  58  50  44  44  45
  49  48  49  52  56  62  68  69  74  72  72  76  75  73  79  81  85  87
  81  80  84  85  85  84 102 117 128 131 129 125 125 129 128 125 125 126
 126 125 126 125 128 127 131 130 129 131 128 125 125 125 129 130 129 127
 129  28]"
"[ 29  30 155 156 152 156 172 177 177 186 186 187 184 178 182 183 179 182
 177 177 173 175 177 177 174 177 179 176 166 158 160 163 159 155 150 147
 141 135 137 133 125 122 120 112 116 124 118 115 115 111 107 110 108 104
 106 106 102 102 102 107 104 100 102  97 100  98  97  95  97  96  93  93
  93  92  93  93  87  81  80  83  89  85  82  83  86  89  88  87  91  91
  89  87  90  93  92  88  85  82  76  72  71  69  61  52  51  55  52  48
  44  38  42  50  46  38  39  36  38  46  46  49  57  62  64  66  62  56
  56  57  58  60  60  57  56  58  58  56  52  46  46  50  48  46  47  48
  49  52  55  57  58  63  69  72  71  70  70  76  77  75  78  77  85  87
  83  81  83  85  94 104 118 126 131 130 127 124 124 127 131 129 127 127
 128 128 128 128 129 127 130 130 130 131 130 128 126 126 129 130 129 127
 129  28]"
"[ 31  25 140 139 143 145 144 137 146 150 148 152 159 163 171 172 180 183
 180 181 177 177 180 182 182 175 172 175 177 173 171 177 178 176 177 175
 174 164 162 155 152 158 151 140 139 136 129 128 128 120 117 121 116 108
 108 107 110 108 105 104 105 107 103  90  90 100 104 101  97  96  96  98
  94  94  95  95  91  86  86  90  88  83  82  84  84  86  86  81  81  84
  85  82  82  84  85  83  82  84  84  84  87  92  90  84  72  70  63  59
  56  48  44  43  45  38  39  41  40  35  27  28  29  29  29  37  40  37
  39  40  44  47  48  45  45  48  49  47  45  38  38  44  48  48  48  48
  52  57  62  65  66  68  68  66  65  65  67  72  73  71  73  72  78  84
  79  74  81  95 111 120 126 127 129 129 127 128 130 130 131 132 130 128
 130 131 129 130 130 126 129 130 131 132 130 130 129 127 129 130 129 129
 131  29]"
"[ 29  30 177 166 165 156 149 144 143 147 145 145 146 145 147 147 144 153
 162 171 171 171 177 181 182 180 179 175 177 177 173 178 174 171 175 172
 177 173 177 174 174 173 161 160 161 153 148 149 151 144 139 138 132 126
 125 119 114 112 112 111 116 120 118 104 105 111 109 107 103 101  96  93
  99  98  97  95  94  91  88  85  81  79  83  86  84  85  86  81  82  84
  83  81  82  85  84  82  80  83  82  79  80  85  86  82  81  84  86  91
  91  83  75  68  59  50  48  48  46  39  31  35  34  34  34  37  33  25
  24  25  29  33  34  31  32  36  39  39  38  37  39  44  48  50  48  46
  55  61  66  68  71  72  69  66  72  75  77  82  80  77  80  80  83  86
  80  82  98 117 128 130 129 128 131 131 129 130 131 129 128 134 132 129
 132 132 129 130 129 124 128 131 132 132 130 130 132 130 131 131 131 131
 133  29]"
"[ 31  28 180 176 181 180 177 167 169 166 158 153 151 147 143 140 136 141
 144 146 145 141 145 148 144 155 164 162 170 181 179 179 176 176 181 178
 184 180 181 179 177 181 180 183 173 158 160 166 172 166 159 156 150 145
 142 134 133 128 134 135 133 125 124 122 114 120 114 112 104 101 101 104
  96  99 100 101 104 106 102  95  84  81  85  89  87  88  87  81  81  81
  81  81  82  84  83  80  79  82  81  76  76  81  83  81  76  74  73  82
  91  93  88  79  75  68  62  60  59  53  48  51  42  41  38  39  38  33
  32  30  27  28  26  22  21  25  30  32  32  39  43  45  48  50  51  50
  53  61  65  65  68  71  74  79  78  79  81  85  84  81  82  80  88  88
  89 102 119 125 128 129 133 132 135 136 132 131 132 131 131 136 134 131
 132 132 130 132 130 124 127 131 132 132 130 131 134 131 132 132 132 133
 133  29]"
"[ 29  30 174 178 178 181 188 180 181 179 175 179 186 185 175 166 167 163
 157 152 151 146 147 144 145 140 134 131 137 146 149 152 162 162 167 165
 176 181 186 190 189 188 183 184 181 176 179 180 179 174 168 169 171 171
 173 173 168 158 159 154 153 147 146 143 134 131 118 123 123 124 119 115
 102 105 105 102 103 107 106 102  95  93  94  93  87  84  82  78  82  82
  83  86  86  84  81  80  80  83  82  77  75  77  77  74  74  75  74  72
  67  67  76  79  70  70  67  67  68  62  54  54  60  55  47  45  47  45
  42  36  32  30  25  20  18  20  26  30  33  42  46  45  47  50  53  55
  53  60  63  65  71  74  77  83  81  81  81  86  88  87  86  81  90 101
 111 123 133 132 131 132 135 136 138 139 137 135 137 138 136 139 136 133
 134 134 133 136 132 127 128 130 131 133 132 133 133 131 132 132 133 134
 134  29]"
"[ 28  30 174 175 176 174 178 172 180 180 179 179 182 184 181 180 187 187
 185 183 184 178 175 167 159 155 152 154 146 135 133 133 139 141 145 145
 152 154 149 149 149 160 167 174 181 179 176 178 181 181 174 174 177 174
 174 178 182 173 175 167 172 176 179 173 163 166 154 156 148 144 141 141
 131 128 121 113 108 106 104 101 109 107 103  97  90  85  83  82  84  81
  81  87  89  87  83  83  81  84  84  82  81  81  80  77  78  78  78  77
  70  66  68  65  68  69  64  63  66  62  56  56  55  58  58  57  52  46
  45  43  38  34  31  28  25  24  27  30  37  43  45  45  48  50  52  56
  57  62  64  70  78  79  78  83  83  82  82  86  88  89  91  88  96 114
 125 130 133 134 135 134 140 140 140 140 140 137 136 137 136 136 134 134
 135 136 136 137 133 128 130 132 133 134 133 133 131 130 132 133 135 136
 135  29]"
"[ 30  29 183 172 181 176 174 176 176 176 176 177 180 180 172 168 178 180
 180 176 179 177 180 176 176 178 178 178 172 166 168 161 150 147 142 137
 139 142 134 134 135 138 132 137 155 158 154 162 170 179 178 179 184 179
 174 175 180 178 188 179 175 170 176 179 177 182 171 174 165 165 168 171
 155 150 145 142 140 136 132 128 124 118 109 104 104 102  99  97  95  86
  83  88  93  91  86  85  87  88  87  85  84  83  81  78  81  80  78  77
  71  69  70  65  65  65  59  58  61  55  50  51  56  55  52  52  50  46
  47  46  44  41  39  39  35  30  29  31  36  39  41  44  49  50  50  55
  60  66  69  73  79  79  81  89  87  88  87  89  89  92 100 101 115 127
 131 135 138 138 139 141 138 139 137 138 141 139 136 137 133 130 131 135
 137 138 137 135 132 129 132 134 135 136 132 131 130 130 132 134 136 137
 137  30]"
"[ 30  28 193 187 187 178 181 178 174 173 178 180 178 178 173 162 168 172
 175 173 173 176 176 174 172 174 177 175 172 175 181 183 183 186 184 173
 166 167 168 163 157 160 149 140 140 143 146 140 142 143 147 146 151 153
 158 156 162 171 179 180 179 180 181 180 178 179 178 182 181 187 184 181
 177 173 168 163 168 169 164 154 139 132 133 136 122 110 105 112 101  94
  98  99  95  91  87  88  89  90  88  86  87  87  85  84  83  81  81  80
  76  72  69  66  66  59  60  58  61  58  54  52  55  48  44  44  43  42
  43  42  43  42  41  38  34  31  31  32  34  39  39  40  48  52  52  55
  62  66  73  72  74  80  82  89  91  86  91  89  93 105 110 117 128 136
 137 136 143 145 143 144 144 142 138 137 137 138 138 139 138 138 141 145
 146 141 137 135 133 132 131 137 137 137 133 133 132 135 136 136 135 135
 137  30]"
"[ 29  29 195 194 196 191 195 193 192 188 187 184 179 180 181 177 176 178
 178 174 174 176 177 175 173 173 173 171 169 172 174 174 172 176 177 172
 169 174 178 177 175 178 172 170 170 168 162 152 155 148 143 136 135 135
 141 142 138 138 139 140 142 146 155 164 177 178 182 187 188 188 185 183
 186 186 187 182 183 180 176 170 162 165 165 160 152 149 135 124 110 105
 110 112 109 108 104 105  97  96  94  90  87  86  86  87  88  86  85  84
  79  76  74  73  71  65  65  61  64  61  57  54  53  48  46  46  44  41
  37  33  31  29  27  29  30  29  27  25  27  35  38  41  48  51  53  58
  66  70  72  68  73  81  84  86  91  87  96 100 105 114 121 131 134 143
 146 144 146 145 144 147 146 144 142 142 142 142 141 139 139 139 141 144
 144 141 138 136 133 133 132 137 136 136 132 133 135 138 137 136 135 134
 136  29]"
"[ 29  29 194 196 197 196 198 198 197 193 193 193 190 192 195 193 192 191
 186 179 176 177 176 174 169 168 168 168 170 173 175 172 173 173 172 170
 168 171 174 172 173 173 169 170 175 177 177 174 175 169 167 163 158 151
 149 147 137 140 139 134 132 134 136 137 143 143 148 150 152 154 164 173
 179 182 186 184 187 185 184 179 171 169 168 170 165 160 154 160 155 147
 142 136 127 121 116 114 114 111 109 104  93  87  89  90  92  90  89  87
  83  81  81  80  76  72  73  69  69  64  58  54  54  51  46  44  43  43
  40  37  32  27  23  26  31  32  28  24  29  36  39  40  47  54  63  73
  71  75  73  74  79  85  89  90  91  88  98 110 122 130 134 143 145 152
 153 151 151 148 148 151 148 147 146 146 146 145 143 141 140 141 142 142
 142 141 140 138 135 135 134 138 136 136 133 134 137 139 138 137 136 135
 137  29]"
"[ 30  29 194 196 194 194 193 194 193 190 191 194 196 196 194 190 193 192
 190 187 189 194 196 196 191 187 185 181 178 178 176 173 171 167 165 167
 169 172 173 170 171 171 170 171 172 170 170 172 176 175 177 178 176 173
 172 171 164 166 163 155 152 154 154 150 143 136 134 134 140 138 138 137
 138 141 148 155 169 176 180 178 183 183 181 180 177 172 160 160 154 153
 153 151 145 138 130 125 123 120 122 120 108 102 104 104 105 101  98  96
  92  89  86  83  79  73  73  71  73  68  62  60  64  61  54  46  43  43
  42  40  39  32  27  27  31  32  30  28  31  38  44  46  50  54  62  70
  73  73  70  77  82  82  90  95  97  98 110 125 140 148 149 154 154 155
 153 153 155 154 152 154 150 149 147 145 144 144 144 144 143 144 144 143
 142 143 142 141 138 138 137 138 137 136 135 135 135 137 138 139 138 138
 138  29]"
"[ 31  29 195 197 195 196 194 196 195 191 191 193 194 194 193 190 195 194
 192 191 192 195 196 194 196 195 194 192 189 189 190 189 189 184 181 181
 179 177 174 172 170 170 172 173 174 172 170 173 170 171 172 172 169 170
 172 172 169 170 172 175 174 170 166 165 165 164 161 153 151 143 143 145
 143 143 144 142 142 138 138 137 136 147 155 160 165 169 162 162 155 152
 148 146 145 142 140 139 137 133 135 134 123 117 116 114 115 109 106 104
 103 100  95  89  89  78  76  73  75  68  63  63  63  64  58  50  47  45
  43  42  41  37  33  31  31  32  33  33  33  39  45  49  52  56  61  67
  74  71  67  75  83  84  93 100 104 114 128 140 151 155 155 159 156 155
 154 155 157 157 155 155 151 151 149 146 144 143 145 147 145 145 145 143
 143 143 143 142 140 139 138 137 137 136 136 136 135 137 138 139 139 138
 138  29]"
"[ 29  28 196 196 196 196 194 197 195 196 196 196 195 195 196 197 195 196
 195 195 195 196 196 195 196 196 196 195 191 190 193 194 196 194 195 195
 191 187 187 188 186 182 179 177 178 179 175 175 175 177 176 173 167 168
 167 166 170 169 167 165 165 166 166 164 169 173 174 173 176 170 163 162
 162 153 147 146 152 148 140 129 128 128 129 133 130 129 130 142 145 146
 143 146 148 145 145 145 137 134 135 136 133 131 132 130 124 118 114 114
 113 110 105  99  88  79  80  80  82  74  68  67  60  64  60  52  50  47
  44  46  45  45  42  37  34  34  35  35  36  39  45  50  53  57  63  68
  70  71  70  78  89  96 101 102 118 130 140 147 156 159 157 157 159 160
 162 162 160 159 158 157 154 154 154 151 147 145 146 148 145 145 145 144
 143 142 142 142 141 139 138 136 138 138 139 137 138 139 138 137 137 137
 138  29]"
"[ 29  27 197 194 195 193 192 195 196 199 199 196 195 193 192 193 194 195
 196 195 193 193 192 191 194 194 195 195 193 193 196 197 195 194 195 196
 192 188 189 191 193 192 192 188 191 193 187 184 184 182 179 178 172 176
 177 178 167 171 171 167 166 169 166 160 164 170 170 168 165 161 162 172
 168 167 169 165 161 153 153 154 149 142 136 133 132 137 131 127 134 131
 122 123 126 124 128 132 134 133 131 131 131 131 130 129 133 128 124 122
 118 115 111 106 110 105 106 101  98  88  78  73  73  75  69  61  57  52
  49  51  50  52  48  40  36  36  35  33  35  40  48  56  58  58  60  62
  65  69  76  85  97 107 112 117 137 146 150 155 164 167 164 162 165 168
 170 167 163 163 162 160 158 158 157 154 151 148 147 147 146 145 144 144
 142 140 140 142 142 138 137 134 139 139 140 138 140 140 138 137 137 137
 138  29]"
"[ 30  28 200 195 197 193 193 196 196 199 197 194 195 196 194 193 193 195
 197 196 195 194 194 194 194 192 194 195 194 194 195 195 197 194 194 195
 194 192 191 191 192 194 195 189 190 194 190 189 191 189 187 190 186 187
 185 186 182 179 175 173 172 173 173 173 161 164 162 167 167 165 162 172
 170 166 166 164 165 161 161 162 168 165 162 160 158 164 156 146 142 139
 129 130 131 125 126 130 124 124 123 123 126 128 126 125 125 122 121 119
 115 113 113 112 108 106 107 100  97  93  87  83  83  85  80  74  71  64
  59  61  57  57  52  42  39  41  40  35  36  40  49  57  61  65  71  74
  69  72  83  93 103 115 125 142 146 155 157 160 167 169 169 170 172 173
 172 168 164 165 165 161 162 161 158 155 152 149 148 147 147 145 143 144
 142 139 140 142 141 137 136 132 138 139 141 138 138 139 138 138 139 139
 138  29]"
"[ 30  28 200 198 197 200 199 203 205 200 198 198 195 197 200 200 198 195
 197 196 196 196 195 198 194 191 196 194 194 195 190 196 201 196 193 195
 195 193 191 192 192 193 193 193 194 195 195 194 194 193 189 188 189 189
 189 191 191 188 187 186 185 185 185 184 185 179 170 169 170 163 162 173
 169 162 163 158 159 159 161 163 163 158 159 160 164 159 158 158 161 165
 160 158 154 153 144 143 134 128 123 113 117 121 120 113 113 110 114 115
 114 119 111 115 109 111 111 109 104  96  89  87  89  89  91  87  80  76
  74  68  65  64  61  54  53  54  44  41  39  45  52  58  61  63  67  69
  79  83  92 107 115 133 136 146 152 159 162 162 166 171 173 173 172 172
 173 172 166 162 162 166 164 163 162 159 154 151 148 147 147 145 144 144
 142 141 141 143 142 140 137 136 137 139 139 139 138 139 139 138 143 145
 139  31]"
"[ 29  29 202 203 203 204 198 199 202 201 202 202 199 197 198 199 198 195
 196 196 197 198 196 197 198 193 195 194 197 198 192 195 201 199 197 196
 196 194 194 193 193 193 193 193 193 194 195 195 195 194 191 190 192 191
 192 195 193 191 191 192 190 188 187 185 191 190 186 186 187 180 174 177
 172 172 173 164 165 167 165 161 160 158 157 153 154 149 152 156 152 152
 151 155 154 151 149 153 154 154 157 152 153 150 142 134 135 133 130 122
 116 120 112 112 110 108 108 109 107 102  98  97  98  95  94  92  85  80
  76  70  72  71  68  62  61  62  55  55  52  50  50  58  65  68  71  74
  82  92 107 122 131 141 146 152 156 162 165 165 169 172 174 174 171 171
 172 171 167 163 163 166 166 165 162 159 155 153 154 154 151 149 147 145
 144 143 143 145 142 140 138 137 137 138 138 138 140 141 141 139 143 144
 138  29]"
"[ 28  30 201 203 204 207 199 201 205 205 202 197 196 196 199 202 200 196
 197 197 198 199 198 201 201 197 198 196 197 197 192 194 200 200 199 196
 195 195 195 194 193 194 194 194 194 195 195 195 195 194 192 191 192 193
 194 197 195 193 195 196 194 192 191 189 188 190 188 188 193 192 188 188
 186 186 187 180 178 174 173 175 174 168 162 158 163 159 155 153 157 155
 153 150 151 150 149 146 147 147 151 148 151 153 153 152 145 145 148 144
 139 139 130 129 128 121 117 117 115 112 110 108 103  98  97  96  92  88
  85  83  79  78  77  72  70  66  61  61  60  52  49  55  61  66  74  84
  92 106 121 131 139 143 152 155 160 164 166 168 171 172 172 173 171 171
 172 172 170 168 167 168 170 168 165 161 157 155 155 156 154 152 149 147
 145 143 144 146 142 141 139 139 140 141 142 143 143 144 143 141 143 142
 138  29]"
"[ 29  31 198 200 202 206 199 201 202 205 204 198 200 199 198 198 201 199
 200 199 199 200 199 201 195 196 199 197 197 198 197 202 200 201 200 198
 196 197 197 196 194 195 195 196 197 197 196 194 196 196 195 194 195 195
 196 199 195 194 194 195 193 193 193 193 189 190 187 185 188 190 189 189
 187 185 185 184 185 178 179 184 186 183 178 177 185 180 172 167 159 161
 163 157 157 155 156 151 149 147 150 145 146 145 146 147 148 145 147 149
 147 147 147 154 152 145 142 143 138 130 122 116 115 110 105 102 100  98
  93  89  89  85  82  77  74  66  62  62  65  55  49  49  52  60  73  89
 107 121 129 138 142 147 157 159 163 166 167 170 172 171 170 172 172 172
 173 173 172 171 170 171 172 170 167 164 160 157 155 154 155 153 150 149
 147 145 145 146 143 142 141 142 144 145 146 146 144 145 144 142 142 141
 139  29]"
"[ 29  31 198 200 201 203 200 200 204 209 209 201 203 200 201 201 199 196
 197 196 198 201 199 199 202 204 205 202 198 195 195 200 202 201 200 200
 200 200 200 201 198 198 196 197 198 199 197 194 194 195 195 194 195 196
 196 198 195 193 193 193 192 192 193 193 192 192 191 190 191 189 187 187
 188 187 187 185 189 186 185 181 181 184 188 186 188 182 181 182 180 176
 174 171 173 165 159 154 152 149 151 148 149 147 146 145 147 145 148 149
 145 137 134 136 139 135 136 140 140 136 132 129 130 127 121 117 119 119
 111 102 101  96  92  87  88  82  83  83  75  69  71  74  80  88  95 106
 114 127 132 143 145 153 159 160 165 167 169 172 174 172 170 172 172 172
 173 173 172 171 172 173 172 170 167 165 164 161 158 156 156 154 152 152
 151 148 146 146 147 145 143 144 145 146 145 144 145 146 144 142 141 140
 141  30]"
"[ 29  30 199 199 201 203 206 203 200 200 201 194 195 193 202 208 208 205
 202 196 197 203 203 202 201 203 203 202 203 203 202 204 202 200 200 201
 202 202 203 204 202 200 198 197 198 200 199 196 193 195 195 195 197 197
 197 198 197 195 195 195 194 193 194 193 190 189 191 193 192 190 188 188
 188 186 187 187 187 185 188 183 179 179 184 185 187 183 182 180 184 185
 181 174 175 173 172 174 171 166 165 158 159 157 154 152 149 150 150 145
 143 141 141 139 141 140 138 138 139 136 131 130 127 131 131 128 130 131
 125 119 115 111 106 100 102  93  92  89  74  73  81  83  88  96 102 113
 122 131 133 145 146 156 159 162 166 169 171 173 174 173 172 173 173 174
 174 173 172 172 172 173 172 170 168 165 164 162 160 159 156 154 153 154
 154 151 148 146 147 146 144 145 146 147 146 144 146 146 144 144 142 141
 142  29]"
"[ 31  28 200 198 201 201 209 201 199 175 157 140 138 136 155 168 195 203
 209 203 200 204 204 203 203 205 203 202 204 203 201 201 200 201 201 200
 200 201 203 203 202 201 199 199 199 200 199 198 198 200 200 199 201 202
 201 201 199 196 196 197 195 195 196 194 193 191 191 190 189 189 189 188
 190 187 190 191 190 187 188 176 172 150 132 119 116 118 126 126 132 156
 170 175 180 181 175 177 176 173 174 170 172 171 168 164 165 161 152 138
 132 123 117 109 114 120 121 124 133 132 126 127 121 126 126 124 125 125
 121 119 118 116 115 112 118 111 115 111 100  95  96  91  91 100 109 124
 130 134 138 145 146 155 158 165 167 170 171 172 173 174 174 176 176 176
 175 174 174 174 173 173 171 171 170 167 164 162 161 161 158 154 152 153
 154 152 149 146 146 146 146 147 147 148 147 147 147 147 144 146 145 143
 144  29]"
"[ 30  26 202 200 202 197 203 189 157 129 118 116 120 111 120 126 143 169
 197 202 200 202 202 203 201 204 203 202 202 200 200 199 199 203 203 200
 198 200 202 201 199 200 201 201 201 200 199 197 200 202 200 199 201 202
 201 200 200 196 195 195 194 195 196 196 196 194 193 192 192 195 195 192
 192 191 191 188 187 185 172 136 104  90  86  83  78  76  82  79  74  80
  80 105 144 171 173 178 174 171 171 166 170 172 172 169 173 153 127 101
  89  76  73  68  72  79  78  83 102 113 117 125 124 122 116 116 124 126
 120 117 119 117 113 107 114 111 120 119 112 105 108 108 111 116 116 125
 125 128 139 142 146 151 155 163 168 171 172 172 173 175 176 178 177 177
 175 175 175 176 174 171 168 170 172 170 167 164 163 164 160 156 152 153
 154 153 150 147 146 147 148 148 147 146 146 147 147 147 145 148 147 146
 146  29]"
"[ 28  28 202 201 202 200 188 153 126 113 114 108 114 116 123 125 123 141
 160 196 205 200 201 199 202 202 203 203 202 201 201 203 204 204 203 202
 201 199 197 196 196 200 202 203 201 201 202 202 199 202 197 199 202 200
 201 202 200 198 196 195 195 195 196 198 196 195 193 193 195 197 196 195
 194 193 193 191 188 173 138 100  88  91  91  87  81  81  81  79  80  80
  81  89 108 143 168 182 179 175 173 171 175 173 170 177 157 117  97  84
  80  76  74  75  76  79  83  90  99 103 110 120 131 138 139 133 133 130
 129 117 121 121 117 114 114 113 111 111 113 111 110 110 113 126 129 129
 131 135 140 143 146 150 156 161 168 172 172 170 171 174 176 178 176 177
 176 174 174 176 176 174 176 173 172 171 167 165 165 165 163 162 160 158
 155 154 152 151 149 147 149 150 148 145 146 146 146 146 145 146 146 146
 146  29]"
"[ 31  28 200 204 201 185 162 128 115 112 113 103 105 111 120 124 125 131
 133 160 197 208 202 202 202 200 199 201 202 201 199 197 202 202 203 203
 204 202 200 198 198 200 203 203 203 202 203 204 202 204 198 199 202 200
 201 201 201 200 199 199 197 196 196 196 198 197 196 195 195 195 196 195
 194 198 202 196 183 151 116  90  90  89  88  85  82  80  74  66  74  80
  82  79  78  93 124 168 170 178 176 175 175 175 172 163 125  96  86  80
  77  74  75  77  79  81  82  87  94  98 104 114 132 146 158 151 146 148
 144 133 131 129 125 120 118 115 113 115 114 114 114 115 117 129 132 132
 135 139 142 145 148 152 159 164 170 170 170 171 172 171 174 180 175 175
 175 176 176 175 174 173 175 172 172 171 168 167 167 166 163 163 161 158
 156 154 153 151 150 148 150 151 149 147 148 148 146 147 145 146 146 147
 146  29]"
"[ 31  27 198 201 200 181 155 127 110 108 105  97 102 110 116 119 123 132
 130 130 166 200 205 202 204 203 203 205 207 206 202 199 202 202 202 203
 205 205 204 202 198 199 201 202 201 201 201 201 203 203 198 199 201 201
 200 199 196 196 198 200 201 201 201 201 198 199 199 197 195 195 196 197
 194 198 200 188 163 126  99  89  82  80  80  82  82  80  74  67  72  78
  83  84  83  79  87 127 161 178 171 171 167 169 161 140  95  79  80  79
  76  74  75  78  79  80  79  81  87  90  96 106 119 134 152 151 144 150
 146 142 134 133 131 129 124 119 118 120 119 120 121 122 123 133 134 134
 136 139 143 146 149 155 162 167 170 171 171 172 173 172 174 180 177 176
 175 177 176 173 171 172 174 172 172 172 170 168 168 167 163 163 162 160
 158 156 154 152 152 150 152 153 152 150 150 150 147 147 145 146 146 147
 147  29]"
"[ 29  30 201 201 197 177 143 115 108 105  98  97 103 108 110 115 125 130
 131 120 142 185 209 201 202 203 205 207 208 206 204 203 204 203 202 202
 203 204 205 206 202 202 203 203 203 202 202 201 202 202 200 200 201 201
 199 197 198 197 197 200 202 202 201 200 197 199 200 199 196 195 196 197
 197 197 192 176 140 114  98  96  84  83  84  85  82  79  78  77  80  80
  80  79  81  80  77 101 147 174 172 172 171 171 151 127  81  75  80  81
  78  77  77  78  76  77  75  76  81  84  90 100 104 116 137 155 152 152
 146 145 141 137 136 133 126 119 118 121 122 122 123 124 124 135 135 135
 136 139 143 146 150 155 162 167 168 172 173 171 172 174 176 177 179 178
 177 176 174 172 172 174 174 173 173 173 171 169 168 166 164 165 165 163
 161 159 157 156 154 152 153 154 152 151 151 150 148 148 146 146 146 147
 147  30]"
"[ 29  29 201 202 198 180 146 122 104 107 103 101 102 103 108 116 117 119
 127 125 124 143 184 202 202 203 205 207 207 206 205 204 204 203 203 202
 201 202 203 204 203 203 203 204 204 203 202 202 202 202 203 201 200 200
 200 199 203 200 198 199 201 201 199 197 195 197 199 199 197 196 195 194
 192 193 182 162 118 105  95  90  87  86  87  86  81  78  79  81  79  79
  82  83  82  81  71  77 117 159 175 175 174 167 127 106  80  77  80  82
  80  81  81  80  77  78  76  76  80  83  88  97 102 108 119 148 155 152
 151 148 144 139 136 133 126 122 124 127 125 125 125 126 128 139 139 139
 140 143 146 149 151 155 160 164 166 171 172 172 173 175 175 176 178 179
 179 176 174 174 176 176 175 174 175 174 171 169 168 165 165 167 167 166
 164 163 161 159 154 152 152 153 152 152 152 151 150 149 146 146 146 147
 147  30]"
"[ 31  28 198 200 195 177 144 125 109 113 110 104 102 102 110 114 120 123
 126 131 131 132 164 200 207 205 203 205 207 207 204 202 202 203 203 203
 202 201 200 200 203 202 202 203 204 202 201 202 204 203 205 201 197 199
 201 201 203 200 198 199 201 202 202 201 198 199 200 200 199 198 196 194
 196 196 179 154 110 107 100  92  87  85  85  85  82  80  80  80  83  79
  80  83  78  77  73  72  86 137 176 180 180 168 120 104  86  85  84  85
  83  85  84  83  81  82  80  79  82  83  87  95 101 104 102 125 141 144
 150 145 141 137 137 137 131 129 130 130 130 130 129 129 129 140 141 140
 141 144 148 151 154 157 161 165 169 170 171 174 176 175 174 177 178 180
 181 178 175 176 176 174 175 175 176 175 172 170 169 166 166 167 168 167
 165 163 162 160 155 153 153 153 153 154 154 153 151 150 146 146 146 147
 147  29]"
"[ 29  28 202 206 202 190 157 135 123 117 111 103 103 101 110 109 107 123
 129 131 132 129 145 190 207 204 201 202 203 204 203 202 202 203 203 204
 204 203 201 200 205 203 203 205 205 204 203 204 204 202 206 202 198 201
 202 202 204 202 200 200 201 201 200 200 201 201 201 200 199 198 197 196
 194 190 166 135 108 107 102  96  91  89  89  89  86  83  82  79  79  81
  80  83  74  69  72  75  80 120 169 184 181 155 105  90  92  92  88  90
  86  87  84  84  84  86  83  81  84  85  88  95 101 104 101 115 137 141
 146 143 144 139 139 138 133 130 129 124 129 130 130 128 126 136 138 139
 141 144 149 152 155 159 164 167 172 172 172 175 178 176 175 177 179 180
 179 178 177 176 174 173 174 174 175 175 173 172 172 169 167 169 169 168
 165 163 162 161 158 155 154 153 153 155 156 153 152 150 146 146 146 147
 147  29]"
"[ 29  29 200 200 198 198 169 145 133 118 108 102 103  95 105 105 109 118
 123 126 131 130 129 164 206 205 204 203 202 203 205 208 205 203 203 203
 205 205 204 202 204 203 203 204 204 202 201 202 203 202 208 205 201 204
 204 203 202 202 201 201 201 200 200 201 201 201 201 199 197 197 198 198
 192 183 153 121 111 108 101  96  88  88  89  88  85  84  83  80  84  86
  76  78  74  71  75  75  71  96 152 185 186 150 100  86  92  94  90  91
  86  86  84  84  86  88  85  83  86  87  90  97 105 104 101 108 131 137
 143 148 146 138 136 133 128 129 131 126 129 130 132 131 128 138 141 144
 144 146 150 154 157 160 165 168 172 174 174 173 176 178 177 175 179 176
 175 177 179 178 176 176 172 173 175 175 173 174 174 171 170 171 172 170
 167 165 164 163 159 156 154 153 152 154 154 152 152 151 146 146 146 147
 147  29]"
"[ 29  28 201 199 195 202 180 145 126 119 108 101  99 100 103 103 109 119
 120 122 126 132 121 144 193 206 203 204 203 206 205 205 202 205 202 201
 205 206 203 202 204 205 204 203 203 204 203 202 200 201 204 204 201 202
 204 204 203 201 200 200 198 199 202 202 201 202 199 194 194 199 201 199
 201 188 157 114 117 107 103  98  92  89  88  88  83  80  81  82  87  81
  77  82  81  83  77  73  72  74 142 179 184 140  91  92  94  96  93  89
  88  84  83  87  89  89  89  88  87  87  92  98 102 102 102 100 105 126
 147 146 145 146 145 140 135 134 135 137 135 135 134 132 133 136 143 151
 152 148 149 154 158 164 169 167 169 170 171 172 175 179 178 176 176 176
 176 177 178 178 176 175 175 175 174 174 175 175 174 172 172 172 172 170
 168 166 165 165 160 158 155 154 154 154 154 154 153 149 148 148 149 147
 148  28]"
"[ 29  30 202 201 195 198 176 145 116 111 106 102  98  97 100 103  99 109
 112 117 125 130 124 141 180 203 201 203 203 205 203 204 203 204 201 200
 206 208 204 201 203 204 205 204 204 204 204 202 201 202 202 201 200 203
 203 200 201 201 202 201 200 202 202 198 199 196 197 200 201 202 201 195
 202 187 159 118 116 106 104 101  96  90  87  88  88  87  86  83  86  82
  81  84  83  82  78  74  72  71 132 174 173 131  84  91  93  95  95  93
  90  86  86  88  91  90  89  87  86  88  91  95 101  99  98  97 100 116
 136 143 147 146 144 141 140 138 135 132 135 136 137 138 135 132 139 150
 150 148 151 155 157 163 167 167 167 169 171 172 175 178 179 179 175 176
 176 178 179 179 177 176 178 177 177 176 175 175 173 173 173 173 172 171
 169 167 165 164 163 160 156 155 154 153 154 154 153 150 150 150 150 148
 149  29]"
"[ 28  28 199 201 198 199 179 150 111 102  97  96  95  93  94  96  99 105
 109 115 122 123 121 129 164 203 203 205 206 205 204 204 202 204 204 202
 204 205 204 203 203 204 205 204 204 204 203 201 203 201 202 204 203 201
 201 201 200 201 202 199 197 201 206 207 203 198 197 201 203 199 198 201
 201 179 152 118 113 106 103  99  97  92  90  89  87  86  85  83  84  80
  81  82  83  81  79  75  73  65 114 164 170 135  88  91  90  91  94  93
  88  87  88  89  91  91  90  89  89  91  92  93  97  97  97  99 100 107
 122 138 146 147 146 144 142 140 137 134 134 137 140 140 136 132 137 148
 151 151 155 158 159 162 167 168 168 170 172 173 174 176 178 180 176 177
 179 179 179 179 178 177 176 176 176 176 175 175 176 176 174 174 174 173
 171 170 168 166 166 163 160 158 156 155 154 154 153 151 152 152 152 149
 150  29]"
"[ 31  31 201 203 204 203 179 144 133 115 104 100  96  93  91  92  97 102
 106 112 118 116 122 123 142 195 202 203 204 205 205 205 202 204 204 203
 202 203 203 203 203 203 204 203 202 201 201 200 196 199 204 203 200 200
 203 205 202 203 204 202 195 193 199 205 203 205 198 195 203 203 198 200
 204 179 155 123 112 107 104  99  95  94  93  90  86  85  86  85  83  78
  79  78  83  81  82  77  71  66 112 161 166 129  88  93  90  89  91  90
  87  88  91  91  88  89  92  95  96  95  94  94  98 100 100 103 103 104
 114 137 145 147 147 145 142 141 140 138 135 140 141 137 135 137 141 146
 150 152 156 158 158 161 164 167 171 171 173 174 174 174 176 178 179 180
 181 180 179 179 178 177 175 175 175 174 174 175 177 179 176 175 175 175
 174 173 171 169 166 164 162 161 160 158 155 154 152 151 153 153 152 149
 149  29]"
"[ 28  29 201 202 204 203 180 140 132 112 102  97  91  90  91  96  95  99
 103 107 112 109 121 122 129 184 205 203 201 203 204 203 204 202 200 201
 203 205 204 201 203 203 203 202 201 200 200 200 206 202 201 202 202 203
 204 203 189 169 147 131 118 120 140 161 181 196 205 202 199 199 200 200
 199 180 159 122 105  99  97  96  96  94  94  92  89  88  89  89  86  82
  84  82  85  83  84  80  72  63 104 155 161 119  85  92  94  92  92  91
  89  90  92  89  87  88  93  99 100  97  96  99 104 106 102 103 103 106
 112 138 146 147 147 145 144 144 142 139 139 143 142 137 136 138 145 151
 153 155 156 158 160 162 165 167 172 172 173 175 175 175 175 175 179 180
 180 178 178 179 179 179 179 178 176 174 173 174 176 178 177 176 175 175
 175 174 172 170 166 165 163 162 161 158 156 154 153 152 154 154 153 150
 149  29]"
"[ 29  31 204 203 204 206 195 159 138 115 104  98  92  91  89  91  96  98
 102 104 107 105 116 117 121 164 205 205 201 202 203 202 204 202 202 203
 204 206 206 204 202 202 202 202 202 201 201 202 199 202 203 203 208 208
 183 150 103  92  85  86  83  81  89 100 108 125 168 203 206 200 200 196
 197 183 162 117 103 100  99  98  96  94  94  93  87  84  86  89  88  89
  92  90  87  84  84  81  77  59  90 147 157 112  84  93  95  94  94  92
  90  90  89  85  88  89  93  98  99  97  99 103 105 107 104 104 104 107
 108 133 146 150 151 148 145 145 144 141 145 144 143 143 139 137 144 157
 156 157 157 158 162 165 166 169 171 172 173 174 176 177 176 176 176 178
 178 176 176 179 181 180 181 179 177 175 175 176 178 179 177 176 175 174
 174 173 171 169 170 167 164 162 161 159 158 158 156 154 155 155 154 151
 150  29]"
"[ 30  28 201 199 196 199 196 162 138 113 104 100  96  97  94  94  94  95
  98 101 105 107 113 114 108 133 194 203 201 202 204 205 203 202 205 206
 202 203 206 206 202 202 202 203 202 201 201 203 206 198 203 210 192 148
 104  81  84  82  85  88  88  89  92  93  97  90 111 158 192 204 203 198
 194 184 159 104  98  99  99  98  96  92  92  91  85  81  84  89  91  91
  92  92  87  86  82  78  76  61  86 143 147 105  82  94  93  94  92  90
  90  89  86  84  89  92  95  96  97  99 102 104 104 105 104 106 104 105
 102 125 149 153 155 150 145 144 146 145 146 144 144 146 143 138 144 156
 154 155 154 156 162 166 166 169 171 173 174 174 176 178 178 177 176 178
 178 176 176 179 180 180 179 177 175 175 177 178 179 178 178 177 176 174
 174 173 171 170 171 168 165 163 162 162 161 162 159 156 155 155 155 152
 151  29]"
"[ 30  26 203 205 201 199 195 158 138 117 111 105  97  97  95  97  95  94
  96  99 104 108 108 107 106 117 191 205 204 202 202 204 204 201 202 203
 201 201 203 202 201 201 202 203 202 200 200 202 196 203 203 177 133  96
  80  76  73  81  87  86  84  87  89  86  87  83  82 112 169 204 203 197
 196 190 165 101  96  98 100 102  99  90  87  89  88  87  89  92  93  91
  86  88  86  88  81  75  68  57  75 133 141 112  86  89  91  94  91  88
  89  90  88  88  89  94  96  95  96 102 105 104 106 104 102 105 101 101
  98 123 154 155 153 148 146 148 149 147 146 145 144 145 145 143 144 150
 155 157 156 158 166 169 169 172 172 174 175 174 175 177 178 177 178 180
 179 177 176 179 180 178 178 176 174 174 176 178 177 176 179 178 177 176
 175 174 173 173 170 168 165 165 164 164 163 163 161 156 155 154 155 153
 151  29]"
"[ 29  28 201 202 201 205 201 162 135 117 113 105 101  93  97  96  93  96
  95  96 103 105 102 104 108 131 182 207 209 205 202 202 206 206 205 202
 201 202 203 202 202 203 205 202 198 198 201 201 201 202 190 130  92  88
  83  83  80  81  83  84  85  87  88  88  87  85  84  88 122 188 201 200
 198 194 159 101  92  94 101 102 101  94  88  87  88  88  88  90  91  90
  89  88  87  84  79  75  68  59  72 131 145 123  81  91  89  92  90  88
  92  94  91  91  91  90  93  96  99 104 107 103 102 104 105 102  97 101
 106 130 161 156 154 153 151 150 149 147 144 144 146 148 146 144 147 153
 162 162 161 162 166 170 171 173 174 174 174 175 177 176 175 177 180 180
 179 177 177 180 182 181 180 175 171 175 176 176 177 174 180 177 176 178
 180 178 175 172 167 167 168 169 167 166 165 162 163 159 156 154 154 155
 157  28]"
"[ 29  28 201 203 203 203 199 159 138 125 110 106 102  95  94  91  95  95
  94  97 103 104 102 102 101 106 159 199 205 206 201 206 205 204 203 203
 202 201 199 199 201 202 201 200 199 199 199 200 204 190 148 100  88  92
  87  81  83  83  82  83  85  87  87  87  89  88  88  81  86 140 192 198
 196 193 157 112  91  98  97 100 101  96  93  93  92  89  87  87  90  89
  89  88  87  85  80  75  65  57  68 124 137 120  82  89  90  94  94  91
  91  90  89  91  91  91  94  98 100 105 107 104 101 103 103 102 102 104
 108 137 164 159 156 155 154 153 151 148 145 147 150 150 147 143 145 150
 161 163 163 164 168 170 172 175 174 175 175 177 178 175 174 177 179 180
 179 177 178 182 183 183 180 177 174 175 175 175 175 170 176 177 179 179
 179 177 176 175 174 173 173 171 168 167 167 165 163 160 158 158 157 158
 159  29]"
"[ 29  29 197 202 202 203 202 168 134 127 109 110 102  95  91  92  93  91
  92  97 102 102  99  97  98  96 139 194 205 205 201 203 203 201 200 203
 203 199 196 195 201 201 199 198 200 199 198 200 205 183 120  86  86  87
  89  88  83  82  81  82  85  87  88  87  87  89  92  88  82 107 175 195
 194 192 160 117  86  96  96 100  97  94  92  91  90  87  86  87  89  89
  88  86  86  86  81  75  67  57  64 118 136 125  87  88  93  96  97  95
  93  90  89  93  94  95  98 100 102 105 105 102  98 100  98  99 103 101
 106 140 166 161 158 157 155 153 151 147 146 148 150 150 146 142 144 149
 160 164 166 167 168 170 171 174 174 175 176 178 178 175 174 178 176 176
 176 175 176 179 181 181 180 180 178 177 175 176 177 171 175 178 181 180
 178 178 177 177 177 176 175 172 169 168 168 167 163 161 160 160 159 159
 159  29]"
"[ 29  30 195 201 202 203 206 180 141 126 116 115 100  91  87  91  91  88
  90  96  99  98  96  93  95  95 114 175 205 200 202 200 201 200 200 202
 202 199 197 196 200 202 199 198 201 198 197 202 196 159  95  82  91  92
  91  90  86  85  83  83  85  87  88  87  88  91  86  87  91  88 141 194
 200 200 177 125  88  89  94  95  95  94  93  92  90  87  88  90  90  91
  89  86  86  86  82  75  66  60  61 115 142 131  89  90  95  95  96  97
  96  93  91  93  95  97  99 101 102 103 103 100  96  97  96  98 100  99
 110 143 166 162 160 159 155 152 150 146 147 147 147 147 146 145 147 151
 160 164 167 166 167 168 169 172 171 174 176 177 177 175 175 176 177 178
 177 177 177 179 180 179 179 180 179 179 178 178 180 176 179 180 180 179
 179 181 179 175 175 174 174 173 171 170 169 166 166 163 161 160 159 159
 159  29]"
"[ 28  30 197 205 203 202 205 187 157 123 121 115 100  92  89  91  92  90
  90  93  93  93  93  92  95  91  89 138 195 199 199 198 200 201 201 200
 200 201 200 199 199 202 200 199 200 197 196 202 183 129  82  85  94  96
  90  87  90  89  88  86  86  87  87  87  90  92  87  84  88  73 101 181
 200 201 186 138  96  84  91  90  91  93  94  95  93  89  88  88  91  92
  92  89  89  88  82  74  63  61  56 112 147 133  87  92  93  92  94  96
  95  91  90  91  95  97  99 100 102 102 101 100  98  97 100 102 100 103
 123 150 165 163 161 160 156 153 151 149 148 146 145 146 149 150 151 152
 158 163 165 165 167 169 170 172 168 174 177 175 175 176 176 175 178 179
 178 178 179 179 179 178 179 178 178 180 179 177 180 180 180 180 179 178
 180 182 180 176 176 174 174 174 173 173 171 167 166 164 162 161 160 159
 159  29]"
"[ 28  30 199 205 202 201 204 198 170 125 128 116 101  93  92  94  96  94
  91  88  87  87  88  90  91  89  84 104 171 208 203 196 200 201 199 197
 198 201 202 200 199 202 201 200 200 197 196 200 171 112  88  94  92  92
  88  89  89  89  88  87  86  88  90  91  87  88  90  84  82  72  81 150
 195 201 185 153 102  83  89  92  91  92  93  94  93  92  91  91  90  93
  95  94  93  89  81  73  68  63  50 108 151 138  89  92  92  91  94  95
  90  87  88  89  96 100 101 101 102 101  99  99 100  98 104 104 101 104
 130 153 165 163 162 160 156 154 153 151 148 146 145 148 152 153 152 150
 156 161 164 165 168 171 173 175 170 176 179 177 177 179 178 177 178 178
 178 179 180 180 179 179 181 179 178 181 179 176 179 179 177 179 180 179
 179 180 180 179 179 175 173 173 172 173 171 167 165 163 163 163 162 161
 160  29]"
"[ 29  30 198 203 200 201 202 203 182 139 138 122 107  94  91  89  94  96
  91  84  83  83  82  83  81  85  88  86 132 194 207 202 203 200 197 196
 198 200 201 199 200 200 200 200 200 200 198 197 155  98  88  95  92  95
  93  90  90  89  88  86  87  90  93  95  89  87  85  80  79  76  77 112
 180 201 189 165 106  82  90  96  97  96  96  97  97  96  95  94  89  91
  94  95  93  88  81  75  74  63  48 104 144 136  92  93  94  91  92  92
  87  86  88  88  95 100 101 100 102 100  97  97 100  99 102 102 102 104
 129 153 169 164 162 160 156 155 154 152 150 149 148 150 152 153 152 151
 154 161 164 165 169 172 174 176 173 178 179 179 180 179 179 180 179 179
 179 180 181 182 182 182 182 181 179 181 179 177 179 177 175 177 179 180
 179 179 179 180 179 176 174 173 172 173 172 169 167 165 164 164 163 161
 160  29]"
"[ 30  29 200 205 201 200 195 199 188 149 140 126 117 104  95  86  90  94
  89  82  82  81  77  77  81  82  86  80  94 154 194 204 207 201 196 198
 201 201 200 199 201 200 199 200 201 203 200 195 142  94  94  98  93  94
  96  94  94  93  90  87  88  91  95  96  92  92  87  85  87  79  72  82
 148 188 189 165 107  81  95  98  98  98  99 100  99  96  91  87  88  90
  92  92  91  86  81  77  71  61  51 102 130 124  92  95  96  90  88  88
  86  88  90  87  89  95  97  98 101  99  96  97  98  99  99 100 107 107
 129 157 173 167 163 160 157 156 154 151 153 153 152 151 151 152 153 154
 154 162 166 166 168 171 174 175 175 176 178 180 180 177 177 180 178 177
 177 178 179 180 181 182 180 181 180 180 179 179 180 175 175 175 177 179
 181 180 179 179 179 177 176 176 175 176 175 172 173 169 167 165 163 161
 161  30]"
"[ 29  29 199 202 200 202 201 203 199 171 147 122 119 109  97  85  89  92
  87  80  80  80  77  76  78  80  80  83  85 106 177 193 207 205 201 200
 200 203 200 201 202 199 197 197 198 203 202 194 148  93  99  99 102 101
 101 100  96  96  95  88  82  87  93  90  93  94  89  82  82  85  81  72
 110 180 190 160 108  77  88  95  99 101 101  99  96  94  91  88  91  90
  90  91  86  82  81  76  74  56  55  76 102 103  88  90  88  89  86  84
  85  87  87  88  90  92  94  96  97  96  96  97  96  94  96 100 103 113
 128 165 170 166 166 162 159 155 152 154 151 151 149 147 147 151 154 155
 156 162 169 168 166 169 171 175 178 179 179 178 178 179 178 177 177 177
 177 178 179 179 179 180 182 181 180 179 179 179 180 180 176 175 176 179
 180 179 179 179 179 180 179 177 175 174 172 171 172 169 166 166 162 161
 162  29]"
"[ 29  30 200 200 199 204 203 203 205 181 154 116 114 112  98  93  91  92
  86  79  81  83  79  76  76  75  74  76  79  88 144 193 204 202 201 200
 201 203 202 202 203 199 197 196 195 197 196 192 146  94 101 104 107 105
 103 100  98  98  97  91  86  89  91  88  89  91  90  85  81  79  78  76
  95 160 186 167 106  76  80  85  98 100 101  99  96  93  90  88  92  92
  91  90  85  82  81  75  69  59  50  45  61  80  81  82  89  89  86  84
  86  87  85  83  86  88  91  94  94  94  95  96  93  93  94  98 102 106
 126 168 178 170 167 165 163 159 153 153 153 150 148 148 149 150 151 152
 155 161 169 170 170 172 172 173 177 178 179 178 179 180 179 178 178 177
 177 178 179 179 180 181 181 181 180 180 180 179 179 179 179 178 178 180
 181 180 179 179 180 180 180 179 178 178 176 174 173 171 168 168 165 163
 163  28]"
"[ 29  30 199 198 197 203 203 201 209 196 172 123 116 115  94  90  91  90
  84  79  83  85  81  76  74  71  72  77  83  77  96 154 202 203 203 201
 203 202 201 202 200 198 199 201 199 195 192 189 145  97 104 107 111 110
 106 102 100 101  99  95  93  93  92  89  90  91  91  88  81  76  75  76
  82 128 176 163  98  67  80  90  96  98 101 102  98  94  92  91  93  94
  93  90  85  83  81  74  65  54  45  36  45  68  79  83  88  88  85  85
  87  87  83  80  82  85  89  91  92  92  93  94  92  95  95  98 105 104
 130 173 177 171 169 168 166 161 155 154 153 148 147 151 154 151 151 153
 153 160 170 173 172 172 170 172 176 177 178 178 179 180 180 179 179 178
 178 179 180 180 180 180 180 180 180 180 180 180 178 177 180 179 179 180
 180 180 179 179 179 180 180 180 180 179 177 175 176 174 171 170 168 166
 165  29]"
"[ 29  29 198 197 196 201 200 199 201 199 183 139 125 119 100  94  88  87
  84  81  83  85  81  76  75  72  73  75  81  80  79 118 192 204 201 195
 202 201 199 200 201 199 197 197 196 195 195 195 149 103 107 110 113 113
 109 104 102 102  98  96  96  95  93  93  90  89  88  88  86  83  81  81
  70  94 163 158 100  58  74  87  94  97 101 103 101  97  94  93  91  93
  92  91  88  84  81  75  64  45  38  38  48  68  80  86  85  86  85  85
  87  87  83  80  81  84  89  91  91  91  91  91  92  95  96  97 102 101
 128 161 168 168 170 168 164 160 156 156 153 149 149 153 155 153 152 153
 151 160 173 175 171 169 168 173 177 177 178 179 179 180 179 179 180 179
 180 181 182 181 179 178 179 179 180 180 181 180 179 177 180 179 179 179
 179 180 179 179 179 180 181 180 179 178 177 176 177 175 172 171 169 169
 168  30]"
"[ 30  28 198 200 198 201 199 200 205 204 190 159 131 114 106  96  88  86
  85  84  82  80  77  73  70  71  73  71  68  76  76  90 161 200 206 195
 202 204 200 202 199 198 196 194 195 196 195 195 158 113 112 116 119 118
 113 109 106 102  97  95  96  95  95  97  94  92  90  89  89  89  85  82
  72  75 139 146 102  58  68  84  92  95 100 103 102  99  95  92  89  90
  89  92  92  85  81  77  68  46  35  33  45  70  83  87  84  86  86  85
  86  86  84  82  81  85  89  90  90  89  89  89  88  90  95  96  99 104
 131 153 166 169 171 166 162 161 159 158 154 153 153 154 153 152 151 151
 153 160 171 174 171 169 169 175 179 179 179 180 180 180 180 180 180 179
 179 180 181 180 179 178 179 179 180 180 181 180 180 179 179 179 178 178
 179 180 180 180 180 182 183 181 179 178 178 179 177 176 172 170 169 170
 168  29]"
"[ 30  28 198 202 200 201 199 203 200 200 190 177 143 116 119 109  94  89
  87  86  81  76  72  70  66  67  68  69  60  68  69  65 106 173 201 201
 200 198 192 195 195 198 197 196 198 196 192 189 169 124 119 124 126 125
 118 114 113 105  99  98  97  96  96  98  98  98  95  91  88  86  83  79
  73  63  95 112  85  63  66  88  91  96 100 102 102  99  94  89  88  88
  87  92  94  87  82  80  70  51  41  37  46  69  82  87  84  87  86  84
  84  84  83  83  82  85  88  88  88  88  89  89  90  91  96  98 100 108
 131 154 174 173 172 165 163 164 162 160 154 156 156 154 153 153 153 153
 155 157 165 170 172 172 171 174 180 179 179 180 180 179 179 180 180 178
 177 177 178 178 179 180 180 180 180 180 180 180 180 180 179 180 179 179
 179 180 180 180 180 182 183 182 180 179 180 181 179 178 174 172 170 171
 169  29]"
"[ 28  29 200 202 199 200 200 203 203 202 196 193 158 122 122 114 106  94
  88  87  82  75  72  71  70  68  63  62  61  67  70  66  78 134 174 204
 206 202 195 198 199 199 196 194 196 194 192 194 180 133 122 127 130 128
 122 120 121 109 104 104 101  97  96  96  95  95  94  91  88  86  83  80
  63  55  56  71  64  59  59  80  90  97 102 102 101  99  94  88  87  88
  85  89  93  89  84  81  67  52  45  41  48  66  78  87  85  87  85  83
  82  82  81  81  82  84  86  86  86  89  91  91  96  96  97  97  96  99
 116 153 179 174 170 166 165 165 162 162 155 157 156 154 154 155 155 154
 155 155 161 167 171 172 170 173 178 177 178 179 179 179 179 180 179 178
 177 177 177 178 180 181 181 181 181 180 179 179 179 180 179 180 180 179
 180 181 181 179 180 181 182 181 180 180 180 180 180 180 176 173 172 172
 170  29]"
"[ 28  31 202 202 198 201 200 202 203 203 198 201 169 130 126 123 116  99
  89  88  83  77  74  74  70  71  65  61  64  67  67  68  74  95 127 187
 204 205 199 200 196 196 195 197 199 195 193 197 188 137 123 127 129 129
 124 124 124 111 107 109 103  97  96  94  95  94  92  91  89  86  82  79
  67  62  45  45  51  52  55  75  88  97 102 101  99  98  94  88  86  88
  83  85  90  88  84  80  69  58  48  36  42  64  80  88  85  86  84  81
  81  81  80  80  81  83  84  84  85  89  93  94  97  96  94  95  94  92
 106 159 176 170 168 167 166 164 161 163 158 157 156 154 153 153 153 153
 155 155 162 168 171 170 170 174 177 176 177 180 180 179 179 180 179 179
 179 179 179 179 179 180 181 181 181 180 178 177 178 180 179 180 180 179
 180 181 181 179 181 181 182 182 182 182 180 179 178 179 176 173 172 173
 170  29]"
"[ 29  30 202 203 202 201 201 202 200 201 201 201 180 146 130 124 117  99
  97  89  85  76  75  72  73  67  66  63  59  64  71  70  70  79  86 124
 178 198 203 196 197 197 196 201 200 194 194 197 196 149 130 131 128 130
 126 129 125 121 115 110 100 101  98  93  94  95  92  89  88  86  82  79
  71  64  53  51  47  49  61  82  90  95 103 101  99  97  89  86  87  89
  86  83  84  80  76  80  69  62  53  36  46  60  81  84  81  82  82  81
  82  81  79  79  80  83  82  82  88  94  96  94  92  97  96  91  77  77
 107 153 173 170 168 169 169 167 166 165 159 157 158 154 150 152 152 152
 153 155 159 168 169 172 171 174 174 175 177 180 180 178 178 179 178 180
 181 181 180 179 180 180 179 180 180 179 177 176 177 179 178 179 179 177
 178 179 180 180 181 180 180 182 183 182 180 180 179 178 173 173 171 171
 171  30]"
"[ 29  29 201 202 202 202 201 202 202 203 201 203 194 167 141 129 123 111
 102  90  88  84  77  76  70  64  62  60  57  62  70  70  79  78  78  93
 132 175 205 200 194 195 198 198 195 195 197 196 196 164 136 133 132 131
 129 128 129 123 116 112 101  99  97  95  93  94  94  92  88  85  83  81
  74  65  54  49  47  45  56  73  84  89  96  96  95  94  89  88  87  90
  87  82  80  78  74  73  68  63  50  32  34  53  72  75  72  75  76  78
  80  80  79  80  81  82  81  82  90  96  96  94  94  96  92  88  81  85
 112 155 174 171 169 169 168 167 166 165 159 154 154 153 151 153 153 155
 154 156 158 166 167 170 170 172 174 176 178 179 180 179 179 179 180 181
 181 179 178 179 179 178 181 181 180 180 179 178 179 179 177 179 180 180
 180 180 181 180 182 181 181 183 183 182 180 180 176 177 175 176 173 172
 171  29]"
"[ 30  29 200 202 202 203 202 202 201 201 197 194 195 176 141 123 123 111
 108  97  81  82  79  74  70  63  60  60  59  63  71  73  74  76  78  73
  89 131 179 197 203 197 196 195 193 196 197 194 199 183 143 131 134 138
 137 132 131 126 123 122 110 104  99  98  97  93  92  91  89  88  86  81
  74  65  57  47  44  40  53  69  79  84  92  95  94  93  90  89  87  90
  88  82  78  78  75  71  63  60  47  33  31  53  69  70  73  76  78  79
  81  81  80  81  82  83  82  82  87  93  94  94  96  99  94  91  90  96
 120 163 175 173 170 169 169 168 167 166 161 154 153 153 152 153 152 154
 154 156 158 166 168 170 169 171 174 176 178 178 179 180 179 178 181 182
 180 178 178 180 181 179 180 180 179 179 180 180 180 179 177 179 181 181
 180 180 181 181 182 181 181 182 182 181 180 179 175 177 177 177 174 173
 172  29]"
"[ 30  28 200 200 202 203 202 201 201 201 199 194 197 189 159 140 129 111
 114 102  81  82  84  77  72  65  63  63  62  65  70  73  81  86  87  75
  75  87 130 182 198 198 195 197 197 194 197 198 202 196 160 136 128 136
 137 130 131 127 125 124 111 104  99  97  98  92  91  91  87  89  89  83
  76  71  64  51  40  36  51  69  76  81  90  95  96  93  88  87  87  88
  87  83  79  81  81  77  72  66  53  40  38  55  71  72  76  79  79  78
  78  77  77  78  81  85  84  82  83  87  91  96  94  98  96  93  92  94
 112 155 174 173 171 170 170 169 168 167 163 156 154 153 152 153 152 154
 153 155 158 167 169 172 171 172 175 177 178 177 178 180 179 177 178 180
 179 177 177 181 183 181 179 179 179 180 181 181 180 180 180 180 180 180
 179 180 181 182 181 180 180 181 181 181 180 179 178 179 177 176 173 173
 173  29]"
"[ 29  28 198 199 201 202 201 200 200 197 199 195 195 197 179 159 140 116
 114 101  93  87  83  80  70  66  64  65  65  65  69  72  74  78  82  79
  82  77  97 147 187 203 195 192 195 194 199 195 196 199 185 157 128 136
 139 137 137 133 127 121 107 103  99  96  95  92  94  93  86  85  87  84
  77  74  65  53  36  33  43  58  75  79  84  89  90  88  87  85  86  85
  84  83  81  81  82  82  74  64  52  37  32  42  62  73  78  79  77  76
  75  75  76  78  80  83  84  84  84  86  91  96  95  97  97  95  92  88
  97 137 173 172 171 170 170 170 169 168 162 157 156 153 151 154 154 154
 152 153 155 164 169 174 173 175 176 178 179 177 178 180 179 177 174 178
 179 176 176 180 182 181 179 180 181 181 181 181 180 180 181 180 180 180
 181 181 181 182 181 181 180 180 181 182 181 180 181 181 176 176 174 174
 173  28]"
"[ 29  28 199 200 200 201 200 200 204 199 202 200 198 202 192 173 151 118
 118 108 100  88  80  73  65  64  64  66  68  69  73  76  76  77  83  81
  82  75  76  93 147 189 201 198 195 194 198 190 192 193 195 171 130 140
 145 147 141 136 130 125 113 108 103  98  96  94  96  96  91  87  85  81
  77  73  65  56  39  36  39  46  72  76  77  80  81  82  86  87  86  83
  82  83  82  79  79  82  75  69  59  44  34  35  55  75  78  78  75  72
  73  73  75  77  76  79  80  83  87  89  92  96  99  97  98  98  97  92
  94 126 172 173 172 172 172 172 171 170 164 160 159 154 151 154 154 153
 153 152 152 160 166 173 174 177 177 179 179 178 178 179 179 178 175 178
 179 177 176 179 180 180 179 181 182 181 180 179 179 179 179 180 181 182
 183 182 182 182 181 181 180 180 181 182 182 180 183 181 176 177 176 175
 173  28]"
"[ 30  29 201 200 200 199 199 200 199 199 199 201 200 201 198 187 173 130
 125 117 103  94  83  74  66  68  68  68  71  74  77  81  80  80  84  78
  78  79  81  77  89 134 181 200 199 196 197 195 195 190 193 175 130 135
 139 143 140 134 130 130 119 112 103  97  98  96  95  96  95  90  84  80
  80  77  72  63  49  44  45  47  63  70  71  72  72  74  81  82  82  82
  82  83  84  79  76  80  77  74  60  48  34  30  41  63  73  72  69  66
  67  68  70  73  73  74  75  79  84  87  91  97  98  95  97  96  96  96
  96 122 173 174 173 173 173 173 172 171 167 162 160 156 153 153 152 151
 154 152 151 159 164 171 173 176 177 178 178 178 177 177 178 178 178 179
 179 178 178 179 180 180 180 180 181 181 179 179 179 179 178 179 181 183
 182 181 181 183 181 181 180 179 180 181 181 180 181 177 173 175 175 173
 171  29]"
"[ 28  28 200 199 198 197 198 198 199 204 202 202 202 199 201 197 195 148
 124 111 105 101  84  83  74  76  74  72  72  74  77  80  77  81  83  79
  82  83  82  74  78  83 127 172 194 202 197 197 193 189 195 182 136 133
 137 143 146 136 131 132 123 114 104  99  97  96  95  95  93  88  84  84
  82  79  78  66  53  44  48  48  52  63  67  68  66  66  73  73  77  80
  80  82  85  79  74  77  77  74  55  45  33  32  37  59  69  68  65  63
  65  67  70  73  70  72  73  75  78  81  88  98  97  96  98  95  93  97
  98 121 173 173 173 171 171 172 172 170 168 160 158 157 155 154 152 153
 153 152 151 160 165 171 171 172 177 177 177 177 176 175 176 178 178 178
 177 177 178 179 180 180 180 180 181 181 180 180 180 180 178 179 181 182
 179 178 180 184 182 182 181 180 180 182 182 180 177 173 168 171 170 168
 169  30]"
"[ 29  29 201 202 203 200 196 201 201 202 204 204 202 199 199 200 202 178
 139 115  98  99  79  80  78  79  80  79  78  79  80  81  80  81  81  82
  82  82  81  80  83  78  79 113 161 194 206 200 194 192 190 188 143 123
 132 140 149 137 140 133 126 119 112 102  96  95  93  91  89  86  83  81
  80  77  75  68  56  49  49  47  52  57  64  65  64  63  62  67  69  68
  67  73  80  82  80  79  77  67  54  46  36  30  40  52  61  62  66  65
  65  68  69  71  72  70  70  74  80  83  87  93  95  99  95  92  96  98
 103 115 174 179 172 172 171 172 171 171 167 162 157 153 153 154 154 152
 155 156 153 159 163 169 171 171 173 177 180 180 179 179 180 179 178 179
 180 179 179 179 181 182 182 181 181 180 180 179 180 181 182 182 181 180
 179 178 179 181 182 182 180 178 180 183 182 179 173 172 169 172 173 173
 172  28]"
"[ 30  29 200 200 203 201 198 201 200 201 203 204 203 199 198 198 204 191
 172 145 117 107  95  98  95  91  89  91  92  89  84  81  82  81  82  83
  82  81  81  84  80  84  78  73  94 140 179 199 198 201 196 194 162 115
 127 135 140 137 143 138 129 117 113 108 102  97  92  90  90  88  84  81
  79  80  81  76  67  60  59  58  48  53  62  62  58  56  54  57  64  64
  61  63  71  76  78  79  79  69  57  50  39  30  36  45  49  60  63  57
  58  66  68  65  63  65  69  76  80  80  86  96 101 101  96  94  98  99
 103 112 171 179 174 174 174 173 170 168 165 166 164 160 156 154 153 153
 156 157 155 159 164 172 171 173 174 177 178 177 176 178 179 179 177 177
 178 177 176 177 179 181 183 182 180 179 179 179 180 181 182 182 181 180
 179 178 180 183 183 183 182 179 178 177 174 170 168 170 169 171 169 169
 170  29]"
"[ 30  28 198 200 203 202 199 200 202 201 200 200 199 198 199 200 200 198
 197 171 143 127 117 110 104  98  92  92  91  88  86  86  81  80  81  83
  81  77  77  81  83  76  79  79  77  84 108 145 179 192 191 190 169 116
 120 133 140 142 146 145 138 124 116 108 104  99  93  90  88  87  84  81
  81  84  84  81  77  74  75  78  72  68  66  58  52  53  55  57  56  59
  59  60  67  73  75  76  76  73  65  55  41  30  32  37  46  55  53  48
  50  54  59  61  62  61  64  72  78  80  87  99 100  99  97  96  96  97
 102 110 172 183 176 174 173 172 169 168 168 170 170 166 160 156 155 155
 155 157 156 155 161 172 169 173 174 176 176 176 176 178 180 179 177 177
 177 175 175 175 178 180 182 181 180 179 180 180 181 182 184 183 182 181
 179 179 181 183 182 181 180 179 176 173 170 168 171 171 169 171 170 171
 172  30]"
"[ 29  28 199 202 204 202 200 198 201 198 197 197 198 199 200 201 201 201
 204 183 154 130 122 122 107 102  97  95  94  91  87  85  81  79  80  83
  81  77  74  74  69  75  82  80  77  75  73  78 105 128 145 146 130 102
  92 115 137 143 141 141 139 128 119 109 105 103  99  94  89  86  85  85
  78  81  80  78  78  77  78  82  82  77  74  65  59  60  58  55  54  58
  59  60  64  67  68  69  72  72  68  61  46  31  30  34  41  44  38  37
  41  45  52  59  62  61  63  69  75  79  88  99  98  96  95  95  96  97
 102 108 166 185 178 174 173 171 171 171 170 169 166 162 159 156 155 154
 153 155 155 152 158 171 168 173 172 174 175 176 178 180 180 179 179 179
 178 176 175 175 178 180 180 180 180 180 180 181 181 181 184 182 181 180
 180 180 181 182 179 177 175 174 172 170 170 171 171 171 167 168 168 169
 171  28]"
"[ 29  29 199 202 203 201 202 199 197 196 197 200 202 201 199 199 201 201
 204 206 189 156 130 129 121 112 101  95  95  96  92  87  83  82  82  83
  83  81  76  72  74  77  77  81  83  78  77  76  77  73  74  76  79  86
  71  83 128 143 143 139 133 125 118 112 104 103 101  96  92  88  86  86
  83  85  84  83  84  81  76  77  77  79  83  79  75  74  68  63  65  66
  66  67  68  66  66  69  74  70  66  66  56  40  36  39  33  36  34  35
  42  50  55  58  62  67  72  74  75  77  86  96  98  91  87  89  94  96
  97  97 145 180 181 179 177 174 173 172 171 168 164 161 160 159 158 156
 152 154 155 151 156 171 169 173 172 172 174 176 178 180 180 179 181 180
 179 177 176 177 179 181 181 181 181 179 179 180 180 179 181 179 178 179
 180 181 180 180 177 174 172 170 168 167 169 172 169 171 169 168 164 166
 169  29]"
"[ 29  29 199 202 201 200 204 202 198 197 197 200 202 202 200 199 201 199
 191 196 194 180 150 137 130 122 108  96  93  96  96  94  86  85  83  82
  83  83  80  76  75  80  77  79  81  78  80  78  77  75  80  82  83  81
  75  79 107 129 140 140 131 123 114 108 106 102  98  96  96  94  90  86
  85  84  83  82  83  81  76  74  72  79  83  77  74  74  70  69  72  73
  74  77  78  74  72  75  77  76  71  69  67  63  58  50  30  28  34  42
  52  60  62  66  72  78  81  80  79  81  87  95  99  94  87  86  89  88
  88  90 124 173 183 180 179 176 174 171 169 169 168 166 164 163 161 159
 154 154 155 153 155 169 172 174 174 174 174 175 178 179 180 180 180 179
 178 177 178 179 181 182 182 182 181 179 178 181 183 183 183 180 179 180
 180 179 177 175 174 173 171 171 169 168 169 172 171 172 169 169 167 169
 171  29]"
"[ 30  30 199 202 201 200 206 201 201 198 197 198 200 201 200 200 196 204
 199 197 193 193 170 147 127 126 120 112 105 101  99  97  90  88  86  84
  82  80  79  80  81  81  80  82  84  80  80  82  79  81  85  85  87  81
  81  81  91 114 136 144 138 132 119 115 108 102  96  97 100 101  95  90
  88  86  86  87  88  88  87  85  77  84  83  75  77  77  71  72  70  73
  76  79  81  79  77  78  78  83  79  74  77  83  81  69  50  36  42  48
  54  64  67  75  84  86  87  86  86  85  89  96 100 100  93  87  84  81
  82  90 107 168 182 179 179 177 176 173 167 167 167 166 165 164 161 159
 156 154 153 153 152 166 174 174 176 175 175 177 179 180 181 181 179 178
 177 178 179 180 181 181 181 183 182 180 179 182 184 185 184 183 181 180
 179 176 173 171 172 171 171 171 170 169 170 172 171 170 166 167 169 172
 172  27]"
"[ 29  30 200 204 203 201 205 198 199 198 197 199 201 201 199 198 201 199
 195 196 196 201 185 160 130 127 123 118 112 106  99  96  95  93  91  89
  83  77  78  82  81  79  82  80  81  81  76  79  82  88  88  83  81  81
  79  80  83 103 127 136 127 121 109 110 103  97  91  92  96  98  94  88
  85  84  89  93  93  94  93  89  81  83  74  64  72  79  74  75  75  78
  77  76  78  81  81  81  79  80  79  82  86  88  90  88  90  71  68  55
  50  65  68  72  83  88  93  95  91  85  87  96  98  98  89  80  79  74
  76  86  94 161 180 180 182 182 181 176 172 169 167 167 169 168 164 159
 158 155 152 154 151 163 175 173 173 174 176 179 181 181 180 180 179 178
 177 178 180 181 181 180 180 183 184 181 179 180 181 180 182 181 180 179
 177 174 172 171 171 170 170 168 167 167 167 168 168 171 169 170 170 172
 173  29]"
"[ 30  28 196 198 201 201 202 200 199 200 200 200 199 199 197 196 199 200
 198 196 197 196 186 173 138 134 124 122 116 112 104  96  91  91  90  82
  74  76  81  80  79  79  80  82  80  77  75  77  82  87  86  82  84  83
  79  78  75  77 101 131 124 117 112 109 104  98  93  93  94  94  92  90
  88  87  88  92  93  94  92  90  82  70  63  65  75  75  76  77  82  80
  78  76  76  79  82  80  78  78  79  80  83  87  89  91  95  94  88  69
  58  61  64  70  78  85  89  98  98  85  84  88  90  90  80  73  78  78
  82  96  97 155 185 182 183 184 180 179 175 171 170 168 167 167 164 161
 158 153 153 155 152 155 174 172 172 175 178 180 180 180 180 179 180 180
 179 179 179 179 179 179 179 180 181 182 182 180 179 180 182 181 179 175
 172 171 171 171 171 171 170 168 167 167 168 168 169 168 170 168 172 172
 173  29]"
"[ 29  29 198 200 201 200 201 200 197 198 200 200 200 199 198 197 195 198
 199 197 196 196 192 186 169 139 123 128 125 114 108 100  94  88  87  87
  81  77  78  79  78  78  79  81  80  77  77  78  82  85  84  81  83  82
  79  77  77  73  84 118 122 120 111 105  97  96  94  91  90  89  90  90
  89  89  92  94  94  93  91  88  71  64  62  66  77  76  77  79  88  85
  83  80  78  80  82  81  80  80  79  80  81  83  86  88  92  95  99  94
  83  73  64  63  73  78  89 104 106  90  82  85  89  86  76  73  79  85
  92 104  95 153 181 180 181 181 180 181 180 173 171 168 166 167 164 162
 159 157 156 155 151 155 175 174 172 174 176 178 179 180 181 181 178 178
 178 178 178 179 179 179 181 180 179 180 180 179 179 180 180 178 175 172
 170 170 171 170 170 171 171 169 167 168 171 174 170 168 170 168 170 171
 171  29]"
"[ 28  29 200 201 201 200 201 200 198 200 201 201 201 201 200 200 199 202
 203 200 198 198 198 198 185 164 145 132 127 121 117 103  98  89  86  88
  85  79  76  76  79  78  79  80  80  80  80  81  81  82  80  80  83  82
  79  78  79  72  68 104 120 122 110 101  94  94  93  90  87  87  89  90
  89  90  93  96  95  95  94  92  76  68  62  61  68  69  75  80  89  87
  86  84  80  79  81  81  81  80  80  80  79  80  84  88  92  94  97 102
  99  87  73  63  66  70  89 111 115  99  87  92  88  84  80  82  89  94
  97 101  96 155 181 180 183 181 181 183 179 173 172 169 169 171 170 169
 164 161 157 154 154 160 175 172 173 174 175 177 179 179 179 179 176 176
 177 177 178 178 179 179 181 180 179 179 180 180 180 180 180 177 173 171
 171 173 173 173 172 173 172 169 167 167 169 171 171 169 170 169 169 169
 169  29]"
"[ 28  29 200 201 201 201 202 200 201 202 202 201 200 201 202 202 201 199
 198 198 199 199 198 197 196 182 156 141 141 127 114 106 101  96  89  85
  82  81  78  75  80  80  80  80  81  82  82  82  79  79  78  80  83  82
  80  79  80  78  74 109 134 130 115 102  97  93  90  90  90  89  89  90
  91  91  93  95  96  98  96  92  78  73  70  71  77  76  80  84  86  85
  86  86  83  82  82  82  81  80  79  80  81  82  86  90  93  97  96 101
 104 100  94  83  70  68  85 106 115 105  90  92  90  86  86  91  97  98
  94  89  99 161 185 183 185 182 181 181 182 177 176 173 171 171 168 167
 165 161 157 155 157 160 171 169 174 174 175 178 180 179 178 176 177 177
 177 178 178 179 180 180 181 180 179 181 182 181 179 178 175 173 169 167
 168 170 171 170 168 168 168 169 170 171 170 169 170 169 170 170 169 168
 168  29]"
"[ 28  29 200 200 202 202 202 199 201 201 201 200 200 201 201 201 197 194
 194 197 200 200 198 197 196 190 170 159 146 126 110 110 105 103  95  86
  83  84  82  80  81  82  83  84  86  86  83  80  78  78  80  81  82  81
  81  80  76  77  74  99 131 124 115 103 102  95  90  91  91  88  87  90
  91  90  91  94  97  98  93  85  74  71  71  74  82  81  82  84  87  86
  88  90  88  87  85  82  79  77  78  80  82  84  88  92  92 100 103 107
 106 102 103  98  91  82  89 101 110 107  94  90  91  87  88  93  96  96
  91  83 104 164 188 182 182 182 181 179 181 178 178 175 171 169 166 165
 163 162 159 155 154 153 164 171 173 172 173 176 178 179 178 177 179 179
 179 179 180 180 181 181 181 180 179 180 180 178 175 173 171 170 168 166
 166 167 167 167 167 168 169 170 171 171 169 166 169 170 171 172 169 170
 169  29]"
"[ 30  30 199 199 201 202 202 199 199 200 201 201 201 201 201 200 196 195
 196 200 201 200 199 199 192 196 190 176 145 130 122 114 110 106  98  92
  89  87  86  88  87  89  91  92  93  92  88  82  80  80  82  82  79  79
  80  78  78  78  75  90 129 126 121 112 105  99  94  92  90  86  86  90
  83  84  87  91  97 101  95  84  83  77  74  74  82  84  88  91  89  89
  91  91  90  89  86  80  76  76  77  77  80  84  88  91  93  99 104 109
 106  99  97  97 102  97  99 103 105 105 101  98  87  86  89  94  97  97
  93  87 107 161 188 181 180 183 183 182 181 177 178 174 171 171 168 167
 166 164 160 154 154 152 162 173 175 172 171 173 176 177 178 179 180 179
 179 179 179 179 179 179 182 179 177 175 174 172 170 169 171 172 171 169
 168 168 167 167 168 170 171 170 167 165 165 165 168 171 171 173 169 171
 169  29]"
"[ 29  30 199 198 199 201 202 199 201 201 200 200 200 201 201 200 196 196
 197 199 199 197 196 196 199 193 192 188 165 144 134 123 116 110 101  96
  95  92  90  94  97  98  97  95  95  95  90  84  83  83  83  81  77  77
  78  75  70  74  76  90 127 130 123 115 111 106 100  94  90  88  88  90
  82  84  88  92  97 102  99  89  80  76  74  76  85  87  90  92  92  93
  92  90  88  88  86  79  79  81  81  79  80  85  90  92  98  99 104 106
 105 103  98  97  96  97 100 102  99  98 100  97  83  87  91  95  98  98
  96  94 103 151 183 180 179 184 184 186 186 181 180 177 174 174 169 167
 169 167 163 155 158 157 163 172 175 172 171 174 177 178 178 180 179 179
 179 178 178 178 178 178 180 177 174 172 171 170 169 168 169 169 169 169
 168 167 166 165 165 168 170 169 167 166 167 168 168 172 171 171 166 172
 170  30]"
"[ 28  29 198 197 198 200 202 200 203 201 198 197 197 199 200 199 198 197
 197 197 198 198 197 196 196 194 196 194 180 152 140 136 121 115 104  97
  98  97  95  97 104 102  98  92  92  93  90  84  85  84  83  79  74  76
  77  72  68  72  72  81 115 126 124 122 117 113 104  96  93  93  92  89
  91  93  95  94  96 100  98  90  85  81  80  81  90  91  93  94  95  96
  94  90  87  89  87  81  84  87  87  83  83  89  94  97  94 100 108 104
 103 108 104 102  96  97  97 101  99  96  96  87  84  88  91  92  94  94
  95  97  96 138 177 179 178 184 182 186 185 180 179 179 179 179 174 169
 166 170 169 159 160 158 163 173 172 170 171 176 180 181 181 182 180 179
 179 179 178 178 178 178 176 174 172 172 172 171 170 170 168 168 169 169
 169 169 168 167 168 169 170 170 170 169 167 166 169 173 170 169 164 172
 171  30]"
"[ 29  29 200 200 200 200 202 202 202 201 199 197 196 199 201 199 196 200
 201 197 196 198 198 197 199 194 195 192 190 180 146 141 131 125 113 102
 100 109 116 111 114 105 102  98  95  96  92  87  87  83  80  80  78  76
  76  78  73  74  74  73 108 131 121 117 109 105 101  96  89  93  93  98
  97  98  96  93  98 104 101  92  87  83  82  88  94  93  93  98 100  99
  97  95  95  96  96  95  87  88  89  90  92  95  95  94 102 108 110 106
 104 105 107 109 104 103 102 102  99  95  91  89  93  96  92  88  89  90
  91  94  89 141 179 181 185 187 184 187 184 183 181 180 179 179 177 173
 167 166 163 160 162 159 158 173 171 173 175 179 180 179 180 179 181 180
 178 177 175 174 176 178 174 173 172 171 169 167 168 171 167 166 165 166
 167 167 168 169 168 169 170 171 170 169 168 167 171 171 172 173 168 169
 173  30]"
"[ 31  29 198 198 199 199 203 203 201 201 202 202 200 200 200 196 195 198
 199 196 194 195 196 196 195 194 197 195 193 193 163 142 134 126 114 104
 109 115 119 120 114 106 103 101  97  97  94  91  87  85  84  82  77  73
  75  78  76  73  74  71  87 116 131 122 109 104 101  98  89  88  85  88
  94  96  94  91  95 102 101  94  86  84  85  91  95  94  93  97 102 102
 100  98  96  96  96  95  87  88  88  89  91  93  95  95 105 110 109 105
 104 105 106 107 107 105 104 103 101  98  96  95  94  96  91  85  83  83
  85  89  82 128 178 185 181 184 186 183 182 182 181 180 180 179 176 172
 173 174 169 162 160 157 157 170 171 173 174 179 180 178 179 178 179 178
 177 175 173 171 170 169 170 169 169 168 167 167 167 169 165 164 165 166
 168 169 170 171 168 169 171 171 170 168 167 166 170 170 170 171 166 168
 171  28]"
"[ 30  28 196 196 197 198 200 200 200 200 200 199 197 198 199 197 195 197
 197 196 194 194 195 196 193 192 196 194 191 200 186 160 138 130 125 119
 131 131 122 120 112 104 103 100  96  94  93  93  87  86  85  84  80  77
  78  82  79  73  73  67  67  91 123 122 111 103  99  96  88  86  82  85
  85  88  87  86  89  96  95  90  85  86  88  91  94  94  95  99 102 103
 102 100  97  96  95  94  91  90  90  91  93  95  98 100 108 110 108 104
 103 104 105 105 109 108 107 106 104 102 100 100  95  95  90  83  81  81
  85  89  80 119 175 186 181 184 187 182 183 183 182 181 181 179 177 174
 172 176 174 164 159 154 153 161 173 174 175 179 180 178 180 180 179 178
 176 174 174 174 171 168 167 168 168 167 167 168 167 167 165 165 166 167
 167 167 168 169 167 169 171 171 169 167 167 167 169 170 168 170 166 168
 171  28]"
"[ 28  27 195 196 198 198 198 196 211 209 206 202 198 198 200 199 197 196
 196 196 196 195 196 197 195 192 194 195 190 196 196 183 149 139 139 132
 139 136 125 120 113 107 106 101  95  95  95  95  89  86  83  84  84  83
  81  81  79  75  71  67  64  73  98 114 112 106 104 101  96  94  88  85
  77  79  80  82  85  87  85  83  83  88  91  93  94  95  97 102 102 103
 103 102 100  98  96  94  94  92  92  93  95  96 100 105 109 109 105 102
 103 104 104 105 108 108 109 109 106 104 101 101  96  94  89  83  82  83
  87  91  90 122 169 183 185 187 185 187 185 184 182 180 179 178 177 175
 174 178 177 169 164 158 155 161 174 175 175 179 180 178 181 183 184 182
 178 173 171 172 170 166 166 168 168 167 166 167 167 165 166 166 166 166
 166 165 165 166 166 168 170 170 168 166 167 167 168 169 167 169 168 170
 172  29]"
"[ 29  28 197 199 201 200 200 197 195 195 196 197 196 198 200 199 198 196
 195 196 197 196 196 196 195 194 194 196 195 192 195 192 160 142 145 142
 137 129 120 117 112 107 106 100  94  95  95  93  89  86  83  83  84  83
  80  78  80  75  73  72  70  69  79  99 112 110 108 101  98  98  93  86
  78  76  78  83  85  82  81  82  83  90  95  97  97  97  99 103 104 104
 104 105 104 102  97  93  91  90  91  92  93  95  99 104 106 104 101 100
 103 104 104 105 107 108 109 109 107 105 103 103 102  98  93  90  88  89
  92  93  99 120 163 187 188 188 185 188 184 183 181 180 179 177 176 176
 180 179 177 171 166 162 159 164 170 173 174 178 180 178 180 179 179 178
 174 169 167 167 167 165 163 166 167 165 164 165 165 164 165 165 166 166
 166 165 166 167 167 168 168 168 166 165 166 167 167 169 167 168 169 171
 171  29]"
"[ 30  29 197 199 201 201 202 200 196 195 197 197 196 196 197 196 197 195
 194 195 197 197 196 195 194 195 193 193 197 194 195 195 177 147 141 147
 138 127 117 113 110 104 103  99  93  94  92  89  87  86  86  85  84  82
  81  82  83  77  77  76  68  68  70  77 100 107 115 107 105 105 100  90
  85  80  80  85  87  83  82  85  88  93  97  97  97  97 101 107 105 105
 104 105 106 103  97  91  88  89  90  92  93  95  98 101 101 100  98  99
 104 105 104 106 107 109 110 108 106 106 106 107 105 100  97  96  94  95
  97  96 100 107 149 193 188 186 185 185 182 182 183 183 182 179 178 177
 180 178 176 173 171 166 160 161 167 172 175 179 181 179 178 174 169 170
 170 167 165 166 166 165 161 163 165 164 163 164 165 166 166 166 166 166
 167 167 167 168 170 169 168 167 167 167 167 167 169 171 167 168 169 171
 171  29]"
"[ 29  29 199 199 200 200 201 200 196 194 195 196 195 197 199 199 194 194
 195 195 196 196 195 194 192 192 194 191 195 194 196 195 196 164 141 144
 136 130 121 119 113 104 104 103 100  97  92  89  84  85  87  86  84  82
  82  84  84  81  76  75  66  64  63  59  65  88 114 113 110 105  97  84
  87  83  83  86  88  86  85  86  90  94  96  97  97  97 101 109 105 103
 102 103 103 101  95  89  88  90  92  93  94  96  97  98  98  97  97 100
 105 105 104 106 108 110 111 110 108 107 108 109 103  98  97  97  94  95
  96  95  95  94 126 187 189 186 182 184 182 183 184 185 184 181 180 180
 180 180 181 180 178 175 165 160 165 172 175 178 180 181 179 173 170 171
 171 169 167 164 164 164 165 165 165 165 165 165 166 168 168 167 166 166
 167 167 168 169 172 170 168 168 168 169 168 167 169 172 167 167 169 170
 170  30]"
"[ 29  29 199 200 200 199 199 198 196 193 194 195 195 195 196 195 191 193
 195 194 194 194 194 193 191 189 197 195 194 191 193 192 197 178 152 148
 136 132 121 119 114 102 102 106 103  97  91  89  84  84  85  84  82  80
  79  79  82  86  73  74  68  61  60  56  56  83 115 114 109 104 101  94
  86  84  84  87  89  88  86  84  84  90  97 101 101  98  99 104 104 102
 101 101 101 100  94  89  87  90  93  93  94  96  96  95  96  96  97 101
 106 105 104 106 108 111 113 112 110 109 108 108 105 100 100 100  96  95
  97  96  93  90 106 175 191 188 179 186 182 182 182 183 181 179 178 180
 181 182 183 179 179 179 170 162 166 172 174 175 178 182 181 174 170 170
 170 169 168 166 166 167 169 167 166 166 166 165 166 168 167 165 165 166
 167 169 170 171 171 169 167 167 168 169 168 167 168 170 165 165 167 169
 170  30]"
"[ 29  29 198 200 201 195 199 194 195 191 194 196 193 194 197 194 192 196
 195 193 194 192 190 192 193 194 195 194 192 191 192 192 194 183 153 144
 144 131 126 123 117 112 112 108 106  98  93  93  85  85  84  80  76  75
  76  77  80  75  73  72  65  56  54  55  53  62 105 124 114 107 100  99
  93  90  90  91  91  90  88  85  81  84  90  99 102  97  95 100 101 102
  99 101 104  94  94  92  88  92  92  91  91  92  94  97  92  94  96  98
 101 104 105 104 106 110 111 112 113 108 104 106 107 107 104  99  95  95
  97  99  97  95  96 163 183 191 184 187 178 181 180 183 180 182 180 182
 181 183 183 181 179 177 169 160 162 170 176 173 177 178 169 168 169 170
 169 167 166 168 168 168 167 168 167 167 166 167 166 166 166 166 166 167
 167 168 169 170 170 166 166 169 170 168 167 169 171 169 166 166 166 169
 170  30]"
"[ 29  30 193 194 196 195 195 185 195 192 195 195 190 190 191 187 194 195
 193 191 191 188 188 193 193 194 195 194 191 189 188 188 195 187 160 143
 140 128 123 122 122 118 118 112 109 101  96  95  91  88  84  80  78  77
  75  73  73  71  71  69  61  53  51  53  54  50  78 117 125 109  98  97
  98  95  95  96  92  89  89  88  88  90  92  96  99  97  96  99  98 101
 102  99 100  95  93  88  90  91  91  90  91  90  90  91  93  94  95  96
  98 101 102 102 105 109 110 110 111 108 106 108 112 109 106 103 101  99
  97  95  99  93  86 114 147 175 191 190 187 182 183 177 181 181 181 181
 181 181 179 179 183 184 175 165 160 165 176 175 170 169 167 170 167 167
 166 164 164 165 167 167 166 166 166 165 165 166 167 167 163 164 166 167
 167 167 168 169 169 166 166 168 169 168 169 170 172 169 167 167 166 168
 168  28]"
"[ 30  29 184 180 180 186 185 176 175 176 180 182 180 183 185 182 181 182
 182 183 183 179 178 182 188 190 191 189 186 182 181 181 187 187 171 148
 143 131 124 125 123 121 122 113 109 101  96  93  89  88  85  82  78  75
  72  70  68  66  65  63  58  54  54  54  55  54  67 110 130 112 102 101
  97  95  99 102  97  92  90  89  94  95  94  92  93  94  94  95  96  95
  98  94  97  99  97  90  89  88  86  87  90  90  89  90  92  93  93  94
  96  98 100 101 105 109 109 108 109 109 109 111 114 110 106 105 105 102
  99  97 100  99  93  87  99 119 159 187 189 180 181 178 181 180 181 181
 181 180 179 178 180 183 179 173 165 161 169 173 168 166 167 167 167 166
 164 163 163 164 166 167 166 166 165 164 163 163 164 165 162 164 167 168
 168 166 167 168 168 167 167 167 168 169 169 170 170 168 167 168 168 169
 169  28]"
"[ 29  29 179 174 169 177 176 173 176 177 179 177 174 175 175 172 174 175
 177 179 180 177 174 174 178 180 181 180 177 174 173 173 175 180 173 147
 141 132 125 126 125 124 125 114 108 102  96  92  85  86  85  82  79  75
  72  70  63  57  53  51  51  53  54  52  54  53  52  85 120 119 107  98
  94  89  94 103 101  96  94  92  95  97  95  93  94  94  95  96  95  89
  95  94  95  96  94  90  89  87  84  84  88  89  89  92  92  92  93  93
  94  96  99 101 104 108 109 107 108 110 113 114 113 110 108 107 106 103
 101 102 104 104 103 102  96  94 111 143 174 181 184 187 179 179 178 177
 176 177 177 176 177 179 177 174 171 163 164 169 170 170 168 166 168 165
 163 163 164 165 165 166 165 165 165 165 164 163 163 164 165 166 168 170
 169 167 167 167 168 169 169 168 168 169 169 169 165 165 166 169 169 171
 170  29]"
"[ 29  29 180 179 173 178 175 174 177 179 180 178 177 179 180 179 180 179
 179 178 179 180 178 174 175 177 178 177 176 174 174 175 174 177 173 149
 140 135 129 132 127 126 125 113 106  99  93  89  88  86  82  80  79  78
  74  70  69  64  60  58  59  62  64  63  58  54  48  67 105 121 111 100
  96  84  87 100 103 101 100  97  97  98  97  94  93  91  90  91  92  89
  98  99  99  98  96  94  90  89  86  85  87  87  88  91  93  93  93  93
  93  94  96  99 102 105 108 107 107 110 114 114 114 111 109 109 108 106
 105 105 104 103 101 105 104 100  91  99 115 138 152 169 168 167 172 169
 170 171 172 174 176 175 171 167 169 168 164 166 170 169 167 168 167 164
 162 162 164 165 164 162 164 165 166 167 167 166 166 167 168 167 168 169
 169 168 168 168 168 169 169 168 168 168 168 167 163 164 166 169 169 170
 169  29]"
"[ 31  28 177 179 177 181 177 177 179 180 180 178 178 178 179 179 179 178
 178 177 178 181 180 173 176 177 178 178 178 178 179 179 175 177 175 161
 147 143 137 138 130 127 124 111 104  97  90  86  89  86  81  76  73  73
  72  71  70  69  69  67  64  64  66  67  55  55  53  55  83 116 117 105
 100  86  90 107 110 105 102  96  94  96  94  91  90  89  89  90  91  89
  92  91  95  97  94  87  86  89  89  87  87  86  86  88  91  91  93  93
  93  94  96  99 100 102 105 106 105 108 111 111 110 107 106 108 111 110
 108 106 106 110 110 105 105 103 101 104 103 109 124 154 177 169 171 169
 171 170 170 169 167 166 165 164 166 169 164 163 168 166 165 167 166 164
 162 162 164 166 164 161 165 165 166 168 168 167 166 167 168 167 166 167
 168 168 168 168 167 168 168 168 168 168 167 166 165 166 167 169 167 168
 168  28]"
"[ 31  27 176 176 177 180 178 179 177 179 179 179 180 179 178 179 177 175
 175 176 176 179 180 176 175 175 175 176 177 178 178 178 174 173 173 170
 151 145 138 137 133 127 122 110 104  97  91  87  84  83  79  73  67  66
  67  69  72  72  74  73  67  64  65  66  61  58  56  52  71 111 127 116
 102  90 100 118 118 107 100  93  87  90  87  83  85  91  94  94  96  94
  92  91  97  93  90  84  85  91  92  89  88  88  88  89  90  91  94  95
  95  95  97 100  98  98 102 104 103 105 108 107 106 105 104 105 108 109
 108 106 105 107 109 109 108 104 106 107 104  95  99 125 164 173 171 172
 172 171 168 165 161 160 162 166 165 165 161 163 166 164 165 163 164 165
 165 162 163 166 166 162 167 165 165 167 167 166 164 164 166 166 166 167
 168 167 167 167 166 166 166 166 167 167 166 166 166 167 167 167 164 165
 166  28]"
"[ 28  29 180 179 180 181 178 179 178 179 179 180 181 177 174 175 181 174
 172 171 169 173 179 179 177 177 177 178 179 180 180 179 178 174 171 173
 149 142 136 136 130 122 117 105 100  93  88  84  81  79  76  71  68  66
  65  65  75  73  74  74  69  65  65  64  67  60  60  57  56  83 114 122
 105  95 106 124 119 106  99  94  87  88  80  71  73  81  84  82  76  82
  86  93  96  83  83  85  90  96  96  91  89  89  90  90  93  94  97  98
  97  94  95  97  98  96 100 104 102 103 106 106 107 108 107 104 103 103
 105 105 106 105 103 110 108 108 110 110 107 106  99 102 135 174 171 171
 169 166 165 165 165 165 164 165 164 162 162 167 163 160 166 163 162 166
 166 162 162 166 166 164 167 165 164 166 167 166 165 165 165 166 167 168
 167 166 165 166 166 164 164 165 166 166 165 165 165 165 165 164 160 162
 165  28]"
"[ 30  30 183 183 180 178 180 180 178 180 179 178 181 181 177 173 175 175
 173 173 176 178 179 180 179 180 180 179 178 177 178 179 174 176 172 174
 159 138 137 134 131 127 119 109  99  94  90  84  81  78  72  70  74  78
  78  77  79  77  75  74  72  67  62  61  58  59  60  59  62  74 100 124
 109  97  98 125 124 120  96  96  89  88  87  74  69  68  55  51  49  55
  58  62  66  67  75  92  99  98  96  92  92  90  89  96  95  94  95  95
  94  93  95  96  95  97 100 102 102 102 102 102 106 105 104 104 106 106
 105 105 104 105 105 106 108 111 114 114 110 109 108 104 115 159 165 160
 165 165 166 167 167 166 164 161 162 164 166 165 164 163 163 164 165 165
 164 164 166 168 166 164 166 164 164 167 167 166 165 166 167 167 167 167
 165 162 162 164 164 165 165 164 165 166 165 162 161 162 164 163 162 162
 161  29]"
"[ 28  29 183 183 180 178 180 178 179 180 179 178 181 181 176 172 175 176
 175 175 178 180 179 180 179 179 179 179 178 178 178 179 178 177 174 179
 169 146 141 134 136 125 113 105  99  94  87  80  82  80  74  72  76  80
  80  80  80  77  75  73  71  68  65  62  58  62  61  60  62  66  85 124
 116 102  99 117 129 126 102  91  91  86  83  74  72  73  60  55  45  48
  49  52  56  56  63  77  98 103 101  98  97  95  93  95  95  91  90  92
  93  94  95  95  96  97  98  98  98  98  99 101 103 103 104 105 105 105
 105 105 105 104 104 105 106 107 109 111 110 110 109 105 110 151 164 159
 164 164 165 166 167 166 164 162 163 165 165 165 164 163 164 165 166 166
 166 166 166 166 166 164 164 163 163 165 166 166 167 168 164 164 166 168
 166 163 162 163 163 164 164 163 163 165 164 162 161 162 163 163 162 162
 161  29]"
"[ 29  29 182 181 178 178 180 178 180 180 179 179 181 181 176 172 175 176
 176 177 180 181 179 179 181 181 180 180 179 179 178 178 179 175 175 180
 175 151 146 138 135 123 112 105  99  91  84  77  78  80  79  79  81  82
  80  80  78  74  73  72  68  68  67  63  63  68  64  62  61  57  67 120
 127 113 104 107 126 126 109  97  84  84  88  82  77  74  66  65  56  57
  55  56  58  56  57  65  75  94 104 107 103  97  98  97  95  89  89  93
  94  96  98  97  97  96  96  96  96  98 101 104 103 104 104 104 104 104
 105 105 106 104 104 106 105 104 105 108 108 110 111 107 106 142 165 161
 162 162 162 163 164 165 163 161 163 163 164 164 164 164 164 165 164 166
 167 166 165 164 163 163 162 162 163 163 164 166 167 168 162 163 165 168
 167 164 162 162 162 163 162 161 161 163 163 162 160 160 161 161 160 161
 160  28]"
"[ 30  29 180 178 175 177 180 179 180 180 179 179 181 181 177 174 174 176
 176 176 179 180 179 179 181 181 181 180 179 179 179 179 179 174 175 179
 176 153 150 144 133 122 111 105  98  92  87  82  79  82  84  85  85  83
  80  80  75  72  72  70  65  67  69  64  63  66  62  63  62  58  62 117
 121 112 100  96 117 120 112 106  90  85  84  80  78  76  70  67  62  60
  57  58  59  54  51  52  51  64  71  85  95  97 102  98 105 100 100 101
  98  96  97  95  94  93  92  93  95  97 101 104 103 103 103 103 103 103
 104 104 104 104 105 106 105 104 104 106 106 110 113 112 106 137 166 162
 161 161 160 161 162 164 163 161 161 161 162 163 164 165 165 165 162 163
 165 165 164 162 161 161 161 162 162 162 162 163 164 165 163 163 164 166
 166 164 162 162 161 162 162 161 161 162 163 163 160 159 160 160 160 160
 159  28]"
"[ 30  28 179 176 174 177 180 178 179 179 177 177 180 181 178 177 176 177
 176 176 179 180 179 179 178 179 180 179 178 178 179 181 180 174 176 179
 179 158 152 142 131 120 108 100  97  98  98  94  89  90  89  87  86  84
  82  84  77  73  74  71  66  68  71  67  65  63  62  65  63  61  61 100
 123 126 113 102 115 117 108 100  96  90  88  85  80  76  69  64  63  61
  58  59  60  57  53  51  49  49  48  63  78  90 108 112 115 110 108 107
 104 101 100  98  95  93  93  95  96  96  98 101 100 100 101 102 104 104
 103 102 100 104 106 105 104 105 106 105 106 109 115 116 109 134 164 159
 162 161 160 160 162 163 163 161 162 162 162 164 165 166 165 165 160 162
 164 165 165 163 162 161 161 162 163 162 161 162 162 162 163 163 164 165
 165 164 162 161 162 162 162 161 161 161 162 162 160 159 159 160 160 160
 160  30]"
"[ 29  29 180 178 177 179 180 177 177 177 176 176 179 180 178 179 180 180
 178 177 178 179 178 179 179 180 180 179 177 177 177 178 179 174 175 179
 182 166 152 134 124 118 111 105 101 102 103 102  96  96  94  92  90  86
  83  83  81  78  77  75  71  72  73  70  70  65  65  67  63  61  56  74
 102 122 118 105 108 113 109 101  95  90  88  83  75  71  69  65  59  56
  55  55  56  56  53  50  54  53  55  67  74  80  97 107 116 114 111 109
 109 108 104 101  97  95  95  96  97  96  97  99  97  98 101 104 106 106
 104 101  99 104 106 104 103 106 107 105 105 107 114 117 112 135 164 159
 161 161 160 159 160 162 162 161 162 162 162 163 164 165 164 162 161 162
 163 165 166 164 162 161 161 161 162 162 162 161 161 161 160 161 163 164
 164 163 161 160 161 161 160 160 160 159 158 157 158 157 158 158 158 158
 159  30]"
"[ 29  29 181 179 178 180 181 177 177 177 176 177 179 179 178 179 180 180
 177 176 178 179 178 179 183 182 180 178 177 176 175 175 178 175 175 179
 182 174 156 135 123 122 122 118 110 105 104 105  97  98  97  96  95  89
  83  82  84  80  77  76  76  75  73  72  68  65  65  66  65  62  57  62
  81 108 117 109 107 105 104 101  96  84  73  67  64  67  69  62  58  57
  57  59  59  59  57  54  55  52  60  76  81  79  80  80 105 114 115 113
 114 111 104 102 100  97  96  96  96  94  95  97  97  98 101 104 105 104
 102 100 100 103 104 102 102 104 105 105 105 105 114 115 112 135 161 160
 159 159 159 159 159 160 161 161 162 162 162 162 163 163 162 161 162 162
 163 164 164 162 161 161 161 160 160 162 162 161 160 161 159 160 161 161
 161 161 160 159 158 158 158 158 158 157 155 154 155 154 155 155 154 154
 156  28]"
"[ 29  29 179 177 176 179 181 177 178 178 178 178 179 178 178 180 178 178
 176 174 176 177 177 178 182 180 178 177 177 177 176 175 178 178 177 179
 180 179 164 145 135 130 128 127 119 110 105 104 100  98  96  95  95  91
  86  86  83  79  74  74  77  76  72  71  70  69  66  65  65  60  57  59
  57  83 102 108 111 100  98  96  88  82  76  72  66  65  65  57  56  57
  60  63  63  63  62  57  56  57  73  88  90  86  82  81  85 105 115 116
 118 114 108 110 110 106 102 100  98  95  96  98  99 100 100 101 100  99
  99  99 102 102 102 101 100 100 102 103 108 106 114 112 110 131 156 157
 158 159 159 159 159 160 162 162 163 162 161 162 162 162 162 161 162 162
 162 162 161 159 159 160 161 159 159 161 162 160 159 160 160 161 160 158
 158 158 158 158 156 156 156 158 159 157 155 154 153 152 153 154 153 153
 155  28]"
"[ 29  29 179 177 177 177 178 180 180 179 180 179 177 178 179 179 179 178
 175 174 177 177 176 176 178 178 178 177 178 180 179 176 176 178 179 176
 175 173 163 148 142 136 131 127 121 116 111 108 105 103  96  92  93  92
  86  83  83  81  74  75  77  75  72  63  64  68  72  71  65  61  60  59
  57  75  80  99 108  96  96  95  89  82  79  73  65  65  65  59  60  62
  64  65  65  64  65  66  58  73  90  96  97  97  90  79  83  91 111 123
 117 114 115 112 113 108 103 102 101  97  95  98  99 101  98  99  96  90
  93  94 102 101 102  98  98 102 102 109 114 109 111 108 105 140 159 157
 159 159 159 159 161 161 161 163 163 162 160 160 162 163 162 161 162 162
 162 160 159 158 159 159 159 159 159 160 161 161 159 158 159 161 159 156
 158 158 157 155 153 154 156 157 158 157 156 154 154 152 152 152 154 153
 152  28]"
"[ 29  29 179 177 178 177 178 180 180 179 179 179 177 177 178 177 178 179
 178 177 178 177 176 176 179 179 178 176 176 178 177 176 175 177 178 176
 176 177 170 157 145 139 135 130 124 118 114 108 105 101  95  92  93  91
  86  83  81  80  75  76  77  73  71  64  67  70  71  69  64  61  60  60
  66  70  65  77  88  87  89  88  80  71  70  72  68  65  64  60  60  61
  63  65  66  66  67  69  75  86  99 105 103  99  94  87  87  88 103 121
 123 116 115 116 113 109 106 105 105  99  94  95  96  97  95  96  94  91
  95  96  94  97 100 100 102 104 104 108 115 107 109 108 104 142 159 159
 159 159 158 159 161 161 161 162 161 160 160 160 160 160 161 161 162 162
 162 160 160 160 160 160 159 158 158 158 158 158 158 157 158 159 157 155
 156 157 156 156 154 155 155 155 156 155 155 154 154 152 153 152 153 151
 151  30]"
"[ 29  29 179 177 178 178 179 180 180 178 178 178 177 176 177 177 176 178
 179 179 179 179 177 178 180 179 177 175 174 175 176 175 176 177 177 175
 176 178 173 163 151 145 139 134 126 121 116 110 105 101  97  96  96  90
  83  81  80  78  74  75  74  71  68  65  66  69  68  65  65  63  62  65
  64  65  64  70  74  74  74  72  65  61  64  69  67  64  63  61  60  60
  62  65  67  68  70  73  84  92 105 112 110 106 104 103 102  96 100 115
 123 120 117 118 117 113 108 106 105 100  94  92  92  92  90  91  91  91
  94  96  94  99  99 100 102 102 105 107 112 105 108 109 109 148 159 159
 160 160 158 159 161 161 160 161 161 160 159 160 160 158 159 162 161 161
 160 160 160 160 160 159 159 159 158 157 157 157 157 157 159 160 157 154
 155 155 154 154 155 154 154 153 153 153 154 154 154 152 154 153 152 149
 150  30]"
"[ 29  29 178 177 178 178 179 180 178 177 179 179 177 176 178 179 177 180
 180 179 180 180 179 179 179 179 177 175 174 174 175 175 178 177 176 174
 175 178 174 166 154 146 140 133 124 119 115 108 105 101  97  97  96  89
  83  83  82  79  75  73  73  72  69  65  63  67  64  62  66  65  63  66
  65  65  68  67  62  64  66  66  56  58  63  64  62  62  63  60  62  64
  66  68  69  72  78  84  94 100 111 118 116 112 110 109 109 105  99 100
 112 121 122 121 120 117 112 110 109 104  97  95  91  90  88  88  89  90
  91  92  94 102 101 102 102 100 104 105 107 104 108 106 120 155 158 156
 160 159 157 158 161 160 158 159 161 158 158 160 159 157 158 161 161 160
 159 158 158 158 157 156 158 157 157 156 155 155 156 156 158 159 157 155
 155 154 153 154 154 153 152 151 151 152 153 154 153 152 153 153 152 148
 148  29]"
"[ 29  29 178 177 178 178 178 179 176 176 179 180 177 176 177 179 181 182
 180 177 178 179 178 178 178 179 178 177 176 176 176 177 178 177 176 175
 176 179 178 172 158 148 143 137 127 121 116 108 105 100  95  95  93  87
  85  88  84  82  79  76  78  78  71  64  64  67  65  64  68  67  63  65
  67  63  66  64  60  64  65  64  58  60  62  61  59  60  61  60  63  65
  67  67  68  74  87  98 104 108 115 120 119 117 114 110 111 114 105  94
  98 110 116 118 117 116 113 110 108 104  97  94  93  92  90  87  88  89
  88  87  87  98 101 104 103 100 103 103 105 107 107 100 131 159 158 157
 159 159 157 157 159 158 156 156 159 156 155 158 158 156 156 159 160 160
 158 157 157 158 157 155 155 155 154 154 154 154 154 154 155 157 156 154
 155 154 154 155 153 152 151 150 150 151 151 152 152 150 150 149 149 147
 148  29]"
"[ 30  30 179 178 178 178 178 178 177 175 177 178 176 174 176 178 179 179
 177 174 176 179 178 178 178 178 179 179 179 178 178 179 179 178 178 178
 178 180 179 174 161 149 145 142 131 123 118 110 106 102  98  97  95  89
  85  86  86  84  83  80  81  81  72  64  67  69  68  68  72  72  69  69
  67  64  67  67  65  66  64  60  66  61  58  60  61  60  59  60  63  65
  65  66  69  80  96 109 109 111 115 118 119 121 119 113 116 122 117 105
 100 101 105 111 115 115 111 106 102  98  94  92  94  91  89  85  85  87
  84  82  86  96 100 100  99  99 102 105 107 109 104  98 139 159 159 159
 158 159 157 158 159 158 156 157 158 155 154 156 156 156 156 158 159 158
 157 157 157 158 157 156 153 153 153 153 154 154 154 154 155 156 155 154
 153 151 150 152 153 152 151 151 150 150 149 149 150 148 146 145 146 147
 150  30]"
"[ 29  29 179 178 179 178 178 178 179 174 174 176 175 175 176 178 176 178
 176 174 177 179 179 178 177 177 179 180 180 179 179 179 180 179 179 178
 177 178 178 175 165 150 144 142 130 121 118 111 108 104 100  99  99  94
  89  88  88  83  83  81  79  76  69  68  71  71  71  72  74  76  75  74
  72  69  67  66  64  64  66  66  68  63  59  60  61  58  57  59  65  66
  68  72  80  91 106 116 116 116 118 120 121 121 117 111 117 119 119 117
 111 104 100 102 110 113 113 108 103  99  95  95  93  90  87  81  82  86
  84  83  89  94  97  93  93  97 101 106 106 107 103 107 146 159 160 157
 157 158 158 158 159 158 157 159 159 157 156 155 154 154 155 156 156 156
 155 155 156 157 157 156 154 153 153 153 154 155 154 154 154 156 155 152
 151 149 148 151 153 152 151 150 150 150 148 146 148 147 147 145 146 148
 151  29]"
"[ 28  28 178 178 179 179 179 180 180 174 172 174 175 176 178 179 178 182
 181 178 179 180 178 176 176 176 177 179 180 179 178 178 178 178 178 178
 177 178 179 177 173 155 147 144 131 122 121 116 111 105  97  95  98  98
  97  98  91  83  82  80  76  71  67  73  76  74  73  72  73  75  76  74
  73  70  65  66  66  66  69  69  65  67  65  60  58  57  57  59  62  63
  67  76  87  98 107 113 118 117 120 125 126 124 119 113 117 114 114 118
 116 106  93  85  94 104 111 111 108 102  96  94  94  90  87  80  81  88
  87  87  87  90  94  90  91  97  98 104 103 103 103 119 151 159 159 153
 154 156 157 157 158 157 157 160 160 159 157 153 150 150 152 154 153 153
 153 153 154 155 155 154 154 153 152 152 153 154 154 153 152 153 153 151
 151 149 150 153 152 151 150 150 150 150 148 146 146 148 151 148 148 150
 151  28]"
"[ 30  29 175 179 180 175 179 181 183 178 173 173 175 176 177 178 179 178
 180 182 181 178 176 174 174 178 180 177 174 174 175 176 177 178 179 180
 179 178 177 176 172 162 147 138 135 126 127 123 112 108 103  97  97  99
  96  96  89  85  82  80  78  75  73  74  78  76  68  72  75  79  77  75
  74  69  65  66  70  73  73  73  65  64  61  57  53  53  56  59  63  66
  65  81  95 108 114 116 117 121 123 128 125 120 121 117 114 110 112 112
 122 124 105  97  83  82  91 104 109 104  95  94  93  93  89  85  85  84
  84  85  88  90  93  94  94  94  97  99 101  98 101 128 154 156 158 154
 156 157 157 156 157 159 160 160 158 158 157 155 154 154 153 152 153 153
 153 154 155 154 152 150 153 153 154 154 154 153 152 152 153 154 153 151
 149 150 150 151 153 151 148 148 148 148 147 146 147 148 148 150 151 149
 152  29]"
"[ 29  29 178 180 181 177 179 179 182 178 175 176 177 177 177 178 177 178
 180 180 178 178 177 175 175 175 177 179 177 174 173 175 175 178 179 178
 177 178 179 179 178 169 149 137 132 129 130 128 116 109 107 104 100  96
  91  90  87  86  84  84  83  81  78  77  77  78  71  75  79  82  78  75
  75  72  70  70  73  75  72  68  65  63  59  53  49  50  56  61  65  69
  64  89 101 110 115 116 121 122 123 128 127 123 122 116 112 109 107 103
 112 121 110 105  95  87  87  93 100 101  96  94  94  93  89  86  87  88
  89  90  88  90  93  94  94  95  96  98 101  99 102 139 154 152 154 159
 157 157 156 155 155 156 156 156 157 157 157 155 153 152 152 153 155 154
 153 152 151 149 147 146 152 152 153 154 154 153 151 151 151 152 151 149
 147 147 148 149 149 148 146 145 145 146 146 146 147 146 147 149 150 146
 148  27]"
"[ 29  30 178 179 179 176 178 178 181 179 178 178 178 177 177 178 175 177
 179 177 175 177 178 175 174 174 176 180 180 177 175 175 178 180 179 177
 176 178 179 178 179 175 153 139 131 134 132 131 118 108 108 109 102  94
  88  89  88  87  86  85  85  83  81  79  78  80  75  77  80  82  79  75
  70  70  69  70  74  76  71  65  66  65  62  56  51  52  58  64  68  71
  67  96 105 110 115 118 124 123 123 128 128 125 122 115 113 112 108 100
 104 111 108 111 108  97  90  89  95 100  98  96  94  93  90  88  91  92
  90  90  88  90  92  94  95  95  96  97 100 100 102 146 154 153 152 159
 158 157 155 155 154 153 153 154 154 154 155 155 153 151 152 154 153 153
 152 151 150 149 148 147 151 150 150 151 152 152 151 151 150 151 150 148
 146 146 147 147 149 149 148 147 146 146 147 148 147 146 146 150 151 146
 148  28]"
"[ 29  29 177 174 174 174 176 176 180 180 180 180 178 177 176 177 175 176
 176 175 174 176 177 175 174 177 179 179 180 181 179 176 179 179 177 174
 176 179 178 175 177 177 160 143 135 136 132 128 121 109 109 110 102  95
  92  92  92  90  87  83  82  81  81  81  79  81  77  77  78  78  78  76
  77  75  74  75  77  77  73  67  66  67  66  62  57  57  61  66  71  74
  79 101 109 112 118 123 126 125 126 128 128 126 122 116 115 113 112 107
 103  99  99 110 108 103  97  91  90  92  89  88  89  91  90  91  93  93
  90  88  87  90  93  95  95  96  98 100 102 105 109 149 154 156 154 154
 157 155 154 154 154 153 153 154 154 154 154 154 153 152 152 154 152 152
 152 152 151 150 150 150 150 148 147 147 149 150 151 152 151 150 149 147
 146 146 146 146 147 147 146 145 144 143 143 143 146 146 146 148 150 148
 151  29]"
"[ 29  29 177 173 173 174 175 176 179 180 180 179 177 176 176 177 177 174
 175 176 176 177 178 176 176 179 180 178 178 179 178 177 176 177 176 175
 176 178 178 176 176 177 167 146 139 136 132 125 125 113 112 111 103  98
  95  94  95  92  87  83  80  80  81  81  80  82  79  78  78  76  78  79
  79  76  75  79  82  80  77  74  69  70  67  62  57  57  61  66  71  76
  97 107 114 117 123 130 130 130 132 130 126 124 120 117 113 113 112 110
 105  97  95 103 105 105 104  96  90  88  82  78  83  86  87  88  91  91
  89  89  89  92  95  96  97  98 101 103 104 109 121 152 152 153 154 153
 154 152 152 153 154 153 153 154 155 154 153 154 154 153 152 151 152 152
 153 152 150 149 148 147 148 147 146 146 147 148 149 150 150 148 146 145
 145 146 145 144 145 145 144 144 143 143 142 141 145 147 146 146 148 150
 153  29]"
"[ 29  29 179 176 176 176 175 176 179 180 180 179 177 176 176 177 178 175
 175 178 178 178 179 178 179 178 178 178 176 174 175 178 176 178 180 179
 176 176 177 179 178 176 171 149 138 135 133 127 125 116 114 112 107 103
  98  95  94  91  88  85  83  80  80  81  81  83  82  82  82  77  80  82
  75  72  73  80  84  82  80  80  77  73  67  59  54  55  62  67  69  77
 110 112 118 121 126 132 133 132 134 129 123 121 118 116 114 114 109 107
 108 104  97  96 103 102 102  99  96  93  86  82  83  85  85  84  85  86
  87  89  91  93  96  97  97  99 101 104 105 103 123 151 152 152 152 153
 152 152 152 153 154 154 153 153 150 150 150 151 153 155 153 150 150 151
 151 150 149 147 146 146 148 148 148 149 149 148 147 146 148 146 144 144
 145 147 146 145 146 146 146 146 147 147 146 146 146 149 149 147 149 151
 154  28]"
"[ 30  28 180 178 178 178 174 176 179 180 180 179 178 177 177 177 179 177
 178 178 177 178 179 178 178 178 178 178 176 174 175 179 179 179 179 179
 176 174 175 178 178 175 173 156 141 138 136 131 125 116 113 113 111 105
  98  96  93  90  89  89  86  81  79  80  82  81  80  80  82  74  77  80
  81  79  78  82  83  82  79  79  81  76  67  59  54  56  62  68  71  82
 116 117 121 123 128 130 133 131 132 127 121 121 118 116 116 113 106 104
 109 108 100  95  97  93  93  93  94  94  89  88  89  90  88  84  84  84
  87  90  94  95  97  99 100 101 102 103 105 100 125 151 151 154 151 152
 152 152 152 153 154 154 152 150 145 146 147 148 152 155 153 148 148 149
 149 149 148 148 147 147 149 150 151 151 150 147 146 146 148 147 145 144
 145 146 147 146 146 146 146 146 145 146 147 147 150 153 152 150 152 153
 154  29]"
"[ 30  27 180 178 178 177 174 177 179 180 180 179 178 178 178 177 179 180
 180 177 174 176 178 177 176 179 180 177 176 178 179 179 179 175 173 174
 175 174 175 176 177 175 177 166 146 145 140 136 129 119 114 114 113 106
  96  96  95  91  90  91  88  81  78  80  81  77  74  74  77  68  71  74
  83  81  80  80  80  81  80  79  78  74  67  59  56  57  61  65  77  91
 118 123 123 124 130 129 131 128 129 124 122 124 120 118 113 109 102 104
 110 107 101 100  94  88  87  88  90  90  88  91  94  94  91  88  88  89
  91  94  97  97  98 101 103 104 104 104 107 106 135 155 147 154 149 152
 150 151 152 152 153 153 151 148 146 149 150 149 151 154 151 145 148 148
 148 148 147 147 147 147 150 150 150 149 147 146 146 147 148 148 147 145
 144 145 146 146 146 147 146 145 143 143 145 147 153 154 153 153 154 153
 154  29]"
"[ 30  27 175 174 178 179 178 176 179 178 178 179 179 178 177 176 180 179
 179 178 176 175 176 177 178 179 180 179 178 178 179 180 177 175 172 173
 176 179 181 181 178 180 176 175 150 144 140 131 129 127 117 116 112 109
 102  98  96  93  91  92  90  85  81  81  79  75  73  76  76  70  71  79
  80  82  82  79  79  81  79  74  75  70  65  61  56  56  62  66  69  98
 114 117 122 128 133 134 131 131 130 129 127 125 121 117 108 105 105 107
 106 105 103 101  94  88  83  83  85  86  89  92  94  93  93  92  91  93
  95  94  96 102 105 104 105 106 105 105 110 115 137 149 149 150 149 149
 151 149 149 150 151 152 151 151 148 149 149 150 152 153 150 148 146 147
 148 147 146 147 147 145 148 150 149 147 147 147 146 146 148 148 148 146
 146 147 147 145 145 147 149 149 150 151 151 151 152 155 153 155 156 160
 165  29]"
"[ 29  28 177 176 178 178 177 177 180 180 180 180 179 178 178 178 178 178
 178 178 177 175 174 174 178 179 179 179 178 178 179 179 177 176 175 175
 178 179 180 180 179 176 175 180 156 143 138 136 129 128 120 118 115 110
 104 100  96  93  92  93  92  87  83  81  78  73  73  76  75  72  73  77
  82  83  81  79  80  82  82  79  75  71  67  64  58  55  57  64  69  99
 116 119 122 127 134 138 135 134 131 129 127 124 119 115 112 108 104 101
  98  99  99  97  95  92  89  88  88  87  86  86  90  91  93  94  94  96
  97  95  97 105 108 107 106 107 107 107 111 121 139 144 145 151 151 149
 146 146 147 150 153 153 153 152 149 147 146 146 149 151 151 149 147 149
 149 149 148 148 148 148 151 151 150 149 150 148 146 147 152 152 151 150
 150 151 150 149 151 152 152 152 153 153 153 152 154 157 157 161 163 166
 169  30]"
"[ 29  29 179 178 179 178 177 177 179 180 181 180 178 177 178 180 178 178
 179 180 181 181 180 180 179 179 179 179 179 179 179 179 178 177 177 178
 179 179 179 178 179 175 174 180 157 140 132 131 131 131 125 120 118 110
 108 105  95  92  90  90  89  86  82  81  78  74  73  74  72  73  76  76
  81  82  82  83  84  84  83  82  76  74  66  65  58  54  55  67  79 102
 114 117 123 128 134 137 138 135 130 127 124 121 116 113 110 106 101  95
  91  94  96  95  98  96  94  94  94  92  86  80  82  84  87  90  92  96
  98  97 100 108 111 109 108 107 107 108 110 127 143 144 146 151 149 146
 147 147 148 151 153 154 154 154 152 150 147 147 150 152 153 151 151 151
 151 152 152 151 151 152 155 153 151 153 154 151 149 151 153 153 153 152
 152 152 151 150 155 155 154 154 155 156 156 154 156 158 158 163 167 169
 169  29]"
"[ 29  29 179 178 179 178 178 178 178 179 180 180 178 177 178 180 181 179
 178 178 179 178 178 178 179 179 179 180 180 180 180 179 179 179 179 179
 180 180 179 178 177 176 177 180 165 151 140 134 131 131 127 119 117 107
 107 104  94  91  89  88  86  83  81  81  79  77  76  73  68  73  79  78
  80  80  81  83  84  84  84  84  80  78  66  63  58  59  62  77  91 107
 113 117 124 129 133 135 137 133 127 123 121 119 116 115 107 103  98  94
  91  92  94  93  96  97  97  98  99  98  91  84  84  85  87  88  89  95
 100 102 103 109 112 110 109 108 108 108 116 137 152 153 153 153 151 152
 154 153 152 152 153 153 154 155 155 154 152 152 153 155 155 153 153 152
 153 154 154 153 153 155 156 154 152 154 157 155 153 154 152 152 152 151
 151 151 151 150 153 154 154 154 155 156 157 157 157 159 158 162 165 167
 168  29]"
"[ 29  29 178 177 179 179 179 179 178 179 179 180 179 179 179 179 180 179
 178 180 181 181 180 180 179 179 179 179 180 181 180 180 182 180 179 179
 179 180 180 180 178 178 178 179 173 163 147 137 134 135 131 124 121 110
 108 104  96  95  94  92  88  84  81  81  78  78  80  75  68  73  81  80
  80  80  80  82  83  83  85  87  83  81  70  64  61  65  70  84  96 111
 116 120 126 128 132 135 134 129 125 122 121 119 117 116 109 103  99  97
  94  92  92  93  89  92  95  96  98 100  98  95  93  93  93  90  88  92
  98 100 103 108 110 108 108 108 107 108 120 145 157 155 155 155 156 159
 159 158 156 155 154 153 154 155 154 154 154 154 154 154 154 154 153 152
 152 153 153 153 154 156 155 154 151 151 154 156 155 154 153 152 152 151
 151 151 150 150 151 152 153 153 153 155 157 158 159 161 160 163 164 166
 168  30]"
"[ 29  28 177 176 179 180 179 179 179 179 179 179 179 178 177 177 172 172
 173 176 179 180 181 181 180 179 179 179 180 180 180 180 181 180 178 178
 179 180 180 179 178 175 175 176 176 165 145 137 138 139 135 131 127 117
 111 105 100 100  99  97  92  86  82  81  77  79  82  79  74  76  81  82
  80  81  83  85  86  86  86  88  84  83  75  66  63  64  73  85  97 111
 115 120 128 130 131 131 129 126 123 122 120 117 115 114 112 104  99  99
  97  94  94  95  87  85  84  87  95 102 101  97  97  97  97  94  91  93
  97  97 100 104 105 105 107 107 105 105 118 145 156 153 153 156 158 157
 158 158 158 157 156 154 153 154 153 153 153 152 152 153 153 153 151 151
 151 152 152 153 154 155 152 152 149 147 151 153 152 151 153 152 150 150
 149 149 148 148 151 153 154 154 153 154 157 158 157 161 162 164 164 165
 167  29]"
"[ 29  28 178 177 180 180 179 179 180 179 179 179 178 177 177 177 178 177
 177 178 179 180 181 181 181 180 179 179 179 179 179 179 180 179 178 179
 180 180 179 177 175 173 173 175 178 168 148 142 138 138 131 130 126 119
 110 105 102 101  98  95  91  86  83  81  78  80  81  81  80  80  81  82
  81  83  85  86  86  86  87  88  86  82  79  66  59  56  73  89 101 112
 115 119 128 131 130 128 129 125 122 120 117 114 113 113 113 104  99  98
  98  97  96  96  91  86  81  83  91  98  98  95  98  99 100 100  99 101
 103 101  98 102 104 105 106 106 104 104 125 146 156 156 157 158 159 154
 154 155 157 158 156 154 153 153 154 153 152 151 152 153 152 151 149 150
 152 152 153 153 153 153 152 151 147 147 150 151 150 150 152 150 148 148
 148 147 147 148 151 153 154 153 153 154 155 156 156 160 161 164 165 165
 167  28]"
"[ 28  29 179 178 180 179 179 179 180 180 180 179 178 178 178 179 180 177
 175 174 176 178 181 183 182 181 180 178 178 178 178 178 180 180 180 182
 183 182 179 176 175 176 176 173 176 167 148 141 140 139 129 129 125 121
 113 108 102  99  94  90  87  85  83  81  82  81  80  81  83  81  80  82
  85  85  82  80  80  83  88  91  90  83  81  64  55  50  75  96 104 117
 120 120 125 128 130 132 132 127 121 118 115 112 113 115 113 105  99  97
  97  97  95  92  94  92  89  87  87  90  94  97  97  97  99 100 102 104
 104 101 100 104 106 107 109 107 105 105 137 148 152 156 158 156 157 155
 154 155 156 157 155 153 153 154 154 153 152 153 154 154 151 148 148 151
 153 153 154 155 154 152 153 150 147 149 152 151 150 151 152 149 148 148
 148 148 149 151 151 152 152 152 152 153 154 154 157 161 161 164 165 166
 168  30]"
"[ 30  29 178 181 180 178 179 181 184 182 180 179 179 179 179 179 180 168
 172 173 176 183 181 180 179 179 181 181 180 181 184 184 184 181 180 181
 183 182 180 179 182 181 179 182 182 172 161 138 143 144 135 129 123 117
 117 107 105 101  98  95  91  88  85  81  81  81  81  81  81  81  82  84
  86  83  82  81  80  84  89  89  89  87  83  67  61  58  81  96 106 114
 118 118 122 128 131 132 131 127 122 118 117 113 110 111 108 107 103  98
  97  98  95  89  89  91  94  96  94  93  94  96  97  93  93  96  98  98
 100 104 105 105 110 109 110 109 112 112 142 150 154 154 157 157 156 157
 156 154 154 156 156 154 153 155 153 153 153 153 154 155 153 152 150 151
 152 152 152 153 154 154 153 150 151 151 150 150 152 152 154 152 151 151
 151 151 151 152 149 151 153 153 153 153 154 156 157 160 162 164 167 168
 172  29]"
"[ 29  29 182 185 184 180 178 176 180 179 182 185 183 180 181 185 182 176
 183 181 176 180 180 183 181 182 184 185 184 185 188 188 185 185 187 187
 186 185 185 187 185 185 184 186 189 184 176 150 146 141 135 133 129 123
 118 110 106 103 101  98  93  90  87  84  82  81  80  81  83  85  86  87
  86  84  85  85  83  84  87  85  87  87  82  75  64  65  84 102 108 115
 119 119 121 125 128 130 129 130 126 121 119 116 112 110 105 104 102 101
 100  98  93  89  88  89  93  97  96  95  96  96  96  92  91  93  95  96
  99 102 103 107 111 109 111 109 107 112 146 152 155 154 156 156 154 155
 155 154 154 154 154 153 153 155 153 153 152 152 152 153 152 151 152 153
 153 153 152 152 152 152 151 150 151 151 149 149 152 153 153 152 151 151
 151 151 151 151 152 152 153 155 154 154 155 156 157 159 162 163 167 169
 172  28]"
"[ 29  27 182 184 184 182 183 181 181 182 184 183 178 175 178 183 186 185
 193 189 181 181 184 189 184 185 188 188 186 186 188 188 188 191 193 193
 193 193 195 195 189 189 190 190 192 192 187 161 139 132 133 135 130 123
 117 114 104 102 100  97  92  90  89  88  84  81  79  81  84  86  87  88
  86  86  88  88  86  86  87  85  84  83  79  76  66  64  81 100 109 115
 119 120 121 122 125 128 127 130 127 122 119 117 112 109 103  99  98 102
 104 102  97  95  93  89  92  95  93  94  96  96  97  94  92  91  93  96
  98 100 101 106 106 104 110 112 114 134 151 156 157 156 157 155 153 153
 155 155 154 153 153 153 154 154 153 152 152 152 152 152 152 152 153 154
 154 153 152 151 151 150 151 151 153 151 147 146 149 152 152 152 151 151
 151 151 151 151 153 153 153 155 156 155 156 157 157 159 161 164 168 169
 172  29]"
"[ 29  27 185 186 186 186 190 191 186 192 195 191 190 195 201 204 193 192
 197 194 190 191 193 196 194 195 198 199 197 197 198 197 196 195 195 194
 197 199 198 196 193 192 194 193 194 195 193 171 145 132 136 136 129 124
 116 116 106 102  98  94  90  88  89  88  86  83  81  82  85  87  88  88
  88  88  88  87  87  87  88  88  88  83  82  75  71  62  81  98 110 116
 120 121 121 120 122 126 128 128 125 121 119 116 112 108 102  96  92  96
 102 104 103 102  95  90  89  90  86  88  95  98  99  98  95  93  94  96
  97  97  99 106 105 105 112 111 115 142 153 156 158 158 158 157 154 153
 154 155 155 154 153 154 154 153 152 152 153 154 154 154 154 154 153 154
 153 152 151 151 151 151 152 152 153 151 146 145 148 151 152 153 153 152
 151 151 151 152 151 153 154 153 154 156 157 156 156 158 161 164 167 168
 171  28]"
"[ 29  29 194 195 194 193 197 197 197 202 202 198 196 199 201 199 200 198
 199 198 198 199 199 200 194 196 199 200 198 199 200 199 200 199 195 194
 195 197 195 192 195 193 197 196 196 196 197 184 167 145 142 140 135 131
 120 117 112 106 100  96  92  89  88  85  86  85  84  85  86  88  90  91
  88  88  87  86  87  88  88  88  88  83  84  79  76  66  84  99 112 117
 121 123 123 121 121 124 129 127 124 122 121 117 110 107 102  98  93  91
  94  98 101 102  93  89  89  89  85  85  92  98  99  99  97  96  96  98
  98  96 101 104 102 103 107 104 115 145 153 154 157 158 158 157 156 154
 154 156 157 156 155 155 154 153 153 154 155 156 156 154 154 154 154 154
 153 151 151 151 152 152 152 151 152 151 149 149 151 153 151 153 153 151
 150 150 151 152 148 153 154 151 151 155 157 155 155 157 161 163 166 166
 170  28]"
"[ 28  30 200 200 200 199 204 203 202 201 199 199 200 201 202 202 204 203
 202 201 201 201 201 200 199 200 202 202 201 201 201 200 199 198 197 195
 195 195 195 194 196 194 197 195 195 193 194 189 173 147 143 145 141 136
 124 118 112 106 101  99  95  92  88  84  84  85  86  87  87  88  90  93
  87  88  87  87  90  90  87  85  82  83  82  84  78  75  88 103 114 119
 123 125 125 123 121 123 128 126 123 123 123 116 107 103 102 104 101  94
  90  93  96  97  92  92  95  96  94  90  91  97  98  99  99  99  99 100
 100  99 104 103 100  99 101 101 129 153 154 154 157 160 159 158 159 157
 155 156 158 158 156 155 154 153 155 155 157 158 156 153 152 153 155 155
 154 152 151 152 153 153 153 151 152 152 150 150 152 152 150 152 152 150
 148 150 151 152 147 153 154 151 150 154 156 154 157 159 162 165 167 166
 170  29]"
"[ 29  29 201 200 200 200 207 206 205 202 200 200 201 201 203 205 203 205
 203 202 202 201 201 200 202 202 203 203 201 201 201 199 197 197 198 198
 198 197 198 199 196 196 198 193 194 191 191 192 177 146 139 145 142 134
 124 119 112 105 101 100  97  93  89  86  85  86  87  88  86  85  86  88
  85  86  85  87  94  94  89  86  84  86  86  86  81  82  96 109 112 118
 122 125 127 126 123 122 125 124 122 121 120 115 107 101 102 105 104  97
  93  93  93  91  89  92  93  98 102  97  94  99  99 100 100 100 100 100
 100 101 102 103 104 102 100 104 144 154 158 157 159 161 158 158 159 158
 157 156 157 157 156 153 153 155 156 156 157 157 155 152 152 154 154 155
 154 153 152 152 153 153 153 152 152 152 151 150 151 151 150 150 149 148
 148 151 152 152 149 152 153 152 152 154 156 155 161 161 163 166 168 168
 171  30]"
"[ 30  29 202 202 201 201 205 203 201 203 203 201 201 202 201 199 201 203
 201 201 203 203 201 199 201 200 201 201 201 202 202 201 198 197 198 200
 200 199 199 199 198 200 201 194 197 195 194 197 196 155 136 142 141 133
 125 120 116 109 103 101  97  93  90  87  88  89  89  88  85  82  81  82
  82  83  82  85  94  96  90  88  87  88  89  81  81  80  98 109 109 115
 120 124 127 128 124 122 122 124 121 118 117 115 108 103 100 100  98  96
  96  96  92  87  82  84  85  92 103 101  98 104 101 100 100 100  99  98
  98  99 100  99 100  96  94 104 158 160 161 158 160 161 157 156 158 157
 158 156 156 156 154 152 153 156 158 157 156 156 153 151 152 155 152 153
 153 153 152 152 152 152 152 151 152 153 152 152 153 153 150 149 147 146
 149 153 154 152 151 151 152 153 155 155 156 158 162 161 161 165 169 168
 171  29]"
"[ 30  29 203 204 205 203 201 200 202 203 204 203 203 202 202 202 203 202
 202 203 202 201 201 202 203 202 202 201 202 202 202 201 201 199 197 197
 198 199 199 199 201 198 198 197 196 196 194 196 201 181 146 138 136 136
 133 123 120 115 107  99  98  95  87  86  90  89  88  88  88  83  80  80
  81  82  83  86  89  90  89  87  84  81  80  84  81  88  99 105 109 112
 115 120 126 125 121 119 122 122 122 121 115 108 105 105 103  99  95  94
  95  94  90  86  86  84  85  92  98 100 101 103 102 101 100  99  99  98
  97  95  96  91 100  94  89 122 166 162 161 161 160 159 158 157 157 156
 157 155 154 155 157 157 155 153 154 153 154 154 153 150 151 153 153 153
 152 152 152 152 152 153 152 151 152 154 153 152 152 154 150 149 148 148
 150 151 151 151 152 152 152 152 153 154 156 158 163 162 162 165 168 166
 170  29]"
"[ 29  28 201 202 203 202 201 201 203 203 204 203 202 202 202 202 203 202
 201 201 200 200 201 203 203 202 202 202 202 202 202 201 199 197 196 196
 198 199 199 199 199 197 199 197 198 197 196 196 195 187 157 139 137 138
 129 126 127 116 107 102 103  98  88  87  88  90  90  90  90  87  85  86
  83  83  83  85  88  91  90  88  80  78  76  80  79  90 102 109 111 111
 112 114 120 124 123 122 122 120 119 118 115 109 104 102 103  99  94  91
  90  90  89  87  88  87  87  90  93  94  97 100 104 102 100  99  99  97
  96  94  87  91  96  95  98 136 165 161 161 162 162 161 160 159 159 159
 160 158 158 159 160 159 157 156 156 154 152 153 153 152 151 152 153 153
 153 152 152 151 151 150 149 151 152 152 152 152 153 153 151 150 150 150
 151 152 152 152 152 153 153 153 153 154 157 160 161 161 163 166 169 168
 170  28]"
"[ 29  28 201 200 201 201 201 202 203 203 204 203 202 201 202 203 204 204
 202 200 199 201 202 203 202 202 202 202 202 201 200 200 199 198 197 198
 199 200 200 199 198 196 198 193 196 195 196 194 195 194 174 148 136 139
 134 134 127 121 115 109 107 101  92  90  90  93  93  91  90  88  86  86
  84  83  82  84  87  91  91  89  81  81  78  77  78  93 107 115 114 113
 111 112 118 124 126 124 120 116 113 114 114 110 105 101 104 101  96  90
  88  88  88  88  89  90  91  90  90  92  96 100 102 101 101 101 101  99
  97  96  90  95  97  96 117 147 159 156 159 161 162 161 160 160 160 160
 159 158 158 159 160 158 157 156 158 155 152 153 154 154 153 152 152 152
 153 153 152 150 148 147 148 151 152 151 152 154 154 152 151 151 151 151
 152 152 152 152 152 153 153 153 153 153 156 160 160 162 163 165 168 169
 172  28]"
"[ 30  28 201 200 200 201 201 202 202 202 203 202 201 201 202 204 205 205
 203 200 200 202 204 203 203 203 203 202 201 200 199 199 201 200 199 200
 201 201 201 200 199 196 199 190 194 192 196 194 197 194 188 168 143 136
 138 136 127 125 120 109 104 103  97  92  91  94  93  90  88  86  83  82
  82  81  80  82  87  91  91  90  83  83  78  73  72  88 102 112 113 112
 111 112 116 124 126 123 119 114 110 110 112 110 106 102 105 102  97  92
  89  87  87  87  90  92  93  92  91  94  97  99  97 101 103 102 100  99
  97  94  87  90  95 100 144 156 156 156 159 160 161 160 160 160 160 159
 159 159 160 161 161 160 158 157 159 155 152 152 154 155 154 153 152 153
 153 153 152 150 148 147 148 150 151 152 153 154 154 152 151 152 152 152
 152 152 152 153 154 153 153 153 153 154 157 159 162 163 163 162 165 168
 172  29]"
"[ 29  28 201 200 200 201 201 201 202 202 202 202 201 201 202 203 203 204
 203 201 201 203 203 202 203 203 202 202 201 200 200 200 201 200 200 200
 201 201 201 200 200 198 202 192 194 193 197 196 197 197 198 192 165 139
 138 136 133 127 118 104 100 102  98  92  91  93  91  89  89  87  83  81
  81  80  80  82  87  91  91  89  84  85  80  72  69  84  96 110 113 110
 109 108 110 119 124 121 119 115 111 110 110 109 106 104 104 101  96  91
  89  88  86  85  90  92  93  93  94  96  96  95  95 102 104 100  96  97
  96  92  91  90  90 101 151 159 158 162 162 161 160 160 161 162 161 159
 159 159 160 161 162 160 159 158 157 155 153 153 154 155 155 155 154 154
 153 153 152 151 151 150 150 150 150 152 153 152 152 153 153 153 153 153
 153 153 154 155 155 154 154 154 155 156 158 159 162 163 162 161 164 168
 172  28]"
"[ 29  29 203 201 202 203 202 202 203 203 203 202 202 202 202 202 202 203
 202 202 203 203 203 203 202 202 201 201 200 200 200 201 200 200 200 200
 201 201 201 200 197 197 201 195 196 194 195 196 197 202 199 199 184 148
 137 138 137 129 123 114 105 101  97  95  93  94  92  90  90  88  83  81
  81  81  82  85  89  91  90  88  88  88  85  77  73  84  93 109 118 113
 109 104 103 110 117 117 115 113 110 109 109 109 108 107 103  99  93  89
  88  89  88  86  87  88  90  92  95  97  97  95  96 102 103  97  94  96
  97  94  98  98  92 112 150 161 159 163 162 161 159 159 161 162 160 158
 158 158 159 160 160 159 158 157 157 157 156 156 157 157 157 157 154 153
 153 152 152 152 152 153 153 152 152 154 154 152 152 154 152 153 153 153
 153 153 154 155 156 154 154 155 156 157 158 158 160 162 163 163 168 170
 174  29]"
"[ 29  30 204 203 203 205 205 205 204 203 203 203 203 203 202 202 205 203
 203 203 203 203 203 204 203 203 203 202 201 200 200 201 201 200 200 200
 200 200 200 200 196 195 198 196 196 195 194 195 196 198 194 192 189 160
 142 138 136 131 131 124 112 105 101 100  98  97  93  91  89  85  82  81
  81  81  83  86  90  92  90  88  89  87  85  80  76  81  85 101 119 113
 110 105 100 103 110 110 107 108 108 108 107 107 106 105 101  97  92  89
  89  89  88  87  85  86  89  90  92  95  96  97  96  99  99  96  94  96
  96  94  92  96 100 137 165 166 162 160 161 160 159 160 161 161 160 158
 162 161 161 162 162 161 159 159 158 159 159 159 159 159 158 158 155 154
 153 152 152 153 154 155 156 156 156 155 154 153 153 154 151 152 152 152
 153 153 154 154 154 154 154 155 156 156 157 158 161 162 164 166 170 172
 174  30]"
"[ 28  30 204 203 204 206 206 206 204 203 203 203 204 204 203 203 207 204
 203 203 203 202 202 203 206 206 206 204 203 202 201 201 201 200 200 199
 199 199 199 198 198 196 197 197 196 197 195 196 197 194 197 195 194 177
 155 138 136 132 131 122 112 110 107 103  99  97  94  91  88  83  81  82
  80  81  84  87  91  92  91  88  91  88  87  83  78  80  79  95 110 107
 108 106 100 101 105 104 104 106 107 107 105 104 101  99  98  96  92  89
  89  89  87  85  86  88  89  89  88  89  92  95  96  96  96  96  95  93
  91  90  97  93 105 148 173 163 167 165 162 162 162 162 163 163 162 160
 164 163 162 162 162 161 159 158 158 159 159 159 159 159 158 156 157 156
 155 154 154 155 156 157 157 159 158 155 153 153 154 153 151 151 152 153
 154 154 154 154 154 154 155 156 156 156 157 158 161 162 163 166 170 171
 173  29]"
"[ 29  28 203 203 204 206 207 206 205 203 204 205 204 202 202 205 207 205
 202 201 203 204 204 202 203 204 204 202 202 202 202 201 201 198 199 200
 199 197 197 197 197 197 198 199 199 197 196 196 197 194 195 196 194 189
 168 140 134 134 131 125 116 113 110 105  97  95  92  89  86  82  81  81
  80  81  82  86  91  92  92  94  91  88  86  84  81  78  85  95 104 106
 104 103  97 100 101 104 106 104 104 103 102 100  98  97  97  96  92  89
  89  88  86  86  86  87  86  85  85  88  91  94  96  95  96  97  96  94
  93  92  93  89 117 160 168 166 166 165 164 163 162 161 162 162 161 160
 161 160 160 161 163 164 161 158 157 158 158 158 158 158 157 157 155 156
 155 153 153 154 157 159 157 157 156 154 153 152 153 153 150 151 152 154
 154 154 154 155 155 152 153 154 154 156 159 160 163 161 161 166 172 170
 171  29]"
"[ 29  28 202 202 203 206 207 205 208 207 206 204 203 203 204 205 207 206
 204 202 202 203 203 203 203 203 203 202 201 202 203 203 200 198 198 200
 200 199 199 198 196 197 199 200 199 198 198 199 198 197 197 196 193 192
 177 154 135 136 132 128 124 115 109 101  97  98  96  91  84  80  79  80
  78  79  81  84  88  89  89  91  90  87  85  83  81  80  84  90  97 105
 107 106 100 103 101  99 103 106 107 105 102  99  98  98  96  93  89  87
  87  85  81  80  83  83  83  83  83  86  91  94  94  94  96  98  97  96
  96  94 100  97 135 164 166 165 167 167 168 167 165 164 162 161 160 159
 161 161 161 162 163 163 161 158 159 159 159 159 159 158 157 157 157 158
 157 155 154 154 156 157 156 156 155 153 152 152 153 153 151 151 152 153
 153 153 153 154 153 152 152 154 155 156 158 160 162 161 162 166 170 170
 172  28]"
"[ 30  28 201 202 203 206 207 206 205 205 204 203 204 207 208 207 207 207
 206 203 201 201 201 202 203 204 203 201 201 202 202 203 201 198 198 200
 200 200 200 199 197 199 200 200 198 196 196 198 197 197 198 195 193 196
 190 176 140 137 133 129 129 117 114 108 103 102 100  96  91  87  83  79
  78  81  82  85  88  88  88  90  90  89  87  84  83  84  85  86  87  99
 105 103 100 103  98  91  97 102 105 101  95  92  93  96  94  89  84  82
  82  82  81  80  82  82  81  81  81  83  87  90  94  95  97  98  96  95
  93  90  95 103 154 168 166 164 166 166 167 168 167 166 164 162 161 161
 162 162 162 162 162 162 161 159 161 160 159 159 159 159 157 156 158 159
 159 157 155 154 154 155 157 156 155 154 153 153 153 153 152 152 152 152
 152 153 153 154 153 154 153 154 158 157 157 160 162 162 165 167 169 171
 175  28]"
"[ 30  28 203 204 204 206 207 207 207 205 203 204 206 207 205 202 205 206
 205 203 202 201 203 203 206 206 205 203 202 202 202 202 203 200 200 201
 200 199 199 197 199 199 200 200 198 195 195 196 195 196 198 196 194 196
 196 192 148 132 132 130 130 121 121 118 109 105 101  99  97  92  85  79
  79  81  82  84  87  89  89  91  92  94  92  87  85  86  88  87  85  95
 101 102 102 103  98  91  94  98 103 102  95  88  86  88  88  85  83  82
  82  82  82  82  81  81  81  81  81  83  87  90  96  97  99  98  96  94
  91  87  91 116 164 169 167 165 165 166 165 167 169 169 167 164 162 161
 163 164 163 162 161 161 161 160 161 160 158 158 159 159 157 155 157 159
 159 158 155 154 155 155 158 158 156 155 154 154 154 153 153 152 151 150
 150 152 153 154 154 157 155 156 160 158 156 160 162 164 169 170 169 173
 178  29]"
"[ 29  29 206 207 205 205 206 207 210 205 203 206 209 208 205 203 203 204
 204 204 204 205 206 207 207 208 207 205 203 203 202 202 203 201 200 201
 200 199 199 198 198 198 199 200 199 198 197 198 197 197 198 199 196 194
 195 196 162 129 131 132 132 125 123 119 112 105 100  98  94  87  82  81
  80  80  80  81  86  89  90  92  94  97  96  89  84  85  87  87  87  89
  95 100 103 101  97  94  90  92  98 102  98  87  80  79  81  81  84  85
  81  79  80  80  79  80  81  83  84  86  91  96  97  97  99  99  97  97
  97  95  98 140 168 168 168 168 167 169 167 168 169 169 166 164 162 161
 165 165 164 162 161 161 161 161 161 159 158 159 160 160 158 156 158 159
 160 158 156 156 156 156 159 158 156 155 155 155 154 152 152 151 149 147
 147 149 152 153 154 157 156 157 161 159 157 161 162 164 169 170 169 173
 178  29]"
"[ 29  30 207 209 206 204 204 206 210 205 203 206 208 208 208 209 207 207
 207 206 205 206 206 207 207 207 206 204 203 203 202 202 201 200 200 200
 199 200 200 199 198 198 199 200 200 199 197 197 197 196 197 199 197 194
 194 197 184 140 132 133 132 129 125 119 114 105  97  94  93  89  87  88
  83  83  81  81  86  90  92  94  95  97  96  90  84  83  84  85  87  85
  90  96 102  97  95  94  88  86  89  94  95  90  85  84  83  81  83  81
  75  73  77  78  78  79  81  84  85  87  92  97  97  95  95  96  96  98
 101 102 102 156 167 167 170 170 167 168 169 169 168 167 165 164 164 164
 166 166 164 163 162 162 162 161 160 159 159 160 161 162 160 158 159 160
 160 159 157 157 157 157 157 156 155 154 154 154 153 151 151 151 149 146
 146 149 151 153 153 155 155 157 160 160 159 162 161 163 167 169 169 171
 175  29]"
"[ 29  30 207 210 207 205 205 206 209 208 206 205 204 203 206 209 209 210
 210 208 206 205 206 206 206 206 205 204 202 202 203 203 200 200 200 200
 198 199 200 199 197 198 200 201 200 198 197 197 196 196 196 196 197 195
 194 195 196 160 137 136 135 130 128 121 116 109 101  96  96  96  95  94
  90  90  87  85  88  91  93  94  96  96  95  92  88  85  85  85  88  86
  90  92  97  95  96  94  90  88  86  88  92  95  96  96  90  85  84  81
  74  74  79  79  79  80  83  85  85  86  90  95  94  91  92  95  96  97
 100 103 106 161 168 167 170 172 167 166 169 168 167 166 166 166 166 166
 166 166 165 164 164 164 162 161 159 159 159 160 162 162 161 159 159 160
 160 159 158 158 158 157 156 155 154 154 154 154 151 148 149 150 149 147
 147 150 153 154 154 153 155 157 159 159 160 162 161 162 164 168 171 170
 172  29]"
"[ 29  29 207 210 208 206 206 207 203 206 207 204 201 203 208 211 207 208
 209 208 206 206 207 208 208 208 206 204 203 203 204 204 201 201 201 200
 197 198 199 197 195 197 200 202 201 200 199 200 196 198 196 193 195 196
 194 192 194 173 143 141 139 130 129 122 113 113 109 101  96  95  95  94
  95  95  91  87  87  89  90  92  97  95  95  95  94  90  87  87  86  86
  88  84  89  91  94  91  89  89  88  87  90  96  97  94  93  87  88  88
  82  82  84  81  80  81  84  86  87  87  91  96  89  87  90  97  98  98
 100 103 117 166 172 167 168 172 170 167 168 167 167 167 167 166 164 162
 166 165 165 165 165 165 163 160 158 158 159 161 162 162 160 158 158 158
 158 158 158 159 158 157 156 155 154 154 154 153 150 147 145 148 149 147
 147 150 154 155 155 153 155 158 158 159 161 162 162 162 163 168 173 171
 171  30]"
"[ 28  29 207 209 210 206 209 208 205 207 208 208 208 208 207 207 204 206
 207 206 206 208 209 208 209 208 205 202 202 204 206 205 203 204 202 199
 201 202 201 201 200 200 201 202 201 200 201 200 196 195 195 196 196 195
 194 193 197 183 151 145 144 140 131 126 117 114 111 104  98  99 100  95
  95  96  94  89  87  89  89  88  92  95  96  94  92  92  90  87  88  89
  89  85  83  87  91  89  86  88  90  90  90  91  93  94  96  94  91  90
  89  88  88  89  87  84  84  88  90  89  90  94  92  91  94  99 100 100
 100 100 132 176 176 172 169 172 171 170 169 168 167 167 167 166 165 164
 165 165 165 166 166 165 165 166 161 159 159 162 163 163 162 161 159 159
 159 159 158 157 157 157 158 156 154 154 155 154 152 150 150 148 148 152
 154 153 153 154 153 154 155 157 158 158 160 162 162 165 167 169 172 172
 174  29]"
"[ 29  29 207 207 209 206 210 209 210 209 208 208 208 208 208 209 206 207
 208 206 206 208 208 206 206 206 204 202 201 203 204 203 202 204 203 203
 205 205 202 201 201 200 202 202 200 199 200 199 197 197 197 197 197 195
 193 193 199 190 161 142 140 139 135 132 122 115 109 105 103 105 106 104
  96  96  95  93  92  91  90  88  94  97  97  95  94  94  92  90  90  90
  91  89  86  87  89  88  87  88  88  88  89  89  91  92  95  94  94  94
  94  92  92  93  92  90  91  94  96  95  95  97  99  98  97  99 100 100
 102 105 156 180 174 173 172 172 169 172 171 169 167 167 166 166 166 166
 166 165 164 163 163 162 161 162 161 161 161 162 161 160 161 163 161 159
 157 157 157 158 158 158 157 155 153 153 154 153 152 150 149 147 147 150
 152 152 152 152 154 154 155 156 158 159 160 161 162 165 167 169 172 172
 174  29]"
"[ 30  30 207 209 210 208 211 210 209 206 206 208 209 209 210 212 209 209
 207 206 206 207 208 207 209 209 208 205 204 204 204 204 202 203 203 205
 207 205 203 203 201 200 202 202 200 200 201 201 197 197 198 199 198 196
 194 193 195 194 176 141 138 137 136 132 128 117 110 109 107 105 103 100
  98  97  96  96  96  94  92  92  94  96  95  93  92  92  92  91  92  92
  95  95  92  90  90  90  89  89  88  88  88  88  88  89  91  92  94  97
  98  97  96  97  98  97  98 100 101 100  99  99 101 102 100 100 102 101
 101 105 170 179 171 173 173 172 168 173 172 170 168 167 167 167 167 166
 165 164 163 162 161 160 160 161 161 161 162 162 161 160 160 161 161 158
 154 154 156 158 159 159 158 156 154 153 154 154 152 151 149 149 150 151
 152 153 153 153 154 154 154 155 157 159 160 160 162 164 167 168 171 172
 174  30]"
"[ 28  28 208 209 210 208 208 206 207 204 205 209 211 210 210 212 210 209
 206 204 204 206 208 209 208 208 207 204 203 203 204 203 205 204 203 204
 206 205 203 204 201 200 202 203 201 201 203 203 198 197 198 199 200 198
 196 195 197 198 188 143 137 134 135 134 128 119 112 110 109 106 102 100
  96  96  95  93  92  92  93  94  93  92  90  88  87  89  90  89  92  94
  97  99  96  93  92  90  90  90  89  89  89  88  87  86  87  88  91  95
  97  97  98  99 100 101 101 101 101 101 100  99  99 100  97  97 101 100
  98 102 166 174 173 172 170 172 169 171 171 170 169 168 168 168 166 165
 164 163 162 162 162 162 162 162 162 161 160 161 163 162 159 157 158 155
 153 152 154 157 159 158 157 156 154 154 154 154 152 151 149 152 153 153
 153 153 154 154 154 154 155 155 157 158 160 160 161 163 165 167 170 171
 173  29]"
"[ 28  29 209 210 211 209 208 207 211 208 207 209 210 208 207 208 210 208
 206 205 206 207 209 209 207 207 206 204 203 204 205 206 207 206 204 205
 207 205 203 205 202 201 203 204 201 201 202 202 199 197 196 198 200 199
 197 195 193 196 194 154 142 133 129 126 123 117 108 102  99  97  96  95
  98 100  99  95  92  93  95  94  91  91  89  88  88  90  90  89  92  94
  98  99  96  94  92  88  89  89  88  89  89  89  87  85  85  85  87  90
  92  94  96  99 100 101 101 100 100 101 101 100  99  99  93  92  98  99
  98 101 160 172 175 174 171 173 170 170 170 170 168 167 167 167 167 165
 163 162 162 162 162 162 162 162 162 160 159 160 162 163 161 158 157 156
 155 154 155 157 158 157 155 154 153 153 154 153 151 149 147 151 154 153
 151 150 151 152 154 156 157 157 157 159 161 162 160 163 164 166 169 170
 172  28]"
"[ 30  30 211 210 210 211 210 211 214 211 208 207 206 205 205 207 210 210
 210 210 210 210 210 209 212 211 210 208 207 206 206 206 207 207 205 206
 207 205 203 203 204 202 203 204 201 200 200 198 198 196 194 195 197 197
 195 193 196 197 199 170 151 138 131 127 125 123 114 105 101  99  97  96
 100 104 104  99  96  97  96  94  91  91  92  93  95  95  93  90  93  95
  97  97  95  94  92  87  88  87  87  88  89  89  87  86  86  86  86  87
  88  89  92  95  98  98  99  99 101 102 102 101 100  99  96  96 102 103
  99  99 158 170 172 174 175 174 173 172 172 171 169 167 167 168 169 168
 166 164 163 163 163 162 161 160 161 161 160 160 160 161 163 163 158 159
 159 157 157 158 158 156 153 153 153 153 153 152 150 148 148 151 154 153
 150 148 150 151 153 156 157 156 156 158 161 162 161 163 165 166 169 170
 173  29]"
"[ 29  28 212 209 209 210 208 210 211 210 209 207 205 205 207 209 210 210
 212 212 212 211 210 210 211 210 210 209 208 206 205 204 206 207 206 205
 207 206 204 204 204 202 203 204 202 200 199 197 197 195 194 195 195 194
 193 192 197 194 192 172 146 136 132 130 123 122 115 108 105 102  98  98
  96  98  99  97  96  96  95  93  92  92  93  95  96  96  93  90  92  91
  93  95  95  95  94  91  91  89  88  87  88  88  88  87  87  86  86  87
  87  87  89  92  94  95  97  99 101 101 100  99 100 100 100 102 105 104
  99  95 156 172 172 172 175 173 175 172 171 172 171 169 168 169 170 169
 168 166 165 164 164 163 162 161 160 161 160 159 159 161 162 161 159 160
 159 157 157 158 157 155 154 154 153 154 154 153 151 149 151 151 153 153
 151 148 149 151 152 154 155 154 155 158 160 160 163 165 165 166 169 170
 173  29]"
"[ 29  31 215 213 212 212 209 210 209 210 211 209 207 207 208 210 209 209
 210 210 210 209 209 210 207 207 208 211 211 210 208 207 207 208 206 204
 206 208 207 206 202 201 202 204 203 202 201 198 198 197 197 197 196 195
 194 194 194 195 198 188 157 146 137 130 132 128 117 108 105 101  97  97
  95  94  95  97  98  98  97  97  93  92  91  92  93  93  91  89  90  86
  88  93  95  95  96  96  96  93  89  88  88  89  89  89  86  86  86  87
  87  86  88  90  90  92  95  98 100  98  96  95 101 100 100 101 101 101
  98  92 154 178 176 170 172 170 175 168 168 171 172 171 170 170 169 167
 168 166 164 164 164 163 162 162 161 160 159 159 161 162 159 155 158 158
 157 155 156 158 157 155 155 154 154 154 154 153 152 150 152 150 150 151
 150 147 148 150 152 154 154 154 155 158 160 160 163 165 166 166 169 170
 173  29]"
"[ 29  28 207 206 211 211 211 211 210 215 213 208 207 208 209 211 215 212
 211 209 207 212 216 210 206 208 209 210 210 210 211 210 207 208 205 207
 206 210 208 207 203 202 202 202 202 201 201 203 200 201 201 200 197 195
 194 195 195 195 194 192 177 143 135 137 132 129 120 110 104  95  98  96
  94  94  96 101 104 101  96  95  93  94  90  89  92  91  89  91  90  87
  89  92  93  93  95  97  96  94  91  90  92  91  90  91  88  88  88  87
  88  89  89  89  90  89  93  98  97  95  97  96 102 101 104 104 104 102
  96  95 151 179 172 172 172 172 178 170 171 172 168 169 169 167 171 169
 170 167 164 163 163 162 162 163 163 159 158 161 162 159 157 159 158 159
 158 155 154 155 156 155 155 153 152 153 155 154 152 150 149 150 151 150
 148 147 148 150 156 156 156 155 156 158 160 160 162 163 163 166 168 169
 168  30]"
"[ 30  30 212 214 216 215 214 213 211 215 214 210 208 209 212 215 213 212
 214 213 210 213 217 214 208 209 210 210 210 211 211 210 206 208 210 207
 205 207 208 206 204 203 202 202 200 198 198 199 202 202 200 199 199 200
 196 191 191 193 193 194 183 149 132 137 131 130 123 115 107  98  98  95
  96  96  98 100 102 100  97  98  95  94  89  86  88  88  89  92  91  88
  88  90  91  92  94  94  94  93  91  91  93  92  91  91  89  90  90  89
  90  92  93  93  91  89  92  95  94  95  99 100 105 104 107 106 104 105
 105 108 155 181 173 172 173 171 175 170 172 171 166 167 169 169 171 168
 169 167 165 164 163 163 163 164 165 162 160 161 161 159 158 160 160 160
 159 157 156 157 157 155 154 153 152 152 154 154 153 151 151 151 150 149
 148 148 150 152 153 154 156 156 158 160 161 160 161 161 162 164 166 168
 168  30]"
"[ 29  29 214 216 214 212 213 211 210 213 215 214 209 208 212 214 215 211
 212 214 213 216 216 212 210 210 210 210 211 212 211 210 208 208 213 208
 207 208 211 205 204 203 203 203 202 200 200 201 200 200 197 195 197 198
 193 186 191 194 194 197 195 170 138 131 133 131 121 112 103  99  99  98
  97  99 102 104 104  99  96  96  94  93  88  84  85  86  89  93  93  88
  88  91  93  93  94  94  94  95  94  93  94  93  92  94  93  93  93  93
  93  93  94  93  89  91  95  97  96  97 101 102 105 103 105 104 104 104
 102 103 151 179 172 172 175 173 176 175 173 172 167 168 169 169 170 168
 169 168 167 165 163 162 163 164 164 163 162 161 160 160 160 160 160 160
 159 157 157 158 157 155 155 154 153 152 153 153 153 152 152 151 150 149
 149 150 152 154 153 154 155 157 158 160 161 161 161 162 161 163 165 167
 167  30]"
"[ 30  29 214 215 211 210 214 212 212 212 216 217 211 208 209 210 215 211
 210 212 211 212 211 208 211 211 210 210 212 212 211 209 210 206 209 208
 209 210 212 205 204 203 203 204 203 201 202 203 200 200 199 197 197 197
 193 188 187 191 191 191 192 186 150 127 132 131 119 110  99  99 100 102
  98 100 101 101 100  95  91  91  90  91  90  87  86  87  90  94  93  89
  89  94  96  97  96  94  95  96  95  93  92  92  93  94  95  95  95  95
  95  95  93  91  90  93  97  97  96  98 102 104 104 103 104 103 103 101
  97  97 146 178 174 174 177 173 172 172 172 172 171 170 168 167 169 169
 170 169 168 165 163 162 162 162 162 163 163 161 160 161 161 160 160 160
 159 158 158 158 157 156 156 155 154 152 152 151 151 151 153 151 150 151
 152 152 152 153 155 155 155 155 156 159 160 161 163 163 162 163 164 166
 167  29]"
"[ 30  29 213 213 209 211 215 213 214 212 215 217 213 209 210 209 211 211
 212 211 207 206 208 209 210 210 210 210 211 211 210 209 208 204 204 208
 206 208 207 206 205 204 203 203 201 199 199 200 199 196 195 195 195 192
 189 186 189 192 195 192 189 194 168 138 131 130 122 114 102 101  98  99
  99  98  94  91  90  89  87  88  89  91  93  91  88  88  92  95  93  89
  89  94  97  98  97  96  96  96  93  90  90  91  92  94  93  93  93  95
  97  97  94  90  92  95  94  92  91  93  98 103 100 101 103 100  96  96
  98 103 147 181 179 177 179 176 175 175 170 171 171 170 168 167 167 169
 171 170 168 165 164 163 162 160 161 164 163 160 159 161 161 160 159 159
 159 158 158 158 159 159 156 155 154 152 151 150 150 150 151 149 148 150
 151 152 153 153 154 154 154 154 155 157 159 159 163 163 162 163 164 166
 166  29]"
"[ 29  28 211 211 211 213 215 212 213 211 211 213 211 210 211 211 212 214
 214 211 209 209 211 213 212 212 212 211 211 211 211 210 208 207 205 210
 206 205 204 209 205 204 204 203 202 200 199 200 204 199 196 197 199 196
 192 190 190 188 194 195 190 191 171 141 134 130 124 116 106 102  97  98
  97  95  91  87  88  87  86  87  89  91  94  92  89  90  95  97  95  90
  89  93  95  97  98  97  97  97  95  91  92  93  93  94  93  93  93  94
  95  95  92  89  92  93  92  89  89  90  93  98  98  97  99  97  95  97
  99 104 146 175 173 170 172 171 171 173 171 169 170 169 169 170 168 168
 170 170 167 165 165 166 164 161 162 163 161 157 156 159 161 160 157 157
 158 158 158 158 160 160 156 156 155 154 152 151 151 151 150 147 145 147
 149 151 152 153 151 152 154 155 156 157 158 158 161 162 162 163 164 166
 167  30]"
"[ 29  31 212 213 215 216 216 213 211 211 210 211 212 211 211 212 215 216
 215 213 214 216 215 214 213 214 213 211 210 209 210 211 209 211 210 210
 210 206 204 211 206 205 205 205 204 202 202 203 203 199 196 196 196 195
 193 191 195 193 196 198 196 191 179 155 138 128 123 114 109 104  99 100
  96  95  92  89  88  87  84  84  86  87  90  90  88  92  96  96  94  90
  90  94  95  96  97  97  97  99  97  95  96  96  93  91  93  93  93  91
  90  90  89  88  92  93  91  90  91  90  90  95 100  98 100 100 101 102
 101 102 162 181 176 174 174 172 172 174 172 170 172 170 169 170 167 169
 168 168 167 165 166 167 165 162 161 162 160 157 157 159 160 160 158 157
 157 158 159 159 158 158 155 155 156 155 154 153 152 152 149 146 145 146
 148 150 150 151 150 151 153 154 155 157 157 157 160 161 162 164 165 166
 167  29]"
"[ 28  32 212 212 215 215 213 212 211 214 214 214 216 214 212 213 213 218
 218 214 214 215 214 214 214 214 213 210 207 207 209 210 209 212 210 207
 213 208 205 208 207 206 206 206 205 202 202 203 201 202 201 197 194 194
 195 195 194 196 195 192 192 188 188 175 138 126 122 114 114 108 103 102
  98  96  91  86  84  83  82  83  81  82  86  88  88  93  96  93  91  88
  91  95  96  96  96  95  96  98  97  96  97  96  91  86  91  92  91  88
  87  87  89  91  95  93  89  88  90  89  91  98  98  98 100 100 100 101
 100 103 165 178 173 175 175 173 173 176 172 172 175 171 167 167 166 169
 167 167 167 165 165 166 165 162 160 161 162 161 161 162 162 160 161 159
 157 159 160 160 157 156 154 154 155 155 154 153 151 150 149 147 146 148
 150 150 149 148 151 151 152 152 154 156 158 158 160 162 163 165 166 167
 166  29]"
"[ 28  29 212 216 216 214 212 212 214 217 218 218 214 211 215 215 213 216
 217 215 215 215 213 213 213 211 212 215 215 211 209 212 212 207 209 210
 215 210 211 211 208 210 206 204 206 203 199 202 203 203 200 197 196 196
 196 195 196 195 196 195 192 191 187 181 146 133 123 121 120 114 107 105
  99  96  92  87  82  79  80  82  82  84  87  90  92  93  95  97  92  89
  87  91  97  98  95  94  91  95  95  96  97  97  96  91  91  92  92  90
  88  89  90  90  95  93  91  91  92  91  94 101  99 101  96  98 105 102
 102 101 166 175 174 174 177 175 175 176 173 170 170 170 169 170 171 168
 169 166 165 167 167 164 162 162 162 162 162 162 162 162 161 160 159 158
 158 158 159 159 157 154 155 154 154 152 151 152 153 152 150 147 145 146
 147 148 148 148 148 150 152 154 154 155 156 158 158 160 162 163 163 165
 165  29]"
"[ 32  26 214 214 216 216 211 210 214 215 215 215 212 211 215 215 213 215
 214 213 215 214 212 212 211 210 210 212 211 209 210 212 212 209 210 209
 213 211 211 209 209 210 206 203 204 201 198 201 203 202 201 200 198 196
 194 193 195 195 196 195 193 192 188 182 147 130 119 120 119 112 104  98
  92  92  92  88  82  78  78  80  82  86  91  93  92  92  93  94  89  87
  85  87  91  92  93  96  91  94  95  96  97  96  96  93  92  93  93  91
  89  89  91  93  93  95  94  92  94  95  97 100  96  98  97  99 100 102
 102 104 169 175 172 173 178 177 175 173 173 171 171 171 170 170 170 167
 167 164 164 167 168 165 163 163 160 161 161 162 161 161 160 159 158 157
 157 158 159 160 157 154 154 153 154 153 152 152 151 148 151 148 146 147
 148 149 149 150 149 151 152 153 153 153 155 156 157 154 164 163 164 164
 165  29]"
"[ 27  36 211 216 217 212 210 214 215 215 214 215 213 213 217 217 215 216
 214 213 215 214 211 209 212 211 212 211 211 211 212 214 211 209 209 207
 210 210 210 208 208 210 207 204 204 201 199 203 202 201 200 200 198 195
 194 194 195 194 194 194 192 189 184 178 163 140 124 121 115 107 100  94
  89  88  85  81  77  75  76  78  80  86  91  91  90  91  92  93  88  88
  86  86  86  86  88  93  90  93  94  97  97  95  96  96  92  90  88  88
  87  86  87  89  91  95  94  90  91  94  95  95  99  97  99 103  99  99
  98 111 168 175 175 176 178 175 174 173 172 172 173 173 171 171 171 168
 166 164 164 166 167 164 162 161 162 162 163 163 163 162 161 161 157 157
 157 157 159 159 158 155 155 154 155 155 154 154 152 148 149 148 147 148
 150 150 151 152 153 154 156 156 155 155 155 156 158 161 156 160 170 164
 164  27]"
"[ 30  27 214 216 222 216 220 214 216 217 217 218 216 216 220 219 218 218
 217 216 217 215 211 210 210 212 212 211 209 210 212 213 211 210 210 210
 210 209 209 208 206 208 207 205 204 201 200 204 203 200 199 200 199 197
 196 198 197 196 196 195 193 191 186 179 165 145 131 125 115 109 104  97
  95  88  81  77  77  77  78  78  79  84  87  86  85  89  93  93  91  92
  90  88  87  86  86  90  88  89  89  94  94  90  91  91  91  87  85  86
  87  86  87  88  90  94  93  90  92  96  98  98  97  96  98 103 102 103
  94 113 171 176 175 175 175 173 174 174 173 173 173 173 171 171 172 170
 170 168 167 168 168 165 163 163 161 161 160 160 160 159 158 157 158 158
 157 157 158 159 158 157 156 154 154 153 151 151 152 150 146 146 147 148
 149 150 151 151 154 155 155 155 154 153 153 154 155 162 163 165 159 164
 170  28]"
"[ 29  28 213 216 217 215 219 219 214 215 216 217 214 213 217 217 216 217
 217 217 217 214 211 211 213 215 216 214 213 213 213 213 211 210 211 212
 209 206 205 207 205 207 208 208 205 202 201 203 205 202 201 202 201 199
 198 200 194 193 193 193 192 192 189 184 167 153 143 136 125 119 112 100
  92  86  80  77  77  78  78  77  77  81  83  82  84  89  92  93  94  93
  89  87  87  87  86  87  88  88  88  92  92  87  87  86  85  84  84  85
  85  83  84  87  91  93  93  92  94  95  95  97  96  99  98  99 102 102
  89 114 175 176 173 174 176 176 177 176 176 175 175 173 170 171 172 171
 169 167 166 167 167 166 165 165 166 164 163 162 162 161 159 157 159 158
 157 156 157 158 158 157 156 154 153 151 148 148 150 151 148 148 148 148
 148 150 151 152 152 152 153 153 153 152 153 153 157 155 163 163 161 162
 161  27]"
"[ 30  31 214 219 215 218 213 218 215 216 216 216 212 212 217 218 217 219
 219 218 217 214 211 212 213 215 216 215 213 212 211 211 212 212 212 214
 209 205 204 208 208 208 210 209 207 203 202 202 202 201 201 202 200 197
 195 195 195 194 194 194 193 193 192 188 171 157 144 133 126 124 120 109
 100  95  89  82  77  74  76  78  76  79  81  83  87  92  94  94  97  94
  88  85  86  85  84  84  88  87  87  91  92  89  89  88  85  87  90  88
  83  79  81  86  91  92  93  95  97  95  94  95  96  98  97  97  97  92
  91 131 166 169 172 177 179 178 179 177 178 176 175 172 168 169 170 170
 170 168 167 167 167 166 166 166 167 165 162 161 161 160 158 156 159 159
 157 156 156 157 158 157 154 153 154 153 148 147 149 150 151 150 148 146
 146 148 150 151 150 151 152 153 153 153 154 154 156 157 160 158 163 160
 168  31]"
"[ 28  28 207 212 211 211 210 213 210 211 210 210 209 208 212 211 212 213
 212 212 211 209 207 208 210 210 211 211 210 209 209 209 208 209 208 210
 206 205 203 205 205 204 204 204 202 201 201 200 198 198 199 199 197 197
 194 194 192 192 192 191 190 190 190 187 175 162 147 135 128 127 124 118
 106 102  96  88  80  76  76  79  78  80  82  84  87  90  91  92  92  91
  86  83  84  83  82  82  82  83  83  86  87  85  87  87  88  90  92  89
  85  82  83  85  86  88  89  92  95  95  95  96  96  94  96  99  99  94
 100 135 163 169 175 180 180 178 179 177 178 176 176 174 171 172 173 172
 169 168 167 166 166 165 165 165 165 164 163 162 161 161 160 159 158 158
 158 157 157 157 158 158 153 152 153 154 150 149 150 150 151 151 149 147
 147 149 150 150 151 151 152 153 153 153 154 154 155 153 156 160 161 164
 158  25]"
"[31 29 29 29 29 29 29 29 29 29 29 30 29 28 31 29 29 29 29 29 30 29 28 31
 29 29 29 29 29 28 28 29 28 30 29 31 27 30 28 29 31 28 29 29 28 28 29 28
 28 29 29 29 28 29 29 28 28 28 30 29 28 30 30 27 29 28 28 29 31 30 29 28
 29 29 29 29 29 29 29 29 29 29 29 29 29 28 29 30 28 30 29 28 29 29 28 29
 29 31 29 30 29 28 30 30 29 29 29 28 29 30 29 27 29 30 29 27 29 30 29 30
 29 28 30 28 30 31 26 30 30 29 28 30 29 28 30 28 30 29 29 29 28 29 30 29
 29 29 29 29 29 30 30 30 28 29 30 30 29 28 29 29 28 29 29 29 29 29 29 29
 29 28 29 31 29 28 29 30 28 29 29 28 29 30 29 28 28 28 29 29 29 29 29 29
 29 29 29 27 28 27 30 30]"
