"[29 31 28 28 29 31 28 30 32 29 27 30 29 30 30 30 29 28 29 29 29 29 29 30
 29 30 29 28 28 29 29 28 28 28 29 29 28 29 30 28 30 28 29 29 29 30 28 30
 29 29 29 29 28 28 29 30 29 28 29 30 30 30 30 29 30 29 29 30 30 29 28 29
 29 30 30 30 30 29 29 29 29 29 29 29 29 29 29 30 29 29 29 29 29 29 29 29
 30 29 29 30 30 29 28 29 29 29 29 29 29 29 29 28 30 29 29 30 30 30 29 28
 30 29 30 31 29 28 29 29 29 30 29 28 29 28 28 30 30 28 27 29 29 29 29 30
 30 29 29 30 29 29 29 29 30 29 28 28 29 30 30 29 30 28 28 29 30 30 29 29
 29 30 30 29 29 29 30 29 29 29 31 28 30 28 29 28 28 29 30 29 29 29 29 29
 29 29 28 29 31 29 29 30]"
"[30 26 32 29 27 29 26 28 28 28 29 30 28 28 29 27 30 29 29 30 30 29 29 29
 28 29 29 29 30 31 31 29 29 28 29 29 27 28 29 29 31 29 30 29 29 29 27 29
 31 30 29 29 30 30 28 26 31 29 29 30 29 29 29 27 28 28 28 29 30 29 29 29
 28 27 28 28 28 28 29 30 29 29 29 29 29 29 29 29 29 29 29 29 29 29 28 28
 29 28 29 30 30 29 29 30 29 29 29 29 29 29 29 29 29 29 28 28 28 29 30 32
 29 27 27 29 29 30 30 29 30 30 29 29 31 30 28 29 29 30 30 30 30 30 29 28
 29 28 28 28 28 28 29 30 29 30 30 29 29 29 29 29 29 28 28 28 28 28 29 30
 29 29 28 28 29 30 30 29 29 28 28 26 29 28 30 29 29 29 28 28 28 28 29 29
 31 28 36 26 29 29 30 28]"
"[ 31  31 116 119 116 112 109 111 107 107 107 104 102 104 106 104  98  97
  95  94  93  91  89  88  84  83  80  78  76  74  71  69  71  69  69  70
  68  68  70  71  66  64  65  64  63  61  56  56  54  54  55  56  58  58
  57  55  52  50  50  51  51  50  50  48  47  46  47  47  46  45  44  44
  43  41  40  40  39  38  39  41  40  39  39  40  41  40  39  39  38  38
  38  38  38  38  36  35  32  32  32  32  31  30  31  32  31  31  30  29
  28  28  28  29  25  26  26  25  24  25  27  30  36  40  48  53  54  56
  60  61  63  65  68  72  76  78  78  81  81  83  85  86  89  93  95  95
  98  98  98  98  98  99  99 100 102 105 108 109 109 111 113 115 116 118
 120 122 122 123 124 125 128 129 130 131 133 133 131 128 127 122 116 107
 104  98  94  90  85  89  96 105 115 124 130 133 141 144 143 155 151 163
 174  30]"
"[ 30  25 126 123 123 121 119 119 117 116 114 110 106 108 110 108 108 106
 105 104 104 103 101 100 100  98  94  91  89  87  84  82  79  75  73  74
  72  71  72  73  71  69  72  73  73  72  67  66  61  62  64  63  61  60
  60  61  59  57  57  58  57  56  55  53  51  51  51  51  50  48  47  46
  48  46  45  45  43  40  41  43  41  39  38  40  40  39  38  39  40  39
  39  39  39  39  38  37  37  36  36  36  35  35  35  36  36  35  34  32
  31  30  30  30  27  29  29  29  28  27  28  30  24  25  27  27  26  30
  39  44  47  52  56  59  62  63  66  71  73  74  75  76  78  80  81  82
  87  89  90  92  94  96  97  98  96 100 103 105 105 106 109 111 109 110
 112 115 116 118 120 122 128 129 128 127 127 128 130 130 133 130 127 123
 122 121 119 117 114 110 105 101 100 101 101 101 105 108 121 130 132 138
 147  28]"
"[ 28  31 126 125 127 129 124 122 128 125 123 122 120 120 121 120 117 114
 112 111 112 111 110 110 111 107 104 102 102 101 100  98  98  92  89  89
  87  85  85  84  79  77  79  78  78  78  75  75  72  73  73  71  69  67
  67  67  66  64  65  64  61  59  58  58  57  57  58  57  56  54  54  53
  53  52  52  52  52  50  51  52  47  45  43  44  44  43  43  44  43  42
  40  40  40  40  39  38  39  39  38  38  39  40  40  39  40  39  38  37
  36  36  36  36  34  34  34  34  33  32  32  32  30  29  29  29  27  27
  27  24  26  28  31  34  39  43  47  53  59  58  60  66  69  68  69  71
  74  77  79  81  83  85  86  87  89  91  94  96  98 100 102 102 106 105
 104 105 106 108 110 112 116 120 123 123 122 122 124 125 128 128 128 129
 130 132 131 131 128 129 132 132 131 127 121 116 113 108 108 104  99 100
 112  30]"
"[ 30  30 172 162 153 150 147 143 134 129 126 125 123 124 126 126 130 127
 124 123 123 122 121 121 118 115 112 111 111 110 109 108 109 105 103 104
 103 102 100  98  97  93  91  88  86  85  83  83  82  79  76  75  75  74
  72  71  73  72  72  71  67  65  66  66  65  66  66  64  62  60  59  59
  57  57  57  57  57  57  57  56  53  51  50  48  48  48  48  47  51  50
  48  46  45  45  45  44  45  44  42  41  42  43  42  40  40  40  39  39
  39  39  40  40  39  38  37  36  36  36  36  36  39  38  36  33  30  31
  33  31  32  29  25  25  28  30  30  31  37  33  33  40  45  47  51  56
  57  61  64  66  69  73  77  79  79  81  83  86  90  93  94  94  99  99
 101 103 104 105 105 106 105 109 113 115 116 117 117 118 118 121 122 125
 125 128 128 128 130 131 133 134 136 137 138 137 136 132 127 121 118 113
 108  27]"
"[ 29  24 189 188 189 193 191 185 184 179 172 162 152 147 143 138 139 136
 133 131 129 127 126 125 124 122 121 123 124 123 121 120 114 113 113 114
 112 112 110 108 108 105 105 103 101 101  98  99  98  94  89  86  85  83
  80  77  81  79  78  77  73  72  73  72  71  72  71  69  66  65  64  63
  64  65  64  62  61  61  60  57  58  58  57  54  53  55  55  53  55  54
  52  50  49  48  47  47  52  51  49  47  46  47  46  44  43  42  41  40
  40  41  41  42  44  43  42  40  40  40  40  41  38  42  46  45  41  39
  38  35  38  35  31  30  32  33  32  33  37  30  26  26  28  28  30  32
  35  39  42  45  49  56  64  68  70  71  73  75  78  80  81  81  86  88
  94  98 101 101 102 103 103 101  99  98 101 106 110 111 111 114 115 118
 117 121 120 121 126 128 130 131 131 132 132 133 136 140 137 132 132 135
 133  28]"
"[ 29  33 140 151 159 173 177 184 191 195 198 195 191 190 187 180 172 167
 161 155 148 142 137 134 133 132 132 134 134 131 128 127 124 124 126 125
 122 120 118 115 114 113 115 114 112 110 105 105 108 107 104 101  99  97
  95  95  93  89  87  84  80  78  78  76  76  77  77  75  73  74  74  74
  73  73  71  67  67  67  65  61  62  65  64  61  61  63  63  61  61  60
  59  57  56  55  54  54  55  55  54  52  52  53  53  52  49  48  46  44
  43  42  43  43  45  44  44  42  41  40  40  41  45  46  48  48  47  48
  48  44  44  44  41  39  38  36  37  40  39  36  33  32  33  33  30  28
  27  30  30  28  29  34  42  46  53  54  57  60  64  68  70  71  72  74
  78  82  85  88  93  97  99  97  96  98 103 105 103  98 103 106 106 110
 110 115 115 116 119 121 124 124 125 127 129 131 132 132 136 138 138 138
 138  29]"
"[ 30  31 119 116 115 120 124 125 129 129 139 155 168 173 180 188 194 192
 197 192 195 196 196 191 184 177 167 156 149 147 144 140 134 128 120 124
 133 134 133 130 128 126 125 122 121 123 122 117 116 116 118 113 109 110
 108 106 104 104 104 103 101  98  96  96  94  93  88  83  78  78  80  76
  80  79  76  73  73  74  73  70  70  71  72  70  68  66  66  65  66  64
  67  63  61  63  60  63  63  61  58  56  56  57  57  57  55  53  53  53
  51  49  47  47  47  48  48  46  42  40  42  45  45  46  46  46  47  47
  48  47  48  48  47  47  48  49  49  47  44  45  44  40  38  39  38  36
  34  34  32  32  33  34  33  31  26  26  29  32  33  36  44  50  58  58
  58  59  65  73  78  80  83  87  89  90  93  97  98  97 102 100 103 103
 105 107 106 109 111 114 115 115 117 122 125 126 128 127 129 129 136 131
 132  28]"
"[ 30  26 102 102 109 113 116 115 117 120 121 120 123 129 134 134 143 144
 154 157 166 175 184 187 190 193 197 196 191 186 183 180 175 174 165 157
 150 145 142 138 131 130 131 129 127 127 128 127 133 124 122 122 122 122
 117 115 117 115 113 113 113 111 109 106 106 104 101 103  99  93  92  89
  90  88  85  81  80  80  80  80  78  79  81  80  77  75  74  73  73  72
  71  68  68  69  67  66  67  65  64  65  65  64  63  64  59  59  59  58
  56  53  51  52  53  51  48  48  48  48  46  46  46  45  45  47  46  44
  44  45  47  49  49  48  47  47  49  50  49  49  48  47  48  48  45  40
  38  40  41  40  37  35  35  36  35  32  31  32  31  32  33  32  29  32
  34  36  40  47  54  59  65  73  79  82  82  85  86  86  92  93  97  97
  99 104 106 108 104 105 106 107 108 112 119 124 122 121 127 126 122 125
 128  30]"
"[ 30  29  98  99 103 100 100  99 100 104 106 105 107 112 118 120 120 121
 129 129 131 133 137 141 145 149 156 162 166 171 180 186 187 190 191 194
 195 191 187 181 172 168 161 153 144 137 135 137 130 130 131 127 124 128
 127 124 128 128 127 124 121 120 119 117 115 113 110 111 108 106 109 108
 105 101  97  97  97  94  90  87  84  84  84  83  82  81  82  82  82  83
  80  79  78  79  79  76  73  71  71  73  72  69  68  69  68  68  68  67
  64  60  58  58  60  58  55  54  54  54  53  53  54  52  52  53  52  49
  47  48  50  50  50  48  47  47  48  49  48  48  48  49  51  52  49  46
  48  48  48  47  44  40  40  41  42  39  38  38  37  38  36  32  33  35
  35  32  29  29  33  36  35  41  48  51  56  64  71  75  81  85  91  89
  90  93  93  93 104 104 105 106 105 102 101 103 111 113 120 123 121 124
 119  26]"
"[ 28  30 102 102 101 100  99  99  95  96  96  94  91  90  93  97 100  99
 106 108 109 110 113 117 121 121 122 123 124 122 122 125 133 138 148 161
 166 166 174 180 188 190 192 195 195 192 189 187 169 158 156 158 153 145
 138 138 133 134 131 126 123 124 125 124 121 126 126 123 120 120 123 120
 123 117 113 112 111 108 104 102 102 102 100  98  94  89  85  82  86  91
  88  86  83  81  83  80  80  79  80  79  77  75  75  77  74  74  74  73
  71  69  67  66  68  66  64  62  61  60  60  61  61  59  58  58  58  55
  54  53  56  54  52  51  51  52  50  49  48  49  49  48  48  49  50  50
  51  47  46  48  49  49  49  50  47  47  48  46  42  43  43  40  38  38
  38  36  35  34  34  34  33  34  35  36  37  38  36  33  50  51  56  58
  65  77  86  93  95  92  90  93  98 101 103 103 100 103 100 104 112 114
 112  31]"
"[ 30  32 124 124 121 124 115 109 109 111 108 100  96  97  99  99 101  95
  94  95  94  96  96  99  96  97  98 102 109 111 113 117 117 117 121 128
 126 123 127 129 135 145 155 163 173 179 181 183 186 187 190 189 188 190
 185 179 174 170 161 153 148 146 140 134 133 136 134 131 127 127 128 122
 119 121 125 126 124 119 118 119 115 113 111 110 108 106 103 102  99 102
  97  95  91  87  87  82  83  85  86  83  81  81  82  82  80  80  80  80
  80  80  78  76  75  72  70  70  71  70  68  66  66  66  64  62  62  63
  62  59  63  61  59  58  58  58  57  54  57  57  56  53  52  52  52  52
  53  49  47  49  52  52  51  52  50  51  51  49  46  47  49  47  49  49
  48  47  44  41  39  39  42  41  40  40  41  41  38  33  37  33  33  34
  38  45  51  58  65  67  71  77  87  94  96  93 101 104 102 100 104 104
 109  28]"
"[ 29  25 153 146 141 148 143 137 134 132 129 126 123 121 121 123 113 104
  99  98  96  97  92  91  88  92  94  96 100  99  96  99 101 103 106 110
 112 115 117 109 117 125 127 123 123 125 128 133 141 143 158 171 176 180
 186 195 196 196 196 194 192 187 179 172 165 161 155 152 147 142 139 132
 131 133 137 137 135 130 128 128 131 128 125 124 124 122 120 119 117 115
 110 109 108 106 102  97  92  96  96  92  89  89  88  86  88  87  86  85
  85  84  82  79  79  79  80  81  80  77  75  74  74  74  72  69  69  72
  71  68  68  68  68  66  65  65  65  64  66  63  61  60  61  60  58  56
  55  54  55  56  55  53  52  53  53  50  49  49  50  53  54  52  51  54
  57  58  56  54  55  56  50  49  48  46  46  46  46  46  46  41  41  41
  41  38  34  36  33  35  37  39  48  61  70  74  83  87  97 101 102 103
 110  28]"
"[ 29  30 212 210 202 195 184 173 164 158 155 156 154 148 145 146 147 140
 134 134 130 131 124 122 120 119 110 102 102 100  98 101  93  98 100  98
  92  95 103 100  96 106 109 109 111 112 116 124 120 120 122 121 122 128
 126 122 129 138 151 165 176 185 190 194 195 196 198 200 197 192 188 182
 168 163 156 151 148 146 143 140 137 135 135 137 137 133 128 125 129 125
 123 122 123 122 118 117 114 114 112 109 107 107 105 102  97  97  95  92
  90  89  87  85  88  90  91  90  86  83  83  85  82  81  79  77  78  79
  78  75  74  75  74  73  72  72  72  72  71  68  66  67  68  68  66  64
  58  60  62  63  62  61  62  62  59  54  52  52  53  55  55  53  54  55
  57  59  58  57  57  58  56  58  61  62  60  58  57  57  55  50  48  45
  44  42  39  40  39  40  41  40  41  44  46  46  42  43  54  61  67  73
  80  30]"
"[ 29  28 246 250 253 249 250 244 239 232 220 208 199 193 186 179 172 164
 157 154 148 151 146 145 145 145 137 130 130 125 115 112 116 115 115 113
 103  99 100  94  95  98  96  94  96  94  96 104 110 109 112 110 109 113
 117 120 122 120 120 122 125 130 135 139 140 153 164 171 176 186 197 198
 197 198 197 194 193 190 184 179 176 167 157 150 146 141 139 139 138 133
 136 133 131 130 128 132 129 125 121 120 121 121 120 119 111 111 110 107
 105 105 104 102 101  98  94  92  90  89  90  90  92  89  87  87  88  87
  85  84  81  79  77  76  77  79  77  75  76  75  74  73  72  72  72  73
  70  70  70  68  67  67  66  65  64  60  60  61  61  61  62  62  58  55
  55  57  60  59  58  57  58  59  60  60  61  62  63  64  64  62  62  59
  59  60  57  56  56  53  50  49  49  48  47  46  47  47  48  46  48  44
  42  31]"
"[ 29  29 246 253 252 253 253 253 252 253 253 254 253 251 249 248 243 237
 230 222 212 200 185 175 167 163 158 155 153 150 146 141 145 141 137 135
 129 123 120 118 116 109 101  97  96  96  97  98  95  96  98  94  97  98
 105 106 105 106 102 110 114 112 119 119 117 123 126 127 132 135 141 151
 154 155 160 169 181 190 194 195 203 200 199 196 189 185 182 176 169 162
 149 141 138 132 131 137 133 133 132 132 131 129 126 124 126 124 122 122
 121 118 115 113 113 108 110 105 106  96 100 101  97  95  93  91  91  90
  89  87  91  87  90  88  87  85  80  82  82  82  82  82  80  75  74  78
  77  77  75  72  72  73  73  72  73  70  69  69  70  68  68  69  66  65
  64  66  65  62  61  61  61  59  57  57  58  59  61  64  64  64  64  64
  65  66  68  69  71  65  64  69  70  65  60  59  59  50  53  52  50  51
  48  32]"
"[ 29  29 246 252 252 252 253 252 253 253 253 253 253 253 252 252 253 252
 251 252 254 254 252 249 249 244 236 227 218 209 198 191 177 170 164 159
 154 151 150 149 144 143 142 140 135 127 120 116 121 117 116 105 104  96
  98  95  98 100  96  99  99  96 100  96  96 103 109 112 115 115 118 123
 127 129 130 129 128 130 134 137 150 161 172 176 179 187 194 195 194 196
 196 197 195 186 176 173 159 156 149 143 139 138 139 139 137 135 134 135
 134 133 131 130 124 124 125 119 116 115 116 112 111 110 108 105 105 105
 104 103  99  96  97  94  92  92  89  91  91  92  92  92  91  87  84  84
  82  81  79  78  79  80  81  81  78  76  74  75  75  74  73  73  74  73
  72  70  69  68  67  66  65  66  68  67  63  60  62  66  67  66  65  64
  64  65  68  69  71  70  71  75  75  73  75  79  80  73  71  72  64  63
  61  27]"
"[ 29  28 245 252 252 252 252 252 252 252 252 252 252 252 253 253 254 253
 253 253 252 252 253 253 254 254 254 254 254 253 250 247 243 239 237 233
 223 209 196 186 182 175 166 160 157 153 149 146 145 140 141 131 132 122
 124 122 115 117 110 105 102  99 100  93  96  97  96  97 100  99  97  96
 105 108 110 110 111 114 115 115 119 124 125 125 129 136 142 146 160 165
 169 173 178 180 183 186 185 187 188 185 181 177 171 167 160 153 145 141
 139 138 137 136 134 130 128 131 130 133 131 126 125 124 123 121 119 118
 115 113 113 111 109 103  99  98  95  94  96  97  96  94  94  95  93  91
  88  88  89  89  88  85  86  87  86  84  83  83  83  82  82  82  80  80
  79  75  75  75  75  72  72  72  74  74  72  70  70  71  70  69  68  67
  67  69  70  72  70  70  71  73  74  75  78  81  82  81  78  84  78  78
  81  30]"
"[ 29  29 245 252 252 252 252 251 252 252 251 251 251 251 252 252 250 250
 251 251 251 251 252 253 250 250 251 251 252 254 254 253 254 252 252 253
 253 253 254 253 247 240 232 225 218 209 197 189 178 168 163 159 164 157
 152 145 136 140 137 136 135 131 127 118 109 112 112 107  99  93  91  92
  91  99 102  98  93  95 101 106 101 103 104 111 119 119 118 121 123 125
 127 127 127 130 137 145 158 165 173 179 185 190 194 194 194 189 185 184
 182 175 165 157 150 148 149 147 136 133 135 137 137 136 133 132 131 132
 130 129 127 127 126 120 117 117 115 112 112 110 108 106 104 102 100  96
  95  93  92  94  94  92  91  92  92  90  89  89  89  89  89  89  86  87
  86  84  83  82  80  78  80  78  78  80  80  78  77  77  76  76  76  75
  75  74  74  74  74  74  74  74  75  76  77  77  77  80  78  83  81  82
  86  29]"
"[ 29  29 245 252 252 252 252 251 253 252 252 252 252 252 252 252 253 253
 253 253 253 252 252 252 253 253 253 252 252 252 252 252 252 251 252 253
 251 251 252 252 254 254 253 253 253 252 253 254 252 250 245 235 221 207
 201 200 191 185 174 166 160 154 149 143 146 140 134 130 130 130 127 123
 117 115 111 106 103 102  98  93  96  96  95  95  98  97 100 107 104 103
 105 110 111 112 116 122 123 124 124 124 126 132 137 140 156 159 168 179
 187 189 187 186 189 189 189 183 179 175 167 154 148 145 141 138 138 139
 138 137 135 137 135 131 129 131 131 129 126 123 124 124 121 118 116 112
 117 110 104 104 105 104 102 101 102 100  98  97  97  97  97  97  96  94
  93  94  92  89  87  87  88  87  88  88  86  82  81  81  84  84  83  82
  81  79  78  77  79  80  80  79  77  77  79  80  78  81  80  79  81  81
  80  29]"
"[ 29  29 245 252 252 252 252 252 252 252 252 252 252 252 252 252 251 251
 251 251 252 252 252 252 251 251 252 251 251 252 251 251 253 252 253 253
 251 251 253 253 250 250 251 252 252 252 252 252 254 253 250 254 254 254
 252 251 250 245 240 235 227 216 204 196 185 179 173 165 158 154 150 144
 142 141 138 132 127 124 122 120 114 115 111 103 100 102 104 106 105  97
  95 100 102 103 105 107 104 105 108 111 113 116 120 123 122 124 127 130
 132 135 142 149 149 156 165 172 182 186 189 189 189 188 184 180 176 171
 165 160 147 149 144 138 135 134 136 134 140 134 133 134 132 132 133 132
 129 126 124 123 120 117 115 115 113 111 108 106 105 104 104 103 105 102
 101 102 102 100  99 101  98  96  95  96  95  92  88  86  90  89  88  87
  86  86  85  85  87  85  83  82  82  82  83  83  80  82  83  79  82  82
  80  31]"
"[ 29  29 245 252 252 252 252 252 252 252 252 252 252 252 252 252 253 252
 252 251 251 252 252 252 252 252 253 253 253 254 253 252 251 251 253 253
 252 252 252 250 253 252 250 251 253 253 253 252 251 252 251 252 252 253
 252 252 252 252 253 254 254 254 252 252 252 246 241 235 227 218 204 189
 178 169 160 155 154 152 148 146 138 139 139 136 132 128 118 105 113 106
 103 104 102 100  99  97  98  96  96  98  98  97  99 102 106 107 110 112
 112 114 120 125 128 124 117 124 133 138 139 146 149 155 164 172 180 187
 193 195 192 193 186 179 172 166 166 162 153 145 140 136 130 131 132 127
 131 133 135 134 132 130 130 131 124 123 120 117 116 115 113 111 106 105
 104 104 104 104 104 104 107 103 101 103 105 103  99  96  98  97  97  97
  97  97  97  97  98  94  91  91  93  92  90  88  89  88  89  86  86  86
  85  28]"
"[ 29  29 245 252 252 252 252 252 252 252 252 252 251 252 252 252 252 252
 252 252 252 252 252 252 252 252 252 251 251 251 252 251 253 252 252 251
 251 252 253 252 251 252 252 252 252 251 251 252 252 252 253 250 252 252
 253 252 252 252 253 251 250 252 253 254 253 253 254 254 251 253 254 252
 252 249 246 244 237 223 211 204 195 183 172 163 157 154 151 143 147 144
 143 138 130 126 126 123 114 110 106 105 103 100 101 105  97  97  99 102
 103 101  99  98  97 107 105 113 117 123 117 124 125 127 129 129 131 137
 145 150 159 165 169 177 183 187 194 195 196 190 186 180 173 172 167 156
 151 147 141 138 140 142 141 138 140 139 136 134 132 131 128 126 125 126
 125 122 121 120 118 115 113 111 109 109 108 106 106 108 108 108 108 109
 109 108 106 104 101 101 101 102 101  98  96  97  97  94  96  96  93  92
  94  28]"
"[ 29  29 245 252 252 252 253 252 252 252 252 252 252 252 252 252 252 252
 252 252 252 252 252 252 252 252 252 252 252 252 252 252 252 252 252 252
 252 252 252 252 252 252 252 252 252 252 252 252 252 252 252 252 252 252
 252 252 252 252 252 252 252 252 252 252 252 252 252 252 252 252 252 252
 253 253 253 253 253 253 253 253 249 246 241 236 229 219 208 200 193 184
 172 164 159 156 151 147 143 135 130 131 133 129 124 122 116 115 112 109
 109 106 103 103 104 104 102 103 105 103 103 100 103 105 110 114 115 125
 123 126 123 126 129 132 134 139 149 158 163 172 179 181 187 194 194 196
 195 188 185 181 173 168 163 154 153 150 146 144 144 141 139 141 144 142
 139 139 136 133 134 130 128 126 125 122 120 119 117 117 116 115 115 114
 112 113 114 113 112 111 111 112 108 106 108 104 105 102 101 107 107 107
 103  29]"
"[ 29  29 245 252 252 252 253 252 252 252 252 252 252 252 252 252 252 252
 252 252 252 252 252 252 252 252 252 252 252 252 252 252 252 252 252 252
 252 252 252 252 252 252 252 252 252 252 252 252 252 252 252 252 252 252
 252 252 252 252 252 252 252 252 252 252 252 252 252 252 252 252 252 252
 253 253 253 253 253 253 253 253 252 252 252 253 255 255 254 253 252 247
 240 233 226 218 210 205 186 176 164 157 154 151 151 152 142 140 137 135
 134 129 123 121 120 113 104 103 103 100  99  97  99 100 103 103 103 108
 105 107 114 112 113 118 123 125 125 124 129 131 132 130 138 151 156 159
 166 181 193 196 197 201 202 202 194 191 184 179 174 166 158 155 148 149
 148 148 147 145 145 139 137 136 138 138 137 135 131 131 131 128 127 125
 123 123 120 115 113 114 115 118 115 115 119 118 116 118 116 113 109 112
 110  28]"
"[ 29  29 245 252 252 252 253 252 252 252 252 252 252 252 252 252 252 252
 252 252 252 252 252 252 252 252 252 252 252 252 252 252 252 252 252 252
 252 252 252 252 252 252 252 252 252 252 252 252 252 252 252 252 252 252
 252 252 252 252 252 252 252 252 252 252 252 252 252 252 252 252 252 252
 252 252 252 252 252 252 252 252 253 253 253 251 251 250 251 252 252 252
 253 253 253 253 253 252 255 253 247 239 229 217 206 201 192 185 173 164
 160 155 151 149 146 142 139 145 145 137 130 125 119 115 112 103 101 102
 102 102 102 104 107 105 101  99 104 111 112 115 120 120 122 129 127 123
 127 130 131 133 137 138 146 161 171 176 182 189 195 196 195 197 194 195
 189 182 175 169 163 154 148 147 147 148 149 149 151 153 149 147 145 141
 137 137 138 136 137 134 130 128 123 121 125 123 121 122 123 126 123 121
 121  31]"
"[ 29  29 245 252 252 252 253 252 252 252 252 252 252 252 252 252 252 252
 252 252 252 252 252 252 252 252 252 252 252 252 252 252 252 252 252 252
 252 252 252 252 252 252 252 252 252 252 252 252 252 252 252 252 252 252
 252 252 252 252 252 252 252 252 252 252 252 252 252 252 252 252 252 252
 252 252 252 252 252 252 252 252 250 251 252 252 252 253 254 254 253 253
 252 252 251 252 253 254 253 253 252 251 251 252 253 253 251 249 242 235
 226 211 196 188 187 179 167 164 163 156 151 145 143 141 141 135 136 133
 132 128 119 113 107 108 110 109 105 100 101 101 106 106 104 109 111 111
 114 120 121 121 126 130 131 133 134 138 142 144 146 147 151 158 172 181
 188 195 200 201 200 195 189 189 184 179 172 164 159 155 152 151 151 149
 147 148 151 150 148 147 144 144 144 141 140 136 137 131 128 133 130 126
 127  26]"
"[ 29  29 245 252 252 252 253 252 252 252 252 252 252 252 252 252 252 252
 252 252 252 252 252 252 252 252 252 252 252 252 252 252 252 252 252 252
 252 252 252 252 252 252 252 252 252 252 252 252 252 252 252 252 252 252
 252 252 252 252 252 252 252 252 252 252 252 252 252 252 252 252 252 252
 252 252 252 252 252 252 252 252 253 253 253 253 253 252 251 250 251 251
 252 252 252 252 251 251 251 253 254 253 253 253 252 251 252 253 253 253
 254 253 252 252 249 243 233 228 225 216 204 191 174 171 168 162 162 156
 152 145 148 147 147 146 142 134 128 125 125 119 120 117 110 107 105 105
 104 107 110 109 108 115 118 113 112 116 121 126 130 131 134 139 134 140
 141 147 154 160 169 175 191 196 197 198 199 200 203 199 198 192 185 177
 171 168 164 158 152 152 148 149 151 151 153 151 149 148 147 148 147 145
 149  29]"
"[ 29  29 245 252 252 252 253 252 252 252 252 252 252 252 252 252 252 252
 252 252 252 252 252 252 252 252 252 252 252 252 252 252 252 252 252 252
 252 252 252 252 252 252 252 252 252 252 252 252 252 252 252 252 252 252
 252 252 252 252 252 252 252 252 252 252 252 252 252 252 252 252 252 252
 252 252 252 252 252 252 252 252 253 252 251 251 252 252 252 251 253 253
 253 253 253 253 252 251 252 252 251 250 251 252 253 253 251 252 252 251
 252 251 251 253 253 255 254 254 255 255 255 251 255 251 240 229 223 214
 209 201 185 178 168 162 158 156 156 156 155 147 146 146 144 139 132 130
 123 118 119 120 114 110 108 102 103 105 107 111 115 114 111 111 119 125
 124 126 129 127 129 133 137 145 146 153 160 167 177 177 181 186 194 201
 204 206 205 201 196 195 187 180 174 167 166 166 159 158 158 160 158 155
 161  28]"
"[ 29  29 245 252 252 252 253 252 252 252 252 252 252 252 252 252 252 252
 252 252 252 252 252 252 252 252 252 252 252 252 252 252 252 252 252 252
 252 252 252 252 252 252 252 252 252 252 252 252 252 252 252 252 252 252
 252 252 252 252 252 252 252 252 252 252 252 252 252 252 252 252 252 252
 252 252 252 252 252 252 252 252 253 252 252 252 252 252 252 252 253 252
 251 251 251 252 253 253 253 253 253 252 252 251 251 251 252 253 252 251
 252 251 251 254 249 253 254 253 250 248 251 252 251 253 251 254 254 254
 254 250 245 242 238 234 226 213 200 192 189 179 169 160 159 159 155 155
 155 151 145 140 139 140 137 129 126 122 117 114 114 113 113 115 112 116
 111 110 114 114 116 118 122 127 127 133 134 132 137 135 138 143 149 153
 156 166 178 184 190 194 194 197 201 200 200 200 193 189 184 181 178 174
 177  28]"
"[ 29  29 245 252 252 252 253 252 252 252 252 252 252 252 252 252 252 252
 252 252 252 252 252 252 252 252 252 252 252 252 252 252 252 252 252 252
 252 252 252 252 252 252 252 252 252 252 252 252 252 252 252 252 252 252
 252 252 252 252 252 252 252 252 252 252 252 252 252 252 252 252 252 252
 252 252 252 252 252 252 252 252 251 252 252 253 252 252 252 252 251 252
 252 252 252 252 252 252 251 251 252 253 253 252 252 253 251 252 252 252
 253 252 250 252 253 252 249 252 253 252 253 251 251 254 251 254 250 252
 254 252 254 253 252 253 254 254 253 254 246 244 237 226 221 214 202 197
 185 176 165 163 164 157 152 157 150 151 148 144 139 133 131 133 129 132
 122 115 116 114 112 110 108 110 108 116 118 115 123 125 121 125 131 132
 132 135 140 142 144 146 144 152 168 179 187 191 201 207 209 208 212 212
 204  31]"
"[ 29  29 245 252 252 252 253 252 252 252 252 252 252 252 252 252 252 252
 252 252 252 252 252 252 252 252 252 252 252 252 252 252 252 252 252 252
 252 252 252 252 252 252 252 252 252 252 252 252 252 252 252 252 252 252
 252 252 252 252 252 252 252 252 252 252 252 252 252 252 252 252 252 252
 252 252 252 252 252 252 252 252 252 252 252 252 252 252 252 252 252 252
 252 252 252 252 252 252 252 252 252 252 252 252 252 252 252 252 252 252
 252 252 252 252 252 252 252 252 252 252 252 252 252 252 252 252 252 252
 252 252 252 252 252 252 252 252 252 252 253 253 253 253 254 254 254 254
 254 252 247 239 228 216 205 199 191 185 176 169 164 161 157 154 152 150
 151 149 142 142 142 136 128 126 122 117 114 115 114 111 110 111 115 121
 116 117 121 129 133 132 133 138 143 144 143 145 146 150 150 154 165 179
 186  29]"
"[ 29  29 245 252 252 252 253 252 252 252 252 252 252 252 252 252 252 252
 252 252 252 252 252 252 252 252 252 252 252 252 252 252 252 252 252 252
 252 252 252 252 252 252 252 252 252 252 252 252 252 252 252 252 252 252
 252 252 252 252 252 252 252 252 252 252 252 252 252 252 252 252 252 252
 252 252 252 252 252 252 252 252 252 252 252 252 252 252 252 252 252 252
 252 252 252 252 252 252 252 252 252 252 252 252 252 252 252 252 252 252
 252 252 252 252 252 252 252 252 252 252 252 252 252 252 252 252 252 252
 252 252 252 252 252 252 252 252 252 252 252 252 252 252 252 253 253 253
 253 253 254 254 254 254 253 253 247 246 245 241 233 221 208 199 193 186
 180 172 162 160 159 152 154 154 151 148 147 145 140 135 133 128 125 123
 117 115 117 120 120 118 118 121 127 129 130 133 136 133 137 143 145 145
 152  27]"
"[ 29  29 245 252 252 252 253 252 252 252 252 252 252 252 252 252 252 252
 252 252 252 252 252 252 252 252 252 252 252 252 252 252 252 252 252 252
 252 252 252 252 252 252 252 252 252 252 252 252 252 252 252 252 252 252
 252 252 252 252 252 252 252 252 252 252 252 252 252 252 252 252 252 252
 252 252 252 252 252 252 252 252 252 252 252 252 252 252 252 252 252 252
 252 252 252 252 252 252 252 252 252 252 252 252 252 252 252 252 252 252
 252 252 252 252 252 252 252 252 252 252 252 252 252 252 252 252 252 252
 252 252 252 252 252 252 252 252 252 252 252 252 252 252 252 252 252 252
 252 252 251 251 252 253 254 254 253 253 254 255 255 255 254 253 252 248
 244 239 229 221 212 202 186 180 172 165 163 164 162 160 160 155 154 152
 150 145 141 135 134 131 126 124 125 125 125 127 133 128 129 128 130 131
 135  31]"
"[ 29  29 245 252 252 252 253 252 252 252 252 252 252 252 252 252 252 252
 252 252 252 252 252 252 252 252 252 252 252 252 252 252 252 252 252 252
 252 252 252 252 252 252 252 252 252 252 252 252 252 252 252 252 252 252
 252 252 252 252 252 252 252 252 252 252 252 252 252 252 252 252 252 252
 252 252 252 252 252 252 252 252 252 252 252 252 252 252 252 252 252 252
 252 252 252 252 252 252 252 252 252 252 252 252 252 252 252 252 252 252
 252 252 252 252 252 252 252 252 252 252 252 252 252 252 252 252 252 252
 252 252 252 252 252 252 252 252 252 252 252 252 252 252 252 252 252 252
 253 253 253 253 252 252 251 251 254 253 251 250 250 251 252 253 254 253
 254 255 255 254 254 250 254 253 249 244 237 228 217 209 206 196 188 177
 174 170 169 164 162 159 154 149 147 143 141 142 136 131 131 125 128 132
 128  26]"
"[ 29  29 245 252 252 252 253 252 252 252 252 252 252 252 252 252 252 252
 252 252 252 252 252 252 252 252 252 252 252 252 252 252 252 252 252 252
 252 252 252 252 252 252 252 252 252 252 252 252 252 252 252 252 252 252
 252 252 252 252 252 252 252 252 252 252 252 252 252 252 252 252 252 252
 252 252 252 252 252 252 252 252 252 252 252 252 252 252 252 252 252 252
 252 252 252 252 252 252 252 252 252 252 252 252 252 252 252 252 252 252
 252 252 252 252 252 252 252 252 252 252 252 252 252 252 252 252 252 252
 252 252 252 252 252 252 252 252 252 252 252 252 252 252 252 252 252 252
 250 250 251 252 253 253 253 253 252 253 254 254 254 253 252 251 253 252
 251 250 250 253 255 255 253 253 253 253 254 255 254 254 251 247 247 241
 238 230 224 215 203 201 194 187 180 172 165 163 162 154 157 154 154 149
 144  33]"
"[ 29  29 245 252 252 252 253 252 252 252 252 252 252 252 252 252 252 252
 252 252 252 252 252 252 252 252 252 252 252 252 252 252 252 252 252 252
 252 252 252 252 252 252 252 252 252 252 252 252 252 252 252 252 252 252
 252 252 252 252 252 252 252 252 252 252 252 252 252 252 252 252 252 252
 252 252 252 252 252 252 252 252 252 252 252 252 252 252 252 252 252 252
 252 252 252 252 252 252 252 252 252 252 252 252 252 252 252 252 252 252
 252 252 252 252 252 252 252 252 252 252 252 252 252 252 252 252 252 252
 252 252 252 252 252 252 252 252 252 252 252 252 252 252 252 252 252 252
 253 253 252 252 251 251 250 250 251 251 251 251 250 251 252 253 251 252
 253 253 253 252 252 253 254 254 254 254 252 251 251 251 252 252 254 254
 254 254 254 251 254 253 249 243 237 229 223 220 206 193 186 177 172 169
 169  28]"
"[ 29  29 245 252 252 252 253 252 252 252 252 252 252 252 252 252 252 252
 252 252 252 252 252 252 252 252 252 252 252 252 252 252 252 252 252 252
 252 252 252 252 252 252 252 252 252 252 252 252 252 252 252 252 252 252
 252 252 252 252 252 252 252 252 252 252 252 252 252 252 252 252 252 252
 252 252 252 252 252 252 252 252 252 252 252 252 252 252 252 252 252 252
 252 252 252 252 252 252 252 252 252 252 252 252 252 252 252 252 252 252
 252 252 252 252 252 252 252 252 252 252 252 252 252 252 252 252 252 252
 252 252 252 252 252 252 252 252 252 252 252 252 252 252 252 252 252 252
 252 252 252 252 252 253 253 253 253 253 253 253 252 252 252 252 253 253
 252 252 252 251 251 253 252 252 253 253 253 252 253 253 253 252 251 252
 251 253 255 255 251 254 254 254 254 254 254 254 254 254 253 252 247 240
 222  29]"
"[ 29  29 245 252 252 252 253 252 252 252 252 252 252 252 252 252 252 252
 252 252 252 252 252 252 252 252 252 252 252 252 252 252 252 252 252 252
 252 252 252 252 252 252 252 252 252 252 252 252 252 252 252 252 252 252
 252 252 252 252 252 252 252 252 252 252 252 252 252 252 252 252 252 252
 252 252 252 252 252 252 252 252 252 252 252 252 252 252 252 252 252 252
 252 252 252 252 252 252 252 252 252 252 252 252 252 252 252 252 252 252
 252 252 252 252 252 252 252 252 252 252 252 252 252 252 252 252 252 252
 252 252 252 252 252 252 252 252 252 252 252 252 252 252 252 252 252 252
 252 252 252 252 252 252 251 251 251 252 252 252 252 252 252 253 251 252
 251 252 253 252 251 253 253 253 253 253 253 252 251 252 253 251 250 254
 252 254 252 252 251 253 252 251 251 252 253 254 253 254 253 253 252 253
 243  30]"
"[ 29  29 245 252 252 252 253 252 252 252 252 252 252 252 252 252 252 252
 252 252 252 252 252 252 252 252 252 252 252 252 252 252 252 252 252 252
 252 252 252 252 252 252 252 252 252 252 252 252 252 252 252 252 252 252
 252 252 252 252 252 252 252 252 252 252 252 252 252 252 252 252 252 252
 252 252 252 252 252 252 252 252 252 252 252 252 252 252 252 252 252 252
 252 252 252 252 252 252 253 251 251 252 253 253 252 251 253 253 251 250
 251 252 252 252 252 252 252 252 252 252 252 252 252 252 252 252 252 252
 252 252 252 252 252 252 252 252 252 252 252 252 252 252 252 252 252 252
 252 252 252 252 252 252 252 252 252 252 252 252 252 252 252 252 252 252
 252 252 252 252 252 252 252 252 252 252 252 252 252 252 252 252 252 252
 252 252 252 252 252 252 252 252 252 252 252 252 252 253 252 253 253 252
 244  29]"
"[ 29  29 245 252 252 252 253 252 252 252 252 252 252 252 252 252 252 252
 252 252 252 252 252 252 252 252 252 252 252 252 252 252 252 252 252 252
 252 252 252 252 252 252 252 252 252 252 252 252 252 252 252 252 252 252
 252 252 252 252 252 252 252 252 252 252 252 252 252 252 252 252 252 252
 252 252 252 252 252 252 252 252 252 252 252 252 252 252 252 252 252 252
 252 252 252 252 252 252 251 254 254 252 250 251 252 253 250 252 254 254
 253 251 251 251 252 252 252 252 252 252 252 252 252 252 252 252 252 252
 252 252 252 252 252 252 252 252 252 252 252 252 252 252 252 252 252 252
 252 252 252 252 252 252 252 252 252 252 252 252 252 252 252 252 252 252
 252 252 252 252 252 252 252 252 252 252 252 252 252 252 252 252 252 252
 252 252 252 252 252 252 252 252 252 252 252 252 252 252 253 253 252 252
 243  29]"
"[ 29  29 245 252 252 252 253 252 252 252 252 252 252 252 252 252 252 252
 252 252 252 252 252 252 252 252 252 252 252 252 252 252 252 252 252 252
 252 252 252 252 252 252 252 252 252 252 252 252 252 252 252 252 252 252
 252 252 252 252 252 252 252 252 252 252 252 252 252 252 252 252 252 252
 252 252 252 252 252 252 252 252 252 252 252 252 252 252 252 252 252 252
 252 252 252 252 252 252 253 250 250 253 254 253 251 252 254 252 251 251
 252 251 252 252 252 252 252 252 252 252 252 252 252 252 252 252 252 252
 252 252 252 252 252 252 252 252 252 252 252 252 252 252 252 252 252 252
 252 252 252 252 252 252 252 252 252 252 252 252 252 252 252 252 252 252
 252 252 252 252 252 252 252 252 252 252 252 252 252 252 252 252 252 252
 252 252 252 252 252 252 252 252 252 252 252 252 252 252 252 253 252 252
 243  29]"
"[ 29  29 245 252 252 252 253 252 252 252 252 252 252 252 252 252 252 252
 252 252 252 252 252 252 252 252 252 252 252 252 252 252 252 252 252 252
 252 252 252 252 252 252 252 252 252 252 252 252 252 252 252 252 252 252
 252 252 252 252 252 252 252 252 252 252 252 252 252 252 252 252 252 252
 252 252 252 252 252 252 252 252 252 252 252 252 252 252 252 252 252 252
 252 252 252 252 252 252 254 252 251 252 251 250 251 253 249 250 252 252
 252 251 252 254 252 252 252 252 252 252 252 252 252 252 252 252 252 252
 252 252 252 252 252 252 252 252 252 252 252 252 252 252 252 252 252 252
 252 252 252 252 252 252 252 252 252 252 252 252 252 252 252 252 252 252
 252 252 252 252 252 252 252 252 252 252 252 252 252 252 252 252 252 252
 252 252 252 252 252 252 252 252 252 252 252 252 252 252 252 252 252 251
 243  29]"
"[ 29  29 245 252 252 252 253 252 252 252 252 252 252 252 252 252 252 252
 252 252 252 252 252 252 252 252 252 252 252 252 252 252 252 252 252 252
 252 252 252 252 252 252 252 252 252 252 252 252 252 252 252 252 252 252
 252 252 252 252 252 252 252 252 252 252 252 252 252 252 252 252 252 252
 252 252 252 252 252 252 252 252 252 252 252 252 252 252 252 252 252 252
 252 252 252 252 252 252 250 253 253 252 252 253 253 251 254 254 253 252
 252 253 252 250 252 252 252 252 252 252 252 252 252 252 252 252 252 252
 252 252 252 252 252 252 252 252 252 252 252 252 252 252 252 252 252 252
 252 252 252 252 252 252 252 252 252 252 252 252 252 252 252 252 252 252
 252 252 252 252 252 252 252 252 252 252 252 252 252 252 252 252 252 252
 252 252 252 252 252 252 252 252 252 252 252 252 252 252 252 252 251 251
 243  29]"
"[ 29  29 245 252 252 252 253 252 252 252 252 252 252 252 252 252 252 252
 252 252 252 252 252 252 252 252 252 252 252 252 252 252 252 252 252 252
 252 252 252 252 252 252 252 252 252 252 252 252 252 252 252 252 252 252
 252 252 252 252 252 252 252 252 252 252 252 252 252 252 252 252 252 252
 252 252 252 252 252 252 252 252 252 252 252 252 252 252 252 252 252 252
 252 252 252 252 252 252 253 252 251 251 251 251 251 252 250 251 252 253
 252 252 252 253 252 252 252 252 252 252 252 252 252 252 252 252 252 252
 252 252 252 252 252 252 252 252 252 252 252 252 252 252 252 252 252 252
 252 252 252 252 252 252 252 252 252 252 252 252 252 252 252 252 252 252
 252 252 252 252 252 252 252 252 252 252 252 252 252 252 252 252 252 252
 252 252 252 252 252 252 252 252 252 252 252 252 252 252 252 252 251 251
 243  29]"
"[ 29  29 245 252 252 252 253 252 252 252 252 252 252 252 252 252 252 252
 252 252 252 252 252 252 252 252 252 252 252 252 252 252 252 252 252 252
 252 252 252 252 252 252 252 252 252 252 252 252 252 252 252 252 252 252
 252 252 252 252 252 252 252 252 252 252 252 252 252 252 252 252 252 252
 252 252 252 252 252 252 252 252 252 252 252 252 252 252 252 252 252 252
 252 252 252 252 252 252 251 252 253 253 254 253 252 250 250 245 244 249
 253 253 252 253 252 252 252 252 252 252 252 252 252 252 252 252 252 252
 252 252 252 252 252 252 252 252 252 252 252 252 252 252 252 252 252 252
 252 252 252 252 252 252 252 252 252 252 252 252 252 252 252 252 252 252
 252 252 252 252 252 252 252 252 252 252 252 252 252 252 252 252 252 252
 252 252 252 252 252 252 252 252 252 252 252 252 252 252 251 252 251 251
 243  29]"
"[ 29  29 245 252 252 252 253 252 252 252 252 252 252 252 252 252 252 252
 252 252 252 252 252 252 252 252 252 252 252 252 252 252 252 252 252 252
 252 252 252 252 252 252 252 252 252 252 252 252 252 252 252 252 252 252
 252 252 252 252 252 252 252 252 252 252 252 252 252 252 252 252 252 252
 252 252 252 252 252 252 252 252 252 252 252 252 252 252 252 252 252 252
 252 252 252 252 252 252 250 253 252 249 254 249 213 168 135 106  97 136
 197 240 253 252 252 252 252 252 252 252 252 252 252 252 252 252 252 252
 252 252 252 252 252 252 252 252 252 252 252 252 252 252 252 252 252 252
 252 252 252 252 252 252 252 252 252 252 252 252 252 252 252 252 252 252
 252 252 252 252 252 252 252 252 252 252 252 252 252 252 252 252 252 252
 252 252 252 252 252 252 252 252 252 252 252 252 252 252 251 252 251 251
 243  29]"
"[ 29  29 246 252 252 252 253 252 252 252 252 252 252 252 252 252 252 252
 252 252 252 252 252 252 252 252 252 252 252 252 252 252 252 252 252 252
 252 252 252 252 252 252 252 252 252 252 252 252 252 252 252 252 252 252
 252 252 252 252 252 252 252 252 252 252 252 252 252 252 252 252 252 252
 252 252 252 252 252 252 252 252 252 252 252 252 252 252 252 252 252 252
 252 252 252 252 252 252 251 253 251 252 251 212 120  84  67  64  66  71
 101 159 246 250 253 252 254 251 252 253 250 253 252 252 252 252 252 252
 252 252 252 252 252 252 252 252 252 252 252 252 252 252 252 252 252 252
 252 252 252 252 252 252 252 252 252 252 252 252 252 252 252 252 252 252
 252 252 252 252 252 252 252 252 252 252 252 252 252 252 252 252 252 252
 252 252 252 252 252 252 252 252 252 252 252 252 252 252 252 252 251 252
 244  29]"
"[ 29  29 246 252 252 252 253 252 252 252 252 252 252 252 252 252 252 252
 252 252 252 252 252 252 252 252 252 252 252 252 252 252 252 252 252 252
 252 252 252 252 252 252 252 252 252 252 252 252 252 252 252 252 252 252
 252 252 252 252 252 252 252 252 252 252 252 252 252 252 252 252 252 252
 252 252 252 252 252 252 252 252 252 252 252 252 252 252 252 252 252 252
 252 252 252 252 252 252 251 253 252 253 239 123  78  58  57  62  65  66
  71  91 183 250 253 251 253 252 252 253 251 253 252 252 252 252 252 252
 252 252 252 252 252 252 252 252 252 252 252 252 252 252 252 252 252 252
 252 252 252 252 252 252 252 252 252 252 252 252 252 252 252 252 252 252
 252 252 252 252 252 252 252 252 252 252 252 252 252 252 252 252 252 252
 252 252 252 252 252 252 252 252 252 252 252 252 252 252 252 252 251 252
 244  29]"
"[ 29  29 246 252 252 252 253 252 252 252 252 252 252 252 252 252 252 252
 252 252 252 252 252 252 252 252 252 252 252 252 252 252 252 252 252 252
 252 252 252 252 252 252 252 252 252 252 252 252 252 252 252 252 252 252
 252 252 252 252 252 252 252 252 252 252 252 252 252 252 252 252 252 252
 252 252 252 252 252 252 252 252 252 252 252 252 252 252 252 252 252 252
 252 252 252 252 252 252 254 252 251 252 221  86  69  58  55  47  61  59
  68  73 118 228 252 250 253 253 252 252 252 252 252 252 252 252 252 252
 252 252 252 252 252 252 252 252 252 252 252 252 252 252 252 252 252 252
 252 252 252 252 252 252 252 252 252 252 252 252 252 252 252 252 252 252
 252 252 252 252 252 252 252 252 252 252 252 252 252 252 252 252 252 252
 252 252 252 252 252 252 252 252 252 252 252 252 252 252 252 252 251 252
 244  29]"
"[ 29  29 246 252 252 252 253 252 252 252 252 252 252 252 252 252 252 252
 252 252 252 252 252 252 252 252 252 252 252 252 252 252 252 252 252 252
 252 252 252 252 252 252 252 252 252 252 252 252 252 252 252 252 252 252
 252 252 252 252 252 252 252 252 252 252 252 252 252 252 252 252 252 252
 252 252 252 252 252 252 252 252 252 252 252 252 252 252 252 252 252 252
 252 252 252 252 252 252 251 253 250 242 160  65  57  55  49  48  54  57
  71  71  89 182 251 250 252 253 252 252 252 252 252 252 252 252 252 252
 252 252 252 252 252 252 252 252 252 252 252 252 252 252 252 252 252 252
 252 252 252 252 252 252 252 252 252 252 252 252 252 252 252 252 252 252
 252 252 252 252 252 252 252 252 252 252 252 252 252 252 252 252 252 252
 252 252 252 252 252 252 252 252 252 252 252 252 252 252 252 252 251 252
 244  29]"
"[ 29  29 246 252 252 252 253 252 252 252 252 252 252 252 252 252 252 252
 252 252 252 252 252 252 252 252 252 252 252 252 252 252 252 252 252 252
 252 252 252 252 252 252 252 252 252 252 252 252 252 252 252 252 252 252
 252 252 252 252 252 252 252 252 252 252 252 252 252 252 252 252 252 252
 252 252 252 252 252 252 252 252 252 252 252 252 252 252 252 252 252 252
 252 252 252 252 252 252 252 254 250 218 101  49  51  51  48  49  51  52
  60  67  81 151 248 251 253 253 251 251 253 252 252 252 252 252 252 252
 252 252 252 252 252 252 252 252 252 252 252 252 252 252 252 252 252 252
 252 252 252 252 252 252 252 252 252 252 252 252 252 252 252 252 252 252
 252 252 252 252 252 252 252 252 252 252 252 252 252 252 252 252 252 252
 252 252 252 252 252 252 252 252 252 252 252 252 252 252 252 252 251 252
 244  29]"
"[ 29  29 246 252 252 252 253 252 252 252 252 252 252 252 252 252 252 252
 252 252 252 252 252 252 252 252 252 252 252 252 252 252 252 252 252 252
 252 252 252 252 252 252 252 252 252 252 252 252 252 252 252 252 252 252
 252 252 252 252 252 252 252 252 252 252 252 252 252 252 252 252 252 252
 252 252 252 252 252 252 252 252 252 252 252 252 252 252 252 252 252 252
 252 252 252 252 252 253 251 250 246 166  67  49  50  49  49  42  49  52
  57  69  78 137 242 252 254 252 252 251 252 252 252 252 252 252 252 252
 252 252 252 252 252 252 252 252 252 252 252 252 252 252 252 252 252 252
 252 252 252 252 252 252 252 252 252 252 252 252 252 252 252 252 252 252
 252 252 252 252 252 252 252 252 252 252 252 252 252 252 252 252 252 252
 252 252 252 252 252 252 252 252 252 252 252 252 252 252 252 252 251 252
 244  29]"
"[ 29  29 246 252 252 252 253 252 252 252 252 252 252 252 252 252 252 252
 252 252 252 252 252 252 252 252 252 252 252 252 252 252 252 252 252 252
 252 252 252 252 252 252 252 252 252 252 252 252 252 252 252 252 252 252
 252 252 252 252 252 252 252 252 252 252 252 252 252 252 252 252 252 252
 252 252 252 252 252 252 252 252 252 252 252 252 252 252 252 252 252 252
 252 252 252 252 253 253 252 250 237 114  54  48  45  46  43  48  45  56
  61  60  77 122 234 251 254 252 253 251 252 252 252 252 252 252 252 252
 252 252 252 252 252 252 252 252 252 252 252 252 252 252 252 252 252 252
 252 252 252 252 252 252 252 252 252 252 252 252 252 252 252 252 252 252
 252 252 252 252 252 252 252 252 252 252 252 252 252 252 252 252 252 252
 252 252 252 252 252 252 252 252 252 252 252 252 252 252 252 252 251 252
 244  29]"
"[ 29  29 246 252 252 252 253 252 252 252 252 252 252 252 252 252 252 252
 252 252 252 252 252 252 252 252 252 252 252 252 252 252 252 252 252 252
 252 252 252 252 252 252 252 252 252 252 252 252 252 252 252 252 252 252
 252 252 252 252 252 252 252 252 252 252 252 252 252 252 252 252 252 252
 252 252 252 252 252 252 252 252 252 252 252 252 252 252 252 252 252 252
 252 252 252 253 253 252 251 251 202  82  58  47  47  45  44  47  45  48
  61  69  75 120 228 251 253 251 254 252 251 252 252 252 252 252 252 252
 252 252 252 252 252 252 252 252 252 252 252 252 252 252 252 252 252 252
 252 252 252 252 252 252 252 252 252 252 252 252 252 252 252 252 252 252
 252 252 252 252 252 252 252 252 252 252 252 252 252 252 252 252 252 252
 252 252 252 252 252 252 252 252 252 252 252 252 252 252 252 252 251 252
 244  29]"
"[ 29  29 246 252 252 252 253 252 252 252 252 252 252 252 252 252 252 252
 252 252 252 252 252 252 252 252 252 252 252 252 252 252 252 252 252 252
 252 252 252 252 252 252 252 252 252 252 252 252 252 252 252 252 252 252
 252 252 252 252 252 252 252 252 252 252 252 252 252 252 252 252 252 252
 252 252 252 252 252 252 252 252 252 252 252 252 252 252 252 252 253 252
 252 252 253 252 252 252 250 251 162  63  54  48  40  42  42  45  46  50
  59  65  73 131 236 250 254 253 252 253 252 252 252 252 252 252 252 252
 252 252 252 252 252 252 252 252 252 252 252 252 252 252 252 252 252 252
 252 252 252 252 252 252 252 252 252 252 252 252 252 252 252 252 252 252
 252 252 252 252 252 252 252 252 252 252 252 252 252 252 252 252 252 252
 252 252 252 252 252 252 252 252 252 252 252 252 252 252 252 252 251 252
 244  29]"
"[ 29  29 246 252 252 252 253 252 252 252 252 252 252 252 252 252 252 252
 252 252 252 252 252 252 252 252 252 252 252 252 252 252 252 252 252 252
 252 252 252 252 252 252 252 252 252 252 252 252 252 252 252 252 252 252
 252 252 252 252 252 252 252 252 252 252 252 252 252 252 252 252 252 252
 252 252 252 252 252 252 252 252 252 252 252 252 252 252 252 252 252 252
 251 252 252 252 252 253 252 233 113  54  47  45  40  37  40  45  47  47
  58  70  76 129 239 250 254 253 252 252 252 252 252 252 252 252 252 252
 252 252 252 252 252 252 252 252 252 252 252 252 252 252 252 252 252 252
 252 252 252 252 252 252 252 252 252 252 252 252 252 252 252 252 252 252
 252 252 252 252 252 252 252 252 252 252 252 252 252 252 252 252 252 252
 252 252 252 252 252 252 252 252 252 252 252 252 252 252 252 252 251 252
 244  29]"
"[ 29  29 246 252 252 252 253 252 252 252 252 252 252 252 252 252 252 252
 252 252 252 252 252 252 252 252 252 252 252 252 252 252 252 252 252 252
 252 252 252 252 252 252 252 252 252 252 252 252 252 252 252 252 252 252
 252 252 252 252 252 252 252 252 252 252 252 252 252 252 252 252 252 252
 252 252 252 252 252 252 252 252 252 252 252 252 252 252 252 252 253 252
 252 252 252 252 253 253 250 197  74  55  48  43  40  38  39  40  44  48
  57  65  76 137 244 250 253 253 253 252 252 252 252 252 252 252 252 252
 252 252 252 252 252 252 252 252 252 252 252 252 252 252 252 252 252 252
 252 252 252 252 252 252 252 252 252 252 252 252 252 252 252 252 252 252
 252 252 252 252 252 252 252 252 252 252 252 252 252 252 252 252 252 252
 252 252 252 252 252 252 252 252 252 252 252 252 252 252 252 252 251 252
 244  29]"
"[ 29  29 246 252 252 252 253 252 252 252 252 252 252 252 252 252 252 252
 252 252 252 252 252 252 252 252 252 252 252 252 252 252 252 252 252 252
 252 252 252 252 252 252 252 252 252 252 252 252 252 252 252 252 252 252
 252 252 252 252 252 252 252 252 252 252 252 252 252 252 252 252 252 252
 252 252 252 252 252 252 252 252 252 252 252 252 252 252 252 252 253 253
 253 252 252 252 252 252 242 148  62  53  48  40  37  39  42  39  44  50
  59  66  80 150 249 251 252 253 253 252 252 253 252 252 252 252 252 252
 252 252 252 252 252 252 252 252 252 252 252 252 252 252 252 252 252 252
 252 252 252 252 252 252 252 252 252 252 252 252 252 252 252 252 252 252
 252 252 252 252 252 252 252 252 252 252 252 252 252 252 252 252 252 252
 252 252 252 252 252 252 252 252 252 252 252 252 252 252 252 252 251 252
 244  29]"
"[ 29  29 246 252 252 252 253 252 252 252 252 252 252 252 252 252 252 252
 252 252 252 252 252 252 252 252 252 252 252 252 252 252 252 252 252 252
 252 252 252 252 252 252 252 252 252 252 252 252 252 252 252 252 252 252
 252 252 252 252 252 252 252 252 252 252 252 252 252 252 252 252 252 252
 252 252 252 252 252 252 252 252 252 252 252 252 252 252 252 252 252 252
 252 252 251 252 252 250 223 105  57  48  44  39  37  38  42  40  43  47
  59  70  83 155 251 251 252 253 252 252 252 252 252 252 252 252 252 252
 252 252 252 252 252 252 252 252 252 252 252 252 252 252 252 252 252 252
 252 252 252 252 252 252 252 252 252 252 252 252 252 252 252 252 252 252
 252 252 252 252 252 252 252 252 252 252 252 252 252 252 252 252 252 252
 252 252 252 252 252 252 252 252 252 252 252 252 252 252 252 252 251 252
 244  29]"
"[ 29  29 246 252 252 252 253 252 252 252 252 252 252 252 252 252 252 252
 252 252 252 252 252 252 252 252 252 252 252 252 252 252 252 252 252 252
 252 252 252 252 252 252 252 252 252 252 252 252 252 252 252 252 252 252
 252 252 252 252 252 252 252 252 252 252 252 252 252 252 252 252 252 252
 252 252 252 252 252 252 252 252 252 252 252 252 252 252 252 252 251 252
 252 252 253 253 253 250 178  74  49  46  39  39  41  38  39  39  44  49
  61  67  83 171 253 252 252 254 252 252 253 252 252 252 252 252 252 252
 252 252 252 252 252 252 252 252 252 252 252 252 252 252 252 252 252 252
 252 252 252 252 252 252 252 252 252 252 252 252 252 252 252 252 252 252
 252 252 252 252 252 252 252 252 252 252 252 252 252 252 252 252 252 252
 252 252 252 252 252 252 252 252 252 252 252 252 252 252 252 252 251 252
 244  29]"
"[ 29  29 246 252 252 252 253 252 252 252 252 252 252 252 252 252 252 252
 252 252 252 252 252 252 252 252 252 252 252 252 252 252 252 252 252 252
 252 252 252 252 252 252 252 252 252 252 252 252 252 252 252 252 252 252
 252 252 252 252 252 252 252 252 252 252 252 252 252 252 252 252 252 252
 252 252 252 252 252 252 252 252 252 252 252 252 252 252 252 252 252 253
 253 252 253 253 252 248 131  56  46  45  39  38  40  36  39  41  49  56
  65  66  92 203 253 252 253 254 252 252 253 252 252 252 252 252 252 252
 252 252 252 252 252 252 252 252 252 252 252 252 252 252 252 252 252 252
 252 252 252 252 252 252 252 252 252 252 252 252 252 252 252 252 252 252
 252 252 252 252 252 252 252 252 252 252 252 252 252 252 252 252 252 252
 252 252 252 252 252 252 252 252 252 252 252 252 252 252 252 252 251 252
 244  29]"
"[ 29  29 246 252 252 252 253 252 252 252 252 252 252 252 252 252 252 252
 252 252 252 252 252 252 252 252 252 252 252 252 252 252 252 252 252 252
 252 252 252 252 252 252 252 252 252 252 252 252 252 252 252 252 252 252
 252 252 252 252 252 252 252 252 252 252 252 252 252 252 252 252 252 252
 252 252 252 252 252 252 252 252 252 252 252 252 252 252 252 252 252 253
 252 251 252 252 249 244 116  56  51  44  43  42  39  37  36  42  49  51
  63  71 103 221 253 252 254 255 251 252 253 251 252 252 252 252 252 252
 252 252 252 252 252 252 252 252 252 252 252 252 252 252 252 252 252 252
 252 252 252 252 252 252 252 252 252 252 252 252 252 252 252 252 252 252
 252 252 252 252 252 252 252 252 252 252 252 252 252 252 252 252 252 252
 252 252 252 252 252 252 252 252 252 252 252 252 252 252 252 252 251 252
 244  29]"
"[ 29  29 245 252 252 252 253 252 252 252 252 252 252 252 252 252 252 252
 252 252 252 252 252 252 252 252 252 252 252 252 252 252 252 252 252 252
 252 252 252 252 252 252 252 252 252 252 252 252 252 252 252 252 252 252
 252 252 252 252 252 252 252 252 252 252 252 252 252 252 252 252 252 252
 252 252 252 252 252 252 252 252 252 252 252 252 252 252 252 252 252 252
 250 253 252 251 252 232  95  51  46  43  40  40  38  38  40  41  50  58
  68  71 118 236 253 253 252 252 252 252 252 252 252 252 252 252 252 252
 252 252 252 252 252 252 252 252 252 252 252 252 252 252 252 252 252 252
 252 252 252 252 252 252 252 252 252 252 252 252 252 252 252 252 252 252
 252 252 252 252 252 252 252 252 252 252 252 252 252 252 252 252 252 252
 252 252 252 252 252 252 252 252 252 252 252 252 252 252 252 252 251 252
 244  29]"
"[ 29  29 245 252 252 252 253 252 252 252 252 252 252 252 252 252 252 252
 252 252 252 252 252 252 252 252 252 252 252 252 252 252 252 252 252 252
 252 252 252 252 252 252 252 252 252 252 252 252 252 252 252 252 252 252
 252 252 252 252 252 252 252 252 252 252 252 252 252 252 252 252 252 252
 252 252 252 252 252 252 252 252 252 252 252 252 252 252 252 252 252 253
 252 251 251 253 249 200  81  48  43  41  38  38  38  37  43  49  49  54
  67  82 146 246 253 253 252 252 252 252 252 252 252 252 252 252 252 252
 252 252 252 252 252 252 252 252 252 252 252 252 252 252 252 252 252 252
 252 252 252 252 252 252 252 252 252 252 252 252 252 252 252 252 252 252
 252 252 252 252 252 252 252 252 252 252 252 252 252 252 252 252 252 252
 252 252 252 252 252 252 252 252 252 252 252 252 252 252 252 252 251 252
 244  29]"
"[ 29  29 245 252 252 252 253 252 252 252 252 252 252 252 252 252 252 252
 252 252 252 252 252 252 252 252 252 252 252 252 252 252 252 252 252 252
 252 252 252 252 252 252 252 252 252 252 252 252 252 252 252 252 252 252
 252 252 252 252 252 252 252 252 252 252 252 252 252 252 252 252 252 252
 252 252 252 252 252 252 252 252 252 252 252 252 252 252 252 252 252 252
 253 250 251 253 247 158  68  49  44  41  39  38  38  37  40  52  54  59
  71  89 180 250 253 253 252 252 252 252 252 252 252 252 252 252 252 252
 252 252 252 252 252 252 252 252 252 252 252 252 252 252 252 252 252 252
 252 252 252 252 252 252 252 252 252 252 252 252 252 252 252 252 252 252
 252 252 252 252 252 252 252 252 252 252 252 252 252 252 252 252 252 252
 252 252 252 252 252 252 252 252 252 252 252 252 252 252 252 252 251 252
 244  29]"
"[ 29  29 245 252 252 252 253 252 252 252 252 252 252 252 252 252 252 252
 252 252 252 252 252 252 252 252 252 252 252 252 252 252 252 252 252 252
 252 252 252 252 252 252 252 252 252 252 252 252 252 252 252 252 252 252
 252 252 252 252 252 252 252 252 252 252 252 252 252 252 252 252 252 252
 252 252 252 252 252 252 252 252 252 252 252 252 252 252 252 252 253 250
 253 252 251 251 243 119  59  53  47  43  40  37  39  38  44  49  53  57
  70  98 212 251 253 253 252 252 252 252 252 252 252 252 252 252 252 252
 252 252 252 252 252 252 252 252 252 252 252 252 252 252 252 252 252 252
 252 252 252 252 252 252 252 252 252 252 252 252 252 252 252 252 252 252
 252 252 252 252 252 252 252 252 252 252 252 252 252 252 252 252 252 252
 252 252 252 252 252 252 252 252 252 252 252 252 252 252 252 252 251 252
 244  29]"
"[ 29  29 245 252 252 252 253 252 252 252 252 252 252 252 252 252 252 252
 252 252 252 252 252 252 252 252 252 252 252 252 252 252 252 252 252 252
 252 252 252 252 252 252 252 252 252 252 252 252 252 252 252 252 252 252
 252 252 252 252 252 252 252 252 252 252 252 252 252 252 252 252 252 252
 252 252 252 252 252 252 252 252 252 252 252 252 252 252 252 252 253 251
 252 253 251 250 230  88  52  53  46  42  38  36  38  38  47  48  52  65
  78 136 242 253 253 253 252 252 252 252 252 252 252 252 252 252 252 252
 252 252 252 252 252 252 252 252 252 252 252 252 252 252 252 252 252 252
 252 252 252 252 252 252 252 252 252 252 252 252 252 252 252 252 252 252
 252 252 252 252 252 252 252 252 252 252 252 252 252 252 252 252 252 252
 252 252 252 252 252 252 252 252 252 252 252 252 252 252 252 252 251 252
 244  29]"
"[ 29  29 245 252 252 252 253 252 252 252 252 252 252 252 252 252 252 252
 252 252 252 252 252 252 252 252 252 252 252 252 252 252 252 252 252 252
 252 252 252 252 252 252 252 252 252 252 252 252 252 252 252 252 252 252
 252 252 252 252 252 252 252 252 252 252 252 252 252 252 252 252 252 252
 252 252 252 252 252 252 252 252 252 252 252 252 252 252 252 252 252 252
 251 252 252 251 201  69  47  48  42  39  36  36  37  40  44  51  56  76
  89 181 252 250 253 253 252 252 252 252 252 252 252 252 252 252 252 252
 252 252 252 252 252 252 252 252 252 252 252 252 252 252 252 252 252 252
 252 252 252 252 252 252 252 252 252 252 252 252 252 252 252 252 252 252
 252 252 252 252 252 252 252 252 252 252 252 252 252 252 252 252 252 252
 252 252 252 252 252 252 252 252 252 252 252 252 252 252 252 252 251 252
 244  29]"
"[ 29  29 245 252 252 252 253 252 252 252 252 252 252 252 252 252 252 252
 252 252 252 252 252 252 252 252 252 252 252 252 252 252 252 252 252 252
 252 252 252 252 252 252 252 252 252 252 252 252 252 252 252 252 252 252
 252 252 252 252 252 252 252 252 252 252 252 252 252 252 252 252 252 252
 252 252 252 252 252 252 252 252 252 252 252 252 252 252 252 252 251 252
 251 252 252 245 154  60  46  44  39  37  35  37  37  42  44  53  58  74
  99 211 251 252 253 253 252 252 252 252 252 252 252 252 252 252 252 252
 252 252 252 252 252 252 252 252 252 252 252 252 252 252 252 252 252 252
 252 252 252 252 252 252 252 252 252 252 252 252 252 252 252 252 252 252
 252 252 252 252 252 252 252 252 252 252 252 252 252 252 252 252 252 252
 252 252 252 252 252 252 252 252 252 252 252 252 252 252 252 252 251 252
 244  29]"
"[ 29  29 245 252 252 252 253 252 252 252 252 252 252 252 252 252 252 252
 252 252 252 252 252 252 252 252 252 252 252 252 252 252 252 252 252 252
 252 252 252 252 252 252 252 252 252 252 252 252 252 252 252 252 252 252
 252 252 252 252 252 252 252 252 252 252 252 252 252 252 252 252 252 252
 252 252 252 252 252 252 252 252 252 252 252 252 252 252 252 252 252 252
 252 253 251 233 112  55  47  43  38  37  34  38  37  43  48  53  63  76
 123 237 251 254 253 253 252 252 252 252 252 252 252 252 252 252 252 252
 252 252 252 252 252 252 252 252 252 252 252 252 252 252 252 252 252 252
 252 252 252 252 252 252 252 252 252 252 252 252 252 252 252 252 252 252
 252 252 252 252 252 252 252 252 252 252 252 252 252 252 252 252 252 252
 252 252 252 252 252 252 252 252 252 252 252 252 252 252 252 252 251 252
 244  29]"
"[ 29  29 245 252 252 252 253 252 252 252 252 252 252 252 252 252 252 252
 252 252 252 252 252 252 252 252 252 252 252 252 252 252 252 252 252 252
 252 252 252 252 252 252 252 252 252 252 252 252 252 252 252 252 252 252
 252 252 252 252 252 252 252 252 252 252 252 252 252 252 252 252 252 252
 252 252 252 252 252 252 252 252 252 252 252 252 252 252 252 252 252 251
 253 253 251 209  81  49  44  40  36  35  33  33  37  42  47  61  65  81
 148 249 253 251 250 251 254 251 252 250 253 252 251 252 253 253 252 252
 252 250 252 252 252 253 252 252 254 253 251 253 251 253 252 251 253 251
 251 253 250 251 253 253 251 251 252 253 252 251 251 252 251 252 252 252
 252 252 252 252 252 252 252 252 252 252 252 252 252 252 252 252 252 252
 252 252 252 252 252 252 252 252 252 252 252 252 252 252 252 252 251 252
 244  29]"
"[ 29  29 245 252 252 252 253 252 252 252 252 252 252 252 252 252 252 252
 252 252 252 252 252 252 252 252 252 252 252 252 252 252 252 252 252 252
 252 252 252 252 252 252 252 252 252 252 252 252 252 252 252 252 252 252
 252 252 252 252 252 252 252 252 252 252 252 252 252 252 252 252 252 252
 252 252 252 252 252 252 252 252 252 252 252 252 252 252 252 252 252 251
 252 253 246 169  67  44  44  40  37  36  35  34  37  42  47  62  64  89
 181 253 251 254 254 252 251 251 254 253 253 251 253 251 250 251 252 251
 252 253 254 251 249 252 254 252 251 251 253 253 250 253 249 251 251 253
 253 252 253 253 248 250 254 252 252 252 253 253 253 253 253 253 252 252
 252 252 252 252 252 252 252 252 252 252 252 252 252 252 252 252 252 252
 252 252 252 252 252 252 252 252 252 252 252 252 252 252 252 252 251 252
 244  29]"
"[ 29  29 245 252 252 252 253 252 252 252 252 252 252 252 252 252 252 252
 252 252 252 252 252 252 252 252 252 252 252 252 252 252 252 252 252 252
 252 252 252 252 252 252 252 252 252 252 252 252 252 252 252 252 252 252
 252 252 252 252 252 252 252 252 252 252 252 252 252 252 252 252 252 252
 252 252 252 252 252 252 252 252 252 252 252 252 252 252 252 252 252 252
 251 252 226 110  53  48  42  40  37  36  35  35  38  42  48  58  70 103
 221 253 252 254 252 251 251 251 250 250 252 254 251 253 253 253 253 252
 251 252 249 253 254 251 250 252 253 254 252 250 252 253 254 254 252 252
 250 251 252 253 254 252 251 253 254 251 249 250 251 251 252 251 252 252
 252 252 252 252 252 252 252 252 252 252 252 252 252 252 252 252 252 252
 252 252 252 252 252 252 252 252 252 252 252 252 252 252 252 252 251 252
 244  29]"
"[ 29  29 245 252 252 252 253 252 252 252 252 252 252 252 252 252 252 252
 252 252 252 252 252 252 252 252 252 252 252 252 252 252 252 252 252 252
 252 252 252 252 252 252 252 252 252 252 252 252 252 252 252 252 252 252
 252 252 252 252 252 252 252 252 252 252 252 252 252 252 252 252 252 252
 252 252 252 252 252 252 252 252 252 252 252 252 252 252 252 252 252 252
 251 251 193  71  49  51  41  39  36  35  34  35  39  44  50  56  73 127
 240 252 254 253 252 252 254 253 254 253 252 250 251 253 251 250 252 253
 252 253 253 253 253 254 255 254 251 253 251 254 252 251 249 254 248 252
 253 254 252 248 251 253 250 253 250 251 254 254 252 252 253 252 252 252
 252 252 252 252 252 252 252 252 252 252 252 252 252 252 252 252 252 252
 252 252 252 252 252 252 252 252 252 252 252 252 252 252 252 252 251 252
 244  29]"
"[ 29  29 245 252 252 252 253 252 252 252 252 252 252 252 252 252 252 252
 252 252 252 252 252 252 252 252 252 252 252 252 252 252 252 252 252 252
 252 252 252 252 252 252 252 252 252 252 252 252 252 252 252 252 252 252
 252 252 252 252 252 252 252 252 252 252 252 252 252 252 252 252 252 252
 252 252 252 252 252 252 252 252 252 252 252 252 252 252 252 252 252 252
 252 250 159  61  50  45  40  38  37  35  35  36  40  44  50  60  71 153
 245 254 252 253 251 251 253 248 252 251 254 252 253 253 252 252 254 253
 253 253 251 253 251 243 243 250 250 249 252 250 253 254 253 252 253 254
 253 246 252 254 253 252 252 253 253 253 252 250 250 253 253 251 252 252
 252 252 252 252 252 252 252 252 252 252 252 252 252 252 252 252 252 252
 252 252 252 252 252 252 252 252 252 252 252 252 252 252 252 252 251 252
 244  29]"
"[ 29  29 245 252 252 252 253 252 252 252 252 252 252 252 252 252 252 252
 252 252 252 252 252 252 252 252 252 252 252 252 252 252 252 252 252 252
 252 252 252 252 252 252 252 252 252 252 252 252 252 252 252 252 252 252
 252 252 252 252 252 252 252 252 252 252 252 252 252 252 252 252 252 252
 252 252 252 252 252 252 252 252 252 252 252 252 252 252 252 252 252 251
 253 240 120  55  51  41  39  38  38  37  35  36  38  41  48  59  75 174
 252 254 251 253 253 253 254 251 253 252 253 250 251 251 252 252 250 252
 254 252 237 181 131 101  87  94 124 163 192 230 250 251 250 253 254 250
 252 253 255 252 250 253 251 250 250 253 254 252 254 253 252 253 252 252
 252 252 252 252 252 252 252 252 252 252 252 252 252 252 252 252 252 252
 252 252 252 252 252 252 252 252 252 252 252 252 252 252 252 252 251 252
 244  29]"
"[ 29  29 245 252 252 252 253 252 252 252 252 252 252 252 252 252 252 252
 252 252 252 252 252 252 252 252 252 252 252 252 252 252 252 252 252 252
 252 252 252 252 252 252 252 252 252 252 252 252 252 252 252 252 252 252
 252 252 252 252 252 252 252 252 252 252 252 252 252 252 252 252 252 252
 252 252 252 252 252 252 252 252 252 252 252 252 252 252 252 252 251 251
 251 227  94  50  50  41  38  37  36  34  33  34  37  40  48  55  88 207
 253 252 252 253 253 252 249 252 249 250 249 252 252 254 255 253 253 254
 241 211 131  88  64  57  52  53  57  68  78 109 169 246 251 251 254 251
 254 251 253 244 222 190 170 183 202 216 231 244 253 252 248 252 252 252
 252 252 252 252 252 252 252 252 252 252 252 252 252 252 252 252 252 252
 252 252 252 252 252 252 252 252 252 252 252 252 252 252 252 252 251 252
 244  29]"
"[ 29  29 245 252 252 252 253 252 252 252 252 252 252 252 252 252 252 252
 252 252 252 252 252 252 252 252 252 252 252 252 252 252 252 252 252 252
 252 252 252 252 252 252 252 252 252 252 252 252 252 252 252 252 252 252
 252 252 252 252 252 252 252 252 252 252 252 252 252 252 252 252 252 252
 252 252 252 252 252 252 252 252 252 252 252 252 252 252 252 252 251 250
 250 220  88  50  50  39  37  36  34  30  29  31  36  41  49  56  97 244
 251 254 252 254 251 250 234 218 182 178 191 219 237 246 252 251 252 246
 186 105  61  47  49  46  39  44  46  45  48  52  73 139 246 248 251 253
 251 254 240 179 113  82  71  73  71  79 100 154 219 249 252 254 252 252
 252 252 252 252 252 252 252 252 252 252 252 252 252 252 252 252 252 252
 252 252 252 252 252 252 252 252 252 252 252 252 252 252 252 252 251 252
 244  29]"
"[ 29  29 245 252 252 252 253 252 252 252 252 252 252 252 252 252 252 252
 252 252 252 252 252 252 252 252 252 252 252 252 252 252 252 252 252 252
 252 252 252 252 252 252 252 252 252 252 252 252 252 252 252 252 252 252
 252 252 252 252 252 252 252 252 252 252 252 252 252 252 252 252 252 252
 252 252 252 252 252 252 252 252 252 252 252 252 252 252 252 252 250 252
 250 217  87  46  45  40  36  34  32  31  30  30  35  40  45  56 119 253
 253 253 249 237 185 124  91  75  64  60  67  74  89 133 212 241 239 185
  95  65  42  41  40  39  38  38  39  41  43  52  48  45 138 243 249 250
 247 214 117  82  62  60  57  54  49  48  52  65  89 164 246 249 251 254
 252 252 254 252 251 252 252 252 252 252 252 252 252 252 252 252 252 252
 252 252 252 252 252 252 252 252 252 252 252 252 252 252 252 252 251 252
 244  29]"
"[ 29  29 245 252 252 252 253 252 252 252 252 252 252 252 252 252 252 252
 252 252 252 252 252 252 252 252 252 252 252 252 252 252 252 252 252 252
 252 252 252 252 252 252 252 252 252 252 252 252 252 252 252 252 252 252
 252 252 252 252 252 252 252 252 252 252 252 252 252 252 252 252 252 252
 252 252 252 252 252 252 252 252 252 252 252 252 252 252 252 252 250 250
 249 212  82  46  48  37  34  32  31  31  30  30  34  39  42  56 152 254
 251 248 217 125  76  57  55  49  48  46  45  45  54  62  85 152 165  94
  59  48  38  37  36  35  32  32  33  35  41  41  43  48  63 173 246 248
 213 127  71  55  55  51  38  46  46  50  46  60  58  72 174 246 252 250
 252 253 252 253 252 252 252 252 252 252 252 252 252 252 252 252 252 252
 252 252 252 252 252 252 252 252 252 252 252 252 252 252 252 252 251 252
 244  29]"
"[ 29  29 245 252 252 252 253 252 252 252 252 252 252 252 252 252 252 252
 252 252 252 252 252 252 252 252 252 252 252 252 252 252 252 252 252 252
 252 252 252 252 252 252 252 252 252 252 252 252 252 252 252 252 252 252
 252 252 252 252 252 252 252 252 252 252 252 252 252 252 252 252 252 252
 252 252 252 252 252 252 252 252 252 252 252 252 252 252 252 252 251 252
 250 195  70  41  44  36  32  31  31  30  29  30  33  38  39  58 180 250
 251 212 106  51  40  44  48  39  39  41  39  42  40  41  41  50  62  55
  46  39  32  32  32  31  29  29  31  33  32  31  40  45  32 102 213 217
 126  70  53  42  41  38  39  42  44  47  50  48  58  61  69 187 249 250
 254 255 251 251 252 252 252 252 252 252 252 252 252 252 252 252 252 252
 252 252 252 252 252 252 252 252 252 252 252 252 252 252 252 252 251 252
 244  29]"
"[ 29  29 245 252 252 252 253 252 252 252 252 252 252 252 252 252 252 252
 252 252 252 252 252 252 252 252 252 252 252 252 252 252 252 252 252 252
 252 252 252 252 252 252 252 252 252 252 252 252 252 252 252 252 252 252
 252 252 252 252 252 252 252 252 252 252 252 252 252 252 252 252 252 252
 252 252 252 252 252 252 252 252 252 252 252 252 252 252 252 252 251 253
 249 168  56  40  37  35  30  29  29  28  27  28  32  36  35  65 192 251
 217 105  45  32  40  42  41  33  33  34  32  37  38  37  42  43  43  34
  30  30  29  30  29  29  29  30  31  32  32  33  37  36  36  44 117 120
  59  48  40  40  38  33  38  38  38  37  36  47  45  54  50  96 211 251
 250 252 252 252 251 253 252 252 252 252 252 252 252 252 252 252 252 252
 252 252 252 252 252 252 252 252 252 252 252 252 252 252 252 252 251 252
 244  29]"
"[ 29  29 245 252 252 252 253 252 252 252 252 252 252 252 252 252 252 252
 252 252 252 252 252 252 252 252 252 252 252 252 252 252 252 252 252 252
 252 252 252 252 252 252 252 252 252 252 252 252 252 252 252 252 252 252
 252 252 252 252 252 252 252 252 252 252 252 252 252 252 252 252 252 252
 252 252 252 252 252 252 252 252 252 252 252 252 252 252 252 252 252 251
 248 147  47  45  39  32  29  28  26  25  24  26  30  34  34  76 215 233
 122  49  29  37  36  33  32  33  32  32  31  33  34  37  37  37  36  29
  33  28  29  29  28  27  28  29  29  28  31  29  31  38  35  27  53  52
  39  37  35  34  35  36  32  35  34  35  35  33  42  49  55  70 155 248
 253 251 255 254 251 250 252 252 252 252 252 252 252 252 252 252 252 252
 252 252 252 252 252 252 252 252 252 252 252 252 252 252 252 252 251 252
 244  29]"
"[ 29  29 245 252 252 252 253 252 252 252 252 252 252 252 252 252 252 252
 252 252 252 252 252 252 252 252 252 252 252 252 252 252 252 252 252 252
 252 252 252 252 252 252 252 252 252 252 252 252 252 252 252 252 252 252
 252 252 252 252 252 252 252 252 252 252 252 252 252 252 252 252 252 252
 252 252 252 252 252 252 252 252 252 252 252 252 252 252 252 252 253 250
 248 137  43  45  42  30  31  29  27  25  25  27  30  33  30  97 213 163
  64  31  35  35  34  31  30  31  27  30  31  29  33  32  38  33  34  33
  29  28  28  28  28  27  28  30  30  28  30  28  30  36  29  28  31  28
  33  35  41  33  31  33  35  32  31  31  29  32  38  46  54  56  86 208
 250 250 251 252 254 253 252 252 252 252 252 252 252 252 252 252 252 252
 252 252 252 252 252 252 252 252 252 252 252 252 252 252 252 252 251 252
 244  29]"
"[ 29  29 245 252 252 252 253 252 252 252 252 252 252 252 252 252 252 252
 252 252 252 252 252 252 252 252 252 252 252 252 252 252 252 252 252 252
 252 252 252 252 252 252 252 252 252 252 252 252 252 252 252 252 252 252
 252 252 252 252 252 252 252 252 252 252 252 252 252 252 252 252 252 252
 252 252 252 252 252 252 252 252 252 252 252 252 252 252 252 252 253 252
 231 116  43  40  39  31  31  30  28  27  27  29  30  31  30 102 162  93
  35  34  36  32  28  30  29  32  28  29  27  26  32  33  32  31  31  24
  25  25  27  29  29  27  28  30  30  29  27  30  30  31  33  34  33  31
  33  30  32  36  36  28  35  30  32  30  32  37  33  46  48  53  65 155
 244 253 253 251 253 252 252 252 252 252 252 252 252 252 252 252 252 252
 252 252 252 252 252 252 252 252 252 252 252 252 252 252 252 252 251 252
 244  29]"
"[ 29  29 245 252 252 252 253 252 252 252 252 252 252 252 252 252 252 252
 252 252 252 252 252 252 252 252 252 252 252 252 252 252 252 252 252 252
 252 252 252 252 252 252 252 252 252 252 252 252 252 252 252 252 252 252
 252 252 252 252 252 252 252 252 252 252 252 252 252 252 252 252 252 252
 252 252 252 252 252 252 252 252 252 252 252 252 252 252 252 252 250 251
 203  89  45  39  34  32  31  30  29  28  28  29  29  28  28  92 118  38
  29  34  33  31  27  29  25  30  29  28  24  27  27  29  34  28  30  27
  22  24  27  29  29  27  25  26  26  25  26  33  26  32  29  31  28  29
  30  33  32  31  32  32  32  33  31  28  33  34  38  43  45  52  56  93
 213 248 253 254 255 251 252 252 252 252 252 252 252 252 252 252 252 252
 252 252 252 252 252 252 252 252 252 252 252 252 252 252 252 252 251 252
 244  29]"
"[ 29  29 245 252 252 252 253 252 252 252 252 252 252 252 252 252 252 252
 252 252 252 252 252 252 252 252 252 252 252 252 252 252 252 252 252 252
 252 252 252 252 252 252 252 252 252 252 252 252 252 252 252 252 252 252
 252 252 252 252 252 252 252 252 252 252 252 252 252 252 252 252 252 252
 252 252 252 252 252 252 252 252 252 252 252 252 252 252 253 253 251 253
 168  73  47  41  31  32  33  31  29  27  26  26  26  26  22  70  65  23
  27  36  32  30  30  29  30  31  29  26  26  28  31  30  31  32  30  28
  26  25  26  29  30  27  24  25  25  24  26  29  30  30  31  30  26  24
  27  30  32  32  32  31  31  31  30  30  32  35  38  42  47  52  52  66
 148 247 253 251 251 254 252 252 252 252 252 252 252 252 252 252 252 252
 252 252 252 252 252 252 252 252 252 252 252 252 252 252 252 252 251 252
 244  29]"
"[ 29  29 245 252 252 252 253 252 252 252 252 252 252 252 252 252 252 252
 252 252 252 252 252 252 252 252 252 252 252 252 252 252 252 252 252 252
 252 252 252 252 252 252 252 252 252 252 252 252 252 252 252 252 252 252
 252 252 252 252 252 252 252 252 252 252 252 252 252 252 252 252 252 252
 252 252 252 252 252 252 252 252 252 252 252 252 252 252 253 253 251 248
 131  60  50  38  32  34  32  30  28  26  25  25  25  25  20  24  26  24
  30  27  28  32  30  30  30  30  28  26  27  29  32  31  30  31  30  27
  24  23  25  28  28  25  24  25  26  25  26  29  30  30  30  28  25  25
  26  29  32  32  31  31  31  31  31  31  32  34  37  40  46  51  56  62
 108 222 251 250 254 253 252 252 252 252 252 252 252 252 252 252 252 252
 252 252 252 252 252 252 252 252 252 252 252 252 252 252 252 252 251 252
 244  29]"
"[ 29  29 245 252 252 252 253 252 252 252 252 252 252 252 252 252 252 252
 252 252 252 252 252 252 252 252 252 252 252 252 252 252 252 252 252 252
 252 252 252 252 252 252 252 252 252 252 252 252 252 252 252 252 252 252
 252 252 252 252 252 252 252 252 252 252 252 252 252 252 252 252 252 252
 252 252 252 252 252 252 252 252 252 252 252 252 252 252 252 253 251 245
 109  53  45  37  35  32  31  30  27  25  24  24  24  24  26  21  25  29
  32  33  34  29  29  30  30  29  28  28  29  29  30  28  28  29  30  28
  25  23  25  27  27  25  25  27  27  27  27  29  29  30  30  26  24  26
  26  29  31  31  31  31  31  31  31  31  32  33  35  38  44  49  56  56
  74 192 249 249 254 253 252 252 252 252 252 252 252 252 252 252 252 252
 252 252 252 252 252 252 252 252 252 252 252 252 252 252 252 252 251 252
 244  29]"
"[ 29  29 245 252 252 252 253 252 252 252 252 252 252 252 252 252 252 252
 252 252 252 252 252 252 252 252 252 252 252 252 252 252 252 252 252 252
 252 252 252 252 252 252 252 252 252 252 252 252 252 252 252 252 252 252
 252 252 252 252 252 252 252 252 252 252 252 252 252 252 252 252 252 252
 252 252 252 252 252 252 252 252 252 252 252 252 252 252 252 252 252 235
 102  55  40  39  34  30  30  29  27  25  24  24  24  24  19  23  24  25
  29  28  27  28  29  30  30  29  29  29  29  29  28  26  27  29  30  28
  25  24  25  26  26  25  25  27  28  27  28  29  29  31  30  25  23  26
  28  30  31  31  30  30  31  31  30  30  31  33  35  38  43  48  55  57
  72 181 249 250 253 253 252 252 252 252 252 252 252 252 252 252 252 252
 252 252 252 252 252 252 252 252 252 252 252 252 252 252 252 252 251 252
 244  29]"
"[ 29  29 245 252 252 252 253 252 252 252 252 252 252 252 252 252 252 252
 252 252 252 252 252 252 252 252 252 252 252 252 252 252 252 252 252 252
 252 252 252 252 252 252 252 252 252 252 252 252 252 252 252 252 252 252
 252 252 252 252 252 252 252 252 252 252 252 252 252 252 252 252 252 252
 252 252 252 252 252 252 252 252 252 252 252 252 252 252 252 252 251 213
  85  51  42  38  31  31  30  29  27  25  24  24  24  23  19  24  23  25
  30  29  25  30  29  30  30  30  29  29  28  26  28  28  29  30  29  26
  24  23  24  25  25  24  25  26  26  25  27  29  30  31  30  25  23  26
  30  31  31  30  29  30  31  31  30  30  31  33  35  37  42  46  58  64
  79 192 250 251 251 253 252 252 252 252 252 252 252 252 252 252 252 252
 252 252 252 252 252 252 252 252 252 252 252 252 252 252 252 252 251 252
 244  29]"
"[ 29  29 245 252 252 252 253 252 252 252 252 252 252 252 252 252 252 252
 252 252 252 252 252 252 252 252 252 252 252 252 252 252 252 252 252 252
 252 252 252 252 252 252 252 252 252 252 252 252 252 252 252 252 252 252
 252 252 252 252 252 252 252 252 252 252 252 252 252 252 252 252 252 252
 252 252 252 252 252 252 252 252 252 252 252 252 252 252 252 251 251 191
  71  43  42  34  30  30  28  27  26  25  24  23  22  21  20  24  25  26
  23  27  27  25  29  29  29  29  29  28  26  24  25  26  29  30  28  25
  23  24  24  25  25  25  25  25  25  24  26  28  29  30  29  25  23  25
  31  31  31  30  29  30  30  31  31  31  32  34  35  38  42  46  59  65
  84 211 249 252 252 253 252 252 252 252 252 252 252 252 252 252 252 252
 252 252 252 252 252 252 252 252 252 252 252 252 252 252 252 252 251 252
 244  29]"
"[ 29  29 245 252 252 252 253 252 252 252 252 252 252 252 252 252 252 252
 252 252 252 252 252 252 252 252 252 252 252 252 252 252 252 252 252 252
 252 252 252 252 252 252 252 252 252 252 252 252 252 252 252 252 252 252
 252 252 252 252 252 252 252 252 252 252 252 252 252 252 252 252 252 252
 252 252 252 252 252 252 252 252 252 252 252 252 252 252 252 252 247 150
  60  39  38  32  30  26  26  26  26  25  24  23  21  19  19  17  22  30
  24  25  27  30  29  27  26  27  27  26  25  25  24  25  28  29  28  25
  23  24  25  25  25  25  25  25  25  25  25  28  29  28  27  25  24  25
  29  29  30  29  29  29  30  30  32  32  33  35  36  39  44  48  58  62
 109 231 249 252 254 253 252 252 252 252 252 252 252 252 252 252 252 252
 252 252 252 252 252 252 252 252 252 252 252 252 252 252 252 252 251 252
 244  29]"
"[ 29  29 245 251 252 252 253 252 252 252 252 252 252 252 252 252 252 252
 252 252 252 252 252 252 252 252 252 252 252 252 252 252 252 252 252 252
 252 252 252 252 252 252 252 252 252 252 252 252 252 252 252 252 252 252
 252 252 252 252 252 252 252 252 252 252 252 252 252 252 252 252 252 252
 252 252 252 252 252 252 252 252 252 252 252 252 252 252 252 251 243 102
  47  40  36  33  29  25  25  26  25  25  24  23  20  18  17  20  21  26
  26  31  29  29  28  24  23  25  26  25  25  27  26  27  29  30  29  25
  23  23  25  25  25  24  24  24  25  25  25  28  28  26  26  25  24  24
  27  28  29  29  29  29  29  29  33  32  33  35  37  40  46  50  62  64
 144 247 252 252 253 252 252 252 252 252 252 252 252 252 252 252 252 252
 252 252 252 252 252 252 252 252 252 252 252 252 252 252 252 252 251 252
 244  29]"
"[ 29  29 246 251 252 252 253 252 252 252 252 252 252 252 252 252 252 252
 252 252 252 252 252 252 252 252 252 252 252 252 252 252 252 252 252 252
 252 252 252 252 252 252 252 252 252 252 252 252 252 252 252 252 252 252
 252 252 252 252 252 252 252 252 252 252 252 252 252 252 252 252 252 252
 252 252 252 252 252 252 252 252 253 249 252 253 251 252 251 253 225  82
  42  35  34  29  28  22  24  24  24  23  24  24  21  17  16  18  20  23
  26  29  30  30  27  27  25  23  23  24  25  26  27  29  30  29  27  24
  22  22  22  24  25  25  24  24  24  24  26  27  25  25  26  25  24  24
  24  27  28  28  28  30  31  30  31  32  32  36  38  38  48  52  52  76
 199 253 250 251 254 253 252 252 252 252 252 252 252 252 252 252 252 252
 252 252 252 252 252 252 252 252 252 252 252 252 252 252 251 252 251 252
 243  29]"
"[ 29  29 246 252 252 252 253 252 252 252 252 252 252 252 252 252 252 252
 252 252 252 252 252 252 252 252 252 252 252 252 252 252 252 252 252 252
 252 252 252 252 252 252 252 252 252 252 252 252 252 252 252 252 252 252
 252 252 252 252 252 252 252 252 252 252 252 252 252 252 252 252 252 252
 252 252 252 252 252 252 252 252 251 254 249 253 252 252 253 248 190  69
  40  35  35  29  29  24  24  25  25  24  24  23  21  19  16  17  20  24
  28  30  30  29  27  27  26  24  24  25  26  26  27  28  29  28  26  24
  22  21  22  23  25  24  24  24  24  25  24  26  25  25  26  24  23  24
  26  27  27  26  26  28  30  31  31  32  34  38  40  42  50  55  59 118
 237 248 254 253 251 253 252 252 252 252 252 252 252 252 252 252 252 252
 252 252 252 252 252 252 252 252 252 252 252 252 252 252 251 252 251 252
 243  29]"
"[ 29  29 246 252 252 252 253 252 252 252 252 252 252 252 252 252 252 252
 252 252 252 252 252 252 252 252 252 252 252 252 252 252 252 252 252 252
 252 252 252 252 252 252 252 252 252 252 252 252 252 252 252 252 252 252
 252 252 252 252 252 252 252 252 252 252 252 252 252 252 252 252 252 252
 252 252 252 252 252 252 252 252 250 254 250 252 252 253 251 243 142  54
  40  36  34  28  27  25  24  24  24  23  23  22  20  18  15  15  18  23
  27  28  27  27  27  26  25  24  24  25  25  25  26  26  26  26  24  22
  21  19  21  22  23  23  23  24  25  25  25  26  27  28  28  25  23  25
  26  26  26  25  25  26  29  31  32  33  36  38  39  43  49  55  74 186
 251 250 254 252 252 252 252 252 252 252 252 252 252 252 252 252 252 252
 252 252 252 252 252 252 252 252 252 252 252 252 252 252 252 252 251 252
 244  29]"
"[ 29  29 246 252 252 252 253 252 252 252 252 252 252 252 252 252 252 252
 252 252 252 252 252 252 252 252 252 252 252 252 252 252 252 252 252 252
 252 252 252 252 252 252 252 252 252 252 252 252 252 252 252 252 252 252
 252 252 252 252 252 252 252 252 252 252 252 252 252 252 252 252 252 252
 252 252 252 252 252 252 252 252 251 251 253 253 252 252 250 228 102  47
  41  36  31  26  25  24  24  22  21  20  21  20  19  17  17  15  16  21
  25  25  25  25  26  26  26  24  24  24  24  24  24  24  24  24  24  23
  21  20  21  22  22  22  22  23  24  24  23  24  25  27  26  22  20  24
  24  25  26  25  25  26  28  30  32  33  35  37  39  44  47  57 114 238
 249 254 252 251 254 252 252 252 252 252 252 252 252 252 252 252 252 252
 252 252 252 252 252 252 252 252 252 252 252 252 252 252 252 252 251 252
 244  29]"
"[ 29  29 246 252 252 252 253 252 252 252 252 252 252 252 252 252 252 252
 252 252 252 252 252 252 252 252 252 252 252 252 252 252 252 252 252 252
 252 252 252 252 252 252 252 252 252 252 252 252 252 252 252 252 252 252
 252 252 252 252 252 252 252 252 252 252 252 252 252 252 252 252 252 252
 252 252 252 252 252 252 252 252 252 250 253 252 252 251 251 191  75  44
  40  35  29  24  24  24  24  21  19  19  21  21  20  18  21  17  17  20
  24  24  25  27  27  27  26  25  24  24  24  24  24  24  24  24  25  24
  23  22  22  22  22  22  22  23  23  23  23  24  24  25  25  20  19  23
  24  24  25  25  25  26  29  31  31  31  33  36  39  46  48  68 170 250
 253 251 253 252 251 252 252 252 252 252 252 252 252 252 252 252 252 252
 252 252 252 252 252 252 252 252 252 252 252 252 252 252 252 252 251 252
 244  29]"
"[ 29  29 246 252 252 252 253 252 252 252 252 252 252 252 252 252 252 252
 252 252 252 252 252 252 252 252 252 252 252 252 252 252 252 252 252 252
 252 252 252 252 252 252 252 252 252 252 252 252 252 252 252 252 252 252
 252 252 252 252 252 252 252 252 252 252 252 252 252 252 252 252 252 252
 252 252 252 252 252 252 252 252 252 253 250 251 252 251 243 139  57  40
  35  32  26  24  24  24  24  21  19  20  23  23  22  21  23  19  18  19
  22  24  26  28  28  28  27  25  24  24  24  24  24  24  23  24  25  25
  24  24  24  24  24  23  23  23  23  23  25  25  25  26  25  21  20  23
  24  24  24  24  24  25  29  32  32  32  32  35  40  46  49  85 209 250
 254 251 252 254 251 252 252 252 252 252 252 252 252 252 252 252 252 252
 252 252 252 252 252 252 252 252 252 252 252 252 252 252 252 252 251 252
 244  29]"
"[ 29  29 246 252 252 252 253 252 252 252 252 252 252 252 252 252 252 252
 252 252 252 252 252 252 252 252 252 252 252 252 252 252 252 252 252 252
 252 252 252 252 252 252 252 252 252 252 252 252 252 252 252 252 252 252
 252 252 252 252 252 252 252 252 252 252 252 252 252 252 252 252 252 252
 252 252 252 252 252 252 252 252 252 253 250 252 251 251 216  94  48  38
  31  31  26  24  24  24  25  23  22  23  24  23  22  21  21  20  18  18
  20  24  26  28  28  28  26  25  24  24  25  25  24  23  23  23  24  24
  24  24  24  24  24  24  23  24  23  23  23  24  24  23  22  19  18  20
  24  24  24  24  23  24  27  31  32  33  32  34  41  47  54 107 229 250
 250 254 251 252 252 252 252 252 252 252 252 252 252 252 252 252 252 252
 252 252 252 252 252 252 252 252 252 252 252 252 252 252 252 252 251 252
 244  29]"
"[ 29  29 245 252 252 252 253 252 252 252 252 252 252 252 252 252 252 252
 252 252 252 252 252 252 252 252 252 252 252 252 252 252 252 252 252 252
 252 252 252 252 252 252 252 252 252 252 252 252 252 252 252 252 252 252
 252 252 252 252 252 252 252 252 252 252 252 252 252 252 252 252 252 252
 252 252 252 252 252 252 252 252 253 249 253 254 250 250 188  71  47  40
  32  33  28  25  25  24  25  24  24  25  24  21  19  19  20  19  18  18
  20  24  27  27  27  26  25  24  23  24  25  25  24  24  24  24  24  24
  24  24  24  24  24  23  23  23  23  22  23  25  25  23  22  20  19  19
  22  23  24  25  24  23  25  28  29  32  31  35  43  51  62 126 244 252
 252 253 255 252 250 253 252 252 252 252 252 252 252 252 252 252 252 252
 252 252 252 252 252 252 252 252 252 252 252 252 252 252 252 252 251 252
 244  29]"
"[ 31  27 245 252 253 252 250 253 252 252 251 252 253 253 252 251 252 252
 251 250 252 253 253 250 252 252 252 253 253 253 252 252 252 252 252 253
 252 252 251 251 252 253 253 252 253 252 251 252 252 252 252 252 252 252
 252 252 252 251 252 253 252 253 253 251 253 251 250 251 253 253 252 252
 252 252 252 251 251 252 252 252 250 254 250 253 253 248 142  56  39  34
  31  30  30  27  25  24  24  25  25  25  25  23  21  19  19  19  18  18
  20  23  26  29  27  26  25  24  24  24  24  23  22  23  24  23  23  24
  25  25  24  24  24  24  24  25  25  25  24  24  25  25  24  20  19  19
  21  23  25  25  25  25  26  27  30  31  33  36  42  43  70 181 251 251
 252 253 252 252 252 251 252 252 252 252 252 252 252 252 252 252 252 252
 252 252 252 252 252 252 252 252 252 252 252 252 253 252 251 252 251 251
 244  29]"
"[ 28  31 247 251 252 254 252 251 251 253 253 253 252 251 252 253 252 252
 252 252 252 251 251 252 253 252 252 252 252 252 251 251 252 252 251 251
 251 252 252 253 250 252 251 251 252 252 252 253 252 252 251 251 251 252
 253 253 253 253 253 253 250 250 252 253 252 253 253 252 249 249 251 253
 251 252 252 253 253 253 252 251 253 251 250 250 251 236 104  44  39  34
  30  29  29  27  26  25  25  24  23  23  22  22  21  20  21  20  20  20
  21  23  25  27  26  26  25  25  24  24  22  22  22  23  24  24  24  24
  24  24  24  24  24  24  24  24  24  24  24  24  24  25  23  20  19  19
  20  21  21  22  23  24  25  25  30  32  31  35  45  46 119 232 250 251
 253 254 252 252 253 252 252 252 252 252 251 251 251 251 252 252 252 252
 252 252 252 252 252 253 253 253 253 252 252 252 252 252 253 253 252 252
 244  29]"
"[ 29  30 246 254 252 251 248 253 253 252 251 250 251 252 253 253 252 251
 252 253 253 251 251 254 252 252 252 252 252 252 253 253 252 252 252 252
 252 252 252 253 253 254 253 252 253 252 252 252 251 252 253 253 253 252
 251 250 251 250 251 252 254 254 252 250 251 252 253 253 253 253 252 252
 252 251 250 250 251 252 253 253 252 252 254 252 251 201  68  42  38  33
  29  28  28  27  26  26  25  24  23  23  22  22  21  21  20  21  21  22
  22  23  24  25  26  25  25  25  24  24  22  21  22  24  25  24  24  24
  24  23  24  24  24  25  24  24  24  24  24  24  24  24  23  21  21  21
  21  20  19  20  22  23  24  24  27  28  32  38  41  52 156 249 250 251
 253 253 251 251 252 252 252 252 252 252 252 252 252 252 253 252 252 252
 252 252 252 252 251 251 252 252 252 251 251 251 251 252 252 252 251 251
 243  28]"
"[ 32  30 246 252 251 254 252 252 253 252 252 253 253 253 251 249 252 251
 251 252 253 252 251 251 251 251 251 251 251 252 252 252 251 252 252 253
 253 252 251 250 251 252 251 250 252 252 252 253 252 252 252 251 251 251
 252 253 253 253 252 251 251 252 252 254 253 252 250 250 251 252 252 252
 253 253 253 253 253 253 251 250 251 252 254 251 250 151  49  38  36  33
  29  27  26  25  25  25  25  24  24  24  24  23  21  20  19  19  20  21
  21  22  24  25  24  24  24  24  24  24  23  22  23  24  25  25  24  24
  23  22  24  24  25  25  25  25  25  25  24  24  24  24  23  23  24  24
  22  21  20  20  22  24  24  24  26  28  30  36  34  59 170 249 250 251
 253 253 252 252 253 252 251 251 251 252 252 252 252 252 252 251 251 251
 252 252 252 251 252 252 252 252 253 253 253 253 253 254 253 252 250 252
 244  29]"
"[ 28  29 244 254 251 251 250 252 249 251 251 251 251 251 252 253 252 253
 253 253 253 253 253 253 253 252 252 252 252 252 252 251 252 253 253 253
 253 253 252 252 252 253 252 252 252 252 252 252 252 252 253 253 253 252
 252 252 251 252 250 250 252 252 250 251 251 253 254 253 251 251 251 251
 251 251 251 251 251 252 253 253 252 251 251 251 241 115  44  32  33  31
  29  27  25  24  24  25  24  23  23  23  23  22  20  19  18  19  19  19
  20  21  23  24  24  23  23  24  24  24  24  23  23  24  25  25  24  24
  23  22  22  23  24  24  24  24  24  24  24  23  23  22  23  24  25  25
  23  23  23  23  23  24  24  25  23  30  29  33  38  67 184 249 251 251
 252 253 252 252 253 252 252 252 252 252 252 252 252 252 253 252 252 253
 253 253 252 252 253 252 252 251 251 252 252 252 252 252 252 251 250 251
 243  29]"
"[ 29  30 220 245 252 252 250 251 250 250 249 248 244 240 237 235 233 238
 241 240 240 242 245 246 248 248 248 249 249 249 249 249 247 246 246 246
 246 248 249 249 248 249 248 248 249 249 248 248 248 248 248 249 249 250
 250 249 248 251 250 250 251 251 250 254 251 252 252 251 252 254 254 252
 253 253 253 253 252 251 252 253 251 253 253 249 206  88  38  34  30  29
  28  27  24  24  24  25  25  23  21  20  21  21  21  21  20  19  19  18
  19  20  23  24  24  24  24  23  24  24  23  23  23  24  25  24  24  23
  23  22  23  23  24  24  23  23  24  24  24  23  21  20  20  22  24  24
  24  24  24  24  24  23  24  25  23  29  31  35  45  86 224 251 252 251
 252 252 251 252 252 251 252 252 252 252 252 251 251 251 252 252 252 252
 252 251 251 251 253 253 252 252 252 252 252 252 252 252 252 253 253 252
 243  30]"
"[ 31  25 142 152 172 198 205 202 194 181 161 142 130 124 122 122 122 124
 125 125 126 129 132 134 132 132 133 134 135 135 136 135 138 137 137 137
 138 140 142 144 145 147 148 150 155 157 157 157 156 153 149 149 152 158
 164 167 180 169 157 164 187 201 199 195 202 199 194 191 193 199 202 203
 204 208 212 212 208 202 197 195 204 210 210 198 140  57  30  32  29  28
  27  25  24  24  24  24  25  23  21  20  21  23  23  23  21  20  19  18
  18  20  22  24  25  24  24  24  23  23  22  21  23  24  24  24  23  23
  23  22  24  24  24  23  22  22  23  24  23  23  20  18  19  21  23  23
  24  24  24  24  23  24  24  25  27  27  32  36  44  96 235 249 253 253
 254 254 253 253 254 255 253 253 253 253 253 253 253 253 254 254 254 254
 253 254 254 254 252 253 253 254 254 254 253 253 253 253 253 254 252 250
 242  32]"
"[ 28  33 115 121 124 129 129 130 121 117 110 104 101 103 108 113 113 108
 104 106 109 110 110 110 109 110 110 111 111 110 110 109 109 109 109 110
 111 112 114 115 112 114 114 116 119 120 119 119 118 117 117 118 120 121
 122 121 121 122 118 118 125 125 121 123 122 125 127 125 123 123 123 123
 126 128 130 129 127 127 128 130 125 128 124 118  81  37  32  30  29  28
  26  24  24  24  24  22  23  21  21  21  23  24  23  23  20  20  18  17
  18  19  21  23  24  24  24  24  24  23  21  20  22  24  24  23  23  23
  23  22  24  24  24  22  21  21  22  23  23  22  20  18  19  22  24  24
  24  24  23  23  23  24  24  25  25  29  33  40  45  82 189 228 231 232
 235 234 230 229 232 233 234 234 234 235 235 236 236 236 238 238 239 238
 238 240 242 244 246 247 248 250 250 250 250 249 249 247 247 246 242 240
 236  27]"
"[ 28  30 104 108 111 110 107 107 110 108 105 104 103 104 105 105 107 107
 108 109 109 109 109 109 114 114 114 114 112 109 110 112 108 109 110 111
 111 112 111 110 112 112 112 113 114 116 116 115 114 115 116 118 118 119
 117 115 118 121 122 120 119 119 119 118 122 123 123 121 120 119 119 119
 121 121 120 120 120 119 118 118 117 117 120 110  64  33  33  30  29  26
  24  23  23  23  23  23  22  22  22  22  22  21  20  19  21  21  21  21
  19  18  20  22  24  24  24  24  24  22  20  18  19  22  25  24  23  23
  23  22  20  22  24  24  23  23  24  25  24  20  18  20  21  22  23  25
  24  24  24  23  23  23  23  23  21  29  29  41  48  57 117 140 144 144
 145 146 146 146 147 148 147 147 148 148 146 145 147 152 146 154 159 157
 153 156 164 172 180 180 178 175 176 180 180 178 176 180 175 166 162 164
 159  32]"
"[ 29  31 103 105 107 108 107 108 107 106 104 103 104 104 104 104 104 104
 106 107 106 105 105 105 109 109 110 111 110 108 109 110 109 110 110 110
 111 111 112 112 112 111 110 110 111 113 113 112 111 112 113 113 114 115
 115 115 115 117 118 118 118 118 118 118 120 120 120 119 119 120 120 119
 118 119 119 120 120 120 119 119 120 118 122 107  51  31  32  29  27  25
  24  24  24  23  22  22  22  22  22  22  22  21  21  20  22  22  22  21
  19  18  18  20  22  23  23  23  23  22  20  19  18  21  22  23  23  23
  22  20  19  20  21  22  23  23  24  25  24  22  20  22  23  23  23  25
  24  24  23  23  22  23  23  23  27  23  31  40  48  51 115 137 139 139
 139 138 138 137 137 137 139 138 138 139 139 139 140 143 144 143 140 137
 137 138 138 137 138 139 139 137 138 140 140 137 141 143 144 144 142 141
 142  26]"
"[ 28  30 102 102 103 104 104 106 103 102 102 102 103 103 102 101 102 103
 104 105 105 104 103 103 105 105 107 109 109 107 107 108 107 108 108 108
 108 109 110 111 111 110 108 107 108 110 111 111 110 111 111 111 111 113
 114 114 114 114 115 116 117 116 116 117 118 118 117 116 117 119 119 119
 117 117 118 119 119 119 119 119 120 119 122  99  38  30  31  27  25  24
  24  25  24  22  21  20  21  21  21  21  20  20  20  20  21  21  21  21
  19  17  18  19  22  22  23  23  23  22  20  18  18  19  21  22  24  24
  22  19  19  19  19  20  21  23  23  23  22  21  21  23  24  24  23  24
  24  24  23  23  22  23  23  24  23  23  29  31  52  61 116 138 138 138
 139 140 141 141 142 143 140 138 138 139 140 140 141 142 144 142 140 139
 140 142 141 139 141 143 143 142 143 144 144 142 142 140 140 145 146 144
 145  32]"
"[ 28  29 101 102 103 102 100 100 100 100 102 102 102 101 101 100 101 102
 103 104 104 103 104 104 105 104 105 107 107 106 105 105 106 107 107 106
 105 106 108 109 109 108 106 105 107 110 111 111 110 111 112 111 111 112
 113 113 115 113 114 116 116 115 115 116 117 117 116 116 116 118 118 117
 118 119 119 119 119 118 118 118 118 119 121  84  33  32  30  27  24  24
  24  24  23  21  20  20  20  20  19  19  19  19  19  20  20  20  20  20
  19  18  18  20  23  23  23  23  23  21  19  18  18  18  20  21  23  23
  21  19  20  19  18  18  20  21  21  21  19  19  20  23  24  24  24  24
  24  24  24  23  23  24  24  24  22  29  26  27  47  72 122 138 135 136
 137 138 139 140 140 140 141 140 139 140 141 141 142 142 141 141 142 141
 140 139 140 141 142 143 142 140 140 142 143 143 144 144 142 143 142 143
 143  27]"
"[ 29  29 100 101 103 102  98  97  98 100 102 103 101 100 100 101 101 101
 101 102 102 102 103 104 106 105 105 106 106 105 104 104 106 107 107 106
 105 105 106 106 106 105 104 104 106 108 109 108 110 111 110 109 109 111
 113 113 115 113 113 115 116 115 115 115 116 117 117 116 116 117 117 117
 121 121 120 120 119 118 118 118 117 121 117  63  33  34  28  27  24  23
  22  22  21  20  20  21  20  20  19  18  18  18  19  19  19  19  19  18
  18  18  19  20  24  24  23  23  22  20  18  17  17  18  19  20  20  20
  20  20  20  19  18  18  18  19  20  20  19  20  21  24  25  25  24  24
  23  24  24  24  24  24  24  24  26  25  24  28  29  53 114 134 136 137
 138 138 139 140 141 140 139 139 139 140 140 140 140 141 143 142 141 140
 140 139 138 137 141 141 140 138 138 139 141 141 139 143 144 143 139 140
 143  29]"
"[ 30  28  97  97 100 101  98  97  97  99 102 101  99  98  99 101 101 101
 100 100 100 100 101 103 105 104 104 105 105 104 104 105 106 107 107 106
 105 105 105 105 105 106 105 105 106 107 107 107 110 110 109 108 108 111
 113 115 113 112 112 114 115 115 115 116 115 117 117 117 116 117 117 118
 120 119 119 119 119 119 118 117 118 123 112  46  33  33  27  27  24  22
  21  20  20  20  20  21  20  19  18  17  17  17  17  18  19  19  18  18
  17  17  18  20  23  22  22  21  20  19  18  17  18  18  18  19  19  18
  19  21  19  19  19  18  18  19  20  20  21  22  23  23  24  24  23  23
  22  23  23  24  24  24  23  23  26  20  22  26  25  29  89 135 134 136
 137 137 138 140 140 138 138 139 140 141 141 142 142 143 140 139 138 139
 140 140 139 138 139 140 139 138 138 138 138 138 141 142 142 144 141 139
 142  29]"
"[ 30  28  95  95  97  98  97  97  96  98 100 100  99  99  99 100 101 101
 101 101 101 101 102 103 104 103 103 105 105 104 104 105 105 106 106 105
 105 104 104 103 107 108 108 108 107 108 108 108 109 110 110 110 111 113
 114 114 112 112 112 112 114 115 116 116 116 117 117 116 116 117 118 117
 118 118 118 119 120 120 118 117 118 123 108  38  31  30  26  26  24  22
  21  20  20  20  19  19  19  18  17  16  16  16  16  16  18  18  18  18
  17  16  18  20  23  22  21  20  19  19  19  18  19  18  18  18  18  18
  19  20  19  19  19  18  19  19  19  20  21  21  21  21  21  22  23  23
  23  23  23  24  24  24  24  23  25  25  24  26  32  27  56 119 140 141
 141 139 139 140 139 136 137 139 140 141 142 142 143 143 142 141 141 142
 141 140 139 140 140 140 140 140 140 140 140 140 145 142 140 144 142 140
 140  27]"
"[ 30  28  96  95  96  97  97  97  97  98  99 100 101 101 101 101 101 101
 101 102 102 102 103 104 103 103 104 105 105 104 104 106 105 106 105 105
 104 104 104 103 107 109 110 109 108 109 109 109 108 110 111 113 114 115
 113 112 112 113 113 112 113 116 117 116 118 117 116 115 116 117 117 117
 119 118 119 120 122 122 119 117 115 121 105  37  30  28  26  23  25  23
  21  21  20  19  18  17  19  19  18  17  16  16  16  16  16  17  18  18
  17  16  18  20  24  23  21  20  19  19  19  19  19  17  17  17  18  17
  17  19  20  19  18  18  19  19  19  18  19  20  20  20  21  23  24  25
  24  24  24  24  24  24  25  25  24  25  23  26  27  31  29  80 136 138
 139 138 139 141 140 138 138 139 140 141 142 143 143 142 144 142 141 142
 143 141 140 140 142 142 142 141 141 142 142 143 141 143 143 144 141 141
 143  30]"
"[ 29  28  94  94  95  96  97  97  98  98  98  98  98  99 100 101 101 100
  99 100 103 104 105 104 104 105 105 104 103 104 105 106 105 105 104 104
 103 104 104 104 107 107 108 110 110 110 109 109 108 111 113 114 114 115
 114 113 112 113 114 113 114 115 116 116 116 116 116 116 116 117 118 119
 118 117 117 120 121 120 118 117 114 120  93  30  30  25  25  22  25  22
  20  19  20  20  19  17  19  19  18  17  16  16  17  17  17  17  18  18
  18  17  17  18  20  22  24  22  20  18  19  19  18  17  16  16  16  16
  16  16  18  19  19  18  18  20  19  18  19  19  19  19  20  22  24  25
  24  25  25  25  25  24  24  24  24  24  24  26  28  26  31  44 111 138
 134 138 138 142 139 139 139 140 140 139 139 141 142 142 140 142 143 143
 142 142 142 142 142 142 141 141 141 142 143 144 143 142 143 142 141 142
 142  29]"
"[ 30  29  95  95  96  96  98  98  97  97  97  97  97  98  99 100 101 100
 100 100 102 103 103 103 104 104 104 104 104 105 105 105 105 104 104 104
 104 105 106 106 106 106 108 110 110 109 109 109 109 111 113 114 114 115
 114 113 114 114 114 114 115 116 116 117 116 116 116 116 116 116 117 117
 117 117 118 120 120 118 117 117 115 119  87  26  27  24  24  23  23  22
  20  20  20  20  19  18  20  19  19  18  17  17  18  18  17  17  17  17
  16  16  16  17  20  22  24  23  21  20  20  20  18  17  16  16  16  16
  16  17  18  19  19  19  19  19  19  19  19  20  20  20  21  22  24  25
  23  23  24  24  24  23  24  24  24  24  24  25  26  26  29  33  74 132
 143 138 140 139 142 140 142 142 141 141 141 142 142 142 141 142 143 142
 142 142 142 142 143 143 142 142 142 142 143 143 143 142 143 143 141 142
 143  29]"
"[ 30  29  95  95  97  96  98  97  97  97  97  97  98  98  99 100 100 101
 101 101 101 101 101 102 103 103 103 104 105 105 105 105 104 103 103 104
 105 107 107 107 105 106 108 110 110 109 109 109 110 112 113 113 114 114
 115 114 114 114 114 114 115 116 116 117 117 117 117 117 117 117 117 117
 117 118 120 121 119 118 117 118 118 117  78  22  25  23  24  24  22  22
  22  22  21  20  20  20  19  19  18  18  18  18  18  18  19  18  17  16
  16  15  16  17  18  20  22  22  20  20  20  20  18  17  16  16  17  17
  16  16  16  17  19  20  19  18  18  19  19  20  20  20  20  21  22  23
  23  23  23  23  24  24  24  24  24  24  24  24  24  26  27  25  41  99
 140 140 142 137 143 144 143 142 142 141 142 143 143 142 142 142 142 141
 141 141 143 143 144 144 144 144 144 143 143 143 144 143 143 143 142 143
 143  29]"
"[ 29  29  95  95  96  95  96  96  97  97  97  97  98  98  98  98  99 101
 102 102 100 100 100 101 102 102 103 104 105 105 104 104 104 104 103 105
 106 108 108 108 107 108 109 111 110 109 109 109 110 111 113 113 114 114
 114 114 113 113 113 114 116 117 117 117 117 117 117 117 117 117 118 118
 117 119 121 121 120 119 118 118 121 115  68  22  25  24  23  24  23  23
  23  22  21  20  20  20  18  18  17  17  17  17  17  17  19  18  17  17
  16  15  16  17  17  19  21  20  19  19  20  20  18  17  17  16  16  16
  16  15  14  15  18  20  19  17  17  19  18  19  20  20  20  20  21  21
  23  23  22  23  24  24  24  24  25  24  24  23  22  26  28  25  29  57
 125 142 140 138 140 143 142 142 141 141 142 143 143 142 142 143 142 141
 141 142 143 143 145 145 145 145 145 144 143 142 144 143 143 143 142 144
 143  29]"
"[ 29  28  94  94  95  94  95  95  96  96  97  97  97  97  96  96  98 100
 102 102 101 100 100 101 102 101 102 104 105 105 104 104 105 105 104 105
 107 109 109 109 107 107 109 110 110 110 109 110 110 111 112 114 114 114
 114 113 113 113 114 116 117 117 117 117 117 117 117 116 116 117 118 119
 118 119 120 120 120 120 119 118 123 109  57  24  26  25  23  24  22  22
  21  20  20  20  19  19  17  17  17  17  17  17  16  16  17  17  16  16
  16  15  16  17  18  20  20  19  18  19  20  20  19  19  18  16  16  15
  14  13  13  15  17  20  19  17  17  19  19  20  21  20  20  20  21  20
  21  21  21  21  22  23  23  23  23  22  24  25  22  24  28  28  27  36
 102 137 141 141 138 139 141 141 140 141 142 144 144 143 143 143 143 142
 142 143 143 143 144 144 145 145 145 144 144 143 144 143 143 143 143 144
 143  29]"
"[ 29  28  94  93  94  94  95  95  96  96  97  97  97  96  96  96  97  99
 102 102 102 101 101 101 101 101 102 104 105 104 104 104 105 105 104 105
 106 107 107 107 106 106 107 109 110 110 110 110 110 110 112 114 114 114
 113 113 114 113 114 116 117 116 116 116 118 117 117 116 116 117 118 119
 119 120 120 120 121 121 119 117 122 100  44  25  27  25  23  23  22  21
  20  20  20  20  20  19  18  17  17  17  18  18  17  16  16  16  17  17
  17  16  16  16  18  19  20  19  18  18  18  19  19  20  19  17  15  15
  14  12  14  15  18  19  19  17  18  19  18  19  20  20  19  20  20  19
  19  20  20  21  21  22  22  22  20  21  24  26  24  24  26  29  28  31
  66 115 147 144 138 139 140 140 140 140 142 144 144 143 143 144 144 143
 143 144 144 144 144 144 144 145 144 144 144 144 144 143 144 144 143 144
 144  29]"
"[ 30  28  94  93  94  94  95  95  95  96  97  97  96  96  97  98  98  99
 101 101 102 102 102 102 102 101 102 104 105 104 104 105 105 105 105 105
 106 106 106 106 106 106 106 108 110 111 111 111 111 110 111 113 114 114
 113 113 114 113 114 115 116 115 115 117 117 117 117 117 117 117 118 119
 120 121 121 121 121 121 119 117 122  92  34  26  27  25  23  22  22  22
  21  21  21  21  20  20  18  18  17  18  18  18  17  16  16  16  17  17
  17  16  16  16  17  18  20  19  18  18  18  17  20  21  21  18  16  15
  14  13  14  16  18  19  18  18  18  18  17  19  19  19  19  19  19  19
  19  20  21  21  22  22  22  22  21  23  23  24  25  24  24  26  28  30
  35  75 133 144 141 141 140 141 141 141 142 143 143 143 144 145 144 144
 144 145 145 144 145 145 144 144 144 144 144 145 144 144 144 145 143 144
 144  30]"
"[ 29  28  93  92  93  93  95  95  94  96  96  96  95  95  97  99  99  99
 100 101 101 102 102 102 102 102 103 105 105 103 104 106 106 106 106 106
 107 107 107 108 108 107 106 108 110 111 111 111 112 111 111 113 114 113
 113 114 115 113 114 116 116 115 116 119 115 116 116 117 117 118 119 119
 120 121 122 121 120 119 118 116 123  88  29  27  26  24  23  22  22  22
  22  22  21  20  19  19  18  18  17  18  18  18  17  15  16  16  16  16
  16  15  15  15  17  19  20  20  20  19  18  17  20  22  22  19  16  16
  15  14  13  16  18  17  17  18  18  17  18  19  19  19  19  19  20  19
  19  20  21  22  22  22  22  22  24  26  23  21  24  24  23  24  24  32
  28  41 105 139 143 139 142 143 143 143 143 143 144 143 145 145 145 144
 144 145 145 145 146 146 145 144 144 144 145 145 144 144 145 145 143 144
 144  30]"
"[ 28  28  95  95  96  94  95  94  95  95  96  96  96  98 100 101  98  98
  99 101 102 101 101 101 101 102 104 105 106 106 105 104 106 106 105 106
 107 109 109 109 109 109 109 109 109 110 111 112 111 112 113 114 114 114
 115 116 117 116 115 115 115 116 118 118 118 117 116 116 117 118 119 119
 122 122 121 120 120 120 119 116 123  80  29  29  27  23  22  22  22  22
  22  21  19  18  18  19  17  16  16  16  16  16  16  15  16  16  16  16
  15  15  16  17  17  19  21  20  19  19  20  20  21  22  21  18  16  16
  16  14  14  16  17  19  20  20  19  18  16  16  16  17  18  18  18  18
  18  19  20  20  19  20  22  23  24  23  21  21  22  23  24  24  24  24
  31  27  52 116 142 144 144 140 144 145 143 144 146 145 147 146 145 145
 145 146 145 145 145 146 146 145 144 144 145 146 145 146 144 146 145 146
 146  29]"
"[ 29  28  95  95  97  96  96  95  97  97  97  97  97  98  99 100  98  98
  98  99 100 100 101 102 102 103 104 105 105 105 104 104 106 106 106 107
 108 108 108 108 109 110 110 110 109 109 111 112 113 113 113 114 114 114
 114 115 117 116 115 115 116 118 118 118 117 117 117 117 118 119 120 121
 121 121 121 120 121 121 120 118 122  76  26  26  25  23  22  22  20  21
  21  21  20  19  18  17  16  16  16  16  16  16  15  15  16  16  16  16
  15  15  15  16  17  19  20  19  18  18  19  20  20  21  20  18  16  17
  16  15  14  15  17  18  19  19  19  18  15  15  15  15  16  16  17  17
  18  19  20  20  20  20  20  21  23  23  22  21  22  23  24  25  23  27
  28  33  28  64 126 146 144 144 147 144 143 148 144 145 146 146 145 145
 145 146 145 145 145 145 146 146 145 145 146 147 145 146 145 146 145 146
 146  29]"
"[ 30  28  95  95  97  97  97  96  97  97  97  97  97  98  99 100  99  98
  97  98  98  99 101 102 103 104 104 105 105 105 105 105 106 106 106 107
 108 108 108 108 109 111 112 112 110 110 111 112 114 113 113 113 114 114
 114 115 116 115 114 115 117 118 118 117 117 118 119 120 121 121 122 122
 121 122 122 122 123 123 121 120 121  72  25  25  25  24  22  22  20  21
  21  21  20  19  18  17  16  16  16  16  16  16  16  16  16  16  16  16
  15  15  15  15  17  19  20  19  18  18  19  21  21  22  20  18  17  18
  17  16  14  15  17  18  19  19  19  18  17  16  15  15  15  16  17  18
  18  19  21  22  22  21  20  19  22  22  21  21  21  22  23  24  25  25
  26  32  25  31  74 129 148 146 144 148 144 146 146 145 146 146 145 145
 145 145 145 145 145 146 146 146 146 146 147 148 145 146 145 146 146 146
 146  29]"
"[ 29  28  95  95  96  95  96  96  96  96  96  96  96  97  98  99  99  99
  98  99  99 100 102 104 104 104 105 105 105 105 106 106 105 105 106 107
 108 108 108 108 110 111 112 112 111 111 111 112 114 112 112 113 114 115
 116 116 116 115 115 116 117 119 118 118 118 119 121 122 122 122 122 123
 122 122 123 123 123 123 121 119 120  68  27  27  25  24  22  21  23  22
  20  19  19  18  18  17  16  17  17  16  16  16  16  17  16  16  16  16
  16  15  14  14  16  18  20  19  18  18  19  20  23  23  21  19  18  17
  16  15  14  16  18  19  19  19  19  18  18  17  16  15  14  15  17  18
  18  19  20  22  22  22  20  19  21  21  22  22  22  22  22  23  24  23
  25  25  33  31  32  83 131 149 145 146 147 144 148 145 146 146 146 146
 145 145 145 145 146 146 147 147 146 146 147 147 146 147 146 147 146 146
 146  29]"
"[ 28  29  96  95  95  93  94  96  96  96  96  96  96  97  98  99  99  99
 100 100 101 101 103 104 105 105 105 105 105 105 105 105 104 104 106 107
 108 108 108 108 110 110 110 111 112 112 112 112 113 112 112 113 114 115
 116 117 117 117 117 117 118 118 119 118 118 119 121 122 122 122 122 123
 121 122 122 123 123 122 120 119 120  64  27  27  24  23  22  21  22  21
  20  19  19  18  18  17  16  16  16  16  15  15  16  16  16  16  16  16
  16  15  14  14  15  17  19  19  17  17  18  19  23  23  21  18  17  16
  15  13  13  15  18  19  19  19  18  17  17  16  15  14  13  13  15  17
  16  17  19  20  21  21  21  20  21  22  23  24  24  23  23  23  22  26
  24  24  25  30  32  40  85 135 153 144 148 146 147 146 147 147 147 146
 146 146 146 146 146 146 146 146 146 146 146 147 146 147 146 147 146 147
 146  29]"
"[ 29  29  96  95  94  92  94  96  97  97  97  97  96  97  97  98  98  99
 100 101 101 101 102 104 105 105 105 105 104 104 104 104 104 105 106 107
 108 108 109 109 111 110 110 111 113 114 114 114 113 113 112 113 114 115
 116 117 117 117 117 117 117 118 118 119 118 118 120 121 121 122 122 123
 122 122 123 124 124 123 122 121 120  59  27  25  23  23  22  23  20  20
  20  20  20  19  18  17  16  17  16  16  16  16  16  17  17  16  16  16
  16  16  15  15  15  17  19  19  18  18  19  19  22  22  20  18  17  17
  15  13  13  16  18  19  18  18  17  17  16  16  15  13  12  12  14  15
  16  17  18  19  20  21  22  22  22  22  23  24  24  24  24  24  24  24
  23  26  20  27  35  30  44  86 139 152 145 146 146 147 147 147 147 147
 147 147 146 146 146 146 146 147 147 147 147 147 146 147 146 147 147 147
 147  29]"
"[ 29  29  95  95  95  93  95  95  97  97  97  96  96  96  97  98  97  98
 100 102 102 101 102 103 105 105 105 105 105 105 105 105 105 106 107 107
 108 109 110 110 112 111 111 112 113 114 115 115 114 113 114 115 115 116
 117 118 118 117 116 117 118 119 119 119 119 119 120 121 122 123 123 122
 122 122 123 125 125 123 123 123 116  53  25  25  23  24  23  22  19  19
  20  19  19  18  17  17  17  17  17  16  17  17  17  17  17  17  16  16
  16  16  16  15  16  18  19  19  19  19  19  19  21  21  19  17  17  17
  16  14  14  16  17  17  17  17  17  17  15  15  15  14  12  12  13  15
  16  17  18  19  20  21  22  24  23  23  22  22  23  23  24  24  25  22
  23  25  24  28  26  33  30  41  91 147 145 144 147 148 148 148 147 148
 148 148 147 146 147 147 147 147 148 148 148 148 147 148 147 148 147 147
 147  29]"
"[ 30  28  94  94  95  94  95  95  95  95  96  96  96  96  97  98  97  98
 100 102 102 101 102 103 104 104 105 106 107 107 107 107 106 107 108 108
 108 109 110 111 110 111 111 111 111 112 113 114 114 114 114 115 116 116
 117 119 120 118 117 117 120 121 121 121 121 121 122 123 124 124 123 122
 121 121 122 124 124 122 122 123 111  47  22  24  24  25  22  19  20  20
  19  18  17  16  17  18  17  17  16  16  16  17  17  17  18  17  16  16
  16  17  16  16  17  17  18  18  18  19  19  19  20  20  18  16  16  16
  15  13  13  15  16  16  15  15  16  16  15  15  15  14  12  12  13  14
  16  17  18  19  19  20  22  23  24  23  22  21  22  24  25  25  22  25
  25  23  22  27  25  31  28  29  43 125 150 147 145 148 149 148 148 148
 149 148 147 146 148 148 148 148 148 148 148 148 147 149 148 149 148 148
 147  30]"
"[ 30  28  94  93  94  94  95  95  96  96  96  95  96  97  99  99 100  98
  98 101 103 103 102 102 103 103 104 105 106 107 108 109 106 107 107 107
 108 109 109 109 109 110 111 112 112 113 113 114 114 114 116 117 118 117
 116 118 120 119 119 120 122 123 122 121 123 122 122 122 123 124 124 124
 123 124 123 123 123 123 123 125 114  53  23  23  25  22  21  20  20  20
  20  19  18  17  16  15  16  17  17  17  17  18  18  17  17  16  16  16
  17  17  17  17  15  17  17  17  18  20  20  19  18  17  16  16  16  15
  13  12  13  14  15  16  16  16  16  16  15  14  13  14  15  14  14  14
  16  16  17  19  20  20  21  24  23  23  22  22  22  22  23  24  22  23
  24  24  24  25  25  26  30  29  30  88 145 154 148 148 148 149 150 151
 151 150 149 148 149 149 150 150 150 150 149 149 150 149 148 149 150 148
 151  28]"
"[ 30  28  94  94  95  95  96  96  94  95  95  96  97  99 101 102 101  98
  98 101 103 103 103 104 104 104 103 104 105 106 106 106 106 107 108 108
 109 110 111 112 110 111 112 112 113 113 114 114 114 114 116 118 118 117
 118 119 119 119 118 119 120 121 122 123 122 121 121 122 122 123 123 123
 123 125 125 124 124 123 123 124 115  51  25  23  24  22  22  21  19  19
  19  19  19  18  16  15  15  16  16  15  15  16  16  16  16  16  16  16
  17  17  17  16  15  16  16  16  17  18  19  18  17  16  16  16  16  15
  13  12  12  12  13  13  13  14  16  17  16  14  14  15  16  15  15  16
  16  16  17  18  19  20  21  23  23  23  22  22  22  22  22  22  23  23
  23  23  23  23  24  25  27  32  27  58 137 153 148 148 148 149 150 152
 152 151 150 149 150 150 151 151 151 151 150 150 150 150 149 150 151 149
 151  29]"
"[ 29  28  93  94  96  96  97  97  95  96  97  97  99 101 103 104 102 100
  99 101 103 103 104 105 105 104 103 104 105 105 105 104 106 108 110 110
 109 110 112 113 112 112 113 113 113 114 115 115 114 114 116 118 118 118
 118 120 119 119 119 119 120 121 123 124 122 122 122 123 123 124 124 123
 124 126 126 126 126 125 124 126 115  45  27  22  23  22  22  20  19  19
  19  19  19  18  17  15  16  16  16  16  16  16  16  15  16  16  16  17
  17  17  16  16  16  16  16  15  16  17  17  17  17  16  16  16  16  16
  15  14  12  12  12  12  13  14  16  17  15  15  15  16  16  16  16  16
  16  16  17  18  19  20  21  23  24  23  22  21  20  21  22  22  22  22
  23  23  23  23  23  24  26  33  27  39 127 152 149 149 149 150 151 152
 153 152 151 150 151 151 151 152 152 152 152 152 151 151 150 151 153 151
 152  29]"
"[ 30  28  94  94  97  97  98  97  97  98  98  98 100 102 103 103 102 101
 100 101 102 103 103 104 104 104 104 104 105 106 105 104 106 109 111 110
 109 109 110 112 113 113 114 114 114 114 115 116 115 115 116 118 118 117
 118 119 120 120 121 121 122 122 122 122 123 123 123 124 124 125 124 124
 125 128 128 128 128 127 126 128 113  39  27  22  23  22  22  20  20  19
  18  19  19  19  18  16  17  18  17  17  16  17  17  16  16  16  16  17
  17  17  16  16  16  16  16  16  16  16  16  15  15  15  15  16  16  16
  16  15  14  15  15  15  15  15  16  16  16  16  16  17  17  17  17  16
  16  16  17  18  19  20  22  23  24  23  21  19  19  21  23  24  20  21
  22  23  23  23  24  24  27  29  27  41 122 152 148 150 150 151 152 153
 153 152 152 151 151 151 152 152 153 153 153 153 152 152 151 152 153 152
 153  29]"
"[ 31  29  95  95  97  97  98  97  98  98  98  98  99 100 100 100 101 101
 101 102 103 103 103 103 103 104 105 105 105 105 106 106 107 109 111 111
 109 109 110 111 113 114 114 114 114 114 115 116 115 115 116 117 118 117
 118 120 121 121 121 121 123 123 123 122 122 123 123 124 124 125 125 125
 127 129 129 129 129 128 127 129 110  34  26  23  24  23  22  20  20  19
  18  18  19  19  18  17  17  17  17  16  16  16  16  16  16  17  17  17
  16  16  16  16  15  15  15  15  15  15  14  13  13  13  13  14  15  16
  15  15  16  16  17  16  16  16  16  17  18  18  18  18  18  19  18  18
  17  17  17  18  19  20  21  22  22  23  22  20  20  22  23  23  19  21
  22  23  24  24  24  24  26  26  25  46 128 152 148 151 152 152 153 153
 153 152 151 151 151 152 152 153 153 153 153 153 152 153 151 152 153 152
 153  30]"
"[ 30  28  95  95  96  95  96  96  98  98  98  98  99 100 100  99  99 100
 102 103 103 103 104 104 103 104 105 105 105 105 106 108 107 109 111 111
 110 110 111 112 113 114 114 114 114 114 115 116 114 114 115 117 118 118
 119 121 123 121 119 120 121 123 124 123 122 123 124 125 125 125 126 126
 128 130 129 129 130 128 127 128 109  34  23  23  24  23  20  18  20  19
  18  18  19  19  18  18  17  17  17  16  16  16  16  16  17  17  17  17
  16  16  16  16  16  15  15  16  16  14  13  12  12  13  14  15  15  16
  16  16  17  17  16  15  15  16  17  18  19  19  18  18  18  19  19  19
  18  18  17  17  18  20  20  20  20  22  23  22  22  22  21  19  19  21
  22  23  23  23  23  24  25  27  23  51 142 154 149 153 153 153 153 153
 153 152 152 151 152 152 152 153 153 153 153 153 153 153 152 152 153 152
 154  29]"
"[ 28  28  95  94  95  94  95  96  98  98  98  98 100 101 101  99  99 101
 103 104 104 104 105 105 104 105 105 105 105 106 108 109 109 110 110 110
 111 112 113 113 114 114 114 114 114 115 116 116 115 115 115 117 118 118
 120 122 123 121 120 120 121 122 123 123 124 125 125 126 126 127 128 129
 130 131 130 129 130 129 127 128 112  38  22  24  23  22  19  18  18  18
  19  19  19  18  17  17  16  17  16  16  16  16  16  16  17  17  18  17
  17  16  16  16  16  15  15  16  16  15  13  13  14  14  15  16  16  16
  16  16  17  17  17  16  16  17  18  19  18  19  18  17  18  20  20  20
  19  19  18  18  18  20  20  19  19  22  23  22  22  22  21  18  19  19
  20  21  22  22  23  24  24  26  23  71 151 152 149 154 153 153 154 154
 154 153 153 152 153 153 153 153 154 154 154 154 153 154 153 153 154 153
 154  29]"
"[ 29  29  96  96  96  95  96  97  97  97  97  98 100 101 100  99 101 103
 104 104 104 105 105 105 105 105 105 106 107 108 110 110 110 110 110 109
 110 112 114 114 114 115 115 115 115 115 116 117 116 116 116 118 118 118
 119 122 122 122 122 122 122 122 122 122 124 125 126 127 127 128 130 131
 131 131 130 129 131 130 129 129 117  43  22  25  24  23  19  20  17  18
  19  19  19  18  17  16  16  16  16  15  15  16  16  16  16  17  18  18
  17  16  16  16  16  15  15  16  16  14  13  13  15  15  16  16  16  16
  16  16  16  17  19  19  19  19  19  19  18  19  18  17  18  21  22  21
  21  21  20  18  19  21  21  20  19  22  22  20  20  22  22  20  18  18
  19  19  20  22  23  25  24  23  24  95 152 148 147 152 154 154 154 154
 154 154 154 153 153 153 153 154 154 154 154 154 153 155 154 154 155 153
 154  28]"
"[ 29  29  95  95  97  96  97  96  96  98  97  98 100 100 100 101 101 102
 103 105 106 105 105 105 103 105 107 108 108 108 109 110 110 109 108 108
 110 112 112 112 112 113 114 116 116 116 116 115 116 117 118 119 119 119
 120 121 121 122 122 122 122 122 123 123 124 125 126 125 126 127 129 129
 130 130 130 130 129 129 128 128 115  43  25  25  22  23  19  21  20  19
  18  17  17  17  17  17  16  16  16  16  16  16  16  16  17  17  17  17
  17  16  16  16  15  16  15  13  12  13  14  16  16  17  18  18  18  17
  17  17  18  19  20  19  17  17  19  20  19  19  19  18  18  21  23  22
  22  24  24  21  19  18  18  18  19  20  21  22  22  23  22  21  17  21
  20  20  22  22  24  26  24  21  43 129 160 148 153 153 154 154 154 154
 154 154 154 154 153 154 154 153 154 154 154 154 155 154 154 152 154 153
 154  30]"
"[ 30  30  96  96  97  97  98  97  96  97  97  98 100 100 100 101 102 102
 103 104 104 105 105 106 106 107 108 108 108 109 109 109 109 108 107 107
 109 110 111 111 112 113 114 115 116 116 116 116 117 118 119 120 120 121
 121 122 122 123 123 123 124 124 125 125 125 126 126 126 126 128 130 130
 131 131 130 130 130 130 129 129 116  49  22  24  21  21  21  19  19  18
  17  17  17  17  17  16  16  16  16  16  16  16  17  17  16  16  17  17
  17  17  17  17  16  16  15  14  14  15  16  16  17  18  18  19  18  17
  17  17  18  19  19  19  18  18  19  20  18  19  19  18  19  20  21  21
  20  21  22  21  19  18  19  19  21  22  22  22  22  21  20  19  18  17
  18  20  21  24  25  21  26  19  79 146 157 151 152 154 156 155 155 155
 154 154 153 153 153 154 154 154 154 155 155 155 155 154 155 155 156 156
 155  27]"
"[ 30  29  95  95  96  96  97  97  96  97  97  97 100 100 100 100 102 102
 103 104 104 104 106 108 107 107 107 107 107 108 108 108 109 109 109 109
 110 111 112 113 112 112 113 114 115 116 116 117 118 119 120 120 121 121
 122 122 122 122 122 123 124 125 126 126 126 126 126 125 127 128 130 130
 130 130 130 130 130 130 130 129 119  57  20  23  21  20  22  17  18  18
  17  17  17  17  16  16  16  16  16  16  16  16  17  17  16  16  16  16
  17  17  17  17  16  15  14  13  14  16  16  16  17  18  19  19  19  18
  18  18  18  19  19  19  19  19  19  20  19  18  19  19  20  19  19  20
  20  20  20  21  21  20  20  21  23  23  23  22  21  20  19  18  19  20
  19  20  22  22  23  26  21  40 123 156 151 152 153 154 152 153 153 154
 154 155 155 155 154 154 154 154 154 154 154 154 154 155 157 155 154 156
 155  29]"
"[ 29  28  94  94  95  95  96  96  96  97  97  98 100 101 100 100 102 102
 103 104 104 105 106 108 106 105 105 105 106 108 108 108 109 110 110 111
 111 112 114 115 113 113 114 114 115 116 117 117 118 119 119 120 121 121
 122 122 122 122 123 123 124 125 126 126 127 127 126 126 128 129 130 130
 129 130 130 131 131 130 130 129 126  65  20  24  22  21  21  18  19  18
  17  17  17  17  16  16  16  16  16  16  16  16  16  16  16  16  16  16
  16  17  17  17  16  15  14  14  15  16  16  15  17  18  19  19  19  19
  19  19  20  19  19  18  18  19  20  20  20  19  19  20  20  19  19  20
  20  19  19  22  22  20  20  22  22  23  23  22  20  20  19  18  17  18
  19  18  20  23  21  20  26  86 150 152 148 151 155 153 155 154 154 154
 153 152 152 151 154 154 154 154 153 153 154 155 155 154 155 154 153 157
 153  28]"
"[ 30  29  95  94  96  95  97  96  97  99  98  99 101 101 100 101 101 102
 104 105 105 105 106 107 106 105 105 105 107 108 109 109 109 110 110 111
 111 112 113 114 115 115 115 115 115 116 117 118 119 119 120 120 121 122
 122 122 122 123 124 124 124 125 127 128 128 128 128 129 130 131 131 130
 130 130 131 132 132 132 131 130 130  70  20  24  23  22  18  20  20  19
  18  18  17  17  16  16  15  16  16  17  17  17  16  16  16  16  16  16
  16  16  16  16  15  16  16  15  15  16  17  16  17  18  19  19  19  19
  19  19  20  19  18  17  18  19  20  20  20  19  19  20  20  19  20  22
  20  19  19  21  21  19  19  20  20  22  22  22  20  20  19  18  19  15
  18  19  20  24  22  20  67 133 158 150 152 152 155 153 153 153 154 155
 156 157 157 157 158 158 158 159 159 158 159 160 158 156 154 155 156 159
 152  31]"
"[ 30  29  95  95  96  96  97  97  97  98  98  98  99 100  99 101 101 101
 103 105 105 104 105 106 106 106 106 107 107 108 109 110 111 111 112 112
 113 113 114 115 116 116 116 116 116 116 117 118 119 119 119 119 120 121
 122 122 123 124 125 125 125 126 128 129 129 129 130 130 130 131 131 130
 130 130 132 132 132 132 131 130 132  77  20  23  21  22  16  20  20  19
  19  18  18  17  16  16  16  16  17  18  18  17  17  16  16  16  16  16
  16  16  15  15  14  15  16  16  16  17  17  18  17  18  19  19  19  19
  19  19  21  20  18  18  18  18  20  20  20  19  18  18  19  19  20  22
  21  19  19  20  20  19  18  19  19  21  22  21  20  19  18  17  18  19
  18  19  24  16  22  60 123 152 156 153 154 153 150 152 152 152 150 148
 146 143 141 140 135 135 135 135 133 131 130 131 138 138 135 133 130 132
 131  27]"
"[ 29  29  95  95  96  96  97  96  97  98  98  97  98  98  98 101 101 102
 103 104 105 105 104 105 106 107 108 108 107 107 109 111 112 113 113 114
 114 115 115 116 116 116 117 116 116 116 117 118 119 118 118 119 120 121
 122 122 123 123 123 124 126 128 129 129 129 130 130 130 130 130 130 130
 130 131 131 132 132 131 131 131 135  88  22  24  20  20  18  19  19  19
  18  18  18  17  17  16  16  17  17  18  17  17  16  16  16  16  16  16
  16  16  16  16  13  14  16  16  16  17  17  17  17  18  19  19  19  19
  19  19  20  20  19  19  18  19  19  20  19  19  19  18  18  20  21  21
  20  20  19  19  19  19  19  19  19  20  21  20  19  18  18  18  16  19
  17  16  23  23  45 102 129 131 131 132 130 131 129 130 129 129 129 128
 126 125 123 122 122 121 121 121 119 115 114 115 120 121 118 115 111 111
 116  28]"
"[ 29  29  95  95  97  96  97  96  98 100  99  98  98  98  99 102 103 103
 103 105 105 105 105 105 106 107 109 109 108 108 110 112 112 112 113 113
 113 114 114 115 115 116 117 116 116 116 117 118 119 119 119 119 121 122
 123 123 124 123 122 124 127 130 131 130 130 131 131 130 130 130 131 131
 132 132 132 132 132 132 132 132 139  99  25  25  20  20  21  17  18  18
  18  18  18  18  17  17  16  16  16  16  16  16  16  16  16  16  16  16
  16  16  16  16  15  16  16  17  17  18  18  17  17  17  18  19  19  19
  20  20  20  20  20  20  19  19  19  19  19  20  19  18  18  20  21  21
  18  19  19  17  17  18  19  19  18  19  20  19  18  18  19  19  22  16
  21  17  23  55  89 112 116 117 119 117 114 118 122 119 115 116 117 117
 117 117 116 116 116 116 117 118 117 114 113 115 114 114 110 112 114 114
 114  29]"
"[ 29  29  95  97  96  98  97  97 100 102 102 100 101 101 101 101 104 104
 104 105 105 105 105 105 105 107 109 109 109 110 111 111 111 111 111 111
 113 115 115 114 115 116 117 117 116 116 117 118 120 119 119 121 122 123
 123 123 124 125 124 123 126 130 130 128 128 129 130 130 130 131 132 131
 130 132 133 131 132 133 133 131 139 110  28  20  24  17  22  16  17  16
  16  16  16  16  16  16  15  16  17  16  15  15  16  17  16  16  16  17
  16  15  16  16  15  16  17  17  17  18  18  18  19  19  19  20  20  20
  19  19  18  19  19  19  19  19  18  17  19  19  19  20  20  20  20  20
  19  19  19  19  19  19  19  19  18  17  19  19  16  18  21  20  20  22
  18  23  68  98 114 111 112 114 115 116 116 116 117 117 115 115 115 116
 116 116 116 116 115 115 114 114 114 113 112 112 111 112 113 113 113 111
 111  30]"
"[ 28  29  95  97  96  97  96  96 100 102 102 101 102 103 102 103 101 102
 103 105 105 105 105 106 105 107 109 109 109 109 110 110 109 111 112 114
 115 115 115 114 115 116 116 116 116 116 117 118 118 118 119 120 122 122
 122 122 124 124 123 123 125 128 129 128 129 130 129 129 129 130 130 129
 130 132 133 131 131 132 131 130 133 120  49  19  21  20  20  20  17  17
  17  16  16  16  16  16  17  17  17  17  16  16  17  17  17  17  17  18
  17  16  16  16  15  16  17  18  18  18  18  18  19  19  19  19  19  19
  19  18  17  18  18  18  18  18  18  18  19  19  20  20  20  20  19  19
  19  20  20  20  20  19  19  18  17  16  16  18  18  19  20  20  27  17
  34  72 105 111 115 109 112 113 114 114 115 115 115 116 114 114 114 114
 114 114 114 114 113 113 113 112 112 112 111 111 112 112 112 112 112 110
 111  29]"
"[ 29  30  95  97  96  97  97  98 100 103 102 101 102 102 101 102 102 104
 105 106 106 105 105 107 106 107 109 109 109 109 109 109 110 112 113 114
 114 113 114 115 115 116 117 117 116 116 116 117 120 120 122 123 123 123
 123 123 126 125 124 125 126 127 128 128 132 131 131 130 130 131 131 130
 125 126 127 125 124 125 124 123 124 122  73  17  22  21  18  20  18  18
  17  17  17  17  17  17  17  17  16  16  16  16  16  16  17  17  17  17
  17  16  15  16  15  16  17  18  18  18  17  17  19  19  19  19  19  19
  18  18  17  18  18  18  17  17  18  20  19  20  20  20  19  19  19  19
  19  20  20  21  20  19  18  17  17  17  16  16  18  19  19  21  23  36
  70 106 115 110 112 109 111 111 112 112 112 113 114 114 113 113 114 114
 114 113 113 113 113 112 112 111 111 111 110 110 112 112 111 111 110 109
 110  29]"
"[ 29  30  95  96  95  97  98 100 100 101 101 100 102 102 101 102 102 103
 105 106 106 104 104 105 107 109 109 109 109 109 109 109 114 113 113 112
 111 111 113 115 115 116 117 117 116 115 115 114 114 115 116 116 116 115
 115 115 115 112 111 113 114 113 113 114 114 114 113 113 114 115 114 113
 115 116 117 116 114 114 114 114 115 112  90  19  26  21  19  19  18  18
  17  17  17  17  17  17  16  16  16  15  15  15  15  15  15  16  16  17
  17  16  16  16  16  17  17  18  17  17  17  18  19  19  19  19  19  19
  18  18  18  19  20  19  17  17  19  20  19  20  20  19  18  18  18  18
  18  18  19  19  19  18  17  16  16  19  18  17  20  20  19  21  36  80
 106 110 107 109 110 113 110 110 111 111 111 112 112 113 113 113 113 113
 113 113 113 113 112 112 111 111 110 110 110 109 111 111 110 110 110 108
 110  29]"
"[ 28  29  95  96  95  97  98 100  98  99  99  99 101 102 102 104 102 102
 104 106 107 106 106 106 105 106 106 106 105 106 107 106 108 106 104 104
 103 104 105 107 108 108 107 107 106 106 106 107 105 105 106 106 106 105
 105 106 104 101 101 104 106 105 103 104 106 106 105 105 107 107 107 105
 107 108 109 109 108 108 108 108 108 107 101  36  24  23  21  19  18  17
  16  16  17  17  18  18  16  17  17  17  16  15  16  17  16  16  17  17
  17  16  16  17  17  18  18  17  17  17  18  18  18  19  19  20  20  20
  18  17  18  19  20  19  18  18  19  20  19  19  19  19  18  17  17  18
  17  17  17  17  17  17  17  17  17  18  18  18  19  18  24  37  75 108
 112 108 110 114 109 112 110 110 110 111 112 112 112 112 112 112 111 111
 111 112 113 114 112 111 110 110 110 110 110 110 110 110 110 110 110 109
 110  29]"
"[ 29  30  96  98  96  98  97  98  97  97  96  97  98  98  97  99  99  99
 100 101 102 102 101 101  98  99  99  98  98  99  99  99  97  95  95  96
  97  97  97  98 100  99  97  96  96  98 100 101 101 101 102 102 103 102
 103 103 103 101 101 105 107 106 105 105 105 105 104 104 104 105 105 104
 104 105 106 106 106 106 106 107 105 108 108  61  21  25  23  20  18  17
  16  16  17  18  18  17  16  17  18  17  16  15  16  17  16  16  16  17
  16  15  15  16  18  18  18  17  17  17  18  19  18  18  19  20  20  20
  19  18  17  18  19  19  19  19  19  19  19  19  19  18  17  17  17  18
  17  17  17  17  17  17  18  18  18  17  18  18  14  18  43  74 105 111
 106 109 111 113 110 111 109 110 110 111 112 112 112 111 112 111 111 111
 111 112 113 114 112 111 111 111 111 112 112 112 110 109 109 109 109 108
 110  29]"
"[ 29  29  93  94  93  94  94  95  94  94  93  93  94  92  90  91  92  91
  92  92  92  91  90  91  91  92  93  93  93  94  94  93  93  92  93  96
  97  97  97  98  99  98  97  96  97  98  99 100  98  98  98 100 101 100
 100 100  99  99 100 102 103 103 102 103 104 103 102 101 101 102 103 103
 103 103 103 104 105 105 105 106 104 107 110  83  32  23  22  21  19  18
  17  16  17  18  17  17  16  17  17  17  16  16  16  17  16  16  16  16
  16  15  15  16  19  18  18  18  17  18  18  19  19  18  18  19  19  20
  20  20  18  18  18  19  19  20  19  19  18  19  19  18  17  17  18  19
  18  18  17  17  17  18  19  19  19  18  19  19  23  44  78 105 113 111
 109 112 108 110 113 112 110 109 109 110 111 112 112 111 111 111 111 111
 112 112 112 113 112 111 111 110 111 111 111 111 110 110 109 108 108 108
 110  29]"
"[ 30  27  89  87  86  88  90  92  89  90  89  90  92  90  87  88  88  88
  89  90  89  88  89  90  89  91  92  93  93  94  93  92  90  90  91  94
  95  94  95  98  95  95  96  96  97  97  96  96  96  96  97  99 100 100
  99  98  98  99 101 101 101 100 101 102 103 102 101  99  99 100 102 103
 102 102 102 103 104 104 104 105 105 103 109  96  48  21  22  21  20  19
  17  17  17  17  17  16  17  16  16  16  17  17  17  16  16  16  16  16
  16  16  17  18  18  18  19  18  18  18  18  19  19  18  18  18  19  20
  20  21  20  19  18  18  20  20  19  18  18  19  19  19  18  18  19  20
  19  18  18  18  18  18  19  19  19  19  19  24  45  82 108 113 109 110
 108 110 110 110 111 107 110 109 109 109 110 111 112 112 110 111 111 111
 111 111 110 110 112 111 110 109 109 109 108 108 111 110 109 108 107 107
 109  29]"
"[ 29  30  84  83  83  82  85  86  86  88  89  89  89  86  82  81  85  85
  86  88  88  88  89  89  90  89  89  90  91  91  91  91  89  89  91  92
  93  94  95  95  94  94  93  94  95  96  96  96  96  97  97  98  97  98
  98  98  99  99  99  99  98  99 100 102 102 100  99  99 100 102 103 103
 103 103 103 103 102 102 103 104 104 102 105 101  61  23  16  25  21  19
  18  17  18  17  17  17  16  16  16  16  16  16  16  16  15  17  17  16
  15  15  17  19  18  19  19  19  18  18  17  17  19  18  18  19  20  19
  20  21  19  19  19  19  18  18  18  18  18  19  19  19  17  17  17  18
  18  19  18  17  20  19  18  20  22  18  24  49  83 106 111 107 106 107
 106 107 108 110 111 110 109 109 108 109 110 110 110 110 111 111 111 110
 110 110 110 110 111 111 111 111 111 111 110 110 110 111 111 110 109 109
 109  28]"
"[ 29  28  82  82  83  82  83  83  85  86  85  85  85  83  82  82  83  83
  84  86  88  88  87  88  89  88  88  89  90  89  89  89  88  89  90  91
  93  94  94  94  95  94  94  94  95  96  97  97  96  97  97  97  97  98
  99 100 100 100 100 100  99  98  99 101 101 100 100 100 102 103 103 103
 103 104 104 104 103 103 104 105 107 102 101 104  83  35  20  22  19  18
  16  16  17  17  17  17  15  16  16  16  16  16  16  16  15  16  17  16
  16  16  17  19  17  18  18  19  18  18  17  17  18  17  18  19  19  18
  18  19  20  19  18  18  18  18  18  18  19  19  19  19  18  17  17  18
  14  21  21  17  18  20  19  18  17  26  53  87 106 106 104 107 106 106
 107 107 108 110 110 110 110 109 109 109 110 110 111 111 111 111 111 110
 110 110 110 110 110 111 111 111 111 110 109 109 109 110 110 110 110 109
 110  29]"
"[ 28  27  81  81  83  82  82  80  84  85  84  83  83  83  82  83  83  83
  84  86  87  87  87  86  87  87  87  88  89  89  89  89  89  89  90  91
  92  93  94  93  96  95  94  94  95  96  97  97  96  96  96  96  96  97
  98  99 100 100 100 100  98  97  98  99 100 100 101 102 104 104 104 103
 102 103 104 104 103 103 103 104 104 104 102 107  99  42  18  19  19  17
  16  16  17  17  16  16  16  16  16  16  16  15  15  15  15  16  16  16
  16  17  18  18  16  17  17  18  19  18  17  17  18  18  19  20  19  18
  18  19  20  19  17  16  17  18  18  18  18  18  17  17  17  16  17  17
  21  16  18  21  20  20  20  17  29  54  87 109 111 105 104 106 106 107
 108 109 109 110 110 110 110 110 109 109 109 110 110 111 112 112 111 111
 110 110 110 110 110 111 112 112 111 110 109 109 109 110 111 110 111 110
 111  29]"
"[ 29  28  81  80  82  81  81  80  83  84  83  83  84  84  82  83  84  83
  83  85  87  87  86  86  86  86  86  88  89  90  90  90  90  90  90  92
  93  94  94  94  96  95  95  94  94  95  96  96  97  97  97  96  96  96
  97  97  98  99 100 100  98  97  99 101 101 101 102 103 104 105 104 103
 102 103 103 103 103 103 103 104 102 105 104 105 103  52  16  20  21  19
  18  17  17  17  16  16  16  16  16  16  16  15  15  15  15  15  16  16
  17  17  17  17  16  17  17  18  19  18  17  16  19  19  19  19  18  19
  20  22  20  18  17  16  17  18  18  18  16  16  16  16  16  16  17  17
  16  17  18  20  21  20  21  25  65  87 105 107 104 106 108 107 108 109
 110 109 109 110 110 110 111 110 110 109 110 110 110 110 111 111 111 111
 110 110 110 110 110 111 112 112 111 110 111 111 110 111 111 110 110 109
 110  29]"
"[ 29  29  82  80  81  80  81  81  81  83  82  82  84  83  82  83  83  82
  83  84  86  87  87  87  87  86  87  89  90  90  90  90  91  91  91  92
  93  94  94  94  95  95  95  94  94  94  95  96  97  98  98  98  97  96
  96  97  98  98 100 100  99  99 101 103 102 102 102 103 104 104 103 102
 103 103 103 103 103 103 104 104 104 105 102 103 105  75  23  23  23  21
  19  18  18  17  16  16  16  16  16  16  16  16  16  16  16  16  15  16
  17  17  16  15  17  17  18  18  19  18  17  16  18  19  19  18  17  18
  19  20  19  18  16  16  17  18  17  17  16  16  15  16  16  17  17  18
  13  20  19  20  23  19  33  64 100 105 108 108 107 108 109 109 109 110
 110 109 108 109 110 110 110 111 111 111 111 110 110 110 109 109 109 109
 110 110 110 110 110 111 111 111 110 110 111 112 112 111 111 109 109 109
 110  29]"
"[ 29  29  82  80  80  79  81  82  82  83  81  81  82  82  82  83  83  82
  82  84  86  87  88  88  88  87  88  89  90  89  89  89  90  91  91  91
  92  93  94  94  95  95  95  94  94  94  95  95  96  97  98  98  97  97
  97  97  98  98  98  99  99  99 101 102 102 102 102 102 102 103 103 102
 103 103 103 103 103 103 104 104 104 103 102 101 102  91  30  21  22  20
  19  18  18  17  16  16  15  16  16  16  16  17  17  17  17  16  15  16
  16  17  16  15  17  17  18  18  18  17  16  16  17  18  19  18  17  17
  17  17  17  17  16  17  17  17  17  16  16  16  16  15  15  16  17  17
  20  17  17  18  19  35  69  99 110 108 107 109 110 110 109 109 109 110
 109 108 108 109 109 109 109 110 110 111 110 110 109 109 109 109 109 110
 110 111 111 111 111 111 111 111 110 110 111 111 112 112 111 109 109 109
 111  30]"
"[ 29  28  81  80  80  79  81  82  82  83  81  80  81  81  81  83  83  82
  83  84  85  86  87  88  88  88  88  89  90  89  88  88  89  90  91  91
  91  91  93  94  94  95  95  95  95  94  95  95  95  96  97  97  97  96
  97  97  98  97  97  97  98  98 100 101 101 101 101 101 102 102 103 103
 102 102 102 103 103 103 103 103 102 102 103 103  99  97  39  20  22  20
  18  17  17  17  16  16  16  16  16  16  16  17  17  17  17  16  15  16
  16  17  16  16  16  17  17  17  17  16  16  16  17  18  18  17  16  17
  16  15  16  16  16  16  17  17  16  16  16  16  16  15  15  15  16  18
  21  19  20  20  33  73 103 102 108 108 108 108 108 109 109 108 109 109
 109 109 109 110 110 109 109 110 110 110 110 109 109 110 111 111 111 111
 111 111 112 112 111 111 112 112 112 111 111 111 113 113 112 110 110 109
 111  30]"
"[ 29  28  81  80  81  81  82  81  81  82  81  80  81  81  80  81  82  82
  83  84  84  84  84  85  88  88  88  89  90  89  89  89  89  90  90  90
  90  91  92  94  94  95  96  96  95  95  95  95  96  97  97  97  96  97
  97  98  98  97  96  97  97  98 100 101 100 100 101 101 101 102 103 103
 102 103 103 104 104 104 104 104 103 101 102 104 102 104  51  24  22  20
  18  17  17  17  16  16  17  17  17  17  16  16  16  16  17  16  15  16
  16  17  17  17  16  16  16  16  16  16  16  16  17  17  16  14  14  16
  16  16  15  16  16  16  16  16  16  16  15  16  16  16  15  16  18  19
  23  25  24  42  81 104 106 107 109 108 109 110 109 106 107 110 109 109
 109 110 110 111 111 110 111 111 111 111 111 110 111 111 111 111 111 111
 111 111 111 112 111 111 112 113 113 113 113 112 114 114 113 111 110 109
 110  29]"
"[ 29  29  81  82  81  82  82  82  82  81  81  81  81  81  81  82  82  81
  82  85  85  83  84  86  87  87  87  88  89  90  90  89  90  90  90  89
  90  91  93  94  96  95  95  95  95  96  96  97  97  97  97  97  97  97
  97  97  97  97  97  96  98 100 102 102 100 100 100 101 102 103 103 102
 101 102 104 104 104 103 103 103 104 102 105 102 102 106  64  23  20  19
  19  15  17  17  17  17  17  17  17  16  16  16  16  16  16  16  17  17
  17  16  16  16  16  16  16  16  16  16  17  17  16  16  16  16  16  17
  17  16  15  16  16  16  16  16  17  17  16  14  17  16  17  18  20  24
  22  23  36  75 103 109 104 110 109 109 109 108 107 107 108 110 109 109
 108 109 110 111 111 111 112 112 112 112 111 111 111 111 110 110 111 111
 111 112 112 111 113 113 113 114 115 114 113 112 113 113 113 111 109 109
 111  28]"
"[ 29  29  81  82  81  81  81  81  82  81  81  82  83  83  82  82  83  83
  84  86  85  83  83  84  86  86  87  88  89  90  90  89  91  91  91  91
  91  92  94  95  96  96  95  95  95  96  96  96  97  97  97  97  97  97
  97  97  97  97  97  97  98 100 102 102  99  99  99 100 102 103 103 103
 102 103 104 104 104 104 104 104 104 102 106 104 104 106  84  34  18  20
  19  17  19  17  15  16  16  16  16  16  16  16  16  16  16  16  16  16
  16  16  16  16  17  16  16  16  16  16  17  17  16  16  16  15  16  16
  16  15  16  16  16  15  15  15  16  15  17  16  17  17  17  19  22  24
  25  26  73 100 101 107 108 109 109 110 110 110 109 109 110 111 109 109
 109 110 111 111 111 111 112 113 114 114 113 113 112 112 112 112 112 111
 111 112 112 112 112 112 112 113 113 113 112 112 114 113 113 111 109 110
 112  29]"
"[ 29  29  81  81  80  81  80  80  81  80  80  82  83  83  82  82  82  82
  84  86  86  84  83  83  85  86  87  88  89  90  89  89  90  91  91  92
  92  93  94  95  96  96  96  96  96  96  96  96  97  97  97  96  97  97
  97  97  97  97  97  98  98 100 101 102  99  99  99 100 101 102 103 103
 103 103 104 104 104 104 105 105 105 104 106 105 103 101 102  45  17  23
  19  18  20  17  14  16  16  16  16  15  16  16  16  16  16  16  16  16
  16  16  17  17  17  17  16  16  16  17  16  16  16  16  16  15  15  16
  15  14  16  16  15  14  14  15  15  15  16  17  16  17  16  19  23  21
  25  56 107 110 103 108 109 108 109 109 110 111 111 111 111 111 109 109
 110 111 111 111 111 111 111 112 114 114 114 113 112 112 113 112 111 110
 110 112 112 112 112 112 112 111 111 112 112 113 114 112 112 110 110 110
 112  29]"
"[ 29  29  80  81  80  81  80  80  81  80  81  82  84  83  82  82  83  83
  84  85  85  83  83  83  84  85  87  87  88  89  88  88  89  89  91  91
  92  93  94  94  96  96  96  96  96  96  96  96  97  97  96  96  96  97
  97  97  97  97  97  98  98  98 100 101 100 100 101 101 102 102 102 102
 103 103 103 104 104 104 105 105 106 105 105 105 102  98 107  58  19  25
  20  17  18  17  14  17  16  15  15  16  16  16  16  16  16  16  16  16
  16  16  17  18  18  18  17  17  17  17  17  16  16  16  16  15  15  16
  16  15  15  15  14  14  15  16  16  15  14  17  16  19  17  19  21  19
  41  93 113 106 109 107 109 109 109 109 110 111 112 112 111 111 109 110
 111 112 111 111 111 111 110 111 113 114 114 113 113 112 112 111 110 110
 111 113 113 113 112 112 112 112 112 113 114 115 114 112 112 111 111 112
 113  29]"
"[ 29  29  80  81  80  81  81  81  81  81  83  84  84  83  83  83  87  86
  85  85  83  83  83  84  85  86  87  88  88  88  88  87  87  88  90  91
  91  92  93  93  95  95  95  96  96  96  96  96  96  96  96  96  96  97
  97  97  97  97  97  98  98  98  99 100 101 101 102 103 102 102 101 101
 102 103 103 103 104 104 104 104 105 105 105 106 104 101 105  77  26  24
  21  17  17  18  16  16  16  16  16  16  17  17  17  16  17  17  16  16
  16  17  18  18  19  19  18  18  18  17  17  16  17  17  17  16  16  16
  16  16  14  15  15  15  16  16  16  16  14  18  16  20  18  20  22  26
  74 108 106 109 111 107 112 112 110 110 110 111 112 113 113 112 110 111
 112 112 112 112 112 112 112 113 114 114 114 114 114 114 112 111 111 111
 113 114 115 114 113 114 114 114 113 113 114 114 114 113 114 114 114 114
 114  29]"
"[ 29  29  80  81  80  81  81  81  81  82  83  84  84  83  82  82  86  86
  85  84  84  84  86  87  87  88  88  88  89  89  89  88  87  88  90  91
  91  91  92  93  94  94  95  95  95  96  96  96  96  96  96  96  97  97
  97  97  97  97  98  99  99  98  99 101 101 102 103 103 103 102 102 102
 102 102 103 103 104 104 104 104 104 105 104 106 105 102 100  90  42  22
  24  19  17  18  16  15  16  16  16  17  18  18  17  16  17  17  17  17
  17  17  18  18  19  19  19  18  18  17  17  17  18  18  18  16  16  16
  16  16  14  16  17  17  16  16  16  16  16  18  16  19  19  22  23  41
  96 111 108 109 110 113 112 112 111 110 111 111 112 113 113 112 112 112
 113 113 113 113 113 113 114 115 115 115 114 114 114 114 112 113 112 113
 113 114 114 113 114 115 115 114 114 113 113 113 114 114 115 116 116 115
 114  29]"
"[ 29  29  80  81  80  81  80  80  81  81  81  83  83  82  82  82  82  83
  83  83  84  85  87  88  87  87  87  87  88  90  89  88  88  89  90  90
  91  91  92  92  94  94  94  94  95  96  96  97  96  96  97  97  97  97
  97  97  97  97  98 100 100  98  98 101 102 102 103 103 103 103 103 103
 103 103 103 103 103 104 104 104 104 105 105 104 105 102  99  98  64  21
  24  19  18  17  17  16  16  16  16  17  18  18  17  16  16  16  16  17
  17  17  17  17  18  19  19  18  17  16  16  17  18  18  18  16  15  15
  15  15  16  17  18  17  16  16  16  16  16  18  16  19  20  23  22  53
 105 112 112 107 110 115 112 111 111 111 112 112 113 113 113 113 113 113
 114 115 115 114 114 113 114 115 115 115 115 115 115 115 113 114 114 114
 114 114 114 113 115 115 114 114 114 114 113 113 115 114 116 116 116 115
 114  29]"
"[ 29  29  80  81  80  80  80  79  82  81  81  82  84  84  82  82  82  83
  84  83  83  84  84  84  86  86  86  86  88  89  89  88  88  89  89  90
  90  91  91  92  94  94  94  94  95  96  97  98  96  96  97  97  97  97
  97  96  97  97  98 100  99  97  98 100 103 103 103 102 102 102 103 104
 104 103 103 102 103 104 104 105 103 104 106 104 106 103 105 105  81  20
  23  19  18  16  17  17  16  16  16  17  18  18  17  16  16  16  16  16
  17  17  16  16  18  18  19  18  16  15  16  16  16  17  17  16  15  15
  15  15  16  18  19  17  16  15  16  17  16  18  18  21  23  25  21  59
 113 108 111 110 110 110 115 112 112 113 113 114 114 115 114 114 114 114
 115 116 116 116 114 113 114 114 115 116 116 116 116 117 115 115 115 115
 115 115 115 115 115 114 114 114 114 115 115 114 116 115 117 117 116 115
 115  30]"
"[ 28  28  80  81  81  81  81  81  82  81  81  82  82  83  83  83  84  84
  83  82  83  84  85  84  86  86  86  87  88  88  87  86  87  88  89  88
  89  91  93  94  94  94  94  93  94  96  97  97  97  98  98  98  98  97
  98  98  98  98  98  99 100 101 101 100 103 103 103 102 102 103 105 105
 104 104 103 103 103 104 105 105 105 106 106 105 105 105 105 104  97  41
  20  18  19  14  15  19  16  16  16  16  15  15  16  16  16  16  16  16
  16  16  16  16  18  18  17  17  17  17  17  16  16  16  16  16  16  16
  16  16  17  17  18  19  18  17  16  17  20  17  22  21  22  24  22  76
 114 110 110 112 112 112 113 114 112 113 114 114 115 116 115 114 115 115
 116 116 116 116 116 115 115 116 118 118 117 116 116 115 116 116 116 117
 116 115 115 116 115 115 116 116 116 116 116 117 116 118 117 116 116 116
 117  28]"
"[ 29  29  80  81  80  81  80  81  81  81  81  82  83  84  83  83  83  84
  84  84  85  85  85  84  86  87  87  88  88  88  88  88  87  88  88  89
  90  91  92  93  93  94  94  94  94  95  96  97  96  97  97  98  98  98
  98  98  98  98  99  99 100 100 101 101 103 104 104 104 104 105 106 106
 104 104 103 103 103 104 105 106 105 105 105 105 105 105 105 105 103  67
  22  17  18  21  17  16  16  16  16  16  15  15  16  16  15  15  16  16
  16  16  16  16  16  16  16  16  17  16  16  15  16  16  16  16  16  16
  16  16  16  17  18  18  18  17  17  18  19  19  23  21  23  24  25  83
 112 111 112 114 112 112 113 114 113 114 115 116 117 118 117 116 116 116
 117 117 117 117 117 116 116 117 119 120 119 118 117 116 116 116 116 117
 117 116 115 116 115 116 116 117 116 116 116 117 117 118 117 116 116 116
 117  29]"
"[ 29  29  79  79  78  79  79  80  81  81  81  82  84  84  84  83  83  84
  84  84  84  85  85  84  86  86  87  87  87  87  88  88  88  88  88  90
  91  90  90  90  92  94  95  95  94  94  96  97  97  96  97  98  99 100
 100 100 100 100 100 100 100 100 101 101 102 103 103 104 105 106 106 106
 104 104 104 104 103 104 105 106 105 105 105 105 106 106 105 105 104  96
  43  20  17  20  17  15  15  16  16  16  16  16  16  16  15  15  16  16
  16  16  16  16  16  15  15  16  16  16  16  15  17  16  16  16  16  16
  16  16  16  16  17  18  17  16  17  19  18  19  22  21  24  24  25  84
 108 110 114 115 113 113 114 114 115 116 117 118 119 119 118 117 117 117
 117 118 119 119 119 118 116 117 120 121 121 119 118 117 117 117 118 118
 118 117 116 116 116 117 118 118 118 117 117 117 117 118 116 115 115 116
 117  29]"
"[ 29  28  79  79  78  79  80  80  81  81  81  82  83  83  83  83  84  83
  82  81  82  84  86  87  85  86  86  87  87  87  88  88  90  88  89  92
  92  90  88  89  92  94  96  95  94  95  96  97  97  97  97  98  99 100
 100 101 101 101 101 101 100 101 101 102 101 102 103 104 105 106 106 106
 105 106 106 105 104 104 105 106 107 106 105 106 107 107 106 105 102 110
  75  29  19  16  17  17  15  16  16  16  16  16  16  16  16  16  16  17
  17  17  18  18  17  16  16  16  16  16  16  16  16  16  15  15  15  16
  16  16  17  17  17  18  18  17  17  18  18  19  20  20  25  24  23  80
 107 110 114 115 114 115 117 116 116 117 117 118 119 119 119 118 118 118
 118 119 121 121 121 120 117 119 120 122 122 121 119 118 118 118 118 118
 118 117 117 116 116 118 119 120 120 119 118 118 118 118 116 116 116 116
 117  28]"
"[ 29  29  80  80  80  81  81  81  82  81  80  80  81  82  82  82  84  83
  82  81  82  84  87  88  86  86  87  87  88  88  89  90  90  89  91  94
  94  92  90  91  93  95  95  95  95  96  97  97  96  97  97  97  97  97
  99 101 102 102 102 102 102 102 103 103 103 104 104 104 105 106 107 106
 106 107 107 106 104 104 105 107 109 108 107 107 108 108 107 106 105 109
  97  44  21  19  16  17  16  16  16  16  16  16  16  16  17  17  17  17
  17  18  18  19  19  18  16  16  16  16  16  16  16  16  15  15  15  15
  15  16  17  16  17  18  19  18  17  17  19  21  21  22  25  24  24  78
 109 111 114 116 115 117 119 118 117 118 118 118 119 120 121 120 120 120
 120 121 122 122 122 121 121 121 122 122 123 122 121 121 118 118 118 117
 117 117 117 116 117 118 120 122 122 121 120 119 119 119 118 118 118 118
 118  29]"
"[ 29  29  80  81  80  81  81  81  82  81  80  80  80  81  81  81  83  83
  84  84  85  86  87  88  86  86  87  88  88  89  89  90  90  90  92  95
  96  95  94  94  95  95  95  95  96  98  98  97  97  98  98  97  96  96
  99 101 102 102 103 103 103 103 104 104 105 105 105 105 105 106 107 107
 107 108 108 107 106 105 106 108 110 109 109 109 109 109 109 108 108 104
 106  65  21  21  15  18  17  16  16  16  16  16  16  16  17  16  16  17
  17  17  17  18  18  17  16  15  15  16  16  16  16  16  16  15  15  15
  15  15  16  15  16  18  19  19  18  17  18  21  23  23  23  23  26  77
 112 112 114 115 115 117 119 118 118 118 118 118 119 121 122 122 122 122
 122 122 122 122 122 121 122 122 122 122 122 122 122 122 119 120 119 117
 117 117 118 117 118 119 121 123 123 122 121 121 119 120 118 119 120 120
 119  28]"
"[ 28  28  79  80  79  81  80  80  82  81  80  80  80  80  81  81  83  84
  86  86  86  87  87  87  86  86  87  88  89  89  89  89  90  92  94  95
  96  96  96  96  96  96  96  96  96  98  98  97  98  98  98  98  97  97
  99 101 101 101 102 103 104 105 105 105 105 105 105 104 105 106 107 107
 108 109 109 108 108 107 109 110 110 110 110 110 110 110 110 109 108 105
 109  86  25  20  18  19  18  17  16  16  16  16  16  16  16  16  17  17
  17  17  16  16  17  16  16  16  16  16  16  16  15  15  16  16  16  16
  16  16  15  16  17  18  18  18  17  18  19  19  22  23  22  23  25  67
 114 112 114 116 116 116 119 119 119 119 119 119 120 122 122 122 122 122
 122 123 123 123 122 122 123 122 122 121 122 122 121 121 120 121 121 118
 116 117 119 119 120 121 122 122 122 122 122 122 120 120 119 120 121 121
 119  29]"
"[ 29  29  80  80  79  80  80  80  81  80  80  80  81  81  81  81  84  85
  86  86  86  87  87  87  86  87  87  89  90  91  90  90  90  92  94  94
  95  96  96  95  96  96  96  96  96  97  98  98  99  98  97  97  97  98
 100 101 101 101 102 103 105 106 105 105 105 105 105 105 105 106 107 107
 108 109 109 109 109 109 110 111 110 110 110 110 110 110 110 110 110 108
 109  98  36  20  24  18  18  17  16  16  16  16  16  16  15  16  17  18
  18  17  16  15  16  16  16  16  17  17  16  16  14  14  15  16  16  17
  17  17  15  16  18  18  17  16  17  18  20  18  20  23  24  26  23  55
 115 114 116 119 118 117 120 122 121 122 122 121 122 123 123 122 122 122
 122 123 123 123 124 124 124 123 122 122 122 122 122 121 119 121 120 117
 115 116 118 118 122 122 122 122 121 121 122 122 121 122 120 121 123 122
 121  30]"
"[ 29  29  80  81  80  82  81  81  81  80  80  80  81  81  82  83  84  84
  84  84  84  85  85  86  86  86  87  89  91  91  90  90  91  91  92  93
  93  93  94  94  96  96  97  97  97  96  97  99 100  99  98  97  97  97
  99 100 101 101 102 103 104 105 105 105 105 105 105 105 106 107 108 108
 108 110 111 109 109 111 111 110 110 110 110 110 110 111 111 111 112 108
 110 109  60  21  19  19  18  16  15  15  15  15  15  15  16  16  16  16
  17  17  16  16  16  16  17  17  17  16  16  16  14  15  16  16  16  16
  16  16  17  17  17  17  16  17  17  17  18  20  21  21  26  23  27  50
 113 118 115 115 119 120 122 123 122 122 122 122 122 123 123 123 123 123
 123 124 124 125 125 125 125 124 124 124 123 123 123 122 122 122 120 117
 115 116 117 118 121 121 122 122 122 122 121 121 122 121 121 122 121 123
 123  28]"
"[ 29  29  80  81  80  81  81  81  81  80  80  83  84  84  82  81  83  83
  84  85  85  86  86  87  85  85  86  88  90  90  90  89  90  92  93  94
  93  93  94  94  96  96  96  97  97  97  98 100 100 100 100  99  99  99
 100 101 101 101 102 104 104 105 105 104 104 104 105 105 107 108 108 108
 108 110 110 109 109 111 111 111 111 111 111 111 111 111 110 110 111 111
 110 112  73  27  20  21  18  17  16  16  16  16  15  15  16  16  16  16
  17  17  16  16  16  16  16  16  16  16  16  16  14  14  14  15  16  16
  16  15  16  17  17  17  17  18  18  18  20  20  20  20  26  27  28  41
 102 117 116 119 123 122 122 121 122 122 122 122 122 123 124 123 123 124
 125 126 127 127 126 126 125 125 124 124 124 124 123 123 122 122 121 118
 117 117 118 119 121 122 122 122 122 122 122 122 123 122 122 123 121 123
 123  29]"
"[ 29  29  80  81  80  81  81  81  81  80  80  83  86  86  83  81  82  82
  84  85  86  87  87  87  87  86  86  88  90  91  91  91  91  93  95  95
  94  94  95  96  96  96  97  97  97  98  99 101 100 101 101 101 101 102
 102 103 102 103 104 104 105 105 105 105 105 105 106 107 108 109 109 108
 109 109 109 110 110 110 111 112 112 112 112 112 112 112 112 112 109 112
 109 113  90  37  18  22  19  17  16  16  17  16  15  15  15  16  16  16
  16  16  16  16  16  16  16  16  16  16  15  15  14  14  13  14  16  17
  16  14  16  16  16  17  17  18  18  19  20  21  22  21  25  28  28  32
  95 122 118 122 123 123 123 122 122 123 123 123 124 125 125 125 124 125
 126 127 128 128 127 127 126 126 126 125 125 125 124 124 123 123 122 121
 119 120 121 121 122 122 122 122 122 122 123 123 123 123 123 124 122 123
 123  29]"
"[ 29  29  80  81  80  81  81  81  81  80  80  82  84  85  83  82  81  82
  84  85  87  87  88  87  89  88  89  90  91  92  93  94  93  94  96  96
  96  96  96  97  97  97  97  98  98  98 100 102 100 101 102 103 104 104
 104 104 104 104 105 105 105 106 106 107 108 107 108 108 109 109 109 109
 110 109 109 110 110 110 111 112 112 112 113 114 114 114 114 113 110 112
 112 113 105  53  17  22  20  18  16  16  16  16  15  15  15  16  16  16
  16  16  16  16  16  16  16  16  16  15  15  15  15  14  14  14  15  16
  16  15  16  16  16  16  16  16  17  17  17  20  24  23  22  24  27  28
  86 122 118 122 122 123 123 123 123 124 125 125 125 126 127 127 126 126
 126 126 127 127 127 127 129 128 127 126 126 125 125 124 123 124 124 122
 121 122 122 122 122 122 122 122 122 123 123 124 124 123 124 124 122 123
 123  29]"
"[ 29  28  80  80  79  81  80  81  80  80  81  83  84  84  83  84  83  84
  85  87  88  88  88  88  89  90  90  91  90  91  93  96  95  95  96  96
  97  97  97  97  98  97  98  98  98  98  99 101 101 101 102 104 104 105
 104 104 105 105 105 105 105 106 107 109 109 108 108 108 109 110 110 110
 110 109 109 110 110 110 112 113 112 112 113 114 114 114 114 113 114 113
 116 113 114  72  23  22  21  19  16  16  16  15  15  16  15  16  16  16
  16  16  16  16  16  16  16  16  16  15  15  15  16  15  14  14  13  14
  15  15  16  16  16  16  16  16  16  16  18  19  23  24  21  21  25  26
  70 115 117 121 123 124 123 122 124 125 126 126 126 127 128 128 127 127
 126 125 126 126 128 128 130 129 128 127 126 126 126 126 124 124 124 122
 122 122 122 121 122 122 122 122 123 123 124 124 124 123 124 124 123 124
 123  29]"
"[ 29  28  80  80  80  81  81  81  80  81  83  85  85  84  84  85  85  86
  87  88  89  90  90  90  91  91  91  91  90  91  93  96  96  95  95  96
  97  97  97  96  97  97  98  98  98  98  99 101 102 102 102 103 104 105
 105 104 105 105 105 105 105 107 108 109 109 108 108 108 109 110 111 111
 110 110 110 110 110 111 113 114 113 114 114 115 115 114 114 114 116 113
 117 112 115  89  38  21  23  20  17  16  16  15  16  16  15  16  16  16
  16  16  16  16  16  16  16  16  16  15  15  15  15  15  15  13  12  12
  14  15  16  16  16  16  16  17  17  18  21  20  20  23  22  21  24  23
  61 109 118 121 123 124 124 124 124 126 127 127 127 128 128 129 129 128
 127 126 126 128 129 130 130 129 128 128 128 128 128 128 125 125 124 123
 122 122 122 122 123 123 123 124 124 125 125 125 124 124 124 125 124 124
 124  29]"
"[ 29  29  80  81  80  81  81  82  82  83  84  85  85  84  85  86  86  87
  88  89  90  90  91  91  93  92  91  91  91  92  94  96  96  96  96  96
  96  97  97  96  97  98  99  99  99  99 100 102 103 102 102 103 104 104
 105 104 104 104 105 106 107 108 109 109 109 108 108 109 110 111 111 111
 111 112 112 110 110 112 114 114 115 115 115 115 115 115 115 115 116 115
 116 113 113 103  58  22  24  21  18  17  17  16  16  16  16  16  16  16
  16  16  16  16  15  15  16  16  15  15  15  15  14  15  15  14  13  13
  14  15  16  16  16  17  17  18  19  19  20  21  19  21  23  22  24  23
  52 101 120 121 123 124 125 127 125 127 128 128 128 128 129 129 129 129
 128 128 129 129 130 131 130 130 129 129 130 129 129 128 126 126 125 124
 124 124 124 123 124 124 125 125 126 126 126 126 125 124 124 125 125 126
 125  29]"
"[ 29  29  80  81  80  82  82  82  85  84  83  83  83  84  85  87  87  87
  88  89  90  90  91  91  95  93  90  90  91  92  94  95  96  96  97  97
  96  96  97  97  98  99 100 101 101 101 102 104 104 103 102 103 103 104
 105 105 104 104 105 107 109 110 110 110 110 110 110 110 111 111 111 111
 113 115 114 111 110 112 113 113 114 114 114 115 115 115 116 116 117 119
 116 116 114 113  75  26  25  22  20  18  18  17  16  16  16  16  15  16
  16  16  16  16  15  15  15  15  15  15  15  15  14  15  15  15  15  15
  15  16  16  16  16  17  17  18  19  19  17  22  20  21  22  22  26  25
  37  89 120 123 126 126 126 127 126 128 129 129 129 129 130 130 130 130
 130 130 130 130 130 130 131 131 131 131 131 130 129 128 126 126 125 124
 124 124 124 124 125 125 126 126 127 127 127 127 126 125 124 126 126 127
 125  30]"
"[ 29  28  83  80  82  81  82  84  84  84  84  84  83  83  86  89  87  87
  88  89  89  90  91  91  93  92  92  92  94  95  96  95  95  96  96  97
  97  96  96  96  97  98 100 100 100 101 103 104 104 104 104 104 105 105
 105 104 105 105 104 106 108 110 110 110 109 109 110 112 114 114 113 111
 114 114 115 114 113 113 114 116 115 116 117 116 116 116 116 116 115 116
 117 116 114 116  98  35  21  22  22  19  18  19  16  18  16  16  16  16
  16  16  16  16  16  16  16  16  16  15  15  15  14  14  14  15  16  16
  16  16  14  15  15  16  17  17  17  17  18  19  20  21  22  24  25  26
  28  70 120 120 122 127 128 127 129 129 130 130 129 129 129 130 129 131
 131 130 129 129 130 131 132 131 129 129 130 130 130 129 128 128 126 125
 126 127 126 125 125 126 127 128 128 129 129 129 129 125 128 126 128 127
 127  31]"
"[ 30  31  81  82  82  81  81  80  82  83  84  84  84  85  87  89  89  89
  89  90  91  93  94  95  93  93  92  93  95  96  96  96  96  96  96  96
  97  97  97  98  99 100 100 101 101 102 102 103 102 103 104 104 104 105
 105 105 105 105 105 107 108 109 110 110 110 110 112 113 115 115 114 114
 113 114 115 114 114 114 115 116 116 117 117 117 117 117 118 118 118 118
 119 118 114 116 104  51  27  22  18  17  16  20  21  13  16  16  16  16
  16  16  16  16  17  17  17  17  17  17  17  16  17  17  17  17  17  17
  17  16  16  16  17  17  18  18  18  18  18  19  20  20  21  23  25  27
  24  66 112 115 123 126 130 131 130 131 131 131 131 131 132 132 131 132
 132 131 131 132 133 133 132 131 130 129 129 130 130 129 130 129 128 127
 127 128 127 126 126 127 128 129 128 128 129 130 128 132 127 126 130 130
 129  27]"
"[ 28  29  79  82  79  79  84  83  82  83  84  85  86  86  88  88  88  88
  88  89  90  91  93  93  94  94  94  95  96  97  97  96  96  95  95  95
  96  97  97  97 101 101 101 101 102 102 103 102 103 104 105 106 106 107
 107 106 104 105 107 108 108 108 109 110 110 111 112 113 114 114 114 115
 114 115 116 115 115 115 117 117 117 118 118 118 118 119 120 120 117 117
 118 118 114 115 111  75  28  24  20  23  19  14  19  16  16  16  16  16
  16  16  16  16  16  16  16  15  15  15  15  16  16  16  15  15  15  15
  15  14  15  15  15  15  16  16  17  17  19  19  20  21  22  24  25  26
  22  64 113 118 127 125 130 130 130 130 130 131 131 132 132 131 133 132
 132 131 132 133 134 133 133 133 132 131 131 131 131 131 130 130 129 128
 128 129 128 126 126 128 129 128 127 127 128 130 131 128 127 131 127 126
 129  31]"
"[ 30  29  84  84  82  80  82  80  83  84  84  84  85  87  88  88  89  89
  89  90  91  92  92  93  94  93  94  95  95  96  95  94  96  95  95  96
  97  98  98  97 101 101 101 101 102 102 103 103 103 104 105 106 107 108
 108 106 105 107 109 110 110 110 111 112 112 112 113 113 113 114 114 114
 115 115 116 116 116 116 117 117 118 118 118 118 118 119 119 119 120 119
 119 120 117 116 117  96  34  25  19  18  20  15  16  17  16  16  15  15
  15  15  15  15  18  17  17  16  16  16  17  17  16  16  16  16  16  17
  17  16  17  17  16  16  16  17  17  18  17  18  20  22  22  23  23  23
  23  53 107 114 123 127 132 131 132 132 132 132 133 133 133 133 136 135
 133 132 134 135 135 134 133 134 133 132 131 132 132 132 130 130 130 129
 130 130 129 128 128 128 129 128 127 127 128 129 127 124 129 127 128 131
 128  29]"
"[ 31  25  80  76  80  82  83  84  83  83  83  82  83  85  87  87  87  88
  89  89  90  91  91  91  94  94  95  96  97  97  97  96  97  96  97  98
 100 100 100  99  99 100 101 102 102 102 104 105 104 104 105 106 108 110
 109 107 105 107 110 110 110 110 111 112 113 112 112 112 113 114 114 114
 115 116 117 117 117 118 119 119 120 120 121 121 121 122 122 121 121 119
 118 119 118 114 116 105  37  20  22  19  19  20  20  17  18  18  18  17
  17  17  17  17  17  16  15  16  14  16  15  17  16  16  16  16  17  17
  17  17  17  16  16  16  16  16  16  17  19  20  20  21  23  23  23  24
  25  36  98 119 128 131 131 129 134 134 134 134 135 135 134 134 136 134
 133 132 134 135 135 133 133 133 133 132 131 132 132 132 131 131 131 131
 131 131 131 130 130 129 129 128 129 129 130 130 130 133 133 127 132 127
 127  32]"
"[ 29  29  83  79  82  81  81  85  84  85  84  83  84  87  88  88  87  88
  89  90  91  91  91  91  92  93  94  95  96  96  96  96  95  96  96  98
 100 100 100  99  99 100 102 102 102 102 104 105 105 105 105 107 109 111
 110 109 108 109 111 111 111 111 112 113 115 114 113 114 115 116 116 116
 114 114 115 115 116 117 118 118 118 119 120 120 121 122 121 120 121 119
 119 119 122 118 119 115  67  24  24  22  15  16  19  16  16  16  15  15
  15  15  15  15  16  16  16  15  15  16  16  16  16  16  16  16  16  16
  16  17  16  16  16  16  16  16  16  16  18  18  18  18  18  20  22  24
  25  28  88 120 125 127 130 136 136 136 135 135 135 135 135 134 136 135
 134 134 136 137 137 136 134 135 135 134 133 134 134 134 132 132 132 131
 131 131 131 130 130 129 128 129 130 131 131 131 127 129 126 130 132 129
 135  26]"
"[ 28  34  75  81  82  81  79  80  84  85  85  84  84  87  88  87  88  88
  89  90  90  90  90  90  93  93  94  94  95  96  96  96  97  98  98  99
 100 101 101 100 101 102 102 102 102 103 104 104 105 105 106 106 108 109
 109 108 110 110 111 111 111 112 112 113 114 114 113 113 114 115 115 115
 117 117 117 118 118 119 119 119 120 120 120 120 121 122 121 121 118 119
 118 118 122 119 120 120  83  35  22  18  20  17  20  19  17  17  17  16
  16  17  17  17  16  16  16  16  16  16  16  16  16  16  16  16  16  15
  16  16  16  16  16  16  16  16  16  16  19  19  18  18  18  20  22  23
  21  32  81 118 126 128 131 135 136 136 136 136 136 135 135 135 136 137
 136 136 137 138 138 137 134 134 135 134 134 134 134 134 131 132 131 130
 130 130 130 130 130 129 129 130 130 130 131 131 132 134 129 130 128 133
 129  31]"
"[31 26 31 30 27 30 30 29 27 29 30 29 28 30 30 28 29 29 29 29 29 29 29 29
 28 29 29 29 29 29 29 29 29 29 29 29 29 29 29 29 29 29 28 29 29 29 29 29
 28 29 30 29 28 29 29 29 29 29 29 29 29 29 30 30 29 30 29 29 29 29 29 30
 29 29 29 29 29 29 29 28 29 29 28 28 28 29 29 28 29 30 29 27 31 28 28 30
 30 28 31 25 33 27 27 31 29 29 28 28 28 28 29 29 28 29 29 29 29 29 29 29
 29 29 30 29 29 29 29 29 29 29 29 29 29 29 29 29 29 29 29 29 29 28 29 29
 31 27 26 31 27 29 31 28 29 29 30 29 29 28 29 29 28 29 29 29 29 29 29 28
 29 29 29 29 29 29 30 29 29 30 29 28 28 29 30 30 29 30 30 29 29 28 28 29
 28 30 27 30 29 27 32 27]"
