"[30 32 28 30 31 29 30 28 28 30 30 30 31 30 29 29 29 30 30 29 28 29 30 29
 29 28 28 29 29 28 28 29 31 28 27 29 30 29 28 28 30 28 28 30 31 30 29 30
 28 29 29 28 29 29 30 30 30 28 30 30 28 30 31 29 30 30 30 29 29 29 29 29
 28 30 31 28 28 30 31 28 29 28 29 31 29 28 29 29 29 29 29 29 29 29 29 29
 29 30 28 28 30 29 30 29 29 29 29 28 30 31 30 29 28 31 28 31 29 29 29 30
 28 30 30 29 29 30 28 29 28 29 31 29 28 31 30 28 29 28 28 29 30 29 29 29
 30 28 28 30 29 29 29 30 27 30 29 28 29 29 29 29 30 29 30 30 28 29 30 29
 28 29 29 29 29 30 30 29 29 30 30 30 29 28 28 28 28 30 28 29 28 30 30 29
 29 31 27 28 31 31 28 31]","[33 26 33 29 28 27 29 29 31 30 27 26 28 29 29 30 26 27 29 30 29 28 28 29
 28 28 30 30 30 28 28 30 26 29 31 30 28 29 30 30 30 29 28 29 29 28 27 27
 29 29 29 29 29 30 29 26 30 27 29 29 28 28 28 28 29 29 30 30 30 30 30 31
 30 29 28 29 29 29 30 31 31 28 28 30 29 27 28 28 28 30 30 28 27 30 30 28
 29 28 30 31 29 27 28 31 30 30 30 30 27 26 27 30 30 30 27 28 29 30 29 30
 30 31 27 29 30 28 29 29 33 27 28 30 30 28 25 29 29 30 30 28 28 28 29 31
 29 32 28 26 31 31 27 28 29 30 29 29 30 30 28 28 29 28 29 30 29 29 29 27
 30 28 27 28 29 28 28 29 26 27 28 29 30 30 30 30 30 29 28 30 30 29 28 28
 28 29 32 28 28 27 31 29]","[ 28  30  86  91  91  91  94  97 103 101  98  98 100  98  95  96  98  99
 101 103 101  97  96  98  99 101 104 105 104 102 104 107 109 110 107 100
 100 109 117 121 122 123 126 131 139 144 143 139 136 134 131 129 130 132
 133 132 136 144 160 183 204 219 231 241 243 243 245 245 246 246 245 243
 247 247 244 244 247 246 243 246 244 246 246 244 245 248 248 247 248 245
 235 216 198 184 170 159 152 146 141 128 122 126 121 113 113 113 114 119
 114 118 118 117 128 131 126 113 112 115 114 106 111 112 106 112 110  92
  77  60  28  23  26  31  29  22  18  22  14  19  18  17  18  17  17  18
  13  15  20  17  11  27  64  92  95  95  93  87  81  77  77  78  73  72
  73  74  74  75  75  72  66  61  59  61  63  62  63  65  67  68  68  70
  72  74  75  76  72  72  73  73  73  74  77  79  81  77  83 110 137 155
 153  31]","[ 31  29  87  85  87  91  88  89  99  96  90  87  91  95  96  98  96  98
 100 100  97  95  94  96  95  97 100 101 100  99 101 103 103 101  97  93
  96 104 107 105 106 108 112 117 125 133 135 132 132 131 132 136 138 136
 134 133 132 134 132 135 140 141 145 151 177 198 224 239 242 243 249 254
 249 254 253 251 254 254 252 252 251 253 251 250 251 252 251 251 252 254
 254 252 249 247 245 240 218 194 180 165 154 150 137 131 126 121 118 125
 115 115 110 109 104 102 110 113 116 112 113 114 113 112 104 108 112 107
 101  90  91  82  72  59  46  34  21  16  18  20  17  16  18  17  15  17
  18  14  16  17  30  69  97  95  94  91  87  81  74  71  72  73  74  72
  71  72  73  76  77  74  72  68  65  67  70  70  70  72  68  67  67  69
  72  76  78  79  77  77  78  72  72  73  74  74  75  86 115 141 151 152
 149  27]","[ 28  31  83  80  83  90  89  92  87  88  84  79  82  90  93  93  94  98
  99  97  96  97  98  97  97  97  98  99  99  98  99 100  99  96  94  96
 101 104 102  97  99 102 102 101 105 112 118 119 115 114 117 126 128 124
 123 126 132 138 136 136 137 132 132 132 128 134 142 152 165 181 199 211
 237 249 251 251 252 251 251 254 254 252 251 254 254 251 250 253 252 252
 252 253 254 254 253 251 255 254 254 244 232 227 206 187 153 139 131 140
 129 124 118 119 114 102 104 107 113 111 109 107 108 111 110 105 105 106
 102  98 103 101  99  92  86  77  60  47  33  25  16  17  24  24  18  15
  19  18  20  37  70 100 106  96  96  88  82  80  79  79  79  76  71  69
  67  66  69  75  78  77  77  75  73  72  73  74  73  72  72  71  71  73
  77  80  81  82  80  78  79  76  75  76  74  75  87 121 152 155 146 147
 149  28]","[ 31  26  57  52  61  72  67  64  74  81  82  78  80  87  89  87  90  94
  95  93  92  95  96  94  93  92  92  94  96  96  96  97  99  94  91  93
  96  97  97  98  97  97  96  96 101 107 108 106 102  98 101 108 111 108
 111 118 118 128 132 136 138 135 138 136 133 136 139 139 135 130 126 123
 136 156 180 200 213 219 230 244 249 255 253 249 249 250 250 252 252 251
 250 251 252 252 252 253 252 248 253 254 254 254 251 252 252 247 229 204
 166 146 134 131 133 130 129 112 101 103 103 101 106 109 109 101 101 107
 106 105 104 104 107 104 103 104 103 104 101  97  91  80  64  48  37  33
  23  24  48  85 105 102  93  90  88  80  77  78  77  77  75  71  69  67
  66  65  68  76  82  82  81  81  79  75  73  72  72  72  74  75  76  79
  82  83  82  81  80  78  79  81  78  85  92 107 137 159 151 147 148 145
 146  31]","[ 30  28  64  58  57  60  60  62  64  71  71  65  66  73  79  82  82  85
  88  89  91  93  93  91  88  87  88  92  95  96  96  96  98  96  96  98
  99  97  96  96  97  96  96  97 101 103 100  96  92  92  96 103 104 101
 101 103 107 112 111 114 113 114 127 130 133 130 129 132 136 137 133 129
 120 120 121 123 125 132 149 165 188 211 227 235 246 252 252 251 252 253
 253 253 253 252 253 253 253 253 253 249 249 253 254 253 250 254 254 250
 243 234 211 188 166 150 142 133 126 127 114 104 112 114 109 103 103 102
  98  91  94  98 103  99  95  95  97 101 103  95  93  95  94  90  75  56
  44  60  88 104 100  95  95  90  79  74  75  77  73  72  73  70  65  65
  65  64  67  74  80  80  80  79  78  74  70  68  70  73  75  76  78  80
  82  81  80  79  80  81  81  82  80 101 116 138 158 150 153 149 143 148
 149  30]","[ 30  27  73  68  61  57  60  64  60  66  65  58  53  53  57  61  62  65
  70  76  81  83  82  80  83  82  83  87  89  89  88  88  86  86  88  92
  96  98  98  98  92  95  97  95  93  94  96  98  95  95  96  98  98  97
  96  96 105 106 104 107 100  96 107 110 112 113 116 118 121 127 135 141
 131 130 130 130 130 132 134 133 131 136 140 148 165 184 209 233 246 250
 253 253 253 253 253 252 251 253 252 253 253 251 251 252 252 252 251 251
 254 253 253 254 251 234 213 182 154 148 129 116 115 119 110 107 105  99
  98  91  83  87  91  88  90  97  97  96  97  94  96  98  99 102  95  75
  77  90  94  91  93  93  89  88  82  74  73  75  71  70  69  65  62  63
  64  64  65  72  77  76  80  78  77  75  71  68  72  79  79  80  80  81
  82  82  82  81  78  82  80  83  88 125 137 151 151 152 144 144 150 145
 151  27]","[ 30  28  81  77  77  79  78  77  73  70  66  61  57  55  60  67  61  61
  58  51  52  63  71  70  70  70  80  89  81  74  76  79  80  76  79  83
  86  95 100  93  90  90  94  98  95  90  90  93  95  98  97  96  92  88
  90  94 101 100  98  95  95  97 100 101 104 102 103 105 105 104 107 112
 107 113 123 134 138 135 137 144 143 145 135 128 133 131 126 129 137 156
 182 211 236 247 249 252 250 254 251 254 254 251 253 253 253 252 252 252
 252 251 252 253 253 254 255 253 253 244 224 199 167 156 139 129 118 123
 115 111 111 100  95  88  82  88  93  87  88  87  96 102 103 100  97  98
 105 102  99  94  88  86  85  83  80  76  72  72  70  67  66  67  61  60
  59  60  63  68  72  75  75  74  73  71  72  74  77  79  82  82  80  80
  82  82  80  81  80  83  81  96 131 152 153 154 150 148 146 148 150 151
 153  27]","[ 30  29  86  85  87  89  88  87  85  85  82  76  71  69  69  70  68  63
  61  62  62  64  67  69  61  53  53  58  58  62  70  75  74  75  79  83
  85  87  88  87  88  87  90  95  93  89  89  94  95  98  97  93  89  85
  86  90  92  97 100  99  98  98  97  97  98 102 104 102 101 103 104 101
 103 106 109 110 109 111 123 138 134 138 137 139 145 141 132 132 130 127
 129 138 147 157 174 191 212 225 238 245 250 253 253 254 253 254 254 252
 253 253 253 250 252 253 253 254 252 252 253 254 246 243 229 204 170 152
 134 129 112 111 108 108 108 100  87  82  81  92  98 101 103 104 103 105
 105 101  97  92  88  86  83  79  77  75  74  73  69  64  62  63  61  59
  57  57  59  64  70  73  73  74  74  73  73  76  78  79  79  83  83  82
  82  83  84  87  88  91 115 143 153 152 152 150 149 147 147 148 150 151
 153  28]","[ 27  29  87  87  88  89  88  87  88  94  96  89  83  82  84  85  75  68
  67  72  70  65  62  63  63  57  58  61  60  61  64  64  66  71  73  73
  72  66  62  65  75  88  95  93  89  88  88  90  92  94  93  90  88  86
  85  87  92  95  94  92  96  98  97  97  97 100 103 103 102 101  98  96
 100 104 105 102  98  96 101 109 114 115 114 117 120 120 120 123 128 130
 136 139 137 136 136 137 136 140 157 171 189 206 218 235 250 251 251 251
 252 254 254 253 254 251 248 253 253 253 252 254 254 253 254 252 247 238
 215 199 170 154 132 121 124 120 112 110 105 101  96 105 103 107 109 105
 102  96  90  86  83  82  79  75  75  74  74  72  67  62  60  61  62  60
  58  60  65  71  74  75  74  76  76  75  76  79  81  81  82  82  81  81
  82  81  85  91  97 109 139 158 152 147 150 146 148 147 147 149 151 151
 154  29]","[ 30  30  86  85  86  87  86  85  83  91  97  94  88  85  83  81  80  78
  79  81  79  75  71  67  69  66  68  69  67  65  63  60  61  65  67  66
  62  57  55  57  51  53  62  77  86  84  81  86  85  85  85  83  84  83
  80  80  89  97  99  95  93  91  90  93  94  94  94  95  93  90  88  87
  96 100 101  98  96  95  95  97 100 102 105 106 104 105 107 109 114 116
 121 125 130 138 143 141 145 135 128 127 131 135 138 146 159 168 187 212
 226 236 242 251 250 254 255 254 253 253 252 252 251 253 254 251 252 250
 245 242 238 234 225 205 170 144 137 135 132 118  99 109 107 108 105  97
  96  88  81  77  75  74  74  71  75  73  72  71  68  65  64  65  65  64
  66  71  77  80  78  75  77  79  79  78  79  83  85  84  84  80  79  82
  82  81  91 107 131 144 153 150 147 147 149 151 151 149 148 149 151 151
 154  29]","[ 30  29  84  83  86  89  87  86  82  78  74  73  75  80  84  86  82  82
  85  86  84  83  81  78  76  74  73  73  74  73  69  64  65  64  67  64
  57  57  59  54  48  42  41  49  56  58  61  66  70  71  75  75  78  80
  80  86  85  90  90  89  90  90  88  90  88  92  91  86  87  92  93  89
  90  94  95  93  93  93  94  96  99  99 100  99  97 100 102 100 103  98
  99 106 111 117 124 127 133 136 132 133 139 140 136 127 125 126 128 138
 141 151 165 180 203 216 232 235 247 248 253 252 254 251 249 244 246 244
 236 233 237 235 237 237 220 206 210 213 212 187 127 107 108 109  98  93
  87  81  76  73  70  69  70  69  74  71  70  72  74  74  73  73  72  74
  77  80  81  80  77  75  80  81  82  82  84  87  86  84  81  82  84  85
  85  91 112 136 151 154 148 143 147 144 144 152 153 150 148 149 151 152
 154  28]","[ 29  27  83  83  88  90  88  86  89  84  80  81  83  82  81  81  83  81
  84  87  84  81  81  82  82  83  83  83  82  80  78  76  76  74  75  72
  62  63  65  57  50  57  62  61  58  62  63  58  59  61  68  68  68  70
  74  86  92  90  89  89  88  88  88  88  86  87  85  83  84  88  91  91
  91  90  89  89  92  91  89  89  86  89  94  97  98  97  91  83  94  94
  96  97  99 104 108 109 103 110 109 117 127 132 136 131 135 138 135 131
 120 119 118 122 120 123 135 146 179 194 214 222 232 236 239 240 239 235
 226 229 232 231 228 231 226 220 234 248 238 200 138 111 105 101  92  92
  80  77  76  74  70  67  67  67  69  69  71  75  79  81  80  79  80  83
  86  84  80  77  80  83  82  83  85  86  87  87  85  83  82  87  90  91
  99 114 135 152 151 147 145 147 148 147 148 150 153 150 148 150 152 152
 155  29]","[ 30  29  86  86  90  92  90  88  86  83  81  82  82  81  82  85  85  83
  85  88  84  80  80  82  79  82  82  81  79  79  81  86  84  84  85  82
  77  78  81  80  83  72  68  68  64  64  67  65  63  61  66  64  61  57
  54  66  58  63  75  80  72  70  79  87  90  86  85  87  87  85  86  89
  92  86  80  82  86  86  85  87  91  90  90  91  91  89  88  90  92  98
  98  95  97 101 101  97  97  94  90  92  95  96 101 108 107 116 120 127
 123 128 123 123 124 122 120 114 121 114 118 122 132 145 161 184 198 206
 203 212 213 218 220 226 228 231 241 237 211 156 109  99  98  97  90  79
  77  76  77  76  71  66  66  66  68  70  74  78  81  82  81  81  83  87
  89  87  83  82  87  92  86  87  88  88  86  84  84  86  90  91  96 108
 125 138 145 149 147 145 146 146 144 147 148 144 150 149 149 150 151 151
 154  29]","[ 30  29  86  86  89  91  90  90  88  85  84  85  86  85  83  82  82  82
  84  85  82  81  81  80  80  81  81  82  82  80  78  80  80  83  82  81
  81  81  85  93  97  87  86  84  74  74  77  71  71  65  68  68  65  58
  48  55  55  51  58  62  55  56  66  71  73  75  78  80  83  86  87  88
  84  80  79  81  81  75  74  79  87  87  87  88  84  78  80  90  95  94
  90  90  96  99  98  99  94  95  99  97  97  97  90  92  97  98  96 105
 104 113 113 118 112 115 116 113 120 116 114 117 116 116 112 121 126 135
 137 155 176 189 208 225 228 237 229 187 137 117 106 100  91  82  77  76
  77  76  77  76  70  65  64  65  71  75  79  81  81  80  81  82  85  86
  87  88  88  89  91  92  91  90  89  88  84  81  84  90  94  94 105 128
 148 151 147 147 147 146 146 146 148 150 151 150 148 148 150 151 151 150
 153  29]","[ 28  29  89  90  90  90  90  90  90  87  86  83  87  88  81  82  83  79
  86  89  84  82  84  83  81  84  83  82  83  81  79  81  79  83  82  80
  80  80  82  89  91  89  86  85  88  90  88  85  79  75  75  76  73  64
  58  57  60  54  52  52  50  51  54  53  49  57  59  56  57  58  62  70
  75  76  76  77  80  80  77  74  77  77  83  83  83  80  86  90  90  89
  86  88  94  94  92  95  93  95  94  95  96  93  87  83  95  99 102 104
 104 101  95  88  94 102 109 113 115 120 123 115 117 117 116 115 113 109
 109 113 123 129 147 166 182 192 170 131 111 106  99  89  81  77  76  77
  76  74  71  69  65  64  67  72  77  77  77  80  82  83  82  80  82  86
  88  88  89  89  90  93  92  87  90  89  86  85  85  91  92 105 126 147
 154 148 144 148 147 147 147 147 146 146 148 151 148 148 153 154 153 151
 152  29]","[ 29  30  90  86  84  90  91  90  91  88  87  85  89  88  81  81  84  82
  83  86  87  86  84  83  82  86  87  85  82  79  80  84  86  86  83  81
  81  81  81  82  83  82  80  79  81  84  83  82  82  80  79  81  81  78
  73  70  76  71  69  69  61  52  50  51  53  56  51  47  49  53  53  53
  60  63  66  67  68  72  75  77  73  64  66  72  75  71  78  85  90  87
  85  90  94  91  87  90  91  93  93  93  94  92  89  87  96  98 100  99
  98  98  96  94  89  94  95  91  89  97 108 106 106 105 106 111 115 116
 116 116 106 105 108 111 118 131 128 110 101  97  90  83  78  76  76  76
  75  71  67  66  65  67  73  79  81  82  81  81  83  87  85  81  80  84
  86  87  88  88  89  91  92  89  88  88  84  87  94  97 121 140 152 150
 146 147 147 146 150 150 148 147 147 148 150 150 151 151 155 155 154 152
 152  29]","[ 31  29 100 101  96  93  90  90  90  89  90  90  92  91  87  90  90  92
  89  86  86  83  80  82  89  87  88  87  84  82  83  84  83  85  87  85
  81  81  82  81  81  80  78  77  78  79  79  78  82  82  82  82  84  86
  82  77  79  79  80  82  80  72  66  67  63  66  63  58  60  61  58  53
  57  56  59  61  59  60  61  57  59  56  59  59  59  60  72  82  86  87
  88  89  90  87  84  85  90  91  91  90  89  88  89  89  95  96  96  97
  98  98  96  95  93  95  90  84  83  90  99  96  93  92  97 101 100 101
 104 104 110 110 110 109 109 110 104  92  93  89  84  80  78  76  75  74
  72  68  65  64  65  68  74  79  79  82  82  81  83  88  86  80  80  84
  87  88  88  87  86  88  85  87  90  94  88  89 109 118 144 153 154 147
 144 147 149 149 153 151 148 147 147 150 151 150 151 151 154 154 152 150
 150  27]","[ 28  27 116 117 112 100  94  90  94  95  96  94  91  89  90  96  93  95
  93  91  89  86  90  94  95  89  89  90  87  86  86  84  84  85  89  86
  81  82  85  83  83  82  80  80  80  80  79  78  81  82  82  82  82  83
  80  76  76  80  80  81  87  88  81  76  74  77  77  75  75  74  70  66
  64  60  61  62  57  54  50  41  43  46  53  52  48  45  53  58  69  76
  81  81  84  89  88  83  80  81  82  81  81  82  85  85  89  88  88  91
  94  96  94  92  94  94  89  88  89  92  94  91  89  89  95  95  87  85
  90  91  99 102 104 103 100  94  85  80  84  83  81  80  78  75  72  70
  67  66  65  64  65  67  70  74  76  80  83  84  87  91  89  83  85  90
  92  92  90  86  84  84  86  87  90  91  90 105 133 145 153 151 148 147
 149 149 149 151 153 150 147 147 148 149 150 151 152 152 155 155 153 152
 153  29]","[ 29  34 141 135 135 130 131 121 123 122 118 113 105 100 103 107 105  99
  94  94  88  86  92  91  93  90  92  93  90  89  90  90  91  88  87  84
  80  83  86  84  82  81  81  82  83  83  81  79  79  81  84  85  84  82
  81  81  85  87  84  84  91  94  89  84  82  80  80  82  82  81  80  78
  74  71  73  73  67  64  63  57  55  48  50  54  56  51  53  56  49  55
  59  62  69  78  81  77  75  76  79  81  81  82  83  80  81  81  81  82
  85  88  89  89  89  90  88  89  90  88  91  91  87  84  88  90  86  87
  89  85  88  91  90  86  80  74  74  79  76  76  76  75  73  70  68  67
  63  63  65  65  66  67  70  72  74  76  80  84  86  88  88  87  89  94
  96  95  91  86  82  82  84  86  94  98 111 137 150 149 146 149 149 148
 149 151 151 152 151 147 146 149 150 148 150 153 153 153 156 155 153 153
 154  30]","[ 29  29 148 145 148 147 152 146 141 137 130 125 118 115 116 114 112 107
 102 103  94  92 100  97  94  93  94  94  94  94  94  92  88  86  86  85
  84  85  87  87  83  83  84  86  86  84  81  79  78  80  84  87  87  85
  86  88  84  82  79  81  84  84  82  82  77  77  81  86  84  82  84  86
  83  81  83  85  82  79  76  70  63  56  55  56  60  60  62  59  59  55
  53  50  45  46  52  57  55  57  65  73  77  81  83  80  75  80  83  81
  79  79  80  80  87  88  86  89  91  88  87  87  81  79  82  86  87  88
  86  81  83  84  82  80  76  72  71  75  75  75  74  71  68  66  66  67
  64  65  65  65  66  68  71  73  75  74  76  81  83  84  86  89  89  93
  94  92  90  85  82  82  84  88 106 124 142 155 149 143 141 146 149 149
 150 151 151 153 150 147 147 150 151 149 151 154 153 153 155 153 152 152
 152  28]","[ 31  27 149 154 152 151 152 151 149 149 145 143 137 134 136 130 135 136
 130 125 116 110 113 106 105 106 104 101 102 102  99  97  88  88  87  89
  90  88  87  89  87  88  90  92  90  86  83  82  80  79  81  84  85  85
  85  87  85  81  80  82  81  79  79  78  72  74  82  85  81  78  82  85
  82  81  83  86  86  82  75  71  76  81  85  81  80  80  79  70  65  59
  59  58  52  49  56  62  49  49  54  58  56  58  60  56  64  71  75  72
  69  68  67  64  73  78  79  83  87  85  81  78  78  80  83  85  84  83
  81  79  78  75  73  72  73  74  73  72  74  74  72  69  66  66  68  70
  70  68  66  66  68  72  75  77  80  77  77  81  85  86  89  92  88  90
  89  88  89  87  85  85  98 108 126 143 153 151 147 149 150 149 150 153
 155 152 150 153 150 149 149 150 151 152 152 153 156 155 157 155 153 154
 154  29]","[ 30  28 150 156 151 160 159 157 159 164 165 163 155 150 153 146 146 153
 143 138 137 134 129 118 117 123 121 114 110 107 105 106 104  97  89  88
  93  91  87  88  89  91  95  96  94  89  88  88  83  81  79  80  81  82
  82  81  80  78  79  81  80  82  81  75  80  79  81  81  77  78  80  79
  76  79  82  84  84  81  80  82  80  82  86  82  82  81  85  84  82  77
  79  82  80  74  67  59  54  52  54  54  50  53  57  54  50  54  55  53
  53  57  56  51  54  67  71  74  77  78  78  77  77  80  80  80  81  80
  78  77  76  74  71  68  65  66  68  68  68  67  67  66  66  68  71  73
  72  70  67  68  72  77  81  81  80  77  77  81  85  87  89  90  90  89
  87  87  90  91  90  90 105 131 145 150 153 150 151 150 148 150 151 153
 155 154 152 154 151 152 151 149 150 153 153 150 154 154 156 153 152 153
 153  28]","[ 28  31 135 144 149 148 150 147 158 161 163 163 162 159 157 158 156 149
 146 149 148 146 145 145 145 145 138 132 133 129 122 122 128 122 107 110
 109 105 100  90  88  92  98  96  87  87  92  91  92  90  86  83  84  82
  81  83  79  79  82  80  80  75  77  79  82  80  82  83  79  77  76  74
  74  78  81  81  83  83  79  82  81  77  77  81  82  82  82  81  80  81
  81  80  81  81  78  74  70  75  73  64  57  56  59  61  59  54  53  52
  49  53  55  50  53  51  50  50  53  57  61  65  67  74  77  81  81  75
  71  68  66  65  65  64  67  67  63  66  59  62  61  65  68  67  71  74
  73  68  68  75  80  80  79  79  81  80  78  84  87  88  87  91  88  90
  89  86  93  96  95 109 134 146 153 152 151 150 150 153 151 152 152 152
 152 153 153 152 153 152 151 151 152 153 154 155 155 154 153 152 152 153
 155  28]","[ 29  28 129 126 122 120 122 122 131 130 131 136 145 151 156 161 156 153
 152 155 155 155 154 152 149 151 149 147 150 147 143 145 153 147 131 130
 132 134 134 124 107 106 107 103  98  99 102 101  97  92  92  96  93  89
  85  82  88  84  85  84  82  75  79  86  85  84  80  79  81  78  74  73
  76  77  82  82  81  80  78  78  78  74  75  79  81  81  80  77  78  79
  79  79  80  82  81  79  80  81  80  76  72  71  73  73  71  62  58  57
  54  53  55  54  45  40  37  38  40  41  44  48  54  64  67  66  65  62
  60  55  55  57  60  58  60  61  58  57  56  59  58  60  65  69  73  73
  73  72  75  80  82  80  79  80  79  83  85  87  85  88  87  88  89  94
  92  95  96  96 115 140 146 150 150 149 151 154 153 151 151 152 152 152
 152 152 152 152 153 153 152 152 153 153 155 157 156 155 153 153 154 153
 154  28]","[ 28  30 147 143 132 129 128 127 128 128 126 127 133 136 131 125 133 138
 146 154 158 162 165 164 163 161 156 156 161 160 156 157 152 153 146 144
 149 151 152 141 142 138 132 127 123 121 119 118 121 107 101 106  98  96
  90  84  96  97  97  90  89  86  89  89  89  90  83  81  89  88  82  82
  86  84  86  82  77  78  79  79  81  81  82  82  80  80  79  77  75  76
  76  76  78  80  80  79  78  78  79  79  78  77  78  80  82  75  68  66
  64  63  65  67  62  54  49  48  45  40  38  40  44  50  48  44  41  41
  45  46  41  44  50  51  52  57  55  51  51  59  61  65  69  71  73  72
  72  75  79  82  81  79  79  81  80  85  91  92  85  86  88  89  90  91
  98 100 104 129 152 151 151 151 150 150 151 155 157 153 152 153 153 153
 153 153 153 153 154 154 154 154 153 154 156 158 156 154 153 154 155 153
 154  28]","[ 30  29 158 162 162 165 155 146 139 139 129 119 125 138 138 130 123 121
 121 122 125 131 136 138 148 148 148 153 159 160 158 160 159 163 160 153
 155 156 161 156 149 148 145 145 146 145 143 145 146 134 124 126 116 119
 115 114 114 117 116 102  92  88  94  97  95  96  90  88  94  94  88  86
  84  87  90  87  85  83  78  79  82  82  82  81  79  80  81  79  75  75
  74  74  76  77  77  75  71  74  76  76  73  72  74  76  78  77  71  67
  69  72  73  74  69  64  61  59  54  46  40  39  43  45  43  42  40  35
  37  39  25  22  29  34  37  42  43  43  49  61  68  72  73  72  73  74
  72  76  80  80  79  80  82  83  83  85  91  96  87  86  91  94  95  93
 103 111 131 151 147 149 150 149 152 153 153 158 160 156 153 154 154 154
 154 154 154 154 154 154 154 155 155 155 155 155 154 152 153 156 157 154
 154  29]","[ 28  28 166 166 161 166 164 164 164 169 163 154 155 161 155 145 140 131
 123 122 122 122 121 118 123 126 129 130 131 134 141 149 144 150 155 154
 157 156 160 157 158 160 161 161 160 157 156 159 154 154 146 146 138 139
 135 138 141 130 125 123 124 115 110 106 110 109 106 102  99  97  93  87
  87  94  93  87  90  89  83  89  86  84  83  82  81  82  81  78  79  77
  75  76  77  78  76  73  75  77  77  75  73  73  73  72  71  72  69  67
  69  71  72  73  67  68  69  69  67  64  61  58  52  52  46  45  43  38
  37  38  30  20  23  32  36  39  41  46  52  62  68  73  74  71  73  77
  76  77  78  78  79  82  86  87  87  87  91  96  88  89  93  95  99 103
 129 142 145 151 147 150 151 150 153 156 158 161 161 156 154 154 154 153
 153 154 154 153 154 154 155 157 158 157 154 153 154 153 155 159 160 156
 155  30]","[ 32  27 160 161 164 170 164 160 161 164 165 164 168 170 169 168 168 165
 163 161 154 146 140 136 136 136 134 128 122 122 126 131 132 131 130 131
 138 144 151 152 159 162 164 164 160 159 161 164 156 159 155 157 157 160
 155 156 157 154 154 149 144 132 127 125 128 127 127 122 115 113 111 103
 105 108 101  90  91  91  88  96  91  90  90  89  85  84  83  82  81  78
  76  76  78  78  76  74  78  76  73  72  74  77  75  70  71  68  68  69
  68  66  66  69  64  67  70  70  70  72  72  70  72  72  63  55  53  52
  53  52  44  32  31  37  41  40  41  48  54  60  65  72  75  72  72  74
  77  77  77  78  80  85  88  89  91  94  95  94  87  92  95  94 100 137
 150 150 153 152 153 154 153 155 158 158 157 157 158 157 156 155 154 154
 154 155 154 153 154 153 154 157 159 158 155 153 154 154 155 159 159 156
 155  28]","[ 29  28 163 165 167 168 165 164 163 163 163 164 165 162 160 163 166 168
 171 170 165 163 164 165 156 158 161 158 153 149 144 138 136 134 131 130
 130 133 129 126 129 132 138 142 143 149 157 158 165 162 160 162 163 165
 162 159 160 160 159 152 154 155 158 155 144 147 145 139 137 137 134 130
 124 125 124 115 110 107 103 103 100  96  94  94  93  92  91  90  85  82
  79  78  78  78  78  78  78  74  70  72  76  79  76  72  72  68  69  70
  65  62  64  66  67  67  68  68  67  67  66  66  67  71  67  63  59  56
  55  54  55  48  46  46  47  46  44  48  53  60  64  69  72  71  72  72
  74  76  78  81  84  86  89  91  94  98  97  95  92 101 107 111 132 151
 153 155 153 150 157 149 153 158 161 159 157 155 156 159 157 156 155 154
 156 157 156 154 154 154 154 156 157 157 156 155 154 154 155 156 157 155
 155  27]","[ 30  30 164 164 166 166 168 172 165 166 164 164 164 164 164 165 166 166
 166 165 164 166 166 162 157 162 167 166 164 165 165 162 162 161 155 149
 141 139 129 124 127 125 128 128 126 131 134 130 131 129 138 146 147 150
 158 160 166 167 170 168 169 166 166 164 163 168 161 154 156 156 151 149
 146 144 149 144 134 135 134 130 127 112 100 100 104 104  97  89  90  87
  84  81  79  79  80  82  83  78  75  78  80  79  77  76  74  72  74  71
  65  66  70  68  69  67  66  67  66  62  60  60  58  60  59  59  56  49
  52  57  57  57  55  50  51  50  46  48  54  63  64  64  65  67  72  74
  71  75  80  85  87  87  90  92  95  98  96  99 101 112 124 138 154 159
 157 157 157 157 159 157 154 158 159 158 161 160 158 159 156 155 153 154
 156 158 157 155 155 154 154 155 155 155 155 155 154 154 155 155 156 156
 156  29]","[ 29  28 180 175 173 176 176 175 172 172 169 164 162 163 165 166 167 166
 165 164 164 165 165 164 160 161 163 164 162 160 162 165 170 168 164 162
 164 165 162 158 156 153 143 140 134 131 140 137 130 119 115 118 122 129
 130 123 129 130 144 151 155 164 167 168 151 167 165 165 167 169 165 169
 168 164 164 160 153 153 153 145 147 138 132 132 130 116 112 105  98  93
  93  87  81  86  87  82  82  83  88  86  82  81  80  80  79  78  73  72
  74  72  71  70  70  69  67  66  64  62  60  58  56  60  62  59  52  47
  46  46  53  54  54  53  51  48  46  44  52  56  58  60  63  65  71  77
  78  76  79  84  85  87  89  88  92  99  99  99 110 126 140 150 154 154
 156 158 157 155 156 159 161 159 160 162 162 161 161 161 160 157 154 154
 156 157 157 156 154 155 154 151 152 156 158 158 156 155 155 157 160 160
 158  29]","[ 29  29 183 180 178 179 176 175 175 175 173 171 171 172 171 170 169 169
 170 169 169 167 164 161 161 162 163 162 162 164 165 165 167 166 163 162
 162 163 162 160 162 161 154 156 156 154 159 154 147 146 145 139 135 138
 134 122 124 118 119 117 115 121 125 124 131 144 145 152 157 161 163 170
 169 170 174 178 178 173 166 159 155 157 155 146 139 131 131 123 114 105
 104 103  97  94  90  86  89  89  92  90  85  83  81  81  79  80  75  75
  76  73  73  73  71  72  70  67  63  60  58  57  61  61  59  53  47  45
  45  46  46  48  50  49  45  42  43  45  47  52  56  60  63  66  72  78
  82  80  83  88  90  89  89  90  99 100 102 114 136 151 155 155 157 157
 158 159 158 157 158 160 161 160 160 161 161 160 159 160 160 157 154 153
 154 156 156 156 155 155 153 152 153 157 158 157 157 157 157 159 162 161
 159  29]","[ 29  29 183 183 181 180 178 177 179 177 176 176 177 178 176 173 174 174
 173 172 170 169 167 166 165 164 160 154 156 163 167 166 164 161 159 159
 161 161 160 159 163 165 160 160 161 158 162 162 155 159 162 157 154 160
 161 152 149 145 139 132 121 115 116 114 116 122 123 130 131 129 130 134
 146 155 163 169 172 170 169 174 167 159 154 151 146 136 135 131 133 126
 123 116 110 112 112 111 102 100 101  98  93  90  86  86  87  88  84  82
  80  75  74  73  74  74  74  71  68  65  61  59  61  61  60  57  54  50
  46  43  45  47  49  49  45  41  42  46  49  55  62  65  67  69  73  80
  81  83  85  87  90  92  96 101 103 100 109 134 154 155 156 163 162 162
 161 160 160 161 162 163 163 162 162 161 160 159 159 159 159 158 155 152
 153 157 158 158 154 154 153 154 156 157 158 157 157 158 159 160 162 161
 159  30]","[ 29  28 182 182 181 181 180 181 180 179 177 176 176 176 175 174 176 176
 175 174 173 173 173 172 172 173 172 168 170 173 173 168 167 162 160 162
 165 164 161 159 160 164 160 160 162 160 162 164 162 161 161 161 160 164
 165 162 161 157 152 158 162 161 159 149 141 137 130 129 124 119 120 119
 118 118 119 124 132 139 144 147 149 152 154 152 147 143 142 137 134 132
 134 129 124 124 120 115 113 110 112 110 106 102  98  97  99 102  97  94
  89  82  80  78  77  76  74  74  73  70  64  59  60  59  57  57  56  54
  52  50  49  47  47  48  47  42  40  41  52  60  68  71  71  70  73  80
  78  84  85  85  92  99 105 110 120 131 143 151 156 159 162 164 166 167
 165 163 163 165 166 166 164 164 163 163 162 161 160 159 157 158 156 153
 154 158 161 160 154 154 156 158 159 159 158 158 157 158 158 159 159 159
 158  29]","[ 30  28 182 182 181 181 181 183 179 180 180 178 175 173 174 175 176 177
 178 178 178 178 176 174 174 176 176 176 175 175 173 169 173 171 170 172
 173 171 168 167 166 167 164 166 171 169 165 162 164 161 161 163 163 161
 159 157 155 157 156 159 159 157 161 160 161 159 160 163 161 154 147 137
 135 131 130 127 123 127 131 128 115 115 119 123 125 130 134 136 136 129
 129 128 126 124 120 122 118 114 117 118 116 114 109 108 108 111 107 103
 100  94  92  89  80  79  77  75  74  71  66  61  58  56  56  56  57  55
  54  53  51  48  47  49  49  45  42  41  51  60  69  72  71  69  72  79
  81  83  84  88  99 106 110 116 138 149 157 156 156 161 166 164 169 170
 169 166 166 168 168 166 165 165 164 164 165 164 162 160 155 157 157 155
 155 159 161 160 157 157 158 159 159 159 159 160 158 159 158 157 157 158
 158  30]","[ 30  29 183 183 182 182 180 180 179 181 184 182 178 175 176 178 180 180
 179 179 180 180 179 177 180 179 178 177 177 177 177 178 176 178 180 179
 176 173 173 175 173 172 170 170 171 171 168 167 164 166 167 166 167 169
 168 167 163 161 157 157 158 156 158 158 161 158 158 159 162 160 160 153
 155 156 160 154 140 140 146 143 132 120 116 122 124 126 125 130 121 125
 130 126 120 117 116 119 117 113 116 118 119 119 115 113 112 113 108 105
 105 102 100  97  87  88  86  83  79  77  77  76  68  66  64  64  62  57
  53  52  51  49  50  51  51  48  47  47  53  62  69  72  72  70  72  78
  82  83  87  96 104 109 121 135 154 154 158 163 164 165 169 172 171 172
 170 167 166 167 167 165 167 166 165 165 166 166 163 161 157 159 160 158
 158 160 160 159 160 160 158 156 156 157 159 161 159 159 158 156 156 157
 158  29]","[ 28  29 184 184 183 183 181 179 180 182 185 185 181 178 179 181 183 182
 180 180 181 182 181 179 177 178 180 180 181 180 179 179 177 180 181 179
 176 175 177 179 175 174 175 173 170 172 176 180 175 176 173 168 169 172
 171 170 162 163 166 164 160 156 154 158 158 158 158 158 160 156 158 154
 157 156 157 158 158 160 162 159 157 160 161 154 143 143 135 131 127 136
 138 123 112 113 116 121 120 114 115 117 119 119 116 115 113 112 103 101
 103 104 103  99  94  95  95  91  88  87  89  91  87  81  75  72  68  64
  62  61  56  55  54  53  52  52  52  52  58  63  69  72  74  73  73  76
  81  85  95 107 114 124 142 157 162 163 166 166 165 169 173 170 173 173
 171 169 167 168 168 167 168 169 168 167 166 166 164 162 159 161 161 161
 161 160 159 158 161 160 158 155 155 158 160 160 159 159 158 157 157 158
 158  28]","[ 29  31 185 185 184 186 183 181 182 182 183 183 181 179 180 182 181 181
 182 183 185 185 181 178 180 180 179 178 179 182 183 183 180 180 179 177
 177 179 180 179 178 175 177 176 172 173 176 177 180 178 173 172 176 177
 174 172 173 171 173 172 172 167 156 156 160 162 162 159 160 152 156 157
 159 160 158 159 161 158 155 155 155 154 155 155 149 153 148 148 146 151
 153 146 140 136 132 134 127 119 118 118 119 120 117 116 113 109  99  97
 102 105 105 101  97  97  96  94  92  91  91  90  89  86  83  83  81  76
  70  68  69  66  62  59  59  60  60  59  57  61  64  69  73  74  74  75
  81  89 103 117 130 148 160 162 169 164 166 172 172 174 177 178 175 174
 173 171 170 170 171 172 170 172 171 169 166 165 164 163 160 161 161 162
 161 159 158 157 160 160 158 156 158 162 162 159 159 161 161 159 160 161
 160  29]","[ 29  29 185 187 186 187 187 186 187 186 186 186 186 183 180 180 182 182
 183 185 187 187 184 181 178 180 180 178 180 183 182 178 178 180 180 178
 179 181 181 180 180 178 177 174 173 176 177 175 180 179 179 180 178 176
 174 174 177 177 177 176 176 176 177 178 171 168 167 169 167 163 160 161
 162 161 162 162 161 158 156 155 154 150 149 153 155 153 152 153 151 153
 156 159 158 154 151 152 143 135 132 135 133 124 117 115 117 109 102 103
 109 110 107 107 107 108 106 101  96  94  93  94  88  89  88  85  82  80
  77  74  75  74  72  68  65  63  65  66  64  65  66  67  69  75  82  87
  92  98 106 122 142 153 157 163 168 170 172 175 178 179 179 180 180 179
 176 174 174 175 173 171 171 170 169 169 168 166 163 162 162 162 162 162
 161 160 159 158 157 159 160 158 157 159 161 160 160 161 160 162 162 160
 161  29]","[ 29  29 185 188 187 187 187 186 187 186 187 189 188 186 183 182 182 182
 184 186 189 189 186 184 181 181 180 180 182 186 185 182 182 181 180 179
 180 182 182 181 182 180 179 178 177 179 180 179 179 179 179 181 180 178
 177 177 180 179 177 176 175 175 177 178 174 172 171 172 171 168 167 167
 172 171 169 165 162 159 159 160 154 148 148 154 158 156 155 156 155 154
 154 154 153 151 150 152 155 150 149 150 149 149 150 150 133 133 135 140
 144 137 127 122 113 114 115 113 109 104  99  95 101 102  96  86  85  91
  89  81  78  80  79  75  73  74  74  72  72  68  65  64  73  83  87  94
 102 119 134 147 157 160 162 167 172 174 175 177 179 179 179 180 180 180
 179 178 178 177 175 172 170 170 171 171 170 167 164 163 163 163 163 162
 161 160 159 158 158 159 159 158 159 161 162 161 160 160 159 159 159 158
 160  29]","[ 29  30 186 188 187 187 187 186 186 187 188 190 190 188 185 184 184 183
 184 186 189 190 189 187 185 183 182 182 185 187 186 184 184 181 179 179
 181 183 183 183 183 181 180 180 179 180 181 181 179 178 179 180 181 180
 179 178 178 176 174 172 171 171 174 177 178 176 174 173 172 171 171 171
 174 174 173 171 168 168 170 173 172 167 165 170 172 168 164 163 161 158
 155 154 153 151 152 153 150 150 150 149 147 150 153 152 152 154 154 156
 156 153 147 145 145 139 131 124 120 117 115 113 105 106 104 102 102 103
  99  94  92  91  86  80  78  79  77  73  77  73  72  70  80  90  90  99
 116 133 147 154 159 161 163 168 174 176 177 177 179 179 178 179 180 181
 181 181 180 180 177 175 171 171 172 172 171 168 165 165 165 165 164 163
 162 160 159 159 160 160 160 159 160 162 162 160 159 160 158 159 158 158
 161  29]","[ 29  30 187 189 187 188 187 187 187 187 189 190 190 189 187 186 186 185
 184 184 187 189 190 190 188 186 184 186 187 187 186 185 185 182 181 183
 185 185 186 187 184 181 181 182 180 180 182 183 181 180 179 179 180 180
 179 179 178 177 176 174 173 173 176 179 180 180 177 173 172 173 173 172
 175 176 177 176 174 174 174 175 171 170 170 172 173 170 167 165 167 164
 162 161 161 160 158 157 154 155 155 153 151 152 153 150 154 155 154 153
 154 153 152 152 157 156 155 155 153 148 141 136 132 136 130 113 107 113
 115 109 108 104  97  92  91  90  85  78  80  79  82  79  88  99 100 116
 142 148 152 155 162 167 169 172 175 177 177 178 180 179 178 179 181 181
 181 181 181 181 180 180 174 174 173 172 171 169 167 166 166 166 165 164
 162 161 160 159 160 160 159 159 160 162 162 161 160 161 160 160 160 160
 162  29]","[ 29  30 187 189 188 188 188 187 188 188 189 189 189 189 189 189 189 187
 185 186 187 189 190 190 189 188 188 189 189 187 186 187 188 185 186 188
 189 187 187 189 186 183 183 184 183 183 185 187 185 183 181 180 180 181
 181 181 179 178 178 179 178 177 178 180 182 181 178 175 174 176 177 176
 176 177 178 177 177 176 174 172 171 175 178 177 175 175 174 172 172 170
 169 169 170 168 166 164 161 158 157 158 158 159 159 156 153 155 154 153
 153 152 151 151 155 153 152 152 153 152 150 150 147 147 148 148 142 132
 128 129 125 120 116 115 115 109  99  91  98  96  96  90 100 115 124 147
 154 153 153 156 161 165 168 171 177 179 179 180 182 181 180 181 182 182
 182 182 181 180 180 181 178 175 173 172 171 170 169 168 167 167 166 165
 163 162 160 159 158 159 158 158 159 161 162 163 163 164 162 161 160 160
 162  29]","[ 29  30 187 189 188 189 188 188 188 188 188 187 187 189 190 191 190 189
 188 189 189 189 189 188 188 189 190 190 190 189 188 189 190 189 189 190
 190 187 186 187 186 184 185 186 185 186 189 189 188 187 185 183 183 184
 185 184 181 180 180 182 181 179 178 179 180 180 178 176 177 179 180 180
 176 176 176 176 177 179 178 175 174 180 182 179 175 174 174 172 173 172
 171 171 171 171 170 168 166 163 163 166 167 166 163 159 159 159 158 156
 155 153 151 152 152 151 152 153 153 150 147 147 145 147 147 146 147 148
 146 143 145 140 137 140 141 137 129 125 119 113 108 103 111 124 132 151
 153 154 156 159 160 162 169 176 177 179 180 181 183 182 181 181 181 181
 182 182 181 179 178 177 178 175 173 172 171 170 170 170 170 169 167 166
 165 164 163 162 161 161 160 159 159 160 161 162 166 167 163 160 159 160
 162  30]","[ 29  29 186 189 188 189 189 188 188 189 188 187 188 190 192 192 192 191
 190 189 189 189 188 187 188 189 190 190 190 190 190 190 190 189 188 188
 188 187 186 186 185 185 187 187 186 187 189 188 188 188 188 186 186 187
 187 186 185 184 184 186 186 183 181 182 180 180 179 178 179 180 181 181
 181 180 178 176 177 179 179 177 175 178 180 179 177 175 175 174 174 173
 172 171 171 171 171 170 169 167 168 170 169 167 163 159 160 161 162 163
 162 156 152 153 154 153 154 156 155 153 151 151 154 146 141 143 144 141
 140 142 142 140 139 140 143 143 143 143 138 132 129 128 133 138 140 148
 149 151 154 156 156 161 170 176 175 178 179 181 183 183 181 181 181 181
 182 183 182 179 177 176 177 177 176 175 173 171 171 171 172 170 167 166
 166 166 165 165 165 164 162 161 161 161 160 160 165 166 162 160 159 160
 163  29]","[ 29  29 185 188 188 189 189 189 189 190 191 190 191 193 195 195 194 192
 190 188 188 188 188 188 188 189 189 188 189 191 191 190 190 188 186 186
 188 189 188 188 185 187 188 188 186 187 188 186 186 188 189 188 188 188
 187 185 186 184 184 186 186 183 182 182 183 183 182 182 182 181 181 181
 180 180 178 176 177 180 180 179 179 178 178 180 179 176 174 175 175 175
 175 174 173 173 173 172 172 170 169 168 166 167 168 167 164 164 164 165
 163 158 158 162 161 158 157 158 157 155 153 154 154 149 145 145 146 146
 145 144 144 144 144 141 139 139 139 138 139 137 138 143 146 146 145 147
 151 152 155 157 160 166 171 171 174 177 179 181 184 183 182 182 183 182
 182 184 183 181 179 179 179 180 180 179 176 172 172 173 172 169 166 164
 165 166 166 165 166 163 161 162 164 164 163 162 161 163 162 161 161 162
 163  29]","[ 30  28 187 187 189 190 189 188 189 189 190 191 191 192 193 194 195 194
 191 188 188 188 188 190 191 190 189 189 189 188 187 186 187 187 188 188
 188 190 191 193 194 192 190 188 187 188 187 186 186 188 189 189 188 188
 186 185 185 184 186 188 186 185 186 185 187 183 182 182 183 185 185 183
 186 185 181 179 180 182 182 179 178 179 179 180 180 179 178 177 175 175
 176 175 174 173 172 170 172 171 170 168 167 166 167 167 164 165 166 167
 164 161 160 161 161 161 160 159 158 157 156 155 154 153 154 155 154 151
 150 151 146 145 143 142 140 136 135 138 137 141 140 142 152 156 152 152
 151 153 155 156 160 167 171 172 173 176 179 181 183 183 182 181 182 182
 183 182 182 182 180 179 180 180 180 180 177 174 173 173 172 167 164 165
 168 169 167 165 166 164 162 163 165 166 164 162 162 162 160 160 161 164
 165  28]","[ 30  29 191 191 192 191 190 190 190 190 190 190 191 192 194 194 195 196
 195 193 192 190 188 188 193 191 190 188 187 186 185 185 188 189 189 189
 189 189 190 191 192 192 191 189 189 188 186 185 187 188 189 189 188 188
 187 186 187 186 187 189 187 187 187 187 186 183 183 183 183 184 187 186
 186 185 183 180 181 183 183 181 179 179 180 181 182 181 180 179 177 177
 176 176 175 175 174 173 171 171 170 169 168 167 166 165 165 165 167 168
 166 163 162 162 163 163 162 160 158 157 157 158 155 155 154 155 155 154
 153 153 151 149 146 143 141 136 134 137 140 144 143 144 152 155 153 153
 156 156 157 158 161 164 169 173 172 175 178 181 182 182 183 183 184 184
 183 182 182 182 181 180 181 181 180 180 179 177 175 174 171 168 165 166
 169 171 170 169 166 166 165 165 166 166 165 164 163 163 161 161 162 165
 166  29]","[ 29  29 191 192 192 191 190 191 190 190 189 190 191 192 193 193 194 196
 196 196 195 191 188 188 187 187 188 189 189 190 190 191 189 189 189 189
 189 189 190 190 191 191 191 191 190 189 187 186 189 189 189 188 187 188
 188 187 187 186 187 188 188 188 188 188 185 184 185 184 182 183 187 188
 186 185 183 182 182 184 184 183 180 180 180 181 182 182 181 180 179 179
 177 177 177 177 177 176 172 171 171 171 171 170 168 166 165 165 166 167
 167 165 163 163 165 165 163 160 158 157 158 159 162 160 157 155 155 155
 153 151 151 149 146 144 143 139 137 138 143 147 146 146 151 154 154 155
 158 157 158 160 160 162 168 175 176 178 181 184 183 183 185 188 187 186
 184 182 183 183 183 182 182 181 180 180 179 178 175 174 173 170 168 169
 170 170 169 167 164 165 165 165 165 164 164 164 165 164 161 162 163 166
 166  29]","[ 29  29 190 190 190 189 189 190 189 189 190 191 192 192 192 192 192 194
 195 195 194 192 189 190 188 190 191 192 191 190 190 189 189 190 190 191
 191 191 191 192 190 190 190 190 190 189 189 189 192 191 189 187 187 187
 187 187 186 184 185 187 187 188 188 187 186 186 187 186 183 183 186 188
 186 185 184 182 183 185 186 186 182 181 181 182 183 183 182 180 180 179
 178 177 178 179 179 178 174 173 172 173 174 174 172 170 168 168 167 167
 167 167 166 165 167 165 163 160 158 158 158 159 166 164 161 156 154 153
 151 148 147 147 146 146 146 143 139 138 144 147 146 145 150 154 155 156
 158 158 159 160 161 164 170 176 178 179 182 183 181 179 182 187 189 188
 185 184 185 186 185 184 182 182 182 180 179 178 176 175 175 173 171 171
 171 169 167 165 163 164 165 164 164 163 163 164 166 164 161 162 163 165
 166  29]","[ 29  29 190 190 191 191 190 190 188 190 192 193 193 193 192 192 191 194
 194 194 194 192 190 190 191 193 194 193 191 189 188 186 192 192 192 192
 192 192 192 192 189 189 189 189 189 189 191 193 194 193 191 188 187 187
 188 188 188 185 185 186 187 188 188 187 188 187 188 188 185 185 187 187
 187 185 183 182 184 186 188 188 184 183 183 183 184 184 182 180 180 179
 179 178 179 180 180 178 175 174 173 174 176 177 176 175 175 173 171 169
 169 170 169 169 168 166 163 162 162 162 161 160 163 163 161 157 154 153
 152 150 148 148 147 146 147 144 140 139 145 146 145 145 149 154 156 156
 157 159 160 160 163 169 174 176 178 179 181 182 180 178 180 184 189 188
 186 186 186 187 186 185 182 183 183 181 179 178 178 177 174 173 173 173
 173 171 169 168 168 167 167 166 165 165 165 165 166 164 162 163 164 166
 166  29]","[ 29  29 190 192 193 193 191 190 187 189 192 193 192 192 191 191 190 193
 194 194 194 191 188 188 191 193 193 192 190 190 191 190 193 193 193 192
 190 189 189 189 190 190 190 191 190 190 192 195 195 194 192 189 188 188
 189 190 190 187 187 187 187 188 188 187 187 186 187 188 186 186 187 186
 186 184 182 182 184 186 187 187 186 185 184 184 184 183 181 179 179 179
 179 179 179 180 179 178 178 177 176 176 178 179 178 177 179 177 174 171
 171 172 171 170 169 167 165 165 166 166 165 164 161 162 160 157 155 153
 153 153 151 150 147 145 146 145 144 144 146 146 146 146 150 155 158 157
 158 159 160 161 166 172 175 175 180 181 182 183 182 181 183 186 187 186
 186 185 186 186 185 184 181 183 184 182 179 179 179 179 175 174 174 174
 174 172 170 169 171 170 169 167 166 166 166 166 167 165 163 165 166 166
 166  29]","[ 29  28 189 190 192 193 192 192 188 188 189 190 190 190 191 191 189 193
 194 194 193 191 189 190 192 194 194 191 190 191 191 190 191 192 192 190
 187 185 186 187 190 191 192 193 192 190 191 193 194 194 193 190 188 187
 189 190 190 188 187 188 187 187 188 188 186 186 187 187 186 186 187 186
 186 184 182 183 185 186 186 186 186 185 184 184 183 182 180 179 179 179
 179 179 179 180 179 179 180 179 178 179 179 179 177 176 177 176 174 172
 172 172 171 169 170 168 167 167 168 168 167 166 164 163 161 159 156 154
 153 154 153 152 148 145 146 146 146 147 147 147 147 148 151 157 160 158
 159 160 161 164 168 173 175 176 179 179 180 181 182 183 185 185 185 185
 185 186 186 186 185 184 182 184 184 182 179 180 180 179 178 176 175 175
 174 173 171 170 171 171 170 169 167 166 166 167 168 166 165 167 167 166
 166  29]","[ 29  28 188 188 190 192 194 196 190 189 188 188 189 190 191 191 190 193
 194 193 193 192 192 194 189 191 192 191 191 191 191 189 190 191 191 189
 186 185 186 188 189 190 193 194 192 189 188 189 193 193 193 189 187 186
 187 188 189 186 186 186 186 187 188 188 188 187 188 188 186 187 188 187
 188 186 184 185 187 187 187 186 187 186 186 185 184 182 181 179 180 180
 180 179 179 179 180 179 180 179 179 179 179 178 175 173 174 174 174 173
 173 174 172 169 170 169 168 167 168 167 166 165 166 163 161 160 158 155
 155 156 154 154 150 146 146 146 145 145 146 147 149 150 152 157 161 159
 162 160 161 166 171 174 176 178 180 180 179 180 182 186 187 186 186 187
 187 187 188 188 187 186 186 187 186 182 181 181 180 178 179 177 175 175
 175 175 174 174 171 172 172 171 169 168 169 170 167 166 165 168 167 166
 165  29]","[ 29  29 190 188 188 190 191 192 187 188 188 188 189 191 190 187 189 193
 195 193 192 193 193 193 188 187 188 191 193 192 191 192 190 190 190 189
 187 187 188 190 188 187 187 189 191 190 189 188 191 193 193 189 187 187
 188 187 187 187 187 187 187 188 187 186 187 187 186 187 187 187 187 187
 189 185 184 186 187 186 186 186 187 185 184 183 184 183 181 179 178 179
 180 180 181 181 180 178 180 181 181 178 175 174 175 176 175 174 174 176
 179 180 176 170 168 169 169 170 169 168 167 166 165 163 161 162 163 162
 159 156 155 155 152 149 149 148 146 147 147 147 148 150 152 155 158 160
 161 163 166 167 169 173 176 178 178 180 180 180 181 185 188 188 187 187
 186 187 187 188 188 188 188 187 185 183 181 180 180 179 178 179 177 175
 175 176 175 172 172 171 170 169 170 171 169 167 168 164 162 165 166 164
 164  29]","[ 29  29 190 189 190 191 191 190 188 189 189 190 192 192 190 187 188 192
 194 194 193 194 194 194 191 190 190 191 191 190 190 190 189 189 189 189
 189 189 190 192 190 189 189 191 192 192 190 189 192 193 192 189 186 187
 188 188 186 186 185 186 188 190 190 189 189 188 187 186 186 186 187 187
 189 186 183 184 186 186 186 187 187 186 185 185 184 182 180 179 179 179
 179 180 181 182 181 180 180 181 182 179 177 176 177 178 175 175 175 176
 178 179 176 173 170 171 171 171 170 169 168 168 161 161 162 164 165 164
 160 157 153 154 153 151 151 149 146 146 147 147 149 151 153 155 157 160
 162 164 166 167 169 172 175 176 180 181 181 180 180 183 186 186 187 187
 186 186 187 187 187 187 187 187 186 184 181 180 180 179 179 179 177 175
 175 176 175 174 173 172 170 169 169 170 168 166 167 165 163 165 165 165
 164  28]","[ 29  29 190 191 193 193 190 188 188 188 189 192 193 192 189 187 186 189
 191 192 193 194 194 193 190 191 191 189 189 190 191 192 192 191 191 191
 190 190 190 190 190 190 190 191 193 193 192 191 190 191 191 189 187 187
 188 188 189 188 187 187 190 193 193 193 190 189 188 187 186 186 187 187
 187 184 182 184 186 186 186 187 188 188 188 187 185 183 181 180 180 180
 179 180 182 183 183 182 179 181 181 180 178 177 178 179 178 178 178 177
 177 178 177 175 172 173 173 172 171 170 169 169 165 166 166 167 167 165
 161 159 158 158 154 152 151 149 147 147 146 148 150 154 156 158 161 163
 165 166 167 168 170 173 176 176 179 180 180 179 180 183 186 187 188 187
 186 186 186 187 187 187 187 188 187 185 182 180 179 179 179 178 176 175
 174 174 175 175 173 172 170 168 169 170 170 169 168 167 165 166 166 166
 166  28]","[ 29  29 190 191 193 192 190 188 188 187 188 191 193 191 188 187 186 187
 188 189 191 193 193 193 190 191 190 188 188 190 192 193 194 193 191 191
 191 189 188 187 189 189 189 190 191 192 193 192 187 189 190 190 189 189
 188 187 189 188 187 186 187 189 190 190 189 189 189 189 188 187 186 186
 185 183 183 186 188 188 187 187 189 189 188 186 185 183 182 182 182 181
 180 180 182 183 183 182 178 180 180 179 178 178 178 179 180 181 180 178
 178 179 178 176 175 174 173 173 173 172 171 169 171 171 169 166 164 162
 161 161 163 162 158 153 151 149 147 147 147 148 151 155 157 159 162 165
 167 167 168 169 172 175 178 179 180 180 180 180 181 184 186 187 187 187
 186 186 187 187 188 188 187 188 188 186 183 181 179 179 179 178 176 176
 175 174 175 176 174 173 172 170 171 171 171 171 168 168 166 165 165 167
 167  29]","[ 29  28 190 190 191 190 188 188 188 187 188 190 191 190 188 189 189 189
 188 189 191 193 194 193 194 193 191 188 188 190 192 192 192 190 189 190
 191 190 189 188 189 189 189 188 189 192 193 193 191 190 189 189 190 190
 189 187 188 188 188 186 186 187 188 188 188 189 190 189 188 187 187 187
 186 184 184 187 189 188 187 188 189 187 184 183 182 182 182 182 183 181
 180 181 182 182 181 180 178 179 180 179 179 179 179 179 179 180 179 178
 179 180 178 176 175 174 173 174 175 175 173 171 171 169 166 163 161 160
 161 162 161 162 160 158 155 151 147 146 149 150 152 154 155 157 161 163
 168 167 167 169 172 175 178 180 181 181 181 180 181 182 184 185 186 186
 185 186 187 188 188 188 187 188 188 187 184 182 180 179 179 179 178 178
 177 176 176 177 176 175 174 173 172 171 171 171 170 169 166 164 164 167
 167  29]","[ 30  29 190 191 191 190 188 189 187 187 187 188 188 188 188 189 191 190
 189 190 191 192 193 193 192 192 190 189 189 191 192 192 193 191 190 190
 191 191 190 189 191 191 190 188 188 191 193 194 195 193 190 189 189 189
 188 187 189 189 189 187 187 188 189 189 189 189 188 188 187 187 187 188
 187 184 183 185 186 186 186 188 188 186 183 181 181 182 182 182 182 180
 180 182 183 181 179 178 180 181 180 180 179 179 179 179 178 178 178 178
 179 180 179 177 174 173 172 173 176 176 174 171 170 169 167 164 163 162
 161 161 160 161 159 157 156 153 150 150 151 151 152 154 156 159 163 167
 168 167 167 169 171 173 177 180 180 180 179 179 180 182 184 185 185 185
 185 186 187 188 188 188 188 188 188 187 186 184 182 180 179 179 180 179
 178 177 177 177 172 172 172 172 172 171 171 171 172 171 167 166 165 168
 167  29]","[ 30  29 190 191 192 190 188 187 187 188 188 186 186 186 188 188 190 189
 190 191 192 192 191 190 187 187 187 188 189 190 192 194 194 192 191 191
 191 191 190 190 191 192 190 188 187 190 193 194 194 192 189 189 189 188
 188 188 187 186 185 185 187 188 189 189 189 188 187 187 186 186 186 186
 185 183 182 183 184 184 185 187 187 186 185 183 182 182 182 182 181 180
 181 184 185 182 179 178 182 181 181 179 179 179 179 178 178 179 178 177
 177 179 179 178 174 173 172 172 174 174 172 170 172 171 170 169 168 166
 164 162 162 162 159 155 154 154 153 156 152 153 153 154 156 159 165 169
 169 168 169 171 172 174 177 180 178 178 178 179 180 182 184 187 186 186
 187 188 189 189 189 188 189 189 188 188 188 187 184 182 178 180 180 179
 178 179 178 177 169 169 170 171 171 170 171 172 172 170 168 169 169 170
 168  29]","[ 30  27 188 190 193 190 186 185 188 189 189 187 185 186 188 188 188 189
 190 193 193 192 189 188 183 183 186 188 188 187 190 193 193 191 190 190
 191 191 190 190 189 190 189 187 187 190 193 193 188 188 188 189 189 188
 188 189 188 187 185 185 188 191 192 190 187 187 187 187 187 186 184 183
 183 182 182 184 186 186 186 187 187 187 187 185 183 182 182 182 180 180
 183 187 187 184 181 180 182 182 180 179 178 178 178 177 179 179 177 175
 175 177 178 178 175 174 173 173 173 172 171 170 172 171 171 171 171 170
 167 164 162 163 161 158 157 155 154 155 154 154 153 153 154 156 161 165
 170 170 171 173 174 175 178 181 180 179 179 180 180 181 184 186 188 188
 189 190 190 190 190 189 190 189 188 188 189 189 186 182 179 181 181 179
 179 180 180 177 172 172 172 172 171 170 170 172 170 169 167 170 172 172
 169  29]","[ 29  29 188 189 190 189 190 189 191 192 190 187 186 186 187 189 189 192
 192 191 191 191 190 188 187 188 187 186 187 188 190 191 188 189 190 190
 189 188 189 190 190 190 190 188 187 188 189 190 189 188 187 188 189 190
 189 187 187 187 185 184 186 190 190 188 188 187 186 187 187 186 184 182
 182 182 183 186 187 187 186 186 187 188 186 183 182 183 183 182 180 185
 186 186 188 186 181 180 181 181 181 181 180 179 179 179 179 179 178 176
 175 176 177 177 176 176 175 173 172 171 171 171 172 172 172 172 170 169
 167 166 163 163 161 159 157 157 157 157 153 155 155 153 154 158 161 162
 166 170 174 175 175 176 178 180 181 181 181 182 182 183 185 188 188 189
 189 189 189 190 190 189 188 188 188 188 188 188 185 182 180 179 179 179
 179 179 178 177 173 172 172 173 174 173 171 170 171 171 172 173 171 172
 170  30]","[ 29  29 188 189 190 188 189 188 188 189 188 186 186 187 188 191 190 192
 192 190 189 190 190 189 188 188 187 186 186 188 190 190 188 188 188 188
 187 187 188 189 189 189 188 187 187 188 189 188 187 187 186 187 188 188
 188 187 185 185 185 184 186 188 189 188 187 187 186 187 188 187 186 185
 184 183 184 185 186 187 187 188 186 187 185 181 181 183 183 180 179 183
 183 182 184 182 179 179 180 180 180 180 179 179 179 179 178 178 178 177
 177 178 177 176 175 175 175 173 172 172 172 172 172 172 172 171 170 168
 166 165 164 164 162 161 159 159 158 157 157 155 155 156 158 160 161 163
 168 171 174 175 175 177 178 179 180 180 181 182 183 184 187 189 188 189
 189 188 188 189 189 189 187 188 188 187 186 185 183 181 179 179 179 180
 180 179 177 175 174 174 174 175 176 175 174 173 172 172 172 172 170 171
 170  29]","[ 29  29 187 188 189 188 189 188 188 189 187 185 187 188 189 190 191 192
 192 189 187 188 189 189 189 189 188 188 188 189 190 191 190 189 188 188
 187 187 188 189 189 188 188 187 188 189 188 187 187 187 187 187 187 188
 188 188 186 187 187 185 185 187 187 187 187 187 187 188 188 187 187 186
 186 185 184 184 185 185 187 189 187 187 184 180 180 183 182 179 179 181
 180 179 180 180 179 180 179 180 180 179 178 178 178 179 179 178 177 177
 178 179 178 177 176 176 175 173 173 173 172 172 172 171 170 169 169 167
 166 165 166 164 162 161 160 159 158 157 157 154 154 158 159 157 159 163
 169 172 174 175 176 178 179 179 178 179 181 181 182 183 186 188 187 188
 187 187 187 188 188 188 187 188 189 187 186 185 183 181 180 180 179 180
 180 179 178 176 176 175 174 174 175 175 173 172 172 173 173 171 168 170
 169  28]","[ 30  29 188 188 190 188 190 188 191 191 188 186 188 188 187 188 190 190
 189 187 186 187 187 188 190 189 189 188 188 189 190 192 192 190 188 188
 188 188 189 190 188 189 188 188 188 189 188 186 188 188 188 188 187 187
 187 187 187 187 186 184 184 186 187 186 187 188 189 189 188 187 186 186
 187 186 184 184 183 184 185 187 188 186 182 180 181 181 180 178 178 179
 179 179 179 179 180 180 179 180 180 179 178 178 178 179 179 179 177 176
 176 177 179 179 178 177 175 173 172 172 172 171 172 171 169 168 168 168
 168 167 166 164 161 160 160 160 160 160 156 155 156 159 158 155 157 163
 168 170 172 173 175 178 179 179 177 179 180 180 180 182 184 186 187 187
 187 186 186 187 188 188 188 189 189 187 187 186 185 183 182 181 179 179
 179 180 180 180 179 177 174 173 173 172 171 171 171 174 174 171 168 171
 171  29]","[ 30  29 189 189 190 189 191 190 193 193 189 187 188 188 186 186 187 186
 186 185 186 187 188 187 189 188 187 187 187 187 188 190 191 189 187 187
 187 187 187 187 187 188 189 188 188 188 187 187 186 186 186 186 186 186
 186 186 186 184 183 182 183 185 186 187 187 189 190 189 188 187 186 185
 185 185 184 184 183 183 184 186 186 182 180 181 181 179 178 178 178 179
 180 181 180 179 179 178 179 179 180 179 178 177 178 179 178 179 178 176
 175 176 178 179 178 178 176 173 172 172 171 171 173 171 169 168 168 169
 169 169 166 163 161 161 162 162 161 161 158 158 159 161 161 160 161 163
 166 168 171 173 175 178 179 179 178 179 180 180 181 182 184 185 186 187
 188 187 187 188 188 188 189 188 187 186 187 187 186 183 182 181 179 179
 179 180 180 180 180 178 177 177 176 174 172 171 172 174 175 173 171 173
 172  30]","[ 30  29 189 189 190 190 191 190 191 191 188 186 188 188 186 186 185 185
 185 186 187 188 188 188 189 188 187 187 186 186 186 188 189 188 186 186
 186 186 186 186 185 186 187 187 186 186 187 187 184 183 183 184 185 186
 186 186 187 185 182 181 182 183 184 185 186 189 190 189 188 188 187 185
 183 183 183 184 184 183 184 184 183 180 179 182 182 179 178 179 180 179
 183 184 182 179 179 177 178 179 179 178 176 176 177 178 177 179 179 177
 175 174 175 176 177 177 177 175 173 172 172 171 172 170 168 167 167 167
 168 168 164 162 161 162 163 162 160 160 159 158 157 159 162 164 163 161
 166 169 172 173 175 177 178 178 178 179 180 179 180 182 184 183 184 186
 187 187 187 187 187 187 189 188 186 185 186 187 185 181 181 180 179 179
 179 179 177 176 176 177 178 179 179 176 173 172 172 174 175 174 172 173
 172  29]","[ 30  29 187 188 190 189 190 189 189 189 187 186 188 188 187 187 186 187
 187 188 188 188 188 189 189 188 187 188 188 187 188 190 190 188 187 187
 186 186 186 186 186 186 186 185 185 185 186 185 183 181 181 182 185 187
 186 186 187 185 184 183 182 182 182 183 185 187 187 186 185 186 186 184
 182 182 182 183 183 182 181 181 180 181 182 183 182 180 179 179 180 179
 183 185 181 179 179 178 178 178 178 177 176 175 176 178 178 179 179 177
 175 174 173 173 175 177 178 177 175 173 172 172 171 170 169 168 167 167
 167 167 165 163 162 163 163 161 159 159 159 157 157 159 161 163 162 161
 166 170 174 175 176 177 179 179 179 180 179 177 179 181 182 181 182 185
 187 188 188 187 187 186 187 187 186 186 187 187 185 182 181 180 180 180
 180 179 177 176 176 177 179 179 178 175 173 173 174 174 174 175 173 173
 171  29]","[ 30  29 187 188 189 188 189 188 188 188 186 186 188 188 187 187 189 190
 191 191 189 187 187 189 188 187 187 188 189 188 189 192 190 189 188 187
 187 186 187 188 189 188 186 184 184 185 185 184 182 180 179 181 184 186
 186 184 182 182 183 183 183 182 182 184 185 186 185 183 183 184 184 182
 182 182 182 182 182 181 179 178 178 182 184 182 180 180 179 176 180 178
 181 183 179 178 179 178 178 179 179 178 176 175 176 178 180 180 178 176
 174 173 173 172 174 177 179 178 176 174 172 171 172 172 172 171 170 169
 169 169 169 165 163 162 162 160 160 161 160 160 162 163 162 161 162 165
 166 171 176 177 177 178 180 181 181 180 179 177 178 181 181 179 182 185
 189 190 189 188 187 187 186 187 188 188 188 188 186 184 183 182 180 180
 180 180 180 179 180 180 180 179 176 174 174 175 175 174 174 176 175 175
 172  31]","[ 31  29 186 186 188 188 191 192 193 191 188 187 188 190 189 188 186 190
 192 191 190 189 189 189 187 187 187 187 189 190 190 189 190 190 189 188
 187 187 188 188 187 187 186 185 184 185 186 185 183 182 181 180 181 184
 185 186 183 182 181 183 184 184 183 181 180 184 187 187 185 182 182 183
 185 183 182 182 181 179 179 179 179 181 183 183 182 181 180 179 178 180
 181 180 178 178 178 179 178 175 175 177 179 178 177 178 179 179 179 178
 175 174 174 175 175 177 178 176 174 172 172 172 172 173 173 172 170 168
 167 167 166 167 166 164 163 163 162 161 162 160 160 162 164 163 163 163
 167 172 176 178 178 179 179 179 179 180 180 180 180 178 178 181 183 185
 186 187 188 189 189 188 188 186 187 187 186 187 186 184 183 182 180 179
 178 179 180 181 180 181 180 178 176 175 174 173 172 176 175 176 174 175
 174  30]","[ 31  29 188 189 190 189 190 189 192 190 189 188 189 190 189 188 186 189
 190 190 189 190 191 191 188 188 187 188 189 189 188 186 185 187 188 188
 188 187 187 186 186 185 184 183 183 183 184 185 184 183 181 181 183 185
 185 185 184 183 182 182 183 183 181 180 182 184 187 187 185 183 182 183
 183 182 181 181 181 179 179 180 180 182 183 183 182 181 180 179 181 179
 178 180 180 179 177 176 180 178 178 180 180 179 178 179 179 179 179 178
 176 175 175 176 176 177 177 176 175 174 173 172 173 173 173 172 169 166
 165 164 170 169 167 166 165 164 162 161 160 158 158 161 163 162 162 161
 166 171 177 179 179 179 179 179 180 181 180 179 178 178 180 184 185 186
 187 188 189 189 189 187 187 186 188 190 188 187 187 187 185 183 182 180
 179 179 180 180 180 181 181 178 176 176 176 175 174 177 175 175 173 174
 173  29]","[ 29  28 187 188 190 188 189 187 190 189 189 189 189 189 188 188 186 187
 188 187 188 189 191 191 188 188 188 188 189 189 187 184 184 187 189 190
 190 189 188 187 186 184 182 182 182 182 183 184 187 185 184 183 185 186
 186 185 185 184 183 183 182 182 181 180 184 184 185 185 184 181 180 181
 181 181 181 181 181 180 179 180 180 181 182 182 181 180 180 180 180 178
 179 181 180 176 174 175 175 175 176 178 178 177 178 179 179 179 179 177
 175 175 175 176 176 175 174 173 174 174 173 171 171 172 172 171 169 167
 166 166 172 169 166 166 166 164 162 161 159 158 157 159 160 161 162 162
 164 170 177 179 179 178 179 179 179 182 181 179 179 180 182 185 185 186
 186 188 189 190 189 187 186 185 188 190 188 185 185 187 185 184 182 180
 178 178 179 180 180 180 179 177 176 176 176 176 175 177 175 175 173 173
 172  28]","[ 29  28 185 185 187 187 188 187 188 188 188 188 188 187 187 187 187 187
 186 186 187 188 188 188 187 188 188 188 188 188 186 184 184 186 188 188
 187 187 187 187 186 183 182 182 183 182 183 185 188 187 186 184 185 185
 185 184 183 183 183 182 181 181 181 182 185 182 181 182 181 179 178 179
 179 180 181 182 182 181 180 179 179 180 181 180 179 180 180 180 179 179
 180 179 177 175 174 175 174 175 176 178 179 178 179 179 179 179 179 177
 175 173 173 174 176 174 172 170 171 172 173 172 171 171 171 170 169 169
 168 168 170 167 164 165 165 162 161 161 161 159 157 157 158 160 162 162
 161 168 175 179 179 177 177 177 178 181 181 180 182 182 182 183 183 183
 184 186 189 190 189 187 186 185 186 187 184 182 183 184 183 183 181 179
 178 177 178 179 180 178 177 176 176 177 176 175 175 176 174 175 173 173
 172  28]","[ 29  28 185 184 186 186 188 187 187 187 187 187 187 186 186 187 188 187
 186 186 187 187 187 186 187 188 189 188 187 186 185 185 186 187 188 187
 187 187 187 187 185 182 181 183 184 183 184 186 186 187 186 184 183 182
 182 182 181 182 182 181 180 181 182 183 184 181 179 179 179 178 178 179
 178 180 182 183 183 182 180 179 180 180 181 180 179 180 180 179 181 181
 178 176 177 179 177 173 177 176 176 178 179 179 178 178 178 178 179 177
 175 173 172 172 175 174 173 171 171 172 173 172 172 172 170 169 168 168
 167 167 168 165 164 165 164 161 160 161 162 161 159 159 159 160 161 162
 161 167 174 179 179 177 176 176 178 180 180 180 182 182 180 179 181 181
 181 183 187 189 188 186 186 186 185 183 180 182 183 182 181 181 180 179
 178 178 179 179 180 178 176 177 178 178 177 175 175 176 174 175 173 173
 172  29]","[ 29  29 187 187 187 186 187 185 187 186 186 187 187 186 186 188 188 186
 186 187 189 189 187 186 187 188 189 187 185 185 185 185 187 188 189 189
 188 188 188 187 182 181 180 183 184 184 185 185 184 186 186 185 182 181
 182 182 182 182 183 182 181 181 182 183 183 181 180 179 179 180 180 180
 178 180 182 183 184 183 181 179 182 182 182 182 182 182 181 179 181 182
 180 177 176 179 179 177 175 175 175 177 179 179 178 177 176 177 178 177
 176 174 173 172 173 174 174 174 173 173 172 171 172 171 170 169 169 169
 169 168 168 167 166 166 165 162 160 161 160 162 163 162 162 161 161 161
 162 167 173 178 180 178 177 177 179 179 178 178 181 180 178 178 180 180
 180 182 185 188 187 186 187 187 186 182 181 184 186 183 181 181 180 180
 180 180 180 179 179 177 176 177 179 178 176 174 177 177 174 175 173 173
 172  28]","[ 31  29 188 188 188 186 187 185 186 185 185 187 187 186 186 187 187 186
 186 188 190 190 188 187 188 188 187 185 185 185 186 186 185 185 185 184
 184 184 184 182 181 181 182 183 184 185 184 183 182 185 186 186 184 183
 182 182 183 183 183 182 181 181 182 182 183 184 183 181 180 181 182 180
 179 180 181 182 183 184 183 181 182 182 183 183 184 184 182 180 178 181
 182 179 177 178 180 180 176 176 177 178 180 180 179 178 175 176 176 176
 175 174 173 172 172 173 173 173 173 173 171 169 170 169 169 170 171 172
 171 170 168 167 167 166 165 163 161 159 157 161 163 163 161 161 162 162
 163 166 172 178 180 180 178 178 180 179 178 180 181 178 177 179 181 181
 180 181 184 187 187 187 186 186 186 185 184 186 187 185 181 181 181 181
 181 181 179 178 177 176 177 178 178 177 175 175 178 177 173 174 172 172
 171  29]","[ 31  30 188 187 187 186 187 187 185 184 184 186 187 185 185 186 187 185
 185 188 190 190 188 187 188 187 185 184 185 186 187 187 187 186 184 182
 182 182 182 181 182 183 183 183 184 184 182 180 181 183 185 186 186 185
 183 181 182 182 182 181 180 180 180 181 184 186 186 182 181 182 181 178
 179 179 179 180 183 185 184 182 179 180 180 182 184 184 182 179 179 179
 179 179 180 180 179 179 177 178 179 178 177 177 175 174 174 175 175 175
 174 173 172 172 174 173 172 171 172 173 172 170 169 168 169 170 172 172
 171 169 167 167 166 165 165 164 161 158 155 158 160 159 158 159 161 162
 163 165 170 177 181 181 179 179 179 179 179 182 183 178 177 180 182 181
 181 182 184 187 188 188 186 185 187 187 185 185 186 186 182 181 181 181
 182 181 178 177 177 177 179 180 178 176 176 177 179 177 172 173 171 171
 172  30]","[ 30  29 186 188 188 188 187 186 187 187 186 185 184 185 185 185 187 184
 181 183 186 187 187 187 187 187 186 183 183 185 186 186 185 184 184 184
 183 182 182 182 183 183 183 182 181 181 182 183 183 184 185 185 186 186
 184 181 180 179 180 181 181 180 179 179 181 181 182 184 183 182 179 175
 177 179 180 180 181 183 183 181 179 175 176 182 184 181 180 182 179 176
 175 178 180 179 180 182 177 177 178 179 178 176 175 175 175 174 173 173
 172 172 172 173 173 173 172 172 173 173 171 169 167 169 170 169 168 168
 168 167 163 163 163 164 165 164 163 161 159 159 158 157 157 160 161 161
 161 163 167 174 179 179 179 179 179 181 181 181 181 179 178 180 181 182
 181 179 183 188 189 186 186 182 184 187 186 186 186 182 183 182 181 180
 180 181 179 177 178 179 180 179 179 178 178 178 178 177 172 171 169 168
 168  29]","[ 29  29 186 188 187 188 188 188 190 189 186 184 183 184 186 187 187 185
 183 183 185 186 186 185 184 185 183 181 181 183 187 188 187 185 184 184
 183 182 183 185 186 185 184 182 181 180 180 181 183 183 183 183 183 184
 183 181 180 180 180 181 181 180 180 180 179 178 180 182 182 182 182 179
 178 179 180 180 181 182 182 181 182 179 179 183 183 180 178 179 178 175
 174 177 179 179 179 179 176 176 177 177 177 175 173 173 174 174 174 174
 173 172 172 173 171 172 171 170 170 171 170 169 169 170 171 170 170 171
 171 170 164 163 163 162 162 162 162 162 160 160 159 158 158 159 160 160
 161 165 169 173 176 177 179 180 181 182 181 180 179 177 176 177 182 182
 181 180 183 187 188 186 186 183 185 187 186 186 186 182 184 184 182 181
 180 181 180 179 180 179 179 178 179 179 179 179 178 176 172 172 173 172
 169  29]","[ 29  29 186 187 186 187 188 189 187 188 187 186 185 185 185 186 187 186
 184 182 184 186 187 186 183 184 185 183 183 184 188 190 193 191 188 187
 186 186 187 189 186 185 183 182 180 180 180 181 182 182 181 180 181 182
 182 181 181 180 180 180 180 180 180 180 180 179 179 179 179 180 181 180
 181 180 180 181 182 181 181 182 182 181 181 182 181 178 176 176 178 176
 175 176 179 180 178 176 174 174 175 177 177 176 174 173 173 173 174 175
 174 173 172 173 171 172 172 170 169 169 170 170 171 172 171 169 168 168
 168 167 166 166 164 163 161 161 162 163 160 161 161 159 158 159 160 160
 161 164 167 170 173 178 180 179 179 180 178 177 178 177 176 178 181 181
 180 180 182 185 186 186 187 185 185 186 185 186 186 183 185 185 184 182
 180 180 180 180 180 179 177 176 177 177 177 177 176 175 173 173 173 171
 167  29]","[ 28  29 186 186 183 184 186 187 185 186 187 187 186 186 186 186 188 188
 186 182 182 185 186 185 183 185 187 187 186 185 186 186 185 183 181 181
 181 181 182 183 182 183 182 181 180 179 180 181 182 181 180 179 180 181
 181 181 181 180 179 179 180 179 180 181 183 180 179 179 178 179 181 180
 182 180 179 180 180 179 179 180 179 180 181 180 179 179 178 178 179 179
 177 177 179 180 178 174 174 174 174 176 177 176 174 173 173 173 173 174
 173 172 172 172 171 172 172 171 169 169 170 171 173 173 171 169 167 167
 166 165 169 168 166 164 162 162 162 162 160 160 160 159 159 159 160 161
 161 160 162 167 175 180 180 179 178 178 176 176 177 177 178 180 180 179
 179 180 181 182 183 185 187 185 184 184 185 186 186 184 184 185 184 182
 180 180 180 180 180 179 177 176 176 175 175 174 172 175 175 172 167 162
 160  29]","[ 29  29 184 184 181 181 183 184 187 187 187 185 185 186 189 190 190 190
 187 182 180 182 183 183 183 184 185 186 186 184 182 181 181 180 180 182
 183 183 183 184 182 183 183 182 180 179 179 179 181 181 180 180 180 181
 181 181 181 180 179 179 179 179 180 181 182 180 179 179 179 180 182 182
 181 179 178 179 179 177 177 179 178 180 181 179 179 180 181 180 179 180
 179 177 177 179 178 176 175 174 175 176 176 174 172 170 173 172 172 173
 172 171 171 172 171 171 171 171 171 170 170 170 173 173 172 170 169 170
 170 170 167 166 165 164 163 163 161 160 160 159 159 158 158 159 161 162
 161 158 160 168 176 179 179 179 179 179 176 175 176 176 177 179 179 178
 178 179 180 180 182 184 186 185 182 181 184 185 184 182 182 183 183 182
 180 179 179 179 179 180 180 179 177 175 174 174 173 174 173 166 160 155
 154  28]","[ 29  28 184 183 180 180 181 181 185 186 186 186 185 186 188 188 187 186
 184 181 180 182 183 183 184 184 184 185 184 183 182 183 182 181 181 183
 183 182 180 180 181 182 183 183 182 181 180 180 181 180 180 181 181 180
 180 181 180 180 179 179 179 178 179 181 182 181 181 181 180 181 182 182
 181 180 180 180 179 178 178 179 179 180 180 179 179 180 181 180 178 179
 179 177 177 178 178 177 174 174 174 175 176 175 174 173 173 172 172 172
 171 170 171 172 171 170 171 172 173 172 171 171 173 173 171 170 170 171
 171 170 165 164 163 164 164 164 162 160 161 159 158 158 159 159 161 162
 161 160 163 171 176 175 176 180 178 177 175 174 175 175 176 179 179 179
 179 180 180 180 182 183 186 186 182 180 182 183 181 180 181 182 182 181
 180 179 179 179 178 179 180 179 178 176 175 175 177 173 167 159 156 154
 153  29]","[ 30  28 183 182 180 181 181 181 181 183 186 187 187 187 186 185 183 182
 182 181 182 183 184 184 185 184 184 185 184 183 185 186 186 184 182 183
 183 181 180 180 180 180 180 182 184 185 184 183 180 180 180 181 181 180
 180 180 180 180 179 179 179 178 179 181 184 182 182 182 180 181 182 181
 181 182 183 182 180 179 180 181 181 181 180 180 180 181 180 179 179 179
 179 178 177 177 177 178 173 173 174 175 176 176 176 176 173 172 172 172
 171 170 171 172 172 171 171 173 173 172 171 171 172 171 170 168 167 168
 167 166 165 165 164 164 164 164 163 162 162 160 159 159 160 160 160 161
 161 160 164 170 173 174 176 179 175 175 173 173 174 174 176 180 179 180
 180 179 180 181 182 183 185 188 185 181 182 182 180 181 181 181 180 180
 180 180 180 179 179 179 179 178 177 175 174 174 174 166 158 150 151 152
 151  29]","[ 30  28 182 182 181 182 182 181 181 183 184 185 186 188 188 187 183 182
 182 183 183 182 182 183 182 183 184 185 184 183 185 187 185 182 181 181
 182 182 182 183 181 179 178 180 184 186 184 182 180 179 180 181 181 179
 179 180 180 180 180 180 179 179 179 181 183 181 182 182 181 181 183 182
 180 183 184 182 179 179 180 181 181 181 180 181 183 183 181 179 181 181
 180 179 178 177 177 177 174 174 174 175 175 174 174 175 173 173 172 172
 171 171 171 172 172 172 172 172 172 170 169 170 170 170 168 166 166 166
 166 164 166 166 165 164 163 163 163 163 164 161 160 160 161 160 159 160
 160 159 161 166 172 176 178 178 176 176 175 173 174 174 176 180 179 180
 180 179 179 181 182 182 185 189 188 183 182 182 181 184 182 181 180 179
 180 181 181 180 181 179 178 176 176 175 174 173 165 158 150 143 145 148
 148  29]","[ 30  29 185 183 183 181 181 180 180 180 183 187 188 187 186 187 185 184
 185 186 186 184 183 183 182 186 188 185 182 183 185 186 185 183 181 182
 183 182 182 183 181 179 180 181 182 181 181 183 181 179 177 178 180 180
 178 176 180 180 180 180 180 179 179 180 182 183 182 182 182 183 182 181
 182 184 184 181 180 180 180 180 180 180 180 181 180 178 179 180 181 182
 182 180 178 177 176 174 176 175 174 174 174 173 172 172 172 173 175 174
 172 170 170 171 171 172 171 170 168 167 168 168 167 167 167 167 167 167
 166 165 165 165 164 162 162 162 163 162 159 160 160 160 158 157 158 159
 157 160 161 165 172 174 172 174 176 174 173 174 175 175 177 180 179 179
 180 180 179 181 183 181 184 184 182 180 181 182 183 185 181 180 180 181
 182 181 180 180 179 181 180 176 174 175 170 160 152 153 149 145 143 145
 147  29]","[ 28  29 187 186 186 183 183 182 181 182 184 186 186 187 186 184 182 184
 185 184 183 184 184 184 185 185 185 185 186 185 184 183 183 181 179 180
 181 181 182 183 185 183 181 180 180 179 180 181 180 179 178 178 179 179
 179 179 179 179 179 180 180 179 179 179 181 181 181 180 179 179 180 180
 180 181 181 179 178 179 179 179 180 180 180 178 178 178 179 179 179 180
 180 179 178 177 176 176 175 175 174 175 175 173 171 170 171 171 173 173
 172 170 169 170 169 170 171 171 169 168 166 166 166 167 167 167 166 166
 166 166 167 167 166 164 163 163 163 163 162 162 161 159 158 157 159 160
 159 162 162 166 172 173 173 175 175 175 176 176 176 178 179 180 176 177
 178 179 178 181 184 183 184 184 182 181 182 182 181 182 179 179 180 181
 181 180 179 179 182 177 177 180 173 160 152 149 146 147 144 142 141 145
 147  29]","[ 29  30 188 188 187 185 186 185 184 186 187 185 185 185 184 182 181 184
 185 182 180 182 184 183 186 183 182 185 186 184 183 183 182 180 179 179
 179 180 181 182 183 183 181 179 179 180 181 182 179 179 179 179 179 179
 180 181 179 179 180 180 180 180 179 178 179 179 179 179 178 178 179 180
 180 180 179 178 179 180 180 180 179 179 177 174 174 177 178 177 178 178
 179 179 178 176 177 178 175 175 175 177 177 175 173 171 171 172 173 174
 173 171 170 170 170 171 173 173 171 169 168 167 167 167 168 167 166 166
 167 168 167 167 166 164 162 161 162 162 162 162 161 159 158 158 159 160
 160 162 162 164 169 172 173 175 174 177 178 177 177 178 178 177 175 176
 179 180 179 182 186 186 185 185 183 182 184 183 181 180 182 180 179 179
 180 180 179 178 180 179 179 174 161 148 144 145 145 146 143 143 143 146
 147  29]","[ 30  30 187 186 186 185 187 187 188 189 189 187 185 184 182 180 183 185
 185 182 180 180 181 181 182 182 183 183 182 181 182 185 182 181 180 180
 180 180 181 181 180 181 182 180 180 182 182 180 178 180 181 181 180 180
 179 179 179 179 179 179 180 180 179 178 178 178 178 179 179 179 180 181
 180 179 178 178 180 181 181 181 178 177 175 173 174 176 177 177 179 179
 179 179 178 177 178 180 175 174 174 175 176 176 174 174 172 173 175 175
 174 172 171 171 173 173 174 173 171 171 171 171 169 169 168 167 167 167
 168 168 167 168 167 164 162 160 160 160 160 161 161 161 161 160 160 160
 159 160 160 162 166 171 175 177 177 179 180 178 177 176 176 174 176 177
 179 180 179 181 184 185 183 184 183 183 184 183 181 181 184 181 179 178
 178 179 180 181 180 179 173 159 147 145 147 147 146 147 146 146 145 147
 147  29]","[ 30  28 186 184 185 185 188 188 190 189 189 188 186 183 181 182 185 185
 184 184 182 180 179 179 179 183 184 183 182 182 183 184 181 181 181 181
 180 180 181 181 182 183 183 181 181 182 181 178 179 180 179 178 178 178
 177 176 177 177 177 177 177 179 179 178 177 176 176 178 180 180 180 180
 179 178 177 178 179 180 180 180 178 175 174 175 177 177 177 179 180 179
 179 178 177 176 177 179 174 173 172 172 173 173 174 175 173 175 176 176
 174 171 171 172 173 173 173 172 171 171 171 172 170 169 167 167 168 168
 169 168 167 168 168 166 164 162 161 160 161 161 162 162 162 162 162 161
 159 159 160 162 165 171 177 179 179 178 179 179 178 176 175 175 175 176
 178 178 176 176 179 180 181 183 183 182 183 182 182 184 182 181 180 179
 178 178 179 181 179 166 154 149 146 145 146 147 144 146 145 146 145 146
 147  29]","[ 29  28 186 186 188 187 189 187 189 188 188 189 187 183 182 184 185 183
 182 183 182 180 178 178 180 183 184 184 185 185 183 180 180 181 182 181
 181 181 181 181 184 183 181 181 182 183 182 181 180 179 177 175 175 176
 175 174 176 176 175 174 176 179 180 179 177 176 177 179 179 178 178 178
 179 178 178 178 179 178 178 178 178 174 173 177 178 176 176 178 179 179
 178 177 176 176 177 177 175 174 172 171 171 172 174 176 175 176 177 176
 174 171 171 172 170 171 172 172 172 171 171 172 170 168 166 166 168 169
 169 168 165 166 167 165 164 163 162 161 163 162 161 160 160 161 161 161
 159 159 160 161 163 170 177 178 177 176 176 178 178 176 176 177 176 176
 177 177 174 174 176 178 181 183 183 182 183 183 183 186 183 180 178 179
 182 180 176 172 162 151 145 147 148 147 146 145 145 146 145 146 145 146
 146  30]","[ 30  29 188 187 188 186 187 186 187 187 188 188 186 184 183 183 182 182
 182 182 182 181 180 179 180 180 181 183 184 184 182 179 180 182 182 181
 181 181 182 182 183 180 178 179 182 183 184 183 180 180 178 176 175 177
 176 175 176 176 174 173 175 178 180 179 179 178 179 180 178 176 176 178
 180 179 180 180 179 177 176 177 177 174 174 176 177 176 175 176 177 178
 177 175 175 178 177 175 176 176 176 175 174 174 176 178 177 177 176 176
 174 172 172 172 168 169 171 172 171 171 171 171 170 169 167 167 167 168
 168 167 165 166 165 164 163 162 162 161 163 161 159 159 159 159 158 158
 159 158 160 160 160 167 174 175 175 175 175 177 178 178 177 176 176 175
 176 176 174 174 177 179 182 183 183 182 182 183 183 185 183 179 177 178
 179 174 164 155 146 146 146 145 145 147 148 145 147 146 143 144 144 145
 146  29]","[ 29  29 188 186 185 183 184 184 185 188 189 186 184 184 183 181 182 184
 184 182 181 183 182 180 178 177 178 180 181 179 180 182 181 183 184 182
 181 181 182 182 183 179 177 179 182 183 182 182 179 181 182 180 179 179
 178 176 176 176 174 172 174 177 178 176 178 178 179 180 177 174 175 179
 180 180 180 180 178 175 175 176 177 176 176 176 176 176 175 175 175 178
 177 175 175 179 179 175 176 177 178 178 177 176 178 180 178 176 175 175
 174 173 172 171 167 168 169 170 169 170 171 172 171 170 169 168 167 167
 167 166 168 168 166 164 163 163 163 163 161 160 159 159 160 159 157 156
 158 158 160 159 159 166 173 173 174 176 177 178 179 180 177 174 174 172
 173 173 172 173 177 180 182 182 181 180 181 181 181 182 179 180 180 177
 170 160 150 145 148 146 145 143 142 144 146 145 146 143 138 140 142 145
 146  29]","[ 28  31 180 177 183 186 181 183 188 188 187 187 185 183 182 182 182 184
 184 183 182 183 182 179 177 179 182 180 178 179 182 181 182 183 183 181
 180 184 186 183 183 180 180 180 181 182 183 182 182 182 180 179 179 180
 179 177 175 176 178 179 176 174 175 176 178 179 179 176 175 176 176 174
 180 179 179 180 179 177 175 175 177 175 174 175 177 177 176 175 177 176
 177 177 176 175 175 176 177 177 178 178 178 176 177 179 178 174 172 174
 174 172 171 173 172 169 168 171 173 172 171 170 170 170 170 169 168 167
 166 166 166 167 167 165 162 161 161 162 161 157 156 159 160 158 156 155
 159 159 160 159 159 164 173 177 174 175 176 177 179 181 180 177 174 173
 172 174 174 175 177 180 182 181 182 182 180 179 180 180 177 182 181 169
 157 151 148 147 145 145 142 142 145 143 139 138 137 138 139 142 142 144
 145  29]","[ 29  28 176 175 185 190 186 185 186 186 186 186 184 183 182 182 182 183
 184 184 185 185 184 182 181 181 182 181 179 182 184 183 182 181 181 180
 180 183 184 182 179 178 179 180 180 181 182 181 181 180 179 180 180 178
 176 176 177 178 180 180 175 173 175 176 177 179 178 176 175 177 177 176
 177 177 178 179 179 178 177 177 177 175 174 174 174 174 174 175 176 176
 176 176 175 175 175 175 173 174 175 175 173 172 172 174 176 173 171 172
 172 171 170 172 171 169 168 170 171 170 170 169 170 170 170 171 171 169
 167 165 165 167 167 164 161 160 162 163 161 158 157 159 160 158 156 157
 159 159 159 156 156 163 171 173 173 174 173 173 174 176 178 178 175 174
 174 177 179 179 179 181 184 181 181 181 180 178 178 177 179 176 167 154
 146 145 146 147 146 145 143 142 144 144 141 140 139 141 142 145 145 146
 146  29]","[ 30  29 180 179 185 188 185 185 184 184 184 184 183 182 182 183 182 181
 182 185 186 186 184 183 182 182 182 182 182 184 186 183 182 180 179 179
 179 181 181 179 175 176 179 180 179 179 180 180 181 179 179 181 180 176
 174 176 178 179 181 179 173 172 175 177 178 179 179 176 175 175 176 175
 175 175 176 175 175 175 176 177 177 175 174 173 173 173 174 176 176 175
 175 174 174 174 174 173 172 173 174 174 172 170 171 174 174 172 171 172
 171 170 169 170 170 169 168 169 169 167 167 167 167 167 169 171 172 170
 166 162 165 166 167 164 161 161 162 164 162 159 159 160 160 158 157 159
 159 159 158 154 154 162 170 170 169 172 175 176 176 176 176 175 174 173
 174 177 179 180 180 181 182 179 179 179 176 174 175 176 165 159 150 144
 144 147 149 149 146 144 143 142 142 143 143 142 141 142 143 146 145 146
 146  29]","[ 29  31 186 185 187 186 182 182 183 182 182 182 182 182 182 183 181 180
 181 184 186 185 184 183 181 181 182 183 184 186 186 184 183 180 179 180
 180 180 180 177 174 175 179 180 177 177 179 179 181 180 180 181 179 176
 174 175 176 177 179 177 172 172 175 176 177 178 178 176 174 175 175 176
 176 175 174 172 171 172 174 176 176 174 173 172 173 174 175 176 176 175
 174 173 173 173 173 173 172 173 175 175 173 173 173 175 173 172 172 173
 172 170 169 169 169 169 169 169 167 165 164 165 164 165 167 169 169 168
 164 162 165 165 165 163 161 161 162 162 160 159 159 160 159 158 158 160
 158 158 157 155 155 161 169 171 168 172 177 179 180 178 175 174 173 172
 172 173 175 176 178 180 179 178 179 181 178 174 171 168 154 149 146 145
 146 146 145 144 146 143 143 142 140 142 145 143 141 141 141 143 143 144
 145  29]","[ 29  30 186 186 188 187 183 181 184 183 181 181 181 181 182 183 182 181
 181 184 185 184 183 182 181 180 182 183 183 185 187 186 184 181 181 182
 181 181 180 177 174 175 178 178 176 176 179 179 181 181 181 179 177 176
 175 175 175 175 176 175 172 173 175 174 174 175 176 175 175 175 176 177
 176 177 176 173 171 172 174 176 175 173 171 172 173 174 174 174 175 174
 173 172 172 174 174 174 172 173 173 174 174 174 174 174 173 172 173 174
 172 170 168 168 168 168 169 169 167 164 163 164 166 166 167 167 167 166
 165 165 165 164 163 162 161 161 161 160 157 157 159 160 159 158 158 159
 158 157 158 159 158 160 168 174 173 174 175 177 178 177 177 176 174 174
 174 174 173 174 177 180 178 178 180 182 177 168 156 146 146 145 144 144
 143 142 142 143 146 143 143 143 141 143 145 144 141 142 141 143 143 144
 145  30]","[ 28  30 187 187 185 184 183 184 185 183 182 181 181 181 182 183 182 181
 180 182 183 182 182 181 181 180 180 181 180 182 186 186 183 181 181 181
 180 180 180 178 175 175 176 176 175 176 179 180 179 180 179 176 174 175
 175 174 176 175 175 175 174 175 176 174 174 175 176 175 175 174 175 175
 173 175 177 175 173 173 174 175 175 173 172 173 174 174 173 172 172 173
 172 171 172 174 175 174 173 173 174 173 174 174 174 173 172 172 172 173
 172 170 168 167 167 167 169 169 167 164 164 165 167 168 167 167 166 166
 166 167 165 165 163 162 162 162 161 160 158 158 159 160 160 159 159 159
 160 158 160 162 160 160 167 175 176 174 173 175 176 177 176 176 176 177
 178 177 175 175 177 179 181 182 182 175 162 151 143 136 138 139 141 142
 142 142 145 148 146 144 143 143 142 142 144 143 143 145 145 147 146 146
 146  29]","[ 28  30 188 187 181 179 181 185 185 183 182 182 182 181 182 182 181 181
 180 179 180 182 182 182 181 179 179 179 179 181 183 183 181 181 182 180
 178 181 183 181 178 176 176 176 176 177 180 179 177 176 175 174 174 173
 174 174 176 175 176 175 174 176 177 175 175 175 176 176 175 174 173 173
 172 176 177 175 172 173 174 175 176 174 174 174 174 173 172 171 169 171
 172 171 171 173 173 172 172 174 174 174 174 174 174 173 172 171 171 171
 171 171 170 169 167 168 169 168 166 164 164 166 168 167 166 166 166 166
 165 165 164 164 164 164 163 163 162 160 160 159 159 160 160 160 159 159
 160 158 159 161 159 160 167 174 175 173 173 175 176 175 174 174 175 177
 178 176 174 174 175 177 181 181 176 162 148 143 143 141 137 139 140 141
 142 144 145 146 145 145 142 141 142 142 141 142 145 146 146 147 146 146
 146  29]","[ 29  29 185 185 182 182 182 182 184 183 182 182 182 182 182 182 181 182
 181 179 180 183 184 184 181 179 179 181 181 181 181 180 181 182 183 180
 178 182 186 185 181 178 177 177 177 179 180 179 176 173 173 174 174 172
 173 176 175 175 176 174 174 177 178 176 173 173 174 176 176 176 175 175
 176 179 179 175 172 173 176 177 174 174 174 174 173 172 171 170 166 169
 171 170 170 170 170 168 170 172 174 173 172 173 174 173 172 171 170 170
 171 171 171 170 169 169 169 168 165 163 164 166 167 166 166 166 166 166
 164 163 161 163 164 163 162 161 161 160 160 159 159 159 159 159 159 158
 158 157 157 157 156 160 166 171 174 172 171 172 173 173 173 173 173 174
 173 171 170 171 172 173 172 168 159 147 141 144 144 139 139 138 138 139
 142 145 147 146 146 146 143 141 143 142 140 142 146 146 145 145 144 145
 145  29]","[ 30  29 182 185 184 181 181 181 183 182 181 182 182 181 180 180 181 180
 179 177 177 178 179 181 180 180 179 179 179 180 181 181 182 182 181 180
 179 179 179 179 179 179 177 174 174 175 175 175 176 174 175 177 174 169
 168 172 176 176 174 173 175 177 177 175 172 174 176 176 176 176 175 175
 179 179 177 174 173 176 176 175 174 173 173 174 174 172 170 169 169 169
 169 171 171 171 171 172 173 172 170 171 172 172 173 173 171 171 170 169
 170 170 171 173 172 170 169 169 168 168 167 167 167 166 166 166 165 163
 162 161 162 162 163 164 163 162 160 159 160 159 160 161 160 159 159 158
 158 157 159 156 157 160 161 170 173 172 174 173 173 177 169 172 172 173
 171 171 170 171 173 168 160 151 145 147 147 143 140 141 138 140 140 138
 140 143 144 143 144 145 146 145 143 142 142 142 146 146 147 146 145 144
 142  29]","[ 30  29 181 184 185 182 180 179 184 182 180 180 181 181 181 182 184 183
 182 180 179 178 179 179 179 179 179 179 180 180 181 180 180 180 180 179
 179 179 179 179 180 179 177 174 174 175 174 173 173 173 174 174 173 172
 173 175 178 176 173 172 174 175 174 171 171 174 176 177 176 175 175 176
 176 177 176 174 174 176 177 175 172 172 173 175 175 173 172 172 171 170
 171 173 174 173 172 172 174 173 172 173 173 173 172 172 171 172 170 169
 170 169 169 170 170 169 168 168 169 168 167 166 166 166 166 165 164 162
 161 161 159 161 163 166 166 164 162 161 162 160 159 159 157 158 160 160
 159 161 162 159 158 158 161 168 169 174 171 154 146 158 162 169 174 174
 171 172 172 170 164 153 145 142 141 143 144 142 140 140 138 140 140 138
 139 141 141 139 139 143 146 147 145 143 142 142 146 146 146 146 146 145
 143  30]","[ 29  30 185 187 186 183 182 182 186 183 180 180 181 182 183 183 184 184
 183 182 181 180 179 180 178 179 179 179 180 180 180 178 178 179 180 179
 179 180 180 180 180 178 176 175 174 174 173 171 172 174 174 171 171 174
 177 178 180 176 173 174 176 175 172 169 170 173 176 176 175 174 174 175
 176 177 176 174 174 175 174 173 171 172 174 174 173 172 171 171 171 171
 171 174 174 173 172 172 174 173 173 174 174 173 171 171 170 171 170 170
 171 170 169 169 168 167 166 168 169 169 167 166 166 166 166 165 164 162
 162 162 160 162 165 166 165 163 161 160 159 159 162 162 160 159 160 160
 159 162 160 159 158 159 164 167 174 158 134 109  96 104 110 123 145 157
 168 168 156 145 144 141 140 141 143 144 143 141 139 138 140 141 141 140
 140 142 140 137 135 140 144 146 145 143 143 144 146 145 144 145 146 146
 143  30]","[ 27  30 186 188 187 184 184 185 185 183 181 181 181 181 181 182 182 182
 182 181 180 180 179 179 179 179 178 178 179 180 179 177 176 178 179 179
 179 179 180 180 179 178 177 176 175 174 173 172 173 174 173 171 170 173
 176 176 180 176 174 176 178 176 172 170 170 172 174 175 174 173 174 175
 176 176 176 174 174 174 173 171 172 172 173 174 173 171 171 171 171 171
 172 174 174 172 172 173 174 173 172 173 173 172 171 171 170 171 171 170
 171 170 167 167 166 165 165 166 167 167 166 165 167 167 167 166 164 163
 163 163 162 163 164 163 162 161 160 160 163 162 161 158 154 153 154 154
 155 159 158 161 160 158 158 152 120  99  80  77  79  83  80  89 110 123
 136 139 131 127 133 137 137 140 141 140 139 139 140 140 141 141 141 140
 141 143 142 139 135 138 141 142 142 141 142 143 143 143 143 144 145 145
 142  29]","[ 30  29 181 184 186 186 184 181 181 181 182 182 181 179 179 179 180 180
 180 180 179 178 179 179 179 178 177 176 177 178 177 175 174 176 178 178
 178 179 179 180 179 179 178 177 176 174 173 173 174 173 173 172 172 172
 174 176 178 175 174 175 175 174 172 172 172 173 174 174 174 175 175 175
 176 175 174 174 174 174 174 173 172 172 172 173 173 172 172 173 171 172
 173 174 173 172 173 175 175 173 172 171 171 171 171 171 172 172 171 171
 171 168 165 164 166 166 166 166 165 164 164 164 166 167 167 166 164 163
 163 163 162 163 163 161 160 161 162 162 160 160 161 159 156 156 156 154
 152 155 157 164 160 144 126 105  90  87  85  91  96  98  89  87  87  91
  94  97  99 106 119 124 136 138 140 139 138 137 138 138 140 140 140 140
 141 142 143 142 139 139 140 141 141 140 140 140 139 141 142 144 144 143
 141  29]","[ 30  29 180 181 183 183 182 180 178 180 183 183 181 179 178 178 176 177
 178 178 178 179 180 181 179 177 175 174 176 177 176 174 174 176 178 178
 178 178 180 180 179 178 178 178 177 175 174 173 175 173 174 175 175 174
 175 177 179 176 173 172 171 171 172 174 173 173 172 173 174 174 175 175
 177 176 175 174 174 174 174 173 172 171 170 170 170 170 170 171 172 173
 174 175 173 172 173 176 175 173 172 170 169 169 169 170 171 172 171 171
 171 170 167 166 168 168 167 167 166 164 164 164 166 167 167 167 165 164
 163 163 162 164 164 162 161 162 162 162 161 160 160 158 156 156 155 151
 152 155 155 144 119  98  91  86  88  95  97 100 102 105 101  99  96  96
  93  90  88  93 103 104 111 117 128 138 141 140 140 141 139 141 142 142
 142 143 144 145 144 142 142 143 143 141 139 139 138 140 142 144 144 143
 142  30]","[ 29  30 182 181 180 179 180 180 178 180 181 182 180 178 177 177 175 176
 177 177 178 179 180 180 179 177 174 174 176 178 177 175 174 176 177 177
 176 176 177 178 177 175 174 175 176 175 173 173 174 174 174 176 176 175
 175 176 177 176 173 170 169 170 171 171 172 172 172 172 172 173 173 173
 178 176 175 174 173 172 171 171 172 171 171 171 169 168 169 170 173 173
 174 175 174 172 172 174 174 173 171 170 169 168 168 169 171 171 170 170
 171 170 168 168 168 166 166 167 167 166 165 165 166 167 167 167 166 165
 164 163 164 165 164 161 160 161 161 160 162 160 157 156 158 161 162 158
 155 134 116 100  88  88  91  92  93 101 103 107 107 110 108 110 111 109
 102  96  93  93  93  84  75  82  98 116 126 129 135 142 136 139 143 143
 142 141 142 144 144 142 142 143 143 140 139 139 139 140 141 143 143 143
 142  29]","[ 29  29 179 179 179 180 180 178 179 179 179 179 178 176 175 175 177 178
 178 178 177 176 176 176 179 177 175 175 177 179 179 177 174 176 176 175
 173 173 173 174 173 170 169 172 175 175 173 172 173 173 174 174 174 173
 173 173 174 174 172 170 170 171 170 168 171 172 173 173 172 172 173 174
 175 174 173 173 172 172 171 171 171 172 174 174 172 171 173 175 174 173
 174 175 175 173 172 172 173 172 172 172 171 169 169 169 172 171 169 168
 169 168 165 165 164 162 162 164 167 167 165 164 165 165 166 166 166 164
 163 161 163 163 162 159 158 160 161 159 159 159 159 159 155 148 135 122
 118 101  97  95  95 102 104 106 103 112 111 110 108 112 114 114 114 116
 112 104  97  98  98  92  81  80  84  92  96  98 110 124 131 135 140 142
 140 138 139 140 140 139 138 140 139 138 138 140 142 141 141 142 142 143
 141  27]","[ 29  29 179 175 173 177 175 179 177 174 176 179 177 170 170 176 179 176
 175 176 176 174 174 176 178 177 174 173 174 177 178 176 175 175 175 176
 176 175 174 173 171 168 167 169 173 175 173 171 171 174 175 174 173 173
 174 174 170 173 171 169 172 173 171 172 170 172 175 174 171 171 172 172
 174 174 173 172 171 171 171 172 170 171 173 174 172 169 171 175 175 172
 169 167 167 170 172 170 172 171 173 173 168 162 162 166 167 167 168 168
 166 164 164 166 164 160 158 162 165 166 165 166 166 165 165 165 165 164
 163 162 160 159 162 162 159 158 159 156 156 150 149 146 130 118 113 103
  93  94  96  98 102 108 114 117 116 121 119 115 113 115 117 113 118 115
 113 111 109 107 105 105  92  87  85  88  89  84  84  89  94 108 126 134
 133 134 138 140 139 140 137 136 140 141 140 143 144 144 143 141 139 139
 139  28]","[ 28  27 170 167 168 170 167 168 168 168 170 171 168 165 167 171 173 171
 170 171 171 169 170 173 173 172 171 171 172 173 172 170 171 172 173 174
 173 172 170 168 168 166 166 166 166 167 168 169 168 169 170 170 171 172
 171 170 167 168 167 168 174 175 170 167 169 168 168 167 165 168 171 172
 167 168 170 170 169 167 167 168 167 168 170 172 172 170 169 170 167 166
 165 164 165 168 170 169 167 169 173 176 173 167 164 165 166 166 167 167
 165 162 162 164 165 162 162 164 165 162 161 161 161 162 161 161 162 162
 162 161 160 160 162 162 158 156 156 157 147 136 125 123 116 103  99  98
 103 106 110 111 113 115 117 118 121 124 122 120 121 125 127 124 119 118
 115 114 113 113 111 111 109 103  96  94  96  91  84  80  72  74  83  95
 100 106 119 132 132 138 141 139 140 142 141 140 140 143 145 144 140 139
 140  31]","[ 29  27 162 161 165 163 160 160 162 166 168 165 162 163 165 167 168 168
 168 169 167 166 166 169 168 167 166 166 167 168 167 165 165 167 169 168
 166 165 164 162 163 162 161 160 161 162 164 166 162 161 161 164 167 169
 167 164 160 162 162 165 168 166 163 162 164 163 164 164 163 165 166 164
 160 162 164 165 164 163 163 163 165 165 166 166 165 164 162 160 160 160
 160 160 161 164 166 165 162 164 167 170 170 167 164 162 159 160 161 162
 161 160 161 162 161 162 164 166 164 160 158 159 158 160 160 158 159 162
 162 161 156 159 159 158 158 155 143 132 126 119 105 104 106  96  92  99
 104 109 115 118 119 120 122 123 123 126 125 125 128 132 134 130 119 118
 115 113 113 113 112 109 109 109 106 103 104 102  97  93  94  85  83  86
  85  84  92 102 115 126 137 137 136 140 144 143 143 143 142 141 140 139
 139  28]","[ 30  29 159 159 165 161 159 159 162 166 168 165 163 164 165 165 166 168
 170 169 167 164 164 165 165 164 163 162 162 164 165 165 164 164 165 165
 163 161 160 162 163 160 158 159 161 162 163 163 163 161 159 160 162 162
 159 155 158 158 158 160 160 159 158 160 161 161 163 163 162 161 160 156
 159 159 160 159 159 159 160 161 162 162 161 159 158 159 157 154 159 158
 158 157 156 159 161 160 158 158 158 157 157 158 159 158 154 154 155 157
 158 159 159 159 157 159 161 161 156 150 148 149 152 154 154 152 153 156
 157 155 155 156 154 154 156 147 128 115 112 111 100  96  98  95  97 104
 107 111 117 120 122 124 126 127 127 130 129 130 133 134 135 131 122 121
 118 115 114 115 112 107 106 111 113 110 108 107 105 105 107 101  98  97
  94  93  95  97  97  98 104 113 123 137 147 147 143 141 138 137 137 139
 140  30]","[ 29  30 159 160 164 159 160 161 162 164 166 166 165 164 163 162 164 167
 169 167 164 162 163 164 165 164 162 162 162 163 164 165 166 164 165 167
 165 160 160 163 165 163 162 162 163 163 162 161 163 161 159 160 161 161
 160 158 163 158 156 158 160 160 159 158 163 162 162 160 157 157 159 158
 161 160 158 158 158 159 160 160 157 159 160 158 158 160 160 158 160 158
 157 155 153 155 157 156 155 155 153 150 150 152 154 155 155 154 153 154
 156 158 157 156 153 155 157 157 152 147 146 147 149 151 151 149 149 151
 151 148 147 146 142 141 136 124 115 117 117 111 101  96  95  97 106 112
 114 117 119 121 121 123 123 124 127 129 127 128 129 130 132 130 125 124
 122 119 118 118 114 108 111 113 112 111 111 109 107 106 111 108 106 102
  99  99 100  97  96  88  87  91  96 106 122 132 138 139 139 137 135 136
 138  30]","[ 28  30 162 161 163 159 162 162 162 163 165 166 165 164 162 161 163 166
 166 163 160 161 163 165 165 164 164 164 163 163 163 163 166 164 164 167
 166 161 159 161 162 163 164 164 163 162 162 163 162 161 160 161 162 163
 163 164 163 159 159 161 161 161 161 160 162 161 161 159 156 157 160 161
 162 161 160 159 160 160 159 159 157 160 161 161 162 163 163 160 158 157
 156 154 152 154 155 154 153 154 154 152 152 152 153 154 155 153 152 152
 155 157 157 155 152 154 155 155 153 151 152 153 151 153 153 151 149 150
 149 147 146 146 140 128 119 115 115 117 111 102  96  99  98 101 112 117
 118 119 121 122 122 122 121 121 124 124 122 122 123 125 130 130 126 125
 124 123 123 122 118 113 115 113 111 111 113 112 109 110 109 107 107 106
 103 103 103 102 101  95  92  90  86  86  97 109 127 129 131 133 133 135
 137  27]","[ 29  28 164 162 163 162 164 162 163 165 165 165 164 163 163 161 162 165
 165 161 159 161 165 166 163 163 164 165 164 162 161 162 164 163 163 164
 164 163 162 160 160 161 162 163 164 163 164 165 166 164 163 162 161 161
 161 162 161 161 164 164 161 162 164 162 161 162 163 163 160 161 162 162
 163 162 162 161 160 160 159 159 159 161 162 162 163 163 161 159 157 156
 157 156 154 155 156 153 154 154 155 155 155 154 154 154 154 154 153 152
 154 156 158 157 155 154 153 152 152 151 151 151 153 153 152 150 149 148
 148 147 145 142 131 116 108 109 107  99  95  94  96 102 105 108 116 118
 123 125 126 125 123 122 122 121 122 122 119 120 123 125 131 133 131 130
 129 129 129 127 123 120 119 119 116 115 114 113 112 114 112 111 111 111
 109 108 108 107 105 100  95  96 101 103 103 102 106 107 110 116 123 131
 137  29]","[ 30  27 164 163 163 165 165 161 162 165 166 162 160 162 162 161 161 165
 166 163 161 163 165 166 162 162 163 163 163 161 161 163 165 165 163 161
 163 167 167 164 165 162 161 163 165 166 165 164 164 162 162 162 163 163
 164 166 166 163 164 164 163 167 167 163 164 164 165 164 162 163 164 163
 163 163 162 161 159 158 160 161 161 160 159 160 161 162 161 159 158 159
 160 159 158 158 157 154 155 154 153 154 155 154 154 155 157 158 157 154
 154 155 157 158 156 154 152 152 153 154 154 154 155 154 153 152 150 149
 149 149 149 134 122 115 107 100  96  91  94 105 110 111 113 117 123 124
 128 130 129 125 120 116 115 115 118 118 116 119 122 124 129 130 134 132
 130 131 130 127 123 120 121 122 120 117 117 117 116 117 116 117 117 114
 113 117 119 116 115 118 112 104 105 107 105 103  95  97  98 101 106 117
 130  28]","[ 30  29 160 163 166 168 166 162 163 163 164 165 166 165 163 162 165 165
 166 166 164 163 162 161 161 163 164 164 164 164 164 163 164 165 165 163
 161 162 164 165 164 163 162 164 166 165 164 164 164 163 163 163 164 164
 165 167 166 163 162 164 166 165 162 160 161 163 164 164 163 162 162 162
 165 163 161 161 162 162 161 161 159 158 156 155 158 162 162 159 158 161
 162 159 158 158 157 154 153 154 155 154 152 152 155 159 160 159 157 154
 153 155 155 155 155 155 154 152 151 152 153 154 154 153 154 154 153 152
 152 150 151 138 114 108 100  96  97 100 110 115 113 119 121 129 132 132
 131 131 121 116 113 109 107 102 107 110 115 116 120 125 126 127 133 135
 135 132 129 129 126 122 122 122 121 121 122 122 121 119 122 121 118 115
 113 114 116 116 115 117 117 113 109 108 106 104 101  99 102 101  96 102
 105  29]","[ 28  29 162 165 167 169 168 165 165 163 161 163 167 167 164 161 163 163
 164 165 163 163 163 162 164 164 165 165 166 165 164 162 163 164 164 162
 161 162 163 164 166 164 164 165 165 164 164 164 164 162 162 163 165 166
 167 167 165 162 159 159 161 162 162 162 162 162 163 164 163 163 162 161
 164 164 165 165 164 162 161 161 162 160 158 157 158 161 161 158 161 162
 161 158 157 157 157 156 156 157 158 157 155 154 156 158 159 159 158 155
 154 155 156 156 156 154 153 152 151 152 153 154 155 154 155 155 154 154
 154 152 155 141 112  98  97  99 102 110 119 122 125 128 132 133 134 130
 128 128 114 104 103 106 104  95  97 108 113 109 113 120 122 125 132 136
 138 134 131 130 128 126 121 122 123 122 121 121 122 122 120 119 117 114
 113 115 116 117 117 118 117 113 110 109 108 107 104 102 103 102  97 101
 104  29]","[ 28  30 164 166 167 168 168 166 166 163 161 163 166 168 165 162 162 161
 163 163 162 162 164 164 165 165 165 166 167 167 164 162 162 163 163 162
 161 161 162 163 164 163 163 164 165 165 166 167 165 163 162 163 164 165
 164 163 163 161 158 157 158 160 162 163 162 161 161 162 163 163 161 160
 159 161 164 166 164 162 162 163 161 160 159 160 163 167 167 165 163 162
 161 159 157 156 156 156 157 158 159 158 156 155 155 155 156 156 156 155
 154 155 156 156 155 154 152 150 150 151 152 153 154 154 155 155 153 154
 153 150 155 140 112  92  99 105 108 118 120 123 129 132 137 131 130 124
 118 117 104  94  95 102 104  96  98 106 103  94 102 117 120 123 130 134
 137 136 134 132 129 126 122 124 124 122 119 119 121 123 119 118 115 113
 113 115 117 117 118 117 116 114 113 112 112 112 112 110 109 109 105 103
 104  31]","[ 29  31 165 165 164 165 166 166 164 165 165 165 165 165 165 164 163 162
 162 162 162 163 164 163 164 164 165 166 167 167 164 162 162 162 162 162
 162 161 161 162 161 162 162 163 164 165 166 167 164 163 162 162 163 162
 160 159 160 160 160 159 159 160 161 162 162 161 160 160 162 162 161 160
 156 158 161 163 163 161 161 163 162 161 160 160 162 163 162 160 162 162
 162 162 159 155 154 155 156 157 157 157 156 155 155 154 154 153 153 152
 153 154 155 155 155 155 153 152 150 150 151 152 151 152 154 153 151 151
 150 146 145 130 114  97 105 111 113 118 123 123 123 124 127 123 124 122
 124 109  90  80  79  83  85  82  84  84  80  75  88 111 122 124 128 132
 136 137 137 135 129 123 127 127 125 122 119 118 120 121 119 117 115 113
 113 115 116 116 117 115 115 115 115 115 114 115 115 115 112 112 108 103
 101  27]","[ 29  31 164 164 162 163 165 166 165 166 167 167 166 164 164 164 164 162
 162 163 164 165 165 163 163 165 166 166 166 166 164 163 161 161 161 162
 162 161 162 163 162 162 163 162 162 162 163 163 160 160 161 162 162 161
 160 160 159 161 162 161 160 161 161 161 162 161 160 160 161 161 162 161
 160 159 160 161 160 158 158 160 163 162 161 161 162 162 159 156 161 161
 163 163 159 155 153 155 158 158 157 156 156 157 156 155 154 152 150 150
 152 153 155 155 157 158 158 155 153 151 151 152 152 153 153 150 148 149
 149 144 132 118 114 106 110 114 116 116 122 124 123 126 123 118 114 111
 113  87  64  59  66  76  79  77  65  60  62  66  77 100 117 122 126 130
 134 136 137 135 131 126 131 128 124 121 120 121 121 120 120 118 116 114
 115 115 115 114 117 115 115 116 117 116 116 116 115 115 110 111 109 104
 102  27]","[ 29  29 162 162 162 164 167 168 167 167 167 167 167 166 163 161 163 161
 162 163 164 165 166 163 165 166 166 166 165 165 164 163 163 162 162 162
 162 162 163 165 163 163 163 162 162 162 162 162 159 160 162 163 161 160
 160 161 160 162 162 161 160 161 162 162 162 162 161 161 161 162 162 163
 162 160 159 159 158 155 156 159 161 161 161 163 166 166 164 162 161 161
 161 161 158 155 155 157 160 159 157 155 156 157 157 156 156 154 151 151
 153 154 155 156 158 159 159 157 154 153 152 153 154 153 151 147 146 149
 147 140 123 114 114 113 112 116 120 117 118 123 122 125 117 110 101  95
  87  70  58  54  61  73  74  68  65  53  54  61  71  89 107 118 125 129
 133 133 132 132 131 130 130 126 121 119 120 122 122 121 121 118 116 116
 117 117 116 115 117 117 118 118 118 118 116 115 116 117 111 112 111 111
 111  30]","[ 29  29 161 161 162 165 167 168 168 167 166 167 168 166 163 159 160 160
 162 163 163 164 165 164 166 166 165 164 164 164 164 164 165 164 163 162
 161 160 161 165 164 163 162 160 161 163 164 163 161 161 162 162 160 158
 159 160 161 162 162 160 160 163 163 163 162 161 160 161 161 162 162 162
 161 158 158 158 157 154 155 159 161 159 159 161 163 163 162 160 159 159
 158 158 159 158 157 157 159 159 156 154 154 157 157 156 156 154 154 154
 154 153 154 155 157 157 156 156 154 154 153 153 154 152 148 144 145 148
 141 129 118 117 115 116 114 117 119 115 115 117 112 108 101  96  94  90
  81  78  82  82  83  91  90  83  73  60  53  56  66  79  97 119 126 128
 130 131 131 131 130 128 126 123 119 117 118 121 122 122 120 118 117 118
 120 120 119 118 118 120 120 120 120 120 119 117 116 118 114 115 114 117
 117  29]","[ 29  29 160 161 162 165 166 165 167 167 167 167 167 165 162 160 159 160
 162 163 161 161 164 165 165 164 163 162 163 165 165 164 167 164 162 161
 158 156 158 161 165 164 161 159 159 161 162 162 161 161 161 160 159 158
 159 161 161 162 162 161 162 164 164 163 161 160 159 160 162 162 161 160
 161 159 159 159 157 153 154 159 160 158 157 159 161 161 160 159 157 157
 156 158 160 161 159 156 158 158 156 153 154 157 157 156 154 154 155 155
 154 152 152 154 155 154 153 154 154 155 154 154 153 150 146 145 147 148
 136 118 113 122 116 116 115 117 114 110 103 106 106 100  96  90  90  85
  89  89  99 100  99 103 101  95  86  79  67  62  67  70  87 122 130 129
 128 130 133 133 129 124 124 122 119 117 117 119 122 122 119 117 117 120
 122 123 121 121 119 121 122 121 121 122 121 119 119 123 120 122 121 124
 122  28]","[ 30  28 163 160 162 162 162 162 164 164 165 164 163 161 160 159 158 160
 163 164 163 161 161 161 162 162 162 162 164 164 164 162 162 163 162 159
 158 159 160 160 162 163 162 160 161 163 164 164 161 161 160 159 158 158
 159 159 163 162 162 162 163 164 164 163 158 160 163 162 160 158 159 161
 162 160 159 158 156 154 154 157 158 159 160 161 160 159 158 158 155 154
 155 158 159 158 157 157 157 155 153 153 155 156 156 155 154 155 155 153
 151 151 152 152 153 153 152 150 151 153 154 153 152 149 147 145 147 139
 119 109 114 114 116 116 117 117 109 103  97  94  97  98  96  97  98 101
 105 107 104 105 105 104 107 105 103  87  74  64  69  67  78 107 128 129
 128 129 134 133 127 126 123 121 120 118 114 113 115 117 117 117 117 117
 119 122 123 121 122 123 122 121 120 122 123 123 125 125 127 126 125 124
 127  28]","[ 29  29 165 163 164 163 162 161 162 165 168 168 164 161 160 160 156 158
 161 163 164 164 163 163 160 161 162 163 163 164 162 161 161 163 163 161
 161 162 162 161 161 163 164 163 162 163 163 163 159 159 159 158 158 158
 159 160 161 162 163 163 164 164 162 160 160 161 162 161 159 158 159 161
 161 160 159 159 158 156 156 158 160 160 160 160 159 158 157 157 155 154
 154 156 158 158 158 159 159 158 156 154 154 154 154 154 154 153 152 152
 153 154 153 152 151 152 151 150 151 153 154 153 149 145 146 147 141 124
 111 113 113 114 115 113 113 113 103  94  91  96 100 102 101 102 107 112
 110 113 110 107 106 106 110 107 102  92  81  71  66  65  75 105 124 127
 128 130 134 132 128 128 125 123 122 119 114 113 116 117 117 115 114 116
 119 121 123 125 124 124 123 121 122 124 126 126 125 126 129 129 129 128
 130  29]","[ 28  29 166 164 165 163 162 162 161 164 168 168 166 162 161 160 158 159
 161 163 165 164 163 161 158 160 161 162 162 162 161 159 159 162 163 162
 162 163 162 160 159 161 163 163 162 162 162 162 161 161 161 160 159 159
 159 159 160 163 164 163 163 162 161 159 162 161 160 158 158 158 158 159
 159 159 159 160 159 157 157 159 160 160 160 159 158 157 157 157 156 155
 155 156 157 158 159 160 158 157 155 154 152 153 154 155 153 154 154 152
 151 150 151 151 150 152 152 151 151 152 151 149 145 146 144 135 123 114
 110 115 118 114 113 112 110 103  90  82  91 100 101 105 108 109 115 118
 114 115 109 103 103 109 115 112 103  93  82  76  74  81  83  96 122 126
 129 131 131 129 126 127 126 125 123 120 114 113 116 118 117 115 115 118
 121 123 125 128 127 126 124 123 124 127 129 129 128 129 130 130 131 131
 132  30]","[ 29  29 165 162 162 162 162 163 162 162 163 165 166 165 163 161 163 162
 161 163 164 164 162 160 160 161 162 161 161 161 160 159 158 159 161 162
 162 162 161 160 161 161 162 161 160 160 160 160 162 162 163 162 161 160
 160 160 162 161 161 160 160 160 159 159 163 161 158 157 157 157 157 156
 157 157 158 159 158 157 156 157 157 158 158 158 158 158 158 158 156 156
 157 157 157 157 157 157 155 155 153 151 150 150 153 155 153 153 152 150
 148 148 148 148 149 151 152 151 151 151 149 146 146 144 135 118 110 113
 115 118 123 115 114 113 104  91  84  89 111 115 104 104 113 116 120 118
 112 110 103  98 100 104 105 101 100  97  95  90  90 104 110 116 124 126
 128 128 127 124 122 123 125 124 123 121 115 113 115 116 117 117 118 121
 123 125 126 127 127 128 126 125 126 128 130 130 132 131 129 128 129 130
 131  29]","[ 29  29 164 161 161 161 162 162 163 162 161 162 163 164 164 164 163 162
 160 161 163 164 163 162 161 162 161 161 161 162 162 162 160 158 159 162
 163 160 160 162 164 163 162 161 160 159 157 156 159 160 161 162 162 162
 161 161 161 158 156 159 160 158 159 161 163 161 159 158 158 158 157 156
 157 157 158 158 157 156 155 155 154 155 157 158 158 158 157 157 155 155
 156 156 155 155 155 155 155 154 152 150 148 148 151 153 153 150 146 145
 148 151 150 147 147 149 150 150 151 151 149 146 147 133 122 115 112 113
 116 123 119 113 112 106  95  88  98 117 137 134 113 107 115 117 119 114
 111 104  97  93  94  98 102 105 107  99  99  95 101 114 123 129 126 125
 124 125 123 121 121 121 121 121 122 120 116 113 115 115 118 120 122 121
 122 125 125 124 125 127 127 126 125 126 128 128 131 130 129 127 130 131
 132  29]","[ 28  28 164 162 162 161 161 161 162 162 162 161 159 159 162 164 163 162
 160 161 163 164 163 162 161 161 160 159 160 162 163 164 162 159 158 161
 162 159 160 163 162 161 161 162 162 160 158 156 160 161 162 162 162 161
 161 161 160 158 158 161 162 161 161 162 163 162 161 160 159 159 158 157
 159 159 159 158 157 157 156 155 153 155 157 158 158 157 156 155 154 155
 155 154 153 154 156 157 154 153 151 149 149 150 151 152 154 151 148 147
 150 153 152 150 149 151 152 151 151 151 148 145 137 122 116 116 114 112
 112 116 113 108 104  95  93 103 119 135 142 140 125 118 118 114 110 102
 104  98  95  92  91  93 101 112 115  95  92  97 116 127 130 129 127 122
 121 123 122 122 122 121 118 118 119 119 116 115 116 117 120 124 125 122
 122 125 126 124 123 125 126 124 122 123 125 126 127 127 128 128 132 134
 134  29]","[ 28  28 164 162 163 162 161 161 161 162 163 161 158 157 159 161 162 162
 162 163 164 164 162 160 160 160 159 159 160 161 162 162 162 160 159 159
 159 159 160 161 159 158 159 162 163 162 160 160 162 163 163 163 162 160
 160 159 162 162 163 163 162 162 162 163 163 162 161 159 158 158 159 160
 161 161 160 159 158 158 157 157 154 155 157 158 157 156 154 153 153 155
 156 154 153 154 156 157 153 152 150 150 152 153 152 151 153 153 153 152
 151 152 151 151 151 152 152 150 149 148 145 141 125 117 116 115 112 111
 107 104 105 102  99  97 106 124 134 138 137 138 136 131 124 115 105  97
  97  95  98  97  92  88  89  97  99  88  86  91 110 128 130 132 128 122
 120 123 122 121 121 119 115 114 114 115 113 114 117 118 122 125 128 127
 127 128 128 126 124 125 124 121 120 121 123 124 124 125 126 127 132 134
 134  29]","[ 29  28 163 161 162 162 162 161 162 162 162 161 160 159 158 158 159 160
 162 164 165 165 162 160 161 161 160 160 161 162 162 161 163 163 160 158
 158 160 161 160 162 161 161 162 162 161 161 163 161 162 163 162 162 161
 160 160 163 167 167 162 159 161 162 161 163 162 161 158 156 156 159 162
 162 162 160 159 158 158 158 158 154 156 157 158 157 155 154 153 153 155
 157 155 154 154 154 154 155 153 151 152 153 153 150 147 151 151 151 152
 153 153 151 148 148 149 149 147 145 145 142 139 122 116 115 114 111 110
 104  97  96  97 102 109 122 135 139 140 140 140 142 137 128 120 110 105
 105  99  98  95  91  89  89  96 101  97  89  85  98 126 131 131 130 123
 121 123 121 119 118 115 111 109 109 109 109 111 116 118 121 124 129 132
 132 130 128 127 127 126 123 120 119 121 123 124 124 124 125 125 129 132
 133  28]","[ 28  30 162 163 162 161 160 161 162 163 163 162 159 157 158 160 160 159
 160 164 165 164 162 162 162 160 158 157 158 160 161 161 162 162 161 160
 159 159 160 161 159 161 162 162 161 161 162 162 162 161 159 158 159 160
 161 161 164 164 162 159 158 159 161 161 162 162 161 159 158 158 159 160
 162 160 160 161 160 157 156 157 158 157 155 155 157 157 155 153 154 154
 154 154 154 154 154 154 155 153 152 152 153 154 151 147 148 148 150 152
 153 151 148 146 142 143 143 145 148 145 137 131 119 113 108 106 107 104
  96  93  90 100 114 135 140 137 144 143 142 139 143 145 138 127 120 114
 106  98  94  94  90  86  92 104 117 116 103  95  89 125 128 131 128 124
 121 120 119 117 113 111 110 106 102 102 105 109 115 119 122 124 129 131
 131 129 129 130 128 124 121 122 123 122 124 127 127 123 123 126 126 128
 127  30]","[ 29  30 161 161 162 162 161 162 161 161 162 162 161 159 160 162 161 160
 160 162 164 163 162 162 162 159 156 155 156 159 161 162 162 163 161 159
 158 160 160 159 160 161 162 161 160 159 160 160 161 160 159 158 158 160
 161 161 163 162 160 158 157 158 160 161 160 160 159 158 158 158 159 161
 160 158 159 160 160 157 155 154 154 154 153 154 156 157 156 154 153 153
 153 153 153 153 152 152 153 152 152 152 152 153 151 149 149 145 144 146
 150 152 149 147 145 145 144 145 145 139 128 121 114 110 105 101 100  98
  90  88  97 117 132 142 142 142 148 143 143 139 138 139 137 134 129 123
 107  98  93  94  93  94 107 123 123 116 105  97  97 124 129 130 132 127
 123 122 122 118 113 109 107 105 104 106 108 112 117 121 124 127 130 131
 130 128 128 129 127 126 124 123 122 122 122 123 125 125 124 121 120 125
 125  27]","[ 29  30 160 160 162 162 161 162 160 160 161 162 162 162 162 163 161 160
 159 161 162 162 162 163 165 163 161 160 160 162 163 164 161 163 162 158
 159 162 162 159 161 162 163 161 159 158 159 159 160 160 160 159 159 160
 161 162 161 161 159 157 156 158 160 162 160 159 159 158 158 158 159 160
 158 156 157 159 159 157 154 153 154 154 154 154 154 155 154 153 153 153
 154 153 152 151 151 151 150 151 152 152 152 152 152 152 148 146 144 145
 147 148 150 151 148 146 144 143 140 132 122 115 112 106 103 102 103 100
  93  93 110 133 143 144 142 143 146 140 139 138 138 137 138 140 137 129
 122 110 101 100 100 101 110 122 124 115 109 103 110 126 131 131 129 126
 123 122 121 118 114 111 109 108 108 109 111 113 117 120 122 126 129 130
 129 130 130 130 126 126 124 121 119 118 117 116 119 121 122 123 122 125
 126  32]","[ 28  29 160 161 163 163 161 160 160 159 160 162 162 162 162 162 160 159
 159 160 161 161 161 162 165 164 163 162 161 161 160 160 160 162 162 160
 160 163 164 163 162 163 162 160 159 160 160 160 160 162 162 161 161 161
 161 161 160 160 160 158 158 160 162 163 161 161 160 159 158 158 158 158
 157 156 156 157 158 156 155 155 155 156 156 155 154 153 153 152 153 154
 155 155 154 152 151 151 150 152 153 152 151 152 153 153 149 147 145 145
 145 146 148 151 150 146 143 139 130 121 114 110 111 105 104 105 105 100
  98 107 130 142 144 143 144 144 144 141 137 140 141 139 138 139 138 134
 139 129 121 120 122 122 122 124 124 119 119 116 123 130 131 129 127 125
 123 121 120 117 114 111 109 108 108 109 112 116 120 123 125 129 131 130
 129 129 128 126 126 124 121 117 112 109 107 107 111 118 123 123 123 124
 123  28]","[ 30  29 160 161 163 163 161 161 161 160 160 161 162 161 160 160 159 159
 160 161 161 160 160 160 164 163 162 161 160 159 159 159 160 161 161 162
 162 162 163 165 164 163 161 159 159 161 161 161 158 161 163 162 161 161
 160 160 161 162 162 161 161 162 162 162 162 161 160 159 158 158 157 157
 156 157 158 158 157 156 155 155 154 155 156 155 154 154 154 154 154 155
 157 157 156 154 152 151 151 153 153 152 151 150 151 151 149 145 143 144
 146 147 147 146 148 146 144 138 126 117 114 111 103 102 104 102 102 106
 115 131 139 144 142 140 143 143 142 141 141 142 141 139 137 137 137 138
 137 133 127 125 127 130 129 125 128 130 130 128 129 132 129 127 124 121
 120 120 122 121 115 109 110 109 109 110 113 117 119 120 124 128 131 130
 129 128 126 123 124 119 114 110 104  98  97  98 102 113 120 121 122 125
 124  28]","[ 30  29 158 158 160 162 162 163 163 161 160 160 160 159 159 158 159 160
 161 161 160 160 160 160 163 162 161 160 159 160 162 164 162 161 161 163
 162 160 161 164 164 162 160 159 159 160 160 159 156 159 161 162 161 160
 159 158 160 161 162 162 161 160 160 159 160 160 159 158 158 158 157 156
 156 158 159 159 157 155 154 153 154 155 155 154 154 154 154 153 155 155
 155 156 156 155 153 151 152 153 153 151 150 149 148 148 146 144 144 145
 146 147 146 146 146 145 146 139 126 117 113 107 104 104 101  96 101 114
 124 133 137 141 141 138 138 140 140 139 141 139 137 138 140 138 135 135
 136 136 131 125 124 129 132 131 131 136 134 132 129 131 128 129 133 128
 125 127 132 132 122 112 108 108 109 110 113 116 118 117 122 124 126 126
 127 127 124 121 116 110 105 102  97  92  92  96  99 102 107 115 119 118
 119  33]","[ 29  29 157 157 159 162 163 165 164 162 160 159 159 158 158 159 160 161
 162 161 160 160 161 162 161 161 160 159 158 160 162 164 163 162 162 162
 161 160 160 161 161 162 161 160 159 159 159 158 157 159 161 161 161 160
 159 158 159 161 162 162 161 160 159 158 158 158 158 158 158 158 158 157
 157 158 158 157 156 155 154 154 155 155 155 154 154 154 153 152 154 153
 152 152 154 154 152 150 150 152 153 152 150 148 148 148 147 147 147 147
 146 145 146 147 147 145 145 138 125 117 108  97  94  96  99 103 116 131
 136 138 137 140 143 141 138 140 141 141 139 138 136 138 141 139 133 133
 134 134 131 128 128 132 135 136 131 135 131 130 129 130 130 134 136 130
 124 123 126 125 116 107 105 108 110 111 114 118 121 122 125 124 123 122
 122 120 117 115 111 107 103 100  96  93  94  96 100  97  97 107 112 108
 110  29]","[ 29  29 159 160 162 164 165 167 164 162 159 158 158 158 159 160 161 162
 162 160 160 161 164 165 162 162 163 162 161 161 163 165 164 164 162 161
 162 162 161 159 159 161 162 161 160 159 159 159 160 161 163 162 162 161
 160 159 160 161 163 163 162 161 160 159 157 157 157 158 159 159 158 158
 158 157 155 153 153 154 155 156 154 154 153 154 155 156 155 154 153 151
 148 149 151 152 150 148 148 151 153 153 150 149 150 151 152 149 146 146
 146 146 145 144 145 143 143 139 131 126 117 102 102 106 117 128 137 139
 136 139 140 136 140 142 139 138 140 142 142 142 138 136 138 138 135 136
 137 135 134 136 138 138 137 136 133 134 129 129 131 129 132 136 131 128
 123 120 121 122 121 118 115 117 117 114 113 116 120 122 125 121 118 118
 118 116 115 114 114 113 109 103  98  96  95  95  98 103 101 102 109 116
 118  29]","[ 28  29 160 161 161 162 163 163 162 162 161 159 156 156 158 161 163 166
 164 160 160 162 164 165 161 162 162 161 161 162 161 160 161 162 162 160
 159 160 160 158 160 162 163 162 161 160 159 159 158 159 162 163 163 162
 160 159 158 161 164 163 162 162 161 159 157 158 158 158 157 157 157 157
 158 157 156 156 155 157 157 154 154 153 152 153 154 153 153 154 154 153
 151 151 152 151 150 148 151 151 152 152 151 149 149 151 152 149 148 147
 146 146 146 144 145 143 141 140 140 137 129 122 123 131 137 138 139 139
 138 138 138 139 139 140 140 140 141 142 141 140 138 138 138 138 137 136
 134 135 136 137 138 138 135 132 133 133 131 129 130 132 131 129 129 126
 122 121 122 124 122 119 123 122 120 118 117 118 120 123 121 118 114 113
 114 116 116 116 121 122 122  99 102  95  95  95  97 101 103 105 108 115
 119  29]","[ 29  29 161 161 160 160 161 161 161 162 163 162 159 157 158 160 162 163
 161 159 161 163 163 162 163 163 163 161 160 161 160 159 158 160 160 159
 159 160 160 159 162 162 162 161 160 159 159 159 158 159 161 162 163 162
 161 159 159 161 161 161 161 163 163 162 159 160 160 160 159 158 157 156
 156 154 155 155 156 158 158 155 154 153 152 154 154 154 154 155 157 156
 155 155 154 152 149 147 150 150 152 153 152 150 149 151 150 148 147 148
 146 146 146 146 144 143 143 143 144 142 138 133 136 141 142 141 140 139
 138 138 137 137 137 139 139 138 139 140 141 140 140 139 140 139 137 136
 135 134 135 138 137 133 132 134 133 132 129 128 129 129 128 126 124 122
 121 121 125 128 126 124 121 121 121 120 118 116 117 118 114 112 112 114
 118 122 126 128 123 127 129 114 106  98  95  98  97 101 104 108 111 116
 118  27]","[ 29  29 161 162 160 160 160 160 160 161 163 163 161 160 160 161 161 161
 159 158 162 165 162 160 162 164 163 161 160 161 159 155 157 159 160 161
 162 163 162 161 162 161 160 159 159 159 159 159 159 160 161 162 163 162
 161 160 160 160 159 158 160 163 164 163 160 160 159 159 159 159 158 158
 157 155 155 155 157 159 159 156 154 153 153 154 154 154 154 154 154 155
 155 155 154 152 148 145 147 149 152 153 152 150 150 151 147 146 146 147
 145 145 146 146 144 145 144 144 144 143 141 138 140 142 142 140 139 137
 136 137 137 136 137 140 141 139 139 140 143 142 142 141 141 141 140 139
 139 138 138 139 137 134 133 135 133 129 126 126 127 126 124 122 121 121
 122 123 126 129 128 124 122 120 118 116 114 113 114 116 118 121 127 132
 134 131 128 126 129 132 132 125 109 101  97 103 103 105 106 110 113 117
 120  30]","[ 28  29 161 162 161 161 162 163 163 163 162 162 160 159 160 162 162 162
 159 158 162 164 163 161 161 164 164 162 162 162 159 154 154 157 160 161
 162 163 162 161 160 160 160 160 160 160 160 161 160 160 160 162 163 163
 162 161 160 160 158 158 159 162 162 161 160 158 156 156 158 159 160 160
 158 155 154 154 155 157 156 153 154 154 154 154 154 154 154 154 153 155
 156 156 155 153 150 147 144 147 150 151 151 150 150 151 146 145 145 146
 145 145 147 146 145 145 145 144 143 143 141 139 142 143 144 144 144 142
 140 141 139 138 140 144 146 144 142 143 146 145 144 143 142 143 143 143
 142 144 144 140 138 138 136 133 129 124 121 122 124 123 121 119 120 122
 123 124 125 127 124 120 113 112 111 112 113 114 115 117 126 128 131 135
 135 133 130 128 133 131 131 130 116 106 101 106 108 108 109 113 116 119
 121  32]","[ 28  29 161 161 159 160 161 162 165 164 163 161 159 158 159 160 163 163
 161 159 161 162 163 164 163 165 165 163 163 164 161 157 158 160 161 162
 163 164 164 164 160 160 160 162 162 162 161 162 161 160 161 162 163 163
 162 161 160 160 160 160 160 160 160 158 159 158 157 157 158 158 158 157
 158 156 156 158 158 159 157 153 154 154 154 154 154 154 154 154 155 156
 156 155 154 153 150 147 144 146 148 150 150 151 151 151 149 146 146 146
 146 147 148 147 146 146 145 146 147 147 147 145 146 146 146 147 149 147
 144 145 142 141 143 147 149 147 144 144 145 145 145 144 143 143 142 142
 142 143 142 140 139 138 133 128 124 120 117 119 122 121 119 118 119 122
 124 123 123 122 119 115 114 108 102 101 107 116 125 131 128 127 128 130
 131 132 132 132 133 131 134 135 125 109 105 105 107 109 112 116 119 121
 120  27]","[ 30  30 161 160 158 157 158 159 162 162 162 162 161 160 160 160 162 163
 161 159 160 161 162 164 165 164 162 161 162 163 163 161 164 163 163 162
 162 164 166 168 161 160 161 162 162 160 160 161 161 161 161 162 163 163
 162 162 162 161 161 162 161 161 159 158 159 160 161 161 160 157 155 153
 157 155 157 161 162 161 159 155 154 154 154 153 153 154 155 155 155 156
 155 154 153 154 152 149 148 149 151 151 153 154 154 154 152 149 148 149
 149 150 150 149 147 146 146 146 149 151 151 150 147 147 145 145 148 148
 147 147 143 143 144 146 147 145 143 141 142 143 145 145 144 141 139 138
 141 138 138 140 138 130 124 123 120 117 116 117 120 121 120 119 120 122
 123 123 121 118 115 113 113 112 112 117 122 127 129 129 127 128 131 134
 136 134 132 130 134 133 136 133 127 108 106 107 110 112 114 116 119 122
 121  27]","[ 29  30 161 161 159 158 159 160 161 161 161 162 162 162 161 161 161 162
 160 159 160 161 161 163 164 162 160 160 161 162 162 162 163 162 161 161
 160 161 164 166 163 162 162 162 161 159 159 160 160 160 161 162 163 163
 162 162 163 161 160 161 162 162 161 159 160 162 164 165 163 160 158 157
 157 155 156 159 160 160 160 158 158 159 158 156 155 157 158 158 159 159
 158 157 157 160 159 156 153 154 154 154 156 157 156 155 153 151 151 152
 151 151 151 150 148 147 146 146 147 149 150 150 147 147 145 145 149 151
 150 149 143 144 144 143 143 143 142 140 140 142 144 145 143 141 139 138
 140 137 138 139 133 122 117 119 116 115 115 115 118 120 119 118 119 120
 121 122 120 117 116 116 123 123 123 126 130 131 131 130 128 128 129 131
 133 133 134 135 135 136 135 130 126 109 108 110 114 116 116 116 119 124
 124  30]","[ 28  29 162 163 161 162 163 164 166 164 163 163 162 160 159 159 161 160
 158 159 162 163 161 161 163 160 159 161 163 162 162 162 163 164 164 164
 163 163 164 166 165 164 163 163 161 159 160 162 159 160 161 162 162 162
 162 162 163 160 157 159 162 163 162 161 162 164 167 167 166 165 165 166
 165 161 159 160 161 163 165 166 164 165 163 160 159 160 161 161 162 162
 160 158 158 160 159 156 155 155 155 155 156 157 156 153 152 151 153 154
 153 152 152 151 149 149 147 145 145 147 149 150 146 147 145 145 148 151
 148 145 144 145 144 141 141 143 143 141 141 142 144 144 143 142 141 141
 139 140 141 137 127 117 113 114 112 113 113 112 114 117 117 115 114 115
 118 121 121 119 120 123 126 126 127 128 130 130 130 131 128 128 129 131
 131 132 134 137 133 137 133 130 129 114 110 109 114 117 118 118 121 126
 125  29]","[ 29  29 161 161 159 161 161 163 162 164 165 162 159 160 160 160 162 160
 161 163 164 163 163 165 161 162 163 162 162 163 163 164 166 165 166 166
 167 169 170 167 168 167 167 166 165 165 166 167 162 160 160 163 166 167
 167 168 168 169 167 164 165 168 168 165 169 171 172 171 170 171 171 171
 168 162 164 166 166 167 167 169 166 165 164 165 164 163 162 162 162 161
 160 160 161 160 159 159 156 154 156 157 156 155 155 153 151 154 155 153
 152 152 153 153 151 148 144 143 145 147 148 148 146 146 146 146 147 148
 147 145 144 144 143 140 138 139 143 146 144 145 146 141 145 144 143 141
 140 142 130 117 115 115 111 109 116 115 115 113 112 112 109 109 110 112
 115 117 120 122 125 126 126 127 129 129 131 132 130 127 129 129 130 131
 131 131 132 133 133 133 132 131 127 121 118 117 120 122 126 130 130 127
 130  27]","[ 28  28 162 164 162 162 161 163 161 166 168 163 157 155 159 162 156 160
 165 168 166 162 162 165 164 166 167 166 166 166 167 168 169 168 170 172
 171 171 172 172 170 172 173 174 174 173 171 170 170 167 167 168 170 170
 169 170 174 172 168 165 166 169 169 167 169 171 172 171 170 170 170 169
 169 166 167 167 166 168 168 170 167 166 165 165 165 164 163 163 163 162
 162 162 162 161 160 160 157 156 157 157 155 153 154 154 152 153 154 153
 152 153 152 151 149 147 145 145 145 146 147 147 147 146 146 146 147 148
 147 146 145 143 141 139 137 138 142 147 145 143 145 143 144 139 139 142
 140 139 129 118 114 115 118 122 122 117 112 109 111 114 111 107 108 110
 114 119 123 127 129 130 128 129 130 129 130 133 134 133 132 131 131 131
 131 131 131 131 133 132 132 132 129 125 122 120 121 124 128 132 131 128
 131  28]","[ 31  29 165 166 163 160 156 155 160 166 169 165 159 158 163 167 164 167
 170 170 167 163 164 167 169 171 172 172 171 171 172 173 171 171 174 178
 175 171 172 174 174 175 178 180 180 178 175 173 175 173 172 171 171 171
 171 171 173 171 170 170 172 172 170 168 169 171 172 171 169 169 169 168
 169 167 169 167 166 168 168 168 169 167 166 165 164 163 162 162 162 162
 163 164 163 161 161 161 159 158 158 158 154 153 154 154 153 154 154 154
 154 154 152 151 148 148 148 147 147 147 147 147 148 148 147 147 148 149
 149 148 147 144 142 140 139 140 144 148 147 144 145 145 143 136 139 145
 139 129 119 115 116 118 121 124 123 120 114 110 110 113 113 110 109 112
 117 124 129 132 132 131 133 134 132 130 129 132 134 135 133 131 131 131
 132 132 132 132 133 132 131 132 131 128 124 121 121 126 131 134 132 129
 132  29]","[ 28  28 171 174 175 177 176 175 172 174 176 175 174 175 177 178 180 178
 177 175 174 173 173 175 172 173 175 175 175 175 176 175 173 173 177 178
 175 172 172 173 175 175 176 177 177 176 174 173 174 174 173 171 170 172
 172 172 171 169 170 173 174 172 169 167 169 171 171 169 167 168 169 169
 166 164 167 167 166 168 167 166 168 167 165 164 163 162 161 161 161 162
 163 163 161 160 160 161 160 158 158 158 155 153 154 154 154 154 154 154
 155 154 153 152 151 151 150 149 148 147 147 147 148 148 147 147 147 149
 149 149 147 146 144 142 141 143 144 145 147 145 145 143 142 138 142 143
 128 116 108 111 117 120 121 119 120 120 116 112 109 108 112 114 115 119
 124 130 133 133 131 129 135 135 132 130 129 130 132 133 131 130 130 131
 131 131 131 131 132 131 130 131 132 129 124 120 123 127 132 135 134 131
 134  30]","[ 28  30 176 173 174 178 178 174 177 175 174 174 175 176 176 175 175 174
 174 175 175 175 174 173 174 174 175 176 177 177 176 174 174 175 177 177
 174 174 174 172 174 174 173 173 173 174 174 173 174 174 173 171 171 171
 172 172 173 172 171 172 171 168 167 167 169 170 170 167 166 168 170 171
 168 163 164 166 167 168 166 167 167 166 164 163 163 162 162 162 162 162
 162 162 160 159 159 160 159 157 157 158 156 155 155 153 154 154 154 154
 154 154 153 153 153 151 149 148 148 148 147 146 146 147 146 146 146 146
 147 147 145 146 146 143 142 144 144 141 144 145 143 139 139 140 142 132
 112 107 106 109 114 118 121 122 122 120 113 109 104 102 109 115 123 126
 130 132 132 131 130 129 132 131 130 129 129 130 131 131 129 129 130 130
 129 129 129 130 131 130 130 131 132 130 126 121 125 128 132 135 135 134
 135  29]","[ 28  30 178 175 175 180 181 177 179 178 176 175 174 175 176 178 174 175
 176 176 176 175 176 176 176 176 176 176 176 176 175 173 173 174 175 174
 174 175 176 173 174 174 174 174 175 175 175 175 175 174 174 172 171 171
 171 170 171 171 172 173 171 169 167 167 170 171 170 168 168 170 172 173
 172 165 165 166 166 167 167 170 170 168 166 165 164 162 161 161 163 162
 162 162 160 159 159 160 159 157 158 159 159 158 157 154 155 154 154 155
 155 155 155 155 152 150 148 147 147 147 147 146 146 147 147 146 145 145
 146 146 145 147 147 146 145 147 145 141 141 144 143 139 140 140 140 121
 108 107 107 109 112 115 118 121 123 122 113 107 100  98 112 122 129 131
 132 132 130 129 130 131 131 130 130 130 130 130 129 129 128 128 129 130
 130 130 131 132 130 130 130 131 133 133 130 127 128 130 133 136 137 136
 136  29]","[ 30  29 180 177 176 177 179 177 177 178 179 178 176 174 175 177 175 175
 174 172 171 172 174 175 177 177 177 176 175 176 176 175 173 172 172 174
 174 175 176 175 175 175 176 176 176 176 176 176 174 173 173 173 173 171
 170 170 168 170 172 173 173 171 169 168 171 172 171 170 170 171 172 171
 172 167 167 166 165 167 167 170 171 170 168 167 165 163 162 162 164 163
 162 162 162 160 159 159 159 158 159 161 160 159 159 157 156 155 154 156
 157 156 155 155 151 150 149 148 147 147 147 147 147 148 148 147 145 145
 146 146 146 146 147 147 147 146 145 144 143 144 143 142 142 139 138 119
 113 112 110 113 118 116 111 111 117 121 114 109 104 106 121 128 131 132
 133 133 131 130 131 131 131 131 131 132 131 130 130 131 129 128 127 129
 131 132 133 134 132 132 131 131 132 134 133 131 131 133 135 137 138 137
 137  29]","[ 29  26 180 179 178 177 179 180 176 178 180 180 178 174 172 172 176 175
 174 173 174 175 175 174 177 178 177 176 175 176 178 179 175 171 172 175
 175 175 176 177 176 176 177 177 176 175 175 175 172 171 171 174 174 172
 171 171 172 171 171 170 171 171 170 168 170 171 171 171 171 171 170 168
 168 167 169 167 165 167 167 168 168 167 166 167 167 166 166 166 165 163
 162 163 163 161 159 158 158 157 159 160 159 158 158 157 157 154 153 156
 158 157 155 153 152 152 152 151 149 147 147 147 147 148 149 147 145 145
 145 145 145 142 143 146 146 143 142 145 146 144 142 144 143 138 139 123
 115 115 114 120 126 118 106 104 110 116 110 111 114 120 131 129 130 132
 134 135 135 133 131 129 130 131 132 133 132 132 134 136 134 130 127 127
 130 131 131 130 134 134 132 130 130 132 133 132 134 136 138 139 139 138
 138  30]","[ 28  30 179 182 180 179 178 176 176 175 176 178 179 177 174 173 178 176
 175 174 174 175 175 175 176 179 178 178 176 174 177 178 176 174 173 173
 176 178 177 176 175 177 178 178 177 176 174 173 171 171 171 171 171 172
 173 174 172 172 171 170 170 170 170 171 171 171 171 172 172 171 170 169
 169 168 168 168 167 167 166 167 167 165 167 168 167 166 166 165 165 166
 166 164 162 161 160 159 157 158 159 160 159 157 157 158 159 156 154 155
 157 156 155 154 153 153 152 152 151 150 148 148 147 148 149 150 149 147
 143 141 144 145 146 147 145 142 142 144 146 145 144 144 145 142 132 121
 115 117 122 128 131 128 116 101 111 113 117 122 127 129 130 131 132 134
 135 136 136 136 133 129 130 133 136 137 134 131 131 132 132 129 128 130
 131 131 130 131 131 131 130 129 129 130 133 134 133 132 134 138 139 141
 142  29]","[ 29  30 179 182 179 179 178 176 173 171 171 173 175 176 177 177 179 175
 172 171 173 175 175 175 176 178 177 176 174 173 176 176 175 174 173 173
 175 175 174 173 173 175 176 177 176 175 174 174 171 171 171 171 171 171
 173 174 172 172 171 171 171 171 172 172 173 173 171 170 169 168 167 167
 170 169 167 164 165 167 168 167 167 165 166 167 166 165 165 165 165 165
 165 163 162 162 160 159 158 158 158 158 156 155 157 159 158 157 156 157
 158 158 157 157 152 152 152 152 152 151 151 151 150 150 150 151 151 149
 147 145 147 148 149 148 146 143 144 145 144 144 143 143 144 141 132 122
 119 122 128 133 136 136 127 115 110 115 122 129 132 133 132 132 135 136
 136 136 137 137 134 130 132 135 136 134 132 132 134 135 132 130 129 130
 131 132 132 132 131 131 130 130 131 131 130 129 130 130 133 136 137 140
 142  30]","[ 28  30 178 180 178 178 178 176 175 172 170 171 174 176 178 180 178 173
 169 169 173 176 176 175 179 180 178 178 176 175 178 178 177 175 174 173
 174 174 174 174 173 174 175 175 175 174 173 173 171 171 171 171 171 171
 173 174 173 173 172 172 172 172 173 173 171 170 170 169 169 170 171 172
 171 170 167 163 164 167 168 165 166 164 164 166 165 165 165 164 163 162
 162 161 162 161 160 158 157 157 157 157 155 155 157 159 159 159 159 157
 156 157 156 155 152 151 151 151 151 151 151 151 152 151 150 150 151 150
 149 148 147 149 149 147 145 144 145 146 145 146 145 145 145 142 133 125
 122 126 131 134 136 137 132 123 110 117 127 134 137 137 136 135 137 137
 137 136 137 137 134 130 129 132 134 132 130 131 132 131 132 130 129 130
 131 131 132 133 131 131 130 131 134 134 132 128 127 129 133 136 138 141
 143  29]","[ 28  29 177 180 178 178 178 177 178 175 172 173 175 177 179 179 176 173
 169 171 175 178 177 175 177 178 175 175 175 174 176 176 177 176 173 172
 172 174 175 176 174 175 175 175 174 173 172 172 171 171 172 172 172 172
 173 174 173 173 172 172 172 172 172 172 172 172 172 171 170 171 171 172
 170 169 167 165 165 166 165 163 165 163 164 165 165 165 165 163 162 161
 160 160 161 162 160 158 156 157 159 160 159 158 159 161 159 160 159 157
 156 157 156 153 153 153 152 152 152 150 149 149 152 151 150 150 151 150
 148 147 146 148 148 147 146 147 147 146 146 146 145 143 142 138 130 122
 124 127 131 132 131 132 129 122 119 125 132 137 138 138 137 136 137 137
 137 136 135 134 131 129 129 132 133 133 131 131 130 129 131 130 130 131
 131 130 130 131 132 130 129 131 134 137 135 132 129 132 136 139 141 144
 144  28]","[ 29  30 177 180 178 180 180 179 175 175 174 175 178 179 178 177 175 174
 174 176 178 179 177 175 178 177 175 176 176 174 175 175 175 174 172 171
 172 173 174 175 175 175 175 174 173 171 171 170 171 172 173 173 173 173
 173 174 173 172 172 171 171 171 172 172 172 172 172 172 171 171 171 172
 168 167 167 167 165 163 162 163 165 163 165 166 166 166 166 163 163 162
 161 161 162 162 161 158 157 159 161 162 161 161 161 161 160 160 159 158
 158 160 158 155 155 155 155 154 153 152 150 150 152 151 151 152 152 150
 148 146 147 148 148 147 148 150 149 147 147 147 146 143 141 137 129 122
 125 125 127 127 126 127 127 125 132 135 137 139 139 139 137 136 136 137
 138 137 135 133 131 129 133 130 130 131 130 128 128 129 130 131 133 134
 133 130 129 129 131 131 130 132 135 137 136 134 132 134 137 140 142 146
 144  28]","[ 29  29 176 178 178 179 180 179 177 177 178 179 181 181 178 175 175 176
 178 179 179 177 175 174 180 179 177 179 179 176 177 176 173 173 173 173
 173 173 173 173 174 174 175 174 173 172 171 170 172 172 173 173 173 173
 173 173 172 172 171 171 172 172 172 172 170 170 171 171 171 171 171 171
 168 165 165 166 164 162 163 166 165 164 165 166 165 166 166 163 163 163
 162 162 162 162 161 159 160 161 161 161 160 160 160 161 161 161 160 159
 159 160 158 156 154 154 154 154 153 152 151 151 151 151 152 153 152 151
 148 147 149 148 148 148 149 150 149 147 149 149 147 145 143 140 133 126
 122 119 119 121 122 125 129 130 137 139 140 140 141 141 140 137 137 138
 139 139 137 135 133 132 132 129 129 132 133 129 127 128 130 131 134 135
 133 130 128 129 132 133 134 135 136 136 135 133 134 133 135 137 139 143
 144  29]","[ 29  28 174 177 176 177 179 178 179 180 181 181 181 180 177 174 175 177
 179 179 177 175 174 174 176 176 175 179 179 175 176 175 175 174 173 173
 174 174 174 173 172 173 174 174 174 173 172 172 172 172 172 172 172 172
 173 173 172 172 172 172 172 173 173 173 174 173 172 170 169 168 168 168
 168 166 165 165 165 164 165 167 165 165 165 165 163 165 166 163 162 162
 162 162 162 161 161 160 161 162 161 160 159 160 160 159 160 160 159 159
 158 157 156 155 155 154 153 153 153 152 152 153 151 152 153 153 152 150
 149 148 149 147 147 147 147 147 146 146 147 147 146 144 143 142 136 130
 124 119 119 124 127 129 133 136 139 141 142 142 143 144 143 140 139 139
 139 139 139 137 136 135 133 131 133 137 138 136 132 131 130 131 134 135
 133 130 130 132 134 135 135 136 137 136 134 132 132 131 133 136 137 140
 142  30]","[ 30  29 174 176 175 177 178 177 177 178 179 178 178 179 177 174 175 176
 178 177 175 174 174 175 173 174 174 178 179 176 176 175 176 174 172 172
 172 174 175 175 172 173 175 175 175 174 174 173 172 172 171 171 170 171
 172 173 174 174 173 173 173 173 173 173 174 172 170 169 169 170 171 171
 168 168 167 166 167 167 166 165 166 165 165 163 162 164 165 164 161 163
 163 163 162 162 162 161 162 163 163 162 162 162 161 160 157 157 157 158
 157 156 155 156 159 158 156 155 154 154 154 155 154 154 155 154 152 150
 149 149 148 147 146 147 146 144 145 147 148 148 147 146 146 146 141 135
 132 126 127 135 138 138 140 142 145 146 146 144 143 144 143 141 140 138
 138 138 139 139 137 135 132 131 131 133 135 136 135 133 130 132 134 135
 134 132 133 135 134 134 134 134 135 135 134 133 129 129 133 137 137 139
 140  29]","[ 29  27 177 177 177 176 176 176 176 178 179 179 181 180 177 176 174 176
 177 177 177 176 175 175 175 175 176 177 178 180 178 176 176 177 176 174
 173 175 175 173 173 173 174 175 175 175 174 173 172 171 171 171 170 170
 171 173 172 172 172 172 172 172 173 174 175 172 168 167 170 172 172 171
 168 166 166 167 167 164 163 163 165 166 167 166 164 163 165 167 164 164
 162 161 161 162 162 162 162 161 161 162 163 162 159 157 154 154 155 156
 157 157 158 159 158 156 154 155 157 157 156 154 154 154 153 153 152 150
 150 150 148 148 147 146 145 144 145 146 146 147 147 147 148 147 142 137
 139 137 137 139 141 141 142 144 146 145 146 147 145 143 143 144 138 137
 137 138 138 138 139 137 133 132 131 131 132 133 134 133 136 135 134 134
 134 135 135 135 135 134 134 135 136 136 134 132 131 132 130 133 138 142
 143  29]","[ 30  28 178 178 178 178 179 179 179 180 179 178 180 181 178 177 174 175
 176 177 176 175 174 173 174 175 175 176 177 179 179 177 175 175 174 174
 176 178 177 174 174 175 176 177 177 175 173 172 174 172 171 171 172 172
 172 171 172 171 172 173 173 173 173 174 173 170 167 166 168 171 171 170
 168 168 169 169 167 164 164 166 167 167 166 166 165 164 165 166 164 164
 163 162 162 162 161 160 160 160 160 161 162 162 160 158 157 157 157 158
 158 158 159 160 159 159 159 159 158 157 155 154 154 154 154 153 153 151
 151 152 150 149 149 148 148 147 145 144 147 147 146 146 147 147 145 143
 143 140 140 141 142 143 144 146 146 145 145 146 145 142 141 142 140 138
 138 137 135 135 135 133 132 133 133 132 131 132 132 133 133 133 132 132
 132 133 133 134 134 135 137 139 139 138 135 133 134 133 131 135 140 142
 144  29]","[ 30  28 179 179 179 178 179 179 180 180 178 178 180 181 179 179 174 175
 176 177 177 176 174 173 174 174 174 174 176 177 178 177 176 175 174 175
 177 179 176 172 173 173 175 175 175 175 174 174 174 171 169 170 172 172
 170 168 171 170 171 172 173 172 172 173 170 169 168 167 169 171 171 170
 169 170 171 170 166 164 165 169 169 167 166 166 166 166 165 165 165 165
 165 164 163 162 160 158 159 159 160 161 162 162 161 160 160 159 159 159
 158 158 159 161 160 160 160 159 157 154 153 154 154 154 154 154 153 152
 152 153 154 153 153 154 154 153 149 146 149 149 149 148 147 148 147 147
 146 144 143 143 144 144 146 147 146 145 144 144 143 141 140 139 140 138
 138 137 136 137 137 135 133 134 135 133 131 129 130 132 130 130 130 130
 130 131 132 133 134 136 138 139 138 137 135 134 137 134 132 136 141 142
 143  30]","[ 29  28 179 179 178 177 178 177 176 178 178 178 180 180 178 178 175 175
 175 176 177 178 177 176 176 175 175 175 175 176 176 176 177 176 174 175
 177 177 175 171 171 171 171 171 172 173 175 176 173 170 168 169 171 171
 169 167 171 171 171 172 172 172 171 171 170 170 170 170 171 172 172 171
 170 171 171 169 166 163 166 169 171 169 167 166 167 166 165 165 166 166
 166 165 164 163 161 159 161 161 162 162 163 162 161 161 159 159 159 159
 158 158 159 161 161 160 159 157 154 152 153 155 154 154 154 154 153 152
 152 154 152 152 152 154 154 153 150 147 151 151 151 150 148 147 146 146
 147 146 144 144 145 145 146 148 146 144 143 142 142 141 140 139 139 138
 138 137 137 139 140 139 136 137 137 136 132 130 130 132 131 129 128 128
 129 131 132 132 135 136 138 137 135 134 135 136 137 134 131 136 140 141
 142  29]","[ 30  29 180 180 178 176 176 175 173 176 177 177 178 178 177 177 176 175
 175 176 178 179 179 178 178 178 178 177 176 175 174 174 175 174 173 173
 174 175 174 173 172 171 171 171 171 172 174 175 174 173 171 172 173 173
 172 171 173 172 172 172 173 172 172 172 171 171 172 172 172 172 171 169
 170 170 170 168 166 165 167 169 170 169 168 168 167 166 166 166 166 166
 166 165 163 163 162 161 162 162 162 163 163 162 161 160 159 159 159 159
 158 158 159 160 163 162 160 157 156 154 155 157 155 154 154 154 153 152
 152 153 152 152 152 153 153 152 151 150 151 151 151 150 147 146 146 147
 148 147 146 146 145 145 146 146 146 145 143 142 142 142 141 140 140 139
 139 137 136 138 139 137 138 138 138 137 135 133 132 133 133 130 127 126
 128 131 131 131 136 138 139 137 135 134 135 137 137 134 131 136 139 139
 141  29]","[ 30  29 180 180 178 175 175 174 175 178 178 177 178 178 178 179 178 177
 176 176 177 179 179 179 180 180 180 180 178 175 173 173 175 174 174 173
 172 172 172 173 170 171 172 173 173 173 174 175 176 175 175 175 175 175
 175 175 174 172 171 171 171 172 172 173 171 172 172 172 171 171 169 167
 168 169 169 168 168 168 169 170 169 169 169 168 167 166 166 166 165 165
 165 163 162 162 162 162 162 161 161 161 162 162 161 160 159 159 160 160
 160 159 160 161 164 162 160 159 158 157 157 157 157 156 155 154 154 153
 153 153 155 155 155 155 155 154 154 154 152 151 150 149 148 147 149 151
 150 149 148 147 145 145 145 145 147 146 144 142 142 143 143 142 142 141
 141 139 137 139 140 137 137 136 135 136 135 133 132 133 134 130 127 126
 128 130 130 130 133 135 137 136 134 133 133 134 136 135 133 136 137 137
 140  29]","[ 29  29 179 179 177 175 175 174 178 179 178 177 179 179 179 180 179 178
 177 177 178 179 179 179 180 180 180 180 177 174 173 173 175 175 174 173
 172 171 171 172 169 171 173 174 174 174 174 175 174 174 174 175 175 174
 174 175 173 172 170 169 169 169 170 172 172 172 171 171 171 171 169 167
 167 168 169 168 169 169 169 169 168 168 168 168 168 167 166 166 165 165
 164 163 162 162 163 163 164 162 161 161 162 162 162 162 161 161 161 161
 161 160 161 162 162 160 158 157 157 157 157 158 158 156 155 154 154 154
 153 153 154 154 154 154 154 154 154 153 152 151 151 151 150 150 151 153
 151 151 149 147 145 145 145 145 146 145 144 143 143 143 143 141 142 142
 142 140 139 141 142 139 136 133 132 133 133 132 131 132 132 130 128 128
 128 129 129 129 129 131 133 134 132 131 131 131 136 137 135 136 135 136
 140  29]","[ 29  28 179 178 177 175 176 176 176 177 176 176 179 180 179 178 180 179
 178 178 179 179 179 179 179 179 179 179 176 173 172 173 174 173 173 173
 173 172 173 174 172 173 173 173 172 171 172 173 172 172 173 174 174 173
 172 172 174 172 169 168 166 167 169 171 172 172 171 170 171 172 171 170
 167 168 169 169 168 168 168 167 168 167 167 168 168 167 166 165 166 166
 165 163 162 163 163 164 167 165 162 162 163 164 164 164 163 162 161 161
 161 161 162 163 160 158 155 155 155 157 159 161 159 156 154 154 154 154
 153 153 154 154 154 155 155 155 154 153 151 150 151 152 152 150 150 151
 151 151 149 146 145 145 146 146 144 144 144 142 142 142 142 140 140 141
 141 139 138 140 141 137 136 133 132 133 133 131 130 131 130 130 130 130
 130 129 129 129 129 130 131 132 131 131 131 131 135 138 137 136 134 135
 139  28]","[ 29  28 180 180 180 178 178 178 176 178 180 179 177 175 175 176 177 180
 180 178 176 177 179 180 176 178 179 179 178 176 175 173 174 173 174 173
 171 171 173 173 174 175 175 175 174 174 173 172 172 171 173 174 172 169
 169 170 171 171 171 170 168 166 168 171 172 172 172 171 171 172 172 172
 172 169 167 169 171 170 169 168 169 168 167 167 167 168 167 166 167 168
 167 166 166 168 170 170 168 166 165 163 163 165 166 166 164 164 164 163
 162 162 163 164 162 160 156 152 152 157 159 159 156 157 157 155 154 154
 154 152 150 153 155 156 156 155 154 154 152 152 151 152 152 151 152 152
 151 151 151 148 147 146 146 146 145 144 142 141 141 142 142 143 140 140
 139 138 137 138 138 137 138 138 137 136 134 133 131 130 131 130 131 131
 130 129 129 129 131 131 132 132 129 126 129 133 137 139 137 134 132 132
 135  29]","[ 29  28 179 181 181 179 179 179 177 179 180 180 178 177 176 176 177 179
 180 178 177 177 177 177 177 179 180 180 179 179 178 177 175 174 175 173
 171 171 173 174 177 177 176 175 174 173 172 171 171 171 171 172 171 169
 169 171 172 171 171 170 168 167 169 171 172 172 171 170 170 172 173 174
 172 169 168 169 171 171 171 172 169 169 168 168 168 169 168 168 168 168
 167 165 165 166 167 167 163 163 162 161 161 163 164 164 163 163 163 162
 162 162 162 163 162 161 159 156 157 159 160 159 158 157 156 156 156 154
 153 153 152 153 154 154 155 155 154 153 152 152 152 152 152 151 151 152
 154 153 150 146 145 145 145 146 143 143 142 141 141 141 142 144 142 143
 142 139 137 137 138 137 137 137 137 138 137 136 133 131 131 130 130 130
 131 130 130 131 132 133 135 137 135 132 133 135 137 139 137 133 132 133
 136  29]","[ 30  28 179 180 181 180 180 178 178 179 179 180 180 179 177 176 178 179
 180 179 178 178 177 176 177 179 180 180 179 179 179 179 178 177 177 175
 172 172 175 176 177 176 175 174 174 175 175 174 173 172 171 171 170 169
 170 173 173 172 171 170 170 169 170 172 173 172 172 170 171 172 173 173
 172 170 169 170 171 171 171 172 170 170 169 169 169 169 169 169 169 168
 167 165 164 165 165 164 163 163 163 162 162 162 163 163 163 162 161 161
 162 162 163 163 162 162 161 160 161 162 161 159 159 157 156 158 157 154
 153 154 154 153 152 152 154 155 155 153 154 153 153 153 153 153 153 154
 154 151 148 145 145 146 147 146 141 142 143 143 142 142 143 144 144 145
 145 141 138 138 139 140 140 138 137 137 138 137 134 132 129 128 128 128
 130 130 131 132 133 134 138 140 140 137 135 136 140 142 137 131 130 134
 138  29]","[ 30  28 179 179 180 180 179 177 178 178 179 180 180 180 179 178 179 179
 180 180 180 180 178 176 177 178 179 179 179 179 179 178 178 177 177 176
 173 174 178 179 177 176 174 173 174 176 176 176 175 173 171 170 169 169
 171 172 173 172 170 170 171 171 172 172 171 172 172 172 172 172 171 171
 171 170 171 172 172 170 168 168 169 169 169 169 169 168 167 167 168 167
 166 165 165 165 165 164 166 166 165 164 163 162 162 162 161 160 160 160
 161 162 163 163 161 161 160 160 161 162 160 157 159 157 157 158 158 155
 154 154 153 152 151 151 153 155 154 153 153 152 151 152 152 152 153 155
 152 150 147 145 146 147 147 146 141 143 145 145 144 143 143 143 143 145
 145 142 140 141 143 143 143 140 136 135 135 135 133 131 129 127 127 128
 130 131 131 132 132 134 137 139 138 136 135 135 143 143 137 128 126 132
 138  29]","[ 30  28 179 179 180 180 179 177 177 178 179 179 179 179 179 179 179 179
 179 180 181 180 179 178 176 178 179 179 179 179 180 180 178 177 177 176
 174 175 178 179 179 177 175 173 173 174 174 174 175 173 171 169 169 169
 170 171 172 171 170 171 172 173 173 172 169 170 170 170 170 171 171 170
 172 171 171 172 171 169 167 165 166 167 168 169 168 167 166 165 167 166
 166 166 166 166 166 166 167 166 165 163 162 162 162 161 161 160 159 159
 160 161 162 162 161 160 159 159 159 160 158 157 158 158 158 157 157 157
 155 153 150 151 151 152 153 154 153 152 151 150 148 148 148 148 150 152
 153 151 148 146 147 147 146 145 143 144 145 144 143 142 142 144 143 144
 144 142 142 143 143 142 144 141 137 135 135 135 133 131 130 129 128 130
 131 132 132 131 131 132 134 135 135 134 135 137 142 143 138 129 127 131
 136  28]","[ 29  29 180 180 180 181 181 179 179 179 180 179 179 178 178 179 179 179
 179 180 181 180 179 179 175 178 179 179 178 179 180 182 180 178 179 178
 176 176 178 178 179 178 176 174 174 174 174 173 175 173 171 170 170 171
 171 171 170 170 171 171 172 173 173 172 168 168 168 167 168 170 172 173
 173 172 170 170 171 170 169 167 166 167 168 170 170 169 168 167 168 168
 168 168 169 168 167 167 167 166 164 163 163 164 164 164 164 162 161 160
 160 161 162 163 164 162 160 159 159 160 160 160 160 160 159 158 157 158
 156 154 151 152 154 154 155 155 155 154 152 150 148 147 146 147 148 149
 152 150 148 146 146 148 148 147 148 147 145 142 141 142 144 145 144 144
 143 141 141 141 140 139 141 139 137 136 136 136 134 132 130 130 130 131
 132 132 131 130 131 131 132 132 133 134 137 139 140 140 138 134 131 132
 134  28]","[ 29  30 182 181 180 180 181 180 180 180 181 180 180 179 179 179 178 179
 180 181 181 180 179 179 176 178 179 178 176 177 181 183 181 180 180 180
 178 177 178 176 177 177 176 176 175 176 176 175 176 175 173 172 172 172
 171 170 168 169 171 171 171 172 172 172 171 170 169 168 168 170 172 173
 173 171 169 169 171 172 171 168 167 167 168 170 171 171 170 169 169 168
 169 170 169 168 167 168 168 167 165 164 165 166 166 165 165 164 162 161
 161 162 163 164 166 164 162 161 160 161 162 163 163 161 160 158 158 156
 155 153 153 154 155 155 156 156 156 155 154 152 150 149 148 147 148 149
 148 149 148 147 147 148 149 149 150 148 145 143 143 143 144 145 144 144
 142 140 140 140 139 137 138 137 136 135 135 134 133 132 131 131 131 132
 132 131 130 130 131 131 130 131 133 136 138 139 137 135 134 135 134 132
 134  29]","[ 29  30 183 181 180 180 181 180 180 180 181 181 181 181 180 179 179 179
 181 183 182 179 179 180 178 180 180 178 175 176 181 184 181 179 180 180
 178 177 177 175 178 178 178 177 176 176 176 175 176 175 174 173 172 172
 170 168 166 169 171 171 171 172 172 171 174 173 172 171 170 170 171 170
 172 170 168 170 173 174 171 167 167 167 167 168 169 170 169 168 167 167
 168 169 168 167 166 167 168 166 164 163 164 165 164 162 163 162 161 160
 160 161 163 165 166 164 163 161 160 160 161 163 164 160 158 158 157 153
 152 152 155 155 154 154 155 156 155 154 153 152 150 149 148 147 148 148
 147 149 150 150 149 148 147 147 149 147 145 144 144 144 143 142 143 144
 142 140 139 140 140 139 137 136 134 133 132 131 131 131 133 132 133 133
 133 132 131 131 132 131 129 131 134 137 138 136 134 130 128 132 133 130
 132  29]","[ 29  28 184 184 183 182 181 182 182 180 179 180 182 183 182 180 180 181
 181 181 180 180 179 179 179 180 178 176 175 175 176 175 177 178 179 180
 179 177 176 176 176 177 178 180 179 177 177 178 176 175 175 174 172 170
 168 167 169 170 171 171 171 170 171 171 171 173 173 171 170 171 172 171
 170 172 173 173 173 173 171 167 166 169 171 172 171 169 167 166 164 165
 167 168 168 168 168 168 167 168 168 166 165 165 163 160 162 163 164 164
 163 163 164 165 166 162 160 161 163 162 162 163 164 161 158 157 156 156
 154 151 152 152 153 154 155 155 154 154 153 151 150 151 151 150 150 151
 151 150 149 149 148 147 146 146 146 145 144 143 143 143 143 143 142 144
 143 142 144 144 142 142 140 138 136 133 130 128 129 131 132 135 136 135
 135 135 133 130 131 131 130 131 134 137 137 135 131 129 130 131 132 132
 132  28]","[ 29  29 183 184 183 183 182 183 184 182 180 180 181 182 182 182 180 180
 179 179 179 179 179 180 180 180 180 177 176 176 176 175 177 177 178 179
 179 179 177 176 175 174 175 177 178 178 178 178 176 174 173 172 171 169
 168 168 169 170 171 171 170 170 171 171 171 170 171 171 171 171 171 172
 173 173 172 172 172 172 171 170 167 170 172 172 170 168 167 168 166 165
 166 167 168 168 167 166 166 167 166 165 166 166 164 161 161 163 164 163
 162 161 162 162 162 163 163 162 163 162 161 160 160 158 155 154 155 156
 155 154 159 157 154 154 154 155 155 154 154 152 151 152 152 151 151 152
 152 150 149 149 148 147 147 146 146 145 145 145 144 143 142 141 141 142
 141 141 144 144 143 142 139 138 137 135 132 130 130 131 134 135 135 133
 132 133 133 132 130 131 132 133 134 135 136 135 129 129 131 130 131 133
 135  30]","[ 30  29 183 184 184 184 183 184 184 183 181 180 180 181 182 182 181 180
 179 178 178 179 180 181 181 181 181 180 179 179 178 178 178 177 177 178
 180 180 178 176 174 172 171 174 177 179 179 178 176 174 172 171 170 169
 168 168 170 171 171 172 171 171 171 172 169 168 168 170 171 171 171 173
 174 173 172 172 172 171 171 172 171 172 173 171 168 166 166 168 167 166
 165 166 168 169 168 166 167 167 166 165 166 167 165 162 162 162 163 162
 161 161 161 161 159 162 163 161 160 161 160 158 157 155 153 152 154 155
 156 155 158 155 152 152 153 154 155 155 153 152 151 151 151 151 151 151
 153 151 149 149 149 148 146 146 146 146 146 145 144 142 140 137 139 140
 138 139 142 143 141 140 139 138 138 137 135 132 131 132 134 135 135 132
 131 131 132 131 131 133 135 134 133 134 136 137 133 133 134 132 131 134
 135  30]","[ 29  29 184 185 185 184 183 183 182 182 181 181 181 181 181 181 183 182
 180 179 179 180 181 182 180 181 181 181 181 181 181 181 180 179 179 179
 180 179 178 176 174 172 171 173 176 178 178 177 176 175 174 172 171 169
 168 168 169 170 171 171 171 171 172 172 169 168 167 169 170 171 172 174
 172 171 171 172 172 170 170 171 173 173 173 171 168 167 167 168 168 167
 165 166 168 170 169 169 169 169 167 166 165 165 164 163 163 163 162 162
 162 162 162 163 160 162 161 160 159 160 160 160 158 156 155 155 155 156
 155 154 153 153 152 153 154 155 154 154 154 154 152 151 151 152 153 154
 152 150 148 149 150 149 148 146 147 148 147 146 145 144 142 139 139 140
 138 138 141 141 139 138 138 138 138 138 135 133 132 133 133 134 135 133
 131 131 130 130 133 134 135 133 131 132 135 138 136 136 137 134 133 133
 134  29]","[ 28  29 186 186 184 182 181 182 182 182 182 181 180 181 181 182 183 182
 181 180 180 181 181 181 179 180 180 180 180 181 182 183 182 182 181 180
 179 178 177 176 175 174 173 173 175 176 176 175 175 176 176 174 171 168
 166 167 167 168 169 170 171 171 171 171 171 171 169 168 169 171 172 172
 170 169 170 171 171 169 169 171 173 172 170 169 168 169 169 169 168 167
 167 167 168 169 170 170 170 169 167 165 164 164 165 165 165 164 163 162
 163 164 166 167 165 163 161 161 161 160 161 162 159 159 159 158 158 157
 156 154 154 155 157 157 156 154 154 153 154 154 151 149 148 150 152 152
 147 146 146 148 150 151 149 148 147 148 147 146 146 147 147 145 140 142
 140 139 140 140 138 138 137 138 139 138 135 133 133 134 132 133 134 133
 131 130 130 130 133 133 133 132 131 131 133 135 135 133 135 136 135 132
 133  30]","[ 28  30 186 186 183 181 179 181 184 183 182 181 180 180 182 183 180 180
 179 180 181 181 180 180 180 180 180 180 180 180 181 182 182 183 182 181
 179 177 177 177 177 176 175 174 174 175 175 174 175 175 176 175 172 168
 166 166 167 168 169 170 171 171 171 171 173 173 171 168 168 170 171 170
 169 169 169 168 168 168 170 172 173 171 168 166 166 166 166 165 168 168
 167 167 167 167 169 170 168 168 167 166 165 165 166 166 165 164 163 163
 164 165 167 168 165 162 160 162 162 160 158 159 158 158 159 159 159 158
 156 156 155 157 158 157 155 153 153 153 152 153 151 148 147 149 151 150
 147 146 145 147 149 149 147 146 147 147 146 144 144 145 145 144 140 142
 141 139 139 138 138 139 138 139 139 137 135 133 133 135 132 132 131 130
 129 129 130 131 134 133 134 135 135 135 133 133 134 131 133 136 135 131
 131  29]","[ 29  29 184 184 182 181 181 183 185 184 182 181 180 180 181 182 180 179
 179 180 181 181 180 179 180 180 180 181 181 180 180 181 181 181 181 180
 179 178 178 179 178 178 176 174 174 176 176 176 176 175 175 174 173 171
 169 168 170 170 171 171 172 172 172 173 172 172 171 169 169 169 170 171
 170 171 170 168 167 169 172 174 174 172 168 165 164 164 164 164 167 167
 167 166 166 167 168 169 168 168 167 168 169 168 166 165 163 163 163 164
 164 164 165 165 162 161 160 160 160 159 158 157 156 156 157 157 157 157
 157 157 155 156 157 156 154 153 152 152 152 155 155 152 152 154 154 152
 150 148 147 148 148 148 146 145 146 147 145 142 141 143 142 140 140 142
 140 138 138 137 138 139 140 139 138 137 136 134 134 135 132 131 129 129
 128 129 130 132 135 133 133 135 137 136 134 133 136 133 135 137 136 133
 132  28]","[ 30  28 182 181 181 182 183 185 183 183 183 182 181 180 179 179 181 181
 181 181 182 182 181 179 179 179 180 181 181 179 179 180 179 179 179 179
 179 179 180 180 180 179 177 175 175 178 179 179 177 175 174 174 174 173
 172 171 172 172 171 171 171 172 173 173 170 169 169 171 170 169 170 172
 170 172 173 170 170 172 174 175 174 172 169 166 165 165 167 168 167 166
 166 166 167 168 169 169 170 169 169 171 172 170 165 162 161 162 163 164
 163 163 162 162 161 162 162 160 160 161 161 160 157 157 156 156 156 156
 157 158 157 158 158 158 156 153 151 149 148 152 154 153 153 154 154 151
 151 149 148 148 149 149 148 148 145 147 146 144 143 145 144 141 142 143
 140 138 137 137 138 139 142 140 138 138 137 136 135 134 130 129 128 129
 129 129 130 131 134 132 130 132 133 133 133 133 136 135 137 138 137 137
 136  30]","[ 28  32 183 182 181 183 183 181 183 184 184 182 180 179 179 179 183 184
 184 185 184 183 182 181 181 180 181 182 182 182 181 181 179 176 175 177
 179 179 179 179 178 179 179 178 178 179 179 178 179 177 175 174 174 173
 172 170 173 172 171 172 172 171 171 172 171 169 168 169 170 170 169 168
 172 173 174 173 173 172 171 170 172 171 170 167 167 168 169 169 167 166
 164 164 166 167 167 167 168 168 167 168 168 167 164 162 161 162 163 163
 163 163 162 162 162 161 160 161 161 161 159 158 159 157 155 155 157 158
 157 154 155 157 159 157 155 154 153 151 153 153 153 153 152 152 152 152
 151 149 147 146 146 147 146 143 144 145 145 145 147 146 143 143 141 140
 139 138 137 137 137 138 141 140 138 137 138 136 131 125 128 128 128 129
 129 130 132 133 135 133 132 131 132 132 132 131 134 133 137 137 137 136
 135  30]","[ 31  25 188 183 178 185 181 182 182 183 183 182 182 183 182 181 179 181
 184 186 186 185 183 181 180 180 181 181 180 179 179 180 179 177 175 177
 179 179 178 179 181 180 179 177 176 177 177 177 176 175 173 173 173 172
 171 170 170 170 170 171 171 171 172 173 171 170 170 169 168 168 169 170
 170 172 173 172 171 171 171 171 173 171 169 168 168 170 171 171 166 165
 164 164 165 167 167 167 168 167 167 167 167 167 166 165 163 163 164 167
 167 163 162 164 163 162 161 162 162 161 160 159 159 158 157 157 159 159
 157 155 156 158 159 157 155 154 154 154 152 152 151 151 151 151 150 150
 150 148 146 146 148 149 148 145 145 146 146 146 147 146 143 142 143 143
 142 141 139 138 139 140 140 138 136 137 137 135 131 130 128 127 128 128
 129 130 132 135 137 135 132 130 130 130 130 130 132 138 135 135 135 134
 134  27]","[ 29  33 183 184 177 181 179 187 183 182 180 180 182 184 183 182 179 181
 184 187 187 186 184 182 180 181 183 182 180 179 180 182 180 178 177 179
 181 180 179 179 180 179 178 177 177 177 176 175 175 175 175 175 175 174
 173 171 168 170 171 170 170 171 172 171 172 172 171 170 169 169 170 172
 169 172 173 172 171 171 172 173 171 170 167 166 167 169 170 169 169 167
 166 166 166 167 167 167 166 166 166 165 165 165 165 165 162 163 164 165
 164 162 163 164 163 163 163 164 164 163 161 161 160 160 160 160 161 160
 158 155 154 156 158 156 154 153 153 154 155 154 152 152 152 151 148 147
 150 148 147 147 149 150 148 145 145 146 146 146 147 145 142 141 141 142
 142 141 140 140 142 143 142 138 136 138 137 133 131 131 129 128 128 128
 129 130 132 133 134 133 130 129 130 131 131 132 130 129 133 142 137 133
 133  30]","[ 30  25 183 182 182 183 184 184 188 186 183 181 182 184 183 182 181 182
 183 184 184 183 181 180 179 180 182 182 181 179 179 181 179 177 177 179
 181 181 179 177 174 175 176 177 178 178 176 173 173 172 172 173 174 173
 171 169 167 171 172 171 171 173 173 171 172 169 167 168 170 170 170 170
 167 169 170 170 169 170 170 170 172 170 168 166 166 168 169 169 168 167
 166 165 166 166 166 166 168 168 168 167 166 166 166 166 164 167 165 161
 161 166 168 166 162 162 163 164 165 164 163 162 161 161 161 161 160 159
 156 154 153 155 157 156 155 154 154 154 155 154 153 152 151 150 147 146
 147 147 146 146 148 148 146 144 144 146 145 145 146 144 142 142 142 142
 142 143 143 144 145 145 141 139 137 138 137 134 132 131 129 128 128 129
 129 129 129 130 131 130 130 130 131 132 132 132 136 129 133 132 134 137
 130  27]","[ 29  33 183 184 184 181 181 187 188 187 186 184 184 183 182 181 182 182
 182 182 182 181 180 180 179 180 181 182 182 180 179 179 180 179 179 181
 182 181 178 176 172 174 176 178 179 179 177 174 174 173 172 173 175 174
 171 168 163 167 170 169 170 171 171 170 172 170 169 170 172 172 171 171
 168 170 170 171 171 172 171 170 170 170 169 167 165 166 167 168 168 168
 167 167 167 168 168 168 166 167 167 166 165 164 164 164 166 167 164 159
 160 166 167 164 161 161 162 163 163 163 162 161 161 161 161 159 158 156
 154 152 153 154 156 157 157 156 154 153 153 154 154 153 151 150 148 148
 145 146 147 147 148 148 147 146 146 147 147 146 146 145 143 144 144 143
 142 142 142 143 142 141 139 139 138 137 138 138 134 130 126 127 128 130
 130 129 128 128 131 131 130 130 130 131 131 130 127 131 134 131 140 137
 131  32]","[ 29  29 178 179 182 183 177 183 183 185 187 187 185 183 181 180 180 180
 182 183 184 183 183 182 181 181 181 183 183 181 180 179 181 181 181 182
 182 181 178 176 175 175 176 176 177 178 177 175 174 173 172 173 174 174
 172 169 168 171 172 172 172 172 172 170 170 170 171 172 171 170 170 170
 168 169 170 170 171 171 170 168 170 171 171 169 167 168 169 170 168 167
 166 166 165 165 165 165 166 166 167 167 166 165 165 165 167 164 161 162
 164 163 163 163 162 162 162 163 163 162 161 161 162 162 161 160 158 157
 155 154 153 153 154 156 157 156 153 152 154 155 155 153 150 148 147 147
 146 148 149 148 147 146 146 146 145 146 145 144 144 143 142 143 143 142
 141 141 142 143 142 140 139 140 139 137 138 138 134 128 125 126 128 130
 132 131 130 129 132 131 129 129 129 129 130 131 132 133 131 130 132 132
 134  27]","[ 31  30 181 183 184 180 178 176 180 183 185 185 184 183 181 180 178 178
 179 181 181 182 181 181 180 180 180 181 181 180 179 178 179 179 180 180
 180 179 179 177 177 176 177 175 176 176 176 176 174 173 172 172 173 173
 172 171 171 171 172 171 170 170 169 169 170 170 171 172 171 170 169 170
 169 170 170 171 171 171 170 169 168 169 169 168 167 167 168 168 169 169
 168 167 166 165 165 165 165 165 166 166 166 166 166 166 166 162 161 164
 165 163 161 162 162 161 161 162 161 160 160 160 161 161 161 159 159 159
 158 157 155 154 155 156 157 156 154 154 154 154 154 152 150 148 147 147
 150 151 151 150 148 147 146 146 146 147 146 145 145 144 143 145 139 139
 139 139 140 140 140 140 137 138 137 135 135 135 132 128 127 127 129 131
 132 132 131 131 130 130 129 129 129 130 131 132 132 135 134 133 131 137
 126  32]","[28 30 27 29 28 27 32 29 28 29 30 29 28 28 29 29 29 29 28 28 29 29 30 30
 29 29 29 30 30 29 29 29 28 29 29 29 29 29 29 29 29 30 29 29 29 29 30 29
 29 29 29 29 28 29 29 29 30 29 28 29 29 28 29 30 30 28 28 29 31 31 29 28
 27 29 30 30 29 29 29 29 29 29 29 28 28 29 29 28 29 29 29 29 29 29 29 29
 29 29 29 29 29 29 29 29 29 28 28 28 29 30 30 28 30 29 29 30 30 29 29 30
 30 30 29 29 29 30 30 29 30 29 29 30 29 28 28 29 29 29 29 29 29 29 30 30
 28 29 29 29 29 29 29 28 28 29 29 29 29 28 28 29 29 29 30 29 29 28 28 29
 29 28 28 29 30 29 29 29 30 29 28 29 30 29 29 29 29 29 29 29 29 29 29 29
 30 28 28 29 31 29 28 29]"
