"[32 33 28 28 32 28 28 30 29 29 29 30 29 29 30 30 30 29 28 28 28 28 29 31
 29 28 29 30 30 28 29 30 30 28 30 30 29 30 28 28 29 29 29 29 30 30 29 29
 28 29 30 29 29 29 29 29 30 29 29 29 29 29 29 29 30 28 29 30 29 29 29 28
 29 29 30 29 28 29 30 28 28 30 30 29 28 29 29 28 27 29 28 28 30 28 29 31
 30 28 28 30 30 30 29 29 28 31 29 29 31 29 29 30 30 30 30 29 29 30 30 29
 28 32 29 28 28 29 31 29 30 29 30 28 29 28 30 29 29 29 31 30 29 29 28 30
 31 28 29 30 28 31 28 30 28 30 30 28 28 30 29 28 30 29 28 29 29 29 29 29
 29 29 27 29 30 28 29 28 29 29 28 28 29 29 28 29 31 28 28 29 29 29 31 28
 29 31 27 30 29 28 32 28]","[32 26 37 29 30 28 28 27 30 30 31 30 28 28 30 30 28 29 29 28 29 31 29 26
 30 29 28 28 28 29 29 28 29 28 31 29 28 28 28 31 29 29 29 28 29 30 30 28
 31 27 27 31 31 28 27 31 28 30 30 29 29 30 30 28 28 28 30 30 28 27 29 31
 28 28 29 30 29 28 28 27 28 28 28 28 29 30 30 30 30 30 31 29 26 29 30 28
 30 28 28 28 26 26 29 31 28 28 29 30 29 29 29 29 29 28 30 31 29 29 29 27
 30 29 27 31 32 28 29 29 29 28 31 29 29 28 30 28 29 28 28 28 28 29 29 29
 25 32 30 28 32 30 29 30 29 29 29 30 29 27 29 31 29 28 28 29 30 30 28 28
 31 30 27 29 30 28 29 27 27 29 29 28 30 30 29 29 28 29 31 31 29 28 30 29
 31 25 33 29 31 29 26 31]","[ 28  33  97  98  95  93  95  98  96  96  96  95  92  90  91  93  96  97
  94  92  96 104 107 103  97  98  98  99 103 107 107 105  98 103 107 108
 113 119 122 129 136 138 139 138 137 138 138 138 136 129 127 132 136 139
 148 160 192 204 220 231 239 244 245 243 245 245 245 245 245 246 247 247
 246 246 246 246 246 246 247 248 248 247 246 247 248 247 246 245 223 209
 193 174 158 155 152 139 135 127 120 118 117 117 114 110 115 111 120 123
 122 126 124 120 121 115 114 113 111 114 121 125 115 112 103  91  68  41
  28  23  20  18  23  25  24  18  18  17  18  19  18  17  17  17  17  18
  17  16  17  14  19  14  34  75 105 106 103  96  86  79  75  72  73  73
  75  78  79  78  74  71  55  55  54  61  67  69  72  70  66  70  71  69
  71  72  73  74  76  79  81  81  79  78  79  80  81  82  81 103 111 138
 155  27]","[ 30  29  94  92  90  93  93  94  96  97  97  96  93  91  90  92  95  94
  89  85  89  98 103 101  95  95  96  97 100 102 101  98  97 101 101  98
 103 107 107 114 117 120 125 128 128 128 132 137 136 133 129 127 126 127
 127 128 136 140 144 149 162 185 211 230 242 247 250 251 251 252 251 249
 250 251 253 253 253 252 251 251 251 250 250 251 252 252 251 251 254 253
 253 249 239 227 205 181 171 157 143 138 138 138 133 126 113 114 124 120
 115 118 117 121 115 112 116 120 117 115 116 116 115 114 113 111 108 101
  93  87  80  55  35  27  25  18  19  20  18  19  18  18  17  17  16  13
  16  15  15  18  18  43  97 109 104 105  97  81  73  76  78  75  74  75
  76  80  82  80  75  72  71  66  59  61  65  65  66  65  69  71  72  71
  72  74  76  80  77  79  80  81  79  81  79  82  84  83 100 131 151 160
 155  30]","[ 29  29  81  84  87  94  91  90  88  90  91  92  93  89  87  89  95  95
  94  93  95  99 101 101  98  97  98  99  99  98  97  97  95  96  93  90
  96  99  96 100 109 107 109 113 112 109 110 115 122 123 124 127 134 139
 137 132 134 134 133 131 130 131 135 140 150 175 194 201 215 237 249 253
 253 254 253 251 253 253 252 252 253 253 252 252 252 251 252 253 250 252
 251 251 253 255 254 253 242 236 227 211 191 174 163 156 146 137 129 119
 122 126 115 112 113 110 113 119 118 116 116 117 118 116 114 112 112 113
 111 109 109 100  96  86  69  44  29  21  22  21  15  15  18  20  22  18
  16  15  12  16  42  90 107  98  99  98  88  74  70  75  79  77  76  75
  74  76  77  76  73  71  74  68  60  61  64  65  69  70  72  73  74  74
  75  74  75  79  80  80  78  80  80  82  77  82  87 105 131 148 155 154
 150  30]","[ 32  24  53  60  74  87  81  74  81  84  87  90  94  90  87  90  91  92
  94  96  96  95  95  97  95  94  95  96  96  95  96 100  99  96  94  93
  97  98  94  97 101  95  95 102 107 105 104 105 110 109 108 108 109 111
 115 119 132 130 130 133 137 139 138 136 134 130 129 136 141 142 155 178
 212 220 227 237 249 253 252 254 252 253 254 253 252 252 252 252 253 253
 252 252 254 253 252 254 255 252 251 254 254 251 241 229 215 200 172 141
 129 128 123 128 122 116 109 108 108 105 104 106 112 112 115 113 110 109
 111 117 116 112 109 106 109 108 104  93  77  70  51  36  25  20  22  18
  16  20  20  59  94 103  99 100  87  84  79  77  76  76  75  75  79  76
  74  73  74  74  75  75  78  76  73  76  76  73  73  73  74  75  76  76
  76  73  71  73  76  75  73  77  76  80  75  87 105 133 155 153 153 150
 148  30]","[ 29  29  60  60  62  66  61  57  66  72  76  81  84  80  77  81  91  92
  94  95  93  90  88  89  94  95  96  96  94  93  95  96  92  89  91  94
  97  98  96  99 101  96  93  97 102 102  99  96  97  98 100 100  98  97
 102 109 113 115 116 119 127 135 135 131 128 136 139 139 140 135 126 123
 129 132 139 157 182 200 215 230 238 244 250 253 254 255 253 250 252 250
 251 253 253 252 251 249 252 253 254 253 251 252 254 254 253 251 245 232
 219 198 169 147 139 132 120 114 115 109 102 102 100  95  95  97 104 109
 106 105 112 110 109 101 101 102 103  97  94  98  92  88  78  60  45  28
  23  22  61  99 103 100  95  95  91  84  78  77  77  74  74  76  75  74
  73  73  74  75  77  79  81  82  83  87  84  76  73  71  75  78  78  76
  77  77  75  72  75  75  76  81  81  89  95 119 143 148 148 148 150 149
 148  27]","[ 28  29  67  66  65  66  62  57  54  62  67  71  75  70  66  72  83  86
  90  91  90  88  85  84  86  90  92  91  90  90  90  89  92  88  92  96
  96  95  95  98  94  93  92  93  97  98  96  93  93  93  93  94  97 101
 103 103  95 100 101  99 105 116 121 119 130 133 135 141 144 135 126 129
 126 123 121 128 137 133 131 140 148 165 188 212 233 249 253 252 254 252
 255 254 250 252 254 253 253 252 252 252 251 253 253 250 254 252 252 254
 254 253 246 229 217 198 164 139 132 127 124 130 120 113 106  97  99 107
 101  95  99  97  99  97  97  95  99 100 100  98  90  96 104 101  91  72
  64  73  95 101 100  95  91  87  80  77  74  74  75  75  74  74  69  70
  73  76  77  78  79  81  80  81  81  84  80  73  73  75  75  81  79  75
  77  81  80  76  75  77  80  86  87 102 118 153 148 148 147 144 145 146
 146  30]","[ 30  27  81  75  66  69  71  69  65  68  70  72  71  64  58  57  61  64
  58  55  67  80  83  85  79  80  83  86  85  79  80  88  87  87  87  90
  94  95  95  98  96  95  93  92  91  91  92  93  95  93  91  93  98 101
 101 103 102 101 100  98  97 102 106 104 107 103 104 111 125 119 116 119
 124 128 134 130 129 133 131 130 130 128 130 139 144 146 164 189 219 237
 243 247 252 252 253 252 254 253 252 253 253 253 252 251 253 251 252 251
 252 254 252 252 255 251 254 249 219 196 174 146 141 140 131 124 119 113
 107 100  96  98  88  89  92  93  97  93  97  93  97  96  95  94  89  92
 104 109 105  99  99  91  80  76  72  69  75  80  77  75  74  69  61  64
  70  76  79  77  77  81  82  79  78  81  81  75  72  76  81  84  80  80
  75  75  73  77  80  83  82  87 109 135 147 148 146 147 148 146 145 145
 148  30]","[ 28  30  90  93  89  90  86  80  75  77  76  76  73  68  65  67  62  64
  57  47  40  37  43  57  58  63  70  75  73  70  74  81  83  80  78  84
  92  92  89  88  89  91  93  94  94  94  93  91  88  91  91  92  97  99
  98  97  97  99 102  98  93  94  99 103 107 102 101 102 109 103 103 107
 104 106 112 113 118 126 126 126 128 134 135 135 140 142 137 129 132 147
 163 171 186 213 233 241 247 250 253 254 253 250 252 254 250 252 254 252
 251 252 251 253 254 253 252 253 252 251 246 240 227 195 165 151 142 122
 117 118 108 113 104 101  94  94  94  94  87  89  95  99  98  95  94 102
 104 107 102  95  91  83  75  73  74  75  79  81  79  76  70  61  57  58
  62  69  73  74  76  78  79  77  77  80  80  78  76  77  78  81  81  80
  78  82  81  85  83  87  97 115 137 148 148 146 145 146 148 148 148 146
 147  27]","[ 28  29  91  97  95  96  91  86  80  81  81  80  77  73  70  72  73  65
  55  54  60  59  60  66  61  60  59  53  45  49  64  74  75  76  75  75
  78  80  79  80  81  86  90  92  93  93  91  87  89  90  88  86  90  94
  93  91  92  95  99 100  97  96  99 101 102  98  98  98 102  99 102 104
 102 102 103 102 104 109 112 115 121 127 131 130 131 136 137 132 131 122
 132 140 140 143 150 161 181 194 213 231 247 254 254 251 254 251 252 251
 252 254 253 253 250 252 252 252 255 255 253 254 253 253 253 243 229 201
 179 151 132 125 112 113 104 100  93  95  92  97  96  96  97  97 100 104
 102 100  95  88  82  76  73  73  73  79  82  79  75  72  68  63  61  57
  60  66  71  76  81  81  80  77  78  79  79  80  81  79  81  81  82  79
  79  87  87  94  91  90 105 135 153 151 148 155 148 146 146 145 146 145
 147  28]","[ 30  27  84  88  87  88  85  85  83  84  85  87  87  82  77  75  77  74
  69  68  73  73  68  65  66  63  65  65  62  62  58  47  50  59  63  59
  58  60  60  59  65  71  76  78  82  86  88  88  89  89  87  87  92  93
  89  85  87  90  92  90  85  86  91  94  95  92  93  96  99  99  98  94
  95  95  97  98  98  97  97  99 106 107 114 117 112 111 117 121 123 122
 131 136 137 141 140 139 135 135 140 149 156 167 186 205 220 227 241 251
 254 252 250 254 252 252 254 254 250 251 254 253 254 253 254 252 254 252
 252 235 215 195 174 162 146 131 114 110 112 110  98  97 102 101 102 101
  97  90  85  82  77  75  76  76  75  80  79  74  71  71  70  69  66  60
  61  66  69  76  83  82  83  77  77  79  77  79  83  80  80  79  83  82
  85  91  94 105 115 134 150 154 152 150 149 150 150 147 146 145 146 145
 148  30]","[ 29  28  83  86  84  85  84  86  82  81  79  81  84  82  77  74  73  80
  82  80  78  78  77  75  72  68  67  66  65  69  69  60  56  58  57  53
  54  56  56  56  58  64  67  67  69  74  79  81  83  83  84  87  91  90
  87  88  88  88  89  87  87  89  89  85  88  87  89  92  93  95  93  89
  95  94  95  97  97  95  96  99  96  93  96  99  97  95  93  89  98 110
 110 110 118 128 135 134 138 140 141 137 133 133 137 141 146 142 152 174
 197 215 229 243 247 250 253 253 253 254 254 250 254 250 249 251 251 252
 254 250 245 239 238 226 209 186 170 161 163 144 116 109 111 106 104 101
  91  82  78  78  76  76  78  76  77  74  70  71  75  75  73  72  70  66
  68  71  72  78  84  82  82  76  77  81  79  79  82  81  79  81  88  90
  91  93 102 118 137 151 157 151 149 154 153 149 149 149 152 154 153 149
 149  29]","[ 29  29  83  84  83  84  83  86  87  83  77  75  78  80  80  80  79  81
  81  81  81  83  83  81  78  76  75  73  72  77  83  83  77  72  67  65
  64  59  56  58  62  65  66  62  59  61  64  66  68  73  79  85  86  82
  81  85  87  87  88  89  88  89  87  82  87  89  88  87  86  89  89  90
  91  95  97  96  89  83  88  93  94  91  91  94  96  96  96  95 102 106
 100 102 103  99 107 118 115 127 136 135 130 130 133 134 126 119 120 125
 125 124 130 144 172 192 211 229 246 253 253 254 252 254 254 254 251 250
 249 243 243 237 243 240 235 224 236 245 243 207 156 122 108 104 101  94
  87  78  75  76  75  75  75  73  70  66  67  74  79  79  77  76  74  75
  78  79  79  82  85  83  81  78  81  87  86  83  83  82  80  83  89  92
  96  99 118 137 159 151 145 147 153 152 149 150 149 151 156 157 156 153
 151  29]","[ 29  29  82  81  80  81  79  83  85  83  78  74  75  77  79  82  82  82
  82  81  80  83  85  84  81  75  72  75  80  82  79  76  81  84  86  88
  83  71  63  62  66  67  66  62  59  58  60  62  64  62  57  54  55  58
  65  73  77  79  83  82  75  74  82  91  86  89  84  82  80  83  81  84
  83  89  91  92  85  79  83  86  91  91  93  97  98  94  93  97  94  99
 101 100  98  96  99 103 103  93  90 100 109 112 118 127 125 119 122 126
 125 119 116 121 129 131 129 130 136 144 157 174 195 198 209 227 240 239
 241 240 239 233 234 238 238 233 246 248 228 184 136 105  94  98  97  90
  81  77  75  75  74  73  72  71  66  64  70  79  81  80  81  82  80  83
  84  81  80  82  84  83  84  86  89  93  92  89  86  85  82  85  88  97
 113 122 143 152 146 150 151 149 149 148 148 149 151 153 155 154 154 153
 153  30]","[ 29  30  83  82  82  83  79  82  83  86  86  83  82  81  82  85  87  88
  87  82  81  84  85  79  78  78  77  78  77  74  74  78  77  85  89  88
  86  83  79  77  80  78  75  71  67  65  65  67  64  63  61  60  63  62
  58  55  45  43  50  63  68  68  72  76  79  82  76  78  81  86  81  83
  82  77  67  67  70  73  81  82  89  91  90  92  98  97  91  88  91  90
  98  96  93  98  96  94  96  97  97  98 101 105 103  98  95  98 107 113
 114 113 115 123 124 115 116 122 118 117 123 126 125 133 147 156 172 176
 194 204 216 226 231 237 241 246 246 224 179 130 102  99  99  94  85  82
  76  76  76  76  74  72  72  72  73  69  74  81  81  82  84  82  89  91
  88  82  81  83  85  87  89  93  95  94  94  91  88  86  91  95  95 111
 135 144 155 148 152 152 150 149 149 149 150 154 151 153 155 152 153 154
 153  28]","[ 30  30  88  82  85  88  83  80  84  90  92  87  88  90  88  88  90  86
  88  82  78  82  82  82  79  77  78  79  78  74  73  74  77  85  81  83
  80  82  82  81  81  79  79  80  78  74  73  74  71  65  63  66  69  64
  56  52  52  53  52  52  56  59  60  61  62  59  59  65  73  78  79  82
  81  81  83  83  74  74  83  82  87  87  92  93  89  92  90  76  81  88
  90  89  95  97  91  86  94  97  96  94  97 101 103 104 103  96  96 100
 103 105 106 112 111 113 118 122 122 120 120 123 117 116 112 109 110 111
 116 122 146 165 188 215 232 235 210 160 115 102 101 102  90  81  81  82
  76  73  72  72  72  71  73  77  81  81  82  82  82  83  84  84  86  86
  86  84  86  89  90  88  93  94  93  93  93  90  87  88  94 108 118 139
 154 151 150 151 149 150 151 152 152 151 150 151 150 150 153 153 153 153
 153  28]","[ 28  29  91  90  92  93  90  88  86  85  89  92  94  94  91  94  92  87
  88  85  82  83  80  81  81  81  81  81  81  80  79  79  77  80  73  76
  78  82  80  76  76  78  80  81  78  75  76  79  78  75  74  75  75  72
  69  67  67  64  59  55  53  54  54  53  51  51  52  53  58  63  63  60
  61  63  67  76  80  80  82  81  78  73  79  90  88  84  83  83  86  88
  83  77  80  86  88  89  89  93  94  92  94  97  98 100  98  95  96  96
  97  97  94  95  96  99 101 102 103 106 111 114 117 119 118 118 119 117
 113 112 114 133 136 140 155 164 140  93  93  98 100  89  76  76  80  78
  75  72  70  70  71  73  75  78  82  83  83  82  83  84  83  81  81  84
  86  87  89  92  94  94  88  94  95  92  90  89  87  86 107 133 143 146
 149 150 153 150 148 149 150 152 153 153 152 152 150 149 151 151 151 153
 153  29]","[ 32  28  93  96  98  98  93  90  90  87  88  88  89  92  92  92  94  90
  89  89  89  87  81  82  81  85  88  88  86  84  81  79  82  82  76  80
  84  87  82  76  71  74  77  77  77  77  80  83  82  82  82  82  80  80
  80  81  82  77  73  69  64  64  64  60  52  52  53  54  54  57  57  51
  43  43  42  53  66  71  77  83  73  73  72  69  67  70  78  84  80  87
  86  79  76  78  82  86  89  93  93  91  92  94  94  95  94  93  95  93
  94  97  96  96  97  97  96  93  92  95  98 101 103 104 104 107 112 115
 113 112 115 120 115 120 129 118 100  86  90  93  92  83  74  73  74  74
  74  71  67  66  70  75  79  81  83  84  83  83  84  86  84  80  79  84
  88  88  89  91  93  94  91  89  88  91  95  95  97 102 135 151 152 148
 146 146 151 153 150 150 151 152 153 153 151 150 150 148 150 150 152 153
 154  29]","[ 27  28 106 106  97  95  94  95  92  87  88  84  82  88  94  97 100  98
  94  91  92  89  82  81  86  90  93  92  87  83  82  82  82  84  82  83
  86  87  84  82  76  76  75  74  76  79  80  80  79  81  82  81  81  82
  84  85  82  79  80  80  77  79  78  72  63  57  60  64  61  61  63  61
  54  54  53  56  58  56  58  61  55  56  54  55  58  61  67  77  88  88
  84  81  81  83  82  80  84  86  86  85  88  90  89  88  88  88  89  86
  87  91  91  92  98  97  96  94  92  89  90  92  96  94  92  94  98  99
 103 108 105 109 108 114 116 101  93  95  96  91  85  82  79  73  70  73
  73  70  66  64  68  74  80  82  81  83  82  80  82  86  85  81  80  85
  89  89  88  89  91  91  88  88  87  89  92 101 120 140 154 153 147 146
 147 144 149 154 152 152 153 154 154 153 152 151 150 149 152 153 155 155
 154  29]","[ 33  31 124 126 124 124 116 107 101  95  98  97  89  86  91  99 100 101
  94  88  90  92  90  89  89  90  93  96  94  87  82  81  81  82  82  80
  84  86  86  87  83  82  80  78  77  77  77  76  75  77  78  78  80  83
  84  82  80  78  82  84  82  83  83  76  72  67  70  74  72  72  74  72
  64  65  69  72  66  62  63  58  47  46  43  46  50  47  44  48  65  74
  82  84  80  78  80  81  80  82  81  82  85  85  81  77  80  80  83  84
  85  87  86  89  87  89  90  88  86  87  87  86  94  93  93  93  90  83
  83  90  92  92  90  92  93  91  89  87  87  88  82  77  76  72  69  73
  72  70  68  66  68  73  77  79  80  81  79  76  77  82  84  81  83  87
  90  89  88  89  91  91  86  89  87  85  97 121 144 158 152 152 148 146
 147 148 151 152 153 154 155 155 155 155 154 154 151 151 155 156 155 155
 154  29]","[ 28  28 147 147 145 142 133 126 129 129 133 129 117 108 105 108 117 116
 105  96  94  95  96  93  93  90  91  96  99  95  89  85  83  83  85  84
  89  88  84  83  81  83  84  82  78  75  74  74  73  74  74  76  80  83
  82  79  81  80  82  82  80  81  80  76  76  76  79  80  79  82  83  78
  76  75  78  80  74  73  76  68  60  60  57  56  55  51  48  51  50  48
  48  48  48  54  60  63  69  72  75  78  81  80  75  73  68  67  72  75
  76  77  79  85  84  90  90  84  82  86  87  83  90  91  92  93  86  75
  73  80  86  78  75  78  78  79  81  78  79  80  76  72  71  68  67  70
  71  70  69  69  70  72  74  75  80  81  79  75  76  80  83  82  84  87
  90  89  87  88  89  88  92  94  95 104 125 144 152 151 150 149 147 146
 147 150 152 152 154 156 156 155 153 154 154 153 153 153 156 155 154 153
 154  30]","[ 30  28 162 160 162 158 150 146 147 151 152 146 140 136 130 130 125 123
 114 108 105 106 107 101  96  92  88  88  91  92  92  92  87  85  90  88
  94  91  84  80  81  83  85  84  79  74  73  75  74  74  74  77  80  82
  82  80  80  80  78  76  75  76  76  75  75  77  78  78  79  82  82  79
  76  76  78  82  82  81  82  78  77  72  72  76  72  60  56  63  56  53
  53  51  45  44  47  47  48  54  60  63  65  66  67  70  66  65  68  69
  67  67  67  73  81  86  88  85  83  84  84  82  89  88  87  86  82  76
  74  78  79  75  73  70  71  77  78  74  77  72  68  70  70  66  64  67
  71  68  67  68  71  73  74  76  82  82  80  79  80  82  83  83  83  88
  91  91  89  89  89  89  96 107 121 135 145 147 147 150 153 148 147 148
 149 151 153 154 155 156 155 154 153 154 154 153 155 154 155 154 154 154
 154  29]","[ 29  28 174 166 163 158 159 168 167 163 160 157 158 156 153 159 159 154
 145 140 132 124 120 109 105 109 111 110 109 107 105 103  94  91  94  90
  96  95  91  91  89  87  86  85  81  77  74  75  76  76  76  78  80  82
  82  83  80  81  78  75  75  75  76  77  76  75  74  76  79  79  79  83
  76  76  73  76  78  75  77  82  78  78  77  79  84  89  88  83  74  65
  61  62  62  61  56  48  45  51  54  52  49  48  52  58  55  56  61  61
  59  56  52  54  63  66  74  83  84  80  80  83  80  79  76  74  76  77
  77  78  78  71  66  65  69  73  73  75  71  68  66  67  67  65  65  66
  71  66  63  65  70  73  77  80  82  82  81  82  83  84  84  83  82  89
  94  95  94  94  94  94 104 122 138 146 147 147 148 151 150 151 155 154
 152 154 155 154 153 154 154 153 155 158 159 158 156 154 155 155 155 155
 154  29]","[ 29  28 157 167 162 159 165 171 174 171 167 166 165 162 163 168 174 167
 159 151 143 143 145 143 143 135 124 130 129 127 123 119 110 108 114 106
  99 102 100 101 101  95  87  90  90  88  88  84  82  83  78  81  84  81
  82  81  79  79  82  81  79  76  73  73  78  76  74  75  75  76  80  79
  74  75  73  76  74  72  77  76  76  74  74  77  80  82  82  80  79  76
  73  76  81  82  76  70  65  64  58  49  43  43  47  50  51  50  52  54
  48  43  44  48  50  50  57  66  68  70  73  74  75  75  70  68  72  71
  69  73  73  68  64  65  66  65  65  67  66  66  65  65  64  65  68  71
  70  68  67  69  73  77  79  81  85  83  84  85  85  86  87  86  86  91
  95  98  96 101 101 104 123 142 146 144 145 145 149 151 152 151 152 155
 156 155 153 151 155 154 153 154 156 158 158 158 156 153 153 154 156 158
 159  28]","[ 32  27 124 125 132 137 145 160 171 175 178 176 170 168 170 173 170 169
 165 157 154 162 166 161 163 162 148 152 154 147 139 143 151 139 136 128
 117 112 107 110 112 110 100  95  99 105 103  87  89  88  86  85  84  83
  84  83  84  82  84  85  83  78  76  78  76  75  74  78  79  78  80  78
  75  76  72  72  71  72  76  75  74  74  75  76  76  76  76  76  76  75
  76  80  83  82  78  74  69  71  71  70  70  70  67  63  57  56  53  49
  46  43  42  43  46  46  46  48  47  44  50  62  69  65  62  65  69  67
  64  67  67  64  62  60  57  56  59  63  60  62  64  65  67  70  73  74
  74  72  72  73  77  80  82  83  82  84  87  89  88  89  90  90  92  93
  94  99 101 109 115 123 147 154 152 148 147 145 148 150 151 152 153 154
 155 154 152 152 153 155 155 154 156 159 157 154 154 153 154 155 156 157
 158  28]","[ 28  31 127 129 132 127 123 130 128 134 141 139 136 144 155 159 168 174
 180 174 162 160 169 174 174 173 161 159 163 162 160 164 162 158 161 156
 149 146 140 140 132 130 124 121 119 116 110 100  98  96  97  93  86  84
  84  84  86  88  90  91  89  85  80  77  81  82  80  80  79  80  81  74
  75  81  79  74  70  69  73  74  69  70  72  73  75  76  76  76  71  72
  75  79  80  76  72  71  71  74  76  79  84  86  79  70  68  70  66  60
  59  56  49  46  45  47  45  45  47  42  39  47  47  40  41  48  51  47
  46  48  56  57  57  55  51  48  48  50  53  57  61  64  68  73  75  76
  74  74  75  76  79  81  83  84  80  85  89  90  88  88  90  90  90  93
  93  99 104 119 134 147 151 151 148 150 150 148 149 149 151 152 153 155
 155 155 155 155 153 155 155 154 156 159 157 152 154 154 156 157 157 157
 158  29]","[ 30  32 145 147 138 132 131 129 122 123 125 120 115 122 129 127 128 130
 139 146 146 148 155 158 167 167 168 165 160 164 168 165 165 165 168 165
 163 165 162 161 170 161 154 152 145 133 130 135 129 122 125 120 109 106
 103 103 102 103  99  95  97 102  99  89  90  88  84  83  82  82  83  79
  78  83  81  75  72  71  73  75  75  73  72  73  76  77  75  73  73  73
  77  81  80  74  70  70  71  72  72  71  75  79  75  68  70  76  73  70
  71  68  61  58  55  55  49  45  47  47  43  39  36  31  35  42  40  37
  40  41  38  39  40  42  45  47  48  48  50  56  61  64  67  72  75  75
  74  75  76  77  78  81  83  83  81  85  88  89  89  90  90  90  92  90
  91 111 128 143 150 154 153 150 151 155 155 154 154 152 155 155 155 157
 157 157 156 157 153 154 153 153 156 159 157 154 155 155 157 158 158 158
 159  30]","[ 29  27 163 168 167 168 169 162 152 150 150 145 134 128 123 113 116 120
 128 131 130 132 130 123 128 133 147 153 153 162 174 177 175 172 173 175
 177 176 174 176 174 169 165 167 169 164 160 163 162 152 153 150 140 134
 130 131 119 117 104  95  96 105 110 104  94  87  83  87  87  85  89  91
  84  81  78  76  78  81  79  78  77  74  72  73  76  77  76  75  78  77
  78  81  81  76  73  72  74  73  70  65  65  70  71  69  70  74  72  70
  73  72  70  73  80  76  73  66  55  53  51  43  40  35  38  41  38  38
  41  38  40  36  31  29  31  36  41  44  48  56  64  67  69  73  75  74
  77  78  78  78  78  80  83  84  82  85  87  90  95  95  92  92  92  95
 106 137 152 153 151 152 156 155 156 156 156 159 161 161 159 158 157 157
 157 156 155 154 155 153 153 155 157 157 156 155 155 154 155 157 157 158
 159  29]","[ 31  28 162 159 162 162 161 161 161 163 167 169 166 166 167 163 156 143
 132 128 128 130 127 119 119 119 126 130 134 127 122 124 138 145 151 156
 163 169 175 180 171 171 174 178 183 180 171 172 177 167 166 166 161 156
 153 152 167 152 131 130 139 141 133 117 126 124 117 111 104  99  99  93
  99  93  94  96  96  94  89  86  74  74  74  75  76  78  81  83  79  77
  77  79  80  78  76  75  75  75  72  67  66  69  72  72  74  75  74  73
  73  70  70  75  69  65  74  79  70  67  67  61  56  50  49  49  47  50
  50  43  40  36  31  27  26  31  39  46  48  57  66  71  73  75  76  75
  79  80  80  78  78  80  82  82  83  86  88  92  98  95  92  94  99 119
 135 153 153 151 152 152 153 155 157 155 156 160 162 164 159 157 156 157
 158 157 156 155 156 154 155 158 159 157 154 154 156 154 155 157 158 159
 159  29]","[ 28  30 162 161 163 160 159 161 160 162 162 161 161 164 168 169 172 165
 164 165 158 149 147 146 147 136 131 126 131 128 126 128 123 131 128 119
 121 129 135 135 151 154 159 163 170 173 173 182 175 173 171 175 177 175
 172 168 173 173 166 167 163 153 150 142 143 147 144 136 129 127 127 119
 116 108 115 117 106  97  92  92  88  88  87  85  83  82  83  84  82  81
  80  81  81  81  81  81  78  75  73  71  71  73  74  74  73  73  74  74
  72  69  66  66  68  64  69  75  71  68  68  66  61  57  56  55  53  55
  54  49  49  46  43  38  33  31  35  42  52  57  65  70  74  76  77  77
  79  81  81  79  78  81  82  82  85  89  92  96 100  96  98 107 127 145
 150 155 153 157 160 153 157 159 162 158 160 160 156 159 157 156 157 158
 159 158 158 158 157 157 157 159 159 156 154 153 155 154 156 158 159 160
 160  29]","[ 29  31 159 165 162 160 161 159 155 160 161 161 163 167 166 165 161 158
 159 161 160 162 164 161 157 152 163 160 156 155 153 143 140 139 129 124
 129 131 126 120 116 123 127 125 131 138 139 147 163 168 168 174 181 181
 178 170 170 174 169 171 170 167 171 166 161 159 159 163 158 152 153 155
 147 133 137 138 123 113 110 112 107 104 100  96  93  90  87  85  84  84
  83  82  81  81  82  83  82  77  73  73  75  76  76  75  73  72  72  73
  72  71  69  65  60  63  66  67  65  64  63  61  58  58  60  59  56  56
  57  57  54  51  48  46  42  38  41  46  56  58  62  67  71  74  77  78
  80  82  82  81  81  83  85  85  88  94  98 101 103 101 109 127 143 152
 152 159 156 153 158 158 159 161 161 158 161 160 155 159 159 159 159 160
 160 159 158 159 158 159 159 157 157 157 156 154 153 153 156 158 159 159
 159  29]","[ 31  26 174 170 170 171 166 163 159 161 163 162 160 163 165 164 159 158
 158 159 159 159 160 162 160 157 155 154 157 160 162 161 162 166 165 156
 150 151 147 137 128 128 127 117 114 123 126 129 126 125 128 132 140 140
 147 156 168 172 174 172 173 175 180 184 182 183 181 182 179 172 171 172
 175 181 178 166 166 160 145 145 137 129 129 123 105  93  91  88  89  86
  84  85  81  81  80  80  81  80  76  74  77  81  80  76  76  73  72  75
  74  70  66  66  64  65  68  69  65  61  59  57  56  57  58  55  55  56
  55  58  53  52  49  44  41  43  47  50  58  59  61  64  65  65  70  79
  86  86  87  85  80  84  91  92  96  97 101 102 104 105 126 142 148 152
 156 156 156 158 161 163 165 163 162 162 161 159 157 157 161 162 162 161
 160 160 160 161 161 161 161 160 160 160 158 157 156 155 156 157 158 161
 161  30]","[ 30  27 179 177 178 177 171 167 170 170 170 170 170 171 170 166 162 159
 157 158 158 157 157 158 160 158 156 154 155 155 154 153 153 156 158 156
 153 152 153 153 157 150 141 130 129 135 132 128 132 126 121 115 118 118
 124 129 132 131 138 143 143 144 153 160 160 163 169 179 183 178 179 184
 182 181 180 179 183 179 172 178 167 153 147 144 131 120 115 110 104 102
  98  97  91  92  87  83  84  85  83  78  77  80  83  83  80  78  77  77
  76  72  70  70  66  66  68  69  66  61  57  54  55  55  56  55  56  57
  53  53  51  50  47  44  42  45  51  56  60  59  57  58  62  65  73  82
  85  88  89  87  84  88  94  96 100 101  97 104 118 137 150 153 155 158
 159 157 158 162 165 166 165 164 162 162 163 162 159 157 157 161 163 163
 160 158 158 160 161 161 160 159 159 159 158 157 157 157 158 159 161 162
 162  30]","[ 30  28 181 179 179 180 177 175 178 178 178 177 176 176 175 172 172 166
 163 164 164 162 160 160 162 160 157 154 154 157 158 158 155 155 154 156
 157 154 152 153 152 149 147 143 146 153 152 150 144 147 148 140 137 130
 131 132 130 124 126 129 120 113 112 111 120 130 132 131 138 151 163 166
 177 185 190 187 186 186 183 183 184 177 175 170 155 145 142 138 124 122
 116 111 105 107 103  98  96  96  94  89  87  89  89  87  84  83  80  78
  77  76  75  75  74  72  72  70  65  60  57  54  57  55  54  53  56  57
  52  51  52  51  49  45  42  43  49  55  56  58  59  61  67  71  76  81
  82  86  91  96  97  95  96 100 107 105 100 122 136 154 155 157 162 163
 162 160 161 166 167 166 166 165 164 164 165 165 162 159 160 162 163 162
 160 159 161 163 164 163 161 160 160 160 159 158 157 157 159 161 162 163
 161  29]","[ 30  29 182 180 180 181 180 180 180 182 183 181 177 177 179 179 181 176
 173 174 175 171 169 168 165 162 159 157 158 161 163 163 161 160 155 155
 158 158 154 152 150 152 153 152 151 152 151 150 149 148 148 147 153 152
 151 148 143 139 138 139 133 129 122 116 111 118 116 113 115 121 131 136
 130 143 154 154 160 175 185 184 180 179 179 176 171 170 163 150 144 136
 127 126 127 130 120 107 108 109 107 104 102 100  96  91  93  91  86  82
  80  79  78  77  76  73  70  66  59  57  58  59  59  57  57  54  56  57
  52  51  54  54  51  47  41  40  44  50  56  62  67  70  74  76  76  76
  83  86  87  89  94  96 100 107 108 113 121 150 156 160 158 164 165 167
 166 163 164 167 166 163 166 167 166 164 165 166 164 160 161 160 159 159
 160 162 162 163 167 164 162 161 161 161 161 160 157 158 160 161 162 163
 162  29]","[ 28  29 184 184 183 183 182 181 182 183 186 185 182 181 182 182 181 178
 178 180 180 177 175 176 177 175 172 171 171 171 169 166 166 165 162 160
 159 157 156 156 153 153 152 152 152 153 154 153 152 147 145 146 152 151
 151 152 150 149 143 143 138 133 124 124 131 141 140 133 128 128 131 131
 123 121 121 124 125 127 130 128 135 141 147 148 147 151 152 145 140 136
 130 130 127 129 124 118 115 118 118 115 111 108 105 102 106 103  97  90
  87  86  83  80  78  73  68  65  62  64  67  68  59  60  61  59  58  56
  50  50  56  55  53  48  42  40  44  49  61  69  74  75  76  77  76  75
  81  87  86  84  90  98 104 109 115 133 148 164 163 165 165 166 168 170
 169 166 166 168 167 164 165 167 165 163 162 163 162 160 160 160 161 162
 164 164 162 161 166 163 161 161 161 160 160 159 159 159 160 161 162 163
 162  29]","[ 29  29 183 183 182 182 182 182 182 182 184 186 186 185 183 180 178 179
 180 181 180 179 178 179 179 177 175 173 174 174 172 170 175 173 176 176
 168 159 156 154 161 161 158 157 154 152 155 157 154 153 155 154 152 142
 144 151 150 149 145 147 131 117 109 116 123 142 148 142 140 145 149 145
 141 135 133 137 134 126 124 123 125 118 115 120 128 131 128 122 118 124
 129 133 127 126 124 123 121 121 120 118 117 117 116 114 113 110 105 100
  98  96  93  89  87  80  74  74  76  78  77  73  66  66  66  60  57  55
  51  52  58  59  56  51  45  44  47  50  57  68  76  77  78  79  79  79
  80  81  85  92  96  99 108 120 138 151 160 164 164 166 168 166 172 173
 172 170 168 170 170 169 167 167 165 162 161 161 162 161 161 162 163 162
 161 160 161 162 164 162 160 160 161 160 159 159 161 160 160 160 161 161
 161  29]","[ 30  29 182 179 179 180 181 182 182 181 183 185 185 184 182 179 181 182
 183 182 180 179 180 180 180 179 177 176 177 179 180 180 181 181 186 180
 160 148 144 140 142 152 160 166 162 156 161 166 167 163 161 161 163 156
 156 160 155 149 147 144 113  95  89  94  97 115 133 145 149 149 152 154
 154 155 151 150 146 142 146 147 140 134 130 130 129 125 122 121 126 121
 114 113 113 122 123 121 119 118 117 118 120 121 119 117 112 111 109 107
 105 103 101  99  96  89  85  86  87  86  81  74  76  75  74  68  64  61
  54  54  57  60  59  54  50  49  49  47  49  61  72  77  79  80  80  81
  80  78  84  96  99 105 123 144 156 158 160 167 170 171 173 173 174 174
 173 172 171 170 170 171 170 168 166 165 163 163 163 164 162 162 160 158
 155 156 159 162 163 161 160 161 161 159 158 159 162 161 160 160 160 161
 160  28]","[ 29  28 183 182 182 182 180 179 182 182 184 185 183 182 183 183 184 186
 185 182 179 179 179 178 178 179 180 180 179 179 180 179 181 185 186 163
 127 113 116 112 109 129 152 171 172 165 169 173 175 173 174 172 172 163
 161 163 162 151 145 136  95  83  83  81  84 109 129 141 147 150 153 151
 150 152 149 152 152 147 149 149 151 150 151 152 153 151 149 147 137 138
 133 127 119 123 120 115 109 113 117 119 118 117 115 114 112 112 111 110
 108 105 103 102 101  98  97  98  96  92  87  81  82  83  84  81  78  71
  58  52  52  57  60  57  54  53  49  45  46  57  67  72  75  76  78  80
  76  84  97 104 108 123 146 161 160 162 162 171 173 173 173 173 173 173
 174 174 173 170 168 167 172 169 167 166 166 165 165 165 166 164 162 161
 161 161 162 162 161 160 160 161 161 159 158 159 163 161 161 160 161 162
 161  29]","[ 29  29 186 185 186 186 186 182 186 187 187 187 186 185 184 184 185 186
 184 178 175 177 180 181 182 179 178 179 179 181 182 180 181 180 183 132
 108  97  91  90 101 108 135 155 167 174 173 181 175 176 178 179 174 167
 165 168 171 165 161 121  87  84  79  81  80 105 119 143 153 152 155 152
 147 150 152 152 152 153 153 152 150 151 152 151 151 153 152 150 152 154
 154 151 150 152 146 135 126 123 124 128 124 112 104 103 109 112 114 113
 110 108 107 107 106 102  98  97  97  94  90  88  90  87  91  92  92  89
  77  74  75  71  62  59  62  59  54  53  54  55  64  68  72  72  77  79
  82  94 102 115 135 151 160 163 163 166 167 170 173 173 172 173 174 175
 176 176 174 171 169 169 172 171 170 168 166 166 167 165 167 167 164 161
 161 160 160 161 161 161 160 160 160 160 159 158 162 162 162 162 161 161
 161  30]","[ 30  30 187 186 187 187 188 184 186 187 188 189 188 186 186 186 186 187
 186 182 180 181 182 183 182 180 179 180 180 182 183 182 177 173 179 130
 103 105  92  90  86  89 124 158 166 171 178 179 177 177 178 179 176 172
 170 171 171 166 163 115  90  84  83  83  85 102 119 157 163 161 161 158
 156 156 157 157 157 158 157 156 151 152 154 156 156 154 154 154 153 151
 151 153 154 154 152 149 152 150 148 146 141 135 131 131 129 121 118 122
 123 116 110 109 112 106 104 103  96  94  97  98  99  97  95  90  89  91
  87  83  79  77  71  70  74  72  63  58  60  56  62  66  73  77  84  88
  99 116 128 138 148 156 163 166 166 170 172 172 172 173 174 178 174 174
 175 175 174 172 171 171 173 171 171 170 169 169 169 168 167 167 164 161
 162 163 163 164 164 163 163 162 162 163 164 164 162 162 162 162 162 162
 162  30]","[ 30  30 188 187 189 189 191 189 187 188 189 189 188 187 188 188 187 187
 187 186 184 183 183 183 184 182 183 183 181 182 184 183 181 177 172 144
 107 101  96  93  92  89 112 144 162 174 181 178 179 178 178 178 178 177
 175 174 172 169 163 109  89  86  86  86  89  98 118 170 175 172 171 169
 172 170 167 167 166 164 162 161 159 158 160 163 160 154 152 155 157 154
 153 153 150 149 150 149 148 150 150 150 151 154 157 157 153 148 147 148
 141 129 125 130 129 120 121 120 109 104 106 101  99 100  98  98  97  95
  90  82  82  82  78  75  76  74  68  64  60  59  67  68  72  76  89 103
 111 130 143 151 154 156 162 165 169 173 175 174 174 174 175 179 177 178
 179 177 176 175 174 172 173 172 172 172 171 172 172 169 166 166 163 160
 162 163 164 165 164 164 164 163 162 163 164 165 163 162 162 162 163 164
 162  29]","[ 30  29 187 187 189 190 193 192 190 190 189 189 189 189 190 190 189 189
 188 187 185 183 182 182 185 185 186 186 183 182 183 183 179 175 166 155
 116 101 103 101  96  92 102 126 166 181 176 180 179 179 178 176 177 179
 178 175 172 173 160 106  85  91  89  91  89  96 115 166 177 173 172 171
 175 173 172 173 173 172 171 171 173 171 172 174 171 164 161 163 158 159
 157 152 149 153 155 150 148 151 152 151 151 152 152 151 147 149 151 152
 150 148 149 151 154 147 147 144 132 125 119 111 111 108 103 107 109 104
 101  96  91  92  91  91  88  80  70  63  63  58  64  65  74  80  91 105
 130 143 152 157 159 162 168 170 171 173 173 174 176 175 174 175 178 181
 182 181 180 180 177 174 174 173 172 172 171 172 172 169 166 166 164 161
 162 162 162 163 163 163 164 165 164 162 160 160 162 162 163 162 163 164
 163  29]","[ 28  28 186 186 188 188 192 193 193 192 192 192 193 192 191 189 190 190
 189 188 186 184 184 186 185 186 187 187 184 183 184 183 189 182 182 162
 124 107  99  97  98  91  94 111 158 177 171 183 179 180 179 177 177 178
 178 176 172 175 161 103  86  94  93  96  97 107 120 161 179 174 174 174
 173 173 173 175 175 173 173 174 176 175 176 178 177 174 173 173 171 173
 170 162 158 161 160 152 151 153 154 155 154 152 151 150 148 152 154 151
 148 147 149 150 150 150 147 143 143 148 155 159 152 148 139 138 133 123
 121 117 110  99  92  93  96  94  91  89  85  78  81  81  91 100 111 128
 143 149 152 154 155 159 166 167 170 172 172 173 175 174 173 174 177 180
 181 180 181 182 181 179 176 174 173 172 171 171 171 168 168 169 167 164
 164 163 162 164 164 163 164 165 165 163 160 159 162 163 163 162 162 164
 162  29]","[ 29  29 186 186 187 187 191 192 193 192 193 194 194 193 190 187 189 189
 189 187 187 187 188 190 186 186 188 188 186 186 186 185 186 185 187 175
 141 110 102 105  98  93  95  98 138 171 178 178 178 180 181 179 178 178
 178 178 175 174 166 104  92  93  97  97  98 108 118 154 175 172 174 174
 176 177 178 179 177 175 174 174 175 174 174 174 174 174 173 171 172 172
 172 171 170 172 171 167 162 160 159 158 157 154 153 153 151 153 155 154
 150 148 150 154 149 151 149 146 147 146 144 144 148 152 152 151 147 143
 141 138 139 126 119 118 115 109 106 106 106 100 102  98 107 116 127 146
 149 152 153 153 152 157 166 168 169 173 174 173 173 173 174 178 179 181
 181 179 180 181 182 182 179 177 176 174 172 172 172 169 169 170 168 166
 166 165 164 165 165 163 163 164 164 163 161 161 162 164 164 162 162 164
 163  29]","[ 29  29 187 187 187 187 191 193 192 192 193 193 192 191 188 187 189 189
 188 187 188 191 191 191 188 186 187 187 186 187 188 187 185 187 183 184
 157 115 101 104  94  96  97  95 124 159 183 172 177 180 182 182 181 180
 180 180 179 178 172 111  97  94  97  95  98 104 114 156 175 176 178 177
 176 178 180 180 180 180 180 179 177 176 176 175 173 172 171 171 174 172
 173 175 173 171 171 170 168 166 164 164 165 165 165 165 159 155 152 155
 157 155 152 151 151 145 142 142 142 144 147 147 146 144 145 143 144 146
 147 148 155 146 141 137 129 127 133 140 131 121 120 116 130 139 138 148
 149 151 151 152 151 157 167 169 170 174 175 175 175 175 177 181 181 181
 182 181 180 180 181 182 181 179 179 177 175 174 174 172 171 171 168 166
 168 168 166 166 166 164 163 164 163 162 162 163 164 165 165 163 163 165
 164  30]","[ 29  29 187 188 188 188 192 194 194 194 193 191 189 189 189 190 191 191
 189 188 190 193 193 190 188 186 185 185 184 185 187 186 186 183 182 182
 170 143 108 107 105 105  96  93 109 131 171 176 176 179 182 184 183 181
 181 182 183 183 175 119  97  95  94  93  97  98 108 159 173 175 177 174
 176 178 180 179 179 179 178 177 174 174 174 175 174 173 173 176 172 171
 173 174 173 172 172 171 172 172 171 171 171 172 170 168 165 165 166 166
 164 162 161 161 158 151 156 160 151 146 148 147 146 135 133 136 141 145
 142 146 139 136 137 138 134 135 142 147 144 139 143 139 149 151 144 151
 153 152 151 153 154 160 170 170 171 174 175 176 179 179 179 180 178 179
 181 183 182 181 181 182 181 180 180 179 177 176 176 173 173 171 168 166
 169 170 168 167 169 167 167 167 165 162 162 164 166 166 165 163 164 167
 165  30]","[ 30  28 189 188 191 193 193 192 191 192 193 194 192 189 188 189 188 188
 189 191 191 192 191 188 187 189 189 187 187 189 189 187 185 185 181 181
 181 153 106 108 109 106 100  98 100 122 159 179 179 182 183 185 187 183
 180 182 182 178 171 118  89  94  96  95  97 100 110 157 174 174 174 180
 178 179 180 181 181 181 180 179 178 175 175 176 173 175 178 178 174 172
 172 173 172 172 174 174 171 170 170 172 173 172 171 170 168 168 168 167
 166 167 167 166 163 159 162 166 163 156 153 154 153 151 147 144 144 145
 145 144 142 139 136 136 136 136 135 136 135 136 138 142 148 151 152 153
 152 153 153 152 156 162 168 171 171 174 177 179 180 181 181 180 180 179
 179 180 181 181 180 179 179 180 180 180 179 178 175 173 172 171 168 167
 167 168 168 168 168 168 167 166 165 165 164 164 167 167 165 165 165 166
 166  29]","[ 29  28 190 190 193 194 194 193 194 193 191 190 190 190 191 192 191 189
 190 191 191 192 191 188 189 188 185 183 186 189 189 186 186 179 179 180
 176 157 128 109 104  99  97 102  96 102 139 172 181 186 186 183 182 181
 179 181 181 182 174 121  90  93  94  93 103 105 106 145 171 179 181 179
 180 180 180 180 180 181 182 181 182 179 177 176 175 177 179 180 177 173
 171 172 172 174 176 175 174 172 170 170 171 171 171 170 169 170 170 169
 168 168 167 166 164 162 164 167 164 159 157 157 159 159 158 156 155 153
 150 147 145 143 141 140 139 137 136 136 136 139 142 146 151 154 153 153
 154 154 153 152 153 159 166 170 174 176 178 178 179 181 182 183 182 181
 180 180 180 180 179 179 181 181 180 180 179 179 178 176 172 170 168 168
 169 170 170 169 169 168 166 165 166 166 166 165 167 167 165 165 164 166
 166  29]","[ 28  29 191 192 194 195 195 195 195 193 190 188 189 192 194 195 194 191
 191 191 191 193 192 188 190 191 189 186 185 186 187 185 189 184 185 183
 178 166 148 112  97  99  98 100 104 119 144 162 176 185 185 179 179 180
 179 180 180 186 179 130  99  97  96  95 105 109 111 147 177 176 178 177
 181 182 181 181 181 182 183 183 183 182 179 178 179 179 178 180 180 175
 172 173 174 176 177 175 174 172 171 171 172 172 172 171 170 170 170 169
 167 166 166 166 166 165 166 167 163 160 161 161 158 159 160 160 159 155
 151 147 147 145 142 140 138 136 136 135 139 143 146 149 154 157 155 153
 155 154 154 154 155 158 164 170 175 177 179 179 179 181 182 183 183 182
 181 180 180 181 181 181 182 182 181 180 179 179 180 179 173 171 169 169
 170 172 171 170 169 167 164 164 166 166 166 165 166 167 166 166 165 165
 166  29]","[ 28  29 192 192 193 194 195 196 194 194 192 190 191 194 195 195 195 193
 192 192 191 192 192 189 189 192 193 191 188 187 186 185 186 190 190 186
 187 180 156 121 103 105 108 111 113 116 133 152 171 180 182 178 179 180
 178 178 177 182 171 123  96  94  96 101 106 114 117 148 179 173 177 180
 181 182 183 182 182 182 182 181 181 182 180 181 183 181 177 178 181 177
 175 176 176 176 176 173 173 172 172 174 175 174 173 172 171 171 169 168
 166 165 166 167 168 168 168 166 162 161 162 162 160 159 159 159 160 158
 155 153 148 146 143 140 137 137 138 138 142 146 147 149 155 159 158 155
 154 154 156 159 160 161 165 171 174 177 180 181 181 181 181 181 182 181
 181 181 181 182 183 184 182 182 182 180 179 179 180 180 175 173 172 172
 172 173 172 171 169 167 165 165 166 167 166 165 165 167 167 167 165 165
 165  29]","[ 29  29 191 191 192 193 195 196 194 194 193 192 193 194 195 195 195 194
 194 193 191 191 190 188 188 189 190 190 191 191 188 185 186 190 189 187
 190 188 156 125 111 108 112 118 115 110 121 143 169 179 182 180 180 179
 176 175 174 179 174 128 108 101  99 102 107 115 113 130 167 175 181 179
 180 181 181 180 180 180 180 180 180 182 181 182 185 182 178 179 180 178
 178 178 176 175 176 175 175 174 175 176 176 175 174 173 174 173 172 171
 170 168 168 169 168 169 170 167 163 163 164 163 162 159 156 157 158 157
 155 154 151 150 147 145 143 143 143 143 145 147 146 147 154 160 160 158
 155 154 157 161 164 164 167 171 173 176 179 180 180 180 180 179 180 180
 181 182 182 183 183 183 181 183 183 182 180 180 180 180 176 176 176 176
 174 173 172 172 169 168 166 166 167 167 166 165 165 167 167 167 165 165
 165  28]","[ 29  29 189 189 191 193 194 195 195 194 193 193 193 194 194 196 194 193
 194 193 191 190 189 187 188 189 191 191 190 189 188 188 189 184 184 187
 187 190 165 134 126 120 117 114 113 116 121 129 163 177 183 181 181 180
 178 177 182 180 170 112  98  96  99 108 109 113 114 128 165 178 178 177
 180 180 180 179 179 180 181 181 180 180 179 180 182 181 179 180 179 178
 178 178 175 175 178 179 179 179 178 177 175 174 174 175 176 175 175 175
 174 172 170 170 169 171 172 169 165 165 166 165 171 166 162 162 162 160
 158 156 152 151 150 150 148 146 144 144 145 146 144 145 152 157 158 157
 158 156 157 161 163 164 168 172 175 177 178 178 179 180 180 180 182 182
 183 184 184 184 183 182 182 184 184 183 182 181 181 180 176 177 178 177
 175 173 172 172 169 168 167 167 167 167 166 165 165 166 166 167 164 164
 165  28]","[ 29  28 189 188 191 193 194 195 196 192 191 193 195 194 194 195 194 193
 193 194 193 193 191 187 188 191 193 192 188 186 187 189 185 179 181 187
 186 190 182 157 131 119 118 116 114 117 123 132 149 171 185 183 180 180
 180 181 181 179 173 104  96  96  98 105 112 114 121 135 166 180 177 179
 180 180 180 179 180 181 181 181 180 178 179 179 179 179 180 180 178 176
 176 177 176 178 180 180 181 180 180 178 175 174 175 178 178 175 175 176
 175 173 171 171 172 172 173 171 168 167 168 167 171 167 163 162 160 157
 155 155 154 150 149 151 150 146 143 144 144 145 146 147 151 153 154 156
 160 160 160 162 163 165 169 173 177 178 178 178 179 181 182 182 184 184
 185 186 187 185 183 181 183 184 184 183 182 182 182 181 177 178 178 176
 174 173 172 172 171 169 167 167 168 169 167 166 166 167 167 167 165 165
 165  29]","[ 29  27 188 187 191 194 195 195 195 191 190 194 196 194 193 193 193 192
 193 195 196 196 194 189 188 189 191 191 190 189 188 187 183 186 185 186
 186 182 186 168 145 130 125 120 115 116 118 120 136 166 186 184 179 179
 180 180 180 180 178 102  97  99 100 105 110 113 118 124 154 180 178 179
 179 180 180 180 181 181 180 179 181 178 180 181 179 179 181 180 177 175
 175 178 179 180 181 179 179 179 180 179 176 175 177 180 180 176 173 174
 174 172 172 173 174 174 174 172 169 168 168 168 172 168 165 163 160 157
 157 158 157 152 150 152 151 147 145 148 144 147 149 150 152 152 152 155
 161 162 164 165 165 166 170 175 178 178 179 179 181 183 183 182 184 184
 185 187 187 186 184 182 183 184 183 182 181 181 182 182 180 180 178 177
 175 174 173 173 174 171 168 169 171 172 170 169 167 168 168 168 166 166
 166  30]","[ 29  28 185 187 188 192 193 192 193 193 193 193 194 195 194 193 191 193
 195 194 193 194 194 191 188 190 191 190 188 186 186 187 186 186 186 188
 189 186 181 178 155 133 126 119 117 119 121 118 122 148 185 183 182 179
 182 182 179 180 172 114 104  99 103 104 110 112 109 118 152 180 181 182
 182 179 179 180 181 180 178 179 180 181 181 180 178 177 179 180 179 178
 177 178 178 179 180 180 178 179 181 181 179 177 178 179 179 175 174 175
 174 171 170 172 176 175 174 173 169 168 168 167 171 171 170 167 163 160
 160 160 159 158 156 153 150 148 147 147 145 147 149 151 152 153 156 158
 164 164 164 165 168 170 172 176 178 179 180 181 183 184 183 182 184 184
 183 182 184 187 186 184 184 185 184 182 183 185 185 183 183 180 178 178
 177 175 173 173 173 172 171 171 170 170 171 171 170 167 167 167 169 169
 170  28]","[ 29  30 187 188 189 192 193 193 191 191 191 193 194 194 193 193 191 192
 193 193 191 192 193 192 190 191 192 190 188 186 187 187 188 187 186 186
 186 185 183 181 160 129 123 115 118 120 118 117 115 129 167 177 179 180
 180 177 177 171 159 113 105  99 101 105 110 111 114 113 148 172 181 182
 182 179 179 180 182 181 180 181 180 182 183 182 180 178 178 179 179 179
 178 178 179 180 180 180 176 177 179 180 179 177 177 177 178 175 174 175
 175 173 172 173 175 173 173 173 171 171 172 171 170 171 170 168 164 161
 160 159 158 157 156 154 152 149 146 143 145 147 149 151 153 157 160 160
 164 166 166 167 169 170 173 177 178 179 180 181 183 185 186 186 186 186
 185 184 185 186 185 183 184 187 188 186 183 183 184 184 183 180 179 180
 179 176 174 173 171 171 171 171 171 171 171 171 171 170 171 169 170 168
 169  28]","[ 29  30 187 189 188 190 192 193 190 190 191 193 194 194 193 192 189 189
 191 190 188 188 191 191 191 191 191 189 187 186 186 188 189 187 186 186
 185 184 184 184 166 131 125 116 117 116 111 117 119 122 158 181 180 179
 178 175 167 175 168 122 104 100 105 115 113 111 113 110 143 173 184 183
 181 179 178 180 181 182 182 183 181 182 183 182 181 179 179 179 180 180
 179 180 180 180 180 180 175 177 179 181 180 178 176 176 176 175 174 175
 176 176 175 175 173 171 171 172 172 173 173 172 171 171 171 168 165 162
 161 161 159 157 155 154 153 151 147 143 147 149 150 150 154 160 163 162
 164 166 167 169 170 171 173 177 179 179 180 180 183 186 188 188 186 187
 186 185 185 185 184 182 184 187 188 186 184 183 184 184 181 180 180 181
 181 178 175 174 173 173 173 173 173 171 169 167 170 170 173 171 170 168
 168  28]","[ 29  29 185 188 187 189 190 192 192 192 192 193 194 194 192 191 189 188
 189 190 186 185 188 189 190 190 189 186 184 184 186 188 187 186 186 186
 186 186 185 184 174 139 126 121 120 118 114 121 121 120 141 177 181 177
 175 172 179 175 154 106 100 107 111 111 114 114 111 112 136 175 183 183
 179 178 178 179 180 181 182 184 183 182 181 180 180 180 180 180 180 180
 180 181 181 180 180 179 178 179 181 182 181 179 178 177 176 175 174 174
 175 177 177 176 173 170 171 172 172 172 172 170 172 171 170 168 165 164
 163 164 162 159 156 154 153 152 150 148 151 152 152 151 154 158 161 162
 164 166 167 169 171 172 174 178 180 180 180 181 184 186 187 187 186 187
 187 186 185 185 185 183 184 183 183 183 184 186 186 184 181 180 180 181
 181 179 177 175 176 176 175 175 174 171 168 166 167 168 172 171 171 169
 169  29]","[ 28  28 185 188 188 189 190 192 195 194 194 193 192 191 190 189 189 188
 190 190 188 186 187 188 189 189 187 184 182 182 184 187 186 184 184 185
 187 186 184 183 184 152 124 119 116 115 112 114 116 115 119 162 182 179
 179 174 178 177 162 118 111 108 113 116 114 116 115 113 132 171 178 180
 179 179 179 179 180 181 182 183 182 180 179 179 181 182 182 180 179 180
 181 181 181 180 179 179 179 180 181 181 180 178 179 180 178 177 175 173
 174 176 176 175 174 171 171 172 173 173 173 170 170 170 170 169 167 166
 165 165 164 161 158 155 154 153 153 152 154 153 153 153 154 155 160 165
 166 167 167 169 172 174 175 177 180 180 180 182 186 188 187 185 186 187
 187 187 186 186 186 185 186 183 180 180 183 185 185 184 182 181 180 180
 180 179 178 177 175 175 175 175 174 173 171 170 169 169 173 172 172 171
 171  30]","[ 30  29 186 190 189 190 192 193 196 196 195 193 191 189 189 188 190 189
 190 191 189 189 189 188 190 190 188 185 182 181 183 185 185 183 182 183
 185 185 183 182 180 156 126 115 110 111 115 116 114 118 113 152 180 180
 182 180 177 176 159 116 112 111 118 118 117 116 118 111 138 173 178 178
 180 180 181 181 181 181 181 182 181 179 179 180 183 183 182 180 179 180
 180 181 180 180 179 179 178 178 179 179 178 178 179 181 182 181 178 175
 174 176 177 177 174 172 172 172 173 174 174 172 170 171 172 172 170 168
 166 165 163 162 160 158 156 155 154 153 155 154 155 157 156 156 161 167
 168 168 167 168 172 173 173 175 177 178 180 183 186 188 187 185 187 187
 187 186 186 186 185 186 187 186 184 182 181 181 183 185 183 182 181 180
 180 180 179 178 176 176 176 175 174 173 172 172 172 172 174 173 173 171
 170  29]","[ 30  30 187 191 189 189 191 194 195 195 194 192 189 188 188 189 191 190
 190 189 189 191 191 188 190 190 190 187 184 182 182 184 185 184 183 185
 186 184 182 180 184 168 146 120 110 107 110 109 113 119 118 144 169 175
 178 179 171 172 155 120 116 117 118 114 119 117 117 113 144 180 179 178
 179 181 182 182 181 181 180 180 180 180 180 181 182 182 181 180 179 179
 180 180 180 179 179 179 179 177 177 178 179 179 180 180 182 180 178 176
 175 175 177 178 176 173 172 171 171 173 174 173 174 174 175 174 172 169
 167 166 163 163 162 161 159 157 154 153 157 158 159 160 159 159 163 168
 168 169 169 170 172 172 172 174 176 178 181 182 184 185 186 185 187 186
 185 185 185 185 185 186 187 187 186 184 181 181 183 186 185 184 182 180
 180 180 180 179 178 178 178 176 174 173 172 173 174 173 175 173 172 170
 170  29]","[ 29  29 187 191 188 187 190 194 191 192 192 191 188 187 188 189 193 191
 189 187 187 190 190 186 189 190 190 188 185 183 182 183 184 185 186 188
 187 184 181 179 174 162 150 117 114 112 113 108 112 115 118 136 162 176
 177 175 178 170 145 120 115 115 115 119 117 120 117 118 142 181 174 179
 179 181 183 183 181 180 180 179 181 181 181 180 179 179 180 181 179 179
 180 180 180 179 179 179 180 178 177 178 180 181 180 179 178 177 176 175
 174 174 176 179 179 175 173 171 170 171 173 173 179 179 177 175 173 170
 169 168 165 164 163 162 161 159 155 153 159 161 163 163 162 162 164 166
 169 171 172 173 174 174 174 176 177 180 183 183 183 183 184 186 187 186
 185 186 186 186 186 187 186 185 185 184 183 183 185 187 186 185 183 180
 180 180 180 179 178 179 179 178 175 174 174 175 173 173 175 173 172 170
 171  30]","[ 30  28 187 188 189 189 190 192 190 187 187 189 189 187 187 188 193 192
 190 188 188 189 189 188 187 188 188 187 187 187 185 182 183 184 186 188
 187 182 179 178 175 165 155 126 114 113 112 113 117 116 119 137 163 174
 175 179 179 175 137 119 119 115 114 116 117 116 118 118 141 180 176 178
 179 180 183 184 183 181 181 182 185 184 183 181 180 181 180 178 178 180
 180 179 180 181 179 179 179 177 178 180 180 179 179 180 179 180 177 175
 176 177 175 175 176 176 175 173 172 173 174 174 177 177 176 174 172 171
 169 168 167 166 165 164 163 161 159 157 161 161 160 161 161 162 164 166
 168 171 174 175 175 176 178 180 178 180 185 187 185 183 184 187 183 184
 185 187 187 187 186 186 187 185 185 186 187 186 187 188 186 185 183 181
 180 180 180 179 179 180 180 179 177 175 173 172 172 173 173 173 172 169
 171  30]","[ 29  27 188 189 191 190 189 190 189 187 187 188 189 188 188 189 192 191
 190 189 189 188 188 188 187 187 186 186 187 188 186 183 181 182 182 181
 180 178 176 175 175 169 163 143 129 124 120 118 119 119 118 126 149 171
 177 176 178 169 125 120 121 120 118 114 114 117 119 118 140 180 175 176
 180 181 182 182 181 180 181 182 184 184 183 181 179 179 178 177 178 180
 179 178 179 180 179 179 178 177 176 177 177 177 177 177 177 179 178 176
 176 176 175 176 175 175 175 174 174 175 174 174 173 173 172 170 169 168
 168 167 166 166 165 164 163 162 160 159 159 159 159 158 157 159 164 169
 171 173 174 174 175 176 178 180 181 184 187 187 185 182 183 185 185 185
 187 188 189 188 188 187 187 187 187 188 190 191 189 188 187 186 184 183
 182 181 181 181 180 180 179 178 176 176 175 174 174 174 173 172 172 169
 171  29]","[ 29  29 191 192 194 192 190 190 188 187 187 187 187 188 189 189 189 189
 189 189 188 187 187 188 187 186 186 186 188 188 186 183 180 181 181 181
 181 182 181 180 179 174 166 151 132 126 125 125 124 121 120 126 144 164
 174 175 175 163 122 126 123 119 118 115 116 119 121 122 145 180 173 178
 181 182 183 181 180 181 181 181 183 184 184 182 180 179 179 179 180 181
 179 178 179 179 179 180 179 179 178 178 179 179 177 175 177 180 179 176
 175 174 175 176 176 176 175 175 175 175 175 173 173 173 172 170 169 169
 169 168 165 165 165 164 164 163 161 160 163 163 163 161 159 161 167 172
 173 174 174 173 174 177 179 180 181 184 187 187 185 183 184 186 187 187
 188 189 189 189 188 188 187 188 187 187 190 192 191 186 185 185 185 184
 184 183 183 183 182 181 179 177 178 178 178 177 175 174 173 172 172 170
 172  29]","[ 30  30 191 193 194 193 190 189 187 187 187 185 185 187 187 187 186 188
 188 187 186 187 188 188 186 186 187 188 188 186 183 180 179 178 178 180
 181 180 178 176 177 176 169 161 139 128 126 125 123 121 122 127 136 152
 168 177 179 159 126 129 123 116 118 118 116 116 116 123 146 175 169 179
 181 183 184 182 182 183 182 180 181 182 183 182 181 180 181 182 182 183
 181 180 180 179 178 180 179 181 182 182 181 180 177 174 177 179 178 175
 175 176 177 179 179 178 177 175 174 174 174 173 172 172 171 171 170 170
 168 166 166 166 165 165 164 163 163 163 162 163 164 162 159 159 163 167
 173 174 175 175 175 177 180 181 180 183 186 187 186 185 186 187 187 188
 188 188 188 187 187 187 189 188 186 186 188 190 189 187 187 187 187 186
 184 182 181 180 184 182 179 178 179 180 180 178 174 174 172 172 173 172
 174  29]","[ 29  28 189 189 190 190 188 188 187 188 187 185 185 186 186 186 187 190
 189 186 185 188 190 188 186 186 187 187 186 183 181 179 178 175 175 178
 179 176 174 174 172 174 171 166 146 132 126 124 123 124 123 117 116 130
 152 166 176 144 120 117 117 114 114 115 117 115 114 122 144 173 170 179
 181 183 183 182 182 184 183 181 180 182 183 182 181 180 180 182 183 183
 182 181 180 178 176 178 178 180 182 181 179 178 176 173 175 178 178 177
 178 179 179 180 179 180 179 177 174 173 173 173 173 173 173 173 173 172
 169 166 168 168 167 165 165 164 164 164 162 163 163 162 160 159 161 164
 173 176 178 179 178 178 180 181 182 184 187 187 186 186 185 186 186 187
 187 187 186 186 187 187 190 188 186 187 187 187 187 187 186 187 188 188
 186 184 183 182 184 182 180 178 179 180 179 178 174 174 173 172 174 174
 174  29]","[ 29  29 188 187 188 188 188 188 189 189 188 187 187 186 186 187 190 192
 191 188 188 191 191 189 187 186 186 185 184 183 182 182 184 180 178 178
 177 175 173 173 171 171 169 163 150 136 124 121 114 114 113 110 110 118
 138 158 154 125 115 111 114 113 110 111 117 118 116 120 139 173 175 179
 181 182 181 179 180 182 183 182 182 182 183 183 181 179 179 180 180 182
 181 180 179 176 175 176 178 179 179 178 176 176 176 176 175 178 179 179
 180 180 177 175 177 179 180 178 176 174 173 173 174 174 174 175 176 174
 171 167 168 168 167 165 164 163 163 164 164 164 164 163 163 163 166 168
 174 177 181 181 179 179 179 180 182 184 187 187 186 186 186 186 186 186
 187 187 186 187 188 189 189 187 187 188 187 185 185 186 186 186 187 187
 187 186 185 184 184 183 181 179 179 180 179 178 176 176 174 173 175 174
 174  28]","[ 30  30 189 187 187 188 188 189 191 190 190 190 189 187 186 187 190 189
 189 189 190 191 190 188 187 185 184 185 186 185 184 184 188 186 181 176
 173 172 169 166 165 163 163 156 154 141 122 117 119 114 109 110 110 107
 115 131 129 117 115 115 114 111 110 111 114 115 115 116 130 167 175 176
 180 180 179 178 178 179 181 182 183 182 182 182 182 180 179 179 178 180
 180 180 179 177 175 177 179 177 176 176 177 177 178 179 177 180 180 179
 179 178 176 175 178 179 179 178 176 174 174 174 173 172 172 172 173 173
 169 166 168 168 167 166 164 163 163 163 162 163 164 164 163 164 167 170
 173 176 179 180 180 180 181 181 182 184 186 186 186 187 187 187 187 187
 188 187 187 187 189 190 189 188 187 186 186 185 185 186 189 188 187 185
 184 183 182 181 183 183 182 181 180 179 179 179 178 178 176 174 175 175
 175  28]","[ 28  29 189 186 185 186 187 188 193 191 191 191 190 186 185 187 186 183
 183 187 190 188 185 185 185 183 182 185 187 186 183 181 180 182 179 174
 172 175 174 169 160 153 148 137 144 138 123 121 113 111 104 101 107 108
 109 115 115 112 109 112 106 104 106 108 115 113 114 117 128 163 174 176
 179 178 178 179 179 178 179 180 181 180 180 181 181 180 178 178 178 179
 179 180 180 178 178 180 177 175 174 176 178 179 179 179 177 179 179 177
 179 180 180 181 181 180 178 176 174 175 175 175 175 174 173 172 173 173
 171 168 168 168 169 168 166 165 164 163 161 163 165 166 164 164 166 169
 172 174 177 179 181 183 184 185 185 186 186 185 185 186 187 186 189 189
 189 188 187 187 189 190 190 190 187 184 184 186 187 187 184 183 181 181
 181 183 183 184 182 183 182 180 179 179 179 179 179 179 177 174 175 175
 175  29]","[ 30  28 186 187 186 183 185 187 189 191 194 194 189 187 188 188 188 186
 185 187 189 188 187 185 185 184 184 186 185 183 181 182 179 178 182 178
 176 174 161 137 118 115 115 119 126 130 125 115 109 108  99  98 100 101
 108 109 110 113 108 104 106 104 103 109 109 112 111 112 132 162 175 178
 177 175 175 178 181 182 180 178 177 179 181 181 180 180 180 179 178 180
 178 177 179 180 179 178 175 178 176 174 176 177 177 180 179 180 180 180
 178 177 177 178 181 182 180 175 173 174 176 177 177 175 172 172 173 174
 174 173 168 168 168 170 168 165 163 164 165 166 165 165 164 162 163 168
 167 171 178 182 185 186 186 185 187 187 186 186 186 186 186 186 187 188
 189 187 187 188 189 188 186 188 188 186 184 184 186 187 186 184 182 181
 182 184 184 183 183 182 182 181 180 178 178 180 179 179 177 177 177 176
 178  28]","[ 30  29 188 188 189 187 188 188 190 190 192 191 188 186 187 186 187 186
 186 186 187 187 187 187 183 185 185 185 185 185 184 181 182 179 180 179
 180 164 141 113  97  98 103 110 116 119 119 116 108 105  97  95  96  97
 102 106 103 101  97  98 102 105 104 103 106 107 109 104 129 157 177 174
 175 175 177 179 180 179 177 176 174 176 179 179 179 179 178 177 174 177
 179 181 182 180 176 175 175 176 174 174 177 179 178 180 178 179 181 181
 180 179 178 178 176 176 174 172 172 175 177 177 176 175 174 174 174 174
 172 171 167 166 167 169 169 166 164 164 165 166 165 165 165 164 165 168
 168 174 181 184 185 184 184 185 184 185 186 186 186 187 187 188 186 188
 189 189 189 188 188 187 187 188 188 187 186 186 186 186 186 185 184 184
 184 184 184 184 183 182 182 183 182 180 179 180 180 179 178 178 178 177
 179  29]","[ 30  28 186 189 191 189 189 187 190 188 189 189 187 187 187 186 185 185
 185 184 184 184 186 188 183 184 185 185 184 184 183 182 180 181 183 182
 177 142 116  96 101 101 106 114 117 118 117 116 102  97  95  94  95  95
  96 101 101  97  97  97  96  98  98  94 100 103 108 103 126 156 178 173
 175 176 176 174 173 172 174 176 174 176 179 180 180 180 178 177 180 180
 180 180 178 172 169 170 174 175 173 173 177 180 179 179 177 178 179 180
 180 179 178 177 175 173 171 171 173 175 176 176 174 174 175 175 175 173
 171 169 167 166 166 168 168 167 165 165 166 167 165 165 167 167 167 169
 169 175 182 183 180 178 180 182 186 186 187 187 187 186 187 187 187 188
 189 190 189 188 187 188 189 189 189 188 188 188 188 187 186 186 186 186
 186 185 185 185 184 183 182 183 184 183 181 181 180 180 179 179 179 178
 179  29]","[ 30  28 188 189 191 189 188 186 189 187 187 188 187 187 188 187 185 186
 185 184 183 184 186 187 185 182 183 186 184 179 178 182 181 179 179 182
 180 138 114 104 105 105 108 111 111 110 107 103  93  86  88  89  89  89
  90  97  93  93  94  95  94  95  96  94  97 102 105 107 118 150 174 175
 172 176 180 180 177 175 174 174 173 175 177 178 179 178 176 174 179 180
 178 176 175 172 172 176 176 175 173 174 177 179 179 178 177 177 177 178
 178 177 177 176 176 175 174 175 176 175 174 174 173 174 175 175 174 172
 170 169 168 168 168 169 168 167 166 166 166 167 165 163 166 168 167 168
 171 176 182 183 180 179 182 186 187 187 186 186 187 187 187 186 188 187
 187 188 188 187 188 189 190 190 189 188 188 188 188 188 185 186 187 188
 187 186 186 186 186 184 182 182 183 183 182 182 181 180 179 180 179 178
 179  29]","[ 30  29 188 190 191 188 188 186 188 187 187 187 186 187 188 187 188 188
 187 186 185 185 186 185 185 183 184 186 183 176 175 180 179 181 182 180
 169 123 105 110 108 110 113 112 108 107 105 102  90  81  81  80  77  78
  81  89  80  84  83  85  91  91  90  94  96 100 102 105 110 133 164 176
 172 177 180 180 178 177 176 176 176 177 178 179 178 178 176 174 174 178
 179 177 177 178 178 181 179 178 176 176 177 179 180 179 179 179 178 177
 176 176 176 176 175 175 177 178 178 175 174 174 173 174 174 173 172 171
 170 170 168 169 170 170 168 167 167 168 167 167 164 162 163 165 165 165
 168 172 179 182 182 182 185 188 185 184 183 184 186 188 188 187 187 185
 185 187 188 187 188 189 188 189 188 186 184 185 187 187 184 185 186 187
 187 187 187 187 186 184 182 182 183 183 182 181 180 180 178 179 179 179
 179  29]","[ 30  30 189 189 190 187 188 187 187 187 187 187 185 185 186 185 186 187
 186 184 183 184 184 182 183 185 186 184 180 178 177 177 180 177 173 175
 172 138 112 115 109 110 110 107 104 103 100  95  82  74  74  72  65  62
  64  68  68  74  74  75  81  79  79  88  93  95 101 103 110 119 154 173
 174 176 176 174 173 176 179 180 180 181 181 180 179 178 178 177 176 180
 180 177 176 177 178 179 180 178 178 177 175 177 180 179 181 180 178 177
 176 175 176 176 176 178 180 180 177 175 174 174 174 174 173 172 171 171
 171 171 169 170 170 169 168 167 168 168 168 168 166 163 163 163 163 165
 168 172 178 184 184 183 183 184 183 182 182 183 186 188 188 187 185 185
 186 188 189 188 188 188 187 187 186 184 183 184 186 187 184 185 186 186
 187 187 187 187 184 184 184 184 184 184 182 180 180 179 178 179 179 179
 181  29]","[ 29  29 188 188 188 187 188 187 187 186 187 188 186 186 185 183 183 184
 183 181 180 182 182 181 182 183 183 182 181 181 180 178 177 176 176 176
 168 140 108 111 112 108 105 102 100  99  95  89  85  81  82  83  73  65
  66  65  61  63  65  69  71  69  73  82  83  86  92  98 107 111 148 171
 171 175 177 177 178 179 180 179 180 180 179 176 175 175 176 176 178 179
 177 174 175 175 177 180 180 177 177 176 175 177 179 177 179 179 179 178
 176 175 175 175 177 180 181 178 175 174 174 175 176 175 174 173 172 172
 171 171 170 170 169 168 168 167 167 166 166 167 166 165 164 162 163 167
 172 175 181 186 187 184 182 183 184 184 184 185 187 187 186 186 186 186
 187 188 189 189 189 188 189 188 186 185 184 186 187 188 186 186 186 186
 187 187 185 184 184 185 186 186 185 185 183 181 182 181 178 179 179 179
 181  29]","[ 29  29 187 187 188 188 189 187 187 186 187 188 188 187 186 183 181 183
 183 181 180 182 183 182 181 179 179 181 183 181 180 180 177 176 176 178
 170 148 110 110 109 106 105 104  99  96  95  94  89  87  87  89  79  71
  74  70  65  58  58  64  66  65  68  71  75  78  76  87  94 106 143 174
 171 173 175 174 175 177 179 180 180 180 178 175 174 174 176 178 180 179
 177 176 176 174 174 177 179 176 176 177 175 178 180 177 178 179 180 179
 177 175 174 174 176 179 179 175 172 174 176 177 176 176 175 174 173 172
 171 171 172 170 168 167 167 167 166 164 162 164 165 166 164 161 163 169
 170 172 177 182 183 181 181 182 183 185 186 188 188 188 187 187 188 188
 188 187 188 190 190 189 190 188 187 185 186 188 188 188 188 187 186 187
 188 187 184 182 184 186 187 186 185 185 185 184 184 183 180 179 179 179
 181  29]","[ 30  29 185 187 189 189 187 187 182 183 185 188 189 190 189 188 182 183
 183 182 181 181 181 181 179 181 181 180 181 181 179 179 181 174 170 164
 155 121 108 105 107 107 105 103 101  98  97  99 101  99  96  94  97 100
  96  89  83  77  70  66  65  66  69  72  76  71  67  74  84 101 139 172
 174 171 174 177 174 174 178 180 177 180 178 176 174 174 179 179 178 179
 179 178 177 176 177 179 178 176 174 175 177 179 178 176 178 178 178 177
 176 175 175 175 176 176 179 176 173 173 174 179 180 178 176 174 173 173
 171 170 170 171 170 168 168 166 164 165 160 162 163 162 163 166 168 169
 168 169 177 182 180 183 186 183 184 185 186 187 188 188 188 188 188 188
 187 187 189 191 191 188 188 187 187 188 189 189 188 188 186 186 186 186
 186 186 186 186 185 185 187 188 187 187 187 184 185 184 178 184 181 177
 180  29]","[ 29  30 187 188 187 187 187 189 186 187 187 188 188 188 187 186 182 183
 183 183 182 180 180 181 180 179 178 178 179 179 179 181 186 161 143 125
 118 102  98 103 106 104 100  99 100 100 100 102 105 105 106 106 107 107
 107 105 102  99  94  87  78  73  74  77  75  73  68  69  80  92 116 163
 172 174 178 179 175 174 176 174 176 180 179 178 176 176 178 177 176 176
 177 177 177 177 178 179 178 176 175 175 176 177 176 175 177 178 178 177
 175 175 175 175 177 176 177 174 172 172 172 175 176 176 175 175 174 174
 174 173 172 170 166 164 166 165 163 162 160 162 162 162 163 166 168 169
 168 168 176 183 182 182 184 182 184 185 187 187 187 186 187 188 188 188
 188 188 190 191 190 189 188 187 186 187 187 187 187 187 187 186 186 186
 186 186 186 186 185 185 187 188 187 187 187 184 183 186 183 182 178 180
 180  29]","[ 28  30 187 187 187 186 187 189 188 188 187 187 186 186 185 185 183 183
 184 184 183 180 180 181 179 176 175 177 178 179 181 184 170 139 122 104
 104 101  97 100 102 100  97  98 104 107 107 108 113 112 114 116 115 113
 112 114 117 114 108 100  92  85  84  85  79  81  77  73  84  91  99 164
 170 173 176 175 173 175 178 176 176 179 178 177 176 174 176 174 173 173
 174 174 175 176 177 178 178 178 177 176 175 175 174 175 175 176 177 176
 175 174 174 175 177 175 175 173 171 171 170 172 173 174 175 175 174 174
 173 173 171 168 162 161 166 167 164 163 161 162 162 162 163 165 167 168
 168 167 174 183 183 182 182 181 184 186 187 187 186 186 186 188 187 188
 189 189 190 191 190 188 189 188 187 186 186 186 186 187 187 187 186 186
 186 186 186 186 187 186 188 189 188 188 186 183 182 186 185 181 179 182
 177  29]","[ 30  28 183 185 187 189 187 187 187 187 186 186 186 186 186 185 184 184
 185 185 184 181 180 182 179 176 175 176 177 179 180 179 155 129 116 105
 106 106 103 100  97  97  97 102 110 114 114 115 115 113 113 117 121 122
 122 123 122 117 110 103  99  96  96  97  91  94  90  86  93  94  97 168
 171 173 174 173 173 175 177 176 177 179 177 177 176 174 175 173 173 173
 172 173 174 175 176 177 178 179 179 178 175 174 174 174 173 174 174 174
 174 174 174 174 176 174 175 173 172 172 170 172 173 173 174 175 175 174
 173 172 171 168 163 162 166 168 166 165 164 163 162 162 162 164 165 166
 169 167 173 180 182 182 182 181 185 186 187 187 186 186 186 187 186 187
 188 189 189 189 189 189 189 188 188 187 186 186 186 187 187 186 186 186
 186 186 186 185 187 186 187 188 187 187 186 183 184 181 181 180 179 178
 169  28]","[ 30  28 182 184 188 189 187 186 186 187 187 187 186 186 186 186 184 184
 184 185 184 181 181 182 180 179 178 177 177 178 176 170 139 125 115 112
 112 110 110 104  96  97 100 105 112 115 115 116 113 111 111 114 120 125
 127 128 126 122 116 109 104 103 105 106 102 103  98  97  98  96 103 167
 167 170 173 175 178 178 176 175 177 179 178 179 178 176 176 174 174 173
 172 173 174 175 176 176 178 179 179 178 175 173 173 173 172 172 172 173
 175 175 175 174 176 175 177 175 173 173 172 174 174 174 174 175 176 176
 174 171 172 170 166 164 165 165 164 165 167 165 164 163 162 163 164 165
 167 168 171 176 180 183 184 183 186 186 186 186 187 187 186 186 185 186
 188 188 188 188 189 190 189 189 189 188 187 186 186 186 187 187 187 187
 186 186 185 185 185 184 185 186 186 187 187 184 183 179 180 179 176 169
 160  28]","[ 29  29 185 187 187 187 187 188 187 187 187 187 186 186 186 186 184 184
 184 183 182 181 181 180 180 180 181 179 177 179 177 168 131 126 120 120
 119 115 114 109 101 102 102 105 110 112 111 112 109 109 110 113 117 122
 126 129 128 125 120 114 111 111 110 109 105 103 102 104 103 101 112 164
 169 171 173 175 177 177 174 175 174 176 177 179 179 176 176 174 173 173
 173 173 175 176 176 176 177 177 177 176 175 173 172 172 172 171 171 173
 175 176 175 174 176 175 178 176 174 174 173 175 176 175 174 174 175 174
 171 169 169 170 167 165 165 164 163 165 168 166 164 163 163 163 164 166
 166 167 169 172 178 184 186 186 187 186 186 186 187 187 187 186 187 187
 188 188 188 188 189 190 189 189 190 190 188 186 186 187 187 188 189 189
 187 186 185 185 185 184 185 186 186 188 188 185 180 181 180 173 168 161
 156  30]","[ 28  30 186 188 186 185 185 188 188 188 188 187 186 186 186 186 185 186
 185 182 181 182 181 179 180 179 181 181 177 178 177 170 138 131 123 118
 117 114 110 110 105 104 102 105 110 111 108 107 102 101 103 110 115 118
 123 129 121 120 118 115 114 114 112 110 108 106 112 112 111 107 111 150
 169 174 175 172 173 173 171 173 172 174 174 176 175 173 174 174 173 174
 175 176 177 177 176 176 176 175 174 175 175 174 173 171 171 171 172 173
 174 175 174 174 175 174 177 176 174 174 172 174 176 174 173 172 173 172
 170 168 168 169 167 166 166 165 165 167 167 166 164 163 162 162 164 166
 166 167 168 172 178 182 184 187 186 186 186 186 186 187 187 186 188 187
 188 188 188 187 188 189 189 190 191 191 189 187 187 188 188 189 190 189
 187 185 185 186 187 186 186 187 187 187 186 183 178 179 170 163 161 156
 155  30]","[ 29  30 186 187 186 185 184 185 188 188 188 188 187 187 187 188 186 187
 186 182 181 183 182 178 181 178 181 180 174 173 174 170 131 123 120 114
 115 114 103 106 105 102 100 104 111 112 107 103  97  93  94 103 108 108
 110 115 110 115 118 116 112 111 112 114 114 112 123 118 116 106  98 127
 156 167 172 171 173 176 175 176 175 175 173 173 172 171 174 175 175 176
 178 180 180 179 177 176 175 174 173 174 176 176 173 171 170 171 173 173
 173 173 173 173 174 173 175 174 174 174 172 173 172 172 171 171 172 173
 173 172 171 171 169 167 167 167 166 166 167 165 163 162 160 160 162 165
 168 167 167 173 179 180 181 186 185 186 186 186 186 186 186 187 188 187
 188 188 187 186 186 188 188 189 191 191 189 187 186 188 188 189 190 188
 185 184 184 186 188 187 187 187 186 185 183 178 177 172 156 152 156 152
 153  29]","[ 29  29 188 190 188 187 187 187 187 187 187 188 188 188 188 187 187 186
 186 185 185 183 180 178 179 181 181 181 179 174 173 176 144 133 120 113
 110 105 102 103 102  96  96 103 108 110 106  97  91  79  77  85  95 101
 104 107 109 114 118 117 114 114 115 117 116 121 123 122 120 109 102 116
 153 168 173 171 173 174 176 174 175 174 173 175 175 174 175 177 181 179
 177 176 176 177 177 176 175 174 174 175 177 177 176 175 171 171 172 173
 174 174 174 173 172 173 173 173 174 174 173 172 173 174 173 172 171 172
 173 173 170 170 170 170 169 168 166 166 166 165 163 161 160 160 163 165
 169 168 169 172 177 181 183 183 183 185 186 187 187 188 188 188 187 188
 188 187 187 187 187 187 188 187 188 188 189 188 188 188 187 186 188 189
 186 186 187 186 187 185 185 186 186 184 179 173 164 156 154 155 156 154
 153  29]","[ 29  30 187 189 187 186 185 185 187 186 186 186 187 187 187 186 185 186
 186 185 184 181 179 177 180 181 180 180 179 175 172 174 156 134 121 114
 109 101 100 104 102  95  92  94  95  96  96  92  87  85  80  78  82  91
 101 108 109 112 114 115 117 119 120 120 120 123 126 124 121 109 100 108
 147 167 172 176 175 171 172 175 173 172 173 175 175 175 176 178 179 178
 177 176 175 175 175 175 176 175 175 176 176 175 173 172 171 172 172 174
 175 175 174 174 174 174 173 173 173 174 174 174 172 173 173 172 172 172
 173 174 171 170 169 169 169 167 165 164 164 164 164 163 162 163 165 166
 168 167 168 171 176 180 182 182 180 183 185 187 187 187 187 186 186 186
 186 186 186 186 187 188 187 187 188 188 188 187 187 187 189 188 188 188
 186 187 188 188 189 187 186 186 184 179 169 158 158 154 154 154 155 154
 153  29]","[ 30  29 187 189 188 188 187 186 187 186 186 186 186 186 187 188 186 187
 188 187 184 182 180 179 181 181 179 179 179 176 174 175 163 128 115 109
 107 102 102 101 100  97  96  94  89  87  89  90  87  84  71  69  74  82
  98 109 112 111 111 114 119 123 123 121 122 123 125 124 119 108  97  97
 138 171 173 174 174 174 174 172 172 172 173 175 174 173 173 174 175 176
 176 176 175 175 175 175 175 175 176 176 176 175 172 170 169 170 171 172
 173 174 174 173 174 174 174 173 174 175 175 174 172 173 173 173 172 172
 171 171 171 169 167 167 168 166 164 162 164 165 166 165 165 164 165 165
 167 167 168 171 176 180 181 182 181 183 185 186 187 187 187 186 186 186
 186 185 185 186 187 189 188 188 189 188 187 186 186 186 187 186 186 185
 184 186 189 188 186 185 184 181 176 172 162 150 154 153 155 154 153 154
 154  28]","[ 29  29 186 188 188 188 186 185 186 186 185 185 185 186 187 189 187 187
 188 187 184 182 181 181 180 180 179 179 180 178 176 177 167 128 115 109
 110 112 112 104  99  95  92  90  87  83  84  87  90  89  71  65  72  81
  99 110 112 112 114 117 121 124 124 122 122 121 122 122 117 109 100  94
 133 174 172 172 173 177 177 172 172 173 173 173 172 170 170 171 172 173
 175 176 176 176 176 177 174 174 175 176 176 175 173 171 169 170 171 172
 173 174 174 174 172 173 174 174 175 175 174 173 172 172 174 174 174 172
 171 170 169 168 167 168 168 166 163 161 162 164 165 166 165 165 165 165
 167 167 168 171 175 179 181 182 183 184 185 185 186 187 188 188 187 187
 186 185 185 186 188 189 190 189 188 188 187 186 185 185 186 187 188 188
 186 188 189 187 187 184 180 174 168 165 162 157 154 153 154 153 153 153
 153  28]","[ 29  29 186 188 187 186 183 181 185 185 185 184 184 185 186 187 186 186
 185 184 183 182 181 181 179 180 180 180 180 179 177 178 167 130 116 111
 107 109 112 107 108  97  87  84  84  83  84  87  98 109  92  74  73  86
 107 114 112 115 119 121 122 123 125 126 124 122 121 121 117 113 107  99
 131 171 170 174 176 175 174 175 173 173 173 173 172 172 172 172 171 173
 175 175 175 174 175 176 174 174 175 175 175 174 173 172 173 173 174 175
 175 176 176 176 173 174 174 174 174 174 173 171 171 171 173 176 176 174
 172 172 168 168 169 170 169 167 164 163 161 162 164 165 165 165 166 166
 166 167 168 171 174 177 180 182 184 184 185 185 185 187 187 187 187 187
 186 185 185 186 188 189 190 188 186 187 188 188 187 186 187 188 190 189
 186 186 186 184 185 176 168 163 158 156 157 159 156 152 152 152 152 152
 152  29]","[ 29  29 186 189 188 187 185 183 186 186 186 185 185 185 185 185 187 185
 183 182 182 182 182 181 178 180 180 179 180 178 176 177 176 139 116 115
 112 111 114 115 115 106  95  89  86  82  85  94 101 110  97  78  74  86
 105 113 117 120 124 125 123 122 125 128 127 125 122 121 119 115 113 106
 127 169 174 175 174 173 172 174 175 175 174 174 173 173 173 173 174 174
 175 174 173 173 173 174 176 175 175 174 174 173 172 172 175 175 175 175
 175 175 175 175 178 177 176 174 174 174 174 173 172 172 173 175 175 172
 170 170 169 169 170 171 171 169 167 166 165 165 166 166 165 165 166 166
 166 168 169 171 173 176 180 183 184 184 185 186 186 187 186 185 186 187
 186 186 186 187 189 190 189 187 185 187 190 191 190 189 187 188 188 187
 184 185 184 180 176 163 154 153 152 151 152 154 156 151 151 151 152 152
 152  30]","[ 30  30 187 190 188 188 188 188 187 187 186 186 186 185 185 184 187 186
 184 182 181 181 181 181 179 181 180 179 180 179 176 174 177 146 112 113
 111 110 111 112 112 107 100  94  89  82  86  98 109 108 100  91  89  98
 111 119 122 123 124 125 123 123 126 129 129 128 122 121 119 114 113 110
 130 168 176 171 173 174 172 170 175 174 173 173 173 174 173 172 174 174
 174 173 172 172 172 173 175 175 174 173 172 172 171 171 173 173 174 173
 172 172 172 172 178 177 175 174 174 175 175 175 175 173 173 174 173 170
 169 169 170 170 170 171 171 170 168 167 166 167 167 166 165 164 165 166
 167 169 170 171 172 175 180 184 186 186 186 186 187 187 186 185 187 187
 188 188 188 189 189 190 188 186 185 187 190 192 192 191 190 189 188 186
 185 184 180 173 166 158 153 154 154 153 154 155 155 152 152 151 152 153
 154  29]","[ 30  29 186 188 186 186 187 188 186 186 186 186 186 185 184 183 185 184
 183 181 179 179 179 179 180 181 180 180 182 180 176 174 174 155 117 114
 109 109 109 109 112 105  95  92  92  88  90 100 108 107 105  97  97 108
 116 118 124 122 121 122 123 125 128 132 130 130 123 122 119 113 113 111
 139 165 172 170 176 173 170 170 171 171 170 171 173 174 174 173 171 171
 171 170 170 171 172 173 174 174 173 173 172 171 171 171 171 172 172 172
 171 171 171 172 173 173 173 173 173 174 175 174 175 173 172 173 173 172
 172 173 171 169 168 169 171 170 168 167 163 163 164 164 163 164 165 167
 166 168 170 170 170 173 179 184 188 187 186 185 185 186 186 186 187 187
 188 188 188 188 188 188 186 184 184 186 188 190 190 190 190 188 186 183
 181 178 169 158 158 156 156 156 153 151 153 154 153 154 155 152 152 154
 155  28]","[ 29  29 186 187 185 185 185 186 185 185 184 183 182 183 183 183 182 181
 179 180 182 181 180 181 182 181 181 181 180 178 176 176 177 164 121 114
 105  99 104 107 110 109 104 104  99  95  91  96 103 106 101  96  96 109
 115 116 117 124 122 122 126 128 130 131 128 129 129 126 121 116 112 109
 141 165 171 172 172 172 168 167 168 171 171 171 174 176 174 174 172 172
 171 171 171 172 172 172 173 173 173 172 169 167 169 172 171 173 174 174
 173 172 171 171 172 170 169 170 173 175 174 172 173 173 173 173 173 173
 172 172 172 170 169 170 171 169 166 165 164 162 162 162 161 164 167 167
 168 166 166 167 169 173 179 185 185 184 183 184 185 185 184 183 184 184
 186 188 188 188 187 187 189 189 187 187 188 191 191 189 189 187 188 184
 172 165 162 157 155 155 154 152 151 151 151 151 151 153 152 152 155 153
 153  29]","[ 29  29 186 187 184 183 183 184 186 185 184 183 182 183 184 184 184 184
 183 184 186 185 183 184 182 181 180 180 178 176 175 175 176 164 123 113
 104  99 105 109 109 110 110 114 111 103  93  92  97 100  97  95  97 109
 112 113 118 120 117 120 129 131 130 127 130 130 129 127 121 113 108 107
 153 170 170 171 171 169 165 165 166 168 169 170 173 174 172 171 174 173
 171 172 173 173 174 174 172 172 172 171 169 168 169 172 174 175 176 175
 173 172 171 170 169 169 170 171 172 173 173 173 173 173 173 172 171 171
 171 172 171 169 168 169 169 169 169 169 168 165 164 163 162 165 168 168
 167 166 166 168 170 173 178 184 182 182 183 184 185 186 185 183 183 184
 185 186 187 186 186 186 185 185 185 187 188 189 190 190 187 185 182 172
 159 158 159 155 153 153 152 151 151 151 150 148 152 152 151 152 154 153
 154  29]","[ 29  29 186 187 184 183 183 184 188 187 185 183 184 185 185 185 183 184
 183 184 186 184 182 182 183 182 180 179 177 176 175 175 176 166 129 117
 110 108 112 113 110 109 111 115 117 109  99  94  89  91  89  93  98 110
 114 115 121 120 116 121 129 131 129 125 125 124 125 126 123 117 113 113
 159 172 167 169 170 168 166 168 170 170 168 169 171 170 168 168 173 169
 168 170 173 173 173 174 172 171 171 171 171 170 170 171 173 174 175 174
 173 173 173 173 169 168 169 170 172 172 172 172 172 172 172 171 170 170
 170 171 170 168 167 167 168 168 169 170 170 167 165 164 164 166 169 169
 167 166 167 168 169 172 177 181 183 184 184 183 185 186 185 181 180 180
 182 184 185 185 185 186 186 186 186 186 186 186 186 185 182 176 169 160
 151 152 155 153 149 149 149 150 152 153 152 150 151 148 148 151 151 150
 153  29]","[ 30  29 186 187 184 184 184 185 188 187 185 185 186 187 187 186 186 186
 185 185 186 184 181 181 183 182 180 177 176 176 175 174 174 164 132 119
 117 118 117 113 113 109 108 108 112 105  99  94  89  88  85  90  97 110
 116 119 123 122 120 123 126 125 127 126 124 123 123 124 123 119 115 113
 155 169 165 168 170 168 169 171 175 171 167 167 169 168 167 169 169 164
 164 168 172 172 171 172 172 170 171 172 173 172 171 171 171 172 173 172
 172 173 174 174 171 169 168 171 173 173 172 171 170 171 172 172 171 171
 170 171 171 169 167 167 168 168 167 167 166 164 164 165 165 168 170 170
 169 168 167 167 168 170 175 180 184 186 185 182 182 184 184 181 178 179
 180 182 184 184 185 186 186 189 189 185 184 186 184 180 173 162 156 155
 154 153 153 153 148 149 150 151 153 154 154 152 151 145 146 151 150 149
 153  28]","[ 29  29 186 187 184 184 185 186 185 185 185 186 187 188 187 186 185 186
 185 185 185 183 181 182 181 181 178 176 175 175 174 173 174 167 140 124
 122 124 120 116 111 106 104 102 107 101  98  95  96  93  89  93  98 109
 115 119 122 123 123 125 123 121 124 124 124 124 122 121 122 121 116 111
 146 168 166 168 168 166 169 169 171 169 165 165 168 168 169 172 168 164
 164 169 173 173 171 171 169 168 170 172 174 173 172 172 173 173 172 171
 171 171 172 172 172 170 169 171 172 171 170 170 171 171 172 171 171 171
 171 171 170 169 168 168 169 169 166 164 161 161 162 165 166 168 170 169
 172 170 168 167 167 169 174 180 180 184 185 183 182 184 184 183 181 181
 181 182 183 184 184 185 186 187 187 186 185 182 178 174 160 154 152 155
 156 154 153 153 151 152 153 153 153 153 153 152 152 147 148 153 152 151
 155  29]","[ 29  29 186 187 184 184 184 184 183 184 185 185 187 187 186 184 182 183
 182 182 183 182 181 182 181 180 179 176 176 176 175 173 176 172 151 130
 124 124 122 122 116 110 104 100 103 101 100 100 100  98  96 100 103 111
 115 119 122 123 124 127 125 123 124 121 121 122 121 120 122 123 119 113
 139 166 167 168 166 164 169 168 168 168 166 166 168 169 169 172 170 167
 167 171 174 173 171 170 167 167 169 172 173 173 173 173 173 173 172 171
 171 171 172 172 169 169 170 170 168 165 167 170 173 172 170 169 169 170
 171 172 169 169 168 168 169 169 167 164 161 161 164 166 166 168 169 168
 173 171 170 168 167 169 174 180 179 183 186 186 184 184 184 183 182 182
 182 183 184 185 186 187 189 184 183 184 179 168 161 160 151 154 155 153
 152 153 153 152 151 152 153 152 152 153 153 153 153 150 150 154 154 153
 155  29]","[ 29  29 186 187 185 184 183 182 181 183 184 185 186 186 184 183 183 183
 183 182 183 182 181 182 180 180 179 177 177 178 176 173 174 172 156 133
 124 123 120 123 126 119 108 103 101 102 100 101 101 103 103 107 108 115
 118 122 124 125 125 126 124 123 124 119 122 123 123 122 121 119 115 110
 136 164 164 167 165 164 170 169 169 171 170 168 168 168 169 171 172 170
 169 170 172 172 171 171 168 168 169 171 172 171 172 173 173 173 172 171
 171 173 173 173 170 168 168 169 168 165 166 169 171 170 168 168 168 169
 170 170 169 169 168 166 166 167 167 166 164 164 165 166 165 166 167 167
 171 170 170 169 168 169 174 179 180 182 185 186 185 185 184 183 184 183
 183 183 184 185 186 187 188 183 179 174 166 156 151 152 149 153 154 150
 150 152 152 151 150 150 150 150 151 153 154 154 153 152 151 152 155 154
 154  29]","[ 29  29 186 188 187 186 183 181 182 183 185 186 186 185 184 183 183 183
 182 182 182 180 178 179 178 179 179 177 177 178 176 173 173 171 158 136
 129 127 122 123 123 118 107 105 104 107 103 104 103 107 108 111 112 118
 121 124 126 127 127 125 120 119 122 118 119 120 121 122 119 114 110 108
 137 163 162 166 165 164 170 170 170 172 171 167 166 167 169 172 173 171
 169 168 169 171 172 172 171 171 171 172 171 170 171 173 174 173 173 172
 171 172 172 172 175 170 167 169 171 171 170 170 168 167 167 168 169 170
 169 168 170 170 168 164 162 163 165 166 164 164 165 164 162 162 165 165
 168 168 169 169 168 169 173 177 179 179 180 182 184 185 185 186 187 186
 184 183 183 182 182 183 181 180 174 163 155 154 155 155 151 151 149 149
 152 152 150 150 151 150 149 148 150 152 153 152 153 154 152 151 155 154
 153  28]","[ 29  30 186 187 186 186 185 187 186 183 185 188 185 181 180 182 182 182
 182 182 182 183 182 181 180 179 179 179 177 175 174 175 173 173 176 139
 130 131 122 121 123 116 111 109 110 113 113 108 106 107 110 114 116 118
 123 127 127 124 121 121 122 123 123 122 121 119 120 122 120 117 114 111
 135 159 167 166 164 166 170 170 172 171 170 168 167 167 170 171 171 170
 169 168 168 170 173 175 172 171 170 170 170 170 171 173 174 174 173 173
 173 172 172 173 170 171 171 171 172 173 172 170 170 167 166 168 170 169
 169 171 173 171 167 165 164 164 164 165 168 165 163 165 166 165 164 165
 170 171 171 169 168 168 172 179 179 179 180 183 185 186 186 186 186 184
 182 179 178 180 181 179 182 170 161 158 157 156 154 152 152 149 147 147
 150 151 151 150 153 150 148 148 150 152 153 154 154 153 153 152 154 155
 154  29]","[ 29  30 186 186 186 185 185 187 187 185 185 185 182 181 181 181 182 181
 181 182 183 183 183 182 180 180 180 179 177 176 175 174 173 175 173 151
 132 131 126 122 123 121 119 118 118 120 120 117 113 113 113 113 114 116
 120 124 124 123 122 123 122 121 121 121 121 121 122 123 120 117 113 108
 127 159 166 165 165 162 168 169 169 170 170 170 169 168 168 169 171 171
 170 168 167 168 170 171 173 172 172 172 172 172 173 175 173 173 172 173
 172 171 171 172 171 172 172 172 171 171 171 169 171 168 167 167 167 167
 168 169 169 168 168 167 166 166 166 165 167 165 164 165 166 165 165 165
 166 168 168 167 167 166 170 177 179 180 181 184 186 187 187 187 186 184
 182 178 176 177 178 176 162 155 151 152 153 154 154 152 150 148 146 146
 148 151 151 151 150 149 148 149 150 150 151 152 154 152 153 154 156 155
 153  29]","[ 29  30 186 187 186 186 185 187 185 184 183 181 180 183 185 183 181 180
 180 182 182 181 181 181 179 180 179 177 177 177 176 174 171 173 170 160
 139 130 130 125 122 121 122 122 121 121 119 115 114 114 115 116 117 117
 119 121 123 123 123 124 121 118 118 121 121 122 125 125 122 119 115 109
 129 163 167 166 167 160 164 165 165 167 169 170 169 168 167 166 170 171
 171 169 167 167 168 169 169 169 170 170 170 170 171 173 173 172 172 172
 172 172 172 173 169 171 171 170 169 169 170 170 171 170 168 167 167 167
 167 166 165 166 168 169 168 167 166 165 165 165 165 165 165 166 167 166
 164 167 167 167 167 166 169 175 180 181 183 185 186 187 187 187 184 182
 181 179 175 172 167 161 153 149 149 152 154 154 154 153 148 147 147 148
 150 152 152 151 151 151 150 149 148 148 148 149 152 151 153 154 154 152
 151  29]","[ 30  30 186 187 187 186 185 186 184 183 182 180 180 184 186 184 181 180
 180 182 182 179 177 178 178 179 179 176 176 177 177 174 174 173 175 167
 154 135 133 129 124 122 122 122 122 123 120 114 112 111 112 114 118 120
 121 121 124 123 123 122 119 115 117 121 122 124 127 126 124 123 119 114
 129 155 165 164 165 162 164 162 163 165 166 167 167 166 166 167 169 171
 171 170 168 168 168 168 168 169 170 171 171 170 171 172 171 170 169 170
 170 171 171 172 168 170 171 169 167 166 167 168 169 170 169 169 168 168
 167 165 165 166 168 168 167 166 165 164 164 166 166 164 163 165 167 167
 166 167 167 167 168 168 171 175 180 181 182 184 186 187 187 186 185 182
 181 178 171 163 156 149 150 147 148 150 151 151 150 148 146 147 149 151
 153 152 150 149 152 152 150 148 147 148 149 151 152 151 152 153 152 149
 149  29]","[ 29  29 186 187 187 186 184 184 186 183 183 183 182 182 183 181 181 180
 180 182 182 178 176 176 178 179 178 176 175 177 176 173 172 171 172 165
 158 136 120 123 123 122 122 122 121 122 123 120 116 113 110 111 115 120
 122 123 123 122 122 121 119 116 117 121 125 126 127 125 123 123 120 115
 118 134 160 162 162 165 167 166 165 166 165 165 165 166 168 170 169 170
 171 171 170 169 168 168 168 169 171 172 171 170 170 170 169 168 167 167
 167 168 168 170 170 171 171 168 165 163 164 165 168 169 169 169 169 169
 169 167 167 167 167 167 165 165 165 165 165 166 166 163 161 163 165 166
 167 166 164 165 168 170 172 175 179 180 181 183 185 188 188 186 188 184
 178 170 161 155 153 151 147 145 145 147 147 148 148 146 146 147 149 150
 151 150 148 146 150 150 149 147 148 150 152 153 152 152 154 154 153 149
 149  29]","[ 29  30 186 187 187 185 183 183 183 181 182 184 182 180 180 180 180 179
 179 181 181 178 176 175 176 176 175 174 173 173 173 171 172 173 172 170
 161 147 118 124 122 123 124 121 117 118 122 124 122 120 116 115 118 121
 122 121 123 123 123 123 122 122 122 124 129 127 125 123 121 120 118 114
 113 123 160 164 164 167 168 168 168 167 166 165 165 167 170 172 168 170
 171 171 171 170 169 168 167 168 169 169 168 167 167 168 170 169 169 168
 167 166 166 167 168 169 170 168 165 165 165 166 169 169 169 169 169 170
 170 171 168 168 167 166 165 165 166 166 166 166 165 162 160 161 163 164
 167 165 163 164 169 171 172 174 179 180 181 183 187 189 188 186 186 176
 167 160 156 155 153 151 149 147 146 147 147 149 150 148 148 148 147 147
 147 147 147 146 148 150 150 149 149 150 150 150 149 151 155 155 153 149
 148  28]","[ 30  30 185 185 185 183 181 181 178 178 181 183 181 179 180 180 178 178
 177 178 179 179 176 174 174 173 173 172 171 171 171 171 170 171 171 171
 162 152 124 124 126 126 126 122 118 119 122 123 123 124 123 121 121 122
 122 122 123 125 126 125 125 127 128 128 130 126 123 122 121 121 118 114
 115 123 156 163 167 166 165 165 167 167 167 167 166 166 168 169 167 168
 169 170 170 170 169 167 169 169 169 168 167 166 168 170 170 171 172 171
 169 166 165 166 165 167 168 167 167 167 167 168 169 168 168 169 169 168
 168 169 167 167 166 166 166 166 166 166 165 164 164 162 161 160 162 164
 166 165 165 167 170 171 171 173 177 178 180 182 185 187 184 180 173 164
 156 153 153 153 151 147 151 149 149 148 146 147 149 148 149 148 147 146
 146 147 148 148 148 151 152 150 149 149 149 148 146 149 152 151 150 148
 148  27]","[ 29  28 183 182 181 180 178 179 175 177 180 181 178 177 179 179 179 178
 177 177 178 179 177 174 173 172 172 172 172 171 172 174 174 172 176 173
 166 153 133 125 128 125 123 120 119 121 122 120 122 123 123 120 119 121
 125 127 125 126 126 124 124 127 131 131 129 124 121 123 123 123 121 117
 115 121 145 155 168 165 164 162 164 165 167 167 166 165 164 164 165 166
 168 169 170 170 169 167 168 167 166 165 163 164 166 169 168 170 171 171
 168 165 163 163 166 167 168 167 167 167 166 166 167 166 167 170 169 166
 164 164 166 165 165 166 166 166 165 164 163 162 162 163 162 160 162 164
 166 167 167 169 171 170 169 171 174 175 177 179 182 183 178 171 160 156
 154 151 146 144 147 149 152 152 152 150 147 147 149 149 148 147 146 146
 147 148 148 148 147 151 152 150 148 149 150 151 145 148 150 147 146 146
 149  29]","[ 29  29 179 183 180 179 178 179 176 174 177 179 175 174 178 180 176 176
 176 176 177 177 176 174 173 172 172 173 172 171 173 176 175 176 171 174
 171 167 150 131 128 121 119 118 116 121 127 124 124 123 121 120 121 124
 126 128 126 127 128 128 130 133 134 132 129 127 124 123 125 128 125 120
 114 115 128 144 160 167 163 159 162 164 164 164 164 164 164 166 166 166
 169 167 169 168 170 169 167 168 169 169 167 165 166 168 168 170 171 168
 164 162 163 164 166 164 165 167 168 167 167 168 169 167 167 169 167 162
 161 164 165 165 165 165 166 165 163 162 162 161 162 164 164 161 160 161
 163 166 167 169 172 170 168 172 172 175 175 174 176 177 169 159 153 155
 155 151 146 145 146 148 151 151 149 147 148 149 149 147 149 148 148 148
 148 148 148 147 149 152 152 149 149 152 152 150 146 148 149 146 146 146
 148  29]","[ 30  30 177 177 175 176 174 172 171 172 176 176 173 173 174 175 172 172
 172 172 174 176 177 177 175 173 173 173 173 171 172 174 175 177 175 177
 171 166 156 145 128 121 122 124 121 122 125 125 127 127 125 123 122 123
 127 129 129 132 134 135 136 137 135 132 127 126 124 124 126 127 124 120
 115 110 119 136 152 159 159 161 159 161 162 162 163 163 164 166 168 167
 165 164 164 166 167 167 169 169 169 167 164 163 166 170 171 171 169 166
 163 162 162 162 166 166 165 164 165 166 167 167 166 165 164 165 165 163
 162 162 160 161 162 163 163 162 162 162 162 161 161 161 160 157 157 158
 163 164 163 165 169 167 165 168 171 175 176 175 174 171 161 151 150 152
 153 151 148 147 147 148 148 148 148 147 148 150 150 148 146 149 151 151
 149 147 147 148 152 151 149 148 150 152 151 147 146 148 148 146 146 146
 148  29]","[ 29  27 167 162 161 165 164 160 163 167 166 162 161 164 167 168 166 166
 167 167 169 171 172 172 171 169 168 168 168 167 167 167 170 171 169 170
 164 159 154 149 139 126 121 122 120 120 124 127 129 130 129 125 123 124
 128 131 132 133 135 136 137 136 132 129 129 127 125 125 126 124 120 117
 114 107 113 127 140 151 158 161 161 163 163 163 163 162 162 164 160 160
 156 157 156 163 161 160 164 163 164 165 166 166 165 164 165 164 162 161
 161 163 164 165 171 171 168 165 164 165 164 162 168 167 164 163 164 164
 163 162 160 159 159 161 162 161 159 159 159 160 161 159 158 157 158 159
 162 161 159 162 166 165 164 166 168 171 171 167 165 161 154 146 146 147
 148 148 147 147 147 148 148 149 148 148 148 148 148 148 147 149 151 151
 149 148 148 149 151 151 151 150 149 149 148 148 147 148 148 146 147 146
 148  30]","[ 31  29 163 157 157 160 159 154 156 161 158 151 153 158 161 164 162 163
 164 164 164 164 164 163 163 161 161 162 163 162 161 160 163 161 158 160
 157 155 152 146 142 129 121 122 122 121 121 122 128 129 128 126 124 125
 129 132 136 135 135 135 136 135 132 131 129 126 124 124 124 121 118 116
 112 108 113 118 125 140 150 153 154 157 156 155 154 152 152 154 152 151
 148 149 151 156 153 149 153 153 156 160 162 160 157 155 157 155 153 153
 156 159 161 163 163 162 160 159 160 162 161 159 165 163 161 160 160 161
 162 161 159 155 154 157 160 159 156 155 154 157 157 156 156 157 158 157
 158 159 159 159 161 161 162 163 162 161 158 154 152 153 151 148 144 145
 144 144 145 146 148 148 149 149 149 148 146 146 146 147 149 148 148 148
 148 148 148 148 149 150 152 153 150 147 146 147 146 147 147 146 148 147
 148  29]","[ 29  29 164 162 163 162 158 153 153 160 159 156 158 162 162 162 162 163
 163 162 161 161 161 161 161 160 159 161 162 162 160 158 158 158 156 158
 160 160 159 150 146 137 127 123 121 121 121 122 125 126 126 125 125 127
 130 131 137 136 134 133 133 132 131 129 125 122 119 120 122 122 120 120
 114 112 114 112 112 123 135 143 145 147 147 146 146 145 145 147 151 149
 148 145 149 149 146 140 145 148 151 151 148 146 148 152 153 150 148 149
 150 152 153 155 153 149 146 147 150 151 150 149 153 152 152 154 154 152
 153 155 151 149 148 151 154 153 152 151 150 152 152 151 151 153 152 149
 152 157 159 155 152 154 156 155 154 152 148 144 145 148 149 149 145 145
 144 144 145 147 149 149 146 146 146 146 145 145 146 148 147 147 147 148
 148 148 147 147 149 148 149 152 152 149 146 144 145 145 146 146 148 146
 147  28]","[ 28  28 162 163 165 162 160 156 155 160 161 161 162 164 163 162 163 163
 162 160 159 161 162 163 162 161 161 162 163 162 161 159 157 159 160 160
 162 161 163 156 156 151 142 131 123 120 122 125 124 125 126 126 126 128
 130 131 134 135 135 132 131 131 128 125 123 121 118 118 120 122 122 122
 119 114 114 112 110 113 124 141 144 146 146 146 147 146 146 147 152 149
 149 146 149 146 145 140 144 146 148 147 145 144 148 152 148 146 145 146
 148 149 150 152 152 146 141 141 143 144 143 144 146 148 151 153 150 145
 144 146 146 147 148 148 147 146 147 147 146 148 148 148 149 151 149 145
 146 151 154 150 146 148 152 151 149 147 145 144 146 147 147 145 145 145
 146 146 147 148 148 147 146 146 146 146 145 145 146 148 145 148 151 151
 149 147 147 147 147 147 148 151 151 148 145 145 145 145 146 147 148 146
 147  29]","[ 29  31 163 163 166 163 164 162 160 159 160 161 160 161 162 162 162 162
 160 158 158 160 162 163 162 162 162 161 161 161 161 160 157 158 160 160
 161 158 162 159 158 159 154 145 135 126 121 120 124 125 126 126 126 128
 130 132 133 136 137 133 131 132 129 125 123 123 122 120 120 122 123 122
 121 117 115 113 113 111 117 136 144 146 145 145 147 146 145 146 149 147
 147 148 150 148 146 145 145 145 146 147 149 149 150 151 147 144 143 145
 148 149 150 152 149 146 143 143 145 146 147 148 148 151 154 153 148 144
 142 142 146 148 149 147 146 146 146 145 145 147 148 149 150 151 150 148
 146 146 148 147 144 145 149 149 147 146 145 146 147 147 146 145 144 146
 146 146 146 146 147 146 147 147 147 148 147 146 145 146 145 148 151 151
 149 147 147 147 146 147 148 148 147 145 145 146 144 145 146 146 147 145
 146  30]","[ 28  31 165 165 167 164 164 160 163 159 160 162 160 159 161 161 162 162
 160 158 158 159 160 160 162 162 161 160 160 161 161 161 159 156 158 159
 162 158 164 163 160 159 153 147 140 130 123 122 121 123 124 124 124 126
 129 131 129 134 134 130 128 130 128 124 122 125 125 123 121 123 124 123
 120 120 116 112 113 109 109 123 142 143 143 144 146 147 146 147 147 147
 146 152 150 149 145 146 147 146 146 146 146 146 148 150 152 148 145 146
 148 148 147 147 146 147 147 145 145 146 146 145 148 152 154 150 146 144
 144 143 146 147 146 145 148 152 150 146 146 148 149 150 150 150 150 149
 150 145 145 146 143 143 146 146 147 146 145 146 146 146 147 148 146 146
 146 145 144 145 147 147 146 146 147 148 148 147 146 146 147 147 146 146
 146 146 146 145 148 146 144 144 145 147 146 144 143 143 144 144 145 142
 145  29]","[ 28  29 166 168 167 166 164 165 164 164 163 161 159 159 160 160 162 161
 162 163 161 158 158 160 161 162 161 160 160 160 161 161 153 152 154 158
 161 161 160 161 159 157 154 152 149 140 127 117 120 117 118 122 126 128
 130 128 131 130 130 130 130 128 125 123 124 124 125 124 122 121 121 119
 117 116 116 115 111 108 112 117 129 138 141 145 149 147 146 147 147 147
 150 153 152 150 148 146 146 147 147 145 145 147 149 149 150 150 148 146
 147 149 149 148 145 146 147 148 148 149 149 148 150 150 151 151 150 146
 145 145 145 145 145 144 145 148 149 147 147 146 148 148 146 146 147 147
 148 144 141 142 144 144 144 145 144 146 146 146 147 147 146 144 146 147
 147 145 145 146 146 145 147 147 147 147 147 146 147 148 148 147 146 146
 146 147 147 146 144 145 146 145 143 142 143 143 141 141 140 140 143 143
 141  29]","[ 29  30 166 167 166 166 164 165 166 166 164 162 161 161 161 161 162 162
 162 163 162 159 159 160 161 162 162 160 160 160 160 161 157 156 156 157
 158 158 159 160 160 157 155 154 152 147 136 127 118 113 112 116 120 125
 129 131 132 131 131 131 130 128 125 124 123 126 129 127 120 116 115 114
 113 113 114 114 111 108 110 114 123 133 142 149 149 147 149 149 147 149
 152 151 146 144 146 148 149 150 149 147 145 146 147 147 148 149 149 147
 146 147 147 147 148 148 148 149 150 151 152 153 151 149 148 148 148 147
 147 147 145 146 145 145 146 148 148 146 146 145 146 147 146 146 146 146
 146 142 140 141 143 143 143 143 144 144 144 144 145 145 145 145 145 146
 147 146 145 145 145 145 147 147 148 148 147 146 146 147 146 147 147 147
 147 146 144 143 144 145 146 144 141 140 140 142 140 138 137 139 141 139
 138  29]","[ 29  30 166 167 166 165 163 164 167 166 163 162 162 163 162 161 162 161
 162 163 162 161 160 161 161 162 162 161 159 159 160 161 159 157 157 157
 158 158 160 161 161 158 155 155 155 152 144 137 128 119 114 116 118 120
 125 129 131 131 131 131 130 129 127 126 128 129 130 128 123 119 114 109
 108 109 111 112 111 108 110 113 111 121 137 148 145 144 149 147 149 150
 151 149 145 143 146 149 148 149 148 147 145 145 146 147 146 148 150 149
 147 146 147 148 149 148 148 150 150 149 150 152 151 149 147 147 147 148
 147 147 145 146 146 146 147 148 147 145 145 143 144 146 146 146 147 145
 145 141 138 140 142 143 143 143 144 143 142 143 143 143 143 144 144 146
 146 145 144 144 145 145 146 147 148 148 146 144 144 145 145 146 147 147
 146 144 143 142 145 146 146 144 141 138 139 141 142 140 138 141 142 139
 137  29]","[ 28  29 166 168 167 166 163 163 165 164 162 161 162 163 163 162 161 161
 161 162 163 162 162 162 159 161 162 161 160 160 160 161 160 159 158 159
 160 160 160 159 161 159 156 155 155 153 148 143 128 117 112 115 117 120
 125 129 128 128 128 130 131 130 129 129 132 130 129 128 126 124 117 109
 109 109 111 113 112 110 110 112 106 113 128 145 148 147 150 150 150 148
 146 147 149 149 148 148 146 147 147 147 145 145 146 147 144 146 147 147
 147 147 148 149 147 146 147 150 149 146 144 145 149 148 147 147 148 147
 145 144 144 144 145 145 147 148 147 145 144 143 144 146 146 146 147 146
 144 140 138 139 142 144 144 143 143 142 143 145 145 142 141 141 143 145
 145 144 143 144 147 148 146 146 147 147 146 144 144 145 146 146 146 145
 144 144 144 146 145 146 146 145 143 140 141 142 143 142 142 142 142 140
 138  29]","[ 29  29 164 166 166 166 163 164 163 163 162 162 163 164 165 164 161 161
 161 162 162 162 162 162 158 160 162 161 160 160 160 161 163 161 158 158
 160 160 158 155 159 158 157 155 154 152 149 147 142 131 123 123 123 123
 127 129 128 126 127 130 132 131 130 130 130 130 132 131 129 127 121 113
 110 110 112 115 114 112 109 108 103 108 116 135 149 149 148 151 149 146
 141 143 150 151 148 147 147 148 148 147 146 145 145 146 145 144 143 144
 146 147 147 147 146 145 147 150 150 147 145 146 146 147 147 148 147 146
 144 142 142 142 143 143 144 145 145 145 144 144 146 146 144 143 145 146
 145 142 139 139 141 142 142 142 141 142 145 147 146 143 140 138 141 143
 145 144 144 145 147 147 146 146 146 147 146 144 144 145 146 146 145 144
 143 144 146 148 144 143 144 145 145 143 142 143 142 143 141 138 138 139
 138  28]","[ 30  29 162 163 163 165 164 166 162 162 162 162 163 165 165 164 162 162
 162 162 162 161 161 161 159 161 162 161 160 160 161 161 162 159 156 155
 157 159 158 156 156 157 157 156 154 153 153 152 147 138 131 127 125 128
 132 133 130 127 127 129 131 130 130 130 131 132 133 134 134 133 126 116
 106 106 108 111 112 111 107 105 100 101 103 121 141 144 143 146 147 146
 141 142 148 149 146 148 146 146 146 147 147 146 146 147 148 145 143 144
 146 147 146 145 145 144 145 148 149 148 148 150 144 145 146 146 146 146
 144 143 142 142 142 142 142 142 143 144 144 144 147 146 141 139 142 143
 144 142 140 139 139 139 140 140 138 142 146 147 145 142 139 138 138 142
 145 145 145 146 145 145 145 145 145 146 145 144 144 145 144 144 144 143
 143 143 144 146 141 139 139 142 143 142 141 142 142 143 140 135 135 138
 140  30]","[ 30  28 162 162 162 164 164 166 163 162 161 162 164 165 164 161 161 162
 163 162 161 161 162 162 162 162 162 160 160 160 161 161 159 157 155 154
 155 158 159 158 156 157 157 156 154 154 155 155 158 154 146 136 129 130
 133 132 132 129 128 129 130 129 131 134 137 135 135 135 137 137 130 120
 107 105 103 104 106 107 106 105 100  99 100 113 130 140 144 141 147 148
 144 143 148 146 144 146 144 143 144 146 147 147 146 147 148 146 145 146
 147 146 146 146 145 145 144 145 145 146 147 148 142 143 144 145 146 146
 145 142 143 144 144 143 142 140 141 142 142 143 146 145 140 137 139 140
 142 142 141 139 137 137 137 138 138 142 145 142 139 139 139 138 139 142
 144 144 143 144 143 142 142 142 142 143 144 143 142 142 141 142 142 141
 140 141 142 143 139 137 137 140 141 140 140 142 145 144 140 137 137 139
 140  30]","[ 29  28 162 163 163 164 163 164 164 163 162 162 165 165 163 159 160 161
 162 162 161 162 163 163 164 164 162 160 159 160 161 162 158 158 156 155
 155 157 158 158 157 157 156 155 154 154 154 154 154 154 150 139 130 131
 134 132 132 129 129 129 129 129 133 139 138 139 139 137 134 135 133 127
 115 110 104 101 102 104 105 105 100  99 101 110 122 137 145 138 146 147
 144 144 149 146 141 142 146 145 145 147 148 147 146 146 144 145 146 148
 147 146 145 147 147 147 146 144 144 144 143 143 141 142 143 145 147 148
 144 139 146 146 147 145 142 140 140 142 140 142 145 145 140 137 138 138
 140 141 142 140 137 137 137 138 139 143 144 138 134 135 138 138 142 143
 142 141 140 141 142 142 140 139 140 141 142 141 139 138 140 139 139 138
 138 139 141 142 141 139 139 141 141 140 142 145 145 144 141 140 140 138
 137  28]","[ 28  30 162 164 164 164 163 161 162 162 162 162 163 165 162 159 162 164
 163 161 162 162 162 163 165 162 159 160 161 160 159 158 156 158 158 156
 154 154 154 154 157 158 157 155 154 155 155 153 155 154 149 142 139 140
 139 135 135 131 128 129 131 133 135 137 138 138 136 133 132 132 132 131
 125 117 108 103 102 103 105 105 104 100 103 105 110 131 145 140 145 145
 143 142 142 144 143 142 145 146 146 145 144 144 143 142 141 146 145 144
 147 148 146 147 145 144 142 139 137 139 140 140 140 142 144 144 144 143
 142 141 144 145 143 139 136 137 139 140 141 139 138 139 140 139 138 138
 139 138 138 139 138 136 137 139 142 143 143 141 138 136 138 140 140 141
 141 140 138 138 139 140 142 139 137 139 140 139 138 139 135 137 140 140
 140 139 139 140 142 140 139 140 140 139 138 139 138 137 138 138 138 135
 132  28]","[ 28  29 161 162 162 162 161 159 160 161 161 162 164 165 164 163 161 163
 162 161 162 162 161 162 162 161 160 162 162 160 158 157 157 158 158 157
 156 156 155 154 155 156 156 154 153 155 155 153 155 153 149 147 145 143
 140 137 140 135 131 130 133 135 137 138 138 138 137 134 133 132 131 130
 127 122 114 106 102 102 103 104 103 101 104 102 100 112 130 137 144 143
 142 142 142 143 143 144 143 144 144 144 144 144 143 142 144 145 144 143
 145 144 142 143 144 144 143 140 139 139 140 140 141 143 144 144 143 141
 140 139 140 140 139 137 137 138 139 139 141 139 138 139 139 139 138 138
 137 136 135 136 137 137 138 139 140 141 141 141 139 138 139 141 138 140
 141 141 140 140 142 143 141 140 140 141 142 141 140 139 135 137 139 140
 139 137 137 137 140 137 137 138 139 139 138 139 139 138 137 137 137 134
 132  28]","[ 30  29 161 161 161 160 159 158 158 158 160 161 161 161 162 163 160 160
 160 160 162 162 161 161 160 160 161 162 162 160 158 157 158 159 158 158
 157 157 155 153 155 156 156 154 154 156 156 155 154 150 149 151 150 145
 140 138 140 136 132 131 133 136 137 137 137 138 138 136 134 131 130 128
 127 124 117 108 101  99  99  98  96  96 100 100  96 102 122 139 143 143
 143 143 143 143 145 146 144 143 142 142 143 144 143 141 142 142 141 141
 143 142 141 143 141 142 141 140 139 139 140 139 143 144 145 144 142 140
 139 138 138 138 137 137 138 139 139 139 141 139 138 139 139 139 139 139
 136 135 134 134 136 139 139 139 139 139 140 140 140 140 140 141 143 143
 143 141 139 138 137 138 139 140 140 141 141 142 141 139 137 138 140 140
 140 138 137 137 139 137 136 137 139 138 138 139 139 136 135 134 135 133
 132  28]","[ 30  29 160 162 161 160 159 157 158 159 160 160 158 156 158 162 160 159
 158 159 162 162 161 161 160 159 159 159 159 159 158 158 157 158 158 158
 158 157 155 154 152 153 154 154 153 154 154 153 153 149 149 152 152 147
 141 139 141 139 136 135 137 138 139 138 138 140 140 139 136 133 130 130
 130 128 122 113 106 102  98  96  94  94  97  99  97  99 112 129 139 143
 145 144 142 144 146 147 145 143 141 140 141 142 141 139 141 141 140 137
 138 139 137 135 138 139 138 137 137 138 139 139 142 143 144 143 141 139
 139 138 138 138 138 138 139 140 139 139 138 138 138 138 139 139 139 139
 137 136 135 135 136 138 139 139 139 139 139 139 139 140 139 138 140 140
 140 139 138 137 137 138 138 139 139 138 139 140 140 138 137 137 138 138
 138 137 137 136 138 137 137 138 137 136 136 136 136 133 132 131 133 132
 131  28]","[ 29  29 161 163 162 160 159 158 161 161 161 161 158 156 158 163 162 160
 158 158 162 162 160 160 158 157 156 156 157 158 158 157 156 157 159 159
 159 157 156 156 153 154 155 155 155 154 154 154 154 152 152 153 153 150
 145 141 138 138 138 138 138 138 136 135 138 140 142 141 139 135 134 134
 133 130 124 118 112 107 101  95  93  93  94  96  97  97 103 114 131 139
 144 142 141 144 145 144 146 143 139 137 138 139 139 138 140 142 142 139
 140 143 143 138 138 138 137 135 135 137 138 139 139 140 141 140 138 138
 138 138 138 139 139 139 139 138 138 138 137 137 138 139 139 139 139 138
 136 136 136 135 135 135 136 137 139 139 138 138 138 139 138 136 136 136
 137 138 138 139 139 139 138 139 138 136 137 139 139 138 138 138 137 136
 137 137 137 137 136 137 138 137 135 133 133 133 133 130 130 130 133 132
 132  29]","[ 29  30 163 165 164 161 161 161 162 162 162 160 158 157 160 163 164 161
 158 158 161 160 158 159 157 156 156 157 159 160 159 157 157 158 159 160
 160 158 158 158 155 156 157 158 157 156 155 155 155 155 155 153 153 152
 148 144 137 136 137 138 137 135 132 132 136 138 141 142 140 137 136 137
 134 130 125 122 118 113 105  99  95  96  96  96  97  98 102 108 119 130
 139 141 141 144 144 143 145 142 138 136 137 139 140 139 139 141 143 142
 142 147 149 144 139 139 138 135 135 137 138 139 138 139 138 138 137 138
 138 138 138 138 140 140 139 138 137 138 137 138 139 139 139 139 138 136
 135 135 136 136 134 132 133 135 138 138 138 137 137 138 137 136 137 137
 138 138 138 138 138 137 138 137 136 134 135 136 137 136 138 137 137 136
 136 136 136 136 134 136 137 136 134 132 131 132 131 129 129 130 133 133
 132  29]","[ 29  30 163 165 163 161 161 163 162 162 160 157 155 156 158 160 161 158
 155 156 159 158 156 157 156 157 157 158 159 160 160 158 159 158 159 161
 161 159 158 158 155 156 156 156 155 154 154 155 156 157 156 154 152 151
 150 148 143 138 137 139 139 136 134 134 136 137 140 142 141 138 137 137
 137 133 129 128 124 118 111 107 106 103 101 100  99  98  99 102 106 117
 131 139 142 143 143 143 143 142 139 137 137 140 141 142 142 140 141 141
 138 140 141 138 138 138 138 136 135 137 138 138 138 138 137 136 137 138
 138 138 137 138 140 141 140 138 137 138 138 139 139 139 138 138 137 136
 136 135 136 138 135 131 130 133 136 138 138 136 136 137 137 136 136 136
 136 137 138 139 139 138 137 135 133 133 134 134 133 133 132 133 134 134
 134 134 133 133 134 134 134 133 132 132 131 131 131 129 130 131 133 132
 132  29]","[ 29  29 162 164 161 159 159 162 162 162 159 155 153 155 156 156 157 155
 152 154 157 156 154 155 155 156 157 157 157 159 160 160 160 158 158 160
 161 160 158 157 158 158 158 158 157 156 157 158 158 157 156 155 153 151
 151 151 145 138 134 137 139 136 135 136 137 139 142 144 143 139 137 136
 136 132 129 128 125 117 112 111 110 104 101 101 100  98  97  97  96 107
 123 137 142 141 141 144 141 141 139 138 138 140 142 143 145 140 141 142
 138 137 138 138 135 136 136 136 136 137 138 137 137 136 135 135 136 137
 138 137 137 137 139 142 141 138 136 136 138 139 139 138 138 138 138 137
 139 137 138 140 137 131 129 132 136 138 138 136 135 137 137 137 135 135
 135 136 137 137 136 135 136 134 132 134 134 133 132 131 131 133 135 137
 137 136 135 134 133 133 131 130 130 131 131 129 131 130 130 130 132 131
 130  28]","[ 29  29 162 161 157 156 159 162 161 161 160 158 155 154 154 153 157 155
 154 155 157 158 156 155 156 158 159 157 155 156 159 163 161 158 157 158
 160 161 158 153 157 156 158 159 158 158 159 158 158 157 156 155 153 151
 151 152 147 138 133 135 138 138 136 135 134 139 143 144 144 143 140 138
 131 130 130 130 126 121 118 115 111 106 102 102 101  98  93  88  92  98
 114 136 139 136 142 145 141 139 138 139 140 141 141 142 142 141 139 138
 137 136 137 139 136 136 136 138 139 138 137 137 136 137 135 131 132 136
 138 138 137 138 139 141 140 138 135 134 136 138 139 139 138 138 138 139
 135 134 135 138 137 131 130 132 138 139 137 134 132 132 135 137 135 134
 133 130 130 132 134 135 134 135 136 136 134 132 131 132 131 134 137 137
 137 137 135 134 133 133 132 130 130 130 131 131 131 133 131 131 131 134
 132  28]","[ 29  28 159 159 157 158 160 162 162 162 161 158 156 155 154 153 154 154
 154 155 157 158 158 156 160 161 160 158 155 154 156 159 159 157 157 157
 157 158 160 158 157 155 156 158 158 159 160 160 156 155 155 154 153 152
 151 152 146 140 135 136 138 138 137 136 136 137 139 141 144 144 140 135
 133 131 131 130 126 124 123 120 116 109 106 105 103  99  95  91  87  92
 100 119 133 136 140 141 141 140 140 141 141 141 141 141 141 140 139 139
 139 138 137 137 137 136 136 137 139 139 138 138 136 138 135 131 132 134
 136 138 137 137 138 139 139 137 136 136 135 137 138 138 137 136 135 135
 137 136 136 136 134 130 130 132 140 139 136 133 131 132 133 133 136 134
 133 132 131 131 134 137 138 136 134 134 135 135 134 133 131 132 133 134
 136 136 135 133 130 130 130 127 127 129 130 129 131 131 130 130 130 133
 132  29]","[ 30  28 157 158 158 159 160 160 161 161 160 158 157 156 155 153 152 155
 157 156 156 158 158 157 160 159 159 157 156 155 156 159 158 155 155 158
 159 160 159 156 153 153 155 158 158 159 159 157 154 153 153 154 154 153
 152 152 148 144 140 138 138 138 137 137 138 139 140 141 141 139 137 135
 136 134 133 131 128 129 128 125 115 109 106 107 105 101  98  96  95  98
  97 108 127 137 139 139 139 138 139 139 139 139 138 139 141 140 139 138
 136 135 136 137 137 136 136 137 138 139 137 136 137 137 135 133 133 133
 134 137 136 137 138 138 137 136 136 136 136 137 137 138 137 135 134 133
 136 137 137 136 134 132 133 135 135 133 131 131 132 134 134 133 134 133
 134 135 133 130 132 136 140 136 132 132 134 134 131 129 130 130 130 131
 132 132 131 131 129 130 129 126 126 130 131 131 131 132 130 130 129 132
 132  29]","[ 30  28 159 160 160 160 158 157 159 159 158 156 155 156 156 156 154 158
 160 157 156 158 158 157 156 156 157 158 158 158 158 159 158 156 157 160
 160 158 156 154 154 154 156 156 155 156 157 155 152 152 152 153 154 153
 152 151 151 149 145 141 138 137 138 138 139 140 141 141 139 137 138 140
 139 138 136 132 129 130 129 124 119 113 110 111 108 102  97  94  97  99
  96  99 115 131 138 138 139 139 138 139 140 139 138 138 141 141 140 136
 132 131 134 138 135 136 137 138 137 136 134 132 135 135 134 134 135 134
 132 134 137 137 138 138 137 136 134 132 135 135 135 136 135 134 133 131
 132 134 135 135 135 136 135 135 132 131 130 130 131 132 131 129 131 132
 134 136 135 132 131 133 136 133 130 130 131 131 128 126 129 129 129 128
 126 125 126 127 130 129 128 126 127 129 131 133 132 133 131 131 130 132
 131  29]","[ 29  29 161 162 160 158 158 158 159 159 159 156 154 154 156 157 156 160
 162 159 157 159 160 159 155 155 157 160 161 159 158 158 159 159 161 160
 155 153 156 158 160 159 158 155 152 153 156 156 152 151 151 153 153 152
 151 150 152 150 147 142 138 137 138 139 139 138 137 139 140 141 144 147
 141 139 136 131 128 128 127 123 122 117 115 116 113 107 100  95  95  95
  97  96 100 116 130 134 138 136 136 137 138 138 137 136 137 136 134 132
 129 128 131 134 133 136 137 137 135 133 132 131 133 131 130 133 136 135
 133 134 138 137 136 135 135 134 132 130 132 132 132 132 132 132 130 129
 128 130 131 132 134 135 134 132 131 131 131 130 131 131 130 128 131 132
 133 133 133 132 131 130 130 130 130 130 130 130 130 131 128 127 125 124
 124 123 122 123 126 125 125 127 127 126 127 130 131 132 131 132 130 132
 130  29]","[ 29  29 161 161 159 157 158 159 160 161 161 158 155 154 155 156 158 160
 161 159 159 160 161 161 155 155 158 161 162 159 157 157 158 159 161 160
 156 156 158 159 159 159 159 156 153 154 155 154 153 153 153 154 153 152
 151 152 151 150 147 144 140 138 138 139 138 137 137 139 140 140 144 149
 143 140 137 132 129 129 128 126 125 121 119 119 115 110 103  97  98  97
 101  98  94 106 121 129 133 133 133 135 137 137 136 135 136 133 131 132
 134 134 132 131 133 135 135 133 132 132 133 133 132 130 128 131 137 138
 136 136 136 135 133 131 131 133 132 131 130 130 130 131 131 131 131 130
 130 130 129 130 131 132 131 130 129 130 131 130 130 131 131 131 131 131
 131 129 129 130 131 130 130 131 131 130 128 128 130 134 130 125 122 124
 127 126 124 121 124 124 126 129 128 126 125 127 128 130 130 132 130 131
 130  29]","[ 30  29 160 161 159 158 157 157 158 160 161 160 157 155 155 154 158 159
 159 159 159 159 159 158 154 154 156 159 160 157 156 158 158 159 160 159
 159 161 160 156 155 155 156 155 153 155 155 152 154 154 155 155 153 152
 153 154 152 149 147 146 143 139 138 139 139 139 140 142 140 137 140 145
 142 139 138 136 132 130 129 127 129 126 123 118 112 108 104  99 100  98
 100  97  95 100 109 121 127 129 133 137 139 138 138 137 140 137 135 136
 138 137 134 132 132 133 133 130 130 132 133 133 130 130 129 132 137 138
 135 134 131 132 131 129 129 131 132 131 130 130 131 132 132 132 131 131
 131 131 130 130 130 130 130 130 133 133 132 129 128 128 129 129 130 130
 129 128 128 128 129 130 131 132 132 131 128 127 129 132 130 126 125 128
 130 130 127 125 127 129 130 130 129 128 128 128 128 129 130 132 130 131
 130  29]","[ 30  29 160 161 161 159 155 153 155 157 160 161 160 158 155 153 159 158
 157 158 158 157 155 154 155 153 154 156 156 154 154 156 160 161 161 157
 156 159 162 159 157 154 151 149 149 155 158 157 153 154 155 154 151 150
 152 155 153 150 148 149 146 141 138 139 143 139 139 142 143 140 138 139
 138 137 138 139 135 131 128 126 125 124 121 117 112 112 112 109 108 104
 101  96  97  96  96 108 117 122 129 135 137 136 136 136 137 135 133 132
 131 129 128 127 131 132 131 129 130 132 133 131 128 129 130 133 136 136
 131 129 126 129 131 130 129 130 131 130 128 129 130 131 132 131 130 130
 130 130 131 132 131 129 129 130 130 130 128 127 127 129 131 133 131 130
 131 132 130 127 128 132 130 130 132 132 130 129 129 131 129 129 130 132
 132 130 129 130 131 134 132 127 126 130 131 130 129 131 132 134 131 132
 131  30]","[ 29  29 160 161 161 160 157 154 153 156 159 159 158 158 159 159 156 158
 159 158 158 159 156 152 153 156 157 155 154 154 157 159 163 162 161 160
 160 159 157 154 150 153 153 148 148 153 155 153 156 154 153 152 151 152
 155 155 155 155 151 147 146 141 137 138 139 140 141 141 141 141 139 137
 137 138 139 139 137 134 130 128 127 126 124 120 117 115 113 110 110 108
 101  96  96  95  96 101 114 120 130 132 131 134 135 134 136 132 129 129
 128 126 127 129 131 130 130 130 131 131 131 131 132 130 131 134 135 132
 128 126 126 129 130 129 130 131 131 132 130 132 130 129 132 131 127 127
 129 130 131 130 130 131 131 129 131 132 129 125 125 130 133 131 131 128
 130 133 129 129 131 132 131 132 132 130 129 130 130 130 131 129 128 128
 130 131 131 132 138 137 133 129 127 129 133 135 134 133 133 139 138 133
 136  29]","[ 29  30 161 162 161 160 159 158 159 158 158 158 160 161 160 159 160 160
 159 157 157 158 157 156 155 156 156 155 154 155 158 159 161 160 159 159
 159 158 155 151 149 152 154 153 153 155 156 155 155 154 153 152 150 150
 153 154 152 154 151 149 148 143 137 137 137 138 138 139 140 139 138 137
 138 139 140 140 139 135 132 130 128 127 125 122 120 119 117 114 114 110
 103  99  98  97  98 101 108 116 130 135 132 130 129 130 136 133 132 132
 131 129 130 134 132 131 130 130 130 131 131 130 129 131 133 134 132 130
 128 128 128 130 130 128 129 129 129 131 132 133 131 129 129 129 129 129
 128 129 129 128 128 129 129 129 132 132 130 125 125 129 132 131 130 129
 132 133 130 131 132 130 134 134 132 130 130 132 134 134 133 131 129 129
 130 132 134 135 138 138 137 135 134 136 136 134 136 136 136 140 141 139
 141  30]","[ 29  29 161 161 160 160 160 160 162 160 157 157 159 160 160 159 159 160
 159 158 159 160 160 159 158 158 157 156 156 156 158 159 158 156 155 156
 158 158 155 153 151 153 154 155 155 154 154 155 155 153 153 152 149 149
 152 152 150 152 153 152 151 144 138 136 137 137 137 137 139 140 141 141
 144 144 144 143 140 136 132 129 129 128 126 124 123 122 119 117 116 110
 104 101  98  97  98  98  96  99 115 128 132 129 126 129 137 136 136 136
 133 130 132 135 133 131 130 130 131 132 132 132 131 132 133 131 130 130
 129 129 130 132 131 129 129 129 129 130 129 130 132 132 129 128 127 125
 129 129 129 129 128 128 129 131 133 135 134 130 129 132 134 133 133 134
 136 136 134 136 136 132 136 136 135 133 133 134 137 138 136 134 132 131
 131 133 135 138 137 139 140 139 139 139 136 132 136 138 137 139 141 142
 143  28]","[ 28  29 159 160 159 161 161 160 160 160 159 158 156 156 158 160 159 160
 160 159 159 159 160 160 160 160 160 160 158 157 157 158 158 156 154 155
 156 157 158 157 155 155 154 153 154 154 155 155 156 154 154 153 151 151
 152 151 150 152 154 154 152 146 139 135 138 137 137 138 139 141 144 146
 147 147 146 143 140 136 132 130 130 129 126 125 124 123 120 117 117 110
 107 105 100  98  98  96  94  89 102 121 132 132 131 135 136 136 137 137
 135 131 131 133 132 131 130 129 130 132 132 133 135 134 132 130 131 133
 132 129 130 133 133 132 132 131 130 130 130 132 137 139 135 133 133 130
 131 130 131 132 131 130 131 133 135 138 139 137 136 136 136 135 136 137
 139 138 136 137 137 136 137 137 136 135 134 135 136 137 139 138 136 134
 132 132 134 136 138 138 139 139 138 136 134 134 136 138 136 137 139 142
 143  28]","[ 29  29 159 160 161 163 162 160 159 159 159 158 156 154 155 157 159 160
 159 158 157 157 158 159 158 159 161 162 161 158 157 158 160 158 157 156
 156 155 156 157 156 156 154 152 153 157 158 156 156 154 154 155 154 154
 153 151 150 151 153 154 151 146 141 137 137 137 138 139 139 139 142 144
 146 146 145 143 141 138 135 133 130 128 126 125 125 123 121 119 118 113
 112 111 105 102 100  97  95  93 102 113 123 131 134 137 133 134 136 137
 136 133 132 132 132 131 130 129 129 130 131 131 134 134 134 134 135 136
 134 131 130 132 132 131 132 131 130 131 133 134 138 139 136 136 138 136
 131 131 133 135 134 132 131 132 134 136 138 137 136 135 136 136 137 137
 137 135 132 130 132 135 137 136 135 134 133 133 133 134 137 137 136 135
 133 131 131 133 138 137 138 138 135 131 133 138 138 139 136 138 139 140
 142  29]","[ 30  29 159 160 162 163 162 160 159 157 156 157 157 155 153 153 154 156
 159 160 160 159 159 159 155 156 159 162 162 160 159 159 156 155 156 157
 155 154 153 154 156 157 156 154 154 156 156 153 154 153 153 154 153 153
 153 151 150 148 149 151 149 147 145 141 139 138 139 139 139 137 138 139
 146 146 146 145 143 140 138 136 129 127 125 125 124 123 122 121 119 115
 114 113 110 105 101  98  96  98 101 101 111 129 136 135 136 137 138 139
 138 135 132 131 133 133 132 131 130 129 129 129 129 132 136 138 137 136
 134 132 129 131 130 129 130 131 130 131 133 134 136 137 135 135 134 131
 131 132 134 135 135 133 132 131 132 133 134 133 132 132 134 135 137 137
 135 132 129 125 127 133 138 136 133 132 131 131 132 133 132 133 134 134
 132 130 130 131 135 135 136 138 135 131 133 139 138 138 136 138 139 138
 141  30]","[ 29  28 159 159 160 162 161 159 159 156 154 156 157 156 154 153 152 155
 159 161 160 159 158 158 157 156 157 160 162 161 159 159 154 153 155 156
 156 154 153 154 157 158 158 157 155 154 153 152 154 153 154 154 152 152
 152 151 151 147 148 150 150 150 150 146 143 139 137 137 138 138 138 139
 146 147 148 148 147 144 141 139 131 129 126 125 124 123 122 122 120 118
 114 114 114 109 103 100 100  99  98  93 100 121 133 136 136 137 138 139
 137 135 132 131 134 135 136 134 132 130 129 129 128 130 134 137 136 134
 132 131 129 131 131 130 131 131 130 130 131 133 133 134 135 134 131 129
 130 132 134 134 134 133 132 131 131 131 132 132 131 130 132 133 135 137
 135 130 128 126 127 133 136 134 131 131 131 131 131 132 129 130 131 132
 132 132 132 133 134 135 135 135 134 134 136 138 137 137 135 138 139 139
 141  29]","[ 29  28 159 159 159 160 160 159 158 156 155 157 158 157 157 158 159 158
 157 156 153 153 155 158 160 157 156 160 162 161 159 158 159 157 156 157
 157 155 154 155 157 157 159 160 157 154 154 157 155 155 156 155 152 151
 153 154 155 149 149 152 152 154 155 152 146 139 134 134 136 138 140 142
 143 145 148 151 151 149 146 144 136 133 130 128 125 123 122 122 123 121
 116 115 118 113 105 103 102  98  95  89  88 101 120 136 131 133 135 135
 134 133 133 133 134 136 137 136 133 130 129 129 132 130 130 132 134 132
 130 129 129 132 133 134 135 133 130 128 126 126 124 124 130 132 131 132
 130 132 132 131 131 132 132 130 130 130 132 133 132 130 130 131 133 137
 134 129 128 128 129 132 132 130 129 130 131 130 129 129 129 129 131 132
 133 133 134 135 137 137 136 133 134 138 139 137 137 138 137 139 141 143
 144  30]","[ 30  27 161 160 160 158 160 160 161 160 159 160 160 161 161 161 163 162
 159 154 150 150 154 157 157 158 160 161 162 162 162 161 160 158 160 162
 160 155 156 161 157 156 158 161 160 158 157 157 159 161 161 158 156 156
 158 160 159 159 157 156 157 158 157 154 149 136 129 131 134 137 140 139
 142 143 145 146 147 146 145 144 139 138 137 130 125 123 121 123 122 122
 121 120 118 116 113 111 106 102  97  96  94  90 101 124 129 132 131 132
 136 136 135 139 134 134 136 138 136 129 126 126 130 130 131 133 134 134
 133 132 131 131 131 132 131 128 126 126 127 127 128 128 130 131 132 133
 132 132 131 130 129 130 132 132 130 133 135 135 133 131 130 130 132 132
 131 129 128 127 129 130 129 128 128 129 130 131 131 130 131 130 131 133
 133 133 133 134 136 136 135 134 134 135 135 135 137 137 135 136 139 144
 143  28]","[ 30  27 162 160 159 158 160 160 163 163 162 161 160 160 161 162 160 162
 162 159 155 155 157 159 159 160 161 162 163 164 165 164 161 159 160 162
 161 159 159 162 160 160 162 162 160 160 162 163 164 166 166 164 163 164
 165 166 164 161 158 157 158 159 159 157 149 138 133 137 140 139 138 138
 141 142 143 144 144 144 143 142 140 137 137 132 126 122 119 122 120 120
 120 121 121 119 116 114 111 106  98  95  94  91  94 107 125 131 131 130
 135 140 139 138 135 134 136 138 136 131 128 128 130 131 133 135 135 134
 133 131 131 130 130 130 130 128 126 126 129 129 129 130 130 131 132 133
 134 134 133 131 129 128 129 130 131 132 134 134 133 132 132 132 130 131
 132 133 133 132 130 130 131 130 130 130 131 131 131 131 132 131 132 133
 134 133 132 132 134 134 134 133 132 132 132 133 135 134 132 132 136 142
 143  30]","[ 29  28 164 160 160 161 162 161 160 161 162 161 159 158 160 162 163 165
 167 166 164 164 166 167 165 167 168 167 168 171 172 171 171 169 168 169
 169 168 167 167 166 167 169 167 164 166 170 171 170 170 169 168 167 167
 167 166 163 161 160 161 162 161 159 158 153 145 137 135 138 138 138 139
 141 142 143 144 145 145 145 144 141 138 138 136 130 124 120 123 119 118
 119 121 121 119 117 116 113 108  98  93  94  92  92  97 110 122 129 130
 134 139 138 134 135 134 134 135 135 132 130 130 130 132 133 134 133 133
 132 131 131 129 129 129 129 129 128 128 130 130 131 130 130 131 132 133
 134 135 133 131 127 126 127 128 132 132 132 132 131 130 130 131 129 131
 133 136 136 135 132 130 131 130 129 130 130 131 131 131 132 131 131 133
 134 132 131 130 131 133 134 133 131 131 132 133 135 134 133 134 137 142
 143  31]","[ 29  29 167 163 164 166 166 165 166 169 171 171 170 169 170 172 172 173
 172 171 170 171 172 173 171 173 173 172 173 176 177 175 173 173 172 172
 172 171 169 167 170 172 172 169 166 169 172 172 169 169 168 167 166 165
 164 164 162 160 160 162 163 161 158 158 157 155 143 132 133 138 138 138
 140 140 141 142 143 143 144 144 144 141 142 140 136 131 125 125 122 119
 118 119 119 116 115 117 115 111 103  98  97  96  96  99  98 114 129 135
 136 137 137 137 136 133 131 132 132 131 130 131 131 131 131 132 132 133
 133 133 131 130 129 129 130 130 130 129 131 131 131 131 131 132 131 131
 132 133 133 130 127 126 127 130 132 131 130 130 130 129 129 130 131 131
 133 133 134 133 132 131 131 130 129 129 130 131 132 132 130 129 130 131
 131 129 128 129 130 132 134 134 133 133 135 136 137 137 137 138 141 143
 142  29]","[ 29  29 171 168 169 172 171 170 169 171 172 173 172 172 173 174 178 177
 175 172 171 171 171 170 172 174 174 173 173 175 175 173 167 169 170 170
 171 171 170 169 169 170 170 167 165 167 169 167 164 165 165 166 165 165
 165 166 164 162 160 160 160 159 160 161 159 159 150 138 136 138 137 136
 141 141 141 142 142 143 143 143 144 143 144 141 139 137 129 125 124 121
 119 120 118 115 113 115 114 110 106 105 102  98  94  95  94 104 120 132
 134 133 135 139 138 134 131 131 131 131 131 131 132 131 131 133 135 136
 135 134 131 130 130 130 130 131 130 128 131 130 130 131 132 133 131 129
 131 131 132 131 130 128 130 132 130 129 129 130 131 130 130 131 130 131
 131 130 129 129 130 131 135 133 131 130 131 132 132 132 130 129 130 130
 128 127 127 129 131 131 132 133 134 135 137 137 137 138 139 140 141 142
 141  28]","[ 29  29 173 171 173 176 174 174 174 174 173 171 170 170 172 173 175 175
 175 174 174 174 172 171 172 172 173 173 173 172 172 171 167 169 171 172
 173 173 172 172 170 170 170 168 166 169 170 167 164 165 165 166 165 165
 165 166 164 163 163 162 161 160 160 161 160 158 153 146 140 135 135 138
 142 142 142 142 142 142 142 142 141 143 145 142 140 139 131 125 123 122
 121 121 119 115 112 112 112 108 108 111 110 102  94  90  88  91 105 123
 131 132 134 136 138 135 132 131 132 132 131 130 131 130 132 135 137 138
 135 132 132 132 131 130 131 131 130 129 129 128 128 129 131 131 130 128
 130 130 131 132 131 130 131 132 131 129 129 130 130 128 127 128 129 130
 130 130 128 129 130 132 137 135 133 132 131 131 131 131 132 132 132 132
 130 128 129 131 131 131 131 132 133 135 136 136 137 137 138 139 140 141
 141  29]","[ 29  28 173 172 174 176 173 175 174 174 173 170 168 167 169 170 170 173
 175 176 175 175 175 174 173 172 172 173 173 171 170 171 170 170 170 172
 172 172 171 172 172 172 172 170 169 170 172 169 168 166 165 166 165 164
 164 164 161 163 165 165 163 162 161 161 160 157 155 150 141 133 134 138
 139 139 139 138 138 138 138 138 140 141 145 143 141 138 130 126 124 123
 123 122 120 116 114 112 115 112 113 116 115 109 102  96  90  89  97 110
 121 129 135 135 138 136 134 134 134 134 132 130 130 130 131 134 136 135
 133 131 132 132 131 130 130 132 132 131 129 128 128 128 129 129 129 128
 130 129 130 132 133 131 130 131 131 130 129 131 129 126 124 126 130 130
 130 130 129 130 131 132 135 134 133 132 132 132 131 130 133 132 131 132
 132 131 131 133 132 131 131 131 132 134 135 135 137 138 138 139 139 140
 140  30]","[ 30  27 173 172 173 175 171 175 173 174 174 172 169 168 168 170 169 173
 176 176 173 172 173 174 173 171 171 173 172 170 169 171 171 169 169 171
 172 172 172 173 172 171 171 169 167 168 170 169 169 166 164 165 166 164
 163 163 159 162 164 162 161 161 163 163 156 157 159 154 142 135 134 133
 137 137 138 138 138 138 139 139 140 141 146 145 142 137 130 128 126 126
 124 122 120 118 116 115 116 114 114 114 110 107 104 101  98  94  92  95
 103 119 131 134 139 138 137 137 137 136 133 131 131 131 131 132 132 132
 132 131 130 130 130 129 129 132 133 133 130 130 130 130 129 129 130 130
 131 129 130 133 134 132 131 131 130 128 129 131 130 127 126 128 131 130
 129 128 129 130 131 131 131 131 132 133 134 134 133 132 130 128 128 130
 132 132 132 132 132 132 131 131 132 133 135 136 138 138 139 140 139 139
 138  28]","[ 30  28 171 174 173 172 172 174 174 173 172 172 172 172 171 170 171 172
 173 173 173 172 172 172 174 171 169 170 170 169 171 174 171 172 172 172
 171 171 171 172 172 171 170 170 170 170 170 170 168 167 166 166 165 164
 162 162 160 162 163 163 162 163 163 163 159 157 159 157 151 139 129 136
 138 139 140 140 138 137 137 139 143 144 144 142 139 136 133 131 129 127
 126 124 120 117 117 117 118 119 117 113 110 108 105 102  98  96  89  84
  87 100 118 134 137 141 138 138 138 137 137 131 133 133 132 132 132 132
 131 130 128 131 131 129 128 130 131 131 130 131 130 128 127 128 130 130
 129 128 129 133 136 135 131 129 129 129 129 130 129 129 130 131 128 129
 129 128 128 129 130 129 131 130 130 132 134 135 134 131 129 128 128 130
 133 134 134 133 132 134 135 134 133 135 137 137 141 138 140 144 140 136
 137  28]","[ 29  29 173 175 173 172 173 174 172 172 171 172 172 172 171 171 171 172
 172 172 172 171 172 173 174 173 172 172 171 170 170 171 171 172 172 170
 169 169 171 173 172 171 170 170 170 169 169 169 166 166 166 167 167 166
 163 162 161 164 165 164 164 164 163 162 163 159 158 157 154 144 133 135
 137 137 138 139 138 137 138 139 142 143 144 142 139 137 135 134 130 127
 125 123 118 116 116 116 119 118 117 117 115 111 108 106 105  97  90  89
  90  93 105 121 134 137 136 138 138 136 137 134 132 132 132 131 132 132
 132 131 130 131 131 130 130 131 132 131 132 131 131 131 129 128 128 129
 130 130 132 134 134 132 130 129 129 129 129 130 130 130 129 129 129 130
 129 128 128 128 128 126 129 130 131 132 133 134 132 129 131 131 131 131
 131 130 130 131 132 132 131 130 132 136 137 137 140 138 140 143 141 139
 140  30]","[ 28  30 175 175 173 173 173 174 172 172 173 173 174 174 174 173 172 172
 171 171 171 171 172 173 175 175 175 175 173 172 172 172 172 172 172 170
 168 168 171 174 172 170 169 169 169 168 168 168 168 167 167 167 167 165
 163 161 163 165 167 166 164 164 163 161 162 158 156 157 158 152 140 137
 137 136 137 139 139 139 139 139 144 145 145 143 141 139 138 137 134 129
 124 120 116 115 116 116 119 117 117 119 117 113 110 109 110 102  95  95
  94  91  96 107 121 131 137 139 137 134 135 132 132 132 132 131 131 131
 131 130 131 131 131 131 133 136 136 135 134 133 132 133 131 128 127 130
 128 128 129 131 132 132 131 130 130 129 129 131 132 132 130 129 130 130
 130 129 129 129 128 126 124 126 128 130 132 132 131 129 130 131 131 131
 129 129 129 131 132 132 131 131 133 136 138 138 139 138 139 142 141 142
 142  29]","[ 28  30 175 175 173 174 175 174 173 174 174 175 176 176 175 175 173 173
 172 171 171 172 172 172 175 176 176 174 173 173 173 173 171 172 172 171
 169 170 172 173 172 171 170 170 170 169 168 168 172 169 167 165 164 164
 163 163 165 167 168 166 165 164 163 162 164 161 159 160 160 154 142 133
 137 137 138 140 141 140 139 139 142 143 143 142 141 140 140 140 138 134
 129 124 119 118 118 115 116 116 117 118 117 114 112 112 111 107 100  96
  95  95  95  98 108 123 136 137 134 133 133 131 131 132 132 131 131 133
 133 131 131 131 130 131 133 136 137 136 134 133 132 132 130 128 129 131
 131 129 128 131 135 135 132 129 130 129 129 131 132 132 131 131 131 131
 130 130 130 132 131 129 123 126 128 129 130 131 131 130 129 130 130 130
 130 129 131 132 132 134 135 134 133 134 137 139 140 139 139 140 140 143
 143  28]","[ 29  30 175 176 175 177 176 175 173 174 175 175 175 175 175 175 174 174
 173 172 171 171 171 171 173 175 175 174 172 172 171 171 169 170 170 171
 171 171 171 172 173 172 171 172 172 171 170 169 171 169 166 165 164 164
 165 165 166 168 168 166 164 164 163 162 163 163 162 161 160 155 147 137
 137 137 139 140 141 140 139 139 137 139 140 140 140 141 142 142 138 137
 135 132 127 125 121 115 115 117 119 117 116 115 115 115 111 110 103  96
  96  98  97  95  98 108 120 125 127 129 129 129 130 132 133 133 134 136
 136 135 132 131 130 129 130 131 131 131 132 132 132 130 129 129 130 130
 128 127 127 130 135 136 134 130 129 129 130 130 130 129 130 131 133 132
 131 129 131 133 134 133 129 130 131 130 129 130 131 131 131 130 130 131
 131 131 131 132 133 135 135 133 132 134 137 138 140 139 139 139 140 144
 144  29]","[ 30  30 175 177 177 178 177 176 174 174 174 174 175 175 174 174 175 174
 173 172 171 171 171 171 172 173 175 175 174 172 170 169 169 170 170 171
 172 172 172 171 172 171 170 171 172 171 170 169 169 168 167 166 164 162
 162 163 165 166 166 165 163 163 163 162 161 162 161 161 160 158 155 147
 137 138 138 140 140 139 139 139 138 140 142 142 142 142 143 143 140 139
 136 132 128 127 125 119 114 118 119 117 115 116 117 117 116 113 106 101
 100  99  97  97  95  95 104 117 126 129 126 128 132 135 136 135 135 137
 137 135 131 131 129 129 128 129 129 130 130 132 133 132 131 131 130 129
 128 129 130 131 133 134 133 131 130 130 131 131 129 128 129 131 134 133
 131 130 130 132 134 133 131 131 131 130 129 130 131 132 129 128 129 130
 131 131 131 131 135 134 131 130 132 136 138 138 138 138 138 138 139 144
 144  29]","[ 30  29 175 178 177 176 176 176 176 175 174 174 175 175 175 175 176 175
 174 172 171 171 172 173 173 173 175 176 176 173 170 170 170 171 171 171
 172 172 172 172 170 169 169 170 172 171 170 169 168 169 169 167 164 161
 160 161 163 165 165 164 163 163 163 162 163 163 162 163 160 158 157 148
 139 138 137 138 139 139 139 139 141 143 145 145 144 143 143 142 143 141
 137 130 126 128 128 123 117 118 118 117 115 115 116 116 117 115 110 106
 104 102 100 102 100  95 100 109 120 128 128 131 133 136 138 136 135 136
 135 132 132 131 130 130 130 131 131 132 130 131 132 133 132 131 130 131
 138 138 136 133 132 131 130 129 130 131 132 132 130 128 129 131 133 133
 132 131 131 132 132 131 130 130 129 129 130 131 132 131 127 127 128 130
 131 131 131 131 134 133 131 130 133 138 139 138 136 136 137 138 139 143
 144  29]","[ 30  28 174 177 176 173 173 175 176 175 174 174 175 175 175 175 177 176
 175 173 172 172 174 176 174 172 173 175 175 173 172 173 171 171 171 171
 170 170 171 173 170 169 169 171 172 172 171 170 168 169 169 168 165 163
 163 164 163 165 166 165 164 165 164 163 160 161 160 164 163 160 159 149
 141 138 136 136 138 140 140 140 138 141 143 144 144 144 143 142 143 143
 140 134 129 130 128 122 121 119 118 118 117 115 114 114 115 116 113 108
 106 106 104 104 101  97  95  92 101 118 126 130 130 134 136 135 134 136
 134 131 135 133 131 131 132 132 132 132 130 129 130 132 131 129 130 133
 135 133 129 127 129 131 130 128 130 131 132 132 130 129 129 130 132 133
 133 132 131 132 131 130 131 131 130 130 131 131 130 129 128 129 130 131
 131 131 130 130 130 132 133 133 134 136 138 137 136 136 138 139 140 143
 143  30]","[ 30  28 175 175 177 174 175 176 175 175 175 174 176 180 179 177 176 175
 175 174 172 172 173 176 173 172 172 173 172 170 169 171 171 172 172 170
 170 172 173 172 170 171 171 171 172 173 171 168 167 167 168 169 167 165
 162 161 162 162 163 164 165 165 163 162 159 158 157 159 162 161 157 153
 147 138 135 135 134 136 140 141 142 142 142 143 145 146 144 143 144 142
 139 137 135 131 129 127 121 119 118 116 115 115 115 114 114 114 114 111
 109 107 107 106 103 100  94  90  94 105 119 128 136 133 134 138 137 136
 134 131 135 135 132 129 130 133 134 133 131 131 131 131 131 132 134 135
 136 132 130 131 130 130 130 129 130 132 133 132 130 129 129 131 132 132
 131 132 132 132 130 128 130 130 130 131 132 132 131 130 130 130 130 130
 131 132 131 128 130 130 133 135 134 136 138 136 137 138 139 139 138 139
 140  30]","[ 30  29 175 175 175 173 175 175 174 174 173 173 175 178 178 176 174 174
 174 174 173 173 173 175 172 171 170 171 172 170 170 171 166 168 168 167
 168 170 171 170 173 173 173 172 172 172 171 169 169 169 170 170 168 166
 164 164 162 163 164 165 166 166 164 162 161 159 158 158 160 161 160 159
 149 142 137 136 134 135 139 143 142 143 143 144 146 147 146 145 142 141
 139 138 136 132 129 127 124 122 119 115 113 114 114 113 114 115 114 112
 110 108 108 108 106 100  97  97  93  93 107 127 135 137 136 137 140 138
 133 133 132 134 134 132 132 133 133 130 131 132 133 133 132 132 134 136
 133 131 133 135 133 132 133 132 133 133 132 131 130 130 130 131 131 132
 132 132 132 131 131 131 130 130 129 130 131 131 130 129 129 129 128 128
 129 131 131 130 130 132 134 135 133 134 136 136 137 137 136 137 137 138
 139  28]","[ 30  30 175 173 174 173 175 174 172 172 172 172 174 176 176 174 172 172
 173 174 175 174 174 175 173 171 170 172 172 172 171 172 171 172 171 170
 171 172 172 171 174 174 174 172 171 171 170 169 168 169 170 170 168 166
 166 167 163 163 163 164 165 165 164 163 163 162 160 160 161 162 162 163
 155 144 132 129 133 136 138 143 142 143 143 144 145 146 146 145 143 143
 142 142 140 137 133 130 130 128 123 116 114 116 117 116 115 116 115 113
 110 108 108 108 103 101 100  98  91  85  88  95 122 133 134 132 138 138
 132 131 131 133 134 133 132 133 132 131 132 134 136 135 132 131 131 133
 130 131 135 137 134 133 135 136 135 133 130 129 129 130 131 131 130 132
 134 133 131 130 131 132 131 130 130 130 130 130 129 128 128 127 126 127
 127 128 129 130 131 135 136 134 132 132 133 136 138 136 134 135 137 139
 139  28]","[ 29  29 176 173 174 174 176 174 171 172 172 173 174 176 175 174 172 171
 172 174 175 175 176 176 175 173 172 172 173 173 172 173 174 174 172 171
 171 172 171 169 172 172 172 170 169 169 169 168 166 167 167 168 168 167
 168 169 168 166 164 163 163 164 164 164 162 162 162 162 162 162 161 161
 160 151 136 128 133 136 137 140 142 142 142 143 144 144 144 143 143 144
 144 144 142 139 135 131 129 128 123 116 114 115 117 116 118 118 117 114
 111 108 108 109 108 108 105  99  97  97  95  91 106 127 138 137 137 137
 135 134 133 134 134 133 132 132 133 134 134 135 137 135 133 131 131 131
 130 132 135 135 132 132 135 136 133 131 129 128 129 130 131 132 132 134
 136 135 132 130 130 131 132 131 130 130 130 130 130 129 128 127 126 126
 125 125 127 131 132 137 136 133 132 131 131 135 138 136 135 136 138 140
 140  29]","[ 29  30 176 174 175 174 175 173 172 173 175 176 176 176 175 174 172 171
 171 172 174 175 175 176 175 173 172 172 173 173 173 173 173 172 170 170
 172 172 171 169 168 169 169 168 167 168 169 168 166 165 165 166 168 168
 168 169 170 168 165 164 164 164 164 163 161 161 160 161 162 161 159 158
 160 158 148 136 133 135 136 137 140 141 142 142 143 144 144 143 145 146
 147 145 143 140 136 133 129 128 124 119 116 117 117 116 120 119 118 116
 113 111 111 112 107 105 105 106 104  99  97  98  96 114 135 143 140 136
 136 137 137 137 136 135 133 132 134 137 135 136 137 136 135 135 135 135
 132 133 135 134 131 130 133 133 131 131 131 130 131 131 131 132 132 134
 136 135 133 131 130 130 133 132 131 130 131 130 130 129 127 127 128 127
 124 123 126 130 132 135 134 131 131 130 129 133 135 134 135 137 138 139
 140  30]","[ 29  30 176 175 176 174 175 173 174 175 177 177 177 175 174 173 173 172
 171 172 173 173 174 174 175 174 173 172 173 174 174 174 174 172 172 172
 174 174 173 172 167 167 167 166 167 169 169 168 166 165 165 166 167 167
 166 165 162 162 162 163 164 165 164 163 162 160 159 159 160 161 160 159
 159 159 149 136 131 133 136 137 139 141 142 143 145 146 146 146 146 148
 148 146 143 140 137 134 131 130 128 124 122 120 120 119 119 117 116 116
 115 113 113 114 111 110 112 115 111 103  99 100  95  98 114 134 141 138
 137 136 138 138 138 137 134 132 133 135 137 137 137 137 136 135 135 135
 132 132 134 133 130 129 130 128 130 131 131 132 131 131 130 130 132 133
 134 134 133 132 131 131 133 132 131 131 130 130 128 127 125 126 126 125
 123 123 126 129 130 132 131 129 129 129 129 130 132 131 133 137 138 137
 138  29]","[ 30  29 176 175 176 173 174 174 175 175 176 177 176 174 174 174 174 173
 173 174 174 174 174 174 175 174 173 172 172 174 175 175 172 171 171 172
 173 174 173 172 169 168 167 167 169 171 171 169 167 166 166 167 167 165
 164 163 159 159 160 162 164 165 165 164 163 161 159 159 160 162 162 162
 161 157 149 139 131 132 135 135 138 140 142 144 146 147 147 147 145 147
 147 143 140 138 136 134 132 131 129 127 125 122 121 122 120 117 115 115
 115 114 114 115 115 114 112 109 107 105 104 103 101  96  98 113 129 136
 137 138 138 137 138 138 136 132 132 135 137 138 138 137 134 132 132 132
 130 132 134 133 130 129 129 127 129 130 130 131 131 131 130 129 131 132
 132 133 133 133 133 133 134 133 132 131 130 129 127 125 124 125 124 123
 124 126 128 129 131 132 133 131 129 129 131 131 130 130 132 136 138 137
 138  29]","[ 30  28 175 175 176 173 175 175 174 174 175 176 175 174 174 175 173 173
 175 176 176 176 175 175 175 175 173 172 171 172 173 173 170 170 170 172
 175 175 175 176 173 171 168 167 170 173 173 171 168 168 169 169 168 165
 164 163 165 164 163 163 164 165 165 165 162 161 160 160 160 161 162 162
 162 160 159 152 138 131 132 133 137 139 142 143 145 146 146 146 148 150
 150 146 142 140 139 138 136 133 132 131 129 126 125 127 122 118 116 116
 116 114 113 114 114 115 114 112 109 105 102 101 101 103  96  93 107 122
 131 139 139 138 138 139 137 134 134 138 135 137 138 136 133 131 131 132
 131 132 134 133 130 130 130 129 130 130 130 131 132 132 131 131 131 131
 132 132 131 132 133 134 135 134 133 132 131 129 126 124 125 125 123 122
 125 130 131 131 133 133 136 135 130 131 134 133 131 130 132 136 138 138
 139  29]","[ 29  28 177 175 174 175 176 175 174 175 176 175 176 176 175 172 172 172
 174 177 177 174 175 178 173 174 175 175 175 175 174 171 171 170 170 172
 173 174 174 173 173 172 171 171 171 172 171 170 167 167 167 167 166 165
 164 165 164 163 162 162 162 163 164 165 164 161 159 159 161 162 162 163
 164 161 160 159 148 133 127 131 134 134 137 139 141 144 146 146 142 146
 150 149 146 143 141 141 140 134 133 134 132 128 127 126 125 121 119 118
 117 118 117 115 115 117 118 117 115 112 109 106 105 101  96  97 101 110
 123 133 137 138 136 134 136 135 134 138 136 135 135 138 138 136 133 132
 136 136 134 132 131 131 130 130 131 131 131 133 134 133 132 131 133 134
 135 132 129 129 132 135 136 134 131 130 130 129 127 125 127 124 122 123
 125 124 124 128 132 135 135 132 129 130 131 131 131 129 131 136 139 139
 139  29]","[ 30  29 178 176 175 176 177 177 175 177 178 178 176 176 176 175 174 175
 177 178 177 175 173 173 174 175 176 176 175 175 173 171 168 169 170 171
 172 173 173 174 171 171 171 171 171 172 170 169 167 167 166 166 166 165
 166 166 164 163 162 162 162 162 163 165 165 163 160 161 162 162 161 161
 161 159 158 157 149 136 130 130 129 131 135 138 139 141 143 142 144 146
 147 146 143 142 143 144 139 135 134 135 133 130 129 128 126 124 123 123
 122 121 120 116 117 119 119 117 114 113 112 110 108 104  99  96  97 103
 115 126 135 137 136 136 137 135 134 137 138 137 137 138 138 136 135 134
 136 136 134 131 130 131 132 132 131 130 130 130 131 131 131 131 132 132
 132 131 130 129 131 132 132 131 131 130 129 127 126 125 124 123 121 122
 126 126 126 128 127 131 132 130 130 133 135 135 134 133 134 137 139 140
 141  31]","[ 30  29 179 176 175 176 177 177 177 175 174 176 178 177 175 174 178 180
 181 179 178 177 175 172 174 175 175 175 175 175 173 171 167 169 171 171
 171 172 173 174 171 172 172 172 172 172 171 169 168 167 165 164 164 165
 166 167 166 165 164 162 161 162 164 165 167 165 163 163 163 162 161 160
 160 159 158 156 152 144 136 132 129 130 135 138 138 140 142 141 144 145
 146 145 144 144 146 147 139 135 134 136 134 132 130 129 128 125 124 124
 123 122 120 117 118 119 118 114 112 113 114 113 108 103  98  96  95  95
  97  99 122 134 139 138 138 137 136 137 138 136 136 136 137 136 135 134
 135 134 133 130 129 129 131 132 131 131 130 130 131 131 131 131 130 130
 129 129 130 130 130 130 129 129 130 130 128 126 125 125 124 124 123 123
 126 127 127 128 126 129 130 130 130 133 135 135 134 135 135 136 137 139
 141  31]","[ 29  29 179 177 177 176 177 176 176 173 173 176 179 178 176 175 177 177
 176 175 175 175 175 174 174 174 174 174 175 174 173 171 169 170 172 172
 172 172 173 174 172 172 172 171 171 172 171 170 167 166 165 164 164 165
 166 167 168 168 166 164 162 163 165 166 167 166 165 164 163 161 160 160
 160 161 160 158 156 152 144 136 133 133 136 139 139 141 142 142 142 143
 145 146 148 148 147 145 140 136 135 136 135 134 132 129 128 126 124 123
 121 120 119 117 117 118 117 114 113 115 115 114 109 105 102 102 100  95
  88  85 102 124 138 136 134 135 134 133 134 133 133 134 136 136 134 132
 133 132 131 130 129 128 129 130 130 131 132 133 133 133 133 132 130 129
 129 129 130 131 130 129 129 129 129 128 127 124 123 124 124 126 126 124
 125 126 126 126 128 130 131 130 130 132 133 133 132 134 134 134 134 137
 139  29]","[ 29  29 180 180 179 179 178 176 175 175 177 179 179 178 178 180 175 173
 172 174 175 175 175 177 176 175 174 175 175 174 173 172 171 171 172 172
 173 173 173 173 172 172 170 169 170 171 172 172 167 167 166 165 165 167
 168 168 170 170 168 165 163 163 165 166 165 165 165 164 161 159 159 161
 160 161 160 159 159 157 149 140 133 132 135 139 140 141 141 140 139 140
 143 146 149 149 146 142 139 135 134 136 137 137 134 130 129 127 126 125
 122 121 120 117 115 116 116 115 116 118 117 114 109 107 105 105 102  96
  92  91  92 113 129 134 136 136 133 131 132 131 130 131 135 137 135 132
 131 130 130 130 129 129 130 132 129 131 133 133 133 133 132 130 130 130
 130 130 131 131 130 130 130 128 127 126 124 123 122 122 122 126 126 123
 123 123 124 125 129 130 131 130 131 132 133 132 133 135 135 134 133 136
 138  28]","[ 29  28 180 180 180 180 179 176 175 175 176 178 179 179 179 180 175 173
 175 178 180 178 177 179 177 175 174 175 175 174 173 172 172 171 171 172
 173 173 173 172 172 172 171 170 170 171 173 173 170 171 171 170 170 171
 171 170 169 169 167 164 162 164 165 165 164 164 164 163 161 158 158 160
 160 161 161 160 161 159 153 146 133 131 132 137 139 140 139 137 137 139
 141 144 147 148 145 141 137 135 134 136 137 138 135 130 125 125 127 127
 125 122 120 116 115 115 115 116 118 119 117 115 109 106 104 105 103  99
  95  94  91 100 112 126 137 136 133 135 133 131 128 129 132 136 136 135
 132 130 129 129 130 131 134 136 132 133 133 131 131 131 131 129 131 131
 132 131 130 129 129 129 130 127 124 123 123 122 121 121 121 125 125 123
 122 123 124 127 131 131 131 130 129 130 131 132 135 136 137 136 135 136
 138  29]","[ 30  28 177 177 179 180 179 176 176 174 173 174 177 180 179 176 173 174
 176 178 179 178 176 176 175 173 173 175 176 175 173 173 172 172 172 172
 173 173 172 172 172 172 172 171 172 173 174 174 172 174 173 172 171 172
 171 169 167 167 166 163 162 164 165 165 165 164 164 163 162 160 159 158
 160 160 161 162 162 160 156 152 138 132 130 133 136 138 138 136 138 140
 143 144 146 146 145 143 140 139 139 138 136 136 134 129 123 124 127 129
 126 124 121 118 117 116 116 118 118 117 116 116 114 110 108 108 107 103
  97  94  91  92  96 110 125 130 131 135 134 133 130 129 130 134 136 136
 134 131 129 130 131 132 134 136 134 134 132 130 129 130 130 128 129 130
 131 131 130 128 127 127 127 125 123 123 123 122 122 122 121 124 123 122
 123 123 125 127 130 129 128 126 126 127 129 131 134 134 135 136 135 136
 138  30]","[ 30  27 176 175 178 180 180 178 176 175 174 173 175 178 179 177 174 176
 178 178 179 179 178 176 173 172 173 176 178 177 175 174 174 174 174 173
 173 172 171 171 170 171 172 172 173 173 173 173 172 174 173 170 169 169
 167 165 165 166 165 162 162 164 166 165 166 165 164 164 165 163 160 157
 160 159 161 163 162 159 157 156 145 135 129 129 132 136 138 137 138 142
 146 147 146 146 145 145 145 145 145 142 137 135 133 128 124 125 128 129
 127 126 124 122 121 119 119 120 118 115 115 117 116 114 112 110 106 100
  98  98  96  97  95 100 113 124 129 133 135 135 134 132 131 134 136 137
 135 131 129 131 131 130 130 131 133 133 131 129 129 130 129 126 126 127
 129 130 129 128 126 125 124 124 124 124 124 123 123 123 122 123 122 121
 123 123 123 126 126 126 124 123 123 126 130 133 131 130 131 133 133 134
 137  29]","[ 30  26 178 178 180 181 179 179 180 178 176 175 176 177 177 176 177 178
 179 179 180 179 176 172 170 171 173 176 179 179 176 173 174 175 175 174
 174 174 173 172 172 171 171 171 173 174 174 173 170 172 172 170 169 169
 168 167 163 162 163 163 160 162 166 166 161 163 165 166 165 164 162 160
 158 159 161 162 163 163 159 156 150 144 136 132 132 132 134 137 138 142
 146 147 146 145 145 146 145 144 146 146 141 132 129 131 129 127 127 128
 128 129 126 121 122 123 122 118 114 114 116 116 117 117 114 110 109 108
 105 101 100  99  99  97 101 113 123 131 135 135 133 131 132 135 137 136
 133 131 130 130 131 130 130 131 133 131 128 127 128 129 130 130 131 129
 127 129 130 129 126 124 126 128 129 126 123 123 124 124 123 123 123 123
 123 123 125 126 127 127 126 125 124 125 128 130 130 130 130 129 131 132
 132  29]","[ 30  28 181 180 179 179 179 180 179 179 178 178 178 178 179 178 179 180
 180 180 180 181 180 178 174 174 175 178 179 179 176 174 175 176 175 174
 174 175 175 174 172 172 172 173 175 176 174 172 172 171 170 169 170 171
 169 165 162 160 160 162 164 166 164 161 164 165 165 165 165 164 162 161
 160 162 162 163 164 165 162 157 156 148 137 131 132 136 137 135 138 141
 144 145 145 145 146 147 145 146 147 146 140 133 133 137 136 132 130 128
 127 127 125 121 121 121 119 116 114 115 117 118 116 114 112 112 112 110
 107 105 103 100 100  98  97 100 111 129 132 132 133 133 135 136 137 137
 133 131 130 130 131 130 130 130 131 132 132 131 132 132 131 130 130 129
 128 129 129 129 127 125 129 130 129 126 124 123 123 123 125 125 125 124
 123 124 126 128 127 126 124 123 123 125 127 129 129 129 129 129 130 130
 131  28]","[ 29  29 184 181 177 175 176 179 178 179 180 179 179 180 180 179 179 180
 179 178 178 180 182 181 178 177 177 178 178 177 175 175 177 177 175 174
 174 177 177 177 174 172 171 172 174 174 173 172 171 172 171 169 168 167
 165 163 161 162 163 164 167 167 164 162 165 165 164 164 164 164 162 161
 162 163 163 163 164 166 163 159 157 152 145 135 129 134 139 137 137 140
 142 143 144 145 148 150 145 145 146 146 145 142 139 138 138 135 132 130
 128 127 125 121 122 122 119 116 114 115 116 117 115 112 111 113 114 112
 110 110 109 105 102  99  96  94 100 118 125 128 132 135 135 133 132 132
 133 131 131 131 132 131 130 130 131 132 133 133 132 132 131 130 130 130
 130 130 130 128 127 127 130 130 128 126 124 125 125 125 125 125 125 124
 123 125 128 131 128 127 126 126 127 128 129 129 128 129 129 129 130 130
 131  28]","[ 29  30 185 181 175 173 174 178 178 179 180 180 181 181 181 180 179 178
 177 175 176 179 180 180 179 178 177 176 175 174 175 176 178 177 175 173
 173 176 177 177 176 173 171 170 172 173 173 172 171 171 171 170 168 167
 165 163 163 165 164 164 167 166 163 164 165 165 164 163 162 163 162 162
 162 164 164 162 162 164 162 159 156 154 151 140 126 128 136 138 138 139
 140 141 142 144 147 150 147 146 145 146 147 146 142 138 137 135 135 134
 131 130 127 122 124 123 121 118 116 115 115 115 115 113 112 113 115 114
 112 112 111 111 107 100  97  95  95 103 116 124 134 137 136 133 131 130
 132 132 133 133 132 132 132 132 132 132 131 130 130 130 130 130 130 130
 131 131 129 127 126 126 130 130 128 125 124 125 126 126 123 123 122 121
 120 122 126 129 129 129 129 129 130 130 130 130 131 130 130 130 132 133
 133  29]","[ 30  30 185 181 177 175 175 179 180 180 179 180 182 183 182 180 179 178
 176 175 176 179 179 178 178 176 175 175 173 173 175 177 178 177 175 172
 173 176 177 176 177 174 172 172 173 173 174 174 172 171 170 171 172 171
 167 163 163 164 161 162 166 166 162 162 166 167 166 164 162 162 162 162
 161 164 164 161 160 161 160 159 158 155 154 146 129 124 131 134 137 137
 138 139 139 141 143 146 147 148 147 146 144 143 141 138 138 137 138 137
 134 132 129 124 123 123 122 120 118 116 115 115 116 116 115 114 114 116
 115 113 109 112 111 103  98  96  94  97 102 115 129 135 135 134 133 131
 132 133 134 134 132 131 131 132 132 131 129 128 129 131 131 131 129 129
 130 130 129 127 125 125 130 130 129 125 122 122 123 124 122 122 121 119
 117 118 122 125 127 127 127 127 127 128 129 130 132 131 130 129 132 134
 133  30]","[ 29  29 183 181 178 177 177 180 181 180 179 180 181 182 181 178 178 178
 176 175 177 179 179 178 178 175 173 174 173 173 175 179 180 179 176 175
 175 177 178 177 174 173 173 175 175 174 173 174 172 171 171 171 171 169
 165 162 161 163 164 165 167 166 164 164 167 167 166 165 163 162 161 160
 161 163 164 162 160 159 160 160 158 158 160 154 136 124 126 131 135 134
 135 137 137 138 140 143 145 147 148 148 146 143 138 134 138 137 138 138
 135 134 133 129 126 124 123 122 120 117 115 114 115 116 116 114 115 117
 116 114 113 110 110 107 102  99  96  98  95 107 120 129 132 134 133 132
 132 134 134 133 131 131 131 131 131 130 128 128 130 132 132 131 129 129
 129 130 130 129 127 125 127 128 127 124 122 122 123 124 122 122 122 120
 119 121 124 127 126 125 124 124 124 126 129 131 131 129 128 127 130 132
 132  29]","[ 29  28 181 180 179 178 178 180 180 180 179 179 180 181 179 176 177 178
 177 175 175 177 179 179 178 175 173 173 174 174 175 178 179 179 177 176
 177 179 178 177 172 172 174 175 175 173 172 172 170 171 172 171 168 165
 164 164 163 165 168 170 168 168 169 169 166 166 165 165 165 164 161 159
 162 162 162 162 161 160 160 161 158 160 163 160 146 131 125 128 130 130
 133 136 138 138 140 143 145 146 148 150 150 146 140 135 139 139 140 140
 138 137 136 134 131 127 123 123 123 121 118 115 115 116 117 118 118 118
 118 118 119 112 115 114 108 104 101  99  97 102 112 123 130 133 134 134
 133 133 132 131 132 133 132 131 130 130 129 129 130 132 132 132 131 128
 127 129 131 130 127 125 123 124 124 123 123 124 125 125 122 122 122 122
 122 123 126 128 126 125 124 124 125 126 128 129 129 128 126 125 127 129
 130  28]","[ 30  28 181 180 179 179 178 180 180 181 181 181 181 180 178 176 177 178
 177 175 173 175 178 180 179 175 172 173 174 174 175 178 177 177 176 176
 177 178 177 175 174 173 174 175 174 171 170 172 169 168 168 170 171 171
 170 169 169 166 167 169 169 172 172 168 165 165 164 165 167 167 163 159
 162 161 160 162 162 161 161 162 160 160 160 160 155 141 128 123 126 127
 131 136 139 140 143 146 147 148 149 149 147 145 145 147 143 143 144 144
 141 140 137 134 133 127 122 123 126 126 123 120 116 117 119 122 122 120
 120 122 119 117 124 122 109 105 104 101  96  95 102 116 126 129 131 134
 133 132 131 131 133 135 134 132 132 132 131 130 130 131 133 133 131 128
 125 126 129 129 126 123 123 124 123 123 123 125 124 123 123 123 123 122
 121 121 123 124 125 124 124 126 127 127 125 124 128 127 127 125 125 127
 130  29]","[ 28  30 179 180 181 177 182 177 181 180 180 181 181 180 179 179 180 181
 179 176 175 178 179 178 177 177 177 178 178 178 177 176 174 173 173 174
 176 178 177 175 173 173 174 173 169 169 171 172 171 170 168 169 171 172
 170 169 168 168 168 170 171 171 170 168 168 166 164 164 165 166 165 165
 162 161 160 160 162 164 163 161 160 159 161 161 159 153 140 126 128 125
 129 133 136 139 141 144 146 147 147 147 149 150 147 146 146 145 145 145
 142 138 136 137 136 132 128 126 126 126 124 123 120 117 117 119 120 120
 121 124 121 122 123 122 115 108 104 102  97  97  95 103 122 130 129 132
 131 131 129 129 133 137 135 130 132 131 130 130 130 130 130 130 130 128
 126 125 126 127 127 126 126 125 124 124 124 124 122 122 122 124 123 120
 120 122 123 122 125 126 128 129 128 126 124 124 125 124 128 124 127 129
 126  31]","[ 32  26 186 179 177 178 177 177 178 178 178 180 181 182 182 182 179 180
 179 177 175 176 177 178 179 178 178 178 178 178 177 176 176 174 172 171
 173 176 178 178 176 175 175 173 169 168 169 169 171 170 170 170 170 170
 169 168 167 167 167 168 168 169 168 167 165 164 164 165 166 166 164 163
 165 163 160 159 160 162 163 163 158 155 155 159 163 161 148 133 124 124
 130 133 134 137 138 139 142 145 145 146 148 148 146 146 146 145 146 145
 142 138 136 137 140 137 134 131 128 125 122 120 122 121 119 118 119 119
 120 120 123 120 119 118 115 113 111 108 100  98  96 102 113 123 129 131
 130 131 130 128 129 131 133 132 130 130 131 131 130 129 129 129 128 126
 124 124 126 127 128 128 129 127 125 124 124 123 122 121 121 122 121 119
 119 121 122 121 123 124 127 128 127 124 122 122 125 128 131 129 123 127
 130  26]","[ 27  32 179 182 185 186 179 180 181 180 179 180 180 181 181 182 181 181
 180 179 176 175 176 178 180 178 177 177 178 179 177 176 177 176 173 172
 173 176 179 180 176 175 174 172 169 168 170 171 171 170 170 169 169 168
 168 167 165 165 166 166 167 167 166 164 161 161 162 164 165 165 164 163
 165 164 162 161 162 163 162 162 159 156 157 160 162 162 154 144 131 130
 132 132 134 139 138 136 139 143 144 145 146 147 146 146 146 146 147 146
 143 139 137 138 138 137 136 133 129 124 121 119 116 116 115 113 114 118
 120 120 124 120 118 116 115 117 116 112 107 102 100 101 103 113 124 128
 130 131 133 133 132 131 132 132 130 131 132 133 131 129 128 129 128 126
 125 125 126 126 127 127 127 124 121 120 120 119 118 117 118 117 117 118
 118 120 121 122 125 125 127 127 125 123 123 123 123 121 119 123 125 126
 125  30]","[ 30  26 186 180 180 178 180 178 183 181 180 179 178 178 178 179 181 180
 179 179 177 175 175 177 177 177 177 177 178 178 177 176 176 176 175 174
 174 176 177 178 175 175 175 173 169 169 172 174 172 171 170 170 170 169
 169 169 166 167 168 170 170 169 167 166 163 163 163 164 165 166 167 168
 164 163 163 163 163 163 162 162 164 161 160 161 160 160 157 152 139 131
 129 129 134 140 137 134 134 138 140 142 146 148 148 149 145 146 147 146
 144 140 139 140 138 137 136 133 128 122 118 115 120 119 118 115 115 116
 120 122 122 122 121 119 116 117 116 112 110 105 102 100 100 105 116 124
 136 135 136 137 137 134 131 131 131 131 132 132 131 129 128 128 129 128
 127 128 128 128 128 129 129 126 123 122 122 122 122 122 120 118 119 120
 122 123 125 127 127 125 124 123 122 122 123 124 125 118 128 128 124 127
 126  28]","[ 30  29 182 180 179 179 183 181 181 180 179 179 178 179 180 181 181 179
 178 180 179 177 176 178 177 178 180 181 180 179 178 177 176 177 177 177
 176 176 176 176 177 177 178 175 171 170 173 175 171 169 167 166 167 167
 167 166 166 166 167 167 167 166 165 164 163 162 162 163 163 164 165 167
 166 164 162 161 161 161 162 164 165 162 160 161 162 162 160 155 149 137
 130 130 134 138 138 138 136 138 139 141 145 147 146 146 145 146 148 147
 145 143 142 143 138 137 135 133 130 126 121 119 122 120 119 117 114 113
 117 122 124 124 125 123 121 122 120 115 112 109 102 101 103 101 106 118
 136 135 136 137 136 133 130 130 131 129 128 128 129 128 128 128 128 127
 128 130 131 130 130 131 128 125 122 121 122 122 121 121 121 119 118 120
 121 122 124 127 128 125 123 122 123 123 124 124 123 118 121 121 128 127
 128  31]","[ 28  28 185 181 177 178 177 181 180 179 179 179 179 180 181 182 180 178
 177 179 180 179 179 180 177 179 181 181 180 178 177 176 176 177 177 176
 174 174 175 175 175 175 177 175 171 170 173 174 172 169 167 166 166 167
 167 166 168 167 165 164 163 163 164 164 164 164 164 165 165 164 164 164
 166 165 164 164 163 162 162 164 162 162 163 164 162 161 160 157 154 139
 129 122 118 119 124 130 136 138 138 140 145 147 146 146 144 145 146 145
 144 143 143 143 141 138 136 134 133 130 126 124 123 121 120 119 116 114
 117 122 122 120 119 120 121 123 121 116 114 112 105 104 106  99  98 108
 122 127 133 137 135 131 129 131 129 127 126 126 127 128 128 128 127 127
 128 130 130 128 128 129 129 127 125 123 123 122 122 122 120 119 119 120
 122 123 125 128 125 123 122 123 124 123 122 121 115 122 123 125 126 121
 127  29]","[ 30  27 179 177 180 180 180 179 178 178 178 179 178 178 178 179 178 178
 177 178 179 178 178 179 176 177 178 178 178 177 176 176 176 177 176 176
 175 175 176 176 174 174 176 176 173 173 175 175 169 168 167 166 166 166
 166 166 167 166 164 163 162 163 164 164 165 165 165 166 166 165 164 164
 162 162 163 164 163 161 160 161 160 160 163 164 160 158 158 158 150 139
 131 123 117 117 122 128 129 132 133 135 140 143 145 146 146 146 147 146
 146 146 146 146 142 139 136 134 132 129 126 124 123 122 120 118 116 114
 114 116 120 118 118 119 121 122 122 119 113 110 106 105 105 100  98 102
 118 124 131 135 134 131 130 130 129 128 127 128 129 129 129 129 130 128
 128 130 129 127 126 128 127 126 124 124 123 122 122 123 118 118 118 119
 120 122 123 125 123 122 123 124 124 123 122 122 124 119 122 127 119 129
 128  28]","[30 32 30 26 32 29 27 29 28 28 29 30 29 29 29 30 30 30 30 29 29 28 29 30
 29 29 29 29 29 29 29 28 28 29 30 29 29 29 29 28 28 28 30 30 29 29 29 28
 29 30 30 29 29 28 29 29 29 29 29 29 29 29 29 29 30 29 29 29 29 29 29 29
 30 29 29 30 29 27 28 31 31 28 28 30 30 30 30 28 30 27 29 29 28 29 28 29
 29 30 30 28 29 29 29 30 29 29 29 28 29 29 29 28 30 29 28 29 29 29 29 29
 29 29 29 28 29 30 29 28 28 27 29 30 28 28 29 30 31 28 29 29 27 29 30 28
 29 29 29 29 29 29 29 29 29 28 29 30 29 29 28 29 30 28 27 29 30 28 28 30
 29 29 29 29 29 28 28 29 29 29 29 29 29 29 29 29 29 29 29 30 29 28 29 30
 28 30 29 30 29 28 32 28]"
