"[31 32 29 32 30 29 27 29 28 29 30 29 28 30 30 28 29 30 29 29 30 29 28 29
 29 30 29 28 29 29 28 29 29 28 30 32 28 28 30 29 30 29 28 30 30 29 28 29
 29 29 29 29 29 29 29 29 29 29 28 30 29 28 30 29 30 28 28 31 27 30 29 28
 29 28 30 29 31 28 30 29 30 29 29 29 28 29 30 29 32 28 28 30 29 30 29 30
 29 30 28 29 30 28 29 31 28 30 29 28 29 29 29 29 30 30 29 29 29 29 28 28
 28 32 29 29 30 28 29 30 29 30 29 28 28 28 29 31 29 30 30 30 29 30 29 28
 29 30 30 30 28 28 29 29 29 29 30 29 28 29 30 28 28 30 30 29 28 29 30 29
 30 28 29 30 28 28 30 28 28 31 30 28 29 29 29 29 30 29 29 30 29 29 31 30
 28 31 28 31 29 30 30 29]","[32 26 28 29 27 27 33 28 29 27 28 30 29 29 30 30 29 28 27 28 31 30 28 29
 29 29 28 29 31 29 27 28 29 28 27 27 28 31 31 27 28 29 29 29 29 29 30 31
 29 30 28 27 29 28 26 30 29 30 29 28 30 31 29 27 29 30 31 32 28 29 29 28
 30 29 30 28 30 27 29 28 27 28 29 31 30 30 29 28 26 29 32 28 26 30 30 28
 29 31 28 28 29 29 30 26 29 29 26 29 31 29 30 29 26 28 30 30 29 28 29 29
 27 29 27 29 30 29 29 28 30 26 29 32 29 29 30 26 30 30 29 28 28 29 29 29
 28 29 30 27 31 32 26 29 29 27 29 30 29 29 30 29 29 29 29 29 29 29 29 28
 29 27 29 30 30 31 32 28 27 30 30 29 29 30 29 29 28 28 29 30 29 29 29 27
 30 30 28 28 31 28 30 28]","[ 27  33  94  98  92  90  98  99  99  92  91  95  93  90  90  93  98  98
  97  99 103 104 104 106 105 104 102 103 103  98  93  93 104 106 107 108
 116 124 126 125 124 130 136 137 136 135 131 127 130 132 128 129 139 143
 148 161 183 204 228 238 244 246 244 247 246 246 245 243 246 247 247 246
 246 245 246 246 247 246 248 247 248 248 247 247 247 246 246 246 236 215
 198 186 170 153 143 146 137 132 127 126 120 115 114 109 105 114 120 124
 121 115 118 120 122 118 114 113 115 115 113 111 116 107  90  77  64  49
  36  27  18  21  20  19  19  16  16  21  17  18  19  18  17  17  16  15
  17  14  18  15  14  18  40  87 107 101  97  92  85  80  80  80  77  76
  75  76  75  72  68  66  65  62  61  62  65  70  70  65  68  70  71  72
  75  76  75  75  77  77  78  80  81  81  79  77  72  72  82 101 115 150
 158  28]","[ 31  25  95  89  90  97  96 100  96  88  88  94  96  95  96  99  96  96
  95  96  97  96  96  99 102 101 100 102 103  99  95  96  99 102 101 101
 105 107 107 109 114 118 121 123 126 129 131 131 137 136 132 130 130 125
 124 131 135 141 152 158 175 196 208 227 241 248 253 251 254 251 251 253
 254 253 252 251 251 250 251 251 253 252 251 252 253 253 253 254 251 254
 254 247 241 235 209 182 178 159 149 151 147 137 132 125 123 123 122 116
 110 109 107 105 104 109 114 116 114 113 115 117 117 113 108 109 109 106
  98  87  80  66  42  24  21  20  18  17  19  19  18  16  16  16  17  17
  15  20  25  24  32  50  74 100  99  95  91  87  81  80  80  79  77  76
  76  77  76  73  68  65  70  64  58  59  65  73  74  70  70  71  72  73
  77  78  78  78  74  75  77  78  81  81  76  75  72  82 117 140 153 157
 150  28]","[ 28  30  94  91  92  95  93 102  95  89  88  93  95  95  95  95  95  96
  96  98 101 100  97  97  97  96  95  97  99  98  96  98  95  97  97  98
 100  99  98 101 105 104 104 106 110 114 118 122 129 125 128 132 129 128
 131 133 142 137 136 134 141 145 143 154 166 172 184 199 226 240 247 248
 251 251 251 252 253 253 253 252 251 251 251 251 252 251 249 251 253 250
 252 251 253 255 254 252 250 237 227 216 190 165 158 155 152 145 147 134
 122 117 109 110 106 110 113 115 114 115 118 121 122 119 114 111 111 116
 120 115 108 101 102  91  69  62  58  41  20  19  17  16  16  19  20  21
  20  22  22  29  48  77  99  98  91  90  88  84  80  80  79  75  73  74
  74  74  74  75  74  72  73  67  59  59  66  73  74  71  76  76  75  75
  77  77  76  77  76  76  79  80  81  79  73  75  82 106 145 150 153 150
 147  33]","[ 28  30  62  66  73  73  78  80  84  81  82  84  86  89  88  85  87  90
  92  96 103 104 100  96  97  98  96  95  95  94  93  95  98  96  95  97
  97  93  89  90  93  93  96 101 103 100  98  98 101  96 102 109 109 114
 124 125 122 127 138 141 139 132 129 140 138 138 135 130 132 142 162 177
 202 211 223 238 247 253 253 254 251 254 253 252 254 253 252 253 252 250
 253 253 250 251 253 255 254 253 252 254 253 250 250 245 223 193 173 155
 146 142 131 127 131 123 114 110 109 108 104 100 107 109 111 111 107 109
 111 104 108 108 117 118 110 111 109  95  75  65  50  36  28  26  26  26
  24  18  27  63  84  90  96  86  86  82  78  75  75  79  80  78  77  76
  74  72  72  73  75  75  77  74  69  68  73  75  74  74  78  77  75  74
  76  75  74  75  76  76  80  79  78  75  73  85 113 140 156 150 150 147
 147  27]","[ 29  28  48  51  54  50  57  60  61  64  70  75  78  83  86  84  82  89
  92  93  96  98  95  93  92  95  95  93  92  93  93  94  95  94  96  98
  95  92  90  89  91  93  97 100 101 101  99  99  96  95 100 105 104 105
 107 105 112 115 121 125 125 125 133 144 136 138 140 140 132 130 132 138
 129 132 137 153 170 196 216 230 236 244 247 249 254 255 252 251 253 251
 253 253 253 252 250 251 250 253 253 254 254 253 254 251 254 248 243 238
 222 202 178 155 139 133 124 116 112 110 108 107 111 105 102 102 100 100
 102  95  96 105 108 106 106 105 105 109 107 101  90  78  65  51  36  25
  22  38  67  96 100  92  93  91  89  80  72  72  73  76  79  80  79  74
  71  72  73  71  71  74  75  77  76  75  74  70  68  72  74  73  72  73
  75  74  74  76  76  77  81  79  79  82  93 119 149 150 156 148 145 148
 142  30]","[ 29  31  68  70  66  58  56  63  54  58  64  66  66  67  68  66  70  81
  86  83  81  84  88  90  89  94  95  92  91  91  92  93  93  96 101 100
  93  90  91  89  89  93  96  97  97  98  98  96  96  97  99 101 104 106
 107 108 102 105 110 112 109 109 119 126 128 129 133 139 132 131 131 134
 123 124 123 128 128 134 136 139 153 174 195 216 238 250 251 252 254 252
 254 254 252 253 253 253 253 253 250 251 252 251 252 253 250 254 252 255
 254 254 253 230 217 197 168 143 128 122 119 117 125 109  98 100 101 101
  99  89  92  95  98 102 107 105 101 101 100  97  95  95  96  95  90  84
  76  86  98 103 101  95  89  88  79  68  64  69  74  75  76  78  74  67
  67  75  78  74  73  77  77  81  83  81  76  68  67  74  76  76  75  76
  79  78  77  79  79  79  84  82  84  95 119 157 152 154 145 148 146 145
 147  29]","[ 32  26  79  76  76  76  72  66  66  66  65  63  63  69  71  68  60  55
  60  62  65  70  70  73  72  83  93  87  82  85  85  87  85  91  99  99
  97  95  90  91  89  96  95  92  93  93  92  94  97  97  98 100 103 106
 103 101 101 101 104 101 103 107 107 112 106 106 111 113 110 112 119 123
 122 124 136 137 134 142 144 136 131 130 132 134 131 133 152 178 213 225
 239 249 253 252 252 252 253 254 251 254 251 251 253 252 253 250 252 254
 252 251 253 255 254 251 254 246 217 200 183 155 151 139 119 113 112 120
 103  96 104 103  98  96  99  98  95  96  93  97  95  95  98  94  89  89
  96  99  99  97  95  90  84  81  77  71  70  73  76  77  74  65  58  61
  70  76  74  74  77  77  78  77  78  81  81  78  75  75  76  79  80  82
  80  80  82  80  79  87  88  87 106 139 158 157 151 148 147 146 148 147
 149  28]","[ 29  32  94  90  83  80  81  83  81  78  74  71  70  74  75  71  65  60
  62  60  57  57  56  59  52  57  70  76  76  75  73  78  84  84  85  84
  87  87  84  87  93  92  91  92  94  94  93  94  95  94  96  98  98  98
  98  99  98  94  93  94  98 103 100  99 102 100 102 102  98  97  99 100
 105 107 116 124 127 129 130 134 141 139 136 137 138 135 131 132 135 138
 151 168 186 210 232 240 246 252 249 253 254 253 252 252 252 252 253 252
 252 254 254 252 252 253 254 252 251 252 250 245 236 213 184 160 141 132
 124 129 121 115 105 102  98  90  89  94  92  90  93  96  94  94  94 102
  98  95  90  89  92  88  80  74  74  72  74  76  76  75  68  58  50  57
  68  75  76  77  77  75  76  76  78  81  83  82  80  81  81  77  79  85
  86  82  80  84  90  86  92 114 138 151 152 150 151 148 147 146 147 147
 149  28]","[ 28  29  89  90  92  94  93  90  89  85  83  82  82  83  80  75  70  60
  57  57  59  60  60  62  56  53  58  64  66  64  64  70  75  68  64  65
  71  76  77  83  88  88  87  86  86  88  92  94  92  92  92  92  91  91
  91  92  92  90  89  92  94  96  97  94  88  90  96 102 103 103 101  98
  99 101  99  99 107 108 102 106 111 120 130 139 143 141 138 139 136 134
 138 137 130 136 149 152 172 191 208 231 247 254 254 255 254 254 254 253
 252 253 253 252 253 250 253 254 253 254 254 251 254 252 252 244 230 203
 170 149 128 118 106 108 108  99  96  98  94  91  90  91  90 101 103 106
 100  94  86  83  82  79  73  72  73  75  77  78  75  72  63  52  53  61
  67  70  75  78  78  77  78  78  79  81  82  82  82  82  83  80  81  81
  85  85  80  86  85  99 121 143 154 155 151 149 152 149 148 146 147 147
 149  29]","[ 30  28  85  85  87  90  91  89  89  85  85  87  87  87  84  80  78  67
  62  66  70  71  70  70  67  65  66  68  69  67  64  63  67  60  58  61
  65  65  62  65  73  83  84  80  83  88  87  87  84  87  86  87  88  90
  91  88  87  89  89  93  91  90  95  92  88  88  90  93  96  96  96  94
  94  98  95  93 102 108 104 106 109 109 108 111 113 113 116 122 122 124
 132 137 138 141 144 142 139 139 134 137 145 168 190 205 214 223 237 250
 255 254 252 254 252 250 253 253 250 252 254 252 252 253 254 253 254 253
 250 247 221 202 175 159 142 122 113 110 112 107  94  93  98 111 110 106
 100  92  82  77  75  73  72  75  73  76  77  75  73  71  65  56  63  68
  69  70  76  79  80  82  81  81  81  81  80  80  81  81  84  83  85  81
  85  87  81  90 105 133 156 156 149 149 152 151 153 151 150 148 148 148
 150  29]","[ 29  28  85  82  83  86  88  88  88  84  83  84  84  84  85  85  79  75
  74  79  79  76  75  73  72  71  69  70  72  73  73  72  67  59  54  55
  60  59  52  51  58  69  64  60  70  75  71  73  79  81  82  87  88  86
  88  88  91  92  89  91  91  89  91  86  84  85  87  90  94  96  96  96
  89  94 102 104 103 102  99 101 105 104 103 104 106 103 100 101 110 115
 117 118 124 126 126 129 139 138 140 139 129 133 137 137 138 144 153 168
 187 204 221 237 241 251 253 252 254 253 251 253 252 252 251 253 253 252
 250 251 246 242 234 231 212 186 181 180 172 154 117 109 109 103 100  98
  97  85  73  71  76  77  74  73  71  74  74  73  74  76  72  67  70  72
  72  75  81  82  81  83  82  83  82  81  80  81  83  83  80  80  87  88
  91  92  96 118 143 151 155 150 146 147 151 151 152 151 151 149 150 151
 152  30]","[ 29  27  83  83  87  90  90  87  85  83  85  86  84  85  86  87  81  78
  76  80  81  79  80  78  75  72  69  72  75  75  80  83  75  66  59  59
  66  68  58  51  54  61  56  54  61  60  57  65  65  67  71  85  87  82
  89  96  93  98  95  92  92  90  88  85  83  86  88  89  91  90  87  85
  91  89  90  84  80  89  97 100  95  99  98  95  96  99 101 103  96 102
 100  97 101 102 104 113 111 113 124 132 128 137 143 145 130 129 122 118
 124 132 138 145 158 178 203 223 237 246 251 253 251 254 251 251 252 249
 245 244 242 239 236 242 233 220 233 244 245 207 149 121 113  99  94  89
  89  80  71  71  77  78  72  68  69  73  73  74  78  81  79  76  77  76
  76  79  83  83  81  82  81  84  84  82  81  83  84  84  87  89  94  93
  95 102 117 140 153 146 142 145 149 152 151 151 150 150 151 150 152 153
 153  30]","[ 29  30  90  88  87  86  85  83  81  83  87  89  87  86  86  85  86  84
  79  81  81  80  82  78  74  74  74  81  83  79  80  80  82  80  79  79
  85  85  71  60  55  61  65  65  63  56  52  54  61  60  58  66  64  54
  57  60  74  87  91  84  82  81  80  85  84  86  84  83  87  88  88  89
  89  89  89  83  80  87  87  83  85  88  89  91  97 100  98  96 100 101
  96  96 102 103 100 101  99  98 100 102 101 108 111 121 128 131 127 121
 122 121 120 124 120 115 120 125 128 146 169 177 189 211 226 235 245 238
 237 238 238 235 230 238 238 236 248 247 231 183 138 109 102  93  88  80
  81  79  76  74  75  73  69  67  69  74  75  77  81  82  80  80  82  80
  79  80  81  83  83  81  82  86  87  85  83  85  85  83  81  85  91  98
 111 129 145 154 147 146 146 148 152 153 152 151 150 150 151 150 153 154
 153  29]","[ 29  29  87  88  88  88  85  80  84  85  87  87  84  83  83  81  81  86
  87  88  84  80  82  78  75  78  77  81  83  80  82  79  82  85  85  81
  86  92  85  78  77  76  76  72  65  64  64  59  65  64  56  56  54  48
  47  40  46  65  74  65  65  68  66  76  78  81  80  80  85  88  86  87
  87  84  84  82  81  79  78  84  85  84  85  89  93  93  94  98  97  96
  95  94  94  95  96  95  94  98  99 101 103  99  89  98  96 103 107 110
 113 111 114 125 123 118 114 113 113 116 123 132 131 134 135 145 172 175
 193 212 214 225 231 244 249 249 246 225 175 126 114 103  99  88  83  79
  76  78  77  75  73  72  71  71  72  77  78  79  82  81  79  81  80  80
  82  83  83  87  87  82  81  87  89  88  87  88  88  86  85  83  90 113
 135 146 149 144 145 145 145 146 148 151 152 152 152 151 151 150 153 154
 153  29]","[ 30  30  87  85  88  91  88  83  81  84  85  84  82  81  81  82  83  86
  88  86  84  84  82  76  74  76  78  78  78  81  80  74  81  85  83  82
  83  81  80  82  82  82  81  79  81  83  81  75  76  72  67  65  66  65
  58  51  49  48  47  49  51  53  54  55  64  62  60  64  74  83  87  87
  83  83  83  81  77  74  76  81  81  81  83  86  90  92  95  96  93  90
  86  90  86  80  83  82  89  96  99  99  97  90  87  93  98 100  98  98
 100  96  96 105 108 111 112 114 119 121 120 119 109 109 111 118 121 116
 118 130 146 160 188 216 226 237 210 161 114 105  99  97  91  80  76  77
  75  76  75  73  71  71  73  76  81  81  80  80  80  81  82  81  81  80
  80  83  85  87  87  88  88  89  87  92  90  89  86  90  91 102 121 142
 153 153 149 145 144 146 148 149 152 152 151 151 151 149 150 152 152 152
 155  29]","[ 28  26  86  90  94  96  92  85  82  81  80  82  85  89  89  87  91  89
  87  86  86  86  84  79  76  79  80  77  74  77  81  79  80  84  82  75
  70  69  72  79  80  80  79  79  80  83  85  85  86  81  77  76  79  80
  74  67  64  62  61  62  63  62  61  61  62  57  53  54  60  65  67  66
  72  74  74  72  72  76  80  82  80  75  73  79  85  87  88  91  96  88
  83  85  81  79  87  88  84  91  94  93  91  88  90  95  95  97  95  94
  98  96  96 101 102 103 101 100 106 112 110 106 104 103 104 112 119 116
 110 110 110 115 126 138 144 159 145 109  99 101  99  92  83  79  76  75
  76  75  74  73  72  73  76  78  82  81  80  81  82  83  83  83  81  80
  81  82  84  87  90  92  92  90  89  90  88  92  94 104 112 132 147 148
 148 153 153 146 146 147 148 149 152 152 149 148 150 149 150 151 152 151
 154  29]","[ 30  30  95  94  88  89  94  94  87  83  81  83  87  91  92  89  88  87
  89  92  90  88  87  86  83  82  80  77  75  79  82  81  82  84  81  76
  75  74  74  74  78  78  79  79  79  80  84  88  87  83  79  80  85  87
  83  78  75  74  73  74  75  75  73  71  66  61  57  56  58  60  59  57
  60  64  64  61  62  66  67  63  68  65  65  70  75  77  83  89  89  89
  92  95  90  83  83  81  89  93  94  92  90  92  94  95  89  91  89  89
  94  96  95  97  96  97  94  92  94  97  97  97 100 100  99 101 108 113
 114 116 114 108 108 114 115 118 109  94  89  93  92  85  80  80  78  73
  74  73  71  71  73  76  79  81  87  84  82  82  82  81  82  83  85  85
  86  86  87  90  94  98  94  94  94  90  89  97 102 110 134 143 149 148
 148 151 153 151 148 148 146 146 150 150 148 146 149 152 151 151 152 150
 152  29]","[ 28  26  97  95  88  91  93  89  87  84  83  82  82  88  95  96  90  89
  92  96  93  88  86  87  85  82  81  80  79  81  83  81  85  85  83  83
  86  87  81  74  76  78  81  81  79  79  82  84  85  82  80  81  85  88
  85  82  79  77  77  79  81  82  80  79  76  72  68  66  66  63  59  56
  57  62  65  61  58  55  49  43  36  46  58  63  59  58  65  74  82  90
  92  93  93  89  84  83  81  81  82  86  89  94  95  92  89  90  89  89
  92  93  93  95  93  91  89  88  89  88  89  95  93  96  98  98  99 101
 103 105 112 106 107 113 111 103  93  87  87  86  83  80  78  77  76  74
  71  69  67  69  73  77  80  81  87  83  80  80  79  79  80  82  84  86
  87  87  87  90  93  96  95  92  91  97  97 102 119 135 152 146 145 149
 151 149 150 152 150 149 145 144 148 150 149 148 151 155 153 151 152 150
 151  29]","[ 29  32 127 127 122 122 120 110 110 105 102  95  87  90  98 100  99  93
  92  95  94  91  90  89  83  82  83  84  82  81  83  83  84  85  86  86
  86  87  84  80  75  80  83  82  81  83  84  83  83  82  81  82  84  85
  84  84  83  81  80  81  82  82  81  80  82  78  75  75  74  72  68  66
  66  71  75  73  66  59  53  51  49  39  32  38  45  48  49  51  60  74
  76  76  86  88  80  79  80  78  79  83  84  82  78  74  82  82  82  85
  87  88  91  95  92  89  84  82  85  86  88  90  89  89  92  95  94  92
  89  85  78  83  87  90  93  90  85  82  82  81  80  78  75  72  72  74
  68  66  65  67  71  76  78  78  79  77  76  78  79  80  82  84  85  86
  86  86  86  89  93  95  94  96  92  97 103 116 145 155 152 150 149 149
 149 149 150 151 151 151 148 146 149 151 151 151 153 157 154 151 152 150
 151  30]","[ 27  32 150 148 144 143 143 139 130 126 126 122 115 115 119 116 101  97
  95  95  92  89  86  84  89  85  84  87  88  87  86  85  84  84  87  88
  87  87  86  83  80  83  84  82  83  86  86  83  81  81  82  82  81  80
  81  83  85  83  82  82  82  81  80  80  83  80  79  80  82  81  80  80
  79  81  84  82  75  70  70  74  71  59  53  59  59  51  49  54  50  61
  60  51  56  62  64  74  67  68  72  78  82  80  79  79  76  75  76  78
  79  80  83  86  88  90  86  80  80  84  86  85  83  81  84  89  90  89
  87  84  80  82  83  80  82  78  77  76  79  79  78  76  75  74  72  70
  68  65  64  66  71  75  77  77  76  77  79  81  83  86  87  87  90  90
  87  84  84  88  92  94  90  93  95 106 122 137 154 147 147 149 149 149
 149 150 151 151 151 153 151 150 152 153 152 151 152 155 154 151 152 152
 153  30]","[ 30  26 156 153 154 154 156 154 152 147 148 147 139 138 139 133 130 128
 126 121 115 111 108 104 105  96  92  96  98  97  94  90  90  86  87  91
  92  92  88  83  84  84  84  83  85  87  86  84  83  83  84  84  82  80
  81  83  83  83  83  83  82  81  81  81  82  80  79  81  82  81  80  80
  84  85  85  83  78  76  80  86  86  75  67  68  66  61  61  66  56  60
  66  59  49  48  51  56  57  58  59  62  69  72  72  74  74  71  70  71
  71  72  71  68  75  81  83  81  80  80  81  83  76  75  80  84  83  83
  81  77  75  72  72  71  75  71  75  79  75  74  73  72  73  73  71  67
  68  66  64  66  71  76  79  80  80  82  82  82  85  88  89  88  89  89
  86  83  83  87  92  94  93  90 109 133 148 147 148 145 153 152 152 153
 153 152 151 151 151 154 152 151 153 155 154 152 153 154 154 153 153 154
 156  29]","[ 30  27 172 169 169 162 164 169 166 160 160 158 152 155 161 159 158 154
 149 143 141 144 143 138 116 107 104 107 106 103  99  97  99  91  89  92
  92  90  87  82  84  83  83  85  88  89  88  87  84  84  85  84  81  79
  79  81  82  83  85  85  83  81  81  81  76  75  77  81  82  81  79  79
  83  84  84  81  79  78  82  86  88  85  80  76  76  78  81  81  80  69
  75  72  57  55  57  55  58  57  48  45  53  57  54  54  55  53  53  56
  60  66  65  59  59  62  68  78  83  79  76  80  76  74  75  76  76  78
  78  72  72  70  68  62  66  67  73  74  70  69  69  69  67  65  66  69
  67  66  65  67  72  78  82  84  81  83  82  79  81  86  88  87  85  87
  87  86  87  93  99 102 102 113 145 149 149 152 149 147 150 153 154 151
 151 153 153 151 154 155 152 150 153 156 156 155 154 154 155 155 154 155
 157  28]","[ 28  31 166 173 177 163 166 174 174 174 175 169 164 166 165 164 162 159
 157 156 156 155 152 146 143 137 127 117 113 113 112 110 111 105 107 109
 104  88  89  91  93  87  85  89  93  92  93  96  89  91  89  84  79  84
  79  82  81  82  87  87  84  84  81  81  79  80  81  80  79  77  74  71
  76  81  82  78  78  78  76  80  82  86  80  75  75  76  79  81  82  79
  78  78  75  74  74  73  67  67  60  54  52  50  51  55  58  55  52  49
  46  42  42  44  46  53  58  65  73  70  67  72  76  80  75  70  70  75
  73  73  69  63  59  60  60  60  62  66  65  66  65  64  65  67  69  69
  68  69  70  71  76  81  83  83  80  80  80  82  85  86  86  86  88  86
  92  85  91  98 101 105 118 146 157 151 152 154 151 152 151 151 151 151
 153 153 153 153 154 154 154 152 152 154 154 154 153 154 156 159 158 155
 155  29]","[ 30  26 128 133 141 140 156 156 168 175 178 175 169 166 170 172 168 172
 173 165 160 165 170 168 155 161 166 163 155 146 140 137 133 134 135 127
 125 121 120 117 108 102  96 103 104 104  98  97  99  93  90  90  90  88
  80  82  84  85  87  85  85  83  77  78  77  78  82  85  83  79  79  80
  80  82  83  80  77  74  72  73  79  80  75  74  76  78  79  77  73  76
  79  77  76  80  83  81  75  77  76  72  67  58  54  57  62  63  62  56
  45  35  35  39  48  50  47  45  47  44  45  52  63  67  65  66  66  68
  62  58  59  58  57  56  57  58  58  57  55  58  61  63  64  66  68  69
  71  71  71  72  76  81  83  82  78  79  81  82  85  91  91  86  88  86
  90  88  92  97 109 120 141 152 154 151 153 152 150 153 153 153 152 152
 153 154 153 153 153 153 153 153 154 154 154 154 155 154 155 157 158 155
 156  29]","[ 30  28 124 127 130 128 135 122 122 124 121 131 146 156 164 166 169 175
 178 172 166 167 169 166 162 161 161 163 164 163 160 158 160 162 165 155
 152 150 146 146 138 125 116 126 120 112 105 112 103 105 110 106  96  83
  80  88  89  89  88  88  93  91  81  79  76  78  81  81  75  73  79  84
  84  82  82  80  77  76  76  76  75  74  72  74  77  79  81  76  74  77
  79  77  74  78  80  78  77  78  81  84  84  76  69  70  71  68  66  67
  65  60  53  50  44  48  47  45  44  40  38  42  39  40  41  45  43  47
  45  43  47  50  51  48  49  53  52  48  46  52  60  66  68  68  70  72
  72  73  73  73  74  78  80  81  83  83  86  87  87  91  93  87  85  91
  95  97 105 119 140 150 148 148 147 147 150 151 152 156 156 155 154 153
 154 155 155 154 153 152 153 156 157 155 154 154 154 153 153 156 158 156
 156  28]","[ 29  30 149 146 144 144 141 133 130 138 132 132 130 122 126 129 131 131
 137 144 148 154 165 173 167 161 156 159 167 174 177 176 181 177 176 165
 162 162 154 156 154 154 148 146 139 142 138 139 124 125 128 123 120 107
 102 100  96  90  89  93 100 102  93  86  87  88  92  92  89  89  89  86
  84  84  84  84  82  82  82  76  77  77  77  79  77  78  83  80  77  75
  75  75  74  74  75  75  75  75  77  81  82  77  73  71  75  75  77  78
  75  69  64  62  55  57  53  48  44  40  38  40  43  42  41  42  36  38
  40  41  39  42  42  39  41  46  47  44  44  50  61  69  72  71  72  74
  73  76  77  75  72  74  80  84  86  85  88  89  86  87  90  88  86  92
  93 105 122 138 154 154 149 151 153 151 150 152 155 154 157 156 154 153
 154 155 155 156 154 153 155 158 159 156 153 153 152 152 153 157 160 158
 157  28]","[ 28  28 163 157 158 162 161 163 160 160 146 145 147 140 141 140 132 126
 127 131 128 125 132 140 147 147 146 144 146 154 166 176 179 178 181 175
 177 183 173 169 164 169 171 169 170 175 174 170 157 150 146 147 154 147
 139 131 128 117 115 114 111 113 108  98 100  91  89  91  94  96  94  87
  84  83  79  78  78  83  88  81  80  80  81  83  80  79  84  83  80  75
  73  74  76  77  77  74  68  72  76  76  73  71  70  70  62  66  71  74
  73  70  72  76  76  74  69  63  59  55  52  52  48  47  46  48  41  39
  37  34  35  35  34  33  35  38  42  43  46  52  61  69  73  73  73  74
  76  78  78  75  73  76  82  87  87  87  88  89  88  89  91  88  93  96
 102 127 145 148 154 152 153 155 158 155 151 153 155 153 158 156 154 152
 152 154 155 156 156 155 157 160 160 157 155 155 154 154 155 158 161 159
 158  29]","[ 29  29 163 162 165 164 166 163 165 169 166 169 170 162 159 157 148 143
 143 145 139 130 121 117 121 129 135 135 130 129 131 133 132 134 147 161
 167 176 177 183 170 170 173 176 173 167 167 171 174 170 167 169 170 160
 158 161 167 157 154 146 135 133 132 127 123 108 102 101  97  96  99  98
 103 101  91  88  90  95  99  91  80  80  80  83  83  81  83  82  82  79
  76  74  76  81  79  73  62  66  72  74  73  74  74  72  68  65  64  66
  68  68  69  71  74  73  73  74  72  67  62  59  57  55  53  56  53  51
  43  37  34  31  31  32  33  33  37  42  51  57  63  68  71  73  74  73
  76  76  75  73  74  79  83  85  90  91  90  88  90  92  90  86  94 110
 125 146 150 148 153 155 157 155 154 154 152 152 155 157 160 159 156 154
 153 153 155 157 157 157 158 160 160 158 157 158 158 157 156 157 159 159
 158  30]","[ 30  30 162 163 163 163 164 161 163 164 165 165 164 163 163 163 160 156
 157 163 166 164 158 151 142 143 141 135 131 130 128 125 123 115 119 131
 125 125 134 146 149 158 166 171 170 173 177 182 184 184 181 186 184 176
 175 179 177 174 172 166 161 160 157 159 153 149 149 145 132 128 130 128
 124 124 114 113 113 106 100  90  91  90  86  87  87  83  82  82  79  78
  77  76  77  81  80  74  66  66  69  72  72  74  74  70  70  68  67  68
  67  65  66  69  73  69  69  70  68  65  62  60  63  63  59  60  59  58
  50  46  43  38  36  37  37  35  39  46  57  62  66  67  69  71  72  71
  74  76  76  76  77  81  84  86  89  90  89  89  92  91  92  99 119 139
 149 155 148 149 155 157 164 159 156 155 154 153 155 158 160 160 159 156
 154 154 155 157 157 158 158 158 158 158 159 160 160 157 156 156 159 160
 159  29]","[ 28  30 168 170 164 167 162 163 160 159 162 162 161 162 161 160 160 157
 159 166 169 168 166 165 160 164 163 157 154 157 160 159 151 140 136 142
 129 125 126 123 114 122 130 145 145 149 146 151 168 174 173 181 182 182
 179 177 180 182 178 174 179 176 167 171 165 167 171 163 153 155 156 146
 148 144 130 130 132 123 117 111 110 109 100  96  91  82  81  84  81  79
  79  79  77  76  75  73  75  72  74  75  73  74  77  77  75  73  72  74
  74  72  69  69  67  62  62  64  61  57  55  54  54  60  59  60  60  61
  56  57  54  48  44  44  42  41  45  52  60  65  67  65  64  67  69  67
  73  78  82  82  81  83  87  90  88  88  89  97 101  96 105 129 150 154
 151 153 150 156 158 159 159 159 157 155 154 154 155 158 157 158 158 157
 155 154 155 157 157 159 159 157 157 158 160 161 159 157 155 157 162 162
 160  29]","[ 30  27 176 174 171 168 169 171 165 163 162 163 163 161 161 162 159 160
 163 166 167 166 164 160 159 160 163 162 161 163 167 166 163 162 159 156
 155 154 148 140 138 131 129 128 119 114 116 120 125 124 129 136 138 139
 146 152 160 166 173 176 176 176 175 174 174 180 178 175 175 172 167 169
 181 182 170 169 168 162 155 137 134 130 133 123 111  99  98 106  97  93
  86  82  82  81  77  74  76  76  80  81  78  78  79  77  76  75  74  74
  74  75  73  71  68  66  62  60  57  54  50  49  46  51  56  58  56  55
  54  54  52  50  48  46  43  43  48  54  59  56  58  58  59  64  68  71
  76  77  84  84  83  89  93  93  94  90 100 107 105 105 129 144 149 156
 157 153 153 159 162 159 160 160 160 160 158 156 158 161 159 157 155 155
 157 158 157 156 160 159 159 160 160 158 156 155 156 157 157 159 160 160
 161  29]","[ 30  28 179 180 179 178 179 179 174 170 169 171 170 165 163 164 167 166
 166 166 163 161 160 157 161 162 163 161 158 159 163 164 162 159 155 155
 158 161 163 162 159 158 160 161 156 149 145 144 133 135 136 132 126 126
 129 130 125 128 130 134 143 155 158 156 163 176 180 177 181 185 184 184
 184 191 189 191 192 188 188 183 165 163 162 154 151 143 135 128 111 107
 100  96  97  95  87  80  76  77  82  85  83  80  80  81  80  79  78  76
  73  72  71  72  68  66  63  62  62  62  62  62  57  57  56  54  51  50
  50  51  51  48  45  42  40  42  48  53  54  52  54  54  57  67  75  80
  77  81  86  83  84  95  99  97 100 102 108 110 118 133 153 154 156 156
 157 159 162 162 162 161 163 162 162 162 160 158 158 159 158 157 157 157
 157 158 159 159 158 158 158 159 159 158 157 157 158 159 158 160 161 161
 162  28]","[ 30  29 181 183 183 182 182 181 182 177 178 184 186 181 179 180 176 174
 173 171 166 163 162 160 163 163 164 164 161 160 163 166 161 159 158 161
 162 160 158 157 161 162 162 161 163 164 164 165 151 154 157 156 152 149
 142 134 124 122 120 120 125 130 129 125 127 135 140 145 155 163 170 176
 182 190 193 195 195 189 184 186 179 173 167 160 155 144 142 138 128 125
 117 114 118 116 107  98  94  95  96  96  91  83  81  85  83  79  75  74
  75  74  74  73  71  69  66  64  64  64  64  64  61  57  52  50  48  47
  49  51  47  45  42  39  40  43  48  50  54  53  57  60  66  76  79  79
  79  77  82  85  88  95  99 101 106 107 109 119 137 152 161 157 158 157
 158 162 164 163 162 163 164 163 163 164 162 160 158 158 156 157 158 158
 157 158 160 162 161 161 160 160 159 158 157 158 160 160 158 161 162 162
 162  28]","[ 29  29 182 183 184 183 181 179 181 178 179 183 185 183 180 179 179 179
 180 179 175 173 173 171 171 169 171 173 170 167 168 169 163 160 157 156
 157 156 154 153 160 165 163 160 162 163 162 162 162 156 154 157 161 167
 170 170 160 151 145 150 156 152 144 138 137 132 126 123 124 121 118 120
 127 136 146 154 163 163 160 171 184 178 171 171 168 153 147 139 141 137
 130 127 129 128 120 113 113 113 108 103  99  91  87  91  96  89  82  80
  79  75  73  72  70  69  68  68  68  67  66  64  60  56  53  52  51  48
  47  49  46  45  43  42  44  47  49  48  55  58  66  70  73  79  79  77
  82  79  83  90  94  98 102 108 112 119 127 141 155 159 160 159 162 166
 168 165 162 164 167 168 164 163 162 164 164 161 159 158 157 158 160 159
 158 159 161 163 163 162 161 160 158 157 157 158 159 160 158 160 161 161
 162  28]","[ 29  29 183 184 186 185 184 182 184 182 181 182 184 184 182 179 179 180
 183 183 181 181 182 182 183 179 179 181 179 175 174 174 172 170 167 164
 166 169 168 165 159 165 165 162 163 164 161 160 159 157 158 160 160 161
 161 159 156 156 158 162 158 152 152 157 153 154 151 147 146 145 138 132
 127 130 132 128 128 123 119 133 145 156 163 163 161 154 157 153 145 143
 137 133 132 129 124 120 118 118 115 113 115 115 114 117 109 105 100  95
  88  81  79  80  77  77  76  75  73  72  69  66  64  62  60  59  56  50
  47  47  51  49  46  45  46  49  49  47  50  60  73  73  70  74  78  82
  80  83  87  88  94 103 108 113 118 141 155 159 162 164 165 165 168 174
 175 167 163 166 168 168 165 163 163 164 164 162 160 159 160 161 161 161
 160 160 161 163 159 159 159 158 157 156 158 160 159 160 158 159 158 158
 161  29]","[ 29  30 183 184 185 184 184 182 181 182 181 180 183 186 185 181 181 181
 183 183 181 182 186 187 187 182 181 183 182 180 180 179 179 181 181 181
 183 183 177 170 172 174 171 166 163 163 161 161 161 161 161 161 161 164
 163 157 157 154 153 156 160 160 156 152 159 160 162 163 161 158 154 152
 155 151 145 136 131 124 116 121 122 122 123 124 130 131 134 131 135 134
 132 130 128 125 123 124 124 124 121 118 118 117 115 113 116 114 111 107
 102  97  94  94  89  88  85  81  78  75  71  67  68  66  65  64  61  57
  55  56  58  54  49  46  46  47  47  47  48  59  73  75  71  73  77  82
  80  81  85  88  96 107 115 124 132 153 162 164 164 168 170 170 170 173
 173 170 169 169 169 167 167 165 164 165 164 162 161 160 162 162 161 161
 160 160 160 160 159 159 159 158 158 157 159 161 161 161 159 159 158 157
 160  29]","[ 29  30 183 183 183 184 184 182 184 184 184 184 186 187 186 182 182 182
 183 182 180 182 186 187 186 182 181 183 184 184 185 184 181 181 180 180
 182 182 180 177 178 177 178 179 179 179 178 177 170 168 168 168 169 170
 167 160 153 153 154 156 158 158 156 154 153 149 151 157 157 155 158 163
 161 158 156 155 158 159 154 153 150 144 144 139 137 129 127 129 130 128
 124 123 122 118 118 122 122 121 121 121 118 116 116 116 118 116 113 112
 111 108 102  98  94  93  91  88  85  84  81  77  75  73  71  68  66  66
  68  69  66  60  53  49  47  47  48  49  51  58  71  76  76  77  78  80
  83  84  89  97 109 120 129 143 151 159 161 168 169 173 172 172 174 174
 174 174 174 173 171 169 167 166 165 165 164 162 161 161 162 162 161 160
 159 159 159 159 161 161 160 160 159 159 160 161 162 162 159 159 158 158
 161  29]","[ 29  30 184 185 185 186 187 186 182 181 182 185 187 187 186 184 182 181
 182 182 180 181 185 186 186 184 185 187 186 186 187 186 186 183 181 181
 181 181 181 182 182 177 177 180 180 180 182 180 177 174 175 178 177 173
 173 175 172 168 166 166 162 157 156 160 156 153 152 153 154 157 160 159
 161 161 158 155 154 154 153 151 153 150 151 143 145 147 144 143 145 138
 130 126 123 117 117 122 122 119 120 120 113 108 110 112 111 112 113 113
 112 110 106 103  97  98  98  95  94  94  90  87  87  84  78  73  71  72
  73  74  72  65  58  54  52  50  51  53  51  57  70  75  75  76  79  82
  82  89  96 102 117 134 144 153 158 164 165 171 171 173 172 171 175 177
 176 172 170 169 167 164 166 165 165 165 164 161 161 162 161 161 161 160
 159 159 159 160 160 160 160 159 159 159 160 162 161 161 158 159 159 159
 161  29]","[ 30  29 187 186 188 189 190 188 188 184 182 184 187 187 186 185 182 182
 183 184 185 184 185 185 185 186 185 184 185 188 189 187 183 183 182 182
 184 185 184 181 178 182 181 177 177 182 185 184 183 180 179 179 179 178
 178 179 176 180 179 179 174 166 167 167 169 165 161 162 166 168 164 159
 159 158 158 156 155 154 154 155 151 151 151 148 146 149 154 156 154 149
 144 144 146 145 140 136 131 124 124 118 109 106 104 105 104 104 108 112
 111 108 106 103 101  98 103 102 100 100  97  96  99  92  90  90  83  80
  78  73  73  74  71  67  57  57  57  58  53  53  62  67  70  75  81  88
  89  95  99 113 131 153 156 153 161 166 169 171 173 174 174 176 177 179
 178 175 171 170 168 166 166 167 168 168 165 163 164 165 162 162 162 162
 161 161 160 160 158 156 156 158 160 159 160 162 161 159 160 161 161 161
 161  30]","[ 30  28 186 186 190 193 194 191 187 186 185 185 184 183 183 184 183 183
 184 185 186 186 186 187 187 187 187 186 186 187 186 183 182 183 184 185
 187 187 184 182 180 182 184 185 185 185 184 184 185 185 187 188 188 184
 180 179 179 181 179 181 180 176 179 180 181 179 175 174 175 175 171 166
 169 163 157 155 154 153 154 155 155 156 157 156 153 153 154 152 155 152
 150 153 156 157 155 153 150 147 151 151 148 142 132 128 122 117 115 115
 111 107 107 109 102  99 105 109 107 105 102 104 102  95  94  95  91  88
  84  76  67  73  78  74  67  65  66  63  64  57  55  59  68  77  84  92
  98 100 111 135 151 158 159 162 163 166 169 171 174 174 174 177 178 180
 180 177 175 174 172 170 172 172 171 170 167 165 164 164 164 164 164 164
 163 161 161 160 160 158 158 159 159 159 160 162 161 159 158 160 161 161
 160  29]","[ 29  28 187 188 192 194 196 193 189 188 188 187 185 182 182 182 183 183
 184 186 186 186 186 186 186 187 187 189 190 189 186 184 183 184 186 186
 187 187 185 183 182 183 186 190 190 186 183 183 185 184 185 185 184 182
 180 179 180 180 177 179 180 179 182 182 183 182 181 178 178 179 176 173
 172 168 168 173 175 172 167 166 164 164 166 164 162 160 158 153 156 154
 152 153 153 153 151 149 146 147 150 152 154 154 151 153 152 146 145 146
 142 137 137 140 126 119 117 113 108 106 104 106 106 101 102 104 100  95
  88  80  76  82  88  81  77  73  74  69  68  64  60  60  66  74  85 100
 104 116 135 150 158 158 160 163 165 167 169 171 174 175 176 179 180 181
 180 178 176 176 176 175 174 173 171 171 170 169 167 166 166 166 165 163
 161 160 160 160 162 161 160 160 160 159 160 162 162 160 159 159 161 162
 161  29]","[ 28  30 190 191 192 192 195 194 193 190 188 187 188 187 185 182 183 183
 185 187 188 187 186 186 187 188 189 191 191 190 188 188 187 187 187 186
 186 186 186 186 186 185 186 189 189 186 184 184 184 183 181 181 181 182
 183 185 183 181 180 181 181 180 180 180 180 181 181 179 179 182 181 179
 180 177 177 180 182 180 177 176 174 172 172 170 168 167 165 161 159 157
 156 156 155 153 150 148 148 150 150 149 150 148 145 148 149 147 150 156
 156 153 152 152 157 154 151 144 138 134 127 118 110 111 114 116 111 106
 100  95  93  93  95  90  87  83  79  72  67  65  63  65  76  84  92 107
 117 135 153 153 155 158 164 164 168 171 171 171 174 177 178 180 180 180
 178 177 176 177 177 177 174 172 171 172 173 172 170 168 168 167 165 162
 160 159 159 160 161 160 159 160 161 161 161 161 163 161 160 160 161 162
 161  28]","[ 29  31 192 192 193 192 194 193 192 190 188 188 190 191 189 186 185 186
 187 190 191 190 188 187 190 190 191 191 189 187 188 190 190 190 189 188
 187 187 188 188 188 188 188 188 188 188 187 186 182 183 183 183 184 185
 186 186 185 183 182 182 182 181 180 181 182 182 181 179 180 182 182 180
 179 179 179 178 177 178 179 180 179 176 175 173 172 173 172 168 169 167
 166 167 167 165 161 158 153 154 151 153 157 155 152 151 147 145 147 150
 152 154 155 153 146 150 154 154 153 153 150 143 144 143 140 134 125 116
 109 104 108 103  99 103 101  97  86  76  74  76  78  82  92 102 111 127
 137 146 156 155 159 162 169 171 172 175 174 171 173 177 178 178 179 179
 178 178 178 178 177 177 177 175 173 173 174 172 169 166 167 166 165 164
 162 161 160 160 158 157 157 159 162 163 161 159 162 161 161 160 160 161
 161  29]","[ 29  30 189 191 195 195 194 190 188 190 191 190 190 190 190 191 189 189
 191 193 194 192 190 188 190 190 190 189 187 186 188 190 190 191 191 190
 189 189 188 187 187 189 189 187 188 190 189 187 185 186 186 186 185 186
 187 187 186 184 184 183 181 180 179 182 183 183 181 180 180 180 180 179
 171 176 180 179 179 181 182 181 178 177 176 175 174 176 175 171 174 172
 171 171 172 171 167 165 167 166 160 158 157 156 156 156 156 154 153 152
 152 154 153 150 148 148 147 148 144 141 146 148 151 150 148 147 148 149
 149 148 142 132 122 124 118 112  99  92  99 102 103 101 105 114 125 140
 144 149 154 154 156 159 167 171 173 177 176 172 173 176 177 177 178 179
 181 182 181 180 178 176 178 175 173 173 172 170 168 166 164 165 166 166
 165 163 161 159 158 157 157 159 162 163 161 159 162 162 163 162 161 162
 162  30]","[ 30  29 187 189 194 194 193 188 186 190 194 193 191 190 192 193 193 192
 193 194 195 193 190 188 188 189 190 188 188 189 190 190 189 190 191 190
 190 190 188 187 188 189 189 188 188 190 190 188 191 192 192 190 189 190
 190 190 189 187 189 187 186 185 182 184 186 185 184 184 183 181 181 182
 177 178 179 177 177 178 180 181 176 175 176 176 175 177 177 174 173 171
 170 171 173 173 173 173 171 173 171 170 166 163 166 164 164 162 161 161
 159 157 156 153 149 147 145 149 147 143 146 147 146 147 146 145 146 147
 145 145 146 140 137 137 135 135 134 133 126 121 117 115 122 132 133 133
 141 148 152 152 151 156 162 167 172 174 175 175 176 176 176 178 178 180
 182 183 182 180 179 179 178 176 174 173 172 170 170 171 167 167 167 167
 167 165 162 160 161 161 160 161 162 163 162 161 164 164 165 163 163 164
 163  30]","[ 29  30 188 189 190 190 190 187 187 192 196 196 194 193 193 192 196 195
 195 195 195 193 190 189 189 191 191 190 191 192 191 188 190 191 191 190
 191 191 190 189 191 191 190 189 189 189 189 189 190 193 194 194 193 192
 191 189 187 186 190 191 190 189 184 186 186 185 186 187 184 180 180 182
 181 179 178 179 179 179 180 182 175 175 176 176 176 178 178 176 176 173
 171 170 171 172 174 176 174 173 171 172 169 168 172 168 167 164 166 168
 166 163 162 162 159 156 151 154 155 152 150 142 138 144 147 146 146 144
 143 143 138 139 142 138 136 132 137 138 135 131 132 133 139 147 144 138
 144 147 148 155 155 160 163 170 170 171 174 177 179 177 177 182 180 180
 181 181 180 179 180 181 181 179 177 175 173 172 173 175 172 170 168 167
 167 166 164 162 166 166 165 163 163 164 164 164 166 166 165 164 163 164
 162  28]","[ 30  28 188 188 191 191 191 191 191 194 196 196 195 195 194 193 195 195
 195 195 194 194 192 190 189 192 193 192 190 190 189 188 190 190 190 189
 192 195 193 189 190 191 193 192 190 188 189 190 189 195 195 194 196 194
 189 188 187 189 188 189 188 187 188 186 188 186 186 188 186 184 182 180
 182 181 181 183 183 180 179 178 178 179 178 176 177 180 179 176 176 177
 174 169 169 173 176 175 175 173 172 173 173 172 170 169 168 167 167 169
 171 167 163 162 161 159 158 157 158 157 155 154 153 153 150 146 145 147
 148 145 140 140 138 136 136 135 134 136 135 136 137 139 145 150 148 142
 145 151 156 157 158 162 168 171 171 172 173 176 178 180 180 179 179 179
 180 182 182 182 181 182 182 181 179 177 174 172 172 172 172 172 170 169
 169 168 166 164 165 165 164 162 162 163 165 166 168 167 163 162 162 164
 165  29]","[ 28  28 189 190 192 193 193 194 193 195 196 196 196 196 196 196 195 196
 196 195 195 195 193 192 191 193 193 192 190 191 191 190 193 192 192 192
 192 191 189 188 189 190 191 191 190 190 192 193 192 195 194 193 195 193
 189 189 188 188 187 190 190 187 188 187 190 187 187 188 187 186 185 182
 186 185 183 181 182 183 181 178 179 180 179 178 178 180 179 175 176 177
 176 173 172 174 175 174 176 174 173 173 172 169 169 169 168 167 166 168
 169 166 164 165 163 162 161 160 160 160 160 160 163 159 155 152 151 150
 148 147 145 144 140 137 136 134 133 135 135 139 142 143 146 150 149 145
 145 149 153 154 156 162 168 171 172 173 175 177 178 179 179 179 180 180
 180 181 182 181 181 180 180 180 179 177 175 174 175 176 175 174 171 169
 168 168 166 164 162 164 165 164 163 163 164 165 168 167 165 164 163 165
 166  30]","[ 29  29 191 192 192 192 192 193 195 195 195 196 195 195 195 197 194 195
 195 195 194 194 193 192 193 194 193 192 192 193 193 192 191 189 190 192
 191 187 187 190 192 191 191 190 191 192 193 193 194 193 190 191 193 192
 189 188 190 189 187 191 191 188 188 189 189 187 187 187 187 188 188 184
 185 186 184 181 183 187 186 180 181 182 181 180 181 181 179 176 177 179
 179 178 177 176 177 177 178 176 175 175 172 168 167 168 168 168 168 168
 169 166 164 166 164 164 165 164 163 161 162 163 164 160 157 157 157 154
 151 150 150 147 142 139 137 135 135 137 138 142 145 144 146 150 151 148
 150 153 156 156 157 161 166 169 172 174 175 177 178 179 179 179 183 182
 181 182 182 182 180 180 179 180 179 178 177 177 178 179 174 173 171 169
 169 169 169 168 163 166 168 167 165 164 164 165 167 167 166 165 164 165
 166  29]","[ 29  30 191 193 193 191 190 190 194 194 195 195 193 191 192 194 194 195
 195 194 193 193 192 192 193 193 193 193 193 194 194 192 189 187 189 192
 192 189 190 194 195 193 191 190 190 191 190 190 192 190 189 190 191 190
 188 189 192 191 188 191 191 189 190 190 188 188 189 188 188 189 189 186
 183 185 184 183 185 189 186 181 181 183 184 183 183 182 181 178 179 180
 180 180 179 178 179 181 179 177 177 176 174 169 167 168 169 170 170 171
 171 168 165 165 164 165 166 167 164 161 160 160 160 158 157 160 162 159
 155 153 150 147 142 140 140 138 139 142 145 145 144 143 146 152 153 151
 153 157 160 161 160 162 165 168 172 174 176 177 178 179 180 181 185 185
 184 184 184 182 181 180 180 180 180 180 180 179 178 178 174 173 171 169
 169 170 170 170 168 169 169 169 167 165 165 166 167 167 166 165 163 163
 164  28]","[ 28  28 190 193 195 194 192 191 192 193 195 195 192 189 189 191 195 195
 196 195 193 193 192 192 191 192 192 193 195 195 193 191 192 192 193 194
 194 194 194 195 194 193 191 190 190 190 189 188 191 190 191 192 191 189
 189 189 191 192 189 190 191 192 193 191 187 188 191 190 188 190 190 188
 186 186 186 186 186 186 184 182 182 185 186 185 183 182 181 180 179 179
 180 181 180 179 179 181 180 177 175 175 173 172 171 171 171 172 171 171
 172 170 168 167 166 166 166 167 165 162 159 159 160 159 159 160 162 161
 157 154 150 147 143 142 141 139 139 143 147 147 145 144 147 152 154 153
 152 156 160 161 161 162 167 170 173 175 177 178 179 179 181 182 184 185
 186 186 184 181 180 180 181 180 180 181 182 181 178 175 175 174 173 171
 170 170 169 169 169 168 168 169 168 166 165 165 166 167 166 165 162 163
 164  29]","[ 29  29 191 193 196 195 193 192 192 194 196 195 193 190 189 190 194 195
 195 195 194 193 192 191 190 190 191 194 195 195 193 191 194 194 194 194
 195 196 196 195 193 192 191 191 192 192 192 191 192 191 193 194 190 189
 189 189 189 192 189 189 190 193 195 192 187 188 191 191 189 189 189 188
 188 186 185 186 186 185 185 186 183 186 187 185 183 181 180 180 179 180
 181 183 182 180 179 178 180 178 174 172 172 175 176 175 174 174 172 171
 173 174 173 174 170 167 165 166 166 164 162 162 162 161 159 158 158 158
 157 154 151 149 145 143 141 137 136 140 144 146 147 146 147 150 154 155
 154 157 160 161 161 163 168 172 175 177 179 180 180 180 181 182 182 183
 185 185 182 180 180 181 182 181 180 181 182 182 179 176 175 175 174 172
 171 171 170 169 167 166 167 169 171 169 166 164 165 165 164 163 161 162
 165  29]","[ 30  30 191 192 194 194 193 193 193 194 194 193 193 193 192 191 194 194
 195 195 195 194 193 191 191 190 191 193 195 195 193 192 192 192 192 193
 194 196 196 195 193 193 193 193 193 193 193 193 193 192 194 193 189 189
 191 189 189 191 189 189 190 191 194 193 189 188 189 190 188 188 188 187
 187 185 185 186 186 185 185 187 185 186 186 185 183 181 180 180 180 181
 181 182 182 181 179 178 180 180 177 173 173 177 178 175 176 177 174 172
 174 175 175 177 172 168 166 167 168 166 166 166 163 161 159 159 158 156
 155 155 153 151 147 145 142 137 136 139 144 146 147 147 147 151 154 155
 158 160 162 163 163 165 169 172 176 177 179 180 180 181 182 183 180 181
 183 183 182 181 182 184 183 182 180 180 180 180 179 178 175 175 175 173
 172 172 172 171 168 166 167 170 172 169 166 164 163 164 163 162 161 162
 164  29]","[ 28  28 189 189 191 192 193 194 193 193 192 191 192 194 194 191 194 195
 196 196 196 196 194 192 192 191 191 193 194 194 194 193 193 192 192 194
 195 195 195 196 194 194 194 193 192 192 192 193 195 194 195 194 190 191
 194 191 191 191 188 189 189 189 192 193 192 189 188 190 189 188 188 187
 187 186 186 186 186 185 183 182 187 186 186 185 184 183 182 182 180 180
 180 179 180 181 180 179 180 182 181 176 176 179 177 173 176 178 176 173
 173 173 172 174 172 168 167 169 170 168 167 167 167 164 163 164 161 155
 153 155 153 151 149 147 144 138 137 142 147 146 145 145 149 153 156 156
 159 160 163 165 167 169 170 172 175 176 177 179 180 181 182 183 181 181
 182 182 183 183 185 187 184 183 180 179 178 179 180 180 178 178 176 174
 173 172 171 171 171 168 168 169 170 168 165 164 164 165 163 163 162 163
 164  28]","[ 29  28 189 189 192 194 194 194 193 193 193 191 193 195 194 191 191 194
 196 196 195 194 194 194 193 193 192 192 193 193 192 193 192 192 192 191
 191 192 193 193 192 193 194 194 195 195 195 195 193 194 193 190 190 192
 193 193 194 192 190 188 186 186 188 190 190 188 187 188 189 190 191 193
 190 186 185 187 187 185 183 182 182 185 187 187 186 184 180 175 174 178
 181 181 181 183 182 179 181 181 179 179 179 178 178 174 176 177 175 173
 173 172 169 168 168 169 171 170 169 169 169 170 167 165 165 166 163 159
 157 155 154 154 153 150 146 144 145 147 146 146 146 148 153 158 159 159
 159 159 161 164 168 172 173 174 175 176 176 177 181 181 181 182 181 181
 181 181 183 184 184 183 183 182 182 181 181 181 182 185 182 179 177 175
 174 174 173 173 173 172 171 169 167 168 169 166 166 166 165 165 163 164
 165  31]","[ 28  28 188 189 191 194 195 195 192 192 191 190 192 193 192 189 188 191
 194 196 196 195 195 195 194 194 192 192 193 193 192 193 193 192 190 188
 188 190 192 193 190 191 191 192 192 194 194 194 196 196 193 189 188 191
 192 192 193 192 192 190 189 187 188 189 189 187 187 188 189 189 191 192
 189 187 186 187 187 185 183 183 183 185 186 186 186 185 181 177 175 178
 180 180 180 182 181 180 182 183 180 179 178 176 178 176 175 176 175 173
 174 173 170 169 170 171 171 170 169 168 169 169 167 165 165 166 164 162
 162 161 156 154 151 149 147 145 146 147 145 146 147 150 154 157 159 160
 163 162 162 163 167 171 174 176 174 177 178 178 181 181 181 183 181 182
 183 184 184 184 183 181 183 183 183 182 180 180 182 184 182 180 178 177
 176 176 175 174 174 172 172 171 169 170 170 168 167 168 168 166 165 166
 166  29]","[ 30  31 191 191 193 193 194 194 193 192 191 193 195 194 191 188 185 187
 191 194 195 195 194 194 195 195 193 192 194 194 192 192 192 192 191 189
 189 191 193 194 190 190 190 190 191 193 194 194 195 195 193 190 190 191
 193 193 190 190 190 189 187 186 186 187 187 187 187 188 188 189 190 191
 188 187 187 187 187 185 185 186 187 188 188 187 188 188 185 181 178 179
 180 180 180 180 180 181 181 181 178 177 177 176 179 179 176 177 176 175
 175 174 172 171 173 173 172 171 170 169 169 169 169 167 166 165 163 162
 162 162 159 154 150 149 147 145 145 147 146 147 150 153 154 155 159 162
 165 163 162 162 165 169 172 173 176 178 179 179 180 179 179 181 180 183
 185 186 186 184 182 180 181 183 183 181 179 180 182 183 182 181 180 179
 179 177 176 174 173 171 172 173 172 171 171 170 168 171 170 168 166 168
 168  28]","[ 28  30 192 193 193 192 191 191 192 189 190 193 195 193 188 186 184 187
 190 193 194 193 192 191 194 194 193 192 195 195 192 192 189 190 192 192
 193 194 195 195 192 193 192 192 193 194 195 195 193 193 194 193 193 193
 192 191 188 189 188 186 185 185 186 187 187 187 188 188 188 188 189 190
 188 188 187 187 185 184 185 188 186 187 186 184 184 185 184 181 180 179
 179 180 179 178 179 180 179 179 176 176 176 176 178 178 178 179 177 175
 176 175 173 173 174 173 171 171 171 170 170 169 170 167 166 165 162 162
 162 161 162 157 152 151 148 145 144 145 149 150 153 155 154 154 159 165
 168 167 167 167 168 170 172 173 176 179 180 180 180 179 179 181 181 184
 186 187 187 185 183 181 180 183 183 181 180 182 183 183 182 181 181 180
 180 178 175 174 172 170 172 175 174 173 173 172 170 171 170 168 167 168
 168  29]","[ 28  30 192 193 194 194 194 195 193 190 190 193 195 192 190 189 188 189
 192 195 195 193 191 191 191 192 192 192 195 195 192 191 187 189 192 194
 194 195 195 194 193 194 194 194 194 195 196 195 193 194 195 195 195 193
 190 188 189 190 189 188 187 188 189 190 187 188 188 188 188 188 188 188
 188 188 187 185 182 182 184 186 186 186 185 182 181 182 183 181 180 178
 179 180 179 178 178 180 180 179 176 177 178 176 176 174 178 178 176 174
 174 174 174 174 173 172 171 171 171 171 170 169 168 167 166 166 165 165
 165 163 163 159 156 154 151 148 147 148 152 152 155 156 154 154 160 167
 167 168 168 168 168 169 171 173 176 178 179 180 183 183 183 184 184 185
 186 187 186 186 183 181 182 184 184 183 184 186 186 184 183 182 181 181
 180 178 176 174 172 171 173 176 175 174 174 174 173 171 169 168 167 167
 166  29]","[ 30  30 191 191 192 193 195 196 195 192 190 191 192 191 191 192 191 192
 194 196 195 192 191 191 190 192 193 193 196 196 194 192 190 191 192 193
 193 194 195 194 191 192 193 194 195 195 195 194 193 193 193 193 194 193
 191 190 188 190 191 190 189 189 190 189 188 188 188 188 187 188 188 188
 188 188 186 183 180 180 182 183 185 186 185 182 180 182 183 183 180 179
 179 180 180 179 180 182 181 179 176 178 180 177 177 175 179 178 175 173
 174 175 175 176 174 173 172 172 173 173 172 171 170 168 167 167 166 167
 166 163 162 161 159 157 155 153 152 153 152 153 155 155 154 156 162 168
 165 165 165 165 166 168 171 173 176 179 179 180 183 183 183 185 187 187
 187 186 186 185 183 181 184 184 184 184 185 187 186 184 184 183 181 181
 180 179 177 175 175 174 176 177 176 175 175 174 175 172 169 169 167 166
 166  29]","[ 30  28 188 187 189 190 190 190 192 190 189 189 188 187 188 189 192 192
 194 195 193 190 189 190 190 193 193 193 195 197 195 194 194 193 192 192
 193 194 194 194 191 192 193 194 194 194 194 193 191 190 189 190 191 192
 192 192 189 191 191 189 188 189 189 188 187 188 188 187 187 189 189 188
 187 187 186 183 182 181 182 183 182 183 182 179 178 180 181 180 181 180
 180 180 180 180 181 182 180 178 176 179 181 179 179 178 180 179 175 173
 176 177 176 176 174 173 172 173 174 175 175 174 173 170 168 167 166 167
 166 162 162 162 161 158 157 157 157 155 152 154 155 155 154 157 163 167
 169 168 167 167 169 172 174 175 177 180 180 180 181 181 182 184 186 187
 188 187 185 184 182 181 182 182 183 184 186 186 185 184 184 183 181 180
 179 179 178 178 177 177 178 177 175 174 174 172 173 172 170 169 168 169
 168  29]","[ 30  28 190 191 194 194 193 192 191 192 193 192 191 189 188 189 193 193
 194 194 192 188 187 189 189 192 192 191 193 195 194 193 194 193 192 191
 192 194 194 193 192 193 194 194 194 194 194 193 192 190 189 189 190 190
 190 190 192 193 192 189 187 189 190 190 187 187 187 186 187 189 190 188
 185 186 186 185 184 184 184 184 182 182 181 178 179 181 182 181 181 181
 180 179 178 179 180 180 181 180 177 179 180 177 179 179 180 179 175 173
 176 177 175 175 172 171 171 172 174 175 176 176 174 170 168 166 166 168
 167 163 163 163 161 158 157 159 157 155 153 154 155 154 154 158 162 165
 170 168 167 168 172 174 174 173 177 180 181 181 181 181 183 186 184 187
 188 187 185 183 182 181 181 181 183 185 186 185 185 185 184 182 180 179
 179 179 179 179 179 179 179 177 173 173 173 170 171 172 171 170 170 172
 170  29]","[ 29  30 194 194 192 193 195 194 195 191 190 192 194 194 193 194 194 195
 196 194 191 189 189 191 192 192 192 192 192 194 193 191 194 194 192 189
 190 193 194 192 193 192 192 192 193 194 193 192 192 192 191 189 188 188
 190 191 196 193 190 188 187 188 188 188 188 186 184 184 186 188 188 187
 187 186 186 187 187 186 184 183 182 185 180 179 181 180 179 179 178 179
 181 179 179 178 178 175 176 178 180 180 179 179 179 178 177 174 171 174
 175 173 174 175 171 173 171 171 173 174 176 175 174 174 170 167 167 168
 166 162 162 162 160 158 159 158 157 158 155 158 155 153 158 160 162 170
 171 170 170 170 170 172 174 175 178 179 179 179 181 184 185 184 187 188
 188 188 186 184 181 180 179 180 182 183 183 183 183 182 183 182 180 180
 179 179 179 179 179 179 177 173 171 172 173 172 171 171 173 172 172 171
 171  29]","[ 29  30 193 192 192 192 193 192 193 191 189 191 193 193 193 193 192 193
 194 193 191 190 191 191 190 190 189 190 193 195 193 191 190 190 190 189
 191 192 192 191 190 190 189 191 193 193 191 188 189 191 191 190 190 192
 195 195 193 191 189 187 187 188 188 188 187 185 184 185 187 188 187 185
 187 186 185 186 186 185 185 185 182 183 181 181 184 182 182 181 180 176
 173 177 180 180 176 175 174 175 177 177 177 177 177 177 177 177 172 174
 176 176 172 171 176 171 174 175 177 174 172 172 173 173 172 170 170 169
 166 163 162 161 159 159 160 159 158 159 157 159 157 157 161 160 160 166
 173 172 173 173 173 174 175 175 177 178 179 179 180 184 185 184 186 187
 188 187 185 183 182 182 181 182 184 184 184 183 183 183 183 182 182 181
 180 180 179 179 179 179 176 173 173 174 174 173 172 171 172 171 172 171
 172  30]","[ 31  29 192 193 193 193 194 192 192 191 190 190 191 193 193 193 193 194
 194 192 192 193 193 192 190 189 188 190 194 195 193 189 187 188 189 191
 192 192 191 190 189 188 187 189 191 192 190 187 188 192 193 190 190 193
 194 193 193 191 189 188 187 186 185 184 186 185 184 185 188 189 187 185
 186 185 183 183 183 183 183 184 181 178 182 183 167 138 133 139 146 165
 177 174 181 177 175 177 176 175 176 176 176 175 175 175 172 175 175 180
 178 177 172 174 173 168 172 172 174 172 171 174 172 172 173 172 171 168
 166 165 163 162 160 159 160 158 157 158 158 159 157 158 161 159 159 163
 171 173 175 175 175 175 176 176 176 178 179 179 180 183 184 183 184 185
 186 185 184 183 183 183 183 184 186 186 184 183 183 183 182 182 183 182
 182 181 180 180 180 179 176 174 174 176 175 173 172 171 171 170 171 171
 172  29]","[ 30  29 193 194 194 194 194 193 193 192 190 189 189 192 193 193 194 194
 193 191 191 193 193 191 190 188 188 191 194 195 192 189 188 188 189 191
 192 191 190 190 190 188 187 187 189 190 190 189 189 192 194 192 190 190
 189 188 192 191 190 188 187 185 183 182 184 183 183 186 189 190 188 187
 186 185 183 182 181 180 180 180 184 187 183 164 125  99  96  98 106 133
 164 177 174 174 177 177 176 175 175 176 176 175 175 176 177 174 175 181
 172 167 161 163 166 176 177 173 171 169 165 167 172 172 171 171 168 166
 166 167 166 165 163 161 160 157 155 155 156 157 155 154 157 159 160 162
 169 173 176 176 176 176 176 177 177 179 180 180 181 182 182 182 184 184
 184 184 184 184 184 185 185 186 186 186 185 184 183 183 182 182 183 183
 183 182 182 181 181 180 178 176 176 176 174 172 174 172 172 170 172 172
 171  29]","[ 29  29 193 195 194 193 194 194 194 193 190 188 188 190 192 192 192 192
 190 188 189 191 191 190 188 188 189 191 193 193 192 191 191 189 188 188
 188 188 188 189 188 188 187 187 187 188 189 189 188 190 192 193 191 188
 187 188 189 189 188 187 186 185 184 183 183 183 183 185 188 189 188 187
 187 185 184 184 182 180 178 177 176 179 168 149 108 105 107 104  99  95
 125 173 172 176 176 174 174 174 174 175 176 176 177 178 174 175 175 151
 107  90  91 101 127 161 169 172 171 175 172 172 172 172 171 170 167 165
 166 168 167 167 164 162 161 158 155 155 156 158 156 153 155 161 162 161
 168 174 176 176 177 177 176 178 178 180 181 182 182 182 182 182 186 185
 184 185 186 187 187 187 187 186 185 185 185 185 183 182 183 183 183 183
 182 182 182 182 181 181 180 179 178 177 175 173 176 174 174 172 174 173
 172  28]","[ 29  29 194 196 194 192 193 193 193 192 190 189 189 189 190 190 191 190
 189 189 190 192 192 192 191 191 192 192 192 191 191 192 193 191 188 186
 186 186 187 188 187 188 188 188 188 188 188 189 189 189 191 194 193 189
 187 188 187 188 188 186 184 182 182 183 184 184 184 185 187 187 187 186
 186 184 184 184 183 181 178 176 178 179 167 157 112 111 107 100  99  86
 106 148 182 175 172 173 176 176 176 175 175 176 176 176 174 175 166 125
  90  87  96 101 107 145 163 170 168 173 170 170 171 171 171 170 168 167
 166 167 166 166 164 163 163 161 158 158 158 161 160 158 159 163 164 161
 167 174 176 175 177 177 176 177 180 181 182 183 183 183 183 183 185 185
 185 186 187 188 188 188 188 186 184 183 185 185 184 183 184 183 182 182
 182 182 182 182 180 180 180 180 180 178 177 176 177 175 175 173 174 173
 172  28]","[ 30  29 193 195 194 192 193 193 192 191 191 192 192 191 189 189 192 190
 190 192 193 192 192 193 193 193 193 192 190 188 189 191 193 193 190 187
 186 187 188 188 188 188 188 188 188 188 188 189 189 189 191 192 191 189
 188 187 187 188 187 185 182 180 182 184 186 186 187 187 187 187 186 186
 185 183 182 183 183 182 179 177 176 180 174 162 116 116 114 101  96  96
 107 123 178 173 172 175 177 179 179 176 175 176 176 174 174 180 162 107
  86  89  96 103 107 125 161 172 170 171 170 171 170 172 171 170 169 169
 168 167 166 166 165 164 165 163 160 160 160 160 161 161 161 163 164 162
 166 174 176 175 178 178 176 178 182 182 182 184 184 184 183 183 183 184
 185 186 186 186 187 187 188 186 183 183 184 185 185 184 184 182 181 181
 182 183 183 182 180 179 178 179 180 179 179 178 177 175 175 173 173 173
 172  29]","[ 29  27 190 192 192 192 192 193 191 190 192 196 196 192 189 188 192 190
 191 194 194 190 189 191 190 189 189 189 188 187 189 192 192 193 191 187
 186 188 189 187 189 187 186 185 185 187 188 188 187 188 189 189 189 190
 189 187 186 187 187 184 181 181 184 187 187 188 189 189 188 187 187 186
 186 184 182 183 184 183 180 179 179 174 174 173 127 114 110 102 100 100
 100 116 157 176 177 174 175 179 179 176 175 177 177 175 171 178 154  98
  92  94  94 101 104 103 156 174 173 170 166 168 171 172 171 168 168 170
 170 167 166 167 166 165 166 163 160 161 160 157 158 161 161 162 164 165
 166 175 177 176 181 181 178 180 184 183 183 184 184 183 182 182 182 184
 187 187 186 186 186 188 188 186 183 182 183 185 186 186 182 180 180 180
 183 184 184 183 180 178 176 176 179 179 179 178 178 175 175 173 173 173
 173  30]","[ 29  28 190 190 189 191 192 192 191 191 192 195 196 194 191 189 191 191
 191 191 191 190 189 188 186 188 190 191 190 188 191 196 195 191 188 188
 189 189 188 188 187 186 186 186 187 187 188 189 188 186 186 187 189 189
 188 188 186 187 187 186 186 185 186 187 186 188 187 186 188 188 187 187
 186 184 182 182 182 182 180 179 176 179 181 180 150 115 108 105 100 102
 101 105 127 172 178 176 176 176 176 175 175 178 178 175 172 177 156 104
  95  93  95  95 101 101 139 169 166 173 173 168 168 167 168 170 171 170
 170 170 167 163 163 166 167 163 161 162 160 157 157 159 160 160 161 163
 164 172 179 179 177 178 182 184 183 181 180 181 182 182 182 182 183 185
 187 188 187 185 183 181 183 185 188 186 183 184 185 184 181 181 181 181
 181 182 183 184 181 180 179 179 179 177 176 175 177 174 173 174 176 176
 176  29]","[ 30  28 188 188 187 189 191 191 192 192 192 192 193 194 193 190 190 190
 190 190 190 190 190 190 187 187 188 190 191 190 192 194 194 192 189 189
 189 188 187 187 188 187 187 188 187 187 187 188 187 186 186 187 188 189
 188 187 185 185 186 186 186 185 185 186 183 185 185 186 189 188 186 185
 184 183 182 181 182 181 180 179 178 174 175 181 162 125 108 103 104 106
 106 105 111 153 179 174 176 176 177 175 173 175 176 174 173 172 152 102
  96  96  94  95  93  96 130 163 165 171 173 171 168 167 168 169 168 168
 168 169 168 164 162 163 164 163 162 163 161 159 157 158 160 160 162 164
 164 171 177 178 177 179 181 183 181 182 183 183 182 181 181 181 184 186
 188 189 189 188 186 184 182 184 187 186 183 184 185 184 181 181 182 183
 183 183 183 184 181 180 180 180 179 178 176 176 178 176 175 176 178 177
 176  29]","[ 30  28 189 188 189 190 192 191 190 191 190 188 189 192 193 191 189 189
 189 189 190 191 193 194 189 187 187 190 192 192 191 191 193 191 190 190
 189 188 187 186 188 189 188 188 186 186 186 186 186 187 187 187 187 188
 188 186 186 186 188 188 188 187 186 185 184 184 183 184 186 184 181 181
 182 182 181 181 181 181 180 180 175 176 174 173 167 149 128 118 107 108
 112 114 107 135 174 172 176 176 177 175 172 172 174 173 174 169 151 103
  97  98  97 100  97  99 122 160 171 174 174 169 172 171 169 167 165 163
 163 164 167 165 162 162 163 162 162 162 162 159 158 159 160 160 162 165
 166 171 177 178 179 180 182 182 181 184 186 184 182 182 183 184 184 186
 188 189 188 187 186 185 183 184 186 186 184 184 185 184 184 184 184 185
 186 185 184 183 182 181 181 181 180 179 178 177 178 176 175 177 178 177
 176  28]","[ 29  28 191 192 193 194 193 190 188 189 188 186 187 190 192 192 190 190
 190 189 190 191 193 194 190 189 190 192 192 191 190 189 190 190 190 189
 189 188 188 188 189 189 188 186 185 185 185 184 186 187 187 184 184 187
 187 186 188 189 189 190 189 188 186 184 185 185 183 182 183 181 180 182
 181 181 180 180 180 180 180 179 181 176 171 167 164 145 122 117 114 113
 113 110 104 122 161 174 176 176 176 175 172 172 174 173 170 172 160 116
 108 105 105 104 104 111 126 164 177 174 176 174 171 169 167 165 164 164
 165 166 165 166 166 164 163 163 162 160 161 159 159 161 162 161 163 165
 168 172 177 180 180 181 182 182 182 185 186 184 182 184 186 187 185 186
 187 188 186 184 183 183 185 185 187 187 185 185 186 184 187 187 186 187
 186 185 184 184 184 183 182 182 181 180 179 179 177 175 175 176 178 177
 176  29]","[ 29  29 191 194 194 194 193 190 188 187 187 187 188 189 191 193 193 193
 192 190 189 188 188 189 190 191 193 193 191 189 188 189 190 190 189 189
 188 189 189 189 191 189 187 186 186 187 186 185 186 187 186 183 182 185
 187 187 189 188 188 189 188 187 185 183 185 186 185 183 182 181 182 186
 181 181 180 179 179 179 179 179 175 174 173 172 171 157 133 122 117 120
 115 104 104 114 140 174 177 175 175 175 173 174 175 173 170 175 159 115
 106 104 110 106 103 107 111 150 173 171 172 170 172 170 167 165 165 166
 167 167 165 167 168 166 164 162 161 160 159 158 160 163 164 163 163 164
 166 171 176 179 179 180 181 182 181 184 184 183 183 186 188 187 186 187
 188 188 186 184 184 184 186 186 187 187 186 186 186 184 187 186 185 185
 184 183 183 184 185 184 182 182 181 181 180 180 179 177 176 178 180 179
 177  30]","[ 30  29 191 191 191 191 190 188 188 187 186 188 188 189 191 193 193 192
 191 190 189 188 188 188 189 192 193 192 189 188 188 189 190 190 189 188
 187 188 189 189 191 189 187 186 188 190 189 186 187 188 187 185 183 185
 188 189 188 187 186 186 186 186 184 183 183 186 186 182 180 179 180 183
 182 181 179 178 178 179 179 178 173 176 175 173 173 166 144 117 112 112
 108 103 106 101 115 171 179 176 176 176 175 175 176 174 172 172 155 109
 100 100 106 103 106 108 107 145 172 174 176 174 175 172 169 166 165 166
 166 165 167 168 168 166 163 162 162 162 158 158 161 164 165 163 163 164
 165 170 175 179 179 179 180 181 179 181 183 184 186 188 188 186 185 185
 186 187 186 185 186 188 187 186 187 187 186 186 185 184 184 183 183 182
 182 182 183 184 185 183 182 181 181 180 180 181 181 179 178 179 181 179
 179  31]","[ 30  29 190 189 188 188 188 187 188 187 186 185 186 188 190 191 191 190
 189 189 189 190 190 190 190 191 191 189 187 187 188 189 190 190 189 187
 187 188 188 188 190 189 188 187 188 190 188 184 185 187 189 189 187 186
 188 189 188 186 184 183 183 184 183 182 182 186 185 180 178 179 181 183
 183 181 179 177 178 179 179 179 179 173 172 178 176 169 153 126 123 118
 111 110 109 103 114 172 179 176 175 176 175 175 176 174 170 168 162 115
 103 101  97  97 102 111 116 148 167 166 172 177 171 171 169 166 166 167
 169 169 168 167 166 165 164 163 162 161 160 160 161 164 164 162 162 164
 167 170 175 179 180 179 179 179 179 180 182 185 187 188 187 186 183 183
 184 186 185 184 186 189 188 186 186 188 186 186 186 184 181 182 183 183
 182 182 183 184 185 184 182 181 181 180 181 181 182 180 179 180 181 179
 178  29]","[ 29  28 190 190 188 188 188 187 188 188 186 183 183 187 189 189 191 189
 188 187 188 188 189 189 192 191 189 186 186 187 188 188 190 190 189 187
 187 188 188 187 188 189 188 187 187 187 185 181 182 185 189 191 189 186
 186 187 189 186 182 181 181 182 182 181 183 186 184 178 178 183 187 189
 183 181 178 177 178 179 179 179 178 176 175 178 173 172 163 127 120 122
 118 114 107 109 115 151 176 174 174 174 173 173 174 174 172 165 164 112
  95  95  89  99 104 110 115 149 170 170 170 169 171 172 171 167 165 165
 167 167 168 166 164 165 165 164 161 160 162 161 161 162 162 161 162 165
 169 171 174 178 180 179 177 176 179 179 180 183 186 186 186 187 182 182
 183 184 184 183 184 188 188 186 187 188 187 187 186 185 181 183 185 185
 184 183 183 185 186 184 182 182 181 181 181 182 181 180 180 181 182 180
 177  28]","[ 29  29 189 187 187 188 187 187 186 188 190 190 189 189 189 190 188 189
 189 189 188 187 187 186 188 188 188 187 187 188 190 191 190 191 190 188
 187 187 186 185 186 187 187 187 187 187 186 186 185 185 189 190 184 181
 185 188 185 184 183 182 181 180 180 181 183 182 181 180 178 178 181 184
 183 181 179 178 179 180 180 179 178 177 176 177 175 171 169 147 128 127
 127 124 122 119 122 135 169 172 173 168 172 176 174 172 173 173 169 115
 107 103 100  95 107 109 114 142 168 169 173 169 170 169 170 169 167 168
 168 166 164 163 163 164 165 164 163 162 163 160 160 162 162 161 162 164
 167 170 175 180 180 177 175 176 179 180 181 182 184 186 186 184 184 182
 181 182 183 186 187 188 187 186 186 187 186 184 185 186 185 185 186 185
 186 186 186 185 185 184 182 179 180 182 182 180 181 177 178 184 181 177
 173  30]","[ 29  30 189 189 189 189 188 187 183 187 190 191 189 188 188 188 190 190
 189 188 188 187 187 187 188 188 187 187 186 188 189 190 189 189 189 187
 187 186 186 185 185 186 187 187 188 188 187 185 186 186 190 191 187 186
 187 185 185 183 182 182 181 181 181 182 182 181 181 181 180 180 180 181
 183 182 180 179 180 181 179 178 176 177 177 176 174 171 172 153 133 132
 131 129 129 127 121 124 160 168 170 172 173 172 171 176 171 172 166 117
 111 107 103 100 110 113 110 131 165 168 172 169 169 169 169 169 168 169
 171 169 166 164 162 162 164 166 166 165 162 159 157 159 161 161 163 166
 166 168 173 179 181 179 176 176 178 180 182 183 184 187 188 188 185 184
 185 185 186 187 187 187 187 186 186 186 185 183 184 185 188 188 187 186
 185 186 186 186 184 183 181 179 178 179 180 180 179 182 183 183 180 180
 174  28]","[ 29  29 189 189 189 188 188 187 189 191 191 189 186 185 187 189 191 190
 189 187 187 187 188 188 187 188 187 187 187 188 188 189 189 189 188 188
 187 186 185 185 185 185 186 187 188 188 186 183 185 185 187 188 187 188
 187 184 185 182 181 182 182 181 181 182 182 181 180 180 180 180 180 180
 181 180 180 179 180 180 178 176 176 177 178 176 174 172 173 159 137 135
 134 132 133 132 123 119 144 166 169 171 170 172 172 174 172 171 155 111
 109 108 107 109 113 118 113 128 168 172 172 168 168 168 169 168 168 170
 172 170 166 164 160 159 161 165 165 163 160 157 155 158 160 162 164 167
 167 167 171 178 182 181 179 178 182 184 185 185 184 184 186 187 185 185
 186 186 186 186 186 186 187 187 186 186 186 185 185 186 188 188 187 185
 185 186 186 186 187 186 184 183 181 179 179 180 181 184 182 180 180 180
 174  29]","[ 29  28 189 188 188 187 187 187 194 193 191 186 184 185 188 190 189 188
 187 186 187 188 189 189 188 188 188 188 188 188 188 189 190 188 188 189
 188 185 184 185 187 187 187 187 187 186 184 182 183 184 184 182 181 185
 186 184 185 182 181 182 182 181 181 183 185 181 178 178 178 179 179 180
 179 179 179 179 180 180 178 177 178 178 180 178 177 174 173 160 138 136
 135 132 131 131 126 125 135 166 167 170 170 176 173 169 169 169 148 113
 112 108 105 107 110 116 113 130 167 173 170 167 169 169 169 169 168 170
 172 170 167 165 161 158 160 162 162 160 158 157 157 159 161 163 165 167
 168 167 170 176 181 182 181 180 184 185 185 183 181 180 181 182 185 185
 185 184 184 185 186 188 187 187 188 188 188 187 187 187 185 185 185 185
 184 185 186 186 187 186 185 186 185 182 180 181 182 181 179 180 182 177
 167  30]","[ 30  28 188 187 187 187 187 188 191 191 189 186 185 187 188 188 187 186
 185 185 186 187 188 189 188 187 187 188 188 188 188 188 188 187 187 188
 187 185 184 185 188 189 188 187 185 184 183 181 183 186 184 179 178 180
 182 182 183 182 182 183 182 181 182 185 186 183 179 178 178 179 179 179
 180 180 179 179 180 180 179 178 178 177 179 179 181 178 173 160 140 135
 135 133 130 128 126 128 133 164 167 173 172 175 172 171 169 168 141 116
 113 107 103 106 109 114 114 135 163 171 170 170 169 169 171 170 170 171
 172 170 168 167 165 163 162 163 162 160 158 158 158 159 159 160 164 167
 167 166 168 173 178 180 181 182 181 181 181 181 180 179 180 180 185 185
 185 185 184 184 186 188 186 187 187 188 188 188 187 186 182 184 185 186
 186 186 187 186 184 182 182 184 185 183 182 182 180 180 181 182 180 168
 157  28]","[ 30  27 187 186 187 186 187 188 192 191 188 185 185 188 189 188 187 186
 184 184 185 187 187 187 187 186 186 187 187 187 186 187 186 186 187 187
 187 186 185 185 187 187 187 185 183 183 182 182 185 189 188 182 179 179
 179 180 181 182 182 182 181 181 183 186 185 182 180 180 180 180 179 179
 180 180 179 179 179 179 179 178 174 172 175 176 180 177 171 160 144 135
 134 134 131 126 122 122 129 159 168 171 170 173 171 171 170 166 133 116
 109 103 102 106 112 116 121 138 165 170 168 166 168 168 170 170 169 171
 171 169 166 165 165 165 166 165 163 161 158 158 157 156 154 155 160 164
 166 165 167 172 177 179 181 183 181 180 180 181 181 181 181 181 183 184
 185 186 185 185 185 186 186 187 187 187 187 187 186 185 182 185 186 187
 187 187 187 187 186 184 182 183 184 184 184 183 181 181 181 174 166 157
 153  28]","[ 30  28 187 187 189 188 187 188 193 192 189 185 184 187 188 188 187 186
 184 184 185 186 186 187 187 185 184 186 187 186 186 187 186 187 188 187
 187 186 185 184 186 186 185 184 184 184 184 183 184 188 187 183 182 181
 179 180 181 182 183 181 180 181 183 183 182 181 180 180 180 180 179 179
 179 179 179 178 178 178 178 177 173 171 173 172 176 174 170 164 150 138
 135 135 131 126 121 121 126 148 163 166 169 172 171 169 165 162 129 122
 112 105 103 106 113 118 123 132 169 169 166 162 167 167 169 169 168 169
 170 168 165 163 163 166 167 165 162 161 159 159 158 156 154 154 157 159
 164 163 166 172 178 180 181 182 183 182 182 183 182 181 180 181 179 181
 184 185 185 185 184 184 186 187 187 186 186 187 186 185 182 184 186 186
 186 186 186 187 188 187 186 185 184 185 184 183 182 176 171 162 155 153
 153  30]","[ 31  28 188 190 192 190 188 188 186 189 190 187 187 188 187 185 187 185
 184 183 184 186 187 187 187 185 184 186 186 185 186 187 187 188 188 187
 186 186 184 182 187 186 185 185 186 187 186 184 182 185 183 181 183 182
 180 181 182 184 183 180 179 181 181 180 180 179 179 179 179 178 179 180
 179 179 179 179 179 179 179 178 176 173 174 171 174 172 171 169 155 143
 138 135 130 127 126 126 128 137 153 166 173 171 168 171 168 163 127 123
 112 107 110 115 116 121 123 123 173 174 172 169 167 168 169 168 167 169
 170 167 167 164 163 167 169 166 162 161 161 161 161 160 158 157 157 158
 162 161 164 172 179 181 180 180 182 181 182 183 182 180 179 181 178 180
 182 184 185 185 185 185 186 186 186 185 185 187 187 186 181 183 184 183
 183 184 186 186 183 186 187 186 186 186 185 184 179 166 160 156 155 155
 153  28]","[ 30  29 188 189 191 189 189 187 188 187 190 190 187 187 189 187 187 187
 186 186 187 187 187 186 188 186 186 187 188 188 187 187 187 187 188 189
 187 184 183 184 186 187 188 188 186 186 186 183 182 182 180 180 182 181
 180 182 183 184 183 180 178 179 181 183 181 180 179 177 177 178 179 179
 180 177 176 176 177 179 180 178 175 175 174 172 171 172 171 169 158 139
 138 136 130 130 127 128 128 134 157 170 169 169 167 166 164 152 125 120
 112 113 111 112 113 123 124 121 169 174 169 168 168 169 170 169 168 167
 167 167 167 165 164 164 166 165 164 162 162 163 163 161 160 160 161 161
 161 160 164 173 178 178 179 182 182 182 182 183 183 182 181 181 181 183
 183 183 184 186 187 187 184 186 187 186 186 188 187 185 187 186 184 183
 184 187 187 185 186 185 185 185 186 187 183 176 162 158 156 154 154 153
 152  29]","[ 29  29 187 188 189 188 189 187 186 186 189 189 187 188 189 187 187 189
 189 187 184 184 186 189 187 186 185 185 186 187 188 188 189 188 187 187
 189 189 186 183 183 183 185 184 182 182 183 181 179 182 181 179 180 181
 181 182 182 181 180 179 179 179 180 180 178 179 179 179 178 177 177 176
 179 176 174 174 174 175 177 175 176 175 173 171 170 169 170 170 163 141
 137 137 132 128 120 118 124 126 156 171 167 167 168 167 168 150 122 120
 115 115 111 112 114 112 118 124 163 166 168 168 170 169 169 168 168 167
 167 167 167 164 162 160 161 163 164 164 163 163 161 160 161 162 162 161
 159 161 166 173 176 177 178 181 180 181 182 183 184 184 184 185 182 183
 182 182 183 185 186 185 185 187 188 187 187 188 189 188 185 185 183 182
 183 185 185 184 186 181 182 185 184 177 167 158 155 153 152 152 154 153
 152  28]","[ 29  29 188 188 188 187 188 188 187 186 188 189 189 190 190 188 188 188
 187 186 185 185 186 187 187 187 187 186 187 189 189 188 186 188 188 187
 187 189 188 186 184 183 184 185 185 185 185 181 179 184 184 180 179 181
 182 182 182 180 180 181 182 181 180 180 174 175 178 181 180 178 177 178
 178 175 174 174 173 175 177 177 176 174 172 170 168 167 168 170 153 132
 129 132 128 122 116 118 123 120 147 167 165 168 169 168 167 144 115 115
 115 117 114 116 115 115 111 116 160 169 169 171 170 169 167 167 167 167
 166 165 167 165 162 159 159 161 163 164 163 162 161 160 159 160 161 162
 161 164 168 172 174 176 178 180 179 180 181 182 181 182 182 183 183 183
 183 183 184 186 186 184 186 187 187 186 185 187 188 188 184 185 185 183
 183 184 184 183 184 184 187 187 179 168 160 156 152 150 151 151 153 153
 152  29]","[ 29  30 188 188 188 186 188 188 188 188 187 188 189 190 190 188 187 186
 186 186 187 187 186 185 187 188 188 187 187 189 189 186 184 187 189 188
 186 186 187 187 186 183 183 186 189 190 187 181 183 187 186 182 181 182
 182 182 181 179 180 183 184 182 180 180 173 175 178 181 180 176 176 179
 178 176 175 174 173 174 176 176 175 174 173 171 168 166 167 169 159 137
 130 132 128 122 120 125 124 120 134 159 166 169 170 168 165 139 113 112
 113 118 119 122 120 120 111 117 160 169 169 171 171 170 168 167 167 166
 166 165 168 166 163 160 159 161 162 162 162 163 163 161 158 158 160 162
 164 166 167 168 171 175 178 178 179 180 180 180 180 180 180 180 181 182
 183 184 185 186 186 185 186 187 187 185 184 185 186 187 184 185 185 183
 182 182 183 183 180 183 183 175 164 158 158 157 153 152 152 150 152 152
 153  30]","[ 30  29 189 188 188 186 188 187 187 187 185 185 186 188 187 186 185 187
 187 187 186 185 186 187 186 187 186 184 184 187 187 185 188 187 187 188
 187 185 184 185 184 181 181 184 186 187 185 181 187 188 186 184 184 182
 181 182 179 178 179 182 182 179 178 179 177 177 178 179 176 173 173 176
 180 178 176 174 171 171 172 171 174 174 174 173 171 168 167 168 164 139
 125 126 125 120 118 120 124 126 126 154 168 169 169 167 164 140 119 114
 114 118 120 124 130 122 121 137 162 165 170 172 172 172 170 169 168 167
 166 166 167 165 163 160 161 163 163 162 163 163 163 162 161 160 160 162
 165 166 165 165 169 176 177 175 179 179 180 181 183 184 183 181 179 180
 181 181 181 182 185 187 188 189 188 186 184 184 185 186 183 183 183 181
 180 181 181 180 178 174 168 160 154 154 154 151 153 153 153 151 152 152
 153  30]","[ 29  29 187 187 188 186 186 185 185 186 184 183 186 187 186 187 190 188
 185 184 185 187 187 187 187 186 183 180 180 184 186 187 187 186 186 186
 184 180 181 183 183 182 183 183 181 181 184 185 188 187 185 184 185 183
 181 182 178 178 178 179 178 176 176 177 180 179 178 177 175 173 174 176
 179 177 176 174 171 171 171 170 173 174 174 173 172 171 169 167 165 144
 130 129 130 125 123 124 122 131 128 152 168 168 166 165 159 137 124 120
 117 118 120 123 130 128 124 140 162 167 171 173 172 172 170 168 167 166
 166 166 166 166 163 161 162 165 166 165 163 161 160 162 163 163 162 161
 164 165 164 165 170 176 177 174 180 180 181 182 184 186 184 181 180 180
 179 179 178 180 184 189 189 189 188 187 185 184 185 185 183 183 183 182
 182 181 179 175 172 163 157 156 156 154 152 149 151 152 154 152 153 153
 153  30]","[ 29  29 187 188 189 187 186 183 183 186 186 185 187 187 187 189 192 186
 181 181 186 189 187 184 188 185 182 180 180 182 185 187 185 186 186 184
 181 180 182 185 183 183 184 184 181 180 184 186 186 187 185 183 183 183
 181 181 179 179 178 177 176 176 177 178 179 179 178 177 176 176 176 176
 178 176 175 175 173 173 173 172 172 173 171 169 169 171 170 167 165 151
 137 135 134 129 126 125 124 131 133 152 163 169 164 164 154 132 124 123
 120 118 119 123 123 129 122 138 163 170 170 171 172 170 167 165 165 166
 166 166 165 167 166 163 163 165 167 166 161 160 160 162 163 162 162 162
 164 165 165 165 169 175 178 177 181 182 182 181 182 184 182 179 181 181
 180 180 179 180 183 187 188 188 187 187 186 185 185 185 185 185 184 184
 184 180 173 166 158 154 154 156 154 152 151 149 150 152 154 152 153 153
 153  29]","[ 30  29 187 189 191 188 186 182 183 187 187 186 188 188 187 190 188 185
 181 182 185 187 186 184 187 185 183 181 181 181 183 185 187 186 183 181
 182 186 186 185 183 180 181 183 182 181 182 182 185 188 186 182 182 183
 181 179 180 180 178 176 176 178 179 179 179 179 178 177 176 176 175 173
 177 175 175 174 172 172 172 171 171 171 168 164 166 170 170 166 164 150
 136 135 139 137 132 127 129 130 136 150 158 172 164 162 155 130 123 124
 122 117 116 122 126 127 131 156 170 171 173 171 172 169 165 163 164 166
 167 167 164 167 169 165 163 163 164 163 160 161 163 164 162 160 162 165
 164 165 165 163 165 172 178 181 179 181 181 180 181 183 182 180 181 181
 181 182 182 181 182 184 187 187 187 188 188 187 186 186 184 184 184 184
 183 177 165 155 152 153 155 154 152 152 152 149 152 153 154 151 151 151
 152  29]","[ 30  29 189 189 190 189 187 186 185 186 185 183 185 187 188 190 189 187
 184 182 184 187 188 186 186 185 184 183 181 181 182 184 186 186 187 187
 185 183 183 184 182 181 181 182 182 182 182 183 183 184 183 182 182 182
 182 181 179 179 177 176 178 180 180 178 175 176 178 178 176 175 174 174
 176 176 174 172 171 172 172 172 174 170 172 170 168 169 166 167 165 155
 132 129 135 136 138 137 134 135 135 141 157 166 164 166 146 125 123 125
 121 118 115 121 127 129 130 158 164 169 172 170 171 169 167 166 166 167
 168 168 167 166 165 164 163 162 162 161 163 162 161 162 161 160 162 165
 166 166 167 164 163 171 180 180 180 181 182 182 181 180 180 180 177 180
 182 182 182 182 182 182 183 186 188 187 186 186 186 186 184 183 184 180
 169 156 150 151 153 154 154 153 152 152 151 150 150 152 154 152 151 150
 151  29]","[ 29  29 190 191 191 189 188 187 187 187 186 185 187 188 188 188 189 185
 181 180 183 187 186 182 184 184 183 183 182 182 184 186 186 187 187 187
 184 181 181 182 182 182 182 183 183 182 182 182 183 182 181 180 179 178
 179 179 179 180 179 179 179 179 177 174 173 175 176 177 176 175 175 175
 170 172 172 171 172 173 172 171 170 169 171 168 168 170 167 167 163 160
 131 130 132 129 132 137 135 133 134 141 156 167 166 167 140 125 127 128
 122 119 117 123 123 125 130 158 164 166 170 170 169 168 167 167 168 169
 168 167 163 164 164 164 164 164 163 163 162 161 161 163 162 162 163 165
 167 167 168 165 163 170 179 181 180 181 182 181 181 182 183 184 181 183
 183 182 182 182 183 184 186 183 183 186 187 185 185 186 181 182 177 165
 153 147 145 145 151 150 150 151 152 152 151 149 150 151 154 153 152 151
 151  29]","[ 29  29 191 191 191 189 188 188 187 187 186 185 187 188 186 186 186 185
 184 184 185 186 187 187 186 185 185 184 183 182 184 186 186 187 188 186
 183 180 180 181 182 182 183 184 184 182 180 180 180 179 179 178 177 176
 177 178 179 180 180 179 178 176 175 173 173 174 175 176 175 175 174 173
 175 175 174 172 171 171 170 169 165 168 169 166 167 169 165 165 164 164
 129 128 133 131 131 132 135 129 126 127 142 160 162 156 131 124 128 127
 119 116 116 122 125 124 132 161 166 166 167 167 166 166 166 168 170 170
 168 166 163 163 164 164 165 165 165 165 163 161 161 162 162 162 163 166
 168 167 167 165 164 169 177 180 181 181 181 181 181 184 186 186 183 184
 184 183 182 183 183 184 184 183 183 184 183 180 181 184 178 170 160 153
 149 147 149 151 152 148 146 147 149 150 150 151 150 151 153 152 152 151
 151  29]","[ 28  29 191 191 190 188 187 188 186 187 186 185 186 186 185 185 183 183
 184 185 185 184 185 186 187 187 187 186 184 183 183 185 186 186 186 184
 181 180 180 180 180 181 182 183 182 180 179 179 177 178 179 177 177 178
 178 178 179 179 178 176 174 174 175 175 175 175 175 174 174 173 172 172
 168 170 171 170 170 170 169 167 165 167 167 166 167 166 162 162 167 162
 133 121 116 113 117 120 119 119 120 119 132 156 156 137 124 121 124 121
 116 116 118 123 127 125 137 163 168 169 167 164 165 165 165 166 168 168
 167 165 162 162 163 164 165 165 166 166 164 163 161 161 161 162 163 165
 168 166 164 165 166 169 175 178 181 181 180 180 181 183 185 185 182 183
 183 183 183 183 183 183 182 185 186 184 182 181 180 178 170 160 151 150
 151 149 148 150 152 149 148 149 150 149 149 151 151 151 152 150 151 150
 151  29]","[ 29  29 191 190 190 188 186 187 185 188 187 185 185 184 184 185 185 183
 182 185 187 186 184 182 183 184 186 186 185 184 185 186 186 185 183 181
 180 180 180 179 180 181 181 181 180 179 179 179 178 180 179 176 175 179
 180 178 179 179 177 175 173 172 174 175 176 175 174 173 173 173 173 173
 163 167 170 172 172 172 169 167 167 166 164 165 166 164 162 161 164 138
 118 104 100  99 105 110 109 111 114 110 117 138 140 123 118 114 113 111
 111 114 117 121 123 124 144 165 167 169 167 164 165 164 163 163 165 166
 166 165 161 161 161 162 163 164 166 166 163 163 162 162 162 162 162 162
 165 165 165 166 167 168 173 178 181 181 180 179 179 181 182 182 181 182
 183 183 183 184 185 185 185 186 187 188 187 184 175 167 155 155 154 151
 150 151 149 147 149 149 152 154 153 149 149 151 152 151 152 150 150 150
 151  29]","[ 30  29 191 189 189 188 186 186 184 187 187 184 183 182 182 185 184 184
 185 186 187 187 187 186 182 183 185 185 184 183 184 185 186 185 183 181
 181 182 181 180 180 181 181 179 178 179 179 180 180 181 179 174 173 177
 179 177 179 179 178 177 174 172 172 173 174 173 172 172 173 174 175 175
 172 173 172 171 170 170 169 168 168 164 161 163 163 162 161 156 138 100
  91  89  97  98  99 100 106 103 105 100 100 114 122 120 115 109 104 102
 104 108 112 116 120 125 152 167 163 164 164 164 165 164 162 162 163 165
 166 166 165 164 163 162 162 162 163 164 162 163 164 165 164 163 161 160
 162 165 166 165 165 166 172 179 179 179 180 179 179 179 180 180 181 182
 181 180 181 183 185 186 187 186 187 188 183 171 160 154 147 148 149 151
 152 151 149 148 147 148 150 151 149 148 149 153 153 152 152 150 151 151
 152  29]","[ 30  28 188 187 188 187 186 185 184 187 186 183 182 181 180 182 178 183
 185 183 181 182 186 188 184 184 185 185 183 181 182 183 184 184 183 181
 181 183 183 181 180 181 180 178 177 178 179 180 179 178 176 175 175 176
 176 176 177 178 179 179 177 173 172 173 172 172 172 173 174 175 175 176
 174 172 169 166 165 167 169 169 168 164 162 165 163 162 160 145 122 102
 103 103 106 105 105 105  97  95  99 100 101 107 112 114 111 107 101 101
 102 103 109 115 118 122 153 167 162 161 161 164 166 165 164 164 164 164
 165 166 165 165 164 163 162 162 163 163 164 165 166 165 164 162 161 160
 162 164 162 160 164 167 172 178 177 178 179 179 179 180 180 181 180 181
 180 179 178 180 183 185 185 183 181 177 166 154 148 148 149 144 144 149
 150 146 144 145 148 148 147 147 146 147 149 150 152 151 151 150 151 152
 152  29]","[ 30  27 186 185 187 187 185 184 185 187 186 184 183 181 180 181 181 184
 184 181 179 181 184 185 185 185 185 184 183 181 182 184 180 181 182 180
 180 182 183 181 179 180 180 177 176 177 178 179 175 173 174 178 179 177
 175 175 176 177 178 180 178 175 174 175 172 173 173 174 174 174 174 174
 173 173 171 169 168 168 168 167 168 167 168 170 165 165 158 135 119 115
 112 107 109 112 110 104 101  96  96  96  99 104 103 101 101  98  95  97
  99  98 106 116 115 115 147 165 162 162 162 165 166 167 167 166 165 165
 164 164 161 161 161 162 163 164 165 166 167 168 167 164 162 161 162 162
 164 162 155 154 163 170 172 174 175 177 179 180 180 181 182 183 179 180
 181 180 179 179 181 182 183 180 173 162 154 150 149 149 147 149 149 148
 148 148 148 148 147 148 149 149 150 150 147 144 151 150 151 150 152 152
 152  29]","[ 29  29 187 187 186 187 187 185 187 186 185 183 181 179 179 180 180 183
 184 183 181 182 182 182 186 186 185 184 182 181 181 182 181 180 180 181
 182 182 180 179 180 178 177 179 179 178 178 180 178 176 176 179 179 176
 175 178 176 177 179 179 175 171 171 172 172 172 173 172 172 173 175 176
 174 173 171 169 168 168 168 168 168 171 171 164 164 164 148 131 121 117
 113 114 117 119 116 112 102  96  88  85  92  98  96  90  90  89  85  87
  91  93 100 112 109 121 160 166 164 162 163 163 166 167 167 166 164 164
 164 165 168 161 159 163 165 163 162 164 165 165 165 163 160 160 163 166
 166 166 164 161 161 165 170 173 176 179 179 181 182 182 180 181 181 181
 181 180 180 181 182 182 178 166 155 152 152 148 146 147 147 148 148 148
 149 148 147 148 149 150 151 153 155 154 150 146 149 148 148 148 153 154
 152  29]","[ 30  30 187 186 185 187 187 186 186 187 187 185 182 180 180 181 184 185
 186 184 182 182 182 182 181 181 181 181 181 180 179 179 180 180 181 182
 182 181 180 180 181 178 176 178 180 181 179 179 179 177 178 180 180 177
 176 177 175 176 178 179 177 173 171 171 172 172 171 171 170 171 173 174
 173 172 170 168 167 166 166 167 164 162 168 169 162 161 147 128 118 122
 126 126 122 119 117 115 105  92  77  75  83  87  85  83  80  81  76  75
  80  87  95 105 113 118 157 163 161 163 164 165 164 164 164 164 164 165
 166 167 166 161 158 161 163 162 162 164 163 164 164 162 160 160 162 164
 161 164 166 165 163 164 169 173 175 177 178 179 182 182 180 181 183 183
 182 180 179 177 175 173 160 154 150 150 150 148 148 150 147 148 147 146
 147 147 147 149 151 152 152 153 153 153 151 148 149 148 147 148 152 153
 151  29]","[ 30  29 185 184 182 185 186 187 184 186 187 186 183 180 181 183 186 186
 185 183 182 181 181 181 180 179 180 181 182 182 181 180 179 179 180 181
 181 180 180 181 181 177 175 176 179 180 179 179 179 179 180 181 180 178
 176 175 175 175 175 176 176 174 172 171 172 172 172 172 172 172 172 173
 174 173 172 172 170 167 167 168 167 165 166 167 160 161 146 130 123 123
 126 125 121 119 117 112 109  97  80  73  78  81  81  83  81  83  76  68
  69  77  87  97 107 110 155 165 161 163 164 164 166 165 163 163 165 166
 167 167 166 162 160 160 161 162 163 164 163 163 163 162 161 161 161 162
 160 162 165 166 165 165 168 172 176 178 178 179 180 180 179 180 183 182
 181 179 176 171 165 160 148 146 147 148 148 147 146 146 146 147 147 146
 147 147 147 148 152 152 152 151 150 150 149 149 148 147 147 147 150 150
 149  28]","[ 30  29 184 182 179 181 183 183 182 183 184 184 181 180 181 184 184 183
 182 181 180 180 180 179 177 177 178 179 180 181 180 179 179 178 178 179
 179 180 181 182 180 178 177 177 176 176 177 179 179 180 180 179 177 176
 175 173 175 175 174 173 173 173 173 173 173 173 174 175 175 174 173 172
 172 171 171 172 171 168 166 166 166 168 164 166 165 154 129 122 127 126
 127 125 119 115 112 105 107 101  86  76  80  85  85  85  89  91  84  72
  69  73  83  94 107 106 150 163 159 164 162 163 166 165 163 163 163 165
 166 166 168 166 163 162 162 163 164 164 163 162 162 161 161 161 161 161
 163 161 162 164 166 166 167 170 175 179 179 178 179 179 179 180 180 179
 178 175 170 162 155 150 148 147 146 147 148 147 143 140 144 147 147 147
 148 148 147 147 150 151 152 150 149 148 148 149 148 148 147 146 148 147
 148  28]","[ 29  30 185 182 179 181 181 180 182 181 181 180 180 180 181 183 182 181
 180 180 181 180 180 179 176 177 178 178 178 179 179 179 180 178 176 177
 178 180 181 181 181 180 179 177 176 175 176 178 178 179 178 176 175 175
 175 173 175 175 175 173 172 173 174 175 173 173 174 174 174 174 173 173
 173 170 169 171 171 170 168 167 166 167 167 168 156 128  97  93  99 108
 122 127 120 111 106 101 101  95  85  82  90  96  96  95 102 102  97  90
  85  80  81  87  94 101 148 164 159 159 157 161 161 161 161 161 161 162
 165 167 169 167 165 163 162 164 165 165 162 161 160 160 160 160 161 161
 165 162 162 164 166 165 166 168 173 177 179 178 178 179 180 182 180 177
 173 168 161 154 149 147 147 147 146 146 147 147 144 141 145 148 149 148
 149 149 147 147 149 151 152 151 149 148 148 148 148 148 148 146 147 145
 147  29]","[ 29  30 186 186 184 186 186 184 182 180 179 179 180 180 180 181 182 181
 180 181 183 182 180 179 178 179 180 180 179 179 179 179 180 177 176 176
 178 179 179 180 183 180 177 176 176 177 176 175 177 177 177 175 175 175
 175 175 174 175 176 175 173 173 174 174 174 174 173 172 172 173 173 173
 176 173 170 169 171 172 172 170 167 166 168 153 127 106  90  79  79  89
 105 121 127 121 109 102  93  86  85  94 101 104 109 114 113 112 109 111
 112 102  92  90  89  98 136 156 162 165 160 162 159 161 163 162 161 162
 164 167 166 164 163 162 162 163 163 163 162 162 161 161 160 160 161 161
 163 164 166 167 165 163 165 167 173 178 180 179 179 180 180 181 180 174
 166 159 153 149 147 148 145 146 147 146 146 145 146 146 148 151 150 147
 147 148 148 148 147 149 150 149 148 147 147 146 146 146 147 146 147 144
 146  29]","[ 28  29 186 186 186 187 186 184 180 179 179 180 180 180 180 180 180 179
 179 181 183 182 180 178 176 177 178 179 179 177 175 174 177 176 176 177
 178 178 178 179 181 179 176 175 176 177 177 176 176 176 176 177 176 175
 174 174 174 175 176 174 172 172 173 173 174 173 172 171 171 171 171 171
 171 170 168 167 168 170 169 166 163 160 158 130 107 102 105  96  94  92
  93 108 125 122 106  97  83  78  87 102 106 108 116 123 117 116 115 122
 129 123 113 110 110 108 114 126 143 155 155 161 160 162 164 163 162 161
 163 165 163 161 160 161 161 161 160 160 161 162 163 162 161 161 161 162
 162 164 167 166 165 164 165 167 172 177 178 177 179 181 180 180 174 166
 157 152 149 147 146 147 146 146 147 148 147 146 146 148 148 151 150 147
 147 149 149 148 148 148 148 147 146 146 146 145 143 143 146 146 147 145
 146  29]","[ 30  30 185 185 183 183 180 177 176 177 178 180 181 181 180 180 177 175
 176 180 182 181 178 176 175 176 178 180 180 178 174 172 174 174 176 177
 178 178 179 180 179 179 179 177 176 177 179 180 175 175 177 178 177 175
 173 172 174 175 174 171 170 171 172 172 172 172 172 172 171 170 169 168
 167 169 169 167 168 169 167 163 164 155 148 121 110 100 103 104  96  89
  82  90 105 101  88  86  81  77  89 106 111 115 120 121 124 122 120 123
 129 126 119 118 112 117 112 105 105 111 127 151 157 160 162 162 161 160
 161 163 162 160 159 161 161 160 158 158 160 162 163 163 161 161 161 162
 164 164 164 164 165 166 167 167 168 171 173 174 179 183 182 180 164 157
 150 148 148 147 146 146 148 146 146 149 151 150 148 147 146 150 150 148
 148 150 149 148 149 149 147 146 146 146 146 145 140 141 145 146 148 145
 146  29]","[ 30  27 185 182 182 179 181 176 175 175 176 178 180 180 179 178 176 176
 175 177 177 175 174 171 172 176 179 178 176 175 174 174 175 176 177 178
 178 177 177 176 174 177 178 177 176 177 178 179 173 173 174 176 177 177
 174 171 170 173 175 174 172 171 172 173 174 171 170 172 172 169 166 167
 169 168 169 169 167 166 164 162 160 153 137 125 116 109 110 107 103  87
  82  82  87  88  91  86  78  81  89 103 115 117 119 123 128 131 131 130
 130 128 123 121 121 119 114 111 112 108 105 108 132 153 166 165 162 162
 162 162 161 159 160 162 162 158 157 157 160 161 161 161 161 161 161 161
 162 163 164 165 166 167 166 166 164 172 176 174 174 171 163 156 152 152
 152 150 148 147 147 147 145 146 147 149 150 150 148 147 146 147 147 147
 147 148 148 148 147 150 149 146 145 147 147 144 142 143 144 147 147 147
 147  29]","[ 29  28 180 180 180 180 177 174 176 173 171 171 172 173 173 173 173 173
 171 172 173 173 174 173 172 174 175 176 177 178 178 177 177 176 175 174
 173 173 173 173 177 179 180 179 177 175 173 170 170 171 171 171 171 171
 170 169 168 171 173 171 169 169 171 172 173 170 168 170 169 168 168 169
 168 168 167 165 164 166 166 162 155 147 134 128 125 120 117 110 101  91
  88  85  87  89  97  95  88  91  97 106 114 119 121 123 126 128 128 129
 130 131 134 138 135 126 116 113 113 111 106 104 101 122 155 167 162 161
 161 163 163 160 158 159 158 156 156 157 158 158 157 156 157 159 161 161
 162 163 163 162 163 164 165 165 165 172 174 171 167 162 154 149 149 150
 150 148 147 146 146 145 146 146 146 147 148 149 148 148 146 147 147 146
 146 147 147 146 146 148 148 146 145 146 146 144 146 146 145 146 145 145
 146  30]","[ 30  27 167 165 164 169 168 171 171 168 165 164 165 166 168 170 169 169
 165 166 167 168 172 172 176 173 169 168 169 170 167 163 173 171 169 167
 165 164 165 166 169 170 170 169 169 167 164 160 165 166 166 164 162 162
 162 163 164 168 169 166 163 163 163 163 163 161 161 162 162 160 162 164
 162 162 162 159 159 162 162 156 143 137 128 127 129 127 123 115 103 100
 101  96  94  96 103 104  97  96 102 110 114 118 122 121 122 123 125 129
 133 133 136 141 137 125 115 112 111 111 108 104 102 107 143 163 161 162
 161 162 161 159 157 156 155 154 155 157 159 158 156 155 156 157 157 156
 156 159 161 161 161 161 160 159 163 167 168 164 159 154 149 148 147 148
 148 147 146 145 145 144 146 146 146 147 148 148 148 147 146 146 146 146
 147 147 147 145 147 148 148 148 146 145 145 145 146 146 145 146 143 144
 145  30]","[ 29  27 164 161 161 162 159 163 165 163 162 162 163 164 166 167 166 165
 161 161 162 163 167 167 164 161 158 159 163 166 165 162 166 165 164 163
 160 159 159 161 163 163 163 161 161 162 161 160 159 161 161 159 157 155
 155 156 158 161 162 160 158 157 155 152 152 152 154 156 155 153 153 155
 154 155 155 154 154 155 152 146 134 131 127 126 129 130 127 122 108 108
 111 109 105 103 106 106 105 100 106 115 117 118 121 119 117 119 122 127
 133 135 135 137 134 126 121 118 114 114 115 113 111 106 128 152 158 159
 156 151 154 153 153 152 151 151 152 153 156 155 154 153 154 154 152 149
 150 153 156 157 157 157 156 155 164 163 160 155 151 147 145 146 147 147
 147 145 145 145 145 145 145 146 147 148 148 147 147 146 146 146 146 146
 148 148 147 146 147 147 148 148 146 144 143 145 143 144 144 146 145 145
 145  29]","[ 29  28 165 160 162 159 158 161 165 163 162 162 163 163 163 163 164 164
 160 161 161 161 164 163 166 164 162 161 161 161 160 158 164 164 164 164
 162 159 159 161 162 163 162 160 159 160 161 161 158 159 159 156 154 153
 153 153 153 154 154 155 156 156 153 150 149 150 153 154 154 152 152 153
 152 152 153 153 151 149 145 140 135 133 131 130 132 134 133 130 116 112
 110 112 110 108 106 106 107 104 108 112 112 114 115 110 106 111 114 117
 123 130 132 133 133 129 129 126 119 117 119 118 116 114 117 134 145 144
 145 141 144 145 146 145 145 147 148 149 148 147 147 148 149 150 148 145
 148 148 148 148 149 151 153 153 156 154 149 146 146 145 144 145 148 147
 145 143 143 144 145 146 146 146 147 147 147 147 147 146 146 146 145 146
 148 148 147 145 145 145 146 146 144 141 141 143 144 145 144 147 147 147
 147  29]","[ 29  28 164 160 161 158 161 165 166 163 161 161 162 162 162 162 162 163
 161 162 162 161 163 162 164 163 163 163 162 162 162 163 162 162 163 163
 161 157 157 160 161 162 162 160 159 160 160 160 160 160 159 156 154 154
 155 155 154 151 150 152 154 155 154 152 151 151 152 153 153 153 154 155
 154 152 153 153 151 147 142 136 136 134 133 130 132 136 134 132 124 116
 107 108 109 110 107 109 104 105 107 104 103 106 104  97  96 104 108 109
 113 119 123 125 129 128 127 126 122 120 119 118 121 123 116 127 141 142
 145 142 141 142 141 140 141 144 146 147 145 145 144 144 145 147 147 145
 145 144 144 144 146 149 149 149 145 144 142 142 146 147 146 146 146 145
 143 142 142 144 145 145 147 146 146 146 146 147 147 147 146 146 146 146
 148 148 147 145 144 143 144 144 142 140 141 143 147 146 144 146 145 146
 146  29]","[ 28  29 165 167 166 164 164 166 165 162 159 160 161 162 162 162 161 163
 162 163 164 162 164 162 163 162 162 163 162 161 161 162 161 160 161 161
 158 154 156 159 161 162 162 161 161 162 161 159 160 161 161 158 156 156
 157 158 157 153 151 153 155 154 154 155 153 153 152 152 153 154 154 154
 154 152 152 153 152 149 141 131 130 129 129 123 122 127 128 131 130 121
 108 107 107 109 105 106 103 105 106 102  97  92  87  82  88  95 100 103
 109 114 115 116 125 126 125 124 124 123 121 121 118 122 121 133 148 151
 150 145 143 144 142 140 141 145 147 146 147 146 145 144 144 146 147 147
 144 143 143 144 147 149 146 142 144 145 145 143 144 144 143 142 144 144
 144 143 144 145 145 145 146 146 145 146 146 147 147 146 146 146 146 147
 148 148 147 145 143 143 143 143 142 142 143 144 146 146 144 144 143 144
 145  28]","[ 31  29 160 165 160 164 164 168 166 163 160 160 162 162 160 158 161 162
 162 163 164 162 163 162 165 163 162 163 163 162 161 162 163 162 161 161
 157 155 157 162 161 161 160 159 159 160 158 156 158 161 162 161 158 157
 157 158 158 154 153 157 158 156 155 158 156 155 154 154 155 155 154 153
 151 151 152 153 153 151 141 127 122 124 125 116 111 116 123 131 131 125
 112 107 105 106 100  98 101 101 102 101  92  75  65  66  77  79  82  91
 102 109 111 112 122 125 123 121 122 122 121 123 121 122 125 131 139 145
 145 143 145 146 145 143 143 146 147 145 145 145 145 145 145 146 147 147
 147 144 142 143 146 148 145 141 142 146 146 143 142 142 142 143 143 144
 145 146 147 148 147 146 144 145 146 147 148 148 146 144 144 144 145 146
 147 148 147 145 142 142 142 142 142 143 145 145 143 144 144 145 143 143
 144  28]","[ 29  29 163 163 161 161 161 165 162 163 163 163 163 162 160 159 161 162
 164 164 163 161 161 161 166 166 164 163 162 162 161 160 160 162 164 164
 161 158 160 163 161 161 161 160 160 159 160 160 156 158 160 162 162 161
 159 158 158 157 157 159 158 155 153 154 154 154 156 157 156 155 154 155
 154 151 153 153 155 148 140 122 113 115 117 116 114 114 119 125 132 128
 125 117 101 102  89  86  97  99  97  97  86  75  62  59  70  90 100 107
 115 115 114 116 122 122 122 123 124 124 122 120 121 124 124 130 139 145
 147 146 145 147 146 144 142 144 147 148 145 144 145 146 145 145 146 146
 146 141 139 143 146 145 142 140 142 143 144 143 143 143 143 143 145 144
 145 146 147 147 146 146 147 145 144 145 146 146 145 145 144 143 143 145
 146 146 145 145 144 142 143 145 146 146 145 142 141 143 143 144 146 146
 143  30]","[ 29  29 163 163 163 165 165 165 162 163 163 163 163 163 162 161 162 162
 161 161 161 162 163 164 162 162 162 161 161 161 160 159 158 160 163 163
 161 159 160 161 161 161 160 159 159 159 160 161 161 161 162 163 163 163
 163 163 158 157 157 158 158 156 153 153 153 154 156 158 158 156 155 156
 154 151 153 152 153 148 143 131 119 114 115 121 120 114 113 118 124 127
 131 128 111 106  85  77  93  98 100 100  85  68  54  55  70  92 105 111
 115 114 115 120 123 124 126 127 127 126 125 123 123 126 126 132 139 143
 146 146 146 147 146 143 141 142 143 143 143 142 142 142 141 143 145 144
 143 139 138 142 145 144 140 138 141 142 141 141 141 143 144 144 145 144
 144 145 147 148 147 146 146 144 143 144 144 145 145 146 145 144 144 144
 145 145 144 144 144 143 145 146 145 145 145 143 142 142 141 142 142 140
 138  28]","[ 28  29 163 161 163 168 167 166 164 164 165 164 164 164 163 163 162 161
 161 161 162 162 161 160 158 160 161 162 161 161 160 159 158 160 163 164
 163 162 161 162 161 161 160 158 157 157 159 161 163 163 162 162 162 162
 163 163 158 156 156 158 159 157 155 154 152 154 156 158 157 155 154 155
 155 153 154 153 152 147 144 137 128 121 116 118 119 116 114 114 113 117
 121 120 111 106  81  67  72  83  95 103  93  77  66  68  82 101 111 116
 120 118 119 122 126 128 130 130 129 126 125 124 125 127 128 136 143 143
 145 146 146 146 145 143 142 143 142 141 142 141 139 138 137 141 144 142
 141 138 137 141 144 143 140 138 138 139 140 141 141 142 142 141 142 140
 139 140 143 145 145 144 146 145 144 144 143 143 144 146 145 144 143 144
 144 144 143 143 143 143 145 146 144 144 145 144 143 141 140 141 140 136
 136  29]","[ 29  29 162 161 162 167 167 167 167 167 167 166 165 163 162 161 161 161
 162 162 163 162 160 159 159 161 162 162 162 162 161 160 161 162 163 164
 164 164 163 162 162 162 160 158 157 157 159 161 162 162 161 161 160 159
 159 159 158 156 156 158 159 159 158 157 153 154 156 157 156 154 153 154
 154 153 156 154 151 146 138 133 126 121 117 116 116 113 109 106 112 116
 117 115 110 108  86  71  84  95 109 115 105  85  72  71  86 101 109 116
 122 123 125 128 131 132 133 132 129 126 124 123 125 126 128 139 147 147
 146 146 144 144 144 144 144 145 143 141 142 141 140 137 136 141 144 141
 141 138 138 140 143 143 142 141 139 140 140 140 140 140 140 139 142 140
 138 139 143 145 145 144 145 145 144 143 141 140 141 143 143 143 143 144
 145 144 143 143 141 142 144 145 144 143 144 143 140 139 137 138 138 137
 137  30]","[ 29  29 163 164 164 165 164 167 167 167 167 166 164 162 160 158 162 162
 162 161 162 163 165 166 162 163 162 162 161 162 162 161 162 162 162 162
 162 163 162 161 163 162 161 159 158 159 161 163 162 162 161 160 158 158
 158 158 158 157 157 157 158 159 159 159 155 155 156 156 156 154 154 154
 153 153 155 153 150 145 131 125 123 120 122 127 122 110 101 100 104 111
 114 111 104 101  85  71  84  98 115 119 109  90  79  78  88 103 113 120
 124 125 129 132 134 133 132 130 129 127 126 126 126 125 125 137 148 148
 146 145 142 143 144 144 145 146 144 141 141 141 140 138 138 142 143 140
 140 139 139 141 143 143 143 143 141 141 140 139 139 140 141 141 143 141
 139 140 142 145 145 144 141 141 141 141 139 139 140 142 143 143 143 145
 145 144 143 142 141 141 143 145 143 143 142 140 137 137 136 136 137 138
 138  29]","[ 28  29 165 167 166 165 163 165 166 166 166 165 163 161 159 157 160 161
 163 163 162 163 165 166 165 165 163 161 161 161 161 160 162 162 161 159
 159 161 162 161 162 161 160 159 158 159 161 162 162 162 160 159 157 157
 158 159 159 159 158 158 158 158 158 158 156 155 154 154 155 154 154 155
 153 153 154 152 150 148 130 123 119 120 120 117 110 100  94  93  98 104
 109 107 103 105  94  76  81 100 124 131 121  97  86  87  97 109 118 126
 129 129 130 130 132 130 129 128 128 129 129 129 129 127 125 135 146 147
 146 144 138 140 142 143 145 147 146 144 140 139 139 139 139 141 142 138
 136 137 139 142 143 143 141 141 138 141 143 144 144 144 143 142 143 142
 140 141 142 143 143 143 138 138 139 139 140 140 142 143 143 143 144 144
 144 142 141 140 142 141 142 143 142 142 141 138 139 140 139 137 139 140
 139  28]","[ 29  30 166 166 165 165 164 165 165 165 165 164 163 161 160 159 158 160
 162 163 163 163 163 164 167 166 163 162 162 162 160 159 160 160 159 157
 157 160 162 162 161 160 159 159 159 159 160 160 161 161 160 158 157 156
 157 158 160 160 160 159 158 158 158 158 157 155 153 153 154 155 154 154
 154 154 154 151 151 151 131 123 122 124 121 112 105 104 102  98  93  94
 100 103 107 115 110  86  76  93 119 131 123  97  87  90 101 110 118 126
 131 131 132 131 130 129 128 128 129 129 130 130 130 129 128 136 143 143
 143 142 138 139 140 141 142 144 145 144 140 138 139 139 139 139 138 135
 133 135 138 141 141 141 139 139 138 141 145 146 146 145 143 142 143 143
 143 143 144 145 145 145 141 140 139 140 141 142 143 144 144 143 143 143
 141 140 138 138 141 140 140 141 140 140 140 138 141 142 141 140 140 139
 139  29]","[ 29  31 165 163 162 166 166 167 165 165 165 164 163 162 161 161 158 159
 160 160 161 163 166 168 167 165 163 162 162 161 159 157 157 158 158 155
 155 159 162 163 163 162 161 160 160 160 160 159 159 160 160 159 157 155
 155 155 160 161 162 161 160 159 159 158 159 156 154 154 155 155 154 154
 153 155 154 151 151 152 131 122 121 121 121 120 117 112 106 102  89  91
 101 107 112 124 123  98  82  90 111 123 119  94  89  97 108 117 125 131
 130 129 133 134 131 131 131 130 130 129 129 129 127 130 131 137 142 140
 140 139 140 141 140 138 138 139 140 139 141 138 138 139 138 137 135 132
 133 135 137 139 139 139 139 139 142 144 144 143 141 142 143 145 139 140
 141 142 142 143 144 145 145 142 140 140 140 141 141 141 144 143 142 141
 139 138 137 138 139 137 138 139 137 138 139 139 140 139 139 140 139 136
 136  29]","[ 29  29 163 161 162 162 166 165 162 162 163 163 162 162 162 163 162 161
 159 160 162 164 165 165 165 165 165 163 161 160 160 160 161 161 158 155
 157 163 164 161 165 163 161 160 161 162 162 160 159 160 160 160 158 155
 154 153 159 158 158 159 160 159 159 159 157 157 157 156 154 153 154 154
 155 155 155 154 151 146 136 125 123 123 124 123 121 118 111 103  94  92
  95 105 114 125 114 103  85  82  87  95  94  87  92 103 115 121 126 130
 134 134 133 133 136 132 130 131 131 129 127 126 130 126 130 139 144 143
 143 143 139 138 137 137 137 139 141 142 141 139 137 137 137 136 136 136
 137 138 139 139 138 138 138 138 138 140 140 138 138 141 142 142 138 137
 138 140 141 141 142 143 143 142 142 142 141 140 141 142 143 141 141 141
 138 138 138 136 138 137 138 141 143 143 140 138 138 138 138 135 135 135
 134  30]","[ 29  30 164 162 163 162 164 164 162 162 161 161 162 162 163 164 162 161
 161 161 162 162 161 161 164 164 164 162 160 160 160 160 160 160 157 154
 156 161 162 159 162 162 161 160 159 160 160 160 160 160 160 159 157 155
 155 157 157 159 161 163 162 159 155 152 156 157 157 157 155 153 153 154
 152 154 155 154 151 149 142 131 122 122 124 125 121 116 111 106  99  94
  96 100 109 115 110 101  89  82  81  88  93  93  97 105 122 126 129 130
 132 133 133 133 129 132 135 136 136 133 128 124 127 125 129 137 143 144
 144 142 139 138 136 135 136 138 140 141 141 139 138 138 137 137 136 137
 137 138 139 139 138 137 137 138 138 139 139 138 138 140 141 140 139 139
 139 140 140 139 139 140 141 141 142 142 141 139 140 142 140 139 139 138
 138 139 140 138 139 138 138 140 141 141 140 140 139 137 135 130 130 131
 132  29]","[ 29  30 164 163 163 161 163 162 162 161 159 159 160 162 163 163 161 162
 162 161 160 159 159 160 161 162 161 160 159 159 159 160 160 160 157 154
 156 160 161 159 162 162 161 161 161 161 160 159 160 160 160 160 158 157
 158 160 159 159 160 160 160 157 155 153 154 156 158 158 156 155 154 154
 152 155 156 152 148 148 142 133 122 121 124 126 120 114 113 114 108  97
  94  88  94  98 101  99  91  89  89  91  92  93  97 103 121 127 130 131
 132 132 129 128 131 133 132 127 125 127 129 128 125 124 128 136 142 146
 145 141 140 138 137 136 136 138 139 139 141 140 139 138 138 138 138 139
 138 138 139 139 138 137 138 138 138 138 137 137 138 138 138 138 139 139
 140 140 138 136 136 137 138 139 140 141 140 138 139 140 139 139 138 137
 137 139 139 138 138 138 138 138 138 137 137 138 138 135 131 127 128 130
 131  29]","[ 29  30 164 162 162 160 162 161 162 159 157 156 158 160 161 161 162 161
 160 158 158 159 161 162 160 160 160 159 158 158 160 160 161 160 158 156
 157 161 162 161 161 159 157 158 159 159 157 154 159 159 159 160 159 159
 159 161 161 160 158 157 157 157 157 156 153 155 157 157 156 154 154 155
 152 155 156 153 150 149 147 141 129 125 124 125 124 121 120 120 113 105
 103  97  96  96  97  96  96  99 101  98  93  92  97 103 120 126 130 131
 133 134 131 129 129 131 129 123 121 123 124 124 123 122 127 136 142 145
 144 141 140 139 139 138 138 138 137 136 139 138 138 138 138 138 139 139
 137 138 139 139 138 138 138 138 137 136 137 138 137 136 136 137 138 139
 139 138 136 134 135 136 137 137 138 139 139 138 138 139 138 140 139 138
 139 140 139 138 136 137 138 138 135 133 132 133 137 135 133 131 132 133
 133  30]","[ 29  29 162 161 161 159 161 162 161 159 156 156 157 159 160 160 162 160
 158 158 158 160 161 162 161 162 161 159 159 159 161 162 162 161 159 158
 159 161 162 162 159 157 157 158 159 158 157 155 158 158 159 160 161 160
 159 159 160 161 160 159 159 159 157 155 153 154 155 154 152 152 153 154
 154 154 155 153 148 145 144 143 137 129 124 125 129 131 127 121 117 113
 111 108 101 102  99  99 102 103 102  98  96  98 103 107 124 128 130 132
 136 138 138 137 129 129 128 126 125 123 122 121 121 119 125 136 142 143
 142 142 140 140 139 139 138 138 137 136 137 137 137 137 137 137 137 137
 136 137 138 138 138 137 137 136 135 136 137 138 138 137 137 139 138 139
 139 138 136 135 136 137 138 138 137 137 138 139 139 138 134 137 138 139
 142 142 139 137 135 136 137 136 134 131 131 132 134 132 131 130 131 131
 131  28]","[ 30  28 161 160 160 158 161 162 161 159 158 158 158 159 160 160 160 159
 159 159 160 160 160 159 162 162 161 159 158 159 161 162 161 160 158 158
 159 160 160 160 157 158 160 162 161 159 160 162 159 159 160 162 162 161
 160 159 159 160 160 160 160 160 159 157 155 155 154 152 151 151 151 152
 155 153 153 152 145 140 138 139 136 130 126 126 127 129 126 121 119 116
 112 109 102 106 103 105 102 102 102 101 101 103 107 111 123 127 130 134
 139 140 138 137 132 127 124 125 124 122 122 123 121 119 126 138 142 142
 142 143 140 140 139 138 137 137 137 137 136 137 138 138 137 137 136 136
 136 136 137 138 138 137 137 137 135 136 137 138 138 139 139 140 139 140
 140 139 137 137 137 137 138 137 135 134 135 137 137 137 133 137 137 139
 142 140 134 134 134 134 134 134 132 130 131 133 132 131 130 130 132 133
 134  32]","[ 30  28 161 159 159 157 160 161 161 161 161 160 159 159 158 158 157 158
 159 160 160 159 159 158 161 161 159 157 156 156 158 159 157 156 155 157
 158 158 158 159 155 155 156 159 160 159 159 161 160 160 161 161 160 159
 159 159 157 158 158 157 158 160 160 158 156 155 154 153 152 152 152 152
 152 151 152 152 148 145 145 146 140 132 127 125 123 122 122 122 118 118
 119 116 112 113 109 105 104 105 107 107 104 103 109 117 121 125 130 136
 140 138 133 131 127 124 122 124 124 121 119 119 120 121 129 138 141 140
 140 141 139 139 139 138 137 136 135 136 135 137 139 139 138 138 137 136
 136 136 137 137 137 137 138 138 136 137 137 137 138 139 138 136 136 137
 138 138 139 138 136 134 133 133 132 131 132 135 136 137 135 137 136 138
 142 137 130 131 132 132 133 133 132 131 131 132 129 127 126 126 128 129
 130  29]","[ 30  28 161 159 160 157 159 161 163 163 163 162 160 157 156 155 154 156
 158 159 158 158 159 160 160 160 158 155 154 154 156 157 154 153 153 156
 157 158 158 159 157 154 153 157 161 161 160 159 158 159 159 158 156 154
 156 158 156 158 158 157 157 157 156 153 155 154 154 153 153 153 152 152
 151 152 153 152 149 148 148 147 150 136 125 123 124 123 124 124 123 121
 122 115 115 115 114 109 111 109 108 107 105 104 113 123 125 126 130 136
 140 136 131 131 127 124 121 120 120 119 118 118 119 123 130 136 137 137
 137 136 136 138 139 139 137 134 132 131 132 135 138 138 138 138 137 136
 136 136 135 135 136 137 137 138 139 139 137 135 136 138 135 132 131 133
 136 137 138 138 134 130 128 130 131 130 131 134 137 139 135 136 135 137
 141 136 129 132 132 132 134 135 134 133 131 131 137 135 134 133 133 131
 131  29]","[ 30  29 158 157 158 160 162 162 163 161 159 157 156 155 157 159 156 157
 158 159 160 160 161 161 161 160 157 155 156 158 158 156 156 154 153 154
 157 159 160 160 158 159 161 162 161 160 159 158 156 156 154 153 155 158
 157 155 157 158 158 158 158 157 156 155 155 154 151 149 151 153 152 152
 154 152 151 151 151 148 146 146 149 135 123 121 123 126 128 129 131 127
 122 118 118 120 119 115 115 110 105 103 104 109 117 122 126 128 131 134
 135 133 130 128 123 124 123 121 121 122 120 118 112 119 129 136 137 138
 139 138 136 137 138 139 138 137 137 138 131 134 136 133 130 130 131 132
 136 136 136 134 131 132 135 138 139 138 137 136 136 135 134 133 131 131
 132 135 136 136 133 130 129 131 130 130 133 136 136 137 135 136 137 138
 135 132 131 132 130 133 135 135 132 129 131 134 137 136 137 133 130 129
 131  28]","[ 29  28 158 158 159 161 162 162 161 161 159 156 155 157 159 159 157 158
 160 161 160 158 157 158 161 159 156 156 158 160 160 158 159 157 155 155
 156 158 160 162 160 159 159 159 159 159 158 158 153 152 151 153 156 158
 158 158 157 158 159 159 159 159 157 156 154 154 152 151 153 154 154 154
 154 151 150 151 151 150 147 145 148 138 129 126 125 127 131 132 131 129
 125 122 122 122 120 116 118 115 109 104 105 111 120 125 128 129 132 135
 136 134 131 129 125 126 125 123 123 123 121 118 118 121 128 133 133 134
 137 137 134 135 137 139 140 138 135 133 128 131 132 131 131 133 135 137
 137 136 134 133 132 133 134 135 133 135 136 136 134 134 134 135 135 133
 132 133 134 134 132 130 130 133 132 131 133 135 136 137 137 136 136 136
 135 132 130 130 129 130 131 132 132 131 131 130 133 131 132 131 129 128
 130  28]","[ 30  28 159 159 160 162 162 161 160 162 161 157 156 158 158 156 155 155
 158 160 159 157 156 157 159 157 155 156 160 162 162 160 160 159 157 156
 155 155 157 159 160 158 158 158 159 159 158 157 156 154 154 157 158 158
 158 159 157 158 158 158 158 158 156 155 153 155 154 154 155 156 155 155
 154 151 149 151 152 151 148 146 146 139 133 129 128 130 134 135 132 131
 128 125 124 123 121 118 119 119 116 111 110 116 123 126 128 129 133 135
 136 132 128 126 123 123 122 123 125 126 125 121 123 124 130 134 134 134
 136 137 137 135 135 136 137 137 135 133 130 132 132 131 132 134 136 137
 137 137 135 133 132 131 130 130 129 132 135 136 134 133 134 136 136 134
 132 132 132 132 131 129 129 132 132 131 131 133 134 136 136 134 133 134
 134 132 129 128 126 128 130 130 131 132 131 129 131 128 129 130 130 128
 130  29]","[ 30  29 160 160 161 163 163 161 161 162 162 160 158 158 156 153 155 153
 155 158 159 157 156 158 157 156 155 157 160 163 162 161 161 161 161 160
 157 155 155 156 158 158 158 160 161 161 159 156 158 156 155 156 157 156
 156 157 157 157 157 156 156 156 155 153 152 154 154 155 156 156 154 154
 154 151 149 151 152 150 148 147 145 139 134 131 129 132 135 135 134 132
 129 125 122 121 121 120 118 120 122 121 119 120 123 125 128 129 133 136
 136 132 127 124 123 122 121 122 126 129 129 126 124 125 131 138 139 137
 137 136 138 135 133 132 134 135 134 133 134 134 134 132 133 134 135 134
 135 136 137 135 133 131 130 130 128 131 134 135 135 134 134 135 132 131
 131 131 132 131 129 127 129 132 132 130 131 133 135 137 135 132 130 133
 134 132 128 125 124 128 131 130 129 131 131 131 131 129 131 131 131 130
 131  29]","[ 29  29 160 161 161 163 163 162 163 161 160 161 160 157 155 155 157 155
 156 160 161 158 156 157 155 156 157 158 160 161 161 161 161 162 164 163
 159 157 157 158 159 159 159 161 162 161 158 156 157 157 157 155 156 158
 159 158 157 156 155 154 155 156 156 156 152 154 153 154 156 155 152 151
 153 151 149 150 150 148 148 148 146 142 138 133 128 129 132 133 135 133
 130 126 123 121 121 121 119 120 123 125 124 121 122 126 129 130 132 135
 134 132 130 129 131 128 125 125 128 130 130 128 123 124 131 139 140 137
 135 134 133 133 132 132 132 131 131 130 132 133 132 132 133 134 134 132
 131 133 134 135 135 134 133 132 129 130 131 133 134 134 133 132 130 130
 130 131 131 130 127 125 126 128 128 127 129 131 132 133 134 131 131 134
 136 133 128 125 125 129 131 130 129 131 132 131 130 131 134 132 131 132
 133  28]","[ 29  29 161 162 161 162 162 162 163 159 158 161 161 159 158 160 155 154
 156 160 162 159 156 154 154 155 157 159 159 158 159 160 160 160 161 160
 158 156 158 161 161 161 160 160 160 159 158 157 158 159 158 155 155 158
 159 159 156 155 153 153 155 157 159 159 154 155 153 153 155 154 151 149
 150 149 149 149 148 147 147 148 147 146 144 137 127 122 126 129 132 132
 131 129 126 123 122 122 123 121 122 124 123 121 123 128 129 129 130 131
 131 131 132 133 136 133 130 129 130 131 130 129 125 125 130 135 136 135
 134 132 132 132 132 131 129 129 130 131 131 132 132 131 132 134 134 132
 132 130 130 132 135 136 132 129 131 130 130 132 134 134 133 131 130 130
 129 129 129 128 126 125 126 128 127 126 129 131 130 129 129 128 129 133
 135 134 131 129 129 129 130 130 131 133 132 131 129 132 135 133 132 134
 135  29]","[ 30  30 162 163 161 160 160 159 160 158 159 162 164 163 162 161 154 155
 157 159 160 159 157 155 155 156 159 160 160 158 158 159 158 158 158 157
 156 156 159 161 161 161 161 160 159 159 159 160 157 157 156 155 154 154
 156 156 157 155 153 153 155 157 158 158 156 157 155 153 154 154 152 151
 147 147 148 150 149 148 148 149 149 147 146 140 129 122 122 125 128 129
 130 130 128 125 124 124 126 123 122 124 125 125 126 129 129 130 131 131
 131 131 133 135 137 135 133 133 134 133 131 130 128 128 130 132 131 132
 134 133 133 134 134 133 131 130 131 133 132 133 132 131 131 132 132 130
 131 130 129 130 132 133 131 128 131 131 130 131 131 132 131 131 131 130
 130 130 129 128 126 125 129 131 130 130 132 133 131 131 127 127 128 131
 132 131 131 132 131 131 131 133 133 133 132 131 130 131 133 133 134 136
 136  30]","[ 30  31 164 163 160 158 157 156 157 158 161 164 167 166 163 159 159 160
 160 160 159 158 158 158 158 159 161 162 162 160 159 159 159 159 159 158
 158 158 160 162 160 161 162 162 160 160 161 162 159 158 157 158 158 157
 158 161 160 158 155 154 155 157 157 156 158 158 156 154 154 154 153 153
 147 147 148 151 151 150 150 151 151 147 145 142 135 126 123 123 125 126
 127 128 127 125 125 126 125 125 125 127 129 129 128 127 132 134 136 136
 135 133 134 136 137 136 136 136 136 134 131 130 128 128 129 129 129 132
 135 134 130 133 137 138 136 133 131 130 132 132 132 130 129 130 130 129
 128 129 130 130 130 131 133 134 130 131 131 130 128 128 129 130 130 130
 131 131 131 129 127 124 126 129 129 128 130 130 129 128 131 130 131 131
 129 128 129 131 131 133 135 136 134 132 132 134 131 129 130 133 136 136
 135  29]","[ 29  29 162 162 159 158 158 158 158 158 159 160 162 163 161 159 158 158
 159 161 162 162 160 158 158 159 159 159 159 159 159 159 157 158 159 158
 158 159 160 161 160 160 161 162 161 160 159 160 160 160 159 157 157 156
 156 158 160 158 155 155 156 155 154 156 154 157 158 157 155 154 152 150
 147 147 149 151 151 150 150 151 151 146 144 143 139 133 126 120 120 122
 123 124 127 130 130 128 126 127 127 126 127 129 129 129 132 139 140 139
 138 136 138 139 136 137 137 135 134 134 132 129 125 127 127 126 127 131
 134 135 133 133 135 138 137 133 130 130 130 131 130 129 129 131 131 129
 129 127 129 133 136 136 134 132 129 130 131 130 127 125 127 131 130 131
 132 132 131 129 128 128 129 130 130 130 130 131 132 133 131 133 134 133
 130 132 134 132 130 133 134 132 133 137 137 135 133 133 131 134 136 138
 140  28]","[ 29  29 161 161 158 158 159 160 159 158 158 159 161 162 162 161 158 158
 159 160 162 163 162 160 158 159 159 158 158 159 160 160 154 155 154 154
 154 156 158 159 160 160 160 160 159 158 158 157 159 160 159 158 159 158
 156 156 159 159 157 156 156 155 154 157 157 157 156 155 154 154 155 155
 151 151 151 152 151 150 150 150 152 147 144 143 141 137 131 124 120 120
 121 122 126 130 131 130 128 129 128 127 127 129 131 131 137 139 138 141
 142 139 137 137 136 136 136 135 135 134 132 130 128 127 126 127 129 132
 135 136 135 133 134 135 135 132 129 129 130 131 130 130 130 131 131 129
 129 128 130 135 138 138 135 133 129 129 129 129 129 129 131 133 132 131
 131 130 129 128 127 127 130 130 131 131 131 133 134 136 136 137 137 135
 134 136 137 135 135 137 137 135 137 141 144 144 144 142 138 138 142 145
 145  29]","[ 28  29 160 159 157 157 160 162 160 159 159 160 162 163 162 162 161 160
 158 158 160 161 161 160 159 160 159 157 156 156 157 158 153 153 152 152
 154 156 158 159 160 161 160 159 158 158 158 156 158 157 155 154 156 157
 157 159 158 159 158 157 156 154 154 158 158 159 159 159 156 153 151 151
 150 151 152 152 152 152 151 150 146 142 140 141 142 143 140 135 124 122
 120 121 124 127 129 130 129 131 131 129 128 130 131 132 137 137 136 142
 144 140 138 138 137 136 135 134 134 134 132 130 129 126 126 128 132 133
 134 134 134 132 131 132 132 131 129 129 129 129 130 131 132 132 132 131
 127 127 129 134 137 136 132 130 131 131 130 131 132 135 136 136 136 136
 137 138 137 134 131 130 133 133 132 132 132 134 136 137 138 138 138 138
 136 137 137 134 135 136 135 135 135 137 140 142 142 142 137 136 140 144
 145  28]","[ 29  29 160 158 156 156 159 162 162 161 161 161 162 162 161 160 164 161
 159 158 159 160 160 159 158 159 159 157 155 155 156 156 155 155 154 154
 156 159 160 160 160 161 160 158 159 160 159 157 157 157 154 153 155 156
 157 160 158 158 156 155 155 154 154 156 155 156 157 158 155 149 145 144
 149 150 151 151 152 152 150 148 146 143 141 141 141 143 143 141 134 129
 124 121 120 121 124 126 127 130 132 132 130 131 132 132 135 138 139 142
 142 138 139 140 138 136 133 132 133 133 131 129 126 124 126 132 136 135
 133 133 133 131 129 130 130 130 131 131 130 131 132 134 135 136 137 137
 132 132 133 137 139 137 135 133 134 135 134 134 136 140 140 139 135 135
 136 138 138 135 132 130 136 135 134 133 132 133 134 136 135 136 138 139
 138 137 136 133 135 135 136 137 136 136 137 139 138 140 137 137 138 142
 144  30]","[ 29  29 160 159 157 157 160 162 164 163 161 161 161 161 161 160 163 162
 162 162 163 163 161 159 155 157 159 159 158 158 158 158 157 157 156 157
 159 161 161 160 157 159 159 158 159 161 160 157 157 158 158 158 158 157
 155 156 158 157 154 152 154 155 154 154 155 154 154 155 154 151 150 151
 151 152 151 149 149 150 149 146 147 146 144 142 140 142 145 145 142 137
 129 122 117 116 119 122 125 129 131 131 130 131 133 133 139 144 143 142
 141 138 139 139 139 135 132 130 130 130 129 128 125 123 126 133 137 137
 136 136 134 132 131 130 130 130 131 132 135 135 136 138 139 140 140 141
 137 135 135 137 139 138 137 136 136 136 136 135 136 138 139 137 135 133
 132 132 132 131 131 132 135 135 133 132 130 130 131 132 133 134 137 138
 137 137 138 137 135 135 136 138 138 137 137 139 140 140 138 140 141 142
 143  30]","[ 28  29 161 161 159 160 161 162 165 164 162 161 160 161 162 162 162 162
 164 165 164 162 158 155 154 157 159 160 159 159 159 158 159 159 158 159
 160 161 161 160 157 158 159 159 159 160 160 158 156 158 158 158 159 158
 157 158 159 158 154 152 155 157 155 153 155 154 153 154 155 155 155 156
 153 153 151 149 149 150 151 151 148 147 146 143 142 144 147 146 146 141
 134 124 117 115 118 122 126 128 129 128 128 131 135 136 142 146 143 142
 142 140 139 137 137 134 131 130 129 128 128 128 128 125 125 129 133 134
 135 137 135 134 133 131 129 129 130 131 136 136 137 137 137 137 137 138
 135 133 132 134 135 135 135 135 135 135 134 133 133 134 134 133 135 134
 133 133 133 132 131 132 133 132 132 131 129 129 129 130 131 131 133 134
 133 135 138 139 135 135 135 135 134 134 135 136 139 137 135 139 143 144
 143  29]","[ 29  29 161 162 161 161 161 161 162 162 162 162 162 161 160 160 159 160
 161 161 160 158 155 153 157 158 160 160 159 159 158 157 159 159 160 160
 161 161 161 159 159 159 160 160 160 159 159 160 157 157 156 156 158 159
 159 160 159 160 157 156 158 158 156 155 153 153 153 153 154 153 151 149
 153 153 152 152 152 153 154 155 154 151 149 147 146 148 147 143 146 145
 139 129 120 118 121 125 128 128 128 127 129 133 136 138 143 144 142 143
 144 140 137 134 133 132 131 130 129 128 128 129 130 126 123 124 128 131
 134 136 136 135 133 131 130 131 131 131 133 133 134 136 135 134 133 134
 135 132 131 132 134 134 133 134 136 133 130 130 131 132 132 132 132 132
 134 135 134 132 130 129 131 131 132 131 131 130 130 130 131 129 130 131
 130 132 135 136 136 136 135 134 134 134 134 134 136 136 134 138 143 146
 146  30]","[ 29  30 161 162 161 160 160 159 157 159 161 163 162 160 157 154 156 156
 156 156 156 156 157 158 158 159 160 160 160 160 160 160 159 159 160 160
 160 161 160 159 161 160 160 160 159 158 158 160 159 159 157 158 161 161
 158 156 159 162 161 159 159 159 158 158 157 157 155 154 154 154 152 148
 154 154 155 157 156 154 153 154 154 151 150 150 153 156 154 147 146 148
 143 132 123 121 124 127 128 129 128 128 130 134 137 138 144 145 144 146
 144 136 133 132 130 130 131 131 130 128 129 130 128 123 120 122 128 133
 137 138 137 136 133 132 133 135 135 135 132 132 134 136 136 134 134 135
 133 131 130 131 131 131 130 130 137 132 129 129 132 132 132 133 132 132
 133 133 132 131 130 131 131 132 133 133 132 132 131 131 132 130 131 132
 132 132 132 131 132 133 134 134 134 135 135 134 132 136 136 137 140 143
 145  29]","[ 30  27 166 165 161 155 156 161 159 159 161 162 162 160 158 157 154 155
 157 159 159 159 159 160 160 161 162 162 161 161 163 166 164 164 163 160
 160 161 161 160 161 160 160 160 159 160 162 162 164 165 165 163 160 161
 161 158 160 165 164 161 162 163 161 162 162 160 158 158 158 156 156 156
 160 160 159 157 158 160 159 158 153 155 154 152 152 155 155 154 153 150
 147 141 129 118 119 125 130 128 128 129 129 131 134 139 140 142 145 146
 143 136 132 131 130 130 130 131 130 128 128 130 129 127 121 122 129 133
 132 134 137 137 134 131 134 138 137 132 129 130 134 136 135 136 136 133
 132 131 130 130 129 128 128 130 134 129 124 124 128 130 131 131 129 130
 131 132 135 137 135 132 131 130 129 131 134 135 135 134 131 133 134 132
 131 131 131 130 131 131 130 130 132 136 140 141 139 137 137 138 139 142
 143  30]","[ 30  28 166 166 163 158 158 160 159 160 162 163 163 160 157 156 156 157
 159 161 163 163 163 163 162 162 163 164 164 164 164 165 167 166 165 163
 163 166 167 167 160 160 162 163 163 166 169 169 169 169 169 168 166 167
 168 166 171 173 171 168 168 167 165 166 164 162 161 161 161 161 161 162
 160 160 159 158 158 158 157 155 154 155 154 153 154 156 154 151 150 151
 152 147 131 117 118 128 127 127 128 129 128 128 132 138 139 142 143 141
 138 136 133 129 128 127 127 129 130 129 129 131 130 128 122 120 127 132
 133 135 136 135 133 131 133 136 135 131 130 131 134 135 133 134 134 132
 135 133 132 132 131 130 130 130 132 129 125 124 126 128 130 130 131 131
 131 130 132 134 132 129 125 126 127 129 132 134 134 134 132 133 134 132
 131 132 132 132 131 131 130 131 133 137 139 140 138 138 139 141 140 143
 143  30]","[ 29  28 167 167 166 163 162 160 163 163 165 167 166 164 161 160 163 163
 165 167 168 168 167 167 166 165 166 169 171 171 170 169 168 168 167 166
 167 168 170 171 166 165 167 168 168 170 173 172 173 171 171 172 171 171
 172 172 171 172 169 168 169 168 166 167 165 164 163 163 163 162 162 163
 161 161 161 160 160 158 156 153 154 154 154 154 156 157 154 149 143 146
 152 155 146 130 122 122 122 124 127 129 127 125 130 137 142 145 144 139
 137 138 136 131 128 125 122 122 124 125 127 128 130 128 122 119 123 128
 131 133 136 135 133 132 133 134 133 131 130 131 133 132 130 130 132 131
 134 133 132 132 131 130 130 131 132 132 130 128 127 130 131 131 131 131
 131 131 133 135 133 131 125 127 128 129 130 132 132 131 131 133 134 134
 133 132 131 130 131 131 131 133 135 138 138 138 138 138 140 141 140 142
 142  29]","[ 29  29 168 168 169 168 167 165 167 167 168 170 171 170 168 167 169 169
 170 171 172 171 170 170 173 172 172 174 176 176 174 172 169 170 171 172
 172 173 173 174 172 171 171 172 171 171 172 171 171 169 171 174 173 171
 171 171 170 169 167 168 169 168 167 168 163 162 162 162 162 161 161 161
 162 162 162 162 161 159 157 155 154 155 156 157 158 158 155 150 147 146
 149 153 151 142 130 122 122 123 128 132 130 127 131 139 143 145 143 137
 134 135 133 130 127 124 122 123 125 126 126 126 124 125 123 120 124 133
 139 142 137 135 133 132 131 130 130 131 130 131 133 132 129 129 131 131
 130 130 130 130 130 130 131 131 133 135 134 131 131 132 133 132 132 132
 132 132 132 131 129 125 129 132 133 132 131 131 131 129 130 132 134 135
 133 131 129 127 130 130 132 135 138 139 139 138 138 138 139 139 138 140
 141  28]","[ 29  30 171 171 172 173 174 172 169 169 170 171 172 172 172 173 171 171
 172 173 173 173 173 174 176 176 175 176 176 174 173 172 168 169 170 172
 173 174 174 175 171 170 171 172 171 171 172 170 168 166 170 174 174 171
 171 171 170 168 167 169 168 167 166 165 161 161 162 162 163 163 162 162
 160 160 161 161 160 159 157 156 157 158 158 159 159 158 156 153 150 151
 152 152 151 144 134 124 125 127 131 136 135 134 136 142 144 145 143 139
 134 131 129 128 126 126 128 131 133 132 129 126 122 123 123 120 121 131
 140 144 137 136 135 133 130 128 129 131 133 133 135 134 131 130 132 132
 130 131 131 131 130 130 132 133 133 134 134 132 131 133 132 130 129 130
 131 134 137 139 139 138 130 133 134 133 132 133 132 131 130 131 133 133
 132 131 129 129 131 131 133 137 139 139 138 138 138 137 138 139 140 142
 142  28]","[ 29  30 171 172 174 175 177 176 172 172 171 171 170 170 171 173 174 174
 174 174 173 173 173 174 174 173 174 174 174 173 173 174 173 171 170 171
 171 172 172 173 171 170 171 172 171 172 173 172 166 166 170 174 173 172
 171 171 167 166 166 167 167 167 166 163 163 164 164 164 163 163 162 162
 159 159 159 159 159 158 158 158 158 159 159 158 157 156 154 153 150 153
 155 154 151 146 136 127 128 129 132 137 138 138 140 143 145 144 143 141
 136 131 128 129 130 129 130 132 133 132 128 124 124 124 122 117 114 122
 133 138 138 138 138 135 132 130 132 134 135 136 137 135 131 131 132 131
 132 134 134 132 130 130 132 133 134 134 133 132 132 133 132 130 132 130
 129 129 130 131 131 131 131 131 132 133 132 132 131 130 132 131 130 130
 131 131 132 133 133 133 135 138 139 138 137 137 137 137 139 142 143 145
 144  29]","[ 29  29 170 172 174 175 176 175 174 174 173 171 169 168 170 172 176 176
 176 175 173 172 172 173 171 171 172 172 172 173 174 175 178 175 173 173
 173 173 172 173 173 171 172 172 171 172 173 172 168 168 171 173 171 169
 170 170 167 166 168 168 167 169 169 165 165 166 166 164 162 162 161 160
 160 159 159 160 160 159 159 159 158 158 158 156 155 154 152 152 154 152
 151 150 148 145 140 137 129 131 133 136 138 140 141 141 142 140 139 139
 136 133 130 130 132 130 128 129 130 128 124 119 121 121 121 118 114 120
 133 140 138 139 138 137 136 136 136 136 136 136 137 135 131 131 132 131
 133 135 136 133 129 129 132 134 136 134 132 131 131 132 132 132 131 129
 129 129 131 131 131 131 131 129 129 131 132 130 129 130 132 130 129 129
 130 131 133 136 135 134 136 138 138 137 136 138 138 138 142 144 144 145
 144  29]","[ 30  29 169 173 175 175 175 174 175 174 173 171 167 166 168 171 173 174
 175 175 173 171 172 173 173 172 172 172 171 171 171 172 173 171 170 171
 173 172 171 171 172 170 171 171 171 172 173 172 172 172 173 172 168 167
 168 168 168 167 168 168 165 168 169 164 165 166 165 163 161 162 162 161
 162 161 161 162 161 160 160 161 159 158 157 156 155 154 153 152 151 151
 152 154 151 144 139 138 131 133 135 137 139 141 142 142 142 140 138 139
 140 139 137 136 129 129 129 131 133 131 123 115 118 118 121 120 114 118
 130 137 136 137 137 137 138 139 138 137 136 136 137 135 132 132 133 132
 132 135 136 133 129 130 133 136 136 133 130 129 129 129 131 132 130 130
 130 132 132 131 130 129 128 125 126 130 132 131 131 132 131 129 129 130
 131 131 132 134 135 134 136 138 137 136 136 139 140 140 143 144 142 143
 143  29]","[ 30  28 173 170 173 172 172 175 176 177 176 171 168 168 170 170 171 174
 175 173 172 174 174 172 174 173 172 172 172 173 172 170 173 173 174 175
 174 173 171 171 172 170 171 172 172 170 168 168 164 166 170 172 172 171
 169 168 169 170 169 166 165 165 165 165 164 166 165 164 163 162 161 161
 159 159 160 162 162 159 159 162 160 159 158 157 156 153 153 154 152 153
 153 151 150 148 144 140 136 136 137 139 141 142 143 144 147 144 141 138
 138 138 139 139 131 130 129 132 136 136 130 124 120 119 120 119 117 116
 121 136 136 138 138 137 137 136 135 138 138 137 135 134 134 134 134 134
 134 135 136 134 132 131 133 135 132 131 130 130 128 127 128 130 131 130
 130 131 131 133 133 130 130 128 128 130 131 130 130 130 131 129 130 131
 130 131 133 132 133 135 137 137 137 138 138 137 139 139 137 139 141 143
 145  29]","[ 28  28 174 171 172 170 169 171 176 176 174 171 169 170 171 173 172 173
 172 171 171 174 176 176 176 174 173 174 174 173 171 172 171 171 173 174
 173 172 171 171 171 171 171 172 172 170 169 168 170 170 169 170 170 171
 172 173 168 168 167 165 165 165 165 164 165 166 165 164 164 164 162 162
 159 159 159 159 159 160 160 161 158 158 158 159 158 156 155 155 153 153
 153 152 151 149 146 145 137 137 138 141 143 143 143 144 146 145 144 142
 141 140 139 138 135 133 131 132 135 137 133 129 124 124 122 118 118 118
 120 128 132 136 138 137 135 134 136 141 138 137 135 134 134 134 134 134
 134 135 137 136 135 133 133 133 128 127 128 129 130 130 130 131 130 130
 131 131 129 129 128 126 130 129 129 130 130 130 130 131 129 129 132 133
 132 133 133 131 132 135 137 137 136 136 137 136 138 138 137 139 140 142
 144  29]","[ 29  29 176 172 174 172 172 174 176 174 172 171 171 172 173 175 173 172
 170 170 171 173 175 177 177 174 173 175 175 173 171 173 170 171 172 173
 173 172 171 171 171 171 171 170 170 170 169 168 167 167 168 169 172 173
 172 172 170 168 166 166 166 165 165 165 166 167 164 163 164 164 163 163
 163 163 161 159 158 160 160 159 160 159 158 158 157 156 155 154 154 152
 152 152 150 147 146 147 139 139 139 141 143 144 145 144 145 145 145 144
 142 140 138 137 138 134 130 129 132 133 131 128 122 120 121 120 118 113
 115 128 136 138 137 136 137 138 138 140 137 135 132 131 131 132 133 133
 135 135 136 135 134 133 132 132 130 129 129 130 131 132 131 131 131 132
 133 133 130 128 127 124 126 127 128 128 129 130 131 131 129 129 133 134
 134 134 133 130 133 136 137 135 134 135 138 140 138 138 137 139 139 140
 143  29]","[ 30  29 175 171 174 175 176 179 176 173 172 173 174 174 174 176 175 173
 172 172 173 172 173 174 176 174 173 174 174 172 172 173 173 172 172 173
 173 172 172 172 171 171 170 168 168 169 169 168 165 166 168 170 172 172
 170 169 172 169 167 168 168 167 166 166 166 167 164 162 163 163 163 164
 161 161 161 160 161 162 163 163 160 158 157 156 155 154 154 154 154 153
 152 151 148 146 145 147 144 140 137 137 141 145 147 146 146 146 144 142
 140 139 139 140 142 137 132 130 130 130 128 126 122 119 121 124 122 114
 114 130 137 138 137 136 139 140 139 138 139 137 135 133 133 134 136 137
 138 135 132 130 130 131 132 133 134 133 132 132 132 132 132 132 133 133
 134 133 130 130 129 126 126 129 130 130 130 132 132 132 129 130 132 133
 132 133 133 131 132 135 136 135 134 136 140 142 138 138 138 141 141 141
 143  28]","[ 29  28 173 169 173 175 176 178 174 172 172 174 176 175 174 175 175 174
 173 173 173 172 172 172 174 174 173 172 172 173 173 172 174 171 170 171
 172 172 172 171 170 171 169 167 168 170 171 170 171 170 170 169 168 169
 170 172 172 169 167 168 169 168 167 167 167 168 165 162 161 161 162 164
 160 160 160 161 160 158 157 159 156 156 155 154 154 154 154 153 153 153
 152 149 148 148 149 148 146 141 135 134 140 146 148 147 146 146 145 143
 141 141 143 144 143 138 132 130 129 128 126 125 125 122 121 120 121 118
 115 121 130 135 137 136 137 137 136 136 137 137 137 137 135 135 137 138
 136 134 131 129 129 131 132 132 132 133 133 133 132 132 133 133 132 130
 130 130 129 130 131 128 131 132 132 129 128 129 130 130 130 130 130 129
 128 132 135 134 131 134 136 136 136 137 138 138 138 138 139 143 145 145
 145  28]","[ 29  29 175 171 174 175 174 174 172 171 172 174 175 175 174 174 174 173
 172 171 171 172 172 173 173 175 174 171 171 174 174 172 172 169 168 169
 171 172 171 171 170 170 169 169 170 172 172 172 171 170 169 167 167 168
 171 173 170 167 166 166 168 168 167 166 167 168 167 163 161 161 161 163
 163 161 161 162 159 153 151 152 154 155 155 155 154 153 151 150 151 152
 151 149 150 152 153 151 147 141 135 134 140 147 149 147 146 146 146 145
 144 144 145 146 141 136 132 130 129 128 128 128 126 121 117 116 118 114
 110 117 129 134 137 137 137 136 133 132 132 135 138 139 137 136 135 135
 133 133 133 133 133 133 132 131 132 134 136 135 134 133 132 131 130 128
 127 127 128 131 132 130 134 133 131 128 126 127 130 131 131 130 128 126
 127 132 137 137 136 136 136 134 134 137 138 139 138 137 138 144 146 146
 145  28]","[ 29  31 178 174 176 175 173 173 172 173 173 173 173 174 174 173 173 173
 172 170 170 172 172 172 172 174 174 172 172 173 173 171 171 169 169 169
 170 171 171 171 171 170 170 172 172 171 171 171 167 167 167 168 168 168
 169 170 169 168 166 165 167 168 166 164 164 167 166 164 163 162 161 162
 161 160 160 161 160 158 156 155 157 158 157 156 154 153 151 150 152 151
 150 150 152 154 153 152 147 143 137 135 140 146 149 148 146 146 147 147
 146 145 145 145 140 137 135 135 135 133 131 132 129 120 114 114 116 110
 108 119 129 135 138 138 139 138 133 130 133 135 138 140 140 138 136 135
 132 133 135 135 135 134 133 133 136 137 137 135 134 133 132 130 129 128
 129 130 130 133 134 133 136 135 133 132 131 131 133 135 132 131 130 128
 127 132 137 136 137 137 135 133 134 137 141 142 140 139 139 144 145 144
 144  28]","[ 28  30 178 174 174 174 173 174 174 175 175 173 172 173 174 173 173 175
 175 173 172 173 172 171 172 172 173 174 173 172 171 171 171 171 171 172
 171 171 171 171 172 171 171 173 173 170 168 168 170 169 168 168 168 168
 168 168 171 170 168 166 166 167 166 162 162 164 164 164 165 164 162 162
 162 162 161 160 161 162 160 157 159 160 159 156 155 156 156 156 155 151
 150 152 154 154 152 152 149 145 139 135 138 145 149 150 147 148 148 147
 146 145 145 145 137 136 137 139 138 134 130 129 129 120 110 105 110 112
 108 111 123 132 138 139 138 137 135 135 134 134 135 137 138 137 136 135
 134 134 135 134 134 134 136 137 138 138 135 133 133 134 134 132 130 130
 132 133 133 134 136 135 134 133 134 134 133 130 129 130 133 133 132 130
 129 133 135 133 130 133 135 136 137 140 141 142 143 142 142 145 144 142
 143  29]","[ 29  30 175 176 174 174 174 174 174 174 174 173 173 173 173 173 175 176
 176 175 173 171 172 173 173 173 174 174 174 174 173 172 173 171 172 172
 171 171 172 172 172 171 172 173 173 170 169 168 169 169 171 173 171 167
 164 164 169 169 169 167 165 164 165 167 168 167 165 164 164 165 163 160
 158 160 161 160 160 160 159 156 156 158 159 157 154 153 155 157 158 156
 154 153 154 154 153 152 150 145 140 136 137 140 145 149 145 146 146 147
 146 146 147 148 151 146 142 139 137 134 131 130 130 125 113 105 107 109
 107 106 112 129 137 138 136 139 137 138 138 137 137 138 138 139 138 134
 136 136 137 136 134 133 135 137 136 135 135 136 137 137 135 133 131 131
 132 133 134 134 134 133 132 133 133 132 132 132 132 131 132 133 132 131
 131 132 131 130 129 130 132 136 139 142 143 144 143 142 142 146 144 141
 142  30]","[ 28  29 174 175 175 176 175 175 175 176 175 174 174 174 174 174 176 177
 177 176 175 173 172 171 172 173 174 174 173 173 173 173 172 172 173 173
 170 170 171 171 171 169 169 170 171 170 168 168 169 171 172 172 171 170
 168 166 167 167 167 167 166 165 165 165 167 166 165 164 163 163 162 161
 160 162 162 160 160 161 160 159 156 157 157 156 154 153 153 155 157 155
 154 154 155 154 153 151 154 149 142 137 137 140 145 149 147 147 147 147
 147 148 149 150 151 145 138 136 137 137 134 131 130 127 118 108 104 105
 106 108 107 124 138 137 136 136 138 139 141 139 138 138 137 138 137 134
 137 137 137 135 133 131 132 134 137 136 135 136 137 137 136 136 135 135
 134 134 134 134 134 133 134 135 135 134 133 132 132 132 132 132 131 130
 131 133 133 133 129 130 133 136 140 143 144 144 142 143 143 144 143 142
 144  28]","[ 29  28 173 175 175 177 176 175 176 176 175 174 174 175 175 175 178 177
 175 174 174 173 173 172 173 175 176 175 173 172 172 172 171 170 172 172
 170 171 172 172 171 169 168 168 169 169 169 169 167 171 172 170 170 172
 172 168 167 166 166 165 166 166 165 165 166 167 167 164 162 161 162 162
 162 163 162 160 160 161 162 161 160 160 160 160 159 156 155 155 155 155
 155 156 156 155 153 152 154 149 143 138 138 141 145 148 147 147 146 146
 146 146 146 146 147 146 143 140 138 138 135 131 130 127 121 113 105 104
 107 108 104 118 136 137 136 134 140 141 143 140 139 139 137 138 137 135
 136 136 136 136 134 133 134 136 139 138 137 138 138 137 136 135 134 134
 134 134 134 135 134 133 135 135 135 135 134 131 131 133 131 131 130 130
 131 133 135 135 131 131 133 136 140 142 143 143 139 142 142 142 142 146
 147  29]","[ 29  29 173 175 175 176 175 174 175 175 174 173 173 175 176 177 175 174
 173 173 173 172 171 171 171 173 175 174 174 173 172 171 171 170 171 171
 170 171 172 171 170 169 168 167 167 167 168 169 166 170 171 169 169 171
 172 171 171 168 166 164 165 166 166 165 166 167 167 165 162 162 162 163
 162 162 161 160 161 162 162 161 160 159 160 161 159 155 153 153 154 154
 155 156 156 155 154 153 151 149 145 141 139 140 143 146 147 147 146 146
 147 147 146 145 145 147 146 142 139 138 136 133 131 127 124 119 112 111
 111 108 103 112 129 138 138 136 140 141 142 140 139 139 138 139 139 137
 135 135 136 137 137 137 138 139 138 138 138 139 138 135 133 132 132 134
 134 135 135 136 135 134 134 134 134 135 133 130 130 133 131 130 129 129
 131 133 135 135 132 132 132 134 137 139 140 140 138 141 140 141 142 147
 148  30]","[ 29  29 174 175 174 175 174 174 175 175 173 172 172 174 176 177 171 173
 174 175 174 172 170 169 167 169 171 173 175 176 174 172 174 172 171 171
 170 171 171 168 168 168 168 166 165 165 167 169 168 170 172 171 169 169
 171 173 173 170 167 166 166 167 167 166 166 166 165 164 163 163 162 161
 161 161 161 162 162 163 162 161 159 159 160 160 157 153 152 152 153 154
 154 154 154 154 154 154 152 152 149 144 139 139 142 145 149 149 148 148
 150 152 153 152 148 147 142 138 137 139 138 136 133 129 127 124 119 117
 115 110 105 107 118 135 138 138 138 140 141 139 139 140 140 140 140 138
 137 137 137 137 136 136 137 138 138 137 137 138 137 135 133 132 135 136
 136 135 135 137 136 135 133 132 133 134 133 130 130 132 131 130 129 130
 131 132 133 134 133 132 132 133 135 137 138 138 141 141 140 142 142 144
 145  28]","[ 29  29 174 175 174 174 174 174 175 175 174 173 172 174 176 177 176 176
 174 173 171 171 172 173 169 170 172 174 176 177 174 172 172 171 171 171
 171 173 172 169 168 170 170 169 167 168 170 171 170 170 172 172 170 167
 168 172 172 170 169 169 169 169 167 166 167 166 165 165 165 165 163 161
 161 161 162 163 164 163 162 161 160 160 161 159 157 155 155 155 154 154
 154 153 153 153 154 154 154 154 151 144 139 140 144 148 152 151 149 148
 149 152 154 154 150 149 147 142 138 137 136 135 133 131 130 126 120 116
 114 112 107 105 110 128 135 138 137 139 141 139 140 142 141 139 139 138
 138 137 137 137 135 135 136 138 139 138 137 137 137 137 136 137 135 135
 133 131 132 135 137 137 132 131 131 132 132 131 130 131 130 129 129 130
 131 131 132 133 135 134 134 135 136 137 139 139 142 140 138 142 143 143
 144  28]","[ 29  29 172 174 174 175 174 173 174 175 175 174 173 174 175 176 181 178
 174 171 170 172 175 176 174 175 176 176 176 175 172 170 170 170 171 171
 171 174 175 172 170 172 172 171 171 172 172 171 170 169 170 171 169 166
 167 169 171 170 170 170 169 169 168 167 167 167 166 166 167 167 164 162
 163 162 162 163 164 163 161 160 158 159 158 156 155 157 157 156 156 156
 155 155 154 154 154 153 155 155 152 145 141 143 147 150 153 153 151 149
 149 151 151 150 149 151 152 149 142 136 134 135 133 133 131 128 124 118
 114 113 109 108 111 121 131 137 138 141 142 140 140 142 141 139 138 137
 137 137 136 136 134 134 136 139 139 138 137 137 138 138 137 136 133 134
 132 129 131 135 137 137 132 131 130 130 132 132 131 129 129 129 129 130
 130 130 132 134 137 137 138 138 138 138 139 140 140 139 137 141 142 144
 145  30]","[ 30  28 172 173 174 175 174 172 172 174 176 175 174 174 175 176 178 176
 174 173 174 174 174 174 176 176 177 175 174 172 171 169 171 172 174 173
 171 173 174 172 170 171 172 171 171 172 171 168 168 168 169 170 170 168
 168 168 171 171 170 169 168 167 167 168 166 166 166 166 167 167 164 162
 164 162 162 162 162 161 160 159 158 159 157 155 156 160 161 159 158 158
 157 157 156 155 154 153 157 157 154 148 144 145 147 148 152 154 154 153
 153 154 153 150 150 150 149 147 144 139 137 137 133 134 131 130 131 124
 116 114 111 113 115 117 130 136 141 144 143 140 141 142 140 138 138 137
 136 136 136 135 133 133 135 138 138 137 137 138 138 136 133 131 135 136
 135 133 133 136 137 135 133 132 131 131 133 134 132 129 128 128 129 130
 130 131 133 136 137 138 139 139 138 137 138 138 140 140 138 140 141 143
 145  28]","[ 30  28 175 172 174 174 172 169 173 175 175 175 177 176 175 175 179 177
 175 174 174 174 174 174 175 174 174 174 175 174 171 169 169 172 174 174
 172 170 171 172 172 171 171 170 169 167 168 170 167 168 170 170 171 171
 170 169 167 166 166 166 166 167 167 168 169 167 165 163 163 164 165 164
 159 160 162 163 162 161 161 161 159 159 159 158 160 163 162 160 160 159
 157 158 158 154 153 154 158 155 153 148 144 144 147 148 153 155 155 154
 154 154 153 150 151 149 148 148 147 142 136 132 134 135 135 132 127 124
 121 115 112 111 109 112 128 141 140 143 142 140 139 140 140 138 137 137
 135 133 132 133 135 137 137 136 137 138 138 138 138 136 134 133 136 137
 136 136 137 138 138 137 136 133 131 131 132 132 131 130 127 126 126 127
 128 129 130 131 135 136 136 135 135 136 136 135 136 136 136 137 138 139
 140  29]","[ 30  29 177 173 174 173 172 171 176 176 175 174 176 175 174 175 176 175
 174 174 175 175 175 175 175 175 175 175 175 174 173 172 172 174 175 173
 171 171 171 170 170 171 173 172 170 168 167 168 169 168 167 169 173 174
 171 166 167 166 166 166 166 167 168 170 170 168 165 162 162 163 163 163
 162 163 163 163 162 161 161 162 160 161 160 160 161 163 163 161 160 160
 159 158 158 154 153 155 157 155 153 150 145 144 145 147 152 153 154 154
 153 154 154 152 151 149 147 145 144 142 138 134 135 136 136 133 130 128
 123 116 113 109 105 107 121 136 140 144 142 139 138 139 139 137 137 137
 139 137 135 133 134 136 137 137 139 138 137 136 135 136 138 139 138 139
 138 137 137 139 138 137 136 134 133 132 132 131 129 128 126 127 127 126
 126 128 131 132 131 131 131 131 133 135 135 133 135 136 137 138 139 140
 141  30]","[ 29  29 179 177 177 177 178 179 176 177 175 175 176 176 175 175 175 174
 174 175 175 175 174 174 174 174 173 173 174 174 174 173 175 175 174 172
 171 171 171 169 169 173 175 173 170 169 169 168 168 169 171 172 173 173
 171 170 167 166 166 166 166 167 169 170 171 169 166 164 163 164 164 164
 166 166 165 164 163 163 163 164 160 161 161 161 161 163 162 160 159 160
 159 158 157 154 152 155 154 153 153 151 148 145 146 148 151 152 153 154
 154 153 154 154 154 153 149 145 144 143 140 137 137 137 137 134 131 130
 124 114 114 107 104 104 114 129 138 144 144 141 138 138 139 138 138 138
 141 140 137 134 133 135 137 137 135 136 138 139 139 138 138 139 140 139
 138 137 138 139 138 136 138 136 134 133 131 128 125 124 125 128 128 126
 125 128 132 133 131 130 129 130 132 134 134 132 135 136 138 139 140 141
 141  29]","[ 29  30 179 177 176 175 175 176 174 176 176 177 179 178 175 175 174 175
 176 177 177 175 175 175 175 174 172 172 173 174 175 175 173 172 171 172
 172 171 170 170 171 173 174 171 169 170 171 170 166 170 173 173 170 170
 171 173 167 167 167 167 167 167 168 170 171 169 167 166 166 167 167 166
 167 166 165 164 164 165 165 165 161 162 162 162 161 161 160 159 158 159
 159 158 157 154 153 155 155 155 155 153 150 145 144 147 151 151 153 154
 154 152 153 154 157 156 152 147 145 144 142 140 137 137 135 132 132 132
 125 114 113 107 105 105 110 121 132 140 144 141 138 138 139 139 138 138
 139 140 139 135 134 136 137 138 138 138 138 137 137 138 141 143 141 139
 137 137 138 139 137 135 135 134 132 132 130 128 126 125 127 129 130 127
 126 130 132 132 133 132 131 132 133 133 133 132 135 137 139 139 139 140
 140  28]","[ 29  29 179 178 178 177 176 176 174 176 176 178 180 179 176 175 172 174
 178 179 178 176 177 178 177 175 172 172 175 177 178 177 169 168 169 174
 174 170 170 172 171 173 172 170 170 172 172 170 169 168 167 167 169 170
 169 167 166 166 167 168 168 168 168 169 169 168 168 167 168 169 168 167
 165 164 164 164 165 165 164 163 162 163 163 163 162 161 160 159 158 160
 159 158 157 155 155 157 160 160 157 155 150 142 139 143 149 150 152 153
 153 152 152 153 155 155 152 149 146 145 144 142 137 136 134 132 133 134
 129 119 111 106 107 107 107 115 125 136 140 139 138 138 138 138 138 138
 137 140 141 139 137 137 137 137 136 137 138 137 137 138 141 143 141 138
 135 136 138 138 136 133 130 129 130 133 134 133 130 129 128 130 130 127
 127 130 131 130 132 132 133 133 133 132 132 132 135 137 138 138 139 141
 141  28]","[ 30  29 179 180 182 181 180 180 176 177 176 176 178 177 175 175 173 175
 178 179 178 175 175 177 176 174 172 173 175 177 178 177 168 167 170 175
 175 171 171 174 172 173 172 172 173 174 173 171 171 168 164 165 168 170
 168 164 165 165 166 168 169 169 169 169 169 169 168 168 169 169 168 167
 164 164 165 165 165 164 163 161 162 162 162 162 161 160 159 159 158 160
 158 157 157 156 155 157 160 159 156 154 151 142 138 143 147 149 151 152
 152 152 152 152 151 151 151 150 149 147 146 145 141 138 135 134 133 134
 129 120 113 109 109 108 108 111 120 133 136 137 138 138 138 138 138 138
 137 139 140 141 139 137 135 134 131 133 136 137 137 137 138 139 140 136
 133 134 136 135 132 130 128 129 132 136 137 135 132 129 128 129 128 126
 127 129 130 128 130 131 132 132 132 131 132 133 135 137 138 138 139 142
 143  30]","[ 30  29 179 179 180 177 175 176 179 178 176 175 177 176 175 175 174 175
 177 178 178 176 175 175 176 175 175 175 176 177 176 176 172 172 173 175
 175 173 173 173 173 173 173 174 174 174 173 171 171 170 170 169 169 169
 168 166 166 165 166 167 169 169 169 169 169 169 169 168 168 169 167 166
 166 166 166 166 165 164 163 162 162 161 161 162 161 160 160 159 159 159
 157 154 155 155 154 155 156 156 153 153 152 143 139 146 148 150 152 152
 152 153 153 152 151 150 151 152 150 147 147 148 144 140 137 136 134 132
 127 121 120 116 114 112 112 111 115 128 137 139 141 141 139 137 137 138
 138 138 139 140 139 135 133 132 135 135 134 133 133 134 137 140 139 135
 133 133 134 133 131 129 130 131 134 135 134 132 129 128 128 128 128 127
 126 127 129 130 131 131 131 132 132 132 133 135 135 137 138 138 139 143
 143  29]","[ 30  29 179 179 179 177 176 178 179 179 176 176 178 177 175 175 174 174
 175 178 180 180 179 178 178 179 180 180 179 178 177 176 176 177 176 175
 175 175 174 172 173 172 172 172 172 171 171 172 171 172 173 172 171 169
 168 167 167 166 165 167 168 169 169 168 169 168 167 167 167 167 166 164
 166 166 166 165 164 164 163 163 162 161 161 162 162 162 161 161 161 160
 156 154 155 156 154 154 156 155 152 153 153 144 139 146 151 153 154 152
 153 155 154 152 152 151 151 153 150 146 145 148 143 140 138 138 135 133
 129 125 126 122 118 115 115 110 110 122 138 142 144 142 139 136 136 137
 141 138 138 140 139 135 132 133 136 136 137 137 136 136 137 138 138 136
 135 135 134 133 132 132 129 130 132 132 129 128 128 130 128 128 128 127
 126 126 129 132 134 131 130 131 132 132 133 135 135 137 137 137 139 143
 142  27]","[ 30  28 180 180 179 177 177 178 183 182 178 176 178 179 177 175 178 178
 177 178 180 179 177 179 178 179 180 179 178 178 177 177 178 176 175 175
 174 173 173 175 173 174 173 172 171 172 172 170 171 170 172 174 172 170
 169 166 168 166 165 167 170 172 171 170 169 167 166 167 166 164 163 164
 163 164 165 165 166 167 164 161 160 160 160 161 162 162 162 161 160 161
 161 158 156 156 157 158 159 157 155 154 150 147 145 145 149 153 155 154
 153 153 151 147 149 151 154 155 151 146 144 145 144 139 138 138 135 131
 129 129 129 124 122 121 116 111 111 113 130 138 141 143 139 140 137 141
 146 143 140 139 137 135 133 132 136 137 138 138 136 136 137 138 139 134
 134 136 135 134 135 137 133 132 131 130 129 129 128 128 129 129 129 127
 127 129 129 128 132 133 132 131 131 131 132 134 136 136 137 139 141 140
 139  29]","[ 29  29 179 179 177 176 178 179 179 178 175 174 179 182 180 179 177 178
 179 180 181 179 178 180 179 179 179 178 178 178 177 177 178 175 174 174
 174 173 174 176 177 177 175 173 172 172 172 171 169 169 170 172 171 170
 170 168 167 165 164 166 169 170 170 170 169 168 167 167 166 164 164 166
 164 163 164 165 165 164 164 164 161 161 161 161 162 162 162 161 159 159
 160 159 159 159 158 157 158 158 157 156 152 147 144 144 145 151 154 155
 154 154 153 150 151 152 154 154 152 148 145 144 143 138 138 138 135 132
 131 130 130 126 123 121 117 113 112 110 124 139 140 141 138 137 138 137
 142 140 138 137 136 135 135 136 138 139 140 140 138 136 136 137 136 133
 135 137 137 135 135 134 132 131 129 129 130 130 129 129 130 129 129 129
 128 126 125 125 132 133 131 129 130 132 133 134 136 137 137 138 139 138
 138  29]","[ 30  29 179 177 176 176 179 180 179 178 176 176 181 182 180 178 177 179
 180 181 182 180 179 180 179 179 178 178 178 178 178 178 179 176 173 173
 174 174 175 177 177 176 174 172 172 173 173 173 171 171 171 171 170 168
 167 167 166 165 165 166 168 169 169 170 168 167 167 167 165 164 165 168
 168 163 161 162 162 160 160 162 161 161 160 161 161 162 162 161 163 161
 159 157 157 158 158 158 159 159 160 158 154 149 145 143 142 148 153 155
 154 154 153 152 154 153 154 155 154 151 147 145 143 140 139 138 135 131
 131 131 130 128 126 123 118 116 113 109 116 138 139 140 139 138 140 136
 140 139 137 136 135 135 136 138 140 139 139 138 136 135 136 137 136 135
 137 139 138 137 136 132 131 130 129 130 130 131 131 130 129 127 127 128
 127 123 121 122 129 131 130 128 131 134 134 133 133 135 136 136 137 138
 139  30]","[ 30  29 180 178 177 177 180 181 180 181 179 180 182 181 177 175 178 179
 180 180 181 180 178 179 178 178 178 178 178 178 179 180 179 176 173 172
 173 174 175 176 177 175 173 172 172 173 174 174 173 173 172 171 169 166
 163 163 166 166 166 167 167 167 168 168 167 166 166 166 166 166 167 169
 173 167 163 164 166 165 163 162 162 161 159 159 161 162 162 162 163 161
 158 157 156 157 158 159 158 158 158 155 151 146 140 135 141 147 153 154
 153 152 152 151 155 154 153 154 154 152 149 147 145 142 140 138 134 131
 131 131 131 129 127 125 120 117 114 110 112 133 139 139 140 140 139 138
 140 139 137 136 133 133 134 136 139 138 138 137 136 135 135 136 138 137
 137 137 136 136 135 131 130 130 130 130 130 130 130 129 126 124 124 125
 124 122 121 123 126 130 130 129 133 137 135 132 131 133 134 135 137 139
 139  29]","[ 29  29 181 179 178 179 181 180 179 180 180 179 180 178 176 176 179 179
 178 177 179 179 177 177 176 178 179 179 178 178 179 181 178 175 172 171
 172 173 175 176 179 177 174 173 173 173 174 174 171 172 171 170 169 166
 162 163 167 167 167 167 167 166 166 166 168 167 166 167 168 168 168 168
 168 167 165 165 167 168 166 163 163 160 158 158 161 162 163 162 156 156
 158 159 159 159 159 160 157 157 156 155 155 153 147 141 141 146 151 152
 151 150 150 150 154 153 153 153 153 152 150 149 146 143 141 139 134 131
 132 133 133 130 129 128 123 118 115 113 112 125 137 137 140 140 136 139
 140 139 138 136 133 131 132 134 137 137 138 139 138 136 135 134 138 136
 135 133 131 132 132 129 128 129 131 131 130 129 128 129 125 125 124 122
 122 122 124 124 126 130 131 130 134 137 135 132 132 132 131 132 135 137
 138  28]","[ 29  30 181 180 179 180 181 180 179 179 178 176 176 174 175 178 179 179
 176 175 177 178 176 175 177 179 179 179 178 177 178 180 178 177 174 173
 174 175 177 177 176 174 171 171 172 172 172 173 172 172 169 167 168 165
 161 162 168 168 168 168 167 166 166 166 169 168 167 167 168 167 166 164
 162 165 166 165 164 164 163 161 162 160 158 158 159 161 161 161 156 156
 157 158 159 158 159 160 162 160 156 152 151 150 142 133 141 145 149 150
 150 149 150 151 153 154 154 154 153 153 152 151 145 143 142 140 135 134
 135 135 134 131 129 129 124 119 116 114 110 114 130 133 139 140 135 140
 139 138 137 136 135 134 134 135 139 138 137 136 135 134 134 135 134 134
 134 132 130 130 130 127 127 129 131 132 130 129 128 129 127 128 126 123
 122 124 126 126 128 131 130 128 131 133 132 130 131 129 127 129 133 136
 138  30]","[ 28  30 181 179 178 179 181 180 179 180 178 176 176 174 175 179 179 180
 177 176 177 178 177 176 179 179 178 178 177 177 178 179 179 178 177 176
 176 177 178 178 172 170 169 170 172 172 172 172 174 174 168 165 167 165
 161 164 170 169 169 168 167 166 167 168 168 168 167 167 166 166 164 162
 165 165 166 166 165 163 162 161 160 161 160 160 159 159 159 159 159 157
 156 157 157 157 158 160 157 157 154 152 154 156 150 142 141 143 146 148
 149 150 152 153 152 154 155 155 154 154 152 150 146 144 144 142 138 136
 136 135 133 130 129 128 125 123 120 115 110 108 123 131 138 139 138 139
 139 137 136 136 136 136 136 136 138 137 136 134 132 131 132 134 133 133
 133 133 130 130 130 128 130 130 131 131 130 129 128 127 127 128 128 127
 126 125 126 127 128 130 129 127 128 129 128 128 129 127 126 131 135 136
 137  31]","[ 28  30 181 178 177 179 181 180 178 179 179 179 179 178 177 180 180 181
 179 177 179 179 179 179 179 178 176 176 177 178 179 178 179 179 178 176
 176 176 177 177 175 172 171 172 173 173 172 172 175 175 167 164 167 166
 164 168 170 169 168 167 166 166 167 168 168 169 168 167 166 165 164 163
 165 161 160 162 165 164 161 161 161 163 164 163 160 159 159 160 156 154
 155 158 160 159 158 159 160 159 156 152 153 154 148 140 141 142 145 147
 149 151 153 154 151 153 155 155 154 153 150 147 147 146 145 144 139 137
 135 133 130 129 127 126 126 127 123 115 114 110 121 131 138 137 140 136
 138 136 135 135 136 136 135 135 133 135 137 138 135 132 130 130 134 133
 133 133 130 129 130 129 131 130 129 128 128 127 126 125 126 125 127 130
 129 126 126 129 128 130 130 129 129 128 127 128 130 129 130 136 138 135
 134  27]","[ 31  28 182 184 176 179 185 178 180 179 179 179 179 178 178 178 181 179
 178 179 179 178 179 181 179 177 176 176 177 179 179 179 180 181 179 176
 174 176 177 176 174 173 173 175 176 175 172 169 172 173 171 168 167 168
 169 167 168 168 167 167 167 167 166 165 166 166 167 167 166 165 165 165
 165 164 163 164 164 164 163 163 162 163 163 161 158 157 157 158 155 156
 156 157 158 160 159 158 157 155 153 153 154 155 152 145 138 139 142 146
 148 150 152 155 153 154 155 153 152 153 152 148 148 148 144 142 139 135
 135 135 132 128 126 125 125 125 122 118 113 113 117 124 133 137 138 139
 136 137 136 135 136 136 135 134 134 136 136 136 136 134 131 131 133 133
 132 131 131 131 131 129 132 131 131 131 126 123 123 123 122 123 126 129
 129 126 126 128 128 128 130 130 127 126 128 128 130 129 132 133 130 129
 134  29]","[ 30  28 190 184 183 186 177 179 180 179 179 180 179 179 179 179 179 178
 178 179 179 178 178 180 180 180 178 177 177 177 176 176 179 180 179 177
 175 176 175 174 176 174 173 173 174 174 171 168 169 170 169 167 166 166
 166 165 165 165 165 165 167 168 166 164 167 168 169 168 166 164 164 164
 165 164 164 165 165 164 162 161 161 162 163 162 160 158 157 157 155 156
 157 157 157 158 159 159 156 154 153 153 154 157 155 150 138 138 139 142
 146 148 150 152 152 153 152 151 152 153 151 147 149 149 145 142 138 135
 135 132 129 126 125 126 126 126 125 120 117 111 108 113 124 134 136 135
 136 137 138 137 137 136 134 132 133 134 135 136 138 136 133 132 131 131
 131 130 130 131 131 131 130 129 130 128 123 122 123 124 125 124 126 128
 127 125 126 129 131 130 130 130 127 126 126 125 127 131 133 128 130 134
 128  26]","[ 28  31 184 188 179 184 180 184 181 180 180 181 181 180 180 181 181 180
 180 181 180 179 178 179 179 179 179 179 178 177 177 177 179 179 179 176
 175 174 173 172 177 176 175 175 177 176 173 171 171 171 170 169 167 167
 167 169 169 167 166 165 167 169 168 165 165 166 168 168 167 165 165 166
 165 164 165 166 167 165 163 161 160 162 163 164 162 160 158 157 155 157
 158 157 157 157 159 160 158 156 155 155 155 158 157 153 147 144 143 145
 147 148 148 149 155 156 152 150 153 153 149 147 151 152 148 145 142 139
 137 132 129 126 126 127 128 128 126 121 118 114 109 110 118 127 132 133
 137 138 138 137 136 135 134 133 135 135 134 135 137 136 134 133 129 130
 130 130 131 131 131 130 129 130 131 127 122 122 124 124 126 125 126 127
 126 125 127 130 130 129 129 128 126 125 124 123 131 134 131 134 132 129
 130  31]","[ 32  28 184 179 182 181 178 177 181 180 180 180 180 180 180 180 182 181
 181 181 180 178 177 177 175 176 178 179 180 180 179 179 179 179 178 175
 173 173 172 171 172 172 173 175 176 175 174 172 173 171 169 169 167 166
 168 171 171 168 165 163 164 166 167 166 163 163 164 164 164 164 163 164
 165 164 164 165 166 165 163 161 159 161 162 164 163 161 159 158 157 158
 160 159 158 159 160 162 158 156 155 154 154 155 154 151 146 143 143 145
 148 149 150 150 154 155 148 145 151 151 146 145 150 152 148 145 143 140
 136 127 130 128 127 128 129 130 127 123 118 118 115 113 116 123 128 129
 136 136 137 136 135 134 133 132 134 134 132 131 133 133 133 134 131 131
 131 131 132 132 130 127 126 128 130 126 121 122 124 124 123 123 123 125
 125 125 126 129 129 128 129 128 126 125 125 124 127 130 130 131 133 131
 131  28]","[ 27  31 181 182 182 181 182 185 181 181 181 181 181 180 179 180 181 181
 180 180 180 180 179 180 176 176 177 179 181 182 181 180 179 179 179 177
 176 176 174 173 171 173 174 175 174 174 174 175 175 172 172 172 170 168
 169 172 171 169 167 164 164 166 168 168 167 166 164 165 166 165 164 164
 164 162 161 162 163 163 161 161 160 160 161 162 162 160 158 157 158 159
 160 160 160 160 161 161 157 155 154 154 153 153 153 150 146 144 144 145
 147 150 152 155 153 153 146 144 150 151 147 148 148 150 148 146 146 145
 142 134 132 128 126 125 125 127 127 125 123 121 117 114 116 123 130 133
 135 136 137 137 135 132 130 129 129 131 130 130 131 131 131 133 133 131
 129 130 132 133 131 128 125 127 130 128 124 125 126 125 122 123 124 126
 126 126 127 128 128 128 129 129 126 126 127 126 132 129 134 129 131 131
 128  32]","[ 31  25 181 186 180 184 182 177 182 181 181 181 181 180 180 180 180 180
 180 180 181 182 183 183 179 178 178 179 180 180 178 176 176 176 178 179
 179 177 175 174 174 175 175 173 171 171 173 175 172 171 171 173 171 168
 167 169 170 170 169 167 165 165 165 165 168 165 163 164 166 166 166 165
 166 164 162 162 162 162 162 162 162 162 162 162 161 160 159 158 158 158
 158 158 159 160 159 159 157 155 155 155 153 152 151 149 147 145 143 143
 144 146 150 154 156 155 150 148 151 152 150 150 150 151 146 144 144 143
 143 138 135 130 125 121 119 121 123 122 122 121 116 111 110 118 130 138
 140 138 136 134 132 130 130 131 131 133 134 134 134 132 130 131 132 129
 126 126 129 132 132 131 126 127 129 128 124 124 124 121 120 121 123 124
 124 123 123 124 122 123 126 127 125 126 129 130 127 122 123 131 130 130
 138  25]","[ 28  30 181 185 188 185 180 179 181 179 179 179 179 178 178 178 178 178
 179 179 179 181 181 182 178 178 177 177 177 178 176 175 175 175 176 177
 178 177 176 175 175 175 174 172 171 171 172 173 171 171 171 172 172 170
 169 169 171 172 172 170 168 167 167 166 168 166 165 166 168 168 168 168
 165 163 161 161 161 161 161 161 162 162 161 160 160 159 159 160 157 158
 158 157 157 158 158 157 157 154 154 154 152 151 151 148 144 142 141 142
 144 146 149 152 157 156 154 152 152 152 152 151 153 152 147 145 142 140
 139 136 135 131 128 124 121 123 124 124 121 121 119 115 113 117 127 135
 140 137 133 131 130 130 131 133 133 135 136 135 135 132 130 130 130 129
 126 126 128 131 132 131 128 126 126 126 124 123 122 120 121 121 122 122
 122 122 121 122 122 122 125 127 127 128 130 131 128 130 122 130 126 128
 130  28]","[30 30 26 30 28 26 31 30 29 29 29 29 29 28 28 29 29 29 29 28 28 29 29 29
 29 29 29 29 29 29 29 29 30 28 28 28 29 29 29 29 28 28 29 29 29 29 29 29
 30 30 29 29 29 29 29 29 28 29 29 29 28 29 30 30 29 29 28 29 28 28 28 28
 30 29 29 29 29 29 29 29 30 30 29 29 28 29 29 30 29 30 29 28 28 28 29 30
 30 28 28 29 29 29 29 28 30 29 28 29 30 29 28 29 29 28 29 29 28 28 30 29
 28 29 27 29 29 28 30 29 30 29 30 29 28 29 30 29 30 29 28 29 29 29 29 30
 30 28 28 30 30 29 28 29 29 30 29 29 30 29 28 29 29 29 29 29 29 30 30 29
 31 28 28 29 29 29 30 29 29 29 29 29 29 29 29 29 29 28 29 30 28 29 29 28
 27 28 28 31 30 27 29 29]"
