"[30 29 31 30 29 30 29 29 28 29 29 29 29 28 29 30 29 29 29 29 30 29 29 29
 29 29 29 29 29 29 29 29 30 29 28 28 29 30 29 29 29 29 29 29 29 29 29 29
 30 29 29 29 29 29 29 29 29 29 29 29 29 29 29 29 29 29 29 29 29 29 29 29
 29 29 29 29 29 29 29 29 29 29 28 28 28 29 29 29 29 29 29 29 29 30 29 29
 29 29 29 29 28 28 29 29 28 29 30 30 29 29 29 29 29 29 29 29 29 29 29 30
 29 29 29 29 29 29 29 29 29 29 29 29 29 29 29 29 29 29 29 29 29 29 29 29
 29 29 29 29 30 29 29 29 29 29 29 29 29 29 29 29 30 29 29 29 29 29 29 30
 28 29 29 29 29 29 29 29 29 29 29 29 29 28 29 29 29 29 29 29 29 29 30 29
 30 28 28 28 30 31 29 29]","[30 31 27 27 28 29 29 30 29 29 30 30 30 29 29 28 29 29 29 29 29 29 29 29
 29 29 28 28 29 29 29 28 29 29 30 30 30 29 29 29 29 29 29 29 29 29 29 29
 29 29 29 29 29 30 29 29 29 29 29 29 29 29 29 30 29 29 29 29 29 29 29 29
 29 29 29 29 29 29 29 29 29 29 30 30 29 29 29 29 30 29 29 29 29 29 29 28
 29 29 30 29 29 29 29 29 29 29 30 29 29 28 29 29 29 29 29 30 30 30 30 29
 29 29 29 29 29 29 29 29 29 29 29 29 29 30 30 30 29 29 28 28 29 29 30 30
 29 29 29 29 29 29 28 28 29 29 29 28 28 29 29 29 29 28 28 29 29 29 28 27
 29 29 29 28 28 29 29 28 29 28 29 29 30 30 30 31 29 30 30 29 29 30 30 30
 28 29 32 30 25 26 32 26]","[28 28 15 13 12 12 10 10 10  9  9  8  8  8  8  8  9 10 10 10 10 10 10 10
 11 10  9  9  9 10  9  8  8  9 10 10  8  7  7  7  7  7  7  7  7  7  7  7
  7  7  7  7  7  7  7  7  7  7  7  7  7  7  7  7  7  7  7  7  7  7  7  7
  7  7  7  7  7  7  7  7  7  7  7  7  7  7  7  7  7  7  7  7  7  7  7  7
  7  7  7  7  7  7  7  7  7  7  7  7  7  7  7  7  7  7  7  7  7  7  7  7
  7  7  7  7  7  7  7  7  7  7  7  7  7  7  7  8 10 10 10 11 11 12 13 13
 12 12 11 10 10 10 10 10 10 10  9  9 10 11 11 10 13 13 14 16 18 19 18 16
 16 16 15 14 14 14 15 15 16 15 16 17 18 19 20 21 24 23 21 19 20 22 23 22
 26 31 46 63 75 76 68 31]","[30 31 11 12 12 12 10 12 14 12 10  9  9  9  9  9  8  8  8  8  8  8  8  8
 10  9  8  8  8  7  7  6  8  9 10 10  9  8  8  9  8  8  8  7  6  6  5  5
  4  4  4  4  4  3  3  3  3  3  3  4  4  4  4  5  4  4  4  4  4  3  3  3
  3  3  2  2  3  3  3  4  3  4  6  5  4  3  3  3  5  4  3  2  2  3  3  3
  2  3  4  5  4  4  4  4  5  5  4  4  3  3  4  4  3  3  3  4  4  4  3  3
  3  3  3  3  2  3  2  2  3  3  4  5  7  8  9 10  9 10 10 11 11 12 12 12
 12 11 10  9  9  9  9  9  8  8  8  9 10 12 12 11 12 13 15 17 19 20 19 18
 17 17 15 14 14 16 17 17 17 16 16 17 18 19 21 22 26 24 22 23 24 24 24 24
 38 53 65 69 69 63 63 28]","[27 30 11 12 12 14 12 15 15 13 10  9 10 11  9  9 10 10 10  9  9  9  9  9
  9 10 10  9  8  7  8  8  7  7  7  8  8  8  8  8  9  9  9  8  8  7  7  6
  6  5  5  4  4  4  4  4  3  3  3  3  3  4  4  4  4  4  4  3  3  3  2  2
  3  3  2  2  2  2  2  3  4  4  5  5  3  2  3  3  5  4  3  2  2  3  3  3
  2  3  4  5  5  4  4  4  4  4  4  4  4  3  3  3  3  3  3  3  3  3  3  3
  3  3  3  3  3  3  3  3  3  4  5  7  8  9  9  9 10 10 11 11 11 11 11 11
 12 11  9  8  8  9  9  9  9  9  9 10 13 15 16 15 14 15 16 17 17 16 16 16
 20 19 17 16 16 18 19 18 17 17 16 17 18 18 20 21 23 23 24 26 25 24 29 35
 60 73 72 66 67 61 62 29]","[30 30 15 15 15 15 14 14 16 15 14 14 15 14 12 11 11 11 10 10 10 10  9  9
  7  8  9  8  7  7  7  8  8  7  6  7  8  9  9  9  8  8  8  8  8  8  8  8
  7  7  6  5  5  6  5  5  4  4  4  4  4  3  4  3  3  3  3  3  3  3  2  2
  4  4  3  3  3  3  3  2  4  4  4  4  3  3  3  4  4  3  2  2  2  3  3  3
  3  3  4  4  5  5  4  4  3  3  3  3  3  3  3  3  4  4  3  3  3  3  4  4
  3  3  4  4  4  4  4  4  5  6  7  8  9 10 10 10  9  9 10 10 10 10  9  9
  9  8  7  7  7  8  8  9  9  9  9 11 13 15 16 16 14 15 16 16 15 15 16 18
 20 19 17 16 17 18 19 19 17 17 17 18 18 18 19 20 25 24 25 25 24 30 44 57
 73 78 67 58 58 56 58 31]","[29 26 18 16 16 17 16 16 15 15 15 16 16 15 15 12 13 12 11 11 12 13 12 11
  9 10 10  9  8  7  8  8  7  6  6  6  7  8  8  8  7  7  7  7  8  8  8  8
  8  7  6  6  7  8  7  6  6  6  6  5  5  4  4  4  3  3  3  4  3  3  3  2
  3  4  4  4  3  4  3  2  3  3  3  3  3  3  3  4  3  2  2  2  3  3  3  3
  3  3  3  3  4  4  4  3  3  2  2  2  3  3  4  3  4  4  4  4  4  4  4  4
  3  3  4  4  4  5  5  5  6  7  8  9 10 11 11 11 11 11 11 10 10 10 10 10
 10  9  8  8  9 10 10 11 11 12 12 13 14 16 17 17 14 15 16 16 16 17 19 20
 18 17 16 15 17 19 19 19 18 18 18 19 20 20 21 22 24 23 22 24 32 45 59 68
 72 70 62 61 59 60 58 28]","[32 25 21 17 18 19 16 15 16 16 16 17 17 17 16 15 14 12 12 11 13 14 13 12
 11 11 10  9  8  7  7  6  9  8  7  7  8  9 10 10  7  7  7  7  8  8  8  8
  8  7  6  7  9 10  8  7  8  8  8  7  7  6  5  5  5  5  5  5  5  4  3  3
  3  3  4  4  5  4  4  3  2  2  2  2  3  3  4  4  3  3  3  3  4  5  5  4
  4  3  3  3  4  5  4  3  4  3  2  2  3  4  5  5  4  5  5  5  5  5  4  4
  4  4  4  4  5  5  6  6  7  7  8  9 10 11 11 11 11 10  9  9  9  9 10 10
  8  8  8  8  9 10 10 11 13 13 14 13 14 15 16 15 16 16 16 16 17 18 19 19
 17 16 15 16 18 20 22 21 19 19 20 22 23 23 24 25 23 23 25 34 51 67 71 67
 67 62 60 63 55 58 58 29]","[30 28 34 29 30 25 23 19 20 18 17 19 19 18 17 16 17 16 15 14 13 15 15 12
 12 14 12  9 10 10  9  8  8 10 10 11 11 12 11 10  9 11  8  7 10 11  8  8
  8  7  6  7  9  8  7  8  7  8  9  8  8  7  8  8  8  8  8  7  6  5  5  5
  4  4  4  3  4  4  4  4  3  3  3  3  2  2  3  4  3  4  4  4  4  4  4  4
  4  3  3  3  4  4  4  3  3  3  3  3  4  4  3  3  4  4  4  4  5  5  4  3
  5  4  3  3  3  4  7  9  7  7  8  9 10 10 10 11 11 10 10 10 10 10 10  9
  9  8  7  8  9 11 11 11 11 13 14 14 14 16 16 15 13 13 14 15 17 17 16 15
 16 16 16 16 18 21 22 21 17 19 23 22 26 27 22 24 27 25 39 58 65 67 68 65
 63 59 60 63 63 58 59 28]","[29 31 38 39 38 36 36 35 37 28 23 22 22 23 22 19 17 17 19 17 15 14 15 13
 12 13 12 11 12 11 10 12 11 12 12 12 12 12 11 11  8 10  9  8  8  8 10 13
 11  9  8  8  9  8  7  7  7  7  8  8  8  8  8  8  8  8  8  7  7  6  6  7
  5  5  5  5  5  5  5  4  5  4  4  4  3  3  3  4  4  4  4  4  4  4  4  5
  4  4  3  3  4  4  3  3  3  3  4  4  5  5  6  6  4  3  3  3  4  4  3  3
  3  3  3  3  3  4  6  8  8  8  8  9 10 10 10 10 10 10  9  9  9  9  8  8
  9  8  8  8  9 10 11 11 11 12 14 14 15 16 15 14 11 12 14 15 16 16 16 15
 17 17 18 18 19 20 20 20 21 21 22 21 23 24 24 33 40 53 66 68 66 66 66 63
 63 60 60 62 62 58 60 29]","[30 27 24 27 31 36 35 34 39 37 39 39 35 31 29 27 23 23 23 21 16 15 15 15
 15 15 14 14 14 12 11 14 15 14 14 14 13 12 12 12 12 11 12 11  9  9 12 14
 13 11  9  9  8  8  7  7  8  8  8  8  8  8  8  8  8  8  8  8  7  6  7  7
  6  6  6  6  6  6  6  6  6  5  4  4  4  4  4  4  5  4  4  3  3  4  4  4
  4  4  3  3  4  4  3  3  3  3  3  4  5  5  6  6  4  4  4  4  4  4  3  3
  2  2  3  4  4  5  6  8  9  8  8  9  9 10 10 10 10 10 10 10  9  9  8  8
  8  9  9  9  9  9 11 12 12 14 15 16 16 16 15 13 11 13 15 16 17 17 16 16
 17 18 20 21 21 20 19 19 19 17 17 19 23 25 29 40 51 66 72 66 64 64 62 60
 62 60 58 57 57 56 60 28]","[29 28 19 20 17 23 25 29 27 30 35 36 31 31 37 43 39 37 37 36 32 28 24 19
 18 18 17 16 17 17 17 17 17 15 15 15 14 13 13 14 13 10 12 13 11 11 12 11
 13 12 10  9  9  9  9  9 10 10  9  9  9  9  8  7  8  9  8  8  7  6  7  7
  7  7  7  7  6  6  6  7  6  5  4  4  4  5  5  5  5  5  4  4  4  4  4  4
  4  4  4  4  4  4  3  3  3  3  3  4  4  4  4  4  4  4  4  4  4  4  3  3
  3  3  4  5  5  6  6  8  9  8  7  8  9 10 10 10 10 10 10 10  9  9  8  8
  8  9 10 10 10 11 13 15 14 15 16 17 17 16 15 13 13 14 16 16 16 16 16 16
 17 17 20 23 23 21 19 19 17 16 16 18 25 31 40 53 68 68 65 62 60 58 56 56
 61 59 56 53 53 55 61 29]","[28 30 18 22 16 19 18 22 23 21 22 24 23 26 31 35 32 35 41 45 45 41 36 31
 34 35 31 27 28 29 26 23 20 19 19 18 17 15 14 14 12 10 11 14 12 13 15 13
 13 12 11 10 10 11 11 11 12 11 10 10 10 10  9  9  9  9  9  8  8  7  7  7
  9  8  7  7  6  5  6  7  7  6  5  4  5  5  6  6  5  5  6  6  6  6  5  5
  5  5  5  4  4  4  4  4  5  5  4  4  4  4  3  3  4  4  4  4  3  3  3  3
  4  4  5  6  6  5  6  7  9  7  7  8  9 10 10 10 10 10  9  9  9  9  8  9
  9 10 12 12 11 12 14 17 15 15 16 17 18 17 16 15 15 16 16 16 15 15 16 16
 17 17 19 22 24 22 20 19 19 21 20 22 31 43 57 69 71 61 59 60 54 51 54 56
 61 59 57 54 56 59 64 29]","[29 29 14 19 18 19 15 16 19 18 20 23 23 21 19 17 16 20 28 33 32 31 32 32
 39 41 39 35 37 40 38 34 25 27 27 24 20 17 15 12 13 14 16 14 12 13 14 15
 13 13 12 11 10 12 11 11 12 12 11 11 11 11 11 11 10 10 10 10  9  9  9  9
 10  9  8  8  7  5  6  7  8  7  6  6  5  6  6  6  5  5  6  7  8  8  8  8
  5  5  5  5  4  4  4  4  5  5  4  4  4  4  4  4  5  5  5  4  4  3  4  4
  4  4  4  5  5  4  5  6  8  7  7  8 10 10 10 10 10 10 10  9  9  9 10 10
 11 12 12 12 13 13 15 17 17 16 16 18 19 19 19 19 18 18 17 16 16 16 16 17
 18 18 19 21 22 23 22 19 18 23 22 29 46 60 68 69 59 52 55 58 53 53 57 56
 59 60 59 59 61 62 65 29]","[29 31 17 19 16 14 15 19 15 13 17 19 18 17 17 16 17 17 20 21 18 17 19 21
 23 26 27 27 31 35 35 34 36 40 42 40 37 34 30 26 21 24 24 19 17 17 16 15
 16 15 14 12 11 12 12 12 12 12 12 11 11 11 11 11 11 11 12 11 11 10 10 11
 10  9  9 10  8  5  5  7  7  7  7  6  6  6  6  6  5  6  6  7  8  8  9  9
  6  6  6  6  5  4  4  5  5  4  4  4  4  4  4  4  5  6  6  5  4  4  5  5
  5  4  4  4  4  4  5  7  8  8  8  9 10 10 10 10 11 10 10  9  9  9 11 12
 11 11 11 12 13 14 16 16 17 16 16 18 19 19 19 19 19 19 18 17 17 17 18 18
 18 20 20 19 20 23 24 21 22 30 33 45 62 69 66 58 54 54 58 60 57 57 57 55
 58 59 60 59 60 61 63 28]","[30 29 13 17 21 19 18 18 18 16 17 19 19 18 18 17 16 15 17 19 18 17 17 16
 18 20 21 20 22 22 21 22 24 31 36 37 37 38 36 31 34 38 36 32 33 33 27 23
 19 18 16 14 13 14 15 15 12 12 12 11 10 10 10 11 12 12 12 12 12 11 10 10
 10  9 10 11  9  6  5  6  5  6  6  7  6  6  6  6  6  6  6  6  6  7  7  8
  6  7  7  6  5  5  5  5  5  5  5  4  4  4  4  4  5  5  5  5  4  4  4  5
  5  4  4  4  4  4  6  8  8  8  9 10 10  9  9 10 10 10  9  8  8  9 11 13
 11 10 11 12 13 15 16 16 16 15 15 17 18 17 17 17 19 18 17 17 17 18 18 17
 18 20 21 18 19 23 25 24 32 46 52 61 67 64 60 54 47 55 61 61 60 56 54 57
 58 58 59 58 58 58 62 29]","[29 30 14 16 17 17 19 23 20 21 19 17 17 19 18 15 17 16 16 18 18 16 16 16
 17 18 18 17 16 17 17 17 17 18 19 20 20 20 23 27 32 38 42 42 43 46 45 40
 38 34 27 21 21 23 21 18 15 13 14 14 12 12 14 15 14 15 12 12 12 11 12 10
  9  9 10 11  9  7  8  8  8  8  8  8  8  7  7  8  8  7  6  6  5  6  6  6
  4  5  6  6  5  5  5  6  6  5  4  5  6  5  5  6  5  5  5  5  4  4  5  6
  5  4  3  3  5  6  7  7  8  9 10 10 10  9  9  9 10 10 10 10  9  8  9 12
 13 13 13 13 13 15 16 17 17 17 18 17 16 15 15 16 16 17 17 17 17 18 19 19
 20 19 19 20 19 21 28 37 53 63 68 65 63 62 58 53 47 56 62 63 62 59 57 58
 60 61 59 60 58 61 63 29]","[30 30 16 16 16 16 18 22 19 19 18 17 18 19 18 16 17 16 17 18 18 16 15 15
 17 18 17 16 16 16 17 17 16 16 17 17 16 15 16 18 17 19 21 23 26 29 32 33
 45 45 41 35 31 31 31 29 32 30 28 23 18 17 16 14 17 18 16 15 15 14 15 14
 14 11 11 11 11 11 11  9  9  8  8  8  9  9  9  8  8  8  8  8  8  8  8  8
  6  6  6  6  6  5  6  6  6  5  4  6  6  6  6  6  7  6  5  5  5  5  7  8
  5  4  3  3  4  5  6  6  9  9  9  9  9  9  9  9  9  9  9 10 10 10 11 13
 14 15 16 15 15 16 17 17 18 18 17 16 15 15 15 16 15 17 19 21 21 21 20 19
 20 22 22 19 18 26 41 53 67 68 65 61 62 65 61 53 48 56 62 64 64 62 60 60
 61 63 62 63 62 64 64 29]","[28 29 18 17 17 16 17 19 18 16 16 16 17 17 16 15 15 15 15 16 17 16 16 16
 18 18 16 15 15 15 15 15 15 15 16 16 16 15 15 15 17 16 15 16 17 17 18 22
 27 30 32 30 30 32 35 37 39 38 36 32 28 29 30 27 22 24 21 19 17 15 16 15
 16 12 11 11 13 15 15 13 13 11  7  6  7  9  9  8  7  7  7  8  8  8  8  9
 10  9  8  7  7  6  6  6  6  6  6  7  7  7  6  6  8  7  6  5  5  6  8  8
  8  7  6  5  5  6  7  7  9  8  8  8  8  9  9  9  8  8  8 11 12 13 13 13
 15 16 17 16 16 17 17 16 18 17 17 16 15 15 15 16 16 18 20 22 23 22 21 19
 21 24 24 24 30 44 58 66 66 63 60 55 54 59 60 53 49 56 60 63 64 63 62 64
 63 64 64 65 63 65 65 29]","[29 29 21 20 21 19 19 18 19 16 15 15 16 16 16 16 16 16 15 15 15 16 17 17
 19 18 16 15 15 16 15 14 15 15 16 16 16 16 16 16 17 15 15 16 14 12 13 17
 15 17 19 20 21 25 27 26 27 27 28 29 29 34 37 36 30 32 31 29 26 23 25 24
 24 20 17 15 15 16 16 13 10 10  9  9 11 12 11  8  9  9  9  9  9  9  9  9
 12 11 10  9  9  8  7  7  8  7  8  8  8  7  6  6  9  8  7  5  6  6  7  7
  8  8  7  6  6  6  7  8  7  6  6  7  8  9  9  9  9  9 10 12 13 14 13 13
 14 15 15 15 15 16 17 16 16 16 16 16 15 16 16 16 18 18 19 20 21 20 19 19
 20 21 23 30 45 61 66 64 59 58 58 55 51 56 60 56 51 55 58 59 61 62 62 65
 64 65 63 64 62 64 65 29]","[31 29 24 23 25 23 23 21 24 21 19 18 19 19 19 20 24 22 19 17 16 16 17 18
 19 18 16 16 16 17 17 16 17 17 16 15 15 15 15 15 14 15 15 14 12 12 13 14
 15 15 15 15 16 17 17 16 16 15 17 20 21 23 26 26 27 32 32 33 32 30 33 33
 36 33 30 25 20 18 18 15 11 11  9  8  8 11 13 13 13 12 11 10 10 10 11 11
 11 11 10 10 10 10  9  8  9  9  9  9  9  9  8  6  9  8  7  7  7  7  7  7
  7  6  6  5  5  5  6  6  6  5  6  7  8  9  9  8 10 11 12 13 13 14 14 15
 14 14 13 13 13 15 17 17 15 15 16 16 16 17 17 17 18 17 17 18 17 17 18 19
 25 26 32 43 57 66 65 61 59 54 55 55 54 59 60 53 53 56 57 59 60 60 60 61
 64 64 62 63 62 64 65 29]","[31 26 25 24 26 25 25 25 31 28 26 24 24 25 25 25 26 25 22 19 17 18 19 20
 19 18 17 17 17 18 18 17 16 16 15 14 14 15 15 15 16 18 17 14 12 13 13 13
 14 14 14 14 14 14 15 15 14 12 14 16 15 15 17 17 17 21 23 25 25 24 26 26
 35 35 34 31 26 26 26 25 23 22 19 14 12 13 15 15 13 12 10 10  8  8  9 10
 10 10 10 10 11 10 10 10  8  9  9  9 10 10  9  8  8  8  8  9  9  9  9  8
  7  7  6  6  6  6  6  6  6  6  7  7  8  8  8  8 11 12 13 13 13 14 15 16
 13 13 12 11 12 14 16 17 15 15 16 16 17 17 17 17 16 15 16 16 16 16 19 23
 31 38 50 59 63 62 59 57 56 52 52 54 56 59 58 52 53 56 58 60 61 58 56 57
 61 62 61 63 62 65 64 28]","[30 26 30 30 31 28 28 28 33 32 30 29 29 29 28 26 25 25 23 21 20 21 22 21
 20 20 19 17 18 18 17 16 15 16 15 14 14 16 17 16 14 16 15 13 12 14 16 16
 15 16 16 16 15 15 14 14 13 13 14 15 13 15 16 17 15 17 17 18 18 17 18 17
 23 24 26 25 24 27 29 28 26 30 32 30 28 26 22 17 17 16 14 12 11 10 10 10
 11 11 11 11 11 11 11 11  9  9  9  9  9 10 10  8  8  9  9 10 10  9  9  9
  8  8  8  8  8  8  7  6  7  7  8  8  8  9  9 10 12 13 13 13 14 15 16 15
 11 11 11 11 12 15 16 16 16 16 16 16 17 17 17 17 15 16 17 17 17 19 26 34
 42 49 59 63 60 54 51 51 53 54 56 58 59 59 58 56 53 56 59 61 61 59 56 58
 61 62 61 62 62 65 65 29]","[31 28 37 39 39 32 31 33 31 32 32 30 30 31 28 24 27 27 26 24 23 23 22 21
 24 23 22 21 20 19 18 16 16 17 17 15 15 16 17 16 16 16 16 15 15 15 15 16
 17 15 15 15 17 17 14 12 13 14 15 13 11 14 15 15 13 16 15 16 16 14 15 14
 16 16 16 16 17 20 22 19 20 23 24 24 26 30 31 30 26 25 23 21 18 17 16 16
 13 13 13 12 11 11 11 11 10 10 10  9  9 10  9  8  8  9 10 10  9  9  9  9
  8  8  8  8  8  8  6  4  7  8  8  8  8  9 11 12 13 13 13 13 14 16 15 13
 10 10 11 12 14 17 18 18 18 17 16 16 17 17 17 17 18 18 19 19 20 24 35 45
 59 60 61 59 56 55 53 52 54 57 58 60 62 59 55 54 55 57 59 61 62 60 60 63
 65 65 62 62 62 65 66 30]","[30 27 68 62 62 56 54 43 47 46 47 43 39 33 31 37 32 26 25 28 23 22 24 24
 26 27 22 22 21 18 21 18 16 19 18 17 18 14 20 17 17 15 15 17 15 15 16 17
 16 17 16 16 17 16 14 14 14 13 11 10 12 14 15 15 15 17 16 16 16 15 12 13
 15 15 15 15 14 15 14 16 17 16 15 15 17 20 22 24 24 23 23 23 24 23 21 19
 16 17 18 16 14 12 12 13 10 11 12 11 10 11 10  9  9  9 10 10  9  8  9 10
  7  8  8  9  8  7  6  5  7  9 10  9  8  8 10 13 14 14 14 15 15 15 14 13
 14 14 13 13 14 15 17 18 18 18 17 16 17 17 17 20 17 18 20 22 26 33 44 53
 55 56 57 57 55 54 55 57 56 56 56 59 61 60 56 53 57 58 59 60 62 64 65 65
 65 66 64 64 66 64 65 28]","[30 29 86 78 80 76 73 67 68 69 71 68 62 55 49 50 38 29 26 24 23 26 30 31
 32 31 27 24 24 23 24 21 21 21 18 19 23 20 21 19 18 18 19 19 17 17 18 16
 16 17 15 15 16 15 12 12 13 13 14 14 14 15 14 14 15 16 15 15 16 15 14 14
 14 14 14 14 13 12 14 15 15 14 13 13 14 15 16 16 16 16 17 18 20 21 21 21
 19 21 23 23 21 19 17 16 17 16 15 15 14 12 11 12 12 11 11 11 11 10  9  9
  8  9 10 10  9  8  8  8  8  9 10 10  9  8 10 11 11 12 14 15 16 16 15 13
 16 16 16 16 16 17 17 17 19 19 18 17 19 18 18 20 22 21 23 30 36 42 49 55
 56 55 55 55 54 54 57 60 58 57 56 58 60 60 58 56 61 61 60 61 62 65 65 65
 65 68 66 66 67 64 65 29]","[28 30 99 89 93 92 89 90 90 89 85 78 75 74 70 71 71 73 74 71 61 49 39 33
 32 29 26 21 21 25 23 21 24 24 22 21 23 25 21 26 19 19 18 17 16 19 21 18
 17 18 17 15 17 18 16 16 13 14 15 16 16 15 15 15 16 17 16 15 16 15 13 14
 14 14 13 12 11 11 13 15 15 14 13 13 12 12 12 12 12 12 12 13 14 15 16 17
 16 17 20 22 23 22 20 19 22 20 20 22 20 16 13 14 16 14 12 13 13 12 10  9
  9 10 11 11 10  9  9  9  8  9 11 11 10 10 10 11 12 13 15 16 16 16 14 12
 16 16 16 17 16 16 16 16 18 19 18 18 19 19 19 22 23 23 29 40 49 51 53 56
 52 51 51 52 52 52 55 59 58 57 57 58 60 61 61 60 63 62 60 60 61 64 65 64
 68 71 71 70 69 65 67 29]","[28 28 94 88 90 90 89 95 95 94 91 86 89 92 85 80 75 81 84 82 79 74 70 69
 68 64 60 49 44 44 37 33 27 30 28 24 27 31 19 22 27 22 18 17 18 22 25 23
 21 22 20 17 16 16 15 15 19 17 17 17 16 15 15 16 15 16 16 16 16 15 12 13
 15 15 14 13 12 12 13 14 16 16 15 14 14 13 12 12 13 13 12 11 10 10 11 11
 11 12 12 15 18 19 19 19 16 16 18 22 24 22 20 19 19 17 15 15 15 14 13 12
 12 13 13 12 11  9  9  9  8 10 11 11 10 10 10 11 12 13 14 15 15 15 15 14
 16 16 16 16 16 15 15 15 17 19 19 19 19 20 22 26 24 29 40 51 56 56 55 55
 53 52 53 55 55 54 56 59 58 58 59 60 62 63 63 62 62 62 61 60 61 63 66 67
 70 73 73 73 71 67 68 28]","[30 28 81 84 82 82 83 89 91 90 88 86 93 98 90 83 88 91 92 91 92 89 82 76
 81 80 81 72 69 70 65 62 66 64 55 43 44 50 33 32 28 21 18 18 21 24 24 23
 24 24 22 20 20 20 19 21 24 21 19 18 18 17 16 16 15 15 15 15 16 15 14 15
 16 15 15 14 13 12 12 13 15 15 14 14 14 14 14 14 13 12 12 11 11 11 11 11
 11 10 10 11 13 15 15 14 13 13 14 16 19 20 19 16 19 18 17 17 17 17 17 18
 16 15 14 14 13 13 12 11  9 10 11 10  9  8  9 11 10 11 12 12 13 15 17 17
 16 16 16 16 16 16 16 16 16 19 19 19 19 20 25 31 33 44 55 59 57 55 54 53
 55 53 54 56 57 55 56 59 60 60 60 60 61 63 64 63 63 64 64 63 62 65 68 71
 70 71 70 69 68 67 69 28]","[30 29 73 81 78 77 80 83 87 82 78 75 81 89 89 89 93 93 92 91 92 94 92 89
 85 87 89 85 83 83 81 79 79 79 75 65 68 75 66 66 55 47 41 39 36 30 24 19
 25 23 21 22 24 22 21 23 23 22 21 20 21 22 21 19 20 20 17 15 16 15 15 17
 16 15 15 15 15 13 13 13 14 13 13 13 14 15 15 15 13 13 12 12 12 12 12 12
 10 10 10 11 12 13 13 12 14 13 11  9 11 13 13 11 15 15 16 16 16 16 18 20
 17 16 15 15 16 16 15 14 12 12 12 11  9  9 10 11 11 12 12 12 13 15 17 18
 17 16 16 15 15 16 17 18 17 19 19 19 20 23 30 37 48 58 64 60 53 51 52 52
 56 53 52 55 56 54 55 58 62 62 61 59 58 61 63 64 64 66 68 66 64 65 68 71
 69 67 65 65 64 66 70 28]","[29 30 74 79 76 75 80 81 80 78 77 74 76 80 83 89 91 89 90 89 85 85 86 84
 82 86 87 89 89 88 90 88 84 89 96 91 89 86 80 78 77 73 70 68 65 63 60 56
 48 41 36 36 37 30 23 22 25 26 25 22 23 25 25 22 23 23 20 18 18 17 16 17
 15 15 15 16 16 15 14 14 15 14 14 14 15 15 16 16 14 14 13 12 12 12 11 11
  8  8  9  9 10 11 12 13 10  9  9  9 10 11 13 14 12 13 13 14 14 14 15 16
 15 14 14 14 15 16 16 16 14 14 13 13 12 12 12 12 13 14 14 13 13 14 16 16
 17 17 15 15 15 16 17 18 17 19 19 22 27 33 41 48 56 59 59 55 52 52 54 54
 57 54 54 57 58 56 55 58 61 62 61 58 57 60 63 64 65 67 69 68 65 65 66 68
 69 67 67 67 66 69 73 29]","[29 30 79 77 75 74 81 81 80 79 79 75 72 71 75 86 84 78 79 81 80 82 84 81
 76 80 80 84 86 85 90 88 86 87 93 89 89 84 83 83 85 83 80 77 75 78 80 78
 88 78 70 70 69 58 47 43 31 32 30 24 23 23 24 21 20 21 20 20 20 19 18 18
 15 15 15 16 16 16 15 16 16 16 15 15 16 16 16 16 15 13 12 11 12 12 11 11
 10 10  9  9  9 10 12 14 12 11 12 13 11  8  9 12 12 13 13 14 13 12 12 13
 12 12 12 12 13 14 15 16 15 14 12 13 14 15 14 13 11 12 13 13 14 15 16 16
 17 17 16 16 16 17 18 18 19 20 21 26 35 44 53 60 57 55 52 51 53 56 57 56
 54 52 53 58 58 54 52 53 57 60 60 58 58 61 63 64 65 68 69 68 66 65 66 66
 69 69 71 73 72 73 75 29]","[29 29 76 75 73 72 74 77 77 79 80 76 73 74 77 80 80 71 72 79 80 80 79 75
 75 74 77 78 75 76 80 80 81 81 80 81 81 83 86 90 98 96 91 86 83 83 83 83
 87 84 84 86 83 78 82 90 75 63 67 72 60 51 46 37 35 34 26 25 19 17 18 20
 17 22 16 18 19 18 16 15 18 16 16 17 19 19 18 17 15 13 12 13 15 13 12 14
  9 10 10 10 11 11 13 13 14 11 10 12 11 10 11 12 13 15 14 13 13 12 10  9
 11 11 11 11 10 10 10 11 12 12 12 12 11 11 12 13 12 12 13 16 15 13 14 16
 17 15 16 15 16 17 17 21 24 22 31 40 47 54 57 59 54 52 50 51 55 57 56 58
 55 54 53 53 54 52 51 55 56 61 65 64 62 63 64 65 66 65 68 69 65 62 64 66
 65 67 70 74 74 72 72 29]","[29 29 74 72 70 69 71 74 75 76 76 74 72 73 78 82 80 73 74 78 77 77 78 74
 74 73 75 76 74 75 76 74 73 74 74 74 74 75 77 77 78 76 75 75 77 80 83 84
 84 82 84 89 88 83 82 87 84 77 79 81 78 80 79 67 69 67 65 64 59 43 31 22
 28 29 22 23 18 15 15 16 19 19 19 19 18 17 17 18 17 18 15 12 13 15 13 11
 10  9  8  9 11 12 13 11 13 11 12 14 12 10  8  6 12 14 13 12 12 11 11 12
 12 12 11 11 10  9  9 11 10 10 10 10 10 10 10 11 10 10 11 14 15 14 14 15
 17 16 16 15 16 18 18 23 24 32 46 52 53 56 54 53 53 51 49 52 56 56 55 57
 57 54 52 50 50 50 52 55 55 60 63 63 62 63 64 65 65 65 66 65 64 65 67 66
 66 68 71 73 71 69 71 30]","[30 29 73 71 69 69 70 72 75 74 74 73 72 73 76 80 77 74 75 76 73 73 75 74
 74 72 73 73 73 74 75 72 69 71 72 73 73 73 73 71 74 71 70 73 76 77 78 79
 79 78 79 84 85 83 83 86 86 84 85 85 87 95 97 90 89 82 77 75 78 71 72 69
 54 49 44 48 44 38 32 29 22 19 17 17 17 15 17 20 15 16 15 17 19 18 16 16
 11 13 14 13 10  9 12 15 14 13 13 13 12 13 13 12 13 13 11 11 11 10 11 15
 13 13 12 11  9  8  8 10  9 10 10 10  9  9  9 10  9  9 10 13 16 15 15 15
 16 16 16 15 17 19 19 25 27 42 56 55 52 53 50 48 50 49 49 52 56 55 54 56
 57 54 52 51 48 51 56 57 56 59 62 62 62 63 65 66 67 68 68 66 65 69 68 63
 65 67 70 71 68 67 71 30]","[30 29 74 74 73 72 72 73 74 75 75 73 73 74 74 75 71 72 74 74 70 70 72 71
 73 72 71 71 72 75 76 74 66 68 70 72 72 71 70 71 72 69 68 72 74 73 72 72
 77 78 77 76 76 77 77 76 78 78 79 81 81 82 85 88 90 88 87 89 89 81 81 81
 78 72 68 74 73 75 73 71 56 52 50 50 46 36 26 21 20 18 15 16 16 14 14 17
 19 16 15 13 15 16 15 14 16 15 14 13 12 15 17 15 14 13 12 11 11  9 10 15
 14 13 12 12 11  9 10 10 11 11 11 11 10 10  9  9 10 10 12 15 17 16 16 15
 16 16 18 16 18 22 25 31 42 55 60 52 49 51 50 52 50 51 51 53 56 57 56 57
 57 55 57 58 55 58 63 61 59 60 61 61 62 63 65 66 67 69 70 68 68 70 68 61
 63 66 69 70 68 68 71 29]","[29 28 75 76 76 75 73 73 74 76 76 74 73 75 75 72 67 71 75 74 71 70 70 69
 70 71 70 69 71 73 73 73 68 67 69 72 70 67 68 73 71 68 68 71 73 71 69 68
 72 77 77 72 71 74 73 69 69 70 73 75 73 70 71 76 82 83 82 86 82 77 76 78
 79 78 80 82 75 77 76 75 75 72 70 71 69 61 52 47 41 46 46 39 34 30 23 18
 15 13 15 13 14 17 17 19 19 18 18 17 16 17 17 14 15 15 13 13 13 11 11 15
 15 13 12 13 13 12 11 10 12 12 11 11 11 10 10  9 12 13 15 16 17 16 16 16
 16 16 17 15 20 28 36 45 56 61 60 51 49 51 51 55 53 55 54 53 56 58 58 58
 59 58 62 64 62 65 68 65 62 62 61 61 62 63 65 66 65 66 67 68 67 69 68 65
 68 69 70 70 69 69 72 29]","[29 29 76 77 77 76 74 73 75 77 76 75 75 77 77 75 71 74 77 76 75 73 71 70
 69 73 72 71 72 72 70 69 72 72 73 73 69 65 67 72 72 71 72 73 74 72 69 68
 71 77 76 70 67 71 72 69 65 67 70 71 72 71 69 67 60 64 65 76 77 78 76 76
 75 79 86 89 85 86 81 80 83 81 77 74 72 72 73 75 69 76 78 73 65 56 47 44
 32 32 35 27 19 18 17 23 20 17 16 15 14 16 17 17 16 16 15 16 17 15 13 15
 15 13 13 14 15 15 13 12 12 11 11 10 11 11 10 10 12 14 16 16 16 15 15 16
 16 15 15 16 25 37 46 55 56 56 57 54 53 54 52 55 56 57 55 53 54 57 57 58
 61 59 62 63 62 64 66 64 65 64 63 63 64 65 66 67 66 65 65 66 65 67 69 70
 74 74 72 70 69 70 73 29]","[30 29 75 75 76 75 75 75 76 75 76 77 78 76 75 75 75 76 75 76 77 75 73 72
 72 76 75 73 75 74 71 69 72 74 74 72 68 65 66 68 68 69 71 72 72 72 71 70
 73 76 74 69 65 65 66 66 65 67 69 70 71 73 71 65 65 66 64 67 68 69 71 70
 73 73 73 73 70 71 65 68 74 75 76 75 75 77 79 80 80 82 81 76 70 64 66 73
 72 62 58 48 43 41 31 30 32 26 21 19 16 16 18 19 18 18 17 18 20 19 17 16
 15 15 15 16 16 16 15 15 13 12 11 11 11 12 12 12 11 14 15 15 15 15 15 16
 17 18 22 27 40 51 53 56 52 52 57 57 55 55 55 57 56 55 54 54 55 54 55 58
 61 59 58 59 60 60 60 60 64 64 63 64 65 66 66 67 68 66 65 65 64 67 71 72
 75 75 73 72 71 72 73 28]","[30 28 73 72 73 74 75 77 75 72 74 79 79 73 70 72 76 74 72 72 75 74 72 72
 75 78 76 73 76 77 73 72 72 76 77 73 69 68 67 66 68 71 72 72 70 70 69 68
 63 65 68 69 68 65 64 65 67 66 69 71 69 70 70 65 64 66 66 64 66 63 67 65
 64 65 66 65 61 58 53 62 72 73 72 71 73 77 77 74 73 81 82 75 70 71 75 79
 77 67 64 59 60 63 55 53 55 48 41 36 29 23 21 21 20 20 19 19 22 22 18 16
 15 16 16 17 16 16 16 17 16 14 13 12 12 13 13 13 11 13 14 14 14 15 16 16
 19 23 32 44 58 65 57 52 51 50 56 55 50 50 52 55 56 53 53 56 57 54 54 60
 60 58 56 57 59 57 56 58 61 61 62 64 65 65 65 66 66 65 65 65 65 70 73 73
 71 73 74 74 73 73 74 28]","[31 29 73 73 73 73 74 75 75 75 80 77 78 75 65 72 74 72 71 72 72 71 72 74
 76 78 77 74 72 74 75 75 73 71 73 71 66 69 74 70 68 70 69 69 70 70 67 66
 64 64 63 65 69 68 66 67 67 66 67 68 69 69 69 68 67 65 64 65 65 61 59 62
 64 65 65 65 65 64 61 57 65 66 66 66 69 72 70 66 61 65 67 65 65 69 72 72
 70 68 70 73 74 73 71 67 70 71 68 59 51 50 49 45 44 45 41 34 32 32 27 20
 17 19 21 18 13 16 19 16 16 16 15 15 15 15 14 13 12 12 12 13 14 15 17 19
 25 33 46 56 62 64 57 47 46 48 51 53 50 47 49 54 57 57 57 56 57 58 60 60
 57 58 58 58 58 57 57 57 61 62 63 63 61 61 64 68 66 65 64 64 66 72 74 72
 73 74 74 75 74 74 74 28]","[27 28 74 72 72 72 73 73 73 78 76 75 77 73 69 68 73 72 72 74 74 73 73 75
 75 78 79 76 71 71 73 76 74 73 76 76 72 73 75 71 67 67 64 64 69 71 70 69
 68 66 66 70 70 63 63 71 70 67 66 68 70 70 70 70 72 68 63 62 61 58 57 60
 67 67 66 65 64 64 64 62 59 60 61 62 65 68 68 66 62 64 66 66 65 63 62 61
 66 67 70 70 68 68 71 72 72 74 73 67 64 67 67 61 60 62 59 53 50 50 47 42
 33 32 32 26 20 21 23 20 20 19 17 16 16 17 17 17 15 15 16 16 17 18 22 25
 34 41 50 54 55 55 52 46 45 48 53 55 54 52 52 54 53 55 56 57 58 58 58 57
 55 55 56 59 61 61 61 62 61 63 64 63 62 61 63 64 65 65 65 65 66 70 73 72
 74 74 74 74 73 74 74 29]","[28 30 76 73 71 71 71 71 75 84 75 74 75 71 75 68 71 71 73 76 76 74 74 75
 75 77 78 75 71 70 72 75 73 73 77 77 74 74 75 71 68 68 66 66 70 72 73 73
 73 71 70 72 74 72 69 70 67 64 64 67 71 71 71 71 69 67 63 62 62 61 62 65
 68 69 68 65 63 62 63 63 57 57 58 60 62 64 65 66 60 59 60 62 63 62 62 63
 64 65 66 62 57 57 60 60 63 65 65 61 62 68 67 60 62 65 64 60 58 60 60 58
 56 52 48 43 39 38 35 30 30 26 22 20 18 17 17 17 18 18 18 18 19 22 28 32
 45 47 50 51 51 53 52 46 47 50 54 57 58 58 55 53 51 53 56 57 58 59 57 56
 59 57 57 61 63 62 61 61 62 64 65 65 64 66 66 66 65 65 65 65 65 69 71 71
 74 74 73 73 73 74 74 29]","[30 32 78 74 72 73 74 72 79 87 76 73 73 71 78 73 71 72 75 77 77 75 74 75
 74 74 73 73 73 72 72 74 73 73 75 75 72 72 73 71 70 73 73 72 72 71 71 74
 75 73 70 71 77 77 71 66 64 65 67 69 72 72 70 67 67 67 65 65 67 65 64 65
 68 70 69 66 63 61 60 59 59 58 57 58 58 59 61 63 64 60 57 57 60 63 64 64
 59 58 58 57 57 59 58 53 56 57 58 56 56 60 59 54 57 60 61 59 59 61 62 61
 65 63 60 59 56 54 51 47 47 42 37 34 31 28 25 23 24 23 22 22 24 28 34 39
 44 43 44 44 45 49 49 44 50 52 53 55 59 60 57 51 53 55 57 58 58 59 60 61
 59 57 57 61 63 62 61 61 62 64 65 65 67 71 72 71 67 65 64 65 66 70 71 70
 74 74 74 74 73 74 75 29]","[28 30 77 76 77 79 78 75 79 82 78 75 74 73 78 77 75 76 78 79 77 76 75 75
 75 74 73 74 73 72 73 74 74 74 74 74 72 72 72 71 72 75 76 75 73 70 69 71
 76 73 71 73 73 67 63 66 69 73 75 73 72 72 68 62 64 66 66 68 70 69 66 65
 67 68 68 66 64 63 62 60 60 58 57 56 56 56 58 60 63 60 55 54 58 63 64 61
 58 55 54 56 60 63 59 51 54 54 57 58 57 57 58 57 56 58 58 58 58 59 59 57
 59 61 62 61 60 58 56 56 56 52 48 47 46 42 38 34 32 31 30 31 33 36 39 41
 41 41 42 41 40 44 48 48 54 53 51 52 57 61 58 52 54 57 59 59 59 60 64 66
 61 59 59 61 60 58 57 58 62 63 64 63 66 71 74 73 69 65 64 66 69 73 74 72
 74 74 74 75 75 75 75 29]","[29 29 77 79 81 83 80 76 77 78 80 79 77 77 78 80 80 80 80 79 78 76 75 75
 76 77 78 76 73 72 74 76 75 76 75 75 74 73 71 71 76 76 75 75 76 74 71 71
 76 76 74 73 70 66 66 69 74 78 78 74 71 71 68 63 65 68 68 69 72 72 69 67
 64 66 66 65 65 66 66 65 63 62 60 59 59 60 61 62 60 58 53 50 55 62 65 63
 61 59 58 58 59 60 58 52 53 52 55 58 56 53 54 55 52 52 53 53 54 54 54 53
 60 59 56 54 57 56 52 49 51 50 49 48 49 49 46 42 39 38 39 40 41 41 39 39
 41 40 40 40 40 46 51 52 54 53 52 52 56 60 59 55 55 57 59 60 60 62 64 66
 65 65 64 62 59 57 57 58 63 64 64 63 64 68 71 72 69 65 64 67 71 75 76 74
 73 74 75 76 76 76 75 28]","[30 30 77 78 81 82 80 78 76 77 81 81 80 80 81 81 81 82 81 80 78 78 78 77
 79 81 80 77 73 73 75 76 77 77 76 75 76 74 72 73 77 77 76 78 80 78 74 73
 75 77 76 73 73 74 72 71 75 76 76 74 73 72 70 67 69 71 70 69 71 70 67 64
 63 65 66 65 65 66 66 65 66 65 64 63 64 66 65 63 62 59 55 52 54 58 61 61
 61 60 62 63 61 61 61 60 56 53 54 56 55 53 52 51 49 50 50 51 52 52 52 53
 58 58 53 50 54 54 48 43 46 48 48 46 46 47 47 45 42 42 44 46 46 44 42 40
 40 37 36 37 41 47 51 50 51 53 54 55 57 58 58 57 56 57 59 59 61 62 64 64
 63 64 63 62 61 63 65 66 66 66 66 65 65 66 69 70 68 66 67 70 72 74 75 74
 74 74 75 76 77 77 75 28]","[30 28 73 74 77 79 81 81 77 79 80 81 80 80 84 81 82 82 81 80 80 81 81 81
 81 82 79 75 74 76 76 75 79 78 76 75 76 75 74 76 74 76 79 81 81 77 73 73
 73 73 74 76 77 73 70 71 76 74 74 76 75 72 70 69 64 66 66 66 68 69 66 64
 64 67 68 67 65 65 64 63 65 65 64 63 64 66 64 60 57 57 58 59 58 56 57 58
 59 59 62 64 61 60 60 60 58 55 54 56 56 56 53 49 50 50 50 50 50 49 50 51
 47 55 56 52 51 50 47 46 45 49 48 43 39 41 42 41 44 45 47 48 48 47 47 47
 39 39 41 42 41 44 48 49 47 52 57 58 57 56 56 56 59 58 57 58 60 63 63 62
 63 64 63 61 62 65 68 68 66 66 67 68 67 66 68 70 68 69 72 74 72 72 74 75
 74 75 75 77 77 77 76 29]","[29 29 74 71 77 82 80 81 82 78 76 78 82 84 83 82 83 82 82 82 81 81 82 81
 80 82 81 77 78 83 83 80 81 80 79 80 80 79 76 73 75 75 77 80 80 79 78 78
 77 74 77 78 78 77 71 71 73 73 73 74 76 76 74 72 66 66 65 64 65 67 66 63
 64 67 67 65 65 66 66 63 65 64 64 64 64 63 60 56 56 59 59 57 59 57 54 54
 58 57 60 61 58 58 59 56 56 55 57 57 56 59 58 51 50 54 55 51 50 51 51 51
 49 51 53 52 50 50 48 47 49 49 47 42 38 37 39 41 43 44 46 50 50 49 49 50
 41 45 46 43 46 49 47 43 47 50 54 58 57 55 56 60 57 58 58 59 61 62 61 62
 62 62 62 63 64 65 69 71 67 68 65 65 69 69 66 67 69 71 73 75 75 75 75 76
 76 75 76 77 77 78 77 29]","[29 31 78 77 81 84 82 85 86 83 81 82 84 85 84 83 83 83 83 83 81 82 83 81
 80 82 81 79 80 84 87 86 81 80 81 82 83 81 79 77 77 77 79 80 82 82 81 81
 80 76 78 79 79 78 72 72 74 74 75 75 76 75 74 73 72 73 73 70 67 66 67 67
 66 66 63 61 62 65 67 66 66 64 64 64 62 61 59 55 54 57 57 57 58 57 55 58
 59 58 58 58 56 55 55 54 54 54 57 59 56 56 56 52 52 54 52 50 51 52 52 51
 50 50 51 51 49 48 49 49 49 48 45 40 37 36 37 38 42 43 46 49 50 49 47 46
 43 47 48 47 46 46 48 50 50 50 53 56 57 56 57 59 57 59 58 57 59 61 61 62
 61 61 63 64 66 66 68 70 70 69 65 63 68 69 66 66 67 69 72 75 76 76 77 78
 77 76 76 77 77 79 79 30]","[28 31 81 82 83 83 81 85 88 86 84 84 84 84 83 83 86 86 86 85 83 85 85 83
 80 82 84 83 83 84 84 84 81 80 81 84 85 83 81 80 79 80 81 81 82 84 83 82
 81 78 79 79 80 79 74 73 74 75 76 76 76 75 75 75 74 76 76 74 71 69 70 73
 69 66 62 60 62 66 68 68 63 63 64 64 62 62 62 60 59 61 60 60 59 57 57 60
 61 60 58 59 59 56 54 55 54 52 55 58 57 55 55 53 55 54 51 51 54 54 51 49
 50 47 47 47 45 46 49 48 45 44 42 39 36 36 37 38 41 43 46 48 50 49 46 43
 44 47 48 48 45 42 47 55 54 52 51 54 57 59 59 60 58 59 58 58 60 62 63 63
 62 62 63 65 66 66 66 67 69 69 67 67 71 72 67 63 66 68 71 74 76 77 78 79
 77 76 75 76 76 79 79 30]","[28 30 82 84 83 80 78 82 85 84 84 83 83 82 82 83 88 87 88 87 86 86 87 86
 82 83 85 84 82 80 80 81 82 80 81 84 86 85 82 81 79 81 82 81 81 82 82 80
 81 80 80 80 80 80 78 77 75 77 78 78 77 76 77 78 77 76 75 76 75 73 72 73
 72 69 66 65 66 69 70 70 64 65 67 66 64 64 65 64 64 64 64 64 62 59 59 62
 61 60 58 61 64 59 54 55 56 53 52 54 56 57 57 56 55 53 50 51 54 52 48 48
 52 47 45 44 42 45 48 46 43 43 42 39 36 36 37 38 40 44 47 49 50 50 48 45
 45 47 47 47 44 42 47 57 57 53 51 53 57 61 62 63 58 58 57 60 64 64 63 64
 64 65 65 65 65 64 65 66 66 68 68 69 72 74 70 65 67 69 71 74 75 76 76 76
 76 76 77 76 75 78 78 30]","[29 29 82 85 84 81 80 82 82 83 83 83 82 81 82 84 86 84 85 87 86 86 87 87
 85 84 83 81 79 79 82 86 84 81 81 85 88 87 84 81 75 79 82 80 80 81 82 81
 82 84 84 82 81 80 80 79 80 81 82 81 79 79 80 82 81 79 77 77 76 73 71 71
 73 72 70 70 70 71 72 73 70 71 72 70 65 63 63 62 62 61 64 66 65 63 62 64
 61 59 57 59 63 59 53 53 55 55 53 51 52 56 58 58 54 52 49 50 52 51 50 51
 57 52 48 45 45 49 50 45 44 46 45 41 37 35 36 37 39 44 48 49 49 50 50 49
 46 47 46 46 47 47 51 57 58 54 52 53 57 61 63 65 59 57 57 62 66 62 57 58
 65 66 67 67 66 65 66 67 68 69 69 68 69 73 73 70 69 70 72 73 74 75 74 73
 77 78 80 79 76 78 78 30]","[29 28 81 85 84 84 83 84 82 82 83 83 82 81 81 83 82 80 82 84 84 85 87 87
 86 86 85 83 82 82 84 87 84 82 82 84 86 87 84 81 74 78 81 81 81 82 84 84
 85 89 87 84 81 80 82 81 83 84 84 82 81 80 81 83 81 81 81 79 75 72 71 72
 74 72 72 72 71 71 72 75 74 74 75 72 66 63 62 60 61 61 65 68 66 65 65 64
 65 61 58 59 61 58 54 54 52 56 55 50 50 53 55 58 55 53 50 50 53 53 55 59
 60 57 51 48 50 52 50 46 45 46 46 43 39 38 38 40 40 43 47 48 48 49 50 51
 46 46 44 44 48 51 53 55 56 54 53 53 56 60 62 63 62 59 58 63 66 59 53 54
 64 65 67 68 69 68 68 69 70 71 72 72 70 73 74 71 70 72 72 73 74 76 75 73
 77 79 82 80 77 78 78 29]","[29 28 81 84 82 83 83 84 82 82 82 82 81 80 80 81 81 82 83 83 83 87 88 86
 84 86 88 88 87 86 86 85 83 84 83 83 84 86 84 80 78 80 81 82 82 83 84 86
 87 91 87 83 81 81 85 83 85 84 83 82 81 80 81 82 80 82 82 80 76 75 76 77
 75 73 72 73 73 71 72 74 72 72 74 73 70 67 66 63 64 65 69 70 66 65 65 63
 68 63 61 62 62 62 60 56 52 56 56 55 56 55 54 56 57 55 52 52 55 57 57 59
 59 57 52 51 54 51 47 48 46 45 44 42 41 41 43 44 42 43 46 48 48 48 49 50
 48 47 44 45 49 51 51 53 55 54 54 55 58 60 61 60 62 62 61 63 65 61 58 59
 64 63 63 65 69 71 72 72 70 70 74 75 72 73 73 71 72 73 73 72 74 77 78 76
 78 80 82 80 79 80 79 29]","[30 29 82 84 80 81 81 81 81 81 81 82 81 80 79 80 83 87 88 84 84 90 91 85
 82 85 86 87 87 89 89 88 83 85 85 83 84 86 85 82 84 82 82 83 84 83 84 85
 86 90 85 81 80 82 87 85 86 85 83 82 81 81 82 82 83 84 84 80 79 79 80 80
 76 74 74 75 75 72 71 73 70 71 74 75 73 72 70 67 66 68 72 71 66 65 67 65
 67 63 63 64 64 65 64 58 55 57 57 61 66 63 56 55 57 55 52 53 57 58 55 53
 56 56 51 52 57 49 44 50 48 46 43 41 41 43 44 44 44 44 45 48 49 48 48 49
 52 50 47 48 51 51 51 54 54 55 56 57 59 61 60 58 59 63 63 62 64 65 65 67
 65 61 59 61 66 71 73 74 71 69 71 72 70 71 73 72 74 74 73 72 74 79 80 79
 80 81 82 81 80 83 81 30]","[30 29 81 81 82 80 82 81 81 81 81 81 80 80 81 82 81 85 85 84 85 85 84 82
 84 86 89 88 86 86 86 83 81 83 86 86 84 85 87 86 87 88 87 86 84 82 83 85
 85 87 87 83 81 82 86 87 87 86 84 81 80 81 81 81 85 84 81 80 82 80 76 78
 76 75 74 74 75 75 75 75 71 75 77 77 74 72 71 70 69 70 72 73 70 66 64 64
 66 63 58 58 66 69 65 62 58 60 64 66 65 63 62 60 56 55 53 54 56 58 58 57
 55 53 54 54 51 46 45 48 51 47 41 38 41 45 47 45 41 44 45 45 46 49 51 52
 53 53 53 51 49 53 55 54 54 56 58 60 60 60 59 60 59 59 57 57 60 64 66 67
 68 63 59 64 72 74 72 73 71 72 72 71 71 72 73 74 74 74 75 74 73 72 76 80
 82 83 81 82 82 82 80 28]","[30 29 81 81 81 79 82 82 80 81 81 82 82 81 82 83 84 86 85 84 87 89 87 85
 89 88 90 90 87 85 85 84 84 85 88 90 87 86 86 85 86 88 90 88 85 83 85 87
 84 86 86 83 82 84 87 89 88 86 85 84 83 81 81 82 87 84 81 81 82 81 79 80
 78 77 77 78 77 77 77 77 78 78 78 77 75 72 69 67 71 72 73 73 69 66 65 66
 68 67 63 62 67 70 69 70 67 65 65 65 63 64 64 63 60 57 54 56 60 62 60 57
 57 56 56 56 52 47 47 50 53 51 46 43 43 45 46 46 45 47 48 47 46 49 52 55
 55 56 57 55 52 54 55 52 53 56 61 64 63 62 60 60 59 59 59 58 59 62 64 66
 72 67 63 66 72 74 73 74 72 73 74 73 72 73 75 77 74 76 77 76 73 72 76 82
 82 83 82 84 83 83 82 29]","[29 28 83 83 83 80 82 84 83 83 83 83 83 84 85 86 87 86 84 84 88 91 89 86
 88 86 87 89 87 85 86 87 85 84 86 89 87 85 85 85 86 89 89 87 86 87 88 89
 86 86 86 84 84 86 89 89 89 87 87 88 86 82 82 84 86 83 83 84 83 83 82 80
 81 79 79 80 79 77 76 78 78 77 76 76 77 75 70 66 71 71 71 70 67 65 66 68
 73 72 69 68 70 71 71 72 71 68 66 66 65 65 65 63 60 58 59 61 62 60 58 58
 56 55 56 56 53 49 50 54 57 52 48 46 46 47 48 48 51 52 51 48 46 47 51 54
 54 56 58 57 55 55 56 53 52 56 62 64 63 61 60 60 57 58 60 62 62 61 63 66
 70 68 64 64 69 72 71 71 72 74 75 74 74 76 78 80 77 75 74 75 76 76 78 80
 80 82 81 83 83 83 82 29]","[29 29 87 87 87 83 82 85 88 86 84 82 84 86 87 87 86 85 82 82 87 89 87 85
 86 84 86 87 86 86 88 90 85 82 82 84 83 83 85 86 89 88 86 85 87 90 91 89
 88 88 87 85 85 87 88 88 88 88 88 88 87 84 84 86 84 81 82 83 80 82 84 83
 82 80 80 82 81 77 75 75 76 76 77 79 81 80 75 70 70 69 68 67 66 66 67 70
 75 73 71 71 73 72 70 69 71 68 66 66 65 65 65 62 60 60 63 66 64 59 57 58
 55 54 54 55 54 53 55 59 59 52 46 46 50 52 52 52 55 55 53 49 46 46 49 52
 55 56 58 57 55 56 57 55 52 55 59 61 60 59 59 60 57 58 61 65 65 63 63 65
 68 68 65 64 68 71 71 71 72 73 74 75 76 79 81 82 78 75 73 76 79 79 78 78
 78 80 80 82 81 81 81 29]","[29 29 88 89 88 86 84 88 89 87 83 83 85 87 86 84 83 82 81 82 86 88 86 85
 88 88 89 88 86 87 89 88 88 84 83 84 84 84 86 88 90 89 88 87 89 91 90 87
 88 88 86 86 86 87 88 88 87 88 88 85 83 84 84 84 83 81 81 79 76 79 85 87
 84 82 81 83 84 80 77 76 80 80 81 82 83 82 79 76 74 71 68 68 69 70 71 72
 72 70 71 72 73 72 71 70 72 68 66 64 62 64 66 66 66 62 62 65 67 64 61 60
 58 56 55 56 57 57 59 61 58 53 48 49 52 54 55 55 56 55 53 51 49 49 50 52
 58 58 59 59 57 57 58 56 53 56 58 59 60 61 61 60 62 62 63 66 66 64 64 66
 70 71 69 67 70 73 74 73 73 73 73 75 78 81 81 80 78 77 78 80 80 79 78 79
 80 81 80 81 80 81 81 29]","[29 29 88 87 87 88 86 89 86 85 84 84 87 88 86 82 82 83 83 85 89 90 89 89
 90 91 91 89 87 88 90 88 89 87 87 88 87 87 88 88 89 90 92 92 91 89 88 87
 88 88 87 87 88 88 89 90 88 89 87 82 80 82 82 81 81 82 84 82 80 81 85 87
 85 84 84 86 86 85 82 80 83 82 81 80 80 81 81 80 78 74 72 72 74 74 74 73
 72 71 73 74 70 69 72 74 73 71 70 68 66 67 69 69 69 65 63 64 66 65 65 66
 63 60 58 58 59 59 59 59 55 54 54 53 52 52 54 55 55 54 53 53 53 52 53 54
 57 57 58 59 58 59 59 57 55 58 61 62 63 64 64 63 69 67 66 66 65 65 66 67
 71 72 70 69 71 73 73 73 73 73 73 75 78 81 80 78 82 80 80 81 82 80 79 79
 81 81 80 81 80 81 81 29]","[29 29 89 87 88 90 86 86 82 83 84 84 86 88 86 83 82 84 85 88 92 92 91 92
 88 88 90 90 88 89 90 89 88 87 89 90 89 90 91 90 90 90 92 93 91 88 87 89
 89 89 90 90 89 89 90 92 91 91 88 84 81 82 82 81 82 86 88 87 86 85 85 86
 86 87 87 86 86 86 85 83 82 82 81 79 78 80 81 82 81 77 75 76 77 76 74 73
 73 71 74 74 70 68 72 75 73 71 72 72 71 71 71 70 69 67 66 65 66 66 67 68
 64 63 62 62 63 61 59 58 57 58 58 55 53 53 55 57 54 54 54 55 55 53 54 55
 57 55 55 57 57 59 59 57 57 61 64 64 64 65 65 64 69 69 67 66 66 67 68 69
 69 70 67 66 68 69 69 71 73 73 74 75 78 80 80 79 82 80 78 79 80 80 79 78
 81 81 80 81 81 81 81 29]","[28 29 91 88 90 91 84 82 81 82 83 82 83 85 86 84 82 83 84 87 92 92 90 91
 89 87 89 91 90 88 89 90 85 86 88 89 89 91 94 93 93 89 88 90 91 89 89 91
 91 91 91 91 89 88 89 91 94 92 89 86 85 83 84 84 86 89 87 84 86 86 86 88
 86 88 88 85 83 84 84 83 83 83 83 81 80 81 81 81 81 79 77 78 79 77 74 73
 71 68 70 73 71 71 74 74 73 71 70 69 69 70 72 72 71 68 65 66 69 71 68 64
 64 64 65 66 66 64 62 61 62 61 59 55 54 57 59 60 55 55 56 56 55 52 52 54
 61 57 55 54 54 57 58 57 59 62 65 63 62 63 64 64 65 67 68 68 68 70 71 71
 69 69 66 65 67 68 68 71 72 73 74 76 77 79 81 81 78 78 78 78 76 75 77 80
 81 81 80 82 82 83 82 29]","[28 29 90 90 88 87 86 82 81 86 86 82 83 82 82 85 84 84 85 87 90 91 90 89
 89 89 89 89 89 90 91 91 88 89 91 91 92 94 94 89 88 86 86 88 91 91 91 91
 93 94 95 94 91 86 85 87 89 90 86 87 84 84 86 90 89 91 83 82 87 87 89 90
 89 89 89 86 82 82 84 83 83 82 85 81 81 82 80 81 81 81 80 81 80 78 75 74
 76 80 77 73 73 76 78 74 72 70 70 68 64 64 68 71 71 73 70 66 64 66 66 64
 65 64 64 64 64 64 64 63 64 63 59 56 57 60 62 61 55 57 59 59 56 54 54 55
 60 60 57 55 57 58 60 62 61 60 60 61 61 63 65 64 62 64 66 70 71 72 72 72
 71 68 67 69 70 69 70 72 74 75 76 77 77 79 80 81 77 74 74 76 76 77 79 81
 81 81 81 80 83 85 87 29]","[30 28 86 85 83 83 85 84 85 89 88 85 85 85 84 85 86 87 89 91 91 91 89 88
 88 89 90 90 88 88 90 93 90 90 91 91 90 91 91 88 88 88 87 89 92 94 95 94
 91 91 94 95 93 88 87 88 86 89 91 89 87 85 87 87 85 83 83 83 86 90 90 88
 94 91 89 87 84 84 84 82 86 85 85 83 83 83 82 81 84 82 80 79 80 81 80 78
 80 83 80 78 75 75 79 78 73 71 72 72 69 69 72 73 75 75 72 67 65 67 68 66
 63 64 65 63 60 59 61 63 64 61 59 58 59 60 60 60 58 60 61 61 58 56 56 57
 61 62 60 57 59 61 60 59 62 60 60 60 60 61 63 63 62 64 67 70 72 71 70 70
 70 70 71 73 73 72 72 74 75 76 77 78 78 79 79 79 79 77 76 77 78 80 82 81
 82 82 81 79 82 85 87 30]","[30 29 87 86 83 83 84 84 88 91 89 86 87 88 87 87 87 88 90 91 90 89 88 88
 90 90 90 89 89 90 92 95 91 89 89 89 88 88 89 89 88 89 89 88 91 96 96 94
 88 89 92 94 92 88 87 88 88 90 92 87 88 88 90 89 91 86 92 90 87 94 95 94
 97 92 89 89 87 85 83 81 86 87 85 85 85 84 83 80 77 80 82 81 81 82 82 81
 80 83 81 79 76 73 78 80 72 72 74 75 74 73 74 74 74 76 75 71 69 68 66 63
 64 65 66 63 61 60 62 65 65 61 59 60 61 59 57 57 57 58 60 60 58 56 58 60
 63 65 62 58 60 63 61 58 63 61 61 62 62 64 67 67 64 65 67 70 71 70 69 68
 67 70 72 73 73 73 74 75 76 77 78 79 80 80 79 77 79 78 78 78 79 83 85 83
 83 83 83 81 84 85 87 30]","[29 29 90 89 84 82 84 85 88 89 88 86 87 89 90 89 90 89 89 89 89 90 90 91
 94 92 90 89 90 92 95 96 89 86 86 89 89 89 90 91 89 91 90 87 90 95 95 91
 87 89 91 91 90 90 90 90 91 89 88 86 87 90 92 94 94 90 91 87 85 91 94 95
 96 91 90 91 90 87 84 82 85 88 85 88 87 86 84 79 73 76 79 81 82 83 83 82
 79 81 80 79 76 75 78 79 72 73 76 77 75 74 75 75 72 74 74 73 72 70 68 66
 70 68 66 66 67 68 68 68 65 62 60 61 62 60 57 55 54 56 57 57 55 55 59 62
 66 66 61 58 60 63 62 61 63 61 62 64 63 64 67 68 66 66 67 68 68 67 66 66
 67 70 73 73 72 74 76 77 77 77 78 79 81 82 81 79 77 76 77 79 79 83 86 85
 83 84 86 85 87 87 87 28]","[29 29 90 88 83 81 85 88 86 88 88 87 87 90 92 92 93 91 89 90 92 94 94 94
 95 94 92 89 88 90 94 98 91 86 87 90 91 90 91 91 90 91 90 87 88 93 93 90
 88 92 93 90 89 93 95 94 90 89 87 88 80 82 78 86 87 91 87 86 89 89 90 89
 97 92 91 92 90 88 88 88 87 90 87 89 87 87 80 74 72 68 66 71 80 85 84 81
 80 82 80 79 79 79 80 77 74 76 79 79 75 73 75 76 74 74 73 72 72 73 75 75
 73 70 67 67 69 70 69 68 65 64 62 61 62 62 60 56 56 57 58 57 55 55 59 64
 65 63 59 59 61 62 62 64 64 62 63 64 61 60 61 62 65 66 67 68 68 66 65 64
 66 69 73 73 74 75 77 79 77 76 76 77 79 81 82 80 77 75 77 79 79 79 82 84
 83 84 87 87 88 88 86 28]","[29 29 92 92 87 85 87 89 87 88 89 89 88 91 94 92 92 90 89 91 94 96 95 93
 93 95 94 90 85 85 91 97 93 89 89 91 91 89 88 86 90 89 88 87 87 90 91 91
 93 97 96 91 90 94 96 94 88 89 87 85 65 60 50 59 74 91 95 97 96 89 89 89
 97 93 91 91 89 89 91 92 92 91 88 89 84 86 71 63 54 51 51 59 72 82 84 81
 81 83 80 79 80 80 80 75 77 79 81 79 74 73 75 76 75 74 73 73 73 72 73 74
 71 70 68 66 65 65 66 66 64 64 62 61 62 65 63 60 59 60 60 59 57 56 59 63
 63 62 61 62 65 64 64 68 67 65 65 66 64 61 62 62 65 67 69 71 71 69 67 65
 63 66 70 73 74 74 75 76 77 76 74 75 77 80 81 80 80 77 78 80 79 77 80 82
 83 84 86 85 86 86 86 29]","[29 29 91 94 91 89 89 89 89 89 91 91 90 93 94 90 89 88 87 90 94 95 94 92
 92 93 94 90 86 85 89 94 94 92 93 93 90 88 87 85 89 87 86 87 88 88 90 93
 95 97 97 93 92 94 94 93 89 86 79 69 48 42 31 39 52 74 94 99 94 88 89 90
 95 93 92 91 90 91 94 94 94 91 90 90 85 85 59 46 37 40 44 50 64 79 85 82
 81 82 80 80 79 77 78 76 77 79 82 80 75 74 75 75 75 74 74 75 74 71 69 69
 70 70 68 66 65 65 66 68 65 64 63 63 64 65 65 64 59 59 59 59 59 58 59 60
 61 63 64 65 67 66 67 71 70 66 66 69 68 67 67 67 67 68 71 73 74 73 71 70
 67 68 70 73 74 73 73 74 77 76 74 75 77 80 81 80 82 80 80 81 80 80 81 81
 83 84 85 84 85 86 87 30]","[31 28 87 89 89 88 90 90 90 89 91 93 92 95 95 89 89 88 88 90 94 96 96 94
 92 91 91 89 88 88 90 91 94 94 96 95 91 89 89 88 90 87 87 89 89 88 91 96
 92 93 95 96 96 96 96 97 91 80 68 52 37 37 32 38 35 51 80 90 89 92 91 90
 93 93 94 94 94 95 96 94 94 90 92 92 88 87 51 34 39 42 42 44 59 79 87 83
 82 83 81 82 80 76 78 79 77 80 82 81 77 76 76 75 76 75 74 75 74 72 72 73
 72 70 68 67 67 69 71 72 67 64 63 64 65 65 65 66 57 56 56 58 60 60 59 58
 59 63 65 64 65 67 69 72 72 66 64 68 69 69 68 67 68 68 70 72 73 73 74 74
 76 74 74 77 77 76 75 77 76 76 75 76 78 81 82 81 83 81 81 81 82 85 85 82
 82 84 85 84 86 86 87 30]","[30 28 88 87 87 90 89 91 89 90 90 90 92 95 93 89 86 88 92 94 93 95 95 92
 89 91 90 90 91 93 96 91 94 95 95 94 93 92 93 95 95 92 90 89 89 92 96 96
 93 92 93 95 97 97 98 99 95 89 58 44 40 40 40 39 40 39 71 85 93 94 94 87
 90 91 92 92 93 94 93 91 90 92 90 89 90 83 54 34 40 35 39 33 48 77 89 85
 82 84 86 83 77 76 80 81 82 80 81 83 80 76 75 76 75 74 74 75 75 74 73 73
 72 72 71 70 69 70 71 71 68 65 63 65 66 68 69 66 61 60 60 61 62 61 59 59
 59 62 65 65 65 66 67 67 69 68 66 65 67 69 70 68 68 70 69 70 71 72 75 74
 76 77 76 75 74 76 79 81 78 77 76 78 82 82 80 81 79 81 82 82 82 84 85 86
 84 84 81 82 87 88 89 29]","[29 29 90 88 89 92 89 87 83 88 91 92 92 91 91 90 90 92 94 94 93 95 96 94
 90 94 94 95 93 93 96 93 95 95 94 93 92 93 95 97 96 93 91 91 91 94 97 97
 96 96 96 97 96 93 90 89 96 91 63 41 39 38 40 42 40 40 65 77 90 95 96 91
 87 90 93 92 90 90 91 91 90 92 90 89 91 83 52 40 39 36 37 31 45 75 93 89
 81 83 85 84 80 80 82 83 85 82 82 82 79 77 78 78 78 77 75 75 74 73 72 72
 76 74 72 71 71 72 71 70 69 66 67 69 68 67 67 66 65 64 63 64 64 63 62 61
 62 65 67 66 65 67 68 67 71 70 68 67 69 71 72 71 68 72 71 72 71 71 73 72
 75 76 76 74 72 73 76 77 77 77 76 78 82 82 81 83 84 81 79 79 83 86 87 86
 86 87 86 88 91 91 91 30]","[28 30 91 89 91 95 91 87 84 88 93 94 93 90 90 92 95 95 96 95 92 94 96 95
 92 95 96 97 95 92 94 93 96 96 95 94 92 93 95 97 97 93 92 93 93 95 97 96
 96 96 96 97 96 93 89 87 91 91 73 47 44 39 39 39 38 40 56 66 86 94 92 89
 87 92 95 94 90 89 91 93 95 96 93 90 92 76 39 36 39 39 37 32 44 69 91 89
 87 87 89 89 87 88 89 88 87 85 83 82 80 81 81 80 80 79 78 76 75 74 74 74
 77 75 73 72 74 74 73 72 69 67 70 73 71 67 65 66 66 65 64 65 65 64 63 62
 61 66 67 66 67 70 71 69 70 69 68 68 70 73 74 73 72 74 72 73 74 73 73 71
 75 76 76 75 73 74 75 76 76 78 78 79 81 81 81 83 84 81 79 82 85 86 84 83
 88 89 90 90 91 91 91 29]","[29 29 91 90 92 96 94 93 93 92 92 94 94 92 92 94 96 96 96 94 91 93 96 96
 94 95 94 96 96 92 93 94 94 95 96 96 94 93 93 94 97 93 92 93 94 95 96 95
 94 94 94 95 96 96 94 92 91 94 88 65 51 45 42 39 42 45 51 57 82 93 91 90
 92 96 98 96 93 92 94 95 96 97 97 94 98 79 36 39 41 44 41 41 50 65 89 91
 90 89 90 90 88 89 90 88 87 85 85 84 83 84 84 80 81 81 80 78 77 78 79 79
 78 77 76 76 75 74 74 73 69 69 71 73 71 69 68 67 65 64 63 64 65 65 64 63
 62 65 66 65 68 72 73 69 67 67 67 68 70 72 74 74 76 75 71 72 75 75 75 71
 75 76 76 76 76 76 76 76 78 80 82 82 82 81 81 83 83 81 82 85 86 84 82 83
 89 89 90 89 88 88 90 28]","[ 30  29  91  93  93  93  93  97  96  93  91  93  94  93  93  95  96  96
  97  94  92  93  96  96  96  95  91  93  97  94  94  95  92  93  94  95
  95  94  94  94  97  92  91  93  93  94  94  94  93  93  94  95  96  97
  96  94  94  95  94  78  51  46  45  41  46  48  46  49  72  88  91  93
  96  98  98  96  95  95  96  96  96  97  97  96 100  81  38  42  39  42
  40  45  51  57  82  93  89  89  89  89  87  88  90  89  86  85  84  83
  83  86  85  81  82  82  81  80  79  80  80  81  80  81  82  80  76  72
  71  72  70  71  72  71  70  72  72  68  65  64  64  65  66  65  65  64
  64  65  65  64  67  72  71  67  67  67  68  70  71  73  74  75  77  75
  70  71  72  73  76  74  76  75  75  76  78  79  77  75  79  83  85  85
  84  82  81  82  84  83  84  85  85  83  85  88  89  89  91  91  89  90
  92  29]","[ 29  29  93  96  94  91  90  94  93  92  93  95  94  93  94  96  96  96
  97  95  92  94  96  95  96  95  89  91  96  95  94  94  92  92  92  93
  94  95  96  97  96  91  91  93  94  94  94  94  93  95  96  96  98  98
  97  94  96  94  96  89  58  46  45  40  43  47  45  48  66  83  90  94
  98  99  99  97  97  98  98  97 100  99  97  94  95  79  41  40  39  39
  38  43  46  46  73  93  91  90  90  89  88  90  93  93  88  85  84  82
  83  85  86  83  83  83  82  79  78  79  79  79  78  80  81  79  74  70
  70  72  70  72  71  68  67  71  72  67  64  63  63  64  65  64  64  64
  65  65  64  65  68  72  71  68  70  70  72  74  74  74  74  75  74  75
  72  71  69  69  74  77  78  76  75  76  78  80  78  75  78  83  84  84
  84  82  81  81  83  82  83  86  87  87  87  87  88  89  92  93  92  93
  96  30]","[ 29  29  94  96  94  91  89  93  89  90  93  95  94  93  94  95  93  93
  94  93  92  94  95  94  95  97  92  92  97  95  94  94  94  93  92  92
  94  96  97  98  94  91  92  95  96  95  96  96  94  95  96  96  97  99
  98  96  98  97  98  97  73  49  44  40  41  44  45  48  58  75  90  96
  97  99 100  99  97  98  98  97  99 100  98  95  93  82  53  46  43  42
  41  43  44  44  72  97  93  91  90  90  89  92  94  94  91  88  85  84
  84  86  87  85  84  84  81  78  77  79  80  79  77  76  77  77  74  71
  71  73  71  71  70  67  65  68  70  66  62  63  63  64  64  64  64  65
  68  68  68  69  71  72  72  72  71  72  74  77  77  75  74  75  73  75
  73  73  71  70  75  78  80  78  76  76  78  79  79  78  78  82  83  82
  83  82  80  81  80  82  85  87  89  89  87  85  89  89  92  93  92  94
  96  29]","[ 28  30  94  95  93  93  91  94  88  88  90  92  94  94  93  93  89  90
  91  91  90  93  95  93  97 102  98  97 100  97  96  97  97  95  93  93
  94  96  96  96  94  91  93  97  98  97  97  97  94  95  94  93  94  97
  98  97  97  96  94  94  79  46  39  38  40  39  37  37  42  61  84  94
  94  98 101  99  97  96  97  97  96  99  97  95  91  82  58  46  40  39
  41  42  42  44  72 100  98  95  94  93  93  95  96  95  94  90  88  88
  87  88  88  87  85  84  81  78  78  80  82  81  80  77  76  76  75  73
  72  73  73  72  71  69  66  68  69  68  63  64  65  66  66  66  67  69
  74  73  73  74  73  72  72  74  71  72  74  77  77  74  73  74  75  75
  73  75  76  75  77  77  80  79  76  75  76  78  80  80  80  83  83  82
  83  82  81  81  82  85  87  87  86  87  88  89  92  90  91  91  90  93
  96  28]","[ 29  30  93  93  93  92  90  94  91  88  89  89  87  90  95  94  87  87
  90  92  92  94  97  97 100 102 102 101 101 103 101  97  96  97  98  98
  96  94  93  93  96  97  96  96  95  96  96  95  97  97  98  99  99  97
  96  96  96  91  93  95  88  62  38  40  40  37  37  32  31  44  68  90
  93  98 101 101 100  97  95  97 100 101 103  96  94  81  44  47  42  37
  40  38  39  46  74  96  97  97  97  97  96  97  96  96  97  94  96  97
  91  88  90  90  89  87  85  86  85  83  81  80  81  80  78  76  75  74
  74  74  74  74  72  72  74  71  69  72  69  62  68  70  66  68  70  68
  68  70  72  73  72  72  73  74  71  75  77  77  75  73  72  75  78  77
  75  74  74  76  77  78  78  77  78  80  81  80  81  83  82  81  83  87
  88  85  85  87  88  90  87  89  88  85  89  91  92  93  95  92  94  93
  99  28]","[ 28  29  92  93  93  93  91  91  94  91  91  91  89  92  94  93  89  87
  88  90  92  95  96  95  96  99 100  99  99 100 100  99  97  98  99  99
  97  95  94  95  97  97  97  96  95  94  95  96  97  97  98  98  98  96
  96  96  93  89  89  90  93  84  60  47  40  40  37  33  38  43  60  90
  99 101  99  97  97  98 101 104 102  98 101 101  97  80  51  49  39  38
  36  35  36  51  73  90  97  97  98  98  99 100  99  97  97  95  96  96
  91  89  92  93  91  89  88  88  86  83  80  79  80  81  81  79  78  77
  76  74  72  74  74  74  74  73  73  74  69  66  70  68  63  66  70  71
  68  69  70  71  71  71  72  74  72  75  76  75  75  73  74  78  78  78
  77  76  77  78  79  80  81  80  80  81  82  82  83  85  81  81  83  86
  87  85  83  83  89  91  87  87  87  88  91  88  89  93  95  98  94  86
 101  26]","[ 30  28  91  91  91  95  95  93  93  92  92  93  93  95  97  96  94  91
  89  90  93  97  96  91  91  95  98  97  96  97  99 100  97  97  98  98
  97  96  97  98  98  97  97  96  93  92  93  96  96  96  97  98  97  96
  96  97  97  95  94  92  93  90  70  50  46  44  39  36  41  43  52  74
  93  97  98  98 100 101 102 105 104 100 102 105 101  85  63  51  37  37
  34  34  34  53  74  90  97  97  99 101 103 103 101  98  95  94  95  95
  91  89  91  91  93  92  91  91  89  85  82  80  80  82  83  80  79  79
  79  77  74  76  77  73  70  71  72  71  72  74  76  71  66  67  70  73
  72  72  72  72  71  72  73  74  73  76  76  76  77  77  77  80  77  77
  76  76  77  79  80  79  81  81  81  82  82  82  83  85  82  83  85  86
  86  84  82  81  85  89  90  90  86  84  88  89  91  97  96  99  96 103
 134  33]","[ 31  27  91  89  87  94  98  97  96  96  96  95  94  95  95  95 100  97
  95  94  95  97  95  90  89  93  97  97  96  96  97  98  97  97  97  97
  96  96  97  98  98  96  95  95  93  90  90  93  95  95  95  96  97  97
  97  97  98  96  98  95  91  87  73  55  53  46  43  39  39  45  51  56
  83  90  97 101 103 102 101 101 104 104 104 106 104  93  67  52  37  35
  33  35  35  50  74  95  96  98 100 102 104 104 102  99  97  97  99 100
  97  94  93  93  93  93  93  93  91  88  85  83  83  84  82  80  80  82
  83  81  80  78  78  74  68  68  70  68  72  76  79  75  72  71  69  74
  76  76  76  75  75  74  74  74  74  76  78  78  80  80  79  80  78  78
  77  78  79  80  81  80  80  80  81  83  82  81  82  83  84  86  87  85
  84  84  84  83  88  85  86  90  88  87  91  93  96  91  92  98 104 147
 182  26]","[ 30  28  92  89  83  88  95  96  94  96  97  95  94  94  94  95 100  99
  99  97  94  95  95  92  91  94  97  99  98  96  96  97  98  98  97  97
  97  96  97  98  98  96  95  95  94  91  89  90  93  92  92  94  96  97
  97  97  99  96  96  96  93  91  80  61  57  49  45  40  39  45  50  56
  80  90  98 101 102 102 102 103 103 104 103 105 105  95  60  53  40  36
  36  36  39  50  76  95  96  99 102 104 104 103 102 100  98  99 101 101
 100  97  95  95  94  94  94  94  93  91  88  86  87  85  83  81  83  86
  85  83  82  78  78  78  73  71  72  70  70  71  74  74  76  72  68  73
  77  77  77  77  77  75  74  73  74  77  78  78  80  80  78  78  76  76
  76  76  77  78  79  78  79  80  83  85  84  82  82  82  83  86  88  86
  84  84  85  86  88  87  88  89  88  90  94  99  96  90  94 122 157 181
 183  28]","[ 29  30  95  91  83  84  88  90  89  94  96  95  95  94  95  97  96  97
  98  97  93  92  94  95  94  94  97  99  99  98  97  98  97  96  97  98
  99 100 101 102  99  96  95  95  95  93  91  91  93  92  91  93  95  96
  96  97  99  99  98  98  96  96  89  70  60  56  47  40  41  40  44  62
  79  90  99 102 102 102 101 103 103 102 100 104 108  89  52  55  47  43
  44  40  46  57  79  93  97 101 105 106 105 103 102 102  97  99  98  97
  98  97  96  97  97  98  98  96  95  94  92  90  88  86  84  84  86  87
  85  81  82  79  80  82  80  76  73  72  74  72  71  73  75  72  67  72
  75  75  76  77  77  76  74  73  76  79  79  78  79  79  77  77  74  75
  76  75  76  77  77  77  79  80  83  86  85  82  81  82  83  86  89  88
  87  87  88  87  85  89  92  90  91  93  91  94  97  99 137 177 186 184
 181  30]","[ 28  31  95  93  88  86  86  89  91  96  98  96  96  93  90  92  94  94
  96  97  93  91  93  97  95  94  95  98  99  98  99 102  98  98  99 101
 102 102 102 102  99  97  95  94  95  95  95  94  94  94  93  94  94  94
  95  96  95  98  97  98  98  98  95  82  65  63  53  44  42  39  41  58
  71  84  96 102 103 102 101 100 102 101 100 103 109  79  52  57  53  48
  46  46  49  60  81  96  98 103 108 109 107 105 104 103 101 103 101 100
 102 101 100 101 101 101 100  98  97  96  95  93  91  87  85  86  88  86
  83  80  81  81  80  80  80  78  74  74  79  75  73  72  72  71  68  72
  74  75  76  76  76  75  74  74  77  80  80  78  79  78  76  75  76  78
  79  80  80  80  81  81  79  80  83  84  84  82  82  83  85  86  88  88
  89  89  89  89  90  88  87  89  98  99  92  97 116 150 182 189 184 182
 182  27]","[ 29  31  94  94  93  91  89  93  89  95  97  97  97  94  90  91  96  94
  96  97  93  90  93  96  96  94  94  97  98  98 101 105 103 103 103 103
 102 100  98  97  99  97  95  93  94  96  97  97  97  97  96  96  94  93
  95  97  99  98  94  98  99  96  92  82  70  64  59  50  43  43  45  48
  65  78  92  99 103 103 101 100 100 101 102 101 108  72  57  56  53  46
  43  49  46  56  78 102 100 104 109 111 109 107 105 104 103 106 104 103
 105 104 102 102 101 102 101  98  96  96  95  94  94  90  87  88  88  85
  82  81  79  82  80  77  78  78  76  77  78  75  74  71  70  71  70  74
  75  75  75  75  74  74  74  74  74  79  80  79  79  78  74  72  74  77
  80  80  80  80  81  81  80  81  82  84  83  82  82  84  87  86  85  86
  88  90  90  90  89  90  92  94  97  93  99 126 170 190 189 182 185 181
 181  29]","[ 29  29  93  91  93  93  94  93  94  97  97  96  96  94  93  93  93  95
  97  97  96  95  97  99  96  97  96  96  98  99 100 102 102 102 101  98
  97  97  98  97  94  98  98  95  96  97  95  97  97  95  98 100  96  95
  98 100 100  99  98  97  97  99  97  92  66  64  64  52  50  46  41  41
  56  71  91  99 102 101 104 101 103 101 103 102 103  76  56  54  52  50
  43  47  52  59  76 104 101 102 106 109 108 107 108 108 108 105 104 105
 103 102 102 102  99 101 101  99  98  98  96  93  96  93  90  88  87  88
  87  82  81  83  83  80  77  77  76  74  75  77  77  74  71  73  74  71
  73  72  74  75  73  73  75  75  75  77  79  80  80  79  77  76  80  82
  82  79  77  77  79  81  78  81  83  83  82  82  82  83  87  81  84  86
  89  91  88  92  94  96  91  91  90 101 143 182 188 184 182 183 182 180
 181  29]","[ 30  29  93  91  93  93  94  95  96  98  97  96  96  95  93  93  93  93
  93  95  97  98  97  95  95  97  96  96  97  97  98 101  97  98  99  97
  96  96  97  98  95  97 100  98  98  98  95  97 102 100 100 101  99  99
 101 103 103 102 100  98  97  98  97  92  68  58  58  52  53  50  45  45
  44  57  88  98 103 101 103 104 104 103 104 101 101  73  56  48  45  46
  43  46  51  60  78 103 101 102 106 108 108 109 111 110 106 104 104 105
 103 102 102 102 103 102 102 101  99  97  95  95  95  94  93  91  88  88
  88  86  82  85  85  82  79  78  77  77  77  78  79  76  73  74  76  73
  72  73  76  77  75  74  75  76  79  80  81  81  81  80  80  79  80  81
  82  81  79  77  78  79  81  83  85  85  84  84  84  84  86  84  86  88
  89  89  91  96  93  93  95  97 115 158 187 187 182 180 179 182 181 180
 181  27]","[ 30  28  92  89  91  91  92  93  95  97  96  95  95  95  94  95  94  93
  93  96  99 100  98  95  96  98  98  98  98  97  97  99  97  98  99  99
  97  97  99 101 100  97  99  98  96  96  96  99 102 102 102 103 104 103
 101 103 104 103 102 100  98  98  97  93  76  55  53  54  57  54  49  47
  43  52  87  99 105 103 103 106 105 104 104 102 101  67  57  48  44  46
  48  44  46  54  76  97 102 104 106 107 107 110 111 108 105 104 106 107
 104 102 102 102 105 103 103 105 104  98  96  98  98  97  97  95  90  87
  87  87  85  87  87  84  81  79  78  78  79  80  80  77  73  74  76  75
  76  76  77  77  74  75  78  81  80  82  82  81  80  81  82  82  81  81
  82  83  81  79  79  81  84  86  87  87  87  87  87  87  88  89  88  89
  91  92  94  92  96  89 103 131 164 186 183 177 179 178 179 181 181 181
 182  28]","[ 29  28  92  90  90  88  88  89  93  96  96  95  96  97  98  99  97  97
  98  99 101 100  99  97  97  99 100  99  99  97  96  98 100 100 101 100
 100 100 101 103 102  99 106 111 108 104 100  98  98 100 101 103 107 105
 100 100 102 102 103 102  99  99  98  96  88  60  55  57  59  55  50  45
  44  51  77  95 101 100  99 103 104 102 101 104  98  58  56  52  46  45
  47  42  45  53  78  97 103 106 109 109 108 111 112 108 106 106 108 109
 107 105 105 104 105 104 106 109 109 104 101 102 102 100  99  98  93  89
  89  89  89  89  88  85  82  80  79  79  81  81  81  78  74  74  76  76
  78  76  77  76  75  76  80  81  78  81  83  81  79  80  82  82  82  81
  81  83  83  81  82  84  87  88  88  87  88  88  89  89  87  93  91  89
  89  91  99  98  88 105 147 176 179 181 183 181 182 181 181 182 181 182
 184  30]","[ 30  30  94  92  92  89  87  88  91  95  96  96  98  98 100 102 100  99
  99 100 101 101  99  98  97  99  99  97  97  96  96  97 100  99  98  99
 100 100 102 103 100  93  96  98  97  97  97  97  97  98  97  99 105 104
 101 102 100 101 104 104 102 101 100  98  97  66  59  58  58  55  50  43
  46  53  63  89 101 103 103 103 101 101 101 102  89  50  55  53  54  48
  47  44  48  54  77  96 106 109 112 110 109 113 115 112 108 107 108 110
 109 108 109 109 107 108 110 111 111 110 108 107 105 101 100 100  98  96
  95  94  93  90  87  86  83  81  80  80  82  81  81  78  74  73  75  76
  75  75  77  79  79  79  78  77  77  81  83  83  81  81  82  82  81  80
  81  84  84  83  83  84  87  87  86  85  85  87  89  90  90  94  93  93
  92  91  98 100 123 166 185 181 178 177 180 184 183 184 184 184 183 183
 184  30]","[ 29  30  96  95  95  90  88  89  89  93  96  96  97  97  98 100 100  97
  96  97 100 101  99  97  98  99  97  96  96  96  97  99  97  95  95  97
  99 101 102 104  95  91  93  97  98  98  95  95  99  98  95  95  99 102
 103 105 100 101 104 105 102 101 101  99 100  69  60  58  56  53  48  43
  42  48  49  74  95 100 101  99 100 104 103  98  77  49  55  51  54  53
  53  50  49  51  72  97 110 112 113 109 106 110 114 112 110 107 108 110
 111 112 113 113 111 113 113 112 112 113 113 111 109 104 102 101 100 100
  99  96  95  91  88  86  84  81  80  81  82  80  79  78  74  73  75  76
  77  76  78  80  81  80  80  77  77  80  83  84  83  81  82  83  80  80
  82  85  86  85  84  84  87  87  85  83  83  85  88  89  93  95  95  94
  89  92 112 130 174 185 182 179 179 181 185 180 183 185 186 186 185 186
 185  29]","[ 28  29  96  96  96  90  89  90  90  93  94  94  96  96  95  97  97  96
  95  97  98  99  98  97  97  98  98  98  99  99  98  98  96  95  96  99
 101 101 102 104 101  97  94  92  94  97  97 102 101  98  97  97  99 102
 105 105 102 102 103 103 101 100 101 101 102  71  60  57  56  50  46  44
  45  48  47  62  94 101 103 102 102 107 104  97  72  52  56  51  48  53
  52  52  50  54  74 102 111 111 112 109 107 110 113 112 112 108 108 111
 113 114 116 115 114 116 116 114 113 114 114 112 111 108 106 103 101 101
 101  98  97  94  91  89  86  81  79  81  82  79  79  79  76  75  77  78
  80  78  79  80  80  81  81  81  79  79  81  83  82  81  82  85  81  81
  82  84  86  87  86  85  88  88  86  84  83  85  88  91  88  93  96  91
  95 119 153 180 185 189 182 178 183 182 179 181 183 185 187 187 186 188
 186  29]","[ 29  30  97  97  96  91  89  91  93  94  94  94  96  97  95  95  94  96
  98  98  97  96  97  99  94  96  98 101 103 101  97  96  97  97  99 101
 102 101 102 104 101 100  98  96  97  97  95 100 101 100 103 104 103 105
 106 102 104 103 103 103 100 100 102 103 105  73  61  58  56  48  43  44
  46  45  45  51  91  99 103 105 105 105 102  98  72  54  57  53  53  55
  49  50  53  61  75 100 109 109 111 111 111 114 116 115 115 110 109 112
 114 116 117 115 115 116 117 116 115 115 113 111 111 110 109 105 102 103
 105 103 101  98  96  94  88  81  80  82  84  81  81  82  80  78  80  82
  78  78  80  82  81  80  80  79  81  80  80  82  82  81  83  88  82  81
  80  81  83  87  88  88  89  89  88  86  85  86  90  92  91  90  91  96
 129 172 186 183 181 177 181 180 179 182 181 184 184 186 186 185 185 187
 186  29]","[ 29  30  95  93  96  94  94  92  92  92  93  94  96  98  97  96  98  98
  97  96  96  96  96  95  93  96  98  99  98  97  97  96  96  98 100 101
  99  97  99 101 104 101  98  97  97  97  97  97  98  98 100 102 104 105
 103 100 102 101  99  98 100 102 103 103 105  72  67  62  50  50  47  47
  47  44  46  45  79 109 102 104 106 106 105 102  75  58  55  55  58  58
  55  51  49  65  81 102 108 109 112 116 116 114 114 116 116 114 114 115
 115 114 115 117 116 116 117 118 115 112 110 112 112 112 111 108 105 104
 103 103 103  99  96  96  92  85  82  84  85  86  86  83  79  80  81  79
  76  75  77  81  83  81  80  80  80  81  82  82  82  82  84  85  83  79
  76  77  81  84  87  88  91  90  90  88  88  90  91  89  84  85 111 142
 172 188 179 179 180 181 180 179 180 181 182 182 185 186 186 188 186 187
 187  28]","[ 29  30  94  95  96  98  95  96  93  93  94  94  96  97  97  95  96  96
  97  97  97  97  96  95  91  94  97  98  99  98  96  94  97  99 101 101
  98  97  98 101 102 100  98  97  97  98  99  99  97  97  98 101 103 104
 102  99  99  98  98 100 102 103 103 103 102  81  66  62  57  51  48  47
  48  44  44  45  68 110 103 105 104 106 105  94  65  54  54  55  54  55
  55  53  52  70  90 112 109 110 111 113 113 113 114 116 116 115 115 114
 114 114 116 118 119 117 116 117 117 114 113 114 115 113 111 108 108 108
 107 106 104 101  98  96  93  91  90  90  85  86  85  82  78  79  81  81
  77  76  77  79  80  79  78  79  80  81  82  82  83  83  84  85  82  79
  76  77  80  83  86  87  88  94  93  88  92  96  94  92  87 123 160 181
 187 180 175 181 180 181 180 180 181 182 183 183 187 187 186 188 186 187
 187  29]","[ 29  29  90  95  96 101  96  97  93  94  94  95  96  97  96  95  95  96
  98  98  98  97  96  95  94  95  97  98  99  99  98  96 100 101 102 100
  97  95  96  98  99  98  97  97  97  98  99 101  97  97  99 101 104 105
 103 101  98  97  98 101 103 102 101 102 101  95  70  63  64  54  51  50
  48  45  44  46  57 109 103 105 105 102  99  83  61  56  53  52  54  52
  54  55  56  73  89 102 108 109 109 109 110 112 114 115 115 116 116 115
 114 115 116 117 119 116 114 115 116 116 115 115 118 115 111 110 110 112
 111 109 104 103 100  97  96  95  94  93  88  87  87  85  82  81  83  84
  82  80  79  80  81  80  79  80  81  81  82  83  84  84  84  84  85  83
  82  82  84  86  89  90  95  90  95 100  94  89  91  93 140 175 181 174
 176 178 183 180 182 182 182 182 183 185 186 187 188 187 186 187 187 188
 188  29]","[ 30  28  89  94  98 102  97  95  93  94  94  94  95  96  96  95  94  96
  97  97  97  97  97  96  98  98  98  97  97  99 100 100 101 102 102 100
  98  97  97  97  97  97  97  97  98  99 100 101  99  99 100 102 105 106
 105 104 100  98  98 101 102 100  99 100 101 103  77  62  64  58  56  53
  46  43  45  46  48 101 100 101 110 102 100  82  65  63  55  53  55  52
  54  57  60  77  94 102 105 107 108 108 110 113 115 115 114 117 118 118
 118 118 117 115 118 115 113 114 116 117 117 117 121 118 114 113 113 114
 113 111 106 105 104 103 102  99  96  93  92  91  91  92  88  86  86  85
  85  83  81  81  81  80  80  80  83  83  83  84  85  85  85  85  84  85
  84  84  84  87  89  90  91  98  96  89  84  87 113 146 172 184 176 174
 177 175 181 180 183 183 184 184 184 186 188 189 187 187 185 188 188 190
 189  30]","[ 30  29  93  95 100  99  97  95  94  94  94  94  95  96  97  96  95  96
  97  97  97  98  99 100 100 100  99  97  96  98 101 103 101 101 101 101
 102 102 102 100  97  97  98  99 100 100 100 101 101 100 101 102 104 104
 104 105 103  99  99 100 101  99  99 102 100 103  84  61  57  60  58  53
  48  44  49  47  47  91  99 102 106 105 107  81  61  60  54  54  53  52
  54  54  57  74  99 110 106 108 110 111 114 117 118 117 116 118 119 119
 120 121 119 116 118 117 116 117 119 120 120 120 123 122 119 117 116 116
 115 113 110 109 109 110 109 104  99  97  99  96  95  95  93  90  89  86
  87  85  84  84  84  83  82  81  83  83  82  84  86  87  87  86  84  86
  86  85  85  88  90  90  91  93  93  86  92 128 167 183 181 179 178 178
 176 176 181 183 183 184 184 184 185 186 187 188 187 187 186 189 190 191
 189  30]","[ 30  30  97  97  98  94  95  97  95  96  96  95  96  97  97  97  98 100
 101  99  98  98  99 100  98 100 101  99  97  98 100 102 101 102 101 101
 102 103 102  99  97  97  97  99  99 100 100 100 102 101 101 102 101 101
 101 103 103 101  99 100 101 101 102 105 101 103  91  65  55  62  59  53
  48  43  46  42  44  72  90 101 104 108 107  73  53  55  51  48  48  48
  50  51  58  74  99 108 110 112 114 116 118 120 119 118 118 117 116 116
 119 120 119 117 118 118 118 119 120 121 122 122 122 122 122 120 118 117
 116 115 114 112 112 113 111 107 104 104 104 100  98  96  93  92  90  88
  87  87  86  86  87  86  85  84  83  81  80  81  84  87  87  87  86  89
  90  88  87  90  92  92  89  88  91 113 150 175 179 179 180 178 183 180
 178 185 184 177 183 184 186 185 185 186 187 187 188 188 188 191 191 191
 189  29]","[ 29  29  94  95  94  92  92  95  97  97  97  97  96  96  95  94  96  99
 101 100  98  97  96  96  96  98  99  98  97  97  98  99 101 102 101 100
 100 100  99  97  98  97  97  97  98  98  98  98 100 100 100 101  99  97
  98 101 102 102 101 101 102 102 104 105 104 104  94  72  61  63  59  54
  51  47  46  43  45  57  81 100 110 107  98  67  53  52  47  42  41  44
  46  51  65  81 104 111 114 113 114 116 118 119 118 118 117 115 113 114
 116 118 119 119 118 118 118 119 120 122 122 121 120 121 121 120 119 119
 118 118 118 117 116 114 112 111 109 108 106 104 101  98  94  93  92  89
  85  85  85  85  86  87  86  84  84  81  79  80  84  87  88  88  88  91
  92  88  87  89  91  89  91  95 122 159 179 180 178 177 181 176 179 180
 179 180 183 189 183 185 187 187 187 187 187 187 188 189 189 192 192 192
 189  29]","[ 30  28  88  93  92  95  90  92  97  98  98  97  96  95  93  91  86  91
  96  98  97  95  94  93  94  95  96  95  95  96  97  97  98 100 100  99
  98 100 100  99 101  99  97  97  97  97  96  96  97  97  99 100  98  95
  96  99 102 102 102 102 102 103 103 103 103 104  93  76  67  62  56  52
  45  42  39  38  38  40  65  89 112 100  87  63  52  45  40  37  39  44
  46  49  65  80 105 114 115 112 112 114 116 116 117 118 117 114 113 115
 117 117 119 120 119 119 118 119 121 123 123 121 119 120 121 121 121 121
 121 121 121 123 121 117 115 115 113 110 106 106 105 101  96  95  94  90
  86  86  87  88  89  90  89  88  88  85  82  82  85  89  90  89  92  95
  94  89  87  89  90  88  95 127 162 179 181 178 177 178 180 182 180 179
 182 182 181 182 183 185 187 187 187 187 187 187 188 190 190 193 192 192
 190  30]","[ 30  28  92  90  97 101  98  99 101  98  97  98  98  96  94  94  91  95
  97  96  96  97  96  94  93  95  96  97  97  97 100 103 100  98  95  94
  96  99 101 101 103 101 101  99  96  96  98  99  96  97  98 100  99  97
  99 102 101 101 105 106 101 106 102 103 102  98 100  79  54  53  53  49
  43  37  31  30  35  39  51  75  93  82  65  49  41  38  36  34  33  36
  42  48  66  89 107 109 111 111 112 114 115 117 117 117 116 116 115 116
 119 122 122 120 121 120 120 121 122 122 120 119 118 118 120 123 124 123
 122 124 122 124 123 121 121 122 119 114 112 111 109 105  99  96  93  89
  89  88  88  89  89  91  91  88  85  88  86  88  94  95  93  96  94  96
  97  97  93  89  89 111 152 174 183 179 181 179 177 181 181 181 180 180
 180 182 182 182 184 184 185 187 187 188 189 190 191 189 190 191 194 194
 193  29]","[ 29  29  94  92  97 101 101 103 102  97  95  96  98  97  95  95  93  96
  97  97  98  99  98  96  92  93  95  96  96  97 100 103  98  97  96  96
  99 101 102 102 103 100 100 100  98  97  98  99 101 100 100  99  98  98
 101 103 104 101 103 105 104 106 103 102  98  92  89  67  48  52  52  45
  38  33  29  27  29  30  39  59  69  64  55  44  35  31  30  30  30  33
  38  48  67  94 110 113 112 113 114 114 115 115 114 114 116 117 117 118
 119 121 121 120 119 118 118 120 122 121 119 117 119 118 119 122 124 123
 124 125 122 123 122 121 122 122 119 115 116 114 111 107 101  97  94  90
  93  92  92  91  90  91  91  87  85  85  85  89  95  95  93  96  94  97
  99 101  85 105 122 154 176 182 180 178 183 183 178 179 181 180 178 178
 180 183 184 183 182 183 185 187 188 187 188 189 192 190 191 193 195 194
 193  29]","[ 29  30  97  93  95  98  99 102 102  97  95  97 100 100  98  96  96  97
  97  97  99 101 100  97  95  95  96  97  96  97  98 100  97  98  98  99
 102 104 104 103 103 100 100 102 101 100 101 101 105 104 103 102 101 102
 103 104 104 101 101 104 105 103 104 100  95  83  73  54  43  48  47  41
  38  32  28  26  28  29  32  44  47  44  41  36  31  27  26  29  31  33
  36  49  68  97 111 113 113 114 116 116 115 113 112 112 115 117 118 119
 119 119 119 118 117 117 118 121 122 122 120 118 120 119 119 122 124 124
 125 127 124 124 124 124 125 125 123 121 120 118 115 111 106 103  99  94
  96  96  95  93  90  90  90  86  87  86  88  94  97  96  94  94  95  97
  92  94 103 140 154 180 184 182 177 177 179 179 179 182 181 180 178 179
 183 186 186 184 185 186 188 190 190 189 190 192 193 192 193 194 195 194
 193  28]","[ 29  30  98  94  94  95  97  99 100  97  97  99 101 101  99  97  97  98
  97  97  98 101 100  98  98  97  96  97  98  98  98  98  98  99 100 102
 104 105 104 102 102 101 102 101 100 102 103 102 104 105 105 105 105 105
 105 104 102 103 103 103 104 100 104  97  86  67  51  38  33  38  42  45
  40  32  25  22  26  28  28  33  36  31  26  25  25  24  24  25  32  34
  38  49  70  97 112 114 114 116 118 117 115 113 113 113 114 116 118 118
 118 117 117 117 116 118 120 122 123 122 122 122 122 121 121 122 124 125
 126 127 123 122 122 124 124 124 123 124 124 123 121 118 115 112 108 102
 102 101  99  96  93  94  93  89  87  86  89  94  96  96  96  95  99  97
 106 118 153 176 173 183 177 175 175 176 175 175 179 183 181 181 181 182
 185 187 187 185 186 187 188 188 188 188 190 193 193 192 194 194 195 194
 193  28]","[ 28  28  98  95  95  96  98  98  97  97  97  98  99  99  98  98  96  97
  97  97  98 100 101 100  97  95  95  97 100 100  99  98  98 100 102 103
 103 103 101 100 100 103 103  99  97 101 104 102 102 103 104 104 105 105
 105 105 103 106 105 102 104 101 101  87  64  51  41  36  36  38  42  48
  46  38  30  23  22  25  25  28  34  28  23  22  24  23  24  25  31  32
  40  48  73  95 115 116 115 117 118 117 115 114 115 116 116 117 117 118
 118 117 116 116 116 118 121 122 121 121 123 125 123 123 123 124 125 125
 126 126 126 124 124 125 125 124 125 127 127 126 127 126 123 121 117 111
 106 104 101  96  94  95  94  88  88  86  88  92  97 101 101  97  96 103
 140 159 177 176 172 174 177 175 176 178 177 177 180 180 182 183 183 183
 184 186 186 186 186 187 188 189 189 189 191 194 193 193 194 194 195 195
 194  28]","[ 29  29  99  97  95  97  97  97  96  96  95  95  96  97  98  99  95  96
  97  98  99 100 101 101  98  97  97  99 101 100  98  97  99 100 102 102
 102 101  99  98 101 104 104 100  96 100 104 102 101 101 101 102 102 101
 103 106 107 107 104 101 104 104  94  74  49  48  43  40  42  43  43  46
  51  48  42  28  19  20  22  26  30  29  28  27  25  23  24  27  30  30
  40  45  71  90 112 115 115 117 118 117 115 115 116 119 119 118 118 119
 119 119 118 118 117 119 122 122 120 119 122 125 124 124 124 125 125 126
 126 126 132 131 130 130 129 128 129 131 129 129 130 130 128 127 123 118
 112 109 105  99  96  96  93  87  87  88  90  94 100 102  99  96 119 147
 177 180 177 175 173 177 179 178 179 179 178 179 181 180 185 186 186 184
 184 185 187 188 187 188 191 193 193 193 194 196 193 193 195 195 195 195
 194  29]","[ 30  29 100  97  95  96  97  96  96  95  94  95  97 100  99  98  95  96
  97  98  99  99 100  99  99 100 101 102 101  98  96  96 100 102 103 102
 102 101 100  99 100 102 103 102 100 102 104 104 102 100 100 101  99  97
 100 106 108 106 104 102 104 106  87  66  53  53  44  38  39  39  42  48
  49  50  47  32  20  19  20  22  24  29  33  31  26  23  26  29  31  31
  40  45  68  88 109 113 114 116 117 117 116 116 119 121 120 120 120 121
 121 120 119 120 120 122 123 122 120 119 121 124 125 126 126 125 124 124
 125 125 130 130 130 129 129 129 129 131 130 130 131 131 130 130 128 124
 123 121 117 110 103 102  98  91  85  89  92  95  99 101 109 122 158 182
 183 176 175 180 176 178 179 179 180 180 179 179 181 185 187 188 188 187
 186 186 188 189 186 188 190 192 193 193 193 194 193 194 195 194 195 195
 194  30]","[ 29  28 100  98  95  97 100 100  96  95  94  97 102 104 101  96  96  96
  97  98  99  99  98  97  96  99 102 102 100  97  96  96 101 103 104 103
 102 102 102 101  99  98 101 104 103 103 104 105 103 101 102 103 100  95
  98 104 108 105 105 106 105 106  83  65  58  57  50  49  49  41  40  48
  47  49  49  36  25  25  24  22  26  33  38  37  32  30  32  35  32  33
  39  47  68  90 110 115 113 115 117 118 117 118 121 123 120 120 121 123
 122 120 120 121 124 125 125 124 121 120 121 123 126 127 127 125 123 123
 124 124 126 127 128 128 129 130 131 132 131 130 130 130 130 132 132 129
 128 128 125 116 107 104 100  93  89  94  96  96  99 108 137 171 183 179
 173 179 180 177 178 178 180 179 178 180 182 180 181 186 186 187 188 188
 188 187 187 186 189 189 190 192 192 192 193 194 194 194 195 194 194 195
 193  29]","[ 29  27  95  94  94  90  98 101 103  98  98 104 108 105 103 106 104  99
  96  99 100  96  89  85  86  88  94 100 103 102 105 109 107 105 110 105
 103 101 102 101  97  97  97  97  99 105 107 105 102  99 103 108 104  97
  96  99 106  99 104 107 106 102  82  65  65  61  56  51  48  46  45  43
  48  51  53  40  26  25  26  24  27  37  44  42  39  41  42  41  38  31
  37  44  67  87 110 114 116 115 120 120 117 123 120 121 122 121 124 125
 123 122 120 124 125 126 126 125 124 123 123 123 127 129 128 124 125 129
 130 128 125 128 128 127 129 132 132 133 131 130 130 130 130 132 133 130
 132 132 132 130 126 121 110  97  88  92  95  97 114 147 173 180 175 172
 175 180 180 178 179 181 181 180 180 182 182 182 184 188 186 188 187 187
 189 189 188 188 187 190 193 194 193 193 193 193 192 194 194 195 196 196
 196  30]","[ 30  30 108 111 114 111 112 111 110 108 111 116 117 114 113 116 114 113
 113 115 114 113 114 116 121 118 115 113 113 114 115 116 115 113 117 112
 111 110 110 109 119 120 122 123 122 121 117 112 112 111 114 116 114 113
 117 121 114 110 115 116 117 113  98  66  63  61  57  53  52  50  45  41
  47  53  58  46  33  32  34  36  37  40  44  47  48  48  48  48  46  46
  50  49  66  83 107 119 119 125 125 121 118 121 119 123 120 119 122 123
 124 124 122 125 120 122 125 126 126 124 123 123 123 122 123 128 134 135
 130 126 125 127 127 128 132 135 134 133 130 129 126 123 123 130 136 135
 136 137 140 142 141 136 123 108  86  90 106 132 158 176 179 175 175 172
 174 179 179 178 179 180 182 182 182 183 183 183 184 186 187 189 187 186
 187 187 187 189 189 191 193 194 193 194 194 195 194 196 196 197 197 196
 195  28]","[ 29  29 112 116 120 119 116 114 116 118 122 125 124 122 121 122 122 123
 123 122 119 117 121 125 123 122 120 118 119 123 123 122 118 119 130 132
 134 132 130 127 128 128 130 132 131 129 127 124 128 128 128 125 122 124
 128 129 138 137 138 131 132 128 108  54  57  57  55  54  54  52  46  39
  43  48  53  45  35  35  38  41  44  45  47  49  50  49  48  46  46  50
  55  56  65  68  90 116 118 128 127 132 138 138 131 131 138 136 138 138
 139 139 137 139 140 142 144 144 141 138 136 136 143 140 139 144 149 149
 144 139 142 139 133 129 132 135 136 136 139 140 139 135 133 138 141 138
 138 137 137 135 136 141 144 142 129 134 152 174 183 181 177 176 175 172
 174 178 178 178 179 180 183 184 185 185 185 185 186 186 186 188 186 185
 186 186 187 189 191 192 193 193 193 193 194 194 191 194 196 197 199 198
 196  29]","[ 31  29 117 118 120 122 117 117 118 121 125 126 126 125 124 123 123 122
 122 122 122 122 123 124 121 123 125 127 128 129 130 130 123 123 131 131
 132 132 133 133 134 133 133 133 130 129 130 131 132 132 133 131 129 129
 131 130 136 138 139 133 139 139 110  50  50  51  50  50  51  51  46  39
  42  42  44  39  36  40  41  43  46  51  53  50  48  49  48  45  43  44
  52  57  61  56  70  90 103 118 122 134 141 145 150 156 154 152 153 152
 151 152 151 153 160 160 159 157 153 150 150 151 158 160 160 158 159 162
 162 158 163 162 159 157 159 160 160 161 158 160 162 161 159 159 157 152
 158 160 164 166 165 166 168 167 170 170 174 179 179 177 176 175 175 173
 175 178 179 179 181 181 184 185 185 185 185 187 187 187 185 187 187 187
 190 189 189 190 194 194 194 193 193 193 193 193 188 191 193 196 198 197
 196  30]","[ 29  29 122 123 124 128 123 122 121 123 125 126 128 129 127 123 123 121
 121 123 125 127 127 126 126 125 127 130 131 131 132 134 131 129 135 132
 131 130 132 135 136 136 138 138 133 131 133 135 133 132 134 137 136 135
 134 132 135 136 138 136 139 130  89  46  46  46  44  44  45  47  44  40
  39  37  37  35  37  42  43  47  46  51  52  49  47  48  48  46  45  45
  51  54  57  58  62  60  67  83  95 112 123 138 151 153 154 153 155 153
 153 155 156 159 161 159 158 157 155 154 156 160 158 162 164 161 159 159
 159 157 159 161 162 161 161 162 164 167 164 162 163 166 167 168 168 166
 171 168 168 168 169 171 171 169 171 170 171 174 176 178 178 175 177 175
 178 181 181 181 183 183 185 185 185 184 185 187 187 187 187 187 187 189
 192 192 191 192 195 195 195 194 194 195 194 194 192 194 194 195 196 196
 194  28]","[ 29  29 122 123 122 127 125 124 122 124 124 124 128 132 129 124 122 121
 121 122 123 125 126 127 130 127 128 133 137 137 137 137 131 129 135 133
 132 130 132 135 131 133 136 135 132 132 135 138 138 135 137 140 139 138
 136 135 136 133 137 138 132 110  73  56  43  40  37  36  38  39  39  38
  34  34  35  34  37  41  43  50  48  45  45  46  47  46  45  45  48  47
  53  56  54  56  59  54  57  60  59  66  81 117 147 156 153 153 155 154
 154 157 158 162 161 159 159 159 157 156 158 161 162 161 161 161 159 156
 155 157 163 166 165 163 162 162 165 171 171 165 165 169 171 172 173 174
 171 168 169 172 172 172 172 170 171 171 175 179 178 177 178 179 179 178
 181 183 183 183 184 185 187 186 185 185 186 187 187 187 187 187 186 187
 190 190 189 191 194 194 194 194 195 196 196 195 196 198 197 196 196 195
 195  28]","[ 31  31 121 121 119 125 127 125 123 124 124 124 127 130 129 124 121 122
 122 123 125 127 130 131 130 129 129 133 136 136 134 133 139 134 136 132
 131 130 133 136 133 134 135 133 131 132 136 136 136 135 137 140 140 140
 140 140 141 132 130 123 107  81  62  53  41  35  31  31  33  34  34  33
  32  34  37  38  41  41  41  48  49  45  42  44  47  47  46  46  48  51
  56  59  55  53  54  57  54  57  57  56  60  88 124 156 154 154 156 155
 155 158 157 159 161 160 160 161 160 156 156 159 164 161 161 163 163 163
 165 169 161 165 167 168 168 167 167 171 172 167 167 169 169 169 170 170
 173 171 172 172 170 169 172 174 178 176 177 179 179 179 179 178 179 180
 184 186 184 183 185 186 187 185 185 186 188 187 187 188 187 187 187 189
 191 189 188 190 193 193 194 194 194 195 196 196 197 198 197 196 196 195
 196  29]","[ 29  31 121 122 121 125 129 125 124 126 127 126 127 129 128 125 126 126
 125 126 128 130 130 129 130 131 132 131 132 134 136 136 135 130 134 133
 134 131 131 131 130 133 135 135 134 137 138 136 138 138 140 140 139 139
 140 140 141 130 120 102  82  61  60  48  40  33  28  29  32  32  31  31
  32  33  36  39  42  40  35  40  43  43  41  39  42  46  48  47  49  58
  59  58  58  57  51  49  57  57  57  55  53  63  93 140 154 154 156 156
 157 159 158 158 158 157 158 161 161 158 158 161 161 164 165 164 163 165
 167 168 168 168 166 165 167 167 169 172 171 169 168 168 168 170 172 171
 172 169 169 172 172 172 173 173 174 178 182 181 177 178 180 179 180 181
 185 187 184 184 185 186 185 183 183 186 188 187 186 187 188 190 193 195
 195 191 190 192 194 194 195 194 195 196 197 197 197 198 196 195 195 195
 195  28]","[ 29  29 123 122 124 126 125 123 127 125 124 127 128 127 126 126 128 128
 128 128 129 130 131 132 130 130 134 134 130 131 133 131 130 134 135 135
 137 137 134 132 137 136 136 137 137 137 136 136 138 141 140 137 139 137
 141 139 138 131 107  78  65  61  55  49  38  33  33  34  33  37  40  36
  37  40  40  40  40  36  35  41  41  40  37  37  37  41  49  51  54  58
  59  59  61  59  55  52  52  55  55  49  51  60  79 128 153 158 154 156
 158 156 158 160 159 157 159 162 162 162 163 163 164 161 163 165 163 165
 169 169 167 168 168 168 169 170 169 167 166 167 168 169 170 171 171 172
 172 172 172 172 172 171 172 172 176 178 179 180 179 179 179 180 181 181
 183 182 179 180 184 186 186 186 187 188 188 187 187 186 187 189 191 194
 193 192 192 193 193 194 194 193 193 195 195 195 196 196 195 196 197 196
 196  29]","[ 29  29 123 122 124 126 125 125 129 126 124 125 127 126 126 126 129 129
 129 128 128 129 129 128 130 129 131 130 127 128 130 129 132 135 135 135
 135 135 134 135 136 137 138 139 138 136 136 136 136 139 140 138 138 136
 137 137 133 113  86  64  64  64  62  54  44  38  38  40  40  44  47  43
  41  42  40  39  40  37  36  40  40  38  35  34  33  36  44  46  50  55
  57  58  60  61  57  54  50  47  46  47  47  51  75 114 150 157 155 156
 159 159 160 159 158 158 160 162 162 165 166 165 165 162 163 165 164 165
 168 168 169 169 168 168 168 168 170 170 165 167 169 171 172 172 171 171
 172 172 172 173 172 172 174 175 177 179 180 180 180 179 179 180 180 180
 182 183 180 181 184 185 186 187 189 189 188 187 187 188 187 187 187 188
 189 190 191 192 193 194 195 194 193 194 194 194 197 197 196 197 199 197
 197  29]","[ 29  29 123 122 123 126 126 127 129 126 123 124 125 126 127 128 131 131
 128 126 128 132 134 134 132 131 132 131 130 131 133 133 134 136 135 133
 133 134 134 137 136 137 139 139 137 135 135 135 135 137 138 138 136 135
 132 135 118  90  66  53  63  65  66  58  48  43  42  44  44  47  48  43
  43  42  39  37  38  37  35  36  37  35  31  29  28  32  40  43  46  51
  53  55  58  60  58  55  49  44  42  49  47  48  78 104 152 158 157 156
 159 161 163 161 160 161 163 163 162 166 168 165 166 163 163 164 164 165
 167 167 168 167 165 165 165 165 168 172 167 168 170 172 173 172 171 171
 172 173 173 173 173 174 176 178 179 180 181 181 180 180 180 180 182 182
 184 185 184 185 187 187 186 188 189 189 187 187 187 189 189 188 187 188
 190 191 192 192 194 195 195 195 194 194 195 194 197 197 196 198 200 199
 198  29]","[ 29  29 124 123 123 125 125 127 129 127 125 125 125 125 126 128 131 130
 128 126 129 135 137 137 130 130 132 132 133 135 136 135 134 135 134 133
 134 134 135 138 137 137 138 138 137 135 135 136 135 135 136 136 135 136
 131 133  98  76  60  56  63  65  65  58  50  45  44  46  47  48  46  41
  42  41  38  37  37  36  33  31  32  29  24  24  24  29  41  45  46  51
  53  53  57  59  57  54  50  46  46  51  51  55  82 104 158 159 157 156
 158 160 162 163 161 162 164 165 164 166 167 165 165 164 164 164 164 164
 166 167 167 165 164 165 165 165 168 171 171 171 171 172 173 172 172 172
 172 173 174 174 173 174 176 179 180 180 181 181 181 180 180 181 182 181
 181 182 182 184 187 187 186 187 188 188 187 186 187 188 190 190 190 192
 193 193 192 192 194 195 195 196 195 196 196 196 197 198 197 198 200 200
 197  29]","[ 29  29 124 124 124 124 124 125 128 129 129 127 125 124 124 125 127 129
 130 130 131 133 132 129 130 131 132 132 134 136 136 136 133 133 132 133
 136 137 137 138 138 137 136 136 136 136 137 138 137 135 134 135 136 138
 134 128  83  72  62  62  60  64  62  58  52  48  46  46  46  46  44  40
  39  38  38  37  35  33  30  27  24  21  17  19  22  30  44  50  53  56
  56  55  57  58  56  54  51  47  48  50  53  58  76 109 161 157 156 157
 158 159 160 162 162 161 163 166 166 165 166 165 164 166 166 164 164 163
 165 167 168 166 166 168 169 168 168 170 172 170 170 172 172 172 172 173
 172 173 174 174 173 173 175 177 179 180 180 180 181 181 181 182 182 180
 180 182 183 185 187 186 186 187 187 187 187 187 187 188 188 190 192 193
 193 191 190 190 194 195 195 196 196 196 196 197 198 199 197 198 200 200
 198  29]","[ 29  29 124 124 124 124 122 124 125 127 129 129 126 125 125 126 128 130
 131 131 131 130 129 128 132 133 131 130 132 134 135 136 132 132 131 133
 137 138 137 138 138 136 134 134 134 135 137 138 140 136 136 135 139 140
 138 119  73  70  61  61  55  62  59  59  56  53  48  44  41  38  35  33
  31  30  31  32  28  25  23  20  18  16  16  21  27  36  49  54  57  59
  58  58  57  55  53  53  52  46  47  49  52  59  73 118 162 155 157 160
 160 159 159 162 163 161 162 165 164 162 161 160 164 167 166 164 164 163
 163 165 167 166 167 169 170 169 168 167 169 168 169 172 173 172 172 172
 173 174 174 175 175 175 176 178 179 179 179 180 180 181 182 182 181 180
 182 185 186 187 187 184 186 186 187 187 188 188 188 188 188 190 193 193
 191 189 190 192 195 195 195 195 195 195 195 197 200 201 199 199 201 201
 198  30]","[ 29  28 124 125 125 124 122 123 123 125 127 128 127 127 127 128 131 131
 131 132 130 129 131 133 130 131 129 127 129 131 131 134 135 133 132 133
 137 138 137 138 138 137 135 135 134 134 136 137 139 137 139 137 140 138
 138 105  65  66  59  57  53  57  56  58  58  56  51  44  38  31  26  24
  24  21  22  23  20  17  18  17  16  17  20  29  37  43  52  55  57  58
  58  58  56  51  49  51  51  48  48  51  52  69  85 132 164 156 159 161
 161 161 160 162 164 162 162 163 162 161 159 156 162 166 165 164 165 165
 163 164 165 166 167 168 169 169 168 167 168 167 168 172 174 173 172 173
 174 174 175 175 176 177 178 180 179 179 179 179 180 181 182 183 181 180
 182 185 185 185 184 181 184 185 187 187 187 187 188 188 189 191 193 193
 191 190 192 194 196 195 194 195 195 195 196 198 200 202 201 201 201 201
 198  29]","[ 29  28 124 124 125 124 122 124 124 126 127 127 127 127 127 126 130 130
 132 134 131 128 129 133 129 132 131 130 133 134 133 136 139 138 135 136
 138 138 137 138 140 140 139 138 136 134 135 137 138 138 142 139 141 135
 137  94  59  64  61  56  54  54  54  58  56  57  54  48  40  31  24  23
  21  16  16  19  16  15  17  17  16  18  24  36  44  48  54  54  55  56
  56  58  56  49  47  51  49  52  52  54  53  82 104 144 165 158 160 159
 159 162 161 161 162 162 162 162 162 163 162 157 161 164 163 163 167 167
 165 165 165 167 168 168 168 170 171 171 170 168 168 172 174 173 173 175
 173 173 173 174 176 177 180 182 179 179 179 179 180 181 182 182 184 183
 184 186 186 186 185 182 182 184 187 187 186 186 187 188 188 190 192 193
 192 191 192 194 196 195 194 195 196 196 197 200 200 202 202 201 201 200
 197  28]","[ 30  29 124 125 125 125 124 125 126 124 123 124 125 126 126 127 129 130
 133 133 131 130 131 130 132 130 135 136 129 131 136 133 139 138 138 138
 137 137 137 139 138 138 139 138 135 132 134 139 139 136 141 139 136 137
 137  89  58  64  61  55  52  52  51  50  54  56  53  47  43  35  25  22
  22  19  16  14  15  18  18  16  16  17  30  45  50  53  55  56  52  55
  57  56  53  51  50  49  49  51  56  61  61  72 110 140 166 159 159 159
 159 160 160 161 162 162 162 162 162 164 164 163 163 164 164 164 165 164
 162 162 165 167 167 168 170 170 170 171 169 167 168 171 173 173 173 175
 174 176 176 175 175 178 181 182 179 179 179 180 181 182 183 184 185 185
 185 185 185 185 186 187 185 186 188 189 188 188 188 188 190 189 191 193
 193 192 193 195 196 196 197 196 196 196 197 198 202 200 199 199 198 197
 197  29]","[ 29  29 125 125 125 126 125 126 125 124 125 126 127 127 127 128 131 131
 133 133 131 130 131 130 134 133 135 134 130 132 137 137 137 138 137 136
 135 136 137 138 138 137 137 137 135 132 134 137 137 136 137 136 140 140
 143  88  62  65  60  55  52  48  45  44  46  51  52  49  46  39  31  29
  25  22  18  16  17  19  18  16  13  21  37  50  53  55  59  62  58  59
  59  57  55  53  52  51  51  53  57  62  63  75 111 138 164 159 160 160
 160 161 160 161 160 162 163 162 162 163 164 164 164 164 163 163 164 164
 163 164 165 167 168 169 171 171 171 173 170 169 170 172 173 172 173 175
 175 176 176 175 175 176 178 178 179 179 179 180 181 181 183 185 185 185
 185 185 184 184 184 185 184 185 187 188 188 188 189 191 190 189 190 193
 194 193 193 195 195 196 197 197 197 196 196 196 201 199 197 197 198 197
 197  28]","[ 29  29 125 125 125 127 127 128 124 124 126 128 128 128 128 128 130 130
 131 132 131 131 132 131 137 136 135 132 131 132 135 136 137 137 137 135
 135 136 137 138 138 137 137 137 136 134 135 137 137 138 136 133 141 140
 145  88  56  59  60  56  52  45  40  39  38  45  50  50  48  42  35  32
  28  24  20  18  18  19  18  16  17  28  45  55  56  57  61  63  63  62
  59  56  54  53  52  51  48  53  62  72  74  83 115 138 159 156 159 160
 160 161 160 160 160 162 163 163 162 162 163 163 164 165 164 164 166 166
 166 167 168 170 170 170 171 170 170 172 171 171 172 173 172 171 173 176
 179 179 179 179 179 179 179 179 179 179 180 180 180 180 182 185 185 185
 185 185 184 183 184 184 186 186 187 189 189 188 189 191 191 189 190 193
 195 195 195 195 195 196 197 197 197 197 197 197 200 198 195 196 198 199
 198  29]","[ 28  30 126 125 126 128 129 130 125 125 127 129 129 129 128 128 128 129
 131 131 129 130 131 131 136 137 134 132 134 134 132 133 137 136 136 136
 136 136 137 138 138 138 137 137 137 136 137 139 139 140 138 134 139 139
 141  95  55  55  57  53  51  44  37  32  31  37  44  48  48  44  37  32
  30  26  22  19  19  20  20  19  22  36  51  58  59  61  63  62  63  61
  57  54  52  52  51  49  54  55  64  72  78  86 127 151 156 154 158 160
 160 161 160 161 161 162 163 162 161 161 161 161 162 165 166 167 169 168
 167 167 168 170 170 169 169 168 168 170 172 172 173 173 172 172 174 177
 178 176 177 179 180 179 178 179 180 180 181 181 180 180 182 184 185 185
 185 186 186 185 185 186 187 186 188 190 190 189 190 192 192 190 190 192
 195 196 195 195 196 196 195 195 196 198 199 200 199 197 195 197 200 201
 200  29]","[ 29  30 126 125 126 129 130 131 128 127 128 129 130 130 129 128 129 129
 131 131 128 128 130 131 134 135 132 132 137 137 133 133 135 133 133 136
 136 134 134 138 138 138 138 137 137 137 139 142 142 140 140 139 140 143
 138 105  62  54  55  48  46  43  36  25  24  28  34  41  46  47  42  35
  31  29  25  22  20  21  23  25  24  41  55  60  62  64  65  65  62  59
  56  53  52  52  52  51  55  54  64  69  80  85 136 160 157 155 159 160
 160 161 161 161 161 161 162 162 162 162 162 162 162 165 166 167 169 168
 165 166 167 169 169 168 169 168 169 171 173 173 173 173 173 174 176 178
 176 174 174 177 178 178 178 180 181 181 182 181 180 180 182 184 185 185
 186 187 187 186 187 187 186 186 188 191 192 191 192 194 193 192 190 191
 193 194 194 194 195 194 194 194 196 198 199 199 199 198 197 199 201 203
 200  29]","[ 29  30 127 128 128 129 129 131 131 130 129 130 131 131 130 129 128 128
 131 131 129 130 133 134 135 136 133 132 136 136 132 132 134 132 132 135
 136 133 134 138 138 138 139 138 138 139 141 143 145 142 141 144 143 146
 136 112  62  49  56  50  44  40  38  27  22  23  28  35  42  46  45  38
  32  31  29  26  21  19  22  26  29  47  61  64  63  64  65  67  61  60
  57  54  53  53  54  54  52  52  64  70  81  87 139 158 158 157 160 160
 159 161 160 160 160 160 160 162 163 164 164 165 165 167 167 167 168 167
 166 166 170 171 170 169 170 170 170 172 174 173 173 173 175 176 177 178
 177 176 175 177 178 179 180 180 180 180 181 181 180 179 181 182 185 185
 186 187 187 186 186 187 188 187 189 192 192 190 190 192 196 195 193 193
 193 194 194 194 195 194 195 196 198 199 198 197 199 199 199 200 202 202
 199  28]","[ 29  29 128 131 131 129 127 130 132 130 130 130 130 130 130 130 128 127
 129 131 131 133 136 136 138 138 136 133 133 132 131 130 133 133 133 134
 134 135 137 138 138 139 139 140 140 141 142 142 144 144 143 145 144 142
 139 119  72  49  58  54  45  40  41  31  25  24  27  32  36  42  44  40
  37  38  39  33  24  18  19  24  36  53  65  66  66  65  64  64  61  60
  57  52  49  50  52  55  53  57  64  71  81  97 146 159 158 157 159 159
 158 160 159 159 160 159 160 162 163 163 164 166 167 168 168 168 169 168
 168 169 172 173 172 170 171 171 170 172 174 174 174 174 174 175 176 176
 175 175 175 175 176 178 178 178 179 179 180 180 180 180 181 182 185 185
 186 187 187 186 186 186 189 188 189 191 191 188 188 191 195 195 195 195
 194 195 195 195 195 195 195 197 200 200 199 198 199 201 201 202 202 203
 200  29]","[ 29  29 129 133 133 129 126 129 130 130 130 130 130 129 129 130 131 129
 129 130 131 133 135 134 137 139 138 136 134 132 132 132 132 134 134 131
 132 136 138 138 138 139 139 139 141 142 141 139 138 144 144 143 143 137
 145 129  99  59  57  53  46  43  43  30  26  24  27  30  32  38  44  43
  44  48  49  43  30  20  19  23  41  54  63  66  69  69  63  61  61  60
  56  49  44  44  48  52  49  60  68  80  89 111 151 156 158 157 159 159
 159 161 160 160 160 160 161 161 161 160 162 165 165 167 168 169 170 170
 169 170 170 171 169 169 171 171 171 173 174 174 174 173 173 173 174 174
 174 176 176 175 176 178 179 178 179 179 180 181 182 182 182 183 185 185
 186 187 187 186 186 187 186 185 186 190 190 188 189 193 192 194 195 195
 194 195 195 195 196 195 194 196 199 200 200 199 199 201 202 202 203 203
 202  31]","[ 29  30 130 129 131 128 127 126 131 129 129 126 126 129 129 129 128 130
 132 132 131 131 132 134 136 136 137 138 138 135 133 131 134 137 137 133
 131 134 138 139 139 139 138 139 141 142 140 140 139 139 142 143 141 140
 137 130 111  65  59  58  54  50  42  36  31  30  30  31  33  36  40  44
  46  50  51  48  40  24  17  25  43  56  64  66  70  69  64  62  57  57
  54  50  46  43  44  49  52  58  73  80  96 114 153 158 158 158 159 159
 158 159 159 159 161 161 161 161 162 163 164 164 167 169 170 170 170 171
 171 170 171 170 169 170 171 171 172 173 174 172 172 174 172 172 174 175
 175 177 176 175 176 179 178 174 177 179 181 182 182 182 183 183 183 183
 184 186 186 185 186 187 188 186 187 189 190 189 190 192 193 194 193 194
 196 196 195 195 195 195 195 195 196 198 199 199 200 199 201 203 202 201
 200  30]","[ 29  29 129 128 131 128 127 127 129 127 129 128 127 127 125 127 130 132
 132 129 128 131 134 135 136 135 135 137 138 136 134 132 134 136 137 136
 136 137 138 138 137 139 138 139 141 142 141 142 142 141 143 144 141 140
 138 132 128  78  58  54  49  52  47  41  38  36  34  32  32  34  37  40
  48  51  50  45  36  24  20  28  48  58  65  67  69  67  63  61  59  56
  50  46  46  46  48  52  52  59  68  85  88 122 156 160 160 159 158 158
 159 160 161 161 161 160 160 162 163 165 166 166 167 167 168 168 169 171
 171 170 170 170 170 171 172 172 172 172 172 170 172 173 172 172 174 175
 175 176 176 176 177 179 179 176 179 180 181 182 181 181 182 182 185 185
 186 187 187 187 187 188 189 189 190 192 192 191 191 192 191 194 194 194
 195 194 194 195 195 195 195 195 196 198 199 198 200 199 201 204 203 202
 200  29]","[ 29  28 126 125 128 127 127 127 129 128 131 131 129 127 125 129 128 131
 132 130 130 133 135 134 132 131 131 134 138 139 137 136 134 135 136 138
 139 138 137 136 137 139 140 140 142 142 141 143 143 141 142 143 141 140
 139 136 141  94  57  58  56  59  52  44  41  39  36  34  33  34  36  38
  41  45  45  41  34  26  26  34  54  60  64  67  67  64  60  59  59  55
  48  45  46  47  49  54  58  65  72  93  90 132 161 158 159 157 155 156
 159 161 162 162 162 161 161 163 165 167 167 167 167 167 167 167 169 170
 171 170 171 171 171 171 171 172 171 171 173 172 174 174 172 172 173 174
 175 175 176 177 179 179 178 178 180 181 182 181 181 181 182 182 185 185
 185 187 187 187 187 187 188 189 190 191 191 192 192 191 189 193 195 195
 195 193 193 195 195 195 195 196 198 199 199 198 199 199 201 203 203 202
 199  28]","[ 29  27 124 123 127 127 127 127 130 128 130 130 129 129 128 131 129 130
 130 130 132 134 134 133 130 129 129 133 136 138 138 137 135 134 135 138
 139 137 136 136 138 140 140 140 141 141 140 141 142 140 141 142 142 141
 140 141 150 110  52  55  60  59  57  53  45  43  39  36  35  36  36  37
  36  40  40  38  34  31  36  44  59  60  64  67  66  62  59  59  58  56
  51  47  46  45  48  54  66  71  76  89  96 138 164 157 156 155 155 156
 159 162 162 162 162 162 162 163 164 165 166 166 167 167 167 167 167 168
 168 168 173 172 170 169 169 171 171 171 173 173 175 176 173 173 174 174
 176 175 176 178 179 178 177 178 179 181 182 182 181 180 181 183 186 185
 185 185 186 187 187 188 187 188 188 187 188 191 193 192 189 193 195 195
 195 194 193 195 196 196 196 196 198 199 198 197 200 199 201 202 202 202
 200  28]","[ 29  28 125 122 127 128 129 129 128 128 129 126 127 131 131 131 133 130
 127 127 129 131 132 134 132 132 132 133 133 133 134 134 136 135 137 140
 140 138 137 139 140 140 139 139 141 141 139 140 142 142 142 144 144 143
 142 144 152 130  59  51  61  60  61  58  52  49  44  39  37  37  37  37
  39  41  41  39  37  38  45  54  61  60  63  67  66  62  60  60  58  56
  51  47  46  45  47  52  67  73  73  80 100 141 161 158 156 156 157 159
 160 161 161 161 160 161 162 163 163 163 164 165 165 166 167 167 166 165
 166 167 171 171 170 169 169 171 172 171 170 171 174 175 174 174 176 176
 175 175 176 179 179 177 177 178 178 180 182 182 181 180 182 184 188 187
 186 185 185 187 187 188 187 188 188 187 189 192 194 192 190 193 194 195
 196 195 194 195 196 196 196 197 198 198 197 196 200 200 200 201 202 203
 201  29]","[ 29  29 125 123 127 129 130 129 129 129 130 127 129 135 134 131 135 131
 129 130 130 129 131 133 135 135 136 135 134 133 134 135 136 136 138 142
 142 139 139 140 142 141 139 139 141 142 140 141 142 143 143 144 145 143
 142 145 148 141  78  49  58  58  61  55  57  53  47  41  39  40  41  40
  38  41  46  49  46  45  52  60  62  59  61  66  64  61  59  58  57  53
  46  43  45  45  46  49  62  75  72  83 106 147 156 157 157 158 160 160
 160 159 159 159 160 162 163 164 163 163 164 166 165 166 167 168 167 166
 167 168 168 169 170 170 171 172 172 171 169 171 174 175 173 173 175 175
 174 174 176 178 179 178 178 180 178 180 183 183 183 183 184 186 189 188
 186 184 184 185 186 187 187 189 190 190 191 194 194 191 191 194 194 195
 197 196 195 196 198 198 199 199 199 200 199 198 201 200 200 201 202 204
 202  30]","[ 29  29 126 123 127 129 130 129 134 132 132 130 132 137 135 134 135 134
 134 134 132 130 132 134 137 137 138 138 137 137 137 139 138 138 139 141
 141 140 140 141 142 142 140 139 141 141 141 142 141 145 144 143 144 143
 142 144 146 138  98  52  53  56  59  57  58  56  51  46  45  46  45  43
  36  42  52  57  53  50  56  65  63  59  60  63  61  59  57  55  52  48
  42  41  44  45  45  47  57  73  73  89 112 151 155 158 159 160 160 160
 159 158 158 158 161 162 164 164 165 165 166 167 166 165 166 167 168 167
 168 169 167 169 170 170 172 173 172 170 171 172 175 175 172 172 174 173
 175 176 178 179 179 178 179 181 180 180 181 182 184 185 186 187 187 188
 187 185 184 185 186 186 187 188 189 191 193 194 194 192 193 195 195 195
 197 196 196 198 200 201 201 201 201 202 202 202 203 202 202 202 203 205
 202  30]","[ 29  30 127 124 128 130 131 130 137 133 132 130 131 134 134 136 135 136
 136 132 129 130 134 138 137 137 138 138 138 138 138 140 143 141 140 139
 139 140 141 142 142 142 140 138 139 139 139 142 142 146 145 143 144 144
 142 144 145 133 119  71  66  65  61  60  60  60  57  53  52  51  47  43
  42  46  55  59  53  49  59  71  64  60  60  62  59  58  56  53  47  46
  44  44  45  44  44  47  53  65  70  85 111 148 158 163 161 161 160 160
 160 160 159 159 161 162 163 164 165 165 165 165 166 164 163 165 166 167
 167 167 170 171 171 170 171 173 173 171 170 172 175 175 172 173 175 175
 176 178 179 179 179 179 180 181 180 179 179 180 183 185 186 186 186 187
 187 186 186 187 188 188 188 188 188 190 192 194 195 195 193 196 196 195
 196 196 197 199 200 201 202 202 202 203 204 204 204 203 203 203 204 206
 202  29]","[ 28  30 128 127 126 128 128 128 130 130 129 130 131 132 135 135 135 135
 135 135 136 136 137 137 141 140 139 138 138 139 139 138 140 139 138 139
 140 137 138 142 143 142 143 143 140 136 136 139 145 145 143 141 142 145
 146 145 146 141 133  86  65  64  62  64  61  58  58  55  50  52  53  48
  45  48  59  57  50  49  52  67  65  65  64  59  56  58  57  50  48  46
  45  43  40  40  45  50  56  62  74  89 115 161 162 163 162 160 160 162
 162 161 161 164 164 162 162 165 167 166 164 164 164 166 163 165 167 167
 169 164 171 172 170 169 171 173 171 171 171 173 174 175 174 174 175 176
 178 177 179 178 179 180 179 181 181 181 180 181 183 186 187 186 186 187
 188 188 189 189 189 188 188 191 194 195 195 195 195 195 195 195 197 199
 199 198 199 201 203 203 203 203 204 204 204 204 204 206 203 205 207 206
 202  29]","[ 29  30 128 128 127 129 128 127 130 131 130 131 132 133 134 135 135 136
 137 138 138 138 138 139 140 139 138 138 138 139 139 140 139 140 139 138
 140 140 139 140 141 142 143 142 140 138 139 141 144 145 145 144 144 145
 146 145 147 142 138 104  69  55  61  60  60  59  59  57  53  52  52  47
  45  46  56  57  54  54  54  64  64  65  64  60  56  56  53  47  48  48
  46  43  43  45  48  50  57  65  68  83 112 166 163 161 162 162 161 160
 161 162 164 165 165 163 163 166 168 167 165 164 166 169 167 167 167 166
 168 165 171 172 170 167 169 171 172 174 173 173 174 176 177 178 179 179
 179 178 180 180 181 183 181 183 185 185 185 185 186 188 189 188 191 192
 193 193 193 192 191 190 191 194 196 197 197 197 198 198 198 198 199 200
 201 201 202 204 204 203 203 203 203 203 203 203 203 206 203 204 207 205
 202  29]","[ 29  28 126 128 129 129 129 128 131 131 131 132 133 135 135 135 132 134
 136 137 138 138 138 138 138 137 136 136 137 138 138 138 137 139 138 136
 139 140 139 139 141 143 144 143 141 140 142 144 146 148 148 145 143 144
 145 145 146 147 148 128  82  56  63  59  60  60  60  57  55  52  50  48
  43  43  52  57  58  59  56  61  63  63  63  61  56  54  52  49  48  50
  47  44  47  50  49  49  58  67  66  82 110 165 161 162 164 164 162 160
 161 164 167 167 166 164 164 167 168 168 166 165 168 171 171 170 169 168
 169 168 172 173 171 169 171 173 175 178 177 177 176 177 179 180 180 178
 179 179 182 182 184 186 184 186 187 188 188 187 187 188 189 190 191 193
 195 195 194 193 193 192 193 195 197 197 197 198 199 199 196 197 197 197
 198 199 201 201 202 202 202 203 203 203 203 203 203 205 203 204 206 206
 202  28]","[ 29  28 126 129 130 130 131 132 134 133 133 132 134 137 135 133 129 131
 134 136 136 137 137 138 138 138 138 138 138 138 138 138 140 141 139 137
 138 138 137 137 143 144 144 142 141 142 142 143 143 146 148 147 145 144
 145 146 148 149 150 141  97  56  52  59  62  62  59  56  54  52  50  50
  46  46  53  57  59  59  55  56  61  60  61  59  55  53  53  53  49  52
  49  48  53  52  48  49  57  64  64  82 112 161 159 162 165 165 164 163
 164 166 168 168 167 166 165 166 168 168 167 166 169 171 173 173 172 171
 172 172 173 174 174 174 176 177 178 180 179 179 178 178 179 181 180 177
 178 178 182 182 183 185 184 187 187 188 188 187 186 187 189 190 188 190
 193 193 193 193 193 193 194 195 196 195 195 196 197 197 198 199 198 197
 198 200 201 200 200 200 201 203 204 203 203 204 203 204 203 205 206 207
 203  28]","[ 29  29 128 130 130 130 132 135 135 132 133 131 134 138 133 131 130 133
 135 135 136 137 138 138 140 140 141 141 141 140 140 139 145 144 143 141
 140 137 136 139 144 144 143 142 141 142 142 141 138 142 147 149 148 146
 146 146 149 145 144 145 121  73  48  63  63  62  60  57  56  52  51  53
  52  53  56  57  56  55  53  54  57  57  59  59  55  53  53  53  52  54
  53  55  57  51  45  47  56  59  61  79 112 162 166 164 167 165 165 168
 168 168 169 171 170 169 167 168 169 169 169 169 169 171 174 174 175 175
 174 174 174 174 174 175 178 179 179 180 177 178 179 178 180 182 182 180
 177 179 183 182 180 181 182 185 186 187 188 187 186 187 189 190 188 191
 193 193 192 192 194 194 195 195 195 194 194 195 196 197 200 201 201 200
 200 201 201 200 200 200 202 204 205 204 203 204 203 205 204 206 207 208
 206  29]","[ 29  30 129 130 129 130 131 134 131 128 131 129 133 139 134 132 133 135
 136 136 136 137 138 137 138 139 140 140 140 140 140 140 143 143 143 143
 142 139 139 144 145 144 143 143 143 144 143 143 144 145 146 146 146 146
 146 147 148 144 144 145 147 114  68  58  62  61  62  62  60  55  53  53
  53  54  55  54  53  53  54  56  56  57  61  62  58  56  54  52  53  55
  56  58  57  49  44  47  56  62  68  79 102 158 174 167 168 167 168 172
 173 171 171 173 173 172 171 170 170 171 171 171 170 171 174 175 176 177
 174 175 175 174 172 173 176 177 177 179 177 179 180 179 180 182 183 182
 180 181 184 183 181 181 181 185 186 187 187 186 186 188 189 190 189 191
 193 192 191 191 192 193 195 195 195 194 194 196 197 197 199 200 201 201
 200 201 200 199 203 202 204 206 206 204 203 204 205 206 206 208 208 210
 207  30]","[ 28  30 129 130 129 131 131 132 129 127 131 128 131 137 133 133 133 135
 136 136 136 138 138 137 136 136 137 138 139 139 140 141 139 141 141 142
 142 141 140 143 144 143 144 145 146 145 145 147 150 148 146 145 145 146
 147 148 150 147 150 147 156 141  99  62  60  58  63  67  62  57  55  53
  52  54  53  52  52  53  57  59  57  59  63  64  61  59  57  53  53  54
  56  57  54  49  48  50  57  64  72  81  90 150 176 170 169 169 170 172
 172 172 171 172 172 172 172 171 171 171 172 172 172 171 175 175 175 176
 174 176 176 175 173 174 176 176 176 179 179 181 181 179 180 182 182 180
 181 182 185 184 184 185 184 187 187 187 186 186 187 189 190 189 189 191
 192 192 191 191 192 192 195 195 195 195 195 197 198 198 201 201 202 203
 203 202 202 202 204 203 204 207 207 205 204 206 208 208 208 210 209 211
 208  29]","[ 28  31 130 131 131 133 133 132 132 131 135 130 129 134 129 130 132 135
 136 136 137 139 139 137 137 137 138 138 139 140 141 142 140 143 143 142
 142 141 138 138 144 143 144 147 146 145 146 149 147 146 146 148 151 151
 150 149 152 144 154 152 153 147 129  94  58  56  63  68  63  57  56  52
  56  57  54  52  52  55  58  58  57  59  62  63  62  62  60  56  53  54
  57  57  54  53  54  55  57  59  67  82  84 147 174 169 168 169 169 168
 168 169 169 168 168 170 171 170 170 171 172 172 172 171 175 174 174 175
 173 177 177 177 177 177 178 177 177 179 179 181 180 179 180 183 183 180
 180 180 183 184 186 188 187 188 189 188 187 187 189 190 191 190 188 190
 192 193 193 193 194 194 195 195 196 196 197 199 201 201 201 201 202 204
 203 202 202 204 203 201 202 206 207 205 206 208 210 210 210 211 209 211
 208  28]","[ 30  28 131 134 135 133 132 130 136 137 138 135 134 132 128 130 130 134
 137 138 138 140 142 143 140 140 141 142 143 143 145 146 146 147 145 144
 147 147 145 145 146 147 148 149 148 146 145 146 148 149 149 151 153 155
 154 151 153 150 153 156 148 145 146 133  93  70  59  67  64  61  59  58
  58  57  59  59  57  56  56  61  61  63  64  65  65  64  62  59  55  54
  53  53  56  59  60  59  58  59  64  75  81 135 170 173 171 168 168 170
 170 172 173 171 169 171 172 172 171 170 170 171 172 173 174 175 176 177
 177 177 179 179 179 178 179 180 180 179 181 180 180 179 181 186 186 181
 181 183 183 184 186 187 187 189 189 189 190 190 192 194 192 190 187 190
 192 193 193 194 195 195 195 195 196 196 196 197 198 200 199 202 203 202
 203 203 203 204 203 203 203 205 206 206 207 208 208 210 209 210 212 211
 206  30]","[ 29  29 133 135 137 136 136 134 136 137 138 135 137 139 134 133 133 136
 139 140 140 142 145 148 144 143 144 144 144 144 146 147 149 150 149 149
 151 152 150 150 152 153 151 146 144 145 146 146 150 150 150 151 153 154
 154 153 154 155 154 155 152 152 155 151 129  88  64  63  65  65  64  55
  57  56  58  56  52  51  51  56  64  65  65  64  64  64  61  58  57  55
  53  55  57  59  59  58  56  58  65  73  77 125 160 175 171 170 169 169
 169 170 173 173 171 172 173 172 171 171 171 172 174 174 175 176 178 179
 179 179 179 179 179 179 180 181 181 180 181 180 180 180 182 185 185 182
 182 184 184 185 187 187 187 189 189 189 188 188 190 192 194 193 188 191
 193 194 194 194 195 195 195 195 195 196 196 196 198 200 199 201 202 202
 203 203 202 204 203 204 205 206 206 206 206 207 208 211 210 211 212 211
 205  29]","[ 28  30 137 137 138 138 139 138 139 139 139 138 142 145 140 138 141 141
 142 142 141 141 145 149 147 146 146 146 146 146 146 147 147 149 149 149
 151 151 151 151 152 153 154 152 151 151 151 150 155 153 152 153 154 153
 154 155 155 160 155 153 155 155 157 161 149 115  80  64  68  62  60  61
  56  56  58  55  51  49  51  57  65  66  65  64  64  64  61  58  59  56
  54  56  58  57  56  55  59  56  60  68  74 115 147 172 171 171 171 171
 170 171 174 177 174 174 173 172 172 172 173 173 172 172 172 174 177 179
 179 179 179 179 179 179 180 181 181 180 182 180 181 184 184 186 187 186
 184 186 186 186 188 187 187 188 188 188 187 187 188 191 193 194 190 192
 194 194 194 194 194 194 197 197 198 199 199 199 201 203 200 201 202 202
 203 202 201 204 204 205 207 208 207 206 206 208 208 211 210 211 211 211
 205  29]","[ 28  31 140 139 140 141 139 138 141 141 143 143 146 146 141 140 145 144
 144 144 142 141 143 148 147 146 146 146 146 145 145 146 144 147 148 149
 150 149 148 148 147 145 148 154 155 152 150 152 156 154 154 155 154 152
 152 154 154 159 156 152 154 154 155 159 155 144 116  82  66  57  59  65
  58  56  58  55  51  50  52  59  64  67  68  67  66  66  63  60  61  58
  56  57  58  56  54  54  53  54  66  72  70  96 125 169 170 171 171 172
 173 172 173 176 174 173 172 172 173 174 174 174 172 171 171 173 176 178
 178 178 180 180 180 180 180 181 181 180 180 180 183 185 186 187 188 187
 185 187 187 187 188 188 187 188 188 189 190 190 191 192 193 193 192 194
 195 195 195 195 196 196 197 197 198 199 199 200 202 204 203 204 203 203
 203 202 202 205 206 207 208 208 208 207 208 209 208 210 210 211 211 211
 206  29]","[ 29  31 142 141 142 143 140 138 141 141 144 145 145 143 138 142 144 143
 144 145 144 143 145 149 146 146 145 146 145 145 144 144 145 149 151 151
 151 150 148 149 149 144 144 150 153 151 151 153 152 151 152 154 153 151
 151 153 153 154 156 155 153 155 157 156 158 158 147 112  69  61  67  65
  59  56  56  53  50  49  50  56  62  68  72  71  69  67  64  61  61  59
  58  59  59  57  56  56  55  53  64  73  75  88 108 151 170 172 172 172
 174 173 172 173 173 172 172 172 174 175 175 175 177 176 176 177 178 179
 179 179 180 180 180 179 180 181 181 181 179 181 184 185 185 187 187 184
 185 187 187 188 189 188 187 188 189 190 192 193 194 194 194 194 195 196
 197 197 196 197 198 199 198 198 198 199 200 200 202 203 205 206 205 204
 204 203 204 207 208 208 208 209 209 210 210 211 210 211 211 212 211 213
 208  29]","[ 29  30 143 143 143 145 140 140 140 141 145 145 145 142 139 144 144 144
 145 146 146 145 146 148 146 146 146 147 147 145 144 144 147 151 152 152
 152 151 149 149 151 150 149 150 152 155 155 153 149 149 151 154 154 153
 153 155 155 152 157 157 153 157 159 156 157 157 156 142  97  67  57  59
  58  55  55  54  52  52  51  55  61  68  73  71  67  65  62  58  59  59
  58  59  59  60  59  59  55  58  66  72  71  79 100 143 170 176 176 174
 176 175 173 174 174 174 174 175 176 177 177 177 180 180 180 180 179 179
 179 179 180 180 179 179 180 182 183 183 182 183 185 185 185 187 186 182
 185 187 187 187 189 188 188 189 190 189 190 192 194 194 195 195 195 196
 197 197 196 197 198 198 201 200 199 200 201 202 202 203 203 205 205 203
 203 204 205 208 210 208 208 209 210 211 212 213 213 213 213 214 213 215
 210  30]","[ 29  29 143 143 143 143 139 141 141 143 146 143 143 144 142 144 145 145
 144 144 144 145 145 146 146 146 147 148 149 147 146 145 147 150 151 151
 151 150 150 151 150 152 152 151 151 153 153 151 150 152 153 154 155 155
 157 158 157 154 159 158 154 157 158 157 158 157 158 159 136  89  53  50
  57  55  57  58  57  56  54  57  62  68  71  67  62  61  58  55  57  58
  58  58  60  63  62  59  62  62  61  64  70  80  93 119 159 172 177 175
 177 176 174 176 176 176 176 176 176 177 177 177 178 180 181 180 179 178
 179 180 180 180 180 180 181 183 185 185 186 184 184 185 186 187 186 183
 185 187 187 187 188 188 188 190 190 188 187 190 193 195 195 195 194 196
 197 197 196 197 197 197 200 198 197 198 200 201 201 201 202 206 206 203
 203 205 207 208 209 209 209 210 211 211 213 214 214 213 214 216 215 217
 212  29]","[ 29  29 143 143 141 141 137 142 142 145 146 141 141 145 143 142 143 143
 142 141 142 144 145 145 145 145 147 149 150 149 147 147 147 150 151 150
 151 152 152 153 155 154 154 153 151 150 150 152 154 155 155 154 154 156
 157 158 155 156 161 158 157 159 158 159 161 157 159 162 160 125  81  51
  57  56  60  60  59  56  53  55  64  68  69  64  60  59  58  55  57  58
  58  58  62  66  63  58  60  65  63  64  70  77  82  92 143 163 174 174
 175 174 173 175 175 175 175 175 174 174 174 175 176 178 181 181 179 178
 180 182 182 181 180 180 181 184 185 186 187 182 181 185 186 186 186 185
 186 187 187 187 188 188 188 190 191 188 187 191 195 196 195 195 195 197
 198 198 198 197 197 196 200 198 197 199 201 203 203 203 203 208 209 205
 205 208 209 209 209 209 211 211 211 211 212 214 213 212 214 217 216 219
 212  29]","[ 29  29 140 140 140 142 143 142 141 144 146 145 144 144 143 142 145 142
 141 141 142 143 145 148 145 146 151 152 149 149 150 148 148 150 152 153
 153 153 152 153 154 154 155 156 155 153 152 152 157 155 154 154 156 158
 157 156 158 158 158 159 159 159 159 160 162 160 158 160 164 154 114  69
  57  65  65  61  59  52  50  57  64  68  69  66  63  61  60  57  57  61
  59  58  63  65  63  62  67  67  66  65  67  70  73  76 120 162 175 172
 175 175 176 174 176 175 176 176 175 176 178 177 175 176 178 179 179 179
 179 180 180 181 180 180 181 181 182 187 185 182 181 184 186 186 186 186
 185 186 186 186 187 189 190 191 191 189 189 192 194 194 193 193 194 197
 200 201 200 199 198 197 198 199 200 201 202 203 203 203 206 208 210 209
 207 207 209 211 212 211 210 211 211 211 211 212 208 209 210 217 216 218
 212  28]","[ 29  29 139 140 139 142 142 143 141 144 145 143 142 142 143 142 143 143
 143 143 143 143 144 146 146 146 150 150 148 150 153 151 148 149 151 152
 152 152 152 152 154 154 155 156 156 155 154 154 155 155 155 156 158 159
 158 157 159 158 158 158 158 158 160 161 162 158 159 160 162 162 139 101
  74  66  63  60  58  59  57  60  62  66  68  67  65  64  62  58  61  65
  64  62  64  64  62  61  66  70  68  65  68  70  71  76  89 138 166 175
 175 173 176 177 175 174 175 176 175 177 179 178 178 180 181 181 181 180
 180 180 182 183 183 181 181 182 184 187 187 184 183 185 186 186 186 187
 187 187 187 187 188 190 192 192 192 191 191 193 194 194 194 195 195 197
 199 200 199 199 198 197 198 200 202 202 203 203 204 204 208 209 209 208
 207 208 211 214 213 212 213 214 214 213 212 213 212 213 214 219 218 220
 213  29]","[ 30  29 139 139 138 141 142 144 143 144 144 141 140 141 143 144 143 144
 145 146 145 143 144 145 146 146 147 146 146 150 153 151 150 150 151 151
 152 153 154 154 155 154 154 156 158 158 156 155 154 154 155 156 157 158
 158 157 160 159 159 159 159 159 160 160 161 157 161 161 158 162 153 126
  80  62  64  63  57  58  55  56  63  65  67  66  66  66  64  61  62  66
  65  63  63  62  59  58  66  73  69  64  65  66  68  74  80 122 156 179
 178 174 174 175 176 175 176 177 177 178 180 180 180 181 182 182 181 180
 180 180 183 186 185 182 182 183 185 188 188 186 186 187 187 187 187 187
 189 189 189 190 192 193 194 194 193 193 193 194 194 194 195 196 195 197
 198 199 199 200 199 198 198 201 204 205 204 205 206 206 202 203 205 205
 206 207 209 210 213 213 214 215 215 214 214 214 216 217 217 221 219 220
 214  29]","[ 30  29 138 139 138 140 142 143 145 145 145 142 141 142 144 145 144 145
 145 146 146 146 146 146 146 147 146 145 147 151 153 151 152 152 152 152
 154 155 157 158 156 154 153 155 158 159 158 157 155 155 155 156 156 157
 158 159 160 160 161 163 163 162 160 159 159 158 162 163 160 164 163 150
 111  83  70  67  66  66  63  62  66  67  67  65  64  65  65  64  64  67
  68  66  64  64  63  62  67  72  72  66  61  62  65  69  76 101 133 168
 175 175 174 176 178 177 178 179 179 180 181 180 179 180 181 181 181 181
 181 181 182 186 186 183 183 185 186 188 186 186 187 189 189 189 188 189
 190 190 190 192 194 195 195 195 194 194 194 195 196 196 196 197 196 197
 198 199 200 201 201 200 199 202 204 205 205 206 208 209 206 207 208 209
 211 212 213 213 212 213 214 215 215 215 215 216 219 219 219 219 219 219
 214  28]","[ 29  28 138 139 138 140 142 144 145 146 146 144 144 144 145 146 146 145
 144 144 146 148 149 148 148 149 148 147 150 153 154 153 153 153 152 153
 154 156 158 160 157 154 153 154 157 158 158 157 157 158 158 159 158 158
 159 160 160 161 163 165 165 163 161 161 161 161 161 162 163 163 164 165
 138 110  76  67  69  65  64  65  67  68  67  65  64  65  66  66  64  66
  68  67  65  65  66  65  67  70  77  75  64  61  64  65  66  80 113 158
 179 181 177 178 179 178 179 180 180 180 180 178 180 180 181 182 182 182
 182 182 181 186 187 184 185 186 187 188 187 187 188 188 189 190 191 192
 191 190 190 192 194 195 195 195 195 195 195 196 198 199 199 197 197 198
 198 199 201 202 202 201 201 202 203 204 205 206 207 208 207 205 204 204
 206 209 212 213 213 213 213 214 215 216 218 220 220 220 220 218 219 220
 216  28]","[ 29  28 139 141 140 142 144 146 145 145 145 145 145 145 145 145 147 145
 143 143 146 149 150 149 148 149 148 147 150 152 152 153 153 153 152 152
 153 154 156 158 156 154 153 153 154 155 156 157 158 159 161 161 160 159
 159 159 158 159 161 162 162 162 162 162 162 163 162 163 165 160 158 162
 155 133  86  67  71  68  68  64  64  66  67  67  66  66  66  66  65  65
  67  68  66  65  65  63  64  67  79  84  74  64  64  63  71  73  92 130
 165 178 177 178 179 178 180 181 180 180 180 178 181 181 182 183 183 183
 183 183 180 184 185 185 186 187 187 187 190 189 188 188 188 191 193 195
 193 192 192 194 195 195 195 196 196 195 194 195 198 200 199 198 199 199
 199 200 201 203 203 203 206 205 205 205 205 207 207 207 208 207 207 207
 208 210 212 214 214 214 214 215 215 217 220 223 221 221 222 219 222 222
 218  29]","[ 29  29 141 144 143 143 144 147 146 145 144 145 146 146 145 145 146 145
 144 144 146 149 149 148 149 149 146 146 148 148 149 153 152 152 152 152
 152 153 155 157 154 154 154 154 154 154 155 157 159 159 160 160 159 158
 158 158 157 158 160 160 160 160 161 163 160 162 164 167 167 164 162 162
 168 151 103  70  70  77  74  64  64  66  69  70  71  70  69  68  69  68
  70  71  69  67  66  62  61  66  76  87  84  70  63  67  69  75  90 117
 164 180 178 174 179 179 180 180 179 180 181 181 182 182 183 184 184 185
 185 184 182 184 185 186 188 187 187 188 191 190 190 189 190 193 194 195
 196 194 194 195 196 195 195 197 197 197 196 195 197 199 200 199 201 201
 200 200 202 205 207 207 209 209 208 207 207 208 208 207 206 208 210 211
 212 212 213 213 213 214 214 215 216 217 220 222 221 221 223 220 224 225
 220  29]","[ 29  29 141 144 143 142 142 145 147 145 144 145 146 146 146 146 145 145
 145 145 146 148 147 146 151 151 147 146 148 146 147 153 151 152 153 153
 153 154 156 157 154 155 157 157 156 155 157 159 160 160 159 158 157 157
 158 160 158 160 162 162 161 160 161 163 163 162 165 166 163 164 166 163
 163 168 143  97  75  76  76  69  68  69  71  74  76  75  74  72  69  67
  70  71  69  66  64  58  61  67  73  85  92  75  63  73  74  81  88  98
 144 167 176 179 180 179 180 181 180 181 183 184 182 182 183 184 185 186
 186 186 186 187 187 188 190 189 189 191 189 190 191 192 194 195 195 194
 196 194 193 195 195 194 194 196 199 199 198 197 197 200 202 202 202 202
 201 201 203 207 210 212 209 210 210 209 208 208 208 207 207 209 210 211
 211 211 213 215 212 213 214 216 216 217 218 221 220 221 223 220 225 225
 219  27]","[ 29  29 142 142 142 139 141 145 145 146 146 144 144 145 145 143 142 144
 146 147 148 148 147 147 149 153 153 150 147 145 145 148 151 152 153 153
 153 153 154 155 153 155 157 157 156 156 156 158 158 155 156 157 156 159
 162 162 159 161 161 161 162 162 161 162 165 166 166 165 165 165 165 164
 163 161 158 131  84  75  77  73  71  72  73  76  77  76  74  73  74  70
  69  69  68  67  65  62  65  64  73  81  87  83  72  72  74  72  75  83
 122 158 173 178 179 176 182 177 180 181 182 184 184 186 184 182 185 187
 187 187 188 189 188 189 191 191 190 191 190 190 192 194 195 196 196 196
 195 195 195 196 196 195 196 197 198 200 200 198 197 200 202 202 203 202
 201 202 204 206 207 207 212 210 210 208 206 207 208 207 206 207 208 209
 210 212 213 214 211 214 215 215 218 220 219 219 221 221 221 224 226 226
 221  29]","[ 28  29 142 143 143 139 139 140 144 144 144 143 144 145 145 145 144 146
 147 147 148 149 149 149 150 152 152 148 146 145 146 148 152 153 153 154
 154 154 154 153 153 154 155 155 154 154 156 157 155 154 156 158 158 158
 158 157 161 163 163 162 161 161 161 162 164 166 166 166 166 165 164 163
 161 163 167 147 102  71  74  72  72  73  74  75  75  75  74  75  76  71
  70  70  69  68  66  65  64  64  69  76  86  88  79  74  66  64  73  78
 110 148 174 183 180 178 182 178 180 182 183 182 183 187 187 186 187 188
 187 187 190 191 192 192 193 192 190 191 191 192 193 195 196 196 196 196
 196 197 197 198 197 196 196 197 199 201 201 199 199 201 203 203 202 202
 202 202 203 204 206 207 211 209 209 209 208 210 211 209 207 208 210 211
 213 214 215 215 214 217 218 219 221 222 222 222 221 220 220 224 227 227
 220  29]","[ 29  29 143 144 144 140 139 138 143 143 143 142 144 145 146 146 145 146
 147 146 147 148 150 150 151 152 151 149 149 149 149 151 153 153 154 154
 154 154 153 153 153 154 154 154 154 155 156 157 155 156 157 159 160 158
 155 155 161 164 164 162 160 159 160 163 164 166 167 166 166 166 165 165
 166 164 166 155 124  75  73  74  73  73  74  74  74  74  75  76  75  70
  68  70  69  66  65  64  66  69  74  75  82  88  83  76  69  64  73  71
  91 123 160 178 181 179 183 179 179 183 185 181 183 188 189 188 188 187
 187 188 190 192 192 191 191 190 190 191 194 194 195 196 196 196 196 196
 197 198 199 200 199 198 198 199 200 201 201 200 201 203 204 203 202 203
 203 203 203 205 207 209 211 210 211 211 210 210 211 208 207 208 210 213
 215 216 216 216 218 221 221 221 222 222 220 221 222 220 219 224 226 226
 219  28]","[ 30  29 143 143 142 140 142 143 144 144 143 143 144 145 146 145 146 146
 146 145 146 147 149 150 151 152 151 150 152 152 152 154 153 153 154 154
 154 154 153 153 154 154 154 154 155 156 158 158 157 159 157 157 160 159
 156 157 160 163 163 160 160 160 161 163 164 165 166 166 166 167 168 168
 166 167 169 168 155 100  77  74  75  76  76  76  75  75  75  75  75  70
  70  72  71  68  66  66  63  68  71  72  78  87  88  83  72  63  69  64
  79 101 143 179 181 180 184 182 178 182 186 184 186 189 189 187 187 187
 188 190 188 190 190 188 189 189 191 194 195 195 196 196 196 196 196 197
 197 198 200 201 200 199 200 201 201 201 201 201 202 203 204 203 203 203
 204 205 205 207 210 212 211 211 211 211 209 210 210 208 206 207 209 212
 214 216 217 217 219 221 222 222 222 221 220 220 223 222 221 225 227 226
 219  28]","[ 29  28 143 142 139 139 145 146 144 144 143 144 145 145 145 144 146 147
 146 146 146 147 149 150 151 152 151 150 152 153 153 153 152 153 154 154
 153 153 154 154 154 154 154 155 156 157 158 158 157 158 156 156 160 159
 159 162 160 162 161 160 160 161 162 164 164 165 166 166 167 168 168 168
 166 168 165 162 162 121  84  77  80  80  79  77  76  76  76  76  72  69
  70  73  73  70  68  66  65  63  62  65  72  84  90  87  78  67  66  63
  75  85 123 172 179 182 185 185 179 180 185 187 189 190 189 187 188 189
 189 191 188 190 190 189 190 191 193 196 195 195 195 196 195 195 195 197
 197 198 200 201 201 201 201 202 202 202 201 202 203 204 204 203 204 204
 205 205 207 208 210 211 209 210 211 211 209 210 212 211 207 207 209 211
 213 214 216 216 218 220 221 223 224 224 223 224 225 226 226 229 228 227
 221  30]","[ 28  29 145 144 139 139 146 147 144 143 143 144 145 145 144 144 146 147
 147 146 146 147 148 149 150 152 151 151 152 153 152 152 152 153 153 153
 153 153 154 155 153 154 155 156 157 158 158 158 156 157 157 158 161 161
 161 163 161 162 162 160 162 162 163 164 162 164 166 167 169 169 167 165
 164 168 166 167 175 151 102  74  82  82  80  77  75  76  76  76  72  70
  71  74  73  71  69  67  68  64  61  63  66  76  88  90  87  75  67  65
  73  75  98 144 171 182 186 188 182 181 185 188 190 190 189 188 189 189
 188 190 189 191 192 192 193 193 194 196 194 194 194 195 194 194 195 197
 198 199 200 201 201 201 201 202 203 202 202 203 204 204 204 203 206 206
 206 207 207 208 208 209 211 211 213 212 210 210 211 211 208 209 210 210
 211 212 214 216 219 220 222 224 226 225 224 225 226 229 229 230 228 228
 222  30]","[ 29  29 147 146 140 139 146 146 146 144 143 144 146 146 145 145 145 146
 146 145 145 146 147 147 150 152 151 151 152 153 153 154 153 152 152 152
 153 154 154 155 154 154 156 157 157 158 158 159 155 155 158 161 160 160
 161 161 160 163 162 161 162 163 163 165 163 164 165 167 169 170 168 165
 168 167 163 162 169 166 130  81  76  78  79  77  74  74  75  75  77  76
  76  75  74  74  73  70  64  63  63  66  64  70  85  89  83  73  66  68
  73  75  84 115 159 180 186 188 185 186 186 188 188 189 188 188 190 189
 189 190 191 192 193 193 195 194 193 194 194 195 195 195 195 195 197 199
 200 200 200 200 201 201 201 201 203 203 203 204 204 204 203 203 205 207
 208 208 208 208 209 210 213 212 213 213 211 211 210 208 209 210 210 210
 210 212 214 216 220 221 221 224 226 225 223 223 225 229 230 229 228 229
 222  29]","[ 29  29 146 144 138 139 146 145 148 145 144 145 146 146 146 146 146 146
 146 145 145 146 147 147 149 151 151 150 151 152 153 155 154 152 150 151
 153 154 154 154 154 154 156 157 157 158 158 159 155 154 158 161 158 157
 159 158 158 162 163 162 162 162 164 167 165 165 164 166 169 171 170 168
 167 168 169 168 168 172 153  92  68  74  79  78  76  75  75  75  79  78
  76  73  70  71  71  67  65  64  64  67  64  66  75  74  76  69  66  71
  73  80  82  98 150 178 186 188 188 191 188 187 188 189 188 188 190 190
 191 194 193 193 192 192 195 195 194 194 195 196 196 197 196 197 199 201
 201 200 199 200 201 201 201 202 203 203 203 204 204 203 202 203 203 205
 208 209 209 209 210 212 211 210 211 212 212 212 211 207 207 209 210 211
 210 211 214 216 219 219 220 223 227 226 223 224 224 229 229 228 228 230
 223  28]","[ 28  30 145 142 143 145 145 145 145 146 146 146 146 146 146 145 144 146
 147 149 150 150 150 152 152 151 150 148 150 153 154 154 153 153 153 154
 154 154 154 154 154 155 156 157 158 160 160 159 158 161 162 161 159 158
 158 158 159 162 164 163 161 162 165 167 166 167 168 169 170 169 169 168
 168 169 168 168 170 173 169 122  72  74  78  77  78  79  78  81  79  80
  78  73  70  69  69  69  66  65  66  66  65  65  71  78  78  74  72  73
  75  81  86  88 118 161 185 187 183 187 185 189 188 188 188 188 187 189
 191 193 193 193 194 196 195 193 193 196 196 196 195 196 198 199 200 201
 200 203 204 203 202 201 201 201 203 204 204 202 202 204 204 203 205 207
 210 211 210 210 210 211 207 210 212 212 213 212 211 208 209 209 211 214
 215 214 214 216 216 220 221 222 224 224 223 225 225 226 226 227 226 228
 223  29]","[ 29  30 145 141 141 143 144 145 144 145 146 146 146 146 146 146 145 147
 148 149 151 150 149 150 151 151 151 150 151 153 154 153 153 154 154 155
 154 154 153 153 155 155 156 157 158 160 160 160 156 160 162 161 158 157
 157 158 160 162 164 164 162 162 164 166 168 168 170 170 170 169 168 167
 166 168 167 168 167 169 172 143  83  75  79  81  82  84  81  79  81  80
  79  77  75  74  73  72  71  70  68  65  62  63  69  76  74  74  75  75
  72  75  82  89  98 134 169 182 184 187 188 187 188 188 188 188 189 190
 192 194 194 194 195 197 196 195 195 197 196 196 196 196 197 198 199 200
 202 202 202 202 202 203 203 204 202 202 203 204 204 204 204 205 207 208
 209 210 210 211 212 212 208 211 212 212 212 212 211 210 211 210 211 215
 216 216 216 217 217 220 222 223 225 225 225 226 224 225 226 229 229 230
 223  29]","[ 29  30 145 141 140 141 143 145 144 145 146 146 145 145 146 145 146 147
 147 149 151 150 147 147 150 151 152 152 152 152 152 152 154 154 155 155
 154 154 155 155 156 157 157 157 158 160 161 160 156 160 164 163 159 158
 158 159 159 161 163 165 164 162 163 166 167 168 169 170 170 169 167 167
 168 168 167 169 167 166 174 164 103  76  79  81  81  83  84  80  79  79
  80  82  82  79  76  73  74  74  71  65  61  62  67  71  73  74  77  75
  70  68  76  85  93 119 157 183 186 190 190 187 190 189 189 190 191 192
 193 194 194 193 194 196 196 195 195 196 195 196 196 196 196 197 198 200
 202 200 199 201 203 204 204 205 202 201 203 207 207 205 205 207 208 208
 208 208 209 211 212 213 209 211 212 212 211 211 212 212 214 212 213 216
 218 218 218 218 219 219 222 225 225 226 227 226 225 226 227 229 229 230
 224  29]","[ 28  30 147 144 142 142 143 145 145 146 147 146 145 145 145 145 145 146
 145 147 150 149 146 146 151 152 154 154 153 152 152 152 153 154 154 154
 154 155 157 159 158 159 158 158 158 159 160 160 159 162 164 164 161 160
 161 161 159 158 160 165 166 164 164 167 166 167 168 168 169 169 169 169
 171 169 166 170 170 167 172 172 125  82  79  82  80  80  83  82  77  79
  83  87  86  80  75  73  73  73  71  67  64  65  66  65  72  73  74  73
  69  65  69  79  85 104 134 169 178 186 186 188 191 190 190 190 192 193
 193 193 192 192 193 194 195 195 195 195 196 196 197 197 197 197 198 199
 200 198 199 202 204 203 202 203 202 202 204 207 208 206 206 209 209 208
 208 208 209 211 212 212 210 212 213 212 210 210 212 213 214 213 213 215
 218 219 219 219 220 220 224 226 224 226 228 226 226 227 227 228 227 229
 223  29]","[ 28  30 147 145 144 144 144 146 145 147 147 147 146 146 146 145 145 145
 145 147 151 151 149 149 154 155 156 156 154 153 153 153 151 152 153 154
 154 155 157 159 159 159 159 158 158 159 160 159 160 161 162 162 161 162
 161 161 159 157 159 164 167 165 165 167 167 167 168 169 170 171 171 172
 173 171 168 170 171 170 171 174 147  95  80  85  85  82  82  80  79  81
  86  88  84  77  73  72  69  71  70  67  67  68  66  62  70  72  73  72
  69  64  67  76  82  93 114 146 174 184 184 188 191 190 190 190 192 193
 193 192 192 192 193 194 195 195 195 195 197 197 197 197 198 199 198 198
 199 198 199 202 203 202 202 203 203 204 205 206 206 206 207 208 209 209
 209 210 211 212 211 211 211 213 214 213 211 210 211 213 211 212 213 215
 216 217 218 219 222 222 225 227 225 226 229 228 229 230 230 230 228 229
 222  29]","[ 29  29 144 142 142 143 144 147 145 146 147 147 147 148 147 147 145 146
 147 149 153 154 153 154 155 155 156 156 154 153 153 154 152 153 155 156
 156 156 156 156 157 158 159 159 159 160 160 159 160 160 160 160 161 162
 161 160 161 158 159 164 166 165 164 166 168 168 169 169 170 171 172 172
 171 171 171 171 171 174 173 179 167 113  79  80  85  84  81  79  82  84
  86  85  80  74  72  72  69  70  69  67  67  68  66  62  67  72  74  73
  70  65  68  78  83  87 102 124 171 180 184 183 189 189 189 190 191 192
 193 193 192 193 194 195 195 195 196 196 197 197 197 198 199 200 199 198
 199 198 199 200 202 202 203 205 204 204 204 205 205 206 206 206 209 209
 209 210 211 211 211 210 212 213 214 214 212 210 210 211 211 213 214 215
 216 217 219 221 223 223 224 225 225 226 228 228 230 231 232 233 232 232
 223  29]","[ 29  27 142 141 143 143 144 146 145 146 146 147 148 149 148 147 146 148
 150 152 154 154 153 154 154 154 154 155 154 153 153 154 153 154 156 157
 157 156 155 155 156 158 160 160 160 160 159 159 161 160 160 161 162 164
 162 160 161 160 161 164 165 164 164 167 168 168 169 169 169 169 169 169
 170 170 171 171 170 174 171 178 175 129  78  73  79  84  80  81  83  84
  84  83  80  77  74  71  70  71  71  69  67  66  63  61  63  70  72  71
  70  66  67  75  81  86  95 112 158 178 187 189 188 189 189 190 190 191
 192 193 192 193 194 195 195 195 196 196 196 197 198 199 200 200 200 200
 200 199 199 200 202 204 204 205 204 203 203 206 207 206 205 205 208 208
 208 209 210 211 211 211 212 213 214 215 213 211 212 213 213 215 216 216
 217 219 221 222 223 223 221 222 225 227 227 228 230 229 230 232 233 234
 224  28]","[ 29  28 144 144 146 145 144 145 146 146 146 147 148 149 148 146 147 149
 151 152 153 152 150 152 153 153 154 155 155 153 154 155 154 154 154 154
 154 154 155 155 156 158 161 161 161 160 159 158 160 160 161 162 163 164
 163 161 161 161 163 164 163 163 165 168 168 168 169 169 169 169 168 168
 169 166 168 169 168 173 167 171 170 138  81  71  77  83  78  81  82  83
  84  84  83  82  77  72  71  73  74  72  68  64  61  60  60  66  67  66
  67  64  63  68  72  81  83  99 130 163 177 185 188 189 190 189 189 189
 191 193 192 194 195 195 195 196 196 196 195 197 199 200 200 200 200 201
 200 200 201 202 204 206 205 203 205 202 203 208 210 206 204 205 208 208
 208 209 210 211 212 213 212 213 215 217 216 215 215 217 214 215 216 216
 217 219 220 221 224 223 219 220 226 229 227 228 229 227 225 228 231 234
 225  28]","[ 29  29 145 144 146 146 144 144 146 147 146 146 148 147 148 150 149 149
 150 152 152 152 151 151 153 153 154 154 153 154 154 155 154 156 155 153
 154 155 156 158 158 160 160 160 161 160 159 161 159 160 160 159 160 162
 162 160 161 162 164 165 166 166 166 166 166 168 169 170 170 168 167 169
 170 168 167 167 170 172 173 173 167 158 103  71  75  80  82  75  82  81
  83  87  87  82  77  75  73  72  73  72  69  67  63  65  65  64  64  63
  63  64  65  67  65  71  73  96 110 139 171 189 189 189 189 189 190 193
 193 194 195 195 194 194 195 195 196 196 195 196 198 199 199 199 199 200
 199 200 201 202 203 204 204 204 204 201 204 208 210 210 206 207 210 209
 209 210 210 210 211 212 213 214 213 213 215 215 215 218 215 215 216 216
 217 218 220 221 223 223 221 223 228 230 229 230 231 231 229 230 230 232
 225  29]","[ 29  29 145 145 147 147 146 147 147 148 148 147 148 146 146 148 152 151
 151 152 152 152 153 153 151 152 154 155 156 157 159 159 160 159 159 159
 159 157 158 161 160 161 160 160 163 162 160 160 161 159 155 151 152 156
 159 159 161 162 164 166 167 167 167 167 168 168 167 167 168 167 168 171
 169 169 169 170 172 173 173 172 173 170 125  75  80  82  83  81  80  80
  83  88  89  86  82  80  79  74  74  74  75  73  66  64  65  64  63  63
  62  60  59  59  61  66  69  84  96 122 149 185 187 188 190 190 191 192
 192 194 195 195 195 195 195 195 195 195 195 196 199 200 201 200 198 197
 202 202 202 201 200 200 202 203 203 202 206 208 208 206 204 207 208 208
 208 209 210 211 212 213 214 214 213 212 213 213 213 216 211 212 213 215
 217 218 220 221 222 223 223 224 228 229 228 229 230 230 229 230 231 232
 225  29]","[ 29  29 146 146 147 148 148 149 149 151 151 151 150 148 147 150 152 152
 152 153 153 153 153 153 150 151 153 155 156 158 159 160 160 159 159 160
 160 158 158 161 161 161 160 161 165 165 162 161 160 161 162 162 163 162
 159 155 159 160 163 165 167 167 167 166 169 169 167 166 167 166 167 170
 170 170 170 171 172 172 172 172 172 177 151  84  88  86  83  84  83  83
  84  86  87  85  82  79  77  74  75  74  73  71  65  62  63  61  61  63
  63  59  56  56  60  65  72  81  94 112 127 171 187 189 189 189 191 192
 193 195 195 195 195 195 195 195 195 195 196 198 199 200 201 201 199 195
 198 200 202 203 202 201 201 202 203 202 206 207 207 206 205 208 208 208
 209 210 211 212 213 214 217 217 214 213 214 213 212 214 213 213 215 216
 218 219 219 219 222 224 225 226 229 229 229 229 230 230 230 231 231 233
 225  29]","[ 29  29 146 146 148 148 148 149 149 152 153 153 153 151 150 152 150 152
 153 154 154 153 152 152 150 151 152 153 154 154 155 156 159 159 160 161
 160 160 160 161 159 160 160 161 165 165 163 162 162 162 164 164 165 164
 159 155 157 159 161 164 166 167 166 165 166 168 169 168 169 168 168 170
 171 171 170 170 171 171 172 173 170 177 169  96  89  88  83  84  81  82
  82  82  83  85  84  81  78  76  77  75  72  69  65  65  62  60  61  65
  64  59  57  58  60  64  72  80  94 107 112 145 183 190 189 187 190 193
 195 195 194 194 195 195 195 195 195 195 198 200 200 200 200 202 200 198
 196 199 202 203 203 202 202 202 205 201 203 205 208 209 208 210 210 210
 211 211 212 213 214 214 218 218 216 215 216 214 213 214 215 215 216 218
 220 220 220 220 223 225 225 227 230 230 229 230 231 231 231 232 231 232
 225  29]","[ 29  29 145 146 149 149 149 148 148 151 152 152 152 150 148 150 150 152
 153 153 153 153 152 152 153 153 153 153 152 153 153 154 155 157 159 158
 157 160 162 159 156 159 161 161 162 162 161 162 162 161 161 160 161 161
 159 157 158 159 162 164 166 167 166 166 162 167 170 171 171 171 171 174
 173 173 173 172 172 172 173 174 175 176 175 113  87  86  84  83  81  82
  82  82  83  85  84  82  80  78  77  73  71  70  66  65  65  64  65  67
  64  58  56  58  57  61  65  71  83  96 103 119 163 183 190 189 191 193
 195 193 193 194 195 195 195 195 195 195 196 199 200 200 201 202 202 201
 202 202 201 201 201 202 203 203 203 201 204 206 209 210 208 208 211 211
 211 211 212 213 214 214 215 216 216 216 216 214 212 213 214 214 215 217
 220 222 223 223 223 223 223 225 229 230 230 230 231 232 231 232 232 233
 225  29]","[ 29  29 145 146 148 149 149 149 149 151 152 152 151 148 146 147 152 153
 153 152 151 153 154 154 154 154 154 154 153 154 154 155 153 155 157 155
 154 160 163 157 157 162 163 162 161 161 161 162 161 161 161 162 162 161
 160 158 160 161 163 165 167 167 167 166 164 168 171 170 170 170 171 174
 172 173 174 175 174 174 173 173 176 174 177 137  94  82  82  80  82  84
  84  84  83  84  83  81  79  78  78  73  70  69  65  64  66  65  66  66
  62  57  56  58  56  61  64  68  75  86  98 106 136 170 189 192 193 192
 194 193 194 195 195 195 196 195 195 195 194 196 199 201 201 201 201 201
 204 202 201 202 203 204 204 203 201 204 210 212 210 209 206 207 210 211
 211 210 211 214 215 214 213 215 215 216 217 215 212 213 214 214 215 217
 220 222 224 224 223 224 223 225 229 231 231 232 231 231 231 232 232 234
 226  30]","[ 29  29 146 145 146 147 148 150 150 152 152 153 153 150 147 148 152 153
 153 151 151 153 154 155 154 154 155 155 155 155 156 157 157 157 159 157
 155 161 165 160 159 163 164 162 162 162 162 162 162 161 160 159 159 160
 161 162 163 164 165 166 166 166 166 166 167 171 171 169 169 169 169 171
 171 172 173 174 174 173 172 172 172 172 177 161 110  80  82  82  82  83
  84  83  83  84  86  87  82  82  83  79  76  73  66  63  64  64  64  64
  62  59  59  60  60  63  64  67  72  78  90 103 119 156 178 189 193 190
 194 194 195 195 195 196 196 196 196 196 196 196 198 200 201 199 199 200
 201 201 201 203 206 206 205 204 202 206 213 213 211 209 206 208 209 211
 211 210 212 214 216 215 214 215 216 216 217 215 212 212 215 216 217 218
 219 221 222 223 224 225 225 226 230 231 232 233 232 232 231 233 234 235
 227  30]","[ 29  30 146 144 143 144 146 149 150 152 153 154 154 152 150 151 150 153
 154 152 151 153 154 153 155 156 156 156 156 156 157 157 159 156 158 157
 155 159 164 160 160 163 163 161 162 163 162 161 162 161 161 162 161 161
 161 162 164 165 166 167 167 166 166 167 168 171 171 170 171 172 171 172
 172 171 171 172 172 173 172 172 170 173 176 173 121  80  87  91  89  88
  85  83  81  81  85  88  86  82  82  81  82  79  67  57  64  64  64  64
  63  62  61  61  63  60  58  58  65  68  79 101 114 146 166 180 190 189
 193 195 195 195 196 196 197 197 198 198 201 198 197 199 200 198 197 199
 203 202 201 202 204 205 206 206 204 205 210 210 210 211 208 209 210 212
 212 211 212 215 217 216 214 216 216 216 216 214 211 212 214 215 216 218
 219 220 222 223 223 225 226 227 229 230 231 233 233 232 232 234 235 236
 227  29]","[ 29  28 154 150 156 150 149 148 149 149 151 154 153 150 149 150 151 152
 153 153 152 153 154 154 154 158 159 157 157 159 158 156 158 158 157 157
 158 160 161 160 160 159 160 161 161 161 160 161 160 163 164 162 161 162
 162 161 164 164 164 164 164 164 166 167 168 169 170 170 171 172 170 169
 170 169 169 171 173 174 172 171 171 172 183 174 139  80  81  87  87  85
  83  84  83  81  83  87  90  83  83  83  79  77  73  64  65  63  62  62
  62  62  61  61  60  60  61  55  62  73  80  95 106 120 152 174 188 193
 190 195 196 196 196 197 197 196 197 201 202 200 200 201 200 198 198 199
 202 202 202 202 202 203 203 204 203 206 209 210 210 210 209 208 210 210
 210 211 213 214 214 213 217 217 217 217 216 215 214 213 214 216 218 218
 218 219 221 223 225 226 227 228 229 229 230 231 233 236 236 234 235 234
 224  28]","[ 29  28 148 149 153 154 146 148 152 152 154 154 153 150 151 154 152 153
 154 153 153 153 154 154 154 156 158 159 159 160 159 159 156 157 157 157
 157 159 161 163 162 161 161 161 161 160 160 160 161 163 162 160 159 162
 164 165 163 163 163 163 163 164 165 166 168 170 170 171 171 171 170 169
 173 173 172 172 172 172 172 171 173 175 176 173 163  96  73  83  85  85
  86  87  87  84  84  85  86  82  83  82  80  80  76  66  65  64  62  60
  58  57  58  59  63  64  67  62  63  68  74  93  96 106 133 159 180 194
 192 195 195 196 196 196 197 195 197 201 203 201 201 202 202 200 200 202
 204 204 203 202 202 203 205 206 208 209 210 209 208 208 209 210 210 210
 210 211 212 214 214 213 217 217 217 217 216 215 215 215 216 218 219 219
 219 220 222 222 225 225 226 227 227 228 230 231 232 237 232 233 231 232
 227  31]","[ 30  31 147 152 150 147 152 148 150 147 145 148 151 153 154 155 154 155
 155 154 154 155 155 154 151 153 155 158 159 158 157 158 157 159 160 160
 159 159 162 165 163 162 162 162 161 160 160 161 161 162 162 160 160 162
 165 165 162 162 162 163 164 165 166 167 169 170 171 171 170 170 169 168
 173 173 172 171 171 172 174 175 174 177 179 176 171 110  73  78  81  82
  85  86  87  86  85  84  84  82  83  81  80  81  78  68  64  63  61  58
  56  56  59  62  60  62  67  66  64  62  64  80  94 104 121 143 166 192
 194 196 194 196 197 197 197 196 197 201 200 199 200 201 201 201 201 202
 204 204 203 202 202 204 208 210 209 209 209 207 206 207 208 209 210 210
 210 212 215 217 217 216 215 216 216 216 215 215 215 216 217 218 219 220
 220 222 223 224 229 229 229 229 229 229 230 231 233 230 240 235 231 234
 230  27]","[ 31  26 146 147 149 153 150 152 152 147 144 146 150 153 153 152 154 155
 156 155 153 153 154 154 154 156 158 159 160 159 158 158 159 161 163 163
 161 160 161 163 162 162 162 162 162 162 162 162 162 162 162 162 163 164
 163 162 163 162 162 163 164 166 167 167 168 169 170 170 172 173 172 171
 170 170 170 170 171 173 175 177 176 177 178 179 179 132  82  74  83  84
  85  84  85  87  87  86  84  83  83  82  80  81  78  72  66  65  63  61
  60  60  62  65  62  60  63  65  66  64  63  71  85  98 109 127 149 187
 196 197 193 194 195 195 196 195 196 199 198 197 198 199 200 200 201 202
 202 203 203 203 203 205 208 211 208 209 210 210 210 210 209 209 207 208
 209 211 214 217 217 215 218 218 218 218 218 218 219 220 218 218 219 220
 221 222 223 223 226 226 227 228 229 230 231 232 234 233 232 238 238 228
 230  29]","[ 27  33 149 153 154 154 147 152 151 151 151 151 151 152 154 155 155 157
 158 156 154 154 154 155 155 158 158 157 157 159 158 155 157 158 161 162
 161 159 158 159 161 161 162 163 164 163 163 163 163 162 161 162 164 164
 162 160 163 162 161 162 164 165 165 164 163 164 165 167 170 173 173 172
 172 171 171 171 172 174 175 175 174 178 172 176 183 156 100  84  85  86
  85  83  83  85  87  86  84  82  83  83  80  78  78  78  66  65  64  65
  66  67  68  70  65  62  61  61  63  65  65  68  76  88  97 113 133 169
 185 193 194 195 195 196 199 199 199 201 197 198 199 200 201 202 203 203
 203 204 206 206 205 205 207 208 207 209 210 211 211 210 209 208 210 210
 212 214 216 218 217 215 216 216 217 216 216 217 218 219 221 222 222 222
 223 225 225 225 226 227 228 229 230 230 231 231 232 235 229 233 232 237
 229  28]","[ 32  27 147 149 154 151 153 146 150 150 151 152 153 154 155 155 154 157
 158 157 155 154 155 156 155 157 157 155 155 158 158 154 156 157 159 162
 162 161 159 160 162 162 163 165 165 164 164 164 165 163 161 162 164 165
 164 162 163 162 163 164 166 168 168 168 168 168 169 170 173 175 174 173
 172 171 171 171 173 174 174 173 178 181 177 178 180 173 118  74  80  81
  81  81  81  84  85  85  86  85  84  83  81  77  77  79  67  66  65  66
  66  65  64  63  64  64  65  64  65  66  65  64  76  84  93 107 119 145
 172 194 193 194 194 195 199 200 200 200 196 197 198 199 200 202 202 203
 202 204 206 207 207 207 208 208 208 209 210 210 210 210 209 209 208 209
 211 213 215 217 217 215 216 216 216 216 217 217 218 218 218 219 220 221
 223 225 227 227 227 228 229 230 231 231 231 230 231 234 231 229 236 235
 226  31]","[ 29  29 150 151 152 152 150 154 155 154 153 153 154 154 153 151 153 154
 155 154 153 153 153 153 157 159 159 158 158 160 160 158 158 157 159 161
 162 160 160 161 161 161 162 163 163 162 162 162 163 161 160 161 162 162
 162 162 161 161 161 163 165 167 167 167 171 171 171 171 171 171 171 170
 173 172 173 174 175 176 176 175 177 174 175 176 174 174 135  82  77  78
  80  81  81  82  83  84  86  86  84  83  82  79  78  80  76  74  72  70
  68  65  62  60  61  63  66  67  65  64  63  61  68  76  87 102 113 133
 160 182 192 192 192 193 195 196 195 196 195 196 196 197 198 199 199 199
 198 199 201 202 202 203 204 204 205 205 205 204 204 205 205 205 205 207
 208 209 211 212 212 212 213 212 212 212 213 214 213 213 212 213 215 215
 217 219 220 220 217 218 219 221 223 225 225 225 225 223 221 227 227 228
 224  28]","[29 30 27 29 30 28 30 28 28 29 30 29 28 28 29 30 29 29 29 29 29 30 29 28
 29 28 28 29 30 29 29 29 29 28 28 29 29 28 28 30 29 29 29 29 29 29 29 29
 29 29 29 30 29 28 28 29 30 29 29 29 29 29 29 28 28 29 30 29 29 29 29 30
 29 29 29 29 29 29 29 28 28 28 31 30 29 29 31 27 28 28 30 30 29 28 28 29
 28 30 29 28 29 30 29 29 28 28 28 29 29 29 29 29 30 29 28 29 28 28 30 29
 28 30 29 28 29 29 30 29 28 30 29 28 30 30 29 29 28 29 29 29 29 29 29 28
 29 29 29 30 29 29 29 29 28 29 29 28 29 29 29 29 29 29 29 29 28 29 29 29
 29 29 28 29 30 30 29 28 28 29 29 29 28 29 29 29 30 30 29 29 29 29 29 28
 27 33 27 28 29 31 28 29]"
