"[31 34 28 30 29 30 28 31 28 30 30 29 29 28 28 31 29 30 29 29 30 29 28 29
 30 30 29 28 29 29 28 29 28 29 29 29 29 29 29 29 30 29 29 29 29 30 30 29
 29 30 30 30 29 29 29 28 29 29 30 30 29 29 30 28 29 29 29 28 29 30 30 29
 28 28 28 28 28 28 28 29 29 30 30 29 29 30 30 29 28 29 30 30 29 29 29 29
 30 29 28 29 30 29 29 29 30 28 29 29 28 29 30 29 30 29 29 30 29 28 29 29
 30 29 29 29 29 29 29 29 30 29 29 29 29 29 29 29 28 28 29 30 29 28 29 29
 29 29 30 29 29 29 29 29 29 29 29 29 29 29 29 29 28 29 29 28 29 29 29 28
 29 29 29 29 29 29 29 29 29 29 28 28 29 29 29 28 29 29 29 29 29 29 29 29
 30 29 30 27 30 32 28 30]","[32 26 32 27 27 31 29 28 29 29 28 28 31 30 28 27 28 29 29 29 29 29 29 30
 27 28 28 28 29 29 29 29 30 30 30 29 29 29 29 29 28 29 29 29 29 29 28 26
 29 28 27 27 27 29 31 31 30 29 30 29 27 28 30 30 29 29 29 29 29 29 29 29
 31 30 30 29 29 29 29 29 29 28 28 28 28 29 29 29 30 29 29 28 29 29 29 29
 30 29 28 28 28 29 29 28 27 28 30 30 29 30 30 27 30 28 29 30 29 29 30 29
 29 28 28 29 29 29 28 28 28 29 30 29 29 28 28 29 28 29 30 30 29 28 29 30
 28 29 30 30 29 29 29 29 29 28 28 29 30 30 29 29 29 30 29 28 28 29 30 30
 29 29 29 28 28 28 29 28 29 28 28 30 30 28 28 30 29 29 30 30 28 27 28 29
 27 30 30 29 27 27 31 28]","[ 31  33  97 100 101 103 103 101  95  98  98  96  97  99 105 111 112 118
 126 135 142 146 150 153 151 153 152 150 150 150 148 147 144 146 147 145
 142 140 141 142 144 145 146 145 146 147 147 147 144 144 145 145 144 142
 138 135 137 136 135 134 130 131 133 133 134 133 132 131 129 126 125 126
 123 122 121 120 120 120 119 118 116 115 116 116 114 109 105 103 104 101
  98  97  97  97  96  95  94  93  92  91  92  94  94  92  87  87  86  84
  83  84  85  83  82  81  81  80  80  81  82  80  78  77  77  78  78  78
  78  77  78  80  81  80  78  76  76  77  78  81  81  79  77  78  79  80
  79  80  81  81  81  81  81  81  82  80  77  76  74  71  68  66  72  70
  67  64  63  63  64  65  62  62  61  60  59  60  60  59  59  57  58  59
  57  53  52  55  58  61  65  68  69  71  76  80  81  74  74  80  80  85
  83  30]","[ 31  27 107 103 103 106 106 103 105 105 103 102 103 102 100 101  98  98
  99 102 104 109 115 120 123 128 131 134 141 147 150 151 148 151 153 150
 145 141 142 144 145 147 148 148 146 146 145 145 146 146 146 146 146 146
 145 143 145 144 144 143 139 138 138 138 139 137 136 137 136 134 134 136
 135 133 132 130 130 129 127 126 127 126 127 130 128 122 117 116 115 113
 109 107 107 106 104 103 102 102 100  97  98  99  97  94  97  93  91  90
  88  88  90  90  87  86  85  82  81  82  82  80  81  80  79  80  80  80
  80  80  77  78  79  78  76  74  75  76  76  79  79  75  73  74  76  76
  77  77  77  77  77  78  78  79  79  78  78  80  81  81  81  81  79  77
  74  69  67  66  66  66  67  67  66  64  63  63  63  62  61  61  62  62
  60  56  54  54  52  54  56  56  55  54  56  59  64  73  75  73  74  74
  76  28]","[ 30  30 111 105 106 107 105 101 103 104 102 103 106 106 105 105 100  99
 101 104 102 102 104 105 100 103 103 103 107 110 111 112 119 122 127 130
 133 135 138 139 147 150 154 155 153 151 149 147 147 148 148 148 148 148
 146 145 146 144 145 146 145 145 146 146 143 141 140 141 142 141 141 143
 143 141 140 139 138 138 136 135 135 132 131 133 132 130 129 130 127 126
 125 125 123 122 120 119 113 113 111 108 106 105 102  97 101  97  97  99
  98  96  96  97  96  93  91  88  85  86  86  82  84  82  81  81  82  81
  81  81  79  79  78  78  78  79  80  81  77  80  80  76  74  75  77  78
  77  76  75  75  75  76  76  77  80  80  79  79  78  77  78  79  81  80
  79  77  75  74  74  75  72  73  72  71  69  69  67  66  63  65  66  66
  65  64  62  58  57  58  58  58  57  56  56  58  57  51  57  61  56  57
  66  29]","[ 27  30 121 114 112 111 113 117 114 114 110 106 104 104 105 108 108 102
 101 102 100 101 105 106 108 108 105 103 103 102 101 102 102 100  99 102
 107 109 106 103 113 117 123 128 133 139 144 146 147 149 152 154 156 156
 155 154 151 149 149 149 147 146 146 146 148 146 144 145 145 144 144 145
 148 148 147 146 146 146 145 145 146 144 142 142 141 140 138 139 137 137
 137 137 135 133 131 130 128 128 126 124 123 122 118 115 112 107 105 106
 105 103 103 104 104 102 101 100  98  99  98  95  93  91  89  89  90  89
  88  87  84  83  81  80  80  80  80  80  79  80  80  77  76  77  79  79
  79  78  76  75  75  75  76  76  75  75  75  75  74  74  76  79  77  77
  77  77  76  75  75  76  77  77  77  76  75  74  73  72  68  70  71  69
  69  70  68  63  66  65  64  63  62  60  58  58  54  57  58  55  55  51
  50  29]","[ 29  29 139 136 137 134 131 129 128 125 120 120 123 121 114 110 112 106
 107 110 108 108 109 106 108 107 106 105 106 103 102 105 109 106 103 104
 107 108 106 103 102 102 102 102 103 107 111 113 121 123 124 127 131 137
 143 146 151 150 152 153 150 148 149 150 147 148 149 149 148 148 149 150
 151 151 151 150 150 150 150 150 149 148 148 149 149 149 148 147 147 147
 146 144 142 141 139 138 139 138 137 136 135 133 131 130 129 125 122 118
 116 116 116 115 109 107 107 108 108 106 104 102  99  98  97  97  97  96
  93  92  92  91  89  88  86  85  83  82  84  83  82  81  80  80  80  81
  81  80  80  79  79  79  78  78  78  78  77  77  75  75  76  77  76  76
  77  77  76  74  75  76  76  77  76  76  75  75  74  73  73  75  74  72
  72  72  70  68  68  67  67  67  67  66  66  66  64  64  61  59  53  58
  59  28]","[ 31  28 154 152 152 148 147 146 142 141 139 137 138 136 132 130 130 121
 118 119 116 116 118 115 110 109 108 110 110 107 106 110 109 109 107 107
 107 107 108 109 110 110 109 108 106 106 106 106 104 105 105 104 103 105
 107 109 109 113 123 133 137 141 147 151 153 155 157 155 152 151 152 152
 153 152 152 152 151 151 151 151 154 153 152 151 152 154 154 154 153 152
 149 148 147 147 147 146 150 148 145 143 141 139 138 138 138 138 136 131
 129 130 128 123 123 120 120 122 120 116 112 108 107 105 105 105 105 103
 100  98  97  97  97  97  95  93  91  89  89  87  85  84  83  82  82  82
  81  81  81  81  81  81  80  79  81  80  79  78  78  77  77  77  75  75
  75  76  75  74  74  77  76  76  76  75  75  76  76  75  74  74  73  73
  72  71  72  73  73  73  73  73  73  72  72  72  67  68  63  68  64  64
  61  30]","[ 30  28 165 163 162 160 159 157 158 156 154 154 154 154 151 149 150 148
 144 142 140 139 136 133 130 129 127 125 123 122 122 122 118 114 114 117
 118 115 113 114 114 114 114 113 114 114 112 109 113 111 112 110 110 111
 108 108 105 104 104 105 103 104 105 105 112 117 121 124 132 142 147 146
 151 154 154 154 155 154 154 158 154 156 157 154 154 159 159 152 156 153
 153 152 155 151 153 153 155 154 154 154 153 150 149 150 149 146 145 145
 145 142 139 138 133 133 132 132 132 131 128 124 126 121 120 120 117 117
 114 109 107 109 108 103 100 101 100  97  98  97  96  97  97  94  91  89
  89  88  86  85  85  87  85  82  84  83  81  79  79  80  79  78  77  77
  77  77  76  75  75  76  77  75  75  76  76  75  73  73  74  72  72  72
  72  72  73  75  74  73  73  73  73  73  74  74  73  73  71  71  72  73
  73  27]","[ 28  29 168 168 168 167 167 167 168 166 163 162 163 164 163 162 158 157
 156 154 155 155 153 152 153 151 148 145 141 138 136 136 135 132 130 131
 130 127 124 123 122 121 121 122 123 123 122 121 117 116 118 116 115 117
 115 116 112 109 108 109 107 107 107 106 104 105 104 102 103 106 106 104
 108 112 116 121 127 132 137 142 146 151 157 156 155 158 161 158 156 154
 156 154 156 154 157 159 156 155 155 156 155 155 155 156 154 154 155 156
 153 150 148 148 148 146 144 143 143 143 140 137 137 133 133 133 130 130
 128 124 123 124 122 117 113 111 109 106 107 105 104 103 102 100  96  95
  96  95  94  94  94  93  91  88  86  84  82  81  82  83  83  82  80  80
  80  81  79  78  77  79  78  77  78  78  77  75  73  72  73  72  71  72
  72  72  72  73  75  74  74  74  74  73  72  72  74  72  70  70  72  74
  75  30]","[ 29  30 171 171 171 170 171 171 171 170 168 167 167 168 169 169 168 167
 166 166 167 167 167 165 161 161 159 157 155 154 153 153 148 146 144 143
 142 140 138 136 135 133 132 131 129 127 125 125 128 126 126 123 121 121
 119 120 120 116 115 115 114 113 113 111 111 110 109 107 108 108 108 107
 102 101 101 101 100 100 102 102 103 108 115 120 123 131 140 144 152 154
 160 161 163 158 160 161 161 159 157 157 156 157 158 160 158 157 157 158
 159 157 154 153 150 151 151 153 155 154 150 146 149 147 148 148 145 143
 141 137 138 137 134 130 128 127 126 125 122 120 118 117 116 113 111 109
 106 103 100  99  98  97  96  96  99  94  90  89  90  89  88  87  87  87
  87  86  84  81  81  81  82  80  80  79  78  76  75  76  75  74  73  74
  75  75  75  74  74  73  72  73  73  73  72  72  73  70  68  70  71  72
  73  29]","[ 30  30 170 170 170 169 171 171 171 171 171 171 171 171 171 171 171 171
 170 170 171 172 171 170 168 168 167 166 165 164 163 163 164 164 162 160
 160 160 159 156 156 154 152 151 147 142 141 141 141 138 137 132 130 129
 126 125 128 125 124 124 122 121 121 119 116 115 114 115 116 116 116 115
 114 111 111 110 107 108 111 109 107 104 102 102 100 100 102 102 105 108
 116 121 129 134 143 148 148 151 155 160 163 164 163 163 166 164 161 161
 161 160 159 158 158 157 156 155 156 156 155 154 153 152 153 153 152 152
 152 152 151 149 146 145 144 142 141 141 135 133 130 129 128 125 123 121
 120 116 113 112 111 109 108 109 108 103  99  99 100  99  98  98  96  96
  95  94  91  89  88  89  89  87  86  86  84  82  81  81  79  77  76  76
  78  79  78  77  78  76  75  74  74  72  71  71  72  71  70  72  72  71
  72  28]","[ 29  29 168 168 169 169 171 171 171 171 172 172 172 172 171 171 171 171
 171 171 173 174 174 173 173 173 172 172 171 170 169 168 170 171 170 167
 167 168 167 164 162 161 161 162 161 157 157 159 157 154 153 150 149 149
 145 144 140 137 137 136 133 132 132 131 127 125 124 125 125 123 121 119
 121 117 117 116 113 114 115 113 111 107 108 111 112 112 111 109 107 106
 107 104 105 103 106 107 115 115 116 120 127 135 143 147 148 153 159 162
 161 160 161 162 158 159 160 160 158 158 158 158 159 159 157 154 153 153
 154 157 154 153 153 155 155 153 150 148 148 146 143 142 140 137 134 133
 132 131 131 132 130 126 122 122 119 115 111 110 108 105 104 105 103 103
 102 100  98  97  97  98  94  92  92  93  92  88  84  81  84  82  81  80
  81  82  81  80  79  77  74  74  74  73  73  73  75  74  73  74  73  72
  72  29]","[ 30  29 168 168 169 169 170 170 171 171 170 170 170 171 171 171 171 171
 171 172 173 174 174 173 171 171 171 171 171 171 171 171 172 173 173 172
 172 173 173 171 168 168 169 170 170 169 169 170 164 162 162 160 160 161
 157 156 156 154 153 152 148 146 146 145 142 140 138 138 137 135 132 130
 129 127 126 124 122 121 121 119 120 117 116 117 115 113 113 112 108 108
 111 109 111 108 107 105 105 105 106 106 106 105 102 100 106 109 113 116
 121 130 139 144 150 156 162 165 164 163 162 162 160 163 163 161 159 156
 153 154 159 158 157 157 157 155 153 153 155 154 152 152 150 148 147 147
 144 144 144 144 142 139 136 135 135 132 129 126 121 117 115 115 113 112
 110 106 104 103 103 103 106 102 100 100 101  99  97  95  94  93  91  89
  89  89  89  88  88  85  82  81  81  81  81  81  80  79  76  74  73  74
  75  30]","[ 29  30 170 170 170 168 169 169 173 172 171 171 171 172 172 172 171 171
 171 171 172 173 173 172 174 173 172 172 172 171 171 170 171 171 172 172
 173 173 173 172 171 172 172 172 171 171 171 170 173 172 172 170 169 171
 169 169 169 166 166 165 163 162 161 160 161 159 156 155 154 152 149 146
 146 146 144 141 139 135 132 132 131 127 125 124 122 122 122 121 118 116
 115 112 113 112 114 113 109 109 108 107 108 108 106 104 103 104 106 106
 106 104  99  94  96 101 107 113 118 125 132 137 145 150 153 156 159 158
 157 159 163 162 160 159 158 158 157 156 155 155 155 154 153 152 153 155
 156 156 155 152 151 150 150 150 145 145 144 142 140 137 136 135 131 129
 126 121 119 118 116 115 114 110 107 106 106 105 104 104 103 104 103 100
  98  98  98  97  97  93  89  87  85  84  82  81  87  86  82  79  79  80
  78  29]","[ 28  30 172 173 172 170 171 171 171 171 170 171 172 172 171 171 169 170
 171 171 172 174 174 173 172 171 171 171 172 172 172 172 172 172 172 173
 173 172 171 171 170 171 171 170 171 172 173 172 172 171 173 170 169 171
 171 173 173 171 170 171 171 171 171 169 172 170 168 167 167 168 166 164
 162 164 161 158 157 153 149 150 145 141 138 138 138 138 135 130 125 124
 124 121 123 121 122 120 118 118 117 116 115 115 113 110 110 111 111 109
 108 108 107 106 104 105 106 104 102 102 103 104 106 110 111 113 120 125
 130 137 146 149 154 158 161 163 161 159 160 159 158 157 154 153 155 157
 158 160 161 158 157 157 156 154 153 154 154 153 152 151 149 147 147 146
 143 139 137 137 135 133 127 125 124 123 121 116 112 110 106 108 108 106
 104 103 103 103 103 100  98  97  97  97  96  95  94  94  90  87  88  88
  83  30]","[ 29  29 172 172 171 172 172 171 172 171 171 172 172 171 171 172 171 171
 172 172 172 172 172 172 172 172 172 172 173 173 173 172 171 171 171 172
 172 172 172 171 171 172 172 172 172 172 172 173 172 172 172 172 172 172
 172 171 172 172 172 173 173 173 173 172 171 171 170 170 170 170 170 170
 166 167 168 170 170 169 165 162 163 160 158 155 153 151 149 147 146 145
 142 138 137 135 129 123 125 125 119 117 120 118 113 114 114 114 115 115
 114 113 115 116 113 111 110 110 111 111 109 107 110 110 108 106 103 101
 102 104 106 106 109 113 114 120 130 137 143 149 157 162 161 159 160 163
 161 163 163 161 160 159 160 159 159 159 158 157 159 159 158 158 154 153
 153 153 150 149 149 147 144 143 141 138 136 133 130 131 130 127 122 118
 116 115 115 114 111 109 106  99 100 102  96  97  99  99 102  98  98  96
  93  29]","[ 29  29 172 172 171 172 171 170 171 171 171 172 172 171 171 171 171 172
 173 173 172 172 172 172 172 172 172 172 173 173 172 172 172 172 171 171
 171 172 172 173 172 172 172 172 172 172 172 172 172 172 172 172 172 172
 172 171 171 171 171 172 172 172 172 172 172 171 171 171 172 173 173 173
 172 172 171 171 171 171 170 170 172 170 168 167 167 166 164 163 162 162
 161 159 160 160 157 153 150 149 140 134 135 134 133 137 129 127 125 123
 121 118 117 117 117 115 113 113 114 115 114 113 113 111 109 109 110 111
 110 109 108 105 104 104 102 103 105 106 100 100 103 109 117 124 130 134
 144 144 145 151 160 166 169 168 166 167 166 164 164 161 159 159 159 158
 158 158 156 156 158 157 153 154 154 153 153 149 146 146 143 143 143 141
 138 134 131 130 130 127 124 118 118 118 112 111 111 108 108 105 106 105
 103  31]","[ 29  29 173 174 173 173 172 171 171 171 172 172 172 172 171 171 172 173
 173 173 173 173 173 173 173 173 173 173 173 172 172 173 173 172 172 172
 172 173 173 173 172 172 172 172 172 172 172 172 172 172 172 172 172 171
 171 171 171 172 172 172 172 172 172 173 172 171 171 172 173 174 174 174
 175 174 174 173 172 172 173 174 173 172 171 171 172 172 172 171 171 171
 170 169 170 171 170 167 163 167 165 162 161 157 153 154 148 146 143 141
 139 137 135 134 130 129 128 128 127 125 120 117 119 120 120 117 116 115
 114 112 113 112 112 112 111 111 111 108 110 105 100  99 101 102 102 102
 103 103 106 114 123 130 134 136 145 150 154 158 162 163 165 168 165 164
 164 163 160 159 161 161 161 160 157 156 156 155 155 157 157 154 150 146
 144 144 145 146 147 142 138 132 129 132 132 131 126 123 124 119 115 112
 111  28]","[ 29  30 174 175 174 175 174 172 172 172 173 174 174 173 172 172 173 173
 174 174 173 173 173 174 174 174 174 174 173 172 173 174 173 173 174 175
 175 174 173 172 172 172 172 172 172 172 172 172 172 172 172 172 172 171
 171 172 172 172 173 173 172 172 173 173 172 172 172 172 172 172 173 173
 173 173 173 173 172 172 172 172 171 171 171 171 172 173 172 172 172 172
 171 170 170 170 169 168 167 170 170 168 168 165 164 166 162 161 159 159
 158 157 156 155 149 147 146 144 142 137 131 127 124 126 125 123 121 120
 118 115 113 115 118 118 115 116 116 114 114 113 111 109 108 107 106 106
 108 105 103 102 102 100  99  99 102 104 106 109 117 126 136 145 152 156
 164 169 170 169 168 166 163 165 165 165 164 161 159 160 158 156 154 154
 156 157 156 154 154 151 152 149 144 143 142 138 137 135 137 135 130 127
 127  30]","[ 28  29 174 175 174 175 175 174 174 174 174 175 175 174 174 174 173 174
 174 174 174 173 174 174 174 175 175 175 173 173 174 175 175 175 175 176
 176 175 173 172 173 173 173 173 173 172 172 172 173 173 173 173 173 172
 172 172 172 173 174 174 173 173 173 173 173 173 173 172 172 172 172 172
 173 173 172 172 172 172 172 171 171 171 171 172 172 172 172 172 172 172
 172 171 171 171 171 171 169 170 169 168 169 169 170 172 168 167 167 168
 167 166 165 165 169 167 163 161 159 158 156 155 156 153 149 145 144 143
 136 128 131 131 132 130 126 126 125 122 123 122 120 118 116 116 115 115
 112 108 106 107 109 109 107 106 105 107 106 106 105 101  98  98  99 100
 104 109 113 120 129 133 142 146 151 155 158 161 165 171 168 166 163 161
 160 159 158 158 156 156 158 158 154 153 155 152 155 150 149 149 147 145
 143  28]","[ 28  30 174 175 173 174 175 176 176 175 175 176 176 175 175 176 174 175
 175 175 174 174 174 175 175 175 176 175 174 174 175 176 177 176 175 175
 175 175 174 174 174 174 174 174 174 173 173 173 173 172 172 172 173 173
 173 172 172 173 174 174 174 173 173 172 173 173 173 173 172 172 173 173
 175 173 172 171 172 172 172 172 171 171 171 171 172 171 171 171 171 171
 171 171 171 171 172 172 170 171 173 174 174 172 171 169 169 169 169 170
 170 169 168 168 169 168 167 166 166 166 166 166 163 162 160 160 161 162
 159 156 152 149 147 145 143 143 141 136 134 131 128 125 124 123 120 116
 117 116 115 113 113 113 111 109 115 113 111 109 109 107 105 107 104 104
 105 104 101 100 100  99 101 104 105 107 110 115 123 132 137 143 151 157
 160 161 163 165 163 163 161 160 156 155 159 159 158 155 152 152 152 150
 152  29]","[ 29  30 175 174 172 173 175 177 176 175 175 176 176 175 175 176 175 176
 176 176 175 175 175 176 175 175 176 175 175 175 177 178 178 177 176 176
 176 177 177 177 175 175 175 175 175 174 174 174 173 172 172 172 173 174
 173 173 173 173 174 174 174 174 173 172 172 173 173 173 172 172 172 173
 174 174 173 172 171 171 172 172 173 173 173 174 173 173 173 172 172 171
 171 172 172 172 172 172 172 170 170 170 169 170 170 169 171 170 169 170
 171 172 171 171 169 170 171 171 170 169 168 168 166 167 168 167 164 164
 165 167 168 163 161 160 159 157 156 153 154 151 147 143 141 139 134 130
 130 131 129 123 119 118 117 115 113 113 114 116 117 114 112 113 113 111
 111 110 107 107 108 108 107 109 109 106 103  99  97 100 101 104 108 111
 114 118 123 128 139 145 147 154 159 159 162 162 160 162 160 158 156 152
 155  27]","[ 29  30 174 173 170 171 174 176 176 175 175 175 175 175 175 176 176 177
 177 176 176 176 176 176 175 175 175 175 175 176 177 178 177 177 178 178
 179 179 179 178 175 176 176 176 176 175 175 175 175 174 173 173 175 176
 175 174 174 174 174 174 174 174 174 173 173 174 174 174 173 172 173 173
 173 174 175 175 173 171 171 172 173 174 174 174 173 173 172 171 171 171
 171 172 172 172 172 172 172 170 171 172 170 171 172 172 172 170 168 169
 171 172 172 171 172 172 172 171 169 168 169 170 170 169 169 168 166 165
 166 168 167 165 166 167 165 164 165 166 166 165 161 157 155 156 156 156
 154 153 148 142 141 142 138 133 130 130 129 127 125 118 114 115 114 113
 115 116 114 114 114 113 111 112 112 111 110 108 107 109 105 103 102 102
 102 101  98  96  97 102 102 109 116 116 118 118 127 134 136 142 151 153
 160  30]","[ 29  30 175 174 172 172 174 177 175 175 175 175 175 176 176 176 176 176
 176 176 176 176 176 175 174 177 177 175 174 176 179 180 178 179 179 179
 179 178 178 179 178 178 178 178 178 179 179 178 176 175 175 176 177 177
 176 175 176 175 175 174 175 175 175 174 174 174 174 173 173 173 174 174
 174 175 175 175 173 172 173 173 174 175 174 173 173 173 173 172 172 173
 174 174 174 173 172 172 172 171 170 171 172 172 172 172 171 171 170 169
 170 170 172 172 172 172 171 171 170 170 169 169 171 170 170 169 167 166
 166 167 167 168 168 168 166 166 166 167 166 165 165 163 162 161 162 162
 162 161 159 159 158 156 154 152 151 149 145 143 140 139 137 136 130 128
 126 123 122 121 120 118 115 113 113 115 115 114 113 114 111 109 107 108
 110 110 108 106 105 104  99  98  98  98 100  98  97  98  98 101 104 106
 109  29]","[ 29  30 175 175 173 174 175 177 176 176 176 176 175 175 175 175 176 176
 176 176 176 176 176 176 175 177 177 175 174 176 178 178 177 178 179 180
 179 179 179 179 178 179 179 179 179 180 180 179 178 177 177 178 178 178
 177 176 176 177 177 176 176 176 176 175 176 176 175 175 174 174 174 174
 175 175 176 175 174 173 174 175 174 174 174 173 173 173 173 172 172 173
 174 174 174 173 173 173 174 173 171 171 172 173 173 172 171 171 171 170
 171 171 171 172 171 172 172 171 170 169 169 170 170 169 169 168 168 168
 168 169 169 169 169 169 168 167 168 168 167 167 166 165 164 164 164 164
 164 164 163 163 163 164 163 163 164 161 158 156 156 155 153 151 151 149
 146 143 140 137 134 131 129 125 122 122 121 119 117 116 116 114 113 114
 115 114 113 111 113 113 108 108 107 107 108 107 105 105 103 103 102 103
 105  27]","[ 29  29 174 175 174 175 175 175 176 176 176 175 175 175 175 174 175 175
 175 175 175 175 175 175 177 178 178 176 176 177 177 177 176 177 178 179
 179 179 178 178 179 180 180 179 179 180 180 180 179 178 178 179 179 179
 178 177 177 178 179 178 177 177 177 176 178 178 177 176 176 175 175 175
 176 176 176 176 175 175 176 176 175 175 175 174 174 174 173 173 173 173
 173 174 174 174 174 174 174 173 172 172 173 173 173 173 171 171 171 171
 171 171 171 171 171 171 171 171 170 169 169 170 169 169 168 168 168 169
 170 170 170 170 169 168 168 168 168 168 167 167 166 166 165 165 165 165
 167 166 165 165 165 166 167 167 168 165 163 162 163 163 161 160 159 159
 158 157 156 155 153 151 152 148 144 143 142 139 134 132 131 129 126 124
 122 119 116 114 117 117 116 116 116 115 116 114 112 112 110 110 106 108
 108  31]","[ 29  29 173 175 175 176 175 174 176 175 175 175 175 176 176 176 175 175
 175 175 175 175 175 174 177 178 178 177 177 178 178 177 177 178 179 179
 179 179 178 177 178 179 179 178 178 179 179 179 179 178 178 178 178 178
 178 178 177 179 179 179 178 178 177 176 178 178 177 176 176 176 177 177
 178 178 177 177 176 176 177 178 176 177 176 176 175 175 175 174 174 174
 173 174 174 175 175 175 174 173 173 173 174 174 175 174 172 172 172 171
 171 171 171 171 172 171 171 171 171 170 170 170 171 170 169 169 169 170
 170 171 170 170 168 168 168 168 168 168 166 166 166 166 166 165 165 165
 166 166 166 165 165 165 165 166 167 165 164 164 165 165 164 163 161 162
 162 162 162 162 160 159 159 156 155 155 155 152 148 145 147 145 142 141
 141 139 136 135 130 131 129 129 126 121 119 116 115 114 114 116 112 115
 112  31]","[ 29  29 174 176 176 177 176 175 176 175 175 175 176 177 177 177 176 176
 176 176 175 175 175 175 176 176 176 177 178 178 178 178 178 179 179 179
 179 178 178 177 177 177 178 177 177 178 178 179 178 177 176 177 177 177
 178 179 179 179 179 179 179 179 178 177 177 176 176 176 176 177 178 179
 179 179 178 177 177 177 177 178 178 178 178 177 177 177 177 176 175 174
 174 174 175 176 176 176 175 175 175 175 176 176 176 176 175 175 174 173
 173 173 173 174 174 173 172 172 173 173 172 171 173 172 171 170 171 171
 171 171 172 171 169 169 169 170 169 169 167 167 167 166 166 166 166 166
 166 166 167 167 166 166 167 167 166 166 166 166 166 166 166 166 164 164
 164 164 164 164 163 162 162 162 162 162 163 162 161 160 159 156 155 156
 158 158 157 156 150 150 147 146 143 137 136 133 131 129 126 129 124 125
 121  27]","[ 29  29 174 176 176 176 176 175 175 175 174 174 175 176 176 176 176 176
 176 176 176 175 175 175 175 175 175 176 176 177 178 178 178 178 178 178
 178 177 177 176 175 176 177 176 177 178 179 179 177 177 176 177 177 178
 179 180 179 179 179 179 180 180 179 177 176 176 176 176 177 178 179 180
 180 179 179 178 178 177 178 178 179 179 178 177 177 178 178 178 176 176
 175 176 176 177 177 177 177 177 176 176 176 176 176 176 176 176 175 174
 174 174 175 175 175 173 172 172 173 173 172 171 173 172 171 171 171 171
 172 172 172 171 170 170 171 171 171 170 168 168 167 167 167 167 167 167
 166 167 168 168 168 167 167 167 165 166 166 166 165 165 165 165 163 164
 164 164 164 165 165 165 162 161 161 160 160 162 164 165 165 162 160 161
 163 163 162 161 160 159 156 157 156 154 156 156 155 151 147 147 142 142
 141  30]","[ 28  29 174 176 175 175 175 175 175 174 174 174 175 176 176 176 176 176
 176 176 176 176 176 176 177 176 175 175 176 176 177 178 177 177 177 178
 178 177 176 175 174 176 176 176 176 177 178 179 177 177 177 178 178 178
 178 179 179 179 179 179 179 179 179 178 176 177 177 178 178 179 179 179
 179 179 179 178 178 178 178 178 179 178 177 176 176 177 178 178 177 177
 178 178 178 178 178 179 178 178 177 176 175 176 176 176 176 176 175 175
 175 175 175 175 175 175 174 173 173 173 173 173 173 173 173 172 172 171
 171 171 171 171 171 171 172 172 171 171 170 169 168 167 167 167 167 167
 168 168 169 169 168 167 166 166 167 167 167 167 167 167 166 166 166 166
 165 164 164 164 164 163 164 164 163 162 161 163 165 166 165 163 163 164
 165 165 165 165 166 164 161 162 162 160 162 162 165 161 158 159 156 154
 157  29]","[ 29  30 175 176 175 175 175 176 176 175 174 175 176 177 177 177 176 176
 176 176 177 177 178 178 179 177 176 176 176 176 177 179 177 177 178 179
 179 179 177 176 175 176 176 175 175 175 176 177 176 176 177 178 179 178
 178 178 177 178 179 178 177 177 178 178 177 178 179 179 179 179 179 179
 178 178 178 178 178 178 178 178 178 178 176 175 175 176 178 178 178 179
 179 179 179 179 179 180 179 178 177 176 176 176 178 179 176 176 176 176
 176 176 176 176 176 177 177 176 174 173 174 175 175 175 175 174 173 172
 172 172 171 171 172 172 172 172 172 172 171 170 169 168 168 168 168 168
 167 168 168 169 169 169 168 168 168 167 167 167 168 168 167 165 166 166
 167 166 166 166 166 165 165 166 166 165 165 165 165 165 165 165 165 165
 164 164 165 166 164 163 162 165 166 164 165 164 164 163 162 164 162 159
 165  27]","[ 29  30 175 176 175 175 175 175 174 174 174 175 175 176 176 177 175 176
 177 177 176 175 177 179 178 177 176 175 175 176 176 176 177 178 178 178
 178 178 176 174 175 176 176 176 176 176 176 176 177 177 178 179 180 179
 178 178 178 178 179 178 177 176 176 176 179 179 179 179 179 179 178 177
 177 178 178 178 178 177 177 178 178 177 177 176 176 177 177 177 180 180
 179 179 179 179 179 179 179 177 176 176 176 176 177 178 176 176 176 177
 178 177 176 176 177 177 178 177 176 175 175 176 174 176 177 175 174 175
 175 173 172 172 172 171 171 171 171 171 170 171 171 171 169 169 170 171
 172 171 170 170 171 170 170 171 169 169 169 169 169 168 167 167 166 167
 167 167 167 166 167 167 167 167 168 167 167 166 166 167 166 166 165 165
 164 164 165 166 166 165 166 166 166 165 165 165 165 165 165 165 164 163
 163  28]","[ 29  30 174 176 175 175 175 174 174 173 173 174 175 175 175 175 175 175
 176 177 176 175 177 178 178 177 176 175 176 176 176 176 176 177 177 177
 178 179 178 177 176 176 176 175 176 177 177 177 179 178 179 180 179 178
 178 178 179 179 179 179 178 177 177 177 177 177 177 178 179 179 179 178
 178 178 178 177 176 176 176 176 177 178 177 176 176 177 178 178 180 180
 179 179 179 179 179 179 179 177 176 176 177 178 178 178 176 176 177 178
 178 178 178 177 178 179 179 178 177 176 176 176 176 178 178 177 176 176
 175 174 173 173 173 172 172 173 173 173 172 172 172 172 171 170 171 171
 173 172 171 172 172 171 170 170 170 170 170 171 171 170 170 169 169 169
 169 169 169 168 168 168 167 168 168 168 168 167 167 168 167 167 166 165
 165 164 165 165 166 166 166 166 166 165 165 165 165 165 165 166 164 164
 164  29]","[ 29  29 174 175 174 175 174 173 174 173 173 174 175 176 175 174 175 175
 176 176 176 176 176 177 177 176 176 176 176 176 176 176 176 176 177 177
 178 179 179 179 177 177 176 175 175 177 178 179 180 179 179 179 179 178
 178 178 179 179 179 179 178 178 178 178 177 176 176 176 178 179 179 178
 179 179 178 177 177 176 176 177 178 178 178 176 176 176 177 178 179 179
 179 179 179 179 179 179 179 176 175 175 177 178 178 178 176 176 177 178
 179 179 178 178 178 178 179 178 177 176 176 176 177 178 179 178 177 176
 175 174 175 175 174 174 174 174 175 175 174 174 174 173 173 173 172 172
 174 173 173 173 173 172 171 171 170 170 171 171 172 171 171 171 171 171
 170 170 171 171 170 169 169 169 169 169 169 169 169 169 169 168 167 167
 166 165 165 164 165 165 165 166 166 165 165 165 165 165 165 166 165 165
 165  29]","[ 29  29 174 175 174 174 174 173 174 174 174 175 176 176 175 175 175 175
 175 176 176 176 176 177 176 176 176 176 176 176 176 175 175 176 176 177
 177 178 179 178 177 176 175 174 175 176 178 179 179 179 178 178 178 178
 178 179 178 178 178 177 177 177 177 178 179 177 176 176 178 179 179 178
 178 178 178 178 178 178 177 177 177 178 178 176 175 176 177 177 178 178
 178 177 178 178 178 179 178 176 175 175 176 177 177 178 176 176 177 178
 179 179 178 178 176 177 177 177 177 176 176 176 176 178 178 177 176 176
 175 175 176 175 175 175 175 175 176 176 175 174 174 174 174 175 174 174
 175 174 174 174 174 173 172 171 171 171 172 172 172 172 172 172 171 171
 171 171 171 171 171 171 171 170 170 170 171 171 170 170 170 169 168 168
 168 167 166 165 164 164 165 167 167 166 165 165 166 166 166 167 165 165
 165  28]","[ 29  29 174 175 174 174 174 173 173 174 175 176 176 176 176 176 176 175
 175 176 176 176 176 176 176 176 175 176 176 176 175 175 175 175 176 176
 177 177 178 177 175 175 175 174 174 176 177 178 179 178 177 177 177 176
 177 178 177 177 176 176 176 176 177 177 179 177 176 176 177 179 178 178
 177 178 178 179 179 178 177 176 176 177 177 176 175 176 177 178 178 177
 177 176 176 177 178 178 177 176 176 176 176 175 176 177 177 177 178 179
 179 179 178 177 176 177 177 177 177 177 177 177 176 177 177 176 176 176
 176 176 176 175 175 175 175 175 176 176 174 174 174 174 175 176 175 175
 174 174 174 175 175 174 173 172 173 173 173 173 174 173 173 173 171 172
 173 173 172 171 172 172 173 172 172 172 172 172 171 171 170 170 169 169
 169 169 168 167 165 166 167 168 168 166 165 164 167 168 167 167 166 167
 166  29]","[ 29  29 174 175 174 174 174 174 173 175 176 176 175 175 176 177 176 176
 175 176 176 176 176 176 176 175 175 175 175 175 175 175 174 175 176 176
 176 177 177 177 175 175 175 174 175 176 177 177 178 177 176 176 175 175
 175 176 176 176 175 175 176 176 176 176 177 176 175 175 177 178 178 178
 178 178 179 179 179 178 177 175 175 176 176 175 175 177 178 178 178 177
 177 176 176 177 178 178 178 178 177 177 176 175 176 177 177 177 178 178
 178 177 176 175 176 177 177 177 177 176 176 176 175 175 175 175 175 175
 176 177 176 175 175 175 175 175 175 175 174 174 174 175 176 176 176 175
 174 173 173 174 175 174 173 173 173 173 173 173 173 173 173 173 173 174
 175 174 172 171 172 173 174 173 173 172 172 172 172 172 171 171 171 171
 171 170 170 170 168 169 170 171 170 167 165 164 166 168 167 167 167 167
 167  29]","[ 28  30 175 176 174 174 175 176 175 176 176 175 175 174 175 176 176 176
 176 176 176 176 176 176 176 176 175 175 175 175 175 175 174 175 176 175
 176 177 178 178 177 177 176 175 175 177 177 178 177 176 175 175 175 174
 174 175 176 175 175 175 175 176 176 175 176 175 174 175 176 177 178 178
 178 178 178 179 179 178 177 176 175 176 176 176 176 177 178 178 178 178
 178 178 178 178 178 178 178 178 177 177 176 176 176 177 178 178 178 178
 178 177 176 175 176 176 176 176 177 176 176 176 175 175 175 176 175 175
 176 176 176 176 176 176 176 175 175 175 174 174 174 175 176 176 175 175
 174 173 173 174 174 173 173 173 172 172 173 173 173 173 173 173 174 175
 176 175 173 173 173 173 173 173 173 173 172 172 173 173 172 172 172 172
 171 171 171 171 171 171 172 172 171 169 167 166 168 169 168 168 167 168
 167  28]","[ 29  30 176 177 175 175 176 177 178 177 176 175 175 175 175 175 176 176
 176 176 176 175 176 176 177 176 175 175 175 175 175 175 175 176 176 175
 175 176 178 179 178 178 177 176 176 177 178 179 176 175 175 175 175 174
 175 175 175 175 174 174 175 175 175 174 175 175 175 175 176 177 178 178
 176 176 176 177 178 178 177 176 177 177 177 176 177 177 178 178 178 178
 179 179 179 179 178 178 178 177 176 176 176 176 176 176 179 179 179 180
 180 179 178 177 176 176 177 177 178 178 178 177 176 176 176 177 177 176
 176 177 176 176 177 177 176 176 175 174 174 175 175 175 176 175 175 174
 174 173 173 174 174 173 172 172 172 173 173 173 174 174 174 174 174 174
 174 174 174 174 173 174 173 173 173 172 172 172 173 174 173 173 173 172
 172 171 172 172 173 173 173 173 173 171 170 169 170 172 171 170 169 170
 168  29]","[ 29  31 177 177 175 175 177 179 176 176 176 175 175 175 176 176 176 176
 177 177 177 177 176 176 175 175 175 176 176 175 175 177 177 176 175 175
 176 176 176 176 177 177 176 176 176 177 178 179 176 176 175 174 174 175
 175 174 175 175 175 176 176 175 175 176 176 176 177 178 179 178 177 175
 175 175 176 177 177 176 175 175 176 176 176 176 177 177 178 178 178 178
 178 179 179 179 178 177 178 177 176 176 176 176 176 176 179 178 178 177
 178 178 178 178 176 176 176 177 178 178 179 179 179 177 176 177 177 176
 176 177 176 177 177 177 177 177 177 176 175 175 176 176 175 175 176 177
 176 175 174 174 175 174 173 173 173 173 173 174 174 175 174 174 173 174
 175 175 175 174 173 173 174 173 172 172 172 173 173 173 173 174 174 173
 172 172 173 174 174 174 175 174 173 173 173 173 173 173 171 170 171 170
 172  28]","[ 29  30 176 177 175 175 176 178 175 175 175 175 174 174 174 174 175 175
 176 177 177 177 176 176 175 175 175 176 175 174 175 176 176 176 175 175
 175 175 176 176 176 176 176 175 176 177 178 178 176 176 175 175 175 175
 174 173 174 174 175 176 175 175 175 176 176 176 177 178 178 178 176 175
 174 174 175 176 176 176 176 176 176 176 176 176 176 177 177 177 179 178
 178 179 179 179 179 178 179 177 176 176 176 176 176 176 177 178 178 178
 178 178 178 179 176 175 175 176 176 178 179 180 179 178 176 177 177 176
 176 177 177 177 177 177 177 177 177 176 175 175 176 176 175 175 175 176
 177 175 174 175 175 174 174 173 173 173 173 174 175 175 174 173 174 174
 175 175 175 174 173 173 172 172 172 172 172 173 172 172 173 174 174 174
 174 173 173 172 173 173 174 173 173 173 173 174 173 173 172 172 173 171
 173  29]","[ 29  30 175 176 174 175 175 176 176 176 176 175 175 174 174 173 174 175
 175 176 176 176 176 176 175 175 175 176 175 175 175 176 175 175 175 175
 175 175 175 176 175 175 175 175 176 176 176 177 176 176 175 175 175 176
 174 172 173 173 174 175 175 175 175 176 176 177 178 179 179 178 177 176
 175 175 175 176 176 177 177 178 177 177 177 178 178 178 178 178 179 179
 179 179 179 179 179 179 179 178 177 177 176 176 175 176 176 178 179 179
 178 177 178 179 176 175 175 175 176 177 179 180 180 179 178 178 178 177
 177 177 178 179 179 178 178 179 178 178 176 176 176 176 176 176 176 176
 177 176 175 175 176 175 174 174 174 174 174 175 176 176 175 174 175 175
 175 175 175 174 173 173 172 172 172 172 173 173 172 172 172 172 173 174
 174 173 171 170 172 172 172 172 172 173 173 174 172 173 173 173 174 172
 173  29]","[ 29  29 174 175 174 175 175 175 176 176 176 176 176 175 175 174 174 175
 175 176 176 176 176 175 175 175 175 175 175 175 175 175 175 175 175 175
 175 175 175 176 175 175 175 175 175 175 175 175 176 175 175 175 175 176
 175 173 172 173 173 174 175 175 175 176 178 178 179 180 179 179 179 178
 177 177 177 177 178 178 178 179 179 179 179 179 179 179 180 180 179 179
 179 179 179 179 179 179 179 178 178 178 177 176 176 177 177 178 179 178
 178 177 178 178 176 176 175 175 176 177 179 180 180 180 179 179 179 178
 178 177 179 180 180 180 180 180 179 178 177 176 177 177 177 177 177 176
 178 176 176 176 176 175 175 175 175 175 175 176 176 176 176 175 175 175
 175 175 175 175 175 175 173 173 172 173 173 173 172 171 171 172 173 174
 174 173 171 169 172 172 171 171 172 172 173 174 172 173 174 173 174 172
 173  29]","[ 29  29 174 175 175 175 175 174 175 175 176 176 176 175 175 175 175 175
 176 176 176 176 175 175 175 175 175 175 175 175 175 175 175 175 176 175
 175 175 175 176 175 175 175 175 175 175 174 174 177 177 176 175 175 175
 175 173 173 173 173 174 174 175 176 178 179 179 179 179 179 179 179 179
 179 178 178 178 178 178 178 179 179 179 179 179 179 179 179 179 179 179
 179 180 179 179 179 179 179 179 178 179 178 178 178 178 179 178 177 177
 178 178 178 178 178 177 177 177 177 178 179 179 179 179 178 178 178 178
 177 176 177 178 179 179 179 179 178 177 176 176 176 176 177 176 176 176
 177 177 176 176 176 176 175 175 175 175 175 175 175 176 176 175 175 176
 176 176 176 176 176 176 175 174 173 173 173 173 172 172 171 172 174 174
 174 173 172 171 173 172 171 171 171 172 173 174 172 173 173 173 173 172
 173  29]","[ 29  29 174 175 175 176 175 174 175 175 175 175 176 175 175 175 175 176
 176 176 176 176 175 175 176 177 176 176 176 177 177 176 175 175 176 176
 176 176 176 176 174 174 175 175 175 175 175 175 179 178 177 176 175 175
 174 173 175 174 174 174 174 175 177 178 179 179 179 179 179 179 179 179
 179 178 178 178 178 178 178 178 179 179 179 179 179 179 179 179 179 179
 180 180 179 179 178 178 179 179 179 179 179 178 179 180 179 178 177 177
 178 179 179 178 179 179 179 179 179 179 179 179 179 179 179 178 178 178
 177 176 176 177 178 179 179 178 177 176 176 177 177 177 177 176 176 176
 177 176 176 176 176 176 176 176 176 176 175 175 175 176 176 176 175 175
 176 177 177 176 176 176 176 175 174 173 173 173 173 173 171 172 173 174
 174 173 173 173 174 173 171 171 171 172 173 174 173 173 173 172 173 172
 174  29]","[ 29  29 174 175 175 176 175 174 175 175 175 175 176 176 176 176 175 175
 176 176 176 176 176 176 177 178 177 177 177 178 178 177 176 175 175 176
 176 176 176 176 174 174 174 175 175 176 176 176 179 179 179 178 177 176
 175 175 176 175 175 175 175 175 176 178 178 178 178 179 180 180 179 178
 177 177 177 178 178 178 178 179 179 179 179 179 179 179 179 179 179 179
 180 179 178 178 178 178 179 179 179 179 179 178 179 180 179 178 178 178
 179 180 179 179 179 179 179 179 179 179 179 179 179 180 180 179 179 179
 178 177 177 178 179 179 179 179 178 176 177 178 178 178 177 176 176 176
 176 175 176 176 176 176 176 177 177 176 176 176 176 176 176 176 175 175
 176 177 177 176 175 174 175 174 174 174 174 174 174 173 172 172 172 173
 174 174 174 174 174 173 172 171 171 173 174 174 174 174 173 173 174 174
 174  29]","[ 29  29 174 175 175 176 175 175 176 175 175 175 175 175 175 176 174 175
 175 176 176 176 176 176 176 177 176 176 176 178 177 176 176 175 175 176
 176 177 176 176 175 175 175 175 175 175 176 176 178 179 180 179 178 177
 177 176 176 175 175 176 175 175 176 178 176 176 177 178 179 179 177 176
 176 176 176 178 178 178 179 180 179 179 179 179 179 179 179 179 180 180
 179 178 178 177 178 178 179 179 179 179 179 178 178 179 179 179 180 180
 180 179 179 179 179 179 179 179 179 179 179 179 179 180 180 179 179 180
 179 177 178 179 179 179 179 179 178 177 178 178 179 178 176 175 174 174
 175 175 175 176 176 176 176 177 176 175 175 175 176 176 176 175 175 175
 176 177 176 175 174 173 173 173 174 174 175 174 174 173 173 172 172 174
 176 177 176 175 175 173 172 171 172 173 174 175 175 175 173 173 176 175
 175  29]","[ 28  28 177 174 175 175 175 175 174 175 176 176 175 174 174 174 175 175
 174 175 176 177 178 178 178 177 176 175 176 177 178 177 176 175 174 175
 176 178 178 178 175 175 175 175 175 175 175 176 178 179 179 179 178 178
 177 177 175 176 176 177 177 177 178 178 179 178 178 178 178 177 177 176
 175 176 176 175 176 178 179 179 179 179 180 179 179 179 180 180 179 179
 179 179 178 177 176 175 178 178 179 179 179 179 179 179 180 180 180 180
 180 180 180 181 179 179 179 179 179 180 180 180 179 179 179 179 179 179
 179 179 179 179 178 179 179 179 179 178 179 179 180 179 178 176 175 175
 176 176 176 176 176 176 176 176 176 177 177 177 177 177 176 176 175 175
 174 175 175 175 174 174 173 173 173 174 175 175 175 174 175 175 174 175
 176 177 177 176 175 175 174 173 173 173 175 176 175 175 176 175 174 173
 174  29]","[ 30  30 178 175 175 175 174 174 174 175 175 176 175 175 175 176 176 176
 175 175 176 177 177 177 177 177 177 176 176 177 176 175 176 175 175 175
 176 177 178 178 175 175 175 175 175 175 176 177 179 179 179 178 177 177
 176 177 177 177 177 177 178 178 178 178 179 179 179 178 177 176 176 175
 175 176 176 175 175 177 179 179 180 180 180 180 180 180 180 180 180 180
 179 179 178 177 176 176 178 179 179 179 179 179 179 179 179 179 180 179
 179 179 179 179 179 179 179 179 179 179 179 179 180 180 180 180 180 180
 179 179 180 179 179 179 180 180 179 179 179 179 180 179 179 178 178 179
 178 179 179 178 178 177 177 176 175 176 177 178 178 177 176 176 175 174
 174 174 175 175 175 174 174 174 174 174 175 175 176 176 176 176 176 176
 176 176 176 176 176 176 175 174 174 175 176 177 176 175 175 175 175 175
 175  29]","[ 29  30 179 176 175 174 174 174 175 176 176 176 175 176 176 177 176 176
 176 176 177 177 178 178 178 178 178 178 177 177 177 175 176 175 175 175
 175 176 177 177 175 175 175 176 176 177 177 178 178 178 177 176 176 176
 177 177 178 177 176 177 178 178 178 178 179 179 179 178 177 176 176 175
 175 177 177 175 175 176 178 179 179 179 180 180 179 179 179 179 180 179
 179 177 176 176 176 177 179 179 179 179 179 179 179 179 179 179 179 179
 178 178 178 178 179 179 179 179 179 179 179 179 180 180 179 179 179 179
 179 179 179 179 179 179 179 179 179 179 179 179 179 179 178 179 180 180
 179 179 180 180 179 178 177 177 176 177 178 179 179 178 176 175 175 175
 174 175 176 176 175 174 175 175 175 175 175 176 177 178 176 176 176 176
 175 174 175 175 175 175 174 174 175 175 175 175 176 175 174 174 175 175
 175  28]","[ 28  29 178 175 175 175 175 175 176 176 177 176 176 176 176 176 175 175
 176 177 178 178 179 179 179 179 179 179 178 178 178 177 176 176 176 175
 175 175 175 176 175 175 175 176 177 177 177 177 176 176 176 175 176 177
 178 179 178 177 177 176 177 177 178 178 178 178 178 178 177 177 177 177
 176 176 176 175 175 176 178 179 179 179 179 179 179 178 178 179 179 179
 178 177 176 176 178 179 179 179 179 179 179 179 179 179 179 179 179 179
 179 179 178 178 178 178 178 178 179 179 179 179 181 180 179 179 178 178
 179 179 179 179 179 179 179 179 179 179 180 179 179 178 178 179 180 180
 179 179 179 179 179 179 179 178 178 179 179 180 179 178 176 175 176 175
 175 176 177 177 176 175 176 176 175 175 176 177 178 179 176 176 176 176
 175 174 175 175 175 175 175 175 176 176 176 175 175 174 174 174 175 175
 175  28]","[ 29  29 178 175 176 176 177 177 176 176 177 177 176 176 175 176 175 175
 176 177 178 179 180 180 179 179 179 178 178 178 178 178 177 177 176 175
 175 175 175 175 175 175 176 177 178 177 177 176 175 175 175 175 176 178
 179 179 178 179 178 177 176 176 177 179 177 178 178 178 178 178 178 179
 177 176 175 176 177 178 179 179 179 179 180 180 179 179 179 179 179 179
 179 179 178 178 179 180 179 179 179 179 179 179 179 179 179 179 179 179
 179 179 178 178 176 176 177 177 178 179 180 180 181 181 180 179 179 179
 179 180 179 179 180 180 180 180 180 180 180 180 180 179 180 180 180 180
 179 179 179 179 179 180 180 180 179 179 179 179 179 178 177 176 176 176
 176 178 178 178 177 175 176 175 175 175 176 177 178 179 177 177 176 177
 177 177 177 176 176 176 176 177 178 178 177 176 175 175 175 175 176 175
 175  29]","[ 29  29 177 175 176 176 176 177 174 175 176 176 176 176 176 176 175 176
 176 176 177 178 179 180 179 180 179 178 177 178 179 179 177 177 176 176
 175 175 175 175 175 175 176 178 178 177 176 176 175 175 175 176 177 178
 178 179 179 179 179 178 176 175 176 178 178 179 179 179 178 178 179 179
 178 176 175 177 178 179 179 179 179 179 180 179 179 178 178 179 180 179
 179 179 179 179 179 178 179 179 179 179 179 179 179 179 179 179 179 179
 179 178 177 177 175 176 176 177 178 179 180 180 181 180 179 179 179 179
 179 179 179 179 179 179 179 179 180 180 179 179 179 180 180 180 180 180
 180 180 179 179 179 179 179 179 178 178 178 178 178 178 178 178 176 176
 177 178 179 179 177 176 176 175 174 175 176 177 177 178 177 177 176 177
 178 178 178 177 175 176 176 177 177 177 176 175 175 175 176 176 176 175
 175  29]","[ 29  28 176 174 176 176 176 175 175 175 176 176 175 175 176 176 176 176
 176 176 176 177 178 179 179 180 179 178 177 178 178 179 177 176 176 176
 176 177 177 176 176 176 176 177 177 177 177 177 176 176 176 176 177 178
 178 178 178 179 179 178 176 176 176 178 178 179 179 179 178 178 178 179
 178 177 177 178 179 179 179 179 178 179 180 179 179 178 178 178 180 179
 178 178 178 179 178 178 179 179 179 179 180 180 179 179 180 179 179 179
 179 179 177 176 177 177 177 178 178 179 179 179 180 179 179 178 178 178
 178 178 178 179 179 179 179 179 179 180 179 179 179 179 180 180 180 180
 180 180 180 179 179 179 179 179 179 179 179 179 179 179 179 180 178 178
 178 178 179 179 178 177 177 176 175 175 177 178 178 177 177 177 177 178
 178 178 178 178 175 175 176 176 176 176 175 175 176 175 176 176 177 177
 176  29]","[ 29  28 177 175 177 177 176 175 176 176 176 175 175 175 175 176 176 176
 176 175 175 176 178 179 179 179 179 177 176 176 177 177 176 175 175 176
 177 178 178 178 176 176 176 177 177 177 178 179 176 176 175 176 177 178
 178 178 178 178 178 178 178 178 179 179 178 179 179 179 178 178 179 180
 178 177 178 179 179 178 178 179 179 180 180 180 180 179 179 179 180 179
 177 178 179 180 179 179 179 179 180 180 180 180 180 180 180 180 180 180
 180 179 178 176 178 178 178 178 178 178 178 178 180 180 179 179 179 179
 179 179 179 179 180 180 179 179 180 180 180 180 180 180 181 181 181 181
 181 181 181 181 180 180 179 179 180 180 180 180 180 180 180 180 180 179
 179 179 180 180 180 179 179 177 176 177 179 180 179 178 177 178 179 179
 178 178 179 179 177 178 178 178 178 177 177 177 178 176 176 177 179 178
 177  29]","[ 28  29 174 175 174 174 175 175 175 175 175 175 175 175 175 175 175 176
 177 176 177 178 179 178 179 178 177 176 175 175 175 175 175 175 175 176
 178 179 179 178 177 176 175 176 176 176 177 178 177 176 175 176 178 179
 179 178 178 178 178 178 178 178 178 179 180 179 177 176 177 178 179 179
 178 178 178 178 178 178 179 179 179 179 180 180 180 180 179 179 179 179
 178 178 178 179 179 180 179 179 179 179 180 180 180 179 179 179 179 180
 179 179 178 177 178 178 178 178 179 179 179 179 179 179 179 179 178 178
 177 175 177 178 179 179 179 179 179 179 179 179 178 178 179 179 180 181
 182 182 181 180 179 179 179 179 179 179 179 179 179 179 179 179 178 178
 178 179 179 179 179 178 178 178 178 179 179 179 179 178 179 178 178 178
 178 178 178 178 178 178 178 178 178 177 177 176 176 177 178 177 179 179
 177  29]","[ 29  30 174 175 174 175 175 175 175 175 175 175 175 175 175 175 175 176
 177 177 177 179 179 179 177 177 176 176 175 175 175 175 176 176 176 177
 178 179 178 177 176 175 175 176 176 176 176 177 176 176 176 177 178 179
 179 178 178 178 178 178 178 178 179 179 179 179 177 176 176 178 178 178
 178 178 178 178 178 179 179 179 180 180 180 180 180 179 179 179 179 179
 179 178 179 179 179 179 179 179 179 179 180 180 180 179 179 179 180 180
 180 179 179 178 179 179 179 179 179 180 180 180 180 180 180 179 179 179
 178 177 178 178 179 180 179 179 179 179 181 180 179 179 179 179 180 180
 182 182 181 181 180 180 180 180 179 179 180 180 180 179 179 178 179 179
 179 179 180 180 179 179 179 179 179 179 179 179 178 178 178 178 179 179
 179 179 178 178 178 178 179 179 180 179 178 178 177 178 179 178 179 179
 178  29]","[ 29  30 174 175 174 175 175 175 174 175 175 175 175 175 175 174 175 176
 176 176 176 177 177 177 175 176 176 175 174 174 175 176 176 176 176 177
 177 178 177 176 175 175 175 176 176 176 176 176 176 176 176 178 179 179
 179 178 178 178 178 178 179 179 179 179 178 178 176 175 175 177 178 178
 179 179 179 179 179 179 179 179 180 180 180 180 180 179 179 179 179 179
 179 179 179 179 179 179 180 179 179 179 180 180 180 180 180 180 180 180
 180 180 179 179 179 179 179 179 179 179 179 179 179 179 179 179 179 179
 178 178 178 179 180 180 180 179 179 179 181 181 180 179 179 180 180 181
 182 182 182 181 181 181 181 181 179 179 180 180 180 179 179 178 178 179
 179 179 179 179 179 179 180 179 179 178 178 177 177 177 176 177 178 179
 178 178 177 176 177 178 179 180 180 180 178 177 177 178 179 179 180 180
 178  29]","[ 29  29 173 174 174 174 174 174 174 174 175 175 175 175 174 174 175 175
 175 175 175 175 175 174 175 175 175 175 174 174 175 176 176 176 176 176
 176 176 176 175 175 175 176 177 177 176 176 176 176 176 177 178 179 179
 178 178 178 178 178 178 179 179 179 179 177 177 176 175 175 177 178 178
 179 179 179 179 179 179 179 179 180 180 180 180 180 180 179 179 180 180
 180 180 180 180 180 179 179 179 179 179 180 180 180 180 180 180 180 180
 180 179 179 179 179 179 179 179 179 179 179 179 179 179 179 179 179 179
 179 179 179 180 180 181 180 179 179 179 180 180 179 179 180 180 181 181
 182 182 182 181 181 181 181 181 179 179 180 180 180 179 179 179 178 179
 180 180 179 179 179 179 179 179 179 178 177 176 176 177 176 176 177 178
 178 177 176 176 177 177 178 179 180 179 178 176 175 176 178 178 180 180
 178  29]","[ 29  29 173 174 173 174 174 174 174 175 175 175 175 175 174 174 176 176
 176 176 176 176 175 174 175 175 176 175 174 174 175 176 176 176 175 175
 176 176 176 176 176 177 178 179 178 176 176 176 178 177 177 177 177 178
 178 178 179 178 178 178 179 179 178 177 176 177 177 176 176 178 179 179
 179 179 179 179 179 179 179 179 179 179 179 180 180 180 180 180 180 180
 180 180 180 180 180 180 179 179 179 179 179 179 179 179 179 180 180 180
 179 179 179 178 179 179 179 179 179 179 179 179 180 178 178 179 180 180
 180 181 180 180 180 180 180 179 180 180 179 179 179 179 179 180 181 182
 182 182 181 181 180 180 180 180 179 179 179 179 179 179 180 180 179 180
 181 181 180 180 180 180 180 180 180 179 178 178 178 179 178 178 179 179
 179 179 178 178 178 178 179 180 180 179 178 177 176 177 178 178 179 179
 178  29]","[ 29  29 173 174 174 175 175 175 176 176 176 176 175 175 175 175 176 175
 175 177 177 177 176 175 175 176 176 175 175 175 175 176 177 176 176 175
 176 176 177 178 179 179 179 179 177 175 175 175 178 178 177 176 176 177
 178 178 179 179 178 178 178 178 177 176 176 177 178 178 178 179 179 179
 179 179 179 179 179 179 179 179 178 179 179 179 180 180 180 181 180 180
 180 180 180 180 180 180 180 179 179 179 179 179 179 179 179 179 179 179
 179 179 178 178 178 178 179 179 179 179 179 179 179 177 176 177 179 180
 180 181 180 180 180 180 180 180 180 181 179 179 179 179 179 180 180 181
 181 181 181 180 180 179 179 179 179 179 179 179 179 179 180 180 179 180
 180 181 180 180 180 180 180 180 180 180 179 179 179 180 180 180 180 180
 180 180 180 180 180 179 179 179 179 179 178 177 178 178 179 179 179 179
 177  29]","[ 29  29 173 174 174 175 175 175 176 176 176 175 175 175 175 175 175 174
 174 176 177 177 175 175 175 175 175 175 175 176 176 176 176 176 176 175
 176 176 177 177 179 179 179 178 176 175 175 176 178 177 176 176 176 176
 178 178 178 178 178 178 177 177 176 176 177 178 179 179 179 179 179 178
 179 179 179 179 179 179 178 178 178 179 179 179 179 180 180 180 180 180
 179 179 180 180 180 180 180 180 179 179 179 179 179 179 180 180 179 179
 179 179 179 179 178 178 179 179 179 179 179 179 178 175 173 176 179 179
 180 180 180 180 181 181 181 180 181 181 180 180 179 179 179 179 180 180
 181 181 180 180 180 180 179 179 180 180 179 179 179 179 179 179 179 179
 179 180 180 180 180 180 179 179 179 179 180 180 179 179 180 179 179 179
 179 179 180 180 180 180 179 178 178 179 178 178 179 179 179 179 179 179
 178  29]","[ 29  29 172 174 174 175 175 175 176 176 175 175 174 175 175 175 176 174
 175 177 178 176 175 175 175 175 175 175 176 176 177 177 175 175 175 175
 175 176 176 176 178 178 178 177 176 175 175 177 177 176 176 175 176 176
 178 179 177 177 178 178 177 176 176 176 177 179 180 180 180 179 178 178
 179 179 179 179 179 179 178 178 179 179 179 179 179 179 180 180 180 179
 179 179 179 179 180 180 181 180 179 179 179 179 179 179 180 180 180 179
 179 179 179 179 179 179 180 180 180 180 180 180 179 175 173 176 179 180
 180 181 180 180 181 182 181 181 181 181 180 180 180 179 179 180 180 180
 180 180 180 180 180 180 180 180 180 180 180 180 180 179 179 178 180 179
 179 180 181 181 181 180 179 179 179 179 180 180 179 178 179 179 179 179
 179 179 180 180 181 180 179 178 178 179 179 180 179 179 179 178 179 179
 178  30]","[ 30  29 172 174 174 175 175 174 174 175 175 174 174 174 175 175 175 175
 175 175 175 176 176 175 175 176 176 176 176 177 176 176 176 175 175 175
 175 176 176 176 175 176 177 177 176 175 175 176 176 176 176 177 178 178
 178 178 177 176 176 178 178 176 175 176 179 178 178 179 179 179 178 177
 177 179 181 180 179 179 179 179 179 179 179 178 178 180 181 180 180 179
 179 179 179 180 180 180 180 180 179 179 179 179 179 179 179 180 180 181
 181 180 179 179 179 179 180 181 181 180 179 179 178 177 176 176 177 179
 180 180 181 181 181 181 181 182 182 182 182 182 182 181 180 180 181 182
 181 180 180 180 179 179 179 179 180 180 180 180 180 180 180 181 181 180
 180 180 180 180 180 180 181 181 181 182 182 182 181 180 179 179 180 180
 180 180 180 179 179 179 179 179 179 179 179 179 180 180 180 179 179 179
 177  29]","[ 29  28 171 172 172 174 174 174 174 175 175 174 174 174 175 175 174 174
 174 174 174 175 176 176 174 175 175 174 175 175 176 175 176 175 175 175
 175 175 176 176 177 177 178 178 177 176 176 176 177 177 177 177 178 178
 178 178 176 176 176 176 177 176 175 175 178 178 179 179 179 179 178 178
 180 180 179 178 179 180 179 178 176 177 178 178 180 181 179 177 179 179
 179 179 179 179 180 180 180 180 180 179 179 179 179 179 179 179 179 179
 179 179 179 178 178 179 180 180 180 180 179 178 178 177 177 177 178 179
 179 180 180 181 181 181 181 181 181 181 181 181 181 180 180 180 180 180
 180 180 180 180 180 179 179 179 180 180 180 180 180 180 180 181 181 180
 180 180 180 180 180 180 180 180 180 180 180 180 179 179 179 179 179 179
 179 179 179 179 178 178 178 178 178 179 179 179 179 179 179 178 179 179
 177  29]","[ 29  29 172 172 172 173 174 174 174 175 175 174 174 174 175 175 175 174
 173 173 174 175 176 177 176 176 175 174 174 175 175 175 176 175 175 174
 175 175 176 176 178 178 178 177 177 176 176 176 176 176 176 176 177 177
 177 177 176 176 175 175 175 176 175 174 177 178 179 179 179 179 178 178
 179 179 179 179 180 181 180 178 179 180 180 178 177 178 179 180 179 179
 179 179 179 180 180 181 180 180 180 179 179 179 179 179 179 179 179 179
 179 179 179 180 179 179 179 180 180 180 179 179 179 179 178 178 179 180
 180 180 180 180 180 180 180 181 181 181 181 181 181 181 182 181 180 178
 179 179 179 180 180 180 180 179 180 180 180 180 180 180 181 182 181 180
 180 180 180 180 180 179 180 180 180 180 180 179 179 179 180 180 180 180
 180 180 179 179 179 179 179 179 179 179 179 179 179 179 179 178 179 179
 177  29]","[ 29  29 173 173 172 173 174 174 174 175 175 174 174 174 174 174 175 173
 172 172 173 175 176 176 176 176 175 174 174 174 175 175 176 175 174 174
 174 175 176 177 179 178 177 176 176 176 176 175 176 176 175 176 176 176
 176 176 176 176 175 173 174 175 175 174 175 176 178 179 178 178 177 177
 179 180 180 178 177 176 177 178 176 177 178 179 179 179 179 179 179 179
 179 179 180 180 180 181 180 180 180 180 179 179 179 179 180 179 179 179
 179 180 180 180 179 179 179 179 179 180 180 180 180 180 179 179 180 180
 180 180 179 179 180 180 180 180 180 181 180 180 181 181 181 181 179 178
 178 179 180 180 180 180 180 179 179 180 180 180 180 180 181 181 181 180
 180 180 180 180 180 180 180 181 181 181 180 180 179 180 180 180 180 180
 180 180 180 180 181 181 180 180 179 179 179 179 179 179 179 178 179 179
 178  29]","[ 29  29 173 173 172 173 173 173 174 175 175 175 174 174 174 174 173 173
 172 172 173 173 174 174 175 175 175 174 174 175 175 175 175 175 174 174
 174 175 176 176 179 178 176 176 176 176 176 175 176 176 176 176 177 177
 177 176 176 176 175 173 173 175 176 174 175 176 177 178 178 178 177 177
 179 179 179 178 177 178 179 181 182 179 178 178 180 181 179 177 178 178
 178 179 179 179 179 180 180 180 180 180 179 179 179 179 179 179 179 180
 180 180 180 180 179 179 178 178 178 179 179 179 179 179 179 179 179 179
 179 178 179 179 179 180 180 180 180 180 179 180 180 180 180 179 179 179
 179 179 180 180 180 180 179 179 178 179 179 179 179 179 180 180 181 180
 180 180 180 181 180 180 180 180 180 180 179 179 179 179 179 179 179 179
 179 180 180 180 180 180 180 179 179 179 178 178 179 179 179 178 179 179
 178  30]","[ 29  29 173 174 173 174 174 174 174 175 175 175 174 174 174 174 173 173
 173 173 173 173 173 173 174 174 175 175 175 176 176 176 175 174 174 174
 174 175 175 176 178 177 176 176 176 177 176 176 175 176 176 177 177 177
 177 176 176 176 174 173 173 175 175 175 175 176 177 178 178 178 178 178
 179 178 178 180 181 179 177 176 177 177 178 179 178 177 178 179 178 179
 179 179 179 179 179 179 179 179 179 179 179 179 179 179 179 179 180 181
 181 181 181 181 179 179 179 179 178 179 179 179 179 179 178 178 179 179
 179 178 179 179 179 179 180 180 180 180 179 180 180 180 179 179 179 180
 179 180 180 180 180 180 179 179 179 179 179 179 179 179 180 181 180 180
 180 180 181 181 180 180 180 180 180 179 179 179 179 179 179 179 179 179
 180 180 180 180 180 180 180 180 179 179 179 179 179 179 179 179 179 179
 178  30]","[ 30  29 173 174 174 175 175 174 173 174 175 174 174 174 174 173 172 173
 174 173 173 173 173 174 174 175 175 175 175 176 176 176 174 174 174 174
 175 175 175 175 177 177 176 176 177 177 176 176 174 175 176 177 177 177
 176 175 176 175 173 173 174 174 174 175 176 176 177 178 178 179 179 178
 179 178 178 178 177 175 175 176 172 174 177 179 179 178 177 178 179 179
 179 179 179 179 179 179 179 179 179 179 179 179 179 179 179 179 180 181
 182 182 181 181 180 180 179 179 179 179 179 179 180 179 179 178 179 179
 179 179 179 179 179 179 179 179 179 179 179 180 180 180 180 180 180 180
 179 179 179 179 179 179 179 179 179 180 180 180 180 180 180 181 179 179
 179 180 180 181 180 180 180 180 179 179 179 179 179 179 179 179 180 180
 180 180 180 180 180 180 180 180 180 180 180 180 179 179 179 178 179 179
 177  29]","[ 29  28 172 173 173 175 175 174 173 174 175 174 174 173 173 173 171 172
 173 173 172 172 173 174 175 175 175 174 174 174 174 174 174 174 174 174
 175 175 175 175 176 176 176 176 176 176 176 176 174 175 176 178 178 178
 177 176 176 174 173 173 174 173 174 175 176 176 176 177 178 178 178 178
 177 178 178 176 175 180 192 203 205 193 179 174 177 179 179 179 179 179
 179 178 178 178 178 177 178 179 179 179 179 179 179 179 178 179 179 180
 181 181 181 181 179 179 179 179 179 179 179 178 180 179 178 178 178 179
 179 179 179 179 179 179 179 179 179 179 179 179 179 180 180 180 180 179
 179 179 179 179 179 179 179 180 179 179 179 179 179 179 179 180 179 179
 179 179 180 180 180 180 180 179 179 179 179 179 179 179 179 179 180 180
 180 179 178 178 179 180 180 180 179 179 179 179 179 179 179 178 179 179
 177  29]","[ 30  29 172 173 174 175 174 172 173 173 174 174 174 173 173 173 171 172
 173 173 173 173 173 174 175 175 175 174 174 175 175 174 175 175 176 175
 175 175 175 176 176 176 176 177 177 176 176 175 175 175 176 177 177 177
 176 175 175 175 174 174 174 175 175 175 175 176 176 176 176 177 178 179
 178 177 178 177 181 212 231 237 237 225 207 189 181 179 180 179 178 177
 177 177 177 177 177 178 180 179 178 178 181 180 179 181 179 179 180 181
 181 180 180 179 180 179 179 179 180 180 179 179 179 179 178 178 179 179
 179 179 180 179 178 178 179 180 180 180 179 179 180 180 180 180 180 180
 179 179 180 180 179 179 179 179 180 179 179 178 179 179 179 180 180 180
 179 179 179 179 179 179 180 180 180 179 179 179 179 179 178 180 181 181
 180 178 178 179 181 181 180 180 179 179 179 178 180 180 179 178 179 179
 178  29]","[ 30  29 172 174 174 175 174 173 173 173 173 173 173 174 174 174 172 173
 173 173 172 172 173 173 173 173 174 174 174 175 175 175 175 175 175 175
 175 175 174 174 176 176 176 176 176 176 175 175 176 176 176 177 177 176
 176 175 176 175 175 175 175 175 175 174 175 176 176 176 176 176 177 178
 179 177 177 182 192 209 209 209 215 219 214 198 185 180 178 178 177 176
 175 176 175 175 176 178 177 179 179 179 180 180 178 178 179 179 180 181
 181 180 180 180 180 179 179 179 179 179 179 179 179 178 178 178 179 179
 179 179 179 178 178 178 179 179 179 179 179 179 180 180 180 180 180 180
 180 180 180 180 180 180 180 180 180 180 180 180 180 180 180 180 180 180
 180 179 179 179 180 180 180 179 179 179 179 179 179 179 178 179 180 180
 180 179 179 180 180 180 180 179 179 179 179 179 180 180 179 178 179 179
 178  29]","[ 29  28 172 173 173 175 174 173 173 172 172 172 173 174 174 174 174 174
 173 173 172 172 173 173 172 173 173 173 174 175 176 176 175 175 175 175
 176 175 175 175 176 175 175 175 175 175 175 175 176 176 176 176 176 175
 174 174 175 175 175 175 175 175 174 174 175 175 176 175 175 175 176 176
 179 179 177 179 180 173 156 154 161 170 177 179 181 181 178 177 176 175
 175 175 175 175 176 178 178 180 180 178 179 180 179 179 179 179 180 180
 181 180 180 180 179 179 179 179 179 179 179 179 178 178 178 179 179 179
 179 179 179 179 178 179 179 179 179 179 180 180 180 180 180 180 180 180
 179 179 179 179 179 179 179 179 180 180 180 181 181 180 180 180 180 180
 180 180 180 180 180 180 179 179 179 179 179 179 179 179 179 179 179 179
 179 179 180 180 179 179 179 179 179 179 179 179 179 179 179 179 180 180
 178  29]","[ 29  28 171 173 173 174 174 173 173 172 172 172 174 174 174 174 174 174
 173 173 173 173 173 173 173 174 174 173 174 174 175 175 175 174 174 175
 175 176 176 175 176 175 175 175 174 175 175 175 175 175 175 175 174 174
 174 174 175 175 175 175 175 175 175 175 175 175 175 175 175 175 175 175
 173 174 176 177 171 154 139 139 128 125 128 144 164 175 177 176 176 176
 175 175 175 175 177 179 179 180 179 178 180 180 179 180 179 179 180 180
 180 180 180 180 179 179 179 179 179 179 179 179 179 178 178 179 180 180
 180 179 179 179 179 179 179 179 179 180 180 180 180 180 180 180 179 179
 179 179 179 179 179 179 179 179 180 180 180 180 181 181 180 180 180 180
 180 179 180 180 180 180 179 179 179 179 179 179 180 180 180 179 179 179
 179 179 179 179 180 179 179 179 179 179 179 179 179 179 179 179 180 180
 178  29]","[ 29  29 172 173 173 174 174 174 173 173 172 173 174 174 173 172 173 173
 173 174 174 174 173 173 174 174 174 173 173 173 174 173 173 173 172 173
 174 175 175 175 175 175 175 174 174 174 174 175 174 175 175 175 174 174
 174 175 175 175 175 175 175 175 175 175 175 175 176 175 175 174 174 174
 178 176 177 177 168 151 138 131 123 110 104 117 143 167 177 176 177 177
 176 176 175 175 177 179 181 179 177 178 180 179 179 181 179 179 179 179
 180 180 180 179 179 179 179 179 179 179 180 180 179 179 179 179 180 180
 180 180 180 179 179 178 177 178 179 180 179 180 180 180 179 179 179 179
 180 179 179 180 180 180 180 179 180 180 180 180 180 180 180 180 179 179
 179 179 179 179 180 180 179 179 179 179 179 179 180 180 180 180 179 179
 180 180 180 179 180 179 179 179 179 179 179 179 179 179 179 179 180 180
 178  29]","[ 29  29 172 173 173 174 173 173 173 173 172 173 173 173 172 171 172 172
 173 174 174 174 174 174 174 174 173 172 172 173 173 173 172 172 172 173
 174 174 175 175 175 175 174 174 174 174 174 174 174 174 174 174 174 174
 175 175 175 175 175 175 174 174 174 175 175 175 176 175 175 174 174 174
 173 172 174 174 168 150 137 125 116 104  98 105 129 163 180 172 177 176
 176 176 175 175 176 178 178 176 174 175 177 176 176 178 179 179 179 179
 179 179 179 179 179 179 179 179 179 179 180 180 180 180 179 179 180 180
 180 180 179 179 179 177 176 176 178 179 179 179 179 179 179 179 179 179
 180 179 179 179 180 180 180 179 179 179 179 179 179 180 180 180 179 179
 179 179 179 179 180 180 180 179 179 179 179 179 180 180 180 180 179 180
 180 181 181 180 179 179 179 179 179 179 179 180 179 179 179 179 180 180
 178  29]","[ 29  28 172 172 172 172 172 172 172 172 172 172 172 172 171 171 171 172
 173 173 173 173 173 174 174 175 174 173 172 173 173 172 172 173 174 174
 174 174 174 174 174 174 174 174 174 173 173 173 173 173 173 173 173 174
 174 174 175 175 175 175 174 174 174 174 174 175 175 175 175 174 174 174
 175 178 177 176 173 151 135 124 114 104 101 102 118 156 179 170 177 176
 176 176 176 176 176 177 172 181 189 193 194 190 182 177 179 179 179 179
 179 179 179 179 179 179 179 179 179 179 180 181 181 180 179 179 179 180
 180 180 178 179 179 178 176 176 177 179 179 179 179 179 179 179 179 180
 180 179 179 179 180 180 179 179 179 179 179 180 180 180 180 180 179 179
 179 179 180 180 180 180 180 180 179 179 179 179 179 180 180 180 180 180
 181 181 181 180 180 179 179 179 179 179 180 180 179 179 179 179 180 180
 178  30]","[ 29  29 172 173 172 172 172 172 172 172 172 171 171 171 171 172 171 172
 173 173 172 172 173 174 176 176 175 174 173 173 173 172 171 172 174 174
 174 173 173 172 174 174 174 174 173 173 173 173 172 172 171 171 172 172
 173 173 173 174 175 175 175 174 174 174 174 175 175 175 175 174 174 174
 174 177 172 172 177 154 135 126 116 105 102  99 105 143 177 178 176 176
 176 176 177 177 177 177 175 198 222 233 234 223 202 186 179 179 179 179
 179 179 179 180 179 179 179 179 179 179 180 181 181 180 179 178 179 179
 180 180 179 179 180 179 177 176 177 179 179 179 179 179 179 180 180 180
 181 180 179 180 181 181 180 179 178 179 180 180 180 180 180 180 179 179
 179 180 180 180 180 180 180 180 179 179 178 179 179 179 181 181 181 181
 181 181 180 180 181 180 180 179 179 179 179 179 180 180 179 179 180 180
 178  30]","[ 29  29 171 171 172 172 171 171 172 170 171 172 170 167 167 168 170 171
 172 172 173 173 173 173 174 175 176 175 174 173 173 173 173 173 173 174
 174 174 172 171 172 173 174 175 174 173 172 171 172 172 172 172 171 171
 172 173 174 173 173 173 174 174 174 174 175 174 174 174 174 174 174 174
 175 174 172 173 176 151 136 125 114 106 102  97 101 138 173 178 174 175
 174 175 176 177 176 177 188 212 219 216 207 197 196 193 184 179 177 181
 179 178 181 177 179 179 179 179 179 180 180 180 179 179 179 179 180 180
 180 179 180 179 179 179 179 179 178 178 179 179 179 179 179 179 179 179
 180 180 179 179 179 179 179 179 178 178 178 179 179 179 179 179 179 179
 179 179 180 180 181 181 181 180 179 179 179 178 179 179 179 180 181 181
 180 180 179 179 180 180 179 179 179 179 180 180 180 178 178 179 179 180
 178  28]","[ 29  29 171 171 171 171 171 171 172 171 171 172 170 167 165 166 170 171
 172 172 173 173 173 173 174 175 176 176 175 174 174 174 173 173 174 174
 175 174 173 172 173 173 173 174 174 173 172 172 172 173 173 173 172 172
 172 173 173 172 172 172 172 173 173 173 173 173 173 173 173 174 174 174
 176 175 172 174 174 149 130 120 108  99  97  97  99 129 167 179 174 175
 175 175 176 176 175 177 188 198 194 187 174 160 162 165 176 179 179 179
 178 178 181 179 180 180 180 180 180 180 180 180 179 179 179 179 180 180
 180 179 179 179 179 179 179 179 179 179 179 179 179 179 179 179 179 179
 180 179 179 179 179 179 179 179 179 179 179 179 178 178 179 179 179 179
 179 179 179 180 180 181 181 180 179 179 179 179 179 180 180 181 182 182
 181 181 180 181 180 180 179 179 179 179 180 180 180 179 179 180 180 181
 178  29]","[ 29  29 171 171 171 171 171 172 171 171 171 172 171 168 166 166 170 171
 171 172 173 173 173 173 174 174 175 175 175 174 174 174 174 174 174 175
 175 175 174 173 173 173 173 174 174 173 172 173 173 173 173 173 173 172
 172 172 172 172 172 172 172 172 172 173 172 172 172 172 173 174 174 174
 175 174 171 174 172 147 123 111 101  93  93  94  97 123 163 178 174 175
 175 175 176 176 176 177 188 188 180 172 156 135 132 134 160 176 181 178
 178 179 180 179 180 180 180 180 180 179 179 179 180 179 179 179 180 180
 179 179 178 178 179 179 179 179 179 180 180 180 179 179 179 179 179 179
 179 179 178 179 179 179 179 179 179 179 179 178 178 178 178 178 179 179
 179 179 179 180 180 180 180 180 179 179 179 179 180 180 180 181 181 181
 181 180 180 180 180 179 179 179 179 179 180 180 181 179 180 180 180 180
 178  29]","[ 29  29 171 171 171 172 171 171 171 171 171 173 173 171 169 168 171 171
 171 172 172 173 173 173 172 173 173 173 174 174 174 174 174 174 175 175
 175 175 174 174 173 173 173 173 173 173 173 174 173 173 173 173 172 172
 172 172 173 173 174 174 173 173 173 174 172 172 172 172 173 173 174 173
 172 174 171 173 171 150 120 103  90  86  85  85  90 117 160 174 173 175
 174 174 176 177 177 179 190 183 169 156 139 121 119 121 140 171 181 177
 178 178 177 178 179 179 179 179 179 179 179 179 180 179 179 179 179 180
 179 179 178 178 179 179 178 178 179 180 180 179 179 179 179 179 179 179
 179 179 178 178 179 180 180 180 179 179 178 178 178 179 179 179 179 179
 179 179 179 179 180 180 179 179 178 179 179 179 179 180 180 180 180 180
 180 180 179 179 179 179 179 179 179 179 179 179 180 179 179 179 179 179
 178  29]","[ 28  29 171 171 171 172 171 171 171 171 171 172 172 172 171 171 171 171
 171 171 171 172 173 173 172 172 172 173 173 173 174 174 174 174 175 175
 175 174 174 174 174 173 173 173 173 173 173 174 174 174 174 173 172 172
 173 173 174 174 175 174 174 174 174 174 174 173 173 172 173 173 173 173
 171 174 172 172 172 154 118  95  84  81  81  81  86 110 157 175 173 175
 174 174 176 176 177 179 185 176 159 141 124 115 114 113 125 165 180 175
 177 178 176 177 179 179 179 179 179 179 179 179 179 179 179 179 179 179
 179 179 178 179 179 179 178 178 178 179 179 179 179 179 179 179 179 179
 179 179 178 179 179 180 180 180 179 178 177 177 178 179 179 179 179 179
 179 179 179 179 179 179 179 178 178 179 179 179 179 180 180 180 180 180
 180 180 180 180 178 179 179 179 179 179 179 179 180 179 179 179 179 179
 178  28]","[ 28  29 171 171 171 171 170 171 171 171 171 171 171 171 171 171 172 172
 171 171 171 172 173 173 172 172 173 173 173 173 174 174 174 174 174 174
 174 174 174 174 174 173 173 173 173 173 173 174 175 175 174 173 173 173
 174 175 174 174 174 174 174 174 174 174 174 174 173 173 173 173 173 173
 172 174 173 171 173 154 116  89  81  79  79  81  86 103 154 179 174 175
 175 174 175 175 176 178 181 171 156 138 123 116 113 108 120 163 180 174
 177 178 178 179 179 179 180 180 180 180 179 179 179 179 179 179 179 179
 179 179 179 179 179 178 178 178 178 179 179 179 179 179 179 178 178 178
 179 179 178 178 179 180 180 180 178 177 176 177 178 179 180 180 179 179
 179 179 179 179 179 179 179 179 179 179 180 179 180 180 181 181 180 180
 180 180 180 179 179 179 179 179 179 179 179 179 180 179 180 179 179 179
 178  29]","[ 29  28 170 169 169 170 170 172 171 171 171 171 171 171 171 171 172 172
 172 172 172 172 172 172 172 173 173 173 173 173 173 174 174 174 174 174
 173 173 173 173 173 173 173 173 173 173 173 174 174 174 174 174 173 173
 174 175 174 174 174 174 174 174 174 173 174 173 172 172 173 173 173 172
 173 171 173 170 174 153 116  91  81  78  77  78  84 101 152 176 173 175
 174 174 175 175 175 178 181 164 144 126 114 112 111 109 119 161 179 175
 177 179 178 179 178 179 179 179 180 180 180 179 179 179 179 179 180 180
 180 179 179 179 179 178 178 179 179 179 179 179 179 179 179 178 177 176
 179 179 178 178 179 179 179 179 178 177 176 176 178 179 179 179 179 179
 179 179 179 179 179 179 179 179 179 179 180 179 180 180 181 180 180 179
 179 179 179 178 179 179 179 179 179 179 179 179 180 179 180 179 178 179
 178  29]","[ 29  28 169 168 168 169 170 172 170 171 172 171 171 171 172 172 172 172
 173 173 173 172 172 171 172 173 173 173 172 172 173 174 174 174 174 173
 172 172 172 173 173 172 172 173 173 172 172 173 173 173 174 173 173 173
 173 174 174 174 174 174 174 174 174 173 173 172 172 172 172 172 172 172
 173 170 174 171 177 153 118  96  85  83  79  77  87 108 156 173 172 174
 174 173 174 175 176 178 177 153 132 117 108 106 106 108 117 158 178 175
 177 177 175 175 176 177 178 178 179 179 180 180 179 179 179 179 180 180
 180 180 180 179 178 178 179 179 179 179 179 179 180 180 179 177 176 175
 179 178 178 178 178 179 179 178 178 177 176 176 177 179 179 179 179 179
 179 179 179 179 179 179 179 178 178 179 179 179 179 180 181 180 179 179
 179 179 178 178 180 180 179 179 179 179 179 180 179 178 179 178 178 178
 178  29]","[ 29  28 169 169 171 172 171 171 171 171 171 171 171 171 171 171 171 171
 172 173 173 173 172 172 172 173 173 173 173 173 173 173 174 173 173 173
 173 174 174 174 173 173 173 173 173 173 173 173 173 174 174 174 173 173
 173 174 173 173 173 174 175 174 174 173 173 173 172 172 172 173 172 172
 172 170 170 170 173 147 113  96  87  80  78  84  87 104 156 178 172 173
 174 173 174 174 175 180 174 143 125 111  99  99 100 104 113 157 180 173
 178 178 177 177 177 178 179 179 180 180 180 179 179 179 179 179 179 180
 181 181 180 180 180 179 178 178 179 181 179 179 179 179 179 178 177 175
 177 177 177 178 178 178 177 177 177 176 176 176 177 178 179 179 179 179
 179 179 179 179 179 179 178 179 180 180 180 179 180 180 179 179 179 179
 179 179 178 178 179 179 180 180 179 179 179 179 180 180 180 179 179 179
 177  29]","[ 29  28 169 169 170 171 170 171 170 170 171 171 171 171 171 171 171 172
 172 172 172 172 172 171 172 173 173 174 174 173 173 173 174 173 173 173
 173 174 174 174 173 173 173 173 173 173 173 173 173 173 174 174 173 173
 173 173 174 173 172 173 173 173 172 172 173 172 172 172 172 172 171 171
 171 171 172 172 172 146 113  96  81  77  76  82  88 107 155 176 172 173
 174 174 174 174 175 180 168 133 113  98  86  84  88  97 109 156 180 174
 178 177 176 176 175 176 177 178 179 179 179 179 179 179 179 179 179 179
 180 180 179 179 179 179 178 177 178 179 179 179 179 179 179 178 177 176
 176 176 176 177 177 177 176 176 176 175 175 175 176 177 178 179 179 179
 179 180 179 179 179 179 179 179 179 179 179 179 179 179 179 179 179 179
 179 179 179 179 179 179 179 178 178 178 178 179 179 179 179 178 179 179
 177  29]","[ 29  29 170 169 169 169 169 170 169 169 170 171 171 171 171 171 171 171
 172 172 172 171 171 171 172 173 173 174 174 173 173 172 173 173 173 173
 174 174 173 173 172 172 172 173 173 173 173 173 173 173 173 174 174 174
 173 173 174 173 173 173 173 173 173 173 173 172 172 172 172 172 171 171
 171 171 172 172 170 143 113  97  80  79  77  81  88 109 153 174 171 173
 175 175 173 173 175 178 155 123 102  91  85  84  83  85 107 156 181 176
 178 177 176 175 174 175 177 178 179 179 179 178 180 179 179 179 179 179
 179 180 179 179 179 179 179 178 178 179 180 179 179 179 179 178 178 177
 176 176 176 176 176 176 176 175 176 175 175 175 175 177 178 179 179 179
 179 179 179 179 179 179 180 179 178 178 179 180 179 178 179 179 179 179
 179 179 179 179 179 179 179 178 178 178 179 179 178 179 179 178 179 179
 178  29]","[ 30  29 170 168 168 168 167 169 170 169 170 170 171 171 171 171 171 171
 171 171 171 171 171 171 173 173 173 173 173 173 172 172 173 173 173 173
 174 174 173 172 172 172 172 173 173 173 174 174 173 173 173 174 174 174
 173 172 173 173 172 173 173 173 173 174 172 171 171 171 171 171 171 171
 171 171 171 171 168 141 114  98  82  82  79  80  86 109 152 175 171 174
 174 174 173 173 176 177 147 121  98  82  77  81  79  76 109 159 182 177
 178 177 176 175 175 176 177 178 178 178 178 178 179 179 179 179 179 179
 179 179 179 179 179 180 179 178 178 179 180 179 178 178 178 177 177 176
 176 176 176 176 176 176 176 175 175 175 174 174 175 176 178 179 178 178
 179 179 179 179 179 179 179 178 178 179 180 180 180 180 179 179 179 179
 179 179 179 179 179 179 179 179 178 178 179 179 179 179 179 179 179 179
 177  29]","[ 29  28 169 168 168 168 167 169 171 170 169 169 170 171 171 171 170 170
 171 171 171 171 171 171 173 173 172 172 172 172 173 173 173 173 173 174
 174 174 173 172 172 173 173 173 174 174 174 174 173 173 173 173 173 173
 172 172 172 172 172 172 172 172 172 172 170 171 171 171 171 171 171 171
 171 171 170 172 168 140 114  96  80  82  79  79  83 109 151 176 171 173
 173 174 172 174 179 176 152 133 113  95  85  83  82  80 116 164 181 177
 176 175 175 174 175 175 176 177 177 178 178 178 179 178 178 179 179 179
 179 179 178 178 179 179 179 178 178 179 179 178 177 176 176 176 175 175
 176 175 175 175 175 175 175 175 175 174 174 174 174 175 177 177 178 178
 179 179 179 179 179 179 177 178 178 179 180 180 180 180 179 179 179 179
 179 178 178 178 178 179 179 179 179 178 178 178 179 179 179 178 179 179
 177  29]","[ 29  28 169 168 169 170 169 171 171 170 169 168 169 170 171 171 170 170
 171 171 171 171 171 171 172 172 172 172 172 172 173 173 173 173 173 173
 174 174 173 172 173 173 173 173 174 174 174 174 174 174 173 173 173 173
 172 172 172 172 172 172 172 171 170 171 171 171 172 172 171 171 171 171
 171 172 171 174 168 139 113  91  80  81  80  81  81 108 149 173 171 173
 172 174 173 175 181 175 147 130 112 102  93  86  83  83 126 169 179 176
 175 175 175 175 175 175 176 176 177 178 179 179 178 178 178 178 179 179
 179 178 177 176 177 177 177 177 177 178 179 178 177 176 176 176 175 175
 175 175 174 174 175 175 175 175 175 175 174 174 175 175 176 176 178 179
 179 180 180 180 180 179 179 179 179 179 179 179 179 179 179 179 179 179
 179 178 177 177 178 179 179 180 179 179 178 178 177 178 178 178 178 178
 177  29]","[ 29  28 169 168 169 170 170 171 170 169 168 168 169 171 171 171 171 171
 171 171 171 171 171 171 171 171 171 171 172 172 173 173 172 172 172 172
 173 173 173 172 173 173 173 173 173 173 174 174 174 174 173 172 171 171
 171 172 171 171 171 171 171 170 170 171 171 172 172 172 171 170 170 170
 170 171 171 173 166 136 111  89  82  79  79  81  79 108 148 172 171 172
 170 173 173 175 180 169 145 124 102  93  89  87  88  90 136 174 177 175
 175 175 176 176 176 176 176 176 177 178 179 180 178 178 178 178 179 179
 178 177 174 174 175 176 177 176 176 176 178 177 177 176 177 176 176 176
 175 174 174 174 174 175 175 175 175 175 175 175 175 176 176 176 178 178
 179 180 180 180 180 179 180 179 178 178 179 180 180 180 179 179 179 179
 179 178 178 177 179 179 180 179 179 179 179 179 178 178 178 178 179 179
 177  29]","[ 29  28 168 167 168 169 168 168 169 168 167 168 170 171 171 171 171 171
 171 171 171 171 171 171 170 171 171 171 172 172 173 173 172 172 172 172
 172 173 173 172 172 172 173 173 173 173 173 173 173 172 171 170 169 169
 169 170 170 170 169 169 169 168 169 171 170 171 171 171 169 168 168 168
 170 170 169 171 162 133 111  90  81  76  76  80  78 109 151 174 171 172
 169 173 172 173 177 164 139 125 104  92  87  86  87  87 141 175 175 174
 175 174 175 176 176 176 175 175 175 176 178 178 178 178 178 178 179 178
 177 176 173 173 174 176 177 176 175 175 175 175 175 175 176 176 176 175
 174 173 173 173 173 174 174 174 175 175 175 175 175 175 175 175 177 178
 178 179 179 179 179 179 180 178 176 176 178 180 180 179 178 179 179 179
 179 179 178 178 178 179 179 178 178 178 178 179 179 179 179 179 179 179
 177  29]","[ 30  29 165 168 166 163 162 166 168 167 167 167 169 171 171 171 171 171
 171 172 172 171 171 171 172 172 171 171 172 173 173 173 172 172 171 171
 172 172 172 172 172 172 172 172 172 172 173 173 173 173 172 172 172 171
 170 169 169 169 169 168 168 168 168 169 170 169 169 169 168 167 168 169
 169 169 169 175 157 127 109  89  81  74  75  79  80 107 154 174 171 172
 169 174 169 175 182 152 132 118 104  90  84  87  83  95 147 177 172 174
 174 176 174 177 176 176 176 176 177 178 178 178 177 177 178 178 178 177
 177 176 175 174 174 175 176 177 177 176 176 175 175 177 177 176 175 176
 175 174 174 174 174 175 175 176 176 177 177 176 176 176 176 175 177 178
 178 178 178 179 179 178 178 178 178 178 178 179 179 179 180 179 179 180
 179 178 178 179 180 180 179 179 179 179 179 177 178 179 179 179 179 178
 177  30]","[ 31  29 164 166 162 159 158 163 167 167 168 168 169 171 171 171 171 171
 171 172 172 171 171 172 172 171 171 171 172 172 173 173 172 172 171 171
 172 172 172 172 173 172 172 172 172 173 173 173 173 173 173 173 173 172
 172 171 170 170 169 168 168 168 168 168 167 167 168 168 167 166 166 167
 167 167 170 172 152 122 102  85  78  76  79  80  79 107 155 173 171 172
 170 173 172 178 176 145 123 109  96  85  81  84  81  94 152 179 174 175
 175 176 174 176 176 176 176 176 177 177 177 177 175 176 176 177 177 177
 177 176 175 175 175 175 176 177 176 176 175 174 175 177 177 175 175 175
 175 174 174 174 174 175 176 176 175 176 177 177 178 179 180 180 178 178
 178 178 179 180 179 177 178 178 178 178 178 178 179 179 179 178 179 179
 179 178 178 179 180 179 179 178 178 178 177 176 178 178 179 178 178 177
 176  29]","[ 30  29 164 163 159 155 154 159 164 166 168 169 169 170 171 171 170 170
 170 171 171 170 171 172 172 171 171 171 172 172 172 172 172 172 171 171
 172 172 172 171 172 172 171 171 171 172 172 172 172 172 173 173 172 172
 172 172 172 171 170 169 168 168 168 168 166 166 167 167 166 164 165 166
 169 170 174 169 144 113  91  77  75  76  79  79  78 108 155 170 169 172
 172 171 172 177 164 131 108  97  89  82  81  83  79  94 157 179 174 175
 176 176 175 176 176 176 175 176 176 176 175 175 175 175 176 176 177 177
 176 176 176 175 174 175 176 176 175 175 174 174 175 176 176 175 175 175
 174 174 174 174 174 174 175 175 176 177 178 178 178 179 179 179 179 178
 177 178 179 180 178 176 176 176 176 177 177 177 178 178 178 178 178 179
 178 178 178 179 179 179 178 177 177 177 177 176 177 178 178 177 177 176
 175  28]","[ 29  29 163 162 157 154 153 158 162 164 167 168 169 169 170 170 169 169
 170 171 171 170 171 171 172 171 171 171 172 172 172 172 172 172 172 172
 172 171 171 171 171 171 171 171 171 171 171 171 171 171 172 172 171 171
 171 172 172 171 170 170 169 169 168 167 168 168 168 167 166 165 166 167
 165 166 172 161 136 110  89  81  76  74  74  76  78 111 156 168 168 172
 173 170 173 174 151 120  97  88  83  79  79  82  80 100 160 176 172 174
 175 176 175 176 175 175 175 175 175 175 174 174 175 176 176 177 177 177
 176 176 177 176 175 175 176 176 176 175 174 174 174 174 175 175 175 175
 174 174 174 174 174 174 175 175 177 178 179 178 177 177 177 177 179 178
 177 177 177 178 177 175 175 175 176 176 177 177 178 178 177 177 178 178
 178 178 179 180 179 179 178 177 177 178 178 178 177 177 178 177 177 176
 175  28]","[ 29  29 163 162 157 155 155 160 162 164 167 168 168 168 168 168 169 169
 171 172 172 171 171 172 172 171 171 171 172 172 172 172 172 172 172 172
 171 171 171 171 171 171 171 171 171 171 172 172 171 172 172 172 171 171
 171 172 171 171 171 171 171 170 169 168 169 169 169 170 168 167 167 168
 171 170 171 153 126 102  82  78  76  72  72  74  79 113 159 171 168 170
 172 171 175 169 137 107  91  84  78  76  77  80  84 112 165 173 171 173
 174 174 175 175 174 174 174 175 175 175 175 174 176 176 176 176 176 176
 176 176 177 176 175 175 175 176 176 176 174 174 173 173 173 174 174 175
 175 175 175 175 175 175 175 176 175 177 177 177 177 178 178 178 178 179
 178 177 176 176 176 176 175 175 176 176 176 177 177 177 177 178 178 178
 178 179 179 180 180 180 179 178 178 179 179 179 178 178 179 177 177 176
 175  28]","[ 29  29 163 162 159 158 158 162 164 166 168 168 167 167 167 167 168 169
 170 171 171 170 170 171 172 172 171 172 172 172 172 171 171 172 172 172
 171 171 171 171 171 171 171 171 171 171 171 171 171 172 172 172 171 171
 171 171 171 171 171 172 172 171 169 168 168 169 170 172 171 169 167 167
 166 166 163 144 119 100  85  82  74  72  72  74  79 113 160 174 170 169
 169 170 170 153 117  90  86  82  79  78  79  80  87 120 170 173 171 172
 173 172 173 173 173 173 174 175 175 176 175 175 175 175 175 175 175 176
 176 176 175 175 174 174 173 173 174 175 173 174 173 173 173 174 174 174
 175 175 176 175 175 174 175 175 175 176 176 176 177 178 178 177 178 179
 179 177 176 176 176 177 175 175 175 175 175 175 175 175 177 178 178 178
 178 178 179 179 180 180 180 179 178 178 179 179 179 179 179 178 177 176
 175  28]","[ 29  29 163 162 160 160 160 163 166 167 168 168 167 167 168 168 168 168
 168 169 169 169 169 170 172 172 171 172 172 172 172 171 171 171 172 172
 171 171 171 171 171 171 171 171 171 171 171 171 171 171 171 171 171 171
 171 171 171 171 171 172 172 172 170 168 167 167 169 170 170 169 167 166
 166 166 159 139 117  99  85  80  74  73  73  74  80 117 162 172 169 168
 168 168 156 128  99  83  83  81  81  81  80  80  88 126 173 172 170 172
 172 171 173 173 173 173 174 175 176 176 175 175 174 174 174 174 174 175
 175 175 174 174 174 172 170 170 171 172 173 174 174 174 174 175 175 174
 174 175 175 175 174 173 173 174 175 175 175 175 176 177 176 175 177 178
 178 177 176 176 176 175 174 174 174 175 175 175 175 175 176 177 178 177
 177 177 178 177 178 179 179 177 177 177 177 177 178 178 178 177 177 176
 175  28]","[ 29  29 162 162 160 161 160 162 166 167 167 167 167 167 168 168 168 168
 168 168 168 168 169 171 172 172 171 172 172 172 171 171 171 171 172 172
 171 171 171 171 171 171 171 171 171 171 171 171 171 171 170 171 171 172
 171 171 171 171 171 171 172 171 170 168 167 166 166 167 167 167 166 165
 162 163 155 137 119 102  90  84  76  75  73  74  83 122 165 168 167 168
 169 168 146 112  94  89  85  81  79  76  75  76  88 131 173 169 169 171
 171 170 174 174 173 173 174 175 176 176 175 174 175 175 175 174 174 174
 174 174 174 175 174 172 169 169 170 172 173 174 175 175 175 175 175 173
 174 175 176 175 174 173 173 174 173 173 174 175 177 178 177 176 176 176
 176 176 176 176 175 173 174 174 175 176 177 177 178 178 176 177 177 176
 176 177 177 176 175 176 177 176 176 176 176 176 176 176 177 176 176 176
 176  29]","[ 32  26 164 159 161 160 160 162 164 165 166 167 167 168 168 167 168 167
 168 168 167 169 170 170 170 171 172 171 171 172 171 169 170 169 172 172
 168 168 170 169 171 170 171 172 171 171 172 171 170 170 169 168 167 168
 169 169 168 170 171 171 171 171 169 168 167 164 166 167 165 167 168 165
 163 159 147 129 113 105  87  82  80  84  81  80  91 134 166 168 167 168
 169 170 143 114 102  95  88  86  81  76  76  78  91 142 173 168 171 171
 171 172 170 172 171 172 174 175 174 173 173 174 173 173 174 174 175 174
 173 172 174 173 173 172 170 169 169 170 172 173 174 173 173 173 173 174
 173 173 173 174 174 174 174 173 172 174 173 173 175 175 174 174 175 174
 175 176 175 175 175 174 174 174 174 175 176 177 176 176 175 176 177 177
 176 175 175 176 176 176 175 176 176 176 176 175 175 175 174 175 177 175
 174  29]","[ 29  28 163 163 161 159 160 161 164 165 165 165 165 166 166 166 166 166
 167 168 167 168 170 169 169 170 170 170 170 169 169 170 170 169 169 170
 168 170 171 169 170 170 171 172 171 172 173 172 170 169 169 170 170 169
 168 168 168 169 170 170 169 168 166 165 169 164 165 168 167 167 168 167
 163 162 145 126 105  99  90  82  81  81  80  79  96 136 166 163 164 163
 164 164 137 112  99  92  89  88  81  78  79  75  94 150 173 169 172 172
 171 172 169 171 173 171 170 171 173 174 172 171 173 173 174 175 176 176
 175 174 173 173 174 175 173 170 169 171 173 174 175 174 173 172 172 172
 172 172 173 174 174 174 173 173 172 173 172 172 174 174 174 175 176 175
 176 176 174 174 175 174 174 175 175 176 177 177 176 175 175 176 176 176
 175 174 175 175 175 175 175 176 176 176 175 174 175 175 174 174 176 174
 173  29]","[ 29  28 160 163 160 159 160 159 160 161 163 164 164 165 166 167 165 165
 166 167 165 165 167 166 166 166 167 168 168 166 167 168 168 167 167 167
 166 168 169 168 168 170 170 169 169 171 172 171 172 170 168 168 168 166
 166 167 168 169 170 170 170 170 169 168 166 163 164 166 166 168 168 167
 160 162 144 130 108 101  92  78  80  78  80  76  96 138 170 166 166 163
 164 153 122 103  93  89  85  84  80  81  81  71  98 154 170 167 170 170
 170 171 171 173 171 171 172 174 174 173 172 172 172 172 173 174 175 175
 174 174 176 175 174 173 171 169 170 173 170 171 173 172 172 172 172 172
 171 172 173 174 174 174 173 173 173 173 172 172 173 173 173 176 175 174
 175 175 173 174 176 175 176 176 176 177 177 177 177 176 176 176 176 176
 176 175 175 175 173 174 175 175 175 175 174 173 174 174 173 173 175 174
 173  29]","[ 31  29 159 160 159 160 160 158 160 161 162 163 163 162 161 161 163 162
 163 165 165 167 169 168 167 167 168 168 168 167 167 166 166 167 169 168
 166 166 168 168 166 168 167 165 166 168 168 168 167 167 166 166 166 166
 167 167 166 167 168 167 167 166 166 164 165 166 166 164 164 166 165 161
 162 159 143 128 114 101  88  78  78  77  78  75  96 141 170 164 163 164
 164 141 105  92  86  85  83  80  78  78  77  77 120 166 171 168 168 168
 166 167 170 171 168 169 171 172 171 170 171 172 172 172 172 173 173 173
 173 173 174 172 172 172 170 167 169 172 172 173 173 173 171 171 171 171
 171 171 171 172 173 173 173 172 172 172 172 172 173 172 172 174 173 173
 174 174 173 174 176 176 175 175 175 175 175 175 175 175 174 174 174 174
 174 174 174 173 173 174 175 175 174 173 173 173 174 174 173 173 175 174
 174  30]","[ 29  26 159 156 158 158 155 155 157 157 158 160 161 161 162 163 166 163
 162 163 164 166 167 165 165 166 165 162 163 167 167 164 164 166 167 167
 167 167 166 166 165 168 166 163 165 166 165 166 164 167 169 167 166 166
 165 163 164 165 165 165 166 166 166 165 161 161 162 163 164 164 163 164
 161 157 146 128 118  95  78  81  77  76  75  76 100 149 167 160 160 164
 157 126  92  87  83  82  81  77  79  79  77  92 141 168 167 165 165 166
 164 165 169 169 170 168 167 167 167 168 170 171 172 171 170 170 171 172
 172 172 171 171 172 173 171 170 169 170 170 171 171 170 169 169 169 169
 171 170 169 169 171 172 172 171 171 172 171 172 173 172 170 172 171 171
 173 174 173 174 176 175 176 175 175 174 174 174 175 175 173 173 173 174
 174 174 174 173 174 174 174 174 173 172 172 172 172 173 173 173 175 174
 174  29]","[ 30  32 157 154 155 155 150 152 153 151 151 154 157 160 163 167 165 162
 161 162 162 163 163 161 169 170 167 162 163 167 168 165 166 167 167 168
 171 171 168 167 166 167 164 163 167 166 165 167 167 168 168 165 163 163
 164 164 165 166 166 165 165 166 165 165 167 163 160 163 163 159 162 171
 182 182 181 167 150 113  80  76  75  76  74  78 104 151 167 167 166 165
 143 106  81  83  82  79  76  73  77  78  80 110 155 167 163 164 164 166
 165 165 167 164 166 167 169 170 168 167 167 169 170 169 168 168 169 170
 171 172 173 172 170 168 167 168 168 168 169 170 171 170 169 168 168 168
 171 169 168 168 170 171 172 171 171 172 172 171 173 173 171 171 170 170
 171 172 172 173 174 173 174 174 173 173 173 173 173 174 172 172 172 173
 173 173 173 172 173 173 172 172 171 171 171 171 171 172 172 173 174 173
 173  28]","[ 28  30 128 128 127 129 125 127 130 127 124 125 126 127 129 131 130 129
 131 134 135 136 136 134 129 133 136 137 142 150 154 154 150 152 151 150
 154 154 152 152 156 157 154 155 160 159 156 160 157 155 154 155 156 156
 158 161 159 159 157 155 153 152 151 150 143 142 141 146 155 163 178 195
 206 200 192 189 172 143 102  78  73  73  75  78 102 134 147 157 157 153
 121  89  75  78  77  75  74  71  71  74  82 119 157 165 168 169 168 170
 167 164 164 159 160 164 168 170 168 165 165 166 170 170 170 170 171 172
 172 172 172 172 170 166 166 170 172 170 170 171 172 171 169 168 167 166
 168 168 167 168 169 170 171 172 170 172 170 168 171 173 173 171 171 169
 170 171 172 174 175 173 172 172 173 173 172 172 173 173 172 172 171 171
 171 171 171 171 172 172 172 172 172 172 172 171 171 172 172 173 174 173
 173  28]","[ 30  29 102 104 101 108 106 106 112 108 105 104 104 102 102 103 103 104
 107 108 106 105 103 101 103 106 110 110 110 109 108 107 109 114 114 111
 110 109 110 115 115 114 111 114 121 119 116 121 120 115 116 122 122 117
 114 116 115 116 116 115 115 116 116 115 114 118 118 119 133 153 176 195
 192 171 143 150 147 150 123  90  73  71  73  75  98 112 114 123 130 130
 101  80  75  76  73  71  70  72  73  78  86 115 132 135 141 142 142 144
 144 142 143 138 140 139 139 140 143 144 144 144 147 147 147 147 148 148
 148 147 145 149 151 151 154 160 159 155 154 157 161 163 165 166 166 166
 164 165 166 166 167 168 169 171 168 170 167 164 167 172 172 171 173 170
 171 172 173 176 177 176 177 178 179 180 180 179 179 179 178 177 176 175
 174 175 175 176 173 173 174 175 176 176 175 174 172 173 173 173 174 173
 174  29]","[ 29  29 103 105 107 108 107 106 105 106 107 108 107 106 105 106 105 105
 105 105 107 109 109 107 108 108 109 108 107 104 103 103 107 106 106 106
 105 105 107 109 113 110 106 105 106 107 106 105 104 105 106 106 105 104
 105 107 107 105 103 101 100 103 105 104 104 110 110 107 131 153 159 154
 137 116 102 106 110 119 119  90  68  70  70  72  96 104 104 117 130 112
  85  73  73  71  71  72  71  72  73  80  91 103 111 108 110 110 111 112
 113 112 111 110 111 112 111 110 109 110 112 113 116 115 115 116 116 115
 117 120 116 119 123 125 123 119 118 119 122 124 125 123 121 121 123 125
 125 127 128 128 126 125 126 128 129 129 127 124 126 131 132 130 132 131
 131 132 134 135 136 136 138 139 141 143 143 144 145 146 147 146 150 156
 160 159 160 162 160 160 161 161 161 161 160 159 159 162 159 164 162 167
 164  32]","[ 29  30 103 106 107 107 106 105 105 106 107 108 107 105 105 106 106 106
 105 104 105 107 108 107 107 107 108 108 107 105 104 105 106 105 105 106
 107 107 108 109 110 108 106 106 107 107 106 105 106 107 108 108 106 104
 104 105 106 104 104 106 107 108 108 107 109 108 107 115 144 155 138 114
  97  86  83  93  97 105 111  92  71  72  72  74  94 106 114 123 123  96
  78  70  68  68  67  69  69  71  72  80  94 105 111 109 111 112 113 114
 115 115 114 114 116 116 116 115 114 115 116 117 116 116 117 118 118 116
 116 118 115 115 117 120 120 118 119 122 119 119 119 117 116 117 117 118
 117 117 118 117 116 115 115 116 119 120 119 116 115 116 115 113 115 115
 116 117 118 118 118 118 117 118 119 118 117 116 116 117 116 115 115 118
 118 117 117 118 117 117 117 117 117 117 116 116 116 119 114 115 113 116
 125  23]","[ 29  30 103 106 107 107 105 104 105 106 107 107 106 105 105 105 107 106
 105 104 105 106 107 108 106 106 106 106 106 106 105 105 106 104 104 105
 107 108 108 108 108 106 105 106 107 107 106 105 105 105 106 106 106 105
 105 106 106 104 105 107 108 106 106 107 110 105 110 127 147 137 111  91
  82  80  81  92  95  99 106  99  75  70  71  76  99 118 125 120 105  79
  73  70  65  65  62  66  69  72  72  83  99 107 110 111 111 111 112 113
 114 115 115 115 114 115 115 114 113 114 114 114 115 116 116 117 117 116
 115 115 116 115 114 116 117 117 118 119 120 120 118 118 118 119 119 118
 120 120 120 119 118 117 117 117 117 119 122 122 122 121 121 120 120 121
 122 123 123 122 122 122 123 123 124 123 122 121 121 121 123 122 121 120
 120 120 121 122 121 121 121 122 121 121 121 121 120 124 120 121 121 118
 120  32]","[ 29  29 103 105 106 106 105 104 105 106 107 108 107 105 104 104 105 105
 106 106 105 106 106 107 107 105 105 105 106 106 106 106 107 105 104 104
 106 107 107 108 106 105 105 106 107 107 106 105 104 103 103 104 104 105
 106 107 105 106 106 106 106 105 106 108 113 106 113 136 146 124 102  96
  89  88  86  90  94  96 102 101  79  64  69  76  97 119 120 108  85  67
  63  61  59  62  63  68  70  73  74  87 103 108 109 111 110 111 111 112
 112 112 112 113 114 114 114 114 114 114 114 113 115 114 114 115 115 115
 115 116 117 116 115 116 117 117 116 116 119 119 118 118 120 121 121 121
 119 119 119 119 118 118 117 117 115 117 120 122 122 119 118 118 119 121
 122 122 122 121 120 120 121 122 122 122 122 122 123 123 119 120 118 116
 115 118 121 122 122 122 122 123 122 122 122 123 121 123 121 119 122 123
 120  30]","[ 29  30 103 105 105 105 105 104 105 105 107 108 107 105 104 104 103 104
 105 105 105 105 105 106 108 107 106 106 107 107 107 107 107 106 106 106
 107 106 107 107 106 105 105 105 106 106 105 105 106 105 104 105 105 104
 105 105 104 106 106 106 109 109 108 108 100 114 131 151 148 126 105  94
  97  97  93  93  98 103 109 112  92  64  68  69  75  86  82  81  68  64
  59  59  63  64  63  63  69  73  76  91 106 108 108 110 110 111 111 111
 111 111 111 112 115 115 115 115 115 115 115 114 114 114 115 115 115 116
 116 116 115 115 115 116 117 117 118 118 118 118 119 119 119 121 121 121
 120 119 119 119 119 119 119 119 119 119 120 122 122 120 118 118 119 121
 122 122 121 121 121 122 121 121 121 121 121 121 121 122 120 120 118 115
 114 117 120 120 121 122 122 122 121 121 121 121 122 122 123 120 119 123
 122  31]","[ 30  30 103 105 104 104 104 104 105 105 106 107 107 105 104 103 104 104
 104 104 104 104 106 107 108 107 106 106 107 107 106 106 104 105 107 108
 107 106 105 105 105 105 105 105 105 105 105 105 105 105 105 106 106 105
 104 103 104 106 104 104 108 107 104 106 121 159 186 195 184 166 138 106
  97  99  97  95  99 105 112 118 109  69  67  69  72  73  69  76  69  70
  63  61  63  61  62  64  69  75  81  96 108 109 109 111 111 111 112 112
 111 111 111 112 112 113 113 112 112 113 113 112 113 115 116 116 116 116
 116 115 116 115 115 115 116 117 118 118 119 120 120 120 119 120 120 119
 118 118 118 118 118 118 118 117 119 117 117 119 121 121 121 120 119 121
 122 122 121 121 122 122 122 122 122 121 121 121 122 122 122 122 120 117
 117 119 120 121 121 121 121 121 120 119 119 120 122 119 123 125 121 121
 120  27]","[ 29  30 104 105 104 104 104 103 105 105 105 106 106 105 104 104 105 104
 105 106 106 105 106 107 107 106 105 105 106 105 104 104 103 104 105 107
 106 105 104 104 104 105 105 105 105 105 105 105 104 104 104 105 105 104
 103 103 105 106 104 104 105 103 110 123 164 189 195 192 181 174 151 116
 101  99  99  99 101 104 110 118 122  81  59  58  67  69  67  65  66  57
  56  61  65  64  62  63  70  77  87 102 110 109 110 111 110 111 112 112
 111 110 111 111 112 112 111 111 111 112 112 111 113 115 116 115 115 115
 115 114 116 116 115 115 115 117 117 116 118 118 118 118 118 118 117 116
 120 120 119 119 119 119 119 119 121 119 118 118 119 120 119 118 118 119
 120 120 120 120 120 121 120 120 119 119 119 120 121 121 122 122 121 120
 120 122 122 122 121 122 122 121 120 120 120 121 123 121 119 121 121 121
 122  31]","[ 29  29 103 105 105 105 104 104 105 105 104 105 105 104 104 104 103 103
 105 107 107 106 104 105 106 105 105 105 106 105 104 104 106 105 105 105
 105 105 105 105 104 104 105 105 105 105 105 105 106 105 104 103 102 102
 103 104 103 106 106 106 105 107 127 157 174 175 156 137 118 118 122 116
 102  96  95  97 101 103 107 115 122  95  71  82 120 153 174 171 152 106
  78  65  61  64  63  66  71  78  91 105 109 108 110 109 111 112 113 112
 111 110 110 111 111 110 110 110 110 111 111 110 114 115 115 114 113 114
 115 115 114 114 114 115 117 119 118 116 117 117 117 118 119 119 118 117
 118 118 118 118 118 118 118 119 119 119 119 118 119 120 120 118 118 119
 121 121 121 121 121 121 122 122 121 120 120 121 122 122 122 121 121 121
 122 122 122 121 120 121 121 121 120 120 121 122 119 126 123 122 122 121
 121  29]","[ 29  30 105 105 104 105 103 104 105 104 104 104 105 104 104 104 104 104
 104 105 105 105 104 104 105 105 105 105 105 104 104 105 104 104 104 105
 105 105 105 104 103 103 104 105 106 105 105 105 104 103 102 102 102 102
 103 104 105 105 107 106  98 125 156 162 158 137 110  93  92 100 105 104
  96  90  89  90  91  97 105 113 122 105 108 151 181 203 204 200 195 182
 153 122  84  65  63  68  74  80 100 108 107 111 112 111 110 112 115 114
 112 112 113 111 111 111 111 111 111 112 113 113 114 114 114 113 113 114
 115 115 115 114 113 113 115 117 117 117 116 116 116 117 119 119 119 118
 118 117 116 117 118 119 119 119 119 119 119 119 118 118 118 119 118 119
 121 121 121 121 121 121 123 121 119 119 121 122 122 121 122 120 119 120
 122 122 121 120 121 120 121 121 119 120 122 122 120 120 119 120 120 121
 121  28]","[ 29  30 105 104 104 105 104 104 105 104 103 104 104 103 103 103 103 103
 103 104 104 105 105 104 102 103 103 104 104 104 104 105 104 104 104 104
 104 104 104 104 103 103 103 104 104 104 104 105 105 103 103 103 103 103
 105 106 105 108 106 103 118 150 168 160 135 106  85  82  87  95 103 102
  92  82  83  86  90  95  97 101 116 130 156 196 206 198 185 188 177 182
 187 179 156 114  80  65  70  82 105 111 105 106 109 112 112 111 111 111
 112 112 113 114 112 112 112 112 112 113 113 114 113 113 113 113 114 115
 115 114 115 114 114 115 116 117 117 116 116 116 116 117 118 119 119 118
 118 117 117 117 119 119 119 119 118 118 119 119 118 118 118 118 118 119
 121 122 122 122 122 122 122 120 119 119 119 119 119 119 121 119 118 119
 120 120 120 120 119 119 121 122 121 121 121 119 118 119 118 119 120 121
 121  29]","[ 29  29 104 103 103 105 104 105 104 103 103 103 104 103 103 103 103 102
 102 102 103 104 104 105 102 102 103 104 104 103 104 105 104 104 104 104
 104 103 104 104 104 104 104 104 104 103 104 105 103 102 101 102 102 103
 105 106 105 109 109 114 146 167 161 140 115  91  82  87  86  89  97  97
  93  79  81  85  85  85  85  96 124 176 203 204 197 192 161 135 125 119
 148 167 180 173 150 109  89  91 101 107 109 114 113 108 110 112 112 112
 111 109 109 112 112 112 111 111 111 112 112 113 113 113 113 114 116 116
 115 113 114 114 114 115 116 117 116 115 115 115 115 116 118 118 118 118
 118 117 117 118 118 119 119 118 117 118 118 119 118 118 118 118 118 119
 120 121 121 121 121 121 120 119 119 118 118 117 118 118 120 119 118 118
 118 118 118 119 117 117 120 122 121 121 120 118 118 118 118 119 119 121
 121  29]","[ 28  29 104 103 102 104 103 104 104 103 102 103 103 102 102 102 103 103
 102 102 102 103 104 104 102 102 103 103 103 102 103 103 104 104 104 103
 103 103 103 104 104 104 104 104 103 103 103 104 102 101 101 101 102 103
 104 105 104 105 113 132 157 151 126 109  97  85  81  81  79  85  97 102
 100  81  81  82  79  83 100 131 187 206 203 186 172 159 130 113  95  91
 106 113 146 168 173 166 137 116 106 112 115 110 108 110 108 110 110 110
 111 110 110 112 110 110 109 109 110 110 111 112 112 113 113 114 115 115
 114 113 113 113 114 115 115 115 115 114 114 114 114 115 116 117 117 117
 118 117 117 117 118 118 117 116 117 117 118 118 118 118 118 118 118 118
 119 119 119 118 118 118 118 117 117 118 118 118 118 118 120 119 118 118
 118 117 117 118 118 117 117 118 118 118 119 117 118 118 118 119 119 120
 120  29]","[ 28  29 104 104 103 104 102 103 103 102 101 102 102 101 101 101 103 102
 101 101 101 102 103 104 102 102 102 102 102 101 101 102 103 103 103 103
 102 102 103 103 101 101 102 103 103 102 102 103 102 101 102 103 103 103
 104 104 108 109 125 146 145 120  91  89  83  81  78  79  83  87  92 100
  99  82  78  76  84 114 160 208 223 221 204 173 147 128 101  85  80  79
  86  87 108 125 144 169 178 165 140 115 105 109 112 108 111 111 109 108
 110 111 111 110 109 109 109 109 109 110 111 112 112 113 114 114 113 113
 113 113 114 114 114 114 114 114 114 114 114 114 114 114 115 116 116 116
 117 117 116 117 118 118 117 116 117 117 117 117 117 117 118 118 118 117
 117 117 117 117 118 118 116 116 115 117 118 117 117 117 118 118 117 117
 117 116 116 117 119 117 116 116 116 117 118 118 120 119 118 119 118 119
 119  29]","[ 29  30 105 104 103 104 102 102 103 102 102 102 102 102 102 102 101 101
 101 100 100 101 102 103 101 101 102 102 102 101 101 102 102 102 102 102
 102 102 102 102 100  99 100 102 102 102 102 102 102 102 102 103 103 103
 103 103 107 117 134 140 117  86  62  67  70  72  72  76  80  78  84 100
 114 112 123 146 180 213 231 236 226 209 187 153 118  96  79  74  78  75
  79  82  91 104 117 132 153 167 175 169 145 118 107 106 109 109 112 112
 109 108 110 109 110 109 109 109 110 111 112 113 112 114 115 114 113 113
 114 114 115 114 114 114 114 114 114 115 114 114 114 114 115 116 116 116
 117 117 116 116 117 117 117 116 116 116 116 116 116 116 117 118 117 117
 116 117 117 118 119 119 118 116 116 117 117 117 116 116 117 116 116 117
 116 115 115 116 118 117 117 117 116 117 118 117 120 119 117 118 118 117
 118  28]","[ 29  30 104 103 102 103 101 101 103 102 102 102 103 102 102 102 101 100
 100  99  99  99 100 101 100 100 101 102 102 101 102 103 101 101 101 101
 101 101 101 101 100  99  99 100 101 101 100 100 101 101 101 102 102 101
 101 102 117 133 142 122  94  70  53  59  66  66  68  71  74  86 120 158
 193 208 224 237 244 244 236 220 195 184 166 129  99  83  69  65  62  71
  68  66  78  86  91 105 119 138 155 172 179 166 141 117 111 105 109 114
 110 109 112 112 110 110 110 110 110 111 111 112 112 113 114 113 113 113
 114 114 115 114 114 114 114 114 114 114 114 114 114 114 114 114 115 115
 117 116 115 115 116 117 116 116 115 115 115 115 115 115 116 117 116 116
 116 117 118 118 118 118 118 117 117 117 117 116 116 116 116 115 116 117
 117 116 115 115 116 116 117 118 117 117 118 117 118 117 116 117 117 117
 118  29]","[ 29  29 103 102 101 102 100 100 101 101 100 101 102 101 101 101 100 100
 100  98  98  98  98  99 100 100 100 101 101 101 101 102 100 100 100 100
 101 101 100 100 102 100  98  98  99  98  97  97 101 100 100 101 101 101
 101 102 122 137 133  93  70  56  47  55  56  57  63  68  74 105 164 213
 237 244 242 241 234 223 214 197 181 170 149 108  81  69  57  58  63  61
  64  66  65  65  76  80  93 113 129 150 173 183 178 161 134 111 104 110
 110 110 112 108 110 109 109 109 109 109 110 110 111 111 112 112 112 113
 113 113 114 114 114 114 114 114 114 114 113 113 113 113 113 113 114 114
 116 115 114 114 115 116 116 115 114 114 115 115 115 115 115 115 115 115
 115 116 117 117 117 116 117 117 117 116 115 114 115 116 116 116 116 117
 118 117 115 115 115 115 116 117 116 116 118 118 116 115 114 116 116 116
 118  30]","[ 28  30 102 102 102 100  99  99  99  98  98  98  98  99 100 101 100  97
  96  96  97  97  97  99  99  99  98  98  98  98  99  99  99 100 100 100
  99  99  99  98 100  99  98  98  98  98  97  97 100 100  99  96  99  99
 100 115 129 129 104  68  59  53  48  48  49  52  60  60  67 104 157 189
 210 214 205 197 179 159 163 172 177 154 115  75  62  59  57  59  54  56
  60  62  60  60  65  72  80  93 111 128 144 160 173 181 173 150 119 105
 109 110 107 109 110 110 109 108 108 109 110 111 109 109 110 111 112 113
 113 112 111 113 115 115 114 114 114 114 112 113 113 114 113 113 114 114
 113 114 114 113 113 114 114 114 113 114 114 114 114 115 115 115 115 115
 115 115 116 116 117 116 116 116 116 116 116 115 115 115 116 117 117 117
 116 116 116 116 115 116 116 115 114 115 115 115 116 116 115 116 117 117
 118  29]","[ 29  29 100 100  99  98  97  98  97  97  97  97  97  97  97  97  97  96
  95  96  96  96  96  97  97  97  97  97  97  97  98  98  98  98  98  98
  97  97  97  97  98  97  97  97  97  98  98  97  98  98  98  97  98  99
 106 122 131 110  78  55  56  49  42  43  45  49  56  56  58  83 120 139
 142 154 148 136 127 130 146 152 134  99  71  57  61  58  52  55  52  52
  54  57  58  59  62  65  69  78  92 111 128 143 153 158 167 167 147 117
 104 108 110 108 110 109 109 108 108 109 109 110 109 109 109 110 111 111
 111 111 112 113 114 113 112 112 112 112 113 113 113 113 113 112 112 113
 112 113 113 112 113 114 115 114 114 114 114 113 113 114 115 115 114 114
 114 114 115 115 115 115 115 115 115 115 115 115 115 115 116 116 115 115
 115 115 115 115 116 116 116 115 114 115 116 116 115 115 114 115 117 117
 117  29]","[ 29  29 100  98  98  97  96  98  97  97  98  98  98  97  97  97  96  96
  96  97  97  96  96  96  97  96  96  97  97  97  97  98  98  98  98  97
  96  97  97  98  97  97  97  97  98  98  99  99  97  98  97  98  97 100
 117 133 131 112  81  53  45  39  38  39  40  44  53  54  53  67  85  90
  78  80  80  91 105 113 112  98  73  56  57  55  58  56  52  54  49  50
  51  53  54  54  56  59  66  71  81  94 107 116 123 128 140 156 159 138
 116 110 111 108 110 109 109 109 109 109 109 109 109 110 110 111 111 111
 111 112 113 114 114 112 111 111 112 112 113 113 112 112 112 112 112 112
 111 112 112 112 113 114 115 115 115 115 114 113 113 114 114 114 114 113
 113 113 114 114 115 114 114 114 115 115 116 116 116 116 116 115 114 114
 114 115 114 114 117 117 116 115 114 115 116 116 115 116 115 116 117 117
 117  29]","[ 29  29  99  97  97  97  96  98  97  97  98  98  98  98  98  97  96  97
  97  97  97  96  96  96  97  97  97  97  97  97  97  97  97  98  98  97
  96  96  97  97  97  97  97  97  97  98  98  99  97  98  96  97  96 103
 124 135 131 122 101  69  50  40  38  34  35  40  48  51  52  59  65  64
  64  55  51  62  68  66  62  53  48  45  51  49  48  50  53  46  43  44
  46  47  47  47  50  52  56  60  69  76  80  84  91  99 116 132 150 146
 123 108 108 109 109 109 108 109 109 109 109 108 109 109 110 111 111 111
 112 112 112 113 113 112 111 111 112 112 112 111 111 111 112 113 113 113
 113 113 113 114 114 114 115 115 115 115 113 112 112 113 114 114 114 113
 113 113 114 114 114 114 114 114 115 116 116 116 116 116 115 114 113 113
 113 114 114 114 116 116 115 114 114 115 116 116 115 116 115 116 116 116
 117  29]","[ 28  28  98  96  97  97  96  97  96  96  96  96  96  96  96  96  95  96
  96  96  96  96  96  96  97  97  96  96  96  96  96  96  95  96  97  96
  96  95  95  94  96  96  96  95  95  96  96  97  96  98  96  97  96 105
 122 125 115  99  79  60  50  41  38  34  33  36  42  47  48  50  51  47
  45  47  52  56  52  48  49  47  49  48  48  50  49  46  50  40  38  37
  37  40  44  46  48  48  55  61  69  74  73  73  79  87  92 108 132 138
 122 110 109 108 107 107 107 108 109 109 108 108 107 107 108 109 109 110
 110 111 111 111 112 111 111 111 111 110 110 110 110 110 112 113 114 114
 114 113 114 114 114 114 114 114 114 114 112 111 112 113 114 114 114 113
 113 113 114 114 114 114 114 114 115 116 116 115 115 115 114 114 114 114
 113 113 114 114 114 115 114 114 114 114 115 114 115 116 116 116 115 115
 116  28]","[ 29  28  97  96  96  96  96  97  95  94  94  93  93  93  94  94  94  95
  95  95  96  97  97  97  97  97  96  96  96  96  96  96  95  96  96  96
  96  96  95  94  95  95  95  94  94  95  96  97  97  98  98  98  98 106
 116 114 108  91  74  58  52  43  40  37  33  33  38  43  45  44  42  39
  41  41  44  46  45  43  42  40  39  43  43  46  52  48  44  32  30  31
  32  34  36  40  44  47  55  59  66  71  73  74  77  82  77  85 104 118
 117 112 109 105 105 105 106 107 108 108 108 107 106 106 107 108 108 109
 109 110 110 111 111 111 111 111 110 109 109 110 110 111 112 112 113 113
 112 112 112 113 113 113 113 114 114 113 112 111 112 114 115 114 114 113
 113 113 113 114 113 113 114 114 114 115 115 114 114 113 114 115 115 114
 113 113 114 115 114 114 114 113 114 114 114 113 115 117 116 116 115 114
 115  28]","[ 30  29  97  94  95  95  95  96  94  94  93  93  93  93  94  94  94  95
  95  95  95  97  97  96  97  96  96  95  95  95  96  96  97  96  95  94
  95  96  95  94  95  95  95  94  94  95  96  97  97  96  98  99 101 108
 113 116 120 119 111  90  74  56  44  36  33  30  33  40  44  43  40  40
  36  35  37  40  41  37  33  36  39  39  36  38  64  72  50  29  22  27
  31  33  35  40  49  56  60  62  65  69  72  76  79  81  81  74  80  95
 104 106 107 107 105 106 107 108 108 108 108 108 107 107 107 108 109 109
 109 109 109 110 111 111 111 111 111 110 109 110 111 111 111 111 111 111
 111 110 111 112 113 112 113 114 113 113 112 111 112 114 114 114 114 113
 113 113 113 114 113 113 114 114 114 114 114 114 113 113 114 114 115 114
 114 114 114 114 114 114 114 113 113 114 114 114 114 116 116 116 115 114
 116  29]","[ 30  28  95  92  92  93  93  95  94  93  93  93  93  94  94  95  94  95
  95  94  94  95  95  93  95  95  94  93  93  94  95  96  95  94  91  90
  91  93  93  93  95  95  95  95  94  95  96  97  97  94  97  97 101 108
 114 123 121 123 116  94  76  55  41  35  32  27  28  36  42  41  39  41
  36  34  30  26  29  30  29  33  30  28  34  40  77  84  45  24  27  31
  36  40  47  57  67  74  76  75  71  68  67  69  71  72  73  70  75  87
  98 105 108 107 107 107 108 109 108 108 108 109 108 108 108 108 109 109
 109 109 107 108 109 109 110 111 111 111 109 110 111 111 111 110 110 110
 110 110 110 112 112 112 112 113 113 113 112 112 113 114 114 113 114 114
 113 113 114 114 114 113 114 114 114 114 114 114 114 114 114 114 114 114
 115 115 114 113 115 115 114 113 113 115 115 115 113 115 115 115 114 113
 115  28]","[ 29  32  92  90  89  91  93  93  90  91  93  94  93  93  94  95  95  95
  94  94  94  93  93  93  92  92  93  94  94  94  94  94  94  90  88  90
  92  93  93  93  94  95  95  94  95  96  96  94  95  94  95  98  99 103
 112 122 121 116 104  79  58  41  35  30  26  22  26  34  39  42  40  41
  37  34  29  24  24  26  28  27  25  27  29  38  76  76  41  24  32  36
  43  52  60  66  72  76  75  75  74  74  70  66  64  64  68  71  73  79
  91 101 105 107 107 107 108 109 109 108 107 107 109 109 109 109 109 109
 108 107 107 108 109 110 110 110 110 110 109 109 110 110 109 109 110 110
 110 111 111 110 111 111 111 111 111 111 111 111 111 111 113 114 114 113
 112 111 111 112 113 113 114 113 112 112 113 114 114 114 114 114 114 114
 113 112 112 113 114 114 114 113 114 114 114 113 114 112 113 113 113 113
 113  29]","[ 28  30  90  89  88  90  91  91  91  92  93  94  93  93  93  94  94  94
  93  92  91  90  90  90  91  92  93  94  94  94  93  93  93  91  90  91
  92  93  93  95  94  95  95  94  94  96  97  96  96  95  94  94  94  99
 109 119 116 106  94  78  68  54  43  34  31  27  28  31  36  42  40  38
  38  33  26  23  22  23  25  26  24  26  25  25  47  49  32  30  34  40
  48  56  62  66  70  72  71  68  66  67  67  67  66  66  65  68  73  82
  94 102 104 106 106 106 107 108 108 106 106 106 108 108 108 108 108 108
 107 106 107 108 109 109 109 109 109 109 109 109 109 109 109 109 109 110
 109 109 110 110 111 112 112 111 111 111 111 111 111 111 112 113 113 113
 112 112 112 112 113 113 114 113 112 112 112 113 114 114 112 113 113 113
 112 111 111 112 114 114 114 113 113 114 114 113 113 112 113 114 114 114
 113  28]","[ 29  30  90  89  89  90  90  90  91  91  91  92  92  92  91  90  91  90
  90  89  90  90  91  91  90  91  93  93  93  92  91  91  91  91  90  91
  91  91  92  93  92  93  94  94  94  95  95  95  92  93  92  91  91  96
 105 112 107 105 109 111 113 100  79  60  41  31  27  28  34  41  40  39
  37  31  26  24  23  22  23  26  29  28  27  23  35  37  31  35  37  44
  53  59  63  65  66  66  67  63  60  59  60  61  62  64  65  68  73  83
  95 101 103 105 105 105 106 107 107 105 104 104 108 107 106 107 108 108
 107 106 106 107 109 109 108 107 108 108 108 109 109 109 108 108 109 109
 108 109 109 109 110 111 111 110 110 110 111 112 112 111 111 111 112 112
 112 112 112 112 112 112 113 112 111 111 111 112 113 114 112 112 113 113
 113 112 112 112 113 113 113 112 113 114 114 113 113 113 114 114 114 114
 114  29]","[ 30  30  90  90  90  90  91  90  90  89  89  89  91  91  89  88  88  88
  88  88  89  90  91  92  89  90  91  92  91  90  90  90  90  90  90  90
  90  89  89  89  90  92  94  95  94  94  92  91  90  92  93  91  91  94
  98 101 107 108 110 109 112 104  91  77  59  39  28  28  33  37  38  42
  36  32  28  26  24  23  24  27  26  23  23  23  29  31  28  32  42  49
  57  60  63  65  64  63  64  62  60  58  56  56  60  64  70  71  76  85
  96 100 102 105 105 105 106 107 106 105 104 104 107 106 106 107 108 108
 107 106 105 106 107 107 106 106 107 108 108 109 109 109 109 108 108 108
 109 109 109 109 110 110 110 108 110 110 111 112 111 110 110 111 111 111
 111 111 111 111 112 112 112 111 111 110 110 111 112 112 112 112 112 113
 113 113 112 112 111 111 111 111 111 113 113 113 114 113 114 114 114 114
 114  30]","[ 29  29  88  88  88  89  90  89  90  89  88  89  91  91  90  88  89  89
  89  88  89  89  89  89  89  90  90  90  89  88  89  90  90  90  91  91
  91  90  89  87  90  92  94  95  95  94  93  92  93  95  95  93  92  93
  91  89  87  95 104 105 109 106 100  89  74  51  34  29  30  33  35  41
  37  36  32  25  21  21  24  26  27  25  24  25  26  30  35  43  49  54
  58  60  62  65  65  63  62  62  61  60  59  60  64  68  73  75  80  89
  99 102 103 106 105 105 105 106 106 104 104 104 106 105 106 106 107 107
 106 105 104 106 107 106 105 105 106 107 107 108 109 110 109 108 108 107
 109 109 109 109 109 109 109 108 111 111 111 111 111 110 110 111 110 110
 110 109 110 110 111 111 111 111 111 111 111 111 111 111 111 111 111 112
 112 112 111 112 111 111 111 110 111 112 112 112 113 112 113 112 112 112
 113  29]","[ 29  29  88  88  87  88  88  88  89  88  88  89  91  91  90  89  89  89
  89  89  89  89  88  88  89  89  89  88  88  88  89  89  90  91  92  92
  92  91  90  89  90  91  92  93  93  93  94  95  93  94  93  91  91  90
  89  86  89  96 105 105 109 107 102  93  81  64  47  33  28  31  33  36
  39  38  33  24  18  19  22  25  26  24  22  24  25  32  40  49  54  56
  58  59  61  64  65  63  62  60  59  60  63  65  67  68  72  76  83  93
 101 103 104 106 104 104 104 105 105 104 103 104 104 105 105 105 106 105
 105 104 105 106 106 106 105 104 105 106 105 107 108 109 109 108 107 107
 108 109 109 108 108 109 109 109 111 110 110 110 110 109 110 111 110 109
 109 109 109 110 110 111 110 111 111 112 111 111 111 112 111 111 111 112
 111 111 111 112 112 112 112 111 112 112 112 111 112 111 111 111 110 111
 112  29]","[ 29  29  88  88  87  86  86  87  87  87  88  88  89  90  89  89  89  89
  89  89  89  89  90  90  89  89  89  88  88  88  89  89  91  92  93  91
  90  90  90  90  89  89  89  90  90  90  92  95  91  91  90  89  89  89
  89  89  92  96 104 108 114 111 106  99  90  79  66  47  33  29  29  31
  36  35  30  23  18  17  20  22  24  24  21  28  34  43  47  51  56  57
  58  60  61  62  62  63  62  60  58  60  63  65  67  68  71  78  86  94
 101 103 103 104 104 104 104 104 104 104 104 104 105 105 105 104 104 104
 104 105 105 105 106 105 105 105 105 106 106 107 107 108 107 106 106 106
 107 108 108 108 107 108 110 110 110 109 109 110 109 109 110 111 109 109
 109 109 109 109 110 110 109 110 111 111 111 111 111 112 111 111 112 112
 111 110 110 111 111 112 112 112 112 113 112 111 111 110 111 111 110 110
 112  28]","[ 29  29  88  89  87  85  85  85  86  87  88  88  89  89  89  89  89  89
  88  88  87  88  88  89  89  89  89  89  89  89  89  89  91  93  93  90
  87  88  89  90  87  88  89  90  90  89  90  92  92  92  91  90  89  88
  90  91  96  96 101 106 113 112 113 111 103  93  83  64  41  26  23  28
  30  28  25  23  20  17  17  19  20  24  23  33  40  49  52  54  57  58
  60  61  61  60  61  62  62  61  61  62  63  65  69  72  74  82  89  95
 101 103 103 103 105 104 104 104 104 104 105 105 106 105 105 104 103 104
 105 106 105 105 105 105 105 105 106 106 107 107 107 106 105 105 104 104
 107 108 108 107 107 108 110 111 109 109 109 109 109 109 109 110 109 109
 109 109 110 110 110 110 108 109 109 109 109 110 110 111 109 110 111 112
 111 109 109 110 109 110 111 111 112 113 112 111 111 111 112 112 111 111
 112  29]","[ 29  30  86  86  87  84  85  87  86  86  86  86  86  86  87  88  88  88
  87  86  86  87  88  88  88  88  87  87  88  89  89  89  89  90  89  89
  89  90  89  87  87  88  89  89  89  89  90  90  92  90  90  90  89  90
  91  90  91  96 102 107 113 117 118 116 109  97  90  81  60  39  28  22
  25  21  22  23  22  19  17  19  21  25  31  39  46  50  53  56  57  58
  59  61  62  62  62  61  63  64  62  63  65  67  70  73  80  85  91  97
 101 101 100 103 104 104 104 105 105 105 104 103 103 103 103 104 104 104
 104 104 104 105 106 105 105 105 106 107 107 107 106 105 105 105 105 105
 106 107 108 108 108 107 108 109 109 108 108 108 109 110 109 109 109 109
 109 109 110 110 109 108 107 107 109 110 111 110 111 111 111 110 110 110
 110 110 110 110 110 111 112 111 110 109 110 112 110 110 110 110 111 110
 111  29]","[ 29  29  84  84  84  82  84  86  86  86  85  84  83  83  86  89  88  87
  86  85  85  87  88  88  88  87  87  87  86  87  87  88  89  89  89  88
  88  89  89  88  90  90  91  90  90  90  90  90  92  90  90  90  89  89
  90  89  89  94  99 105 110 115 117 116 112 102  96  91  77  60  43  29
  21  22  25  24  23  23  22  23  25  31  37  43  49  52  54  57  58  59
  61  61  60  59  59  59  63  64  64  65  68  70  72  76  80  87  93  98
 102 102 101 102 103 103 103 104 104 103 102 101 102 103 104 104 104 103
 104 105 105 105 105 105 105 104 105 105 106 106 105 105 105 105 105 106
 105 105 106 107 106 106 107 108 107 107 107 108 109 109 109 109 109 109
 109 109 109 109 108 107 106 107 108 110 110 110 110 111 110 110 109 109
 109 109 110 110 110 110 110 110 109 109 110 111 110 110 110 110 110 110
 111  29]","[ 30  29  83  82  82  81  83  85  84  84  84  83  81  81  84  88  88  88
  86  85  85  87  88  89  87  88  88  87  86  86  86  87  89  88  87  86
  86  88  89  89  91  91  91  90  90  90  90  91  91  90  91  90  88  88
  89  88  88  92  97 102 109 114 117 117 115 108 102  96  88  79  64  49
  38  34  34  31  28  26  22  22  25  33  41  47  51  53  56  59  59  61
  63  61  58  56  57  58  62  64  65  67  70  71  73  77  80  88  95  99
 102 103 102 102 103 103 103 103 103 102 101 100 101 102 103 104 103 103
 104 105 105 105 105 105 105 105 105 105 105 105 105 104 104 105 105 105
 104 104 105 106 106 106 107 107 105 106 107 108 108 108 109 109 110 109
 109 109 108 108 107 106 106 107 108 109 108 108 110 111 111 110 109 108
 109 110 110 111 110 110 109 109 109 109 110 110 110 110 109 109 110 109
 110  29]","[ 30  29  82  81  81  80  83  84  82  83  85  85  84  83  84  86  88  87
  86  85  86  87  89  89  87  87  87  86  86  86  87  87  87  87  86  85
  85  87  88  89  90  90  90  89  89  90  90  91  91  90  91  90  88  89
  88  86  85  87  92  98 104 110 114 116 117 113 108 101  94  90  84  76
  66  52  44  41  38  30  22  23  27  35  43  49  53  55  56  60  59  60
  61  60  57  55  55  57  60  62  64  67  70  71  73  76  80  89  96  98
 100 102 102 101 102 102 102 102 102 102 102 102 101 101 102 102 102 102
 103 105 104 104 105 105 105 105 105 105 105 105 105 105 105 105 105 105
 104 104 105 105 105 106 106 106 104 105 107 107 107 107 107 108 109 109
 109 108 108 107 106 106 107 107 108 108 107 107 109 111 112 111 110 109
 110 110 111 111 110 109 109 109 109 109 109 109 110 109 109 109 109 109
 110  29]","[ 29  29  82  80  81  81  84  84  83  84  86  87  87  86  86  87  86  86
  86  86  86  87  88  88  86  85  84  84  86  87  87  87  87  86  86  86
  87  87  88  89  89  89  88  89  89  89  90  90  90  90  91  91  89  89
  88  84  80  80  83  89  96 101 106 109 110 109 107 103  98  95  93  90
  81  66  56  51  45  36  29  30  32  39  46  51  55  57  58  59  58  58
  58  57  56  55  54  55  58  61  64  67  71  72  74  77  83  92  97  97
  99 101 101 100 101 101 101 101 101 102 102 103 103 101 100 101 102 103
 103 104 103 103 104 104 105 105 104 104 105 105 105 105 105 105 104 104
 104 104 104 104 105 105 105 105 105 106 107 106 106 105 106 107 107 107
 108 107 107 106 106 106 107 107 108 108 107 107 109 111 111 110 110 109
 109 109 109 109 108 108 109 110 111 111 109 108 110 109 109 108 109 109
 110  29]","[ 29  29  82  80  82  82  84  83  84  83  84  85  85  85  86  86  84  85
  86  86  87  87  87  87  86  84  83  83  86  87  88  87  87  87  88  88
  88  88  88  89  89  89  88  89  89  89  89  89  89  89  90  90  89  90
  87  82  76  75  77  82  87  91  96 100 101 101  99  98  97  96  95  94
  87  80  73  62  52  44  36  36  36  43  49  53  57  59  59  60  58  58
  57  56  56  55  55  55  57  60  63  67  71  73  76  80  88  95  98  98
  99 101 101 100 101 101 101 101 101 102 103 103 104 102 101 101 102 103
 103 103 102 103 103 104 103 103 103 102 104 104 105 105 105 104 104 104
 105 105 105 105 105 105 105 105 106 107 107 106 105 105 105 106 106 106
 107 107 106 106 106 106 108 108 108 108 107 107 108 110 109 108 108 108
 108 108 107 106 106 107 108 110 111 111 110 109 109 109 108 108 109 109
 110  29]","[ 29  29  81  79  81  82  84  83  83  83  82  83  83  83  84  85  84  85
  86  86  87  87  87  86  87  85  83  83  85  87  87  87  87  87  88  89
  89  88  87  88  89  88  88  89  89  89  88  88  88  88  88  88  88  90
  87  81  74  71  72  76  80  82  86  91  95  96  96  96  97  98  97  97
  90  88  85  74  61  51  41  38  41  47  51  53  56  58  58  59  57  56
  56  55  55  56  56  56  56  60  63  66  71  74  77  82  90  96  99  98
  99 101 100 100 100 101 101 101 101 102 102 103 103 102 101 102 102 102
 101 101 101 102 103 103 103 102 102 103 103 103 104 104 104 104 104 103
 105 106 106 105 105 105 105 106 108 108 107 106 105 105 106 107 105 106
 106 106 106 106 106 106 108 107 107 107 107 107 108 109 107 107 107 108
 108 108 107 106 106 106 108 110 110 110 109 108 108 108 108 108 109 109
 110  29]","[ 29  29  81  78  80  81  83  82  83  83  83  84  83  82  82  83  82  84
  85  85  86  86  86  86  86  85  84  83  83  84  86  86  86  86  88  89
  89  87  86  87  88  88  88  88  89  89  88  87  88  87  87  86  87  89
  87  81  72  68  68  71  74  75  79  83  85  92  96  96  97  98  96  95
  88  86  86  82  71  57  44  41  47  53  55  54  55  55  54  54  54  54
  54  54  54  54  56  57  58  61  63  67  71  74  78  83  90  95  98  98
 100 101 100 101  98  99 100 101 101 101 101 101 101 101 102 102 102 100
 100 100 100 102 103 104 103 103 103 104 101 102 103 104 104 104 103 103
 104 105 105 105 104 104 105 106 109 108 107 106 105 106 107 108 105 105
 106 106 106 105 105 106 108 107 107 107 107 107 108 109 108 108 108 108
 109 109 108 107 106 107 108 109 109 109 108 107 107 107 108 108 109 109
 110  28]","[ 30  29  79  80  80  83  82  82  81  82  82  82  82  82  82  83  84  83
  84  85  86  86  86  86  86  85  83  83  84  84  85  85  85  86  87  87
  86  86  87  88  88  88  88  88  88  88  88  88  87  87  87  86  87  87
  86  84  73  58  59  61  61  67  68  73  77  83  88  91  93  95  95  94
  89  85  83  82  75  63  53  49  53  54  54  54  53  52  53  54  56  54
  54  56  57  57  57  57  60  63  64  66  71  74  78  83  94  97 100 101
 101 100 100  99  97  97  98 100 101 102 102 103 103 103 102 101 101 101
 101 100 101 101 101 102 104 104 104 104 103 103 102 103 104 105 104 104
 105 105 105 104 104 104 104 104 107 106 105 105 106 106 105 104 105 106
 108 107 104 105 107 107 104 105 105 106 107 107 107 107 107 107 107 107
 108 107 107 106 108 108 108 109 109 108 107 106 107 107 107 108 108 109
 107  30]","[ 29  28  79  80  80  82  81  81  81  81  82  82  82  82  83  83  83  83
  84  85  86  86  85  86  85  84  83  84  84  84  84  84  84  84  84  85
  86  86  86  86  87  87  87  87  87  87  87  87  87  87  87  86  87  87
  85  84  71  55  55  56  56  59  60  66  73  78  83  86  89  91  90  88
  84  81  80  80  76  67  59  55  54  54  55  54  52  51  51  52  54  53
  53  55  57  57  58  59  62  64  66  68  72  74  79  85  95  97  99 100
  99  99  98  98  97  97  98 100 101 101 101 102 103 102 101 101 101 102
 102 101 101 101 101 102 102 103 103 103 102 101 101 102 103 104 104 103
 104 104 104 104 105 105 105 105 106 105 104 104 105 106 105 104 105 106
 108 108 106 106 108 107 104 105 106 106 107 107 107 107 107 106 106 106
 106 106 106 106 107 107 107 108 108 108 107 106 108 108 107 108 107 108
 106  29]","[ 29  29  80  81  80  82  81  81  81  81  82  82  82  82  83  83  82  82
  83  84  84  83  83  84  84  84  84  84  85  84  83  83  84  83  83  84
  86  87  87  86  87  87  87  87  88  88  88  88  88  88  87  87  87  87
  86  84  74  56  51  51  49  50  51  58  65  69  75  80  84  87  86  84
  80  78  78  78  76  70  63  59  55  55  55  54  52  51  51  51  53  52
  53  55  56  57  58  61  62  64  67  70  72  73  79  87  96  98  99  98
  98  97  97  97  98  98  99 100 101 101 101 101 102 101 100 100 101 103
 103 102 101 100 100 101 102 102 102 101 101 101 102 102 103 104 104 104
 104 104 104 105 105 105 106 106 105 104 103 105 106 107 106 105 106 106
 108 109 107 108 109 107 104 105 107 107 107 107 107 108 108 107 107 107
 107 107 107 107 106 106 106 106 106 107 107 108 109 108 107 107 106 107
 105  29]","[ 29  29  81  82  81  81  81  81  80  81  81  81  82  82  82  83  82  82
  82  83  82  81  82  83  85  85  84  85  85  84  83  83  84  83  82  83
  85  87  87  87  87  88  88  88  88  88  88  88  89  89  88  88  88  88
  86  84  80  60  50  47  46  46  47  53  57  62  67  72  76  78  78  77
  75  74  73  72  71  69  64  59  55  54  54  54  54  53  53  52  54  54
  54  56  56  56  59  62  63  66  68  71  72  74  81  91  96  97  97  97
  97  97  98  98  98  98  99 100 100 100 100 100 101 100  99  99 100 102
 102 101 101 101 101 101 102 102 102 101 102 103 103 104 104 104 105 105
 103 104 104 105 105 106 106 106 106 105 105 106 107 108 107 105 105 105
 107 107 107 108 108 107 105 107 108 108 108 107 108 108 109 108 107 107
 107 107 107 107 104 105 105 105 105 106 107 108 108 108 106 106 105 106
 104  29]","[ 29  29  81  81  79  80  80  80  81  80  80  81  81  82  82  82  82  82
  82  82  82  82  83  84  86  85  85  84  84  83  83  84  84  83  83  82
  83  84  85  86  87  88  89  89  88  88  88  89  89  89  88  88  88  88
  87  85  85  65  50  44  44  44  46  50  53  57  61  64  65  66  67  67
  68  67  66  64  65  65  62  59  54  52  51  52  53  54  54  53  55  55
  55  56  56  57  60  63  66  68  70  72  74  77  85  94  95  96  97  97
  97  97  98  97  97  97  98  99 100 100 100 100 101 100 100  99 100 102
 102 101 101 101 101 102 103 103 103 102 103 104 104 104 104 104 104 104
 103 103 104 105 106 106 106 107 107 107 107 107 107 107 106 105 104 104
 104 105 104 106 107 105 105 106 108 108 107 107 107 108 107 107 106 106
 107 106 106 105 104 105 104 104 104 105 106 107 107 106 105 105 104 105
 104  29]","[ 29  29  80  80  78  79  80  81  81  81  80  80  81  81  82  81  81  81
  81  82  83  83  84  86  86  85  84  83  83  82  83  84  84  84  84  83
  82  83  85  87  87  88  89  89  88  88  88  88  88  88  88  88  89  88
  87  85  85  71  54  44  42  43  45  47  49  52  55  57  58  59  61  62
  64  64  62  60  60  60  59  58  53  51  49  50  52  53  53  52  54  54
  56  57  57  58  61  65  68  70  71  72  75  80  88  96  96  97  98  98
  98  98  98  98  97  97  98 100 101 101 101 101 101 101 101 101 101 102
 102 102 102 102 102 102 103 104 104 103 104 104 104 105 105 105 105 104
 103 103 104 105 105 106 106 106 107 107 107 107 106 106 105 105 105 104
 104 104 104 105 106 105 104 105 106 106 106 106 106 106 105 105 105 105
 106 105 105 104 106 105 104 104 103 104 104 105 105 105 105 105 104 105
 104  29]","[ 30  29  79  78  77  79  80  81  82  81  81  81  81  81  81  81  81  80
  81  82  83  84  84  85  85  84  83  83  83  82  84  85  85  86  86  85
  85  85  86  88  87  88  89  89  88  88  88  88  88  89  89  89  90  89
  88  86  84  79  63  48  41  41  43  44  46  48  51  54  56  58  60  61
  63  62  61  59  57  56  55  56  55  53  52  50  50  51  52  52  53  54
  56  59  59  60  62  65  67  70  70  72  77  85  92  97  98  98  98  98
  98  99  99  98  99  99 100 101 101 100 100 100  99 101 102 102 102 102
 102 102 102 102 102 102 103 103 103 103 104 104 104 104 105 105 105 104
 102 103 104 104 105 105 105 105 105 106 106 106 105 104 104 105 105 104
 105 105 104 105 106 105 104 104 105 105 105 105 105 105 105 105 105 105
 105 105 105 104 106 105 104 103 103 103 103 104 104 105 105 105 104 105
 104  29]","[ 29  28  77  77  75  78  79  80  83  82  81  81  81  81  81  81  80  80
  81  82  83  83  82  82  84  84  84  84  83  83  85  86  86  86  87  87
  87  87  87  88  88  89  90  90  89  88  88  89  89  89  90  90  91  91
  89  87  85  86  73  54  42  40  42  42  46  47  49  53  56  57  58  59
  59  59  59  58  55  53  54  56  57  57  55  52  50  49  51  53  52  54
  57  60  61  60  62  64  66  69  70  72  80  89  96  99  97  97  97  97
  97  98  98  98 100 100 100 100 100  98  97  96  98 100 101 102 102 102
 102 102 102 102 102 102 102 102 102 102 102 102 102 103 104 104 104 103
 102 103 103 104 104 104 104 104 104 105 106 105 104 104 105 106 104 104
 105 105 104 104 105 104 104 104 104 105 105 105 105 105 105 105 104 104
 104 104 105 105 105 104 103 103 103 104 104 103 104 105 105 106 104 105
 104  29]","[ 30  28  76  74  78  78  78  81  81  81  80  80  80  80  79  79  81  82
  83  84  84  85  85  84  84  84  85  86  86  85  86  87  88  88  89  89
  89  90  90  90  93  93  93  92  91  90  90  91  95  94  94  94  94  93
  91  90  88  93  83  61  46  41  40  41  44  45  48  53  55  55  56  57
  57  59  58  56  55  53  54  58  58  58  58  56  54  52  51  52  55  55
  57  59  62  63  64  65  67  69  72  74  80  89  95  98  97  97  97  97
  97  99  99  99  99  97  98 101 101  98  96  96  98  99  99 100 102 103
 103 102 100 101 102 102 102 102 102 102 101 101 101 101 103 104 103 101
 101 101 102 104 103 102 102 104 104 104 104 105 105 105 105 105 105 105
 106 105 105 104 105 105 105 105 105 104 105 106 105 105 104 105 106 106
 105 104 103 103 104 104 104 104 104 103 103 103 104 104 105 105 104 104
 104  30]","[ 29  28  78  77  81  80  80  82  82  82  82  82  82  82  82  82  83  85
  86  86  87  88  89  89  87  87  89  90  91  90  90  92  91  91  92  92
  92  93  94  94  94  94  94  94  94  94  93  93  93  94  94  94  95  94
  94  93  96  93  91  79  58  45  45  44  44  45  47  50  52  51  50  50
  55  57  57  56  55  54  53  56  56  57  59  58  57  56  56  56  56  56
  58  60  62  63  64  64  68  70  73  75  81  89  95  97  98  98  97  97
  98  99  98  97  97  97  98 100 100  97  96  97  99  99  99 100 101 102
 102 101 101 101 101 102 102 102 102 102 101 101 101 101 102 103 103 102
 102 102 103 103 102 102 102 104 104 104 105 105 105 105 105 105 104 105
 105 105 104 103 103 104 105 105 105 104 105 105 105 105 104 105 105 105
 104 103 103 104 104 105 105 105 104 104 104 104 104 104 104 105 103 104
 104  30]","[ 28  29  82  82  86  85  85  86  85  85  85  86  86  86  86  86  86  88
  89  89  89  91  92  92  89  90  91  93  93  93  93  93  93  93  93  93
  93  93  94  96  94  94  94  95  96  95  94  92  91  92  93  93  94  94
  95  95  97  92  94  92  74  52  44  45  44  44  45  47  49  49  48  47
  50  53  54  55  56  55  53  54  54  56  58  59  59  59  59  59  58  57
  58  60  62  63  64  64  68  71  73  76  82  90  95  97  97  97  97  97
  98  98  98  96  96  96  97  99  98  96  96  97  99  99  99  99 101 102
 102 101 101 101 101 101 102 102 103 103 102 102 100 100 101 102 102 102
 103 102 102 102 101 101 102 104 105 104 104 104 104 104 104 104 104 104
 105 105 104 103 103 103 104 105 105 105 104 105 105 105 104 105 105 105
 104 103 103 104 104 105 105 105 104 104 104 104 103 103 103 104 102 103
 103  29]","[ 29  30  86  87  89  88  88  89  88  88  89  89  90  90  90  90  89  90
  90  90  89  90  91  92  90  91  92  92  92  91  91  91  92  92  92  91
  91  91  93  94  93  93  94  94  94  93  92  91  92  92  92  92  92  93
  94  95  94  95  93  93  88  66  45  43  45  45  44  43  44  46  47  47
  47  50  52  54  57  57  54  54  53  55  57  58  59  59  60  60  59  58
  58  60  62  63  64  65  67  70  73  78  84  92  96  97  96  97  98  98
  98  99  98  97  97  97  97  98  98  97  97  99 100  99  98  99 100 102
 102 101 101 101 100 101 101 102 103 103 103 102 101 100 100 101 101 100
 102 102 101 101 101 101 102 103 104 104 104 103 104 104 104 105 104 104
 105 105 105 105 104 104 104 105 105 105 104 105 105 105 104 105 105 105
 103 103 104 104 104 104 105 105 104 103 103 103 102 102 102 103 102 103
 103  29]","[ 29  30  86  87  88  87  89  89  89  89  89  89  90  89  89  89  89  90
  90  89  88  89  90  91  91  92  92  91  91  90  91  91  91  91  91  91
  90  91  92  93  94  94  95  94  93  93  92  92  94  94  94  94  93  94
  94  95  95  98  95  93  95  85  61  46  44  43  42  41  41  42  43  44
  47  49  51  52  56  57  56  55  55  55  57  58  59  60  61  62  61  59
  58  59  61  62  64  65  65  68  73  79  87  94  97  97  96  98 100 100
 100 100 100 100 100  99  98  98  98  99 100 100 100 100  99  99 100 101
 101 101 102 101 100 100 101 102 103 103 103 103 102 101 101 101 101 100
 101 101 101 101 101 102 103 103 103 103 103 103 103 104 104 105 104 105
 105 105 106 105 105 105 104 105 106 105 105 105 105 105 105 105 105 105
 104 103 104 105 104 104 104 104 104 103 103 103 103 103 103 104 102 103
 104  30]","[ 29  29  85  87  87  86  88  88  88  88  89  89  89  88  88  87  88  89
  90  89  88  88  89  90  91  91  91  90  90  90  91  91  90  90  90  90
  91  92  93  94  94  95  96  95  94  94  94  94  94  95  95  95  95  95
  95  95  97  95  96  94  93  95  81  54  40  39  39  40  41  41  41  42
  45  48  49  50  53  55  55  55  56  56  57  58  59  60  62  63  62  60
  58  59  60  62  63  64  64  68  73  80  88  96  98  97  96  99 101 101
 100  99 100 100 101  99  98  98  99 100 100 100 100 100 100  99 100 100
 101 100 102 101 100 100 101 102 103 103 102 103 103 103 103 103 103 102
 101 102 103 103 103 104 104 104 103 103 102 102 102 103 104 105 105 105
 105 105 105 105 104 104 104 105 105 105 105 105 105 104 104 105 105 105
 104 103 104 105 104 104 105 104 104 103 103 103 103 103 103 103 102 103
 103  30]","[ 30  28  85  87  86  86  89  88  88  88  89  89  88  88  87  87  86  88
  89  88  87  88  89  90  89  90  91  90  89  90  91  90  90  90  90  91
  92  94  94  94  94  94  95  95  95  95  95  94  94  94  95  96  96  96
  95  94  95  92  96  95  90  95  90  68  43  39  38  42  44  42  41  41
  42  46  47  47  51  54  55  56  57  57  57  57  58  60  61  62  61  59
  58  59  62  63  64  65  66  69  74  80  89  96  98  97  96  98  99  99
  99  99  99  99 100 100 100  99  99  99  99  99  99 100 100 100 100 100
 101 101 102 101 100 100 101 102 102 102 102 103 103 103 103 104 104 103
 102 103 104 104 104 105 105 104 104 103 102 102 102 103 104 104 105 105
 104 104 104 104 104 104 104 105 105 105 105 105 105 104 103 104 104 104
 103 103 104 104 103 104 104 104 103 103 103 103 102 102 102 102 101 102
 103  29]","[ 30  28  85  87  86  86  89  88  87  88  88  88  88  88  87  87  86  88
  89  88  87  87  88  89  89  90  91  90  90  90  90  89  91  90  90  91
  93  95  95  94  94  94  95  96  97  96  95  93  94  94  95  96  97  96
  94  93  94  94  96  95  92  93  92  83  50  43  39  42  44  41  38  39
  40  45  47  47  50  54  56  58  59  58  58  58  59  60  61  61  60  58
  58  60  63  65  66  66  68  71  75  80  89  96  98  96  96  97  97  98
 100 101 100  99 100 101 102 101 100 100 100  99  97  99 100 100 100 101
 102 103 102 101 100 100 102 102 102 102 102 103 103 103 102 103 103 103
 103 104 105 104 104 105 105 104 105 104 103 102 102 103 103 104 105 104
 104 104 104 105 105 105 104 104 104 104 105 105 105 103 102 103 104 104
 103 103 103 104 103 103 103 103 103 102 102 102 102 102 102 102 101 102
 102  29]","[ 29  30  86  87  87  86  88  88  88  88  88  88  88  88  88  87  85  86
  87  88  89  89  89  89  89  89  90  90  90  90  91  92  89  90  92  93
  93  93  94  95  96  95  94  95  95  96  96  95  95  95  94  94  94  94
  94  94  94  92  95  95  92  95  94  85  62  39  44  43  43  41  39  38
  43  44  46  48  50  54  56  57  57  58  58  57  57  60  61  62  60  57
  57  60  63  65  68  70  69  71  74  81  89  95  97  97  96  97  99  99
  98  98  98  97 100 100 100 100 100 101 101 101  99  99  99 100 102 102
 102 102 102 101 101 101 101 102 101 101 103 103 102 103 103 104 103 103
 103 103 103 104 105 105 104 104 104 104 103 103 103 103 102 102 104 104
 103 103 104 106 106 106 105 104 103 103 104 105 104 103 104 104 104 104
 104 103 102 102 102 102 104 104 103 103 103 101 102 103 103 103 101 102
 103  29]","[ 28  30  86  86  88  87  89  89  88  88  88  88  89  89  89  89  88  89
  90  90  90  90  90  90  90  90  90  90  90  90  91  91  91  92  93  93
  92  91  92  93  95  95  95  95  95  95  95  96  94  94  94  94  94  94
  94  94  94  92  94  95  93  96  96  89  72  42  43  42  46  44  41  42
  44  44  46  48  52  55  57  58  59  59  59  57  57  59  61  61  59  58
  57  60  65  69  72  73  71  72  75  81  89  94  97  97  96  97  98  98
 100 100  99  97 100 100 100 100 100 100 100 100 101 100 100 101 102 102
 102 103 103 102 102 101 101 102 102 102 103 103 102 102 102 103 103 103
 104 104 104 104 104 104 104 103 103 103 104 104 104 103 103 103 103 103
 103 103 104 106 106 105 105 104 104 104 105 105 105 104 105 105 105 105
 104 104 103 103 103 103 104 104 102 103 103 101 103 103 103 103 101 102
 103  29]","[ 28  30  85  86  87  87  89  89  88  87  87  88  89  89  89  89  89  90
  91  91  91  91  91  91  91  91  90  90  91  91  91  90  92  92  92  92
  91  90  90  91  93  94  96  96  95  95  95  96  94  94  93  94  95  95
  95  94  95  92  94  95  93  95  96  92  81  48  43  41  45  40  37  41
  44  44  45  48  51  55  57  58  61  61  60  58  57  58  59  58  57  57
  57  60  65  71  75  77  72  73  76  82  89  95  96  96  97  97  96  98
 100 101 100  97  99  99  99  99  99  99  99  99 101 101 101 101 101 101
 101 102 104 103 101 100 101 101 102 102 104 103 102 102 102 102 103 103
 104 104 104 104 105 104 104 103 103 103 104 104 104 104 104 104 102 103
 104 104 104 105 104 103 104 104 104 104 105 105 105 105 104 105 105 104
 104 104 103 103 104 103 104 104 102 102 103 102 103 103 102 103 101 102
 102  29]","[ 28  29  84  85  87  86  87  87  88  88  87  87  87  88  88  88  87  88
  89  90  89  90  90  91  92  91  90  91  92  92  92  91  90  90  89  89
  90  90  91  92  92  93  94  95  95  95  95  95  95  94  94  94  95  96
  95  95  96  93  94  96  94  93  94  93  87  61  44  45  43  39  38  42
  44  44  44  46  48  52  55  58  61  62  61  58  57  56  56  55  54  54
  56  58  64  72  77  77  73  73  76  83  90  96  97  96  97  97  96  98
 100 101 100  97  99  99  99  99  99  99  99  99 101 101 102 102 101 100
 101 102 103 102 101 101 101 102 102 103 105 104 103 102 102 103 103 103
 104 104 104 104 105 105 105 104 103 103 104 105 105 104 104 104 104 104
 104 104 104 104 103 102 103 104 104 103 103 103 104 105 102 103 103 103
 103 103 103 103 104 104 104 103 101 101 103 102 102 101 101 102 100 101
 102  29]","[ 29  29  84  85  87  86  87  86  87  87  87  87  86  86  86  87  86  87
  88  88  89  89  90  90  92  91  90  91  93  94  93  91  89  87  87  87
  89  91  93  94  93  94  94  95  96  96  95  94  94  94  94  95  96  97
  97  96  96  95  96  97  95  93  94  94  88  74  43  45  40  40  44  43
  44  43  43  44  45  48  52  57  60  61  61  59  57  56  54  53  52  53
  54  57  64  71  76  77  74  73  76  83  91  96  97  96  97  98  98  99
 100 100  99  98  98  98  98  99 100  99 100 100 102 102 103 103 102 100
 101 102 102 102 102 102 103 103 104 103 104 104 103 103 102 103 103 104
 104 104 104 104 105 105 104 104 102 103 103 104 104 105 104 104 105 105
 105 104 103 103 103 103 104 104 103 102 102 102 103 105 102 102 102 102
 102 103 103 103 104 103 104 103 101 101 103 101  99  99  99 101 100 101
 102  29]","[ 29  29  83  84  87  86  87  86  86  87  87  87  87  86  87  87  88  88
  88  88  89  90  90  90  91  90  90  91  93  94  93  92  88  87  86  88
  90  92  94  95  96  95  96  96  97  97  95  94  94  94  94  95  97  98
  97  97  96  96  97  97  96  95  94  95  92  84  48  44  39  43  46  41
  44  43  43  44  44  46  50  54  57  59  60  58  57  57  56  55  54  54
  55  58  64  71  76  77  75  74  75  82  90  97  98  96  98  99  99 100
 100 100 100  99  98  97  98 100 101 100 100 101 101 102 103 103 102 100
 100 101 101 101 102 103 103 104 103 103 103 103 103 102 102 102 103 103
 104 104 103 104 104 104 103 102 102 102 103 103 104 105 105 105 105 105
 104 103 103 104 105 105 105 105 104 103 102 103 104 105 103 103 103 102
 102 103 103 103 104 103 103 103 101 102 102 101  98  97  98 101 100 101
 102  29]","[ 29  29  82  82  85  85  86  85  85  86  87  87  87  86  86  86  88  88
  88  88  90  90  90  90  90  90  90  91  93  93  93  92  89  88  88  90
  92  93  94  94  96  96  96  97  97  96  96  95  94  95  95  96  97  97
  97  96  95  97  96  96  96  95  94  95  96  90  63  49  45  45  46  43
  45  43  44  46  48  48  50  52  55  57  59  58  59  60  60  59  57  55
  55  59  64  71  76  79  77  75  75  80  89  96  98  97  98  99  99  99
 100 100 100  98  99  98  98 100 101 100 100 101 100 100 101 101 101 100
 100 100 101 101 101 102 103 103 102 101 102 102 102 102 102 102 103 103
 104 104 104 104 104 104 103 103 103 103 103 103 103 104 104 104 104 105
 104 103 103 104 105 105 104 104 104 104 104 104 105 105 104 104 103 103
 103 103 103 103 103 103 103 104 103 103 102 100  98  97  98 102 102 102
 102  29]","[ 30  28  81  80  82  83  84  83  85  86  87  87  86  86  85  85  87  87
  86  87  89  91  91  90  90  90  90  91  92  93  92  91  90  89  89  91
  94  94  94  94  94  95  96  96  96  96  96  97  95  96  96  97  96  96
  95  95  95  97  96  94  95  95  94  94  90  88  74  52  48  44  43  44
  45  44  45  49  52  51  51  51  55  56  58  58  60  62  64  64  60  57
  55  59  65  70  76  81  79  76  74  79  88  95  98  98  98  98  98  98
  99 100  99  98  99  98  98 101 101 100 100 101 100 100 101 101 100 100
 100 101 102 102 102 102 103 103 102 101 101 102 103 103 103 103 103 103
 104 104 104 105 105 105 105 104 104 104 103 103 103 103 103 103 104 105
 104 103 102 103 104 104 104 104 104 105 105 105 105 105 104 103 103 103
 103 103 104 104 103 102 103 104 104 104 103  99  99  97  98 103 103 102
 102  29]","[ 29  29  82  81  82  81  82  81  82  84  87  89  86  85  87  87  88  87
  87  87  88  89  90  91  89  89  90  91  92  91  90  91  91  91  91  91
  92  93  94  93  94  95  96  96  96  96  96  96  96  96  97  97  97  96
  95  95  95  96  97  96  96  95  94  94  91  89  83  63  49  45  43  45
  47  49  50  53  56  55  53  54  55  56  58  60  63  65  65  66  64  60
  60  63  64  71  80  82  79  78  74  73  82  94  99  96  97  97  97  98
  99 100  99  97  95  98 100 101 101 102 101 100 101 100  99 100 101 101
 101 100 103 102 102 103 103 102 101 101 102 102 103 103 103 104 104 104
 104 104 104 105 105 104 104 104 103 104 104 104 104 104 104 103 104 105
 105 105 103 103 103 103 103 104 104 105 105 105 105 104 104 104 104 104
 104 104 104 105 104 104 104 104 104 104 102 101 101 100 102 102 103 101
 103  29]","[ 29  29  83  81  83  83  84  83  81  81  84  87  87  86  86  85  87  87
  87  87  88  89  89  90  90  90  91  92  92  91  90  90  91  91  90  90
  92  93  93  92  94  94  94  95  95  95  96  96  92  93  94  95  96  95
  95  94  95  95  96  96  95  94  94  94  94  93  87  67  48  47  46  47
  49  52  54  56  58  56  55  56  57  58  59  61  63  64  66  66  66  63
  64  65  65  70  78  81  81  80  77  76  82  93  98  97  96  96  96  96
  97  97  97  95  96  98 100 100 101 102 102 102 101 101 101 101 102 102
 101 101 102 102 102 102 102 102 102 102 103 103 103 103 103 103 103 103
 103 104 105 105 105 104 104 103 103 104 105 104 104 105 105 104 104 104
 104 104 103 102 103 104 103 104 104 105 105 105 105 105 104 104 104 104
 104 104 104 105 104 104 104 104 104 104 103 102 102 101 103 103 104 103
 104  28]","[ 29  29  82  81  83  84  85  84  82  81  83  86  87  86  85  85  86  86
  87  87  88  89  89  89  90  90  91  92  92  91  90  91  92  91  89  89
  91  93  92  90  93  93  93  93  93  94  96  97  91  92  94  95  96  96
  95  95  95  96  97  96  95  94  95  95  95  96  90  73  48  48  48  49
  51  55  58  59  60  58  57  59  60  60  61  62  64  65  67  68  67  65
  66  67  66  71  78  83  83  81  78  77  82  90  96  98  97  97  97  96
  96  97  96  96  98  99 100 100 101 102 103 102 102 102 102 102 102 102
 101 101 101 102 103 101 101 102 103 104 104 103 103 103 104 104 103 103
 103 104 105 105 105 104 104 104 104 105 105 105 105 106 105 105 105 104
 103 103 102 103 104 104 104 104 104 105 105 105 105 105 104 104 104 104
 104 104 104 104 105 105 105 104 104 103 103 103 103 102 103 104 105 104
 104  28]","[ 29  29  82  81  82  82  84  83  82  82  83  85  87  85  84  84  85  85
  86  88  89  89  89  89  89  90  90  91  91  91  91  91  92  90  89  89
  91  93  92  90  92  92  92  92  93  94  96  97  93  94  95  96  96  96
  95  95  95  96  97  97  95  95  95  96  95  95  91  80  50  47  48  50
  53  57  59  61  61  59  59  61  61  62  63  64  65  67  69  71  69  68
  67  68  68  72  79  85  86  83  78  77  81  88  95  98  99  99  99  98
  97  97  98  98 100 100 100 100 101 101 101 100 101 102 102 102 102 101
 101 100 101 103 103 101 101 103 105 104 104 103 103 103 104 105 104 104
 103 104 105 105 104 104 104 104 104 105 105 105 105 105 105 105 105 104
 103 103 103 104 104 105 105 105 105 105 105 105 105 104 105 104 104 104
 105 105 104 104 104 105 105 105 104 103 104 104 104 103 104 104 105 105
 105  29]","[ 30  29  82  80  81  80  81  81  78  82  83  84  85  83  81  82  83  84
  85  87  88  89  89  88  88  89  90  90  90  90  91  91  92  91  90  90
  92  93  93  91  91  91  92  92  93  94  95  96  94  94  94  95  95  95
  95  95  95  96  96  96  95  95  95  96  95  95  92  87  58  48  48  51
  57  60  61  61  61  60  59  62  63  63  64  65  66  68  70  71  72  70
  69  69  70  72  78  85  89  85  79  78  82  88  94  98  98  99  99  98
  97  97  98  98 101 101 100 100 101 100 100  99 100 101 101 102 102 102
 101 101 101 103 102 101 102 105 106 104 103 102 102 103 104 105 105 105
 103 104 105 105 104 103 104 105 105 105 105 105 105 105 105 104 106 105
 104 104 104 105 105 105 106 106 106 105 105 105 104 104 105 105 104 104
 105 105 105 104 104 105 105 105 104 104 104 104 104 104 105 104 104 104
 105  30]","[ 30  29  83  81  80  79  80  80  78  85  87  86  86  83  79  81  82  82
  83  85  87  88  88  87  87  88  89  89  88  89  89  90  91  91  91  91
  92  94  94  93  90  91  92  93  94  94  94  94  94  94  94  94  95  95
  96  96  96  96  96  96  96  96  96  97  97  96  94  93  68  52  50  55
  62  63  63  62  62  60  60  62  63  64  66  66  67  68  69  71  71  70
  68  69  72  74  79  88  91  86  81  79  82  88  93  96  97  98  98  97
  97  98  99  99 101 100 100 100 100 100  99 100 100 100 101 102 103 103
 103 103 102 102 102 102 103 106 106 104 102 101 101 102 104 105 105 105
 104 105 105 104 104 103 104 105 105 105 105 105 104 105 105 104 105 105
 104 104 105 105 105 105 106 106 106 105 105 105 104 104 105 105 105 105
 105 105 105 105 104 104 105 105 105 104 104 104 104 105 106 104 103 103
 105  30]","[ 29  30  84  82  81  80  81  81  89  96  95  87  85  83  80  82  82  82
  83  85  87  87  87  86  85  87  89  88  88  88  89  88  89  90  90  90
  91  93  94  94  91  92  93  94  95  95  94  93  94  94  95  95  96  96
  97  97  97  96  96  96  97  97  97  97  97  97  95  94  76  58  56  59
  63  64  64  63  63  61  61  63  64  66  67  69  69  69  70  71  70  70
  70  71  73  74  79  89  91  89  85  81  82  88  93  95  96  97  97  98
  98 100 100 101 102 100 100 100 100  99 100 101 101 101 101 102 103 103
 103 102 101 101 102 103 104 105 105 105 103 103 103 103 104 104 104 104
 105 105 105 104 104 104 104 104 105 105 105 105 105 105 105 105 105 105
 105 105 105 105 105 105 105 105 105 105 105 105 105 105 104 105 105 105
 105 105 105 105 105 105 105 105 105 105 105 104 105 105 106 104 104 104
 105  29]","[ 29  30  86  84  83  81  83  83 101 107 100  88  84  83  81  83  84  83
  84  85  87  87  87  86  83  86  88  88  88  89  89  88  86  88  89  89
  90  91  93  94  93  93  94  95  97  97  95  94  94  94  95  96  96  96
  96  96  97  96  95  96  97  97  97  97  96  97  95  93  80  61  60  61
  61  64  65  64  63  61  62  65  64  66  69  71  71  72  72  73  71  73
  73  73  73  72  76  86  92  92  88  84  84  88  93  95  95  96  97  98
  99 101 102 101 103 101 100 100  99  99 100 102 103 102 102 102 102 102
 101 101 100 101 103 105 105 104 104 105 105 105 105 105 104 104 104 104
 105 105 105 105 105 104 104 104 104 105 105 105 105 106 106 106 105 105
 104 104 104 105 105 105 104 104 105 105 105 105 105 105 104 105 105 105
 105 105 105 105 106 105 105 105 105 105 105 105 105 105 106 104 105 106
 106  28]","[ 30  27  88  82  79  84  96 105 120 104  91  87  84  82  82  83  82  84
  82  83  85  86  87  86  86  86  88  89  89  89  90  90  89  89  89  89
  89  90  92  94  93  93  94  95  95  95  95  95  96  95  95  95  95  95
  95  95  95  95  95  96  96  97  97  97  97  97  95  93  85  68  59  61
  63  65  66  65  64  64  64  64  65  66  68  70  71  71  72  72  73  73
  73  75  76  75  77  83  95  97  94  88  87  90  92  94  96  98 100 101
 101 101 101 101 102 102 102 101 100  99 100 101 102 101 101 102 103 102
 101  99 101 102 103 104 105 104 104 105 104 104 104 105 105 105 105 105
 106 105 105 105 105 105 105 105 105 105 105 104 104 106 107 107 105 105
 104 105 106 106 105 104 102 104 106 106 106 105 106 107 105 105 106 106
 106 105 105 105 105 105 105 105 105 105 106 106 108 106 105 104 106 106
 106  29]","[ 30  30  75  81  99 116 125 122 105  90  82  85  86  82  80  81  81  83
  83  84  87  87  85  83  87  87  87  88  88  88  89  90  91  91  90  90
  90  91  93  94  93  94  94  95  95  96  96  96  96  96  95  95  95  95
  95  96  96  96  96  96  96  96  97  97  97  97  95  94  87  73  62  62
  63  64  65  65  65  65  65  65  66  67  69  71  72  72  73  74  74  74
  74  76  77  77  79  86  95 100  99  93  89  90  92  94  96  98 100 101
 101 101 100 100 101 101 101 101 100 100 101 101 101 101 100 101 102 102
 102 100 101 101 102 103 104 104 104 104 104 104 104 104 104 105 105 105
 106 106 105 104 104 104 104 105 105 105 105 104 104 105 105 105 105 105
 105 106 106 105 105 104 104 105 106 107 107 107 107 107 106 106 106 106
 105 105 105 105 105 106 106 106 105 105 105 106 106 105 105 105 106 106
 106  29]","[ 27  33  88 103 120 123 115  98  88  83  81  81  80  81  81  81  80  82
  81  81  85  88  89  90  89  88  88  88  88  88  89  91  92  91  91  91
  91  92  92  93  93  93  93  93  94  95  96  97  97  96  96  95  95  95
  96  96  97  96  96  96  96  96  97  97  97  97  96  94  89  77  65  60
  63  64  65  65  66  67  67  67  67  68  69  71  72  73  74  75  75  75
  75  75  77  77  80  86  91 101 104  98  93  93  95  97  96  98 101 102
 101 101 101 101 100 101 101 101 101 102 102 102 101 101 101 102 103 104
 104 103 102 102 102 102 103 104 104 105 103 104 104 104 104 104 104 105
 107 106 105 104 103 103 104 104 105 106 107 106 105 105 105 104 104 105
 107 106 105 105 105 105 106 106 106 107 108 108 108 107 108 107 106 106
 105 105 105 105 105 105 106 106 105 105 105 105 104 104 106 105 106 105
 105  29]","[ 29  32 116 120 118 105  89  76  76  77  80  82  81  80  78  74  83  83
  83  82  84  85  85  88  89  89  89  88  88  88  89  90  91  91  91  92
  93  93  92  91  92  92  92  92  92  94  96  97  97  97  96  96  96  96
  96  96  96  96  96  96  96  97  97  97  97  98  97  95  92  83  70  60
  63  64  64  65  66  68  68  68  67  68  70  71  73  74  75  76  77  77
  76  76  77  78  81  86  89 102 108 102  97  96  98  99  98  99 101 102
 101 101 102 103 101 101 100 101 101 102 102 103 102 102 102 102 103 104
 105 105 104 103 102 102 103 104 105 105 103 103 104 104 104 104 105 105
 107 107 106 105 104 103 104 104 105 106 107 107 105 105 105 105 105 106
 106 106 105 104 105 105 107 106 106 106 107 108 108 107 107 107 107 107
 106 106 105 105 104 105 105 106 105 104 104 104 104 104 106 104 105 104
 105  29]","[ 31  27 139 130 123 119 114 113 102  91  87  89  83  69  56  50  54  54
  62  72  84  90  88  91  89  88  88  88  88  87  88  89  90  90  91  93
  94  94  93  91  93  93  93  92  93  94  96  97  97  97  97  97  97  97
  96  96  95  96  96  97  97  97  96  96  95  96  97  96  93  87  76  64
  64  65  65  65  66  68  69  69  68  69  71  72  73  74  76  76  80  80
  79  79  80  81  83  87  91 103 109 105 100  98  97  97  99 100 101 101
 101 101 102 104 102 101 100 100 100 101 102 103 103 102 102 102 103 104
 104 104 105 104 103 103 103 104 105 105 104 104 104 104 104 105 105 105
 107 107 107 106 105 104 104 105 105 106 107 106 105 105 105 105 106 106
 105 105 105 105 105 105 107 106 106 106 107 108 107 106 107 107 107 107
 107 106 106 105 104 105 106 106 106 105 105 105 106 105 105 104 105 105
 105  29]","[ 29  33 151 142 134 125 110 101  88  71  55  47  41  36  36  39  41  38
  45  57  77  90  87  86  88  88  88  88  88  88  89  90  90  91  92  94
  95  94  93  93  93  93  93  93  93  93  95  96  96  97  97  97  97  97
  96  96  96  96  97  97  97  96  95  95  95  96  97  96  93  88  77  65
  65  65  65  65  65  67  68  69  67  68  70  72  73  74  75  75  79  80
  80  80  82  82  83  87  90 100 107 105 102  99  97  97  99  99  99 100
 100 101 102 103 104 103 102 101 101 102 104 105 104 103 102 103 104 104
 104 104 104 104 103 103 103 104 104 104 104 104 105 105 105 105 105 105
 106 107 107 107 106 105 105 106 107 107 107 106 105 105 106 106 107 106
 105 105 105 105 105 104 107 107 107 107 108 108 107 107 107 107 108 108
 108 107 106 105 106 106 107 107 106 106 106 106 107 106 106 104 106 105
 105  29]","[ 28  30  79  62  54  44  34  29  19  22  26  30  32  36  38  37  44  41
  43  46  66  88  88  88  89  88  88  88  88  89  90  92  90  91  92  93
  93  93  93  93  93  94  94  94  93  93  93  94  96  96  96  97  97  96
  96  96  96  97  97  97  97  96  95  95  97  95  96  96  93  90  79  65
  64  65  65  64  64  66  68  69  67  68  70  72  73  74  75  75  78  80
  80  80  82  82  82  84  87  97 105 106 104 100  97  98  98  98  98 100
 101 102 102 102 104 104 103 102 102 102 104 106 104 103 103 103 105 105
 105 104 103 103 103 104 104 104 104 104 105 105 105 105 105 105 105 105
 105 106 107 107 106 105 106 106 107 108 107 106 106 106 107 107 107 107
 106 107 107 106 105 105 106 107 108 108 108 107 107 108 107 108 108 108
 107 106 105 105 107 107 107 107 106 106 106 106 106 105 106 105 106 105
 105  29]","[ 30  28  16  10  19  15  15  16  28  27  29  34  36  37  38  39  40  41
  42  38  54  80  85  86  88  88  87  87  87  88  91  93  91  91  92  92
  92  92  93  94  94  95  96  95  94  93  94  94  96  96  96  96  96  96
  96  96  96  96  97  97  97  96  96  96  97  94  95  97  96  93  83  69
  64  65  65  64  64  66  68  69  68  70  72  74  75  76  76  76  79  81
  82  82  83  82  82  83  88  97 105 107 105  99  95  96  98  98  99 100
 102 102 102 101 102 102 102 102 101 102 103 105 104 103 102 103 104 105
 104 103 102 103 104 104 104 105 105 105 105 105 105 105 105 105 105 105
 104 105 106 106 105 105 106 107 106 106 106 106 106 107 107 107 107 107
 108 108 108 107 105 105 105 107 108 108 107 107 107 108 108 108 108 108
 107 106 105 104 107 107 107 106 105 105 105 105 104 105 107 106 105 104
 105  30]","[ 29  27  28  26  27  30  29  29  33  33  33  35  37  40  41  41  39  38
  40  39  45  64  86  85  86  87  88  88  89  90  90  90  90  91  92  92
  92  93  93  93  95  96  96  96  96  95  95  94  95  95  96  95  95  95
  95  95  96  96  97  97  96  96  96  97  96  96  96  95  96  95  85  72
  67  67  67  66  65  64  66  68  67  69  72  74  75  77  78  79  79  79
  80  81  82  82  82  82  84  94 104 109 108 104 100  98  97  96  97 100
 103 104 103 102 103 102 101 101 102 103 104 105 105 103 102 103 105 104
 104 104 103 103 104 104 104 104 105 105 104 104 104 105 105 106 106 106
 106 106 105 105 105 105 105 104 105 105 105 105 105 105 106 106 105 106
 107 107 107 107 107 106 107 107 107 107 107 107 107 108 108 108 108 107
 107 106 105 105 108 107 107 106 105 105 105 105 108 105 108 105 106 105
 105  32]","[ 29  30  33  32  33  37  37  39  37  36  36  36  38  39  39  38  33  34
  37  34  35  47  75  86  88  88  89  89  89  90  90  90  90  92  93  93
  93  94  94  94  94  95  95  95  95  95  94  93  94  95  95  95  94  94
  94  94  95  95  95  95  95  94  94  95  96  96  95  94  94  94  88  77
  69  67  65  64  65  66  67  69  68  70  73  74  76  77  78  79  81  82
  82  83  84  84  83  83  83  89  98 106 109 108 103  98  97  97  98 101
 103 103 103 103 103 102 102 102 102 103 104 104 103 102 101 103 104 104
 103 103 103 103 104 104 104 104 105 105 104 104 104 105 105 105 105 105
 106 106 105 105 105 106 106 106 105 105 105 104 104 104 105 105 105 106
 106 107 107 108 107 106 107 106 106 107 107 106 106 107 109 108 108 107
 107 106 105 105 104 104 105 106 106 107 107 107 104 109 104 101 106 110
 108  26]","[ 29  32  36  35  34  36  35  37  38  36  34  33  34  34  33  32  33  30
  26  21  21  29  62  87  89  90  90  90  90  91  91  90  90  92  94  94
  94  95  94  94  95  96  96  96  96  96  96  95  96  96  97  96  96  96
  96  96  97  97  97  97  96  95  95  96  98  98  97  95  94  94  89  80
  72  69  65  64  65  67  67  68  68  70  73  75  76  77  80  81  80  81
  81  83  84  85  85  85  88  92  98 105 110 110 105 100  98  98  99 101
 103 104 104 104 103 103 102 103 103 104 104 104 104 103 103 104 104 104
 103 103 103 103 104 104 105 105 105 106 105 105 105 105 105 105 105 105
 106 106 106 105 106 107 108 107 106 105 105 105 105 105 105 105 106 106
 107 107 108 109 108 107 107 107 107 108 108 108 107 108 109 108 108 107
 107 107 106 105 105 105 105 106 107 107 106 105 105 104 106 108 104 106
 109  32]","[ 28  31  36  34  32  31  30  30  31  28  26  25  25  26  25  23  16  18
  20  19  17  19  56  94  88  89  89  89  89  90  90  89  89  91  92  93
  93  93  93  92  94  95  95  95  95  95  95  94  95  96  96  96  95  95
  95  96  97  96  96  97  96  96  96  96  96  96  97  96  94  94  89  81
  73  69  66  66  67  68  68  67  69  71  74  75  75  76  78  80  81  81
  81  83  85  86  86  86  87  90  96 103 108 109 108 106 100  99  99 101
 103 104 105 105 103 103 103 103 103 103 103 102 104 104 104 104 104 104
 103 102 101 102 103 103 104 104 104 105 105 105 105 105 105 105 105 105
 105 105 105 104 105 107 107 107 106 105 105 104 105 105 105 104 106 106
 106 107 107 108 107 105 105 106 107 108 109 108 108 108 107 106 106 106
 106 106 106 105 107 106 106 106 107 106 104 103 104 102 109 106 106 109
 104  26]","[ 30  29  32  28  26  27  25  26  21  19  17  16  17  17  16  15  17  17
  16  15  16  19  55  95  89  90  90  90  91  91  91  91  91  92  94  95
  95  95  95  95  95  96  96  96  96  96  96  95  96  97  97  97  97  96
  96  97  98  97  97  98  98  97  97  98  96  97  98  98  96  96  93  87
  74  71  68  66  67  68  68  69  72  74  75  75  74  74  76  78  82  82
  82  83  84  86  85  85  88  90  96 103 109 111 110 108 105 102 101 101
 103 104 104 103 103 103 103 103 103 103 103 102 103 104 104 104 104 104
 104 103 102 102 103 104 104 104 104 105 104 104 104 104 104 105 105 105
 105 105 104 104 105 106 107 107 106 105 105 105 105 105 105 104 105 106
 106 106 107 107 106 104 104 105 106 107 108 107 107 107 106 106 105 105
 107 107 107 106 107 106 106 106 106 106 105 104 104 105 106 104 110 105
 105  34]","[ 31  28  26  20  17  17  16  17  19  18  17  16  16  16  15  15  14  15
  15  17  20  24  57  91  87  88  89  89  89  90  90  89  90  91  93  93
  94  95  95  95  95  96  97  96  96  97  96  96  96  97  97  97  97  96
  97  97  97  96  96  97  98  97  97  97  97  97  97  96  94  94  93  89
  75  72  68  66  64  64  66  67  71  72  73  74  74  74  77  79  81  81
  82  83  85  86  87  87  86  87  92 101 110 112 110 107 109 106 103 102
 102 102 101 101 103 102 102 103 103 103 102 102 102 103 104 104 104 105
 105 104 103 104 105 105 105 105 105 106 104 104 104 104 105 105 105 105
 105 105 105 105 105 107 107 106 106 106 105 105 105 105 105 105 104 105
 105 106 107 107 106 105 106 105 106 107 107 106 106 106 107 106 106 107
 108 108 108 108 109 108 107 106 106 106 106 105 106 106 105 108 106 101
 108  25]","[ 30  28  26  19  16  17  15  16  16  15  15  15  15  15  14  14  15  17
  17  14  14  23  58  89  89  90  91  91  91  92  91  91  91  92  93  93
  94  94  95  95  96  97  97  97  97  97  97  96  96  97  97  97  97  97
  97  97  97  96  96  97  98  97  97  97  98  97  97  95  93  93  93  90
  77  75  72  69  68  67  68  69  71  72  73  74  74  75  78  79  81  81
  81  83  84  85  86  87  87  87  91  98 105 108 108 107 107 105 104 103
 102 101 101 101 103 102 102 102 103 103 103 102 103 104 104 103 104 105
 105 104 104 105 105 105 105 105 105 105 104 104 104 104 105 105 105 105
 105 105 105 105 105 106 106 105 105 105 105 105 105 105 105 105 104 105
 105 104 105 106 106 105 106 106 106 107 106 105 105 105 106 106 106 106
 106 107 107 107 108 107 106 106 105 105 105 104 103 107 106 106 102 108
 104  29]","[28 28 30 28 28 30 28 29 28 29 30 30 30 29 29 29 28 28 29 30 32 27 30 30
 28 29 29 29 29 29 29 28 28 29 29 29 28 29 29 29 28 29 29 29 29 29 29 28
 28 29 29 29 29 29 29 29 30 29 29 29 30 29 28 28 28 28 29 29 28 29 30 27
 29 28 29 29 29 29 28 29 29 29 29 28 27 28 29 30 29 29 29 29 28 29 29 29
 29 29 29 30 29 28 29 31 29 29 30 29 28 28 29 30 29 28 28 28 29 29 29 29
 29 30 30 28 28 29 29 29 29 29 30 29 29 29 29 29 29 29 29 29 29 29 29 29
 29 29 29 29 29 30 29 28 29 29 30 29 29 29 29 29 30 30 29 28 28 29 29 29
 29 29 29 30 29 29 28 29 30 30 29 29 29 29 29 29 29 29 29 29 29 29 29 29
 29 30 27 29 29 29 26 31]"
